"Locality","DailyAvgNewCasesPast7Days","TotalCases","State","Date","TotalCases7DaysAgo","NewCasesPast7Days","FIPS-Code","PercentIncreaseTotalCasesPast7Days"
"Baldwin","0","1","Alabama","3/15/20","0","1","01003","1"
"Elmore","0","1","Alabama","3/15/20","0","1","01051","1"
"Jefferson","1","5","Alabama","3/15/20","0","5","01073","1"
"Limestone","0","1","Alabama","3/15/20","0","1","01083","1"
"Montgomery","0","1","Alabama","3/15/20","0","1","01101","1"
"Tuscaloosa","0","2","Alabama","3/15/20","0","2","01125","1"
"Anchorage","0","1","Alaska","3/15/20","0","1","02020","1"
"Graham","0","1","Arizona","3/15/20","0","1","04009","1"
"Maricopa","0","4","Arizona","3/15/20","2","2","04013","100"
"Pima","0","2","Arizona","3/15/20","0","2","04019","1"
"Pinal","0","5","Arizona","3/15/20","2","3","04021","150"
"Jefferson","0","3","Arkansas","3/15/20","0","3","05069","1"
"Alameda","1","11","California","3/15/20","2","9","06001","450"
"Calaveras","0","2","California","3/15/20","0","2","06009","1"
"Contra Costa","3","29","California","3/15/20","9","20","06013","222.22"
"Fresno","0","1","California","3/15/20","1","0","06019","0"
"Humboldt","0","1","California","3/15/20","1","0","06023","0"
"Imperial","0","2","California","3/15/20","0","2","06025","1"
"Los Angeles","6","53","California","3/15/20","14","39","06037","278.57"
"Madera","0","1","California","3/15/20","1","0","06039","0"
"Marin","1","5","California","3/15/20","0","5","06041","1"
"Orange","2","14","California","3/15/20","3","11","06059","366.67"
"Placer","0","5","California","3/15/20","5","0","06061","0"
"Riverside","2","14","California","3/15/20","1","13","06065","1300"
"Sacramento","4","29","California","3/15/20","2","27","06067","1350"
"San Benito","0","3","California","3/15/20","2","1","06069","50"
"San Diego","2","16","California","3/15/20","3","13","06073","433.33"
"San Francisco","3","28","California","3/15/20","9","19","06075","211.11"
"San Joaquin","1","8","California","3/15/20","0","8","06077","1"
"San Luis Obispo","0","1","California","3/15/20","0","1","06079","1"
"San Mateo","4","32","California","3/15/20","2","30","06081","1500"
"Santa Clara","8","91","California","3/15/20","38","53","06085","139.47"
"Santa Cruz","1","7","California","3/15/20","0","7","06087","1"
"Shasta","0","1","California","3/15/20","0","1","06089","1"
"Solano","1","6","California","3/15/20","0","6","06095","1"
"Sonoma","0","2","California","3/15/20","1","1","06097","100"
"Stanislaus","0","2","California","3/15/20","0","2","06099","1"
"Tulare","0","2","California","3/15/20","0","2","06107","1"
"Ventura","1","5","California","3/15/20","0","5","06111","1"
"Yolo","0","2","California","3/15/20","1","1","06113","100"
"Adams","1","6","Colorado","3/15/20","0","6","08001","1"
"Arapahoe","2","15","Colorado","3/15/20","0","15","08005","1"
"Boulder","1","7","Colorado","3/15/20","0","7","08013","1"
"Clear Creek","0","1","Colorado","3/15/20","0","1","08019","1"
"Denver","4","28","Colorado","3/15/20","2","26","08031","1300"
"Douglas","1","8","Colorado","3/15/20","3","5","08035","166.67"
"Eagle","3","24","Colorado","3/15/20","1","23","08037","2300"
"El Paso","0","4","Colorado","3/15/20","1","3","08041","300"
"Garfield","0","1","Colorado","3/15/20","0","1","08045","1"
"Gunnison","1","9","Colorado","3/15/20","0","9","08051","1"
"Jefferson","2","12","Colorado","3/15/20","1","11","08059","1100"
"Larimer","0","1","Colorado","3/15/20","0","1","08069","1"
"Mesa","0","1","Colorado","3/15/20","0","1","08077","1"
"Pitkin","2","11","Colorado","3/15/20","0","11","08097","1"
"Pueblo","0","1","Colorado","3/15/20","0","1","08101","1"
"Routt","0","1","Colorado","3/15/20","0","1","08107","1"
"Summit","0","2","Colorado","3/15/20","0","2","08117","1"
"Weld","1","4","Colorado","3/15/20","0","4","08123","1"
"Fairfield","2","15","Connecticut","3/15/20","0","15","09001","1"
"Hartford","0","2","Connecticut","3/15/20","0","2","09003","1"
"Litchfield","0","3","Connecticut","3/15/20","0","3","09005","1"
"New Haven","1","4","Connecticut","3/15/20","0","4","09009","1"
"New Castle","1","6","Delaware","3/15/20","0","6","10003","1"
"Alachua","0","1","Florida","3/15/20","0","1","12001","1"
"Broward","5","36","Florida","3/15/20","2","34","12011","1700"
"Charlotte","0","1","Florida","3/15/20","0","1","12015","1"
"Citrus","0","1","Florida","3/15/20","0","1","12017","1"
"Clay","0","3","Florida","3/15/20","0","3","12019","1"
"Collier","1","5","Florida","3/15/20","0","5","12021","1"
"Duval","1","4","Florida","3/15/20","0","4","12031","1"
"Hillsborough","0","4","Florida","3/15/20","2","2","12057","100"
"Lee","0","5","Florida","3/15/20","2","3","12071","150"
"Manatee","0","4","Florida","3/15/20","1","3","12081","300"
"Miami-Dade","2","13","Florida","3/15/20","0","13","12086","1"
"Nassau","0","1","Florida","3/15/20","0","1","12089","1"
"Okaloosa","0","1","Florida","3/15/20","1","0","12091","0"
"Orange","0","2","Florida","3/15/20","0","2","12095","1"
"Osceola","0","1","Florida","3/15/20","0","1","12097","1"
"Palm Beach","1","5","Florida","3/15/20","0","5","12099","1"
"Pasco","0","2","Florida","3/15/20","0","2","12101","1"
"Pinellas","0","2","Florida","3/15/20","0","2","12103","1"
"Santa Rosa","0","1","Florida","3/15/20","1","0","12113","0"
"Sarasota","0","1","Florida","3/15/20","0","1","12115","1"
"Seminole","0","1","Florida","3/15/20","0","1","12117","1"
"St. Johns","0","1","Florida","3/15/20","0","1","12109","1"
"Volusia","1","5","Florida","3/15/20","1","4","12127","400"
"Bartow","1","9","Georgia","3/15/20","0","9","13015","1"
"Charlton","0","1","Georgia","3/15/20","0","1","13049","1"
"Cherokee","1","6","Georgia","3/15/20","0","6","13057","1"
"Clarke","0","2","Georgia","3/15/20","0","2","13059","1"
"Clayton","0","2","Georgia","3/15/20","0","2","13063","1"
"Cobb","3","19","Georgia","3/15/20","1","18","13067","1800"
"Coweta","0","2","Georgia","3/15/20","0","2","13077","1"
"DeKalb","1","10","Georgia","3/15/20","0","10","13089","1"
"Dougherty","1","6","Georgia","3/15/20","0","6","13095","1"
"Fayette","1","5","Georgia","3/15/20","0","5","13113","1"
"Floyd","0","3","Georgia","3/15/20","0","3","13115","1"
"Fulton","2","20","Georgia","3/15/20","3","17","13121","566.67"
"Gordon","0","2","Georgia","3/15/20","0","2","13129","1"
"Gwinnett","1","4","Georgia","3/15/20","0","4","13135","1"
"Henry","0","1","Georgia","3/15/20","0","1","13151","1"
"Lee","0","2","Georgia","3/15/20","0","2","13177","1"
"Lowndes","0","2","Georgia","3/15/20","0","2","13185","1"
"Newton","0","2","Georgia","3/15/20","0","2","13217","1"
"Polk","0","1","Georgia","3/15/20","1","0","13233","0"
"Honolulu","0","3","Hawaii","3/15/20","1","2","15003","200"
"Kauai","0","2","Hawaii","3/15/20","0","2","15007","1"
"Maui","0","1","Hawaii","3/15/20","0","1","15009","1"
"Ada","0","2","Idaho","3/15/20","0","2","16001","1"
"Blaine","0","1","Idaho","3/15/20","0","1","16013","1"
"Teton","0","1","Idaho","3/15/20","0","1","16081","1"
"Coles","0","1","Illinois","3/15/20","0","1","17029","1"
"Cook","6","50","Illinois","3/15/20","7","43","17031","614.29"
"Cumberland","0","1","Illinois","3/15/20","0","1","17035","1"
"DuPage","0","1","Illinois","3/15/20","0","1","17043","1"
"Kane","0","3","Illinois","3/15/20","0","3","17089","1"
"Lake","0","3","Illinois","3/15/20","0","3","17097","1"
"McHenry","0","2","Illinois","3/15/20","0","2","17111","1"
"Sangamon","0","2","Illinois","3/15/20","0","2","17167","1"
"St. Clair","0","2","Illinois","3/15/20","0","2","17163","1"
"Woodford","0","1","Illinois","3/15/20","0","1","17203","1"
"Adams","0","1","Indiana","3/15/20","0","1","18001","1"
"Boone","0","1","Indiana","3/15/20","0","1","18011","1"
"Hamilton","0","1","Indiana","3/15/20","0","1","18057","1"
"Hancock","0","1","Indiana","3/15/20","0","1","18059","1"
"Hendricks","0","2","Indiana","3/15/20","1","1","18063","100"
"Howard","0","1","Indiana","3/15/20","0","1","18067","1"
"Johnson","0","3","Indiana","3/15/20","0","3","18081","1"
"LaPorte","0","1","Indiana","3/15/20","0","1","18091","1"
"Marion","1","6","Indiana","3/15/20","1","5","18097","500"
"Noble","0","1","Indiana","3/15/20","0","1","18113","1"
"St. Joseph","0","1","Indiana","3/15/20","0","1","18141","1"
"Wells","0","1","Indiana","3/15/20","0","1","18179","1"
"Carroll","0","1","Iowa","3/15/20","0","1","19027","1"
"Dallas","0","1","Iowa","3/15/20","0","1","19049","1"
"Harrison","0","1","Iowa","3/15/20","0","1","19085","1"
"Johnson","2","14","Iowa","3/15/20","0","14","19103","1"
"Pottawattamie","0","1","Iowa","3/15/20","0","1","19155","1"
"Butler","0","1","Kansas","3/15/20","0","1","20015","1"
"Franklin","0","1","Kansas","3/15/20","0","1","20059","1"
"Johnson","1","5","Kansas","3/15/20","1","4","20091","400"
"Wyandotte","0","1","Kansas","3/15/20","0","1","20209","1"
"Fayette","1","5","Kentucky","3/15/20","1","4","21067","400"
"Harrison","1","6","Kentucky","3/15/20","0","6","21097","1"
"Jefferson","1","4","Kentucky","3/15/20","0","4","21111","1"
"Montgomery","0","2","Kentucky","3/15/20","0","2","21173","1"
"Nelson","0","1","Kentucky","3/15/20","0","1","21179","1"
"Bossier","0","1","Louisiana","3/15/20","0","1","22015","1"
"Caddo","0","1","Louisiana","3/15/20","0","1","22017","1"
"Jefferson","2","12","Louisiana","3/15/20","0","12","22051","1"
"Lafourche","0","1","Louisiana","3/15/20","0","1","22057","1"
"Orleans","9","66","Louisiana","3/15/20","0","66","22071","1"
"St. Charles","0","2","Louisiana","3/15/20","0","2","22089","1"
"St. John the Baptist","0","1","Louisiana","3/15/20","0","1","22095","1"
"St. Tammany","0","2","Louisiana","3/15/20","0","2","22103","1"
"Terrebonne","0","1","Louisiana","3/15/20","0","1","22109","1"
"Androscoggin","0","1","Maine","3/15/20","0","1","23001","1"
"Cumberland","0","1","Maine","3/15/20","0","1","23005","1"
"Anne Arundel","0","2","Maryland","3/15/20","0","2","24003","1"
"Baltimore","0","3","Maryland","3/15/20","0","3","24005","1"
"Baltimore City","0","1","Maryland","3/15/20","0","1","24510","1"
"Carroll","0","1","Maryland","3/15/20","0","1","24013","1"
"Charles","0","1","Maryland","3/15/20","0","1","24017","1"
"Harford","0","2","Maryland","3/15/20","1","1","24025","100"
"Montgomery","0","7","Maryland","3/15/20","4","3","24031","75"
"Prince George's","1","7","Maryland","3/15/20","0","7","24033","1"
"Barnstable","0","1","Massachusetts","3/15/20","0","1","25001","1"
"Berkshire","1","9","Massachusetts","3/15/20","1","8","25003","800"
"Bristol","0","1","Massachusetts","3/15/20","0","1","25005","1"
"Essex","1","5","Massachusetts","3/15/20","0","5","25009","1"
"Middlesex","8","65","Massachusetts","3/15/20","7","58","25017","828.57"
"Norfolk","3","28","Massachusetts","3/15/20","6","22","25021","366.67"
"Suffolk","3","27","Massachusetts","3/15/20","8","19","25025","237.5"
"Worcester","0","2","Massachusetts","3/15/20","0","2","25027","1"
"Bay","0","1","Michigan","3/15/20","0","1","26017","1"
"Berrien","0","2","Michigan","3/15/20","0","2","26021","1"
"Charlevoix","0","1","Michigan","3/15/20","0","1","26029","1"
"Ingham","0","2","Michigan","3/15/20","0","2","26065","1"
"Kent","0","3","Michigan","3/15/20","0","3","26081","1"
"Macomb","0","2","Michigan","3/15/20","0","2","26099","1"
"Midland","0","2","Michigan","3/15/20","0","2","26111","1"
"Monroe","0","1","Michigan","3/15/20","0","1","26115","1"
"Montcalm","0","1","Michigan","3/15/20","0","1","26117","1"
"Oakland","2","16","Michigan","3/15/20","0","16","26125","1"
"St. Clair","0","1","Michigan","3/15/20","0","1","26147","1"
"Washtenaw","1","5","Michigan","3/15/20","0","5","26161","1"
"Wayne","1","8","Michigan","3/15/20","0","8","26163","1"
"Anoka","0","1","Minnesota","3/15/20","0","1","27003","1"
"Carver","0","1","Minnesota","3/15/20","0","1","27019","1"
"Dakota","0","2","Minnesota","3/15/20","0","2","27037","1"
"Hennepin","1","6","Minnesota","3/15/20","0","6","27053","1"
"Olmsted","0","1","Minnesota","3/15/20","0","1","27109","1"
"Ramsey","1","5","Minnesota","3/15/20","1","4","27123","400"
"Renville","0","1","Minnesota","3/15/20","0","1","27129","1"
"Stearns","0","3","Minnesota","3/15/20","0","3","27145","1"
"Wright","0","1","Minnesota","3/15/20","0","1","27171","1"
"Copiah","0","1","Mississippi","3/15/20","0","1","28029","1"
"Forrest","0","3","Mississippi","3/15/20","0","3","28035","1"
"Leflore","0","1","Mississippi","3/15/20","0","1","28083","1"
"Pearl River","0","1","Mississippi","3/15/20","0","1","28109","1"
"Greene","0","2","Missouri","3/15/20","0","2","29077","1"
"Henry","0","1","Missouri","3/15/20","0","1","29083","1"
"St. Louis","0","2","Missouri","3/15/20","1","1","29189","100"
"Gallatin","0","1","Montana","3/15/20","0","1","30031","1"
"Lewis and Clark","0","1","Montana","3/15/20","0","1","30049","1"
"Missoula","0","2","Montana","3/15/20","0","2","30063","1"
"Silver Bow","0","1","Montana","3/15/20","0","1","30093","1"
"Yellowstone","0","1","Montana","3/15/20","0","1","30111","1"
"Cass","0","1","Nebraska","3/15/20","0","1","31025","1"
"Douglas","2","15","Nebraska","3/15/20","1","14","31055","1400"
"Knox","0","1","Nebraska","3/15/20","0","1","31107","1"
"Clark","2","16","Nevada","3/15/20","2","14","32003","700"
"Washoe","0","4","Nevada","3/15/20","2","2","32031","100"
"Grafton","0","3","New Hampshire","3/15/20","3","0","33009","0"
"Rockingham","0","4","New Hampshire","3/15/20","1","3","33015","300"
"Bergen","3","25","New Jersey","3/15/20","4","21","34003","525"
"Burlington","0","3","New Jersey","3/15/20","0","3","34005","1"
"Camden","0","2","New Jersey","3/15/20","0","2","34007","1"
"Essex","1","7","New Jersey","3/15/20","0","7","34013","1"
"Hudson","1","5","New Jersey","3/15/20","1","4","34017","400"
"Hunterdon","0","1","New Jersey","3/15/20","0","1","34019","1"
"Mercer","0","1","New Jersey","3/15/20","0","1","34021","1"
"Middlesex","1","10","New Jersey","3/15/20","0","10","34023","1"
"Monmouth","1","8","New Jersey","3/15/20","0","8","34025","1"
"Morris","0","3","New Jersey","3/15/20","0","3","34027","1"
"Ocean","0","1","New Jersey","3/15/20","0","1","34029","1"
"Passaic","0","2","New Jersey","3/15/20","0","2","34031","1"
"Somerset","0","1","New Jersey","3/15/20","0","1","34035","1"
"Union","0","3","New Jersey","3/15/20","0","3","34039","1"
"Bernalillo","1","6","New Mexico","3/15/20","0","6","35001","1"
"Sandoval","0","2","New Mexico","3/15/20","0","2","35043","1"
"Santa Fe","0","3","New Mexico","3/15/20","0","3","35049","1"
"Socorro","0","2","New Mexico","3/15/20","0","2","35053","1"
"Albany","1","7","New York","3/15/20","0","7","36001","1"
"Broome","0","1","New York","3/15/20","0","1","36007","1"
"Delaware","0","1","New York","3/15/20","0","1","36025","1"
"Dutchess","1","4","New York","3/15/20","0","4","36027","1"
"Erie","0","3","New York","3/15/20","0","3","36029","1"
"Herkimer","0","1","New York","3/15/20","0","1","36043","1"
"Monroe","0","2","New York","3/15/20","0","2","36055","1"
"Nassau","11","79","New York","3/15/20","5","74","36059","1480"
"New York","37","269","New York","3/15/20","12","257","36061","2141.67"
"Orange","1","6","New York","3/15/20","0","6","36071","1"
"Rockland","1","12","New York","3/15/20","2","10","36087","500"
"Saratoga","0","3","New York","3/15/20","2","1","36091","50"
"Schenectady","0","1","New York","3/15/20","0","1","36093","1"
"Suffolk","6","41","New York","3/15/20","1","40","36103","4000"
"Tioga","0","1","New York","3/15/20","0","1","36107","1"
"Tompkins","0","1","New York","3/15/20","0","1","36109","1"
"Ulster","1","5","New York","3/15/20","1","4","36111","400"
"Westchester","14","178","New York","3/15/20","83","95","36119","114.46"
"Brunswick","0","1","North Carolina","3/15/20","0","1","37019","1"
"Cabarrus","0","1","North Carolina","3/15/20","0","1","37025","1"
"Chatham","0","1","North Carolina","3/15/20","1","0","37037","0"
"Craven","0","1","North Carolina","3/15/20","0","1","37049","1"
"Durham","0","1","North Carolina","3/15/20","0","1","37063","1"
"Forsyth","0","2","North Carolina","3/15/20","0","2","37067","1"
"Harnett","0","2","North Carolina","3/15/20","0","2","37085","1"
"Johnston","0","2","North Carolina","3/15/20","0","2","37101","1"
"Mecklenburg","1","4","North Carolina","3/15/20","0","4","37119","1"
"Onslow","0","1","North Carolina","3/15/20","0","1","37133","1"
"Wake","2","14","North Carolina","3/15/20","1","13","37183","1300"
"Watauga","0","1","North Carolina","3/15/20","0","1","37189","1"
"Wayne","0","1","North Carolina","3/15/20","0","1","37191","1"
"Ward","0","1","North Dakota","3/15/20","0","1","38101","1"
"Belmont","0","2","Ohio","3/15/20","0","2","39013","1"
"Butler","1","4","Ohio","3/15/20","0","4","39017","1"
"Cuyahoga","2","11","Ohio","3/15/20","0","11","39035","1"
"Franklin","0","3","Ohio","3/15/20","0","3","39049","1"
"Lorain","0","1","Ohio","3/15/20","0","1","39093","1"
"Lucas","0","1","Ohio","3/15/20","0","1","39095","1"
"Stark","0","3","Ohio","3/15/20","0","3","39151","1"
"Summit","0","2","Ohio","3/15/20","0","2","39153","1"
"Trumbull","0","2","Ohio","3/15/20","0","2","39155","1"
"Tuscarawas","0","1","Ohio","3/15/20","0","1","39157","1"
"Jackson","0","1","Oklahoma","3/15/20","0","1","40065","1"
"Oklahoma","0","1","Oklahoma","3/15/20","0","1","40109","1"
"Tulsa","0","2","Oklahoma","3/15/20","1","1","40143","100"
"Clackamas","0","1","Oregon","3/15/20","0","1","41005","1"
"Deschutes","0","3","Oregon","3/15/20","0","3","41017","1"
"Douglas","0","1","Oregon","3/15/20","1","0","41019","0"
"Jackson","0","2","Oregon","3/15/20","2","0","41029","0"
"Klamath","0","1","Oregon","3/15/20","1","0","41035","0"
"Linn","1","9","Oregon","3/15/20","0","9","41043","1"
"Marion","0","2","Oregon","3/15/20","1","1","41047","100"
"Multnomah","0","1","Oregon","3/15/20","0","1","41051","1"
"Polk","0","1","Oregon","3/15/20","0","1","41053","1"
"Umatilla","0","2","Oregon","3/15/20","1","1","41059","100"
"Washington","1","13","Oregon","3/15/20","8","5","41067","62.5"
"Allegheny","0","2","Pennsylvania","3/15/20","0","2","42003","1"
"Bucks","0","3","Pennsylvania","3/15/20","0","3","42017","1"
"Chester","0","2","Pennsylvania","3/15/20","0","2","42029","1"
"Cumberland","0","3","Pennsylvania","3/15/20","0","3","42041","1"
"Delaware","1","6","Pennsylvania","3/15/20","1","5","42045","500"
"Monroe","0","3","Pennsylvania","3/15/20","0","3","42089","1"
"Montgomery","2","20","Pennsylvania","3/15/20","4","16","42091","400"
"Northampton","0","1","Pennsylvania","3/15/20","0","1","42095","1"
"Philadelphia","1","4","Pennsylvania","3/15/20","0","4","42101","1"
"Pike","0","1","Pennsylvania","3/15/20","0","1","42103","1"
"Washington","0","1","Pennsylvania","3/15/20","0","1","42125","1"
"Wayne","0","1","Pennsylvania","3/15/20","1","0","42127","0"
"Providence","2","20","Rhode Island","3/15/20","3","17","44007","566.67"
"Beaufort","0","3","South Carolina","3/15/20","0","3","45013","1"
"Charleston","0","1","South Carolina","3/15/20","1","0","45019","0"
"Kershaw","1","11","South Carolina","3/15/20","1","10","45055","1000"
"Lancaster","0","2","South Carolina","3/15/20","0","2","45057","1"
"Lexington","0","1","South Carolina","3/15/20","0","1","45063","1"
"Spartanburg","0","1","South Carolina","3/15/20","0","1","45083","1"
"Beadle","0","1","South Dakota","3/15/20","0","1","46005","1"
"Bon Homme","0","1","South Dakota","3/15/20","0","1","46009","1"
"Charles Mix","0","1","South Dakota","3/15/20","0","1","46023","1"
"McCook","0","1","South Dakota","3/15/20","0","1","46087","1"
"Minnehaha","0","3","South Dakota","3/15/20","0","3","46099","1"
"Pennington","0","1","South Dakota","3/15/20","0","1","46103","1"
"Campbell","0","1","Tennessee","3/15/20","0","1","47013","1"
"Davidson","2","14","Tennessee","3/15/20","1","13","47037","1300"
"Hamilton","0","1","Tennessee","3/15/20","0","1","47065","1"
"Jefferson","0","1","Tennessee","3/15/20","0","1","47089","1"
"Knox","0","1","Tennessee","3/15/20","0","1","47093","1"
"Rutherford","0","1","Tennessee","3/15/20","0","1","47149","1"
"Shelby","0","2","Tennessee","3/15/20","1","1","47157","100"
"Sullivan","0","1","Tennessee","3/15/20","0","1","47163","1"
"Williamson","1","10","Tennessee","3/15/20","1","9","47187","900"
"Bell","0","1","Texas","3/15/20","0","1","48027","1"
"Bexar","0","2","Texas","3/15/20","0","2","48029","1"
"Brazoria","0","2","Texas","3/15/20","0","2","48039","1"
"Collin","1","7","Texas","3/15/20","0","7","48085","1"
"Dallas","2","11","Texas","3/15/20","0","11","48113","1"
"El Paso","0","1","Texas","3/15/20","0","1","48141","1"
"Fort Bend","0","9","Texas","3/15/20","6","3","48157","50"
"Galveston","0","1","Texas","3/15/20","0","1","48167","1"
"Gregg","0","1","Texas","3/15/20","0","1","48183","1"
"Harris","1","11","Texas","3/15/20","5","6","48201","120"
"Hays","0","1","Texas","3/15/20","0","1","48209","1"
"Lavaca","0","1","Texas","3/15/20","0","1","48285","1"
"Montgomery","1","4","Texas","3/15/20","0","4","48339","1"
"Smith","1","4","Texas","3/15/20","0","4","48423","1"
"Tarrant","1","4","Texas","3/15/20","0","4","48439","1"
"Travis","0","3","Texas","3/15/20","0","3","48453","1"
"Davis","0","2","Utah","3/15/20","1","1","49011","100"
"Salt Lake","2","14","Utah","3/15/20","0","14","49035","1"
"Summit","0","2","Utah","3/15/20","0","2","49043","1"
"Bennington","0","1","Vermont","3/15/20","1","0","50003","0"
"Chittenden","0","1","Vermont","3/15/20","0","1","50007","1"
"Washington","0","1","Vermont","3/15/20","0","1","50023","1"
"Windsor","0","2","Vermont","3/15/20","0","2","50027","1"
"Arlington","1","7","Virginia","3/15/20","0","7","51013","1"
"Chesterfield","0","1","Virginia","3/15/20","0","1","51041","1"
"Fairfax","1","10","Virginia","3/15/20","2","8","51059","400"
"Hanover","0","1","Virginia","3/15/20","0","1","51085","1"
"Harrisonburg","0","1","Virginia","3/15/20","0","1","51660","1"
"James City","1","8","Virginia","3/15/20","0","8","51095","1"
"Loudoun","1","5","Virginia","3/15/20","0","5","51107","1"
"Prince Edward","0","1","Virginia","3/15/20","0","1","51147","1"
"Prince William","0","2","Virginia","3/15/20","0","2","51153","1"
"Spotsylvania","0","1","Virginia","3/15/20","0","1","51177","1"
"Clark","0","3","Washington","3/15/20","1","2","53011","200"
"Columbia","0","1","Washington","3/15/20","0","1","53013","1"
"Grant","0","2","Washington","3/15/20","1","1","53025","100"
"Grays Harbor","0","1","Washington","3/15/20","0","1","53027","1"
"Island","1","6","Washington","3/15/20","0","6","53029","1"
"Jefferson","0","1","Washington","3/15/20","1","0","53031","0"
"King","43","387","Washington","3/15/20","83","304","53033","366.27"
"Kitsap","0","3","Washington","3/15/20","0","3","53035","1"
"Kittitas","0","3","Washington","3/15/20","1","2","53037","200"
"Pierce","3","26","Washington","3/15/20","4","22","53053","550"
"Skagit","1","4","Washington","3/15/20","0","4","53057","1"
"Snohomish","18","154","Washington","3/15/20","31","123","53061","396.77"
"Spokane","0","3","Washington","3/15/20","0","3","53063","1"
"Thurston","0","3","Washington","3/15/20","0","3","53067","1"
"Whatcom","0","2","Washington","3/15/20","0","2","53073","1"
"Yakima","1","4","Washington","3/15/20","0","4","53077","1"
"Dane","1","6","Wisconsin","3/15/20","0","6","55025","1"
"Fond du Lac","1","7","Wisconsin","3/15/20","0","7","55039","1"
"Milwaukee","1","6","Wisconsin","3/15/20","0","6","55079","1"
"Pierce","0","1","Wisconsin","3/15/20","0","1","55093","1"
"Racine","0","1","Wisconsin","3/15/20","0","1","55101","1"
"Sheboygan","0","3","Wisconsin","3/15/20","0","3","55117","1"
"Waukesha","0","3","Wisconsin","3/15/20","0","3","55133","1"
"Winnebago","0","1","Wisconsin","3/15/20","0","1","55139","1"
"Fremont","0","1","Wyoming","3/15/20","0","1","56013","1"
"Sheridan","0","1","Wyoming","3/15/20","0","1","56033","1"
