"Locality","DailyAvgNewCasesPast7Days","TotalCases","State","Date","TotalCases7DaysAgo","NewCasesPast7Days","FIPS-Code","PercentIncreaseTotalCasesPast7Days"
"Baldwin","0","1","Alabama","3/17/20","0","1","01003","1"
"Elmore","0","2","Alabama","3/17/20","0","2","01051","1"
"Jefferson","3","21","Alabama","3/17/20","0","21","01073","1"
"Lee","0","3","Alabama","3/17/20","0","3","01081","1"
"Limestone","0","1","Alabama","3/17/20","0","1","01083","1"
"Madison","0","1","Alabama","3/17/20","0","1","01089","1"
"Montgomery","0","2","Alabama","3/17/20","0","2","01101","1"
"Shelby","1","4","Alabama","3/17/20","0","4","01117","1"
"St. Clair","0","1","Alabama","3/17/20","0","1","01115","1"
"Tuscaloosa","0","3","Alabama","3/17/20","0","3","01125","1"
"Anchorage","0","1","Alaska","3/17/20","0","1","02020","1"
"Fairbanks North Star","0","2","Alaska","3/17/20","0","2","02090","1"
"Graham","0","1","Arizona","3/17/20","0","1","04009","1"
"Maricopa","1","9","Arizona","3/17/20","2","7","04013","350"
"Navajo","0","1","Arizona","3/17/20","0","1","04017","1"
"Pima","0","4","Arizona","3/17/20","1","3","04019","300"
"Pinal","0","5","Arizona","3/17/20","3","2","04021","66.67"
"Jefferson","0","3","Arkansas","3/17/20","0","3","05069","1"
"Alameda","3","27","California","3/17/20","3","24","06001","800"
"Calaveras","0","2","California","3/17/20","0","2","06009","1"
"Contra Costa","4","39","California","3/17/20","9","30","06013","333.33"
"Fresno","0","2","California","3/17/20","1","1","06019","100"
"Humboldt","0","1","California","3/17/20","1","0","06023","0"
"Imperial","0","2","California","3/17/20","0","2","06025","1"
"Kern","0","1","California","3/17/20","0","1","06029","1"
"Los Angeles","18","144","California","3/17/20","20","124","06037","620"
"Madera","0","1","California","3/17/20","1","0","06039","0"
"Marin","1","11","California","3/17/20","1","10","06041","1000"
"Monterey","0","2","California","3/17/20","0","2","06053","1"
"Napa","0","0","California","3/17/20","1","-1","06055","-100"
"Nevada","0","1","California","3/17/20","0","1","06057","1"
"Orange","2","22","California","3/17/20","5","17","06059","340"
"Placer","0","5","California","3/17/20","7","-2","06061","-28.57"
"Riverside","2","15","California","3/17/20","4","11","06065","275"
"Sacramento","4","40","California","3/17/20","10","30","06067","300"
"San Benito","0","3","California","3/17/20","2","1","06069","50"
"San Bernardino","0","2","California","3/17/20","0","2","06071","1"
"San Diego","7","55","California","3/17/20","3","52","06073","1733.33"
"San Francisco","4","43","California","3/17/20","14","29","06075","207.14"
"San Joaquin","2","13","California","3/17/20","0","13","06077","1"
"San Luis Obispo","0","3","California","3/17/20","0","3","06079","1"
"San Mateo","8","64","California","3/17/20","8","56","06081","700"
"Santa Barbara","0","2","California","3/17/20","0","2","06083","1"
"Santa Clara","16","155","California","3/17/20","43","112","06085","260.47"
"Santa Cruz","2","13","California","3/17/20","2","11","06087","550"
"Shasta","0","1","California","3/17/20","1","0","06089","0"
"Solano","1","7","California","3/17/20","3","4","06095","133.33"
"Sonoma","0","4","California","3/17/20","3","1","06097","33.33"
"Stanislaus","0","3","California","3/17/20","0","3","06099","1"
"Tulare","0","3","California","3/17/20","0","3","06107","1"
"Ventura","1","10","California","3/17/20","1","9","06111","900"
"Yolo","0","4","California","3/17/20","1","3","06113","300"
"Adams","1","10","Colorado","3/17/20","0","10","08001","1"
"Arapahoe","2","18","Colorado","3/17/20","2","16","08005","800"
"Boulder","1","8","Colorado","3/17/20","0","8","08013","1"
"Clear Creek","0","2","Colorado","3/17/20","0","2","08019","1"
"Denver","5","41","Colorado","3/17/20","4","37","08031","925"
"Douglas","1","9","Colorado","3/17/20","3","6","08035","200"
"Eagle","4","34","Colorado","3/17/20","3","31","08037","1033.33"
"El Paso","1","6","Colorado","3/17/20","1","5","08041","500"
"Garfield","0","2","Colorado","3/17/20","0","2","08045","1"
"Gunnison","1","11","Colorado","3/17/20","1","10","08051","1000"
"Jefferson","2","17","Colorado","3/17/20","2","15","08059","750"
"Larimer","0","2","Colorado","3/17/20","1","1","08069","100"
"Mesa","0","1","Colorado","3/17/20","0","1","08077","1"
"Pitkin","2","11","Colorado","3/17/20","0","11","08097","1"
"Pueblo","0","1","Colorado","3/17/20","0","1","08101","1"
"Routt","0","2","Colorado","3/17/20","0","2","08107","1"
"Summit","0","3","Colorado","3/17/20","0","3","08117","1"
"Weld","1","5","Colorado","3/17/20","0","5","08123","1"
"Fairfield","7","48","Connecticut","3/17/20","1","47","09001","4700"
"Hartford","1","7","Connecticut","3/17/20","0","7","09003","1"
"Litchfield","1","5","Connecticut","3/17/20","0","5","09005","1"
"New Haven","1","8","Connecticut","3/17/20","0","8","09009","1"
"New Castle","2","15","Delaware","3/17/20","0","15","10003","1"
"Sussex","0","1","Delaware","3/17/20","0","1","10005","1"
"","7","47","Diamond Princess","3/17/20","0","47",,"1"
"District of Columbia","3","22","District of Columbia","3/17/20","0","22","11001","1"
"Alachua","1","4","Florida","3/17/20","0","4","12001","1"
"Brevard","0","1","Florida","3/17/20","0","1","12009","1"
"Broward","6","48","Florida","3/17/20","4","44","12011","1100"
"Charlotte","0","1","Florida","3/17/20","1","0","12015","0"
"Citrus","0","2","Florida","3/17/20","0","2","12017","1"
"Clay","1","4","Florida","3/17/20","0","4","12019","1"
"Collier","1","6","Florida","3/17/20","0","6","12021","1"
"Duval","1","10","Florida","3/17/20","0","10","12031","1"
"Escambia","0","1","Florida","3/17/20","0","1","12033","1"
"Hillsborough","1","7","Florida","3/17/20","2","5","12057","250"
"Lake","0","1","Florida","3/17/20","0","1","12069","1"
"Lee","0","5","Florida","3/17/20","2","3","12071","150"
"Manatee","1","7","Florida","3/17/20","2","5","12081","250"
"Miami-Dade","6","40","Florida","3/17/20","0","40","12086","1"
"Nassau","0","1","Florida","3/17/20","0","1","12089","1"
"Okaloosa","0","2","Florida","3/17/20","1","1","12091","100"
"Orange","1","6","Florida","3/17/20","0","6","12095","1"
"Osceola","1","6","Florida","3/17/20","0","6","12097","1"
"Palm Beach","2","13","Florida","3/17/20","0","13","12099","1"
"Pasco","0","2","Florida","3/17/20","0","2","12101","1"
"Pinellas","1","4","Florida","3/17/20","0","4","12103","1"
"Polk","0","1","Florida","3/17/20","0","1","12105","1"
"Santa Rosa","0","1","Florida","3/17/20","1","0","12113","0"
"Sarasota","0","2","Florida","3/17/20","0","2","12115","1"
"Seminole","1","4","Florida","3/17/20","0","4","12117","1"
"St. Johns","0","2","Florida","3/17/20","0","2","12109","1"
"Volusia","1","9","Florida","3/17/20","2","7","12127","350"
"Bartow","1","10","Georgia","3/17/20","0","10","13015","1"
"Charlton","0","1","Georgia","3/17/20","0","1","13049","1"
"Cherokee","1","7","Georgia","3/17/20","1","6","13057","600"
"Clarke","0","3","Georgia","3/17/20","0","3","13059","1"
"Clayton","1","5","Georgia","3/17/20","0","5","13063","1"
"Cobb","3","25","Georgia","3/17/20","4","21","13067","525"
"Coweta","0","3","Georgia","3/17/20","0","3","13077","1"
"DeKalb","2","15","Georgia","3/17/20","2","13","13089","650"
"Dougherty","1","6","Georgia","3/17/20","0","6","13095","1"
"Fayette","1","5","Georgia","3/17/20","1","4","13113","400"
"Floyd","1","6","Georgia","3/17/20","1","5","13115","500"
"Forsyth","0","1","Georgia","3/17/20","0","1","13117","1"
"Fulton","4","33","Georgia","3/17/20","5","28","13121","560"
"Gordon","0","2","Georgia","3/17/20","0","2","13129","1"
"Gwinnett","1","7","Georgia","3/17/20","2","5","13135","250"
"Hall","0","1","Georgia","3/17/20","0","1","13139","1"
"Henry","0","2","Georgia","3/17/20","0","2","13151","1"
"Lee","0","2","Georgia","3/17/20","0","2","13177","1"
"Lowndes","1","4","Georgia","3/17/20","0","4","13185","1"
"Newton","0","1","Georgia","3/17/20","0","1","13217","1"
"Paulding","0","1","Georgia","3/17/20","0","1","13223","1"
"Polk","0","1","Georgia","3/17/20","1","0","13233","0"
"Richmond","0","3","Georgia","3/17/20","0","3","13245","1"
"Spalding","0","1","Georgia","3/17/20","0","1","13255","1"
"Troup","0","1","Georgia","3/17/20","0","1","13285","1"
"","3","21","Grand Princess","3/17/20","0","21",,"1"
"","0","3","Guam","3/17/20","0","3",,"1"
"Hawaii","0","0","Hawaii","3/17/20","1","-1","15001","-100"
"Honolulu","1","6","Hawaii","3/17/20","2","4","15003","200"
"Kauai","0","2","Hawaii","3/17/20","0","2","15007","1"
"Maui","0","2","Hawaii","3/17/20","0","2","15009","1"
"Ada","0","3","Idaho","3/17/20","0","3","16001","1"
"Blaine","0","3","Idaho","3/17/20","0","3","16013","1"
"Madison","0","1","Idaho","3/17/20","0","1","16065","1"
"Teton","0","1","Idaho","3/17/20","0","1","16081","1"
"Champaign","0","1","Illinois","3/17/20","0","1","17019","1"
"Clinton","0","2","Illinois","3/17/20","0","2","17027","1"
"Cook","14","107","Illinois","3/17/20","11","96","17031","872.73"
"Cumberland","0","1","Illinois","3/17/20","0","1","17035","1"
"DuPage","4","26","Illinois","3/17/20","0","26","17043","1"
"Kane","0","3","Illinois","3/17/20","1","2","17089","200"
"Lake","1","7","Illinois","3/17/20","0","7","17097","1"
"McHenry","0","2","Illinois","3/17/20","0","2","17111","1"
"Peoria","0","1","Illinois","3/17/20","0","1","17143","1"
"Sangamon","1","4","Illinois","3/17/20","0","4","17167","1"
"St. Clair","0","2","Illinois","3/17/20","0","2","17163","1"
"Whiteside","0","1","Illinois","3/17/20","0","1","17195","1"
"Will","0","2","Illinois","3/17/20","0","2","17197","1"
"Winnebago","0","1","Illinois","3/17/20","0","1","17201","1"
"Woodford","0","1","Illinois","3/17/20","0","1","17203","1"
"Adams","0","1","Indiana","3/17/20","1","0","18001","0"
"Bartholomew","0","1","Indiana","3/17/20","0","1","18005","1"
"Boone","0","1","Indiana","3/17/20","1","0","18011","0"
"Floyd","0","1","Indiana","3/17/20","0","1","18043","1"
"Franklin","0","2","Indiana","3/17/20","0","2","18047","1"
"Hamilton","0","1","Indiana","3/17/20","0","1","18057","1"
"Hendricks","0","3","Indiana","3/17/20","2","1","18063","50"
"Howard","0","2","Indiana","3/17/20","0","2","18067","1"
"Johnson","0","3","Indiana","3/17/20","0","3","18081","1"
"Lake","0","2","Indiana","3/17/20","0","2","18089","1"
"LaPorte","0","1","Indiana","3/17/20","0","1","18091","1"
"Marion","1","9","Indiana","3/17/20","1","8","18097","800"
"Noble","0","1","Indiana","3/17/20","1","0","18113","0"
"St. Joseph","0","1","Indiana","3/17/20","0","1","18141","1"
"Wells","0","1","Indiana","3/17/20","0","1","18179","1"
"Allamakee","0","2","Iowa","3/17/20","0","2","19005","1"
"Carroll","0","1","Iowa","3/17/20","0","1","19027","1"
"Dallas","0","2","Iowa","3/17/20","0","2","19049","1"
"Harrison","0","1","Iowa","3/17/20","0","1","19085","1"
"Johnson","1","15","Iowa","3/17/20","7","8","19103","114.29"
"Polk","0","1","Iowa","3/17/20","0","1","19153","1"
"Pottawattamie","0","1","Iowa","3/17/20","1","0","19155","0"
"Butler","0","1","Kansas","3/17/20","0","1","20015","1"
"Douglas","0","1","Kansas","3/17/20","0","1","20045","1"
"Ford","0","1","Kansas","3/17/20","0","1","20057","1"
"Franklin","0","1","Kansas","3/17/20","0","1","20059","1"
"Johnson","1","10","Kansas","3/17/20","1","9","20091","900"
"Wyandotte","1","4","Kansas","3/17/20","0","4","20209","1"
"Bourbon","0","1","Kentucky","3/17/20","0","1","21017","1"
"Clark","0","1","Kentucky","3/17/20","0","1","21049","1"
"Fayette","1","7","Kentucky","3/17/20","2","5","21067","250"
"Harrison","1","6","Kentucky","3/17/20","2","4","21097","200"
"Jefferson","1","7","Kentucky","3/17/20","1","6","21111","600"
"Lyon","0","1","Kentucky","3/17/20","0","1","21143","1"
"Montgomery","0","2","Kentucky","3/17/20","0","2","21173","1"
"Nelson","0","1","Kentucky","3/17/20","0","1","21179","1"
"Ascension","0","1","Louisiana","3/17/20","0","1","22005","1"
"Bossier","0","1","Louisiana","3/17/20","0","1","22015","1"
"Caddo","1","4","Louisiana","3/17/20","0","4","22017","1"
"East Baton Rouge","0","1","Louisiana","3/17/20","0","1","22033","1"
"Jefferson","5","35","Louisiana","3/17/20","0","35","22051","1"
"Lafourche","0","2","Louisiana","3/17/20","0","2","22057","1"
"Orleans","19","136","Louisiana","3/17/20","0","136","22071","1"
"St. Bernard","0","2","Louisiana","3/17/20","0","2","22087","1"
"St. Charles","0","3","Louisiana","3/17/20","0","3","22089","1"
"St. John the Baptist","0","1","Louisiana","3/17/20","0","1","22095","1"
"St. Tammany","1","6","Louisiana","3/17/20","0","6","22103","1"
"Terrebonne","0","3","Louisiana","3/17/20","0","3","22109","1"
"Washington","0","1","Louisiana","3/17/20","0","1","22117","1"
"Androscoggin","0","2","Maine","3/17/20","0","2","23001","1"
"Cumberland","3","18","Maine","3/17/20","0","18","23005","1"
"Kennebec","0","1","Maine","3/17/20","0","1","23011","1"
"Knox","0","1","Maine","3/17/20","0","1","23013","1"
"Lincoln","0","2","Maine","3/17/20","0","2","23015","1"
"Oxford","0","1","Maine","3/17/20","0","1","23017","1"
"York","0","1","Maine","3/17/20","0","1","23031","1"
"Anne Arundel","0","3","Maryland","3/17/20","0","3","24003","1"
"Baltimore","1","6","Maryland","3/17/20","0","6","24005","1"
"Baltimore City","0","2","Maryland","3/17/20","0","2","24510","1"
"Carroll","0","2","Maryland","3/17/20","0","2","24013","1"
"Charles","0","1","Maryland","3/17/20","0","1","24017","1"
"Frederick","0","1","Maryland","3/17/20","0","1","24021","1"
"Harford","0","2","Maryland","3/17/20","1","1","24025","100"
"Howard","1","4","Maryland","3/17/20","0","4","24027","1"
"Montgomery","3","24","Maryland","3/17/20","4","20","24031","500"
"Prince George's","2","14","Maryland","3/17/20","3","11","24033","366.67"
"Talbot","0","1","Maryland","3/17/20","0","1","24041","1"
"Barnstable","0","2","Massachusetts","3/17/20","0","2","25001","1"
"Berkshire","1","14","Massachusetts","3/17/20","5","9","25003","180"
"Bristol","1","5","Massachusetts","3/17/20","0","5","25005","1"
"Essex","1","8","Massachusetts","3/17/20","0","8","25009","1"
"Hampden","0","1","Massachusetts","3/17/20","0","1","25013","1"
"Middlesex","11","89","Massachusetts","3/17/20","15","74","25017","493.33"
"Norfolk","5","43","Massachusetts","3/17/20","10","33","25021","330"
"Plymouth","1","5","Massachusetts","3/17/20","0","5","25023","1"
"Suffolk","5","42","Massachusetts","3/17/20","10","32","25025","320"
"Worcester","1","8","Massachusetts","3/17/20","1","7","25027","700"
"Bay","0","1","Michigan","3/17/20","0","1","26017","1"
"Berrien","0","3","Michigan","3/17/20","0","3","26021","1"
"Charlevoix","0","1","Michigan","3/17/20","0","1","26029","1"
"Ingham","1","6","Michigan","3/17/20","0","6","26065","1"
"Jackson","0","2","Michigan","3/17/20","0","2","26075","1"
"Kent","1","5","Michigan","3/17/20","0","5","26081","1"
"Leelanau","0","1","Michigan","3/17/20","0","1","26089","1"
"Macomb","1","8","Michigan","3/17/20","0","8","26099","1"
"Midland","0","2","Michigan","3/17/20","0","2","26111","1"
"Monroe","0","1","Michigan","3/17/20","0","1","26115","1"
"Montcalm","0","1","Michigan","3/17/20","0","1","26117","1"
"Oakland","4","31","Michigan","3/17/20","0","31","26125","1"
"Otsego","0","1","Michigan","3/17/20","0","1","26137","1"
"Ottawa","0","2","Michigan","3/17/20","0","2","26139","1"
"St. Clair","0","2","Michigan","3/17/20","0","2","26147","1"
"Washtenaw","1","9","Michigan","3/17/20","0","9","26161","1"
"Wayne","2","14","Michigan","3/17/20","0","14","26163","1"
"Anoka","0","3","Minnesota","3/17/20","0","3","27003","1"
"Benton","0","1","Minnesota","3/17/20","0","1","27009","1"
"Carver","0","1","Minnesota","3/17/20","1","0","27019","0"
"Dakota","1","6","Minnesota","3/17/20","0","6","27037","1"
"Hennepin","3","24","Minnesota","3/17/20","0","24","27053","1"
"Olmsted","1","5","Minnesota","3/17/20","0","5","27109","1"
"Ramsey","1","11","Minnesota","3/17/20","1","10","27123","1000"
"Renville","0","1","Minnesota","3/17/20","0","1","27129","1"
"Stearns","0","3","Minnesota","3/17/20","0","3","27145","1"
"Waseca","0","1","Minnesota","3/17/20","0","1","27161","1"
"Washington","0","2","Minnesota","3/17/20","0","2","27163","1"
"Wright","0","1","Minnesota","3/17/20","0","1","27171","1"
"Copiah","0","2","Mississippi","3/17/20","0","2","28029","1"
"Forrest","0","3","Mississippi","3/17/20","0","3","28035","1"
"Hancock","0","1","Mississippi","3/17/20","0","1","28045","1"
"Harrison","0","1","Mississippi","3/17/20","0","1","28047","1"
"Hinds","1","6","Mississippi","3/17/20","0","6","28049","1"
"Jackson","0","1","Mississippi","3/17/20","0","1","28059","1"
"Leflore","1","4","Mississippi","3/17/20","0","4","28083","1"
"Monroe","0","1","Mississippi","3/17/20","0","1","28095","1"
"Pearl River","0","2","Mississippi","3/17/20","0","2","28109","1"
"Boone","0","1","Missouri","3/17/20","0","1","29019","1"
"Cass","0","1","Missouri","3/17/20","0","1","29037","1"
"Cole","0","1","Missouri","3/17/20","0","1","29051","1"
"Greene","0","3","Missouri","3/17/20","0","3","29077","1"
"Henry","0","1","Missouri","3/17/20","0","1","29083","1"
"Jackson","0","1","Missouri","3/17/20","0","1","29095","1"
"St. Louis","1","5","Missouri","3/17/20","1","4","29189","400"
"St. Louis City","0","1","Missouri","3/17/20","0","1","29510","1"
"Broadwater","0","1","Montana","3/17/20","0","1","30007","1"
"Gallatin","0","1","Montana","3/17/20","0","1","30031","1"
"Missoula","0","3","Montana","3/17/20","0","3","30063","1"
"Silver Bow","0","1","Montana","3/17/20","0","1","30093","1"
"Yellowstone","0","2","Montana","3/17/20","0","2","30111","1"
"Cass","0","1","Nebraska","3/17/20","0","1","31025","1"
"Douglas","2","19","Nebraska","3/17/20","3","16","31055","533.33"
"Knox","0","2","Nebraska","3/17/20","0","2","31107","1"
"Sarpy","0","1","Nebraska","3/17/20","0","1","31153","1"
"Carson City","0","1","Nevada","3/17/20","0","1","32510","1"
"Clark","6","42","Nevada","3/17/20","2","40","32003","2000"
"Washoe","1","12","Nevada","3/17/20","2","10","32031","500"
"Carroll","0","1","New Hampshire","3/17/20","0","1","33003","1"
"Grafton","1","7","New Hampshire","3/17/20","3","4","33009","133.33"
"Hillsborough","1","4","New Hampshire","3/17/20","0","4","33011","1"
"Rockingham","2","14","New Hampshire","3/17/20","1","13","33015","1300"
"Bergen","11","84","New Jersey","3/17/20","7","77","34003","1100"
"Burlington","0","5","New Jersey","3/17/20","2","3","34005","150"
"Camden","0","3","New Jersey","3/17/20","1","2","34007","200"
"Essex","5","32","New Jersey","3/17/20","0","32","34013","1"
"Gloucester","0","2","New Jersey","3/17/20","0","2","34015","1"
"Hudson","3","24","New Jersey","3/17/20","1","23","34017","2300"
"Hunterdon","1","4","New Jersey","3/17/20","0","4","34019","1"
"Mercer","1","9","New Jersey","3/17/20","0","9","34021","1"
"Middlesex","3","22","New Jersey","3/17/20","0","22","34023","1"
"Monmouth","3","22","New Jersey","3/17/20","2","20","34025","1000"
"Morris","1","7","New Jersey","3/17/20","0","7","34027","1"
"Ocean","1","4","New Jersey","3/17/20","0","4","34029","1"
"Passaic","1","10","New Jersey","3/17/20","1","9","34031","900"
"Somerset","1","7","New Jersey","3/17/20","0","7","34035","1"
"Union","2","15","New Jersey","3/17/20","1","14","34039","1400"
"Bernalillo","2","14","New Mexico","3/17/20","0","14","35001","1"
"Sandoval","0","2","New Mexico","3/17/20","0","2","35043","1"
"Santa Fe","1","4","New Mexico","3/17/20","0","4","35049","1"
"Socorro","0","2","New Mexico","3/17/20","0","2","35053","1"
"Taos","0","1","New Mexico","3/17/20","0","1","35055","1"
"Albany","4","25","New York","3/17/20","0","25","36001","1"
"Allegany","0","2","New York","3/17/20","0","2","36003","1"
"Broome","0","1","New York","3/17/20","0","1","36007","1"
"Clinton","0","1","New York","3/17/20","0","1","36019","1"
"Delaware","0","1","New York","3/17/20","0","1","36025","1"
"Dutchess","2","16","New York","3/17/20","0","16","36027","1"
"Erie","2","11","New York","3/17/20","0","11","36029","1"
"Essex","0","1","New York","3/17/20","0","1","36031","1"
"Greene","0","2","New York","3/17/20","0","2","36039","1"
"Herkimer","0","1","New York","3/17/20","0","1","36043","1"
"Monroe","2","14","New York","3/17/20","0","14","36055","1"
"Montgomery","0","1","New York","3/17/20","0","1","36057","1"
"Nassau","17","140","New York","3/17/20","19","121","36059","636.84"
"New York","113","814","New York","3/17/20","25","789","36061","3156"
"Oneida","0","1","New York","3/17/20","0","1","36065","1"
"Onondaga","0","2","New York","3/17/20","0","2","36067","1"
"Ontario","0","1","New York","3/17/20","0","1","36069","1"
"Orange","2","15","New York","3/17/20","0","15","36071","1"
"Putnam","0","2","New York","3/17/20","0","2","36079","1"
"Rensselaer","0","1","New York","3/17/20","0","1","36083","1"
"Rockland","3","22","New York","3/17/20","4","18","36087","450"
"Saratoga","1","9","New York","3/17/20","2","7","36091","350"
"Schenectady","1","5","New York","3/17/20","0","5","36093","1"
"Suffolk","14","97","New York","3/17/20","1","96","36103","9600"
"Sullivan","0","1","New York","3/17/20","0","1","36105","1"
"Tioga","0","1","New York","3/17/20","0","1","36107","1"
"Tompkins","0","2","New York","3/17/20","0","2","36109","1"
"Ulster","1","8","New York","3/17/20","1","7","36111","700"
"Westchester","40","380","New York","3/17/20","98","282","36119","287.76"
"Wyoming","0","1","New York","3/17/20","0","1","36121","1"
"Brunswick","0","1","North Carolina","3/17/20","0","1","37019","1"
"Cabarrus","0","1","North Carolina","3/17/20","0","1","37025","1"
"Chatham","0","3","North Carolina","3/17/20","1","2","37037","200"
"Craven","0","1","North Carolina","3/17/20","0","1","37049","1"
"Durham","2","16","North Carolina","3/17/20","0","16","37063","1"
"Forsyth","0","2","North Carolina","3/17/20","0","2","37067","1"
"Guilford","0","1","North Carolina","3/17/20","0","1","37081","1"
"Harnett","0","3","North Carolina","3/17/20","0","3","37085","1"
"Iredell","0","1","North Carolina","3/17/20","0","1","37097","1"
"Johnston","0","2","North Carolina","3/17/20","0","2","37101","1"
"Lincoln","0","1","North Carolina","3/17/20","0","1","37109","1"
"Mecklenburg","2","11","North Carolina","3/17/20","0","11","37119","1"
"Onslow","0","1","North Carolina","3/17/20","0","1","37133","1"
"Orange","0","1","North Carolina","3/17/20","0","1","37135","1"
"Sampson","0","1","North Carolina","3/17/20","0","1","37163","1"
"Wake","1","15","North Carolina","3/17/20","6","9","37183","150"
"Watauga","0","1","North Carolina","3/17/20","0","1","37189","1"
"Wayne","0","1","North Carolina","3/17/20","0","1","37191","1"
"Wilson","0","1","North Carolina","3/17/20","0","1","37195","1"
"Cass","0","1","North Dakota","3/17/20","0","1","38017","1"
"Ward","0","2","North Dakota","3/17/20","0","2","38101","1"
"Belmont","0","2","Ohio","3/17/20","0","2","39013","1"
"Butler","1","6","Ohio","3/17/20","0","6","39017","1"
"Coshocton","0","2","Ohio","3/17/20","0","2","39031","1"
"Cuyahoga","4","31","Ohio","3/17/20","3","28","39035","933.33"
"Darke","0","1","Ohio","3/17/20","0","1","39037","1"
"Franklin","1","4","Ohio","3/17/20","0","4","39049","1"
"Geauga","0","1","Ohio","3/17/20","0","1","39055","1"
"Lake","0","1","Ohio","3/17/20","0","1","39085","1"
"Lorain","1","4","Ohio","3/17/20","0","4","39093","1"
"Lucas","0","1","Ohio","3/17/20","0","1","39095","1"
"Mahoning","0","1","Ohio","3/17/20","0","1","39099","1"
"Medina","0","3","Ohio","3/17/20","0","3","39103","1"
"Stark","0","3","Ohio","3/17/20","0","3","39151","1"
"Summit","1","4","Ohio","3/17/20","0","4","39153","1"
"Trumbull","0","2","Ohio","3/17/20","0","2","39155","1"
"Tuscarawas","0","1","Ohio","3/17/20","0","1","39157","1"
"Canadian","0","1","Oklahoma","3/17/20","0","1","40017","1"
"Cleveland","0","2","Oklahoma","3/17/20","0","2","40027","1"
"Jackson","0","1","Oklahoma","3/17/20","0","1","40065","1"
"Kay","0","2","Oklahoma","3/17/20","0","2","40071","1"
"Oklahoma","1","6","Oklahoma","3/17/20","0","6","40109","1"
"Pawnee","0","1","Oklahoma","3/17/20","0","1","40117","1"
"Payne","0","1","Oklahoma","3/17/20","0","1","40119","1"
"Tulsa","0","3","Oklahoma","3/17/20","2","1","40143","50"
"Benton","0","2","Oregon","3/17/20","0","2","41003","1"
"Clackamas","1","6","Oregon","3/17/20","0","6","41005","1"
"Deschutes","1","6","Oregon","3/17/20","0","6","41017","1"
"Douglas","0","1","Oregon","3/17/20","1","0","41019","0"
"Jackson","0","2","Oregon","3/17/20","2","0","41029","0"
"Klamath","0","1","Oregon","3/17/20","1","0","41035","0"
"Linn","2","15","Oregon","3/17/20","0","15","41043","1"
"Marion","0","4","Oregon","3/17/20","1","3","41047","300"
"Multnomah","0","3","Oregon","3/17/20","0","3","41051","1"
"Polk","0","2","Oregon","3/17/20","0","2","41053","1"
"Umatilla","0","2","Oregon","3/17/20","1","1","41059","100"
"Washington","2","21","Oregon","3/17/20","8","13","41067","162.5"
"Yamhill","0","1","Oregon","3/17/20","0","1","41071","1"
"Allegheny","1","10","Pennsylvania","3/17/20","0","10","42003","1"
"Beaver","0","1","Pennsylvania","3/17/20","0","1","42007","1"
"Bucks","1","8","Pennsylvania","3/17/20","0","8","42017","1"
"Chester","1","6","Pennsylvania","3/17/20","0","6","42029","1"
"Cumberland","1","10","Pennsylvania","3/17/20","0","10","42041","1"
"Delaware","1","9","Pennsylvania","3/17/20","1","8","42045","800"
"Lehigh","0","1","Pennsylvania","3/17/20","0","1","42077","1"
"Luzerne","0","1","Pennsylvania","3/17/20","0","1","42079","1"
"Monroe","1","8","Pennsylvania","3/17/20","1","7","42089","700"
"Montgomery","4","34","Pennsylvania","3/17/20","8","26","42091","325"
"Northampton","0","1","Pennsylvania","3/17/20","0","1","42095","1"
"Philadelphia","3","19","Pennsylvania","3/17/20","1","18","42101","1800"
"Pike","0","1","Pennsylvania","3/17/20","0","1","42103","1"
"Washington","0","2","Pennsylvania","3/17/20","0","2","42125","1"
"Wayne","0","1","Pennsylvania","3/17/20","1","0","42127","0"
"","1","5","Puerto Rico","3/17/20","0","5",,"1"
"Providence","3","23","Rhode Island","3/17/20","3","20","44007","666.67"
"Anderson","0","2","South Carolina","3/17/20","0","2","45007","1"
"Beaufort","1","4","South Carolina","3/17/20","0","4","45013","1"
"Calhoun","0","1","South Carolina","3/17/20","0","1","45017","1"
"Charleston","0","3","South Carolina","3/17/20","1","2","45019","200"
"Fairfield","0","1","South Carolina","3/17/20","0","1","45039","1"
"Greenville","0","2","South Carolina","3/17/20","0","2","45045","1"
"Horry","1","4","South Carolina","3/17/20","0","4","45051","1"
"Kershaw","2","22","South Carolina","3/17/20","5","17","45055","340"
"Lancaster","0","2","South Carolina","3/17/20","0","2","45057","1"
"Lexington","0","3","South Carolina","3/17/20","0","3","45063","1"
"Richland","0","1","South Carolina","3/17/20","0","1","45079","1"
"Spartanburg","0","1","South Carolina","3/17/20","1","0","45083","0"
"York","0","1","South Carolina","3/17/20","0","1","45091","1"
"Beadle","0","1","South Dakota","3/17/20","0","1","46005","1"
"Bon Homme","0","1","South Dakota","3/17/20","0","1","46009","1"
"Charles Mix","0","1","South Dakota","3/17/20","0","1","46023","1"
"Davison","0","1","South Dakota","3/17/20","0","1","46035","1"
"McCook","0","1","South Dakota","3/17/20","0","1","46087","1"
"Minnehaha","1","5","South Dakota","3/17/20","0","5","46099","1"
"Pennington","0","1","South Dakota","3/17/20","0","1","46103","1"
"Campbell","0","1","Tennessee","3/17/20","0","1","47013","1"
"Davidson","6","42","Tennessee","3/17/20","1","41","47037","4100"
"Hamilton","0","1","Tennessee","3/17/20","0","1","47065","1"
"Jefferson","0","1","Tennessee","3/17/20","0","1","47089","1"
"Knox","0","2","Tennessee","3/17/20","0","2","47093","1"
"Rutherford","0","1","Tennessee","3/17/20","0","1","47149","1"
"Sevier","0","1","Tennessee","3/17/20","0","1","47155","1"
"Shelby","0","3","Tennessee","3/17/20","1","2","47157","200"
"Sullivan","0","1","Tennessee","3/17/20","0","1","47163","1"
"Williamson","3","21","Tennessee","3/17/20","1","20","47187","2000"
"Bell","0","2","Texas","3/17/20","0","2","48027","1"
"Bexar","1","4","Texas","3/17/20","0","4","48029","1"
"Bowie","0","1","Texas","3/17/20","0","1","48037","1"
"Brazoria","0","2","Texas","3/17/20","0","2","48039","1"
"Brazos","0","1","Texas","3/17/20","0","1","48041","1"
"Collin","1","8","Texas","3/17/20","3","5","48085","166.67"
"Dallas","4","28","Texas","3/17/20","0","28","48113","1"
"Denton","0","1","Texas","3/17/20","0","1","48121","1"
"El Paso","0","3","Texas","3/17/20","0","3","48141","1"
"Fort Bend","0","9","Texas","3/17/20","6","3","48157","50"
"Galveston","0","2","Texas","3/17/20","0","2","48167","1"
"Gregg","0","1","Texas","3/17/20","1","0","48183","0"
"Harris","1","16","Texas","3/17/20","6","10","48201","166.67"
"Hays","0","3","Texas","3/17/20","0","3","48209","1"
"Lavaca","0","1","Texas","3/17/20","0","1","48285","1"
"Matagorda","0","2","Texas","3/17/20","0","2","48321","1"
"Montgomery","1","4","Texas","3/17/20","0","4","48339","1"
"Rusk","0","1","Texas","3/17/20","0","1","48401","1"
"Smith","1","4","Texas","3/17/20","0","4","48423","1"
"Tarrant","1","6","Texas","3/17/20","0","6","48439","1"
"Travis","1","10","Texas","3/17/20","0","10","48453","1"
"Webb","0","1","Texas","3/17/20","0","1","48479","1"
"Davis","0","4","Utah","3/17/20","1","3","49011","300"
"Salt Lake","3","20","Utah","3/17/20","0","20","49035","1"
"Summit","1","8","Utah","3/17/20","0","8","49043","1"
"Tooele","0","1","Utah","3/17/20","0","1","49045","1"
"Wasatch","0","2","Utah","3/17/20","0","2","49051","1"
"Weber-Morgan","0","4","Utah","3/17/20","1","3","00000","300"
"Bennington","0","3","Vermont","3/17/20","1","2","50003","200"
"Chittenden","1","4","Vermont","3/17/20","0","4","50007","1"
"Orange","0","1","Vermont","3/17/20","0","1","50017","1"
"Washington","0","1","Vermont","3/17/20","0","1","50023","1"
"Windsor","0","3","Vermont","3/17/20","0","3","50027","1"
"","0","2","Virgin Islands","3/17/20","0","2",,"1"
"Alexandria","0","2","Virginia","3/17/20","0","2","51510","1"
"Arlington","2","13","Virginia","3/17/20","1","12","51013","1200"
"Charlottesville","0","1","Virginia","3/17/20","0","1","51540","1"
"Chesterfield","1","4","Virginia","3/17/20","0","4","51041","1"
"Fairfax","1","12","Virginia","3/17/20","3","9","51059","300"
"Goochland","0","1","Virginia","3/17/20","0","1","51075","1"
"Hanover","0","1","Virginia","3/17/20","0","1","51085","1"
"Harrisonburg","0","1","Virginia","3/17/20","0","1","51660","1"
"Henrico","0","2","Virginia","3/17/20","0","2","51087","1"
"James City","2","12","Virginia","3/17/20","0","12","51095","1"
"Loudoun","1","5","Virginia","3/17/20","1","4","51107","400"
"Norfolk","0","0","Virginia","3/17/20","2","-2","51710","-100"
"Prince Edward","0","1","Virginia","3/17/20","0","1","51147","1"
"Prince William","1","4","Virginia","3/17/20","0","4","51153","1"
"Spotsylvania","0","1","Virginia","3/17/20","1","0","51177","0"
"Stafford","0","1","Virginia","3/17/20","0","1","51179","1"
"Virginia Beach","1","4","Virginia","3/17/20","0","4","51810","1"
"Williamsburg","0","1","Virginia","3/17/20","0","1","51830","1"
"York","0","1","Virginia","3/17/20","0","1","51199","1"
"Chelan","0","2","Washington","3/17/20","0","2","53007","1"
"Clark","0","4","Washington","3/17/20","1","3","53011","300"
"Columbia","0","1","Washington","3/17/20","0","1","53013","1"
"Cowlitz","0","1","Washington","3/17/20","0","1","53015","1"
"Grant","1","7","Washington","3/17/20","1","6","53025","600"
"Grays Harbor","0","1","Washington","3/17/20","0","1","53027","1"
"Island","2","14","Washington","3/17/20","0","14","53029","1"
"Jefferson","0","3","Washington","3/17/20","1","2","53031","200"
"King","65","569","Washington","3/17/20","116","453","53033","390.52"
"Kitsap","1","7","Washington","3/17/20","1","6","53035","600"
"Kittitas","0","3","Washington","3/17/20","1","2","53037","200"
"Klickitat","0","1","Washington","3/17/20","0","1","53039","1"
"Lewis","0","1","Washington","3/17/20","0","1","53041","1"
"Lincoln","0","1","Washington","3/17/20","0","1","53043","1"
"Pierce","6","45","Washington","3/17/20","4","41","53053","1025"
"Skagit","1","9","Washington","3/17/20","0","9","53057","1"
"Snohomish","33","266","Washington","3/17/20","37","229","53061","618.92"
"Spokane","1","4","Washington","3/17/20","0","4","53063","1"
"Thurston","1","5","Washington","3/17/20","0","5","53067","1"
"Whatcom","1","6","Washington","3/17/20","0","6","53073","1"
"Yakima","1","5","Washington","3/17/20","0","5","53077","1"
"Dane","2","19","Wisconsin","3/17/20","2","17","55025","850"
"Fond du Lac","2","12","Wisconsin","3/17/20","0","12","55039","1"
"Kenosha","1","4","Wisconsin","3/17/20","0","4","55059","1"
"Milwaukee","3","24","Wisconsin","3/17/20","0","24","55079","1"
"Outagamie","0","1","Wisconsin","3/17/20","0","1","55087","1"
"Pierce","0","1","Wisconsin","3/17/20","1","0","55093","0"
"Racine","0","1","Wisconsin","3/17/20","0","1","55101","1"
"Sheboygan","0","3","Wisconsin","3/17/20","0","3","55117","1"
"Waukesha","1","4","Wisconsin","3/17/20","0","4","55133","1"
"Winnebago","0","3","Wisconsin","3/17/20","0","3","55139","1"
"Wood","0","1","Wisconsin","3/17/20","0","1","55141","1"
"Fremont","1","8","Wyoming","3/17/20","0","8","56013","1"
"Laramie","0","1","Wyoming","3/17/20","0","1","56021","1"
"Sheridan","0","2","Wyoming","3/17/20","0","2","56033","1"
