"Locality","DailyAvgNewCasesPast7Days","TotalCases","State","Date","TotalCases7DaysAgo","NewCasesPast7Days","FIPS-Code","PercentIncreaseTotalCasesPast7Days"
"Baldwin","0","1","Alabama","3/19/20","0","1","01003","1"
"Calhoun","0","1","Alabama","3/19/20","0","1","01015","1"
"Chambers","0","1","Alabama","3/19/20","0","1","01017","1"
"Elmore","1","5","Alabama","3/19/20","0","5","01051","1"
"Jefferson","5","34","Alabama","3/19/20","0","34","01073","1"
"Lee","1","10","Alabama","3/19/20","0","10","01081","1"
"Limestone","0","1","Alabama","3/19/20","0","1","01083","1"
"Madison","1","5","Alabama","3/19/20","0","5","01089","1"
"Mobile","0","1","Alabama","3/19/20","0","1","01097","1"
"Montgomery","0","3","Alabama","3/19/20","0","3","01101","1"
"Shelby","1","9","Alabama","3/19/20","0","9","01117","1"
"St. Clair","0","1","Alabama","3/19/20","0","1","01115","1"
"Talladega","0","1","Alabama","3/19/20","0","1","01121","1"
"Tuscaloosa","1","4","Alabama","3/19/20","0","4","01125","1"
"Walker","0","1","Alabama","3/19/20","0","1","01127","1"
"Anchorage","1","4","Alaska","3/19/20","0","4","02020","1"
"Fairbanks North Star","0","3","Alaska","3/19/20","0","3","02090","1"
"Ketchikan Gateway","0","1","Alaska","3/19/20","0","1","02130","1"
"Coconino","0","2","Arizona","3/19/20","0","2","04005","1"
"Graham","0","1","Arizona","3/19/20","0","1","04009","1"
"Maricopa","3","22","Arizona","3/19/20","3","19","04013","633.33"
"Navajo","0","3","Arizona","3/19/20","0","3","04017","1"
"Pima","1","7","Arizona","3/19/20","1","6","04019","600"
"Pinal","1","10","Arizona","3/19/20","5","5","04021","100"
"Jefferson","0","3","Arkansas","3/19/20","0","3","05069","1"
"Washington","0","1","Arkansas","3/19/20","0","1","05143","1"
"Alameda","5","38","California","3/19/20","5","33","06001","660"
"Calaveras","0","2","California","3/19/20","2","0","06009","0"
"Contra Costa","3","41","California","3/19/20","17","24","06013","141.18"
"Fresno","0","3","California","3/19/20","2","1","06019","50"
"Humboldt","0","1","California","3/19/20","1","0","06023","0"
"Imperial","0","2","California","3/19/20","2","0","06025","0"
"Kern","0","3","California","3/19/20","0","3","06029","1"
"Los Angeles","28","231","California","3/19/20","32","199","06037","621.88"
"Madera","0","1","California","3/19/20","1","0","06039","0"
"Marin","2","15","California","3/19/20","3","12","06041","400"
"Mendocino","0","1","California","3/19/20","0","1","06045","1"
"Monterey","1","4","California","3/19/20","0","4","06053","1"
"Nevada","0","1","California","3/19/20","0","1","06057","1"
"Orange","7","53","California","3/19/20","6","47","06059","783.33"
"Placer","0","9","California","3/19/20","7","2","06061","28.57"
"Riverside","2","22","California","3/19/20","8","14","06065","175"
"Sacramento","4","45","California","3/19/20","17","28","06067","164.71"
"San Benito","0","3","California","3/19/20","2","1","06069","50"
"San Bernardino","1","5","California","3/19/20","0","5","06071","1"
"San Diego","11","80","California","3/19/20","5","75","06073","1500"
"San Francisco","7","70","California","3/19/20","18","52","06075","288.89"
"San Joaquin","2","17","California","3/19/20","1","16","06077","1600"
"San Luis Obispo","2","13","California","3/19/20","0","13","06079","1"
"San Mateo","10","89","California","3/19/20","20","69","06081","345"
"Santa Barbara","1","8","California","3/19/20","0","8","06083","1"
"Santa Clara","20","189","California","3/19/20","52","137","06085","263.46"
"Santa Cruz","1","14","California","3/19/20","4","10","06087","250"
"Shasta","0","1","California","3/19/20","1","0","06089","0"
"Solano","0","8","California","3/19/20","6","2","06095","33.33"
"Sonoma","0","6","California","3/19/20","3","3","06097","100"
"Stanislaus","0","5","California","3/19/20","2","3","06099","150"
"Tulare","1","7","California","3/19/20","1","6","06107","600"
"Ventura","2","13","California","3/19/20","2","11","06111","550"
"Yolo","1","5","California","3/19/20","1","4","06113","400"
"Adams","1","10","Colorado","3/19/20","2","8","08001","400"
"Arapahoe","3","22","Colorado","3/19/20","3","19","08005","633.33"
"Boulder","2","11","Colorado","3/19/20","0","11","08013","1"
"Clear Creek","0","2","Colorado","3/19/20","0","2","08019","1"
"Crowley","0","1","Colorado","3/19/20","0","1","08025","1"
"Denver","7","61","Colorado","3/19/20","9","52","08031","577.78"
"Douglas","2","14","Colorado","3/19/20","3","11","08035","366.67"
"Eagle","6","51","Colorado","3/19/20","11","40","08037","363.64"
"El Paso","2","15","Colorado","3/19/20","1","14","08041","1400"
"Garfield","0","3","Colorado","3/19/20","0","3","08045","1"
"Grand","0","1","Colorado","3/19/20","0","1","08049","1"
"Gunnison","1","13","Colorado","3/19/20","4","9","08051","225"
"Jefferson","4","36","Colorado","3/19/20","5","31","08059","620"
"Larimer","1","5","Colorado","3/19/20","1","4","08069","400"
"Mesa","0","1","Colorado","3/19/20","0","1","08077","1"
"Morgan","0","1","Colorado","3/19/20","0","1","08087","1"
"Pitkin","0","12","Colorado","3/19/20","10","2","08097","20"
"Pueblo","0","2","Colorado","3/19/20","0","2","08101","1"
"Routt","0","2","Colorado","3/19/20","0","2","08107","1"
"Summit","1","5","Colorado","3/19/20","0","5","08117","1"
"Weld","1","9","Colorado","3/19/20","0","9","08123","1"
"Yuma","0","1","Colorado","3/19/20","0","1","08125","1"
"Fairfield","14","102","Connecticut","3/19/20","4","98","09001","2450"
"Hartford","3","18","Connecticut","3/19/20","0","18","09003","1"
"Litchfield","1","7","Connecticut","3/19/20","1","6","09005","600"
"Middlesex","0","3","Connecticut","3/19/20","0","3","09007","1"
"New Haven","3","23","Connecticut","3/19/20","0","23","09009","1"
"Tolland","1","4","Connecticut","3/19/20","0","4","09013","1"
"Kent","1","4","Delaware","3/19/20","0","4","10001","1"
"New Castle","3","23","Delaware","3/19/20","1","22","10003","2200"
"Sussex","0","3","Delaware","3/19/20","0","3","10005","1"
"","7","47","Diamond Princess","3/19/20","0","47",,"1"
"District of Columbia","6","40","District of Columbia","3/19/20","0","40","11001","1"
"Alachua","1","11","Florida","3/19/20","1","10","12001","1000"
"Brevard","0","3","Florida","3/19/20","0","3","12009","1"
"Broward","13","96","Florida","3/19/20","7","89","12011","1271.43"
"Charlotte","0","1","Florida","3/19/20","1","0","12015","0"
"Citrus","0","3","Florida","3/19/20","0","3","12017","1"
"Clay","1","4","Florida","3/19/20","0","4","12019","1"
"Collier","2","18","Florida","3/19/20","3","15","12021","500"
"Duval","2","15","Florida","3/19/20","0","15","12031","1"
"Escambia","0","1","Florida","3/19/20","0","1","12033","1"
"Gadsden","0","1","Florida","3/19/20","0","1","12039","1"
"Hernando","1","4","Florida","3/19/20","0","4","12053","1"
"Hillsborough","3","20","Florida","3/19/20","2","18","12057","900"
"Indian River","0","1","Florida","3/19/20","0","1","12061","1"
"Jackson","0","1","Florida","3/19/20","0","1","12063","1"
"Lake","0","3","Florida","3/19/20","0","3","12069","1"
"Lee","1","11","Florida","3/19/20","3","8","12071","266.67"
"Leon","1","4","Florida","3/19/20","0","4","12073","1"
"Manatee","1","9","Florida","3/19/20","2","7","12081","350"
"Martin","0","1","Florida","3/19/20","0","1","12085","1"
"Miami-Dade","14","101","Florida","3/19/20","1","100","12086","10000"
"Nassau","0","1","Florida","3/19/20","1","0","12089","0"
"Okaloosa","1","5","Florida","3/19/20","1","4","12091","400"
"Orange","3","19","Florida","3/19/20","0","19","12095","1"
"Osceola","2","13","Florida","3/19/20","0","13","12097","1"
"Palm Beach","4","29","Florida","3/19/20","0","29","12099","1"
"Pasco","1","5","Florida","3/19/20","1","4","12101","400"
"Pinellas","2","16","Florida","3/19/20","2","14","12103","700"
"Polk","1","4","Florida","3/19/20","0","4","12105","1"
"Santa Rosa","0","2","Florida","3/19/20","1","1","12113","100"
"Sarasota","1","6","Florida","3/19/20","0","6","12115","1"
"Seminole","1","8","Florida","3/19/20","1","7","12117","700"
"St. Johns","0","4","Florida","3/19/20","1","3","12109","300"
"Sumter","0","2","Florida","3/19/20","0","2","12119","1"
"Volusia","1","9","Florida","3/19/20","2","7","12127","350"
"Walton","0","1","Florida","3/19/20","0","1","12131","1"
"Barrow","0","1","Georgia","3/19/20","0","1","13013","1"
"Bartow","3","26","Georgia","3/19/20","3","23","13015","766.67"
"Bibb","0","1","Georgia","3/19/20","0","1","13021","1"
"Charlton","0","1","Georgia","3/19/20","1","0","13049","0"
"Cherokee","2","16","Georgia","3/19/20","1","15","13057","1500"
"Clarke","1","8","Georgia","3/19/20","0","8","13059","1"
"Clayton","1","6","Georgia","3/19/20","0","6","13063","1"
"Cobb","4","37","Georgia","3/19/20","8","29","13067","362.5"
"Columbia","0","1","Georgia","3/19/20","0","1","13073","1"
"Coweta","0","3","Georgia","3/19/20","0","3","13077","1"
"DeKalb","3","22","Georgia","3/19/20","4","18","13089","450"
"Dougherty","3","20","Georgia","3/19/20","0","20","13095","1"
"Early","0","2","Georgia","3/19/20","0","2","13099","1"
"Fayette","1","10","Georgia","3/19/20","1","9","13113","900"
"Floyd","1","6","Georgia","3/19/20","2","4","13115","200"
"Forsyth","0","3","Georgia","3/19/20","0","3","13117","1"
"Fulton","9","66","Georgia","3/19/20","6","60","13121","1000"
"Glynn","0","2","Georgia","3/19/20","0","2","13127","1"
"Gordon","0","3","Georgia","3/19/20","0","3","13129","1"
"Gwinnett","1","12","Georgia","3/19/20","2","10","13135","500"
"Hall","1","5","Georgia","3/19/20","0","5","13139","1"
"Henry","0","3","Georgia","3/19/20","0","3","13151","1"
"Houston","0","1","Georgia","3/19/20","0","1","13153","1"
"Laurens","0","2","Georgia","3/19/20","0","2","13175","1"
"Lee","0","3","Georgia","3/19/20","1","2","13177","200"
"Lowndes","1","8","Georgia","3/19/20","1","7","13185","700"
"Muscogee","0","1","Georgia","3/19/20","0","1","13215","1"
"Newton","0","3","Georgia","3/19/20","0","3","13217","1"
"Paulding","0","3","Georgia","3/19/20","0","3","13223","1"
"Peach","0","1","Georgia","3/19/20","0","1","13225","1"
"Polk","0","1","Georgia","3/19/20","1","0","13233","0"
"Richmond","0","2","Georgia","3/19/20","0","2","13245","1"
"Troup","0","2","Georgia","3/19/20","0","2","13285","1"
"Whitfield","0","1","Georgia","3/19/20","0","1","13313","1"
"","3","22","Grand Princess","3/19/20","0","22",,"1"
"","2","12","Guam","3/19/20","0","12",,"1"
"Honolulu","1","10","Hawaii","3/19/20","2","8","15003","400"
"Kauai","0","2","Hawaii","3/19/20","0","2","15007","1"
"Maui","0","3","Hawaii","3/19/20","0","3","15009","1"
"Ada","0","3","Idaho","3/19/20","0","3","16001","1"
"Blaine","2","16","Idaho","3/19/20","0","16","16013","1"
"Kootenai","0","1","Idaho","3/19/20","0","1","16055","1"
"Madison","0","1","Idaho","3/19/20","0","1","16065","1"
"Teton","0","1","Idaho","3/19/20","0","1","16081","1"
"Twin Falls","0","1","Idaho","3/19/20","0","1","16083","1"
"Champaign","0","1","Illinois","3/19/20","0","1","17019","1"
"Clinton","0","3","Illinois","3/19/20","0","3","17027","1"
"Cook","36","278","Illinois","3/19/20","27","251","17031","929.63"
"Cumberland","0","1","Illinois","3/19/20","0","1","17035","1"
"DuPage","8","54","Illinois","3/19/20","0","54","17043","1"
"Jackson","0","1","Illinois","3/19/20","0","1","17077","1"
"Kane","1","6","Illinois","3/19/20","2","4","17089","200"
"Kankakee","0","1","Illinois","3/19/20","0","1","17091","1"
"Kendall","0","1","Illinois","3/19/20","0","1","17093","1"
"Lake","5","37","Illinois","3/19/20","1","36","17097","3600"
"LaSalle","0","1","Illinois","3/19/20","0","1","17099","1"
"Madison","0","1","Illinois","3/19/20","0","1","17119","1"
"McHenry","1","6","Illinois","3/19/20","2","4","17111","200"
"Peoria","0","3","Illinois","3/19/20","0","3","17143","1"
"Sangamon","1","4","Illinois","3/19/20","0","4","17167","1"
"St. Clair","0","3","Illinois","3/19/20","0","3","17163","1"
"Washington","0","1","Illinois","3/19/20","0","1","17189","1"
"Whiteside","0","1","Illinois","3/19/20","0","1","17195","1"
"Will","1","9","Illinois","3/19/20","0","9","17197","1"
"Williamson","0","1","Illinois","3/19/20","0","1","17199","1"
"Winnebago","0","1","Illinois","3/19/20","0","1","17201","1"
"Woodford","0","2","Illinois","3/19/20","0","2","17203","1"
"Adams","0","1","Indiana","3/19/20","1","0","18001","0"
"Allen","0","2","Indiana","3/19/20","0","2","18003","1"
"Bartholomew","0","1","Indiana","3/19/20","0","1","18005","1"
"Boone","0","1","Indiana","3/19/20","1","0","18011","0"
"Clark","0","1","Indiana","3/19/20","0","1","18019","1"
"Fayette","0","1","Indiana","3/19/20","0","1","18041","1"
"Floyd","0","1","Indiana","3/19/20","0","1","18043","1"
"Franklin","0","2","Indiana","3/19/20","0","2","18047","1"
"Hamilton","0","2","Indiana","3/19/20","0","2","18057","1"
"Hancock","0","0","Indiana","3/19/20","1","-1","18059","-100"
"Hendricks","0","4","Indiana","3/19/20","2","2","18063","100"
"Howard","1","5","Indiana","3/19/20","1","4","18067","400"
"Jennings","0","1","Indiana","3/19/20","0","1","18079","1"
"Johnson","0","3","Indiana","3/19/20","3","0","18081","0"
"Lake","1","4","Indiana","3/19/20","0","4","18089","1"
"LaPorte","0","1","Indiana","3/19/20","0","1","18091","1"
"Madison","0","1","Indiana","3/19/20","0","1","18095","1"
"Marion","2","19","Indiana","3/19/20","2","17","18097","850"
"Monroe","0","1","Indiana","3/19/20","0","1","18105","1"
"Noble","0","1","Indiana","3/19/20","1","0","18113","0"
"Owen","0","1","Indiana","3/19/20","0","1","18119","1"
"St. Joseph","0","3","Indiana","3/19/20","1","2","18141","200"
"Tippecanoe","0","1","Indiana","3/19/20","0","1","18157","1"
"Vigo","0","1","Indiana","3/19/20","0","1","18167","1"
"Wayne","0","1","Indiana","3/19/20","0","1","18177","1"
"Wells","0","1","Indiana","3/19/20","0","1","18179","1"
"Adair","0","1","Iowa","3/19/20","0","1","19001","1"
"Allamakee","0","2","Iowa","3/19/20","0","2","19005","1"
"Black Hawk","0","1","Iowa","3/19/20","0","1","19013","1"
"Carroll","0","1","Iowa","3/19/20","0","1","19027","1"
"Dallas","1","5","Iowa","3/19/20","0","5","19049","1"
"Dubuque","0","1","Iowa","3/19/20","0","1","19061","1"
"Harrison","0","1","Iowa","3/19/20","0","1","19085","1"
"Johnson","1","22","Iowa","3/19/20","13","9","19103","69.23"
"Muscatine","0","1","Iowa","3/19/20","0","1","19139","1"
"Polk","1","6","Iowa","3/19/20","0","6","19153","1"
"Pottawattamie","0","1","Iowa","3/19/20","1","0","19155","0"
"Washington","0","1","Iowa","3/19/20","0","1","19183","1"
"Winneshiek","0","1","Iowa","3/19/20","0","1","19191","1"
"Butler","0","2","Kansas","3/19/20","0","2","20015","1"
"Cherokee","0","1","Kansas","3/19/20","0","1","20021","1"
"Douglas","0","1","Kansas","3/19/20","0","1","20045","1"
"Franklin","0","1","Kansas","3/19/20","0","1","20059","1"
"Jackson","0","1","Kansas","3/19/20","0","1","20085","1"
"Johnson","2","16","Kansas","3/19/20","4","12","20091","300"
"Leavenworth","0","2","Kansas","3/19/20","0","2","20103","1"
"Linn","0","1","Kansas","3/19/20","0","1","20107","1"
"Morris","0","2","Kansas","3/19/20","0","2","20127","1"
"Wyandotte","1","8","Kansas","3/19/20","0","8","20209","1"
"Bourbon","0","1","Kentucky","3/19/20","0","1","21017","1"
"Clark","0","1","Kentucky","3/19/20","0","1","21049","1"
"Daviess","0","1","Kentucky","3/19/20","0","1","21059","1"
"Fayette","1","8","Kentucky","3/19/20","3","5","21067","166.67"
"Harrison","0","6","Kentucky","3/19/20","5","1","21097","20"
"Henderson","0","1","Kentucky","3/19/20","0","1","21101","1"
"Jefferson","1","8","Kentucky","3/19/20","2","6","21111","300"
"Kenton","0","1","Kentucky","3/19/20","0","1","21117","1"
"Lyon","0","1","Kentucky","3/19/20","0","1","21143","1"
"Montgomery","0","2","Kentucky","3/19/20","0","2","21173","1"
"Nelson","0","1","Kentucky","3/19/20","0","1","21179","1"
"Ascension","0","2","Louisiana","3/19/20","0","2","22005","1"
"Bossier","0","2","Louisiana","3/19/20","0","2","22015","1"
"Caddo","1","7","Louisiana","3/19/20","1","6","22017","600"
"East Baton Rouge","1","5","Louisiana","3/19/20","0","5","22033","1"
"Iberia","0","0","Louisiana","3/19/20","1","-1","22045","-100"
"Jefferson","9","62","Louisiana","3/19/20","2","60","22051","3000"
"Lafayette","0","2","Louisiana","3/19/20","0","2","22055","1"
"Lafourche","1","4","Louisiana","3/19/20","0","4","22057","1"
"Orleans","31","231","Louisiana","3/19/20","14","217","22071","1550"
"Plaquemines","0","1","Louisiana","3/19/20","0","1","22075","1"
"St. Bernard","1","4","Louisiana","3/19/20","0","4","22087","1"
"St. Charles","1","4","Louisiana","3/19/20","0","4","22089","1"
"St. James","0","1","Louisiana","3/19/20","0","1","22093","1"
"St. John the Baptist","0","2","Louisiana","3/19/20","0","2","22095","1"
"St. Tammany","1","10","Louisiana","3/19/20","1","9","22103","900"
"Terrebonne","1","4","Louisiana","3/19/20","0","4","22109","1"
"Washington","0","2","Louisiana","3/19/20","0","2","22117","1"
"West Baton Rouge","0","1","Louisiana","3/19/20","0","1","22121","1"
"Androscoggin","0","3","Maine","3/19/20","1","2","23001","200"
"Cumberland","4","25","Maine","3/19/20","0","25","23005","1"
"Hancock","0","1","Maine","3/19/20","0","1","23009","1"
"Kennebec","0","3","Maine","3/19/20","0","3","23011","1"
"Lincoln","0","3","Maine","3/19/20","0","3","23015","1"
"Oxford","0","1","Maine","3/19/20","0","1","23017","1"
"Penobscot","0","1","Maine","3/19/20","0","1","23019","1"
"York","0","2","Maine","3/19/20","0","2","23031","1"
"Anne Arundel","1","5","Maryland","3/19/20","0","5","24003","1"
"Baltimore","2","12","Maryland","3/19/20","1","11","24005","1100"
"Baltimore City","1","8","Maryland","3/19/20","0","8","24510","1"
"Calvert","0","1","Maryland","3/19/20","0","1","24009","1"
"Carroll","0","2","Maryland","3/19/20","0","2","24013","1"
"Charles","0","2","Maryland","3/19/20","0","2","24017","1"
"Frederick","0","1","Maryland","3/19/20","0","1","24021","1"
"Harford","0","3","Maryland","3/19/20","1","2","24025","200"
"Howard","2","16","Maryland","3/19/20","0","16","24027","1"
"Montgomery","4","33","Maryland","3/19/20","6","27","24031","450"
"Prince George's","3","23","Maryland","3/19/20","4","19","24033","475"
"Talbot","0","1","Maryland","3/19/20","0","1","24041","1"
"Barnstable","1","5","Massachusetts","3/19/20","0","5","25001","1"
"Berkshire","1","18","Massachusetts","3/19/20","9","9","25003","100"
"Bristol","1","6","Massachusetts","3/19/20","0","6","25005","1"
"Essex","2","19","Massachusetts","3/19/20","2","17","25009","850"
"Franklin","0","1","Massachusetts","3/19/20","0","1","25011","1"
"Hampden","0","3","Massachusetts","3/19/20","0","3","25013","1"
"Hampshire","0","1","Massachusetts","3/19/20","0","1","25015","1"
"Middlesex","10","119","Massachusetts","3/19/20","49","70","25017","142.86"
"Norfolk","4","52","Massachusetts","3/19/20","24","28","25021","116.67"
"Plymouth","1","5","Massachusetts","3/19/20","0","5","25023","1"
"Suffolk","7","72","Massachusetts","3/19/20","22","50","25025","227.27"
"Worcester","2","14","Massachusetts","3/19/20","1","13","25027","1300"
"Bay","0","1","Michigan","3/19/20","0","1","26017","1"
"Berrien","1","9","Michigan","3/19/20","1","8","26021","800"
"Charlevoix","0","1","Michigan","3/19/20","0","1","26029","1"
"Clinton","0","1","Michigan","3/19/20","0","1","26037","1"
"Eaton","0","2","Michigan","3/19/20","0","2","26045","1"
"Ingham","1","9","Michigan","3/19/20","0","9","26065","1"
"Jackson","0","2","Michigan","3/19/20","0","2","26075","1"
"Kent","1","7","Michigan","3/19/20","0","7","26081","1"
"Leelanau","0","1","Michigan","3/19/20","0","1","26089","1"
"Livingston","0","2","Michigan","3/19/20","0","2","26093","1"
"Macomb","8","55","Michigan","3/19/20","0","55","26099","1"
"Midland","0","3","Michigan","3/19/20","0","3","26111","1"
"Monroe","0","2","Michigan","3/19/20","0","2","26115","1"
"Montcalm","0","1","Michigan","3/19/20","0","1","26117","1"
"Oakland","20","139","Michigan","3/19/20","1","138","26125","13800"
"Otsego","0","1","Michigan","3/19/20","0","1","26137","1"
"Ottawa","0","2","Michigan","3/19/20","0","2","26139","1"
"St. Clair","1","4","Michigan","3/19/20","0","4","26147","1"
"Washtenaw","2","17","Michigan","3/19/20","0","17","26161","1"
"Wayne","6","45","Michigan","3/19/20","1","44","26163","4400"
"Anoka","1","6","Minnesota","3/19/20","1","5","27003","500"
"Benton","0","1","Minnesota","3/19/20","0","1","27009","1"
"Blue Earth","0","2","Minnesota","3/19/20","0","2","27013","1"
"Carver","0","3","Minnesota","3/19/20","1","2","27019","200"
"Dakota","1","8","Minnesota","3/19/20","1","7","27037","700"
"Hennepin","4","32","Minnesota","3/19/20","1","31","27053","3100"
"Martin","0","3","Minnesota","3/19/20","0","3","27091","1"
"Mower","0","1","Minnesota","3/19/20","0","1","27099","1"
"Nicollet","0","2","Minnesota","3/19/20","0","2","27103","1"
"Olmsted","1","6","Minnesota","3/19/20","1","5","27109","500"
"Ramsey","1","12","Minnesota","3/19/20","3","9","27123","300"
"Renville","0","1","Minnesota","3/19/20","0","1","27129","1"
"Rice","0","1","Minnesota","3/19/20","0","1","27131","1"
"Scott","0","1","Minnesota","3/19/20","0","1","27139","1"
"Stearns","0","3","Minnesota","3/19/20","1","2","27145","200"
"Wadena","0","1","Minnesota","3/19/20","0","1","27159","1"
"Waseca","0","1","Minnesota","3/19/20","0","1","27161","1"
"Washington","0","3","Minnesota","3/19/20","0","3","27163","1"
"Wright","0","2","Minnesota","3/19/20","0","2","27171","1"
"Bolivar","0","2","Mississippi","3/19/20","0","2","28011","1"
"Coahoma","0","2","Mississippi","3/19/20","0","2","28027","1"
"Copiah","0","2","Mississippi","3/19/20","0","2","28029","1"
"DeSoto","0","2","Mississippi","3/19/20","0","2","28033","1"
"Forrest","0","4","Mississippi","3/19/20","1","3","28035","300"
"Hancock","0","1","Mississippi","3/19/20","0","1","28045","1"
"Harrison","1","7","Mississippi","3/19/20","0","7","28047","1"
"Hinds","1","6","Mississippi","3/19/20","0","6","28049","1"
"Holmes","0","1","Mississippi","3/19/20","0","1","28051","1"
"Jackson","0","2","Mississippi","3/19/20","0","2","28059","1"
"Jones","0","1","Mississippi","3/19/20","0","1","28067","1"
"Lafayette","0","1","Mississippi","3/19/20","0","1","28071","1"
"Leflore","1","4","Mississippi","3/19/20","0","4","28083","1"
"Madison","0","1","Mississippi","3/19/20","0","1","28089","1"
"Monroe","0","1","Mississippi","3/19/20","0","1","28095","1"
"Pearl River","1","7","Mississippi","3/19/20","0","7","28109","1"
"Perry","0","1","Mississippi","3/19/20","0","1","28111","1"
"Smith","0","1","Mississippi","3/19/20","0","1","28129","1"
"Walthall","0","1","Mississippi","3/19/20","0","1","28147","1"
"Wilkinson","0","1","Mississippi","3/19/20","0","1","28157","1"
"Winston","0","1","Mississippi","3/19/20","0","1","28159","1"
"Yazoo","0","1","Mississippi","3/19/20","0","1","28163","1"
"Boone","0","3","Missouri","3/19/20","0","3","29019","1"
"Cass","0","2","Missouri","3/19/20","0","2","29037","1"
"Christian","0","2","Missouri","3/19/20","0","2","29043","1"
"Cole","0","2","Missouri","3/19/20","0","2","29051","1"
"Greene","1","6","Missouri","3/19/20","0","6","29077","1"
"Henry","0","1","Missouri","3/19/20","0","1","29083","1"
"Jackson","0","3","Missouri","3/19/20","0","3","29095","1"
"Kansas City","1","6","Missouri","3/19/20","0","6","00000","1"
"Pulaski","0","1","Missouri","3/19/20","0","1","29169","1"
"St. Charles","0","1","Missouri","3/19/20","0","1","29183","1"
"St. Louis","1","8","Missouri","3/19/20","1","7","29189","700"
"St. Louis City","1","5","Missouri","3/19/20","0","5","29510","1"
"Broadwater","0","1","Montana","3/19/20","0","1","30007","1"
"Gallatin","0","3","Montana","3/19/20","0","3","30031","1"
"Missoula","0","3","Montana","3/19/20","0","3","30063","1"
"Silver Bow","0","1","Montana","3/19/20","0","1","30093","1"
"Yellowstone","0","2","Montana","3/19/20","0","2","30111","1"
"Adams","0","1","Nebraska","3/19/20","0","1","31001","1"
"Cass","0","1","Nebraska","3/19/20","0","1","31025","1"
"Douglas","2","23","Nebraska","3/19/20","9","14","31055","155.56"
"Knox","0","2","Nebraska","3/19/20","1","1","31107","100"
"Lincoln","0","1","Nebraska","3/19/20","0","1","31111","1"
"Sarpy","0","1","Nebraska","3/19/20","0","1","31153","1"
"Carson City","0","1","Nevada","3/19/20","0","1","32510","1"
"Clark","9","69","Nevada","3/19/20","8","61","32003","762.5"
"Washoe","2","14","Nevada","3/19/20","2","12","32031","600"
"Carroll","1","4","New Hampshire","3/19/20","0","4","33003","1"
"Grafton","1","7","New Hampshire","3/19/20","3","4","33009","133.33"
"Hillsborough","1","8","New Hampshire","3/19/20","0","8","33011","1"
"Merrimack","0","1","New Hampshire","3/19/20","0","1","33013","1"
"Rockingham","2","17","New Hampshire","3/19/20","3","14","33015","466.67"
"Atlantic","0","3","New Jersey","3/19/20","0","3","34001","1"
"Bergen","26","195","New Jersey","3/19/20","13","182","34003","1400"
"Burlington","2","14","New Jersey","3/19/20","2","12","34005","600"
"Camden","2","13","New Jersey","3/19/20","1","12","34007","1200"
"Cape May","0","1","New Jersey","3/19/20","0","1","34009","1"
"Essex","9","63","New Jersey","3/19/20","1","62","34013","6200"
"Gloucester","0","2","New Jersey","3/19/20","0","2","34015","1"
"Hudson","8","55","New Jersey","3/19/20","1","54","34017","5400"
"Hunterdon","1","8","New Jersey","3/19/20","0","8","34019","1"
"Mercer","3","20","New Jersey","3/19/20","0","20","34021","1"
"Middlesex","9","64","New Jersey","3/19/20","2","62","34023","3100"
"Monmouth","5","43","New Jersey","3/19/20","5","38","34025","760"
"Morris","4","26","New Jersey","3/19/20","1","25","34027","2500"
"Ocean","5","33","New Jersey","3/19/20","0","33","34029","1"
"Passaic","5","38","New Jersey","3/19/20","1","37","34031","3700"
"Somerset","3","21","New Jersey","3/19/20","1","20","34035","2000"
"Sussex","0","2","New Jersey","3/19/20","0","2","34037","1"
"Union","4","29","New Jersey","3/19/20","1","28","34039","2800"
"Warren","0","3","New Jersey","3/19/20","0","3","34041","1"
"Bernalillo","3","20","New Mexico","3/19/20","2","18","35001","900"
"San Miguel","0","1","New Mexico","3/19/20","0","1","35047","1"
"Sandoval","1","4","New Mexico","3/19/20","0","4","35043","1"
"Santa Fe","1","7","New Mexico","3/19/20","1","6","35049","600"
"Socorro","0","2","New Mexico","3/19/20","2","0","35053","0"
"Taos","0","1","New Mexico","3/19/20","0","1","35055","1"
"Albany","6","43","New York","3/19/20","2","41","36001","2050"
"Allegany","0","2","New York","3/19/20","0","2","36003","1"
"Broome","0","1","New York","3/19/20","0","1","36007","1"
"Chenango","0","1","New York","3/19/20","0","1","36017","1"
"Clinton","0","1","New York","3/19/20","0","1","36019","1"
"Delaware","0","1","New York","3/19/20","1","0","36025","0"
"Dutchess","4","31","New York","3/19/20","1","30","36027","3000"
"Erie","4","28","New York","3/19/20","0","28","36029","1"
"Essex","0","1","New York","3/19/20","0","1","36031","1"
"Genesee","0","1","New York","3/19/20","0","1","36037","1"
"Greene","0","2","New York","3/19/20","0","2","36039","1"
"Hamilton","0","1","New York","3/19/20","0","1","36041","1"
"Herkimer","0","1","New York","3/19/20","1","0","36043","0"
"Monroe","4","30","New York","3/19/20","2","28","36055","1400"
"Montgomery","0","2","New York","3/19/20","0","2","36057","1"
"Nassau","47","372","New York","3/19/20","41","331","36059","807.32"
"New York","551","3954","New York","3/19/20","95","3859","36061","4062.11"
"Niagara","1","4","New York","3/19/20","0","4","36063","1"
"Oneida","0","2","New York","3/19/20","0","2","36065","1"
"Onondaga","1","7","New York","3/19/20","0","7","36067","1"
"Ontario","0","1","New York","3/19/20","0","1","36069","1"
"Orange","7","51","New York","3/19/20","2","49","36071","2450"
"Putnam","1","5","New York","3/19/20","0","5","36079","1"
"Rensselaer","1","4","New York","3/19/20","0","4","36083","1"
"Rockland","7","53","New York","3/19/20","7","46","36087","657.14"
"Saratoga","2","14","New York","3/19/20","3","11","36091","366.67"
"Schenectady","2","14","New York","3/19/20","0","14","36093","1"
"Schoharie","0","1","New York","3/19/20","0","1","36095","1"
"Suffolk","31","239","New York","3/19/20","20","219","36103","1095"
"Sullivan","0","1","New York","3/19/20","0","1","36105","1"
"Tioga","0","1","New York","3/19/20","0","1","36107","1"
"Tompkins","1","6","New York","3/19/20","0","6","36109","1"
"Ulster","1","9","New York","3/19/20","4","5","36111","125"
"Warren","0","1","New York","3/19/20","0","1","36113","1"
"Washington","0","1","New York","3/19/20","0","1","36115","1"
"Westchester","93","798","New York","3/19/20","148","650","36119","439.19"
"Wyoming","0","2","New York","3/19/20","0","2","36121","1"
"Brunswick","0","1","North Carolina","3/19/20","0","1","37019","1"
"Buncombe","0","1","North Carolina","3/19/20","0","1","37021","1"
"Cabarrus","0","1","North Carolina","3/19/20","0","1","37025","1"
"Chatham","0","3","North Carolina","3/19/20","1","2","37037","200"
"Craven","0","2","North Carolina","3/19/20","0","2","37049","1"
"Cumberland","0","2","North Carolina","3/19/20","0","2","37051","1"
"Davidson","0","1","North Carolina","3/19/20","0","1","37057","1"
"Durham","5","35","North Carolina","3/19/20","1","34","37063","3400"
"Forsyth","0","5","North Carolina","3/19/20","3","2","37067","66.67"
"Gaston","0","1","North Carolina","3/19/20","0","1","37071","1"
"Guilford","0","3","North Carolina","3/19/20","0","3","37081","1"
"Harnett","1","6","North Carolina","3/19/20","0","6","37085","1"
"Hoke","0","1","North Carolina","3/19/20","0","1","37093","1"
"Iredell","0","2","North Carolina","3/19/20","0","2","37097","1"
"Johnston","0","2","North Carolina","3/19/20","1","1","37101","100"
"Lincoln","0","1","North Carolina","3/19/20","0","1","37109","1"
"Mecklenburg","4","30","North Carolina","3/19/20","2","28","37119","1400"
"Moore","0","2","North Carolina","3/19/20","0","2","37125","1"
"New Hanover","0","1","North Carolina","3/19/20","0","1","37129","1"
"Onslow","0","1","North Carolina","3/19/20","0","1","37133","1"
"Pasquotank","0","1","North Carolina","3/19/20","0","1","37139","1"
"Pitt","0","1","North Carolina","3/19/20","0","1","37147","1"
"Rowan","0","1","North Carolina","3/19/20","0","1","37159","1"
"Sampson","0","1","North Carolina","3/19/20","0","1","37163","1"
"Union","0","2","North Carolina","3/19/20","0","2","37179","1"
"Wake","3","25","North Carolina","3/19/20","7","18","37183","257.14"
"Watauga","0","2","North Carolina","3/19/20","0","2","37189","1"
"Wayne","0","1","North Carolina","3/19/20","0","1","37191","1"
"Wilson","0","1","North Carolina","3/19/20","0","1","37195","1"
"Burleigh","2","11","North Dakota","3/19/20","0","11","38015","1"
"Cass","0","1","North Dakota","3/19/20","0","1","38017","1"
"Morton","1","4","North Dakota","3/19/20","0","4","38059","1"
"Ward","0","3","North Dakota","3/19/20","1","2","38101","200"
"Ashland","0","1","Ohio","3/19/20","0","1","39005","1"
"Belmont","0","2","Ohio","3/19/20","0","2","39013","1"
"Butler","1","8","Ohio","3/19/20","0","8","39017","1"
"Clark","0","1","Ohio","3/19/20","0","1","39023","1"
"Coshocton","0","2","Ohio","3/19/20","0","2","39031","1"
"Cuyahoga","7","53","Ohio","3/19/20","3","50","39035","1666.67"
"Darke","0","1","Ohio","3/19/20","0","1","39037","1"
"Delaware","0","2","Ohio","3/19/20","0","2","39041","1"
"Franklin","1","10","Ohio","3/19/20","0","10","39049","1"
"Geauga","0","1","Ohio","3/19/20","0","1","39055","1"
"Hamilton","0","1","Ohio","3/19/20","0","1","39061","1"
"Huron","0","1","Ohio","3/19/20","0","1","39077","1"
"Lake","0","2","Ohio","3/19/20","0","2","39085","1"
"Lorain","1","6","Ohio","3/19/20","0","6","39093","1"
"Lucas","0","1","Ohio","3/19/20","0","1","39095","1"
"Mahoning","1","5","Ohio","3/19/20","0","5","39099","1"
"Medina","1","5","Ohio","3/19/20","0","5","39103","1"
"Miami","0","1","Ohio","3/19/20","0","1","39109","1"
"Montgomery","0","1","Ohio","3/19/20","0","1","39113","1"
"Richland","0","1","Ohio","3/19/20","0","1","39139","1"
"Stark","1","5","Ohio","3/19/20","1","4","39151","400"
"Summit","1","6","Ohio","3/19/20","0","6","39153","1"
"Trumbull","0","2","Ohio","3/19/20","1","1","39155","100"
"Tuscarawas","0","1","Ohio","3/19/20","0","1","39157","1"
"Canadian","0","2","Oklahoma","3/19/20","0","2","40017","1"
"Cleveland","1","9","Oklahoma","3/19/20","0","9","40027","1"
"Custer","0","1","Oklahoma","3/19/20","0","1","40039","1"
"Grady","0","1","Oklahoma","3/19/20","0","1","40051","1"
"Jackson","0","1","Oklahoma","3/19/20","1","0","40065","0"
"Kay","0","2","Oklahoma","3/19/20","0","2","40071","1"
"Logan","0","1","Oklahoma","3/19/20","0","1","40083","1"
"McClain","0","1","Oklahoma","3/19/20","0","1","40087","1"
"Oklahoma","3","18","Oklahoma","3/19/20","0","18","40109","1"
"Pawnee","0","1","Oklahoma","3/19/20","0","1","40117","1"
"Payne","0","1","Oklahoma","3/19/20","0","1","40119","1"
"Tulsa","0","5","Oklahoma","3/19/20","2","3","40143","150"
"Washington","0","1","Oklahoma","3/19/20","0","1","40147","1"
"Benton","0","3","Oregon","3/19/20","0","3","41003","1"
"Clackamas","1","6","Oregon","3/19/20","1","5","41005","500"
"Deschutes","1","6","Oregon","3/19/20","1","5","41017","500"
"Douglas","0","1","Oregon","3/19/20","1","0","41019","0"
"Jackson","0","2","Oregon","3/19/20","2","0","41029","0"
"Klamath","0","1","Oregon","3/19/20","1","0","41035","0"
"Lane","0","2","Oregon","3/19/20","0","2","41039","1"
"Linn","2","17","Oregon","3/19/20","2","15","41043","750"
"Marion","2","13","Oregon","3/19/20","2","11","41047","550"
"Multnomah","1","7","Oregon","3/19/20","1","6","41051","600"
"Polk","0","1","Oregon","3/19/20","1","0","41053","0"
"Umatilla","0","2","Oregon","3/19/20","2","0","41059","0"
"Washington","2","25","Oregon","3/19/20","10","15","41067","150"
"Yamhill","0","2","Oregon","3/19/20","0","2","41071","1"
"Allegheny","3","18","Pennsylvania","3/19/20","0","18","42003","1"
"Beaver","0","2","Pennsylvania","3/19/20","0","2","42007","1"
"Berks","0","1","Pennsylvania","3/19/20","0","1","42011","1"
"Bucks","1","12","Pennsylvania","3/19/20","2","10","42017","500"
"Chester","1","10","Pennsylvania","3/19/20","0","10","42029","1"
"Cumberland","2","11","Pennsylvania","3/19/20","0","11","42041","1"
"Delaware","2","14","Pennsylvania","3/19/20","1","13","42045","1300"
"Erie","0","1","Pennsylvania","3/19/20","0","1","42049","1"
"Lackawanna","0","2","Pennsylvania","3/19/20","0","2","42069","1"
"Lancaster","0","2","Pennsylvania","3/19/20","0","2","42071","1"
"Lebanon","0","1","Pennsylvania","3/19/20","0","1","42075","1"
"Lehigh","0","1","Pennsylvania","3/19/20","0","1","42077","1"
"Luzerne","0","1","Pennsylvania","3/19/20","0","1","42079","1"
"Monroe","2","15","Pennsylvania","3/19/20","2","13","42089","650"
"Montgomery","6","55","Pennsylvania","3/19/20","13","42","42091","323.08"
"Northampton","1","5","Pennsylvania","3/19/20","1","4","42095","400"
"Philadelphia","6","44","Pennsylvania","3/19/20","1","43","42101","4300"
"Pike","0","3","Pennsylvania","3/19/20","1","2","42103","200"
"Washington","0","3","Pennsylvania","3/19/20","0","3","42125","1"
"Wayne","0","1","Pennsylvania","3/19/20","1","0","42127","0"
"Westmoreland","0","2","Pennsylvania","3/19/20","0","2","42129","1"
"York","0","2","Pennsylvania","3/19/20","0","2","42133","1"
"","1","5","Puerto Rico","3/19/20","0","5",,"1"
"Providence","6","44","Rhode Island","3/19/20","3","41","44007","1366.67"
"Abbeville","0","1","South Carolina","3/19/20","0","1","45001","1"
"Anderson","0","2","South Carolina","3/19/20","0","2","45007","1"
"Beaufort","1","7","South Carolina","3/19/20","0","7","45013","1"
"Calhoun","0","1","South Carolina","3/19/20","0","1","45017","1"
"Charleston","1","5","South Carolina","3/19/20","1","4","45019","400"
"Dorchester","0","1","South Carolina","3/19/20","0","1","45035","1"
"Fairfield","0","1","South Carolina","3/19/20","0","1","45039","1"
"Greenville","1","7","South Carolina","3/19/20","0","7","45045","1"
"Horry","1","6","South Carolina","3/19/20","0","6","45051","1"
"Kershaw","4","29","South Carolina","3/19/20","4","25","45055","625"
"Lancaster","0","3","South Carolina","3/19/20","1","2","45057","200"
"Lee","0","1","South Carolina","3/19/20","0","1","45061","1"
"Lexington","1","5","South Carolina","3/19/20","0","5","45063","1"
"Richland","1","8","South Carolina","3/19/20","0","8","45079","1"
"Saluda","0","1","South Carolina","3/19/20","0","1","45081","1"
"Spartanburg","0","1","South Carolina","3/19/20","1","0","45083","0"
"York","0","1","South Carolina","3/19/20","0","1","45091","1"
"Beadle","0","4","South Dakota","3/19/20","1","3","46005","300"
"Bon Homme","0","1","South Dakota","3/19/20","1","0","46009","0"
"Charles Mix","0","1","South Dakota","3/19/20","1","0","46023","0"
"Davison","0","1","South Dakota","3/19/20","0","1","46035","1"
"McCook","0","1","South Dakota","3/19/20","0","1","46087","1"
"Minnehaha","0","5","South Dakota","3/19/20","3","2","46099","66.67"
"Pennington","0","1","South Dakota","3/19/20","1","0","46103","0"
"Campbell","0","1","Tennessee","3/19/20","0","1","47013","1"
"Cheatham","0","1","Tennessee","3/19/20","0","1","47021","1"
"Cumberland","0","1","Tennessee","3/19/20","0","1","47035","1"
"Davidson","10","75","Tennessee","3/19/20","6","69","47037","1150"
"Hamilton","1","5","Tennessee","3/19/20","0","5","47065","1"
"Jefferson","0","1","Tennessee","3/19/20","0","1","47089","1"
"Knox","0","2","Tennessee","3/19/20","1","1","47093","100"
"Robertson","0","1","Tennessee","3/19/20","0","1","47147","1"
"Rutherford","0","1","Tennessee","3/19/20","0","1","47149","1"
"Sevier","0","1","Tennessee","3/19/20","0","1","47155","1"
"Shelby","1","10","Tennessee","3/19/20","2","8","47157","400"
"Sullivan","0","1","Tennessee","3/19/20","1","0","47163","0"
"Sumner","0","2","Tennessee","3/19/20","0","2","47165","1"
"Williamson","3","30","Tennessee","3/19/20","8","22","47187","275"
"Bell","1","6","Texas","3/19/20","0","6","48027","1"
"Bexar","4","29","Texas","3/19/20","0","29","48029","1"
"Bowie","0","1","Texas","3/19/20","0","1","48037","1"
"Brazoria","1","4","Texas","3/19/20","0","4","48039","1"
"Brazos","1","4","Texas","3/19/20","0","4","48041","1"
"Brown","0","1","Texas","3/19/20","0","1","48049","1"
"Collin","2","18","Texas","3/19/20","3","15","48085","500"
"Comal","0","1","Texas","3/19/20","0","1","48091","1"
"Crane","0","1","Texas","3/19/20","0","1","48103","1"
"Dallas","8","59","Texas","3/19/20","3","56","48113","1866.67"
"Denton","1","9","Texas","3/19/20","0","9","48121","1"
"DeWitt","0","1","Texas","3/19/20","0","1","48123","1"
"El Paso","1","6","Texas","3/19/20","0","6","48141","1"
"Ellis","0","1","Texas","3/19/20","0","1","48139","1"
"Fannin","0","1","Texas","3/19/20","0","1","48147","1"
"Fort Bend","2","19","Texas","3/19/20","6","13","48157","216.67"
"Galveston","1","4","Texas","3/19/20","0","4","48167","1"
"Gregg","0","1","Texas","3/19/20","1","0","48183","0"
"Grimes","0","1","Texas","3/19/20","0","1","48185","1"
"Harris","3","30","Texas","3/19/20","9","21","48201","233.33"
"Hays","1","5","Texas","3/19/20","0","5","48209","1"
"Jefferson","0","1","Texas","3/19/20","0","1","48245","1"
"Johnson","0","1","Texas","3/19/20","0","1","48251","1"
"Lavaca","0","1","Texas","3/19/20","0","1","48285","1"
"Lubbock","0","3","Texas","3/19/20","0","3","48303","1"
"Matagorda","0","3","Texas","3/19/20","0","3","48321","1"
"McLennan","1","6","Texas","3/19/20","0","6","48309","1"
"Montgomery","0","7","Texas","3/19/20","4","3","48339","75"
"Potter","0","2","Texas","3/19/20","0","2","48375","1"
"Rusk","0","1","Texas","3/19/20","0","1","48401","1"
"Smith","1","5","Texas","3/19/20","0","5","48423","1"
"Tarrant","3","19","Texas","3/19/20","1","18","48439","1800"
"Travis","6","41","Texas","3/19/20","0","41","48453","1"
"Van Zandt","0","1","Texas","3/19/20","0","1","48467","1"
"Webb","0","1","Texas","3/19/20","0","1","48479","1"
"Wichita","0","1","Texas","3/19/20","0","1","48485","1"
"Williamson","1","8","Texas","3/19/20","0","8","48491","1"
"Cache","0","2","Utah","3/19/20","0","2","49005","1"
"Davis","1","6","Utah","3/19/20","1","5","49011","500"
"Salt Lake","4","29","Utah","3/19/20","0","29","49035","1"
"Summit","3","19","Utah","3/19/20","1","18","49043","1800"
"Tooele","0","1","Utah","3/19/20","0","1","49045","1"
"Utah","0","2","Utah","3/19/20","0","2","49049","1"
"Wasatch","0","3","Utah","3/19/20","0","3","49051","1"
"Weber-Morgan","0","0","Utah","3/19/20","1","-1","00000","-100"
"Addison","0","1","Vermont","3/19/20","0","1","50001","1"
"Bennington","0","3","Vermont","3/19/20","1","2","50003","200"
"Chittenden","0","4","Vermont","3/19/20","1","3","50007","300"
"Orange","0","1","Vermont","3/19/20","0","1","50017","1"
"Washington","0","1","Vermont","3/19/20","0","1","50023","1"
"Windsor","0","3","Vermont","3/19/20","0","3","50027","1"
"","0","3","Virgin Islands","3/19/20","0","3",,"1"
"Albemarle","0","1","Virginia","3/19/20","0","1","51003","1"
"Alexandria","1","4","Virginia","3/19/20","0","4","51510","1"
"Arlington","2","17","Virginia","3/19/20","2","15","51013","750"
"Botetourt","0","1","Virginia","3/19/20","0","1","51023","1"
"Charles City","0","1","Virginia","3/19/20","0","1","51036","1"
"Charlottesville","0","3","Virginia","3/19/20","0","3","51540","1"
"Chesterfield","1","6","Virginia","3/19/20","0","6","51041","1"
"Fairfax","2","16","Virginia","3/19/20","5","11","51059","220"
"Gloucester","0","1","Virginia","3/19/20","0","1","51073","1"
"Goochland","0","1","Virginia","3/19/20","0","1","51075","1"
"Hanover","0","1","Virginia","3/19/20","1","0","51085","0"
"Harrisonburg","0","1","Virginia","3/19/20","0","1","51660","1"
"Henrico","0","3","Virginia","3/19/20","0","3","51087","1"
"James City","2","14","Virginia","3/19/20","0","14","51095","1"
"Loudoun","0","5","Virginia","3/19/20","2","3","51107","150"
"Lynchburg","0","1","Virginia","3/19/20","0","1","51680","1"
"Norfolk","0","1","Virginia","3/19/20","0","1","51710","1"
"Prince Edward","0","1","Virginia","3/19/20","0","1","51147","1"
"Prince William","2","11","Virginia","3/19/20","0","11","51153","1"
"Richmond City","0","3","Virginia","3/19/20","0","3","51760","1"
"Spotsylvania","0","1","Virginia","3/19/20","1","0","51177","0"
"Stafford","0","2","Virginia","3/19/20","0","2","51179","1"
"Suffolk","0","1","Virginia","3/19/20","0","1","51800","1"
"Virginia Beach","1","4","Virginia","3/19/20","0","4","51810","1"
"Westmoreland","0","0","Virginia","3/19/20","1","-1","51193","-100"
"Williamsburg","0","1","Virginia","3/19/20","0","1","51830","1"
"York","0","1","Virginia","3/19/20","0","1","51199","1"
"Chelan","0","2","Washington","3/19/20","0","2","53007","1"
"Clark","0","4","Washington","3/19/20","1","3","53011","300"
"Columbia","0","1","Washington","3/19/20","0","1","53013","1"
"Cowlitz","0","1","Washington","3/19/20","0","1","53015","1"
"Franklin","0","1","Washington","3/19/20","0","1","53021","1"
"Grant","1","8","Washington","3/19/20","1","7","53025","700"
"Grays Harbor","0","1","Washington","3/19/20","0","1","53027","1"
"Island","2","17","Washington","3/19/20","1","16","53029","1600"
"Jefferson","0","4","Washington","3/19/20","1","3","53031","300"
"King","60","693","Washington","3/19/20","270","423","53033","156.67"
"Kitsap","1","12","Washington","3/19/20","2","10","53035","500"
"Kittitas","0","4","Washington","3/19/20","2","2","53037","100"
"Klickitat","0","2","Washington","3/19/20","0","2","53039","1"
"Lewis","0","1","Washington","3/19/20","0","1","53041","1"
"Lincoln","0","1","Washington","3/19/20","0","1","53043","1"
"Mason","0","1","Washington","3/19/20","0","1","53045","1"
"Pierce","8","75","Washington","3/19/20","17","58","53053","341.18"
"Skagit","2","18","Washington","3/19/20","1","17","53057","1700"
"Snohomish","34","348","Washington","3/19/20","108","240","53061","222.22"
"Spokane","1","9","Washington","3/19/20","0","9","53063","1"
"Thurston","1","6","Washington","3/19/20","1","5","53067","500"
"Whatcom","1","7","Washington","3/19/20","1","6","53073","600"
"Yakima","1","7","Washington","3/19/20","0","7","53077","1"
"Jefferson","0","1","West Virginia","3/19/20","0","1","54037","1"
"Mercer","0","1","West Virginia","3/19/20","0","1","54055","1"
"Bayfield","0","1","Wisconsin","3/19/20","0","1","55007","1"
"Brown","0","2","Wisconsin","3/19/20","0","2","55009","1"
"Calumet","0","1","Wisconsin","3/19/20","0","1","55015","1"
"Columbia","1","4","Wisconsin","3/19/20","0","4","55021","1"
"Dane","3","27","Wisconsin","3/19/20","4","23","55025","575"
"Dunn","0","1","Wisconsin","3/19/20","0","1","55033","1"
"Eau Claire","0","1","Wisconsin","3/19/20","0","1","55035","1"
"Fond du Lac","2","14","Wisconsin","3/19/20","2","12","55039","600"
"Kenosha","1","4","Wisconsin","3/19/20","0","4","55059","1"
"La Crosse","1","4","Wisconsin","3/19/20","0","4","55063","1"
"Milwaukee","9","62","Wisconsin","3/19/20","0","62","55079","1"
"Outagamie","0","1","Wisconsin","3/19/20","0","1","55087","1"
"Ozaukee","0","3","Wisconsin","3/19/20","0","3","55089","1"
"Pierce","0","1","Wisconsin","3/19/20","1","0","55093","0"
"Racine","0","3","Wisconsin","3/19/20","0","3","55101","1"
"Sauk","0","1","Wisconsin","3/19/20","0","1","55111","1"
"Sheboygan","1","6","Wisconsin","3/19/20","0","6","55117","1"
"St. Croix","0","1","Wisconsin","3/19/20","0","1","55109","1"
"Walworth","0","2","Wisconsin","3/19/20","0","2","55127","1"
"Washington","0","2","Wisconsin","3/19/20","0","2","55131","1"
"Waukesha","2","12","Wisconsin","3/19/20","1","11","55133","1100"
"Winnebago","1","5","Wisconsin","3/19/20","0","5","55139","1"
"Wood","0","1","Wisconsin","3/19/20","0","1","55141","1"
"Fremont","1","8","Wyoming","3/19/20","0","8","56013","1"
"Laramie","1","4","Wyoming","3/19/20","0","4","56021","1"
"Park","0","1","Wyoming","3/19/20","0","1","56029","1"
"Sheridan","0","4","Wyoming","3/19/20","1","3","56033","300"
"Teton","0","1","Wyoming","3/19/20","0","1","56039","1"
