"Locality","DailyAvgNewCasesPast7Days","TotalCases","State","Date","TotalCases7DaysAgo","NewCasesPast7Days","FIPS-Code","PercentIncreaseTotalCasesPast7Days"
"Autauga","1","6","Alabama","3/28/20","0","6","01001","1"
"Baldwin","1","10","Alabama","3/28/20","2","8","01003","400"
"Blount","1","5","Alabama","3/28/20","0","5","01009","1"
"Bullock","0","3","Alabama","3/28/20","0","3","01011","1"
"Butler","0","1","Alabama","3/28/20","0","1","01013","1"
"Calhoun","0","3","Alabama","3/28/20","1","2","01015","200"
"Chambers","2","17","Alabama","3/28/20","1","16","01017","1600"
"Cherokee","0","1","Alabama","3/28/20","0","1","01019","1"
"Chilton","1","7","Alabama","3/28/20","0","7","01021","1"
"Choctaw","0","1","Alabama","3/28/20","0","1","01023","1"
"Clay","0","2","Alabama","3/28/20","0","2","01027","1"
"Cleburne","1","4","Alabama","3/28/20","0","4","01029","1"
"Colbert","0","1","Alabama","3/28/20","0","1","01033","1"
"Coosa","0","2","Alabama","3/28/20","0","2","01037","1"
"Covington","0","2","Alabama","3/28/20","0","2","01039","1"
"Crenshaw","0","1","Alabama","3/28/20","0","1","01041","1"
"Cullman","1","7","Alabama","3/28/20","2","5","01043","250"
"Dallas","0","2","Alabama","3/28/20","0","2","01047","1"
"DeKalb","1","4","Alabama","3/28/20","0","4","01049","1"
"Elmore","1","12","Alabama","3/28/20","6","6","01051","100"
"Escambia","0","1","Alabama","3/28/20","0","1","01053","1"
"Etowah","1","6","Alabama","3/28/20","0","6","01055","1"
"Franklin","0","3","Alabama","3/28/20","0","3","01059","1"
"Greene","0","3","Alabama","3/28/20","0","3","01063","1"
"Houston","1","4","Alabama","3/28/20","0","4","01069","1"
"Jackson","1","5","Alabama","3/28/20","1","4","01071","400"
"Jefferson","19","195","Alabama","3/28/20","61","134","01073","219.67"
"Lamar","0","1","Alabama","3/28/20","1","0","01075","0"
"Lauderdale","1","12","Alabama","3/28/20","2","10","01077","500"
"Lawrence","0","3","Alabama","3/28/20","0","3","01079","1"
"Lee","6","56","Alabama","3/28/20","12","44","01081","366.67"
"Limestone","2","16","Alabama","3/28/20","1","15","01083","1500"
"Lowndes","0","1","Alabama","3/28/20","0","1","01085","1"
"Madison","8","62","Alabama","3/28/20","9","53","01089","588.89"
"Marengo","0","3","Alabama","3/28/20","0","3","01091","1"
"Marion","1","9","Alabama","3/28/20","1","8","01093","800"
"Marshall","1","4","Alabama","3/28/20","0","4","01095","1"
"Mobile","4","29","Alabama","3/28/20","2","27","01097","1350"
"Monroe","0","1","Alabama","3/28/20","0","1","01099","1"
"Montgomery","2","18","Alabama","3/28/20","3","15","01101","500"
"Morgan","2","15","Alabama","3/28/20","0","15","01103","1"
"Pickens","0","1","Alabama","3/28/20","0","1","01107","1"
"Pike","1","4","Alabama","3/28/20","0","4","01109","1"
"Randolph","0","2","Alabama","3/28/20","0","2","01111","1"
"Russell","0","1","Alabama","3/28/20","0","1","01113","1"
"Shelby","8","72","Alabama","3/28/20","16","56","01117","350"
"St. Clair","1","11","Alabama","3/28/20","1","10","01115","1000"
"Talladega","0","4","Alabama","3/28/20","1","3","01121","300"
"Tallapoosa","1","5","Alabama","3/28/20","0","5","01123","1"
"Tuscaloosa","2","22","Alabama","3/28/20","6","16","01125","266.67"
"Walker","4","28","Alabama","3/28/20","1","27","01127","2700"
"Washington","0","2","Alabama","3/28/20","1","1","01129","100"
"Wilcox","0","2","Alabama","3/28/20","0","2","01131","1"
"Winston","0","2","Alabama","3/28/20","0","2","01133","1"
"Anchorage","6","43","Alaska","3/28/20","4","39","02020","975"
"Fairbanks North Star","2","19","Alaska","3/28/20","6","13","02090","216.67"
"Juneau","1","4","Alaska","3/28/20","0","4","02110","1"
"Kenai Peninsula","1","5","Alaska","3/28/20","0","5","02122","1"
"Ketchikan Gateway","1","12","Alaska","3/28/20","3","9","02130","300"
"Matanuska-Susitna","0","2","Alaska","3/28/20","0","2","02170","1"
"Apache","1","13","Arizona","3/28/20","3","10","04001","333.33"
"Cochise","0","3","Arizona","3/28/20","1","2","04003","200"
"Coconino","6","56","Arizona","3/28/20","11","45","04005","409.09"
"Gila","0","1","Arizona","3/28/20","0","1","04007","1"
"Graham","0","2","Arizona","3/28/20","1","1","04009","100"
"La Paz","0","2","Arizona","3/28/20","0","2","04012","1"
"Maricopa","58","454","Arizona","3/28/20","49","405","04013","826.53"
"Mohave","1","5","Arizona","3/28/20","0","5","04015","1"
"Navajo","7","57","Arizona","3/28/20","10","47","04017","470"
"Pima","15","120","Arizona","3/28/20","12","108","04019","900"
"Pinal","4","41","Arizona","3/28/20","14","27","04021","192.86"
"Santa Cruz","0","2","Arizona","3/28/20","1","1","04023","100"
"Yavapai","2","13","Arizona","3/28/20","1","12","04025","1200"
"Yuma","0","4","Arizona","3/28/20","1","3","04027","300"
"Baxter","0","1","Arkansas","3/28/20","0","1","05005","1"
"Benton","4","28","Arkansas","3/28/20","0","28","05007","1"
"Boone","0","1","Arkansas","3/28/20","0","1","05009","1"
"Bradley","1","4","Arkansas","3/28/20","0","4","05011","1"
"Chicot","0","1","Arkansas","3/28/20","0","1","05017","1"
"Clark","3","18","Arkansas","3/28/20","0","18","05019","1"
"Cleburne","7","50","Arkansas","3/28/20","0","50","05023","1"
"Cleveland","1","5","Arkansas","3/28/20","0","5","05025","1"
"Columbia","0","1","Arkansas","3/28/20","0","1","05027","1"
"Conway","0","1","Arkansas","3/28/20","0","1","05029","1"
"Craighead","1","4","Arkansas","3/28/20","0","4","05031","1"
"Crawford","0","1","Arkansas","3/28/20","0","1","05033","1"
"Crittenden","2","14","Arkansas","3/28/20","0","14","05035","1"
"Cross","0","1","Arkansas","3/28/20","0","1","05037","1"
"Desha","0","2","Arkansas","3/28/20","0","2","05041","1"
"Drew","0","1","Arkansas","3/28/20","0","1","05043","1"
"Faulkner","4","29","Arkansas","3/28/20","0","29","05045","1"
"Garland","3","20","Arkansas","3/28/20","0","20","05051","1"
"Grant","0","3","Arkansas","3/28/20","0","3","05053","1"
"Greene","0","1","Arkansas","3/28/20","0","1","05055","1"
"Hot Spring","0","1","Arkansas","3/28/20","0","1","05059","1"
"Howard","0","1","Arkansas","3/28/20","0","1","05061","1"
"Independence","0","3","Arkansas","3/28/20","0","3","05063","1"
"Jefferson","3","25","Arkansas","3/28/20","3","22","05069","733.33"
"Johnson","0","1","Arkansas","3/28/20","0","1","05071","1"
"Lawrence","0","1","Arkansas","3/28/20","0","1","05075","1"
"Lincoln","1","6","Arkansas","3/28/20","0","6","05079","1"
"Lonoke","0","1","Arkansas","3/28/20","0","1","05085","1"
"Pike","0","1","Arkansas","3/28/20","0","1","05109","1"
"Poinsett","0","3","Arkansas","3/28/20","0","3","05111","1"
"Polk","0","1","Arkansas","3/28/20","0","1","05113","1"
"Pope","0","1","Arkansas","3/28/20","0","1","05115","1"
"Pulaski","13","92","Arkansas","3/28/20","0","92","05119","1"
"Randolph","0","1","Arkansas","3/28/20","0","1","05121","1"
"Saline","1","4","Arkansas","3/28/20","0","4","05125","1"
"Searcy","0","2","Arkansas","3/28/20","0","2","05129","1"
"Sebastian","0","2","Arkansas","3/28/20","0","2","05131","1"
"Sevier","0","1","Arkansas","3/28/20","0","1","05133","1"
"Stone","0","1","Arkansas","3/28/20","0","1","05137","1"
"Union","1","5","Arkansas","3/28/20","0","5","05139","1"
"Van Buren","2","17","Arkansas","3/28/20","0","17","05141","1"
"Washington","2","14","Arkansas","3/28/20","1","13","05143","1300"
"White","1","6","Arkansas","3/28/20","0","6","05145","1"
"Woodruff","0","1","Arkansas","3/28/20","0","1","05147","1"
"Alameda","22","220","California","3/28/20","68","152","06001","223.53"
"Amador","0","2","California","3/28/20","1","1","06005","100"
"Butte","1","5","California","3/28/20","0","5","06007","1"
"Calaveras","0","3","California","3/28/20","2","1","06009","50"
"Colusa","0","1","California","3/28/20","0","1","06011","1"
"Contra Costa","17","168","California","3/28/20","51","117","06013","229.41"
"El Dorado","2","12","California","3/28/20","0","12","06017","1"
"Fresno","4","31","California","3/28/20","6","25","06019","416.67"
"Humboldt","2","14","California","3/28/20","1","13","06023","1300"
"Imperial","2","21","California","3/28/20","4","17","06025","425"
"Inyo","1","5","California","3/28/20","0","5","06027","1"
"Kern","6","47","California","3/28/20","5","42","06029","840"
"Kings","0","2","California","3/28/20","0","2","06031","1"
"Los Angeles","168","1465","California","3/28/20","292","1173","06037","401.71"
"Madera","1","11","California","3/28/20","3","8","06039","266.67"
"Marin","4","68","California","3/28/20","38","30","06041","78.95"
"Mendocino","0","2","California","3/28/20","1","1","06045","100"
"Merced","1","7","California","3/28/20","0","7","06047","1"
"Mono","1","8","California","3/28/20","1","7","06051","700"
"Monterey","3","32","California","3/28/20","11","21","06053","190.91"
"Napa","1","9","California","3/28/20","0","9","06055","1"
"Nevada","2","12","California","3/28/20","1","11","06057","1100"
"Orange","46","403","California","3/28/20","78","325","06059","416.67"
"Placer","5","41","California","3/28/20","9","32","06061","355.56"
"Riverside","22","183","California","3/28/20","28","155","06065","553.57"
"Sacramento","16","164","California","3/28/20","53","111","06067","209.43"
"San Benito","1","14","California","3/28/20","5","9","06069","180"
"San Bernardino","9","76","California","3/28/20","10","66","06071","660"
"San Diego","41","413","California","3/28/20","127","286","06073","225.2"
"San Francisco","32","308","California","3/28/20","84","224","06075","266.67"
"San Joaquin","9","93","California","3/28/20","31","62","06077","200"
"San Luis Obispo","7","67","California","3/28/20","21","46","06079","219.05"
"San Mateo","23","274","California","3/28/20","110","164","06081","149.09"
"Santa Barbara","5","47","California","3/28/20","9","38","06083","422.22"
"Santa Clara","47","591","California","3/28/20","263","328","06085","124.71"
"Santa Cruz","3","34","California","3/28/20","15","19","06087","126.67"
"Shasta","0","3","California","3/28/20","1","2","06089","200"
"Siskiyou","0","3","California","3/28/20","0","3","06093","1"
"Solano","3","34","California","3/28/20","13","21","06095","161.54"
"Sonoma","4","50","California","3/28/20","22","28","06097","127.27"
"Stanislaus","3","23","California","3/28/20","5","18","06099","360"
"Sutter","0","3","California","3/28/20","0","3","06101","1"
"Tulare","2","24","California","3/28/20","11","13","06107","118.18"
"Ventura","9","83","California","3/28/20","19","64","06111","336.84"
"Yolo","1","16","California","3/28/20","6","10","06113","166.67"
"Yuba","0","3","California","3/28/20","0","3","06115","1"
"Adams","12","95","Colorado","3/28/20","14","81","08001","578.57"
"Alamosa","0","1","Colorado","3/28/20","0","1","08003","1"
"Arapahoe","23","204","Colorado","3/28/20","40","164","08005","410"
"Baca","0","1","Colorado","3/28/20","0","1","08009","1"
"Boulder","8","84","Colorado","3/28/20","30","54","08013","180"
"Broomfield","2","16","Colorado","3/28/20","1","15","08014","1500"
"Chaffee","1","11","Colorado","3/28/20","2","9","08015","450"
"Clear Creek","0","3","Colorado","3/28/20","3","0","08019","0"
"Costilla","0","1","Colorado","3/28/20","0","1","08023","1"
"Crowley","0","1","Colorado","3/28/20","1","0","08025","0"
"Delta","0","1","Colorado","3/28/20","0","1","08029","1"
"Denver","39","367","Colorado","3/28/20","97","270","08031","278.35"
"Douglas","9","92","Colorado","3/28/20","27","65","08035","240.74"
"Eagle","15","182","Colorado","3/28/20","74","108","08037","145.95"
"El Paso","21","184","Colorado","3/28/20","37","147","08041","397.3"
"Elbert","0","3","Colorado","3/28/20","3","0","08039","0"
"Fremont","0","1","Colorado","3/28/20","0","1","08043","1"
"Garfield","2","23","Colorado","3/28/20","7","16","08045","228.57"
"Grand","0","2","Colorado","3/28/20","2","0","08049","0"
"Gunnison","9","78","Colorado","3/28/20","18","60","08051","333.33"
"Hinsdale","0","1","Colorado","3/28/20","1","0","08053","0"
"Huerfano","0","1","Colorado","3/28/20","0","1","08055","1"
"Jefferson","20","182","Colorado","3/28/20","43","139","08059","323.26"
"Kit Carson","0","2","Colorado","3/28/20","0","2","08063","1"
"La Plata","2","17","Colorado","3/28/20","0","17","08067","1"
"Larimer","9","79","Colorado","3/28/20","19","60","08069","315.79"
"Lincoln","0","1","Colorado","3/28/20","0","1","08073","1"
"Logan","1","5","Colorado","3/28/20","0","5","08075","1"
"Mesa","1","9","Colorado","3/28/20","1","8","08077","800"
"Moffat","0","2","Colorado","3/28/20","0","2","08081","1"
"Montrose","1","8","Colorado","3/28/20","1","7","08085","700"
"Morgan","0","4","Colorado","3/28/20","2","2","08087","100"
"Otero","0","3","Colorado","3/28/20","0","3","08089","1"
"Park","0","1","Colorado","3/28/20","1","0","08093","0"
"Pitkin","2","26","Colorado","3/28/20","15","11","08097","73.33"
"Pueblo","1","7","Colorado","3/28/20","3","4","08101","133.33"
"Rio Grande","0","2","Colorado","3/28/20","0","2","08105","1"
"Routt","2","14","Colorado","3/28/20","2","12","08107","600"
"San Miguel","0","1","Colorado","3/28/20","1","0","08113","0"
"Summit","1","13","Colorado","3/28/20","7","6","08117","85.71"
"Teller","1","7","Colorado","3/28/20","0","7","08119","1"
"Washington","0","1","Colorado","3/28/20","0","1","08121","1"
"Weld","20","161","Colorado","3/28/20","21","140","08123","666.67"
"Yuma","0","2","Colorado","3/28/20","1","1","08125","100"
"Fairfield","112","908","Connecticut","3/28/20","122","786","09001","644.26"
"Hartford","28","228","Connecticut","3/28/20","29","199","09003","686.21"
"Litchfield","8","65","Connecticut","3/28/20","8","57","09005","712.5"
"Middlesex","3","28","Connecticut","3/28/20","5","23","09007","460"
"New Haven","30","236","Connecticut","3/28/20","23","213","09009","926.09"
"New London","3","19","Connecticut","3/28/20","1","18","09011","1800"
"Tolland","5","37","Connecticut","3/28/20","4","33","09013","825"
"Windham","0","3","Connecticut","3/28/20","2","1","09015","50"
"Kent","3","25","Delaware","3/28/20","5","20","10001","400"
"New Castle","14","130","Delaware","3/28/20","32","98","10003","306.25"
"Sussex","7","59","Delaware","3/28/20","8","51","10005","637.5"
"","0","49","Diamond Princess","3/28/20","49","0",,"0"
"District of Columbia","29","304","District of Columbia","3/28/20","98","206","11001","210.2"
"Alachua","6","67","Florida","3/28/20","25","42","12001","168"
"Baker","1","7","Florida","3/28/20","1","6","12003","600"
"Bay","1","5","Florida","3/28/20","1","4","12005","400"
"Bradford","0","1","Florida","3/28/20","0","1","12007","1"
"Brevard","3","26","Florida","3/28/20","5","21","12009","420"
"Broward","93","814","Florida","3/28/20","164","650","12011","396.34"
"Charlotte","1","12","Florida","3/28/20","2","10","12015","500"
"Citrus","1","14","Florida","3/28/20","8","6","12017","75"
"Clay","3","24","Florida","3/28/20","6","18","12019","300"
"Collier","9","92","Florida","3/28/20","28","64","12021","228.57"
"Columbia","0","3","Florida","3/28/20","0","3","12023","1"
"DeSoto","1","7","Florida","3/28/20","0","7","12027","1"
"Duval","13","115","Florida","3/28/20","25","90","12031","360"
"Escambia","4","28","Florida","3/28/20","1","27","12033","2700"
"Flagler","2","13","Florida","3/28/20","0","13","12035","1"
"Gadsden","0","1","Florida","3/28/20","1","0","12039","0"
"Hernando","1","13","Florida","3/28/20","6","7","12053","116.67"
"Highlands","1","10","Florida","3/28/20","0","10","12055","1"
"Hillsborough","21","195","Florida","3/28/20","47","148","12057","314.89"
"Indian River","2","16","Florida","3/28/20","5","11","12061","220"
"Jackson","0","1","Florida","3/28/20","1","0","12063","0"
"Lake","4","35","Florida","3/28/20","4","31","12069","775"
"Lee","12","101","Florida","3/28/20","17","84","12071","494.12"
"Leon","2","16","Florida","3/28/20","4","12","12073","300"
"Levy","0","1","Florida","3/28/20","0","1","12075","1"
"Manatee","2","30","Florida","3/28/20","13","17","12081","130.77"
"Marion","2","17","Florida","3/28/20","2","15","12083","750"
"Martin","3","25","Florida","3/28/20","1","24","12085","2400"
"Miami-Dade","119","1003","Florida","3/28/20","169","834","12086","493.49"
"Monroe","3","20","Florida","3/28/20","1","19","12087","1900"
"Nassau","1","6","Florida","3/28/20","1","5","12089","500"
"Okaloosa","2","27","Florida","3/28/20","12","15","12091","125"
"Orange","25","206","Florida","3/28/20","29","177","12095","610.34"
"Osceola","6","66","Florida","3/28/20","21","45","12097","214.29"
"Palm Beach","34","292","Florida","3/28/20","56","236","12099","421.43"
"Pasco","3","28","Florida","3/28/20","8","20","12101","250"
"Pinellas","9","94","Florida","3/28/20","29","65","12103","224.14"
"Polk","3","34","Florida","3/28/20","10","24","12105","240"
"Putnam","2","12","Florida","3/28/20","1","11","12107","1100"
"Santa Rosa","2","14","Florida","3/28/20","3","11","12113","366.67"
"Sarasota","5","48","Florida","3/28/20","14","34","12115","242.86"
"Seminole","7","61","Florida","3/28/20","12","49","12117","408.33"
"St. Johns","6","48","Florida","3/28/20","9","39","12109","433.33"
"St. Lucie","3","21","Florida","3/28/20","1","20","12111","2000"
"Sumter","4","33","Florida","3/28/20","4","29","12119","725"
"Suwannee","0","1","Florida","3/28/20","0","1","12121","1"
"Volusia","5","44","Florida","3/28/20","11","33","12127","300"
"Walton","2","15","Florida","3/28/20","4","11","12131","275"
"Washington","0","1","Florida","3/28/20","0","1","12133","1"
"Baker","0","1","Georgia","3/28/20","0","1","13007","1"
"Baldwin","0","2","Georgia","3/28/20","2","0","13009","0"
"Barrow","1","7","Georgia","3/28/20","1","6","13013","600"
"Bartow","9","116","Georgia","3/28/20","56","60","13015","107.14"
"Ben Hill","0","2","Georgia","3/28/20","0","2","13017","1"
"Bibb","1","11","Georgia","3/28/20","1","10","13021","1000"
"Bryan","1","6","Georgia","3/28/20","0","6","13029","1"
"Burke","0","3","Georgia","3/28/20","0","3","13033","1"
"Butts","1","5","Georgia","3/28/20","0","5","13035","1"
"Calhoun","0","2","Georgia","3/28/20","0","2","13037","1"
"Camden","0","2","Georgia","3/28/20","0","2","13039","1"
"Carroll","7","64","Georgia","3/28/20","14","50","13045","357.14"
"Catoosa","0","1","Georgia","3/28/20","0","1","13047","1"
"Charlton","0","1","Georgia","3/28/20","1","0","13049","0"
"Chatham","2","15","Georgia","3/28/20","4","11","13051","275"
"Chattahoochee","0","1","Georgia","3/28/20","0","1","13053","1"
"Chattooga","0","1","Georgia","3/28/20","0","1","13055","1"
"Cherokee","5","52","Georgia","3/28/20","17","35","13057","205.88"
"Clarke","4","35","Georgia","3/28/20","9","26","13059","288.89"
"Clayton","6","57","Georgia","3/28/20","13","44","13063","338.46"
"Clinch","0","1","Georgia","3/28/20","0","1","13065","1"
"Cobb","19","181","Georgia","3/28/20","50","131","13067","262"
"Coffee","0","3","Georgia","3/28/20","0","3","13069","1"
"Colquitt","1","5","Georgia","3/28/20","0","5","13071","1"
"Columbia","1","12","Georgia","3/28/20","3","9","13073","300"
"Coweta","2","19","Georgia","3/28/20","8","11","13077","137.5"
"Crisp","1","5","Georgia","3/28/20","0","5","13081","1"
"Dawson","0","2","Georgia","3/28/20","1","1","13085","100"
"Decatur","0","3","Georgia","3/28/20","0","3","13087","1"
"DeKalb","28","240","Georgia","3/28/20","41","199","13089","485.37"
"Dodge","0","1","Georgia","3/28/20","0","1","13091","1"
"Dougherty","23","205","Georgia","3/28/20","47","158","13095","336.17"
"Douglas","4","35","Georgia","3/28/20","4","31","13097","775"
"Early","2","15","Georgia","3/28/20","2","13","13099","650"
"Effingham","0","4","Georgia","3/28/20","1","3","13103","300"
"Fannin","0","3","Georgia","3/28/20","0","3","13111","1"
"Fayette","2","25","Georgia","3/28/20","9","16","13113","177.78"
"Floyd","3","27","Georgia","3/28/20","8","19","13115","237.5"
"Forsyth","2","21","Georgia","3/28/20","4","17","13117","425"
"Franklin","0","2","Georgia","3/28/20","0","2","13119","1"
"Fulton","39","373","Georgia","3/28/20","99","274","13121","276.77"
"Glynn","1","7","Georgia","3/28/20","2","5","13127","250"
"Gordon","1","14","Georgia","3/28/20","4","10","13129","250"
"Greene","0","1","Georgia","3/28/20","0","1","13133","1"
"Gwinnett","15","129","Georgia","3/28/20","23","106","13135","460.87"
"Hall","3","31","Georgia","3/28/20","8","23","13139","287.5"
"Haralson","0","1","Georgia","3/28/20","0","1","13143","1"
"Harris","0","1","Georgia","3/28/20","0","1","13145","1"
"Hart","0","1","Georgia","3/28/20","0","1","13147","1"
"Heard","0","1","Georgia","3/28/20","1","0","13149","0"
"Henry","6","50","Georgia","3/28/20","7","43","13151","614.29"
"Houston","1","12","Georgia","3/28/20","2","10","13153","500"
"Irwin","0","3","Georgia","3/28/20","0","3","13155","1"
"Jackson","0","2","Georgia","3/28/20","0","2","13157","1"
"Jasper","0","2","Georgia","3/28/20","0","2","13159","1"
"Jenkins","0","1","Georgia","3/28/20","0","1","13165","1"
"Jones","0","2","Georgia","3/28/20","0","2","13169","1"
"Lamar","0","2","Georgia","3/28/20","1","1","13171","100"
"Laurens","1","7","Georgia","3/28/20","2","5","13175","250"
"Lee","3","37","Georgia","3/28/20","14","23","13177","164.29"
"Liberty","0","2","Georgia","3/28/20","0","2","13179","1"
"Lincoln","0","3","Georgia","3/28/20","1","2","13181","200"
"Long","0","1","Georgia","3/28/20","0","1","13183","1"
"Lowndes","2","20","Georgia","3/28/20","7","13","13185","185.71"
"Lumpkin","0","4","Georgia","3/28/20","1","3","13187","300"
"Macon","0","1","Georgia","3/28/20","0","1","13193","1"
"Madison","0","3","Georgia","3/28/20","0","3","13195","1"
"McDuffie","0","1","Georgia","3/28/20","0","1","13189","1"
"Meriwether","0","3","Georgia","3/28/20","0","3","13199","1"
"Miller","0","4","Georgia","3/28/20","1","3","13201","300"
"Mitchell","2","14","Georgia","3/28/20","0","14","13205","1"
"Monroe","0","3","Georgia","3/28/20","1","2","13207","200"
"Morgan","0","1","Georgia","3/28/20","0","1","13211","1"
"Murray","0","2","Georgia","3/28/20","0","2","13213","1"
"Muscogee","1","8","Georgia","3/28/20","2","6","13215","300"
"Newton","2","15","Georgia","3/28/20","4","11","13217","275"
"Oconee","1","10","Georgia","3/28/20","1","9","13219","900"
"Paulding","2","19","Georgia","3/28/20","4","15","13223","375"
"Peach","1","6","Georgia","3/28/20","2","4","13225","200"
"Pickens","0","5","Georgia","3/28/20","2","3","13227","150"
"Pierce","0","1","Georgia","3/28/20","0","1","13229","1"
"Pike","0","1","Georgia","3/28/20","0","1","13231","1"
"Polk","1","10","Georgia","3/28/20","4","6","13233","150"
"Pulaski","0","2","Georgia","3/28/20","0","2","13235","1"
"Randolph","0","3","Georgia","3/28/20","1","2","13243","200"
"Richmond","0","12","Georgia","3/28/20","10","2","13245","20"
"Rockdale","2","17","Georgia","3/28/20","2","15","13247","750"
"Seminole","0","3","Georgia","3/28/20","0","3","13253","1"
"Spalding","1","11","Georgia","3/28/20","2","9","13255","450"
"Stephens","0","2","Georgia","3/28/20","0","2","13257","1"
"Sumter","1","11","Georgia","3/28/20","2","9","13261","450"
"Tattnall","0","2","Georgia","3/28/20","0","2","13267","1"
"Taylor","0","1","Georgia","3/28/20","0","1","13269","1"
"Terrell","1","6","Georgia","3/28/20","2","4","13273","200"
"Thomas","1","6","Georgia","3/28/20","0","6","13275","1"
"Tift","2","13","Georgia","3/28/20","2","11","13277","550"
"Toombs","0","1","Georgia","3/28/20","0","1","13279","1"
"Troup","1","9","Georgia","3/28/20","4","5","13285","125"
"Turner","0","2","Georgia","3/28/20","1","1","13287","100"
"Twiggs","0","2","Georgia","3/28/20","0","2","13289","1"
"Upson","1","4","Georgia","3/28/20","0","4","13293","1"
"Walton","0","2","Georgia","3/28/20","0","2","13297","1"
"Ware","0","2","Georgia","3/28/20","0","2","13299","1"
"Washington","0","2","Georgia","3/28/20","0","2","13303","1"
"White","0","1","Georgia","3/28/20","0","1","13311","1"
"Whitfield","1","6","Georgia","3/28/20","1","5","13313","500"
"Wilkes","0","1","Georgia","3/28/20","0","1","13317","1"
"Worth","1","8","Georgia","3/28/20","2","6","13321","300"
"","11","103","Grand Princess","3/28/20","23","80",,"347.83"
"","6","55","Guam","3/28/20","15","40",,"266.67"
"Hawaii","1","10","Hawaii","3/28/20","0","10","15001","1"
"Honolulu","11","108","Hawaii","3/28/20","28","80","15003","285.71"
"Kauai","1","11","Hawaii","3/28/20","3","8","15007","266.67"
"Maui","2","16","Hawaii","3/28/20","5","11","15009","220"
"Ada","9","76","Idaho","3/28/20","11","65","16001","590.91"
"Bannock","0","3","Idaho","3/28/20","0","3","16005","1"
"Bingham","0","1","Idaho","3/28/20","2","-1","16011","-50"
"Blaine","11","99","Idaho","3/28/20","21","78","16013","371.43"
"Bonneville","0","1","Idaho","3/28/20","0","1","16019","1"
"Canyon","3","23","Idaho","3/28/20","1","22","16027","2200"
"Cassia","0","1","Idaho","3/28/20","0","1","16031","1"
"Custer","0","1","Idaho","3/28/20","0","1","16037","1"
"Fremont","0","1","Idaho","3/28/20","0","1","16043","1"
"Gem","0","1","Idaho","3/28/20","0","1","16045","1"
"Idaho","0","1","Idaho","3/28/20","0","1","16049","1"
"Jefferson","0","2","Idaho","3/28/20","0","2","16051","1"
"Kootenai","1","11","Idaho","3/28/20","3","8","16055","266.67"
"Lincoln","0","1","Idaho","3/28/20","0","1","16063","1"
"Madison","0","2","Idaho","3/28/20","1","1","16065","100"
"Nez Perce","1","4","Idaho","3/28/20","0","4","16069","1"
"Payette","0","1","Idaho","3/28/20","0","1","16075","1"
"Teton","0","2","Idaho","3/28/20","2","0","16081","0"
"Twin Falls","0","2","Idaho","3/28/20","1","1","16083","100"
"Valley","0","1","Idaho","3/28/20","0","1","16085","1"
"Adams","0","1","Illinois","3/28/20","1","0","17001","0"
"Bureau","0","1","Illinois","3/28/20","0","1","17011","1"
"Carroll","0","1","Illinois","3/28/20","0","1","17015","1"
"Champaign","1","11","Illinois","3/28/20","3","8","17019","266.67"
"Christian","0","1","Illinois","3/28/20","1","0","17021","0"
"Clinton","0","5","Illinois","3/28/20","3","2","17027","66.67"
"Cook","295","2613","Illinois","3/28/20","548","2065","17031","376.82"
"Cumberland","0","1","Illinois","3/28/20","1","0","17035","0"
"DeKalb","0","4","Illinois","3/28/20","1","3","17037","300"
"Douglas","0","1","Illinois","3/28/20","0","1","17041","1"
"DuPage","20","202","Illinois","3/28/20","65","137","17043","210.77"
"Fayette","0","1","Illinois","3/28/20","0","1","17051","1"
"Franklin","0","1","Illinois","3/28/20","0","1","17055","1"
"Grundy","0","2","Illinois","3/28/20","0","2","17063","1"
"Henry","0","2","Illinois","3/28/20","0","2","17073","1"
"Iroquois","0","1","Illinois","3/28/20","0","1","17075","1"
"Jackson","0","2","Illinois","3/28/20","1","1","17077","100"
"Jo Daviess","0","1","Illinois","3/28/20","0","1","17085","1"
"Kane","12","90","Illinois","3/28/20","8","82","17089","1025"
"Kankakee","4","27","Illinois","3/28/20","2","25","17091","1250"
"Kendall","1","11","Illinois","3/28/20","2","9","17093","450"
"Lake","25","241","Illinois","3/28/20","63","178","17097","282.54"
"LaSalle","0","3","Illinois","3/28/20","1","2","17099","200"
"Livingston","0","2","Illinois","3/28/20","0","2","17105","1"
"Macon","0","1","Illinois","3/28/20","0","1","17115","1"
"Madison","1","10","Illinois","3/28/20","2","8","17119","400"
"Marshall","0","1","Illinois","3/28/20","0","1","17123","1"
"McHenry","5","47","Illinois","3/28/20","11","36","17111","327.27"
"McLean","1","10","Illinois","3/28/20","6","4","17113","66.67"
"Monroe","0","3","Illinois","3/28/20","0","3","17133","1"
"Morgan","0","1","Illinois","3/28/20","0","1","17137","1"
"Peoria","1","7","Illinois","3/28/20","3","4","17143","133.33"
"Rock Island","1","4","Illinois","3/28/20","0","4","17161","1"
"Sangamon","1","8","Illinois","3/28/20","4","4","17167","100"
"St. Clair","2","18","Illinois","3/28/20","3","15","17163","500"
"Stephenson","0","2","Illinois","3/28/20","0","2","17177","1"
"Tazewell","0","3","Illinois","3/28/20","0","3","17179","1"
"Washington","0","1","Illinois","3/28/20","1","0","17189","0"
"Whiteside","0","2","Illinois","3/28/20","1","1","17195","100"
"Will","16","127","Illinois","3/28/20","12","115","17197","958.33"
"Williamson","0","1","Illinois","3/28/20","1","0","17199","0"
"Winnebago","1","9","Illinois","3/28/20","4","5","17201","125"
"Woodford","0","3","Illinois","3/28/20","2","1","17203","50"
"Adams","0","1","Indiana","3/28/20","1","0","18001","0"
"Allen","3","23","Indiana","3/28/20","4","19","18003","475"
"Bartholomew","1","7","Indiana","3/28/20","1","6","18005","600"
"Boone","1","8","Indiana","3/28/20","2","6","18011","300"
"Brown","0","2","Indiana","3/28/20","0","2","18013","1"
"Carroll","0","1","Indiana","3/28/20","0","1","18015","1"
"Clark","2","18","Indiana","3/28/20","4","14","18019","350"
"Clinton","0","1","Indiana","3/28/20","0","1","18023","1"
"Crawford","0","1","Indiana","3/28/20","0","1","18025","1"
"Dearborn","1","8","Indiana","3/28/20","0","8","18029","1"
"Decatur","4","30","Indiana","3/28/20","0","30","18031","1"
"DeKalb","0","1","Indiana","3/28/20","0","1","18033","1"
"Delaware","1","8","Indiana","3/28/20","1","7","18035","700"
"Dubois","0","1","Indiana","3/28/20","0","1","18037","1"
"Elkhart","1","11","Indiana","3/28/20","1","10","18039","1000"
"Fayette","0","4","Indiana","3/28/20","1","3","18041","300"
"Floyd","1","13","Indiana","3/28/20","5","8","18043","160"
"Fountain","0","1","Indiana","3/28/20","0","1","18045","1"
"Franklin","3","23","Indiana","3/28/20","2","21","18047","1050"
"Fulton","0","1","Indiana","3/28/20","0","1","18049","1"
"Gibson","1","4","Indiana","3/28/20","0","4","18051","1"
"Grant","1","5","Indiana","3/28/20","1","4","18053","400"
"Greene","0","0","Indiana","3/28/20","1","-1","18055","-100"
"Hamilton","8","64","Indiana","3/28/20","10","54","18057","540"
"Hancock","3","19","Indiana","3/28/20","1","18","18059","1800"
"Harrison","1","7","Indiana","3/28/20","0","7","18061","1"
"Hendricks","4","36","Indiana","3/28/20","6","30","18063","500"
"Henry","0","1","Indiana","3/28/20","0","1","18065","1"
"Howard","1","9","Indiana","3/28/20","5","4","18067","80"
"Huntington","0","1","Indiana","3/28/20","0","1","18069","1"
"Jackson","1","7","Indiana","3/28/20","0","7","18071","1"
"Jasper","1","5","Indiana","3/28/20","0","5","18073","1"
"Jennings","1","10","Indiana","3/28/20","1","9","18079","900"
"Johnson","6","52","Indiana","3/28/20","7","45","18081","642.86"
"Kosciusko","0","2","Indiana","3/28/20","0","2","18085","1"
"LaGrange","0","2","Indiana","3/28/20","0","2","18087","1"
"Lake","9","68","Indiana","3/28/20","7","61","18089","871.43"
"LaPorte","0","4","Indiana","3/28/20","2","2","18091","100"
"Lawrence","1","5","Indiana","3/28/20","0","5","18093","1"
"Madison","2","12","Indiana","3/28/20","1","11","18095","1100"
"Marion","77","584","Indiana","3/28/20","46","538","18097","1169.57"
"Marshall","0","3","Indiana","3/28/20","0","3","18099","1"
"Miami","0","1","Indiana","3/28/20","0","1","18103","1"
"Monroe","2","16","Indiana","3/28/20","1","15","18105","1500"
"Montgomery","1","4","Indiana","3/28/20","0","4","18107","1"
"Morgan","2","14","Indiana","3/28/20","0","14","18109","1"
"Newton","0","1","Indiana","3/28/20","0","1","18111","1"
"Noble","0","2","Indiana","3/28/20","1","1","18113","100"
"Ohio","0","1","Indiana","3/28/20","0","1","18115","1"
"Orange","0","1","Indiana","3/28/20","0","1","18117","1"
"Owen","1","7","Indiana","3/28/20","1","6","18119","600"
"Porter","1","9","Indiana","3/28/20","0","9","18127","1"
"Posey","0","2","Indiana","3/28/20","0","2","18129","1"
"Putnam","1","5","Indiana","3/28/20","0","5","18133","1"
"Randolph","0","1","Indiana","3/28/20","0","1","18135","1"
"Ripley","2","15","Indiana","3/28/20","0","15","18137","1"
"Rush","0","3","Indiana","3/28/20","0","3","18139","1"
"Scott","0","1","Indiana","3/28/20","1","0","18143","0"
"Shelby","1","10","Indiana","3/28/20","1","9","18145","900"
"St. Joseph","4","31","Indiana","3/28/20","6","25","18141","416.67"
"Starke","0","1","Indiana","3/28/20","0","1","18149","1"
"Sullivan","0","1","Indiana","3/28/20","0","1","18153","1"
"Switzerland","0","1","Indiana","3/28/20","0","1","18155","1"
"Tippecanoe","1","11","Indiana","3/28/20","2","9","18157","450"
"Tipton","0","2","Indiana","3/28/20","0","2","18159","1"
"Vanderburgh","1","10","Indiana","3/28/20","1","9","18163","900"
"Vigo","0","4","Indiana","3/28/20","2","2","18167","100"
"Wabash","0","1","Indiana","3/28/20","0","1","18169","1"
"Warren","0","1","Indiana","3/28/20","0","1","18171","1"
"Warrick","1","6","Indiana","3/28/20","0","6","18173","1"
"Washington","1","4","Indiana","3/28/20","0","4","18175","1"
"Wayne","0","1","Indiana","3/28/20","1","0","18177","0"
"Wells","0","1","Indiana","3/28/20","1","0","18179","0"
"White","0","1","Indiana","3/28/20","0","1","18181","1"
"Whitley","0","1","Indiana","3/28/20","0","1","18183","1"
"Adair","0","1","Iowa","3/28/20","1","0","19001","0"
"Allamakee","0","7","Iowa","3/28/20","5","2","19005","40"
"Appanoose","0","1","Iowa","3/28/20","0","1","19007","1"
"Benton","1","4","Iowa","3/28/20","0","4","19011","1"
"Black Hawk","0","6","Iowa","3/28/20","3","3","19013","100"
"Boone","0","1","Iowa","3/28/20","0","1","19015","1"
"Buchanan","0","2","Iowa","3/28/20","0","2","19019","1"
"Butler","0","1","Iowa","3/28/20","0","1","19023","1"
"Carroll","0","1","Iowa","3/28/20","1","0","19027","0"
"Cedar","1","6","Iowa","3/28/20","0","6","19031","1"
"Cerro Gordo","1","4","Iowa","3/28/20","0","4","19033","1"
"Clayton","0","1","Iowa","3/28/20","0","1","19043","1"
"Clinton","0","1","Iowa","3/28/20","0","1","19045","1"
"Dallas","1","15","Iowa","3/28/20","5","10","19049","200"
"Des Moines","0","1","Iowa","3/28/20","0","1","19057","1"
"Dickinson","0","1","Iowa","3/28/20","0","1","19059","1"
"Dubuque","1","12","Iowa","3/28/20","2","10","19061","500"
"Fayette","0","2","Iowa","3/28/20","1","1","19065","100"
"Hancock","0","3","Iowa","3/28/20","0","3","19081","1"
"Hardin","0","1","Iowa","3/28/20","0","1","19083","1"
"Harrison","1","8","Iowa","3/28/20","1","7","19085","700"
"Henry","0","2","Iowa","3/28/20","1","1","19087","100"
"Iowa","0","1","Iowa","3/28/20","0","1","19095","1"
"Jasper","0","3","Iowa","3/28/20","0","3","19099","1"
"Johnson","5","61","Iowa","3/28/20","27","34","19103","125.93"
"Keokuk","0","1","Iowa","3/28/20","0","1","19107","1"
"Kossuth","0","1","Iowa","3/28/20","0","1","19109","1"
"Linn","5","36","Iowa","3/28/20","3","33","19113","1100"
"Mahaska","0","2","Iowa","3/28/20","0","2","19123","1"
"Marshall","1","5","Iowa","3/28/20","0","5","19127","1"
"Monona","0","2","Iowa","3/28/20","0","2","19133","1"
"Montgomery","0","1","Iowa","3/28/20","0","1","19137","1"
"Muscatine","1","10","Iowa","3/28/20","2","8","19139","400"
"Page","0","2","Iowa","3/28/20","0","2","19145","1"
"Polk","4","40","Iowa","3/28/20","10","30","19153","300"
"Pottawattamie","0","3","Iowa","3/28/20","2","1","19155","50"
"Poweshiek","1","5","Iowa","3/28/20","0","5","19157","1"
"Scott","1","10","Iowa","3/28/20","1","9","19163","900"
"Shelby","0","1","Iowa","3/28/20","0","1","19165","1"
"Sioux","0","2","Iowa","3/28/20","0","2","19167","1"
"Story","0","2","Iowa","3/28/20","1","1","19169","100"
"Tama","1","8","Iowa","3/28/20","0","8","19171","1"
"Taylor","0","1","Iowa","3/28/20","0","1","19173","1"
"Wapello","0","1","Iowa","3/28/20","0","1","19179","1"
"Warren","0","1","Iowa","3/28/20","0","1","19181","1"
"Washington","1","11","Iowa","3/28/20","2","9","19183","450"
"Webster","0","1","Iowa","3/28/20","0","1","19187","1"
"Winneshiek","0","2","Iowa","3/28/20","1","1","19191","100"
"Woodbury","0","3","Iowa","3/28/20","0","3","19193","1"
"Wright","0","1","Iowa","3/28/20","0","1","19197","1"
"Bourbon","0","3","Kansas","3/28/20","0","3","20011","1"
"Butler","0","3","Kansas","3/28/20","2","1","20015","50"
"Cherokee","0","2","Kansas","3/28/20","1","1","20021","100"
"Clay","0","1","Kansas","3/28/20","0","1","20027","1"
"Coffey","1","5","Kansas","3/28/20","0","5","20031","1"
"Crawford","0","3","Kansas","3/28/20","0","3","20037","1"
"Doniphan","0","1","Kansas","3/28/20","0","1","20043","1"
"Douglas","3","23","Kansas","3/28/20","3","20","20045","666.67"
"Ford","0","1","Kansas","3/28/20","0","1","20057","1"
"Franklin","1","6","Kansas","3/28/20","1","5","20059","500"
"Gove","0","1","Kansas","3/28/20","0","1","20063","1"
"Harvey","0","1","Kansas","3/28/20","0","1","20079","1"
"Jackson","0","1","Kansas","3/28/20","1","0","20085","0"
"Jefferson","0","1","Kansas","3/28/20","0","1","20087","1"
"Johnson","8","80","Kansas","3/28/20","25","55","20091","220"
"Leavenworth","2","15","Kansas","3/28/20","4","11","20103","275"
"Linn","0","4","Kansas","3/28/20","1","3","20107","300"
"Lyon","1","4","Kansas","3/28/20","0","4","20111","1"
"McPherson","0","1","Kansas","3/28/20","0","1","20113","1"
"Mitchell","0","2","Kansas","3/28/20","1","1","20123","100"
"Morris","0","2","Kansas","3/28/20","2","0","20127","0"
"Neosho","0","1","Kansas","3/28/20","0","1","20133","1"
"Osage","0","1","Kansas","3/28/20","0","1","20139","1"
"Ottawa","0","1","Kansas","3/28/20","0","1","20143","1"
"Pottawatomie","0","1","Kansas","3/28/20","0","1","20149","1"
"Reno","1","5","Kansas","3/28/20","1","4","20155","400"
"Riley","0","2","Kansas","3/28/20","1","1","20161","100"
"Sedgwick","5","33","Kansas","3/28/20","1","32","20173","3200"
"Shawnee","1","7","Kansas","3/28/20","0","7","20177","1"
"Sumner","0","1","Kansas","3/28/20","0","1","20191","1"
"Woodson","0","1","Kansas","3/28/20","0","1","20207","1"
"Wyandotte","6","53","Kansas","3/28/20","13","40","20209","307.69"
"Allen","0","1","Kentucky","3/28/20","0","1","21003","1"
"Anderson","0","2","Kentucky","3/28/20","1","1","21005","100"
"Boone","1","5","Kentucky","3/28/20","0","5","21015","1"
"Bourbon","0","2","Kentucky","3/28/20","2","0","21017","0"
"Breathitt","0","2","Kentucky","3/28/20","0","2","21025","1"
"Calloway","0","1","Kentucky","3/28/20","1","0","21035","0"
"Campbell","0","3","Kentucky","3/28/20","0","3","21037","1"
"Christian","0","2","Kentucky","3/28/20","1","1","21047","100"
"Clark","0","2","Kentucky","3/28/20","2","0","21049","0"
"Daviess","3","20","Kentucky","3/28/20","1","19","21059","1900"
"Fayette","3","28","Kentucky","3/28/20","10","18","21067","180"
"Franklin","0","2","Kentucky","3/28/20","1","1","21073","100"
"Hancock","0","1","Kentucky","3/28/20","0","1","21091","1"
"Hardin","0","2","Kentucky","3/28/20","1","1","21093","100"
"Harrison","0","10","Kentucky","3/28/20","7","3","21097","42.86"
"Henderson","0","3","Kentucky","3/28/20","2","1","21101","50"
"Jefferson","11","103","Kentucky","3/28/20","25","78","21111","312"
"Jessamine","0","1","Kentucky","3/28/20","0","1","21113","1"
"Kenton","2","12","Kentucky","3/28/20","1","11","21117","1100"
"Laurel","0","1","Kentucky","3/28/20","0","1","21125","1"
"Logan","0","1","Kentucky","3/28/20","0","1","21141","1"
"Lyon","0","1","Kentucky","3/28/20","1","0","21143","0"
"Madison","0","2","Kentucky","3/28/20","0","2","21151","1"
"Martin","0","1","Kentucky","3/28/20","0","1","21159","1"
"McCracken","0","2","Kentucky","3/28/20","0","2","21145","1"
"McLean","0","1","Kentucky","3/28/20","0","1","21149","1"
"Menifee","0","1","Kentucky","3/28/20","0","1","21165","1"
"Montgomery","0","2","Kentucky","3/28/20","2","0","21173","0"
"Muhlenberg","0","2","Kentucky","3/28/20","0","2","21177","1"
"Nelson","0","1","Kentucky","3/28/20","1","0","21179","0"
"Oldham","0","1","Kentucky","3/28/20","1","0","21185","0"
"Pulaski","0","3","Kentucky","3/28/20","2","1","21199","50"
"Scott","0","1","Kentucky","3/28/20","0","1","21209","1"
"Simpson","0","1","Kentucky","3/28/20","0","1","21213","1"
"Spencer","0","1","Kentucky","3/28/20","0","1","21215","1"
"Warren","0","5","Kentucky","3/28/20","2","3","21227","150"
"Webster","0","1","Kentucky","3/28/20","0","1","21233","1"
"Acadia","1","9","Louisiana","3/28/20","0","9","22001","1"
"Allen","1","7","Louisiana","3/28/20","0","7","22003","1"
"Ascension","14","107","Louisiana","3/28/20","12","95","22005","791.67"
"Assumption","1","8","Louisiana","3/28/20","1","7","22007","700"
"Avoyelles","2","12","Louisiana","3/28/20","1","11","22009","1100"
"Beauregard","0","4","Louisiana","3/28/20","1","3","22011","300"
"Bienville","0","3","Louisiana","3/28/20","1","2","22013","200"
"Bossier","6","45","Louisiana","3/28/20","5","40","22015","800"
"Caddo","25","189","Louisiana","3/28/20","15","174","22017","1160"
"Calcasieu","3","28","Louisiana","3/28/20","4","24","22019","600"
"Catahoula","0","1","Louisiana","3/28/20","1","0","22025","0"
"Claiborne","0","4","Louisiana","3/28/20","1","3","22027","300"
"De Soto","3","21","Louisiana","3/28/20","2","19","22031","950"
"East Baton Rouge","19","153","Louisiana","3/28/20","18","135","22033","750"
"East Carroll","0","1","Louisiana","3/28/20","0","1","22035","1"
"East Feliciana","1","6","Louisiana","3/28/20","0","6","22037","1"
"Evangeline","0","4","Louisiana","3/28/20","2","2","22039","100"
"Franklin","1","4","Louisiana","3/28/20","0","4","22041","1"
"Grant","0","1","Louisiana","3/28/20","0","1","22043","1"
"Iberia","1","9","Louisiana","3/28/20","2","7","22045","350"
"Iberville","3","21","Louisiana","3/28/20","2","19","22047","950"
"Jackson","0","2","Louisiana","3/28/20","0","2","22049","1"
"Jefferson","83","744","Louisiana","3/28/20","166","578","22051","348.19"
"Jefferson Davis","0","1","Louisiana","3/28/20","0","1","22053","1"
"Lafayette","6","48","Louisiana","3/28/20","6","42","22055","700"
"Lafourche","3","34","Louisiana","3/28/20","11","23","22057","209.09"
"LaSalle","0","2","Louisiana","3/28/20","0","2","22059","1"
"Lincoln","1","6","Louisiana","3/28/20","0","6","22061","1"
"Livingston","1","12","Louisiana","3/28/20","2","10","22063","500"
"Madison","0","1","Louisiana","3/28/20","0","1","22065","1"
"Morehouse","0","2","Louisiana","3/28/20","0","2","22067","1"
"Natchitoches","0","2","Louisiana","3/28/20","0","2","22069","1"
"Orleans","126","1298","Louisiana","3/28/20","418","880","22071","210.53"
"Ouachita","5","34","Louisiana","3/28/20","2","32","22073","1600"
"Plaquemines","2","19","Louisiana","3/28/20","4","15","22075","375"
"Pointe Coupee","0","2","Louisiana","3/28/20","0","2","22077","1"
"Rapides","5","37","Louisiana","3/28/20","2","35","22079","1750"
"Richland","0","2","Louisiana","3/28/20","0","2","22083","1"
"St. Bernard","4","43","Louisiana","3/28/20","12","31","22087","258.33"
"St. Charles","3","30","Louisiana","3/28/20","7","23","22089","328.57"
"St. James","7","48","Louisiana","3/28/20","1","47","22093","4700"
"St. John the Baptist","6","54","Louisiana","3/28/20","9","45","22095","500"
"St. Landry","1","10","Louisiana","3/28/20","3","7","22097","233.33"
"St. Martin","2","13","Louisiana","3/28/20","0","13","22099","1"
"St. Mary","1","7","Louisiana","3/28/20","1","6","22101","600"
"St. Tammany","16","134","Louisiana","3/28/20","22","112","22103","509.09"
"Tangipahoa","1","10","Louisiana","3/28/20","3","7","22105","233.33"
"Terrebonne","2","26","Louisiana","3/28/20","11","15","22109","136.36"
"Union","1","7","Louisiana","3/28/20","0","7","22111","1"
"Vermilion","0","3","Louisiana","3/28/20","0","3","22113","1"
"Vernon","0","2","Louisiana","3/28/20","0","2","22115","1"
"Washington","1","10","Louisiana","3/28/20","2","8","22117","400"
"Webster","1","9","Louisiana","3/28/20","1","8","22119","800"
"West Baton Rouge","1","12","Louisiana","3/28/20","3","9","22121","300"
"West Feliciana","1","4","Louisiana","3/28/20","0","4","22125","1"
"Winn","0","1","Louisiana","3/28/20","0","1","22127","1"
"Androscoggin","1","7","Maine","3/28/20","3","4","23001","133.33"
"Cumberland","11","120","Maine","3/28/20","41","79","23005","192.68"
"Franklin","0","2","Maine","3/28/20","0","2","23007","1"
"Kennebec","1","9","Maine","3/28/20","4","5","23011","125"
"Knox","0","2","Maine","3/28/20","0","2","23013","1"
"Lincoln","0","5","Maine","3/28/20","4","1","23015","25"
"Oxford","1","8","Maine","3/28/20","4","4","23017","100"
"Penobscot","1","10","Maine","3/28/20","2","8","23019","400"
"Sagadahoc","1","5","Maine","3/28/20","1","4","23023","400"
"Waldo","0","2","Maine","3/28/20","0","2","23027","1"
"York","4","38","Maine","3/28/20","8","30","23031","375"
"Anne Arundel","10","88","Maryland","3/28/20","15","73","24003","486.67"
"Baltimore","17","141","Maryland","3/28/20","19","122","24005","642.11"
"Baltimore City","14","112","Maryland","3/28/20","15","97","24510","646.67"
"Calvert","1","8","Maryland","3/28/20","1","7","24009","700"
"Caroline","0","1","Maryland","3/28/20","1","0","24011","0"
"Carroll","1","10","Maryland","3/28/20","3","7","24013","233.33"
"Cecil","2","13","Maryland","3/28/20","0","13","24015","1"
"Charles","2","21","Maryland","3/28/20","4","17","24017","425"
"Frederick","3","22","Maryland","3/28/20","1","21","24021","2100"
"Garrett","0","3","Maryland","3/28/20","0","3","24023","1"
"Harford","2","21","Maryland","3/28/20","5","16","24025","320"
"Howard","8","73","Maryland","3/28/20","19","54","24027","284.21"
"Kent","0","2","Maryland","3/28/20","0","2","24029","1"
"Montgomery","27","255","Maryland","3/28/20","68","187","24031","275"
"Prince George's","23","196","Maryland","3/28/20","36","160","24033","444.44"
"Queen Anne's","0","4","Maryland","3/28/20","1","3","24035","300"
"Somerset","0","1","Maryland","3/28/20","1","0","24039","0"
"St. Mary's","1","8","Maryland","3/28/20","0","8","24037","1"
"Talbot","0","2","Maryland","3/28/20","1","1","24041","100"
"Washington","1","6","Maryland","3/28/20","0","6","24043","1"
"Wicomico","1","6","Maryland","3/28/20","2","4","24045","200"
"Worcester","0","2","Maryland","3/28/20","1","1","24047","100"
"Barnstable","17","133","Massachusetts","3/28/20","11","122","25001","1109.09"
"Berkshire","14","119","Massachusetts","3/28/20","21","98","25003","466.67"
"Bristol","24","179","Massachusetts","3/28/20","14","165","25005","1178.57"
"Dukes and Nantucket","1","8","Massachusetts","3/28/20","1","7","00000","700"
"Essex","62","472","Massachusetts","3/28/20","41","431","25009","1051.22"
"Franklin","5","39","Massachusetts","3/28/20","6","33","25011","550"
"Hampden","25","183","Massachusetts","3/28/20","9","174","25013","1933.33"
"Hampshire","4","30","Massachusetts","3/28/20","2","28","25015","1400"
"Middlesex","95","842","Massachusetts","3/28/20","177","665","25017","375.71"
"Norfolk","60","490","Massachusetts","3/28/20","69","421","25021","610.14"
"Plymouth","36","272","Massachusetts","3/28/20","20","252","25023","1260"
"Suffolk","105","843","Massachusetts","3/28/20","108","735","25025","680.56"
"Worcester","38","291","Massachusetts","3/28/20","24","267","25027","1112.5"
"Allegan","0","2","Michigan","3/28/20","1","1","26005","100"
"Antrim","0","1","Michigan","3/28/20","1","0","26009","0"
"Barry","0","2","Michigan","3/28/20","1","1","26015","100"
"Bay","1","6","Michigan","3/28/20","2","4","26017","200"
"Berrien","6","56","Michigan","3/28/20","14","42","26021","300"
"Calhoun","2","12","Michigan","3/28/20","1","11","26025","1100"
"Cass","0","4","Michigan","3/28/20","2","2","26027","100"
"Charlevoix","0","4","Michigan","3/28/20","1","3","26029","300"
"Cheboygan","0","1","Michigan","3/28/20","0","1","26031","1"
"Clare","0","1","Michigan","3/28/20","1","0","26035","0"
"Clinton","2","13","Michigan","3/28/20","2","11","26037","550"
"Crawford","0","1","Michigan","3/28/20","0","1","26039","1"
"Eaton","1","8","Michigan","3/28/20","2","6","26045","300"
"Emmet","1","4","Michigan","3/28/20","0","4","26047","1"
"Genesee","15","112","Michigan","3/28/20","7","105","26049","1500"
"Gladwin","0","2","Michigan","3/28/20","0","2","26051","1"
"Gogebic","0","1","Michigan","3/28/20","0","1","26053","1"
"Grand Traverse","1","5","Michigan","3/28/20","0","5","26055","1"
"Gratiot","0","2","Michigan","3/28/20","0","2","26057","1"
"Hillsdale","1","7","Michigan","3/28/20","0","7","26059","1"
"Huron","0","1","Michigan","3/28/20","0","1","26063","1"
"Ingham","3","35","Michigan","3/28/20","14","21","26065","150"
"Ionia","0","2","Michigan","3/28/20","0","2","26067","1"
"Iosco","0","1","Michigan","3/28/20","0","1","26069","1"
"Isabella","1","4","Michigan","3/28/20","0","4","26073","1"
"Jackson","3","24","Michigan","3/28/20","3","21","26075","700"
"Kalamazoo","2","17","Michigan","3/28/20","1","16","26077","1600"
"Kalkaska","1","4","Michigan","3/28/20","0","4","26079","1"
"Kent","5","54","Michigan","3/28/20","21","33","26081","157.14"
"Lapeer","1","4","Michigan","3/28/20","0","4","26087","1"
"Leelanau","0","1","Michigan","3/28/20","1","0","26089","0"
"Lenawee","2","11","Michigan","3/28/20","0","11","26091","1"
"Livingston","6","51","Michigan","3/28/20","9","42","26093","466.67"
"Macomb","62","536","Michigan","3/28/20","102","434","26099","425.49"
"Manistee","0","1","Michigan","3/28/20","0","1","26101","1"
"Marquette","0","1","Michigan","3/28/20","0","1","26103","1"
"Mecosta","0","1","Michigan","3/28/20","0","1","26107","1"
"Midland","1","13","Michigan","3/28/20","6","7","26111","116.67"
"Missaukee","0","1","Michigan","3/28/20","0","1","26113","1"
"Monroe","4","34","Michigan","3/28/20","3","31","26115","1033.33"
"Montcalm","0","3","Michigan","3/28/20","1","2","26117","200"
"Muskegon","1","7","Michigan","3/28/20","0","7","26121","1"
"Newaygo","0","1","Michigan","3/28/20","0","1","26123","1"
"Oakland","125","1155","Michigan","3/28/20","279","876","26125","313.98"
"Oceana","0","1","Michigan","3/28/20","0","1","26127","1"
"Ogemaw","0","2","Michigan","3/28/20","0","2","26129","1"
"Osceola","0","1","Michigan","3/28/20","0","1","26133","1"
"Otsego","2","14","Michigan","3/28/20","1","13","26137","1300"
"Ottawa","3","25","Michigan","3/28/20","4","21","26139","525"
"Out of MI","2","15","Michigan","3/28/20","0","15","80026","1"
"Roscommon","0","1","Michigan","3/28/20","0","1","26143","1"
"Saginaw","3","19","Michigan","3/28/20","1","18","26145","1800"
"Sanilac","0","2","Michigan","3/28/20","0","2","26151","1"
"Shiawassee","0","2","Michigan","3/28/20","0","2","26155","1"
"St. Clair","2","22","Michigan","3/28/20","7","15","26147","214.29"
"Tuscola","1","4","Michigan","3/28/20","0","4","26157","1"
"Van Buren","1","5","Michigan","3/28/20","0","5","26159","1"
"Washtenaw","24","201","Michigan","3/28/20","33","168","26161","509.09"
"Wayne","317","2322","Michigan","3/28/20","103","2219","26163","2154.37"
"Wexford","0","1","Michigan","3/28/20","1","0","26165","0"
"Anoka","1","12","Minnesota","3/28/20","5","7","27003","140"
"Beltrami","0","2","Minnesota","3/28/20","0","2","27007","1"
"Benton","0","1","Minnesota","3/28/20","1","0","27009","0"
"Big Stone","0","1","Minnesota","3/28/20","0","1","27011","1"
"Blue Earth","1","7","Minnesota","3/28/20","3","4","27013","133.33"
"Carver","1","9","Minnesota","3/28/20","3","6","27019","200"
"Cass","0","1","Minnesota","3/28/20","0","1","27021","1"
"Chisago","0","1","Minnesota","3/28/20","1","0","27025","0"
"Clay","0","4","Minnesota","3/28/20","1","3","27027","300"
"Clearwater","0","1","Minnesota","3/28/20","0","1","27029","1"
"Dakota","4","33","Minnesota","3/28/20","7","26","27037","371.43"
"Dodge","1","6","Minnesota","3/28/20","1","5","27039","500"
"Faribault","0","1","Minnesota","3/28/20","0","1","27043","1"
"Fillmore","1","5","Minnesota","3/28/20","0","5","27045","1"
"Goodhue","0","2","Minnesota","3/28/20","0","2","27049","1"
"Hennepin","14","152","Minnesota","3/28/20","52","100","27053","192.31"
"Jackson","0","1","Minnesota","3/28/20","1","0","27063","0"
"Kandiyohi","0","1","Minnesota","3/28/20","0","1","27067","1"
"Lac qui Parle","0","1","Minnesota","3/28/20","0","1","27073","1"
"Le Sueur","2","11","Minnesota","3/28/20","0","11","27079","1"
"Lincoln","0","1","Minnesota","3/28/20","0","1","27081","1"
"Mahnomen","0","1","Minnesota","3/28/20","0","1","27087","1"
"Martin","2","19","Minnesota","3/28/20","5","14","27091","280"
"Mower","1","11","Minnesota","3/28/20","3","8","27099","266.67"
"Nicollet","0","3","Minnesota","3/28/20","2","1","27103","50"
"Olmsted","4","37","Minnesota","3/28/20","12","25","27109","208.33"
"Ramsey","4","42","Minnesota","3/28/20","17","25","27123","147.06"
"Renville","0","1","Minnesota","3/28/20","1","0","27129","0"
"Rice","0","3","Minnesota","3/28/20","1","2","27131","200"
"Scott","1","8","Minnesota","3/28/20","2","6","27139","300"
"Sherburne","1","5","Minnesota","3/28/20","0","5","27141","1"
"Sibley","0","1","Minnesota","3/28/20","0","1","27143","1"
"St. Louis","1","5","Minnesota","3/28/20","1","4","27137","400"
"Stearns","0","5","Minnesota","3/28/20","4","1","27145","25"
"Steele","0","5","Minnesota","3/28/20","2","3","27147","150"
"Wabasha","0","4","Minnesota","3/28/20","1","3","27157","300"
"Waseca","0","3","Minnesota","3/28/20","1","2","27161","200"
"Washington","3","25","Minnesota","3/28/20","4","21","27163","525"
"Wilkin","0","1","Minnesota","3/28/20","0","1","27167","1"
"Winona","1","4","Minnesota","3/28/20","0","4","27169","1"
"Wright","0","5","Minnesota","3/28/20","3","2","27171","66.67"
"Adams","1","6","Mississippi","3/28/20","2","4","28001","200"
"Alcorn","0","1","Mississippi","3/28/20","0","1","28003","1"
"Attala","1","9","Mississippi","3/28/20","0","9","28007","1"
"Benton","0","2","Mississippi","3/28/20","0","2","28009","1"
"Bolivar","1","11","Mississippi","3/28/20","2","9","28011","450"
"Calhoun","0","3","Mississippi","3/28/20","0","3","28013","1"
"Chickasaw","1","10","Mississippi","3/28/20","0","10","28017","1"
"Choctaw","1","4","Mississippi","3/28/20","0","4","28019","1"
"Clarke","0","1","Mississippi","3/28/20","0","1","28023","1"
"Clay","0","2","Mississippi","3/28/20","1","1","28025","100"
"Coahoma","2","18","Mississippi","3/28/20","5","13","28027","260"
"Copiah","1","8","Mississippi","3/28/20","2","6","28029","300"
"Covington","0","1","Mississippi","3/28/20","0","1","28031","1"
"DeSoto","7","65","Mississippi","3/28/20","13","52","28033","400"
"Forrest","2","18","Mississippi","3/28/20","5","13","28035","260"
"Franklin","0","3","Mississippi","3/28/20","2","1","28037","50"
"George","0","1","Mississippi","3/28/20","1","0","28039","0"
"Grenada","0","2","Mississippi","3/28/20","1","1","28043","100"
"Hancock","1","9","Mississippi","3/28/20","4","5","28045","125"
"Harrison","4","38","Mississippi","3/28/20","8","30","28047","375"
"Hinds","7","58","Mississippi","3/28/20","7","51","28049","728.57"
"Holmes","1","13","Mississippi","3/28/20","3","10","28051","333.33"
"Humphreys","0","2","Mississippi","3/28/20","1","1","28053","100"
"Itawamba","0","3","Mississippi","3/28/20","0","3","28057","1"
"Jackson","4","33","Mississippi","3/28/20","3","30","28059","1000"
"Jefferson","0","1","Mississippi","3/28/20","0","1","28063","1"
"Jones","0","3","Mississippi","3/28/20","1","2","28067","200"
"Kemper","0","1","Mississippi","3/28/20","0","1","28069","1"
"Lafayette","1","11","Mississippi","3/28/20","1","10","28071","1000"
"Lamar","1","4","Mississippi","3/28/20","0","4","28073","1"
"Lauderdale","2","12","Mississippi","3/28/20","0","12","28075","1"
"Lawrence","1","5","Mississippi","3/28/20","1","4","28077","400"
"Leake","1","4","Mississippi","3/28/20","0","4","28079","1"
"Lee","2","17","Mississippi","3/28/20","1","16","28081","1600"
"Leflore","1","15","Mississippi","3/28/20","7","8","28083","114.29"
"Lincoln","1","8","Mississippi","3/28/20","0","8","28085","1"
"Lowndes","1","10","Mississippi","3/28/20","0","10","28087","1"
"Madison","4","29","Mississippi","3/28/20","3","26","28089","866.67"
"Marion","0","3","Mississippi","3/28/20","0","3","28091","1"
"Marshall","1","11","Mississippi","3/28/20","1","10","28093","1000"
"Monroe","0","3","Mississippi","3/28/20","2","1","28095","50"
"Montgomery","1","5","Mississippi","3/28/20","0","5","28097","1"
"Neshoba","0","3","Mississippi","3/28/20","0","3","28099","1"
"Newton","0","1","Mississippi","3/28/20","0","1","28101","1"
"Noxubee","0","2","Mississippi","3/28/20","0","2","28103","1"
"Oktibbeha","2","14","Mississippi","3/28/20","0","14","28105","1"
"Panola","1","4","Mississippi","3/28/20","0","4","28107","1"
"Pearl River","2","23","Mississippi","3/28/20","7","16","28109","228.57"
"Perry","0","2","Mississippi","3/28/20","1","1","28111","100"
"Pike","2","12","Mississippi","3/28/20","1","11","28113","1100"
"Pontotoc","1","4","Mississippi","3/28/20","0","4","28115","1"
"Prentiss","0","2","Mississippi","3/28/20","0","2","28117","1"
"Quitman","1","4","Mississippi","3/28/20","0","4","28119","1"
"Rankin","4","31","Mississippi","3/28/20","3","28","28121","933.33"
"Scott","1","7","Mississippi","3/28/20","0","7","28123","1"
"Sharkey","0","1","Mississippi","3/28/20","0","1","28125","1"
"Simpson","0","2","Mississippi","3/28/20","0","2","28127","1"
"Smith","0","1","Mississippi","3/28/20","1","0","28129","0"
"Sunflower","1","7","Mississippi","3/28/20","0","7","28133","1"
"Tallahatchie","0","2","Mississippi","3/28/20","0","2","28135","1"
"Tate","1","8","Mississippi","3/28/20","0","8","28137","1"
"Tippah","2","18","Mississippi","3/28/20","3","15","28139","500"
"Tunica","1","6","Mississippi","3/28/20","0","6","28143","1"
"Union","0","3","Mississippi","3/28/20","0","3","28145","1"
"Walthall","1","5","Mississippi","3/28/20","1","4","28147","400"
"Washington","2","13","Mississippi","3/28/20","0","13","28151","1"
"Webster","0","3","Mississippi","3/28/20","1","2","28155","200"
"Wilkinson","1","11","Mississippi","3/28/20","1","10","28157","1000"
"Winston","0","4","Mississippi","3/28/20","1","3","28159","300"
"Yalobusha","0","3","Mississippi","3/28/20","0","3","28161","1"
"Yazoo","0","4","Mississippi","3/28/20","1","3","28163","300"
"Adair","0","1","Missouri","3/28/20","1","0","29001","0"
"Atchison","0","1","Missouri","3/28/20","0","1","29005","1"
"Barry","0","1","Missouri","3/28/20","0","1","29009","1"
"Bates","0","1","Missouri","3/28/20","0","1","29013","1"
"Benton","0","1","Missouri","3/28/20","0","1","29015","1"
"Bollinger","0","1","Missouri","3/28/20","0","1","29017","1"
"Boone","6","49","Missouri","3/28/20","10","39","29019","390"
"Buchanan","0","3","Missouri","3/28/20","0","3","29021","1"
"Callaway","1","6","Missouri","3/28/20","0","6","29027","1"
"Camden","1","4","Missouri","3/28/20","0","4","29029","1"
"Cape Girardeau","1","5","Missouri","3/28/20","0","5","29031","1"
"Carter","0","2","Missouri","3/28/20","0","2","29035","1"
"Cass","0","8","Missouri","3/28/20","6","2","29037","33.33"
"Chariton","0","1","Missouri","3/28/20","0","1","29041","1"
"Christian","1","7","Missouri","3/28/20","2","5","29043","250"
"Clay","1","10","Missouri","3/28/20","0","10","29047","1"
"Clinton","0","1","Missouri","3/28/20","0","1","29049","1"
"Cole","2","17","Missouri","3/28/20","3","14","29051","466.67"
"Cooper","0","1","Missouri","3/28/20","0","1","29053","1"
"Dunklin","0","3","Missouri","3/28/20","1","2","29069","200"
"Franklin","1","6","Missouri","3/28/20","0","6","29071","1"
"Greene","5","41","Missouri","3/28/20","8","33","29077","412.5"
"Henry","0","1","Missouri","3/28/20","1","0","29083","0"
"Jackson","5","43","Missouri","3/28/20","8","35","29095","437.5"
"Jasper","0","4","Missouri","3/28/20","1","3","29097","300"
"Jefferson","2","17","Missouri","3/28/20","0","17","29099","1"
"Johnson","1","9","Missouri","3/28/20","0","9","29101","1"
"Kansas City","12","94","Missouri","3/28/20","12","82","00000","683.33"
"Lafayette","1","4","Missouri","3/28/20","0","4","29107","1"
"Lincoln","0","2","Missouri","3/28/20","0","2","29113","1"
"McDonald","0","1","Missouri","3/28/20","0","1","29119","1"
"Moniteau","0","3","Missouri","3/28/20","0","3","29135","1"
"Montgomery","0","3","Missouri","3/28/20","0","3","29139","1"
"Newton","1","4","Missouri","3/28/20","0","4","29145","1"
"Pemiscot","0","1","Missouri","3/28/20","0","1","29155","1"
"Perry","1","7","Missouri","3/28/20","0","7","29157","1"
"Pettis","0","1","Missouri","3/28/20","0","1","29159","1"
"Platte","1","6","Missouri","3/28/20","0","6","29165","1"
"Pulaski","1","5","Missouri","3/28/20","1","4","29169","400"
"Ralls","0","1","Missouri","3/28/20","0","1","29173","1"
"Randolph","0","1","Missouri","3/28/20","0","1","29175","1"
"Ray","0","1","Missouri","3/28/20","0","1","29177","1"
"Scott","0","3","Missouri","3/28/20","1","2","29201","200"
"Shelby","0","1","Missouri","3/28/20","0","1","29205","1"
"St. Charles","5","37","Missouri","3/28/20","2","35","29183","1750"
"St. Francois","1","4","Missouri","3/28/20","0","4","29187","1"
"St. Louis","45","334","Missouri","3/28/20","22","312","29189","1418.18"
"St. Louis City","13","102","Missouri","3/28/20","10","92","29510","920"
"Stoddard","0","1","Missouri","3/28/20","0","1","29207","1"
"Taney","0","2","Missouri","3/28/20","0","2","29213","1"
"Texas","0","1","Missouri","3/28/20","0","1","29215","1"
"Wright","0","1","Missouri","3/28/20","0","1","29229","1"
"Broadwater","0","2","Montana","3/28/20","1","1","30007","100"
"Cascade","1","7","Montana","3/28/20","0","7","30013","1"
"Flathead","1","6","Montana","3/28/20","2","4","30029","200"
"Gallatin","6","46","Montana","3/28/20","7","39","30031","557.14"
"Hill","0","1","Montana","3/28/20","0","1","30041","1"
"Jefferson","0","2","Montana","3/28/20","0","2","30043","1"
"Lake","0","1","Montana","3/28/20","0","1","30047","1"
"Lewis and Clark","1","9","Montana","3/28/20","3","6","30049","200"
"Lincoln","0","3","Montana","3/28/20","0","3","30053","1"
"Madison","0","3","Montana","3/28/20","1","2","30057","200"
"Meagher","0","1","Montana","3/28/20","0","1","30059","1"
"Missoula","1","9","Montana","3/28/20","3","6","30063","200"
"Park","0","1","Montana","3/28/20","0","1","30067","1"
"Ravalli","0","1","Montana","3/28/20","1","0","30081","0"
"Roosevelt","0","1","Montana","3/28/20","1","0","30085","0"
"Silver Bow","1","8","Montana","3/28/20","2","6","30093","300"
"Toole","1","5","Montana","3/28/20","0","5","30101","1"
"Yellowstone","3","23","Montana","3/28/20","5","18","30111","360"
"Adams","0","2","Nebraska","3/28/20","1","1","31001","100"
"Buffalo","0","4","Nebraska","3/28/20","1","3","31019","300"
"Cass","0","2","Nebraska","3/28/20","1","1","31025","100"
"Dawson","0","1","Nebraska","3/28/20","0","1","31047","1"
"Dodge","0","2","Nebraska","3/28/20","0","2","31053","1"
"Douglas","4","51","Nebraska","3/28/20","25","26","31055","104"
"Gage","0","1","Nebraska","3/28/20","0","1","31067","1"
"Hall","0","3","Nebraska","3/28/20","0","3","31079","1"
"Kearney","0","1","Nebraska","3/28/20","0","1","31099","1"
"Knox","0","2","Nebraska","3/28/20","2","0","31107","0"
"Lancaster","0","4","Nebraska","3/28/20","2","2","31109","100"
"Lincoln","0","3","Nebraska","3/28/20","3","0","31111","0"
"Madison","0","1","Nebraska","3/28/20","0","1","31119","1"
"Nemaha","0","1","Nebraska","3/28/20","1","0","31127","0"
"Sarpy","1","11","Nebraska","3/28/20","2","9","31153","450"
"Saunders","0","2","Nebraska","3/28/20","0","2","31155","1"
"Washington","1","5","Nebraska","3/28/20","0","5","31177","1"
"Carson City","0","5","Nevada","3/28/20","2","3","32510","150"
"Clark","45","443","Nevada","3/28/20","126","317","32003","251.59"
"Douglas","1","5","Nevada","3/28/20","0","5","32005","1"
"Elko","0","2","Nevada","3/28/20","1","1","32007","100"
"Humboldt","0","1","Nevada","3/28/20","0","1","32013","1"
"Lyon","0","1","Nevada","3/28/20","0","1","32019","1"
"Nye","0","1","Nevada","3/28/20","0","1","32023","1"
"Washoe","8","75","Nevada","3/28/20","22","53","32031","240.91"
"Belknap","1","9","New Hampshire","3/28/20","0","9","33001","1"
"Carroll","0","8","New Hampshire","3/28/20","5","3","33003","60"
"Cheshire","0","2","New Hampshire","3/28/20","1","1","33005","100"
"Coos","0","0","New Hampshire","3/28/20","1","-1","33007","-100"
"Grafton","2","26","New Hampshire","3/28/20","13","13","33009","100"
"Hillsborough","5","43","New Hampshire","3/28/20","11","32","33011","290.91"
"Merrimack","1","11","New Hampshire","3/28/20","4","7","33013","175"
"Rockingham","7","75","New Hampshire","3/28/20","25","50","33015","200"
"Strafford","1","11","New Hampshire","3/28/20","1","10","33017","1000"
"Sullivan","0","2","New Hampshire","3/28/20","0","2","33019","1"
"Atlantic","2","17","New Jersey","3/28/20","4","13","34001","325"
"Bergen","211","1838","New Jersey","3/28/20","363","1475","34003","406.34"
"Burlington","13","115","New Jersey","3/28/20","21","94","34005","447.62"
"Camden","15","123","New Jersey","3/28/20","15","108","34007","720"
"Cape May","1","7","New Jersey","3/28/20","2","5","34009","250"
"Cumberland","1","11","New Jersey","3/28/20","1","10","34011","1000"
"Essex","140","1086","New Jersey","3/28/20","107","979","34013","914.95"
"Gloucester","6","51","New Jersey","3/28/20","6","45","34015","750"
"Hudson","96","771","New Jersey","3/28/20","97","674","34017","694.85"
"Hunterdon","7","61","New Jersey","3/28/20","14","47","34019","335.71"
"Mercer","20","168","New Jersey","3/28/20","30","138","34021","460"
"Middlesex","99","808","New Jersey","3/28/20","116","692","34023","596.55"
"Monmouth","98","781","New Jersey","3/28/20","92","689","34025","748.91"
"Morris","54","442","New Jersey","3/28/20","64","378","34027","590.62"
"Ocean","80","624","New Jersey","3/28/20","62","562","34029","906.45"
"Passaic","77","608","New Jersey","3/28/20","67","541","34031","807.46"
"Salem","0","3","New Jersey","3/28/20","0","3","34033","1"
"Somerset","32","258","New Jersey","3/28/20","34","224","34035","658.82"
"Sussex","11","81","New Jersey","3/28/20","6","75","34037","1250"
"Union","94","742","New Jersey","3/28/20","81","661","34039","816.05"
"Warren","7","51","New Jersey","3/28/20","5","46","34041","920"
"Bernalillo","9","93","New Mexico","3/28/20","32","61","35001","190.62"
"Chaves","1","7","New Mexico","3/28/20","0","7","35005","1"
"Cibola","0","2","New Mexico","3/28/20","0","2","35006","1"
"Curry","0","1","New Mexico","3/28/20","0","1","35009","1"
"Dona Ana","2","17","New Mexico","3/28/20","0","17","35013","1"
"Eddy","0","3","New Mexico","3/28/20","0","3","35015","1"
"Lea","0","2","New Mexico","3/28/20","1","1","35025","100"
"McKinley","1","5","New Mexico","3/28/20","1","4","35031","400"
"Rio Arriba","0","3","New Mexico","3/28/20","0","3","35039","1"
"Roosevelt","0","1","New Mexico","3/28/20","0","1","35041","1"
"San Juan","3","18","New Mexico","3/28/20","0","18","35045","1"
"San Miguel","0","1","New Mexico","3/28/20","1","0","35047","0"
"Sandoval","1","15","New Mexico","3/28/20","7","8","35043","114.29"
"Santa Fe","3","29","New Mexico","3/28/20","8","21","35049","262.5"
"Socorro","0","2","New Mexico","3/28/20","2","0","35053","0"
"Taos","1","8","New Mexico","3/28/20","3","5","35055","166.67"
"Valencia","0","1","New Mexico","3/28/20","0","1","35061","1"
"Albany","15","195","New York","3/28/20","88","107","36001","121.59"
"Allegany","0","2","New York","3/28/20","2","0","36003","0"
"Broome","3","23","New York","3/28/20","2","21","36007","1050"
"Cattaraugus","0","1","New York","3/28/20","0","1","36009","1"
"Cayuga","0","2","New York","3/28/20","0","2","36011","1"
"Chautauqua","1","5","New York","3/28/20","0","5","36013","1"
"Chemung","2","12","New York","3/28/20","0","12","36015","1"
"Chenango","1","8","New York","3/28/20","2","6","36017","300"
"Clinton","1","12","New York","3/28/20","4","8","36019","200"
"Columbia","3","30","New York","3/28/20","7","23","36021","328.57"
"Cortland","1","7","New York","3/28/20","0","7","36023","1"
"Delaware","1","8","New York","3/28/20","1","7","36025","700"
"Dutchess","30","262","New York","3/28/20","49","213","36027","434.69"
"Erie","38","318","New York","3/28/20","50","268","36029","536"
"Essex","0","5","New York","3/28/20","2","3","36031","150"
"Franklin","1","5","New York","3/28/20","0","5","36033","1"
"Fulton","0","1","New York","3/28/20","1","0","36035","0"
"Genesee","1","7","New York","3/28/20","1","6","36037","600"
"Greene","1","7","New York","3/28/20","2","5","36039","250"
"Hamilton","0","2","New York","3/28/20","2","0","36041","0"
"Herkimer","1","9","New York","3/28/20","3","6","36043","200"
"Jefferson","1","6","New York","3/28/20","1","5","36045","500"
"Livingston","1","10","New York","3/28/20","2","8","36051","400"
"Madison","4","28","New York","3/28/20","0","28","36053","1"
"Monroe","22","202","New York","3/28/20","46","156","36055","339.13"
"Montgomery","0","6","New York","3/28/20","3","3","36057","100"
"Nassau","615","5537","New York","3/28/20","1234","4303","36059","348.7"
"New York","3178","29776","New York","3/28/20","7530","22246","36061","295.43"
"Niagara","3","33","New York","3/28/20","9","24","36063","266.67"
"Oneida","3","23","New York","3/28/20","4","19","36065","475"
"Onondaga","16","146","New York","3/28/20","34","112","36067","329.41"
"Ontario","2","16","New York","3/28/20","4","12","36069","300"
"Orange","134","1101","New York","3/28/20","163","938","36071","575.46"
"Orleans","0","3","New York","3/28/20","0","3","36073","1"
"Oswego","1","9","New York","3/28/20","0","9","36075","1"
"Otsego","1","7","New York","3/28/20","0","7","36077","1"
"Putnam","14","131","New York","3/28/20","31","100","36079","322.58"
"Rensselaer","4","51","New York","3/28/20","20","31","36083","155"
"Rockland","233","1896","New York","3/28/20","262","1634","36087","623.66"
"Saratoga","9","96","New York","3/28/20","35","61","36091","174.29"
"Schenectady","6","72","New York","3/28/20","32","40","36093","125"
"Schoharie","1","5","New York","3/28/20","1","4","36095","400"
"Schuyler","0","1","New York","3/28/20","0","1","36097","1"
"St. Lawrence","1","8","New York","3/28/20","0","8","36089","1"
"Steuben","2","13","New York","3/28/20","2","11","36101","550"
"Suffolk","497","4138","New York","3/28/20","662","3476","36103","525.08"
"Sullivan","9","72","New York","3/28/20","12","60","36105","500"
"Tioga","1","6","New York","3/28/20","1","5","36107","500"
"Tompkins","5","48","New York","3/28/20","11","37","36109","336.36"
"Ulster","16","133","New York","3/28/20","18","115","36111","638.89"
"Warren","2","13","New York","3/28/20","1","12","36113","1200"
"Washington","1","9","New York","3/28/20","1","8","36115","800"
"Wayne","1","12","New York","3/28/20","3","9","36117","300"
"Westchester","927","7875","New York","3/28/20","1387","6488","36119","467.77"
"Wyoming","1","7","New York","3/28/20","2","5","36121","250"
"Alamance","0","5","North Carolina","3/28/20","2","3","37001","150"
"Alexander","0","1","North Carolina","3/28/20","0","1","37003","1"
"Alleghany","0","1","North Carolina","3/28/20","0","1","37005","1"
"Beaufort","0","3","North Carolina","3/28/20","0","3","37013","1"
"Bertie","0","3","North Carolina","3/28/20","0","3","37015","1"
"Brunswick","1","12","North Carolina","3/28/20","4","8","37019","200"
"Buncombe","2","17","North Carolina","3/28/20","2","15","37021","750"
"Burke","1","4","North Carolina","3/28/20","0","4","37023","1"
"Cabarrus","4","31","North Carolina","3/28/20","5","26","37025","520"
"Caldwell","0","3","North Carolina","3/28/20","0","3","37027","1"
"Carteret","0","7","North Carolina","3/28/20","5","2","37031","40"
"Caswell","0","1","North Carolina","3/28/20","0","1","37033","1"
"Catawba","1","10","North Carolina","3/28/20","1","9","37035","900"
"Chatham","1","12","North Carolina","3/28/20","3","9","37037","300"
"Cherokee","0","4","North Carolina","3/28/20","4","0","37039","0"
"Chowan","0","0","North Carolina","3/28/20","1","-1","37041","-100"
"Cleveland","0","3","North Carolina","3/28/20","0","3","37045","1"
"Columbus","0","2","North Carolina","3/28/20","0","2","37047","1"
"Craven","0","4","North Carolina","3/28/20","2","2","37049","100"
"Cumberland","1","8","North Carolina","3/28/20","3","5","37051","166.67"
"Dare","0","2","North Carolina","3/28/20","0","2","37055","1"
"Davidson","2","14","North Carolina","3/28/20","1","13","37057","1300"
"Davie","1","6","North Carolina","3/28/20","1","5","37059","500"
"Duplin","0","1","North Carolina","3/28/20","0","1","37061","1"
"Durham","10","113","North Carolina","3/28/20","40","73","37063","182.5"
"Edgecombe","0","1","North Carolina","3/28/20","0","1","37065","1"
"Forsyth","3","33","North Carolina","3/28/20","12","21","37067","175"
"Franklin","0","5","North Carolina","3/28/20","4","1","37069","25"
"Gaston","2","17","North Carolina","3/28/20","1","16","37071","1600"
"Granville","0","3","North Carolina","3/28/20","1","2","37077","200"
"Greene","0","3","North Carolina","3/28/20","0","3","37079","1"
"Guilford","4","34","North Carolina","3/28/20","7","27","37081","385.71"
"Halifax","0","1","North Carolina","3/28/20","0","1","37083","1"
"Harnett","1","11","North Carolina","3/28/20","7","4","37085","57.14"
"Henderson","1","9","North Carolina","3/28/20","0","9","37089","1"
"Hertford","0","3","North Carolina","3/28/20","0","3","37091","1"
"Hoke","0","2","North Carolina","3/28/20","1","1","37093","100"
"Hyde","0","1","North Carolina","3/28/20","1","0","37095","0"
"Iredell","2","18","North Carolina","3/28/20","2","16","37097","800"
"Jackson","0","1","North Carolina","3/28/20","0","1","37099","1"
"Johnston","1","9","North Carolina","3/28/20","3","6","37101","200"
"Lee","0","2","North Carolina","3/28/20","1","1","37105","100"
"Lenoir","0","3","North Carolina","3/28/20","0","3","37107","1"
"Lincoln","0","1","North Carolina","3/28/20","1","0","37109","0"
"McDowell","1","5","North Carolina","3/28/20","0","5","37111","1"
"Mecklenburg","32","299","North Carolina","3/28/20","77","222","37119","288.31"
"Mitchell","0","1","North Carolina","3/28/20","0","1","37121","1"
"Montgomery","0","3","North Carolina","3/28/20","1","2","37123","200"
"Moore","0","5","North Carolina","3/28/20","2","3","37125","150"
"Nash","1","4","North Carolina","3/28/20","0","4","37127","1"
"New Hanover","3","25","North Carolina","3/28/20","4","21","37129","525"
"Northampton","0","3","North Carolina","3/28/20","0","3","37131","1"
"Onslow","0","4","North Carolina","3/28/20","3","1","37133","33.33"
"Orange","3","24","North Carolina","3/28/20","4","20","37135","500"
"Pasquotank","0","1","North Carolina","3/28/20","1","0","37139","0"
"Perquimans","0","1","North Carolina","3/28/20","0","1","37143","1"
"Person","0","1","North Carolina","3/28/20","0","1","37145","1"
"Pitt","1","10","North Carolina","3/28/20","2","8","37147","400"
"Polk","0","2","North Carolina","3/28/20","0","2","37149","1"
"Randolph","1","9","North Carolina","3/28/20","0","9","37151","1"
"Robeson","0","2","North Carolina","3/28/20","1","1","37155","100"
"Rowan","1","12","North Carolina","3/28/20","2","10","37159","500"
"Sampson","0","1","North Carolina","3/28/20","1","0","37163","0"
"Scotland","0","1","North Carolina","3/28/20","0","1","37165","1"
"Stanly","0","3","North Carolina","3/28/20","0","3","37167","1"
"Surry","0","1","North Carolina","3/28/20","0","1","37171","1"
"Swain","0","1","North Carolina","3/28/20","0","1","37173","1"
"Transylvania","0","3","North Carolina","3/28/20","0","3","37175","1"
"Union","4","34","North Carolina","3/28/20","6","28","37179","466.67"
"Vance","0","2","North Carolina","3/28/20","0","2","37181","1"
"Wake","13","123","North Carolina","3/28/20","32","91","37183","284.38"
"Watauga","0","5","North Carolina","3/28/20","2","3","37189","150"
"Wayne","0","3","North Carolina","3/28/20","1","2","37191","200"
"Wilson","1","7","North Carolina","3/28/20","2","5","37195","250"
"Yadkin","0","1","North Carolina","3/28/20","0","1","37197","1"
"Barnes","0","2","North Dakota","3/28/20","0","2","38003","1"
"Burleigh","2","28","North Dakota","3/28/20","15","13","38015","86.67"
"Cass","2","18","North Dakota","3/28/20","1","17","38017","1700"
"Divide","0","1","North Dakota","3/28/20","0","1","38023","1"
"Dunn","0","1","North Dakota","3/28/20","0","1","38025","1"
"Foster","0","1","North Dakota","3/28/20","0","1","38031","1"
"McHenry","0","1","North Dakota","3/28/20","0","1","38049","1"
"McIntosh","0","1","North Dakota","3/28/20","0","1","38051","1"
"McLean","0","2","North Dakota","3/28/20","0","2","38055","1"
"Mercer","0","1","North Dakota","3/28/20","0","1","38057","1"
"Morton","1","13","North Dakota","3/28/20","7","6","38059","85.71"
"Mountrail","0","2","North Dakota","3/28/20","0","2","38061","1"
"Pierce","0","2","North Dakota","3/28/20","1","1","38069","100"
"Ramsey","0","3","North Dakota","3/28/20","1","2","38071","200"
"Sioux","0","1","North Dakota","3/28/20","0","1","38085","1"
"Stark","1","9","North Dakota","3/28/20","0","9","38089","1"
"Walsh","0","1","North Dakota","3/28/20","0","1","38099","1"
"Ward","1","7","North Dakota","3/28/20","3","4","38101","133.33"
"Allen","0","2","Ohio","3/28/20","0","2","39003","1"
"Ashland","0","3","Ohio","3/28/20","1","2","39005","200"
"Ashtabula","1","6","Ohio","3/28/20","1","5","39007","500"
"Athens","0","2","Ohio","3/28/20","0","2","39009","1"
"Auglaize","0","1","Ohio","3/28/20","0","1","39011","1"
"Belmont","1","8","Ohio","3/28/20","2","6","39013","300"
"Butler","1","25","Ohio","3/28/20","16","9","39017","56.25"
"Carroll","0","3","Ohio","3/28/20","0","3","39019","1"
"Champaign","0","2","Ohio","3/28/20","0","2","39021","1"
"Clark","0","2","Ohio","3/28/20","1","1","39023","100"
"Clermont","1","8","Ohio","3/28/20","2","6","39025","300"
"Clinton","0","3","Ohio","3/28/20","0","3","39027","1"
"Columbiana","1","9","Ohio","3/28/20","0","9","39029","1"
"Coshocton","0","4","Ohio","3/28/20","2","2","39031","100"
"Crawford","0","2","Ohio","3/28/20","0","2","39033","1"
"Cuyahoga","40","370","Ohio","3/28/20","92","278","39035","302.17"
"Darke","0","1","Ohio","3/28/20","1","0","39037","0"
"Defiance","0","5","Ohio","3/28/20","2","3","39039","150"
"Delaware","3","26","Ohio","3/28/20","4","22","39041","550"
"Erie","1","5","Ohio","3/28/20","1","4","39043","400"
"Fairfield","2","14","Ohio","3/28/20","0","14","39045","1"
"Fayette","0","1","Ohio","3/28/20","0","1","39047","1"
"Franklin","29","222","Ohio","3/28/20","21","201","39049","957.14"
"Fulton","0","2","Ohio","3/28/20","0","2","39051","1"
"Gallia","0","1","Ohio","3/28/20","1","0","39053","0"
"Geauga","2","14","Ohio","3/28/20","1","13","39055","1300"
"Greene","0","3","Ohio","3/28/20","0","3","39057","1"
"Hamilton","9","71","Ohio","3/28/20","8","63","39061","787.5"
"Hancock","0","3","Ohio","3/28/20","0","3","39063","1"
"Highland","0","1","Ohio","3/28/20","0","1","39071","1"
"Huron","0","3","Ohio","3/28/20","1","2","39077","200"
"Jefferson","1","5","Ohio","3/28/20","0","5","39081","1"
"Knox","0","2","Ohio","3/28/20","0","2","39083","1"
"Lake","4","30","Ohio","3/28/20","4","26","39085","650"
"Lawrence","0","1","Ohio","3/28/20","0","1","39087","1"
"Licking","2","14","Ohio","3/28/20","1","13","39089","1300"
"Logan","0","3","Ohio","3/28/20","0","3","39091","1"
"Lorain","7","65","Ohio","3/28/20","14","51","39093","364.29"
"Lucas","9","67","Ohio","3/28/20","4","63","39095","1575"
"Madison","1","4","Ohio","3/28/20","0","4","39097","1"
"Mahoning","9","80","Ohio","3/28/20","14","66","39099","471.43"
"Marion","1","5","Ohio","3/28/20","1","4","39101","400"
"Medina","4","37","Ohio","3/28/20","9","28","39103","311.11"
"Mercer","0","2","Ohio","3/28/20","0","2","39107","1"
"Miami","4","38","Ohio","3/28/20","11","27","39109","245.45"
"Montgomery","3","20","Ohio","3/28/20","1","19","39113","1900"
"Muskingum","0","2","Ohio","3/28/20","0","2","39119","1"
"Ottawa","0","1","Ohio","3/28/20","0","1","39123","1"
"Pickaway","1","4","Ohio","3/28/20","0","4","39129","1"
"Pike","0","1","Ohio","3/28/20","0","1","39131","1"
"Portage","3","19","Ohio","3/28/20","0","19","39133","1"
"Richland","1","5","Ohio","3/28/20","1","4","39139","400"
"Sandusky","0","2","Ohio","3/28/20","0","2","39143","1"
"Seneca","0","1","Ohio","3/28/20","0","1","39147","1"
"Shelby","0","3","Ohio","3/28/20","0","3","39149","1"
"Stark","2","25","Ohio","3/28/20","8","17","39151","212.5"
"Summit","9","79","Ohio","3/28/20","15","64","39153","426.67"
"Trumbull","3","27","Ohio","3/28/20","3","24","39155","800"
"Tuscarawas","1","5","Ohio","3/28/20","1","4","39157","400"
"Union","0","3","Ohio","3/28/20","1","2","39159","200"
"Van Wert","0","1","Ohio","3/28/20","0","1","39161","1"
"Warren","2","16","Ohio","3/28/20","2","14","39165","700"
"Washington","0","2","Ohio","3/28/20","0","2","39167","1"
"Wayne","1","4","Ohio","3/28/20","0","4","39169","1"
"Wood","1","10","Ohio","3/28/20","0","10","39173","1"
"Wyandot","0","1","Ohio","3/28/20","0","1","39175","1"
"Adair","0","3","Oklahoma","3/28/20","0","3","40001","1"
"Bryan","0","1","Oklahoma","3/28/20","0","1","40013","1"
"Caddo","0","1","Oklahoma","3/28/20","0","1","40015","1"
"Canadian","1","11","Oklahoma","3/28/20","2","9","40017","450"
"Carter","0","1","Oklahoma","3/28/20","0","1","40019","1"
"Cherokee","0","1","Oklahoma","3/28/20","0","1","40021","1"
"Choctaw","0","1","Oklahoma","3/28/20","0","1","40023","1"
"Cleveland","5","46","Oklahoma","3/28/20","12","34","40027","283.33"
"Comanche","1","6","Oklahoma","3/28/20","0","6","40031","1"
"Craig","0","1","Oklahoma","3/28/20","0","1","40035","1"
"Creek","2","16","Oklahoma","3/28/20","0","16","40037","1"
"Custer","0","3","Oklahoma","3/28/20","1","2","40039","200"
"Delaware","1","4","Oklahoma","3/28/20","0","4","40041","1"
"Garvin","0","2","Oklahoma","3/28/20","2","0","40049","0"
"Grady","0","2","Oklahoma","3/28/20","1","1","40051","100"
"Jackson","0","1","Oklahoma","3/28/20","1","0","40065","0"
"Kay","2","18","Oklahoma","3/28/20","3","15","40071","500"
"Latimer","0","1","Oklahoma","3/28/20","0","1","40077","1"
"Le Flore","0","1","Oklahoma","3/28/20","0","1","40079","1"
"Lincoln","0","3","Oklahoma","3/28/20","0","3","40081","1"
"Logan","0","3","Oklahoma","3/28/20","1","2","40083","200"
"Mayes","0","3","Oklahoma","3/28/20","0","3","40097","1"
"McClain","0","2","Oklahoma","3/28/20","1","1","40087","100"
"Muskogee","1","7","Oklahoma","3/28/20","0","7","40101","1"
"Noble","0","3","Oklahoma","3/28/20","0","3","40103","1"
"Nowata","0","1","Oklahoma","3/28/20","0","1","40105","1"
"Oklahoma","12","107","Oklahoma","3/28/20","20","87","40109","435"
"Okmulgee","0","2","Oklahoma","3/28/20","0","2","40111","1"
"Osage","1","6","Oklahoma","3/28/20","0","6","40113","1"
"Ottawa","1","4","Oklahoma","3/28/20","0","4","40115","1"
"Pawnee","2","14","Oklahoma","3/28/20","2","12","40117","600"
"Payne","2","12","Oklahoma","3/28/20","1","11","40119","1100"
"Pittsburg","0","2","Oklahoma","3/28/20","0","2","40121","1"
"Pontotoc","0","3","Oklahoma","3/28/20","0","3","40123","1"
"Pottawatomie","0","2","Oklahoma","3/28/20","0","2","40125","1"
"Sequoyah","0","2","Oklahoma","3/28/20","0","2","40135","1"
"Stephens","0","2","Oklahoma","3/28/20","0","2","40137","1"
"Tulsa","7","57","Oklahoma","3/28/20","5","52","40143","1040"
"Wagoner","1","8","Oklahoma","3/28/20","0","8","40145","1"
"Washington","2","14","Oklahoma","3/28/20","1","13","40147","1300"
"Benton","1","8","Oregon","3/28/20","2","6","41003","300"
"Clackamas","4","36","Oregon","3/28/20","11","25","41005","227.27"
"Clatsop","0","3","Oregon","3/28/20","0","3","41007","1"
"Columbia","0","1","Oregon","3/28/20","0","1","41009","1"
"Deschutes","2","20","Oregon","3/28/20","9","11","41017","122.22"
"Douglas","0","4","Oregon","3/28/20","1","3","41019","300"
"Grant","0","1","Oregon","3/28/20","1","0","41023","0"
"Hood River","0","1","Oregon","3/28/20","0","1","41027","1"
"Jackson","1","8","Oregon","3/28/20","2","6","41029","300"
"Josephine","1","5","Oregon","3/28/20","1","4","41033","400"
"Klamath","0","2","Oregon","3/28/20","1","1","41035","100"
"Lane","1","9","Oregon","3/28/20","3","6","41039","200"
"Lincoln","0","1","Oregon","3/28/20","0","1","41041","1"
"Linn","2","32","Oregon","3/28/20","19","13","41043","68.42"
"Marion","11","94","Oregon","3/28/20","19","75","41047","394.74"
"Morrow","0","1","Oregon","3/28/20","0","1","41049","1"
"Multnomah","9","81","Oregon","3/28/20","18","63","41051","350"
"Polk","1","11","Oregon","3/28/20","1","10","41053","1000"
"Tillamook","0","1","Oregon","3/28/20","0","1","41057","1"
"Umatilla","0","4","Oregon","3/28/20","2","2","41059","100"
"Union","0","1","Oregon","3/28/20","1","0","41061","0"
"Wasco","0","2","Oregon","3/28/20","0","2","41065","1"
"Washington","14","140","Oregon","3/28/20","42","98","41067","233.33"
"Yamhill","1","13","Oregon","3/28/20","4","9","41071","225"
"Adams","1","8","Pennsylvania","3/28/20","4","4","42001","100"
"Allegheny","27","219","Pennsylvania","3/28/20","31","188","42003","606.45"
"Armstrong","0","2","Pennsylvania","3/28/20","0","2","42005","1"
"Beaver","3","22","Pennsylvania","3/28/20","3","19","42007","633.33"
"Berks","8","65","Pennsylvania","3/28/20","7","58","42011","828.57"
"Blair","0","2","Pennsylvania","3/28/20","0","2","42013","1"
"Bradford","0","3","Pennsylvania","3/28/20","0","3","42015","1"
"Bucks","18","152","Pennsylvania","3/28/20","28","124","42017","442.86"
"Butler","6","41","Pennsylvania","3/28/20","1","40","42019","4000"
"Cambria","0","1","Pennsylvania","3/28/20","0","1","42021","1"
"Cameron","0","1","Pennsylvania","3/28/20","0","1","42023","1"
"Carbon","0","3","Pennsylvania","3/28/20","0","3","42025","1"
"Centre","2","15","Pennsylvania","3/28/20","1","14","42027","1400"
"Chester","14","116","Pennsylvania","3/28/20","19","97","42029","510.53"
"Clarion","0","1","Pennsylvania","3/28/20","0","1","42031","1"
"Clearfield","0","2","Pennsylvania","3/28/20","0","2","42033","1"
"Columbia","1","4","Pennsylvania","3/28/20","0","4","42037","1"
"Crawford","0","2","Pennsylvania","3/28/20","0","2","42039","1"
"Cumberland","2","22","Pennsylvania","3/28/20","11","11","42041","100"
"Dauphin","3","23","Pennsylvania","3/28/20","1","22","42043","2200"
"Delaware","28","226","Pennsylvania","3/28/20","33","193","42045","584.85"
"Erie","1","7","Pennsylvania","3/28/20","1","6","42049","600"
"Fayette","1","10","Pennsylvania","3/28/20","0","10","42051","1"
"Franklin","1","7","Pennsylvania","3/28/20","1","6","42055","600"
"Greene","1","6","Pennsylvania","3/28/20","0","6","42059","1"
"Huntingdon","0","1","Pennsylvania","3/28/20","0","1","42061","1"
"Indiana","0","2","Pennsylvania","3/28/20","0","2","42063","1"
"Juniata","0","1","Pennsylvania","3/28/20","0","1","42067","1"
"Lackawanna","7","51","Pennsylvania","3/28/20","5","46","42069","920"
"Lancaster","6","45","Pennsylvania","3/28/20","4","41","42071","1025"
"Lawrence","1","8","Pennsylvania","3/28/20","0","8","42073","1"
"Lebanon","2","15","Pennsylvania","3/28/20","2","13","42075","650"
"Lehigh","14","109","Pennsylvania","3/28/20","13","96","42077","738.46"
"Luzerne","8","65","Pennsylvania","3/28/20","6","59","42079","983.33"
"Lycoming","0","2","Pennsylvania","3/28/20","0","2","42081","1"
"McKean","0","1","Pennsylvania","3/28/20","0","1","42083","1"
"Mercer","1","6","Pennsylvania","3/28/20","0","6","42085","1"
"Monroe","12","106","Pennsylvania","3/28/20","25","81","42089","324"
"Montgomery","48","411","Pennsylvania","3/28/20","77","334","42091","433.77"
"Montour","1","5","Pennsylvania","3/28/20","1","4","42093","400"
"Northampton","11","94","Pennsylvania","3/28/20","17","77","42095","452.94"
"Northumberland","0","1","Pennsylvania","3/28/20","0","1","42097","1"
"Perry","0","1","Pennsylvania","3/28/20","0","1","42099","1"
"Philadelphia","103","803","Pennsylvania","3/28/20","85","718","42101","844.71"
"Pike","3","27","Pennsylvania","3/28/20","3","24","42103","800"
"Potter","0","2","Pennsylvania","3/28/20","1","1","42105","100"
"Schuylkill","2","16","Pennsylvania","3/28/20","0","16","42107","1"
"Snyder","0","1","Pennsylvania","3/28/20","0","1","42109","1"
"Somerset","0","2","Pennsylvania","3/28/20","0","2","42111","1"
"Susquehanna","0","1","Pennsylvania","3/28/20","0","1","42115","1"
"Tioga","0","1","Pennsylvania","3/28/20","0","1","42117","1"
"Warren","0","1","Pennsylvania","3/28/20","0","1","42123","1"
"Washington","3","23","Pennsylvania","3/28/20","5","18","42125","360"
"Wayne","1","6","Pennsylvania","3/28/20","1","5","42127","500"
"Westmoreland","5","41","Pennsylvania","3/28/20","4","37","42129","925"
"York","4","37","Pennsylvania","3/28/20","9","28","42133","311.11"
"","11","100","Puerto Rico","3/28/20","21","79",,"376.19"
"Bristol","0","6","Rhode Island","3/28/20","4","2","44001","50"
"Kent","1","9","Rhode Island","3/28/20","4","5","44003","125"
"Newport","1","12","Rhode Island","3/28/20","8","4","44005","50"
"Providence","9","91","Rhode Island","3/28/20","30","61","44007","203.33"
"Washington","1","14","Rhode Island","3/28/20","8","6","44009","75"
"Abbeville","0","3","South Carolina","3/28/20","1","2","45001","200"
"Aiken","1","7","South Carolina","3/28/20","1","6","45003","600"
"Anderson","2","24","South Carolina","3/28/20","10","14","45007","140"
"Beaufort","4","39","South Carolina","3/28/20","13","26","45013","200"
"Berkeley","2","13","South Carolina","3/28/20","1","12","45015","1200"
"Calhoun","0","1","South Carolina","3/28/20","1","0","45017","0"
"Charleston","14","108","South Carolina","3/28/20","9","99","45019","1100"
"Chester","0","2","South Carolina","3/28/20","0","2","45023","1"
"Chesterfield","1","4","South Carolina","3/28/20","0","4","45025","1"
"Clarendon","1","7","South Carolina","3/28/20","1","6","45027","600"
"Colleton","0","4","South Carolina","3/28/20","1","3","45029","300"
"Darlington","1","8","South Carolina","3/28/20","2","6","45031","300"
"Dillon","0","1","South Carolina","3/28/20","1","0","45033","0"
"Dorchester","1","10","South Carolina","3/28/20","1","9","45035","900"
"Edgefield","0","1","South Carolina","3/28/20","1","0","45037","0"
"Fairfield","0","4","South Carolina","3/28/20","1","3","45039","300"
"Florence","2","12","South Carolina","3/28/20","1","11","45041","1100"
"Georgetown","1","6","South Carolina","3/28/20","0","6","45043","1"
"Greenville","6","57","South Carolina","3/28/20","17","40","45045","235.29"
"Greenwood","0","3","South Carolina","3/28/20","3","0","45047","0"
"Horry","3","28","South Carolina","3/28/20","9","19","45051","211.11"
"Jasper","0","3","South Carolina","3/28/20","0","3","45053","1"
"Kershaw","5","77","South Carolina","3/28/20","43","34","45055","79.07"
"Lancaster","1","9","South Carolina","3/28/20","3","6","45057","200"
"Laurens","0","2","South Carolina","3/28/20","0","2","45059","1"
"Lee","1","5","South Carolina","3/28/20","1","4","45061","400"
"Lexington","3","30","South Carolina","3/28/20","12","18","45063","150"
"Marion","0","1","South Carolina","3/28/20","0","1","45067","1"
"Marlboro","0","1","South Carolina","3/28/20","1","0","45069","0"
"Newberry","0","2","South Carolina","3/28/20","1","1","45071","100"
"Oconee","0","3","South Carolina","3/28/20","0","3","45073","1"
"Orangeburg","2","14","South Carolina","3/28/20","3","11","45075","366.67"
"Pickens","1","10","South Carolina","3/28/20","1","9","45077","900"
"Richland","8","81","South Carolina","3/28/20","27","54","45079","200"
"Saluda","0","1","South Carolina","3/28/20","1","0","45081","0"
"Spartanburg","3","21","South Carolina","3/28/20","2","19","45083","950"
"Sumter","3","24","South Carolina","3/28/20","3","21","45085","700"
"Union","0","1","South Carolina","3/28/20","0","1","45087","1"
"Williamsburg","0","2","South Carolina","3/28/20","0","2","45089","1"
"York","4","31","South Carolina","3/28/20","2","29","45091","1450"
"Aurora","0","1","South Dakota","3/28/20","0","1","46003","1"
"Beadle","2","16","South Dakota","3/28/20","4","12","46005","300"
"Bon Homme","0","1","South Dakota","3/28/20","1","0","46009","0"
"Brookings","0","1","South Dakota","3/28/20","0","1","46011","1"
"Brown","0","2","South Dakota","3/28/20","0","2","46013","1"
"Charles Mix","0","1","South Dakota","3/28/20","1","0","46023","0"
"Codington","0","2","South Dakota","3/28/20","0","2","46029","1"
"Davison","0","2","South Dakota","3/28/20","1","1","46035","100"
"Deuel","0","1","South Dakota","3/28/20","0","1","46039","1"
"Faulk","0","1","South Dakota","3/28/20","0","1","46049","1"
"Hamlin","0","1","South Dakota","3/28/20","0","1","46057","1"
"Hughes","0","1","South Dakota","3/28/20","0","1","46065","1"
"Hutchinson","0","2","South Dakota","3/28/20","0","2","46067","1"
"Lawrence","0","2","South Dakota","3/28/20","0","2","46081","1"
"Lincoln","0","3","South Dakota","3/28/20","0","3","46083","1"
"Lyman","0","1","South Dakota","3/28/20","0","1","46085","1"
"McCook","0","2","South Dakota","3/28/20","1","1","46087","100"
"Meade","0","1","South Dakota","3/28/20","0","1","46093","1"
"Minnehaha","2","21","South Dakota","3/28/20","5","16","46099","320"
"Pennington","0","3","South Dakota","3/28/20","1","2","46103","200"
"Todd","0","1","South Dakota","3/28/20","0","1","46121","1"
"Union","0","1","South Dakota","3/28/20","0","1","46127","1"
"Yankton","0","1","South Dakota","3/28/20","0","1","46135","1"
"Anderson","1","5","Tennessee","3/28/20","1","4","47001","400"
"Bedford","0","1","Tennessee","3/28/20","0","1","47003","1"
"Benton","0","3","Tennessee","3/28/20","0","3","47005","1"
"Bledsoe","0","2","Tennessee","3/28/20","0","2","47007","1"
"Blount","1","9","Tennessee","3/28/20","1","8","47009","800"
"Bradley","1","5","Tennessee","3/28/20","1","4","47011","400"
"Campbell","0","4","Tennessee","3/28/20","2","2","47013","100"
"Cannon","0","3","Tennessee","3/28/20","0","3","47015","1"
"Carroll","0","4","Tennessee","3/28/20","1","3","47017","300"
"Carter","0","1","Tennessee","3/28/20","0","1","47019","1"
"Cheatham","1","7","Tennessee","3/28/20","2","5","47021","250"
"Chester","0","2","Tennessee","3/28/20","0","2","47023","1"
"Claiborne","0","2","Tennessee","3/28/20","0","2","47025","1"
"Cocke","0","1","Tennessee","3/28/20","1","0","47029","0"
"Cumberland","1","6","Tennessee","3/28/20","2","4","47035","200"
"Davidson","34","376","Tennessee","3/28/20","140","236","47037","168.57"
"Decatur","0","1","Tennessee","3/28/20","0","1","47039","1"
"DeKalb","0","3","Tennessee","3/28/20","0","3","47041","1"
"Dickson","1","11","Tennessee","3/28/20","3","8","47043","266.67"
"Dyer","0","3","Tennessee","3/28/20","2","1","47045","50"
"Fayette","0","4","Tennessee","3/28/20","1","3","47047","300"
"Franklin","0","3","Tennessee","3/28/20","0","3","47051","1"
"Gibson","0","2","Tennessee","3/28/20","0","2","47053","1"
"Greene","1","8","Tennessee","3/28/20","1","7","47059","700"
"Grundy","0","2","Tennessee","3/28/20","0","2","47061","1"
"Hamblen","0","2","Tennessee","3/28/20","2","0","47063","0"
"Hamilton","4","35","Tennessee","3/28/20","7","28","47065","400"
"Hardeman","0","1","Tennessee","3/28/20","0","1","47069","1"
"Hardin","0","1","Tennessee","3/28/20","0","1","47071","1"
"Hawkins","0","2","Tennessee","3/28/20","0","2","47073","1"
"Houston","0","2","Tennessee","3/28/20","0","2","47083","1"
"Jefferson","1","5","Tennessee","3/28/20","1","4","47089","400"
"Knox","4","33","Tennessee","3/28/20","4","29","47093","725"
"Lewis","0","2","Tennessee","3/28/20","0","2","47101","1"
"Lincoln","0","1","Tennessee","3/28/20","0","1","47103","1"
"Loudon","1","6","Tennessee","3/28/20","0","6","47105","1"
"Macon","0","2","Tennessee","3/28/20","0","2","47111","1"
"Madison","0","3","Tennessee","3/28/20","0","3","47113","1"
"Marion","1","4","Tennessee","3/28/20","0","4","47115","1"
"Maury","1","8","Tennessee","3/28/20","1","7","47119","700"
"McMinn","0","3","Tennessee","3/28/20","0","3","47107","1"
"Meigs","0","1","Tennessee","3/28/20","0","1","47121","1"
"Monroe","0","3","Tennessee","3/28/20","3","0","47123","0"
"Montgomery","1","11","Tennessee","3/28/20","3","8","47125","266.67"
"Morgan","0","1","Tennessee","3/28/20","0","1","47129","1"
"Out of TN","21","148","Tennessee","3/28/20","0","148","80047","1"
"Overton","0","2","Tennessee","3/28/20","0","2","47133","1"
"Perry","0","2","Tennessee","3/28/20","0","2","47135","1"
"Putnam","2","17","Tennessee","3/28/20","5","12","47141","240"
"Roane","0","1","Tennessee","3/28/20","1","0","47145","0"
"Robertson","3","23","Tennessee","3/28/20","2","21","47147","1050"
"Rutherford","6","46","Tennessee","3/28/20","5","41","47149","820"
"Scott","0","2","Tennessee","3/28/20","2","0","47151","0"
"Sevier","1","6","Tennessee","3/28/20","2","4","47155","200"
"Shelby","33","275","Tennessee","3/28/20","42","233","47157","554.76"
"Smith","0","1","Tennessee","3/28/20","0","1","47159","1"
"Sullivan","1","6","Tennessee","3/28/20","1","5","47163","500"
"Sumner","10","82","Tennessee","3/28/20","11","71","47165","645.45"
"Tipton","1","11","Tennessee","3/28/20","2","9","47167","450"
"Trousdale","0","1","Tennessee","3/28/20","0","1","47169","1"
"Unicoi","0","1","Tennessee","3/28/20","0","1","47171","1"
"Union","0","1","Tennessee","3/28/20","0","1","47173","1"
"Washington","2","14","Tennessee","3/28/20","2","12","47179","600"
"Weakley","0","1","Tennessee","3/28/20","0","1","47183","1"
"White","0","1","Tennessee","3/28/20","0","1","47185","1"
"Williamson","7","95","Tennessee","3/28/20","47","48","47187","102.13"
"Wilson","2","20","Tennessee","3/28/20","3","17","47189","566.67"
"Andrews","0","1","Texas","3/28/20","0","1","48003","1"
"Angelina","0","1","Texas","3/28/20","0","1","48005","1"
"Atascosa","0","2","Texas","3/28/20","0","2","48013","1"
"Austin","0","1","Texas","3/28/20","0","1","48015","1"
"Bastrop","1","4","Texas","3/28/20","0","4","48021","1"
"Bell","3","28","Texas","3/28/20","8","20","48027","250"
"Bexar","12","125","Texas","3/28/20","39","86","48029","220.51"
"Blanco","0","1","Texas","3/28/20","0","1","48031","1"
"Bowie","0","3","Texas","3/28/20","1","2","48037","200"
"Brazoria","7","61","Texas","3/28/20","14","47","48039","335.71"
"Brazos","4","40","Texas","3/28/20","10","30","48041","300"
"Brown","0","3","Texas","3/28/20","2","1","48049","50"
"Burleson","0","1","Texas","3/28/20","0","1","48051","1"
"Burnet","0","1","Texas","3/28/20","0","1","48053","1"
"Caldwell","0","1","Texas","3/28/20","0","1","48055","1"
"Calhoun","0","3","Texas","3/28/20","0","3","48057","1"
"Cameron","2","13","Texas","3/28/20","2","11","48061","550"
"Cass","0","2","Texas","3/28/20","0","2","48067","1"
"Castro","1","8","Texas","3/28/20","1","7","48069","700"
"Chambers","0","3","Texas","3/28/20","0","3","48071","1"
"Cherokee","0","1","Texas","3/28/20","0","1","48073","1"
"Collin","13","118","Texas","3/28/20","27","91","48085","337.04"
"Comal","1","9","Texas","3/28/20","2","7","48091","350"
"Comanche","0","1","Texas","3/28/20","0","1","48093","1"
"Coryell","0","1","Texas","3/28/20","0","1","48099","1"
"Crane","0","1","Texas","3/28/20","1","0","48103","0"
"Dallas","49","439","Texas","3/28/20","95","344","48113","362.11"
"Dawson","0","3","Texas","3/28/20","0","3","48115","1"
"Deaf Smith","0","2","Texas","3/28/20","0","2","48117","1"
"Denton","18","148","Texas","3/28/20","24","124","48121","516.67"
"DeWitt","0","3","Texas","3/28/20","1","2","48123","200"
"Eastland","1","4","Texas","3/28/20","0","4","48133","1"
"Ector","0","1","Texas","3/28/20","0","1","48135","1"
"El Paso","4","38","Texas","3/28/20","7","31","48141","442.86"
"Ellis","1","13","Texas","3/28/20","3","10","48139","333.33"
"Erath","0","1","Texas","3/28/20","0","1","48143","1"
"Falls","0","1","Texas","3/28/20","0","1","48145","1"
"Fannin","0","1","Texas","3/28/20","1","0","48147","0"
"Fayette","0","1","Texas","3/28/20","1","0","48149","0"
"Fort Bend","10","101","Texas","3/28/20","29","72","48157","248.28"
"Gaines","0","1","Texas","3/28/20","0","1","48165","1"
"Galveston","6","49","Texas","3/28/20","8","41","48167","512.5"
"Grayson","0","2","Texas","3/28/20","0","2","48181","1"
"Gregg","0","4","Texas","3/28/20","1","3","48183","300"
"Grimes","0","2","Texas","3/28/20","2","0","48185","0"
"Guadalupe","1","8","Texas","3/28/20","1","7","48187","700"
"Hale","0","1","Texas","3/28/20","0","1","48189","1"
"Hardin","1","6","Texas","3/28/20","0","6","48199","1"
"Harris","54","445","Texas","3/28/20","68","377","48201","554.41"
"Harrison","0","1","Texas","3/28/20","0","1","48203","1"
"Hays","1","13","Texas","3/28/20","6","7","48209","116.67"
"Hidalgo","3","18","Texas","3/28/20","0","18","48215","1"
"Hockley","1","7","Texas","3/28/20","3","4","48219","133.33"
"Hood","0","3","Texas","3/28/20","0","3","48221","1"
"Hopkins","0","1","Texas","3/28/20","0","1","48223","1"
"Hunt","0","1","Texas","3/28/20","0","1","48231","1"
"Jackson","0","1","Texas","3/28/20","0","1","48239","1"
"Jefferson","2","12","Texas","3/28/20","1","11","48245","1100"
"Johnson","1","8","Texas","3/28/20","2","6","48251","300"
"Karnes","0","1","Texas","3/28/20","0","1","48255","1"
"Kaufman","0","2","Texas","3/28/20","0","2","48257","1"
"Kendall","1","6","Texas","3/28/20","1","5","48259","500"
"Kleberg","0","1","Texas","3/28/20","0","1","48273","1"
"Lamar","0","1","Texas","3/28/20","1","0","48277","0"
"Lamb","0","1","Texas","3/28/20","0","1","48279","1"
"Lavaca","0","3","Texas","3/28/20","1","2","48285","200"
"Liberty","0","2","Texas","3/28/20","0","2","48291","1"
"Limestone","0","1","Texas","3/28/20","0","1","48293","1"
"Llano","0","2","Texas","3/28/20","0","2","48299","1"
"Lubbock","3","31","Texas","3/28/20","9","22","48303","244.44"
"Lynn","0","1","Texas","3/28/20","0","1","48305","1"
"Martin","0","1","Texas","3/28/20","0","1","48317","1"
"Matagorda","1","11","Texas","3/28/20","3","8","48321","266.67"
"Maverick","0","1","Texas","3/28/20","0","1","48323","1"
"McLennan","3","34","Texas","3/28/20","16","18","48309","112.5"
"Medina","0","3","Texas","3/28/20","1","2","48325","200"
"Midland","1","11","Texas","3/28/20","1","10","48329","1000"
"Milam","0","2","Texas","3/28/20","1","1","48331","100"
"Montague","0","1","Texas","3/28/20","0","1","48337","1"
"Montgomery","7","63","Texas","3/28/20","13","50","48339","384.62"
"Morris","0","1","Texas","3/28/20","0","1","48343","1"
"Nacogdoches","0","1","Texas","3/28/20","0","1","48347","1"
"Navarro","0","1","Texas","3/28/20","0","1","48349","1"
"Nueces","3","21","Texas","3/28/20","1","20","48355","2000"
"Oldham","0","2","Texas","3/28/20","1","1","48359","100"
"Orange","0","1","Texas","3/28/20","0","1","48361","1"
"Parker","1","4","Texas","3/28/20","0","4","48367","1"
"Polk","0","1","Texas","3/28/20","0","1","48373","1"
"Potter","0","3","Texas","3/28/20","0","3","48375","1"
"Randall","0","3","Texas","3/28/20","2","1","48381","50"
"Robertson","0","2","Texas","3/28/20","0","2","48395","1"
"Rockwall","0","3","Texas","3/28/20","0","3","48397","1"
"Rusk","0","2","Texas","3/28/20","1","1","48401","100"
"San Jacinto","0","1","Texas","3/28/20","0","1","48407","1"
"San Patricio","0","2","Texas","3/28/20","0","2","48409","1"
"Shelby","0","1","Texas","3/28/20","0","1","48419","1"
"Smith","3","27","Texas","3/28/20","6","21","48423","350"
"Starr","0","2","Texas","3/28/20","0","2","48427","1"
"Swisher","0","1","Texas","3/28/20","0","1","48437","1"
"Tarrant","12","128","Texas","3/28/20","42","86","48439","204.76"
"Taylor","0","3","Texas","3/28/20","0","3","48441","1"
"Terry","1","4","Texas","3/28/20","0","4","48445","1"
"Tom Green","0","3","Texas","3/28/20","0","3","48451","1"
"Travis","17","179","Texas","3/28/20","62","117","48453","188.71"
"Upshur","0","0","Texas","3/28/20","1","-1","48459","-100"
"Uvalde","0","1","Texas","3/28/20","0","1","48463","1"
"Val Verde","1","5","Texas","3/28/20","0","5","48465","1"
"Van Zandt","0","1","Texas","3/28/20","1","0","48467","0"
"Victoria","0","3","Texas","3/28/20","0","3","48469","1"
"Walker","0","3","Texas","3/28/20","0","3","48471","1"
"Washington","1","6","Texas","3/28/20","0","6","48477","1"
"Webb","3","25","Texas","3/28/20","1","24","48479","2400"
"Wharton","0","3","Texas","3/28/20","1","2","48481","200"
"Wichita","3","23","Texas","3/28/20","4","19","48485","475"
"Willacy","0","1","Texas","3/28/20","0","1","48489","1"
"Williamson","4","34","Texas","3/28/20","9","25","48491","277.78"
"Wilson","0","2","Texas","3/28/20","0","2","48493","1"
"Young","0","1","Texas","3/28/20","0","1","48503","1"
"Bear River","0","4","Utah","3/28/20","1","3","00000","300"
"Cache","0","5","Utah","3/28/20","2","3","49005","150"
"Davis","6","59","Utah","3/28/20","14","45","49011","321.43"
"Out of UT","2","14","Utah","3/28/20","0","14","80049","1"
"Salt Lake","31","276","Utah","3/28/20","57","219","49035","384.21"
"San Juan","0","1","Utah","3/28/20","0","1","49037","1"
"Summit","14","127","Utah","3/28/20","32","95","49043","296.88"
"Tooele","1","8","Utah","3/28/20","2","6","49045","300"
"Utah","4","30","Utah","3/28/20","3","27","49049","900"
"Wasatch","4","36","Utah","3/28/20","7","29","49051","414.29"
"Washington","2","13","Utah","3/28/20","0","13","49053","1"
"Weber-Morgan","4","29","Utah","3/28/20","0","29","00000","1"
"Addison","2","15","Vermont","3/28/20","3","12","50001","400"
"Bennington","2","15","Vermont","3/28/20","4","11","50003","275"
"Caledonia","0","2","Vermont","3/28/20","0","2","50005","1"
"Chittenden","12","105","Vermont","3/28/20","22","83","50007","377.27"
"Franklin","1","7","Vermont","3/28/20","2","5","50011","250"
"Lamoille","1","9","Vermont","3/28/20","0","9","50015","1"
"Orange","0","3","Vermont","3/28/20","4","-1","50017","-25"
"Orleans","1","5","Vermont","3/28/20","0","5","50019","1"
"Rutland","1","6","Vermont","3/28/20","2","4","50021","200"
"Washington","1","10","Vermont","3/28/20","2","8","50023","400"
"Windham","1","9","Vermont","3/28/20","1","8","50025","800"
"Windsor","1","18","Vermont","3/28/20","9","9","50027","100"
"","2","22","Virgin Islands","3/28/20","6","16",,"266.67"
"Accomack","0","2","Virginia","3/28/20","1","1","51001","100"
"Albemarle","2","16","Virginia","3/28/20","1","15","51003","1500"
"Alexandria","2","20","Virginia","3/28/20","5","15","51510","300"
"Amelia","0","1","Virginia","3/28/20","0","1","51007","1"
"Amherst","0","2","Virginia","3/28/20","0","2","51009","1"
"Arlington","8","75","Virginia","3/28/20","22","53","51013","240.91"
"Bedford","0","3","Virginia","3/28/20","0","3","51019","1"
"Botetourt","0","1","Virginia","3/28/20","1","0","51023","0"
"Bristol","0","1","Virginia","3/28/20","0","1","51520","1"
"Charles City","0","1","Virginia","3/28/20","1","0","51036","0"
"Charlottesville","1","12","Virginia","3/28/20","3","9","51540","300"
"Chesapeake","1","7","Virginia","3/28/20","0","7","51550","1"
"Chesterfield","1","12","Virginia","3/28/20","7","5","51041","71.43"
"Culpeper","0","2","Virginia","3/28/20","0","2","51047","1"
"Danville","1","4","Virginia","3/28/20","0","4","51590","1"
"Fairfax","19","156","Virginia","3/28/20","22","134","51059","609.09"
"Fauquier","1","6","Virginia","3/28/20","0","6","51061","1"
"Fluvanna","0","3","Virginia","3/28/20","0","3","51065","1"
"Franklin","0","1","Virginia","3/28/20","1","0","51067","0"
"Frederick","1","4","Virginia","3/28/20","0","4","51069","1"
"Fredericksburg","0","1","Virginia","3/28/20","0","1","51630","1"
"Galax","0","1","Virginia","3/28/20","0","1","51640","1"
"Gloucester","1","6","Virginia","3/28/20","2","4","51073","200"
"Goochland","1","5","Virginia","3/28/20","1","4","51075","400"
"Greene","0","1","Virginia","3/28/20","0","1","51079","1"
"Halifax","0","1","Virginia","3/28/20","0","1","51083","1"
"Hampton","1","7","Virginia","3/28/20","0","7","51650","1"
"Hanover","0","3","Virginia","3/28/20","1","2","51085","200"
"Harrisonburg","1","5","Virginia","3/28/20","1","4","51660","400"
"Henrico","3","31","Virginia","3/28/20","7","24","51087","342.86"
"Hopewell","0","1","Virginia","3/28/20","0","1","51670","1"
"Isle of Wight","0","3","Virginia","3/28/20","1","2","51093","200"
"James City","6","65","Virginia","3/28/20","20","45","51095","225"
"King George","0","2","Virginia","3/28/20","0","2","51099","1"
"Lancaster","0","1","Virginia","3/28/20","0","1","51103","1"
"Lee","0","2","Virginia","3/28/20","2","0","51105","0"
"Loudoun","6","54","Virginia","3/28/20","14","40","51107","285.71"
"Louisa","1","6","Virginia","3/28/20","0","6","51109","1"
"Lynchburg","0","2","Virginia","3/28/20","0","2","51680","1"
"Madison","0","3","Virginia","3/28/20","0","3","51113","1"
"Manassas","1","4","Virginia","3/28/20","0","4","51683","1"
"Mathews","0","2","Virginia","3/28/20","0","2","51115","1"
"Mecklenburg","0","4","Virginia","3/28/20","1","3","51117","300"
"Montgomery","0","1","Virginia","3/28/20","0","1","51121","1"
"Nelson","0","2","Virginia","3/28/20","0","2","51125","1"
"New Kent","0","1","Virginia","3/28/20","0","1","51127","1"
"Newport News","2","13","Virginia","3/28/20","2","11","51700","550"
"Norfolk","1","10","Virginia","3/28/20","3","7","51710","233.33"
"Northampton","0","1","Virginia","3/28/20","0","1","51131","1"
"Northumberland","0","2","Virginia","3/28/20","0","2","51133","1"
"Nottoway","0","1","Virginia","3/28/20","0","1","51135","1"
"Orange","0","1","Virginia","3/28/20","0","1","51137","1"
"Pittsylvania","0","1","Virginia","3/28/20","0","1","51143","1"
"Poquoson","0","2","Virginia","3/28/20","0","2","51735","1"
"Portsmouth","1","4","Virginia","3/28/20","0","4","51740","1"
"Powhatan","0","1","Virginia","3/28/20","0","1","51145","1"
"Prince Edward","0","2","Virginia","3/28/20","1","1","51147","100"
"Prince George","0","2","Virginia","3/28/20","0","2","51149","1"
"Prince William","6","56","Virginia","3/28/20","14","42","51153","300"
"Radford","0","1","Virginia","3/28/20","0","1","51750","1"
"Richmond City","2","20","Virginia","3/28/20","6","14","51760","233.33"
"Roanoke","0","2","Virginia","3/28/20","0","2","51161","1"
"Rockbridge","0","2","Virginia","3/28/20","1","1","51163","100"
"Rockingham","1","4","Virginia","3/28/20","0","4","51165","1"
"Shenandoah","0","3","Virginia","3/28/20","0","3","51171","1"
"Southampton","0","1","Virginia","3/28/20","0","1","51175","1"
"Spotsylvania","0","3","Virginia","3/28/20","1","2","51177","200"
"Stafford","1","11","Virginia","3/28/20","2","9","51179","450"
"Suffolk","0","1","Virginia","3/28/20","1","0","51800","0"
"Virginia Beach","4","35","Virginia","3/28/20","5","30","51810","600"
"Warren","0","2","Virginia","3/28/20","0","2","51187","1"
"Washington","0","1","Virginia","3/28/20","0","1","51191","1"
"Williamsburg","0","6","Virginia","3/28/20","4","2","51830","50"
"York","1","9","Virginia","3/28/20","3","6","51199","200"
"Adams","1","5","Washington","3/28/20","0","5","53001","1"
"Benton","5","42","Washington","3/28/20","7","35","53005","500"
"Chelan","1","13","Washington","3/28/20","3","10","53007","333.33"
"Clallam","0","5","Washington","3/28/20","2","3","53009","150"
"Clark","10","82","Washington","3/28/20","9","73","53011","811.11"
"Columbia","0","1","Washington","3/28/20","1","0","53013","0"
"Cowlitz","1","10","Washington","3/28/20","2","8","53015","400"
"Douglas","1","5","Washington","3/28/20","0","5","53017","1"
"Ferry","0","1","Washington","3/28/20","0","1","53019","1"
"Franklin","1","12","Washington","3/28/20","2","10","53021","500"
"Grant","5","44","Washington","3/28/20","11","33","53025","300"
"Grays Harbor","0","1","Washington","3/28/20","1","0","53027","0"
"Island","9","80","Washington","3/28/20","19","61","53029","321.05"
"Jefferson","1","11","Washington","3/28/20","4","7","53031","175"
"King","163","2077","Washington","3/28/20","934","1143","53033","122.38"
"Kitsap","4","42","Washington","3/28/20","15","27","53035","180"
"Kittitas","1","8","Washington","3/28/20","4","4","53037","100"
"Klickitat","0","7","Washington","3/28/20","4","3","53039","75"
"Lewis","1","7","Washington","3/28/20","2","5","53041","250"
"Lincoln","0","1","Washington","3/28/20","1","0","53043","0"
"Mason","0","2","Washington","3/28/20","1","1","53045","100"
"Okanogan","0","3","Washington","3/28/20","0","3","53047","1"
"Pierce","19","231","Washington","3/28/20","95","136","53053","143.16"
"San Juan","0","3","Washington","3/28/20","1","2","53055","200"
"Skagit","9","91","Washington","3/28/20","28","63","53057","225"
"Skamania","0","1","Washington","3/28/20","0","1","53059","1"
"Snohomish","67","913","Washington","3/28/20","447","466","53061","104.25"
"Spokane","13","108","Washington","3/28/20","16","92","53063","575"
"Stevens","0","3","Washington","3/28/20","1","2","53065","200"
"Thurston","3","27","Washington","3/28/20","9","18","53067","200"
"Walla Walla","0","4","Washington","3/28/20","1","3","53071","300"
"Whatcom","13","102","Washington","3/28/20","14","88","53073","628.57"
"Whitman","1","6","Washington","3/28/20","0","6","53075","1"
"Yakima","10","82","Washington","3/28/20","13","69","53077","530.77"
"Berkeley","1","9","West Virginia","3/28/20","0","9","54003","1"
"Greenbrier","0","1","West Virginia","3/28/20","0","1","54025","1"
"Hancock","0","1","West Virginia","3/28/20","0","1","54029","1"
"Harrison","1","4","West Virginia","3/28/20","0","4","54033","1"
"Jackson","1","6","West Virginia","3/28/20","1","5","54035","500"
"Jefferson","0","4","West Virginia","3/28/20","2","2","54037","100"
"Kanawha","2","17","West Virginia","3/28/20","2","15","54039","750"
"Logan","0","1","West Virginia","3/28/20","0","1","54045","1"
"Marion","0","3","West Virginia","3/28/20","0","3","54049","1"
"Marshall","0","3","West Virginia","3/28/20","2","1","54051","50"
"Mason","0","3","West Virginia","3/28/20","0","3","54053","1"
"Mercer","0","2","West Virginia","3/28/20","2","0","54055","0"
"Monongalia","3","23","West Virginia","3/28/20","1","22","54061","2200"
"Ohio","1","6","West Virginia","3/28/20","0","6","54069","1"
"Pleasants","0","1","West Virginia","3/28/20","0","1","54073","1"
"Preston","0","1","West Virginia","3/28/20","0","1","54077","1"
"Putnam","0","3","West Virginia","3/28/20","0","3","54079","1"
"Raleigh","0","3","West Virginia","3/28/20","0","3","54081","1"
"Tucker","0","2","West Virginia","3/28/20","2","0","54093","0"
"Upshur","0","1","West Virginia","3/28/20","0","1","54097","1"
"Wood","0","2","West Virginia","3/28/20","0","2","54107","1"
"Bayfield","0","2","Wisconsin","3/28/20","1","1","55007","100"
"Brown","0","6","Wisconsin","3/28/20","3","3","55009","100"
"Calumet","0","1","Wisconsin","3/28/20","1","0","55015","0"
"Chippewa","0","4","Wisconsin","3/28/20","1","3","55017","300"
"Clark","0","3","Wisconsin","3/28/20","0","3","55019","1"
"Columbia","0","7","Wisconsin","3/28/20","5","2","55021","40"
"Dane","18","172","Wisconsin","3/28/20","49","123","55025","251.02"
"Dodge","1","6","Wisconsin","3/28/20","0","6","55027","1"
"Douglas","1","6","Wisconsin","3/28/20","1","5","55031","500"
"Dunn","0","2","Wisconsin","3/28/20","1","1","55033","100"
"Eau Claire","1","7","Wisconsin","3/28/20","3","4","55035","133.33"
"Fond du Lac","1","20","Wisconsin","3/28/20","15","5","55039","33.33"
"Grant","0","1","Wisconsin","3/28/20","0","1","55043","1"
"Green","0","4","Wisconsin","3/28/20","1","3","55045","300"
"Iowa","0","3","Wisconsin","3/28/20","0","3","55049","1"
"Iron","0","1","Wisconsin","3/28/20","0","1","55051","1"
"Jefferson","1","8","Wisconsin","3/28/20","1","7","55055","700"
"Juneau","0","2","Wisconsin","3/28/20","0","2","55057","1"
"Kenosha","3","24","Wisconsin","3/28/20","5","19","55059","380"
"La Crosse","1","15","Wisconsin","3/28/20","5","10","55063","200"
"Marathon","0","1","Wisconsin","3/28/20","1","0","55073","0"
"Marinette","0","1","Wisconsin","3/28/20","0","1","55075","1"
"Milwaukee","59","541","Wisconsin","3/28/20","126","415","55079","329.37"
"Monroe","0","1","Wisconsin","3/28/20","0","1","55081","1"
"Oneida","0","1","Wisconsin","3/28/20","0","1","55085","1"
"Outagamie","0","4","Wisconsin","3/28/20","2","2","55087","100"
"Ozaukee","3","33","Wisconsin","3/28/20","11","22","55089","200"
"Pierce","0","4","Wisconsin","3/28/20","1","3","55093","300"
"Portage","0","1","Wisconsin","3/28/20","0","1","55097","1"
"Racine","2","16","Wisconsin","3/28/20","4","12","55101","300"
"Richland","0","2","Wisconsin","3/28/20","0","2","55103","1"
"Rock","1","12","Wisconsin","3/28/20","3","9","55105","300"
"Sauk","1","11","Wisconsin","3/28/20","2","9","55111","450"
"Sheboygan","0","8","Wisconsin","3/28/20","6","2","55117","33.33"
"St. Croix","0","4","Wisconsin","3/28/20","2","2","55109","100"
"Vilas","0","2","Wisconsin","3/28/20","0","2","55125","1"
"Walworth","0","6","Wisconsin","3/28/20","3","3","55127","100"
"Washington","4","31","Wisconsin","3/28/20","3","28","55131","933.33"
"Waukesha","7","72","Wisconsin","3/28/20","20","52","55133","260"
"Waupaca","0","1","Wisconsin","3/28/20","0","1","55135","1"
"Winnebago","0","7","Wisconsin","3/28/20","5","2","55139","40"
"Wood","0","2","Wisconsin","3/28/20","1","1","55141","100"
"Albany","0","1","Wyoming","3/28/20","0","1","56001","1"
"Campbell","0","1","Wyoming","3/28/20","1","0","56005","0"
"Carbon","0","3","Wyoming","3/28/20","1","2","56007","200"
"Converse","0","1","Wyoming","3/28/20","0","1","56009","1"
"Fremont","2","20","Wyoming","3/28/20","9","11","56013","122.22"
"Goshen","0","1","Wyoming","3/28/20","0","1","56015","1"
"Johnson","1","5","Wyoming","3/28/20","0","5","56019","1"
"Laramie","2","19","Wyoming","3/28/20","4","15","56021","375"
"Natrona","1","8","Wyoming","3/28/20","1","7","56025","700"
"Park","0","1","Wyoming","3/28/20","1","0","56029","0"
"Sheridan","0","6","Wyoming","3/28/20","4","2","56033","50"
"Sublette","0","1","Wyoming","3/28/20","0","1","56035","1"
"Sweetwater","0","1","Wyoming","3/28/20","0","1","56037","1"
"Teton","2","13","Wyoming","3/28/20","2","11","56039","550"
"Washakie","0","1","Wyoming","3/28/20","0","1","56043","1"
