"Locality","DailyAvgNewCasesPast7Days","TotalCases","State","Date","TotalCases7DaysAgo","NewCasesPast7Days","FIPS-Code","PercentIncreaseTotalCasesPast7Days"
"Baldwin","0","3","Alabama","3/23/20","1","2","01003","200"
"Calhoun","0","2","Alabama","3/23/20","0","2","01015","1"
"Chambers","0","2","Alabama","3/23/20","0","2","01017","1"
"Cullman","0","2","Alabama","3/23/20","0","2","01043","1"
"Elmore","1","6","Alabama","3/23/20","1","5","01051","500"
"Franklin","0","1","Alabama","3/23/20","0","1","01059","1"
"Houston","0","1","Alabama","3/23/20","0","1","01069","1"
"Jackson","0","1","Alabama","3/23/20","0","1","01071","1"
"Jefferson","10","86","Alabama","3/23/20","17","69","01073","405.88"
"Lamar","0","1","Alabama","3/23/20","0","1","01075","1"
"Lauderdale","0","3","Alabama","3/23/20","0","3","01077","1"
"Lee","3","19","Alabama","3/23/20","1","18","01081","1800"
"Limestone","0","1","Alabama","3/23/20","1","0","01083","0"
"Madison","3","21","Alabama","3/23/20","0","21","01089","1"
"Marion","0","1","Alabama","3/23/20","0","1","01093","1"
"Mobile","0","2","Alabama","3/23/20","0","2","01097","1"
"Montgomery","0","4","Alabama","3/23/20","2","2","01101","100"
"Shelby","3","22","Alabama","3/23/20","3","19","01117","633.33"
"St. Clair","0","3","Alabama","3/23/20","0","3","01115","1"
"Talladega","0","1","Alabama","3/23/20","0","1","01121","1"
"Tallapoosa","0","1","Alabama","3/23/20","0","1","01123","1"
"Tuscaloosa","1","9","Alabama","3/23/20","3","6","01125","200"
"Walker","0","3","Alabama","3/23/20","0","3","01127","1"
"Washington","0","1","Alabama","3/23/20","0","1","01129","1"
"Anchorage","2","13","Alaska","3/23/20","1","12","02020","1200"
"Fairbanks North Star","1","7","Alaska","3/23/20","0","7","02090","1"
"Juneau","0","1","Alaska","3/23/20","0","1","02110","1"
"Kenai Peninsula","0","3","Alaska","3/23/20","0","3","02122","1"
"Ketchikan Gateway","1","6","Alaska","3/23/20","0","6","02130","1"
"Apache","1","4","Arizona","3/23/20","0","4","04001","1"
"Cochise","0","1","Arizona","3/23/20","0","1","04003","1"
"Coconino","2","17","Arizona","3/23/20","0","17","04005","1"
"Graham","0","2","Arizona","3/23/20","1","1","04009","100"
"Maricopa","19","139","Arizona","3/23/20","8","131","04013","1637.5"
"Navajo","4","25","Arizona","3/23/20","0","25","04017","1"
"Pima","3","24","Arizona","3/23/20","4","20","04019","500"
"Pinal","2","17","Arizona","3/23/20","5","12","04021","240"
"Santa Cruz","0","1","Arizona","3/23/20","0","1","04023","1"
"Yavapai","0","3","Arizona","3/23/20","0","3","04025","1"
"Yuma","0","2","Arizona","3/23/20","0","2","04027","1"
"Benton","0","1","Arkansas","3/23/20","0","1","05007","1"
"Boone","0","1","Arkansas","3/23/20","0","1","05009","1"
"Bradley","1","4","Arkansas","3/23/20","0","4","05011","1"
"Clark","1","7","Arkansas","3/23/20","0","7","05019","1"
"Cleburne","4","27","Arkansas","3/23/20","0","27","05023","1"
"Cleveland","0","3","Arkansas","3/23/20","0","3","05025","1"
"Columbia","0","1","Arkansas","3/23/20","0","1","05027","1"
"Conway","0","1","Arkansas","3/23/20","0","1","05029","1"
"Craighead","1","4","Arkansas","3/23/20","0","4","05031","1"
"Crawford","0","1","Arkansas","3/23/20","0","1","05033","1"
"Crittenden","0","1","Arkansas","3/23/20","0","1","05035","1"
"Desha","0","2","Arkansas","3/23/20","0","2","05041","1"
"Faulkner","1","10","Arkansas","3/23/20","0","10","05045","1"
"Garland","1","9","Arkansas","3/23/20","0","9","05051","1"
"Grant","0","3","Arkansas","3/23/20","0","3","05053","1"
"Greene","0","1","Arkansas","3/23/20","0","1","05055","1"
"Independence","0","3","Arkansas","3/23/20","0","3","05063","1"
"Jefferson","3","21","Arkansas","3/23/20","3","18","05069","600"
"Lawrence","0","1","Arkansas","3/23/20","0","1","05075","1"
"Lincoln","0","2","Arkansas","3/23/20","0","2","05079","1"
"Poinsett","0","3","Arkansas","3/23/20","0","3","05111","1"
"Polk","0","1","Arkansas","3/23/20","0","1","05113","1"
"Pope","0","1","Arkansas","3/23/20","0","1","05115","1"
"Pulaski","9","61","Arkansas","3/23/20","0","61","05119","1"
"Saline","1","4","Arkansas","3/23/20","0","4","05125","1"
"Searcy","0","2","Arkansas","3/23/20","0","2","05129","1"
"Sebastian","0","1","Arkansas","3/23/20","0","1","05131","1"
"Sevier","0","1","Arkansas","3/23/20","0","1","05133","1"
"Stone","0","1","Arkansas","3/23/20","0","1","05137","1"
"Union","0","1","Arkansas","3/23/20","0","1","05139","1"
"Van Buren","0","3","Arkansas","3/23/20","0","3","05141","1"
"Washington","1","5","Arkansas","3/23/20","0","5","05143","1"
"White","0","1","Arkansas","3/23/20","0","1","05145","1"
"Woodruff","0","1","Arkansas","3/23/20","0","1","05147","1"
"Alameda","14","118","California","3/23/20","18","100","06001","555.56"
"Amador","0","1","California","3/23/20","0","1","06005","1"
"Butte","0","2","California","3/23/20","0","2","06007","1"
"Calaveras","0","2","California","3/23/20","2","0","06009","0"
"Contra Costa","5","71","California","3/23/20","34","37","06013","108.82"
"El Dorado","0","2","California","3/23/20","0","2","06017","1"
"Fresno","1","6","California","3/23/20","2","4","06019","200"
"Humboldt","0","2","California","3/23/20","1","1","06023","100"
"Imperial","1","6","California","3/23/20","2","4","06025","200"
"Kern","2","12","California","3/23/20","0","12","06029","1"
"Los Angeles","63","536","California","3/23/20","94","442","06037","470.21"
"Madera","0","3","California","3/23/20","1","2","06039","200"
"Marin","4","38","California","3/23/20","9","29","06041","322.22"
"Mendocino","0","1","California","3/23/20","0","1","06045","1"
"Merced","0","1","California","3/23/20","0","1","06047","1"
"Mono","0","1","California","3/23/20","0","1","06051","1"
"Monterey","2","14","California","3/23/20","0","14","06053","1"
"Napa","0","2","California","3/23/20","0","2","06055","1"
"Nevada","0","2","California","3/23/20","1","1","06057","100"
"Orange","15","125","California","3/23/20","17","108","06059","635.29"
"Placer","1","12","California","3/23/20","5","7","06061","140"
"Riverside","4","46","California","3/23/20","15","31","06065","206.67"
"Sacramento","8","88","California","3/23/20","33","55","06067","166.67"
"San Benito","0","6","California","3/23/20","3","3","06069","100"
"San Bernardino","2","17","California","3/23/20","1","16","06071","1600"
"San Diego","21","201","California","3/23/20","55","146","06073","265.45"
"San Francisco","13","131","California","3/23/20","40","91","06075","227.5"
"San Joaquin","5","41","California","3/23/20","8","33","06077","412.5"
"San Luis Obispo","3","27","California","3/23/20","3","24","06079","800"
"San Mateo","14","142","California","3/23/20","41","101","06081","246.34"
"Santa Barbara","2","18","California","3/23/20","1","17","06083","1700"
"Santa Clara","23","302","California","3/23/20","138","164","06085","118.84"
"Santa Cruz","2","22","California","3/23/20","9","13","06087","144.44"
"Shasta","0","2","California","3/23/20","1","1","06089","100"
"Siskiyou","0","2","California","3/23/20","0","2","06093","1"
"Solano","1","14","California","3/23/20","7","7","06095","100"
"Sonoma","3","29","California","3/23/20","5","24","06097","480"
"Stanislaus","1","8","California","3/23/20","3","5","06099","166.67"
"Tulare","2","16","California","3/23/20","2","14","06107","700"
"Ventura","4","30","California","3/23/20","4","26","06111","650"
"Yolo","1","6","California","3/23/20","2","4","06113","200"
"Yuba","0","3","California","3/23/20","0","3","06115","1"
"Adams","2","25","Colorado","3/23/20","8","17","08001","212.5"
"Arapahoe","6","58","Colorado","3/23/20","15","43","08005","286.67"
"Boulder","5","39","Colorado","3/23/20","7","32","08013","457.14"
"Broomfield","0","2","Colorado","3/23/20","0","2","08014","1"
"Chaffee","0","3","Colorado","3/23/20","0","3","08015","1"
"Clear Creek","0","3","Colorado","3/23/20","1","2","08019","200"
"Crowley","0","1","Colorado","3/23/20","0","1","08025","1"
"Denver","17","148","Colorado","3/23/20","28","120","08031","428.57"
"Douglas","6","48","Colorado","3/23/20","8","40","08035","500"
"Eagle","8","92","Colorado","3/23/20","34","58","08037","170.59"
"El Paso","9","69","Colorado","3/23/20","6","63","08041","1050"
"Elbert","0","3","Colorado","3/23/20","0","3","08039","1"
"Garfield","1","8","Colorado","3/23/20","2","6","08045","300"
"Grand","0","2","Colorado","3/23/20","0","2","08049","1"
"Gunnison","2","28","Colorado","3/23/20","11","17","08051","154.55"
"Hinsdale","0","1","Colorado","3/23/20","0","1","08053","1"
"Jefferson","5","55","Colorado","3/23/20","17","38","08059","223.53"
"Larimer","5","34","Colorado","3/23/20","2","32","08069","1600"
"Logan","0","2","Colorado","3/23/20","0","2","08075","1"
"Mesa","1","5","Colorado","3/23/20","1","4","08077","400"
"Montrose","0","1","Colorado","3/23/20","0","1","08085","1"
"Morgan","0","3","Colorado","3/23/20","0","3","08087","1"
"Park","0","1","Colorado","3/23/20","0","1","08093","1"
"Pitkin","1","18","Colorado","3/23/20","11","7","08097","63.64"
"Pueblo","0","3","Colorado","3/23/20","1","2","08101","200"
"Routt","0","3","Colorado","3/23/20","2","1","08107","50"
"San Miguel","0","1","Colorado","3/23/20","0","1","08113","1"
"Summit","1","8","Colorado","3/23/20","3","5","08117","166.67"
"Teller","0","3","Colorado","3/23/20","0","3","08119","1"
"Weld","7","50","Colorado","3/23/20","4","46","08123","1150"
"Yuma","0","1","Colorado","3/23/20","0","1","08125","1"
"Fairfield","34","270","Connecticut","3/23/20","29","241","09001","831.03"
"Hartford","8","61","Connecticut","3/23/20","4","57","09003","1425"
"Litchfield","1","13","Connecticut","3/23/20","4","9","09005","225"
"Middlesex","1","8","Connecticut","3/23/20","0","8","09007","1"
"New Haven","5","41","Connecticut","3/23/20","4","37","09009","925"
"New London","1","4","Connecticut","3/23/20","0","4","09011","1"
"Tolland","2","16","Connecticut","3/23/20","0","16","09013","1"
"Windham","0","2","Connecticut","3/23/20","0","2","09015","1"
"Kent","1","6","Delaware","3/23/20","0","6","10001","1"
"New Castle","5","44","Delaware","3/23/20","8","36","10003","450"
"Sussex","3","18","Delaware","3/23/20","0","18","10005","1"
"","7","49","Diamond Princess","3/23/20","0","49",,"1"
"District of Columbia","14","120","District of Columbia","3/23/20","22","98","11001","445.45"
"Alachua","5","36","Florida","3/23/20","1","35","12001","3500"
"Baker","0","3","Florida","3/23/20","0","3","12003","1"
"Bay","0","1","Florida","3/23/20","0","1","12005","1"
"Bradford","0","1","Florida","3/23/20","0","1","12007","1"
"Brevard","1","7","Florida","3/23/20","0","7","12009","1"
"Broward","32","263","Florida","3/23/20","36","227","12011","630.56"
"Charlotte","0","3","Florida","3/23/20","1","2","12015","200"
"Citrus","1","9","Florida","3/23/20","1","8","12017","800"
"Clay","1","8","Florida","3/23/20","3","5","12019","166.67"
"Collier","5","39","Florida","3/23/20","5","34","12021","680"
"Columbia","0","2","Florida","3/23/20","0","2","12023","1"
"DeSoto","0","1","Florida","3/23/20","0","1","12027","1"
"Duval","7","50","Florida","3/23/20","4","46","12031","1150"
"Escambia","1","9","Florida","3/23/20","1","8","12033","800"
"Flagler","0","3","Florida","3/23/20","0","3","12035","1"
"Gadsden","0","1","Florida","3/23/20","0","1","12039","1"
"Hernando","1","5","Florida","3/23/20","0","5","12053","1"
"Highlands","0","2","Florida","3/23/20","0","2","12055","1"
"Hillsborough","10","75","Florida","3/23/20","4","71","12057","1775"
"Indian River","1","10","Florida","3/23/20","0","10","12061","1"
"Jackson","0","1","Florida","3/23/20","0","1","12063","1"
"Lake","1","9","Florida","3/23/20","0","9","12069","1"
"Lee","4","30","Florida","3/23/20","5","25","12071","500"
"Leon","1","6","Florida","3/23/20","0","6","12073","1"
"Manatee","2","15","Florida","3/23/20","4","11","12081","275"
"Marion","1","4","Florida","3/23/20","0","4","12083","1"
"Martin","1","4","Florida","3/23/20","0","4","12085","1"
"Miami-Dade","38","278","Florida","3/23/20","13","265","12086","2038.46"
"Monroe","0","2","Florida","3/23/20","0","2","12087","1"
"Nassau","0","1","Florida","3/23/20","1","0","12089","0"
"Okaloosa","2","14","Florida","3/23/20","1","13","12091","1300"
"Orange","7","48","Florida","3/23/20","2","46","12095","2300"
"Osceola","3","25","Florida","3/23/20","1","24","12097","2400"
"Palm Beach","12","89","Florida","3/23/20","5","84","12099","1680"
"Pasco","2","14","Florida","3/23/20","2","12","12101","600"
"Pinellas","6","41","Florida","3/23/20","2","39","12103","1950"
"Polk","2","13","Florida","3/23/20","0","13","12105","1"
"Putnam","0","2","Florida","3/23/20","0","2","12107","1"
"Santa Rosa","0","4","Florida","3/23/20","1","3","12113","300"
"Sarasota","3","21","Florida","3/23/20","1","20","12115","2000"
"Seminole","3","22","Florida","3/23/20","1","21","12117","2100"
"St. Johns","2","18","Florida","3/23/20","1","17","12109","1700"
"St. Lucie","1","5","Florida","3/23/20","0","5","12111","1"
"Sumter","1","8","Florida","3/23/20","0","8","12119","1"
"Volusia","2","16","Florida","3/23/20","5","11","12127","220"
"Walton","1","9","Florida","3/23/20","0","9","12131","1"
"Baldwin","0","2","Georgia","3/23/20","0","2","13009","1"
"Barrow","0","1","Georgia","3/23/20","0","1","13013","1"
"Bartow","7","61","Georgia","3/23/20","9","52","13015","577.78"
"Bibb","0","2","Georgia","3/23/20","0","2","13021","1"
"Butts","0","2","Georgia","3/23/20","0","2","13035","1"
"Carroll","3","21","Georgia","3/23/20","0","21","13045","1"
"Catoosa","0","1","Georgia","3/23/20","0","1","13047","1"
"Charlton","0","1","Georgia","3/23/20","1","0","13049","0"
"Chatham","1","4","Georgia","3/23/20","0","4","13051","1"
"Chattooga","0","1","Georgia","3/23/20","0","1","13055","1"
"Cherokee","2","20","Georgia","3/23/20","7","13","13057","185.71"
"Clarke","2","14","Georgia","3/23/20","3","11","13059","366.67"
"Clayton","2","18","Georgia","3/23/20","5","13","13063","260"
"Clinch","0","1","Georgia","3/23/20","0","1","13065","1"
"Cobb","8","79","Georgia","3/23/20","22","57","13067","259.09"
"Coffee","0","1","Georgia","3/23/20","0","1","13069","1"
"Columbia","0","3","Georgia","3/23/20","0","3","13073","1"
"Coweta","1","9","Georgia","3/23/20","2","7","13077","350"
"Dawson","0","1","Georgia","3/23/20","0","1","13085","1"
"DeKalb","9","75","Georgia","3/23/20","10","65","13089","650"
"Dougherty","8","64","Georgia","3/23/20","6","58","13095","966.67"
"Douglas","1","7","Georgia","3/23/20","0","7","13097","1"
"Early","0","2","Georgia","3/23/20","0","2","13099","1"
"Effingham","0","2","Georgia","3/23/20","0","2","13103","1"
"Fayette","1","10","Georgia","3/23/20","5","5","13113","100"
"Floyd","1","10","Georgia","3/23/20","4","6","13115","150"
"Forsyth","1","7","Georgia","3/23/20","1","6","13117","600"
"Fulton","17","145","Georgia","3/23/20","27","118","13121","437.04"
"Glynn","1","4","Georgia","3/23/20","0","4","13127","1"
"Gordon","0","5","Georgia","3/23/20","2","3","13129","150"
"Gwinnett","4","34","Georgia","3/23/20","5","29","13135","580"
"Hall","1","10","Georgia","3/23/20","1","9","13139","900"
"Heard","0","1","Georgia","3/23/20","0","1","13149","1"
"Henry","1","9","Georgia","3/23/20","2","7","13151","350"
"Houston","0","1","Georgia","3/23/20","0","1","13153","1"
"Lamar","0","3","Georgia","3/23/20","0","3","13171","1"
"Laurens","0","2","Georgia","3/23/20","0","2","13175","1"
"Lee","2","16","Georgia","3/23/20","2","14","13177","700"
"Lincoln","0","1","Georgia","3/23/20","0","1","13181","1"
"Lowndes","1","8","Georgia","3/23/20","3","5","13185","166.67"
"Lumpkin","0","2","Georgia","3/23/20","0","2","13187","1"
"Madison","0","1","Georgia","3/23/20","0","1","13195","1"
"Miller","0","1","Georgia","3/23/20","0","1","13201","1"
"Monroe","0","1","Georgia","3/23/20","0","1","13207","1"
"Morgan","0","1","Georgia","3/23/20","0","1","13211","1"
"Muscogee","0","2","Georgia","3/23/20","0","2","13215","1"
"Newton","0","4","Georgia","3/23/20","1","3","13217","300"
"Oconee","0","3","Georgia","3/23/20","0","3","13219","1"
"Paulding","1","5","Georgia","3/23/20","1","4","13223","400"
"Peach","0","3","Georgia","3/23/20","0","3","13225","1"
"Pickens","0","2","Georgia","3/23/20","0","2","13227","1"
"Pierce","0","1","Georgia","3/23/20","0","1","13229","1"
"Polk","0","4","Georgia","3/23/20","1","3","13233","300"
"Randolph","0","1","Georgia","3/23/20","0","1","13243","1"
"Richmond","2","11","Georgia","3/23/20","0","11","13245","1"
"Rockdale","1","4","Georgia","3/23/20","0","4","13247","1"
"Spalding","1","4","Georgia","3/23/20","0","4","13255","1"
"Sumter","0","2","Georgia","3/23/20","0","2","13261","1"
"Tattnall","0","1","Georgia","3/23/20","0","1","13267","1"
"Terrell","0","2","Georgia","3/23/20","0","2","13273","1"
"Tift","0","2","Georgia","3/23/20","0","2","13277","1"
"Troup","0","4","Georgia","3/23/20","1","3","13285","300"
"Turner","0","1","Georgia","3/23/20","0","1","13287","1"
"Twiggs","0","1","Georgia","3/23/20","0","1","13289","1"
"Washington","0","1","Georgia","3/23/20","0","1","13303","1"
"Whitfield","0","2","Georgia","3/23/20","0","2","13313","1"
"Worth","0","3","Georgia","3/23/20","0","3","13321","1"
"","1","28","Grand Princess","3/23/20","20","8",,"40"
"","4","29","Guam","3/23/20","3","26",,"866.67"
"Hawaii","0","3","Hawaii","3/23/20","0","3","15001","1"
"Honolulu","5","41","Hawaii","3/23/20","5","36","15003","720"
"Kauai","0","3","Hawaii","3/23/20","2","1","15007","50"
"Maui","1","9","Hawaii","3/23/20","1","8","15009","800"
"Ada","2","13","Idaho","3/23/20","2","11","16001","550"
"Bannock","0","2","Idaho","3/23/20","0","2","16005","1"
"Bingham","0","2","Idaho","3/23/20","0","2","16011","1"
"Blaine","5","35","Idaho","3/23/20","1","34","16013","3400"
"Canyon","0","3","Idaho","3/23/20","0","3","16027","1"
"Cassia","0","1","Idaho","3/23/20","0","1","16031","1"
"Kootenai","1","6","Idaho","3/23/20","0","6","16055","1"
"Madison","0","2","Idaho","3/23/20","0","2","16065","1"
"Teton","0","2","Idaho","3/23/20","1","1","16081","100"
"Twin Falls","0","1","Idaho","3/23/20","0","1","16083","1"
"Valley","0","1","Idaho","3/23/20","0","1","16085","1"
"Adams","0","1","Illinois","3/23/20","0","1","17001","1"
"Champaign","0","3","Illinois","3/23/20","1","2","17019","200"
"Christian","0","1","Illinois","3/23/20","0","1","17021","1"
"Clinton","0","3","Illinois","3/23/20","0","3","17027","1"
"Cook","123","922","Illinois","3/23/20","62","860","17031","1387.1"
"Cumberland","0","1","Illinois","3/23/20","1","0","17035","0"
"DeKalb","0","1","Illinois","3/23/20","0","1","17037","1"
"DuPage","13","95","Illinois","3/23/20","1","94","17043","9400"
"Jackson","0","1","Illinois","3/23/20","0","1","17077","1"
"Jo Daviess","0","1","Illinois","3/23/20","0","1","17085","1"
"Kane","2","18","Illinois","3/23/20","4","14","17089","350"
"Kankakee","0","3","Illinois","3/23/20","0","3","17091","1"
"Kendall","1","4","Illinois","3/23/20","0","4","17093","1"
"Lake","13","96","Illinois","3/23/20","4","92","17097","2300"
"LaSalle","0","2","Illinois","3/23/20","0","2","17099","1"
"Livingston","0","1","Illinois","3/23/20","0","1","17105","1"
"Madison","0","2","Illinois","3/23/20","0","2","17119","1"
"McHenry","1","12","Illinois","3/23/20","2","10","17111","500"
"McLean","1","7","Illinois","3/23/20","0","7","17113","1"
"Monroe","0","1","Illinois","3/23/20","0","1","17133","1"
"Peoria","0","3","Illinois","3/23/20","0","3","17143","1"
"Rock Island","0","1","Illinois","3/23/20","0","1","17161","1"
"Sangamon","0","4","Illinois","3/23/20","2","2","17167","100"
"St. Clair","0","4","Illinois","3/23/20","4","0","17163","0"
"Stephenson","0","1","Illinois","3/23/20","0","1","17177","1"
"Washington","0","1","Illinois","3/23/20","0","1","17189","1"
"Whiteside","0","1","Illinois","3/23/20","0","1","17195","1"
"Will","3","24","Illinois","3/23/20","1","23","17197","2300"
"Williamson","0","1","Illinois","3/23/20","0","1","17199","1"
"Winnebago","1","5","Illinois","3/23/20","0","5","17201","1"
"Woodford","0","2","Illinois","3/23/20","1","1","17203","100"
"Adams","0","1","Indiana","3/23/20","1","0","18001","0"
"Allen","1","4","Indiana","3/23/20","0","4","18003","1"
"Bartholomew","1","5","Indiana","3/23/20","1","4","18005","400"
"Boone","0","3","Indiana","3/23/20","1","2","18011","200"
"Clark","1","4","Indiana","3/23/20","0","4","18019","1"
"Delaware","0","2","Indiana","3/23/20","0","2","18035","1"
"Dubois","0","1","Indiana","3/23/20","0","1","18037","1"
"Elkhart","1","4","Indiana","3/23/20","0","4","18039","1"
"Fayette","0","1","Indiana","3/23/20","0","1","18041","1"
"Floyd","0","3","Indiana","3/23/20","1","2","18043","200"
"Franklin","1","4","Indiana","3/23/20","0","4","18047","1"
"Grant","0","2","Indiana","3/23/20","0","2","18053","1"
"Greene","0","1","Indiana","3/23/20","0","1","18055","1"
"Hamilton","2","18","Indiana","3/23/20","1","17","18057","1700"
"Hancock","0","2","Indiana","3/23/20","1","1","18059","100"
"Hendricks","1","8","Indiana","3/23/20","3","5","18063","166.67"
"Howard","1","6","Indiana","3/23/20","2","4","18067","200"
"Jennings","0","1","Indiana","3/23/20","0","1","18079","1"
"Johnson","1","12","Indiana","3/23/20","3","9","18081","300"
"Lake","1","10","Indiana","3/23/20","0","10","18089","1"
"LaPorte","0","2","Indiana","3/23/20","1","1","18091","100"
"Madison","0","2","Indiana","3/23/20","0","2","18095","1"
"Marion","11","82","Indiana","3/23/20","7","75","18097","1071.43"
"Miami","0","1","Indiana","3/23/20","0","1","18103","1"
"Monroe","0","1","Indiana","3/23/20","0","1","18105","1"
"Morgan","0","1","Indiana","3/23/20","0","1","18109","1"
"Noble","0","1","Indiana","3/23/20","1","0","18113","0"
"Owen","0","1","Indiana","3/23/20","0","1","18119","1"
"Putnam","0","1","Indiana","3/23/20","0","1","18133","1"
"Ripley","0","1","Indiana","3/23/20","0","1","18137","1"
"Scott","0","1","Indiana","3/23/20","0","1","18143","1"
"Shelby","0","1","Indiana","3/23/20","0","1","18145","1"
"St. Joseph","2","17","Indiana","3/23/20","1","16","18141","1600"
"Starke","0","1","Indiana","3/23/20","0","1","18149","1"
"Tippecanoe","0","2","Indiana","3/23/20","0","2","18157","1"
"Tipton","0","1","Indiana","3/23/20","0","1","18159","1"
"Vanderburgh","0","1","Indiana","3/23/20","0","1","18163","1"
"Vigo","0","2","Indiana","3/23/20","0","2","18167","1"
"Washington","0","1","Indiana","3/23/20","0","1","18175","1"
"Wayne","0","1","Indiana","3/23/20","0","1","18177","1"
"Wells","0","1","Indiana","3/23/20","1","0","18179","0"
"Adair","0","1","Iowa","3/23/20","0","1","19001","1"
"Allamakee","1","6","Iowa","3/23/20","2","4","19005","200"
"Black Hawk","0","3","Iowa","3/23/20","0","3","19013","1"
"Carroll","0","1","Iowa","3/23/20","1","0","19027","0"
"Cerro Gordo","0","2","Iowa","3/23/20","0","2","19033","1"
"Dallas","1","6","Iowa","3/23/20","2","4","19049","200"
"Dubuque","1","6","Iowa","3/23/20","0","6","19061","1"
"Fayette","0","1","Iowa","3/23/20","0","1","19065","1"
"Hancock","0","2","Iowa","3/23/20","0","2","19081","1"
"Harrison","0","3","Iowa","3/23/20","1","2","19085","200"
"Henry","0","1","Iowa","3/23/20","0","1","19087","1"
"Johnson","3","35","Iowa","3/23/20","15","20","19103","133.33"
"Kossuth","0","1","Iowa","3/23/20","0","1","19109","1"
"Linn","1","6","Iowa","3/23/20","0","6","19113","1"
"Muscatine","0","3","Iowa","3/23/20","0","3","19139","1"
"Polk","2","12","Iowa","3/23/20","1","11","19153","1100"
"Pottawattamie","0","2","Iowa","3/23/20","1","1","19155","100"
"Poweshiek","0","1","Iowa","3/23/20","0","1","19157","1"
"Scott","0","1","Iowa","3/23/20","0","1","19163","1"
"Sioux","0","1","Iowa","3/23/20","0","1","19167","1"
"Story","0","1","Iowa","3/23/20","0","1","19169","1"
"Tama","0","3","Iowa","3/23/20","0","3","19171","1"
"Wapello","0","1","Iowa","3/23/20","0","1","19179","1"
"Washington","0","3","Iowa","3/23/20","0","3","19183","1"
"Winneshiek","0","1","Iowa","3/23/20","0","1","19191","1"
"Woodbury","0","2","Iowa","3/23/20","0","2","19193","1"
"Bourbon","0","1","Kansas","3/23/20","0","1","20011","1"
"Butler","0","3","Kansas","3/23/20","1","2","20015","200"
"Cherokee","0","2","Kansas","3/23/20","0","2","20021","1"
"Crawford","0","2","Kansas","3/23/20","0","2","20037","1"
"Douglas","1","8","Kansas","3/23/20","0","8","20045","1"
"Franklin","0","1","Kansas","3/23/20","1","0","20059","0"
"Jackson","0","1","Kansas","3/23/20","0","1","20085","1"
"Johnson","3","32","Kansas","3/23/20","8","24","20091","300"
"Leavenworth","1","5","Kansas","3/23/20","0","5","20103","1"
"Linn","0","2","Kansas","3/23/20","0","2","20107","1"
"Lyon","0","2","Kansas","3/23/20","0","2","20111","1"
"Mitchell","0","2","Kansas","3/23/20","0","2","20123","1"
"Morris","0","2","Kansas","3/23/20","0","2","20127","1"
"Pottawatomie","0","1","Kansas","3/23/20","0","1","20149","1"
"Reno","0","2","Kansas","3/23/20","0","2","20155","1"
"Sedgwick","0","2","Kansas","3/23/20","0","2","20173","1"
"Wyandotte","2","16","Kansas","3/23/20","1","15","20209","1500"
"Anderson","0","2","Kentucky","3/23/20","0","2","21005","1"
"Bourbon","0","2","Kentucky","3/23/20","1","1","21017","100"
"Breathitt","0","1","Kentucky","3/23/20","0","1","21025","1"
"Calloway","0","1","Kentucky","3/23/20","0","1","21035","1"
"Christian","0","2","Kentucky","3/23/20","0","2","21047","1"
"Clark","0","2","Kentucky","3/23/20","1","1","21049","100"
"Daviess","2","11","Kentucky","3/23/20","0","11","21059","1"
"Fayette","1","15","Kentucky","3/23/20","5","10","21067","200"
"Franklin","0","2","Kentucky","3/23/20","0","2","21073","1"
"Hardin","0","2","Kentucky","3/23/20","0","2","21093","1"
"Harrison","0","8","Kentucky","3/23/20","6","2","21097","33.33"
"Henderson","0","2","Kentucky","3/23/20","0","2","21101","1"
"Jefferson","4","33","Kentucky","3/23/20","6","27","21111","450"
"Jessamine","0","1","Kentucky","3/23/20","0","1","21113","1"
"Kenton","1","5","Kentucky","3/23/20","0","5","21117","1"
"Lyon","0","1","Kentucky","3/23/20","0","1","21143","1"
"Madison","0","2","Kentucky","3/23/20","0","2","21151","1"
"Martin","0","1","Kentucky","3/23/20","0","1","21159","1"
"Menifee","0","1","Kentucky","3/23/20","0","1","21165","1"
"Montgomery","0","2","Kentucky","3/23/20","1","1","21173","100"
"Muhlenberg","0","2","Kentucky","3/23/20","0","2","21177","1"
"Nelson","0","1","Kentucky","3/23/20","1","0","21179","0"
"Oldham","0","1","Kentucky","3/23/20","0","1","21185","1"
"Pulaski","0","3","Kentucky","3/23/20","0","3","21199","1"
"Spencer","0","1","Kentucky","3/23/20","0","1","21215","1"
"Warren","1","4","Kentucky","3/23/20","0","4","21227","1"
"Acadia","0","1","Louisiana","3/23/20","0","1","22001","1"
"Allen","0","2","Louisiana","3/23/20","0","2","22003","1"
"Ascension","4","26","Louisiana","3/23/20","1","25","22005","2500"
"Assumption","0","1","Louisiana","3/23/20","0","1","22007","1"
"Avoyelles","0","1","Louisiana","3/23/20","0","1","22009","1"
"Beauregard","0","1","Louisiana","3/23/20","0","1","22011","1"
"Bienville","0","1","Louisiana","3/23/20","0","1","22013","1"
"Bossier","2","12","Louisiana","3/23/20","1","11","22015","1100"
"Caddo","4","34","Louisiana","3/23/20","3","31","22017","1033.33"
"Calcasieu","1","4","Louisiana","3/23/20","0","4","22019","1"
"Catahoula","0","1","Louisiana","3/23/20","0","1","22025","1"
"Claiborne","0","2","Louisiana","3/23/20","0","2","22027","1"
"De Soto","1","5","Louisiana","3/23/20","0","5","22031","1"
"East Baton Rouge","6","43","Louisiana","3/23/20","0","43","22033","1"
"Evangeline","0","2","Louisiana","3/23/20","0","2","22039","1"
"Grant","0","1","Louisiana","3/23/20","0","1","22043","1"
"Iberia","0","3","Louisiana","3/23/20","0","3","22045","1"
"Iberville","1","10","Louisiana","3/23/20","0","10","22047","1"
"Jefferson","34","252","Louisiana","3/23/20","16","236","22051","1475"
"Lafayette","1","9","Louisiana","3/23/20","0","9","22055","1"
"Lafourche","2","15","Louisiana","3/23/20","2","13","22057","650"
"Lincoln","0","2","Louisiana","3/23/20","0","2","22061","1"
"Livingston","1","5","Louisiana","3/23/20","0","5","22063","1"
"Natchitoches","0","2","Louisiana","3/23/20","0","2","22069","1"
"Orleans","70","567","Louisiana","3/23/20","79","488","22071","617.72"
"Ouachita","1","9","Louisiana","3/23/20","0","9","22073","1"
"Plaquemines","1","8","Louisiana","3/23/20","0","8","22075","1"
"Rapides","1","8","Louisiana","3/23/20","0","8","22079","1"
"Richland","0","2","Louisiana","3/23/20","0","2","22083","1"
"St. Bernard","2","15","Louisiana","3/23/20","1","14","22087","1400"
"St. Charles","2","15","Louisiana","3/23/20","3","12","22089","400"
"St. James","1","8","Louisiana","3/23/20","0","8","22093","1"
"St. John the Baptist","2","16","Louisiana","3/23/20","1","15","22095","1500"
"St. Landry","0","3","Louisiana","3/23/20","0","3","22097","1"
"St. Mary","0","1","Louisiana","3/23/20","0","1","22101","1"
"St. Tammany","6","47","Louisiana","3/23/20","5","42","22103","840"
"Tangipahoa","0","3","Louisiana","3/23/20","0","3","22105","1"
"Terrebonne","2","14","Louisiana","3/23/20","3","11","22109","366.67"
"Washington","0","2","Louisiana","3/23/20","0","2","22117","1"
"Webster","0","3","Louisiana","3/23/20","0","3","22119","1"
"West Baton Rouge","1","5","Louisiana","3/23/20","0","5","22121","1"
"Androscoggin","0","3","Maine","3/23/20","1","2","23001","200"
"Cumberland","8","66","Maine","3/23/20","13","53","23005","407.69"
"Kennebec","1","4","Maine","3/23/20","0","4","23011","1"
"Knox","0","1","Maine","3/23/20","1","0","23013","0"
"Lincoln","0","5","Maine","3/23/20","2","3","23015","150"
"Oxford","1","5","Maine","3/23/20","0","5","23017","1"
"Penobscot","0","3","Maine","3/23/20","0","3","23019","1"
"Sagadahoc","0","3","Maine","3/23/20","0","3","23023","1"
"York","2","12","Maine","3/23/20","0","12","23031","1"
"Anne Arundel","3","20","Maryland","3/23/20","1","19","24003","1900"
"Baltimore","4","35","Maryland","3/23/20","4","31","24005","775"
"Baltimore City","4","31","Maryland","3/23/20","2","29","24510","1450"
"Calvert","0","1","Maryland","3/23/20","0","1","24009","1"
"Caroline","0","1","Maryland","3/23/20","0","1","24011","1"
"Carroll","1","5","Maryland","3/23/20","1","4","24013","400"
"Cecil","0","1","Maryland","3/23/20","0","1","24015","1"
"Charles","1","5","Maryland","3/23/20","1","4","24017","400"
"Frederick","0","4","Maryland","3/23/20","1","3","24021","300"
"Garrett","0","3","Maryland","3/23/20","0","3","24023","1"
"Harford","0","5","Maryland","3/23/20","2","3","24025","150"
"Howard","3","26","Maryland","3/23/20","4","22","24027","550"
"Montgomery","11","94","Maryland","3/23/20","15","79","24031","526.67"
"Prince George's","5","47","Maryland","3/23/20","10","37","24033","370"
"Queen Anne's","0","1","Maryland","3/23/20","0","1","24035","1"
"Somerset","0","1","Maryland","3/23/20","0","1","24039","1"
"St. Mary's","0","1","Maryland","3/23/20","0","1","24037","1"
"Talbot","0","1","Maryland","3/23/20","1","0","24041","0"
"Washington","0","2","Maryland","3/23/20","0","2","24043","1"
"Wicomico","1","4","Maryland","3/23/20","0","4","24045","1"
"Worcester","0","2","Maryland","3/23/20","0","2","24047","1"
"Barnstable","4","30","Massachusetts","3/23/20","1","29","25001","2900"
"Berkshire","2","26","Massachusetts","3/23/20","11","15","25003","136.36"
"Bristol","3","25","Massachusetts","3/23/20","2","23","25005","1150"
"Dukes and Nantucket","0","1","Massachusetts","3/23/20","0","1","00000","1"
"Essex","9","73","Massachusetts","3/23/20","8","65","25009","812.5"
"Franklin","1","6","Massachusetts","3/23/20","0","6","25011","1"
"Hampden","2","15","Massachusetts","3/23/20","1","14","25013","1400"
"Hampshire","1","6","Massachusetts","3/23/20","0","6","25015","1"
"Middlesex","21","232","Massachusetts","3/23/20","83","149","25017","179.52"
"Norfolk","7","82","Massachusetts","3/23/20","36","46","25021","127.78"
"Plymouth","4","32","Massachusetts","3/23/20","3","29","25023","966.67"
"Suffolk","17","154","Massachusetts","3/23/20","36","118","25025","327.78"
"Worcester","5","42","Massachusetts","3/23/20","6","36","25027","600"
"Allegan","0","1","Michigan","3/23/20","0","1","26005","1"
"Antrim","0","1","Michigan","3/23/20","0","1","26009","1"
"Barry","0","1","Michigan","3/23/20","0","1","26015","1"
"Bay","0","4","Michigan","3/23/20","1","3","26017","300"
"Berrien","3","26","Michigan","3/23/20","3","23","26021","766.67"
"Calhoun","0","3","Michigan","3/23/20","0","3","26025","1"
"Cass","0","2","Michigan","3/23/20","0","2","26027","1"
"Charlevoix","0","2","Michigan","3/23/20","1","1","26029","100"
"Chippewa","0","1","Michigan","3/23/20","0","1","26033","1"
"Clare","0","1","Michigan","3/23/20","0","1","26035","1"
"Clinton","0","2","Michigan","3/23/20","0","2","26037","1"
"Eaton","0","2","Michigan","3/23/20","0","2","26045","1"
"Emmet","0","1","Michigan","3/23/20","0","1","26047","1"
"Genesee","4","25","Michigan","3/23/20","0","25","26049","1"
"Gladwin","0","1","Michigan","3/23/20","0","1","26051","1"
"Grand Traverse","0","1","Michigan","3/23/20","0","1","26055","1"
"Ingham","2","15","Michigan","3/23/20","4","11","26065","275"
"Jackson","0","4","Michigan","3/23/20","1","3","26075","300"
"Kalamazoo","1","4","Michigan","3/23/20","0","4","26077","1"
"Kent","3","28","Michigan","3/23/20","5","23","26081","460"
"Leelanau","0","1","Michigan","3/23/20","0","1","26089","1"
"Livingston","2","13","Michigan","3/23/20","0","13","26093","1"
"Macomb","24","176","Michigan","3/23/20","6","170","26099","2833.33"
"Midland","1","9","Michigan","3/23/20","2","7","26111","350"
"Monroe","1","7","Michigan","3/23/20","1","6","26115","600"
"Montcalm","0","1","Michigan","3/23/20","1","0","26117","0"
"Muskegon","0","1","Michigan","3/23/20","0","1","26121","1"
"Newaygo","0","1","Michigan","3/23/20","0","1","26123","1"
"Oakland","53","398","Michigan","3/23/20","25","373","26125","1492"
"Ogemaw","0","1","Michigan","3/23/20","0","1","26129","1"
"Otsego","0","3","Michigan","3/23/20","0","3","26137","1"
"Ottawa","2","13","Michigan","3/23/20","1","12","26139","1200"
"Out of MI","1","4","Michigan","3/23/20","0","4","80026","1"
"Roscommon","0","1","Michigan","3/23/20","0","1","26143","1"
"Saginaw","0","2","Michigan","3/23/20","0","2","26145","1"
"St. Clair","1","8","Michigan","3/23/20","2","6","26147","300"
"Tuscola","0","1","Michigan","3/23/20","0","1","26157","1"
"Washtenaw","6","49","Michigan","3/23/20","9","40","26161","444.44"
"Wayne","89","639","Michigan","3/23/20","14","625","26163","4464.29"
"Wexford","0","1","Michigan","3/23/20","0","1","26165","1"
"Anoka","1","7","Minnesota","3/23/20","3","4","27003","133.33"
"Benton","0","1","Minnesota","3/23/20","1","0","27009","0"
"Big Stone","0","1","Minnesota","3/23/20","0","1","27011","1"
"Blue Earth","1","5","Minnesota","3/23/20","0","5","27013","1"
"Carver","1","8","Minnesota","3/23/20","1","7","27019","700"
"Cass","0","1","Minnesota","3/23/20","0","1","27021","1"
"Chisago","0","2","Minnesota","3/23/20","0","2","27025","1"
"Clay","0","2","Minnesota","3/23/20","0","2","27027","1"
"Dakota","2","18","Minnesota","3/23/20","5","13","27037","260"
"Dodge","0","2","Minnesota","3/23/20","0","2","27039","1"
"Fillmore","0","3","Minnesota","3/23/20","0","3","27045","1"
"Hennepin","10","89","Minnesota","3/23/20","22","67","27053","304.55"
"Jackson","0","1","Minnesota","3/23/20","0","1","27063","1"
"Le Sueur","0","1","Minnesota","3/23/20","0","1","27079","1"
"Martin","1","8","Minnesota","3/23/20","0","8","27091","1"
"Mower","1","6","Minnesota","3/23/20","0","6","27099","1"
"Nicollet","0","3","Minnesota","3/23/20","0","3","27103","1"
"Olmsted","2","16","Minnesota","3/23/20","3","13","27109","433.33"
"Ramsey","2","24","Minnesota","3/23/20","10","14","27123","140"
"Renville","0","1","Minnesota","3/23/20","1","0","27129","0"
"Rice","0","2","Minnesota","3/23/20","0","2","27131","1"
"Scott","1","5","Minnesota","3/23/20","0","5","27139","1"
"Sherburne","0","1","Minnesota","3/23/20","0","1","27141","1"
"St. Louis","0","2","Minnesota","3/23/20","0","2","27137","1"
"Stearns","0","5","Minnesota","3/23/20","3","2","27145","66.67"
"Steele","0","3","Minnesota","3/23/20","0","3","27147","1"
"Wabasha","0","1","Minnesota","3/23/20","0","1","27157","1"
"Waseca","0","2","Minnesota","3/23/20","1","1","27161","100"
"Washington","1","10","Minnesota","3/23/20","2","8","27163","400"
"Wright","0","3","Minnesota","3/23/20","1","2","27171","200"
"Adams","0","2","Mississippi","3/23/20","0","2","28001","1"
"Attala","0","1","Mississippi","3/23/20","0","1","28007","1"
"Bolivar","1","4","Mississippi","3/23/20","0","4","28011","1"
"Chickasaw","0","3","Mississippi","3/23/20","0","3","28017","1"
"Clay","0","1","Mississippi","3/23/20","0","1","28025","1"
"Coahoma","1","8","Mississippi","3/23/20","0","8","28027","1"
"Copiah","0","4","Mississippi","3/23/20","2","2","28029","100"
"DeSoto","3","23","Mississippi","3/23/20","0","23","28033","1"
"Forrest","1","11","Mississippi","3/23/20","3","8","28035","266.67"
"Franklin","0","3","Mississippi","3/23/20","0","3","28037","1"
"George","0","1","Mississippi","3/23/20","0","1","28039","1"
"Grenada","0","2","Mississippi","3/23/20","0","2","28043","1"
"Hancock","0","4","Mississippi","3/23/20","1","3","28045","300"
"Harrison","3","21","Mississippi","3/23/20","0","21","28047","1"
"Hinds","3","24","Mississippi","3/23/20","2","22","28049","1100"
"Holmes","1","6","Mississippi","3/23/20","0","6","28051","1"
"Humphreys","0","1","Mississippi","3/23/20","0","1","28053","1"
"Itawamba","0","3","Mississippi","3/23/20","0","3","28057","1"
"Jackson","1","7","Mississippi","3/23/20","0","7","28059","1"
"Jones","0","1","Mississippi","3/23/20","0","1","28067","1"
"Lafayette","1","5","Mississippi","3/23/20","0","5","28071","1"
"Lamar","0","1","Mississippi","3/23/20","0","1","28073","1"
"Lawrence","0","2","Mississippi","3/23/20","0","2","28077","1"
"Leake","0","1","Mississippi","3/23/20","0","1","28079","1"
"Lee","1","8","Mississippi","3/23/20","0","8","28081","1"
"Leflore","1","9","Mississippi","3/23/20","1","8","28083","800"
"Lincoln","1","4","Mississippi","3/23/20","0","4","28085","1"
"Lowndes","1","6","Mississippi","3/23/20","0","6","28087","1"
"Madison","2","11","Mississippi","3/23/20","0","11","28089","1"
"Marion","0","1","Mississippi","3/23/20","0","1","28091","1"
"Marshall","0","3","Mississippi","3/23/20","0","3","28093","1"
"Monroe","0","2","Mississippi","3/23/20","1","1","28095","100"
"Montgomery","0","1","Mississippi","3/23/20","0","1","28097","1"
"Oktibbeha","1","5","Mississippi","3/23/20","0","5","28105","1"
"Panola","0","2","Mississippi","3/23/20","0","2","28107","1"
"Pearl River","1","12","Mississippi","3/23/20","2","10","28109","500"
"Perry","0","1","Mississippi","3/23/20","0","1","28111","1"
"Pike","1","4","Mississippi","3/23/20","0","4","28113","1"
"Pontotoc","0","1","Mississippi","3/23/20","0","1","28115","1"
"Rankin","1","8","Mississippi","3/23/20","0","8","28121","1"
"Scott","0","1","Mississippi","3/23/20","0","1","28123","1"
"Simpson","0","1","Mississippi","3/23/20","0","1","28127","1"
"Smith","0","1","Mississippi","3/23/20","0","1","28129","1"
"Sunflower","0","2","Mississippi","3/23/20","0","2","28133","1"
"Tallahatchie","0","1","Mississippi","3/23/20","0","1","28135","1"
"Tate","0","1","Mississippi","3/23/20","0","1","28137","1"
"Tippah","1","9","Mississippi","3/23/20","0","9","28139","1"
"Tunica","0","2","Mississippi","3/23/20","0","2","28143","1"
"Union","0","1","Mississippi","3/23/20","0","1","28145","1"
"Walthall","0","2","Mississippi","3/23/20","0","2","28147","1"
"Washington","1","4","Mississippi","3/23/20","0","4","28151","1"
"Webster","0","1","Mississippi","3/23/20","0","1","28155","1"
"Wilkinson","0","3","Mississippi","3/23/20","0","3","28157","1"
"Winston","0","2","Mississippi","3/23/20","0","2","28159","1"
"Yazoo","0","1","Mississippi","3/23/20","0","1","28163","1"
"Adair","0","2","Missouri","3/23/20","0","2","29001","1"
"Bates","0","1","Missouri","3/23/20","0","1","29013","1"
"Boone","2","17","Missouri","3/23/20","0","17","29019","1"
"Callaway","0","1","Missouri","3/23/20","0","1","29027","1"
"Camden","0","1","Missouri","3/23/20","0","1","29029","1"
"Cass","1","6","Missouri","3/23/20","0","6","29037","1"
"Christian","0","2","Missouri","3/23/20","0","2","29043","1"
"Clay","0","3","Missouri","3/23/20","0","3","29047","1"
"Clinton","0","1","Missouri","3/23/20","0","1","29049","1"
"Cole","1","5","Missouri","3/23/20","0","5","29051","1"
"Dunklin","0","1","Missouri","3/23/20","0","1","29069","1"
"Greene","2","17","Missouri","3/23/20","3","14","29077","466.67"
"Henry","0","1","Missouri","3/23/20","1","0","29083","0"
"Jackson","1","10","Missouri","3/23/20","0","10","29095","1"
"Jasper","0","1","Missouri","3/23/20","0","1","29097","1"
"Johnson","0","1","Missouri","3/23/20","0","1","29101","1"
"Kansas City","2","17","Missouri","3/23/20","0","17","00000","1"
"Lafayette","0","1","Missouri","3/23/20","0","1","29107","1"
"Moniteau","0","1","Missouri","3/23/20","0","1","29135","1"
"Perry","0","1","Missouri","3/23/20","0","1","29157","1"
"Platte","0","1","Missouri","3/23/20","0","1","29165","1"
"Pulaski","0","1","Missouri","3/23/20","0","1","29169","1"
"Scott","0","1","Missouri","3/23/20","0","1","29201","1"
"St. Charles","1","4","Missouri","3/23/20","0","4","29183","1"
"St. Francois","0","1","Missouri","3/23/20","0","1","29187","1"
"St. Louis","14","100","Missouri","3/23/20","3","97","29189","3233.33"
"St. Louis City","3","22","Missouri","3/23/20","1","21","29510","2100"
"Taney","0","1","Missouri","3/23/20","0","1","29213","1"
"Broadwater","0","1","Montana","3/23/20","0","1","30007","1"
"Cascade","0","3","Montana","3/23/20","0","3","30013","1"
"Flathead","0","2","Montana","3/23/20","0","2","30029","1"
"Gallatin","1","10","Montana","3/23/20","1","9","30031","900"
"Lewis and Clark","0","3","Montana","3/23/20","1","2","30049","200"
"Madison","0","1","Montana","3/23/20","0","1","30057","1"
"Missoula","0","3","Montana","3/23/20","2","1","30063","50"
"Ravalli","0","1","Montana","3/23/20","0","1","30081","1"
"Roosevelt","0","1","Montana","3/23/20","0","1","30085","1"
"Silver Bow","0","2","Montana","3/23/20","1","1","30093","100"
"Yellowstone","1","6","Montana","3/23/20","1","5","30111","500"
"Adams","0","1","Nebraska","3/23/20","0","1","31001","1"
"Buffalo","0","2","Nebraska","3/23/20","0","2","31019","1"
"Cass","0","1","Nebraska","3/23/20","1","0","31025","0"
"Douglas","3","34","Nebraska","3/23/20","16","18","31055","112.5"
"Knox","0","2","Nebraska","3/23/20","1","1","31107","100"
"Lancaster","0","2","Nebraska","3/23/20","0","2","31109","1"
"Lincoln","0","3","Nebraska","3/23/20","0","3","31111","1"
"Nemaha","0","1","Nebraska","3/23/20","0","1","31127","1"
"Sarpy","1","5","Nebraska","3/23/20","0","5","31153","1"
"Carson City","0","3","Nevada","3/23/20","1","2","32510","200"
"Clark","13","126","Nevada","3/23/20","35","91","32003","260"
"Elko","0","2","Nevada","3/23/20","0","2","32007","1"
"Washoe","2","25","Nevada","3/23/20","9","16","32031","177.78"
"Belknap","1","4","New Hampshire","3/23/20","0","4","33001","1"
"Carroll","1","6","New Hampshire","3/23/20","1","5","33003","500"
"Cheshire","0","1","New Hampshire","3/23/20","0","1","33005","1"
"Grafton","1","15","New Hampshire","3/23/20","5","10","33009","200"
"Hillsborough","2","16","New Hampshire","3/23/20","1","15","33011","1500"
"Merrimack","1","4","New Hampshire","3/23/20","0","4","33013","1"
"Rockingham","3","28","New Hampshire","3/23/20","10","18","33015","180"
"Strafford","0","3","New Hampshire","3/23/20","0","3","33017","1"
"Sullivan","0","1","New Hampshire","3/23/20","0","1","33019","1"
"Atlantic","1","6","New Jersey","3/23/20","0","6","34001","1"
"Bergen","78","609","New Jersey","3/23/20","61","548","34003","898.36"
"Burlington","4","36","New Jersey","3/23/20","5","31","34005","620"
"Camden","4","33","New Jersey","3/23/20","3","30","34007","1000"
"Cape May","0","2","New Jersey","3/23/20","0","2","34009","1"
"Cumberland","0","1","New Jersey","3/23/20","0","1","34011","1"
"Essex","36","273","New Jersey","3/23/20","20","253","34013","1265"
"Gloucester","2","13","New Jersey","3/23/20","0","13","34015","1"
"Hudson","24","190","New Jersey","3/23/20","19","171","34017","900"
"Hunterdon","2","18","New Jersey","3/23/20","1","17","34019","1700"
"Mercer","6","50","New Jersey","3/23/20","6","44","34021","733.33"
"Middlesex","28","210","New Jersey","3/23/20","17","193","34023","1135.29"
"Monmouth","32","238","New Jersey","3/23/20","14","224","34025","1600"
"Morris","24","177","New Jersey","3/23/20","6","171","34027","2850"
"Ocean","20","144","New Jersey","3/23/20","3","141","34029","4700"
"Passaic","19","141","New Jersey","3/23/20","8","133","34031","1662.5"
"Salem","0","1","New Jersey","3/23/20","0","1","34033","1"
"Somerset","9","67","New Jersey","3/23/20","5","62","34035","1240"
"Sussex","2","15","New Jersey","3/23/20","0","15","34037","1"
"Union","26","189","New Jersey","3/23/20","8","181","34039","2262.5"
"Warren","2","12","New Jersey","3/23/20","0","12","34041","1"
"Bernalillo","3","38","New Mexico","3/23/20","14","24","35001","171.43"
"Chaves","1","4","New Mexico","3/23/20","0","4","35005","1"
"Dona Ana","1","10","New Mexico","3/23/20","0","10","35013","1"
"Lea","0","1","New Mexico","3/23/20","0","1","35025","1"
"McKinley","0","2","New Mexico","3/23/20","0","2","35031","1"
"San Juan","0","3","New Mexico","3/23/20","0","3","35045","1"
"San Miguel","0","1","New Mexico","3/23/20","0","1","35047","1"
"Sandoval","1","7","New Mexico","3/23/20","2","5","35043","250"
"Santa Fe","1","12","New Mexico","3/23/20","3","9","35049","300"
"Socorro","0","2","New Mexico","3/23/20","2","0","35053","0"
"Taos","0","3","New Mexico","3/23/20","0","3","35055","1"
"Albany","16","127","New York","3/23/20","15","112","36001","746.67"
"Allegany","0","2","New York","3/23/20","2","0","36003","0"
"Broome","0","3","New York","3/23/20","1","2","36007","200"
"Chemung","0","2","New York","3/23/20","0","2","36015","1"
"Chenango","0","2","New York","3/23/20","0","2","36017","1"
"Clinton","1","4","New York","3/23/20","0","4","36019","1"
"Columbia","2","17","New York","3/23/20","0","17","36021","1"
"Cortland","0","2","New York","3/23/20","0","2","36023","1"
"Delaware","0","1","New York","3/23/20","1","0","36025","0"
"Dutchess","13","100","New York","3/23/20","10","90","36027","900"
"Erie","11","87","New York","3/23/20","7","80","36029","1142.86"
"Essex","0","3","New York","3/23/20","0","3","36031","1"
"Fulton","0","1","New York","3/23/20","0","1","36035","1"
"Genesee","0","1","New York","3/23/20","0","1","36037","1"
"Greene","0","2","New York","3/23/20","2","0","36039","0"
"Hamilton","0","2","New York","3/23/20","0","2","36041","1"
"Herkimer","0","3","New York","3/23/20","1","2","36043","200"
"Jefferson","0","1","New York","3/23/20","0","1","36045","1"
"Livingston","0","2","New York","3/23/20","0","2","36051","1"
"Madison","0","1","New York","3/23/20","0","1","36053","1"
"Monroe","10","81","New York","3/23/20","11","70","36055","636.36"
"Montgomery","0","3","New York","3/23/20","1","2","36057","200"
"Nassau","333","2442","New York","3/23/20","109","2333","36059","2140.37"
"New York","1692","12305","New York","3/23/20","463","11842","36061","2557.67"
"Niagara","1","9","New York","3/23/20","0","9","36063","1"
"Oneida","1","5","New York","3/23/20","0","5","36065","1"
"Onondaga","7","53","New York","3/23/20","1","52","36067","5200"
"Ontario","0","4","New York","3/23/20","1","3","36069","300"
"Orange","54","389","New York","3/23/20","11","378","36071","3436.36"
"Oswego","0","2","New York","3/23/20","0","2","36075","1"
"Otsego","0","1","New York","3/23/20","0","1","36077","1"
"Putnam","4","31","New York","3/23/20","2","29","36079","1450"
"Rensselaer","3","20","New York","3/23/20","0","20","36083","1"
"Rockland","82","592","New York","3/23/20","16","576","36087","3600"
"Saratoga","4","35","New York","3/23/20","5","30","36091","600"
"Schenectady","4","32","New York","3/23/20","4","28","36093","700"
"Schoharie","0","1","New York","3/23/20","0","1","36095","1"
"Steuben","1","4","New York","3/23/20","0","4","36101","1"
"Suffolk","198","1458","New York","3/23/20","74","1384","36103","1870.27"
"Sullivan","2","12","New York","3/23/20","0","12","36105","1"
"Tioga","0","1","New York","3/23/20","1","0","36107","0"
"Tompkins","2","15","New York","3/23/20","2","13","36109","650"
"Ulster","2","18","New York","3/23/20","7","11","36111","157.14"
"Warren","0","1","New York","3/23/20","0","1","36113","1"
"Washington","0","1","New York","3/23/20","0","1","36115","1"
"Wayne","0","3","New York","3/23/20","0","3","36117","1"
"Westchester","382","2894","New York","3/23/20","220","2674","36119","1215.45"
"Wyoming","0","2","New York","3/23/20","0","2","36121","1"
"Alamance","0","2","North Carolina","3/23/20","0","2","37001","1"
"Brunswick","1","8","North Carolina","3/23/20","1","7","37019","700"
"Buncombe","1","8","North Carolina","3/23/20","0","8","37021","1"
"Cabarrus","1","6","North Carolina","3/23/20","1","5","37025","500"
"Carteret","1","5","North Carolina","3/23/20","0","5","37031","1"
"Catawba","1","4","North Carolina","3/23/20","0","4","37035","1"
"Chatham","0","3","North Carolina","3/23/20","1","2","37037","200"
"Cherokee","1","4","North Carolina","3/23/20","0","4","37039","1"
"Chowan","0","1","North Carolina","3/23/20","0","1","37041","1"
"Craven","0","2","North Carolina","3/23/20","1","1","37049","100"
"Cumberland","0","3","North Carolina","3/23/20","0","3","37051","1"
"Davidson","0","2","North Carolina","3/23/20","0","2","37057","1"
"Davie","0","1","North Carolina","3/23/20","0","1","37059","1"
"Durham","6","41","North Carolina","3/23/20","1","40","37063","4000"
"Forsyth","1","12","North Carolina","3/23/20","2","10","37067","500"
"Franklin","1","4","North Carolina","3/23/20","0","4","37069","1"
"Gaston","1","4","North Carolina","3/23/20","0","4","37071","1"
"Granville","0","1","North Carolina","3/23/20","0","1","37077","1"
"Guilford","2","11","North Carolina","3/23/20","0","11","37081","1"
"Harnett","1","8","North Carolina","3/23/20","3","5","37085","166.67"
"Henderson","0","2","North Carolina","3/23/20","0","2","37089","1"
"Hertford","0","1","North Carolina","3/23/20","0","1","37091","1"
"Hoke","0","1","North Carolina","3/23/20","0","1","37093","1"
"Hyde","0","1","North Carolina","3/23/20","0","1","37095","1"
"Iredell","1","8","North Carolina","3/23/20","1","7","37097","700"
"Jackson","0","1","North Carolina","3/23/20","0","1","37099","1"
"Johnston","0","3","North Carolina","3/23/20","2","1","37101","50"
"Lee","0","1","North Carolina","3/23/20","0","1","37105","1"
"Lincoln","0","1","North Carolina","3/23/20","0","1","37109","1"
"Mecklenburg","13","97","North Carolina","3/23/20","7","90","37119","1285.71"
"Montgomery","0","1","North Carolina","3/23/20","0","1","37123","1"
"Moore","0","2","North Carolina","3/23/20","0","2","37125","1"
"Nash","0","1","North Carolina","3/23/20","0","1","37127","1"
"New Hanover","1","4","North Carolina","3/23/20","0","4","37129","1"
"Northampton","0","1","North Carolina","3/23/20","0","1","37131","1"
"Onslow","0","3","North Carolina","3/23/20","1","2","37133","200"
"Orange","1","6","North Carolina","3/23/20","0","6","37135","1"
"Pasquotank","0","1","North Carolina","3/23/20","0","1","37139","1"
"Pitt","1","6","North Carolina","3/23/20","0","6","37147","1"
"Randolph","0","1","North Carolina","3/23/20","0","1","37151","1"
"Robeson","0","1","North Carolina","3/23/20","0","1","37155","1"
"Rowan","1","4","North Carolina","3/23/20","0","4","37159","1"
"Sampson","0","1","North Carolina","3/23/20","0","1","37163","1"
"Scotland","0","1","North Carolina","3/23/20","0","1","37165","1"
"Transylvania","0","1","North Carolina","3/23/20","0","1","37175","1"
"Union","2","13","North Carolina","3/23/20","0","13","37179","1"
"Vance","0","1","North Carolina","3/23/20","0","1","37181","1"
"Wake","5","52","North Carolina","3/23/20","15","37","37183","246.67"
"Watauga","0","2","North Carolina","3/23/20","1","1","37189","100"
"Wayne","0","1","North Carolina","3/23/20","1","0","37191","0"
"Wilson","0","4","North Carolina","3/23/20","1","3","37195","300"
"Burleigh","2","16","North Dakota","3/23/20","0","16","38015","1"
"Cass","0","1","North Dakota","3/23/20","0","1","38017","1"
"Morton","1","7","North Dakota","3/23/20","0","7","38059","1"
"Pierce","0","2","North Dakota","3/23/20","0","2","38069","1"
"Ramsey","0","1","North Dakota","3/23/20","0","1","38071","1"
"Ward","0","3","North Dakota","3/23/20","1","2","38101","200"
"Ashland","0","1","Ohio","3/23/20","0","1","39005","1"
"Ashtabula","0","3","Ohio","3/23/20","0","3","39007","1"
"Belmont","0","2","Ohio","3/23/20","2","0","39013","0"
"Butler","2","17","Ohio","3/23/20","6","11","39017","183.33"
"Carroll","0","2","Ohio","3/23/20","0","2","39019","1"
"Clark","0","1","Ohio","3/23/20","0","1","39023","1"
"Clermont","1","5","Ohio","3/23/20","0","5","39025","1"
"Clinton","0","1","Ohio","3/23/20","0","1","39027","1"
"Columbiana","0","2","Ohio","3/23/20","0","2","39029","1"
"Coshocton","0","3","Ohio","3/23/20","0","3","39031","1"
"Cuyahoga","18","149","Ohio","3/23/20","24","125","39035","520.83"
"Darke","0","1","Ohio","3/23/20","0","1","39037","1"
"Defiance","0","2","Ohio","3/23/20","0","2","39039","1"
"Delaware","1","7","Ohio","3/23/20","0","7","39041","1"
"Erie","0","1","Ohio","3/23/20","0","1","39043","1"
"Franklin","6","44","Ohio","3/23/20","3","41","39049","1366.67"
"Gallia","0","1","Ohio","3/23/20","0","1","39053","1"
"Geauga","0","2","Ohio","3/23/20","1","1","39055","100"
"Greene","0","1","Ohio","3/23/20","0","1","39057","1"
"Hamilton","4","26","Ohio","3/23/20","0","26","39061","1"
"Hancock","0","1","Ohio","3/23/20","0","1","39063","1"
"Highland","0","1","Ohio","3/23/20","0","1","39071","1"
"Huron","0","1","Ohio","3/23/20","0","1","39077","1"
"Knox","0","1","Ohio","3/23/20","0","1","39083","1"
"Lake","1","8","Ohio","3/23/20","0","8","39085","1"
"Licking","0","1","Ohio","3/23/20","0","1","39089","1"
"Logan","0","1","Ohio","3/23/20","0","1","39091","1"
"Lorain","3","24","Ohio","3/23/20","3","21","39093","700"
"Lucas","1","10","Ohio","3/23/20","1","9","39095","900"
"Madison","0","1","Ohio","3/23/20","0","1","39097","1"
"Mahoning","3","23","Ohio","3/23/20","0","23","39099","1"
"Marion","0","3","Ohio","3/23/20","0","3","39101","1"
"Medina","2","15","Ohio","3/23/20","2","13","39103","650"
"Miami","2","17","Ohio","3/23/20","0","17","39109","1"
"Montgomery","1","7","Ohio","3/23/20","0","7","39113","1"
"Portage","0","2","Ohio","3/23/20","0","2","39133","1"
"Richland","0","1","Ohio","3/23/20","0","1","39139","1"
"Sandusky","0","1","Ohio","3/23/20","0","1","39143","1"
"Stark","1","12","Ohio","3/23/20","3","9","39151","300"
"Summit","4","28","Ohio","3/23/20","2","26","39153","1300"
"Trumbull","0","3","Ohio","3/23/20","2","1","39155","50"
"Tuscarawas","0","2","Ohio","3/23/20","1","1","39157","100"
"Union","0","1","Ohio","3/23/20","0","1","39159","1"
"Warren","1","5","Ohio","3/23/20","0","5","39165","1"
"Washington","0","1","Ohio","3/23/20","0","1","39167","1"
"Wood","0","2","Ohio","3/23/20","0","2","39173","1"
"Canadian","0","2","Oklahoma","3/23/20","1","1","40017","100"
"Cleveland","2","16","Oklahoma","3/23/20","2","14","40027","700"
"Custer","0","1","Oklahoma","3/23/20","0","1","40039","1"
"Garvin","0","2","Oklahoma","3/23/20","0","2","40049","1"
"Grady","0","1","Oklahoma","3/23/20","0","1","40051","1"
"Jackson","0","1","Oklahoma","3/23/20","1","0","40065","0"
"Kay","1","5","Oklahoma","3/23/20","1","4","40071","400"
"Logan","0","1","Oklahoma","3/23/20","0","1","40083","1"
"McClain","0","1","Oklahoma","3/23/20","0","1","40087","1"
"Muskogee","0","1","Oklahoma","3/23/20","0","1","40101","1"
"Noble","0","1","Oklahoma","3/23/20","0","1","40103","1"
"Oklahoma","4","29","Oklahoma","3/23/20","1","28","40109","2800"
"Pawnee","0","3","Oklahoma","3/23/20","0","3","40117","1"
"Payne","0","3","Oklahoma","3/23/20","1","2","40119","200"
"Pontotoc","0","1","Oklahoma","3/23/20","0","1","40123","1"
"Tulsa","1","11","Oklahoma","3/23/20","3","8","40143","266.67"
"Washington","0","2","Oklahoma","3/23/20","0","2","40147","1"
"Benton","1","4","Oregon","3/23/20","0","4","41003","1"
"Clackamas","2","14","Oregon","3/23/20","1","13","41005","1300"
"Deschutes","1","10","Oregon","3/23/20","4","6","41017","150"
"Douglas","0","1","Oregon","3/23/20","1","0","41019","0"
"Grant","0","1","Oregon","3/23/20","0","1","41023","1"
"Hood River","0","1","Oregon","3/23/20","0","1","41027","1"
"Jackson","0","2","Oregon","3/23/20","2","0","41029","0"
"Josephine","0","1","Oregon","3/23/20","0","1","41033","1"
"Klamath","0","1","Oregon","3/23/20","1","0","41035","0"
"Lane","1","4","Oregon","3/23/20","0","4","41039","1"
"Linn","1","20","Oregon","3/23/20","10","10","41043","100"
"Marion","4","30","Oregon","3/23/20","2","28","41047","1400"
"Multnomah","3","21","Oregon","3/23/20","1","20","41051","2000"
"Polk","0","3","Oregon","3/23/20","1","2","41053","200"
"Umatilla","0","2","Oregon","3/23/20","2","0","41059","0"
"Union","0","1","Oregon","3/23/20","0","1","41061","1"
"Washington","8","69","Oregon","3/23/20","13","56","41067","430.77"
"Yamhill","1","6","Oregon","3/23/20","1","5","41071","500"
"Adams","1","6","Pennsylvania","3/23/20","0","6","42001","1"
"Allegheny","6","48","Pennsylvania","3/23/20","6","42","42003","700"
"Beaver","0","3","Pennsylvania","3/23/20","0","3","42007","1"
"Berks","2","14","Pennsylvania","3/23/20","0","14","42011","1"
"Bucks","5","43","Pennsylvania","3/23/20","5","38","42017","760"
"Butler","1","5","Pennsylvania","3/23/20","0","5","42019","1"
"Cambria","0","1","Pennsylvania","3/23/20","0","1","42021","1"
"Centre","0","3","Pennsylvania","3/23/20","0","3","42027","1"
"Chester","5","40","Pennsylvania","3/23/20","2","38","42029","1900"
"Columbia","0","1","Pennsylvania","3/23/20","0","1","42037","1"
"Cumberland","1","12","Pennsylvania","3/23/20","5","7","42041","140"
"Dauphin","0","1","Pennsylvania","3/23/20","0","1","42043","1"
"Delaware","7","54","Pennsylvania","3/23/20","7","47","42045","671.43"
"Erie","0","3","Pennsylvania","3/23/20","0","3","42049","1"
"Fayette","0","1","Pennsylvania","3/23/20","0","1","42051","1"
"Franklin","0","1","Pennsylvania","3/23/20","0","1","42055","1"
"Lackawanna","1","7","Pennsylvania","3/23/20","0","7","42069","1"
"Lancaster","1","5","Pennsylvania","3/23/20","0","5","42071","1"
"Lebanon","0","3","Pennsylvania","3/23/20","0","3","42075","1"
"Lehigh","3","25","Pennsylvania","3/23/20","1","24","42077","2400"
"Luzerne","1","10","Pennsylvania","3/23/20","1","9","42079","900"
"Mercer","0","1","Pennsylvania","3/23/20","0","1","42085","1"
"Monroe","5","43","Pennsylvania","3/23/20","8","35","42089","437.5"
"Montgomery","15","136","Pennsylvania","3/23/20","30","106","42091","353.33"
"Montour","0","1","Pennsylvania","3/23/20","0","1","42093","1"
"Northampton","3","23","Pennsylvania","3/23/20","1","22","42095","2200"
"Philadelphia","24","175","Pennsylvania","3/23/20","10","165","42101","1650"
"Pike","0","3","Pennsylvania","3/23/20","1","2","42103","200"
"Potter","0","1","Pennsylvania","3/23/20","0","1","42105","1"
"Schuylkill","0","3","Pennsylvania","3/23/20","0","3","42107","1"
"Washington","1","7","Pennsylvania","3/23/20","1","6","42125","600"
"Wayne","0","3","Pennsylvania","3/23/20","1","2","42127","200"
"Westmoreland","1","6","Pennsylvania","3/23/20","0","6","42129","1"
"York","1","10","Pennsylvania","3/23/20","0","10","42133","1"
"","4","31","Puerto Rico","3/23/20","5","26",,"520"
"Bristol","3","24","Rhode Island","3/23/20","0","24","44001","1"
"Kent","1","7","Rhode Island","3/23/20","0","7","44003","1"
"Newport","1","9","Rhode Island","3/23/20","0","9","44005","1"
"Providence","4","52","Rhode Island","3/23/20","21","31","44007","147.62"
"Washington","1","9","Rhode Island","3/23/20","0","9","44009","1"
"Abbeville","0","1","South Carolina","3/23/20","0","1","45001","1"
"Aiken","0","1","South Carolina","3/23/20","0","1","45003","1"
"Anderson","2","15","South Carolina","3/23/20","2","13","45007","650"
"Beaufort","3","21","South Carolina","3/23/20","3","18","45013","600"
"Berkeley","1","4","South Carolina","3/23/20","0","4","45015","1"
"Calhoun","0","1","South Carolina","3/23/20","0","1","45017","1"
"Charleston","4","31","South Carolina","3/23/20","1","30","45019","3000"
"Chester","0","1","South Carolina","3/23/20","0","1","45023","1"
"Clarendon","1","4","South Carolina","3/23/20","0","4","45027","1"
"Colleton","0","1","South Carolina","3/23/20","0","1","45029","1"
"Darlington","1","7","South Carolina","3/23/20","0","7","45031","1"
"Dillon","0","1","South Carolina","3/23/20","0","1","45033","1"
"Dorchester","0","2","South Carolina","3/23/20","0","2","45035","1"
"Edgefield","0","1","South Carolina","3/23/20","0","1","45037","1"
"Fairfield","0","2","South Carolina","3/23/20","0","2","45039","1"
"Florence","0","3","South Carolina","3/23/20","0","3","45041","1"
"Georgetown","0","2","South Carolina","3/23/20","0","2","45043","1"
"Greenville","4","31","South Carolina","3/23/20","1","30","45045","3000"
"Greenwood","0","2","South Carolina","3/23/20","0","2","45047","1"
"Horry","2","16","South Carolina","3/23/20","3","13","45051","433.33"
"Jasper","0","1","South Carolina","3/23/20","0","1","45053","1"
"Kershaw","6","54","South Carolina","3/23/20","15","39","45055","260"
"Lancaster","1","7","South Carolina","3/23/20","2","5","45057","250"
"Lee","0","2","South Carolina","3/23/20","0","2","45061","1"
"Lexington","2","17","South Carolina","3/23/20","2","15","45063","750"
"Newberry","0","1","South Carolina","3/23/20","0","1","45071","1"
"Oconee","0","2","South Carolina","3/23/20","0","2","45073","1"
"Orangeburg","1","8","South Carolina","3/23/20","0","8","45075","1"
"Pickens","0","1","South Carolina","3/23/20","0","1","45077","1"
"Richland","6","43","South Carolina","3/23/20","0","43","45079","1"
"Saluda","0","1","South Carolina","3/23/20","0","1","45081","1"
"Spartanburg","0","3","South Carolina","3/23/20","1","2","45083","200"
"Sumter","1","4","South Carolina","3/23/20","0","4","45085","1"
"York","1","7","South Carolina","3/23/20","0","7","45091","1"
"Beadle","2","12","South Dakota","3/23/20","1","11","46005","1100"
"Bon Homme","0","1","South Dakota","3/23/20","1","0","46009","0"
"Brown","0","1","South Dakota","3/23/20","0","1","46013","1"
"Charles Mix","0","1","South Dakota","3/23/20","1","0","46023","0"
"Codington","0","1","South Dakota","3/23/20","0","1","46029","1"
"Davison","0","2","South Dakota","3/23/20","1","1","46035","100"
"Hughes","0","1","South Dakota","3/23/20","0","1","46065","1"
"Lyman","0","1","South Dakota","3/23/20","0","1","46085","1"
"McCook","0","2","South Dakota","3/23/20","1","1","46087","100"
"Minnehaha","0","5","South Dakota","3/23/20","4","1","46099","25"
"Pennington","0","1","South Dakota","3/23/20","1","0","46103","0"
"Anderson","0","1","Tennessee","3/23/20","0","1","47001","1"
"Blount","0","2","Tennessee","3/23/20","0","2","47009","1"
"Bradley","0","1","Tennessee","3/23/20","0","1","47011","1"
"Campbell","0","2","Tennessee","3/23/20","1","1","47013","100"
"Carroll","0","2","Tennessee","3/23/20","0","2","47017","1"
"Cheatham","1","4","Tennessee","3/23/20","0","4","47021","1"
"Chester","0","1","Tennessee","3/23/20","0","1","47023","1"
"Claiborne","0","1","Tennessee","3/23/20","0","1","47025","1"
"Cocke","0","1","Tennessee","3/23/20","0","1","47029","1"
"Cumberland","0","2","Tennessee","3/23/20","0","2","47035","1"
"Davidson","20","164","Tennessee","3/23/20","25","139","47037","556"
"Dickson","1","5","Tennessee","3/23/20","0","5","47043","1"
"Dyer","0","2","Tennessee","3/23/20","0","2","47045","1"
"Fayette","0","2","Tennessee","3/23/20","0","2","47047","1"
"Franklin","0","1","Tennessee","3/23/20","0","1","47051","1"
"Gibson","0","1","Tennessee","3/23/20","0","1","47053","1"
"Greene","1","4","Tennessee","3/23/20","0","4","47059","1"
"Hamblen","0","3","Tennessee","3/23/20","0","3","47063","1"
"Hamilton","2","12","Tennessee","3/23/20","1","11","47065","1100"
"Hardin","0","1","Tennessee","3/23/20","0","1","47071","1"
"Houston","0","1","Tennessee","3/23/20","0","1","47083","1"
"Jefferson","0","3","Tennessee","3/23/20","1","2","47089","200"
"Knox","2","12","Tennessee","3/23/20","1","11","47093","1100"
"Lincoln","0","1","Tennessee","3/23/20","0","1","47103","1"
"Loudon","0","1","Tennessee","3/23/20","0","1","47105","1"
"Marion","0","1","Tennessee","3/23/20","0","1","47115","1"
"Maury","1","6","Tennessee","3/23/20","0","6","47119","1"
"McMinn","0","2","Tennessee","3/23/20","0","2","47107","1"
"Monroe","0","2","Tennessee","3/23/20","0","2","47123","1"
"Montgomery","0","3","Tennessee","3/23/20","0","3","47125","1"
"Out of TN","13","89","Tennessee","3/23/20","0","89","80047","1"
"Perry","0","2","Tennessee","3/23/20","0","2","47135","1"
"Putnam","1","6","Tennessee","3/23/20","0","6","47141","1"
"Roane","0","1","Tennessee","3/23/20","0","1","47145","1"
"Robertson","1","6","Tennessee","3/23/20","0","6","47147","1"
"Rutherford","1","9","Tennessee","3/23/20","1","8","47149","800"
"Scott","0","1","Tennessee","3/23/20","0","1","47151","1"
"Sevier","0","1","Tennessee","3/23/20","1","0","47155","0"
"Shelby","13","93","Tennessee","3/23/20","2","91","47157","4550"
"Sullivan","0","2","Tennessee","3/23/20","1","1","47163","100"
"Sumner","5","34","Tennessee","3/23/20","0","34","47165","1"
"Tipton","1","6","Tennessee","3/23/20","0","6","47167","1"
"Washington","1","6","Tennessee","3/23/20","0","6","47179","1"
"Weakley","0","1","Tennessee","3/23/20","0","1","47183","1"
"Williamson","5","53","Tennessee","3/23/20","18","35","47187","194.44"
"Wilson","1","6","Tennessee","3/23/20","0","6","47189","1"
"Atascosa","0","2","Texas","3/23/20","0","2","48013","1"
"Bell","2","16","Texas","3/23/20","2","14","48027","700"
"Bexar","8","57","Texas","3/23/20","3","54","48029","1800"
"Blanco","0","1","Texas","3/23/20","0","1","48031","1"
"Bowie","0","1","Texas","3/23/20","1","0","48037","0"
"Brazoria","2","16","Texas","3/23/20","2","14","48039","700"
"Brazos","2","12","Texas","3/23/20","0","12","48041","1"
"Brown","0","2","Texas","3/23/20","0","2","48049","1"
"Burnet","0","1","Texas","3/23/20","0","1","48053","1"
"Cameron","1","6","Texas","3/23/20","0","6","48061","1"
"Castro","0","2","Texas","3/23/20","0","2","48069","1"
"Chambers","0","1","Texas","3/23/20","0","1","48071","1"
"Collin","4","38","Texas","3/23/20","8","30","48085","375"
"Comal","0","3","Texas","3/23/20","0","3","48091","1"
"Crane","0","1","Texas","3/23/20","0","1","48103","1"
"Dallas","19","155","Texas","3/23/20","19","136","48113","715.79"
"Deaf Smith","0","1","Texas","3/23/20","0","1","48117","1"
"Denton","4","30","Texas","3/23/20","1","29","48121","2900"
"DeWitt","0","1","Texas","3/23/20","0","1","48123","1"
"Eastland","0","1","Texas","3/23/20","0","1","48133","1"
"El Paso","1","9","Texas","3/23/20","2","7","48141","350"
"Ellis","0","3","Texas","3/23/20","0","3","48139","1"
"Erath","0","1","Texas","3/23/20","0","1","48143","1"
"Falls","0","1","Texas","3/23/20","0","1","48145","1"
"Fannin","0","1","Texas","3/23/20","0","1","48147","1"
"Fayette","0","1","Texas","3/23/20","0","1","48149","1"
"Fort Bend","3","29","Texas","3/23/20","9","20","48157","222.22"
"Gaines","0","1","Texas","3/23/20","0","1","48165","1"
"Galveston","2","18","Texas","3/23/20","1","17","48167","1700"
"Grayson","0","2","Texas","3/23/20","0","2","48181","1"
"Gregg","0","1","Texas","3/23/20","1","0","48183","0"
"Grimes","0","2","Texas","3/23/20","0","2","48185","1"
"Guadalupe","0","2","Texas","3/23/20","0","2","48187","1"
"Hardin","0","2","Texas","3/23/20","0","2","48199","1"
"Harris","9","78","Texas","3/23/20","13","65","48201","500"
"Hays","1","7","Texas","3/23/20","2","5","48209","250"
"Hidalgo","0","2","Texas","3/23/20","0","2","48215","1"
"Hockley","0","3","Texas","3/23/20","0","3","48219","1"
"Jefferson","1","6","Texas","3/23/20","0","6","48245","1"
"Johnson","0","2","Texas","3/23/20","0","2","48251","1"
"Kendall","0","1","Texas","3/23/20","0","1","48259","1"
"Lamar","0","1","Texas","3/23/20","0","1","48277","1"
"Lavaca","0","1","Texas","3/23/20","1","0","48285","0"
"Liberty","0","1","Texas","3/23/20","0","1","48291","1"
"Lubbock","1","9","Texas","3/23/20","0","9","48303","1"
"Matagorda","0","4","Texas","3/23/20","1","3","48321","300"
"Maverick","0","1","Texas","3/23/20","0","1","48323","1"
"McLennan","2","16","Texas","3/23/20","0","16","48309","1"
"Medina","0","1","Texas","3/23/20","0","1","48325","1"
"Midland","0","1","Texas","3/23/20","0","1","48329","1"
"Milam","0","2","Texas","3/23/20","0","2","48331","1"
"Montgomery","2","19","Texas","3/23/20","4","15","48339","375"
"Nueces","0","1","Texas","3/23/20","0","1","48355","1"
"Oldham","0","1","Texas","3/23/20","0","1","48359","1"
"Orange","0","1","Texas","3/23/20","0","1","48361","1"
"Parker","0","1","Texas","3/23/20","0","1","48367","1"
"Potter","0","2","Texas","3/23/20","0","2","48375","1"
"Randall","0","2","Texas","3/23/20","0","2","48381","1"
"Robertson","0","1","Texas","3/23/20","0","1","48395","1"
"Rusk","0","1","Texas","3/23/20","0","1","48401","1"
"Smith","1","10","Texas","3/23/20","4","6","48423","150"
"Tarrant","7","57","Texas","3/23/20","5","52","48439","1040"
"Travis","10","79","Texas","3/23/20","6","73","48453","1216.67"
"Van Zandt","0","1","Texas","3/23/20","0","1","48467","1"
"Walker","0","1","Texas","3/23/20","0","1","48471","1"
"Waller","0","1","Texas","3/23/20","0","1","48473","1"
"Webb","1","4","Texas","3/23/20","0","4","48479","1"
"Wharton","0","1","Texas","3/23/20","0","1","48481","1"
"Wichita","1","5","Texas","3/23/20","0","5","48485","1"
"Williamson","2","14","Texas","3/23/20","0","14","48491","1"
"Bear River","0","1","Utah","3/23/20","0","1","00000","1"
"Cache","0","3","Utah","3/23/20","0","3","49005","1"
"Davis","4","29","Utah","3/23/20","4","25","49011","625"
"Out of UT","2","13","Utah","3/23/20","0","13","80049","1"
"Salt Lake","13","109","Utah","3/23/20","16","93","49035","581.25"
"Summit","9","65","Utah","3/23/20","4","61","49043","1525"
"Tooele","0","2","Utah","3/23/20","1","1","49045","100"
"Utah","2","11","Utah","3/23/20","0","11","49049","1"
"Wasatch","1","11","Utah","3/23/20","1","10","49051","1000"
"Washington","1","5","Utah","3/23/20","0","5","49053","1"
"Weber-Morgan","1","8","Utah","3/23/20","2","6","00000","300"
"Addison","1","6","Vermont","3/23/20","0","6","50001","1"
"Bennington","0","4","Vermont","3/23/20","3","1","50003","33.33"
"Caledonia","0","1","Vermont","3/23/20","0","1","50005","1"
"Chittenden","4","32","Vermont","3/23/20","4","28","50007","700"
"Franklin","0","2","Vermont","3/23/20","0","2","50011","1"
"Lamoille","0","1","Vermont","3/23/20","0","1","50015","1"
"Orange","0","3","Vermont","3/23/20","1","2","50017","200"
"Orleans","0","2","Vermont","3/23/20","0","2","50019","1"
"Rutland","1","4","Vermont","3/23/20","0","4","50021","1"
"Washington","0","3","Vermont","3/23/20","1","2","50023","200"
"Windham","1","5","Vermont","3/23/20","0","5","50025","1"
"Windsor","1","12","Vermont","3/23/20","3","9","50027","300"
"","1","7","Virgin Islands","3/23/20","1","6",,"600"
"Accomack","0","1","Virginia","3/23/20","0","1","51001","1"
"Albemarle","0","2","Virginia","3/23/20","0","2","51003","1"
"Alexandria","1","6","Virginia","3/23/20","2","4","51510","200"
"Amherst","0","1","Virginia","3/23/20","0","1","51009","1"
"Arlington","4","34","Virginia","3/23/20","9","25","51013","277.78"
"Bedford","0","1","Virginia","3/23/20","0","1","51019","1"
"Botetourt","0","1","Virginia","3/23/20","0","1","51023","1"
"Charles City","0","1","Virginia","3/23/20","0","1","51036","1"
"Charlottesville","0","4","Virginia","3/23/20","1","3","51540","300"
"Chesterfield","1","9","Virginia","3/23/20","2","7","51041","350"
"Culpeper","0","2","Virginia","3/23/20","0","2","51047","1"
"Danville","0","1","Virginia","3/23/20","0","1","51590","1"
"Fairfax","5","43","Virginia","3/23/20","10","33","51059","330"
"Fluvanna","0","1","Virginia","3/23/20","0","1","51065","1"
"Franklin","0","1","Virginia","3/23/20","0","1","51067","1"
"Gloucester","0","2","Virginia","3/23/20","0","2","51073","1"
"Goochland","0","2","Virginia","3/23/20","0","2","51075","1"
"Hanover","0","2","Virginia","3/23/20","1","1","51085","100"
"Harrisonburg","0","1","Virginia","3/23/20","1","0","51660","0"
"Henrico","1","11","Virginia","3/23/20","1","10","51087","1000"
"Isle of Wight","0","1","Virginia","3/23/20","0","1","51093","1"
"James City","4","34","Virginia","3/23/20","8","26","51095","325"
"Lee","0","2","Virginia","3/23/20","0","2","51105","1"
"Loudoun","1","15","Virginia","3/23/20","5","10","51107","200"
"Louisa","0","2","Virginia","3/23/20","0","2","51109","1"
"Mecklenburg","0","1","Virginia","3/23/20","0","1","51117","1"
"Newport News","0","2","Virginia","3/23/20","0","2","51700","1"
"Norfolk","1","5","Virginia","3/23/20","0","5","51710","1"
"Prince Edward","0","1","Virginia","3/23/20","1","0","51147","0"
"Prince William","2","18","Virginia","3/23/20","3","15","51153","500"
"Richmond City","1","8","Virginia","3/23/20","0","8","51760","1"
"Rockbridge","0","1","Virginia","3/23/20","0","1","51163","1"
"Rockingham","0","2","Virginia","3/23/20","0","2","51165","1"
"Spotsylvania","0","2","Virginia","3/23/20","1","1","51177","100"
"Stafford","1","6","Virginia","3/23/20","0","6","51179","1"
"Suffolk","0","1","Virginia","3/23/20","0","1","51800","1"
"Virginia Beach","2","17","Virginia","3/23/20","4","13","51810","325"
"Williamsburg","1","5","Virginia","3/23/20","0","5","51830","1"
"York","1","5","Virginia","3/23/20","0","5","51199","1"
"Adams","0","1","Washington","3/23/20","0","1","53001","1"
"Benton","1","9","Washington","3/23/20","0","9","53005","1"
"Chelan","1","6","Washington","3/23/20","0","6","53007","1"
"Clallam","1","4","Washington","3/23/20","0","4","53009","1"
"Clark","1","13","Washington","3/23/20","4","9","53011","225"
"Columbia","0","1","Washington","3/23/20","1","0","53013","0"
"Cowlitz","0","3","Washington","3/23/20","1","2","53015","200"
"Douglas","0","1","Washington","3/23/20","0","1","53017","1"
"Franklin","1","5","Washington","3/23/20","0","5","53021","1"
"Grant","3","23","Washington","3/23/20","3","20","53025","666.67"
"Grays Harbor","0","1","Washington","3/23/20","1","0","53027","0"
"Island","3","25","Washington","3/23/20","7","18","53029","257.14"
"Jefferson","0","6","Washington","3/23/20","3","3","53031","100"
"King","97","1170","Washington","3/23/20","488","682","53033","139.75"
"Kitsap","2","18","Washington","3/23/20","7","11","53035","157.14"
"Kittitas","0","4","Washington","3/23/20","3","1","53037","33.33"
"Klickitat","1","4","Washington","3/23/20","0","4","53039","1"
"Lewis","0","2","Washington","3/23/20","1","1","53041","100"
"Lincoln","0","1","Washington","3/23/20","1","0","53043","0"
"Mason","0","1","Washington","3/23/20","0","1","53045","1"
"Pierce","13","126","Washington","3/23/20","38","88","53053","231.58"
"San Juan","0","1","Washington","3/23/20","0","1","53055","1"
"Skagit","4","33","Washington","3/23/20","7","26","53057","371.43"
"Snohomish","46","519","Washington","3/23/20","200","319","53061","159.5"
"Spokane","2","20","Washington","3/23/20","3","17","53063","566.67"
"Stevens","0","1","Washington","3/23/20","0","1","53065","1"
"Thurston","1","11","Washington","3/23/20","4","7","53067","175"
"Walla Walla","0","1","Washington","3/23/20","0","1","53071","1"
"Whatcom","6","48","Washington","3/23/20","3","45","53073","1500"
"Whitman","0","2","Washington","3/23/20","0","2","53075","1"
"Yakima","2","16","Washington","3/23/20","4","12","53077","300"
"Jackson","0","1","West Virginia","3/23/20","0","1","54035","1"
"Jefferson","0","3","West Virginia","3/23/20","0","3","54037","1"
"Kanawha","0","3","West Virginia","3/23/20","0","3","54039","1"
"Marshall","0","2","West Virginia","3/23/20","0","2","54051","1"
"Mercer","0","2","West Virginia","3/23/20","0","2","54055","1"
"Monongalia","0","2","West Virginia","3/23/20","0","2","54061","1"
"Putnam","0","1","West Virginia","3/23/20","0","1","54079","1"
"Tucker","0","2","West Virginia","3/23/20","0","2","54093","1"
"Bayfield","0","1","Wisconsin","3/23/20","0","1","55007","1"
"Brown","0","3","Wisconsin","3/23/20","0","3","55009","1"
"Calumet","0","1","Wisconsin","3/23/20","0","1","55015","1"
"Chippewa","0","1","Wisconsin","3/23/20","0","1","55017","1"
"Columbia","1","5","Wisconsin","3/23/20","0","5","55021","1"
"Dane","9","70","Wisconsin","3/23/20","10","60","55025","600"
"Dodge","0","2","Wisconsin","3/23/20","0","2","55027","1"
"Douglas","0","2","Wisconsin","3/23/20","0","2","55031","1"
"Dunn","0","1","Wisconsin","3/23/20","0","1","55033","1"
"Eau Claire","1","4","Wisconsin","3/23/20","0","4","55035","1"
"Fond du Lac","1","16","Wisconsin","3/23/20","11","5","55039","45.45"
"Green","0","1","Wisconsin","3/23/20","0","1","55045","1"
"Jefferson","0","2","Wisconsin","3/23/20","0","2","55055","1"
"Kenosha","2","12","Wisconsin","3/23/20","1","11","55059","1100"
"La Crosse","1","5","Wisconsin","3/23/20","0","5","55063","1"
"Marathon","0","1","Wisconsin","3/23/20","0","1","55073","1"
"Milwaukee","27","204","Wisconsin","3/23/20","13","191","55079","1469.23"
"Outagamie","0","2","Wisconsin","3/23/20","1","1","55087","100"
"Ozaukee","2","14","Wisconsin","3/23/20","0","14","55089","1"
"Pierce","0","3","Wisconsin","3/23/20","1","2","55093","200"
"Racine","1","5","Wisconsin","3/23/20","1","4","55101","400"
"Rock","0","3","Wisconsin","3/23/20","0","3","55105","1"
"Sauk","0","3","Wisconsin","3/23/20","0","3","55111","1"
"Sheboygan","0","6","Wisconsin","3/23/20","3","3","55117","100"
"St. Croix","0","3","Wisconsin","3/23/20","0","3","55109","1"
"Walworth","0","3","Wisconsin","3/23/20","0","3","55127","1"
"Washington","2","15","Wisconsin","3/23/20","0","15","55131","1"
"Waukesha","4","31","Wisconsin","3/23/20","3","28","55133","933.33"
"Winnebago","0","5","Wisconsin","3/23/20","3","2","55139","66.67"
"Wood","0","1","Wisconsin","3/23/20","1","0","55141","0"
"Campbell","0","1","Wyoming","3/23/20","0","1","56005","1"
"Carbon","0","1","Wyoming","3/23/20","0","1","56007","1"
"Fremont","1","10","Wyoming","3/23/20","1","9","56013","900"
"Laramie","1","6","Wyoming","3/23/20","0","6","56021","1"
"Natrona","0","1","Wyoming","3/23/20","0","1","56025","1"
"Park","0","1","Wyoming","3/23/20","0","1","56029","1"
"Sheridan","0","4","Wyoming","3/23/20","1","3","56033","300"
"Teton","0","2","Wyoming","3/23/20","0","2","56039","1"
