"Locality","DailyAvgNewCasesPast7Days","TotalCases","State","Date","TotalCases7DaysAgo","NewCasesPast7Days","FIPS-Code","PercentIncreaseTotalCasesPast7Days"
"Autauga","1","4","Alabama","3/25/20","0","4","01001","1"
"Baldwin","0","4","Alabama","3/25/20","1","3","01003","300"
"Blount","0","1","Alabama","3/25/20","0","1","01009","1"
"Butler","0","1","Alabama","3/25/20","0","1","01013","1"
"Calhoun","0","2","Alabama","3/25/20","1","1","01015","100"
"Chambers","1","10","Alabama","3/25/20","0","10","01017","1"
"Cherokee","0","1","Alabama","3/25/20","0","1","01019","1"
"Chilton","0","1","Alabama","3/25/20","0","1","01021","1"
"Clay","0","1","Alabama","3/25/20","0","1","01027","1"
"Cleburne","0","1","Alabama","3/25/20","0","1","01029","1"
"Colbert","0","1","Alabama","3/25/20","0","1","01033","1"
"Cullman","1","4","Alabama","3/25/20","0","4","01043","1"
"Dallas","0","2","Alabama","3/25/20","0","2","01047","1"
"Elmore","1","9","Alabama","3/25/20","4","5","01051","125"
"Franklin","0","2","Alabama","3/25/20","0","2","01059","1"
"Houston","0","2","Alabama","3/25/20","0","2","01069","1"
"Jackson","0","2","Alabama","3/25/20","0","2","01071","1"
"Jefferson","15","129","Alabama","3/25/20","25","104","01073","416"
"Lamar","0","1","Alabama","3/25/20","0","1","01075","1"
"Lauderdale","1","6","Alabama","3/25/20","0","6","01077","1"
"Lee","5","40","Alabama","3/25/20","8","32","01081","400"
"Limestone","1","6","Alabama","3/25/20","1","5","01083","500"
"Madison","5","35","Alabama","3/25/20","1","34","01089","3400"
"Marion","0","3","Alabama","3/25/20","0","3","01093","1"
"Marshall","0","1","Alabama","3/25/20","0","1","01095","1"
"Mobile","1","10","Alabama","3/25/20","0","10","01097","1"
"Montgomery","2","13","Alabama","3/25/20","2","11","01101","550"
"Morgan","1","5","Alabama","3/25/20","0","5","01103","1"
"Pickens","0","1","Alabama","3/25/20","0","1","01107","1"
"Pike","0","1","Alabama","3/25/20","0","1","01109","1"
"Russell","0","1","Alabama","3/25/20","0","1","01113","1"
"Shelby","5","42","Alabama","3/25/20","4","38","01117","950"
"St. Clair","1","6","Alabama","3/25/20","1","5","01115","500"
"Talladega","0","3","Alabama","3/25/20","0","3","01121","1"
"Tallapoosa","1","4","Alabama","3/25/20","0","4","01123","1"
"Tuscaloosa","2","15","Alabama","3/25/20","3","12","01125","400"
"Walker","1","9","Alabama","3/25/20","0","9","01127","1"
"Washington","0","1","Alabama","3/25/20","0","1","01129","1"
"Wilcox","0","1","Alabama","3/25/20","0","1","01131","1"
"Anchorage","2","17","Alaska","3/25/20","2","15","02020","750"
"Fairbanks North Star","1","10","Alaska","3/25/20","3","7","02090","233.33"
"Juneau","0","2","Alaska","3/25/20","0","2","02110","1"
"Kenai Peninsula","1","4","Alaska","3/25/20","0","4","02122","1"
"Ketchikan Gateway","1","8","Alaska","3/25/20","0","8","02130","1"
"Apache","1","7","Arizona","3/25/20","0","7","04001","1"
"Cochise","0","1","Arizona","3/25/20","0","1","04003","1"
"Coconino","3","23","Arizona","3/25/20","0","23","04005","1"
"Graham","0","2","Arizona","3/25/20","1","1","04009","100"
"Maricopa","34","251","Arizona","3/25/20","11","240","04013","2181.82"
"Navajo","5","37","Arizona","3/25/20","2","35","04017","1750"
"Pima","6","49","Arizona","3/25/20","5","44","04019","880"
"Pinal","2","23","Arizona","3/25/20","8","15","04021","187.5"
"Santa Cruz","0","1","Arizona","3/25/20","0","1","04023","1"
"Yavapai","1","4","Arizona","3/25/20","0","4","04025","1"
"Yuma","0","3","Arizona","3/25/20","0","3","04027","1"
"Benton","0","1","Arkansas","3/25/20","0","1","05007","1"
"Boone","0","1","Arkansas","3/25/20","0","1","05009","1"
"Bradley","1","4","Arkansas","3/25/20","0","4","05011","1"
"Clark","2","12","Arkansas","3/25/20","0","12","05019","1"
"Cleburne","6","40","Arkansas","3/25/20","0","40","05023","1"
"Cleveland","0","3","Arkansas","3/25/20","0","3","05025","1"
"Columbia","0","1","Arkansas","3/25/20","0","1","05027","1"
"Conway","0","1","Arkansas","3/25/20","0","1","05029","1"
"Craighead","1","4","Arkansas","3/25/20","0","4","05031","1"
"Crawford","0","1","Arkansas","3/25/20","0","1","05033","1"
"Crittenden","1","6","Arkansas","3/25/20","0","6","05035","1"
"Cross","0","1","Arkansas","3/25/20","0","1","05037","1"
"Desha","0","2","Arkansas","3/25/20","0","2","05041","1"
"Faulkner","3","23","Arkansas","3/25/20","0","23","05045","1"
"Garland","2","16","Arkansas","3/25/20","0","16","05051","1"
"Grant","0","3","Arkansas","3/25/20","0","3","05053","1"
"Greene","0","1","Arkansas","3/25/20","0","1","05055","1"
"Hempstead","0","1","Arkansas","3/25/20","0","1","05057","1"
"Hot Spring","0","1","Arkansas","3/25/20","0","1","05059","1"
"Independence","0","3","Arkansas","3/25/20","0","3","05063","1"
"Jefferson","3","22","Arkansas","3/25/20","3","19","05069","633.33"
"Lincoln","0","2","Arkansas","3/25/20","0","2","05079","1"
"Pike","0","1","Arkansas","3/25/20","0","1","05109","1"
"Poinsett","0","3","Arkansas","3/25/20","0","3","05111","1"
"Polk","0","1","Arkansas","3/25/20","0","1","05113","1"
"Pope","0","1","Arkansas","3/25/20","0","1","05115","1"
"Pulaski","11","78","Arkansas","3/25/20","0","78","05119","1"
"Saline","1","4","Arkansas","3/25/20","0","4","05125","1"
"Searcy","0","2","Arkansas","3/25/20","0","2","05129","1"
"Sebastian","0","2","Arkansas","3/25/20","0","2","05131","1"
"Sevier","0","1","Arkansas","3/25/20","0","1","05133","1"
"Stone","0","1","Arkansas","3/25/20","0","1","05137","1"
"Union","0","1","Arkansas","3/25/20","0","1","05139","1"
"Van Buren","1","8","Arkansas","3/25/20","0","8","05141","1"
"Washington","1","6","Arkansas","3/25/20","1","5","05143","500"
"White","0","1","Arkansas","3/25/20","0","1","05145","1"
"Woodruff","0","1","Arkansas","3/25/20","0","1","05147","1"
"Alameda","15","135","California","3/25/20","30","105","06001","350"
"Amador","0","2","California","3/25/20","0","2","06005","1"
"Butte","1","4","California","3/25/20","0","4","06007","1"
"Calaveras","0","2","California","3/25/20","2","0","06009","0"
"Contra Costa","10","108","California","3/25/20","39","69","06013","176.92"
"El Dorado","0","3","California","3/25/20","0","3","06017","1"
"Fresno","2","18","California","3/25/20","2","16","06019","800"
"Humboldt","1","5","California","3/25/20","1","4","06023","400"
"Imperial","1","9","California","3/25/20","2","7","06025","350"
"Inyo","0","1","California","3/25/20","0","1","06027","1"
"Kern","2","15","California","3/25/20","1","14","06029","1400"
"Los Angeles","89","812","California","3/25/20","190","622","06037","327.37"
"Madera","1","6","California","3/25/20","1","5","06039","500"
"Marin","5","53","California","3/25/20","15","38","06041","253.33"
"Mendocino","0","2","California","3/25/20","0","2","06045","1"
"Merced","0","2","California","3/25/20","0","2","06047","1"
"Mono","1","4","California","3/25/20","0","4","06051","1"
"Monterey","3","24","California","3/25/20","2","22","06053","1100"
"Napa","0","2","California","3/25/20","0","2","06055","1"
"Nevada","0","4","California","3/25/20","1","3","06057","300"
"Orange","23","187","California","3/25/20","29","158","06059","544.83"
"Placer","3","30","California","3/25/20","9","21","06061","233.33"
"Riverside","7","68","California","3/25/20","16","52","06065","325"
"Sacramento","10","113","California","3/25/20","40","73","06067","182.5"
"San Benito","1","7","California","3/25/20","3","4","06069","133.33"
"San Bernardino","5","38","California","3/25/20","3","35","06071","1166.67"
"San Diego","25","238","California","3/25/20","60","178","06073","296.67"
"San Francisco","18","178","California","3/25/20","51","127","06075","249.02"
"San Joaquin","8","68","California","3/25/20","14","54","06077","385.71"
"San Luis Obispo","6","46","California","3/25/20","7","39","06079","557.14"
"San Mateo","12","165","California","3/25/20","80","85","06081","106.25"
"Santa Barbara","3","24","California","3/25/20","2","22","06083","1100"
"Santa Clara","41","459","California","3/25/20","175","284","06085","162.29"
"Santa Cruz","2","24","California","3/25/20","13","11","06087","84.62"
"Shasta","0","3","California","3/25/20","1","2","06089","200"
"Siskiyou","0","3","California","3/25/20","0","3","06093","1"
"Solano","2","24","California","3/25/20","8","16","06095","200"
"Sonoma","4","34","California","3/25/20","8","26","06097","325"
"Stanislaus","1","12","California","3/25/20","5","7","06099","140"
"Tulare","2","17","California","3/25/20","4","13","06107","325"
"Ventura","4","39","California","3/25/20","10","29","06111","290"
"Yolo","1","10","California","3/25/20","4","6","06113","150"
"Adams","4","38","Colorado","3/25/20","10","28","08001","280"
"Arapahoe","9","88","Colorado","3/25/20","22","66","08005","300"
"Boulder","6","51","Colorado","3/25/20","8","43","08013","537.5"
"Broomfield","1","8","Colorado","3/25/20","0","8","08014","1"
"Chaffee","0","3","Colorado","3/25/20","0","3","08015","1"
"Clear Creek","0","3","Colorado","3/25/20","2","1","08019","50"
"Crowley","0","1","Colorado","3/25/20","0","1","08025","1"
"Delta","0","1","Colorado","3/25/20","0","1","08029","1"
"Denver","24","214","Colorado","3/25/20","45","169","08031","375.56"
"Douglas","7","58","Colorado","3/25/20","11","47","08035","427.27"
"Eagle","12","120","Colorado","3/25/20","39","81","08037","207.69"
"El Paso","16","122","Colorado","3/25/20","8","114","08041","1425"
"Elbert","0","3","Colorado","3/25/20","0","3","08039","1"
"Fremont","0","1","Colorado","3/25/20","0","1","08043","1"
"Garfield","2","13","Colorado","3/25/20","2","11","08045","550"
"Grand","0","2","Colorado","3/25/20","0","2","08049","1"
"Gunnison","6","52","Colorado","3/25/20","11","41","08051","372.73"
"Hinsdale","0","1","Colorado","3/25/20","0","1","08053","1"
"Huerfano","0","1","Colorado","3/25/20","0","1","08055","1"
"Jefferson","10","93","Colorado","3/25/20","25","68","08059","272"
"La Plata","0","1","Colorado","3/25/20","0","1","08067","1"
"Larimer","6","45","Colorado","3/25/20","4","41","08069","1025"
"Logan","0","2","Colorado","3/25/20","0","2","08075","1"
"Mesa","1","6","Colorado","3/25/20","1","5","08077","500"
"Montrose","1","4","Colorado","3/25/20","0","4","08085","1"
"Morgan","0","3","Colorado","3/25/20","0","3","08087","1"
"Otero","0","1","Colorado","3/25/20","0","1","08089","1"
"Park","0","1","Colorado","3/25/20","0","1","08093","1"
"Pitkin","1","21","Colorado","3/25/20","11","10","08097","90.91"
"Pueblo","0","3","Colorado","3/25/20","1","2","08101","200"
"Routt","1","6","Colorado","3/25/20","2","4","08107","200"
"San Miguel","0","1","Colorado","3/25/20","0","1","08113","1"
"Summit","1","9","Colorado","3/25/20","4","5","08117","125"
"Teller","1","5","Colorado","3/25/20","0","5","08119","1"
"Weld","11","87","Colorado","3/25/20","9","78","08123","866.67"
"Yuma","0","1","Colorado","3/25/20","1","0","08125","0"
"Fairfield","68","546","Connecticut","3/25/20","69","477","09001","691.3"
"Hartford","15","116","Connecticut","3/25/20","11","105","09003","954.55"
"Litchfield","4","33","Connecticut","3/25/20","5","28","09005","560"
"Middlesex","2","15","Connecticut","3/25/20","1","14","09007","1400"
"New Haven","17","127","Connecticut","3/25/20","10","117","09009","1170"
"New London","1","9","Connecticut","3/25/20","0","9","09011","1"
"Tolland","4","27","Connecticut","3/25/20","0","27","09013","1"
"Windham","0","2","Connecticut","3/25/20","0","2","09015","1"
"Kent","2","14","Delaware","3/25/20","1","13","10001","1300"
"New Castle","9","79","Delaware","3/25/20","17","62","10003","364.71"
"Sussex","4","26","Delaware","3/25/20","1","25","10005","2500"
"","0","49","Diamond Princess","3/25/20","47","2",,"4.26"
"District of Columbia","22","187","District of Columbia","3/25/20","31","156","11001","503.23"
"Alachua","5","45","Florida","3/25/20","7","38","12001","542.86"
"Baker","1","5","Florida","3/25/20","0","5","12003","1"
"Bay","0","1","Florida","3/25/20","0","1","12005","1"
"Bradford","0","1","Florida","3/25/20","0","1","12007","1"
"Brevard","1","11","Florida","3/25/20","2","9","12009","450"
"Broward","40","355","Florida","3/25/20","72","283","12011","393.06"
"Charlotte","0","3","Florida","3/25/20","1","2","12015","200"
"Citrus","1","9","Florida","3/25/20","3","6","12017","200"
"Clay","1","13","Florida","3/25/20","4","9","12019","225"
"Collier","5","47","Florida","3/25/20","13","34","12021","261.54"
"Columbia","0","3","Florida","3/25/20","0","3","12023","1"
"DeSoto","0","1","Florida","3/25/20","0","1","12027","1"
"Duval","6","56","Florida","3/25/20","13","43","12031","330.77"
"Escambia","2","14","Florida","3/25/20","1","13","12033","1300"
"Flagler","1","5","Florida","3/25/20","0","5","12035","1"
"Gadsden","0","1","Florida","3/25/20","0","1","12039","1"
"Hernando","1","8","Florida","3/25/20","0","8","12053","1"
"Highlands","1","4","Florida","3/25/20","0","4","12055","1"
"Hillsborough","13","106","Florida","3/25/20","14","92","12057","657.14"
"Indian River","2","12","Florida","3/25/20","0","12","12061","1"
"Jackson","0","1","Florida","3/25/20","0","1","12063","1"
"Lake","2","18","Florida","3/25/20","2","16","12069","800"
"Lee","5","42","Florida","3/25/20","10","32","12071","320"
"Leon","1","8","Florida","3/25/20","0","8","12073","1"
"Manatee","2","22","Florida","3/25/20","8","14","12081","175"
"Marion","1","5","Florida","3/25/20","0","5","12083","1"
"Martin","1","4","Florida","3/25/20","0","4","12085","1"
"Miami-Dade","46","400","Florida","3/25/20","76","324","12086","426.32"
"Monroe","1","8","Florida","3/25/20","0","8","12087","1"
"Nassau","0","1","Florida","3/25/20","1","0","12089","0"
"Okaloosa","2","16","Florida","3/25/20","3","13","12091","433.33"
"Orange","10","77","Florida","3/25/20","9","68","12095","755.56"
"Osceola","4","35","Florida","3/25/20","8","27","12097","337.5"
"Palm Beach","14","118","Florida","3/25/20","19","99","12099","521.05"
"Pasco","2","17","Florida","3/25/20","3","14","12101","466.67"
"Pinellas","6","50","Florida","3/25/20","10","40","12103","400"
"Polk","2","14","Florida","3/25/20","1","13","12105","1300"
"Putnam","1","4","Florida","3/25/20","0","4","12107","1"
"Santa Rosa","1","7","Florida","3/25/20","0","7","12113","1"
"Sarasota","3","27","Florida","3/25/20","5","22","12115","440"
"Seminole","3","29","Florida","3/25/20","7","22","12117","314.29"
"St. Johns","3","26","Florida","3/25/20","4","22","12109","550"
"St. Lucie","1","8","Florida","3/25/20","0","8","12111","1"
"Sumter","2","13","Florida","3/25/20","1","12","12119","1200"
"Volusia","2","20","Florida","3/25/20","9","11","12127","122.22"
"Walton","2","12","Florida","3/25/20","0","12","12131","1"
"Appling","0","1","Georgia","3/25/20","0","1","13001","1"
"Baker","0","3","Georgia","3/25/20","0","3","13007","1"
"Baldwin","0","2","Georgia","3/25/20","0","2","13009","1"
"Barrow","0","2","Georgia","3/25/20","1","1","13013","100"
"Bartow","8","78","Georgia","3/25/20","19","59","13015","310.53"
"Ben Hill","0","1","Georgia","3/25/20","0","1","13017","1"
"Bibb","1","6","Georgia","3/25/20","0","6","13021","1"
"Bryan","0","2","Georgia","3/25/20","0","2","13029","1"
"Burke","0","1","Georgia","3/25/20","0","1","13033","1"
"Butts","0","2","Georgia","3/25/20","0","2","13035","1"
"Camden","0","1","Georgia","3/25/20","0","1","13039","1"
"Carroll","4","27","Georgia","3/25/20","0","27","13045","1"
"Catoosa","0","1","Georgia","3/25/20","0","1","13047","1"
"Charlton","0","1","Georgia","3/25/20","1","0","13049","0"
"Chatham","1","7","Georgia","3/25/20","0","7","13051","1"
"Chattooga","0","1","Georgia","3/25/20","0","1","13055","1"
"Cherokee","3","31","Georgia","3/25/20","9","22","13057","244.44"
"Clarke","2","19","Georgia","3/25/20","5","14","13059","280"
"Clayton","2","22","Georgia","3/25/20","6","16","13063","266.67"
"Clinch","0","1","Georgia","3/25/20","0","1","13065","1"
"Cobb","10","101","Georgia","3/25/20","28","73","13067","260.71"
"Coffee","0","2","Georgia","3/25/20","0","2","13069","1"
"Colquitt","0","2","Georgia","3/25/20","0","2","13071","1"
"Columbia","1","6","Georgia","3/25/20","1","5","13073","500"
"Coweta","1","10","Georgia","3/25/20","3","7","13077","233.33"
"Crisp","0","3","Georgia","3/25/20","0","3","13081","1"
"Dawson","0","1","Georgia","3/25/20","0","1","13085","1"
"Decatur","0","1","Georgia","3/25/20","0","1","13087","1"
"DeKalb","14","116","Georgia","3/25/20","18","98","13089","544.44"
"Dodge","0","1","Georgia","3/25/20","0","1","13091","1"
"Dougherty","15","109","Georgia","3/25/20","7","102","13095","1457.14"
"Douglas","2","17","Georgia","3/25/20","0","17","13097","1"
"Early","1","5","Georgia","3/25/20","0","5","13099","1"
"Effingham","0","3","Georgia","3/25/20","0","3","13103","1"
"Fannin","0","1","Georgia","3/25/20","0","1","13111","1"
"Fayette","1","12","Georgia","3/25/20","8","4","13113","50"
"Floyd","1","14","Georgia","3/25/20","6","8","13115","133.33"
"Forsyth","1","9","Georgia","3/25/20","2","7","13117","350"
"Fulton","21","198","Georgia","3/25/20","49","149","13121","304.08"
"Glynn","1","5","Georgia","3/25/20","0","5","13127","1"
"Gordon","1","8","Georgia","3/25/20","3","5","13129","166.67"
"Greene","0","2","Georgia","3/25/20","0","2","13133","1"
"Gwinnett","6","48","Georgia","3/25/20","7","41","13135","585.71"
"Hall","2","19","Georgia","3/25/20","3","16","13139","533.33"
"Harris","0","1","Georgia","3/25/20","0","1","13145","1"
"Heard","0","1","Georgia","3/25/20","0","1","13149","1"
"Henry","2","13","Georgia","3/25/20","2","11","13151","550"
"Houston","1","5","Georgia","3/25/20","1","4","13153","400"
"Irwin","0","2","Georgia","3/25/20","0","2","13155","1"
"Jackson","0","1","Georgia","3/25/20","0","1","13157","1"
"Jasper","0","2","Georgia","3/25/20","0","2","13159","1"
"Jones","0","1","Georgia","3/25/20","0","1","13169","1"
"Lamar","0","3","Georgia","3/25/20","0","3","13171","1"
"Laurens","1","6","Georgia","3/25/20","0","6","13175","1"
"Lee","3","25","Georgia","3/25/20","2","23","13177","1150"
"Liberty","0","1","Georgia","3/25/20","0","1","13179","1"
"Lincoln","0","1","Georgia","3/25/20","0","1","13181","1"
"Lowndes","1","11","Georgia","3/25/20","5","6","13185","120"
"Lumpkin","0","3","Georgia","3/25/20","0","3","13187","1"
"Macon","0","1","Georgia","3/25/20","0","1","13193","1"
"Madison","0","1","Georgia","3/25/20","0","1","13195","1"
"Meriwether","0","1","Georgia","3/25/20","0","1","13199","1"
"Miller","0","2","Georgia","3/25/20","0","2","13201","1"
"Mitchell","1","4","Georgia","3/25/20","0","4","13205","1"
"Monroe","0","3","Georgia","3/25/20","0","3","13207","1"
"Morgan","0","1","Georgia","3/25/20","0","1","13211","1"
"Muscogee","1","4","Georgia","3/25/20","0","4","13215","1"
"Newton","1","7","Georgia","3/25/20","3","4","13217","133.33"
"Oconee","1","5","Georgia","3/25/20","0","5","13219","1"
"Paulding","0","6","Georgia","3/25/20","3","3","13223","100"
"Peach","1","4","Georgia","3/25/20","0","4","13225","1"
"Pickens","1","4","Georgia","3/25/20","0","4","13227","1"
"Pierce","0","1","Georgia","3/25/20","0","1","13229","1"
"Polk","1","8","Georgia","3/25/20","1","7","13233","700"
"Pulaski","0","1","Georgia","3/25/20","0","1","13235","1"
"Randolph","0","1","Georgia","3/25/20","0","1","13243","1"
"Richmond","1","11","Georgia","3/25/20","1","10","13245","1000"
"Rockdale","1","9","Georgia","3/25/20","0","9","13247","1"
"Seminole","0","2","Georgia","3/25/20","0","2","13253","1"
"Spalding","1","6","Georgia","3/25/20","0","6","13255","1"
"Stephens","0","2","Georgia","3/25/20","0","2","13257","1"
"Sumter","1","5","Georgia","3/25/20","0","5","13261","1"
"Tattnall","0","1","Georgia","3/25/20","0","1","13267","1"
"Taylor","0","1","Georgia","3/25/20","0","1","13269","1"
"Telfair","0","1","Georgia","3/25/20","0","1","13271","1"
"Terrell","0","3","Georgia","3/25/20","0","3","13273","1"
"Thomas","0","1","Georgia","3/25/20","0","1","13275","1"
"Tift","1","5","Georgia","3/25/20","0","5","13277","1"
"Troup","1","6","Georgia","3/25/20","2","4","13285","200"
"Turner","0","1","Georgia","3/25/20","0","1","13287","1"
"Twiggs","0","2","Georgia","3/25/20","0","2","13289","1"
"Walton","0","1","Georgia","3/25/20","0","1","13297","1"
"Washington","0","2","Georgia","3/25/20","0","2","13303","1"
"White","0","1","Georgia","3/25/20","0","1","13311","1"
"Whitfield","0","4","Georgia","3/25/20","1","3","13313","300"
"Wilkes","0","1","Georgia","3/25/20","0","1","13317","1"
"Worth","1","4","Georgia","3/25/20","0","4","13321","1"
"","1","28","Grand Princess","3/25/20","21","7",,"33.33"
"","5","37","Guam","3/25/20","5","32",,"640"
"Hawaii","0","2","Hawaii","3/25/20","0","2","15001","1"
"Honolulu","7","58","Hawaii","3/25/20","10","48","15003","480"
"Kauai","0","1","Hawaii","3/25/20","2","-1","15007","-50"
"Maui","1","9","Hawaii","3/25/20","3","6","15009","200"
"Ada","3","24","Idaho","3/25/20","3","21","16001","700"
"Bannock","0","2","Idaho","3/25/20","0","2","16005","1"
"Bingham","0","2","Idaho","3/25/20","0","2","16011","1"
"Blaine","5","40","Idaho","3/25/20","4","36","16013","900"
"Canyon","1","5","Idaho","3/25/20","0","5","16027","1"
"Cassia","0","1","Idaho","3/25/20","0","1","16031","1"
"Jefferson","0","2","Idaho","3/25/20","0","2","16051","1"
"Kootenai","1","8","Idaho","3/25/20","0","8","16055","1"
"Madison","0","2","Idaho","3/25/20","1","1","16065","100"
"Nez Perce","0","1","Idaho","3/25/20","0","1","16069","1"
"Teton","0","2","Idaho","3/25/20","1","1","16081","100"
"Twin Falls","0","1","Idaho","3/25/20","0","1","16083","1"
"Valley","0","1","Idaho","3/25/20","0","1","16085","1"
"Adams","0","1","Illinois","3/25/20","0","1","17001","1"
"Champaign","0","4","Illinois","3/25/20","1","3","17019","300"
"Christian","0","1","Illinois","3/25/20","0","1","17021","1"
"Clinton","0","4","Illinois","3/25/20","3","1","17027","33.33"
"Cook","177","1418","Illinois","3/25/20","178","1240","17031","696.63"
"Cumberland","0","1","Illinois","3/25/20","1","0","17035","0"
"DeKalb","0","1","Illinois","3/25/20","0","1","17037","1"
"Douglas","0","1","Illinois","3/25/20","0","1","17041","1"
"DuPage","12","131","Illinois","3/25/20","45","86","17043","191.11"
"Grundy","0","1","Illinois","3/25/20","0","1","17063","1"
"Jackson","0","1","Illinois","3/25/20","0","1","17077","1"
"Jo Daviess","0","1","Illinois","3/25/20","0","1","17085","1"
"Kane","5","38","Illinois","3/25/20","4","34","17089","850"
"Kankakee","1","6","Illinois","3/25/20","0","6","17091","1"
"Kendall","1","6","Illinois","3/25/20","2","4","17093","200"
"Lake","17","139","Illinois","3/25/20","18","121","17097","672.22"
"LaSalle","0","3","Illinois","3/25/20","0","3","17099","1"
"Livingston","0","1","Illinois","3/25/20","0","1","17105","1"
"Logan","0","1","Illinois","3/25/20","0","1","17107","1"
"Madison","0","3","Illinois","3/25/20","1","2","17119","200"
"Marshall","0","1","Illinois","3/25/20","0","1","17123","1"
"McHenry","2","19","Illinois","3/25/20","4","15","17111","375"
"McLean","1","7","Illinois","3/25/20","0","7","17113","1"
"Monroe","0","2","Illinois","3/25/20","0","2","17133","1"
"Peoria","0","4","Illinois","3/25/20","3","1","17143","33.33"
"Rock Island","0","3","Illinois","3/25/20","0","3","17161","1"
"Sangamon","0","5","Illinois","3/25/20","3","2","17167","66.67"
"St. Clair","1","7","Illinois","3/25/20","3","4","17163","133.33"
"Stephenson","0","1","Illinois","3/25/20","0","1","17177","1"
"Washington","0","1","Illinois","3/25/20","0","1","17189","1"
"Whiteside","0","1","Illinois","3/25/20","1","0","17195","0"
"Will","5","40","Illinois","3/25/20","3","37","17197","1233.33"
"Winnebago","1","7","Illinois","3/25/20","1","6","17201","600"
"Woodford","0","3","Illinois","3/25/20","1","2","17203","200"
"Adams","0","1","Indiana","3/25/20","1","0","18001","0"
"Allen","1","7","Indiana","3/25/20","0","7","18003","1"
"Bartholomew","1","5","Indiana","3/25/20","1","4","18005","400"
"Boone","0","4","Indiana","3/25/20","1","3","18011","300"
"Brown","0","1","Indiana","3/25/20","0","1","18013","1"
"Clark","1","6","Indiana","3/25/20","1","5","18019","500"
"Dearborn","0","2","Indiana","3/25/20","0","2","18029","1"
"Decatur","1","7","Indiana","3/25/20","0","7","18031","1"
"DeKalb","0","1","Indiana","3/25/20","0","1","18033","1"
"Delaware","1","7","Indiana","3/25/20","0","7","18035","1"
"Dubois","0","1","Indiana","3/25/20","0","1","18037","1"
"Elkhart","1","5","Indiana","3/25/20","0","5","18039","1"
"Fayette","0","3","Indiana","3/25/20","1","2","18041","200"
"Floyd","1","6","Indiana","3/25/20","1","5","18043","500"
"Franklin","1","7","Indiana","3/25/20","2","5","18047","250"
"Gibson","0","2","Indiana","3/25/20","0","2","18051","1"
"Grant","0","3","Indiana","3/25/20","0","3","18053","1"
"Hamilton","4","30","Indiana","3/25/20","2","28","18057","1400"
"Hancock","1","8","Indiana","3/25/20","0","8","18059","1"
"Harrison","0","2","Indiana","3/25/20","0","2","18061","1"
"Hendricks","2","15","Indiana","3/25/20","4","11","18063","275"
"Howard","1","6","Indiana","3/25/20","2","4","18067","200"
"Jackson","0","1","Indiana","3/25/20","0","1","18071","1"
"Jasper","0","1","Indiana","3/25/20","0","1","18073","1"
"Jennings","0","3","Indiana","3/25/20","1","2","18079","200"
"Johnson","3","24","Indiana","3/25/20","3","21","18081","700"
"Lake","2","19","Indiana","3/25/20","3","16","18089","533.33"
"LaPorte","0","2","Indiana","3/25/20","1","1","18091","100"
"Lawrence","0","1","Indiana","3/25/20","0","1","18093","1"
"Madison","1","4","Indiana","3/25/20","0","4","18095","1"
"Marion","31","226","Indiana","3/25/20","11","215","18097","1954.55"
"Miami","0","1","Indiana","3/25/20","0","1","18103","1"
"Monroe","1","4","Indiana","3/25/20","0","4","18105","1"
"Montgomery","0","1","Indiana","3/25/20","0","1","18107","1"
"Morgan","1","5","Indiana","3/25/20","0","5","18109","1"
"Noble","0","1","Indiana","3/25/20","1","0","18113","0"
"Ohio","0","1","Indiana","3/25/20","0","1","18115","1"
"Owen","1","4","Indiana","3/25/20","0","4","18119","1"
"Porter","0","3","Indiana","3/25/20","0","3","18127","1"
"Putnam","0","2","Indiana","3/25/20","0","2","18133","1"
"Ripley","1","7","Indiana","3/25/20","0","7","18137","1"
"Rush","0","1","Indiana","3/25/20","0","1","18139","1"
"Scott","0","1","Indiana","3/25/20","0","1","18143","1"
"Shelby","0","2","Indiana","3/25/20","0","2","18145","1"
"St. Joseph","3","19","Indiana","3/25/20","1","18","18141","1800"
"Starke","0","1","Indiana","3/25/20","0","1","18149","1"
"Sullivan","0","1","Indiana","3/25/20","0","1","18153","1"
"Tippecanoe","1","4","Indiana","3/25/20","0","4","18157","1"
"Tipton","0","2","Indiana","3/25/20","0","2","18159","1"
"Vanderburgh","0","1","Indiana","3/25/20","0","1","18163","1"
"Vigo","0","3","Indiana","3/25/20","0","3","18167","1"
"Washington","0","2","Indiana","3/25/20","0","2","18175","1"
"Wells","0","1","Indiana","3/25/20","1","0","18179","0"
"Adair","0","1","Iowa","3/25/20","1","0","19001","0"
"Allamakee","1","7","Iowa","3/25/20","2","5","19005","250"
"Benton","0","2","Iowa","3/25/20","0","2","19011","1"
"Black Hawk","0","4","Iowa","3/25/20","1","3","19013","300"
"Buchanan","0","1","Iowa","3/25/20","0","1","19019","1"
"Carroll","0","1","Iowa","3/25/20","1","0","19027","0"
"Cedar","0","1","Iowa","3/25/20","0","1","19031","1"
"Cerro Gordo","0","2","Iowa","3/25/20","0","2","19033","1"
"Dallas","0","7","Iowa","3/25/20","5","2","19049","40"
"Des Moines","0","1","Iowa","3/25/20","0","1","19057","1"
"Dubuque","1","6","Iowa","3/25/20","0","6","19061","1"
"Fayette","0","1","Iowa","3/25/20","0","1","19065","1"
"Hancock","0","3","Iowa","3/25/20","0","3","19081","1"
"Harrison","0","3","Iowa","3/25/20","1","2","19085","200"
"Henry","0","1","Iowa","3/25/20","0","1","19087","1"
"Jasper","0","1","Iowa","3/25/20","0","1","19099","1"
"Johnson","3","43","Iowa","3/25/20","21","22","19103","104.76"
"Kossuth","0","1","Iowa","3/25/20","0","1","19109","1"
"Linn","1","7","Iowa","3/25/20","0","7","19113","1"
"Muscatine","1","6","Iowa","3/25/20","0","6","19139","1"
"Polk","2","20","Iowa","3/25/20","3","17","19153","566.67"
"Pottawattamie","0","2","Iowa","3/25/20","1","1","19155","100"
"Poweshiek","1","4","Iowa","3/25/20","0","4","19157","1"
"Scott","0","3","Iowa","3/25/20","0","3","19163","1"
"Sioux","0","1","Iowa","3/25/20","0","1","19167","1"
"Story","0","2","Iowa","3/25/20","0","2","19169","1"
"Tama","1","4","Iowa","3/25/20","0","4","19171","1"
"Wapello","0","1","Iowa","3/25/20","0","1","19179","1"
"Warren","0","1","Iowa","3/25/20","0","1","19181","1"
"Washington","1","6","Iowa","3/25/20","1","5","19183","500"
"Winneshiek","0","1","Iowa","3/25/20","1","0","19191","0"
"Woodbury","0","2","Iowa","3/25/20","0","2","19193","1"
"Bourbon","0","1","Kansas","3/25/20","0","1","20011","1"
"Butler","0","3","Kansas","3/25/20","1","2","20015","200"
"Cherokee","0","2","Kansas","3/25/20","0","2","20021","1"
"Crawford","0","2","Kansas","3/25/20","0","2","20037","1"
"Doniphan","0","1","Kansas","3/25/20","0","1","20043","1"
"Douglas","1","10","Kansas","3/25/20","1","9","20045","900"
"Ford","0","0","Kansas","3/25/20","1","-1","20057","-100"
"Franklin","0","1","Kansas","3/25/20","1","0","20059","0"
"Jackson","0","1","Kansas","3/25/20","0","1","20085","1"
"Johnson","5","44","Kansas","3/25/20","12","32","20091","266.67"
"Leavenworth","1","11","Kansas","3/25/20","2","9","20103","450"
"Linn","1","4","Kansas","3/25/20","0","4","20107","1"
"Lyon","1","4","Kansas","3/25/20","0","4","20111","1"
"Mitchell","0","2","Kansas","3/25/20","0","2","20123","1"
"Morris","0","2","Kansas","3/25/20","0","2","20127","1"
"Neosho","0","1","Kansas","3/25/20","0","1","20133","1"
"Pottawatomie","0","1","Kansas","3/25/20","0","1","20149","1"
"Reno","0","2","Kansas","3/25/20","0","2","20155","1"
"Sedgwick","2","11","Kansas","3/25/20","0","11","20173","1"
"Shawnee","0","3","Kansas","3/25/20","0","3","20177","1"
"Woodson","0","1","Kansas","3/25/20","0","1","20207","1"
"Wyandotte","3","27","Kansas","3/25/20","4","23","20209","575"
"Allen","0","1","Kentucky","3/25/20","0","1","21003","1"
"Anderson","0","2","Kentucky","3/25/20","0","2","21005","1"
"Boone","0","1","Kentucky","3/25/20","0","1","21015","1"
"Bourbon","0","2","Kentucky","3/25/20","1","1","21017","100"
"Breathitt","0","2","Kentucky","3/25/20","0","2","21025","1"
"Calloway","0","1","Kentucky","3/25/20","0","1","21035","1"
"Campbell","0","1","Kentucky","3/25/20","0","1","21037","1"
"Christian","0","2","Kentucky","3/25/20","0","2","21047","1"
"Clark","0","2","Kentucky","3/25/20","1","1","21049","100"
"Daviess","2","14","Kentucky","3/25/20","0","14","21059","1"
"Fayette","3","28","Kentucky","3/25/20","8","20","21067","250"
"Franklin","0","2","Kentucky","3/25/20","0","2","21073","1"
"Hardin","0","2","Kentucky","3/25/20","0","2","21093","1"
"Harrison","1","10","Kentucky","3/25/20","6","4","21097","66.67"
"Henderson","0","2","Kentucky","3/25/20","0","2","21101","1"
"Jefferson","4","35","Kentucky","3/25/20","8","27","21111","337.5"
"Jessamine","0","1","Kentucky","3/25/20","0","1","21113","1"
"Kenton","1","8","Kentucky","3/25/20","0","8","21117","1"
"Laurel","0","1","Kentucky","3/25/20","0","1","21125","1"
"Logan","0","1","Kentucky","3/25/20","0","1","21141","1"
"Lyon","0","1","Kentucky","3/25/20","1","0","21143","0"
"Madison","0","2","Kentucky","3/25/20","0","2","21151","1"
"Martin","0","1","Kentucky","3/25/20","0","1","21159","1"
"McCracken","0","2","Kentucky","3/25/20","0","2","21145","1"
"Menifee","0","1","Kentucky","3/25/20","0","1","21165","1"
"Montgomery","0","2","Kentucky","3/25/20","2","0","21173","0"
"Muhlenberg","0","2","Kentucky","3/25/20","0","2","21177","1"
"Nelson","0","1","Kentucky","3/25/20","1","0","21179","0"
"Oldham","0","1","Kentucky","3/25/20","0","1","21185","1"
"Pulaski","0","3","Kentucky","3/25/20","0","3","21199","1"
"Scott","0","1","Kentucky","3/25/20","0","1","21209","1"
"Simpson","0","1","Kentucky","3/25/20","0","1","21213","1"
"Spencer","0","1","Kentucky","3/25/20","0","1","21215","1"
"Warren","1","5","Kentucky","3/25/20","0","5","21227","1"
"Webster","0","1","Kentucky","3/25/20","0","1","21233","1"
"Acadia","0","2","Louisiana","3/25/20","0","2","22001","1"
"Allen","0","2","Louisiana","3/25/20","0","2","22003","1"
"Ascension","9","65","Louisiana","3/25/20","1","64","22005","6400"
"Assumption","0","2","Louisiana","3/25/20","0","2","22007","1"
"Avoyelles","1","5","Louisiana","3/25/20","0","5","22009","1"
"Beauregard","0","3","Louisiana","3/25/20","0","3","22011","1"
"Bienville","0","1","Louisiana","3/25/20","0","1","22013","1"
"Bossier","3","25","Louisiana","3/25/20","1","24","22015","2400"
"Caddo","13","93","Louisiana","3/25/20","5","88","22017","1760"
"Calcasieu","2","11","Louisiana","3/25/20","0","11","22019","1"
"Catahoula","0","1","Louisiana","3/25/20","0","1","22025","1"
"Claiborne","0","2","Louisiana","3/25/20","0","2","22027","1"
"De Soto","1","8","Louisiana","3/25/20","0","8","22031","1"
"East Baton Rouge","10","75","Louisiana","3/25/20","2","73","22033","3650"
"Evangeline","0","2","Louisiana","3/25/20","0","2","22039","1"
"Grant","0","1","Louisiana","3/25/20","0","1","22043","1"
"Iberia","0","2","Louisiana","3/25/20","0","2","22045","1"
"Iberville","2","14","Louisiana","3/25/20","0","14","22047","1"
"Jackson","0","1","Louisiana","3/25/20","0","1","22049","1"
"Jefferson","46","359","Louisiana","3/25/20","40","319","22051","797.5"
"Jefferson Davis","0","1","Louisiana","3/25/20","0","1","22053","1"
"Lafayette","3","20","Louisiana","3/25/20","0","20","22055","1"
"Lafourche","2","18","Louisiana","3/25/20","3","15","22057","500"
"Lincoln","0","2","Louisiana","3/25/20","0","2","22061","1"
"Livingston","1","6","Louisiana","3/25/20","0","6","22063","1"
"Morehouse","0","1","Louisiana","3/25/20","0","1","22067","1"
"Natchitoches","0","2","Louisiana","3/25/20","0","2","22069","1"
"Orleans","91","827","Louisiana","3/25/20","187","640","22071","342.25"
"Ouachita","1","10","Louisiana","3/25/20","0","10","22073","1"
"Plaquemines","1","9","Louisiana","3/25/20","0","9","22075","1"
"Rapides","2","14","Louisiana","3/25/20","0","14","22079","1"
"Richland","0","1","Louisiana","3/25/20","0","1","22083","1"
"St. Bernard","3","23","Louisiana","3/25/20","2","21","22087","1050"
"St. Charles","2","17","Louisiana","3/25/20","3","14","22089","466.67"
"St. James","2","14","Louisiana","3/25/20","0","14","22093","1"
"St. John the Baptist","4","27","Louisiana","3/25/20","1","26","22095","2600"
"St. Landry","1","4","Louisiana","3/25/20","0","4","22097","1"
"St. Martin","0","1","Louisiana","3/25/20","0","1","22099","1"
"St. Mary","1","5","Louisiana","3/25/20","0","5","22101","1"
"St. Tammany","8","67","Louisiana","3/25/20","8","59","22103","737.5"
"Tangipahoa","1","5","Louisiana","3/25/20","0","5","22105","1"
"Terrebonne","2","15","Louisiana","3/25/20","3","12","22109","400"
"Union","0","2","Louisiana","3/25/20","0","2","22111","1"
"Vernon","0","2","Louisiana","3/25/20","0","2","22115","1"
"Washington","0","4","Louisiana","3/25/20","1","3","22117","300"
"Webster","1","5","Louisiana","3/25/20","0","5","22119","1"
"West Baton Rouge","1","7","Louisiana","3/25/20","0","7","22121","1"
"Winn","0","1","Louisiana","3/25/20","0","1","22127","1"
"Androscoggin","0","4","Maine","3/25/20","3","1","23001","33.33"
"Cumberland","9","87","Maine","3/25/20","24","63","23005","262.5"
"Kennebec","1","5","Maine","3/25/20","1","4","23011","400"
"Knox","0","1","Maine","3/25/20","0","1","23013","1"
"Lincoln","0","5","Maine","3/25/20","3","2","23015","66.67"
"Oxford","1","6","Maine","3/25/20","1","5","23017","500"
"Penobscot","0","4","Maine","3/25/20","1","3","23019","300"
"Sagadahoc","1","4","Maine","3/25/20","0","4","23023","1"
"Waldo","0","1","Maine","3/25/20","0","1","23027","1"
"York","3","23","Maine","3/25/20","2","21","23031","1050"
"Anne Arundel","4","31","Maryland","3/25/20","4","27","24003","675"
"Baltimore","6","51","Maryland","3/25/20","10","41","24005","410"
"Baltimore City","7","53","Maryland","3/25/20","4","49","24510","1225"
"Calvert","0","3","Maryland","3/25/20","0","3","24009","1"
"Caroline","0","1","Maryland","3/25/20","0","1","24011","1"
"Carroll","1","5","Maryland","3/25/20","1","4","24013","400"
"Cecil","1","4","Maryland","3/25/20","0","4","24015","1"
"Charles","1","8","Maryland","3/25/20","2","6","24017","300"
"Frederick","1","7","Maryland","3/25/20","1","6","24021","600"
"Garrett","0","3","Maryland","3/25/20","0","3","24023","1"
"Harford","0","5","Maryland","3/25/20","3","2","24025","66.67"
"Howard","4","35","Maryland","3/25/20","8","27","24027","337.5"
"Kent","0","1","Maryland","3/25/20","0","1","24029","1"
"Montgomery","14","127","Maryland","3/25/20","31","96","24031","309.68"
"Prince George's","8","76","Maryland","3/25/20","20","56","24033","280"
"Queen Anne's","0","1","Maryland","3/25/20","0","1","24035","1"
"Somerset","0","1","Maryland","3/25/20","0","1","24039","1"
"St. Mary's","0","2","Maryland","3/25/20","0","2","24037","1"
"Talbot","0","1","Maryland","3/25/20","1","0","24041","0"
"Washington","1","4","Maryland","3/25/20","0","4","24043","1"
"Wicomico","1","4","Maryland","3/25/20","0","4","24045","1"
"Worcester","0","2","Maryland","3/25/20","0","2","24047","1"
"Barnstable","7","51","Massachusetts","3/25/20","2","49","25001","2450"
"Berkshire","8","71","Massachusetts","3/25/20","17","54","25003","317.65"
"Bristol","9","67","Massachusetts","3/25/20","5","62","25005","1240"
"Dukes and Nantucket","0","3","Massachusetts","3/25/20","0","3","00000","1"
"Essex","23","177","Massachusetts","3/25/20","14","163","25009","1164.29"
"Franklin","2","14","Massachusetts","3/25/20","1","13","25011","1300"
"Hampden","6","45","Massachusetts","3/25/20","2","43","25013","2150"
"Hampshire","2","11","Massachusetts","3/25/20","0","11","25015","1"
"Middlesex","49","446","Massachusetts","3/25/20","100","346","25017","346"
"Norfolk","25","222","Massachusetts","3/25/20","45","177","25021","393.33"
"Plymouth","14","101","Massachusetts","3/25/20","5","96","25023","1920"
"Suffolk","42","342","Massachusetts","3/25/20","51","291","25025","570.59"
"Worcester","17","129","Massachusetts","3/25/20","10","119","25027","1190"
"Allegan","0","1","Michigan","3/25/20","0","1","26005","1"
"Antrim","0","1","Michigan","3/25/20","0","1","26009","1"
"Barry","0","1","Michigan","3/25/20","0","1","26015","1"
"Bay","1","5","Michigan","3/25/20","1","4","26017","400"
"Berrien","4","36","Michigan","3/25/20","6","30","26021","500"
"Calhoun","1","7","Michigan","3/25/20","0","7","26025","1"
"Cass","0","2","Michigan","3/25/20","0","2","26027","1"
"Charlevoix","0","4","Michigan","3/25/20","1","3","26029","300"
"Chippewa","0","1","Michigan","3/25/20","0","1","26033","1"
"Clare","0","1","Michigan","3/25/20","0","1","26035","1"
"Clinton","1","6","Michigan","3/25/20","0","6","26037","1"
"Eaton","0","3","Michigan","3/25/20","0","3","26045","1"
"Emmet","0","2","Michigan","3/25/20","0","2","26047","1"
"Genesee","7","48","Michigan","3/25/20","0","48","26049","1"
"Gladwin","0","2","Michigan","3/25/20","0","2","26051","1"
"Grand Traverse","0","3","Michigan","3/25/20","0","3","26055","1"
"Hillsdale","0","2","Michigan","3/25/20","0","2","26059","1"
"Ingham","2","21","Michigan","3/25/20","8","13","26065","162.5"
"Iosco","0","1","Michigan","3/25/20","0","1","26069","1"
"Isabella","0","2","Michigan","3/25/20","0","2","26073","1"
"Jackson","2","15","Michigan","3/25/20","2","13","26075","650"
"Kalamazoo","1","6","Michigan","3/25/20","0","6","26077","1"
"Kalkaska","0","2","Michigan","3/25/20","0","2","26079","1"
"Kent","4","36","Michigan","3/25/20","5","31","26081","620"
"Lapeer","0","1","Michigan","3/25/20","0","1","26087","1"
"Leelanau","0","1","Michigan","3/25/20","1","0","26089","0"
"Lenawee","0","3","Michigan","3/25/20","0","3","26091","1"
"Livingston","3","22","Michigan","3/25/20","1","21","26093","2100"
"Luce","0","1","Michigan","3/25/20","0","1","26095","1"
"Macomb","39","282","Michigan","3/25/20","10","272","26099","2720"
"Manistee","0","1","Michigan","3/25/20","0","1","26101","1"
"Marquette","0","1","Michigan","3/25/20","0","1","26103","1"
"Midland","1","11","Michigan","3/25/20","2","9","26111","450"
"Monroe","2","18","Michigan","3/25/20","1","17","26115","1700"
"Montcalm","0","2","Michigan","3/25/20","1","1","26117","100"
"Muskegon","0","3","Michigan","3/25/20","0","3","26121","1"
"Newaygo","0","2","Michigan","3/25/20","0","2","26123","1"
"Oakland","80","643","Michigan","3/25/20","82","561","26125","684.15"
"Ogemaw","0","1","Michigan","3/25/20","0","1","26129","1"
"Otsego","1","6","Michigan","3/25/20","1","5","26137","500"
"Ottawa","2","18","Michigan","3/25/20","2","16","26139","800"
"Out of MI","1","7","Michigan","3/25/20","0","7","80026","1"
"Roscommon","0","1","Michigan","3/25/20","0","1","26143","1"
"Saginaw","1","9","Michigan","3/25/20","0","9","26145","1"
"Sanilac","0","2","Michigan","3/25/20","0","2","26151","1"
"St. Clair","1","12","Michigan","3/25/20","2","10","26147","500"
"Tuscola","0","2","Michigan","3/25/20","0","2","26157","1"
"Van Buren","0","2","Michigan","3/25/20","0","2","26159","1"
"Washtenaw","11","83","Michigan","3/25/20","9","74","26161","822.22"
"Wayne","157","1125","Michigan","3/25/20","24","1101","26163","4587.5"
"Wexford","0","1","Michigan","3/25/20","0","1","26165","1"
"Anoka","1","7","Minnesota","3/25/20","3","4","27003","133.33"
"Benton","0","1","Minnesota","3/25/20","1","0","27009","0"
"Big Stone","0","1","Minnesota","3/25/20","0","1","27011","1"
"Blue Earth","0","5","Minnesota","3/25/20","2","3","27013","150"
"Carver","1","8","Minnesota","3/25/20","2","6","27019","300"
"Cass","0","1","Minnesota","3/25/20","0","1","27021","1"
"Chisago","0","2","Minnesota","3/25/20","0","2","27025","1"
"Clay","0","3","Minnesota","3/25/20","0","3","27027","1"
"Dakota","2","21","Minnesota","3/25/20","8","13","27037","162.5"
"Dodge","0","3","Minnesota","3/25/20","0","3","27039","1"
"Fillmore","0","3","Minnesota","3/25/20","0","3","27045","1"
"Goodhue","0","1","Minnesota","3/25/20","0","1","27049","1"
"Hennepin","12","111","Minnesota","3/25/20","28","83","27053","296.43"
"Jackson","0","1","Minnesota","3/25/20","0","1","27063","1"
"Le Sueur","1","6","Minnesota","3/25/20","0","6","27079","1"
"Martin","1","10","Minnesota","3/25/20","2","8","27091","400"
"Mower","1","6","Minnesota","3/25/20","0","6","27099","1"
"Nicollet","0","3","Minnesota","3/25/20","2","1","27103","50"
"Olmsted","2","21","Minnesota","3/25/20","6","15","27109","250"
"Ramsey","2","27","Minnesota","3/25/20","12","15","27123","125"
"Renville","0","1","Minnesota","3/25/20","1","0","27129","0"
"Rice","0","2","Minnesota","3/25/20","0","2","27131","1"
"Scott","1","6","Minnesota","3/25/20","1","5","27139","500"
"Sherburne","0","1","Minnesota","3/25/20","0","1","27141","1"
"St. Louis","0","3","Minnesota","3/25/20","0","3","27137","1"
"Stearns","0","5","Minnesota","3/25/20","3","2","27145","66.67"
"Steele","1","5","Minnesota","3/25/20","0","5","27147","1"
"Wabasha","0","3","Minnesota","3/25/20","0","3","27157","1"
"Waseca","0","1","Minnesota","3/25/20","1","0","27161","0"
"Washington","1","13","Minnesota","3/25/20","3","10","27163","333.33"
"Winona","0","2","Minnesota","3/25/20","0","2","27169","1"
"Wright","0","3","Minnesota","3/25/20","2","1","27171","50"
"Adams","0","2","Mississippi","3/25/20","0","2","28001","1"
"Amite","0","1","Mississippi","3/25/20","0","1","28005","1"
"Attala","1","4","Mississippi","3/25/20","0","4","28007","1"
"Bolivar","0","4","Mississippi","3/25/20","2","2","28011","100"
"Calhoun","0","1","Mississippi","3/25/20","0","1","28013","1"
"Chickasaw","1","6","Mississippi","3/25/20","0","6","28017","1"
"Choctaw","0","3","Mississippi","3/25/20","0","3","28019","1"
"Clay","0","1","Mississippi","3/25/20","0","1","28025","1"
"Coahoma","1","11","Mississippi","3/25/20","2","9","28027","450"
"Copiah","1","6","Mississippi","3/25/20","2","4","28029","200"
"DeSoto","5","36","Mississippi","3/25/20","2","34","28033","1700"
"Forrest","2","15","Mississippi","3/25/20","3","12","28035","400"
"Franklin","0","3","Mississippi","3/25/20","0","3","28037","1"
"George","0","1","Mississippi","3/25/20","0","1","28039","1"
"Grenada","0","2","Mississippi","3/25/20","0","2","28043","1"
"Hancock","0","5","Mississippi","3/25/20","2","3","28045","150"
"Harrison","3","25","Mississippi","3/25/20","3","22","28047","733.33"
"Hinds","5","38","Mississippi","3/25/20","6","32","28049","533.33"
"Holmes","1","7","Mississippi","3/25/20","0","7","28051","1"
"Humphreys","0","1","Mississippi","3/25/20","0","1","28053","1"
"Itawamba","0","3","Mississippi","3/25/20","0","3","28057","1"
"Jackson","1","12","Mississippi","3/25/20","2","10","28059","500"
"Jones","0","1","Mississippi","3/25/20","0","1","28067","1"
"Lafayette","1","8","Mississippi","3/25/20","0","8","28071","1"
"Lamar","0","2","Mississippi","3/25/20","0","2","28073","1"
"Lawrence","0","3","Mississippi","3/25/20","0","3","28077","1"
"Leake","0","3","Mississippi","3/25/20","0","3","28079","1"
"Lee","2","14","Mississippi","3/25/20","0","14","28081","1"
"Leflore","1","13","Mississippi","3/25/20","4","9","28083","225"
"Lincoln","1","4","Mississippi","3/25/20","0","4","28085","1"
"Lowndes","1","6","Mississippi","3/25/20","0","6","28087","1"
"Madison","2","17","Mississippi","3/25/20","0","17","28089","1"
"Marion","0","1","Mississippi","3/25/20","0","1","28091","1"
"Marshall","1","4","Mississippi","3/25/20","0","4","28093","1"
"Monroe","0","3","Mississippi","3/25/20","1","2","28095","200"
"Montgomery","1","4","Mississippi","3/25/20","0","4","28097","1"
"Newton","0","1","Mississippi","3/25/20","0","1","28101","1"
"Noxubee","0","1","Mississippi","3/25/20","0","1","28103","1"
"Oktibbeha","1","7","Mississippi","3/25/20","0","7","28105","1"
"Panola","0","2","Mississippi","3/25/20","0","2","28107","1"
"Pearl River","1","13","Mississippi","3/25/20","4","9","28109","225"
"Perry","0","1","Mississippi","3/25/20","1","0","28111","0"
"Pike","1","10","Mississippi","3/25/20","0","10","28113","1"
"Pontotoc","0","2","Mississippi","3/25/20","0","2","28115","1"
"Prentiss","0","1","Mississippi","3/25/20","0","1","28117","1"
"Rankin","3","20","Mississippi","3/25/20","0","20","28121","1"
"Scott","0","3","Mississippi","3/25/20","0","3","28123","1"
"Simpson","0","1","Mississippi","3/25/20","0","1","28127","1"
"Smith","0","1","Mississippi","3/25/20","0","1","28129","1"
"Sunflower","0","3","Mississippi","3/25/20","0","3","28133","1"
"Tallahatchie","0","2","Mississippi","3/25/20","0","2","28135","1"
"Tate","0","2","Mississippi","3/25/20","0","2","28137","1"
"Tippah","2","11","Mississippi","3/25/20","0","11","28139","1"
"Tunica","0","3","Mississippi","3/25/20","0","3","28143","1"
"Union","0","2","Mississippi","3/25/20","0","2","28145","1"
"Walthall","0","3","Mississippi","3/25/20","0","3","28147","1"
"Washington","1","5","Mississippi","3/25/20","0","5","28151","1"
"Webster","0","2","Mississippi","3/25/20","0","2","28155","1"
"Wilkinson","1","5","Mississippi","3/25/20","0","5","28157","1"
"Winston","0","3","Mississippi","3/25/20","0","3","28159","1"
"Yazoo","0","3","Mississippi","3/25/20","0","3","28163","1"
"Adair","0","1","Missouri","3/25/20","0","1","29001","1"
"Bates","0","1","Missouri","3/25/20","0","1","29013","1"
"Boone","3","22","Missouri","3/25/20","1","21","29019","2100"
"Callaway","0","2","Missouri","3/25/20","0","2","29027","1"
"Camden","0","1","Missouri","3/25/20","0","1","29029","1"
"Cape Girardeau","0","3","Missouri","3/25/20","0","3","29031","1"
"Cass","1","8","Missouri","3/25/20","2","6","29037","300"
"Christian","0","1","Missouri","3/25/20","0","1","29043","1"
"Clay","0","2","Missouri","3/25/20","0","2","29047","1"
"Clinton","0","1","Missouri","3/25/20","0","1","29049","1"
"Cole","1","6","Missouri","3/25/20","1","5","29051","500"
"Cooper","0","1","Missouri","3/25/20","0","1","29053","1"
"Dunklin","0","1","Missouri","3/25/20","0","1","29069","1"
"Franklin","0","3","Missouri","3/25/20","0","3","29071","1"
"Greene","3","23","Missouri","3/25/20","4","19","29077","475"
"Henry","0","1","Missouri","3/25/20","1","0","29083","0"
"Jackson","2","17","Missouri","3/25/20","3","14","29095","466.67"
"Jasper","0","2","Missouri","3/25/20","0","2","29097","1"
"Jefferson","1","5","Missouri","3/25/20","0","5","29099","1"
"Johnson","0","2","Missouri","3/25/20","0","2","29101","1"
"Kansas City","6","43","Missouri","3/25/20","0","43","00000","1"
"Lafayette","0","2","Missouri","3/25/20","0","2","29107","1"
"McDonald","0","1","Missouri","3/25/20","0","1","29119","1"
"Moniteau","0","2","Missouri","3/25/20","0","2","29135","1"
"Montgomery","0","1","Missouri","3/25/20","0","1","29139","1"
"Newton","0","1","Missouri","3/25/20","0","1","29145","1"
"Pemiscot","0","1","Missouri","3/25/20","0","1","29155","1"
"Perry","0","2","Missouri","3/25/20","0","2","29157","1"
"Platte","0","2","Missouri","3/25/20","0","2","29165","1"
"Pulaski","1","4","Missouri","3/25/20","0","4","29169","1"
"Ralls","0","1","Missouri","3/25/20","0","1","29173","1"
"Randolph","0","1","Missouri","3/25/20","0","1","29175","1"
"Scott","0","1","Missouri","3/25/20","0","1","29201","1"
"Shelby","0","1","Missouri","3/25/20","0","1","29205","1"
"St. Charles","2","12","Missouri","3/25/20","0","12","29183","1"
"St. Francois","0","2","Missouri","3/25/20","0","2","29187","1"
"St. Louis","20","148","Missouri","3/25/20","7","141","29189","2014.29"
"St. Louis City","7","53","Missouri","3/25/20","2","51","29510","2550"
"Taney","0","1","Missouri","3/25/20","0","1","29213","1"
"Broadwater","0","2","Montana","3/25/20","1","1","30007","100"
"Cascade","0","3","Montana","3/25/20","0","3","30013","1"
"Flathead","1","5","Montana","3/25/20","0","5","30029","1"
"Gallatin","3","24","Montana","3/25/20","3","21","30031","700"
"Hill","0","1","Montana","3/25/20","0","1","30041","1"
"Jefferson","0","1","Montana","3/25/20","0","1","30043","1"
"Lewis and Clark","0","3","Montana","3/25/20","0","3","30049","1"
"Madison","0","2","Montana","3/25/20","0","2","30057","1"
"Missoula","0","6","Montana","3/25/20","3","3","30063","100"
"Ravalli","0","1","Montana","3/25/20","0","1","30081","1"
"Roosevelt","0","1","Montana","3/25/20","0","1","30085","1"
"Silver Bow","0","4","Montana","3/25/20","1","3","30093","300"
"Yellowstone","1","12","Montana","3/25/20","2","10","30111","500"
"Adams","0","1","Nebraska","3/25/20","0","1","31001","1"
"Buffalo","0","2","Nebraska","3/25/20","0","2","31019","1"
"Cass","0","2","Nebraska","3/25/20","1","1","31025","100"
"Douglas","3","43","Nebraska","3/25/20","19","24","31055","126.32"
"Gage","0","1","Nebraska","3/25/20","0","1","31067","1"
"Knox","0","2","Nebraska","3/25/20","2","0","31107","0"
"Lancaster","0","3","Nebraska","3/25/20","0","3","31109","1"
"Lincoln","0","3","Nebraska","3/25/20","1","2","31111","200"
"Madison","0","1","Nebraska","3/25/20","0","1","31119","1"
"Nemaha","0","1","Nebraska","3/25/20","0","1","31127","1"
"Sarpy","1","8","Nebraska","3/25/20","1","7","31153","700"
"Saunders","0","1","Nebraska","3/25/20","0","1","31155","1"
"Washington","0","3","Nebraska","3/25/20","0","3","31177","1"
"Carson City","0","2","Nevada","3/25/20","1","1","32510","100"
"Clark","30","249","Nevada","3/25/20","42","207","32003","492.86"
"Douglas","0","3","Nevada","3/25/20","0","3","32005","1"
"Elko","0","2","Nevada","3/25/20","0","2","32007","1"
"Lyon","0","1","Nevada","3/25/20","0","1","32019","1"
"Nye","0","1","Nevada","3/25/20","0","1","32023","1"
"Washoe","5","50","Nevada","3/25/20","12","38","32031","316.67"
"Belknap","1","7","New Hampshire","3/25/20","0","7","33001","1"
"Carroll","0","7","New Hampshire","3/25/20","4","3","33003","75"
"Cheshire","0","1","New Hampshire","3/25/20","0","1","33005","1"
"Grafton","2","21","New Hampshire","3/25/20","7","14","33009","200"
"Hillsborough","2","20","New Hampshire","3/25/20","8","12","33011","150"
"Merrimack","0","4","New Hampshire","3/25/20","1","3","33013","300"
"Rockingham","4","42","New Hampshire","3/25/20","17","25","33015","147.06"
"Strafford","1","5","New Hampshire","3/25/20","0","5","33017","1"
"Sullivan","0","1","New Hampshire","3/25/20","0","1","33019","1"
"Atlantic","1","12","New Jersey","3/25/20","3","9","34001","300"
"Bergen","101","819","New Jersey","3/25/20","114","705","34003","618.42"
"Burlington","5","48","New Jersey","3/25/20","10","38","34005","380"
"Camden","8","61","New Jersey","3/25/20","8","53","34007","662.5"
"Cape May","1","4","New Jersey","3/25/20","0","4","34009","1"
"Cumberland","0","3","New Jersey","3/25/20","0","3","34011","1"
"Essex","48","381","New Jersey","3/25/20","45","336","34013","746.67"
"Gloucester","3","23","New Jersey","3/25/20","2","21","34015","1050"
"Hudson","32","260","New Jersey","3/25/20","34","226","34017","664.71"
"Hunterdon","3","25","New Jersey","3/25/20","6","19","34019","316.67"
"Mercer","10","82","New Jersey","3/25/20","15","67","34021","446.67"
"Middlesex","39","316","New Jersey","3/25/20","40","276","34023","690"
"Monmouth","40","313","New Jersey","3/25/20","32","281","34025","878.12"
"Morris","29","223","New Jersey","3/25/20","19","204","34027","1073.68"
"Ocean","31","222","New Jersey","3/25/20","8","214","34029","2675"
"Passaic","34","255","New Jersey","3/25/20","18","237","34031","1316.67"
"Salem","0","1","New Jersey","3/25/20","0","1","34033","1"
"Somerset","14","117","New Jersey","3/25/20","16","101","34035","631.25"
"Sussex","4","27","New Jersey","3/25/20","0","27","34037","1"
"Union","34","262","New Jersey","3/25/20","26","236","34039","907.69"
"Warren","2","18","New Jersey","3/25/20","1","17","34041","1700"
"Bernalillo","5","48","New Mexico","3/25/20","16","32","35001","200"
"Chaves","1","4","New Mexico","3/25/20","0","4","35005","1"
"Cibola","0","1","New Mexico","3/25/20","0","1","35006","1"
"Curry","0","1","New Mexico","3/25/20","0","1","35009","1"
"Dona Ana","2","13","New Mexico","3/25/20","0","13","35013","1"
"Eddy","0","1","New Mexico","3/25/20","0","1","35015","1"
"Lea","0","1","New Mexico","3/25/20","0","1","35025","1"
"McKinley","0","3","New Mexico","3/25/20","0","3","35031","1"
"Rio Arriba","0","2","New Mexico","3/25/20","0","2","35039","1"
"San Juan","1","8","New Mexico","3/25/20","0","8","35045","1"
"San Miguel","0","1","New Mexico","3/25/20","0","1","35047","1"
"Sandoval","1","8","New Mexico","3/25/20","4","4","35043","100"
"Santa Fe","2","17","New Mexico","3/25/20","5","12","35049","240"
"Socorro","0","2","New Mexico","3/25/20","2","0","35053","0"
"Taos","0","3","New Mexico","3/25/20","1","2","35055","200"
"Albany","17","152","New York","3/25/20","36","116","36001","322.22"
"Allegany","0","2","New York","3/25/20","2","0","36003","0"
"Broome","1","11","New York","3/25/20","1","10","36007","1000"
"Cayuga","0","2","New York","3/25/20","0","2","36011","1"
"Chautauqua","0","2","New York","3/25/20","0","2","36013","1"
"Chemung","0","3","New York","3/25/20","0","3","36015","1"
"Chenango","0","3","New York","3/25/20","1","2","36017","200"
"Clinton","1","10","New York","3/25/20","1","9","36019","900"
"Columbia","3","19","New York","3/25/20","0","19","36021","1"
"Cortland","0","3","New York","3/25/20","0","3","36023","1"
"Delaware","1","5","New York","3/25/20","1","4","36025","400"
"Dutchess","19","153","New York","3/25/20","20","133","36027","665"
"Erie","15","122","New York","3/25/20","20","102","36029","510"
"Essex","0","4","New York","3/25/20","1","3","36031","300"
"Franklin","0","1","New York","3/25/20","0","1","36033","1"
"Fulton","0","1","New York","3/25/20","0","1","36035","1"
"Genesee","0","2","New York","3/25/20","1","1","36037","100"
"Greene","0","4","New York","3/25/20","2","2","36039","100"
"Hamilton","0","2","New York","3/25/20","1","1","36041","100"
"Herkimer","1","5","New York","3/25/20","1","4","36043","400"
"Jefferson","0","2","New York","3/25/20","0","2","36045","1"
"Livingston","0","3","New York","3/25/20","0","3","36051","1"
"Madison","1","7","New York","3/25/20","0","7","36053","1"
"Monroe","14","118","New York","3/25/20","19","99","36055","521.05"
"Montgomery","0","4","New York","3/25/20","2","2","36057","100"
"Nassau","430","3285","New York","3/25/20","278","3007","36059","1081.65"
"New York","2284","17856","New York","3/25/20","1871","15985","36061","854.36"
"Niagara","2","12","New York","3/25/20","0","12","36063","1"
"Oneida","1","10","New York","3/25/20","2","8","36065","400"
"Onondaga","11","81","New York","3/25/20","6","75","36067","1250"
"Ontario","1","9","New York","3/25/20","1","8","36069","800"
"Orange","87","638","New York","3/25/20","32","606","36071","1893.75"
"Oswego","0","2","New York","3/25/20","0","2","36075","1"
"Otsego","0","2","New York","3/25/20","0","2","36077","1"
"Putnam","12","84","New York","3/25/20","2","82","36079","4100"
"Rensselaer","4","33","New York","3/25/20","4","29","36083","725"
"Rockland","134","968","New York","3/25/20","31","937","36087","3022.58"
"Saratoga","7","64","New York","3/25/20","14","50","36091","357.14"
"Schenectady","6","55","New York","3/25/20","14","41","36093","292.86"
"Schoharie","0","2","New York","3/25/20","0","2","36095","1"
"St. Lawrence","0","1","New York","3/25/20","0","1","36089","1"
"Steuben","1","8","New York","3/25/20","0","8","36101","1"
"Suffolk","306","2260","New York","3/25/20","116","2144","36103","1848.28"
"Sullivan","5","39","New York","3/25/20","1","38","36105","3800"
"Tioga","0","1","New York","3/25/20","1","0","36107","0"
"Tompkins","2","18","New York","3/25/20","6","12","36109","200"
"Ulster","8","65","New York","3/25/20","9","56","36111","622.22"
"Warren","0","2","New York","3/25/20","1","1","36113","100"
"Washington","0","4","New York","3/25/20","1","3","36115","300"
"Wayne","1","7","New York","3/25/20","0","7","36117","1"
"Westchester","593","4691","New York","3/25/20","538","4153","36119","771.93"
"Wyoming","0","4","New York","3/25/20","1","3","36121","300"
"Alamance","0","3","North Carolina","3/25/20","0","3","37001","1"
"Beaufort","0","3","North Carolina","3/25/20","0","3","37013","1"
"Bertie","0","3","North Carolina","3/25/20","0","3","37015","1"
"Brunswick","1","10","North Carolina","3/25/20","1","9","37019","900"
"Buncombe","2","12","North Carolina","3/25/20","1","11","37021","1100"
"Burke","0","2","North Carolina","3/25/20","0","2","37023","1"
"Cabarrus","2","12","North Carolina","3/25/20","1","11","37025","1100"
"Caldwell","0","3","North Carolina","3/25/20","0","3","37027","1"
"Carteret","1","5","North Carolina","3/25/20","0","5","37031","1"
"Catawba","1","4","North Carolina","3/25/20","0","4","37035","1"
"Chatham","0","6","North Carolina","3/25/20","3","3","37037","100"
"Cherokee","1","4","North Carolina","3/25/20","0","4","37039","1"
"Cleveland","0","2","North Carolina","3/25/20","0","2","37045","1"
"Craven","0","3","North Carolina","3/25/20","1","2","37049","200"
"Cumberland","1","8","North Carolina","3/25/20","0","8","37051","1"
"Dare","0","1","North Carolina","3/25/20","0","1","37055","1"
"Davidson","0","3","North Carolina","3/25/20","0","3","37057","1"
"Davie","0","1","North Carolina","3/25/20","0","1","37059","1"
"Duplin","0","1","North Carolina","3/25/20","0","1","37061","1"
"Durham","7","74","North Carolina","3/25/20","27","47","37063","174.07"
"Forsyth","2","15","North Carolina","3/25/20","2","13","37067","650"
"Franklin","1","5","North Carolina","3/25/20","0","5","37069","1"
"Gaston","1","6","North Carolina","3/25/20","1","5","37071","500"
"Granville","0","1","North Carolina","3/25/20","0","1","37077","1"
"Guilford","3","22","North Carolina","3/25/20","1","21","37081","2100"
"Harnett","1","10","North Carolina","3/25/20","3","7","37085","233.33"
"Henderson","0","2","North Carolina","3/25/20","0","2","37089","1"
"Hertford","0","2","North Carolina","3/25/20","0","2","37091","1"
"Hoke","0","2","North Carolina","3/25/20","1","1","37093","100"
"Hyde","0","1","North Carolina","3/25/20","0","1","37095","1"
"Iredell","1","11","North Carolina","3/25/20","1","10","37097","1000"
"Jackson","0","1","North Carolina","3/25/20","0","1","37099","1"
"Johnston","1","8","North Carolina","3/25/20","2","6","37101","300"
"Lee","0","1","North Carolina","3/25/20","0","1","37105","1"
"Lenoir","0","2","North Carolina","3/25/20","0","2","37107","1"
"Lincoln","0","1","North Carolina","3/25/20","1","0","37109","0"
"McDowell","0","2","North Carolina","3/25/20","0","2","37111","1"
"Mecklenburg","22","170","North Carolina","3/25/20","14","156","37119","1114.29"
"Montgomery","0","1","North Carolina","3/25/20","0","1","37123","1"
"Moore","0","2","North Carolina","3/25/20","1","1","37125","100"
"Nash","1","4","North Carolina","3/25/20","0","4","37127","1"
"New Hanover","1","10","North Carolina","3/25/20","1","9","37129","900"
"Northampton","0","1","North Carolina","3/25/20","0","1","37131","1"
"Onslow","0","4","North Carolina","3/25/20","1","3","37133","300"
"Orange","2","13","North Carolina","3/25/20","0","13","37135","1"
"Pasquotank","0","1","North Carolina","3/25/20","0","1","37139","1"
"Person","0","1","North Carolina","3/25/20","0","1","37145","1"
"Pitt","1","6","North Carolina","3/25/20","0","6","37147","1"
"Randolph","0","3","North Carolina","3/25/20","0","3","37151","1"
"Robeson","0","2","North Carolina","3/25/20","0","2","37155","1"
"Rowan","1","6","North Carolina","3/25/20","0","6","37159","1"
"Sampson","0","1","North Carolina","3/25/20","1","0","37163","0"
"Scotland","0","1","North Carolina","3/25/20","0","1","37165","1"
"Transylvania","0","2","North Carolina","3/25/20","0","2","37175","1"
"Union","3","23","North Carolina","3/25/20","1","22","37179","2200"
"Vance","0","2","North Carolina","3/25/20","0","2","37181","1"
"Wake","7","73","North Carolina","3/25/20","22","51","37183","231.82"
"Watauga","0","3","North Carolina","3/25/20","3","0","37189","0"
"Wayne","0","3","North Carolina","3/25/20","1","2","37191","200"
"Wilson","1","6","North Carolina","3/25/20","1","5","37195","500"
"Burleigh","2","18","North Dakota","3/25/20","2","16","38015","800"
"Cass","1","6","North Dakota","3/25/20","1","5","38017","500"
"Dunn","0","1","North Dakota","3/25/20","0","1","38025","1"
"Foster","0","1","North Dakota","3/25/20","0","1","38031","1"
"Morton","1","8","North Dakota","3/25/20","1","7","38059","700"
"Pierce","0","2","North Dakota","3/25/20","0","2","38069","1"
"Ramsey","0","3","North Dakota","3/25/20","0","3","38071","1"
"Stark","0","2","North Dakota","3/25/20","0","2","38089","1"
"Walsh","0","1","North Dakota","3/25/20","0","1","38099","1"
"Ward","0","3","North Dakota","3/25/20","2","1","38101","50"
"Ashland","0","1","Ohio","3/25/20","1","0","39005","0"
"Ashtabula","0","3","Ohio","3/25/20","0","3","39007","1"
"Belmont","0","3","Ohio","3/25/20","2","1","39013","50"
"Butler","1","18","Ohio","3/25/20","8","10","39017","125"
"Carroll","0","3","Ohio","3/25/20","0","3","39019","1"
"Champaign","0","1","Ohio","3/25/20","0","1","39021","1"
"Clark","0","2","Ohio","3/25/20","0","2","39023","1"
"Clermont","1","5","Ohio","3/25/20","0","5","39025","1"
"Clinton","0","2","Ohio","3/25/20","0","2","39027","1"
"Columbiana","1","4","Ohio","3/25/20","0","4","39029","1"
"Coshocton","0","4","Ohio","3/25/20","2","2","39031","100"
"Crawford","0","1","Ohio","3/25/20","0","1","39033","1"
"Cuyahoga","24","206","Ohio","3/25/20","38","168","39035","442.11"
"Darke","0","1","Ohio","3/25/20","1","0","39037","0"
"Defiance","0","2","Ohio","3/25/20","0","2","39039","1"
"Delaware","2","12","Ohio","3/25/20","1","11","39041","1100"
"Erie","0","2","Ohio","3/25/20","0","2","39043","1"
"Fairfield","1","5","Ohio","3/25/20","0","5","39045","1"
"Fayette","0","1","Ohio","3/25/20","0","1","39047","1"
"Franklin","12","88","Ohio","3/25/20","7","81","39049","1157.14"
"Gallia","0","1","Ohio","3/25/20","0","1","39053","1"
"Geauga","0","4","Ohio","3/25/20","1","3","39055","300"
"Greene","0","3","Ohio","3/25/20","0","3","39057","1"
"Hamilton","7","48","Ohio","3/25/20","0","48","39061","1"
"Hancock","0","1","Ohio","3/25/20","0","1","39063","1"
"Highland","0","1","Ohio","3/25/20","0","1","39071","1"
"Huron","0","2","Ohio","3/25/20","1","1","39077","100"
"Knox","0","2","Ohio","3/25/20","0","2","39083","1"
"Lake","2","14","Ohio","3/25/20","2","12","39085","600"
"Lawrence","0","1","Ohio","3/25/20","0","1","39087","1"
"Licking","0","3","Ohio","3/25/20","0","3","39089","1"
"Logan","0","2","Ohio","3/25/20","0","2","39091","1"
"Lorain","4","37","Ohio","3/25/20","6","31","39093","516.67"
"Lucas","3","23","Ohio","3/25/20","1","22","39095","2200"
"Madison","0","2","Ohio","3/25/20","0","2","39097","1"
"Mahoning","6","42","Ohio","3/25/20","3","39","39099","1300"
"Marion","1","4","Ohio","3/25/20","0","4","39101","1"
"Medina","3","22","Ohio","3/25/20","4","18","39103","450"
"Mercer","0","1","Ohio","3/25/20","0","1","39107","1"
"Miami","3","19","Ohio","3/25/20","0","19","39109","1"
"Montgomery","2","14","Ohio","3/25/20","1","13","39113","1300"
"Pickaway","0","1","Ohio","3/25/20","0","1","39129","1"
"Portage","1","4","Ohio","3/25/20","0","4","39133","1"
"Richland","1","4","Ohio","3/25/20","0","4","39139","1"
"Sandusky","0","1","Ohio","3/25/20","0","1","39143","1"
"Seneca","0","1","Ohio","3/25/20","0","1","39147","1"
"Stark","1","13","Ohio","3/25/20","3","10","39151","333.33"
"Summit","5","42","Ohio","3/25/20","4","38","39153","950"
"Trumbull","1","9","Ohio","3/25/20","2","7","39155","350"
"Tuscarawas","0","3","Ohio","3/25/20","1","2","39157","200"
"Union","0","3","Ohio","3/25/20","0","3","39159","1"
"Warren","1","8","Ohio","3/25/20","0","8","39165","1"
"Washington","0","1","Ohio","3/25/20","0","1","39167","1"
"Wayne","0","1","Ohio","3/25/20","0","1","39169","1"
"Wood","0","3","Ohio","3/25/20","0","3","39173","1"
"Adair","0","2","Oklahoma","3/25/20","0","2","40001","1"
"Bryan","0","1","Oklahoma","3/25/20","0","1","40013","1"
"Canadian","1","5","Oklahoma","3/25/20","1","4","40017","400"
"Carter","0","1","Oklahoma","3/25/20","0","1","40019","1"
"Cleveland","4","27","Oklahoma","3/25/20","2","25","40027","1250"
"Creek","1","5","Oklahoma","3/25/20","0","5","40037","1"
"Custer","0","3","Oklahoma","3/25/20","0","3","40039","1"
"Delaware","0","1","Oklahoma","3/25/20","0","1","40041","1"
"Garvin","0","2","Oklahoma","3/25/20","0","2","40049","1"
"Grady","0","1","Oklahoma","3/25/20","0","1","40051","1"
"Jackson","0","1","Oklahoma","3/25/20","1","0","40065","0"
"Kay","0","5","Oklahoma","3/25/20","2","3","40071","150"
"Logan","0","3","Oklahoma","3/25/20","0","3","40083","1"
"Mayes","0","1","Oklahoma","3/25/20","0","1","40097","1"
"McClain","0","1","Oklahoma","3/25/20","0","1","40087","1"
"Muskogee","0","1","Oklahoma","3/25/20","0","1","40101","1"
"Noble","0","2","Oklahoma","3/25/20","0","2","40103","1"
"Oklahoma","7","55","Oklahoma","3/25/20","6","49","40109","816.67"
"Osage","0","1","Oklahoma","3/25/20","0","1","40113","1"
"Pawnee","1","7","Oklahoma","3/25/20","1","6","40117","600"
"Payne","0","3","Oklahoma","3/25/20","1","2","40119","200"
"Pontotoc","0","1","Oklahoma","3/25/20","0","1","40123","1"
"Pottawatomie","0","1","Oklahoma","3/25/20","0","1","40125","1"
"Stephens","0","1","Oklahoma","3/25/20","0","1","40137","1"
"Tulsa","3","27","Oklahoma","3/25/20","3","24","40143","800"
"Wagoner","0","3","Oklahoma","3/25/20","0","3","40145","1"
"Washington","0","3","Oklahoma","3/25/20","0","3","40147","1"
"Benton","0","6","Oregon","3/25/20","3","3","41003","100"
"Clackamas","2","21","Oregon","3/25/20","6","15","41005","250"
"Clatsop","0","1","Oregon","3/25/20","0","1","41007","1"
"Deschutes","1","10","Oregon","3/25/20","6","4","41017","66.67"
"Douglas","0","3","Oregon","3/25/20","1","2","41019","200"
"Grant","0","1","Oregon","3/25/20","0","1","41023","1"
"Hood River","0","1","Oregon","3/25/20","0","1","41027","1"
"Jackson","0","4","Oregon","3/25/20","2","2","41029","100"
"Josephine","0","2","Oregon","3/25/20","0","2","41033","1"
"Klamath","0","1","Oregon","3/25/20","1","0","41035","0"
"Lane","0","5","Oregon","3/25/20","2","3","41039","150"
"Lincoln","0","1","Oregon","3/25/20","0","1","41041","1"
"Linn","1","25","Oregon","3/25/20","15","10","41043","66.67"
"Marion","5","43","Oregon","3/25/20","8","35","41047","437.5"
"Multnomah","4","33","Oregon","3/25/20","3","30","41051","1000"
"Polk","0","3","Oregon","3/25/20","1","2","41053","200"
"Umatilla","0","2","Oregon","3/25/20","2","0","41059","0"
"Union","0","1","Oregon","3/25/20","0","1","41061","1"
"Washington","10","96","Oregon","3/25/20","23","73","41067","317.39"
"Yamhill","1","7","Oregon","3/25/20","2","5","41071","250"
"Adams","1","6","Pennsylvania","3/25/20","0","6","42001","1"
"Allegheny","11","88","Pennsylvania","3/25/20","13","75","42003","576.92"
"Armstrong","0","1","Pennsylvania","3/25/20","0","1","42005","1"
"Beaver","1","7","Pennsylvania","3/25/20","2","5","42007","250"
"Berks","3","20","Pennsylvania","3/25/20","1","19","42011","1900"
"Bradford","0","1","Pennsylvania","3/25/20","0","1","42015","1"
"Bucks","11","86","Pennsylvania","3/25/20","9","77","42017","855.56"
"Butler","2","12","Pennsylvania","3/25/20","0","12","42019","1"
"Cambria","0","1","Pennsylvania","3/25/20","0","1","42021","1"
"Carbon","0","1","Pennsylvania","3/25/20","0","1","42025","1"
"Centre","1","8","Pennsylvania","3/25/20","0","8","42027","1"
"Chester","6","54","Pennsylvania","3/25/20","9","45","42029","500"
"Clearfield","0","2","Pennsylvania","3/25/20","0","2","42033","1"
"Columbia","0","1","Pennsylvania","3/25/20","0","1","42037","1"
"Cumberland","0","13","Pennsylvania","3/25/20","10","3","42041","30"
"Dauphin","1","10","Pennsylvania","3/25/20","0","10","42043","1"
"Delaware","12","101","Pennsylvania","3/25/20","14","87","42045","621.43"
"Erie","1","5","Pennsylvania","3/25/20","1","4","42049","400"
"Fayette","1","4","Pennsylvania","3/25/20","0","4","42051","1"
"Franklin","1","5","Pennsylvania","3/25/20","0","5","42055","1"
"Greene","0","2","Pennsylvania","3/25/20","0","2","42059","1"
"Juniata","0","1","Pennsylvania","3/25/20","0","1","42067","1"
"Lackawanna","2","18","Pennsylvania","3/25/20","1","17","42069","1700"
"Lancaster","2","12","Pennsylvania","3/25/20","1","11","42071","1100"
"Lawrence","0","1","Pennsylvania","3/25/20","0","1","42073","1"
"Lebanon","0","3","Pennsylvania","3/25/20","0","3","42075","1"
"Lehigh","5","38","Pennsylvania","3/25/20","1","37","42077","3700"
"Luzerne","4","27","Pennsylvania","3/25/20","1","26","42079","2600"
"Lycoming","0","1","Pennsylvania","3/25/20","0","1","42081","1"
"Mercer","0","2","Pennsylvania","3/25/20","0","2","42085","1"
"Monroe","6","51","Pennsylvania","3/25/20","8","43","42089","537.5"
"Montgomery","25","219","Pennsylvania","3/25/20","42","177","42091","421.43"
"Montour","1","4","Pennsylvania","3/25/20","0","4","42093","1"
"Northampton","6","44","Pennsylvania","3/25/20","1","43","42095","4300"
"Philadelphia","44","342","Pennsylvania","3/25/20","34","308","42101","905.88"
"Pike","1","8","Pennsylvania","3/25/20","2","6","42103","300"
"Potter","0","1","Pennsylvania","3/25/20","0","1","42105","1"
"Schuylkill","1","7","Pennsylvania","3/25/20","0","7","42107","1"
"Somerset","0","2","Pennsylvania","3/25/20","0","2","42111","1"
"Warren","0","1","Pennsylvania","3/25/20","0","1","42123","1"
"Washington","1","10","Pennsylvania","3/25/20","2","8","42125","400"
"Wayne","0","4","Pennsylvania","3/25/20","1","3","42127","300"
"Westmoreland","2","16","Pennsylvania","3/25/20","0","16","42129","1"
"York","3","20","Pennsylvania","3/25/20","2","18","42133","900"
"","7","51","Puerto Rico","3/25/20","5","46",,"920"
"Bristol","3","24","Rhode Island","3/25/20","0","24","44001","1"
"Kent","1","7","Rhode Island","3/25/20","0","7","44003","1"
"Newport","1","9","Rhode Island","3/25/20","0","9","44005","1"
"Providence","3","52","Rhode Island","3/25/20","33","19","44007","57.58"
"Washington","1","9","Rhode Island","3/25/20","0","9","44009","1"
"Abbeville","0","3","South Carolina","3/25/20","0","3","45001","1"
"Aiken","0","2","South Carolina","3/25/20","0","2","45003","1"
"Anderson","2","19","South Carolina","3/25/20","2","17","45007","850"
"Beaufort","3","26","South Carolina","3/25/20","6","20","45013","333.33"
"Berkeley","1","5","South Carolina","3/25/20","0","5","45015","1"
"Calhoun","0","1","South Carolina","3/25/20","1","0","45017","0"
"Charleston","7","52","South Carolina","3/25/20","4","48","45019","1200"
"Chester","0","1","South Carolina","3/25/20","0","1","45023","1"
"Chesterfield","0","3","South Carolina","3/25/20","0","3","45025","1"
"Clarendon","1","5","South Carolina","3/25/20","0","5","45027","1"
"Colleton","0","1","South Carolina","3/25/20","0","1","45029","1"
"Darlington","1","8","South Carolina","3/25/20","0","8","45031","1"
"Dillon","0","1","South Carolina","3/25/20","0","1","45033","1"
"Dorchester","1","4","South Carolina","3/25/20","0","4","45035","1"
"Edgefield","0","1","South Carolina","3/25/20","0","1","45037","1"
"Fairfield","0","3","South Carolina","3/25/20","1","2","45039","200"
"Florence","1","5","South Carolina","3/25/20","0","5","45041","1"
"Georgetown","0","2","South Carolina","3/25/20","0","2","45043","1"
"Greenville","7","50","South Carolina","3/25/20","3","47","45045","1566.67"
"Greenwood","0","2","South Carolina","3/25/20","0","2","45047","1"
"Horry","2","20","South Carolina","3/25/20","5","15","45051","300"
"Jasper","0","2","South Carolina","3/25/20","0","2","45053","1"
"Kershaw","5","63","South Carolina","3/25/20","25","38","45055","152"
"Lancaster","1","6","South Carolina","3/25/20","2","4","45057","200"
"Lee","0","2","South Carolina","3/25/20","1","1","45061","100"
"Lexington","2","18","South Carolina","3/25/20","4","14","45063","350"
"Marion","0","1","South Carolina","3/25/20","0","1","45067","1"
"Marlboro","0","1","South Carolina","3/25/20","0","1","45069","1"
"Newberry","0","1","South Carolina","3/25/20","0","1","45071","1"
"Oconee","0","2","South Carolina","3/25/20","0","2","45073","1"
"Orangeburg","1","9","South Carolina","3/25/20","0","9","45075","1"
"Pickens","1","6","South Carolina","3/25/20","0","6","45077","1"
"Richland","8","59","South Carolina","3/25/20","4","55","45079","1375"
"Saluda","0","1","South Carolina","3/25/20","0","1","45081","1"
"Spartanburg","1","9","South Carolina","3/25/20","1","8","45083","800"
"Sumter","1","10","South Carolina","3/25/20","0","10","45085","1"
"Union","0","1","South Carolina","3/25/20","0","1","45087","1"
"Williamsburg","0","1","South Carolina","3/25/20","0","1","45089","1"
"York","2","18","South Carolina","3/25/20","1","17","45091","1700"
"Beadle","2","13","South Dakota","3/25/20","1","12","46005","1200"
"Bon Homme","0","1","South Dakota","3/25/20","1","0","46009","0"
"Brookings","0","1","South Dakota","3/25/20","0","1","46011","1"
"Brown","0","2","South Dakota","3/25/20","0","2","46013","1"
"Charles Mix","0","1","South Dakota","3/25/20","1","0","46023","0"
"Codington","0","1","South Dakota","3/25/20","0","1","46029","1"
"Davison","0","2","South Dakota","3/25/20","1","1","46035","100"
"Hughes","0","1","South Dakota","3/25/20","0","1","46065","1"
"Lincoln","0","1","South Dakota","3/25/20","0","1","46083","1"
"Lyman","0","1","South Dakota","3/25/20","0","1","46085","1"
"McCook","0","2","South Dakota","3/25/20","1","1","46087","100"
"Meade","0","1","South Dakota","3/25/20","0","1","46093","1"
"Minnehaha","1","13","South Dakota","3/25/20","5","8","46099","160"
"Pennington","0","1","South Dakota","3/25/20","1","0","46103","0"
"Anderson","0","3","Tennessee","3/25/20","0","3","47001","1"
"Bedford","0","1","Tennessee","3/25/20","0","1","47003","1"
"Blount","0","3","Tennessee","3/25/20","0","3","47009","1"
"Bradley","0","3","Tennessee","3/25/20","0","3","47011","1"
"Campbell","0","2","Tennessee","3/25/20","1","1","47013","100"
"Carroll","0","3","Tennessee","3/25/20","0","3","47017","1"
"Cheatham","1","7","Tennessee","3/25/20","1","6","47021","600"
"Chester","0","1","Tennessee","3/25/20","0","1","47023","1"
"Claiborne","0","1","Tennessee","3/25/20","0","1","47025","1"
"Cocke","0","1","Tennessee","3/25/20","0","1","47029","1"
"Cumberland","0","3","Tennessee","3/25/20","0","3","47035","1"
"Davidson","28","257","Tennessee","3/25/20","58","199","47037","343.1"
"Dickson","1","5","Tennessee","3/25/20","0","5","47043","1"
"Dyer","0","2","Tennessee","3/25/20","0","2","47045","1"
"Fayette","0","3","Tennessee","3/25/20","0","3","47047","1"
"Franklin","0","1","Tennessee","3/25/20","0","1","47051","1"
"Gibson","0","2","Tennessee","3/25/20","0","2","47053","1"
"Greene","1","7","Tennessee","3/25/20","0","7","47059","1"
"Grundy","0","1","Tennessee","3/25/20","0","1","47061","1"
"Hamblen","0","2","Tennessee","3/25/20","0","2","47063","1"
"Hamilton","3","26","Tennessee","3/25/20","3","23","47065","766.67"
"Hardin","0","1","Tennessee","3/25/20","0","1","47071","1"
"Hawkins","0","1","Tennessee","3/25/20","0","1","47073","1"
"Houston","0","3","Tennessee","3/25/20","0","3","47083","1"
"Jefferson","0","4","Tennessee","3/25/20","1","3","47089","300"
"Knox","3","20","Tennessee","3/25/20","2","18","47093","900"
"Lewis","0","1","Tennessee","3/25/20","0","1","47101","1"
"Lincoln","0","1","Tennessee","3/25/20","0","1","47103","1"
"Loudon","0","3","Tennessee","3/25/20","0","3","47105","1"
"Madison","0","2","Tennessee","3/25/20","0","2","47113","1"
"Marion","0","1","Tennessee","3/25/20","0","1","47115","1"
"Maury","1","7","Tennessee","3/25/20","0","7","47119","1"
"McMinn","0","2","Tennessee","3/25/20","0","2","47107","1"
"Monroe","0","2","Tennessee","3/25/20","0","2","47123","1"
"Montgomery","1","6","Tennessee","3/25/20","0","6","47125","1"
"Out of TN","14","100","Tennessee","3/25/20","0","100","80047","1"
"Overton","0","1","Tennessee","3/25/20","0","1","47133","1"
"Perry","0","1","Tennessee","3/25/20","0","1","47135","1"
"Putnam","1","9","Tennessee","3/25/20","0","9","47141","1"
"Roane","0","1","Tennessee","3/25/20","0","1","47145","1"
"Robertson","2","15","Tennessee","3/25/20","1","14","47147","1400"
"Rutherford","3","19","Tennessee","3/25/20","1","18","47149","1800"
"Scott","0","1","Tennessee","3/25/20","0","1","47151","1"
"Sevier","0","2","Tennessee","3/25/20","1","1","47155","100"
"Shelby","24","170","Tennessee","3/25/20","4","166","47157","4150"
"Sullivan","0","2","Tennessee","3/25/20","1","1","47163","100"
"Sumner","5","36","Tennessee","3/25/20","2","34","47165","1700"
"Tipton","1","6","Tennessee","3/25/20","0","6","47167","1"
"Washington","1","7","Tennessee","3/25/20","0","7","47179","1"
"White","0","1","Tennessee","3/25/20","0","1","47185","1"
"Williamson","6","66","Tennessee","3/25/20","24","42","47187","175"
"Wilson","1","10","Tennessee","3/25/20","0","10","47189","1"
"Atascosa","0","2","Texas","3/25/20","0","2","48013","1"
"Bastrop","0","1","Texas","3/25/20","0","1","48021","1"
"Bell","2","19","Texas","3/25/20","3","16","48027","533.33"
"Bexar","8","69","Texas","3/25/20","11","58","48029","527.27"
"Blanco","0","1","Texas","3/25/20","0","1","48031","1"
"Bowie","0","1","Texas","3/25/20","1","0","48037","0"
"Brazoria","4","28","Texas","3/25/20","3","25","48039","833.33"
"Brazos","3","21","Texas","3/25/20","3","18","48041","600"
"Brown","0","2","Texas","3/25/20","1","1","48049","100"
"Burnet","0","1","Texas","3/25/20","0","1","48053","1"
"Calhoun","0","2","Texas","3/25/20","0","2","48057","1"
"Cameron","1","7","Texas","3/25/20","2","5","48061","250"
"Cass","0","1","Texas","3/25/20","0","1","48067","1"
"Castro","1","5","Texas","3/25/20","0","5","48069","1"
"Chambers","0","1","Texas","3/25/20","0","1","48071","1"
"Collin","6","53","Texas","3/25/20","11","42","48085","381.82"
"Comal","1","7","Texas","3/25/20","1","6","48091","600"
"Coryell","0","1","Texas","3/25/20","0","1","48099","1"
"Crane","0","1","Texas","3/25/20","0","1","48103","1"
"Dallas","30","247","Texas","3/25/20","39","208","48113","533.33"
"Deaf Smith","0","1","Texas","3/25/20","0","1","48117","1"
"Denton","7","51","Texas","3/25/20","5","46","48121","920"
"DeWitt","0","2","Texas","3/25/20","1","1","48123","100"
"Eastland","0","1","Texas","3/25/20","0","1","48133","1"
"El Paso","2","16","Texas","3/25/20","3","13","48141","433.33"
"Ellis","1","7","Texas","3/25/20","1","6","48139","600"
"Erath","0","1","Texas","3/25/20","0","1","48143","1"
"Falls","0","1","Texas","3/25/20","0","1","48145","1"
"Fannin","0","1","Texas","3/25/20","1","0","48147","0"
"Fayette","0","1","Texas","3/25/20","0","1","48149","1"
"Fort Bend","5","46","Texas","3/25/20","12","34","48157","283.33"
"Gaines","0","1","Texas","3/25/20","0","1","48165","1"
"Galveston","3","22","Texas","3/25/20","4","18","48167","450"
"Grayson","0","2","Texas","3/25/20","0","2","48181","1"
"Gregg","0","3","Texas","3/25/20","1","2","48183","200"
"Grimes","0","2","Texas","3/25/20","1","1","48185","100"
"Guadalupe","1","4","Texas","3/25/20","0","4","48187","1"
"Hale","0","1","Texas","3/25/20","0","1","48189","1"
"Hardin","0","2","Texas","3/25/20","0","2","48199","1"
"Harris","23","185","Texas","3/25/20","23","162","48201","704.35"
"Hays","1","10","Texas","3/25/20","5","5","48209","100"
"Hidalgo","1","7","Texas","3/25/20","0","7","48215","1"
"Hockley","1","5","Texas","3/25/20","0","5","48219","1"
"Hopkins","0","1","Texas","3/25/20","0","1","48223","1"
"Hunt","0","1","Texas","3/25/20","0","1","48231","1"
"Jefferson","1","6","Texas","3/25/20","1","5","48245","500"
"Johnson","0","3","Texas","3/25/20","1","2","48251","200"
"Kaufman","0","2","Texas","3/25/20","0","2","48257","1"
"Kendall","0","1","Texas","3/25/20","0","1","48259","1"
"Lamar","0","1","Texas","3/25/20","0","1","48277","1"
"Lavaca","0","1","Texas","3/25/20","1","0","48285","0"
"Liberty","0","1","Texas","3/25/20","0","1","48291","1"
"Limestone","0","1","Texas","3/25/20","0","1","48293","1"
"Llano","0","1","Texas","3/25/20","0","1","48299","1"
"Lubbock","1","13","Texas","3/25/20","3","10","48303","333.33"
"Matagorda","0","6","Texas","3/25/20","3","3","48321","100"
"Maverick","0","1","Texas","3/25/20","0","1","48323","1"
"McLennan","3","24","Texas","3/25/20","5","19","48309","380"
"Medina","0","1","Texas","3/25/20","0","1","48325","1"
"Midland","1","4","Texas","3/25/20","0","4","48329","1"
"Milam","0","2","Texas","3/25/20","0","2","48331","1"
"Montgomery","3","31","Texas","3/25/20","7","24","48339","342.86"
"Morris","0","1","Texas","3/25/20","0","1","48343","1"
"Nacogdoches","0","1","Texas","3/25/20","0","1","48347","1"
"Nueces","1","10","Texas","3/25/20","0","10","48355","1"
"Oldham","0","1","Texas","3/25/20","0","1","48359","1"
"Orange","0","1","Texas","3/25/20","0","1","48361","1"
"Parker","0","1","Texas","3/25/20","0","1","48367","1"
"Potter","0","3","Texas","3/25/20","0","3","48375","1"
"Randall","0","2","Texas","3/25/20","0","2","48381","1"
"Reeves","0","1","Texas","3/25/20","0","1","48389","1"
"Robertson","0","1","Texas","3/25/20","0","1","48395","1"
"Rusk","0","2","Texas","3/25/20","1","1","48401","100"
"San Patricio","0","1","Texas","3/25/20","0","1","48409","1"
"Smith","2","16","Texas","3/25/20","5","11","48423","220"
"Tarrant","12","90","Texas","3/25/20","8","82","48439","1025"
"Terry","0","3","Texas","3/25/20","0","3","48445","1"
"Tom Green","0","3","Texas","3/25/20","0","3","48451","1"
"Travis","11","98","Texas","3/25/20","23","75","48453","326.09"
"Val Verde","0","1","Texas","3/25/20","0","1","48465","1"
"Van Zandt","0","1","Texas","3/25/20","0","1","48467","1"
"Victoria","0","3","Texas","3/25/20","0","3","48469","1"
"Walker","0","1","Texas","3/25/20","0","1","48471","1"
"Waller","0","1","Texas","3/25/20","0","1","48473","1"
"Webb","1","9","Texas","3/25/20","1","8","48479","800"
"Wharton","0","3","Texas","3/25/20","0","3","48481","1"
"Wichita","1","8","Texas","3/25/20","1","7","48485","700"
"Williamson","3","22","Texas","3/25/20","4","18","48491","450"
"Wilson","0","1","Texas","3/25/20","0","1","48493","1"
"Young","0","1","Texas","3/25/20","0","1","48503","1"
"Davis","4","35","Utah","3/25/20","6","29","49011","483.33"
"Out of UT","2","14","Utah","3/25/20","0","14","80049","1"
"Salt Lake","18","151","Utah","3/25/20","22","129","49035","586.36"
"Summit","11","89","Utah","3/25/20","15","74","49043","493.33"
"Tooele","0","3","Utah","3/25/20","1","2","49045","200"
"Utah","2","18","Utah","3/25/20","1","17","49049","1700"
"Wasatch","2","15","Utah","3/25/20","2","13","49051","650"
"Washington","1","5","Utah","3/25/20","0","5","49053","1"
"Weber-Morgan","1","10","Utah","3/25/20","0","10","00000","1"
"Addison","1","9","Vermont","3/25/20","1","8","50001","800"
"Bennington","1","11","Vermont","3/25/20","3","8","50003","266.67"
"Caledonia","0","1","Vermont","3/25/20","0","1","50005","1"
"Chittenden","7","55","Vermont","3/25/20","4","51","50007","1275"
"Franklin","0","3","Vermont","3/25/20","0","3","50011","1"
"Lamoille","1","4","Vermont","3/25/20","0","4","50015","1"
"Orange","0","3","Vermont","3/25/20","1","2","50017","200"
"Orleans","0","3","Vermont","3/25/20","0","3","50019","1"
"Rutland","1","5","Vermont","3/25/20","0","5","50021","1"
"Washington","1","5","Vermont","3/25/20","1","4","50023","400"
"Windham","1","7","Vermont","3/25/20","0","7","50025","1"
"Windsor","2","17","Vermont","3/25/20","3","14","50027","466.67"
"","2","17","Virgin Islands","3/25/20","2","15",,"750"
"Accomack","0","2","Virginia","3/25/20","0","2","51001","1"
"Albemarle","1","4","Virginia","3/25/20","0","4","51003","1"
"Alexandria","1","9","Virginia","3/25/20","2","7","51510","350"
"Amherst","0","1","Virginia","3/25/20","0","1","51009","1"
"Arlington","5","46","Virginia","3/25/20","14","32","51013","228.57"
"Bedford","0","3","Virginia","3/25/20","0","3","51019","1"
"Botetourt","0","1","Virginia","3/25/20","0","1","51023","1"
"Charles City","0","1","Virginia","3/25/20","1","0","51036","0"
"Charlottesville","1","6","Virginia","3/25/20","1","5","51540","500"
"Chesapeake","0","3","Virginia","3/25/20","0","3","51550","1"
"Chesterfield","1","11","Virginia","3/25/20","5","6","51041","120"
"Culpeper","0","2","Virginia","3/25/20","0","2","51047","1"
"Danville","0","2","Virginia","3/25/20","0","2","51590","1"
"Fairfax","9","76","Virginia","3/25/20","14","62","51059","442.86"
"Fairfax City","0","1","Virginia","3/25/20","0","1","51600","1"
"Fluvanna","0","1","Virginia","3/25/20","0","1","51065","1"
"Franklin","0","1","Virginia","3/25/20","0","1","51067","1"
"Frederick","0","2","Virginia","3/25/20","0","2","51069","1"
"Fredericksburg","0","1","Virginia","3/25/20","0","1","51630","1"
"Gloucester","0","2","Virginia","3/25/20","0","2","51073","1"
"Goochland","0","3","Virginia","3/25/20","1","2","51075","200"
"Halifax","0","1","Virginia","3/25/20","0","1","51083","1"
"Hanover","0","2","Virginia","3/25/20","1","1","51085","100"
"Harrisonburg","0","2","Virginia","3/25/20","1","1","51660","100"
"Henrico","3","20","Virginia","3/25/20","2","18","51087","900"
"Isle of Wight","0","2","Virginia","3/25/20","0","2","51093","1"
"James City","4","41","Virginia","3/25/20","13","28","51095","215.38"
"Lee","0","2","Virginia","3/25/20","0","2","51105","1"
"Loudoun","2","20","Virginia","3/25/20","5","15","51107","300"
"Louisa","0","3","Virginia","3/25/20","0","3","51109","1"
"Lynchburg","0","2","Virginia","3/25/20","1","1","51680","100"
"Madison","0","1","Virginia","3/25/20","0","1","51113","1"
"Mathews","0","1","Virginia","3/25/20","0","1","51115","1"
"Mecklenburg","0","3","Virginia","3/25/20","0","3","51117","1"
"Nelson","0","1","Virginia","3/25/20","0","1","51125","1"
"Newport News","1","4","Virginia","3/25/20","0","4","51700","1"
"Norfolk","1","8","Virginia","3/25/20","1","7","51710","700"
"Nottoway","0","1","Virginia","3/25/20","0","1","51135","1"
"Orange","0","1","Virginia","3/25/20","0","1","51137","1"
"Prince Edward","0","2","Virginia","3/25/20","1","1","51147","100"
"Prince William","4","32","Virginia","3/25/20","4","28","51153","700"
"Radford","0","1","Virginia","3/25/20","0","1","51750","1"
"Richmond City","1","13","Virginia","3/25/20","3","10","51760","333.33"
"Roanoke","0","1","Virginia","3/25/20","0","1","51161","1"
"Rockbridge","0","2","Virginia","3/25/20","0","2","51163","1"
"Rockingham","0","3","Virginia","3/25/20","0","3","51165","1"
"Shenandoah","0","3","Virginia","3/25/20","0","3","51171","1"
"Spotsylvania","0","3","Virginia","3/25/20","1","2","51177","200"
"Stafford","1","6","Virginia","3/25/20","2","4","51179","200"
"Suffolk","0","1","Virginia","3/25/20","0","1","51800","1"
"Virginia Beach","3","23","Virginia","3/25/20","4","19","51810","475"
"Williamsburg","1","5","Virginia","3/25/20","1","4","51830","400"
"York","1","8","Virginia","3/25/20","1","7","51199","700"
"Adams","0","1","Washington","3/25/20","0","1","53001","1"
"Benton","2","12","Washington","3/25/20","0","12","53005","1"
"Chelan","1","10","Washington","3/25/20","2","8","53007","400"
"Clallam","1","4","Washington","3/25/20","0","4","53009","1"
"Clark","2","16","Washington","3/25/20","4","12","53011","300"
"Columbia","0","1","Washington","3/25/20","1","0","53013","0"
"Cowlitz","0","3","Washington","3/25/20","1","2","53015","200"
"Douglas","0","2","Washington","3/25/20","0","2","53017","1"
"Franklin","1","7","Washington","3/25/20","1","6","53021","600"
"Grant","3","27","Washington","3/25/20","8","19","53025","237.5"
"Grays Harbor","0","1","Washington","3/25/20","1","0","53027","0"
"Island","3","38","Washington","3/25/20","16","22","53029","137.5"
"Jefferson","1","9","Washington","3/25/20","4","5","53031","125"
"King","114","1359","Washington","3/25/20","562","797","53033","141.81"
"Kitsap","2","20","Washington","3/25/20","9","11","53035","122.22"
"Kittitas","2","18","Washington","3/25/20","4","14","53037","350"
"Klickitat","1","6","Washington","3/25/20","1","5","53039","500"
"Lewis","0","2","Washington","3/25/20","1","1","53041","100"
"Lincoln","0","1","Washington","3/25/20","1","0","53043","0"
"Mason","0","2","Washington","3/25/20","1","1","53045","100"
"Pierce","14","155","Washington","3/25/20","56","99","53053","176.79"
"San Juan","0","1","Washington","3/25/20","0","1","53055","1"
"Skagit","5","48","Washington","3/25/20","14","34","53057","242.86"
"Snohomish","46","634","Washington","3/25/20","310","324","53061","104.52"
"Spokane","4","33","Washington","3/25/20","5","28","53063","560"
"Stevens","0","1","Washington","3/25/20","0","1","53065","1"
"Thurston","1","14","Washington","3/25/20","6","8","53067","133.33"
"Walla Walla","0","2","Washington","3/25/20","0","2","53071","1"
"Whatcom","8","64","Washington","3/25/20","7","57","53073","814.29"
"Whitman","0","2","Washington","3/25/20","0","2","53075","1"
"Yakima","6","47","Washington","3/25/20","7","40","53077","571.43"
"Berkeley","0","2","West Virginia","3/25/20","0","2","54003","1"
"Harrison","0","3","West Virginia","3/25/20","0","3","54033","1"
"Jackson","0","2","West Virginia","3/25/20","0","2","54035","1"
"Jefferson","0","3","West Virginia","3/25/20","1","2","54037","200"
"Kanawha","1","4","West Virginia","3/25/20","0","4","54039","1"
"Marshall","0","2","West Virginia","3/25/20","0","2","54051","1"
"Mercer","0","2","West Virginia","3/25/20","0","2","54055","1"
"Monongalia","2","16","West Virginia","3/25/20","0","16","54061","1"
"Preston","0","1","West Virginia","3/25/20","0","1","54077","1"
"Putnam","0","1","West Virginia","3/25/20","0","1","54079","1"
"Tucker","0","2","West Virginia","3/25/20","0","2","54093","1"
"Wood","0","1","West Virginia","3/25/20","0","1","54107","1"
"Bayfield","0","1","Wisconsin","3/25/20","0","1","55007","1"
"Brown","0","3","Wisconsin","3/25/20","1","2","55009","200"
"Calumet","0","1","Wisconsin","3/25/20","0","1","55015","1"
"Chippewa","0","1","Wisconsin","3/25/20","0","1","55017","1"
"Clark","0","1","Wisconsin","3/25/20","0","1","55019","1"
"Columbia","1","5","Wisconsin","3/25/20","0","5","55021","1"
"Dane","9","88","Wisconsin","3/25/20","23","65","55025","282.61"
"Dodge","0","3","Wisconsin","3/25/20","0","3","55027","1"
"Douglas","1","4","Wisconsin","3/25/20","0","4","55031","1"
"Dunn","0","1","Wisconsin","3/25/20","0","1","55033","1"
"Eau Claire","1","5","Wisconsin","3/25/20","0","5","55035","1"
"Fond du Lac","1","18","Wisconsin","3/25/20","13","5","55039","38.46"
"Grant","0","1","Wisconsin","3/25/20","0","1","55043","1"
"Green","0","1","Wisconsin","3/25/20","0","1","55045","1"
"Iowa","0","3","Wisconsin","3/25/20","0","3","55049","1"
"Jefferson","1","5","Wisconsin","3/25/20","0","5","55055","1"
"Kenosha","1","14","Wisconsin","3/25/20","4","10","55059","250"
"La Crosse","1","10","Wisconsin","3/25/20","2","8","55063","400"
"Marathon","0","1","Wisconsin","3/25/20","0","1","55073","1"
"Milwaukee","40","325","Wisconsin","3/25/20","47","278","55079","591.49"
"Monroe","0","1","Wisconsin","3/25/20","0","1","55081","1"
"Outagamie","0","4","Wisconsin","3/25/20","1","3","55087","300"
"Ozaukee","3","20","Wisconsin","3/25/20","0","20","55089","1"
"Pierce","0","3","Wisconsin","3/25/20","1","2","55093","200"
"Racine","1","7","Wisconsin","3/25/20","1","6","55101","600"
"Rock","1","4","Wisconsin","3/25/20","0","4","55105","1"
"Sauk","1","6","Wisconsin","3/25/20","0","6","55111","1"
"Sheboygan","0","7","Wisconsin","3/25/20","4","3","55117","75"
"St. Croix","1","4","Wisconsin","3/25/20","0","4","55109","1"
"Walworth","1","5","Wisconsin","3/25/20","1","4","55127","400"
"Washington","3","21","Wisconsin","3/25/20","2","19","55131","950"
"Waukesha","5","42","Wisconsin","3/25/20","5","37","55133","740"
"Winnebago","0","5","Wisconsin","3/25/20","5","0","55139","0"
"Wood","0","1","Wisconsin","3/25/20","1","0","55141","0"
"Albany","0","1","Wyoming","3/25/20","0","1","56001","1"
"Campbell","0","1","Wyoming","3/25/20","0","1","56005","1"
"Carbon","0","3","Wyoming","3/25/20","0","3","56007","1"
"Fremont","1","13","Wyoming","3/25/20","8","5","56013","62.5"
"Laramie","1","11","Wyoming","3/25/20","3","8","56021","266.67"
"Natrona","1","4","Wyoming","3/25/20","0","4","56025","1"
"Park","0","1","Wyoming","3/25/20","1","0","56029","0"
"Sheridan","0","4","Wyoming","3/25/20","4","0","56033","0"
"Sweetwater","0","1","Wyoming","3/25/20","0","1","56037","1"
"Teton","1","5","Wyoming","3/25/20","0","5","56039","1"
