"Locality","DailyAvgNewCasesPast7Days","TotalCases","State","Date","TotalCases7DaysAgo","NewCasesPast7Days","FIPS-Code","PercentIncreaseTotalCasesPast7Days"
"Autauga","1","6","Alabama","3/29/20","0","6","01001","1"
"Baldwin","2","15","Alabama","3/29/20","2","13","01003","650"
"Blount","1","5","Alabama","3/29/20","0","5","01009","1"
"Bullock","0","3","Alabama","3/29/20","0","3","01011","1"
"Butler","0","1","Alabama","3/29/20","0","1","01013","1"
"Calhoun","0","3","Alabama","3/29/20","1","2","01015","200"
"Chambers","4","27","Alabama","3/29/20","2","25","01017","1250"
"Cherokee","0","2","Alabama","3/29/20","0","2","01019","1"
"Chilton","1","7","Alabama","3/29/20","0","7","01021","1"
"Choctaw","0","1","Alabama","3/29/20","0","1","01023","1"
"Clay","0","2","Alabama","3/29/20","0","2","01027","1"
"Cleburne","1","5","Alabama","3/29/20","0","5","01029","1"
"Colbert","0","2","Alabama","3/29/20","0","2","01033","1"
"Coosa","0","3","Alabama","3/29/20","0","3","01037","1"
"Covington","0","2","Alabama","3/29/20","0","2","01039","1"
"Crenshaw","0","1","Alabama","3/29/20","0","1","01041","1"
"Cullman","1","7","Alabama","3/29/20","2","5","01043","250"
"Dallas","0","2","Alabama","3/29/20","0","2","01047","1"
"DeKalb","1","4","Alabama","3/29/20","0","4","01049","1"
"Elmore","1","13","Alabama","3/29/20","6","7","01051","116.67"
"Escambia","0","1","Alabama","3/29/20","0","1","01053","1"
"Etowah","1","6","Alabama","3/29/20","0","6","01055","1"
"Franklin","0","3","Alabama","3/29/20","0","3","01059","1"
"Greene","0","3","Alabama","3/29/20","0","3","01063","1"
"Houston","1","6","Alabama","3/29/20","0","6","01069","1"
"Jackson","1","5","Alabama","3/29/20","1","4","01071","400"
"Jefferson","25","245","Alabama","3/29/20","71","174","01073","245.07"
"Lamar","0","1","Alabama","3/29/20","1","0","01075","0"
"Lauderdale","1","12","Alabama","3/29/20","2","10","01077","500"
"Lawrence","0","3","Alabama","3/29/20","0","3","01079","1"
"Lee","6","59","Alabama","3/29/20","16","43","01081","268.75"
"Limestone","2","16","Alabama","3/29/20","1","15","01083","1500"
"Lowndes","0","1","Alabama","3/29/20","0","1","01085","1"
"Macon","0","1","Alabama","3/29/20","0","1","01087","1"
"Madison","9","79","Alabama","3/29/20","16","63","01089","393.75"
"Marengo","1","5","Alabama","3/29/20","0","5","01091","1"
"Marion","1","10","Alabama","3/29/20","1","9","01093","900"
"Marshall","1","5","Alabama","3/29/20","0","5","01095","1"
"Mobile","5","40","Alabama","3/29/20","2","38","01097","1900"
"Monroe","0","1","Alabama","3/29/20","0","1","01099","1"
"Montgomery","3","21","Alabama","3/29/20","3","18","01101","600"
"Morgan","2","17","Alabama","3/29/20","0","17","01103","1"
"Pickens","0","2","Alabama","3/29/20","0","2","01107","1"
"Pike","1","4","Alabama","3/29/20","0","4","01109","1"
"Randolph","0","2","Alabama","3/29/20","0","2","01111","1"
"Russell","0","1","Alabama","3/29/20","0","1","01113","1"
"Shelby","9","79","Alabama","3/29/20","17","62","01117","364.71"
"St. Clair","1","13","Alabama","3/29/20","3","10","01115","333.33"
"Talladega","0","4","Alabama","3/29/20","1","3","01121","300"
"Tallapoosa","1","8","Alabama","3/29/20","0","8","01123","1"
"Tuscaloosa","2","23","Alabama","3/29/20","7","16","01125","228.57"
"Walker","4","30","Alabama","3/29/20","1","29","01127","2900"
"Washington","0","4","Alabama","3/29/20","1","3","01129","300"
"Wilcox","0","2","Alabama","3/29/20","0","2","01131","1"
"Winston","0","2","Alabama","3/29/20","0","2","01133","1"
"Anchorage","7","54","Alaska","3/29/20","5","49","02020","980"
"Fairbanks North Star","2","23","Alaska","3/29/20","7","16","02090","228.57"
"Juneau","1","4","Alaska","3/29/20","0","4","02110","1"
"Kenai Peninsula","1","7","Alaska","3/29/20","0","7","02122","1"
"Ketchikan Gateway","1","12","Alaska","3/29/20","6","6","02130","100"
"Matanuska-Susitna","0","2","Alaska","3/29/20","0","2","02170","1"
"Apache","1","13","Arizona","3/29/20","3","10","04001","333.33"
"Cochise","0","3","Arizona","3/29/20","1","2","04003","200"
"Coconino","7","62","Arizona","3/29/20","14","48","04005","342.86"
"Gila","0","1","Arizona","3/29/20","0","1","04007","1"
"Graham","0","2","Arizona","3/29/20","2","0","04009","0"
"La Paz","0","2","Arizona","3/29/20","0","2","04012","1"
"Maricopa","66","545","Arizona","3/29/20","81","464","04013","572.84"
"Mohave","1","6","Arizona","3/29/20","0","6","04015","1"
"Navajo","7","62","Arizona","3/29/20","13","49","04017","376.92"
"Pima","19","153","Arizona","3/29/20","17","136","04019","800"
"Pinal","5","51","Arizona","3/29/20","16","35","04021","218.75"
"Santa Cruz","0","2","Arizona","3/29/20","1","1","04023","100"
"Yavapai","1","12","Arizona","3/29/20","3","9","04025","300"
"Yuma","1","5","Arizona","3/29/20","1","4","04027","400"
"Ashley","0","1","Arkansas","3/29/20","0","1","05003","1"
"Baxter","0","1","Arkansas","3/29/20","0","1","05005","1"
"Benton","4","31","Arkansas","3/29/20","1","30","05007","3000"
"Boone","0","1","Arkansas","3/29/20","1","0","05009","0"
"Bradley","0","4","Arkansas","3/29/20","1","3","05011","300"
"Chicot","0","1","Arkansas","3/29/20","0","1","05017","1"
"Clark","2","17","Arkansas","3/29/20","1","16","05019","1600"
"Cleburne","7","50","Arkansas","3/29/20","3","47","05023","1566.67"
"Cleveland","1","5","Arkansas","3/29/20","0","5","05025","1"
"Columbia","0","1","Arkansas","3/29/20","1","0","05027","0"
"Conway","0","1","Arkansas","3/29/20","1","0","05029","0"
"Craighead","1","6","Arkansas","3/29/20","1","5","05031","500"
"Crawford","0","1","Arkansas","3/29/20","0","1","05033","1"
"Crittenden","2","17","Arkansas","3/29/20","1","16","05035","1600"
"Cross","0","1","Arkansas","3/29/20","0","1","05037","1"
"Desha","0","2","Arkansas","3/29/20","0","2","05041","1"
"Drew","0","1","Arkansas","3/29/20","0","1","05043","1"
"Faulkner","4","30","Arkansas","3/29/20","2","28","05045","1400"
"Garland","3","25","Arkansas","3/29/20","3","22","05051","733.33"
"Grant","0","3","Arkansas","3/29/20","1","2","05053","200"
"Greene","0","1","Arkansas","3/29/20","1","0","05055","0"
"Hot Spring","0","1","Arkansas","3/29/20","0","1","05059","1"
"Howard","0","1","Arkansas","3/29/20","0","1","05061","1"
"Independence","0","3","Arkansas","3/29/20","1","2","05063","200"
"Jefferson","2","25","Arkansas","3/29/20","9","16","05069","177.78"
"Johnson","0","1","Arkansas","3/29/20","0","1","05071","1"
"Lawrence","0","1","Arkansas","3/29/20","0","1","05075","1"
"Lincoln","1","6","Arkansas","3/29/20","0","6","05079","1"
"Lonoke","0","1","Arkansas","3/29/20","0","1","05085","1"
"Nevada","0","1","Arkansas","3/29/20","0","1","05099","1"
"Pike","0","1","Arkansas","3/29/20","0","1","05109","1"
"Poinsett","0","3","Arkansas","3/29/20","1","2","05111","200"
"Polk","0","1","Arkansas","3/29/20","1","0","05113","0"
"Pope","0","1","Arkansas","3/29/20","1","0","05115","0"
"Pulaski","13","93","Arkansas","3/29/20","4","89","05119","2225"
"Randolph","0","1","Arkansas","3/29/20","0","1","05121","1"
"Saline","1","6","Arkansas","3/29/20","1","5","05125","500"
"Searcy","0","2","Arkansas","3/29/20","1","1","05129","100"
"Sebastian","0","2","Arkansas","3/29/20","1","1","05131","100"
"Sevier","0","1","Arkansas","3/29/20","1","0","05133","0"
"Stone","0","1","Arkansas","3/29/20","0","1","05137","1"
"Union","1","5","Arkansas","3/29/20","1","4","05139","400"
"Van Buren","2","17","Arkansas","3/29/20","1","16","05141","1600"
"Washington","2","14","Arkansas","3/29/20","2","12","05143","600"
"White","1","6","Arkansas","3/29/20","0","6","05145","1"
"Woodruff","0","1","Arkansas","3/29/20","1","0","05147","0"
"Alameda","28","270","California","3/29/20","71","199","06001","280.28"
"Amador","0","2","California","3/29/20","1","1","06005","100"
"Butte","1","5","California","3/29/20","1","4","06007","400"
"Calaveras","0","3","California","3/29/20","2","1","06009","50"
"Colusa","0","1","California","3/29/20","0","1","06011","1"
"Contra Costa","15","168","California","3/29/20","61","107","06013","175.41"
"El Dorado","2","12","California","3/29/20","0","12","06017","1"
"Fresno","5","43","California","3/29/20","6","37","06019","616.67"
"Glenn","0","1","California","3/29/20","0","1","06021","1"
"Humboldt","2","18","California","3/29/20","2","16","06023","800"
"Imperial","3","25","California","3/29/20","6","19","06025","316.67"
"Inyo","1","8","California","3/29/20","0","8","06027","1"
"Kern","7","51","California","3/29/20","5","46","06029","920"
"Kings","0","2","California","3/29/20","0","2","06031","1"
"Los Angeles","203","1829","California","3/29/20","407","1422","06037","349.39"
"Madera","2","15","California","3/29/20","3","12","06039","400"
"Marin","5","74","California","3/29/20","38","36","06041","94.74"
"Mendocino","0","3","California","3/29/20","1","2","06045","200"
"Merced","1","8","California","3/29/20","0","8","06047","1"
"Mono","1","11","California","3/29/20","1","10","06051","1000"
"Monterey","4","36","California","3/29/20","11","25","06053","227.27"
"Napa","1","10","California","3/29/20","1","9","06055","900"
"Nevada","2","12","California","3/29/20","1","11","06057","1100"
"Orange","48","431","California","3/29/20","95","336","06059","353.68"
"Placer","6","53","California","3/29/20","12","41","06061","341.67"
"Riverside","24","195","California","3/29/20","29","166","06065","572.41"
"Sacramento","16","164","California","3/29/20","53","111","06067","209.43"
"San Benito","1","14","California","3/29/20","5","9","06069","180"
"San Bernardino","8","76","California","3/29/20","17","59","06071","347.06"
"San Diego","47","484","California","3/29/20","155","329","06073","212.26"
"San Francisco","33","340","California","3/29/20","108","232","06075","214.81"
"San Joaquin","12","113","California","3/29/20","31","82","06077","264.52"
"San Luis Obispo","6","67","California","3/29/20","27","40","06079","148.15"
"San Mateo","23","277","California","3/29/20","117","160","06081","136.75"
"Santa Barbara","7","64","California","3/29/20","13","51","06083","392.31"
"Santa Clara","55","646","California","3/29/20","263","383","06085","145.63"
"Santa Cruz","4","41","California","3/29/20","15","26","06087","173.33"
"Shasta","0","4","California","3/29/20","1","3","06089","300"
"Siskiyou","0","3","California","3/29/20","2","1","06093","50"
"Solano","3","34","California","3/29/20","13","21","06095","161.54"
"Sonoma","5","58","California","3/29/20","22","36","06097","163.64"
"Stanislaus","3","29","California","3/29/20","5","24","06099","480"
"Sutter","1","6","California","3/29/20","0","6","06101","1"
"Tulare","2","29","California","3/29/20","12","17","06107","141.67"
"Ventura","10","98","California","3/29/20","25","73","06111","292"
"Yolo","1","16","California","3/29/20","6","10","06113","166.67"
"Yuba","0","3","California","3/29/20","2","1","06115","50"
"Adams","13","110","Colorado","3/29/20","18","92","08001","511.11"
"Alamosa","0","1","Colorado","3/29/20","0","1","08003","1"
"Arapahoe","28","241","Colorado","3/29/20","45","196","08005","435.56"
"Baca","0","1","Colorado","3/29/20","0","1","08009","1"
"Boulder","8","90","Colorado","3/29/20","37","53","08013","143.24"
"Broomfield","2","17","Colorado","3/29/20","1","16","08014","1600"
"Chaffee","2","15","Colorado","3/29/20","3","12","08015","400"
"Clear Creek","0","3","Colorado","3/29/20","3","0","08019","0"
"Costilla","0","1","Colorado","3/29/20","0","1","08023","1"
"Crowley","0","1","Colorado","3/29/20","1","0","08025","0"
"Delta","0","1","Colorado","3/29/20","0","1","08029","1"
"Denver","40","408","Colorado","3/29/20","125","283","08031","226.4"
"Douglas","10","102","Colorado","3/29/20","33","69","08035","209.09"
"Eagle","15","187","Colorado","3/29/20","80","107","08037","133.75"
"El Paso","23","214","Colorado","3/29/20","51","163","08041","319.61"
"Elbert","0","3","Colorado","3/29/20","3","0","08039","0"
"Fremont","0","1","Colorado","3/29/20","0","1","08043","1"
"Garfield","2","25","Colorado","3/29/20","8","17","08045","212.5"
"Grand","0","2","Colorado","3/29/20","2","0","08049","0"
"Gunnison","8","79","Colorado","3/29/20","22","57","08051","259.09"
"Hinsdale","0","1","Colorado","3/29/20","1","0","08053","0"
"Huerfano","0","1","Colorado","3/29/20","0","1","08055","1"
"Jefferson","23","213","Colorado","3/29/20","51","162","08059","317.65"
"Kit Carson","0","1","Colorado","3/29/20","0","1","08063","1"
"La Plata","3","21","Colorado","3/29/20","0","21","08067","1"
"Larimer","7","84","Colorado","3/29/20","32","52","08069","162.5"
"Lincoln","0","1","Colorado","3/29/20","0","1","08073","1"
"Logan","0","5","Colorado","3/29/20","2","3","08075","150"
"Mesa","1","12","Colorado","3/29/20","4","8","08077","200"
"Mineral","0","1","Colorado","3/29/20","0","1","08079","1"
"Moffat","0","2","Colorado","3/29/20","0","2","08081","1"
"Montezuma","0","1","Colorado","3/29/20","0","1","08083","1"
"Montrose","1","8","Colorado","3/29/20","1","7","08085","700"
"Morgan","0","5","Colorado","3/29/20","2","3","08087","150"
"Otero","0","3","Colorado","3/29/20","0","3","08089","1"
"Park","0","3","Colorado","3/29/20","1","2","08093","200"
"Pitkin","2","27","Colorado","3/29/20","16","11","08097","68.75"
"Pueblo","1","10","Colorado","3/29/20","3","7","08101","233.33"
"Rio Grande","0","3","Colorado","3/29/20","0","3","08105","1"
"Routt","2","16","Colorado","3/29/20","3","13","08107","433.33"
"San Miguel","0","1","Colorado","3/29/20","1","0","08113","0"
"Summit","1","11","Colorado","3/29/20","7","4","08117","57.14"
"Teller","1","7","Colorado","3/29/20","0","7","08119","1"
"Washington","0","1","Colorado","3/29/20","0","1","08121","1"
"Weld","20","180","Colorado","3/29/20","37","143","08123","386.49"
"Yuma","0","2","Colorado","3/29/20","1","1","08125","100"
"Fairfield","148","1245","Connecticut","3/29/20","208","1037","09001","498.56"
"Hartford","32","276","Connecticut","3/29/20","54","222","09003","411.11"
"Litchfield","11","87","Connecticut","3/29/20","12","75","09005","625"
"Middlesex","5","38","Connecticut","3/29/20","6","32","09007","533.33"
"New Haven","36","280","Connecticut","3/29/20","29","251","09009","865.52"
"New London","2","20","Connecticut","3/29/20","3","17","09011","566.67"
"Tolland","4","40","Connecticut","3/29/20","14","26","09013","185.71"
"Windham","1","7","Connecticut","3/29/20","1","6","09015","600"
"Kent","3","25","Delaware","3/29/20","5","20","10001","400"
"New Castle","15","141","Delaware","3/29/20","39","102","10003","261.54"
"Sussex","8","66","Delaware","3/29/20","12","54","10005","450"
"","0","49","Diamond Princess","3/29/20","49","0",,"0"
"District of Columbia","34","342","District of Columbia","3/29/20","102","240","11001","235.29"
"Alachua","5","71","Florida","3/29/20","35","36","12001","102.86"
"Baker","1","7","Florida","3/29/20","2","5","12003","250"
"Bay","1","6","Florida","3/29/20","1","5","12005","500"
"Bradford","0","1","Florida","3/29/20","1","0","12007","0"
"Brevard","3","28","Florida","3/29/20","7","21","12009","300"
"Broward","89","838","Florida","3/29/20","217","621","12011","286.18"
"Charlotte","2","16","Florida","3/29/20","2","14","12015","700"
"Citrus","1","15","Florida","3/29/20","8","7","12017","87.5"
"Clay","3","30","Florida","3/29/20","7","23","12019","328.57"
"Collier","9","95","Florida","3/29/20","33","62","12021","187.88"
"Columbia","0","3","Florida","3/29/20","2","1","12023","50"
"DeSoto","1","7","Florida","3/29/20","1","6","12027","600"
"Duval","12","125","Florida","3/29/20","39","86","12031","220.51"
"Escambia","4","30","Florida","3/29/20","4","26","12033","650"
"Flagler","2","13","Florida","3/29/20","1","12","12035","1200"
"Gadsden","0","1","Florida","3/29/20","1","0","12039","0"
"Hendry","0","1","Florida","3/29/20","0","1","12051","1"
"Hernando","1","14","Florida","3/29/20","5","9","12053","180"
"Highlands","1","10","Florida","3/29/20","1","9","12055","900"
"Hillsborough","23","218","Florida","3/29/20","58","160","12057","275.86"
"Indian River","1","17","Florida","3/29/20","8","9","12061","112.5"
"Jackson","0","1","Florida","3/29/20","1","0","12063","0"
"Lake","5","38","Florida","3/29/20","6","32","12069","533.33"
"Lee","14","124","Florida","3/29/20","26","98","12071","376.92"
"Leon","2","18","Florida","3/29/20","5","13","12073","260"
"Levy","0","2","Florida","3/29/20","0","2","12075","1"
"Manatee","3","33","Florida","3/29/20","13","20","12081","153.85"
"Marion","2","20","Florida","3/29/20","3","17","12083","566.67"
"Martin","3","26","Florida","3/29/20","2","24","12085","1200"
"Miami-Dade","138","1192","Florida","3/29/20","227","965","12086","425.11"
"Monroe","3","22","Florida","3/29/20","1","21","12087","2100"
"Nassau","1","7","Florida","3/29/20","1","6","12089","600"
"Okaloosa","2","31","Florida","3/29/20","14","17","12091","121.43"
"Orange","30","246","Florida","3/29/20","33","213","12095","645.45"
"Osceola","8","83","Florida","3/29/20","24","59","12097","245.83"
"Palm Beach","37","333","Florida","3/29/20","72","261","12099","362.5"
"Pasco","3","34","Florida","3/29/20","11","23","12101","209.09"
"Pinellas","11","113","Florida","3/29/20","38","75","12103","197.37"
"Polk","4","39","Florida","3/29/20","11","28","12105","254.55"
"Putnam","1","12","Florida","3/29/20","2","10","12107","500"
"Santa Rosa","2","20","Florida","3/29/20","4","16","12113","400"
"Sarasota","5","50","Florida","3/29/20","15","35","12115","233.33"
"Seminole","8","76","Florida","3/29/20","19","57","12117","300"
"St. Johns","5","50","Florida","3/29/20","16","34","12109","212.5"
"St. Lucie","3","23","Florida","3/29/20","3","20","12111","666.67"
"Sumter","5","43","Florida","3/29/20","5","38","12119","760"
"Suwannee","0","1","Florida","3/29/20","0","1","12121","1"
"Volusia","5","47","Florida","3/29/20","14","33","12127","235.71"
"Walton","2","15","Florida","3/29/20","4","11","12131","275"
"Washington","0","1","Florida","3/29/20","0","1","12133","1"
"Bacon","0","1","Georgia","3/29/20","0","1","13005","1"
"Baker","0","1","Georgia","3/29/20","0","1","13007","1"
"Baldwin","0","2","Georgia","3/29/20","2","0","13009","0"
"Barrow","1","7","Georgia","3/29/20","1","6","13013","600"
"Bartow","9","119","Georgia","3/29/20","56","63","13015","112.5"
"Ben Hill","0","2","Georgia","3/29/20","0","2","13017","1"
"Bibb","2","13","Georgia","3/29/20","1","12","13021","1200"
"Brooks","0","1","Georgia","3/29/20","0","1","13027","1"
"Bryan","1","7","Georgia","3/29/20","0","7","13029","1"
"Bulloch","0","1","Georgia","3/29/20","0","1","13031","1"
"Burke","1","4","Georgia","3/29/20","0","4","13033","1"
"Butts","1","5","Georgia","3/29/20","1","4","13035","400"
"Calhoun","0","3","Georgia","3/29/20","0","3","13037","1"
"Camden","0","2","Georgia","3/29/20","0","2","13039","1"
"Candler","0","1","Georgia","3/29/20","0","1","13043","1"
"Carroll","7","64","Georgia","3/29/20","16","48","13045","300"
"Catoosa","0","3","Georgia","3/29/20","0","3","13047","1"
"Charlton","0","1","Georgia","3/29/20","1","0","13049","0"
"Chatham","2","15","Georgia","3/29/20","4","11","13051","275"
"Chattahoochee","0","1","Georgia","3/29/20","0","1","13053","1"
"Chattooga","0","1","Georgia","3/29/20","1","0","13055","0"
"Cherokee","5","56","Georgia","3/29/20","18","38","13057","211.11"
"Clarke","4","35","Georgia","3/29/20","9","26","13059","288.89"
"Clayton","7","59","Georgia","3/29/20","13","46","13063","353.85"
"Clinch","0","1","Georgia","3/29/20","1","0","13065","0"
"Cobb","22","222","Georgia","3/29/20","67","155","13067","231.34"
"Coffee","1","8","Georgia","3/29/20","0","8","13069","1"
"Colquitt","1","6","Georgia","3/29/20","0","6","13071","1"
"Columbia","1","12","Georgia","3/29/20","3","9","13073","300"
"Coweta","2","22","Georgia","3/29/20","8","14","13077","175"
"Crisp","1","6","Georgia","3/29/20","0","6","13081","1"
"Dawson","0","2","Georgia","3/29/20","1","1","13085","100"
"Decatur","1","4","Georgia","3/29/20","0","4","13087","1"
"DeKalb","31","272","Georgia","3/29/20","53","219","13089","413.21"
"Dodge","0","1","Georgia","3/29/20","0","1","13091","1"
"Dougherty","27","239","Georgia","3/29/20","52","187","13095","359.62"
"Douglas","5","37","Georgia","3/29/20","4","33","13097","825"
"Early","2","16","Georgia","3/29/20","2","14","13099","700"
"Effingham","0","4","Georgia","3/29/20","2","2","13103","100"
"Fannin","0","3","Georgia","3/29/20","0","3","13111","1"
"Fayette","2","26","Georgia","3/29/20","9","17","13113","188.89"
"Floyd","3","27","Georgia","3/29/20","9","18","13115","200"
"Forsyth","3","25","Georgia","3/29/20","4","21","13117","525"
"Franklin","0","2","Georgia","3/29/20","0","2","13119","1"
"Fulton","42","407","Georgia","3/29/20","111","296","13121","266.67"
"Glynn","1","8","Georgia","3/29/20","3","5","13127","166.67"
"Gordon","1","14","Georgia","3/29/20","4","10","13129","250"
"Greene","0","1","Georgia","3/29/20","0","1","13133","1"
"Gwinnett","17","143","Georgia","3/29/20","27","116","13135","429.63"
"Hall","3","32","Georgia","3/29/20","9","23","13139","255.56"
"Haralson","0","2","Georgia","3/29/20","0","2","13143","1"
"Harris","0","2","Georgia","3/29/20","0","2","13145","1"
"Hart","0","1","Georgia","3/29/20","0","1","13147","1"
"Heard","0","1","Georgia","3/29/20","1","0","13149","0"
"Henry","7","55","Georgia","3/29/20","7","48","13151","685.71"
"Houston","2","15","Georgia","3/29/20","1","14","13153","1400"
"Irwin","0","3","Georgia","3/29/20","0","3","13155","1"
"Jackson","0","2","Georgia","3/29/20","0","2","13157","1"
"Jasper","0","2","Georgia","3/29/20","0","2","13159","1"
"Jenkins","0","1","Georgia","3/29/20","0","1","13165","1"
"Jones","0","2","Georgia","3/29/20","0","2","13169","1"
"Lamar","0","2","Georgia","3/29/20","3","-1","13171","-33.33"
"Laurens","1","9","Georgia","3/29/20","2","7","13175","350"
"Lee","4","43","Georgia","3/29/20","16","27","13177","168.75"
"Liberty","0","3","Georgia","3/29/20","0","3","13179","1"
"Lincoln","0","3","Georgia","3/29/20","1","2","13181","200"
"Long","0","1","Georgia","3/29/20","0","1","13183","1"
"Lowndes","2","20","Georgia","3/29/20","8","12","13185","150"
"Lumpkin","0","4","Georgia","3/29/20","1","3","13187","300"
"Macon","0","1","Georgia","3/29/20","0","1","13193","1"
"Madison","0","3","Georgia","3/29/20","0","3","13195","1"
"McDuffie","0","1","Georgia","3/29/20","0","1","13189","1"
"Meriwether","1","5","Georgia","3/29/20","0","5","13199","1"
"Miller","0","4","Georgia","3/29/20","1","3","13201","300"
"Mitchell","2","15","Georgia","3/29/20","0","15","13205","1"
"Monroe","0","3","Georgia","3/29/20","1","2","13207","200"
"Morgan","0","1","Georgia","3/29/20","0","1","13211","1"
"Murray","0","3","Georgia","3/29/20","0","3","13213","1"
"Muscogee","1","8","Georgia","3/29/20","2","6","13215","300"
"Newton","2","17","Georgia","3/29/20","4","13","13217","325"
"Oconee","1","11","Georgia","3/29/20","1","10","13219","1000"
"Paulding","3","23","Georgia","3/29/20","4","19","13223","475"
"Peach","0","6","Georgia","3/29/20","3","3","13225","100"
"Pickens","0","5","Georgia","3/29/20","2","3","13227","150"
"Pierce","0","2","Georgia","3/29/20","0","2","13229","1"
"Pike","0","2","Georgia","3/29/20","0","2","13231","1"
"Polk","1","10","Georgia","3/29/20","4","6","13233","150"
"Pulaski","0","3","Georgia","3/29/20","0","3","13235","1"
"Randolph","0","3","Georgia","3/29/20","1","2","13243","200"
"Richmond","0","12","Georgia","3/29/20","10","2","13245","20"
"Rockdale","2","18","Georgia","3/29/20","2","16","13247","800"
"Seminole","0","3","Georgia","3/29/20","0","3","13253","1"
"Spalding","1","12","Georgia","3/29/20","2","10","13255","500"
"Stephens","0","3","Georgia","3/29/20","0","3","13257","1"
"Sumter","2","15","Georgia","3/29/20","2","13","13261","650"
"Tattnall","0","2","Georgia","3/29/20","0","2","13267","1"
"Taylor","0","1","Georgia","3/29/20","0","1","13269","1"
"Terrell","1","10","Georgia","3/29/20","2","8","13273","400"
"Thomas","1","7","Georgia","3/29/20","0","7","13275","1"
"Tift","2","13","Georgia","3/29/20","2","11","13277","550"
"Toombs","0","1","Georgia","3/29/20","0","1","13279","1"
"Troup","1","9","Georgia","3/29/20","4","5","13285","125"
"Turner","0","2","Georgia","3/29/20","1","1","13287","100"
"Twiggs","0","2","Georgia","3/29/20","1","1","13289","100"
"Upson","1","5","Georgia","3/29/20","0","5","13293","1"
"Walton","1","5","Georgia","3/29/20","0","5","13297","1"
"Ware","1","5","Georgia","3/29/20","0","5","13299","1"
"Washington","0","2","Georgia","3/29/20","0","2","13303","1"
"Wheeler","0","1","Georgia","3/29/20","0","1","13309","1"
"White","0","1","Georgia","3/29/20","0","1","13311","1"
"Whitfield","1","8","Georgia","3/29/20","2","6","13313","300"
"Wilkes","0","1","Georgia","3/29/20","0","1","13317","1"
"Worth","1","10","Georgia","3/29/20","2","8","13321","400"
"","10","103","Grand Princess","3/29/20","30","73",,"243.33"
"","4","56","Guam","3/29/20","27","29",,"107.41"
"Hawaii","1","10","Hawaii","3/29/20","0","10","15001","1"
"Honolulu","10","108","Hawaii","3/29/20","41","67","15003","163.41"
"Kauai","1","11","Hawaii","3/29/20","3","8","15007","266.67"
"Maui","1","16","Hawaii","3/29/20","9","7","15009","77.78"
"Ada","12","92","Idaho","3/29/20","11","81","16001","736.36"
"Bannock","0","3","Idaho","3/29/20","0","3","16005","1"
"Bingham","0","1","Idaho","3/29/20","2","-1","16011","-50"
"Blaine","13","114","Idaho","3/29/20","21","93","16013","442.86"
"Bonner","0","1","Idaho","3/29/20","0","1","16017","1"
"Bonneville","0","1","Idaho","3/29/20","0","1","16019","1"
"Canyon","3","22","Idaho","3/29/20","1","21","16027","2100"
"Cassia","0","1","Idaho","3/29/20","0","1","16031","1"
"Custer","0","1","Idaho","3/29/20","0","1","16037","1"
"Fremont","0","1","Idaho","3/29/20","0","1","16043","1"
"Gem","0","1","Idaho","3/29/20","0","1","16045","1"
"Idaho","0","1","Idaho","3/29/20","0","1","16049","1"
"Jefferson","0","2","Idaho","3/29/20","0","2","16051","1"
"Kootenai","3","26","Idaho","3/29/20","3","23","16055","766.67"
"Lincoln","0","1","Idaho","3/29/20","0","1","16063","1"
"Madison","0","2","Idaho","3/29/20","1","1","16065","100"
"Nez Perce","1","4","Idaho","3/29/20","0","4","16069","1"
"Owyhee","0","1","Idaho","3/29/20","0","1","16073","1"
"Payette","0","1","Idaho","3/29/20","0","1","16075","1"
"Teton","0","2","Idaho","3/29/20","2","0","16081","0"
"Twin Falls","0","2","Idaho","3/29/20","1","1","16083","100"
"Valley","0","1","Idaho","3/29/20","0","1","16085","1"
"Adams","0","2","Illinois","3/29/20","1","1","17001","100"
"Bond","0","1","Illinois","3/29/20","0","1","17005","1"
"Bureau","0","1","Illinois","3/29/20","0","1","17011","1"
"Carroll","0","1","Illinois","3/29/20","0","1","17015","1"
"Champaign","3","21","Illinois","3/29/20","2","19","17019","950"
"Christian","1","6","Illinois","3/29/20","1","5","17021","500"
"Clinton","0","6","Illinois","3/29/20","3","3","17027","100"
"Cook","377","3445","Illinois","3/29/20","805","2640","17031","327.95"
"Cumberland","0","1","Illinois","3/29/20","1","0","17035","0"
"DeKalb","1","8","Illinois","3/29/20","1","7","17037","700"
"Douglas","0","1","Illinois","3/29/20","0","1","17041","1"
"DuPage","28","274","Illinois","3/29/20","79","195","17043","246.84"
"Fayette","0","1","Illinois","3/29/20","0","1","17051","1"
"Franklin","0","2","Illinois","3/29/20","0","2","17055","1"
"Grundy","0","3","Illinois","3/29/20","0","3","17063","1"
"Henry","0","2","Illinois","3/29/20","0","2","17073","1"
"Iroquois","0","2","Illinois","3/29/20","0","2","17075","1"
"Jackson","0","3","Illinois","3/29/20","1","2","17077","200"
"Jo Daviess","0","1","Illinois","3/29/20","1","0","17085","0"
"Kane","12","100","Illinois","3/29/20","13","87","17089","669.23"
"Kankakee","4","33","Illinois","3/29/20","2","31","17091","1550"
"Kendall","2","15","Illinois","3/29/20","4","11","17093","275"
"Knox","0","1","Illinois","3/29/20","0","1","17095","1"
"Lake","33","300","Illinois","3/29/20","69","231","17097","334.78"
"LaSalle","0","4","Illinois","3/29/20","1","3","17099","300"
"Livingston","0","2","Illinois","3/29/20","1","1","17105","100"
"Macon","0","2","Illinois","3/29/20","0","2","17115","1"
"Madison","1","12","Illinois","3/29/20","2","10","17119","500"
"Marshall","0","1","Illinois","3/29/20","0","1","17123","1"
"McHenry","6","52","Illinois","3/29/20","12","40","17111","333.33"
"McLean","1","14","Illinois","3/29/20","6","8","17113","133.33"
"Menard","0","1","Illinois","3/29/20","0","1","17129","1"
"Monroe","0","3","Illinois","3/29/20","0","3","17133","1"
"Montgomery","0","1","Illinois","3/29/20","0","1","17135","1"
"Morgan","0","3","Illinois","3/29/20","0","3","17137","1"
"Peoria","1","8","Illinois","3/29/20","3","5","17143","166.67"
"Rock Island","1","5","Illinois","3/29/20","1","4","17161","400"
"Sangamon","1","9","Illinois","3/29/20","4","5","17167","125"
"St. Clair","4","31","Illinois","3/29/20","3","28","17163","933.33"
"Stephenson","0","3","Illinois","3/29/20","1","2","17177","200"
"Tazewell","1","4","Illinois","3/29/20","0","4","17179","1"
"Washington","0","1","Illinois","3/29/20","1","0","17189","0"
"Whiteside","0","3","Illinois","3/29/20","1","2","17195","200"
"Will","23","182","Illinois","3/29/20","21","161","17197","766.67"
"Williamson","0","1","Illinois","3/29/20","1","0","17199","0"
"Winnebago","1","12","Illinois","3/29/20","4","8","17201","200"
"Woodford","0","4","Illinois","3/29/20","2","2","17203","100"
"Adams","0","1","Indiana","3/29/20","1","0","18001","0"
"Allen","3","26","Indiana","3/29/20","4","22","18003","550"
"Bartholomew","1","10","Indiana","3/29/20","5","5","18005","100"
"Boone","1","13","Indiana","3/29/20","3","10","18011","333.33"
"Brown","0","3","Indiana","3/29/20","0","3","18013","1"
"Carroll","0","1","Indiana","3/29/20","0","1","18015","1"
"Clark","2","20","Indiana","3/29/20","4","16","18019","400"
"Clay","0","1","Indiana","3/29/20","0","1","18021","1"
"Clinton","0","1","Indiana","3/29/20","0","1","18023","1"
"Crawford","0","1","Indiana","3/29/20","0","1","18025","1"
"Dearborn","1","10","Indiana","3/29/20","0","10","18029","1"
"Decatur","6","40","Indiana","3/29/20","0","40","18031","1"
"DeKalb","0","1","Indiana","3/29/20","0","1","18033","1"
"Delaware","2","14","Indiana","3/29/20","2","12","18035","600"
"Dubois","0","2","Indiana","3/29/20","1","1","18037","100"
"Elkhart","1","12","Indiana","3/29/20","4","8","18039","200"
"Fayette","1","5","Indiana","3/29/20","1","4","18041","400"
"Floyd","2","14","Indiana","3/29/20","3","11","18043","366.67"
"Fountain","0","1","Indiana","3/29/20","0","1","18045","1"
"Franklin","3","26","Indiana","3/29/20","4","22","18047","550"
"Fulton","0","1","Indiana","3/29/20","0","1","18049","1"
"Gibson","1","4","Indiana","3/29/20","0","4","18051","1"
"Grant","1","7","Indiana","3/29/20","2","5","18053","250"
"Greene","0","1","Indiana","3/29/20","1","0","18055","0"
"Hamilton","9","83","Indiana","3/29/20","18","65","18057","361.11"
"Hancock","3","22","Indiana","3/29/20","2","20","18059","1000"
"Harrison","2","14","Indiana","3/29/20","0","14","18061","1"
"Hendricks","6","48","Indiana","3/29/20","8","40","18063","500"
"Henry","0","2","Indiana","3/29/20","0","2","18065","1"
"Howard","1","12","Indiana","3/29/20","6","6","18067","100"
"Huntington","0","1","Indiana","3/29/20","0","1","18069","1"
"Jackson","1","7","Indiana","3/29/20","0","7","18071","1"
"Jasper","1","6","Indiana","3/29/20","0","6","18073","1"
"Jennings","2","13","Indiana","3/29/20","1","12","18079","1200"
"Johnson","8","71","Indiana","3/29/20","12","59","18081","491.67"
"Knox","0","2","Indiana","3/29/20","0","2","18083","1"
"Kosciusko","0","3","Indiana","3/29/20","0","3","18085","1"
"LaGrange","0","2","Indiana","3/29/20","0","2","18087","1"
"Lake","11","85","Indiana","3/29/20","10","75","18089","750"
"LaPorte","1","6","Indiana","3/29/20","2","4","18091","200"
"Lawrence","1","8","Indiana","3/29/20","0","8","18093","1"
"Madison","2","18","Indiana","3/29/20","2","16","18095","800"
"Marion","85","676","Indiana","3/29/20","82","594","18097","724.39"
"Marshall","0","3","Indiana","3/29/20","0","3","18099","1"
"Miami","0","1","Indiana","3/29/20","1","0","18103","0"
"Monroe","3","22","Indiana","3/29/20","1","21","18105","2100"
"Montgomery","1","5","Indiana","3/29/20","0","5","18107","1"
"Morgan","3","20","Indiana","3/29/20","1","19","18109","1900"
"Newton","0","1","Indiana","3/29/20","0","1","18111","1"
"Noble","0","2","Indiana","3/29/20","1","1","18113","100"
"Ohio","0","1","Indiana","3/29/20","0","1","18115","1"
"Orange","0","1","Indiana","3/29/20","0","1","18117","1"
"Owen","1","9","Indiana","3/29/20","1","8","18119","800"
"Porter","2","14","Indiana","3/29/20","0","14","18127","1"
"Posey","0","3","Indiana","3/29/20","0","3","18129","1"
"Putnam","1","5","Indiana","3/29/20","1","4","18133","400"
"Randolph","0","1","Indiana","3/29/20","0","1","18135","1"
"Ripley","3","19","Indiana","3/29/20","1","18","18137","1800"
"Rush","0","2","Indiana","3/29/20","0","2","18139","1"
"Scott","0","1","Indiana","3/29/20","1","0","18143","0"
"Shelby","2","12","Indiana","3/29/20","1","11","18145","1100"
"St. Joseph","3","32","Indiana","3/29/20","8","24","18141","300"
"Starke","0","1","Indiana","3/29/20","0","1","18149","1"
"Steuben","0","1","Indiana","3/29/20","0","1","18151","1"
"Sullivan","0","1","Indiana","3/29/20","0","1","18153","1"
"Switzerland","0","3","Indiana","3/29/20","0","3","18155","1"
"Tippecanoe","1","11","Indiana","3/29/20","2","9","18157","450"
"Tipton","0","4","Indiana","3/29/20","1","3","18159","300"
"Vanderburgh","2","17","Indiana","3/29/20","1","16","18163","1600"
"Vigo","1","7","Indiana","3/29/20","2","5","18167","250"
"Wabash","0","1","Indiana","3/29/20","0","1","18169","1"
"Warren","0","2","Indiana","3/29/20","0","2","18171","1"
"Warrick","1","8","Indiana","3/29/20","0","8","18173","1"
"Washington","1","5","Indiana","3/29/20","1","4","18175","400"
"Wayne","0","1","Indiana","3/29/20","1","0","18177","0"
"Wells","0","1","Indiana","3/29/20","1","0","18179","0"
"White","0","1","Indiana","3/29/20","0","1","18181","1"
"Whitley","0","1","Indiana","3/29/20","0","1","18183","1"
"Adair","0","1","Iowa","3/29/20","1","0","19001","0"
"Allamakee","0","7","Iowa","3/29/20","5","2","19005","40"
"Appanoose","0","1","Iowa","3/29/20","0","1","19007","1"
"Benton","1","4","Iowa","3/29/20","0","4","19011","1"
"Black Hawk","0","6","Iowa","3/29/20","3","3","19013","100"
"Boone","0","1","Iowa","3/29/20","0","1","19015","1"
"Buchanan","0","2","Iowa","3/29/20","0","2","19019","1"
"Butler","0","1","Iowa","3/29/20","0","1","19023","1"
"Carroll","0","1","Iowa","3/29/20","1","0","19027","0"
"Cedar","1","7","Iowa","3/29/20","0","7","19031","1"
"Cerro Gordo","1","6","Iowa","3/29/20","2","4","19033","200"
"Clayton","0","1","Iowa","3/29/20","0","1","19043","1"
"Clinton","0","1","Iowa","3/29/20","0","1","19045","1"
"Dallas","2","17","Iowa","3/29/20","6","11","19049","183.33"
"Des Moines","0","1","Iowa","3/29/20","0","1","19057","1"
"Dickinson","0","1","Iowa","3/29/20","0","1","19059","1"
"Dubuque","2","16","Iowa","3/29/20","4","12","19061","300"
"Fayette","0","2","Iowa","3/29/20","1","1","19065","100"
"Hancock","0","3","Iowa","3/29/20","0","3","19081","1"
"Hardin","0","1","Iowa","3/29/20","0","1","19083","1"
"Harrison","1","8","Iowa","3/29/20","3","5","19085","166.67"
"Henry","0","3","Iowa","3/29/20","1","2","19087","200"
"Iowa","0","2","Iowa","3/29/20","0","2","19095","1"
"Jasper","1","4","Iowa","3/29/20","0","4","19099","1"
"Johnson","5","65","Iowa","3/29/20","32","33","19103","103.12"
"Keokuk","0","1","Iowa","3/29/20","0","1","19107","1"
"Kossuth","0","1","Iowa","3/29/20","1","0","19109","0"
"Linn","5","42","Iowa","3/29/20","4","38","19113","950"
"Mahaska","0","2","Iowa","3/29/20","0","2","19123","1"
"Marshall","1","6","Iowa","3/29/20","0","6","19127","1"
"Monona","0","2","Iowa","3/29/20","0","2","19133","1"
"Montgomery","0","1","Iowa","3/29/20","0","1","19137","1"
"Muscatine","1","10","Iowa","3/29/20","2","8","19139","400"
"Page","0","2","Iowa","3/29/20","0","2","19145","1"
"Polk","6","50","Iowa","3/29/20","10","40","19153","400"
"Pottawattamie","0","3","Iowa","3/29/20","2","1","19155","50"
"Poweshiek","1","5","Iowa","3/29/20","1","4","19157","400"
"Scott","1","10","Iowa","3/29/20","1","9","19163","900"
"Shelby","0","1","Iowa","3/29/20","0","1","19165","1"
"Sioux","0","2","Iowa","3/29/20","1","1","19167","100"
"Story","0","2","Iowa","3/29/20","1","1","19169","100"
"Tama","1","9","Iowa","3/29/20","3","6","19171","200"
"Taylor","0","1","Iowa","3/29/20","0","1","19173","1"
"Wapello","0","1","Iowa","3/29/20","0","1","19179","1"
"Warren","0","1","Iowa","3/29/20","0","1","19181","1"
"Washington","1","13","Iowa","3/29/20","3","10","19183","333.33"
"Webster","0","1","Iowa","3/29/20","0","1","19187","1"
"Winneshiek","0","3","Iowa","3/29/20","1","2","19191","200"
"Woodbury","0","4","Iowa","3/29/20","1","3","19193","300"
"Wright","0","1","Iowa","3/29/20","0","1","19197","1"
"Bourbon","0","3","Kansas","3/29/20","0","3","20011","1"
"Butler","0","3","Kansas","3/29/20","3","0","20015","0"
"Cherokee","0","2","Kansas","3/29/20","1","1","20021","100"
"Clay","0","1","Kansas","3/29/20","0","1","20027","1"
"Coffey","1","8","Kansas","3/29/20","0","8","20031","1"
"Crawford","1","4","Kansas","3/29/20","0","4","20037","1"
"Doniphan","0","1","Kansas","3/29/20","0","1","20043","1"
"Douglas","3","23","Kansas","3/29/20","4","19","20045","475"
"Ford","0","1","Kansas","3/29/20","0","1","20057","1"
"Franklin","1","6","Kansas","3/29/20","1","5","20059","500"
"Gove","0","1","Kansas","3/29/20","0","1","20063","1"
"Harvey","0","1","Kansas","3/29/20","0","1","20079","1"
"Jackson","0","1","Kansas","3/29/20","1","0","20085","0"
"Jefferson","0","1","Kansas","3/29/20","0","1","20087","1"
"Johnson","11","108","Kansas","3/29/20","28","80","20091","285.71"
"Leavenworth","2","17","Kansas","3/29/20","4","13","20103","325"
"Linn","0","5","Kansas","3/29/20","2","3","20107","150"
"Lyon","1","7","Kansas","3/29/20","0","7","20111","1"
"McPherson","0","3","Kansas","3/29/20","0","3","20113","1"
"Mitchell","0","2","Kansas","3/29/20","1","1","20123","100"
"Montgomery","0","3","Kansas","3/29/20","0","3","20125","1"
"Morris","0","2","Kansas","3/29/20","2","0","20127","0"
"Neosho","0","1","Kansas","3/29/20","0","1","20133","1"
"Osage","0","1","Kansas","3/29/20","0","1","20139","1"
"Ottawa","0","1","Kansas","3/29/20","0","1","20143","1"
"Pottawatomie","0","1","Kansas","3/29/20","0","1","20149","1"
"Reno","1","7","Kansas","3/29/20","1","6","20155","600"
"Riley","0","2","Kansas","3/29/20","1","1","20161","100"
"Sedgwick","6","42","Kansas","3/29/20","2","40","20173","2000"
"Shawnee","2","13","Kansas","3/29/20","0","13","20177","1"
"Stafford","0","1","Kansas","3/29/20","0","1","20185","1"
"Stevens","0","1","Kansas","3/29/20","0","1","20189","1"
"Sumner","0","1","Kansas","3/29/20","0","1","20191","1"
"Woodson","0","1","Kansas","3/29/20","0","1","20207","1"
"Wyandotte","6","55","Kansas","3/29/20","14","41","20209","292.86"
"Allen","0","1","Kentucky","3/29/20","0","1","21003","1"
"Anderson","0","2","Kentucky","3/29/20","1","1","21005","100"
"Barren","0","1","Kentucky","3/29/20","0","1","21009","1"
"Boone","1","5","Kentucky","3/29/20","0","5","21015","1"
"Bourbon","0","2","Kentucky","3/29/20","2","0","21017","0"
"Boyle","0","1","Kentucky","3/29/20","0","1","21021","1"
"Bracken","0","1","Kentucky","3/29/20","0","1","21023","1"
"Breathitt","0","2","Kentucky","3/29/20","0","2","21025","1"
"Breckinridge","0","2","Kentucky","3/29/20","0","2","21027","1"
"Bullitt","0","2","Kentucky","3/29/20","0","2","21029","1"
"Butler","0","1","Kentucky","3/29/20","0","1","21031","1"
"Calloway","0","2","Kentucky","3/29/20","1","1","21035","100"
"Campbell","1","4","Kentucky","3/29/20","0","4","21037","1"
"Carroll","0","1","Kentucky","3/29/20","0","1","21041","1"
"Christian","1","6","Kentucky","3/29/20","1","5","21047","500"
"Clark","1","6","Kentucky","3/29/20","2","4","21049","200"
"Daviess","4","27","Kentucky","3/29/20","1","26","21059","2600"
"Fayette","8","67","Kentucky","3/29/20","10","57","21067","570"
"Floyd","0","1","Kentucky","3/29/20","0","1","21071","1"
"Franklin","1","6","Kentucky","3/29/20","1","5","21073","500"
"Grant","0","1","Kentucky","3/29/20","0","1","21081","1"
"Grayson","0","2","Kentucky","3/29/20","0","2","21085","1"
"Hancock","0","1","Kentucky","3/29/20","0","1","21091","1"
"Hardin","1","5","Kentucky","3/29/20","1","4","21093","400"
"Harrison","1","11","Kentucky","3/29/20","7","4","21097","57.14"
"Henderson","0","3","Kentucky","3/29/20","2","1","21101","50"
"Hopkins","2","11","Kentucky","3/29/20","0","11","21107","1"
"Jefferson","10","97","Kentucky","3/29/20","25","72","21111","288"
"Jessamine","1","10","Kentucky","3/29/20","0","10","21113","1"
"Kenton","2","17","Kentucky","3/29/20","1","16","21117","1600"
"Larue","0","1","Kentucky","3/29/20","0","1","21123","1"
"Laurel","0","2","Kentucky","3/29/20","0","2","21125","1"
"Logan","0","2","Kentucky","3/29/20","0","2","21141","1"
"Lyon","0","1","Kentucky","3/29/20","1","0","21143","0"
"Madison","1","7","Kentucky","3/29/20","0","7","21151","1"
"Martin","0","2","Kentucky","3/29/20","0","2","21159","1"
"Mason","0","1","Kentucky","3/29/20","0","1","21161","1"
"McCracken","0","3","Kentucky","3/29/20","0","3","21145","1"
"McCreary","0","1","Kentucky","3/29/20","0","1","21147","1"
"McLean","0","1","Kentucky","3/29/20","0","1","21149","1"
"Menifee","0","2","Kentucky","3/29/20","0","2","21165","1"
"Mercer","0","2","Kentucky","3/29/20","0","2","21167","1"
"Montgomery","0","2","Kentucky","3/29/20","2","0","21173","0"
"Muhlenberg","1","4","Kentucky","3/29/20","0","4","21177","1"
"Nelson","0","2","Kentucky","3/29/20","1","1","21179","100"
"Nicholas","0","1","Kentucky","3/29/20","0","1","21181","1"
"Oldham","0","3","Kentucky","3/29/20","1","2","21185","200"
"Pulaski","1","7","Kentucky","3/29/20","2","5","21199","250"
"Scott","1","5","Kentucky","3/29/20","0","5","21209","1"
"Shelby","0","1","Kentucky","3/29/20","0","1","21211","1"
"Simpson","0","2","Kentucky","3/29/20","0","2","21213","1"
"Spencer","0","2","Kentucky","3/29/20","0","2","21215","1"
"Union","0","1","Kentucky","3/29/20","0","1","21225","1"
"Warren","1","9","Kentucky","3/29/20","2","7","21227","350"
"Washington","0","1","Kentucky","3/29/20","0","1","21229","1"
"Wayne","0","1","Kentucky","3/29/20","0","1","21231","1"
"Webster","0","2","Kentucky","3/29/20","0","2","21233","1"
"Woodford","0","3","Kentucky","3/29/20","0","3","21239","1"
"Acadia","1","9","Louisiana","3/29/20","0","9","22001","1"
"Allen","1","9","Louisiana","3/29/20","0","9","22003","1"
"Ascension","18","139","Louisiana","3/29/20","12","127","22005","1058.33"
"Assumption","2","14","Louisiana","3/29/20","1","13","22007","1300"
"Avoyelles","2","13","Louisiana","3/29/20","1","12","22009","1200"
"Beauregard","0","4","Louisiana","3/29/20","1","3","22011","300"
"Bienville","0","3","Louisiana","3/29/20","1","2","22013","200"
"Bossier","7","56","Louisiana","3/29/20","5","51","22015","1020"
"Caddo","29","219","Louisiana","3/29/20","15","204","22017","1360"
"Calcasieu","4","35","Louisiana","3/29/20","4","31","22019","775"
"Caldwell","0","1","Louisiana","3/29/20","0","1","22021","1"
"Catahoula","0","1","Louisiana","3/29/20","1","0","22025","0"
"Claiborne","0","4","Louisiana","3/29/20","1","3","22027","300"
"De Soto","3","25","Louisiana","3/29/20","2","23","22031","1150"
"East Baton Rouge","21","164","Louisiana","3/29/20","18","146","22033","811.11"
"East Carroll","0","1","Louisiana","3/29/20","0","1","22035","1"
"East Feliciana","1","8","Louisiana","3/29/20","0","8","22037","1"
"Evangeline","0","4","Louisiana","3/29/20","2","2","22039","100"
"Franklin","1","4","Louisiana","3/29/20","0","4","22041","1"
"Grant","0","2","Louisiana","3/29/20","0","2","22043","1"
"Iberia","1","11","Louisiana","3/29/20","2","9","22045","450"
"Iberville","3","22","Louisiana","3/29/20","2","20","22047","1000"
"Jackson","0","2","Louisiana","3/29/20","0","2","22049","1"
"Jefferson","85","761","Louisiana","3/29/20","166","595","22051","358.43"
"Jefferson Davis","0","2","Louisiana","3/29/20","0","2","22053","1"
"Lafayette","6","50","Louisiana","3/29/20","6","44","22055","733.33"
"Lafourche","4","36","Louisiana","3/29/20","11","25","22057","227.27"
"LaSalle","0","2","Louisiana","3/29/20","0","2","22059","1"
"Lincoln","1","7","Louisiana","3/29/20","0","7","22061","1"
"Livingston","2","15","Louisiana","3/29/20","2","13","22063","650"
"Madison","0","1","Louisiana","3/29/20","0","1","22065","1"
"Morehouse","0","2","Louisiana","3/29/20","0","2","22067","1"
"Natchitoches","0","2","Louisiana","3/29/20","0","2","22069","1"
"Orleans","128","1350","Louisiana","3/29/20","451","899","22071","199.33"
"Ouachita","6","41","Louisiana","3/29/20","2","39","22073","1950"
"Plaquemines","2","20","Louisiana","3/29/20","4","16","22075","400"
"Pointe Coupee","0","2","Louisiana","3/29/20","0","2","22077","1"
"Rapides","6","41","Louisiana","3/29/20","2","39","22079","1950"
"Red River","0","1","Louisiana","3/29/20","0","1","22081","1"
"Richland","0","2","Louisiana","3/29/20","0","2","22083","1"
"Sabine","0","1","Louisiana","3/29/20","0","1","22085","1"
"St. Bernard","5","45","Louisiana","3/29/20","12","33","22087","275"
"St. Charles","3","31","Louisiana","3/29/20","7","24","22089","342.86"
"St. James","8","55","Louisiana","3/29/20","1","54","22093","5400"
"St. John the Baptist","7","57","Louisiana","3/29/20","9","48","22095","533.33"
"St. Landry","1","10","Louisiana","3/29/20","3","7","22097","233.33"
"St. Martin","2","13","Louisiana","3/29/20","0","13","22099","1"
"St. Mary","1","7","Louisiana","3/29/20","1","6","22101","600"
"St. Tammany","17","138","Louisiana","3/29/20","22","116","22103","527.27"
"Tangipahoa","1","10","Louisiana","3/29/20","3","7","22105","233.33"
"Terrebonne","3","29","Louisiana","3/29/20","11","18","22109","163.64"
"Union","1","9","Louisiana","3/29/20","0","9","22111","1"
"Vermilion","0","2","Louisiana","3/29/20","0","2","22113","1"
"Vernon","0","2","Louisiana","3/29/20","0","2","22115","1"
"Washington","1","12","Louisiana","3/29/20","2","10","22117","500"
"Webster","1","9","Louisiana","3/29/20","1","8","22119","800"
"West Baton Rouge","1","12","Louisiana","3/29/20","3","9","22121","300"
"West Feliciana","1","4","Louisiana","3/29/20","0","4","22125","1"
"Winn","0","1","Louisiana","3/29/20","0","1","22127","1"
"Androscoggin","1","8","Maine","3/29/20","3","5","23001","166.67"
"Cumberland","13","142","Maine","3/29/20","53","89","23005","167.92"
"Franklin","0","2","Maine","3/29/20","0","2","23007","1"
"Kennebec","1","10","Maine","3/29/20","4","6","23011","150"
"Knox","1","4","Maine","3/29/20","0","4","23013","1"
"Lincoln","0","5","Maine","3/29/20","4","1","23015","25"
"Oxford","1","9","Maine","3/29/20","4","5","23017","125"
"Penobscot","1","11","Maine","3/29/20","2","9","23019","450"
"Sagadahoc","1","7","Maine","3/29/20","3","4","23023","133.33"
"Somerset","0","1","Maine","3/29/20","0","1","23025","1"
"Waldo","0","2","Maine","3/29/20","0","2","23027","1"
"York","6","47","Maine","3/29/20","8","39","23031","487.5"
"Anne Arundel","12","99","Maryland","3/29/20","18","81","24003","450"
"Baltimore","19","162","Maryland","3/29/20","28","134","24005","478.57"
"Baltimore City","15","129","Maryland","3/29/20","24","105","24510","437.5"
"Calvert","1","10","Maryland","3/29/20","2","8","24009","400"
"Caroline","0","3","Maryland","3/29/20","1","2","24011","200"
"Carroll","11","82","Maryland","3/29/20","4","78","24013","1950"
"Cecil","2","13","Maryland","3/29/20","0","13","24015","1"
"Charles","3","28","Maryland","3/29/20","5","23","24017","460"
"Frederick","3","24","Maryland","3/29/20","1","23","24021","2300"
"Garrett","0","3","Maryland","3/29/20","0","3","24023","1"
"Harford","3","23","Maryland","3/29/20","5","18","24025","360"
"Howard","8","81","Maryland","3/29/20","24","57","24027","237.5"
"Kent","0","3","Maryland","3/29/20","0","3","24029","1"
"Montgomery","31","301","Maryland","3/29/20","83","218","24031","262.65"
"Prince George's","30","247","Maryland","3/29/20","40","207","24033","517.5"
"Queen Anne's","0","4","Maryland","3/29/20","1","3","24035","300"
"Somerset","0","1","Maryland","3/29/20","1","0","24039","0"
"St. Mary's","1","9","Maryland","3/29/20","1","8","24037","800"
"Talbot","0","3","Maryland","3/29/20","1","2","24041","200"
"Washington","1","6","Maryland","3/29/20","1","5","24043","500"
"Wicomico","1","6","Maryland","3/29/20","2","4","24045","200"
"Worcester","0","2","Maryland","3/29/20","2","0","24047","0"
"Barnstable","18","148","Massachusetts","3/29/20","24","124","25001","516.67"
"Berkshire","18","151","Massachusetts","3/29/20","23","128","25003","556.52"
"Bristol","26","208","Massachusetts","3/29/20","24","184","25005","766.67"
"Dukes and Nantucket","1","8","Massachusetts","3/29/20","1","7","00000","700"
"Essex","73","570","Massachusetts","3/29/20","60","510","25009","850"
"Franklin","5","41","Massachusetts","3/29/20","6","35","25011","583.33"
"Hampden","27","201","Massachusetts","3/29/20","12","189","25013","1575"
"Hampshire","5","37","Massachusetts","3/29/20","4","33","25015","825"
"Middlesex","112","981","Massachusetts","3/29/20","199","782","25017","392.96"
"Norfolk","68","548","Massachusetts","3/29/20","75","473","25021","630.67"
"Plymouth","43","325","Massachusetts","3/29/20","25","300","25023","1200"
"Suffolk","116","940","Massachusetts","3/29/20","126","814","25025","646.03"
"Worcester","43","337","Massachusetts","3/29/20","37","300","25027","810.81"
"Allegan","0","2","Michigan","3/29/20","1","1","26005","100"
"Antrim","0","1","Michigan","3/29/20","1","0","26009","0"
"Barry","0","2","Michigan","3/29/20","1","1","26015","100"
"Bay","1","7","Michigan","3/29/20","3","4","26017","133.33"
"Berrien","6","63","Michigan","3/29/20","19","44","26021","231.58"
"Calhoun","2","16","Michigan","3/29/20","2","14","26025","700"
"Cass","1","6","Michigan","3/29/20","2","4","26027","200"
"Charlevoix","0","4","Michigan","3/29/20","2","2","26029","100"
"Cheboygan","0","2","Michigan","3/29/20","0","2","26031","1"
"Clare","0","1","Michigan","3/29/20","1","0","26035","0"
"Clinton","2","17","Michigan","3/29/20","2","15","26037","750"
"Crawford","0","1","Michigan","3/29/20","0","1","26039","1"
"Eaton","1","8","Michigan","3/29/20","2","6","26045","300"
"Emmet","0","4","Michigan","3/29/20","1","3","26047","300"
"Genesee","17","131","Michigan","3/29/20","14","117","26049","835.71"
"Gladwin","0","3","Michigan","3/29/20","1","2","26051","200"
"Gogebic","0","1","Michigan","3/29/20","0","1","26053","1"
"Grand Traverse","1","6","Michigan","3/29/20","1","5","26055","500"
"Gratiot","0","3","Michigan","3/29/20","0","3","26057","1"
"Hillsdale","1","10","Michigan","3/29/20","0","10","26059","1"
"Huron","0","3","Michigan","3/29/20","0","3","26063","1"
"Ingham","5","46","Michigan","3/29/20","14","32","26065","228.57"
"Ionia","0","2","Michigan","3/29/20","0","2","26067","1"
"Iosco","0","1","Michigan","3/29/20","0","1","26069","1"
"Isabella","1","4","Michigan","3/29/20","0","4","26073","1"
"Jackson","4","28","Michigan","3/29/20","3","25","26075","833.33"
"Kalamazoo","3","21","Michigan","3/29/20","1","20","26077","2000"
"Kalkaska","1","4","Michigan","3/29/20","0","4","26079","1"
"Kent","7","74","Michigan","3/29/20","22","52","26081","236.36"
"Lapeer","1","4","Michigan","3/29/20","0","4","26087","1"
"Leelanau","0","1","Michigan","3/29/20","1","0","26089","0"
"Lenawee","2","15","Michigan","3/29/20","0","15","26091","1"
"Livingston","9","71","Michigan","3/29/20","11","60","26093","545.45"
"Macomb","69","622","Michigan","3/29/20","141","481","26099","341.13"
"Manistee","0","1","Michigan","3/29/20","0","1","26101","1"
"Marquette","0","2","Michigan","3/29/20","0","2","26103","1"
"Mecosta","0","1","Michigan","3/29/20","0","1","26107","1"
"Midland","1","13","Michigan","3/29/20","8","5","26111","62.5"
"Missaukee","0","1","Michigan","3/29/20","0","1","26113","1"
"Monroe","5","38","Michigan","3/29/20","6","32","26115","533.33"
"Montcalm","0","3","Michigan","3/29/20","1","2","26117","200"
"Muskegon","2","13","Michigan","3/29/20","0","13","26121","1"
"Newaygo","0","1","Michigan","3/29/20","0","1","26123","1"
"Oakland","141","1319","Michigan","3/29/20","329","990","26125","300.91"
"Oceana","0","2","Michigan","3/29/20","0","2","26127","1"
"Ogemaw","0","2","Michigan","3/29/20","0","2","26129","1"
"Osceola","0","2","Michigan","3/29/20","0","2","26133","1"
"Otsego","2","17","Michigan","3/29/20","1","16","26137","1600"
"Ottawa","3","27","Michigan","3/29/20","8","19","26139","237.5"
"Out of MI","3","18","Michigan","3/29/20","0","18","80026","1"
"Roscommon","0","1","Michigan","3/29/20","1","0","26143","0"
"Saginaw","3","24","Michigan","3/29/20","2","22","26145","1100"
"Sanilac","0","2","Michigan","3/29/20","0","2","26151","1"
"Shiawassee","1","5","Michigan","3/29/20","0","5","26155","1"
"St. Clair","3","26","Michigan","3/29/20","8","18","26147","225"
"Tuscola","0","4","Michigan","3/29/20","1","3","26157","300"
"Van Buren","1","5","Michigan","3/29/20","0","5","26159","1"
"Washtenaw","30","252","Michigan","3/29/20","41","211","26161","514.63"
"Wayne","319","2712","Michigan","3/29/20","478","2234","26163","467.36"
"Wexford","0","1","Michigan","3/29/20","1","0","26165","0"
"Anoka","2","17","Minnesota","3/29/20","5","12","27003","240"
"Beltrami","0","2","Minnesota","3/29/20","0","2","27007","1"
"Benton","0","1","Minnesota","3/29/20","1","0","27009","0"
"Big Stone","0","1","Minnesota","3/29/20","0","1","27011","1"
"Blue Earth","1","8","Minnesota","3/29/20","4","4","27013","100"
"Carver","0","9","Minnesota","3/29/20","7","2","27019","28.57"
"Cass","0","1","Minnesota","3/29/20","1","0","27021","0"
"Chisago","0","1","Minnesota","3/29/20","1","0","27025","0"
"Clay","0","4","Minnesota","3/29/20","2","2","27027","100"
"Clearwater","0","1","Minnesota","3/29/20","0","1","27029","1"
"Cottonwood","0","1","Minnesota","3/29/20","0","1","27033","1"
"Dakota","4","39","Minnesota","3/29/20","11","28","27037","254.55"
"Dodge","1","7","Minnesota","3/29/20","2","5","27039","250"
"Douglas","0","1","Minnesota","3/29/20","0","1","27041","1"
"Faribault","0","1","Minnesota","3/29/20","0","1","27043","1"
"Fillmore","1","6","Minnesota","3/29/20","0","6","27045","1"
"Goodhue","0","2","Minnesota","3/29/20","0","2","27049","1"
"Hennepin","16","171","Minnesota","3/29/20","57","114","27053","200"
"Isanti","0","1","Minnesota","3/29/20","0","1","27059","1"
"Jackson","0","1","Minnesota","3/29/20","1","0","27063","0"
"Kandiyohi","0","1","Minnesota","3/29/20","0","1","27067","1"
"Lac qui Parle","0","1","Minnesota","3/29/20","0","1","27073","1"
"Le Sueur","1","11","Minnesota","3/29/20","1","10","27079","1000"
"Lincoln","0","1","Minnesota","3/29/20","0","1","27081","1"
"Mahnomen","0","1","Minnesota","3/29/20","0","1","27087","1"
"Martin","2","21","Minnesota","3/29/20","8","13","27091","162.5"
"Mower","1","11","Minnesota","3/29/20","6","5","27099","83.33"
"Nicollet","0","3","Minnesota","3/29/20","3","0","27103","0"
"Olmsted","5","47","Minnesota","3/29/20","14","33","27109","235.71"
"Otter Tail","0","1","Minnesota","3/29/20","0","1","27111","1"
"Ramsey","4","46","Minnesota","3/29/20","18","28","27123","155.56"
"Renville","0","1","Minnesota","3/29/20","1","0","27129","0"
"Rice","0","3","Minnesota","3/29/20","1","2","27131","200"
"Scott","1","9","Minnesota","3/29/20","3","6","27139","200"
"Sherburne","1","5","Minnesota","3/29/20","0","5","27141","1"
"Sibley","0","1","Minnesota","3/29/20","0","1","27143","1"
"St. Louis","1","10","Minnesota","3/29/20","1","9","27137","900"
"Stearns","0","5","Minnesota","3/29/20","4","1","27145","25"
"Steele","0","5","Minnesota","3/29/20","3","2","27147","66.67"
"Wabasha","0","4","Minnesota","3/29/20","1","3","27157","300"
"Waseca","0","3","Minnesota","3/29/20","1","2","27161","200"
"Washington","3","27","Minnesota","3/29/20","7","20","27163","285.71"
"Wilkin","0","1","Minnesota","3/29/20","0","1","27167","1"
"Winona","1","4","Minnesota","3/29/20","0","4","27169","1"
"Wright","0","6","Minnesota","3/29/20","3","3","27171","100"
"Adams","1","7","Mississippi","3/29/20","1","6","28001","600"
"Alcorn","0","1","Mississippi","3/29/20","0","1","28003","1"
"Amite","1","4","Mississippi","3/29/20","0","4","28005","1"
"Attala","1","9","Mississippi","3/29/20","1","8","28007","800"
"Benton","1","4","Mississippi","3/29/20","0","4","28009","1"
"Bolivar","1","11","Mississippi","3/29/20","3","8","28011","266.67"
"Calhoun","0","3","Mississippi","3/29/20","0","3","28013","1"
"Carroll","0","1","Mississippi","3/29/20","0","1","28015","1"
"Chickasaw","1","10","Mississippi","3/29/20","1","9","28017","900"
"Choctaw","1","5","Mississippi","3/29/20","0","5","28019","1"
"Claiborne","0","1","Mississippi","3/29/20","0","1","28021","1"
"Clarke","0","1","Mississippi","3/29/20","0","1","28023","1"
"Clay","0","2","Mississippi","3/29/20","1","1","28025","100"
"Coahoma","2","18","Mississippi","3/29/20","7","11","28027","157.14"
"Copiah","1","8","Mississippi","3/29/20","4","4","28029","100"
"Covington","0","1","Mississippi","3/29/20","0","1","28031","1"
"DeSoto","8","71","Mississippi","3/29/20","18","53","28033","294.44"
"Forrest","1","19","Mississippi","3/29/20","11","8","28035","72.73"
"Franklin","0","3","Mississippi","3/29/20","3","0","28037","0"
"George","0","3","Mississippi","3/29/20","1","2","28039","200"
"Grenada","0","3","Mississippi","3/29/20","2","1","28043","50"
"Hancock","2","15","Mississippi","3/29/20","4","11","28045","275"
"Harrison","4","43","Mississippi","3/29/20","15","28","28047","186.67"
"Hinds","7","66","Mississippi","3/29/20","20","46","28049","230"
"Holmes","1","13","Mississippi","3/29/20","6","7","28051","116.67"
"Humphreys","0","2","Mississippi","3/29/20","1","1","28053","100"
"Itawamba","0","3","Mississippi","3/29/20","3","0","28057","0"
"Jackson","4","34","Mississippi","3/29/20","5","29","28059","580"
"Jefferson","0","1","Mississippi","3/29/20","0","1","28063","1"
"Jones","1","5","Mississippi","3/29/20","1","4","28067","400"
"Kemper","0","1","Mississippi","3/29/20","0","1","28069","1"
"Lafayette","1","13","Mississippi","3/29/20","5","8","28071","160"
"Lamar","1","4","Mississippi","3/29/20","0","4","28073","1"
"Lauderdale","2","15","Mississippi","3/29/20","0","15","28075","1"
"Lawrence","0","5","Mississippi","3/29/20","2","3","28077","150"
"Leake","1","5","Mississippi","3/29/20","1","4","28079","400"
"Lee","2","21","Mississippi","3/29/20","6","15","28081","250"
"Leflore","1","15","Mississippi","3/29/20","8","7","28083","87.5"
"Lincoln","1","9","Mississippi","3/29/20","4","5","28085","125"
"Lowndes","1","10","Mississippi","3/29/20","4","6","28087","150"
"Madison","4","37","Mississippi","3/29/20","9","28","28089","311.11"
"Marion","1","4","Mississippi","3/29/20","0","4","28091","1"
"Marshall","1","13","Mississippi","3/29/20","3","10","28093","333.33"
"Monroe","0","5","Mississippi","3/29/20","2","3","28095","150"
"Montgomery","1","6","Mississippi","3/29/20","1","5","28097","500"
"Neshoba","1","4","Mississippi","3/29/20","0","4","28099","1"
"Newton","0","1","Mississippi","3/29/20","0","1","28101","1"
"Noxubee","0","2","Mississippi","3/29/20","0","2","28103","1"
"Oktibbeha","2","15","Mississippi","3/29/20","2","13","28105","650"
"Panola","0","5","Mississippi","3/29/20","2","3","28107","150"
"Pearl River","2","27","Mississippi","3/29/20","10","17","28109","170"
"Perry","0","2","Mississippi","3/29/20","1","1","28111","100"
"Pike","2","14","Mississippi","3/29/20","3","11","28113","366.67"
"Pontotoc","0","3","Mississippi","3/29/20","1","2","28115","200"
"Prentiss","1","4","Mississippi","3/29/20","0","4","28117","1"
"Quitman","1","4","Mississippi","3/29/20","0","4","28119","1"
"Rankin","4","35","Mississippi","3/29/20","7","28","28121","400"
"Scott","1","7","Mississippi","3/29/20","1","6","28123","600"
"Sharkey","0","1","Mississippi","3/29/20","0","1","28125","1"
"Simpson","0","2","Mississippi","3/29/20","1","1","28127","100"
"Smith","0","1","Mississippi","3/29/20","1","0","28129","0"
"Sunflower","1","10","Mississippi","3/29/20","2","8","28133","400"
"Tallahatchie","0","2","Mississippi","3/29/20","0","2","28135","1"
"Tate","1","9","Mississippi","3/29/20","1","8","28137","800"
"Tippah","2","23","Mississippi","3/29/20","7","16","28139","228.57"
"Tunica","1","6","Mississippi","3/29/20","2","4","28143","200"
"Union","0","3","Mississippi","3/29/20","1","2","28145","200"
"Walthall","0","5","Mississippi","3/29/20","2","3","28147","150"
"Warren","0","1","Mississippi","3/29/20","0","1","28149","1"
"Washington","2","16","Mississippi","3/29/20","3","13","28151","433.33"
"Webster","0","3","Mississippi","3/29/20","1","2","28155","200"
"Wilkinson","1","12","Mississippi","3/29/20","3","9","28157","300"
"Winston","0","4","Mississippi","3/29/20","2","2","28159","100"
"Yalobusha","0","3","Mississippi","3/29/20","0","3","28161","1"
"Yazoo","1","5","Mississippi","3/29/20","1","4","28163","400"
"Adair","0","1","Missouri","3/29/20","1","0","29001","0"
"Atchison","0","1","Missouri","3/29/20","0","1","29005","1"
"Barry","0","1","Missouri","3/29/20","0","1","29009","1"
"Bates","0","2","Missouri","3/29/20","1","1","29013","100"
"Benton","0","1","Missouri","3/29/20","0","1","29015","1"
"Bollinger","0","1","Missouri","3/29/20","0","1","29017","1"
"Boone","6","54","Missouri","3/29/20","15","39","29019","260"
"Buchanan","0","3","Missouri","3/29/20","0","3","29021","1"
"Callaway","1","8","Missouri","3/29/20","0","8","29027","1"
"Camden","1","7","Missouri","3/29/20","0","7","29029","1"
"Cape Girardeau","1","5","Missouri","3/29/20","0","5","29031","1"
"Carter","0","2","Missouri","3/29/20","0","2","29035","1"
"Cass","0","8","Missouri","3/29/20","6","2","29037","33.33"
"Chariton","0","1","Missouri","3/29/20","0","1","29041","1"
"Christian","1","7","Missouri","3/29/20","2","5","29043","250"
"Clay","2","11","Missouri","3/29/20","0","11","29047","1"
"Clinton","0","1","Missouri","3/29/20","0","1","29049","1"
"Cole","2","17","Missouri","3/29/20","3","14","29051","466.67"
"Cooper","0","1","Missouri","3/29/20","0","1","29053","1"
"Dunklin","0","3","Missouri","3/29/20","1","2","29069","200"
"Franklin","1","7","Missouri","3/29/20","0","7","29071","1"
"Greene","5","46","Missouri","3/29/20","10","36","29077","360"
"Henry","0","1","Missouri","3/29/20","1","0","29083","0"
"Jackson","6","48","Missouri","3/29/20","8","40","29095","500"
"Jasper","1","6","Missouri","3/29/20","1","5","29097","500"
"Jefferson","2","17","Missouri","3/29/20","0","17","29099","1"
"Johnson","1","10","Missouri","3/29/20","1","9","29101","900"
"Kansas City","13","102","Missouri","3/29/20","13","89","00000","684.62"
"Lafayette","1","4","Missouri","3/29/20","0","4","29107","1"
"Lincoln","0","2","Missouri","3/29/20","0","2","29113","1"
"Maries","0","1","Missouri","3/29/20","0","1","29125","1"
"McDonald","0","1","Missouri","3/29/20","0","1","29119","1"
"Moniteau","1","4","Missouri","3/29/20","0","4","29135","1"
"Montgomery","0","3","Missouri","3/29/20","0","3","29139","1"
"Newton","1","4","Missouri","3/29/20","0","4","29145","1"
"Pemiscot","0","1","Missouri","3/29/20","0","1","29155","1"
"Perry","1","7","Missouri","3/29/20","0","7","29157","1"
"Pettis","0","1","Missouri","3/29/20","0","1","29159","1"
"Platte","1","6","Missouri","3/29/20","0","6","29165","1"
"Pulaski","1","5","Missouri","3/29/20","1","4","29169","400"
"Ralls","0","1","Missouri","3/29/20","0","1","29173","1"
"Randolph","0","1","Missouri","3/29/20","0","1","29175","1"
"Ray","0","1","Missouri","3/29/20","0","1","29177","1"
"Ripley","0","2","Missouri","3/29/20","0","2","29181","1"
"Scott","0","3","Missouri","3/29/20","1","2","29201","200"
"Shelby","0","1","Missouri","3/29/20","0","1","29205","1"
"St. Charles","6","43","Missouri","3/29/20","3","40","29183","1333.33"
"St. Francois","1","4","Missouri","3/29/20","0","4","29187","1"
"St. Louis","45","354","Missouri","3/29/20","40","314","29189","785"
"St. Louis City","13","103","Missouri","3/29/20","14","89","29510","635.71"
"Stoddard","0","2","Missouri","3/29/20","0","2","29207","1"
"Taney","0","2","Missouri","3/29/20","0","2","29213","1"
"Texas","0","1","Missouri","3/29/20","0","1","29215","1"
"Warren","0","2","Missouri","3/29/20","0","2","29219","1"
"Wright","0","3","Missouri","3/29/20","0","3","29229","1"
"Broadwater","0","3","Montana","3/29/20","1","2","30007","200"
"Cascade","1","7","Montana","3/29/20","3","4","30013","133.33"
"Deer Lodge","0","1","Montana","3/29/20","0","1","30023","1"
"Flathead","1","7","Montana","3/29/20","2","5","30029","250"
"Gallatin","7","58","Montana","3/29/20","10","48","30031","480"
"Hill","0","1","Montana","3/29/20","0","1","30041","1"
"Jefferson","0","2","Montana","3/29/20","0","2","30043","1"
"Lake","0","2","Montana","3/29/20","0","2","30047","1"
"Lewis and Clark","1","10","Montana","3/29/20","3","7","30049","233.33"
"Lincoln","0","3","Montana","3/29/20","0","3","30053","1"
"Madison","0","4","Montana","3/29/20","1","3","30057","300"
"Meagher","0","1","Montana","3/29/20","0","1","30059","1"
"Missoula","1","11","Montana","3/29/20","3","8","30063","266.67"
"Park","0","2","Montana","3/29/20","0","2","30067","1"
"Ravalli","0","1","Montana","3/29/20","1","0","30081","0"
"Roosevelt","0","1","Montana","3/29/20","1","0","30085","0"
"Silver Bow","1","9","Montana","3/29/20","2","7","30093","350"
"Toole","1","5","Montana","3/29/20","0","5","30101","1"
"Yellowstone","3","26","Montana","3/29/20","6","20","30111","333.33"
"Adams","0","2","Nebraska","3/29/20","1","1","31001","100"
"Buffalo","0","5","Nebraska","3/29/20","2","3","31019","150"
"Cass","0","2","Nebraska","3/29/20","1","1","31025","100"
"Dawson","0","1","Nebraska","3/29/20","0","1","31047","1"
"Dodge","0","2","Nebraska","3/29/20","0","2","31053","1"
"Douglas","3","57","Nebraska","3/29/20","34","23","31055","67.65"
"Gage","0","1","Nebraska","3/29/20","0","1","31067","1"
"Gosper","0","1","Nebraska","3/29/20","0","1","31073","1"
"Hall","0","3","Nebraska","3/29/20","0","3","31079","1"
"Kearney","0","1","Nebraska","3/29/20","0","1","31099","1"
"Knox","0","2","Nebraska","3/29/20","2","0","31107","0"
"Lancaster","0","4","Nebraska","3/29/20","2","2","31109","100"
"Lincoln","0","3","Nebraska","3/29/20","3","0","31111","0"
"Madison","0","1","Nebraska","3/29/20","0","1","31119","1"
"Nemaha","0","1","Nebraska","3/29/20","1","0","31127","0"
"Sarpy","1","11","Nebraska","3/29/20","5","6","31153","120"
"Saunders","0","2","Nebraska","3/29/20","0","2","31155","1"
"Washington","1","5","Nebraska","3/29/20","0","5","31177","1"
"Carson City","0","5","Nevada","3/29/20","2","3","32510","150"
"Clark","57","528","Nevada","3/29/20","126","402","32003","319.05"
"Douglas","1","5","Nevada","3/29/20","0","5","32005","1"
"Elko","0","3","Nevada","3/29/20","1","2","32007","200"
"Humboldt","0","1","Nevada","3/29/20","0","1","32013","1"
"Lyon","0","1","Nevada","3/29/20","0","1","32019","1"
"Nye","0","1","Nevada","3/29/20","0","1","32023","1"
"Washoe","12","107","Nevada","3/29/20","25","82","32031","328"
"Belknap","1","9","New Hampshire","3/29/20","0","9","33001","1"
"Carroll","0","8","New Hampshire","3/29/20","6","2","33003","33.33"
"Cheshire","0","2","New Hampshire","3/29/20","1","1","33005","100"
"Grafton","2","28","New Hampshire","3/29/20","15","13","33009","86.67"
"Hillsborough","5","53","New Hampshire","3/29/20","15","38","33011","253.33"
"Merrimack","1","14","New Hampshire","3/29/20","4","10","33013","250"
"Rockingham","8","86","New Hampshire","3/29/20","28","58","33015","207.14"
"Strafford","1","12","New Hampshire","3/29/20","3","9","33017","300"
"Sullivan","0","2","New Hampshire","3/29/20","1","1","33019","100"
"Atlantic","3","24","New Jersey","3/29/20","5","19","34001","380"
"Bergen","245","2169","New Jersey","3/29/20","457","1712","34003","374.62"
"Burlington","17","142","New Jersey","3/29/20","26","116","34005","446.15"
"Camden","20","163","New Jersey","3/29/20","22","141","34007","640.91"
"Cape May","1","9","New Jersey","3/29/20","2","7","34009","350"
"Cumberland","1","11","New Jersey","3/29/20","1","10","34011","1000"
"Essex","151","1227","New Jersey","3/29/20","172","1055","34013","613.37"
"Gloucester","9","72","New Jersey","3/29/20","8","64","34015","800"
"Hudson","121","974","New Jersey","3/29/20","126","848","34017","673.02"
"Hunterdon","7","66","New Jersey","3/29/20","16","50","34019","312.5"
"Mercer","23","202","New Jersey","3/29/20","40","162","34021","405"
"Middlesex","113","938","New Jersey","3/29/20","147","791","34023","538.1"
"Monmouth","102","870","New Jersey","3/29/20","158","712","34025","450.63"
"Morris","64","566","New Jersey","3/29/20","119","447","34027","375.63"
"Ocean","94","759","New Jersey","3/29/20","102","657","34029","644.12"
"Passaic","105","831","New Jersey","3/29/20","95","736","34031","774.74"
"Salem","0","3","New Jersey","3/29/20","1","2","34033","200"
"Somerset","35","295","New Jersey","3/29/20","51","244","34035","478.43"
"Sussex","12","93","New Jersey","3/29/20","12","81","34037","675"
"Union","110","896","New Jersey","3/29/20","124","772","34039","622.58"
"Warren","7","56","New Jersey","3/29/20","9","47","34041","522.22"
"Bernalillo","10","101","New Mexico","3/29/20","32","69","35001","215.62"
"Chaves","1","8","New Mexico","3/29/20","0","8","35005","1"
"Cibola","0","2","New Mexico","3/29/20","0","2","35006","1"
"Curry","0","3","New Mexico","3/29/20","0","3","35009","1"
"Dona Ana","2","17","New Mexico","3/29/20","2","15","35013","750"
"Eddy","1","4","New Mexico","3/29/20","0","4","35015","1"
"Lea","0","2","New Mexico","3/29/20","1","1","35025","100"
"McKinley","1","9","New Mexico","3/29/20","1","8","35031","800"
"Rio Arriba","0","2","New Mexico","3/29/20","0","2","35039","1"
"Roosevelt","0","1","New Mexico","3/29/20","0","1","35041","1"
"San Juan","3","22","New Mexico","3/29/20","0","22","35045","1"
"San Miguel","0","1","New Mexico","3/29/20","1","0","35047","0"
"Sandoval","2","18","New Mexico","3/29/20","7","11","35043","157.14"
"Santa Fe","4","34","New Mexico","3/29/20","8","26","35049","325"
"Socorro","0","2","New Mexico","3/29/20","2","0","35053","0"
"Taos","1","9","New Mexico","3/29/20","3","6","35055","200"
"Valencia","0","2","New Mexico","3/29/20","0","2","35061","1"
"Albany","12","205","New York","3/29/20","123","82","36001","66.67"
"Allegany","1","6","New York","3/29/20","2","4","36003","200"
"Broome","4","29","New York","3/29/20","3","26","36007","866.67"
"Cattaraugus","1","4","New York","3/29/20","0","4","36009","1"
"Cayuga","0","2","New York","3/29/20","0","2","36011","1"
"Chautauqua","1","7","New York","3/29/20","0","7","36013","1"
"Chemung","2","15","New York","3/29/20","0","15","36015","1"
"Chenango","2","15","New York","3/29/20","2","13","36017","650"
"Clinton","1","13","New York","3/29/20","4","9","36019","225"
"Columbia","2","30","New York","3/29/20","17","13","36021","76.47"
"Cortland","1","8","New York","3/29/20","2","6","36023","300"
"Delaware","1","8","New York","3/29/20","1","7","36025","700"
"Dutchess","34","320","New York","3/29/20","82","238","36027","290.24"
"Erie","51","414","New York","3/29/20","56","358","36029","639.29"
"Essex","0","5","New York","3/29/20","3","2","36031","66.67"
"Franklin","1","6","New York","3/29/20","0","6","36033","1"
"Fulton","0","1","New York","3/29/20","1","0","36035","0"
"Genesee","1","9","New York","3/29/20","1","8","36037","800"
"Greene","1","7","New York","3/29/20","2","5","36039","250"
"Hamilton","0","2","New York","3/29/20","2","0","36041","0"
"Herkimer","1","10","New York","3/29/20","3","7","36043","233.33"
"Jefferson","1","7","New York","3/29/20","1","6","36045","600"
"Livingston","1","10","New York","3/29/20","2","8","36051","400"
"Madison","4","29","New York","3/29/20","0","29","36053","1"
"Monroe","22","219","New York","3/29/20","68","151","36055","222.06"
"Montgomery","0","6","New York","3/29/20","3","3","36057","100"
"Nassau","649","6445","New York","3/29/20","1900","4545","36059","239.21"
"New York","3445","33768","New York","3/29/20","9654","24114","36061","249.78"
"Niagara","4","38","New York","3/29/20","9","29","36063","322.22"
"Oneida","3","26","New York","3/29/20","4","22","36065","550"
"Onondaga","21","194","New York","3/29/20","45","149","36067","331.11"
"Ontario","2","18","New York","3/29/20","4","14","36069","350"
"Orange","143","1247","New York","3/29/20","247","1000","36071","404.86"
"Orleans","0","3","New York","3/29/20","0","3","36073","1"
"Oswego","1","10","New York","3/29/20","0","10","36075","1"
"Otsego","1","10","New York","3/29/20","0","10","36077","1"
"Putnam","16","144","New York","3/29/20","31","113","36079","364.52"
"Rensselaer","4","51","New York","3/29/20","20","31","36083","155"
"Rockland","251","2209","New York","3/29/20","455","1754","36087","385.49"
"Saratoga","10","102","New York","3/29/20","35","67","36091","191.43"
"Schenectady","6","76","New York","3/29/20","32","44","36093","137.5"
"Schoharie","1","5","New York","3/29/20","1","4","36095","400"
"Schuyler","0","1","New York","3/29/20","0","1","36097","1"
"St. Lawrence","2","12","New York","3/29/20","0","12","36089","1"
"Steuben","2","17","New York","3/29/20","2","15","36101","750"
"Suffolk","570","5023","New York","3/29/20","1034","3989","36103","385.78"
"Sullivan","11","88","New York","3/29/20","12","76","36105","633.33"
"Tioga","1","6","New York","3/29/20","1","5","36107","500"
"Tompkins","6","56","New York","3/29/20","15","41","36109","273.33"
"Ulster","18","146","New York","3/29/20","18","128","36111","711.11"
"Warren","2","18","New York","3/29/20","1","17","36113","1700"
"Washington","1","9","New York","3/29/20","1","8","36115","800"
"Wayne","1","12","New York","3/29/20","3","9","36117","300"
"Westchester","949","8519","New York","3/29/20","1873","6646","36119","354.83"
"Wyoming","1","8","New York","3/29/20","2","6","36121","300"
"Alamance","1","6","North Carolina","3/29/20","2","4","37001","200"
"Alexander","0","1","North Carolina","3/29/20","0","1","37003","1"
"Alleghany","0","2","North Carolina","3/29/20","0","2","37005","1"
"Beaufort","0","3","North Carolina","3/29/20","0","3","37013","1"
"Bertie","0","3","North Carolina","3/29/20","0","3","37015","1"
"Brunswick","1","12","North Carolina","3/29/20","6","6","37019","100"
"Buncombe","2","19","North Carolina","3/29/20","4","15","37021","375"
"Burke","1","4","North Carolina","3/29/20","0","4","37023","1"
"Cabarrus","4","32","North Carolina","3/29/20","6","26","37025","433.33"
"Caldwell","0","3","North Carolina","3/29/20","0","3","37027","1"
"Carteret","0","7","North Carolina","3/29/20","5","2","37031","40"
"Caswell","0","1","North Carolina","3/29/20","0","1","37033","1"
"Catawba","2","14","North Carolina","3/29/20","1","13","37035","1300"
"Chatham","1","13","North Carolina","3/29/20","3","10","37037","333.33"
"Cherokee","0","6","North Carolina","3/29/20","4","2","37039","50"
"Chowan","0","0","North Carolina","3/29/20","1","-1","37041","-100"
"Cleveland","1","5","North Carolina","3/29/20","0","5","37045","1"
"Columbus","0","3","North Carolina","3/29/20","0","3","37047","1"
"Craven","0","5","North Carolina","3/29/20","2","3","37049","150"
"Cumberland","1","13","North Carolina","3/29/20","3","10","37051","333.33"
"Currituck","0","1","North Carolina","3/29/20","0","1","37053","1"
"Dare","0","2","North Carolina","3/29/20","0","2","37055","1"
"Davidson","2","16","North Carolina","3/29/20","1","15","37057","1500"
"Davie","1","6","North Carolina","3/29/20","1","5","37059","500"
"Duplin","0","1","North Carolina","3/29/20","0","1","37061","1"
"Durham","10","113","North Carolina","3/29/20","41","72","37063","175.61"
"Edgecombe","0","1","North Carolina","3/29/20","0","1","37065","1"
"Forsyth","3","35","North Carolina","3/29/20","12","23","37067","191.67"
"Franklin","0","5","North Carolina","3/29/20","4","1","37069","25"
"Gaston","3","21","North Carolina","3/29/20","3","18","37071","600"
"Granville","1","6","North Carolina","3/29/20","1","5","37077","500"
"Greene","0","3","North Carolina","3/29/20","0","3","37079","1"
"Guilford","4","39","North Carolina","3/29/20","11","28","37081","254.55"
"Halifax","0","2","North Carolina","3/29/20","0","2","37083","1"
"Harnett","1","14","North Carolina","3/29/20","7","7","37085","100"
"Henderson","2","13","North Carolina","3/29/20","1","12","37089","1200"
"Hertford","0","2","North Carolina","3/29/20","0","2","37091","1"
"Hoke","0","3","North Carolina","3/29/20","1","2","37093","200"
"Hyde","0","1","North Carolina","3/29/20","1","0","37095","0"
"Iredell","2","21","North Carolina","3/29/20","6","15","37097","250"
"Jackson","0","1","North Carolina","3/29/20","0","1","37099","1"
"Johnston","1","10","North Carolina","3/29/20","3","7","37101","233.33"
"Lee","0","2","North Carolina","3/29/20","1","1","37105","100"
"Lenoir","0","3","North Carolina","3/29/20","0","3","37107","1"
"Lincoln","0","3","North Carolina","3/29/20","1","2","37109","200"
"McDowell","1","5","North Carolina","3/29/20","0","5","37111","1"
"Mecklenburg","37","336","North Carolina","3/29/20","77","259","37119","336.36"
"Mitchell","0","1","North Carolina","3/29/20","0","1","37121","1"
"Montgomery","0","3","North Carolina","3/29/20","1","2","37123","200"
"Moore","1","7","North Carolina","3/29/20","2","5","37125","250"
"Nash","0","4","North Carolina","3/29/20","1","3","37127","300"
"New Hanover","3","25","North Carolina","3/29/20","4","21","37129","525"
"Northampton","4","25","North Carolina","3/29/20","0","25","37131","1"
"Onslow","0","4","North Carolina","3/29/20","3","1","37133","33.33"
"Orange","3","29","North Carolina","3/29/20","6","23","37135","383.33"
"Pasquotank","0","2","North Carolina","3/29/20","1","1","37139","100"
"Perquimans","0","1","North Carolina","3/29/20","0","1","37143","1"
"Person","0","1","North Carolina","3/29/20","0","1","37145","1"
"Pitt","2","15","North Carolina","3/29/20","3","12","37147","400"
"Polk","0","2","North Carolina","3/29/20","0","2","37149","1"
"Randolph","2","15","North Carolina","3/29/20","0","15","37151","1"
"Robeson","0","2","North Carolina","3/29/20","1","1","37155","100"
"Rowan","2","17","North Carolina","3/29/20","2","15","37159","750"
"Sampson","0","1","North Carolina","3/29/20","1","0","37163","0"
"Scotland","0","2","North Carolina","3/29/20","1","1","37165","100"
"Stanly","1","5","North Carolina","3/29/20","0","5","37167","1"
"Surry","0","2","North Carolina","3/29/20","0","2","37171","1"
"Swain","0","1","North Carolina","3/29/20","0","1","37173","1"
"Transylvania","0","3","North Carolina","3/29/20","0","3","37175","1"
"Union","4","38","North Carolina","3/29/20","12","26","37179","216.67"
"Vance","0","3","North Carolina","3/29/20","0","3","37181","1"
"Wake","13","146","North Carolina","3/29/20","52","94","37183","180.77"
"Washington","0","1","North Carolina","3/29/20","0","1","37187","1"
"Watauga","0","5","North Carolina","3/29/20","2","3","37189","150"
"Wayne","0","3","North Carolina","3/29/20","1","2","37191","200"
"Wilson","1","10","North Carolina","3/29/20","3","7","37195","233.33"
"Yadkin","0","1","North Carolina","3/29/20","0","1","37197","1"
"Barnes","0","2","North Dakota","3/29/20","0","2","38003","1"
"Burleigh","2","28","North Dakota","3/29/20","15","13","38015","86.67"
"Cass","3","20","North Dakota","3/29/20","1","19","38017","1900"
"Divide","0","1","North Dakota","3/29/20","0","1","38023","1"
"Dunn","0","1","North Dakota","3/29/20","0","1","38025","1"
"Foster","0","1","North Dakota","3/29/20","0","1","38031","1"
"McHenry","0","1","North Dakota","3/29/20","0","1","38049","1"
"McIntosh","0","1","North Dakota","3/29/20","0","1","38051","1"
"McLean","0","2","North Dakota","3/29/20","0","2","38055","1"
"Mercer","0","1","North Dakota","3/29/20","0","1","38057","1"
"Morton","1","14","North Dakota","3/29/20","7","7","38059","100"
"Mountrail","0","2","North Dakota","3/29/20","0","2","38061","1"
"Pierce","0","2","North Dakota","3/29/20","1","1","38069","100"
"Ramsey","0","3","North Dakota","3/29/20","1","2","38071","200"
"Sioux","0","1","North Dakota","3/29/20","0","1","38085","1"
"Stark","1","10","North Dakota","3/29/20","0","10","38089","1"
"Walsh","0","1","North Dakota","3/29/20","0","1","38099","1"
"Ward","1","7","North Dakota","3/29/20","3","4","38101","133.33"
"Allen","1","4","Ohio","3/29/20","0","4","39003","1"
"Ashland","0","2","Ohio","3/29/20","1","1","39005","100"
"Ashtabula","1","6","Ohio","3/29/20","2","4","39007","200"
"Athens","0","3","Ohio","3/29/20","0","3","39009","1"
"Auglaize","0","2","Ohio","3/29/20","0","2","39011","1"
"Belmont","1","8","Ohio","3/29/20","2","6","39013","300"
"Butler","1","27","Ohio","3/29/20","17","10","39017","58.82"
"Carroll","0","4","Ohio","3/29/20","1","3","39019","300"
"Champaign","0","2","Ohio","3/29/20","0","2","39021","1"
"Clark","1","7","Ohio","3/29/20","1","6","39023","600"
"Clermont","0","8","Ohio","3/29/20","5","3","39025","60"
"Clinton","0","3","Ohio","3/29/20","1","2","39027","200"
"Columbiana","1","11","Ohio","3/29/20","2","9","39029","450"
"Coshocton","0","4","Ohio","3/29/20","2","2","39031","100"
"Crawford","0","2","Ohio","3/29/20","0","2","39033","1"
"Cuyahoga","45","440","Ohio","3/29/20","125","315","39035","252"
"Darke","0","3","Ohio","3/29/20","1","2","39037","200"
"Defiance","0","5","Ohio","3/29/20","2","3","39039","150"
"Delaware","4","31","Ohio","3/29/20","6","25","39041","416.67"
"Erie","1","5","Ohio","3/29/20","1","4","39043","400"
"Fairfield","2","14","Ohio","3/29/20","0","14","39045","1"
"Fayette","0","1","Ohio","3/29/20","0","1","39047","1"
"Franklin","30","247","Ohio","3/29/20","34","213","39049","626.47"
"Fulton","0","2","Ohio","3/29/20","0","2","39051","1"
"Gallia","0","1","Ohio","3/29/20","1","0","39053","0"
"Geauga","2","17","Ohio","3/29/20","2","15","39055","750"
"Greene","0","3","Ohio","3/29/20","1","2","39057","200"
"Hamilton","9","85","Ohio","3/29/20","19","66","39061","347.37"
"Hancock","0","3","Ohio","3/29/20","1","2","39063","200"
"Highland","0","1","Ohio","3/29/20","0","1","39071","1"
"Huron","0","3","Ohio","3/29/20","1","2","39077","200"
"Jefferson","1","5","Ohio","3/29/20","0","5","39081","1"
"Knox","0","3","Ohio","3/29/20","1","2","39083","200"
"Lake","4","35","Ohio","3/29/20","6","29","39085","483.33"
"Lawrence","0","1","Ohio","3/29/20","0","1","39087","1"
"Licking","2","15","Ohio","3/29/20","1","14","39089","1400"
"Logan","0","3","Ohio","3/29/20","0","3","39091","1"
"Lorain","8","74","Ohio","3/29/20","19","55","39093","289.47"
"Lucas","12","94","Ohio","3/29/20","7","87","39095","1242.86"
"Madison","0","4","Ohio","3/29/20","1","3","39097","300"
"Mahoning","9","84","Ohio","3/29/20","18","66","39099","366.67"
"Marion","1","6","Ohio","3/29/20","1","5","39101","500"
"Medina","5","45","Ohio","3/29/20","10","35","39103","350"
"Mercer","0","2","Ohio","3/29/20","0","2","39107","1"
"Miami","4","43","Ohio","3/29/20","13","30","39109","230.77"
"Montgomery","3","25","Ohio","3/29/20","5","20","39113","400"
"Muskingum","0","2","Ohio","3/29/20","0","2","39119","1"
"Ottawa","0","1","Ohio","3/29/20","0","1","39123","1"
"Pickaway","1","4","Ohio","3/29/20","0","4","39129","1"
"Pike","0","1","Ohio","3/29/20","0","1","39131","1"
"Portage","4","27","Ohio","3/29/20","1","26","39133","2600"
"Richland","1","5","Ohio","3/29/20","1","4","39139","400"
"Sandusky","0","3","Ohio","3/29/20","0","3","39143","1"
"Seneca","0","1","Ohio","3/29/20","0","1","39147","1"
"Shelby","0","3","Ohio","3/29/20","0","3","39149","1"
"Stark","3","29","Ohio","3/29/20","10","19","39151","190"
"Summit","11","99","Ohio","3/29/20","23","76","39153","330.43"
"Trumbull","5","36","Ohio","3/29/20","3","33","39155","1100"
"Tuscarawas","0","5","Ohio","3/29/20","2","3","39157","150"
"Union","0","3","Ohio","3/29/20","1","2","39159","200"
"Van Wert","0","1","Ohio","3/29/20","0","1","39161","1"
"Warren","2","20","Ohio","3/29/20","3","17","39165","566.67"
"Washington","0","3","Ohio","3/29/20","1","2","39167","200"
"Wayne","1","4","Ohio","3/29/20","0","4","39169","1"
"Wood","2","12","Ohio","3/29/20","1","11","39173","1100"
"Wyandot","0","1","Ohio","3/29/20","0","1","39175","1"
"Adair","1","4","Oklahoma","3/29/20","0","4","40001","1"
"Bryan","0","1","Oklahoma","3/29/20","0","1","40013","1"
"Caddo","0","1","Oklahoma","3/29/20","0","1","40015","1"
"Canadian","1","12","Oklahoma","3/29/20","2","10","40017","500"
"Carter","0","1","Oklahoma","3/29/20","0","1","40019","1"
"Cherokee","0","1","Oklahoma","3/29/20","0","1","40021","1"
"Choctaw","0","1","Oklahoma","3/29/20","0","1","40023","1"
"Cleveland","5","51","Oklahoma","3/29/20","13","38","40027","292.31"
"Comanche","2","11","Oklahoma","3/29/20","0","11","40031","1"
"Craig","0","1","Oklahoma","3/29/20","0","1","40035","1"
"Creek","2","16","Oklahoma","3/29/20","0","16","40037","1"
"Custer","0","4","Oklahoma","3/29/20","1","3","40039","300"
"Delaware","1","4","Oklahoma","3/29/20","0","4","40041","1"
"Garfield","0","2","Oklahoma","3/29/20","0","2","40047","1"
"Garvin","0","4","Oklahoma","3/29/20","2","2","40049","100"
"Grady","0","2","Oklahoma","3/29/20","1","1","40051","100"
"Jackson","0","1","Oklahoma","3/29/20","1","0","40065","0"
"Kay","2","20","Oklahoma","3/29/20","4","16","40071","400"
"Latimer","0","1","Oklahoma","3/29/20","0","1","40077","1"
"Le Flore","0","1","Oklahoma","3/29/20","0","1","40079","1"
"Lincoln","0","3","Oklahoma","3/29/20","0","3","40081","1"
"Logan","0","3","Oklahoma","3/29/20","1","2","40083","200"
"Mayes","0","3","Oklahoma","3/29/20","0","3","40097","1"
"McClain","0","2","Oklahoma","3/29/20","1","1","40087","100"
"Muskogee","1","7","Oklahoma","3/29/20","1","6","40101","600"
"Noble","0","3","Oklahoma","3/29/20","1","2","40103","200"
"Nowata","0","3","Oklahoma","3/29/20","0","3","40105","1"
"Oklahoma","13","120","Oklahoma","3/29/20","26","94","40109","361.54"
"Okmulgee","0","3","Oklahoma","3/29/20","0","3","40111","1"
"Osage","1","10","Oklahoma","3/29/20","0","10","40113","1"
"Ottawa","1","4","Oklahoma","3/29/20","0","4","40115","1"
"Pawnee","2","15","Oklahoma","3/29/20","3","12","40117","400"
"Payne","2","13","Oklahoma","3/29/20","2","11","40119","550"
"Pittsburg","0","2","Oklahoma","3/29/20","0","2","40121","1"
"Pontotoc","0","3","Oklahoma","3/29/20","0","3","40123","1"
"Pottawatomie","0","2","Oklahoma","3/29/20","0","2","40125","1"
"Rogers","0","1","Oklahoma","3/29/20","0","1","40131","1"
"Seminole","0","1","Oklahoma","3/29/20","0","1","40133","1"
"Sequoyah","0","2","Oklahoma","3/29/20","0","2","40135","1"
"Stephens","0","2","Oklahoma","3/29/20","0","2","40137","1"
"Texas","0","1","Oklahoma","3/29/20","0","1","40139","1"
"Tulsa","8","61","Oklahoma","3/29/20","6","55","40143","916.67"
"Wagoner","1","8","Oklahoma","3/29/20","0","8","40145","1"
"Washington","2","18","Oklahoma","3/29/20","2","16","40147","800"
"Benton","1","8","Oregon","3/29/20","4","4","41003","100"
"Clackamas","4","39","Oregon","3/29/20","12","27","41005","225"
"Clatsop","0","3","Oregon","3/29/20","0","3","41007","1"
"Columbia","0","1","Oregon","3/29/20","0","1","41009","1"
"Deschutes","2","23","Oregon","3/29/20","10","13","41017","130"
"Douglas","0","4","Oregon","3/29/20","1","3","41019","300"
"Grant","0","1","Oregon","3/29/20","1","0","41023","0"
"Hood River","0","2","Oregon","3/29/20","0","2","41027","1"
"Jackson","2","19","Oregon","3/29/20","2","17","41029","850"
"Josephine","1","6","Oregon","3/29/20","1","5","41033","500"
"Klamath","0","4","Oregon","3/29/20","1","3","41035","300"
"Lane","1","10","Oregon","3/29/20","4","6","41039","150"
"Lincoln","0","1","Oregon","3/29/20","0","1","41041","1"
"Linn","2","36","Oregon","3/29/20","19","17","41043","89.47"
"Marion","12","109","Oregon","3/29/20","22","87","41047","395.45"
"Morrow","0","1","Oregon","3/29/20","0","1","41049","1"
"Multnomah","10","91","Oregon","3/29/20","19","72","41051","378.95"
"Polk","2","13","Oregon","3/29/20","1","12","41053","1200"
"Tillamook","0","2","Oregon","3/29/20","0","2","41057","1"
"Umatilla","0","4","Oregon","3/29/20","2","2","41059","100"
"Union","0","1","Oregon","3/29/20","1","0","41061","0"
"Wasco","0","3","Oregon","3/29/20","0","3","41065","1"
"Washington","14","154","Oregon","3/29/20","55","99","41067","180"
"Yamhill","1","13","Oregon","3/29/20","6","7","41071","116.67"
"Adams","0","8","Pennsylvania","3/29/20","5","3","42001","60"
"Allegheny","32","265","Pennsylvania","3/29/20","40","225","42003","562.5"
"Armstrong","0","3","Pennsylvania","3/29/20","0","3","42005","1"
"Beaver","4","28","Pennsylvania","3/29/20","3","25","42007","833.33"
"Berks","8","68","Pennsylvania","3/29/20","13","55","42011","423.08"
"Blair","0","3","Pennsylvania","3/29/20","0","3","42013","1"
"Bradford","0","3","Pennsylvania","3/29/20","0","3","42015","1"
"Bucks","26","216","Pennsylvania","3/29/20","34","182","42017","535.29"
"Butler","7","47","Pennsylvania","3/29/20","1","46","42019","4600"
"Cambria","0","1","Pennsylvania","3/29/20","0","1","42021","1"
"Cameron","0","1","Pennsylvania","3/29/20","0","1","42023","1"
"Carbon","1","9","Pennsylvania","3/29/20","0","9","42025","1"
"Centre","3","22","Pennsylvania","3/29/20","1","21","42027","2100"
"Chester","16","137","Pennsylvania","3/29/20","23","114","42029","495.65"
"Clarion","0","1","Pennsylvania","3/29/20","0","1","42031","1"
"Clearfield","0","2","Pennsylvania","3/29/20","0","2","42033","1"
"Columbia","1","6","Pennsylvania","3/29/20","1","5","42037","500"
"Crawford","0","3","Pennsylvania","3/29/20","0","3","42039","1"
"Cumberland","2","22","Pennsylvania","3/29/20","11","11","42041","100"
"Dauphin","5","35","Pennsylvania","3/29/20","1","34","42043","3400"
"Delaware","33","276","Pennsylvania","3/29/20","43","233","42045","541.86"
"Erie","1","7","Pennsylvania","3/29/20","2","5","42049","250"
"Fayette","1","10","Pennsylvania","3/29/20","1","9","42051","900"
"Franklin","1","11","Pennsylvania","3/29/20","1","10","42055","1000"
"Greene","1","6","Pennsylvania","3/29/20","0","6","42059","1"
"Huntingdon","0","1","Pennsylvania","3/29/20","0","1","42061","1"
"Indiana","0","2","Pennsylvania","3/29/20","0","2","42063","1"
"Juniata","0","1","Pennsylvania","3/29/20","0","1","42067","1"
"Lackawanna","7","56","Pennsylvania","3/29/20","6","50","42069","833.33"
"Lancaster","9","67","Pennsylvania","3/29/20","6","61","42071","1016.67"
"Lawrence","1","8","Pennsylvania","3/29/20","0","8","42073","1"
"Lebanon","2","19","Pennsylvania","3/29/20","3","16","42075","533.33"
"Lehigh","19","151","Pennsylvania","3/29/20","19","132","42077","694.74"
"Luzerne","12","94","Pennsylvania","3/29/20","7","87","42079","1242.86"
"Lycoming","0","3","Pennsylvania","3/29/20","0","3","42081","1"
"McKean","0","1","Pennsylvania","3/29/20","0","1","42083","1"
"Mercer","1","7","Pennsylvania","3/29/20","1","6","42085","600"
"Mifflin","0","2","Pennsylvania","3/29/20","0","2","42087","1"
"Monroe","15","135","Pennsylvania","3/29/20","31","104","42089","335.48"
"Montgomery","54","488","Pennsylvania","3/29/20","110","378","42091","343.64"
"Montour","0","4","Pennsylvania","3/29/20","1","3","42093","300"
"Northampton","15","126","Pennsylvania","3/29/20","21","105","42095","500"
"Northumberland","0","1","Pennsylvania","3/29/20","0","1","42097","1"
"Perry","0","1","Pennsylvania","3/29/20","0","1","42099","1"
"Philadelphia","113","890","Pennsylvania","3/29/20","96","794","42101","827.08"
"Pike","4","33","Pennsylvania","3/29/20","3","30","42103","1000"
"Potter","0","2","Pennsylvania","3/29/20","1","1","42105","100"
"Schuylkill","3","21","Pennsylvania","3/29/20","1","20","42107","2000"
"Snyder","0","2","Pennsylvania","3/29/20","0","2","42109","1"
"Somerset","0","2","Pennsylvania","3/29/20","0","2","42111","1"
"Susquehanna","0","1","Pennsylvania","3/29/20","0","1","42115","1"
"Tioga","0","1","Pennsylvania","3/29/20","0","1","42117","1"
"Venango","0","1","Pennsylvania","3/29/20","0","1","42121","1"
"Warren","0","1","Pennsylvania","3/29/20","0","1","42123","1"
"Washington","2","24","Pennsylvania","3/29/20","7","17","42125","242.86"
"Wayne","1","7","Pennsylvania","3/29/20","2","5","42127","250"
"Westmoreland","6","47","Pennsylvania","3/29/20","4","43","42129","1075"
"York","5","43","Pennsylvania","3/29/20","10","33","42133","330"
"","15","127","Puerto Rico","3/29/20","23","104",,"452.17"
"Bristol","0","12","Rhode Island","3/29/20","14","-2","44001","-14.29"
"Kent","3","27","Rhode Island","3/29/20","7","20","44003","285.71"
"Newport","2","19","Rhode Island","3/29/20","8","11","44005","137.5"
"Providence","17","156","Rhode Island","3/29/20","37","119","44007","321.62"
"Washington","2","23","Rhode Island","3/29/20","9","14","44009","155.56"
"Abbeville","0","3","South Carolina","3/29/20","1","2","45001","200"
"Aiken","1","9","South Carolina","3/29/20","1","8","45003","800"
"Anderson","3","29","South Carolina","3/29/20","10","19","45007","190"
"Beaufort","5","50","South Carolina","3/29/20","14","36","45013","257.14"
"Berkeley","2","14","South Carolina","3/29/20","2","12","45015","600"
"Calhoun","0","2","South Carolina","3/29/20","1","1","45017","100"
"Charleston","15","117","South Carolina","3/29/20","13","104","45019","800"
"Chester","0","2","South Carolina","3/29/20","0","2","45023","1"
"Chesterfield","1","4","South Carolina","3/29/20","0","4","45025","1"
"Clarendon","2","16","South Carolina","3/29/20","1","15","45027","1500"
"Colleton","0","4","South Carolina","3/29/20","1","3","45029","300"
"Darlington","1","10","South Carolina","3/29/20","5","5","45031","100"
"Dillon","0","1","South Carolina","3/29/20","1","0","45033","0"
"Dorchester","1","10","South Carolina","3/29/20","1","9","45035","900"
"Edgefield","0","2","South Carolina","3/29/20","1","1","45037","100"
"Fairfield","0","4","South Carolina","3/29/20","1","3","45039","300"
"Florence","2","14","South Carolina","3/29/20","1","13","45041","1300"
"Georgetown","1","10","South Carolina","3/29/20","0","10","45043","1"
"Greenville","7","71","South Carolina","3/29/20","19","52","45045","273.68"
"Greenwood","0","3","South Carolina","3/29/20","3","0","45047","0"
"Hampton","0","0","South Carolina","3/29/20","1","-1","45049","-100"
"Horry","3","31","South Carolina","3/29/20","11","20","45051","181.82"
"Jasper","0","3","South Carolina","3/29/20","1","2","45053","200"
"Kershaw","6","83","South Carolina","3/29/20","44","39","45055","88.64"
"Lancaster","1","13","South Carolina","3/29/20","5","8","45057","160"
"Laurens","0","3","South Carolina","3/29/20","0","3","45059","1"
"Lee","1","5","South Carolina","3/29/20","1","4","45061","400"
"Lexington","3","35","South Carolina","3/29/20","12","23","45063","191.67"
"Marion","0","1","South Carolina","3/29/20","0","1","45067","1"
"Marlboro","0","2","South Carolina","3/29/20","1","1","45069","100"
"Newberry","0","2","South Carolina","3/29/20","1","1","45071","100"
"Oconee","1","4","South Carolina","3/29/20","0","4","45073","1"
"Orangeburg","2","16","South Carolina","3/29/20","3","13","45075","433.33"
"Pickens","1","11","South Carolina","3/29/20","1","10","45077","1000"
"Richland","9","95","South Carolina","3/29/20","29","66","45079","227.59"
"Saluda","0","1","South Carolina","3/29/20","1","0","45081","0"
"Spartanburg","3","25","South Carolina","3/29/20","2","23","45083","1150"
"Sumter","4","30","South Carolina","3/29/20","3","27","45085","900"
"Union","0","1","South Carolina","3/29/20","0","1","45087","1"
"Williamsburg","0","2","South Carolina","3/29/20","0","2","45089","1"
"York","5","36","South Carolina","3/29/20","4","32","45091","800"
"Aurora","0","1","South Dakota","3/29/20","0","1","46003","1"
"Beadle","1","20","South Dakota","3/29/20","10","10","46005","100"
"Bon Homme","0","1","South Dakota","3/29/20","1","0","46009","0"
"Brookings","0","1","South Dakota","3/29/20","0","1","46011","1"
"Brown","0","2","South Dakota","3/29/20","1","1","46013","100"
"Charles Mix","0","1","South Dakota","3/29/20","1","0","46023","0"
"Clark","0","1","South Dakota","3/29/20","0","1","46025","1"
"Clay","0","2","South Dakota","3/29/20","0","2","46027","1"
"Codington","1","4","South Dakota","3/29/20","0","4","46029","1"
"Davison","0","2","South Dakota","3/29/20","1","1","46035","100"
"Deuel","0","1","South Dakota","3/29/20","0","1","46039","1"
"Fall River","0","1","South Dakota","3/29/20","0","1","46047","1"
"Faulk","0","1","South Dakota","3/29/20","0","1","46049","1"
"Hamlin","0","1","South Dakota","3/29/20","0","1","46057","1"
"Hughes","0","1","South Dakota","3/29/20","0","1","46065","1"
"Hutchinson","0","2","South Dakota","3/29/20","0","2","46067","1"
"Lawrence","0","3","South Dakota","3/29/20","0","3","46081","1"
"Lincoln","1","4","South Dakota","3/29/20","0","4","46083","1"
"Lyman","0","1","South Dakota","3/29/20","0","1","46085","1"
"McCook","0","2","South Dakota","3/29/20","1","1","46087","100"
"Meade","0","1","South Dakota","3/29/20","0","1","46093","1"
"Minnehaha","3","25","South Dakota","3/29/20","5","20","46099","400"
"Pennington","0","4","South Dakota","3/29/20","1","3","46103","300"
"Roberts","0","1","South Dakota","3/29/20","0","1","46109","1"
"Todd","0","1","South Dakota","3/29/20","0","1","46121","1"
"Turner","0","1","South Dakota","3/29/20","0","1","46125","1"
"Union","0","1","South Dakota","3/29/20","0","1","46127","1"
"Yankton","1","4","South Dakota","3/29/20","0","4","46135","1"
"Anderson","1","6","Tennessee","3/29/20","1","5","47001","500"
"Bedford","0","1","Tennessee","3/29/20","0","1","47003","1"
"Benton","0","3","Tennessee","3/29/20","0","3","47005","1"
"Bledsoe","0","2","Tennessee","3/29/20","0","2","47007","1"
"Blount","1","9","Tennessee","3/29/20","1","8","47009","800"
"Bradley","1","8","Tennessee","3/29/20","2","6","47011","300"
"Campbell","0","4","Tennessee","3/29/20","2","2","47013","100"
"Cannon","0","2","Tennessee","3/29/20","0","2","47015","1"
"Carroll","0","5","Tennessee","3/29/20","2","3","47017","150"
"Carter","0","1","Tennessee","3/29/20","0","1","47019","1"
"Cheatham","1","8","Tennessee","3/29/20","4","4","47021","100"
"Chester","0","2","Tennessee","3/29/20","1","1","47023","100"
"Claiborne","0","2","Tennessee","3/29/20","0","2","47025","1"
"Cocke","0","1","Tennessee","3/29/20","1","0","47029","0"
"Coffee","0","1","Tennessee","3/29/20","0","1","47031","1"
"Cumberland","1","9","Tennessee","3/29/20","2","7","47035","350"
"Davidson","32","394","Tennessee","3/29/20","167","227","47037","135.93"
"Decatur","0","1","Tennessee","3/29/20","0","1","47039","1"
"DeKalb","0","3","Tennessee","3/29/20","0","3","47041","1"
"Dickson","1","11","Tennessee","3/29/20","4","7","47043","175"
"Dyer","0","3","Tennessee","3/29/20","2","1","47045","50"
"Fayette","1","10","Tennessee","3/29/20","3","7","47047","233.33"
"Franklin","1","6","Tennessee","3/29/20","1","5","47051","500"
"Gibson","0","3","Tennessee","3/29/20","1","2","47053","200"
"Greene","1","9","Tennessee","3/29/20","2","7","47059","350"
"Grundy","0","2","Tennessee","3/29/20","0","2","47061","1"
"Hamblen","0","2","Tennessee","3/29/20","2","0","47063","0"
"Hamilton","4","35","Tennessee","3/29/20","8","27","47065","337.5"
"Hardeman","0","1","Tennessee","3/29/20","0","1","47069","1"
"Hardin","0","1","Tennessee","3/29/20","0","1","47071","1"
"Hawkins","0","2","Tennessee","3/29/20","0","2","47073","1"
"Haywood","0","2","Tennessee","3/29/20","0","2","47075","1"
"Henry","0","1","Tennessee","3/29/20","0","1","47079","1"
"Houston","0","2","Tennessee","3/29/20","1","1","47083","100"
"Jefferson","0","5","Tennessee","3/29/20","2","3","47089","150"
"Johnson","0","2","Tennessee","3/29/20","0","2","47091","1"
"Knox","5","38","Tennessee","3/29/20","5","33","47093","660"
"Lewis","0","2","Tennessee","3/29/20","0","2","47101","1"
"Lincoln","0","1","Tennessee","3/29/20","0","1","47103","1"
"Loudon","1","8","Tennessee","3/29/20","1","7","47105","700"
"Macon","0","3","Tennessee","3/29/20","0","3","47111","1"
"Madison","0","3","Tennessee","3/29/20","0","3","47113","1"
"Marion","1","5","Tennessee","3/29/20","1","4","47115","400"
"Maury","1","8","Tennessee","3/29/20","2","6","47119","300"
"McMinn","0","3","Tennessee","3/29/20","1","2","47107","200"
"McNairy","0","1","Tennessee","3/29/20","0","1","47109","1"
"Meigs","0","1","Tennessee","3/29/20","0","1","47121","1"
"Monroe","0","3","Tennessee","3/29/20","3","0","47123","0"
"Montgomery","1","13","Tennessee","3/29/20","3","10","47125","333.33"
"Morgan","0","1","Tennessee","3/29/20","0","1","47129","1"
"Obion","0","1","Tennessee","3/29/20","0","1","47131","1"
"Out of TN","21","150","Tennessee","3/29/20","0","150","80047","1"
"Overton","0","2","Tennessee","3/29/20","0","2","47133","1"
"Perry","0","2","Tennessee","3/29/20","1","1","47135","100"
"Putnam","2","17","Tennessee","3/29/20","6","11","47141","183.33"
"Roane","0","2","Tennessee","3/29/20","1","1","47145","100"
"Robertson","3","25","Tennessee","3/29/20","3","22","47147","733.33"
"Rutherford","6","48","Tennessee","3/29/20","8","40","47149","500"
"Scott","0","2","Tennessee","3/29/20","2","0","47151","0"
"Sevier","1","6","Tennessee","3/29/20","1","5","47155","500"
"Shelby","42","362","Tennessee","3/29/20","66","296","47157","448.48"
"Smith","0","1","Tennessee","3/29/20","0","1","47159","1"
"Sullivan","1","8","Tennessee","3/29/20","1","7","47163","700"
"Sumner","10","93","Tennessee","3/29/20","22","71","47165","322.73"
"Tipton","1","15","Tennessee","3/29/20","5","10","47167","200"
"Trousdale","0","1","Tennessee","3/29/20","0","1","47169","1"
"Unicoi","0","1","Tennessee","3/29/20","0","1","47171","1"
"Union","0","1","Tennessee","3/29/20","0","1","47173","1"
"Washington","2","14","Tennessee","3/29/20","2","12","47179","600"
"Weakley","0","1","Tennessee","3/29/20","0","1","47183","1"
"White","0","1","Tennessee","3/29/20","0","1","47185","1"
"Williamson","8","101","Tennessee","3/29/20","48","53","47187","110.42"
"Wilson","4","27","Tennessee","3/29/20","2","25","47189","1250"
"Angelina","0","3","Texas","3/29/20","0","3","48005","1"
"Atascosa","0","2","Texas","3/29/20","2","0","48013","0"
"Austin","0","2","Texas","3/29/20","0","2","48015","1"
"Bastrop","1","5","Texas","3/29/20","0","5","48021","1"
"Bell","3","28","Texas","3/29/20","10","18","48027","180"
"Bexar","13","140","Texas","3/29/20","46","94","48029","204.35"
"Blanco","0","1","Texas","3/29/20","0","1","48031","1"
"Bowie","0","3","Texas","3/29/20","1","2","48037","200"
"Brazoria","7","61","Texas","3/29/20","14","47","48039","335.71"
"Brazos","5","44","Texas","3/29/20","12","32","48041","266.67"
"Brown","0","3","Texas","3/29/20","2","1","48049","50"
"Burleson","0","1","Texas","3/29/20","0","1","48051","1"
"Burnet","0","2","Texas","3/29/20","1","1","48053","100"
"Caldwell","0","1","Texas","3/29/20","0","1","48055","1"
"Calhoun","1","5","Texas","3/29/20","0","5","48057","1"
"Cameron","2","20","Texas","3/29/20","6","14","48061","233.33"
"Cass","0","2","Texas","3/29/20","0","2","48067","1"
"Castro","1","8","Texas","3/29/20","2","6","48069","300"
"Chambers","0","3","Texas","3/29/20","1","2","48071","200"
"Cherokee","0","1","Texas","3/29/20","0","1","48073","1"
"Collin","14","134","Texas","3/29/20","38","96","48085","252.63"
"Comal","1","9","Texas","3/29/20","2","7","48091","350"
"Comanche","0","1","Texas","3/29/20","0","1","48093","1"
"Coryell","0","1","Texas","3/29/20","0","1","48099","1"
"Crane","0","1","Texas","3/29/20","1","0","48103","0"
"Dallas","51","488","Texas","3/29/20","131","357","48113","272.52"
"Dawson","0","3","Texas","3/29/20","0","3","48115","1"
"Deaf Smith","0","2","Texas","3/29/20","1","1","48117","100"
"Denton","19","165","Texas","3/29/20","30","135","48121","450"
"DeWitt","0","3","Texas","3/29/20","1","2","48123","200"
"Eastland","1","4","Texas","3/29/20","0","4","48133","1"
"Ector","0","3","Texas","3/29/20","0","3","48135","1"
"El Paso","5","42","Texas","3/29/20","7","35","48141","500"
"Ellis","1","13","Texas","3/29/20","3","10","48139","333.33"
"Erath","0","2","Texas","3/29/20","0","2","48143","1"
"Falls","0","1","Texas","3/29/20","0","1","48145","1"
"Fannin","0","1","Texas","3/29/20","1","0","48147","0"
"Fayette","0","1","Texas","3/29/20","1","0","48149","0"
"Fort Bend","13","119","Texas","3/29/20","29","90","48157","310.34"
"Franklin","0","1","Texas","3/29/20","0","1","48159","1"
"Gaines","0","1","Texas","3/29/20","0","1","48165","1"
"Galveston","8","70","Texas","3/29/20","11","59","48167","536.36"
"Grayson","0","3","Texas","3/29/20","0","3","48181","1"
"Gregg","0","4","Texas","3/29/20","1","3","48183","300"
"Grimes","0","2","Texas","3/29/20","2","0","48185","0"
"Guadalupe","1","10","Texas","3/29/20","1","9","48187","900"
"Hale","0","1","Texas","3/29/20","0","1","48189","1"
"Hardin","1","9","Texas","3/29/20","2","7","48199","350"
"Harris","65","526","Texas","3/29/20","74","452","48201","610.81"
"Harrison","0","1","Texas","3/29/20","0","1","48203","1"
"Hays","1","13","Texas","3/29/20","7","6","48209","85.71"
"Henderson","0","1","Texas","3/29/20","0","1","48213","1"
"Hidalgo","4","27","Texas","3/29/20","2","25","48215","1250"
"Hill","0","1","Texas","3/29/20","0","1","48217","1"
"Hockley","1","7","Texas","3/29/20","3","4","48219","133.33"
"Hood","0","2","Texas","3/29/20","0","2","48221","1"
"Hopkins","0","1","Texas","3/29/20","0","1","48223","1"
"Hunt","0","1","Texas","3/29/20","0","1","48231","1"
"Jackson","0","1","Texas","3/29/20","0","1","48239","1"
"Jefferson","2","16","Texas","3/29/20","3","13","48245","433.33"
"Johnson","1","8","Texas","3/29/20","2","6","48251","300"
"Karnes","0","2","Texas","3/29/20","0","2","48255","1"
"Kaufman","0","2","Texas","3/29/20","0","2","48257","1"
"Kendall","1","7","Texas","3/29/20","1","6","48259","600"
"Kleberg","0","1","Texas","3/29/20","0","1","48273","1"
"Lamar","0","3","Texas","3/29/20","1","2","48277","200"
"Lamb","0","1","Texas","3/29/20","0","1","48279","1"
"Lavaca","0","1","Texas","3/29/20","1","0","48285","0"
"Liberty","0","2","Texas","3/29/20","1","1","48291","100"
"Limestone","0","1","Texas","3/29/20","0","1","48293","1"
"Llano","0","2","Texas","3/29/20","0","2","48299","1"
"Lubbock","5","41","Texas","3/29/20","9","32","48303","355.56"
"Lynn","0","2","Texas","3/29/20","0","2","48305","1"
"Martin","0","1","Texas","3/29/20","0","1","48317","1"
"Matagorda","1","11","Texas","3/29/20","3","8","48321","266.67"
"Maverick","0","1","Texas","3/29/20","0","1","48323","1"
"McLennan","3","34","Texas","3/29/20","16","18","48309","112.5"
"Medina","0","3","Texas","3/29/20","1","2","48325","200"
"Midland","2","12","Texas","3/29/20","1","11","48329","1100"
"Milam","0","2","Texas","3/29/20","1","1","48331","100"
"Montague","0","1","Texas","3/29/20","0","1","48337","1"
"Montgomery","7","65","Texas","3/29/20","13","52","48339","400"
"Morris","0","1","Texas","3/29/20","0","1","48343","1"
"Nacogdoches","0","2","Texas","3/29/20","0","2","48347","1"
"Navarro","0","1","Texas","3/29/20","0","1","48349","1"
"Nueces","3","22","Texas","3/29/20","1","21","48355","2100"
"Oldham","0","2","Texas","3/29/20","1","1","48359","100"
"Orange","0","1","Texas","3/29/20","0","1","48361","1"
"Parker","1","4","Texas","3/29/20","0","4","48367","1"
"Polk","0","1","Texas","3/29/20","0","1","48373","1"
"Potter","1","5","Texas","3/29/20","0","5","48375","1"
"Randall","1","6","Texas","3/29/20","2","4","48381","200"
"Robertson","0","2","Texas","3/29/20","0","2","48395","1"
"Rockwall","0","3","Texas","3/29/20","0","3","48397","1"
"Rusk","0","2","Texas","3/29/20","1","1","48401","100"
"San Jacinto","0","1","Texas","3/29/20","0","1","48407","1"
"San Patricio","0","2","Texas","3/29/20","0","2","48409","1"
"Shelby","0","1","Texas","3/29/20","0","1","48419","1"
"Smith","3","31","Texas","3/29/20","10","21","48423","210"
"Starr","0","2","Texas","3/29/20","0","2","48427","1"
"Swisher","0","1","Texas","3/29/20","0","1","48437","1"
"Tarrant","13","139","Texas","3/29/20","47","92","48439","195.74"
"Taylor","1","9","Texas","3/29/20","0","9","48441","1"
"Terry","1","4","Texas","3/29/20","0","4","48445","1"
"Tom Green","1","5","Texas","3/29/20","0","5","48451","1"
"Travis","20","200","Texas","3/29/20","62","138","48453","222.58"
"Upshur","0","0","Texas","3/29/20","1","-1","48459","-100"
"Uvalde","0","1","Texas","3/29/20","0","1","48463","1"
"Val Verde","1","5","Texas","3/29/20","0","5","48465","1"
"Van Zandt","0","1","Texas","3/29/20","1","0","48467","0"
"Victoria","0","3","Texas","3/29/20","0","3","48469","1"
"Walker","0","3","Texas","3/29/20","1","2","48471","200"
"Washington","1","6","Texas","3/29/20","0","6","48477","1"
"Webb","4","30","Texas","3/29/20","4","26","48479","650"
"Wharton","0","3","Texas","3/29/20","1","2","48481","200"
"Wichita","3","23","Texas","3/29/20","4","19","48485","475"
"Willacy","0","1","Texas","3/29/20","0","1","48489","1"
"Williamson","4","37","Texas","3/29/20","9","28","48491","311.11"
"Wilson","0","2","Texas","3/29/20","0","2","48493","1"
"Young","0","1","Texas","3/29/20","0","1","48503","1"
"Bear River","1","5","Utah","3/29/20","1","4","00000","400"
"Beaver","0","1","Utah","3/29/20","0","1","49001","1"
"Cache","0","5","Utah","3/29/20","2","3","49005","150"
"Davis","7","69","Utah","3/29/20","19","50","49011","263.16"
"Garfield","0","1","Utah","3/29/20","0","1","49017","1"
"Grand","1","4","Utah","3/29/20","0","4","49019","1"
"Iron","0","2","Utah","3/29/20","0","2","49021","1"
"Out of UT","2","14","Utah","3/29/20","0","14","80049","1"
"Salt Lake","34","321","Utah","3/29/20","80","241","49035","301.25"
"San Juan","1","4","Utah","3/29/20","0","4","49037","1"
"Summit","15","151","Utah","3/29/20","43","108","49043","251.16"
"Tooele","1","9","Utah","3/29/20","3","6","49045","200"
"Utah","6","50","Utah","3/29/20","6","44","49049","733.33"
"Wasatch","4","39","Utah","3/29/20","8","31","49051","387.5"
"Washington","1","8","Utah","3/29/20","0","8","49053","1"
"Weber-Morgan","5","37","Utah","3/29/20","0","37","00000","1"
"Addison","2","17","Vermont","3/29/20","3","14","50001","466.67"
"Bennington","2","16","Vermont","3/29/20","4","12","50003","300"
"Caledonia","0","2","Vermont","3/29/20","0","2","50005","1"
"Chittenden","14","117","Vermont","3/29/20","22","95","50007","431.82"
"Franklin","1","9","Vermont","3/29/20","2","7","50011","350"
"Lamoille","2","12","Vermont","3/29/20","0","12","50015","1"
"Orange","0","3","Vermont","3/29/20","3","0","50017","0"
"Orleans","1","5","Vermont","3/29/20","0","5","50019","1"
"Rutland","0","6","Vermont","3/29/20","3","3","50021","100"
"Washington","1","12","Vermont","3/29/20","2","10","50023","500"
"Windham","1","11","Vermont","3/29/20","5","6","50025","120"
"Windsor","1","18","Vermont","3/29/20","8","10","50027","125"
"","2","23","Virgin Islands","3/29/20","6","17",,"283.33"
"Accomack","0","3","Virginia","3/29/20","1","2","51001","200"
"Albemarle","2","17","Virginia","3/29/20","2","15","51003","750"
"Alexandria","3","25","Virginia","3/29/20","5","20","51510","400"
"Amelia","0","1","Virginia","3/29/20","0","1","51007","1"
"Amherst","0","2","Virginia","3/29/20","1","1","51009","100"
"Arlington","8","84","Virginia","3/29/20","26","58","51013","223.08"
"Bedford","0","3","Virginia","3/29/20","1","2","51019","200"
"Botetourt","0","2","Virginia","3/29/20","1","1","51023","100"
"Bristol","0","1","Virginia","3/29/20","0","1","51520","1"
"Charles City","0","1","Virginia","3/29/20","1","0","51036","0"
"Charlottesville","1","12","Virginia","3/29/20","4","8","51540","200"
"Chesapeake","2","17","Virginia","3/29/20","0","17","51550","1"
"Chesterfield","1","12","Virginia","3/29/20","8","4","51041","50"
"Culpeper","0","2","Virginia","3/29/20","2","0","51047","0"
"Danville","1","5","Virginia","3/29/20","1","4","51590","400"
"Fairfax","22","188","Virginia","3/29/20","31","157","51059","506.45"
"Fauquier","1","6","Virginia","3/29/20","0","6","51061","1"
"Fluvanna","0","3","Virginia","3/29/20","1","2","51065","200"
"Franklin","1","5","Virginia","3/29/20","1","4","51067","400"
"Frederick","1","8","Virginia","3/29/20","0","8","51069","1"
"Fredericksburg","0","1","Virginia","3/29/20","0","1","51630","1"
"Galax","0","1","Virginia","3/29/20","0","1","51640","1"
"Gloucester","1","6","Virginia","3/29/20","2","4","51073","200"
"Goochland","1","6","Virginia","3/29/20","2","4","51075","200"
"Greene","0","1","Virginia","3/29/20","0","1","51079","1"
"Greensville","0","1","Virginia","3/29/20","0","1","51081","1"
"Halifax","0","1","Virginia","3/29/20","0","1","51083","1"
"Hampton","1","7","Virginia","3/29/20","0","7","51650","1"
"Hanover","0","4","Virginia","3/29/20","1","3","51085","300"
"Harrisonburg","1","5","Virginia","3/29/20","1","4","51660","400"
"Henrico","5","40","Virginia","3/29/20","8","32","51087","400"
"Hopewell","0","1","Virginia","3/29/20","0","1","51670","1"
"Isle of Wight","0","3","Virginia","3/29/20","1","2","51093","200"
"James City","5","70","Virginia","3/29/20","32","38","51095","118.75"
"King George","0","2","Virginia","3/29/20","0","2","51099","1"
"Lancaster","0","1","Virginia","3/29/20","0","1","51103","1"
"Lee","0","2","Virginia","3/29/20","2","0","51105","0"
"Loudoun","7","61","Virginia","3/29/20","15","46","51107","306.67"
"Louisa","1","6","Virginia","3/29/20","1","5","51109","500"
"Lynchburg","0","3","Virginia","3/29/20","0","3","51680","1"
"Madison","0","3","Virginia","3/29/20","0","3","51113","1"
"Manassas","1","5","Virginia","3/29/20","0","5","51683","1"
"Manassas Park","0","1","Virginia","3/29/20","0","1","51685","1"
"Mathews","1","4","Virginia","3/29/20","0","4","51115","1"
"Mecklenburg","0","4","Virginia","3/29/20","1","3","51117","300"
"Montgomery","0","1","Virginia","3/29/20","0","1","51121","1"
"Nelson","0","2","Virginia","3/29/20","0","2","51125","1"
"New Kent","0","1","Virginia","3/29/20","0","1","51127","1"
"Newport News","2","17","Virginia","3/29/20","2","15","51700","750"
"Norfolk","2","14","Virginia","3/29/20","3","11","51710","366.67"
"Northampton","0","1","Virginia","3/29/20","0","1","51131","1"
"Northumberland","0","2","Virginia","3/29/20","0","2","51133","1"
"Nottoway","0","1","Virginia","3/29/20","0","1","51135","1"
"Orange","0","1","Virginia","3/29/20","0","1","51137","1"
"Pittsylvania","0","1","Virginia","3/29/20","0","1","51143","1"
"Poquoson","0","2","Virginia","3/29/20","0","2","51735","1"
"Portsmouth","1","4","Virginia","3/29/20","0","4","51740","1"
"Powhatan","0","1","Virginia","3/29/20","0","1","51145","1"
"Prince Edward","0","2","Virginia","3/29/20","1","1","51147","100"
"Prince George","1","4","Virginia","3/29/20","0","4","51149","1"
"Prince William","8","72","Virginia","3/29/20","18","54","51153","300"
"Radford","0","1","Virginia","3/29/20","0","1","51750","1"
"Richmond","-1","0","Virginia","3/29/20","6","-6","51159","-100"
"Richmond City","4","25","Virginia","3/29/20","0","25","51760","1"
"Roanoke","0","2","Virginia","3/29/20","0","2","51161","1"
"Roanoke City","0","2","Virginia","3/29/20","0","2","51770","1"
"Rockbridge","0","2","Virginia","3/29/20","1","1","51163","100"
"Rockingham","0","4","Virginia","3/29/20","2","2","51165","100"
"Shenandoah","1","4","Virginia","3/29/20","0","4","51171","1"
"Southampton","0","1","Virginia","3/29/20","0","1","51175","1"
"Spotsylvania","0","3","Virginia","3/29/20","2","1","51177","50"
"Stafford","1","11","Virginia","3/29/20","5","6","51179","120"
"Suffolk","0","1","Virginia","3/29/20","1","0","51800","0"
"Tazewell","0","1","Virginia","3/29/20","0","1","51185","1"
"Virginia Beach","5","49","Virginia","3/29/20","17","32","51810","188.24"
"Warren","0","2","Virginia","3/29/20","0","2","51187","1"
"Washington","0","2","Virginia","3/29/20","0","2","51191","1"
"Williamsburg","0","7","Virginia","3/29/20","5","2","51830","40"
"Winchester","0","1","Virginia","3/29/20","0","1","51840","1"
"Wythe","0","1","Virginia","3/29/20","0","1","51197","1"
"York","1","9","Virginia","3/29/20","5","4","51199","80"
"Adams","1","5","Washington","3/29/20","0","5","53001","1"
"Benton","7","56","Washington","3/29/20","7","49","53005","700"
"Chelan","1","13","Washington","3/29/20","3","10","53007","333.33"
"Clallam","0","5","Washington","3/29/20","4","1","53009","25"
"Clark","11","90","Washington","3/29/20","10","80","53011","800"
"Columbia","0","1","Washington","3/29/20","1","0","53013","0"
"Cowlitz","1","10","Washington","3/29/20","3","7","53015","233.33"
"Douglas","1","5","Washington","3/29/20","0","5","53017","1"
"Ferry","0","1","Washington","3/29/20","0","1","53019","1"
"Franklin","2","16","Washington","3/29/20","3","13","53021","433.33"
"Garfield","0","0","Washington","3/29/20","1","-1","53023","-100"
"Grant","5","50","Washington","3/29/20","18","32","53025","177.78"
"Grays Harbor","0","1","Washington","3/29/20","1","0","53027","0"
"Island","10","93","Washington","3/29/20","21","72","53029","342.86"
"Jefferson","1","13","Washington","3/29/20","6","7","53031","116.67"
"King","160","2159","Washington","3/29/20","1040","1119","53033","107.6"
"Kitsap","5","50","Washington","3/29/20","18","32","53035","177.78"
"Kittitas","1","8","Washington","3/29/20","4","4","53037","100"
"Klickitat","0","7","Washington","3/29/20","4","3","53039","75"
"Lewis","1","7","Washington","3/29/20","2","5","53041","250"
"Lincoln","0","1","Washington","3/29/20","1","0","53043","0"
"Mason","0","2","Washington","3/29/20","1","1","53045","100"
"Okanogan","0","3","Washington","3/29/20","0","3","53047","1"
"Pierce","30","317","Washington","3/29/20","107","210","53053","196.26"
"San Juan","0","4","Washington","3/29/20","1","3","53055","300"
"Skagit","9","99","Washington","3/29/20","33","66","53057","200"
"Skamania","0","1","Washington","3/29/20","0","1","53059","1"
"Snohomish","62","912","Washington","3/29/20","480","432","53061","90"
"Spokane","13","108","Washington","3/29/20","20","88","53063","440"
"Stevens","0","3","Washington","3/29/20","1","2","53065","200"
"Thurston","3","33","Washington","3/29/20","11","22","53067","200"
"Walla Walla","1","5","Washington","3/29/20","1","4","53071","400"
"Whatcom","15","116","Washington","3/29/20","14","102","53073","728.57"
"Whitman","1","6","Washington","3/29/20","1","5","53075","500"
"Yakima","18","140","Washington","3/29/20","16","124","53077","775"
"Berkeley","1","10","West Virginia","3/29/20","0","10","54003","1"
"Greenbrier","0","2","West Virginia","3/29/20","0","2","54025","1"
"Hancock","0","3","West Virginia","3/29/20","0","3","54029","1"
"Harrison","1","5","West Virginia","3/29/20","0","5","54033","1"
"Jackson","1","7","West Virginia","3/29/20","1","6","54035","600"
"Jefferson","0","4","West Virginia","3/29/20","3","1","54037","33.33"
"Kanawha","2","19","West Virginia","3/29/20","3","16","54039","533.33"
"Logan","0","1","West Virginia","3/29/20","0","1","54045","1"
"Marion","1","5","West Virginia","3/29/20","0","5","54049","1"
"Marshall","0","4","West Virginia","3/29/20","2","2","54051","100"
"Mason","0","3","West Virginia","3/29/20","0","3","54053","1"
"Mercer","0","2","West Virginia","3/29/20","2","0","54055","0"
"Monongalia","4","29","West Virginia","3/29/20","2","27","54061","1350"
"Ohio","1","6","West Virginia","3/29/20","0","6","54069","1"
"Pleasants","0","1","West Virginia","3/29/20","0","1","54073","1"
"Preston","0","1","West Virginia","3/29/20","0","1","54077","1"
"Putnam","0","3","West Virginia","3/29/20","1","2","54079","200"
"Raleigh","0","3","West Virginia","3/29/20","0","3","54081","1"
"Tucker","0","2","West Virginia","3/29/20","2","0","54093","0"
"Upshur","0","1","West Virginia","3/29/20","0","1","54097","1"
"Wood","0","2","West Virginia","3/29/20","0","2","54107","1"
"Bayfield","0","2","Wisconsin","3/29/20","1","1","55007","100"
"Brown","0","6","Wisconsin","3/29/20","3","3","55009","100"
"Calumet","0","1","Wisconsin","3/29/20","1","0","55015","0"
"Chippewa","0","4","Wisconsin","3/29/20","1","3","55017","300"
"Clark","0","3","Wisconsin","3/29/20","0","3","55019","1"
"Columbia","1","9","Wisconsin","3/29/20","5","4","55021","80"
"Dane","17","183","Wisconsin","3/29/20","61","122","55025","200"
"Dodge","1","8","Wisconsin","3/29/20","0","8","55027","1"
"Douglas","1","6","Wisconsin","3/29/20","1","5","55031","500"
"Dunn","0","3","Wisconsin","3/29/20","1","2","55033","200"
"Eau Claire","1","10","Wisconsin","3/29/20","4","6","55035","150"
"Fond du Lac","1","20","Wisconsin","3/29/20","16","4","55039","25"
"Grant","0","1","Wisconsin","3/29/20","0","1","55043","1"
"Green","0","4","Wisconsin","3/29/20","1","3","55045","300"
"Iowa","0","3","Wisconsin","3/29/20","0","3","55049","1"
"Iron","0","1","Wisconsin","3/29/20","0","1","55051","1"
"Jefferson","1","8","Wisconsin","3/29/20","2","6","55055","300"
"Juneau","0","3","Wisconsin","3/29/20","0","3","55057","1"
"Kenosha","3","29","Wisconsin","3/29/20","10","19","55059","190"
"La Crosse","1","15","Wisconsin","3/29/20","5","10","55063","200"
"Marathon","0","1","Wisconsin","3/29/20","1","0","55073","0"
"Marinette","0","1","Wisconsin","3/29/20","0","1","55075","1"
"Milwaukee","61","606","Wisconsin","3/29/20","182","424","55079","232.97"
"Monroe","0","1","Wisconsin","3/29/20","0","1","55081","1"
"Oneida","0","1","Wisconsin","3/29/20","0","1","55085","1"
"Outagamie","1","6","Wisconsin","3/29/20","2","4","55087","200"
"Ozaukee","3","34","Wisconsin","3/29/20","13","21","55089","161.54"
"Pierce","0","4","Wisconsin","3/29/20","1","3","55093","300"
"Portage","0","1","Wisconsin","3/29/20","0","1","55097","1"
"Racine","2","17","Wisconsin","3/29/20","4","13","55101","325"
"Richland","0","2","Wisconsin","3/29/20","0","2","55103","1"
"Rock","2","14","Wisconsin","3/29/20","3","11","55105","366.67"
"Sauk","1","12","Wisconsin","3/29/20","2","10","55111","500"
"Sheboygan","0","8","Wisconsin","3/29/20","6","2","55117","33.33"
"St. Croix","0","4","Wisconsin","3/29/20","2","2","55109","100"
"Vilas","0","2","Wisconsin","3/29/20","0","2","55125","1"
"Walworth","0","6","Wisconsin","3/29/20","3","3","55127","100"
"Washington","2","31","Wisconsin","3/29/20","14","17","55131","121.43"
"Waukesha","8","83","Wisconsin","3/29/20","30","53","55133","176.67"
"Waupaca","0","1","Wisconsin","3/29/20","0","1","55135","1"
"Winnebago","0","8","Wisconsin","3/29/20","5","3","55139","60"
"Wood","0","2","Wisconsin","3/29/20","1","1","55141","100"
"Albany","0","1","Wyoming","3/29/20","0","1","56001","1"
"Campbell","0","1","Wyoming","3/29/20","1","0","56005","0"
"Carbon","0","3","Wyoming","3/29/20","1","2","56007","200"
"Converse","0","1","Wyoming","3/29/20","0","1","56009","1"
"Fremont","2","23","Wyoming","3/29/20","10","13","56013","130"
"Goshen","0","1","Wyoming","3/29/20","0","1","56015","1"
"Johnson","1","5","Wyoming","3/29/20","0","5","56019","1"
"Laramie","2","19","Wyoming","3/29/20","6","13","56021","216.67"
"Natrona","1","8","Wyoming","3/29/20","1","7","56025","700"
"Park","0","1","Wyoming","3/29/20","1","0","56029","0"
"Sheridan","0","6","Wyoming","3/29/20","4","2","56033","50"
"Sublette","0","1","Wyoming","3/29/20","0","1","56035","1"
"Sweetwater","0","1","Wyoming","3/29/20","0","1","56037","1"
"Teton","2","14","Wyoming","3/29/20","2","12","56039","600"
"Washakie","0","1","Wyoming","3/29/20","0","1","56043","1"
