"Locality","DailyAvgNewCasesPast7Days","TotalCases","State","Date","TotalCases7DaysAgo","NewCasesPast7Days","FIPS-Code","PercentIncreaseTotalCasesPast7Days"
"Autauga","1","6","Alabama","3/30/20","0","6","01001","1"
"Baldwin","2","18","Alabama","3/30/20","3","15","01003","500"
"Bibb","0","2","Alabama","3/30/20","0","2","01007","1"
"Blount","1","5","Alabama","3/30/20","0","5","01009","1"
"Bullock","0","3","Alabama","3/30/20","0","3","01011","1"
"Butler","0","1","Alabama","3/30/20","0","1","01013","1"
"Calhoun","1","8","Alabama","3/30/20","2","6","01015","300"
"Chambers","4","33","Alabama","3/30/20","2","31","01017","1550"
"Cherokee","0","2","Alabama","3/30/20","0","2","01019","1"
"Chilton","1","10","Alabama","3/30/20","0","10","01021","1"
"Choctaw","0","2","Alabama","3/30/20","0","2","01023","1"
"Clay","0","2","Alabama","3/30/20","0","2","01027","1"
"Cleburne","1","5","Alabama","3/30/20","0","5","01029","1"
"Colbert","1","4","Alabama","3/30/20","0","4","01033","1"
"Coosa","0","3","Alabama","3/30/20","0","3","01037","1"
"Covington","0","2","Alabama","3/30/20","0","2","01039","1"
"Crenshaw","0","1","Alabama","3/30/20","0","1","01041","1"
"Cullman","1","8","Alabama","3/30/20","2","6","01043","300"
"Dallas","0","2","Alabama","3/30/20","0","2","01047","1"
"DeKalb","1","4","Alabama","3/30/20","0","4","01049","1"
"Elmore","1","13","Alabama","3/30/20","6","7","01051","116.67"
"Escambia","0","1","Alabama","3/30/20","0","1","01053","1"
"Etowah","1","6","Alabama","3/30/20","0","6","01055","1"
"Fayette","0","1","Alabama","3/30/20","0","1","01057","1"
"Franklin","0","3","Alabama","3/30/20","1","2","01059","200"
"Greene","0","3","Alabama","3/30/20","0","3","01063","1"
"Hale","0","1","Alabama","3/30/20","0","1","01065","1"
"Houston","1","9","Alabama","3/30/20","1","8","01069","800"
"Jackson","1","5","Alabama","3/30/20","1","4","01071","400"
"Jefferson","24","254","Alabama","3/30/20","86","168","01073","195.35"
"Lamar","0","1","Alabama","3/30/20","1","0","01075","0"
"Lauderdale","1","12","Alabama","3/30/20","3","9","01077","300"
"Lawrence","0","3","Alabama","3/30/20","0","3","01079","1"
"Lee","7","71","Alabama","3/30/20","19","52","01081","273.68"
"Limestone","3","20","Alabama","3/30/20","1","19","01083","1900"
"Lowndes","0","1","Alabama","3/30/20","0","1","01085","1"
"Macon","0","1","Alabama","3/30/20","0","1","01087","1"
"Madison","10","91","Alabama","3/30/20","21","70","01089","333.33"
"Marengo","1","5","Alabama","3/30/20","0","5","01091","1"
"Marion","1","10","Alabama","3/30/20","1","9","01093","900"
"Marshall","1","7","Alabama","3/30/20","0","7","01095","1"
"Mobile","6","44","Alabama","3/30/20","2","42","01097","2100"
"Monroe","0","1","Alabama","3/30/20","0","1","01099","1"
"Montgomery","3","22","Alabama","3/30/20","4","18","01101","450"
"Morgan","2","17","Alabama","3/30/20","0","17","01103","1"
"Pickens","0","2","Alabama","3/30/20","0","2","01107","1"
"Pike","1","4","Alabama","3/30/20","0","4","01109","1"
"Randolph","0","2","Alabama","3/30/20","0","2","01111","1"
"Russell","0","1","Alabama","3/30/20","0","1","01113","1"
"Shelby","8","79","Alabama","3/30/20","22","57","01117","259.09"
"St. Clair","1","13","Alabama","3/30/20","3","10","01115","333.33"
"Talladega","1","5","Alabama","3/30/20","1","4","01121","400"
"Tallapoosa","1","8","Alabama","3/30/20","1","7","01123","700"
"Tuscaloosa","2","24","Alabama","3/30/20","9","15","01125","166.67"
"Walker","4","30","Alabama","3/30/20","3","27","01127","900"
"Washington","0","4","Alabama","3/30/20","1","3","01129","300"
"Wilcox","0","2","Alabama","3/30/20","0","2","01131","1"
"Winston","0","2","Alabama","3/30/20","0","2","01133","1"
"Anchorage","7","59","Alaska","3/30/20","13","46","02020","353.85"
"Fairbanks North Star","3","28","Alaska","3/30/20","7","21","02090","300"
"Juneau","1","5","Alaska","3/30/20","1","4","02110","400"
"Kenai Peninsula","1","7","Alaska","3/30/20","3","4","02122","133.33"
"Ketchikan Gateway","1","13","Alaska","3/30/20","6","7","02130","116.67"
"Matanuska-Susitna","0","2","Alaska","3/30/20","0","2","02170","1"
"Apache","2","17","Arizona","3/30/20","4","13","04001","325"
"Cochise","0","4","Arizona","3/30/20","1","3","04003","300"
"Coconino","8","71","Arizona","3/30/20","17","54","04005","317.65"
"Gila","0","1","Arizona","3/30/20","0","1","04007","1"
"Graham","0","2","Arizona","3/30/20","2","0","04009","0"
"Greenlee","0","1","Arizona","3/30/20","0","1","04011","1"
"La Paz","0","2","Arizona","3/30/20","0","2","04012","1"
"Maricopa","79","690","Arizona","3/30/20","139","551","04013","396.4"
"Mohave","1","7","Arizona","3/30/20","0","7","04015","1"
"Navajo","9","88","Arizona","3/30/20","25","63","04017","252"
"Pima","23","187","Arizona","3/30/20","24","163","04019","679.17"
"Pinal","7","64","Arizona","3/30/20","17","47","04021","276.47"
"Santa Cruz","0","2","Arizona","3/30/20","1","1","04023","100"
"Yavapai","2","15","Arizona","3/30/20","3","12","04025","400"
"Yuma","1","6","Arizona","3/30/20","2","4","04027","200"
"Arkansas","0","1","Arkansas","3/30/20","0","1","05001","1"
"Ashley","0","1","Arkansas","3/30/20","0","1","05003","1"
"Baxter","0","1","Arkansas","3/30/20","0","1","05005","1"
"Benton","5","35","Arkansas","3/30/20","1","34","05007","3400"
"Boone","0","1","Arkansas","3/30/20","1","0","05009","0"
"Bradley","0","4","Arkansas","3/30/20","4","0","05011","0"
"Chicot","0","1","Arkansas","3/30/20","0","1","05017","1"
"Clark","2","21","Arkansas","3/30/20","7","14","05019","200"
"Cleburne","4","56","Arkansas","3/30/20","27","29","05023","107.41"
"Cleveland","0","5","Arkansas","3/30/20","3","2","05025","66.67"
"Columbia","0","1","Arkansas","3/30/20","1","0","05027","0"
"Conway","0","1","Arkansas","3/30/20","1","0","05029","0"
"Craighead","0","6","Arkansas","3/30/20","4","2","05031","50"
"Crawford","0","1","Arkansas","3/30/20","1","0","05033","0"
"Crittenden","2","17","Arkansas","3/30/20","1","16","05035","1600"
"Cross","0","1","Arkansas","3/30/20","0","1","05037","1"
"Desha","0","2","Arkansas","3/30/20","2","0","05041","0"
"Drew","0","1","Arkansas","3/30/20","0","1","05043","1"
"Faulkner","3","30","Arkansas","3/30/20","10","20","05045","200"
"Garland","2","26","Arkansas","3/30/20","9","17","05051","188.89"
"Grant","0","3","Arkansas","3/30/20","3","0","05053","0"
"Greene","0","1","Arkansas","3/30/20","1","0","05055","0"
"Hempstead","0","1","Arkansas","3/30/20","0","1","05057","1"
"Hot Spring","0","1","Arkansas","3/30/20","0","1","05059","1"
"Howard","0","1","Arkansas","3/30/20","0","1","05061","1"
"Independence","0","3","Arkansas","3/30/20","3","0","05063","0"
"Jefferson","1","26","Arkansas","3/30/20","21","5","05069","23.81"
"Johnson","0","1","Arkansas","3/30/20","0","1","05071","1"
"Lawrence","0","1","Arkansas","3/30/20","1","0","05075","0"
"Lincoln","1","6","Arkansas","3/30/20","2","4","05079","200"
"Lonoke","0","1","Arkansas","3/30/20","0","1","05085","1"
"Nevada","0","1","Arkansas","3/30/20","0","1","05099","1"
"Perry","0","1","Arkansas","3/30/20","0","1","05105","1"
"Pike","0","1","Arkansas","3/30/20","0","1","05109","1"
"Poinsett","0","3","Arkansas","3/30/20","3","0","05111","0"
"Polk","0","1","Arkansas","3/30/20","1","0","05113","0"
"Pope","0","1","Arkansas","3/30/20","1","0","05115","0"
"Pulaski","5","94","Arkansas","3/30/20","61","33","05119","54.1"
"Randolph","0","1","Arkansas","3/30/20","0","1","05121","1"
"Saline","0","6","Arkansas","3/30/20","4","2","05125","50"
"Searcy","0","2","Arkansas","3/30/20","2","0","05129","0"
"Sebastian","1","5","Arkansas","3/30/20","1","4","05131","400"
"Sevier","0","1","Arkansas","3/30/20","1","0","05133","0"
"Stone","0","1","Arkansas","3/30/20","1","0","05137","0"
"Union","1","7","Arkansas","3/30/20","1","6","05139","600"
"Van Buren","2","20","Arkansas","3/30/20","3","17","05141","566.67"
"Washington","1","15","Arkansas","3/30/20","5","10","05143","200"
"White","1","6","Arkansas","3/30/20","1","5","05145","500"
"Woodruff","0","1","Arkansas","3/30/20","1","0","05147","0"
"Alameda","24","283","California","3/30/20","118","165","06001","139.83"
"Amador","0","2","California","3/30/20","1","1","06005","100"
"Butte","0","5","California","3/30/20","2","3","06007","150"
"Calaveras","0","3","California","3/30/20","2","1","06009","50"
"Colusa","0","1","California","3/30/20","0","1","06011","1"
"Contra Costa","17","187","California","3/30/20","71","116","06013","163.38"
"El Dorado","1","12","California","3/30/20","2","10","06017","500"
"Fresno","5","43","California","3/30/20","6","37","06019","616.67"
"Glenn","0","1","California","3/30/20","0","1","06021","1"
"Humboldt","2","18","California","3/30/20","2","16","06023","800"
"Imperial","3","25","California","3/30/20","6","19","06025","316.67"
"Inyo","1","8","California","3/30/20","0","8","06027","1"
"Kern","7","60","California","3/30/20","12","48","06029","400"
"Kings","0","2","California","3/30/20","0","2","06031","1"
"Los Angeles","277","2474","California","3/30/20","536","1938","06037","361.57"
"Madera","2","18","California","3/30/20","3","15","06039","500"
"Marin","8","93","California","3/30/20","38","55","06041","144.74"
"Mendocino","0","4","California","3/30/20","1","3","06045","300"
"Merced","1","9","California","3/30/20","1","8","06047","800"
"Mono","2","13","California","3/30/20","1","12","06051","1200"
"Monterey","3","36","California","3/30/20","14","22","06053","157.14"
"Napa","2","14","California","3/30/20","2","12","06055","600"
"Nevada","2","17","California","3/30/20","2","15","06057","750"
"Orange","48","464","California","3/30/20","125","339","06059","271.2"
"Placer","6","53","California","3/30/20","12","41","06061","341.67"
"Riverside","35","291","California","3/30/20","46","245","06065","532.61"
"Sacramento","19","224","California","3/30/20","88","136","06067","154.55"
"San Benito","1","14","California","3/30/20","6","8","06069","133.33"
"San Bernardino","13","111","California","3/30/20","17","94","06071","552.94"
"San Diego","45","515","California","3/30/20","201","314","06073","156.22"
"San Francisco","35","374","California","3/30/20","131","243","06075","185.5"
"San Joaquin","12","123","California","3/30/20","41","82","06077","200"
"San Luis Obispo","6","71","California","3/30/20","27","44","06079","162.96"
"San Mateo","24","309","California","3/30/20","142","167","06081","117.61"
"Santa Barbara","7","68","California","3/30/20","18","50","06083","277.78"
"Santa Clara","78","848","California","3/30/20","302","546","06085","180.79"
"Santa Cruz","3","44","California","3/30/20","22","22","06087","100"
"Shasta","0","4","California","3/30/20","2","2","06089","100"
"Siskiyou","0","4","California","3/30/20","2","2","06093","100"
"Solano","3","34","California","3/30/20","14","20","06095","142.86"
"Sonoma","4","58","California","3/30/20","29","29","06097","100"
"Stanislaus","3","31","California","3/30/20","8","23","06099","287.5"
"Sutter","1","6","California","3/30/20","0","6","06101","1"
"Tulare","3","35","California","3/30/20","16","19","06107","118.75"
"Ventura","11","109","California","3/30/20","30","79","06111","263.33"
"Yolo","1","16","California","3/30/20","6","10","06113","166.67"
"Yuba","0","4","California","3/30/20","3","1","06115","33.33"
"Adams","18","152","Colorado","3/30/20","25","127","08001","508"
"Alamosa","0","1","Colorado","3/30/20","0","1","08003","1"
"Arapahoe","33","288","Colorado","3/30/20","58","230","08005","396.55"
"Archuleta","0","1","Colorado","3/30/20","0","1","08007","1"
"Baca","0","1","Colorado","3/30/20","0","1","08009","1"
"Boulder","9","100","Colorado","3/30/20","39","61","08013","156.41"
"Broomfield","2","18","Colorado","3/30/20","2","16","08014","800"
"Chaffee","2","15","Colorado","3/30/20","3","12","08015","400"
"Clear Creek","0","3","Colorado","3/30/20","3","0","08019","0"
"Costilla","0","3","Colorado","3/30/20","0","3","08023","1"
"Crowley","0","1","Colorado","3/30/20","1","0","08025","0"
"Delta","0","1","Colorado","3/30/20","0","1","08029","1"
"Denver","45","465","Colorado","3/30/20","148","317","08031","214.19"
"Douglas","10","119","Colorado","3/30/20","48","71","08035","147.92"
"Eagle","17","213","Colorado","3/30/20","92","121","08037","131.52"
"El Paso","25","245","Colorado","3/30/20","69","176","08041","255.07"
"Elbert","0","4","Colorado","3/30/20","3","1","08039","33.33"
"Fremont","0","2","Colorado","3/30/20","0","2","08043","1"
"Garfield","3","31","Colorado","3/30/20","8","23","08045","287.5"
"Grand","0","4","Colorado","3/30/20","2","2","08049","100"
"Gunnison","7","80","Colorado","3/30/20","28","52","08051","185.71"
"Hinsdale","0","1","Colorado","3/30/20","1","0","08053","0"
"Huerfano","0","1","Colorado","3/30/20","0","1","08055","1"
"Jefferson","28","253","Colorado","3/30/20","55","198","08059","360"
"Kit Carson","0","1","Colorado","3/30/20","0","1","08063","1"
"La Plata","3","21","Colorado","3/30/20","0","21","08067","1"
"Larimer","8","92","Colorado","3/30/20","34","58","08069","170.59"
"Lincoln","0","1","Colorado","3/30/20","0","1","08073","1"
"Logan","0","5","Colorado","3/30/20","2","3","08075","150"
"Mesa","1","12","Colorado","3/30/20","5","7","08077","140"
"Mineral","0","1","Colorado","3/30/20","0","1","08079","1"
"Moffat","1","4","Colorado","3/30/20","0","4","08081","1"
"Montezuma","0","1","Colorado","3/30/20","0","1","08083","1"
"Montrose","1","10","Colorado","3/30/20","1","9","08085","900"
"Morgan","0","4","Colorado","3/30/20","3","1","08087","33.33"
"Otero","0","3","Colorado","3/30/20","0","3","08089","1"
"Park","0","4","Colorado","3/30/20","1","3","08093","300"
"Pitkin","2","29","Colorado","3/30/20","18","11","08097","61.11"
"Pueblo","2","16","Colorado","3/30/20","3","13","08101","433.33"
"Rio Grande","1","4","Colorado","3/30/20","0","4","08105","1"
"Routt","2","16","Colorado","3/30/20","3","13","08107","433.33"
"San Miguel","0","1","Colorado","3/30/20","1","0","08113","0"
"Summit","1","14","Colorado","3/30/20","8","6","08117","75"
"Teller","1","8","Colorado","3/30/20","3","5","08119","166.67"
"Washington","0","1","Colorado","3/30/20","0","1","08121","1"
"Weld","24","215","Colorado","3/30/20","50","165","08123","330"
"Yuma","0","2","Colorado","3/30/20","1","1","08125","100"
"Fairfield","168","1445","Connecticut","3/30/20","270","1175","09001","435.19"
"Hartford","38","330","Connecticut","3/30/20","61","269","09003","440.98"
"Litchfield","14","113","Connecticut","3/30/20","13","100","09005","769.23"
"Middlesex","6","50","Connecticut","3/30/20","8","42","09007","525"
"New Haven","47","373","Connecticut","3/30/20","41","332","09009","809.76"
"New London","3","24","Connecticut","3/30/20","4","20","09011","500"
"Tolland","5","50","Connecticut","3/30/20","16","34","09013","212.5"
"Windham","1","10","Connecticut","3/30/20","2","8","09015","400"
"Kent","3","27","Delaware","3/30/20","6","21","10001","350"
"New Castle","16","156","Delaware","3/30/20","44","112","10003","254.55"
"Sussex","9","81","Delaware","3/30/20","18","63","10005","350"
"","0","49","Diamond Princess","3/30/20","49","0",,"0"
"District of Columbia","40","401","District of Columbia","3/30/20","120","281","11001","234.17"
"Alachua","6","79","Florida","3/30/20","36","43","12001","119.44"
"Baker","1","8","Florida","3/30/20","3","5","12003","166.67"
"Bay","1","6","Florida","3/30/20","1","5","12005","500"
"Bradford","0","2","Florida","3/30/20","1","1","12007","100"
"Brevard","3","31","Florida","3/30/20","7","24","12009","342.86"
"Broward","127","1152","Florida","3/30/20","263","889","12011","338.02"
"Charlotte","2","18","Florida","3/30/20","3","15","12015","500"
"Citrus","1","17","Florida","3/30/20","9","8","12017","88.89"
"Clay","4","35","Florida","3/30/20","8","27","12019","337.5"
"Collier","11","119","Florida","3/30/20","39","80","12021","205.13"
"Columbia","0","3","Florida","3/30/20","2","1","12023","50"
"DeSoto","1","7","Florida","3/30/20","1","6","12027","600"
"Duval","15","158","Florida","3/30/20","50","108","12031","216"
"Escambia","5","42","Florida","3/30/20","9","33","12033","366.67"
"Flagler","1","13","Florida","3/30/20","3","10","12035","333.33"
"Gadsden","0","1","Florida","3/30/20","1","0","12039","0"
"Glades","0","3","Florida","3/30/20","0","3","12043","1"
"Hendry","0","3","Florida","3/30/20","0","3","12051","1"
"Hernando","2","21","Florida","3/30/20","5","16","12053","320"
"Highlands","2","13","Florida","3/30/20","2","11","12055","550"
"Hillsborough","25","253","Florida","3/30/20","75","178","12057","237.33"
"Indian River","2","24","Florida","3/30/20","10","14","12061","140"
"Jackson","0","2","Florida","3/30/20","1","1","12063","100"
"Lake","5","47","Florida","3/30/20","9","38","12069","422.22"
"Lee","19","164","Florida","3/30/20","30","134","12071","446.67"
"Leon","2","21","Florida","3/30/20","6","15","12073","250"
"Levy","0","2","Florida","3/30/20","0","2","12075","1"
"Manatee","3","39","Florida","3/30/20","15","24","12081","160"
"Marion","3","23","Florida","3/30/20","4","19","12083","475"
"Martin","3","27","Florida","3/30/20","4","23","12085","575"
"Miami-Dade","193","1632","Florida","3/30/20","278","1354","12086","487.05"
"Monroe","3","24","Florida","3/30/20","2","22","12087","1100"
"Nassau","1","8","Florida","3/30/20","1","7","12089","700"
"Okaloosa","3","35","Florida","3/30/20","14","21","12091","150"
"Orange","35","293","Florida","3/30/20","48","245","12095","510.42"
"Osceola","10","94","Florida","3/30/20","25","69","12097","276"
"Palm Beach","48","423","Florida","3/30/20","89","334","12099","375.28"
"Pasco","3","38","Florida","3/30/20","14","24","12101","171.43"
"Pinellas","12","126","Florida","3/30/20","41","85","12103","207.32"
"Polk","6","55","Florida","3/30/20","13","42","12105","323.08"
"Putnam","2","13","Florida","3/30/20","2","11","12107","550"
"Santa Rosa","4","30","Florida","3/30/20","4","26","12113","650"
"Sarasota","6","61","Florida","3/30/20","21","40","12115","190.48"
"Seminole","9","87","Florida","3/30/20","22","65","12117","295.45"
"St. Johns","6","60","Florida","3/30/20","18","42","12109","233.33"
"St. Lucie","3","29","Florida","3/30/20","5","24","12111","480"
"Sumter","5","46","Florida","3/30/20","8","38","12119","475"
"Suwannee","0","3","Florida","3/30/20","0","3","12121","1"
"Volusia","7","65","Florida","3/30/20","16","49","12127","306.25"
"Wakulla","0","1","Florida","3/30/20","0","1","12129","1"
"Walton","1","15","Florida","3/30/20","9","6","12131","66.67"
"Washington","0","1","Florida","3/30/20","0","1","12133","1"
"Bacon","0","1","Georgia","3/30/20","0","1","13005","1"
"Baker","0","1","Georgia","3/30/20","0","1","13007","1"
"Baldwin","0","3","Georgia","3/30/20","2","1","13009","50"
"Banks","0","1","Georgia","3/30/20","0","1","13011","1"
"Barrow","1","7","Georgia","3/30/20","1","6","13013","600"
"Bartow","9","121","Georgia","3/30/20","61","60","13015","98.36"
"Ben Hill","0","2","Georgia","3/30/20","0","2","13017","1"
"Berrien","0","1","Georgia","3/30/20","0","1","13019","1"
"Bibb","2","15","Georgia","3/30/20","2","13","13021","650"
"Brooks","0","1","Georgia","3/30/20","0","1","13027","1"
"Bryan","1","7","Georgia","3/30/20","0","7","13029","1"
"Bulloch","0","1","Georgia","3/30/20","0","1","13031","1"
"Burke","1","4","Georgia","3/30/20","0","4","13033","1"
"Butts","0","5","Georgia","3/30/20","2","3","13035","150"
"Calhoun","1","5","Georgia","3/30/20","0","5","13037","1"
"Camden","0","3","Georgia","3/30/20","0","3","13039","1"
"Candler","0","1","Georgia","3/30/20","0","1","13043","1"
"Carroll","9","81","Georgia","3/30/20","21","60","13045","285.71"
"Catoosa","0","3","Georgia","3/30/20","1","2","13047","200"
"Charlton","0","1","Georgia","3/30/20","1","0","13049","0"
"Chatham","2","16","Georgia","3/30/20","4","12","13051","300"
"Chattahoochee","0","1","Georgia","3/30/20","0","1","13053","1"
"Chattooga","0","1","Georgia","3/30/20","1","0","13055","0"
"Cherokee","6","61","Georgia","3/30/20","20","41","13057","205"
"Clarke","4","41","Georgia","3/30/20","14","27","13059","192.86"
"Clayton","6","61","Georgia","3/30/20","18","43","13063","238.89"
"Clinch","0","1","Georgia","3/30/20","1","0","13065","0"
"Cobb","24","245","Georgia","3/30/20","79","166","13067","210.13"
"Coffee","1","10","Georgia","3/30/20","1","9","13069","900"
"Colquitt","1","6","Georgia","3/30/20","0","6","13071","1"
"Columbia","1","12","Georgia","3/30/20","3","9","13073","300"
"Cook","0","1","Georgia","3/30/20","0","1","13075","1"
"Coweta","3","28","Georgia","3/30/20","9","19","13077","211.11"
"Crisp","1","6","Georgia","3/30/20","0","6","13081","1"
"Dawson","1","5","Georgia","3/30/20","1","4","13085","400"
"Decatur","1","5","Georgia","3/30/20","0","5","13087","1"
"DeKalb","29","281","Georgia","3/30/20","75","206","13089","274.67"
"Dodge","0","1","Georgia","3/30/20","0","1","13091","1"
"Dooly","0","1","Georgia","3/30/20","0","1","13093","1"
"Dougherty","29","267","Georgia","3/30/20","64","203","13095","317.19"
"Douglas","5","39","Georgia","3/30/20","7","32","13097","457.14"
"Early","2","16","Georgia","3/30/20","2","14","13099","700"
"Effingham","0","4","Georgia","3/30/20","2","2","13103","100"
"Fannin","0","3","Georgia","3/30/20","0","3","13111","1"
"Fayette","3","32","Georgia","3/30/20","10","22","13113","220"
"Floyd","3","28","Georgia","3/30/20","10","18","13115","180"
"Forsyth","4","33","Georgia","3/30/20","7","26","13117","371.43"
"Franklin","0","3","Georgia","3/30/20","0","3","13119","1"
"Fulton","45","463","Georgia","3/30/20","145","318","13121","219.31"
"Gilmer","0","1","Georgia","3/30/20","0","1","13123","1"
"Glynn","1","10","Georgia","3/30/20","4","6","13127","150"
"Gordon","1","15","Georgia","3/30/20","5","10","13129","200"
"Greene","0","3","Georgia","3/30/20","0","3","13133","1"
"Gwinnett","18","158","Georgia","3/30/20","34","124","13135","364.71"
"Hall","3","34","Georgia","3/30/20","10","24","13139","240"
"Haralson","0","3","Georgia","3/30/20","0","3","13143","1"
"Harris","1","4","Georgia","3/30/20","0","4","13145","1"
"Hart","0","2","Georgia","3/30/20","0","2","13147","1"
"Heard","0","1","Georgia","3/30/20","1","0","13149","0"
"Henry","7","58","Georgia","3/30/20","9","49","13151","544.44"
"Houston","2","16","Georgia","3/30/20","1","15","13153","1500"
"Irwin","0","3","Georgia","3/30/20","0","3","13155","1"
"Jackson","0","2","Georgia","3/30/20","0","2","13157","1"
"Jasper","0","2","Georgia","3/30/20","0","2","13159","1"
"Jenkins","0","1","Georgia","3/30/20","0","1","13165","1"
"Jones","0","2","Georgia","3/30/20","0","2","13169","1"
"Lamar","0","4","Georgia","3/30/20","3","1","13171","33.33"
"Laurens","1","12","Georgia","3/30/20","2","10","13175","500"
"Lee","4","44","Georgia","3/30/20","16","28","13177","175"
"Liberty","1","4","Georgia","3/30/20","0","4","13179","1"
"Lincoln","0","3","Georgia","3/30/20","1","2","13181","200"
"Long","0","1","Georgia","3/30/20","0","1","13183","1"
"Lowndes","2","20","Georgia","3/30/20","8","12","13185","150"
"Lumpkin","0","4","Georgia","3/30/20","2","2","13187","100"
"Macon","0","1","Georgia","3/30/20","0","1","13193","1"
"Madison","0","3","Georgia","3/30/20","1","2","13195","200"
"McDuffie","0","1","Georgia","3/30/20","0","1","13189","1"
"Meriwether","1","6","Georgia","3/30/20","0","6","13199","1"
"Miller","0","4","Georgia","3/30/20","1","3","13201","300"
"Mitchell","2","15","Georgia","3/30/20","0","15","13205","1"
"Monroe","0","3","Georgia","3/30/20","1","2","13207","200"
"Morgan","0","1","Georgia","3/30/20","1","0","13211","0"
"Murray","0","3","Georgia","3/30/20","0","3","13213","1"
"Muscogee","1","12","Georgia","3/30/20","2","10","13215","500"
"Newton","2","18","Georgia","3/30/20","4","14","13217","350"
"Oconee","1","11","Georgia","3/30/20","3","8","13219","266.67"
"Paulding","3","24","Georgia","3/30/20","5","19","13223","380"
"Peach","1","7","Georgia","3/30/20","3","4","13225","133.33"
"Pickens","1","6","Georgia","3/30/20","2","4","13227","200"
"Pierce","0","2","Georgia","3/30/20","1","1","13229","100"
"Pike","0","2","Georgia","3/30/20","0","2","13231","1"
"Polk","1","12","Georgia","3/30/20","4","8","13233","200"
"Pulaski","0","3","Georgia","3/30/20","0","3","13235","1"
"Randolph","0","3","Georgia","3/30/20","1","2","13243","200"
"Richmond","0","13","Georgia","3/30/20","11","2","13245","18.18"
"Rockdale","2","18","Georgia","3/30/20","4","14","13247","350"
"Schley","0","1","Georgia","3/30/20","0","1","13249","1"
"Seminole","1","5","Georgia","3/30/20","0","5","13253","1"
"Spalding","1","12","Georgia","3/30/20","4","8","13255","200"
"Stephens","0","3","Georgia","3/30/20","0","3","13257","1"
"Sumter","2","16","Georgia","3/30/20","2","14","13261","700"
"Tattnall","0","2","Georgia","3/30/20","1","1","13267","100"
"Taylor","0","1","Georgia","3/30/20","0","1","13269","1"
"Terrell","1","12","Georgia","3/30/20","2","10","13273","500"
"Thomas","1","7","Georgia","3/30/20","0","7","13275","1"
"Tift","2","19","Georgia","3/30/20","2","17","13277","850"
"Toombs","0","2","Georgia","3/30/20","0","2","13279","1"
"Troup","1","11","Georgia","3/30/20","4","7","13285","175"
"Turner","0","3","Georgia","3/30/20","1","2","13287","200"
"Twiggs","0","2","Georgia","3/30/20","1","1","13289","100"
"Upson","1","5","Georgia","3/30/20","0","5","13293","1"
"Walton","1","4","Georgia","3/30/20","0","4","13297","1"
"Ware","1","5","Georgia","3/30/20","0","5","13299","1"
"Warren","0","1","Georgia","3/30/20","0","1","13301","1"
"Washington","0","2","Georgia","3/30/20","1","1","13303","100"
"Wheeler","0","1","Georgia","3/30/20","0","1","13309","1"
"White","0","1","Georgia","3/30/20","0","1","13311","1"
"Whitfield","1","7","Georgia","3/30/20","2","5","13313","250"
"Wilkes","0","1","Georgia","3/30/20","0","1","13317","1"
"Worth","1","11","Georgia","3/30/20","3","8","13321","266.67"
"","11","103","Grand Princess","3/30/20","28","75",,"267.86"
"","4","58","Guam","3/30/20","29","29",,"100"
"Hawaii","1","12","Hawaii","3/30/20","3","9","15001","300"
"Honolulu","12","123","Hawaii","3/30/20","41","82","15003","200"
"Kauai","1","12","Hawaii","3/30/20","3","9","15007","300"
"Maui","2","20","Hawaii","3/30/20","9","11","15009","122.22"
"Ada","14","113","Idaho","3/30/20","13","100","16001","769.23"
"Bannock","0","3","Idaho","3/30/20","2","1","16005","50"
"Bingham","0","1","Idaho","3/30/20","2","-1","16011","-50"
"Blaine","14","130","Idaho","3/30/20","35","95","16013","271.43"
"Bonner","0","1","Idaho","3/30/20","0","1","16017","1"
"Bonneville","0","2","Idaho","3/30/20","0","2","16019","1"
"Canyon","5","40","Idaho","3/30/20","3","37","16027","1233.33"
"Cassia","0","1","Idaho","3/30/20","1","0","16031","0"
"Custer","0","1","Idaho","3/30/20","0","1","16037","1"
"Fremont","0","1","Idaho","3/30/20","0","1","16043","1"
"Gem","0","3","Idaho","3/30/20","0","3","16045","1"
"Idaho","0","1","Idaho","3/30/20","0","1","16049","1"
"Jefferson","0","2","Idaho","3/30/20","0","2","16051","1"
"Kootenai","3","26","Idaho","3/30/20","6","20","16055","333.33"
"Lincoln","0","1","Idaho","3/30/20","0","1","16063","1"
"Madison","0","2","Idaho","3/30/20","2","0","16065","0"
"Nez Perce","1","4","Idaho","3/30/20","0","4","16069","1"
"Owyhee","0","1","Idaho","3/30/20","0","1","16073","1"
"Payette","0","1","Idaho","3/30/20","0","1","16075","1"
"Teton","0","2","Idaho","3/30/20","2","0","16081","0"
"Twin Falls","0","3","Idaho","3/30/20","1","2","16083","200"
"Valley","0","1","Idaho","3/30/20","1","0","16085","0"
"Adams","0","2","Illinois","3/30/20","1","1","17001","100"
"Bond","0","1","Illinois","3/30/20","0","1","17005","1"
"Bureau","0","1","Illinois","3/30/20","0","1","17011","1"
"Carroll","0","1","Illinois","3/30/20","0","1","17015","1"
"Champaign","3","23","Illinois","3/30/20","3","20","17019","666.67"
"Christian","2","12","Illinois","3/30/20","1","11","17021","1100"
"Clark","0","1","Illinois","3/30/20","0","1","17023","1"
"Clinton","0","6","Illinois","3/30/20","3","3","17027","100"
"Cook","401","3727","Illinois","3/30/20","922","2805","17031","304.23"
"Crawford","0","1","Illinois","3/30/20","0","1","17033","1"
"Cumberland","0","1","Illinois","3/30/20","1","0","17035","0"
"DeKalb","0","4","Illinois","3/30/20","1","3","17037","300"
"Douglas","0","1","Illinois","3/30/20","0","1","17041","1"
"DuPage","32","320","Illinois","3/30/20","95","225","17043","236.84"
"Fayette","0","1","Illinois","3/30/20","0","1","17051","1"
"Franklin","0","1","Illinois","3/30/20","0","1","17055","1"
"Grundy","0","3","Illinois","3/30/20","0","3","17063","1"
"Henry","0","2","Illinois","3/30/20","0","2","17073","1"
"Iroquois","0","1","Illinois","3/30/20","0","1","17075","1"
"Jackson","0","3","Illinois","3/30/20","1","2","17077","200"
"Jo Daviess","0","1","Illinois","3/30/20","1","0","17085","0"
"Kane","14","113","Illinois","3/30/20","18","95","17089","527.78"
"Kankakee","4","33","Illinois","3/30/20","3","30","17091","1000"
"Kendall","2","18","Illinois","3/30/20","4","14","17093","350"
"Knox","0","1","Illinois","3/30/20","0","1","17095","1"
"Lake","35","343","Illinois","3/30/20","96","247","17097","257.29"
"LaSalle","0","5","Illinois","3/30/20","2","3","17099","150"
"Livingston","0","2","Illinois","3/30/20","1","1","17105","100"
"Macon","0","2","Illinois","3/30/20","0","2","17115","1"
"Madison","2","13","Illinois","3/30/20","2","11","17119","550"
"Marion","0","2","Illinois","3/30/20","0","2","17121","1"
"Marshall","0","1","Illinois","3/30/20","0","1","17123","1"
"McHenry","6","52","Illinois","3/30/20","12","40","17111","333.33"
"McLean","1","17","Illinois","3/30/20","7","10","17113","142.86"
"Menard","0","1","Illinois","3/30/20","0","1","17129","1"
"Monroe","0","3","Illinois","3/30/20","1","2","17133","200"
"Montgomery","0","1","Illinois","3/30/20","0","1","17135","1"
"Morgan","1","4","Illinois","3/30/20","0","4","17137","1"
"Peoria","1","8","Illinois","3/30/20","3","5","17143","166.67"
"Randolph","0","2","Illinois","3/30/20","0","2","17157","1"
"Rock Island","1","8","Illinois","3/30/20","1","7","17161","700"
"Saline","0","1","Illinois","3/30/20","0","1","17165","1"
"Sangamon","1","12","Illinois","3/30/20","4","8","17167","200"
"St. Clair","5","36","Illinois","3/30/20","4","32","17163","800"
"Stephenson","0","3","Illinois","3/30/20","1","2","17177","200"
"Tazewell","1","4","Illinois","3/30/20","0","4","17179","1"
"Washington","0","1","Illinois","3/30/20","1","0","17189","0"
"Whiteside","0","4","Illinois","3/30/20","1","3","17195","300"
"Will","28","223","Illinois","3/30/20","24","199","17197","829.17"
"Williamson","0","1","Illinois","3/30/20","1","0","17199","0"
"Winnebago","1","13","Illinois","3/30/20","5","8","17201","160"
"Woodford","0","3","Illinois","3/30/20","2","1","17203","50"
"Adams","0","1","Indiana","3/30/20","1","0","18001","0"
"Allen","3","28","Indiana","3/30/20","4","24","18003","600"
"Bartholomew","1","10","Indiana","3/30/20","5","5","18005","100"
"Boone","2","20","Indiana","3/30/20","3","17","18011","566.67"
"Brown","0","3","Indiana","3/30/20","0","3","18013","1"
"Carroll","0","2","Indiana","3/30/20","0","2","18015","1"
"Cass","0","1","Indiana","3/30/20","0","1","18017","1"
"Clark","3","27","Indiana","3/30/20","4","23","18019","575"
"Clay","0","1","Indiana","3/30/20","0","1","18021","1"
"Clinton","0","1","Indiana","3/30/20","0","1","18023","1"
"Crawford","0","1","Indiana","3/30/20","0","1","18025","1"
"Dearborn","1","10","Indiana","3/30/20","0","10","18029","1"
"Decatur","6","42","Indiana","3/30/20","0","42","18031","1"
"DeKalb","0","1","Indiana","3/30/20","0","1","18033","1"
"Delaware","2","15","Indiana","3/30/20","2","13","18035","650"
"Dubois","0","2","Indiana","3/30/20","1","1","18037","100"
"Elkhart","1","12","Indiana","3/30/20","4","8","18039","200"
"Fayette","1","8","Indiana","3/30/20","1","7","18041","700"
"Floyd","2","20","Indiana","3/30/20","3","17","18043","566.67"
"Fountain","0","1","Indiana","3/30/20","0","1","18045","1"
"Franklin","3","28","Indiana","3/30/20","4","24","18047","600"
"Fulton","0","1","Indiana","3/30/20","0","1","18049","1"
"Gibson","1","4","Indiana","3/30/20","0","4","18051","1"
"Grant","1","7","Indiana","3/30/20","2","5","18053","250"
"Greene","0","1","Indiana","3/30/20","1","0","18055","0"
"Hamilton","13","106","Indiana","3/30/20","18","88","18057","488.89"
"Hancock","4","28","Indiana","3/30/20","2","26","18059","1300"
"Harrison","2","15","Indiana","3/30/20","0","15","18061","1"
"Hendricks","7","58","Indiana","3/30/20","8","50","18063","625"
"Henry","0","2","Indiana","3/30/20","0","2","18065","1"
"Howard","1","14","Indiana","3/30/20","6","8","18067","133.33"
"Huntington","0","2","Indiana","3/30/20","0","2","18069","1"
"Jackson","1","8","Indiana","3/30/20","0","8","18071","1"
"Jasper","1","6","Indiana","3/30/20","0","6","18073","1"
"Jennings","2","14","Indiana","3/30/20","1","13","18079","1300"
"Johnson","10","81","Indiana","3/30/20","12","69","18081","575"
"Knox","0","2","Indiana","3/30/20","0","2","18083","1"
"Kosciusko","1","4","Indiana","3/30/20","0","4","18085","1"
"LaGrange","0","2","Indiana","3/30/20","0","2","18087","1"
"Lake","12","97","Indiana","3/30/20","10","87","18089","870"
"LaPorte","1","6","Indiana","3/30/20","2","4","18091","200"
"Lawrence","1","9","Indiana","3/30/20","0","9","18093","1"
"Madison","4","29","Indiana","3/30/20","2","27","18095","1350"
"Marion","103","804","Indiana","3/30/20","82","722","18097","880.49"
"Marshall","0","3","Indiana","3/30/20","0","3","18099","1"
"Miami","0","3","Indiana","3/30/20","1","2","18103","200"
"Monroe","4","26","Indiana","3/30/20","1","25","18105","2500"
"Montgomery","1","6","Indiana","3/30/20","0","6","18107","1"
"Morgan","3","23","Indiana","3/30/20","1","22","18109","2200"
"Newton","0","1","Indiana","3/30/20","0","1","18111","1"
"Noble","0","2","Indiana","3/30/20","1","1","18113","100"
"Ohio","0","1","Indiana","3/30/20","0","1","18115","1"
"Orange","0","2","Indiana","3/30/20","0","2","18117","1"
"Owen","1","10","Indiana","3/30/20","1","9","18119","900"
"Porter","2","15","Indiana","3/30/20","0","15","18127","1"
"Posey","0","3","Indiana","3/30/20","0","3","18129","1"
"Putnam","1","7","Indiana","3/30/20","1","6","18133","600"
"Randolph","0","1","Indiana","3/30/20","0","1","18135","1"
"Ripley","3","25","Indiana","3/30/20","1","24","18137","2400"
"Rush","1","4","Indiana","3/30/20","0","4","18139","1"
"Scott","0","1","Indiana","3/30/20","1","0","18143","0"
"Shelby","2","13","Indiana","3/30/20","1","12","18145","1200"
"St. Joseph","3","36","Indiana","3/30/20","17","19","18141","111.76"
"Starke","0","1","Indiana","3/30/20","1","0","18149","0"
"Steuben","0","1","Indiana","3/30/20","0","1","18151","1"
"Sullivan","0","1","Indiana","3/30/20","0","1","18153","1"
"Switzerland","0","3","Indiana","3/30/20","0","3","18155","1"
"Tippecanoe","2","14","Indiana","3/30/20","2","12","18157","600"
"Tipton","0","4","Indiana","3/30/20","1","3","18159","300"
"Vanderburgh","2","17","Indiana","3/30/20","1","16","18163","1600"
"Vigo","1","7","Indiana","3/30/20","2","5","18167","250"
"Wabash","0","1","Indiana","3/30/20","0","1","18169","1"
"Warren","0","2","Indiana","3/30/20","0","2","18171","1"
"Warrick","1","8","Indiana","3/30/20","0","8","18173","1"
"Washington","1","6","Indiana","3/30/20","1","5","18175","500"
"Wayne","0","1","Indiana","3/30/20","1","0","18177","0"
"Wells","0","1","Indiana","3/30/20","1","0","18179","0"
"White","0","2","Indiana","3/30/20","0","2","18181","1"
"Whitley","0","1","Indiana","3/30/20","0","1","18183","1"
"Adair","0","1","Iowa","3/30/20","1","0","19001","0"
"Allamakee","0","7","Iowa","3/30/20","6","1","19005","16.67"
"Appanoose","0","1","Iowa","3/30/20","0","1","19007","1"
"Audubon","0","1","Iowa","3/30/20","0","1","19009","1"
"Benton","1","7","Iowa","3/30/20","0","7","19011","1"
"Black Hawk","0","6","Iowa","3/30/20","3","3","19013","100"
"Boone","0","1","Iowa","3/30/20","0","1","19015","1"
"Buchanan","0","2","Iowa","3/30/20","0","2","19019","1"
"Butler","0","1","Iowa","3/30/20","0","1","19023","1"
"Carroll","0","1","Iowa","3/30/20","1","0","19027","0"
"Cedar","1","8","Iowa","3/30/20","0","8","19031","1"
"Cerro Gordo","1","7","Iowa","3/30/20","2","5","19033","250"
"Clayton","0","1","Iowa","3/30/20","0","1","19043","1"
"Clinton","0","2","Iowa","3/30/20","0","2","19045","1"
"Crawford","0","1","Iowa","3/30/20","0","1","19047","1"
"Dallas","2","21","Iowa","3/30/20","6","15","19049","250"
"Des Moines","0","1","Iowa","3/30/20","0","1","19057","1"
"Dickinson","0","1","Iowa","3/30/20","0","1","19059","1"
"Dubuque","2","21","Iowa","3/30/20","6","15","19061","250"
"Fayette","0","2","Iowa","3/30/20","1","1","19065","100"
"Guthrie","0","1","Iowa","3/30/20","0","1","19077","1"
"Hancock","0","3","Iowa","3/30/20","2","1","19081","50"
"Hardin","0","1","Iowa","3/30/20","0","1","19083","1"
"Harrison","1","8","Iowa","3/30/20","3","5","19085","166.67"
"Henry","0","3","Iowa","3/30/20","1","2","19087","200"
"Iowa","0","3","Iowa","3/30/20","0","3","19095","1"
"Jackson","0","1","Iowa","3/30/20","0","1","19097","1"
"Jasper","1","5","Iowa","3/30/20","0","5","19099","1"
"Johnson","5","70","Iowa","3/30/20","35","35","19103","100"
"Jones","0","1","Iowa","3/30/20","0","1","19105","1"
"Keokuk","0","1","Iowa","3/30/20","0","1","19107","1"
"Kossuth","0","1","Iowa","3/30/20","1","0","19109","0"
"Linn","9","71","Iowa","3/30/20","6","65","19113","1083.33"
"Mahaska","0","2","Iowa","3/30/20","0","2","19123","1"
"Marshall","1","6","Iowa","3/30/20","0","6","19127","1"
"Monona","1","5","Iowa","3/30/20","0","5","19133","1"
"Montgomery","0","1","Iowa","3/30/20","0","1","19137","1"
"Muscatine","1","13","Iowa","3/30/20","3","10","19139","333.33"
"Page","0","2","Iowa","3/30/20","0","2","19145","1"
"Polk","7","61","Iowa","3/30/20","12","49","19153","408.33"
"Pottawattamie","0","3","Iowa","3/30/20","2","1","19155","50"
"Poweshiek","1","5","Iowa","3/30/20","1","4","19157","400"
"Scott","2","16","Iowa","3/30/20","1","15","19163","1500"
"Shelby","0","3","Iowa","3/30/20","0","3","19165","1"
"Sioux","0","2","Iowa","3/30/20","1","1","19167","100"
"Story","0","2","Iowa","3/30/20","1","1","19169","100"
"Tama","1","10","Iowa","3/30/20","3","7","19171","233.33"
"Taylor","0","1","Iowa","3/30/20","0","1","19173","1"
"Van Buren","0","1","Iowa","3/30/20","0","1","19177","1"
"Wapello","0","1","Iowa","3/30/20","1","0","19179","0"
"Warren","0","1","Iowa","3/30/20","0","1","19181","1"
"Washington","2","18","Iowa","3/30/20","3","15","19183","500"
"Webster","0","1","Iowa","3/30/20","0","1","19187","1"
"Winneshiek","0","3","Iowa","3/30/20","1","2","19191","200"
"Woodbury","0","4","Iowa","3/30/20","2","2","19193","100"
"Wright","0","1","Iowa","3/30/20","0","1","19197","1"
"Atchison","0","1","Kansas","3/30/20","0","1","20005","1"
"Bourbon","0","3","Kansas","3/30/20","1","2","20011","200"
"Butler","0","3","Kansas","3/30/20","3","0","20015","0"
"Cherokee","0","2","Kansas","3/30/20","2","0","20021","0"
"Clay","0","1","Kansas","3/30/20","0","1","20027","1"
"Coffey","1","10","Kansas","3/30/20","0","10","20031","1"
"Crawford","0","5","Kansas","3/30/20","2","3","20037","150"
"Doniphan","0","1","Kansas","3/30/20","0","1","20043","1"
"Douglas","2","23","Kansas","3/30/20","8","15","20045","187.5"
"Finney","0","1","Kansas","3/30/20","0","1","20055","1"
"Ford","0","1","Kansas","3/30/20","0","1","20057","1"
"Franklin","1","6","Kansas","3/30/20","1","5","20059","500"
"Gove","0","1","Kansas","3/30/20","0","1","20063","1"
"Harvey","0","1","Kansas","3/30/20","0","1","20079","1"
"Jackson","0","1","Kansas","3/30/20","1","0","20085","0"
"Jefferson","0","1","Kansas","3/30/20","0","1","20087","1"
"Johnson","12","116","Kansas","3/30/20","32","84","20091","262.5"
"Leavenworth","2","20","Kansas","3/30/20","5","15","20103","300"
"Linn","0","5","Kansas","3/30/20","2","3","20107","150"
"Lyon","1","9","Kansas","3/30/20","2","7","20111","350"
"McPherson","0","3","Kansas","3/30/20","0","3","20113","1"
"Mitchell","0","2","Kansas","3/30/20","2","0","20123","0"
"Montgomery","1","4","Kansas","3/30/20","0","4","20125","1"
"Morris","0","2","Kansas","3/30/20","2","0","20127","0"
"Neosho","0","1","Kansas","3/30/20","0","1","20133","1"
"Osage","0","2","Kansas","3/30/20","0","2","20139","1"
"Ottawa","0","1","Kansas","3/30/20","0","1","20143","1"
"Pottawatomie","0","1","Kansas","3/30/20","1","0","20149","0"
"Reno","1","7","Kansas","3/30/20","2","5","20155","250"
"Riley","0","2","Kansas","3/30/20","0","2","20161","1"
"Saline","0","1","Kansas","3/30/20","0","1","20169","1"
"Sedgwick","7","49","Kansas","3/30/20","2","47","20173","2350"
"Shawnee","2","14","Kansas","3/30/20","0","14","20177","1"
"Stafford","0","1","Kansas","3/30/20","0","1","20185","1"
"Stevens","0","2","Kansas","3/30/20","0","2","20189","1"
"Sumner","0","1","Kansas","3/30/20","0","1","20191","1"
"Woodson","0","1","Kansas","3/30/20","0","1","20207","1"
"Wyandotte","7","67","Kansas","3/30/20","16","51","20209","318.75"
"Allen","0","1","Kentucky","3/30/20","0","1","21003","1"
"Anderson","0","2","Kentucky","3/30/20","2","0","21005","0"
"Barren","0","1","Kentucky","3/30/20","0","1","21009","1"
"Boone","1","5","Kentucky","3/30/20","0","5","21015","1"
"Bourbon","0","2","Kentucky","3/30/20","2","0","21017","0"
"Boyle","0","1","Kentucky","3/30/20","0","1","21021","1"
"Bracken","0","1","Kentucky","3/30/20","0","1","21023","1"
"Breathitt","0","2","Kentucky","3/30/20","1","1","21025","100"
"Breckinridge","0","2","Kentucky","3/30/20","0","2","21027","1"
"Bullitt","0","2","Kentucky","3/30/20","0","2","21029","1"
"Butler","0","1","Kentucky","3/30/20","0","1","21031","1"
"Calloway","0","3","Kentucky","3/30/20","1","2","21035","200"
"Campbell","1","4","Kentucky","3/30/20","0","4","21037","1"
"Carroll","0","1","Kentucky","3/30/20","0","1","21041","1"
"Christian","1","6","Kentucky","3/30/20","2","4","21047","200"
"Clark","1","6","Kentucky","3/30/20","2","4","21049","200"
"Daviess","2","27","Kentucky","3/30/20","11","16","21059","145.45"
"Fayette","10","82","Kentucky","3/30/20","15","67","21067","446.67"
"Floyd","0","1","Kentucky","3/30/20","0","1","21071","1"
"Franklin","1","6","Kentucky","3/30/20","2","4","21073","200"
"Grant","0","1","Kentucky","3/30/20","0","1","21081","1"
"Grayson","0","2","Kentucky","3/30/20","0","2","21085","1"
"Hancock","0","1","Kentucky","3/30/20","0","1","21091","1"
"Hardin","0","5","Kentucky","3/30/20","2","3","21093","150"
"Harrison","0","11","Kentucky","3/30/20","8","3","21097","37.5"
"Henderson","0","3","Kentucky","3/30/20","2","1","21101","50"
"Hopkins","2","17","Kentucky","3/30/20","0","17","21107","1"
"Jefferson","12","116","Kentucky","3/30/20","33","83","21111","251.52"
"Jessamine","1","11","Kentucky","3/30/20","1","10","21113","1000"
"Kenton","2","19","Kentucky","3/30/20","5","14","21117","280"
"Larue","0","1","Kentucky","3/30/20","0","1","21123","1"
"Laurel","0","2","Kentucky","3/30/20","0","2","21125","1"
"Logan","0","2","Kentucky","3/30/20","0","2","21141","1"
"Lyon","0","1","Kentucky","3/30/20","1","0","21143","0"
"Madison","1","8","Kentucky","3/30/20","2","6","21151","300"
"Martin","0","2","Kentucky","3/30/20","1","1","21159","100"
"Mason","0","1","Kentucky","3/30/20","0","1","21161","1"
"McCracken","1","5","Kentucky","3/30/20","0","5","21145","1"
"McCreary","0","1","Kentucky","3/30/20","0","1","21147","1"
"McLean","0","1","Kentucky","3/30/20","0","1","21149","1"
"Menifee","0","2","Kentucky","3/30/20","1","1","21165","100"
"Mercer","0","2","Kentucky","3/30/20","0","2","21167","1"
"Montgomery","0","2","Kentucky","3/30/20","2","0","21173","0"
"Muhlenberg","1","7","Kentucky","3/30/20","2","5","21177","250"
"Nelson","0","3","Kentucky","3/30/20","1","2","21179","200"
"Nicholas","0","1","Kentucky","3/30/20","0","1","21181","1"
"Oldham","0","3","Kentucky","3/30/20","1","2","21185","200"
"Pulaski","1","7","Kentucky","3/30/20","3","4","21199","133.33"
"Scott","1","6","Kentucky","3/30/20","0","6","21209","1"
"Shelby","0","1","Kentucky","3/30/20","0","1","21211","1"
"Simpson","1","4","Kentucky","3/30/20","0","4","21213","1"
"Spencer","0","2","Kentucky","3/30/20","1","1","21215","100"
"Union","0","1","Kentucky","3/30/20","0","1","21225","1"
"Warren","1","12","Kentucky","3/30/20","4","8","21227","200"
"Washington","0","1","Kentucky","3/30/20","0","1","21229","1"
"Wayne","0","1","Kentucky","3/30/20","0","1","21231","1"
"Webster","0","2","Kentucky","3/30/20","0","2","21233","1"
"Woodford","0","3","Kentucky","3/30/20","0","3","21239","1"
"Acadia","1","11","Louisiana","3/30/20","1","10","22001","1000"
"Allen","1","11","Louisiana","3/30/20","2","9","22003","450"
"Ascension","18","153","Louisiana","3/30/20","26","127","22005","488.46"
"Assumption","2","17","Louisiana","3/30/20","1","16","22007","1600"
"Avoyelles","2","14","Louisiana","3/30/20","1","13","22009","1300"
"Beauregard","1","5","Louisiana","3/30/20","1","4","22011","400"
"Bienville","1","5","Louisiana","3/30/20","1","4","22013","400"
"Bossier","6","57","Louisiana","3/30/20","12","45","22015","375"
"Caddo","27","222","Louisiana","3/30/20","34","188","22017","552.94"
"Calcasieu","5","42","Louisiana","3/30/20","4","38","22019","950"
"Caldwell","0","1","Louisiana","3/30/20","0","1","22021","1"
"Catahoula","0","3","Louisiana","3/30/20","1","2","22025","200"
"Claiborne","0","4","Louisiana","3/30/20","2","2","22027","100"
"De Soto","3","28","Louisiana","3/30/20","5","23","22031","460"
"East Baton Rouge","21","188","Louisiana","3/30/20","43","145","22033","337.21"
"East Carroll","0","1","Louisiana","3/30/20","0","1","22035","1"
"East Feliciana","1","8","Louisiana","3/30/20","0","8","22037","1"
"Evangeline","1","8","Louisiana","3/30/20","2","6","22039","300"
"Franklin","1","5","Louisiana","3/30/20","0","5","22041","1"
"Grant","0","2","Louisiana","3/30/20","1","1","22043","100"
"Iberia","2","18","Louisiana","3/30/20","3","15","22045","500"
"Iberville","3","28","Louisiana","3/30/20","10","18","22047","180"
"Jackson","0","2","Louisiana","3/30/20","0","2","22049","1"
"Jefferson","84","838","Louisiana","3/30/20","252","586","22051","232.54"
"Jefferson Davis","0","3","Louisiana","3/30/20","0","3","22053","1"
"Lafayette","10","82","Louisiana","3/30/20","9","73","22055","811.11"
"Lafourche","5","51","Louisiana","3/30/20","15","36","22057","240"
"LaSalle","0","2","Louisiana","3/30/20","0","2","22059","1"
"Lincoln","1","8","Louisiana","3/30/20","2","6","22061","300"
"Livingston","2","16","Louisiana","3/30/20","5","11","22063","220"
"Madison","0","1","Louisiana","3/30/20","0","1","22065","1"
"Morehouse","0","2","Louisiana","3/30/20","0","2","22067","1"
"Natchitoches","0","2","Louisiana","3/30/20","2","0","22069","0"
"Orleans","130","1480","Louisiana","3/30/20","567","913","22071","161.02"
"Ouachita","5","44","Louisiana","3/30/20","9","35","22073","388.89"
"Plaquemines","2","22","Louisiana","3/30/20","8","14","22075","175"
"Pointe Coupee","0","2","Louisiana","3/30/20","0","2","22077","1"
"Rapides","5","44","Louisiana","3/30/20","8","36","22079","450"
"Red River","0","1","Louisiana","3/30/20","0","1","22081","1"
"Richland","0","2","Louisiana","3/30/20","2","0","22083","0"
"Sabine","0","1","Louisiana","3/30/20","0","1","22085","1"
"St. Bernard","5","53","Louisiana","3/30/20","15","38","22087","253.33"
"St. Charles","3","36","Louisiana","3/30/20","15","21","22089","140"
"St. James","8","65","Louisiana","3/30/20","8","57","22093","712.5"
"St. John the Baptist","8","75","Louisiana","3/30/20","16","59","22095","368.75"
"St. Landry","2","15","Louisiana","3/30/20","3","12","22097","400"
"St. Martin","3","20","Louisiana","3/30/20","0","20","22099","1"
"St. Mary","1","10","Louisiana","3/30/20","1","9","22101","900"
"St. Tammany","20","186","Louisiana","3/30/20","47","139","22103","295.74"
"Tangipahoa","2","18","Louisiana","3/30/20","3","15","22105","500"
"Terrebonne","3","34","Louisiana","3/30/20","14","20","22109","142.86"
"Union","1","9","Louisiana","3/30/20","0","9","22111","1"
"Vermilion","0","3","Louisiana","3/30/20","0","3","22113","1"
"Vernon","0","3","Louisiana","3/30/20","0","3","22115","1"
"Washington","3","22","Louisiana","3/30/20","2","20","22117","1000"
"Webster","1","11","Louisiana","3/30/20","3","8","22119","266.67"
"West Baton Rouge","1","12","Louisiana","3/30/20","5","7","22121","140"
"West Feliciana","1","4","Louisiana","3/30/20","0","4","22125","1"
"Winn","0","1","Louisiana","3/30/20","0","1","22127","1"
"Androscoggin","1","8","Maine","3/30/20","3","5","23001","166.67"
"Cumberland","13","154","Maine","3/30/20","66","88","23005","133.33"
"Franklin","0","2","Maine","3/30/20","0","2","23007","1"
"Kennebec","1","10","Maine","3/30/20","4","6","23011","150"
"Knox","0","4","Maine","3/30/20","1","3","23013","300"
"Lincoln","0","8","Maine","3/30/20","5","3","23015","60"
"Oxford","1","9","Maine","3/30/20","5","4","23017","80"
"Penobscot","1","12","Maine","3/30/20","3","9","23019","300"
"Sagadahoc","1","7","Maine","3/30/20","3","4","23023","133.33"
"Somerset","0","1","Maine","3/30/20","0","1","23025","1"
"Waldo","0","2","Maine","3/30/20","0","2","23027","1"
"York","6","53","Maine","3/30/20","12","41","23031","341.67"
"Anne Arundel","13","110","Maryland","3/30/20","20","90","24003","450"
"Baltimore","22","186","Maryland","3/30/20","35","151","24005","431.43"
"Baltimore City","17","152","Maryland","3/30/20","31","121","24510","390.32"
"Calvert","2","12","Maryland","3/30/20","1","11","24009","1100"
"Caroline","0","4","Maryland","3/30/20","1","3","24011","300"
"Carroll","11","82","Maryland","3/30/20","5","77","24013","1540"
"Cecil","2","13","Maryland","3/30/20","1","12","24015","1200"
"Charles","4","33","Maryland","3/30/20","5","28","24017","560"
"Frederick","3","26","Maryland","3/30/20","4","22","24021","550"
"Garrett","0","3","Maryland","3/30/20","3","0","24023","0"
"Harford","3","24","Maryland","3/30/20","5","19","24025","380"
"Howard","10","96","Maryland","3/30/20","26","70","24027","269.23"
"Kent","0","3","Maryland","3/30/20","0","3","24029","1"
"Montgomery","35","341","Maryland","3/30/20","94","247","24031","262.77"
"Prince George's","35","294","Maryland","3/30/20","47","247","24033","525.53"
"Queen Anne's","0","4","Maryland","3/30/20","1","3","24035","300"
"Somerset","0","1","Maryland","3/30/20","1","0","24039","0"
"St. Mary's","1","9","Maryland","3/30/20","1","8","24037","800"
"Talbot","0","4","Maryland","3/30/20","1","3","24041","300"
"Washington","1","7","Maryland","3/30/20","2","5","24043","250"
"Wicomico","0","6","Maryland","3/30/20","4","2","24045","50"
"Worcester","0","3","Maryland","3/30/20","2","1","24047","50"
"Barnstable","20","173","Massachusetts","3/30/20","30","143","25001","476.67"
"Berkshire","19","162","Massachusetts","3/30/20","26","136","25003","523.08"
"Bristol","34","263","Massachusetts","3/30/20","25","238","25005","952"
"Dukes and Nantucket","1","8","Massachusetts","3/30/20","1","7","00000","700"
"Essex","83","653","Massachusetts","3/30/20","73","580","25009","794.52"
"Franklin","6","49","Massachusetts","3/30/20","6","43","25011","716.67"
"Hampden","34","255","Massachusetts","3/30/20","15","240","25013","1600"
"Hampshire","6","46","Massachusetts","3/30/20","6","40","25015","666.67"
"Middlesex","130","1141","Massachusetts","3/30/20","232","909","25017","391.81"
"Norfolk","78","628","Massachusetts","3/30/20","82","546","25021","665.85"
"Plymouth","50","380","Massachusetts","3/30/20","32","348","25023","1087.5"
"Suffolk","137","1115","Massachusetts","3/30/20","154","961","25025","624.03"
"Worcester","50","390","Massachusetts","3/30/20","42","348","25027","828.57"
"Allegan","0","2","Michigan","3/30/20","1","1","26005","100"
"Antrim","0","3","Michigan","3/30/20","1","2","26009","200"
"Barry","0","2","Michigan","3/30/20","1","1","26015","100"
"Bay","1","11","Michigan","3/30/20","4","7","26017","175"
"Berrien","6","68","Michigan","3/30/20","26","42","26021","161.54"
"Calhoun","2","19","Michigan","3/30/20","3","16","26025","533.33"
"Cass","1","7","Michigan","3/30/20","2","5","26027","250"
"Charlevoix","0","4","Michigan","3/30/20","2","2","26029","100"
"Cheboygan","0","2","Michigan","3/30/20","0","2","26031","1"
"Chippewa","0","0","Michigan","3/30/20","1","-1","26033","-100"
"Clare","0","1","Michigan","3/30/20","1","0","26035","0"
"Clinton","3","22","Michigan","3/30/20","2","20","26037","1000"
"Crawford","0","1","Michigan","3/30/20","0","1","26039","1"
"Delta","0","1","Michigan","3/30/20","0","1","26041","1"
"Eaton","2","16","Michigan","3/30/20","2","14","26045","700"
"Emmet","0","4","Michigan","3/30/20","1","3","26047","300"
"Genesee","19","155","Michigan","3/30/20","25","130","26049","520"
"Gladwin","0","2","Michigan","3/30/20","1","1","26051","100"
"Gogebic","0","1","Michigan","3/30/20","0","1","26053","1"
"Grand Traverse","1","7","Michigan","3/30/20","1","6","26055","600"
"Gratiot","0","3","Michigan","3/30/20","0","3","26057","1"
"Hillsdale","2","12","Michigan","3/30/20","0","12","26059","1"
"Houghton","0","1","Michigan","3/30/20","0","1","26061","1"
"Huron","0","3","Michigan","3/30/20","0","3","26063","1"
"Ingham","9","77","Michigan","3/30/20","15","62","26065","413.33"
"Ionia","1","4","Michigan","3/30/20","0","4","26067","1"
"Iosco","0","1","Michigan","3/30/20","0","1","26069","1"
"Isabella","1","5","Michigan","3/30/20","0","5","26073","1"
"Jackson","5","42","Michigan","3/30/20","4","38","26075","950"
"Kalamazoo","3","26","Michigan","3/30/20","4","22","26077","550"
"Kalkaska","1","5","Michigan","3/30/20","0","5","26079","1"
"Kent","10","98","Michigan","3/30/20","28","70","26081","250"
"Lapeer","1","8","Michigan","3/30/20","0","8","26087","1"
"Leelanau","0","1","Michigan","3/30/20","1","0","26089","0"
"Lenawee","2","16","Michigan","3/30/20","0","16","26091","1"
"Livingston","9","78","Michigan","3/30/20","13","65","26093","500"
"Macomb","79","730","Michigan","3/30/20","176","554","26099","314.77"
"Manistee","0","1","Michigan","3/30/20","0","1","26101","1"
"Marquette","0","3","Michigan","3/30/20","0","3","26103","1"
"Mason","0","1","Michigan","3/30/20","0","1","26105","1"
"Mecosta","0","2","Michigan","3/30/20","0","2","26107","1"
"Midland","1","14","Michigan","3/30/20","9","5","26111","55.56"
"Missaukee","0","1","Michigan","3/30/20","0","1","26113","1"
"Monroe","5","45","Michigan","3/30/20","7","38","26115","542.86"
"Montcalm","0","4","Michigan","3/30/20","1","3","26117","300"
"Muskegon","2","18","Michigan","3/30/20","1","17","26121","1700"
"Newaygo","0","1","Michigan","3/30/20","1","0","26123","0"
"Oakland","162","1530","Michigan","3/30/20","398","1132","26125","284.42"
"Oceana","0","2","Michigan","3/30/20","0","2","26127","1"
"Ogemaw","1","5","Michigan","3/30/20","1","4","26129","400"
"Osceola","0","2","Michigan","3/30/20","0","2","26133","1"
"Otsego","2","17","Michigan","3/30/20","3","14","26137","466.67"
"Ottawa","3","31","Michigan","3/30/20","13","18","26139","138.46"
"Out of MI","2","17","Michigan","3/30/20","4","13","80026","325"
"Roscommon","0","1","Michigan","3/30/20","1","0","26143","0"
"Saginaw","5","36","Michigan","3/30/20","2","34","26145","1700"
"Sanilac","1","5","Michigan","3/30/20","0","5","26151","1"
"Shiawassee","1","8","Michigan","3/30/20","0","8","26155","1"
"St. Clair","3","32","Michigan","3/30/20","8","24","26147","300"
"St. Joseph","0","3","Michigan","3/30/20","0","3","26149","1"
"Tuscola","1","5","Michigan","3/30/20","1","4","26157","400"
"Van Buren","1","5","Michigan","3/30/20","0","5","26159","1"
"Washtenaw","34","290","Michigan","3/30/20","49","241","26161","491.84"
"Wayne","367","3206","Michigan","3/30/20","639","2567","26163","401.72"
"Wexford","0","2","Michigan","3/30/20","1","1","26165","100"
"Anoka","2","22","Minnesota","3/30/20","7","15","27003","214.29"
"Beltrami","0","3","Minnesota","3/30/20","0","3","27007","1"
"Benton","0","1","Minnesota","3/30/20","1","0","27009","0"
"Big Stone","0","1","Minnesota","3/30/20","1","0","27011","0"
"Blue Earth","1","9","Minnesota","3/30/20","5","4","27013","80"
"Carver","0","10","Minnesota","3/30/20","8","2","27019","25"
"Cass","0","1","Minnesota","3/30/20","1","0","27021","0"
"Chisago","0","3","Minnesota","3/30/20","2","1","27025","50"
"Clay","0","4","Minnesota","3/30/20","2","2","27027","100"
"Clearwater","0","2","Minnesota","3/30/20","0","2","27029","1"
"Cottonwood","0","1","Minnesota","3/30/20","0","1","27033","1"
"Dakota","4","46","Minnesota","3/30/20","18","28","27037","155.56"
"Dodge","1","8","Minnesota","3/30/20","2","6","27039","300"
"Douglas","0","1","Minnesota","3/30/20","0","1","27041","1"
"Faribault","0","1","Minnesota","3/30/20","0","1","27043","1"
"Fillmore","1","7","Minnesota","3/30/20","3","4","27045","133.33"
"Goodhue","0","3","Minnesota","3/30/20","0","3","27049","1"
"Hennepin","14","190","Minnesota","3/30/20","89","101","27053","113.48"
"Isanti","0","2","Minnesota","3/30/20","0","2","27059","1"
"Itasca","0","1","Minnesota","3/30/20","0","1","27061","1"
"Jackson","0","1","Minnesota","3/30/20","1","0","27063","0"
"Kandiyohi","0","1","Minnesota","3/30/20","0","1","27067","1"
"Lac qui Parle","0","1","Minnesota","3/30/20","0","1","27073","1"
"Le Sueur","2","13","Minnesota","3/30/20","1","12","27079","1200"
"Lincoln","0","1","Minnesota","3/30/20","0","1","27081","1"
"Mahnomen","0","1","Minnesota","3/30/20","0","1","27087","1"
"Martin","2","23","Minnesota","3/30/20","8","15","27091","187.5"
"Meeker","0","1","Minnesota","3/30/20","0","1","27093","1"
"Mower","1","12","Minnesota","3/30/20","6","6","27099","100"
"Nicollet","0","3","Minnesota","3/30/20","3","0","27103","0"
"Olmsted","5","51","Minnesota","3/30/20","16","35","27109","218.75"
"Otter Tail","0","1","Minnesota","3/30/20","0","1","27111","1"
"Ramsey","4","50","Minnesota","3/30/20","24","26","27123","108.33"
"Renville","0","1","Minnesota","3/30/20","1","0","27129","0"
"Rice","0","3","Minnesota","3/30/20","2","1","27131","50"
"Scott","1","10","Minnesota","3/30/20","5","5","27139","100"
"Sherburne","1","7","Minnesota","3/30/20","1","6","27141","600"
"Sibley","0","1","Minnesota","3/30/20","0","1","27143","1"
"St. Louis","1","12","Minnesota","3/30/20","2","10","27137","500"
"Stearns","0","5","Minnesota","3/30/20","5","0","27145","0"
"Steele","0","6","Minnesota","3/30/20","3","3","27147","100"
"Wabasha","1","6","Minnesota","3/30/20","1","5","27157","500"
"Waseca","0","3","Minnesota","3/30/20","2","1","27161","50"
"Washington","3","34","Minnesota","3/30/20","10","24","27163","240"
"Watonwan","0","1","Minnesota","3/30/20","0","1","27165","1"
"Wilkin","0","1","Minnesota","3/30/20","0","1","27167","1"
"Winona","1","5","Minnesota","3/30/20","0","5","27169","1"
"Wright","0","6","Minnesota","3/30/20","3","3","27171","100"
"Adams","1","7","Mississippi","3/30/20","2","5","28001","250"
"Amite","1","4","Mississippi","3/30/20","0","4","28005","1"
"Attala","1","9","Mississippi","3/30/20","1","8","28007","800"
"Benton","1","4","Mississippi","3/30/20","0","4","28009","1"
"Bolivar","1","11","Mississippi","3/30/20","4","7","28011","175"
"Calhoun","0","3","Mississippi","3/30/20","0","3","28013","1"
"Carroll","0","1","Mississippi","3/30/20","0","1","28015","1"
"Chickasaw","1","10","Mississippi","3/30/20","3","7","28017","233.33"
"Choctaw","1","5","Mississippi","3/30/20","0","5","28019","1"
"Claiborne","0","1","Mississippi","3/30/20","0","1","28021","1"
"Clarke","0","1","Mississippi","3/30/20","0","1","28023","1"
"Clay","0","2","Mississippi","3/30/20","1","1","28025","100"
"Coahoma","1","18","Mississippi","3/30/20","8","10","28027","125"
"Copiah","1","8","Mississippi","3/30/20","4","4","28029","100"
"Covington","0","1","Mississippi","3/30/20","0","1","28031","1"
"DeSoto","7","71","Mississippi","3/30/20","23","48","28033","208.7"
"Forrest","1","19","Mississippi","3/30/20","11","8","28035","72.73"
"Franklin","0","3","Mississippi","3/30/20","3","0","28037","0"
"George","0","3","Mississippi","3/30/20","1","2","28039","200"
"Grenada","0","3","Mississippi","3/30/20","2","1","28043","50"
"Hancock","2","15","Mississippi","3/30/20","4","11","28045","275"
"Harrison","3","43","Mississippi","3/30/20","21","22","28047","104.76"
"Hinds","6","66","Mississippi","3/30/20","24","42","28049","175"
"Holmes","1","13","Mississippi","3/30/20","6","7","28051","116.67"
"Humphreys","0","2","Mississippi","3/30/20","1","1","28053","100"
"Itawamba","0","3","Mississippi","3/30/20","3","0","28057","0"
"Jackson","4","34","Mississippi","3/30/20","7","27","28059","385.71"
"Jefferson","0","1","Mississippi","3/30/20","0","1","28063","1"
"Jones","1","5","Mississippi","3/30/20","1","4","28067","400"
"Kemper","0","1","Mississippi","3/30/20","0","1","28069","1"
"Lafayette","1","13","Mississippi","3/30/20","5","8","28071","160"
"Lamar","0","4","Mississippi","3/30/20","1","3","28073","300"
"Lauderdale","2","15","Mississippi","3/30/20","0","15","28075","1"
"Lawrence","0","5","Mississippi","3/30/20","2","3","28077","150"
"Leake","1","5","Mississippi","3/30/20","1","4","28079","400"
"Lee","2","21","Mississippi","3/30/20","8","13","28081","162.5"
"Leflore","1","15","Mississippi","3/30/20","9","6","28083","66.67"
"Lincoln","1","9","Mississippi","3/30/20","4","5","28085","125"
"Lowndes","1","10","Mississippi","3/30/20","6","4","28087","66.67"
"Madison","4","37","Mississippi","3/30/20","11","26","28089","236.36"
"Marion","0","4","Mississippi","3/30/20","1","3","28091","300"
"Marshall","1","13","Mississippi","3/30/20","3","10","28093","333.33"
"Monroe","0","5","Mississippi","3/30/20","2","3","28095","150"
"Montgomery","1","6","Mississippi","3/30/20","1","5","28097","500"
"Neshoba","1","4","Mississippi","3/30/20","0","4","28099","1"
"Newton","0","1","Mississippi","3/30/20","0","1","28101","1"
"Noxubee","0","2","Mississippi","3/30/20","0","2","28103","1"
"Oktibbeha","1","15","Mississippi","3/30/20","5","10","28105","200"
"Panola","0","5","Mississippi","3/30/20","2","3","28107","150"
"Pearl River","2","27","Mississippi","3/30/20","12","15","28109","125"
"Perry","0","2","Mississippi","3/30/20","1","1","28111","100"
"Pike","1","14","Mississippi","3/30/20","4","10","28113","250"
"Pontotoc","0","3","Mississippi","3/30/20","1","2","28115","200"
"Prentiss","1","4","Mississippi","3/30/20","0","4","28117","1"
"Quitman","1","4","Mississippi","3/30/20","0","4","28119","1"
"Rankin","4","35","Mississippi","3/30/20","8","27","28121","337.5"
"Scott","1","7","Mississippi","3/30/20","1","6","28123","600"
"Sharkey","0","1","Mississippi","3/30/20","0","1","28125","1"
"Simpson","0","2","Mississippi","3/30/20","1","1","28127","100"
"Smith","0","1","Mississippi","3/30/20","1","0","28129","0"
"Sunflower","1","10","Mississippi","3/30/20","2","8","28133","400"
"Tallahatchie","0","2","Mississippi","3/30/20","1","1","28135","100"
"Tate","1","9","Mississippi","3/30/20","1","8","28137","800"
"Tippah","2","23","Mississippi","3/30/20","9","14","28139","155.56"
"Tunica","1","6","Mississippi","3/30/20","2","4","28143","200"
"Union","0","3","Mississippi","3/30/20","1","2","28145","200"
"Walthall","0","5","Mississippi","3/30/20","2","3","28147","150"
"Warren","0","1","Mississippi","3/30/20","0","1","28149","1"
"Washington","2","16","Mississippi","3/30/20","4","12","28151","300"
"Webster","0","3","Mississippi","3/30/20","1","2","28155","200"
"Wilkinson","1","12","Mississippi","3/30/20","3","9","28157","300"
"Winston","0","4","Mississippi","3/30/20","2","2","28159","100"
"Yalobusha","0","3","Mississippi","3/30/20","0","3","28161","1"
"Yazoo","1","5","Mississippi","3/30/20","1","4","28163","400"
"Adair","0","1","Missouri","3/30/20","2","-1","29001","-50"
"Atchison","0","1","Missouri","3/30/20","0","1","29005","1"
"Barry","0","1","Missouri","3/30/20","0","1","29009","1"
"Bates","0","1","Missouri","3/30/20","1","0","29013","0"
"Benton","0","1","Missouri","3/30/20","0","1","29015","1"
"Bollinger","0","1","Missouri","3/30/20","0","1","29017","1"
"Boone","6","59","Missouri","3/30/20","17","42","29019","247.06"
"Buchanan","0","3","Missouri","3/30/20","0","3","29021","1"
"Callaway","2","13","Missouri","3/30/20","1","12","29027","1200"
"Camden","1","11","Missouri","3/30/20","1","10","29029","1000"
"Cape Girardeau","2","13","Missouri","3/30/20","0","13","29031","1"
"Carter","0","2","Missouri","3/30/20","0","2","29035","1"
"Cass","0","9","Missouri","3/30/20","6","3","29037","50"
"Cedar","1","5","Missouri","3/30/20","0","5","29039","1"
"Chariton","0","3","Missouri","3/30/20","0","3","29041","1"
"Christian","1","12","Missouri","3/30/20","2","10","29043","500"
"Clay","1","13","Missouri","3/30/20","3","10","29047","333.33"
"Clinton","0","4","Missouri","3/30/20","1","3","29049","300"
"Cole","3","25","Missouri","3/30/20","5","20","29051","400"
"Cooper","0","1","Missouri","3/30/20","0","1","29053","1"
"Crawford","0","1","Missouri","3/30/20","0","1","29055","1"
"Dunklin","1","6","Missouri","3/30/20","1","5","29069","500"
"Franklin","1","7","Missouri","3/30/20","0","7","29071","1"
"Greene","4","48","Missouri","3/30/20","17","31","29077","182.35"
"Henry","0","1","Missouri","3/30/20","1","0","29083","0"
"Jackson","7","56","Missouri","3/30/20","10","46","29095","460"
"Jasper","1","6","Missouri","3/30/20","1","5","29097","500"
"Jefferson","3","18","Missouri","3/30/20","0","18","29099","1"
"Johnson","1","10","Missouri","3/30/20","1","9","29101","900"
"Kansas City","12","100","Missouri","3/30/20","17","83","00000","488.24"
"Lafayette","2","17","Missouri","3/30/20","1","16","29107","1600"
"Lincoln","1","5","Missouri","3/30/20","0","5","29113","1"
"Livingston","0","1","Missouri","3/30/20","0","1","29117","1"
"Macon","0","1","Missouri","3/30/20","0","1","29121","1"
"Maries","0","1","Missouri","3/30/20","0","1","29125","1"
"McDonald","0","2","Missouri","3/30/20","0","2","29119","1"
"Moniteau","0","2","Missouri","3/30/20","1","1","29135","100"
"Montgomery","0","2","Missouri","3/30/20","0","2","29139","1"
"Morgan","0","1","Missouri","3/30/20","0","1","29141","1"
"Newton","1","4","Missouri","3/30/20","0","4","29145","1"
"Osage","0","1","Missouri","3/30/20","0","1","29151","1"
"Pemiscot","0","2","Missouri","3/30/20","0","2","29155","1"
"Perry","2","12","Missouri","3/30/20","1","11","29157","1100"
"Pettis","0","1","Missouri","3/30/20","0","1","29159","1"
"Pike","0","1","Missouri","3/30/20","0","1","29163","1"
"Platte","1","7","Missouri","3/30/20","1","6","29165","600"
"Pulaski","1","7","Missouri","3/30/20","1","6","29169","600"
"Ralls","0","1","Missouri","3/30/20","0","1","29173","1"
"Randolph","0","1","Missouri","3/30/20","0","1","29175","1"
"Ray","0","1","Missouri","3/30/20","0","1","29177","1"
"Reynolds","0","2","Missouri","3/30/20","0","2","29179","1"
"Ripley","0","2","Missouri","3/30/20","0","2","29181","1"
"Scott","1","5","Missouri","3/30/20","1","4","29201","400"
"Shelby","0","1","Missouri","3/30/20","0","1","29205","1"
"St. Charles","7","56","Missouri","3/30/20","4","52","29183","1300"
"St. Francois","0","3","Missouri","3/30/20","1","2","29187","200"
"St. Louis","65","556","Missouri","3/30/20","100","456","29189","456"
"St. Louis City","18","150","Missouri","3/30/20","22","128","29510","581.82"
"Stoddard","0","2","Missouri","3/30/20","0","2","29207","1"
"Stone","0","1","Missouri","3/30/20","0","1","29209","1"
"Taney","0","2","Missouri","3/30/20","1","1","29213","100"
"Texas","0","1","Missouri","3/30/20","0","1","29215","1"
"Warren","0","2","Missouri","3/30/20","0","2","29219","1"
"Wright","1","4","Missouri","3/30/20","0","4","29229","1"
"Broadwater","0","3","Montana","3/30/20","1","2","30007","200"
"Cascade","1","7","Montana","3/30/20","3","4","30013","133.33"
"Deer Lodge","0","2","Montana","3/30/20","0","2","30023","1"
"Flathead","1","9","Montana","3/30/20","2","7","30029","350"
"Gallatin","8","67","Montana","3/30/20","10","57","30031","570"
"Hill","0","1","Montana","3/30/20","0","1","30041","1"
"Jefferson","0","2","Montana","3/30/20","0","2","30043","1"
"Lake","0","3","Montana","3/30/20","0","3","30047","1"
"Lewis and Clark","1","11","Montana","3/30/20","3","8","30049","266.67"
"Lincoln","1","4","Montana","3/30/20","0","4","30053","1"
"Madison","0","4","Montana","3/30/20","1","3","30057","300"
"Meagher","0","1","Montana","3/30/20","0","1","30059","1"
"Missoula","1","12","Montana","3/30/20","3","9","30063","300"
"Park","0","2","Montana","3/30/20","0","2","30067","1"
"Ravalli","0","1","Montana","3/30/20","1","0","30081","0"
"Roosevelt","0","1","Montana","3/30/20","1","0","30085","0"
"Silver Bow","1","9","Montana","3/30/20","2","7","30093","350"
"Toole","1","6","Montana","3/30/20","0","6","30101","1"
"Yellowstone","3","26","Montana","3/30/20","6","20","30111","333.33"
"Adams","0","3","Nebraska","3/30/20","1","2","31001","200"
"Buffalo","1","6","Nebraska","3/30/20","2","4","31019","200"
"Cass","0","2","Nebraska","3/30/20","1","1","31025","100"
"Dawson","0","1","Nebraska","3/30/20","0","1","31047","1"
"Dodge","0","3","Nebraska","3/30/20","0","3","31053","1"
"Douglas","6","75","Nebraska","3/30/20","34","41","31055","120.59"
"Gosper","0","1","Nebraska","3/30/20","0","1","31073","1"
"Hall","1","6","Nebraska","3/30/20","0","6","31079","1"
"Kearney","0","1","Nebraska","3/30/20","0","1","31099","1"
"Knox","0","2","Nebraska","3/30/20","2","0","31107","0"
"Lancaster","1","8","Nebraska","3/30/20","2","6","31109","300"
"Lincoln","0","5","Nebraska","3/30/20","3","2","31111","66.67"
"Madison","0","2","Nebraska","3/30/20","0","2","31119","1"
"Nemaha","0","1","Nebraska","3/30/20","1","0","31127","0"
"Platte","0","1","Nebraska","3/30/20","0","1","31141","1"
"Sarpy","1","13","Nebraska","3/30/20","5","8","31153","160"
"Saunders","0","2","Nebraska","3/30/20","0","2","31155","1"
"Scotts Bluff","0","1","Nebraska","3/30/20","0","1","31157","1"
"Washington","1","9","Nebraska","3/30/20","0","9","31177","1"
"York","0","1","Nebraska","3/30/20","0","1","31185","1"
"Carson City","0","5","Nevada","3/30/20","3","2","32510","66.67"
"Clark","90","753","Nevada","3/30/20","126","627","32003","497.62"
"Douglas","1","5","Nevada","3/30/20","0","5","32005","1"
"Elko","0","3","Nevada","3/30/20","2","1","32007","50"
"Humboldt","0","1","Nevada","3/30/20","0","1","32013","1"
"Lyon","0","1","Nevada","3/30/20","0","1","32019","1"
"Nye","0","1","Nevada","3/30/20","0","1","32023","1"
"Washoe","12","111","Nevada","3/30/20","25","86","32031","344"
"Belknap","1","9","New Hampshire","3/30/20","4","5","33001","125"
"Carroll","1","10","New Hampshire","3/30/20","6","4","33003","66.67"
"Cheshire","0","3","New Hampshire","3/30/20","1","2","33005","200"
"Grafton","2","29","New Hampshire","3/30/20","15","14","33009","93.33"
"Hillsborough","8","69","New Hampshire","3/30/20","16","53","33011","331.25"
"Merrimack","2","18","New Hampshire","3/30/20","4","14","33013","350"
"Rockingham","10","100","New Hampshire","3/30/20","28","72","33015","257.14"
"Strafford","2","17","New Hampshire","3/30/20","3","14","33017","466.67"
"Sullivan","0","3","New Hampshire","3/30/20","1","2","33019","200"
"Atlantic","3","29","New Jersey","3/30/20","6","23","34001","383.33"
"Bergen","268","2482","New Jersey","3/30/20","609","1873","34003","307.55"
"Burlington","20","178","New Jersey","3/30/20","36","142","34005","394.44"
"Camden","24","200","New Jersey","3/30/20","33","167","34007","506.06"
"Cape May","1","9","New Jersey","3/30/20","2","7","34009","350"
"Cumberland","2","12","New Jersey","3/30/20","1","11","34011","1100"
"Essex","184","1564","New Jersey","3/30/20","273","1291","34013","472.89"
"Gloucester","11","89","New Jersey","3/30/20","13","76","34015","584.62"
"Hudson","161","1314","New Jersey","3/30/20","190","1124","34017","591.58"
"Hunterdon","9","79","New Jersey","3/30/20","18","61","34019","338.89"
"Mercer","28","249","New Jersey","3/30/20","50","199","34021","398"
"Middlesex","130","1123","New Jersey","3/30/20","210","913","34023","434.76"
"Monmouth","113","1030","New Jersey","3/30/20","238","792","34025","332.77"
"Morris","78","720","New Jersey","3/30/20","177","543","34027","306.78"
"Ocean","104","874","New Jersey","3/30/20","144","730","34029","506.94"
"Passaic","136","1091","New Jersey","3/30/20","141","950","34031","673.76"
"Salem","0","3","New Jersey","3/30/20","1","2","34033","200"
"Somerset","40","349","New Jersey","3/30/20","67","282","34035","420.9"
"Sussex","14","113","New Jersey","3/30/20","15","98","34037","653.33"
"Union","146","1213","New Jersey","3/30/20","189","1024","34039","541.8"
"Warren","8","68","New Jersey","3/30/20","12","56","34041","466.67"
"Bernalillo","9","101","New Mexico","3/30/20","38","63","35001","165.79"
"Chaves","1","8","New Mexico","3/30/20","4","4","35005","100"
"Cibola","0","2","New Mexico","3/30/20","0","2","35006","1"
"Curry","0","3","New Mexico","3/30/20","0","3","35009","1"
"Dona Ana","1","17","New Mexico","3/30/20","10","7","35013","70"
"Eddy","1","4","New Mexico","3/30/20","0","4","35015","1"
"Lea","0","2","New Mexico","3/30/20","1","1","35025","100"
"McKinley","1","9","New Mexico","3/30/20","2","7","35031","350"
"Rio Arriba","0","2","New Mexico","3/30/20","0","2","35039","1"
"Roosevelt","0","1","New Mexico","3/30/20","0","1","35041","1"
"San Juan","3","22","New Mexico","3/30/20","3","19","35045","633.33"
"San Miguel","0","1","New Mexico","3/30/20","1","0","35047","0"
"Sandoval","2","18","New Mexico","3/30/20","7","11","35043","157.14"
"Santa Fe","3","34","New Mexico","3/30/20","12","22","35049","183.33"
"Socorro","0","2","New Mexico","3/30/20","2","0","35053","0"
"Taos","1","9","New Mexico","3/30/20","3","6","35055","200"
"Valencia","0","2","New Mexico","3/30/20","0","2","35061","1"
"Albany","13","217","New York","3/30/20","127","90","36001","70.87"
"Allegany","1","7","New York","3/30/20","2","5","36003","250"
"Broome","5","35","New York","3/30/20","3","32","36007","1066.67"
"Cattaraugus","1","6","New York","3/30/20","0","6","36009","1"
"Cayuga","0","3","New York","3/30/20","0","3","36011","1"
"Chautauqua","1","7","New York","3/30/20","0","7","36013","1"
"Chemung","2","15","New York","3/30/20","2","13","36015","650"
"Chenango","2","17","New York","3/30/20","2","15","36017","750"
"Clinton","2","17","New York","3/30/20","4","13","36019","325"
"Columbia","3","36","New York","3/30/20","17","19","36021","111.76"
"Cortland","1","10","New York","3/30/20","2","8","36023","400"
"Delaware","1","11","New York","3/30/20","1","10","36025","1000"
"Dutchess","42","392","New York","3/30/20","100","292","36027","292"
"Erie","51","443","New York","3/30/20","87","356","36029","409.2"
"Essex","0","5","New York","3/30/20","3","2","36031","66.67"
"Franklin","1","6","New York","3/30/20","0","6","36033","1"
"Fulton","0","1","New York","3/30/20","1","0","36035","0"
"Genesee","1","9","New York","3/30/20","1","8","36037","800"
"Greene","1","10","New York","3/30/20","2","8","36039","400"
"Hamilton","0","2","New York","3/30/20","2","0","36041","0"
"Herkimer","1","12","New York","3/30/20","3","9","36043","300"
"Jefferson","1","11","New York","3/30/20","1","10","36045","1000"
"Livingston","2","13","New York","3/30/20","2","11","36051","550"
"Madison","6","42","New York","3/30/20","1","41","36053","4100"
"Monroe","24","246","New York","3/30/20","81","165","36055","203.7"
"Montgomery","0","6","New York","3/30/20","3","3","36057","100"
"Nassau","700","7344","New York","3/30/20","2442","4902","36059","200.74"
"New York","3593","37453","New York","3/30/20","12305","25148","36061","204.37"
"Niagara","5","41","New York","3/30/20","9","32","36063","355.56"
"Oneida","4","34","New York","3/30/20","5","29","36065","580"
"Onondaga","25","228","New York","3/30/20","53","175","36067","330.19"
"Ontario","2","20","New York","3/30/20","4","16","36069","400"
"Orange","149","1435","New York","3/30/20","389","1046","36071","268.89"
"Orleans","1","4","New York","3/30/20","0","4","36073","1"
"Oswego","2","15","New York","3/30/20","2","13","36075","650"
"Otsego","2","17","New York","3/30/20","1","16","36077","1600"
"Putnam","19","167","New York","3/30/20","31","136","36079","438.71"
"Rensselaer","5","52","New York","3/30/20","20","32","36083","160"
"Rockland","274","2511","New York","3/30/20","592","1919","36087","324.16"
"Saratoga","10","108","New York","3/30/20","35","73","36091","208.57"
"Schenectady","7","80","New York","3/30/20","32","48","36093","150"
"Schoharie","1","6","New York","3/30/20","1","5","36095","500"
"Schuyler","0","2","New York","3/30/20","0","2","36097","1"
"St. Lawrence","2","13","New York","3/30/20","0","13","36089","1"
"Steuben","2","19","New York","3/30/20","4","15","36101","375"
"Suffolk","619","5791","New York","3/30/20","1458","4333","36103","297.19"
"Sullivan","13","101","New York","3/30/20","12","89","36105","741.67"
"Tioga","1","7","New York","3/30/20","1","6","36107","600"
"Tompkins","8","70","New York","3/30/20","15","55","36109","366.67"
"Ulster","25","190","New York","3/30/20","18","172","36111","955.56"
"Warren","2","18","New York","3/30/20","1","17","36113","1700"
"Washington","1","9","New York","3/30/20","1","8","36115","800"
"Wayne","2","15","New York","3/30/20","3","12","36117","400"
"Westchester","919","9326","New York","3/30/20","2894","6432","36119","222.25"
"Wyoming","1","8","New York","3/30/20","2","6","36121","300"
"Alamance","1","7","North Carolina","3/30/20","2","5","37001","250"
"Alexander","0","1","North Carolina","3/30/20","0","1","37003","1"
"Alleghany","0","2","North Carolina","3/30/20","0","2","37005","1"
"Beaufort","1","4","North Carolina","3/30/20","0","4","37013","1"
"Bertie","1","5","North Carolina","3/30/20","0","5","37015","1"
"Brunswick","1","14","North Carolina","3/30/20","8","6","37019","75"
"Buncombe","2","20","North Carolina","3/30/20","8","12","37021","150"
"Burke","1","5","North Carolina","3/30/20","0","5","37023","1"
"Cabarrus","5","38","North Carolina","3/30/20","6","32","37025","533.33"
"Caldwell","0","3","North Carolina","3/30/20","0","3","37027","1"
"Carteret","1","11","North Carolina","3/30/20","5","6","37031","120"
"Caswell","0","1","North Carolina","3/30/20","0","1","37033","1"
"Catawba","1","14","North Carolina","3/30/20","4","10","37035","250"
"Chatham","2","14","North Carolina","3/30/20","3","11","37037","366.67"
"Cherokee","0","7","North Carolina","3/30/20","4","3","37039","75"
"Chowan","0","0","North Carolina","3/30/20","1","-1","37041","-100"
"Cleveland","1","7","North Carolina","3/30/20","0","7","37045","1"
"Columbus","0","3","North Carolina","3/30/20","0","3","37047","1"
"Craven","0","5","North Carolina","3/30/20","2","3","37049","150"
"Cumberland","2","15","North Carolina","3/30/20","3","12","37051","400"
"Currituck","0","1","North Carolina","3/30/20","0","1","37053","1"
"Dare","0","1","North Carolina","3/30/20","0","1","37055","1"
"Davidson","2","17","North Carolina","3/30/20","2","15","37057","750"
"Davie","1","6","North Carolina","3/30/20","1","5","37059","500"
"Duplin","0","1","North Carolina","3/30/20","0","1","37061","1"
"Durham","9","107","North Carolina","3/30/20","41","66","37063","160.98"
"Edgecombe","0","1","North Carolina","3/30/20","0","1","37065","1"
"Forsyth","4","40","North Carolina","3/30/20","12","28","37067","233.33"
"Franklin","0","5","North Carolina","3/30/20","4","1","37069","25"
"Gaston","3","25","North Carolina","3/30/20","4","21","37071","525"
"Granville","1","6","North Carolina","3/30/20","1","5","37077","500"
"Greene","0","3","North Carolina","3/30/20","0","3","37079","1"
"Guilford","5","44","North Carolina","3/30/20","11","33","37081","300"
"Halifax","1","4","North Carolina","3/30/20","0","4","37083","1"
"Harnett","1","14","North Carolina","3/30/20","8","6","37085","75"
"Henderson","2","13","North Carolina","3/30/20","2","11","37089","550"
"Hertford","0","3","North Carolina","3/30/20","1","2","37091","200"
"Hoke","0","3","North Carolina","3/30/20","1","2","37093","200"
"Hyde","0","0","North Carolina","3/30/20","1","-1","37095","-100"
"Iredell","2","25","North Carolina","3/30/20","8","17","37097","212.5"
"Jackson","0","1","North Carolina","3/30/20","1","0","37099","0"
"Johnston","1","10","North Carolina","3/30/20","3","7","37101","233.33"
"Lee","0","2","North Carolina","3/30/20","1","1","37105","100"
"Lenoir","0","3","North Carolina","3/30/20","0","3","37107","1"
"Lincoln","0","3","North Carolina","3/30/20","1","2","37109","200"
"McDowell","1","5","North Carolina","3/30/20","0","5","37111","1"
"Mecklenburg","41","382","North Carolina","3/30/20","97","285","37119","293.81"
"Mitchell","0","1","North Carolina","3/30/20","0","1","37121","1"
"Montgomery","0","3","North Carolina","3/30/20","1","2","37123","200"
"Moore","1","8","North Carolina","3/30/20","2","6","37125","300"
"Nash","0","4","North Carolina","3/30/20","1","3","37127","300"
"New Hanover","3","27","North Carolina","3/30/20","4","23","37129","575"
"Northampton","4","26","North Carolina","3/30/20","1","25","37131","2500"
"Onslow","0","4","North Carolina","3/30/20","3","1","37133","33.33"
"Orange","3","30","North Carolina","3/30/20","6","24","37135","400"
"Pamlico","0","1","North Carolina","3/30/20","0","1","37137","1"
"Pasquotank","0","2","North Carolina","3/30/20","1","1","37139","100"
"Perquimans","0","1","North Carolina","3/30/20","0","1","37143","1"
"Person","0","1","North Carolina","3/30/20","0","1","37145","1"
"Pitt","2","20","North Carolina","3/30/20","6","14","37147","233.33"
"Polk","0","2","North Carolina","3/30/20","0","2","37149","1"
"Randolph","2","15","North Carolina","3/30/20","1","14","37151","1400"
"Robeson","0","2","North Carolina","3/30/20","1","1","37155","100"
"Rowan","2","18","North Carolina","3/30/20","4","14","37159","350"
"Rutherford","0","2","North Carolina","3/30/20","0","2","37161","1"
"Sampson","0","1","North Carolina","3/30/20","1","0","37163","0"
"Scotland","0","2","North Carolina","3/30/20","1","1","37165","100"
"Stanly","1","5","North Carolina","3/30/20","0","5","37167","1"
"Surry","0","2","North Carolina","3/30/20","0","2","37171","1"
"Transylvania","0","3","North Carolina","3/30/20","1","2","37175","200"
"Union","4","38","North Carolina","3/30/20","13","25","37179","192.31"
"Vance","0","3","North Carolina","3/30/20","1","2","37181","200"
"Wake","16","166","North Carolina","3/30/20","52","114","37183","219.23"
"Washington","0","1","North Carolina","3/30/20","0","1","37187","1"
"Watauga","0","5","North Carolina","3/30/20","2","3","37189","150"
"Wayne","0","4","North Carolina","3/30/20","1","3","37191","300"
"Wilkes","0","1","North Carolina","3/30/20","0","1","37193","1"
"Wilson","1","13","North Carolina","3/30/20","4","9","37195","225"
"Yadkin","0","1","North Carolina","3/30/20","0","1","37197","1"
"Barnes","0","2","North Dakota","3/30/20","0","2","38003","1"
"Burleigh","2","29","North Dakota","3/30/20","16","13","38015","81.25"
"Cass","3","24","North Dakota","3/30/20","1","23","38017","2300"
"Divide","0","1","North Dakota","3/30/20","0","1","38023","1"
"Dunn","0","1","North Dakota","3/30/20","0","1","38025","1"
"Foster","0","1","North Dakota","3/30/20","0","1","38031","1"
"Grand Forks","0","2","North Dakota","3/30/20","0","2","38035","1"
"McHenry","0","1","North Dakota","3/30/20","0","1","38049","1"
"McIntosh","0","1","North Dakota","3/30/20","0","1","38051","1"
"McLean","0","2","North Dakota","3/30/20","0","2","38055","1"
"Morton","1","14","North Dakota","3/30/20","7","7","38059","100"
"Mountrail","1","4","North Dakota","3/30/20","0","4","38061","1"
"Oliver","0","1","North Dakota","3/30/20","0","1","38065","1"
"Pierce","0","2","North Dakota","3/30/20","2","0","38069","0"
"Ramsey","0","3","North Dakota","3/30/20","1","2","38071","200"
"Sioux","0","1","North Dakota","3/30/20","0","1","38085","1"
"Stark","1","10","North Dakota","3/30/20","0","10","38089","1"
"Walsh","0","1","North Dakota","3/30/20","0","1","38099","1"
"Ward","1","9","North Dakota","3/30/20","3","6","38101","200"
"Allen","1","4","Ohio","3/30/20","0","4","39003","1"
"Ashland","0","2","Ohio","3/30/20","1","1","39005","100"
"Ashtabula","0","6","Ohio","3/30/20","3","3","39007","100"
"Athens","0","3","Ohio","3/30/20","0","3","39009","1"
"Auglaize","0","2","Ohio","3/30/20","0","2","39011","1"
"Belmont","1","8","Ohio","3/30/20","2","6","39013","300"
"Brown","0","1","Ohio","3/30/20","0","1","39015","1"
"Butler","2","30","Ohio","3/30/20","17","13","39017","76.47"
"Carroll","0","5","Ohio","3/30/20","2","3","39019","150"
"Champaign","0","3","Ohio","3/30/20","0","3","39021","1"
"Clark","1","6","Ohio","3/30/20","1","5","39023","500"
"Clermont","1","9","Ohio","3/30/20","5","4","39025","80"
"Clinton","0","3","Ohio","3/30/20","1","2","39027","200"
"Columbiana","1","11","Ohio","3/30/20","2","9","39029","450"
"Coshocton","0","5","Ohio","3/30/20","3","2","39031","66.67"
"Crawford","1","5","Ohio","3/30/20","0","5","39033","1"
"Cuyahoga","49","493","Ohio","3/30/20","149","344","39035","230.87"
"Darke","2","12","Ohio","3/30/20","1","11","39037","1100"
"Defiance","0","5","Ohio","3/30/20","2","3","39039","150"
"Delaware","4","38","Ohio","3/30/20","7","31","39041","442.86"
"Erie","1","5","Ohio","3/30/20","1","4","39043","400"
"Fairfield","2","13","Ohio","3/30/20","0","13","39045","1"
"Fayette","0","1","Ohio","3/30/20","0","1","39047","1"
"Franklin","34","281","Ohio","3/30/20","44","237","39049","538.64"
"Fulton","0","2","Ohio","3/30/20","0","2","39051","1"
"Gallia","0","1","Ohio","3/30/20","1","0","39053","0"
"Geauga","3","22","Ohio","3/30/20","2","20","39055","1000"
"Greene","0","3","Ohio","3/30/20","1","2","39057","200"
"Hamilton","11","101","Ohio","3/30/20","26","75","39061","288.46"
"Hancock","0","3","Ohio","3/30/20","1","2","39063","200"
"Highland","0","1","Ohio","3/30/20","1","0","39071","0"
"Holmes","0","1","Ohio","3/30/20","0","1","39075","1"
"Huron","0","3","Ohio","3/30/20","1","2","39077","200"
"Jefferson","1","7","Ohio","3/30/20","0","7","39081","1"
"Knox","0","3","Ohio","3/30/20","1","2","39083","200"
"Lake","5","43","Ohio","3/30/20","8","35","39085","437.5"
"Lawrence","0","1","Ohio","3/30/20","0","1","39087","1"
"Licking","3","21","Ohio","3/30/20","1","20","39089","2000"
"Logan","0","3","Ohio","3/30/20","1","2","39091","200"
"Lorain","8","78","Ohio","3/30/20","24","54","39093","225"
"Lucas","15","114","Ohio","3/30/20","10","104","39095","1040"
"Madison","1","5","Ohio","3/30/20","1","4","39097","400"
"Mahoning","13","117","Ohio","3/30/20","23","94","39099","408.7"
"Marion","1","7","Ohio","3/30/20","3","4","39101","133.33"
"Medina","5","48","Ohio","3/30/20","15","33","39103","220"
"Mercer","0","2","Ohio","3/30/20","0","2","39107","1"
"Miami","4","46","Ohio","3/30/20","17","29","39109","170.59"
"Montgomery","3","31","Ohio","3/30/20","7","24","39113","342.86"
"Muskingum","0","2","Ohio","3/30/20","0","2","39119","1"
"Ottawa","0","2","Ohio","3/30/20","0","2","39123","1"
"Pickaway","1","5","Ohio","3/30/20","0","5","39129","1"
"Pike","0","1","Ohio","3/30/20","0","1","39131","1"
"Portage","4","32","Ohio","3/30/20","2","30","39133","1500"
"Preble","0","1","Ohio","3/30/20","0","1","39135","1"
"Richland","1","5","Ohio","3/30/20","1","4","39139","400"
"Ross","0","1","Ohio","3/30/20","0","1","39141","1"
"Sandusky","0","3","Ohio","3/30/20","1","2","39143","200"
"Seneca","0","3","Ohio","3/30/20","0","3","39147","1"
"Shelby","1","4","Ohio","3/30/20","0","4","39149","1"
"Stark","5","44","Ohio","3/30/20","12","32","39151","266.67"
"Summit","13","118","Ohio","3/30/20","28","90","39153","321.43"
"Trumbull","6","42","Ohio","3/30/20","3","39","39155","1300"
"Tuscarawas","1","7","Ohio","3/30/20","2","5","39157","250"
"Union","0","4","Ohio","3/30/20","1","3","39159","300"
"Van Wert","0","1","Ohio","3/30/20","0","1","39161","1"
"Warren","2","20","Ohio","3/30/20","5","15","39165","300"
"Washington","0","3","Ohio","3/30/20","1","2","39167","200"
"Wayne","1","7","Ohio","3/30/20","0","7","39169","1"
"Wood","2","13","Ohio","3/30/20","2","11","39173","550"
"Wyandot","0","1","Ohio","3/30/20","0","1","39175","1"
"Adair","1","4","Oklahoma","3/30/20","0","4","40001","1"
"Beckham","0","1","Oklahoma","3/30/20","0","1","40009","1"
"Bryan","0","1","Oklahoma","3/30/20","0","1","40013","1"
"Caddo","0","1","Oklahoma","3/30/20","0","1","40015","1"
"Canadian","2","15","Oklahoma","3/30/20","2","13","40017","650"
"Carter","0","1","Oklahoma","3/30/20","0","1","40019","1"
"Cherokee","0","1","Oklahoma","3/30/20","0","1","40021","1"
"Choctaw","0","1","Oklahoma","3/30/20","0","1","40023","1"
"Cleveland","6","60","Oklahoma","3/30/20","16","44","40027","275"
"Comanche","2","12","Oklahoma","3/30/20","0","12","40031","1"
"Cotton","0","1","Oklahoma","3/30/20","0","1","40033","1"
"Craig","0","1","Oklahoma","3/30/20","0","1","40035","1"
"Creek","3","18","Oklahoma","3/30/20","0","18","40037","1"
"Custer","0","4","Oklahoma","3/30/20","1","3","40039","300"
"Delaware","1","7","Oklahoma","3/30/20","0","7","40041","1"
"Garfield","0","2","Oklahoma","3/30/20","0","2","40047","1"
"Garvin","1","6","Oklahoma","3/30/20","2","4","40049","200"
"Grady","0","3","Oklahoma","3/30/20","1","2","40051","200"
"Jackson","0","1","Oklahoma","3/30/20","1","0","40065","0"
"Kay","2","20","Oklahoma","3/30/20","5","15","40071","300"
"Latimer","0","1","Oklahoma","3/30/20","0","1","40077","1"
"Le Flore","0","1","Oklahoma","3/30/20","0","1","40079","1"
"Lincoln","1","4","Oklahoma","3/30/20","0","4","40081","1"
"Logan","0","4","Oklahoma","3/30/20","1","3","40083","300"
"Love","0","1","Oklahoma","3/30/20","0","1","40085","1"
"Mayes","1","4","Oklahoma","3/30/20","0","4","40097","1"
"McClain","0","2","Oklahoma","3/30/20","1","1","40087","100"
"Muskogee","1","7","Oklahoma","3/30/20","1","6","40101","600"
"Noble","0","3","Oklahoma","3/30/20","1","2","40103","200"
"Nowata","1","4","Oklahoma","3/30/20","0","4","40105","1"
"Oklahoma","15","134","Oklahoma","3/30/20","29","105","40109","362.07"
"Okmulgee","0","3","Oklahoma","3/30/20","0","3","40111","1"
"Osage","2","11","Oklahoma","3/30/20","0","11","40113","1"
"Ottawa","1","6","Oklahoma","3/30/20","0","6","40115","1"
"Pawnee","2","15","Oklahoma","3/30/20","3","12","40117","400"
"Payne","2","14","Oklahoma","3/30/20","3","11","40119","366.67"
"Pittsburg","0","2","Oklahoma","3/30/20","0","2","40121","1"
"Pontotoc","0","3","Oklahoma","3/30/20","1","2","40123","200"
"Pottawatomie","0","2","Oklahoma","3/30/20","0","2","40125","1"
"Rogers","0","1","Oklahoma","3/30/20","0","1","40131","1"
"Seminole","0","1","Oklahoma","3/30/20","0","1","40133","1"
"Sequoyah","0","2","Oklahoma","3/30/20","0","2","40135","1"
"Stephens","0","2","Oklahoma","3/30/20","0","2","40137","1"
"Texas","0","1","Oklahoma","3/30/20","0","1","40139","1"
"Tulsa","8","65","Oklahoma","3/30/20","11","54","40143","490.91"
"Wagoner","1","8","Oklahoma","3/30/20","0","8","40145","1"
"Washington","3","20","Oklahoma","3/30/20","2","18","40147","900"
"Benton","1","9","Oregon","3/30/20","4","5","41003","125"
"Clackamas","4","40","Oregon","3/30/20","14","26","41005","185.71"
"Clatsop","0","3","Oregon","3/30/20","0","3","41007","1"
"Columbia","0","1","Oregon","3/30/20","0","1","41009","1"
"Deschutes","2","25","Oregon","3/30/20","10","15","41017","150"
"Douglas","1","8","Oregon","3/30/20","1","7","41019","700"
"Grant","0","1","Oregon","3/30/20","1","0","41023","0"
"Hood River","0","2","Oregon","3/30/20","1","1","41027","100"
"Jackson","3","20","Oregon","3/30/20","2","18","41029","900"
"Josephine","1","10","Oregon","3/30/20","1","9","41033","900"
"Klamath","0","4","Oregon","3/30/20","1","3","41035","300"
"Lane","1","12","Oregon","3/30/20","4","8","41039","200"
"Lincoln","0","1","Oregon","3/30/20","0","1","41041","1"
"Linn","2","36","Oregon","3/30/20","20","16","41043","80"
"Marion","13","123","Oregon","3/30/20","30","93","41047","310"
"Morrow","0","1","Oregon","3/30/20","0","1","41049","1"
"Multnomah","11","100","Oregon","3/30/20","21","79","41051","376.19"
"Polk","2","15","Oregon","3/30/20","3","12","41053","400"
"Tillamook","0","3","Oregon","3/30/20","0","3","41057","1"
"Umatilla","0","4","Oregon","3/30/20","2","2","41059","100"
"Union","0","1","Oregon","3/30/20","1","0","41061","0"
"Wasco","1","5","Oregon","3/30/20","0","5","41065","1"
"Washington","14","168","Oregon","3/30/20","69","99","41067","143.48"
"Yamhill","1","14","Oregon","3/30/20","6","8","41071","133.33"
"Adams","0","8","Pennsylvania","3/30/20","6","2","42001","33.33"
"Allegheny","35","290","Pennsylvania","3/30/20","48","242","42003","504.17"
"Armstrong","0","3","Pennsylvania","3/30/20","0","3","42005","1"
"Beaver","6","44","Pennsylvania","3/30/20","3","41","42007","1366.67"
"Berks","10","82","Pennsylvania","3/30/20","14","68","42011","485.71"
"Blair","1","6","Pennsylvania","3/30/20","0","6","42013","1"
"Bradford","0","3","Pennsylvania","3/30/20","0","3","42015","1"
"Bucks","29","249","Pennsylvania","3/30/20","43","206","42017","479.07"
"Butler","6","49","Pennsylvania","3/30/20","5","44","42019","880"
"Cambria","0","2","Pennsylvania","3/30/20","1","1","42021","100"
"Cameron","0","1","Pennsylvania","3/30/20","0","1","42023","1"
"Carbon","2","13","Pennsylvania","3/30/20","0","13","42025","1"
"Centre","3","24","Pennsylvania","3/30/20","3","21","42027","700"
"Chester","15","146","Pennsylvania","3/30/20","40","106","42029","265"
"Clarion","0","1","Pennsylvania","3/30/20","0","1","42031","1"
"Clearfield","1","4","Pennsylvania","3/30/20","0","4","42033","1"
"Columbia","1","6","Pennsylvania","3/30/20","1","5","42037","500"
"Crawford","1","4","Pennsylvania","3/30/20","0","4","42039","1"
"Cumberland","2","24","Pennsylvania","3/30/20","12","12","42041","100"
"Dauphin","5","36","Pennsylvania","3/30/20","1","35","42043","3500"
"Delaware","36","303","Pennsylvania","3/30/20","54","249","42045","461.11"
"Erie","1","13","Pennsylvania","3/30/20","3","10","42049","333.33"
"Fayette","1","11","Pennsylvania","3/30/20","1","10","42051","1000"
"Franklin","2","12","Pennsylvania","3/30/20","1","11","42055","1100"
"Greene","1","7","Pennsylvania","3/30/20","0","7","42059","1"
"Huntingdon","0","1","Pennsylvania","3/30/20","0","1","42061","1"
"Indiana","0","2","Pennsylvania","3/30/20","0","2","42063","1"
"Juniata","0","3","Pennsylvania","3/30/20","0","3","42067","1"
"Lackawanna","8","62","Pennsylvania","3/30/20","7","55","42069","785.71"
"Lancaster","13","97","Pennsylvania","3/30/20","5","92","42071","1840"
"Lawrence","1","10","Pennsylvania","3/30/20","0","10","42073","1"
"Lebanon","3","27","Pennsylvania","3/30/20","3","24","42075","800"
"Lehigh","29","231","Pennsylvania","3/30/20","25","206","42077","824"
"Luzerne","20","150","Pennsylvania","3/30/20","10","140","42079","1400"
"Lycoming","1","4","Pennsylvania","3/30/20","0","4","42081","1"
"McKean","0","1","Pennsylvania","3/30/20","0","1","42083","1"
"Mercer","1","7","Pennsylvania","3/30/20","1","6","42085","600"
"Mifflin","0","1","Pennsylvania","3/30/20","0","1","42087","1"
"Monroe","20","182","Pennsylvania","3/30/20","43","139","42089","323.26"
"Montgomery","58","540","Pennsylvania","3/30/20","136","404","42091","297.06"
"Montour","1","10","Pennsylvania","3/30/20","1","9","42093","900"
"Northampton","23","184","Pennsylvania","3/30/20","23","161","42095","700"
"Northumberland","0","1","Pennsylvania","3/30/20","0","1","42097","1"
"Perry","0","1","Pennsylvania","3/30/20","0","1","42099","1"
"Philadelphia","128","1072","Pennsylvania","3/30/20","175","897","42101","512.57"
"Pike","5","39","Pennsylvania","3/30/20","3","36","42103","1200"
"Potter","0","2","Pennsylvania","3/30/20","1","1","42105","100"
"Schuylkill","4","30","Pennsylvania","3/30/20","3","27","42107","900"
"Snyder","0","2","Pennsylvania","3/30/20","0","2","42109","1"
"Somerset","0","2","Pennsylvania","3/30/20","0","2","42111","1"
"Susquehanna","0","1","Pennsylvania","3/30/20","0","1","42115","1"
"Tioga","0","1","Pennsylvania","3/30/20","0","1","42117","1"
"Union","1","4","Pennsylvania","3/30/20","0","4","42119","1"
"Venango","0","1","Pennsylvania","3/30/20","0","1","42121","1"
"Warren","0","1","Pennsylvania","3/30/20","0","1","42123","1"
"Washington","3","26","Pennsylvania","3/30/20","7","19","42125","271.43"
"Wayne","1","10","Pennsylvania","3/30/20","3","7","42127","233.33"
"Westmoreland","7","55","Pennsylvania","3/30/20","6","49","42129","816.67"
"York","6","54","Pennsylvania","3/30/20","10","44","42133","440"
"","20","174","Puerto Rico","3/30/20","31","143",,"461.29"
"Bristol","-2","12","Rhode Island","3/30/20","24","-12","44001","-50"
"Kent","3","27","Rhode Island","3/30/20","7","20","44003","285.71"
"Newport","1","19","Rhode Island","3/30/20","9","10","44005","111.11"
"Providence","15","156","Rhode Island","3/30/20","52","104","44007","200"
"Washington","2","23","Rhode Island","3/30/20","9","14","44009","155.56"
"Abbeville","0","3","South Carolina","3/30/20","1","2","45001","200"
"Aiken","1","9","South Carolina","3/30/20","1","8","45003","800"
"Anderson","2","31","South Carolina","3/30/20","15","16","45007","106.67"
"Barnwell","0","1","South Carolina","3/30/20","0","1","45011","1"
"Beaufort","8","74","South Carolina","3/30/20","21","53","45013","252.38"
"Berkeley","1","14","South Carolina","3/30/20","4","10","45015","250"
"Calhoun","0","2","South Carolina","3/30/20","1","1","45017","100"
"Charleston","13","123","South Carolina","3/30/20","31","92","45019","296.77"
"Chester","0","2","South Carolina","3/30/20","1","1","45023","100"
"Chesterfield","1","6","South Carolina","3/30/20","0","6","45025","1"
"Clarendon","2","18","South Carolina","3/30/20","4","14","45027","350"
"Colleton","1","5","South Carolina","3/30/20","1","4","45029","400"
"Darlington","1","11","South Carolina","3/30/20","7","4","45031","57.14"
"Dillon","0","1","South Carolina","3/30/20","1","0","45033","0"
"Dorchester","1","12","South Carolina","3/30/20","2","10","45035","500"
"Edgefield","0","2","South Carolina","3/30/20","1","1","45037","100"
"Fairfield","0","5","South Carolina","3/30/20","2","3","45039","150"
"Florence","2","15","South Carolina","3/30/20","3","12","45041","400"
"Georgetown","1","11","South Carolina","3/30/20","2","9","45043","450"
"Greenville","8","88","South Carolina","3/30/20","31","57","45045","183.87"
"Greenwood","0","3","South Carolina","3/30/20","2","1","45047","50"
"Horry","2","32","South Carolina","3/30/20","16","16","45051","100"
"Jasper","0","3","South Carolina","3/30/20","1","2","45053","200"
"Kershaw","6","99","South Carolina","3/30/20","54","45","45055","83.33"
"Lancaster","1","14","South Carolina","3/30/20","7","7","45057","100"
"Laurens","0","3","South Carolina","3/30/20","0","3","45059","1"
"Lee","0","5","South Carolina","3/30/20","2","3","45061","150"
"Lexington","3","41","South Carolina","3/30/20","17","24","45063","141.18"
"Marion","0","2","South Carolina","3/30/20","0","2","45067","1"
"Marlboro","0","2","South Carolina","3/30/20","0","2","45069","1"
"Newberry","0","2","South Carolina","3/30/20","1","1","45071","100"
"Oconee","0","4","South Carolina","3/30/20","2","2","45073","100"
"Orangeburg","2","21","South Carolina","3/30/20","8","13","45075","162.5"
"Pickens","2","13","South Carolina","3/30/20","1","12","45077","1200"
"Richland","13","135","South Carolina","3/30/20","43","92","45079","213.95"
"Saluda","0","1","South Carolina","3/30/20","1","0","45081","0"
"Spartanburg","4","30","South Carolina","3/30/20","3","27","45083","900"
"Sumter","4","34","South Carolina","3/30/20","4","30","45085","750"
"Union","0","3","South Carolina","3/30/20","0","3","45087","1"
"Williamsburg","0","2","South Carolina","3/30/20","0","2","45089","1"
"York","5","43","South Carolina","3/30/20","7","36","45091","514.29"
"Aurora","0","1","South Dakota","3/30/20","0","1","46003","1"
"Beadle","1","20","South Dakota","3/30/20","12","8","46005","66.67"
"Bon Homme","0","1","South Dakota","3/30/20","1","0","46009","0"
"Brookings","0","1","South Dakota","3/30/20","0","1","46011","1"
"Brown","0","3","South Dakota","3/30/20","1","2","46013","200"
"Butte","0","1","South Dakota","3/30/20","0","1","46019","1"
"Charles Mix","0","1","South Dakota","3/30/20","1","0","46023","0"
"Clark","0","1","South Dakota","3/30/20","0","1","46025","1"
"Clay","0","3","South Dakota","3/30/20","0","3","46027","1"
"Codington","1","5","South Dakota","3/30/20","1","4","46029","400"
"Davison","0","2","South Dakota","3/30/20","2","0","46035","0"
"Deuel","0","1","South Dakota","3/30/20","0","1","46039","1"
"Fall River","0","1","South Dakota","3/30/20","0","1","46047","1"
"Faulk","0","1","South Dakota","3/30/20","0","1","46049","1"
"Hamlin","0","1","South Dakota","3/30/20","0","1","46057","1"
"Hughes","0","1","South Dakota","3/30/20","1","0","46065","0"
"Hutchinson","0","2","South Dakota","3/30/20","0","2","46067","1"
"Lawrence","1","5","South Dakota","3/30/20","0","5","46081","1"
"Lincoln","1","4","South Dakota","3/30/20","0","4","46083","1"
"Lyman","0","1","South Dakota","3/30/20","1","0","46085","0"
"Marshall","0","1","South Dakota","3/30/20","0","1","46091","1"
"McCook","0","2","South Dakota","3/30/20","2","0","46087","0"
"Meade","0","1","South Dakota","3/30/20","0","1","46093","1"
"Minnehaha","3","28","South Dakota","3/30/20","5","23","46099","460"
"Pennington","1","5","South Dakota","3/30/20","1","4","46103","400"
"Roberts","0","1","South Dakota","3/30/20","0","1","46109","1"
"Todd","0","1","South Dakota","3/30/20","0","1","46121","1"
"Turner","0","1","South Dakota","3/30/20","0","1","46125","1"
"Union","0","1","South Dakota","3/30/20","0","1","46127","1"
"Yankton","1","4","South Dakota","3/30/20","0","4","46135","1"
"Anderson","1","6","Tennessee","3/30/20","1","5","47001","500"
"Bedford","0","1","Tennessee","3/30/20","0","1","47003","1"
"Benton","0","3","Tennessee","3/30/20","0","3","47005","1"
"Bledsoe","0","2","Tennessee","3/30/20","0","2","47007","1"
"Blount","1","9","Tennessee","3/30/20","2","7","47009","350"
"Bradley","1","8","Tennessee","3/30/20","1","7","47011","700"
"Campbell","0","4","Tennessee","3/30/20","2","2","47013","100"
"Cannon","0","3","Tennessee","3/30/20","0","3","47015","1"
"Carroll","0","5","Tennessee","3/30/20","2","3","47017","150"
"Carter","0","1","Tennessee","3/30/20","0","1","47019","1"
"Cheatham","1","8","Tennessee","3/30/20","4","4","47021","100"
"Chester","0","2","Tennessee","3/30/20","1","1","47023","100"
"Claiborne","0","2","Tennessee","3/30/20","1","1","47025","100"
"Cocke","0","1","Tennessee","3/30/20","1","0","47029","0"
"Coffee","0","1","Tennessee","3/30/20","0","1","47031","1"
"Cumberland","1","9","Tennessee","3/30/20","2","7","47035","350"
"Davidson","40","443","Tennessee","3/30/20","164","279","47037","170.12"
"Decatur","0","1","Tennessee","3/30/20","0","1","47039","1"
"DeKalb","0","3","Tennessee","3/30/20","0","3","47041","1"
"Dickson","1","11","Tennessee","3/30/20","5","6","47043","120"
"Dyer","0","3","Tennessee","3/30/20","2","1","47045","50"
"Fayette","1","10","Tennessee","3/30/20","2","8","47047","400"
"Franklin","1","6","Tennessee","3/30/20","1","5","47051","500"
"Gibson","0","3","Tennessee","3/30/20","1","2","47053","200"
"Giles","0","1","Tennessee","3/30/20","0","1","47055","1"
"Greene","1","9","Tennessee","3/30/20","4","5","47059","125"
"Grundy","0","2","Tennessee","3/30/20","0","2","47061","1"
"Hamblen","0","2","Tennessee","3/30/20","3","-1","47063","-33.33"
"Hamilton","3","35","Tennessee","3/30/20","12","23","47065","191.67"
"Hardeman","0","1","Tennessee","3/30/20","0","1","47069","1"
"Hardin","0","1","Tennessee","3/30/20","1","0","47071","0"
"Hawkins","0","2","Tennessee","3/30/20","0","2","47073","1"
"Haywood","0","2","Tennessee","3/30/20","0","2","47075","1"
"Henry","0","1","Tennessee","3/30/20","0","1","47079","1"
"Houston","0","2","Tennessee","3/30/20","1","1","47083","100"
"Jefferson","0","5","Tennessee","3/30/20","3","2","47089","66.67"
"Johnson","0","2","Tennessee","3/30/20","0","2","47091","1"
"Knox","6","57","Tennessee","3/30/20","12","45","47093","375"
"Lewis","0","2","Tennessee","3/30/20","0","2","47101","1"
"Lincoln","0","1","Tennessee","3/30/20","1","0","47103","0"
"Loudon","1","8","Tennessee","3/30/20","1","7","47105","700"
"Macon","0","3","Tennessee","3/30/20","0","3","47111","1"
"Madison","0","3","Tennessee","3/30/20","0","3","47113","1"
"Marion","1","5","Tennessee","3/30/20","1","4","47115","400"
"Maury","0","8","Tennessee","3/30/20","6","2","47119","33.33"
"McMinn","0","3","Tennessee","3/30/20","2","1","47107","50"
"McNairy","0","1","Tennessee","3/30/20","0","1","47109","1"
"Meigs","0","1","Tennessee","3/30/20","0","1","47121","1"
"Monroe","0","3","Tennessee","3/30/20","2","1","47123","50"
"Montgomery","1","13","Tennessee","3/30/20","3","10","47125","333.33"
"Morgan","0","1","Tennessee","3/30/20","0","1","47129","1"
"Obion","0","1","Tennessee","3/30/20","0","1","47131","1"
"Out of TN","9","150","Tennessee","3/30/20","89","61","80047","68.54"
"Overton","0","2","Tennessee","3/30/20","0","2","47133","1"
"Perry","0","2","Tennessee","3/30/20","2","0","47135","0"
"Putnam","2","17","Tennessee","3/30/20","6","11","47141","183.33"
"Roane","0","2","Tennessee","3/30/20","1","1","47145","100"
"Robertson","3","25","Tennessee","3/30/20","6","19","47147","316.67"
"Rutherford","6","48","Tennessee","3/30/20","9","39","47149","433.33"
"Scott","0","2","Tennessee","3/30/20","1","1","47151","100"
"Sevier","1","6","Tennessee","3/30/20","1","5","47155","500"
"Shelby","43","396","Tennessee","3/30/20","93","303","47157","325.81"
"Smith","0","1","Tennessee","3/30/20","0","1","47159","1"
"Sullivan","1","8","Tennessee","3/30/20","2","6","47163","300"
"Sumner","21","179","Tennessee","3/30/20","34","145","47165","426.47"
"Tipton","1","15","Tennessee","3/30/20","6","9","47167","150"
"Trousdale","0","1","Tennessee","3/30/20","0","1","47169","1"
"Unicoi","0","1","Tennessee","3/30/20","0","1","47171","1"
"Union","0","1","Tennessee","3/30/20","0","1","47173","1"
"Washington","1","14","Tennessee","3/30/20","6","8","47179","133.33"
"Weakley","0","1","Tennessee","3/30/20","1","0","47183","0"
"White","0","1","Tennessee","3/30/20","0","1","47185","1"
"Williamson","7","101","Tennessee","3/30/20","53","48","47187","90.57"
"Wilson","3","27","Tennessee","3/30/20","6","21","47189","350"
"Angelina","0","3","Texas","3/30/20","0","3","48005","1"
"Aransas","0","2","Texas","3/30/20","0","2","48007","1"
"Atascosa","0","2","Texas","3/30/20","2","0","48013","0"
"Austin","0","2","Texas","3/30/20","0","2","48015","1"
"Bastrop","1","6","Texas","3/30/20","0","6","48021","1"
"Bell","3","36","Texas","3/30/20","16","20","48027","125"
"Bexar","14","157","Texas","3/30/20","57","100","48029","175.44"
"Blanco","0","1","Texas","3/30/20","1","0","48031","0"
"Bowie","0","4","Texas","3/30/20","1","3","48037","300"
"Brazoria","7","68","Texas","3/30/20","16","52","48039","325"
"Brazos","5","46","Texas","3/30/20","12","34","48041","283.33"
"Brown","0","3","Texas","3/30/20","2","1","48049","50"
"Burleson","0","1","Texas","3/30/20","0","1","48051","1"
"Burnet","0","3","Texas","3/30/20","1","2","48053","200"
"Caldwell","0","1","Texas","3/30/20","0","1","48055","1"
"Calhoun","1","6","Texas","3/30/20","0","6","48057","1"
"Cameron","2","20","Texas","3/30/20","6","14","48061","233.33"
"Cass","0","2","Texas","3/30/20","0","2","48067","1"
"Castro","1","8","Texas","3/30/20","2","6","48069","300"
"Chambers","1","5","Texas","3/30/20","1","4","48071","400"
"Cherokee","0","1","Texas","3/30/20","0","1","48073","1"
"Collin","14","134","Texas","3/30/20","38","96","48085","252.63"
"Comal","1","11","Texas","3/30/20","3","8","48091","266.67"
"Comanche","0","1","Texas","3/30/20","0","1","48093","1"
"Coryell","0","1","Texas","3/30/20","0","1","48099","1"
"Crane","0","2","Texas","3/30/20","1","1","48103","100"
"Dallas","56","549","Texas","3/30/20","155","394","48113","254.19"
"Dawson","0","3","Texas","3/30/20","0","3","48115","1"
"Deaf Smith","0","2","Texas","3/30/20","1","1","48117","100"
"Denton","19","165","Texas","3/30/20","30","135","48121","450"
"DeWitt","0","3","Texas","3/30/20","1","2","48123","200"
"Eastland","0","4","Texas","3/30/20","1","3","48133","300"
"Ector","1","7","Texas","3/30/20","0","7","48135","1"
"El Paso","4","40","Texas","3/30/20","9","31","48141","344.44"
"Ellis","2","15","Texas","3/30/20","3","12","48139","400"
"Erath","0","3","Texas","3/30/20","1","2","48143","200"
"Falls","0","1","Texas","3/30/20","1","0","48145","0"
"Fannin","0","1","Texas","3/30/20","1","0","48147","0"
"Fayette","0","1","Texas","3/30/20","1","0","48149","0"
"Fort Bend","13","119","Texas","3/30/20","29","90","48157","310.34"
"Franklin","0","1","Texas","3/30/20","0","1","48159","1"
"Gaines","0","1","Texas","3/30/20","1","0","48165","0"
"Galveston","7","70","Texas","3/30/20","18","52","48167","288.89"
"Grayson","1","7","Texas","3/30/20","2","5","48181","250"
"Gregg","1","5","Texas","3/30/20","1","4","48183","400"
"Grimes","0","2","Texas","3/30/20","2","0","48185","0"
"Guadalupe","2","13","Texas","3/30/20","2","11","48187","550"
"Hale","0","1","Texas","3/30/20","0","1","48189","1"
"Hardin","1","9","Texas","3/30/20","2","7","48199","350"
"Harris","69","563","Texas","3/30/20","78","485","48201","621.79"
"Harrison","0","1","Texas","3/30/20","0","1","48203","1"
"Hays","1","16","Texas","3/30/20","7","9","48209","128.57"
"Henderson","0","1","Texas","3/30/20","0","1","48213","1"
"Hidalgo","4","28","Texas","3/30/20","2","26","48215","1300"
"Hill","0","1","Texas","3/30/20","0","1","48217","1"
"Hockley","1","7","Texas","3/30/20","3","4","48219","133.33"
"Hood","0","3","Texas","3/30/20","0","3","48221","1"
"Hopkins","0","2","Texas","3/30/20","0","2","48223","1"
"Hunt","0","3","Texas","3/30/20","0","3","48231","1"
"Jackson","0","1","Texas","3/30/20","0","1","48239","1"
"Jasper","0","1","Texas","3/30/20","0","1","48241","1"
"Jefferson","2","18","Texas","3/30/20","6","12","48245","200"
"Johnson","1","8","Texas","3/30/20","2","6","48251","300"
"Karnes","0","2","Texas","3/30/20","0","2","48255","1"
"Kaufman","0","3","Texas","3/30/20","0","3","48257","1"
"Kendall","1","7","Texas","3/30/20","1","6","48259","600"
"Kleberg","0","1","Texas","3/30/20","0","1","48273","1"
"Lamar","0","3","Texas","3/30/20","1","2","48277","200"
"Lamb","0","1","Texas","3/30/20","0","1","48279","1"
"Lavaca","0","1","Texas","3/30/20","1","0","48285","0"
"Leon","0","1","Texas","3/30/20","0","1","48289","1"
"Liberty","0","2","Texas","3/30/20","1","1","48291","100"
"Limestone","0","2","Texas","3/30/20","0","2","48293","1"
"Llano","0","3","Texas","3/30/20","0","3","48299","1"
"Lubbock","6","51","Texas","3/30/20","9","42","48303","466.67"
"Lynn","0","2","Texas","3/30/20","0","2","48305","1"
"Martin","0","1","Texas","3/30/20","0","1","48317","1"
"Matagorda","2","20","Texas","3/30/20","4","16","48321","400"
"Maverick","0","1","Texas","3/30/20","1","0","48323","0"
"McLennan","3","36","Texas","3/30/20","16","20","48309","125"
"Medina","0","3","Texas","3/30/20","1","2","48325","200"
"Midland","2","13","Texas","3/30/20","1","12","48329","1200"
"Milam","0","2","Texas","3/30/20","2","0","48331","0"
"Montague","0","1","Texas","3/30/20","0","1","48337","1"
"Montgomery","9","81","Texas","3/30/20","19","62","48339","326.32"
"Moore","0","1","Texas","3/30/20","0","1","48341","1"
"Morris","0","1","Texas","3/30/20","0","1","48343","1"
"Nacogdoches","0","2","Texas","3/30/20","0","2","48347","1"
"Navarro","0","3","Texas","3/30/20","0","3","48349","1"
"Nueces","3","22","Texas","3/30/20","1","21","48355","2100"
"Oldham","0","2","Texas","3/30/20","1","1","48359","100"
"Orange","1","5","Texas","3/30/20","1","4","48361","400"
"Parker","0","4","Texas","3/30/20","1","3","48367","300"
"Polk","0","1","Texas","3/30/20","0","1","48373","1"
"Potter","0","5","Texas","3/30/20","2","3","48375","150"
"Randall","1","6","Texas","3/30/20","2","4","48381","200"
"Robertson","0","2","Texas","3/30/20","1","1","48395","100"
"Rockwall","1","4","Texas","3/30/20","0","4","48397","1"
"Rusk","0","3","Texas","3/30/20","1","2","48401","200"
"San Jacinto","0","1","Texas","3/30/20","0","1","48407","1"
"San Patricio","0","2","Texas","3/30/20","0","2","48409","1"
"Shelby","0","2","Texas","3/30/20","0","2","48419","1"
"Smith","3","32","Texas","3/30/20","10","22","48423","220"
"Starr","0","2","Texas","3/30/20","0","2","48427","1"
"Swisher","0","1","Texas","3/30/20","0","1","48437","1"
"Tarrant","26","238","Texas","3/30/20","57","181","48439","317.54"
"Taylor","2","11","Texas","3/30/20","0","11","48441","1"
"Terry","1","4","Texas","3/30/20","0","4","48445","1"
"Tom Green","1","6","Texas","3/30/20","0","6","48451","1"
"Travis","18","206","Texas","3/30/20","79","127","48453","160.76"
"Upshur","0","2","Texas","3/30/20","0","2","48459","1"
"Uvalde","0","2","Texas","3/30/20","0","2","48463","1"
"Val Verde","1","5","Texas","3/30/20","0","5","48465","1"
"Van Zandt","0","2","Texas","3/30/20","1","1","48467","100"
"Victoria","1","6","Texas","3/30/20","0","6","48469","1"
"Walker","0","3","Texas","3/30/20","1","2","48471","200"
"Waller","0","3","Texas","3/30/20","1","2","48473","200"
"Washington","1","8","Texas","3/30/20","0","8","48477","1"
"Webb","4","35","Texas","3/30/20","4","31","48479","775"
"Wharton","1","6","Texas","3/30/20","1","5","48481","500"
"Wichita","3","28","Texas","3/30/20","5","23","48485","460"
"Willacy","0","2","Texas","3/30/20","0","2","48489","1"
"Williamson","3","37","Texas","3/30/20","14","23","48491","164.29"
"Wilson","0","2","Texas","3/30/20","0","2","48493","1"
"Wise","0","1","Texas","3/30/20","0","1","48497","1"
"Young","0","1","Texas","3/30/20","0","1","48503","1"
"Bear River","1","7","Utah","3/30/20","1","6","00000","600"
"Cache","0","0","Utah","3/30/20","3","-3","49005","-100"
"Davis","7","77","Utah","3/30/20","29","48","49011","165.52"
"Out of UT","1","19","Utah","3/30/20","13","6","80049","46.15"
"Salt Lake","36","360","Utah","3/30/20","109","251","49035","230.28"
"San Juan","1","4","Utah","3/30/20","0","4","49037","1"
"Summit","15","167","Utah","3/30/20","65","102","49043","156.92"
"Tooele","1","9","Utah","3/30/20","2","7","49045","350"
"Utah","7","57","Utah","3/30/20","11","46","49049","418.18"
"Wasatch","5","44","Utah","3/30/20","11","33","49051","300"
"Washington","1","15","Utah","3/30/20","5","10","49053","200"
"Weber-Morgan","4","39","Utah","3/30/20","8","31","00000","387.5"
"Addison","2","17","Vermont","3/30/20","6","11","50001","183.33"
"Bennington","2","16","Vermont","3/30/20","4","12","50003","300"
"Caledonia","0","2","Vermont","3/30/20","1","1","50005","100"
"Chittenden","12","117","Vermont","3/30/20","32","85","50007","265.62"
"Franklin","1","9","Vermont","3/30/20","2","7","50011","350"
"Lamoille","2","12","Vermont","3/30/20","1","11","50015","1100"
"Orange","0","3","Vermont","3/30/20","3","0","50017","0"
"Orleans","0","5","Vermont","3/30/20","2","3","50019","150"
"Rutland","0","6","Vermont","3/30/20","4","2","50021","50"
"Washington","1","12","Vermont","3/30/20","3","9","50023","300"
"Windham","1","11","Vermont","3/30/20","5","6","50025","120"
"Windsor","1","18","Vermont","3/30/20","12","6","50027","50"
"","3","30","Virgin Islands","3/30/20","7","23",,"328.57"
"Accomack","1","6","Virginia","3/30/20","1","5","51001","500"
"Albemarle","2","19","Virginia","3/30/20","2","17","51003","850"
"Alexandria","3","26","Virginia","3/30/20","6","20","51510","333.33"
"Alleghany","0","1","Virginia","3/30/20","0","1","51005","1"
"Amelia","0","1","Virginia","3/30/20","0","1","51007","1"
"Amherst","0","3","Virginia","3/30/20","1","2","51009","200"
"Arlington","7","86","Virginia","3/30/20","34","52","51013","152.94"
"Bedford","0","2","Virginia","3/30/20","1","1","51019","100"
"Botetourt","1","5","Virginia","3/30/20","1","4","51023","400"
"Bristol","0","1","Virginia","3/30/20","0","1","51520","1"
"Charles City","0","1","Virginia","3/30/20","1","0","51036","0"
"Charlottesville","1","13","Virginia","3/30/20","4","9","51540","225"
"Chesapeake","3","18","Virginia","3/30/20","0","18","51550","1"
"Chesterfield","2","21","Virginia","3/30/20","9","12","51041","133.33"
"Culpeper","0","3","Virginia","3/30/20","2","1","51047","50"
"Danville","0","4","Virginia","3/30/20","1","3","51590","300"
"Fairfax","26","224","Virginia","3/30/20","43","181","51059","420.93"
"Fairfax City","0","1","Virginia","3/30/20","0","1","51600","1"
"Fauquier","1","6","Virginia","3/30/20","0","6","51061","1"
"Fluvanna","0","3","Virginia","3/30/20","1","2","51065","200"
"Franklin","1","5","Virginia","3/30/20","1","4","51067","400"
"Frederick","1","10","Virginia","3/30/20","0","10","51069","1"
"Fredericksburg","0","1","Virginia","3/30/20","0","1","51630","1"
"Galax","0","1","Virginia","3/30/20","0","1","51640","1"
"Gloucester","1","7","Virginia","3/30/20","2","5","51073","250"
"Goochland","1","6","Virginia","3/30/20","2","4","51075","200"
"Greene","0","1","Virginia","3/30/20","0","1","51079","1"
"Greensville","0","3","Virginia","3/30/20","0","3","51081","1"
"Halifax","0","1","Virginia","3/30/20","0","1","51083","1"
"Hampton","1","9","Virginia","3/30/20","0","9","51650","1"
"Hanover","0","5","Virginia","3/30/20","2","3","51085","150"
"Harrisonburg","1","6","Virginia","3/30/20","1","5","51660","500"
"Henrico","5","44","Virginia","3/30/20","11","33","51087","300"
"Henry","0","1","Virginia","3/30/20","0","1","51089","1"
"Hopewell","0","3","Virginia","3/30/20","0","3","51670","1"
"Isle of Wight","0","3","Virginia","3/30/20","1","2","51093","200"
"James City","6","73","Virginia","3/30/20","34","39","51095","114.71"
"King George","0","3","Virginia","3/30/20","0","3","51099","1"
"King William","0","1","Virginia","3/30/20","0","1","51101","1"
"Lancaster","0","1","Virginia","3/30/20","0","1","51103","1"
"Lee","0","2","Virginia","3/30/20","2","0","51105","0"
"Loudoun","7","61","Virginia","3/30/20","15","46","51107","306.67"
"Louisa","1","8","Virginia","3/30/20","2","6","51109","300"
"Lynchburg","1","4","Virginia","3/30/20","0","4","51680","1"
"Madison","0","3","Virginia","3/30/20","0","3","51113","1"
"Manassas","1","7","Virginia","3/30/20","0","7","51683","1"
"Manassas Park","0","1","Virginia","3/30/20","0","1","51685","1"
"Mathews","0","2","Virginia","3/30/20","0","2","51115","1"
"Mecklenburg","0","4","Virginia","3/30/20","1","3","51117","300"
"Montgomery","0","1","Virginia","3/30/20","0","1","51121","1"
"Nelson","0","2","Virginia","3/30/20","0","2","51125","1"
"New Kent","0","1","Virginia","3/30/20","0","1","51127","1"
"Newport News","2","18","Virginia","3/30/20","2","16","51700","800"
"Norfolk","2","17","Virginia","3/30/20","5","12","51710","240"
"Northampton","0","1","Virginia","3/30/20","0","1","51131","1"
"Northumberland","0","2","Virginia","3/30/20","0","2","51133","1"
"Nottoway","0","1","Virginia","3/30/20","0","1","51135","1"
"Orange","0","1","Virginia","3/30/20","0","1","51137","1"
"Petersburg","0","2","Virginia","3/30/20","0","2","51730","1"
"Pittsylvania","0","1","Virginia","3/30/20","0","1","51143","1"
"Poquoson","0","2","Virginia","3/30/20","0","2","51735","1"
"Portsmouth","1","4","Virginia","3/30/20","0","4","51740","1"
"Powhatan","0","3","Virginia","3/30/20","0","3","51145","1"
"Prince Edward","0","2","Virginia","3/30/20","1","1","51147","100"
"Prince George","1","5","Virginia","3/30/20","0","5","51149","1"
"Prince William","9","79","Virginia","3/30/20","18","61","51153","338.89"
"Radford","0","1","Virginia","3/30/20","0","1","51750","1"
"Richmond City","2","25","Virginia","3/30/20","8","17","51760","212.5"
"Roanoke","0","2","Virginia","3/30/20","0","2","51161","1"
"Roanoke City","1","6","Virginia","3/30/20","0","6","51770","1"
"Rockbridge","0","2","Virginia","3/30/20","1","1","51163","100"
"Rockingham","0","5","Virginia","3/30/20","2","3","51165","150"
"Shenandoah","1","6","Virginia","3/30/20","0","6","51171","1"
"Smyth","0","1","Virginia","3/30/20","0","1","51173","1"
"Southampton","0","1","Virginia","3/30/20","0","1","51175","1"
"Spotsylvania","1","6","Virginia","3/30/20","2","4","51177","200"
"Stafford","2","20","Virginia","3/30/20","6","14","51179","233.33"
"Suffolk","0","3","Virginia","3/30/20","1","2","51800","200"
"Tazewell","0","2","Virginia","3/30/20","0","2","51185","1"
"Virginia Beach","5","52","Virginia","3/30/20","17","35","51810","205.88"
"Warren","0","2","Virginia","3/30/20","0","2","51187","1"
"Washington","0","2","Virginia","3/30/20","0","2","51191","1"
"Williamsburg","0","7","Virginia","3/30/20","5","2","51830","40"
"Winchester","0","3","Virginia","3/30/20","0","3","51840","1"
"Wythe","0","1","Virginia","3/30/20","0","1","51197","1"
"York","1","11","Virginia","3/30/20","5","6","51199","120"
"Adams","1","7","Washington","3/30/20","1","6","53001","600"
"Benton","13","102","Washington","3/30/20","9","93","53005","1033.33"
"Chelan","1","14","Washington","3/30/20","6","8","53007","133.33"
"Clallam","0","6","Washington","3/30/20","4","2","53009","50"
"Clark","11","90","Washington","3/30/20","13","77","53011","592.31"
"Columbia","0","1","Washington","3/30/20","1","0","53013","0"
"Cowlitz","2","14","Washington","3/30/20","3","11","53015","366.67"
"Douglas","1","5","Washington","3/30/20","1","4","53017","400"
"Ferry","0","1","Washington","3/30/20","0","1","53019","1"
"Franklin","5","37","Washington","3/30/20","5","32","53021","640"
"Grant","5","59","Washington","3/30/20","23","36","53025","156.52"
"Grays Harbor","0","1","Washington","3/30/20","1","0","53027","0"
"Island","11","105","Washington","3/30/20","25","80","53029","320"
"Jefferson","1","14","Washington","3/30/20","6","8","53031","133.33"
"King","142","2161","Washington","3/30/20","1170","991","53033","84.7"
"Kitsap","5","56","Washington","3/30/20","18","38","53035","211.11"
"Kittitas","1","9","Washington","3/30/20","4","5","53037","125"
"Klickitat","1","8","Washington","3/30/20","4","4","53039","100"
"Lewis","1","10","Washington","3/30/20","2","8","53041","400"
"Lincoln","0","1","Washington","3/30/20","1","0","53043","0"
"Mason","0","2","Washington","3/30/20","1","1","53045","100"
"Okanogan","0","3","Washington","3/30/20","0","3","53047","1"
"Pierce","27","317","Washington","3/30/20","126","191","53053","151.59"
"San Juan","0","4","Washington","3/30/20","1","3","53055","300"
"Skagit","10","101","Washington","3/30/20","33","68","53057","206.06"
"Skamania","0","1","Washington","3/30/20","0","1","53059","1"
"Snohomish","78","1068","Washington","3/30/20","519","549","53061","105.78"
"Spokane","17","136","Washington","3/30/20","20","116","53063","580"
"Stevens","0","3","Washington","3/30/20","1","2","53065","200"
"Thurston","4","36","Washington","3/30/20","11","25","53067","227.27"
"Walla Walla","1","6","Washington","3/30/20","1","5","53071","500"
"Whatcom","10","116","Washington","3/30/20","48","68","53073","141.67"
"Whitman","1","8","Washington","3/30/20","2","6","53075","300"
"Yakima","19","147","Washington","3/30/20","16","131","53077","818.75"
"Berkeley","2","14","West Virginia","3/30/20","0","14","54003","1"
"Cabell","0","1","West Virginia","3/30/20","0","1","54011","1"
"Greenbrier","0","3","West Virginia","3/30/20","0","3","54025","1"
"Hancock","0","3","West Virginia","3/30/20","0","3","54029","1"
"Harrison","1","10","West Virginia","3/30/20","0","10","54033","1"
"Jackson","1","8","West Virginia","3/30/20","1","7","54035","700"
"Jefferson","0","6","West Virginia","3/30/20","3","3","54037","100"
"Kanawha","3","23","West Virginia","3/30/20","3","20","54039","666.67"
"Logan","0","2","West Virginia","3/30/20","0","2","54045","1"
"Marion","1","5","West Virginia","3/30/20","0","5","54049","1"
"Marshall","0","4","West Virginia","3/30/20","2","2","54051","100"
"Mason","0","3","West Virginia","3/30/20","0","3","54053","1"
"Mercer","0","2","West Virginia","3/30/20","2","0","54055","0"
"Monongalia","4","31","West Virginia","3/30/20","2","29","54061","1450"
"Morgan","0","1","West Virginia","3/30/20","0","1","54065","1"
"Ohio","1","9","West Virginia","3/30/20","0","9","54069","1"
"Pleasants","0","1","West Virginia","3/30/20","0","1","54073","1"
"Preston","0","2","West Virginia","3/30/20","0","2","54077","1"
"Putnam","0","4","West Virginia","3/30/20","1","3","54079","300"
"Raleigh","0","3","West Virginia","3/30/20","0","3","54081","1"
"Randolph","0","1","West Virginia","3/30/20","0","1","54083","1"
"Roane","0","2","West Virginia","3/30/20","0","2","54087","1"
"Tucker","0","2","West Virginia","3/30/20","2","0","54093","0"
"Upshur","0","1","West Virginia","3/30/20","0","1","54097","1"
"Wetzel","0","1","West Virginia","3/30/20","0","1","54103","1"
"Wirt","0","1","West Virginia","3/30/20","0","1","54105","1"
"Wood","0","2","West Virginia","3/30/20","0","2","54107","1"
"Bayfield","0","2","Wisconsin","3/30/20","1","1","55007","100"
"Brown","1","7","Wisconsin","3/30/20","3","4","55009","133.33"
"Calumet","0","1","Wisconsin","3/30/20","1","0","55015","0"
"Chippewa","1","7","Wisconsin","3/30/20","1","6","55017","600"
"Clark","0","3","Wisconsin","3/30/20","0","3","55019","1"
"Columbia","1","9","Wisconsin","3/30/20","5","4","55021","80"
"Dane","17","192","Wisconsin","3/30/20","70","122","55025","174.29"
"Dodge","1","8","Wisconsin","3/30/20","2","6","55027","300"
"Douglas","1","6","Wisconsin","3/30/20","2","4","55031","200"
"Dunn","0","3","Wisconsin","3/30/20","1","2","55033","200"
"Eau Claire","1","10","Wisconsin","3/30/20","4","6","55035","150"
"Fond du Lac","1","21","Wisconsin","3/30/20","16","5","55039","31.25"
"Grant","0","1","Wisconsin","3/30/20","0","1","55043","1"
"Green","1","5","Wisconsin","3/30/20","1","4","55045","400"
"Iowa","0","3","Wisconsin","3/30/20","0","3","55049","1"
"Iron","0","1","Wisconsin","3/30/20","0","1","55051","1"
"Jackson","0","2","Wisconsin","3/30/20","0","2","55053","1"
"Jefferson","1","10","Wisconsin","3/30/20","2","8","55055","400"
"Juneau","0","3","Wisconsin","3/30/20","0","3","55057","1"
"Kenosha","3","30","Wisconsin","3/30/20","12","18","55059","150"
"La Crosse","2","16","Wisconsin","3/30/20","5","11","55063","220"
"Marathon","0","2","Wisconsin","3/30/20","1","1","55073","100"
"Marinette","0","1","Wisconsin","3/30/20","0","1","55075","1"
"Marquette","0","2","Wisconsin","3/30/20","0","2","55077","1"
"Milwaukee","59","617","Wisconsin","3/30/20","204","413","55079","202.45"
"Monroe","0","1","Wisconsin","3/30/20","0","1","55081","1"
"Oneida","0","3","Wisconsin","3/30/20","0","3","55085","1"
"Outagamie","1","9","Wisconsin","3/30/20","2","7","55087","350"
"Ozaukee","3","36","Wisconsin","3/30/20","14","22","55089","157.14"
"Pierce","0","6","Wisconsin","3/30/20","3","3","55093","100"
"Portage","0","1","Wisconsin","3/30/20","0","1","55097","1"
"Racine","2","21","Wisconsin","3/30/20","5","16","55101","320"
"Richland","0","2","Wisconsin","3/30/20","0","2","55103","1"
"Rock","2","15","Wisconsin","3/30/20","3","12","55105","400"
"Sauk","1","13","Wisconsin","3/30/20","3","10","55111","333.33"
"Sheboygan","0","8","Wisconsin","3/30/20","6","2","55117","33.33"
"St. Croix","0","4","Wisconsin","3/30/20","3","1","55109","33.33"
"Vilas","0","3","Wisconsin","3/30/20","0","3","55125","1"
"Walworth","0","6","Wisconsin","3/30/20","3","3","55127","100"
"Washington","3","34","Wisconsin","3/30/20","15","19","55131","126.67"
"Waukesha","9","93","Wisconsin","3/30/20","31","62","55133","200"
"Waupaca","0","1","Wisconsin","3/30/20","0","1","55135","1"
"Winnebago","1","10","Wisconsin","3/30/20","5","5","55139","100"
"Wood","0","2","Wisconsin","3/30/20","1","1","55141","100"
"Albany","0","1","Wyoming","3/30/20","0","1","56001","1"
"Campbell","0","1","Wyoming","3/30/20","1","0","56005","0"
"Carbon","0","3","Wyoming","3/30/20","1","2","56007","200"
"Converse","0","1","Wyoming","3/30/20","0","1","56009","1"
"Fremont","2","24","Wyoming","3/30/20","10","14","56013","140"
"Goshen","0","1","Wyoming","3/30/20","0","1","56015","1"
"Johnson","1","5","Wyoming","3/30/20","0","5","56019","1"
"Laramie","2","20","Wyoming","3/30/20","6","14","56021","233.33"
"Natrona","1","10","Wyoming","3/30/20","1","9","56025","900"
"Park","0","1","Wyoming","3/30/20","1","0","56029","0"
"Sheridan","1","8","Wyoming","3/30/20","4","4","56033","100"
"Sublette","0","1","Wyoming","3/30/20","0","1","56035","1"
"Sweetwater","0","1","Wyoming","3/30/20","0","1","56037","1"
"Teton","2","16","Wyoming","3/30/20","2","14","56039","700"
"Washakie","0","1","Wyoming","3/30/20","0","1","56043","1"
