"Locality","DailyAvgNewCasesPast7Days","TotalCases","State","Date","TotalCases7DaysAgo","NewCasesPast7Days","FIPS-Code","PercentIncreaseTotalCasesPast7Days"
"Autauga","1","7","Alabama","3/31/20","1","6","01001","600"
"Baldwin","2","19","Alabama","3/31/20","4","15","01003","375"
"Bibb","0","3","Alabama","3/31/20","0","3","01007","1"
"Blount","1","5","Alabama","3/31/20","0","5","01009","1"
"Bullock","0","3","Alabama","3/31/20","0","3","01011","1"
"Butler","0","1","Alabama","3/31/20","0","1","01013","1"
"Calhoun","1","9","Alabama","3/31/20","2","7","01015","350"
"Chambers","4","36","Alabama","3/31/20","5","31","01017","620"
"Cherokee","0","2","Alabama","3/31/20","0","2","01019","1"
"Chilton","2","11","Alabama","3/31/20","0","11","01021","1"
"Choctaw","0","3","Alabama","3/31/20","0","3","01023","1"
"Clay","0","2","Alabama","3/31/20","0","2","01027","1"
"Cleburne","1","5","Alabama","3/31/20","0","5","01029","1"
"Colbert","1","4","Alabama","3/31/20","0","4","01033","1"
"Coosa","1","4","Alabama","3/31/20","0","4","01037","1"
"Covington","0","2","Alabama","3/31/20","0","2","01039","1"
"Crenshaw","0","1","Alabama","3/31/20","0","1","01041","1"
"Cullman","1","8","Alabama","3/31/20","3","5","01043","166.67"
"Dallas","0","2","Alabama","3/31/20","0","2","01047","1"
"DeKalb","1","4","Alabama","3/31/20","0","4","01049","1"
"Elmore","1","13","Alabama","3/31/20","8","5","01051","62.5"
"Escambia","0","1","Alabama","3/31/20","0","1","01053","1"
"Etowah","1","8","Alabama","3/31/20","0","8","01055","1"
"Fayette","0","1","Alabama","3/31/20","0","1","01057","1"
"Franklin","0","3","Alabama","3/31/20","1","2","01059","200"
"Greene","0","3","Alabama","3/31/20","0","3","01063","1"
"Hale","0","1","Alabama","3/31/20","0","1","01065","1"
"Houston","1","9","Alabama","3/31/20","1","8","01069","800"
"Jackson","1","8","Alabama","3/31/20","2","6","01071","300"
"Jefferson","26","270","Alabama","3/31/20","91","179","01073","196.7"
"Lamar","0","1","Alabama","3/31/20","1","0","01075","0"
"Lauderdale","1","12","Alabama","3/31/20","3","9","01077","300"
"Lawrence","0","3","Alabama","3/31/20","0","3","01079","1"
"Lee","7","75","Alabama","3/31/20","26","49","01081","188.46"
"Limestone","3","22","Alabama","3/31/20","4","18","01083","450"
"Lowndes","0","1","Alabama","3/31/20","0","1","01085","1"
"Macon","0","1","Alabama","3/31/20","0","1","01087","1"
"Madison","11","99","Alabama","3/31/20","21","78","01089","371.43"
"Marengo","1","4","Alabama","3/31/20","0","4","01091","1"
"Marion","1","9","Alabama","3/31/20","1","8","01093","800"
"Marshall","1","7","Alabama","3/31/20","0","7","01095","1"
"Mobile","7","52","Alabama","3/31/20","6","46","01097","766.67"
"Monroe","0","1","Alabama","3/31/20","0","1","01099","1"
"Montgomery","3","29","Alabama","3/31/20","9","20","01101","222.22"
"Morgan","3","20","Alabama","3/31/20","2","18","01103","900"
"Pickens","1","4","Alabama","3/31/20","0","4","01107","1"
"Pike","1","4","Alabama","3/31/20","0","4","01109","1"
"Randolph","0","2","Alabama","3/31/20","0","2","01111","1"
"Russell","0","1","Alabama","3/31/20","0","1","01113","1"
"Shelby","9","88","Alabama","3/31/20","27","61","01117","225.93"
"St. Clair","2","15","Alabama","3/31/20","4","11","01115","275"
"Sumter","0","1","Alabama","3/31/20","0","1","01119","1"
"Talladega","1","7","Alabama","3/31/20","2","5","01121","250"
"Tallapoosa","1","12","Alabama","3/31/20","2","10","01123","500"
"Tuscaloosa","3","29","Alabama","3/31/20","10","19","01125","190"
"Walker","4","32","Alabama","3/31/20","5","27","01127","540"
"Washington","0","3","Alabama","3/31/20","1","2","01129","200"
"Wilcox","0","3","Alabama","3/31/20","0","3","01131","1"
"Winston","0","2","Alabama","3/31/20","0","2","01133","1"
"Anchorage","6","61","Alaska","3/31/20","17","44","02020","258.82"
"Fairbanks North Star","3","30","Alaska","3/31/20","7","23","02090","328.57"
"Juneau","1","5","Alaska","3/31/20","1","4","02110","400"
"Kenai Peninsula","1","7","Alaska","3/31/20","3","4","02122","133.33"
"Ketchikan Gateway","1","13","Alaska","3/31/20","6","7","02130","116.67"
"Matanuska-Susitna","0","3","Alaska","3/31/20","0","3","02170","1"
"Apache","2","16","Arizona","3/31/20","4","12","04001","300"
"Cochise","0","4","Arizona","3/31/20","1","3","04003","300"
"Coconino","9","81","Arizona","3/31/20","18","63","04005","350"
"Gila","0","1","Arizona","3/31/20","0","1","04007","1"
"Graham","0","2","Arizona","3/31/20","2","0","04009","0"
"Greenlee","0","1","Arizona","3/31/20","0","1","04011","1"
"La Paz","0","2","Arizona","3/31/20","0","2","04012","1"
"Maricopa","84","788","Arizona","3/31/20","199","589","04013","295.98"
"Mohave","1","7","Arizona","3/31/20","0","7","04015","1"
"Navajo","8","91","Arizona","3/31/20","32","59","04017","184.38"
"Pima","23","202","Arizona","3/31/20","42","160","04019","380.95"
"Pinal","6","62","Arizona","3/31/20","22","40","04021","181.82"
"Santa Cruz","0","2","Arizona","3/31/20","1","1","04023","100"
"Yavapai","3","21","Arizona","3/31/20","3","18","04025","600"
"Yuma","1","9","Arizona","3/31/20","2","7","04027","350"
"Arkansas","0","1","Arkansas","3/31/20","0","1","05001","1"
"Ashley","0","1","Arkansas","3/31/20","0","1","05003","1"
"Baxter","0","1","Arkansas","3/31/20","0","1","05005","1"
"Benton","5","38","Arkansas","3/31/20","1","37","05007","3700"
"Boone","0","1","Arkansas","3/31/20","1","0","05009","0"
"Bradley","0","4","Arkansas","3/31/20","4","0","05011","0"
"Chicot","0","1","Arkansas","3/31/20","0","1","05017","1"
"Clark","3","24","Arkansas","3/31/20","6","18","05019","300"
"Cleburne","4","61","Arkansas","3/31/20","32","29","05023","90.62"
"Cleveland","0","5","Arkansas","3/31/20","3","2","05025","66.67"
"Columbia","0","1","Arkansas","3/31/20","1","0","05027","0"
"Conway","0","1","Arkansas","3/31/20","1","0","05029","0"
"Craighead","1","8","Arkansas","3/31/20","4","4","05031","100"
"Crawford","0","1","Arkansas","3/31/20","1","0","05033","0"
"Crittenden","2","17","Arkansas","3/31/20","1","16","05035","1600"
"Cross","0","1","Arkansas","3/31/20","1","0","05037","0"
"Desha","0","2","Arkansas","3/31/20","2","0","05041","0"
"Drew","0","1","Arkansas","3/31/20","0","1","05043","1"
"Faulkner","3","36","Arkansas","3/31/20","14","22","05045","157.14"
"Garland","3","31","Arkansas","3/31/20","10","21","05051","210"
"Grant","0","3","Arkansas","3/31/20","3","0","05053","0"
"Greene","0","1","Arkansas","3/31/20","1","0","05055","0"
"Hempstead","0","1","Arkansas","3/31/20","1","0","05057","0"
"Hot Spring","0","1","Arkansas","3/31/20","0","1","05059","1"
"Howard","0","1","Arkansas","3/31/20","0","1","05061","1"
"Independence","0","3","Arkansas","3/31/20","3","0","05063","0"
"Jefferson","2","33","Arkansas","3/31/20","21","12","05069","57.14"
"Johnson","0","1","Arkansas","3/31/20","0","1","05071","1"
"Lawrence","0","1","Arkansas","3/31/20","1","0","05075","0"
"Lincoln","1","6","Arkansas","3/31/20","2","4","05079","200"
"Lonoke","0","1","Arkansas","3/31/20","0","1","05085","1"
"Nevada","0","1","Arkansas","3/31/20","0","1","05099","1"
"Newton","0","1","Arkansas","3/31/20","0","1","05101","1"
"Perry","0","1","Arkansas","3/31/20","0","1","05105","1"
"Pike","0","1","Arkansas","3/31/20","1","0","05109","0"
"Poinsett","0","5","Arkansas","3/31/20","3","2","05111","66.67"
"Polk","0","1","Arkansas","3/31/20","1","0","05113","0"
"Pope","1","5","Arkansas","3/31/20","1","4","05115","400"
"Pulaski","5","102","Arkansas","3/31/20","64","38","05119","59.38"
"Randolph","0","1","Arkansas","3/31/20","0","1","05121","1"
"Saline","1","10","Arkansas","3/31/20","4","6","05125","150"
"Searcy","0","2","Arkansas","3/31/20","2","0","05129","0"
"Sebastian","1","7","Arkansas","3/31/20","1","6","05131","600"
"Sevier","0","1","Arkansas","3/31/20","1","0","05133","0"
"St. Francis","0","1","Arkansas","3/31/20","0","1","05123","1"
"Stone","1","5","Arkansas","3/31/20","1","4","05137","400"
"Union","1","8","Arkansas","3/31/20","1","7","05139","700"
"Van Buren","2","19","Arkansas","3/31/20","5","14","05141","280"
"Washington","2","19","Arkansas","3/31/20","5","14","05143","280"
"White","1","10","Arkansas","3/31/20","1","9","05145","900"
"Woodruff","0","1","Arkansas","3/31/20","1","0","05147","0"
"Alameda","25","313","California","3/31/20","135","178","06001","131.85"
"Amador","0","2","California","3/31/20","2","0","06005","0"
"Butte","1","8","California","3/31/20","2","6","06007","300"
"Calaveras","0","3","California","3/31/20","2","1","06009","50"
"Colusa","0","1","California","3/31/20","0","1","06011","1"
"Contra Costa","18","212","California","3/31/20","86","126","06013","146.51"
"El Dorado","2","15","California","3/31/20","2","13","06017","650"
"Fresno","6","53","California","3/31/20","13","40","06019","307.69"
"Glenn","0","2","California","3/31/20","0","2","06021","1"
"Humboldt","2","21","California","3/31/20","4","17","06023","425"
"Imperial","4","33","California","3/31/20","6","27","06025","450"
"Inyo","1","8","California","3/31/20","0","8","06027","1"
"Kern","10","83","California","3/31/20","13","70","06029","538.46"
"Kings","0","3","California","3/31/20","0","3","06031","1"
"Los Angeles","337","3019","California","3/31/20","662","2357","06037","356.04"
"Madera","2","21","California","3/31/20","6","15","06039","250"
"Marin","7","99","California","3/31/20","47","52","06041","110.64"
"Mendocino","0","4","California","3/31/20","2","2","06045","100"
"Merced","1","10","California","3/31/20","1","9","06047","900"
"Mono","2","13","California","3/31/20","1","12","06051","1200"
"Monterey","3","40","California","3/31/20","20","20","06053","100"
"Napa","2","14","California","3/31/20","2","12","06055","600"
"Nevada","3","21","California","3/31/20","3","18","06057","600"
"Orange","50","502","California","3/31/20","152","350","06059","230.26"
"Placer","5","57","California","3/31/20","20","37","06061","185"
"Riverside","45","371","California","3/31/20","57","314","06065","550.88"
"Sacramento","19","224","California","3/31/20","88","136","06067","154.55"
"San Benito","2","17","California","3/31/20","6","11","06069","183.33"
"San Bernardino","13","125","California","3/31/20","31","94","06071","303.23"
"San Diego","54","603","California","3/31/20","226","377","06073","166.81"
"San Francisco","35","397","California","3/31/20","152","245","06075","161.18"
"San Joaquin","12","136","California","3/31/20","51","85","06077","166.67"
"San Luis Obispo","5","80","California","3/31/20","42","38","06079","90.48"
"San Mateo","21","309","California","3/31/20","161","148","06081","91.93"
"Santa Barbara","10","88","California","3/31/20","18","70","06083","388.89"
"Santa Clara","74","890","California","3/31/20","375","515","06085","137.33"
"Santa Cruz","3","45","California","3/31/20","22","23","06087","104.55"
"Shasta","1","6","California","3/31/20","2","4","06089","200"
"Siskiyou","0","3","California","3/31/20","2","1","06093","50"
"Solano","3","43","California","3/31/20","21","22","06095","104.76"
"Sonoma","6","73","California","3/31/20","29","44","06097","151.72"
"Stanislaus","3","33","California","3/31/20","11","22","06099","200"
"Sutter","1","9","California","3/31/20","0","9","06101","1"
"Tulare","4","43","California","3/31/20","17","26","06107","152.94"
"Tuolumne","0","2","California","3/31/20","0","2","06109","1"
"Ventura","13","126","California","3/31/20","35","91","06111","260"
"Yolo","2","24","California","3/31/20","8","16","06113","200"
"Yuba","0","6","California","3/31/20","3","3","06115","100"
"Adams","22","181","Colorado","3/31/20","27","154","08001","570.37"
"Alamosa","0","1","Colorado","3/31/20","0","1","08003","1"
"Arapahoe","38","333","Colorado","3/31/20","69","264","08005","382.61"
"Archuleta","0","1","Colorado","3/31/20","0","1","08007","1"
"Baca","0","3","Colorado","3/31/20","0","3","08009","1"
"Boulder","8","107","Colorado","3/31/20","49","58","08013","118.37"
"Broomfield","2","20","Colorado","3/31/20","5","15","08014","300"
"Chaffee","2","17","Colorado","3/31/20","3","14","08015","466.67"
"Clear Creek","0","4","Colorado","3/31/20","3","1","08019","33.33"
"Costilla","0","3","Colorado","3/31/20","0","3","08023","1"
"Crowley","0","1","Colorado","3/31/20","1","0","08025","0"
"Delta","0","1","Colorado","3/31/20","1","0","08029","0"
"Denver","52","539","Colorado","3/31/20","176","363","08031","206.25"
"Douglas","13","141","Colorado","3/31/20","53","88","08035","166.04"
"Eagle","19","227","Colorado","3/31/20","96","131","08037","136.46"
"El Paso","26","286","Colorado","3/31/20","106","180","08041","169.81"
"Elbert","0","5","Colorado","3/31/20","3","2","08039","66.67"
"Fremont","0","2","Colorado","3/31/20","1","1","08043","100"
"Garfield","3","33","Colorado","3/31/20","10","23","08045","230"
"Grand","0","4","Colorado","3/31/20","2","2","08049","100"
"Gunnison","6","82","Colorado","3/31/20","40","42","08051","105"
"Hinsdale","0","1","Colorado","3/31/20","1","0","08053","0"
"Huerfano","0","1","Colorado","3/31/20","1","0","08055","0"
"Jefferson","33","304","Colorado","3/31/20","73","231","08059","316.44"
"Kit Carson","0","2","Colorado","3/31/20","0","2","08063","1"
"La Plata","3","23","Colorado","3/31/20","1","22","08067","2200"
"Lake","0","1","Colorado","3/31/20","0","1","08065","1"
"Larimer","8","99","Colorado","3/31/20","43","56","08069","130.23"
"Lincoln","0","1","Colorado","3/31/20","0","1","08073","1"
"Logan","1","6","Colorado","3/31/20","2","4","08075","200"
"Mesa","1","14","Colorado","3/31/20","5","9","08077","180"
"Mineral","0","2","Colorado","3/31/20","0","2","08079","1"
"Moffat","1","4","Colorado","3/31/20","0","4","08081","1"
"Montezuma","0","1","Colorado","3/31/20","0","1","08083","1"
"Montrose","1","13","Colorado","3/31/20","3","10","08085","333.33"
"Morgan","0","4","Colorado","3/31/20","3","1","08087","33.33"
"Otero","0","3","Colorado","3/31/20","0","3","08089","1"
"Park","0","3","Colorado","3/31/20","1","2","08093","200"
"Phillips","0","1","Colorado","3/31/20","0","1","08095","1"
"Pitkin","2","30","Colorado","3/31/20","18","12","08097","66.67"
"Pueblo","3","21","Colorado","3/31/20","3","18","08101","600"
"Rio Grande","1","5","Colorado","3/31/20","0","5","08105","1"
"Routt","2","17","Colorado","3/31/20","4","13","08107","325"
"Saguache","0","1","Colorado","3/31/20","0","1","08109","1"
"San Miguel","0","4","Colorado","3/31/20","1","3","08113","300"
"Summit","1","20","Colorado","3/31/20","10","10","08117","100"
"Teller","1","7","Colorado","3/31/20","3","4","08119","133.33"
"Washington","0","1","Colorado","3/31/20","0","1","08121","1"
"Weld","26","255","Colorado","3/31/20","76","179","08123","235.53"
"Yuma","0","2","Colorado","3/31/20","1","1","08125","100"
"Fairfield","212","1870","Connecticut","3/31/20","384","1486","09001","386.98"
"Hartford","44","393","Connecticut","3/31/20","88","305","09003","346.59"
"Litchfield","14","121","Connecticut","3/31/20","22","99","09005","450"
"Middlesex","7","56","Connecticut","3/31/20","8","48","09007","600"
"New Haven","61","517","Connecticut","3/31/20","89","428","09009","480.9"
"New London","3","27","Connecticut","3/31/20","6","21","09011","350"
"Tolland","5","56","Connecticut","3/31/20","19","37","09013","194.74"
"Windham","1","11","Connecticut","3/31/20","2","9","09015","450"
"Kent","3","34","Delaware","3/31/20","10","24","10001","240"
"New Castle","18","197","Delaware","3/31/20","71","126","10003","177.46"
"Sussex","9","88","Delaware","3/31/20","23","65","10005","282.61"
"","0","49","Diamond Princess","3/31/20","49","0",,"0"
"District of Columbia","51","495","District of Columbia","3/31/20","141","354","11001","251.06"
"Alachua","7","87","Florida","3/31/20","37","50","12001","135.14"
"Baker","1","9","Florida","3/31/20","4","5","12003","125"
"Bay","1","8","Florida","3/31/20","1","7","12005","700"
"Bradford","0","2","Florida","3/31/20","1","1","12007","100"
"Brevard","4","37","Florida","3/31/20","9","28","12009","311.11"
"Broward","130","1219","Florida","3/31/20","311","908","12011","291.96"
"Calhoun","0","1","Florida","3/31/20","0","1","12013","1"
"Charlotte","3","24","Florida","3/31/20","3","21","12015","700"
"Citrus","1","19","Florida","3/31/20","9","10","12017","111.11"
"Clay","4","41","Florida","3/31/20","10","31","12019","310"
"Collier","15","146","Florida","3/31/20","41","105","12021","256.1"
"Columbia","0","3","Florida","3/31/20","3","0","12023","0"
"DeSoto","1","7","Florida","3/31/20","1","6","12027","600"
"Duval","22","207","Florida","3/31/20","50","157","12031","314"
"Escambia","12","94","Florida","3/31/20","10","84","12033","840"
"Flagler","2","18","Florida","3/31/20","4","14","12035","350"
"Gadsden","0","1","Florida","3/31/20","1","0","12039","0"
"Glades","0","3","Florida","3/31/20","0","3","12043","1"
"Hendry","1","4","Florida","3/31/20","0","4","12051","1"
"Hernando","3","24","Florida","3/31/20","5","19","12053","380"
"Highlands","2","17","Florida","3/31/20","4","13","12055","325"
"Hillsborough","31","305","Florida","3/31/20","91","214","12057","235.16"
"Holmes","0","1","Florida","3/31/20","0","1","12059","1"
"Indian River","3","33","Florida","3/31/20","11","22","12061","200"
"Jackson","0","2","Florida","3/31/20","1","1","12063","100"
"Lake","7","66","Florida","3/31/20","14","52","12069","371.43"
"Lee","25","206","Florida","3/31/20","32","174","12071","543.75"
"Leon","3","26","Florida","3/31/20","8","18","12073","225"
"Levy","0","2","Florida","3/31/20","0","2","12075","1"
"Manatee","5","53","Florida","3/31/20","16","37","12081","231.25"
"Marion","3","25","Florida","3/31/20","4","21","12083","525"
"Martin","3","28","Florida","3/31/20","4","24","12085","600"
"Miami-Dade","255","2123","Florida","3/31/20","338","1785","12086","528.11"
"Monroe","3","27","Florida","3/31/20","3","24","12087","800"
"Nassau","1","10","Florida","3/31/20","1","9","12089","900"
"Okaloosa","4","39","Florida","3/31/20","14","25","12091","178.57"
"Orange","46","373","Florida","3/31/20","50","323","12095","646"
"Osceola","12","110","Florida","3/31/20","26","84","12097","323.08"
"Palm Beach","64","551","Florida","3/31/20","101","450","12099","445.54"
"Pasco","4","40","Florida","3/31/20","15","25","12101","166.67"
"Pinellas","17","167","Florida","3/31/20","45","122","12103","271.11"
"Polk","9","73","Florida","3/31/20","13","60","12105","461.54"
"Putnam","2","13","Florida","3/31/20","2","11","12107","550"
"Santa Rosa","6","44","Florida","3/31/20","4","40","12113","1000"
"Sarasota","7","76","Florida","3/31/20","26","50","12115","192.31"
"Seminole","11","103","Florida","3/31/20","23","80","12117","347.83"
"St. Johns","8","79","Florida","3/31/20","22","57","12109","259.09"
"St. Lucie","5","38","Florida","3/31/20","6","32","12111","533.33"
"Sumter","6","51","Florida","3/31/20","10","41","12119","410"
"Suwannee","0","3","Florida","3/31/20","0","3","12121","1"
"Union","0","1","Florida","3/31/20","0","1","12125","1"
"Volusia","9","80","Florida","3/31/20","18","62","12127","344.44"
"Wakulla","0","1","Florida","3/31/20","0","1","12129","1"
"Walton","1","18","Florida","3/31/20","10","8","12131","80"
"Washington","0","1","Florida","3/31/20","0","1","12133","1"
"Appling","0","2","Georgia","3/31/20","0","2","13001","1"
"Bacon","0","2","Georgia","3/31/20","0","2","13005","1"
"Baker","0","4","Georgia","3/31/20","2","2","13007","100"
"Baldwin","0","4","Georgia","3/31/20","2","2","13009","100"
"Banks","0","3","Georgia","3/31/20","0","3","13011","1"
"Barrow","2","18","Georgia","3/31/20","1","17","13013","1700"
"Bartow","8","131","Georgia","3/31/20","74","57","13015","77.03"
"Ben Hill","0","3","Georgia","3/31/20","1","2","13017","200"
"Berrien","0","1","Georgia","3/31/20","0","1","13019","1"
"Bibb","2","20","Georgia","3/31/20","4","16","13021","400"
"Bleckley","0","1","Georgia","3/31/20","0","1","13023","1"
"Brooks","0","2","Georgia","3/31/20","0","2","13027","1"
"Bryan","1","7","Georgia","3/31/20","2","5","13029","250"
"Bulloch","0","2","Georgia","3/31/20","0","2","13031","1"
"Burke","1","8","Georgia","3/31/20","1","7","13033","700"
"Butts","1","6","Georgia","3/31/20","2","4","13035","200"
"Calhoun","1","9","Georgia","3/31/20","0","9","13037","1"
"Camden","0","4","Georgia","3/31/20","1","3","13039","300"
"Candler","0","1","Georgia","3/31/20","0","1","13043","1"
"Carroll","14","123","Georgia","3/31/20","26","97","13045","373.08"
"Catoosa","0","3","Georgia","3/31/20","1","2","13047","200"
"Charlton","0","1","Georgia","3/31/20","1","0","13049","0"
"Chatham","3","26","Georgia","3/31/20","7","19","13051","271.43"
"Chattahoochee","0","1","Georgia","3/31/20","0","1","13053","1"
"Chattooga","0","3","Georgia","3/31/20","1","2","13055","200"
"Cherokee","7","76","Georgia","3/31/20","28","48","13057","171.43"
"Clarke","5","50","Georgia","3/31/20","16","34","13059","212.5"
"Clay","1","4","Georgia","3/31/20","0","4","13061","1"
"Clayton","12","104","Georgia","3/31/20","21","83","13063","395.24"
"Clinch","0","1","Georgia","3/31/20","1","0","13065","0"
"Cobb","28","279","Georgia","3/31/20","86","193","13067","224.42"
"Coffee","1","11","Georgia","3/31/20","2","9","13069","450"
"Colquitt","2","18","Georgia","3/31/20","2","16","13071","800"
"Columbia","3","24","Georgia","3/31/20","4","20","13073","500"
"Cook","0","1","Georgia","3/31/20","0","1","13075","1"
"Coweta","4","41","Georgia","3/31/20","10","31","13077","310"
"Crisp","2","15","Georgia","3/31/20","3","12","13081","400"
"Dade","0","1","Georgia","3/31/20","0","1","13083","1"
"Dawson","1","10","Georgia","3/31/20","1","9","13085","900"
"Decatur","1","7","Georgia","3/31/20","0","7","13087","1"
"DeKalb","34","335","Georgia","3/31/20","94","241","13089","256.38"
"Dodge","0","2","Georgia","3/31/20","0","2","13091","1"
"Dooly","1","6","Georgia","3/31/20","0","6","13093","1"
"Dougherty","53","462","Georgia","3/31/20","90","372","13095","413.33"
"Douglas","6","50","Georgia","3/31/20","11","39","13097","354.55"
"Early","4","28","Georgia","3/31/20","2","26","13099","1300"
"Effingham","0","4","Georgia","3/31/20","2","2","13103","100"
"Emanuel","0","1","Georgia","3/31/20","0","1","13107","1"
"Fannin","1","5","Georgia","3/31/20","0","5","13111","1"
"Fayette","5","45","Georgia","3/31/20","12","33","13113","275"
"Floyd","3","35","Georgia","3/31/20","11","24","13115","218.18"
"Forsyth","6","47","Georgia","3/31/20","8","39","13117","487.5"
"Franklin","1","4","Georgia","3/31/20","0","4","13119","1"
"Fulton","55","570","Georgia","3/31/20","184","386","13121","209.78"
"Gilmer","0","1","Georgia","3/31/20","0","1","13123","1"
"Glynn","2","17","Georgia","3/31/20","5","12","13127","240"
"Gordon","1","16","Georgia","3/31/20","7","9","13129","128.57"
"Grady","0","1","Georgia","3/31/20","0","1","13131","1"
"Greene","1","7","Georgia","3/31/20","1","6","13133","600"
"Gwinnett","28","238","Georgia","3/31/20","45","193","13135","428.89"
"Habersham","0","2","Georgia","3/31/20","0","2","13137","1"
"Hall","7","66","Georgia","3/31/20","14","52","13139","371.43"
"Haralson","1","4","Georgia","3/31/20","0","4","13143","1"
"Harris","0","4","Georgia","3/31/20","1","3","13145","300"
"Hart","1","4","Georgia","3/31/20","0","4","13147","1"
"Heard","0","1","Georgia","3/31/20","1","0","13149","0"
"Henry","9","78","Georgia","3/31/20","13","65","13151","500"
"Houston","4","29","Georgia","3/31/20","3","26","13153","866.67"
"Irwin","0","3","Georgia","3/31/20","1","2","13155","200"
"Jackson","1","8","Georgia","3/31/20","0","8","13157","1"
"Jasper","0","2","Georgia","3/31/20","1","1","13159","100"
"Jefferson","0","2","Georgia","3/31/20","0","2","13163","1"
"Jenkins","0","1","Georgia","3/31/20","0","1","13165","1"
"Johnson","0","1","Georgia","3/31/20","0","1","13167","1"
"Jones","0","3","Georgia","3/31/20","0","3","13169","1"
"Lamar","0","3","Georgia","3/31/20","3","0","13171","0"
"Laurens","1","13","Georgia","3/31/20","5","8","13175","160"
"Lee","10","89","Georgia","3/31/20","20","69","13177","345"
"Liberty","1","5","Georgia","3/31/20","1","4","13179","400"
"Lincoln","0","4","Georgia","3/31/20","1","3","13181","300"
"Long","0","1","Georgia","3/31/20","0","1","13183","1"
"Lowndes","2","21","Georgia","3/31/20","10","11","13185","110"
"Lumpkin","1","8","Georgia","3/31/20","3","5","13187","166.67"
"Macon","0","2","Georgia","3/31/20","1","1","13193","100"
"Madison","0","3","Georgia","3/31/20","1","2","13195","200"
"McDuffie","0","3","Georgia","3/31/20","0","3","13189","1"
"McIntosh","0","1","Georgia","3/31/20","0","1","13191","1"
"Meriwether","1","6","Georgia","3/31/20","1","5","13199","500"
"Miller","0","4","Georgia","3/31/20","1","3","13201","300"
"Mitchell","4","31","Georgia","3/31/20","3","28","13205","933.33"
"Monroe","0","4","Georgia","3/31/20","3","1","13207","33.33"
"Morgan","0","2","Georgia","3/31/20","1","1","13211","100"
"Murray","1","4","Georgia","3/31/20","0","4","13213","1"
"Muscogee","2","20","Georgia","3/31/20","3","17","13215","566.67"
"Newton","4","31","Georgia","3/31/20","5","26","13217","520"
"Oconee","1","15","Georgia","3/31/20","5","10","13219","200"
"Oglethorpe","0","1","Georgia","3/31/20","0","1","13221","1"
"Paulding","3","30","Georgia","3/31/20","6","24","13223","400"
"Peach","1","7","Georgia","3/31/20","3","4","13225","133.33"
"Pickens","0","6","Georgia","3/31/20","4","2","13227","50"
"Pierce","0","3","Georgia","3/31/20","1","2","13229","200"
"Pike","0","2","Georgia","3/31/20","0","2","13231","1"
"Polk","1","15","Georgia","3/31/20","8","7","13233","87.5"
"Pulaski","0","3","Georgia","3/31/20","1","2","13235","200"
"Rabun","0","2","Georgia","3/31/20","0","2","13241","1"
"Randolph","1","5","Georgia","3/31/20","1","4","13243","400"
"Richmond","4","40","Georgia","3/31/20","11","29","13245","263.64"
"Rockdale","4","36","Georgia","3/31/20","7","29","13247","414.29"
"Schley","1","5","Georgia","3/31/20","0","5","13249","1"
"Screven","0","1","Georgia","3/31/20","0","1","13251","1"
"Seminole","1","8","Georgia","3/31/20","0","8","13253","1"
"Spalding","1","13","Georgia","3/31/20","5","8","13255","160"
"Stephens","0","4","Georgia","3/31/20","1","3","13257","300"
"Stewart","0","1","Georgia","3/31/20","0","1","13259","1"
"Sumter","4","33","Georgia","3/31/20","2","31","13261","1550"
"Talbot","0","1","Georgia","3/31/20","0","1","13263","1"
"Tattnall","0","2","Georgia","3/31/20","1","1","13267","100"
"Taylor","0","2","Georgia","3/31/20","0","2","13269","1"
"Terrell","5","40","Georgia","3/31/20","3","37","13273","1233.33"
"Thomas","1","9","Georgia","3/31/20","0","9","13275","1"
"Tift","2","19","Georgia","3/31/20","2","17","13277","850"
"Toombs","0","3","Georgia","3/31/20","0","3","13279","1"
"Troup","1","16","Georgia","3/31/20","6","10","13285","166.67"
"Turner","0","3","Georgia","3/31/20","1","2","13287","200"
"Twiggs","0","2","Georgia","3/31/20","1","1","13289","100"
"Upson","1","5","Georgia","3/31/20","0","5","13293","1"
"Walton","1","6","Georgia","3/31/20","1","5","13297","500"
"Ware","1","9","Georgia","3/31/20","0","9","13299","1"
"Warren","0","3","Georgia","3/31/20","0","3","13301","1"
"Washington","0","2","Georgia","3/31/20","1","1","13303","100"
"Webster","0","1","Georgia","3/31/20","0","1","13307","1"
"Wheeler","0","1","Georgia","3/31/20","0","1","13309","1"
"White","0","3","Georgia","3/31/20","0","3","13311","1"
"Whitfield","1","10","Georgia","3/31/20","2","8","13313","400"
"Wilcox","0","1","Georgia","3/31/20","0","1","13315","1"
"Wilkes","0","2","Georgia","3/31/20","0","2","13317","1"
"Wilkinson","0","1","Georgia","3/31/20","0","1","13319","1"
"Worth","4","29","Georgia","3/31/20","4","25","13321","625"
"","11","103","Grand Princess","3/31/20","28","75",,"267.86"
"","5","69","Guam","3/31/20","32","37",,"115.62"
"Hawaii","2","15","Hawaii","3/31/20","2","13","15001","650"
"Honolulu","12","139","Hawaii","3/31/20","58","81","15003","139.66"
"Kauai","2","12","Hawaii","3/31/20","1","11","15007","1100"
"Maui","2","25","Hawaii","3/31/20","9","16","15009","177.78"
"Ada","25","195","Idaho","3/31/20","19","176","16001","926.32"
"Bannock","0","4","Idaho","3/31/20","2","2","16005","100"
"Bingham","0","2","Idaho","3/31/20","2","0","16011","0"
"Blaine","22","192","Idaho","3/31/20","36","156","16013","433.33"
"Bonner","0","1","Idaho","3/31/20","0","1","16017","1"
"Bonneville","0","2","Idaho","3/31/20","0","2","16019","1"
"Camas","0","1","Idaho","3/31/20","0","1","16025","1"
"Canyon","6","48","Idaho","3/31/20","5","43","16027","860"
"Cassia","0","1","Idaho","3/31/20","1","0","16031","0"
"Custer","0","1","Idaho","3/31/20","0","1","16037","1"
"Elmore","0","1","Idaho","3/31/20","0","1","16039","1"
"Fremont","0","1","Idaho","3/31/20","0","1","16043","1"
"Gem","1","4","Idaho","3/31/20","0","4","16045","1"
"Idaho","0","1","Idaho","3/31/20","0","1","16049","1"
"Jefferson","0","2","Idaho","3/31/20","2","0","16051","0"
"Jerome","0","2","Idaho","3/31/20","0","2","16053","1"
"Kootenai","3","29","Idaho","3/31/20","8","21","16055","262.5"
"Lincoln","0","2","Idaho","3/31/20","0","2","16063","1"
"Madison","0","5","Idaho","3/31/20","2","3","16065","150"
"Minidoka","0","1","Idaho","3/31/20","0","1","16067","1"
"Nez Perce","1","9","Idaho","3/31/20","0","9","16069","1"
"Owyhee","0","1","Idaho","3/31/20","0","1","16073","1"
"Payette","0","1","Idaho","3/31/20","0","1","16075","1"
"Teton","0","2","Idaho","3/31/20","2","0","16081","0"
"Twin Falls","1","5","Idaho","3/31/20","1","4","16083","400"
"Valley","0","2","Idaho","3/31/20","1","1","16085","100"
"Adams","0","2","Illinois","3/31/20","1","1","17001","100"
"Bond","0","2","Illinois","3/31/20","0","2","17005","1"
"Bureau","0","1","Illinois","3/31/20","0","1","17011","1"
"Carroll","0","2","Illinois","3/31/20","0","2","17015","1"
"Champaign","3","26","Illinois","3/31/20","4","22","17019","550"
"Christian","2","13","Illinois","3/31/20","1","12","17021","1200"
"Clark","0","1","Illinois","3/31/20","0","1","17023","1"
"Clinton","1","7","Illinois","3/31/20","3","4","17027","133.33"
"Cook","472","4496","Illinois","3/31/20","1194","3302","17031","276.55"
"Crawford","0","1","Illinois","3/31/20","0","1","17033","1"
"Cumberland","0","1","Illinois","3/31/20","1","0","17035","0"
"DeKalb","1","9","Illinois","3/31/20","1","8","17037","800"
"Douglas","0","3","Illinois","3/31/20","0","3","17041","1"
"DuPage","36","356","Illinois","3/31/20","103","253","17043","245.63"
"Fayette","0","1","Illinois","3/31/20","0","1","17051","1"
"Ford","0","1","Illinois","3/31/20","0","1","17053","1"
"Franklin","0","1","Illinois","3/31/20","0","1","17055","1"
"Grundy","0","4","Illinois","3/31/20","1","3","17063","300"
"Henry","0","2","Illinois","3/31/20","0","2","17073","1"
"Iroquois","0","2","Illinois","3/31/20","0","2","17075","1"
"Jackson","0","4","Illinois","3/31/20","1","3","17077","300"
"Jo Daviess","0","1","Illinois","3/31/20","1","0","17085","0"
"Kane","15","128","Illinois","3/31/20","24","104","17089","433.33"
"Kankakee","5","42","Illinois","3/31/20","4","38","17091","950"
"Kendall","2","19","Illinois","3/31/20","4","15","17093","375"
"Knox","0","1","Illinois","3/31/20","0","1","17095","1"
"Lake","40","389","Illinois","3/31/20","111","278","17097","250.45"
"LaSalle","0","5","Illinois","3/31/20","3","2","17099","66.67"
"Livingston","0","3","Illinois","3/31/20","1","2","17105","200"
"Macon","0","2","Illinois","3/31/20","0","2","17115","1"
"Madison","2","16","Illinois","3/31/20","2","14","17119","700"
"Marion","0","2","Illinois","3/31/20","0","2","17121","1"
"Marshall","0","1","Illinois","3/31/20","0","1","17123","1"
"McHenry","7","63","Illinois","3/31/20","14","49","17111","350"
"McLean","2","19","Illinois","3/31/20","7","12","17113","171.43"
"Menard","0","1","Illinois","3/31/20","0","1","17129","1"
"Monroe","0","3","Illinois","3/31/20","1","2","17133","200"
"Montgomery","0","2","Illinois","3/31/20","0","2","17135","1"
"Morgan","1","4","Illinois","3/31/20","0","4","17137","1"
"Peoria","1","8","Illinois","3/31/20","3","5","17143","166.67"
"Randolph","0","3","Illinois","3/31/20","0","3","17157","1"
"Rock Island","1","11","Illinois","3/31/20","1","10","17161","1000"
"Saline","0","1","Illinois","3/31/20","0","1","17165","1"
"Sangamon","1","14","Illinois","3/31/20","5","9","17167","180"
"St. Clair","5","43","Illinois","3/31/20","7","36","17163","514.29"
"Stephenson","0","3","Illinois","3/31/20","1","2","17177","200"
"Tazewell","1","4","Illinois","3/31/20","0","4","17179","1"
"Washington","0","1","Illinois","3/31/20","1","0","17189","0"
"Whiteside","1","5","Illinois","3/31/20","1","4","17195","400"
"Will","29","228","Illinois","3/31/20","28","200","17197","714.29"
"Williamson","0","1","Illinois","3/31/20","0","1","17199","1"
"Winnebago","1","15","Illinois","3/31/20","5","10","17201","200"
"Woodford","0","3","Illinois","3/31/20","3","0","17203","0"
"Adams","0","1","Indiana","3/31/20","1","0","18001","0"
"Allen","3","30","Indiana","3/31/20","7","23","18003","328.57"
"Bartholomew","1","13","Indiana","3/31/20","5","8","18005","160"
"Boone","3","22","Indiana","3/31/20","3","19","18011","633.33"
"Brown","0","3","Indiana","3/31/20","1","2","18013","200"
"Carroll","0","2","Indiana","3/31/20","0","2","18015","1"
"Cass","0","1","Indiana","3/31/20","0","1","18017","1"
"Clark","4","33","Indiana","3/31/20","5","28","18019","560"
"Clay","0","1","Indiana","3/31/20","0","1","18021","1"
"Clinton","0","1","Indiana","3/31/20","0","1","18023","1"
"Crawford","0","1","Indiana","3/31/20","0","1","18025","1"
"Dearborn","2","14","Indiana","3/31/20","2","12","18029","600"
"Decatur","6","47","Indiana","3/31/20","6","41","18031","683.33"
"DeKalb","0","1","Indiana","3/31/20","0","1","18033","1"
"Delaware","2","18","Indiana","3/31/20","4","14","18035","350"
"Dubois","0","3","Indiana","3/31/20","1","2","18037","200"
"Elkhart","2","20","Indiana","3/31/20","4","16","18039","400"
"Fayette","1","9","Indiana","3/31/20","2","7","18041","350"
"Floyd","2","21","Indiana","3/31/20","6","15","18043","250"
"Fountain","0","1","Indiana","3/31/20","0","1","18045","1"
"Franklin","4","35","Indiana","3/31/20","7","28","18047","400"
"Fulton","0","1","Indiana","3/31/20","0","1","18049","1"
"Gibson","0","4","Indiana","3/31/20","2","2","18051","100"
"Grant","1","7","Indiana","3/31/20","3","4","18053","133.33"
"Greene","0","2","Indiana","3/31/20","1","1","18055","100"
"Hamilton","15","127","Indiana","3/31/20","25","102","18057","408"
"Hancock","3","26","Indiana","3/31/20","4","22","18059","550"
"Harrison","2","15","Indiana","3/31/20","0","15","18061","1"
"Hendricks","8","70","Indiana","3/31/20","13","57","18063","438.46"
"Henry","0","1","Indiana","3/31/20","0","1","18065","1"
"Howard","1","16","Indiana","3/31/20","6","10","18067","166.67"
"Huntington","0","2","Indiana","3/31/20","0","2","18069","1"
"Jackson","1","8","Indiana","3/31/20","1","7","18071","700"
"Jasper","1","8","Indiana","3/31/20","0","8","18073","1"
"Jefferson","0","1","Indiana","3/31/20","0","1","18077","1"
"Jennings","2","15","Indiana","3/31/20","2","13","18079","650"
"Johnson","12","101","Indiana","3/31/20","18","83","18081","461.11"
"Knox","0","2","Indiana","3/31/20","0","2","18083","1"
"Kosciusko","1","5","Indiana","3/31/20","0","5","18085","1"
"LaGrange","0","2","Indiana","3/31/20","0","2","18087","1"
"Lake","18","146","Indiana","3/31/20","17","129","18089","758.82"
"LaPorte","1","8","Indiana","3/31/20","2","6","18091","300"
"Lawrence","1","9","Indiana","3/31/20","1","8","18093","800"
"Madison","5","38","Indiana","3/31/20","3","35","18095","1166.67"
"Marion","115","964","Indiana","3/31/20","161","803","18097","498.76"
"Marshall","0","3","Indiana","3/31/20","0","3","18099","1"
"Miami","0","3","Indiana","3/31/20","1","2","18103","200"
"Monroe","4","30","Indiana","3/31/20","3","27","18105","900"
"Montgomery","1","6","Indiana","3/31/20","1","5","18107","500"
"Morgan","4","32","Indiana","3/31/20","3","29","18109","966.67"
"Newton","0","1","Indiana","3/31/20","0","1","18111","1"
"Noble","0","2","Indiana","3/31/20","1","1","18113","100"
"Ohio","0","1","Indiana","3/31/20","1","0","18115","0"
"Orange","0","3","Indiana","3/31/20","0","3","18117","1"
"Owen","1","11","Indiana","3/31/20","2","9","18119","450"
"Porter","3","21","Indiana","3/31/20","1","20","18127","2000"
"Posey","1","4","Indiana","3/31/20","0","4","18129","1"
"Putnam","1","7","Indiana","3/31/20","1","6","18133","600"
"Randolph","0","3","Indiana","3/31/20","0","3","18135","1"
"Ripley","4","31","Indiana","3/31/20","6","25","18137","416.67"
"Rush","1","4","Indiana","3/31/20","0","4","18139","1"
"Scott","0","1","Indiana","3/31/20","1","0","18143","0"
"Shelby","2","15","Indiana","3/31/20","1","14","18145","1400"
"St. Joseph","4","49","Indiana","3/31/20","18","31","18141","172.22"
"Starke","0","1","Indiana","3/31/20","2","-1","18149","-50"
"Steuben","0","1","Indiana","3/31/20","0","1","18151","1"
"Sullivan","0","2","Indiana","3/31/20","0","2","18153","1"
"Switzerland","0","3","Indiana","3/31/20","0","3","18155","1"
"Tippecanoe","2","14","Indiana","3/31/20","3","11","18157","366.67"
"Tipton","0","4","Indiana","3/31/20","2","2","18159","100"
"Vanderburgh","2","18","Indiana","3/31/20","1","17","18163","1700"
"Vigo","1","8","Indiana","3/31/20","3","5","18167","166.67"
"Wabash","0","1","Indiana","3/31/20","0","1","18169","1"
"Warren","0","2","Indiana","3/31/20","0","2","18171","1"
"Warrick","1","8","Indiana","3/31/20","1","7","18173","700"
"Washington","1","6","Indiana","3/31/20","2","4","18175","200"
"Wayne","0","2","Indiana","3/31/20","0","2","18177","1"
"Wells","0","2","Indiana","3/31/20","1","1","18179","100"
"White","0","2","Indiana","3/31/20","0","2","18181","1"
"Whitley","0","2","Indiana","3/31/20","0","2","18183","1"
"Adair","0","1","Iowa","3/31/20","1","0","19001","0"
"Allamakee","0","7","Iowa","3/31/20","6","1","19005","16.67"
"Appanoose","0","1","Iowa","3/31/20","0","1","19007","1"
"Audubon","0","1","Iowa","3/31/20","0","1","19009","1"
"Benton","1","7","Iowa","3/31/20","0","7","19011","1"
"Black Hawk","0","7","Iowa","3/31/20","4","3","19013","75"
"Boone","0","1","Iowa","3/31/20","0","1","19015","1"
"Buchanan","0","2","Iowa","3/31/20","1","1","19019","100"
"Butler","0","1","Iowa","3/31/20","0","1","19023","1"
"Carroll","0","1","Iowa","3/31/20","1","0","19027","0"
"Cedar","1","9","Iowa","3/31/20","1","8","19031","800"
"Cerro Gordo","1","7","Iowa","3/31/20","2","5","19033","250"
"Clayton","0","1","Iowa","3/31/20","0","1","19043","1"
"Clinton","1","5","Iowa","3/31/20","0","5","19045","1"
"Crawford","0","1","Iowa","3/31/20","0","1","19047","1"
"Dallas","3","25","Iowa","3/31/20","7","18","19049","257.14"
"Des Moines","0","1","Iowa","3/31/20","0","1","19057","1"
"Dickinson","0","1","Iowa","3/31/20","0","1","19059","1"
"Dubuque","2","21","Iowa","3/31/20","6","15","19061","250"
"Fayette","0","2","Iowa","3/31/20","1","1","19065","100"
"Guthrie","0","1","Iowa","3/31/20","0","1","19077","1"
"Hancock","0","3","Iowa","3/31/20","2","1","19081","50"
"Hardin","0","1","Iowa","3/31/20","0","1","19083","1"
"Harrison","1","9","Iowa","3/31/20","3","6","19085","200"
"Henry","0","3","Iowa","3/31/20","1","2","19087","200"
"Iowa","1","4","Iowa","3/31/20","0","4","19095","1"
"Jackson","0","1","Iowa","3/31/20","0","1","19097","1"
"Jasper","1","6","Iowa","3/31/20","1","5","19099","500"
"Johnson","5","73","Iowa","3/31/20","37","36","19103","97.3"
"Jones","1","4","Iowa","3/31/20","0","4","19105","1"
"Keokuk","0","2","Iowa","3/31/20","0","2","19107","1"
"Kossuth","0","1","Iowa","3/31/20","1","0","19109","0"
"Linn","12","90","Iowa","3/31/20","6","84","19113","1400"
"Mahaska","0","2","Iowa","3/31/20","0","2","19123","1"
"Marshall","1","8","Iowa","3/31/20","0","8","19127","1"
"Monona","1","5","Iowa","3/31/20","0","5","19133","1"
"Montgomery","0","1","Iowa","3/31/20","0","1","19137","1"
"Muscatine","2","16","Iowa","3/31/20","5","11","19139","220"
"Page","0","2","Iowa","3/31/20","0","2","19145","1"
"Polk","9","76","Iowa","3/31/20","15","61","19153","406.67"
"Pottawattamie","0","4","Iowa","3/31/20","2","2","19155","100"
"Poweshiek","0","5","Iowa","3/31/20","2","3","19157","150"
"Scott","2","18","Iowa","3/31/20","1","17","19163","1700"
"Shelby","0","3","Iowa","3/31/20","0","3","19165","1"
"Sioux","0","3","Iowa","3/31/20","1","2","19167","200"
"Story","0","2","Iowa","3/31/20","2","0","19169","0"
"Tama","1","11","Iowa","3/31/20","4","7","19171","175"
"Taylor","0","1","Iowa","3/31/20","0","1","19173","1"
"Van Buren","0","1","Iowa","3/31/20","0","1","19177","1"
"Wapello","0","1","Iowa","3/31/20","1","0","19179","0"
"Warren","0","3","Iowa","3/31/20","1","2","19181","200"
"Washington","3","24","Iowa","3/31/20","4","20","19183","500"
"Webster","0","1","Iowa","3/31/20","0","1","19187","1"
"Winneshiek","0","3","Iowa","3/31/20","1","2","19191","200"
"Woodbury","0","4","Iowa","3/31/20","2","2","19193","100"
"Wright","0","1","Iowa","3/31/20","0","1","19197","1"
"Atchison","0","1","Kansas","3/31/20","0","1","20005","1"
"Barton","0","1","Kansas","3/31/20","0","1","20009","1"
"Bourbon","0","3","Kansas","3/31/20","1","2","20011","200"
"Butler","0","3","Kansas","3/31/20","3","0","20015","0"
"Chautauqua","0","1","Kansas","3/31/20","0","1","20019","1"
"Cherokee","0","3","Kansas","3/31/20","2","1","20021","50"
"Clay","0","1","Kansas","3/31/20","0","1","20027","1"
"Coffey","2","14","Kansas","3/31/20","0","14","20031","1"
"Crawford","0","5","Kansas","3/31/20","2","3","20037","150"
"Doniphan","0","1","Kansas","3/31/20","1","0","20043","0"
"Douglas","3","24","Kansas","3/31/20","6","18","20045","300"
"Finney","0","1","Kansas","3/31/20","0","1","20055","1"
"Ford","0","1","Kansas","3/31/20","0","1","20057","1"
"Franklin","1","7","Kansas","3/31/20","1","6","20059","600"
"Gove","0","1","Kansas","3/31/20","0","1","20063","1"
"Harvey","0","1","Kansas","3/31/20","0","1","20079","1"
"Jackson","0","1","Kansas","3/31/20","1","0","20085","0"
"Jefferson","0","1","Kansas","3/31/20","0","1","20087","1"
"Johnson","14","134","Kansas","3/31/20","36","98","20091","272.22"
"Labette","0","1","Kansas","3/31/20","0","1","20099","1"
"Leavenworth","2","24","Kansas","3/31/20","7","17","20103","242.86"
"Linn","0","5","Kansas","3/31/20","2","3","20107","150"
"Lyon","1","11","Kansas","3/31/20","2","9","20111","450"
"McPherson","0","3","Kansas","3/31/20","0","3","20113","1"
"Mitchell","0","2","Kansas","3/31/20","1","1","20123","100"
"Montgomery","1","5","Kansas","3/31/20","0","5","20125","1"
"Morris","0","2","Kansas","3/31/20","2","0","20127","0"
"Neosho","0","1","Kansas","3/31/20","0","1","20133","1"
"Osage","0","3","Kansas","3/31/20","0","3","20139","1"
"Ottawa","0","1","Kansas","3/31/20","0","1","20143","1"
"Pottawatomie","0","2","Kansas","3/31/20","1","1","20149","100"
"Reno","1","7","Kansas","3/31/20","2","5","20155","250"
"Riley","0","2","Kansas","3/31/20","0","2","20161","1"
"Saline","0","1","Kansas","3/31/20","0","1","20169","1"
"Sedgwick","7","58","Kansas","3/31/20","7","51","20173","728.57"
"Shawnee","2","17","Kansas","3/31/20","0","17","20177","1"
"Stafford","0","1","Kansas","3/31/20","0","1","20185","1"
"Stevens","0","2","Kansas","3/31/20","0","2","20189","1"
"Sumner","0","1","Kansas","3/31/20","0","1","20191","1"
"Woodson","0","2","Kansas","3/31/20","1","1","20207","100"
"Wyandotte","8","79","Kansas","3/31/20","22","57","20209","259.09"
"Allen","0","2","Kentucky","3/31/20","0","2","21003","1"
"Anderson","0","2","Kentucky","3/31/20","2","0","21005","0"
"Barren","0","1","Kentucky","3/31/20","0","1","21009","1"
"Boone","1","8","Kentucky","3/31/20","1","7","21015","700"
"Bourbon","0","2","Kentucky","3/31/20","2","0","21017","0"
"Boyd","1","4","Kentucky","3/31/20","0","4","21019","1"
"Boyle","1","4","Kentucky","3/31/20","0","4","21021","1"
"Bracken","0","1","Kentucky","3/31/20","0","1","21023","1"
"Breathitt","0","2","Kentucky","3/31/20","1","1","21025","100"
"Breckinridge","0","2","Kentucky","3/31/20","0","2","21027","1"
"Bullitt","1","6","Kentucky","3/31/20","0","6","21029","1"
"Butler","0","1","Kentucky","3/31/20","0","1","21031","1"
"Calloway","0","3","Kentucky","3/31/20","1","2","21035","200"
"Campbell","1","8","Kentucky","3/31/20","1","7","21037","700"
"Carroll","0","2","Kentucky","3/31/20","0","2","21041","1"
"Christian","1","7","Kentucky","3/31/20","2","5","21047","250"
"Clark","1","8","Kentucky","3/31/20","2","6","21049","300"
"Daviess","3","34","Kentucky","3/31/20","11","23","21059","209.09"
"Edmonson","0","2","Kentucky","3/31/20","0","2","21061","1"
"Fayette","14","110","Kentucky","3/31/20","15","95","21067","633.33"
"Franklin","1","6","Kentucky","3/31/20","2","4","21073","200"
"Grant","0","1","Kentucky","3/31/20","0","1","21081","1"
"Grayson","0","2","Kentucky","3/31/20","0","2","21085","1"
"Hancock","0","1","Kentucky","3/31/20","0","1","21091","1"
"Hardin","1","6","Kentucky","3/31/20","2","4","21093","200"
"Harrison","0","11","Kentucky","3/31/20","8","3","21097","37.5"
"Henderson","0","5","Kentucky","3/31/20","2","3","21101","150"
"Hopkins","2","17","Kentucky","3/31/20","0","17","21107","1"
"Jefferson","25","206","Kentucky","3/31/20","33","173","21111","524.24"
"Jessamine","2","13","Kentucky","3/31/20","1","12","21113","1200"
"Kenton","2","20","Kentucky","3/31/20","5","15","21117","300"
"Larue","0","1","Kentucky","3/31/20","0","1","21123","1"
"Laurel","0","2","Kentucky","3/31/20","1","1","21125","100"
"Lawrence","0","1","Kentucky","3/31/20","0","1","21127","1"
"Lewis","0","1","Kentucky","3/31/20","0","1","21135","1"
"Logan","0","3","Kentucky","3/31/20","1","2","21141","200"
"Lyon","0","1","Kentucky","3/31/20","1","0","21143","0"
"Madison","1","10","Kentucky","3/31/20","2","8","21151","400"
"Marion","0","1","Kentucky","3/31/20","0","1","21155","1"
"Marshall","0","1","Kentucky","3/31/20","0","1","21157","1"
"Martin","0","1","Kentucky","3/31/20","1","0","21159","0"
"Mason","0","1","Kentucky","3/31/20","0","1","21161","1"
"McCracken","1","8","Kentucky","3/31/20","1","7","21145","700"
"McCreary","0","1","Kentucky","3/31/20","0","1","21147","1"
"McLean","0","1","Kentucky","3/31/20","0","1","21149","1"
"Menifee","0","2","Kentucky","3/31/20","1","1","21165","100"
"Mercer","0","2","Kentucky","3/31/20","0","2","21167","1"
"Montgomery","0","2","Kentucky","3/31/20","2","0","21173","0"
"Muhlenberg","1","10","Kentucky","3/31/20","2","8","21177","400"
"Nelson","0","3","Kentucky","3/31/20","1","2","21179","200"
"Nicholas","0","1","Kentucky","3/31/20","0","1","21181","1"
"Oldham","1","6","Kentucky","3/31/20","1","5","21185","500"
"Pendleton","0","1","Kentucky","3/31/20","0","1","21191","1"
"Powell","0","1","Kentucky","3/31/20","0","1","21197","1"
"Pulaski","1","8","Kentucky","3/31/20","3","5","21199","166.67"
"Rockcastle","0","1","Kentucky","3/31/20","0","1","21203","1"
"Scott","1","6","Kentucky","3/31/20","1","5","21209","500"
"Shelby","0","2","Kentucky","3/31/20","0","2","21211","1"
"Simpson","1","9","Kentucky","3/31/20","1","8","21213","800"
"Spencer","0","2","Kentucky","3/31/20","1","1","21215","100"
"Taylor","0","2","Kentucky","3/31/20","0","2","21217","1"
"Union","0","2","Kentucky","3/31/20","0","2","21225","1"
"Warren","1","13","Kentucky","3/31/20","4","9","21227","225"
"Washington","0","1","Kentucky","3/31/20","0","1","21229","1"
"Wayne","0","3","Kentucky","3/31/20","0","3","21231","1"
"Webster","0","2","Kentucky","3/31/20","1","1","21233","100"
"Woodford","1","5","Kentucky","3/31/20","0","5","21239","1"
"Acadia","5","39","Louisiana","3/31/20","2","37","22001","1850"
"Allen","2","15","Louisiana","3/31/20","2","13","22003","650"
"Ascension","18","161","Louisiana","3/31/20","36","125","22005","347.22"
"Assumption","3","20","Louisiana","3/31/20","2","18","22007","900"
"Avoyelles","2","19","Louisiana","3/31/20","3","16","22009","533.33"
"Beauregard","0","5","Louisiana","3/31/20","2","3","22011","150"
"Bienville","1","6","Louisiana","3/31/20","1","5","22013","500"
"Bossier","7","63","Louisiana","3/31/20","12","51","22015","425"
"Caddo","29","242","Louisiana","3/31/20","40","202","22017","505"
"Calcasieu","9","65","Louisiana","3/31/20","5","60","22019","1200"
"Catahoula","0","3","Louisiana","3/31/20","1","2","22025","200"
"Claiborne","1","8","Louisiana","3/31/20","2","6","22027","300"
"Concordia","0","3","Louisiana","3/31/20","0","3","22029","1"
"De Soto","3","30","Louisiana","3/31/20","6","24","22031","400"
"East Baton Rouge","24","228","Louisiana","3/31/20","58","170","22033","293.1"
"East Carroll","0","1","Louisiana","3/31/20","0","1","22035","1"
"East Feliciana","1","9","Louisiana","3/31/20","0","9","22037","1"
"Evangeline","1","10","Louisiana","3/31/20","2","8","22039","400"
"Franklin","1","5","Louisiana","3/31/20","0","5","22041","1"
"Grant","0","2","Louisiana","3/31/20","1","1","22043","100"
"Iberia","5","36","Louisiana","3/31/20","2","34","22045","1700"
"Iberville","3","35","Louisiana","3/31/20","14","21","22047","150"
"Jackson","0","3","Louisiana","3/31/20","0","3","22049","1"
"Jefferson","129","1193","Louisiana","3/31/20","293","900","22051","307.17"
"Jefferson Davis","1","5","Louisiana","3/31/20","0","5","22053","1"
"Lafayette","15","118","Louisiana","3/31/20","12","106","22055","883.33"
"Lafourche","8","74","Louisiana","3/31/20","16","58","22057","362.5"
"LaSalle","0","2","Louisiana","3/31/20","0","2","22059","1"
"Lincoln","1","12","Louisiana","3/31/20","2","10","22061","500"
"Livingston","2","23","Louisiana","3/31/20","6","17","22063","283.33"
"Madison","0","1","Louisiana","3/31/20","0","1","22065","1"
"Morehouse","0","2","Louisiana","3/31/20","0","2","22067","1"
"Natchitoches","0","2","Louisiana","3/31/20","2","0","22069","0"
"Orleans","166","1834","Louisiana","3/31/20","675","1159","22071","171.7"
"Ouachita","7","57","Louisiana","3/31/20","7","50","22073","714.29"
"Plaquemines","4","37","Louisiana","3/31/20","8","29","22075","362.5"
"Pointe Coupee","1","7","Louisiana","3/31/20","0","7","22077","1"
"Rapides","7","58","Louisiana","3/31/20","10","48","22079","480"
"Red River","0","1","Louisiana","3/31/20","0","1","22081","1"
"Richland","0","2","Louisiana","3/31/20","1","1","22083","100"
"Sabine","0","2","Louisiana","3/31/20","0","2","22085","1"
"St. Bernard","7","71","Louisiana","3/31/20","19","52","22087","273.68"
"St. Charles","8","71","Louisiana","3/31/20","15","56","22089","373.33"
"St. Helena","0","1","Louisiana","3/31/20","0","1","22091","1"
"St. James","10","77","Louisiana","3/31/20","9","68","22093","755.56"
"St. John the Baptist","12","104","Louisiana","3/31/20","21","83","22095","395.24"
"St. Landry","4","31","Louisiana","3/31/20","3","28","22097","933.33"
"St. Martin","4","32","Louisiana","3/31/20","1","31","22099","3100"
"St. Mary","3","22","Louisiana","3/31/20","2","20","22101","1000"
"St. Tammany","24","220","Louisiana","3/31/20","52","168","22103","323.08"
"Tangipahoa","3","25","Louisiana","3/31/20","4","21","22105","525"
"Terrebonne","4","40","Louisiana","3/31/20","14","26","22109","185.71"
"Union","1","9","Louisiana","3/31/20","0","9","22111","1"
"Vermilion","1","8","Louisiana","3/31/20","0","8","22113","1"
"Vernon","0","3","Louisiana","3/31/20","2","1","22115","50"
"Washington","4","28","Louisiana","3/31/20","3","25","22117","833.33"
"Webster","2","17","Louisiana","3/31/20","3","14","22119","466.67"
"West Baton Rouge","1","13","Louisiana","3/31/20","5","8","22121","160"
"West Feliciana","1","4","Louisiana","3/31/20","0","4","22125","1"
"Winn","0","1","Louisiana","3/31/20","0","1","22127","1"
"Androscoggin","1","11","Maine","3/31/20","3","8","23001","266.67"
"Cumberland","14","169","Maine","3/31/20","74","95","23005","128.38"
"Franklin","0","2","Maine","3/31/20","0","2","23007","1"
"Kennebec","1","12","Maine","3/31/20","5","7","23011","140"
"Knox","1","5","Maine","3/31/20","1","4","23013","400"
"Lincoln","0","8","Maine","3/31/20","5","3","23015","60"
"Oxford","0","9","Maine","3/31/20","6","3","23017","50"
"Penobscot","1","12","Maine","3/31/20","4","8","23019","200"
"Sagadahoc","1","7","Maine","3/31/20","3","4","23023","133.33"
"Somerset","0","1","Maine","3/31/20","0","1","23025","1"
"Waldo","0","2","Maine","3/31/20","1","1","23027","100"
"York","6","59","Maine","3/31/20","16","43","23031","268.75"
"Anne Arundel","15","127","Maryland","3/31/20","24","103","24003","429.17"
"Baltimore","26","227","Maryland","3/31/20","42","185","24005","440.48"
"Baltimore City","21","187","Maryland","3/31/20","41","146","24510","356.1"
"Calvert","2","15","Maryland","3/31/20","3","12","24009","400"
"Caroline","0","4","Maryland","3/31/20","1","3","24011","300"
"Carroll","12","92","Maryland","3/31/20","5","87","24013","1740"
"Cecil","2","14","Maryland","3/31/20","3","11","24015","366.67"
"Charles","5","40","Maryland","3/31/20","5","35","24017","700"
"Frederick","4","33","Maryland","3/31/20","4","29","24021","725"
"Garrett","0","3","Maryland","3/31/20","3","0","24023","0"
"Harford","3","25","Maryland","3/31/20","5","20","24025","400"
"Howard","12","117","Maryland","3/31/20","30","87","24027","290"
"Kent","0","3","Maryland","3/31/20","0","3","24029","1"
"Montgomery","40","388","Maryland","3/31/20","107","281","24031","262.62"
"Prince George's","40","341","Maryland","3/31/20","63","278","24033","441.27"
"Queen Anne's","0","4","Maryland","3/31/20","1","3","24035","300"
"Somerset","0","1","Maryland","3/31/20","1","0","24039","0"
"St. Mary's","2","15","Maryland","3/31/20","2","13","24037","650"
"Talbot","0","3","Maryland","3/31/20","1","2","24041","200"
"Washington","1","11","Maryland","3/31/20","2","9","24043","450"
"Wicomico","0","7","Maryland","3/31/20","4","3","24045","75"
"Worcester","0","3","Maryland","3/31/20","2","1","24047","50"
"Barnstable","22","191","Massachusetts","3/31/20","40","151","25001","377.5"
"Berkshire","19","171","Massachusetts","3/31/20","37","134","25003","362.16"
"Bristol","39","306","Massachusetts","3/31/20","31","275","25005","887.1"
"Dukes and Nantucket","1","8","Massachusetts","3/31/20","2","6","00000","300"
"Essex","95","784","Massachusetts","3/31/20","118","666","25009","564.41"
"Franklin","7","61","Massachusetts","3/31/20","10","51","25011","510"
"Hampden","47","354","Massachusetts","3/31/20","24","330","25013","1375"
"Hampshire","9","69","Massachusetts","3/31/20","8","61","25015","762.5"
"Middlesex","148","1340","Massachusetts","3/31/20","304","1036","25017","340.79"
"Norfolk","87","738","Massachusetts","3/31/20","129","609","25021","472.09"
"Plymouth","56","459","Massachusetts","3/31/20","64","395","25023","617.19"
"Suffolk","163","1373","Massachusetts","3/31/20","234","1139","25025","486.75"
"Worcester","51","433","Massachusetts","3/31/20","73","360","25027","493.15"
"Allegan","0","3","Michigan","3/31/20","1","2","26005","200"
"Antrim","0","4","Michigan","3/31/20","1","3","26009","300"
"Arenac","0","1","Michigan","3/31/20","0","1","26011","1"
"Barry","0","4","Michigan","3/31/20","1","3","26015","300"
"Bay","1","11","Michigan","3/31/20","4","7","26017","175"
"Berrien","6","78","Michigan","3/31/20","33","45","26021","136.36"
"Branch","0","2","Michigan","3/31/20","0","2","26023","1"
"Calhoun","2","19","Michigan","3/31/20","4","15","26025","375"
"Cass","1","8","Michigan","3/31/20","2","6","26027","300"
"Charlevoix","0","4","Michigan","3/31/20","3","1","26029","33.33"
"Cheboygan","0","2","Michigan","3/31/20","0","2","26031","1"
"Chippewa","0","1","Michigan","3/31/20","1","0","26033","0"
"Clare","0","1","Michigan","3/31/20","1","0","26035","0"
"Clinton","3","27","Michigan","3/31/20","5","22","26037","440"
"Crawford","0","1","Michigan","3/31/20","0","1","26039","1"
"Delta","0","1","Michigan","3/31/20","0","1","26041","1"
"Eaton","3","22","Michigan","3/31/20","3","19","26045","633.33"
"Emmet","0","5","Michigan","3/31/20","2","3","26047","150"
"Genesee","22","190","Michigan","3/31/20","36","154","26049","427.78"
"Gladwin","0","2","Michigan","3/31/20","2","0","26051","0"
"Gogebic","0","2","Michigan","3/31/20","0","2","26053","1"
"Grand Traverse","1","7","Michigan","3/31/20","3","4","26055","133.33"
"Gratiot","0","3","Michigan","3/31/20","0","3","26057","1"
"Hillsdale","2","14","Michigan","3/31/20","1","13","26059","1300"
"Houghton","0","1","Michigan","3/31/20","0","1","26061","1"
"Huron","0","3","Michigan","3/31/20","0","3","26063","1"
"Ingham","11","96","Michigan","3/31/20","18","78","26065","433.33"
"Ionia","1","4","Michigan","3/31/20","0","4","26067","1"
"Iosco","0","1","Michigan","3/31/20","0","1","26069","1"
"Isabella","1","6","Michigan","3/31/20","2","4","26073","200"
"Jackson","6","53","Michigan","3/31/20","9","44","26075","488.89"
"Kalamazoo","3","26","Michigan","3/31/20","4","22","26077","550"
"Kalkaska","1","7","Michigan","3/31/20","1","6","26079","600"
"Kent","11","111","Michigan","3/31/20","31","80","26081","258.06"
"Lapeer","1","11","Michigan","3/31/20","1","10","26087","1000"
"Leelanau","0","1","Michigan","3/31/20","1","0","26089","0"
"Lenawee","3","19","Michigan","3/31/20","0","19","26091","1"
"Livingston","11","94","Michigan","3/31/20","17","77","26093","452.94"
"Macomb","90","855","Michigan","3/31/20","226","629","26099","278.32"
"Manistee","0","1","Michigan","3/31/20","1","0","26101","0"
"Marquette","0","4","Michigan","3/31/20","1","3","26103","300"
"Mason","0","1","Michigan","3/31/20","0","1","26105","1"
"Mecosta","0","3","Michigan","3/31/20","0","3","26107","1"
"Midland","1","15","Michigan","3/31/20","9","6","26111","66.67"
"Missaukee","0","1","Michigan","3/31/20","0","1","26113","1"
"Monroe","5","49","Michigan","3/31/20","12","37","26115","308.33"
"Montcalm","1","6","Michigan","3/31/20","1","5","26117","500"
"Muskegon","2","18","Michigan","3/31/20","3","15","26121","500"
"Newaygo","0","1","Michigan","3/31/20","2","-1","26123","-50"
"Oakland","179","1764","Michigan","3/31/20","514","1250","26125","243.19"
"Oceana","0","2","Michigan","3/31/20","0","2","26127","1"
"Ogemaw","0","2","Michigan","3/31/20","1","1","26129","100"
"Osceola","0","2","Michigan","3/31/20","0","2","26133","1"
"Oscoda","0","2","Michigan","3/31/20","0","2","26135","1"
"Otsego","2","19","Michigan","3/31/20","5","14","26137","280"
"Ottawa","2","34","Michigan","3/31/20","17","17","26139","100"
"Out of MI","2","20","Michigan","3/31/20","6","14","80026","233.33"
"Roscommon","0","1","Michigan","3/31/20","1","0","26143","0"
"Saginaw","6","51","Michigan","3/31/20","8","43","26145","537.5"
"Sanilac","1","7","Michigan","3/31/20","0","7","26151","1"
"Schoolcraft","0","1","Michigan","3/31/20","0","1","26153","1"
"Shiawassee","1","9","Michigan","3/31/20","0","9","26155","1"
"St. Clair","4","40","Michigan","3/31/20","10","30","26147","300"
"St. Joseph","1","4","Michigan","3/31/20","0","4","26149","1"
"Tuscola","1","9","Michigan","3/31/20","1","8","26157","800"
"Van Buren","1","8","Michigan","3/31/20","0","8","26159","1"
"Washtenaw","39","330","Michigan","3/31/20","58","272","26161","468.97"
"Wayne","411","3752","Michigan","3/31/20","878","2874","26163","327.33"
"Wexford","0","2","Michigan","3/31/20","1","1","26165","100"
"Anoka","2","23","Minnesota","3/31/20","7","16","27003","228.57"
"Beltrami","1","4","Minnesota","3/31/20","0","4","27007","1"
"Benton","0","1","Minnesota","3/31/20","1","0","27009","0"
"Big Stone","0","1","Minnesota","3/31/20","1","0","27011","0"
"Blue Earth","1","9","Minnesota","3/31/20","5","4","27013","80"
"Brown","0","2","Minnesota","3/31/20","0","2","27015","1"
"Carlton","0","1","Minnesota","3/31/20","0","1","27017","1"
"Carver","0","10","Minnesota","3/31/20","8","2","27019","25"
"Cass","0","1","Minnesota","3/31/20","1","0","27021","0"
"Chisago","0","3","Minnesota","3/31/20","2","1","27025","50"
"Clay","0","6","Minnesota","3/31/20","3","3","27027","100"
"Clearwater","0","2","Minnesota","3/31/20","0","2","27029","1"
"Cottonwood","0","2","Minnesota","3/31/20","0","2","27033","1"
"Dakota","4","47","Minnesota","3/31/20","21","26","27037","123.81"
"Dodge","1","8","Minnesota","3/31/20","3","5","27039","166.67"
"Douglas","0","1","Minnesota","3/31/20","0","1","27041","1"
"Faribault","0","2","Minnesota","3/31/20","0","2","27043","1"
"Fillmore","1","8","Minnesota","3/31/20","3","5","27045","166.67"
"Goodhue","0","3","Minnesota","3/31/20","0","3","27049","1"
"Hennepin","14","204","Minnesota","3/31/20","103","101","27053","98.06"
"Isanti","0","2","Minnesota","3/31/20","0","2","27059","1"
"Itasca","0","1","Minnesota","3/31/20","0","1","27061","1"
"Jackson","0","1","Minnesota","3/31/20","1","0","27063","0"
"Kandiyohi","0","2","Minnesota","3/31/20","0","2","27067","1"
"Lac qui Parle","0","1","Minnesota","3/31/20","0","1","27073","1"
"Le Sueur","1","15","Minnesota","3/31/20","5","10","27079","200"
"Lincoln","0","1","Minnesota","3/31/20","0","1","27081","1"
"Lyon","0","1","Minnesota","3/31/20","0","1","27083","1"
"Mahnomen","0","1","Minnesota","3/31/20","0","1","27087","1"
"Martin","2","25","Minnesota","3/31/20","8","17","27091","212.5"
"Meeker","0","1","Minnesota","3/31/20","0","1","27093","1"
"Mower","1","13","Minnesota","3/31/20","6","7","27099","116.67"
"Nicollet","0","3","Minnesota","3/31/20","3","0","27103","0"
"Olmsted","5","53","Minnesota","3/31/20","18","35","27109","194.44"
"Otter Tail","0","1","Minnesota","3/31/20","0","1","27111","1"
"Ramsey","4","56","Minnesota","3/31/20","26","30","27123","115.38"
"Renville","0","1","Minnesota","3/31/20","1","0","27129","0"
"Rice","0","3","Minnesota","3/31/20","2","1","27131","50"
"Scott","1","10","Minnesota","3/31/20","5","5","27139","100"
"Sherburne","1","8","Minnesota","3/31/20","1","7","27141","700"
"Sibley","0","1","Minnesota","3/31/20","0","1","27143","1"
"St. Louis","1","12","Minnesota","3/31/20","2","10","27137","500"
"Stearns","0","5","Minnesota","3/31/20","5","0","27145","0"
"Steele","0","6","Minnesota","3/31/20","5","1","27147","20"
"Traverse","0","2","Minnesota","3/31/20","0","2","27155","1"
"Wabasha","1","6","Minnesota","3/31/20","1","5","27157","500"
"Waseca","0","3","Minnesota","3/31/20","1","2","27161","200"
"Washington","4","39","Minnesota","3/31/20","10","29","27163","290"
"Watonwan","0","1","Minnesota","3/31/20","0","1","27165","1"
"Wilkin","0","1","Minnesota","3/31/20","0","1","27167","1"
"Winona","1","10","Minnesota","3/31/20","0","10","27169","1"
"Wright","0","6","Minnesota","3/31/20","3","3","27171","100"
"Adams","1","10","Mississippi","3/31/20","2","8","28001","400"
"Alcorn","0","3","Mississippi","3/31/20","0","3","28003","1"
"Amite","1","4","Mississippi","3/31/20","0","4","28005","1"
"Attala","1","10","Mississippi","3/31/20","3","7","28007","233.33"
"Benton","1","4","Mississippi","3/31/20","0","4","28009","1"
"Bolivar","3","22","Mississippi","3/31/20","4","18","28011","450"
"Calhoun","0","3","Mississippi","3/31/20","0","3","28013","1"
"Carroll","0","1","Mississippi","3/31/20","0","1","28015","1"
"Chickasaw","1","13","Mississippi","3/31/20","6","7","28017","116.67"
"Choctaw","1","6","Mississippi","3/31/20","1","5","28019","500"
"Claiborne","0","1","Mississippi","3/31/20","0","1","28021","1"
"Clarke","1","4","Mississippi","3/31/20","0","4","28023","1"
"Clay","0","4","Mississippi","3/31/20","1","3","28025","300"
"Coahoma","1","21","Mississippi","3/31/20","11","10","28027","90.91"
"Copiah","1","9","Mississippi","3/31/20","5","4","28029","80"
"Covington","0","2","Mississippi","3/31/20","0","2","28031","1"
"DeSoto","8","84","Mississippi","3/31/20","29","55","28033","189.66"
"Forrest","1","21","Mississippi","3/31/20","14","7","28035","50"
"Franklin","0","3","Mississippi","3/31/20","3","0","28037","0"
"George","0","3","Mississippi","3/31/20","1","2","28039","200"
"Grenada","0","3","Mississippi","3/31/20","2","1","28043","50"
"Hancock","2","16","Mississippi","3/31/20","5","11","28045","220"
"Harrison","3","45","Mississippi","3/31/20","24","21","28047","87.5"
"Hinds","8","90","Mississippi","3/31/20","31","59","28049","190.32"
"Holmes","1","15","Mississippi","3/31/20","6","9","28051","150"
"Humphreys","0","3","Mississippi","3/31/20","1","2","28053","200"
"Itawamba","0","3","Mississippi","3/31/20","3","0","28057","0"
"Jackson","4","40","Mississippi","3/31/20","10","30","28059","300"
"Jefferson","0","1","Mississippi","3/31/20","0","1","28063","1"
"Jones","1","6","Mississippi","3/31/20","1","5","28067","500"
"Kemper","0","1","Mississippi","3/31/20","0","1","28069","1"
"Lafayette","1","15","Mississippi","3/31/20","8","7","28071","87.5"
"Lamar","0","5","Mississippi","3/31/20","2","3","28073","150"
"Lauderdale","5","35","Mississippi","3/31/20","0","35","28075","1"
"Lawrence","0","5","Mississippi","3/31/20","2","3","28077","150"
"Leake","0","5","Mississippi","3/31/20","2","3","28079","150"
"Lee","2","24","Mississippi","3/31/20","12","12","28081","100"
"Leflore","1","19","Mississippi","3/31/20","10","9","28083","90"
"Lincoln","1","11","Mississippi","3/31/20","4","7","28085","175"
"Lowndes","1","11","Mississippi","3/31/20","6","5","28087","83.33"
"Madison","4","42","Mississippi","3/31/20","14","28","28089","200"
"Marion","1","5","Mississippi","3/31/20","1","4","28091","400"
"Marshall","2","14","Mississippi","3/31/20","3","11","28093","366.67"
"Monroe","0","6","Mississippi","3/31/20","3","3","28095","100"
"Montgomery","1","7","Mississippi","3/31/20","2","5","28097","250"
"Neshoba","1","4","Mississippi","3/31/20","0","4","28099","1"
"Newton","0","2","Mississippi","3/31/20","1","1","28101","100"
"Noxubee","0","3","Mississippi","3/31/20","1","2","28103","200"
"Oktibbeha","2","17","Mississippi","3/31/20","5","12","28105","240"
"Panola","1","7","Mississippi","3/31/20","2","5","28107","250"
"Pearl River","2","30","Mississippi","3/31/20","13","17","28109","130.77"
"Perry","0","3","Mississippi","3/31/20","1","2","28111","200"
"Pike","1","17","Mississippi","3/31/20","7","10","28113","142.86"
"Pontotoc","0","5","Mississippi","3/31/20","2","3","28115","150"
"Prentiss","1","4","Mississippi","3/31/20","0","4","28117","1"
"Quitman","0","3","Mississippi","3/31/20","0","3","28119","1"
"Rankin","4","40","Mississippi","3/31/20","13","27","28121","207.69"
"Scott","1","10","Mississippi","3/31/20","2","8","28123","400"
"Sharkey","0","1","Mississippi","3/31/20","0","1","28125","1"
"Simpson","0","2","Mississippi","3/31/20","1","1","28127","100"
"Smith","0","1","Mississippi","3/31/20","1","0","28129","0"
"Sunflower","1","11","Mississippi","3/31/20","3","8","28133","266.67"
"Tallahatchie","0","2","Mississippi","3/31/20","2","0","28135","0"
"Tate","1","11","Mississippi","3/31/20","1","10","28137","1000"
"Tippah","2","26","Mississippi","3/31/20","11","15","28139","136.36"
"Tishomingo","0","1","Mississippi","3/31/20","0","1","28141","1"
"Tunica","1","12","Mississippi","3/31/20","3","9","28143","300"
"Union","0","3","Mississippi","3/31/20","1","2","28145","200"
"Walthall","0","5","Mississippi","3/31/20","2","3","28147","150"
"Warren","0","1","Mississippi","3/31/20","0","1","28149","1"
"Washington","2","20","Mississippi","3/31/20","5","15","28151","300"
"Webster","0","5","Mississippi","3/31/20","2","3","28155","150"
"Wilkinson","1","14","Mississippi","3/31/20","4","10","28157","250"
"Winston","1","7","Mississippi","3/31/20","2","5","28159","250"
"Yalobusha","1","6","Mississippi","3/31/20","0","6","28161","1"
"Yazoo","1","9","Mississippi","3/31/20","3","6","28163","200"
"Adair","0","2","Missouri","3/31/20","1","1","29001","100"
"Atchison","0","1","Missouri","3/31/20","0","1","29005","1"
"Barry","0","1","Missouri","3/31/20","0","1","29009","1"
"Bates","0","1","Missouri","3/31/20","1","0","29013","0"
"Benton","0","2","Missouri","3/31/20","0","2","29015","1"
"Bollinger","0","1","Missouri","3/31/20","0","1","29017","1"
"Boone","6","64","Missouri","3/31/20","20","44","29019","220"
"Buchanan","1","5","Missouri","3/31/20","0","5","29021","1"
"Callaway","2","14","Missouri","3/31/20","2","12","29027","600"
"Camden","2","12","Missouri","3/31/20","1","11","29029","1100"
"Cape Girardeau","2","15","Missouri","3/31/20","0","15","29031","1"
"Carter","1","4","Missouri","3/31/20","0","4","29035","1"
"Cass","1","14","Missouri","3/31/20","6","8","29037","133.33"
"Cedar","1","5","Missouri","3/31/20","0","5","29039","1"
"Chariton","1","4","Missouri","3/31/20","0","4","29041","1"
"Christian","1","12","Missouri","3/31/20","2","10","29043","500"
"Clay","2","16","Missouri","3/31/20","3","13","29047","433.33"
"Clinton","0","4","Missouri","3/31/20","1","3","29049","300"
"Cole","3","25","Missouri","3/31/20","5","20","29051","400"
"Cooper","0","2","Missouri","3/31/20","0","2","29053","1"
"Crawford","0","1","Missouri","3/31/20","0","1","29055","1"
"Dunklin","1","6","Missouri","3/31/20","1","5","29069","500"
"Franklin","2","13","Missouri","3/31/20","0","13","29071","1"
"Greene","4","48","Missouri","3/31/20","19","29","29077","152.63"
"Harrison","0","1","Missouri","3/31/20","0","1","29081","1"
"Henry","0","1","Missouri","3/31/20","1","0","29083","0"
"Jackson","9","77","Missouri","3/31/20","14","63","29095","450"
"Jasper","1","7","Missouri","3/31/20","1","6","29097","600"
"Jefferson","4","30","Missouri","3/31/20","4","26","29099","650"
"Johnson","3","19","Missouri","3/31/20","1","18","29101","1800"
"Kansas City","14","119","Missouri","3/31/20","21","98","00000","466.67"
"Lafayette","3","19","Missouri","3/31/20","1","18","29107","1800"
"Lincoln","1","7","Missouri","3/31/20","0","7","29113","1"
"Livingston","0","1","Missouri","3/31/20","0","1","29117","1"
"Macon","0","3","Missouri","3/31/20","0","3","29121","1"
"Maries","0","1","Missouri","3/31/20","0","1","29125","1"
"McDonald","0","2","Missouri","3/31/20","0","2","29119","1"
"Moniteau","0","2","Missouri","3/31/20","1","1","29135","100"
"Montgomery","0","2","Missouri","3/31/20","0","2","29139","1"
"Morgan","0","1","Missouri","3/31/20","0","1","29141","1"
"Newton","1","5","Missouri","3/31/20","0","5","29145","1"
"Osage","0","1","Missouri","3/31/20","0","1","29151","1"
"Pemiscot","0","2","Missouri","3/31/20","1","1","29155","100"
"Perry","2","14","Missouri","3/31/20","2","12","29157","600"
"Pettis","0","1","Missouri","3/31/20","0","1","29159","1"
"Pike","0","1","Missouri","3/31/20","0","1","29163","1"
"Platte","1","9","Missouri","3/31/20","2","7","29165","350"
"Pulaski","0","7","Missouri","3/31/20","4","3","29169","75"
"Ralls","0","1","Missouri","3/31/20","0","1","29173","1"
"Randolph","0","2","Missouri","3/31/20","1","1","29175","100"
"Ray","0","1","Missouri","3/31/20","0","1","29177","1"
"Reynolds","0","2","Missouri","3/31/20","0","2","29179","1"
"Ripley","0","2","Missouri","3/31/20","0","2","29181","1"
"Scott","1","6","Missouri","3/31/20","1","5","29201","500"
"Shelby","0","1","Missouri","3/31/20","0","1","29205","1"
"St. Charles","9","71","Missouri","3/31/20","8","63","29183","787.5"
"St. Francois","0","5","Missouri","3/31/20","2","3","29187","150"
"St. Louis","74","640","Missouri","3/31/20","120","520","29189","433.33"
"St. Louis City","23","195","Missouri","3/31/20","37","158","29510","427.03"
"Ste. Genevieve","0","2","Missouri","3/31/20","0","2","29186","1"
"Stoddard","0","3","Missouri","3/31/20","0","3","29207","1"
"Stone","0","1","Missouri","3/31/20","0","1","29209","1"
"Taney","0","2","Missouri","3/31/20","1","1","29213","100"
"Texas","0","1","Missouri","3/31/20","0","1","29215","1"
"Warren","1","5","Missouri","3/31/20","0","5","29219","1"
"Webster","0","2","Missouri","3/31/20","0","2","29225","1"
"Wright","1","4","Missouri","3/31/20","0","4","29229","1"
"Broadwater","0","3","Montana","3/31/20","1","2","30007","200"
"Cascade","1","9","Montana","3/31/20","3","6","30013","200"
"Deer Lodge","0","3","Montana","3/31/20","0","3","30023","1"
"Flathead","1","11","Montana","3/31/20","4","7","30029","175"
"Gallatin","8","74","Montana","3/31/20","16","58","30031","362.5"
"Hill","0","1","Montana","3/31/20","0","1","30041","1"
"Jefferson","0","2","Montana","3/31/20","0","2","30043","1"
"Lake","0","3","Montana","3/31/20","0","3","30047","1"
"Lewis and Clark","1","12","Montana","3/31/20","3","9","30049","300"
"Lincoln","1","5","Montana","3/31/20","0","5","30053","1"
"Madison","1","6","Montana","3/31/20","1","5","30057","500"
"Meagher","0","1","Montana","3/31/20","0","1","30059","1"
"Missoula","1","14","Montana","3/31/20","6","8","30063","133.33"
"Musselshell","0","1","Montana","3/31/20","0","1","30065","1"
"Park","0","3","Montana","3/31/20","0","3","30067","1"
"Ravalli","0","1","Montana","3/31/20","1","0","30081","0"
"Roosevelt","0","1","Montana","3/31/20","1","0","30085","0"
"Silver Bow","1","10","Montana","3/31/20","2","8","30093","400"
"Toole","1","7","Montana","3/31/20","0","7","30101","1"
"Yellowstone","3","31","Montana","3/31/20","7","24","30111","342.86"
"Adams","0","3","Nebraska","3/31/20","1","2","31001","200"
"Antelope","0","1","Nebraska","3/31/20","0","1","31003","1"
"Buffalo","1","6","Nebraska","3/31/20","2","4","31019","200"
"Cass","0","2","Nebraska","3/31/20","2","0","31025","0"
"Dawson","0","1","Nebraska","3/31/20","0","1","31047","1"
"Dodge","0","3","Nebraska","3/31/20","0","3","31053","1"
"Douglas","7","85","Nebraska","3/31/20","39","46","31055","117.95"
"Gage","0","0","Nebraska","3/31/20","1","-1","31067","-100"
"Gosper","0","1","Nebraska","3/31/20","0","1","31073","1"
"Hall","1","8","Nebraska","3/31/20","0","8","31079","1"
"Kearney","0","1","Nebraska","3/31/20","0","1","31099","1"
"Knox","0","2","Nebraska","3/31/20","2","0","31107","0"
"Lancaster","1","8","Nebraska","3/31/20","2","6","31109","300"
"Lincoln","0","5","Nebraska","3/31/20","3","2","31111","66.67"
"Madison","0","2","Nebraska","3/31/20","1","1","31119","100"
"Nemaha","0","1","Nebraska","3/31/20","1","0","31127","0"
"Platte","0","1","Nebraska","3/31/20","0","1","31141","1"
"Sarpy","1","16","Nebraska","3/31/20","8","8","31153","100"
"Saunders","0","2","Nebraska","3/31/20","1","1","31155","100"
"Scotts Bluff","0","1","Nebraska","3/31/20","0","1","31157","1"
"Washington","2","19","Nebraska","3/31/20","3","16","31177","533.33"
"York","0","1","Nebraska","3/31/20","0","1","31185","1"
"Carson City","0","5","Nevada","3/31/20","2","3","32510","150"
"Clark","94","869","Nevada","3/31/20","212","657","32003","309.91"
"Douglas","1","6","Nevada","3/31/20","2","4","32005","200"
"Elko","0","5","Nevada","3/31/20","2","3","32007","150"
"Humboldt","0","3","Nevada","3/31/20","0","3","32013","1"
"Lyon","0","1","Nevada","3/31/20","0","1","32019","1"
"Nye","0","1","Nevada","3/31/20","1","0","32023","0"
"Washoe","11","121","Nevada","3/31/20","44","77","32031","175"
"White Pine","0","1","Nevada","3/31/20","0","1","32033","1"
"Belknap","1","12","New Hampshire","3/31/20","7","5","33001","71.43"
"Carroll","1","12","New Hampshire","3/31/20","7","5","33003","71.43"
"Cheshire","0","4","New Hampshire","3/31/20","1","3","33005","300"
"Grafton","2","34","New Hampshire","3/31/20","20","14","33009","70"
"Hillsborough","11","99","New Hampshire","3/31/20","19","80","33011","421.05"
"Merrimack","3","27","New Hampshire","3/31/20","4","23","33013","575"
"Rockingham","14","137","New Hampshire","3/31/20","38","99","33015","260.53"
"Strafford","3","28","New Hampshire","3/31/20","4","24","33017","600"
"Sullivan","0","4","New Hampshire","3/31/20","1","3","33019","300"
"Atlantic","4","31","New Jersey","3/31/20","6","25","34001","416.67"
"Bergen","315","2909","New Jersey","3/31/20","701","2208","34003","314.98"
"Burlington","23","202","New Jersey","3/31/20","42","160","34005","380.95"
"Camden","25","228","New Jersey","3/31/20","51","177","34007","347.06"
"Cape May","1","12","New Jersey","3/31/20","3","9","34009","300"
"Cumberland","2","18","New Jersey","3/31/20","2","16","34011","800"
"Essex","223","1900","New Jersey","3/31/20","342","1558","34013","455.56"
"Gloucester","14","114","New Jersey","3/31/20","19","95","34015","500"
"Hudson","196","1606","New Jersey","3/31/20","234","1372","34017","586.32"
"Hunterdon","10","97","New Jersey","3/31/20","25","72","34019","288"
"Mercer","30","268","New Jersey","3/31/20","58","210","34021","362.07"
"Middlesex","143","1277","New Jersey","3/31/20","277","1000","34023","361.01"
"Monmouth","122","1140","New Jersey","3/31/20","288","852","34025","295.83"
"Morris","91","841","New Jersey","3/31/20","204","637","34027","312.25"
"Ocean","120","1022","New Jersey","3/31/20","180","842","34029","467.78"
"Passaic","154","1294","New Jersey","3/31/20","216","1078","34031","499.07"
"Salem","2","12","New Jersey","3/31/20","1","11","34033","1100"
"Somerset","44","413","New Jersey","3/31/20","102","311","34035","304.9"
"Sussex","16","132","New Jersey","3/31/20","18","114","34037","633.33"
"Union","167","1418","New Jersey","3/31/20","246","1172","34039","476.42"
"Warren","9","76","New Jersey","3/31/20","15","61","34041","406.67"
"Bernalillo","12","129","New Mexico","3/31/20","43","86","35001","200"
"Chaves","1","10","New Mexico","3/31/20","4","6","35005","150"
"Cibola","0","2","New Mexico","3/31/20","1","1","35006","100"
"Curry","0","3","New Mexico","3/31/20","1","2","35009","200"
"Dona Ana","1","18","New Mexico","3/31/20","13","5","35013","38.46"
"Eddy","1","4","New Mexico","3/31/20","0","4","35015","1"
"Lea","0","2","New Mexico","3/31/20","1","1","35025","100"
"McKinley","2","16","New Mexico","3/31/20","3","13","35031","433.33"
"Rio Arriba","1","4","New Mexico","3/31/20","0","4","35039","1"
"Roosevelt","0","1","New Mexico","3/31/20","0","1","35041","1"
"San Juan","4","32","New Mexico","3/31/20","7","25","35045","357.14"
"San Miguel","0","1","New Mexico","3/31/20","1","0","35047","0"
"Sandoval","3","29","New Mexico","3/31/20","7","22","35043","314.29"
"Santa Fe","4","42","New Mexico","3/31/20","14","28","35049","200"
"Socorro","0","3","New Mexico","3/31/20","2","1","35053","50"
"Taos","1","11","New Mexico","3/31/20","3","8","35055","266.67"
"Torrance","0","3","New Mexico","3/31/20","0","3","35057","1"
"Valencia","1","5","New Mexico","3/31/20","0","5","35061","1"
"Albany","11","226","New York","3/31/20","146","80","36001","54.79"
"Allegany","1","9","New York","3/31/20","2","7","36003","350"
"Broome","4","38","New York","3/31/20","9","29","36007","322.22"
"Cattaraugus","1","6","New York","3/31/20","0","6","36009","1"
"Cayuga","0","4","New York","3/31/20","2","2","36011","100"
"Chautauqua","1","7","New York","3/31/20","2","5","36013","250"
"Chemung","2","20","New York","3/31/20","3","17","36015","566.67"
"Chenango","2","19","New York","3/31/20","3","16","36017","533.33"
"Clinton","2","21","New York","3/31/20","6","15","36019","250"
"Columbia","3","36","New York","3/31/20","18","18","36021","100"
"Cortland","1","10","New York","3/31/20","2","8","36023","400"
"Delaware","2","16","New York","3/31/20","3","13","36025","433.33"
"Dutchess","51","484","New York","3/31/20","124","360","36027","290.32"
"Erie","55","499","New York","3/31/20","114","385","36029","337.72"
"Essex","0","5","New York","3/31/20","3","2","36031","66.67"
"Franklin","1","6","New York","3/31/20","0","6","36033","1"
"Fulton","0","1","New York","3/31/20","1","0","36035","0"
"Genesee","1","11","New York","3/31/20","1","10","36037","1000"
"Greene","1","10","New York","3/31/20","4","6","36039","150"
"Hamilton","0","2","New York","3/31/20","2","0","36041","0"
"Herkimer","1","12","New York","3/31/20","4","8","36043","200"
"Jefferson","1","11","New York","3/31/20","2","9","36045","450"
"Lewis","0","2","New York","3/31/20","0","2","36049","1"
"Livingston","2","15","New York","3/31/20","3","12","36051","400"
"Madison","6","49","New York","3/31/20","4","45","36053","1125"
"Monroe","22","257","New York","3/31/20","106","151","36055","142.45"
"Montgomery","0","6","New York","3/31/20","3","3","36057","100"
"Nassau","811","8544","New York","3/31/20","2869","5675","36059","197.8"
"New York","4031","43119","New York","3/31/20","14904","28215","36061","189.31"
"Niagara","4","41","New York","3/31/20","10","31","36063","310"
"Oneida","3","34","New York","3/31/20","10","24","36065","240"
"Onondaga","27","249","New York","3/31/20","60","189","36067","315"
"Ontario","2","20","New York","3/31/20","6","14","36069","233.33"
"Orange","151","1556","New York","3/31/20","498","1058","36071","212.45"
"Orleans","1","5","New York","3/31/20","0","5","36073","1"
"Oswego","2","15","New York","3/31/20","2","13","36075","650"
"Otsego","2","17","New York","3/31/20","1","16","36077","1600"
"Putnam","12","167","New York","3/31/20","82","85","36079","103.66"
"Rensselaer","3","54","New York","3/31/20","33","21","36083","63.64"
"Rockland","313","2863","New York","3/31/20","671","2192","36087","326.68"
"Saratoga","8","108","New York","3/31/20","53","55","36091","103.77"
"Schenectady","6","85","New York","3/31/20","44","41","36093","93.18"
"Schoharie","1","6","New York","3/31/20","1","5","36095","500"
"Schuyler","0","2","New York","3/31/20","0","2","36097","1"
"St. Lawrence","3","23","New York","3/31/20","1","22","36089","2200"
"Steuben","2","19","New York","3/31/20","8","11","36101","137.5"
"Suffolk","690","6713","New York","3/31/20","1880","4833","36103","257.07"
"Sullivan","12","106","New York","3/31/20","23","83","36105","360.87"
"Tioga","1","8","New York","3/31/20","1","7","36107","700"
"Tompkins","8","73","New York","3/31/20","16","57","36109","356.25"
"Ulster","25","207","New York","3/31/20","35","172","36111","491.43"
"Warren","2","18","New York","3/31/20","2","16","36113","800"
"Washington","1","9","New York","3/31/20","3","6","36115","200"
"Wayne","1","15","New York","3/31/20","6","9","36117","150"
"Westchester","868","9967","New York","3/31/20","3891","6076","36119","156.16"
"Wyoming","1","8","New York","3/31/20","4","4","36121","100"
"Alamance","1","7","North Carolina","3/31/20","3","4","37001","133.33"
"Alexander","0","2","North Carolina","3/31/20","0","2","37003","1"
"Alleghany","0","2","North Carolina","3/31/20","0","2","37005","1"
"Anson","0","1","North Carolina","3/31/20","0","1","37007","1"
"Beaufort","0","5","North Carolina","3/31/20","2","3","37013","150"
"Bertie","1","6","North Carolina","3/31/20","1","5","37015","500"
"Brunswick","1","16","North Carolina","3/31/20","10","6","37019","60"
"Buncombe","1","22","North Carolina","3/31/20","12","10","37021","83.33"
"Burke","1","6","North Carolina","3/31/20","0","6","37023","1"
"Cabarrus","5","47","North Carolina","3/31/20","10","37","37025","370"
"Caldwell","0","3","North Carolina","3/31/20","1","2","37027","200"
"Carteret","1","12","North Carolina","3/31/20","5","7","37031","140"
"Caswell","0","1","North Carolina","3/31/20","0","1","37033","1"
"Catawba","1","14","North Carolina","3/31/20","4","10","37035","250"
"Chatham","2","16","North Carolina","3/31/20","3","13","37037","433.33"
"Cherokee","0","7","North Carolina","3/31/20","4","3","37039","75"
"Chowan","0","0","North Carolina","3/31/20","1","-1","37041","-100"
"Clay","0","1","North Carolina","3/31/20","0","1","37043","1"
"Cleveland","1","6","North Carolina","3/31/20","0","6","37045","1"
"Columbus","1","4","North Carolina","3/31/20","0","4","37047","1"
"Craven","0","6","North Carolina","3/31/20","3","3","37049","100"
"Cumberland","2","18","North Carolina","3/31/20","5","13","37051","260"
"Currituck","0","1","North Carolina","3/31/20","0","1","37053","1"
"Dare","0","2","North Carolina","3/31/20","0","2","37055","1"
"Davidson","3","22","North Carolina","3/31/20","3","19","37057","633.33"
"Davie","1","11","North Carolina","3/31/20","1","10","37059","1000"
"Duplin","0","1","North Carolina","3/31/20","1","0","37061","0"
"Durham","7","122","North Carolina","3/31/20","71","51","37063","71.83"
"Edgecombe","0","3","North Carolina","3/31/20","0","3","37065","1"
"Forsyth","4","42","North Carolina","3/31/20","14","28","37067","200"
"Franklin","1","11","North Carolina","3/31/20","4","7","37069","175"
"Gaston","3","27","North Carolina","3/31/20","4","23","37071","575"
"Granville","1","9","North Carolina","3/31/20","1","8","37077","800"
"Greene","0","3","North Carolina","3/31/20","0","3","37079","1"
"Guilford","5","50","North Carolina","3/31/20","16","34","37081","212.5"
"Halifax","1","6","North Carolina","3/31/20","0","6","37083","1"
"Harnett","1","18","North Carolina","3/31/20","9","9","37085","100"
"Henderson","2","18","North Carolina","3/31/20","2","16","37089","800"
"Hertford","0","4","North Carolina","3/31/20","1","3","37091","300"
"Hoke","0","4","North Carolina","3/31/20","1","3","37093","300"
"Hyde","0","0","North Carolina","3/31/20","1","-1","37095","-100"
"Iredell","2","25","North Carolina","3/31/20","9","16","37097","177.78"
"Jackson","0","1","North Carolina","3/31/20","1","0","37099","0"
"Johnston","1","14","North Carolina","3/31/20","4","10","37101","250"
"Lee","0","3","North Carolina","3/31/20","1","2","37105","200"
"Lenoir","0","3","North Carolina","3/31/20","1","2","37107","200"
"Lincoln","0","4","North Carolina","3/31/20","1","3","37109","300"
"Martin","0","3","North Carolina","3/31/20","0","3","37117","1"
"McDowell","1","7","North Carolina","3/31/20","2","5","37111","250"
"Mecklenburg","40","420","North Carolina","3/31/20","142","278","37119","195.77"
"Mitchell","0","1","North Carolina","3/31/20","0","1","37121","1"
"Montgomery","1","5","North Carolina","3/31/20","1","4","37123","400"
"Moore","1","8","North Carolina","3/31/20","2","6","37125","300"
"Nash","1","9","North Carolina","3/31/20","4","5","37127","125"
"New Hanover","3","34","North Carolina","3/31/20","10","24","37129","240"
"Northampton","4","30","North Carolina","3/31/20","1","29","37131","2900"
"Onslow","1","7","North Carolina","3/31/20","3","4","37133","133.33"
"Orange","4","34","North Carolina","3/31/20","6","28","37135","466.67"
"Pamlico","0","1","North Carolina","3/31/20","0","1","37137","1"
"Pasquotank","0","4","North Carolina","3/31/20","1","3","37139","300"
"Perquimans","0","1","North Carolina","3/31/20","0","1","37143","1"
"Person","0","2","North Carolina","3/31/20","0","2","37145","1"
"Pitt","3","27","North Carolina","3/31/20","6","21","37147","350"
"Polk","0","3","North Carolina","3/31/20","0","3","37149","1"
"Randolph","2","17","North Carolina","3/31/20","3","14","37151","466.67"
"Robeson","0","3","North Carolina","3/31/20","2","1","37155","50"
"Rockingham","0","2","North Carolina","3/31/20","0","2","37157","1"
"Rowan","3","23","North Carolina","3/31/20","5","18","37159","360"
"Rutherford","1","5","North Carolina","3/31/20","0","5","37161","1"
"Sampson","0","1","North Carolina","3/31/20","1","0","37163","0"
"Scotland","0","2","North Carolina","3/31/20","1","1","37165","100"
"Stanly","1","5","North Carolina","3/31/20","0","5","37167","1"
"Surry","0","2","North Carolina","3/31/20","0","2","37171","1"
"Transylvania","1","5","North Carolina","3/31/20","1","4","37175","400"
"Union","3","41","North Carolina","3/31/20","18","23","37179","127.78"
"Vance","0","4","North Carolina","3/31/20","1","3","37181","300"
"Wake","18","193","North Carolina","3/31/20","66","127","37183","192.42"
"Washington","0","2","North Carolina","3/31/20","0","2","37187","1"
"Watauga","0","5","North Carolina","3/31/20","3","2","37189","66.67"
"Wayne","0","5","North Carolina","3/31/20","2","3","37191","150"
"Wilkes","0","2","North Carolina","3/31/20","0","2","37193","1"
"Wilson","1","13","North Carolina","3/31/20","4","9","37195","225"
"Yadkin","0","3","North Carolina","3/31/20","0","3","37197","1"
"Barnes","0","2","North Dakota","3/31/20","0","2","38003","1"
"Burleigh","2","29","North Dakota","3/31/20","18","11","38015","61.11"
"Cass","4","32","North Dakota","3/31/20","3","29","38017","966.67"
"Divide","0","1","North Dakota","3/31/20","0","1","38023","1"
"Dunn","0","1","North Dakota","3/31/20","1","0","38025","0"
"Foster","0","1","North Dakota","3/31/20","0","1","38031","1"
"Grand Forks","0","2","North Dakota","3/31/20","0","2","38035","1"
"Grant","0","1","North Dakota","3/31/20","0","1","38037","1"
"McHenry","0","1","North Dakota","3/31/20","0","1","38049","1"
"McIntosh","0","1","North Dakota","3/31/20","0","1","38051","1"
"McLean","0","2","North Dakota","3/31/20","0","2","38055","1"
"Morton","1","14","North Dakota","3/31/20","7","7","38059","100"
"Mountrail","1","5","North Dakota","3/31/20","0","5","38061","1"
"Oliver","0","1","North Dakota","3/31/20","0","1","38065","1"
"Pierce","0","2","North Dakota","3/31/20","2","0","38069","0"
"Ramsey","0","3","North Dakota","3/31/20","1","2","38071","200"
"Sioux","0","1","North Dakota","3/31/20","0","1","38085","1"
"Stark","2","11","North Dakota","3/31/20","0","11","38089","1"
"Walsh","0","1","North Dakota","3/31/20","1","0","38099","0"
"Ward","1","9","North Dakota","3/31/20","3","6","38101","200"
"Williams","0","2","North Dakota","3/31/20","0","2","38105","1"
"","0","2","Northern Mariana Islands","3/31/20","0","2",,"1"
"Allen","1","5","Ohio","3/31/20","0","5","39003","1"
"Ashland","0","2","Ohio","3/31/20","1","1","39005","100"
"Ashtabula","0","6","Ohio","3/31/20","3","3","39007","100"
"Athens","0","3","Ohio","3/31/20","0","3","39009","1"
"Auglaize","0","2","Ohio","3/31/20","0","2","39011","1"
"Belmont","1","9","Ohio","3/31/20","2","7","39013","350"
"Brown","0","2","Ohio","3/31/20","0","2","39015","1"
"Butler","3","36","Ohio","3/31/20","18","18","39017","100"
"Carroll","0","5","Ohio","3/31/20","3","2","39019","66.67"
"Champaign","0","3","Ohio","3/31/20","1","2","39021","200"
"Clark","1","6","Ohio","3/31/20","2","4","39023","200"
"Clermont","1","10","Ohio","3/31/20","5","5","39025","100"
"Clinton","0","3","Ohio","3/31/20","1","2","39027","200"
"Columbiana","2","15","Ohio","3/31/20","3","12","39029","400"
"Coshocton","0","5","Ohio","3/31/20","3","2","39031","66.67"
"Crawford","1","5","Ohio","3/31/20","1","4","39033","400"
"Cuyahoga","51","527","Ohio","3/31/20","167","360","39035","215.57"
"Darke","2","13","Ohio","3/31/20","1","12","39037","1200"
"Defiance","0","5","Ohio","3/31/20","2","3","39039","150"
"Delaware","4","42","Ohio","3/31/20","11","31","39041","281.82"
"Erie","1","5","Ohio","3/31/20","1","4","39043","400"
"Fairfield","2","14","Ohio","3/31/20","2","12","39045","600"
"Fayette","0","1","Ohio","3/31/20","0","1","39047","1"
"Franklin","36","325","Ohio","3/31/20","75","250","39049","333.33"
"Fulton","0","2","Ohio","3/31/20","0","2","39051","1"
"Gallia","0","1","Ohio","3/31/20","1","0","39053","0"
"Geauga","3","24","Ohio","3/31/20","5","19","39055","380"
"Greene","0","6","Ohio","3/31/20","3","3","39057","100"
"Hamilton","12","124","Ohio","3/31/20","38","86","39061","226.32"
"Hancock","1","5","Ohio","3/31/20","1","4","39063","400"
"Highland","0","1","Ohio","3/31/20","1","0","39071","0"
"Holmes","0","1","Ohio","3/31/20","0","1","39075","1"
"Huron","0","4","Ohio","3/31/20","2","2","39077","100"
"Jefferson","2","11","Ohio","3/31/20","0","11","39081","1"
"Knox","0","4","Ohio","3/31/20","1","3","39083","300"
"Lake","5","44","Ohio","3/31/20","11","33","39085","300"
"Lawrence","0","1","Ohio","3/31/20","0","1","39087","1"
"Licking","3","25","Ohio","3/31/20","2","23","39089","1150"
"Logan","0","3","Ohio","3/31/20","2","1","39091","50"
"Lorain","7","82","Ohio","3/31/20","30","52","39093","173.33"
"Lucas","17","133","Ohio","3/31/20","13","120","39095","923.08"
"Madison","1","7","Ohio","3/31/20","1","6","39097","600"
"Mahoning","18","153","Ohio","3/31/20","28","125","39099","446.43"
"Marion","1","8","Ohio","3/31/20","4","4","39101","100"
"Medina","6","55","Ohio","3/31/20","15","40","39103","266.67"
"Mercer","0","2","Ohio","3/31/20","0","2","39107","1"
"Miami","5","52","Ohio","3/31/20","19","33","39109","173.68"
"Montgomery","4","37","Ohio","3/31/20","10","27","39113","270"
"Muskingum","0","2","Ohio","3/31/20","0","2","39119","1"
"Ottawa","0","2","Ohio","3/31/20","0","2","39123","1"
"Perry","0","1","Ohio","3/31/20","0","1","39127","1"
"Pickaway","2","12","Ohio","3/31/20","0","12","39129","1"
"Pike","0","1","Ohio","3/31/20","0","1","39131","1"
"Portage","5","38","Ohio","3/31/20","4","34","39133","850"
"Preble","0","1","Ohio","3/31/20","0","1","39135","1"
"Richland","0","6","Ohio","3/31/20","4","2","39139","50"
"Ross","0","2","Ohio","3/31/20","0","2","39141","1"
"Sandusky","0","4","Ohio","3/31/20","1","3","39143","300"
"Seneca","0","3","Ohio","3/31/20","1","2","39147","200"
"Shelby","1","5","Ohio","3/31/20","0","5","39149","1"
"Stark","5","45","Ohio","3/31/20","13","32","39151","246.15"
"Summit","14","131","Ohio","3/31/20","36","95","39153","263.89"
"Trumbull","7","50","Ohio","3/31/20","4","46","39155","1150"
"Tuscarawas","1","7","Ohio","3/31/20","3","4","39157","133.33"
"Union","0","4","Ohio","3/31/20","2","2","39159","100"
"Van Wert","0","1","Ohio","3/31/20","0","1","39161","1"
"Warren","2","21","Ohio","3/31/20","7","14","39165","200"
"Washington","0","3","Ohio","3/31/20","1","2","39167","200"
"Wayne","1","9","Ohio","3/31/20","0","9","39169","1"
"Wood","2","15","Ohio","3/31/20","2","13","39173","650"
"Wyandot","0","2","Ohio","3/31/20","0","2","39175","1"
"Adair","1","4","Oklahoma","3/31/20","0","4","40001","1"
"Beckham","0","1","Oklahoma","3/31/20","0","1","40009","1"
"Bryan","0","1","Oklahoma","3/31/20","0","1","40013","1"
"Caddo","0","1","Oklahoma","3/31/20","0","1","40015","1"
"Canadian","2","19","Oklahoma","3/31/20","4","15","40017","375"
"Carter","0","1","Oklahoma","3/31/20","0","1","40019","1"
"Cherokee","1","4","Oklahoma","3/31/20","0","4","40021","1"
"Choctaw","0","1","Oklahoma","3/31/20","0","1","40023","1"
"Cleveland","6","65","Oklahoma","3/31/20","22","43","40027","195.45"
"Comanche","2","15","Oklahoma","3/31/20","0","15","40031","1"
"Cotton","0","1","Oklahoma","3/31/20","0","1","40033","1"
"Craig","0","1","Oklahoma","3/31/20","0","1","40035","1"
"Creek","3","21","Oklahoma","3/31/20","0","21","40037","1"
"Custer","0","4","Oklahoma","3/31/20","2","2","40039","100"
"Delaware","1","7","Oklahoma","3/31/20","0","7","40041","1"
"Garfield","0","2","Oklahoma","3/31/20","0","2","40047","1"
"Garvin","1","6","Oklahoma","3/31/20","2","4","40049","200"
"Grady","0","2","Oklahoma","3/31/20","1","1","40051","100"
"Jackson","0","1","Oklahoma","3/31/20","1","0","40065","0"
"Kay","3","24","Oklahoma","3/31/20","5","19","40071","380"
"Latimer","0","1","Oklahoma","3/31/20","0","1","40077","1"
"Le Flore","0","1","Oklahoma","3/31/20","0","1","40079","1"
"Lincoln","1","5","Oklahoma","3/31/20","0","5","40081","1"
"Logan","0","4","Oklahoma","3/31/20","1","3","40083","300"
"Love","0","1","Oklahoma","3/31/20","0","1","40085","1"
"Mayes","0","4","Oklahoma","3/31/20","1","3","40097","300"
"McClain","0","3","Oklahoma","3/31/20","1","2","40087","200"
"Muskogee","1","8","Oklahoma","3/31/20","1","7","40101","700"
"Noble","0","4","Oklahoma","3/31/20","2","2","40103","100"
"Nowata","1","5","Oklahoma","3/31/20","0","5","40105","1"
"Oklahoma","16","155","Oklahoma","3/31/20","41","114","40109","278.05"
"Okmulgee","0","3","Oklahoma","3/31/20","0","3","40111","1"
"Osage","2","16","Oklahoma","3/31/20","0","16","40113","1"
"Ottawa","1","7","Oklahoma","3/31/20","0","7","40115","1"
"Out of OK","0","2","Oklahoma","3/31/20","0","2","80040","1"
"Pawnee","2","15","Oklahoma","3/31/20","4","11","40117","275"
"Payne","2","15","Oklahoma","3/31/20","3","12","40119","400"
"Pittsburg","0","2","Oklahoma","3/31/20","0","2","40121","1"
"Pontotoc","1","5","Oklahoma","3/31/20","1","4","40123","400"
"Pottawatomie","1","5","Oklahoma","3/31/20","0","5","40125","1"
"Rogers","0","3","Oklahoma","3/31/20","0","3","40131","1"
"Seminole","0","1","Oklahoma","3/31/20","0","1","40133","1"
"Sequoyah","0","2","Oklahoma","3/31/20","0","2","40135","1"
"Stephens","1","5","Oklahoma","3/31/20","0","5","40137","1"
"Texas","0","1","Oklahoma","3/31/20","0","1","40139","1"
"Tulsa","10","83","Oklahoma","3/31/20","12","71","40143","591.67"
"Wagoner","1","10","Oklahoma","3/31/20","0","10","40145","1"
"Washington","3","21","Oklahoma","3/31/20","2","19","40147","950"
"Benton","1","12","Oregon","3/31/20","4","8","41003","200"
"Clackamas","5","50","Oregon","3/31/20","17","33","41005","194.12"
"Clatsop","0","3","Oregon","3/31/20","1","2","41007","200"
"Columbia","0","1","Oregon","3/31/20","0","1","41009","1"
"Deschutes","2","24","Oregon","3/31/20","10","14","41017","140"
"Douglas","1","9","Oregon","3/31/20","1","8","41019","800"
"Grant","0","1","Oregon","3/31/20","1","0","41023","0"
"Hood River","0","3","Oregon","3/31/20","1","2","41027","200"
"Jackson","3","21","Oregon","3/31/20","3","18","41029","600"
"Josephine","1","10","Oregon","3/31/20","1","9","41033","900"
"Klamath","1","5","Oregon","3/31/20","1","4","41035","400"
"Lane","2","16","Oregon","3/31/20","4","12","41039","300"
"Lincoln","0","2","Oregon","3/31/20","0","2","41041","1"
"Linn","2","37","Oregon","3/31/20","21","16","41043","76.19"
"Malheur","0","1","Oregon","3/31/20","0","1","41045","1"
"Marion","16","141","Oregon","3/31/20","32","109","41047","340.62"
"Morrow","0","1","Oregon","3/31/20","0","1","41049","1"
"Multnomah","13","116","Oregon","3/31/20","25","91","41051","364"
"Polk","2","18","Oregon","3/31/20","3","15","41053","500"
"Tillamook","0","3","Oregon","3/31/20","0","3","41057","1"
"Umatilla","0","5","Oregon","3/31/20","2","3","41059","150"
"Union","0","1","Oregon","3/31/20","1","0","41061","0"
"Wallowa","0","1","Oregon","3/31/20","0","1","41063","1"
"Wasco","1","7","Oregon","3/31/20","0","7","41065","1"
"Washington","16","186","Oregon","3/31/20","76","110","41067","144.74"
"Yamhill","1","16","Oregon","3/31/20","6","10","41071","166.67"
"Adams","0","9","Pennsylvania","3/31/20","6","3","42001","50"
"Allegheny","38","325","Pennsylvania","3/31/20","58","267","42003","460.34"
"Armstrong","1","5","Pennsylvania","3/31/20","1","4","42005","400"
"Beaver","7","52","Pennsylvania","3/31/20","3","49","42007","1633.33"
"Bedford","0","2","Pennsylvania","3/31/20","0","2","42009","1"
"Berks","13","110","Pennsylvania","3/31/20","16","94","42011","587.5"
"Blair","1","4","Pennsylvania","3/31/20","0","4","42013","1"
"Bradford","1","7","Pennsylvania","3/31/20","1","6","42015","600"
"Bucks","31","288","Pennsylvania","3/31/20","69","219","42017","317.39"
"Butler","8","60","Pennsylvania","3/31/20","6","54","42019","900"
"Cambria","0","2","Pennsylvania","3/31/20","1","1","42021","100"
"Cameron","0","1","Pennsylvania","3/31/20","0","1","42023","1"
"Carbon","2","17","Pennsylvania","3/31/20","1","16","42025","1600"
"Centre","3","26","Pennsylvania","3/31/20","7","19","42027","271.43"
"Chester","17","159","Pennsylvania","3/31/20","40","119","42029","297.5"
"Clarion","0","3","Pennsylvania","3/31/20","0","3","42031","1"
"Clearfield","0","4","Pennsylvania","3/31/20","1","3","42033","300"
"Columbia","1","7","Pennsylvania","3/31/20","1","6","42037","600"
"Crawford","1","4","Pennsylvania","3/31/20","0","4","42039","1"
"Cumberland","3","36","Pennsylvania","3/31/20","13","23","42041","176.92"
"Dauphin","6","45","Pennsylvania","3/31/20","4","41","42043","1025"
"Delaware","36","338","Pennsylvania","3/31/20","84","254","42045","302.38"
"Erie","1","14","Pennsylvania","3/31/20","5","9","42049","180"
"Fayette","2","14","Pennsylvania","3/31/20","2","12","42051","600"
"Franklin","2","19","Pennsylvania","3/31/20","3","16","42055","533.33"
"Greene","1","9","Pennsylvania","3/31/20","0","9","42059","1"
"Huntingdon","0","1","Pennsylvania","3/31/20","0","1","42061","1"
"Indiana","1","6","Pennsylvania","3/31/20","0","6","42063","1"
"Juniata","0","3","Pennsylvania","3/31/20","1","2","42067","200"
"Lackawanna","9","78","Pennsylvania","3/31/20","15","63","42069","420"
"Lancaster","16","123","Pennsylvania","3/31/20","10","113","42071","1130"
"Lawrence","2","13","Pennsylvania","3/31/20","0","13","42073","1"
"Lebanon","4","28","Pennsylvania","3/31/20","3","25","42075","833.33"
"Lehigh","35","272","Pennsylvania","3/31/20","27","245","42077","907.41"
"Luzerne","27","212","Pennsylvania","3/31/20","21","191","42079","909.52"
"Lycoming","1","6","Pennsylvania","3/31/20","0","6","42081","1"
"McKean","0","1","Pennsylvania","3/31/20","0","1","42083","1"
"Mercer","1","8","Pennsylvania","3/31/20","2","6","42085","300"
"Mifflin","0","2","Pennsylvania","3/31/20","0","2","42087","1"
"Monroe","27","236","Pennsylvania","3/31/20","45","191","42089","424.44"
"Montgomery","59","570","Pennsylvania","3/31/20","159","411","42091","258.49"
"Montour","1","9","Pennsylvania","3/31/20","3","6","42093","200"
"Northampton","30","245","Pennsylvania","3/31/20","33","212","42095","642.42"
"Northumberland","0","1","Pennsylvania","3/31/20","0","1","42097","1"
"Perry","0","1","Pennsylvania","3/31/20","0","1","42099","1"
"Philadelphia","152","1315","Pennsylvania","3/31/20","252","1063","42101","421.83"
"Pike","6","48","Pennsylvania","3/31/20","4","44","42103","1100"
"Potter","0","2","Pennsylvania","3/31/20","1","1","42105","100"
"Schuylkill","5","38","Pennsylvania","3/31/20","5","33","42107","660"
"Snyder","0","2","Pennsylvania","3/31/20","0","2","42109","1"
"Somerset","0","2","Pennsylvania","3/31/20","1","1","42111","100"
"Susquehanna","0","1","Pennsylvania","3/31/20","0","1","42115","1"
"Tioga","0","2","Pennsylvania","3/31/20","0","2","42117","1"
"Union","1","4","Pennsylvania","3/31/20","0","4","42119","1"
"Venango","0","3","Pennsylvania","3/31/20","0","3","42121","1"
"Warren","0","1","Pennsylvania","3/31/20","0","1","42123","1"
"Washington","3","33","Pennsylvania","3/31/20","9","24","42125","266.67"
"Wayne","1","10","Pennsylvania","3/31/20","4","6","42127","150"
"Westmoreland","7","61","Pennsylvania","3/31/20","11","50","42129","454.55"
"York","7","66","Pennsylvania","3/31/20","18","48","42133","266.67"
"","29","239","Puerto Rico","3/31/20","39","200",,"512.82"
"Bristol","-1","14","Rhode Island","3/31/20","24","-10","44001","-41.67"
"Kent","3","31","Rhode Island","3/31/20","7","24","44003","342.86"
"Newport","2","23","Rhode Island","3/31/20","9","14","44005","155.56"
"Providence","22","208","Rhode Island","3/31/20","52","156","44007","300"
"Washington","3","28","Rhode Island","3/31/20","9","19","44009","211.11"
"Abbeville","0","4","South Carolina","3/31/20","1","3","45001","300"
"Aiken","2","13","South Carolina","3/31/20","2","11","45003","550"
"Anderson","3","39","South Carolina","3/31/20","16","23","45007","143.75"
"Bamberg","0","2","South Carolina","3/31/20","0","2","45009","1"
"Barnwell","0","1","South Carolina","3/31/20","0","1","45011","1"
"Beaufort","10","91","South Carolina","3/31/20","22","69","45013","313.64"
"Berkeley","2","15","South Carolina","3/31/20","4","11","45015","275"
"Calhoun","0","3","South Carolina","3/31/20","1","2","45017","200"
"Charleston","15","142","South Carolina","3/31/20","36","106","45019","294.44"
"Chester","0","2","South Carolina","3/31/20","1","1","45023","100"
"Chesterfield","1","6","South Carolina","3/31/20","1","5","45025","500"
"Clarendon","3","25","South Carolina","3/31/20","5","20","45027","400"
"Colleton","1","5","South Carolina","3/31/20","1","4","45029","400"
"Darlington","0","11","South Carolina","3/31/20","8","3","45031","37.5"
"Dillon","0","1","South Carolina","3/31/20","1","0","45033","0"
"Dorchester","2","17","South Carolina","3/31/20","3","14","45035","466.67"
"Edgefield","0","2","South Carolina","3/31/20","1","1","45037","100"
"Fairfield","1","6","South Carolina","3/31/20","2","4","45039","200"
"Florence","2","19","South Carolina","3/31/20","5","14","45041","280"
"Georgetown","2","13","South Carolina","3/31/20","2","11","45043","550"
"Greenville","10","106","South Carolina","3/31/20","39","67","45045","171.79"
"Greenwood","0","5","South Carolina","3/31/20","2","3","45047","150"
"Horry","3","37","South Carolina","3/31/20","19","18","45051","94.74"
"Jasper","0","3","South Carolina","3/31/20","2","1","45053","50"
"Kershaw","7","105","South Carolina","3/31/20","58","47","45055","81.03"
"Lancaster","1","15","South Carolina","3/31/20","7","8","45057","114.29"
"Laurens","0","3","South Carolina","3/31/20","0","3","45059","1"
"Lee","0","5","South Carolina","3/31/20","2","3","45061","150"
"Lexington","5","54","South Carolina","3/31/20","19","35","45063","184.21"
"Marion","0","2","South Carolina","3/31/20","0","2","45067","1"
"Marlboro","0","2","South Carolina","3/31/20","1","1","45069","100"
"Newberry","0","2","South Carolina","3/31/20","1","1","45071","100"
"Oconee","0","5","South Carolina","3/31/20","2","3","45073","150"
"Orangeburg","2","22","South Carolina","3/31/20","8","14","45075","175"
"Pickens","2","14","South Carolina","3/31/20","1","13","45077","1300"
"Richland","15","148","South Carolina","3/31/20","45","103","45079","228.89"
"Saluda","0","1","South Carolina","3/31/20","1","0","45081","0"
"Spartanburg","5","37","South Carolina","3/31/20","4","33","45083","825"
"Sumter","4","39","South Carolina","3/31/20","8","31","45085","387.5"
"Union","0","3","South Carolina","3/31/20","0","3","45087","1"
"Williamsburg","0","2","South Carolina","3/31/20","0","2","45089","1"
"York","6","56","South Carolina","3/31/20","11","45","45091","409.09"
"Aurora","0","1","South Dakota","3/31/20","0","1","46003","1"
"Beadle","1","20","South Dakota","3/31/20","13","7","46005","53.85"
"Bon Homme","0","1","South Dakota","3/31/20","1","0","46009","0"
"Brookings","0","1","South Dakota","3/31/20","1","0","46011","0"
"Brown","0","3","South Dakota","3/31/20","1","2","46013","200"
"Charles Mix","0","1","South Dakota","3/31/20","1","0","46023","0"
"Clark","0","1","South Dakota","3/31/20","0","1","46025","1"
"Clay","0","3","South Dakota","3/31/20","0","3","46027","1"
"Codington","1","5","South Dakota","3/31/20","1","4","46029","400"
"Davison","0","2","South Dakota","3/31/20","2","0","46035","0"
"Deuel","0","1","South Dakota","3/31/20","0","1","46039","1"
"Fall River","0","1","South Dakota","3/31/20","0","1","46047","1"
"Faulk","0","1","South Dakota","3/31/20","0","1","46049","1"
"Hamlin","0","1","South Dakota","3/31/20","0","1","46057","1"
"Hughes","0","1","South Dakota","3/31/20","1","0","46065","0"
"Hutchinson","0","2","South Dakota","3/31/20","0","2","46067","1"
"Kingsbury","0","1","South Dakota","3/31/20","0","1","46077","1"
"Lawrence","1","6","South Dakota","3/31/20","0","6","46081","1"
"Lincoln","1","5","South Dakota","3/31/20","0","5","46083","1"
"Lyman","0","1","South Dakota","3/31/20","1","0","46085","0"
"Marshall","0","1","South Dakota","3/31/20","0","1","46091","1"
"McCook","0","2","South Dakota","3/31/20","2","0","46087","0"
"Meade","0","1","South Dakota","3/31/20","0","1","46093","1"
"Minnehaha","4","31","South Dakota","3/31/20","5","26","46099","520"
"Pennington","1","5","South Dakota","3/31/20","1","4","46103","400"
"Roberts","0","1","South Dakota","3/31/20","0","1","46109","1"
"Todd","0","1","South Dakota","3/31/20","0","1","46121","1"
"Turner","0","1","South Dakota","3/31/20","0","1","46125","1"
"Union","0","1","South Dakota","3/31/20","0","1","46127","1"
"Yankton","1","6","South Dakota","3/31/20","0","6","46135","1"
"Anderson","1","10","Tennessee","3/31/20","1","9","47001","900"
"Bedford","0","2","Tennessee","3/31/20","0","2","47003","1"
"Benton","1","4","Tennessee","3/31/20","0","4","47005","1"
"Bledsoe","0","2","Tennessee","3/31/20","0","2","47007","1"
"Blount","3","25","Tennessee","3/31/20","3","22","47009","733.33"
"Bradley","1","10","Tennessee","3/31/20","2","8","47011","400"
"Campbell","0","4","Tennessee","3/31/20","2","2","47013","100"
"Cannon","0","3","Tennessee","3/31/20","0","3","47015","1"
"Carroll","0","5","Tennessee","3/31/20","3","2","47017","66.67"
"Carter","0","1","Tennessee","3/31/20","0","1","47019","1"
"Cheatham","1","10","Tennessee","3/31/20","5","5","47021","100"
"Chester","0","3","Tennessee","3/31/20","1","2","47023","200"
"Claiborne","0","2","Tennessee","3/31/20","1","1","47025","100"
"Cocke","0","1","Tennessee","3/31/20","1","0","47029","0"
"Coffee","0","1","Tennessee","3/31/20","0","1","47031","1"
"Cumberland","1","11","Tennessee","3/31/20","3","8","47035","266.67"
"Davidson","41","541","Tennessee","3/31/20","253","288","47037","113.83"
"DeKalb","1","4","Tennessee","3/31/20","0","4","47041","1"
"Dickson","2","17","Tennessee","3/31/20","5","12","47043","240"
"Dyer","0","3","Tennessee","3/31/20","2","1","47045","50"
"Fayette","1","12","Tennessee","3/31/20","2","10","47047","500"
"Fentress","0","1","Tennessee","3/31/20","0","1","47049","1"
"Franklin","1","5","Tennessee","3/31/20","1","4","47051","400"
"Gibson","1","6","Tennessee","3/31/20","2","4","47053","200"
"Giles","0","3","Tennessee","3/31/20","0","3","47055","1"
"Greene","1","12","Tennessee","3/31/20","5","7","47059","140"
"Grundy","0","4","Tennessee","3/31/20","1","3","47061","300"
"Hamblen","0","2","Tennessee","3/31/20","2","0","47063","0"
"Hamilton","6","50","Tennessee","3/31/20","8","42","47065","525"
"Hardeman","0","1","Tennessee","3/31/20","0","1","47069","1"
"Hardin","0","1","Tennessee","3/31/20","1","0","47071","0"
"Hawkins","1","4","Tennessee","3/31/20","0","4","47073","1"
"Haywood","0","2","Tennessee","3/31/20","0","2","47075","1"
"Henry","0","1","Tennessee","3/31/20","0","1","47079","1"
"Houston","0","1","Tennessee","3/31/20","1","0","47083","0"
"Humphreys","0","2","Tennessee","3/31/20","0","2","47085","1"
"Jefferson","0","6","Tennessee","3/31/20","4","2","47089","50"
"Johnson","0","2","Tennessee","3/31/20","0","2","47091","1"
"Knox","7","66","Tennessee","3/31/20","15","51","47093","340"
"Lawrence","0","2","Tennessee","3/31/20","0","2","47099","1"
"Lewis","0","2","Tennessee","3/31/20","0","2","47101","1"
"Lincoln","0","1","Tennessee","3/31/20","1","0","47103","0"
"Loudon","1","8","Tennessee","3/31/20","2","6","47105","300"
"Macon","1","4","Tennessee","3/31/20","0","4","47111","1"
"Madison","1","5","Tennessee","3/31/20","1","4","47113","400"
"Marion","1","5","Tennessee","3/31/20","1","4","47115","400"
"Marshall","0","1","Tennessee","3/31/20","0","1","47117","1"
"Maury","1","15","Tennessee","3/31/20","6","9","47119","150"
"McMinn","0","3","Tennessee","3/31/20","2","1","47107","50"
"McNairy","0","1","Tennessee","3/31/20","0","1","47109","1"
"Meigs","0","1","Tennessee","3/31/20","0","1","47121","1"
"Monroe","0","5","Tennessee","3/31/20","2","3","47123","150"
"Montgomery","2","19","Tennessee","3/31/20","6","13","47125","216.67"
"Morgan","0","1","Tennessee","3/31/20","0","1","47129","1"
"Obion","0","1","Tennessee","3/31/20","0","1","47131","1"
"Out of TN","14","190","Tennessee","3/31/20","95","95","80047","100"
"Overton","0","2","Tennessee","3/31/20","1","1","47133","100"
"Perry","0","2","Tennessee","3/31/20","1","1","47135","100"
"Putnam","2","24","Tennessee","3/31/20","8","16","47141","200"
"Rhea","0","1","Tennessee","3/31/20","0","1","47143","1"
"Roane","0","2","Tennessee","3/31/20","1","1","47145","100"
"Robertson","2","28","Tennessee","3/31/20","12","16","47147","133.33"
"Rutherford","8","68","Tennessee","3/31/20","13","55","47149","423.08"
"Scott","0","2","Tennessee","3/31/20","1","1","47151","100"
"Sequatchie","0","1","Tennessee","3/31/20","0","1","47153","1"
"Sevier","1","8","Tennessee","3/31/20","2","6","47155","300"
"Shelby","42","428","Tennessee","3/31/20","135","293","47157","217.04"
"Smith","0","2","Tennessee","3/31/20","0","2","47159","1"
"Sullivan","2","13","Tennessee","3/31/20","2","11","47163","550"
"Sumner","21","184","Tennessee","3/31/20","34","150","47165","441.18"
"Tipton","2","21","Tennessee","3/31/20","6","15","47167","250"
"Trousdale","1","4","Tennessee","3/31/20","0","4","47169","1"
"Unicoi","0","1","Tennessee","3/31/20","0","1","47171","1"
"Union","0","1","Tennessee","3/31/20","0","1","47173","1"
"Warren","0","1","Tennessee","3/31/20","0","1","47177","1"
"Washington","1","14","Tennessee","3/31/20","7","7","47179","100"
"Wayne","0","1","Tennessee","3/31/20","0","1","47181","1"
"Weakley","0","1","Tennessee","3/31/20","0","1","47183","1"
"White","0","1","Tennessee","3/31/20","0","1","47185","1"
"Williamson","10","131","Tennessee","3/31/20","64","67","47187","104.69"
"Wilson","5","39","Tennessee","3/31/20","7","32","47189","457.14"
"Anderson","0","1","Texas","3/31/20","0","1","48001","1"
"Angelina","1","5","Texas","3/31/20","0","5","48005","1"
"Atascosa","0","2","Texas","3/31/20","2","0","48013","0"
"Austin","0","2","Texas","3/31/20","0","2","48015","1"
"Bastrop","1","6","Texas","3/31/20","1","5","48021","500"
"Bell","4","44","Texas","3/31/20","18","26","48027","144.44"
"Bexar","14","168","Texas","3/31/20","69","99","48029","143.48"
"Blanco","0","1","Texas","3/31/20","1","0","48031","0"
"Bowie","1","9","Texas","3/31/20","1","8","48037","800"
"Brazoria","10","95","Texas","3/31/20","28","67","48039","239.29"
"Brazos","5","53","Texas","3/31/20","16","37","48041","231.25"
"Brown","0","3","Texas","3/31/20","2","1","48049","50"
"Burleson","0","1","Texas","3/31/20","0","1","48051","1"
"Burnet","0","3","Texas","3/31/20","1","2","48053","200"
"Caldwell","0","1","Texas","3/31/20","0","1","48055","1"
"Calhoun","1","7","Texas","3/31/20","0","7","48057","1"
"Cameron","3","26","Texas","3/31/20","6","20","48061","333.33"
"Cass","0","2","Texas","3/31/20","0","2","48067","1"
"Castro","1","8","Texas","3/31/20","2","6","48069","300"
"Chambers","1","8","Texas","3/31/20","1","7","48071","700"
"Cherokee","0","2","Texas","3/31/20","0","2","48073","1"
"Collin","16","160","Texas","3/31/20","45","115","48085","255.56"
"Colorado","0","2","Texas","3/31/20","0","2","48089","1"
"Comal","1","11","Texas","3/31/20","5","6","48091","120"
"Comanche","0","2","Texas","3/31/20","0","2","48093","1"
"Coryell","0","1","Texas","3/31/20","0","1","48099","1"
"Crane","0","2","Texas","3/31/20","1","1","48103","100"
"Dallas","66","631","Texas","3/31/20","169","462","48113","273.37"
"Dawson","0","3","Texas","3/31/20","0","3","48115","1"
"Deaf Smith","0","2","Texas","3/31/20","1","1","48117","100"
"Denton","24","206","Texas","3/31/20","38","168","48121","442.11"
"DeWitt","1","6","Texas","3/31/20","1","5","48123","500"
"Donley","0","1","Texas","3/31/20","0","1","48129","1"
"Eastland","0","4","Texas","3/31/20","1","3","48133","300"
"Ector","1","10","Texas","3/31/20","0","10","48135","1"
"El Paso","6","53","Texas","3/31/20","10","43","48141","430"
"Ellis","2","20","Texas","3/31/20","6","14","48139","233.33"
"Erath","1","5","Texas","3/31/20","1","4","48143","400"
"Falls","0","1","Texas","3/31/20","1","0","48145","0"
"Fannin","0","1","Texas","3/31/20","1","0","48147","0"
"Fayette","0","2","Texas","3/31/20","1","1","48149","100"
"Fort Bend","17","163","Texas","3/31/20","46","117","48157","254.35"
"Franklin","0","1","Texas","3/31/20","0","1","48159","1"
"Gaines","0","1","Texas","3/31/20","1","0","48165","0"
"Galveston","11","92","Texas","3/31/20","18","74","48167","411.11"
"Gillespie","0","1","Texas","3/31/20","0","1","48171","1"
"Grayson","1","7","Texas","3/31/20","2","5","48181","250"
"Gregg","1","5","Texas","3/31/20","1","4","48183","400"
"Grimes","0","3","Texas","3/31/20","2","1","48185","50"
"Guadalupe","2","15","Texas","3/31/20","4","11","48187","275"
"Hale","0","1","Texas","3/31/20","0","1","48189","1"
"Hardin","1","12","Texas","3/31/20","2","10","48199","500"
"Harris","78","680","Texas","3/31/20","134","546","48201","407.46"
"Harrison","0","1","Texas","3/31/20","0","1","48203","1"
"Hays","4","38","Texas","3/31/20","7","31","48209","442.86"
"Henderson","0","1","Texas","3/31/20","0","1","48213","1"
"Hidalgo","5","38","Texas","3/31/20","2","36","48215","1800"
"Hill","0","1","Texas","3/31/20","0","1","48217","1"
"Hockley","1","7","Texas","3/31/20","3","4","48219","133.33"
"Hood","1","6","Texas","3/31/20","0","6","48221","1"
"Hopkins","0","2","Texas","3/31/20","1","1","48223","100"
"Hunt","0","4","Texas","3/31/20","1","3","48231","300"
"Jackson","0","1","Texas","3/31/20","0","1","48239","1"
"Jasper","0","1","Texas","3/31/20","0","1","48241","1"
"Jefferson","2","18","Texas","3/31/20","6","12","48245","200"
"Johnson","1","8","Texas","3/31/20","2","6","48251","300"
"Karnes","0","2","Texas","3/31/20","0","2","48255","1"
"Kaufman","0","3","Texas","3/31/20","0","3","48257","1"
"Kendall","1","7","Texas","3/31/20","1","6","48259","600"
"Kerr","0","1","Texas","3/31/20","0","1","48265","1"
"Kleberg","0","1","Texas","3/31/20","0","1","48273","1"
"Lamar","0","3","Texas","3/31/20","1","2","48277","200"
"Lamb","0","1","Texas","3/31/20","0","1","48279","1"
"Lavaca","0","1","Texas","3/31/20","1","0","48285","0"
"Leon","0","1","Texas","3/31/20","0","1","48289","1"
"Liberty","0","2","Texas","3/31/20","1","1","48291","100"
"Limestone","0","2","Texas","3/31/20","0","2","48293","1"
"Live Oak","0","1","Texas","3/31/20","0","1","48297","1"
"Llano","0","3","Texas","3/31/20","1","2","48299","200"
"Lubbock","9","77","Texas","3/31/20","12","65","48303","541.67"
"Lynn","0","2","Texas","3/31/20","0","2","48305","1"
"Martin","0","1","Texas","3/31/20","0","1","48317","1"
"Matagorda","2","21","Texas","3/31/20","4","17","48321","425"
"Maverick","0","1","Texas","3/31/20","1","0","48323","0"
"McLennan","2","39","Texas","3/31/20","24","15","48309","62.5"
"Medina","0","3","Texas","3/31/20","1","2","48325","200"
"Midland","2","16","Texas","3/31/20","3","13","48329","433.33"
"Milam","0","2","Texas","3/31/20","2","0","48331","0"
"Montague","0","1","Texas","3/31/20","0","1","48337","1"
"Montgomery","10","93","Texas","3/31/20","23","70","48339","304.35"
"Moore","0","1","Texas","3/31/20","0","1","48341","1"
"Morris","0","1","Texas","3/31/20","0","1","48343","1"
"Nacogdoches","0","2","Texas","3/31/20","0","2","48347","1"
"Navarro","0","3","Texas","3/31/20","0","3","48349","1"
"Newton","0","1","Texas","3/31/20","0","1","48351","1"
"Nueces","4","34","Texas","3/31/20","6","28","48355","466.67"
"Oldham","0","2","Texas","3/31/20","1","1","48359","100"
"Orange","1","5","Texas","3/31/20","1","4","48361","400"
"Panola","0","1","Texas","3/31/20","0","1","48365","1"
"Parker","0","4","Texas","3/31/20","1","3","48367","300"
"Polk","1","4","Texas","3/31/20","0","4","48373","1"
"Potter","1","8","Texas","3/31/20","3","5","48375","166.67"
"Randall","1","10","Texas","3/31/20","2","8","48381","400"
"Robertson","0","2","Texas","3/31/20","1","1","48395","100"
"Rockwall","1","5","Texas","3/31/20","0","5","48397","1"
"Rusk","0","3","Texas","3/31/20","1","2","48401","200"
"San Augustine","0","1","Texas","3/31/20","0","1","48405","1"
"San Jacinto","0","1","Texas","3/31/20","0","1","48407","1"
"San Patricio","0","2","Texas","3/31/20","0","2","48409","1"
"Shelby","0","2","Texas","3/31/20","0","2","48419","1"
"Smith","3","36","Texas","3/31/20","14","22","48423","157.14"
"Starr","0","2","Texas","3/31/20","0","2","48427","1"
"Swisher","0","1","Texas","3/31/20","0","1","48437","1"
"Tarrant","29","273","Texas","3/31/20","71","202","48439","284.51"
"Taylor","2","14","Texas","3/31/20","0","14","48441","1"
"Terry","0","4","Texas","3/31/20","1","3","48445","300"
"Tom Green","1","9","Texas","3/31/20","1","8","48451","800"
"Travis","23","244","Texas","3/31/20","86","158","48453","183.72"
"Tyler","0","1","Texas","3/31/20","0","1","48457","1"
"Upshur","0","2","Texas","3/31/20","0","2","48459","1"
"Uvalde","0","2","Texas","3/31/20","0","2","48463","1"
"Val Verde","1","5","Texas","3/31/20","0","5","48465","1"
"Van Zandt","0","2","Texas","3/31/20","1","1","48467","100"
"Victoria","2","15","Texas","3/31/20","3","12","48469","400"
"Walker","0","3","Texas","3/31/20","1","2","48471","200"
"Waller","0","3","Texas","3/31/20","1","2","48473","200"
"Washington","1","9","Texas","3/31/20","0","9","48477","1"
"Webb","6","45","Texas","3/31/20","4","41","48479","1025"
"Wharton","1","6","Texas","3/31/20","1","5","48481","500"
"Wichita","4","30","Texas","3/31/20","5","25","48485","500"
"Willacy","0","2","Texas","3/31/20","0","2","48489","1"
"Williamson","4","42","Texas","3/31/20","14","28","48491","200"
"Wilson","0","3","Texas","3/31/20","0","3","48493","1"
"Wise","0","1","Texas","3/31/20","0","1","48497","1"
"Wood","0","1","Texas","3/31/20","0","1","48499","1"
"Young","0","1","Texas","3/31/20","0","1","48503","1"
"Bear River","1","7","Utah","3/31/20","1","6","00000","600"
"Cache","1","7","Utah","3/31/20","3","4","49005","133.33"
"Davis","8","84","Utah","3/31/20","31","53","49011","170.97"
"Garfield","0","1","Utah","3/31/20","0","1","49017","1"
"Grand","0","1","Utah","3/31/20","0","1","49019","1"
"Iron","1","6","Utah","3/31/20","0","6","49021","1"
"Out of UT","1","22","Utah","3/31/20","13","9","80049","69.23"
"Salt Lake","39","396","Utah","3/31/20","124","272","49035","219.35"
"San Juan","1","4","Utah","3/31/20","0","4","49037","1"
"Summit","13","172","Utah","3/31/20","82","90","49043","109.76"
"Tooele","1","12","Utah","3/31/20","2","10","49045","500"
"Uintah","0","1","Utah","3/31/20","0","1","49047","1"
"Utah","8","70","Utah","3/31/20","13","57","49049","438.46"
"Wasatch","5","50","Utah","3/31/20","15","35","49051","233.33"
"Washington","1","14","Utah","3/31/20","5","9","49053","180"
"Weber-Morgan","5","41","Utah","3/31/20","9","32","00000","355.56"
"Addison","2","23","Vermont","3/31/20","8","15","50001","187.5"
"Bennington","1","18","Vermont","3/31/20","9","9","50003","100"
"Caledonia","0","2","Vermont","3/31/20","1","1","50005","100"
"Chittenden","16","152","Vermont","3/31/20","40","112","50007","280"
"Franklin","2","13","Vermont","3/31/20","2","11","50011","550"
"Lamoille","2","13","Vermont","3/31/20","2","11","50015","550"
"Orange","0","4","Vermont","3/31/20","3","1","50017","33.33"
"Orleans","1","7","Vermont","3/31/20","2","5","50019","250"
"Rutland","0","6","Vermont","3/31/20","5","1","50021","20"
"Washington","2","15","Vermont","3/31/20","3","12","50023","400"
"Windham","1","11","Vermont","3/31/20","5","6","50025","120"
"Windsor","0","18","Vermont","3/31/20","15","3","50027","20"
"","2","30","Virgin Islands","3/31/20","17","13",,"76.47"
"Accomack","1","7","Virginia","3/31/20","1","6","51001","600"
"Albemarle","3","21","Virginia","3/31/20","2","19","51003","950"
"Alexandria","3","30","Virginia","3/31/20","8","22","51510","275"
"Alleghany","0","1","Virginia","3/31/20","0","1","51005","1"
"Amelia","0","2","Virginia","3/31/20","0","2","51007","1"
"Amherst","0","3","Virginia","3/31/20","1","2","51009","200"
"Arlington","10","104","Virginia","3/31/20","36","68","51013","188.89"
"Bedford","0","2","Virginia","3/31/20","1","1","51019","100"
"Botetourt","1","5","Virginia","3/31/20","1","4","51023","400"
"Bristol","0","1","Virginia","3/31/20","0","1","51520","1"
"Brunswick","0","1","Virginia","3/31/20","0","1","51025","1"
"Buckingham","0","2","Virginia","3/31/20","0","2","51029","1"
"Campbell","0","1","Virginia","3/31/20","0","1","51031","1"
"Carroll","0","1","Virginia","3/31/20","0","1","51035","1"
"Charles City","0","1","Virginia","3/31/20","1","0","51036","0"
"Charlottesville","1","14","Virginia","3/31/20","5","9","51540","180"
"Chesapeake","3","23","Virginia","3/31/20","1","22","51550","2200"
"Chesterfield","5","43","Virginia","3/31/20","10","33","51041","330"
"Culpeper","0","3","Virginia","3/31/20","2","1","51047","50"
"Danville","0","4","Virginia","3/31/20","1","3","51590","300"
"Fairfax","28","244","Virginia","3/31/20","46","198","51059","430.43"
"Fairfax City","0","1","Virginia","3/31/20","0","1","51600","1"
"Fauquier","1","7","Virginia","3/31/20","0","7","51061","1"
"Fluvanna","0","3","Virginia","3/31/20","1","2","51065","200"
"Franklin","1","5","Virginia","3/31/20","1","4","51067","400"
"Franklin City","0","1","Virginia","3/31/20","0","1","51620","1"
"Frederick","2","12","Virginia","3/31/20","0","12","51069","1"
"Fredericksburg","0","1","Virginia","3/31/20","0","1","51630","1"
"Galax","0","1","Virginia","3/31/20","0","1","51640","1"
"Gloucester","1","7","Virginia","3/31/20","2","5","51073","250"
"Goochland","1","7","Virginia","3/31/20","3","4","51075","133.33"
"Greene","0","1","Virginia","3/31/20","0","1","51079","1"
"Greensville","0","3","Virginia","3/31/20","0","3","51081","1"
"Halifax","0","1","Virginia","3/31/20","1","0","51083","0"
"Hampton","2","13","Virginia","3/31/20","0","13","51650","1"
"Hanover","1","6","Virginia","3/31/20","1","5","51085","500"
"Harrisonburg","1","6","Virginia","3/31/20","1","5","51660","500"
"Henrico","7","62","Virginia","3/31/20","14","48","51087","342.86"
"Henry","0","1","Virginia","3/31/20","0","1","51089","1"
"Hopewell","1","4","Virginia","3/31/20","0","4","51670","1"
"Isle of Wight","0","4","Virginia","3/31/20","2","2","51093","100"
"James City","7","89","Virginia","3/31/20","37","52","51095","140.54"
"King and Queen","0","1","Virginia","3/31/20","0","1","51097","1"
"King George","0","3","Virginia","3/31/20","0","3","51099","1"
"King William","0","1","Virginia","3/31/20","0","1","51101","1"
"Lancaster","0","1","Virginia","3/31/20","0","1","51103","1"
"Lee","0","2","Virginia","3/31/20","2","0","51105","0"
"Loudoun","10","87","Virginia","3/31/20","18","69","51107","383.33"
"Louisa","1","9","Virginia","3/31/20","2","7","51109","350"
"Lynchburg","1","5","Virginia","3/31/20","0","5","51680","1"
"Madison","0","3","Virginia","3/31/20","1","2","51113","200"
"Manassas","1","8","Virginia","3/31/20","0","8","51683","1"
"Manassas Park","0","1","Virginia","3/31/20","0","1","51685","1"
"Mathews","0","2","Virginia","3/31/20","0","2","51115","1"
"Mecklenburg","0","4","Virginia","3/31/20","2","2","51117","100"
"Montgomery","0","1","Virginia","3/31/20","0","1","51121","1"
"Nelson","0","2","Virginia","3/31/20","1","1","51125","100"
"New Kent","0","1","Virginia","3/31/20","0","1","51127","1"
"Newport News","3","23","Virginia","3/31/20","3","20","51700","666.67"
"Norfolk","3","27","Virginia","3/31/20","8","19","51710","237.5"
"Northampton","0","1","Virginia","3/31/20","0","1","51131","1"
"Northumberland","0","3","Virginia","3/31/20","0","3","51133","1"
"Nottoway","0","1","Virginia","3/31/20","0","1","51135","1"
"Orange","0","2","Virginia","3/31/20","1","1","51137","100"
"Page","0","1","Virginia","3/31/20","0","1","51139","1"
"Petersburg","0","2","Virginia","3/31/20","0","2","51730","1"
"Pittsylvania","0","1","Virginia","3/31/20","0","1","51143","1"
"Poquoson","0","2","Virginia","3/31/20","0","2","51735","1"
"Portsmouth","2","12","Virginia","3/31/20","0","12","51740","1"
"Powhatan","1","4","Virginia","3/31/20","0","4","51145","1"
"Prince Edward","0","2","Virginia","3/31/20","1","1","51147","100"
"Prince George","1","7","Virginia","3/31/20","0","7","51149","1"
"Prince William","10","94","Virginia","3/31/20","23","71","51153","308.7"
"Radford","0","1","Virginia","3/31/20","0","1","51750","1"
"Richmond City","2","26","Virginia","3/31/20","11","15","51760","136.36"
"Roanoke","0","3","Virginia","3/31/20","0","3","51161","1"
"Roanoke City","1","6","Virginia","3/31/20","0","6","51770","1"
"Rockbridge","0","2","Virginia","3/31/20","1","1","51163","100"
"Rockingham","0","5","Virginia","3/31/20","3","2","51165","66.67"
"Shenandoah","1","7","Virginia","3/31/20","0","7","51171","1"
"Smyth","0","1","Virginia","3/31/20","0","1","51173","1"
"Southampton","0","1","Virginia","3/31/20","0","1","51175","1"
"Spotsylvania","1","7","Virginia","3/31/20","2","5","51177","250"
"Stafford","3","24","Virginia","3/31/20","6","18","51179","300"
"Suffolk","0","4","Virginia","3/31/20","1","3","51800","300"
"Surry","0","1","Virginia","3/31/20","0","1","51181","1"
"Tazewell","0","2","Virginia","3/31/20","0","2","51185","1"
"Virginia Beach","7","65","Virginia","3/31/20","17","48","51810","282.35"
"Warren","0","3","Virginia","3/31/20","0","3","51187","1"
"Washington","0","2","Virginia","3/31/20","0","2","51191","1"
"Waynesboro","0","2","Virginia","3/31/20","0","2","51820","1"
"Williamsburg","0","8","Virginia","3/31/20","5","3","51830","60"
"Winchester","0","3","Virginia","3/31/20","0","3","51840","1"
"Wythe","0","1","Virginia","3/31/20","0","1","51197","1"
"York","1","14","Virginia","3/31/20","6","8","51199","133.33"
"Adams","2","13","Washington","3/31/20","1","12","53001","1200"
"Benton","11","89","Washington","3/31/20","9","80","53005","888.89"
"Chelan","1","16","Washington","3/31/20","6","10","53007","166.67"
"Clallam","1","8","Washington","3/31/20","4","4","53009","100"
"Clark","15","116","Washington","3/31/20","13","103","53011","792.31"
"Columbia","0","1","Washington","3/31/20","1","0","53013","0"
"Cowlitz","2","14","Washington","3/31/20","3","11","53015","366.67"
"Douglas","1","5","Washington","3/31/20","1","4","53017","400"
"Ferry","0","1","Washington","3/31/20","0","1","53019","1"
"Franklin","4","33","Washington","3/31/20","5","28","53021","560"
"Grant","6","63","Washington","3/31/20","23","40","53025","173.91"
"Grays Harbor","0","2","Washington","3/31/20","1","1","53027","100"
"Island","12","106","Washington","3/31/20","25","81","53029","324"
"Jefferson","1","16","Washington","3/31/20","8","8","53031","100"
"King","166","2330","Washington","3/31/20","1170","1160","53033","99.15"
"Kitsap","8","74","Washington","3/31/20","18","56","53035","311.11"
"Kittitas","1","9","Washington","3/31/20","5","4","53037","80"
"Klickitat","1","9","Washington","3/31/20","4","5","53039","125"
"Lewis","1","10","Washington","3/31/20","2","8","53041","400"
"Lincoln","0","1","Washington","3/31/20","1","0","53043","0"
"Mason","1","5","Washington","3/31/20","1","4","53045","400"
"Okanogan","0","3","Washington","3/31/20","0","3","53047","1"
"Pierce","34","377","Washington","3/31/20","138","239","53053","173.19"
"San Juan","0","4","Washington","3/31/20","1","3","53055","300"
"Skagit","11","121","Washington","3/31/20","45","76","53057","168.89"
"Skamania","0","1","Washington","3/31/20","0","1","53059","1"
"Snohomish","88","1229","Washington","3/31/20","614","615","53061","100.16"
"Spokane","15","136","Washington","3/31/20","29","107","53063","368.97"
"Stevens","0","4","Washington","3/31/20","1","3","53065","300"
"Thurston","5","48","Washington","3/31/20","11","37","53067","336.36"
"Walla Walla","1","6","Washington","3/31/20","1","5","53071","500"
"Whatcom","13","139","Washington","3/31/20","48","91","53073","189.58"
"Whitman","1","8","Washington","3/31/20","2","6","53075","300"
"Yakima","19","161","Washington","3/31/20","25","136","53077","544"
"Berkeley","2","16","West Virginia","3/31/20","0","16","54003","1"
"Cabell","0","1","West Virginia","3/31/20","0","1","54011","1"
"Greenbrier","0","3","West Virginia","3/31/20","0","3","54025","1"
"Hancock","0","3","West Virginia","3/31/20","0","3","54029","1"
"Hardy","0","1","West Virginia","3/31/20","0","1","54031","1"
"Harrison","1","11","West Virginia","3/31/20","2","9","54033","450"
"Jackson","1","9","West Virginia","3/31/20","1","8","54035","800"
"Jefferson","1","8","West Virginia","3/31/20","3","5","54037","166.67"
"Kanawha","4","31","West Virginia","3/31/20","4","27","54039","675"
"Logan","0","2","West Virginia","3/31/20","0","2","54045","1"
"Marion","1","5","West Virginia","3/31/20","0","5","54049","1"
"Marshall","0","4","West Virginia","3/31/20","2","2","54051","100"
"Mason","0","3","West Virginia","3/31/20","0","3","54053","1"
"Mercer","0","2","West Virginia","3/31/20","2","0","54055","0"
"Monongalia","4","31","West Virginia","3/31/20","5","26","54061","520"
"Morgan","0","1","West Virginia","3/31/20","0","1","54065","1"
"Ohio","1","10","West Virginia","3/31/20","0","10","54069","1"
"Pleasants","0","1","West Virginia","3/31/20","0","1","54073","1"
"Preston","0","3","West Virginia","3/31/20","0","3","54077","1"
"Putnam","0","4","West Virginia","3/31/20","1","3","54079","300"
"Raleigh","0","3","West Virginia","3/31/20","0","3","54081","1"
"Randolph","0","1","West Virginia","3/31/20","0","1","54083","1"
"Roane","0","2","West Virginia","3/31/20","0","2","54087","1"
"Tucker","0","2","West Virginia","3/31/20","2","0","54093","0"
"Upshur","0","1","West Virginia","3/31/20","0","1","54097","1"
"Wetzel","0","1","West Virginia","3/31/20","0","1","54103","1"
"Wirt","0","1","West Virginia","3/31/20","0","1","54105","1"
"Wood","0","2","West Virginia","3/31/20","0","2","54107","1"
"Ashland","0","1","Wisconsin","3/31/20","0","1","55003","1"
"Bayfield","0","2","Wisconsin","3/31/20","1","1","55007","100"
"Brown","1","9","Wisconsin","3/31/20","3","6","55009","200"
"Buffalo","0","1","Wisconsin","3/31/20","0","1","55011","1"
"Calumet","0","1","Wisconsin","3/31/20","1","0","55015","0"
"Chippewa","1","8","Wisconsin","3/31/20","1","7","55017","700"
"Clark","0","3","Wisconsin","3/31/20","0","3","55019","1"
"Columbia","1","14","Wisconsin","3/31/20","5","9","55021","180"
"Dane","20","214","Wisconsin","3/31/20","72","142","55025","197.22"
"Dodge","1","10","Wisconsin","3/31/20","2","8","55027","400"
"Door","0","1","Wisconsin","3/31/20","0","1","55029","1"
"Douglas","0","6","Wisconsin","3/31/20","4","2","55031","50"
"Dunn","0","3","Wisconsin","3/31/20","1","2","55033","200"
"Eau Claire","1","11","Wisconsin","3/31/20","4","7","55035","175"
"Fond du Lac","1","22","Wisconsin","3/31/20","18","4","55039","22.22"
"Grant","0","2","Wisconsin","3/31/20","0","2","55043","1"
"Green","1","6","Wisconsin","3/31/20","1","5","55045","500"
"Iowa","0","3","Wisconsin","3/31/20","1","2","55049","200"
"Iron","0","1","Wisconsin","3/31/20","0","1","55051","1"
"Jackson","0","2","Wisconsin","3/31/20","0","2","55053","1"
"Jefferson","1","11","Wisconsin","3/31/20","4","7","55055","175"
"Juneau","0","3","Wisconsin","3/31/20","0","3","55057","1"
"Kenosha","3","37","Wisconsin","3/31/20","13","24","55059","184.62"
"La Crosse","2","19","Wisconsin","3/31/20","5","14","55063","280"
"Marathon","0","3","Wisconsin","3/31/20","1","2","55073","200"
"Marinette","0","1","Wisconsin","3/31/20","0","1","55075","1"
"Marquette","0","2","Wisconsin","3/31/20","0","2","55077","1"
"Milwaukee","67","710","Wisconsin","3/31/20","243","467","55079","192.18"
"Monroe","0","2","Wisconsin","3/31/20","0","2","55081","1"
"Oconto","0","1","Wisconsin","3/31/20","0","1","55083","1"
"Oneida","0","3","Wisconsin","3/31/20","0","3","55085","1"
"Outagamie","1","12","Wisconsin","3/31/20","2","10","55087","500"
"Ozaukee","4","43","Wisconsin","3/31/20","16","27","55089","168.75"
"Pierce","1","7","Wisconsin","3/31/20","3","4","55093","133.33"
"Portage","0","1","Wisconsin","3/31/20","0","1","55097","1"
"Racine","3","26","Wisconsin","3/31/20","5","21","55101","420"
"Richland","0","2","Wisconsin","3/31/20","0","2","55103","1"
"Rock","2","16","Wisconsin","3/31/20","3","13","55105","433.33"
"Sauk","1","13","Wisconsin","3/31/20","4","9","55111","225"
"Sheboygan","1","11","Wisconsin","3/31/20","6","5","55117","83.33"
"St. Croix","0","5","Wisconsin","3/31/20","4","1","55109","25"
"Vilas","0","3","Wisconsin","3/31/20","0","3","55125","1"
"Walworth","0","6","Wisconsin","3/31/20","4","2","55127","50"
"Washington","3","40","Wisconsin","3/31/20","17","23","55131","135.29"
"Waukesha","10","101","Wisconsin","3/31/20","31","70","55133","225.81"
"Waupaca","0","1","Wisconsin","3/31/20","0","1","55135","1"
"Winnebago","1","11","Wisconsin","3/31/20","5","6","55139","120"
"Wood","0","2","Wisconsin","3/31/20","1","1","55141","100"
"Albany","0","1","Wyoming","3/31/20","0","1","56001","1"
"Campbell","0","2","Wyoming","3/31/20","1","1","56005","100"
"Carbon","0","3","Wyoming","3/31/20","2","1","56007","50"
"Converse","0","1","Wyoming","3/31/20","0","1","56009","1"
"Fremont","2","25","Wyoming","3/31/20","10","15","56013","150"
"Goshen","0","1","Wyoming","3/31/20","0","1","56015","1"
"Johnson","1","7","Wyoming","3/31/20","0","7","56019","1"
"Laramie","2","22","Wyoming","3/31/20","7","15","56021","214.29"
"Natrona","1","12","Wyoming","3/31/20","2","10","56025","500"
"Park","0","1","Wyoming","3/31/20","1","0","56029","0"
"Sheridan","1","10","Wyoming","3/31/20","4","6","56033","150"
"Sublette","0","1","Wyoming","3/31/20","0","1","56035","1"
"Sweetwater","0","2","Wyoming","3/31/20","0","2","56037","1"
"Teton","3","20","Wyoming","3/31/20","2","18","56039","900"
"Washakie","0","1","Wyoming","3/31/20","0","1","56043","1"
