"Locality","DailyAvgNewCasesPast7Days","TotalCases","State","Date","TotalCases7DaysAgo","NewCasesPast7Days","FIPS-Code","PercentIncreaseTotalCasesPast7Days"
"Autauga","1","12","Alabama","4/6/20","6","6","01001","100"
"Baldwin","3","38","Alabama","4/6/20","18","20","01003","111.11"
"Barbour","0","2","Alabama","4/6/20","0","2","01005","1"
"Bibb","1","7","Alabama","4/6/20","2","5","01007","250"
"Blount","1","10","Alabama","4/6/20","5","5","01009","100"
"Bullock","0","2","Alabama","4/6/20","3","-1","01011","-33.33"
"Butler","0","1","Alabama","4/6/20","1","0","01013","0"
"Calhoun","4","34","Alabama","4/6/20","8","26","01015","325"
"Chambers","9","94","Alabama","4/6/20","33","61","01017","184.85"
"Cherokee","1","6","Alabama","4/6/20","2","4","01019","200"
"Chilton","1","19","Alabama","4/6/20","10","9","01021","90"
"Choctaw","0","5","Alabama","4/6/20","2","3","01023","150"
"Clarke","1","9","Alabama","4/6/20","0","9","01025","1"
"Clay","1","9","Alabama","4/6/20","2","7","01027","350"
"Cleburne","1","9","Alabama","4/6/20","5","4","01029","80"
"Coffee","1","8","Alabama","4/6/20","0","8","01031","1"
"Colbert","0","6","Alabama","4/6/20","4","2","01033","50"
"Conecuh","0","2","Alabama","4/6/20","0","2","01035","1"
"Coosa","1","8","Alabama","4/6/20","3","5","01037","166.67"
"Covington","0","4","Alabama","4/6/20","2","2","01039","100"
"Crenshaw","0","2","Alabama","4/6/20","1","1","01041","100"
"Cullman","2","20","Alabama","4/6/20","8","12","01043","150"
"Dale","1","4","Alabama","4/6/20","0","4","01045","1"
"Dallas","1","7","Alabama","4/6/20","2","5","01047","250"
"DeKalb","1","14","Alabama","4/6/20","4","10","01049","250"
"Elmore","1","19","Alabama","4/6/20","13","6","01051","46.15"
"Escambia","0","3","Alabama","4/6/20","1","2","01053","200"
"Etowah","5","41","Alabama","4/6/20","6","35","01055","583.33"
"Fayette","0","1","Alabama","4/6/20","1","0","01057","0"
"Franklin","0","6","Alabama","4/6/20","3","3","01059","100"
"Greene","1","8","Alabama","4/6/20","3","5","01063","166.67"
"Hale","0","4","Alabama","4/6/20","1","3","01065","300"
"Henry","1","4","Alabama","4/6/20","0","4","01067","1"
"Houston","2","22","Alabama","4/6/20","9","13","01069","144.44"
"Jackson","2","17","Alabama","4/6/20","5","12","01071","240"
"Jefferson","24","423","Alabama","4/6/20","254","169","01073","66.54"
"Lamar","1","5","Alabama","4/6/20","1","4","01075","400"
"Lauderdale","1","16","Alabama","4/6/20","12","4","01077","33.33"
"Lawrence","1","8","Alabama","4/6/20","3","5","01079","166.67"
"Lee","6","113","Alabama","4/6/20","71","42","01081","59.15"
"Limestone","2","33","Alabama","4/6/20","20","13","01083","65"
"Lowndes","1","6","Alabama","4/6/20","1","5","01085","500"
"Macon","1","5","Alabama","4/6/20","1","4","01087","400"
"Madison","7","141","Alabama","4/6/20","91","50","01089","54.95"
"Marengo","1","13","Alabama","4/6/20","5","8","01091","160"
"Marion","1","19","Alabama","4/6/20","10","9","01093","90"
"Marshall","4","33","Alabama","4/6/20","7","26","01095","371.43"
"Mobile","14","143","Alabama","4/6/20","44","99","01097","225"
"Monroe","1","5","Alabama","4/6/20","1","4","01099","400"
"Montgomery","7","71","Alabama","4/6/20","22","49","01101","222.73"
"Morgan","2","29","Alabama","4/6/20","17","12","01103","70.59"
"Perry","0","1","Alabama","4/6/20","0","1","01105","1"
"Pickens","1","12","Alabama","4/6/20","2","10","01107","500"
"Pike","1","14","Alabama","4/6/20","4","10","01109","250"
"Randolph","1","12","Alabama","4/6/20","2","10","01111","500"
"Russell","1","10","Alabama","4/6/20","1","9","01113","900"
"Shelby","10","147","Alabama","4/6/20","79","68","01117","86.08"
"St. Clair","3","31","Alabama","4/6/20","13","18","01115","138.46"
"Sumter","1","8","Alabama","4/6/20","0","8","01119","1"
"Talladega","2","20","Alabama","4/6/20","5","15","01121","300"
"Tallapoosa","3","30","Alabama","4/6/20","8","22","01123","275"
"Tuscaloosa","7","73","Alabama","4/6/20","24","49","01125","204.17"
"Walker","3","54","Alabama","4/6/20","30","24","01127","80"
"Washington","0","5","Alabama","4/6/20","4","1","01129","25"
"Wilcox","1","12","Alabama","4/6/20","2","10","01131","500"
"Winston","0","3","Alabama","4/6/20","2","1","01133","50"
"Anchorage","4","88","Alaska","4/6/20","59","29","02020","49.15"
"Fairbanks North Star","4","53","Alaska","4/6/20","28","25","02090","89.29"
"Juneau","1","14","Alaska","4/6/20","5","9","02110","180"
"Kenai Peninsula","1","13","Alaska","4/6/20","7","6","02122","85.71"
"Ketchikan Gateway","0","14","Alaska","4/6/20","13","1","02130","7.69"
"Matanuska-Susitna","0","4","Alaska","4/6/20","2","2","02170","100"
"Petersburg","0","2","Alaska","4/6/20","0","2","02195","1"
"Southeast Fairbanks","0","1","Alaska","4/6/20","0","1","02240","1"
"Yukon-Koyukuk","0","1","Alaska","4/6/20","0","1","02290","1"
"Apache","1","25","Arizona","4/6/20","17","8","04001","47.06"
"Cochise","1","9","Arizona","4/6/20","4","5","04003","125"
"Coconino","14","167","Arizona","4/6/20","71","96","04005","135.21"
"Gila","0","3","Arizona","4/6/20","1","2","04007","200"
"Graham","0","2","Arizona","4/6/20","2","0","04009","0"
"Greenlee","0","1","Arizona","4/6/20","1","0","04011","0"
"La Paz","0","3","Arizona","4/6/20","2","1","04012","50"
"Maricopa","106","1433","Arizona","4/6/20","690","743","04013","107.68"
"Mohave","2","20","Arizona","4/6/20","7","13","04015","185.71"
"Navajo","17","210","Arizona","4/6/20","88","122","04017","138.64"
"Pima","33","415","Arizona","4/6/20","187","228","04019","121.93"
"Pinal","6","106","Arizona","4/6/20","64","42","04021","65.62"
"Santa Cruz","0","4","Arizona","4/6/20","2","2","04023","100"
"Yavapai","5","49","Arizona","4/6/20","15","34","04025","226.67"
"Yuma","1","13","Arizona","4/6/20","6","7","04027","116.67"
"Arkansas","0","1","Arkansas","4/6/20","1","0","05001","0"
"Ashley","0","1","Arkansas","4/6/20","1","0","05003","0"
"Baxter","0","1","Arkansas","4/6/20","1","0","05005","0"
"Benton","1","42","Arkansas","4/6/20","35","7","05007","20"
"Boone","0","1","Arkansas","4/6/20","1","0","05009","0"
"Bradley","0","4","Arkansas","4/6/20","4","0","05011","0"
"Carroll","0","1","Arkansas","4/6/20","0","1","05015","1"
"Chicot","0","2","Arkansas","4/6/20","1","1","05017","100"
"Clark","1","27","Arkansas","4/6/20","21","6","05019","28.57"
"Cleburne","1","65","Arkansas","4/6/20","56","9","05023","16.07"
"Cleveland","0","7","Arkansas","4/6/20","5","2","05025","40"
"Columbia","0","1","Arkansas","4/6/20","1","0","05027","0"
"Conway","0","1","Arkansas","4/6/20","1","0","05029","0"
"Craighead","2","20","Arkansas","4/6/20","6","14","05031","233.33"
"Crawford","0","1","Arkansas","4/6/20","1","0","05033","0"
"Crittenden","5","53","Arkansas","4/6/20","17","36","05035","211.76"
"Cross","1","5","Arkansas","4/6/20","1","4","05037","400"
"Dallas","0","1","Arkansas","4/6/20","0","1","05039","1"
"Desha","0","5","Arkansas","4/6/20","2","3","05041","150"
"Drew","1","5","Arkansas","4/6/20","1","4","05043","400"
"Faulkner","2","47","Arkansas","4/6/20","30","17","05045","56.67"
"Garland","2","41","Arkansas","4/6/20","26","15","05051","57.69"
"Grant","0","3","Arkansas","4/6/20","3","0","05053","0"
"Greene","0","1","Arkansas","4/6/20","1","0","05055","0"
"Hempstead","0","1","Arkansas","4/6/20","1","0","05057","0"
"Hot Spring","1","7","Arkansas","4/6/20","1","6","05059","600"
"Howard","1","5","Arkansas","4/6/20","1","4","05061","400"
"Independence","0","5","Arkansas","4/6/20","3","2","05063","66.67"
"Jefferson","5","62","Arkansas","4/6/20","26","36","05069","138.46"
"Johnson","1","8","Arkansas","4/6/20","1","7","05071","700"
"Lafayette","0","1","Arkansas","4/6/20","0","1","05073","1"
"Lawrence","0","1","Arkansas","4/6/20","1","0","05075","0"
"Lee","0","1","Arkansas","4/6/20","0","1","05077","1"
"Lincoln","0","7","Arkansas","4/6/20","6","1","05079","16.67"
"Lonoke","2","17","Arkansas","4/6/20","1","16","05085","1600"
"Miller","1","8","Arkansas","4/6/20","0","8","05091","1"
"Mississippi","0","1","Arkansas","4/6/20","0","1","05093","1"
"Monroe","0","1","Arkansas","4/6/20","0","1","05095","1"
"Nevada","0","1","Arkansas","4/6/20","1","0","05099","0"
"Newton","0","1","Arkansas","4/6/20","0","1","05101","1"
"Ouachita","0","1","Arkansas","4/6/20","0","1","05103","1"
"Perry","0","1","Arkansas","4/6/20","1","0","05105","0"
"Phillips","0","1","Arkansas","4/6/20","0","1","05107","1"
"Pike","0","1","Arkansas","4/6/20","1","0","05109","0"
"Poinsett","0","5","Arkansas","4/6/20","3","2","05111","66.67"
"Polk","1","5","Arkansas","4/6/20","1","4","05113","400"
"Pope","2","13","Arkansas","4/6/20","1","12","05115","1200"
"Prairie","0","1","Arkansas","4/6/20","0","1","05117","1"
"Pulaski","10","161","Arkansas","4/6/20","94","67","05119","71.28"
"Randolph","0","1","Arkansas","4/6/20","1","0","05121","0"
"Saline","3","29","Arkansas","4/6/20","6","23","05125","383.33"
"Scott","0","1","Arkansas","4/6/20","0","1","05127","1"
"Searcy","0","5","Arkansas","4/6/20","2","3","05129","150"
"Sebastian","0","8","Arkansas","4/6/20","5","3","05131","60"
"Sevier","1","6","Arkansas","4/6/20","1","5","05133","500"
"Sharp","0","1","Arkansas","4/6/20","0","1","05135","1"
"St. Francis","2","11","Arkansas","4/6/20","0","11","05123","1"
"Stone","1","5","Arkansas","4/6/20","1","4","05137","400"
"Union","1","12","Arkansas","4/6/20","7","5","05139","71.43"
"Van Buren","0","21","Arkansas","4/6/20","20","1","05141","5"
"Washington","2","29","Arkansas","4/6/20","15","14","05143","93.33"
"White","3","25","Arkansas","4/6/20","6","19","05145","316.67"
"Woodruff","0","1","Arkansas","4/6/20","1","0","05147","0"
"Yell","0","1","Arkansas","4/6/20","0","1","05149","1"
"Alameda","44","588","California","4/6/20","283","305","06001","107.77"
"Alpine","0","1","California","4/6/20","0","1","06003","1"
"Amador","0","3","California","4/6/20","2","1","06005","50"
"Butte","1","11","California","4/6/20","5","6","06007","120"
"Calaveras","0","5","California","4/6/20","3","2","06009","66.67"
"Colusa","0","2","California","4/6/20","1","1","06011","100"
"Contra Costa","33","417","California","4/6/20","187","230","06013","122.99"
"Del Norte","0","2","California","4/6/20","0","2","06015","1"
"El Dorado","1","22","California","4/6/20","12","10","06017","83.33"
"Fresno","9","108","California","4/6/20","43","65","06019","151.16"
"Glenn","0","2","California","4/6/20","1","1","06021","100"
"Humboldt","4","44","California","4/6/20","18","26","06023","144.44"
"Imperial","6","65","California","4/6/20","25","40","06025","160"
"Inyo","0","11","California","4/6/20","8","3","06027","37.5"
"Kern","26","239","California","4/6/20","60","179","06029","298.33"
"Kings","0","5","California","4/6/20","2","3","06031","150"
"Lake","0","1","California","4/6/20","0","1","06033","1"
"Los Angeles","558","6377","California","4/6/20","2474","3903","06037","157.76"
"Madera","1","28","California","4/6/20","18","10","06039","55.56"
"Marin","7","141","California","4/6/20","93","48","06041","51.61"
"Mendocino","0","4","California","4/6/20","4","0","06045","0"
"Merced","3","29","California","4/6/20","9","20","06047","222.22"
"Mono","1","19","California","4/6/20","13","6","06051","46.15"
"Monterey","4","62","California","4/6/20","36","26","06053","72.22"
"Napa","1","22","California","4/6/20","14","8","06055","57.14"
"Nevada","2","32","California","4/6/20","17","15","06057","88.24"
"Orange","60","882","California","4/6/20","464","418","06059","90.09"
"Placer","8","106","California","4/6/20","53","53","06061","100"
"Plumas","0","3","California","4/6/20","0","3","06063","1"
"Riverside","94","946","California","4/6/20","291","655","06065","225.09"
"Sacramento","34","462","California","4/6/20","224","238","06067","106.25"
"San Benito","1","23","California","4/6/20","14","9","06069","64.29"
"San Bernardino","37","373","California","4/6/20","111","262","06071","236.04"
"San Diego","116","1326","California","4/6/20","515","811","06073","157.48"
"San Francisco","30","583","California","4/6/20","374","209","06075","55.88"
"San Joaquin","12","206","California","4/6/20","123","83","06077","67.48"
"San Luis Obispo","3","95","California","4/6/20","71","24","06079","33.8"
"San Mateo","39","579","California","4/6/20","309","270","06081","87.38"
"Santa Barbara","15","174","California","4/6/20","68","106","06083","155.88"
"Santa Clara","51","1207","California","4/6/20","848","359","06085","42.33"
"Santa Cruz","4","69","California","4/6/20","44","25","06087","56.82"
"Shasta","2","20","California","4/6/20","4","16","06089","400"
"Siskiyou","0","4","California","4/6/20","4","0","06093","0"
"Solano","6","73","California","4/6/20","34","39","06095","114.71"
"Sonoma","8","111","California","4/6/20","58","53","06097","91.38"
"Stanislaus","6","71","California","4/6/20","31","40","06099","129.03"
"Sutter","1","16","California","4/6/20","6","10","06101","166.67"
"Tehama","0","1","California","4/6/20","0","1","06103","1"
"Tulare","14","135","California","4/6/20","35","100","06107","285.71"
"Tuolumne","0","2","California","4/6/20","0","2","06109","1"
"Ventura","16","221","California","4/6/20","109","112","06111","102.75"
"Yolo","3","37","California","4/6/20","16","21","06113","131.25"
"Yuba","1","11","California","4/6/20","4","7","06115","175"
"Adams","31","367","Colorado","4/6/20","152","215","08001","141.45"
"Alamosa","0","4","Colorado","4/6/20","1","3","08003","300"
"Arapahoe","52","652","Colorado","4/6/20","288","364","08005","126.39"
"Archuleta","1","6","Colorado","4/6/20","1","5","08007","500"
"Baca","1","9","Colorado","4/6/20","1","8","08009","800"
"Boulder","13","189","Colorado","4/6/20","100","89","08013","89"
"Broomfield","5","50","Colorado","4/6/20","18","32","08014","177.78"
"Chaffee","1","22","Colorado","4/6/20","15","7","08015","46.67"
"Clear Creek","0","6","Colorado","4/6/20","3","3","08019","100"
"Costilla","0","3","Colorado","4/6/20","3","0","08023","0"
"Crowley","0","1","Colorado","4/6/20","1","0","08025","0"
"Custer","0","2","Colorado","4/6/20","0","2","08027","1"
"Delta","1","5","Colorado","4/6/20","1","4","08029","400"
"Denver","55","847","Colorado","4/6/20","465","382","08031","82.15"
"Douglas","15","227","Colorado","4/6/20","119","108","08035","90.76"
"Eagle","20","355","Colorado","4/6/20","213","142","08037","66.67"
"El Paso","28","441","Colorado","4/6/20","245","196","08041","80"
"Elbert","1","9","Colorado","4/6/20","4","5","08039","125"
"Fremont","0","3","Colorado","4/6/20","2","1","08043","50"
"Garfield","2","47","Colorado","4/6/20","31","16","08045","51.61"
"Grand","0","4","Colorado","4/6/20","4","0","08049","0"
"Gunnison","2","95","Colorado","4/6/20","80","15","08051","18.75"
"Hinsdale","0","1","Colorado","4/6/20","1","0","08053","0"
"Huerfano","0","1","Colorado","4/6/20","1","0","08055","0"
"Jefferson","41","540","Colorado","4/6/20","253","287","08059","113.44"
"Kit Carson","1","5","Colorado","4/6/20","1","4","08063","400"
"La Plata","2","32","Colorado","4/6/20","21","11","08067","52.38"
"Lake","0","3","Colorado","4/6/20","0","3","08065","1"
"Larimer","9","158","Colorado","4/6/20","92","66","08069","71.74"
"Las Animas","0","1","Colorado","4/6/20","0","1","08071","1"
"Lincoln","0","1","Colorado","4/6/20","1","0","08073","0"
"Logan","1","11","Colorado","4/6/20","5","6","08075","120"
"Mesa","2","25","Colorado","4/6/20","12","13","08077","108.33"
"Mineral","0","2","Colorado","4/6/20","1","1","08079","100"
"Moffat","0","3","Colorado","4/6/20","4","-1","08081","-25"
"Montezuma","1","8","Colorado","4/6/20","1","7","08083","700"
"Montrose","3","34","Colorado","4/6/20","10","24","08085","240"
"Morgan","2","19","Colorado","4/6/20","4","15","08087","375"
"Otero","0","4","Colorado","4/6/20","3","1","08089","33.33"
"Ouray","0","2","Colorado","4/6/20","0","2","08091","1"
"Park","0","5","Colorado","4/6/20","4","1","08093","25"
"Phillips","0","3","Colorado","4/6/20","0","3","08095","1"
"Pitkin","1","39","Colorado","4/6/20","29","10","08097","34.48"
"Pueblo","4","42","Colorado","4/6/20","16","26","08101","162.5"
"Rio Blanco","0","1","Colorado","4/6/20","0","1","08103","1"
"Rio Grande","0","5","Colorado","4/6/20","4","1","08105","25"
"Routt","2","29","Colorado","4/6/20","16","13","08107","81.25"
"Saguache","0","3","Colorado","4/6/20","0","3","08109","1"
"San Miguel","1","10","Colorado","4/6/20","1","9","08113","900"
"Summit","6","58","Colorado","4/6/20","14","44","08117","314.29"
"Teller","0","11","Colorado","4/6/20","8","3","08119","37.5"
"Washington","0","1","Colorado","4/6/20","1","0","08121","0"
"Weld","41","504","Colorado","4/6/20","215","289","08123","134.42"
"Yuma","0","2","Colorado","4/6/20","2","0","08125","0"
"Fairfield","325","3719","Connecticut","4/6/20","1445","2274","09001","157.37"
"Hartford","79","882","Connecticut","4/6/20","330","552","09003","167.27"
"Litchfield","17","230","Connecticut","4/6/20","113","117","09005","103.54"
"Middlesex","12","135","Connecticut","4/6/20","50","85","09007","170"
"New Haven","156","1468","Connecticut","4/6/20","373","1095","09009","293.57"
"New London","6","65","Connecticut","4/6/20","24","41","09011","170.83"
"Tolland","8","103","Connecticut","4/6/20","50","53","09013","106"
"Windham","4","40","Connecticut","4/6/20","10","30","09015","300"
"Kent","14","128","Delaware","4/6/20","27","101","10001","374.07"
"New Castle","49","496","Delaware","4/6/20","156","340","10003","217.95"
"Sussex","11","159","Delaware","4/6/20","81","78","10005","96.3"
"","0","49","Diamond Princess","4/6/20","49","0",,"0"
"District of Columbia","99","1097","District of Columbia","4/6/20","401","696","11001","173.57"
"Alachua","7","131","Florida","4/6/20","79","52","12001","65.82"
"Baker","1","13","Florida","4/6/20","8","5","12003","62.5"
"Bay","3","24","Florida","4/6/20","6","18","12005","300"
"Bradford","1","8","Florida","4/6/20","2","6","12007","300"
"Brevard","8","88","Florida","4/6/20","31","57","12009","183.87"
"Broward","131","2067","Florida","4/6/20","1152","915","12011","79.43"
"Calhoun","0","3","Florida","4/6/20","0","3","12013","1"
"Charlotte","5","55","Florida","4/6/20","18","37","12015","205.56"
"Citrus","4","45","Florida","4/6/20","17","28","12017","164.71"
"Clay","7","81","Florida","4/6/20","35","46","12019","131.43"
"Collier","18","246","Florida","4/6/20","119","127","12021","106.72"
"Columbia","1","13","Florida","4/6/20","3","10","12023","333.33"
"DeSoto","1","14","Florida","4/6/20","7","7","12027","100"
"Dixie","0","1","Florida","4/6/20","0","1","12029","1"
"Duval","45","475","Florida","4/6/20","158","317","12031","200.63"
"Escambia","13","136","Florida","4/6/20","42","94","12033","223.81"
"Flagler","3","32","Florida","4/6/20","13","19","12035","146.15"
"Franklin","0","2","Florida","4/6/20","0","2","12037","1"
"Gadsden","1","5","Florida","4/6/20","1","4","12039","400"
"Glades","0","4","Florida","4/6/20","3","1","12043","33.33"
"Gulf","0","1","Florida","4/6/20","0","1","12045","1"
"Hamilton","0","1","Florida","4/6/20","0","1","12047","1"
"Hardee","0","2","Florida","4/6/20","0","2","12049","1"
"Hendry","1","9","Florida","4/6/20","3","6","12051","200"
"Hernando","4","48","Florida","4/6/20","21","27","12053","128.57"
"Highlands","3","35","Florida","4/6/20","13","22","12055","169.23"
"Hillsborough","45","571","Florida","4/6/20","253","318","12057","125.69"
"Holmes","0","1","Florida","4/6/20","0","1","12059","1"
"Indian River","5","61","Florida","4/6/20","24","37","12061","154.17"
"Jackson","0","4","Florida","4/6/20","2","2","12063","100"
"Jefferson","0","3","Florida","4/6/20","0","3","12065","1"
"Lake","8","104","Florida","4/6/20","47","57","12069","121.28"
"Lee","33","397","Florida","4/6/20","164","233","12071","142.07"
"Leon","5","59","Florida","4/6/20","21","38","12073","180.95"
"Levy","0","4","Florida","4/6/20","2","2","12075","100"
"Madison","2","11","Florida","4/6/20","0","11","12079","1"
"Manatee","15","144","Florida","4/6/20","39","105","12081","269.23"
"Marion","4","53","Florida","4/6/20","23","30","12083","130.43"
"Martin","8","83","Florida","4/6/20","27","56","12085","207.41"
"Miami-Dade","407","4481","Florida","4/6/20","1632","2849","12086","174.57"
"Monroe","3","45","Florida","4/6/20","24","21","12087","87.5"
"Nassau","2","25","Florida","4/6/20","8","17","12089","212.5"
"Okaloosa","4","65","Florida","4/6/20","35","30","12091","85.71"
"Okeechobee","0","3","Florida","4/6/20","0","3","12093","1"
"Orange","64","744","Florida","4/6/20","293","451","12095","153.92"
"Osceola","21","239","Florida","4/6/20","94","145","12097","154.26"
"Palm Beach","92","1069","Florida","4/6/20","423","646","12099","152.72"
"Pasco","10","110","Florida","4/6/20","38","72","12101","189.47"
"Pinellas","34","362","Florida","4/6/20","126","236","12103","187.3"
"Polk","17","176","Florida","4/6/20","55","121","12105","220"
"Putnam","1","19","Florida","4/6/20","13","6","12107","46.15"
"Santa Rosa","4","58","Florida","4/6/20","30","28","12113","93.33"
"Sarasota","13","151","Florida","4/6/20","61","90","12115","147.54"
"Seminole","15","194","Florida","4/6/20","87","107","12117","122.99"
"St. Johns","12","146","Florida","4/6/20","60","86","12109","143.33"
"St. Lucie","10","100","Florida","4/6/20","29","71","12111","244.83"
"Sumter","5","80","Florida","4/6/20","46","34","12119","73.91"
"Suwannee","4","32","Florida","4/6/20","3","29","12121","966.67"
"Union","0","2","Florida","4/6/20","0","2","12125","1"
"Volusia","12","151","Florida","4/6/20","65","86","12127","132.31"
"Wakulla","1","6","Florida","4/6/20","1","5","12129","500"
"Walton","1","24","Florida","4/6/20","15","9","12131","60"
"Washington","0","1","Florida","4/6/20","1","0","12133","0"
"Appling","1","6","Georgia","4/6/20","0","6","13001","1"
"Bacon","1","7","Georgia","4/6/20","1","6","13005","600"
"Baker","1","5","Georgia","4/6/20","1","4","13007","400"
"Baldwin","2","15","Georgia","4/6/20","3","12","13009","400"
"Banks","0","3","Georgia","4/6/20","1","2","13011","200"
"Barrow","3","27","Georgia","4/6/20","7","20","13013","285.71"
"Bartow","8","179","Georgia","4/6/20","121","58","13015","47.93"
"Ben Hill","0","5","Georgia","4/6/20","2","3","13017","150"
"Berrien","0","3","Georgia","4/6/20","1","2","13019","200"
"Bibb","4","40","Georgia","4/6/20","15","25","13021","166.67"
"Bleckley","0","1","Georgia","4/6/20","0","1","13023","1"
"Brantley","0","2","Georgia","4/6/20","0","2","13025","1"
"Brooks","1","6","Georgia","4/6/20","1","5","13027","500"
"Bryan","2","21","Georgia","4/6/20","7","14","13029","200"
"Bulloch","1","8","Georgia","4/6/20","1","7","13031","700"
"Burke","1","10","Georgia","4/6/20","4","6","13033","150"
"Butts","2","17","Georgia","4/6/20","5","12","13035","240"
"Calhoun","2","19","Georgia","4/6/20","5","14","13037","280"
"Camden","1","9","Georgia","4/6/20","3","6","13039","200"
"Candler","0","2","Georgia","4/6/20","1","1","13043","100"
"Carroll","12","163","Georgia","4/6/20","81","82","13045","101.23"
"Catoosa","0","6","Georgia","4/6/20","3","3","13047","100"
"Charlton","0","2","Georgia","4/6/20","1","1","13049","100"
"Chatham","13","104","Georgia","4/6/20","16","88","13051","550"
"Chattahoochee","0","2","Georgia","4/6/20","1","1","13053","100"
"Chattooga","0","3","Georgia","4/6/20","1","2","13055","200"
"Cherokee","10","133","Georgia","4/6/20","61","72","13057","118.03"
"Clarke","4","69","Georgia","4/6/20","41","28","13059","68.29"
"Clay","1","7","Georgia","4/6/20","0","7","13061","1"
"Clayton","26","244","Georgia","4/6/20","61","183","13063","300"
"Clinch","0","2","Georgia","4/6/20","1","1","13065","100"
"Cobb","39","515","Georgia","4/6/20","245","270","13067","110.2"
"Coffee","1","15","Georgia","4/6/20","10","5","13069","50"
"Colquitt","7","53","Georgia","4/6/20","6","47","13071","783.33"
"Columbia","4","40","Georgia","4/6/20","12","28","13073","233.33"
"Cook","0","1","Georgia","4/6/20","1","0","13075","0"
"Coweta","7","76","Georgia","4/6/20","28","48","13077","171.43"
"Crawford","0","1","Georgia","4/6/20","0","1","13079","1"
"Crisp","5","43","Georgia","4/6/20","6","37","13081","616.67"
"Dade","0","1","Georgia","4/6/20","0","1","13083","1"
"Dawson","2","19","Georgia","4/6/20","5","14","13085","280"
"Decatur","2","20","Georgia","4/6/20","5","15","13087","300"
"DeKalb","43","579","Georgia","4/6/20","281","298","13089","106.05"
"Dodge","1","8","Georgia","4/6/20","1","7","13091","700"
"Dooly","3","19","Georgia","4/6/20","1","18","13093","1800"
"Dougherty","64","716","Georgia","4/6/20","267","449","13095","168.16"
"Douglas","9","102","Georgia","4/6/20","39","63","13097","161.54"
"Early","9","76","Georgia","4/6/20","16","60","13099","375"
"Effingham","1","13","Georgia","4/6/20","4","9","13103","225"
"Elbert","0","2","Georgia","4/6/20","0","2","13105","1"
"Emanuel","0","1","Georgia","4/6/20","0","1","13107","1"
"Fannin","1","9","Georgia","4/6/20","3","6","13111","200"
"Fayette","6","74","Georgia","4/6/20","32","42","13113","131.25"
"Floyd","8","84","Georgia","4/6/20","28","56","13115","200"
"Forsyth","7","80","Georgia","4/6/20","33","47","13117","142.42"
"Franklin","0","5","Georgia","4/6/20","3","2","13119","66.67"
"Fulton","81","1027","Georgia","4/6/20","463","564","13121","121.81"
"Gilmer","0","1","Georgia","4/6/20","1","0","13123","0"
"Glynn","3","29","Georgia","4/6/20","10","19","13127","190"
"Gordon","1","24","Georgia","4/6/20","15","9","13129","60"
"Grady","1","4","Georgia","4/6/20","0","4","13131","1"
"Greene","2","15","Georgia","4/6/20","3","12","13133","400"
"Gwinnett","41","443","Georgia","4/6/20","158","285","13135","180.38"
"Habersham","0","2","Georgia","4/6/20","0","2","13137","1"
"Hall","14","131","Georgia","4/6/20","34","97","13139","285.29"
"Haralson","1","10","Georgia","4/6/20","3","7","13143","233.33"
"Harris","1","10","Georgia","4/6/20","4","6","13145","150"
"Hart","0","3","Georgia","4/6/20","2","1","13147","50"
"Heard","0","2","Georgia","4/6/20","1","1","13149","100"
"Henry","17","178","Georgia","4/6/20","58","120","13151","206.9"
"Houston","7","64","Georgia","4/6/20","16","48","13153","300"
"Irwin","0","6","Georgia","4/6/20","3","3","13155","100"
"Jackson","2","17","Georgia","4/6/20","2","15","13157","750"
"Jasper","0","3","Georgia","4/6/20","2","1","13159","50"
"Jeff Davis","0","1","Georgia","4/6/20","0","1","13161","1"
"Jefferson","0","3","Georgia","4/6/20","0","3","13163","1"
"Jenkins","0","4","Georgia","4/6/20","1","3","13165","300"
"Johnson","0","3","Georgia","4/6/20","0","3","13167","1"
"Jones","1","7","Georgia","4/6/20","2","5","13169","250"
"Lamar","1","14","Georgia","4/6/20","4","10","13171","250"
"Lanier","1","4","Georgia","4/6/20","0","4","13173","1"
"Laurens","1","16","Georgia","4/6/20","12","4","13175","33.33"
"Lee","15","147","Georgia","4/6/20","44","103","13177","234.09"
"Liberty","1","13","Georgia","4/6/20","4","9","13179","225"
"Lincoln","0","5","Georgia","4/6/20","3","2","13181","66.67"
"Long","0","1","Georgia","4/6/20","1","0","13183","0"
"Lowndes","3","40","Georgia","4/6/20","20","20","13185","100"
"Lumpkin","1","9","Georgia","4/6/20","4","5","13187","125"
"Macon","0","4","Georgia","4/6/20","1","3","13193","300"
"Madison","1","7","Georgia","4/6/20","3","4","13195","133.33"
"Marion","0","2","Georgia","4/6/20","0","2","13197","1"
"McDuffie","1","8","Georgia","4/6/20","1","7","13189","700"
"McIntosh","0","2","Georgia","4/6/20","0","2","13191","1"
"Meriwether","1","13","Georgia","4/6/20","6","7","13199","116.67"
"Miller","1","14","Georgia","4/6/20","4","10","13201","250"
"Mitchell","6","56","Georgia","4/6/20","15","41","13205","273.33"
"Monroe","1","10","Georgia","4/6/20","3","7","13207","233.33"
"Morgan","1","5","Georgia","4/6/20","1","4","13211","400"
"Murray","1","10","Georgia","4/6/20","3","7","13213","233.33"
"Muscogee","4","40","Georgia","4/6/20","12","28","13215","233.33"
"Newton","6","62","Georgia","4/6/20","18","44","13217","244.44"
"Oconee","2","24","Georgia","4/6/20","11","13","13219","118.18"
"Oglethorpe","0","1","Georgia","4/6/20","0","1","13221","1"
"Paulding","4","54","Georgia","4/6/20","24","30","13223","125"
"Peach","1","15","Georgia","4/6/20","7","8","13225","114.29"
"Pickens","0","9","Georgia","4/6/20","6","3","13227","50"
"Pierce","3","21","Georgia","4/6/20","2","19","13229","950"
"Pike","1","9","Georgia","4/6/20","2","7","13231","350"
"Polk","1","20","Georgia","4/6/20","12","8","13233","66.67"
"Pulaski","1","7","Georgia","4/6/20","3","4","13235","133.33"
"Putnam","0","3","Georgia","4/6/20","0","3","13237","1"
"Quitman","0","1","Georgia","4/6/20","0","1","13239","1"
"Rabun","0","3","Georgia","4/6/20","0","3","13241","1"
"Randolph","3","24","Georgia","4/6/20","3","21","13243","700"
"Richmond","6","56","Georgia","4/6/20","13","43","13245","330.77"
"Rockdale","9","80","Georgia","4/6/20","18","62","13247","344.44"
"Schley","1","6","Georgia","4/6/20","1","5","13249","500"
"Screven","0","2","Georgia","4/6/20","0","2","13251","1"
"Seminole","1","9","Georgia","4/6/20","5","4","13253","80"
"Spalding","4","41","Georgia","4/6/20","12","29","13255","241.67"
"Stephens","1","8","Georgia","4/6/20","3","5","13257","166.67"
"Stewart","0","3","Georgia","4/6/20","0","3","13259","1"
"Sumter","10","87","Georgia","4/6/20","16","71","13261","443.75"
"Talbot","1","5","Georgia","4/6/20","0","5","13263","1"
"Tattnall","0","3","Georgia","4/6/20","2","1","13267","50"
"Taylor","0","3","Georgia","4/6/20","1","2","13269","200"
"Telfair","1","4","Georgia","4/6/20","0","4","13271","1"
"Terrell","8","65","Georgia","4/6/20","12","53","13273","441.67"
"Thomas","3","28","Georgia","4/6/20","7","21","13275","300"
"Tift","3","42","Georgia","4/6/20","19","23","13277","121.05"
"Toombs","1","7","Georgia","4/6/20","2","5","13279","250"
"Towns","0","1","Georgia","4/6/20","0","1","13281","1"
"Treutlen","0","1","Georgia","4/6/20","0","1","13283","1"
"Troup","4","37","Georgia","4/6/20","11","26","13285","236.36"
"Turner","2","14","Georgia","4/6/20","3","11","13287","366.67"
"Twiggs","0","2","Georgia","4/6/20","2","0","13289","0"
"Union","0","1","Georgia","4/6/20","0","1","13291","1"
"Upson","2","22","Georgia","4/6/20","5","17","13293","340"
"Walker","0","3","Georgia","4/6/20","0","3","13295","1"
"Walton","3","23","Georgia","4/6/20","4","19","13297","475"
"Ware","2","22","Georgia","4/6/20","5","17","13299","340"
"Warren","1","5","Georgia","4/6/20","1","4","13301","400"
"Washington","1","6","Georgia","4/6/20","2","4","13303","200"
"Wayne","0","2","Georgia","4/6/20","0","2","13305","1"
"Webster","1","4","Georgia","4/6/20","0","4","13307","1"
"Wheeler","0","1","Georgia","4/6/20","1","0","13309","0"
"White","0","4","Georgia","4/6/20","1","3","13311","300"
"Whitfield","1","17","Georgia","4/6/20","7","10","13313","142.86"
"Wilcox","0","2","Georgia","4/6/20","0","2","13315","1"
"Wilkes","0","4","Georgia","4/6/20","1","3","13317","300"
"Wilkinson","0","3","Georgia","4/6/20","0","3","13319","1"
"Worth","4","39","Georgia","4/6/20","11","28","13321","254.55"
"","0","103","Grand Princess","4/6/20","103","0",,"0"
"","8","113","Guam","4/6/20","58","55",,"94.83"
"Hawaii","2","23","Hawaii","4/6/20","12","11","15001","91.67"
"Honolulu","24","292","Hawaii","4/6/20","123","169","15003","137.4"
"Kauai","1","17","Hawaii","4/6/20","12","5","15007","41.67"
"Maui","3","44","Hawaii","4/6/20","20","24","15009","120"
"Out of HI","0","2","Hawaii","4/6/20","0","2","80015","1"
"Ada","41","402","Idaho","4/6/20","113","289","16001","255.75"
"Adams","0","1","Idaho","4/6/20","0","1","16003","1"
"Bannock","0","5","Idaho","4/6/20","3","2","16005","66.67"
"Bingham","0","2","Idaho","4/6/20","1","1","16011","100"
"Blaine","40","410","Idaho","4/6/20","130","280","16013","215.38"
"Bonner","0","2","Idaho","4/6/20","1","1","16017","100"
"Bonneville","1","6","Idaho","4/6/20","2","4","16019","200"
"Camas","0","1","Idaho","4/6/20","0","1","16025","1"
"Canyon","9","101","Idaho","4/6/20","40","61","16027","152.5"
"Caribou","0","1","Idaho","4/6/20","0","1","16029","1"
"Cassia","0","4","Idaho","4/6/20","1","3","16031","300"
"Custer","0","2","Idaho","4/6/20","1","1","16037","100"
"Elmore","2","11","Idaho","4/6/20","0","11","16039","1"
"Fremont","0","1","Idaho","4/6/20","1","0","16043","0"
"Gem","1","7","Idaho","4/6/20","3","4","16045","133.33"
"Gooding","0","1","Idaho","4/6/20","0","1","16047","1"
"Idaho","0","2","Idaho","4/6/20","1","1","16049","100"
"Jefferson","0","4","Idaho","4/6/20","2","2","16051","100"
"Jerome","2","13","Idaho","4/6/20","0","13","16053","1"
"Kootenai","2","42","Idaho","4/6/20","26","16","16055","61.54"
"Latah","0","1","Idaho","4/6/20","0","1","16057","1"
"Lewis","0","1","Idaho","4/6/20","0","1","16061","1"
"Lincoln","1","9","Idaho","4/6/20","1","8","16063","800"
"Madison","0","4","Idaho","4/6/20","2","2","16065","100"
"Minidoka","0","3","Idaho","4/6/20","0","3","16067","1"
"Nez Perce","1","13","Idaho","4/6/20","4","9","16069","225"
"Owyhee","0","2","Idaho","4/6/20","1","1","16073","100"
"Payette","1","6","Idaho","4/6/20","1","5","16075","500"
"Teton","0","4","Idaho","4/6/20","2","2","16081","100"
"Twin Falls","5","37","Idaho","4/6/20","3","34","16083","1133.33"
"Valley","0","2","Idaho","4/6/20","1","1","16085","100"
"Washington","0","1","Idaho","4/6/20","0","1","16087","1"
"Adams","1","8","Illinois","4/6/20","2","6","17001","300"
"Bond","0","3","Illinois","4/6/20","1","2","17005","200"
"Boone","1","4","Illinois","4/6/20","0","4","17007","1"
"Bureau","0","3","Illinois","4/6/20","1","2","17011","200"
"Calhoun","0","1","Illinois","4/6/20","0","1","17013","1"
"Carroll","0","4","Illinois","4/6/20","1","3","17015","300"
"Champaign","6","62","Illinois","4/6/20","23","39","17019","169.57"
"Christian","1","22","Illinois","4/6/20","12","10","17021","83.33"
"Clark","0","2","Illinois","4/6/20","1","1","17023","100"
"Clinton","1","11","Illinois","4/6/20","6","5","17027","83.33"
"Cook","714","8728","Illinois","4/6/20","3727","5001","17031","134.18"
"Crawford","1","5","Illinois","4/6/20","1","4","17033","400"
"Cumberland","0","1","Illinois","4/6/20","1","0","17035","0"
"De Witt","0","3","Illinois","4/6/20","0","3","17039","1"
"DeKalb","3","22","Illinois","4/6/20","4","18","17037","450"
"Douglas","1","10","Illinois","4/6/20","1","9","17041","900"
"DuPage","56","715","Illinois","4/6/20","320","395","17043","123.44"
"Effingham","0","1","Illinois","4/6/20","0","1","17049","1"
"Fayette","0","3","Illinois","4/6/20","1","2","17051","200"
"Ford","0","1","Illinois","4/6/20","0","1","17053","1"
"Franklin","0","2","Illinois","4/6/20","1","1","17055","100"
"Gallatin","0","1","Illinois","4/6/20","0","1","17059","1"
"Grundy","1","9","Illinois","4/6/20","3","6","17063","200"
"Henry","1","10","Illinois","4/6/20","2","8","17073","400"
"Iroquois","1","6","Illinois","4/6/20","1","5","17075","500"
"Jackson","2","14","Illinois","4/6/20","3","11","17077","366.67"
"Jasper","1","4","Illinois","4/6/20","0","4","17079","1"
"Jefferson","0","1","Illinois","4/6/20","0","1","17081","1"
"Jersey","0","3","Illinois","4/6/20","0","3","17083","1"
"Jo Daviess","1","6","Illinois","4/6/20","1","5","17085","500"
"Kane","17","234","Illinois","4/6/20","113","121","17089","107.08"
"Kankakee","7","85","Illinois","4/6/20","33","52","17091","157.58"
"Kendall","5","55","Illinois","4/6/20","18","37","17093","205.56"
"Knox","0","1","Illinois","4/6/20","1","0","17095","0"
"Lake","67","815","Illinois","4/6/20","343","472","17097","137.61"
"LaSalle","1","11","Illinois","4/6/20","5","6","17099","120"
"Lee","0","2","Illinois","4/6/20","0","2","17103","1"
"Livingston","1","9","Illinois","4/6/20","2","7","17105","350"
"Logan","0","1","Illinois","4/6/20","0","1","17107","1"
"Macon","1","9","Illinois","4/6/20","2","7","17115","350"
"Macoupin","1","7","Illinois","4/6/20","0","7","17117","1"
"Madison","6","52","Illinois","4/6/20","13","39","17119","300"
"Marion","0","3","Illinois","4/6/20","2","1","17121","50"
"Marshall","0","1","Illinois","4/6/20","1","0","17123","0"
"Mason","0","1","Illinois","4/6/20","0","1","17125","1"
"Massac","0","2","Illinois","4/6/20","0","2","17127","1"
"McHenry","13","144","Illinois","4/6/20","52","92","17111","176.92"
"McLean","4","46","Illinois","4/6/20","17","29","17113","170.59"
"Menard","0","2","Illinois","4/6/20","1","1","17129","100"
"Mercer","0","2","Illinois","4/6/20","0","2","17131","1"
"Monroe","1","11","Illinois","4/6/20","3","8","17133","266.67"
"Montgomery","0","3","Illinois","4/6/20","1","2","17135","200"
"Morgan","0","7","Illinois","4/6/20","4","3","17137","75"
"Moultrie","0","1","Illinois","4/6/20","0","1","17139","1"
"Ogle","1","7","Illinois","4/6/20","0","7","17141","1"
"Peoria","1","12","Illinois","4/6/20","8","4","17143","50"
"Piatt","0","3","Illinois","4/6/20","0","3","17147","1"
"Pike","0","1","Illinois","4/6/20","0","1","17149","1"
"Randolph","4","27","Illinois","4/6/20","2","25","17157","1250"
"Rock Island","6","47","Illinois","4/6/20","8","39","17161","487.5"
"Saline","0","1","Illinois","4/6/20","1","0","17165","0"
"Sangamon","3","31","Illinois","4/6/20","12","19","17167","158.33"
"St. Clair","8","92","Illinois","4/6/20","36","56","17163","155.56"
"Stephenson","0","5","Illinois","4/6/20","3","2","17177","66.67"
"Tazewell","1","14","Illinois","4/6/20","4","10","17179","250"
"Vermilion","1","5","Illinois","4/6/20","0","5","17183","1"
"Wabash","0","1","Illinois","4/6/20","0","1","17185","1"
"Washington","0","2","Illinois","4/6/20","1","1","17189","100"
"Whiteside","2","18","Illinois","4/6/20","4","14","17195","350"
"Will","68","697","Illinois","4/6/20","223","474","17197","212.56"
"Williamson","0","3","Illinois","4/6/20","1","2","17199","200"
"Winnebago","5","49","Illinois","4/6/20","13","36","17201","276.92"
"Woodford","0","6","Illinois","4/6/20","3","3","17203","100"
"Adams","0","2","Indiana","4/6/20","1","1","18001","100"
"Allen","8","87","Indiana","4/6/20","28","59","18003","210.71"
"Bartholomew","6","54","Indiana","4/6/20","10","44","18005","440"
"Blackford","1","4","Indiana","4/6/20","0","4","18009","1"
"Boone","6","64","Indiana","4/6/20","20","44","18011","220"
"Brown","0","5","Indiana","4/6/20","3","2","18013","66.67"
"Carroll","0","3","Indiana","4/6/20","2","1","18015","50"
"Cass","0","4","Indiana","4/6/20","1","3","18017","300"
"Clark","6","71","Indiana","4/6/20","27","44","18019","162.96"
"Clay","0","4","Indiana","4/6/20","1","3","18021","300"
"Clinton","0","4","Indiana","4/6/20","1","3","18023","300"
"Crawford","1","5","Indiana","4/6/20","1","4","18025","400"
"Daviess","0","2","Indiana","4/6/20","0","2","18027","1"
"Dearborn","4","38","Indiana","4/6/20","10","28","18029","280"
"Decatur","7","90","Indiana","4/6/20","42","48","18031","114.29"
"DeKalb","0","4","Indiana","4/6/20","1","3","18033","300"
"Delaware","4","40","Indiana","4/6/20","15","25","18035","166.67"
"Dubois","1","7","Indiana","4/6/20","2","5","18037","250"
"Elkhart","3","36","Indiana","4/6/20","12","24","18039","200"
"Fayette","1","16","Indiana","4/6/20","8","8","18041","100"
"Floyd","4","50","Indiana","4/6/20","20","30","18043","150"
"Fountain","0","2","Indiana","4/6/20","1","1","18045","100"
"Franklin","4","55","Indiana","4/6/20","28","27","18047","96.43"
"Fulton","0","3","Indiana","4/6/20","1","2","18049","200"
"Gibson","0","4","Indiana","4/6/20","4","0","18051","0"
"Grant","2","20","Indiana","4/6/20","7","13","18053","185.71"
"Greene","1","10","Indiana","4/6/20","1","9","18055","900"
"Hamilton","33","335","Indiana","4/6/20","106","229","18057","216.04"
"Hancock","6","72","Indiana","4/6/20","28","44","18059","157.14"
"Harrison","3","33","Indiana","4/6/20","15","18","18061","120"
"Hendricks","20","196","Indiana","4/6/20","58","138","18063","237.93"
"Henry","2","13","Indiana","4/6/20","2","11","18065","550"
"Howard","3","32","Indiana","4/6/20","14","18","18067","128.57"
"Huntington","0","4","Indiana","4/6/20","2","2","18069","100"
"Jackson","4","37","Indiana","4/6/20","8","29","18071","362.5"
"Jasper","1","15","Indiana","4/6/20","6","9","18073","150"
"Jay","0","3","Indiana","4/6/20","0","3","18075","1"
"Jefferson","1","6","Indiana","4/6/20","0","6","18077","1"
"Jennings","3","37","Indiana","4/6/20","14","23","18079","164.29"
"Johnson","16","195","Indiana","4/6/20","81","114","18081","140.74"
"Knox","1","8","Indiana","4/6/20","2","6","18083","300"
"Kosciusko","1","14","Indiana","4/6/20","4","10","18085","250"
"LaGrange","1","6","Indiana","4/6/20","2","4","18087","200"
"Lake","39","369","Indiana","4/6/20","97","272","18089","280.41"
"LaPorte","2","21","Indiana","4/6/20","6","15","18091","250"
"Lawrence","4","39","Indiana","4/6/20","9","30","18093","333.33"
"Madison","10","101","Indiana","4/6/20","29","72","18095","248.28"
"Marion","165","1956","Indiana","4/6/20","804","1152","18097","143.28"
"Marshall","1","8","Indiana","4/6/20","3","5","18099","166.67"
"Martin","0","2","Indiana","4/6/20","0","2","18101","1"
"Miami","1","7","Indiana","4/6/20","3","4","18103","133.33"
"Monroe","3","48","Indiana","4/6/20","26","22","18105","84.62"
"Montgomery","1","15","Indiana","4/6/20","6","9","18107","150"
"Morgan","8","76","Indiana","4/6/20","23","53","18109","230.43"
"Newton","0","4","Indiana","4/6/20","1","3","18111","300"
"Noble","1","11","Indiana","4/6/20","2","9","18113","450"
"Ohio","0","1","Indiana","4/6/20","1","0","18115","0"
"Orange","1","9","Indiana","4/6/20","2","7","18117","350"
"Owen","1","15","Indiana","4/6/20","10","5","18119","50"
"Parke","1","5","Indiana","4/6/20","0","5","18121","1"
"Porter","9","79","Indiana","4/6/20","15","64","18127","426.67"
"Posey","0","5","Indiana","4/6/20","3","2","18129","66.67"
"Putnam","2","21","Indiana","4/6/20","7","14","18133","200"
"Randolph","1","5","Indiana","4/6/20","1","4","18135","400"
"Ripley","6","70","Indiana","4/6/20","25","45","18137","180"
"Rush","1","12","Indiana","4/6/20","4","8","18139","200"
"Scott","1","8","Indiana","4/6/20","1","7","18143","700"
"Shelby","5","45","Indiana","4/6/20","13","32","18145","246.15"
"Spencer","0","1","Indiana","4/6/20","0","1","18147","1"
"St. Joseph","11","112","Indiana","4/6/20","36","76","18141","211.11"
"Starke","0","4","Indiana","4/6/20","1","3","18149","300"
"Steuben","1","8","Indiana","4/6/20","1","7","18151","700"
"Sullivan","0","3","Indiana","4/6/20","1","2","18153","200"
"Switzerland","1","11","Indiana","4/6/20","3","8","18155","266.67"
"Tippecanoe","3","34","Indiana","4/6/20","14","20","18157","142.86"
"Tipton","0","6","Indiana","4/6/20","4","2","18159","50"
"Union","0","3","Indiana","4/6/20","0","3","18161","1"
"Vanderburgh","3","40","Indiana","4/6/20","17","23","18163","135.29"
"Vermillion","0","2","Indiana","4/6/20","0","2","18165","1"
"Vigo","3","25","Indiana","4/6/20","7","18","18167","257.14"
"Wabash","0","3","Indiana","4/6/20","1","2","18169","200"
"Warren","0","2","Indiana","4/6/20","2","0","18171","0"
"Warrick","2","19","Indiana","4/6/20","8","11","18173","137.5"
"Washington","2","18","Indiana","4/6/20","6","12","18175","200"
"Wayne","1","10","Indiana","4/6/20","1","9","18177","900"
"Wells","0","2","Indiana","4/6/20","1","1","18179","100"
"White","0","3","Indiana","4/6/20","2","1","18181","50"
"Whitley","1","8","Indiana","4/6/20","1","7","18183","700"
"Adair","0","1","Iowa","4/6/20","1","0","19001","0"
"Allamakee","2","18","Iowa","4/6/20","7","11","19005","157.14"
"Appanoose","0","1","Iowa","4/6/20","1","0","19007","0"
"Audubon","0","1","Iowa","4/6/20","1","0","19009","0"
"Benton","0","10","Iowa","4/6/20","7","3","19011","42.86"
"Black Hawk","1","12","Iowa","4/6/20","6","6","19013","100"
"Boone","0","3","Iowa","4/6/20","1","2","19015","200"
"Bremer","0","2","Iowa","4/6/20","0","2","19017","1"
"Buchanan","0","5","Iowa","4/6/20","2","3","19019","150"
"Butler","0","1","Iowa","4/6/20","1","0","19023","0"
"Carroll","0","1","Iowa","4/6/20","1","0","19027","0"
"Cedar","1","13","Iowa","4/6/20","8","5","19031","62.5"
"Cerro Gordo","1","12","Iowa","4/6/20","7","5","19033","71.43"
"Chickasaw","0","1","Iowa","4/6/20","0","1","19037","1"
"Clarke","0","1","Iowa","4/6/20","0","1","19039","1"
"Clay","0","2","Iowa","4/6/20","0","2","19041","1"
"Clayton","0","4","Iowa","4/6/20","1","3","19043","300"
"Clinton","2","17","Iowa","4/6/20","2","15","19045","750"
"Crawford","1","5","Iowa","4/6/20","1","4","19047","400"
"Dallas","2","35","Iowa","4/6/20","21","14","19049","66.67"
"Des Moines","0","1","Iowa","4/6/20","1","0","19057","0"
"Dickinson","0","1","Iowa","4/6/20","1","0","19059","0"
"Dubuque","1","25","Iowa","4/6/20","21","4","19061","19.05"
"Fayette","0","3","Iowa","4/6/20","2","1","19065","50"
"Franklin","0","1","Iowa","4/6/20","0","1","19069","1"
"Grundy","0","1","Iowa","4/6/20","0","1","19075","1"
"Guthrie","0","1","Iowa","4/6/20","1","0","19077","0"
"Hamilton","0","1","Iowa","4/6/20","0","1","19079","1"
"Hancock","0","3","Iowa","4/6/20","3","0","19081","0"
"Hardin","0","1","Iowa","4/6/20","1","0","19083","0"
"Harrison","0","10","Iowa","4/6/20","8","2","19085","25"
"Henry","1","9","Iowa","4/6/20","3","6","19087","200"
"Howard","0","1","Iowa","4/6/20","0","1","19089","1"
"Iowa","0","6","Iowa","4/6/20","3","3","19095","100"
"Jackson","0","4","Iowa","4/6/20","1","3","19097","300"
"Jasper","0","8","Iowa","4/6/20","5","3","19099","60"
"Jefferson","0","3","Iowa","4/6/20","0","3","19101","1"
"Johnson","7","118","Iowa","4/6/20","70","48","19103","68.57"
"Jones","1","6","Iowa","4/6/20","1","5","19105","500"
"Keokuk","0","2","Iowa","4/6/20","1","1","19107","100"
"Kossuth","0","1","Iowa","4/6/20","1","0","19109","0"
"Lee","0","1","Iowa","4/6/20","0","1","19111","1"
"Linn","15","176","Iowa","4/6/20","71","105","19113","147.89"
"Louisa","1","7","Iowa","4/6/20","0","7","19115","1"
"Lyon","0","2","Iowa","4/6/20","0","2","19119","1"
"Madison","0","1","Iowa","4/6/20","0","1","19121","1"
"Mahaska","0","3","Iowa","4/6/20","2","1","19123","50"
"Marion","0","1","Iowa","4/6/20","0","1","19125","1"
"Marshall","1","12","Iowa","4/6/20","6","6","19127","100"
"Mills","0","1","Iowa","4/6/20","0","1","19129","1"
"Mitchell","0","2","Iowa","4/6/20","0","2","19131","1"
"Monona","0","6","Iowa","4/6/20","5","1","19133","20"
"Montgomery","0","1","Iowa","4/6/20","1","0","19137","0"
"Muscatine","4","41","Iowa","4/6/20","13","28","19139","215.38"
"O'Brien","0","3","Iowa","4/6/20","0","3","19141","1"
"Page","0","3","Iowa","4/6/20","2","1","19145","50"
"Plymouth","1","4","Iowa","4/6/20","0","4","19149","1"
"Polk","9","125","Iowa","4/6/20","61","64","19153","104.92"
"Pottawattamie","1","8","Iowa","4/6/20","3","5","19155","166.67"
"Poweshiek","0","6","Iowa","4/6/20","5","1","19157","20"
"Scott","5","52","Iowa","4/6/20","16","36","19163","225"
"Shelby","0","6","Iowa","4/6/20","3","3","19165","100"
"Sioux","1","7","Iowa","4/6/20","2","5","19167","250"
"Story","0","5","Iowa","4/6/20","2","3","19169","150"
"Tama","4","35","Iowa","4/6/20","10","25","19171","250"
"Taylor","0","1","Iowa","4/6/20","1","0","19173","0"
"Van Buren","1","6","Iowa","4/6/20","1","5","19177","500"
"Wapello","0","2","Iowa","4/6/20","1","1","19179","100"
"Warren","1","11","Iowa","4/6/20","1","10","19181","1000"
"Washington","5","52","Iowa","4/6/20","18","34","19183","188.89"
"Webster","0","1","Iowa","4/6/20","1","0","19187","0"
"Winnebago","0","1","Iowa","4/6/20","0","1","19189","1"
"Winneshiek","0","4","Iowa","4/6/20","3","1","19191","33.33"
"Woodbury","1","8","Iowa","4/6/20","4","4","19193","100"
"Wright","0","1","Iowa","4/6/20","1","0","19197","0"
"Atchison","0","2","Kansas","4/6/20","1","1","20005","100"
"Barton","0","3","Kansas","4/6/20","0","3","20009","1"
"Bourbon","0","6","Kansas","4/6/20","3","3","20011","100"
"Butler","1","8","Kansas","4/6/20","3","5","20015","166.67"
"Chautauqua","0","3","Kansas","4/6/20","0","3","20019","1"
"Cherokee","0","5","Kansas","4/6/20","2","3","20021","150"
"Clay","0","1","Kansas","4/6/20","1","0","20027","0"
"Cloud","0","1","Kansas","4/6/20","0","1","20029","1"
"Coffey","3","29","Kansas","4/6/20","10","19","20031","190"
"Cowley","0","1","Kansas","4/6/20","0","1","20035","1"
"Crawford","0","4","Kansas","4/6/20","5","-1","20037","-20"
"Doniphan","0","1","Kansas","4/6/20","1","0","20043","0"
"Douglas","2","36","Kansas","4/6/20","23","13","20045","56.52"
"Finney","1","10","Kansas","4/6/20","1","9","20055","900"
"Ford","0","1","Kansas","4/6/20","1","0","20057","0"
"Franklin","1","10","Kansas","4/6/20","6","4","20059","66.67"
"Geary","0","2","Kansas","4/6/20","0","2","20061","1"
"Gove","0","1","Kansas","4/6/20","1","0","20063","0"
"Greenwood","0","1","Kansas","4/6/20","0","1","20073","1"
"Harvey","0","3","Kansas","4/6/20","1","2","20079","200"
"Jackson","0","1","Kansas","4/6/20","1","0","20085","0"
"Jefferson","0","3","Kansas","4/6/20","1","2","20087","200"
"Jewell","0","1","Kansas","4/6/20","0","1","20089","1"
"Johnson","14","212","Kansas","4/6/20","116","96","20091","82.76"
"Labette","1","5","Kansas","4/6/20","0","5","20099","1"
"Leavenworth","3","40","Kansas","4/6/20","20","20","20103","100"
"Linn","0","5","Kansas","4/6/20","5","0","20107","0"
"Lyon","2","23","Kansas","4/6/20","9","14","20111","155.56"
"Marion","0","3","Kansas","4/6/20","0","3","20115","1"
"McPherson","1","9","Kansas","4/6/20","3","6","20113","200"
"Miami","0","2","Kansas","4/6/20","0","2","20121","1"
"Mitchell","0","2","Kansas","4/6/20","2","0","20123","0"
"Montgomery","1","9","Kansas","4/6/20","4","5","20125","125"
"Morris","0","2","Kansas","4/6/20","2","0","20127","0"
"Morton","0","1","Kansas","4/6/20","0","1","20129","1"
"Neosho","0","1","Kansas","4/6/20","1","0","20133","0"
"Osage","0","3","Kansas","4/6/20","2","1","20139","50"
"Osborne","0","2","Kansas","4/6/20","0","2","20141","1"
"Ottawa","0","3","Kansas","4/6/20","1","2","20143","200"
"Pottawatomie","0","3","Kansas","4/6/20","1","2","20149","200"
"Pratt","0","1","Kansas","4/6/20","0","1","20151","1"
"Reno","0","10","Kansas","4/6/20","7","3","20155","42.86"
"Republic","0","1","Kansas","4/6/20","0","1","20157","1"
"Riley","2","14","Kansas","4/6/20","2","12","20161","600"
"Saline","1","7","Kansas","4/6/20","1","6","20169","600"
"Sedgwick","11","124","Kansas","4/6/20","49","75","20173","153.06"
"Shawnee","4","40","Kansas","4/6/20","14","26","20177","185.71"
"Stafford","0","1","Kansas","4/6/20","1","0","20185","0"
"Stevens","0","1","Kansas","4/6/20","2","-1","20189","-50"
"Sumner","0","2","Kansas","4/6/20","1","1","20191","100"
"Wabaunsee","0","1","Kansas","4/6/20","0","1","20197","1"
"Woodson","0","3","Kansas","4/6/20","1","2","20207","200"
"Wyandotte","17","186","Kansas","4/6/20","67","119","20209","177.61"
"Adair","0","3","Kentucky","4/6/20","0","3","21001","1"
"Allen","0","2","Kentucky","4/6/20","1","1","21003","100"
"Anderson","0","3","Kentucky","4/6/20","2","1","21005","50"
"Barren","0","0","Kentucky","4/6/20","1","-1","21009","-100"
"Bath","0","1","Kentucky","4/6/20","0","1","21011","1"
"Boone","1","12","Kentucky","4/6/20","5","7","21015","140"
"Bourbon","0","4","Kentucky","4/6/20","2","2","21017","100"
"Boyd","2","13","Kentucky","4/6/20","0","13","21019","1"
"Boyle","1","7","Kentucky","4/6/20","1","6","21021","600"
"Bracken","0","1","Kentucky","4/6/20","1","0","21023","0"
"Breathitt","0","1","Kentucky","4/6/20","2","-1","21025","-50"
"Breckinridge","0","2","Kentucky","4/6/20","2","0","21027","0"
"Bullitt","1","11","Kentucky","4/6/20","2","9","21029","450"
"Butler","0","1","Kentucky","4/6/20","1","0","21031","0"
"Caldwell","0","2","Kentucky","4/6/20","0","2","21033","1"
"Calloway","0","5","Kentucky","4/6/20","3","2","21035","66.67"
"Campbell","1","12","Kentucky","4/6/20","4","8","21037","200"
"Carroll","0","2","Kentucky","4/6/20","1","1","21041","100"
"Carter","0","1","Kentucky","4/6/20","0","1","21043","1"
"Christian","3","30","Kentucky","4/6/20","6","24","21047","400"
"Clark","1","11","Kentucky","4/6/20","6","5","21049","83.33"
"Clinton","0","1","Kentucky","4/6/20","0","1","21053","1"
"Crittenden","0","1","Kentucky","4/6/20","0","1","21055","1"
"Cumberland","0","1","Kentucky","4/6/20","0","1","21057","1"
"Daviess","4","55","Kentucky","4/6/20","27","28","21059","103.7"
"Edmonson","1","5","Kentucky","4/6/20","0","5","21061","1"
"Fayette","6","122","Kentucky","4/6/20","82","40","21067","48.78"
"Floyd","0","0","Kentucky","4/6/20","1","-1","21071","-100"
"Franklin","0","7","Kentucky","4/6/20","6","1","21073","16.67"
"Grant","0","2","Kentucky","4/6/20","1","1","21081","100"
"Graves","0","2","Kentucky","4/6/20","0","2","21083","1"
"Grayson","0","2","Kentucky","4/6/20","2","0","21085","0"
"Greenup","0","1","Kentucky","4/6/20","0","1","21089","1"
"Hancock","0","1","Kentucky","4/6/20","1","0","21091","0"
"Hardin","1","9","Kentucky","4/6/20","5","4","21093","80"
"Harrison","0","12","Kentucky","4/6/20","11","1","21097","9.09"
"Henderson","0","6","Kentucky","4/6/20","3","3","21101","100"
"Henry","0","2","Kentucky","4/6/20","0","2","21103","1"
"Hopkins","2","34","Kentucky","4/6/20","17","17","21107","100"
"Jefferson","27","304","Kentucky","4/6/20","116","188","21111","162.07"
"Jessamine","1","16","Kentucky","4/6/20","11","5","21113","45.45"
"Johnson","0","1","Kentucky","4/6/20","0","1","21115","1"
"Kenton","2","33","Kentucky","4/6/20","19","14","21117","73.68"
"Larue","0","3","Kentucky","4/6/20","1","2","21123","200"
"Laurel","0","2","Kentucky","4/6/20","2","0","21125","0"
"Lawrence","0","1","Kentucky","4/6/20","0","1","21127","1"
"Lewis","0","2","Kentucky","4/6/20","0","2","21135","1"
"Logan","0","4","Kentucky","4/6/20","2","2","21141","100"
"Lyon","0","4","Kentucky","4/6/20","1","3","21143","300"
"Madison","0","11","Kentucky","4/6/20","8","3","21151","37.5"
"Marion","0","3","Kentucky","4/6/20","0","3","21155","1"
"Marshall","0","3","Kentucky","4/6/20","0","3","21157","1"
"Martin","0","1","Kentucky","4/6/20","2","-1","21159","-50"
"Mason","0","2","Kentucky","4/6/20","1","1","21161","100"
"McCracken","1","13","Kentucky","4/6/20","5","8","21145","160"
"McCreary","0","1","Kentucky","4/6/20","1","0","21147","0"
"McLean","0","1","Kentucky","4/6/20","1","0","21149","0"
"Meade","0","2","Kentucky","4/6/20","0","2","21163","1"
"Menifee","0","3","Kentucky","4/6/20","2","1","21165","50"
"Mercer","0","4","Kentucky","4/6/20","2","2","21167","100"
"Montgomery","0","5","Kentucky","4/6/20","2","3","21173","150"
"Muhlenberg","-1","0","Kentucky","4/6/20","7","-7","21177","-100"
"Nelson","0","4","Kentucky","4/6/20","3","1","21179","33.33"
"Nicholas","0","1","Kentucky","4/6/20","1","0","21181","0"
"Ohio","0","1","Kentucky","4/6/20","0","1","21183","1"
"Oldham","1","7","Kentucky","4/6/20","3","4","21185","133.33"
"Pendleton","0","2","Kentucky","4/6/20","0","2","21191","1"
"Perry","0","3","Kentucky","4/6/20","0","3","21193","1"
"Pike","0","1","Kentucky","4/6/20","0","1","21195","1"
"Powell","0","1","Kentucky","4/6/20","0","1","21197","1"
"Pulaski","1","13","Kentucky","4/6/20","7","6","21199","85.71"
"Rockcastle","0","2","Kentucky","4/6/20","0","2","21203","1"
"Russell","0","1","Kentucky","4/6/20","0","1","21207","1"
"Scott","1","14","Kentucky","4/6/20","6","8","21209","133.33"
"Shelby","1","7","Kentucky","4/6/20","1","6","21211","600"
"Simpson","1","13","Kentucky","4/6/20","4","9","21213","225"
"Spencer","0","2","Kentucky","4/6/20","2","0","21215","0"
"Taylor","0","2","Kentucky","4/6/20","0","2","21217","1"
"Union","0","2","Kentucky","4/6/20","1","1","21225","100"
"Warren","1","21","Kentucky","4/6/20","12","9","21227","75"
"Washington","0","2","Kentucky","4/6/20","1","1","21229","100"
"Wayne","0","4","Kentucky","4/6/20","1","3","21231","300"
"Webster","0","3","Kentucky","4/6/20","2","1","21233","50"
"Woodford","1","9","Kentucky","4/6/20","3","6","21239","200"
"Acadia","10","79","Louisiana","4/6/20","11","68","22001","618.18"
"Allen","6","52","Louisiana","4/6/20","11","41","22003","372.73"
"Ascension","28","347","Louisiana","4/6/20","153","194","22005","126.8"
"Assumption","9","77","Louisiana","4/6/20","17","60","22007","352.94"
"Avoyelles","4","40","Louisiana","4/6/20","14","26","22009","185.71"
"Beauregard","3","23","Louisiana","4/6/20","5","18","22011","360"
"Bienville","1","14","Louisiana","4/6/20","5","9","22013","180"
"Bossier","12","139","Louisiana","4/6/20","57","82","22015","143.86"
"Caddo","70","711","Louisiana","4/6/20","222","489","22017","220.27"
"Calcasieu","17","159","Louisiana","4/6/20","42","117","22019","278.57"
"Caldwell","1","11","Louisiana","4/6/20","1","10","22021","1000"
"Catahoula","1","12","Louisiana","4/6/20","3","9","22025","300"
"Claiborne","4","30","Louisiana","4/6/20","4","26","22027","650"
"Concordia","1","9","Louisiana","4/6/20","0","9","22029","1"
"De Soto","8","82","Louisiana","4/6/20","28","54","22031","192.86"
"East Baton Rouge","90","816","Louisiana","4/6/20","188","628","22033","334.04"
"East Carroll","0","1","Louisiana","4/6/20","1","0","22035","0"
"East Feliciana","4","39","Louisiana","4/6/20","8","31","22037","387.5"
"Evangeline","2","23","Louisiana","4/6/20","8","15","22039","187.5"
"Franklin","3","28","Louisiana","4/6/20","5","23","22041","460"
"Grant","1","10","Louisiana","4/6/20","2","8","22043","400"
"Iberia","9","83","Louisiana","4/6/20","18","65","22045","361.11"
"Iberville","15","136","Louisiana","4/6/20","28","108","22047","385.71"
"Jackson","0","4","Louisiana","4/6/20","2","2","22049","100"
"Jefferson","385","3530","Louisiana","4/6/20","838","2692","22051","321.24"
"Jefferson Davis","3","21","Louisiana","4/6/20","3","18","22053","600"
"Lafayette","25","260","Louisiana","4/6/20","82","178","22055","217.07"
"Lafourche","36","305","Louisiana","4/6/20","51","254","22057","498.04"
"LaSalle","1","6","Louisiana","4/6/20","2","4","22059","200"
"Lincoln","2","19","Louisiana","4/6/20","8","11","22061","137.5"
"Livingston","9","79","Louisiana","4/6/20","16","63","22063","393.75"
"Madison","0","1","Louisiana","4/6/20","1","0","22065","0"
"Morehouse","2","15","Louisiana","4/6/20","2","13","22067","650"
"Natchitoches","3","22","Louisiana","4/6/20","2","20","22069","1000"
"Orleans","441","4565","Louisiana","4/6/20","1480","3085","22071","208.45"
"Ouachita","27","230","Louisiana","4/6/20","44","186","22073","422.73"
"Plaquemines","11","100","Louisiana","4/6/20","22","78","22075","354.55"
"Pointe Coupee","3","24","Louisiana","4/6/20","2","22","22077","1100"
"Rapides","9","110","Louisiana","4/6/20","44","66","22079","150"
"Red River","0","2","Louisiana","4/6/20","1","1","22081","100"
"Richland","1","11","Louisiana","4/6/20","2","9","22083","450"
"Sabine","1","7","Louisiana","4/6/20","1","6","22085","600"
"St. Bernard","31","267","Louisiana","4/6/20","53","214","22087","403.77"
"St. Charles","36","285","Louisiana","4/6/20","36","249","22089","691.67"
"St. Helena","1","8","Louisiana","4/6/20","0","8","22091","1"
"St. James","15","167","Louisiana","4/6/20","65","102","22093","156.92"
"St. John the Baptist","42","366","Louisiana","4/6/20","75","291","22095","388"
"St. Landry","5","52","Louisiana","4/6/20","15","37","22097","246.67"
"St. Martin","10","90","Louisiana","4/6/20","20","70","22099","350"
"St. Mary","9","73","Louisiana","4/6/20","10","63","22101","630"
"St. Tammany","64","637","Louisiana","4/6/20","186","451","22103","242.47"
"Tangipahoa","24","186","Louisiana","4/6/20","18","168","22105","933.33"
"Terrebonne","21","182","Louisiana","4/6/20","34","148","22109","435.29"
"Union","2","26","Louisiana","4/6/20","9","17","22111","188.89"
"Vermilion","2","17","Louisiana","4/6/20","3","14","22113","466.67"
"Vernon","1","10","Louisiana","4/6/20","3","7","22115","233.33"
"Washington","10","92","Louisiana","4/6/20","22","70","22117","318.18"
"Webster","6","51","Louisiana","4/6/20","11","40","22119","363.64"
"West Baton Rouge","5","45","Louisiana","4/6/20","12","33","22121","275"
"West Carroll","0","1","Louisiana","4/6/20","0","1","22123","1"
"West Feliciana","4","30","Louisiana","4/6/20","4","26","22125","650"
"Winn","0","2","Louisiana","4/6/20","1","1","22127","100"
"Androscoggin","2","23","Maine","4/6/20","8","15","23001","187.5"
"Aroostook","0","1","Maine","4/6/20","0","1","23003","1"
"Cumberland","14","249","Maine","4/6/20","154","95","23005","61.69"
"Franklin","0","5","Maine","4/6/20","2","3","23007","150"
"Hancock","0","2","Maine","4/6/20","0","2","23009","1"
"Kennebec","2","23","Maine","4/6/20","10","13","23011","130"
"Knox","1","9","Maine","4/6/20","4","5","23013","125"
"Lincoln","0","9","Maine","4/6/20","8","1","23015","12.5"
"Oxford","0","11","Maine","4/6/20","9","2","23017","22.22"
"Penobscot","2","25","Maine","4/6/20","12","13","23019","108.33"
"Sagadahoc","1","13","Maine","4/6/20","7","6","23023","85.71"
"Somerset","0","4","Maine","4/6/20","1","3","23025","300"
"Waldo","0","5","Maine","4/6/20","2","3","23027","150"
"Washington","0","1","Maine","4/6/20","0","1","23029","1"
"York","8","108","Maine","4/6/20","53","55","23031","103.77"
"Allegany","1","6","Maryland","4/6/20","0","6","24001","1"
"Anne Arundel","33","343","Maryland","4/6/20","110","233","24003","211.82"
"Baltimore","66","648","Maryland","4/6/20","186","462","24005","248.39"
"Baltimore City","40","435","Maryland","4/6/20","152","283","24510","186.18"
"Calvert","4","40","Maryland","4/6/20","12","28","24009","233.33"
"Caroline","0","6","Maryland","4/6/20","4","2","24011","50"
"Carroll","10","150","Maryland","4/6/20","82","68","24013","82.93"
"Cecil","3","37","Maryland","4/6/20","13","24","24015","184.62"
"Charles","14","129","Maryland","4/6/20","33","96","24017","290.91"
"Dorchester","0","1","Maryland","4/6/20","0","1","24019","1"
"Frederick","16","138","Maryland","4/6/20","26","112","24021","430.77"
"Garrett","0","3","Maryland","4/6/20","3","0","24023","0"
"Harford","4","55","Maryland","4/6/20","24","31","24025","129.17"
"Howard","17","214","Maryland","4/6/20","96","118","24027","122.92"
"Kent","0","5","Maryland","4/6/20","3","2","24029","66.67"
"Montgomery","65","793","Maryland","4/6/20","341","452","24031","132.55"
"Prince George's","89","916","Maryland","4/6/20","294","622","24033","211.56"
"Queen Anne's","2","15","Maryland","4/6/20","4","11","24035","275"
"Somerset","0","4","Maryland","4/6/20","1","3","24039","300"
"St. Mary's","5","41","Maryland","4/6/20","9","32","24037","355.56"
"Talbot","1","8","Maryland","4/6/20","4","4","24041","100"
"Washington","4","37","Maryland","4/6/20","7","30","24043","428.57"
"Wicomico","1","11","Maryland","4/6/20","6","5","24045","83.33"
"Worcester","1","10","Maryland","4/6/20","3","7","24047","233.33"
"Barnstable","30","383","Massachusetts","4/6/20","173","210","25001","121.39"
"Berkshire","15","268","Massachusetts","4/6/20","162","106","25003","65.43"
"Bristol","66","722","Massachusetts","4/6/20","263","459","25005","174.52"
"Dukes and Nantucket","1","17","Massachusetts","4/6/20","8","9","00000","112.5"
"Essex","143","1653","Massachusetts","4/6/20","653","1000","25009","153.14"
"Franklin","8","107","Massachusetts","4/6/20","49","58","25011","118.37"
"Hampden","91","889","Massachusetts","4/6/20","255","634","25013","248.63"
"Hampshire","14","147","Massachusetts","4/6/20","46","101","25015","219.57"
"Middlesex","258","2950","Massachusetts","4/6/20","1141","1809","25017","158.55"
"Norfolk","108","1382","Massachusetts","4/6/20","628","754","25021","120.06"
"Plymouth","98","1067","Massachusetts","4/6/20","380","687","25023","180.79"
"Suffolk","259","2929","Massachusetts","4/6/20","1115","1814","25025","162.69"
"Worcester","98","1077","Massachusetts","4/6/20","390","687","25027","176.15"
"Allegan","2","16","Michigan","4/6/20","2","14","26005","700"
"Antrim","0","6","Michigan","4/6/20","3","3","26009","100"
"Arenac","0","3","Michigan","4/6/20","0","3","26011","1"
"Barry","1","9","Michigan","4/6/20","2","7","26015","350"
"Bay","3","34","Michigan","4/6/20","11","23","26017","209.09"
"Berrien","8","121","Michigan","4/6/20","68","53","26021","77.94"
"Branch","2","15","Michigan","4/6/20","0","15","26023","1"
"Calhoun","4","44","Michigan","4/6/20","19","25","26025","131.58"
"Cass","1","11","Michigan","4/6/20","7","4","26027","57.14"
"Charlevoix","1","8","Michigan","4/6/20","4","4","26029","100"
"Cheboygan","1","9","Michigan","4/6/20","2","7","26031","350"
"Chippewa","0","1","Michigan","4/6/20","0","1","26033","1"
"Clare","0","3","Michigan","4/6/20","1","2","26035","200"
"Clinton","5","60","Michigan","4/6/20","22","38","26037","172.73"
"Crawford","0","2","Michigan","4/6/20","1","1","26039","100"
"Delta","1","8","Michigan","4/6/20","1","7","26041","700"
"Dickinson","0","2","Michigan","4/6/20","0","2","26043","1"
"Eaton","6","58","Michigan","4/6/20","16","42","26045","262.5"
"Emmet","1","14","Michigan","4/6/20","4","10","26047","250"
"Genesee","61","582","Michigan","4/6/20","155","427","26049","275.48"
"Gladwin","0","4","Michigan","4/6/20","2","2","26051","100"
"Gogebic","0","3","Michigan","4/6/20","1","2","26053","200"
"Grand Traverse","1","14","Michigan","4/6/20","7","7","26055","100"
"Gratiot","0","5","Michigan","4/6/20","3","2","26057","66.67"
"Hillsdale","5","47","Michigan","4/6/20","12","35","26059","291.67"
"Houghton","0","1","Michigan","4/6/20","1","0","26061","0"
"Huron","0","5","Michigan","4/6/20","3","2","26063","66.67"
"Ingham","15","185","Michigan","4/6/20","77","108","26065","140.26"
"Ionia","1","8","Michigan","4/6/20","4","4","26067","100"
"Iosco","0","4","Michigan","4/6/20","1","3","26069","300"
"Isabella","2","21","Michigan","4/6/20","5","16","26073","320"
"Jackson","10","114","Michigan","4/6/20","42","72","26075","171.43"
"Kalamazoo","6","65","Michigan","4/6/20","26","39","26077","150"
"Kalkaska","1","9","Michigan","4/6/20","5","4","26079","80"
"Kent","12","183","Michigan","4/6/20","98","85","26081","86.73"
"Lapeer","6","53","Michigan","4/6/20","8","45","26087","562.5"
"Leelanau","0","2","Michigan","4/6/20","1","1","26089","100"
"Lenawee","3","35","Michigan","4/6/20","16","19","26091","118.75"
"Livingston","13","170","Michigan","4/6/20","78","92","26093","117.95"
"Luce","0","1","Michigan","4/6/20","0","1","26095","1"
"Mackinac","0","2","Michigan","4/6/20","0","2","26097","1"
"Macomb","205","2162","Michigan","4/6/20","730","1432","26099","196.16"
"Manistee","1","7","Michigan","4/6/20","1","6","26101","600"
"Marquette","2","15","Michigan","4/6/20","3","12","26103","400"
"Mason","0","1","Michigan","4/6/20","1","0","26105","0"
"Mecosta","1","6","Michigan","4/6/20","2","4","26107","200"
"Midland","2","30","Michigan","4/6/20","14","16","26111","114.29"
"Missaukee","0","1","Michigan","4/6/20","1","0","26113","0"
"Monroe","10","117","Michigan","4/6/20","45","72","26115","160"
"Montcalm","2","16","Michigan","4/6/20","4","12","26117","300"
"Muskegon","2","33","Michigan","4/6/20","18","15","26121","83.33"
"Newaygo","0","2","Michigan","4/6/20","1","1","26123","100"
"Oakland","301","3638","Michigan","4/6/20","1530","2108","26125","137.78"
"Oceana","0","3","Michigan","4/6/20","2","1","26127","50"
"Ogemaw","0","4","Michigan","4/6/20","5","-1","26129","-20"
"Ontonagon","0","1","Michigan","4/6/20","0","1","26131","1"
"Osceola","0","5","Michigan","4/6/20","2","3","26133","150"
"Oscoda","0","2","Michigan","4/6/20","0","2","26135","1"
"Otsego","2","28","Michigan","4/6/20","17","11","26137","64.71"
"Ottawa","4","56","Michigan","4/6/20","31","25","26139","80.65"
"Out of MI","11","91","Michigan","4/6/20","17","74","80026","435.29"
"Presque Isle","0","1","Michigan","4/6/20","0","1","26141","1"
"Roscommon","1","5","Michigan","4/6/20","1","4","26143","400"
"Saginaw","15","139","Michigan","4/6/20","36","103","26145","286.11"
"Sanilac","1","14","Michigan","4/6/20","5","9","26151","180"
"Shiawassee","3","26","Michigan","4/6/20","8","18","26155","225"
"St. Clair","13","125","Michigan","4/6/20","32","93","26147","290.62"
"St. Joseph","1","11","Michigan","4/6/20","3","8","26149","266.67"
"Tuscola","2","22","Michigan","4/6/20","5","17","26157","340"
"Van Buren","2","22","Michigan","4/6/20","5","17","26159","340"
"Washtenaw","43","591","Michigan","4/6/20","290","301","26161","103.79"
"Wayne","732","8332","Michigan","4/6/20","3206","5126","26163","159.89"
"Wexford","1","6","Michigan","4/6/20","2","4","26165","200"
"Anoka","3","40","Minnesota","4/6/20","22","18","27003","81.82"
"Beltrami","0","6","Minnesota","4/6/20","3","3","27007","100"
"Benton","0","1","Minnesota","4/6/20","1","0","27009","0"
"Big Stone","0","1","Minnesota","4/6/20","1","0","27011","0"
"Blue Earth","1","16","Minnesota","4/6/20","9","7","27013","77.78"
"Brown","1","5","Minnesota","4/6/20","0","5","27015","1"
"Carlton","1","10","Minnesota","4/6/20","0","10","27017","1"
"Carver","0","10","Minnesota","4/6/20","10","0","27019","0"
"Cass","0","1","Minnesota","4/6/20","1","0","27021","0"
"Chisago","0","5","Minnesota","4/6/20","3","2","27025","66.67"
"Clay","2","19","Minnesota","4/6/20","4","15","27027","375"
"Clearwater","0","2","Minnesota","4/6/20","2","0","27029","0"
"Cottonwood","1","5","Minnesota","4/6/20","1","4","27033","400"
"Crow Wing","1","6","Minnesota","4/6/20","0","6","27035","1"
"Dakota","3","67","Minnesota","4/6/20","46","21","27037","45.65"
"Dodge","0","10","Minnesota","4/6/20","8","2","27039","25"
"Douglas","0","1","Minnesota","4/6/20","1","0","27041","0"
"Faribault","0","3","Minnesota","4/6/20","1","2","27043","200"
"Fillmore","0","10","Minnesota","4/6/20","7","3","27045","42.86"
"Freeborn","2","11","Minnesota","4/6/20","0","11","27047","1"
"Goodhue","1","10","Minnesota","4/6/20","3","7","27049","233.33"
"Hennepin","13","280","Minnesota","4/6/20","190","90","27053","47.37"
"Houston","0","1","Minnesota","4/6/20","0","1","27055","1"
"Isanti","0","4","Minnesota","4/6/20","2","2","27059","100"
"Itasca","0","2","Minnesota","4/6/20","1","1","27061","100"
"Jackson","0","1","Minnesota","4/6/20","1","0","27063","0"
"Kandiyohi","0","2","Minnesota","4/6/20","1","1","27067","100"
"Koochiching","0","1","Minnesota","4/6/20","0","1","27071","1"
"Lac qui Parle","0","1","Minnesota","4/6/20","1","0","27073","0"
"Le Sueur","1","20","Minnesota","4/6/20","13","7","27079","53.85"
"Lincoln","0","2","Minnesota","4/6/20","1","1","27081","100"
"Lyon","1","4","Minnesota","4/6/20","0","4","27083","1"
"Mahnomen","0","1","Minnesota","4/6/20","1","0","27087","0"
"Martin","1","33","Minnesota","4/6/20","23","10","27091","43.48"
"McLeod","0","1","Minnesota","4/6/20","0","1","27085","1"
"Meeker","0","1","Minnesota","4/6/20","1","0","27093","0"
"Mower","1","17","Minnesota","4/6/20","12","5","27099","41.67"
"Murray","0","1","Minnesota","4/6/20","0","1","27101","1"
"Nicollet","0","4","Minnesota","4/6/20","3","1","27103","33.33"
"Olmsted","6","96","Minnesota","4/6/20","51","45","27109","88.24"
"Otter Tail","0","2","Minnesota","4/6/20","1","1","27111","100"
"Pipestone","0","1","Minnesota","4/6/20","0","1","27117","1"
"Polk","0","1","Minnesota","4/6/20","0","1","27119","1"
"Ramsey","7","96","Minnesota","4/6/20","50","46","27123","92"
"Redwood","0","1","Minnesota","4/6/20","0","1","27127","1"
"Renville","0","2","Minnesota","4/6/20","1","1","27129","100"
"Rice","0","4","Minnesota","4/6/20","3","1","27131","33.33"
"Scott","1","15","Minnesota","4/6/20","10","5","27139","50"
"Sherburne","0","10","Minnesota","4/6/20","7","3","27141","42.86"
"Sibley","0","1","Minnesota","4/6/20","1","0","27143","0"
"St. Louis","1","16","Minnesota","4/6/20","12","4","27137","33.33"
"Stearns","0","6","Minnesota","4/6/20","5","1","27145","20"
"Steele","0","8","Minnesota","4/6/20","6","2","27147","33.33"
"Traverse","0","2","Minnesota","4/6/20","0","2","27155","1"
"Wabasha","0","6","Minnesota","4/6/20","6","0","27157","0"
"Waseca","0","3","Minnesota","4/6/20","3","0","27161","0"
"Washington","4","65","Minnesota","4/6/20","34","31","27163","91.18"
"Watonwan","0","4","Minnesota","4/6/20","1","3","27165","300"
"Wilkin","0","2","Minnesota","4/6/20","1","1","27167","100"
"Winona","1","14","Minnesota","4/6/20","5","9","27169","180"
"Wright","0","9","Minnesota","4/6/20","6","3","27171","50"
"Yellow Medicine","0","1","Minnesota","4/6/20","0","1","27173","1"
"Adams","2","19","Mississippi","4/6/20","7","12","28001","171.43"
"Alcorn","1","6","Mississippi","4/6/20","0","6","28003","1"
"Amite","0","6","Mississippi","4/6/20","4","2","28005","50"
"Attala","1","15","Mississippi","4/6/20","9","6","28007","66.67"
"Benton","0","5","Mississippi","4/6/20","4","1","28009","25"
"Bolivar","6","51","Mississippi","4/6/20","11","40","28011","363.64"
"Calhoun","1","9","Mississippi","4/6/20","3","6","28013","200"
"Carroll","1","6","Mississippi","4/6/20","1","5","28015","500"
"Chickasaw","1","15","Mississippi","4/6/20","10","5","28017","50"
"Choctaw","0","8","Mississippi","4/6/20","5","3","28019","60"
"Claiborne","0","1","Mississippi","4/6/20","1","0","28021","0"
"Clarke","1","8","Mississippi","4/6/20","1","7","28023","700"
"Clay","1","9","Mississippi","4/6/20","2","7","28025","350"
"Coahoma","2","29","Mississippi","4/6/20","18","11","28027","61.11"
"Copiah","1","16","Mississippi","4/6/20","8","8","28029","100"
"Covington","1","6","Mississippi","4/6/20","1","5","28031","500"
"DeSoto","9","136","Mississippi","4/6/20","71","65","28033","91.55"
"Forrest","4","46","Mississippi","4/6/20","19","27","28035","142.11"
"Franklin","0","5","Mississippi","4/6/20","3","2","28037","66.67"
"George","0","5","Mississippi","4/6/20","3","2","28039","66.67"
"Greene","0","1","Mississippi","4/6/20","0","1","28041","1"
"Grenada","1","7","Mississippi","4/6/20","3","4","28043","133.33"
"Hancock","2","30","Mississippi","4/6/20","15","15","28045","100"
"Harrison","5","79","Mississippi","4/6/20","43","36","28047","83.72"
"Hinds","13","158","Mississippi","4/6/20","66","92","28049","139.39"
"Holmes","1","23","Mississippi","4/6/20","13","10","28051","76.92"
"Humphreys","0","4","Mississippi","4/6/20","2","2","28053","100"
"Itawamba","0","4","Mississippi","4/6/20","3","1","28057","33.33"
"Jackson","9","98","Mississippi","4/6/20","34","64","28059","188.24"
"Jasper","0","3","Mississippi","4/6/20","0","3","28061","1"
"Jefferson","0","3","Mississippi","4/6/20","1","2","28063","200"
"Jones","1","13","Mississippi","4/6/20","5","8","28067","160"
"Kemper","1","6","Mississippi","4/6/20","1","5","28069","500"
"Lafayette","1","22","Mississippi","4/6/20","13","9","28071","69.23"
"Lamar","2","15","Mississippi","4/6/20","4","11","28073","275"
"Lauderdale","8","70","Mississippi","4/6/20","15","55","28075","366.67"
"Lawrence","0","5","Mississippi","4/6/20","5","0","28077","0"
"Leake","1","11","Mississippi","4/6/20","5","6","28079","120"
"Lee","1","30","Mississippi","4/6/20","21","9","28081","42.86"
"Leflore","1","23","Mississippi","4/6/20","15","8","28083","53.33"
"Lincoln","1","18","Mississippi","4/6/20","9","9","28085","100"
"Lowndes","1","15","Mississippi","4/6/20","10","5","28087","50"
"Madison","5","74","Mississippi","4/6/20","37","37","28089","100"
"Marion","1","8","Mississippi","4/6/20","4","4","28091","100"
"Marshall","1","23","Mississippi","4/6/20","13","10","28093","76.92"
"Monroe","2","16","Mississippi","4/6/20","5","11","28095","220"
"Montgomery","1","11","Mississippi","4/6/20","6","5","28097","83.33"
"Neshoba","1","11","Mississippi","4/6/20","4","7","28099","175"
"Newton","1","7","Mississippi","4/6/20","1","6","28101","600"
"Noxubee","0","5","Mississippi","4/6/20","2","3","28103","150"
"Oktibbeha","2","27","Mississippi","4/6/20","15","12","28105","80"
"Panola","2","17","Mississippi","4/6/20","5","12","28107","240"
"Pearl River","4","52","Mississippi","4/6/20","27","25","28109","92.59"
"Perry","2","14","Mississippi","4/6/20","2","12","28111","600"
"Pike","2","28","Mississippi","4/6/20","14","14","28113","100"
"Pontotoc","1","12","Mississippi","4/6/20","3","9","28115","300"
"Prentiss","1","10","Mississippi","4/6/20","4","6","28117","150"
"Quitman","0","7","Mississippi","4/6/20","4","3","28119","75"
"Rankin","6","74","Mississippi","4/6/20","35","39","28121","111.43"
"Scott","2","23","Mississippi","4/6/20","7","16","28123","228.57"
"Sharkey","0","3","Mississippi","4/6/20","1","2","28125","200"
"Simpson","1","6","Mississippi","4/6/20","2","4","28127","200"
"Smith","1","11","Mississippi","4/6/20","1","10","28129","1000"
"Stone","0","1","Mississippi","4/6/20","0","1","28131","1"
"Sunflower","1","19","Mississippi","4/6/20","10","9","28133","90"
"Tallahatchie","0","3","Mississippi","4/6/20","2","1","28135","50"
"Tate","1","16","Mississippi","4/6/20","9","7","28137","77.78"
"Tippah","2","36","Mississippi","4/6/20","23","13","28139","56.52"
"Tishomingo","0","1","Mississippi","4/6/20","0","1","28141","1"
"Tunica","2","18","Mississippi","4/6/20","6","12","28143","200"
"Union","0","6","Mississippi","4/6/20","3","3","28145","100"
"Walthall","1","12","Mississippi","4/6/20","5","7","28147","140"
"Warren","1","5","Mississippi","4/6/20","1","4","28149","400"
"Washington","3","38","Mississippi","4/6/20","16","22","28151","137.5"
"Wayne","1","5","Mississippi","4/6/20","0","5","28153","1"
"Webster","1","12","Mississippi","4/6/20","3","9","28155","300"
"Wilkinson","3","30","Mississippi","4/6/20","12","18","28157","150"
"Winston","2","15","Mississippi","4/6/20","4","11","28159","275"
"Yalobusha","1","11","Mississippi","4/6/20","3","8","28161","266.67"
"Yazoo","4","32","Mississippi","4/6/20","5","27","28163","540"
"Adair","1","10","Missouri","4/6/20","1","9","29001","900"
"Atchison","0","1","Missouri","4/6/20","1","0","29005","0"
"Barry","0","1","Missouri","4/6/20","1","0","29009","0"
"Bates","0","3","Missouri","4/6/20","1","2","29013","200"
"Benton","0","3","Missouri","4/6/20","1","2","29015","200"
"Bollinger","0","1","Missouri","4/6/20","1","0","29017","0"
"Boone","2","76","Missouri","4/6/20","59","17","29019","28.81"
"Buchanan","1","11","Missouri","4/6/20","3","8","29021","266.67"
"Butler","0","2","Missouri","4/6/20","0","2","29023","1"
"Caldwell","0","1","Missouri","4/6/20","0","1","29025","1"
"Callaway","1","19","Missouri","4/6/20","13","6","29027","46.15"
"Camden","2","24","Missouri","4/6/20","11","13","29029","118.18"
"Cape Girardeau","1","20","Missouri","4/6/20","13","7","29031","53.85"
"Carter","0","3","Missouri","4/6/20","2","1","29035","50"
"Cass","2","26","Missouri","4/6/20","9","17","29037","188.89"
"Cedar","0","4","Missouri","4/6/20","5","-1","29039","-20"
"Chariton","0","4","Missouri","4/6/20","3","1","29041","33.33"
"Christian","1","17","Missouri","4/6/20","12","5","29043","41.67"
"Clark","0","1","Missouri","4/6/20","0","1","29045","1"
"Clay","3","37","Missouri","4/6/20","13","24","29047","184.62"
"Clinton","1","8","Missouri","4/6/20","4","4","29049","100"
"Cole","1","31","Missouri","4/6/20","25","6","29051","24"
"Cooper","0","2","Missouri","4/6/20","1","1","29053","100"
"Crawford","0","3","Missouri","4/6/20","1","2","29055","200"
"Dallas","0","1","Missouri","4/6/20","0","1","29059","1"
"DeKalb","0","1","Missouri","4/6/20","0","1","29063","1"
"Dunklin","0","8","Missouri","4/6/20","6","2","29069","33.33"
"Franklin","4","33","Missouri","4/6/20","7","26","29071","371.43"
"Gasconade","0","2","Missouri","4/6/20","0","2","29073","1"
"Gentry","0","1","Missouri","4/6/20","0","1","29075","1"
"Greene","3","69","Missouri","4/6/20","48","21","29077","43.75"
"Harrison","0","3","Missouri","4/6/20","0","3","29081","1"
"Henry","0","2","Missouri","4/6/20","1","1","29083","100"
"Howell","0","1","Missouri","4/6/20","0","1","29091","1"
"Jackson","14","155","Missouri","4/6/20","56","99","29095","176.79"
"Jasper","1","13","Missouri","4/6/20","6","7","29097","116.67"
"Jefferson","9","81","Missouri","4/6/20","18","63","29099","350"
"Johnson","3","32","Missouri","4/6/20","10","22","29101","220"
"Kansas City","16","212","Missouri","4/6/20","100","112","00000","112"
"Lafayette","2","28","Missouri","4/6/20","17","11","29107","64.71"
"Lincoln","2","18","Missouri","4/6/20","5","13","29113","260"
"Linn","0","2","Missouri","4/6/20","0","2","29115","1"
"Livingston","0","1","Missouri","4/6/20","1","0","29117","0"
"Macon","0","2","Missouri","4/6/20","1","1","29121","100"
"Madison","0","1","Missouri","4/6/20","0","1","29123","1"
"Maries","0","2","Missouri","4/6/20","1","1","29125","100"
"McDonald","0","3","Missouri","4/6/20","2","1","29119","50"
"Moniteau","0","4","Missouri","4/6/20","2","2","29135","100"
"Montgomery","0","5","Missouri","4/6/20","2","3","29139","150"
"Morgan","0","1","Missouri","4/6/20","1","0","29141","0"
"New Madrid","0","2","Missouri","4/6/20","0","2","29143","1"
"Newton","0","6","Missouri","4/6/20","4","2","29145","50"
"Nodaway","0","2","Missouri","4/6/20","0","2","29147","1"
"Osage","0","3","Missouri","4/6/20","1","2","29151","200"
"Pemiscot","0","3","Missouri","4/6/20","2","1","29155","50"
"Perry","2","28","Missouri","4/6/20","12","16","29157","133.33"
"Pettis","0","2","Missouri","4/6/20","1","1","29159","100"
"Phelps","0","1","Missouri","4/6/20","0","1","29161","1"
"Pike","0","2","Missouri","4/6/20","1","1","29163","100"
"Platte","1","17","Missouri","4/6/20","7","10","29165","142.86"
"Pulaski","1","11","Missouri","4/6/20","7","4","29169","57.14"
"Ralls","0","1","Missouri","4/6/20","1","0","29173","0"
"Randolph","1","7","Missouri","4/6/20","1","6","29175","600"
"Ray","0","4","Missouri","4/6/20","1","3","29177","300"
"Reynolds","0","2","Missouri","4/6/20","2","0","29179","0"
"Ripley","0","2","Missouri","4/6/20","2","0","29181","0"
"Saline","0","3","Missouri","4/6/20","0","3","29195","1"
"Scott","1","10","Missouri","4/6/20","5","5","29201","100"
"Shelby","0","1","Missouri","4/6/20","1","0","29205","0"
"St. Charles","19","188","Missouri","4/6/20","56","132","29183","235.71"
"St. Francois","2","17","Missouri","4/6/20","3","14","29187","466.67"
"St. Louis","98","1245","Missouri","4/6/20","556","689","29189","123.92"
"St. Louis City","41","440","Missouri","4/6/20","150","290","29510","193.33"
"Ste. Genevieve","1","6","Missouri","4/6/20","0","6","29186","1"
"Stoddard","1","7","Missouri","4/6/20","2","5","29207","250"
"Stone","0","3","Missouri","4/6/20","1","2","29209","200"
"Taney","1","7","Missouri","4/6/20","2","5","29213","250"
"Texas","0","0","Missouri","4/6/20","1","-1","29215","-100"
"Warren","1","9","Missouri","4/6/20","2","7","29219","350"
"Webster","0","3","Missouri","4/6/20","0","3","29225","1"
"Worth","0","1","Missouri","4/6/20","0","1","29227","1"
"Wright","0","7","Missouri","4/6/20","4","3","29229","75"
"Beaverhead","0","1","Montana","4/6/20","0","1","30001","1"
"Broadwater","0","4","Montana","4/6/20","3","1","30007","33.33"
"Carbon","0","1","Montana","4/6/20","0","1","30009","1"
"Cascade","1","11","Montana","4/6/20","7","4","30013","57.14"
"Deer Lodge","0","3","Montana","4/6/20","2","1","30023","50"
"Flathead","2","25","Montana","4/6/20","9","16","30029","177.78"
"Gallatin","7","116","Montana","4/6/20","67","49","30031","73.13"
"Glacier","0","1","Montana","4/6/20","0","1","30035","1"
"Hill","0","1","Montana","4/6/20","1","0","30041","0"
"Jefferson","0","2","Montana","4/6/20","2","0","30043","0"
"Lake","0","4","Montana","4/6/20","3","1","30047","33.33"
"Lewis and Clark","0","14","Montana","4/6/20","11","3","30049","27.27"
"Liberty","0","1","Montana","4/6/20","0","1","30051","1"
"Lincoln","0","7","Montana","4/6/20","4","3","30053","75"
"Madison","1","9","Montana","4/6/20","4","5","30057","125"
"Meagher","0","1","Montana","4/6/20","1","0","30059","0"
"Missoula","1","21","Montana","4/6/20","12","9","30063","75"
"Musselshell","0","1","Montana","4/6/20","0","1","30065","1"
"Park","1","6","Montana","4/6/20","2","4","30067","200"
"Ravalli","0","2","Montana","4/6/20","1","1","30081","100"
"Roosevelt","0","1","Montana","4/6/20","1","0","30085","0"
"Silver Bow","0","11","Montana","4/6/20","9","2","30093","22.22"
"Toole","1","16","Montana","4/6/20","6","10","30101","166.67"
"Yellowstone","2","40","Montana","4/6/20","26","14","30111","53.85"
"Adams","1","13","Nebraska","4/6/20","3","10","31001","333.33"
"Antelope","0","1","Nebraska","4/6/20","0","1","31003","1"
"Buffalo","2","18","Nebraska","4/6/20","6","12","31019","200"
"Cass","0","2","Nebraska","4/6/20","2","0","31025","0"
"Cherry","0","1","Nebraska","4/6/20","0","1","31031","1"
"Cheyenne","0","1","Nebraska","4/6/20","0","1","31033","1"
"Colfax","0","2","Nebraska","4/6/20","0","2","31037","1"
"Cuming","0","2","Nebraska","4/6/20","0","2","31039","1"
"Custer","0","1","Nebraska","4/6/20","0","1","31041","1"
"Dawson","0","1","Nebraska","4/6/20","1","0","31047","0"
"Dodge","1","7","Nebraska","4/6/20","3","4","31053","133.33"
"Douglas","12","159","Nebraska","4/6/20","75","84","31055","112"
"Gage","1","9","Nebraska","4/6/20","0","9","31067","1"
"Gosper","0","1","Nebraska","4/6/20","1","0","31073","0"
"Hall","7","55","Nebraska","4/6/20","6","49","31079","816.67"
"Hamilton","1","6","Nebraska","4/6/20","0","6","31081","1"
"Kearney","0","2","Nebraska","4/6/20","1","1","31099","100"
"Kimball","1","9","Nebraska","4/6/20","0","9","31105","1"
"Knox","0","2","Nebraska","4/6/20","2","0","31107","0"
"Lancaster","3","32","Nebraska","4/6/20","8","24","31109","300"
"Lincoln","2","16","Nebraska","4/6/20","5","11","31111","220"
"Logan","0","1","Nebraska","4/6/20","0","1","31113","1"
"Madison","0","5","Nebraska","4/6/20","2","3","31119","150"
"Merrick","0","2","Nebraska","4/6/20","0","2","31121","1"
"Nemaha","0","1","Nebraska","4/6/20","1","0","31127","0"
"Otoe","0","1","Nebraska","4/6/20","0","1","31131","1"
"Phelps","0","1","Nebraska","4/6/20","0","1","31137","1"
"Platte","1","5","Nebraska","4/6/20","1","4","31141","400"
"Sarpy","2","28","Nebraska","4/6/20","13","15","31153","115.38"
"Saunders","0","4","Nebraska","4/6/20","2","2","31155","100"
"Scotts Bluff","1","6","Nebraska","4/6/20","1","5","31157","500"
"Seward","0","1","Nebraska","4/6/20","0","1","31159","1"
"Stanton","0","1","Nebraska","4/6/20","0","1","31167","1"
"Washington","1","19","Nebraska","4/6/20","9","10","31177","111.11"
"York","0","1","Nebraska","4/6/20","1","0","31185","0"
"Carson City","1","11","Nevada","4/6/20","5","6","32510","120"
"Clark","122","1608","Nevada","4/6/20","753","855","32003","113.55"
"Douglas","0","7","Nevada","4/6/20","5","2","32005","40"
"Elko","1","8","Nevada","4/6/20","3","5","32007","166.67"
"Humboldt","1","11","Nevada","4/6/20","1","10","32013","1000"
"Lyon","0","3","Nevada","4/6/20","1","2","32019","200"
"Nye","1","7","Nevada","4/6/20","1","6","32023","600"
"Washoe","22","264","Nevada","4/6/20","111","153","32031","137.84"
"White Pine","0","1","Nevada","4/6/20","0","1","32033","1"
"Belknap","1","18","New Hampshire","4/6/20","9","9","33001","100"
"Carroll","1","19","New Hampshire","4/6/20","10","9","33003","90"
"Cheshire","1","13","New Hampshire","4/6/20","3","10","33005","333.33"
"Coos","0","1","New Hampshire","4/6/20","0","1","33007","1"
"Grafton","2","41","New Hampshire","4/6/20","29","12","33009","41.38"
"Hillsborough","29","272","New Hampshire","4/6/20","69","203","33011","294.2"
"Merrimack","5","52","New Hampshire","4/6/20","18","34","33013","188.89"
"Rockingham","21","246","New Hampshire","4/6/20","100","146","33015","146"
"Strafford","4","46","New Hampshire","4/6/20","17","29","33017","170.59"
"Sullivan","0","6","New Hampshire","4/6/20","3","3","33019","100"
"Atlantic","15","132","New Jersey","4/6/20","29","103","34001","355.17"
"Bergen","626","6862","New Jersey","4/6/20","2482","4380","34003","176.47"
"Burlington","67","646","New Jersey","4/6/20","178","468","34005","262.92"
"Camden","64","645","New Jersey","4/6/20","200","445","34007","222.5"
"Cape May","11","85","New Jersey","4/6/20","9","76","34009","844.44"
"Cumberland","7","64","New Jersey","4/6/20","12","52","34011","433.33"
"Essex","418","4493","New Jersey","4/6/20","1564","2929","34013","187.28"
"Gloucester","27","279","New Jersey","4/6/20","89","190","34015","213.48"
"Hudson","440","4395","New Jersey","4/6/20","1314","3081","34017","234.47"
"Hunterdon","19","211","New Jersey","4/6/20","79","132","34019","167.09"
"Mercer","70","740","New Jersey","4/6/20","249","491","34021","197.19"
"Middlesex","306","3263","New Jersey","4/6/20","1123","2140","34023","190.56"
"Monmouth","216","2545","New Jersey","4/6/20","1030","1515","34025","147.09"
"Morris","177","1956","New Jersey","4/6/20","720","1236","34027","171.67"
"Ocean","214","2374","New Jersey","4/6/20","874","1500","34029","171.62"
"Passaic","381","3756","New Jersey","4/6/20","1091","2665","34031","244.27"
"Salem","4","29","New Jersey","4/6/20","3","26","34033","866.67"
"Somerset","79","902","New Jersey","4/6/20","349","553","34035","158.45"
"Sussex","26","292","New Jersey","4/6/20","113","179","34037","158.41"
"Union","353","3685","New Jersey","4/6/20","1213","2472","34039","203.79"
"Warren","21","215","New Jersey","4/6/20","68","147","34041","216.18"
"Bernalillo","23","262","New Mexico","4/6/20","101","161","35001","159.41"
"Catron","0","1","New Mexico","4/6/20","0","1","35003","1"
"Chaves","1","14","New Mexico","4/6/20","8","6","35005","75"
"Cibola","2","14","New Mexico","4/6/20","2","12","35006","600"
"Curry","0","6","New Mexico","4/6/20","3","3","35009","100"
"Dona Ana","2","30","New Mexico","4/6/20","17","13","35013","76.47"
"Eddy","0","4","New Mexico","4/6/20","4","0","35015","0"
"Grant","0","3","New Mexico","4/6/20","0","3","35017","1"
"Lea","0","2","New Mexico","4/6/20","2","0","35025","0"
"Lincoln","0","1","New Mexico","4/6/20","0","1","35027","1"
"Los Alamos","0","2","New Mexico","4/6/20","0","2","35028","1"
"McKinley","5","44","New Mexico","4/6/20","9","35","35031","388.89"
"Otero","0","3","New Mexico","4/6/20","0","3","35035","1"
"Rio Arriba","1","6","New Mexico","4/6/20","2","4","35039","200"
"Roosevelt","0","1","New Mexico","4/6/20","1","0","35041","0"
"San Juan","9","83","New Mexico","4/6/20","22","61","35045","277.27"
"San Miguel","0","1","New Mexico","4/6/20","1","0","35047","0"
"Sandoval","14","114","New Mexico","4/6/20","18","96","35043","533.33"
"Santa Fe","4","64","New Mexico","4/6/20","34","30","35049","88.24"
"Socorro","0","5","New Mexico","4/6/20","2","3","35053","150"
"Taos","1","13","New Mexico","4/6/20","9","4","35055","44.44"
"Torrance","1","6","New Mexico","4/6/20","0","6","35057","1"
"Valencia","1","7","New Mexico","4/6/20","2","5","35061","250"
"Albany","15","319","New York","4/6/20","217","102","36001","47"
"Allegany","1","17","New York","4/6/20","7","10","36003","142.86"
"Broome","6","76","New York","4/6/20","35","41","36007","117.14"
"Cattaraugus","1","12","New York","4/6/20","6","6","36009","100"
"Cayuga","1","11","New York","4/6/20","3","8","36011","266.67"
"Chautauqua","2","18","New York","4/6/20","7","11","36013","157.14"
"Chemung","5","47","New York","4/6/20","15","32","36015","213.33"
"Chenango","4","46","New York","4/6/20","17","29","36017","170.59"
"Clinton","3","36","New York","4/6/20","17","19","36019","111.76"
"Columbia","5","70","New York","4/6/20","36","34","36021","94.44"
"Cortland","1","14","New York","4/6/20","10","4","36023","40"
"Delaware","3","29","New York","4/6/20","11","18","36025","163.64"
"Dutchess","114","1189","New York","4/6/20","392","797","36027","203.32"
"Erie","101","1148","New York","4/6/20","443","705","36029","159.14"
"Essex","1","9","New York","4/6/20","5","4","36031","80"
"Franklin","1","10","New York","4/6/20","6","4","36033","66.67"
"Fulton","1","11","New York","4/6/20","1","10","36035","1000"
"Genesee","2","23","New York","4/6/20","9","14","36037","155.56"
"Greene","2","24","New York","4/6/20","10","14","36039","140"
"Hamilton","0","2","New York","4/6/20","2","0","36041","0"
"Herkimer","2","25","New York","4/6/20","12","13","36043","108.33"
"Jefferson","3","33","New York","4/6/20","11","22","36045","200"
"Lewis","1","6","New York","4/6/20","0","6","36049","1"
"Livingston","2","24","New York","4/6/20","13","11","36051","84.62"
"Madison","7","92","New York","4/6/20","42","50","36053","119.05"
"Monroe","47","574","New York","4/6/20","246","328","36055","133.33"
"Montgomery","1","15","New York","4/6/20","6","9","36057","150"
"Nassau","1182","15616","New York","4/6/20","7344","8272","36059","112.64"
"New York","4961","72181","New York","4/6/20","37453","34728","36061","92.72"
"Niagara","11","120","New York","4/6/20","41","79","36063","192.68"
"Oneida","9","100","New York","4/6/20","34","66","36065","194.12"
"Onondaga","21","377","New York","4/6/20","228","149","36067","65.35"
"Ontario","2","32","New York","4/6/20","20","12","36069","60"
"Orange","300","3533","New York","4/6/20","1435","2098","36071","146.2"
"Orleans","1","13","New York","4/6/20","4","9","36073","225"
"Oswego","3","34","New York","4/6/20","15","19","36075","126.67"
"Otsego","2","29","New York","4/6/20","17","12","36077","70.59"
"Putnam","25","345","New York","4/6/20","167","178","36079","106.59"
"Rensselaer","3","74","New York","4/6/20","52","22","36083","42.31"
"Rockland","456","5703","New York","4/6/20","2511","3192","36087","127.12"
"Saratoga","6","153","New York","4/6/20","108","45","36091","41.67"
"Schenectady","8","138","New York","4/6/20","80","58","36093","72.5"
"Schoharie","1","11","New York","4/6/20","6","5","36095","83.33"
"Schuyler","0","4","New York","4/6/20","2","2","36097","100"
"Seneca","1","9","New York","4/6/20","0","9","36099","1"
"St. Lawrence","7","61","New York","4/6/20","13","48","36089","369.23"
"Steuben","8","75","New York","4/6/20","19","56","36101","294.74"
"Suffolk","1199","14185","New York","4/6/20","5791","8394","36103","144.95"
"Sullivan","22","253","New York","4/6/20","101","152","36105","150.5"
"Tioga","0","8","New York","4/6/20","7","1","36107","14.29"
"Tompkins","5","102","New York","4/6/20","70","32","36109","45.71"
"Ulster","27","382","New York","4/6/20","190","192","36111","101.05"
"Warren","1","26","New York","4/6/20","18","8","36113","44.44"
"Washington","1","19","New York","4/6/20","9","10","36115","111.11"
"Wayne","3","34","New York","4/6/20","15","19","36117","126.67"
"Westchester","710","14294","New York","4/6/20","9326","4968","36119","53.27"
"Wyoming","2","23","New York","4/6/20","8","15","36121","187.5"
"Yates","0","1","New York","4/6/20","0","1","36123","1"
"Alamance","2","20","North Carolina","4/6/20","7","13","37001","185.71"
"Alexander","0","2","North Carolina","4/6/20","1","1","37003","100"
"Alleghany","0","2","North Carolina","4/6/20","2","0","37005","0"
"Anson","1","5","North Carolina","4/6/20","0","5","37007","1"
"Ashe","0","1","North Carolina","4/6/20","0","1","37009","1"
"Beaufort","1","9","North Carolina","4/6/20","4","5","37013","125"
"Bertie","0","7","North Carolina","4/6/20","5","2","37015","40"
"Bladen","0","1","North Carolina","4/6/20","0","1","37017","1"
"Brunswick","2","26","North Carolina","4/6/20","14","12","37019","85.71"
"Buncombe","2","33","North Carolina","4/6/20","20","13","37021","65"
"Burke","3","28","North Carolina","4/6/20","5","23","37023","460"
"Cabarrus","5","76","North Carolina","4/6/20","38","38","37025","100"
"Caldwell","1","11","North Carolina","4/6/20","3","8","37027","266.67"
"Carteret","2","25","North Carolina","4/6/20","11","14","37031","127.27"
"Caswell","0","2","North Carolina","4/6/20","1","1","37033","100"
"Catawba","2","25","North Carolina","4/6/20","14","11","37035","78.57"
"Chatham","1","21","North Carolina","4/6/20","14","7","37037","50"
"Cherokee","1","12","North Carolina","4/6/20","7","5","37039","71.43"
"Chowan","0","1","North Carolina","4/6/20","0","1","37041","1"
"Clay","0","3","North Carolina","4/6/20","0","3","37043","1"
"Cleveland","2","18","North Carolina","4/6/20","7","11","37045","157.14"
"Columbus","1","12","North Carolina","4/6/20","3","9","37047","300"
"Craven","2","18","North Carolina","4/6/20","5","13","37049","260"
"Cumberland","5","48","North Carolina","4/6/20","15","33","37051","220"
"Currituck","0","2","North Carolina","4/6/20","1","1","37053","100"
"Dare","1","6","North Carolina","4/6/20","1","5","37055","500"
"Davidson","7","63","North Carolina","4/6/20","17","46","37057","270.59"
"Davie","2","20","North Carolina","4/6/20","6","14","37059","233.33"
"Duplin","1","5","North Carolina","4/6/20","1","4","37061","400"
"Durham","12","191","North Carolina","4/6/20","107","84","37063","78.5"
"Edgecombe","1","5","North Carolina","4/6/20","1","4","37065","400"
"Forsyth","8","99","North Carolina","4/6/20","40","59","37067","147.5"
"Franklin","1","15","North Carolina","4/6/20","5","10","37069","200"
"Gaston","5","58","North Carolina","4/6/20","25","33","37071","132"
"Gates","0","1","North Carolina","4/6/20","0","1","37073","1"
"Granville","10","76","North Carolina","4/6/20","6","70","37077","1166.67"
"Greene","1","10","North Carolina","4/6/20","3","7","37079","233.33"
"Guilford","9","104","North Carolina","4/6/20","44","60","37081","136.36"
"Halifax","1","10","North Carolina","4/6/20","4","6","37083","150"
"Harnett","2","31","North Carolina","4/6/20","14","17","37085","121.43"
"Haywood","0","3","North Carolina","4/6/20","0","3","37087","1"
"Henderson","5","51","North Carolina","4/6/20","13","38","37089","292.31"
"Hertford","0","4","North Carolina","4/6/20","3","1","37091","33.33"
"Hoke","1","11","North Carolina","4/6/20","3","8","37093","266.67"
"Iredell","4","52","North Carolina","4/6/20","25","27","37097","108"
"Jackson","0","2","North Carolina","4/6/20","1","1","37099","100"
"Johnston","4","37","North Carolina","4/6/20","10","27","37101","270"
"Lee","0","3","North Carolina","4/6/20","2","1","37105","50"
"Lenoir","1","8","North Carolina","4/6/20","3","5","37107","166.67"
"Lincoln","1","9","North Carolina","4/6/20","3","6","37109","200"
"Macon","0","1","North Carolina","4/6/20","0","1","37113","1"
"Martin","0","3","North Carolina","4/6/20","0","3","37117","1"
"McDowell","1","10","North Carolina","4/6/20","5","5","37111","100"
"Mecklenburg","51","741","North Carolina","4/6/20","382","359","37119","93.98"
"Mitchell","0","2","North Carolina","4/6/20","1","1","37121","100"
"Montgomery","1","10","North Carolina","4/6/20","3","7","37123","233.33"
"Moore","1","14","North Carolina","4/6/20","8","6","37125","75"
"Nash","2","21","North Carolina","4/6/20","4","17","37127","425"
"New Hanover","3","47","North Carolina","4/6/20","27","20","37129","74.07"
"Northampton","3","46","North Carolina","4/6/20","26","20","37131","76.92"
"Onslow","2","21","North Carolina","4/6/20","4","17","37133","425"
"Orange","5","67","North Carolina","4/6/20","30","37","37135","123.33"
"Pamlico","0","3","North Carolina","4/6/20","1","2","37137","200"
"Pasquotank","1","8","North Carolina","4/6/20","2","6","37139","300"
"Pender","0","2","North Carolina","4/6/20","0","2","37141","1"
"Perquimans","0","2","North Carolina","4/6/20","1","1","37143","100"
"Person","1","6","North Carolina","4/6/20","1","5","37145","500"
"Pitt","2","36","North Carolina","4/6/20","20","16","37147","80"
"Polk","1","8","North Carolina","4/6/20","2","6","37149","300"
"Randolph","3","33","North Carolina","4/6/20","15","18","37151","120"
"Richmond","0","1","North Carolina","4/6/20","0","1","37153","1"
"Robeson","0","5","North Carolina","4/6/20","2","3","37155","150"
"Rockingham","1","6","North Carolina","4/6/20","0","6","37157","1"
"Rowan","5","51","North Carolina","4/6/20","18","33","37159","183.33"
"Rutherford","3","21","North Carolina","4/6/20","2","19","37161","950"
"Sampson","1","5","North Carolina","4/6/20","1","4","37163","400"
"Scotland","0","2","North Carolina","4/6/20","2","0","37165","0"
"Stanly","0","8","North Carolina","4/6/20","5","3","37167","60"
"Stokes","1","8","North Carolina","4/6/20","0","8","37169","1"
"Surry","0","3","North Carolina","4/6/20","2","1","37171","50"
"Swain","0","1","North Carolina","4/6/20","0","1","37173","1"
"Transylvania","0","5","North Carolina","4/6/20","3","2","37175","66.67"
"Union","5","75","North Carolina","4/6/20","38","37","37179","97.37"
"Vance","1","12","North Carolina","4/6/20","3","9","37181","300"
"Wake","21","314","North Carolina","4/6/20","166","148","37183","89.16"
"Warren","0","3","North Carolina","4/6/20","0","3","37185","1"
"Washington","1","6","North Carolina","4/6/20","1","5","37187","500"
"Watauga","0","8","North Carolina","4/6/20","5","3","37189","60"
"Wayne","3","23","North Carolina","4/6/20","4","19","37191","475"
"Wilkes","0","4","North Carolina","4/6/20","1","3","37193","300"
"Wilson","2","29","North Carolina","4/6/20","13","16","37195","123.08"
"Yadkin","1","9","North Carolina","4/6/20","1","8","37197","800"
"Barnes","0","2","North Dakota","4/6/20","2","0","38003","0"
"Burke","0","2","North Dakota","4/6/20","0","2","38013","1"
"Burleigh","1","38","North Dakota","4/6/20","29","9","38015","31.03"
"Cass","6","65","North Dakota","4/6/20","24","41","38017","170.83"
"Divide","0","1","North Dakota","4/6/20","1","0","38023","0"
"Dunn","0","1","North Dakota","4/6/20","1","0","38025","0"
"Eddy","0","1","North Dakota","4/6/20","0","1","38027","1"
"Emmons","0","1","North Dakota","4/6/20","0","1","38029","1"
"Foster","0","1","North Dakota","4/6/20","1","0","38031","0"
"Grand Forks","1","11","North Dakota","4/6/20","2","9","38035","450"
"Grant","0","1","North Dakota","4/6/20","0","1","38037","1"
"McHenry","0","1","North Dakota","4/6/20","1","0","38049","0"
"McIntosh","0","1","North Dakota","4/6/20","1","0","38051","0"
"McKenzie","0","3","North Dakota","4/6/20","0","3","38053","1"
"McLean","0","2","North Dakota","4/6/20","2","0","38055","0"
"Morton","0","17","North Dakota","4/6/20","14","3","38059","21.43"
"Mountrail","2","19","North Dakota","4/6/20","4","15","38061","375"
"Oliver","0","1","North Dakota","4/6/20","1","0","38065","0"
"Pierce","0","2","North Dakota","4/6/20","2","0","38069","0"
"Ramsey","0","3","North Dakota","4/6/20","3","0","38071","0"
"Sioux","0","1","North Dakota","4/6/20","1","0","38085","0"
"Slope","0","2","North Dakota","4/6/20","0","2","38087","1"
"Stark","2","25","North Dakota","4/6/20","10","15","38089","150"
"Walsh","0","3","North Dakota","4/6/20","1","2","38099","200"
"Ward","1","16","North Dakota","4/6/20","9","7","38101","77.78"
"Williams","1","5","North Dakota","4/6/20","0","5","38105","1"
"","1","8","Northern Mariana Islands","4/6/20","0","8",,"1"
"Adams","0","2","Ohio","4/6/20","0","2","39001","1"
"Allen","2","19","Ohio","4/6/20","4","15","39003","375"
"Ashland","0","3","Ohio","4/6/20","2","1","39005","50"
"Ashtabula","1","15","Ohio","4/6/20","6","9","39007","150"
"Athens","0","3","Ohio","4/6/20","3","0","39009","0"
"Auglaize","1","8","Ohio","4/6/20","2","6","39011","300"
"Belmont","2","22","Ohio","4/6/20","8","14","39013","175"
"Brown","0","3","Ohio","4/6/20","1","2","39015","200"
"Butler","6","75","Ohio","4/6/20","30","45","39017","150"
"Carroll","1","9","Ohio","4/6/20","5","4","39019","80"
"Champaign","0","5","Ohio","4/6/20","3","2","39021","66.67"
"Clark","1","10","Ohio","4/6/20","6","4","39023","66.67"
"Clermont","3","27","Ohio","4/6/20","9","18","39025","200"
"Clinton","1","8","Ohio","4/6/20","3","5","39027","166.67"
"Columbiana","6","53","Ohio","4/6/20","11","42","39029","381.82"
"Coshocton","1","10","Ohio","4/6/20","5","5","39031","100"
"Crawford","1","9","Ohio","4/6/20","5","4","39033","80"
"Cuyahoga","54","871","Ohio","4/6/20","493","378","39035","76.67"
"Darke","3","32","Ohio","4/6/20","12","20","39037","166.67"
"Defiance","0","8","Ohio","4/6/20","5","3","39039","60"
"Delaware","6","77","Ohio","4/6/20","38","39","39041","102.63"
"Erie","1","10","Ohio","4/6/20","5","5","39043","100"
"Fairfield","6","54","Ohio","4/6/20","13","41","39045","315.38"
"Fayette","0","2","Ohio","4/6/20","1","1","39047","100"
"Franklin","52","644","Ohio","4/6/20","281","363","39049","129.18"
"Fulton","0","5","Ohio","4/6/20","2","3","39051","150"
"Gallia","0","4","Ohio","4/6/20","1","3","39053","300"
"Geauga","3","40","Ohio","4/6/20","22","18","39055","81.82"
"Greene","2","15","Ohio","4/6/20","3","12","39057","400"
"Guernsey","0","2","Ohio","4/6/20","0","2","39059","1"
"Hamilton","42","394","Ohio","4/6/20","101","293","39061","290.1"
"Hancock","2","14","Ohio","4/6/20","3","11","39063","366.67"
"Hardin","0","2","Ohio","4/6/20","0","2","39065","1"
"Highland","1","6","Ohio","4/6/20","1","5","39071","500"
"Holmes","0","2","Ohio","4/6/20","1","1","39075","100"
"Huron","1","9","Ohio","4/6/20","3","6","39077","200"
"Jefferson","1","15","Ohio","4/6/20","7","8","39081","114.29"
"Knox","1","7","Ohio","4/6/20","3","4","39083","133.33"
"Lake","6","87","Ohio","4/6/20","43","44","39085","102.33"
"Lawrence","1","10","Ohio","4/6/20","1","9","39087","900"
"Licking","5","57","Ohio","4/6/20","21","36","39089","171.43"
"Logan","0","5","Ohio","4/6/20","3","2","39091","66.67"
"Lorain","6","117","Ohio","4/6/20","78","39","39093","50"
"Lucas","30","321","Ohio","4/6/20","114","207","39095","181.58"
"Madison","2","17","Ohio","4/6/20","5","12","39097","240"
"Mahoning","22","272","Ohio","4/6/20","117","155","39099","132.48"
"Marion","3","25","Ohio","4/6/20","7","18","39101","257.14"
"Medina","5","83","Ohio","4/6/20","48","35","39103","72.92"
"Mercer","1","8","Ohio","4/6/20","2","6","39107","300"
"Miami","6","90","Ohio","4/6/20","46","44","39109","95.65"
"Monroe","0","2","Ohio","4/6/20","0","2","39111","1"
"Montgomery","11","109","Ohio","4/6/20","31","78","39113","251.61"
"Morgan","0","1","Ohio","4/6/20","0","1","39115","1"
"Morrow","1","5","Ohio","4/6/20","0","5","39117","1"
"Muskingum","0","5","Ohio","4/6/20","2","3","39119","150"
"Ottawa","0","5","Ohio","4/6/20","2","3","39123","150"
"Paulding","0","1","Ohio","4/6/20","0","1","39125","1"
"Perry","1","4","Ohio","4/6/20","0","4","39127","1"
"Pickaway","3","29","Ohio","4/6/20","5","24","39129","480"
"Pike","0","1","Ohio","4/6/20","1","0","39131","0"
"Portage","9","94","Ohio","4/6/20","32","62","39133","193.75"
"Preble","1","5","Ohio","4/6/20","1","4","39135","400"
"Putnam","0","1","Ohio","4/6/20","0","1","39137","1"
"Richland","2","19","Ohio","4/6/20","5","14","39139","280"
"Ross","1","6","Ohio","4/6/20","1","5","39141","500"
"Sandusky","0","5","Ohio","4/6/20","3","2","39143","66.67"
"Scioto","0","1","Ohio","4/6/20","0","1","39145","1"
"Seneca","0","6","Ohio","4/6/20","3","3","39147","100"
"Shelby","2","17","Ohio","4/6/20","4","13","39149","325"
"Stark","9","109","Ohio","4/6/20","44","65","39151","147.73"
"Summit","10","189","Ohio","4/6/20","118","71","39153","60.17"
"Trumbull","9","102","Ohio","4/6/20","42","60","39155","142.86"
"Tuscarawas","2","23","Ohio","4/6/20","7","16","39157","228.57"
"Union","1","8","Ohio","4/6/20","4","4","39159","100"
"Van Wert","0","2","Ohio","4/6/20","1","1","39161","100"
"Warren","2","37","Ohio","4/6/20","20","17","39165","85"
"Washington","2","15","Ohio","4/6/20","3","12","39167","400"
"Wayne","3","26","Ohio","4/6/20","7","19","39169","271.43"
"Williams","0","1","Ohio","4/6/20","0","1","39171","1"
"Wood","3","34","Ohio","4/6/20","13","21","39173","161.54"
"Wyandot","1","5","Ohio","4/6/20","1","4","39175","400"
"Adair","2","20","Oklahoma","4/6/20","4","16","40001","400"
"Atoka","0","1","Oklahoma","4/6/20","0","1","40005","1"
"Beckham","0","1","Oklahoma","4/6/20","1","0","40009","0"
"Bryan","0","3","Oklahoma","4/6/20","1","2","40013","200"
"Caddo","1","5","Oklahoma","4/6/20","1","4","40015","400"
"Canadian","3","35","Oklahoma","4/6/20","15","20","40017","133.33"
"Carter","0","1","Oklahoma","4/6/20","1","0","40019","0"
"Cherokee","2","14","Oklahoma","4/6/20","1","13","40021","1300"
"Choctaw","0","2","Oklahoma","4/6/20","1","1","40023","100"
"Cleveland","17","180","Oklahoma","4/6/20","60","120","40027","200"
"Comanche","4","41","Oklahoma","4/6/20","12","29","40031","241.67"
"Cotton","0","4","Oklahoma","4/6/20","1","3","40033","300"
"Craig","1","5","Oklahoma","4/6/20","1","4","40035","400"
"Creek","4","45","Oklahoma","4/6/20","18","27","40037","150"
"Custer","0","5","Oklahoma","4/6/20","4","1","40039","25"
"Delaware","1","13","Oklahoma","4/6/20","7","6","40041","85.71"
"Garfield","0","5","Oklahoma","4/6/20","2","3","40047","150"
"Garvin","1","10","Oklahoma","4/6/20","6","4","40049","66.67"
"Grady","1","8","Oklahoma","4/6/20","3","5","40051","166.67"
"Grant","0","1","Oklahoma","4/6/20","0","1","40053","1"
"Greer","4","26","Oklahoma","4/6/20","0","26","40055","1"
"Jackson","0","4","Oklahoma","4/6/20","1","3","40065","300"
"Jefferson","0","1","Oklahoma","4/6/20","0","1","40067","1"
"Kay","1","30","Oklahoma","4/6/20","20","10","40071","50"
"Kingfisher","0","3","Oklahoma","4/6/20","0","3","40073","1"
"Kiowa","0","1","Oklahoma","4/6/20","0","1","40075","1"
"Latimer","0","4","Oklahoma","4/6/20","1","3","40077","300"
"Le Flore","0","1","Oklahoma","4/6/20","1","0","40079","0"
"Lincoln","1","9","Oklahoma","4/6/20","4","5","40081","125"
"Logan","0","6","Oklahoma","4/6/20","4","2","40083","50"
"Love","0","2","Oklahoma","4/6/20","1","1","40085","100"
"Major","0","1","Oklahoma","4/6/20","0","1","40093","1"
"Mayes","1","10","Oklahoma","4/6/20","4","6","40097","150"
"McClain","1","12","Oklahoma","4/6/20","2","10","40087","500"
"McCurtain","0","1","Oklahoma","4/6/20","0","1","40089","1"
"McIntosh","0","1","Oklahoma","4/6/20","0","1","40091","1"
"Muskogee","2","20","Oklahoma","4/6/20","7","13","40101","185.71"
"Noble","0","6","Oklahoma","4/6/20","3","3","40103","100"
"Nowata","1","9","Oklahoma","4/6/20","4","5","40105","125"
"Oklahoma","21","279","Oklahoma","4/6/20","134","145","40109","108.21"
"Okmulgee","1","11","Oklahoma","4/6/20","3","8","40111","266.67"
"Osage","3","31","Oklahoma","4/6/20","11","20","40113","181.82"
"Ottawa","1","12","Oklahoma","4/6/20","6","6","40115","100"
"Out of OK","0","2","Oklahoma","4/6/20","0","2","80040","1"
"Pawnee","1","22","Oklahoma","4/6/20","15","7","40117","46.67"
"Payne","1","21","Oklahoma","4/6/20","14","7","40119","50"
"Pittsburg","1","6","Oklahoma","4/6/20","2","4","40121","200"
"Pontotoc","1","8","Oklahoma","4/6/20","3","5","40123","166.67"
"Pottawatomie","2","13","Oklahoma","4/6/20","2","11","40125","550"
"Rogers","2","15","Oklahoma","4/6/20","1","14","40131","1400"
"Seminole","0","3","Oklahoma","4/6/20","1","2","40133","200"
"Sequoyah","1","7","Oklahoma","4/6/20","2","5","40135","250"
"Stephens","1","11","Oklahoma","4/6/20","2","9","40137","450"
"Texas","0","3","Oklahoma","4/6/20","1","2","40139","200"
"Tillman","0","1","Oklahoma","4/6/20","0","1","40141","1"
"Tulsa","26","249","Oklahoma","4/6/20","65","184","40143","283.08"
"Wagoner","6","49","Oklahoma","4/6/20","8","41","40145","512.5"
"Washington","3","39","Oklahoma","4/6/20","20","19","40147","95"
"Woodward","0","1","Oklahoma","4/6/20","0","1","40153","1"
"Benton","1","19","Oregon","4/6/20","9","10","41003","111.11"
"Clackamas","6","84","Oregon","4/6/20","40","44","41005","110"
"Clatsop","0","4","Oregon","4/6/20","3","1","41007","33.33"
"Columbia","1","6","Oregon","4/6/20","1","5","41009","500"
"Crook","0","1","Oregon","4/6/20","0","1","41013","1"
"Deschutes","2","39","Oregon","4/6/20","25","14","41017","56"
"Douglas","0","11","Oregon","4/6/20","8","3","41019","37.5"
"Grant","0","1","Oregon","4/6/20","1","0","41023","0"
"Hood River","0","2","Oregon","4/6/20","2","0","41027","0"
"Jackson","2","33","Oregon","4/6/20","20","13","41029","65"
"Josephine","0","13","Oregon","4/6/20","10","3","41033","30"
"Klamath","2","15","Oregon","4/6/20","4","11","41035","275"
"Lane","2","27","Oregon","4/6/20","12","15","41039","125"
"Lincoln","0","4","Oregon","4/6/20","1","3","41041","300"
"Linn","1","43","Oregon","4/6/20","36","7","41043","19.44"
"Malheur","0","2","Oregon","4/6/20","0","2","41045","1"
"Marion","11","198","Oregon","4/6/20","123","75","41047","60.98"
"Morrow","0","2","Oregon","4/6/20","1","1","41049","100"
"Multnomah","19","233","Oregon","4/6/20","100","133","41051","133"
"Polk","1","24","Oregon","4/6/20","15","9","41053","60"
"Sherman","0","1","Oregon","4/6/20","0","1","41055","1"
"Tillamook","0","3","Oregon","4/6/20","3","0","41057","0"
"Umatilla","0","7","Oregon","4/6/20","4","3","41059","75"
"Union","0","3","Oregon","4/6/20","1","2","41061","200"
"Wallowa","0","1","Oregon","4/6/20","0","1","41063","1"
"Wasco","0","7","Oregon","4/6/20","5","2","41065","40"
"Washington","13","259","Oregon","4/6/20","168","91","41067","54.17"
"Yamhill","2","26","Oregon","4/6/20","14","12","41071","85.71"
"Adams","2","25","Pennsylvania","4/6/20","8","17","42001","212.5"
"Allegheny","50","642","Pennsylvania","4/6/20","290","352","42003","121.38"
"Armstrong","1","13","Pennsylvania","4/6/20","3","10","42005","333.33"
"Beaver","7","96","Pennsylvania","4/6/20","44","52","42007","118.18"
"Bedford","1","4","Pennsylvania","4/6/20","0","4","42009","1"
"Berks","35","326","Pennsylvania","4/6/20","82","244","42011","297.56"
"Blair","0","5","Pennsylvania","4/6/20","6","-1","42013","-16.67"
"Bradford","1","10","Pennsylvania","4/6/20","3","7","42015","233.33"
"Bucks","55","634","Pennsylvania","4/6/20","249","385","42017","154.62"
"Butler","6","91","Pennsylvania","4/6/20","49","42","42019","85.71"
"Cambria","1","7","Pennsylvania","4/6/20","2","5","42021","250"
"Cameron","0","1","Pennsylvania","4/6/20","1","0","42023","0"
"Carbon","7","59","Pennsylvania","4/6/20","13","46","42025","353.85"
"Centre","3","44","Pennsylvania","4/6/20","24","20","42027","83.33"
"Chester","23","307","Pennsylvania","4/6/20","146","161","42029","110.27"
"Clarion","1","6","Pennsylvania","4/6/20","1","5","42031","500"
"Clearfield","0","7","Pennsylvania","4/6/20","4","3","42033","75"
"Clinton","0","3","Pennsylvania","4/6/20","0","3","42035","1"
"Columbia","3","26","Pennsylvania","4/6/20","6","20","42037","333.33"
"Crawford","1","9","Pennsylvania","4/6/20","4","5","42039","125"
"Cumberland","6","68","Pennsylvania","4/6/20","24","44","42041","183.33"
"Dauphin","14","132","Pennsylvania","4/6/20","36","96","42043","266.67"
"Delaware","74","822","Pennsylvania","4/6/20","303","519","42045","171.29"
"Erie","2","27","Pennsylvania","4/6/20","13","14","42049","107.69"
"Fayette","3","29","Pennsylvania","4/6/20","11","18","42051","163.64"
"Forest","1","4","Pennsylvania","4/6/20","0","4","42053","1"
"Franklin","3","32","Pennsylvania","4/6/20","12","20","42055","166.67"
"Fulton","0","1","Pennsylvania","4/6/20","0","1","42057","1"
"Greene","1","12","Pennsylvania","4/6/20","7","5","42059","71.43"
"Huntingdon","0","4","Pennsylvania","4/6/20","1","3","42061","300"
"Indiana","2","17","Pennsylvania","4/6/20","2","15","42063","750"
"Juniata","1","11","Pennsylvania","4/6/20","3","8","42067","266.67"
"Lackawanna","18","190","Pennsylvania","4/6/20","62","128","42069","206.45"
"Lancaster","44","408","Pennsylvania","4/6/20","97","311","42071","320.62"
"Lawrence","2","24","Pennsylvania","4/6/20","10","14","42073","140"
"Lebanon","14","124","Pennsylvania","4/6/20","27","97","42075","359.26"
"Lehigh","111","1006","Pennsylvania","4/6/20","231","775","42077","335.5"
"Luzerne","100","849","Pennsylvania","4/6/20","150","699","42079","466"
"Lycoming","1","10","Pennsylvania","4/6/20","4","6","42081","150"
"McKean","0","1","Pennsylvania","4/6/20","1","0","42083","0"
"Mercer","2","18","Pennsylvania","4/6/20","7","11","42085","157.14"
"Mifflin","1","9","Pennsylvania","4/6/20","1","8","42087","800"
"Monroe","56","572","Pennsylvania","4/6/20","182","390","42089","214.29"
"Montgomery","99","1230","Pennsylvania","4/6/20","540","690","42091","127.78"
"Montour","4","37","Pennsylvania","4/6/20","10","27","42093","270"
"Northampton","76","716","Pennsylvania","4/6/20","184","532","42095","289.13"
"Northumberland","2","15","Pennsylvania","4/6/20","1","14","42097","1400"
"Perry","1","5","Pennsylvania","4/6/20","1","4","42099","400"
"Philadelphia","379","3728","Pennsylvania","4/6/20","1072","2656","42101","247.76"
"Pike","12","125","Pennsylvania","4/6/20","39","86","42103","220.51"
"Potter","0","3","Pennsylvania","4/6/20","2","1","42105","50"
"Schuylkill","10","103","Pennsylvania","4/6/20","30","73","42107","243.33"
"Snyder","1","8","Pennsylvania","4/6/20","2","6","42109","300"
"Somerset","1","6","Pennsylvania","4/6/20","2","4","42111","200"
"Sullivan","0","1","Pennsylvania","4/6/20","0","1","42113","1"
"Susquehanna","1","6","Pennsylvania","4/6/20","1","5","42115","500"
"Tioga","1","8","Pennsylvania","4/6/20","1","7","42117","700"
"Union","0","6","Pennsylvania","4/6/20","4","2","42119","50"
"Venango","1","5","Pennsylvania","4/6/20","1","4","42121","400"
"Warren","0","1","Pennsylvania","4/6/20","1","0","42123","0"
"Washington","4","53","Pennsylvania","4/6/20","26","27","42125","103.85"
"Wayne","4","35","Pennsylvania","4/6/20","10","25","42127","250"
"Westmoreland","15","157","Pennsylvania","4/6/20","55","102","42129","185.45"
"Wyoming","1","5","Pennsylvania","4/6/20","0","5","42131","1"
"York","19","189","Pennsylvania","4/6/20","54","135","42133","250"
"","48","513","Puerto Rico","4/6/20","174","339",,"194.83"
"Bristol","2","25","Rhode Island","4/6/20","12","13","44001","108.33"
"Kent","9","92","Rhode Island","4/6/20","27","65","44003","240.74"
"Newport","3","42","Rhode Island","4/6/20","19","23","44005","121.05"
"Providence","55","538","Rhode Island","4/6/20","156","382","44007","244.87"
"Washington","4","53","Rhode Island","4/6/20","23","30","44009","130.43"
"Abbeville","0","6","South Carolina","4/6/20","3","3","45001","100"
"Aiken","3","27","South Carolina","4/6/20","9","18","45003","200"
"Allendale","0","2","South Carolina","4/6/20","0","2","45005","1"
"Anderson","6","72","South Carolina","4/6/20","31","41","45007","132.26"
"Bamberg","1","5","South Carolina","4/6/20","0","5","45009","1"
"Barnwell","0","3","South Carolina","4/6/20","1","2","45011","200"
"Beaufort","13","163","South Carolina","4/6/20","74","89","45013","120.27"
"Berkeley","5","52","South Carolina","4/6/20","14","38","45015","271.43"
"Calhoun","0","5","South Carolina","4/6/20","2","3","45017","150"
"Charleston","25","300","South Carolina","4/6/20","123","177","45019","143.9"
"Cherokee","1","4","South Carolina","4/6/20","0","4","45021","1"
"Chester","2","14","South Carolina","4/6/20","2","12","45023","600"
"Chesterfield","1","15","South Carolina","4/6/20","6","9","45025","150"
"Clarendon","6","58","South Carolina","4/6/20","18","40","45027","222.22"
"Colleton","1","10","South Carolina","4/6/20","5","5","45029","100"
"Darlington","2","27","South Carolina","4/6/20","11","16","45031","145.45"
"Dillon","0","1","South Carolina","4/6/20","1","0","45033","0"
"Dorchester","6","52","South Carolina","4/6/20","12","40","45035","333.33"
"Edgefield","1","6","South Carolina","4/6/20","2","4","45037","200"
"Fairfield","2","16","South Carolina","4/6/20","5","11","45039","220"
"Florence","3","39","South Carolina","4/6/20","15","24","45041","160"
"Georgetown","1","21","South Carolina","4/6/20","11","10","45043","90.91"
"Greenville","17","204","South Carolina","4/6/20","88","116","45045","131.82"
"Greenwood","1","11","South Carolina","4/6/20","3","8","45047","266.67"
"Hampton","0","3","South Carolina","4/6/20","0","3","45049","1"
"Horry","6","76","South Carolina","4/6/20","32","44","45051","137.5"
"Jasper","1","11","South Carolina","4/6/20","3","8","45053","266.67"
"Kershaw","8","152","South Carolina","4/6/20","99","53","45055","53.54"
"Lancaster","4","43","South Carolina","4/6/20","14","29","45057","207.14"
"Laurens","0","6","South Carolina","4/6/20","3","3","45059","100"
"Lee","2","18","South Carolina","4/6/20","5","13","45061","260"
"Lexington","12","124","South Carolina","4/6/20","41","83","45063","202.44"
"Marion","0","4","South Carolina","4/6/20","2","2","45067","100"
"Marlboro","1","6","South Carolina","4/6/20","2","4","45069","200"
"McCormick","0","2","South Carolina","4/6/20","0","2","45065","1"
"Newberry","1","7","South Carolina","4/6/20","2","5","45071","250"
"Oconee","1","8","South Carolina","4/6/20","4","4","45073","100"
"Orangeburg","1","28","South Carolina","4/6/20","21","7","45075","33.33"
"Pickens","1","20","South Carolina","4/6/20","13","7","45077","53.85"
"Richland","25","311","South Carolina","4/6/20","135","176","45079","130.37"
"Saluda","0","4","South Carolina","4/6/20","1","3","45081","300"
"Spartanburg","8","88","South Carolina","4/6/20","30","58","45083","193.33"
"Sumter","8","90","South Carolina","4/6/20","34","56","45085","164.71"
"Union","1","12","South Carolina","4/6/20","3","9","45087","300"
"Williamsburg","1","11","South Carolina","4/6/20","2","9","45089","450"
"York","7","95","South Carolina","4/6/20","43","52","45091","120.93"
"Aurora","0","1","South Dakota","4/6/20","1","0","46003","0"
"Beadle","0","21","South Dakota","4/6/20","20","1","46005","5"
"Bon Homme","0","2","South Dakota","4/6/20","1","1","46009","100"
"Brookings","0","4","South Dakota","4/6/20","1","3","46011","300"
"Brown","1","13","South Dakota","4/6/20","3","10","46013","333.33"
"Butte","0","0","South Dakota","4/6/20","1","-1","46019","-100"
"Charles Mix","0","2","South Dakota","4/6/20","1","1","46023","100"
"Clark","0","1","South Dakota","4/6/20","1","0","46025","0"
"Clay","0","3","South Dakota","4/6/20","3","0","46027","0"
"Codington","1","11","South Dakota","4/6/20","5","6","46029","120"
"Davison","0","3","South Dakota","4/6/20","2","1","46035","50"
"Deuel","0","1","South Dakota","4/6/20","1","0","46039","0"
"Fall River","0","1","South Dakota","4/6/20","1","0","46047","0"
"Faulk","0","1","South Dakota","4/6/20","1","0","46049","0"
"Hamlin","0","1","South Dakota","4/6/20","1","0","46057","0"
"Hughes","0","3","South Dakota","4/6/20","1","2","46065","200"
"Hutchinson","0","2","South Dakota","4/6/20","2","0","46067","0"
"Lake","0","1","South Dakota","4/6/20","0","1","46079","1"
"Lawrence","1","9","South Dakota","4/6/20","5","4","46081","80"
"Lincoln","3","24","South Dakota","4/6/20","4","20","46083","500"
"Lyman","0","1","South Dakota","4/6/20","1","0","46085","0"
"Marshall","0","1","South Dakota","4/6/20","1","0","46091","0"
"McCook","0","2","South Dakota","4/6/20","2","0","46087","0"
"Meade","0","1","South Dakota","4/6/20","1","0","46093","0"
"Minnehaha","16","140","South Dakota","4/6/20","28","112","46099","400"
"Pennington","0","6","South Dakota","4/6/20","5","1","46103","20"
"Roberts","0","4","South Dakota","4/6/20","1","3","46109","300"
"Spink","0","3","South Dakota","4/6/20","0","3","46115","1"
"Todd","0","1","South Dakota","4/6/20","1","0","46121","0"
"Turner","0","4","South Dakota","4/6/20","1","3","46125","300"
"Union","0","3","South Dakota","4/6/20","1","2","46127","200"
"Yankton","2","18","South Dakota","4/6/20","4","14","46135","350"
"Anderson","1","10","Tennessee","4/6/20","6","4","47001","66.67"
"Bedford","1","8","Tennessee","4/6/20","1","7","47003","700"
"Benton","0","4","Tennessee","4/6/20","3","1","47005","33.33"
"Bledsoe","0","3","Tennessee","4/6/20","2","1","47007","50"
"Blount","4","38","Tennessee","4/6/20","9","29","47009","322.22"
"Bradley","2","23","Tennessee","4/6/20","8","15","47011","187.5"
"Campbell","0","5","Tennessee","4/6/20","4","1","47013","25"
"Cannon","1","7","Tennessee","4/6/20","3","4","47015","133.33"
"Carroll","0","8","Tennessee","4/6/20","5","3","47017","60"
"Carter","0","3","Tennessee","4/6/20","1","2","47019","200"
"Cheatham","1","13","Tennessee","4/6/20","8","5","47021","62.5"
"Chester","1","6","Tennessee","4/6/20","2","4","47023","200"
"Claiborne","0","2","Tennessee","4/6/20","2","0","47025","0"
"Clay","0","1","Tennessee","4/6/20","0","1","47027","1"
"Cocke","0","1","Tennessee","4/6/20","1","0","47029","0"
"Coffee","1","7","Tennessee","4/6/20","1","6","47031","600"
"Cumberland","2","26","Tennessee","4/6/20","9","17","47035","188.89"
"Davidson","54","819","Tennessee","4/6/20","443","376","47037","84.88"
"Decatur","0","0","Tennessee","4/6/20","1","-1","47039","-100"
"DeKalb","1","7","Tennessee","4/6/20","3","4","47041","133.33"
"Dickson","2","24","Tennessee","4/6/20","11","13","47043","118.18"
"Dyer","1","9","Tennessee","4/6/20","3","6","47045","200"
"Fayette","2","21","Tennessee","4/6/20","10","11","47047","110"
"Fentress","0","2","Tennessee","4/6/20","0","2","47049","1"
"Franklin","1","14","Tennessee","4/6/20","6","8","47051","133.33"
"Gibson","1","12","Tennessee","4/6/20","3","9","47053","300"
"Giles","0","3","Tennessee","4/6/20","1","2","47055","200"
"Grainger","0","3","Tennessee","4/6/20","0","3","47057","1"
"Greene","1","17","Tennessee","4/6/20","9","8","47059","88.89"
"Grundy","2","15","Tennessee","4/6/20","2","13","47061","650"
"Hamblen","0","4","Tennessee","4/6/20","2","2","47063","100"
"Hamilton","7","83","Tennessee","4/6/20","35","48","47065","137.14"
"Hardeman","1","6","Tennessee","4/6/20","1","5","47069","500"
"Hardin","0","2","Tennessee","4/6/20","1","1","47071","100"
"Hawkins","2","14","Tennessee","4/6/20","2","12","47073","600"
"Haywood","0","5","Tennessee","4/6/20","2","3","47075","150"
"Henderson","0","1","Tennessee","4/6/20","0","1","47077","1"
"Henry","1","5","Tennessee","4/6/20","1","4","47079","400"
"Hickman","0","2","Tennessee","4/6/20","0","2","47081","1"
"Houston","0","2","Tennessee","4/6/20","2","0","47083","0"
"Humphreys","0","3","Tennessee","4/6/20","0","3","47085","1"
"Jackson","0","3","Tennessee","4/6/20","0","3","47087","1"
"Jefferson","0","7","Tennessee","4/6/20","5","2","47089","40"
"Johnson","0","2","Tennessee","4/6/20","2","0","47091","0"
"Knox","9","119","Tennessee","4/6/20","57","62","47093","108.77"
"Lauderdale","1","5","Tennessee","4/6/20","0","5","47097","1"
"Lawrence","1","4","Tennessee","4/6/20","0","4","47099","1"
"Lewis","0","2","Tennessee","4/6/20","2","0","47101","0"
"Lincoln","1","5","Tennessee","4/6/20","1","4","47103","400"
"Loudon","1","13","Tennessee","4/6/20","8","5","47105","62.5"
"Macon","1","11","Tennessee","4/6/20","3","8","47111","266.67"
"Madison","3","22","Tennessee","4/6/20","3","19","47113","633.33"
"Marion","2","20","Tennessee","4/6/20","5","15","47115","300"
"Marshall","1","9","Tennessee","4/6/20","0","9","47117","1"
"Maury","2","24","Tennessee","4/6/20","8","16","47119","200"
"McMinn","0","3","Tennessee","4/6/20","3","0","47107","0"
"McNairy","0","4","Tennessee","4/6/20","1","3","47109","300"
"Meigs","0","2","Tennessee","4/6/20","1","1","47121","100"
"Monroe","0","6","Tennessee","4/6/20","3","3","47123","100"
"Montgomery","6","54","Tennessee","4/6/20","13","41","47125","315.38"
"Morgan","1","5","Tennessee","4/6/20","1","4","47129","400"
"Obion","0","2","Tennessee","4/6/20","1","1","47131","100"
"Out of TN","20","290","Tennessee","4/6/20","150","140","80047","93.33"
"Overton","0","4","Tennessee","4/6/20","2","2","47133","100"
"Perry","0","3","Tennessee","4/6/20","2","1","47135","50"
"Polk","0","3","Tennessee","4/6/20","0","3","47139","1"
"Putnam","5","55","Tennessee","4/6/20","17","38","47141","223.53"
"Roane","0","5","Tennessee","4/6/20","2","3","47145","150"
"Robertson","5","60","Tennessee","4/6/20","25","35","47147","140"
"Rutherford","16","161","Tennessee","4/6/20","48","113","47149","235.42"
"Scott","0","3","Tennessee","4/6/20","2","1","47151","50"
"Sequatchie","0","2","Tennessee","4/6/20","0","2","47153","1"
"Sevier","1","16","Tennessee","4/6/20","6","10","47155","166.67"
"Shelby","53","766","Tennessee","4/6/20","396","370","47157","93.43"
"Smith","0","3","Tennessee","4/6/20","1","2","47159","200"
"Stewart","0","2","Tennessee","4/6/20","0","2","47161","1"
"Sullivan","2","25","Tennessee","4/6/20","8","17","47163","212.5"
"Sumner","22","335","Tennessee","4/6/20","179","156","47165","87.15"
"Tipton","3","36","Tennessee","4/6/20","15","21","47167","140"
"Trousdale","1","11","Tennessee","4/6/20","1","10","47169","1000"
"Unicoi","0","1","Tennessee","4/6/20","1","0","47171","0"
"Union","0","1","Tennessee","4/6/20","1","0","47173","0"
"Warren","0","1","Tennessee","4/6/20","0","1","47177","1"
"Washington","1","24","Tennessee","4/6/20","14","10","47179","71.43"
"Wayne","0","2","Tennessee","4/6/20","0","2","47181","1"
"Weakley","1","5","Tennessee","4/6/20","1","4","47183","400"
"White","0","2","Tennessee","4/6/20","1","1","47185","100"
"Williamson","23","260","Tennessee","4/6/20","101","159","47187","157.43"
"Wilson","10","97","Tennessee","4/6/20","27","70","47189","259.26"
"Anderson","0","1","Texas","4/6/20","0","1","48001","1"
"Andrews","1","6","Texas","4/6/20","0","6","48003","1"
"Angelina","2","14","Texas","4/6/20","3","11","48005","366.67"
"Aransas","0","1","Texas","4/6/20","2","-1","48007","-50"
"Atascosa","0","3","Texas","4/6/20","2","1","48013","50"
"Austin","0","5","Texas","4/6/20","2","3","48015","150"
"Bastrop","1","11","Texas","4/6/20","6","5","48021","83.33"
"Bell","5","68","Texas","4/6/20","36","32","48027","88.89"
"Bexar","36","410","Texas","4/6/20","157","253","48029","161.15"
"Blanco","0","2","Texas","4/6/20","1","1","48031","100"
"Bowie","1","14","Texas","4/6/20","4","10","48037","250"
"Brazoria","14","167","Texas","4/6/20","68","99","48039","145.59"
"Brazos","7","94","Texas","4/6/20","46","48","48041","104.35"
"Brown","0","6","Texas","4/6/20","3","3","48049","100"
"Burleson","0","2","Texas","4/6/20","1","1","48051","100"
"Burnet","0","4","Texas","4/6/20","3","1","48053","33.33"
"Caldwell","0","4","Texas","4/6/20","1","3","48055","300"
"Calhoun","1","12","Texas","4/6/20","6","6","48057","100"
"Cameron","10","87","Texas","4/6/20","20","67","48061","335"
"Camp","0","1","Texas","4/6/20","0","1","48063","1"
"Cass","0","3","Texas","4/6/20","2","1","48067","50"
"Castro","0","11","Texas","4/6/20","8","3","48069","37.5"
"Chambers","1","11","Texas","4/6/20","5","6","48071","120"
"Cherokee","1","6","Texas","4/6/20","1","5","48073","500"
"Clay","0","1","Texas","4/6/20","0","1","48077","1"
"Collin","25","306","Texas","4/6/20","134","172","48085","128.36"
"Colorado","0","2","Texas","4/6/20","0","2","48089","1"
"Comal","2","22","Texas","4/6/20","11","11","48091","100"
"Comanche","0","2","Texas","4/6/20","1","1","48093","100"
"Coryell","1","5","Texas","4/6/20","1","4","48099","400"
"Crane","0","2","Texas","4/6/20","2","0","48103","0"
"Crosby","0","1","Texas","4/6/20","0","1","48107","1"
"Dallam","0","1","Texas","4/6/20","0","1","48111","1"
"Dallas","87","1155","Texas","4/6/20","549","606","48113","110.38"
"Dawson","1","7","Texas","4/6/20","3","4","48115","133.33"
"Deaf Smith","1","7","Texas","4/6/20","2","5","48117","250"
"Denton","25","337","Texas","4/6/20","165","172","48121","104.24"
"DeWitt","1","7","Texas","4/6/20","3","4","48123","133.33"
"Donley","1","7","Texas","4/6/20","0","7","48129","1"
"Eastland","0","3","Texas","4/6/20","4","-1","48133","-25"
"Ector","3","26","Texas","4/6/20","7","19","48135","271.43"
"El Paso","13","132","Texas","4/6/20","40","92","48141","230"
"Ellis","2","29","Texas","4/6/20","15","14","48139","93.33"
"Erath","1","10","Texas","4/6/20","3","7","48143","233.33"
"Falls","0","1","Texas","4/6/20","1","0","48145","0"
"Fannin","0","2","Texas","4/6/20","1","1","48147","100"
"Fayette","1","9","Texas","4/6/20","1","8","48149","800"
"Fort Bend","28","318","Texas","4/6/20","119","199","48157","167.23"
"Franklin","0","1","Texas","4/6/20","1","0","48159","0"
"Gaines","0","1","Texas","4/6/20","1","0","48165","0"
"Galveston","27","256","Texas","4/6/20","70","186","48167","265.71"
"Gillespie","0","3","Texas","4/6/20","0","3","48171","1"
"Goliad","0","3","Texas","4/6/20","0","3","48175","1"
"Gonzales","0","1","Texas","4/6/20","0","1","48177","1"
"Gray","1","9","Texas","4/6/20","0","9","48179","1"
"Grayson","1","13","Texas","4/6/20","7","6","48181","85.71"
"Gregg","2","16","Texas","4/6/20","5","11","48183","220"
"Grimes","0","3","Texas","4/6/20","2","1","48185","50"
"Guadalupe","2","28","Texas","4/6/20","13","15","48187","115.38"
"Hale","1","7","Texas","4/6/20","1","6","48189","600"
"Hansford","0","1","Texas","4/6/20","0","1","48195","1"
"Hardin","2","26","Texas","4/6/20","9","17","48199","188.89"
"Harris","178","1809","Texas","4/6/20","563","1246","48201","221.31"
"Harrison","1","8","Texas","4/6/20","1","7","48203","700"
"Hays","6","59","Texas","4/6/20","16","43","48209","268.75"
"Hemphill","0","1","Texas","4/6/20","0","1","48211","1"
"Henderson","0","2","Texas","4/6/20","1","1","48213","100"
"Hidalgo","10","99","Texas","4/6/20","28","71","48215","253.57"
"Hill","1","5","Texas","4/6/20","1","4","48217","400"
"Hockley","0","10","Texas","4/6/20","7","3","48219","42.86"
"Hood","1","9","Texas","4/6/20","3","6","48221","200"
"Hopkins","0","4","Texas","4/6/20","2","2","48223","100"
"Hunt","0","1","Texas","4/6/20","3","-2","48231","-66.67"
"Hutchinson","0","2","Texas","4/6/20","0","2","48233","1"
"Jackson","0","3","Texas","4/6/20","1","2","48239","200"
"Jasper","0","3","Texas","4/6/20","1","2","48241","200"
"Jefferson","6","59","Texas","4/6/20","18","41","48245","227.78"
"Jim Wells","0","2","Texas","4/6/20","0","2","48249","1"
"Johnson","2","21","Texas","4/6/20","8","13","48251","162.5"
"Karnes","0","2","Texas","4/6/20","2","0","48255","0"
"Kaufman","1","9","Texas","4/6/20","3","6","48257","200"
"Kendall","0","9","Texas","4/6/20","7","2","48259","28.57"
"Kerr","0","2","Texas","4/6/20","0","2","48265","1"
"Kleberg","0","2","Texas","4/6/20","1","1","48273","100"
"Lamar","0","6","Texas","4/6/20","3","3","48277","100"
"Lamb","0","1","Texas","4/6/20","1","0","48279","0"
"Lampasas","0","2","Texas","4/6/20","0","2","48281","1"
"Lavaca","0","2","Texas","4/6/20","1","1","48285","100"
"Lee","0","2","Texas","4/6/20","0","2","48287","1"
"Leon","0","2","Texas","4/6/20","1","1","48289","100"
"Liberty","1","6","Texas","4/6/20","2","4","48291","200"
"Limestone","0","3","Texas","4/6/20","2","1","48293","50"
"Live Oak","0","3","Texas","4/6/20","0","3","48297","1"
"Llano","0","2","Texas","4/6/20","3","-1","48299","-33.33"
"Lubbock","18","180","Texas","4/6/20","51","129","48303","252.94"
"Lynn","0","3","Texas","4/6/20","2","1","48305","50"
"Martin","0","2","Texas","4/6/20","1","1","48317","100"
"Mason","0","1","Texas","4/6/20","0","1","48319","1"
"Matagorda","3","41","Texas","4/6/20","20","21","48321","105"
"Maverick","1","5","Texas","4/6/20","1","4","48323","400"
"McLennan","2","53","Texas","4/6/20","36","17","48309","47.22"
"Medina","0","4","Texas","4/6/20","3","1","48325","33.33"
"Midland","2","24","Texas","4/6/20","13","11","48329","84.62"
"Milam","0","3","Texas","4/6/20","2","1","48331","50"
"Montague","0","1","Texas","4/6/20","1","0","48337","0"
"Montgomery","11","161","Texas","4/6/20","81","80","48339","98.77"
"Moore","1","6","Texas","4/6/20","1","5","48341","500"
"Morris","0","1","Texas","4/6/20","1","0","48343","0"
"Nacogdoches","2","18","Texas","4/6/20","2","16","48347","800"
"Navarro","0","4","Texas","4/6/20","3","1","48349","33.33"
"Newton","0","1","Texas","4/6/20","0","1","48351","1"
"Nueces","5","59","Texas","4/6/20","22","37","48355","168.18"
"Oldham","0","2","Texas","4/6/20","2","0","48359","0"
"Orange","2","22","Texas","4/6/20","5","17","48361","340"
"Palo Pinto","0","1","Texas","4/6/20","0","1","48363","1"
"Panola","1","4","Texas","4/6/20","0","4","48365","1"
"Parker","0","6","Texas","4/6/20","4","2","48367","50"
"Pecos","0","1","Texas","4/6/20","0","1","48371","1"
"Polk","1","8","Texas","4/6/20","1","7","48373","700"
"Potter","5","40","Texas","4/6/20","5","35","48375","700"
"Randall","4","36","Texas","4/6/20","6","30","48381","500"
"Reeves","0","1","Texas","4/6/20","0","1","48389","1"
"Robertson","0","2","Texas","4/6/20","2","0","48395","0"
"Rockwall","1","10","Texas","4/6/20","4","6","48397","150"
"Rusk","1","12","Texas","4/6/20","3","9","48401","300"
"San Augustine","1","4","Texas","4/6/20","0","4","48405","1"
"San Jacinto","0","1","Texas","4/6/20","1","0","48407","0"
"San Patricio","0","2","Texas","4/6/20","2","0","48409","0"
"Shelby","1","12","Texas","4/6/20","2","10","48419","500"
"Smith","4","62","Texas","4/6/20","32","30","48423","93.75"
"Starr","1","7","Texas","4/6/20","2","5","48427","250"
"Swisher","0","1","Texas","4/6/20","1","0","48437","0"
"Tarrant","31","452","Texas","4/6/20","238","214","48439","89.92"
"Taylor","3","31","Texas","4/6/20","11","20","48441","181.82"
"Terry","0","4","Texas","4/6/20","4","0","48445","0"
"Titus","0","1","Texas","4/6/20","0","1","48449","1"
"Tom Green","3","24","Texas","4/6/20","6","18","48451","300"
"Travis","42","502","Texas","4/6/20","206","296","48453","143.69"
"Trinity","0","2","Texas","4/6/20","0","2","48455","1"
"Tyler","0","2","Texas","4/6/20","0","2","48457","1"
"Upshur","0","3","Texas","4/6/20","2","1","48459","50"
"Uvalde","0","5","Texas","4/6/20","2","3","48463","150"
"Val Verde","0","5","Texas","4/6/20","5","0","48465","0"
"Van Zandt","0","5","Texas","4/6/20","2","3","48467","150"
"Victoria","4","35","Texas","4/6/20","6","29","48469","483.33"
"Walker","1","10","Texas","4/6/20","3","7","48471","233.33"
"Waller","1","9","Texas","4/6/20","3","6","48473","200"
"Washington","2","19","Texas","4/6/20","8","11","48477","137.5"
"Webb","12","122","Texas","4/6/20","35","87","48479","248.57"
"Wharton","1","13","Texas","4/6/20","6","7","48481","116.67"
"Wichita","3","47","Texas","4/6/20","28","19","48485","67.86"
"Willacy","0","5","Texas","4/6/20","2","3","48489","150"
"Williamson","6","77","Texas","4/6/20","37","40","48491","108.11"
"Wilson","1","6","Texas","4/6/20","2","4","48493","200"
"Wise","0","3","Texas","4/6/20","1","2","48497","200"
"Wood","0","3","Texas","4/6/20","0","3","48499","1"
"Young","0","3","Texas","4/6/20","1","2","48503","200"
"Zapata","0","1","Texas","4/6/20","0","1","48505","1"
"Bear River","1","11","Utah","4/6/20","7","4","00000","57.14"
"Cache","3","22","Utah","4/6/20","0","22","49005","1"
"Carbon","0","1","Utah","4/6/20","0","1","49007","1"
"Davis","11","154","Utah","4/6/20","77","77","49011","100"
"Duchesne","0","1","Utah","4/6/20","0","1","49013","1"
"Emery","0","2","Utah","4/6/20","0","2","49015","1"
"Garfield","0","1","Utah","4/6/20","0","1","49017","1"
"Grand","0","1","Utah","4/6/20","0","1","49019","1"
"Iron","2","13","Utah","4/6/20","0","13","49021","1"
"Kane","0","2","Utah","4/6/20","0","2","49025","1"
"Out of UT","-3","0","Utah","4/6/20","19","-19","80049","-100"
"Salt Lake","60","777","Utah","4/6/20","360","417","49035","115.83"
"San Juan","0","5","Utah","4/6/20","4","1","49037","25"
"Summit","13","260","Utah","4/6/20","167","93","49043","55.69"
"Tooele","2","22","Utah","4/6/20","9","13","49045","144.44"
"Uintah","0","2","Utah","4/6/20","0","2","49047","1"
"Utah","24","223","Utah","4/6/20","57","166","49049","291.23"
"Wasatch","5","79","Utah","4/6/20","44","35","49051","79.55"
"Washington","2","31","Utah","4/6/20","15","16","49053","106.67"
"Weber-Morgan","5","71","Utah","4/6/20","39","32","00000","82.05"
"Addison","3","40","Vermont","4/6/20","17","23","50001","135.29"
"Bennington","1","25","Vermont","4/6/20","16","9","50003","56.25"
"Caledonia","1","6","Vermont","4/6/20","2","4","50005","200"
"Chittenden","24","285","Vermont","4/6/20","117","168","50007","143.59"
"Franklin","3","29","Vermont","4/6/20","9","20","50011","222.22"
"Lamoille","1","18","Vermont","4/6/20","12","6","50015","50"
"Orange","0","4","Vermont","4/6/20","3","1","50017","33.33"
"Orleans","0","8","Vermont","4/6/20","5","3","50019","60"
"Rutland","3","28","Vermont","4/6/20","6","22","50021","366.67"
"Washington","1","22","Vermont","4/6/20","12","10","50023","83.33"
"Windham","3","35","Vermont","4/6/20","11","24","50025","218.18"
"Windsor","1","22","Vermont","4/6/20","18","4","50027","22.22"
"","2","43","Virgin Islands","4/6/20","30","13",,"43.33"
"Accomack","1","11","Virginia","4/6/20","6","5","51001","83.33"
"Albemarle","2","34","Virginia","4/6/20","19","15","51003","78.95"
"Alexandria","10","93","Virginia","4/6/20","26","67","51510","257.69"
"Alleghany","0","2","Virginia","4/6/20","1","1","51005","100"
"Amelia","1","6","Virginia","4/6/20","1","5","51007","500"
"Amherst","0","6","Virginia","4/6/20","3","3","51009","100"
"Appomattox","0","1","Virginia","4/6/20","0","1","51011","1"
"Arlington","17","203","Virginia","4/6/20","86","117","51013","136.05"
"Augusta","1","9","Virginia","4/6/20","0","9","51015","1"
"Bedford","0","5","Virginia","4/6/20","2","3","51019","150"
"Botetourt","1","15","Virginia","4/6/20","5","10","51023","200"
"Bristol","0","1","Virginia","4/6/20","1","0","51520","0"
"Brunswick","0","1","Virginia","4/6/20","0","1","51025","1"
"Buckingham","1","4","Virginia","4/6/20","0","4","51029","1"
"Buena Vista","1","4","Virginia","4/6/20","0","4","51530","1"
"Campbell","0","2","Virginia","4/6/20","0","2","51031","1"
"Caroline","0","1","Virginia","4/6/20","0","1","51033","1"
"Carroll","0","1","Virginia","4/6/20","0","1","51035","1"
"Charles City","0","4","Virginia","4/6/20","1","3","51036","300"
"Charlotte","0","1","Virginia","4/6/20","0","1","51037","1"
"Charlottesville","1","22","Virginia","4/6/20","13","9","51540","69.23"
"Chesapeake","8","77","Virginia","4/6/20","18","59","51550","327.78"
"Chesterfield","12","108","Virginia","4/6/20","21","87","51041","414.29"
"Clarke","0","2","Virginia","4/6/20","0","2","51043","1"
"Covington","0","1","Virginia","4/6/20","0","1","51580","1"
"Culpeper","1","8","Virginia","4/6/20","3","5","51047","166.67"
"Cumberland","0","2","Virginia","4/6/20","0","2","51049","1"
"Danville","1","13","Virginia","4/6/20","4","9","51590","225"
"Emporia","0","2","Virginia","4/6/20","0","2","51595","1"
"Fairfax","38","488","Virginia","4/6/20","224","264","51059","117.86"
"Fairfax City","0","0","Virginia","4/6/20","1","-1","51600","-100"
"Fauquier","1","11","Virginia","4/6/20","6","5","51061","83.33"
"Fluvanna","1","9","Virginia","4/6/20","3","6","51065","200"
"Franklin","1","10","Virginia","4/6/20","5","5","51067","100"
"Franklin City","1","4","Virginia","4/6/20","0","4","51620","1"
"Frederick","3","31","Virginia","4/6/20","10","21","51069","210"
"Fredericksburg","1","7","Virginia","4/6/20","1","6","51630","600"
"Galax","0","1","Virginia","4/6/20","1","0","51640","0"
"Giles","0","1","Virginia","4/6/20","0","1","51071","1"
"Gloucester","1","12","Virginia","4/6/20","7","5","51073","71.43"
"Goochland","2","17","Virginia","4/6/20","6","11","51075","183.33"
"Greene","0","4","Virginia","4/6/20","1","3","51079","300"
"Greensville","0","4","Virginia","4/6/20","3","1","51081","33.33"
"Halifax","0","2","Virginia","4/6/20","1","1","51083","100"
"Hampton","5","41","Virginia","4/6/20","9","32","51650","355.56"
"Hanover","1","13","Virginia","4/6/20","5","8","51085","160"
"Harrisonburg","3","27","Virginia","4/6/20","6","21","51660","350"
"Henrico","23","207","Virginia","4/6/20","44","163","51087","370.45"
"Henry","0","3","Virginia","4/6/20","1","2","51089","200"
"Hopewell","1","10","Virginia","4/6/20","3","7","51670","233.33"
"Isle of Wight","3","22","Virginia","4/6/20","3","19","51093","633.33"
"James City","6","118","Virginia","4/6/20","73","45","51095","61.64"
"King and Queen","0","1","Virginia","4/6/20","0","1","51097","1"
"King George","1","10","Virginia","4/6/20","3","7","51099","233.33"
"King William","0","2","Virginia","4/6/20","1","1","51101","100"
"Lancaster","0","1","Virginia","4/6/20","1","0","51103","0"
"Lee","0","2","Virginia","4/6/20","2","0","51105","0"
"Lexington","0","3","Virginia","4/6/20","0","3","51678","1"
"Loudoun","18","188","Virginia","4/6/20","61","127","51107","208.2"
"Louisa","1","14","Virginia","4/6/20","8","6","51109","75"
"Lynchburg","1","11","Virginia","4/6/20","4","7","51680","175"
"Madison","0","4","Virginia","4/6/20","3","1","51113","33.33"
"Manassas","1","17","Virginia","4/6/20","7","10","51683","142.86"
"Manassas Park","0","4","Virginia","4/6/20","1","3","51685","300"
"Mathews","0","2","Virginia","4/6/20","2","0","51115","0"
"Mecklenburg","1","12","Virginia","4/6/20","4","8","51117","200"
"Montgomery","1","7","Virginia","4/6/20","1","6","51121","600"
"Nelson","0","2","Virginia","4/6/20","2","0","51125","0"
"New Kent","2","12","Virginia","4/6/20","1","11","51127","1100"
"Newport News","5","54","Virginia","4/6/20","18","36","51700","200"
"Norfolk","6","60","Virginia","4/6/20","17","43","51710","252.94"
"Northampton","0","2","Virginia","4/6/20","1","1","51131","100"
"Northumberland","0","3","Virginia","4/6/20","2","1","51133","50"
"Nottoway","0","1","Virginia","4/6/20","1","0","51135","0"
"Orange","1","5","Virginia","4/6/20","1","4","51137","400"
"Page","0","2","Virginia","4/6/20","0","2","51139","1"
"Petersburg","1","10","Virginia","4/6/20","2","8","51730","400"
"Pittsylvania","0","3","Virginia","4/6/20","1","2","51143","200"
"Poquoson","0","3","Virginia","4/6/20","2","1","51735","50"
"Portsmouth","3","27","Virginia","4/6/20","4","23","51740","575"
"Powhatan","0","4","Virginia","4/6/20","3","1","51145","33.33"
"Prince Edward","0","3","Virginia","4/6/20","2","1","51147","50"
"Prince George","2","18","Virginia","4/6/20","5","13","51149","260"
"Prince William","16","193","Virginia","4/6/20","79","114","51153","144.3"
"Pulaski","0","1","Virginia","4/6/20","0","1","51155","1"
"Radford","0","1","Virginia","4/6/20","1","0","51750","0"
"Richmond","0","1","Virginia","4/6/20","0","1","51159","1"
"Richmond City","11","105","Virginia","4/6/20","25","80","51760","320"
"Roanoke","0","5","Virginia","4/6/20","2","3","51161","150"
"Roanoke City","1","11","Virginia","4/6/20","6","5","51770","83.33"
"Rockbridge","0","3","Virginia","4/6/20","2","1","51163","50"
"Rockingham","1","15","Virginia","4/6/20","5","10","51165","200"
"Russell","0","1","Virginia","4/6/20","0","1","51167","1"
"Salem","0","1","Virginia","4/6/20","0","1","51775","1"
"Shenandoah","1","13","Virginia","4/6/20","6","7","51171","116.67"
"Smyth","0","2","Virginia","4/6/20","1","1","51173","100"
"Southampton","1","5","Virginia","4/6/20","1","4","51175","400"
"Spotsylvania","3","26","Virginia","4/6/20","6","20","51177","333.33"
"Stafford","3","43","Virginia","4/6/20","20","23","51179","115"
"Staunton","0","1","Virginia","4/6/20","0","1","51790","1"
"Suffolk","4","28","Virginia","4/6/20","3","25","51800","833.33"
"Surry","0","3","Virginia","4/6/20","0","3","51181","1"
"Sussex","1","4","Virginia","4/6/20","0","4","51183","1"
"Tazewell","0","3","Virginia","4/6/20","2","1","51185","50"
"Virginia Beach","18","178","Virginia","4/6/20","52","126","51810","242.31"
"Warren","0","5","Virginia","4/6/20","2","3","51187","150"
"Washington","0","5","Virginia","4/6/20","2","3","51191","150"
"Waynesboro","0","3","Virginia","4/6/20","0","3","51820","1"
"Westmoreland","0","3","Virginia","4/6/20","0","3","51193","1"
"Williamsburg","1","13","Virginia","4/6/20","7","6","51830","85.71"
"Winchester","1","13","Virginia","4/6/20","3","10","51840","333.33"
"Wise","0","1","Virginia","4/6/20","0","1","51195","1"
"Wythe","0","3","Virginia","4/6/20","1","2","51197","200"
"York","1","21","Virginia","4/6/20","11","10","51199","90.91"
"Adams","3","26","Washington","4/6/20","7","19","53001","271.43"
"Asotin","0","3","Washington","4/6/20","0","3","53003","1"
"Benton","10","175","Washington","4/6/20","102","73","53005","71.57"
"Chelan","2","29","Washington","4/6/20","14","15","53007","107.14"
"Clallam","0","8","Washington","4/6/20","6","2","53009","33.33"
"Clark","11","168","Washington","4/6/20","90","78","53011","86.67"
"Columbia","0","1","Washington","4/6/20","1","0","53013","0"
"Cowlitz","1","18","Washington","4/6/20","14","4","53015","28.57"
"Douglas","1","10","Washington","4/6/20","5","5","53017","100"
"Ferry","0","1","Washington","4/6/20","1","0","53019","0"
"Franklin","4","64","Washington","4/6/20","37","27","53021","72.97"
"Grant","4","88","Washington","4/6/20","59","29","53025","49.15"
"Grays Harbor","1","6","Washington","4/6/20","1","5","53027","500"
"Island","5","141","Washington","4/6/20","105","36","53029","34.29"
"Jefferson","1","22","Washington","4/6/20","14","8","53031","57.14"
"King","167","3331","Washington","4/6/20","2161","1170","53033","54.14"
"Kitsap","7","104","Washington","4/6/20","56","48","53035","85.71"
"Kittitas","0","12","Washington","4/6/20","9","3","53037","33.33"
"Klickitat","0","11","Washington","4/6/20","8","3","53039","37.5"
"Lewis","1","16","Washington","4/6/20","10","6","53041","60"
"Lincoln","0","1","Washington","4/6/20","1","0","53043","0"
"Mason","2","15","Washington","4/6/20","2","13","53045","650"
"Okanogan","1","9","Washington","4/6/20","3","6","53047","200"
"Pend Oreille","0","1","Washington","4/6/20","0","1","53051","1"
"Pierce","57","717","Washington","4/6/20","317","400","53053","126.18"
"San Juan","1","9","Washington","4/6/20","4","5","53055","125"
"Skagit","9","161","Washington","4/6/20","101","60","53057","59.41"
"Skamania","0","2","Washington","4/6/20","1","1","53059","100"
"Snohomish","76","1603","Washington","4/6/20","1068","535","53061","50.09"
"Spokane","12","222","Washington","4/6/20","136","86","53063","63.24"
"Stevens","0","5","Washington","4/6/20","3","2","53065","66.67"
"Thurston","4","67","Washington","4/6/20","36","31","53067","86.11"
"Wahkiakum","0","2","Washington","4/6/20","0","2","53069","1"
"Walla Walla","1","12","Washington","4/6/20","6","6","53071","100"
"Whatcom","16","228","Washington","4/6/20","116","112","53073","96.55"
"Whitman","1","12","Washington","4/6/20","8","4","53075","50"
"Yakima","31","363","Washington","4/6/20","147","216","53077","146.94"
"Barbour","0","2","West Virginia","4/6/20","0","2","54001","1"
"Berkeley","6","54","West Virginia","4/6/20","14","40","54003","285.71"
"Cabell","1","7","West Virginia","4/6/20","1","6","54011","600"
"Greenbrier","0","3","West Virginia","4/6/20","3","0","54025","0"
"Hancock","0","6","West Virginia","4/6/20","3","3","54029","100"
"Hardy","0","2","West Virginia","4/6/20","0","2","54031","1"
"Harrison","2","25","West Virginia","4/6/20","10","15","54033","150"
"Jackson","1","16","West Virginia","4/6/20","8","8","54035","100"
"Jefferson","2","22","West Virginia","4/6/20","6","16","54037","266.67"
"Kanawha","5","56","West Virginia","4/6/20","23","33","54039","143.48"
"Lewis","0","1","West Virginia","4/6/20","0","1","54041","1"
"Logan","1","6","West Virginia","4/6/20","2","4","54045","200"
"Marion","2","17","West Virginia","4/6/20","5","12","54049","240"
"Marshall","0","5","West Virginia","4/6/20","4","1","54051","25"
"Mason","0","4","West Virginia","4/6/20","3","1","54053","33.33"
"Mercer","0","4","West Virginia","4/6/20","2","2","54055","100"
"Mineral","0","2","West Virginia","4/6/20","0","2","54057","1"
"Monongalia","3","53","West Virginia","4/6/20","31","22","54061","70.97"
"Morgan","0","3","West Virginia","4/6/20","1","2","54065","200"
"Ohio","1","15","West Virginia","4/6/20","9","6","54069","66.67"
"Pendleton","0","1","West Virginia","4/6/20","0","1","54071","1"
"Pleasants","0","1","West Virginia","4/6/20","1","0","54073","0"
"Preston","0","4","West Virginia","4/6/20","2","2","54077","100"
"Putnam","1","8","West Virginia","4/6/20","4","4","54079","100"
"Raleigh","0","4","West Virginia","4/6/20","3","1","54081","33.33"
"Randolph","0","3","West Virginia","4/6/20","1","2","54083","200"
"Roane","0","2","West Virginia","4/6/20","2","0","54087","0"
"Taylor","0","1","West Virginia","4/6/20","0","1","54091","1"
"Tucker","0","3","West Virginia","4/6/20","2","1","54093","50"
"Upshur","0","1","West Virginia","4/6/20","1","0","54097","0"
"Wetzel","0","2","West Virginia","4/6/20","1","1","54103","100"
"Wirt","0","1","West Virginia","4/6/20","1","0","54105","0"
"Wood","1","11","West Virginia","4/6/20","2","9","54107","450"
"Adams","0","2","Wisconsin","4/6/20","0","2","55001","1"
"Ashland","0","1","Wisconsin","4/6/20","0","1","55003","1"
"Barron","1","4","Wisconsin","4/6/20","0","4","55005","1"
"Bayfield","0","3","Wisconsin","4/6/20","2","1","55007","50"
"Brown","5","39","Wisconsin","4/6/20","7","32","55009","457.14"
"Buffalo","0","2","Wisconsin","4/6/20","0","2","55011","1"
"Calumet","0","4","Wisconsin","4/6/20","1","3","55015","300"
"Chippewa","1","16","Wisconsin","4/6/20","7","9","55017","128.57"
"Clark","1","7","Wisconsin","4/6/20","3","4","55019","133.33"
"Columbia","2","21","Wisconsin","4/6/20","9","12","55021","133.33"
"Crawford","0","2","Wisconsin","4/6/20","0","2","55023","1"
"Dane","14","287","Wisconsin","4/6/20","192","95","55025","49.48"
"Dodge","1","15","Wisconsin","4/6/20","8","7","55027","87.5"
"Door","1","4","Wisconsin","4/6/20","0","4","55029","1"
"Douglas","0","7","Wisconsin","4/6/20","6","1","55031","16.67"
"Dunn","0","5","Wisconsin","4/6/20","3","2","55033","66.67"
"Eau Claire","2","21","Wisconsin","4/6/20","10","11","55035","110"
"Florence","0","2","Wisconsin","4/6/20","0","2","55037","1"
"Fond du Lac","3","43","Wisconsin","4/6/20","21","22","55039","104.76"
"Grant","0","3","Wisconsin","4/6/20","1","2","55043","200"
"Green","1","9","Wisconsin","4/6/20","5","4","55045","80"
"Iowa","0","3","Wisconsin","4/6/20","3","0","55049","0"
"Iron","0","1","Wisconsin","4/6/20","1","0","55051","0"
"Jackson","0","4","Wisconsin","4/6/20","2","2","55053","100"
"Jefferson","1","14","Wisconsin","4/6/20","10","4","55055","40"
"Juneau","0","5","Wisconsin","4/6/20","3","2","55057","66.67"
"Kenosha","11","104","Wisconsin","4/6/20","30","74","55059","246.67"
"Kewaunee","0","1","Wisconsin","4/6/20","0","1","55061","1"
"La Crosse","1","22","Wisconsin","4/6/20","16","6","55063","37.5"
"Manitowoc","0","3","Wisconsin","4/6/20","0","3","55071","1"
"Marathon","1","12","Wisconsin","4/6/20","2","10","55073","500"
"Marinette","0","3","Wisconsin","4/6/20","1","2","55075","200"
"Marquette","0","2","Wisconsin","4/6/20","2","0","55077","0"
"Menominee","0","1","Wisconsin","4/6/20","0","1","55078","1"
"Milwaukee","91","1256","Wisconsin","4/6/20","617","639","55079","103.57"
"Monroe","1","7","Wisconsin","4/6/20","1","6","55081","600"
"Oconto","0","1","Wisconsin","4/6/20","0","1","55083","1"
"Oneida","0","3","Wisconsin","4/6/20","3","0","55085","0"
"Outagamie","2","22","Wisconsin","4/6/20","9","13","55087","144.44"
"Ozaukee","4","62","Wisconsin","4/6/20","36","26","55089","72.22"
"Pierce","0","7","Wisconsin","4/6/20","6","1","55093","16.67"
"Portage","0","3","Wisconsin","4/6/20","1","2","55097","200"
"Racine","5","57","Wisconsin","4/6/20","21","36","55101","171.43"
"Richland","0","3","Wisconsin","4/6/20","2","1","55103","50"
"Rock","3","34","Wisconsin","4/6/20","15","19","55105","126.67"
"Rusk","0","3","Wisconsin","4/6/20","0","3","55107","1"
"Sauk","1","18","Wisconsin","4/6/20","13","5","55111","38.46"
"Shawano","0","2","Wisconsin","4/6/20","0","2","55115","1"
"Sheboygan","2","21","Wisconsin","4/6/20","8","13","55117","162.5"
"St. Croix","0","7","Wisconsin","4/6/20","4","3","55109","75"
"Trempealeau","0","1","Wisconsin","4/6/20","0","1","55121","1"
"Vilas","0","4","Wisconsin","4/6/20","3","1","55125","33.33"
"Walworth","2","20","Wisconsin","4/6/20","6","14","55127","233.33"
"Washington","3","57","Wisconsin","4/6/20","34","23","55131","67.65"
"Waukesha","10","160","Wisconsin","4/6/20","93","67","55133","72.04"
"Waupaca","0","2","Wisconsin","4/6/20","1","1","55135","100"
"Waushara","0","1","Wisconsin","4/6/20","0","1","55137","1"
"Winnebago","2","24","Wisconsin","4/6/20","10","14","55139","140"
"Wood","0","2","Wisconsin","4/6/20","2","0","55141","0"
"Albany","0","4","Wyoming","4/6/20","1","3","56001","300"
"Campbell","1","9","Wyoming","4/6/20","1","8","56005","800"
"Carbon","0","4","Wyoming","4/6/20","3","1","56007","33.33"
"Converse","0","4","Wyoming","4/6/20","1","3","56009","300"
"Crook","0","1","Wyoming","4/6/20","0","1","56011","1"
"Fremont","2","38","Wyoming","4/6/20","24","14","56013","58.33"
"Goshen","0","3","Wyoming","4/6/20","1","2","56015","200"
"Johnson","0","8","Wyoming","4/6/20","5","3","56019","60"
"Laramie","3","44","Wyoming","4/6/20","20","24","56021","120"
"Lincoln","1","4","Wyoming","4/6/20","0","4","56023","1"
"Natrona","2","25","Wyoming","4/6/20","10","15","56025","150"
"Park","0","1","Wyoming","4/6/20","1","0","56029","0"
"Sheridan","1","12","Wyoming","4/6/20","8","4","56033","50"
"Sublette","0","1","Wyoming","4/6/20","1","0","56035","0"
"Sweetwater","1","5","Wyoming","4/6/20","1","4","56037","400"
"Teton","3","40","Wyoming","4/6/20","16","24","56039","150"
"Uinta","0","3","Wyoming","4/6/20","0","3","56041","1"
"Washakie","0","4","Wyoming","4/6/20","1","3","56043","300"
