"Locality","DailyAvgNewCasesPast7Days","TotalCases","State","Date","TotalCases7DaysAgo","NewCasesPast7Days","FIPS-Code","PercentIncreaseTotalCasesPast7Days"
"Autauga","1","8","Alabama","4/1/20","4","4","01001","100"
"Baldwin","2","20","Alabama","4/1/20","4","16","01003","400"
"Bibb","0","3","Alabama","4/1/20","0","3","01007","1"
"Blount","1","5","Alabama","4/1/20","1","4","01009","400"
"Bullock","0","3","Alabama","4/1/20","0","3","01011","1"
"Butler","0","1","Alabama","4/1/20","1","0","01013","0"
"Calhoun","1","11","Alabama","4/1/20","2","9","01015","450"
"Chambers","5","42","Alabama","4/1/20","10","32","01017","320"
"Cherokee","0","2","Alabama","4/1/20","1","1","01019","100"
"Chilton","2","13","Alabama","4/1/20","1","12","01021","1200"
"Choctaw","1","4","Alabama","4/1/20","0","4","01023","1"
"Clay","0","2","Alabama","4/1/20","1","1","01027","100"
"Cleburne","1","6","Alabama","4/1/20","1","5","01029","500"
"Colbert","0","4","Alabama","4/1/20","1","3","01033","300"
"Coosa","1","4","Alabama","4/1/20","0","4","01037","1"
"Covington","0","3","Alabama","4/1/20","0","3","01039","1"
"Crenshaw","0","1","Alabama","4/1/20","0","1","01041","1"
"Cullman","1","9","Alabama","4/1/20","4","5","01043","125"
"Dallas","0","2","Alabama","4/1/20","2","0","01047","0"
"DeKalb","1","5","Alabama","4/1/20","0","5","01049","1"
"Elmore","1","14","Alabama","4/1/20","9","5","01051","55.56"
"Escambia","0","1","Alabama","4/1/20","0","1","01053","1"
"Etowah","1","10","Alabama","4/1/20","0","10","01055","1"
"Fayette","0","1","Alabama","4/1/20","0","1","01057","1"
"Franklin","0","3","Alabama","4/1/20","2","1","01059","50"
"Greene","1","4","Alabama","4/1/20","0","4","01063","1"
"Hale","0","1","Alabama","4/1/20","0","1","01065","1"
"Houston","1","8","Alabama","4/1/20","2","6","01069","300"
"Jackson","1","8","Alabama","4/1/20","2","6","01071","300"
"Jefferson","23","292","Alabama","4/1/20","129","163","01073","126.36"
"Lamar","0","1","Alabama","4/1/20","1","0","01075","0"
"Lauderdale","1","12","Alabama","4/1/20","6","6","01077","100"
"Lawrence","0","3","Alabama","4/1/20","0","3","01079","1"
"Lee","6","81","Alabama","4/1/20","40","41","01081","102.5"
"Limestone","2","23","Alabama","4/1/20","6","17","01083","283.33"
"Lowndes","0","1","Alabama","4/1/20","0","1","01085","1"
"Macon","0","1","Alabama","4/1/20","0","1","01087","1"
"Madison","10","105","Alabama","4/1/20","35","70","01089","200"
"Marengo","1","4","Alabama","4/1/20","0","4","01091","1"
"Marion","1","9","Alabama","4/1/20","3","6","01093","200"
"Marshall","1","6","Alabama","4/1/20","1","5","01095","500"
"Mobile","7","56","Alabama","4/1/20","10","46","01097","460"
"Monroe","0","1","Alabama","4/1/20","0","1","01099","1"
"Montgomery","3","35","Alabama","4/1/20","13","22","01101","169.23"
"Morgan","2","19","Alabama","4/1/20","5","14","01103","280"
"Pickens","0","4","Alabama","4/1/20","1","3","01107","300"
"Pike","1","5","Alabama","4/1/20","1","4","01109","400"
"Randolph","1","5","Alabama","4/1/20","0","5","01111","1"
"Russell","0","1","Alabama","4/1/20","1","0","01113","0"
"Shelby","7","88","Alabama","4/1/20","42","46","01117","109.52"
"St. Clair","2","18","Alabama","4/1/20","6","12","01115","200"
"Sumter","0","2","Alabama","4/1/20","0","2","01119","1"
"Talladega","1","7","Alabama","4/1/20","3","4","01121","133.33"
"Tallapoosa","1","13","Alabama","4/1/20","4","9","01123","225"
"Tuscaloosa","2","30","Alabama","4/1/20","15","15","01125","100"
"Walker","3","32","Alabama","4/1/20","9","23","01127","255.56"
"Washington","0","3","Alabama","4/1/20","1","2","01129","200"
"Wilcox","0","3","Alabama","4/1/20","1","2","01131","200"
"Winston","0","2","Alabama","4/1/20","0","2","01133","1"
"Anchorage","7","65","Alaska","4/1/20","17","48","02020","282.35"
"Fairbanks North Star","4","35","Alaska","4/1/20","10","25","02090","250"
"Juneau","1","9","Alaska","4/1/20","2","7","02110","350"
"Kenai Peninsula","0","7","Alaska","4/1/20","4","3","02122","75"
"Ketchikan Gateway","1","13","Alaska","4/1/20","8","5","02130","62.5"
"Matanuska-Susitna","0","3","Alaska","4/1/20","0","3","02170","1"
"Apache","1","17","Arizona","4/1/20","7","10","04001","142.86"
"Cochise","0","4","Arizona","4/1/20","1","3","04003","300"
"Coconino","9","85","Arizona","4/1/20","23","62","04005","269.57"
"Gila","0","1","Arizona","4/1/20","0","1","04007","1"
"Graham","0","2","Arizona","4/1/20","2","0","04009","0"
"Greenlee","0","1","Arizona","4/1/20","0","1","04011","1"
"La Paz","0","2","Arizona","4/1/20","0","2","04012","1"
"Maricopa","89","871","Arizona","4/1/20","251","620","04013","247.01"
"Mohave","1","7","Arizona","4/1/20","0","7","04015","1"
"Navajo","9","102","Arizona","4/1/20","37","65","04017","175.68"
"Pima","24","217","Arizona","4/1/20","49","168","04019","342.86"
"Pinal","6","65","Arizona","4/1/20","23","42","04021","182.61"
"Santa Cruz","0","3","Arizona","4/1/20","1","2","04023","200"
"Yavapai","3","24","Arizona","4/1/20","4","20","04025","500"
"Yuma","1","12","Arizona","4/1/20","3","9","04027","300"
"Arkansas","0","1","Arkansas","4/1/20","0","1","05001","1"
"Ashley","0","1","Arkansas","4/1/20","0","1","05003","1"
"Baxter","0","1","Arkansas","4/1/20","0","1","05005","1"
"Benton","5","39","Arkansas","4/1/20","1","38","05007","3800"
"Boone","0","1","Arkansas","4/1/20","1","0","05009","0"
"Bradley","0","4","Arkansas","4/1/20","4","0","05011","0"
"Chicot","0","2","Arkansas","4/1/20","0","2","05017","1"
"Clark","2","24","Arkansas","4/1/20","12","12","05019","100"
"Cleburne","3","62","Arkansas","4/1/20","40","22","05023","55"
"Cleveland","0","5","Arkansas","4/1/20","3","2","05025","66.67"
"Columbia","0","1","Arkansas","4/1/20","1","0","05027","0"
"Conway","0","1","Arkansas","4/1/20","1","0","05029","0"
"Craighead","1","11","Arkansas","4/1/20","4","7","05031","175"
"Crawford","0","1","Arkansas","4/1/20","1","0","05033","0"
"Crittenden","3","29","Arkansas","4/1/20","6","23","05035","383.33"
"Cross","0","1","Arkansas","4/1/20","1","0","05037","0"
"Desha","0","2","Arkansas","4/1/20","2","0","05041","0"
"Drew","0","1","Arkansas","4/1/20","0","1","05043","1"
"Faulkner","2","36","Arkansas","4/1/20","23","13","05045","56.52"
"Garland","2","32","Arkansas","4/1/20","16","16","05051","100"
"Grant","0","3","Arkansas","4/1/20","3","0","05053","0"
"Greene","0","1","Arkansas","4/1/20","1","0","05055","0"
"Hempstead","0","1","Arkansas","4/1/20","1","0","05057","0"
"Hot Spring","0","1","Arkansas","4/1/20","1","0","05059","0"
"Howard","0","1","Arkansas","4/1/20","0","1","05061","1"
"Independence","0","3","Arkansas","4/1/20","3","0","05063","0"
"Jefferson","3","42","Arkansas","4/1/20","22","20","05069","90.91"
"Johnson","0","1","Arkansas","4/1/20","0","1","05071","1"
"Lawrence","0","1","Arkansas","4/1/20","0","1","05075","1"
"Lincoln","1","6","Arkansas","4/1/20","2","4","05079","200"
"Lonoke","1","6","Arkansas","4/1/20","0","6","05085","1"
"Miller","0","1","Arkansas","4/1/20","0","1","05091","1"
"Nevada","0","1","Arkansas","4/1/20","0","1","05099","1"
"Newton","0","1","Arkansas","4/1/20","0","1","05101","1"
"Perry","0","1","Arkansas","4/1/20","0","1","05105","1"
"Pike","0","1","Arkansas","4/1/20","1","0","05109","0"
"Poinsett","0","5","Arkansas","4/1/20","3","2","05111","66.67"
"Polk","0","1","Arkansas","4/1/20","1","0","05113","0"
"Pope","1","6","Arkansas","4/1/20","1","5","05115","500"
"Pulaski","4","107","Arkansas","4/1/20","78","29","05119","37.18"
"Randolph","0","1","Arkansas","4/1/20","0","1","05121","1"
"Saline","1","13","Arkansas","4/1/20","4","9","05125","225"
"Scott","0","1","Arkansas","4/1/20","0","1","05127","1"
"Searcy","0","2","Arkansas","4/1/20","2","0","05129","0"
"Sebastian","1","8","Arkansas","4/1/20","2","6","05131","300"
"Sevier","0","1","Arkansas","4/1/20","1","0","05133","0"
"St. Francis","0","1","Arkansas","4/1/20","0","1","05123","1"
"Stone","1","5","Arkansas","4/1/20","1","4","05137","400"
"Union","1","9","Arkansas","4/1/20","1","8","05139","800"
"Van Buren","2","20","Arkansas","4/1/20","8","12","05141","150"
"Washington","2","22","Arkansas","4/1/20","6","16","05143","266.67"
"White","1","11","Arkansas","4/1/20","1","10","05145","1000"
"Woodruff","0","1","Arkansas","4/1/20","1","0","05147","0"
"Alameda","25","313","California","4/1/20","135","178","06001","131.85"
"Alpine","0","1","California","4/1/20","0","1","06003","1"
"Amador","0","2","California","4/1/20","2","0","06005","0"
"Butte","1","8","California","4/1/20","4","4","06007","100"
"Calaveras","0","3","California","4/1/20","2","1","06009","50"
"Colusa","0","1","California","4/1/20","0","1","06011","1"
"Contra Costa","20","249","California","4/1/20","108","141","06013","130.56"
"El Dorado","2","18","California","4/1/20","3","15","06017","500"
"Fresno","7","68","California","4/1/20","18","50","06019","277.78"
"Glenn","0","2","California","4/1/20","0","2","06021","1"
"Humboldt","3","27","California","4/1/20","5","22","06023","440"
"Imperial","4","38","California","4/1/20","9","29","06025","322.22"
"Inyo","1","9","California","4/1/20","1","8","06027","800"
"Kern","14","110","California","4/1/20","15","95","06029","633.33"
"Kings","1","4","California","4/1/20","0","4","06031","1"
"Los Angeles","387","3518","California","4/1/20","812","2706","06037","333.25"
"Madera","2","23","California","4/1/20","6","17","06039","283.33"
"Marin","8","107","California","4/1/20","53","54","06041","101.89"
"Mendocino","0","4","California","4/1/20","2","2","06045","100"
"Merced","1","10","California","4/1/20","2","8","06047","400"
"Mono","1","13","California","4/1/20","4","9","06051","225"
"Monterey","3","42","California","4/1/20","24","18","06053","75"
"Napa","2","15","California","4/1/20","2","13","06055","650"
"Nevada","3","26","California","4/1/20","4","22","06057","550"
"Orange","60","606","California","4/1/20","187","419","06059","224.06"
"Placer","7","78","California","4/1/20","30","48","06061","160"
"Plumas","0","1","California","4/1/20","0","1","06063","1"
"Riverside","43","371","California","4/1/20","68","303","06065","445.59"
"Sacramento","16","224","California","4/1/20","113","111","06067","98.23"
"San Benito","2","21","California","4/1/20","7","14","06069","200"
"San Bernardino","21","183","California","4/1/20","38","145","06071","381.58"
"San Diego","71","733","California","4/1/20","238","495","06073","207.98"
"San Francisco","37","434","California","4/1/20","178","256","06075","143.82"
"San Joaquin","12","151","California","4/1/20","68","83","06077","122.06"
"San Luis Obispo","5","80","California","4/1/20","46","34","06079","73.91"
"San Mateo","32","388","California","4/1/20","165","223","06081","135.15"
"Santa Barbara","11","99","California","4/1/20","24","75","06083","312.5"
"Santa Clara","71","956","California","4/1/20","459","497","06085","108.28"
"Santa Cruz","4","49","California","4/1/20","24","25","06087","104.17"
"Shasta","1","7","California","4/1/20","3","4","06089","133.33"
"Siskiyou","0","3","California","4/1/20","3","0","06093","0"
"Solano","4","49","California","4/1/20","24","25","06095","104.17"
"Sonoma","6","78","California","4/1/20","34","44","06097","129.41"
"Stanislaus","4","39","California","4/1/20","12","27","06099","225"
"Sutter","1","10","California","4/1/20","0","10","06101","1"
"Tulare","4","45","California","4/1/20","17","28","06107","164.71"
"Tuolumne","0","2","California","4/1/20","0","2","06109","1"
"Ventura","16","149","California","4/1/20","39","110","06111","282.05"
"Yolo","2","25","California","4/1/20","10","15","06113","150"
"Yuba","1","7","California","4/1/20","0","7","06115","1"
"Adams","25","212","Colorado","4/1/20","38","174","08001","457.89"
"Alamosa","1","4","Colorado","4/1/20","0","4","08003","1"
"Arapahoe","42","381","Colorado","4/1/20","88","293","08005","332.95"
"Archuleta","0","1","Colorado","4/1/20","0","1","08007","1"
"Baca","0","3","Colorado","4/1/20","0","3","08009","1"
"Boulder","9","114","Colorado","4/1/20","51","63","08013","123.53"
"Broomfield","2","21","Colorado","4/1/20","8","13","08014","162.5"
"Chaffee","2","17","Colorado","4/1/20","3","14","08015","466.67"
"Clear Creek","0","6","Colorado","4/1/20","3","3","08019","100"
"Costilla","0","3","Colorado","4/1/20","0","3","08023","1"
"Crowley","0","1","Colorado","4/1/20","1","0","08025","0"
"Delta","0","1","Colorado","4/1/20","1","0","08029","0"
"Denver","53","586","Colorado","4/1/20","214","372","08031","173.83"
"Douglas","14","158","Colorado","4/1/20","58","100","08035","172.41"
"Eagle","25","295","Colorado","4/1/20","120","175","08037","145.83"
"El Paso","27","314","Colorado","4/1/20","122","192","08041","157.38"
"Elbert","0","5","Colorado","4/1/20","3","2","08039","66.67"
"Fremont","0","2","Colorado","4/1/20","1","1","08043","100"
"Garfield","3","34","Colorado","4/1/20","13","21","08045","161.54"
"Grand","0","4","Colorado","4/1/20","2","2","08049","100"
"Gunnison","5","84","Colorado","4/1/20","52","32","08051","61.54"
"Hinsdale","0","1","Colorado","4/1/20","1","0","08053","0"
"Huerfano","0","1","Colorado","4/1/20","1","0","08055","0"
"Jefferson","38","356","Colorado","4/1/20","93","263","08059","282.8"
"Kit Carson","1","4","Colorado","4/1/20","0","4","08063","1"
"La Plata","3","23","Colorado","4/1/20","1","22","08067","2200"
"Lake","0","2","Colorado","4/1/20","0","2","08065","1"
"Larimer","9","107","Colorado","4/1/20","45","62","08069","137.78"
"Lincoln","0","1","Colorado","4/1/20","0","1","08073","1"
"Logan","1","6","Colorado","4/1/20","2","4","08075","200"
"Mesa","1","14","Colorado","4/1/20","6","8","08077","133.33"
"Mineral","0","2","Colorado","4/1/20","0","2","08079","1"
"Moffat","1","4","Colorado","4/1/20","0","4","08081","1"
"Montezuma","0","1","Colorado","4/1/20","0","1","08083","1"
"Montrose","1","13","Colorado","4/1/20","4","9","08085","225"
"Morgan","0","5","Colorado","4/1/20","3","2","08087","66.67"
"Otero","0","3","Colorado","4/1/20","1","2","08089","200"
"Park","0","3","Colorado","4/1/20","1","2","08093","200"
"Phillips","0","1","Colorado","4/1/20","0","1","08095","1"
"Pitkin","2","33","Colorado","4/1/20","21","12","08097","57.14"
"Pueblo","3","22","Colorado","4/1/20","3","19","08101","633.33"
"Rio Grande","1","5","Colorado","4/1/20","0","5","08105","1"
"Routt","2","19","Colorado","4/1/20","6","13","08107","216.67"
"Saguache","0","1","Colorado","4/1/20","0","1","08109","1"
"San Miguel","0","4","Colorado","4/1/20","1","3","08113","300"
"Summit","4","34","Colorado","4/1/20","9","25","08117","277.78"
"Teller","0","7","Colorado","4/1/20","5","2","08119","40"
"Washington","0","1","Colorado","4/1/20","0","1","08121","1"
"Weld","29","293","Colorado","4/1/20","87","206","08123","236.78"
"Yuma","0","2","Colorado","4/1/20","1","1","08125","100"
"Fairfield","206","1986","Connecticut","4/1/20","546","1440","09001","263.74"
"Hartford","50","469","Connecticut","4/1/20","116","353","09003","304.31"
"Litchfield","14","131","Connecticut","4/1/20","33","98","09005","296.97"
"Middlesex","7","66","Connecticut","4/1/20","15","51","09007","340"
"New Haven","69","611","Connecticut","4/1/20","127","484","09009","381.1"
"New London","3","29","Connecticut","4/1/20","9","20","09011","222.22"
"Tolland","5","61","Connecticut","4/1/20","27","34","09013","125.93"
"Windham","2","19","Connecticut","4/1/20","2","17","09015","850"
"Kent","4","41","Delaware","4/1/20","14","27","10001","192.86"
"New Castle","21","226","Delaware","4/1/20","79","147","10003","186.08"
"Sussex","11","101","Delaware","4/1/20","26","75","10005","288.46"
"","0","49","Diamond Princess","4/1/20","49","0",,"0"
"District of Columbia","57","586","District of Columbia","4/1/20","187","399","11001","213.37"
"Alachua","6","90","Florida","4/1/20","45","45","12001","100"
"Baker","1","9","Florida","4/1/20","5","4","12003","80"
"Bay","1","10","Florida","4/1/20","1","9","12005","900"
"Bradford","0","3","Florida","4/1/20","1","2","12007","200"
"Brevard","4","38","Florida","4/1/20","11","27","12009","245.45"
"Broward","125","1232","Florida","4/1/20","355","877","12011","247.04"
"Calhoun","0","1","Florida","4/1/20","0","1","12013","1"
"Charlotte","3","24","Florida","4/1/20","3","21","12015","700"
"Citrus","1","19","Florida","4/1/20","9","10","12017","111.11"
"Clay","5","46","Florida","4/1/20","13","33","12019","253.85"
"Collier","15","150","Florida","4/1/20","47","103","12021","219.15"
"Columbia","0","3","Florida","4/1/20","3","0","12023","0"
"DeSoto","1","7","Florida","4/1/20","1","6","12027","600"
"Duval","23","218","Florida","4/1/20","56","162","12031","289.29"
"Escambia","11","94","Florida","4/1/20","14","80","12033","571.43"
"Flagler","2","20","Florida","4/1/20","5","15","12035","300"
"Gadsden","0","1","Florida","4/1/20","1","0","12039","0"
"Glades","0","3","Florida","4/1/20","0","3","12043","1"
"Gulf","0","1","Florida","4/1/20","0","1","12045","1"
"Hendry","1","4","Florida","4/1/20","0","4","12051","1"
"Hernando","2","24","Florida","4/1/20","8","16","12053","200"
"Highlands","2","17","Florida","4/1/20","4","13","12055","325"
"Hillsborough","29","309","Florida","4/1/20","106","203","12057","191.51"
"Holmes","0","1","Florida","4/1/20","0","1","12059","1"
"Indian River","3","33","Florida","4/1/20","12","21","12061","175"
"Jackson","0","2","Florida","4/1/20","1","1","12063","100"
"Lake","7","67","Florida","4/1/20","18","49","12069","272.22"
"Lee","24","212","Florida","4/1/20","42","170","12071","404.76"
"Leon","3","28","Florida","4/1/20","8","20","12073","250"
"Levy","0","2","Florida","4/1/20","0","2","12075","1"
"Manatee","5","58","Florida","4/1/20","22","36","12081","163.64"
"Marion","3","28","Florida","4/1/20","5","23","12083","460"
"Martin","4","29","Florida","4/1/20","4","25","12085","625"
"Miami-Dade","257","2202","Florida","4/1/20","400","1802","12086","450.5"
"Monroe","3","27","Florida","4/1/20","8","19","12087","237.5"
"Nassau","1","11","Florida","4/1/20","1","10","12089","1000"
"Okaloosa","3","39","Florida","4/1/20","16","23","12091","143.75"
"Orange","45","392","Florida","4/1/20","77","315","12095","409.09"
"Osceola","11","115","Florida","4/1/20","35","80","12097","228.57"
"Palm Beach","64","567","Florida","4/1/20","118","449","12099","380.51"
"Pasco","4","43","Florida","4/1/20","17","26","12101","152.94"
"Pinellas","17","170","Florida","4/1/20","50","120","12103","240"
"Polk","9","76","Florida","4/1/20","14","62","12105","442.86"
"Putnam","1","13","Florida","4/1/20","4","9","12107","225"
"Santa Rosa","5","44","Florida","4/1/20","7","37","12113","528.57"
"Sarasota","8","82","Florida","4/1/20","27","55","12115","203.7"
"Seminole","11","109","Florida","4/1/20","29","80","12117","275.86"
"St. Johns","8","83","Florida","4/1/20","26","57","12109","219.23"
"St. Lucie","5","40","Florida","4/1/20","8","32","12111","400"
"Sumter","6","52","Florida","4/1/20","13","39","12119","300"
"Suwannee","1","4","Florida","4/1/20","0","4","12121","1"
"Union","0","1","Florida","4/1/20","0","1","12125","1"
"Volusia","9","80","Florida","4/1/20","20","60","12127","300"
"Wakulla","0","1","Florida","4/1/20","0","1","12129","1"
"Walton","1","18","Florida","4/1/20","12","6","12131","50"
"Washington","0","1","Florida","4/1/20","0","1","12133","1"
"Appling","0","1","Georgia","4/1/20","1","0","13001","0"
"Bacon","1","6","Georgia","4/1/20","0","6","13005","1"
"Baker","0","4","Georgia","4/1/20","3","1","13007","33.33"
"Baldwin","1","6","Georgia","4/1/20","2","4","13009","200"
"Banks","0","3","Georgia","4/1/20","0","3","13011","1"
"Barrow","3","20","Georgia","4/1/20","2","18","13013","900"
"Bartow","9","144","Georgia","4/1/20","78","66","13015","84.62"
"Ben Hill","0","3","Georgia","4/1/20","1","2","13017","200"
"Berrien","0","2","Georgia","4/1/20","0","2","13019","1"
"Bibb","2","22","Georgia","4/1/20","6","16","13021","266.67"
"Bleckley","0","1","Georgia","4/1/20","0","1","13023","1"
"Brooks","0","2","Georgia","4/1/20","0","2","13027","1"
"Bryan","1","8","Georgia","4/1/20","2","6","13029","300"
"Bulloch","0","2","Georgia","4/1/20","0","2","13031","1"
"Burke","1","8","Georgia","4/1/20","1","7","13033","700"
"Butts","1","8","Georgia","4/1/20","2","6","13035","300"
"Calhoun","1","10","Georgia","4/1/20","0","10","13037","1"
"Camden","0","4","Georgia","4/1/20","1","3","13039","300"
"Candler","0","1","Georgia","4/1/20","0","1","13043","1"
"Carroll","15","131","Georgia","4/1/20","27","104","13045","385.19"
"Catoosa","0","4","Georgia","4/1/20","1","3","13047","300"
"Charlton","0","1","Georgia","4/1/20","1","0","13049","0"
"Chatham","4","36","Georgia","4/1/20","7","29","13051","414.29"
"Chattahoochee","0","2","Georgia","4/1/20","0","2","13053","1"
"Chattooga","0","3","Georgia","4/1/20","1","2","13055","200"
"Cherokee","7","83","Georgia","4/1/20","31","52","13057","167.74"
"Clarke","5","51","Georgia","4/1/20","19","32","13059","168.42"
"Clay","1","5","Georgia","4/1/20","0","5","13061","1"
"Clayton","14","122","Georgia","4/1/20","22","100","13063","454.55"
"Clinch","0","1","Georgia","4/1/20","1","0","13065","0"
"Cobb","27","293","Georgia","4/1/20","101","192","13067","190.1"
"Coffee","1","9","Georgia","4/1/20","2","7","13069","350"
"Colquitt","3","20","Georgia","4/1/20","2","18","13071","900"
"Columbia","3","24","Georgia","4/1/20","6","18","13073","300"
"Cook","0","1","Georgia","4/1/20","0","1","13075","1"
"Coweta","5","42","Georgia","4/1/20","10","32","13077","320"
"Crisp","2","17","Georgia","4/1/20","3","14","13081","466.67"
"Dade","0","1","Georgia","4/1/20","0","1","13083","1"
"Dawson","1","11","Georgia","4/1/20","1","10","13085","1000"
"Decatur","1","8","Georgia","4/1/20","1","7","13087","700"
"DeKalb","36","365","Georgia","4/1/20","116","249","13089","214.66"
"Dodge","0","3","Georgia","4/1/20","1","2","13091","200"
"Dooly","1","10","Georgia","4/1/20","0","10","13093","1"
"Dougherty","53","480","Georgia","4/1/20","109","371","13095","340.37"
"Douglas","5","55","Georgia","4/1/20","17","38","13097","223.53"
"Early","4","34","Georgia","4/1/20","5","29","13099","580"
"Effingham","0","5","Georgia","4/1/20","3","2","13103","66.67"
"Emanuel","0","1","Georgia","4/1/20","0","1","13107","1"
"Fannin","1","5","Georgia","4/1/20","1","4","13111","400"
"Fayette","5","48","Georgia","4/1/20","12","36","13113","300"
"Floyd","7","60","Georgia","4/1/20","14","46","13115","328.57"
"Forsyth","6","48","Georgia","4/1/20","9","39","13117","433.33"
"Franklin","1","5","Georgia","4/1/20","0","5","13119","1"
"Fulton","61","624","Georgia","4/1/20","198","426","13121","215.15"
"Gilmer","0","1","Georgia","4/1/20","0","1","13123","1"
"Glynn","2","18","Georgia","4/1/20","5","13","13127","260"
"Gordon","1","18","Georgia","4/1/20","8","10","13129","125"
"Grady","0","1","Georgia","4/1/20","0","1","13131","1"
"Greene","1","8","Georgia","4/1/20","2","6","13133","300"
"Gwinnett","29","250","Georgia","4/1/20","48","202","13135","420.83"
"Habersham","0","2","Georgia","4/1/20","0","2","13137","1"
"Hall","7","69","Georgia","4/1/20","19","50","13139","263.16"
"Haralson","1","5","Georgia","4/1/20","0","5","13143","1"
"Harris","0","3","Georgia","4/1/20","1","2","13145","200"
"Hart","1","4","Georgia","4/1/20","0","4","13147","1"
"Heard","0","3","Georgia","4/1/20","1","2","13149","200"
"Henry","11","90","Georgia","4/1/20","13","77","13151","592.31"
"Houston","4","35","Georgia","4/1/20","5","30","13153","600"
"Irwin","0","3","Georgia","4/1/20","2","1","13155","50"
"Jackson","1","9","Georgia","4/1/20","1","8","13157","800"
"Jasper","0","2","Georgia","4/1/20","2","0","13159","0"
"Jefferson","0","2","Georgia","4/1/20","0","2","13163","1"
"Jenkins","0","1","Georgia","4/1/20","0","1","13165","1"
"Johnson","0","1","Georgia","4/1/20","0","1","13167","1"
"Jones","0","4","Georgia","4/1/20","1","3","13169","300"
"Lamar","0","4","Georgia","4/1/20","3","1","13171","33.33"
"Laurens","1","14","Georgia","4/1/20","6","8","13175","133.33"
"Lee","10","94","Georgia","4/1/20","25","69","13177","276"
"Liberty","1","5","Georgia","4/1/20","1","4","13179","400"
"Lincoln","0","4","Georgia","4/1/20","1","3","13181","300"
"Long","0","1","Georgia","4/1/20","0","1","13183","1"
"Lowndes","2","24","Georgia","4/1/20","11","13","13185","118.18"
"Lumpkin","1","7","Georgia","4/1/20","3","4","13187","133.33"
"Macon","0","2","Georgia","4/1/20","1","1","13193","100"
"Madison","0","3","Georgia","4/1/20","1","2","13195","200"
"McDuffie","0","3","Georgia","4/1/20","0","3","13189","1"
"McIntosh","0","1","Georgia","4/1/20","0","1","13191","1"
"Meriwether","1","7","Georgia","4/1/20","1","6","13199","600"
"Miller","0","4","Georgia","4/1/20","2","2","13201","100"
"Mitchell","5","38","Georgia","4/1/20","4","34","13205","850"
"Monroe","0","6","Georgia","4/1/20","3","3","13207","100"
"Morgan","0","2","Georgia","4/1/20","1","1","13211","100"
"Murray","1","5","Georgia","4/1/20","0","5","13213","1"
"Muscogee","2","21","Georgia","4/1/20","4","17","13215","425"
"Newton","4","32","Georgia","4/1/20","7","25","13217","357.14"
"Oconee","2","17","Georgia","4/1/20","5","12","13219","240"
"Oglethorpe","0","1","Georgia","4/1/20","0","1","13221","1"
"Paulding","4","32","Georgia","4/1/20","6","26","13223","433.33"
"Peach","0","7","Georgia","4/1/20","4","3","13225","75"
"Pickens","0","7","Georgia","4/1/20","4","3","13227","75"
"Pierce","1","5","Georgia","4/1/20","1","4","13229","400"
"Pike","0","2","Georgia","4/1/20","0","2","13231","1"
"Polk","1","16","Georgia","4/1/20","8","8","13233","100"
"Pulaski","0","4","Georgia","4/1/20","1","3","13235","300"
"Rabun","0","2","Georgia","4/1/20","0","2","13241","1"
"Randolph","1","5","Georgia","4/1/20","1","4","13243","400"
"Richmond","4","41","Georgia","4/1/20","11","30","13245","272.73"
"Rockdale","5","45","Georgia","4/1/20","9","36","13247","400"
"Schley","1","4","Georgia","4/1/20","0","4","13249","1"
"Screven","0","2","Georgia","4/1/20","0","2","13251","1"
"Seminole","1","6","Georgia","4/1/20","2","4","13253","200"
"Spalding","1","16","Georgia","4/1/20","6","10","13255","166.67"
"Stephens","0","5","Georgia","4/1/20","2","3","13257","150"
"Stewart","0","1","Georgia","4/1/20","0","1","13259","1"
"Sumter","5","37","Georgia","4/1/20","5","32","13261","640"
"Talbot","0","1","Georgia","4/1/20","0","1","13263","1"
"Tattnall","0","2","Georgia","4/1/20","1","1","13267","100"
"Taylor","0","2","Georgia","4/1/20","1","1","13269","100"
"Telfair","0","0","Georgia","4/1/20","1","-1","13271","-100"
"Terrell","6","46","Georgia","4/1/20","3","43","13273","1433.33"
"Thomas","1","11","Georgia","4/1/20","1","10","13275","1000"
"Tift","3","24","Georgia","4/1/20","5","19","13277","380"
"Toombs","0","2","Georgia","4/1/20","0","2","13279","1"
"Troup","2","19","Georgia","4/1/20","6","13","13285","216.67"
"Turner","0","4","Georgia","4/1/20","1","3","13287","300"
"Twiggs","0","2","Georgia","4/1/20","2","0","13289","0"
"Upson","1","5","Georgia","4/1/20","0","5","13293","1"
"Walker","0","2","Georgia","4/1/20","0","2","13295","1"
"Walton","2","12","Georgia","4/1/20","1","11","13297","1100"
"Ware","1","10","Georgia","4/1/20","0","10","13299","1"
"Warren","1","4","Georgia","4/1/20","0","4","13301","1"
"Washington","0","4","Georgia","4/1/20","2","2","13303","100"
"Webster","0","1","Georgia","4/1/20","0","1","13307","1"
"Wheeler","0","1","Georgia","4/1/20","0","1","13309","1"
"White","0","3","Georgia","4/1/20","1","2","13311","200"
"Whitfield","1","10","Georgia","4/1/20","4","6","13313","150"
"Wilcox","0","1","Georgia","4/1/20","0","1","13315","1"
"Wilkes","0","2","Georgia","4/1/20","1","1","13317","100"
"Wilkinson","0","2","Georgia","4/1/20","0","2","13319","1"
"Worth","3","28","Georgia","4/1/20","4","24","13321","600"
"","11","103","Grand Princess","4/1/20","28","75",,"267.86"
"","6","77","Guam","4/1/20","37","40",,"108.11"
"Hawaii","2","15","Hawaii","4/1/20","2","13","15001","650"
"Honolulu","14","157","Hawaii","4/1/20","58","99","15003","170.69"
"Kauai","2","12","Hawaii","4/1/20","1","11","15007","1100"
"Maui","2","25","Hawaii","4/1/20","9","16","15009","177.78"
"Ada","24","195","Idaho","4/1/20","24","171","16001","712.5"
"Bannock","0","4","Idaho","4/1/20","2","2","16005","100"
"Bingham","0","2","Idaho","4/1/20","2","0","16011","0"
"Blaine","27","228","Idaho","4/1/20","40","188","16013","470"
"Bonner","0","1","Idaho","4/1/20","0","1","16017","1"
"Bonneville","0","2","Idaho","4/1/20","0","2","16019","1"
"Camas","0","1","Idaho","4/1/20","0","1","16025","1"
"Canyon","7","53","Idaho","4/1/20","5","48","16027","960"
"Cassia","0","1","Idaho","4/1/20","1","0","16031","0"
"Custer","0","2","Idaho","4/1/20","0","2","16037","1"
"Elmore","0","3","Idaho","4/1/20","0","3","16039","1"
"Fremont","0","1","Idaho","4/1/20","0","1","16043","1"
"Gem","1","5","Idaho","4/1/20","0","5","16045","1"
"Idaho","0","2","Idaho","4/1/20","0","2","16049","1"
"Jefferson","0","3","Idaho","4/1/20","2","1","16051","50"
"Jerome","0","2","Idaho","4/1/20","0","2","16053","1"
"Kootenai","3","30","Idaho","4/1/20","8","22","16055","275"
"Latah","0","1","Idaho","4/1/20","0","1","16057","1"
"Lincoln","0","3","Idaho","4/1/20","0","3","16063","1"
"Madison","0","4","Idaho","4/1/20","2","2","16065","100"
"Minidoka","0","1","Idaho","4/1/20","0","1","16067","1"
"Nez Perce","1","9","Idaho","4/1/20","1","8","16069","800"
"Owyhee","0","1","Idaho","4/1/20","0","1","16073","1"
"Payette","0","1","Idaho","4/1/20","0","1","16075","1"
"Teton","0","2","Idaho","4/1/20","2","0","16081","0"
"Twin Falls","1","7","Idaho","4/1/20","1","6","16083","600"
"Valley","0","2","Idaho","4/1/20","1","1","16085","100"
"Adams","0","2","Illinois","4/1/20","1","1","17001","100"
"Bond","0","2","Illinois","4/1/20","0","2","17005","1"
"Bureau","0","2","Illinois","4/1/20","0","2","17011","1"
"Carroll","0","3","Illinois","4/1/20","0","3","17015","1"
"Champaign","4","33","Illinois","4/1/20","4","29","17019","725"
"Christian","2","14","Illinois","4/1/20","1","13","17021","1300"
"Clark","0","1","Illinois","4/1/20","0","1","17023","1"
"Clinton","1","8","Illinois","4/1/20","4","4","17027","100"
"Cook","533","5152","Illinois","4/1/20","1418","3734","17031","263.33"
"Crawford","0","1","Illinois","4/1/20","0","1","17033","1"
"Cumberland","0","1","Illinois","4/1/20","1","0","17035","0"
"DeKalb","2","14","Illinois","4/1/20","1","13","17037","1300"
"Douglas","1","8","Illinois","4/1/20","1","7","17041","700"
"DuPage","37","392","Illinois","4/1/20","131","261","17043","199.24"
"Fayette","0","2","Illinois","4/1/20","0","2","17051","1"
"Ford","0","1","Illinois","4/1/20","0","1","17053","1"
"Franklin","0","1","Illinois","4/1/20","0","1","17055","1"
"Grundy","0","4","Illinois","4/1/20","1","3","17063","300"
"Henry","0","3","Illinois","4/1/20","0","3","17073","1"
"Iroquois","0","2","Illinois","4/1/20","0","2","17075","1"
"Jackson","0","4","Illinois","4/1/20","1","3","17077","300"
"Jo Daviess","0","3","Illinois","4/1/20","1","2","17085","200"
"Kane","15","142","Illinois","4/1/20","38","104","17089","273.68"
"Kankakee","6","51","Illinois","4/1/20","6","45","17091","750"
"Kendall","3","27","Illinois","4/1/20","6","21","17093","350"
"Knox","0","1","Illinois","4/1/20","0","1","17095","1"
"Lake","48","477","Illinois","4/1/20","139","338","17097","243.17"
"LaSalle","0","6","Illinois","4/1/20","3","3","17099","100"
"Livingston","1","5","Illinois","4/1/20","1","4","17105","400"
"Logan","0","0","Illinois","4/1/20","1","-1","17107","-100"
"Macon","0","2","Illinois","4/1/20","0","2","17115","1"
"Madison","3","25","Illinois","4/1/20","3","22","17119","733.33"
"Marion","0","2","Illinois","4/1/20","0","2","17121","1"
"Marshall","0","1","Illinois","4/1/20","1","0","17123","0"
"McHenry","7","69","Illinois","4/1/20","19","50","17111","263.16"
"McLean","2","18","Illinois","4/1/20","7","11","17113","157.14"
"Monroe","0","3","Illinois","4/1/20","2","1","17133","50"
"Montgomery","0","2","Illinois","4/1/20","0","2","17135","1"
"Morgan","1","5","Illinois","4/1/20","0","5","17137","1"
"Ogle","0","1","Illinois","4/1/20","0","1","17141","1"
"Peoria","1","10","Illinois","4/1/20","4","6","17143","150"
"Randolph","1","7","Illinois","4/1/20","0","7","17157","1"
"Rock Island","2","17","Illinois","4/1/20","3","14","17161","466.67"
"Saline","0","1","Illinois","4/1/20","0","1","17165","1"
"Sangamon","2","17","Illinois","4/1/20","5","12","17167","240"
"St. Clair","7","53","Illinois","4/1/20","7","46","17163","657.14"
"Stephenson","0","3","Illinois","4/1/20","1","2","17177","200"
"Tazewell","1","4","Illinois","4/1/20","0","4","17179","1"
"Washington","0","1","Illinois","4/1/20","1","0","17189","0"
"Whiteside","1","5","Illinois","4/1/20","1","4","17195","400"
"Will","40","322","Illinois","4/1/20","40","282","17197","705"
"Williamson","0","1","Illinois","4/1/20","0","1","17199","1"
"Winnebago","2","18","Illinois","4/1/20","7","11","17201","157.14"
"Woodford","0","3","Illinois","4/1/20","3","0","17203","0"
"Adams","0","1","Indiana","4/1/20","1","0","18001","0"
"Allen","5","39","Indiana","4/1/20","7","32","18003","457.14"
"Bartholomew","1","13","Indiana","4/1/20","5","8","18005","160"
"Benton","0","1","Indiana","4/1/20","0","1","18007","1"
"Boone","4","29","Indiana","4/1/20","4","25","18011","625"
"Brown","0","3","Indiana","4/1/20","1","2","18013","200"
"Carroll","0","2","Indiana","4/1/20","0","2","18015","1"
"Cass","0","1","Indiana","4/1/20","0","1","18017","1"
"Clark","5","38","Indiana","4/1/20","6","32","18019","533.33"
"Clay","0","1","Indiana","4/1/20","0","1","18021","1"
"Clinton","0","1","Indiana","4/1/20","0","1","18023","1"
"Crawford","0","1","Indiana","4/1/20","0","1","18025","1"
"Dearborn","2","17","Indiana","4/1/20","2","15","18029","750"
"Decatur","6","48","Indiana","4/1/20","7","41","18031","585.71"
"DeKalb","0","2","Indiana","4/1/20","1","1","18033","100"
"Delaware","2","22","Indiana","4/1/20","7","15","18035","214.29"
"Dubois","0","3","Indiana","4/1/20","1","2","18037","200"
"Elkhart","3","23","Indiana","4/1/20","5","18","18039","360"
"Fayette","1","10","Indiana","4/1/20","3","7","18041","233.33"
"Floyd","2","21","Indiana","4/1/20","6","15","18043","250"
"Fountain","0","1","Indiana","4/1/20","0","1","18045","1"
"Franklin","5","39","Indiana","4/1/20","7","32","18047","457.14"
"Fulton","0","1","Indiana","4/1/20","0","1","18049","1"
"Gibson","0","4","Indiana","4/1/20","2","2","18051","100"
"Grant","1","9","Indiana","4/1/20","3","6","18053","200"
"Greene","0","3","Indiana","4/1/20","0","3","18055","1"
"Hamilton","21","179","Indiana","4/1/20","30","149","18057","496.67"
"Hancock","4","33","Indiana","4/1/20","8","25","18059","312.5"
"Harrison","2","15","Indiana","4/1/20","2","13","18061","650"
"Hendricks","11","91","Indiana","4/1/20","15","76","18063","506.67"
"Henry","1","4","Indiana","4/1/20","0","4","18065","1"
"Howard","2","20","Indiana","4/1/20","6","14","18067","233.33"
"Huntington","0","2","Indiana","4/1/20","0","2","18069","1"
"Jackson","1","10","Indiana","4/1/20","1","9","18071","900"
"Jasper","1","9","Indiana","4/1/20","1","8","18073","800"
"Jay","0","1","Indiana","4/1/20","0","1","18075","1"
"Jefferson","0","1","Indiana","4/1/20","0","1","18077","1"
"Jennings","2","17","Indiana","4/1/20","3","14","18079","466.67"
"Johnson","13","118","Indiana","4/1/20","24","94","18081","391.67"
"Knox","0","3","Indiana","4/1/20","0","3","18083","1"
"Kosciusko","1","5","Indiana","4/1/20","0","5","18085","1"
"LaGrange","0","2","Indiana","4/1/20","0","2","18087","1"
"Lake","23","180","Indiana","4/1/20","19","161","18089","847.37"
"LaPorte","1","11","Indiana","4/1/20","2","9","18091","450"
"Lawrence","1","11","Indiana","4/1/20","1","10","18093","1000"
"Madison","6","46","Indiana","4/1/20","4","42","18095","1050"
"Marion","127","1117","Indiana","4/1/20","226","891","18097","394.25"
"Marshall","0","3","Indiana","4/1/20","0","3","18099","1"
"Miami","0","3","Indiana","4/1/20","1","2","18103","200"
"Monroe","4","33","Indiana","4/1/20","4","29","18105","725"
"Montgomery","1","6","Indiana","4/1/20","1","5","18107","500"
"Morgan","5","41","Indiana","4/1/20","5","36","18109","720"
"Newton","0","1","Indiana","4/1/20","0","1","18111","1"
"Noble","0","3","Indiana","4/1/20","1","2","18113","200"
"Ohio","0","1","Indiana","4/1/20","1","0","18115","0"
"Orange","0","3","Indiana","4/1/20","0","3","18117","1"
"Owen","1","12","Indiana","4/1/20","4","8","18119","200"
"Porter","3","27","Indiana","4/1/20","3","24","18127","800"
"Posey","1","4","Indiana","4/1/20","0","4","18129","1"
"Putnam","1","11","Indiana","4/1/20","2","9","18133","450"
"Randolph","0","3","Indiana","4/1/20","0","3","18135","1"
"Ripley","4","33","Indiana","4/1/20","7","26","18137","371.43"
"Rush","1","5","Indiana","4/1/20","1","4","18139","400"
"Scott","0","1","Indiana","4/1/20","1","0","18143","0"
"Shelby","2","19","Indiana","4/1/20","2","17","18145","850"
"St. Joseph","5","57","Indiana","4/1/20","19","38","18141","200"
"Starke","0","1","Indiana","4/1/20","1","0","18149","0"
"Steuben","0","2","Indiana","4/1/20","0","2","18151","1"
"Sullivan","0","3","Indiana","4/1/20","1","2","18153","200"
"Switzerland","0","3","Indiana","4/1/20","0","3","18155","1"
"Tippecanoe","2","18","Indiana","4/1/20","4","14","18157","350"
"Tipton","0","5","Indiana","4/1/20","2","3","18159","150"
"Vanderburgh","3","20","Indiana","4/1/20","1","19","18163","1900"
"Vigo","1","8","Indiana","4/1/20","3","5","18167","166.67"
"Wabash","0","1","Indiana","4/1/20","0","1","18169","1"
"Warren","0","2","Indiana","4/1/20","0","2","18171","1"
"Warrick","1","8","Indiana","4/1/20","0","8","18173","1"
"Washington","1","9","Indiana","4/1/20","2","7","18175","350"
"Wayne","0","3","Indiana","4/1/20","0","3","18177","1"
"Wells","0","2","Indiana","4/1/20","1","1","18179","100"
"White","0","2","Indiana","4/1/20","0","2","18181","1"
"Whitley","0","3","Indiana","4/1/20","0","3","18183","1"
"Adair","0","1","Iowa","4/1/20","1","0","19001","0"
"Allamakee","0","7","Iowa","4/1/20","7","0","19005","0"
"Appanoose","0","1","Iowa","4/1/20","0","1","19007","1"
"Audubon","0","1","Iowa","4/1/20","0","1","19009","1"
"Benton","1","7","Iowa","4/1/20","2","5","19011","250"
"Black Hawk","0","7","Iowa","4/1/20","4","3","19013","75"
"Boone","0","1","Iowa","4/1/20","0","1","19015","1"
"Buchanan","0","2","Iowa","4/1/20","1","1","19019","100"
"Butler","0","1","Iowa","4/1/20","0","1","19023","1"
"Carroll","0","1","Iowa","4/1/20","1","0","19027","0"
"Cedar","1","9","Iowa","4/1/20","1","8","19031","800"
"Cerro Gordo","1","8","Iowa","4/1/20","2","6","19033","300"
"Clay","0","1","Iowa","4/1/20","0","1","19041","1"
"Clayton","0","2","Iowa","4/1/20","0","2","19043","1"
"Clinton","1","6","Iowa","4/1/20","0","6","19045","1"
"Crawford","0","1","Iowa","4/1/20","0","1","19047","1"
"Dallas","3","27","Iowa","4/1/20","7","20","19049","285.71"
"Des Moines","0","2","Iowa","4/1/20","1","1","19057","100"
"Dickinson","0","1","Iowa","4/1/20","0","1","19059","1"
"Dubuque","2","22","Iowa","4/1/20","6","16","19061","266.67"
"Fayette","0","2","Iowa","4/1/20","1","1","19065","100"
"Guthrie","0","1","Iowa","4/1/20","0","1","19077","1"
"Hancock","0","3","Iowa","4/1/20","3","0","19081","0"
"Hardin","0","1","Iowa","4/1/20","0","1","19083","1"
"Harrison","1","10","Iowa","4/1/20","3","7","19085","233.33"
"Henry","1","5","Iowa","4/1/20","1","4","19087","400"
"Iowa","1","5","Iowa","4/1/20","0","5","19095","1"
"Jackson","0","1","Iowa","4/1/20","0","1","19097","1"
"Jasper","1","7","Iowa","4/1/20","1","6","19099","600"
"Johnson","5","76","Iowa","4/1/20","43","33","19103","76.74"
"Jones","1","4","Iowa","4/1/20","0","4","19105","1"
"Keokuk","0","1","Iowa","4/1/20","0","1","19107","1"
"Kossuth","0","1","Iowa","4/1/20","1","0","19109","0"
"Linn","12","94","Iowa","4/1/20","7","87","19113","1242.86"
"Madison","0","1","Iowa","4/1/20","0","1","19121","1"
"Mahaska","0","2","Iowa","4/1/20","0","2","19123","1"
"Marshall","1","8","Iowa","4/1/20","0","8","19127","1"
"Mitchell","0","2","Iowa","4/1/20","0","2","19131","1"
"Monona","1","5","Iowa","4/1/20","0","5","19133","1"
"Montgomery","0","1","Iowa","4/1/20","0","1","19137","1"
"Muscatine","2","18","Iowa","4/1/20","6","12","19139","200"
"Page","0","2","Iowa","4/1/20","0","2","19145","1"
"Polk","9","81","Iowa","4/1/20","20","61","19153","305"
"Pottawattamie","0","5","Iowa","4/1/20","2","3","19155","150"
"Poweshiek","0","6","Iowa","4/1/20","4","2","19157","50"
"Scott","3","21","Iowa","4/1/20","3","18","19163","600"
"Shelby","0","3","Iowa","4/1/20","0","3","19165","1"
"Sioux","0","4","Iowa","4/1/20","1","3","19167","300"
"Story","0","4","Iowa","4/1/20","2","2","19169","100"
"Tama","1","14","Iowa","4/1/20","4","10","19171","250"
"Taylor","0","1","Iowa","4/1/20","0","1","19173","1"
"Van Buren","0","2","Iowa","4/1/20","0","2","19177","1"
"Wapello","0","1","Iowa","4/1/20","1","0","19179","0"
"Warren","0","4","Iowa","4/1/20","1","3","19181","300"
"Washington","4","34","Iowa","4/1/20","6","28","19183","466.67"
"Webster","0","1","Iowa","4/1/20","0","1","19187","1"
"Winneshiek","0","3","Iowa","4/1/20","1","2","19191","200"
"Woodbury","0","4","Iowa","4/1/20","2","2","19193","100"
"Wright","0","1","Iowa","4/1/20","0","1","19197","1"
"Atchison","0","1","Kansas","4/1/20","0","1","20005","1"
"Barton","0","1","Kansas","4/1/20","0","1","20009","1"
"Bourbon","0","3","Kansas","4/1/20","1","2","20011","200"
"Butler","0","5","Kansas","4/1/20","3","2","20015","66.67"
"Chautauqua","0","1","Kansas","4/1/20","0","1","20019","1"
"Cherokee","0","3","Kansas","4/1/20","2","1","20021","50"
"Clay","0","1","Kansas","4/1/20","0","1","20027","1"
"Coffey","2","16","Kansas","4/1/20","0","16","20031","1"
"Crawford","0","5","Kansas","4/1/20","2","3","20037","150"
"Doniphan","0","1","Kansas","4/1/20","1","0","20043","0"
"Douglas","3","31","Kansas","4/1/20","10","21","20045","210"
"Finney","0","1","Kansas","4/1/20","0","1","20055","1"
"Franklin","1","7","Kansas","4/1/20","1","6","20059","600"
"Gove","0","1","Kansas","4/1/20","0","1","20063","1"
"Harvey","0","2","Kansas","4/1/20","0","2","20079","1"
"Jackson","0","1","Kansas","4/1/20","1","0","20085","0"
"Jefferson","0","1","Kansas","4/1/20","0","1","20087","1"
"Johnson","14","143","Kansas","4/1/20","44","99","20091","225"
"Labette","0","1","Kansas","4/1/20","0","1","20099","1"
"Leavenworth","2","25","Kansas","4/1/20","11","14","20103","127.27"
"Linn","0","5","Kansas","4/1/20","4","1","20107","25"
"Lyon","1","12","Kansas","4/1/20","4","8","20111","200"
"McPherson","1","5","Kansas","4/1/20","0","5","20113","1"
"Mitchell","0","2","Kansas","4/1/20","2","0","20123","0"
"Montgomery","1","6","Kansas","4/1/20","0","6","20125","1"
"Morris","0","2","Kansas","4/1/20","2","0","20127","0"
"Neosho","0","1","Kansas","4/1/20","1","0","20133","0"
"Osage","0","3","Kansas","4/1/20","0","3","20139","1"
"Ottawa","0","1","Kansas","4/1/20","0","1","20143","1"
"Pottawatomie","0","2","Kansas","4/1/20","1","1","20149","100"
"Pratt","0","1","Kansas","4/1/20","0","1","20151","1"
"Reno","1","8","Kansas","4/1/20","2","6","20155","300"
"Riley","1","5","Kansas","4/1/20","0","5","20161","1"
"Saline","0","1","Kansas","4/1/20","0","1","20169","1"
"Sedgwick","8","64","Kansas","4/1/20","11","53","20173","481.82"
"Shawnee","2","18","Kansas","4/1/20","3","15","20177","500"
"Stafford","0","1","Kansas","4/1/20","0","1","20185","1"
"Stevens","0","1","Kansas","4/1/20","0","1","20189","1"
"Sumner","0","1","Kansas","4/1/20","0","1","20191","1"
"Woodson","0","3","Kansas","4/1/20","1","2","20207","200"
"Wyandotte","9","93","Kansas","4/1/20","27","66","20209","244.44"
"Allen","0","2","Kentucky","4/1/20","1","1","21003","100"
"Anderson","0","2","Kentucky","4/1/20","2","0","21005","0"
"Barren","0","1","Kentucky","4/1/20","0","1","21009","1"
"Boone","1","8","Kentucky","4/1/20","1","7","21015","700"
"Bourbon","0","2","Kentucky","4/1/20","2","0","21017","0"
"Boyd","1","4","Kentucky","4/1/20","0","4","21019","1"
"Boyle","1","4","Kentucky","4/1/20","0","4","21021","1"
"Bracken","0","1","Kentucky","4/1/20","0","1","21023","1"
"Breathitt","0","2","Kentucky","4/1/20","2","0","21025","0"
"Breckinridge","0","2","Kentucky","4/1/20","0","2","21027","1"
"Bullitt","1","6","Kentucky","4/1/20","0","6","21029","1"
"Butler","0","1","Kentucky","4/1/20","0","1","21031","1"
"Calloway","0","3","Kentucky","4/1/20","1","2","21035","200"
"Campbell","1","8","Kentucky","4/1/20","1","7","21037","700"
"Carroll","0","2","Kentucky","4/1/20","0","2","21041","1"
"Christian","1","7","Kentucky","4/1/20","2","5","21047","250"
"Clark","1","8","Kentucky","4/1/20","2","6","21049","300"
"Daviess","3","34","Kentucky","4/1/20","14","20","21059","142.86"
"Edmonson","0","2","Kentucky","4/1/20","0","2","21061","1"
"Fayette","12","110","Kentucky","4/1/20","28","82","21067","292.86"
"Franklin","1","6","Kentucky","4/1/20","2","4","21073","200"
"Grant","0","1","Kentucky","4/1/20","0","1","21081","1"
"Grayson","0","2","Kentucky","4/1/20","0","2","21085","1"
"Hancock","0","1","Kentucky","4/1/20","0","1","21091","1"
"Hardin","1","6","Kentucky","4/1/20","2","4","21093","200"
"Harrison","0","11","Kentucky","4/1/20","10","1","21097","10"
"Henderson","0","5","Kentucky","4/1/20","2","3","21101","150"
"Hopkins","2","17","Kentucky","4/1/20","0","17","21107","1"
"Jefferson","24","206","Kentucky","4/1/20","35","171","21111","488.57"
"Jessamine","2","13","Kentucky","4/1/20","1","12","21113","1200"
"Kenton","2","20","Kentucky","4/1/20","8","12","21117","150"
"Larue","0","1","Kentucky","4/1/20","0","1","21123","1"
"Laurel","0","2","Kentucky","4/1/20","1","1","21125","100"
"Lawrence","0","1","Kentucky","4/1/20","0","1","21127","1"
"Lewis","0","1","Kentucky","4/1/20","0","1","21135","1"
"Logan","0","3","Kentucky","4/1/20","1","2","21141","200"
"Lyon","0","1","Kentucky","4/1/20","1","0","21143","0"
"Madison","1","10","Kentucky","4/1/20","2","8","21151","400"
"Marion","0","1","Kentucky","4/1/20","0","1","21155","1"
"Marshall","0","1","Kentucky","4/1/20","0","1","21157","1"
"Martin","0","1","Kentucky","4/1/20","1","0","21159","0"
"Mason","0","1","Kentucky","4/1/20","0","1","21161","1"
"McCracken","1","8","Kentucky","4/1/20","2","6","21145","300"
"McCreary","0","1","Kentucky","4/1/20","0","1","21147","1"
"McLean","0","1","Kentucky","4/1/20","0","1","21149","1"
"Menifee","0","2","Kentucky","4/1/20","1","1","21165","100"
"Mercer","0","2","Kentucky","4/1/20","0","2","21167","1"
"Montgomery","0","2","Kentucky","4/1/20","2","0","21173","0"
"Muhlenberg","1","10","Kentucky","4/1/20","2","8","21177","400"
"Nelson","0","3","Kentucky","4/1/20","1","2","21179","200"
"Nicholas","0","1","Kentucky","4/1/20","0","1","21181","1"
"Oldham","1","6","Kentucky","4/1/20","1","5","21185","500"
"Pendleton","0","1","Kentucky","4/1/20","0","1","21191","1"
"Powell","0","1","Kentucky","4/1/20","0","1","21197","1"
"Pulaski","1","8","Kentucky","4/1/20","3","5","21199","166.67"
"Rockcastle","0","1","Kentucky","4/1/20","0","1","21203","1"
"Scott","1","6","Kentucky","4/1/20","1","5","21209","500"
"Shelby","0","2","Kentucky","4/1/20","0","2","21211","1"
"Simpson","1","9","Kentucky","4/1/20","1","8","21213","800"
"Spencer","0","2","Kentucky","4/1/20","1","1","21215","100"
"Taylor","0","2","Kentucky","4/1/20","0","2","21217","1"
"Union","0","2","Kentucky","4/1/20","0","2","21225","1"
"Warren","1","13","Kentucky","4/1/20","5","8","21227","160"
"Washington","0","1","Kentucky","4/1/20","0","1","21229","1"
"Wayne","0","3","Kentucky","4/1/20","0","3","21231","1"
"Webster","0","2","Kentucky","4/1/20","1","1","21233","100"
"Woodford","1","5","Kentucky","4/1/20","0","5","21239","1"
"Acadia","6","47","Louisiana","4/1/20","2","45","22001","2250"
"Allen","2","19","Louisiana","4/1/20","2","17","22003","850"
"Ascension","18","189","Louisiana","4/1/20","65","124","22005","190.77"
"Assumption","3","25","Louisiana","4/1/20","2","23","22007","1150"
"Avoyelles","4","31","Louisiana","4/1/20","5","26","22009","520"
"Beauregard","1","8","Louisiana","4/1/20","3","5","22011","166.67"
"Bienville","1","6","Louisiana","4/1/20","1","5","22013","500"
"Bossier","7","75","Louisiana","4/1/20","25","50","22015","200"
"Caddo","29","298","Louisiana","4/1/20","93","205","22017","220.43"
"Calcasieu","11","90","Louisiana","4/1/20","11","79","22019","718.18"
"Catahoula","0","3","Louisiana","4/1/20","1","2","22025","200"
"Claiborne","1","10","Louisiana","4/1/20","2","8","22027","400"
"Concordia","1","5","Louisiana","4/1/20","0","5","22029","1"
"De Soto","4","39","Louisiana","4/1/20","8","31","22031","387.5"
"East Baton Rouge","24","244","Louisiana","4/1/20","75","169","22033","225.33"
"East Carroll","0","1","Louisiana","4/1/20","0","1","22035","1"
"East Feliciana","1","10","Louisiana","4/1/20","0","10","22037","1"
"Evangeline","1","11","Louisiana","4/1/20","2","9","22039","450"
"Franklin","1","5","Louisiana","4/1/20","0","5","22041","1"
"Grant","0","3","Louisiana","4/1/20","1","2","22043","200"
"Iberia","7","49","Louisiana","4/1/20","2","47","22045","2350"
"Iberville","3","36","Louisiana","4/1/20","14","22","22047","157.14"
"Jackson","0","4","Louisiana","4/1/20","1","3","22049","300"
"Jefferson","153","1433","Louisiana","4/1/20","359","1074","22051","299.16"
"Jefferson Davis","1","9","Louisiana","4/1/20","1","8","22053","800"
"Lafayette","20","159","Louisiana","4/1/20","20","139","22055","695"
"Lafourche","12","105","Louisiana","4/1/20","18","87","22057","483.33"
"LaSalle","0","2","Louisiana","4/1/20","0","2","22059","1"
"Lincoln","2","13","Louisiana","4/1/20","2","11","22061","550"
"Livingston","3","25","Louisiana","4/1/20","6","19","22063","316.67"
"Madison","0","1","Louisiana","4/1/20","0","1","22065","1"
"Morehouse","0","2","Louisiana","4/1/20","1","1","22067","100"
"Natchitoches","0","2","Louisiana","4/1/20","2","0","22069","0"
"Orleans","206","2270","Louisiana","4/1/20","827","1443","22071","174.49"
"Ouachita","10","80","Louisiana","4/1/20","10","70","22073","700"
"Plaquemines","5","47","Louisiana","4/1/20","9","38","22075","422.22"
"Pointe Coupee","1","7","Louisiana","4/1/20","0","7","22077","1"
"Rapides","8","69","Louisiana","4/1/20","14","55","22079","392.86"
"Red River","0","1","Louisiana","4/1/20","0","1","22081","1"
"Richland","0","3","Louisiana","4/1/20","1","2","22083","200"
"Sabine","0","3","Louisiana","4/1/20","0","3","22085","1"
"St. Bernard","10","94","Louisiana","4/1/20","23","71","22087","308.7"
"St. Charles","9","82","Louisiana","4/1/20","17","65","22089","382.35"
"St. Helena","0","1","Louisiana","4/1/20","0","1","22091","1"
"St. James","10","86","Louisiana","4/1/20","14","72","22093","514.29"
"St. John the Baptist","13","118","Louisiana","4/1/20","27","91","22095","337.04"
"St. Landry","6","45","Louisiana","4/1/20","4","41","22097","1025"
"St. Martin","6","41","Louisiana","4/1/20","1","40","22099","4000"
"St. Mary","3","26","Louisiana","4/1/20","5","21","22101","420"
"St. Tammany","29","270","Louisiana","4/1/20","67","203","22103","302.99"
"Tangipahoa","4","33","Louisiana","4/1/20","5","28","22105","560"
"Terrebonne","6","55","Louisiana","4/1/20","15","40","22109","266.67"
"Union","1","11","Louisiana","4/1/20","2","9","22111","450"
"Vermilion","1","10","Louisiana","4/1/20","0","10","22113","1"
"Vernon","1","6","Louisiana","4/1/20","2","4","22115","200"
"Washington","5","39","Louisiana","4/1/20","4","35","22117","875"
"Webster","2","17","Louisiana","4/1/20","5","12","22119","240"
"West Baton Rouge","1","14","Louisiana","4/1/20","7","7","22121","100"
"West Feliciana","1","8","Louisiana","4/1/20","0","8","22125","1"
"Winn","0","1","Louisiana","4/1/20","1","0","22127","0"
"Androscoggin","1","11","Maine","4/1/20","4","7","23001","175"
"Cumberland","12","169","Maine","4/1/20","87","82","23005","94.25"
"Franklin","0","2","Maine","4/1/20","0","2","23007","1"
"Kennebec","1","12","Maine","4/1/20","5","7","23011","140"
"Knox","1","5","Maine","4/1/20","1","4","23013","400"
"Lincoln","0","8","Maine","4/1/20","5","3","23015","60"
"Oxford","0","9","Maine","4/1/20","6","3","23017","50"
"Penobscot","1","12","Maine","4/1/20","4","8","23019","200"
"Sagadahoc","0","7","Maine","4/1/20","4","3","23023","75"
"Somerset","0","1","Maine","4/1/20","0","1","23025","1"
"Waldo","0","2","Maine","4/1/20","1","1","23027","100"
"York","5","59","Maine","4/1/20","23","36","23031","156.52"
"Anne Arundel","18","158","Maryland","4/1/20","31","127","24003","409.68"
"Baltimore","34","289","Maryland","4/1/20","51","238","24005","466.67"
"Baltimore City","24","221","Maryland","4/1/20","53","168","24510","316.98"
"Calvert","2","18","Maryland","4/1/20","3","15","24009","500"
"Caroline","0","4","Maryland","4/1/20","1","3","24011","300"
"Carroll","13","96","Maryland","4/1/20","5","91","24013","1820"
"Cecil","2","16","Maryland","4/1/20","4","12","24015","300"
"Charles","7","56","Maryland","4/1/20","8","48","24017","600"
"Dorchester","0","1","Maryland","4/1/20","0","1","24019","1"
"Frederick","4","35","Maryland","4/1/20","7","28","24021","400"
"Garrett","0","3","Maryland","4/1/20","3","0","24023","0"
"Harford","4","34","Maryland","4/1/20","5","29","24025","580"
"Howard","15","142","Maryland","4/1/20","35","107","24027","305.71"
"Kent","0","3","Maryland","4/1/20","1","2","24029","200"
"Montgomery","46","447","Maryland","4/1/20","127","320","24031","251.97"
"Prince George's","47","403","Maryland","4/1/20","76","327","24033","430.26"
"Queen Anne's","1","7","Maryland","4/1/20","1","6","24035","600"
"Somerset","0","4","Maryland","4/1/20","1","3","24039","300"
"St. Mary's","2","19","Maryland","4/1/20","2","17","24037","850"
"Talbot","0","4","Maryland","4/1/20","1","3","24041","300"
"Washington","2","15","Maryland","4/1/20","4","11","24043","275"
"Wicomico","0","7","Maryland","4/1/20","4","3","24045","75"
"Worcester","0","4","Maryland","4/1/20","2","2","24047","100"
"Barnstable","29","255","Massachusetts","4/1/20","51","204","25001","400"
"Berkshire","16","183","Massachusetts","4/1/20","71","112","25003","157.75"
"Bristol","43","366","Massachusetts","4/1/20","67","299","25005","446.27"
"Dukes and Nantucket","1","11","Massachusetts","4/1/20","3","8","00000","266.67"
"Essex","101","885","Massachusetts","4/1/20","177","708","25009","400"
"Franklin","8","72","Massachusetts","4/1/20","14","58","25011","414.29"
"Hampden","61","475","Massachusetts","4/1/20","45","430","25013","955.56"
"Hampshire","10","81","Massachusetts","4/1/20","11","70","25015","636.36"
"Middlesex","162","1582","Massachusetts","4/1/20","446","1136","25017","254.71"
"Norfolk","87","829","Massachusetts","4/1/20","222","607","25021","273.42"
"Plymouth","66","561","Massachusetts","4/1/20","101","460","25023","455.45"
"Suffolk","183","1624","Massachusetts","4/1/20","342","1282","25025","374.85"
"Worcester","62","563","Massachusetts","4/1/20","129","434","25027","336.43"
"Allegan","1","5","Michigan","4/1/20","1","4","26005","400"
"Antrim","1","5","Michigan","4/1/20","1","4","26009","400"
"Arenac","0","1","Michigan","4/1/20","0","1","26011","1"
"Barry","0","4","Michigan","4/1/20","1","3","26015","300"
"Bay","1","12","Michigan","4/1/20","5","7","26017","140"
"Berrien","7","85","Michigan","4/1/20","36","49","26021","136.11"
"Branch","0","2","Michigan","4/1/20","0","2","26023","1"
"Calhoun","3","26","Michigan","4/1/20","7","19","26025","271.43"
"Cass","1","10","Michigan","4/1/20","2","8","26027","400"
"Charlevoix","0","4","Michigan","4/1/20","4","0","26029","0"
"Cheboygan","0","3","Michigan","4/1/20","0","3","26031","1"
"Chippewa","0","1","Michigan","4/1/20","1","0","26033","0"
"Clare","0","1","Michigan","4/1/20","1","0","26035","0"
"Clinton","4","36","Michigan","4/1/20","6","30","26037","500"
"Crawford","0","1","Michigan","4/1/20","0","1","26039","1"
"Delta","0","3","Michigan","4/1/20","0","3","26041","1"
"Eaton","4","28","Michigan","4/1/20","3","25","26045","833.33"
"Emmet","1","7","Michigan","4/1/20","2","5","26047","250"
"Genesee","30","255","Michigan","4/1/20","48","207","26049","431.25"
"Gladwin","0","2","Michigan","4/1/20","2","0","26051","0"
"Gogebic","0","2","Michigan","4/1/20","0","2","26053","1"
"Grand Traverse","1","8","Michigan","4/1/20","3","5","26055","166.67"
"Gratiot","0","3","Michigan","4/1/20","0","3","26057","1"
"Hillsdale","2","19","Michigan","4/1/20","2","17","26059","850"
"Houghton","0","1","Michigan","4/1/20","0","1","26061","1"
"Huron","0","3","Michigan","4/1/20","0","3","26063","1"
"Ingham","15","127","Michigan","4/1/20","21","106","26065","504.76"
"Ionia","1","6","Michigan","4/1/20","0","6","26067","1"
"Iosco","0","2","Michigan","4/1/20","1","1","26069","100"
"Isabella","1","7","Michigan","4/1/20","2","5","26073","250"
"Jackson","7","63","Michigan","4/1/20","15","48","26075","320"
"Kalamazoo","4","33","Michigan","4/1/20","6","27","26077","450"
"Kalkaska","1","7","Michigan","4/1/20","2","5","26079","250"
"Kent","12","123","Michigan","4/1/20","36","87","26081","241.67"
"Lapeer","1","11","Michigan","4/1/20","1","10","26087","1000"
"Leelanau","0","1","Michigan","4/1/20","1","0","26089","0"
"Lenawee","3","24","Michigan","4/1/20","3","21","26091","700"
"Livingston","14","118","Michigan","4/1/20","22","96","26093","436.36"
"Luce","0","0","Michigan","4/1/20","1","-1","26095","-100"
"Mackinac","0","1","Michigan","4/1/20","0","1","26097","1"
"Macomb","115","1090","Michigan","4/1/20","282","808","26099","286.52"
"Manistee","0","1","Michigan","4/1/20","1","0","26101","0"
"Marquette","0","4","Michigan","4/1/20","1","3","26103","300"
"Mason","0","1","Michigan","4/1/20","0","1","26105","1"
"Mecosta","0","3","Michigan","4/1/20","0","3","26107","1"
"Midland","1","17","Michigan","4/1/20","11","6","26111","54.55"
"Missaukee","0","1","Michigan","4/1/20","0","1","26113","1"
"Monroe","6","58","Michigan","4/1/20","18","40","26115","222.22"
"Montcalm","1","11","Michigan","4/1/20","2","9","26117","450"
"Muskegon","2","18","Michigan","4/1/20","3","15","26121","500"
"Newaygo","0","1","Michigan","4/1/20","2","-1","26123","-50"
"Oakland","209","2107","Michigan","4/1/20","643","1464","26125","227.68"
"Oceana","0","2","Michigan","4/1/20","0","2","26127","1"
"Ogemaw","0","2","Michigan","4/1/20","1","1","26129","100"
"Osceola","0","2","Michigan","4/1/20","0","2","26133","1"
"Oscoda","0","2","Michigan","4/1/20","0","2","26135","1"
"Otsego","2","19","Michigan","4/1/20","6","13","26137","216.67"
"Ottawa","3","36","Michigan","4/1/20","18","18","26139","100"
"Out of MI","5","42","Michigan","4/1/20","7","35","80026","500"
"Roscommon","0","1","Michigan","4/1/20","1","0","26143","0"
"Saginaw","9","71","Michigan","4/1/20","9","62","26145","688.89"
"Sanilac","1","7","Michigan","4/1/20","2","5","26151","250"
"Shiawassee","2","12","Michigan","4/1/20","0","12","26155","1"
"St. Clair","6","52","Michigan","4/1/20","12","40","26147","333.33"
"St. Joseph","1","5","Michigan","4/1/20","0","5","26149","1"
"Tuscola","1","11","Michigan","4/1/20","2","9","26157","450"
"Van Buren","2","14","Michigan","4/1/20","2","12","26159","600"
"Washtenaw","50","430","Michigan","4/1/20","83","347","26161","418.07"
"Wayne","483","4503","Michigan","4/1/20","1125","3378","26163","300.27"
"Wexford","0","2","Michigan","4/1/20","1","1","26165","100"
"Anoka","3","26","Minnesota","4/1/20","7","19","27003","271.43"
"Beltrami","1","4","Minnesota","4/1/20","0","4","27007","1"
"Benton","0","1","Minnesota","4/1/20","1","0","27009","0"
"Big Stone","0","1","Minnesota","4/1/20","1","0","27011","0"
"Blue Earth","1","9","Minnesota","4/1/20","5","4","27013","80"
"Brown","0","2","Minnesota","4/1/20","0","2","27015","1"
"Carlton","0","2","Minnesota","4/1/20","0","2","27017","1"
"Carver","0","10","Minnesota","4/1/20","8","2","27019","25"
"Cass","0","1","Minnesota","4/1/20","1","0","27021","0"
"Chisago","0","3","Minnesota","4/1/20","2","1","27025","50"
"Clay","1","7","Minnesota","4/1/20","3","4","27027","133.33"
"Clearwater","0","2","Minnesota","4/1/20","0","2","27029","1"
"Cottonwood","0","3","Minnesota","4/1/20","0","3","27033","1"
"Crow Wing","0","1","Minnesota","4/1/20","0","1","27035","1"
"Dakota","4","48","Minnesota","4/1/20","21","27","27037","128.57"
"Dodge","1","10","Minnesota","4/1/20","3","7","27039","233.33"
"Douglas","0","1","Minnesota","4/1/20","0","1","27041","1"
"Faribault","0","2","Minnesota","4/1/20","0","2","27043","1"
"Fillmore","1","8","Minnesota","4/1/20","3","5","27045","166.67"
"Freeborn","0","2","Minnesota","4/1/20","0","2","27047","1"
"Goodhue","0","4","Minnesota","4/1/20","1","3","27049","300"
"Hennepin","15","218","Minnesota","4/1/20","111","107","27053","96.4"
"Isanti","0","2","Minnesota","4/1/20","0","2","27059","1"
"Itasca","0","1","Minnesota","4/1/20","0","1","27061","1"
"Jackson","0","1","Minnesota","4/1/20","1","0","27063","0"
"Kandiyohi","0","2","Minnesota","4/1/20","0","2","27067","1"
"Lac qui Parle","0","1","Minnesota","4/1/20","0","1","27073","1"
"Le Sueur","1","15","Minnesota","4/1/20","6","9","27079","150"
"Lincoln","0","1","Minnesota","4/1/20","0","1","27081","1"
"Lyon","0","2","Minnesota","4/1/20","0","2","27083","1"
"Mahnomen","0","1","Minnesota","4/1/20","0","1","27087","1"
"Martin","3","29","Minnesota","4/1/20","10","19","27091","190"
"Meeker","0","1","Minnesota","4/1/20","0","1","27093","1"
"Mower","1","14","Minnesota","4/1/20","6","8","27099","133.33"
"Nicollet","0","3","Minnesota","4/1/20","3","0","27103","0"
"Olmsted","6","61","Minnesota","4/1/20","21","40","27109","190.48"
"Otter Tail","0","1","Minnesota","4/1/20","0","1","27111","1"
"Ramsey","6","66","Minnesota","4/1/20","27","39","27123","144.44"
"Renville","0","1","Minnesota","4/1/20","1","0","27129","0"
"Rice","0","4","Minnesota","4/1/20","2","2","27131","100"
"Scott","1","10","Minnesota","4/1/20","6","4","27139","66.67"
"Sherburne","1","8","Minnesota","4/1/20","1","7","27141","700"
"Sibley","0","1","Minnesota","4/1/20","0","1","27143","1"
"St. Louis","1","13","Minnesota","4/1/20","3","10","27137","333.33"
"Stearns","0","5","Minnesota","4/1/20","5","0","27145","0"
"Steele","0","6","Minnesota","4/1/20","5","1","27147","20"
"Traverse","0","2","Minnesota","4/1/20","0","2","27155","1"
"Wabasha","0","6","Minnesota","4/1/20","3","3","27157","100"
"Waseca","0","3","Minnesota","4/1/20","1","2","27161","200"
"Washington","4","44","Minnesota","4/1/20","13","31","27163","238.46"
"Watonwan","0","2","Minnesota","4/1/20","0","2","27165","1"
"Wilkin","0","1","Minnesota","4/1/20","0","1","27167","1"
"Winona","1","10","Minnesota","4/1/20","2","8","27169","400"
"Wright","0","6","Minnesota","4/1/20","3","3","27171","100"
"Yellow Medicine","0","1","Minnesota","4/1/20","0","1","27173","1"
"Adams","1","11","Mississippi","4/1/20","2","9","28001","450"
"Alcorn","0","3","Mississippi","4/1/20","0","3","28003","1"
"Amite","0","4","Mississippi","4/1/20","1","3","28005","300"
"Attala","1","11","Mississippi","4/1/20","4","7","28007","175"
"Benton","1","4","Mississippi","4/1/20","0","4","28009","1"
"Bolivar","3","25","Mississippi","4/1/20","4","21","28011","525"
"Calhoun","0","3","Mississippi","4/1/20","1","2","28013","200"
"Carroll","0","2","Mississippi","4/1/20","0","2","28015","1"
"Chickasaw","1","15","Mississippi","4/1/20","6","9","28017","150"
"Choctaw","1","7","Mississippi","4/1/20","3","4","28019","133.33"
"Claiborne","0","1","Mississippi","4/1/20","0","1","28021","1"
"Clarke","1","5","Mississippi","4/1/20","0","5","28023","1"
"Clay","1","5","Mississippi","4/1/20","1","4","28025","400"
"Coahoma","2","22","Mississippi","4/1/20","11","11","28027","100"
"Copiah","0","9","Mississippi","4/1/20","6","3","28029","50"
"Covington","0","3","Mississippi","4/1/20","0","3","28031","1"
"DeSoto","8","94","Mississippi","4/1/20","36","58","28033","161.11"
"Forrest","2","27","Mississippi","4/1/20","15","12","28035","80"
"Franklin","0","3","Mississippi","4/1/20","3","0","28037","0"
"George","0","4","Mississippi","4/1/20","1","3","28039","300"
"Grenada","0","3","Mississippi","4/1/20","2","1","28043","50"
"Hancock","2","20","Mississippi","4/1/20","5","15","28045","300"
"Harrison","3","49","Mississippi","4/1/20","25","24","28047","96"
"Hinds","10","109","Mississippi","4/1/20","38","71","28049","186.84"
"Holmes","1","16","Mississippi","4/1/20","7","9","28051","128.57"
"Humphreys","0","4","Mississippi","4/1/20","1","3","28053","300"
"Itawamba","0","4","Mississippi","4/1/20","3","1","28057","33.33"
"Jackson","6","52","Mississippi","4/1/20","12","40","28059","333.33"
"Jasper","0","1","Mississippi","4/1/20","0","1","28061","1"
"Jefferson","0","1","Mississippi","4/1/20","0","1","28063","1"
"Jones","1","6","Mississippi","4/1/20","1","5","28067","500"
"Kemper","0","1","Mississippi","4/1/20","0","1","28069","1"
"Lafayette","1","15","Mississippi","4/1/20","8","7","28071","87.5"
"Lamar","1","6","Mississippi","4/1/20","2","4","28073","200"
"Lauderdale","6","39","Mississippi","4/1/20","0","39","28075","1"
"Lawrence","0","5","Mississippi","4/1/20","3","2","28077","66.67"
"Leake","0","5","Mississippi","4/1/20","3","2","28079","66.67"
"Lee","2","25","Mississippi","4/1/20","14","11","28081","78.57"
"Leflore","1","20","Mississippi","4/1/20","13","7","28083","53.85"
"Lincoln","1","13","Mississippi","4/1/20","4","9","28085","225"
"Lowndes","1","11","Mississippi","4/1/20","6","5","28087","83.33"
"Madison","5","53","Mississippi","4/1/20","17","36","28089","211.76"
"Marion","1","6","Mississippi","4/1/20","1","5","28091","500"
"Marshall","2","15","Mississippi","4/1/20","4","11","28093","275"
"Monroe","1","7","Mississippi","4/1/20","3","4","28095","133.33"
"Montgomery","1","8","Mississippi","4/1/20","4","4","28097","100"
"Neshoba","1","5","Mississippi","4/1/20","0","5","28099","1"
"Newton","0","2","Mississippi","4/1/20","1","1","28101","100"
"Noxubee","0","3","Mississippi","4/1/20","1","2","28103","200"
"Oktibbeha","2","18","Mississippi","4/1/20","7","11","28105","157.14"
"Panola","1","8","Mississippi","4/1/20","2","6","28107","300"
"Pearl River","3","32","Mississippi","4/1/20","13","19","28109","146.15"
"Perry","1","5","Mississippi","4/1/20","1","4","28111","400"
"Pike","1","20","Mississippi","4/1/20","10","10","28113","100"
"Pontotoc","1","6","Mississippi","4/1/20","2","4","28115","200"
"Prentiss","0","4","Mississippi","4/1/20","1","3","28117","300"
"Quitman","1","4","Mississippi","4/1/20","0","4","28119","1"
"Rankin","4","48","Mississippi","4/1/20","20","28","28121","140"
"Scott","1","12","Mississippi","4/1/20","3","9","28123","300"
"Sharkey","0","2","Mississippi","4/1/20","0","2","28125","1"
"Simpson","0","3","Mississippi","4/1/20","1","2","28127","200"
"Smith","0","1","Mississippi","4/1/20","1","0","28129","0"
"Sunflower","1","12","Mississippi","4/1/20","3","9","28133","300"
"Tallahatchie","0","2","Mississippi","4/1/20","2","0","28135","0"
"Tate","1","11","Mississippi","4/1/20","2","9","28137","450"
"Tippah","2","28","Mississippi","4/1/20","11","17","28139","154.55"
"Tishomingo","0","1","Mississippi","4/1/20","0","1","28141","1"
"Tunica","1","13","Mississippi","4/1/20","3","10","28143","333.33"
"Union","0","3","Mississippi","4/1/20","2","1","28145","50"
"Walthall","1","7","Mississippi","4/1/20","3","4","28147","133.33"
"Warren","0","2","Mississippi","4/1/20","0","2","28149","1"
"Washington","2","22","Mississippi","4/1/20","5","17","28151","340"
"Webster","1","7","Mississippi","4/1/20","2","5","28155","250"
"Wilkinson","2","16","Mississippi","4/1/20","5","11","28157","220"
"Winston","1","9","Mississippi","4/1/20","3","6","28159","200"
"Yalobusha","1","6","Mississippi","4/1/20","0","6","28161","1"
"Yazoo","1","9","Mississippi","4/1/20","3","6","28163","200"
"Adair","0","3","Missouri","4/1/20","1","2","29001","200"
"Atchison","0","1","Missouri","4/1/20","0","1","29005","1"
"Barry","0","1","Missouri","4/1/20","0","1","29009","1"
"Bates","0","2","Missouri","4/1/20","1","1","29013","100"
"Benton","0","3","Missouri","4/1/20","0","3","29015","1"
"Bollinger","0","1","Missouri","4/1/20","0","1","29017","1"
"Boone","6","66","Missouri","4/1/20","22","44","29019","200"
"Buchanan","1","5","Missouri","4/1/20","0","5","29021","1"
"Butler","0","1","Missouri","4/1/20","0","1","29023","1"
"Caldwell","0","1","Missouri","4/1/20","0","1","29025","1"
"Callaway","2","17","Missouri","4/1/20","2","15","29027","750"
"Camden","2","17","Missouri","4/1/20","1","16","29029","1600"
"Cape Girardeau","2","15","Missouri","4/1/20","3","12","29031","400"
"Carter","1","4","Missouri","4/1/20","0","4","29035","1"
"Cass","1","17","Missouri","4/1/20","8","9","29037","112.5"
"Cedar","1","5","Missouri","4/1/20","0","5","29039","1"
"Chariton","1","4","Missouri","4/1/20","0","4","29041","1"
"Christian","2","12","Missouri","4/1/20","1","11","29043","1100"
"Clay","3","21","Missouri","4/1/20","2","19","29047","950"
"Clinton","1","5","Missouri","4/1/20","1","4","29049","400"
"Cole","3","25","Missouri","4/1/20","6","19","29051","316.67"
"Cooper","0","2","Missouri","4/1/20","1","1","29053","100"
"Crawford","0","1","Missouri","4/1/20","0","1","29055","1"
"DeKalb","0","1","Missouri","4/1/20","0","1","29063","1"
"Dunklin","1","6","Missouri","4/1/20","1","5","29069","500"
"Franklin","2","16","Missouri","4/1/20","3","13","29071","433.33"
"Gasconade","0","1","Missouri","4/1/20","0","1","29073","1"
"Greene","4","51","Missouri","4/1/20","23","28","29077","121.74"
"Harrison","0","1","Missouri","4/1/20","0","1","29081","1"
"Henry","0","1","Missouri","4/1/20","1","0","29083","0"
"Jackson","10","86","Missouri","4/1/20","17","69","29095","405.88"
"Jasper","1","7","Missouri","4/1/20","2","5","29097","250"
"Jefferson","5","38","Missouri","4/1/20","5","33","29099","660"
"Johnson","2","19","Missouri","4/1/20","2","17","29101","850"
"Kansas City","12","128","Missouri","4/1/20","43","85","00000","197.67"
"Lafayette","3","20","Missouri","4/1/20","2","18","29107","900"
"Lincoln","1","10","Missouri","4/1/20","0","10","29113","1"
"Livingston","0","1","Missouri","4/1/20","0","1","29117","1"
"Macon","0","3","Missouri","4/1/20","0","3","29121","1"
"Maries","0","2","Missouri","4/1/20","0","2","29125","1"
"McDonald","0","2","Missouri","4/1/20","1","1","29119","100"
"Moniteau","0","2","Missouri","4/1/20","2","0","29135","0"
"Montgomery","0","2","Missouri","4/1/20","1","1","29139","100"
"Morgan","0","1","Missouri","4/1/20","0","1","29141","1"
"Newton","1","5","Missouri","4/1/20","1","4","29145","400"
"Osage","0","2","Missouri","4/1/20","0","2","29151","1"
"Pemiscot","0","2","Missouri","4/1/20","1","1","29155","100"
"Perry","2","18","Missouri","4/1/20","2","16","29157","800"
"Pettis","0","1","Missouri","4/1/20","0","1","29159","1"
"Pike","0","1","Missouri","4/1/20","0","1","29163","1"
"Platte","1","12","Missouri","4/1/20","2","10","29165","500"
"Pulaski","1","8","Missouri","4/1/20","4","4","29169","100"
"Ralls","0","1","Missouri","4/1/20","1","0","29173","0"
"Randolph","0","2","Missouri","4/1/20","1","1","29175","100"
"Ray","0","1","Missouri","4/1/20","0","1","29177","1"
"Reynolds","0","2","Missouri","4/1/20","0","2","29179","1"
"Ripley","0","2","Missouri","4/1/20","0","2","29181","1"
"Scott","1","6","Missouri","4/1/20","1","5","29201","500"
"Shelby","0","1","Missouri","4/1/20","1","0","29205","0"
"St. Charles","12","93","Missouri","4/1/20","12","81","29183","675"
"St. Francois","1","6","Missouri","4/1/20","2","4","29187","200"
"St. Louis","86","751","Missouri","4/1/20","148","603","29189","407.43"
"St. Louis City","27","239","Missouri","4/1/20","53","186","29510","350.94"
"Ste. Genevieve","0","3","Missouri","4/1/20","0","3","29186","1"
"Stoddard","0","3","Missouri","4/1/20","0","3","29207","1"
"Stone","0","2","Missouri","4/1/20","0","2","29209","1"
"Taney","0","2","Missouri","4/1/20","1","1","29213","100"
"Texas","0","1","Missouri","4/1/20","0","1","29215","1"
"Warren","1","6","Missouri","4/1/20","0","6","29219","1"
"Webster","0","2","Missouri","4/1/20","0","2","29225","1"
"Wright","1","4","Missouri","4/1/20","0","4","29229","1"
"Broadwater","0","3","Montana","4/1/20","2","1","30007","50"
"Cascade","1","9","Montana","4/1/20","3","6","30013","200"
"Deer Lodge","0","3","Montana","4/1/20","0","3","30023","1"
"Flathead","1","14","Montana","4/1/20","5","9","30029","180"
"Gallatin","7","76","Montana","4/1/20","24","52","30031","216.67"
"Hill","0","1","Montana","4/1/20","1","0","30041","0"
"Jefferson","0","2","Montana","4/1/20","1","1","30043","100"
"Lake","1","4","Montana","4/1/20","0","4","30047","1"
"Lewis and Clark","2","14","Montana","4/1/20","3","11","30049","366.67"
"Liberty","0","1","Montana","4/1/20","0","1","30051","1"
"Lincoln","1","5","Montana","4/1/20","0","5","30053","1"
"Madison","1","6","Montana","4/1/20","2","4","30057","200"
"Meagher","0","1","Montana","4/1/20","0","1","30059","1"
"Missoula","1","14","Montana","4/1/20","6","8","30063","133.33"
"Musselshell","0","1","Montana","4/1/20","0","1","30065","1"
"Park","0","3","Montana","4/1/20","0","3","30067","1"
"Ravalli","0","1","Montana","4/1/20","1","0","30081","0"
"Roosevelt","0","1","Montana","4/1/20","1","0","30085","0"
"Silver Bow","1","10","Montana","4/1/20","4","6","30093","150"
"Toole","1","7","Montana","4/1/20","0","7","30101","1"
"Yellowstone","3","32","Montana","4/1/20","12","20","30111","166.67"
"Adams","0","4","Nebraska","4/1/20","1","3","31001","300"
"Antelope","0","1","Nebraska","4/1/20","0","1","31003","1"
"Buffalo","1","7","Nebraska","4/1/20","2","5","31019","250"
"Cass","0","2","Nebraska","4/1/20","2","0","31025","0"
"Cuming","0","1","Nebraska","4/1/20","0","1","31039","1"
"Dawson","0","1","Nebraska","4/1/20","0","1","31047","1"
"Dodge","1","4","Nebraska","4/1/20","0","4","31053","1"
"Douglas","8","101","Nebraska","4/1/20","43","58","31055","134.88"
"Gage","0","0","Nebraska","4/1/20","1","-1","31067","-100"
"Gosper","0","1","Nebraska","4/1/20","0","1","31073","1"
"Hall","2","15","Nebraska","4/1/20","0","15","31079","1"
"Kearney","0","1","Nebraska","4/1/20","0","1","31099","1"
"Kimball","0","1","Nebraska","4/1/20","0","1","31105","1"
"Knox","0","2","Nebraska","4/1/20","2","0","31107","0"
"Lancaster","1","9","Nebraska","4/1/20","3","6","31109","200"
"Lincoln","1","9","Nebraska","4/1/20","3","6","31111","200"
"Madison","0","3","Nebraska","4/1/20","1","2","31119","200"
"Nemaha","0","1","Nebraska","4/1/20","1","0","31127","0"
"Platte","0","2","Nebraska","4/1/20","0","2","31141","1"
"Sarpy","1","17","Nebraska","4/1/20","8","9","31153","112.5"
"Saunders","0","2","Nebraska","4/1/20","1","1","31155","100"
"Scotts Bluff","0","3","Nebraska","4/1/20","0","3","31157","1"
"Washington","2","19","Nebraska","4/1/20","3","16","31177","533.33"
"York","0","1","Nebraska","4/1/20","0","1","31185","1"
"Carson City","0","5","Nevada","4/1/20","2","3","32510","150"
"Clark","102","961","Nevada","4/1/20","249","712","32003","285.94"
"Douglas","0","6","Nevada","4/1/20","3","3","32005","100"
"Elko","0","5","Nevada","4/1/20","2","3","32007","150"
"Humboldt","1","5","Nevada","4/1/20","0","5","32013","1"
"Lyon","0","1","Nevada","4/1/20","1","0","32019","0"
"Nye","0","4","Nevada","4/1/20","1","3","32023","300"
"Washoe","13","143","Nevada","4/1/20","50","93","32031","186"
"White Pine","0","1","Nevada","4/1/20","0","1","32033","1"
"Belknap","1","12","New Hampshire","4/1/20","7","5","33001","71.43"
"Carroll","1","12","New Hampshire","4/1/20","7","5","33003","71.43"
"Cheshire","0","4","New Hampshire","4/1/20","1","3","33005","300"
"Grafton","2","34","New Hampshire","4/1/20","21","13","33009","61.9"
"Hillsborough","13","109","New Hampshire","4/1/20","20","89","33011","445"
"Merrimack","3","27","New Hampshire","4/1/20","4","23","33013","575"
"Rockingham","14","137","New Hampshire","4/1/20","42","95","33015","226.19"
"Strafford","3","28","New Hampshire","4/1/20","5","23","33017","460"
"Sullivan","0","4","New Hampshire","4/1/20","1","3","33019","300"
"Atlantic","4","40","New Jersey","4/1/20","12","28","34001","233.33"
"Bergen","382","3494","New Jersey","4/1/20","819","2675","34003","326.62"
"Burlington","30","255","New Jersey","4/1/20","48","207","34005","431.25"
"Camden","33","289","New Jersey","4/1/20","61","228","34007","373.77"
"Cape May","3","22","New Jersey","4/1/20","4","18","34009","450"
"Cumberland","3","27","New Jersey","4/1/20","3","24","34011","800"
"Essex","269","2262","New Jersey","4/1/20","381","1881","34013","493.7"
"Gloucester","18","149","New Jersey","4/1/20","23","126","34015","547.83"
"Hudson","236","1910","New Jersey","4/1/20","260","1650","34017","634.62"
"Hunterdon","13","117","New Jersey","4/1/20","25","92","34019","368"
"Mercer","36","333","New Jersey","4/1/20","82","251","34021","306.1"
"Middlesex","168","1493","New Jersey","4/1/20","316","1177","34023","372.47"
"Monmouth","141","1301","New Jersey","4/1/20","313","988","34025","315.65"
"Morris","103","942","New Jersey","4/1/20","223","719","34027","322.42"
"Ocean","141","1209","New Jersey","4/1/20","222","987","34029","444.59"
"Passaic","177","1494","New Jersey","4/1/20","255","1239","34031","485.88"
"Salem","3","19","New Jersey","4/1/20","1","18","34033","1800"
"Somerset","51","472","New Jersey","4/1/20","117","355","34035","303.42"
"Sussex","19","158","New Jersey","4/1/20","27","131","34037","485.19"
"Union","200","1661","New Jersey","4/1/20","262","1399","34039","533.97"
"Warren","11","96","New Jersey","4/1/20","18","78","34041","433.33"
"Bernalillo","12","129","New Mexico","4/1/20","48","81","35001","168.75"
"Chaves","1","10","New Mexico","4/1/20","4","6","35005","150"
"Cibola","0","4","New Mexico","4/1/20","1","3","35006","300"
"Curry","0","3","New Mexico","4/1/20","1","2","35009","200"
"Dona Ana","1","18","New Mexico","4/1/20","13","5","35013","38.46"
"Eddy","0","4","New Mexico","4/1/20","1","3","35015","300"
"Lea","0","2","New Mexico","4/1/20","1","1","35025","100"
"McKinley","2","20","New Mexico","4/1/20","3","17","35031","566.67"
"Otero","0","1","New Mexico","4/1/20","0","1","35035","1"
"Rio Arriba","0","4","New Mexico","4/1/20","2","2","35039","100"
"Roosevelt","0","1","New Mexico","4/1/20","0","1","35041","1"
"San Juan","4","37","New Mexico","4/1/20","8","29","35045","362.5"
"San Miguel","0","1","New Mexico","4/1/20","1","0","35047","0"
"Sandoval","3","29","New Mexico","4/1/20","8","21","35043","262.5"
"Santa Fe","4","42","New Mexico","4/1/20","17","25","35049","147.06"
"Socorro","0","3","New Mexico","4/1/20","2","1","35053","50"
"Taos","1","11","New Mexico","4/1/20","3","8","35055","266.67"
"Torrance","0","3","New Mexico","4/1/20","0","3","35057","1"
"Valencia","1","5","New Mexico","4/1/20","0","5","35061","1"
"Albany","13","240","New York","4/1/20","152","88","36001","57.89"
"Allegany","1","10","New York","4/1/20","2","8","36003","400"
"Broome","4","42","New York","4/1/20","11","31","36007","281.82"
"Cattaraugus","1","7","New York","4/1/20","0","7","36009","1"
"Cayuga","0","4","New York","4/1/20","2","2","36011","100"
"Chautauqua","1","8","New York","4/1/20","2","6","36013","300"
"Chemung","3","22","New York","4/1/20","3","19","36015","633.33"
"Chenango","3","26","New York","4/1/20","3","23","36017","766.67"
"Clinton","2","25","New York","4/1/20","10","15","36019","150"
"Columbia","3","41","New York","4/1/20","19","22","36021","115.79"
"Cortland","1","10","New York","4/1/20","3","7","36023","233.33"
"Delaware","2","20","New York","4/1/20","5","15","36025","300"
"Dutchess","56","547","New York","4/1/20","153","394","36027","257.52"
"Erie","66","582","New York","4/1/20","122","460","36029","377.05"
"Essex","0","6","New York","4/1/20","4","2","36031","50"
"Franklin","1","9","New York","4/1/20","1","8","36033","800"
"Fulton","0","2","New York","4/1/20","1","1","36035","100"
"Genesee","2","13","New York","4/1/20","2","11","36037","550"
"Greene","2","18","New York","4/1/20","4","14","36039","350"
"Hamilton","0","2","New York","4/1/20","2","0","36041","0"
"Herkimer","1","12","New York","4/1/20","5","7","36043","140"
"Jefferson","1","12","New York","4/1/20","2","10","36045","500"
"Lewis","0","2","New York","4/1/20","0","2","36049","1"
"Livingston","2","18","New York","4/1/20","3","15","36051","500"
"Madison","8","62","New York","4/1/20","7","55","36053","785.71"
"Monroe","33","349","New York","4/1/20","118","231","36055","195.76"
"Montgomery","0","7","New York","4/1/20","4","3","36057","75"
"Nassau","896","9554","New York","4/1/20","3285","6269","36059","190.84"
"New York","4226","47439","New York","4/1/20","17856","29583","36061","165.68"
"Niagara","5","46","New York","4/1/20","12","34","36063","283.33"
"Oneida","6","50","New York","4/1/20","10","40","36065","400"
"Onondaga","28","277","New York","4/1/20","81","196","36067","241.98"
"Ontario","2","24","New York","4/1/20","9","15","36069","166.67"
"Orange","160","1756","New York","4/1/20","638","1118","36071","175.24"
"Orleans","1","6","New York","4/1/20","0","6","36073","1"
"Oswego","3","20","New York","4/1/20","2","18","36075","900"
"Otsego","2","19","New York","4/1/20","2","17","36077","850"
"Putnam","18","207","New York","4/1/20","84","123","36079","146.43"
"Rensselaer","3","55","New York","4/1/20","33","22","36083","66.67"
"Rockland","336","3321","New York","4/1/20","968","2353","36087","243.08"
"Saratoga","8","122","New York","4/1/20","64","58","36091","90.62"
"Schenectady","5","93","New York","4/1/20","55","38","36093","69.09"
"Schoharie","1","9","New York","4/1/20","2","7","36095","350"
"Schuyler","0","2","New York","4/1/20","0","2","36097","1"
"Seneca","0","2","New York","4/1/20","0","2","36099","1"
"St. Lawrence","5","34","New York","4/1/20","1","33","36089","3300"
"Steuben","4","38","New York","4/1/20","8","30","36101","375"
"Suffolk","764","7605","New York","4/1/20","2260","5345","36103","236.5"
"Sullivan","12","121","New York","4/1/20","39","82","36105","210.26"
"Tioga","1","8","New York","4/1/20","1","7","36107","700"
"Tompkins","8","76","New York","4/1/20","18","58","36109","322.22"
"Ulster","22","222","New York","4/1/20","65","157","36111","241.54"
"Warren","2","18","New York","4/1/20","2","16","36113","800"
"Washington","1","11","New York","4/1/20","4","7","36115","175"
"Wayne","2","24","New York","4/1/20","7","17","36117","242.86"
"Westchester","856","10683","New York","4/1/20","4691","5992","36119","127.73"
"Wyoming","1","10","New York","4/1/20","4","6","36121","150"
"Alamance","1","7","North Carolina","4/1/20","3","4","37001","133.33"
"Alexander","0","2","North Carolina","4/1/20","0","2","37003","1"
"Alleghany","0","2","North Carolina","4/1/20","0","2","37005","1"
"Anson","0","1","North Carolina","4/1/20","0","1","37007","1"
"Beaufort","1","7","North Carolina","4/1/20","3","4","37013","133.33"
"Bertie","0","6","North Carolina","4/1/20","3","3","37015","100"
"Brunswick","1","16","North Carolina","4/1/20","10","6","37019","60"
"Buncombe","1","22","North Carolina","4/1/20","12","10","37021","83.33"
"Burke","1","6","North Carolina","4/1/20","2","4","37023","200"
"Cabarrus","5","47","North Carolina","4/1/20","12","35","37025","291.67"
"Caldwell","0","3","North Carolina","4/1/20","3","0","37027","0"
"Carteret","1","14","North Carolina","4/1/20","5","9","37031","180"
"Caswell","0","1","North Carolina","4/1/20","0","1","37033","1"
"Catawba","2","16","North Carolina","4/1/20","4","12","37035","300"
"Chatham","1","16","North Carolina","4/1/20","6","10","37037","166.67"
"Cherokee","1","11","North Carolina","4/1/20","4","7","37039","175"
"Clay","0","3","North Carolina","4/1/20","0","3","37043","1"
"Cleveland","1","6","North Carolina","4/1/20","2","4","37045","200"
"Columbus","1","4","North Carolina","4/1/20","0","4","37047","1"
"Craven","1","7","North Carolina","4/1/20","3","4","37049","133.33"
"Cumberland","2","24","North Carolina","4/1/20","8","16","37051","200"
"Currituck","0","1","North Carolina","4/1/20","0","1","37053","1"
"Dare","0","2","North Carolina","4/1/20","1","1","37055","100"
"Davidson","5","41","North Carolina","4/1/20","3","38","37057","1266.67"
"Davie","2","12","North Carolina","4/1/20","1","11","37059","1100"
"Duplin","0","2","North Carolina","4/1/20","1","1","37061","100"
"Durham","7","126","North Carolina","4/1/20","74","52","37063","70.27"
"Edgecombe","0","3","North Carolina","4/1/20","0","3","37065","1"
"Forsyth","6","57","North Carolina","4/1/20","15","42","37067","280"
"Franklin","1","11","North Carolina","4/1/20","5","6","37069","120"
"Gaston","4","31","North Carolina","4/1/20","6","25","37071","416.67"
"Granville","2","16","North Carolina","4/1/20","1","15","37077","1500"
"Greene","1","4","North Carolina","4/1/20","0","4","37079","1"
"Guilford","5","55","North Carolina","4/1/20","22","33","37081","150"
"Halifax","1","6","North Carolina","4/1/20","0","6","37083","1"
"Harnett","1","18","North Carolina","4/1/20","10","8","37085","80"
"Henderson","2","18","North Carolina","4/1/20","2","16","37089","800"
"Hertford","0","4","North Carolina","4/1/20","2","2","37091","100"
"Hoke","0","4","North Carolina","4/1/20","2","2","37093","100"
"Hyde","0","0","North Carolina","4/1/20","1","-1","37095","-100"
"Iredell","2","25","North Carolina","4/1/20","11","14","37097","127.27"
"Jackson","0","1","North Carolina","4/1/20","1","0","37099","0"
"Johnston","1","17","North Carolina","4/1/20","8","9","37101","112.5"
"Lee","0","3","North Carolina","4/1/20","1","2","37105","200"
"Lenoir","0","3","North Carolina","4/1/20","2","1","37107","50"
"Lincoln","0","4","North Carolina","4/1/20","1","3","37109","300"
"Martin","0","3","North Carolina","4/1/20","0","3","37117","1"
"McDowell","1","8","North Carolina","4/1/20","2","6","37111","300"
"Mecklenburg","39","444","North Carolina","4/1/20","170","274","37119","161.18"
"Mitchell","0","1","North Carolina","4/1/20","0","1","37121","1"
"Montgomery","1","5","North Carolina","4/1/20","1","4","37123","400"
"Moore","1","8","North Carolina","4/1/20","2","6","37125","300"
"Nash","1","11","North Carolina","4/1/20","4","7","37127","175"
"New Hanover","3","34","North Carolina","4/1/20","10","24","37129","240"
"Northampton","4","30","North Carolina","4/1/20","1","29","37131","2900"
"Onslow","0","7","North Carolina","4/1/20","4","3","37133","75"
"Orange","3","34","North Carolina","4/1/20","13","21","37135","161.54"
"Pamlico","0","1","North Carolina","4/1/20","0","1","37137","1"
"Pasquotank","0","4","North Carolina","4/1/20","1","3","37139","300"
"Perquimans","0","1","North Carolina","4/1/20","0","1","37143","1"
"Person","0","2","North Carolina","4/1/20","1","1","37145","100"
"Pitt","3","27","North Carolina","4/1/20","6","21","37147","350"
"Polk","1","4","North Carolina","4/1/20","0","4","37149","1"
"Randolph","2","17","North Carolina","4/1/20","3","14","37151","466.67"
"Robeson","0","3","North Carolina","4/1/20","2","1","37155","50"
"Rockingham","0","2","North Carolina","4/1/20","0","2","37157","1"
"Rowan","3","24","North Carolina","4/1/20","6","18","37159","300"
"Rutherford","1","5","North Carolina","4/1/20","0","5","37161","1"
"Sampson","0","1","North Carolina","4/1/20","1","0","37163","0"
"Scotland","0","2","North Carolina","4/1/20","1","1","37165","100"
"Stanly","1","5","North Carolina","4/1/20","0","5","37167","1"
"Stokes","0","2","North Carolina","4/1/20","0","2","37169","1"
"Surry","0","2","North Carolina","4/1/20","0","2","37171","1"
"Transylvania","0","5","North Carolina","4/1/20","2","3","37175","150"
"Union","3","47","North Carolina","4/1/20","23","24","37179","104.35"
"Vance","0","5","North Carolina","4/1/20","2","3","37181","150"
"Wake","20","213","North Carolina","4/1/20","73","140","37183","191.78"
"Washington","0","2","North Carolina","4/1/20","0","2","37187","1"
"Watauga","0","6","North Carolina","4/1/20","3","3","37189","100"
"Wayne","0","5","North Carolina","4/1/20","3","2","37191","66.67"
"Wilkes","0","2","North Carolina","4/1/20","0","2","37193","1"
"Wilson","1","15","North Carolina","4/1/20","6","9","37195","150"
"Yadkin","0","3","North Carolina","4/1/20","0","3","37197","1"
"Barnes","0","2","North Dakota","4/1/20","0","2","38003","1"
"Burke","0","2","North Dakota","4/1/20","0","2","38013","1"
"Burleigh","2","32","North Dakota","4/1/20","18","14","38015","77.78"
"Cass","4","34","North Dakota","4/1/20","6","28","38017","466.67"
"Divide","0","1","North Dakota","4/1/20","0","1","38023","1"
"Dunn","0","1","North Dakota","4/1/20","1","0","38025","0"
"Foster","0","1","North Dakota","4/1/20","1","0","38031","0"
"Grand Forks","1","5","North Dakota","4/1/20","0","5","38035","1"
"Grant","0","1","North Dakota","4/1/20","0","1","38037","1"
"McHenry","0","1","North Dakota","4/1/20","0","1","38049","1"
"McIntosh","0","1","North Dakota","4/1/20","0","1","38051","1"
"McKenzie","0","1","North Dakota","4/1/20","0","1","38053","1"
"McLean","0","2","North Dakota","4/1/20","0","2","38055","1"
"Morton","1","14","North Dakota","4/1/20","8","6","38059","75"
"Mountrail","1","6","North Dakota","4/1/20","0","6","38061","1"
"Oliver","0","1","North Dakota","4/1/20","0","1","38065","1"
"Pierce","0","2","North Dakota","4/1/20","2","0","38069","0"
"Ramsey","0","3","North Dakota","4/1/20","3","0","38071","0"
"Rolette","0","1","North Dakota","4/1/20","0","1","38079","1"
"Sioux","0","1","North Dakota","4/1/20","0","1","38085","1"
"Stark","2","14","North Dakota","4/1/20","2","12","38089","600"
"Walsh","0","1","North Dakota","4/1/20","1","0","38099","0"
"Ward","1","12","North Dakota","4/1/20","3","9","38101","300"
"Williams","0","3","North Dakota","4/1/20","0","3","38105","1"
"","1","6","Northern Mariana Islands","4/1/20","0","6",,"1"
"Allen","1","6","Ohio","4/1/20","0","6","39003","1"
"Ashland","0","2","Ohio","4/1/20","1","1","39005","100"
"Ashtabula","0","6","Ohio","4/1/20","3","3","39007","100"
"Athens","0","3","Ohio","4/1/20","0","3","39009","1"
"Auglaize","0","3","Ohio","4/1/20","0","3","39011","1"
"Belmont","1","11","Ohio","4/1/20","3","8","39013","266.67"
"Brown","0","2","Ohio","4/1/20","0","2","39015","1"
"Butler","3","41","Ohio","4/1/20","18","23","39017","127.78"
"Carroll","0","5","Ohio","4/1/20","3","2","39019","66.67"
"Champaign","0","4","Ohio","4/1/20","1","3","39021","300"
"Clark","1","6","Ohio","4/1/20","2","4","39023","200"
"Clermont","1","11","Ohio","4/1/20","5","6","39025","120"
"Clinton","0","4","Ohio","4/1/20","2","2","39027","100"
"Columbiana","2","19","Ohio","4/1/20","4","15","39029","375"
"Coshocton","0","7","Ohio","4/1/20","4","3","39031","75"
"Crawford","1","5","Ohio","4/1/20","1","4","39033","400"
"Cuyahoga","55","589","Ohio","4/1/20","206","383","39035","185.92"
"Darke","3","22","Ohio","4/1/20","1","21","39037","2100"
"Defiance","1","6","Ohio","4/1/20","2","4","39039","200"
"Delaware","5","47","Ohio","4/1/20","12","35","39041","291.67"
"Erie","0","5","Ohio","4/1/20","2","3","39043","150"
"Fairfield","2","22","Ohio","4/1/20","5","17","39045","340"
"Fayette","0","1","Ohio","4/1/20","1","0","39047","0"
"Franklin","43","391","Ohio","4/1/20","88","303","39049","344.32"
"Fulton","0","2","Ohio","4/1/20","0","2","39051","1"
"Gallia","0","1","Ohio","4/1/20","1","0","39053","0"
"Geauga","3","25","Ohio","4/1/20","4","21","39055","525"
"Greene","1","8","Ohio","4/1/20","3","5","39057","166.67"
"Hamilton","15","154","Ohio","4/1/20","48","106","39061","220.83"
"Hancock","1","6","Ohio","4/1/20","1","5","39063","500"
"Highland","0","2","Ohio","4/1/20","1","1","39071","100"
"Holmes","0","1","Ohio","4/1/20","0","1","39075","1"
"Huron","0","4","Ohio","4/1/20","2","2","39077","100"
"Jefferson","2","11","Ohio","4/1/20","0","11","39081","1"
"Knox","0","4","Ohio","4/1/20","2","2","39083","100"
"Lake","5","48","Ohio","4/1/20","14","34","39085","242.86"
"Lawrence","0","1","Ohio","4/1/20","1","0","39087","0"
"Licking","3","24","Ohio","4/1/20","3","21","39089","700"
"Logan","0","3","Ohio","4/1/20","2","1","39091","50"
"Lorain","7","85","Ohio","4/1/20","37","48","39093","129.73"
"Lucas","21","171","Ohio","4/1/20","23","148","39095","643.48"
"Madison","1","9","Ohio","4/1/20","2","7","39097","350"
"Mahoning","19","177","Ohio","4/1/20","42","135","39099","321.43"
"Marion","1","9","Ohio","4/1/20","4","5","39101","125"
"Medina","5","59","Ohio","4/1/20","22","37","39103","168.18"
"Mercer","0","4","Ohio","4/1/20","1","3","39107","300"
"Miami","6","60","Ohio","4/1/20","19","41","39109","215.79"
"Montgomery","4","41","Ohio","4/1/20","14","27","39113","192.86"
"Morrow","0","1","Ohio","4/1/20","0","1","39117","1"
"Muskingum","0","2","Ohio","4/1/20","0","2","39119","1"
"Ottawa","1","4","Ohio","4/1/20","0","4","39123","1"
"Perry","0","2","Ohio","4/1/20","0","2","39127","1"
"Pickaway","2","12","Ohio","4/1/20","1","11","39129","1100"
"Pike","0","1","Ohio","4/1/20","0","1","39131","1"
"Portage","6","44","Ohio","4/1/20","4","40","39133","1000"
"Preble","0","1","Ohio","4/1/20","0","1","39135","1"
"Richland","1","8","Ohio","4/1/20","4","4","39139","100"
"Ross","0","2","Ohio","4/1/20","0","2","39141","1"
"Sandusky","1","5","Ohio","4/1/20","1","4","39143","400"
"Seneca","0","4","Ohio","4/1/20","1","3","39147","300"
"Shelby","1","6","Ohio","4/1/20","0","6","39149","1"
"Stark","6","52","Ohio","4/1/20","13","39","39151","300"
"Summit","15","144","Ohio","4/1/20","42","102","39153","242.86"
"Trumbull","7","58","Ohio","4/1/20","9","49","39155","544.44"
"Tuscarawas","2","14","Ohio","4/1/20","3","11","39157","366.67"
"Union","0","4","Ohio","4/1/20","3","1","39159","33.33"
"Van Wert","0","2","Ohio","4/1/20","0","2","39161","1"
"Warren","2","23","Ohio","4/1/20","8","15","39165","187.5"
"Washington","0","3","Ohio","4/1/20","1","2","39167","200"
"Wayne","1","11","Ohio","4/1/20","1","10","39169","1000"
"Wood","2","15","Ohio","4/1/20","3","12","39173","400"
"Wyandot","0","2","Ohio","4/1/20","0","2","39175","1"
"Adair","1","8","Oklahoma","4/1/20","2","6","40001","300"
"Beckham","0","1","Oklahoma","4/1/20","0","1","40009","1"
"Bryan","0","1","Oklahoma","4/1/20","1","0","40013","0"
"Caddo","0","1","Oklahoma","4/1/20","0","1","40015","1"
"Canadian","3","24","Oklahoma","4/1/20","5","19","40017","380"
"Carter","0","1","Oklahoma","4/1/20","1","0","40019","0"
"Cherokee","1","7","Oklahoma","4/1/20","0","7","40021","1"
"Choctaw","0","1","Oklahoma","4/1/20","0","1","40023","1"
"Cleveland","9","87","Oklahoma","4/1/20","27","60","40027","222.22"
"Comanche","3","21","Oklahoma","4/1/20","0","21","40031","1"
"Cotton","0","1","Oklahoma","4/1/20","0","1","40033","1"
"Craig","0","2","Oklahoma","4/1/20","0","2","40035","1"
"Creek","3","27","Oklahoma","4/1/20","5","22","40037","440"
"Custer","0","4","Oklahoma","4/1/20","3","1","40039","33.33"
"Delaware","1","8","Oklahoma","4/1/20","1","7","40041","700"
"Garfield","1","4","Oklahoma","4/1/20","0","4","40047","1"
"Garvin","1","7","Oklahoma","4/1/20","2","5","40049","250"
"Grady","0","3","Oklahoma","4/1/20","1","2","40051","200"
"Greer","0","2","Oklahoma","4/1/20","0","2","40055","1"
"Jackson","0","2","Oklahoma","4/1/20","1","1","40065","100"
"Kay","3","24","Oklahoma","4/1/20","5","19","40071","380"
"Latimer","0","2","Oklahoma","4/1/20","0","2","40077","1"
"Le Flore","0","1","Oklahoma","4/1/20","0","1","40079","1"
"Lincoln","1","5","Oklahoma","4/1/20","0","5","40081","1"
"Logan","0","4","Oklahoma","4/1/20","3","1","40083","33.33"
"Love","0","1","Oklahoma","4/1/20","0","1","40085","1"
"Mayes","1","5","Oklahoma","4/1/20","1","4","40097","400"
"McClain","1","9","Oklahoma","4/1/20","1","8","40087","800"
"Muskogee","2","13","Oklahoma","4/1/20","1","12","40101","1200"
"Noble","0","5","Oklahoma","4/1/20","2","3","40103","150"
"Nowata","1","5","Oklahoma","4/1/20","0","5","40105","1"
"Oklahoma","20","192","Oklahoma","4/1/20","55","137","40109","249.09"
"Okmulgee","1","4","Oklahoma","4/1/20","0","4","40111","1"
"Osage","3","19","Oklahoma","4/1/20","1","18","40113","1800"
"Ottawa","1","7","Oklahoma","4/1/20","0","7","40115","1"
"Out of OK","0","2","Oklahoma","4/1/20","0","2","80040","1"
"Pawnee","1","15","Oklahoma","4/1/20","7","8","40117","114.29"
"Payne","2","16","Oklahoma","4/1/20","3","13","40119","433.33"
"Pittsburg","0","2","Oklahoma","4/1/20","0","2","40121","1"
"Pontotoc","1","5","Oklahoma","4/1/20","1","4","40123","400"
"Pottawatomie","1","6","Oklahoma","4/1/20","1","5","40125","500"
"Rogers","1","4","Oklahoma","4/1/20","0","4","40131","1"
"Seminole","0","1","Oklahoma","4/1/20","0","1","40133","1"
"Sequoyah","0","2","Oklahoma","4/1/20","0","2","40135","1"
"Stephens","1","6","Oklahoma","4/1/20","1","5","40137","500"
"Texas","0","1","Oklahoma","4/1/20","0","1","40139","1"
"Tulsa","13","115","Oklahoma","4/1/20","27","88","40143","325.93"
"Wagoner","2","15","Oklahoma","4/1/20","3","12","40145","400"
"Washington","3","23","Oklahoma","4/1/20","3","20","40147","666.67"
"Benton","1","13","Oregon","4/1/20","6","7","41003","116.67"
"Clackamas","5","56","Oregon","4/1/20","21","35","41005","166.67"
"Clatsop","0","3","Oregon","4/1/20","1","2","41007","200"
"Columbia","0","1","Oregon","4/1/20","0","1","41009","1"
"Deschutes","2","27","Oregon","4/1/20","10","17","41017","170"
"Douglas","1","10","Oregon","4/1/20","3","7","41019","233.33"
"Grant","0","1","Oregon","4/1/20","1","0","41023","0"
"Hood River","0","2","Oregon","4/1/20","1","1","41027","100"
"Jackson","3","22","Oregon","4/1/20","4","18","41029","450"
"Josephine","1","10","Oregon","4/1/20","2","8","41033","400"
"Klamath","1","5","Oregon","4/1/20","1","4","41035","400"
"Lane","2","18","Oregon","4/1/20","5","13","41039","260"
"Lincoln","0","3","Oregon","4/1/20","1","2","41041","200"
"Linn","2","37","Oregon","4/1/20","25","12","41043","48"
"Malheur","0","1","Oregon","4/1/20","0","1","41045","1"
"Marion","15","151","Oregon","4/1/20","43","108","41047","251.16"
"Morrow","0","1","Oregon","4/1/20","0","1","41049","1"
"Multnomah","14","134","Oregon","4/1/20","33","101","41051","306.06"
"Polk","2","18","Oregon","4/1/20","3","15","41053","500"
"Tillamook","0","3","Oregon","4/1/20","0","3","41057","1"
"Umatilla","0","5","Oregon","4/1/20","2","3","41059","150"
"Union","0","1","Oregon","4/1/20","1","0","41061","0"
"Wallowa","0","1","Oregon","4/1/20","0","1","41063","1"
"Wasco","1","7","Oregon","4/1/20","0","7","41065","1"
"Washington","13","189","Oregon","4/1/20","96","93","41067","96.88"
"Yamhill","1","17","Oregon","4/1/20","7","10","41071","142.86"
"Adams","1","12","Pennsylvania","4/1/20","6","6","42001","100"
"Allegheny","38","356","Pennsylvania","4/1/20","88","268","42003","304.55"
"Armstrong","1","5","Pennsylvania","4/1/20","1","4","42005","400"
"Beaver","7","54","Pennsylvania","4/1/20","7","47","42007","671.43"
"Bedford","0","3","Pennsylvania","4/1/20","0","3","42009","1"
"Berks","19","151","Pennsylvania","4/1/20","20","131","42011","655"
"Blair","1","4","Pennsylvania","4/1/20","0","4","42013","1"
"Bradford","1","8","Pennsylvania","4/1/20","1","7","42015","700"
"Bucks","33","319","Pennsylvania","4/1/20","86","233","42017","270.93"
"Butler","7","64","Pennsylvania","4/1/20","12","52","42019","433.33"
"Cambria","0","3","Pennsylvania","4/1/20","1","2","42021","200"
"Cameron","0","1","Pennsylvania","4/1/20","0","1","42023","1"
"Carbon","3","23","Pennsylvania","4/1/20","1","22","42025","2200"
"Centre","3","27","Pennsylvania","4/1/20","8","19","42027","237.5"
"Chester","18","183","Pennsylvania","4/1/20","54","129","42029","238.89"
"Clarion","1","4","Pennsylvania","4/1/20","0","4","42031","1"
"Clearfield","0","4","Pennsylvania","4/1/20","2","2","42033","100"
"Columbia","1","8","Pennsylvania","4/1/20","1","7","42037","700"
"Crawford","1","5","Pennsylvania","4/1/20","0","5","42039","1"
"Cumberland","4","38","Pennsylvania","4/1/20","13","25","42041","192.31"
"Dauphin","7","59","Pennsylvania","4/1/20","10","49","42043","490"
"Delaware","41","390","Pennsylvania","4/1/20","101","289","42045","286.14"
"Erie","1","15","Pennsylvania","4/1/20","5","10","42049","200"
"Fayette","1","14","Pennsylvania","4/1/20","4","10","42051","250"
"Franklin","2","21","Pennsylvania","4/1/20","5","16","42055","320"
"Greene","1","9","Pennsylvania","4/1/20","2","7","42059","350"
"Huntingdon","0","1","Pennsylvania","4/1/20","0","1","42061","1"
"Indiana","1","6","Pennsylvania","4/1/20","0","6","42063","1"
"Juniata","0","2","Pennsylvania","4/1/20","1","1","42067","100"
"Lackawanna","10","85","Pennsylvania","4/1/20","18","67","42069","372.22"
"Lancaster","21","157","Pennsylvania","4/1/20","12","145","42071","1208.33"
"Lawrence","2","13","Pennsylvania","4/1/20","1","12","42073","1200"
"Lebanon","5","36","Pennsylvania","4/1/20","3","33","42075","1100"
"Lehigh","48","374","Pennsylvania","4/1/20","38","336","42077","884.21"
"Luzerne","36","282","Pennsylvania","4/1/20","27","255","42079","944.44"
"Lycoming","1","7","Pennsylvania","4/1/20","1","6","42081","600"
"McKean","0","1","Pennsylvania","4/1/20","0","1","42083","1"
"Mercer","1","8","Pennsylvania","4/1/20","2","6","42085","300"
"Mifflin","0","1","Pennsylvania","4/1/20","0","1","42087","1"
"Monroe","32","278","Pennsylvania","4/1/20","51","227","42089","445.1"
"Montgomery","61","649","Pennsylvania","4/1/20","219","430","42091","196.35"
"Montour","1","13","Pennsylvania","4/1/20","4","9","42093","225"
"Northampton","38","312","Pennsylvania","4/1/20","44","268","42095","609.09"
"Northumberland","1","6","Pennsylvania","4/1/20","0","6","42097","1"
"Perry","0","1","Pennsylvania","4/1/20","0","1","42099","1"
"Philadelphia","190","1675","Pennsylvania","4/1/20","342","1333","42101","389.77"
"Pike","7","57","Pennsylvania","4/1/20","8","49","42103","612.5"
"Potter","0","2","Pennsylvania","4/1/20","1","1","42105","100"
"Schuylkill","6","47","Pennsylvania","4/1/20","7","40","42107","571.43"
"Snyder","0","3","Pennsylvania","4/1/20","0","3","42109","1"
"Somerset","0","3","Pennsylvania","4/1/20","2","1","42111","50"
"Susquehanna","0","2","Pennsylvania","4/1/20","0","2","42115","1"
"Tioga","0","2","Pennsylvania","4/1/20","0","2","42117","1"
"Union","0","2","Pennsylvania","4/1/20","0","2","42119","1"
"Venango","0","3","Pennsylvania","4/1/20","0","3","42121","1"
"Warren","0","1","Pennsylvania","4/1/20","1","0","42123","0"
"Washington","4","35","Pennsylvania","4/1/20","10","25","42125","250"
"Wayne","1","14","Pennsylvania","4/1/20","4","10","42127","250"
"Westmoreland","8","72","Pennsylvania","4/1/20","16","56","42129","350"
"York","8","79","Pennsylvania","4/1/20","20","59","42133","295"
"","34","286","Puerto Rico","4/1/20","51","235",,"460.78"
"Bristol","-1","18","Rhode Island","4/1/20","24","-6","44001","-25"
"Kent","5","39","Rhode Island","4/1/20","7","32","44003","457.14"
"Newport","2","23","Rhode Island","4/1/20","9","14","44005","155.56"
"Providence","36","301","Rhode Island","4/1/20","52","249","44007","478.85"
"Washington","2","25","Rhode Island","4/1/20","9","16","44009","177.78"
"Abbeville","0","4","South Carolina","4/1/20","3","1","45001","33.33"
"Aiken","2","18","South Carolina","4/1/20","2","16","45003","800"
"Allendale","0","1","South Carolina","4/1/20","0","1","45005","1"
"Anderson","4","47","South Carolina","4/1/20","19","28","45007","147.37"
"Bamberg","1","4","South Carolina","4/1/20","0","4","45009","1"
"Barnwell","0","2","South Carolina","4/1/20","0","2","45011","1"
"Beaufort","11","101","South Carolina","4/1/20","26","75","45013","288.46"
"Berkeley","2","18","South Carolina","4/1/20","5","13","45015","260"
"Calhoun","0","3","South Carolina","4/1/20","1","2","45017","200"
"Charleston","20","190","South Carolina","4/1/20","52","138","45019","265.38"
"Chester","0","3","South Carolina","4/1/20","1","2","45023","200"
"Chesterfield","1","9","South Carolina","4/1/20","3","6","45025","200"
"Clarendon","3","28","South Carolina","4/1/20","5","23","45027","460"
"Colleton","1","5","South Carolina","4/1/20","1","4","45029","400"
"Darlington","0","11","South Carolina","4/1/20","8","3","45031","37.5"
"Dillon","0","1","South Carolina","4/1/20","1","0","45033","0"
"Dorchester","3","27","South Carolina","4/1/20","4","23","45035","575"
"Edgefield","0","4","South Carolina","4/1/20","1","3","45037","300"
"Fairfield","1","7","South Carolina","4/1/20","3","4","45039","133.33"
"Florence","2","21","South Carolina","4/1/20","5","16","45041","320"
"Georgetown","2","14","South Carolina","4/1/20","2","12","45043","600"
"Greenville","11","129","South Carolina","4/1/20","50","79","45045","158"
"Greenwood","1","6","South Carolina","4/1/20","2","4","45047","200"
"Horry","3","42","South Carolina","4/1/20","20","22","45051","110"
"Jasper","0","4","South Carolina","4/1/20","2","2","45053","100"
"Kershaw","8","116","South Carolina","4/1/20","63","53","45055","84.13"
"Lancaster","2","17","South Carolina","4/1/20","6","11","45057","183.33"
"Laurens","1","4","South Carolina","4/1/20","0","4","45059","1"
"Lee","0","5","South Carolina","4/1/20","2","3","45061","150"
"Lexington","6","61","South Carolina","4/1/20","18","43","45063","238.89"
"Marion","0","2","South Carolina","4/1/20","1","1","45067","100"
"Marlboro","0","2","South Carolina","4/1/20","1","1","45069","100"
"Newberry","0","2","South Carolina","4/1/20","1","1","45071","100"
"Oconee","0","5","South Carolina","4/1/20","2","3","45073","150"
"Orangeburg","2","24","South Carolina","4/1/20","9","15","45075","166.67"
"Pickens","1","14","South Carolina","4/1/20","6","8","45077","133.33"
"Richland","17","176","South Carolina","4/1/20","59","117","45079","198.31"
"Saluda","0","1","South Carolina","4/1/20","1","0","45081","0"
"Spartanburg","5","45","South Carolina","4/1/20","9","36","45083","400"
"Sumter","5","48","South Carolina","4/1/20","10","38","45085","380"
"Union","0","3","South Carolina","4/1/20","1","2","45087","200"
"Williamsburg","0","3","South Carolina","4/1/20","1","2","45089","200"
"York","7","66","South Carolina","4/1/20","18","48","45091","266.67"
"Aurora","0","1","South Dakota","4/1/20","0","1","46003","1"
"Beadle","1","21","South Dakota","4/1/20","13","8","46005","61.54"
"Bon Homme","0","1","South Dakota","4/1/20","1","0","46009","0"
"Brookings","0","2","South Dakota","4/1/20","1","1","46011","100"
"Brown","0","4","South Dakota","4/1/20","2","2","46013","100"
"Charles Mix","0","1","South Dakota","4/1/20","1","0","46023","0"
"Clark","0","1","South Dakota","4/1/20","0","1","46025","1"
"Clay","0","3","South Dakota","4/1/20","0","3","46027","1"
"Codington","1","5","South Dakota","4/1/20","1","4","46029","400"
"Davison","0","2","South Dakota","4/1/20","2","0","46035","0"
"Deuel","0","1","South Dakota","4/1/20","0","1","46039","1"
"Fall River","0","1","South Dakota","4/1/20","0","1","46047","1"
"Faulk","0","1","South Dakota","4/1/20","0","1","46049","1"
"Hamlin","0","1","South Dakota","4/1/20","0","1","46057","1"
"Hughes","0","2","South Dakota","4/1/20","1","1","46065","100"
"Hutchinson","0","2","South Dakota","4/1/20","0","2","46067","1"
"Lawrence","1","6","South Dakota","4/1/20","0","6","46081","1"
"Lincoln","1","11","South Dakota","4/1/20","1","10","46083","1000"
"Lyman","0","1","South Dakota","4/1/20","1","0","46085","0"
"Marshall","0","1","South Dakota","4/1/20","0","1","46091","1"
"McCook","0","2","South Dakota","4/1/20","2","0","46087","0"
"Meade","0","1","South Dakota","4/1/20","1","0","46093","0"
"Minnehaha","4","40","South Dakota","4/1/20","13","27","46099","207.69"
"Pennington","1","5","South Dakota","4/1/20","1","4","46103","400"
"Roberts","0","2","South Dakota","4/1/20","0","2","46109","1"
"Todd","0","1","South Dakota","4/1/20","0","1","46121","1"
"Turner","0","1","South Dakota","4/1/20","0","1","46125","1"
"Union","0","1","South Dakota","4/1/20","0","1","46127","1"
"Yankton","1","8","South Dakota","4/1/20","0","8","46135","1"
"Anderson","1","10","Tennessee","4/1/20","3","7","47001","233.33"
"Bedford","0","4","Tennessee","4/1/20","1","3","47003","300"
"Benton","1","4","Tennessee","4/1/20","0","4","47005","1"
"Bledsoe","0","2","Tennessee","4/1/20","0","2","47007","1"
"Blount","4","28","Tennessee","4/1/20","3","25","47009","833.33"
"Bradley","2","14","Tennessee","4/1/20","3","11","47011","366.67"
"Campbell","0","4","Tennessee","4/1/20","2","2","47013","100"
"Cannon","0","3","Tennessee","4/1/20","0","3","47015","1"
"Carroll","0","5","Tennessee","4/1/20","3","2","47017","66.67"
"Carter","0","1","Tennessee","4/1/20","0","1","47019","1"
"Cheatham","1","11","Tennessee","4/1/20","7","4","47021","57.14"
"Chester","0","3","Tennessee","4/1/20","1","2","47023","200"
"Claiborne","0","2","Tennessee","4/1/20","1","1","47025","100"
"Clay","0","1","Tennessee","4/1/20","0","1","47027","1"
"Cocke","0","1","Tennessee","4/1/20","1","0","47029","0"
"Coffee","0","1","Tennessee","4/1/20","0","1","47031","1"
"Cumberland","2","14","Tennessee","4/1/20","3","11","47035","366.67"
"Davidson","59","673","Tennessee","4/1/20","257","416","47037","161.87"
"DeKalb","1","5","Tennessee","4/1/20","0","5","47041","1"
"Dickson","2","18","Tennessee","4/1/20","5","13","47043","260"
"Dyer","0","3","Tennessee","4/1/20","2","1","47045","50"
"Fayette","2","14","Tennessee","4/1/20","3","11","47047","366.67"
"Fentress","0","1","Tennessee","4/1/20","0","1","47049","1"
"Franklin","1","7","Tennessee","4/1/20","1","6","47051","600"
"Gibson","1","6","Tennessee","4/1/20","2","4","47053","200"
"Giles","0","3","Tennessee","4/1/20","0","3","47055","1"
"Grainger","0","3","Tennessee","4/1/20","0","3","47057","1"
"Greene","1","15","Tennessee","4/1/20","7","8","47059","114.29"
"Grundy","1","6","Tennessee","4/1/20","1","5","47061","500"
"Hamblen","0","3","Tennessee","4/1/20","2","1","47063","50"
"Hamilton","3","50","Tennessee","4/1/20","26","24","47065","92.31"
"Hardeman","1","4","Tennessee","4/1/20","0","4","47069","1"
"Hardin","0","2","Tennessee","4/1/20","1","1","47071","100"
"Hawkins","1","5","Tennessee","4/1/20","1","4","47073","400"
"Haywood","0","2","Tennessee","4/1/20","0","2","47075","1"
"Henry","0","1","Tennessee","4/1/20","0","1","47079","1"
"Hickman","0","1","Tennessee","4/1/20","0","1","47081","1"
"Houston","0","1","Tennessee","4/1/20","3","-2","47083","-66.67"
"Humphreys","0","2","Tennessee","4/1/20","0","2","47085","1"
"Jefferson","0","6","Tennessee","4/1/20","4","2","47089","50"
"Johnson","0","2","Tennessee","4/1/20","0","2","47091","1"
"Knox","8","78","Tennessee","4/1/20","20","58","47093","290"
"Lauderdale","0","1","Tennessee","4/1/20","0","1","47097","1"
"Lawrence","0","2","Tennessee","4/1/20","0","2","47099","1"
"Lewis","0","2","Tennessee","4/1/20","1","1","47101","100"
"Lincoln","0","2","Tennessee","4/1/20","1","1","47103","100"
"Loudon","1","8","Tennessee","4/1/20","3","5","47105","166.67"
"Macon","1","4","Tennessee","4/1/20","0","4","47111","1"
"Madison","1","7","Tennessee","4/1/20","2","5","47113","250"
"Marion","1","8","Tennessee","4/1/20","1","7","47115","700"
"Marshall","0","1","Tennessee","4/1/20","0","1","47117","1"
"Maury","1","17","Tennessee","4/1/20","7","10","47119","142.86"
"McMinn","0","3","Tennessee","4/1/20","2","1","47107","50"
"McNairy","0","1","Tennessee","4/1/20","0","1","47109","1"
"Meigs","0","1","Tennessee","4/1/20","0","1","47121","1"
"Monroe","0","5","Tennessee","4/1/20","2","3","47123","150"
"Montgomery","3","27","Tennessee","4/1/20","6","21","47125","350"
"Morgan","0","1","Tennessee","4/1/20","0","1","47129","1"
"Obion","0","2","Tennessee","4/1/20","0","2","47131","1"
"Out of TN","20","243","Tennessee","4/1/20","100","143","80047","143"
"Overton","0","2","Tennessee","4/1/20","1","1","47133","100"
"Perry","0","2","Tennessee","4/1/20","1","1","47135","100"
"Putnam","3","31","Tennessee","4/1/20","9","22","47141","244.44"
"Rhea","0","1","Tennessee","4/1/20","0","1","47143","1"
"Roane","0","2","Tennessee","4/1/20","1","1","47145","100"
"Robertson","3","35","Tennessee","4/1/20","15","20","47147","133.33"
"Rutherford","10","86","Tennessee","4/1/20","19","67","47149","352.63"
"Scott","0","3","Tennessee","4/1/20","1","2","47151","200"
"Sequatchie","0","1","Tennessee","4/1/20","0","1","47153","1"
"Sevier","1","9","Tennessee","4/1/20","2","7","47155","350"
"Shelby","47","496","Tennessee","4/1/20","170","326","47157","191.76"
"Smith","0","3","Tennessee","4/1/20","0","3","47159","1"
"Sullivan","2","17","Tennessee","4/1/20","2","15","47163","750"
"Sumner","24","201","Tennessee","4/1/20","36","165","47165","458.33"
"Tipton","2","22","Tennessee","4/1/20","6","16","47167","266.67"
"Trousdale","1","5","Tennessee","4/1/20","0","5","47169","1"
"Unicoi","0","1","Tennessee","4/1/20","0","1","47171","1"
"Union","0","1","Tennessee","4/1/20","0","1","47173","1"
"Warren","0","1","Tennessee","4/1/20","0","1","47177","1"
"Washington","2","21","Tennessee","4/1/20","7","14","47179","200"
"Wayne","0","1","Tennessee","4/1/20","0","1","47181","1"
"Weakley","0","1","Tennessee","4/1/20","0","1","47183","1"
"White","0","2","Tennessee","4/1/20","1","1","47185","100"
"Williamson","12","148","Tennessee","4/1/20","66","82","47187","124.24"
"Wilson","5","45","Tennessee","4/1/20","10","35","47189","350"
"Anderson","0","1","Texas","4/1/20","0","1","48001","1"
"Angelina","1","5","Texas","4/1/20","0","5","48005","1"
"Atascosa","0","2","Texas","4/1/20","2","0","48013","0"
"Austin","0","2","Texas","4/1/20","0","2","48015","1"
"Bastrop","1","8","Texas","4/1/20","1","7","48021","700"
"Bell","4","46","Texas","4/1/20","19","27","48027","142.11"
"Bexar","20","207","Texas","4/1/20","69","138","48029","200"
"Blanco","0","1","Texas","4/1/20","1","0","48031","0"
"Bowie","1","9","Texas","4/1/20","1","8","48037","800"
"Brazoria","10","95","Texas","4/1/20","28","67","48039","239.29"
"Brazos","6","63","Texas","4/1/20","21","42","48041","200"
"Brown","0","3","Texas","4/1/20","2","1","48049","50"
"Burleson","0","1","Texas","4/1/20","0","1","48051","1"
"Burnet","0","3","Texas","4/1/20","1","2","48053","200"
"Caldwell","0","1","Texas","4/1/20","0","1","48055","1"
"Calhoun","1","7","Texas","4/1/20","2","5","48057","250"
"Cameron","3","26","Texas","4/1/20","7","19","48061","271.43"
"Camp","0","1","Texas","4/1/20","0","1","48063","1"
"Cass","0","3","Texas","4/1/20","1","2","48067","200"
"Castro","0","8","Texas","4/1/20","5","3","48069","60"
"Chambers","1","9","Texas","4/1/20","1","8","48071","800"
"Cherokee","1","5","Texas","4/1/20","0","5","48073","1"
"Clay","0","1","Texas","4/1/20","0","1","48077","1"
"Collin","19","184","Texas","4/1/20","53","131","48085","247.17"
"Colorado","0","2","Texas","4/1/20","0","2","48089","1"
"Comal","1","12","Texas","4/1/20","7","5","48091","71.43"
"Comanche","0","2","Texas","4/1/20","0","2","48093","1"
"Coryell","0","1","Texas","4/1/20","1","0","48099","0"
"Crane","0","2","Texas","4/1/20","1","1","48103","100"
"Dallas","69","731","Texas","4/1/20","247","484","48113","195.95"
"Dawson","0","3","Texas","4/1/20","0","3","48115","1"
"Deaf Smith","0","2","Texas","4/1/20","1","1","48117","100"
"Denton","22","206","Texas","4/1/20","51","155","48121","303.92"
"DeWitt","1","6","Texas","4/1/20","2","4","48123","200"
"Donley","0","1","Texas","4/1/20","0","1","48129","1"
"Eastland","0","4","Texas","4/1/20","1","3","48133","300"
"Ector","2","11","Texas","4/1/20","0","11","48135","1"
"El Paso","6","57","Texas","4/1/20","16","41","48141","256.25"
"Ellis","2","20","Texas","4/1/20","7","13","48139","185.71"
"Erath","1","7","Texas","4/1/20","1","6","48143","600"
"Falls","0","1","Texas","4/1/20","1","0","48145","0"
"Fannin","0","1","Texas","4/1/20","1","0","48147","0"
"Fayette","0","4","Texas","4/1/20","1","3","48149","300"
"Fort Bend","17","163","Texas","4/1/20","46","117","48157","254.35"
"Franklin","0","1","Texas","4/1/20","0","1","48159","1"
"Gaines","0","1","Texas","4/1/20","1","0","48165","0"
"Galveston","12","106","Texas","4/1/20","22","84","48167","381.82"
"Gillespie","0","1","Texas","4/1/20","0","1","48171","1"
"Gonzales","0","1","Texas","4/1/20","0","1","48177","1"
"Grayson","1","8","Texas","4/1/20","2","6","48181","300"
"Gregg","1","8","Texas","4/1/20","3","5","48183","166.67"
"Grimes","0","3","Texas","4/1/20","2","1","48185","50"
"Guadalupe","2","17","Texas","4/1/20","4","13","48187","325"
"Hale","0","1","Texas","4/1/20","1","0","48189","0"
"Hardin","2","13","Texas","4/1/20","2","11","48199","550"
"Harris","95","847","Texas","4/1/20","185","662","48201","357.84"
"Harrison","0","3","Texas","4/1/20","0","3","48203","1"
"Hays","5","42","Texas","4/1/20","10","32","48209","320"
"Henderson","0","1","Texas","4/1/20","0","1","48213","1"
"Hidalgo","6","46","Texas","4/1/20","7","39","48215","557.14"
"Hill","0","2","Texas","4/1/20","0","2","48217","1"
"Hockley","0","7","Texas","4/1/20","5","2","48219","40"
"Hood","1","6","Texas","4/1/20","0","6","48221","1"
"Hopkins","0","3","Texas","4/1/20","1","2","48223","200"
"Hunt","0","4","Texas","4/1/20","1","3","48231","300"
"Jackson","0","1","Texas","4/1/20","0","1","48239","1"
"Jasper","0","1","Texas","4/1/20","0","1","48241","1"
"Jefferson","3","27","Texas","4/1/20","6","21","48245","350"
"Johnson","1","12","Texas","4/1/20","3","9","48251","300"
"Karnes","0","2","Texas","4/1/20","0","2","48255","1"
"Kaufman","0","4","Texas","4/1/20","2","2","48257","100"
"Kendall","1","7","Texas","4/1/20","1","6","48259","600"
"Kerr","0","1","Texas","4/1/20","0","1","48265","1"
"Kleberg","0","1","Texas","4/1/20","0","1","48273","1"
"Lamar","0","3","Texas","4/1/20","1","2","48277","200"
"Lamb","0","1","Texas","4/1/20","0","1","48279","1"
"Lavaca","0","1","Texas","4/1/20","1","0","48285","0"
"Leon","0","2","Texas","4/1/20","0","2","48289","1"
"Liberty","0","3","Texas","4/1/20","1","2","48291","200"
"Limestone","0","2","Texas","4/1/20","1","1","48293","100"
"Live Oak","0","1","Texas","4/1/20","0","1","48297","1"
"Llano","0","3","Texas","4/1/20","1","2","48299","200"
"Lubbock","12","100","Texas","4/1/20","13","87","48303","669.23"
"Lynn","0","2","Texas","4/1/20","0","2","48305","1"
"Martin","0","1","Texas","4/1/20","0","1","48317","1"
"Matagorda","3","27","Texas","4/1/20","6","21","48321","350"
"Maverick","0","1","Texas","4/1/20","1","0","48323","0"
"McLennan","3","44","Texas","4/1/20","24","20","48309","83.33"
"Medina","0","3","Texas","4/1/20","1","2","48325","200"
"Midland","2","16","Texas","4/1/20","4","12","48329","300"
"Milam","0","2","Texas","4/1/20","2","0","48331","0"
"Montague","0","1","Texas","4/1/20","0","1","48337","1"
"Montgomery","11","110","Texas","4/1/20","31","79","48339","254.84"
"Moore","0","1","Texas","4/1/20","0","1","48341","1"
"Morris","0","1","Texas","4/1/20","1","0","48343","0"
"Nacogdoches","0","4","Texas","4/1/20","1","3","48347","300"
"Navarro","1","4","Texas","4/1/20","0","4","48349","1"
"Newton","0","1","Texas","4/1/20","0","1","48351","1"
"Nueces","3","34","Texas","4/1/20","10","24","48355","240"
"Oldham","0","2","Texas","4/1/20","1","1","48359","100"
"Orange","1","7","Texas","4/1/20","1","6","48361","600"
"Panola","0","3","Texas","4/1/20","0","3","48365","1"
"Parker","0","4","Texas","4/1/20","1","3","48367","300"
"Polk","1","4","Texas","4/1/20","0","4","48373","1"
"Potter","2","16","Texas","4/1/20","3","13","48375","433.33"
"Randall","2","17","Texas","4/1/20","2","15","48381","750"
"Reeves","0","0","Texas","4/1/20","1","-1","48389","-100"
"Robertson","0","2","Texas","4/1/20","1","1","48395","100"
"Rockwall","1","9","Texas","4/1/20","0","9","48397","1"
"Rusk","0","5","Texas","4/1/20","2","3","48401","150"
"San Augustine","0","1","Texas","4/1/20","0","1","48405","1"
"San Jacinto","0","1","Texas","4/1/20","0","1","48407","1"
"San Patricio","0","2","Texas","4/1/20","1","1","48409","100"
"Shelby","1","4","Texas","4/1/20","0","4","48419","1"
"Smith","3","37","Texas","4/1/20","16","21","48423","131.25"
"Starr","1","4","Texas","4/1/20","0","4","48427","1"
"Swisher","0","1","Texas","4/1/20","0","1","48437","1"
"Tarrant","28","288","Texas","4/1/20","90","198","48439","220"
"Taylor","2","14","Texas","4/1/20","0","14","48441","1"
"Terry","0","4","Texas","4/1/20","3","1","48445","33.33"
"Tom Green","1","9","Texas","4/1/20","3","6","48451","200"
"Travis","21","244","Texas","4/1/20","98","146","48453","148.98"
"Tyler","0","1","Texas","4/1/20","0","1","48457","1"
"Upshur","0","2","Texas","4/1/20","0","2","48459","1"
"Uvalde","1","4","Texas","4/1/20","0","4","48463","1"
"Val Verde","1","5","Texas","4/1/20","1","4","48465","400"
"Van Zandt","0","2","Texas","4/1/20","1","1","48467","100"
"Victoria","2","16","Texas","4/1/20","3","13","48469","433.33"
"Walker","1","5","Texas","4/1/20","1","4","48471","400"
"Waller","0","3","Texas","4/1/20","1","2","48473","200"
"Washington","2","17","Texas","4/1/20","0","17","48477","1"
"Webb","5","45","Texas","4/1/20","9","36","48479","400"
"Wharton","1","7","Texas","4/1/20","3","4","48481","133.33"
"Wichita","4","38","Texas","4/1/20","8","30","48485","375"
"Willacy","0","2","Texas","4/1/20","0","2","48489","1"
"Williamson","4","50","Texas","4/1/20","22","28","48491","127.27"
"Wilson","0","3","Texas","4/1/20","1","2","48493","200"
"Wise","0","1","Texas","4/1/20","0","1","48497","1"
"Wood","0","1","Texas","4/1/20","0","1","48499","1"
"Young","0","3","Texas","4/1/20","1","2","48503","200"
"Bear River","1","7","Utah","4/1/20","0","7","00000","1"
"Cache","1","7","Utah","4/1/20","0","7","49005","1"
"Davis","7","84","Utah","4/1/20","35","49","49011","140"
"Garfield","0","1","Utah","4/1/20","0","1","49017","1"
"Grand","0","1","Utah","4/1/20","0","1","49019","1"
"Iron","1","6","Utah","4/1/20","0","6","49021","1"
"Out of UT","1","22","Utah","4/1/20","14","8","80049","57.14"
"Salt Lake","35","396","Utah","4/1/20","151","245","49035","162.25"
"San Juan","1","4","Utah","4/1/20","0","4","49037","1"
"Summit","12","172","Utah","4/1/20","89","83","49043","93.26"
"Tooele","1","12","Utah","4/1/20","3","9","49045","300"
"Uintah","0","1","Utah","4/1/20","0","1","49047","1"
"Utah","7","70","Utah","4/1/20","18","52","49049","288.89"
"Wasatch","5","50","Utah","4/1/20","15","35","49051","233.33"
"Washington","1","14","Utah","4/1/20","5","9","49053","180"
"Weber-Morgan","4","41","Utah","4/1/20","10","31","00000","310"
"Addison","2","24","Vermont","4/1/20","9","15","50001","166.67"
"Bennington","1","18","Vermont","4/1/20","11","7","50003","63.64"
"Caledonia","0","3","Vermont","4/1/20","1","2","50005","200"
"Chittenden","16","164","Vermont","4/1/20","55","109","50007","198.18"
"Franklin","2","15","Vermont","4/1/20","3","12","50011","400"
"Lamoille","1","13","Vermont","4/1/20","4","9","50015","225"
"Orange","0","4","Vermont","4/1/20","3","1","50017","33.33"
"Orleans","1","7","Vermont","4/1/20","3","4","50019","133.33"
"Rutland","1","10","Vermont","4/1/20","5","5","50021","100"
"Washington","1","15","Vermont","4/1/20","5","10","50023","200"
"Windham","1","16","Vermont","4/1/20","7","9","50025","128.57"
"Windsor","0","18","Vermont","4/1/20","17","1","50027","5.88"
"","2","30","Virgin Islands","4/1/20","17","13",,"76.47"
"Accomack","1","7","Virginia","4/1/20","2","5","51001","250"
"Albemarle","2","21","Virginia","4/1/20","4","17","51003","425"
"Alexandria","3","32","Virginia","4/1/20","9","23","51510","255.56"
"Alleghany","0","1","Virginia","4/1/20","0","1","51005","1"
"Amelia","0","2","Virginia","4/1/20","0","2","51007","1"
"Amherst","1","5","Virginia","4/1/20","1","4","51009","400"
"Arlington","10","119","Virginia","4/1/20","46","73","51013","158.7"
"Augusta","0","1","Virginia","4/1/20","0","1","51015","1"
"Bedford","0","3","Virginia","4/1/20","3","0","51019","0"
"Botetourt","1","6","Virginia","4/1/20","1","5","51023","500"
"Bristol","0","1","Virginia","4/1/20","0","1","51520","1"
"Brunswick","0","1","Virginia","4/1/20","0","1","51025","1"
"Buckingham","0","2","Virginia","4/1/20","0","2","51029","1"
"Campbell","0","2","Virginia","4/1/20","0","2","51031","1"
"Carroll","0","1","Virginia","4/1/20","0","1","51035","1"
"Charles City","0","2","Virginia","4/1/20","1","1","51036","100"
"Charlottesville","1","16","Virginia","4/1/20","6","10","51540","166.67"
"Chesapeake","4","31","Virginia","4/1/20","3","28","51550","933.33"
"Chesterfield","7","59","Virginia","4/1/20","11","48","51041","436.36"
"Covington","0","1","Virginia","4/1/20","0","1","51580","1"
"Culpeper","0","5","Virginia","4/1/20","2","3","51047","150"
"Danville","0","4","Virginia","4/1/20","2","2","51590","100"
"Fairfax","30","288","Virginia","4/1/20","76","212","51059","278.95"
"Fairfax City","0","0","Virginia","4/1/20","1","-1","51600","-100"
"Fauquier","1","7","Virginia","4/1/20","0","7","51061","1"
"Fluvanna","0","3","Virginia","4/1/20","1","2","51065","200"
"Franklin","1","5","Virginia","4/1/20","1","4","51067","400"
"Franklin City","0","1","Virginia","4/1/20","0","1","51620","1"
"Frederick","2","15","Virginia","4/1/20","2","13","51069","650"
"Fredericksburg","0","1","Virginia","4/1/20","1","0","51630","0"
"Galax","0","1","Virginia","4/1/20","0","1","51640","1"
"Gloucester","1","8","Virginia","4/1/20","2","6","51073","300"
"Goochland","1","7","Virginia","4/1/20","3","4","51075","133.33"
"Greene","0","1","Virginia","4/1/20","0","1","51079","1"
"Greensville","0","3","Virginia","4/1/20","0","3","51081","1"
"Halifax","0","1","Virginia","4/1/20","1","0","51083","0"
"Hampton","2","14","Virginia","4/1/20","0","14","51650","1"
"Hanover","1","6","Virginia","4/1/20","2","4","51085","200"
"Harrisonburg","1","10","Virginia","4/1/20","2","8","51660","400"
"Henrico","8","78","Virginia","4/1/20","20","58","51087","290"
"Henry","0","2","Virginia","4/1/20","0","2","51089","1"
"Hopewell","1","4","Virginia","4/1/20","0","4","51670","1"
"Isle of Wight","0","5","Virginia","4/1/20","2","3","51093","150"
"James City","8","95","Virginia","4/1/20","41","54","51095","131.71"
"King and Queen","0","1","Virginia","4/1/20","0","1","51097","1"
"King George","1","4","Virginia","4/1/20","0","4","51099","1"
"King William","0","1","Virginia","4/1/20","0","1","51101","1"
"Lancaster","0","1","Virginia","4/1/20","0","1","51103","1"
"Lee","0","2","Virginia","4/1/20","2","0","51105","0"
"Loudoun","12","105","Virginia","4/1/20","20","85","51107","425"
"Louisa","1","12","Virginia","4/1/20","3","9","51109","300"
"Lynchburg","1","7","Virginia","4/1/20","2","5","51680","250"
"Madison","0","3","Virginia","4/1/20","1","2","51113","200"
"Manassas","1","9","Virginia","4/1/20","0","9","51683","1"
"Manassas Park","0","1","Virginia","4/1/20","0","1","51685","1"
"Mathews","0","2","Virginia","4/1/20","1","1","51115","100"
"Mecklenburg","0","4","Virginia","4/1/20","3","1","51117","33.33"
"Montgomery","0","1","Virginia","4/1/20","0","1","51121","1"
"Nelson","0","2","Virginia","4/1/20","1","1","51125","100"
"New Kent","0","1","Virginia","4/1/20","0","1","51127","1"
"Newport News","4","29","Virginia","4/1/20","4","25","51700","625"
"Norfolk","4","33","Virginia","4/1/20","8","25","51710","312.5"
"Northampton","0","1","Virginia","4/1/20","0","1","51131","1"
"Northumberland","0","3","Virginia","4/1/20","0","3","51133","1"
"Nottoway","0","1","Virginia","4/1/20","1","0","51135","0"
"Orange","0","4","Virginia","4/1/20","1","3","51137","300"
"Page","0","1","Virginia","4/1/20","0","1","51139","1"
"Petersburg","1","4","Virginia","4/1/20","0","4","51730","1"
"Pittsylvania","0","1","Virginia","4/1/20","0","1","51143","1"
"Poquoson","0","3","Virginia","4/1/20","0","3","51735","1"
"Portsmouth","2","13","Virginia","4/1/20","0","13","51740","1"
"Powhatan","0","3","Virginia","4/1/20","0","3","51145","1"
"Prince Edward","0","2","Virginia","4/1/20","2","0","51147","0"
"Prince George","1","8","Virginia","4/1/20","0","8","51149","1"
"Prince William","11","106","Virginia","4/1/20","32","74","51153","231.25"
"Radford","0","1","Virginia","4/1/20","1","0","51750","0"
"Richmond City","3","33","Virginia","4/1/20","13","20","51760","153.85"
"Roanoke","0","4","Virginia","4/1/20","1","3","51161","300"
"Roanoke City","1","6","Virginia","4/1/20","0","6","51770","1"
"Rockbridge","0","2","Virginia","4/1/20","2","0","51163","0"
"Rockingham","1","9","Virginia","4/1/20","3","6","51165","200"
"Shenandoah","1","8","Virginia","4/1/20","3","5","51171","166.67"
"Smyth","0","2","Virginia","4/1/20","0","2","51173","1"
"Southampton","0","1","Virginia","4/1/20","0","1","51175","1"
"Spotsylvania","1","8","Virginia","4/1/20","3","5","51177","166.67"
"Stafford","3","28","Virginia","4/1/20","6","22","51179","366.67"
"Suffolk","1","5","Virginia","4/1/20","1","4","51800","400"
"Surry","0","1","Virginia","4/1/20","0","1","51181","1"
"Sussex","0","1","Virginia","4/1/20","0","1","51183","1"
"Tazewell","0","2","Virginia","4/1/20","0","2","51185","1"
"Virginia Beach","9","88","Virginia","4/1/20","23","65","51810","282.61"
"Warren","0","3","Virginia","4/1/20","0","3","51187","1"
"Washington","0","2","Virginia","4/1/20","0","2","51191","1"
"Waynesboro","0","2","Virginia","4/1/20","0","2","51820","1"
"Williamsburg","1","9","Virginia","4/1/20","5","4","51830","80"
"Winchester","1","5","Virginia","4/1/20","0","5","51840","1"
"Wythe","0","2","Virginia","4/1/20","0","2","51197","1"
"York","1","16","Virginia","4/1/20","8","8","51199","100"
"Adams","2","14","Washington","4/1/20","1","13","53001","1300"
"Benton","14","108","Washington","4/1/20","12","96","53005","800"
"Chelan","1","17","Washington","4/1/20","10","7","53007","70"
"Clallam","1","8","Washington","4/1/20","4","4","53009","100"
"Clark","16","130","Washington","4/1/20","16","114","53011","712.5"
"Columbia","0","1","Washington","4/1/20","1","0","53013","0"
"Cowlitz","2","14","Washington","4/1/20","3","11","53015","366.67"
"Douglas","0","5","Washington","4/1/20","2","3","53017","150"
"Ferry","0","1","Washington","4/1/20","0","1","53019","1"
"Franklin","4","33","Washington","4/1/20","7","26","53021","371.43"
"Grant","5","63","Washington","4/1/20","27","36","53025","133.33"
"Grays Harbor","0","2","Washington","4/1/20","1","1","53027","100"
"Island","10","109","Washington","4/1/20","38","71","53029","186.84"
"Jefferson","1","17","Washington","4/1/20","9","8","53031","88.89"
"King","139","2330","Washington","4/1/20","1359","971","53033","71.45"
"Kitsap","8","74","Washington","4/1/20","20","54","53035","270"
"Kittitas","-1","9","Washington","4/1/20","18","-9","53037","-50"
"Klickitat","0","9","Washington","4/1/20","6","3","53039","50"
"Lewis","1","10","Washington","4/1/20","2","8","53041","400"
"Lincoln","0","1","Washington","4/1/20","1","0","53043","0"
"Mason","1","6","Washington","4/1/20","2","4","53045","200"
"Okanogan","0","3","Washington","4/1/20","0","3","53047","1"
"Pierce","32","377","Washington","4/1/20","155","222","53053","143.23"
"San Juan","0","4","Washington","4/1/20","1","3","53055","300"
"Skagit","11","128","Washington","4/1/20","48","80","53057","166.67"
"Skamania","0","1","Washington","4/1/20","0","1","53059","1"
"Snohomish","96","1304","Washington","4/1/20","634","670","53061","105.68"
"Spokane","18","158","Washington","4/1/20","33","125","53063","378.79"
"Stevens","0","4","Washington","4/1/20","1","3","53065","300"
"Thurston","5","48","Washington","4/1/20","14","34","53067","242.86"
"Walla Walla","1","7","Washington","4/1/20","2","5","53071","250"
"Whatcom","11","139","Washington","4/1/20","64","75","53073","117.19"
"Whitman","1","10","Washington","4/1/20","2","8","53075","400"
"Yakima","16","161","Washington","4/1/20","47","114","53077","242.55"
"Barbour","0","1","West Virginia","4/1/20","0","1","54001","1"
"Berkeley","3","21","West Virginia","4/1/20","2","19","54003","950"
"Cabell","0","1","West Virginia","4/1/20","0","1","54011","1"
"Greenbrier","0","3","West Virginia","4/1/20","0","3","54025","1"
"Hancock","1","6","West Virginia","4/1/20","0","6","54029","1"
"Hardy","0","1","West Virginia","4/1/20","0","1","54031","1"
"Harrison","2","14","West Virginia","4/1/20","3","11","54033","366.67"
"Jackson","1","11","West Virginia","4/1/20","2","9","54035","450"
"Jefferson","1","9","West Virginia","4/1/20","3","6","54037","200"
"Kanawha","5","37","West Virginia","4/1/20","4","33","54039","825"
"Logan","0","3","West Virginia","4/1/20","0","3","54045","1"
"Marion","1","8","West Virginia","4/1/20","0","8","54049","1"
"Marshall","0","4","West Virginia","4/1/20","2","2","54051","100"
"Mason","0","3","West Virginia","4/1/20","0","3","54053","1"
"Mercer","0","2","West Virginia","4/1/20","2","0","54055","0"
"Monongalia","2","32","West Virginia","4/1/20","16","16","54061","100"
"Morgan","0","1","West Virginia","4/1/20","0","1","54065","1"
"Ohio","2","11","West Virginia","4/1/20","0","11","54069","1"
"Pleasants","0","1","West Virginia","4/1/20","0","1","54073","1"
"Preston","0","3","West Virginia","4/1/20","1","2","54077","200"
"Putnam","1","5","West Virginia","4/1/20","1","4","54079","400"
"Raleigh","0","3","West Virginia","4/1/20","0","3","54081","1"
"Randolph","0","1","West Virginia","4/1/20","0","1","54083","1"
"Roane","0","2","West Virginia","4/1/20","0","2","54087","1"
"Tucker","0","2","West Virginia","4/1/20","2","0","54093","0"
"Upshur","0","1","West Virginia","4/1/20","0","1","54097","1"
"Wetzel","0","2","West Virginia","4/1/20","0","2","54103","1"
"Wirt","0","1","West Virginia","4/1/20","0","1","54105","1"
"Wood","0","2","West Virginia","4/1/20","1","1","54107","100"
"Ashland","0","1","Wisconsin","4/1/20","0","1","55003","1"
"Bayfield","0","3","Wisconsin","4/1/20","1","2","55007","200"
"Brown","1","11","Wisconsin","4/1/20","3","8","55009","266.67"
"Buffalo","0","1","Wisconsin","4/1/20","0","1","55011","1"
"Calumet","0","2","Wisconsin","4/1/20","1","1","55015","100"
"Chippewa","1","10","Wisconsin","4/1/20","1","9","55017","900"
"Clark","1","5","Wisconsin","4/1/20","1","4","55019","400"
"Columbia","1","14","Wisconsin","4/1/20","5","9","55021","180"
"Crawford","0","1","Wisconsin","4/1/20","0","1","55023","1"
"Dane","18","215","Wisconsin","4/1/20","88","127","55025","144.32"
"Dodge","1","13","Wisconsin","4/1/20","3","10","55027","333.33"
"Door","0","1","Wisconsin","4/1/20","0","1","55029","1"
"Douglas","0","7","Wisconsin","4/1/20","4","3","55031","75"
"Dunn","0","3","Wisconsin","4/1/20","1","2","55033","200"
"Eau Claire","1","12","Wisconsin","4/1/20","5","7","55035","140"
"Fond du Lac","1","24","Wisconsin","4/1/20","18","6","55039","33.33"
"Grant","0","2","Wisconsin","4/1/20","1","1","55043","100"
"Green","1","7","Wisconsin","4/1/20","1","6","55045","600"
"Iowa","0","3","Wisconsin","4/1/20","3","0","55049","0"
"Iron","0","1","Wisconsin","4/1/20","0","1","55051","1"
"Jackson","0","2","Wisconsin","4/1/20","0","2","55053","1"
"Jefferson","1","12","Wisconsin","4/1/20","5","7","55055","140"
"Juneau","1","4","Wisconsin","4/1/20","0","4","55057","1"
"Kenosha","6","54","Wisconsin","4/1/20","14","40","55059","285.71"
"La Crosse","1","19","Wisconsin","4/1/20","10","9","55063","90"
"Marathon","1","5","Wisconsin","4/1/20","1","4","55073","400"
"Marinette","0","2","Wisconsin","4/1/20","0","2","55075","1"
"Marquette","0","2","Wisconsin","4/1/20","0","2","55077","1"
"Milwaukee","65","780","Wisconsin","4/1/20","325","455","55079","140"
"Monroe","0","2","Wisconsin","4/1/20","1","1","55081","100"
"Oconto","0","1","Wisconsin","4/1/20","0","1","55083","1"
"Oneida","0","3","Wisconsin","4/1/20","0","3","55085","1"
"Outagamie","1","12","Wisconsin","4/1/20","4","8","55087","200"
"Ozaukee","4","46","Wisconsin","4/1/20","20","26","55089","130"
"Pierce","1","7","Wisconsin","4/1/20","3","4","55093","133.33"
"Portage","0","1","Wisconsin","4/1/20","0","1","55097","1"
"Racine","3","28","Wisconsin","4/1/20","7","21","55101","300"
"Richland","0","2","Wisconsin","4/1/20","0","2","55103","1"
"Rock","2","17","Wisconsin","4/1/20","4","13","55105","325"
"Sauk","1","14","Wisconsin","4/1/20","6","8","55111","133.33"
"Sheboygan","1","12","Wisconsin","4/1/20","7","5","55117","71.43"
"St. Croix","0","6","Wisconsin","4/1/20","4","2","55109","50"
"Vilas","0","3","Wisconsin","4/1/20","0","3","55125","1"
"Walworth","1","12","Wisconsin","4/1/20","5","7","55127","140"
"Washington","3","44","Wisconsin","4/1/20","21","23","55131","109.52"
"Waukesha","9","107","Wisconsin","4/1/20","42","65","55133","154.76"
"Waupaca","0","2","Wisconsin","4/1/20","0","2","55135","1"
"Winnebago","2","19","Wisconsin","4/1/20","5","14","55139","280"
"Wood","0","2","Wisconsin","4/1/20","1","1","55141","100"
"Albany","0","3","Wyoming","4/1/20","1","2","56001","200"
"Campbell","0","4","Wyoming","4/1/20","1","3","56005","300"
"Carbon","0","3","Wyoming","4/1/20","3","0","56007","0"
"Converse","0","2","Wyoming","4/1/20","0","2","56009","1"
"Fremont","2","25","Wyoming","4/1/20","13","12","56013","92.31"
"Goshen","0","1","Wyoming","4/1/20","0","1","56015","1"
"Johnson","1","7","Wyoming","4/1/20","0","7","56019","1"
"Laramie","3","29","Wyoming","4/1/20","11","18","56021","163.64"
"Natrona","2","15","Wyoming","4/1/20","4","11","56025","275"
"Park","0","1","Wyoming","4/1/20","1","0","56029","0"
"Sheridan","1","10","Wyoming","4/1/20","4","6","56033","150"
"Sublette","0","1","Wyoming","4/1/20","0","1","56035","1"
"Sweetwater","0","2","Wyoming","4/1/20","1","1","56037","100"
"Teton","3","26","Wyoming","4/1/20","5","21","56039","420"
"Washakie","0","1","Wyoming","4/1/20","0","1","56043","1"
