"Locality","DailyAvgNewCasesPast7Days","TotalCases","State","Date","TotalCases7DaysAgo","NewCasesPast7Days","FIPS-Code","PercentIncreaseTotalCasesPast7Days"
"Autauga","1","12","Alabama","4/5/20","6","6","01001","100"
"Baldwin","2","29","Alabama","4/5/20","15","14","01003","93.33"
"Barbour","0","2","Alabama","4/5/20","0","2","01005","1"
"Bibb","1","5","Alabama","4/5/20","0","5","01007","1"
"Blount","1","10","Alabama","4/5/20","5","5","01009","100"
"Bullock","0","2","Alabama","4/5/20","3","-1","01011","-33.33"
"Butler","0","1","Alabama","4/5/20","1","0","01013","0"
"Calhoun","3","23","Alabama","4/5/20","3","20","01015","666.67"
"Chambers","9","89","Alabama","4/5/20","27","62","01017","229.63"
"Cherokee","1","6","Alabama","4/5/20","2","4","01019","200"
"Chilton","1","15","Alabama","4/5/20","7","8","01021","114.29"
"Choctaw","1","5","Alabama","4/5/20","1","4","01023","400"
"Clarke","1","8","Alabama","4/5/20","0","8","01025","1"
"Clay","1","9","Alabama","4/5/20","2","7","01027","350"
"Cleburne","0","7","Alabama","4/5/20","5","2","01029","40"
"Coffee","1","7","Alabama","4/5/20","0","7","01031","1"
"Colbert","1","6","Alabama","4/5/20","2","4","01033","200"
"Conecuh","0","2","Alabama","4/5/20","0","2","01035","1"
"Coosa","1","7","Alabama","4/5/20","3","4","01037","133.33"
"Covington","0","4","Alabama","4/5/20","2","2","01039","100"
"Crenshaw","0","2","Alabama","4/5/20","1","1","01041","100"
"Cullman","1","15","Alabama","4/5/20","7","8","01043","114.29"
"Dale","0","2","Alabama","4/5/20","0","2","01045","1"
"Dallas","1","7","Alabama","4/5/20","2","5","01047","250"
"DeKalb","1","14","Alabama","4/5/20","4","10","01049","250"
"Elmore","1","19","Alabama","4/5/20","13","6","01051","46.15"
"Escambia","0","3","Alabama","4/5/20","1","2","01053","200"
"Etowah","4","35","Alabama","4/5/20","6","29","01055","483.33"
"Fayette","0","1","Alabama","4/5/20","0","1","01057","1"
"Franklin","0","6","Alabama","4/5/20","3","3","01059","100"
"Greene","0","6","Alabama","4/5/20","3","3","01063","100"
"Hale","0","3","Alabama","4/5/20","0","3","01065","1"
"Henry","0","3","Alabama","4/5/20","0","3","01067","1"
"Houston","1","15","Alabama","4/5/20","6","9","01069","150"
"Jackson","1","14","Alabama","4/5/20","5","9","01071","180"
"Jefferson","24","416","Alabama","4/5/20","245","171","01073","69.8"
"Lamar","0","3","Alabama","4/5/20","1","2","01075","200"
"Lauderdale","1","16","Alabama","4/5/20","12","4","01077","33.33"
"Lawrence","0","6","Alabama","4/5/20","3","3","01079","100"
"Lee","7","109","Alabama","4/5/20","59","50","01081","84.75"
"Limestone","2","31","Alabama","4/5/20","16","15","01083","93.75"
"Lowndes","1","6","Alabama","4/5/20","1","5","01085","500"
"Macon","1","5","Alabama","4/5/20","1","4","01087","400"
"Madison","8","134","Alabama","4/5/20","79","55","01089","69.62"
"Marengo","0","8","Alabama","4/5/20","5","3","01091","60"
"Marion","1","17","Alabama","4/5/20","10","7","01093","70"
"Marshall","2","20","Alabama","4/5/20","5","15","01095","300"
"Mobile","12","125","Alabama","4/5/20","40","85","01097","212.5"
"Monroe","1","5","Alabama","4/5/20","1","4","01099","400"
"Montgomery","7","67","Alabama","4/5/20","21","46","01101","219.05"
"Morgan","1","27","Alabama","4/5/20","17","10","01103","58.82"
"Perry","0","1","Alabama","4/5/20","0","1","01105","1"
"Pickens","1","12","Alabama","4/5/20","2","10","01107","500"
"Pike","1","14","Alabama","4/5/20","4","10","01109","250"
"Randolph","1","11","Alabama","4/5/20","2","9","01111","450"
"Russell","1","8","Alabama","4/5/20","1","7","01113","700"
"Shelby","9","139","Alabama","4/5/20","79","60","01117","75.95"
"St. Clair","2","26","Alabama","4/5/20","13","13","01115","100"
"Sumter","1","6","Alabama","4/5/20","0","6","01119","1"
"Talladega","2","17","Alabama","4/5/20","4","13","01121","325"
"Tallapoosa","3","29","Alabama","4/5/20","8","21","01123","262.5"
"Tuscaloosa","3","44","Alabama","4/5/20","23","21","01125","91.3"
"Walker","3","49","Alabama","4/5/20","30","19","01127","63.33"
"Washington","0","5","Alabama","4/5/20","4","1","01129","25"
"Wilcox","1","12","Alabama","4/5/20","2","10","01131","500"
"Winston","0","3","Alabama","4/5/20","2","1","01133","50"
"Anchorage","4","85","Alaska","4/5/20","54","31","02020","57.41"
"Fairbanks North Star","4","53","Alaska","4/5/20","23","30","02090","130.43"
"Juneau","1","14","Alaska","4/5/20","4","10","02110","250"
"Kenai Peninsula","1","12","Alaska","4/5/20","7","5","02122","71.43"
"Ketchikan Gateway","0","14","Alaska","4/5/20","12","2","02130","16.67"
"Matanuska-Susitna","0","4","Alaska","4/5/20","2","2","02170","100"
"Petersburg","0","1","Alaska","4/5/20","0","1","02195","1"
"Southeast Fairbanks","0","1","Alaska","4/5/20","0","1","02240","1"
"Yukon-Koyukuk","0","1","Alaska","4/5/20","0","1","02290","1"
"Apache","1","23","Arizona","4/5/20","13","10","04001","76.92"
"Cochise","1","8","Arizona","4/5/20","3","5","04003","166.67"
"Coconino","13","155","Arizona","4/5/20","62","93","04005","150"
"Gila","0","3","Arizona","4/5/20","1","2","04007","200"
"Graham","0","2","Arizona","4/5/20","2","0","04009","0"
"Greenlee","0","1","Arizona","4/5/20","0","1","04011","1"
"La Paz","0","3","Arizona","4/5/20","2","1","04012","50"
"Maricopa","112","1326","Arizona","4/5/20","545","781","04013","143.3"
"Mohave","1","16","Arizona","4/5/20","6","10","04015","166.67"
"Navajo","19","195","Arizona","4/5/20","62","133","04017","214.52"
"Pima","31","372","Arizona","4/5/20","153","219","04019","143.14"
"Pinal","7","103","Arizona","4/5/20","51","52","04021","101.96"
"Santa Cruz","0","4","Arizona","4/5/20","2","2","04023","100"
"Yavapai","5","45","Arizona","4/5/20","12","33","04025","275"
"Yuma","1","13","Arizona","4/5/20","5","8","04027","160"
"Arkansas","0","1","Arkansas","4/5/20","0","1","05001","1"
"Ashley","0","1","Arkansas","4/5/20","1","0","05003","0"
"Baxter","0","1","Arkansas","4/5/20","1","0","05005","0"
"Benton","2","43","Arkansas","4/5/20","31","12","05007","38.71"
"Boone","0","1","Arkansas","4/5/20","1","0","05009","0"
"Bradley","0","4","Arkansas","4/5/20","4","0","05011","0"
"Carroll","0","1","Arkansas","4/5/20","0","1","05015","1"
"Chicot","0","2","Arkansas","4/5/20","1","1","05017","100"
"Clark","1","27","Arkansas","4/5/20","17","10","05019","58.82"
"Cleburne","2","64","Arkansas","4/5/20","50","14","05023","28"
"Cleveland","0","5","Arkansas","4/5/20","5","0","05025","0"
"Columbia","0","1","Arkansas","4/5/20","1","0","05027","0"
"Conway","0","1","Arkansas","4/5/20","1","0","05029","0"
"Craighead","2","18","Arkansas","4/5/20","6","12","05031","200"
"Crawford","0","1","Arkansas","4/5/20","1","0","05033","0"
"Crittenden","5","50","Arkansas","4/5/20","17","33","05035","194.12"
"Cross","1","5","Arkansas","4/5/20","1","4","05037","400"
"Desha","0","5","Arkansas","4/5/20","2","3","05041","150"
"Drew","0","1","Arkansas","4/5/20","1","0","05043","0"
"Faulkner","2","46","Arkansas","4/5/20","30","16","05045","53.33"
"Garland","2","41","Arkansas","4/5/20","25","16","05051","64"
"Grant","0","3","Arkansas","4/5/20","3","0","05053","0"
"Greene","0","1","Arkansas","4/5/20","1","0","05055","0"
"Hempstead","0","1","Arkansas","4/5/20","0","1","05057","1"
"Hot Spring","1","7","Arkansas","4/5/20","1","6","05059","600"
"Howard","1","5","Arkansas","4/5/20","1","4","05061","400"
"Independence","0","5","Arkansas","4/5/20","3","2","05063","66.67"
"Jefferson","5","59","Arkansas","4/5/20","25","34","05069","136"
"Johnson","1","7","Arkansas","4/5/20","1","6","05071","600"
"Lafayette","0","1","Arkansas","4/5/20","0","1","05073","1"
"Lawrence","0","1","Arkansas","4/5/20","1","0","05075","0"
"Lee","0","1","Arkansas","4/5/20","0","1","05077","1"
"Lincoln","0","7","Arkansas","4/5/20","6","1","05079","16.67"
"Lonoke","2","16","Arkansas","4/5/20","1","15","05085","1500"
"Miller","1","8","Arkansas","4/5/20","0","8","05091","1"
"Mississippi","0","1","Arkansas","4/5/20","0","1","05093","1"
"Monroe","0","1","Arkansas","4/5/20","0","1","05095","1"
"Nevada","0","1","Arkansas","4/5/20","1","0","05099","0"
"Newton","0","1","Arkansas","4/5/20","0","1","05101","1"
"Ouachita","0","1","Arkansas","4/5/20","0","1","05103","1"
"Perry","0","1","Arkansas","4/5/20","0","1","05105","1"
"Phillips","0","1","Arkansas","4/5/20","0","1","05107","1"
"Pike","0","1","Arkansas","4/5/20","1","0","05109","0"
"Poinsett","0","5","Arkansas","4/5/20","3","2","05111","66.67"
"Polk","1","5","Arkansas","4/5/20","1","4","05113","400"
"Pope","1","11","Arkansas","4/5/20","1","10","05115","1000"
"Prairie","0","1","Arkansas","4/5/20","0","1","05117","1"
"Pulaski","9","157","Arkansas","4/5/20","93","64","05119","68.82"
"Randolph","0","1","Arkansas","4/5/20","1","0","05121","0"
"Saline","3","27","Arkansas","4/5/20","6","21","05125","350"
"Scott","0","1","Arkansas","4/5/20","0","1","05127","1"
"Searcy","0","5","Arkansas","4/5/20","2","3","05129","150"
"Sebastian","1","8","Arkansas","4/5/20","2","6","05131","300"
"Sevier","1","6","Arkansas","4/5/20","1","5","05133","500"
"Sharp","0","1","Arkansas","4/5/20","0","1","05135","1"
"St. Francis","1","10","Arkansas","4/5/20","0","10","05123","1"
"Stone","1","5","Arkansas","4/5/20","1","4","05137","400"
"Union","1","12","Arkansas","4/5/20","5","7","05139","140"
"Van Buren","1","21","Arkansas","4/5/20","17","4","05141","23.53"
"Washington","2","28","Arkansas","4/5/20","14","14","05143","100"
"White","3","25","Arkansas","4/5/20","6","19","05145","316.67"
"Woodruff","0","1","Arkansas","4/5/20","1","0","05147","0"
"Yell","0","1","Arkansas","4/5/20","0","1","05149","1"
"Alameda","42","566","California","4/5/20","270","296","06001","109.63"
"Alpine","0","1","California","4/5/20","0","1","06003","1"
"Amador","0","0","California","4/5/20","2","-2","06005","-100"
"Butte","1","11","California","4/5/20","5","6","06007","120"
"Calaveras","0","4","California","4/5/20","3","1","06009","33.33"
"Colusa","0","2","California","4/5/20","1","1","06011","100"
"Contra Costa","31","386","California","4/5/20","168","218","06013","129.76"
"Del Norte","0","2","California","4/5/20","0","2","06015","1"
"El Dorado","1","22","California","4/5/20","12","10","06017","83.33"
"Fresno","9","103","California","4/5/20","43","60","06019","139.53"
"Glenn","0","2","California","4/5/20","1","1","06021","100"
"Humboldt","4","44","California","4/5/20","18","26","06023","144.44"
"Imperial","5","57","California","4/5/20","25","32","06025","128"
"Inyo","0","11","California","4/5/20","8","3","06027","37.5"
"Kern","26","230","California","4/5/20","51","179","06029","350.98"
"Kings","0","5","California","4/5/20","2","3","06031","150"
"Los Angeles","589","5955","California","4/5/20","1829","4126","06037","225.59"
"Madera","2","28","California","4/5/20","15","13","06039","86.67"
"Marin","9","137","California","4/5/20","74","63","06041","85.14"
"Mendocino","0","4","California","4/5/20","3","1","06045","33.33"
"Merced","3","27","California","4/5/20","8","19","06047","237.5"
"Mono","1","19","California","4/5/20","11","8","06051","72.73"
"Monterey","4","62","California","4/5/20","36","26","06053","72.22"
"Napa","1","20","California","4/5/20","10","10","06055","100"
"Nevada","3","31","California","4/5/20","12","19","06057","158.33"
"Orange","58","834","California","4/5/20","431","403","06059","93.5"
"Placer","7","103","California","4/5/20","53","50","06061","94.34"
"Plumas","0","3","California","4/5/20","0","3","06063","1"
"Riverside","86","799","California","4/5/20","195","604","06065","309.74"
"Sacramento","40","442","California","4/5/20","164","278","06067","169.51"
"San Benito","1","23","California","4/5/20","14","9","06069","64.29"
"San Bernardino","42","372","California","4/5/20","76","296","06071","389.47"
"San Diego","104","1209","California","4/5/20","484","725","06073","149.79"
"San Francisco","33","568","California","4/5/20","340","228","06075","67.06"
"San Joaquin","11","191","California","4/5/20","113","78","06077","69.03"
"San Luis Obispo","4","95","California","4/5/20","67","28","06079","41.79"
"San Mateo","40","555","California","4/5/20","277","278","06081","100.36"
"Santa Barbara","15","168","California","4/5/20","64","104","06083","162.5"
"Santa Clara","80","1207","California","4/5/20","646","561","06085","86.84"
"Santa Cruz","4","69","California","4/5/20","41","28","06087","68.29"
"Shasta","2","17","California","4/5/20","4","13","06089","325"
"Siskiyou","0","3","California","4/5/20","3","0","06093","0"
"Solano","6","73","California","4/5/20","34","39","06095","114.71"
"Sonoma","7","107","California","4/5/20","58","49","06097","84.48"
"Stanislaus","5","65","California","4/5/20","29","36","06099","124.14"
"Sutter","1","16","California","4/5/20","6","10","06101","166.67"
"Tehama","0","1","California","4/5/20","0","1","06103","1"
"Tulare","12","116","California","4/5/20","29","87","06107","300"
"Tuolumne","0","2","California","4/5/20","0","2","06109","1"
"Ventura","18","221","California","4/5/20","98","123","06111","125.51"
"Yolo","3","37","California","4/5/20","16","21","06113","131.25"
"Yuba","1","9","California","4/5/20","3","6","06115","200"
"Adams","35","354","Colorado","4/5/20","110","244","08001","221.82"
"Alamosa","0","4","Colorado","4/5/20","1","3","08003","300"
"Arapahoe","52","608","Colorado","4/5/20","241","367","08005","152.28"
"Archuleta","0","1","Colorado","4/5/20","0","1","08007","1"
"Baca","1","9","Colorado","4/5/20","1","8","08009","800"
"Boulder","12","177","Colorado","4/5/20","90","87","08013","96.67"
"Broomfield","5","50","Colorado","4/5/20","17","33","08014","194.12"
"Chaffee","1","22","Colorado","4/5/20","15","7","08015","46.67"
"Clear Creek","0","6","Colorado","4/5/20","3","3","08019","100"
"Costilla","0","3","Colorado","4/5/20","1","2","08023","200"
"Crowley","0","1","Colorado","4/5/20","1","0","08025","0"
"Custer","0","2","Colorado","4/5/20","0","2","08027","1"
"Delta","0","4","Colorado","4/5/20","1","3","08029","300"
"Denver","60","825","Colorado","4/5/20","408","417","08031","102.21"
"Douglas","17","223","Colorado","4/5/20","102","121","08035","118.63"
"Eagle","22","339","Colorado","4/5/20","187","152","08037","81.28"
"El Paso","32","435","Colorado","4/5/20","214","221","08041","103.27"
"Elbert","1","9","Colorado","4/5/20","3","6","08039","200"
"Fremont","0","3","Colorado","4/5/20","1","2","08043","200"
"Garfield","3","46","Colorado","4/5/20","25","21","08045","84"
"Grand","0","4","Colorado","4/5/20","2","2","08049","100"
"Gunnison","2","93","Colorado","4/5/20","79","14","08051","17.72"
"Hinsdale","0","1","Colorado","4/5/20","1","0","08053","0"
"Huerfano","0","1","Colorado","4/5/20","1","0","08055","0"
"Jefferson","44","519","Colorado","4/5/20","213","306","08059","143.66"
"Kit Carson","1","5","Colorado","4/5/20","1","4","08063","400"
"La Plata","1","29","Colorado","4/5/20","21","8","08067","38.1"
"Lake","0","3","Colorado","4/5/20","0","3","08065","1"
"Larimer","10","153","Colorado","4/5/20","84","69","08069","82.14"
"Las Animas","0","1","Colorado","4/5/20","0","1","08071","1"
"Lincoln","0","1","Colorado","4/5/20","1","0","08073","0"
"Logan","1","9","Colorado","4/5/20","5","4","08075","80"
"Mesa","1","20","Colorado","4/5/20","12","8","08077","66.67"
"Mineral","0","2","Colorado","4/5/20","1","1","08079","100"
"Moffat","0","3","Colorado","4/5/20","2","1","08081","50"
"Montezuma","1","8","Colorado","4/5/20","1","7","08083","700"
"Montrose","3","32","Colorado","4/5/20","8","24","08085","300"
"Morgan","2","17","Colorado","4/5/20","5","12","08087","240"
"Otero","0","3","Colorado","4/5/20","3","0","08089","0"
"Ouray","0","2","Colorado","4/5/20","0","2","08091","1"
"Park","0","5","Colorado","4/5/20","3","2","08093","66.67"
"Phillips","0","3","Colorado","4/5/20","0","3","08095","1"
"Pitkin","2","38","Colorado","4/5/20","27","11","08097","40.74"
"Pueblo","4","40","Colorado","4/5/20","10","30","08101","300"
"Rio Blanco","0","1","Colorado","4/5/20","0","1","08103","1"
"Rio Grande","0","5","Colorado","4/5/20","3","2","08105","66.67"
"Routt","2","29","Colorado","4/5/20","16","13","08107","81.25"
"Saguache","0","3","Colorado","4/5/20","0","3","08109","1"
"San Miguel","1","10","Colorado","4/5/20","1","9","08113","900"
"Summit","6","54","Colorado","4/5/20","11","43","08117","390.91"
"Teller","1","11","Colorado","4/5/20","7","4","08119","57.14"
"Washington","0","1","Colorado","4/5/20","1","0","08121","0"
"Weld","41","470","Colorado","4/5/20","180","290","08123","161.11"
"Yuma","0","2","Colorado","4/5/20","2","0","08125","0"
"Fairfield","258","3050","Connecticut","4/5/20","1245","1805","09001","144.98"
"Hartford","68","751","Connecticut","4/5/20","276","475","09003","172.1"
"Litchfield","16","197","Connecticut","4/5/20","87","110","09005","126.44"
"Middlesex","10","110","Connecticut","4/5/20","38","72","09007","189.47"
"New Haven","126","1162","Connecticut","4/5/20","280","882","09009","315"
"New London","5","57","Connecticut","4/5/20","20","37","09011","185"
"Tolland","8","94","Connecticut","4/5/20","40","54","09013","135"
"Windham","4","32","Connecticut","4/5/20","7","25","09015","357.14"
"Kent","9","86","Delaware","4/5/20","25","61","10001","244"
"New Castle","42","436","Delaware","4/5/20","141","295","10003","209.22"
"Sussex","12","151","Delaware","4/5/20","66","85","10005","128.79"
"","0","49","Diamond Princess","4/5/20","49","0",,"0"
"District of Columbia","94","1002","District of Columbia","4/5/20","342","660","11001","192.98"
"Alachua","7","123","Florida","4/5/20","71","52","12001","73.24"
"Baker","1","12","Florida","4/5/20","7","5","12003","71.43"
"Bay","3","24","Florida","4/5/20","6","18","12005","300"
"Bradford","1","7","Florida","4/5/20","1","6","12007","600"
"Brevard","7","79","Florida","4/5/20","28","51","12009","182.14"
"Broward","150","1886","Florida","4/5/20","838","1048","12011","125.06"
"Calhoun","0","3","Florida","4/5/20","0","3","12013","1"
"Charlotte","4","47","Florida","4/5/20","16","31","12015","193.75"
"Citrus","4","43","Florida","4/5/20","15","28","12017","186.67"
"Clay","7","79","Florida","4/5/20","30","49","12019","163.33"
"Collier","19","231","Florida","4/5/20","95","136","12021","143.16"
"Columbia","1","13","Florida","4/5/20","3","10","12023","333.33"
"DeSoto","1","12","Florida","4/5/20","7","5","12027","71.43"
"Dixie","0","1","Florida","4/5/20","0","1","12029","1"
"Duval","41","413","Florida","4/5/20","125","288","12031","230.4"
"Escambia","14","125","Florida","4/5/20","30","95","12033","316.67"
"Flagler","3","31","Florida","4/5/20","13","18","12035","138.46"
"Franklin","0","2","Florida","4/5/20","0","2","12037","1"
"Gadsden","0","4","Florida","4/5/20","1","3","12039","300"
"Glades","1","4","Florida","4/5/20","0","4","12043","1"
"Gulf","0","1","Florida","4/5/20","0","1","12045","1"
"Hardee","0","2","Florida","4/5/20","0","2","12049","1"
"Hendry","1","7","Florida","4/5/20","1","6","12051","600"
"Hernando","4","43","Florida","4/5/20","14","29","12053","207.14"
"Highlands","4","35","Florida","4/5/20","10","25","12055","250"
"Hillsborough","45","536","Florida","4/5/20","218","318","12057","145.87"
"Holmes","0","1","Florida","4/5/20","0","1","12059","1"
"Indian River","5","55","Florida","4/5/20","17","38","12061","223.53"
"Jackson","0","4","Florida","4/5/20","1","3","12063","300"
"Jefferson","0","1","Florida","4/5/20","0","1","12065","1"
"Lake","9","101","Florida","4/5/20","38","63","12069","165.79"
"Lee","36","379","Florida","4/5/20","124","255","12071","205.65"
"Leon","3","42","Florida","4/5/20","18","24","12073","133.33"
"Levy","0","4","Florida","4/5/20","2","2","12075","100"
"Madison","1","10","Florida","4/5/20","0","10","12079","1"
"Manatee","15","136","Florida","4/5/20","33","103","12081","312.12"
"Marion","4","50","Florida","4/5/20","20","30","12083","150"
"Martin","5","60","Florida","4/5/20","26","34","12085","130.77"
"Miami-Dade","422","4146","Florida","4/5/20","1192","2954","12086","247.82"
"Monroe","3","44","Florida","4/5/20","22","22","12087","100"
"Nassau","2","21","Florida","4/5/20","7","14","12089","200"
"Okaloosa","4","62","Florida","4/5/20","31","31","12091","100"
"Okeechobee","0","3","Florida","4/5/20","0","3","12093","1"
"Orange","67","713","Florida","4/5/20","246","467","12095","189.84"
"Osceola","21","229","Florida","4/5/20","83","146","12097","175.9"
"Palm Beach","95","1000","Florida","4/5/20","333","667","12099","200.3"
"Pasco","10","102","Florida","4/5/20","34","68","12101","200"
"Pinellas","35","359","Florida","4/5/20","113","246","12103","217.7"
"Polk","17","157","Florida","4/5/20","39","118","12105","302.56"
"Putnam","1","19","Florida","4/5/20","12","7","12107","58.33"
"Santa Rosa","5","55","Florida","4/5/20","20","35","12113","175"
"Sarasota","13","140","Florida","4/5/20","50","90","12115","180"
"Seminole","16","191","Florida","4/5/20","76","115","12117","151.32"
"St. Johns","13","141","Florida","4/5/20","50","91","12109","182"
"St. Lucie","8","82","Florida","4/5/20","23","59","12111","256.52"
"Sumter","5","75","Florida","4/5/20","43","32","12119","74.42"
"Suwannee","2","18","Florida","4/5/20","1","17","12121","1700"
"Union","0","2","Florida","4/5/20","0","2","12125","1"
"Volusia","15","151","Florida","4/5/20","47","104","12127","221.28"
"Wakulla","1","6","Florida","4/5/20","0","6","12129","1"
"Walton","1","23","Florida","4/5/20","15","8","12131","53.33"
"Washington","0","1","Florida","4/5/20","1","0","12133","0"
"Appling","1","5","Georgia","4/5/20","0","5","13001","1"
"Bacon","1","6","Georgia","4/5/20","1","5","13005","500"
"Baker","1","5","Georgia","4/5/20","1","4","13007","400"
"Baldwin","2","14","Georgia","4/5/20","2","12","13009","600"
"Banks","0","3","Georgia","4/5/20","0","3","13011","1"
"Barrow","3","25","Georgia","4/5/20","7","18","13013","257.14"
"Bartow","6","160","Georgia","4/5/20","119","41","13015","34.45"
"Ben Hill","0","4","Georgia","4/5/20","2","2","13017","100"
"Berrien","0","3","Georgia","4/5/20","0","3","13019","1"
"Bibb","4","40","Georgia","4/5/20","13","27","13021","207.69"
"Bleckley","0","1","Georgia","4/5/20","0","1","13023","1"
"Brooks","1","6","Georgia","4/5/20","1","5","13027","500"
"Bryan","1","16","Georgia","4/5/20","7","9","13029","128.57"
"Bulloch","1","5","Georgia","4/5/20","1","4","13031","400"
"Burke","1","9","Georgia","4/5/20","4","5","13033","125"
"Butts","1","11","Georgia","4/5/20","5","6","13035","120"
"Calhoun","2","15","Georgia","4/5/20","3","12","13037","400"
"Camden","1","9","Georgia","4/5/20","2","7","13039","350"
"Candler","0","2","Georgia","4/5/20","1","1","13043","100"
"Carroll","13","158","Georgia","4/5/20","64","94","13045","146.88"
"Catoosa","0","6","Georgia","4/5/20","3","3","13047","100"
"Charlton","0","2","Georgia","4/5/20","1","1","13049","100"
"Chatham","10","83","Georgia","4/5/20","15","68","13051","453.33"
"Chattahoochee","0","2","Georgia","4/5/20","1","1","13053","100"
"Chattooga","0","3","Georgia","4/5/20","1","2","13055","200"
"Cherokee","9","122","Georgia","4/5/20","56","66","13057","117.86"
"Clarke","4","62","Georgia","4/5/20","35","27","13059","77.14"
"Clay","1","7","Georgia","4/5/20","0","7","13061","1"
"Clayton","26","238","Georgia","4/5/20","59","179","13063","303.39"
"Clinch","0","2","Georgia","4/5/20","1","1","13065","100"
"Cobb","33","456","Georgia","4/5/20","222","234","13067","105.41"
"Coffee","1","15","Georgia","4/5/20","8","7","13069","87.5"
"Colquitt","6","50","Georgia","4/5/20","6","44","13071","733.33"
"Columbia","3","36","Georgia","4/5/20","12","24","13073","200"
"Cook","0","1","Georgia","4/5/20","0","1","13075","1"
"Coweta","6","67","Georgia","4/5/20","22","45","13077","204.55"
"Crawford","0","1","Georgia","4/5/20","0","1","13079","1"
"Crisp","3","28","Georgia","4/5/20","6","22","13081","366.67"
"Dade","0","1","Georgia","4/5/20","0","1","13083","1"
"Dawson","2","16","Georgia","4/5/20","2","14","13085","700"
"Decatur","2","17","Georgia","4/5/20","4","13","13087","325"
"DeKalb","39","543","Georgia","4/5/20","272","271","13089","99.63"
"Dodge","1","5","Georgia","4/5/20","1","4","13091","400"
"Dooly","2","15","Georgia","4/5/20","0","15","13093","1"
"Dougherty","64","686","Georgia","4/5/20","239","447","13095","187.03"
"Douglas","7","86","Georgia","4/5/20","37","49","13097","132.43"
"Early","7","64","Georgia","4/5/20","16","48","13099","300"
"Effingham","1","9","Georgia","4/5/20","4","5","13103","125"
"Elbert","0","1","Georgia","4/5/20","0","1","13105","1"
"Emanuel","0","1","Georgia","4/5/20","0","1","13107","1"
"Fannin","1","8","Georgia","4/5/20","3","5","13111","166.67"
"Fayette","6","67","Georgia","4/5/20","26","41","13113","157.69"
"Floyd","8","80","Georgia","4/5/20","27","53","13115","196.3"
"Forsyth","7","72","Georgia","4/5/20","25","47","13117","188"
"Franklin","0","5","Georgia","4/5/20","2","3","13119","150"
"Fulton","79","962","Georgia","4/5/20","407","555","13121","136.36"
"Gilmer","0","1","Georgia","4/5/20","0","1","13123","1"
"Glynn","3","29","Georgia","4/5/20","8","21","13127","262.5"
"Gordon","1","23","Georgia","4/5/20","14","9","13129","64.29"
"Grady","0","3","Georgia","4/5/20","0","3","13131","1"
"Greene","2","12","Georgia","4/5/20","1","11","13133","1100"
"Gwinnett","38","408","Georgia","4/5/20","143","265","13135","185.31"
"Habersham","0","2","Georgia","4/5/20","0","2","13137","1"
"Hall","12","117","Georgia","4/5/20","32","85","13139","265.62"
"Haralson","1","10","Georgia","4/5/20","2","8","13143","400"
"Harris","1","7","Georgia","4/5/20","2","5","13145","250"
"Hart","0","3","Georgia","4/5/20","1","2","13147","200"
"Heard","0","2","Georgia","4/5/20","1","1","13149","100"
"Henry","16","167","Georgia","4/5/20","55","112","13151","203.64"
"Houston","7","62","Georgia","4/5/20","15","47","13153","313.33"
"Irwin","0","6","Georgia","4/5/20","3","3","13155","100"
"Jackson","2","15","Georgia","4/5/20","2","13","13157","650"
"Jasper","0","4","Georgia","4/5/20","2","2","13159","100"
"Jefferson","0","3","Georgia","4/5/20","0","3","13163","1"
"Jenkins","0","2","Georgia","4/5/20","1","1","13165","100"
"Johnson","0","3","Georgia","4/5/20","0","3","13167","1"
"Jones","1","6","Georgia","4/5/20","2","4","13169","200"
"Lamar","1","7","Georgia","4/5/20","2","5","13171","250"
"Lanier","0","1","Georgia","4/5/20","0","1","13173","1"
"Laurens","1","15","Georgia","4/5/20","9","6","13175","66.67"
"Lee","13","136","Georgia","4/5/20","43","93","13177","216.28"
"Liberty","1","10","Georgia","4/5/20","3","7","13179","233.33"
"Lincoln","0","5","Georgia","4/5/20","3","2","13181","66.67"
"Long","0","1","Georgia","4/5/20","1","0","13183","0"
"Lowndes","2","37","Georgia","4/5/20","20","17","13185","85"
"Lumpkin","1","9","Georgia","4/5/20","4","5","13187","125"
"Macon","0","4","Georgia","4/5/20","1","3","13193","300"
"Madison","1","7","Georgia","4/5/20","3","4","13195","133.33"
"Marion","0","2","Georgia","4/5/20","0","2","13197","1"
"McDuffie","1","6","Georgia","4/5/20","1","5","13189","500"
"McIntosh","0","2","Georgia","4/5/20","0","2","13191","1"
"Meriwether","1","11","Georgia","4/5/20","5","6","13199","120"
"Miller","1","10","Georgia","4/5/20","4","6","13201","150"
"Mitchell","5","53","Georgia","4/5/20","15","38","13205","253.33"
"Monroe","1","9","Georgia","4/5/20","3","6","13207","200"
"Morgan","0","2","Georgia","4/5/20","1","1","13211","100"
"Murray","1","9","Georgia","4/5/20","3","6","13213","200"
"Muscogee","4","36","Georgia","4/5/20","8","28","13215","350"
"Newton","5","55","Georgia","4/5/20","17","38","13217","223.53"
"Oconee","2","24","Georgia","4/5/20","11","13","13219","118.18"
"Oglethorpe","0","1","Georgia","4/5/20","0","1","13221","1"
"Paulding","4","50","Georgia","4/5/20","23","27","13223","117.39"
"Peach","1","13","Georgia","4/5/20","6","7","13225","116.67"
"Pickens","1","9","Georgia","4/5/20","5","4","13227","80"
"Pierce","2","16","Georgia","4/5/20","2","14","13229","700"
"Pike","0","5","Georgia","4/5/20","2","3","13231","150"
"Polk","1","18","Georgia","4/5/20","10","8","13233","80"
"Pulaski","0","6","Georgia","4/5/20","3","3","13235","100"
"Putnam","0","2","Georgia","4/5/20","0","2","13237","1"
"Quitman","0","1","Georgia","4/5/20","0","1","13239","1"
"Rabun","0","3","Georgia","4/5/20","0","3","13241","1"
"Randolph","2","18","Georgia","4/5/20","3","15","13243","500"
"Richmond","6","51","Georgia","4/5/20","12","39","13245","325"
"Rockdale","8","76","Georgia","4/5/20","18","58","13247","322.22"
"Schley","1","6","Georgia","4/5/20","0","6","13249","1"
"Screven","0","2","Georgia","4/5/20","0","2","13251","1"
"Seminole","1","8","Georgia","4/5/20","3","5","13253","166.67"
"Spalding","2","26","Georgia","4/5/20","12","14","13255","116.67"
"Stephens","0","6","Georgia","4/5/20","3","3","13257","100"
"Stewart","0","1","Georgia","4/5/20","0","1","13259","1"
"Sumter","10","83","Georgia","4/5/20","15","68","13261","453.33"
"Talbot","1","4","Georgia","4/5/20","0","4","13263","1"
"Tattnall","0","3","Georgia","4/5/20","2","1","13267","50"
"Taylor","0","2","Georgia","4/5/20","1","1","13269","100"
"Telfair","1","4","Georgia","4/5/20","0","4","13271","1"
"Terrell","7","58","Georgia","4/5/20","10","48","13273","480"
"Thomas","3","26","Georgia","4/5/20","7","19","13275","271.43"
"Tift","3","34","Georgia","4/5/20","13","21","13277","161.54"
"Toombs","1","5","Georgia","4/5/20","1","4","13279","400"
"Towns","0","1","Georgia","4/5/20","0","1","13281","1"
"Troup","4","34","Georgia","4/5/20","9","25","13285","277.78"
"Turner","1","12","Georgia","4/5/20","2","10","13287","500"
"Twiggs","0","2","Georgia","4/5/20","2","0","13289","0"
"Union","0","1","Georgia","4/5/20","0","1","13291","1"
"Upson","1","13","Georgia","4/5/20","5","8","13293","160"
"Walker","0","3","Georgia","4/5/20","0","3","13295","1"
"Walton","2","19","Georgia","4/5/20","5","14","13297","280"
"Ware","2","18","Georgia","4/5/20","5","13","13299","260"
"Warren","1","5","Georgia","4/5/20","0","5","13301","1"
"Washington","1","6","Georgia","4/5/20","2","4","13303","200"
"Wayne","0","1","Georgia","4/5/20","0","1","13305","1"
"Webster","0","2","Georgia","4/5/20","0","2","13307","1"
"Wheeler","0","1","Georgia","4/5/20","1","0","13309","0"
"White","0","4","Georgia","4/5/20","1","3","13311","300"
"Whitfield","1","16","Georgia","4/5/20","8","8","13313","100"
"Wilcox","0","1","Georgia","4/5/20","0","1","13315","1"
"Wilkes","0","3","Georgia","4/5/20","1","2","13317","200"
"Wilkinson","0","2","Georgia","4/5/20","0","2","13319","1"
"Worth","4","36","Georgia","4/5/20","10","26","13321","260"
"","0","103","Grand Princess","4/5/20","103","0",,"0"
"","8","112","Guam","4/5/20","56","56",,"100"
"Hawaii","2","22","Hawaii","4/5/20","10","12","15001","120"
"Honolulu","25","281","Hawaii","4/5/20","108","173","15003","160.19"
"Kauai","1","16","Hawaii","4/5/20","11","5","15007","45.45"
"Maui","4","43","Hawaii","4/5/20","16","27","15009","168.75"
"Out of HI","0","2","Hawaii","4/5/20","0","2","80015","1"
"Ada","42","385","Idaho","4/5/20","92","293","16001","318.48"
"Adams","0","1","Idaho","4/5/20","0","1","16003","1"
"Bannock","0","5","Idaho","4/5/20","3","2","16005","66.67"
"Bingham","0","2","Idaho","4/5/20","1","1","16011","100"
"Blaine","42","410","Idaho","4/5/20","114","296","16013","259.65"
"Bonner","0","2","Idaho","4/5/20","1","1","16017","100"
"Bonneville","1","6","Idaho","4/5/20","1","5","16019","500"
"Camas","0","1","Idaho","4/5/20","0","1","16025","1"
"Canyon","11","99","Idaho","4/5/20","22","77","16027","350"
"Caribou","0","1","Idaho","4/5/20","0","1","16029","1"
"Cassia","0","4","Idaho","4/5/20","1","3","16031","300"
"Custer","0","2","Idaho","4/5/20","1","1","16037","100"
"Elmore","2","11","Idaho","4/5/20","0","11","16039","1"
"Fremont","0","1","Idaho","4/5/20","1","0","16043","0"
"Gem","1","7","Idaho","4/5/20","1","6","16045","600"
"Gooding","0","1","Idaho","4/5/20","0","1","16047","1"
"Idaho","0","3","Idaho","4/5/20","1","2","16049","200"
"Jefferson","0","3","Idaho","4/5/20","2","1","16051","50"
"Jerome","2","13","Idaho","4/5/20","0","13","16053","1"
"Kootenai","2","40","Idaho","4/5/20","26","14","16055","53.85"
"Latah","0","1","Idaho","4/5/20","0","1","16057","1"
"Lewis","0","1","Idaho","4/5/20","0","1","16061","1"
"Lincoln","1","9","Idaho","4/5/20","1","8","16063","800"
"Madison","0","4","Idaho","4/5/20","2","2","16065","100"
"Minidoka","0","1","Idaho","4/5/20","0","1","16067","1"
"Nez Perce","1","13","Idaho","4/5/20","4","9","16069","225"
"Owyhee","0","2","Idaho","4/5/20","1","1","16073","100"
"Payette","1","5","Idaho","4/5/20","1","4","16075","400"
"Teton","0","4","Idaho","4/5/20","2","2","16081","100"
"Twin Falls","5","37","Idaho","4/5/20","2","35","16083","1750"
"Valley","0","3","Idaho","4/5/20","1","2","16085","200"
"Washington","0","1","Idaho","4/5/20","0","1","16087","1"
"Adams","0","3","Illinois","4/5/20","2","1","17001","50"
"Bond","0","3","Illinois","4/5/20","1","2","17005","200"
"Boone","0","3","Illinois","4/5/20","0","3","17007","1"
"Bureau","0","3","Illinois","4/5/20","1","2","17011","200"
"Calhoun","0","1","Illinois","4/5/20","0","1","17013","1"
"Carroll","0","4","Illinois","4/5/20","1","3","17015","300"
"Champaign","5","55","Illinois","4/5/20","21","34","17019","161.9"
"Christian","2","20","Illinois","4/5/20","6","14","17021","233.33"
"Clark","0","2","Illinois","4/5/20","0","2","17023","1"
"Clinton","1","10","Illinois","4/5/20","6","4","17027","66.67"
"Cook","656","8034","Illinois","4/5/20","3445","4589","17031","133.21"
"Crawford","0","3","Illinois","4/5/20","0","3","17033","1"
"Cumberland","0","1","Illinois","4/5/20","1","0","17035","0"
"De Witt","0","2","Illinois","4/5/20","0","2","17039","1"
"DeKalb","2","22","Illinois","4/5/20","8","14","17037","175"
"Douglas","1","9","Illinois","4/5/20","1","8","17041","800"
"DuPage","55","656","Illinois","4/5/20","274","382","17043","139.42"
"Effingham","0","1","Illinois","4/5/20","0","1","17049","1"
"Fayette","0","2","Illinois","4/5/20","1","1","17051","100"
"Ford","0","1","Illinois","4/5/20","0","1","17053","1"
"Franklin","0","1","Illinois","4/5/20","2","-1","17055","-50"
"Gallatin","0","1","Illinois","4/5/20","0","1","17059","1"
"Grundy","1","9","Illinois","4/5/20","3","6","17063","200"
"Henry","1","8","Illinois","4/5/20","2","6","17073","300"
"Iroquois","0","5","Illinois","4/5/20","2","3","17075","150"
"Jackson","1","12","Illinois","4/5/20","3","9","17077","300"
"Jasper","0","3","Illinois","4/5/20","0","3","17079","1"
"Jefferson","0","2","Illinois","4/5/20","0","2","17081","1"
"Jersey","0","2","Illinois","4/5/20","0","2","17083","1"
"Jo Daviess","1","5","Illinois","4/5/20","1","4","17085","400"
"Kane","17","220","Illinois","4/5/20","100","120","17089","120"
"Kankakee","6","76","Illinois","4/5/20","33","43","17091","130.3"
"Kendall","5","49","Illinois","4/5/20","15","34","17093","226.67"
"Knox","0","1","Illinois","4/5/20","1","0","17095","0"
"Lake","63","742","Illinois","4/5/20","300","442","17097","147.33"
"LaSalle","1","8","Illinois","4/5/20","4","4","17099","100"
"Lee","0","2","Illinois","4/5/20","0","2","17103","1"
"Livingston","1","7","Illinois","4/5/20","2","5","17105","250"
"Logan","0","1","Illinois","4/5/20","0","1","17107","1"
"Macon","1","6","Illinois","4/5/20","2","4","17115","200"
"Macoupin","1","5","Illinois","4/5/20","0","5","17117","1"
"Madison","5","48","Illinois","4/5/20","12","36","17119","300"
"Marion","0","3","Illinois","4/5/20","0","3","17121","1"
"Marshall","0","1","Illinois","4/5/20","1","0","17123","0"
"Mason","0","1","Illinois","4/5/20","0","1","17125","1"
"Massac","0","2","Illinois","4/5/20","0","2","17127","1"
"McHenry","12","133","Illinois","4/5/20","52","81","17111","155.77"
"McLean","5","46","Illinois","4/5/20","14","32","17113","228.57"
"Menard","0","1","Illinois","4/5/20","1","0","17129","0"
"Mercer","0","2","Illinois","4/5/20","0","2","17131","1"
"Monroe","1","10","Illinois","4/5/20","3","7","17133","233.33"
"Montgomery","0","3","Illinois","4/5/20","1","2","17135","200"
"Morgan","0","6","Illinois","4/5/20","3","3","17137","100"
"Moultrie","0","1","Illinois","4/5/20","0","1","17139","1"
"Ogle","1","5","Illinois","4/5/20","0","5","17141","1"
"Peoria","1","14","Illinois","4/5/20","8","6","17143","75"
"Piatt","0","1","Illinois","4/5/20","0","1","17147","1"
"Pike","0","1","Illinois","4/5/20","0","1","17149","1"
"Randolph","3","24","Illinois","4/5/20","0","24","17157","1"
"Rock Island","5","40","Illinois","4/5/20","5","35","17161","700"
"Saline","0","1","Illinois","4/5/20","0","1","17165","1"
"Sangamon","3","29","Illinois","4/5/20","9","20","17167","222.22"
"St. Clair","8","86","Illinois","4/5/20","31","55","17163","177.42"
"Stephenson","0","3","Illinois","4/5/20","3","0","17177","0"
"Tazewell","1","13","Illinois","4/5/20","4","9","17179","225"
"Vermilion","1","5","Illinois","4/5/20","0","5","17183","1"
"Washington","0","1","Illinois","4/5/20","1","0","17189","0"
"Whiteside","2","18","Illinois","4/5/20","3","15","17195","500"
"Will","67","648","Illinois","4/5/20","182","466","17197","256.04"
"Williamson","0","3","Illinois","4/5/20","1","2","17199","200"
"Winnebago","4","42","Illinois","4/5/20","12","30","17201","250"
"Woodford","0","6","Illinois","4/5/20","4","2","17203","50"
"Adams","0","2","Indiana","4/5/20","1","1","18001","100"
"Allen","5","63","Indiana","4/5/20","26","37","18003","142.31"
"Bartholomew","6","54","Indiana","4/5/20","10","44","18005","440"
"Blackford","0","3","Indiana","4/5/20","0","3","18009","1"
"Boone","6","57","Indiana","4/5/20","13","44","18011","338.46"
"Brown","0","5","Indiana","4/5/20","3","2","18013","66.67"
"Carroll","0","3","Indiana","4/5/20","1","2","18015","200"
"Cass","1","4","Indiana","4/5/20","0","4","18017","1"
"Clark","7","66","Indiana","4/5/20","20","46","18019","230"
"Clay","0","4","Indiana","4/5/20","1","3","18021","300"
"Clinton","0","4","Indiana","4/5/20","1","3","18023","300"
"Crawford","1","5","Indiana","4/5/20","1","4","18025","400"
"Daviess","0","2","Indiana","4/5/20","0","2","18027","1"
"Dearborn","3","33","Indiana","4/5/20","10","23","18029","230"
"Decatur","6","80","Indiana","4/5/20","40","40","18031","100"
"DeKalb","0","4","Indiana","4/5/20","1","3","18033","300"
"Delaware","3","37","Indiana","4/5/20","14","23","18035","164.29"
"Dubois","1","6","Indiana","4/5/20","2","4","18037","200"
"Elkhart","3","35","Indiana","4/5/20","12","23","18039","191.67"
"Fayette","2","16","Indiana","4/5/20","5","11","18041","220"
"Floyd","5","50","Indiana","4/5/20","14","36","18043","257.14"
"Fountain","0","2","Indiana","4/5/20","1","1","18045","100"
"Franklin","4","53","Indiana","4/5/20","26","27","18047","103.85"
"Fulton","0","2","Indiana","4/5/20","1","1","18049","100"
"Gibson","0","4","Indiana","4/5/20","4","0","18051","0"
"Grant","2","18","Indiana","4/5/20","7","11","18053","157.14"
"Greene","1","10","Indiana","4/5/20","1","9","18055","900"
"Hamilton","31","300","Indiana","4/5/20","83","217","18057","261.45"
"Hancock","6","61","Indiana","4/5/20","22","39","18059","177.27"
"Harrison","3","33","Indiana","4/5/20","14","19","18061","135.71"
"Hendricks","18","177","Indiana","4/5/20","48","129","18063","268.75"
"Henry","1","11","Indiana","4/5/20","2","9","18065","450"
"Howard","2","27","Indiana","4/5/20","12","15","18067","125"
"Huntington","0","4","Indiana","4/5/20","1","3","18069","300"
"Jackson","4","36","Indiana","4/5/20","7","29","18071","414.29"
"Jasper","1","12","Indiana","4/5/20","6","6","18073","100"
"Jay","0","3","Indiana","4/5/20","0","3","18075","1"
"Jefferson","1","5","Indiana","4/5/20","0","5","18077","1"
"Jennings","3","35","Indiana","4/5/20","13","22","18079","169.23"
"Johnson","14","167","Indiana","4/5/20","71","96","18081","135.21"
"Knox","1","7","Indiana","4/5/20","2","5","18083","250"
"Kosciusko","1","12","Indiana","4/5/20","3","9","18085","300"
"LaGrange","0","4","Indiana","4/5/20","2","2","18087","100"
"Lake","36","335","Indiana","4/5/20","85","250","18089","294.12"
"LaPorte","2","21","Indiana","4/5/20","6","15","18091","250"
"Lawrence","4","39","Indiana","4/5/20","8","31","18093","387.5"
"Madison","10","86","Indiana","4/5/20","18","68","18095","377.78"
"Marion","155","1760","Indiana","4/5/20","676","1084","18097","160.36"
"Marshall","0","6","Indiana","4/5/20","3","3","18099","100"
"Martin","0","1","Indiana","4/5/20","0","1","18101","1"
"Miami","1","7","Indiana","4/5/20","1","6","18103","600"
"Monroe","4","48","Indiana","4/5/20","22","26","18105","118.18"
"Montgomery","1","14","Indiana","4/5/20","5","9","18107","180"
"Morgan","6","65","Indiana","4/5/20","20","45","18109","225"
"Newton","0","4","Indiana","4/5/20","1","3","18111","300"
"Noble","1","11","Indiana","4/5/20","2","9","18113","450"
"Ohio","0","1","Indiana","4/5/20","1","0","18115","0"
"Orange","1","7","Indiana","4/5/20","1","6","18117","600"
"Owen","1","15","Indiana","4/5/20","9","6","18119","66.67"
"Parke","0","2","Indiana","4/5/20","0","2","18121","1"
"Porter","6","59","Indiana","4/5/20","14","45","18127","321.43"
"Posey","0","5","Indiana","4/5/20","3","2","18129","66.67"
"Putnam","2","17","Indiana","4/5/20","5","12","18133","240"
"Randolph","1","5","Indiana","4/5/20","1","4","18135","400"
"Ripley","6","60","Indiana","4/5/20","19","41","18137","215.79"
"Rush","1","10","Indiana","4/5/20","2","8","18139","400"
"Scott","1","8","Indiana","4/5/20","1","7","18143","700"
"Shelby","4","37","Indiana","4/5/20","12","25","18145","208.33"
"Spencer","0","1","Indiana","4/5/20","0","1","18147","1"
"St. Joseph","10","102","Indiana","4/5/20","32","70","18141","218.75"
"Starke","0","3","Indiana","4/5/20","1","2","18149","200"
"Steuben","1","6","Indiana","4/5/20","1","5","18151","500"
"Sullivan","0","3","Indiana","4/5/20","1","2","18153","200"
"Switzerland","1","9","Indiana","4/5/20","3","6","18155","200"
"Tippecanoe","3","29","Indiana","4/5/20","11","18","18157","163.64"
"Tipton","0","6","Indiana","4/5/20","4","2","18159","50"
"Union","0","3","Indiana","4/5/20","0","3","18161","1"
"Vanderburgh","3","37","Indiana","4/5/20","17","20","18163","117.65"
"Vermillion","0","2","Indiana","4/5/20","0","2","18165","1"
"Vigo","2","18","Indiana","4/5/20","7","11","18167","157.14"
"Wabash","0","1","Indiana","4/5/20","1","0","18169","0"
"Warren","0","2","Indiana","4/5/20","2","0","18171","0"
"Warrick","1","13","Indiana","4/5/20","8","5","18173","62.5"
"Washington","2","18","Indiana","4/5/20","5","13","18175","260"
"Wayne","1","8","Indiana","4/5/20","1","7","18177","700"
"Wells","0","2","Indiana","4/5/20","1","1","18179","100"
"White","0","3","Indiana","4/5/20","1","2","18181","200"
"Whitley","1","6","Indiana","4/5/20","1","5","18183","500"
"Adair","0","1","Iowa","4/5/20","1","0","19001","0"
"Allamakee","1","17","Iowa","4/5/20","7","10","19005","142.86"
"Appanoose","0","1","Iowa","4/5/20","1","0","19007","0"
"Audubon","0","1","Iowa","4/5/20","0","1","19009","1"
"Benton","1","9","Iowa","4/5/20","4","5","19011","125"
"Black Hawk","1","12","Iowa","4/5/20","6","6","19013","100"
"Boone","0","3","Iowa","4/5/20","1","2","19015","200"
"Bremer","0","2","Iowa","4/5/20","0","2","19017","1"
"Buchanan","0","5","Iowa","4/5/20","2","3","19019","150"
"Butler","0","1","Iowa","4/5/20","1","0","19023","0"
"Carroll","0","1","Iowa","4/5/20","1","0","19027","0"
"Cedar","1","12","Iowa","4/5/20","7","5","19031","71.43"
"Cerro Gordo","1","10","Iowa","4/5/20","6","4","19033","66.67"
"Clarke","0","1","Iowa","4/5/20","0","1","19039","1"
"Clay","0","2","Iowa","4/5/20","0","2","19041","1"
"Clayton","0","4","Iowa","4/5/20","1","3","19043","300"
"Clinton","2","16","Iowa","4/5/20","1","15","19045","1500"
"Crawford","1","4","Iowa","4/5/20","0","4","19047","1"
"Dallas","3","35","Iowa","4/5/20","17","18","19049","105.88"
"Des Moines","0","1","Iowa","4/5/20","1","0","19057","0"
"Dickinson","0","1","Iowa","4/5/20","1","0","19059","0"
"Dubuque","1","24","Iowa","4/5/20","16","8","19061","50"
"Fayette","0","3","Iowa","4/5/20","2","1","19065","50"
"Grundy","0","1","Iowa","4/5/20","0","1","19075","1"
"Guthrie","0","1","Iowa","4/5/20","0","1","19077","1"
"Hamilton","0","1","Iowa","4/5/20","0","1","19079","1"
"Hancock","0","3","Iowa","4/5/20","3","0","19081","0"
"Hardin","0","1","Iowa","4/5/20","1","0","19083","0"
"Harrison","0","10","Iowa","4/5/20","8","2","19085","25"
"Henry","1","8","Iowa","4/5/20","3","5","19087","166.67"
"Howard","0","1","Iowa","4/5/20","0","1","19089","1"
"Iowa","1","6","Iowa","4/5/20","2","4","19095","200"
"Jackson","0","3","Iowa","4/5/20","0","3","19097","1"
"Jasper","1","8","Iowa","4/5/20","4","4","19099","100"
"Jefferson","0","3","Iowa","4/5/20","0","3","19101","1"
"Johnson","6","106","Iowa","4/5/20","65","41","19103","63.08"
"Jones","1","6","Iowa","4/5/20","0","6","19105","1"
"Keokuk","0","2","Iowa","4/5/20","1","1","19107","100"
"Kossuth","0","1","Iowa","4/5/20","1","0","19109","0"
"Lee","0","1","Iowa","4/5/20","0","1","19111","1"
"Linn","17","161","Iowa","4/5/20","42","119","19113","283.33"
"Louisa","1","6","Iowa","4/5/20","0","6","19115","1"
"Lyon","0","2","Iowa","4/5/20","0","2","19119","1"
"Madison","0","1","Iowa","4/5/20","0","1","19121","1"
"Mahaska","0","3","Iowa","4/5/20","2","1","19123","50"
"Marion","0","1","Iowa","4/5/20","0","1","19125","1"
"Marshall","1","10","Iowa","4/5/20","6","4","19127","66.67"
"Mills","0","1","Iowa","4/5/20","0","1","19129","1"
"Mitchell","0","2","Iowa","4/5/20","0","2","19131","1"
"Monona","1","6","Iowa","4/5/20","2","4","19133","200"
"Montgomery","0","1","Iowa","4/5/20","1","0","19137","0"
"Muscatine","3","33","Iowa","4/5/20","10","23","19139","230"
"O'Brien","0","3","Iowa","4/5/20","0","3","19141","1"
"Page","0","2","Iowa","4/5/20","2","0","19145","0"
"Plymouth","1","4","Iowa","4/5/20","0","4","19149","1"
"Polk","10","122","Iowa","4/5/20","50","72","19153","144"
"Pottawattamie","1","7","Iowa","4/5/20","3","4","19155","133.33"
"Poweshiek","0","6","Iowa","4/5/20","5","1","19157","20"
"Scott","4","41","Iowa","4/5/20","10","31","19163","310"
"Shelby","1","6","Iowa","4/5/20","1","5","19165","500"
"Sioux","1","7","Iowa","4/5/20","2","5","19167","250"
"Story","0","5","Iowa","4/5/20","2","3","19169","150"
"Tama","3","30","Iowa","4/5/20","9","21","19171","233.33"
"Taylor","0","1","Iowa","4/5/20","1","0","19173","0"
"Van Buren","1","6","Iowa","4/5/20","0","6","19177","1"
"Wapello","0","1","Iowa","4/5/20","1","0","19179","0"
"Warren","1","10","Iowa","4/5/20","1","9","19181","900"
"Washington","5","49","Iowa","4/5/20","13","36","19183","276.92"
"Webster","0","1","Iowa","4/5/20","1","0","19187","0"
"Winneshiek","0","4","Iowa","4/5/20","3","1","19191","33.33"
"Woodbury","1","8","Iowa","4/5/20","4","4","19193","100"
"Wright","0","1","Iowa","4/5/20","1","0","19197","0"
"Atchison","0","2","Kansas","4/5/20","0","2","20005","1"
"Barton","0","3","Kansas","4/5/20","0","3","20009","1"
"Bourbon","0","4","Kansas","4/5/20","3","1","20011","33.33"
"Butler","1","8","Kansas","4/5/20","3","5","20015","166.67"
"Chautauqua","0","3","Kansas","4/5/20","0","3","20019","1"
"Cherokee","0","5","Kansas","4/5/20","2","3","20021","150"
"Clay","0","1","Kansas","4/5/20","1","0","20027","0"
"Cloud","0","1","Kansas","4/5/20","0","1","20029","1"
"Coffey","2","24","Kansas","4/5/20","8","16","20031","200"
"Cowley","0","1","Kansas","4/5/20","0","1","20035","1"
"Crawford","0","6","Kansas","4/5/20","4","2","20037","50"
"Doniphan","0","1","Kansas","4/5/20","1","0","20043","0"
"Douglas","1","33","Kansas","4/5/20","23","10","20045","43.48"
"Finney","1","10","Kansas","4/5/20","0","10","20055","1"
"Ford","0","1","Kansas","4/5/20","1","0","20057","0"
"Franklin","0","9","Kansas","4/5/20","6","3","20059","50"
"Geary","0","2","Kansas","4/5/20","0","2","20061","1"
"Gove","0","1","Kansas","4/5/20","1","0","20063","0"
"Greenwood","0","1","Kansas","4/5/20","0","1","20073","1"
"Harvey","0","2","Kansas","4/5/20","1","1","20079","100"
"Jackson","0","1","Kansas","4/5/20","1","0","20085","0"
"Jefferson","0","2","Kansas","4/5/20","1","1","20087","100"
"Jewell","0","1","Kansas","4/5/20","0","1","20089","1"
"Johnson","12","192","Kansas","4/5/20","108","84","20091","77.78"
"Labette","1","4","Kansas","4/5/20","0","4","20099","1"
"Leavenworth","3","36","Kansas","4/5/20","17","19","20103","111.76"
"Linn","0","5","Kansas","4/5/20","5","0","20107","0"
"Lyon","2","24","Kansas","4/5/20","7","17","20111","242.86"
"Marion","0","2","Kansas","4/5/20","0","2","20115","1"
"McPherson","1","8","Kansas","4/5/20","3","5","20113","166.67"
"Miami","0","2","Kansas","4/5/20","0","2","20121","1"
"Mitchell","0","2","Kansas","4/5/20","2","0","20123","0"
"Montgomery","0","6","Kansas","4/5/20","3","3","20125","100"
"Morris","0","2","Kansas","4/5/20","2","0","20127","0"
"Neosho","0","1","Kansas","4/5/20","1","0","20133","0"
"Osage","0","3","Kansas","4/5/20","1","2","20139","200"
"Osborne","0","2","Kansas","4/5/20","0","2","20141","1"
"Ottawa","0","3","Kansas","4/5/20","1","2","20143","200"
"Pottawatomie","0","2","Kansas","4/5/20","1","1","20149","100"
"Pratt","0","1","Kansas","4/5/20","0","1","20151","1"
"Reno","0","10","Kansas","4/5/20","7","3","20155","42.86"
"Riley","2","13","Kansas","4/5/20","2","11","20161","550"
"Saline","1","5","Kansas","4/5/20","0","5","20169","1"
"Sedgwick","9","108","Kansas","4/5/20","42","66","20173","157.14"
"Shawnee","3","32","Kansas","4/5/20","13","19","20177","146.15"
"Stafford","0","1","Kansas","4/5/20","1","0","20185","0"
"Stevens","0","1","Kansas","4/5/20","1","0","20189","0"
"Sumner","0","2","Kansas","4/5/20","1","1","20191","100"
"Wabaunsee","0","1","Kansas","4/5/20","0","1","20197","1"
"Woodson","0","3","Kansas","4/5/20","1","2","20207","200"
"Wyandotte","15","158","Kansas","4/5/20","55","103","20209","187.27"
"Adair","0","3","Kentucky","4/5/20","0","3","21001","1"
"Allen","0","2","Kentucky","4/5/20","1","1","21003","100"
"Anderson","0","3","Kentucky","4/5/20","2","1","21005","50"
"Barren","0","0","Kentucky","4/5/20","1","-1","21009","-100"
"Bath","0","1","Kentucky","4/5/20","0","1","21011","1"
"Boone","1","12","Kentucky","4/5/20","5","7","21015","140"
"Bourbon","0","4","Kentucky","4/5/20","2","2","21017","100"
"Boyd","2","13","Kentucky","4/5/20","0","13","21019","1"
"Boyle","1","7","Kentucky","4/5/20","1","6","21021","600"
"Bracken","0","1","Kentucky","4/5/20","1","0","21023","0"
"Breathitt","0","1","Kentucky","4/5/20","2","-1","21025","-50"
"Breckinridge","0","2","Kentucky","4/5/20","2","0","21027","0"
"Bullitt","1","11","Kentucky","4/5/20","2","9","21029","450"
"Butler","0","1","Kentucky","4/5/20","1","0","21031","0"
"Caldwell","0","2","Kentucky","4/5/20","0","2","21033","1"
"Calloway","0","5","Kentucky","4/5/20","2","3","21035","150"
"Campbell","1","12","Kentucky","4/5/20","4","8","21037","200"
"Carroll","0","2","Kentucky","4/5/20","1","1","21041","100"
"Carter","0","1","Kentucky","4/5/20","0","1","21043","1"
"Christian","3","30","Kentucky","4/5/20","6","24","21047","400"
"Clark","1","11","Kentucky","4/5/20","6","5","21049","83.33"
"Clinton","0","1","Kentucky","4/5/20","0","1","21053","1"
"Crittenden","0","1","Kentucky","4/5/20","0","1","21055","1"
"Cumberland","0","1","Kentucky","4/5/20","0","1","21057","1"
"Daviess","4","55","Kentucky","4/5/20","27","28","21059","103.7"
"Edmonson","1","5","Kentucky","4/5/20","0","5","21061","1"
"Fayette","8","122","Kentucky","4/5/20","67","55","21067","82.09"
"Floyd","0","0","Kentucky","4/5/20","1","-1","21071","-100"
"Franklin","0","7","Kentucky","4/5/20","6","1","21073","16.67"
"Grant","0","2","Kentucky","4/5/20","1","1","21081","100"
"Graves","0","2","Kentucky","4/5/20","0","2","21083","1"
"Grayson","0","2","Kentucky","4/5/20","2","0","21085","0"
"Greenup","0","1","Kentucky","4/5/20","0","1","21089","1"
"Hancock","0","1","Kentucky","4/5/20","1","0","21091","0"
"Hardin","1","9","Kentucky","4/5/20","5","4","21093","80"
"Harrison","0","12","Kentucky","4/5/20","11","1","21097","9.09"
"Henderson","0","6","Kentucky","4/5/20","3","3","21101","100"
"Henry","0","2","Kentucky","4/5/20","0","2","21103","1"
"Hopkins","3","34","Kentucky","4/5/20","11","23","21107","209.09"
"Jefferson","30","304","Kentucky","4/5/20","97","207","21111","213.4"
"Jessamine","1","16","Kentucky","4/5/20","10","6","21113","60"
"Johnson","0","1","Kentucky","4/5/20","0","1","21115","1"
"Kenton","2","33","Kentucky","4/5/20","17","16","21117","94.12"
"Larue","0","3","Kentucky","4/5/20","1","2","21123","200"
"Laurel","0","2","Kentucky","4/5/20","2","0","21125","0"
"Lawrence","0","1","Kentucky","4/5/20","0","1","21127","1"
"Lewis","0","2","Kentucky","4/5/20","0","2","21135","1"
"Logan","0","4","Kentucky","4/5/20","2","2","21141","100"
"Lyon","0","4","Kentucky","4/5/20","1","3","21143","300"
"Madison","1","11","Kentucky","4/5/20","7","4","21151","57.14"
"Marion","0","3","Kentucky","4/5/20","0","3","21155","1"
"Marshall","0","3","Kentucky","4/5/20","0","3","21157","1"
"Martin","0","1","Kentucky","4/5/20","2","-1","21159","-50"
"Mason","0","2","Kentucky","4/5/20","1","1","21161","100"
"McCracken","1","13","Kentucky","4/5/20","3","10","21145","333.33"
"McCreary","0","1","Kentucky","4/5/20","1","0","21147","0"
"McLean","0","1","Kentucky","4/5/20","1","0","21149","0"
"Meade","0","2","Kentucky","4/5/20","0","2","21163","1"
"Menifee","0","3","Kentucky","4/5/20","2","1","21165","50"
"Mercer","0","4","Kentucky","4/5/20","2","2","21167","100"
"Montgomery","0","5","Kentucky","4/5/20","2","3","21173","150"
"Muhlenberg","-1","0","Kentucky","4/5/20","4","-4","21177","-100"
"Nelson","0","4","Kentucky","4/5/20","2","2","21179","100"
"Nicholas","0","1","Kentucky","4/5/20","1","0","21181","0"
"Ohio","0","1","Kentucky","4/5/20","0","1","21183","1"
"Oldham","1","7","Kentucky","4/5/20","3","4","21185","133.33"
"Pendleton","0","2","Kentucky","4/5/20","0","2","21191","1"
"Perry","0","3","Kentucky","4/5/20","0","3","21193","1"
"Pike","0","1","Kentucky","4/5/20","0","1","21195","1"
"Powell","0","1","Kentucky","4/5/20","0","1","21197","1"
"Pulaski","1","13","Kentucky","4/5/20","7","6","21199","85.71"
"Rockcastle","0","2","Kentucky","4/5/20","0","2","21203","1"
"Russell","0","1","Kentucky","4/5/20","0","1","21207","1"
"Scott","1","14","Kentucky","4/5/20","5","9","21209","180"
"Shelby","1","7","Kentucky","4/5/20","1","6","21211","600"
"Simpson","2","13","Kentucky","4/5/20","2","11","21213","550"
"Spencer","0","2","Kentucky","4/5/20","2","0","21215","0"
"Taylor","0","2","Kentucky","4/5/20","0","2","21217","1"
"Union","0","2","Kentucky","4/5/20","1","1","21225","100"
"Warren","2","21","Kentucky","4/5/20","9","12","21227","133.33"
"Washington","0","2","Kentucky","4/5/20","1","1","21229","100"
"Wayne","0","4","Kentucky","4/5/20","1","3","21231","300"
"Webster","0","3","Kentucky","4/5/20","2","1","21233","50"
"Woodford","1","9","Kentucky","4/5/20","3","6","21239","200"
"Acadia","9","75","Louisiana","4/5/20","9","66","22001","733.33"
"Allen","4","40","Louisiana","4/5/20","9","31","22003","344.44"
"Ascension","21","286","Louisiana","4/5/20","139","147","22005","105.76"
"Assumption","6","59","Louisiana","4/5/20","14","45","22007","321.43"
"Avoyelles","3","37","Louisiana","4/5/20","13","24","22009","184.62"
"Beauregard","2","19","Louisiana","4/5/20","4","15","22011","375"
"Bienville","1","12","Louisiana","4/5/20","3","9","22013","300"
"Bossier","11","133","Louisiana","4/5/20","56","77","22015","137.5"
"Caddo","61","647","Louisiana","4/5/20","219","428","22017","195.43"
"Calcasieu","15","139","Louisiana","4/5/20","35","104","22019","297.14"
"Caldwell","1","10","Louisiana","4/5/20","1","9","22021","900"
"Catahoula","1","9","Louisiana","4/5/20","1","8","22025","800"
"Claiborne","3","23","Louisiana","4/5/20","4","19","22027","475"
"Concordia","1","5","Louisiana","4/5/20","0","5","22029","1"
"De Soto","8","80","Louisiana","4/5/20","25","55","22031","220"
"East Baton Rouge","70","656","Louisiana","4/5/20","164","492","22033","300"
"East Carroll","0","1","Louisiana","4/5/20","1","0","22035","0"
"East Feliciana","3","27","Louisiana","4/5/20","8","19","22037","237.5"
"Evangeline","2","19","Louisiana","4/5/20","4","15","22039","375"
"Franklin","3","25","Louisiana","4/5/20","4","21","22041","525"
"Grant","1","8","Louisiana","4/5/20","2","6","22043","300"
"Iberia","8","69","Louisiana","4/5/20","11","58","22045","527.27"
"Iberville","14","122","Louisiana","4/5/20","22","100","22047","454.55"
"Jackson","0","1","Louisiana","4/5/20","2","-1","22049","-50"
"Jefferson","332","3088","Louisiana","4/5/20","761","2327","22051","305.78"
"Jefferson Davis","2","13","Louisiana","4/5/20","2","11","22053","550"
"Lafayette","28","247","Louisiana","4/5/20","50","197","22055","394"
"Lafourche","27","228","Louisiana","4/5/20","36","192","22057","533.33"
"LaSalle","0","4","Louisiana","4/5/20","2","2","22059","100"
"Lincoln","2","18","Louisiana","4/5/20","7","11","22061","157.14"
"Livingston","7","67","Louisiana","4/5/20","15","52","22063","346.67"
"Madison","0","1","Louisiana","4/5/20","1","0","22065","0"
"Morehouse","1","10","Louisiana","4/5/20","2","8","22067","400"
"Natchitoches","2","14","Louisiana","4/5/20","2","12","22069","600"
"Orleans","388","4066","Louisiana","4/5/20","1350","2716","22071","201.19"
"Ouachita","20","182","Louisiana","4/5/20","41","141","22073","343.9"
"Plaquemines","10","92","Louisiana","4/5/20","20","72","22075","360"
"Pointe Coupee","2","17","Louisiana","4/5/20","2","15","22077","750"
"Rapides","8","100","Louisiana","4/5/20","41","59","22079","143.9"
"Red River","0","2","Louisiana","4/5/20","1","1","22081","100"
"Richland","1","10","Louisiana","4/5/20","2","8","22083","400"
"Sabine","1","5","Louisiana","4/5/20","1","4","22085","400"
"St. Bernard","28","242","Louisiana","4/5/20","45","197","22087","437.78"
"St. Charles","33","260","Louisiana","4/5/20","31","229","22089","738.71"
"St. Helena","1","5","Louisiana","4/5/20","0","5","22091","1"
"St. James","14","155","Louisiana","4/5/20","55","100","22093","181.82"
"St. John the Baptist","41","345","Louisiana","4/5/20","57","288","22095","505.26"
"St. Landry","5","47","Louisiana","4/5/20","10","37","22097","370"
"St. Martin","9","77","Louisiana","4/5/20","13","64","22099","492.31"
"St. Mary","9","67","Louisiana","4/5/20","7","60","22101","857.14"
"St. Tammany","60","560","Louisiana","4/5/20","138","422","22103","305.8"
"Tangipahoa","23","171","Louisiana","4/5/20","10","161","22105","1610"
"Terrebonne","17","148","Louisiana","4/5/20","29","119","22109","410.34"
"Union","1","19","Louisiana","4/5/20","9","10","22111","111.11"
"Vermilion","2","16","Louisiana","4/5/20","2","14","22113","700"
"Vernon","1","10","Louisiana","4/5/20","2","8","22115","400"
"Washington","10","81","Louisiana","4/5/20","12","69","22117","575"
"Webster","6","49","Louisiana","4/5/20","9","40","22119","444.44"
"West Baton Rouge","4","40","Louisiana","4/5/20","12","28","22121","233.33"
"West Feliciana","2","19","Louisiana","4/5/20","4","15","22125","375"
"Winn","0","2","Louisiana","4/5/20","1","1","22127","100"
"Androscoggin","2","20","Maine","4/5/20","8","12","23001","150"
"Aroostook","0","1","Maine","4/5/20","0","1","23003","1"
"Cumberland","14","238","Maine","4/5/20","142","96","23005","67.61"
"Franklin","0","4","Maine","4/5/20","2","2","23007","100"
"Hancock","0","2","Maine","4/5/20","0","2","23009","1"
"Kennebec","2","22","Maine","4/5/20","10","12","23011","120"
"Knox","1","9","Maine","4/5/20","4","5","23013","125"
"Lincoln","0","8","Maine","4/5/20","5","3","23015","60"
"Oxford","0","11","Maine","4/5/20","9","2","23017","22.22"
"Penobscot","2","22","Maine","4/5/20","11","11","23019","100"
"Sagadahoc","1","13","Maine","4/5/20","7","6","23023","85.71"
"Somerset","0","4","Maine","4/5/20","1","3","23025","300"
"Waldo","0","3","Maine","4/5/20","2","1","23027","50"
"Washington","0","1","Maine","4/5/20","0","1","23029","1"
"York","8","101","Maine","4/5/20","47","54","23031","114.89"
"Allegany","1","6","Maryland","4/5/20","0","6","24001","1"
"Anne Arundel","31","319","Maryland","4/5/20","99","220","24003","222.22"
"Baltimore","61","590","Maryland","4/5/20","162","428","24005","264.2"
"Baltimore City","38","394","Maryland","4/5/20","129","265","24510","205.43"
"Calvert","4","39","Maryland","4/5/20","10","29","24009","290"
"Caroline","0","4","Maryland","4/5/20","3","1","24011","33.33"
"Carroll","9","142","Maryland","4/5/20","82","60","24013","73.17"
"Cecil","3","36","Maryland","4/5/20","13","23","24015","176.92"
"Charles","12","111","Maryland","4/5/20","28","83","24017","296.43"
"Dorchester","0","1","Maryland","4/5/20","0","1","24019","1"
"Frederick","14","120","Maryland","4/5/20","24","96","24021","400"
"Garrett","0","3","Maryland","4/5/20","3","0","24023","0"
"Harford","4","52","Maryland","4/5/20","23","29","24025","126.09"
"Howard","17","199","Maryland","4/5/20","81","118","24027","145.68"
"Kent","0","5","Maryland","4/5/20","3","2","24029","66.67"
"Montgomery","56","693","Maryland","4/5/20","301","392","24031","130.23"
"Prince George's","77","785","Maryland","4/5/20","247","538","24033","217.81"
"Queen Anne's","1","13","Maryland","4/5/20","4","9","24035","225"
"Somerset","0","4","Maryland","4/5/20","1","3","24039","300"
"St. Mary's","4","40","Maryland","4/5/20","9","31","24037","344.44"
"Talbot","1","7","Maryland","4/5/20","3","4","24041","133.33"
"Washington","4","34","Maryland","4/5/20","6","28","24043","466.67"
"Wicomico","1","11","Maryland","4/5/20","6","5","24045","83.33"
"Worcester","1","9","Maryland","4/5/20","2","7","24047","350"
"Barnstable","28","347","Massachusetts","4/5/20","148","199","25001","134.46"
"Berkshire","15","258","Massachusetts","4/5/20","151","107","25003","70.86"
"Bristol","64","659","Massachusetts","4/5/20","208","451","25005","216.83"
"Dukes and Nantucket","1","17","Massachusetts","4/5/20","8","9","00000","112.5"
"Essex","134","1506","Massachusetts","4/5/20","570","936","25009","164.21"
"Franklin","8","100","Massachusetts","4/5/20","41","59","25011","143.9"
"Hampden","81","768","Massachusetts","4/5/20","201","567","25013","282.09"
"Hampshire","13","128","Massachusetts","4/5/20","37","91","25015","245.95"
"Middlesex","236","2632","Massachusetts","4/5/20","981","1651","25017","168.3"
"Norfolk","103","1271","Massachusetts","4/5/20","548","723","25021","131.93"
"Plymouth","91","963","Massachusetts","4/5/20","325","638","25023","196.31"
"Suffolk","245","2658","Massachusetts","4/5/20","940","1718","25025","182.77"
"Worcester","92","978","Massachusetts","4/5/20","337","641","25027","190.21"
"Allegan","2","15","Michigan","4/5/20","2","13","26005","650"
"Antrim","1","5","Michigan","4/5/20","1","4","26009","400"
"Arenac","0","3","Michigan","4/5/20","0","3","26011","1"
"Barry","1","8","Michigan","4/5/20","2","6","26015","300"
"Bay","4","33","Michigan","4/5/20","7","26","26017","371.43"
"Benzie","0","1","Michigan","4/5/20","0","1","26019","1"
"Berrien","8","118","Michigan","4/5/20","63","55","26021","87.3"
"Branch","2","13","Michigan","4/5/20","0","13","26023","1"
"Calhoun","4","45","Michigan","4/5/20","16","29","26025","181.25"
"Cass","1","11","Michigan","4/5/20","6","5","26027","83.33"
"Charlevoix","0","7","Michigan","4/5/20","4","3","26029","75"
"Cheboygan","1","9","Michigan","4/5/20","2","7","26031","350"
"Chippewa","0","2","Michigan","4/5/20","0","2","26033","1"
"Clare","0","1","Michigan","4/5/20","1","0","26035","0"
"Clinton","6","58","Michigan","4/5/20","17","41","26037","241.18"
"Crawford","0","1","Michigan","4/5/20","1","0","26039","0"
"Delta","1","7","Michigan","4/5/20","0","7","26041","1"
"Dickinson","0","1","Michigan","4/5/20","0","1","26043","1"
"Eaton","7","56","Michigan","4/5/20","8","48","26045","600"
"Emmet","1","14","Michigan","4/5/20","4","10","26047","250"
"Genesee","55","515","Michigan","4/5/20","131","384","26049","293.13"
"Gladwin","0","4","Michigan","4/5/20","3","1","26051","33.33"
"Gogebic","0","3","Michigan","4/5/20","1","2","26053","200"
"Grand Traverse","1","12","Michigan","4/5/20","6","6","26055","100"
"Gratiot","0","4","Michigan","4/5/20","3","1","26057","33.33"
"Hillsdale","5","45","Michigan","4/5/20","10","35","26059","350"
"Houghton","0","1","Michigan","4/5/20","0","1","26061","1"
"Huron","0","5","Michigan","4/5/20","3","2","26063","66.67"
"Ingham","19","179","Michigan","4/5/20","46","133","26065","289.13"
"Ionia","1","8","Michigan","4/5/20","2","6","26067","300"
"Iosco","0","4","Michigan","4/5/20","1","3","26069","300"
"Isabella","2","17","Michigan","4/5/20","4","13","26073","325"
"Jackson","10","99","Michigan","4/5/20","28","71","26075","253.57"
"Kalamazoo","5","59","Michigan","4/5/20","21","38","26077","180.95"
"Kalkaska","1","8","Michigan","4/5/20","4","4","26079","100"
"Kent","14","169","Michigan","4/5/20","74","95","26081","128.38"
"Lapeer","6","49","Michigan","4/5/20","4","45","26087","1125"
"Leelanau","0","1","Michigan","4/5/20","1","0","26089","0"
"Lenawee","3","34","Michigan","4/5/20","15","19","26091","126.67"
"Livingston","13","161","Michigan","4/5/20","71","90","26093","126.76"
"Luce","0","1","Michigan","4/5/20","0","1","26095","1"
"Mackinac","0","2","Michigan","4/5/20","0","2","26097","1"
"Macomb","198","2005","Michigan","4/5/20","622","1383","26099","222.35"
"Manistee","1","5","Michigan","4/5/20","1","4","26101","400"
"Marquette","2","14","Michigan","4/5/20","2","12","26103","600"
"Mason","0","1","Michigan","4/5/20","0","1","26105","1"
"Mecosta","1","6","Michigan","4/5/20","1","5","26107","500"
"Midland","2","24","Michigan","4/5/20","13","11","26111","84.62"
"Missaukee","0","1","Michigan","4/5/20","1","0","26113","0"
"Monroe","10","108","Michigan","4/5/20","38","70","26115","184.21"
"Montcalm","2","15","Michigan","4/5/20","3","12","26117","400"
"Muskegon","3","31","Michigan","4/5/20","13","18","26121","138.46"
"Newaygo","0","2","Michigan","4/5/20","1","1","26123","100"
"Oakland","280","3277","Michigan","4/5/20","1319","1958","26125","148.45"
"Oceana","0","3","Michigan","4/5/20","2","1","26127","50"
"Ogemaw","0","4","Michigan","4/5/20","2","2","26129","100"
"Ontonagon","0","1","Michigan","4/5/20","0","1","26131","1"
"Osceola","0","4","Michigan","4/5/20","2","2","26133","100"
"Oscoda","0","2","Michigan","4/5/20","0","2","26135","1"
"Otsego","1","25","Michigan","4/5/20","17","8","26137","47.06"
"Ottawa","4","55","Michigan","4/5/20","27","28","26139","103.7"
"Out of MI","9","83","Michigan","4/5/20","18","65","80026","361.11"
"Roscommon","1","5","Michigan","4/5/20","1","4","26143","400"
"Saginaw","13","118","Michigan","4/5/20","24","94","26145","391.67"
"Sanilac","2","13","Michigan","4/5/20","2","11","26151","550"
"Shiawassee","3","25","Michigan","4/5/20","5","20","26155","400"
"St. Clair","12","109","Michigan","4/5/20","26","83","26147","319.23"
"St. Joseph","1","10","Michigan","4/5/20","0","10","26149","1"
"Tuscola","3","22","Michigan","4/5/20","4","18","26157","450"
"Van Buren","2","18","Michigan","4/5/20","5","13","26159","260"
"Washtenaw","45","565","Michigan","4/5/20","252","313","26161","124.21"
"Wayne","695","7574","Michigan","4/5/20","2712","4862","26163","179.28"
"Wexford","1","6","Michigan","4/5/20","1","5","26165","500"
"Anoka","3","36","Minnesota","4/5/20","17","19","27003","111.76"
"Beltrami","1","6","Minnesota","4/5/20","2","4","27007","200"
"Benton","0","1","Minnesota","4/5/20","1","0","27009","0"
"Big Stone","0","1","Minnesota","4/5/20","1","0","27011","0"
"Blue Earth","1","15","Minnesota","4/5/20","8","7","27013","87.5"
"Brown","0","3","Minnesota","4/5/20","0","3","27015","1"
"Carlton","1","8","Minnesota","4/5/20","0","8","27017","1"
"Carver","0","10","Minnesota","4/5/20","9","1","27019","11.11"
"Cass","0","1","Minnesota","4/5/20","1","0","27021","0"
"Chisago","0","4","Minnesota","4/5/20","1","3","27025","300"
"Clay","1","13","Minnesota","4/5/20","4","9","27027","225"
"Clearwater","0","2","Minnesota","4/5/20","1","1","27029","100"
"Cottonwood","1","5","Minnesota","4/5/20","1","4","27033","400"
"Crow Wing","1","6","Minnesota","4/5/20","0","6","27035","1"
"Dakota","3","63","Minnesota","4/5/20","39","24","27037","61.54"
"Dodge","0","10","Minnesota","4/5/20","7","3","27039","42.86"
"Douglas","0","1","Minnesota","4/5/20","1","0","27041","0"
"Faribault","0","3","Minnesota","4/5/20","1","2","27043","200"
"Fillmore","1","10","Minnesota","4/5/20","6","4","27045","66.67"
"Freeborn","1","10","Minnesota","4/5/20","0","10","27047","1"
"Goodhue","1","10","Minnesota","4/5/20","2","8","27049","400"
"Hennepin","14","267","Minnesota","4/5/20","171","96","27053","56.14"
"Houston","0","1","Minnesota","4/5/20","0","1","27055","1"
"Isanti","0","4","Minnesota","4/5/20","1","3","27059","300"
"Itasca","0","2","Minnesota","4/5/20","0","2","27061","1"
"Jackson","0","1","Minnesota","4/5/20","1","0","27063","0"
"Kandiyohi","0","2","Minnesota","4/5/20","1","1","27067","100"
"Koochiching","0","1","Minnesota","4/5/20","0","1","27071","1"
"Lac qui Parle","0","1","Minnesota","4/5/20","1","0","27073","0"
"Le Sueur","1","20","Minnesota","4/5/20","11","9","27079","81.82"
"Lincoln","0","1","Minnesota","4/5/20","1","0","27081","0"
"Lyon","0","3","Minnesota","4/5/20","0","3","27083","1"
"Mahnomen","0","1","Minnesota","4/5/20","1","0","27087","0"
"Martin","2","32","Minnesota","4/5/20","21","11","27091","52.38"
"McLeod","0","1","Minnesota","4/5/20","0","1","27085","1"
"Meeker","0","1","Minnesota","4/5/20","0","1","27093","1"
"Mower","1","17","Minnesota","4/5/20","11","6","27099","54.55"
"Nicollet","0","4","Minnesota","4/5/20","3","1","27103","33.33"
"Olmsted","7","95","Minnesota","4/5/20","47","48","27109","102.13"
"Otter Tail","0","1","Minnesota","4/5/20","1","0","27111","0"
"Pipestone","0","1","Minnesota","4/5/20","0","1","27117","1"
"Polk","0","1","Minnesota","4/5/20","0","1","27119","1"
"Ramsey","6","91","Minnesota","4/5/20","46","45","27123","97.83"
"Renville","0","2","Minnesota","4/5/20","1","1","27129","100"
"Rice","0","4","Minnesota","4/5/20","3","1","27131","33.33"
"Scott","1","13","Minnesota","4/5/20","9","4","27139","44.44"
"Sherburne","1","10","Minnesota","4/5/20","5","5","27141","100"
"Sibley","0","1","Minnesota","4/5/20","1","0","27143","0"
"St. Louis","1","15","Minnesota","4/5/20","10","5","27137","50"
"Stearns","0","6","Minnesota","4/5/20","5","1","27145","20"
"Steele","0","8","Minnesota","4/5/20","5","3","27147","60"
"Traverse","0","2","Minnesota","4/5/20","0","2","27155","1"
"Wabasha","0","6","Minnesota","4/5/20","4","2","27157","50"
"Waseca","0","3","Minnesota","4/5/20","3","0","27161","0"
"Washington","5","62","Minnesota","4/5/20","27","35","27163","129.63"
"Watonwan","1","4","Minnesota","4/5/20","0","4","27165","1"
"Wilkin","0","2","Minnesota","4/5/20","1","1","27167","100"
"Winona","1","14","Minnesota","4/5/20","4","10","27169","250"
"Wright","0","9","Minnesota","4/5/20","6","3","27171","50"
"Yellow Medicine","0","1","Minnesota","4/5/20","0","1","27173","1"
"Adams","2","19","Mississippi","4/5/20","7","12","28001","171.43"
"Alcorn","1","6","Mississippi","4/5/20","1","5","28003","500"
"Amite","0","6","Mississippi","4/5/20","4","2","28005","50"
"Attala","1","15","Mississippi","4/5/20","9","6","28007","66.67"
"Benton","0","5","Mississippi","4/5/20","4","1","28009","25"
"Bolivar","5","45","Mississippi","4/5/20","11","34","28011","309.09"
"Calhoun","0","4","Mississippi","4/5/20","3","1","28013","33.33"
"Carroll","1","5","Mississippi","4/5/20","1","4","28015","400"
"Chickasaw","1","15","Mississippi","4/5/20","10","5","28017","50"
"Choctaw","0","8","Mississippi","4/5/20","5","3","28019","60"
"Claiborne","0","1","Mississippi","4/5/20","1","0","28021","0"
"Clarke","1","5","Mississippi","4/5/20","1","4","28023","400"
"Clay","1","7","Mississippi","4/5/20","2","5","28025","250"
"Coahoma","1","28","Mississippi","4/5/20","18","10","28027","55.56"
"Copiah","1","16","Mississippi","4/5/20","8","8","28029","100"
"Covington","1","6","Mississippi","4/5/20","1","5","28031","500"
"DeSoto","9","132","Mississippi","4/5/20","71","61","28033","85.92"
"Forrest","3","42","Mississippi","4/5/20","19","23","28035","121.05"
"Franklin","0","5","Mississippi","4/5/20","3","2","28037","66.67"
"George","0","5","Mississippi","4/5/20","3","2","28039","66.67"
"Grenada","1","7","Mississippi","4/5/20","3","4","28043","133.33"
"Hancock","2","31","Mississippi","4/5/20","15","16","28045","106.67"
"Harrison","4","73","Mississippi","4/5/20","43","30","28047","69.77"
"Hinds","13","154","Mississippi","4/5/20","66","88","28049","133.33"
"Holmes","1","21","Mississippi","4/5/20","13","8","28051","61.54"
"Humphreys","0","4","Mississippi","4/5/20","2","2","28053","100"
"Itawamba","0","3","Mississippi","4/5/20","3","0","28057","0"
"Jackson","7","86","Mississippi","4/5/20","34","52","28059","152.94"
"Jasper","0","3","Mississippi","4/5/20","0","3","28061","1"
"Jefferson","0","3","Mississippi","4/5/20","1","2","28063","200"
"Jones","1","11","Mississippi","4/5/20","5","6","28067","120"
"Kemper","1","5","Mississippi","4/5/20","1","4","28069","400"
"Lafayette","1","22","Mississippi","4/5/20","13","9","28071","69.23"
"Lamar","1","13","Mississippi","4/5/20","4","9","28073","225"
"Lauderdale","7","65","Mississippi","4/5/20","15","50","28075","333.33"
"Lawrence","0","4","Mississippi","4/5/20","5","-1","28077","-20"
"Leake","1","10","Mississippi","4/5/20","5","5","28079","100"
"Lee","1","30","Mississippi","4/5/20","21","9","28081","42.86"
"Leflore","1","22","Mississippi","4/5/20","15","7","28083","46.67"
"Lincoln","1","16","Mississippi","4/5/20","9","7","28085","77.78"
"Lowndes","1","15","Mississippi","4/5/20","10","5","28087","50"
"Madison","5","72","Mississippi","4/5/20","37","35","28089","94.59"
"Marion","0","7","Mississippi","4/5/20","4","3","28091","75"
"Marshall","1","20","Mississippi","4/5/20","13","7","28093","53.85"
"Monroe","1","13","Mississippi","4/5/20","5","8","28095","160"
"Montgomery","1","11","Mississippi","4/5/20","6","5","28097","83.33"
"Neshoba","1","9","Mississippi","4/5/20","4","5","28099","125"
"Newton","1","7","Mississippi","4/5/20","1","6","28101","600"
"Noxubee","0","5","Mississippi","4/5/20","2","3","28103","150"
"Oktibbeha","2","27","Mississippi","4/5/20","15","12","28105","80"
"Panola","2","17","Mississippi","4/5/20","5","12","28107","240"
"Pearl River","3","49","Mississippi","4/5/20","27","22","28109","81.48"
"Perry","2","14","Mississippi","4/5/20","2","12","28111","600"
"Pike","2","26","Mississippi","4/5/20","14","12","28113","85.71"
"Pontotoc","1","12","Mississippi","4/5/20","3","9","28115","300"
"Prentiss","1","9","Mississippi","4/5/20","4","5","28117","125"
"Quitman","0","6","Mississippi","4/5/20","4","2","28119","50"
"Rankin","5","72","Mississippi","4/5/20","35","37","28121","105.71"
"Scott","2","23","Mississippi","4/5/20","7","16","28123","228.57"
"Sharkey","0","3","Mississippi","4/5/20","1","2","28125","200"
"Simpson","0","5","Mississippi","4/5/20","2","3","28127","150"
"Smith","1","10","Mississippi","4/5/20","1","9","28129","900"
"Stone","0","1","Mississippi","4/5/20","0","1","28131","1"
"Sunflower","1","19","Mississippi","4/5/20","10","9","28133","90"
"Tallahatchie","0","3","Mississippi","4/5/20","2","1","28135","50"
"Tate","1","15","Mississippi","4/5/20","9","6","28137","66.67"
"Tippah","2","35","Mississippi","4/5/20","23","12","28139","52.17"
"Tishomingo","0","1","Mississippi","4/5/20","0","1","28141","1"
"Tunica","2","17","Mississippi","4/5/20","6","11","28143","183.33"
"Union","0","6","Mississippi","4/5/20","3","3","28145","100"
"Walthall","1","12","Mississippi","4/5/20","5","7","28147","140"
"Warren","1","5","Mississippi","4/5/20","1","4","28149","400"
"Washington","3","36","Mississippi","4/5/20","16","20","28151","125"
"Wayne","1","5","Mississippi","4/5/20","0","5","28153","1"
"Webster","1","11","Mississippi","4/5/20","3","8","28155","266.67"
"Wilkinson","3","30","Mississippi","4/5/20","12","18","28157","150"
"Winston","1","12","Mississippi","4/5/20","4","8","28159","200"
"Yalobusha","1","9","Mississippi","4/5/20","3","6","28161","200"
"Yazoo","4","31","Mississippi","4/5/20","5","26","28163","520"
"Adair","1","10","Missouri","4/5/20","1","9","29001","900"
"Atchison","0","1","Missouri","4/5/20","1","0","29005","0"
"Barry","0","1","Missouri","4/5/20","1","0","29009","0"
"Bates","0","3","Missouri","4/5/20","2","1","29013","50"
"Benton","0","3","Missouri","4/5/20","1","2","29015","200"
"Bollinger","0","1","Missouri","4/5/20","1","0","29017","0"
"Boone","3","75","Missouri","4/5/20","54","21","29019","38.89"
"Buchanan","1","8","Missouri","4/5/20","3","5","29021","166.67"
"Butler","0","2","Missouri","4/5/20","0","2","29023","1"
"Caldwell","0","1","Missouri","4/5/20","0","1","29025","1"
"Callaway","1","18","Missouri","4/5/20","8","10","29027","125"
"Camden","2","21","Missouri","4/5/20","7","14","29029","200"
"Cape Girardeau","2","16","Missouri","4/5/20","5","11","29031","220"
"Carter","0","4","Missouri","4/5/20","2","2","29035","100"
"Cass","2","22","Missouri","4/5/20","8","14","29037","175"
"Cedar","1","5","Missouri","4/5/20","0","5","29039","1"
"Chariton","0","4","Missouri","4/5/20","1","3","29041","300"
"Christian","1","16","Missouri","4/5/20","7","9","29043","128.57"
"Clark","0","1","Missouri","4/5/20","0","1","29045","1"
"Clay","3","32","Missouri","4/5/20","11","21","29047","190.91"
"Clinton","1","7","Missouri","4/5/20","1","6","29049","600"
"Cole","2","28","Missouri","4/5/20","17","11","29051","64.71"
"Cooper","0","2","Missouri","4/5/20","1","1","29053","100"
"Crawford","0","2","Missouri","4/5/20","0","2","29055","1"
"DeKalb","0","1","Missouri","4/5/20","0","1","29063","1"
"Dunklin","1","7","Missouri","4/5/20","3","4","29069","133.33"
"Franklin","2","24","Missouri","4/5/20","7","17","29071","242.86"
"Gasconade","0","2","Missouri","4/5/20","0","2","29073","1"
"Gentry","0","1","Missouri","4/5/20","0","1","29075","1"
"Greene","3","64","Missouri","4/5/20","46","18","29077","39.13"
"Harrison","0","2","Missouri","4/5/20","0","2","29081","1"
"Henry","0","1","Missouri","4/5/20","1","0","29083","0"
"Howell","0","1","Missouri","4/5/20","0","1","29091","1"
"Jackson","12","135","Missouri","4/5/20","48","87","29095","181.25"
"Jasper","1","11","Missouri","4/5/20","6","5","29097","83.33"
"Jefferson","7","69","Missouri","4/5/20","17","52","29099","305.88"
"Johnson","3","29","Missouri","4/5/20","10","19","29101","190"
"Kansas City","10","172","Missouri","4/5/20","102","70","00000","68.63"
"Lafayette","3","26","Missouri","4/5/20","4","22","29107","550"
"Lincoln","2","16","Missouri","4/5/20","2","14","29113","700"
"Livingston","0","1","Missouri","4/5/20","0","1","29117","1"
"Macon","0","3","Missouri","4/5/20","0","3","29121","1"
"Maries","0","2","Missouri","4/5/20","1","1","29125","100"
"McDonald","0","2","Missouri","4/5/20","1","1","29119","100"
"Moniteau","0","2","Missouri","4/5/20","4","-2","29135","-50"
"Montgomery","0","4","Missouri","4/5/20","3","1","29139","33.33"
"Morgan","0","1","Missouri","4/5/20","0","1","29141","1"
"New Madrid","0","1","Missouri","4/5/20","0","1","29143","1"
"Newton","0","6","Missouri","4/5/20","4","2","29145","50"
"Nodaway","0","2","Missouri","4/5/20","0","2","29147","1"
"Osage","0","2","Missouri","4/5/20","0","2","29151","1"
"Pemiscot","0","3","Missouri","4/5/20","1","2","29155","200"
"Perry","2","22","Missouri","4/5/20","7","15","29157","214.29"
"Pettis","0","2","Missouri","4/5/20","1","1","29159","100"
"Phelps","0","1","Missouri","4/5/20","0","1","29161","1"
"Pike","0","2","Missouri","4/5/20","0","2","29163","1"
"Platte","1","14","Missouri","4/5/20","6","8","29165","133.33"
"Pulaski","1","10","Missouri","4/5/20","5","5","29169","100"
"Ralls","0","1","Missouri","4/5/20","1","0","29173","0"
"Randolph","1","7","Missouri","4/5/20","1","6","29175","600"
"Ray","0","3","Missouri","4/5/20","1","2","29177","200"
"Reynolds","0","2","Missouri","4/5/20","0","2","29179","1"
"Ripley","0","2","Missouri","4/5/20","2","0","29181","0"
"Saline","0","2","Missouri","4/5/20","0","2","29195","1"
"Scott","1","7","Missouri","4/5/20","3","4","29201","133.33"
"Shelby","0","1","Missouri","4/5/20","1","0","29205","0"
"St. Charles","15","151","Missouri","4/5/20","43","108","29183","251.16"
"St. Francois","2","15","Missouri","4/5/20","4","11","29187","275"
"St. Louis","100","1055","Missouri","4/5/20","354","701","29189","198.02"
"St. Louis City","36","358","Missouri","4/5/20","103","255","29510","247.57"
"Ste. Genevieve","1","6","Missouri","4/5/20","0","6","29186","1"
"Stoddard","1","7","Missouri","4/5/20","2","5","29207","250"
"Stone","0","2","Missouri","4/5/20","0","2","29209","1"
"Taney","0","5","Missouri","4/5/20","2","3","29213","150"
"Texas","0","1","Missouri","4/5/20","1","0","29215","0"
"Warren","1","7","Missouri","4/5/20","2","5","29219","250"
"Webster","0","3","Missouri","4/5/20","0","3","29225","1"
"Wright","0","6","Missouri","4/5/20","3","3","29229","100"
"Beaverhead","0","1","Montana","4/5/20","0","1","30001","1"
"Broadwater","0","4","Montana","4/5/20","3","1","30007","33.33"
"Carbon","0","1","Montana","4/5/20","0","1","30009","1"
"Cascade","1","11","Montana","4/5/20","7","4","30013","57.14"
"Deer Lodge","0","3","Montana","4/5/20","1","2","30023","200"
"Flathead","2","24","Montana","4/5/20","7","17","30029","242.86"
"Gallatin","7","110","Montana","4/5/20","58","52","30031","89.66"
"Glacier","0","1","Montana","4/5/20","0","1","30035","1"
"Hill","0","1","Montana","4/5/20","1","0","30041","0"
"Jefferson","0","2","Montana","4/5/20","2","0","30043","0"
"Lake","0","4","Montana","4/5/20","2","2","30047","100"
"Lewis and Clark","1","14","Montana","4/5/20","10","4","30049","40"
"Liberty","0","1","Montana","4/5/20","0","1","30051","1"
"Lincoln","0","6","Montana","4/5/20","3","3","30053","100"
"Madison","1","9","Montana","4/5/20","4","5","30057","125"
"Meagher","0","1","Montana","4/5/20","1","0","30059","0"
"Missoula","1","19","Montana","4/5/20","11","8","30063","72.73"
"Musselshell","0","1","Montana","4/5/20","0","1","30065","1"
"Park","1","6","Montana","4/5/20","2","4","30067","200"
"Ravalli","0","2","Montana","4/5/20","1","1","30081","100"
"Roosevelt","0","1","Montana","4/5/20","1","0","30085","0"
"Silver Bow","0","11","Montana","4/5/20","9","2","30093","22.22"
"Toole","1","15","Montana","4/5/20","5","10","30101","200"
"Yellowstone","2","38","Montana","4/5/20","26","12","30111","46.15"
"Adams","1","11","Nebraska","4/5/20","2","9","31001","450"
"Antelope","0","1","Nebraska","4/5/20","0","1","31003","1"
"Buffalo","2","17","Nebraska","4/5/20","5","12","31019","240"
"Cass","0","2","Nebraska","4/5/20","2","0","31025","0"
"Cherry","0","1","Nebraska","4/5/20","0","1","31031","1"
"Colfax","0","2","Nebraska","4/5/20","0","2","31037","1"
"Cuming","0","2","Nebraska","4/5/20","0","2","31039","1"
"Dawson","0","1","Nebraska","4/5/20","1","0","31047","0"
"Dodge","1","7","Nebraska","4/5/20","2","5","31053","250"
"Douglas","12","144","Nebraska","4/5/20","57","87","31055","152.63"
"Gage","1","9","Nebraska","4/5/20","1","8","31067","800"
"Gosper","0","1","Nebraska","4/5/20","1","0","31073","0"
"Hall","6","44","Nebraska","4/5/20","3","41","31079","1366.67"
"Hamilton","1","6","Nebraska","4/5/20","0","6","31081","1"
"Johnson","0","1","Nebraska","4/5/20","0","1","31097","1"
"Kearney","0","2","Nebraska","4/5/20","1","1","31099","100"
"Kimball","1","5","Nebraska","4/5/20","0","5","31105","1"
"Knox","0","2","Nebraska","4/5/20","2","0","31107","0"
"Lancaster","2","18","Nebraska","4/5/20","4","14","31109","350"
"Lincoln","2","15","Nebraska","4/5/20","3","12","31111","400"
"Madison","1","5","Nebraska","4/5/20","1","4","31119","400"
"Merrick","0","2","Nebraska","4/5/20","0","2","31121","1"
"Nemaha","0","1","Nebraska","4/5/20","1","0","31127","0"
"Otoe","0","1","Nebraska","4/5/20","0","1","31131","1"
"Phelps","0","1","Nebraska","4/5/20","0","1","31137","1"
"Platte","1","5","Nebraska","4/5/20","0","5","31141","1"
"Sarpy","2","28","Nebraska","4/5/20","11","17","31153","154.55"
"Saunders","0","4","Nebraska","4/5/20","2","2","31155","100"
"Scotts Bluff","0","3","Nebraska","4/5/20","0","3","31157","1"
"Seward","0","1","Nebraska","4/5/20","0","1","31159","1"
"Washington","2","20","Nebraska","4/5/20","5","15","31177","300"
"York","0","1","Nebraska","4/5/20","0","1","31185","1"
"Carson City","1","10","Nevada","4/5/20","5","5","32510","100"
"Clark","142","1519","Nevada","4/5/20","528","991","32003","187.69"
"Douglas","0","7","Nevada","4/5/20","5","2","32005","40"
"Elko","1","8","Nevada","4/5/20","3","5","32007","166.67"
"Humboldt","1","11","Nevada","4/5/20","1","10","32013","1000"
"Lyon","0","3","Nevada","4/5/20","1","2","32019","200"
"Nye","1","7","Nevada","4/5/20","1","6","32023","600"
"Washoe","22","264","Nevada","4/5/20","107","157","32031","146.73"
"White Pine","0","1","Nevada","4/5/20","0","1","32033","1"
"Belknap","1","17","New Hampshire","4/5/20","9","8","33001","88.89"
"Carroll","1","17","New Hampshire","4/5/20","8","9","33003","112.5"
"Cheshire","1","10","New Hampshire","4/5/20","2","8","33005","400"
"Coos","0","1","New Hampshire","4/5/20","0","1","33007","1"
"Grafton","2","41","New Hampshire","4/5/20","28","13","33009","46.43"
"Hillsborough","25","231","New Hampshire","4/5/20","53","178","33011","335.85"
"Merrimack","4","39","New Hampshire","4/5/20","14","25","33013","178.57"
"Rockingham","18","213","New Hampshire","4/5/20","86","127","33015","147.67"
"Strafford","4","43","New Hampshire","4/5/20","12","31","33017","258.33"
"Sullivan","0","5","New Hampshire","4/5/20","2","3","33019","150"
"Atlantic","14","121","New Jersey","4/5/20","24","97","34001","404.17"
"Bergen","574","6187","New Jersey","4/5/20","2169","4018","34003","185.25"
"Burlington","58","547","New Jersey","4/5/20","142","405","34005","285.21"
"Camden","56","556","New Jersey","4/5/20","163","393","34007","241.1"
"Cape May","10","77","New Jersey","4/5/20","9","68","34009","755.56"
"Cumberland","6","54","New Jersey","4/5/20","11","43","34011","390.91"
"Essex","408","4082","New Jersey","4/5/20","1227","2855","34013","232.68"
"Gloucester","25","248","New Jersey","4/5/20","72","176","34015","244.44"
"Hudson","421","3924","New Jersey","4/5/20","974","2950","34017","302.87"
"Hunterdon","18","189","New Jersey","4/5/20","66","123","34019","186.36"
"Mercer","65","654","New Jersey","4/5/20","202","452","34021","223.76"
"Middlesex","287","2950","New Jersey","4/5/20","938","2012","34023","214.5"
"Monmouth","212","2354","New Jersey","4/5/20","870","1484","34025","170.57"
"Morris","176","1800","New Jersey","4/5/20","566","1234","34027","218.02"
"Ocean","203","2177","New Jersey","4/5/20","759","1418","34029","186.82"
"Passaic","342","3227","New Jersey","4/5/20","831","2396","34031","288.33"
"Salem","3","26","New Jersey","4/5/20","3","23","34033","766.67"
"Somerset","77","833","New Jersey","4/5/20","295","538","34035","182.37"
"Sussex","25","267","New Jersey","4/5/20","93","174","34037","187.1"
"Union","331","3216","New Jersey","4/5/20","896","2320","34039","258.93"
"Warren","20","195","New Jersey","4/5/20","56","139","34041","248.21"
"Bernalillo","21","246","New Mexico","4/5/20","101","145","35001","143.56"
"Catron","0","1","New Mexico","4/5/20","0","1","35003","1"
"Chaves","1","13","New Mexico","4/5/20","8","5","35005","62.5"
"Cibola","2","14","New Mexico","4/5/20","2","12","35006","600"
"Curry","0","6","New Mexico","4/5/20","3","3","35009","100"
"Dona Ana","2","29","New Mexico","4/5/20","17","12","35013","70.59"
"Eddy","0","4","New Mexico","4/5/20","4","0","35015","0"
"Grant","0","1","New Mexico","4/5/20","0","1","35017","1"
"Lea","0","2","New Mexico","4/5/20","2","0","35025","0"
"Lincoln","0","1","New Mexico","4/5/20","0","1","35027","1"
"Los Alamos","0","2","New Mexico","4/5/20","0","2","35028","1"
"McKinley","4","40","New Mexico","4/5/20","9","31","35031","344.44"
"Otero","0","3","New Mexico","4/5/20","0","3","35035","1"
"Rio Arriba","1","6","New Mexico","4/5/20","2","4","35039","200"
"Roosevelt","0","1","New Mexico","4/5/20","1","0","35041","0"
"San Juan","5","58","New Mexico","4/5/20","22","36","35045","163.64"
"San Miguel","0","1","New Mexico","4/5/20","1","0","35047","0"
"Sandoval","12","103","New Mexico","4/5/20","18","85","35043","472.22"
"Santa Fe","4","62","New Mexico","4/5/20","34","28","35049","82.35"
"Socorro","0","5","New Mexico","4/5/20","2","3","35053","150"
"Taos","1","13","New Mexico","4/5/20","9","4","35055","44.44"
"Torrance","1","6","New Mexico","4/5/20","0","6","35057","1"
"Valencia","1","7","New Mexico","4/5/20","2","5","35061","250"
"Albany","14","305","New York","4/5/20","205","100","36001","48.78"
"Allegany","1","16","New York","4/5/20","6","10","36003","166.67"
"Broome","6","71","New York","4/5/20","29","42","36007","144.83"
"Cattaraugus","1","10","New York","4/5/20","4","6","36009","150"
"Cayuga","1","8","New York","4/5/20","2","6","36011","300"
"Chautauqua","2","18","New York","4/5/20","7","11","36013","157.14"
"Chemung","3","38","New York","4/5/20","15","23","36015","153.33"
"Chenango","4","43","New York","4/5/20","15","28","36017","186.67"
"Clinton","3","33","New York","4/5/20","13","20","36019","153.85"
"Columbia","6","69","New York","4/5/20","30","39","36021","130"
"Cortland","1","14","New York","4/5/20","8","6","36023","75"
"Delaware","3","27","New York","4/5/20","8","19","36025","237.5"
"Dutchess","108","1077","New York","4/5/20","320","757","36027","236.56"
"Erie","92","1059","New York","4/5/20","414","645","36029","155.8"
"Essex","1","9","New York","4/5/20","5","4","36031","80"
"Franklin","1","10","New York","4/5/20","6","4","36033","66.67"
"Fulton","1","9","New York","4/5/20","1","8","36035","800"
"Genesee","2","22","New York","4/5/20","9","13","36037","144.44"
"Greene","2","24","New York","4/5/20","7","17","36039","242.86"
"Hamilton","0","2","New York","4/5/20","2","0","36041","0"
"Herkimer","2","22","New York","4/5/20","10","12","36043","120"
"Jefferson","3","26","New York","4/5/20","7","19","36045","271.43"
"Lewis","0","3","New York","4/5/20","0","3","36049","1"
"Livingston","2","24","New York","4/5/20","10","14","36051","140"
"Madison","9","89","New York","4/5/20","29","60","36053","206.9"
"Monroe","47","548","New York","4/5/20","219","329","36055","150.23"
"Montgomery","1","15","New York","4/5/20","6","9","36057","150"
"Nassau","1136","14398","New York","4/5/20","6445","7953","36059","123.4"
"New York","4826","67551","New York","4/5/20","33768","33783","36061","100.04"
"Niagara","11","116","New York","4/5/20","38","78","36063","205.26"
"Oneida","10","95","New York","4/5/20","26","69","36065","265.38"
"Onondaga","24","364","New York","4/5/20","194","170","36067","87.63"
"Ontario","2","32","New York","4/5/20","18","14","36069","77.78"
"Orange","277","3187","New York","4/5/20","1247","1940","36071","155.57"
"Orleans","1","11","New York","4/5/20","3","8","36073","266.67"
"Oswego","3","32","New York","4/5/20","10","22","36075","220"
"Otsego","3","29","New York","4/5/20","10","19","36077","190"
"Putnam","24","314","New York","4/5/20","144","170","36079","118.06"
"Rensselaer","3","74","New York","4/5/20","51","23","36083","45.1"
"Rockland","445","5326","New York","4/5/20","2209","3117","36087","141.1"
"Saratoga","7","150","New York","4/5/20","102","48","36091","47.06"
"Schenectady","7","128","New York","4/5/20","76","52","36093","68.42"
"Schoharie","1","11","New York","4/5/20","5","6","36095","120"
"Schuyler","0","4","New York","4/5/20","1","3","36097","300"
"Seneca","1","9","New York","4/5/20","0","9","36099","1"
"St. Lawrence","7","61","New York","4/5/20","12","49","36089","408.33"
"Steuben","8","73","New York","4/5/20","17","56","36101","329.41"
"Suffolk","1158","13129","New York","4/5/20","5023","8106","36103","161.38"
"Sullivan","15","193","New York","4/5/20","88","105","36105","119.32"
"Tioga","0","8","New York","4/5/20","6","2","36107","33.33"
"Tompkins","6","95","New York","4/5/20","56","39","36109","69.64"
"Ulster","30","358","New York","4/5/20","146","212","36111","145.21"
"Warren","1","25","New York","4/5/20","18","7","36113","38.89"
"Washington","1","18","New York","4/5/20","9","9","36115","100"
"Wayne","3","32","New York","4/5/20","12","20","36117","166.67"
"Westchester","743","13723","New York","4/5/20","8519","5204","36119","61.09"
"Wyoming","2","22","New York","4/5/20","8","14","36121","175"
"Yates","0","1","New York","4/5/20","0","1","36123","1"
"Alamance","2","19","North Carolina","4/5/20","6","13","37001","216.67"
"Alexander","0","2","North Carolina","4/5/20","1","1","37003","100"
"Alleghany","0","2","North Carolina","4/5/20","2","0","37005","0"
"Anson","1","5","North Carolina","4/5/20","0","5","37007","1"
"Ashe","0","1","North Carolina","4/5/20","0","1","37009","1"
"Beaufort","1","9","North Carolina","4/5/20","3","6","37013","200"
"Bertie","1","7","North Carolina","4/5/20","3","4","37015","133.33"
"Bladen","0","1","North Carolina","4/5/20","0","1","37017","1"
"Brunswick","2","24","North Carolina","4/5/20","12","12","37019","100"
"Buncombe","2","31","North Carolina","4/5/20","19","12","37021","63.16"
"Burke","2","18","North Carolina","4/5/20","4","14","37023","350"
"Cabarrus","5","69","North Carolina","4/5/20","32","37","37025","115.62"
"Caldwell","1","11","North Carolina","4/5/20","3","8","37027","266.67"
"Carteret","1","16","North Carolina","4/5/20","7","9","37031","128.57"
"Caswell","0","2","North Carolina","4/5/20","1","1","37033","100"
"Catawba","1","24","North Carolina","4/5/20","14","10","37035","71.43"
"Chatham","1","21","North Carolina","4/5/20","13","8","37037","61.54"
"Cherokee","1","11","North Carolina","4/5/20","6","5","37039","83.33"
"Chowan","0","1","North Carolina","4/5/20","0","1","37041","1"
"Clay","0","3","North Carolina","4/5/20","0","3","37043","1"
"Cleveland","2","16","North Carolina","4/5/20","5","11","37045","220"
"Columbus","1","8","North Carolina","4/5/20","3","5","37047","166.67"
"Craven","1","15","North Carolina","4/5/20","5","10","37049","200"
"Cumberland","5","45","North Carolina","4/5/20","13","32","37051","246.15"
"Currituck","0","2","North Carolina","4/5/20","1","1","37053","100"
"Dare","1","6","North Carolina","4/5/20","2","4","37055","200"
"Davidson","6","57","North Carolina","4/5/20","16","41","37057","256.25"
"Davie","1","16","North Carolina","4/5/20","6","10","37059","166.67"
"Duplin","1","5","North Carolina","4/5/20","1","4","37061","400"
"Durham","10","186","North Carolina","4/5/20","113","73","37063","64.6"
"Edgecombe","1","5","North Carolina","4/5/20","1","4","37065","400"
"Forsyth","8","89","North Carolina","4/5/20","35","54","37067","154.29"
"Franklin","1","14","North Carolina","4/5/20","5","9","37069","180"
"Gaston","4","47","North Carolina","4/5/20","21","26","37071","123.81"
"Gates","0","1","North Carolina","4/5/20","0","1","37073","1"
"Granville","4","37","North Carolina","4/5/20","6","31","37077","516.67"
"Greene","0","6","North Carolina","4/5/20","3","3","37079","100"
"Guilford","8","96","North Carolina","4/5/20","39","57","37081","146.15"
"Halifax","1","10","North Carolina","4/5/20","2","8","37083","400"
"Harnett","2","25","North Carolina","4/5/20","14","11","37085","78.57"
"Haywood","0","3","North Carolina","4/5/20","0","3","37087","1"
"Henderson","5","50","North Carolina","4/5/20","13","37","37089","284.62"
"Hertford","0","4","North Carolina","4/5/20","2","2","37091","100"
"Hoke","1","10","North Carolina","4/5/20","3","7","37093","233.33"
"Hyde","0","0","North Carolina","4/5/20","1","-1","37095","-100"
"Iredell","3","44","North Carolina","4/5/20","21","23","37097","109.52"
"Jackson","0","2","North Carolina","4/5/20","1","1","37099","100"
"Johnston","3","33","North Carolina","4/5/20","10","23","37101","230"
"Lee","0","3","North Carolina","4/5/20","2","1","37105","50"
"Lenoir","1","7","North Carolina","4/5/20","3","4","37107","133.33"
"Lincoln","1","9","North Carolina","4/5/20","3","6","37109","200"
"Macon","0","1","North Carolina","4/5/20","0","1","37113","1"
"Martin","0","3","North Carolina","4/5/20","0","3","37117","1"
"McDowell","1","9","North Carolina","4/5/20","5","4","37111","80"
"Mecklenburg","47","664","North Carolina","4/5/20","336","328","37119","97.62"
"Mitchell","0","2","North Carolina","4/5/20","1","1","37121","100"
"Montgomery","1","10","North Carolina","4/5/20","3","7","37123","233.33"
"Moore","1","14","North Carolina","4/5/20","7","7","37125","100"
"Nash","2","21","North Carolina","4/5/20","4","17","37127","425"
"New Hanover","3","47","North Carolina","4/5/20","25","22","37129","88"
"Northampton","2","42","North Carolina","4/5/20","25","17","37131","68"
"Onslow","2","17","North Carolina","4/5/20","4","13","37133","325"
"Orange","3","52","North Carolina","4/5/20","29","23","37135","79.31"
"Pamlico","0","3","North Carolina","4/5/20","0","3","37137","1"
"Pasquotank","1","8","North Carolina","4/5/20","2","6","37139","300"
"Pender","0","1","North Carolina","4/5/20","0","1","37141","1"
"Perquimans","0","2","North Carolina","4/5/20","1","1","37143","100"
"Person","0","4","North Carolina","4/5/20","1","3","37145","300"
"Pitt","3","36","North Carolina","4/5/20","15","21","37147","140"
"Polk","1","6","North Carolina","4/5/20","2","4","37149","200"
"Randolph","2","29","North Carolina","4/5/20","15","14","37151","93.33"
"Robeson","0","5","North Carolina","4/5/20","2","3","37155","150"
"Rockingham","1","6","North Carolina","4/5/20","0","6","37157","1"
"Rowan","4","46","North Carolina","4/5/20","17","29","37159","170.59"
"Rutherford","2","15","North Carolina","4/5/20","0","15","37161","1"
"Sampson","0","2","North Carolina","4/5/20","1","1","37163","100"
"Scotland","0","2","North Carolina","4/5/20","2","0","37165","0"
"Stanly","0","7","North Carolina","4/5/20","5","2","37167","40"
"Stokes","1","6","North Carolina","4/5/20","0","6","37169","1"
"Surry","0","3","North Carolina","4/5/20","2","1","37171","50"
"Swain","0","1","North Carolina","4/5/20","1","0","37173","0"
"Transylvania","0","5","North Carolina","4/5/20","3","2","37175","66.67"
"Union","4","67","North Carolina","4/5/20","38","29","37179","76.32"
"Vance","1","12","North Carolina","4/5/20","3","9","37181","300"
"Wake","23","304","North Carolina","4/5/20","146","158","37183","108.22"
"Warren","0","2","North Carolina","4/5/20","0","2","37185","1"
"Washington","0","3","North Carolina","4/5/20","1","2","37187","200"
"Watauga","0","8","North Carolina","4/5/20","5","3","37189","60"
"Wayne","2","15","North Carolina","4/5/20","3","12","37191","400"
"Wilkes","1","4","North Carolina","4/5/20","0","4","37193","1"
"Wilson","3","28","North Carolina","4/5/20","10","18","37195","180"
"Yadkin","1","9","North Carolina","4/5/20","1","8","37197","800"
"Barnes","0","2","North Dakota","4/5/20","2","0","38003","0"
"Burke","0","2","North Dakota","4/5/20","0","2","38013","1"
"Burleigh","1","37","North Dakota","4/5/20","28","9","38015","32.14"
"Cass","5","54","North Dakota","4/5/20","20","34","38017","170"
"Divide","0","1","North Dakota","4/5/20","1","0","38023","0"
"Dunn","0","1","North Dakota","4/5/20","1","0","38025","0"
"Eddy","0","1","North Dakota","4/5/20","0","1","38027","1"
"Emmons","0","1","North Dakota","4/5/20","0","1","38029","1"
"Foster","0","1","North Dakota","4/5/20","1","0","38031","0"
"Grand Forks","2","11","North Dakota","4/5/20","0","11","38035","1"
"Grant","0","1","North Dakota","4/5/20","0","1","38037","1"
"McHenry","0","1","North Dakota","4/5/20","1","0","38049","0"
"McIntosh","0","1","North Dakota","4/5/20","1","0","38051","0"
"McKenzie","0","3","North Dakota","4/5/20","0","3","38053","1"
"McLean","0","2","North Dakota","4/5/20","2","0","38055","0"
"Mercer","0","0","North Dakota","4/5/20","1","-1","38057","-100"
"Morton","0","16","North Dakota","4/5/20","14","2","38059","14.29"
"Mountrail","2","19","North Dakota","4/5/20","2","17","38061","850"
"Oliver","0","1","North Dakota","4/5/20","0","1","38065","1"
"Pierce","0","2","North Dakota","4/5/20","2","0","38069","0"
"Ramsey","0","3","North Dakota","4/5/20","3","0","38071","0"
"Sioux","0","1","North Dakota","4/5/20","1","0","38085","0"
"Slope","0","1","North Dakota","4/5/20","0","1","38087","1"
"Stark","2","25","North Dakota","4/5/20","10","15","38089","150"
"Walsh","0","1","North Dakota","4/5/20","1","0","38099","0"
"Ward","1","14","North Dakota","4/5/20","7","7","38101","100"
"Williams","1","5","North Dakota","4/5/20","0","5","38105","1"
"","1","8","Northern Mariana Islands","4/5/20","0","8",,"1"
"Adams","0","2","Ohio","4/5/20","0","2","39001","1"
"Allen","2","18","Ohio","4/5/20","4","14","39003","350"
"Ashland","0","3","Ohio","4/5/20","2","1","39005","50"
"Ashtabula","1","12","Ohio","4/5/20","6","6","39007","100"
"Athens","0","3","Ohio","4/5/20","3","0","39009","0"
"Auglaize","1","6","Ohio","4/5/20","2","4","39011","200"
"Belmont","2","20","Ohio","4/5/20","8","12","39013","150"
"Brown","0","3","Ohio","4/5/20","0","3","39015","1"
"Butler","6","68","Ohio","4/5/20","27","41","39017","151.85"
"Carroll","1","8","Ohio","4/5/20","4","4","39019","100"
"Champaign","0","5","Ohio","4/5/20","2","3","39021","150"
"Clark","0","8","Ohio","4/5/20","7","1","39023","14.29"
"Clermont","2","21","Ohio","4/5/20","8","13","39025","162.5"
"Clinton","1","8","Ohio","4/5/20","3","5","39027","166.67"
"Columbiana","4","42","Ohio","4/5/20","11","31","39029","281.82"
"Coshocton","1","9","Ohio","4/5/20","4","5","39031","125"
"Crawford","1","9","Ohio","4/5/20","2","7","39033","350"
"Cuyahoga","55","826","Ohio","4/5/20","440","386","39035","87.73"
"Darke","4","32","Ohio","4/5/20","3","29","39037","966.67"
"Defiance","0","7","Ohio","4/5/20","5","2","39039","40"
"Delaware","6","70","Ohio","4/5/20","31","39","39041","125.81"
"Erie","0","8","Ohio","4/5/20","5","3","39043","60"
"Fairfield","5","46","Ohio","4/5/20","14","32","39045","228.57"
"Fayette","0","2","Ohio","4/5/20","1","1","39047","100"
"Franklin","50","597","Ohio","4/5/20","247","350","39049","141.7"
"Fulton","0","5","Ohio","4/5/20","2","3","39051","150"
"Gallia","0","4","Ohio","4/5/20","1","3","39053","300"
"Geauga","3","38","Ohio","4/5/20","17","21","39055","123.53"
"Greene","1","13","Ohio","4/5/20","3","10","39057","333.33"
"Guernsey","0","1","Ohio","4/5/20","0","1","39059","1"
"Hamilton","33","319","Ohio","4/5/20","85","234","39061","275.29"
"Hancock","1","11","Ohio","4/5/20","3","8","39063","266.67"
"Hardin","0","1","Ohio","4/5/20","0","1","39065","1"
"Highland","0","4","Ohio","4/5/20","1","3","39071","300"
"Holmes","0","1","Ohio","4/5/20","0","1","39075","1"
"Huron","0","6","Ohio","4/5/20","3","3","39077","100"
"Jefferson","1","14","Ohio","4/5/20","5","9","39081","180"
"Knox","1","7","Ohio","4/5/20","3","4","39083","133.33"
"Lake","6","79","Ohio","4/5/20","35","44","39085","125.71"
"Lawrence","1","8","Ohio","4/5/20","1","7","39087","700"
"Licking","6","55","Ohio","4/5/20","15","40","39089","266.67"
"Logan","0","5","Ohio","4/5/20","3","2","39091","66.67"
"Lorain","5","110","Ohio","4/5/20","74","36","39093","48.65"
"Lucas","30","302","Ohio","4/5/20","94","208","39095","221.28"
"Madison","2","17","Ohio","4/5/20","4","13","39097","325"
"Mahoning","25","261","Ohio","4/5/20","84","177","39099","210.71"
"Marion","2","19","Ohio","4/5/20","6","13","39101","216.67"
"Medina","5","78","Ohio","4/5/20","45","33","39103","73.33"
"Mercer","1","7","Ohio","4/5/20","2","5","39107","250"
"Miami","5","76","Ohio","4/5/20","43","33","39109","76.74"
"Monroe","0","2","Ohio","4/5/20","0","2","39111","1"
"Montgomery","8","84","Ohio","4/5/20","25","59","39113","236"
"Morrow","1","5","Ohio","4/5/20","0","5","39117","1"
"Muskingum","0","4","Ohio","4/5/20","2","2","39119","100"
"Ottawa","1","5","Ohio","4/5/20","1","4","39123","400"
"Perry","0","3","Ohio","4/5/20","0","3","39127","1"
"Pickaway","4","29","Ohio","4/5/20","4","25","39129","625"
"Pike","0","1","Ohio","4/5/20","1","0","39131","0"
"Portage","8","84","Ohio","4/5/20","27","57","39133","211.11"
"Preble","1","5","Ohio","4/5/20","0","5","39135","1"
"Richland","2","17","Ohio","4/5/20","5","12","39139","240"
"Ross","1","4","Ohio","4/5/20","0","4","39141","1"
"Sandusky","0","5","Ohio","4/5/20","3","2","39143","66.67"
"Seneca","1","6","Ohio","4/5/20","1","5","39147","500"
"Shelby","1","12","Ohio","4/5/20","3","9","39149","300"
"Stark","9","95","Ohio","4/5/20","29","66","39151","227.59"
"Summit","12","184","Ohio","4/5/20","99","85","39153","85.86"
"Trumbull","8","89","Ohio","4/5/20","36","53","39155","147.22"
"Tuscarawas","2","20","Ohio","4/5/20","5","15","39157","300"
"Union","1","8","Ohio","4/5/20","3","5","39159","166.67"
"Van Wert","0","2","Ohio","4/5/20","1","1","39161","100"
"Warren","2","36","Ohio","4/5/20","20","16","39165","80"
"Washington","1","8","Ohio","4/5/20","3","5","39167","166.67"
"Wayne","3","26","Ohio","4/5/20","4","22","39169","550"
"Williams","0","1","Ohio","4/5/20","0","1","39171","1"
"Wood","2","29","Ohio","4/5/20","12","17","39173","141.67"
"Wyandot","1","5","Ohio","4/5/20","1","4","39175","400"
"Adair","2","18","Oklahoma","4/5/20","4","14","40001","350"
"Atoka","0","1","Oklahoma","4/5/20","0","1","40005","1"
"Beckham","0","1","Oklahoma","4/5/20","0","1","40009","1"
"Bryan","0","3","Oklahoma","4/5/20","1","2","40013","200"
"Caddo","0","4","Oklahoma","4/5/20","1","3","40015","300"
"Canadian","3","33","Oklahoma","4/5/20","12","21","40017","175"
"Carter","0","1","Oklahoma","4/5/20","1","0","40019","0"
"Cherokee","2","12","Oklahoma","4/5/20","1","11","40021","1100"
"Choctaw","0","2","Oklahoma","4/5/20","1","1","40023","100"
"Cleveland","17","171","Oklahoma","4/5/20","51","120","40027","235.29"
"Comanche","4","39","Oklahoma","4/5/20","11","28","40031","254.55"
"Cotton","1","4","Oklahoma","4/5/20","0","4","40033","1"
"Craig","0","3","Oklahoma","4/5/20","1","2","40035","200"
"Creek","4","44","Oklahoma","4/5/20","16","28","40037","175"
"Custer","0","5","Oklahoma","4/5/20","4","1","40039","25"
"Delaware","1","12","Oklahoma","4/5/20","4","8","40041","200"
"Garfield","0","5","Oklahoma","4/5/20","2","3","40047","150"
"Garvin","1","9","Oklahoma","4/5/20","4","5","40049","125"
"Grady","1","7","Oklahoma","4/5/20","2","5","40051","250"
"Grant","0","1","Oklahoma","4/5/20","0","1","40053","1"
"Greer","4","25","Oklahoma","4/5/20","0","25","40055","1"
"Jackson","0","4","Oklahoma","4/5/20","1","3","40065","300"
"Kay","1","30","Oklahoma","4/5/20","20","10","40071","50"
"Kingfisher","0","3","Oklahoma","4/5/20","0","3","40073","1"
"Kiowa","0","1","Oklahoma","4/5/20","0","1","40075","1"
"Latimer","0","4","Oklahoma","4/5/20","1","3","40077","300"
"Le Flore","0","1","Oklahoma","4/5/20","1","0","40079","0"
"Lincoln","1","7","Oklahoma","4/5/20","3","4","40081","133.33"
"Logan","0","6","Oklahoma","4/5/20","3","3","40083","100"
"Love","0","2","Oklahoma","4/5/20","0","2","40085","1"
"Major","0","1","Oklahoma","4/5/20","0","1","40093","1"
"Mayes","1","9","Oklahoma","4/5/20","3","6","40097","200"
"McClain","1","12","Oklahoma","4/5/20","2","10","40087","500"
"McCurtain","0","1","Oklahoma","4/5/20","0","1","40089","1"
"McIntosh","0","1","Oklahoma","4/5/20","0","1","40091","1"
"Muskogee","2","20","Oklahoma","4/5/20","7","13","40101","185.71"
"Noble","0","6","Oklahoma","4/5/20","3","3","40103","100"
"Nowata","1","9","Oklahoma","4/5/20","3","6","40105","200"
"Oklahoma","21","265","Oklahoma","4/5/20","120","145","40109","120.83"
"Okmulgee","1","11","Oklahoma","4/5/20","3","8","40111","266.67"
"Osage","2","27","Oklahoma","4/5/20","10","17","40113","170"
"Ottawa","1","11","Oklahoma","4/5/20","4","7","40115","175"
"Out of OK","0","2","Oklahoma","4/5/20","0","2","80040","1"
"Pawnee","1","22","Oklahoma","4/5/20","15","7","40117","46.67"
"Payne","1","20","Oklahoma","4/5/20","13","7","40119","53.85"
"Pittsburg","1","6","Oklahoma","4/5/20","2","4","40121","200"
"Pontotoc","1","7","Oklahoma","4/5/20","3","4","40123","133.33"
"Pottawatomie","1","12","Oklahoma","4/5/20","2","10","40125","500"
"Rogers","2","13","Oklahoma","4/5/20","1","12","40131","1200"
"Seminole","0","2","Oklahoma","4/5/20","1","1","40133","100"
"Sequoyah","0","4","Oklahoma","4/5/20","2","2","40135","100"
"Stephens","1","9","Oklahoma","4/5/20","2","7","40137","350"
"Texas","0","2","Oklahoma","4/5/20","1","1","40139","100"
"Tillman","0","1","Oklahoma","4/5/20","0","1","40141","1"
"Tulsa","26","240","Oklahoma","4/5/20","61","179","40143","293.44"
"Wagoner","6","47","Oklahoma","4/5/20","8","39","40145","487.5"
"Washington","2","35","Oklahoma","4/5/20","18","17","40147","94.44"
"Woodward","0","1","Oklahoma","4/5/20","0","1","40153","1"
"Benton","2","19","Oregon","4/5/20","8","11","41003","137.5"
"Clackamas","6","84","Oregon","4/5/20","39","45","41005","115.38"
"Clatsop","0","4","Oregon","4/5/20","3","1","41007","33.33"
"Columbia","1","6","Oregon","4/5/20","1","5","41009","500"
"Crook","0","1","Oregon","4/5/20","0","1","41013","1"
"Deschutes","2","39","Oregon","4/5/20","23","16","41017","69.57"
"Douglas","1","11","Oregon","4/5/20","4","7","41019","175"
"Grant","0","1","Oregon","4/5/20","1","0","41023","0"
"Hood River","0","2","Oregon","4/5/20","2","0","41027","0"
"Jackson","2","33","Oregon","4/5/20","19","14","41029","73.68"
"Josephine","1","13","Oregon","4/5/20","6","7","41033","116.67"
"Klamath","2","15","Oregon","4/5/20","4","11","41035","275"
"Lane","2","27","Oregon","4/5/20","10","17","41039","170"
"Lincoln","0","4","Oregon","4/5/20","1","3","41041","300"
"Linn","1","43","Oregon","4/5/20","36","7","41043","19.44"
"Malheur","0","2","Oregon","4/5/20","0","2","41045","1"
"Marion","13","198","Oregon","4/5/20","109","89","41047","81.65"
"Morrow","0","2","Oregon","4/5/20","1","1","41049","100"
"Multnomah","20","233","Oregon","4/5/20","91","142","41051","156.04"
"Polk","2","24","Oregon","4/5/20","13","11","41053","84.62"
"Sherman","0","1","Oregon","4/5/20","0","1","41055","1"
"Tillamook","0","3","Oregon","4/5/20","2","1","41057","50"
"Umatilla","0","7","Oregon","4/5/20","4","3","41059","75"
"Union","0","3","Oregon","4/5/20","1","2","41061","200"
"Wallowa","0","1","Oregon","4/5/20","0","1","41063","1"
"Wasco","1","7","Oregon","4/5/20","3","4","41065","133.33"
"Washington","15","259","Oregon","4/5/20","154","105","41067","68.18"
"Yamhill","2","26","Oregon","4/5/20","13","13","41071","100"
"Adams","2","22","Pennsylvania","4/5/20","8","14","42001","175"
"Allegheny","49","605","Pennsylvania","4/5/20","265","340","42003","128.3"
"Armstrong","1","12","Pennsylvania","4/5/20","3","9","42005","300"
"Beaver","8","84","Pennsylvania","4/5/20","28","56","42007","200"
"Bedford","1","4","Pennsylvania","4/5/20","0","4","42009","1"
"Berks","30","276","Pennsylvania","4/5/20","68","208","42011","305.88"
"Blair","0","5","Pennsylvania","4/5/20","3","2","42013","66.67"
"Bradford","1","10","Pennsylvania","4/5/20","3","7","42015","233.33"
"Bucks","52","580","Pennsylvania","4/5/20","216","364","42017","168.52"
"Butler","6","87","Pennsylvania","4/5/20","47","40","42019","85.11"
"Cambria","1","7","Pennsylvania","4/5/20","1","6","42021","600"
"Cameron","0","1","Pennsylvania","4/5/20","1","0","42023","0"
"Carbon","6","50","Pennsylvania","4/5/20","9","41","42025","455.56"
"Centre","3","43","Pennsylvania","4/5/20","22","21","42027","95.45"
"Chester","19","269","Pennsylvania","4/5/20","137","132","42029","96.35"
"Clarion","1","5","Pennsylvania","4/5/20","1","4","42031","400"
"Clearfield","1","7","Pennsylvania","4/5/20","2","5","42033","250"
"Clinton","0","1","Pennsylvania","4/5/20","0","1","42035","1"
"Columbia","2","22","Pennsylvania","4/5/20","6","16","42037","266.67"
"Crawford","1","7","Pennsylvania","4/5/20","3","4","42039","133.33"
"Cumberland","5","58","Pennsylvania","4/5/20","22","36","42041","163.64"
"Dauphin","12","118","Pennsylvania","4/5/20","35","83","42043","237.14"
"Delaware","62","708","Pennsylvania","4/5/20","276","432","42045","156.52"
"Erie","2","19","Pennsylvania","4/5/20","7","12","42049","171.43"
"Fayette","2","27","Pennsylvania","4/5/20","10","17","42051","170"
"Forest","0","3","Pennsylvania","4/5/20","0","3","42053","1"
"Franklin","3","30","Pennsylvania","4/5/20","11","19","42055","172.73"
"Fulton","0","1","Pennsylvania","4/5/20","0","1","42057","1"
"Greene","1","12","Pennsylvania","4/5/20","6","6","42059","100"
"Huntingdon","0","4","Pennsylvania","4/5/20","1","3","42061","300"
"Indiana","2","13","Pennsylvania","4/5/20","2","11","42063","550"
"Juniata","1","7","Pennsylvania","4/5/20","1","6","42067","600"
"Lackawanna","17","172","Pennsylvania","4/5/20","56","116","42069","207.14"
"Lancaster","43","371","Pennsylvania","4/5/20","67","304","42071","453.73"
"Lawrence","2","23","Pennsylvania","4/5/20","8","15","42073","187.5"
"Lebanon","12","106","Pennsylvania","4/5/20","19","87","42075","457.89"
"Lehigh","104","877","Pennsylvania","4/5/20","151","726","42077","480.79"
"Luzerne","92","741","Pennsylvania","4/5/20","94","647","42079","688.3"
"Lycoming","1","9","Pennsylvania","4/5/20","3","6","42081","200"
"McKean","0","1","Pennsylvania","4/5/20","1","0","42083","0"
"Mercer","2","18","Pennsylvania","4/5/20","7","11","42085","157.14"
"Mifflin","1","9","Pennsylvania","4/5/20","2","7","42087","350"
"Monroe","56","528","Pennsylvania","4/5/20","135","393","42089","291.11"
"Montgomery","89","1111","Pennsylvania","4/5/20","488","623","42091","127.66"
"Montour","5","37","Pennsylvania","4/5/20","4","33","42093","825"
"Northampton","73","636","Pennsylvania","4/5/20","126","510","42095","404.76"
"Northumberland","2","14","Pennsylvania","4/5/20","1","13","42097","1300"
"Perry","1","5","Pennsylvania","4/5/20","1","4","42099","400"
"Philadelphia","328","3189","Pennsylvania","4/5/20","890","2299","42101","258.31"
"Pike","12","114","Pennsylvania","4/5/20","33","81","42103","245.45"
"Potter","0","3","Pennsylvania","4/5/20","2","1","42105","50"
"Schuylkill","10","90","Pennsylvania","4/5/20","21","69","42107","328.57"
"Snyder","1","8","Pennsylvania","4/5/20","2","6","42109","300"
"Somerset","0","4","Pennsylvania","4/5/20","2","2","42111","100"
"Sullivan","0","1","Pennsylvania","4/5/20","0","1","42113","1"
"Susquehanna","1","6","Pennsylvania","4/5/20","1","5","42115","500"
"Tioga","0","3","Pennsylvania","4/5/20","1","2","42117","200"
"Union","1","6","Pennsylvania","4/5/20","0","6","42119","1"
"Venango","0","3","Pennsylvania","4/5/20","1","2","42121","200"
"Warren","0","1","Pennsylvania","4/5/20","1","0","42123","0"
"Washington","4","50","Pennsylvania","4/5/20","24","26","42125","108.33"
"Wayne","4","33","Pennsylvania","4/5/20","7","26","42127","371.43"
"Westmoreland","14","147","Pennsylvania","4/5/20","47","100","42129","212.77"
"Wyoming","1","5","Pennsylvania","4/5/20","0","5","42131","1"
"York","18","171","Pennsylvania","4/5/20","43","128","42133","297.67"
"","50","475","Puerto Rico","4/5/20","127","348",,"274.02"
"Bristol","2","24","Rhode Island","4/5/20","12","12","44001","100"
"Kent","8","82","Rhode Island","4/5/20","27","55","44003","203.7"
"Newport","3","39","Rhode Island","4/5/20","19","20","44005","105.26"
"Providence","48","491","Rhode Island","4/5/20","156","335","44007","214.74"
"Washington","4","48","Rhode Island","4/5/20","23","25","44009","108.7"
"Abbeville","0","6","South Carolina","4/5/20","3","3","45001","100"
"Aiken","3","27","South Carolina","4/5/20","9","18","45003","200"
"Allendale","0","2","South Carolina","4/5/20","0","2","45005","1"
"Anderson","6","69","South Carolina","4/5/20","29","40","45007","137.93"
"Bamberg","1","5","South Carolina","4/5/20","0","5","45009","1"
"Barnwell","0","3","South Carolina","4/5/20","0","3","45011","1"
"Beaufort","15","156","South Carolina","4/5/20","50","106","45013","212"
"Berkeley","5","46","South Carolina","4/5/20","14","32","45015","228.57"
"Calhoun","0","5","South Carolina","4/5/20","2","3","45017","150"
"Charleston","22","274","South Carolina","4/5/20","117","157","45019","134.19"
"Cherokee","0","2","South Carolina","4/5/20","0","2","45021","1"
"Chester","1","12","South Carolina","4/5/20","2","10","45023","500"
"Chesterfield","1","13","South Carolina","4/5/20","4","9","45025","225"
"Clarendon","5","54","South Carolina","4/5/20","16","38","45027","237.5"
"Colleton","1","8","South Carolina","4/5/20","4","4","45029","100"
"Darlington","1","19","South Carolina","4/5/20","10","9","45031","90"
"Dillon","0","1","South Carolina","4/5/20","1","0","45033","0"
"Dorchester","5","44","South Carolina","4/5/20","10","34","45035","340"
"Edgefield","1","6","South Carolina","4/5/20","2","4","45037","200"
"Fairfield","1","14","South Carolina","4/5/20","4","10","45039","250"
"Florence","3","36","South Carolina","4/5/20","14","22","45041","157.14"
"Georgetown","1","18","South Carolina","4/5/20","10","8","45043","80"
"Greenville","16","186","South Carolina","4/5/20","71","115","45045","161.97"
"Greenwood","1","10","South Carolina","4/5/20","3","7","45047","233.33"
"Hampton","0","2","South Carolina","4/5/20","0","2","45049","1"
"Horry","5","64","South Carolina","4/5/20","31","33","45051","106.45"
"Jasper","1","9","South Carolina","4/5/20","3","6","45053","200"
"Kershaw","9","148","South Carolina","4/5/20","83","65","45055","78.31"
"Lancaster","4","41","South Carolina","4/5/20","13","28","45057","215.38"
"Laurens","0","6","South Carolina","4/5/20","3","3","45059","100"
"Lee","2","17","South Carolina","4/5/20","5","12","45061","240"
"Lexington","12","117","South Carolina","4/5/20","35","82","45063","234.29"
"Marion","0","2","South Carolina","4/5/20","1","1","45067","100"
"Marlboro","0","3","South Carolina","4/5/20","2","1","45069","50"
"McCormick","0","1","South Carolina","4/5/20","0","1","45065","1"
"Newberry","1","7","South Carolina","4/5/20","2","5","45071","250"
"Oconee","1","8","South Carolina","4/5/20","4","4","45073","100"
"Orangeburg","2","27","South Carolina","4/5/20","16","11","45075","68.75"
"Pickens","1","18","South Carolina","4/5/20","11","7","45077","63.64"
"Richland","29","298","South Carolina","4/5/20","95","203","45079","213.68"
"Saluda","0","4","South Carolina","4/5/20","1","3","45081","300"
"Spartanburg","7","75","South Carolina","4/5/20","25","50","45083","200"
"Sumter","7","80","South Carolina","4/5/20","30","50","45085","166.67"
"Union","1","11","South Carolina","4/5/20","1","10","45087","1000"
"Williamsburg","1","10","South Carolina","4/5/20","2","8","45089","400"
"York","7","85","South Carolina","4/5/20","36","49","45091","136.11"
"Aurora","0","1","South Dakota","4/5/20","1","0","46003","0"
"Beadle","0","21","South Dakota","4/5/20","20","1","46005","5"
"Bon Homme","0","1","South Dakota","4/5/20","1","0","46009","0"
"Brookings","0","3","South Dakota","4/5/20","1","2","46011","200"
"Brown","1","9","South Dakota","4/5/20","2","7","46013","350"
"Charles Mix","0","2","South Dakota","4/5/20","1","1","46023","100"
"Clark","0","1","South Dakota","4/5/20","1","0","46025","0"
"Clay","0","3","South Dakota","4/5/20","2","1","46027","50"
"Codington","1","10","South Dakota","4/5/20","4","6","46029","150"
"Davison","0","3","South Dakota","4/5/20","2","1","46035","50"
"Deuel","0","1","South Dakota","4/5/20","1","0","46039","0"
"Fall River","0","1","South Dakota","4/5/20","1","0","46047","0"
"Faulk","0","1","South Dakota","4/5/20","1","0","46049","0"
"Hamlin","0","1","South Dakota","4/5/20","1","0","46057","0"
"Hughes","0","3","South Dakota","4/5/20","1","2","46065","200"
"Hutchinson","0","2","South Dakota","4/5/20","2","0","46067","0"
"Lake","0","1","South Dakota","4/5/20","0","1","46079","1"
"Lawrence","1","9","South Dakota","4/5/20","3","6","46081","200"
"Lincoln","3","23","South Dakota","4/5/20","4","19","46083","475"
"Lyman","0","1","South Dakota","4/5/20","1","0","46085","0"
"Marshall","0","1","South Dakota","4/5/20","0","1","46091","1"
"McCook","0","2","South Dakota","4/5/20","2","0","46087","0"
"Meade","0","1","South Dakota","4/5/20","1","0","46093","0"
"Minnehaha","11","104","South Dakota","4/5/20","25","79","46099","316"
"Pennington","0","6","South Dakota","4/5/20","4","2","46103","50"
"Roberts","0","4","South Dakota","4/5/20","1","3","46109","300"
"Spink","0","3","South Dakota","4/5/20","0","3","46115","1"
"Todd","0","1","South Dakota","4/5/20","1","0","46121","0"
"Turner","0","4","South Dakota","4/5/20","1","3","46125","300"
"Union","0","3","South Dakota","4/5/20","1","2","46127","200"
"Yankton","1","14","South Dakota","4/5/20","4","10","46135","250"
"Anderson","1","10","Tennessee","4/5/20","6","4","47001","66.67"
"Bedford","1","8","Tennessee","4/5/20","1","7","47003","700"
"Benton","0","4","Tennessee","4/5/20","3","1","47005","33.33"
"Bledsoe","0","3","Tennessee","4/5/20","2","1","47007","50"
"Blount","4","36","Tennessee","4/5/20","9","27","47009","300"
"Bradley","2","21","Tennessee","4/5/20","8","13","47011","162.5"
"Campbell","0","5","Tennessee","4/5/20","4","1","47013","25"
"Cannon","1","6","Tennessee","4/5/20","2","4","47015","200"
"Carroll","0","7","Tennessee","4/5/20","5","2","47017","40"
"Carter","0","3","Tennessee","4/5/20","1","2","47019","200"
"Cheatham","1","13","Tennessee","4/5/20","8","5","47021","62.5"
"Chester","1","6","Tennessee","4/5/20","2","4","47023","200"
"Claiborne","0","2","Tennessee","4/5/20","2","0","47025","0"
"Clay","0","1","Tennessee","4/5/20","0","1","47027","1"
"Cocke","0","1","Tennessee","4/5/20","1","0","47029","0"
"Coffee","1","5","Tennessee","4/5/20","1","4","47031","400"
"Cumberland","2","26","Tennessee","4/5/20","9","17","47035","188.89"
"Davidson","58","801","Tennessee","4/5/20","394","407","47037","103.3"
"Decatur","0","0","Tennessee","4/5/20","1","-1","47039","-100"
"DeKalb","1","7","Tennessee","4/5/20","3","4","47041","133.33"
"Dickson","2","23","Tennessee","4/5/20","11","12","47043","109.09"
"Dyer","1","9","Tennessee","4/5/20","3","6","47045","200"
"Fayette","1","20","Tennessee","4/5/20","10","10","47047","100"
"Fentress","0","2","Tennessee","4/5/20","0","2","47049","1"
"Franklin","1","12","Tennessee","4/5/20","6","6","47051","100"
"Gibson","1","11","Tennessee","4/5/20","3","8","47053","266.67"
"Giles","0","3","Tennessee","4/5/20","0","3","47055","1"
"Grainger","0","3","Tennessee","4/5/20","0","3","47057","1"
"Greene","1","17","Tennessee","4/5/20","9","8","47059","88.89"
"Grundy","1","12","Tennessee","4/5/20","2","10","47061","500"
"Hamblen","0","4","Tennessee","4/5/20","2","2","47063","100"
"Hamilton","6","74","Tennessee","4/5/20","35","39","47065","111.43"
"Hardeman","1","6","Tennessee","4/5/20","1","5","47069","500"
"Hardin","0","2","Tennessee","4/5/20","1","1","47071","100"
"Hawkins","1","10","Tennessee","4/5/20","2","8","47073","400"
"Haywood","0","3","Tennessee","4/5/20","2","1","47075","50"
"Henderson","0","1","Tennessee","4/5/20","0","1","47077","1"
"Henry","0","4","Tennessee","4/5/20","1","3","47079","300"
"Hickman","0","2","Tennessee","4/5/20","0","2","47081","1"
"Houston","0","2","Tennessee","4/5/20","2","0","47083","0"
"Humphreys","0","3","Tennessee","4/5/20","0","3","47085","1"
"Jackson","0","3","Tennessee","4/5/20","0","3","47087","1"
"Jefferson","0","6","Tennessee","4/5/20","5","1","47089","20"
"Johnson","0","2","Tennessee","4/5/20","2","0","47091","0"
"Knox","11","115","Tennessee","4/5/20","38","77","47093","202.63"
"Lauderdale","0","2","Tennessee","4/5/20","0","2","47097","1"
"Lawrence","0","3","Tennessee","4/5/20","0","3","47099","1"
"Lewis","0","2","Tennessee","4/5/20","2","0","47101","0"
"Lincoln","1","5","Tennessee","4/5/20","1","4","47103","400"
"Loudon","1","13","Tennessee","4/5/20","8","5","47105","62.5"
"Macon","1","9","Tennessee","4/5/20","3","6","47111","200"
"Madison","2","19","Tennessee","4/5/20","3","16","47113","533.33"
"Marion","2","16","Tennessee","4/5/20","5","11","47115","220"
"Marshall","1","6","Tennessee","4/5/20","0","6","47117","1"
"Maury","2","21","Tennessee","4/5/20","8","13","47119","162.5"
"McMinn","0","3","Tennessee","4/5/20","3","0","47107","0"
"McNairy","0","3","Tennessee","4/5/20","1","2","47109","200"
"Meigs","0","2","Tennessee","4/5/20","1","1","47121","100"
"Monroe","0","6","Tennessee","4/5/20","3","3","47123","100"
"Montgomery","5","51","Tennessee","4/5/20","13","38","47125","292.31"
"Morgan","0","4","Tennessee","4/5/20","1","3","47129","300"
"Obion","0","2","Tennessee","4/5/20","1","1","47131","100"
"Out of TN","16","265","Tennessee","4/5/20","150","115","80047","76.67"
"Overton","0","3","Tennessee","4/5/20","2","1","47133","50"
"Perry","0","3","Tennessee","4/5/20","2","1","47135","50"
"Polk","0","3","Tennessee","4/5/20","0","3","47139","1"
"Putnam","5","52","Tennessee","4/5/20","17","35","47141","205.88"
"Roane","0","5","Tennessee","4/5/20","2","3","47145","150"
"Robertson","5","59","Tennessee","4/5/20","25","34","47147","136"
"Rutherford","14","147","Tennessee","4/5/20","48","99","47149","206.25"
"Scott","0","3","Tennessee","4/5/20","2","1","47151","50"
"Sequatchie","0","2","Tennessee","4/5/20","0","2","47153","1"
"Sevier","1","14","Tennessee","4/5/20","6","8","47155","133.33"
"Shelby","53","736","Tennessee","4/5/20","362","374","47157","103.31"
"Smith","0","3","Tennessee","4/5/20","1","2","47159","200"
"Stewart","0","2","Tennessee","4/5/20","0","2","47161","1"
"Sullivan","2","21","Tennessee","4/5/20","8","13","47163","162.5"
"Sumner","33","321","Tennessee","4/5/20","93","228","47165","245.16"
"Tipton","3","33","Tennessee","4/5/20","15","18","47167","120"
"Trousdale","1","8","Tennessee","4/5/20","1","7","47169","700"
"Unicoi","0","1","Tennessee","4/5/20","1","0","47171","0"
"Union","0","1","Tennessee","4/5/20","1","0","47173","0"
"Warren","0","1","Tennessee","4/5/20","0","1","47177","1"
"Washington","1","23","Tennessee","4/5/20","14","9","47179","64.29"
"Wayne","0","2","Tennessee","4/5/20","0","2","47181","1"
"Weakley","1","5","Tennessee","4/5/20","1","4","47183","400"
"White","0","2","Tennessee","4/5/20","1","1","47185","100"
"Williamson","22","258","Tennessee","4/5/20","101","157","47187","155.45"
"Wilson","9","93","Tennessee","4/5/20","27","66","47189","244.44"
"Anderson","0","1","Texas","4/5/20","0","1","48001","1"
"Andrews","1","6","Texas","4/5/20","0","6","48003","1"
"Angelina","1","10","Texas","4/5/20","3","7","48005","233.33"
"Aransas","0","1","Texas","4/5/20","0","1","48007","1"
"Atascosa","0","2","Texas","4/5/20","2","0","48013","0"
"Austin","0","5","Texas","4/5/20","2","3","48015","150"
"Bastrop","1","10","Texas","4/5/20","5","5","48021","100"
"Bell","4","58","Texas","4/5/20","28","30","48027","107.14"
"Bexar","35","384","Texas","4/5/20","140","244","48029","174.29"
"Blanco","0","2","Texas","4/5/20","1","1","48031","100"
"Bowie","2","17","Texas","4/5/20","3","14","48037","466.67"
"Brazoria","12","144","Texas","4/5/20","61","83","48039","136.07"
"Brazos","7","94","Texas","4/5/20","44","50","48041","113.64"
"Brown","0","6","Texas","4/5/20","3","3","48049","100"
"Burleson","0","2","Texas","4/5/20","1","1","48051","100"
"Burnet","0","4","Texas","4/5/20","2","2","48053","100"
"Caldwell","0","3","Texas","4/5/20","1","2","48055","200"
"Calhoun","1","11","Texas","4/5/20","5","6","48057","120"
"Cameron","8","77","Texas","4/5/20","20","57","48061","285"
"Camp","0","1","Texas","4/5/20","0","1","48063","1"
"Cass","0","4","Texas","4/5/20","2","2","48067","100"
"Castro","0","11","Texas","4/5/20","8","3","48069","37.5"
"Chambers","1","11","Texas","4/5/20","3","8","48071","266.67"
"Cherokee","1","6","Texas","4/5/20","1","5","48073","500"
"Clay","0","3","Texas","4/5/20","0","3","48077","1"
"Collin","22","287","Texas","4/5/20","134","153","48085","114.18"
"Colorado","0","2","Texas","4/5/20","0","2","48089","1"
"Comal","2","21","Texas","4/5/20","9","12","48091","133.33"
"Comanche","0","2","Texas","4/5/20","1","1","48093","100"
"Coryell","1","5","Texas","4/5/20","1","4","48099","400"
"Crane","0","2","Texas","4/5/20","1","1","48103","100"
"Dallas","89","1112","Texas","4/5/20","488","624","48113","127.87"
"Dawson","1","7","Texas","4/5/20","3","4","48115","133.33"
"Deaf Smith","0","5","Texas","4/5/20","2","3","48117","150"
"Denton","20","304","Texas","4/5/20","165","139","48121","84.24"
"DeWitt","1","7","Texas","4/5/20","3","4","48123","133.33"
"Donley","1","7","Texas","4/5/20","0","7","48129","1"
"Eastland","0","3","Texas","4/5/20","4","-1","48133","-25"
"Ector","3","26","Texas","4/5/20","3","23","48135","766.67"
"El Paso","10","113","Texas","4/5/20","42","71","48141","169.05"
"Ellis","3","32","Texas","4/5/20","13","19","48139","146.15"
"Erath","1","9","Texas","4/5/20","2","7","48143","350"
"Falls","0","1","Texas","4/5/20","1","0","48145","0"
"Fannin","0","2","Texas","4/5/20","1","1","48147","100"
"Fayette","1","11","Texas","4/5/20","1","10","48149","1000"
"Fort Bend","21","268","Texas","4/5/20","119","149","48157","125.21"
"Franklin","0","1","Texas","4/5/20","1","0","48159","0"
"Gaines","0","1","Texas","4/5/20","1","0","48165","0"
"Galveston","24","240","Texas","4/5/20","70","170","48167","242.86"
"Gillespie","0","2","Texas","4/5/20","0","2","48171","1"
"Goliad","0","1","Texas","4/5/20","0","1","48175","1"
"Gonzales","0","1","Texas","4/5/20","0","1","48177","1"
"Gray","1","5","Texas","4/5/20","0","5","48179","1"
"Grayson","1","12","Texas","4/5/20","3","9","48181","300"
"Gregg","2","16","Texas","4/5/20","4","12","48183","300"
"Grimes","0","3","Texas","4/5/20","2","1","48185","50"
"Guadalupe","3","28","Texas","4/5/20","10","18","48187","180"
"Hale","1","7","Texas","4/5/20","1","6","48189","600"
"Hardin","2","26","Texas","4/5/20","9","17","48199","188.89"
"Harris","124","1395","Texas","4/5/20","526","869","48201","165.21"
"Harrison","1","6","Texas","4/5/20","1","5","48203","500"
"Hays","6","54","Texas","4/5/20","13","41","48209","315.38"
"Hemphill","0","1","Texas","4/5/20","0","1","48211","1"
"Henderson","0","2","Texas","4/5/20","1","1","48213","100"
"Hidalgo","8","86","Texas","4/5/20","27","59","48215","218.52"
"Hill","1","5","Texas","4/5/20","1","4","48217","400"
"Hockley","0","10","Texas","4/5/20","7","3","48219","42.86"
"Hood","1","9","Texas","4/5/20","2","7","48221","350"
"Hopkins","0","4","Texas","4/5/20","1","3","48223","300"
"Hunt","1","8","Texas","4/5/20","1","7","48231","700"
"Hutchinson","0","2","Texas","4/5/20","0","2","48233","1"
"Jackson","0","3","Texas","4/5/20","1","2","48239","200"
"Jasper","0","3","Texas","4/5/20","0","3","48241","1"
"Jefferson","6","58","Texas","4/5/20","16","42","48245","262.5"
"Jim Wells","0","2","Texas","4/5/20","0","2","48249","1"
"Johnson","2","23","Texas","4/5/20","8","15","48251","187.5"
"Karnes","0","2","Texas","4/5/20","2","0","48255","0"
"Kaufman","1","10","Texas","4/5/20","2","8","48257","400"
"Kendall","0","10","Texas","4/5/20","7","3","48259","42.86"
"Kerr","0","2","Texas","4/5/20","0","2","48265","1"
"Kleberg","0","2","Texas","4/5/20","1","1","48273","100"
"Lamar","0","5","Texas","4/5/20","3","2","48277","66.67"
"Lamb","0","1","Texas","4/5/20","1","0","48279","0"
"Lampasas","0","1","Texas","4/5/20","0","1","48281","1"
"Lavaca","0","2","Texas","4/5/20","1","1","48285","100"
"Lee","0","2","Texas","4/5/20","0","2","48287","1"
"Leon","0","2","Texas","4/5/20","0","2","48289","1"
"Liberty","1","6","Texas","4/5/20","2","4","48291","200"
"Limestone","0","3","Texas","4/5/20","1","2","48293","200"
"Live Oak","0","3","Texas","4/5/20","0","3","48297","1"
"Llano","0","3","Texas","4/5/20","2","1","48299","50"
"Lubbock","16","154","Texas","4/5/20","41","113","48303","275.61"
"Lynn","0","3","Texas","4/5/20","2","1","48305","50"
"Martin","0","1","Texas","4/5/20","1","0","48317","0"
"Mason","0","1","Texas","4/5/20","0","1","48319","1"
"Matagorda","4","41","Texas","4/5/20","11","30","48321","272.73"
"Maverick","0","4","Texas","4/5/20","1","3","48323","300"
"McLennan","2","51","Texas","4/5/20","34","17","48309","50"
"Medina","0","4","Texas","4/5/20","3","1","48325","33.33"
"Midland","2","24","Texas","4/5/20","12","12","48329","100"
"Milam","0","3","Texas","4/5/20","2","1","48331","50"
"Montague","0","1","Texas","4/5/20","1","0","48337","0"
"Montgomery","12","149","Texas","4/5/20","65","84","48339","129.23"
"Moore","1","6","Texas","4/5/20","0","6","48341","1"
"Morris","0","1","Texas","4/5/20","1","0","48343","0"
"Nacogdoches","2","16","Texas","4/5/20","2","14","48347","700"
"Navarro","1","6","Texas","4/5/20","1","5","48349","500"
"Newton","0","1","Texas","4/5/20","0","1","48351","1"
"Nueces","4","53","Texas","4/5/20","22","31","48355","140.91"
"Oldham","0","2","Texas","4/5/20","2","0","48359","0"
"Orange","3","22","Texas","4/5/20","1","21","48361","2100"
"Palo Pinto","0","1","Texas","4/5/20","0","1","48363","1"
"Panola","1","4","Texas","4/5/20","0","4","48365","1"
"Parker","0","6","Texas","4/5/20","4","2","48367","50"
"Polk","1","7","Texas","4/5/20","1","6","48373","600"
"Potter","5","40","Texas","4/5/20","5","35","48375","700"
"Randall","4","34","Texas","4/5/20","6","28","48381","466.67"
"Reeves","0","1","Texas","4/5/20","0","1","48389","1"
"Robertson","0","2","Texas","4/5/20","2","0","48395","0"
"Rockwall","1","11","Texas","4/5/20","3","8","48397","266.67"
"Rusk","1","12","Texas","4/5/20","2","10","48401","500"
"San Augustine","1","4","Texas","4/5/20","0","4","48405","1"
"San Jacinto","0","1","Texas","4/5/20","1","0","48407","0"
"San Patricio","0","5","Texas","4/5/20","2","3","48409","150"
"Shelby","2","12","Texas","4/5/20","1","11","48419","1100"
"Smith","4","57","Texas","4/5/20","31","26","48423","83.87"
"Starr","1","6","Texas","4/5/20","2","4","48427","200"
"Swisher","0","1","Texas","4/5/20","1","0","48437","0"
"Tarrant","40","418","Texas","4/5/20","139","279","48439","200.72"
"Taylor","3","31","Texas","4/5/20","9","22","48441","244.44"
"Terry","0","4","Texas","4/5/20","4","0","48445","0"
"Titus","0","1","Texas","4/5/20","0","1","48449","1"
"Tom Green","2","21","Texas","4/5/20","5","16","48451","320"
"Travis","41","484","Texas","4/5/20","200","284","48453","142"
"Trinity","0","2","Texas","4/5/20","0","2","48455","1"
"Tyler","0","2","Texas","4/5/20","0","2","48457","1"
"Upshur","0","3","Texas","4/5/20","0","3","48459","1"
"Uvalde","0","4","Texas","4/5/20","1","3","48463","300"
"Val Verde","0","5","Texas","4/5/20","5","0","48465","0"
"Van Zandt","0","4","Texas","4/5/20","1","3","48467","300"
"Victoria","4","32","Texas","4/5/20","3","29","48469","966.67"
"Walker","1","10","Texas","4/5/20","3","7","48471","233.33"
"Waller","1","8","Texas","4/5/20","0","8","48473","1"
"Washington","2","17","Texas","4/5/20","6","11","48477","183.33"
"Webb","10","98","Texas","4/5/20","30","68","48479","226.67"
"Wharton","1","9","Texas","4/5/20","3","6","48481","200"
"Wichita","3","46","Texas","4/5/20","23","23","48485","100"
"Willacy","1","5","Texas","4/5/20","1","4","48489","400"
"Williamson","6","77","Texas","4/5/20","37","40","48491","108.11"
"Wilson","1","6","Texas","4/5/20","2","4","48493","200"
"Wise","0","3","Texas","4/5/20","0","3","48497","1"
"Wood","0","2","Texas","4/5/20","0","2","48499","1"
"Young","0","3","Texas","4/5/20","1","2","48503","200"
"Bear River","1","10","Utah","4/5/20","5","5","00000","100"
"Beaver","0","0","Utah","4/5/20","1","-1","49001","-100"
"Cache","2","19","Utah","4/5/20","5","14","49005","280"
"Carbon","0","1","Utah","4/5/20","0","1","49007","1"
"Davis","10","142","Utah","4/5/20","69","73","49011","105.8"
"Duchesne","0","1","Utah","4/5/20","0","1","49013","1"
"Emery","0","1","Utah","4/5/20","0","1","49015","1"
"Garfield","0","1","Utah","4/5/20","1","0","49017","0"
"Grand","0","1","Utah","4/5/20","4","-3","49019","-75"
"Iron","1","12","Utah","4/5/20","2","10","49021","500"
"Kane","0","1","Utah","4/5/20","0","1","49025","1"
"Out of UT","-2","0","Utah","4/5/20","14","-14","80049","-100"
"Salt Lake","60","741","Utah","4/5/20","321","420","49035","130.84"
"San Juan","0","5","Utah","4/5/20","4","1","49037","25"
"Summit","15","256","Utah","4/5/20","151","105","49043","69.54"
"Tooele","1","19","Utah","4/5/20","9","10","49045","111.11"
"Uintah","0","1","Utah","4/5/20","0","1","49047","1"
"Utah","24","216","Utah","4/5/20","50","166","49049","332"
"Wasatch","6","78","Utah","4/5/20","39","39","49051","100"
"Washington","3","27","Utah","4/5/20","8","19","49053","237.5"
"Weber-Morgan","4","67","Utah","4/5/20","37","30","00000","81.08"
"Addison","3","40","Vermont","4/5/20","17","23","50001","135.29"
"Bennington","1","24","Vermont","4/5/20","16","8","50003","50"
"Caledonia","1","6","Vermont","4/5/20","2","4","50005","200"
"Chittenden","22","271","Vermont","4/5/20","117","154","50007","131.62"
"Franklin","3","27","Vermont","4/5/20","9","18","50011","200"
"Lamoille","1","17","Vermont","4/5/20","12","5","50015","41.67"
"Orange","0","4","Vermont","4/5/20","3","1","50017","33.33"
"Orleans","0","8","Vermont","4/5/20","5","3","50019","60"
"Rutland","3","27","Vermont","4/5/20","6","21","50021","350"
"Washington","1","22","Vermont","4/5/20","12","10","50023","83.33"
"Windham","3","31","Vermont","4/5/20","11","20","50025","181.82"
"Windsor","1","22","Vermont","4/5/20","18","4","50027","22.22"
"","3","42","Virgin Islands","4/5/20","23","19",,"82.61"
"Accomack","1","11","Virginia","4/5/20","3","8","51001","266.67"
"Albemarle","2","32","Virginia","4/5/20","17","15","51003","88.24"
"Alexandria","7","74","Virginia","4/5/20","25","49","51510","196"
"Alleghany","0","2","Virginia","4/5/20","0","2","51005","1"
"Amelia","1","6","Virginia","4/5/20","1","5","51007","500"
"Amherst","1","6","Virginia","4/5/20","2","4","51009","200"
"Arlington","14","181","Virginia","4/5/20","84","97","51013","115.48"
"Augusta","1","8","Virginia","4/5/20","0","8","51015","1"
"Bedford","0","4","Virginia","4/5/20","3","1","51019","33.33"
"Botetourt","2","15","Virginia","4/5/20","2","13","51023","650"
"Bristol","0","1","Virginia","4/5/20","1","0","51520","0"
"Brunswick","0","1","Virginia","4/5/20","0","1","51025","1"
"Buckingham","1","4","Virginia","4/5/20","0","4","51029","1"
"Buena Vista","1","4","Virginia","4/5/20","0","4","51530","1"
"Campbell","0","2","Virginia","4/5/20","0","2","51031","1"
"Caroline","0","1","Virginia","4/5/20","0","1","51033","1"
"Carroll","0","1","Virginia","4/5/20","0","1","51035","1"
"Charles City","0","4","Virginia","4/5/20","1","3","51036","300"
"Charlotte","0","1","Virginia","4/5/20","0","1","51037","1"
"Charlottesville","2","23","Virginia","4/5/20","12","11","51540","91.67"
"Chesapeake","8","72","Virginia","4/5/20","17","55","51550","323.53"
"Chesterfield","14","108","Virginia","4/5/20","12","96","51041","800"
"Clarke","0","2","Virginia","4/5/20","0","2","51043","1"
"Covington","0","1","Virginia","4/5/20","0","1","51580","1"
"Culpeper","1","8","Virginia","4/5/20","2","6","51047","300"
"Cumberland","0","2","Virginia","4/5/20","0","2","51049","1"
"Danville","1","12","Virginia","4/5/20","5","7","51590","140"
"Emporia","0","2","Virginia","4/5/20","0","2","51595","1"
"Fairfax","34","426","Virginia","4/5/20","188","238","51059","126.6"
"Fauquier","1","10","Virginia","4/5/20","6","4","51061","66.67"
"Fluvanna","1","7","Virginia","4/5/20","3","4","51065","133.33"
"Franklin","1","10","Virginia","4/5/20","5","5","51067","100"
"Franklin City","1","4","Virginia","4/5/20","0","4","51620","1"
"Frederick","3","27","Virginia","4/5/20","8","19","51069","237.5"
"Fredericksburg","1","7","Virginia","4/5/20","1","6","51630","600"
"Galax","0","1","Virginia","4/5/20","1","0","51640","0"
"Gloucester","1","10","Virginia","4/5/20","6","4","51073","66.67"
"Goochland","1","15","Virginia","4/5/20","6","9","51075","150"
"Greene","0","3","Virginia","4/5/20","1","2","51079","200"
"Greensville","0","4","Virginia","4/5/20","1","3","51081","300"
"Halifax","0","2","Virginia","4/5/20","1","1","51083","100"
"Hampton","5","40","Virginia","4/5/20","7","33","51650","471.43"
"Hanover","1","12","Virginia","4/5/20","4","8","51085","200"
"Harrisonburg","3","25","Virginia","4/5/20","5","20","51660","400"
"Henrico","22","194","Virginia","4/5/20","40","154","51087","385"
"Henry","0","3","Virginia","4/5/20","0","3","51089","1"
"Hopewell","1","10","Virginia","4/5/20","1","9","51670","900"
"Isle of Wight","2","18","Virginia","4/5/20","3","15","51093","500"
"James City","7","117","Virginia","4/5/20","70","47","51095","67.14"
"King and Queen","0","1","Virginia","4/5/20","0","1","51097","1"
"King George","1","8","Virginia","4/5/20","2","6","51099","300"
"King William","0","2","Virginia","4/5/20","0","2","51101","1"
"Lancaster","0","1","Virginia","4/5/20","1","0","51103","0"
"Lee","0","2","Virginia","4/5/20","2","0","51105","0"
"Lexington","0","3","Virginia","4/5/20","0","3","51678","1"
"Loudoun","15","167","Virginia","4/5/20","61","106","51107","173.77"
"Louisa","1","14","Virginia","4/5/20","6","8","51109","133.33"
"Lynchburg","1","10","Virginia","4/5/20","3","7","51680","233.33"
"Madison","0","3","Virginia","4/5/20","3","0","51113","0"
"Manassas","1","14","Virginia","4/5/20","5","9","51683","180"
"Manassas Park","0","2","Virginia","4/5/20","1","1","51685","100"
"Mathews","0","2","Virginia","4/5/20","4","-2","51115","-50"
"Mecklenburg","1","12","Virginia","4/5/20","4","8","51117","200"
"Montgomery","1","6","Virginia","4/5/20","1","5","51121","500"
"Nelson","0","2","Virginia","4/5/20","2","0","51125","0"
"New Kent","1","9","Virginia","4/5/20","1","8","51127","800"
"Newport News","5","51","Virginia","4/5/20","17","34","51700","200"
"Norfolk","6","59","Virginia","4/5/20","14","45","51710","321.43"
"Northampton","0","2","Virginia","4/5/20","1","1","51131","100"
"Northumberland","0","3","Virginia","4/5/20","2","1","51133","50"
"Nottoway","0","1","Virginia","4/5/20","1","0","51135","0"
"Orange","1","5","Virginia","4/5/20","1","4","51137","400"
"Page","0","2","Virginia","4/5/20","0","2","51139","1"
"Petersburg","1","10","Virginia","4/5/20","0","10","51730","1"
"Pittsylvania","0","2","Virginia","4/5/20","1","1","51143","100"
"Poquoson","0","3","Virginia","4/5/20","2","1","51735","50"
"Portsmouth","3","26","Virginia","4/5/20","4","22","51740","550"
"Powhatan","0","4","Virginia","4/5/20","1","3","51145","300"
"Prince Edward","0","3","Virginia","4/5/20","2","1","51147","50"
"Prince George","2","18","Virginia","4/5/20","4","14","51149","350"
"Prince William","15","175","Virginia","4/5/20","72","103","51153","143.06"
"Pulaski","0","1","Virginia","4/5/20","0","1","51155","1"
"Radford","0","1","Virginia","4/5/20","1","0","51750","0"
"Richmond","0","1","Virginia","4/5/20","0","1","51159","1"
"Richmond City","11","99","Virginia","4/5/20","25","74","51760","296"
"Roanoke","0","5","Virginia","4/5/20","2","3","51161","150"
"Roanoke City","1","10","Virginia","4/5/20","2","8","51770","400"
"Rockbridge","0","3","Virginia","4/5/20","2","1","51163","50"
"Rockingham","2","16","Virginia","4/5/20","4","12","51165","300"
"Salem","0","1","Virginia","4/5/20","0","1","51775","1"
"Shenandoah","1","12","Virginia","4/5/20","4","8","51171","200"
"Smyth","0","2","Virginia","4/5/20","0","2","51173","1"
"Southampton","1","5","Virginia","4/5/20","1","4","51175","400"
"Spotsylvania","3","24","Virginia","4/5/20","3","21","51177","700"
"Stafford","4","41","Virginia","4/5/20","11","30","51179","272.73"
"Staunton","0","1","Virginia","4/5/20","0","1","51790","1"
"Suffolk","3","22","Virginia","4/5/20","1","21","51800","2100"
"Surry","0","3","Virginia","4/5/20","0","3","51181","1"
"Sussex","1","4","Virginia","4/5/20","0","4","51183","1"
"Tazewell","0","2","Virginia","4/5/20","1","1","51185","100"
"Virginia Beach","17","170","Virginia","4/5/20","49","121","51810","246.94"
"Warren","0","4","Virginia","4/5/20","2","2","51187","100"
"Washington","0","5","Virginia","4/5/20","2","3","51191","150"
"Waynesboro","0","2","Virginia","4/5/20","0","2","51820","1"
"Westmoreland","0","2","Virginia","4/5/20","0","2","51193","1"
"Williamsburg","1","12","Virginia","4/5/20","7","5","51830","71.43"
"Winchester","1","11","Virginia","4/5/20","1","10","51840","1000"
"Wise","0","1","Virginia","4/5/20","0","1","51195","1"
"Wythe","0","2","Virginia","4/5/20","1","1","51197","100"
"York","2","20","Virginia","4/5/20","9","11","51199","122.22"
"Adams","3","23","Washington","4/5/20","5","18","53001","360"
"Asotin","0","2","Washington","4/5/20","0","2","53003","1"
"Benton","15","164","Washington","4/5/20","56","108","53005","192.86"
"Chelan","2","29","Washington","4/5/20","13","16","53007","123.08"
"Clallam","0","8","Washington","4/5/20","5","3","53009","60"
"Clark","7","137","Washington","4/5/20","90","47","53011","52.22"
"Columbia","0","1","Washington","4/5/20","1","0","53013","0"
"Cowlitz","1","18","Washington","4/5/20","10","8","53015","80"
"Douglas","1","10","Washington","4/5/20","5","5","53017","100"
"Ferry","0","1","Washington","4/5/20","1","0","53019","0"
"Franklin","6","56","Washington","4/5/20","16","40","53021","250"
"Grant","4","80","Washington","4/5/20","50","30","53025","60"
"Grays Harbor","1","6","Washington","4/5/20","1","5","53027","500"
"Island","5","130","Washington","4/5/20","93","37","53029","39.78"
"Jefferson","1","20","Washington","4/5/20","13","7","53031","53.85"
"King","144","3167","Washington","4/5/20","2159","1008","53033","46.69"
"Kitsap","8","104","Washington","4/5/20","50","54","53035","108"
"Kittitas","0","10","Washington","4/5/20","8","2","53037","25"
"Klickitat","1","11","Washington","4/5/20","7","4","53039","57.14"
"Lewis","1","13","Washington","4/5/20","7","6","53041","85.71"
"Lincoln","0","1","Washington","4/5/20","1","0","53043","0"
"Mason","2","14","Washington","4/5/20","2","12","53045","600"
"Okanogan","1","7","Washington","4/5/20","3","4","53047","133.33"
"Pend Oreille","0","1","Washington","4/5/20","0","1","53051","1"
"Pierce","53","688","Washington","4/5/20","317","371","53053","117.03"
"San Juan","0","7","Washington","4/5/20","4","3","53055","75"
"Skagit","9","161","Washington","4/5/20","99","62","53057","62.63"
"Skamania","0","2","Washington","4/5/20","1","1","53059","100"
"Snohomish","92","1559","Washington","4/5/20","912","647","53061","70.94"
"Spokane","16","219","Washington","4/5/20","108","111","53063","102.78"
"Stevens","0","5","Washington","4/5/20","3","2","53065","66.67"
"Thurston","5","67","Washington","4/5/20","33","34","53067","103.03"
"Wahkiakum","0","1","Washington","4/5/20","0","1","53069","1"
"Walla Walla","1","9","Washington","4/5/20","5","4","53071","80"
"Whatcom","15","224","Washington","4/5/20","116","108","53073","93.1"
"Whitman","1","11","Washington","4/5/20","6","5","53075","83.33"
"Yakima","27","326","Washington","4/5/20","140","186","53077","132.86"
"Barbour","0","2","West Virginia","4/5/20","0","2","54001","1"
"Berkeley","6","54","West Virginia","4/5/20","10","44","54003","440"
"Cabell","1","5","West Virginia","4/5/20","0","5","54011","1"
"Greenbrier","0","3","West Virginia","4/5/20","2","1","54025","50"
"Hancock","0","6","West Virginia","4/5/20","3","3","54029","100"
"Hardy","0","2","West Virginia","4/5/20","0","2","54031","1"
"Harrison","3","24","West Virginia","4/5/20","5","19","54033","380"
"Jackson","1","14","West Virginia","4/5/20","7","7","54035","100"
"Jefferson","2","21","West Virginia","4/5/20","4","17","54037","425"
"Kanawha","5","51","West Virginia","4/5/20","19","32","54039","168.42"
"Logan","1","5","West Virginia","4/5/20","1","4","54045","400"
"Marion","1","14","West Virginia","4/5/20","5","9","54049","180"
"Marshall","0","5","West Virginia","4/5/20","4","1","54051","25"
"Mason","0","4","West Virginia","4/5/20","3","1","54053","33.33"
"Mercer","0","3","West Virginia","4/5/20","2","1","54055","50"
"Mineral","0","2","West Virginia","4/5/20","0","2","54057","1"
"Monongalia","3","49","West Virginia","4/5/20","29","20","54061","68.97"
"Morgan","0","3","West Virginia","4/5/20","0","3","54065","1"
"Ohio","2","18","West Virginia","4/5/20","6","12","54069","200"
"Pendleton","0","1","West Virginia","4/5/20","0","1","54071","1"
"Pleasants","0","1","West Virginia","4/5/20","1","0","54073","0"
"Preston","1","5","West Virginia","4/5/20","1","4","54077","400"
"Putnam","0","6","West Virginia","4/5/20","3","3","54079","100"
"Raleigh","0","4","West Virginia","4/5/20","3","1","54081","33.33"
"Randolph","0","3","West Virginia","4/5/20","0","3","54083","1"
"Roane","0","2","West Virginia","4/5/20","0","2","54087","1"
"Tucker","0","3","West Virginia","4/5/20","2","1","54093","50"
"Upshur","0","1","West Virginia","4/5/20","1","0","54097","0"
"Wetzel","0","2","West Virginia","4/5/20","0","2","54103","1"
"Wirt","0","1","West Virginia","4/5/20","0","1","54105","1"
"Wood","1","10","West Virginia","4/5/20","2","8","54107","400"
"Adams","0","1","Wisconsin","4/5/20","0","1","55001","1"
"Ashland","0","1","Wisconsin","4/5/20","0","1","55003","1"
"Barron","1","4","Wisconsin","4/5/20","0","4","55005","1"
"Bayfield","0","3","Wisconsin","4/5/20","2","1","55007","50"
"Brown","3","29","Wisconsin","4/5/20","6","23","55009","383.33"
"Buffalo","0","2","Wisconsin","4/5/20","0","2","55011","1"
"Calumet","0","4","Wisconsin","4/5/20","1","3","55015","300"
"Chippewa","2","16","Wisconsin","4/5/20","4","12","55017","300"
"Clark","0","6","Wisconsin","4/5/20","3","3","55019","100"
"Columbia","1","19","Wisconsin","4/5/20","9","10","55021","111.11"
"Crawford","0","2","Wisconsin","4/5/20","0","2","55023","1"
"Dane","14","280","Wisconsin","4/5/20","183","97","55025","53.01"
"Dodge","1","14","Wisconsin","4/5/20","8","6","55027","75"
"Door","1","4","Wisconsin","4/5/20","0","4","55029","1"
"Douglas","0","7","Wisconsin","4/5/20","6","1","55031","16.67"
"Dunn","0","5","Wisconsin","4/5/20","3","2","55033","66.67"
"Eau Claire","2","21","Wisconsin","4/5/20","10","11","55035","110"
"Florence","0","1","Wisconsin","4/5/20","0","1","55037","1"
"Fond du Lac","3","43","Wisconsin","4/5/20","20","23","55039","115"
"Grant","0","2","Wisconsin","4/5/20","1","1","55043","100"
"Green","1","9","Wisconsin","4/5/20","4","5","55045","125"
"Iowa","0","3","Wisconsin","4/5/20","3","0","55049","0"
"Iron","0","1","Wisconsin","4/5/20","1","0","55051","0"
"Jackson","0","3","Wisconsin","4/5/20","0","3","55053","1"
"Jefferson","1","14","Wisconsin","4/5/20","8","6","55055","75"
"Juneau","0","5","Wisconsin","4/5/20","3","2","55057","66.67"
"Kenosha","10","98","Wisconsin","4/5/20","29","69","55059","237.93"
"La Crosse","1","21","Wisconsin","4/5/20","15","6","55063","40"
"Manitowoc","0","3","Wisconsin","4/5/20","0","3","55071","1"
"Marathon","2","12","Wisconsin","4/5/20","1","11","55073","1100"
"Marinette","0","2","Wisconsin","4/5/20","1","1","55075","100"
"Marquette","0","2","Wisconsin","4/5/20","0","2","55077","1"
"Menominee","0","1","Wisconsin","4/5/20","0","1","55078","1"
"Milwaukee","83","1190","Wisconsin","4/5/20","606","584","55079","96.37"
"Monroe","1","6","Wisconsin","4/5/20","1","5","55081","500"
"Oconto","0","1","Wisconsin","4/5/20","0","1","55083","1"
"Oneida","0","3","Wisconsin","4/5/20","1","2","55085","200"
"Outagamie","2","21","Wisconsin","4/5/20","6","15","55087","250"
"Ozaukee","3","56","Wisconsin","4/5/20","34","22","55089","64.71"
"Pierce","0","7","Wisconsin","4/5/20","4","3","55093","75"
"Portage","0","3","Wisconsin","4/5/20","1","2","55097","200"
"Racine","5","54","Wisconsin","4/5/20","17","37","55101","217.65"
"Richland","0","3","Wisconsin","4/5/20","2","1","55103","50"
"Rock","2","28","Wisconsin","4/5/20","14","14","55105","100"
"Rusk","0","3","Wisconsin","4/5/20","0","3","55107","1"
"Sauk","1","18","Wisconsin","4/5/20","12","6","55111","50"
"Shawano","0","1","Wisconsin","4/5/20","0","1","55115","1"
"Sheboygan","2","21","Wisconsin","4/5/20","8","13","55117","162.5"
"St. Croix","0","7","Wisconsin","4/5/20","4","3","55109","75"
"Trempealeau","0","1","Wisconsin","4/5/20","0","1","55121","1"
"Vilas","0","4","Wisconsin","4/5/20","2","2","55125","100"
"Walworth","2","20","Wisconsin","4/5/20","6","14","55127","233.33"
"Washington","4","57","Wisconsin","4/5/20","31","26","55131","83.87"
"Waukesha","10","154","Wisconsin","4/5/20","83","71","55133","85.54"
"Waupaca","0","2","Wisconsin","4/5/20","1","1","55135","100"
"Winnebago","2","20","Wisconsin","4/5/20","8","12","55139","150"
"Wood","0","2","Wisconsin","4/5/20","2","0","55141","0"
"Albany","0","4","Wyoming","4/5/20","1","3","56001","300"
"Campbell","1","7","Wyoming","4/5/20","1","6","56005","600"
"Carbon","0","4","Wyoming","4/5/20","3","1","56007","33.33"
"Converse","0","3","Wyoming","4/5/20","1","2","56009","200"
"Fremont","2","37","Wyoming","4/5/20","23","14","56013","60.87"
"Goshen","0","2","Wyoming","4/5/20","1","1","56015","100"
"Johnson","0","8","Wyoming","4/5/20","5","3","56019","60"
"Laramie","3","43","Wyoming","4/5/20","19","24","56021","126.32"
"Lincoln","0","2","Wyoming","4/5/20","0","2","56023","1"
"Natrona","2","23","Wyoming","4/5/20","8","15","56025","187.5"
"Park","0","1","Wyoming","4/5/20","1","0","56029","0"
"Sheridan","1","12","Wyoming","4/5/20","6","6","56033","100"
"Sublette","0","1","Wyoming","4/5/20","1","0","56035","0"
"Sweetwater","1","5","Wyoming","4/5/20","1","4","56037","400"
"Teton","4","39","Wyoming","4/5/20","14","25","56039","178.57"
"Uinta","0","2","Wyoming","4/5/20","0","2","56041","1"
"Washakie","0","4","Wyoming","4/5/20","1","3","56043","300"
