"Locality","DailyAvgNewCasesPast7Days","TotalCases","State","Date","TotalCases7DaysAgo","NewCasesPast7Days","FIPS-Code","PercentIncreaseTotalCasesPast7Days"
"Autauga","1","10","Alabama","4/2/20","6","4","01001","66.67"
"Baldwin","3","24","Alabama","4/2/20","5","19","01003","380"
"Bibb","1","4","Alabama","4/2/20","0","4","01007","1"
"Blount","1","6","Alabama","4/2/20","2","4","01009","200"
"Bullock","0","2","Alabama","4/2/20","2","0","01011","0"
"Butler","0","1","Alabama","4/2/20","1","0","01013","0"
"Calhoun","1","12","Alabama","4/2/20","2","10","01015","500"
"Chambers","8","67","Alabama","4/2/20","13","54","01017","415.38"
"Cherokee","0","4","Alabama","4/2/20","1","3","01019","300"
"Chilton","1","14","Alabama","4/2/20","4","10","01021","250"
"Choctaw","0","4","Alabama","4/2/20","1","3","01023","300"
"Clarke","0","2","Alabama","4/2/20","0","2","01025","1"
"Clay","1","6","Alabama","4/2/20","1","5","01027","500"
"Cleburne","1","6","Alabama","4/2/20","1","5","01029","500"
"Coffee","0","1","Alabama","4/2/20","1","0","01031","0"
"Colbert","1","5","Alabama","4/2/20","1","4","01033","400"
"Conecuh","0","1","Alabama","4/2/20","0","1","01035","1"
"Coosa","0","5","Alabama","4/2/20","2","3","01037","150"
"Covington","0","3","Alabama","4/2/20","0","3","01039","1"
"Crenshaw","0","1","Alabama","4/2/20","0","1","01041","1"
"Cullman","0","9","Alabama","4/2/20","6","3","01043","50"
"Dale","0","1","Alabama","4/2/20","0","1","01045","1"
"Dallas","0","4","Alabama","4/2/20","2","2","01047","100"
"DeKalb","1","8","Alabama","4/2/20","1","7","01049","700"
"Elmore","1","17","Alabama","4/2/20","10","7","01051","70"
"Escambia","0","2","Alabama","4/2/20","0","2","01053","1"
"Etowah","1","13","Alabama","4/2/20","4","9","01055","225"
"Fayette","0","1","Alabama","4/2/20","0","1","01057","1"
"Franklin","0","4","Alabama","4/2/20","3","1","01059","33.33"
"Greene","1","4","Alabama","4/2/20","0","4","01063","1"
"Hale","0","1","Alabama","4/2/20","0","1","01065","1"
"Houston","1","9","Alabama","4/2/20","3","6","01069","200"
"Jackson","1","9","Alabama","4/2/20","4","5","01071","125"
"Jefferson","22","314","Alabama","4/2/20","159","155","01073","97.48"
"Lamar","0","1","Alabama","4/2/20","1","0","01075","0"
"Lauderdale","1","14","Alabama","4/2/20","9","5","01077","55.56"
"Lawrence","0","3","Alabama","4/2/20","3","0","01079","0"
"Lee","6","91","Alabama","4/2/20","47","44","01081","93.62"
"Limestone","2","25","Alabama","4/2/20","13","12","01083","92.31"
"Lowndes","0","2","Alabama","4/2/20","1","1","01085","100"
"Macon","0","3","Alabama","4/2/20","0","3","01087","1"
"Madison","10","114","Alabama","4/2/20","43","71","01089","165.12"
"Marengo","1","5","Alabama","4/2/20","1","4","01091","400"
"Marion","1","11","Alabama","4/2/20","7","4","01093","57.14"
"Marshall","0","6","Alabama","4/2/20","3","3","01095","100"
"Mobile","7","67","Alabama","4/2/20","18","49","01097","272.22"
"Monroe","0","3","Alabama","4/2/20","0","3","01099","1"
"Montgomery","4","45","Alabama","4/2/20","17","28","01101","164.71"
"Morgan","2","21","Alabama","4/2/20","9","12","01103","133.33"
"Pickens","1","9","Alabama","4/2/20","1","8","01107","800"
"Pike","1","7","Alabama","4/2/20","2","5","01109","250"
"Randolph","1","6","Alabama","4/2/20","0","6","01111","1"
"Russell","0","2","Alabama","4/2/20","1","1","01113","100"
"Shelby","7","98","Alabama","4/2/20","52","46","01117","88.46"
"St. Clair","2","19","Alabama","4/2/20","6","13","01115","216.67"
"Sumter","1","4","Alabama","4/2/20","0","4","01119","1"
"Talladega","1","8","Alabama","4/2/20","4","4","01121","100"
"Tallapoosa","2","17","Alabama","4/2/20","4","13","01123","325"
"Tuscaloosa","2","34","Alabama","4/2/20","19","15","01125","78.95"
"Walker","2","34","Alabama","4/2/20","17","17","01127","100"
"Washington","0","3","Alabama","4/2/20","2","1","01129","50"
"Wilcox","0","5","Alabama","4/2/20","2","3","01131","150"
"Winston","0","2","Alabama","4/2/20","0","2","01133","1"
"Anchorage","6","67","Alaska","4/2/20","28","39","02020","139.29"
"Fairbanks North Star","4","40","Alaska","4/2/20","11","29","02090","263.64"
"Juneau","1","10","Alaska","4/2/20","2","8","02110","400"
"Kenai Peninsula","1","8","Alaska","4/2/20","4","4","02122","100"
"Ketchikan Gateway","0","14","Alaska","4/2/20","11","3","02130","27.27"
"Matanuska-Susitna","1","4","Alaska","4/2/20","0","4","02170","1"
"Apache","1","17","Arizona","4/2/20","9","8","04001","88.89"
"Cochise","0","4","Arizona","4/2/20","2","2","04003","100"
"Coconino","12","114","Arizona","4/2/20","28","86","04005","307.14"
"Gila","0","2","Arizona","4/2/20","0","2","04007","1"
"Graham","0","2","Arizona","4/2/20","2","0","04009","0"
"Greenlee","0","1","Arizona","4/2/20","0","1","04011","1"
"La Paz","0","2","Arizona","4/2/20","2","0","04012","0"
"Maricopa","95","961","Arizona","4/2/20","299","662","04013","221.4"
"Mohave","1","8","Arizona","4/2/20","2","6","04015","300"
"Navajo","12","129","Arizona","4/2/20","43","86","04017","200"
"Pima","23","237","Arizona","4/2/20","75","162","04019","216"
"Pinal","5","69","Arizona","4/2/20","35","34","04021","97.14"
"Santa Cruz","0","3","Arizona","4/2/20","2","1","04023","50"
"Yavapai","4","34","Arizona","4/2/20","5","29","04025","580"
"Yuma","1","13","Arizona","4/2/20","4","9","04027","225"
"Arkansas","0","1","Arkansas","4/2/20","0","1","05001","1"
"Ashley","0","1","Arkansas","4/2/20","0","1","05003","1"
"Baxter","0","1","Arkansas","4/2/20","0","1","05005","1"
"Benton","3","40","Arkansas","4/2/20","18","22","05007","122.22"
"Boone","0","1","Arkansas","4/2/20","1","0","05009","0"
"Bradley","0","4","Arkansas","4/2/20","4","0","05011","0"
"Carroll","0","1","Arkansas","4/2/20","0","1","05015","1"
"Chicot","0","2","Arkansas","4/2/20","0","2","05017","1"
"Clark","2","26","Arkansas","4/2/20","15","11","05019","73.33"
"Cleburne","2","63","Arkansas","4/2/20","47","16","05023","34.04"
"Cleveland","0","5","Arkansas","4/2/20","3","2","05025","66.67"
"Columbia","0","1","Arkansas","4/2/20","1","0","05027","0"
"Conway","0","1","Arkansas","4/2/20","1","0","05029","0"
"Craighead","1","12","Arkansas","4/2/20","4","8","05031","200"
"Crawford","0","1","Arkansas","4/2/20","1","0","05033","0"
"Crittenden","4","32","Arkansas","4/2/20","7","25","05035","357.14"
"Cross","0","1","Arkansas","4/2/20","1","0","05037","0"
"Desha","0","2","Arkansas","4/2/20","2","0","05041","0"
"Drew","0","1","Arkansas","4/2/20","1","0","05043","0"
"Faulkner","2","37","Arkansas","4/2/20","24","13","05045","54.17"
"Garland","3","37","Arkansas","4/2/20","18","19","05051","105.56"
"Grant","0","3","Arkansas","4/2/20","3","0","05053","0"
"Greene","0","1","Arkansas","4/2/20","1","0","05055","0"
"Hempstead","0","1","Arkansas","4/2/20","1","0","05057","0"
"Hot Spring","1","5","Arkansas","4/2/20","1","4","05059","400"
"Howard","0","1","Arkansas","4/2/20","0","1","05061","1"
"Independence","0","3","Arkansas","4/2/20","3","0","05063","0"
"Jefferson","4","49","Arkansas","4/2/20","23","26","05069","113.04"
"Johnson","1","6","Arkansas","4/2/20","0","6","05071","1"
"Lawrence","0","1","Arkansas","4/2/20","1","0","05075","0"
"Lee","0","1","Arkansas","4/2/20","0","1","05077","1"
"Lincoln","0","6","Arkansas","4/2/20","5","1","05079","20"
"Lonoke","1","7","Arkansas","4/2/20","1","6","05085","600"
"Miller","1","7","Arkansas","4/2/20","0","7","05091","1"
"Nevada","0","1","Arkansas","4/2/20","0","1","05099","1"
"Newton","0","1","Arkansas","4/2/20","0","1","05101","1"
"Perry","0","1","Arkansas","4/2/20","0","1","05105","1"
"Pike","0","1","Arkansas","4/2/20","1","0","05109","0"
"Poinsett","0","5","Arkansas","4/2/20","3","2","05111","66.67"
"Polk","1","5","Arkansas","4/2/20","1","4","05113","400"
"Pope","1","6","Arkansas","4/2/20","1","5","05115","500"
"Pulaski","5","115","Arkansas","4/2/20","83","32","05119","38.55"
"Randolph","0","1","Arkansas","4/2/20","1","0","05121","0"
"Saline","2","16","Arkansas","4/2/20","4","12","05125","300"
"Scott","0","1","Arkansas","4/2/20","0","1","05127","1"
"Searcy","0","2","Arkansas","4/2/20","2","0","05129","0"
"Sebastian","1","8","Arkansas","4/2/20","2","6","05131","300"
"Sevier","0","1","Arkansas","4/2/20","1","0","05133","0"
"St. Francis","0","1","Arkansas","4/2/20","0","1","05123","1"
"Stone","1","5","Arkansas","4/2/20","1","4","05137","400"
"Union","1","10","Arkansas","4/2/20","1","9","05139","900"
"Van Buren","1","20","Arkansas","4/2/20","11","9","05141","81.82"
"Washington","2","23","Arkansas","4/2/20","10","13","05143","130"
"White","2","15","Arkansas","4/2/20","1","14","05145","1400"
"Woodruff","0","1","Arkansas","4/2/20","1","0","05147","0"
"Alameda","26","359","California","4/2/20","178","181","06001","101.69"
"Alpine","0","1","California","4/2/20","0","1","06003","1"
"Amador","0","3","California","4/2/20","2","1","06005","50"
"Butte","1","9","California","4/2/20","5","4","06007","80"
"Calaveras","0","3","California","4/2/20","3","0","06009","0"
"Colusa","0","1","California","4/2/20","0","1","06011","1"
"Contra Costa","17","250","California","4/2/20","131","119","06013","90.84"
"El Dorado","2","18","California","4/2/20","3","15","06017","500"
"Fresno","9","82","California","4/2/20","19","63","06019","331.58"
"Glenn","0","2","California","4/2/20","0","2","06021","1"
"Humboldt","3","28","California","4/2/20","10","18","06023","180"
"Imperial","5","43","California","4/2/20","9","34","06025","377.78"
"Inyo","1","9","California","4/2/20","2","7","06027","350"
"Kern","16","142","California","4/2/20","29","113","06029","389.66"
"Kings","1","5","California","4/2/20","0","5","06031","1"
"Los Angeles","402","4045","California","4/2/20","1229","2816","06037","229.13"
"Madera","3","25","California","4/2/20","7","18","06039","257.14"
"Marin","7","108","California","4/2/20","60","48","06041","80"
"Mendocino","0","4","California","4/2/20","2","2","06045","100"
"Merced","1","12","California","4/2/20","2","10","06047","500"
"Mono","2","18","California","4/2/20","4","14","06051","350"
"Monterey","3","48","California","4/2/20","24","24","06053","100"
"Napa","2","18","California","4/2/20","6","12","06055","200"
"Nevada","3","26","California","4/2/20","7","19","06057","271.43"
"Orange","57","656","California","4/2/20","256","400","06059","156.25"
"Placer","9","90","California","4/2/20","30","60","06061","200"
"Plumas","0","1","California","4/2/20","0","1","06063","1"
"Riverside","55","493","California","4/2/20","105","388","06065","369.52"
"Sacramento","29","314","California","4/2/20","113","201","06067","177.88"
"San Benito","2","23","California","4/2/20","9","14","06069","155.56"
"San Bernardino","29","254","California","4/2/20","54","200","06071","370.37"
"San Diego","79","849","California","4/2/20","293","556","06073","189.76"
"San Francisco","32","450","California","4/2/20","223","227","06075","101.79"
"San Joaquin","15","173","California","4/2/20","71","102","06077","143.66"
"San Luis Obispo","5","89","California","4/2/20","54","35","06079","64.81"
"San Mateo","37","453","California","4/2/20","195","258","06081","132.31"
"Santa Barbara","12","111","California","4/2/20","26","85","06083","326.92"
"Santa Clara","68","1019","California","4/2/20","542","477","06085","88.01"
"Santa Cruz","4","54","California","4/2/20","25","29","06087","116"
"Shasta","1","7","California","4/2/20","3","4","06089","133.33"
"Siskiyou","0","3","California","4/2/20","3","0","06093","0"
"Solano","3","54","California","4/2/20","31","23","06095","74.19"
"Sonoma","8","91","California","4/2/20","37","54","06097","145.95"
"Stanislaus","4","44","California","4/2/20","13","31","06099","238.46"
"Sutter","2","14","California","4/2/20","2","12","06101","600"
"Tulare","8","74","California","4/2/20","18","56","06107","311.11"
"Tuolumne","0","2","California","4/2/20","0","2","06109","1"
"Ventura","16","160","California","4/2/20","50","110","06111","220"
"Yolo","2","28","California","4/2/20","11","17","06113","154.55"
"Yuba","1","8","California","4/2/20","3","5","06115","166.67"
"Adams","30","260","Colorado","4/2/20","50","210","08001","420"
"Alamosa","1","4","Colorado","4/2/20","0","4","08003","1"
"Arapahoe","46","441","Colorado","4/2/20","119","322","08005","270.59"
"Archuleta","0","1","Colorado","4/2/20","0","1","08007","1"
"Baca","1","9","Colorado","4/2/20","0","9","08009","1"
"Boulder","9","132","Colorado","4/2/20","66","66","08013","100"
"Broomfield","3","30","Colorado","4/2/20","10","20","08014","200"
"Chaffee","2","18","Colorado","4/2/20","5","13","08015","260"
"Clear Creek","0","6","Colorado","4/2/20","3","3","08019","100"
"Costilla","0","3","Colorado","4/2/20","0","3","08023","1"
"Crowley","0","1","Colorado","4/2/20","1","0","08025","0"
"Custer","0","1","Colorado","4/2/20","0","1","08027","1"
"Delta","0","1","Colorado","4/2/20","1","0","08029","0"
"Denver","54","643","Colorado","4/2/20","262","381","08031","145.42"
"Douglas","15","171","Colorado","4/2/20","67","104","08035","155.22"
"Eagle","24","314","Colorado","4/2/20","147","167","08037","113.61"
"El Paso","29","340","Colorado","4/2/20","137","203","08041","148.18"
"Elbert","0","5","Colorado","4/2/20","3","2","08039","66.67"
"Fremont","0","2","Colorado","4/2/20","1","1","08043","100"
"Garfield","4","43","Colorado","4/2/20","16","27","08045","168.75"
"Grand","0","4","Colorado","4/2/20","2","2","08049","100"
"Gunnison","4","86","Colorado","4/2/20","57","29","08051","50.88"
"Hinsdale","0","1","Colorado","4/2/20","1","0","08053","0"
"Huerfano","0","1","Colorado","4/2/20","1","0","08055","0"
"Jefferson","36","385","Colorado","4/2/20","131","254","08059","193.89"
"Kit Carson","0","4","Colorado","4/2/20","1","3","08063","300"
"La Plata","3","24","Colorado","4/2/20","5","19","08067","380"
"Lake","0","2","Colorado","4/2/20","0","2","08065","1"
"Larimer","9","124","Colorado","4/2/20","61","63","08069","103.28"
"Lincoln","0","1","Colorado","4/2/20","0","1","08073","1"
"Logan","1","7","Colorado","4/2/20","2","5","08075","250"
"Mesa","2","17","Colorado","4/2/20","6","11","08077","183.33"
"Mineral","0","2","Colorado","4/2/20","0","2","08079","1"
"Moffat","1","4","Colorado","4/2/20","0","4","08081","1"
"Montezuma","0","3","Colorado","4/2/20","0","3","08083","1"
"Montrose","1","14","Colorado","4/2/20","4","10","08085","250"
"Morgan","1","7","Colorado","4/2/20","3","4","08087","133.33"
"Otero","0","3","Colorado","4/2/20","1","2","08089","200"
"Park","0","3","Colorado","4/2/20","1","2","08093","200"
"Phillips","0","2","Colorado","4/2/20","0","2","08095","1"
"Pitkin","2","36","Colorado","4/2/20","23","13","08097","56.52"
"Pueblo","3","26","Colorado","4/2/20","3","23","08101","766.67"
"Rio Grande","0","5","Colorado","4/2/20","2","3","08105","150"
"Routt","2","23","Colorado","4/2/20","9","14","08107","155.56"
"Saguache","0","3","Colorado","4/2/20","0","3","08109","1"
"San Miguel","1","7","Colorado","4/2/20","1","6","08113","600"
"Summit","2","26","Colorado","4/2/20","9","17","08117","188.89"
"Teller","0","7","Colorado","4/2/20","7","0","08119","0"
"Washington","0","1","Colorado","4/2/20","1","0","08121","0"
"Weld","32","329","Colorado","4/2/20","107","222","08123","207.48"
"Yuma","0","2","Colorado","4/2/20","2","0","08125","0"
"Fairfield","218","2132","Connecticut","4/2/20","607","1525","09001","251.24"
"Hartford","57","539","Connecticut","4/2/20","138","401","09003","290.58"
"Litchfield","14","141","Connecticut","4/2/20","44","97","09005","220.45"
"Middlesex","8","74","Connecticut","4/2/20","18","56","09007","311.11"
"New Haven","70","647","Connecticut","4/2/20","156","491","09009","314.74"
"New London","2","29","Connecticut","4/2/20","13","16","09011","123.08"
"Tolland","5","67","Connecticut","4/2/20","33","34","09013","103.03"
"Windham","3","21","Connecticut","4/2/20","3","18","09015","600"
"Kent","4","43","Delaware","4/2/20","17","26","10001","152.94"
"New Castle","23","245","Delaware","4/2/20","86","159","10003","184.88"
"Sussex","11","105","Delaware","4/2/20","27","78","10005","288.89"
"","0","49","Diamond Princess","4/2/20","49","0",,"0"
"District of Columbia","60","653","District of Columbia","4/2/20","231","422","11001","182.68"
"Alachua","7","95","Florida","4/2/20","49","46","12001","93.88"
"Baker","1","11","Florida","4/2/20","5","6","12003","120"
"Bay","2","15","Florida","4/2/20","3","12","12005","400"
"Bradford","1","5","Florida","4/2/20","1","4","12007","400"
"Brevard","5","49","Florida","4/2/20","13","36","12009","276.92"
"Broward","140","1481","Florida","4/2/20","504","977","12011","193.85"
"Calhoun","0","1","Florida","4/2/20","0","1","12013","1"
"Charlotte","5","38","Florida","4/2/20","3","35","12015","1166.67"
"Citrus","2","27","Florida","4/2/20","11","16","12017","145.45"
"Clay","6","58","Florida","4/2/20","19","39","12019","205.26"
"Collier","16","178","Florida","4/2/20","65","113","12021","173.85"
"Columbia","0","4","Florida","4/2/20","3","1","12023","33.33"
"DeSoto","0","8","Florida","4/2/20","5","3","12027","60"
"Duval","30","286","Florida","4/2/20","74","212","12031","286.49"
"Escambia","12","101","Florida","4/2/20","19","82","12033","431.58"
"Flagler","3","25","Florida","4/2/20","7","18","12035","257.14"
"Gadsden","0","2","Florida","4/2/20","1","1","12039","100"
"Glades","0","3","Florida","4/2/20","0","3","12043","1"
"Gulf","0","1","Florida","4/2/20","0","1","12045","1"
"Hardee","0","1","Florida","4/2/20","0","1","12049","1"
"Hendry","1","4","Florida","4/2/20","0","4","12051","1"
"Hernando","4","34","Florida","4/2/20","9","25","12053","277.78"
"Highlands","3","24","Florida","4/2/20","5","19","12055","380"
"Hillsborough","37","404","Florida","4/2/20","142","262","12057","184.51"
"Holmes","0","1","Florida","4/2/20","0","1","12059","1"
"Indian River","4","41","Florida","4/2/20","13","28","12061","215.38"
"Jackson","0","4","Florida","4/2/20","1","3","12063","300"
"Lake","8","82","Florida","4/2/20","25","57","12069","228"
"Lee","31","275","Florida","4/2/20","56","219","12071","391.07"
"Leon","4","35","Florida","4/2/20","9","26","12073","288.89"
"Levy","0","2","Florida","4/2/20","0","2","12075","1"
"Madison","0","2","Florida","4/2/20","0","2","12079","1"
"Manatee","9","89","Florida","4/2/20","26","63","12081","242.31"
"Marion","4","33","Florida","4/2/20","5","28","12083","560"
"Martin","4","34","Florida","4/2/20","8","26","12085","325"
"Miami-Dade","324","2886","Florida","4/2/20","616","2270","12086","368.51"
"Monroe","4","38","Florida","4/2/20","12","26","12087","216.67"
"Nassau","2","16","Florida","4/2/20","5","11","12089","220"
"Okaloosa","4","51","Florida","4/2/20","21","30","12091","142.86"
"Okeechobee","0","1","Florida","4/2/20","0","1","12093","1"
"Orange","62","541","Florida","4/2/20","110","431","12095","391.82"
"Osceola","18","170","Florida","4/2/20","42","128","12097","304.76"
"Palm Beach","81","737","Florida","4/2/20","169","568","12099","336.09"
"Pasco","7","66","Florida","4/2/20","19","47","12101","247.37"
"Pinellas","30","273","Florida","4/2/20","64","209","12103","326.56"
"Polk","12","103","Florida","4/2/20","17","86","12105","505.88"
"Putnam","0","14","Florida","4/2/20","12","2","12107","16.67"
"Santa Rosa","5","47","Florida","4/2/20","9","38","12113","422.22"
"Sarasota","11","110","Florida","4/2/20","34","76","12115","223.53"
"Seminole","15","145","Florida","4/2/20","37","108","12117","291.89"
"St. Johns","10","102","Florida","4/2/20","33","69","12109","209.09"
"St. Lucie","5","48","Florida","4/2/20","10","38","12111","380"
"Sumter","6","66","Florida","4/2/20","24","42","12119","175"
"Suwannee","1","7","Florida","4/2/20","0","7","12121","1"
"Union","0","1","Florida","4/2/20","0","1","12125","1"
"Volusia","10","102","Florida","4/2/20","29","73","12127","251.72"
"Wakulla","0","2","Florida","4/2/20","0","2","12129","1"
"Walton","1","19","Florida","4/2/20","13","6","12131","46.15"
"Washington","0","1","Florida","4/2/20","0","1","12133","1"
"Appling","0","3","Georgia","4/2/20","0","3","13001","1"
"Bacon","1","6","Georgia","4/2/20","0","6","13005","1"
"Baker","0","4","Georgia","4/2/20","1","3","13007","300"
"Baldwin","1","7","Georgia","4/2/20","2","5","13009","250"
"Banks","0","3","Georgia","4/2/20","0","3","13011","1"
"Barrow","2","20","Georgia","4/2/20","4","16","13013","400"
"Bartow","9","147","Georgia","4/2/20","86","61","13015","70.93"
"Ben Hill","0","3","Georgia","4/2/20","1","2","13017","200"
"Berrien","0","3","Georgia","4/2/20","0","3","13019","1"
"Bibb","2","24","Georgia","4/2/20","8","16","13021","200"
"Bleckley","0","1","Georgia","4/2/20","0","1","13023","1"
"Brooks","0","3","Georgia","4/2/20","0","3","13027","1"
"Bryan","1","10","Georgia","4/2/20","3","7","13029","233.33"
"Bulloch","0","3","Georgia","4/2/20","0","3","13031","1"
"Burke","1","8","Georgia","4/2/20","1","7","13033","700"
"Butts","1","9","Georgia","4/2/20","3","6","13035","200"
"Calhoun","1","10","Georgia","4/2/20","0","10","13037","1"
"Camden","1","6","Georgia","4/2/20","2","4","13039","200"
"Candler","0","1","Georgia","4/2/20","0","1","13043","1"
"Carroll","12","133","Georgia","4/2/20","50","83","13045","166"
"Catoosa","0","4","Georgia","4/2/20","1","3","13047","300"
"Charlton","0","1","Georgia","4/2/20","1","0","13049","0"
"Chatham","5","44","Georgia","4/2/20","9","35","13051","388.89"
"Chattahoochee","0","2","Georgia","4/2/20","0","2","13053","1"
"Chattooga","0","3","Georgia","4/2/20","1","2","13055","200"
"Cherokee","8","92","Georgia","4/2/20","38","54","13057","142.11"
"Clarke","4","54","Georgia","4/2/20","24","30","13059","125"
"Clay","1","5","Georgia","4/2/20","0","5","13061","1"
"Clayton","17","148","Georgia","4/2/20","32","116","13063","362.5"
"Clinch","0","2","Georgia","4/2/20","1","1","13065","100"
"Cobb","31","329","Georgia","4/2/20","115","214","13067","186.09"
"Coffee","1","9","Georgia","4/2/20","2","7","13069","350"
"Colquitt","3","23","Georgia","4/2/20","4","19","13071","475"
"Columbia","2","27","Georgia","4/2/20","10","17","13073","170"
"Cook","0","1","Georgia","4/2/20","0","1","13075","1"
"Coweta","5","44","Georgia","4/2/20","12","32","13077","266.67"
"Crisp","2","21","Georgia","4/2/20","4","17","13081","425"
"Dade","0","1","Georgia","4/2/20","0","1","13083","1"
"Dawson","1","11","Georgia","4/2/20","3","8","13085","266.67"
"Decatur","1","9","Georgia","4/2/20","2","7","13087","350"
"DeKalb","38","396","Georgia","4/2/20","129","267","13089","206.98"
"Dodge","0","3","Georgia","4/2/20","1","2","13091","200"
"Dooly","2","11","Georgia","4/2/20","0","11","13093","1"
"Dougherty","50","507","Georgia","4/2/20","156","351","13095","225"
"Douglas","6","60","Georgia","4/2/20","18","42","13097","233.33"
"Early","5","41","Georgia","4/2/20","7","34","13099","485.71"
"Effingham","0","6","Georgia","4/2/20","3","3","13103","100"
"Emanuel","0","1","Georgia","4/2/20","0","1","13107","1"
"Fannin","1","6","Georgia","4/2/20","1","5","13111","500"
"Fayette","5","52","Georgia","4/2/20","14","38","13113","271.43"
"Floyd","8","71","Georgia","4/2/20","16","55","13115","343.75"
"Forsyth","5","51","Georgia","4/2/20","15","36","13117","240"
"Franklin","1","5","Georgia","4/2/20","0","5","13119","1"
"Fulton","72","712","Georgia","4/2/20","211","501","13121","237.44"
"Gilmer","0","1","Georgia","4/2/20","0","1","13123","1"
"Glynn","2","20","Georgia","4/2/20","5","15","13127","300"
"Gordon","2","20","Georgia","4/2/20","9","11","13129","122.22"
"Grady","0","2","Georgia","4/2/20","0","2","13131","1"
"Greene","1","8","Georgia","4/2/20","1","7","13133","700"
"Gwinnett","30","282","Georgia","4/2/20","75","207","13135","276"
"Habersham","0","2","Georgia","4/2/20","0","2","13137","1"
"Hall","7","72","Georgia","4/2/20","21","51","13139","242.86"
"Haralson","1","6","Georgia","4/2/20","0","6","13143","1"
"Harris","1","5","Georgia","4/2/20","1","4","13145","400"
"Hart","0","3","Georgia","4/2/20","0","3","13147","1"
"Heard","0","2","Georgia","4/2/20","1","1","13149","100"
"Henry","12","108","Georgia","4/2/20","25","83","13151","332"
"Houston","5","47","Georgia","4/2/20","9","38","13153","422.22"
"Irwin","0","5","Georgia","4/2/20","2","3","13155","150"
"Jackson","1","11","Georgia","4/2/20","1","10","13157","1000"
"Jasper","0","2","Georgia","4/2/20","2","0","13159","0"
"Jefferson","0","2","Georgia","4/2/20","0","2","13163","1"
"Jenkins","0","1","Georgia","4/2/20","0","1","13165","1"
"Johnson","0","1","Georgia","4/2/20","0","1","13167","1"
"Jones","1","5","Georgia","4/2/20","1","4","13169","400"
"Lamar","1","7","Georgia","4/2/20","3","4","13171","133.33"
"Lanier","0","1","Georgia","4/2/20","0","1","13173","1"
"Laurens","1","14","Georgia","4/2/20","7","7","13175","100"
"Lee","10","100","Georgia","4/2/20","30","70","13177","233.33"
"Liberty","1","7","Georgia","4/2/20","1","6","13179","600"
"Lincoln","1","5","Georgia","4/2/20","1","4","13181","400"
"Long","0","1","Georgia","4/2/20","1","0","13183","0"
"Lowndes","2","25","Georgia","4/2/20","12","13","13185","108.33"
"Lumpkin","0","7","Georgia","4/2/20","4","3","13187","75"
"Macon","0","2","Georgia","4/2/20","1","1","13193","100"
"Madison","0","4","Georgia","4/2/20","2","2","13195","100"
"McDuffie","1","4","Georgia","4/2/20","0","4","13189","1"
"McIntosh","0","1","Georgia","4/2/20","0","1","13191","1"
"Meriwether","1","9","Georgia","4/2/20","1","8","13199","800"
"Miller","0","4","Georgia","4/2/20","2","2","13201","100"
"Mitchell","4","39","Georgia","4/2/20","10","29","13205","290"
"Monroe","0","6","Georgia","4/2/20","3","3","13207","100"
"Morgan","0","2","Georgia","4/2/20","1","1","13211","100"
"Murray","1","6","Georgia","4/2/20","0","6","13213","1"
"Muscogee","3","25","Georgia","4/2/20","5","20","13215","400"
"Newton","4","36","Georgia","4/2/20","10","26","13217","260"
"Oconee","2","18","Georgia","4/2/20","7","11","13219","157.14"
"Oglethorpe","0","1","Georgia","4/2/20","0","1","13221","1"
"Paulding","4","33","Georgia","4/2/20","7","26","13223","371.43"
"Peach","0","7","Georgia","4/2/20","5","2","13225","40"
"Pickens","1","8","Georgia","4/2/20","4","4","13227","100"
"Pierce","1","10","Georgia","4/2/20","1","9","13229","900"
"Pike","0","2","Georgia","4/2/20","0","2","13231","1"
"Polk","1","16","Georgia","4/2/20","10","6","13233","60"
"Pulaski","0","4","Georgia","4/2/20","1","3","13235","300"
"Putnam","0","2","Georgia","4/2/20","0","2","13237","1"
"Rabun","0","2","Georgia","4/2/20","0","2","13241","1"
"Randolph","0","4","Georgia","4/2/20","1","3","13243","300"
"Richmond","4","41","Georgia","4/2/20","10","31","13245","310"
"Rockdale","6","54","Georgia","4/2/20","12","42","13247","350"
"Schley","0","3","Georgia","4/2/20","0","3","13249","1"
"Screven","0","2","Georgia","4/2/20","0","2","13251","1"
"Seminole","1","6","Georgia","4/2/20","2","4","13253","200"
"Spalding","1","18","Georgia","4/2/20","11","7","13255","63.64"
"Stephens","1","5","Georgia","4/2/20","1","4","13257","400"
"Stewart","0","1","Georgia","4/2/20","0","1","13259","1"
"Sumter","6","45","Georgia","4/2/20","5","40","13261","800"
"Talbot","0","1","Georgia","4/2/20","0","1","13263","1"
"Tattnall","0","2","Georgia","4/2/20","2","0","13267","0"
"Taylor","0","2","Georgia","4/2/20","1","1","13269","100"
"Terrell","6","46","Georgia","4/2/20","5","41","13273","820"
"Thomas","2","15","Georgia","4/2/20","1","14","13275","1400"
"Tift","3","28","Georgia","4/2/20","5","23","13277","460"
"Toombs","0","4","Georgia","4/2/20","1","3","13279","300"
"Troup","1","20","Georgia","4/2/20","10","10","13285","100"
"Turner","0","5","Georgia","4/2/20","2","3","13287","150"
"Twiggs","0","2","Georgia","4/2/20","2","0","13289","0"
"Union","0","1","Georgia","4/2/20","0","1","13291","1"
"Upson","1","6","Georgia","4/2/20","0","6","13293","1"
"Walker","0","2","Georgia","4/2/20","0","2","13295","1"
"Walton","2","14","Georgia","4/2/20","0","14","13297","1"
"Ware","2","14","Georgia","4/2/20","1","13","13299","1300"
"Warren","1","4","Georgia","4/2/20","0","4","13301","1"
"Washington","0","4","Georgia","4/2/20","2","2","13303","100"
"Webster","0","1","Georgia","4/2/20","0","1","13307","1"
"Wheeler","0","1","Georgia","4/2/20","0","1","13309","1"
"White","0","3","Georgia","4/2/20","1","2","13311","200"
"Whitfield","1","15","Georgia","4/2/20","5","10","13313","200"
"Wilcox","0","1","Georgia","4/2/20","0","1","13315","1"
"Wilkes","0","2","Georgia","4/2/20","1","1","13317","100"
"Wilkinson","0","1","Georgia","4/2/20","0","1","13319","1"
"Worth","3","28","Georgia","4/2/20","5","23","13321","460"
"","11","103","Grand Princess","4/2/20","28","75",,"267.86"
"","5","82","Guam","4/2/20","45","37",,"82.22"
"Hawaii","2","18","Hawaii","4/2/20","4","14","15001","350"
"Honolulu","16","182","Hawaii","4/2/20","68","114","15003","167.65"
"Kauai","1","12","Hawaii","4/2/20","2","10","15007","500"
"Maui","2","26","Hawaii","4/2/20","13","13","15009","100"
"Ada","39","312","Idaho","4/2/20","39","273","16001","700"
"Adams","0","1","Idaho","4/2/20","0","1","16003","1"
"Bannock","0","4","Idaho","4/2/20","3","1","16005","33.33"
"Bingham","0","2","Idaho","4/2/20","2","0","16011","0"
"Blaine","27","256","Idaho","4/2/20","66","190","16013","287.88"
"Bonner","0","1","Idaho","4/2/20","0","1","16017","1"
"Bonneville","0","2","Idaho","4/2/20","0","2","16019","1"
"Camas","0","1","Idaho","4/2/20","0","1","16025","1"
"Canyon","8","68","Idaho","4/2/20","13","55","16027","423.08"
"Cassia","0","1","Idaho","4/2/20","1","0","16031","0"
"Custer","0","2","Idaho","4/2/20","1","1","16037","100"
"Elmore","0","3","Idaho","4/2/20","0","3","16039","1"
"Fremont","0","1","Idaho","4/2/20","1","0","16043","0"
"Gem","1","4","Idaho","4/2/20","0","4","16045","1"
"Gooding","0","1","Idaho","4/2/20","0","1","16047","1"
"Idaho","0","2","Idaho","4/2/20","1","1","16049","100"
"Jefferson","0","3","Idaho","4/2/20","2","1","16051","50"
"Jerome","1","7","Idaho","4/2/20","0","7","16053","1"
"Kootenai","3","31","Idaho","4/2/20","9","22","16055","244.44"
"Latah","0","1","Idaho","4/2/20","0","1","16057","1"
"Lincoln","1","5","Idaho","4/2/20","0","5","16063","1"
"Madison","0","4","Idaho","4/2/20","2","2","16065","100"
"Minidoka","0","1","Idaho","4/2/20","0","1","16067","1"
"Nez Perce","2","14","Idaho","4/2/20","1","13","16069","1300"
"Owyhee","0","1","Idaho","4/2/20","0","1","16073","1"
"Payette","0","3","Idaho","4/2/20","1","2","16075","200"
"Teton","0","3","Idaho","4/2/20","2","1","16081","50"
"Twin Falls","4","31","Idaho","4/2/20","1","30","16083","3000"
"Valley","0","2","Idaho","4/2/20","1","1","16085","100"
"Adams","0","2","Illinois","4/2/20","1","1","17001","100"
"Bond","0","3","Illinois","4/2/20","0","3","17005","1"
"Bureau","0","2","Illinois","4/2/20","0","2","17011","1"
"Carroll","1","4","Illinois","4/2/20","0","4","17015","1"
"Champaign","5","43","Illinois","4/2/20","10","33","17019","330"
"Christian","2","15","Illinois","4/2/20","1","14","17021","1400"
"Clark","0","2","Illinois","4/2/20","0","2","17023","1"
"Clinton","1","8","Illinois","4/2/20","4","4","17027","100"
"Cook","594","5575","Illinois","4/2/20","1418","4157","17031","293.16"
"Crawford","0","1","Illinois","4/2/20","0","1","17033","1"
"Cumberland","0","1","Illinois","4/2/20","1","0","17035","0"
"DeKalb","2","16","Illinois","4/2/20","1","15","17037","1500"
"Douglas","1","8","Illinois","4/2/20","1","7","17041","700"
"DuPage","45","448","Illinois","4/2/20","131","317","17043","241.98"
"Fayette","0","2","Illinois","4/2/20","0","2","17051","1"
"Ford","0","1","Illinois","4/2/20","0","1","17053","1"
"Franklin","0","1","Illinois","4/2/20","0","1","17055","1"
"Grundy","1","5","Illinois","4/2/20","1","4","17063","400"
"Henry","1","4","Illinois","4/2/20","0","4","17073","1"
"Iroquois","0","2","Illinois","4/2/20","0","2","17075","1"
"Jackson","1","6","Illinois","4/2/20","1","5","17077","500"
"Jo Daviess","0","3","Illinois","4/2/20","1","2","17085","200"
"Kane","17","154","Illinois","4/2/20","38","116","17089","305.26"
"Kankakee","7","55","Illinois","4/2/20","6","49","17091","816.67"
"Kendall","4","36","Illinois","4/2/20","6","30","17093","500"
"Knox","0","1","Illinois","4/2/20","0","1","17095","1"
"Lake","57","540","Illinois","4/2/20","139","401","17097","288.49"
"LaSalle","0","6","Illinois","4/2/20","3","3","17099","100"
"Livingston","1","5","Illinois","4/2/20","1","4","17105","400"
"Logan","0","1","Illinois","4/2/20","1","0","17107","0"
"Macon","0","2","Illinois","4/2/20","0","2","17115","1"
"Macoupin","0","1","Illinois","4/2/20","0","1","17117","1"
"Madison","4","29","Illinois","4/2/20","3","26","17119","866.67"
"Marion","0","2","Illinois","4/2/20","0","2","17121","1"
"Marshall","0","1","Illinois","4/2/20","1","0","17123","0"
"Massac","0","1","Illinois","4/2/20","0","1","17127","1"
"McHenry","9","81","Illinois","4/2/20","19","62","17111","326.32"
"McLean","3","32","Illinois","4/2/20","8","24","17113","300"
"Menard","0","1","Illinois","4/2/20","0","1","17129","1"
"Mercer","0","1","Illinois","4/2/20","0","1","17131","1"
"Monroe","0","4","Illinois","4/2/20","2","2","17133","100"
"Montgomery","0","2","Illinois","4/2/20","0","2","17135","1"
"Morgan","1","5","Illinois","4/2/20","0","5","17137","1"
"Moultrie","0","1","Illinois","4/2/20","0","1","17139","1"
"Ogle","0","1","Illinois","4/2/20","0","1","17141","1"
"Peoria","1","11","Illinois","4/2/20","4","7","17143","175"
"Piatt","0","1","Illinois","4/2/20","0","1","17147","1"
"Randolph","1","8","Illinois","4/2/20","0","8","17157","1"
"Rock Island","3","21","Illinois","4/2/20","3","18","17161","600"
"Saline","0","1","Illinois","4/2/20","0","1","17165","1"
"Sangamon","2","18","Illinois","4/2/20","5","13","17167","260"
"St. Clair","7","55","Illinois","4/2/20","7","48","17163","685.71"
"Stephenson","0","3","Illinois","4/2/20","1","2","17177","200"
"Tazewell","1","5","Illinois","4/2/20","0","5","17179","1"
"Vermilion","0","2","Illinois","4/2/20","0","2","17183","1"
"Washington","0","1","Illinois","4/2/20","1","0","17189","0"
"Whiteside","1","6","Illinois","4/2/20","1","5","17195","500"
"Will","49","384","Illinois","4/2/20","40","344","17197","860"
"Williamson","0","1","Illinois","4/2/20","0","1","17199","1"
"Winnebago","2","24","Illinois","4/2/20","7","17","17201","242.86"
"Woodford","0","3","Illinois","4/2/20","3","0","17203","0"
"Adams","0","1","Indiana","4/2/20","1","0","18001","0"
"Allen","5","46","Indiana","4/2/20","8","38","18003","475"
"Bartholomew","1","15","Indiana","4/2/20","6","9","18005","150"
"Blackford","0","1","Indiana","4/2/20","0","1","18009","1"
"Boone","4","32","Indiana","4/2/20","7","25","18011","357.14"
"Brown","0","3","Indiana","4/2/20","1","2","18013","200"
"Carroll","0","2","Indiana","4/2/20","0","2","18015","1"
"Cass","0","2","Indiana","4/2/20","0","2","18017","1"
"Clark","6","49","Indiana","4/2/20","10","39","18019","390"
"Clay","0","1","Indiana","4/2/20","0","1","18021","1"
"Clinton","0","1","Indiana","4/2/20","0","1","18023","1"
"Crawford","0","1","Indiana","4/2/20","0","1","18025","1"
"Dearborn","3","22","Indiana","4/2/20","3","19","18029","633.33"
"Decatur","7","59","Indiana","4/2/20","13","46","18031","353.85"
"DeKalb","0","2","Indiana","4/2/20","1","1","18033","100"
"Delaware","3","25","Indiana","4/2/20","7","18","18035","257.14"
"Dubois","0","3","Indiana","4/2/20","1","2","18037","200"
"Elkhart","3","27","Indiana","4/2/20","7","20","18039","285.71"
"Fayette","1","11","Indiana","4/2/20","3","8","18041","266.67"
"Floyd","4","34","Indiana","4/2/20","7","27","18043","385.71"
"Fountain","0","2","Indiana","4/2/20","1","1","18045","100"
"Franklin","5","45","Indiana","4/2/20","13","32","18047","246.15"
"Fulton","0","1","Indiana","4/2/20","0","1","18049","1"
"Gibson","0","4","Indiana","4/2/20","3","1","18051","33.33"
"Grant","1","11","Indiana","4/2/20","3","8","18053","266.67"
"Greene","1","8","Indiana","4/2/20","0","8","18055","1"
"Hamilton","24","207","Indiana","4/2/20","40","167","18057","417.5"
"Hancock","4","37","Indiana","4/2/20","9","28","18059","311.11"
"Harrison","2","18","Indiana","4/2/20","2","16","18061","800"
"Hendricks","14","116","Indiana","4/2/20","21","95","18063","452.38"
"Henry","1","6","Indiana","4/2/20","0","6","18065","1"
"Howard","3","24","Indiana","4/2/20","6","18","18067","300"
"Huntington","0","3","Indiana","4/2/20","0","3","18069","1"
"Jackson","2","19","Indiana","4/2/20","2","17","18071","850"
"Jasper","1","11","Indiana","4/2/20","3","8","18073","266.67"
"Jay","0","1","Indiana","4/2/20","0","1","18075","1"
"Jefferson","0","3","Indiana","4/2/20","0","3","18077","1"
"Jennings","3","23","Indiana","4/2/20","4","19","18079","475"
"Johnson","13","126","Indiana","4/2/20","36","90","18081","250"
"Knox","1","4","Indiana","4/2/20","0","4","18083","1"
"Kosciusko","1","5","Indiana","4/2/20","0","5","18085","1"
"LaGrange","0","2","Indiana","4/2/20","0","2","18087","1"
"Lake","26","215","Indiana","4/2/20","31","184","18089","593.55"
"LaPorte","2","14","Indiana","4/2/20","2","12","18091","600"
"Lawrence","1","12","Indiana","4/2/20","2","10","18093","500"
"Madison","8","62","Indiana","4/2/20","4","58","18095","1450"
"Marion","144","1304","Indiana","4/2/20","293","1011","18097","345.05"
"Marshall","0","4","Indiana","4/2/20","1","3","18099","300"
"Miami","0","4","Indiana","4/2/20","1","3","18103","300"
"Monroe","4","36","Indiana","4/2/20","6","30","18105","500"
"Montgomery","1","10","Indiana","4/2/20","2","8","18107","400"
"Morgan","6","48","Indiana","4/2/20","7","41","18109","585.71"
"Newton","0","1","Indiana","4/2/20","0","1","18111","1"
"Noble","0","3","Indiana","4/2/20","1","2","18113","200"
"Ohio","0","1","Indiana","4/2/20","1","0","18115","0"
"Orange","0","3","Indiana","4/2/20","1","2","18117","200"
"Owen","1","12","Indiana","4/2/20","4","8","18119","200"
"Porter","4","35","Indiana","4/2/20","5","30","18127","600"
"Posey","0","4","Indiana","4/2/20","1","3","18129","300"
"Putnam","1","11","Indiana","4/2/20","2","9","18133","450"
"Randolph","0","3","Indiana","4/2/20","0","3","18135","1"
"Ripley","4","39","Indiana","4/2/20","11","28","18137","254.55"
"Rush","1","7","Indiana","4/2/20","1","6","18139","600"
"Scott","1","5","Indiana","4/2/20","1","4","18143","400"
"Shelby","3","24","Indiana","4/2/20","2","22","18145","1100"
"Spencer","0","1","Indiana","4/2/20","0","1","18147","1"
"St. Joseph","6","65","Indiana","4/2/20","21","44","18141","209.52"
"Starke","0","2","Indiana","4/2/20","1","1","18149","100"
"Steuben","0","2","Indiana","4/2/20","0","2","18151","1"
"Sullivan","0","3","Indiana","4/2/20","1","2","18153","200"
"Switzerland","1","4","Indiana","4/2/20","0","4","18155","1"
"Tippecanoe","2","19","Indiana","4/2/20","7","12","18157","171.43"
"Tipton","0","5","Indiana","4/2/20","2","3","18159","150"
"Vanderburgh","3","23","Indiana","4/2/20","4","19","18163","475"
"Vigo","1","10","Indiana","4/2/20","3","7","18167","233.33"
"Wabash","0","1","Indiana","4/2/20","0","1","18169","1"
"Warren","0","2","Indiana","4/2/20","1","1","18171","100"
"Warrick","1","8","Indiana","4/2/20","3","5","18173","166.67"
"Washington","1","12","Indiana","4/2/20","3","9","18175","300"
"Wayne","0","3","Indiana","4/2/20","1","2","18177","200"
"Wells","0","2","Indiana","4/2/20","1","1","18179","100"
"White","0","3","Indiana","4/2/20","0","3","18181","1"
"Whitley","0","3","Indiana","4/2/20","0","3","18183","1"
"Adair","0","1","Iowa","4/2/20","1","0","19001","0"
"Allamakee","1","15","Iowa","4/2/20","7","8","19005","114.29"
"Appanoose","0","1","Iowa","4/2/20","1","0","19007","0"
"Audubon","0","1","Iowa","4/2/20","0","1","19009","1"
"Benton","1","7","Iowa","4/2/20","2","5","19011","250"
"Black Hawk","0","8","Iowa","4/2/20","5","3","19013","60"
"Boone","0","2","Iowa","4/2/20","0","2","19015","1"
"Bremer","0","1","Iowa","4/2/20","0","1","19017","1"
"Buchanan","0","3","Iowa","4/2/20","1","2","19019","200"
"Butler","0","1","Iowa","4/2/20","0","1","19023","1"
"Carroll","0","1","Iowa","4/2/20","1","0","19027","0"
"Cedar","1","11","Iowa","4/2/20","4","7","19031","175"
"Cerro Gordo","1","10","Iowa","4/2/20","2","8","19033","400"
"Clay","0","2","Iowa","4/2/20","0","2","19041","1"
"Clayton","0","2","Iowa","4/2/20","1","1","19043","100"
"Clinton","1","9","Iowa","4/2/20","0","9","19045","1"
"Crawford","0","1","Iowa","4/2/20","0","1","19047","1"
"Dallas","3","31","Iowa","4/2/20","7","24","19049","342.86"
"Delaware","0","1","Iowa","4/2/20","0","1","19055","1"
"Des Moines","0","1","Iowa","4/2/20","1","0","19057","0"
"Dickinson","0","1","Iowa","4/2/20","0","1","19059","1"
"Dubuque","2","22","Iowa","4/2/20","6","16","19061","266.67"
"Fayette","0","2","Iowa","4/2/20","1","1","19065","100"
"Guthrie","0","1","Iowa","4/2/20","0","1","19077","1"
"Hancock","0","3","Iowa","4/2/20","3","0","19081","0"
"Hardin","0","1","Iowa","4/2/20","0","1","19083","1"
"Harrison","1","10","Iowa","4/2/20","3","7","19085","233.33"
"Henry","1","5","Iowa","4/2/20","1","4","19087","400"
"Iowa","1","5","Iowa","4/2/20","0","5","19095","1"
"Jackson","0","1","Iowa","4/2/20","0","1","19097","1"
"Jasper","1","7","Iowa","4/2/20","2","5","19099","250"
"Jefferson","0","1","Iowa","4/2/20","0","1","19101","1"
"Johnson","4","80","Iowa","4/2/20","49","31","19103","63.27"
"Jones","1","5","Iowa","4/2/20","0","5","19105","1"
"Keokuk","0","1","Iowa","4/2/20","0","1","19107","1"
"Kossuth","0","1","Iowa","4/2/20","1","0","19109","0"
"Linn","13","103","Iowa","4/2/20","12","91","19113","758.33"
"Madison","0","1","Iowa","4/2/20","0","1","19121","1"
"Mahaska","0","3","Iowa","4/2/20","1","2","19123","200"
"Marshall","1","9","Iowa","4/2/20","0","9","19127","1"
"Mitchell","0","2","Iowa","4/2/20","0","2","19131","1"
"Monona","1","5","Iowa","4/2/20","1","4","19133","400"
"Montgomery","0","1","Iowa","4/2/20","0","1","19137","1"
"Muscatine","2","19","Iowa","4/2/20","6","13","19139","216.67"
"O'Brien","0","2","Iowa","4/2/20","0","2","19141","1"
"Page","0","2","Iowa","4/2/20","1","1","19145","100"
"Polk","9","87","Iowa","4/2/20","24","63","19153","262.5"
"Pottawattamie","0","5","Iowa","4/2/20","3","2","19155","66.67"
"Poweshiek","0","7","Iowa","4/2/20","4","3","19157","75"
"Scott","3","25","Iowa","4/2/20","7","18","19163","257.14"
"Shelby","0","3","Iowa","4/2/20","0","3","19165","1"
"Sioux","0","4","Iowa","4/2/20","2","2","19167","100"
"Story","0","4","Iowa","4/2/20","2","2","19169","100"
"Tama","2","17","Iowa","4/2/20","4","13","19171","325"
"Taylor","0","1","Iowa","4/2/20","0","1","19173","1"
"Van Buren","0","3","Iowa","4/2/20","0","3","19177","1"
"Wapello","0","1","Iowa","4/2/20","1","0","19179","0"
"Warren","1","6","Iowa","4/2/20","1","5","19181","500"
"Washington","4","36","Iowa","4/2/20","8","28","19183","350"
"Webster","0","1","Iowa","4/2/20","0","1","19187","1"
"Winneshiek","0","4","Iowa","4/2/20","1","3","19191","300"
"Woodbury","1","7","Iowa","4/2/20","2","5","19193","250"
"Wright","0","1","Iowa","4/2/20","0","1","19197","1"
"Anderson","0","1","Kansas","4/2/20","0","1","20003","1"
"Atchison","0","1","Kansas","4/2/20","0","1","20005","1"
"Barton","0","2","Kansas","4/2/20","0","2","20009","1"
"Bourbon","0","3","Kansas","4/2/20","1","2","20011","200"
"Butler","1","7","Kansas","4/2/20","3","4","20015","133.33"
"Chautauqua","0","1","Kansas","4/2/20","0","1","20019","1"
"Cherokee","0","4","Kansas","4/2/20","2","2","20021","100"
"Clay","0","1","Kansas","4/2/20","0","1","20027","1"
"Cloud","0","1","Kansas","4/2/20","0","1","20029","1"
"Coffey","2","16","Kansas","4/2/20","0","16","20031","1"
"Cowley","0","1","Kansas","4/2/20","0","1","20035","1"
"Crawford","0","5","Kansas","4/2/20","3","2","20037","66.67"
"Doniphan","0","1","Kansas","4/2/20","1","0","20043","0"
"Douglas","3","31","Kansas","4/2/20","13","18","20045","138.46"
"Finney","0","3","Kansas","4/2/20","0","3","20055","1"
"Franklin","1","7","Kansas","4/2/20","1","6","20059","600"
"Gove","0","1","Kansas","4/2/20","0","1","20063","1"
"Harvey","0","2","Kansas","4/2/20","0","2","20079","1"
"Jackson","0","1","Kansas","4/2/20","1","0","20085","0"
"Jefferson","0","1","Kansas","4/2/20","1","0","20087","0"
"Johnson","15","161","Kansas","4/2/20","59","102","20091","172.88"
"Labette","0","1","Kansas","4/2/20","0","1","20099","1"
"Leavenworth","2","27","Kansas","4/2/20","12","15","20103","125"
"Linn","0","6","Kansas","4/2/20","4","2","20107","50"
"Lyon","2","16","Kansas","4/2/20","4","12","20111","300"
"McPherson","1","5","Kansas","4/2/20","0","5","20113","1"
"Mitchell","0","2","Kansas","4/2/20","2","0","20123","0"
"Montgomery","1","6","Kansas","4/2/20","0","6","20125","1"
"Morris","0","2","Kansas","4/2/20","2","0","20127","0"
"Neosho","0","1","Kansas","4/2/20","1","0","20133","0"
"Osage","0","3","Kansas","4/2/20","0","3","20139","1"
"Ottawa","0","1","Kansas","4/2/20","0","1","20143","1"
"Pottawatomie","0","2","Kansas","4/2/20","1","1","20149","100"
"Pratt","0","1","Kansas","4/2/20","0","1","20151","1"
"Reno","1","8","Kansas","4/2/20","4","4","20155","100"
"Riley","1","6","Kansas","4/2/20","1","5","20161","500"
"Saline","0","3","Kansas","4/2/20","0","3","20169","1"
"Sedgwick","9","79","Kansas","4/2/20","16","63","20173","393.75"
"Shawnee","2","20","Kansas","4/2/20","4","16","20177","400"
"Stafford","0","1","Kansas","4/2/20","0","1","20185","1"
"Stevens","0","2","Kansas","4/2/20","0","2","20189","1"
"Sumner","0","1","Kansas","4/2/20","1","0","20191","0"
"Woodson","0","3","Kansas","4/2/20","1","2","20207","200"
"Wyandotte","10","106","Kansas","4/2/20","34","72","20209","211.76"
"Allen","0","2","Kentucky","4/2/20","1","1","21003","100"
"Anderson","0","2","Kentucky","4/2/20","2","0","21005","0"
"Barren","0","1","Kentucky","4/2/20","0","1","21009","1"
"Boone","1","8","Kentucky","4/2/20","1","7","21015","700"
"Bourbon","0","2","Kentucky","4/2/20","2","0","21017","0"
"Boyd","1","4","Kentucky","4/2/20","0","4","21019","1"
"Boyle","1","4","Kentucky","4/2/20","0","4","21021","1"
"Bracken","0","1","Kentucky","4/2/20","0","1","21023","1"
"Breathitt","0","2","Kentucky","4/2/20","2","0","21025","0"
"Breckinridge","0","2","Kentucky","4/2/20","0","2","21027","1"
"Bullitt","1","6","Kentucky","4/2/20","0","6","21029","1"
"Butler","0","1","Kentucky","4/2/20","0","1","21031","1"
"Calloway","0","3","Kentucky","4/2/20","1","2","21035","200"
"Campbell","1","8","Kentucky","4/2/20","1","7","21037","700"
"Carroll","0","2","Kentucky","4/2/20","0","2","21041","1"
"Christian","1","7","Kentucky","4/2/20","2","5","21047","250"
"Clark","1","8","Kentucky","4/2/20","2","6","21049","300"
"Daviess","3","34","Kentucky","4/2/20","14","20","21059","142.86"
"Edmonson","0","2","Kentucky","4/2/20","0","2","21061","1"
"Fayette","13","116","Kentucky","4/2/20","28","88","21067","314.29"
"Franklin","1","6","Kentucky","4/2/20","2","4","21073","200"
"Grant","0","1","Kentucky","4/2/20","0","1","21081","1"
"Grayson","0","2","Kentucky","4/2/20","0","2","21085","1"
"Hancock","0","1","Kentucky","4/2/20","0","1","21091","1"
"Hardin","1","6","Kentucky","4/2/20","2","4","21093","200"
"Harrison","0","11","Kentucky","4/2/20","10","1","21097","10"
"Henderson","0","5","Kentucky","4/2/20","2","3","21101","150"
"Hopkins","4","27","Kentucky","4/2/20","0","27","21107","1"
"Jefferson","28","228","Kentucky","4/2/20","35","193","21111","551.43"
"Jessamine","2","13","Kentucky","4/2/20","1","12","21113","1200"
"Kenton","2","25","Kentucky","4/2/20","8","17","21117","212.5"
"Larue","0","1","Kentucky","4/2/20","0","1","21123","1"
"Laurel","0","2","Kentucky","4/2/20","1","1","21125","100"
"Lawrence","0","1","Kentucky","4/2/20","0","1","21127","1"
"Lewis","0","1","Kentucky","4/2/20","0","1","21135","1"
"Logan","0","3","Kentucky","4/2/20","1","2","21141","200"
"Lyon","0","1","Kentucky","4/2/20","1","0","21143","0"
"Madison","1","10","Kentucky","4/2/20","2","8","21151","400"
"Marion","0","1","Kentucky","4/2/20","0","1","21155","1"
"Marshall","0","1","Kentucky","4/2/20","0","1","21157","1"
"Martin","0","1","Kentucky","4/2/20","1","0","21159","0"
"Mason","0","1","Kentucky","4/2/20","0","1","21161","1"
"McCracken","1","8","Kentucky","4/2/20","2","6","21145","300"
"McCreary","0","1","Kentucky","4/2/20","0","1","21147","1"
"McLean","0","1","Kentucky","4/2/20","0","1","21149","1"
"Menifee","0","2","Kentucky","4/2/20","1","1","21165","100"
"Mercer","0","2","Kentucky","4/2/20","0","2","21167","1"
"Montgomery","0","2","Kentucky","4/2/20","2","0","21173","0"
"Muhlenberg","1","10","Kentucky","4/2/20","2","8","21177","400"
"Nelson","0","3","Kentucky","4/2/20","1","2","21179","200"
"Nicholas","0","1","Kentucky","4/2/20","0","1","21181","1"
"Oldham","1","6","Kentucky","4/2/20","1","5","21185","500"
"Pendleton","0","1","Kentucky","4/2/20","0","1","21191","1"
"Powell","0","1","Kentucky","4/2/20","0","1","21197","1"
"Pulaski","1","8","Kentucky","4/2/20","3","5","21199","166.67"
"Rockcastle","0","1","Kentucky","4/2/20","0","1","21203","1"
"Scott","1","6","Kentucky","4/2/20","1","5","21209","500"
"Shelby","0","2","Kentucky","4/2/20","0","2","21211","1"
"Simpson","1","9","Kentucky","4/2/20","1","8","21213","800"
"Spencer","0","2","Kentucky","4/2/20","1","1","21215","100"
"Taylor","0","2","Kentucky","4/2/20","0","2","21217","1"
"Union","0","2","Kentucky","4/2/20","0","2","21225","1"
"Warren","1","13","Kentucky","4/2/20","5","8","21227","160"
"Washington","0","1","Kentucky","4/2/20","0","1","21229","1"
"Wayne","0","3","Kentucky","4/2/20","0","3","21231","1"
"Webster","0","2","Kentucky","4/2/20","1","1","21233","100"
"Woodford","1","5","Kentucky","4/2/20","0","5","21239","1"
"Acadia","8","61","Louisiana","4/2/20","3","58","22001","1933.33"
"Allen","3","26","Louisiana","4/2/20","5","21","22003","420"
"Ascension","16","201","Louisiana","4/2/20","91","110","22005","120.88"
"Assumption","4","31","Louisiana","4/2/20","5","26","22007","520"
"Avoyelles","4","34","Louisiana","4/2/20","7","27","22009","385.71"
"Beauregard","1","10","Louisiana","4/2/20","3","7","22011","233.33"
"Bienville","1","8","Louisiana","4/2/20","1","7","22013","700"
"Bossier","8","87","Louisiana","4/2/20","32","55","22015","171.88"
"Caddo","32","336","Louisiana","4/2/20","115","221","22017","192.17"
"Calcasieu","13","108","Louisiana","4/2/20","15","93","22019","620"
"Catahoula","1","5","Louisiana","4/2/20","1","4","22025","400"
"Claiborne","1","11","Louisiana","4/2/20","2","9","22027","450"
"Concordia","1","8","Louisiana","4/2/20","0","8","22029","1"
"De Soto","4","42","Louisiana","4/2/20","11","31","22031","281.82"
"East Baton Rouge","31","325","Louisiana","4/2/20","105","220","22033","209.52"
"East Carroll","0","1","Louisiana","4/2/20","0","1","22035","1"
"East Feliciana","1","14","Louisiana","4/2/20","4","10","22037","250"
"Evangeline","2","16","Louisiana","4/2/20","2","14","22039","700"
"Franklin","1","5","Louisiana","4/2/20","0","5","22041","1"
"Grant","1","5","Louisiana","4/2/20","1","4","22043","400"
"Iberia","9","67","Louisiana","4/2/20","3","64","22045","2133.33"
"Iberville","7","69","Louisiana","4/2/20","17","52","22047","305.88"
"Jackson","0","4","Louisiana","4/2/20","1","3","22049","300"
"Jefferson","246","2178","Louisiana","4/2/20","458","1720","22051","375.55"
"Jefferson Davis","2","13","Louisiana","4/2/20","1","12","22053","1200"
"Lafayette","31","247","Louisiana","4/2/20","30","217","22055","723.33"
"Lafourche","19","158","Louisiana","4/2/20","28","130","22057","464.29"
"LaSalle","0","2","Louisiana","4/2/20","0","2","22059","1"
"Lincoln","1","13","Louisiana","4/2/20","3","10","22061","333.33"
"Livingston","3","33","Louisiana","4/2/20","11","22","22063","200"
"Madison","0","1","Louisiana","4/2/20","1","0","22065","0"
"Morehouse","0","4","Louisiana","4/2/20","3","1","22067","33.33"
"Natchitoches","0","4","Louisiana","4/2/20","2","2","22069","100"
"Orleans","307","3148","Louisiana","4/2/20","997","2151","22071","215.75"
"Ouachita","11","94","Louisiana","4/2/20","19","75","22073","394.74"
"Plaquemines","8","68","Louisiana","4/2/20","13","55","22075","423.08"
"Pointe Coupee","2","12","Louisiana","4/2/20","1","11","22077","1100"
"Rapides","7","77","Louisiana","4/2/20","25","52","22079","208"
"Red River","0","1","Louisiana","4/2/20","0","1","22081","1"
"Richland","0","4","Louisiana","4/2/20","1","3","22083","300"
"Sabine","1","4","Louisiana","4/2/20","0","4","22085","1"
"St. Bernard","22","181","Louisiana","4/2/20","28","153","22087","546.43"
"St. Charles","23","180","Louisiana","4/2/20","22","158","22089","718.18"
"St. Helena","0","1","Louisiana","4/2/20","0","1","22091","1"
"St. James","12","110","Louisiana","4/2/20","29","81","22093","279.31"
"St. John the Baptist","34","274","Louisiana","4/2/20","38","236","22095","621.05"
"St. Landry","7","56","Louisiana","4/2/20","5","51","22097","1020"
"St. Martin","8","58","Louisiana","4/2/20","2","56","22099","2800"
"St. Mary","5","42","Louisiana","4/2/20","5","37","22101","740"
"St. Tammany","44","399","Louisiana","4/2/20","89","310","22103","348.31"
"Tangipahoa","5","42","Louisiana","4/2/20","7","35","22105","500"
"Terrebonne","11","97","Louisiana","4/2/20","21","76","22109","361.9"
"Union","2","13","Louisiana","4/2/20","2","11","22111","550"
"Vermilion","2","16","Louisiana","4/2/20","1","15","22113","1500"
"Vernon","1","7","Louisiana","4/2/20","2","5","22115","250"
"Washington","6","50","Louisiana","4/2/20","6","44","22117","733.33"
"Webster","2","19","Louisiana","4/2/20","8","11","22119","137.5"
"West Baton Rouge","2","19","Louisiana","4/2/20","8","11","22121","137.5"
"West Feliciana","1","10","Louisiana","4/2/20","0","10","22125","1"
"Winn","0","2","Louisiana","4/2/20","1","1","22127","100"
"Androscoggin","1","12","Maine","4/2/20","5","7","23001","140"
"Cumberland","16","204","Maine","4/2/20","90","114","23005","126.67"
"Franklin","0","3","Maine","4/2/20","1","2","23007","200"
"Hancock","0","2","Maine","4/2/20","0","2","23009","1"
"Kennebec","2","19","Maine","4/2/20","6","13","23011","216.67"
"Knox","1","7","Maine","4/2/20","1","6","23013","600"
"Lincoln","0","8","Maine","4/2/20","5","3","23015","60"
"Oxford","0","9","Maine","4/2/20","8","1","23017","12.5"
"Penobscot","2","16","Maine","4/2/20","5","11","23019","220"
"Sagadahoc","1","10","Maine","4/2/20","4","6","23023","150"
"Somerset","0","2","Maine","4/2/20","0","2","23025","1"
"Waldo","0","2","Maine","4/2/20","2","0","23027","0"
"York","7","74","Maine","4/2/20","27","47","23031","174.07"
"Allegany","0","1","Maryland","4/2/20","0","1","24001","1"
"Anne Arundel","24","206","Maryland","4/2/20","41","165","24003","402.44"
"Baltimore","39","353","Maryland","4/2/20","81","272","24005","335.8"
"Baltimore City","28","265","Maryland","4/2/20","72","193","24510","268.06"
"Calvert","2","22","Maryland","4/2/20","7","15","24009","214.29"
"Caroline","0","4","Maryland","4/2/20","1","3","24011","300"
"Carroll","14","105","Maryland","4/2/20","7","98","24013","1400"
"Cecil","2","20","Maryland","4/2/20","4","16","24015","400"
"Charles","8","69","Maryland","4/2/20","10","59","24017","590"
"Dorchester","0","1","Maryland","4/2/20","0","1","24019","1"
"Frederick","4","45","Maryland","4/2/20","14","31","24021","221.43"
"Garrett","0","3","Maryland","4/2/20","3","0","24023","0"
"Harford","4","37","Maryland","4/2/20","9","28","24025","311.11"
"Howard","15","152","Maryland","4/2/20","49","103","24027","210.2"
"Kent","1","5","Maryland","4/2/20","1","4","24029","400"
"Montgomery","48","498","Maryland","4/2/20","164","334","24031","203.66"
"Prince George's","53","473","Maryland","4/2/20","101","372","24033","368.32"
"Queen Anne's","1","8","Maryland","4/2/20","2","6","24035","300"
"Somerset","0","4","Maryland","4/2/20","1","3","24039","300"
"St. Mary's","3","27","Maryland","4/2/20","4","23","24037","575"
"Talbot","0","4","Maryland","4/2/20","1","3","24041","300"
"Washington","2","17","Maryland","4/2/20","4","13","24043","325"
"Wicomico","0","7","Maryland","4/2/20","5","2","24045","40"
"Worcester","0","5","Maryland","4/2/20","2","3","24047","150"
"Barnstable","31","283","Massachusetts","4/2/20","67","216","25001","322.39"
"Berkshire","20","213","Massachusetts","4/2/20","73","140","25003","191.78"
"Bristol","48","424","Massachusetts","4/2/20","90","334","25005","371.11"
"Dukes and Nantucket","1","12","Massachusetts","4/2/20","3","9","00000","300"
"Essex","113","1039","Massachusetts","4/2/20","247","792","25009","320.65"
"Franklin","10","85","Massachusetts","4/2/20","16","69","25011","431.25"
"Hampden","70","546","Massachusetts","4/2/20","55","491","25013","892.73"
"Hampshire","12","102","Massachusetts","4/2/20","17","85","25015","500"
"Middlesex","190","1870","Massachusetts","4/2/20","538","1332","25017","247.58"
"Norfolk","92","938","Massachusetts","4/2/20","292","646","25021","221.23"
"Plymouth","69","621","Massachusetts","4/2/20","138","483","25023","350"
"Suffolk","207","1896","Massachusetts","4/2/20","448","1448","25025","323.21"
"Worcester","72","667","Massachusetts","4/2/20","166","501","25027","301.81"
"Allegan","1","5","Michigan","4/2/20","1","4","26005","400"
"Antrim","1","5","Michigan","4/2/20","1","4","26009","400"
"Arenac","0","1","Michigan","4/2/20","0","1","26011","1"
"Barry","1","6","Michigan","4/2/20","2","4","26015","200"
"Bay","2","19","Michigan","4/2/20","6","13","26017","216.67"
"Berrien","7","90","Michigan","4/2/20","40","50","26021","125"
"Branch","1","5","Michigan","4/2/20","0","5","26023","1"
"Calhoun","3","28","Michigan","4/2/20","8","20","26025","250"
"Cass","1","10","Michigan","4/2/20","3","7","26027","233.33"
"Charlevoix","0","5","Michigan","4/2/20","4","1","26029","25"
"Cheboygan","0","4","Michigan","4/2/20","1","3","26031","300"
"Chippewa","0","1","Michigan","4/2/20","1","0","26033","0"
"Clare","0","1","Michigan","4/2/20","1","0","26035","0"
"Clinton","6","46","Michigan","4/2/20","7","39","26037","557.14"
"Crawford","0","1","Michigan","4/2/20","0","1","26039","1"
"Delta","1","4","Michigan","4/2/20","0","4","26041","1"
"Dickinson","0","1","Michigan","4/2/20","0","1","26043","1"
"Eaton","5","38","Michigan","4/2/20","4","34","26045","850"
"Emmet","1","7","Michigan","4/2/20","2","5","26047","250"
"Genesee","42","357","Michigan","4/2/20","65","292","26049","449.23"
"Gladwin","0","2","Michigan","4/2/20","2","0","26051","0"
"Gogebic","0","3","Michigan","4/2/20","0","3","26053","1"
"Grand Traverse","1","9","Michigan","4/2/20","3","6","26055","200"
"Gratiot","1","5","Michigan","4/2/20","0","5","26057","1"
"Hillsdale","3","24","Michigan","4/2/20","5","19","26059","380"
"Houghton","0","1","Michigan","4/2/20","0","1","26061","1"
"Huron","1","5","Michigan","4/2/20","0","5","26063","1"
"Ingham","16","134","Michigan","4/2/20","25","109","26065","436"
"Ionia","0","5","Michigan","4/2/20","2","3","26067","150"
"Iosco","0","2","Michigan","4/2/20","1","1","26069","100"
"Isabella","1","9","Michigan","4/2/20","3","6","26073","200"
"Jackson","8","74","Michigan","4/2/20","20","54","26075","270"
"Kalamazoo","4","38","Michigan","4/2/20","11","27","26077","245.45"
"Kalkaska","1","7","Michigan","4/2/20","2","5","26079","250"
"Kent","13","129","Michigan","4/2/20","41","88","26081","214.63"
"Lapeer","3","24","Michigan","4/2/20","3","21","26087","700"
"Leelanau","0","1","Michigan","4/2/20","1","0","26089","0"
"Lenawee","3","26","Michigan","4/2/20","5","21","26091","420"
"Livingston","15","131","Michigan","4/2/20","27","104","26093","385.19"
"Mackinac","0","1","Michigan","4/2/20","0","1","26097","1"
"Macomb","141","1334","Michigan","4/2/20","349","985","26099","282.23"
"Manistee","0","1","Michigan","4/2/20","1","0","26101","0"
"Marquette","1","5","Michigan","4/2/20","1","4","26103","400"
"Mason","0","1","Michigan","4/2/20","0","1","26105","1"
"Mecosta","0","3","Michigan","4/2/20","1","2","26107","200"
"Midland","1","20","Michigan","4/2/20","11","9","26111","81.82"
"Missaukee","0","1","Michigan","4/2/20","1","0","26113","0"
"Monroe","8","79","Michigan","4/2/20","21","58","26115","276.19"
"Montcalm","1","11","Michigan","4/2/20","3","8","26117","266.67"
"Muskegon","3","26","Michigan","4/2/20","3","23","26121","766.67"
"Newaygo","0","2","Michigan","4/2/20","2","0","26123","0"
"Oakland","231","2391","Michigan","4/2/20","775","1616","26125","208.52"
"Oceana","0","2","Michigan","4/2/20","1","1","26127","100"
"Ogemaw","0","3","Michigan","4/2/20","2","1","26129","50"
"Osceola","0","3","Michigan","4/2/20","0","3","26133","1"
"Oscoda","0","2","Michigan","4/2/20","0","2","26135","1"
"Otsego","2","19","Michigan","4/2/20","7","12","26137","171.43"
"Ottawa","3","41","Michigan","4/2/20","20","21","26139","105"
"Out of MI","6","48","Michigan","4/2/20","7","41","80026","585.71"
"Roscommon","0","1","Michigan","4/2/20","1","0","26143","0"
"Saginaw","10","82","Michigan","4/2/20","10","72","26145","720"
"Sanilac","1","8","Michigan","4/2/20","1","7","26151","700"
"Shiawassee","2","18","Michigan","4/2/20","1","17","26155","1700"
"St. Clair","7","64","Michigan","4/2/20","16","48","26147","300"
"St. Joseph","1","8","Michigan","4/2/20","0","8","26149","1"
"Tuscola","2","14","Michigan","4/2/20","2","12","26157","600"
"Van Buren","2","16","Michigan","4/2/20","2","14","26159","700"
"Washtenaw","52","471","Michigan","4/2/20","104","367","26161","352.88"
"Wayne","531","5111","Michigan","4/2/20","1392","3719","26163","267.17"
"Wexford","0","3","Michigan","4/2/20","1","2","26165","200"
"Anoka","3","30","Minnesota","4/2/20","8","22","27003","275"
"Beltrami","1","4","Minnesota","4/2/20","0","4","27007","1"
"Benton","0","1","Minnesota","4/2/20","1","0","27009","0"
"Big Stone","0","1","Minnesota","4/2/20","1","0","27011","0"
"Blue Earth","1","10","Minnesota","4/2/20","6","4","27013","66.67"
"Brown","0","2","Minnesota","4/2/20","0","2","27015","1"
"Carlton","0","3","Minnesota","4/2/20","0","3","27017","1"
"Carver","0","10","Minnesota","4/2/20","8","2","27019","25"
"Cass","0","1","Minnesota","4/2/20","1","0","27021","0"
"Chisago","0","3","Minnesota","4/2/20","2","1","27025","50"
"Clay","1","8","Minnesota","4/2/20","4","4","27027","100"
"Clearwater","0","2","Minnesota","4/2/20","0","2","27029","1"
"Cottonwood","1","5","Minnesota","4/2/20","0","5","27033","1"
"Crow Wing","0","2","Minnesota","4/2/20","0","2","27035","1"
"Dakota","4","52","Minnesota","4/2/20","25","27","27037","108"
"Dodge","1","10","Minnesota","4/2/20","5","5","27039","100"
"Douglas","0","1","Minnesota","4/2/20","0","1","27041","1"
"Faribault","0","2","Minnesota","4/2/20","0","2","27043","1"
"Fillmore","1","9","Minnesota","4/2/20","3","6","27045","200"
"Freeborn","1","5","Minnesota","4/2/20","0","5","27047","1"
"Goodhue","0","4","Minnesota","4/2/20","1","3","27049","300"
"Hennepin","15","235","Minnesota","4/2/20","128","107","27053","83.59"
"Isanti","0","2","Minnesota","4/2/20","0","2","27059","1"
"Itasca","0","2","Minnesota","4/2/20","0","2","27061","1"
"Jackson","0","1","Minnesota","4/2/20","1","0","27063","0"
"Kandiyohi","0","2","Minnesota","4/2/20","1","1","27067","100"
"Koochiching","0","1","Minnesota","4/2/20","0","1","27071","1"
"Lac qui Parle","0","1","Minnesota","4/2/20","0","1","27073","1"
"Le Sueur","2","18","Minnesota","4/2/20","6","12","27079","200"
"Lincoln","0","1","Minnesota","4/2/20","0","1","27081","1"
"Lyon","0","3","Minnesota","4/2/20","0","3","27083","1"
"Mahnomen","0","1","Minnesota","4/2/20","0","1","27087","1"
"Martin","2","29","Minnesota","4/2/20","12","17","27091","141.67"
"Meeker","0","1","Minnesota","4/2/20","0","1","27093","1"
"Mower","1","15","Minnesota","4/2/20","10","5","27099","50"
"Nicollet","0","3","Minnesota","4/2/20","3","0","27103","0"
"Olmsted","5","66","Minnesota","4/2/20","29","37","27109","127.59"
"Otter Tail","0","1","Minnesota","4/2/20","0","1","27111","1"
"Ramsey","5","67","Minnesota","4/2/20","32","35","27123","109.38"
"Renville","0","2","Minnesota","4/2/20","1","1","27129","100"
"Rice","0","3","Minnesota","4/2/20","2","1","27131","50"
"Scott","1","10","Minnesota","4/2/20","6","4","27139","66.67"
"Sherburne","1","8","Minnesota","4/2/20","1","7","27141","700"
"Sibley","0","1","Minnesota","4/2/20","1","0","27143","0"
"St. Louis","1","13","Minnesota","4/2/20","5","8","27137","160"
"Stearns","0","5","Minnesota","4/2/20","5","0","27145","0"
"Steele","0","6","Minnesota","4/2/20","5","1","27147","20"
"Traverse","0","2","Minnesota","4/2/20","0","2","27155","1"
"Wabasha","0","6","Minnesota","4/2/20","4","2","27157","50"
"Waseca","0","3","Minnesota","4/2/20","2","1","27161","50"
"Washington","4","46","Minnesota","4/2/20","15","31","27163","206.67"
"Watonwan","0","3","Minnesota","4/2/20","0","3","27165","1"
"Wilkin","0","1","Minnesota","4/2/20","1","0","27167","0"
"Winona","1","11","Minnesota","4/2/20","4","7","27169","175"
"Wright","0","7","Minnesota","4/2/20","5","2","27171","40"
"Yellow Medicine","0","1","Minnesota","4/2/20","0","1","27173","1"
"Adams","2","14","Mississippi","4/2/20","3","11","28001","366.67"
"Alcorn","0","3","Mississippi","4/2/20","0","3","28003","1"
"Amite","0","4","Mississippi","4/2/20","1","3","28005","300"
"Attala","1","12","Mississippi","4/2/20","7","5","28007","71.43"
"Benton","1","5","Mississippi","4/2/20","1","4","28009","400"
"Bolivar","3","27","Mississippi","4/2/20","6","21","28011","350"
"Calhoun","0","4","Mississippi","4/2/20","3","1","28013","33.33"
"Carroll","0","3","Mississippi","4/2/20","0","3","28015","1"
"Chickasaw","1","14","Mississippi","4/2/20","7","7","28017","100"
"Choctaw","0","7","Mississippi","4/2/20","4","3","28019","75"
"Claiborne","0","1","Mississippi","4/2/20","0","1","28021","1"
"Clarke","1","4","Mississippi","4/2/20","0","4","28023","1"
"Clay","1","7","Mississippi","4/2/20","1","6","28025","600"
"Coahoma","1","23","Mississippi","4/2/20","17","6","28027","35.29"
"Copiah","0","10","Mississippi","4/2/20","8","2","28029","25"
"Covington","0","3","Mississippi","4/2/20","0","3","28031","1"
"DeSoto","8","103","Mississippi","4/2/20","49","54","28033","110.2"
"Forrest","1","26","Mississippi","4/2/20","16","10","28035","62.5"
"Franklin","0","3","Mississippi","4/2/20","2","1","28037","50"
"George","0","4","Mississippi","4/2/20","1","3","28039","300"
"Grenada","0","4","Mississippi","4/2/20","2","2","28043","100"
"Hancock","2","22","Mississippi","4/2/20","6","16","28045","266.67"
"Harrison","3","53","Mississippi","4/2/20","31","22","28047","70.97"
"Hinds","11","118","Mississippi","4/2/20","43","75","28049","174.42"
"Holmes","1","16","Mississippi","4/2/20","7","9","28051","128.57"
"Humphreys","0","4","Mississippi","4/2/20","1","3","28053","300"
"Itawamba","0","3","Mississippi","4/2/20","3","0","28057","0"
"Jackson","6","57","Mississippi","4/2/20","16","41","28059","256.25"
"Jasper","0","2","Mississippi","4/2/20","0","2","28061","1"
"Jefferson","0","1","Mississippi","4/2/20","0","1","28063","1"
"Jones","1","6","Mississippi","4/2/20","1","5","28067","500"
"Kemper","1","4","Mississippi","4/2/20","0","4","28069","1"
"Lafayette","1","16","Mississippi","4/2/20","10","6","28071","60"
"Lamar","1","8","Mississippi","4/2/20","4","4","28073","100"
"Lauderdale","6","46","Mississippi","4/2/20","3","43","28075","1433.33"
"Lawrence","0","5","Mississippi","4/2/20","5","0","28077","0"
"Leake","0","6","Mississippi","4/2/20","4","2","28079","50"
"Lee","1","24","Mississippi","4/2/20","15","9","28081","60"
"Leflore","1","20","Mississippi","4/2/20","13","7","28083","53.85"
"Lincoln","1","14","Mississippi","4/2/20","6","8","28085","133.33"
"Lowndes","0","10","Mississippi","4/2/20","8","2","28087","25"
"Madison","5","55","Mississippi","4/2/20","21","34","28089","161.9"
"Marion","1","5","Mississippi","4/2/20","1","4","28091","400"
"Marshall","2","18","Mississippi","4/2/20","7","11","28093","157.14"
"Monroe","1","11","Mississippi","4/2/20","3","8","28095","266.67"
"Montgomery","1","8","Mississippi","4/2/20","4","4","28097","100"
"Neshoba","1","4","Mississippi","4/2/20","0","4","28099","1"
"Newton","0","4","Mississippi","4/2/20","1","3","28101","300"
"Noxubee","0","4","Mississippi","4/2/20","1","3","28103","300"
"Oktibbeha","1","20","Mississippi","4/2/20","10","10","28105","100"
"Panola","1","8","Mississippi","4/2/20","4","4","28107","100"
"Pearl River","3","36","Mississippi","4/2/20","16","20","28109","125"
"Perry","1","6","Mississippi","4/2/20","1","5","28111","500"
"Pike","1","21","Mississippi","4/2/20","12","9","28113","75"
"Pontotoc","1","10","Mississippi","4/2/20","3","7","28115","233.33"
"Prentiss","0","4","Mississippi","4/2/20","1","3","28117","300"
"Quitman","0","4","Mississippi","4/2/20","2","2","28119","100"
"Rankin","4","50","Mississippi","4/2/20","23","27","28121","117.39"
"Scott","1","13","Mississippi","4/2/20","4","9","28123","225"
"Sharkey","0","2","Mississippi","4/2/20","0","2","28125","1"
"Simpson","0","4","Mississippi","4/2/20","1","3","28127","300"
"Smith","1","6","Mississippi","4/2/20","1","5","28129","500"
"Sunflower","1","12","Mississippi","4/2/20","4","8","28133","200"
"Tallahatchie","0","2","Mississippi","4/2/20","2","0","28135","0"
"Tate","1","12","Mississippi","4/2/20","6","6","28137","100"
"Tippah","2","29","Mississippi","4/2/20","14","15","28139","107.14"
"Tishomingo","0","1","Mississippi","4/2/20","0","1","28141","1"
"Tunica","1","14","Mississippi","4/2/20","5","9","28143","180"
"Union","0","4","Mississippi","4/2/20","2","2","28145","100"
"Walthall","1","10","Mississippi","4/2/20","4","6","28147","150"
"Warren","0","2","Mississippi","4/2/20","0","2","28149","1"
"Washington","3","29","Mississippi","4/2/20","9","20","28151","222.22"
"Wayne","0","1","Mississippi","4/2/20","0","1","28153","1"
"Webster","1","8","Mississippi","4/2/20","2","6","28155","300"
"Wilkinson","1","17","Mississippi","4/2/20","8","9","28157","112.5"
"Winston","1","9","Mississippi","4/2/20","3","6","28159","200"
"Yalobusha","1","7","Mississippi","4/2/20","3","4","28161","133.33"
"Yazoo","1","11","Mississippi","4/2/20","3","8","28163","266.67"
"Adair","1","6","Missouri","4/2/20","1","5","29001","500"
"Atchison","0","1","Missouri","4/2/20","1","0","29005","0"
"Barry","0","1","Missouri","4/2/20","0","1","29009","1"
"Bates","0","2","Missouri","4/2/20","1","1","29013","100"
"Benton","0","3","Missouri","4/2/20","1","2","29015","200"
"Bollinger","0","1","Missouri","4/2/20","1","0","29017","0"
"Boone","5","69","Missouri","4/2/20","37","32","29019","86.49"
"Buchanan","1","5","Missouri","4/2/20","0","5","29021","1"
"Butler","0","1","Missouri","4/2/20","0","1","29023","1"
"Caldwell","0","1","Missouri","4/2/20","0","1","29025","1"
"Callaway","2","18","Missouri","4/2/20","2","16","29027","800"
"Camden","3","19","Missouri","4/2/20","1","18","29029","1800"
"Cape Girardeau","2","15","Missouri","4/2/20","3","12","29031","400"
"Carter","0","4","Missouri","4/2/20","1","3","29035","300"
"Cass","2","21","Missouri","4/2/20","8","13","29037","162.5"
"Cedar","1","5","Missouri","4/2/20","0","5","29039","1"
"Chariton","1","4","Missouri","4/2/20","0","4","29041","1"
"Christian","1","12","Missouri","4/2/20","2","10","29043","500"
"Clay","3","23","Missouri","4/2/20","5","18","29047","360"
"Clinton","1","6","Missouri","4/2/20","1","5","29049","500"
"Cole","2","25","Missouri","4/2/20","8","17","29051","212.5"
"Cooper","0","2","Missouri","4/2/20","1","1","29053","100"
"Crawford","0","1","Missouri","4/2/20","0","1","29055","1"
"DeKalb","0","1","Missouri","4/2/20","0","1","29063","1"
"Dunklin","1","6","Missouri","4/2/20","2","4","29069","200"
"Franklin","2","19","Missouri","4/2/20","4","15","29071","375"
"Gasconade","0","1","Missouri","4/2/20","0","1","29073","1"
"Greene","4","54","Missouri","4/2/20","25","29","29077","116"
"Harrison","0","2","Missouri","4/2/20","0","2","29081","1"
"Henry","0","1","Missouri","4/2/20","1","0","29083","0"
"Howell","0","1","Missouri","4/2/20","0","1","29091","1"
"Jackson","10","103","Missouri","4/2/20","31","72","29095","232.26"
"Jasper","1","7","Missouri","4/2/20","2","5","29097","250"
"Jefferson","5","47","Missouri","4/2/20","10","37","29099","370"
"Johnson","3","26","Missouri","4/2/20","8","18","29101","225"
"Kansas City","11","139","Missouri","4/2/20","64","75","00000","117.19"
"Lafayette","3","20","Missouri","4/2/20","2","18","29107","900"
"Lincoln","2","12","Missouri","4/2/20","1","11","29113","1100"
"Livingston","0","1","Missouri","4/2/20","0","1","29117","1"
"Macon","0","3","Missouri","4/2/20","0","3","29121","1"
"Maries","0","2","Missouri","4/2/20","0","2","29125","1"
"McDonald","0","2","Missouri","4/2/20","1","1","29119","100"
"Moniteau","0","2","Missouri","4/2/20","2","0","29135","0"
"Montgomery","0","2","Missouri","4/2/20","2","0","29139","0"
"Morgan","0","1","Missouri","4/2/20","0","1","29141","1"
"New Madrid","0","1","Missouri","4/2/20","0","1","29143","1"
"Newton","0","6","Missouri","4/2/20","3","3","29145","100"
"Osage","0","2","Missouri","4/2/20","0","2","29151","1"
"Pemiscot","0","3","Missouri","4/2/20","1","2","29155","200"
"Perry","2","19","Missouri","4/2/20","4","15","29157","375"
"Pettis","0","1","Missouri","4/2/20","0","1","29159","1"
"Pike","0","1","Missouri","4/2/20","0","1","29163","1"
"Platte","1","13","Missouri","4/2/20","5","8","29165","160"
"Pulaski","1","8","Missouri","4/2/20","4","4","29169","100"
"Ralls","0","1","Missouri","4/2/20","1","0","29173","0"
"Randolph","0","2","Missouri","4/2/20","1","1","29175","100"
"Ray","0","1","Missouri","4/2/20","0","1","29177","1"
"Reynolds","0","2","Missouri","4/2/20","0","2","29179","1"
"Ripley","0","2","Missouri","4/2/20","0","2","29181","1"
"Scott","1","6","Missouri","4/2/20","1","5","29201","500"
"Shelby","0","1","Missouri","4/2/20","1","0","29205","0"
"St. Charles","12","105","Missouri","4/2/20","24","81","29183","337.5"
"St. Francois","1","9","Missouri","4/2/20","2","7","29187","350"
"St. Louis","85","827","Missouri","4/2/20","230","597","29189","259.57"
"St. Louis City","29","270","Missouri","4/2/20","69","201","29510","291.3"
"Ste. Genevieve","0","3","Missouri","4/2/20","0","3","29186","1"
"Stoddard","0","3","Missouri","4/2/20","1","2","29207","200"
"Stone","0","2","Missouri","4/2/20","0","2","29209","1"
"Taney","0","2","Missouri","4/2/20","1","1","29213","100"
"Texas","0","1","Missouri","4/2/20","0","1","29215","1"
"Warren","1","7","Missouri","4/2/20","0","7","29219","1"
"Webster","0","2","Missouri","4/2/20","0","2","29225","1"
"Wright","1","6","Missouri","4/2/20","0","6","29229","1"
"Broadwater","0","3","Montana","4/2/20","2","1","30007","50"
"Carbon","0","1","Montana","4/2/20","0","1","30009","1"
"Cascade","1","11","Montana","4/2/20","5","6","30013","120"
"Deer Lodge","0","3","Montana","4/2/20","0","3","30023","1"
"Flathead","2","18","Montana","4/2/20","5","13","30029","260"
"Gallatin","8","93","Montana","4/2/20","38","55","30031","144.74"
"Hill","0","1","Montana","4/2/20","1","0","30041","0"
"Jefferson","0","2","Montana","4/2/20","1","1","30043","100"
"Lake","1","4","Montana","4/2/20","0","4","30047","1"
"Lewis and Clark","1","13","Montana","4/2/20","5","8","30049","160"
"Liberty","0","1","Montana","4/2/20","0","1","30051","1"
"Lincoln","1","6","Montana","4/2/20","1","5","30053","500"
"Madison","1","6","Montana","4/2/20","2","4","30057","200"
"Meagher","0","1","Montana","4/2/20","1","0","30059","0"
"Missoula","1","17","Montana","4/2/20","7","10","30063","142.86"
"Musselshell","0","1","Montana","4/2/20","0","1","30065","1"
"Park","1","6","Montana","4/2/20","0","6","30067","1"
"Ravalli","0","1","Montana","4/2/20","1","0","30081","0"
"Roosevelt","0","1","Montana","4/2/20","1","0","30085","0"
"Silver Bow","1","11","Montana","4/2/20","5","6","30093","120"
"Toole","1","6","Montana","4/2/20","1","5","30101","500"
"Yellowstone","3","35","Montana","4/2/20","14","21","30111","150"
"Adams","1","6","Nebraska","4/2/20","1","5","31001","500"
"Antelope","0","1","Nebraska","4/2/20","0","1","31003","1"
"Buffalo","1","8","Nebraska","4/2/20","2","6","31019","300"
"Cass","0","2","Nebraska","4/2/20","2","0","31025","0"
"Cuming","0","1","Nebraska","4/2/20","0","1","31039","1"
"Dawson","0","1","Nebraska","4/2/20","0","1","31047","1"
"Dodge","1","4","Nebraska","4/2/20","0","4","31053","1"
"Douglas","10","116","Nebraska","4/2/20","44","72","31055","163.64"
"Gage","0","1","Nebraska","4/2/20","1","0","31067","0"
"Gosper","0","1","Nebraska","4/2/20","0","1","31073","1"
"Hall","2","17","Nebraska","4/2/20","0","17","31079","1"
"Hamilton","0","2","Nebraska","4/2/20","0","2","31081","1"
"Kearney","0","1","Nebraska","4/2/20","0","1","31099","1"
"Kimball","0","3","Nebraska","4/2/20","0","3","31105","1"
"Knox","0","2","Nebraska","4/2/20","2","0","31107","0"
"Lancaster","1","12","Nebraska","4/2/20","3","9","31109","300"
"Lincoln","1","11","Nebraska","4/2/20","3","8","31111","266.67"
"Madison","0","4","Nebraska","4/2/20","1","3","31119","300"
"Nemaha","0","1","Nebraska","4/2/20","1","0","31127","0"
"Otoe","0","1","Nebraska","4/2/20","0","1","31131","1"
"Platte","0","3","Nebraska","4/2/20","0","3","31141","1"
"Sarpy","2","20","Nebraska","4/2/20","8","12","31153","150"
"Saunders","0","3","Nebraska","4/2/20","2","1","31155","50"
"Scotts Bluff","0","3","Nebraska","4/2/20","0","3","31157","1"
"Washington","2","19","Nebraska","4/2/20","4","15","31177","375"
"York","0","1","Nebraska","4/2/20","0","1","31185","1"
"Carson City","0","5","Nevada","4/2/20","2","3","32510","150"
"Clark","111","1125","Nevada","4/2/20","350","775","32003","221.43"
"Douglas","0","6","Nevada","4/2/20","3","3","32005","100"
"Elko","0","5","Nevada","4/2/20","2","3","32007","150"
"Humboldt","1","5","Nevada","4/2/20","0","5","32013","1"
"Lyon","0","1","Nevada","4/2/20","1","0","32019","0"
"Nye","0","4","Nevada","4/2/20","1","3","32023","300"
"Washoe","15","163","Nevada","4/2/20","57","106","32031","185.96"
"White Pine","0","1","Nevada","4/2/20","0","1","32033","1"
"Belknap","1","13","New Hampshire","4/2/20","8","5","33001","62.5"
"Carroll","1","14","New Hampshire","4/2/20","7","7","33003","100"
"Cheshire","1","8","New Hampshire","4/2/20","1","7","33005","700"
"Grafton","2","38","New Hampshire","4/2/20","22","16","33009","72.73"
"Hillsborough","19","163","New Hampshire","4/2/20","30","133","33011","443.33"
"Merrimack","4","33","New Hampshire","4/2/20","5","28","33013","560"
"Rockingham","16","170","New Hampshire","4/2/20","56","114","33015","203.57"
"Strafford","4","35","New Hampshire","4/2/20","7","28","33017","400"
"Sullivan","1","5","New Hampshire","4/2/20","1","4","33019","400"
"Atlantic","6","50","New Jersey","4/2/20","10","40","34001","400"
"Bergen","413","4099","New Jersey","4/2/20","1206","2893","34003","239.88"
"Burlington","33","294","New Jersey","4/2/20","64","230","34005","359.38"
"Camden","39","343","New Jersey","4/2/20","73","270","34007","369.86"
"Cape May","4","34","New Jersey","4/2/20","6","28","34009","466.67"
"Cumberland","4","31","New Jersey","4/2/20","4","27","34011","675"
"Essex","287","2617","New Jersey","4/2/20","609","2008","34013","329.72"
"Gloucester","19","169","New Jersey","4/2/20","33","136","34015","412.12"
"Hudson","261","2270","New Jersey","4/2/20","441","1829","34017","414.74"
"Hunterdon","13","130","New Jersey","4/2/20","39","91","34019","233.33"
"Mercer","39","386","New Jersey","4/2/20","111","275","34021","247.75"
"Middlesex","180","1766","New Jersey","4/2/20","505","1261","34023","249.7"
"Monmouth","137","1458","New Jersey","4/2/20","501","957","34025","191.02"
"Morris","110","1082","New Jersey","4/2/20","315","767","34027","243.49"
"Ocean","140","1371","New Jersey","4/2/20","389","982","34029","252.44"
"Passaic","193","1750","New Jersey","4/2/20","399","1351","34031","338.6"
"Salem","3","20","New Jersey","4/2/20","2","18","34033","900"
"Somerset","53","549","New Jersey","4/2/20","179","370","34035","206.7"
"Sussex","19","179","New Jersey","4/2/20","49","130","34037","265.31"
"Union","225","2010","New Jersey","4/2/20","432","1578","34039","365.28"
"Warren","12","116","New Jersey","4/2/20","31","85","34041","274.19"
"Bernalillo","14","148","New Mexico","4/2/20","48","100","35001","208.33"
"Chaves","1","10","New Mexico","4/2/20","4","6","35005","150"
"Cibola","1","5","New Mexico","4/2/20","1","4","35006","400"
"Curry","1","5","New Mexico","4/2/20","1","4","35009","400"
"Dona Ana","1","21","New Mexico","4/2/20","13","8","35013","61.54"
"Eddy","0","4","New Mexico","4/2/20","1","3","35015","300"
"Grant","0","1","New Mexico","4/2/20","0","1","35017","1"
"Lea","0","2","New Mexico","4/2/20","1","1","35025","100"
"McKinley","3","24","New Mexico","4/2/20","3","21","35031","700"
"Otero","0","1","New Mexico","4/2/20","0","1","35035","1"
"Rio Arriba","0","4","New Mexico","4/2/20","2","2","35039","100"
"Roosevelt","0","1","New Mexico","4/2/20","0","1","35041","1"
"San Juan","5","41","New Mexico","4/2/20","8","33","35045","412.5"
"San Miguel","0","1","New Mexico","4/2/20","1","0","35047","0"
"Sandoval","3","32","New Mexico","4/2/20","8","24","35043","300"
"Santa Fe","4","48","New Mexico","4/2/20","17","31","35049","182.35"
"Socorro","0","4","New Mexico","4/2/20","2","2","35053","100"
"Taos","1","12","New Mexico","4/2/20","3","9","35055","300"
"Torrance","0","3","New Mexico","4/2/20","0","3","35057","1"
"Valencia","1","5","New Mexico","4/2/20","0","5","35061","1"
"Albany","12","253","New York","4/2/20","171","82","36001","47.95"
"Allegany","1","12","New York","4/2/20","2","10","36003","500"
"Broome","4","46","New York","4/2/20","16","30","36007","187.5"
"Cattaraugus","1","8","New York","4/2/20","0","8","36009","1"
"Cayuga","0","4","New York","4/2/20","2","2","36011","100"
"Chautauqua","1","8","New York","4/2/20","2","6","36013","300"
"Chemung","2","22","New York","4/2/20","7","15","36015","214.29"
"Chenango","4","28","New York","4/2/20","3","25","36017","833.33"
"Clinton","2","25","New York","4/2/20","11","14","36019","127.27"
"Columbia","3","45","New York","4/2/20","24","21","36021","87.5"
"Cortland","1","11","New York","4/2/20","3","8","36023","266.67"
"Delaware","2","22","New York","4/2/20","7","15","36025","214.29"
"Dutchess","68","667","New York","4/2/20","190","477","36027","251.05"
"Erie","59","617","New York","4/2/20","206","411","36029","199.51"
"Essex","0","7","New York","4/2/20","5","2","36031","40"
"Franklin","1","9","New York","4/2/20","1","8","36033","800"
"Fulton","1","6","New York","4/2/20","1","5","36035","500"
"Genesee","2","16","New York","4/2/20","4","12","36037","300"
"Greene","2","21","New York","4/2/20","5","16","36039","320"
"Hamilton","0","2","New York","4/2/20","2","0","36041","0"
"Herkimer","1","14","New York","4/2/20","7","7","36043","100"
"Jefferson","2","15","New York","4/2/20","4","11","36045","275"
"Lewis","0","2","New York","4/2/20","0","2","36049","1"
"Livingston","2","18","New York","4/2/20","3","15","36051","500"
"Madison","8","68","New York","4/2/20","9","59","36053","655.56"
"Monroe","39","420","New York","4/2/20","148","272","36055","183.78"
"Montgomery","0","8","New York","4/2/20","5","3","36057","60"
"Nassau","953","10587","New York","4/2/20","3914","6673","36059","170.49"
"New York","4277","51809","New York","4/2/20","21873","29936","36061","136.86"
"Niagara","11","91","New York","4/2/20","14","77","36063","550"
"Oneida","7","61","New York","4/2/20","13","48","36065","369.23"
"Onondaga","27","301","New York","4/2/20","111","190","36067","171.17"
"Ontario","2","26","New York","4/2/20","11","15","36069","136.36"
"Orange","177","1993","New York","4/2/20","751","1242","36071","165.38"
"Orleans","1","6","New York","4/2/20","2","4","36073","200"
"Oswego","3","23","New York","4/2/20","4","19","36075","475"
"Otsego","3","21","New York","4/2/20","3","18","36077","600"
"Putnam","17","216","New York","4/2/20","94","122","36079","129.79"
"Rensselaer","2","60","New York","4/2/20","44","16","36083","36.36"
"Rockland","365","3751","New York","4/2/20","1197","2554","36087","213.37"
"Saratoga","8","132","New York","4/2/20","73","59","36091","80.82"
"Schenectady","6","101","New York","4/2/20","62","39","36093","62.9"
"Schoharie","1","9","New York","4/2/20","2","7","36095","350"
"Schuyler","0","3","New York","4/2/20","0","3","36097","1"
"Seneca","1","4","New York","4/2/20","0","4","36099","1"
"St. Lawrence","5","39","New York","4/2/20","4","35","36089","875"
"Steuben","5","43","New York","4/2/20","11","32","36101","290.91"
"Suffolk","859","8746","New York","4/2/20","2735","6011","36103","219.78"
"Sullivan","13","143","New York","4/2/20","53","90","36105","169.81"
"Tioga","1","8","New York","4/2/20","2","6","36107","300"
"Tompkins","8","80","New York","4/2/20","23","57","36109","247.83"
"Ulster","23","240","New York","4/2/20","78","162","36111","207.69"
"Warren","2","18","New York","4/2/20","2","16","36113","800"
"Washington","1","12","New York","4/2/20","4","8","36115","200"
"Wayne","3","27","New York","4/2/20","8","19","36117","237.5"
"Westchester","803","11567","New York","4/2/20","5944","5623","36119","94.6"
"Wyoming","1","14","New York","4/2/20","7","7","36121","100"
"Yates","0","1","New York","4/2/20","0","1","36123","1"
"Alamance","1","13","North Carolina","4/2/20","4","9","37001","225"
"Alexander","0","2","North Carolina","4/2/20","0","2","37003","1"
"Alleghany","0","2","North Carolina","4/2/20","0","2","37005","1"
"Anson","0","1","North Carolina","4/2/20","0","1","37007","1"
"Beaufort","1","7","North Carolina","4/2/20","3","4","37013","133.33"
"Bertie","0","6","North Carolina","4/2/20","3","3","37015","100"
"Bladen","0","1","North Carolina","4/2/20","0","1","37017","1"
"Brunswick","2","23","North Carolina","4/2/20","11","12","37019","109.09"
"Buncombe","1","22","North Carolina","4/2/20","15","7","37021","46.67"
"Burke","1","9","North Carolina","4/2/20","2","7","37023","350"
"Cabarrus","5","50","North Carolina","4/2/20","18","32","37025","177.78"
"Caldwell","0","3","North Carolina","4/2/20","3","0","37027","0"
"Carteret","1","14","North Carolina","4/2/20","5","9","37031","180"
"Caswell","0","1","North Carolina","4/2/20","0","1","37033","1"
"Catawba","1","16","North Carolina","4/2/20","9","7","37035","77.78"
"Chatham","1","19","North Carolina","4/2/20","9","10","37037","111.11"
"Cherokee","1","11","North Carolina","4/2/20","4","7","37039","175"
"Chowan","0","1","North Carolina","4/2/20","0","1","37041","1"
"Clay","0","3","North Carolina","4/2/20","0","3","37043","1"
"Cleveland","1","7","North Carolina","4/2/20","2","5","37045","250"
"Columbus","1","4","North Carolina","4/2/20","0","4","37047","1"
"Craven","1","10","North Carolina","4/2/20","3","7","37049","233.33"
"Cumberland","3","27","North Carolina","4/2/20","8","19","37051","237.5"
"Currituck","0","2","North Carolina","4/2/20","0","2","37053","1"
"Dare","0","3","North Carolina","4/2/20","1","2","37055","200"
"Davidson","5","41","North Carolina","4/2/20","4","37","37057","925"
"Davie","2","12","North Carolina","4/2/20","1","11","37059","1100"
"Duplin","0","2","North Carolina","4/2/20","1","1","37061","100"
"Durham","8","147","North Carolina","4/2/20","93","54","37063","58.06"
"Edgecombe","1","4","North Carolina","4/2/20","0","4","37065","1"
"Forsyth","7","63","North Carolina","4/2/20","17","46","37067","270.59"
"Franklin","1","12","North Carolina","4/2/20","5","7","37069","140"
"Gaston","3","33","North Carolina","4/2/20","12","21","37071","175"
"Gates","0","1","North Carolina","4/2/20","0","1","37073","1"
"Granville","3","20","North Carolina","4/2/20","1","19","37077","1900"
"Greene","1","5","North Carolina","4/2/20","0","5","37079","1"
"Guilford","7","74","North Carolina","4/2/20","24","50","37081","208.33"
"Halifax","1","7","North Carolina","4/2/20","0","7","37083","1"
"Harnett","1","19","North Carolina","4/2/20","11","8","37085","72.73"
"Haywood","0","2","North Carolina","4/2/20","0","2","37087","1"
"Henderson","2","22","North Carolina","4/2/20","6","16","37089","266.67"
"Hertford","0","4","North Carolina","4/2/20","3","1","37091","33.33"
"Hoke","1","7","North Carolina","4/2/20","2","5","37093","250"
"Hyde","0","0","North Carolina","4/2/20","1","-1","37095","-100"
"Iredell","3","36","North Carolina","4/2/20","13","23","37097","176.92"
"Jackson","0","1","North Carolina","4/2/20","1","0","37099","0"
"Johnston","2","20","North Carolina","4/2/20","9","11","37101","122.22"
"Lee","0","3","North Carolina","4/2/20","2","1","37105","50"
"Lenoir","0","5","North Carolina","4/2/20","3","2","37107","66.67"
"Lincoln","1","8","North Carolina","4/2/20","1","7","37109","700"
"Macon","0","1","North Carolina","4/2/20","0","1","37113","1"
"Martin","0","3","North Carolina","4/2/20","0","3","37117","1"
"McDowell","1","8","North Carolina","4/2/20","2","6","37111","300"
"Mecklenburg","47","533","North Carolina","4/2/20","204","329","37119","161.27"
"Mitchell","0","1","North Carolina","4/2/20","1","0","37121","0"
"Montgomery","0","6","North Carolina","4/2/20","3","3","37123","100"
"Moore","1","11","North Carolina","4/2/20","3","8","37125","266.67"
"Nash","1","11","North Carolina","4/2/20","4","7","37127","175"
"New Hanover","4","42","North Carolina","4/2/20","14","28","37129","200"
"Northampton","4","30","North Carolina","4/2/20","3","27","37131","900"
"Onslow","1","8","North Carolina","4/2/20","4","4","37133","100"
"Orange","3","37","North Carolina","4/2/20","16","21","37135","131.25"
"Pamlico","0","2","North Carolina","4/2/20","0","2","37137","1"
"Pasquotank","1","7","North Carolina","4/2/20","1","6","37139","600"
"Perquimans","0","1","North Carolina","4/2/20","0","1","37143","1"
"Person","0","2","North Carolina","4/2/20","1","1","37145","100"
"Pitt","3","29","North Carolina","4/2/20","8","21","37147","262.5"
"Polk","1","4","North Carolina","4/2/20","0","4","37149","1"
"Randolph","2","19","North Carolina","4/2/20","3","16","37151","533.33"
"Robeson","0","3","North Carolina","4/2/20","2","1","37155","50"
"Rockingham","0","2","North Carolina","4/2/20","0","2","37157","1"
"Rowan","3","31","North Carolina","4/2/20","12","19","37159","158.33"
"Rutherford","1","9","North Carolina","4/2/20","0","9","37161","1"
"Sampson","0","1","North Carolina","4/2/20","1","0","37163","0"
"Scotland","0","2","North Carolina","4/2/20","1","1","37165","100"
"Stanly","1","5","North Carolina","4/2/20","0","5","37167","1"
"Stokes","0","3","North Carolina","4/2/20","0","3","37169","1"
"Surry","0","2","North Carolina","4/2/20","1","1","37171","100"
"Transylvania","0","5","North Carolina","4/2/20","2","3","37175","150"
"Union","4","55","North Carolina","4/2/20","27","28","37179","103.7"
"Vance","1","6","North Carolina","4/2/20","2","4","37181","200"
"Wake","22","251","North Carolina","4/2/20","100","151","37183","151"
"Washington","0","2","North Carolina","4/2/20","0","2","37187","1"
"Watauga","1","8","North Carolina","4/2/20","3","5","37189","166.67"
"Wayne","1","7","North Carolina","4/2/20","3","4","37191","133.33"
"Wilkes","1","4","North Carolina","4/2/20","0","4","37193","1"
"Wilson","1","17","North Carolina","4/2/20","7","10","37195","142.86"
"Yadkin","1","4","North Carolina","4/2/20","0","4","37197","1"
"Barnes","0","2","North Dakota","4/2/20","0","2","38003","1"
"Burke","0","2","North Dakota","4/2/20","0","2","38013","1"
"Burleigh","1","32","North Dakota","4/2/20","22","10","38015","45.45"
"Cass","5","43","North Dakota","4/2/20","6","37","38017","616.67"
"Divide","0","1","North Dakota","4/2/20","0","1","38023","1"
"Dunn","0","1","North Dakota","4/2/20","1","0","38025","0"
"Foster","0","1","North Dakota","4/2/20","1","0","38031","0"
"Grand Forks","1","5","North Dakota","4/2/20","0","5","38035","1"
"Grant","0","1","North Dakota","4/2/20","0","1","38037","1"
"McHenry","0","1","North Dakota","4/2/20","1","0","38049","0"
"McIntosh","0","1","North Dakota","4/2/20","0","1","38051","1"
"McKenzie","0","2","North Dakota","4/2/20","0","2","38053","1"
"McLean","0","2","North Dakota","4/2/20","0","2","38055","1"
"Morton","1","14","North Dakota","4/2/20","8","6","38059","75"
"Mountrail","1","8","North Dakota","4/2/20","0","8","38061","1"
"Oliver","0","1","North Dakota","4/2/20","0","1","38065","1"
"Pierce","0","2","North Dakota","4/2/20","2","0","38069","0"
"Ramsey","0","3","North Dakota","4/2/20","3","0","38071","0"
"Sioux","0","1","North Dakota","4/2/20","0","1","38085","1"
"Stark","2","18","North Dakota","4/2/20","3","15","38089","500"
"Walsh","0","1","North Dakota","4/2/20","1","0","38099","0"
"Ward","1","13","North Dakota","4/2/20","3","10","38101","333.33"
"Williams","1","4","North Dakota","4/2/20","0","4","38105","1"
"","1","6","Northern Mariana Islands","4/2/20","0","6",,"1"
"Allen","1","10","Ohio","4/2/20","0","10","39003","1"
"Ashland","0","3","Ohio","4/2/20","1","2","39005","200"
"Ashtabula","1","8","Ohio","4/2/20","3","5","39007","166.67"
"Athens","0","3","Ohio","4/2/20","1","2","39009","200"
"Auglaize","0","3","Ohio","4/2/20","0","3","39011","1"
"Belmont","1","12","Ohio","4/2/20","3","9","39013","300"
"Brown","0","2","Ohio","4/2/20","0","2","39015","1"
"Butler","3","45","Ohio","4/2/20","21","24","39017","114.29"
"Carroll","0","5","Ohio","4/2/20","3","2","39019","66.67"
"Champaign","0","4","Ohio","4/2/20","2","2","39021","100"
"Clark","1","7","Ohio","4/2/20","2","5","39023","250"
"Clermont","1","14","Ohio","4/2/20","6","8","39025","133.33"
"Clinton","0","5","Ohio","4/2/20","2","3","39027","150"
"Columbiana","2","22","Ohio","4/2/20","5","17","39029","340"
"Coshocton","1","8","Ohio","4/2/20","4","4","39031","100"
"Crawford","1","6","Ohio","4/2/20","1","5","39033","500"
"Cuyahoga","58","663","Ohio","4/2/20","259","404","39035","155.98"
"Darke","3","22","Ohio","4/2/20","1","21","39037","2100"
"Defiance","1","6","Ohio","4/2/20","2","4","39039","200"
"Delaware","5","50","Ohio","4/2/20","15","35","39041","233.33"
"Erie","0","5","Ohio","4/2/20","3","2","39043","66.67"
"Fairfield","3","28","Ohio","4/2/20","6","22","39045","366.67"
"Fayette","0","1","Ohio","4/2/20","1","0","39047","0"
"Franklin","47","441","Ohio","4/2/20","109","332","39049","304.59"
"Fulton","0","3","Ohio","4/2/20","0","3","39051","1"
"Gallia","0","3","Ohio","4/2/20","1","2","39053","200"
"Geauga","4","33","Ohio","4/2/20","7","26","39055","371.43"
"Greene","1","8","Ohio","4/2/20","3","5","39057","166.67"
"Guernsey","0","1","Ohio","4/2/20","0","1","39059","1"
"Hamilton","18","178","Ohio","4/2/20","53","125","39061","235.85"
"Hancock","1","8","Ohio","4/2/20","2","6","39063","300"
"Hardin","0","1","Ohio","4/2/20","0","1","39065","1"
"Highland","0","3","Ohio","4/2/20","1","2","39071","200"
"Holmes","0","1","Ohio","4/2/20","0","1","39075","1"
"Huron","0","4","Ohio","4/2/20","3","1","39077","33.33"
"Jefferson","2","13","Ohio","4/2/20","1","12","39081","1200"
"Knox","0","5","Ohio","4/2/20","2","3","39083","150"
"Lake","6","62","Ohio","4/2/20","19","43","39085","226.32"
"Lawrence","0","2","Ohio","4/2/20","1","1","39087","100"
"Licking","4","30","Ohio","4/2/20","5","25","39089","500"
"Logan","0","3","Ohio","4/2/20","2","1","39091","50"
"Lorain","7","90","Ohio","4/2/20","44","46","39093","104.55"
"Lucas","24","206","Ohio","4/2/20","35","171","39095","488.57"
"Madison","1","11","Ohio","4/2/20","3","8","39097","266.67"
"Mahoning","20","192","Ohio","4/2/20","51","141","39099","276.47"
"Marion","1","10","Ohio","4/2/20","4","6","39101","150"
"Medina","6","68","Ohio","4/2/20","24","44","39103","183.33"
"Mercer","1","5","Ohio","4/2/20","1","4","39107","400"
"Miami","6","62","Ohio","4/2/20","20","42","39109","210"
"Montgomery","5","49","Ohio","4/2/20","14","35","39113","250"
"Morrow","0","1","Ohio","4/2/20","0","1","39117","1"
"Muskingum","0","3","Ohio","4/2/20","1","2","39119","200"
"Ottawa","1","5","Ohio","4/2/20","0","5","39123","1"
"Perry","0","2","Ohio","4/2/20","0","2","39127","1"
"Pickaway","1","11","Ohio","4/2/20","2","9","39129","450"
"Pike","0","1","Ohio","4/2/20","0","1","39131","1"
"Portage","7","59","Ohio","4/2/20","8","51","39133","637.5"
"Preble","0","1","Ohio","4/2/20","0","1","39135","1"
"Richland","1","8","Ohio","4/2/20","4","4","39139","100"
"Ross","0","3","Ohio","4/2/20","0","3","39141","1"
"Sandusky","1","5","Ohio","4/2/20","1","4","39143","400"
"Seneca","0","4","Ohio","4/2/20","1","3","39147","300"
"Shelby","1","6","Ohio","4/2/20","1","5","39149","500"
"Stark","7","67","Ohio","4/2/20","16","51","39151","318.75"
"Summit","15","155","Ohio","4/2/20","50","105","39153","210"
"Trumbull","7","63","Ohio","4/2/20","12","51","39155","425"
"Tuscarawas","2","16","Ohio","4/2/20","3","13","39157","433.33"
"Union","0","4","Ohio","4/2/20","3","1","39159","33.33"
"Van Wert","0","2","Ohio","4/2/20","0","2","39161","1"
"Warren","2","26","Ohio","4/2/20","10","16","39165","160"
"Washington","0","4","Ohio","4/2/20","1","3","39167","300"
"Wayne","1","11","Ohio","4/2/20","2","9","39169","450"
"Wood","2","18","Ohio","4/2/20","6","12","39173","200"
"Wyandot","0","2","Ohio","4/2/20","1","1","39175","100"
"Adair","1","9","Oklahoma","4/2/20","2","7","40001","350"
"Atoka","0","1","Oklahoma","4/2/20","0","1","40005","1"
"Beckham","0","1","Oklahoma","4/2/20","0","1","40009","1"
"Bryan","0","2","Oklahoma","4/2/20","1","1","40013","100"
"Caddo","0","2","Oklahoma","4/2/20","0","2","40015","1"
"Canadian","3","28","Oklahoma","4/2/20","6","22","40017","366.67"
"Carter","0","1","Oklahoma","4/2/20","1","0","40019","0"
"Cherokee","1","7","Oklahoma","4/2/20","0","7","40021","1"
"Choctaw","0","1","Oklahoma","4/2/20","0","1","40023","1"
"Cleveland","12","121","Oklahoma","4/2/20","39","82","40027","210.26"
"Comanche","3","27","Oklahoma","4/2/20","3","24","40031","800"
"Cotton","0","1","Oklahoma","4/2/20","0","1","40033","1"
"Craig","0","2","Oklahoma","4/2/20","1","1","40035","100"
"Creek","4","36","Oklahoma","4/2/20","10","26","40037","260"
"Custer","0","5","Oklahoma","4/2/20","3","2","40039","66.67"
"Delaware","1","10","Oklahoma","4/2/20","1","9","40041","900"
"Garfield","1","4","Oklahoma","4/2/20","0","4","40047","1"
"Garvin","1","8","Oklahoma","4/2/20","2","6","40049","300"
"Grady","0","3","Oklahoma","4/2/20","2","1","40051","50"
"Greer","0","2","Oklahoma","4/2/20","0","2","40055","1"
"Jackson","0","2","Oklahoma","4/2/20","1","1","40065","100"
"Kay","2","24","Oklahoma","4/2/20","11","13","40071","118.18"
"Kingfisher","0","2","Oklahoma","4/2/20","0","2","40073","1"
"Kiowa","0","1","Oklahoma","4/2/20","0","1","40075","1"
"Latimer","0","2","Oklahoma","4/2/20","0","2","40077","1"
"Le Flore","0","1","Oklahoma","4/2/20","0","1","40079","1"
"Lincoln","1","6","Oklahoma","4/2/20","1","5","40081","500"
"Logan","0","5","Oklahoma","4/2/20","3","2","40083","66.67"
"Love","0","2","Oklahoma","4/2/20","0","2","40085","1"
"Mayes","0","5","Oklahoma","4/2/20","2","3","40097","150"
"McClain","1","11","Oklahoma","4/2/20","2","9","40087","450"
"Muskogee","2","15","Oklahoma","4/2/20","4","11","40101","275"
"Noble","0","5","Oklahoma","4/2/20","2","3","40103","150"
"Nowata","1","6","Oklahoma","4/2/20","0","6","40105","1"
"Oklahoma","20","216","Oklahoma","4/2/20","73","143","40109","195.89"
"Okmulgee","0","5","Oklahoma","4/2/20","2","3","40111","150"
"Osage","3","22","Oklahoma","4/2/20","3","19","40113","633.33"
"Ottawa","1","8","Oklahoma","4/2/20","1","7","40115","700"
"Out of OK","0","2","Oklahoma","4/2/20","0","2","80040","1"
"Pawnee","1","15","Oklahoma","4/2/20","10","5","40117","50"
"Payne","2","18","Oklahoma","4/2/20","5","13","40119","260"
"Pittsburg","0","2","Oklahoma","4/2/20","0","2","40121","1"
"Pontotoc","1","5","Oklahoma","4/2/20","1","4","40123","400"
"Pottawatomie","1","9","Oklahoma","4/2/20","2","7","40125","350"
"Rogers","1","8","Oklahoma","4/2/20","0","8","40131","1"
"Seminole","0","1","Oklahoma","4/2/20","0","1","40133","1"
"Sequoyah","0","4","Oklahoma","4/2/20","1","3","40135","300"
"Stephens","1","7","Oklahoma","4/2/20","1","6","40137","600"
"Texas","0","1","Oklahoma","4/2/20","0","1","40139","1"
"Tulsa","16","151","Oklahoma","4/2/20","41","110","40143","268.29"
"Wagoner","3","24","Oklahoma","4/2/20","6","18","40145","300"
"Washington","3","24","Oklahoma","4/2/20","5","19","40147","380"
"Woodward","0","1","Oklahoma","4/2/20","0","1","40153","1"
"Benton","1","15","Oregon","4/2/20","6","9","41003","150"
"Clackamas","6","61","Oregon","4/2/20","21","40","41005","190.48"
"Clatsop","0","3","Oregon","4/2/20","2","1","41007","50"
"Columbia","0","1","Oregon","4/2/20","0","1","41009","1"
"Deschutes","2","32","Oregon","4/2/20","15","17","41017","113.33"
"Douglas","1","9","Oregon","4/2/20","3","6","41019","200"
"Grant","0","1","Oregon","4/2/20","1","0","41023","0"
"Hood River","0","3","Oregon","4/2/20","1","2","41027","200"
"Jackson","3","27","Oregon","4/2/20","4","23","41029","575"
"Josephine","1","12","Oregon","4/2/20","4","8","41033","200"
"Klamath","1","8","Oregon","4/2/20","1","7","41035","700"
"Lane","2","21","Oregon","4/2/20","7","14","41039","200"
"Lincoln","0","4","Oregon","4/2/20","1","3","41041","300"
"Linn","2","37","Oregon","4/2/20","26","11","41043","42.31"
"Malheur","0","1","Oregon","4/2/20","0","1","41045","1"
"Marion","15","164","Oregon","4/2/20","57","107","41047","187.72"
"Morrow","0","1","Oregon","4/2/20","0","1","41049","1"
"Multnomah","16","160","Oregon","4/2/20","45","115","41051","255.56"
"Polk","2","18","Oregon","4/2/20","6","12","41053","200"
"Tillamook","0","3","Oregon","4/2/20","1","2","41057","200"
"Umatilla","0","5","Oregon","4/2/20","2","3","41059","150"
"Union","0","3","Oregon","4/2/20","1","2","41061","200"
"Wallowa","0","1","Oregon","4/2/20","0","1","41063","1"
"Wasco","1","7","Oregon","4/2/20","1","6","41065","600"
"Washington","15","211","Oregon","4/2/20","104","107","41067","102.88"
"Yamhill","2","18","Oregon","4/2/20","7","11","41071","157.14"
"Adams","2","18","Pennsylvania","4/2/20","7","11","42001","157.14"
"Allegheny","41","419","Pennsylvania","4/2/20","133","286","42003","215.04"
"Armstrong","1","7","Pennsylvania","4/2/20","1","6","42005","600"
"Beaver","6","55","Pennsylvania","4/2/20","13","42","42007","323.08"
"Bedford","0","3","Pennsylvania","4/2/20","0","3","42009","1"
"Berks","19","168","Pennsylvania","4/2/20","36","132","42011","366.67"
"Blair","0","4","Pennsylvania","4/2/20","1","3","42013","300"
"Bradford","1","8","Pennsylvania","4/2/20","2","6","42015","300"
"Bucks","38","373","Pennsylvania","4/2/20","110","263","42017","239.09"
"Butler","7","69","Pennsylvania","4/2/20","19","50","42019","263.16"
"Cambria","0","4","Pennsylvania","4/2/20","1","3","42021","300"
"Cameron","0","1","Pennsylvania","4/2/20","0","1","42023","1"
"Carbon","3","26","Pennsylvania","4/2/20","2","24","42025","1200"
"Centre","3","28","Pennsylvania","4/2/20","9","19","42027","211.11"
"Chester","18","210","Pennsylvania","4/2/20","84","126","42029","150"
"Clarion","1","4","Pennsylvania","4/2/20","0","4","42031","1"
"Clearfield","0","4","Pennsylvania","4/2/20","2","2","42033","100"
"Columbia","1","11","Pennsylvania","4/2/20","3","8","42037","266.67"
"Crawford","1","5","Pennsylvania","4/2/20","1","4","42039","400"
"Cumberland","4","41","Pennsylvania","4/2/20","15","26","42041","173.33"
"Dauphin","8","67","Pennsylvania","4/2/20","13","54","42043","415.38"
"Delaware","45","470","Pennsylvania","4/2/20","156","314","42045","201.28"
"Erie","2","17","Pennsylvania","4/2/20","5","12","42049","240"
"Fayette","1","15","Pennsylvania","4/2/20","8","7","42051","87.5"
"Forest","0","1","Pennsylvania","4/2/20","0","1","42053","1"
"Franklin","3","23","Pennsylvania","4/2/20","5","18","42055","360"
"Greene","1","11","Pennsylvania","4/2/20","3","8","42059","266.67"
"Huntingdon","0","2","Pennsylvania","4/2/20","0","2","42061","1"
"Indiana","1","6","Pennsylvania","4/2/20","1","5","42063","500"
"Juniata","0","2","Pennsylvania","4/2/20","1","1","42067","100"
"Lackawanna","11","108","Pennsylvania","4/2/20","28","80","42069","285.71"
"Lancaster","26","203","Pennsylvania","4/2/20","21","182","42071","866.67"
"Lawrence","2","16","Pennsylvania","4/2/20","1","15","42073","1500"
"Lebanon","6","45","Pennsylvania","4/2/20","4","41","42075","1025"
"Lehigh","59","479","Pennsylvania","4/2/20","63","416","42077","660.32"
"Luzerne","50","384","Pennsylvania","4/2/20","36","348","42079","966.67"
"Lycoming","1","7","Pennsylvania","4/2/20","1","6","42081","600"
"McKean","0","1","Pennsylvania","4/2/20","0","1","42083","1"
"Mercer","1","9","Pennsylvania","4/2/20","3","6","42085","200"
"Mifflin","0","1","Pennsylvania","4/2/20","0","1","42087","1"
"Monroe","36","321","Pennsylvania","4/2/20","67","254","42089","379.1"
"Montgomery","60","735","Pennsylvania","4/2/20","313","422","42091","134.82"
"Montour","2","15","Pennsylvania","4/2/20","4","11","42093","275"
"Northampton","46","378","Pennsylvania","4/2/20","56","322","42095","575"
"Northumberland","1","8","Pennsylvania","4/2/20","0","8","42097","1"
"Perry","0","3","Pennsylvania","4/2/20","0","3","42099","1"
"Philadelphia","232","2100","Pennsylvania","4/2/20","475","1625","42101","342.11"
"Pike","8","68","Pennsylvania","4/2/20","15","53","42103","353.33"
"Potter","0","2","Pennsylvania","4/2/20","1","1","42105","100"
"Schuylkill","6","54","Pennsylvania","4/2/20","9","45","42107","500"
"Snyder","0","3","Pennsylvania","4/2/20","0","3","42109","1"
"Somerset","0","3","Pennsylvania","4/2/20","2","1","42111","50"
"Susquehanna","0","3","Pennsylvania","4/2/20","1","2","42115","200"
"Tioga","0","2","Pennsylvania","4/2/20","0","2","42117","1"
"Union","0","2","Pennsylvania","4/2/20","0","2","42119","1"
"Venango","0","3","Pennsylvania","4/2/20","0","3","42121","1"
"Warren","0","1","Pennsylvania","4/2/20","1","0","42123","0"
"Washington","4","38","Pennsylvania","4/2/20","12","26","42125","216.67"
"Wayne","2","17","Pennsylvania","4/2/20","6","11","42127","183.33"
"Westmoreland","9","84","Pennsylvania","4/2/20","24","60","42129","250"
"Wyoming","0","1","Pennsylvania","4/2/20","0","1","42131","1"
"York","12","102","Pennsylvania","4/2/20","21","81","42133","385.71"
"","36","316","Puerto Rico","4/2/20","64","252",,"393.75"
"Bristol","2","21","Rhode Island","4/2/20","6","15","44001","250"
"Kent","7","59","Rhode Island","4/2/20","9","50","44003","555.56"
"Newport","3","33","Rhode Island","4/2/20","12","21","44005","175"
"Providence","47","418","Rhode Island","4/2/20","91","327","44007","359.34"
"Washington","3","34","Rhode Island","4/2/20","14","20","44009","142.86"
"Abbeville","0","6","South Carolina","4/2/20","3","3","45001","100"
"Aiken","3","22","South Carolina","4/2/20","2","20","45003","1000"
"Allendale","0","1","South Carolina","4/2/20","0","1","45005","1"
"Anderson","5","57","South Carolina","4/2/20","19","38","45007","200"
"Bamberg","1","5","South Carolina","4/2/20","0","5","45009","1"
"Barnwell","0","2","South Carolina","4/2/20","0","2","45011","1"
"Beaufort","15","130","South Carolina","4/2/20","26","104","45013","400"
"Berkeley","4","33","South Carolina","4/2/20","5","28","45015","560"
"Calhoun","0","3","South Carolina","4/2/20","1","2","45017","200"
"Charleston","26","231","South Carolina","4/2/20","52","179","45019","344.23"
"Cherokee","0","1","South Carolina","4/2/20","0","1","45021","1"
"Chester","1","6","South Carolina","4/2/20","1","5","45023","500"
"Chesterfield","1","10","South Carolina","4/2/20","3","7","45025","233.33"
"Clarendon","4","31","South Carolina","4/2/20","5","26","45027","520"
"Colleton","1","6","South Carolina","4/2/20","1","5","45029","500"
"Darlington","1","15","South Carolina","4/2/20","8","7","45031","87.5"
"Dillon","0","1","South Carolina","4/2/20","1","0","45033","0"
"Dorchester","4","35","South Carolina","4/2/20","4","31","45035","775"
"Edgefield","0","4","South Carolina","4/2/20","1","3","45037","300"
"Fairfield","1","8","South Carolina","4/2/20","3","5","45039","166.67"
"Florence","3","26","South Carolina","4/2/20","5","21","45041","420"
"Georgetown","2","15","South Carolina","4/2/20","2","13","45043","650"
"Greenville","15","154","South Carolina","4/2/20","50","104","45045","208"
"Greenwood","1","8","South Carolina","4/2/20","2","6","45047","300"
"Hampton","0","1","South Carolina","4/2/20","0","1","45049","1"
"Horry","4","50","South Carolina","4/2/20","20","30","45051","150"
"Jasper","1","7","South Carolina","4/2/20","2","5","45053","250"
"Kershaw","9","129","South Carolina","4/2/20","63","66","45055","104.76"
"Lancaster","3","26","South Carolina","4/2/20","6","20","45057","333.33"
"Laurens","1","4","South Carolina","4/2/20","0","4","45059","1"
"Lee","1","8","South Carolina","4/2/20","2","6","45061","300"
"Lexington","7","70","South Carolina","4/2/20","18","52","45063","288.89"
"Marion","0","2","South Carolina","4/2/20","1","1","45067","100"
"Marlboro","0","3","South Carolina","4/2/20","1","2","45069","200"
"McCormick","0","1","South Carolina","4/2/20","0","1","45065","1"
"Newberry","0","4","South Carolina","4/2/20","1","3","45071","300"
"Oconee","0","5","South Carolina","4/2/20","2","3","45073","150"
"Orangeburg","2","24","South Carolina","4/2/20","9","15","45075","166.67"
"Pickens","1","15","South Carolina","4/2/20","6","9","45077","150"
"Richland","20","200","South Carolina","4/2/20","59","141","45079","238.98"
"Saluda","0","2","South Carolina","4/2/20","1","1","45081","100"
"Spartanburg","6","50","South Carolina","4/2/20","9","41","45083","455.56"
"Sumter","8","66","South Carolina","4/2/20","10","56","45085","560"
"Union","1","5","South Carolina","4/2/20","1","4","45087","400"
"Williamsburg","1","6","South Carolina","4/2/20","1","5","45089","500"
"York","7","66","South Carolina","4/2/20","18","48","45091","266.67"
"Aurora","0","1","South Dakota","4/2/20","0","1","46003","1"
"Beadle","1","21","South Dakota","4/2/20","14","7","46005","50"
"Bon Homme","0","1","South Dakota","4/2/20","1","0","46009","0"
"Brookings","0","2","South Dakota","4/2/20","1","1","46011","100"
"Brown","1","6","South Dakota","4/2/20","2","4","46013","200"
"Charles Mix","0","1","South Dakota","4/2/20","1","0","46023","0"
"Clark","0","1","South Dakota","4/2/20","0","1","46025","1"
"Clay","0","3","South Dakota","4/2/20","0","3","46027","1"
"Codington","1","6","South Dakota","4/2/20","1","5","46029","500"
"Davison","0","3","South Dakota","4/2/20","2","1","46035","50"
"Deuel","0","1","South Dakota","4/2/20","0","1","46039","1"
"Fall River","0","1","South Dakota","4/2/20","0","1","46047","1"
"Faulk","0","1","South Dakota","4/2/20","0","1","46049","1"
"Hamlin","0","1","South Dakota","4/2/20","0","1","46057","1"
"Hughes","0","3","South Dakota","4/2/20","1","2","46065","200"
"Hutchinson","0","2","South Dakota","4/2/20","0","2","46067","1"
"Lake","0","1","South Dakota","4/2/20","0","1","46079","1"
"Lawrence","1","9","South Dakota","4/2/20","0","9","46081","1"
"Lincoln","2","17","South Dakota","4/2/20","2","15","46083","750"
"Lyman","0","1","South Dakota","4/2/20","1","0","46085","0"
"Marshall","0","1","South Dakota","4/2/20","0","1","46091","1"
"McCook","0","2","South Dakota","4/2/20","2","0","46087","0"
"Meade","0","1","South Dakota","4/2/20","1","0","46093","0"
"Minnehaha","5","54","South Dakota","4/2/20","16","38","46099","237.5"
"Pennington","1","6","South Dakota","4/2/20","1","5","46103","500"
"Roberts","0","2","South Dakota","4/2/20","0","2","46109","1"
"Spink","0","1","South Dakota","4/2/20","0","1","46115","1"
"Todd","0","1","South Dakota","4/2/20","0","1","46121","1"
"Turner","0","2","South Dakota","4/2/20","0","2","46125","1"
"Union","0","3","South Dakota","4/2/20","0","3","46127","1"
"Yankton","1","10","South Dakota","4/2/20","0","10","46135","1"
"Anderson","1","10","Tennessee","4/2/20","3","7","47001","233.33"
"Bedford","1","6","Tennessee","4/2/20","1","5","47003","500"
"Benton","0","4","Tennessee","4/2/20","1","3","47005","300"
"Bledsoe","0","2","Tennessee","4/2/20","0","2","47007","1"
"Blount","4","32","Tennessee","4/2/20","4","28","47009","700"
"Bradley","2","18","Tennessee","4/2/20","5","13","47011","260"
"Campbell","0","4","Tennessee","4/2/20","2","2","47013","100"
"Cannon","0","4","Tennessee","4/2/20","1","3","47015","300"
"Carroll","0","5","Tennessee","4/2/20","3","2","47017","66.67"
"Carter","0","1","Tennessee","4/2/20","0","1","47019","1"
"Cheatham","1","11","Tennessee","4/2/20","7","4","47021","57.14"
"Chester","0","3","Tennessee","4/2/20","2","1","47023","50"
"Claiborne","0","2","Tennessee","4/2/20","2","0","47025","0"
"Clay","0","1","Tennessee","4/2/20","0","1","47027","1"
"Cocke","0","1","Tennessee","4/2/20","1","0","47029","0"
"Coffee","0","3","Tennessee","4/2/20","0","3","47031","1"
"Cumberland","1","16","Tennessee","4/2/20","6","10","47035","166.67"
"Davidson","70","785","Tennessee","4/2/20","293","492","47037","167.92"
"DeKalb","1","5","Tennessee","4/2/20","0","5","47041","1"
"Dickson","2","20","Tennessee","4/2/20","7","13","47043","185.71"
"Dyer","0","5","Tennessee","4/2/20","3","2","47045","66.67"
"Fayette","2","14","Tennessee","4/2/20","3","11","47047","366.67"
"Fentress","0","1","Tennessee","4/2/20","0","1","47049","1"
"Franklin","1","8","Tennessee","4/2/20","2","6","47051","300"
"Gibson","1","6","Tennessee","4/2/20","2","4","47053","200"
"Giles","0","3","Tennessee","4/2/20","0","3","47055","1"
"Grainger","0","3","Tennessee","4/2/20","0","3","47057","1"
"Greene","1","16","Tennessee","4/2/20","8","8","47059","100"
"Grundy","1","8","Tennessee","4/2/20","1","7","47061","700"
"Hamblen","0","3","Tennessee","4/2/20","2","1","47063","50"
"Hamilton","4","61","Tennessee","4/2/20","30","31","47065","103.33"
"Hardeman","1","4","Tennessee","4/2/20","0","4","47069","1"
"Hardin","0","2","Tennessee","4/2/20","1","1","47071","100"
"Hawkins","1","7","Tennessee","4/2/20","1","6","47073","600"
"Haywood","0","2","Tennessee","4/2/20","0","2","47075","1"
"Henry","1","4","Tennessee","4/2/20","0","4","47079","1"
"Hickman","0","1","Tennessee","4/2/20","0","1","47081","1"
"Houston","0","1","Tennessee","4/2/20","3","-2","47083","-66.67"
"Humphreys","0","2","Tennessee","4/2/20","0","2","47085","1"
"Jefferson","0","6","Tennessee","4/2/20","4","2","47089","50"
"Johnson","0","2","Tennessee","4/2/20","0","2","47091","1"
"Knox","9","92","Tennessee","4/2/20","26","66","47093","253.85"
"Lauderdale","0","2","Tennessee","4/2/20","0","2","47097","1"
"Lawrence","0","2","Tennessee","4/2/20","0","2","47099","1"
"Lewis","0","2","Tennessee","4/2/20","2","0","47101","0"
"Lincoln","0","2","Tennessee","4/2/20","1","1","47103","100"
"Loudon","0","9","Tennessee","4/2/20","6","3","47105","50"
"Macon","1","5","Tennessee","4/2/20","1","4","47111","400"
"Madison","2","13","Tennessee","4/2/20","2","11","47113","550"
"Marion","2","13","Tennessee","4/2/20","2","11","47115","550"
"Marshall","0","2","Tennessee","4/2/20","0","2","47117","1"
"Maury","2","18","Tennessee","4/2/20","7","11","47119","157.14"
"McMinn","0","3","Tennessee","4/2/20","3","0","47107","0"
"McNairy","0","3","Tennessee","4/2/20","0","3","47109","1"
"Meigs","0","2","Tennessee","4/2/20","1","1","47121","100"
"Monroe","0","5","Tennessee","4/2/20","2","3","47123","150"
"Montgomery","4","37","Tennessee","4/2/20","6","31","47125","516.67"
"Morgan","0","1","Tennessee","4/2/20","0","1","47129","1"
"Obion","0","2","Tennessee","4/2/20","0","2","47131","1"
"Out of TN","18","243","Tennessee","4/2/20","117","126","80047","107.69"
"Overton","0","2","Tennessee","4/2/20","1","1","47133","100"
"Perry","0","2","Tennessee","4/2/20","1","1","47135","100"
"Polk","0","1","Tennessee","4/2/20","0","1","47139","1"
"Putnam","4","37","Tennessee","4/2/20","11","26","47141","236.36"
"Roane","0","3","Tennessee","4/2/20","1","2","47145","200"
"Robertson","3","41","Tennessee","4/2/20","20","21","47147","105"
"Rutherford","12","113","Tennessee","4/2/20","27","86","47149","318.52"
"Scott","0","3","Tennessee","4/2/20","1","2","47151","200"
"Sequatchie","0","2","Tennessee","4/2/20","0","2","47153","1"
"Sevier","1","10","Tennessee","4/2/20","3","7","47155","233.33"
"Shelby","63","638","Tennessee","4/2/20","198","440","47157","222.22"
"Smith","0","3","Tennessee","4/2/20","0","3","47159","1"
"Sullivan","2","17","Tennessee","4/2/20","4","13","47163","325"
"Sumner","32","268","Tennessee","4/2/20","43","225","47165","523.26"
"Tipton","2","24","Tennessee","4/2/20","8","16","47167","200"
"Trousdale","1","6","Tennessee","4/2/20","0","6","47169","1"
"Unicoi","0","1","Tennessee","4/2/20","0","1","47171","1"
"Union","0","1","Tennessee","4/2/20","0","1","47173","1"
"Warren","0","1","Tennessee","4/2/20","0","1","47177","1"
"Washington","2","20","Tennessee","4/2/20","9","11","47179","122.22"
"Wayne","0","2","Tennessee","4/2/20","0","2","47181","1"
"Weakley","0","1","Tennessee","4/2/20","0","1","47183","1"
"White","0","2","Tennessee","4/2/20","1","1","47185","100"
"Williamson","18","199","Tennessee","4/2/20","70","129","47187","184.29"
"Wilson","7","62","Tennessee","4/2/20","13","49","47189","376.92"
"Anderson","0","1","Texas","4/2/20","0","1","48001","1"
"Angelina","1","5","Texas","4/2/20","1","4","48005","400"
"Atascosa","0","2","Texas","4/2/20","2","0","48013","0"
"Austin","0","4","Texas","4/2/20","1","3","48015","300"
"Bastrop","1","10","Texas","4/2/20","2","8","48021","400"
"Bell","4","51","Texas","4/2/20","20","31","48027","155"
"Bexar","21","229","Texas","4/2/20","84","145","48029","172.62"
"Blanco","0","1","Texas","4/2/20","1","0","48031","0"
"Bowie","1","9","Texas","4/2/20","1","8","48037","800"
"Brazoria","10","109","Texas","4/2/20","39","70","48039","179.49"
"Brazos","6","68","Texas","4/2/20","28","40","48041","142.86"
"Brown","0","3","Texas","4/2/20","3","0","48049","0"
"Burleson","0","1","Texas","4/2/20","0","1","48051","1"
"Burnet","0","4","Texas","4/2/20","1","3","48053","300"
"Caldwell","0","1","Texas","4/2/20","0","1","48055","1"
"Calhoun","1","8","Texas","4/2/20","2","6","48057","300"
"Cameron","4","37","Texas","4/2/20","10","27","48061","270"
"Camp","0","1","Texas","4/2/20","0","1","48063","1"
"Cass","0","4","Texas","4/2/20","1","3","48067","300"
"Castro","0","8","Texas","4/2/20","6","2","48069","33.33"
"Chambers","1","9","Texas","4/2/20","2","7","48071","350"
"Cherokee","1","5","Texas","4/2/20","0","5","48073","1"
"Clay","0","1","Texas","4/2/20","0","1","48077","1"
"Collin","20","207","Texas","4/2/20","66","141","48085","213.64"
"Colorado","0","2","Texas","4/2/20","0","2","48089","1"
"Comal","1","15","Texas","4/2/20","8","7","48091","87.5"
"Comanche","0","1","Texas","4/2/20","0","1","48093","1"
"Coryell","0","1","Texas","4/2/20","1","0","48099","0"
"Crane","0","2","Texas","4/2/20","1","1","48103","100"
"Dallas","75","831","Texas","4/2/20","303","528","48113","174.26"
"Dawson","0","3","Texas","4/2/20","0","3","48115","1"
"Deaf Smith","0","2","Texas","4/2/20","2","0","48117","0"
"Denton","24","254","Texas","4/2/20","83","171","48121","206.02"
"DeWitt","0","4","Texas","4/2/20","2","2","48123","100"
"Donley","0","1","Texas","4/2/20","0","1","48129","1"
"Eastland","0","3","Texas","4/2/20","2","1","48133","50"
"Ector","2","12","Texas","4/2/20","0","12","48135","1"
"El Paso","7","75","Texas","4/2/20","28","47","48141","167.86"
"Ellis","3","26","Texas","4/2/20","7","19","48139","271.43"
"Erath","1","8","Texas","4/2/20","1","7","48143","700"
"Falls","0","1","Texas","4/2/20","1","0","48145","0"
"Fannin","0","1","Texas","4/2/20","1","0","48147","0"
"Fayette","0","4","Texas","4/2/20","1","3","48149","300"
"Fort Bend","15","194","Texas","4/2/20","86","108","48157","125.58"
"Franklin","0","1","Texas","4/2/20","0","1","48159","1"
"Gaines","0","1","Texas","4/2/20","1","0","48165","0"
"Galveston","11","118","Texas","4/2/20","40","78","48167","195"
"Gillespie","0","1","Texas","4/2/20","0","1","48171","1"
"Goliad","0","1","Texas","4/2/20","0","1","48175","1"
"Gonzales","0","1","Texas","4/2/20","0","1","48177","1"
"Gray","0","1","Texas","4/2/20","0","1","48179","1"
"Grayson","1","11","Texas","4/2/20","2","9","48181","450"
"Gregg","1","8","Texas","4/2/20","4","4","48183","100"
"Grimes","0","3","Texas","4/2/20","2","1","48185","50"
"Guadalupe","2","20","Texas","4/2/20","9","11","48187","122.22"
"Hale","1","6","Texas","4/2/20","1","5","48189","500"
"Hardin","2","14","Texas","4/2/20","2","12","48199","600"
"Harris","107","955","Texas","4/2/20","203","752","48201","370.44"
"Harrison","1","5","Texas","4/2/20","1","4","48203","400"
"Hays","4","42","Texas","4/2/20","11","31","48209","281.82"
"Henderson","0","1","Texas","4/2/20","0","1","48213","1"
"Hidalgo","8","62","Texas","4/2/20","9","53","48215","588.89"
"Hill","0","3","Texas","4/2/20","0","3","48217","1"
"Hockley","0","7","Texas","4/2/20","5","2","48219","40"
"Hood","1","6","Texas","4/2/20","1","5","48221","500"
"Hopkins","0","3","Texas","4/2/20","1","2","48223","200"
"Hunt","0","4","Texas","4/2/20","1","3","48231","300"
"Jackson","0","2","Texas","4/2/20","0","2","48239","1"
"Jasper","0","2","Texas","4/2/20","0","2","48241","1"
"Jefferson","3","31","Texas","4/2/20","7","24","48245","342.86"
"Jim Wells","0","1","Texas","4/2/20","0","1","48249","1"
"Johnson","2","17","Texas","4/2/20","3","14","48251","466.67"
"Karnes","0","2","Texas","4/2/20","1","1","48255","100"
"Kaufman","0","5","Texas","4/2/20","2","3","48257","150"
"Kendall","1","8","Texas","4/2/20","3","5","48259","166.67"
"Kerr","0","1","Texas","4/2/20","0","1","48265","1"
"Kleberg","0","2","Texas","4/2/20","0","2","48273","1"
"Lamar","0","3","Texas","4/2/20","1","2","48277","200"
"Lamb","0","1","Texas","4/2/20","0","1","48279","1"
"Lavaca","0","1","Texas","4/2/20","1","0","48285","0"
"Lee","0","1","Texas","4/2/20","0","1","48287","1"
"Leon","0","2","Texas","4/2/20","0","2","48289","1"
"Liberty","0","3","Texas","4/2/20","1","2","48291","200"
"Limestone","0","3","Texas","4/2/20","1","2","48293","200"
"Live Oak","0","3","Texas","4/2/20","0","3","48297","1"
"Llano","0","3","Texas","4/2/20","2","1","48299","50"
"Lubbock","13","108","Texas","4/2/20","19","89","48303","468.42"
"Lynn","0","3","Texas","4/2/20","0","3","48305","1"
"Martin","0","1","Texas","4/2/20","1","0","48317","0"
"Matagorda","3","32","Texas","4/2/20","9","23","48321","255.56"
"Maverick","0","3","Texas","4/2/20","1","2","48323","200"
"McLennan","3","48","Texas","4/2/20","28","20","48309","71.43"
"Medina","0","3","Texas","4/2/20","1","2","48325","200"
"Midland","1","16","Texas","4/2/20","6","10","48329","166.67"
"Milam","0","2","Texas","4/2/20","2","0","48331","0"
"Montague","0","1","Texas","4/2/20","0","1","48337","1"
"Montgomery","11","119","Texas","4/2/20","41","78","48339","190.24"
"Moore","1","6","Texas","4/2/20","0","6","48341","1"
"Morris","0","1","Texas","4/2/20","1","0","48343","0"
"Nacogdoches","1","5","Texas","4/2/20","1","4","48347","400"
"Navarro","1","4","Texas","4/2/20","0","4","48349","1"
"Newton","0","1","Texas","4/2/20","0","1","48351","1"
"Nueces","4","40","Texas","4/2/20","14","26","48355","185.71"
"Oldham","0","2","Texas","4/2/20","1","1","48359","100"
"Orange","1","7","Texas","4/2/20","1","6","48361","600"
"Palo Pinto","0","1","Texas","4/2/20","0","1","48363","1"
"Panola","0","3","Texas","4/2/20","0","3","48365","1"
"Parker","0","4","Texas","4/2/20","2","2","48367","100"
"Polk","1","4","Texas","4/2/20","0","4","48373","1"
"Potter","2","16","Texas","4/2/20","3","13","48375","433.33"
"Randall","2","17","Texas","4/2/20","2","15","48381","750"
"Reeves","0","0","Texas","4/2/20","1","-1","48389","-100"
"Robertson","0","2","Texas","4/2/20","1","1","48395","100"
"Rockwall","1","10","Texas","4/2/20","2","8","48397","400"
"Rusk","1","6","Texas","4/2/20","2","4","48401","200"
"San Augustine","0","1","Texas","4/2/20","0","1","48405","1"
"San Jacinto","0","1","Texas","4/2/20","0","1","48407","1"
"San Patricio","0","2","Texas","4/2/20","2","0","48409","0"
"Shelby","0","4","Texas","4/2/20","1","3","48419","300"
"Smith","3","42","Texas","4/2/20","21","21","48423","100"
"Starr","1","5","Texas","4/2/20","1","4","48427","400"
"Swisher","0","1","Texas","4/2/20","1","0","48437","0"
"Tarrant","32","325","Texas","4/2/20","100","225","48439","225"
"Taylor","2","18","Texas","4/2/20","1","17","48441","1700"
"Terry","0","4","Texas","4/2/20","3","1","48445","33.33"
"Tom Green","1","10","Texas","4/2/20","2","8","48451","400"
"Travis","33","351","Texas","4/2/20","119","232","48453","194.96"
"Upshur","0","3","Texas","4/2/20","0","3","48459","1"
"Uvalde","1","4","Texas","4/2/20","0","4","48463","1"
"Val Verde","1","5","Texas","4/2/20","1","4","48465","400"
"Van Zandt","0","3","Texas","4/2/20","1","2","48467","200"
"Victoria","2","20","Texas","4/2/20","3","17","48469","566.67"
"Walker","1","7","Texas","4/2/20","3","4","48471","133.33"
"Waller","1","5","Texas","4/2/20","0","5","48473","1"
"Washington","2","17","Texas","4/2/20","0","17","48477","1"
"Webb","7","63","Texas","4/2/20","11","52","48479","472.73"
"Wharton","1","9","Texas","4/2/20","3","6","48481","200"
"Wichita","5","43","Texas","4/2/20","10","33","48485","330"
"Willacy","0","3","Texas","4/2/20","0","3","48489","1"
"Williamson","5","63","Texas","4/2/20","27","36","48491","133.33"
"Wilson","1","5","Texas","4/2/20","1","4","48493","400"
"Wise","0","3","Texas","4/2/20","0","3","48497","1"
"Wood","0","1","Texas","4/2/20","0","1","48499","1"
"Young","0","3","Texas","4/2/20","1","2","48503","200"
"Bear River","1","7","Utah","4/2/20","0","7","00000","1"
"Cache","1","7","Utah","4/2/20","0","7","49005","1"
"Davis","9","103","Utah","4/2/20","39","64","49011","164.1"
"Duchesne","0","1","Utah","4/2/20","0","1","49013","1"
"Garfield","0","1","Utah","4/2/20","0","1","49017","1"
"Grand","0","1","Utah","4/2/20","0","1","49019","1"
"Iron","1","7","Utah","4/2/20","0","7","49021","1"
"Kane","0","1","Utah","4/2/20","0","1","49025","1"
"Out of UT","1","22","Utah","4/2/20","14","8","80049","57.14"
"Salt Lake","43","476","Utah","4/2/20","178","298","49035","167.42"
"San Juan","1","5","Utah","4/2/20","0","5","49037","1"
"Summit","16","204","Utah","4/2/20","95","109","49043","114.74"
"Tooele","1","13","Utah","4/2/20","4","9","49045","225"
"Uintah","0","1","Utah","4/2/20","0","1","49047","1"
"Utah","12","105","Utah","4/2/20","24","81","49049","337.5"
"Wasatch","6","61","Utah","4/2/20","20","41","49051","205"
"Washington","1","18","Utah","4/2/20","8","10","49053","125"
"Weber-Morgan","6","53","Utah","4/2/20","14","39","00000","278.57"
"Addison","2","26","Vermont","4/2/20","12","14","50001","116.67"
"Bennington","1","17","Vermont","4/2/20","11","6","50003","54.55"
"Caledonia","0","4","Vermont","4/2/20","1","3","50005","300"
"Chittenden","15","177","Vermont","4/2/20","75","102","50007","136"
"Franklin","2","16","Vermont","4/2/20","4","12","50011","300"
"Lamoille","1","14","Vermont","4/2/20","5","9","50015","180"
"Orange","0","4","Vermont","4/2/20","3","1","50017","33.33"
"Orleans","1","7","Vermont","4/2/20","3","4","50019","133.33"
"Rutland","1","12","Vermont","4/2/20","5","7","50021","140"
"Washington","2","18","Vermont","4/2/20","7","11","50023","157.14"
"Windham","2","18","Vermont","4/2/20","7","11","50025","157.14"
"Windsor","0","20","Vermont","4/2/20","17","3","50027","17.65"
"","2","30","Virgin Islands","4/2/20","17","13",,"76.47"
"Accomack","1","10","Virginia","4/2/20","2","8","51001","400"
"Albemarle","2","23","Virginia","4/2/20","6","17","51003","283.33"
"Alexandria","3","33","Virginia","4/2/20","14","19","51510","135.71"
"Alleghany","0","2","Virginia","4/2/20","0","2","51005","1"
"Amelia","0","4","Virginia","4/2/20","1","3","51007","300"
"Amherst","1","6","Virginia","4/2/20","1","5","51009","500"
"Arlington","11","128","Virginia","4/2/20","54","74","51013","137.04"
"Augusta","0","2","Virginia","4/2/20","0","2","51015","1"
"Bedford","0","3","Virginia","4/2/20","3","0","51019","0"
"Botetourt","1","8","Virginia","4/2/20","1","7","51023","700"
"Bristol","0","1","Virginia","4/2/20","0","1","51520","1"
"Brunswick","0","1","Virginia","4/2/20","0","1","51025","1"
"Buckingham","0","2","Virginia","4/2/20","0","2","51029","1"
"Campbell","0","2","Virginia","4/2/20","0","2","51031","1"
"Carroll","0","1","Virginia","4/2/20","0","1","51035","1"
"Charles City","0","4","Virginia","4/2/20","1","3","51036","300"
"Charlottesville","1","17","Virginia","4/2/20","9","8","51540","88.89"
"Chesapeake","5","39","Virginia","4/2/20","4","35","51550","875"
"Chesterfield","9","73","Virginia","4/2/20","12","61","51041","508.33"
"Clarke","0","1","Virginia","4/2/20","0","1","51043","1"
"Covington","0","1","Virginia","4/2/20","0","1","51580","1"
"Culpeper","1","6","Virginia","4/2/20","2","4","51047","200"
"Cumberland","0","1","Virginia","4/2/20","0","1","51049","1"
"Danville","1","7","Virginia","4/2/20","2","5","51590","250"
"Fairfax","36","328","Virginia","4/2/20","79","249","51059","315.19"
"Fairfax City","0","0","Virginia","4/2/20","1","-1","51600","-100"
"Fauquier","1","8","Virginia","4/2/20","1","7","51061","700"
"Fluvanna","0","4","Virginia","4/2/20","3","1","51065","33.33"
"Franklin","1","6","Virginia","4/2/20","1","5","51067","500"
"Franklin City","0","1","Virginia","4/2/20","0","1","51620","1"
"Frederick","2","16","Virginia","4/2/20","2","14","51069","700"
"Fredericksburg","0","2","Virginia","4/2/20","1","1","51630","100"
"Galax","0","1","Virginia","4/2/20","0","1","51640","1"
"Gloucester","1","8","Virginia","4/2/20","2","6","51073","300"
"Goochland","1","9","Virginia","4/2/20","3","6","51075","200"
"Greene","0","1","Virginia","4/2/20","0","1","51079","1"
"Greensville","0","3","Virginia","4/2/20","0","3","51081","1"
"Halifax","0","1","Virginia","4/2/20","1","0","51083","0"
"Hampton","2","16","Virginia","4/2/20","1","15","51650","1500"
"Hanover","1","8","Virginia","4/2/20","2","6","51085","300"
"Harrisonburg","2","15","Virginia","4/2/20","3","12","51660","400"
"Henrico","9","87","Virginia","4/2/20","21","66","51087","314.29"
"Henry","0","2","Virginia","4/2/20","0","2","51089","1"
"Hopewell","1","5","Virginia","4/2/20","0","5","51670","1"
"Isle of Wight","1","8","Virginia","4/2/20","2","6","51093","300"
"James City","7","97","Virginia","4/2/20","49","48","51095","97.96"
"King and Queen","0","1","Virginia","4/2/20","0","1","51097","1"
"King George","1","4","Virginia","4/2/20","0","4","51099","1"
"King William","0","1","Virginia","4/2/20","0","1","51101","1"
"Lancaster","0","1","Virginia","4/2/20","0","1","51103","1"
"Lee","0","2","Virginia","4/2/20","2","0","51105","0"
"Loudoun","13","121","Virginia","4/2/20","28","93","51107","332.14"
"Louisa","1","12","Virginia","4/2/20","4","8","51109","200"
"Lynchburg","1","9","Virginia","4/2/20","2","7","51680","350"
"Madison","0","3","Virginia","4/2/20","1","2","51113","200"
"Manassas","2","12","Virginia","4/2/20","0","12","51683","1"
"Manassas Park","0","1","Virginia","4/2/20","0","1","51685","1"
"Mathews","0","2","Virginia","4/2/20","1","1","51115","100"
"Mecklenburg","0","5","Virginia","4/2/20","3","2","51117","66.67"
"Montgomery","0","1","Virginia","4/2/20","0","1","51121","1"
"Nelson","0","2","Virginia","4/2/20","1","1","51125","100"
"New Kent","0","3","Virginia","4/2/20","0","3","51127","1"
"Newport News","4","33","Virginia","4/2/20","8","25","51700","312.5"
"Norfolk","4","37","Virginia","4/2/20","9","28","51710","311.11"
"Northampton","0","1","Virginia","4/2/20","0","1","51131","1"
"Northumberland","0","3","Virginia","4/2/20","0","3","51133","1"
"Nottoway","0","1","Virginia","4/2/20","1","0","51135","0"
"Orange","0","4","Virginia","4/2/20","1","3","51137","300"
"Page","0","1","Virginia","4/2/20","0","1","51139","1"
"Petersburg","1","4","Virginia","4/2/20","0","4","51730","1"
"Pittsylvania","0","1","Virginia","4/2/20","1","0","51143","0"
"Poquoson","0","3","Virginia","4/2/20","1","2","51735","200"
"Portsmouth","2","16","Virginia","4/2/20","0","16","51740","1"
"Powhatan","0","3","Virginia","4/2/20","0","3","51145","1"
"Prince Edward","0","2","Virginia","4/2/20","2","0","51147","0"
"Prince George","1","8","Virginia","4/2/20","0","8","51149","1"
"Prince William","12","117","Virginia","4/2/20","36","81","51153","225"
"Radford","0","1","Virginia","4/2/20","1","0","51750","0"
"Richmond City","5","52","Virginia","4/2/20","14","38","51760","271.43"
"Roanoke","0","4","Virginia","4/2/20","1","3","51161","300"
"Roanoke City","1","9","Virginia","4/2/20","0","9","51770","1"
"Rockbridge","0","2","Virginia","4/2/20","2","0","51163","0"
"Rockingham","1","11","Virginia","4/2/20","3","8","51165","266.67"
"Salem","0","1","Virginia","4/2/20","0","1","51775","1"
"Shenandoah","1","9","Virginia","4/2/20","3","6","51171","200"
"Smyth","0","2","Virginia","4/2/20","0","2","51173","1"
"Southampton","0","2","Virginia","4/2/20","0","2","51175","1"
"Spotsylvania","1","9","Virginia","4/2/20","3","6","51177","200"
"Stafford","2","27","Virginia","4/2/20","11","16","51179","145.45"
"Staunton","0","1","Virginia","4/2/20","0","1","51790","1"
"Suffolk","1","6","Virginia","4/2/20","1","5","51800","500"
"Surry","0","1","Virginia","4/2/20","0","1","51181","1"
"Sussex","0","1","Virginia","4/2/20","0","1","51183","1"
"Tazewell","0","2","Virginia","4/2/20","0","2","51185","1"
"Virginia Beach","12","111","Virginia","4/2/20","26","85","51810","326.92"
"Warren","0","3","Virginia","4/2/20","1","2","51187","200"
"Washington","0","2","Virginia","4/2/20","1","1","51191","100"
"Waynesboro","0","2","Virginia","4/2/20","0","2","51820","1"
"Williamsburg","1","9","Virginia","4/2/20","5","4","51830","80"
"Winchester","1","5","Virginia","4/2/20","0","5","51840","1"
"Wythe","0","2","Virginia","4/2/20","0","2","51197","1"
"York","1","17","Virginia","4/2/20","9","8","51199","88.89"
"Adams","2","20","Washington","4/2/20","3","17","53001","566.67"
"Benton","16","130","Washington","4/2/20","19","111","53005","584.21"
"Chelan","1","18","Washington","4/2/20","10","8","53007","80"
"Clallam","0","8","Washington","4/2/20","5","3","53009","60"
"Clark","12","131","Washington","4/2/20","48","83","53011","172.92"
"Columbia","0","1","Washington","4/2/20","1","0","53013","0"
"Cowlitz","2","18","Washington","4/2/20","7","11","53015","157.14"
"Douglas","0","6","Washington","4/2/20","5","1","53017","20"
"Ferry","0","1","Washington","4/2/20","1","0","53019","0"
"Franklin","5","41","Washington","4/2/20","7","34","53021","485.71"
"Grant","6","73","Washington","4/2/20","33","40","53025","121.21"
"Grays Harbor","0","2","Washington","4/2/20","1","1","53027","100"
"Island","7","114","Washington","4/2/20","64","50","53029","78.12"
"Jefferson","1","19","Washington","4/2/20","11","8","53031","72.73"
"King","154","2656","Washington","4/2/20","1577","1079","53033","68.42"
"Kitsap","7","83","Washington","4/2/20","33","50","53035","151.52"
"Kittitas","0","10","Washington","4/2/20","8","2","53037","25"
"Klickitat","0","9","Washington","4/2/20","7","2","53039","28.57"
"Lewis","1","10","Washington","4/2/20","5","5","53041","100"
"Lincoln","0","1","Washington","4/2/20","1","0","53043","0"
"Mason","1","11","Washington","4/2/20","2","9","53045","450"
"Okanogan","0","3","Washington","4/2/20","1","2","53047","200"
"Pierce","45","498","Washington","4/2/20","186","312","53053","167.74"
"San Juan","1","6","Washington","4/2/20","2","4","53055","200"
"Skagit","9","143","Washington","4/2/20","78","65","53057","83.33"
"Skamania","0","1","Washington","4/2/20","0","1","53059","1"
"Snohomish","85","1376","Washington","4/2/20","778","598","53061","76.86"
"Spokane","16","182","Washington","4/2/20","67","115","53063","171.64"
"Stevens","0","5","Washington","4/2/20","2","3","53065","150"
"Thurston","4","51","Washington","4/2/20","24","27","53067","112.5"
"Walla Walla","1","8","Washington","4/2/20","2","6","53071","300"
"Whatcom","13","175","Washington","4/2/20","86","89","53073","103.49"
"Whitman","1","11","Washington","4/2/20","3","8","53075","266.67"
"Yakima","23","224","Washington","4/2/20","61","163","53077","267.21"
"Barbour","0","1","West Virginia","4/2/20","0","1","54001","1"
"Berkeley","4","27","West Virginia","4/2/20","2","25","54003","1250"
"Cabell","0","3","West Virginia","4/2/20","0","3","54011","1"
"Greenbrier","0","3","West Virginia","4/2/20","0","3","54025","1"
"Hancock","1","5","West Virginia","4/2/20","1","4","54029","400"
"Hardy","0","2","West Virginia","4/2/20","0","2","54031","1"
"Harrison","2","17","West Virginia","4/2/20","3","14","54033","466.67"
"Jackson","1","11","West Virginia","4/2/20","4","7","54035","175"
"Jefferson","1","12","West Virginia","4/2/20","3","9","54037","300"
"Kanawha","5","39","West Virginia","4/2/20","5","34","54039","680"
"Logan","0","4","West Virginia","4/2/20","1","3","54045","300"
"Marion","1","10","West Virginia","4/2/20","1","9","54049","900"
"Marshall","0","4","West Virginia","4/2/20","2","2","54051","100"
"Mason","0","3","West Virginia","4/2/20","0","3","54053","1"
"Mercer","0","3","West Virginia","4/2/20","2","1","54055","50"
"Monongalia","2","35","West Virginia","4/2/20","18","17","54061","94.44"
"Morgan","0","1","West Virginia","4/2/20","0","1","54065","1"
"Ohio","1","10","West Virginia","4/2/20","2","8","54069","400"
"Pleasants","0","1","West Virginia","4/2/20","0","1","54073","1"
"Preston","0","3","West Virginia","4/2/20","2","1","54077","50"
"Putnam","0","5","West Virginia","4/2/20","2","3","54079","150"
"Raleigh","0","3","West Virginia","4/2/20","1","2","54081","200"
"Randolph","0","2","West Virginia","4/2/20","0","2","54083","1"
"Roane","0","2","West Virginia","4/2/20","0","2","54087","1"
"Tucker","0","3","West Virginia","4/2/20","2","1","54093","50"
"Upshur","0","1","West Virginia","4/2/20","0","1","54097","1"
"Wetzel","0","2","West Virginia","4/2/20","0","2","54103","1"
"Wirt","0","1","West Virginia","4/2/20","0","1","54105","1"
"Wood","0","3","West Virginia","4/2/20","1","2","54107","200"
"Adams","0","1","Wisconsin","4/2/20","0","1","55001","1"
"Ashland","0","1","Wisconsin","4/2/20","0","1","55003","1"
"Bayfield","0","3","Wisconsin","4/2/20","1","2","55007","200"
"Brown","2","17","Wisconsin","4/2/20","4","13","55009","325"
"Buffalo","0","2","Wisconsin","4/2/20","0","2","55011","1"
"Calumet","0","3","Wisconsin","4/2/20","1","2","55015","200"
"Chippewa","1","11","Wisconsin","4/2/20","1","10","55017","1000"
"Clark","1","6","Wisconsin","4/2/20","1","5","55019","500"
"Columbia","1","15","Wisconsin","4/2/20","5","10","55021","200"
"Crawford","0","1","Wisconsin","4/2/20","0","1","55023","1"
"Dane","15","238","Wisconsin","4/2/20","134","104","55025","77.61"
"Dodge","1","13","Wisconsin","4/2/20","3","10","55027","333.33"
"Door","0","2","Wisconsin","4/2/20","0","2","55029","1"
"Douglas","0","7","Wisconsin","4/2/20","4","3","55031","75"
"Dunn","0","3","Wisconsin","4/2/20","1","2","55033","200"
"Eau Claire","1","14","Wisconsin","4/2/20","6","8","55035","133.33"
"Fond du Lac","2","28","Wisconsin","4/2/20","17","11","55039","64.71"
"Grant","0","2","Wisconsin","4/2/20","1","1","55043","100"
"Green","1","7","Wisconsin","4/2/20","1","6","55045","600"
"Iowa","0","3","Wisconsin","4/2/20","3","0","55049","0"
"Iron","0","1","Wisconsin","4/2/20","0","1","55051","1"
"Jackson","0","2","Wisconsin","4/2/20","0","2","55053","1"
"Jefferson","1","12","Wisconsin","4/2/20","5","7","55055","140"
"Juneau","0","4","Wisconsin","4/2/20","1","3","55057","300"
"Kenosha","7","67","Wisconsin","4/2/20","19","48","55059","252.63"
"La Crosse","1","19","Wisconsin","4/2/20","12","7","55063","58.33"
"Marathon","1","8","Wisconsin","4/2/20","1","7","55073","700"
"Marinette","0","2","Wisconsin","4/2/20","0","2","55075","1"
"Marquette","0","2","Wisconsin","4/2/20","0","2","55077","1"
"Menominee","0","1","Wisconsin","4/2/20","0","1","55078","1"
"Milwaukee","75","869","Wisconsin","4/2/20","347","522","55079","150.43"
"Monroe","0","3","Wisconsin","4/2/20","1","2","55081","200"
"Oconto","0","1","Wisconsin","4/2/20","0","1","55083","1"
"Oneida","0","3","Wisconsin","4/2/20","0","3","55085","1"
"Outagamie","1","14","Wisconsin","4/2/20","4","10","55087","250"
"Ozaukee","4","47","Wisconsin","4/2/20","22","25","55089","113.64"
"Pierce","1","7","Wisconsin","4/2/20","3","4","55093","133.33"
"Portage","0","2","Wisconsin","4/2/20","1","1","55097","100"
"Racine","4","35","Wisconsin","4/2/20","8","27","55101","337.5"
"Richland","0","2","Wisconsin","4/2/20","0","2","55103","1"
"Rock","2","19","Wisconsin","4/2/20","8","11","55105","137.5"
"Sauk","1","16","Wisconsin","4/2/20","7","9","55111","128.57"
"Sheboygan","1","16","Wisconsin","4/2/20","7","9","55117","128.57"
"St. Croix","0","6","Wisconsin","4/2/20","4","2","55109","50"
"Trempealeau","0","1","Wisconsin","4/2/20","0","1","55121","1"
"Vilas","0","3","Wisconsin","4/2/20","1","2","55125","200"
"Walworth","1","15","Wisconsin","4/2/20","5","10","55127","200"
"Washington","3","46","Wisconsin","4/2/20","25","21","55131","84"
"Waukesha","9","120","Wisconsin","4/2/20","56","64","55133","114.29"
"Waupaca","0","2","Wisconsin","4/2/20","1","1","55135","100"
"Winnebago","3","24","Wisconsin","4/2/20","6","18","55139","300"
"Wood","0","2","Wisconsin","4/2/20","1","1","55141","100"
"Albany","0","3","Wyoming","4/2/20","1","2","56001","200"
"Campbell","1","6","Wyoming","4/2/20","1","5","56005","500"
"Carbon","0","3","Wyoming","4/2/20","3","0","56007","0"
"Converse","0","2","Wyoming","4/2/20","0","2","56009","1"
"Fremont","2","26","Wyoming","4/2/20","14","12","56013","85.71"
"Goshen","0","1","Wyoming","4/2/20","0","1","56015","1"
"Johnson","1","8","Wyoming","4/2/20","1","7","56019","700"
"Laramie","3","36","Wyoming","4/2/20","14","22","56021","157.14"
"Natrona","2","19","Wyoming","4/2/20","6","13","56025","216.67"
"Park","0","1","Wyoming","4/2/20","1","0","56029","0"
"Sheridan","1","10","Wyoming","4/2/20","4","6","56033","150"
"Sublette","0","1","Wyoming","4/2/20","0","1","56035","1"
"Sweetwater","0","3","Wyoming","4/2/20","1","2","56037","200"
"Teton","3","29","Wyoming","4/2/20","7","22","56039","314.29"
"Uinta","0","1","Wyoming","4/2/20","0","1","56041","1"
"Washakie","0","1","Wyoming","4/2/20","0","1","56043","1"
