"Locality","DailyAvgNewCasesPast7Days","TotalCases","State","Date","TotalCases7DaysAgo","NewCasesPast7Days","FIPS-Code","PercentIncreaseTotalCasesPast7Days"
"Autauga","1","15","Alabama","4/9/20","10","5","01001","50"
"Baldwin","5","56","Alabama","4/9/20","24","32","01003","133.33"
"Barbour","1","4","Alabama","4/9/20","0","4","01005","1"
"Bibb","1","9","Alabama","4/9/20","4","5","01007","125"
"Blount","1","11","Alabama","4/9/20","6","5","01009","83.33"
"Bullock","0","3","Alabama","4/9/20","2","1","01011","50"
"Butler","0","3","Alabama","4/9/20","1","2","01013","200"
"Calhoun","6","53","Alabama","4/9/20","12","41","01015","341.67"
"Chambers","12","151","Alabama","4/9/20","67","84","01017","125.37"
"Cherokee","0","7","Alabama","4/9/20","4","3","01019","75"
"Chilton","2","25","Alabama","4/9/20","14","11","01021","78.57"
"Choctaw","0","6","Alabama","4/9/20","4","2","01023","50"
"Clarke","1","12","Alabama","4/9/20","2","10","01025","500"
"Clay","1","11","Alabama","4/9/20","6","5","01027","83.33"
"Cleburne","1","12","Alabama","4/9/20","6","6","01029","100"
"Coffee","2","13","Alabama","4/9/20","1","12","01031","1200"
"Colbert","0","7","Alabama","4/9/20","5","2","01033","40"
"Conecuh","0","4","Alabama","4/9/20","1","3","01035","300"
"Coosa","1","9","Alabama","4/9/20","5","4","01037","80"
"Covington","1","10","Alabama","4/9/20","3","7","01039","233.33"
"Crenshaw","0","2","Alabama","4/9/20","1","1","01041","100"
"Cullman","2","22","Alabama","4/9/20","9","13","01043","144.44"
"Dale","1","6","Alabama","4/9/20","1","5","01045","500"
"Dallas","0","7","Alabama","4/9/20","4","3","01047","75"
"DeKalb","1","15","Alabama","4/9/20","8","7","01049","87.5"
"Elmore","1","27","Alabama","4/9/20","17","10","01051","58.82"
"Escambia","0","5","Alabama","4/9/20","2","3","01053","150"
"Etowah","5","49","Alabama","4/9/20","13","36","01055","276.92"
"Fayette","0","1","Alabama","4/9/20","1","0","01057","0"
"Franklin","1","8","Alabama","4/9/20","4","4","01059","100"
"Geneva","0","1","Alabama","4/9/20","0","1","01061","1"
"Greene","1","12","Alabama","4/9/20","4","8","01063","200"
"Hale","1","7","Alabama","4/9/20","1","6","01065","600"
"Henry","1","7","Alabama","4/9/20","0","7","01067","1"
"Houston","3","30","Alabama","4/9/20","9","21","01069","233.33"
"Jackson","2","22","Alabama","4/9/20","9","13","01071","144.44"
"Jefferson","28","507","Alabama","4/9/20","314","193","01073","61.46"
"Lamar","1","7","Alabama","4/9/20","1","6","01075","600"
"Lauderdale","1","20","Alabama","4/9/20","14","6","01077","42.86"
"Lawrence","1","8","Alabama","4/9/20","3","5","01079","166.67"
"Lee","15","199","Alabama","4/9/20","91","108","01081","118.68"
"Limestone","1","34","Alabama","4/9/20","25","9","01083","36"
"Lowndes","1","12","Alabama","4/9/20","2","10","01085","500"
"Macon","1","9","Alabama","4/9/20","3","6","01087","200"
"Madison","8","173","Alabama","4/9/20","114","59","01089","51.75"
"Marengo","1","14","Alabama","4/9/20","5","9","01091","180"
"Marion","3","33","Alabama","4/9/20","11","22","01093","200"
"Marshall","8","60","Alabama","4/9/20","6","54","01095","900"
"Mobile","35","309","Alabama","4/9/20","67","242","01097","361.19"
"Monroe","0","6","Alabama","4/9/20","3","3","01099","100"
"Montgomery","6","88","Alabama","4/9/20","45","43","01101","95.56"
"Morgan","2","36","Alabama","4/9/20","21","15","01103","71.43"
"Perry","0","1","Alabama","4/9/20","0","1","01105","1"
"Pickens","1","17","Alabama","4/9/20","9","8","01107","88.89"
"Pike","1","17","Alabama","4/9/20","7","10","01109","142.86"
"Randolph","1","16","Alabama","4/9/20","6","10","01111","166.67"
"Russell","2","14","Alabama","4/9/20","2","12","01113","600"
"Shelby","10","170","Alabama","4/9/20","98","72","01117","73.47"
"St. Clair","2","36","Alabama","4/9/20","19","17","01115","89.47"
"Sumter","2","17","Alabama","4/9/20","4","13","01119","325"
"Talladega","3","29","Alabama","4/9/20","8","21","01121","262.5"
"Tallapoosa","4","45","Alabama","4/9/20","17","28","01123","164.71"
"Tuscaloosa","7","85","Alabama","4/9/20","34","51","01125","150"
"Walker","5","69","Alabama","4/9/20","34","35","01127","102.94"
"Washington","1","11","Alabama","4/9/20","3","8","01129","266.67"
"Wilcox","2","16","Alabama","4/9/20","5","11","01131","220"
"Winston","0","3","Alabama","4/9/20","2","1","01133","50"
"Anchorage","6","109","Alaska","4/9/20","67","42","02020","62.69"
"Bethel","0","1","Alaska","4/9/20","0","1","02050","1"
"Fairbanks North Star","5","73","Alaska","4/9/20","40","33","02090","82.5"
"Juneau","1","14","Alaska","4/9/20","10","4","02110","40"
"Kenai Peninsula","1","14","Alaska","4/9/20","8","6","02122","75"
"Ketchikan Gateway","0","14","Alaska","4/9/20","14","0","02130","0"
"Matanuska-Susitna","0","6","Alaska","4/9/20","4","2","02170","50"
"Petersburg","0","2","Alaska","4/9/20","0","2","02195","1"
"Southeast Fairbanks","0","1","Alaska","4/9/20","0","1","02240","1"
"Yukon-Koyukuk","0","1","Alaska","4/9/20","0","1","02290","1"
"Apache","5","52","Arizona","4/9/20","17","35","04001","205.88"
"Cochise","1","11","Arizona","4/9/20","4","7","04003","175"
"Coconino","14","210","Arizona","4/9/20","114","96","04005","84.21"
"Gila","0","3","Arizona","4/9/20","2","1","04007","50"
"Graham","0","2","Arizona","4/9/20","2","0","04009","0"
"Greenlee","0","1","Arizona","4/9/20","1","0","04011","0"
"La Paz","0","4","Arizona","4/9/20","2","2","04012","100"
"Maricopa","104","1689","Arizona","4/9/20","961","728","04013","75.75"
"Mohave","3","27","Arizona","4/9/20","8","19","04015","237.5"
"Navajo","22","286","Arizona","4/9/20","129","157","04017","121.71"
"Pima","39","512","Arizona","4/9/20","237","275","04019","116.03"
"Pinal","10","137","Arizona","4/9/20","69","68","04021","98.55"
"Santa Cruz","1","7","Arizona","4/9/20","3","4","04023","133.33"
"Yavapai","4","62","Arizona","4/9/20","34","28","04025","82.35"
"Yuma","0","15","Arizona","4/9/20","13","2","04027","15.38"
"Arkansas","0","2","Arkansas","4/9/20","1","1","05001","100"
"Ashley","1","8","Arkansas","4/9/20","1","7","05003","700"
"Baxter","0","4","Arkansas","4/9/20","1","3","05005","300"
"Benton","1","47","Arkansas","4/9/20","40","7","05007","17.5"
"Boone","0","3","Arkansas","4/9/20","1","2","05009","200"
"Bradley","0","6","Arkansas","4/9/20","4","2","05011","50"
"Carroll","0","2","Arkansas","4/9/20","1","1","05015","100"
"Chicot","0","4","Arkansas","4/9/20","2","2","05017","100"
"Clark","0","27","Arkansas","4/9/20","26","1","05019","3.85"
"Clay","0","1","Arkansas","4/9/20","0","1","05021","1"
"Cleburne","1","69","Arkansas","4/9/20","63","6","05023","9.52"
"Cleveland","0","8","Arkansas","4/9/20","5","3","05025","60"
"Columbia","0","3","Arkansas","4/9/20","1","2","05027","200"
"Conway","0","4","Arkansas","4/9/20","1","3","05029","300"
"Craighead","2","28","Arkansas","4/9/20","12","16","05031","133.33"
"Crawford","0","3","Arkansas","4/9/20","1","2","05033","200"
"Crittenden","6","74","Arkansas","4/9/20","32","42","05035","131.25"
"Cross","1","6","Arkansas","4/9/20","1","5","05037","500"
"Dallas","0","1","Arkansas","4/9/20","0","1","05039","1"
"Desha","0","5","Arkansas","4/9/20","2","3","05041","150"
"Drew","1","5","Arkansas","4/9/20","1","4","05043","400"
"Faulkner","3","55","Arkansas","4/9/20","37","18","05045","48.65"
"Franklin","0","1","Arkansas","4/9/20","0","1","05047","1"
"Garland","3","61","Arkansas","4/9/20","37","24","05051","64.86"
"Grant","1","7","Arkansas","4/9/20","3","4","05053","133.33"
"Greene","1","6","Arkansas","4/9/20","1","5","05055","500"
"Hempstead","0","3","Arkansas","4/9/20","1","2","05057","200"
"Hot Spring","0","8","Arkansas","4/9/20","5","3","05059","60"
"Howard","1","5","Arkansas","4/9/20","1","4","05061","400"
"Independence","0","5","Arkansas","4/9/20","3","2","05063","66.67"
"Izard","0","1","Arkansas","4/9/20","0","1","05065","1"
"Jefferson","6","90","Arkansas","4/9/20","49","41","05069","83.67"
"Johnson","1","11","Arkansas","4/9/20","6","5","05071","83.33"
"Lafayette","0","2","Arkansas","4/9/20","0","2","05073","1"
"Lawrence","1","9","Arkansas","4/9/20","1","8","05075","800"
"Lee","0","2","Arkansas","4/9/20","1","1","05077","100"
"Lincoln","1","10","Arkansas","4/9/20","6","4","05079","66.67"
"Logan","0","1","Arkansas","4/9/20","0","1","05083","1"
"Lonoke","3","26","Arkansas","4/9/20","7","19","05085","271.43"
"Madison","0","1","Arkansas","4/9/20","0","1","05087","1"
"Miller","2","19","Arkansas","4/9/20","7","12","05091","171.43"
"Mississippi","1","6","Arkansas","4/9/20","0","6","05093","1"
"Monroe","0","1","Arkansas","4/9/20","0","1","05095","1"
"Nevada","0","1","Arkansas","4/9/20","1","0","05099","0"
"Newton","0","1","Arkansas","4/9/20","1","0","05101","0"
"Ouachita","1","5","Arkansas","4/9/20","0","5","05103","1"
"Perry","0","2","Arkansas","4/9/20","1","1","05105","100"
"Phillips","0","2","Arkansas","4/9/20","0","2","05107","1"
"Pike","0","2","Arkansas","4/9/20","1","1","05109","100"
"Poinsett","0","6","Arkansas","4/9/20","5","1","05111","20"
"Polk","0","6","Arkansas","4/9/20","5","1","05113","20"
"Pope","2","23","Arkansas","4/9/20","6","17","05115","283.33"
"Prairie","0","2","Arkansas","4/9/20","0","2","05117","1"
"Pulaski","14","210","Arkansas","4/9/20","115","95","05119","82.61"
"Randolph","1","7","Arkansas","4/9/20","1","6","05121","600"
"Saline","2","31","Arkansas","4/9/20","16","15","05125","93.75"
"Scott","0","1","Arkansas","4/9/20","1","0","05127","0"
"Searcy","1","6","Arkansas","4/9/20","2","4","05129","200"
"Sebastian","0","9","Arkansas","4/9/20","8","1","05131","12.5"
"Sevier","1","6","Arkansas","4/9/20","1","5","05133","500"
"Sharp","0","2","Arkansas","4/9/20","0","2","05135","1"
"St. Francis","4","31","Arkansas","4/9/20","1","30","05123","3000"
"Stone","0","7","Arkansas","4/9/20","5","2","05137","40"
"Union","1","15","Arkansas","4/9/20","10","5","05139","50"
"Van Buren","1","26","Arkansas","4/9/20","20","6","05141","30"
"Washington","2","36","Arkansas","4/9/20","23","13","05143","56.52"
"White","2","27","Arkansas","4/9/20","15","12","05145","80"
"Woodruff","0","1","Arkansas","4/9/20","1","0","05147","0"
"Yell","0","1","Arkansas","4/9/20","0","1","05149","1"
"Alameda","45","674","California","4/9/20","359","315","06001","87.74"
"Alpine","0","1","California","4/9/20","1","0","06003","0"
"Amador","0","3","California","4/9/20","3","0","06005","0"
"Butte","1","13","California","4/9/20","9","4","06007","44.44"
"Calaveras","0","5","California","4/9/20","3","2","06009","66.67"
"Colusa","0","3","California","4/9/20","1","2","06011","200"
"Contra Costa","33","484","California","4/9/20","250","234","06013","93.6"
"Del Norte","0","2","California","4/9/20","0","2","06015","1"
"El Dorado","2","29","California","4/9/20","18","11","06017","61.11"
"Fresno","11","156","California","4/9/20","82","74","06019","90.24"
"Glenn","0","2","California","4/9/20","2","0","06021","0"
"Humboldt","3","50","California","4/9/20","28","22","06023","78.57"
"Imperial","5","75","California","4/9/20","43","32","06025","74.42"
"Inyo","0","11","California","4/9/20","9","2","06027","22.22"
"Kern","23","303","California","4/9/20","142","161","06029","113.38"
"Kings","0","8","California","4/9/20","5","3","06031","60"
"Lake","0","3","California","4/9/20","0","3","06033","1"
"Los Angeles","559","7955","California","4/9/20","4045","3910","06037","96.66"
"Madera","0","28","California","4/9/20","25","3","06039","12"
"Marin","6","149","California","4/9/20","108","41","06041","37.96"
"Mendocino","0","4","California","4/9/20","4","0","06045","0"
"Merced","4","40","California","4/9/20","12","28","06047","233.33"
"Mono","0","20","California","4/9/20","18","2","06051","11.11"
"Monterey","3","69","California","4/9/20","48","21","06053","43.75"
"Napa","1","25","California","4/9/20","18","7","06055","38.89"
"Nevada","1","34","California","4/9/20","26","8","06057","30.77"
"Orange","60","1079","California","4/9/20","656","423","06059","64.48"
"Placer","4","117","California","4/9/20","90","27","06061","30"
"Plumas","0","3","California","4/9/20","1","2","06063","200"
"Riverside","112","1280","California","4/9/20","493","787","06065","159.63"
"Sacramento","38","580","California","4/9/20","314","266","06067","84.71"
"San Benito","1","33","California","4/9/20","23","10","06069","43.48"
"San Bernardino","55","641","California","4/9/20","254","387","06071","152.36"
"San Diego","97","1530","California","4/9/20","849","681","06073","80.21"
"San Francisco","39","724","California","4/9/20","450","274","06075","60.89"
"San Joaquin","9","237","California","4/9/20","173","64","06077","36.99"
"San Luis Obispo","2","102","California","4/9/20","89","13","06079","14.61"
"San Mateo","26","633","California","4/9/20","453","180","06081","39.74"
"Santa Barbara","17","228","California","4/9/20","111","117","06083","105.41"
"Santa Clara","52","1380","California","4/9/20","1019","361","06085","35.43"
"Santa Cruz","3","76","California","4/9/20","54","22","06087","40.74"
"Shasta","2","24","California","4/9/20","7","17","06089","242.86"
"Siskiyou","0","4","California","4/9/20","3","1","06093","33.33"
"Solano","8","112","California","4/9/20","54","58","06095","107.41"
"Sonoma","6","136","California","4/9/20","91","45","06097","49.45"
"Stanislaus","7","95","California","4/9/20","44","51","06099","115.91"
"Sutter","1","20","California","4/9/20","14","6","06101","42.86"
"Tehama","0","1","California","4/9/20","0","1","06103","1"
"Tulare","13","168","California","4/9/20","74","94","06107","127.03"
"Tuolumne","0","1","California","4/9/20","2","-1","06109","-50"
"Ventura","16","274","California","4/9/20","160","114","06111","71.25"
"Yolo","6","67","California","4/9/20","28","39","06113","139.29"
"Yuba","1","15","California","4/9/20","8","7","06115","87.5"
"Adams","31","475","Colorado","4/9/20","260","215","08001","82.69"
"Alamosa","0","5","Colorado","4/9/20","4","1","08003","25"
"Arapahoe","62","877","Colorado","4/9/20","441","436","08005","98.87"
"Archuleta","1","6","Colorado","4/9/20","1","5","08007","500"
"Baca","0","9","Colorado","4/9/20","9","0","08009","0"
"Boulder","12","217","Colorado","4/9/20","132","85","08013","64.39"
"Broomfield","4","61","Colorado","4/9/20","30","31","08014","103.33"
"Chaffee","1","26","Colorado","4/9/20","18","8","08015","44.44"
"Clear Creek","1","10","Colorado","4/9/20","6","4","08019","66.67"
"Costilla","0","3","Colorado","4/9/20","3","0","08023","0"
"Crowley","0","1","Colorado","4/9/20","1","0","08025","0"
"Custer","0","2","Colorado","4/9/20","1","1","08027","100"
"Delta","1","6","Colorado","4/9/20","1","5","08029","500"
"Denver","55","1031","Colorado","4/9/20","643","388","08031","60.34"
"Douglas","14","270","Colorado","4/9/20","171","99","08035","57.89"
"Eagle","11","394","Colorado","4/9/20","314","80","08037","25.48"
"El Paso","28","534","Colorado","4/9/20","340","194","08041","57.06"
"Elbert","1","10","Colorado","4/9/20","5","5","08039","100"
"Fremont","0","5","Colorado","4/9/20","2","3","08043","150"
"Garfield","1","50","Colorado","4/9/20","43","7","08045","16.28"
"Gilpin","0","1","Colorado","4/9/20","0","1","08047","1"
"Grand","0","4","Colorado","4/9/20","4","0","08049","0"
"Gunnison","2","99","Colorado","4/9/20","86","13","08051","15.12"
"Hinsdale","0","1","Colorado","4/9/20","1","0","08053","0"
"Huerfano","0","1","Colorado","4/9/20","1","0","08055","0"
"Jefferson","39","660","Colorado","4/9/20","385","275","08059","71.43"
"Kit Carson","0","6","Colorado","4/9/20","4","2","08063","50"
"La Plata","2","37","Colorado","4/9/20","24","13","08067","54.17"
"Lake","0","4","Colorado","4/9/20","2","2","08065","100"
"Larimer","7","174","Colorado","4/9/20","124","50","08069","40.32"
"Las Animas","0","2","Colorado","4/9/20","0","2","08071","1"
"Lincoln","0","1","Colorado","4/9/20","1","0","08073","0"
"Logan","1","13","Colorado","4/9/20","7","6","08075","85.71"
"Mesa","2","32","Colorado","4/9/20","17","15","08077","88.24"
"Mineral","0","2","Colorado","4/9/20","2","0","08079","0"
"Moffat","0","3","Colorado","4/9/20","4","-1","08081","-25"
"Montezuma","1","8","Colorado","4/9/20","3","5","08083","166.67"
"Montrose","3","38","Colorado","4/9/20","14","24","08085","171.43"
"Morgan","5","44","Colorado","4/9/20","7","37","08087","528.57"
"Otero","0","5","Colorado","4/9/20","3","2","08089","66.67"
"Ouray","1","4","Colorado","4/9/20","0","4","08091","1"
"Park","0","5","Colorado","4/9/20","3","2","08093","66.67"
"Phillips","0","4","Colorado","4/9/20","2","2","08095","100"
"Pitkin","0","39","Colorado","4/9/20","36","3","08097","8.33"
"Prowers","0","1","Colorado","4/9/20","0","1","08099","1"
"Pueblo","3","48","Colorado","4/9/20","26","22","08101","84.62"
"Rio Blanco","0","1","Colorado","4/9/20","0","1","08103","1"
"Rio Grande","0","5","Colorado","4/9/20","5","0","08105","0"
"Routt","1","32","Colorado","4/9/20","23","9","08107","39.13"
"Saguache","0","3","Colorado","4/9/20","3","0","08109","0"
"San Miguel","1","11","Colorado","4/9/20","7","4","08113","57.14"
"Summit","4","57","Colorado","4/9/20","26","31","08117","119.23"
"Teller","1","12","Colorado","4/9/20","7","5","08119","71.43"
"Washington","0","2","Colorado","4/9/20","1","1","08121","100"
"Weld","41","614","Colorado","4/9/20","329","285","08123","86.63"
"Yuma","0","2","Colorado","4/9/20","2","0","08125","0"
"Fairfield","393","4882","Connecticut","4/9/20","2132","2750","09001","128.99"
"Hartford","133","1471","Connecticut","4/9/20","539","932","09003","172.91"
"Litchfield","25","315","Connecticut","4/9/20","141","174","09005","123.4"
"Middlesex","19","205","Connecticut","4/9/20","74","131","09007","177.03"
"New Haven","219","2183","Connecticut","4/9/20","647","1536","09009","237.4"
"New London","16","139","Connecticut","4/9/20","29","110","09011","379.31"
"Tolland","11","145","Connecticut","4/9/20","67","78","09013","116.42"
"Windham","4","52","Connecticut","4/9/20","21","31","09015","147.62"
"Kent","24","214","Delaware","4/9/20","43","171","10001","397.67"
"New Castle","65","701","Delaware","4/9/20","245","456","10003","186.12"
"Sussex","27","294","Delaware","4/9/20","105","189","10005","180"
"","0","49","Diamond Princess","4/9/20","49","0",,"0"
"District of Columbia","124","1523","District of Columbia","4/9/20","653","870","11001","133.23"
"Alachua","8","150","Florida","4/9/20","95","55","12001","57.89"
"Baker","1","16","Florida","4/9/20","11","5","12003","45.45"
"Bay","2","30","Florida","4/9/20","15","15","12005","100"
"Bradford","2","20","Florida","4/9/20","5","15","12007","300"
"Brevard","8","106","Florida","4/9/20","49","57","12009","116.33"
"Broward","139","2454","Florida","4/9/20","1481","973","12011","65.7"
"Calhoun","0","4","Florida","4/9/20","1","3","12013","300"
"Charlotte","6","79","Florida","4/9/20","38","41","12015","107.89"
"Citrus","4","57","Florida","4/9/20","27","30","12017","111.11"
"Clay","6","103","Florida","4/9/20","58","45","12019","77.59"
"Collier","16","292","Florida","4/9/20","178","114","12021","64.04"
"Columbia","2","17","Florida","4/9/20","4","13","12023","325"
"DeSoto","2","19","Florida","4/9/20","8","11","12027","137.5"
"Dixie","0","1","Florida","4/9/20","0","1","12029","1"
"Duval","43","589","Florida","4/9/20","286","303","12031","105.94"
"Escambia","12","184","Florida","4/9/20","101","83","12033","82.18"
"Flagler","2","37","Florida","4/9/20","25","12","12035","48"
"Franklin","0","2","Florida","4/9/20","0","2","12037","1"
"Gadsden","1","10","Florida","4/9/20","2","8","12039","400"
"Gilchrist","0","3","Florida","4/9/20","0","3","12041","1"
"Glades","0","4","Florida","4/9/20","3","1","12043","33.33"
"Gulf","0","1","Florida","4/9/20","1","0","12045","0"
"Hamilton","0","1","Florida","4/9/20","0","1","12047","1"
"Hardee","0","3","Florida","4/9/20","1","2","12049","200"
"Hendry","1","11","Florida","4/9/20","4","7","12051","175"
"Hernando","3","58","Florida","4/9/20","34","24","12053","70.59"
"Highlands","3","45","Florida","4/9/20","24","21","12055","87.5"
"Hillsborough","34","644","Florida","4/9/20","404","240","12057","59.41"
"Holmes","0","2","Florida","4/9/20","1","1","12059","100"
"Indian River","4","68","Florida","4/9/20","41","27","12061","65.85"
"Jackson","0","5","Florida","4/9/20","4","1","12063","25"
"Jefferson","1","8","Florida","4/9/20","0","8","12065","1"
"Lafayette","0","1","Florida","4/9/20","0","1","12067","1"
"Lake","8","139","Florida","4/9/20","82","57","12069","69.51"
"Lee","32","496","Florida","4/9/20","275","221","12071","80.36"
"Leon","6","74","Florida","4/9/20","35","39","12073","111.43"
"Levy","1","6","Florida","4/9/20","2","4","12075","200"
"Madison","1","12","Florida","4/9/20","2","10","12079","500"
"Manatee","12","175","Florida","4/9/20","89","86","12081","96.63"
"Marion","6","72","Florida","4/9/20","33","39","12083","118.18"
"Martin","11","109","Florida","4/9/20","34","75","12085","220.59"
"Miami-Dade","408","5745","Florida","4/9/20","2886","2859","12086","99.06"
"Monroe","2","52","Florida","4/9/20","38","14","12087","36.84"
"Nassau","2","30","Florida","4/9/20","16","14","12089","87.5"
"Okaloosa","4","80","Florida","4/9/20","51","29","12091","56.86"
"Okeechobee","1","5","Florida","4/9/20","1","4","12093","400"
"Orange","45","857","Florida","4/9/20","541","316","12095","58.41"
"Osceola","18","295","Florida","4/9/20","170","125","12097","73.53"
"Palm Beach","75","1260","Florida","4/9/20","737","523","12099","70.96"
"Pasco","9","128","Florida","4/9/20","66","62","12101","93.94"
"Pinellas","20","413","Florida","4/9/20","273","140","12103","51.28"
"Polk","16","212","Florida","4/9/20","103","109","12105","105.83"
"Putnam","2","25","Florida","4/9/20","14","11","12107","78.57"
"Santa Rosa","3","71","Florida","4/9/20","47","24","12113","51.06"
"Sarasota","11","190","Florida","4/9/20","110","80","12115","72.73"
"Seminole","12","228","Florida","4/9/20","145","83","12117","57.24"
"St. Johns","9","162","Florida","4/9/20","102","60","12109","58.82"
"St. Lucie","12","132","Florida","4/9/20","48","84","12111","175"
"Sumter","5","98","Florida","4/9/20","66","32","12119","48.48"
"Suwannee","7","54","Florida","4/9/20","7","47","12121","671.43"
"Taylor","0","1","Florida","4/9/20","0","1","12123","1"
"Union","0","2","Florida","4/9/20","1","1","12125","100"
"Volusia","11","179","Florida","4/9/20","102","77","12127","75.49"
"Wakulla","1","7","Florida","4/9/20","2","5","12129","250"
"Walton","1","26","Florida","4/9/20","19","7","12131","36.84"
"Washington","0","3","Florida","4/9/20","1","2","12133","200"
"Appling","1","7","Georgia","4/9/20","3","4","13001","133.33"
"Atkinson","1","4","Georgia","4/9/20","0","4","13003","1"
"Bacon","1","13","Georgia","4/9/20","6","7","13005","116.67"
"Baker","1","11","Georgia","4/9/20","4","7","13007","175"
"Baldwin","3","30","Georgia","4/9/20","7","23","13009","328.57"
"Banks","0","4","Georgia","4/9/20","3","1","13011","33.33"
"Barrow","4","46","Georgia","4/9/20","20","26","13013","130"
"Bartow","7","196","Georgia","4/9/20","147","49","13015","33.33"
"Ben Hill","0","6","Georgia","4/9/20","3","3","13017","100"
"Berrien","0","4","Georgia","4/9/20","3","1","13019","33.33"
"Bibb","4","53","Georgia","4/9/20","24","29","13021","120.83"
"Bleckley","0","1","Georgia","4/9/20","1","0","13023","0"
"Brantley","1","6","Georgia","4/9/20","0","6","13025","1"
"Brooks","2","16","Georgia","4/9/20","3","13","13027","433.33"
"Bryan","2","25","Georgia","4/9/20","10","15","13029","150"
"Bulloch","2","14","Georgia","4/9/20","3","11","13031","366.67"
"Burke","2","20","Georgia","4/9/20","8","12","13033","150"
"Butts","2","23","Georgia","4/9/20","9","14","13035","155.56"
"Calhoun","4","35","Georgia","4/9/20","10","25","13037","250"
"Camden","2","19","Georgia","4/9/20","6","13","13039","216.67"
"Candler","0","4","Georgia","4/9/20","1","3","13043","300"
"Carroll","7","183","Georgia","4/9/20","133","50","13045","37.59"
"Catoosa","1","9","Georgia","4/9/20","4","5","13047","125"
"Charlton","0","2","Georgia","4/9/20","1","1","13049","100"
"Chatham","12","131","Georgia","4/9/20","44","87","13051","197.73"
"Chattahoochee","0","2","Georgia","4/9/20","2","0","13053","0"
"Chattooga","0","5","Georgia","4/9/20","3","2","13055","66.67"
"Cherokee","10","159","Georgia","4/9/20","92","67","13057","72.83"
"Clarke","4","81","Georgia","4/9/20","54","27","13059","50"
"Clay","1","14","Georgia","4/9/20","5","9","13061","180"
"Clayton","21","297","Georgia","4/9/20","148","149","13063","100.68"
"Clinch","0","3","Georgia","4/9/20","2","1","13065","50"
"Cobb","43","629","Georgia","4/9/20","329","300","13067","91.19"
"Coffee","6","48","Georgia","4/9/20","9","39","13069","433.33"
"Colquitt","8","78","Georgia","4/9/20","23","55","13071","239.13"
"Columbia","4","55","Georgia","4/9/20","27","28","13073","103.7"
"Cook","1","5","Georgia","4/9/20","1","4","13075","400"
"Coweta","6","84","Georgia","4/9/20","44","40","13077","90.91"
"Crawford","0","3","Georgia","4/9/20","0","3","13079","1"
"Crisp","5","53","Georgia","4/9/20","21","32","13081","152.38"
"Dade","0","2","Georgia","4/9/20","1","1","13083","100"
"Dawson","2","24","Georgia","4/9/20","11","13","13085","118.18"
"Decatur","2","21","Georgia","4/9/20","9","12","13087","133.33"
"DeKalb","49","742","Georgia","4/9/20","396","346","13089","87.37"
"Dodge","1","9","Georgia","4/9/20","3","6","13091","200"
"Dooly","2","28","Georgia","4/9/20","11","17","13093","154.55"
"Dougherty","73","1020","Georgia","4/9/20","507","513","13095","101.18"
"Douglas","10","127","Georgia","4/9/20","60","67","13097","111.67"
"Early","9","105","Georgia","4/9/20","41","64","13099","156.1"
"Echols","0","2","Georgia","4/9/20","0","2","13101","1"
"Effingham","2","19","Georgia","4/9/20","6","13","13103","216.67"
"Elbert","0","3","Georgia","4/9/20","0","3","13105","1"
"Emanuel","1","6","Georgia","4/9/20","1","5","13107","500"
"Fannin","0","9","Georgia","4/9/20","6","3","13111","50"
"Fayette","5","89","Georgia","4/9/20","52","37","13113","71.15"
"Floyd","4","99","Georgia","4/9/20","71","28","13115","39.44"
"Forsyth","8","104","Georgia","4/9/20","51","53","13117","103.92"
"Franklin","0","3","Georgia","4/9/20","5","-2","13119","-40"
"Fulton","81","1276","Georgia","4/9/20","712","564","13121","79.21"
"Gilmer","0","4","Georgia","4/9/20","1","3","13123","300"
"Glynn","2","31","Georgia","4/9/20","20","11","13127","55"
"Gordon","1","26","Georgia","4/9/20","20","6","13129","30"
"Grady","1","8","Georgia","4/9/20","2","6","13131","300"
"Greene","2","23","Georgia","4/9/20","8","15","13133","187.5"
"Gwinnett","46","603","Georgia","4/9/20","282","321","13135","113.83"
"Habersham","1","7","Georgia","4/9/20","2","5","13137","250"
"Hall","24","238","Georgia","4/9/20","72","166","13139","230.56"
"Hancock","0","1","Georgia","4/9/20","0","1","13141","1"
"Haralson","1","15","Georgia","4/9/20","6","9","13143","150"
"Harris","2","16","Georgia","4/9/20","5","11","13145","220"
"Hart","0","3","Georgia","4/9/20","3","0","13147","0"
"Heard","0","2","Georgia","4/9/20","2","0","13149","0"
"Henry","17","225","Georgia","4/9/20","108","117","13151","108.33"
"Houston","8","103","Georgia","4/9/20","47","56","13153","119.15"
"Irwin","1","10","Georgia","4/9/20","5","5","13155","100"
"Jackson","2","24","Georgia","4/9/20","11","13","13157","118.18"
"Jasper","0","5","Georgia","4/9/20","2","3","13159","150"
"Jeff Davis","0","1","Georgia","4/9/20","0","1","13161","1"
"Jefferson","0","4","Georgia","4/9/20","2","2","13163","100"
"Jenkins","1","8","Georgia","4/9/20","1","7","13165","700"
"Johnson","2","13","Georgia","4/9/20","1","12","13167","1200"
"Jones","1","9","Georgia","4/9/20","5","4","13169","80"
"Lamar","1","15","Georgia","4/9/20","7","8","13171","114.29"
"Lanier","1","5","Georgia","4/9/20","1","4","13173","400"
"Laurens","2","27","Georgia","4/9/20","14","13","13175","92.86"
"Lee","16","212","Georgia","4/9/20","100","112","13177","112"
"Liberty","1","15","Georgia","4/9/20","7","8","13179","114.29"
"Lincoln","0","6","Georgia","4/9/20","5","1","13181","20"
"Long","0","1","Georgia","4/9/20","1","0","13183","0"
"Lowndes","4","50","Georgia","4/9/20","25","25","13185","100"
"Lumpkin","0","9","Georgia","4/9/20","7","2","13187","28.57"
"Macon","2","15","Georgia","4/9/20","2","13","13193","650"
"Madison","1","10","Georgia","4/9/20","4","6","13195","150"
"Marion","1","7","Georgia","4/9/20","0","7","13197","1"
"McDuffie","2","18","Georgia","4/9/20","4","14","13189","350"
"McIntosh","0","3","Georgia","4/9/20","1","2","13191","200"
"Meriwether","1","18","Georgia","4/9/20","9","9","13199","100"
"Miller","1","9","Georgia","4/9/20","4","5","13201","125"
"Mitchell","11","116","Georgia","4/9/20","39","77","13205","197.44"
"Monroe","1","12","Georgia","4/9/20","6","6","13207","100"
"Morgan","1","12","Georgia","4/9/20","2","10","13211","500"
"Murray","1","12","Georgia","4/9/20","6","6","13213","100"
"Muscogee","10","98","Georgia","4/9/20","25","73","13215","292"
"Newton","4","67","Georgia","4/9/20","36","31","13217","86.11"
"Oconee","2","33","Georgia","4/9/20","18","15","13219","83.33"
"Oglethorpe","0","2","Georgia","4/9/20","1","1","13221","100"
"Paulding","5","65","Georgia","4/9/20","33","32","13223","96.97"
"Peach","2","20","Georgia","4/9/20","7","13","13225","185.71"
"Pickens","0","10","Georgia","4/9/20","8","2","13227","25"
"Pierce","4","40","Georgia","4/9/20","10","30","13229","300"
"Pike","1","12","Georgia","4/9/20","2","10","13231","500"
"Polk","1","22","Georgia","4/9/20","16","6","13233","37.5"
"Pulaski","1","9","Georgia","4/9/20","4","5","13235","125"
"Putnam","0","5","Georgia","4/9/20","2","3","13237","150"
"Quitman","1","4","Georgia","4/9/20","0","4","13239","1"
"Rabun","1","6","Georgia","4/9/20","2","4","13241","200"
"Randolph","12","91","Georgia","4/9/20","4","87","13243","2175"
"Richmond","6","84","Georgia","4/9/20","41","43","13245","104.88"
"Rockdale","4","85","Georgia","4/9/20","54","31","13247","57.41"
"Schley","1","10","Georgia","4/9/20","3","7","13249","233.33"
"Screven","0","4","Georgia","4/9/20","2","2","13251","100"
"Seminole","1","13","Georgia","4/9/20","6","7","13253","116.67"
"Spalding","6","58","Georgia","4/9/20","18","40","13255","222.22"
"Stephens","1","15","Georgia","4/9/20","5","10","13257","200"
"Stewart","0","4","Georgia","4/9/20","1","3","13259","300"
"Sumter","21","190","Georgia","4/9/20","45","145","13261","322.22"
"Talbot","1","7","Georgia","4/9/20","1","6","13263","600"
"Tattnall","0","3","Georgia","4/9/20","2","1","13267","50"
"Taylor","0","5","Georgia","4/9/20","2","3","13269","150"
"Telfair","1","7","Georgia","4/9/20","0","7","13271","1"
"Terrell","7","96","Georgia","4/9/20","46","50","13273","108.7"
"Thomas","6","57","Georgia","4/9/20","15","42","13275","280"
"Tift","3","52","Georgia","4/9/20","28","24","13277","85.71"
"Toombs","1","8","Georgia","4/9/20","4","4","13279","100"
"Towns","0","2","Georgia","4/9/20","0","2","13281","1"
"Treutlen","0","1","Georgia","4/9/20","0","1","13283","1"
"Troup","5","52","Georgia","4/9/20","20","32","13285","160"
"Turner","2","22","Georgia","4/9/20","5","17","13287","340"
"Twiggs","0","2","Georgia","4/9/20","2","0","13289","0"
"Union","1","5","Georgia","4/9/20","1","4","13291","400"
"Upson","5","40","Georgia","4/9/20","6","34","13293","566.67"
"Walker","0","4","Georgia","4/9/20","2","2","13295","100"
"Walton","2","27","Georgia","4/9/20","14","13","13297","92.86"
"Ware","4","45","Georgia","4/9/20","14","31","13299","221.43"
"Warren","0","6","Georgia","4/9/20","4","2","13301","50"
"Washington","2","16","Georgia","4/9/20","4","12","13303","300"
"Wayne","0","3","Georgia","4/9/20","0","3","13305","1"
"Webster","0","3","Georgia","4/9/20","1","2","13307","200"
"Wheeler","0","2","Georgia","4/9/20","1","1","13309","100"
"White","1","11","Georgia","4/9/20","3","8","13311","266.67"
"Whitfield","1","20","Georgia","4/9/20","15","5","13313","33.33"
"Wilcox","1","5","Georgia","4/9/20","1","4","13315","400"
"Wilkes","0","5","Georgia","4/9/20","2","3","13317","150"
"Wilkinson","1","8","Georgia","4/9/20","1","7","13319","700"
"Worth","6","68","Georgia","4/9/20","28","40","13321","142.86"
"","0","103","Grand Princess","4/9/20","103","0",,"0"
"","7","128","Guam","4/9/20","82","46",,"56.1"
"Hawaii","1","28","Hawaii","4/9/20","18","10","15001","55.56"
"Honolulu","22","334","Hawaii","4/9/20","182","152","15003","83.52"
"Kauai","1","18","Hawaii","4/9/20","12","6","15007","50"
"Maui","4","57","Hawaii","4/9/20","26","31","15009","119.23"
"Out of HI","0","2","Hawaii","4/9/20","0","2","80015","1"
"Ada","19","447","Idaho","4/9/20","312","135","16001","43.27"
"Adams","0","1","Idaho","4/9/20","1","0","16003","0"
"Bannock","0","5","Idaho","4/9/20","4","1","16005","25"
"Bingham","0","2","Idaho","4/9/20","2","0","16011","0"
"Blaine","25","428","Idaho","4/9/20","256","172","16013","67.19"
"Bonner","0","3","Idaho","4/9/20","1","2","16017","200"
"Bonneville","1","7","Idaho","4/9/20","2","5","16019","250"
"Camas","0","1","Idaho","4/9/20","1","0","16025","0"
"Canyon","8","121","Idaho","4/9/20","68","53","16027","77.94"
"Caribou","0","1","Idaho","4/9/20","0","1","16029","1"
"Cassia","1","5","Idaho","4/9/20","1","4","16031","400"
"Custer","0","2","Idaho","4/9/20","2","0","16037","0"
"Elmore","2","14","Idaho","4/9/20","3","11","16039","366.67"
"Fremont","0","2","Idaho","4/9/20","1","1","16043","100"
"Gem","1","8","Idaho","4/9/20","4","4","16045","100"
"Gooding","0","4","Idaho","4/9/20","1","3","16047","300"
"Idaho","0","3","Idaho","4/9/20","2","1","16049","50"
"Jefferson","0","4","Idaho","4/9/20","3","1","16051","33.33"
"Jerome","2","19","Idaho","4/9/20","7","12","16053","171.43"
"Kootenai","2","42","Idaho","4/9/20","31","11","16055","35.48"
"Latah","0","2","Idaho","4/9/20","1","1","16057","100"
"Lincoln","1","12","Idaho","4/9/20","5","7","16063","140"
"Madison","0","4","Idaho","4/9/20","4","0","16065","0"
"Minidoka","0","3","Idaho","4/9/20","1","2","16067","200"
"Nez Perce","1","18","Idaho","4/9/20","14","4","16069","28.57"
"Owyhee","0","2","Idaho","4/9/20","1","1","16073","100"
"Payette","0","6","Idaho","4/9/20","3","3","16075","100"
"Power","0","2","Idaho","4/9/20","0","2","16077","1"
"Teton","0","6","Idaho","4/9/20","3","3","16081","100"
"Twin Falls","3","55","Idaho","4/9/20","31","24","16083","77.42"
"Valley","0","2","Idaho","4/9/20","2","0","16085","0"
"Washington","0","1","Idaho","4/9/20","0","1","16087","1"
"Adams","3","22","Illinois","4/9/20","2","20","17001","1000"
"Bond","0","4","Illinois","4/9/20","3","1","17005","33.33"
"Boone","1","7","Illinois","4/9/20","0","7","17007","1"
"Bureau","0","4","Illinois","4/9/20","2","2","17011","100"
"Calhoun","0","1","Illinois","4/9/20","0","1","17013","1"
"Carroll","0","5","Illinois","4/9/20","4","1","17015","25"
"Champaign","4","72","Illinois","4/9/20","43","29","17019","67.44"
"Christian","1","23","Illinois","4/9/20","15","8","17021","53.33"
"Clark","0","3","Illinois","4/9/20","2","1","17023","50"
"Clinton","3","31","Illinois","4/9/20","8","23","17027","287.5"
"Coles","0","2","Illinois","4/9/20","0","2","17029","1"
"Cook","834","11415","Illinois","4/9/20","5575","5840","17031","104.75"
"Crawford","0","4","Illinois","4/9/20","1","3","17033","300"
"Cumberland","0","2","Illinois","4/9/20","1","1","17035","100"
"De Witt","0","1","Illinois","4/9/20","0","1","17039","1"
"DeKalb","2","32","Illinois","4/9/20","16","16","17037","100"
"Douglas","0","11","Illinois","4/9/20","8","3","17041","37.5"
"DuPage","71","943","Illinois","4/9/20","448","495","17043","110.49"
"Effingham","0","3","Illinois","4/9/20","0","3","17049","1"
"Fayette","1","7","Illinois","4/9/20","2","5","17051","250"
"Ford","0","3","Illinois","4/9/20","1","2","17053","200"
"Franklin","0","2","Illinois","4/9/20","1","1","17055","100"
"Gallatin","0","1","Illinois","4/9/20","0","1","17059","1"
"Grundy","1","13","Illinois","4/9/20","5","8","17063","160"
"Hancock","0","1","Illinois","4/9/20","0","1","17067","1"
"Henry","2","18","Illinois","4/9/20","4","14","17073","350"
"Iroquois","1","7","Illinois","4/9/20","2","5","17075","250"
"Jackson","3","26","Illinois","4/9/20","6","20","17077","333.33"
"Jasper","0","3","Illinois","4/9/20","0","3","17079","1"
"Jefferson","0","2","Illinois","4/9/20","0","2","17081","1"
"Jersey","1","5","Illinois","4/9/20","0","5","17083","1"
"Jo Daviess","1","9","Illinois","4/9/20","3","6","17085","200"
"Kane","23","318","Illinois","4/9/20","154","164","17089","106.49"
"Kankakee","14","156","Illinois","4/9/20","55","101","17091","183.64"
"Kendall","7","86","Illinois","4/9/20","36","50","17093","138.89"
"Knox","0","1","Illinois","4/9/20","1","0","17095","0"
"Lake","83","1124","Illinois","4/9/20","540","584","17097","108.15"
"LaSalle","2","17","Illinois","4/9/20","6","11","17099","183.33"
"Lawrence","0","2","Illinois","4/9/20","0","2","17101","1"
"Lee","1","9","Illinois","4/9/20","0","9","17103","1"
"Livingston","1","14","Illinois","4/9/20","5","9","17105","180"
"Logan","0","2","Illinois","4/9/20","1","1","17107","100"
"Macon","2","15","Illinois","4/9/20","2","13","17115","650"
"Macoupin","2","12","Illinois","4/9/20","1","11","17117","1100"
"Madison","9","89","Illinois","4/9/20","29","60","17119","206.9"
"Marion","1","10","Illinois","4/9/20","2","8","17121","400"
"Marshall","0","1","Illinois","4/9/20","1","0","17123","0"
"Mason","0","3","Illinois","4/9/20","0","3","17125","1"
"Massac","0","2","Illinois","4/9/20","1","1","17127","100"
"McHenry","17","198","Illinois","4/9/20","81","117","17111","144.44"
"McLean","5","69","Illinois","4/9/20","32","37","17113","115.62"
"Menard","0","2","Illinois","4/9/20","1","1","17129","100"
"Mercer","0","2","Illinois","4/9/20","1","1","17131","100"
"Monroe","4","35","Illinois","4/9/20","4","31","17133","775"
"Montgomery","1","6","Illinois","4/9/20","2","4","17135","200"
"Morgan","1","10","Illinois","4/9/20","5","5","17137","100"
"Moultrie","0","2","Illinois","4/9/20","1","1","17139","100"
"Ogle","2","14","Illinois","4/9/20","1","13","17141","1300"
"Peoria","1","15","Illinois","4/9/20","11","4","17143","36.36"
"Piatt","1","5","Illinois","4/9/20","1","4","17147","400"
"Pike","0","1","Illinois","4/9/20","0","1","17149","1"
"Pulaski","1","4","Illinois","4/9/20","0","4","17153","1"
"Randolph","4","34","Illinois","4/9/20","8","26","17157","325"
"Richland","0","1","Illinois","4/9/20","0","1","17159","1"
"Rock Island","7","73","Illinois","4/9/20","21","52","17161","247.62"
"Saline","0","3","Illinois","4/9/20","1","2","17165","200"
"Sangamon","3","39","Illinois","4/9/20","18","21","17167","116.67"
"Schuyler","0","1","Illinois","4/9/20","0","1","17169","1"
"Shelby","0","3","Illinois","4/9/20","0","3","17173","1"
"St. Clair","13","144","Illinois","4/9/20","55","89","17163","161.82"
"Stark","0","1","Illinois","4/9/20","0","1","17175","1"
"Stephenson","1","7","Illinois","4/9/20","3","4","17177","133.33"
"Tazewell","2","17","Illinois","4/9/20","5","12","17179","240"
"Vermilion","0","5","Illinois","4/9/20","2","3","17183","150"
"Wabash","0","2","Illinois","4/9/20","0","2","17185","1"
"Washington","0","2","Illinois","4/9/20","1","1","17189","100"
"Whiteside","2","23","Illinois","4/9/20","6","17","17195","283.33"
"Will","89","1010","Illinois","4/9/20","384","626","17197","163.02"
"Williamson","1","10","Illinois","4/9/20","1","9","17199","900"
"Winnebago","6","66","Illinois","4/9/20","24","42","17201","175"
"Woodford","1","7","Illinois","4/9/20","3","4","17203","133.33"
"Adams","0","2","Indiana","4/9/20","1","1","18001","100"
"Allen","8","105","Indiana","4/9/20","46","59","18003","128.26"
"Bartholomew","10","83","Indiana","4/9/20","15","68","18005","453.33"
"Blackford","0","4","Indiana","4/9/20","1","3","18009","300"
"Boone","7","84","Indiana","4/9/20","32","52","18011","162.5"
"Brown","1","9","Indiana","4/9/20","3","6","18013","200"
"Carroll","0","3","Indiana","4/9/20","2","1","18015","50"
"Cass","2","16","Indiana","4/9/20","2","14","18017","700"
"Clark","7","96","Indiana","4/9/20","49","47","18019","95.92"
"Clay","2","12","Indiana","4/9/20","1","11","18021","1100"
"Clinton","1","10","Indiana","4/9/20","1","9","18023","900"
"Crawford","1","11","Indiana","4/9/20","1","10","18025","1000"
"Daviess","1","8","Indiana","4/9/20","0","8","18027","1"
"Dearborn","4","52","Indiana","4/9/20","22","30","18029","136.36"
"Decatur","7","107","Indiana","4/9/20","59","48","18031","81.36"
"DeKalb","0","5","Indiana","4/9/20","2","3","18033","150"
"Delaware","3","49","Indiana","4/9/20","25","24","18035","96"
"Dubois","1","10","Indiana","4/9/20","3","7","18037","233.33"
"Elkhart","4","56","Indiana","4/9/20","27","29","18039","107.41"
"Fayette","1","19","Indiana","4/9/20","11","8","18041","72.73"
"Floyd","8","88","Indiana","4/9/20","34","54","18043","158.82"
"Fountain","0","2","Indiana","4/9/20","2","0","18045","0"
"Franklin","3","64","Indiana","4/9/20","45","19","18047","42.22"
"Fulton","0","3","Indiana","4/9/20","1","2","18049","200"
"Gibson","0","4","Indiana","4/9/20","4","0","18051","0"
"Grant","2","26","Indiana","4/9/20","11","15","18053","136.36"
"Greene","1","12","Indiana","4/9/20","8","4","18055","50"
"Hamilton","27","395","Indiana","4/9/20","207","188","18057","90.82"
"Hancock","9","100","Indiana","4/9/20","37","63","18059","170.27"
"Harrison","5","51","Indiana","4/9/20","18","33","18061","183.33"
"Hendricks","20","256","Indiana","4/9/20","116","140","18063","120.69"
"Henry","2","19","Indiana","4/9/20","6","13","18065","216.67"
"Howard","3","42","Indiana","4/9/20","24","18","18067","75"
"Huntington","0","6","Indiana","4/9/20","3","3","18069","100"
"Jackson","5","53","Indiana","4/9/20","19","34","18071","178.95"
"Jasper","1","16","Indiana","4/9/20","11","5","18073","45.45"
"Jay","0","4","Indiana","4/9/20","1","3","18075","300"
"Jefferson","1","10","Indiana","4/9/20","3","7","18077","233.33"
"Jennings","3","45","Indiana","4/9/20","23","22","18079","95.65"
"Johnson","17","248","Indiana","4/9/20","126","122","18081","96.83"
"Knox","1","10","Indiana","4/9/20","4","6","18083","150"
"Kosciusko","2","16","Indiana","4/9/20","5","11","18085","220"
"LaGrange","1","7","Indiana","4/9/20","2","5","18087","250"
"Lake","44","525","Indiana","4/9/20","215","310","18089","144.19"
"LaPorte","2","30","Indiana","4/9/20","14","16","18091","114.29"
"Lawrence","6","56","Indiana","4/9/20","12","44","18093","366.67"
"Madison","12","146","Indiana","4/9/20","62","84","18095","135.48"
"Marion","159","2415","Indiana","4/9/20","1304","1111","18097","85.2"
"Marshall","1","11","Indiana","4/9/20","4","7","18099","175"
"Martin","0","2","Indiana","4/9/20","0","2","18101","1"
"Miami","1","13","Indiana","4/9/20","4","9","18103","225"
"Monroe","4","61","Indiana","4/9/20","36","25","18105","69.44"
"Montgomery","1","19","Indiana","4/9/20","10","9","18107","90"
"Morgan","5","82","Indiana","4/9/20","48","34","18109","70.83"
"Newton","1","6","Indiana","4/9/20","1","5","18111","500"
"Noble","1","13","Indiana","4/9/20","3","10","18113","333.33"
"Ohio","0","1","Indiana","4/9/20","1","0","18115","0"
"Orange","1","12","Indiana","4/9/20","3","9","18117","300"
"Owen","1","17","Indiana","4/9/20","12","5","18119","41.67"
"Parke","1","5","Indiana","4/9/20","0","5","18121","1"
"Porter","8","93","Indiana","4/9/20","35","58","18127","165.71"
"Posey","0","5","Indiana","4/9/20","4","1","18129","25"
"Pulaski","0","1","Indiana","4/9/20","0","1","18131","1"
"Putnam","3","30","Indiana","4/9/20","11","19","18133","172.73"
"Randolph","1","7","Indiana","4/9/20","3","4","18135","133.33"
"Ripley","5","77","Indiana","4/9/20","39","38","18137","97.44"
"Rush","1","14","Indiana","4/9/20","7","7","18139","100"
"Scott","1","12","Indiana","4/9/20","5","7","18143","140"
"Shelby","5","61","Indiana","4/9/20","24","37","18145","154.17"
"Spencer","0","1","Indiana","4/9/20","1","0","18147","0"
"St. Joseph","12","150","Indiana","4/9/20","65","85","18141","130.77"
"Starke","1","6","Indiana","4/9/20","2","4","18149","200"
"Steuben","1","12","Indiana","4/9/20","2","10","18151","500"
"Sullivan","0","4","Indiana","4/9/20","3","1","18153","33.33"
"Switzerland","1","13","Indiana","4/9/20","4","9","18155","225"
"Tippecanoe","3","40","Indiana","4/9/20","19","21","18157","110.53"
"Tipton","1","9","Indiana","4/9/20","5","4","18159","80"
"Union","1","5","Indiana","4/9/20","0","5","18161","1"
"Vanderburgh","4","49","Indiana","4/9/20","23","26","18163","113.04"
"Vermillion","0","3","Indiana","4/9/20","0","3","18165","1"
"Vigo","4","36","Indiana","4/9/20","10","26","18167","260"
"Wabash","1","6","Indiana","4/9/20","1","5","18169","500"
"Warren","0","2","Indiana","4/9/20","2","0","18171","0"
"Warrick","3","30","Indiana","4/9/20","8","22","18173","275"
"Washington","2","23","Indiana","4/9/20","12","11","18175","91.67"
"Wayne","2","16","Indiana","4/9/20","3","13","18177","433.33"
"Wells","0","3","Indiana","4/9/20","2","1","18179","50"
"White","0","3","Indiana","4/9/20","3","0","18181","0"
"Whitley","1","8","Indiana","4/9/20","3","5","18183","166.67"
"Adair","0","1","Iowa","4/9/20","1","0","19001","0"
"Allamakee","1","19","Iowa","4/9/20","15","4","19005","26.67"
"Appanoose","0","1","Iowa","4/9/20","1","0","19007","0"
"Audubon","0","1","Iowa","4/9/20","1","0","19009","0"
"Benton","1","15","Iowa","4/9/20","7","8","19011","114.29"
"Black Hawk","2","21","Iowa","4/9/20","8","13","19013","162.5"
"Boone","0","4","Iowa","4/9/20","2","2","19015","100"
"Bremer","0","2","Iowa","4/9/20","1","1","19017","100"
"Buchanan","0","6","Iowa","4/9/20","3","3","19019","100"
"Buena Vista","0","1","Iowa","4/9/20","0","1","19021","1"
"Butler","0","1","Iowa","4/9/20","1","0","19023","0"
"Carroll","0","1","Iowa","4/9/20","1","0","19027","0"
"Cedar","1","19","Iowa","4/9/20","11","8","19031","72.73"
"Cerro Gordo","0","13","Iowa","4/9/20","10","3","19033","30"
"Chickasaw","0","2","Iowa","4/9/20","0","2","19037","1"
"Clarke","0","1","Iowa","4/9/20","0","1","19039","1"
"Clay","0","2","Iowa","4/9/20","2","0","19041","0"
"Clayton","0","5","Iowa","4/9/20","2","3","19043","150"
"Clinton","2","21","Iowa","4/9/20","9","12","19045","133.33"
"Crawford","1","6","Iowa","4/9/20","1","5","19047","500"
"Dallas","1","36","Iowa","4/9/20","31","5","19049","16.13"
"Delaware","0","1","Iowa","4/9/20","1","0","19055","0"
"Des Moines","0","3","Iowa","4/9/20","1","2","19057","200"
"Dickinson","0","1","Iowa","4/9/20","1","0","19059","0"
"Dubuque","1","31","Iowa","4/9/20","22","9","19061","40.91"
"Fayette","0","3","Iowa","4/9/20","2","1","19065","50"
"Franklin","0","1","Iowa","4/9/20","0","1","19069","1"
"Greene","0","1","Iowa","4/9/20","0","1","19073","1"
"Grundy","0","1","Iowa","4/9/20","0","1","19075","1"
"Guthrie","0","1","Iowa","4/9/20","1","0","19077","0"
"Hamilton","0","2","Iowa","4/9/20","0","2","19079","1"
"Hancock","0","3","Iowa","4/9/20","3","0","19081","0"
"Hardin","0","1","Iowa","4/9/20","1","0","19083","0"
"Harrison","0","11","Iowa","4/9/20","10","1","19085","10"
"Henry","1","15","Iowa","4/9/20","5","10","19087","200"
"Howard","0","1","Iowa","4/9/20","0","1","19089","1"
"Iowa","0","7","Iowa","4/9/20","5","2","19095","40"
"Jackson","0","4","Iowa","4/9/20","1","3","19097","300"
"Jasper","0","9","Iowa","4/9/20","7","2","19099","28.57"
"Jefferson","0","3","Iowa","4/9/20","1","2","19101","200"
"Johnson","13","171","Iowa","4/9/20","80","91","19103","113.75"
"Jones","0","8","Iowa","4/9/20","5","3","19105","60"
"Keokuk","0","2","Iowa","4/9/20","1","1","19107","100"
"Kossuth","0","1","Iowa","4/9/20","1","0","19109","0"
"Lee","0","1","Iowa","4/9/20","0","1","19111","1"
"Linn","16","215","Iowa","4/9/20","103","112","19113","108.74"
"Louisa","6","41","Iowa","4/9/20","0","41","19115","1"
"Lyon","0","2","Iowa","4/9/20","0","2","19119","1"
"Madison","0","1","Iowa","4/9/20","1","0","19121","0"
"Mahaska","0","4","Iowa","4/9/20","3","1","19123","33.33"
"Marion","0","2","Iowa","4/9/20","0","2","19125","1"
"Marshall","1","18","Iowa","4/9/20","9","9","19127","100"
"Mills","0","1","Iowa","4/9/20","0","1","19129","1"
"Mitchell","0","2","Iowa","4/9/20","2","0","19131","0"
"Monona","0","6","Iowa","4/9/20","5","1","19133","20"
"Montgomery","0","1","Iowa","4/9/20","1","0","19137","0"
"Muscatine","7","70","Iowa","4/9/20","19","51","19139","268.42"
"O'Brien","0","3","Iowa","4/9/20","2","1","19141","50"
"Page","0","3","Iowa","4/9/20","2","1","19145","50"
"Plymouth","1","4","Iowa","4/9/20","0","4","19149","1"
"Polk","8","140","Iowa","4/9/20","87","53","19153","60.92"
"Pottawattamie","1","11","Iowa","4/9/20","5","6","19155","120"
"Poweshiek","0","6","Iowa","4/9/20","7","-1","19157","-14.29"
"Scott","9","88","Iowa","4/9/20","25","63","19163","252"
"Shelby","0","6","Iowa","4/9/20","3","3","19165","100"
"Sioux","0","7","Iowa","4/9/20","4","3","19167","75"
"Story","0","7","Iowa","4/9/20","4","3","19169","75"
"Tama","7","63","Iowa","4/9/20","17","46","19171","270.59"
"Taylor","0","1","Iowa","4/9/20","1","0","19173","0"
"Van Buren","0","6","Iowa","4/9/20","3","3","19177","100"
"Wapello","0","2","Iowa","4/9/20","1","1","19179","100"
"Warren","1","13","Iowa","4/9/20","6","7","19181","116.67"
"Washington","4","65","Iowa","4/9/20","36","29","19183","80.56"
"Webster","0","2","Iowa","4/9/20","1","1","19187","100"
"Winnebago","0","1","Iowa","4/9/20","0","1","19189","1"
"Winneshiek","0","5","Iowa","4/9/20","4","1","19191","25"
"Woodbury","1","12","Iowa","4/9/20","7","5","19193","71.43"
"Worth","0","1","Iowa","4/9/20","0","1","19195","1"
"Wright","0","1","Iowa","4/9/20","1","0","19197","0"
"Anderson","0","0","Kansas","4/9/20","1","-1","20003","-100"
"Atchison","0","2","Kansas","4/9/20","1","1","20005","100"
"Barber","0","1","Kansas","4/9/20","0","1","20007","1"
"Barton","0","4","Kansas","4/9/20","2","2","20009","100"
"Bourbon","1","7","Kansas","4/9/20","3","4","20011","133.33"
"Butler","0","8","Kansas","4/9/20","7","1","20015","14.29"
"Chautauqua","0","3","Kansas","4/9/20","1","2","20019","200"
"Cherokee","0","5","Kansas","4/9/20","4","1","20021","25"
"Clay","0","1","Kansas","4/9/20","1","0","20027","0"
"Cloud","0","3","Kansas","4/9/20","1","2","20029","200"
"Coffey","3","36","Kansas","4/9/20","16","20","20031","125"
"Cowley","0","1","Kansas","4/9/20","1","0","20035","0"
"Crawford","0","6","Kansas","4/9/20","5","1","20037","20"
"Doniphan","0","1","Kansas","4/9/20","1","0","20043","0"
"Douglas","1","38","Kansas","4/9/20","31","7","20045","22.58"
"Finney","1","12","Kansas","4/9/20","3","9","20055","300"
"Ford","0","2","Kansas","4/9/20","0","2","20057","1"
"Franklin","0","10","Kansas","4/9/20","7","3","20059","42.86"
"Geary","1","5","Kansas","4/9/20","0","5","20061","1"
"Gove","0","1","Kansas","4/9/20","1","0","20063","0"
"Greenwood","0","1","Kansas","4/9/20","0","1","20073","1"
"Harvey","0","4","Kansas","4/9/20","2","2","20079","100"
"Jackson","0","1","Kansas","4/9/20","1","0","20085","0"
"Jefferson","1","5","Kansas","4/9/20","1","4","20087","400"
"Jewell","0","2","Kansas","4/9/20","0","2","20089","1"
"Johnson","13","252","Kansas","4/9/20","161","91","20091","56.52"
"Labette","1","11","Kansas","4/9/20","1","10","20099","1000"
"Leavenworth","5","61","Kansas","4/9/20","27","34","20103","125.93"
"Linn","0","5","Kansas","4/9/20","6","-1","20107","-16.67"
"Lyon","2","27","Kansas","4/9/20","16","11","20111","68.75"
"Marion","0","3","Kansas","4/9/20","0","3","20115","1"
"McPherson","1","13","Kansas","4/9/20","5","8","20113","160"
"Miami","0","3","Kansas","4/9/20","0","3","20121","1"
"Mitchell","0","2","Kansas","4/9/20","2","0","20123","0"
"Montgomery","1","11","Kansas","4/9/20","6","5","20125","83.33"
"Morris","0","2","Kansas","4/9/20","2","0","20127","0"
"Morton","0","1","Kansas","4/9/20","0","1","20129","1"
"Neosho","0","1","Kansas","4/9/20","1","0","20133","0"
"Osage","0","3","Kansas","4/9/20","3","0","20139","0"
"Osborne","0","2","Kansas","4/9/20","0","2","20141","1"
"Ottawa","0","3","Kansas","4/9/20","1","2","20143","200"
"Pottawatomie","0","5","Kansas","4/9/20","2","3","20149","150"
"Pratt","0","1","Kansas","4/9/20","1","0","20151","0"
"Reno","0","11","Kansas","4/9/20","8","3","20155","37.5"
"Republic","0","3","Kansas","4/9/20","0","3","20157","1"
"Riley","2","20","Kansas","4/9/20","6","14","20161","233.33"
"Rooks","0","2","Kansas","4/9/20","0","2","20163","1"
"Saline","1","8","Kansas","4/9/20","3","5","20169","166.67"
"Scott","0","1","Kansas","4/9/20","0","1","20171","1"
"Sedgwick","12","161","Kansas","4/9/20","79","82","20173","103.8"
"Seward","0","3","Kansas","4/9/20","0","3","20175","1"
"Shawnee","5","56","Kansas","4/9/20","20","36","20177","180"
"Stafford","0","1","Kansas","4/9/20","1","0","20185","0"
"Stevens","0","1","Kansas","4/9/20","2","-1","20189","-50"
"Sumner","0","2","Kansas","4/9/20","1","1","20191","100"
"Wabaunsee","1","7","Kansas","4/9/20","0","7","20197","1"
"Woodson","0","3","Kansas","4/9/20","3","0","20207","0"
"Wyandotte","24","272","Kansas","4/9/20","106","166","20209","156.6"
"Adair","1","6","Kentucky","4/9/20","0","6","21001","1"
"Allen","0","3","Kentucky","4/9/20","2","1","21003","50"
"Anderson","0","3","Kentucky","4/9/20","2","1","21005","50"
"Ballard","0","1","Kentucky","4/9/20","0","1","21007","1"
"Barren","0","1","Kentucky","4/9/20","1","0","21009","0"
"Bath","0","1","Kentucky","4/9/20","0","1","21011","1"
"Boone","2","23","Kentucky","4/9/20","8","15","21015","187.5"
"Bourbon","0","4","Kentucky","4/9/20","2","2","21017","100"
"Boyd","2","17","Kentucky","4/9/20","4","13","21019","325"
"Boyle","1","9","Kentucky","4/9/20","4","5","21021","125"
"Bracken","0","1","Kentucky","4/9/20","1","0","21023","0"
"Breathitt","0","1","Kentucky","4/9/20","2","-1","21025","-50"
"Breckinridge","0","3","Kentucky","4/9/20","2","1","21027","50"
"Bullitt","1","14","Kentucky","4/9/20","6","8","21029","133.33"
"Butler","0","2","Kentucky","4/9/20","1","1","21031","100"
"Caldwell","1","5","Kentucky","4/9/20","0","5","21033","1"
"Calloway","1","8","Kentucky","4/9/20","3","5","21035","166.67"
"Campbell","3","29","Kentucky","4/9/20","8","21","21037","262.5"
"Carroll","0","2","Kentucky","4/9/20","2","0","21041","0"
"Carter","0","1","Kentucky","4/9/20","0","1","21043","1"
"Christian","5","45","Kentucky","4/9/20","7","38","21047","542.86"
"Clark","0","11","Kentucky","4/9/20","8","3","21049","37.5"
"Clinton","0","1","Kentucky","4/9/20","0","1","21053","1"
"Crittenden","0","3","Kentucky","4/9/20","0","3","21055","1"
"Cumberland","0","1","Kentucky","4/9/20","0","1","21057","1"
"Daviess","4","61","Kentucky","4/9/20","34","27","21059","79.41"
"Edmonson","0","5","Kentucky","4/9/20","2","3","21061","150"
"Fayette","5","148","Kentucky","4/9/20","116","32","21067","27.59"
"Franklin","1","10","Kentucky","4/9/20","6","4","21073","66.67"
"Grant","0","3","Kentucky","4/9/20","1","2","21081","200"
"Graves","1","5","Kentucky","4/9/20","0","5","21083","1"
"Grayson","0","2","Kentucky","4/9/20","2","0","21085","0"
"Green","0","1","Kentucky","4/9/20","0","1","21087","1"
"Greenup","0","2","Kentucky","4/9/20","0","2","21089","1"
"Hancock","0","2","Kentucky","4/9/20","1","1","21091","100"
"Hardin","0","9","Kentucky","4/9/20","6","3","21093","50"
"Harrison","0","14","Kentucky","4/9/20","11","3","21097","27.27"
"Hart","0","1","Kentucky","4/9/20","0","1","21099","1"
"Henderson","1","9","Kentucky","4/9/20","5","4","21101","80"
"Henry","0","3","Kentucky","4/9/20","0","3","21103","1"
"Hopkins","4","57","Kentucky","4/9/20","27","30","21107","111.11"
"Jackson","0","3","Kentucky","4/9/20","0","3","21109","1"
"Jefferson","22","380","Kentucky","4/9/20","228","152","21111","66.67"
"Jessamine","1","18","Kentucky","4/9/20","13","5","21113","38.46"
"Johnson","0","1","Kentucky","4/9/20","0","1","21115","1"
"Kenton","4","54","Kentucky","4/9/20","25","29","21117","116"
"Larue","0","3","Kentucky","4/9/20","1","2","21123","200"
"Laurel","0","5","Kentucky","4/9/20","2","3","21125","150"
"Lawrence","0","1","Kentucky","4/9/20","1","0","21127","0"
"Leslie","0","1","Kentucky","4/9/20","0","1","21131","1"
"Letcher","0","1","Kentucky","4/9/20","0","1","21133","1"
"Lewis","0","2","Kentucky","4/9/20","1","1","21135","100"
"Logan","0","5","Kentucky","4/9/20","3","2","21141","66.67"
"Lyon","1","6","Kentucky","4/9/20","1","5","21143","500"
"Madison","1","14","Kentucky","4/9/20","10","4","21151","40"
"Marion","0","4","Kentucky","4/9/20","1","3","21155","300"
"Marshall","1","8","Kentucky","4/9/20","1","7","21157","700"
"Martin","0","1","Kentucky","4/9/20","1","0","21159","0"
"Mason","0","3","Kentucky","4/9/20","1","2","21161","200"
"McCracken","1","16","Kentucky","4/9/20","8","8","21145","100"
"McCreary","0","3","Kentucky","4/9/20","1","2","21147","200"
"McLean","0","2","Kentucky","4/9/20","1","1","21149","100"
"Meade","0","2","Kentucky","4/9/20","0","2","21163","1"
"Menifee","0","3","Kentucky","4/9/20","2","1","21165","50"
"Mercer","0","4","Kentucky","4/9/20","2","2","21167","100"
"Monroe","0","2","Kentucky","4/9/20","0","2","21171","1"
"Montgomery","1","7","Kentucky","4/9/20","2","5","21173","250"
"Muhlenberg","2","26","Kentucky","4/9/20","10","16","21177","160"
"Nelson","1","7","Kentucky","4/9/20","3","4","21179","133.33"
"Nicholas","0","1","Kentucky","4/9/20","1","0","21181","0"
"Ohio","1","4","Kentucky","4/9/20","0","4","21183","1"
"Oldham","1","11","Kentucky","4/9/20","6","5","21185","83.33"
"Pendleton","0","3","Kentucky","4/9/20","1","2","21191","200"
"Perry","0","3","Kentucky","4/9/20","0","3","21193","1"
"Pike","0","1","Kentucky","4/9/20","0","1","21195","1"
"Powell","0","1","Kentucky","4/9/20","1","0","21197","0"
"Pulaski","3","26","Kentucky","4/9/20","8","18","21199","225"
"Rockcastle","1","6","Kentucky","4/9/20","1","5","21203","500"
"Russell","1","4","Kentucky","4/9/20","0","4","21207","1"
"Scott","1","15","Kentucky","4/9/20","6","9","21209","150"
"Shelby","1","11","Kentucky","4/9/20","2","9","21211","450"
"Simpson","1","14","Kentucky","4/9/20","9","5","21213","55.56"
"Spencer","0","3","Kentucky","4/9/20","2","1","21215","50"
"Taylor","0","3","Kentucky","4/9/20","2","1","21217","50"
"Todd","0","3","Kentucky","4/9/20","0","3","21219","1"
"Union","0","3","Kentucky","4/9/20","2","1","21225","50"
"Warren","2","24","Kentucky","4/9/20","13","11","21227","84.62"
"Washington","0","3","Kentucky","4/9/20","1","2","21229","200"
"Wayne","0","4","Kentucky","4/9/20","3","1","21231","33.33"
"Webster","0","3","Kentucky","4/9/20","2","1","21233","50"
"Whitley","0","1","Kentucky","4/9/20","0","1","21235","1"
"Woodford","1","9","Kentucky","4/9/20","5","4","21239","80"
"Acadia","4","89","Louisiana","4/9/20","61","28","22001","45.9"
"Allen","6","66","Louisiana","4/9/20","26","40","22003","153.85"
"Ascension","24","370","Louisiana","4/9/20","201","169","22005","84.08"
"Assumption","9","94","Louisiana","4/9/20","31","63","22007","203.23"
"Avoyelles","3","56","Louisiana","4/9/20","34","22","22009","64.71"
"Beauregard","2","26","Louisiana","4/9/20","10","16","22011","160"
"Bienville","2","24","Louisiana","4/9/20","8","16","22013","200"
"Bossier","12","171","Louisiana","4/9/20","87","84","22015","96.55"
"Caddo","81","906","Louisiana","4/9/20","336","570","22017","169.64"
"Calcasieu","14","209","Louisiana","4/9/20","108","101","22019","93.52"
"Caldwell","3","18","Louisiana","4/9/20","0","18","22021","1"
"Cameron","0","1","Louisiana","4/9/20","0","1","22023","1"
"Catahoula","2","17","Louisiana","4/9/20","5","12","22025","240"
"Claiborne","4","38","Louisiana","4/9/20","11","27","22027","245.45"
"Concordia","1","13","Louisiana","4/9/20","8","5","22029","62.5"
"De Soto","8","101","Louisiana","4/9/20","42","59","22031","140.48"
"East Baton Rouge","96","1000","Louisiana","4/9/20","325","675","22033","207.69"
"East Carroll","0","1","Louisiana","4/9/20","1","0","22035","0"
"East Feliciana","6","59","Louisiana","4/9/20","14","45","22037","321.43"
"Evangeline","2","31","Louisiana","4/9/20","16","15","22039","93.75"
"Franklin","5","37","Louisiana","4/9/20","5","32","22041","640"
"Grant","1","10","Louisiana","4/9/20","5","5","22043","100"
"Iberia","6","108","Louisiana","4/9/20","67","41","22045","61.19"
"Iberville","17","187","Louisiana","4/9/20","69","118","22047","171.01"
"Jackson","0","7","Louisiana","4/9/20","4","3","22049","75"
"Jefferson","329","4480","Louisiana","4/9/20","2178","2302","22051","105.69"
"Jefferson Davis","2","30","Louisiana","4/9/20","13","17","22053","130.77"
"Lafayette","8","303","Louisiana","4/9/20","247","56","22055","22.67"
"Lafourche","34","393","Louisiana","4/9/20","158","235","22057","148.73"
"LaSalle","1","9","Louisiana","4/9/20","2","7","22059","350"
"Lincoln","2","28","Louisiana","4/9/20","13","15","22061","115.38"
"Livingston","10","103","Louisiana","4/9/20","33","70","22063","212.12"
"Madison","0","2","Louisiana","4/9/20","1","1","22065","100"
"Morehouse","3","24","Louisiana","4/9/20","4","20","22067","500"
"Natchitoches","3","27","Louisiana","4/9/20","4","23","22069","575"
"Orleans","299","5242","Louisiana","4/9/20","3148","2094","22071","66.52"
"Ouachita","29","300","Louisiana","4/9/20","94","206","22073","219.15"
"Plaquemines","9","129","Louisiana","4/9/20","68","61","22075","89.71"
"Pointe Coupee","3","32","Louisiana","4/9/20","12","20","22077","166.67"
"Rapides","10","148","Louisiana","4/9/20","77","71","22079","92.21"
"Red River","1","5","Louisiana","4/9/20","1","4","22081","400"
"Richland","2","16","Louisiana","4/9/20","4","12","22083","300"
"Sabine","1","8","Louisiana","4/9/20","4","4","22085","100"
"St. Bernard","21","325","Louisiana","4/9/20","181","144","22087","79.56"
"St. Charles","26","362","Louisiana","4/9/20","180","182","22089","101.11"
"St. Helena","1","11","Louisiana","4/9/20","1","10","22091","1000"
"St. James","12","191","Louisiana","4/9/20","110","81","22093","73.64"
"St. John the Baptist","29","477","Louisiana","4/9/20","274","203","22095","74.09"
"St. Landry","5","90","Louisiana","4/9/20","56","34","22097","60.71"
"St. Martin","10","127","Louisiana","4/9/20","58","69","22099","118.97"
"St. Mary","7","89","Louisiana","4/9/20","42","47","22101","111.9"
"St. Tammany","54","777","Louisiana","4/9/20","399","378","22103","94.74"
"Tangipahoa","34","283","Louisiana","4/9/20","42","241","22105","573.81"
"Terrebonne","19","233","Louisiana","4/9/20","97","136","22109","140.21"
"Union","4","39","Louisiana","4/9/20","13","26","22111","200"
"Vermilion","1","22","Louisiana","4/9/20","16","6","22113","37.5"
"Vernon","1","11","Louisiana","4/9/20","7","4","22115","57.14"
"Washington","10","119","Louisiana","4/9/20","50","69","22117","138"
"Webster","5","55","Louisiana","4/9/20","19","36","22119","189.47"
"West Baton Rouge","5","57","Louisiana","4/9/20","19","38","22121","200"
"West Carroll","0","1","Louisiana","4/9/20","0","1","22123","1"
"West Feliciana","4","38","Louisiana","4/9/20","10","28","22125","280"
"Winn","1","7","Louisiana","4/9/20","2","5","22127","250"
"Androscoggin","2","24","Maine","4/9/20","12","12","23001","100"
"Aroostook","0","2","Maine","4/9/20","0","2","23003","1"
"Cumberland","9","269","Maine","4/9/20","204","65","23005","31.86"
"Franklin","1","7","Maine","4/9/20","3","4","23007","133.33"
"Hancock","0","3","Maine","4/9/20","2","1","23009","50"
"Kennebec","1","26","Maine","4/9/20","19","7","23011","36.84"
"Knox","0","10","Maine","4/9/20","7","3","23013","42.86"
"Lincoln","0","9","Maine","4/9/20","8","1","23015","12.5"
"Oxford","0","12","Maine","4/9/20","9","3","23017","33.33"
"Penobscot","2","31","Maine","4/9/20","16","15","23019","93.75"
"Sagadahoc","1","14","Maine","4/9/20","10","4","23023","40"
"Somerset","0","5","Maine","4/9/20","2","3","23025","150"
"Waldo","1","11","Maine","4/9/20","2","9","23027","450"
"Washington","0","1","Maine","4/9/20","0","1","23029","1"
"York","8","132","Maine","4/9/20","74","58","23031","78.38"
"Allegany","1","8","Maryland","4/9/20","1","7","24001","700"
"Anne Arundel","43","505","Maryland","4/9/20","206","299","24003","145.15"
"Baltimore","89","979","Maryland","4/9/20","353","626","24005","177.34"
"Baltimore City","53","638","Maryland","4/9/20","265","373","24510","140.75"
"Calvert","6","66","Maryland","4/9/20","22","44","24009","200"
"Caroline","1","12","Maryland","4/9/20","4","8","24011","200"
"Carroll","14","203","Maryland","4/9/20","105","98","24013","93.33"
"Cecil","5","54","Maryland","4/9/20","20","34","24015","170"
"Charles","16","180","Maryland","4/9/20","69","111","24017","160.87"
"Dorchester","1","7","Maryland","4/9/20","1","6","24019","600"
"Frederick","27","233","Maryland","4/9/20","45","188","24021","417.78"
"Garrett","0","5","Maryland","4/9/20","3","2","24023","66.67"
"Harford","9","101","Maryland","4/9/20","37","64","24025","172.97"
"Howard","21","299","Maryland","4/9/20","152","147","24027","96.71"
"Kent","1","9","Maryland","4/9/20","5","4","24029","80"
"Montgomery","102","1214","Maryland","4/9/20","498","716","24031","143.78"
"Prince George's","143","1476","Maryland","4/9/20","473","1003","24033","212.05"
"Queen Anne's","1","17","Maryland","4/9/20","8","9","24035","112.5"
"Somerset","0","4","Maryland","4/9/20","4","0","24039","0"
"St. Mary's","5","65","Maryland","4/9/20","27","38","24037","140.74"
"Talbot","1","13","Maryland","4/9/20","4","9","24041","225"
"Washington","6","60","Maryland","4/9/20","17","43","24043","252.94"
"Wicomico","2","21","Maryland","4/9/20","7","14","24045","200"
"Worcester","2","16","Maryland","4/9/20","5","11","24047","220"
"Barnstable","23","444","Massachusetts","4/9/20","283","161","25001","56.89"
"Berkshire","13","304","Massachusetts","4/9/20","213","91","25003","42.72"
"Bristol","81","994","Massachusetts","4/9/20","424","570","25005","134.43"
"Dukes and Nantucket","1","18","Massachusetts","4/9/20","12","6","00000","50"
"Essex","185","2336","Massachusetts","4/9/20","1039","1297","25009","124.83"
"Franklin","6","128","Massachusetts","4/9/20","85","43","25011","50.59"
"Hampden","104","1276","Massachusetts","4/9/20","546","730","25013","133.7"
"Hampshire","11","177","Massachusetts","4/9/20","102","75","25015","73.53"
"Middlesex","311","4045","Massachusetts","4/9/20","1870","2175","25017","116.31"
"Norfolk","153","2007","Massachusetts","4/9/20","938","1069","25021","113.97"
"Plymouth","127","1507","Massachusetts","4/9/20","621","886","25023","142.67"
"Suffolk","306","4041","Massachusetts","4/9/20","1896","2145","25025","113.13"
"Worcester","113","1461","Massachusetts","4/9/20","667","794","25027","119.04"
"Allegan","3","23","Michigan","4/9/20","5","18","26005","360"
"Antrim","0","7","Michigan","4/9/20","5","2","26009","40"
"Arenac","0","4","Michigan","4/9/20","1","3","26011","300"
"Barry","0","9","Michigan","4/9/20","6","3","26015","50"
"Bay","4","47","Michigan","4/9/20","19","28","26017","147.37"
"Berrien","9","156","Michigan","4/9/20","90","66","26021","73.33"
"Branch","3","26","Michigan","4/9/20","5","21","26023","420"
"Calhoun","5","66","Michigan","4/9/20","28","38","26025","135.71"
"Cass","1","14","Michigan","4/9/20","10","4","26027","40"
"Charlevoix","1","9","Michigan","4/9/20","5","4","26029","80"
"Cheboygan","1","11","Michigan","4/9/20","4","7","26031","175"
"Chippewa","0","1","Michigan","4/9/20","1","0","26033","0"
"Clare","0","2","Michigan","4/9/20","1","1","26035","100"
"Clinton","6","89","Michigan","4/9/20","46","43","26037","93.48"
"Crawford","1","6","Michigan","4/9/20","1","5","26039","500"
"Delta","1","10","Michigan","4/9/20","4","6","26041","150"
"Dickinson","0","3","Michigan","4/9/20","1","2","26043","200"
"Eaton","5","72","Michigan","4/9/20","38","34","26045","89.47"
"Emmet","1","17","Michigan","4/9/20","7","10","26047","142.86"
"Genesee","60","776","Michigan","4/9/20","357","419","26049","117.37"
"Gladwin","0","4","Michigan","4/9/20","2","2","26051","100"
"Gogebic","0","3","Michigan","4/9/20","3","0","26053","0"
"Grand Traverse","1","16","Michigan","4/9/20","9","7","26055","77.78"
"Gratiot","0","7","Michigan","4/9/20","5","2","26057","40"
"Hillsdale","6","65","Michigan","4/9/20","24","41","26059","170.83"
"Houghton","0","1","Michigan","4/9/20","1","0","26061","0"
"Huron","0","8","Michigan","4/9/20","5","3","26063","60"
"Ingham","14","231","Michigan","4/9/20","134","97","26065","72.39"
"Ionia","1","13","Michigan","4/9/20","5","8","26067","160"
"Iosco","0","5","Michigan","4/9/20","2","3","26069","150"
"Isabella","4","38","Michigan","4/9/20","9","29","26073","322.22"
"Jackson","10","142","Michigan","4/9/20","74","68","26075","91.89"
"Kalamazoo","6","83","Michigan","4/9/20","38","45","26077","118.42"
"Kalkaska","1","11","Michigan","4/9/20","7","4","26079","57.14"
"Kent","17","251","Michigan","4/9/20","129","122","26081","94.57"
"Lapeer","8","82","Michigan","4/9/20","24","58","26087","241.67"
"Leelanau","0","4","Michigan","4/9/20","1","3","26089","300"
"Lenawee","2","42","Michigan","4/9/20","26","16","26091","61.54"
"Livingston","12","218","Michigan","4/9/20","131","87","26093","66.41"
"Luce","0","1","Michigan","4/9/20","0","1","26095","1"
"Mackinac","0","4","Michigan","4/9/20","1","3","26097","300"
"Macomb","208","2788","Michigan","4/9/20","1334","1454","26099","109"
"Manistee","1","10","Michigan","4/9/20","1","9","26101","900"
"Marquette","2","18","Michigan","4/9/20","5","13","26103","260"
"Mason","0","2","Michigan","4/9/20","1","1","26105","100"
"Mecosta","1","10","Michigan","4/9/20","3","7","26107","233.33"
"Midland","3","39","Michigan","4/9/20","20","19","26111","95"
"Missaukee","0","1","Michigan","4/9/20","1","0","26113","0"
"Monroe","12","165","Michigan","4/9/20","79","86","26115","108.86"
"Montcalm","1","20","Michigan","4/9/20","11","9","26117","81.82"
"Muskegon","4","53","Michigan","4/9/20","26","27","26121","103.85"
"Newaygo","0","5","Michigan","4/9/20","2","3","26123","150"
"Oakland","309","4553","Michigan","4/9/20","2391","2162","26125","90.42"
"Oceana","0","3","Michigan","4/9/20","2","1","26127","50"
"Ogemaw","0","4","Michigan","4/9/20","3","1","26129","33.33"
"Osceola","0","5","Michigan","4/9/20","3","2","26133","66.67"
"Oscoda","0","3","Michigan","4/9/20","2","1","26135","50"
"Otsego","2","32","Michigan","4/9/20","19","13","26137","68.42"
"Ottawa","6","81","Michigan","4/9/20","41","40","26139","97.56"
"Out of MI","12","131","Michigan","4/9/20","48","83","80026","172.92"
"Presque Isle","0","1","Michigan","4/9/20","0","1","26141","1"
"Roscommon","1","8","Michigan","4/9/20","1","7","26143","700"
"Saginaw","18","205","Michigan","4/9/20","82","123","26145","150"
"Sanilac","2","21","Michigan","4/9/20","8","13","26151","162.5"
"Schoolcraft","0","1","Michigan","4/9/20","0","1","26153","1"
"Shiawassee","2","34","Michigan","4/9/20","18","16","26155","88.89"
"St. Clair","17","183","Michigan","4/9/20","64","119","26147","185.94"
"St. Joseph","1","18","Michigan","4/9/20","8","10","26149","125"
"Tuscola","3","37","Michigan","4/9/20","14","23","26157","164.29"
"Van Buren","1","26","Michigan","4/9/20","16","10","26159","62.5"
"Washtenaw","34","708","Michigan","4/9/20","471","237","26161","50.32"
"Wayne","724","10179","Michigan","4/9/20","5111","5068","26163","99.16"
"Wexford","1","8","Michigan","4/9/20","3","5","26165","166.67"
"Anoka","3","53","Minnesota","4/9/20","30","23","27003","76.67"
"Beltrami","0","5","Minnesota","4/9/20","4","1","27007","25"
"Benton","0","1","Minnesota","4/9/20","1","0","27009","0"
"Big Stone","0","1","Minnesota","4/9/20","1","0","27011","0"
"Blue Earth","2","22","Minnesota","4/9/20","10","12","27013","120"
"Brown","1","7","Minnesota","4/9/20","2","5","27015","250"
"Carlton","2","15","Minnesota","4/9/20","3","12","27017","400"
"Carver","0","10","Minnesota","4/9/20","10","0","27019","0"
"Cass","0","3","Minnesota","4/9/20","1","2","27021","200"
"Chisago","0","5","Minnesota","4/9/20","3","2","27025","66.67"
"Clay","2","23","Minnesota","4/9/20","8","15","27027","187.5"
"Clearwater","0","2","Minnesota","4/9/20","2","0","27029","0"
"Cottonwood","0","5","Minnesota","4/9/20","5","0","27033","0"
"Crow Wing","2","13","Minnesota","4/9/20","2","11","27035","550"
"Dakota","4","79","Minnesota","4/9/20","52","27","27037","51.92"
"Dodge","0","13","Minnesota","4/9/20","10","3","27039","30"
"Douglas","0","1","Minnesota","4/9/20","1","0","27041","0"
"Faribault","0","4","Minnesota","4/9/20","2","2","27043","100"
"Fillmore","0","10","Minnesota","4/9/20","9","1","27045","11.11"
"Freeborn","2","20","Minnesota","4/9/20","5","15","27047","300"
"Goodhue","1","14","Minnesota","4/9/20","4","10","27049","250"
"Hennepin","20","375","Minnesota","4/9/20","235","140","27053","59.57"
"Houston","0","1","Minnesota","4/9/20","0","1","27055","1"
"Isanti","0","4","Minnesota","4/9/20","2","2","27059","100"
"Itasca","0","2","Minnesota","4/9/20","2","0","27061","0"
"Jackson","0","1","Minnesota","4/9/20","1","0","27063","0"
"Kandiyohi","0","2","Minnesota","4/9/20","2","0","27067","0"
"Koochiching","0","1","Minnesota","4/9/20","1","0","27071","0"
"Lac qui Parle","0","1","Minnesota","4/9/20","1","0","27073","0"
"Le Sueur","0","20","Minnesota","4/9/20","18","2","27079","11.11"
"Lincoln","0","2","Minnesota","4/9/20","1","1","27081","100"
"Lyon","0","5","Minnesota","4/9/20","3","2","27083","66.67"
"Mahnomen","0","1","Minnesota","4/9/20","1","0","27087","0"
"Martin","1","35","Minnesota","4/9/20","29","6","27091","20.69"
"McLeod","0","2","Minnesota","4/9/20","0","2","27085","1"
"Meeker","0","2","Minnesota","4/9/20","1","1","27093","100"
"Mower","1","20","Minnesota","4/9/20","15","5","27099","33.33"
"Murray","0","1","Minnesota","4/9/20","0","1","27101","1"
"Nicollet","0","5","Minnesota","4/9/20","3","2","27103","66.67"
"Olmsted","7","114","Minnesota","4/9/20","66","48","27109","72.73"
"Otter Tail","0","3","Minnesota","4/9/20","1","2","27111","200"
"Pipestone","0","1","Minnesota","4/9/20","0","1","27117","1"
"Polk","0","1","Minnesota","4/9/20","0","1","27119","1"
"Ramsey","8","121","Minnesota","4/9/20","67","54","27123","80.6"
"Redwood","0","1","Minnesota","4/9/20","0","1","27127","1"
"Renville","0","2","Minnesota","4/9/20","2","0","27129","0"
"Rice","0","4","Minnesota","4/9/20","3","1","27131","33.33"
"Roseau","0","1","Minnesota","4/9/20","0","1","27135","1"
"Scott","1","19","Minnesota","4/9/20","10","9","27139","90"
"Sherburne","0","9","Minnesota","4/9/20","8","1","27141","12.5"
"Sibley","0","1","Minnesota","4/9/20","1","0","27143","0"
"St. Louis","3","33","Minnesota","4/9/20","13","20","27137","153.85"
"Stearns","0","7","Minnesota","4/9/20","5","2","27145","40"
"Steele","0","8","Minnesota","4/9/20","6","2","27147","33.33"
"Swift","0","1","Minnesota","4/9/20","0","1","27151","1"
"Traverse","0","2","Minnesota","4/9/20","2","0","27155","0"
"Wabasha","0","6","Minnesota","4/9/20","6","0","27157","0"
"Waseca","0","3","Minnesota","4/9/20","3","0","27161","0"
"Washington","4","72","Minnesota","4/9/20","46","26","27163","56.52"
"Watonwan","0","4","Minnesota","4/9/20","3","1","27165","33.33"
"Wilkin","1","5","Minnesota","4/9/20","1","4","27167","400"
"Winona","1","20","Minnesota","4/9/20","11","9","27169","81.82"
"Wright","1","12","Minnesota","4/9/20","7","5","27171","71.43"
"Yellow Medicine","0","2","Minnesota","4/9/20","1","1","27173","100"
"Adams","2","27","Mississippi","4/9/20","14","13","28001","92.86"
"Alcorn","0","6","Mississippi","4/9/20","3","3","28003","100"
"Amite","1","10","Mississippi","4/9/20","4","6","28005","150"
"Attala","1","17","Mississippi","4/9/20","12","5","28007","41.67"
"Benton","0","5","Mississippi","4/9/20","5","0","28009","0"
"Bolivar","4","57","Mississippi","4/9/20","27","30","28011","111.11"
"Calhoun","1","13","Mississippi","4/9/20","4","9","28013","225"
"Carroll","1","7","Mississippi","4/9/20","3","4","28015","133.33"
"Chickasaw","1","20","Mississippi","4/9/20","14","6","28017","42.86"
"Choctaw","0","9","Mississippi","4/9/20","7","2","28019","28.57"
"Claiborne","0","3","Mississippi","4/9/20","1","2","28021","200"
"Clarke","1","12","Mississippi","4/9/20","4","8","28023","200"
"Clay","1","14","Mississippi","4/9/20","7","7","28025","100"
"Coahoma","2","35","Mississippi","4/9/20","23","12","28027","52.17"
"Copiah","2","27","Mississippi","4/9/20","10","17","28029","170"
"Covington","1","7","Mississippi","4/9/20","3","4","28031","133.33"
"DeSoto","7","150","Mississippi","4/9/20","103","47","28033","45.63"
"Forrest","6","71","Mississippi","4/9/20","26","45","28035","173.08"
"Franklin","1","8","Mississippi","4/9/20","3","5","28037","166.67"
"George","0","5","Mississippi","4/9/20","4","1","28039","25"
"Greene","0","1","Mississippi","4/9/20","0","1","28041","1"
"Grenada","1","10","Mississippi","4/9/20","4","6","28043","150"
"Hancock","2","37","Mississippi","4/9/20","22","15","28045","68.18"
"Harrison","6","96","Mississippi","4/9/20","53","43","28047","81.13"
"Hinds","12","203","Mississippi","4/9/20","118","85","28049","72.03"
"Holmes","2","31","Mississippi","4/9/20","16","15","28051","93.75"
"Humphreys","0","7","Mississippi","4/9/20","4","3","28053","75"
"Itawamba","1","7","Mississippi","4/9/20","3","4","28057","133.33"
"Jackson","9","122","Mississippi","4/9/20","57","65","28059","114.04"
"Jasper","1","10","Mississippi","4/9/20","2","8","28061","400"
"Jefferson","0","4","Mississippi","4/9/20","1","3","28063","300"
"Jefferson Davis","1","4","Mississippi","4/9/20","0","4","28065","1"
"Jones","2","19","Mississippi","4/9/20","6","13","28067","216.67"
"Kemper","1","13","Mississippi","4/9/20","4","9","28069","225"
"Lafayette","1","26","Mississippi","4/9/20","16","10","28071","62.5"
"Lamar","2","24","Mississippi","4/9/20","8","16","28073","200"
"Lauderdale","8","99","Mississippi","4/9/20","46","53","28075","115.22"
"Lawrence","0","8","Mississippi","4/9/20","5","3","28077","60"
"Leake","2","22","Mississippi","4/9/20","6","16","28079","266.67"
"Lee","2","40","Mississippi","4/9/20","24","16","28081","66.67"
"Leflore","2","32","Mississippi","4/9/20","20","12","28083","60"
"Lincoln","3","32","Mississippi","4/9/20","14","18","28085","128.57"
"Lowndes","1","18","Mississippi","4/9/20","10","8","28087","80"
"Madison","5","88","Mississippi","4/9/20","55","33","28089","60"
"Marion","2","16","Mississippi","4/9/20","5","11","28091","220"
"Marshall","1","26","Mississippi","4/9/20","18","8","28093","44.44"
"Monroe","2","24","Mississippi","4/9/20","11","13","28095","118.18"
"Montgomery","1","13","Mississippi","4/9/20","8","5","28097","62.5"
"Neshoba","2","17","Mississippi","4/9/20","4","13","28099","325"
"Newton","1","8","Mississippi","4/9/20","4","4","28101","100"
"Noxubee","0","5","Mississippi","4/9/20","4","1","28103","25"
"Oktibbeha","2","35","Mississippi","4/9/20","20","15","28105","75"
"Panola","2","21","Mississippi","4/9/20","8","13","28107","162.5"
"Pearl River","5","73","Mississippi","4/9/20","36","37","28109","102.78"
"Perry","1","14","Mississippi","4/9/20","6","8","28111","133.33"
"Pike","2","35","Mississippi","4/9/20","21","14","28113","66.67"
"Pontotoc","1","14","Mississippi","4/9/20","10","4","28115","40"
"Prentiss","1","10","Mississippi","4/9/20","4","6","28117","150"
"Quitman","1","12","Mississippi","4/9/20","4","8","28119","200"
"Rankin","5","85","Mississippi","4/9/20","50","35","28121","70"
"Scott","4","43","Mississippi","4/9/20","13","30","28123","230.77"
"Sharkey","0","3","Mississippi","4/9/20","2","1","28125","50"
"Simpson","0","6","Mississippi","4/9/20","4","2","28127","50"
"Smith","1","16","Mississippi","4/9/20","6","10","28129","166.67"
"Stone","1","5","Mississippi","4/9/20","0","5","28131","1"
"Sunflower","3","32","Mississippi","4/9/20","12","20","28133","166.67"
"Tallahatchie","0","3","Mississippi","4/9/20","2","1","28135","50"
"Tate","1","19","Mississippi","4/9/20","12","7","28137","58.33"
"Tippah","2","41","Mississippi","4/9/20","29","12","28139","41.38"
"Tishomingo","0","2","Mississippi","4/9/20","1","1","28141","100"
"Tunica","0","17","Mississippi","4/9/20","14","3","28143","21.43"
"Union","0","6","Mississippi","4/9/20","4","2","28145","50"
"Walthall","1","16","Mississippi","4/9/20","10","6","28147","60"
"Warren","1","10","Mississippi","4/9/20","2","8","28149","400"
"Washington","2","46","Mississippi","4/9/20","29","17","28151","58.62"
"Wayne","1","6","Mississippi","4/9/20","1","5","28153","500"
"Webster","1","13","Mississippi","4/9/20","8","5","28155","62.5"
"Wilkinson","3","37","Mississippi","4/9/20","17","20","28157","117.65"
"Winston","1","17","Mississippi","4/9/20","9","8","28159","88.89"
"Yalobusha","1","11","Mississippi","4/9/20","7","4","28161","57.14"
"Yazoo","5","47","Mississippi","4/9/20","11","36","28163","327.27"
"Adair","1","11","Missouri","4/9/20","6","5","29001","83.33"
"Atchison","0","1","Missouri","4/9/20","1","0","29005","0"
"Barry","0","2","Missouri","4/9/20","1","1","29009","100"
"Bates","0","4","Missouri","4/9/20","2","2","29013","100"
"Benton","0","3","Missouri","4/9/20","3","0","29015","0"
"Bollinger","0","2","Missouri","4/9/20","1","1","29017","100"
"Boone","1","78","Missouri","4/9/20","69","9","29019","13.04"
"Buchanan","2","16","Missouri","4/9/20","5","11","29021","220"
"Butler","1","5","Missouri","4/9/20","1","4","29023","400"
"Caldwell","0","1","Missouri","4/9/20","1","0","29025","0"
"Callaway","0","20","Missouri","4/9/20","18","2","29027","11.11"
"Camden","1","25","Missouri","4/9/20","19","6","29029","31.58"
"Cape Girardeau","1","23","Missouri","4/9/20","15","8","29031","53.33"
"Carter","0","3","Missouri","4/9/20","4","-1","29035","-25"
"Cass","1","26","Missouri","4/9/20","21","5","29037","23.81"
"Cedar","0","8","Missouri","4/9/20","5","3","29039","60"
"Chariton","0","4","Missouri","4/9/20","4","0","29041","0"
"Christian","1","17","Missouri","4/9/20","12","5","29043","41.67"
"Clark","0","1","Missouri","4/9/20","0","1","29045","1"
"Clay","2","37","Missouri","4/9/20","23","14","29047","60.87"
"Clinton","1","11","Missouri","4/9/20","6","5","29049","83.33"
"Cole","1","35","Missouri","4/9/20","25","10","29051","40"
"Cooper","0","2","Missouri","4/9/20","2","0","29053","0"
"Crawford","1","5","Missouri","4/9/20","1","4","29055","400"
"Dallas","0","1","Missouri","4/9/20","0","1","29059","1"
"DeKalb","0","2","Missouri","4/9/20","1","1","29063","100"
"Dunklin","0","9","Missouri","4/9/20","6","3","29069","50"
"Franklin","5","56","Missouri","4/9/20","19","37","29071","194.74"
"Gasconade","0","2","Missouri","4/9/20","1","1","29073","100"
"Gentry","0","1","Missouri","4/9/20","0","1","29075","1"
"Greene","3","74","Missouri","4/9/20","54","20","29077","37.04"
"Harrison","0","4","Missouri","4/9/20","2","2","29081","100"
"Henry","0","2","Missouri","4/9/20","1","1","29083","100"
"Howard","0","1","Missouri","4/9/20","0","1","29089","1"
"Howell","0","4","Missouri","4/9/20","1","3","29091","300"
"Jackson","9","167","Missouri","4/9/20","103","64","29095","62.14"
"Jasper","1","16","Missouri","4/9/20","7","9","29097","128.57"
"Jefferson","7","95","Missouri","4/9/20","47","48","29099","102.13"
"Johnson","1","35","Missouri","4/9/20","26","9","29101","34.62"
"Kansas City","16","249","Missouri","4/9/20","139","110","00000","79.14"
"Lafayette","1","27","Missouri","4/9/20","20","7","29107","35"
"Lincoln","2","25","Missouri","4/9/20","12","13","29113","108.33"
"Linn","0","3","Missouri","4/9/20","0","3","29115","1"
"Livingston","0","1","Missouri","4/9/20","1","0","29117","0"
"Macon","0","2","Missouri","4/9/20","3","-1","29121","-33.33"
"Madison","0","1","Missouri","4/9/20","0","1","29123","1"
"Maries","0","2","Missouri","4/9/20","2","0","29125","0"
"McDonald","0","3","Missouri","4/9/20","2","1","29119","50"
"Moniteau","0","4","Missouri","4/9/20","2","2","29135","100"
"Montgomery","0","5","Missouri","4/9/20","2","3","29139","150"
"Morgan","0","1","Missouri","4/9/20","1","0","29141","0"
"New Madrid","1","5","Missouri","4/9/20","1","4","29143","400"
"Newton","0","6","Missouri","4/9/20","6","0","29145","0"
"Nodaway","0","2","Missouri","4/9/20","0","2","29147","1"
"Oregon","0","1","Missouri","4/9/20","0","1","29149","1"
"Osage","0","4","Missouri","4/9/20","2","2","29151","100"
"Pemiscot","0","4","Missouri","4/9/20","3","1","29155","33.33"
"Perry","2","31","Missouri","4/9/20","19","12","29157","63.16"
"Pettis","0","3","Missouri","4/9/20","1","2","29159","200"
"Phelps","0","1","Missouri","4/9/20","0","1","29161","1"
"Pike","0","4","Missouri","4/9/20","1","3","29163","300"
"Platte","1","19","Missouri","4/9/20","13","6","29165","46.15"
"Polk","0","1","Missouri","4/9/20","0","1","29167","1"
"Pulaski","1","12","Missouri","4/9/20","8","4","29169","50"
"Ralls","0","1","Missouri","4/9/20","1","0","29173","0"
"Randolph","1","7","Missouri","4/9/20","2","5","29175","250"
"Ray","1","7","Missouri","4/9/20","1","6","29177","600"
"Reynolds","0","2","Missouri","4/9/20","2","0","29179","0"
"Ripley","0","2","Missouri","4/9/20","2","0","29181","0"
"Saline","1","7","Missouri","4/9/20","0","7","29195","1"
"Scotland","0","1","Missouri","4/9/20","0","1","29199","1"
"Scott","1","11","Missouri","4/9/20","6","5","29201","83.33"
"Shelby","0","1","Missouri","4/9/20","1","0","29205","0"
"St. Charles","25","283","Missouri","4/9/20","105","178","29183","169.52"
"St. Francois","2","20","Missouri","4/9/20","9","11","29187","122.22"
"St. Louis","107","1573","Missouri","4/9/20","827","746","29189","90.21"
"St. Louis City","42","565","Missouri","4/9/20","270","295","29510","109.26"
"Ste. Genevieve","0","6","Missouri","4/9/20","3","3","29186","100"
"Stoddard","1","8","Missouri","4/9/20","3","5","29207","166.67"
"Stone","0","3","Missouri","4/9/20","2","1","29209","50"
"Taney","1","7","Missouri","4/9/20","2","5","29213","250"
"Texas","0","0","Missouri","4/9/20","1","-1","29215","-100"
"Warren","1","13","Missouri","4/9/20","7","6","29219","85.71"
"Washington","0","1","Missouri","4/9/20","0","1","29221","1"
"Webster","0","3","Missouri","4/9/20","2","1","29225","50"
"Worth","0","1","Missouri","4/9/20","0","1","29227","1"
"Wright","0","7","Missouri","4/9/20","6","1","29229","16.67"
"Beaverhead","0","1","Montana","4/9/20","0","1","30001","1"
"Broadwater","0","4","Montana","4/9/20","3","1","30007","33.33"
"Carbon","0","3","Montana","4/9/20","1","2","30009","200"
"Cascade","0","12","Montana","4/9/20","11","1","30013","9.09"
"Deer Lodge","0","4","Montana","4/9/20","3","1","30023","33.33"
"Flathead","2","34","Montana","4/9/20","18","16","30029","88.89"
"Gallatin","5","128","Montana","4/9/20","93","35","30031","37.63"
"Glacier","0","3","Montana","4/9/20","0","3","30035","1"
"Hill","0","1","Montana","4/9/20","1","0","30041","0"
"Jefferson","0","2","Montana","4/9/20","2","0","30043","0"
"Lake","0","6","Montana","4/9/20","4","2","30047","50"
"Lewis and Clark","0","16","Montana","4/9/20","13","3","30049","23.08"
"Liberty","0","1","Montana","4/9/20","1","0","30051","0"
"Lincoln","0","7","Montana","4/9/20","6","1","30053","16.67"
"Madison","0","8","Montana","4/9/20","6","2","30057","33.33"
"Meagher","0","1","Montana","4/9/20","1","0","30059","0"
"Missoula","1","26","Montana","4/9/20","17","9","30063","52.94"
"Musselshell","0","1","Montana","4/9/20","1","0","30065","0"
"Park","0","7","Montana","4/9/20","6","1","30067","16.67"
"Ravalli","0","3","Montana","4/9/20","1","2","30081","200"
"Richland","0","2","Montana","4/9/20","0","2","30083","1"
"Roosevelt","0","2","Montana","4/9/20","1","1","30085","100"
"Silver Bow","0","11","Montana","4/9/20","11","0","30093","0"
"Stillwater","0","1","Montana","4/9/20","0","1","30095","1"
"Toole","2","18","Montana","4/9/20","6","12","30101","200"
"Yellowstone","2","52","Montana","4/9/20","35","17","30111","48.57"
"Adams","3","28","Nebraska","4/9/20","6","22","31001","366.67"
"Antelope","0","1","Nebraska","4/9/20","1","0","31003","0"
"Buffalo","3","31","Nebraska","4/9/20","8","23","31019","287.5"
"Burt","0","1","Nebraska","4/9/20","0","1","31021","1"
"Cass","0","3","Nebraska","4/9/20","2","1","31025","50"
"Cherry","0","1","Nebraska","4/9/20","0","1","31031","1"
"Cheyenne","0","1","Nebraska","4/9/20","0","1","31033","1"
"Colfax","0","3","Nebraska","4/9/20","0","3","31037","1"
"Cuming","0","2","Nebraska","4/9/20","1","1","31039","100"
"Custer","0","3","Nebraska","4/9/20","0","3","31041","1"
"Dawson","0","2","Nebraska","4/9/20","1","1","31047","100"
"Dodge","0","7","Nebraska","4/9/20","4","3","31053","75"
"Douglas","12","198","Nebraska","4/9/20","116","82","31055","70.69"
"Gage","3","24","Nebraska","4/9/20","1","23","31067","2300"
"Gosper","0","1","Nebraska","4/9/20","1","0","31073","0"
"Hall","10","84","Nebraska","4/9/20","17","67","31079","394.12"
"Hamilton","1","8","Nebraska","4/9/20","2","6","31081","300"
"Johnson","0","1","Nebraska","4/9/20","0","1","31097","1"
"Kearney","0","3","Nebraska","4/9/20","1","2","31099","200"
"Kimball","1","10","Nebraska","4/9/20","3","7","31105","233.33"
"Knox","0","2","Nebraska","4/9/20","2","0","31107","0"
"Lancaster","5","44","Nebraska","4/9/20","12","32","31109","266.67"
"Lincoln","1","17","Nebraska","4/9/20","11","6","31111","54.55"
"Madison","0","6","Nebraska","4/9/20","4","2","31119","50"
"Merrick","0","2","Nebraska","4/9/20","0","2","31121","1"
"Nemaha","0","1","Nebraska","4/9/20","1","0","31127","0"
"Otoe","0","1","Nebraska","4/9/20","1","0","31131","0"
"Phelps","0","1","Nebraska","4/9/20","0","1","31137","1"
"Platte","0","5","Nebraska","4/9/20","3","2","31141","66.67"
"Polk","0","1","Nebraska","4/9/20","0","1","31143","1"
"Sarpy","3","38","Nebraska","4/9/20","20","18","31153","90"
"Saunders","0","4","Nebraska","4/9/20","3","1","31155","33.33"
"Scotts Bluff","1","10","Nebraska","4/9/20","3","7","31157","233.33"
"Seward","0","1","Nebraska","4/9/20","0","1","31159","1"
"Stanton","0","1","Nebraska","4/9/20","0","1","31167","1"
"Washington","0","20","Nebraska","4/9/20","19","1","31177","5.26"
"York","0","2","Nebraska","4/9/20","1","1","31185","100"
"Carson City","1","14","Nevada","4/9/20","5","9","32510","180"
"Clark","126","2009","Nevada","4/9/20","1125","884","32003","78.58"
"Douglas","0","9","Nevada","4/9/20","6","3","32005","50"
"Elko","1","9","Nevada","4/9/20","5","4","32007","80"
"Humboldt","2","16","Nevada","4/9/20","5","11","32013","220"
"Lincoln","0","1","Nevada","4/9/20","0","1","32017","1"
"Lyon","0","4","Nevada","4/9/20","1","3","32019","300"
"Nye","1","10","Nevada","4/9/20","4","6","32023","150"
"Washoe","23","326","Nevada","4/9/20","163","163","32031","100"
"White Pine","0","1","Nevada","4/9/20","1","0","32033","0"
"Belknap","1","21","New Hampshire","4/9/20","13","8","33001","61.54"
"Carroll","1","23","New Hampshire","4/9/20","14","9","33003","64.29"
"Cheshire","1","14","New Hampshire","4/9/20","8","6","33005","75"
"Coos","0","1","New Hampshire","4/9/20","0","1","33007","1"
"Grafton","1","43","New Hampshire","4/9/20","38","5","33009","13.16"
"Hillsborough","20","303","New Hampshire","4/9/20","163","140","33011","85.89"
"Merrimack","4","60","New Hampshire","4/9/20","33","27","33013","81.82"
"Rockingham","14","268","New Hampshire","4/9/20","170","98","33015","57.65"
"Strafford","2","48","New Hampshire","4/9/20","35","13","33017","37.14"
"Sullivan","0","6","New Hampshire","4/9/20","5","1","33019","20"
"Atlantic","20","191","New Jersey","4/9/20","50","141","34001","282"
"Bergen","606","8343","New Jersey","4/9/20","4099","4244","34003","103.54"
"Burlington","84","883","New Jersey","4/9/20","294","589","34005","200.34"
"Camden","92","990","New Jersey","4/9/20","343","647","34007","188.63"
"Cape May","11","109","New Jersey","4/9/20","34","75","34009","220.59"
"Cumberland","11","111","New Jersey","4/9/20","31","80","34011","258.06"
"Essex","493","6069","New Jersey","4/9/20","2617","3452","34013","131.91"
"Gloucester","35","413","New Jersey","4/9/20","169","244","34015","144.38"
"Hudson","516","5879","New Jersey","4/9/20","2270","3609","34017","158.99"
"Hunterdon","22","286","New Jersey","4/9/20","130","156","34019","120"
"Mercer","111","1161","New Jersey","4/9/20","386","775","34021","200.78"
"Middlesex","409","4628","New Jersey","4/9/20","1766","2862","34023","162.06"
"Monmouth","256","3248","New Jersey","4/9/20","1458","1790","34025","122.77"
"Morris","223","2645","New Jersey","4/9/20","1082","1563","34027","144.45"
"Ocean","246","3093","New Jersey","4/9/20","1371","1722","34029","125.6"
"Passaic","420","4690","New Jersey","4/9/20","1750","2940","34031","168"
"Salem","3","43","New Jersey","4/9/20","20","23","34033","115"
"Somerset","112","1335","New Jersey","4/9/20","549","786","34035","143.17"
"Sussex","30","392","New Jersey","4/9/20","179","213","34037","118.99"
"Union","456","5203","New Jersey","4/9/20","2010","3193","34039","158.86"
"Warren","29","319","New Jersey","4/9/20","116","203","34041","175"
"Bernalillo","25","325","New Mexico","4/9/20","148","177","35001","119.59"
"Catron","0","1","New Mexico","4/9/20","0","1","35003","1"
"Chaves","1","16","New Mexico","4/9/20","10","6","35005","60"
"Cibola","2","16","New Mexico","4/9/20","5","11","35006","220"
"Curry","0","8","New Mexico","4/9/20","5","3","35009","60"
"Dona Ana","3","39","New Mexico","4/9/20","21","18","35013","85.71"
"Eddy","0","6","New Mexico","4/9/20","4","2","35015","50"
"Grant","0","4","New Mexico","4/9/20","1","3","35017","300"
"Lea","0","2","New Mexico","4/9/20","2","0","35025","0"
"Lincoln","0","1","New Mexico","4/9/20","0","1","35027","1"
"Los Alamos","0","2","New Mexico","4/9/20","0","2","35028","1"
"McKinley","7","70","New Mexico","4/9/20","24","46","35031","191.67"
"Otero","0","3","New Mexico","4/9/20","1","2","35035","200"
"Rio Arriba","0","7","New Mexico","4/9/20","4","3","35039","75"
"Roosevelt","0","1","New Mexico","4/9/20","1","0","35041","0"
"San Juan","11","116","New Mexico","4/9/20","41","75","35045","182.93"
"San Miguel","0","1","New Mexico","4/9/20","1","0","35047","0"
"Sandoval","16","143","New Mexico","4/9/20","32","111","35043","346.88"
"Santa Fe","3","68","New Mexico","4/9/20","48","20","35049","41.67"
"Socorro","0","7","New Mexico","4/9/20","4","3","35053","75"
"Taos","0","14","New Mexico","4/9/20","12","2","35055","16.67"
"Torrance","1","7","New Mexico","4/9/20","3","4","35057","133.33"
"Valencia","0","8","New Mexico","4/9/20","5","3","35061","60"
"Albany","18","379","New York","4/9/20","253","126","36001","49.8"
"Allegany","1","22","New York","4/9/20","12","10","36003","83.33"
"Broome","8","105","New York","4/9/20","46","59","36007","128.26"
"Cattaraugus","1","17","New York","4/9/20","8","9","36009","112.5"
"Cayuga","2","16","New York","4/9/20","4","12","36011","300"
"Chautauqua","2","22","New York","4/9/20","8","14","36013","175"
"Chemung","5","59","New York","4/9/20","22","37","36015","168.18"
"Chenango","4","55","New York","4/9/20","28","27","36017","96.43"
"Clinton","2","40","New York","4/9/20","25","15","36019","60"
"Columbia","5","83","New York","4/9/20","45","38","36021","84.44"
"Cortland","1","16","New York","4/9/20","11","5","36023","45.45"
"Delaware","2","37","New York","4/9/20","22","15","36025","68.18"
"Dutchess","118","1493","New York","4/9/20","667","826","36027","123.84"
"Erie","116","1432","New York","4/9/20","617","815","36029","132.09"
"Essex","0","8","New York","4/9/20","7","1","36031","14.29"
"Franklin","0","11","New York","4/9/20","9","2","36033","22.22"
"Fulton","1","15","New York","4/9/20","6","9","36035","150"
"Genesee","6","56","New York","4/9/20","16","40","36037","250"
"Greene","1","31","New York","4/9/20","21","10","36039","47.62"
"Hamilton","0","3","New York","4/9/20","2","1","36041","50"
"Herkimer","3","32","New York","4/9/20","14","18","36043","128.57"
"Jefferson","4","42","New York","4/9/20","15","27","36045","180"
"Lewis","1","6","New York","4/9/20","2","4","36049","200"
"Livingston","2","29","New York","4/9/20","18","11","36051","61.11"
"Madison","5","102","New York","4/9/20","68","34","36053","50"
"Monroe","40","698","New York","4/9/20","420","278","36055","66.19"
"Montgomery","3","28","New York","4/9/20","8","20","36057","250"
"Nassau","1365","20140","New York","4/9/20","10587","9553","36059","90.23"
"New York","5031","87028","New York","4/9/20","51809","35219","36061","67.98"
"Niagara","9","155","New York","4/9/20","91","64","36063","70.33"
"Oneida","14","158","New York","4/9/20","61","97","36065","159.02"
"Onondaga","17","422","New York","4/9/20","301","121","36067","40.2"
"Ontario","2","43","New York","4/9/20","26","17","36069","65.38"
"Orange","331","4309","New York","4/9/20","1993","2316","36071","116.21"
"Orleans","2","22","New York","4/9/20","6","16","36073","266.67"
"Oswego","2","36","New York","4/9/20","23","13","36075","56.52"
"Otsego","3","39","New York","4/9/20","21","18","36077","85.71"
"Putnam","34","456","New York","4/9/20","216","240","36079","111.11"
"Rensselaer","6","102","New York","4/9/20","60","42","36083","70"
"Rockland","416","6665","New York","4/9/20","3751","2914","36087","77.69"
"Saratoga","6","172","New York","4/9/20","132","40","36091","30.3"
"Schenectady","9","167","New York","4/9/20","101","66","36093","65.35"
"Schoharie","0","12","New York","4/9/20","9","3","36095","33.33"
"Schuyler","0","4","New York","4/9/20","3","1","36097","33.33"
"Seneca","2","15","New York","4/9/20","4","11","36099","275"
"St. Lawrence","6","82","New York","4/9/20","39","43","36089","110.26"
"Steuben","7","92","New York","4/9/20","43","49","36101","113.95"
"Suffolk","1437","18803","New York","4/9/20","8746","10057","36103","114.99"
"Sullivan","22","296","New York","4/9/20","143","153","36105","106.99"
"Tioga","1","17","New York","4/9/20","8","9","36107","112.5"
"Tompkins","4","107","New York","4/9/20","80","27","36109","33.75"
"Ulster","32","462","New York","4/9/20","240","222","36111","92.5"
"Warren","3","40","New York","4/9/20","18","22","36113","122.22"
"Washington","2","25","New York","4/9/20","12","13","36115","108.33"
"Wayne","2","39","New York","4/9/20","27","12","36117","44.44"
"Westchester","777","17004","New York","4/9/20","11567","5437","36119","47"
"Wyoming","2","29","New York","4/9/20","14","15","36121","107.14"
"Yates","0","1","New York","4/9/20","1","0","36123","0"
"Alamance","2","30","North Carolina","4/9/20","13","17","37001","130.77"
"Alexander","0","2","North Carolina","4/9/20","2","0","37003","0"
"Alleghany","0","2","North Carolina","4/9/20","2","0","37005","0"
"Anson","1","9","North Carolina","4/9/20","1","8","37007","800"
"Ashe","0","3","North Carolina","4/9/20","0","3","37009","1"
"Beaufort","1","11","North Carolina","4/9/20","7","4","37013","57.14"
"Bertie","1","11","North Carolina","4/9/20","6","5","37015","83.33"
"Bladen","0","1","North Carolina","4/9/20","1","0","37017","0"
"Brunswick","1","29","North Carolina","4/9/20","23","6","37019","26.09"
"Buncombe","2","37","North Carolina","4/9/20","22","15","37021","68.18"
"Burke","5","42","North Carolina","4/9/20","9","33","37023","366.67"
"Cabarrus","5","88","North Carolina","4/9/20","50","38","37025","76"
"Caldwell","1","12","North Carolina","4/9/20","3","9","37027","300"
"Carteret","1","20","North Carolina","4/9/20","14","6","37031","42.86"
"Caswell","0","2","North Carolina","4/9/20","1","1","37033","100"
"Catawba","2","29","North Carolina","4/9/20","16","13","37035","81.25"
"Chatham","1","26","North Carolina","4/9/20","19","7","37037","36.84"
"Cherokee","0","11","North Carolina","4/9/20","11","0","37039","0"
"Chowan","0","2","North Carolina","4/9/20","1","1","37041","100"
"Clay","0","4","North Carolina","4/9/20","3","1","37043","33.33"
"Cleveland","3","27","North Carolina","4/9/20","7","20","37045","285.71"
"Columbus","2","20","North Carolina","4/9/20","4","16","37047","400"
"Craven","2","22","North Carolina","4/9/20","10","12","37049","120"
"Cumberland","6","72","North Carolina","4/9/20","27","45","37051","166.67"
"Currituck","0","3","North Carolina","4/9/20","2","1","37053","50"
"Dare","1","13","North Carolina","4/9/20","3","10","37055","333.33"
"Davidson","5","78","North Carolina","4/9/20","41","37","37057","90.24"
"Davie","1","20","North Carolina","4/9/20","12","8","37059","66.67"
"Duplin","1","11","North Carolina","4/9/20","2","9","37061","450"
"Durham","14","243","North Carolina","4/9/20","147","96","37063","65.31"
"Edgecombe","2","15","North Carolina","4/9/20","4","11","37065","275"
"Forsyth","7","113","North Carolina","4/9/20","63","50","37067","79.37"
"Franklin","2","23","North Carolina","4/9/20","12","11","37069","91.67"
"Gaston","5","68","North Carolina","4/9/20","33","35","37071","106.06"
"Gates","0","4","North Carolina","4/9/20","1","3","37073","300"
"Granville","9","83","North Carolina","4/9/20","20","63","37077","315"
"Greene","1","10","North Carolina","4/9/20","5","5","37079","100"
"Guilford","7","125","North Carolina","4/9/20","74","51","37081","68.92"
"Halifax","2","19","North Carolina","4/9/20","7","12","37083","171.43"
"Harnett","2","34","North Carolina","4/9/20","19","15","37085","78.95"
"Haywood","0","3","North Carolina","4/9/20","2","1","37087","50"
"Henderson","5","55","North Carolina","4/9/20","22","33","37089","150"
"Hertford","0","5","North Carolina","4/9/20","4","1","37091","25"
"Hoke","1","15","North Carolina","4/9/20","7","8","37093","114.29"
"Iredell","3","60","North Carolina","4/9/20","36","24","37097","66.67"
"Jackson","0","2","North Carolina","4/9/20","1","1","37099","100"
"Johnston","5","57","North Carolina","4/9/20","20","37","37101","185"
"Jones","0","3","North Carolina","4/9/20","0","3","37103","1"
"Lee","0","4","North Carolina","4/9/20","3","1","37105","33.33"
"Lenoir","1","14","North Carolina","4/9/20","5","9","37107","180"
"Lincoln","1","12","North Carolina","4/9/20","8","4","37109","50"
"Macon","0","2","North Carolina","4/9/20","1","1","37113","100"
"Martin","0","4","North Carolina","4/9/20","3","1","37117","33.33"
"McDowell","1","13","North Carolina","4/9/20","8","5","37111","62.5"
"Mecklenburg","47","861","North Carolina","4/9/20","533","328","37119","61.54"
"Mitchell","0","3","North Carolina","4/9/20","1","2","37121","200"
"Montgomery","1","13","North Carolina","4/9/20","6","7","37123","116.67"
"Moore","7","57","North Carolina","4/9/20","11","46","37125","418.18"
"Nash","2","27","North Carolina","4/9/20","11","16","37127","145.45"
"New Hanover","2","53","North Carolina","4/9/20","42","11","37129","26.19"
"Northampton","4","55","North Carolina","4/9/20","30","25","37131","83.33"
"Onslow","3","26","North Carolina","4/9/20","8","18","37133","225"
"Orange","9","98","North Carolina","4/9/20","37","61","37135","164.86"
"Pamlico","0","3","North Carolina","4/9/20","2","1","37137","50"
"Pasquotank","0","10","North Carolina","4/9/20","7","3","37139","42.86"
"Pender","0","3","North Carolina","4/9/20","0","3","37141","1"
"Perquimans","0","2","North Carolina","4/9/20","1","1","37143","100"
"Person","1","8","North Carolina","4/9/20","2","6","37145","300"
"Pitt","4","57","North Carolina","4/9/20","29","28","37147","96.55"
"Polk","1","8","North Carolina","4/9/20","4","4","37149","100"
"Randolph","3","42","North Carolina","4/9/20","19","23","37151","121.05"
"Richmond","0","2","North Carolina","4/9/20","0","2","37153","1"
"Robeson","1","7","North Carolina","4/9/20","3","4","37155","133.33"
"Rockingham","1","9","North Carolina","4/9/20","2","7","37157","350"
"Rowan","6","71","North Carolina","4/9/20","31","40","37159","129.03"
"Rutherford","3","31","North Carolina","4/9/20","9","22","37161","244.44"
"Sampson","1","10","North Carolina","4/9/20","1","9","37163","900"
"Scotland","0","4","North Carolina","4/9/20","2","2","37165","100"
"Stanly","1","10","North Carolina","4/9/20","5","5","37167","100"
"Stokes","1","8","North Carolina","4/9/20","3","5","37169","166.67"
"Surry","1","10","North Carolina","4/9/20","2","8","37171","400"
"Swain","0","1","North Carolina","4/9/20","0","1","37173","1"
"Transylvania","0","6","North Carolina","4/9/20","5","1","37175","20"
"Union","5","93","North Carolina","4/9/20","55","38","37179","69.09"
"Vance","2","17","North Carolina","4/9/20","6","11","37181","183.33"
"Wake","19","385","North Carolina","4/9/20","251","134","37183","53.39"
"Warren","0","3","North Carolina","4/9/20","0","3","37185","1"
"Washington","1","10","North Carolina","4/9/20","2","8","37187","400"
"Watauga","0","8","North Carolina","4/9/20","8","0","37189","0"
"Wayne","6","47","North Carolina","4/9/20","7","40","37191","571.43"
"Wilkes","0","4","North Carolina","4/9/20","4","0","37193","0"
"Wilson","4","42","North Carolina","4/9/20","17","25","37195","147.06"
"Yadkin","1","9","North Carolina","4/9/20","4","5","37197","125"
"Barnes","0","2","North Dakota","4/9/20","2","0","38003","0"
"Bowman","0","1","North Dakota","4/9/20","0","1","38011","1"
"Burke","0","2","North Dakota","4/9/20","2","0","38013","0"
"Burleigh","2","46","North Dakota","4/9/20","32","14","38015","43.75"
"Cass","6","83","North Dakota","4/9/20","43","40","38017","93.02"
"Divide","0","1","North Dakota","4/9/20","1","0","38023","0"
"Dunn","0","1","North Dakota","4/9/20","1","0","38025","0"
"Eddy","0","1","North Dakota","4/9/20","0","1","38027","1"
"Emmons","0","1","North Dakota","4/9/20","0","1","38029","1"
"Foster","0","1","North Dakota","4/9/20","1","0","38031","0"
"Grand Forks","1","11","North Dakota","4/9/20","5","6","38035","120"
"Grant","0","1","North Dakota","4/9/20","1","0","38037","0"
"McHenry","0","1","North Dakota","4/9/20","1","0","38049","0"
"McIntosh","0","1","North Dakota","4/9/20","1","0","38051","0"
"McKenzie","1","6","North Dakota","4/9/20","2","4","38053","200"
"McLean","0","2","North Dakota","4/9/20","2","0","38055","0"
"Morton","1","19","North Dakota","4/9/20","14","5","38059","35.71"
"Mountrail","2","20","North Dakota","4/9/20","8","12","38061","150"
"Oliver","0","1","North Dakota","4/9/20","1","0","38065","0"
"Pierce","0","2","North Dakota","4/9/20","2","0","38069","0"
"Ramsey","0","3","North Dakota","4/9/20","3","0","38071","0"
"Richland","0","1","North Dakota","4/9/20","0","1","38077","1"
"Sioux","0","1","North Dakota","4/9/20","1","0","38085","0"
"Slope","0","3","North Dakota","4/9/20","0","3","38087","1"
"Stark","2","29","North Dakota","4/9/20","18","11","38089","61.11"
"Stutsman","0","1","North Dakota","4/9/20","0","1","38093","1"
"Walsh","0","3","North Dakota","4/9/20","1","2","38099","200"
"Ward","1","19","North Dakota","4/9/20","13","6","38101","46.15"
"Williams","0","6","North Dakota","4/9/20","4","2","38105","50"
"","1","11","Northern Mariana Islands","4/9/20","6","5",,"83.33"
"Adams","0","3","Ohio","4/9/20","0","3","39001","1"
"Allen","2","23","Ohio","4/9/20","10","13","39003","130"
"Ashland","0","4","Ohio","4/9/20","3","1","39005","33.33"
"Ashtabula","2","19","Ohio","4/9/20","8","11","39007","137.5"
"Athens","0","3","Ohio","4/9/20","3","0","39009","0"
"Auglaize","1","8","Ohio","4/9/20","3","5","39011","166.67"
"Belmont","3","36","Ohio","4/9/20","12","24","39013","200"
"Brown","0","4","Ohio","4/9/20","2","2","39015","100"
"Butler","9","108","Ohio","4/9/20","45","63","39017","140"
"Carroll","1","9","Ohio","4/9/20","5","4","39019","80"
"Champaign","0","5","Ohio","4/9/20","4","1","39021","25"
"Clark","1","14","Ohio","4/9/20","7","7","39023","100"
"Clermont","3","33","Ohio","4/9/20","14","19","39025","135.71"
"Clinton","1","12","Ohio","4/9/20","5","7","39027","140"
"Columbiana","8","81","Ohio","4/9/20","22","59","39029","268.18"
"Coshocton","1","12","Ohio","4/9/20","8","4","39031","50"
"Crawford","1","12","Ohio","4/9/20","6","6","39033","100"
"Cuyahoga","50","1014","Ohio","4/9/20","663","351","39035","52.94"
"Darke","3","40","Ohio","4/9/20","22","18","39037","81.82"
"Defiance","1","10","Ohio","4/9/20","6","4","39039","66.67"
"Delaware","5","84","Ohio","4/9/20","50","34","39041","68"
"Erie","1","10","Ohio","4/9/20","5","5","39043","100"
"Fairfield","6","68","Ohio","4/9/20","28","40","39045","142.86"
"Fayette","1","5","Ohio","4/9/20","1","4","39047","400"
"Franklin","52","802","Ohio","4/9/20","441","361","39049","81.86"
"Fulton","0","5","Ohio","4/9/20","3","2","39051","66.67"
"Gallia","0","4","Ohio","4/9/20","3","1","39053","33.33"
"Geauga","2","47","Ohio","4/9/20","33","14","39055","42.42"
"Greene","2","21","Ohio","4/9/20","8","13","39057","162.5"
"Guernsey","0","4","Ohio","4/9/20","1","3","39059","300"
"Hamilton","42","473","Ohio","4/9/20","178","295","39061","165.73"
"Hancock","1","16","Ohio","4/9/20","8","8","39063","100"
"Hardin","0","3","Ohio","4/9/20","1","2","39065","200"
"Henry","0","1","Ohio","4/9/20","0","1","39069","1"
"Highland","0","6","Ohio","4/9/20","3","3","39071","100"
"Holmes","0","3","Ohio","4/9/20","1","2","39075","200"
"Huron","1","10","Ohio","4/9/20","4","6","39077","150"
"Jackson","0","2","Ohio","4/9/20","0","2","39079","1"
"Jefferson","1","19","Ohio","4/9/20","13","6","39081","46.15"
"Knox","0","8","Ohio","4/9/20","5","3","39083","60"
"Lake","6","106","Ohio","4/9/20","62","44","39085","70.97"
"Lawrence","2","15","Ohio","4/9/20","2","13","39087","650"
"Licking","7","78","Ohio","4/9/20","30","48","39089","160"
"Logan","0","5","Ohio","4/9/20","3","2","39091","66.67"
"Lorain","7","140","Ohio","4/9/20","90","50","39093","55.56"
"Lucas","28","403","Ohio","4/9/20","206","197","39095","95.63"
"Madison","1","21","Ohio","4/9/20","11","10","39097","90.91"
"Mahoning","20","334","Ohio","4/9/20","192","142","39099","73.96"
"Marion","4","40","Ohio","4/9/20","10","30","39101","300"
"Medina","4","98","Ohio","4/9/20","68","30","39103","44.12"
"Meigs","0","1","Ohio","4/9/20","0","1","39105","1"
"Mercer","1","12","Ohio","4/9/20","5","7","39107","140"
"Miami","7","110","Ohio","4/9/20","62","48","39109","77.42"
"Monroe","0","2","Ohio","4/9/20","0","2","39111","1"
"Montgomery","15","156","Ohio","4/9/20","49","107","39113","218.37"
"Morgan","0","2","Ohio","4/9/20","0","2","39115","1"
"Morrow","1","6","Ohio","4/9/20","1","5","39117","500"
"Muskingum","1","8","Ohio","4/9/20","3","5","39119","166.67"
"Noble","0","1","Ohio","4/9/20","0","1","39121","1"
"Ottawa","0","8","Ohio","4/9/20","5","3","39123","60"
"Paulding","0","2","Ohio","4/9/20","0","2","39125","1"
"Perry","1","6","Ohio","4/9/20","2","4","39127","200"
"Pickaway","4","39","Ohio","4/9/20","11","28","39129","254.55"
"Pike","0","1","Ohio","4/9/20","1","0","39131","0"
"Portage","8","116","Ohio","4/9/20","59","57","39133","96.61"
"Preble","1","9","Ohio","4/9/20","1","8","39135","800"
"Richland","3","27","Ohio","4/9/20","8","19","39139","237.5"
"Ross","1","10","Ohio","4/9/20","3","7","39141","233.33"
"Sandusky","0","7","Ohio","4/9/20","5","2","39143","40"
"Scioto","0","2","Ohio","4/9/20","0","2","39145","1"
"Seneca","0","7","Ohio","4/9/20","4","3","39147","75"
"Shelby","2","21","Ohio","4/9/20","6","15","39149","250"
"Stark","8","120","Ohio","4/9/20","67","53","39151","79.1"
"Summit","9","221","Ohio","4/9/20","155","66","39153","42.58"
"Trumbull","10","132","Ohio","4/9/20","63","69","39155","109.52"
"Tuscarawas","1","26","Ohio","4/9/20","16","10","39157","62.5"
"Union","1","9","Ohio","4/9/20","4","5","39159","125"
"Van Wert","0","2","Ohio","4/9/20","2","0","39161","0"
"Warren","4","53","Ohio","4/9/20","26","27","39165","103.85"
"Washington","4","34","Ohio","4/9/20","4","30","39167","750"
"Wayne","3","30","Ohio","4/9/20","11","19","39169","172.73"
"Williams","0","1","Ohio","4/9/20","0","1","39171","1"
"Wood","3","42","Ohio","4/9/20","18","24","39173","133.33"
"Wyandot","1","8","Ohio","4/9/20","2","6","39175","300"
"Adair","2","25","Oklahoma","4/9/20","9","16","40001","177.78"
"Atoka","0","1","Oklahoma","4/9/20","1","0","40005","0"
"Beaver","0","1","Oklahoma","4/9/20","0","1","40007","1"
"Beckham","0","1","Oklahoma","4/9/20","1","0","40009","0"
"Bryan","0","3","Oklahoma","4/9/20","2","1","40013","50"
"Caddo","1","6","Oklahoma","4/9/20","2","4","40015","200"
"Canadian","3","48","Oklahoma","4/9/20","28","20","40017","71.43"
"Carter","0","1","Oklahoma","4/9/20","1","0","40019","0"
"Cherokee","1","17","Oklahoma","4/9/20","7","10","40021","142.86"
"Choctaw","0","2","Oklahoma","4/9/20","1","1","40023","100"
"Cleveland","16","231","Oklahoma","4/9/20","121","110","40027","90.91"
"Comanche","3","47","Oklahoma","4/9/20","27","20","40031","74.07"
"Cotton","0","4","Oklahoma","4/9/20","1","3","40033","300"
"Craig","0","5","Oklahoma","4/9/20","2","3","40035","150"
"Creek","2","48","Oklahoma","4/9/20","36","12","40037","33.33"
"Custer","0","5","Oklahoma","4/9/20","5","0","40039","0"
"Delaware","1","14","Oklahoma","4/9/20","10","4","40041","40"
"Dewey","0","1","Oklahoma","4/9/20","0","1","40043","1"
"Garfield","0","5","Oklahoma","4/9/20","4","1","40047","25"
"Garvin","1","13","Oklahoma","4/9/20","8","5","40049","62.5"
"Grady","1","9","Oklahoma","4/9/20","3","6","40051","200"
"Grant","0","1","Oklahoma","4/9/20","0","1","40053","1"
"Greer","5","37","Oklahoma","4/9/20","2","35","40055","1750"
"Jackson","1","6","Oklahoma","4/9/20","2","4","40065","200"
"Jefferson","0","1","Oklahoma","4/9/20","0","1","40067","1"
"Kay","2","36","Oklahoma","4/9/20","24","12","40071","50"
"Kingfisher","0","3","Oklahoma","4/9/20","2","1","40073","50"
"Kiowa","0","1","Oklahoma","4/9/20","1","0","40075","0"
"Latimer","0","4","Oklahoma","4/9/20","2","2","40077","100"
"Le Flore","0","3","Oklahoma","4/9/20","1","2","40079","200"
"Lincoln","1","10","Oklahoma","4/9/20","6","4","40081","66.67"
"Logan","0","7","Oklahoma","4/9/20","5","2","40083","40"
"Love","0","2","Oklahoma","4/9/20","2","0","40085","0"
"Major","0","1","Oklahoma","4/9/20","0","1","40093","1"
"Marshall","0","1","Oklahoma","4/9/20","0","1","40095","1"
"Mayes","1","12","Oklahoma","4/9/20","5","7","40097","140"
"McClain","1","17","Oklahoma","4/9/20","11","6","40087","54.55"
"McCurtain","0","2","Oklahoma","4/9/20","0","2","40089","1"
"McIntosh","0","1","Oklahoma","4/9/20","0","1","40091","1"
"Muskogee","1","21","Oklahoma","4/9/20","15","6","40101","40"
"Noble","0","6","Oklahoma","4/9/20","5","1","40103","20"
"Nowata","1","10","Oklahoma","4/9/20","6","4","40105","66.67"
"Oklahoma","24","385","Oklahoma","4/9/20","216","169","40109","78.24"
"Okmulgee","1","13","Oklahoma","4/9/20","5","8","40111","160"
"Osage","3","41","Oklahoma","4/9/20","22","19","40113","86.36"
"Ottawa","1","17","Oklahoma","4/9/20","8","9","40115","112.5"
"Out of OK","0","2","Oklahoma","4/9/20","2","0","80040","0"
"Pawnee","1","24","Oklahoma","4/9/20","15","9","40117","60"
"Payne","1","25","Oklahoma","4/9/20","18","7","40119","38.89"
"Pittsburg","1","7","Oklahoma","4/9/20","2","5","40121","250"
"Pontotoc","1","9","Oklahoma","4/9/20","5","4","40123","80"
"Pottawatomie","2","24","Oklahoma","4/9/20","9","15","40125","166.67"
"Rogers","2","19","Oklahoma","4/9/20","8","11","40131","137.5"
"Seminole","0","4","Oklahoma","4/9/20","1","3","40133","300"
"Sequoyah","1","10","Oklahoma","4/9/20","4","6","40135","150"
"Stephens","1","13","Oklahoma","4/9/20","7","6","40137","85.71"
"Texas","0","3","Oklahoma","4/9/20","1","2","40139","200"
"Tillman","0","1","Oklahoma","4/9/20","0","1","40141","1"
"Tulsa","22","308","Oklahoma","4/9/20","151","157","40143","103.97"
"Wagoner","5","57","Oklahoma","4/9/20","24","33","40145","137.5"
"Washington","4","54","Oklahoma","4/9/20","24","30","40147","125"
"Woodward","0","1","Oklahoma","4/9/20","1","0","40153","0"
"Benton","1","21","Oregon","4/9/20","15","6","41003","40"
"Clackamas","7","109","Oregon","4/9/20","61","48","41005","78.69"
"Clatsop","0","5","Oregon","4/9/20","3","2","41007","66.67"
"Columbia","1","10","Oregon","4/9/20","1","9","41009","900"
"Crook","0","1","Oregon","4/9/20","0","1","41013","1"
"Curry","0","3","Oregon","4/9/20","0","3","41015","1"
"Deschutes","3","50","Oregon","4/9/20","32","18","41017","56.25"
"Douglas","0","12","Oregon","4/9/20","9","3","41019","33.33"
"Grant","0","1","Oregon","4/9/20","1","0","41023","0"
"Hood River","0","3","Oregon","4/9/20","3","0","41027","0"
"Jackson","2","44","Oregon","4/9/20","27","17","41029","62.96"
"Josephine","1","16","Oregon","4/9/20","12","4","41033","33.33"
"Klamath","2","20","Oregon","4/9/20","8","12","41035","150"
"Lane","2","33","Oregon","4/9/20","21","12","41039","57.14"
"Lincoln","0","4","Oregon","4/9/20","4","0","41041","0"
"Linn","2","49","Oregon","4/9/20","37","12","41043","32.43"
"Malheur","0","2","Oregon","4/9/20","1","1","41045","100"
"Marion","10","235","Oregon","4/9/20","164","71","41047","43.29"
"Morrow","1","5","Oregon","4/9/20","1","4","41049","400"
"Multnomah","20","302","Oregon","4/9/20","160","142","41051","88.75"
"Polk","2","29","Oregon","4/9/20","18","11","41053","61.11"
"Sherman","0","1","Oregon","4/9/20","0","1","41055","1"
"Tillamook","0","4","Oregon","4/9/20","3","1","41057","33.33"
"Umatilla","1","11","Oregon","4/9/20","5","6","41059","120"
"Union","0","3","Oregon","4/9/20","3","0","41061","0"
"Wallowa","0","1","Oregon","4/9/20","1","0","41063","0"
"Wasco","0","7","Oregon","4/9/20","7","0","41065","0"
"Washington","14","311","Oregon","4/9/20","211","100","41067","47.39"
"Yamhill","2","29","Oregon","4/9/20","18","11","41071","61.11"
"Adams","3","38","Pennsylvania","4/9/20","18","20","42001","111.11"
"Allegheny","49","759","Pennsylvania","4/9/20","419","340","42003","81.15"
"Armstrong","2","20","Pennsylvania","4/9/20","7","13","42005","185.71"
"Beaver","11","129","Pennsylvania","4/9/20","55","74","42007","134.55"
"Bedford","0","4","Pennsylvania","4/9/20","3","1","42009","33.33"
"Berks","64","616","Pennsylvania","4/9/20","168","448","42011","266.67"
"Blair","0","6","Pennsylvania","4/9/20","4","2","42013","50"
"Bradford","1","15","Pennsylvania","4/9/20","8","7","42015","87.5"
"Bucks","80","931","Pennsylvania","4/9/20","373","558","42017","149.6"
"Butler","6","113","Pennsylvania","4/9/20","69","44","42019","63.77"
"Cambria","1","10","Pennsylvania","4/9/20","4","6","42021","150"
"Cameron","0","1","Pennsylvania","4/9/20","1","0","42023","0"
"Carbon","8","83","Pennsylvania","4/9/20","26","57","42025","219.23"
"Centre","4","59","Pennsylvania","4/9/20","28","31","42027","110.71"
"Chester","31","425","Pennsylvania","4/9/20","210","215","42029","102.38"
"Clarion","1","8","Pennsylvania","4/9/20","4","4","42031","100"
"Clearfield","0","7","Pennsylvania","4/9/20","4","3","42033","75"
"Clinton","1","4","Pennsylvania","4/9/20","0","4","42035","1"
"Columbia","8","65","Pennsylvania","4/9/20","11","54","42037","490.91"
"Crawford","1","13","Pennsylvania","4/9/20","5","8","42039","160"
"Cumberland","7","88","Pennsylvania","4/9/20","41","47","42041","114.63"
"Dauphin","16","180","Pennsylvania","4/9/20","67","113","42043","168.66"
"Delaware","107","1222","Pennsylvania","4/9/20","470","752","42045","160"
"Elk","0","2","Pennsylvania","4/9/20","0","2","42047","1"
"Erie","2","32","Pennsylvania","4/9/20","17","15","42049","88.24"
"Fayette","4","45","Pennsylvania","4/9/20","15","30","42051","200"
"Forest","1","5","Pennsylvania","4/9/20","1","4","42053","400"
"Franklin","4","52","Pennsylvania","4/9/20","23","29","42055","126.09"
"Fulton","0","1","Pennsylvania","4/9/20","0","1","42057","1"
"Greene","1","21","Pennsylvania","4/9/20","11","10","42059","90.91"
"Huntingdon","1","8","Pennsylvania","4/9/20","2","6","42061","300"
"Indiana","2","21","Pennsylvania","4/9/20","6","15","42063","250"
"Jefferson","0","1","Pennsylvania","4/9/20","0","1","42065","1"
"Juniata","3","23","Pennsylvania","4/9/20","2","21","42067","1050"
"Lackawanna","29","312","Pennsylvania","4/9/20","108","204","42069","188.89"
"Lancaster","56","596","Pennsylvania","4/9/20","203","393","42071","193.6"
"Lawrence","3","37","Pennsylvania","4/9/20","16","21","42073","131.25"
"Lebanon","20","187","Pennsylvania","4/9/20","45","142","42075","315.56"
"Lehigh","141","1466","Pennsylvania","4/9/20","479","987","42077","206.05"
"Luzerne","122","1241","Pennsylvania","4/9/20","384","857","42079","223.18"
"Lycoming","1","17","Pennsylvania","4/9/20","7","10","42081","142.86"
"McKean","0","1","Pennsylvania","4/9/20","1","0","42083","0"
"Mercer","3","30","Pennsylvania","4/9/20","9","21","42085","233.33"
"Mifflin","1","10","Pennsylvania","4/9/20","1","9","42087","900"
"Monroe","56","716","Pennsylvania","4/9/20","321","395","42089","123.05"
"Montgomery","137","1693","Pennsylvania","4/9/20","735","958","42091","130.34"
"Montour","3","37","Pennsylvania","4/9/20","15","22","42093","146.67"
"Northampton","82","949","Pennsylvania","4/9/20","378","571","42095","151.06"
"Northumberland","2","24","Pennsylvania","4/9/20","8","16","42097","200"
"Perry","2","15","Pennsylvania","4/9/20","3","12","42099","400"
"Philadelphia","418","5029","Pennsylvania","4/9/20","2100","2929","42101","139.48"
"Pike","14","163","Pennsylvania","4/9/20","68","95","42103","139.71"
"Potter","0","3","Pennsylvania","4/9/20","2","1","42105","50"
"Schuylkill","14","149","Pennsylvania","4/9/20","54","95","42107","175.93"
"Snyder","1","9","Pennsylvania","4/9/20","3","6","42109","200"
"Somerset","1","7","Pennsylvania","4/9/20","3","4","42111","133.33"
"Sullivan","0","1","Pennsylvania","4/9/20","0","1","42113","1"
"Susquehanna","2","16","Pennsylvania","4/9/20","3","13","42115","433.33"
"Tioga","1","10","Pennsylvania","4/9/20","2","8","42117","400"
"Union","1","11","Pennsylvania","4/9/20","2","9","42119","450"
"Venango","0","5","Pennsylvania","4/9/20","3","2","42121","66.67"
"Warren","0","1","Pennsylvania","4/9/20","1","0","42123","0"
"Washington","4","63","Pennsylvania","4/9/20","38","25","42125","65.79"
"Wayne","5","49","Pennsylvania","4/9/20","17","32","42127","188.24"
"Westmoreland","15","190","Pennsylvania","4/9/20","84","106","42129","126.19"
"Wyoming","1","6","Pennsylvania","4/9/20","1","5","42131","500"
"York","21","250","Pennsylvania","4/9/20","102","148","42133","145.1"
"","52","683","Puerto Rico","4/9/20","316","367",,"116.14"
"Bristol","1","31","Rhode Island","4/9/20","21","10","44001","47.62"
"Kent","11","137","Rhode Island","4/9/20","59","78","44003","132.2"
"Newport","3","56","Rhode Island","4/9/20","33","23","44005","69.7"
"Providence","59","832","Rhode Island","4/9/20","418","414","44007","99.04"
"Washington","12","120","Rhode Island","4/9/20","34","86","44009","252.94"
"Abbeville","0","7","South Carolina","4/9/20","6","1","45001","16.67"
"Aiken","3","42","South Carolina","4/9/20","22","20","45003","90.91"
"Allendale","0","2","South Carolina","4/9/20","1","1","45005","100"
"Anderson","6","96","South Carolina","4/9/20","57","39","45007","68.42"
"Bamberg","0","6","South Carolina","4/9/20","5","1","45009","20"
"Barnwell","0","4","South Carolina","4/9/20","2","2","45011","100"
"Beaufort","8","184","South Carolina","4/9/20","130","54","45013","41.54"
"Berkeley","4","61","South Carolina","4/9/20","33","28","45015","84.85"
"Calhoun","0","6","South Carolina","4/9/20","3","3","45017","100"
"Charleston","12","313","South Carolina","4/9/20","231","82","45019","35.5"
"Cherokee","1","5","South Carolina","4/9/20","1","4","45021","400"
"Chester","1","16","South Carolina","4/9/20","6","10","45023","166.67"
"Chesterfield","2","21","South Carolina","4/9/20","10","11","45025","110"
"Clarendon","6","75","South Carolina","4/9/20","31","44","45027","141.94"
"Colleton","1","15","South Carolina","4/9/20","6","9","45029","150"
"Darlington","2","31","South Carolina","4/9/20","15","16","45031","106.67"
"Dillon","0","3","South Carolina","4/9/20","1","2","45033","200"
"Dorchester","3","58","South Carolina","4/9/20","35","23","45035","65.71"
"Edgefield","0","6","South Carolina","4/9/20","4","2","45037","50"
"Fairfield","1","17","South Carolina","4/9/20","8","9","45039","112.5"
"Florence","4","53","South Carolina","4/9/20","26","27","45041","103.85"
"Georgetown","1","25","South Carolina","4/9/20","15","10","45043","66.67"
"Greenville","14","254","South Carolina","4/9/20","154","100","45045","64.94"
"Greenwood","1","15","South Carolina","4/9/20","8","7","45047","87.5"
"Hampton","1","5","South Carolina","4/9/20","1","4","45049","400"
"Horry","8","106","South Carolina","4/9/20","50","56","45051","112"
"Jasper","1","12","South Carolina","4/9/20","7","5","45053","71.43"
"Kershaw","6","170","South Carolina","4/9/20","129","41","45055","31.78"
"Lancaster","4","51","South Carolina","4/9/20","26","25","45057","96.15"
"Laurens","1","9","South Carolina","4/9/20","4","5","45059","125"
"Lee","2","24","South Carolina","4/9/20","8","16","45061","200"
"Lexington","13","161","South Carolina","4/9/20","70","91","45063","130"
"Marion","0","5","South Carolina","4/9/20","2","3","45067","150"
"Marlboro","1","10","South Carolina","4/9/20","3","7","45069","233.33"
"McCormick","0","3","South Carolina","4/9/20","1","2","45065","200"
"Newberry","1","11","South Carolina","4/9/20","4","7","45071","175"
"Oconee","1","12","South Carolina","4/9/20","5","7","45073","140"
"Orangeburg","2","35","South Carolina","4/9/20","24","11","45075","45.83"
"Pickens","1","22","South Carolina","4/9/20","15","7","45077","46.67"
"Richland","31","417","South Carolina","4/9/20","200","217","45079","108.5"
"Saluda","1","7","South Carolina","4/9/20","2","5","45081","250"
"Spartanburg","13","139","South Carolina","4/9/20","50","89","45083","178"
"Sumter","9","126","South Carolina","4/9/20","66","60","45085","90.91"
"Union","2","19","South Carolina","4/9/20","5","14","45087","280"
"Williamsburg","1","14","South Carolina","4/9/20","6","8","45089","133.33"
"York","8","120","South Carolina","4/9/20","66","54","45091","81.82"
"Aurora","0","1","South Dakota","4/9/20","1","0","46003","0"
"Beadle","0","21","South Dakota","4/9/20","21","0","46005","0"
"Bon Homme","0","3","South Dakota","4/9/20","1","2","46009","200"
"Brookings","1","6","South Dakota","4/9/20","2","4","46011","200"
"Brown","1","14","South Dakota","4/9/20","6","8","46013","133.33"
"Charles Mix","0","2","South Dakota","4/9/20","1","1","46023","100"
"Clark","0","1","South Dakota","4/9/20","1","0","46025","0"
"Clay","0","6","South Dakota","4/9/20","3","3","46027","100"
"Codington","1","12","South Dakota","4/9/20","6","6","46029","100"
"Corson","0","1","South Dakota","4/9/20","0","1","46031","1"
"Davison","0","3","South Dakota","4/9/20","3","0","46035","0"
"Deuel","0","1","South Dakota","4/9/20","1","0","46039","0"
"Fall River","0","1","South Dakota","4/9/20","1","0","46047","0"
"Faulk","0","1","South Dakota","4/9/20","1","0","46049","0"
"Hamlin","0","1","South Dakota","4/9/20","1","0","46057","0"
"Hughes","0","4","South Dakota","4/9/20","3","1","46065","33.33"
"Hutchinson","0","2","South Dakota","4/9/20","2","0","46067","0"
"Jerauld","0","1","South Dakota","4/9/20","0","1","46073","1"
"Lake","0","2","South Dakota","4/9/20","1","1","46079","100"
"Lawrence","0","9","South Dakota","4/9/20","9","0","46081","0"
"Lincoln","2","33","South Dakota","4/9/20","17","16","46083","94.12"
"Lyman","0","2","South Dakota","4/9/20","1","1","46085","100"
"Marshall","0","1","South Dakota","4/9/20","1","0","46091","0"
"McCook","0","2","South Dakota","4/9/20","2","0","46087","0"
"Meade","0","1","South Dakota","4/9/20","1","0","46093","0"
"Minnehaha","31","274","South Dakota","4/9/20","54","220","46099","407.41"
"Oglala Lakota","0","1","South Dakota","4/9/20","0","1","46102","1"
"Pennington","0","7","South Dakota","4/9/20","6","1","46103","16.67"
"Roberts","0","4","South Dakota","4/9/20","2","2","46109","100"
"Spink","0","3","South Dakota","4/9/20","1","2","46115","200"
"Todd","0","1","South Dakota","4/9/20","1","0","46121","0"
"Turner","0","5","South Dakota","4/9/20","2","3","46125","150"
"Union","0","3","South Dakota","4/9/20","3","0","46127","0"
"Yankton","1","18","South Dakota","4/9/20","10","8","46135","80"
"Anderson","0","11","Tennessee","4/9/20","10","1","47001","10"
"Bedford","1","14","Tennessee","4/9/20","6","8","47003","133.33"
"Benton","0","4","Tennessee","4/9/20","4","0","47005","0"
"Bledsoe","0","3","Tennessee","4/9/20","2","1","47007","50"
"Blount","2","44","Tennessee","4/9/20","32","12","47009","37.5"
"Bradley","1","28","Tennessee","4/9/20","18","10","47011","55.56"
"Campbell","1","9","Tennessee","4/9/20","4","5","47013","125"
"Cannon","0","7","Tennessee","4/9/20","4","3","47015","75"
"Carroll","1","10","Tennessee","4/9/20","5","5","47017","100"
"Carter","0","3","Tennessee","4/9/20","1","2","47019","200"
"Cheatham","1","15","Tennessee","4/9/20","11","4","47021","36.36"
"Chester","0","6","Tennessee","4/9/20","3","3","47023","100"
"Claiborne","0","2","Tennessee","4/9/20","2","0","47025","0"
"Clay","0","2","Tennessee","4/9/20","1","1","47027","100"
"Cocke","0","3","Tennessee","4/9/20","1","2","47029","200"
"Coffee","1","10","Tennessee","4/9/20","3","7","47031","233.33"
"Cumberland","3","34","Tennessee","4/9/20","16","18","47035","112.5"
"Davidson","31","1004","Tennessee","4/9/20","785","219","47037","27.9"
"Decatur","0","1","Tennessee","4/9/20","0","1","47039","1"
"DeKalb","0","7","Tennessee","4/9/20","5","2","47041","40"
"Dickson","1","28","Tennessee","4/9/20","20","8","47043","40"
"Dyer","1","14","Tennessee","4/9/20","5","9","47045","180"
"Fayette","2","25","Tennessee","4/9/20","14","11","47047","78.57"
"Fentress","0","2","Tennessee","4/9/20","1","1","47049","100"
"Franklin","1","17","Tennessee","4/9/20","8","9","47051","112.5"
"Gibson","1","16","Tennessee","4/9/20","6","10","47053","166.67"
"Giles","0","3","Tennessee","4/9/20","3","0","47055","0"
"Grainger","0","3","Tennessee","4/9/20","3","0","47057","0"
"Greene","1","22","Tennessee","4/9/20","16","6","47059","37.5"
"Grundy","1","17","Tennessee","4/9/20","8","9","47061","112.5"
"Hamblen","0","4","Tennessee","4/9/20","3","1","47063","33.33"
"Hamilton","5","98","Tennessee","4/9/20","61","37","47065","60.66"
"Hardeman","0","6","Tennessee","4/9/20","4","2","47069","50"
"Hardin","0","2","Tennessee","4/9/20","2","0","47071","0"
"Hawkins","2","21","Tennessee","4/9/20","7","14","47073","200"
"Haywood","1","9","Tennessee","4/9/20","2","7","47075","350"
"Henderson","0","2","Tennessee","4/9/20","0","2","47077","1"
"Henry","0","6","Tennessee","4/9/20","4","2","47079","50"
"Hickman","0","2","Tennessee","4/9/20","1","1","47081","100"
"Houston","0","2","Tennessee","4/9/20","1","1","47083","100"
"Humphreys","0","4","Tennessee","4/9/20","2","2","47085","100"
"Jackson","1","5","Tennessee","4/9/20","0","5","47087","1"
"Jefferson","1","12","Tennessee","4/9/20","6","6","47089","100"
"Johnson","0","2","Tennessee","4/9/20","2","0","47091","0"
"Knox","9","157","Tennessee","4/9/20","92","65","47093","70.65"
"Lauderdale","1","7","Tennessee","4/9/20","2","5","47097","250"
"Lawrence","1","11","Tennessee","4/9/20","2","9","47099","450"
"Lewis","0","2","Tennessee","4/9/20","2","0","47101","0"
"Lincoln","1","7","Tennessee","4/9/20","2","5","47103","250"
"Loudon","1","15","Tennessee","4/9/20","9","6","47105","66.67"
"Macon","2","18","Tennessee","4/9/20","5","13","47111","260"
"Madison","5","47","Tennessee","4/9/20","13","34","47113","261.54"
"Marion","1","22","Tennessee","4/9/20","13","9","47115","69.23"
"Marshall","1","9","Tennessee","4/9/20","2","7","47117","350"
"Maury","2","31","Tennessee","4/9/20","18","13","47119","72.22"
"McMinn","0","3","Tennessee","4/9/20","3","0","47107","0"
"McNairy","1","9","Tennessee","4/9/20","3","6","47109","200"
"Meigs","0","3","Tennessee","4/9/20","2","1","47121","50"
"Monroe","0","7","Tennessee","4/9/20","5","2","47123","40"
"Montgomery","6","79","Tennessee","4/9/20","37","42","47125","113.51"
"Morgan","1","5","Tennessee","4/9/20","1","4","47129","400"
"Obion","0","4","Tennessee","4/9/20","2","2","47131","100"
"Out of TN","5","275","Tennessee","4/9/20","243","32","80047","13.17"
"Overton","0","5","Tennessee","4/9/20","2","3","47133","150"
"Perry","0","3","Tennessee","4/9/20","2","1","47135","50"
"Polk","0","3","Tennessee","4/9/20","1","2","47139","200"
"Putnam","6","82","Tennessee","4/9/20","37","45","47141","121.62"
"Roane","0","5","Tennessee","4/9/20","3","2","47145","66.67"
"Robertson","4","70","Tennessee","4/9/20","41","29","47147","70.73"
"Rutherford","13","203","Tennessee","4/9/20","113","90","47149","79.65"
"Scott","0","5","Tennessee","4/9/20","3","2","47151","66.67"
"Sequatchie","0","1","Tennessee","4/9/20","2","-1","47153","-50"
"Sevier","2","21","Tennessee","4/9/20","10","11","47155","110"
"Shelby","53","1006","Tennessee","4/9/20","638","368","47157","57.68"
"Smith","0","5","Tennessee","4/9/20","3","2","47159","66.67"
"Stewart","0","2","Tennessee","4/9/20","0","2","47161","1"
"Sullivan","2","34","Tennessee","4/9/20","17","17","47163","100"
"Sumner","17","389","Tennessee","4/9/20","268","121","47165","45.15"
"Tipton","2","39","Tennessee","4/9/20","24","15","47167","62.5"
"Trousdale","1","14","Tennessee","4/9/20","6","8","47169","133.33"
"Unicoi","0","2","Tennessee","4/9/20","1","1","47171","100"
"Union","0","1","Tennessee","4/9/20","1","0","47173","0"
"Warren","0","3","Tennessee","4/9/20","1","2","47177","200"
"Washington","2","32","Tennessee","4/9/20","20","12","47179","60"
"Wayne","0","2","Tennessee","4/9/20","2","0","47181","0"
"Weakley","1","5","Tennessee","4/9/20","1","4","47183","400"
"White","0","3","Tennessee","4/9/20","2","1","47185","50"
"Williamson","13","288","Tennessee","4/9/20","199","89","47187","44.72"
"Wilson","9","123","Tennessee","4/9/20","62","61","47189","98.39"
"Anderson","0","2","Texas","4/9/20","1","1","48001","100"
"Andrews","1","10","Texas","4/9/20","0","10","48003","1"
"Angelina","1","15","Texas","4/9/20","5","10","48005","200"
"Aransas","0","2","Texas","4/9/20","0","2","48007","1"
"Atascosa","0","5","Texas","4/9/20","2","3","48013","150"
"Austin","0","7","Texas","4/9/20","4","3","48015","75"
"Bandera","0","1","Texas","4/9/20","0","1","48019","1"
"Bastrop","1","18","Texas","4/9/20","10","8","48021","80"
"Bee","0","1","Texas","4/9/20","0","1","48025","1"
"Bell","5","84","Texas","4/9/20","51","33","48027","64.71"
"Bexar","46","554","Texas","4/9/20","229","325","48029","141.92"
"Blanco","0","4","Texas","4/9/20","1","3","48031","300"
"Bowie","2","23","Texas","4/9/20","9","14","48037","155.56"
"Brazoria","11","184","Texas","4/9/20","109","75","48039","68.81"
"Brazos","6","108","Texas","4/9/20","68","40","48041","58.82"
"Brown","1","8","Texas","4/9/20","3","5","48049","166.67"
"Burleson","1","5","Texas","4/9/20","1","4","48051","400"
"Burnet","0","5","Texas","4/9/20","4","1","48053","25"
"Caldwell","1","5","Texas","4/9/20","1","4","48055","400"
"Calhoun","1","13","Texas","4/9/20","8","5","48057","62.5"
"Callahan","0","1","Texas","4/9/20","0","1","48059","1"
"Cameron","12","118","Texas","4/9/20","37","81","48061","218.92"
"Camp","0","3","Texas","4/9/20","1","2","48063","200"
"Cass","0","4","Texas","4/9/20","4","0","48067","0"
"Castro","0","11","Texas","4/9/20","8","3","48069","37.5"
"Chambers","2","22","Texas","4/9/20","9","13","48071","144.44"
"Cherokee","0","6","Texas","4/9/20","5","1","48073","20"
"Clay","0","1","Texas","4/9/20","1","0","48077","0"
"Collin","24","378","Texas","4/9/20","207","171","48085","82.61"
"Colorado","1","6","Texas","4/9/20","2","4","48089","200"
"Comal","3","34","Texas","4/9/20","15","19","48091","126.67"
"Comanche","0","3","Texas","4/9/20","1","2","48093","200"
"Coryell","2","17","Texas","4/9/20","1","16","48099","1600"
"Crane","0","2","Texas","4/9/20","2","0","48103","0"
"Crosby","0","1","Texas","4/9/20","0","1","48107","1"
"Dallam","0","1","Texas","4/9/20","0","1","48111","1"
"Dallas","86","1432","Texas","4/9/20","831","601","48113","72.32"
"Dawson","1","7","Texas","4/9/20","3","4","48115","133.33"
"Deaf Smith","1","7","Texas","4/9/20","2","5","48117","250"
"Delta","0","1","Texas","4/9/20","0","1","48119","1"
"Denton","25","426","Texas","4/9/20","254","172","48121","67.72"
"DeWitt","1","8","Texas","4/9/20","4","4","48123","100"
"Dickens","0","1","Texas","4/9/20","0","1","48125","1"
"Donley","2","14","Texas","4/9/20","1","13","48129","1300"
"Eastland","0","3","Texas","4/9/20","3","0","48133","0"
"Ector","4","39","Texas","4/9/20","12","27","48135","225"
"El Paso","17","192","Texas","4/9/20","75","117","48141","156"
"Ellis","3","50","Texas","4/9/20","26","24","48139","92.31"
"Erath","1","13","Texas","4/9/20","8","5","48143","62.5"
"Falls","0","1","Texas","4/9/20","1","0","48145","0"
"Fannin","0","4","Texas","4/9/20","1","3","48147","300"
"Fayette","1","8","Texas","4/9/20","4","4","48149","100"
"Floyd","0","1","Texas","4/9/20","0","1","48153","1"
"Fort Bend","35","437","Texas","4/9/20","194","243","48157","125.26"
"Franklin","0","1","Texas","4/9/20","1","0","48159","0"
"Frio","0","1","Texas","4/9/20","0","1","48163","1"
"Gaines","0","1","Texas","4/9/20","1","0","48165","0"
"Galveston","24","287","Texas","4/9/20","118","169","48167","143.22"
"Gillespie","0","1","Texas","4/9/20","1","0","48171","0"
"Goliad","0","3","Texas","4/9/20","1","2","48175","200"
"Gonzales","0","2","Texas","4/9/20","1","1","48177","100"
"Gray","2","12","Texas","4/9/20","1","11","48179","1100"
"Grayson","1","15","Texas","4/9/20","11","4","48181","36.36"
"Gregg","4","35","Texas","4/9/20","8","27","48183","337.5"
"Grimes","0","5","Texas","4/9/20","3","2","48185","66.67"
"Guadalupe","4","46","Texas","4/9/20","20","26","48187","130"
"Hale","0","9","Texas","4/9/20","6","3","48189","50"
"Hamilton","0","2","Texas","4/9/20","0","2","48193","1"
"Hansford","0","1","Texas","4/9/20","0","1","48195","1"
"Hardin","4","41","Texas","4/9/20","14","27","48199","192.86"
"Harris","299","3047","Texas","4/9/20","955","2092","48201","219.06"
"Harrison","1","12","Texas","4/9/20","5","7","48203","140"
"Hays","5","77","Texas","4/9/20","42","35","48209","83.33"
"Hemphill","0","1","Texas","4/9/20","0","1","48211","1"
"Henderson","1","6","Texas","4/9/20","1","5","48213","500"
"Hidalgo","11","139","Texas","4/9/20","62","77","48215","124.19"
"Hill","0","6","Texas","4/9/20","3","3","48217","100"
"Hockley","1","12","Texas","4/9/20","7","5","48219","71.43"
"Hood","1","11","Texas","4/9/20","6","5","48221","83.33"
"Hopkins","0","4","Texas","4/9/20","3","1","48223","33.33"
"Howard","0","1","Texas","4/9/20","0","1","48227","1"
"Hunt","2","15","Texas","4/9/20","4","11","48231","275"
"Hutchinson","0","2","Texas","4/9/20","0","2","48233","1"
"Jack","0","1","Texas","4/9/20","0","1","48237","1"
"Jackson","0","4","Texas","4/9/20","2","2","48239","100"
"Jasper","0","3","Texas","4/9/20","2","1","48241","50"
"Jefferson","8","87","Texas","4/9/20","31","56","48245","180.65"
"Jim Wells","0","2","Texas","4/9/20","1","1","48249","100"
"Johnson","1","25","Texas","4/9/20","17","8","48251","47.06"
"Jones","0","2","Texas","4/9/20","0","2","48253","1"
"Karnes","0","2","Texas","4/9/20","2","0","48255","0"
"Kaufman","2","19","Texas","4/9/20","5","14","48257","280"
"Kendall","0","9","Texas","4/9/20","8","1","48259","12.5"
"Kerr","0","2","Texas","4/9/20","1","1","48265","100"
"Kleberg","0","2","Texas","4/9/20","2","0","48273","0"
"Knox","0","1","Texas","4/9/20","0","1","48275","1"
"Lamar","1","8","Texas","4/9/20","3","5","48277","166.67"
"Lamb","0","1","Texas","4/9/20","1","0","48279","0"
"Lampasas","0","2","Texas","4/9/20","0","2","48281","1"
"Lavaca","0","4","Texas","4/9/20","1","3","48285","300"
"Lee","0","2","Texas","4/9/20","1","1","48287","100"
"Leon","0","2","Texas","4/9/20","2","0","48289","0"
"Liberty","2","15","Texas","4/9/20","3","12","48291","400"
"Limestone","1","7","Texas","4/9/20","3","4","48293","133.33"
"Live Oak","0","3","Texas","4/9/20","3","0","48297","0"
"Llano","0","3","Texas","4/9/20","3","0","48299","0"
"Lubbock","15","214","Texas","4/9/20","108","106","48303","98.15"
"Lynn","0","4","Texas","4/9/20","3","1","48305","33.33"
"Madison","0","1","Texas","4/9/20","0","1","48313","1"
"Martin","0","2","Texas","4/9/20","1","1","48317","100"
"Mason","0","1","Texas","4/9/20","0","1","48319","1"
"Matagorda","2","44","Texas","4/9/20","32","12","48321","37.5"
"Maverick","1","7","Texas","4/9/20","3","4","48323","133.33"
"McCulloch","0","1","Texas","4/9/20","0","1","48307","1"
"McLennan","2","62","Texas","4/9/20","48","14","48309","29.17"
"Medina","1","9","Texas","4/9/20","3","6","48325","200"
"Midland","2","31","Texas","4/9/20","16","15","48329","93.75"
"Milam","1","7","Texas","4/9/20","2","5","48331","250"
"Mitchell","0","1","Texas","4/9/20","0","1","48335","1"
"Montague","0","1","Texas","4/9/20","1","0","48337","0"
"Montgomery","16","231","Texas","4/9/20","119","112","48339","94.12"
"Moore","1","15","Texas","4/9/20","6","9","48341","150"
"Morris","0","2","Texas","4/9/20","1","1","48343","100"
"Nacogdoches","3","25","Texas","4/9/20","5","20","48347","400"
"Navarro","1","10","Texas","4/9/20","4","6","48349","150"
"Newton","0","1","Texas","4/9/20","1","0","48351","0"
"Nueces","4","69","Texas","4/9/20","40","29","48355","72.5"
"Oldham","0","3","Texas","4/9/20","2","1","48359","50"
"Orange","3","30","Texas","4/9/20","7","23","48361","328.57"
"Palo Pinto","0","4","Texas","4/9/20","1","3","48363","300"
"Panola","1","7","Texas","4/9/20","3","4","48365","133.33"
"Parker","1","9","Texas","4/9/20","4","5","48367","125"
"Pecos","0","1","Texas","4/9/20","0","1","48371","1"
"Polk","1","8","Texas","4/9/20","4","4","48373","100"
"Potter","6","58","Texas","4/9/20","16","42","48375","262.5"
"Rains","0","1","Texas","4/9/20","0","1","48379","1"
"Randall","5","52","Texas","4/9/20","17","35","48381","205.88"
"Reeves","0","1","Texas","4/9/20","0","1","48389","1"
"Robertson","0","2","Texas","4/9/20","2","0","48395","0"
"Rockwall","1","14","Texas","4/9/20","10","4","48397","40"
"Rusk","1","14","Texas","4/9/20","6","8","48401","133.33"
"San Augustine","1","7","Texas","4/9/20","1","6","48405","600"
"San Jacinto","0","3","Texas","4/9/20","1","2","48407","200"
"San Patricio","1","7","Texas","4/9/20","2","5","48409","250"
"Shelby","3","23","Texas","4/9/20","4","19","48419","475"
"Smith","6","82","Texas","4/9/20","42","40","48423","95.24"
"Starr","0","7","Texas","4/9/20","5","2","48427","40"
"Swisher","0","2","Texas","4/9/20","1","1","48437","100"
"Tarrant","45","637","Texas","4/9/20","325","312","48439","96"
"Taylor","5","51","Texas","4/9/20","18","33","48441","183.33"
"Terry","0","6","Texas","4/9/20","4","2","48445","50"
"Titus","1","4","Texas","4/9/20","0","4","48449","1"
"Tom Green","3","32","Texas","4/9/20","10","22","48451","220"
"Travis","35","597","Texas","4/9/20","351","246","48453","70.09"
"Trinity","0","3","Texas","4/9/20","0","3","48455","1"
"Tyler","1","4","Texas","4/9/20","0","4","48457","1"
"Upshur","0","6","Texas","4/9/20","3","3","48459","100"
"Uvalde","0","6","Texas","4/9/20","4","2","48463","50"
"Val Verde","0","7","Texas","4/9/20","5","2","48465","40"
"Van Zandt","1","7","Texas","4/9/20","3","4","48467","133.33"
"Victoria","7","66","Texas","4/9/20","20","46","48469","230"
"Walker","1","15","Texas","4/9/20","7","8","48471","114.29"
"Waller","1","12","Texas","4/9/20","5","7","48473","140"
"Washington","2","28","Texas","4/9/20","17","11","48477","64.71"
"Webb","13","155","Texas","4/9/20","63","92","48479","146.03"
"Wharton","1","18","Texas","4/9/20","9","9","48481","100"
"Wichita","1","50","Texas","4/9/20","43","7","48485","16.28"
"Willacy","0","5","Texas","4/9/20","3","2","48489","66.67"
"Williamson","5","97","Texas","4/9/20","63","34","48491","53.97"
"Wilson","1","9","Texas","4/9/20","5","4","48493","80"
"Wise","0","3","Texas","4/9/20","3","0","48497","0"
"Wood","0","4","Texas","4/9/20","1","3","48499","300"
"Young","0","3","Texas","4/9/20","3","0","48503","0"
"Zapata","0","3","Texas","4/9/20","0","3","48505","1"
"Bear River","1","12","Utah","4/9/20","7","5","00000","71.43"
"Cache","3","29","Utah","4/9/20","7","22","49005","314.29"
"Carbon","0","2","Utah","4/9/20","0","2","49007","1"
"Davis","10","170","Utah","4/9/20","103","67","49011","65.05"
"Duchesne","0","2","Utah","4/9/20","1","1","49013","100"
"Emery","0","2","Utah","4/9/20","0","2","49015","1"
"Garfield","0","1","Utah","4/9/20","1","0","49017","0"
"Grand","0","1","Utah","4/9/20","1","0","49019","0"
"Iron","1","13","Utah","4/9/20","7","6","49021","85.71"
"Kane","0","2","Utah","4/9/20","1","1","49025","100"
"Out of UT","-3","0","Utah","4/9/20","22","-22","80049","-100"
"Salt Lake","55","858","Utah","4/9/20","476","382","49035","80.25"
"San Juan","0","6","Utah","4/9/20","5","1","49037","20"
"Summit","10","273","Utah","4/9/20","204","69","49043","33.82"
"Tooele","1","23","Utah","4/9/20","13","10","49045","76.92"
"Uintah","0","4","Utah","4/9/20","1","3","49047","300"
"Utah","23","267","Utah","4/9/20","105","162","49049","154.29"
"Wasatch","3","82","Utah","4/9/20","61","21","49051","34.43"
"Washington","2","32","Utah","4/9/20","18","14","49053","77.78"
"Weber-Morgan","3","77","Utah","4/9/20","53","24","00000","45.28"
"Addison","3","50","Vermont","4/9/20","26","24","50001","92.31"
"Bennington","2","31","Vermont","4/9/20","17","14","50003","82.35"
"Caledonia","1","8","Vermont","4/9/20","4","4","50005","100"
"Chittenden","23","336","Vermont","4/9/20","177","159","50007","89.83"
"Essex","0","1","Vermont","4/9/20","0","1","50009","1"
"Franklin","3","35","Vermont","4/9/20","16","19","50011","118.75"
"Grand Isle","0","3","Vermont","4/9/20","0","3","50013","1"
"Lamoille","1","19","Vermont","4/9/20","14","5","50015","35.71"
"Orange","0","5","Vermont","4/9/20","4","1","50017","25"
"Orleans","0","8","Vermont","4/9/20","7","1","50019","14.29"
"Rutland","3","34","Vermont","4/9/20","12","22","50021","183.33"
"Washington","1","24","Vermont","4/9/20","18","6","50023","33.33"
"Windham","3","42","Vermont","4/9/20","18","24","50025","133.33"
"Windsor","1","24","Vermont","4/9/20","20","4","50027","20"
"","2","45","Virgin Islands","4/9/20","30","15",,"50"
"Accomack","0","11","Virginia","4/9/20","10","1","51001","10"
"Albemarle","3","43","Virginia","4/9/20","23","20","51003","86.96"
"Alexandria","17","149","Virginia","4/9/20","33","116","51510","351.52"
"Alleghany","0","2","Virginia","4/9/20","2","0","51005","0"
"Amelia","1","8","Virginia","4/9/20","4","4","51007","100"
"Amherst","0","9","Virginia","4/9/20","6","3","51009","50"
"Appomattox","1","4","Virginia","4/9/20","0","4","51011","1"
"Arlington","22","280","Virginia","4/9/20","128","152","51013","118.75"
"Augusta","2","13","Virginia","4/9/20","2","11","51015","550"
"Bedford","1","12","Virginia","4/9/20","3","9","51019","300"
"Botetourt","1","18","Virginia","4/9/20","8","10","51023","125"
"Bristol","0","1","Virginia","4/9/20","1","0","51520","0"
"Brunswick","0","1","Virginia","4/9/20","1","0","51025","0"
"Buchanan","0","1","Virginia","4/9/20","0","1","51027","1"
"Buckingham","1","9","Virginia","4/9/20","2","7","51029","350"
"Buena Vista","1","4","Virginia","4/9/20","0","4","51530","1"
"Campbell","0","4","Virginia","4/9/20","2","2","51031","100"
"Caroline","1","4","Virginia","4/9/20","0","4","51033","1"
"Carroll","0","3","Virginia","4/9/20","1","2","51035","200"
"Charles City","0","5","Virginia","4/9/20","4","1","51036","25"
"Charlotte","0","1","Virginia","4/9/20","0","1","51037","1"
"Charlottesville","1","27","Virginia","4/9/20","17","10","51540","58.82"
"Chesapeake","9","101","Virginia","4/9/20","39","62","51550","158.97"
"Chesterfield","12","158","Virginia","4/9/20","73","85","51041","116.44"
"Clarke","0","3","Virginia","4/9/20","1","2","51043","200"
"Colonial Heights","0","2","Virginia","4/9/20","0","2","51570","1"
"Covington","0","1","Virginia","4/9/20","1","0","51580","0"
"Craig","0","2","Virginia","4/9/20","0","2","51045","1"
"Culpeper","1","13","Virginia","4/9/20","6","7","51047","116.67"
"Cumberland","1","6","Virginia","4/9/20","1","5","51049","500"
"Danville","2","19","Virginia","4/9/20","7","12","51590","171.43"
"Dinwiddie","0","2","Virginia","4/9/20","0","2","51053","1"
"Emporia","1","5","Virginia","4/9/20","0","5","51595","1"
"Fairfax","52","690","Virginia","4/9/20","328","362","51059","110.37"
"Fauquier","2","20","Virginia","4/9/20","8","12","51061","150"
"Floyd","0","1","Virginia","4/9/20","0","1","51063","1"
"Fluvanna","2","16","Virginia","4/9/20","4","12","51065","300"
"Franklin","1","13","Virginia","4/9/20","6","7","51067","116.67"
"Franklin City","1","6","Virginia","4/9/20","1","5","51620","500"
"Frederick","5","54","Virginia","4/9/20","16","38","51069","237.5"
"Fredericksburg","1","10","Virginia","4/9/20","2","8","51630","400"
"Galax","0","1","Virginia","4/9/20","1","0","51640","0"
"Giles","0","2","Virginia","4/9/20","0","2","51071","1"
"Gloucester","1","16","Virginia","4/9/20","8","8","51073","100"
"Goochland","2","24","Virginia","4/9/20","9","15","51075","166.67"
"Greene","0","4","Virginia","4/9/20","1","3","51079","300"
"Greensville","0","6","Virginia","4/9/20","3","3","51081","100"
"Halifax","0","4","Virginia","4/9/20","1","3","51083","300"
"Hampton","5","53","Virginia","4/9/20","16","37","51650","231.25"
"Hanover","3","29","Virginia","4/9/20","8","21","51085","262.5"
"Harrisonburg","3","39","Virginia","4/9/20","15","24","51660","160"
"Henrico","33","319","Virginia","4/9/20","87","232","51087","266.67"
"Henry","0","5","Virginia","4/9/20","2","3","51089","150"
"Hopewell","1","13","Virginia","4/9/20","5","8","51670","160"
"Isle of Wight","2","24","Virginia","4/9/20","8","16","51093","200"
"James City","4","123","Virginia","4/9/20","97","26","51095","26.8"
"King and Queen","0","2","Virginia","4/9/20","1","1","51097","100"
"King George","1","13","Virginia","4/9/20","4","9","51099","225"
"King William","0","2","Virginia","4/9/20","1","1","51101","100"
"Lancaster","0","1","Virginia","4/9/20","1","0","51103","0"
"Lee","0","3","Virginia","4/9/20","2","1","51105","50"
"Lexington","0","3","Virginia","4/9/20","0","3","51678","1"
"Loudoun","20","258","Virginia","4/9/20","121","137","51107","113.22"
"Louisa","1","17","Virginia","4/9/20","12","5","51109","41.67"
"Lunenburg","0","2","Virginia","4/9/20","0","2","51111","1"
"Lynchburg","2","21","Virginia","4/9/20","9","12","51680","133.33"
"Madison","0","5","Virginia","4/9/20","3","2","51113","66.67"
"Manassas","2","25","Virginia","4/9/20","12","13","51683","108.33"
"Manassas Park","1","5","Virginia","4/9/20","1","4","51685","400"
"Mathews","0","2","Virginia","4/9/20","2","0","51115","0"
"Mecklenburg","3","25","Virginia","4/9/20","5","20","51117","400"
"Middlesex","0","2","Virginia","4/9/20","0","2","51119","1"
"Montgomery","2","17","Virginia","4/9/20","1","16","51121","1600"
"Nelson","0","3","Virginia","4/9/20","2","1","51125","50"
"New Kent","1","11","Virginia","4/9/20","3","8","51127","266.67"
"Newport News","4","64","Virginia","4/9/20","33","31","51700","93.94"
"Norfolk","7","84","Virginia","4/9/20","37","47","51710","127.03"
"Northampton","0","2","Virginia","4/9/20","1","1","51131","100"
"Northumberland","0","3","Virginia","4/9/20","3","0","51133","0"
"Nottoway","0","3","Virginia","4/9/20","1","2","51135","200"
"Orange","1","9","Virginia","4/9/20","4","5","51137","125"
"Page","1","5","Virginia","4/9/20","1","4","51139","400"
"Petersburg","1","12","Virginia","4/9/20","4","8","51730","200"
"Pittsylvania","0","4","Virginia","4/9/20","1","3","51143","300"
"Poquoson","0","5","Virginia","4/9/20","3","2","51735","66.67"
"Portsmouth","4","44","Virginia","4/9/20","16","28","51740","175"
"Powhatan","0","4","Virginia","4/9/20","3","1","51145","33.33"
"Prince Edward","0","3","Virginia","4/9/20","2","1","51147","50"
"Prince George","2","25","Virginia","4/9/20","8","17","51149","212.5"
"Prince William","26","299","Virginia","4/9/20","117","182","51153","155.56"
"Pulaski","0","3","Virginia","4/9/20","0","3","51155","1"
"Radford","0","1","Virginia","4/9/20","1","0","51750","0"
"Rappahannock","0","1","Virginia","4/9/20","0","1","51157","1"
"Richmond","0","3","Virginia","4/9/20","0","3","51159","1"
"Richmond City","11","126","Virginia","4/9/20","52","74","51760","142.31"
"Roanoke","1","9","Virginia","4/9/20","4","5","51161","125"
"Roanoke City","1","15","Virginia","4/9/20","9","6","51770","66.67"
"Rockbridge","0","3","Virginia","4/9/20","2","1","51163","50"
"Rockingham","1","21","Virginia","4/9/20","11","10","51165","90.91"
"Russell","0","1","Virginia","4/9/20","0","1","51167","1"
"Salem","0","1","Virginia","4/9/20","1","0","51775","0"
"Shenandoah","1","15","Virginia","4/9/20","9","6","51171","66.67"
"Smyth","1","8","Virginia","4/9/20","2","6","51173","300"
"Southampton","0","5","Virginia","4/9/20","2","3","51175","150"
"Spotsylvania","4","36","Virginia","4/9/20","9","27","51177","300"
"Stafford","4","54","Virginia","4/9/20","27","27","51179","100"
"Staunton","0","1","Virginia","4/9/20","1","0","51790","0"
"Suffolk","4","31","Virginia","4/9/20","6","25","51800","416.67"
"Surry","0","3","Virginia","4/9/20","1","2","51181","200"
"Sussex","1","6","Virginia","4/9/20","1","5","51183","500"
"Tazewell","0","4","Virginia","4/9/20","2","2","51185","100"
"Virginia Beach","15","219","Virginia","4/9/20","111","108","51810","97.3"
"Warren","1","9","Virginia","4/9/20","3","6","51187","200"
"Washington","2","15","Virginia","4/9/20","2","13","51191","650"
"Waynesboro","0","3","Virginia","4/9/20","2","1","51820","50"
"Westmoreland","1","5","Virginia","4/9/20","0","5","51193","1"
"Williamsburg","1","16","Virginia","4/9/20","9","7","51830","77.78"
"Winchester","2","16","Virginia","4/9/20","5","11","51840","220"
"Wise","1","5","Virginia","4/9/20","0","5","51195","1"
"Wythe","1","6","Virginia","4/9/20","2","4","51197","200"
"York","1","25","Virginia","4/9/20","17","8","51199","47.06"
"Adams","1","30","Washington","4/9/20","20","10","53001","50"
"Asotin","1","4","Washington","4/9/20","0","4","53003","1"
"Benton","12","215","Washington","4/9/20","130","85","53005","65.38"
"Chelan","4","43","Washington","4/9/20","18","25","53007","138.89"
"Clallam","0","10","Washington","4/9/20","8","2","53009","25"
"Clark","11","206","Washington","4/9/20","131","75","53011","57.25"
"Columbia","0","1","Washington","4/9/20","1","0","53013","0"
"Cowlitz","1","23","Washington","4/9/20","18","5","53015","27.78"
"Douglas","1","12","Washington","4/9/20","6","6","53017","100"
"Ferry","0","1","Washington","4/9/20","1","0","53019","0"
"Franklin","6","86","Washington","4/9/20","41","45","53021","109.76"
"Grant","3","95","Washington","4/9/20","73","22","53025","30.14"
"Grays Harbor","1","7","Washington","4/9/20","2","5","53027","250"
"Island","6","155","Washington","4/9/20","114","41","53029","35.96"
"Jefferson","1","27","Washington","4/9/20","19","8","53031","42.11"
"King","176","3886","Washington","4/9/20","2656","1230","53033","46.31"
"Kitsap","5","120","Washington","4/9/20","83","37","53035","44.58"
"Kittitas","1","15","Washington","4/9/20","10","5","53037","50"
"Klickitat","0","12","Washington","4/9/20","9","3","53039","33.33"
"Lewis","1","17","Washington","4/9/20","10","7","53041","70"
"Lincoln","0","1","Washington","4/9/20","1","0","53043","0"
"Mason","1","17","Washington","4/9/20","11","6","53045","54.55"
"Okanogan","1","12","Washington","4/9/20","3","9","53047","300"
"Pend Oreille","0","1","Washington","4/9/20","0","1","53051","1"
"Pierce","49","838","Washington","4/9/20","498","340","53053","68.27"
"San Juan","1","12","Washington","4/9/20","6","6","53055","100"
"Skagit","4","172","Washington","4/9/20","143","29","53057","20.28"
"Skamania","0","2","Washington","4/9/20","1","1","53059","100"
"Snohomish","53","1745","Washington","4/9/20","1376","369","53061","26.82"
"Spokane","9","246","Washington","4/9/20","182","64","53063","35.16"
"Stevens","0","6","Washington","4/9/20","5","1","53065","20"
"Thurston","4","77","Washington","4/9/20","51","26","53067","50.98"
"Wahkiakum","0","2","Washington","4/9/20","0","2","53069","1"
"Walla Walla","1","17","Washington","4/9/20","8","9","53071","112.5"
"Whatcom","10","243","Washington","4/9/20","175","68","53073","38.86"
"Whitman","0","12","Washington","4/9/20","11","1","53075","9.09"
"Yakima","30","433","Washington","4/9/20","224","209","53077","93.3"
"Barbour","1","5","West Virginia","4/9/20","1","4","54001","400"
"Berkeley","8","82","West Virginia","4/9/20","27","55","54003","203.7"
"Boone","0","1","West Virginia","4/9/20","0","1","54005","1"
"Braxton","0","1","West Virginia","4/9/20","0","1","54007","1"
"Brooke","0","2","West Virginia","4/9/20","0","2","54009","1"
"Cabell","2","17","West Virginia","4/9/20","3","14","54011","466.67"
"Fayette","0","1","West Virginia","4/9/20","0","1","54019","1"
"Greenbrier","0","3","West Virginia","4/9/20","3","0","54025","0"
"Hampshire","0","2","West Virginia","4/9/20","0","2","54027","1"
"Hancock","0","7","West Virginia","4/9/20","5","2","54029","40"
"Hardy","0","2","West Virginia","4/9/20","2","0","54031","0"
"Harrison","2","29","West Virginia","4/9/20","17","12","54033","70.59"
"Jackson","1","20","West Virginia","4/9/20","11","9","54035","81.82"
"Jefferson","5","45","West Virginia","4/9/20","12","33","54037","275"
"Kanawha","5","73","West Virginia","4/9/20","39","34","54039","87.18"
"Lewis","0","1","West Virginia","4/9/20","0","1","54041","1"
"Logan","1","8","West Virginia","4/9/20","4","4","54045","100"
"Marion","3","31","West Virginia","4/9/20","10","21","54049","210"
"Marshall","0","5","West Virginia","4/9/20","4","1","54051","25"
"Mason","1","7","West Virginia","4/9/20","3","4","54053","133.33"
"McDowell","1","4","West Virginia","4/9/20","0","4","54047","1"
"Mercer","1","7","West Virginia","4/9/20","3","4","54055","133.33"
"Mineral","0","3","West Virginia","4/9/20","0","3","54057","1"
"Monongalia","6","76","West Virginia","4/9/20","35","41","54061","117.14"
"Morgan","0","4","West Virginia","4/9/20","1","3","54065","300"
"Nicholas","0","2","West Virginia","4/9/20","0","2","54067","1"
"Ohio","1","20","West Virginia","4/9/20","10","10","54069","100"
"Pendleton","0","1","West Virginia","4/9/20","0","1","54071","1"
"Pleasants","0","1","West Virginia","4/9/20","1","0","54073","0"
"Preston","0","6","West Virginia","4/9/20","3","3","54077","100"
"Putnam","1","10","West Virginia","4/9/20","5","5","54079","100"
"Raleigh","0","5","West Virginia","4/9/20","3","2","54081","66.67"
"Randolph","0","3","West Virginia","4/9/20","2","1","54083","50"
"Roane","0","2","West Virginia","4/9/20","2","0","54087","0"
"Taylor","0","3","West Virginia","4/9/20","0","3","54091","1"
"Tucker","0","3","West Virginia","4/9/20","3","0","54093","0"
"Tyler","0","1","West Virginia","4/9/20","0","1","54095","1"
"Upshur","0","2","West Virginia","4/9/20","1","1","54097","100"
"Wetzel","0","3","West Virginia","4/9/20","2","1","54103","50"
"Wirt","0","1","West Virginia","4/9/20","1","0","54105","0"
"Wood","2","14","West Virginia","4/9/20","3","11","54107","366.67"
"Wyoming","0","1","West Virginia","4/9/20","0","1","54109","1"
"Adams","0","2","Wisconsin","4/9/20","1","1","55001","100"
"Ashland","0","1","Wisconsin","4/9/20","1","0","55003","0"
"Barron","1","5","Wisconsin","4/9/20","0","5","55005","1"
"Bayfield","0","3","Wisconsin","4/9/20","3","0","55007","0"
"Brown","5","50","Wisconsin","4/9/20","17","33","55009","194.12"
"Buffalo","0","2","Wisconsin","4/9/20","2","0","55011","0"
"Calumet","0","4","Wisconsin","4/9/20","3","1","55015","33.33"
"Chippewa","1","17","Wisconsin","4/9/20","11","6","55017","54.55"
"Clark","0","7","Wisconsin","4/9/20","6","1","55019","16.67"
"Columbia","1","25","Wisconsin","4/9/20","15","10","55021","66.67"
"Crawford","0","2","Wisconsin","4/9/20","1","1","55023","100"
"Dane","10","307","Wisconsin","4/9/20","238","69","55025","28.99"
"Dodge","0","16","Wisconsin","4/9/20","13","3","55027","23.08"
"Door","1","8","Wisconsin","4/9/20","2","6","55029","300"
"Douglas","0","7","Wisconsin","4/9/20","7","0","55031","0"
"Dunn","1","7","Wisconsin","4/9/20","3","4","55033","133.33"
"Eau Claire","1","21","Wisconsin","4/9/20","14","7","55035","50"
"Florence","0","2","Wisconsin","4/9/20","0","2","55037","1"
"Fond du Lac","3","49","Wisconsin","4/9/20","28","21","55039","75"
"Grant","0","4","Wisconsin","4/9/20","2","2","55043","100"
"Green","0","9","Wisconsin","4/9/20","7","2","55045","28.57"
"Iowa","0","4","Wisconsin","4/9/20","3","1","55049","33.33"
"Iron","0","1","Wisconsin","4/9/20","1","0","55051","0"
"Jackson","1","7","Wisconsin","4/9/20","2","5","55053","250"
"Jefferson","1","19","Wisconsin","4/9/20","12","7","55055","58.33"
"Juneau","0","5","Wisconsin","4/9/20","4","1","55057","25"
"Kenosha","10","135","Wisconsin","4/9/20","67","68","55059","101.49"
"Kewaunee","0","1","Wisconsin","4/9/20","0","1","55061","1"
"La Crosse","1","23","Wisconsin","4/9/20","19","4","55063","21.05"
"Lafayette","0","2","Wisconsin","4/9/20","0","2","55065","1"
"Manitowoc","1","4","Wisconsin","4/9/20","0","4","55071","1"
"Marathon","1","12","Wisconsin","4/9/20","8","4","55073","50"
"Marinette","0","3","Wisconsin","4/9/20","2","1","55075","50"
"Marquette","0","2","Wisconsin","4/9/20","2","0","55077","0"
"Menominee","0","1","Wisconsin","4/9/20","1","0","55078","0"
"Milwaukee","88","1484","Wisconsin","4/9/20","869","615","55079","70.77"
"Monroe","0","6","Wisconsin","4/9/20","3","3","55081","100"
"Oconto","0","3","Wisconsin","4/9/20","1","2","55083","200"
"Oneida","0","5","Wisconsin","4/9/20","3","2","55085","66.67"
"Outagamie","2","26","Wisconsin","4/9/20","14","12","55087","85.71"
"Ozaukee","3","71","Wisconsin","4/9/20","47","24","55089","51.06"
"Pierce","0","7","Wisconsin","4/9/20","7","0","55093","0"
"Portage","0","4","Wisconsin","4/9/20","2","2","55097","100"
"Racine","7","84","Wisconsin","4/9/20","35","49","55101","140"
"Richland","0","3","Wisconsin","4/9/20","2","1","55103","50"
"Rock","4","47","Wisconsin","4/9/20","19","28","55105","147.37"
"Rusk","0","3","Wisconsin","4/9/20","0","3","55107","1"
"Sauk","1","21","Wisconsin","4/9/20","16","5","55111","31.25"
"Sawyer","0","1","Wisconsin","4/9/20","0","1","55113","1"
"Shawano","1","4","Wisconsin","4/9/20","0","4","55115","1"
"Sheboygan","2","31","Wisconsin","4/9/20","16","15","55117","93.75"
"St. Croix","0","7","Wisconsin","4/9/20","6","1","55109","16.67"
"Trempealeau","0","1","Wisconsin","4/9/20","1","0","55121","0"
"Vilas","0","4","Wisconsin","4/9/20","3","1","55125","33.33"
"Walworth","2","28","Wisconsin","4/9/20","15","13","55127","86.67"
"Washington","2","63","Wisconsin","4/9/20","46","17","55131","36.96"
"Waukesha","9","184","Wisconsin","4/9/20","120","64","55133","53.33"
"Waupaca","0","3","Wisconsin","4/9/20","2","1","55135","50"
"Waushara","0","2","Wisconsin","4/9/20","0","2","55137","1"
"Winnebago","0","25","Wisconsin","4/9/20","24","1","55139","4.17"
"Wood","0","2","Wisconsin","4/9/20","2","0","55141","0"
"Albany","0","4","Wyoming","4/9/20","3","1","56001","33.33"
"Campbell","0","9","Wyoming","4/9/20","6","3","56005","50"
"Carbon","0","4","Wyoming","4/9/20","3","1","56007","33.33"
"Converse","0","4","Wyoming","4/9/20","2","2","56009","100"
"Crook","0","3","Wyoming","4/9/20","0","3","56011","1"
"Fremont","2","38","Wyoming","4/9/20","26","12","56013","46.15"
"Goshen","0","3","Wyoming","4/9/20","1","2","56015","200"
"Johnson","0","8","Wyoming","4/9/20","8","0","56019","0"
"Laramie","2","53","Wyoming","4/9/20","36","17","56021","47.22"
"Lincoln","1","4","Wyoming","4/9/20","0","4","56023","1"
"Natrona","1","27","Wyoming","4/9/20","19","8","56025","42.11"
"Park","0","1","Wyoming","4/9/20","1","0","56029","0"
"Sheridan","0","12","Wyoming","4/9/20","10","2","56033","20"
"Sublette","0","1","Wyoming","4/9/20","1","0","56035","0"
"Sweetwater","0","6","Wyoming","4/9/20","3","3","56037","100"
"Teton","2","45","Wyoming","4/9/20","29","16","56039","55.17"
"Uinta","0","3","Wyoming","4/9/20","1","2","56041","200"
"Washakie","1","5","Wyoming","4/9/20","1","4","56043","400"
