"Locality","DailyAvgNewCasesPast7Days","TotalCases","State","Date","TotalCases7DaysAgo","NewCasesPast7Days","FIPS-Code","PercentIncreaseTotalCasesPast7Days"
"Autauga","1","12","Alabama","4/3/20","6","6","01001","100"
"Baldwin","3","28","Alabama","4/3/20","5","23","01003","460"
"Barbour","0","1","Alabama","4/3/20","0","1","01005","1"
"Bibb","1","4","Alabama","4/3/20","0","4","01007","1"
"Blount","1","9","Alabama","4/3/20","4","5","01009","125"
"Bullock","0","2","Alabama","4/3/20","2","0","01011","0"
"Butler","0","1","Alabama","4/3/20","1","0","01013","0"
"Calhoun","2","18","Alabama","4/3/20","3","15","01015","500"
"Chambers","10","80","Alabama","4/3/20","13","67","01017","515.38"
"Cherokee","1","5","Alabama","4/3/20","1","4","01019","400"
"Chilton","1","15","Alabama","4/3/20","6","9","01021","150"
"Choctaw","0","4","Alabama","4/3/20","1","3","01023","300"
"Clarke","0","3","Alabama","4/3/20","0","3","01025","1"
"Clay","1","8","Alabama","4/3/20","1","7","01027","700"
"Cleburne","1","7","Alabama","4/3/20","3","4","01029","133.33"
"Coffee","1","5","Alabama","4/3/20","0","5","01031","1"
"Colbert","1","5","Alabama","4/3/20","1","4","01033","400"
"Conecuh","0","1","Alabama","4/3/20","0","1","01035","1"
"Coosa","1","6","Alabama","4/3/20","2","4","01037","200"
"Covington","0","4","Alabama","4/3/20","1","3","01039","300"
"Crenshaw","0","1","Alabama","4/3/20","1","0","01041","0"
"Cullman","1","15","Alabama","4/3/20","6","9","01043","150"
"Dale","0","1","Alabama","4/3/20","0","1","01045","1"
"Dallas","1","7","Alabama","4/3/20","2","5","01047","250"
"DeKalb","1","10","Alabama","4/3/20","1","9","01049","900"
"Elmore","1","19","Alabama","4/3/20","12","7","01051","58.33"
"Escambia","0","2","Alabama","4/3/20","0","2","01053","1"
"Etowah","2","19","Alabama","4/3/20","4","15","01055","375"
"Fayette","0","1","Alabama","4/3/20","0","1","01057","1"
"Franklin","0","5","Alabama","4/3/20","3","2","01059","66.67"
"Greene","1","5","Alabama","4/3/20","1","4","01063","400"
"Hale","0","3","Alabama","4/3/20","0","3","01065","1"
"Henry","0","2","Alabama","4/3/20","0","2","01067","1"
"Houston","1","12","Alabama","4/3/20","3","9","01069","300"
"Jackson","1","12","Alabama","4/3/20","4","8","01071","200"
"Jefferson","25","351","Alabama","4/3/20","177","174","01073","98.31"
"Lamar","0","1","Alabama","4/3/20","1","0","01075","0"
"Lauderdale","1","14","Alabama","4/3/20","9","5","01077","55.56"
"Lawrence","0","4","Alabama","4/3/20","2","2","01079","100"
"Lee","7","99","Alabama","4/3/20","48","51","01081","106.25"
"Limestone","2","30","Alabama","4/3/20","14","16","01083","114.29"
"Lowndes","0","2","Alabama","4/3/20","1","1","01085","100"
"Macon","1","5","Alabama","4/3/20","0","5","01087","1"
"Madison","11","121","Alabama","4/3/20","47","74","01089","157.45"
"Marengo","1","7","Alabama","4/3/20","2","5","01091","250"
"Marion","1","16","Alabama","4/3/20","7","9","01093","128.57"
"Marshall","2","16","Alabama","4/3/20","4","12","01095","300"
"Mobile","11","103","Alabama","4/3/20","23","80","01097","347.83"
"Monroe","1","5","Alabama","4/3/20","0","5","01099","1"
"Montgomery","6","59","Alabama","4/3/20","18","41","01101","227.78"
"Morgan","2","24","Alabama","4/3/20","9","15","01103","166.67"
"Pickens","1","10","Alabama","4/3/20","1","9","01107","900"
"Pike","1","10","Alabama","4/3/20","2","8","01109","400"
"Randolph","1","10","Alabama","4/3/20","1","9","01111","900"
"Russell","0","4","Alabama","4/3/20","1","3","01113","300"
"Shelby","6","109","Alabama","4/3/20","66","43","01117","65.15"
"St. Clair","2","23","Alabama","4/3/20","9","14","01115","155.56"
"Sumter","1","7","Alabama","4/3/20","0","7","01119","1"
"Talladega","1","11","Alabama","4/3/20","4","7","01121","175"
"Tallapoosa","2","19","Alabama","4/3/20","4","15","01123","375"
"Tuscaloosa","3","41","Alabama","4/3/20","21","20","01125","95.24"
"Walker","4","48","Alabama","4/3/20","23","25","01127","108.7"
"Washington","0","5","Alabama","4/3/20","2","3","01129","150"
"Wilcox","1","6","Alabama","4/3/20","2","4","01131","200"
"Winston","0","3","Alabama","4/3/20","2","1","01133","50"
"Anchorage","6","73","Alaska","4/3/20","30","43","02020","143.33"
"Fairbanks North Star","5","42","Alaska","4/3/20","10","32","02090","320"
"Juneau","1","11","Alaska","4/3/20","3","8","02110","266.67"
"Kenai Peninsula","1","10","Alaska","4/3/20","4","6","02122","150"
"Ketchikan Gateway","0","14","Alaska","4/3/20","11","3","02130","27.27"
"Matanuska-Susitna","1","4","Alaska","4/3/20","0","4","02170","1"
"Petersburg","0","1","Alaska","4/3/20","0","1","02195","1"
"Southeast Fairbanks","0","1","Alaska","4/3/20","0","1","02240","1"
"Yukon-Koyukuk","0","1","Alaska","4/3/20","0","1","02290","1"
"Apache","1","17","Arizona","4/3/20","11","6","04001","54.55"
"Cochise","0","5","Arizona","4/3/20","2","3","04003","150"
"Coconino","12","126","Arizona","4/3/20","41","85","04005","207.32"
"Gila","0","2","Arizona","4/3/20","0","2","04007","1"
"Graham","0","2","Arizona","4/3/20","4","-2","04009","-50"
"Greenlee","0","1","Arizona","4/3/20","0","1","04011","1"
"La Paz","0","2","Arizona","4/3/20","2","0","04012","0"
"Maricopa","93","1049","Arizona","4/3/20","399","650","04013","162.91"
"Mohave","1","9","Arizona","4/3/20","4","5","04015","125"
"Navajo","14","148","Arizona","4/3/20","49","99","04017","202.04"
"Pima","25","280","Arizona","4/3/20","102","178","04019","174.51"
"Pinal","6","77","Arizona","4/3/20","36","41","04021","113.89"
"Santa Cruz","0","3","Arizona","4/3/20","2","1","04023","50"
"Yavapai","4","35","Arizona","4/3/20","9","26","04025","288.89"
"Yuma","1","13","Arizona","4/3/20","4","9","04027","225"
"Arkansas","0","1","Arkansas","4/3/20","0","1","05001","1"
"Ashley","0","1","Arkansas","4/3/20","0","1","05003","1"
"Baxter","0","1","Arkansas","4/3/20","0","1","05005","1"
"Benton","3","42","Arkansas","4/3/20","23","19","05007","82.61"
"Boone","0","1","Arkansas","4/3/20","1","0","05009","0"
"Bradley","0","4","Arkansas","4/3/20","4","0","05011","0"
"Carroll","0","1","Arkansas","4/3/20","0","1","05015","1"
"Chicot","0","2","Arkansas","4/3/20","1","1","05017","100"
"Clark","1","27","Arkansas","4/3/20","17","10","05019","58.82"
"Cleburne","2","64","Arkansas","4/3/20","49","15","05023","30.61"
"Cleveland","0","5","Arkansas","4/3/20","3","2","05025","66.67"
"Columbia","0","1","Arkansas","4/3/20","1","0","05027","0"
"Conway","0","1","Arkansas","4/3/20","1","0","05029","0"
"Craighead","1","14","Arkansas","4/3/20","4","10","05031","250"
"Crawford","0","1","Arkansas","4/3/20","1","0","05033","0"
"Crittenden","4","37","Arkansas","4/3/20","9","28","05035","311.11"
"Cross","0","1","Arkansas","4/3/20","1","0","05037","0"
"Desha","0","2","Arkansas","4/3/20","2","0","05041","0"
"Drew","0","1","Arkansas","4/3/20","1","0","05043","0"
"Faulkner","2","40","Arkansas","4/3/20","27","13","05045","48.15"
"Garland","2","37","Arkansas","4/3/20","20","17","05051","85"
"Grant","0","3","Arkansas","4/3/20","3","0","05053","0"
"Greene","0","1","Arkansas","4/3/20","1","0","05055","0"
"Hempstead","0","1","Arkansas","4/3/20","1","0","05057","0"
"Hot Spring","1","5","Arkansas","4/3/20","1","4","05059","400"
"Howard","0","1","Arkansas","4/3/20","0","1","05061","1"
"Independence","0","3","Arkansas","4/3/20","3","0","05063","0"
"Jefferson","4","51","Arkansas","4/3/20","23","28","05069","121.74"
"Johnson","1","7","Arkansas","4/3/20","0","7","05071","1"
"Lawrence","0","1","Arkansas","4/3/20","1","0","05075","0"
"Lee","0","1","Arkansas","4/3/20","0","1","05077","1"
"Lincoln","0","6","Arkansas","4/3/20","5","1","05079","20"
"Lonoke","2","15","Arkansas","4/3/20","1","14","05085","1400"
"Miller","1","8","Arkansas","4/3/20","0","8","05091","1"
"Mississippi","0","1","Arkansas","4/3/20","0","1","05093","1"
"Monroe","0","1","Arkansas","4/3/20","0","1","05095","1"
"Nevada","0","1","Arkansas","4/3/20","0","1","05099","1"
"Newton","0","1","Arkansas","4/3/20","0","1","05101","1"
"Perry","0","1","Arkansas","4/3/20","0","1","05105","1"
"Pike","0","1","Arkansas","4/3/20","1","0","05109","0"
"Poinsett","0","5","Arkansas","4/3/20","3","2","05111","66.67"
"Polk","1","5","Arkansas","4/3/20","1","4","05113","400"
"Pope","1","8","Arkansas","4/3/20","1","7","05115","700"
"Pulaski","6","130","Arkansas","4/3/20","88","42","05119","47.73"
"Randolph","0","1","Arkansas","4/3/20","1","0","05121","0"
"Saline","2","19","Arkansas","4/3/20","4","15","05125","375"
"Scott","0","1","Arkansas","4/3/20","0","1","05127","1"
"Searcy","0","2","Arkansas","4/3/20","2","0","05129","0"
"Sebastian","1","8","Arkansas","4/3/20","2","6","05131","300"
"Sevier","0","1","Arkansas","4/3/20","1","0","05133","0"
"St. Francis","0","1","Arkansas","4/3/20","0","1","05123","1"
"Stone","1","5","Arkansas","4/3/20","1","4","05137","400"
"Union","1","10","Arkansas","4/3/20","1","9","05139","900"
"Van Buren","1","20","Arkansas","4/3/20","16","4","05141","25"
"Washington","2","24","Arkansas","4/3/20","13","11","05143","84.62"
"White","2","23","Arkansas","4/3/20","6","17","05145","283.33"
"Woodruff","0","1","Arkansas","4/3/20","1","0","05147","0"
"Alameda","32","443","California","4/3/20","220","223","06001","101.36"
"Alpine","0","1","California","4/3/20","0","1","06003","1"
"Amador","0","3","California","4/3/20","2","1","06005","50"
"Butte","1","10","California","4/3/20","5","5","06007","100"
"Calaveras","0","3","California","4/3/20","3","0","06009","0"
"Colusa","0","1","California","4/3/20","0","1","06011","1"
"Contra Costa","23","307","California","4/3/20","147","160","06013","108.84"
"Del Norte","0","1","California","4/3/20","0","1","06015","1"
"El Dorado","1","19","California","4/3/20","9","10","06017","111.11"
"Fresno","10","94","California","4/3/20","27","67","06019","248.15"
"Glenn","0","2","California","4/3/20","0","2","06021","1"
"Humboldt","4","37","California","4/3/20","12","25","06023","208.33"
"Imperial","5","52","California","4/3/20","17","35","06025","205.88"
"Inyo","1","10","California","4/3/20","3","7","06027","233.33"
"Kern","20","173","California","4/3/20","33","140","06029","424.24"
"Kings","1","5","California","4/3/20","0","5","06031","1"
"Los Angeles","443","4566","California","4/3/20","1465","3101","06037","211.67"
"Madera","3","28","California","4/3/20","10","18","06039","180"
"Marin","8","118","California","4/3/20","65","53","06041","81.54"
"Mendocino","0","4","California","4/3/20","2","2","06045","100"
"Merced","2","16","California","4/3/20","4","12","06047","300"
"Mono","2","18","California","4/3/20","6","12","06051","200"
"Monterey","4","53","California","4/3/20","24","29","06053","120.83"
"Napa","2","18","California","4/3/20","6","12","06055","200"
"Nevada","3","30","California","4/3/20","8","22","06057","275"
"Orange","56","711","California","4/3/20","321","390","06059","121.5"
"Placer","10","97","California","4/3/20","30","67","06061","223.33"
"Plumas","0","1","California","4/3/20","0","1","06063","1"
"Riverside","49","493","California","4/3/20","149","344","06065","230.87"
"Sacramento","32","390","California","4/3/20","164","226","06067","137.8"
"San Benito","1","23","California","4/3/20","13","10","06069","76.92"
"San Bernardino","36","304","California","4/3/20","54","250","06071","462.96"
"San Diego","89","966","California","4/3/20","341","625","06073","183.28"
"San Francisco","31","497","California","4/3/20","279","218","06075","78.14"
"San Joaquin","13","180","California","4/3/20","90","90","06077","100"
"San Luis Obispo","5","93","California","4/3/20","59","34","06079","57.63"
"San Mateo","35","486","California","4/3/20","239","247","06081","103.35"
"Santa Barbara","15","139","California","4/3/20","32","107","06083","334.38"
"Santa Clara","64","1019","California","4/3/20","574","445","06085","77.53"
"Santa Cruz","4","57","California","4/3/20","32","25","06087","78.12"
"Shasta","1","11","California","4/3/20","3","8","06089","266.67"
"Siskiyou","0","3","California","4/3/20","3","0","06093","0"
"Solano","4","61","California","4/3/20","34","27","06095","79.41"
"Sonoma","7","95","California","4/3/20","44","51","06097","115.91"
"Stanislaus","5","51","California","4/3/20","17","34","06099","200"
"Sutter","2","14","California","4/3/20","2","12","06101","600"
"Tulare","9","81","California","4/3/20","20","61","06107","305"
"Tuolumne","0","2","California","4/3/20","0","2","06109","1"
"Ventura","17","177","California","4/3/20","61","116","06111","190.16"
"Yolo","3","33","California","4/3/20","13","20","06113","153.85"
"Yuba","1","8","California","4/3/20","3","5","06115","166.67"
"Adams","32","294","Colorado","4/3/20","71","223","08001","314.08"
"Alamosa","0","4","Colorado","4/3/20","1","3","08003","300"
"Arapahoe","49","500","Colorado","4/3/20","155","345","08005","222.58"
"Archuleta","0","1","Colorado","4/3/20","0","1","08007","1"
"Baca","1","9","Colorado","4/3/20","1","8","08009","800"
"Boulder","10","143","Colorado","4/3/20","76","67","08013","88.16"
"Broomfield","3","36","Colorado","4/3/20","13","23","08014","176.92"
"Chaffee","2","19","Colorado","4/3/20","5","14","08015","280"
"Clear Creek","0","6","Colorado","4/3/20","3","3","08019","100"
"Costilla","0","3","Colorado","4/3/20","1","2","08023","200"
"Crowley","0","1","Colorado","4/3/20","1","0","08025","0"
"Custer","0","2","Colorado","4/3/20","0","2","08027","1"
"Delta","0","4","Colorado","4/3/20","2","2","08029","100"
"Denver","58","716","Colorado","4/3/20","312","404","08031","129.49"
"Douglas","16","194","Colorado","4/3/20","79","115","08035","145.57"
"Eagle","23","333","Colorado","4/3/20","170","163","08037","95.88"
"El Paso","31","374","Colorado","4/3/20","160","214","08041","133.75"
"Elbert","0","6","Colorado","4/3/20","3","3","08039","100"
"Fremont","0","2","Colorado","4/3/20","1","1","08043","100"
"Garfield","4","45","Colorado","4/3/20","16","29","08045","181.25"
"Grand","0","4","Colorado","4/3/20","2","2","08049","100"
"Gunnison","3","88","Colorado","4/3/20","66","22","08051","33.33"
"Hinsdale","0","1","Colorado","4/3/20","1","0","08053","0"
"Huerfano","0","1","Colorado","4/3/20","1","0","08055","0"
"Jefferson","40","440","Colorado","4/3/20","158","282","08059","178.48"
"Kit Carson","0","4","Colorado","4/3/20","2","2","08063","100"
"La Plata","2","25","Colorado","4/3/20","13","12","08067","92.31"
"Lake","0","3","Colorado","4/3/20","0","3","08065","1"
"Larimer","10","134","Colorado","4/3/20","67","67","08069","100"
"Las Animas","0","1","Colorado","4/3/20","0","1","08071","1"
"Lincoln","0","1","Colorado","4/3/20","1","0","08073","0"
"Logan","1","7","Colorado","4/3/20","3","4","08075","133.33"
"Mesa","2","20","Colorado","4/3/20","7","13","08077","185.71"
"Mineral","0","2","Colorado","4/3/20","0","2","08079","1"
"Moffat","0","3","Colorado","4/3/20","0","3","08081","1"
"Montezuma","0","3","Colorado","4/3/20","0","3","08083","1"
"Montrose","3","26","Colorado","4/3/20","6","20","08085","333.33"
"Morgan","0","7","Colorado","4/3/20","4","3","08087","75"
"Otero","0","3","Colorado","4/3/20","2","1","08089","50"
"Park","1","5","Colorado","4/3/20","1","4","08093","400"
"Phillips","0","2","Colorado","4/3/20","0","2","08095","1"
"Pitkin","2","38","Colorado","4/3/20","25","13","08097","52"
"Pueblo","4","31","Colorado","4/3/20","6","25","08101","416.67"
"Rio Blanco","0","1","Colorado","4/3/20","0","1","08103","1"
"Rio Grande","0","5","Colorado","4/3/20","2","3","08105","150"
"Routt","2","28","Colorado","4/3/20","12","16","08107","133.33"
"Saguache","0","3","Colorado","4/3/20","0","3","08109","1"
"San Miguel","1","9","Colorado","4/3/20","1","8","08113","800"
"Summit","3","35","Colorado","4/3/20","13","22","08117","169.23"
"Teller","1","11","Colorado","4/3/20","7","4","08119","57.14"
"Washington","0","1","Colorado","4/3/20","1","0","08121","0"
"Weld","36","379","Colorado","4/3/20","129","250","08123","193.8"
"Yuma","0","2","Colorado","4/3/20","2","0","08125","0"
"Fairfield","281","2716","Connecticut","4/3/20","752","1964","09001","261.17"
"Hartford","70","679","Connecticut","4/3/20","189","490","09003","259.26"
"Litchfield","17","173","Connecticut","4/3/20","52","121","09005","232.69"
"Middlesex","9","91","Connecticut","4/3/20","25","66","09007","264"
"New Haven","96","891","Connecticut","4/3/20","222","669","09009","301.35"
"New London","4","40","Connecticut","4/3/20","15","25","09011","166.67"
"Tolland","7","79","Connecticut","4/3/20","33","46","09013","139.39"
"Windham","3","27","Connecticut","4/3/20","3","24","09015","800"
"Kent","5","54","Delaware","4/3/20","21","33","10001","157.14"
"New Castle","25","279","Delaware","4/3/20","105","174","10003","165.71"
"Sussex","11","117","Delaware","4/3/20","37","80","10005","216.22"
"","0","49","Diamond Princess","4/3/20","49","0",,"0"
"District of Columbia","69","757","District of Columbia","4/3/20","271","486","11001","179.34"
"Alachua","8","110","Florida","4/3/20","57","53","12001","92.98"
"Baker","1","11","Florida","4/3/20","7","4","12003","57.14"
"Bay","2","18","Florida","4/3/20","3","15","12005","500"
"Bradford","1","5","Florida","4/3/20","1","4","12007","400"
"Brevard","7","62","Florida","4/3/20","16","46","12009","287.5"
"Broward","141","1598","Florida","4/3/20","614","984","12011","160.26"
"Calhoun","0","2","Florida","4/3/20","0","2","12013","1"
"Charlotte","5","43","Florida","4/3/20","5","38","12015","760"
"Citrus","2","28","Florida","4/3/20","11","17","12017","154.55"
"Clay","7","69","Florida","4/3/20","22","47","12019","213.64"
"Collier","17","203","Florida","4/3/20","81","122","12021","150.62"
"Columbia","0","4","Florida","4/3/20","3","1","12023","33.33"
"DeSoto","0","9","Florida","4/3/20","6","3","12027","50"
"Duval","33","323","Florida","4/3/20","90","233","12031","258.89"
"Escambia","13","113","Florida","4/3/20","22","91","12033","413.64"
"Flagler","2","28","Florida","4/3/20","11","17","12035","154.55"
"Franklin","0","1","Florida","4/3/20","0","1","12037","1"
"Gadsden","0","3","Florida","4/3/20","1","2","12039","200"
"Glades","0","3","Florida","4/3/20","0","3","12043","1"
"Gulf","0","1","Florida","4/3/20","0","1","12045","1"
"Hardee","0","1","Florida","4/3/20","0","1","12049","1"
"Hendry","1","5","Florida","4/3/20","0","5","12051","1"
"Hernando","4","38","Florida","4/3/20","10","28","12053","280"
"Highlands","3","26","Florida","4/3/20","5","21","12055","420"
"Hillsborough","42","463","Florida","4/3/20","167","296","12057","177.25"
"Holmes","0","1","Florida","4/3/20","0","1","12059","1"
"Indian River","5","47","Florida","4/3/20","14","33","12061","235.71"
"Jackson","0","4","Florida","4/3/20","1","3","12063","300"
"Lake","8","88","Florida","4/3/20","29","59","12069","203.45"
"Lee","33","304","Florida","4/3/20","76","228","12071","300"
"Leon","4","39","Florida","4/3/20","14","25","12073","178.57"
"Levy","0","2","Florida","4/3/20","0","2","12075","1"
"Madison","1","4","Florida","4/3/20","0","4","12079","1"
"Manatee","11","104","Florida","4/3/20","28","76","12081","271.43"
"Marion","4","38","Florida","4/3/20","8","30","12083","375"
"Martin","4","42","Florida","4/3/20","16","26","12085","162.5"
"Miami-Dade","372","3364","Florida","4/3/20","763","2601","12086","340.89"
"Monroe","3","40","Florida","4/3/20","16","24","12087","150"
"Nassau","2","19","Florida","4/3/20","6","13","12089","216.67"
"Okaloosa","4","54","Florida","4/3/20","23","31","12091","134.78"
"Okeechobee","0","2","Florida","4/3/20","0","2","12093","1"
"Orange","64","602","Florida","4/3/20","156","446","12095","285.9"
"Osceola","21","201","Florida","4/3/20","53","148","12097","279.25"
"Palm Beach","95","858","Florida","4/3/20","194","664","12099","342.27"
"Pasco","8","77","Florida","4/3/20","23","54","12101","234.78"
"Pinellas","34","318","Florida","4/3/20","77","241","12103","312.99"
"Polk","14","126","Florida","4/3/20","26","100","12105","384.62"
"Putnam","0","15","Florida","4/3/20","12","3","12107","25"
"Santa Rosa","5","48","Florida","4/3/20","11","37","12113","336.36"
"Sarasota","12","124","Florida","4/3/20","40","84","12115","210"
"Seminole","16","163","Florida","4/3/20","49","114","12117","232.65"
"St. Johns","12","119","Florida","4/3/20","36","83","12109","230.56"
"St. Lucie","7","60","Florida","4/3/20","14","46","12111","328.57"
"Sumter","6","68","Florida","4/3/20","29","39","12119","134.48"
"Suwannee","1","11","Florida","4/3/20","1","10","12121","1000"
"Union","0","1","Florida","4/3/20","0","1","12125","1"
"Volusia","12","125","Florida","4/3/20","39","86","12127","220.51"
"Wakulla","0","3","Florida","4/3/20","0","3","12129","1"
"Walton","1","19","Florida","4/3/20","13","6","12131","46.15"
"Washington","0","1","Florida","4/3/20","1","0","12133","0"
"Appling","0","3","Georgia","4/3/20","0","3","13001","1"
"Bacon","1","6","Georgia","4/3/20","0","6","13005","1"
"Baker","0","4","Georgia","4/3/20","1","3","13007","300"
"Baldwin","1","10","Georgia","4/3/20","2","8","13009","400"
"Banks","0","3","Georgia","4/3/20","0","3","13011","1"
"Barrow","2","21","Georgia","4/3/20","6","15","13013","250"
"Bartow","8","154","Georgia","4/3/20","98","56","13015","57.14"
"Ben Hill","0","3","Georgia","4/3/20","2","1","13017","50"
"Berrien","0","3","Georgia","4/3/20","0","3","13019","1"
"Bibb","3","32","Georgia","4/3/20","10","22","13021","220"
"Bleckley","0","1","Georgia","4/3/20","0","1","13023","1"
"Brooks","1","5","Georgia","4/3/20","0","5","13027","1"
"Bryan","1","12","Georgia","4/3/20","4","8","13029","200"
"Bulloch","1","5","Georgia","4/3/20","0","5","13031","1"
"Burke","1","8","Georgia","4/3/20","3","5","13033","166.67"
"Butts","1","9","Georgia","4/3/20","3","6","13035","200"
"Calhoun","1","10","Georgia","4/3/20","2","8","13037","400"
"Camden","1","6","Georgia","4/3/20","2","4","13039","200"
"Candler","0","1","Georgia","4/3/20","0","1","13043","1"
"Carroll","13","143","Georgia","4/3/20","55","88","13045","160"
"Catoosa","1","6","Georgia","4/3/20","1","5","13047","500"
"Charlton","0","1","Georgia","4/3/20","1","0","13049","0"
"Chatham","7","58","Georgia","4/3/20","10","48","13051","480"
"Chattahoochee","0","2","Georgia","4/3/20","0","2","13053","1"
"Chattooga","0","3","Georgia","4/3/20","1","2","13055","200"
"Cherokee","8","104","Georgia","4/3/20","46","58","13057","126.09"
"Clarke","4","57","Georgia","4/3/20","32","25","13059","78.12"
"Clay","1","7","Georgia","4/3/20","0","7","13061","1"
"Clayton","21","195","Georgia","4/3/20","46","149","13063","323.91"
"Clinch","0","2","Georgia","4/3/20","1","1","13065","100"
"Cobb","34","381","Georgia","4/3/20","144","237","13067","164.58"
"Coffee","2","15","Georgia","4/3/20","3","12","13069","400"
"Colquitt","4","34","Georgia","4/3/20","4","30","13071","750"
"Columbia","3","32","Georgia","4/3/20","10","22","13073","220"
"Cook","0","1","Georgia","4/3/20","0","1","13075","1"
"Coweta","5","53","Georgia","4/3/20","19","34","13077","178.95"
"Crisp","3","23","Georgia","4/3/20","4","19","13081","475"
"Dade","0","1","Georgia","4/3/20","0","1","13083","1"
"Dawson","2","13","Georgia","4/3/20","2","11","13085","550"
"Decatur","1","12","Georgia","4/3/20","2","10","13087","500"
"DeKalb","38","448","Georgia","4/3/20","181","267","13089","147.51"
"Dodge","1","5","Georgia","4/3/20","1","4","13091","400"
"Dooly","2","12","Georgia","4/3/20","0","12","13093","1"
"Dougherty","52","560","Georgia","4/3/20","193","367","13095","190.16"
"Douglas","6","71","Georgia","4/3/20","27","44","13097","162.96"
"Early","5","48","Georgia","4/3/20","10","38","13099","380"
"Effingham","0","6","Georgia","4/3/20","4","2","13103","50"
"Elbert","0","1","Georgia","4/3/20","0","1","13105","1"
"Emanuel","0","1","Georgia","4/3/20","0","1","13107","1"
"Fannin","1","8","Georgia","4/3/20","2","6","13111","300"
"Fayette","6","58","Georgia","4/3/20","19","39","13113","205.26"
"Floyd","8","77","Georgia","4/3/20","20","57","13115","285"
"Forsyth","6","60","Georgia","4/3/20","19","41","13117","215.79"
"Franklin","1","5","Georgia","4/3/20","1","4","13119","400"
"Fulton","82","882","Georgia","4/3/20","307","575","13121","187.3"
"Gilmer","0","1","Georgia","4/3/20","0","1","13123","1"
"Glynn","2","23","Georgia","4/3/20","6","17","13127","283.33"
"Gordon","1","21","Georgia","4/3/20","12","9","13129","75"
"Grady","0","3","Georgia","4/3/20","0","3","13131","1"
"Greene","1","9","Georgia","4/3/20","1","8","13133","800"
"Gwinnett","32","329","Georgia","4/3/20","102","227","13135","222.55"
"Habersham","0","2","Georgia","4/3/20","1","1","13137","100"
"Hall","8","79","Georgia","4/3/20","24","55","13139","229.17"
"Haralson","1","7","Georgia","4/3/20","1","6","13143","600"
"Harris","1","7","Georgia","4/3/20","1","6","13145","600"
"Hart","0","3","Georgia","4/3/20","0","3","13147","1"
"Heard","0","2","Georgia","4/3/20","1","1","13149","100"
"Henry","12","125","Georgia","4/3/20","40","85","13151","212.5"
"Houston","6","53","Georgia","4/3/20","9","44","13153","488.89"
"Irwin","0","6","Georgia","4/3/20","3","3","13155","100"
"Jackson","1","12","Georgia","4/3/20","2","10","13157","500"
"Jasper","0","2","Georgia","4/3/20","2","0","13159","0"
"Jefferson","0","2","Georgia","4/3/20","0","2","13163","1"
"Jenkins","0","2","Georgia","4/3/20","0","2","13165","1"
"Johnson","0","1","Georgia","4/3/20","0","1","13167","1"
"Jones","1","6","Georgia","4/3/20","2","4","13169","200"
"Lamar","0","6","Georgia","4/3/20","3","3","13171","100"
"Lanier","0","1","Georgia","4/3/20","0","1","13173","1"
"Laurens","1","15","Georgia","4/3/20","7","8","13175","114.29"
"Lee","11","115","Georgia","4/3/20","35","80","13177","228.57"
"Liberty","1","7","Georgia","4/3/20","1","6","13179","600"
"Lincoln","0","5","Georgia","4/3/20","3","2","13181","66.67"
"Long","0","1","Georgia","4/3/20","1","0","13183","0"
"Lowndes","2","28","Georgia","4/3/20","16","12","13185","75"
"Lumpkin","0","7","Georgia","4/3/20","4","3","13187","75"
"Macon","0","2","Georgia","4/3/20","1","1","13193","100"
"Madison","0","5","Georgia","4/3/20","3","2","13195","66.67"
"Marion","0","1","Georgia","4/3/20","0","1","13197","1"
"McDuffie","1","5","Georgia","4/3/20","0","5","13189","1"
"McIntosh","0","2","Georgia","4/3/20","0","2","13191","1"
"Meriwether","1","10","Georgia","4/3/20","3","7","13199","233.33"
"Miller","0","5","Georgia","4/3/20","2","3","13201","150"
"Mitchell","4","43","Georgia","4/3/20","14","29","13205","207.14"
"Monroe","0","6","Georgia","4/3/20","3","3","13207","100"
"Morgan","0","2","Georgia","4/3/20","1","1","13211","100"
"Murray","1","7","Georgia","4/3/20","0","7","13213","1"
"Muscogee","3","30","Georgia","4/3/20","8","22","13215","275"
"Newton","4","40","Georgia","4/3/20","15","25","13217","166.67"
"Oconee","1","19","Georgia","4/3/20","10","9","13219","90"
"Oglethorpe","0","1","Georgia","4/3/20","0","1","13221","1"
"Paulding","4","42","Georgia","4/3/20","12","30","13223","250"
"Peach","0","9","Georgia","4/3/20","6","3","13225","50"
"Pickens","1","9","Georgia","4/3/20","4","5","13227","125"
"Pierce","2","14","Georgia","4/3/20","1","13","13229","1300"
"Pike","0","3","Georgia","4/3/20","0","3","13231","1"
"Polk","1","16","Georgia","4/3/20","10","6","13233","60"
"Pulaski","1","6","Georgia","4/3/20","1","5","13235","500"
"Putnam","0","2","Georgia","4/3/20","0","2","13237","1"
"Quitman","0","1","Georgia","4/3/20","0","1","13239","1"
"Rabun","0","2","Georgia","4/3/20","0","2","13241","1"
"Randolph","1","8","Georgia","4/3/20","3","5","13243","166.67"
"Richmond","6","50","Georgia","4/3/20","11","39","13245","354.55"
"Rockdale","7","63","Georgia","4/3/20","16","47","13247","293.75"
"Schley","1","4","Georgia","4/3/20","0","4","13249","1"
"Screven","0","2","Georgia","4/3/20","0","2","13251","1"
"Seminole","1","6","Georgia","4/3/20","2","4","13253","200"
"Spalding","2","23","Georgia","4/3/20","11","12","13255","109.09"
"Stephens","1","5","Georgia","4/3/20","1","4","13257","400"
"Stewart","0","1","Georgia","4/3/20","0","1","13259","1"
"Sumter","7","59","Georgia","4/3/20","10","49","13261","490"
"Talbot","0","2","Georgia","4/3/20","0","2","13263","1"
"Tattnall","0","3","Georgia","4/3/20","2","1","13267","50"
"Taylor","0","2","Georgia","4/3/20","1","1","13269","100"
"Telfair","0","2","Georgia","4/3/20","0","2","13271","1"
"Terrell","6","50","Georgia","4/3/20","6","44","13273","733.33"
"Thomas","2","17","Georgia","4/3/20","3","14","13275","466.67"
"Tift","3","30","Georgia","4/3/20","11","19","13277","172.73"
"Toombs","1","5","Georgia","4/3/20","1","4","13279","400"
"Towns","0","1","Georgia","4/3/20","0","1","13281","1"
"Troup","2","26","Georgia","4/3/20","11","15","13285","136.36"
"Turner","1","12","Georgia","4/3/20","2","10","13287","500"
"Twiggs","0","2","Georgia","4/3/20","2","0","13289","0"
"Union","0","1","Georgia","4/3/20","0","1","13291","1"
"Upson","1","6","Georgia","4/3/20","2","4","13293","200"
"Walker","0","3","Georgia","4/3/20","0","3","13295","1"
"Walton","2","16","Georgia","4/3/20","0","16","13297","1"
"Ware","2","16","Georgia","4/3/20","2","14","13299","700"
"Warren","1","4","Georgia","4/3/20","0","4","13301","1"
"Washington","1","6","Georgia","4/3/20","2","4","13303","200"
"Webster","0","1","Georgia","4/3/20","0","1","13307","1"
"Wheeler","0","1","Georgia","4/3/20","0","1","13309","1"
"White","0","3","Georgia","4/3/20","1","2","13311","200"
"Whitfield","1","15","Georgia","4/3/20","6","9","13313","150"
"Wilcox","0","2","Georgia","4/3/20","0","2","13315","1"
"Wilkes","0","3","Georgia","4/3/20","1","2","13317","200"
"Wilkinson","0","1","Georgia","4/3/20","0","1","13319","1"
"Worth","3","30","Georgia","4/3/20","7","23","13321","328.57"
"","11","103","Grand Princess","4/3/20","28","75",,"267.86"
"","5","84","Guam","4/3/20","51","33",,"64.71"
"Hawaii","2","20","Hawaii","4/3/20","5","15","15001","300"
"Honolulu","23","237","Hawaii","4/3/20","76","161","15003","211.84"
"Kauai","1","13","Hawaii","4/3/20","5","8","15007","160"
"Maui","3","36","Hawaii","4/3/20","14","22","15009","157.14"
"Out of HI","0","2","Hawaii","4/3/20","0","2","80015","1"
"Ada","36","307","Idaho","4/3/20","54","253","16001","468.52"
"Adams","0","1","Idaho","4/3/20","0","1","16003","1"
"Bannock","0","4","Idaho","4/3/20","2","2","16005","100"
"Bingham","0","2","Idaho","4/3/20","1","1","16011","100"
"Blaine","37","351","Idaho","4/3/20","93","258","16013","277.42"
"Bonner","0","1","Idaho","4/3/20","0","1","16017","1"
"Bonneville","0","3","Idaho","4/3/20","0","3","16019","1"
"Camas","0","1","Idaho","4/3/20","0","1","16025","1"
"Canyon","8","79","Idaho","4/3/20","23","56","16027","243.48"
"Cassia","0","3","Idaho","4/3/20","1","2","16031","200"
"Custer","0","2","Idaho","4/3/20","1","1","16037","100"
"Elmore","1","9","Idaho","4/3/20","0","9","16039","1"
"Fremont","0","1","Idaho","4/3/20","1","0","16043","0"
"Gem","1","6","Idaho","4/3/20","0","6","16045","1"
"Gooding","0","1","Idaho","4/3/20","0","1","16047","1"
"Idaho","0","1","Idaho","4/3/20","1","0","16049","0"
"Jefferson","0","3","Idaho","4/3/20","2","1","16051","50"
"Jerome","1","8","Idaho","4/3/20","0","8","16053","1"
"Kootenai","4","37","Idaho","4/3/20","10","27","16055","270"
"Latah","0","1","Idaho","4/3/20","0","1","16057","1"
"Lewis","0","1","Idaho","4/3/20","0","1","16061","1"
"Lincoln","1","5","Idaho","4/3/20","0","5","16063","1"
"Madison","0","4","Idaho","4/3/20","2","2","16065","100"
"Minidoka","0","1","Idaho","4/3/20","0","1","16067","1"
"Nez Perce","1","13","Idaho","4/3/20","4","9","16069","225"
"Owyhee","0","2","Idaho","4/3/20","0","2","16073","1"
"Payette","0","5","Idaho","4/3/20","4","1","16075","25"
"Teton","0","3","Idaho","4/3/20","2","1","16081","50"
"Twin Falls","4","32","Idaho","4/3/20","3","29","16083","966.67"
"Valley","0","3","Idaho","4/3/20","1","2","16085","200"
"Washington","0","1","Idaho","4/3/20","0","1","16087","1"
"Adams","0","2","Illinois","4/3/20","1","1","17001","100"
"Bond","0","3","Illinois","4/3/20","0","3","17005","1"
"Bureau","0","2","Illinois","4/3/20","1","1","17011","100"
"Carroll","1","4","Illinois","4/3/20","0","4","17015","1"
"Champaign","6","51","Illinois","4/3/20","10","41","17019","410"
"Christian","2","17","Illinois","4/3/20","1","16","17021","1600"
"Clark","0","2","Illinois","4/3/20","0","2","17023","1"
"Clinton","0","8","Illinois","4/3/20","5","3","17027","60"
"Cook","553","6111","Illinois","4/3/20","2239","3872","17031","172.93"
"Crawford","0","1","Illinois","4/3/20","0","1","17033","1"
"Cumberland","0","1","Illinois","4/3/20","1","0","17035","0"
"De Witt","0","1","Illinois","4/3/20","0","1","17039","1"
"DeKalb","2","16","Illinois","4/3/20","4","12","17037","300"
"Douglas","1","9","Illinois","4/3/20","1","8","17041","800"
"DuPage","43","500","Illinois","4/3/20","199","301","17043","151.26"
"Effingham","0","1","Illinois","4/3/20","0","1","17049","1"
"Fayette","0","2","Illinois","4/3/20","0","2","17051","1"
"Ford","0","1","Illinois","4/3/20","0","1","17053","1"
"Franklin","0","1","Illinois","4/3/20","1","0","17055","0"
"Grundy","1","7","Illinois","4/3/20","2","5","17063","250"
"Henry","1","7","Illinois","4/3/20","1","6","17073","600"
"Iroquois","0","4","Illinois","4/3/20","1","3","17075","300"
"Jackson","1","8","Illinois","4/3/20","1","7","17077","700"
"Jersey","0","1","Illinois","4/3/20","0","1","17083","1"
"Jo Daviess","0","4","Illinois","4/3/20","1","3","17085","300"
"Kane","14","176","Illinois","4/3/20","75","101","17089","134.67"
"Kankakee","6","58","Illinois","4/3/20","17","41","17091","241.18"
"Kendall","4","37","Illinois","4/3/20","8","29","17093","362.5"
"Knox","0","1","Illinois","4/3/20","0","1","17095","1"
"Lake","54","608","Illinois","4/3/20","230","378","17097","164.35"
"LaSalle","1","6","Illinois","4/3/20","0","6","17099","1"
"Livingston","1","6","Illinois","4/3/20","2","4","17105","200"
"Logan","0","1","Illinois","4/3/20","0","1","17107","1"
"Macon","0","2","Illinois","4/3/20","0","2","17115","1"
"Macoupin","0","1","Illinois","4/3/20","0","1","17117","1"
"Madison","3","31","Illinois","4/3/20","8","23","17119","287.5"
"Marion","0","3","Illinois","4/3/20","0","3","17121","1"
"Marshall","0","1","Illinois","4/3/20","1","0","17123","0"
"Massac","0","1","Illinois","4/3/20","0","1","17127","1"
"McHenry","8","102","Illinois","4/3/20","45","57","17111","126.67"
"McLean","4","35","Illinois","4/3/20","10","25","17113","250"
"Menard","0","1","Illinois","4/3/20","0","1","17129","1"
"Mercer","0","1","Illinois","4/3/20","0","1","17131","1"
"Monroe","1","8","Illinois","4/3/20","3","5","17133","166.67"
"Montgomery","0","2","Illinois","4/3/20","0","2","17135","1"
"Morgan","1","5","Illinois","4/3/20","1","4","17137","400"
"Moultrie","0","1","Illinois","4/3/20","0","1","17139","1"
"Ogle","0","1","Illinois","4/3/20","0","1","17141","1"
"Peoria","1","11","Illinois","4/3/20","6","5","17143","83.33"
"Piatt","0","1","Illinois","4/3/20","0","1","17147","1"
"Randolph","2","12","Illinois","4/3/20","0","12","17157","1"
"Rock Island","3","24","Illinois","4/3/20","4","20","17161","500"
"Saline","0","1","Illinois","4/3/20","0","1","17165","1"
"Sangamon","2","20","Illinois","4/3/20","7","13","17167","185.71"
"St. Clair","6","57","Illinois","4/3/20","15","42","17163","280"
"Stephenson","0","3","Illinois","4/3/20","2","1","17177","50"
"Tazewell","1","7","Illinois","4/3/20","2","5","17179","250"
"Vermilion","0","2","Illinois","4/3/20","0","2","17183","1"
"Washington","0","1","Illinois","4/3/20","1","0","17189","0"
"Whiteside","1","9","Illinois","4/3/20","2","7","17195","350"
"Will","50","455","Illinois","4/3/20","104","351","17197","337.5"
"Williamson","0","2","Illinois","4/3/20","1","1","17199","100"
"Winnebago","3","28","Illinois","4/3/20","8","20","17201","250"
"Woodford","0","4","Illinois","4/3/20","3","1","17203","33.33"
"Adams","0","1","Indiana","4/3/20","1","0","18001","0"
"Allen","5","58","Indiana","4/3/20","21","37","18003","176.19"
"Bartholomew","2","23","Indiana","4/3/20","6","17","18005","283.33"
"Blackford","0","1","Indiana","4/3/20","0","1","18009","1"
"Boone","4","38","Indiana","4/3/20","7","31","18011","442.86"
"Brown","0","3","Indiana","4/3/20","2","1","18013","50"
"Carroll","0","2","Indiana","4/3/20","0","2","18015","1"
"Cass","0","2","Indiana","4/3/20","0","2","18017","1"
"Clark","6","55","Indiana","4/3/20","12","43","18019","358.33"
"Clay","0","2","Indiana","4/3/20","0","2","18021","1"
"Clinton","0","3","Indiana","4/3/20","1","2","18023","200"
"Crawford","0","3","Indiana","4/3/20","0","3","18025","1"
"Dearborn","3","25","Indiana","4/3/20","4","21","18029","525"
"Decatur","6","70","Indiana","4/3/20","26","44","18031","169.23"
"DeKalb","0","3","Indiana","4/3/20","1","2","18033","200"
"Delaware","3","30","Indiana","4/3/20","8","22","18035","275"
"Dubois","0","3","Indiana","4/3/20","1","2","18037","200"
"Elkhart","3","29","Indiana","4/3/20","9","20","18039","222.22"
"Fayette","1","13","Indiana","4/3/20","3","10","18041","333.33"
"Floyd","4","37","Indiana","4/3/20","11","26","18043","236.36"
"Fountain","0","2","Indiana","4/3/20","1","1","18045","100"
"Franklin","4","48","Indiana","4/3/20","21","27","18047","128.57"
"Fulton","0","1","Indiana","4/3/20","1","0","18049","0"
"Gibson","0","4","Indiana","4/3/20","3","1","18051","33.33"
"Grant","1","12","Indiana","4/3/20","5","7","18053","140"
"Greene","1","9","Indiana","4/3/20","0","9","18055","1"
"Hamilton","24","220","Indiana","4/3/20","52","168","18057","323.08"
"Hancock","4","41","Indiana","4/3/20","13","28","18059","215.38"
"Harrison","3","23","Indiana","4/3/20","4","19","18061","475"
"Hendricks","16","138","Indiana","4/3/20","28","110","18063","392.86"
"Henry","1","7","Indiana","4/3/20","1","6","18065","600"
"Howard","3","25","Indiana","4/3/20","7","18","18067","257.14"
"Huntington","0","3","Indiana","4/3/20","1","2","18069","200"
"Jackson","3","25","Indiana","4/3/20","4","21","18071","525"
"Jasper","1","13","Indiana","4/3/20","4","9","18073","225"
"Jay","0","2","Indiana","4/3/20","0","2","18075","1"
"Jefferson","1","5","Indiana","4/3/20","0","5","18077","1"
"Jennings","4","31","Indiana","4/3/20","5","26","18079","520"
"Johnson","13","136","Indiana","4/3/20","42","94","18081","223.81"
"Knox","1","4","Indiana","4/3/20","0","4","18083","1"
"Kosciusko","1","8","Indiana","4/3/20","1","7","18085","700"
"LaGrange","0","4","Indiana","4/3/20","2","2","18087","100"
"Lake","28","244","Indiana","4/3/20","47","197","18089","419.15"
"LaPorte","2","17","Indiana","4/3/20","2","15","18091","750"
"Lawrence","2","22","Indiana","4/3/20","5","17","18093","340"
"Madison","9","67","Indiana","4/3/20","7","60","18095","857.14"
"Marion","135","1429","Indiana","4/3/20","484","945","18097","195.25"
"Marshall","0","4","Indiana","4/3/20","4","0","18099","0"
"Miami","1","5","Indiana","4/3/20","1","4","18103","400"
"Monroe","5","40","Indiana","4/3/20","8","32","18105","400"
"Montgomery","1","12","Indiana","4/3/20","3","9","18107","300"
"Morgan","6","52","Indiana","4/3/20","10","42","18109","420"
"Newton","0","1","Indiana","4/3/20","0","1","18111","1"
"Noble","1","5","Indiana","4/3/20","1","4","18113","400"
"Ohio","0","1","Indiana","4/3/20","1","0","18115","0"
"Orange","1","5","Indiana","4/3/20","1","4","18117","400"
"Owen","1","13","Indiana","4/3/20","5","8","18119","160"
"Parke","0","1","Indiana","4/3/20","0","1","18121","1"
"Porter","6","45","Indiana","4/3/20","6","39","18127","650"
"Posey","1","5","Indiana","4/3/20","1","4","18129","400"
"Putnam","2","13","Indiana","4/3/20","2","11","18133","550"
"Randolph","1","4","Indiana","4/3/20","0","4","18135","1"
"Ripley","5","47","Indiana","4/3/20","14","33","18137","235.71"
"Rush","1","8","Indiana","4/3/20","3","5","18139","166.67"
"Scott","1","6","Indiana","4/3/20","1","5","18143","500"
"Shelby","3","26","Indiana","4/3/20","6","20","18145","333.33"
"Spencer","0","1","Indiana","4/3/20","0","1","18147","1"
"St. Joseph","6","72","Indiana","4/3/20","27","45","18141","166.67"
"Starke","0","2","Indiana","4/3/20","1","1","18149","100"
"Steuben","0","2","Indiana","4/3/20","0","2","18151","1"
"Sullivan","0","3","Indiana","4/3/20","1","2","18153","200"
"Switzerland","1","6","Indiana","4/3/20","0","6","18155","1"
"Tippecanoe","3","26","Indiana","4/3/20","8","18","18157","225"
"Tipton","0","5","Indiana","4/3/20","2","3","18159","150"
"Vanderburgh","4","33","Indiana","4/3/20","6","27","18163","450"
"Vermillion","0","2","Indiana","4/3/20","0","2","18165","1"
"Vigo","1","9","Indiana","4/3/20","3","6","18167","200"
"Wabash","0","1","Indiana","4/3/20","1","0","18169","0"
"Warren","0","2","Indiana","4/3/20","1","1","18171","100"
"Warrick","1","10","Indiana","4/3/20","3","7","18173","233.33"
"Washington","1","14","Indiana","4/3/20","4","10","18175","250"
"Wayne","1","6","Indiana","4/3/20","1","5","18177","500"
"Wells","0","2","Indiana","4/3/20","1","1","18179","100"
"White","0","3","Indiana","4/3/20","0","3","18181","1"
"Whitley","1","4","Indiana","4/3/20","0","4","18183","1"
"Adair","0","1","Iowa","4/3/20","1","0","19001","0"
"Allamakee","1","16","Iowa","4/3/20","7","9","19005","128.57"
"Appanoose","0","1","Iowa","4/3/20","1","0","19007","0"
"Audubon","0","1","Iowa","4/3/20","0","1","19009","1"
"Benton","1","7","Iowa","4/3/20","3","4","19011","133.33"
"Black Hawk","0","8","Iowa","4/3/20","7","1","19013","14.29"
"Boone","0","2","Iowa","4/3/20","0","2","19015","1"
"Bremer","0","1","Iowa","4/3/20","0","1","19017","1"
"Buchanan","0","3","Iowa","4/3/20","1","2","19019","200"
"Butler","0","1","Iowa","4/3/20","1","0","19023","0"
"Carroll","0","1","Iowa","4/3/20","1","0","19027","0"
"Cedar","1","11","Iowa","4/3/20","5","6","19031","120"
"Cerro Gordo","1","10","Iowa","4/3/20","3","7","19033","233.33"
"Clay","0","2","Iowa","4/3/20","0","2","19041","1"
"Clayton","0","3","Iowa","4/3/20","1","2","19043","200"
"Clinton","2","15","Iowa","4/3/20","1","14","19045","1400"
"Crawford","1","4","Iowa","4/3/20","0","4","19047","1"
"Dallas","3","33","Iowa","4/3/20","9","24","19049","266.67"
"Des Moines","0","1","Iowa","4/3/20","1","0","19057","0"
"Dickinson","0","1","Iowa","4/3/20","1","0","19059","0"
"Dubuque","2","23","Iowa","4/3/20","8","15","19061","187.5"
"Fayette","0","3","Iowa","4/3/20","1","2","19065","200"
"Guthrie","0","1","Iowa","4/3/20","0","1","19077","1"
"Hancock","0","3","Iowa","4/3/20","3","0","19081","0"
"Hardin","0","1","Iowa","4/3/20","1","0","19083","0"
"Harrison","0","10","Iowa","4/3/20","7","3","19085","42.86"
"Henry","1","6","Iowa","4/3/20","2","4","19087","200"
"Iowa","1","5","Iowa","4/3/20","1","4","19095","400"
"Jackson","0","2","Iowa","4/3/20","0","2","19097","1"
"Jasper","1","8","Iowa","4/3/20","2","6","19099","300"
"Jefferson","0","2","Iowa","4/3/20","0","2","19101","1"
"Johnson","4","83","Iowa","4/3/20","58","25","19103","43.1"
"Jones","1","5","Iowa","4/3/20","0","5","19105","1"
"Keokuk","0","1","Iowa","4/3/20","0","1","19107","1"
"Kossuth","0","1","Iowa","4/3/20","1","0","19109","0"
"Linn","14","118","Iowa","4/3/20","22","96","19113","436.36"
"Louisa","0","1","Iowa","4/3/20","0","1","19115","1"
"Lyon","0","1","Iowa","4/3/20","0","1","19119","1"
"Madison","0","1","Iowa","4/3/20","0","1","19121","1"
"Mahaska","0","3","Iowa","4/3/20","2","1","19123","50"
"Marshall","1","10","Iowa","4/3/20","1","9","19127","900"
"Mitchell","0","2","Iowa","4/3/20","0","2","19131","1"
"Monona","1","6","Iowa","4/3/20","2","4","19133","200"
"Montgomery","0","1","Iowa","4/3/20","1","0","19137","0"
"Muscatine","2","22","Iowa","4/3/20","7","15","19139","214.29"
"O'Brien","0","3","Iowa","4/3/20","0","3","19141","1"
"Page","0","2","Iowa","4/3/20","2","0","19145","0"
"Plymouth","0","1","Iowa","4/3/20","0","1","19149","1"
"Polk","10","100","Iowa","4/3/20","28","72","19153","257.14"
"Pottawattamie","0","6","Iowa","4/3/20","3","3","19155","100"
"Poweshiek","0","6","Iowa","4/3/20","4","2","19157","50"
"Scott","3","31","Iowa","4/3/20","7","24","19163","342.86"
"Shelby","1","5","Iowa","4/3/20","0","5","19165","1"
"Sioux","0","5","Iowa","4/3/20","2","3","19167","150"
"Story","0","5","Iowa","4/3/20","2","3","19169","150"
"Tama","2","22","Iowa","4/3/20","5","17","19171","340"
"Taylor","0","1","Iowa","4/3/20","0","1","19173","1"
"Van Buren","1","5","Iowa","4/3/20","0","5","19177","1"
"Wapello","0","1","Iowa","4/3/20","1","0","19179","0"
"Warren","1","8","Iowa","4/3/20","1","7","19181","700"
"Washington","5","43","Iowa","4/3/20","11","32","19183","290.91"
"Webster","0","1","Iowa","4/3/20","1","0","19187","0"
"Winneshiek","0","4","Iowa","4/3/20","2","2","19191","100"
"Woodbury","1","8","Iowa","4/3/20","3","5","19193","166.67"
"Wright","0","1","Iowa","4/3/20","1","0","19197","0"
"Atchison","0","1","Kansas","4/3/20","0","1","20005","1"
"Barton","0","3","Kansas","4/3/20","0","3","20009","1"
"Bourbon","0","3","Kansas","4/3/20","3","0","20011","0"
"Butler","1","7","Kansas","4/3/20","3","4","20015","133.33"
"Chautauqua","0","2","Kansas","4/3/20","0","2","20019","1"
"Cherokee","0","5","Kansas","4/3/20","2","3","20021","150"
"Clay","0","1","Kansas","4/3/20","1","0","20027","0"
"Cloud","0","1","Kansas","4/3/20","0","1","20029","1"
"Coffey","2","18","Kansas","4/3/20","1","17","20031","1700"
"Cowley","0","1","Kansas","4/3/20","0","1","20035","1"
"Crawford","0","4","Kansas","4/3/20","3","1","20037","33.33"
"Doniphan","0","1","Kansas","4/3/20","1","0","20043","0"
"Douglas","2","31","Kansas","4/3/20","14","17","20045","121.43"
"Finney","1","4","Kansas","4/3/20","0","4","20055","1"
"Ford","0","1","Kansas","4/3/20","0","1","20057","1"
"Franklin","1","9","Kansas","4/3/20","2","7","20059","350"
"Gove","0","1","Kansas","4/3/20","1","0","20063","0"
"Harvey","0","2","Kansas","4/3/20","1","1","20079","100"
"Jackson","0","1","Kansas","4/3/20","1","0","20085","0"
"Jefferson","0","2","Kansas","4/3/20","1","1","20087","100"
"Johnson","15","172","Kansas","4/3/20","66","106","20091","160.61"
"Labette","0","1","Kansas","4/3/20","0","1","20099","1"
"Leavenworth","3","31","Kansas","4/3/20","12","19","20103","158.33"
"Linn","0","5","Kansas","4/3/20","4","1","20107","25"
"Lyon","2","17","Kansas","4/3/20","4","13","20111","325"
"Marion","0","1","Kansas","4/3/20","0","1","20115","1"
"McPherson","1","6","Kansas","4/3/20","1","5","20113","500"
"Mitchell","0","2","Kansas","4/3/20","2","0","20123","0"
"Montgomery","1","6","Kansas","4/3/20","0","6","20125","1"
"Morris","0","2","Kansas","4/3/20","2","0","20127","0"
"Neosho","0","1","Kansas","4/3/20","1","0","20133","0"
"Osage","0","3","Kansas","4/3/20","1","2","20139","200"
"Osborne","0","1","Kansas","4/3/20","0","1","20141","1"
"Ottawa","0","1","Kansas","4/3/20","1","0","20143","0"
"Pottawatomie","0","2","Kansas","4/3/20","1","1","20149","100"
"Pratt","0","1","Kansas","4/3/20","0","1","20151","1"
"Reno","1","9","Kansas","4/3/20","5","4","20155","80"
"Riley","1","11","Kansas","4/3/20","2","9","20161","450"
"Saline","1","4","Kansas","4/3/20","0","4","20169","1"
"Sedgwick","9","85","Kansas","4/3/20","20","65","20173","325"
"Shawnee","3","26","Kansas","4/3/20","5","21","20177","420"
"Stafford","0","1","Kansas","4/3/20","0","1","20185","1"
"Stevens","0","1","Kansas","4/3/20","0","1","20189","1"
"Sumner","0","2","Kansas","4/3/20","1","1","20191","100"
"Woodson","0","3","Kansas","4/3/20","1","2","20207","200"
"Wyandotte","13","137","Kansas","4/3/20","43","94","20209","218.6"
"Allen","0","2","Kentucky","4/3/20","1","1","21003","100"
"Anderson","0","2","Kentucky","4/3/20","2","0","21005","0"
"Barren","0","1","Kentucky","4/3/20","0","1","21009","1"
"Boone","1","8","Kentucky","4/3/20","1","7","21015","700"
"Bourbon","0","2","Kentucky","4/3/20","2","0","21017","0"
"Boyd","1","4","Kentucky","4/3/20","0","4","21019","1"
"Boyle","1","4","Kentucky","4/3/20","0","4","21021","1"
"Bracken","0","1","Kentucky","4/3/20","0","1","21023","1"
"Breathitt","0","2","Kentucky","4/3/20","2","0","21025","0"
"Breckinridge","0","2","Kentucky","4/3/20","0","2","21027","1"
"Bullitt","1","6","Kentucky","4/3/20","0","6","21029","1"
"Butler","0","1","Kentucky","4/3/20","0","1","21031","1"
"Calloway","0","3","Kentucky","4/3/20","1","2","21035","200"
"Campbell","1","8","Kentucky","4/3/20","1","7","21037","700"
"Carroll","0","2","Kentucky","4/3/20","0","2","21041","1"
"Christian","1","7","Kentucky","4/3/20","2","5","21047","250"
"Clark","1","8","Kentucky","4/3/20","2","6","21049","300"
"Daviess","3","34","Kentucky","4/3/20","14","20","21059","142.86"
"Edmonson","0","2","Kentucky","4/3/20","0","2","21061","1"
"Fayette","13","116","Kentucky","4/3/20","28","88","21067","314.29"
"Franklin","1","6","Kentucky","4/3/20","2","4","21073","200"
"Grant","0","1","Kentucky","4/3/20","0","1","21081","1"
"Grayson","0","2","Kentucky","4/3/20","0","2","21085","1"
"Hancock","0","1","Kentucky","4/3/20","0","1","21091","1"
"Hardin","1","6","Kentucky","4/3/20","2","4","21093","200"
"Harrison","0","11","Kentucky","4/3/20","10","1","21097","10"
"Henderson","0","5","Kentucky","4/3/20","2","3","21101","150"
"Hopkins","4","27","Kentucky","4/3/20","0","27","21107","1"
"Jefferson","28","228","Kentucky","4/3/20","35","193","21111","551.43"
"Jessamine","2","13","Kentucky","4/3/20","1","12","21113","1200"
"Kenton","2","25","Kentucky","4/3/20","8","17","21117","212.5"
"Larue","0","1","Kentucky","4/3/20","0","1","21123","1"
"Laurel","0","2","Kentucky","4/3/20","1","1","21125","100"
"Lawrence","0","1","Kentucky","4/3/20","0","1","21127","1"
"Lewis","0","1","Kentucky","4/3/20","0","1","21135","1"
"Logan","0","3","Kentucky","4/3/20","1","2","21141","200"
"Lyon","0","1","Kentucky","4/3/20","1","0","21143","0"
"Madison","1","10","Kentucky","4/3/20","2","8","21151","400"
"Marion","0","1","Kentucky","4/3/20","0","1","21155","1"
"Marshall","0","1","Kentucky","4/3/20","0","1","21157","1"
"Martin","0","1","Kentucky","4/3/20","1","0","21159","0"
"Mason","0","1","Kentucky","4/3/20","0","1","21161","1"
"McCracken","1","8","Kentucky","4/3/20","2","6","21145","300"
"McCreary","0","1","Kentucky","4/3/20","0","1","21147","1"
"McLean","0","1","Kentucky","4/3/20","0","1","21149","1"
"Menifee","0","2","Kentucky","4/3/20","1","1","21165","100"
"Mercer","0","2","Kentucky","4/3/20","0","2","21167","1"
"Montgomery","0","2","Kentucky","4/3/20","2","0","21173","0"
"Muhlenberg","1","10","Kentucky","4/3/20","2","8","21177","400"
"Nelson","0","3","Kentucky","4/3/20","1","2","21179","200"
"Nicholas","0","1","Kentucky","4/3/20","0","1","21181","1"
"Oldham","1","6","Kentucky","4/3/20","1","5","21185","500"
"Pendleton","0","1","Kentucky","4/3/20","0","1","21191","1"
"Powell","0","1","Kentucky","4/3/20","0","1","21197","1"
"Pulaski","1","8","Kentucky","4/3/20","3","5","21199","166.67"
"Rockcastle","0","1","Kentucky","4/3/20","0","1","21203","1"
"Scott","1","6","Kentucky","4/3/20","1","5","21209","500"
"Shelby","0","2","Kentucky","4/3/20","0","2","21211","1"
"Simpson","1","9","Kentucky","4/3/20","1","8","21213","800"
"Spencer","0","2","Kentucky","4/3/20","1","1","21215","100"
"Taylor","0","2","Kentucky","4/3/20","0","2","21217","1"
"Union","0","2","Kentucky","4/3/20","0","2","21225","1"
"Warren","1","13","Kentucky","4/3/20","5","8","21227","160"
"Washington","0","1","Kentucky","4/3/20","0","1","21229","1"
"Wayne","0","3","Kentucky","4/3/20","0","3","21231","1"
"Webster","0","2","Kentucky","4/3/20","1","1","21233","100"
"Woodford","1","5","Kentucky","4/3/20","0","5","21239","1"
"Acadia","9","72","Louisiana","4/3/20","8","64","22001","800"
"Allen","4","34","Louisiana","4/3/20","5","29","22003","580"
"Ascension","19","222","Louisiana","4/3/20","90","132","22005","146.67"
"Assumption","4","33","Louisiana","4/3/20","8","25","22007","312.5"
"Avoyelles","4","37","Louisiana","4/3/20","10","27","22009","270"
"Beauregard","1","13","Louisiana","4/3/20","4","9","22011","225"
"Bienville","1","9","Louisiana","4/3/20","1","8","22013","800"
"Bossier","8","95","Louisiana","4/3/20","37","58","22015","156.76"
"Caddo","34","377","Louisiana","4/3/20","140","237","22017","169.29"
"Calcasieu","14","119","Louisiana","4/3/20","22","97","22019","440.91"
"Caldwell","0","1","Louisiana","4/3/20","0","1","22021","1"
"Catahoula","1","6","Louisiana","4/3/20","1","5","22025","500"
"Claiborne","2","18","Louisiana","4/3/20","3","15","22027","500"
"Concordia","1","10","Louisiana","4/3/20","0","10","22029","1"
"De Soto","5","46","Louisiana","4/3/20","13","33","22031","253.85"
"East Baton Rouge","38","389","Louisiana","4/3/20","124","265","22033","213.71"
"East Carroll","0","1","Louisiana","4/3/20","0","1","22035","1"
"East Feliciana","2","19","Louisiana","4/3/20","5","14","22037","280"
"Evangeline","2","18","Louisiana","4/3/20","4","14","22039","350"
"Franklin","1","10","Louisiana","4/3/20","0","10","22041","1"
"Grant","1","5","Louisiana","4/3/20","1","4","22043","400"
"Iberia","11","78","Louisiana","4/3/20","4","74","22045","1850"
"Iberville","9","81","Louisiana","4/3/20","20","61","22047","305"
"Jackson","0","4","Louisiana","4/3/20","3","1","22049","33.33"
"Jefferson","278","2495","Louisiana","4/3/20","548","1947","22051","355.29"
"Jefferson Davis","2","14","Louisiana","4/3/20","1","13","22053","1300"
"Lafayette","33","276","Louisiana","4/3/20","44","232","22055","527.27"
"Lafourche","22","185","Louisiana","4/3/20","30","155","22057","516.67"
"LaSalle","0","2","Louisiana","4/3/20","0","2","22059","1"
"Lincoln","1","17","Louisiana","4/3/20","7","10","22061","142.86"
"Livingston","4","40","Louisiana","4/3/20","11","29","22063","263.64"
"Madison","0","1","Louisiana","4/3/20","1","0","22065","0"
"Morehouse","1","7","Louisiana","4/3/20","2","5","22067","250"
"Natchitoches","1","6","Louisiana","4/3/20","2","4","22069","200"
"Orleans","329","3476","Louisiana","4/3/20","1170","2306","22071","197.09"
"Ouachita","13","114","Louisiana","4/3/20","25","89","22073","356"
"Plaquemines","8","75","Louisiana","4/3/20","16","59","22075","368.75"
"Pointe Coupee","2","13","Louisiana","4/3/20","1","12","22077","1200"
"Rapides","8","81","Louisiana","4/3/20","26","55","22079","211.54"
"Red River","0","2","Louisiana","4/3/20","0","2","22081","1"
"Richland","0","4","Louisiana","4/3/20","2","2","22083","100"
"Sabine","1","4","Louisiana","4/3/20","0","4","22085","1"
"St. Bernard","24","196","Louisiana","4/3/20","31","165","22087","532.26"
"St. Charles","27","210","Louisiana","4/3/20","23","187","22089","813.04"
"St. Helena","0","1","Louisiana","4/3/20","0","1","22091","1"
"St. James","11","116","Louisiana","4/3/20","40","76","22093","190"
"St. John the Baptist","36","290","Louisiana","4/3/20","41","249","22095","607.32"
"St. Landry","8","68","Louisiana","4/3/20","10","58","22097","580"
"St. Martin","8","69","Louisiana","4/3/20","10","59","22099","590"
"St. Mary","6","47","Louisiana","4/3/20","6","41","22101","683.33"
"St. Tammany","46","435","Louisiana","4/3/20","111","324","22103","291.89"
"Tangipahoa","7","55","Louisiana","4/3/20","7","48","22105","685.71"
"Terrebonne","11","102","Louisiana","4/3/20","23","79","22109","343.48"
"Union","2","17","Louisiana","4/3/20","4","13","22111","325"
"Vermilion","2","18","Louisiana","4/3/20","2","16","22113","800"
"Vernon","1","8","Louisiana","4/3/20","2","6","22115","300"
"Washington","7","57","Louisiana","4/3/20","8","49","22117","612.5"
"Webster","2","23","Louisiana","4/3/20","9","14","22119","155.56"
"West Baton Rouge","2","23","Louisiana","4/3/20","11","12","22121","109.09"
"West Feliciana","2","11","Louisiana","4/3/20","0","11","22125","1"
"Winn","0","2","Louisiana","4/3/20","1","1","22127","100"
"Androscoggin","2","19","Maine","4/3/20","6","13","23001","216.67"
"Aroostook","0","1","Maine","4/3/20","0","1","23003","1"
"Cumberland","19","222","Maine","4/3/20","92","130","23005","141.3"
"Franklin","0","4","Maine","4/3/20","1","3","23007","300"
"Hancock","0","2","Maine","4/3/20","0","2","23009","1"
"Kennebec","2","19","Maine","4/3/20","6","13","23011","216.67"
"Knox","1","9","Maine","4/3/20","2","7","23013","350"
"Lincoln","0","8","Maine","4/3/20","5","3","23015","60"
"Oxford","0","10","Maine","4/3/20","8","2","23017","25"
"Penobscot","2","20","Maine","4/3/20","6","14","23019","233.33"
"Sagadahoc","1","12","Maine","4/3/20","4","8","23023","200"
"Somerset","0","2","Maine","4/3/20","0","2","23025","1"
"Waldo","0","3","Maine","4/3/20","2","1","23027","50"
"Washington","0","1","Maine","4/3/20","0","1","23029","1"
"York","8","89","Maine","4/3/20","33","56","23031","169.7"
"Allegany","0","2","Maryland","4/3/20","0","2","24001","1"
"Anne Arundel","27","249","Maryland","4/3/20","63","186","24003","295.24"
"Baltimore","46","427","Maryland","4/3/20","103","324","24005","314.56"
"Baltimore City","32","313","Maryland","4/3/20","88","225","24510","255.68"
"Calvert","3","30","Maryland","4/3/20","9","21","24009","233.33"
"Caroline","0","4","Maryland","4/3/20","1","3","24011","300"
"Carroll","17","129","Maryland","4/3/20","9","120","24013","1333.33"
"Cecil","2","25","Maryland","4/3/20","9","16","24015","177.78"
"Charles","10","90","Maryland","4/3/20","17","73","24017","429.41"
"Dorchester","0","1","Maryland","4/3/20","0","1","24019","1"
"Frederick","6","54","Maryland","4/3/20","15","39","24021","260"
"Garrett","0","3","Maryland","4/3/20","3","0","24023","0"
"Harford","3","41","Maryland","4/3/20","18","23","24025","127.78"
"Howard","15","166","Maryland","4/3/20","62","104","24027","167.74"
"Kent","0","5","Maryland","4/3/20","2","3","24029","150"
"Montgomery","51","566","Maryland","4/3/20","208","358","24031","172.12"
"Prince George's","59","563","Maryland","4/3/20","148","415","24033","280.41"
"Queen Anne's","1","12","Maryland","4/3/20","2","10","24035","500"
"Somerset","0","4","Maryland","4/3/20","1","3","24039","300"
"St. Mary's","4","30","Maryland","4/3/20","4","26","24037","650"
"Talbot","1","5","Maryland","4/3/20","1","4","24041","400"
"Washington","3","27","Maryland","4/3/20","5","22","24043","440"
"Wicomico","0","7","Maryland","4/3/20","5","2","24045","40"
"Worcester","0","5","Maryland","4/3/20","2","3","24047","150"
"Barnstable","31","314","Massachusetts","4/3/20","100","214","25001","214"
"Berkshire","19","240","Massachusetts","4/3/20","105","135","25003","128.57"
"Bristol","55","517","Massachusetts","4/3/20","129","388","25005","300.78"
"Dukes and Nantucket","2","16","Massachusetts","4/3/20","4","12","00000","300"
"Essex","127","1238","Massachusetts","4/3/20","350","888","25009","253.71"
"Franklin","9","89","Massachusetts","4/3/20","24","65","25011","270.83"
"Hampden","82","661","Massachusetts","4/3/20","90","571","25013","634.44"
"Hampshire","13","114","Massachusetts","4/3/20","20","94","25015","470"
"Middlesex","217","2202","Massachusetts","4/3/20","685","1517","25017","221.46"
"Norfolk","93","1045","Massachusetts","4/3/20","393","652","25021","165.9"
"Plymouth","80","745","Massachusetts","4/3/20","187","558","25023","298.4"
"Suffolk","222","2183","Massachusetts","4/3/20","631","1552","25025","245.96"
"Worcester","87","825","Massachusetts","4/3/20","219","606","25027","276.71"
"Allegan","1","7","Michigan","4/3/20","1","6","26005","600"
"Antrim","1","5","Michigan","4/3/20","1","4","26009","400"
"Arenac","0","2","Michigan","4/3/20","0","2","26011","1"
"Barry","1","7","Michigan","4/3/20","2","5","26015","250"
"Bay","2","21","Michigan","4/3/20","6","15","26017","250"
"Berrien","8","108","Michigan","4/3/20","50","58","26021","116"
"Branch","1","6","Michigan","4/3/20","0","6","26023","1"
"Calhoun","3","34","Michigan","4/3/20","10","24","26025","240"
"Cass","1","10","Michigan","4/3/20","3","7","26027","233.33"
"Charlevoix","0","5","Michigan","4/3/20","4","1","26029","25"
"Cheboygan","1","7","Michigan","4/3/20","1","6","26031","600"
"Chippewa","0","1","Michigan","4/3/20","1","0","26033","0"
"Clare","0","2","Michigan","4/3/20","1","1","26035","100"
"Clinton","6","52","Michigan","4/3/20","8","44","26037","550"
"Crawford","0","1","Michigan","4/3/20","1","0","26039","0"
"Delta","1","5","Michigan","4/3/20","0","5","26041","1"
"Dickinson","0","1","Michigan","4/3/20","0","1","26043","1"
"Eaton","6","48","Michigan","4/3/20","8","40","26045","500"
"Emmet","1","7","Michigan","4/3/20","3","4","26047","133.33"
"Genesee","48","431","Michigan","4/3/20","93","338","26049","363.44"
"Gladwin","0","2","Michigan","4/3/20","2","0","26051","0"
"Gogebic","0","3","Michigan","4/3/20","1","2","26053","200"
"Grand Traverse","1","11","Michigan","4/3/20","3","8","26055","266.67"
"Gratiot","1","5","Michigan","4/3/20","1","4","26057","400"
"Hillsdale","3","26","Michigan","4/3/20","6","20","26059","333.33"
"Houghton","0","1","Michigan","4/3/20","0","1","26061","1"
"Huron","1","5","Michigan","4/3/20","1","4","26063","400"
"Ingham","18","158","Michigan","4/3/20","29","129","26065","444.83"
"Ionia","1","6","Michigan","4/3/20","2","4","26067","200"
"Iosco","0","2","Michigan","4/3/20","1","1","26069","100"
"Isabella","1","11","Michigan","4/3/20","4","7","26073","175"
"Jackson","8","77","Michigan","4/3/20","20","57","26075","285"
"Kalamazoo","5","45","Michigan","4/3/20","12","33","26077","275"
"Kalkaska","1","8","Michigan","4/3/20","4","4","26079","100"
"Kent","14","140","Michigan","4/3/20","45","95","26081","211.11"
"Lapeer","3","25","Michigan","4/3/20","4","21","26087","525"
"Leelanau","0","1","Michigan","4/3/20","1","0","26089","0"
"Lenawee","3","26","Michigan","4/3/20","8","18","26091","225"
"Livingston","15","142","Michigan","4/3/20","38","104","26093","273.68"
"Luce","0","1","Michigan","4/3/20","0","1","26095","1"
"Mackinac","0","2","Michigan","4/3/20","0","2","26097","1"
"Macomb","165","1562","Michigan","4/3/20","406","1156","26099","284.73"
"Manistee","0","1","Michigan","4/3/20","1","0","26101","0"
"Marquette","1","7","Michigan","4/3/20","1","6","26103","600"
"Mason","0","1","Michigan","4/3/20","0","1","26105","1"
"Mecosta","0","4","Michigan","4/3/20","1","3","26107","300"
"Midland","1","21","Michigan","4/3/20","13","8","26111","61.54"
"Missaukee","0","1","Michigan","4/3/20","1","0","26113","0"
"Monroe","10","95","Michigan","4/3/20","28","67","26115","239.29"
"Montcalm","1","13","Michigan","4/3/20","3","10","26117","333.33"
"Muskegon","3","30","Michigan","4/3/20","6","24","26121","400"
"Newaygo","0","2","Michigan","4/3/20","1","1","26123","100"
"Oakland","259","2761","Michigan","4/3/20","945","1816","26125","192.17"
"Oceana","0","3","Michigan","4/3/20","1","2","26127","200"
"Ogemaw","0","3","Michigan","4/3/20","2","1","26129","50"
"Osceola","0","3","Michigan","4/3/20","0","3","26133","1"
"Oscoda","0","2","Michigan","4/3/20","0","2","26135","1"
"Otsego","2","20","Michigan","4/3/20","7","13","26137","185.71"
"Ottawa","3","46","Michigan","4/3/20","23","23","26139","100"
"Out of MI","9","74","Michigan","4/3/20","8","66","80026","825"
"Presque Isle","0","1","Michigan","4/3/20","0","1","26141","1"
"Roscommon","0","2","Michigan","4/3/20","1","1","26143","100"
"Saginaw","11","90","Michigan","4/3/20","14","76","26145","542.86"
"Sanilac","1","10","Michigan","4/3/20","2","8","26151","400"
"Shiawassee","3","20","Michigan","4/3/20","2","18","26155","900"
"St. Clair","8","77","Michigan","4/3/20","21","56","26147","266.67"
"St. Joseph","1","10","Michigan","4/3/20","0","10","26149","1"
"Tuscola","2","15","Michigan","4/3/20","2","13","26157","650"
"Van Buren","2","16","Michigan","4/3/20","4","12","26159","300"
"Washtenaw","50","513","Michigan","4/3/20","165","348","26161","210.91"
"Wayne","618","6142","Michigan","4/3/20","1814","4328","26163","238.59"
"Wexford","0","4","Michigan","4/3/20","1","3","26165","300"
"Anoka","3","34","Minnesota","4/3/20","10","24","27003","240"
"Beltrami","0","4","Minnesota","4/3/20","1","3","27007","300"
"Benton","0","1","Minnesota","4/3/20","1","0","27009","0"
"Big Stone","0","1","Minnesota","4/3/20","1","0","27011","0"
"Blue Earth","0","10","Minnesota","4/3/20","7","3","27013","42.86"
"Brown","0","2","Minnesota","4/3/20","0","2","27015","1"
"Carlton","1","5","Minnesota","4/3/20","0","5","27017","1"
"Carver","0","10","Minnesota","4/3/20","8","2","27019","25"
"Cass","0","1","Minnesota","4/3/20","1","0","27021","0"
"Chisago","0","4","Minnesota","4/3/20","2","2","27025","100"
"Clay","1","8","Minnesota","4/3/20","4","4","27027","100"
"Clearwater","0","2","Minnesota","4/3/20","0","2","27029","1"
"Cottonwood","1","5","Minnesota","4/3/20","0","5","27033","1"
"Crow Wing","0","3","Minnesota","4/3/20","0","3","27035","1"
"Dakota","4","54","Minnesota","4/3/20","28","26","27037","92.86"
"Dodge","1","10","Minnesota","4/3/20","5","5","27039","100"
"Douglas","0","1","Minnesota","4/3/20","0","1","27041","1"
"Faribault","0","3","Minnesota","4/3/20","1","2","27043","200"
"Fillmore","1","9","Minnesota","4/3/20","3","6","27045","200"
"Freeborn","1","7","Minnesota","4/3/20","0","7","27047","1"
"Goodhue","0","5","Minnesota","4/3/20","2","3","27049","150"
"Hennepin","14","242","Minnesota","4/3/20","141","101","27053","71.63"
"Isanti","0","2","Minnesota","4/3/20","0","2","27059","1"
"Itasca","0","2","Minnesota","4/3/20","0","2","27061","1"
"Jackson","0","1","Minnesota","4/3/20","1","0","27063","0"
"Kandiyohi","0","2","Minnesota","4/3/20","1","1","27067","100"
"Koochiching","0","1","Minnesota","4/3/20","0","1","27071","1"
"Lac qui Parle","0","1","Minnesota","4/3/20","0","1","27073","1"
"Le Sueur","1","19","Minnesota","4/3/20","10","9","27079","90"
"Lincoln","0","1","Minnesota","4/3/20","1","0","27081","0"
"Lyon","0","3","Minnesota","4/3/20","0","3","27083","1"
"Mahnomen","0","1","Minnesota","4/3/20","1","0","27087","0"
"Martin","2","32","Minnesota","4/3/20","18","14","27091","77.78"
"Meeker","0","1","Minnesota","4/3/20","0","1","27093","1"
"Mower","1","15","Minnesota","4/3/20","10","5","27099","50"
"Nicollet","0","3","Minnesota","4/3/20","3","0","27103","0"
"Olmsted","6","76","Minnesota","4/3/20","34","42","27109","123.53"
"Otter Tail","0","1","Minnesota","4/3/20","0","1","27111","1"
"Ramsey","5","71","Minnesota","4/3/20","34","37","27123","108.82"
"Renville","0","2","Minnesota","4/3/20","1","1","27129","100"
"Rice","0","3","Minnesota","4/3/20","2","1","27131","50"
"Scott","1","11","Minnesota","4/3/20","7","4","27139","57.14"
"Sherburne","1","8","Minnesota","4/3/20","3","5","27141","166.67"
"Sibley","0","1","Minnesota","4/3/20","1","0","27143","0"
"St. Louis","1","13","Minnesota","4/3/20","5","8","27137","160"
"Stearns","0","5","Minnesota","4/3/20","5","0","27145","0"
"Steele","0","6","Minnesota","4/3/20","5","1","27147","20"
"Traverse","0","2","Minnesota","4/3/20","0","2","27155","1"
"Wabasha","0","6","Minnesota","4/3/20","4","2","27157","50"
"Waseca","0","3","Minnesota","4/3/20","3","0","27161","0"
"Washington","4","51","Minnesota","4/3/20","22","29","27163","131.82"
"Watonwan","0","3","Minnesota","4/3/20","0","3","27165","1"
"Wilkin","0","2","Minnesota","4/3/20","1","1","27167","100"
"Winona","1","11","Minnesota","4/3/20","4","7","27169","175"
"Wright","0","7","Minnesota","4/3/20","5","2","27171","40"
"Yellow Medicine","0","1","Minnesota","4/3/20","0","1","27173","1"
"Adams","1","14","Mississippi","4/3/20","6","8","28001","133.33"
"Alcorn","1","6","Mississippi","4/3/20","0","6","28003","1"
"Amite","1","5","Mississippi","4/3/20","0","5","28005","1"
"Attala","1","14","Mississippi","4/3/20","8","6","28007","75"
"Benton","0","5","Mississippi","4/3/20","2","3","28009","150"
"Bolivar","3","32","Mississippi","4/3/20","9","23","28011","255.56"
"Calhoun","0","4","Mississippi","4/3/20","3","1","28013","33.33"
"Carroll","1","5","Mississippi","4/3/20","0","5","28015","1"
"Chickasaw","1","15","Mississippi","4/3/20","9","6","28017","66.67"
"Choctaw","0","7","Mississippi","4/3/20","4","3","28019","75"
"Claiborne","0","1","Mississippi","4/3/20","0","1","28021","1"
"Clarke","1","4","Mississippi","4/3/20","0","4","28023","1"
"Clay","1","7","Mississippi","4/3/20","2","5","28025","250"
"Coahoma","1","26","Mississippi","4/3/20","18","8","28027","44.44"
"Copiah","0","11","Mississippi","4/3/20","8","3","28029","37.5"
"Covington","1","4","Mississippi","4/3/20","0","4","28031","1"
"DeSoto","7","111","Mississippi","4/3/20","63","48","28033","76.19"
"Forrest","2","30","Mississippi","4/3/20","16","14","28035","87.5"
"Franklin","0","3","Mississippi","4/3/20","2","1","28037","50"
"George","0","4","Mississippi","4/3/20","1","3","28039","300"
"Grenada","0","4","Mississippi","4/3/20","2","2","28043","100"
"Hancock","3","28","Mississippi","4/3/20","9","19","28045","211.11"
"Harrison","5","69","Mississippi","4/3/20","34","35","28047","102.94"
"Hinds","13","139","Mississippi","4/3/20","50","89","28049","178"
"Holmes","1","16","Mississippi","4/3/20","10","6","28051","60"
"Humphreys","0","4","Mississippi","4/3/20","1","3","28053","300"
"Itawamba","0","3","Mississippi","4/3/20","3","0","28057","0"
"Jackson","7","75","Mississippi","4/3/20","24","51","28059","212.5"
"Jasper","0","3","Mississippi","4/3/20","0","3","28061","1"
"Jefferson","0","1","Mississippi","4/3/20","1","0","28063","0"
"Jones","1","8","Mississippi","4/3/20","1","7","28067","700"
"Kemper","0","4","Mississippi","4/3/20","1","3","28069","300"
"Lafayette","1","21","Mississippi","4/3/20","11","10","28071","90.91"
"Lamar","1","9","Mississippi","4/3/20","4","5","28073","125"
"Lauderdale","6","50","Mississippi","4/3/20","10","40","28075","400"
"Lawrence","0","5","Mississippi","4/3/20","5","0","28077","0"
"Leake","0","7","Mississippi","4/3/20","4","3","28079","75"
"Lee","2","26","Mississippi","4/3/20","15","11","28081","73.33"
"Leflore","1","21","Mississippi","4/3/20","13","8","28083","61.54"
"Lincoln","1","14","Mississippi","4/3/20","6","8","28085","133.33"
"Lowndes","0","12","Mississippi","4/3/20","9","3","28087","33.33"
"Madison","6","65","Mississippi","4/3/20","25","40","28089","160"
"Marion","1","5","Mississippi","4/3/20","1","4","28091","400"
"Marshall","1","19","Mississippi","4/3/20","9","10","28093","111.11"
"Monroe","1","12","Mississippi","4/3/20","3","9","28095","300"
"Montgomery","1","10","Mississippi","4/3/20","4","6","28097","150"
"Neshoba","1","5","Mississippi","4/3/20","1","4","28099","400"
"Newton","0","4","Mississippi","4/3/20","1","3","28101","300"
"Noxubee","1","5","Mississippi","4/3/20","1","4","28103","400"
"Oktibbeha","2","23","Mississippi","4/3/20","12","11","28105","91.67"
"Panola","1","8","Mississippi","4/3/20","4","4","28107","100"
"Pearl River","3","41","Mississippi","4/3/20","18","23","28109","127.78"
"Perry","1","11","Mississippi","4/3/20","2","9","28111","450"
"Pike","1","21","Mississippi","4/3/20","12","9","28113","75"
"Pontotoc","1","11","Mississippi","4/3/20","4","7","28115","175"
"Prentiss","1","9","Mississippi","4/3/20","1","8","28117","800"
"Quitman","0","4","Mississippi","4/3/20","3","1","28119","33.33"
"Rankin","5","64","Mississippi","4/3/20","29","35","28121","120.69"
"Scott","2","17","Mississippi","4/3/20","6","11","28123","183.33"
"Sharkey","0","2","Mississippi","4/3/20","1","1","28125","100"
"Simpson","1","5","Mississippi","4/3/20","1","4","28127","400"
"Smith","1","6","Mississippi","4/3/20","1","5","28129","500"
"Sunflower","1","13","Mississippi","4/3/20","5","8","28133","160"
"Tallahatchie","0","2","Mississippi","4/3/20","2","0","28135","0"
"Tate","1","13","Mississippi","4/3/20","8","5","28137","62.5"
"Tippah","2","30","Mississippi","4/3/20","15","15","28139","100"
"Tishomingo","0","1","Mississippi","4/3/20","0","1","28141","1"
"Tunica","1","14","Mississippi","4/3/20","6","8","28143","133.33"
"Union","0","5","Mississippi","4/3/20","3","2","28145","66.67"
"Walthall","1","11","Mississippi","4/3/20","4","7","28147","175"
"Warren","0","2","Mississippi","4/3/20","0","2","28149","1"
"Washington","3","31","Mississippi","4/3/20","11","20","28151","181.82"
"Wayne","0","1","Mississippi","4/3/20","0","1","28153","1"
"Webster","1","8","Mississippi","4/3/20","3","5","28155","166.67"
"Wilkinson","2","22","Mississippi","4/3/20","9","13","28157","144.44"
"Winston","1","11","Mississippi","4/3/20","3","8","28159","266.67"
"Yalobusha","1","7","Mississippi","4/3/20","3","4","28161","133.33"
"Yazoo","1","13","Mississippi","4/3/20","4","9","28163","225"
"Adair","1","6","Missouri","4/3/20","1","5","29001","500"
"Atchison","0","1","Missouri","4/3/20","1","0","29005","0"
"Barry","0","1","Missouri","4/3/20","0","1","29009","1"
"Bates","0","2","Missouri","4/3/20","1","1","29013","100"
"Benton","0","3","Missouri","4/3/20","1","2","29015","200"
"Bollinger","0","1","Missouri","4/3/20","1","0","29017","0"
"Boone","5","69","Missouri","4/3/20","37","32","29019","86.49"
"Buchanan","1","8","Missouri","4/3/20","2","6","29021","300"
"Butler","0","1","Missouri","4/3/20","0","1","29023","1"
"Caldwell","0","1","Missouri","4/3/20","0","1","29025","1"
"Callaway","2","18","Missouri","4/3/20","3","15","29027","500"
"Camden","3","19","Missouri","4/3/20","1","18","29029","1800"
"Cape Girardeau","1","15","Missouri","4/3/20","5","10","29031","200"
"Carter","0","4","Missouri","4/3/20","1","3","29035","300"
"Cass","2","21","Missouri","4/3/20","8","13","29037","162.5"
"Cedar","1","5","Missouri","4/3/20","0","5","29039","1"
"Chariton","0","4","Missouri","4/3/20","1","3","29041","300"
"Christian","1","12","Missouri","4/3/20","3","9","29043","300"
"Clay","2","23","Missouri","4/3/20","9","14","29047","155.56"
"Clinton","1","6","Missouri","4/3/20","1","5","29049","500"
"Cole","2","25","Missouri","4/3/20","10","15","29051","150"
"Cooper","0","2","Missouri","4/3/20","1","1","29053","100"
"Crawford","0","1","Missouri","4/3/20","0","1","29055","1"
"DeKalb","0","1","Missouri","4/3/20","0","1","29063","1"
"Dunklin","0","6","Missouri","4/3/20","3","3","29069","100"
"Franklin","2","19","Missouri","4/3/20","4","15","29071","375"
"Gasconade","0","1","Missouri","4/3/20","0","1","29073","1"
"Greene","3","54","Missouri","4/3/20","31","23","29077","74.19"
"Harrison","0","2","Missouri","4/3/20","0","2","29081","1"
"Henry","0","1","Missouri","4/3/20","1","0","29083","0"
"Howell","0","1","Missouri","4/3/20","0","1","29091","1"
"Jackson","9","103","Missouri","4/3/20","41","62","29095","151.22"
"Jasper","1","9","Missouri","4/3/20","2","7","29097","350"
"Jefferson","5","47","Missouri","4/3/20","15","32","29099","213.33"
"Johnson","3","26","Missouri","4/3/20","8","18","29101","225"
"Kansas City","9","139","Missouri","4/3/20","78","61","00000","78.21"
"Lafayette","2","20","Missouri","4/3/20","4","16","29107","400"
"Lincoln","1","12","Missouri","4/3/20","2","10","29113","500"
"Livingston","0","1","Missouri","4/3/20","0","1","29117","1"
"Macon","0","3","Missouri","4/3/20","0","3","29121","1"
"Maries","0","2","Missouri","4/3/20","0","2","29125","1"
"McDonald","0","2","Missouri","4/3/20","1","1","29119","100"
"Moniteau","0","2","Missouri","4/3/20","2","0","29135","0"
"Montgomery","0","2","Missouri","4/3/20","3","-1","29139","-33.33"
"Morgan","0","1","Missouri","4/3/20","0","1","29141","1"
"New Madrid","0","1","Missouri","4/3/20","0","1","29143","1"
"Newton","0","6","Missouri","4/3/20","3","3","29145","100"
"Nodaway","0","1","Missouri","4/3/20","0","1","29147","1"
"Osage","0","2","Missouri","4/3/20","0","2","29151","1"
"Pemiscot","0","3","Missouri","4/3/20","1","2","29155","200"
"Perry","2","19","Missouri","4/3/20","6","13","29157","216.67"
"Pettis","0","1","Missouri","4/3/20","1","0","29159","0"
"Pike","0","2","Missouri","4/3/20","0","2","29163","1"
"Platte","1","13","Missouri","4/3/20","5","8","29165","160"
"Pulaski","1","8","Missouri","4/3/20","4","4","29169","100"
"Ralls","0","1","Missouri","4/3/20","1","0","29173","0"
"Randolph","0","2","Missouri","4/3/20","1","1","29175","100"
"Ray","0","1","Missouri","4/3/20","1","0","29177","0"
"Reynolds","0","2","Missouri","4/3/20","0","2","29179","1"
"Ripley","0","2","Missouri","4/3/20","0","2","29181","1"
"Scott","1","6","Missouri","4/3/20","1","5","29201","500"
"Shelby","0","1","Missouri","4/3/20","1","0","29205","0"
"St. Charles","10","105","Missouri","4/3/20","32","73","29183","228.12"
"St. Francois","1","9","Missouri","4/3/20","4","5","29187","125"
"St. Louis","87","914","Missouri","4/3/20","302","612","29189","202.65"
"St. Louis City","29","297","Missouri","4/3/20","95","202","29510","212.63"
"Ste. Genevieve","0","3","Missouri","4/3/20","0","3","29186","1"
"Stoddard","0","3","Missouri","4/3/20","1","2","29207","200"
"Stone","0","2","Missouri","4/3/20","0","2","29209","1"
"Taney","0","2","Missouri","4/3/20","1","1","29213","100"
"Texas","0","1","Missouri","4/3/20","1","0","29215","0"
"Warren","1","7","Missouri","4/3/20","0","7","29219","1"
"Webster","0","2","Missouri","4/3/20","0","2","29225","1"
"Wright","1","6","Missouri","4/3/20","1","5","29229","500"
"Broadwater","0","3","Montana","4/3/20","2","1","30007","50"
"Carbon","0","1","Montana","4/3/20","0","1","30009","1"
"Cascade","1","11","Montana","4/3/20","6","5","30013","83.33"
"Deer Lodge","0","3","Montana","4/3/20","0","3","30023","1"
"Flathead","2","18","Montana","4/3/20","6","12","30029","200"
"Gallatin","8","93","Montana","4/3/20","39","54","30031","138.46"
"Glacier","0","1","Montana","4/3/20","0","1","30035","1"
"Hill","0","1","Montana","4/3/20","1","0","30041","0"
"Jefferson","0","2","Montana","4/3/20","1","1","30043","100"
"Lake","0","4","Montana","4/3/20","1","3","30047","300"
"Lewis and Clark","1","13","Montana","4/3/20","8","5","30049","62.5"
"Liberty","0","1","Montana","4/3/20","0","1","30051","1"
"Lincoln","1","6","Montana","4/3/20","1","5","30053","500"
"Madison","1","6","Montana","4/3/20","2","4","30057","200"
"Meagher","0","1","Montana","4/3/20","1","0","30059","0"
"Missoula","1","17","Montana","4/3/20","8","9","30063","112.5"
"Musselshell","0","1","Montana","4/3/20","0","1","30065","1"
"Park","1","6","Montana","4/3/20","1","5","30067","500"
"Ravalli","0","1","Montana","4/3/20","1","0","30081","0"
"Roosevelt","0","1","Montana","4/3/20","1","0","30085","0"
"Silver Bow","0","11","Montana","4/3/20","8","3","30093","37.5"
"Toole","1","6","Montana","4/3/20","2","4","30101","200"
"Yellowstone","2","36","Montana","4/3/20","20","16","30111","80"
"Adams","1","6","Nebraska","4/3/20","1","5","31001","500"
"Antelope","0","1","Nebraska","4/3/20","0","1","31003","1"
"Buffalo","1","9","Nebraska","4/3/20","4","5","31019","125"
"Cass","0","2","Nebraska","4/3/20","2","0","31025","0"
"Colfax","0","1","Nebraska","4/3/20","0","1","31037","1"
"Cuming","0","1","Nebraska","4/3/20","0","1","31039","1"
"Dawson","0","1","Nebraska","4/3/20","0","1","31047","1"
"Dodge","1","5","Nebraska","4/3/20","0","5","31053","1"
"Douglas","11","124","Nebraska","4/3/20","44","80","31055","181.82"
"Gage","0","2","Nebraska","4/3/20","1","1","31067","100"
"Gosper","0","1","Nebraska","4/3/20","0","1","31073","1"
"Hall","4","26","Nebraska","4/3/20","0","26","31079","1"
"Hamilton","0","3","Nebraska","4/3/20","0","3","31081","1"
"Kearney","0","1","Nebraska","4/3/20","1","0","31099","0"
"Kimball","1","5","Nebraska","4/3/20","0","5","31105","1"
"Knox","0","2","Nebraska","4/3/20","2","0","31107","0"
"Lancaster","2","14","Nebraska","4/3/20","3","11","31109","366.67"
"Lincoln","2","14","Nebraska","4/3/20","3","11","31111","366.67"
"Madison","1","5","Nebraska","4/3/20","1","4","31119","400"
"Nemaha","0","1","Nebraska","4/3/20","1","0","31127","0"
"Otoe","0","1","Nebraska","4/3/20","0","1","31131","1"
"Platte","0","3","Nebraska","4/3/20","0","3","31141","1"
"Sarpy","2","24","Nebraska","4/3/20","10","14","31153","140"
"Saunders","0","3","Nebraska","4/3/20","2","1","31155","50"
"Scotts Bluff","0","3","Nebraska","4/3/20","0","3","31157","1"
"Washington","2","19","Nebraska","4/3/20","5","14","31177","280"
"York","0","1","Nebraska","4/3/20","0","1","31185","1"
"Carson City","0","5","Nevada","4/3/20","2","3","32510","150"
"Clark","119","1279","Nevada","4/3/20","443","836","32003","188.71"
"Douglas","1","7","Nevada","4/3/20","3","4","32005","133.33"
"Elko","1","7","Nevada","4/3/20","2","5","32007","250"
"Humboldt","1","7","Nevada","4/3/20","1","6","32013","600"
"Lyon","0","2","Nevada","4/3/20","1","1","32019","100"
"Nye","1","6","Nevada","4/3/20","1","5","32023","500"
"Washoe","17","184","Nevada","4/3/20","67","117","32031","174.63"
"White Pine","0","1","Nevada","4/3/20","0","1","32033","1"
"Belknap","1","13","New Hampshire","4/3/20","8","5","33001","62.5"
"Carroll","1","14","New Hampshire","4/3/20","7","7","33003","100"
"Cheshire","1","8","New Hampshire","4/3/20","2","6","33005","300"
"Grafton","2","38","New Hampshire","4/3/20","23","15","33009","65.22"
"Hillsborough","19","163","New Hampshire","4/3/20","31","132","33011","425.81"
"Merrimack","4","33","New Hampshire","4/3/20","7","26","33013","371.43"
"Rockingham","15","170","New Hampshire","4/3/20","67","103","33015","153.73"
"Strafford","4","35","New Hampshire","4/3/20","7","28","33017","400"
"Sullivan","0","5","New Hampshire","4/3/20","2","3","33019","150"
"Atlantic","8","72","New Jersey","4/3/20","14","58","34001","414.29"
"Bergen","480","4866","New Jersey","4/3/20","1505","3361","34003","223.32"
"Burlington","40","367","New Jersey","4/3/20","88","279","34005","317.05"
"Camden","44","406","New Jersey","4/3/20","95","311","34007","327.37"
"Cape May","5","44","New Jersey","4/3/20","7","37","34009","528.57"
"Cumberland","4","36","New Jersey","4/3/20","9","27","34011","300"
"Essex","320","3067","New Jersey","4/3/20","826","2241","34013","271.31"
"Gloucester","20","183","New Jersey","4/3/20","40","143","34015","357.5"
"Hudson","320","2835","New Jersey","4/3/20","594","2241","34017","377.27"
"Hunterdon","14","148","New Jersey","4/3/20","52","96","34019","184.62"
"Mercer","50","484","New Jersey","4/3/20","131","353","34021","269.47"
"Middlesex","212","2125","New Jersey","4/3/20","640","1485","34023","232.03"
"Monmouth","158","1743","New Jersey","4/3/20","634","1109","34025","174.92"
"Morris","130","1298","New Jersey","4/3/20","391","907","34027","231.97"
"Ocean","172","1685","New Jersey","4/3/20","484","1201","34029","248.14"
"Passaic","247","2216","New Jersey","4/3/20","484","1732","34031","357.85"
"Salem","3","25","New Jersey","4/3/20","3","22","34033","733.33"
"Somerset","60","641","New Jersey","4/3/20","222","419","34035","188.74"
"Sussex","21","210","New Jersey","4/3/20","65","145","34037","223.08"
"Union","281","2487","New Jersey","4/3/20","519","1968","34039","379.19"
"Warren","16","149","New Jersey","4/3/20","38","111","34041","292.11"
"Bernalillo","21","202","New Mexico","4/3/20","55","147","35001","267.27"
"Chaves","1","13","New Mexico","4/3/20","4","9","35005","225"
"Cibola","1","8","New Mexico","4/3/20","1","7","35006","700"
"Curry","1","6","New Mexico","4/3/20","1","5","35009","500"
"Dona Ana","1","23","New Mexico","4/3/20","16","7","35013","43.75"
"Eddy","0","4","New Mexico","4/3/20","1","3","35015","300"
"Grant","0","1","New Mexico","4/3/20","0","1","35017","1"
"Lea","0","2","New Mexico","4/3/20","1","1","35025","100"
"McKinley","4","31","New Mexico","4/3/20","3","28","35031","933.33"
"Otero","0","1","New Mexico","4/3/20","0","1","35035","1"
"Rio Arriba","0","5","New Mexico","4/3/20","2","3","35039","150"
"Roosevelt","0","1","New Mexico","4/3/20","0","1","35041","1"
"San Juan","5","50","New Mexico","4/3/20","14","36","35045","257.14"
"San Miguel","0","1","New Mexico","4/3/20","1","0","35047","0"
"Sandoval","8","66","New Mexico","4/3/20","10","56","35043","560"
"Santa Fe","4","48","New Mexico","4/3/20","22","26","35049","118.18"
"Socorro","0","4","New Mexico","4/3/20","2","2","35053","100"
"Taos","1","13","New Mexico","4/3/20","3","10","35055","333.33"
"Torrance","0","3","New Mexico","4/3/20","0","3","35057","1"
"Valencia","1","5","New Mexico","4/3/20","0","5","35061","1"
"Albany","11","267","New York","4/3/20","187","80","36001","42.78"
"Allegany","2","14","New York","4/3/20","2","12","36003","600"
"Broome","5","56","New York","4/3/20","18","38","36007","211.11"
"Cattaraugus","1","9","New York","4/3/20","0","9","36009","1"
"Cayuga","1","6","New York","4/3/20","2","4","36011","200"
"Chautauqua","1","9","New York","4/3/20","2","7","36013","350"
"Chemung","3","35","New York","4/3/20","11","24","36015","218.18"
"Chenango","4","32","New York","4/3/20","4","28","36017","700"
"Clinton","3","30","New York","4/3/20","11","19","36019","172.73"
"Columbia","3","51","New York","4/3/20","27","24","36021","88.89"
"Cortland","1","14","New York","4/3/20","4","10","36023","250"
"Delaware","2","24","New York","4/3/20","8","16","36025","200"
"Dutchess","83","809","New York","4/3/20","225","584","36027","259.56"
"Erie","70","734","New York","4/3/20","245","489","36029","199.59"
"Essex","0","7","New York","4/3/20","5","2","36031","40"
"Franklin","1","10","New York","4/3/20","2","8","36033","400"
"Fulton","1","6","New York","4/3/20","1","5","36035","500"
"Genesee","2","17","New York","4/3/20","6","11","36037","183.33"
"Greene","2","23","New York","4/3/20","6","17","36039","283.33"
"Hamilton","0","2","New York","4/3/20","2","0","36041","0"
"Herkimer","1","14","New York","4/3/20","9","5","36043","55.56"
"Jefferson","2","18","New York","4/3/20","4","14","36045","350"
"Lewis","0","2","New York","4/3/20","0","2","36049","1"
"Livingston","2","18","New York","4/3/20","3","15","36051","500"
"Madison","9","77","New York","4/3/20","17","60","36053","352.94"
"Monroe","43","464","New York","4/3/20","166","298","36055","179.52"
"Montgomery","1","10","New York","4/3/20","5","5","36057","100"
"Nassau","1052","12024","New York","4/3/20","4657","7367","36059","158.19"
"New York","4512","57159","New York","4/3/20","25573","31586","36061","123.51"
"Niagara","10","94","New York","4/3/20","23","71","36063","308.7"
"Oneida","8","71","New York","4/3/20","13","58","36065","446.15"
"Onondaga","28","322","New York","4/3/20","123","199","36067","161.79"
"Ontario","2","28","New York","4/3/20","14","14","36069","100"
"Orange","212","2397","New York","4/3/20","910","1487","36071","163.41"
"Orleans","0","6","New York","4/3/20","3","3","36073","100"
"Oswego","3","28","New York","4/3/20","4","24","36075","600"
"Otsego","2","21","New York","4/3/20","5","16","36077","320"
"Putnam","20","252","New York","4/3/20","111","141","36079","127.03"
"Rensselaer","3","67","New York","4/3/20","44","23","36083","52.27"
"Rockland","405","4289","New York","4/3/20","1457","2832","36087","194.37"
"Saratoga","8","141","New York","4/3/20","82","59","36091","71.95"
"Schenectady","6","110","New York","4/3/20","66","44","36093","66.67"
"Schoharie","1","11","New York","4/3/20","3","8","36095","266.67"
"Schuyler","0","3","New York","4/3/20","0","3","36097","1"
"Seneca","1","6","New York","4/3/20","0","6","36099","1"
"St. Lawrence","6","43","New York","4/3/20","4","39","36089","975"
"Steuben","5","46","New York","4/3/20","12","34","36101","283.33"
"Suffolk","967","10154","New York","4/3/20","3385","6769","36103","199.97"
"Sullivan","15","168","New York","4/3/20","64","104","36105","162.5"
"Tioga","1","8","New York","4/3/20","2","6","36107","300"
"Tompkins","8","87","New York","4/3/20","32","55","36109","171.88"
"Ulster","24","263","New York","4/3/20","98","165","36111","168.37"
"Warren","2","19","New York","4/3/20","8","11","36113","137.5"
"Washington","1","15","New York","4/3/20","6","9","36115","150"
"Wayne","3","30","New York","4/3/20","11","19","36117","172.73"
"Westchester","738","12351","New York","4/3/20","7187","5164","36119","71.85"
"Wyoming","1","15","New York","4/3/20","7","8","36121","114.29"
"Yates","0","1","New York","4/3/20","0","1","36123","1"
"Alamance","1","14","North Carolina","4/3/20","5","9","37001","180"
"Alexander","0","2","North Carolina","4/3/20","0","2","37003","1"
"Alleghany","0","2","North Carolina","4/3/20","0","2","37005","1"
"Anson","0","3","North Carolina","4/3/20","0","3","37007","1"
"Ashe","0","1","North Carolina","4/3/20","0","1","37009","1"
"Beaufort","1","8","North Carolina","4/3/20","3","5","37013","166.67"
"Bertie","0","6","North Carolina","4/3/20","3","3","37015","100"
"Bladen","0","1","North Carolina","4/3/20","0","1","37017","1"
"Brunswick","2","23","North Carolina","4/3/20","11","12","37019","109.09"
"Buncombe","2","31","North Carolina","4/3/20","15","16","37021","106.67"
"Burke","1","10","North Carolina","4/3/20","3","7","37023","233.33"
"Cabarrus","5","58","North Carolina","4/3/20","22","36","37025","163.64"
"Caldwell","0","3","North Carolina","4/3/20","3","0","37027","0"
"Carteret","2","16","North Carolina","4/3/20","5","11","37031","220"
"Caswell","0","1","North Carolina","4/3/20","0","1","37033","1"
"Catawba","1","20","North Carolina","4/3/20","10","10","37035","100"
"Chatham","1","19","North Carolina","4/3/20","11","8","37037","72.73"
"Cherokee","1","11","North Carolina","4/3/20","4","7","37039","175"
"Chowan","0","1","North Carolina","4/3/20","0","1","37041","1"
"Clay","0","3","North Carolina","4/3/20","0","3","37043","1"
"Cleveland","1","10","North Carolina","4/3/20","2","8","37045","400"
"Columbus","1","5","North Carolina","4/3/20","0","5","37047","1"
"Craven","1","13","North Carolina","4/3/20","4","9","37049","225"
"Cumberland","4","35","North Carolina","4/3/20","8","27","37051","337.5"
"Currituck","0","2","North Carolina","4/3/20","0","2","37053","1"
"Dare","0","3","North Carolina","4/3/20","2","1","37055","50"
"Davidson","6","51","North Carolina","4/3/20","12","39","37057","325"
"Davie","1","12","North Carolina","4/3/20","2","10","37059","500"
"Duplin","0","4","North Carolina","4/3/20","1","3","37061","300"
"Durham","9","159","North Carolina","4/3/20","93","66","37063","70.97"
"Edgecombe","1","4","North Carolina","4/3/20","0","4","37065","1"
"Forsyth","8","80","North Carolina","4/3/20","24","56","37067","233.33"
"Franklin","1","13","North Carolina","4/3/20","5","8","37069","160"
"Gaston","3","39","North Carolina","4/3/20","17","22","37071","129.41"
"Gates","0","1","North Carolina","4/3/20","0","1","37073","1"
"Granville","3","22","North Carolina","4/3/20","3","19","37077","633.33"
"Greene","1","5","North Carolina","4/3/20","0","5","37079","1"
"Guilford","8","88","North Carolina","4/3/20","31","57","37081","183.87"
"Halifax","1","7","North Carolina","4/3/20","1","6","37083","600"
"Harnett","1","19","North Carolina","4/3/20","11","8","37085","72.73"
"Haywood","0","2","North Carolina","4/3/20","0","2","37087","1"
"Henderson","2","22","North Carolina","4/3/20","7","15","37089","214.29"
"Hertford","0","4","North Carolina","4/3/20","3","1","37091","33.33"
"Hoke","1","9","North Carolina","4/3/20","2","7","37093","350"
"Hyde","0","0","North Carolina","4/3/20","1","-1","37095","-100"
"Iredell","3","36","North Carolina","4/3/20","15","21","37097","140"
"Jackson","0","2","North Carolina","4/3/20","1","1","37099","100"
"Johnston","2","25","North Carolina","4/3/20","9","16","37101","177.78"
"Lee","0","3","North Carolina","4/3/20","2","1","37105","50"
"Lenoir","1","7","North Carolina","4/3/20","3","4","37107","133.33"
"Lincoln","1","9","North Carolina","4/3/20","1","8","37109","800"
"Macon","0","1","North Carolina","4/3/20","0","1","37113","1"
"Martin","0","3","North Carolina","4/3/20","0","3","37117","1"
"McDowell","1","8","North Carolina","4/3/20","2","6","37111","300"
"Mecklenburg","49","601","North Carolina","4/3/20","259","342","37119","132.05"
"Mitchell","0","1","North Carolina","4/3/20","1","0","37121","0"
"Montgomery","1","8","North Carolina","4/3/20","3","5","37123","166.67"
"Moore","1","11","North Carolina","4/3/20","3","8","37125","266.67"
"Nash","2","16","North Carolina","4/3/20","4","12","37127","300"
"New Hanover","4","42","North Carolina","4/3/20","15","27","37129","180"
"Northampton","5","36","North Carolina","4/3/20","3","33","37131","1100"
"Onslow","1","10","North Carolina","4/3/20","4","6","37133","150"
"Orange","3","44","North Carolina","4/3/20","24","20","37135","83.33"
"Pamlico","0","3","North Carolina","4/3/20","0","3","37137","1"
"Pasquotank","1","7","North Carolina","4/3/20","1","6","37139","600"
"Pender","0","1","North Carolina","4/3/20","0","1","37141","1"
"Perquimans","0","1","North Carolina","4/3/20","0","1","37143","1"
"Person","0","2","North Carolina","4/3/20","1","1","37145","100"
"Pitt","4","33","North Carolina","4/3/20","8","25","37147","312.5"
"Polk","1","6","North Carolina","4/3/20","1","5","37149","500"
"Randolph","2","19","North Carolina","4/3/20","8","11","37151","137.5"
"Robeson","0","3","North Carolina","4/3/20","2","1","37155","50"
"Rockingham","0","3","North Carolina","4/3/20","0","3","37157","1"
"Rowan","4","37","North Carolina","4/3/20","12","25","37159","208.33"
"Rutherford","2","12","North Carolina","4/3/20","0","12","37161","1"
"Sampson","0","2","North Carolina","4/3/20","1","1","37163","100"
"Scotland","0","2","North Carolina","4/3/20","1","1","37165","100"
"Stanly","1","7","North Carolina","4/3/20","0","7","37167","1"
"Stokes","1","5","North Carolina","4/3/20","0","5","37169","1"
"Surry","0","2","North Carolina","4/3/20","1","1","37171","100"
"Swain","0","0","North Carolina","4/3/20","1","-1","37173","-100"
"Transylvania","0","5","North Carolina","4/3/20","3","2","37175","66.67"
"Union","4","60","North Carolina","4/3/20","34","26","37179","76.47"
"Vance","1","7","North Carolina","4/3/20","2","5","37181","250"
"Wake","22","275","North Carolina","4/3/20","123","152","37183","123.58"
"Warren","0","1","North Carolina","4/3/20","0","1","37185","1"
"Washington","0","3","North Carolina","4/3/20","0","3","37187","1"
"Watauga","0","8","North Carolina","4/3/20","5","3","37189","60"
"Wayne","1","11","North Carolina","4/3/20","3","8","37191","266.67"
"Wilkes","1","4","North Carolina","4/3/20","0","4","37193","1"
"Wilson","2","21","North Carolina","4/3/20","7","14","37195","200"
"Yadkin","1","6","North Carolina","4/3/20","0","6","37197","1"
"Barnes","0","2","North Dakota","4/3/20","0","2","38003","1"
"Burke","0","2","North Dakota","4/3/20","0","2","38013","1"
"Burleigh","1","32","North Dakota","4/3/20","25","7","38015","28"
"Cass","5","46","North Dakota","4/3/20","11","35","38017","318.18"
"Divide","0","1","North Dakota","4/3/20","0","1","38023","1"
"Dunn","0","1","North Dakota","4/3/20","1","0","38025","0"
"Eddy","0","1","North Dakota","4/3/20","0","1","38027","1"
"Foster","0","1","North Dakota","4/3/20","1","0","38031","0"
"Grand Forks","1","6","North Dakota","4/3/20","0","6","38035","1"
"Grant","0","1","North Dakota","4/3/20","0","1","38037","1"
"McHenry","0","1","North Dakota","4/3/20","1","0","38049","0"
"McIntosh","0","1","North Dakota","4/3/20","1","0","38051","0"
"McKenzie","0","2","North Dakota","4/3/20","0","2","38053","1"
"McLean","0","2","North Dakota","4/3/20","0","2","38055","1"
"Morton","1","16","North Dakota","4/3/20","11","5","38059","45.45"
"Mountrail","2","11","North Dakota","4/3/20","0","11","38061","1"
"Oliver","0","1","North Dakota","4/3/20","0","1","38065","1"
"Pierce","0","2","North Dakota","4/3/20","2","0","38069","0"
"Ramsey","0","3","North Dakota","4/3/20","3","0","38071","0"
"Sioux","0","1","North Dakota","4/3/20","0","1","38085","1"
"Slope","0","1","North Dakota","4/3/20","0","1","38087","1"
"Stark","2","19","North Dakota","4/3/20","7","12","38089","171.43"
"Walsh","0","1","North Dakota","4/3/20","1","0","38099","0"
"Ward","1","14","North Dakota","4/3/20","4","10","38101","250"
"Williams","1","5","North Dakota","4/3/20","0","5","38105","1"
"","1","8","Northern Mariana Islands","4/3/20","0","8",,"1"
"Allen","2","12","Ohio","4/3/20","0","12","39003","1"
"Ashland","0","4","Ohio","4/3/20","3","1","39005","33.33"
"Ashtabula","1","9","Ohio","4/3/20","5","4","39007","80"
"Athens","0","3","Ohio","4/3/20","1","2","39009","200"
"Auglaize","1","4","Ohio","4/3/20","0","4","39011","1"
"Belmont","1","14","Ohio","4/3/20","6","8","39013","133.33"
"Brown","0","3","Ohio","4/3/20","0","3","39015","1"
"Butler","4","49","Ohio","4/3/20","23","26","39017","113.04"
"Carroll","0","5","Ohio","4/3/20","3","2","39019","66.67"
"Champaign","0","5","Ohio","4/3/20","2","3","39021","150"
"Clark","1","7","Ohio","4/3/20","2","5","39023","250"
"Clermont","2","17","Ohio","4/3/20","6","11","39025","183.33"
"Clinton","1","6","Ohio","4/3/20","2","4","39027","200"
"Columbiana","3","26","Ohio","4/3/20","7","19","39029","271.43"
"Coshocton","1","10","Ohio","4/3/20","4","6","39031","150"
"Crawford","1","7","Ohio","4/3/20","1","6","39033","600"
"Cuyahoga","64","780","Ohio","4/3/20","330","450","39035","136.36"
"Darke","4","28","Ohio","4/3/20","1","27","39037","2700"
"Defiance","0","7","Ohio","4/3/20","5","2","39039","40"
"Delaware","6","61","Ohio","4/3/20","20","41","39041","205"
"Erie","0","6","Ohio","4/3/20","3","3","39043","100"
"Fairfield","3","32","Ohio","4/3/20","8","24","39045","300"
"Fayette","0","1","Ohio","4/3/20","1","0","39047","0"
"Franklin","50","503","Ohio","4/3/20","152","351","39049","230.92"
"Fulton","0","4","Ohio","4/3/20","2","2","39051","100"
"Gallia","0","4","Ohio","4/3/20","1","3","39053","300"
"Geauga","4","41","Ohio","4/3/20","10","31","39055","310"
"Greene","1","9","Ohio","4/3/20","3","6","39057","200"
"Guernsey","0","1","Ohio","4/3/20","0","1","39059","1"
"Hamilton","20","203","Ohio","4/3/20","63","140","39061","222.22"
"Hancock","1","9","Ohio","4/3/20","2","7","39063","350"
"Hardin","0","1","Ohio","4/3/20","0","1","39065","1"
"Highland","0","3","Ohio","4/3/20","1","2","39071","200"
"Holmes","0","2","Ohio","4/3/20","0","2","39075","1"
"Huron","0","5","Ohio","4/3/20","3","2","39077","66.67"
"Jefferson","2","16","Ohio","4/3/20","1","15","39081","1500"
"Knox","0","5","Ohio","4/3/20","2","3","39083","150"
"Lake","5","65","Ohio","4/3/20","27","38","39085","140.74"
"Lawrence","0","3","Ohio","4/3/20","1","2","39087","200"
"Licking","4","35","Ohio","4/3/20","10","25","39089","250"
"Logan","0","3","Ohio","4/3/20","2","1","39091","50"
"Lorain","6","95","Ohio","4/3/20","56","39","39093","69.64"
"Lucas","26","233","Ohio","4/3/20","48","185","39095","385.42"
"Madison","1","13","Ohio","4/3/20","3","10","39097","333.33"
"Mahoning","22","220","Ohio","4/3/20","68","152","39099","223.53"
"Marion","1","11","Ohio","4/3/20","5","6","39101","120"
"Medina","7","79","Ohio","4/3/20","32","47","39103","146.88"
"Mercer","1","6","Ohio","4/3/20","2","4","39107","200"
"Miami","5","66","Ohio","4/3/20","32","34","39109","106.25"
"Montgomery","5","57","Ohio","4/3/20","19","38","39113","200"
"Morrow","0","1","Ohio","4/3/20","0","1","39117","1"
"Muskingum","0","4","Ohio","4/3/20","2","2","39119","100"
"Ottawa","1","6","Ohio","4/3/20","0","6","39123","1"
"Perry","0","2","Ohio","4/3/20","0","2","39127","1"
"Pickaway","2","13","Ohio","4/3/20","2","11","39129","550"
"Pike","0","1","Ohio","4/3/20","0","1","39131","1"
"Portage","7","64","Ohio","4/3/20","13","51","39133","392.31"
"Preble","0","1","Ohio","4/3/20","0","1","39135","1"
"Richland","1","8","Ohio","4/3/20","4","4","39139","100"
"Ross","0","3","Ohio","4/3/20","0","3","39141","1"
"Sandusky","1","5","Ohio","4/3/20","1","4","39143","400"
"Seneca","1","5","Ohio","4/3/20","1","4","39147","400"
"Shelby","1","7","Ohio","4/3/20","1","6","39149","600"
"Stark","7","72","Ohio","4/3/20","22","50","39151","227.27"
"Summit","14","165","Ohio","4/3/20","65","100","39153","153.85"
"Trumbull","8","72","Ohio","4/3/20","17","55","39155","323.53"
"Tuscarawas","2","18","Ohio","4/3/20","3","15","39157","500"
"Union","0","4","Ohio","4/3/20","3","1","39159","33.33"
"Van Wert","0","2","Ohio","4/3/20","0","2","39161","1"
"Warren","3","31","Ohio","4/3/20","11","20","39165","181.82"
"Washington","0","4","Ohio","4/3/20","2","2","39167","100"
"Wayne","1","13","Ohio","4/3/20","3","10","39169","333.33"
"Williams","0","1","Ohio","4/3/20","0","1","39171","1"
"Wood","2","20","Ohio","4/3/20","8","12","39173","150"
"Wyandot","0","2","Ohio","4/3/20","1","1","39175","100"
"Adair","2","14","Oklahoma","4/3/20","3","11","40001","366.67"
"Atoka","0","1","Oklahoma","4/3/20","0","1","40005","1"
"Beckham","0","1","Oklahoma","4/3/20","0","1","40009","1"
"Bryan","0","3","Oklahoma","4/3/20","1","2","40013","200"
"Caddo","0","2","Oklahoma","4/3/20","1","1","40015","100"
"Canadian","3","29","Oklahoma","4/3/20","11","18","40017","163.64"
"Carter","0","1","Oklahoma","4/3/20","1","0","40019","0"
"Cherokee","1","7","Oklahoma","4/3/20","1","6","40021","600"
"Choctaw","0","1","Oklahoma","4/3/20","1","0","40023","0"
"Cleveland","13","130","Oklahoma","4/3/20","39","91","40027","233.33"
"Comanche","4","33","Oklahoma","4/3/20","6","27","40031","450"
"Cotton","1","4","Oklahoma","4/3/20","0","4","40033","1"
"Craig","0","2","Oklahoma","4/3/20","1","1","40035","100"
"Creek","4","39","Oklahoma","4/3/20","14","25","40037","178.57"
"Custer","0","5","Oklahoma","4/3/20","3","2","40039","66.67"
"Delaware","1","11","Oklahoma","4/3/20","2","9","40041","450"
"Garfield","1","5","Oklahoma","4/3/20","0","5","40047","1"
"Garvin","1","8","Oklahoma","4/3/20","2","6","40049","300"
"Grady","0","5","Oklahoma","4/3/20","2","3","40051","150"
"Grant","0","1","Oklahoma","4/3/20","0","1","40053","1"
"Greer","1","5","Oklahoma","4/3/20","0","5","40055","1"
"Jackson","0","4","Oklahoma","4/3/20","1","3","40065","300"
"Kay","1","25","Oklahoma","4/3/20","17","8","40071","47.06"
"Kingfisher","0","3","Oklahoma","4/3/20","0","3","40073","1"
"Kiowa","0","1","Oklahoma","4/3/20","0","1","40075","1"
"Latimer","0","2","Oklahoma","4/3/20","1","1","40077","100"
"Le Flore","0","1","Oklahoma","4/3/20","0","1","40079","1"
"Lincoln","1","7","Oklahoma","4/3/20","3","4","40081","133.33"
"Logan","0","5","Oklahoma","4/3/20","3","2","40083","66.67"
"Love","0","2","Oklahoma","4/3/20","0","2","40085","1"
"Major","0","1","Oklahoma","4/3/20","0","1","40093","1"
"Mayes","0","5","Oklahoma","4/3/20","2","3","40097","150"
"McClain","1","10","Oklahoma","4/3/20","2","8","40087","400"
"McCurtain","0","1","Oklahoma","4/3/20","0","1","40089","1"
"Muskogee","2","16","Oklahoma","4/3/20","5","11","40101","220"
"Noble","0","5","Oklahoma","4/3/20","3","2","40103","66.67"
"Nowata","1","7","Oklahoma","4/3/20","0","7","40105","1"
"Oklahoma","20","237","Oklahoma","4/3/20","94","143","40109","152.13"
"Okmulgee","1","7","Oklahoma","4/3/20","2","5","40111","250"
"Osage","2","21","Oklahoma","4/3/20","5","16","40113","320"
"Ottawa","1","8","Oklahoma","4/3/20","1","7","40115","700"
"Out of OK","0","2","Oklahoma","4/3/20","0","2","80040","1"
"Pawnee","0","16","Oklahoma","4/3/20","14","2","40117","14.29"
"Payne","2","18","Oklahoma","4/3/20","7","11","40119","157.14"
"Pittsburg","0","2","Oklahoma","4/3/20","2","0","40121","0"
"Pontotoc","1","7","Oklahoma","4/3/20","2","5","40123","250"
"Pottawatomie","1","11","Oklahoma","4/3/20","2","9","40125","450"
"Rogers","1","10","Oklahoma","4/3/20","0","10","40131","1"
"Seminole","0","1","Oklahoma","4/3/20","0","1","40133","1"
"Sequoyah","0","4","Oklahoma","4/3/20","1","3","40135","300"
"Stephens","1","8","Oklahoma","4/3/20","1","7","40137","700"
"Texas","0","1","Oklahoma","4/3/20","0","1","40139","1"
"Tulsa","18","175","Oklahoma","4/3/20","49","126","40143","257.14"
"Wagoner","3","30","Oklahoma","4/3/20","8","22","40145","275"
"Washington","3","28","Oklahoma","4/3/20","9","19","40147","211.11"
"Washita","0","1","Oklahoma","4/3/20","0","1","40149","1"
"Woodward","0","1","Oklahoma","4/3/20","0","1","40153","1"
"Benton","2","17","Oregon","4/3/20","6","11","41003","183.33"
"Clackamas","5","66","Oregon","4/3/20","31","35","41005","112.9"
"Clatsop","0","4","Oregon","4/3/20","2","2","41007","100"
"Columbia","0","1","Oregon","4/3/20","1","0","41009","0"
"Crook","0","1","Oregon","4/3/20","0","1","41013","1"
"Deschutes","3","36","Oregon","4/3/20","18","18","41017","100"
"Douglas","1","9","Oregon","4/3/20","4","5","41019","125"
"Grant","0","1","Oregon","4/3/20","1","0","41023","0"
"Hood River","0","3","Oregon","4/3/20","1","2","41027","200"
"Jackson","3","27","Oregon","4/3/20","6","21","41029","350"
"Josephine","1","12","Oregon","4/3/20","4","8","41033","200"
"Klamath","2","13","Oregon","4/3/20","2","11","41035","550"
"Lane","2","21","Oregon","4/3/20","10","11","41039","110"
"Lincoln","0","4","Oregon","4/3/20","1","3","41041","300"
"Linn","1","37","Oregon","4/3/20","28","9","41043","32.14"
"Malheur","0","2","Oregon","4/3/20","0","2","41045","1"
"Marion","14","178","Oregon","4/3/20","83","95","41047","114.46"
"Morrow","0","2","Oregon","4/3/20","1","1","41049","100"
"Multnomah","15","175","Oregon","4/3/20","67","108","41051","161.19"
"Polk","1","20","Oregon","4/3/20","10","10","41053","100"
"Tillamook","0","3","Oregon","4/3/20","1","2","41057","200"
"Umatilla","0","5","Oregon","4/3/20","3","2","41059","66.67"
"Union","0","3","Oregon","4/3/20","1","2","41061","200"
"Wallowa","0","1","Oregon","4/3/20","0","1","41063","1"
"Wasco","1","7","Oregon","4/3/20","2","5","41065","250"
"Washington","15","228","Oregon","4/3/20","122","106","41067","86.89"
"Yamhill","2","23","Oregon","4/3/20","11","12","41071","109.09"
"Adams","2","19","Pennsylvania","4/3/20","8","11","42001","137.5"
"Allegheny","45","476","Pennsylvania","4/3/20","158","318","42003","201.27"
"Armstrong","1","11","Pennsylvania","4/3/20","1","10","42005","1000"
"Beaver","7","65","Pennsylvania","4/3/20","14","51","42007","364.29"
"Bedford","0","3","Pennsylvania","4/3/20","0","3","42009","1"
"Berks","19","201","Pennsylvania","4/3/20","65","136","42011","209.23"
"Blair","0","4","Pennsylvania","4/3/20","1","3","42013","300"
"Bradford","1","9","Pennsylvania","4/3/20","2","7","42015","350"
"Bucks","44","450","Pennsylvania","4/3/20","144","306","42017","212.5"
"Butler","7","75","Pennsylvania","4/3/20","26","49","42019","188.46"
"Cambria","0","4","Pennsylvania","4/3/20","1","3","42021","300"
"Cameron","0","1","Pennsylvania","4/3/20","0","1","42023","1"
"Carbon","5","34","Pennsylvania","4/3/20","2","32","42025","1600"
"Centre","3","32","Pennsylvania","4/3/20","11","21","42027","190.91"
"Chester","17","226","Pennsylvania","4/3/20","107","119","42029","111.21"
"Clarion","1","4","Pennsylvania","4/3/20","0","4","42031","1"
"Clearfield","0","5","Pennsylvania","4/3/20","2","3","42033","150"
"Clinton","0","1","Pennsylvania","4/3/20","0","1","42035","1"
"Columbia","2","15","Pennsylvania","4/3/20","3","12","42037","400"
"Crawford","1","5","Pennsylvania","4/3/20","1","4","42039","400"
"Cumberland","4","45","Pennsylvania","4/3/20","16","29","42041","181.25"
"Dauphin","9","79","Pennsylvania","4/3/20","18","61","42043","338.89"
"Delaware","51","542","Pennsylvania","4/3/20","185","357","42045","192.97"
"Erie","1","17","Pennsylvania","4/3/20","7","10","42049","142.86"
"Fayette","2","20","Pennsylvania","4/3/20","9","11","42051","122.22"
"Forest","0","1","Pennsylvania","4/3/20","0","1","42053","1"
"Franklin","3","26","Pennsylvania","4/3/20","5","21","42055","420"
"Greene","1","11","Pennsylvania","4/3/20","4","7","42059","175"
"Huntingdon","0","3","Pennsylvania","4/3/20","0","3","42061","1"
"Indiana","1","7","Pennsylvania","4/3/20","2","5","42063","250"
"Juniata","1","5","Pennsylvania","4/3/20","1","4","42067","400"
"Lackawanna","12","119","Pennsylvania","4/3/20","35","84","42069","240"
"Lancaster","28","232","Pennsylvania","4/3/20","33","199","42071","603.03"
"Lawrence","2","19","Pennsylvania","4/3/20","4","15","42073","375"
"Lebanon","6","54","Pennsylvania","4/3/20","12","42","42075","350"
"Lehigh","70","584","Pennsylvania","4/3/20","93","491","42077","527.96"
"Luzerne","61","484","Pennsylvania","4/3/20","55","429","42079","780"
"Lycoming","1","8","Pennsylvania","4/3/20","2","6","42081","300"
"McKean","0","1","Pennsylvania","4/3/20","0","1","42083","1"
"Mercer","1","10","Pennsylvania","4/3/20","4","6","42085","150"
"Mifflin","0","2","Pennsylvania","4/3/20","0","2","42087","1"
"Monroe","43","397","Pennsylvania","4/3/20","98","299","42089","305.1"
"Montgomery","72","875","Pennsylvania","4/3/20","374","501","42091","133.96"
"Montour","2","16","Pennsylvania","4/3/20","4","12","42093","300"
"Northampton","55","466","Pennsylvania","4/3/20","79","387","42095","489.87"
"Northumberland","1","8","Pennsylvania","4/3/20","0","8","42097","1"
"Perry","1","4","Pennsylvania","4/3/20","0","4","42099","1"
"Philadelphia","256","2430","Pennsylvania","4/3/20","637","1793","42101","281.48"
"Pike","9","83","Pennsylvania","4/3/20","23","60","42103","260.87"
"Potter","0","2","Pennsylvania","4/3/20","1","1","42105","100"
"Schuylkill","7","63","Pennsylvania","4/3/20","13","50","42107","384.62"
"Snyder","1","4","Pennsylvania","4/3/20","0","4","42109","1"
"Somerset","0","3","Pennsylvania","4/3/20","2","1","42111","50"
"Susquehanna","0","4","Pennsylvania","4/3/20","1","3","42115","300"
"Tioga","0","3","Pennsylvania","4/3/20","0","3","42117","1"
"Union","0","3","Pennsylvania","4/3/20","1","2","42119","200"
"Venango","0","3","Pennsylvania","4/3/20","0","3","42121","1"
"Warren","0","1","Pennsylvania","4/3/20","1","0","42123","0"
"Washington","4","40","Pennsylvania","4/3/20","14","26","42125","185.71"
"Wayne","2","23","Pennsylvania","4/3/20","6","17","42127","283.33"
"Westmoreland","11","110","Pennsylvania","4/3/20","30","80","42129","266.67"
"Wyoming","0","2","Pennsylvania","4/3/20","0","2","42131","1"
"York","13","121","Pennsylvania","4/3/20","30","91","42133","303.33"
"","34","316","Puerto Rico","4/3/20","79","237",,"300"
"Bristol","2","21","Rhode Island","4/3/20","6","15","44001","250"
"Kent","7","59","Rhode Island","4/3/20","9","50","44003","555.56"
"Newport","3","33","Rhode Island","4/3/20","12","21","44005","175"
"Providence","47","418","Rhode Island","4/3/20","91","327","44007","359.34"
"Washington","3","34","Rhode Island","4/3/20","14","20","44009","142.86"
"Abbeville","0","6","South Carolina","4/3/20","4","2","45001","50"
"Aiken","2","22","South Carolina","4/3/20","6","16","45003","266.67"
"Allendale","0","1","South Carolina","4/3/20","0","1","45005","1"
"Anderson","6","62","South Carolina","4/3/20","21","41","45007","195.24"
"Bamberg","1","5","South Carolina","4/3/20","0","5","45009","1"
"Barnwell","0","2","South Carolina","4/3/20","0","2","45011","1"
"Beaufort","14","131","South Carolina","4/3/20","35","96","45013","274.29"
"Berkeley","5","42","South Carolina","4/3/20","10","32","45015","320"
"Calhoun","0","3","South Carolina","4/3/20","1","2","45017","200"
"Charleston","22","247","South Carolina","4/3/20","92","155","45019","168.48"
"Cherokee","0","1","South Carolina","4/3/20","0","1","45021","1"
"Chester","1","7","South Carolina","4/3/20","1","6","45023","600"
"Chesterfield","1","10","South Carolina","4/3/20","4","6","45025","150"
"Clarendon","4","34","South Carolina","4/3/20","6","28","45027","466.67"
"Colleton","1","6","South Carolina","4/3/20","2","4","45029","200"
"Darlington","1","15","South Carolina","4/3/20","8","7","45031","87.5"
"Dillon","0","1","South Carolina","4/3/20","1","0","45033","0"
"Dorchester","4","36","South Carolina","4/3/20","9","27","45035","300"
"Edgefield","1","5","South Carolina","4/3/20","1","4","45037","400"
"Fairfield","1","8","South Carolina","4/3/20","4","4","45039","100"
"Florence","3","29","South Carolina","4/3/20","11","18","45041","163.64"
"Georgetown","2","16","South Carolina","4/3/20","3","13","45043","433.33"
"Greenville","18","174","South Carolina","4/3/20","51","123","45045","241.18"
"Greenwood","1","9","South Carolina","4/3/20","2","7","45047","350"
"Hampton","0","1","South Carolina","4/3/20","0","1","45049","1"
"Horry","4","51","South Carolina","4/3/20","24","27","45051","112.5"
"Jasper","1","8","South Carolina","4/3/20","3","5","45053","166.67"
"Kershaw","9","136","South Carolina","4/3/20","70","66","45055","94.29"
"Lancaster","3","31","South Carolina","4/3/20","8","23","45057","287.5"
"Laurens","1","6","South Carolina","4/3/20","0","6","45059","1"
"Lee","2","13","South Carolina","4/3/20","2","11","45061","550"
"Lexington","8","78","South Carolina","4/3/20","25","53","45063","212"
"Marion","0","2","South Carolina","4/3/20","1","1","45067","100"
"Marlboro","0","3","South Carolina","4/3/20","1","2","45069","200"
"McCormick","0","1","South Carolina","4/3/20","0","1","45065","1"
"Newberry","1","5","South Carolina","4/3/20","1","4","45071","400"
"Oconee","0","5","South Carolina","4/3/20","3","2","45073","66.67"
"Orangeburg","2","25","South Carolina","4/3/20","12","13","45075","108.33"
"Pickens","1","17","South Carolina","4/3/20","7","10","45077","142.86"
"Richland","23","224","South Carolina","4/3/20","65","159","45079","244.62"
"Saluda","0","2","South Carolina","4/3/20","1","1","45081","100"
"Spartanburg","6","60","South Carolina","4/3/20","16","44","45083","275"
"Sumter","9","75","South Carolina","4/3/20","10","65","45085","650"
"Union","1","6","South Carolina","4/3/20","1","5","45087","500"
"Williamsburg","1","6","South Carolina","4/3/20","1","5","45089","500"
"York","8","73","South Carolina","4/3/20","19","54","45091","284.21"
"Aurora","0","1","South Dakota","4/3/20","1","0","46003","0"
"Beadle","1","21","South Dakota","4/3/20","16","5","46005","31.25"
"Bon Homme","0","1","South Dakota","4/3/20","1","0","46009","0"
"Brookings","0","2","South Dakota","4/3/20","1","1","46011","100"
"Brown","1","7","South Dakota","4/3/20","2","5","46013","250"
"Charles Mix","0","1","South Dakota","4/3/20","1","0","46023","0"
"Clark","0","1","South Dakota","4/3/20","0","1","46025","1"
"Clay","0","3","South Dakota","4/3/20","0","3","46027","1"
"Codington","1","8","South Dakota","4/3/20","1","7","46029","700"
"Davison","0","3","South Dakota","4/3/20","2","1","46035","50"
"Deuel","0","1","South Dakota","4/3/20","0","1","46039","1"
"Fall River","0","1","South Dakota","4/3/20","0","1","46047","1"
"Faulk","0","1","South Dakota","4/3/20","1","0","46049","0"
"Hamlin","0","1","South Dakota","4/3/20","0","1","46057","1"
"Hughes","0","3","South Dakota","4/3/20","1","2","46065","200"
"Hutchinson","0","2","South Dakota","4/3/20","0","2","46067","1"
"Lake","0","1","South Dakota","4/3/20","0","1","46079","1"
"Lawrence","1","9","South Dakota","4/3/20","2","7","46081","350"
"Lincoln","2","19","South Dakota","4/3/20","2","17","46083","850"
"Lyman","0","1","South Dakota","4/3/20","1","0","46085","0"
"Marshall","0","1","South Dakota","4/3/20","0","1","46091","1"
"McCook","0","2","South Dakota","4/3/20","2","0","46087","0"
"Meade","0","1","South Dakota","4/3/20","1","0","46093","0"
"Minnehaha","7","68","South Dakota","4/3/20","18","50","46099","277.78"
"Pennington","0","6","South Dakota","4/3/20","3","3","46103","100"
"Roberts","0","3","South Dakota","4/3/20","0","3","46109","1"
"Spink","0","1","South Dakota","4/3/20","0","1","46115","1"
"Todd","0","1","South Dakota","4/3/20","1","0","46121","0"
"Turner","0","3","South Dakota","4/3/20","0","3","46125","1"
"Union","0","3","South Dakota","4/3/20","1","2","46127","200"
"Yankton","2","11","South Dakota","4/3/20","0","11","46135","1"
"Anderson","1","10","Tennessee","4/3/20","4","6","47001","150"
"Bedford","1","6","Tennessee","4/3/20","1","5","47003","500"
"Benton","0","4","Tennessee","4/3/20","2","2","47005","100"
"Bledsoe","0","2","Tennessee","4/3/20","0","2","47007","1"
"Blount","4","33","Tennessee","4/3/20","6","27","47009","450"
"Bradley","2","21","Tennessee","4/3/20","6","15","47011","250"
"Campbell","0","4","Tennessee","4/3/20","4","0","47013","0"
"Cannon","0","4","Tennessee","4/3/20","2","2","47015","100"
"Carroll","0","6","Tennessee","4/3/20","4","2","47017","50"
"Carter","0","3","Tennessee","4/3/20","0","3","47019","1"
"Cheatham","1","11","Tennessee","4/3/20","7","4","47021","57.14"
"Chester","0","5","Tennessee","4/3/20","2","3","47023","150"
"Claiborne","0","2","Tennessee","4/3/20","2","0","47025","0"
"Clay","0","1","Tennessee","4/3/20","0","1","47027","1"
"Cocke","0","1","Tennessee","4/3/20","1","0","47029","0"
"Coffee","0","3","Tennessee","4/3/20","0","3","47031","1"
"Cumberland","2","22","Tennessee","4/3/20","6","16","47035","266.67"
"Davidson","53","685","Tennessee","4/3/20","312","373","47037","119.55"
"DeKalb","1","5","Tennessee","4/3/20","0","5","47041","1"
"Dickson","2","21","Tennessee","4/3/20","9","12","47043","133.33"
"Dyer","0","5","Tennessee","4/3/20","3","2","47045","66.67"
"Fayette","2","17","Tennessee","4/3/20","3","14","47047","466.67"
"Fentress","0","1","Tennessee","4/3/20","0","1","47049","1"
"Franklin","1","12","Tennessee","4/3/20","3","9","47051","300"
"Gibson","1","7","Tennessee","4/3/20","2","5","47053","250"
"Giles","0","3","Tennessee","4/3/20","0","3","47055","1"
"Grainger","0","3","Tennessee","4/3/20","0","3","47057","1"
"Greene","1","16","Tennessee","4/3/20","8","8","47059","100"
"Grundy","1","11","Tennessee","4/3/20","1","10","47061","1000"
"Hamblen","0","3","Tennessee","4/3/20","2","1","47063","50"
"Hamilton","5","67","Tennessee","4/3/20","30","37","47065","123.33"
"Hardeman","1","5","Tennessee","4/3/20","0","5","47069","1"
"Hardin","0","2","Tennessee","4/3/20","1","1","47071","100"
"Hawkins","1","8","Tennessee","4/3/20","2","6","47073","300"
"Haywood","0","2","Tennessee","4/3/20","0","2","47075","1"
"Henry","1","4","Tennessee","4/3/20","0","4","47079","1"
"Hickman","0","1","Tennessee","4/3/20","0","1","47081","1"
"Houston","0","1","Tennessee","4/3/20","2","-1","47083","-50"
"Humphreys","0","3","Tennessee","4/3/20","0","3","47085","1"
"Jackson","0","3","Tennessee","4/3/20","0","3","47087","1"
"Jefferson","0","6","Tennessee","4/3/20","5","1","47089","20"
"Johnson","0","2","Tennessee","4/3/20","0","2","47091","1"
"Knox","10","98","Tennessee","4/3/20","31","67","47093","216.13"
"Lauderdale","0","2","Tennessee","4/3/20","0","2","47097","1"
"Lawrence","0","3","Tennessee","4/3/20","0","3","47099","1"
"Lewis","0","2","Tennessee","4/3/20","2","0","47101","0"
"Lincoln","0","4","Tennessee","4/3/20","1","3","47103","300"
"Loudon","1","12","Tennessee","4/3/20","6","6","47105","100"
"Macon","1","7","Tennessee","4/3/20","1","6","47111","600"
"Madison","2","17","Tennessee","4/3/20","3","14","47113","466.67"
"Marion","2","14","Tennessee","4/3/20","2","12","47115","600"
"Marshall","1","4","Tennessee","4/3/20","0","4","47117","1"
"Maury","2","20","Tennessee","4/3/20","7","13","47119","185.71"
"McMinn","0","3","Tennessee","4/3/20","3","0","47107","0"
"McNairy","0","3","Tennessee","4/3/20","0","3","47109","1"
"Meigs","0","2","Tennessee","4/3/20","1","1","47121","100"
"Monroe","0","5","Tennessee","4/3/20","2","3","47123","150"
"Montgomery","5","41","Tennessee","4/3/20","9","32","47125","355.56"
"Morgan","0","2","Tennessee","4/3/20","0","2","47129","1"
"Obion","0","2","Tennessee","4/3/20","0","2","47131","1"
"Out of TN","7","187","Tennessee","4/3/20","141","46","80047","32.62"
"Overton","0","2","Tennessee","4/3/20","1","1","47133","100"
"Perry","0","2","Tennessee","4/3/20","2","0","47135","0"
"Polk","0","2","Tennessee","4/3/20","0","2","47139","1"
"Putnam","5","50","Tennessee","4/3/20","13","37","47141","284.62"
"Roane","0","3","Tennessee","4/3/20","1","2","47145","200"
"Robertson","4","51","Tennessee","4/3/20","22","29","47147","131.82"
"Rutherford","13","127","Tennessee","4/3/20","39","88","47149","225.64"
"Scott","0","3","Tennessee","4/3/20","2","1","47151","50"
"Sequatchie","0","2","Tennessee","4/3/20","0","2","47153","1"
"Sevier","1","13","Tennessee","4/3/20","6","7","47155","116.67"
"Shelby","60","640","Tennessee","4/3/20","223","417","47157","187"
"Smith","0","3","Tennessee","4/3/20","1","2","47159","200"
"Sullivan","2","18","Tennessee","4/3/20","6","12","47163","200"
"Sumner","32","283","Tennessee","4/3/20","58","225","47165","387.93"
"Tipton","3","28","Tennessee","4/3/20","10","18","47167","180"
"Trousdale","1","7","Tennessee","4/3/20","0","7","47169","1"
"Unicoi","0","1","Tennessee","4/3/20","1","0","47171","0"
"Union","0","1","Tennessee","4/3/20","0","1","47173","1"
"Warren","0","1","Tennessee","4/3/20","0","1","47177","1"
"Washington","1","20","Tennessee","4/3/20","10","10","47179","100"
"Wayne","0","2","Tennessee","4/3/20","0","2","47181","1"
"Weakley","0","1","Tennessee","4/3/20","0","1","47183","1"
"White","0","2","Tennessee","4/3/20","1","1","47185","100"
"Williamson","19","221","Tennessee","4/3/20","91","130","47187","142.86"
"Wilson","7","71","Tennessee","4/3/20","20","51","47189","255"
"Anderson","0","1","Texas","4/3/20","0","1","48001","1"
"Andrews","0","1","Texas","4/3/20","0","1","48003","1"
"Angelina","1","8","Texas","4/3/20","2","6","48005","300"
"Atascosa","0","2","Texas","4/3/20","2","0","48013","0"
"Austin","0","4","Texas","4/3/20","1","3","48015","300"
"Bastrop","1","10","Texas","4/3/20","2","8","48021","400"
"Bell","4","51","Texas","4/3/20","25","26","48027","104"
"Bexar","20","254","Texas","4/3/20","113","141","48029","124.78"
"Blanco","0","1","Texas","4/3/20","1","0","48031","0"
"Bowie","1","10","Texas","4/3/20","2","8","48037","400"
"Brazoria","12","123","Texas","4/3/20","39","84","48039","215.38"
"Brazos","6","72","Texas","4/3/20","31","41","48041","132.26"
"Brown","0","4","Texas","4/3/20","3","1","48049","33.33"
"Burleson","0","1","Texas","4/3/20","0","1","48051","1"
"Burnet","0","4","Texas","4/3/20","1","3","48053","300"
"Caldwell","0","2","Texas","4/3/20","0","2","48055","1"
"Calhoun","1","8","Texas","4/3/20","3","5","48057","166.67"
"Cameron","6","55","Texas","4/3/20","13","42","48061","323.08"
"Camp","0","1","Texas","4/3/20","0","1","48063","1"
"Cass","0","4","Texas","4/3/20","1","3","48067","300"
"Castro","0","9","Texas","4/3/20","7","2","48069","28.57"
"Chambers","1","11","Texas","4/3/20","2","9","48071","450"
"Cherokee","1","6","Texas","4/3/20","1","5","48073","500"
"Clay","0","1","Texas","4/3/20","0","1","48077","1"
"Collin","20","227","Texas","4/3/20","87","140","48085","160.92"
"Colorado","1","4","Texas","4/3/20","0","4","48089","1"
"Comal","1","18","Texas","4/3/20","9","9","48091","100"
"Comanche","0","1","Texas","4/3/20","0","1","48093","1"
"Coryell","0","2","Texas","4/3/20","1","1","48099","100"
"Crane","0","2","Texas","4/3/20","1","1","48103","100"
"Dallas","79","921","Texas","4/3/20","367","554","48113","150.95"
"Dawson","1","5","Texas","4/3/20","1","4","48115","400"
"Deaf Smith","0","3","Texas","4/3/20","2","1","48117","50"
"Denton","19","273","Texas","4/3/20","137","136","48121","99.27"
"DeWitt","0","6","Texas","4/3/20","3","3","48123","100"
"Donley","1","5","Texas","4/3/20","0","5","48129","1"
"Eastland","0","3","Texas","4/3/20","4","-1","48133","-25"
"Ector","3","22","Texas","4/3/20","0","22","48135","1"
"El Paso","8","85","Texas","4/3/20","28","57","48141","203.57"
"Ellis","2","27","Texas","4/3/20","10","17","48139","170"
"Erath","1","9","Texas","4/3/20","1","8","48143","800"
"Falls","0","1","Texas","4/3/20","1","0","48145","0"
"Fannin","0","2","Texas","4/3/20","1","1","48147","100"
"Fayette","1","10","Texas","4/3/20","1","9","48149","900"
"Fort Bend","17","221","Texas","4/3/20","101","120","48157","118.81"
"Franklin","0","1","Texas","4/3/20","0","1","48159","1"
"Gaines","0","1","Texas","4/3/20","1","0","48165","0"
"Galveston","13","130","Texas","4/3/20","40","90","48167","225"
"Gillespie","0","1","Texas","4/3/20","0","1","48171","1"
"Goliad","0","1","Texas","4/3/20","0","1","48175","1"
"Gonzales","0","1","Texas","4/3/20","0","1","48177","1"
"Gray","0","2","Texas","4/3/20","0","2","48179","1"
"Grayson","1","12","Texas","4/3/20","2","10","48181","500"
"Gregg","1","13","Texas","4/3/20","4","9","48183","225"
"Grimes","0","3","Texas","4/3/20","2","1","48185","50"
"Guadalupe","2","23","Texas","4/3/20","8","15","48187","187.5"
"Hale","1","6","Texas","4/3/20","1","5","48189","500"
"Hardin","2","15","Texas","4/3/20","4","11","48199","275"
"Harris","125","1106","Texas","4/3/20","229","877","48201","382.97"
"Harrison","1","5","Texas","4/3/20","1","4","48203","400"
"Hays","5","47","Texas","4/3/20","13","34","48209","261.54"
"Hemphill","0","1","Texas","4/3/20","0","1","48211","1"
"Henderson","0","1","Texas","4/3/20","0","1","48213","1"
"Hidalgo","10","79","Texas","4/3/20","11","68","48215","618.18"
"Hill","0","3","Texas","4/3/20","0","3","48217","1"
"Hockley","0","7","Texas","4/3/20","7","0","48219","0"
"Hood","1","8","Texas","4/3/20","2","6","48221","300"
"Hopkins","0","3","Texas","4/3/20","1","2","48223","200"
"Hunt","1","8","Texas","4/3/20","1","7","48231","700"
"Jackson","0","3","Texas","4/3/20","1","2","48239","200"
"Jasper","0","3","Texas","4/3/20","0","3","48241","1"
"Jefferson","5","40","Texas","4/3/20","8","32","48245","400"
"Jim Wells","0","1","Texas","4/3/20","0","1","48249","1"
"Johnson","2","18","Texas","4/3/20","6","12","48251","200"
"Karnes","0","2","Texas","4/3/20","1","1","48255","100"
"Kaufman","1","9","Texas","4/3/20","2","7","48257","350"
"Kendall","1","8","Texas","4/3/20","4","4","48259","100"
"Kerr","0","2","Texas","4/3/20","0","2","48265","1"
"Kleberg","0","1","Texas","4/3/20","0","1","48273","1"
"Lamar","0","3","Texas","4/3/20","1","2","48277","200"
"Lamb","0","1","Texas","4/3/20","1","0","48279","0"
"Lampasas","0","1","Texas","4/3/20","0","1","48281","1"
"Lavaca","0","1","Texas","4/3/20","1","0","48285","0"
"Lee","0","2","Texas","4/3/20","0","2","48287","1"
"Leon","0","2","Texas","4/3/20","0","2","48289","1"
"Liberty","0","5","Texas","4/3/20","2","3","48291","150"
"Limestone","0","3","Texas","4/3/20","1","2","48293","200"
"Live Oak","0","3","Texas","4/3/20","0","3","48297","1"
"Llano","0","3","Texas","4/3/20","2","1","48299","50"
"Lubbock","13","117","Texas","4/3/20","29","88","48303","303.45"
"Lynn","0","3","Texas","4/3/20","0","3","48305","1"
"Martin","0","1","Texas","4/3/20","1","0","48317","0"
"Matagorda","4","35","Texas","4/3/20","10","25","48321","250"
"Maverick","0","4","Texas","4/3/20","1","3","48323","300"
"McLennan","2","49","Texas","4/3/20","33","16","48309","48.48"
"Medina","0","3","Texas","4/3/20","3","0","48325","0"
"Midland","2","22","Texas","4/3/20","7","15","48329","214.29"
"Milam","0","2","Texas","4/3/20","2","0","48331","0"
"Montague","0","1","Texas","4/3/20","1","0","48337","0"
"Montgomery","12","130","Texas","4/3/20","47","83","48339","176.6"
"Moore","1","6","Texas","4/3/20","0","6","48341","1"
"Morris","0","1","Texas","4/3/20","1","0","48343","0"
"Nacogdoches","2","12","Texas","4/3/20","1","11","48347","1100"
"Navarro","1","5","Texas","4/3/20","1","4","48349","400"
"Newton","0","1","Texas","4/3/20","0","1","48351","1"
"Nueces","3","41","Texas","4/3/20","18","23","48355","127.78"
"Oldham","0","2","Texas","4/3/20","2","0","48359","0"
"Orange","1","7","Texas","4/3/20","1","6","48361","600"
"Palo Pinto","0","1","Texas","4/3/20","0","1","48363","1"
"Panola","1","4","Texas","4/3/20","0","4","48365","1"
"Parker","0","5","Texas","4/3/20","2","3","48367","150"
"Polk","1","7","Texas","4/3/20","0","7","48373","1"
"Potter","3","21","Texas","4/3/20","3","18","48375","600"
"Randall","3","21","Texas","4/3/20","3","18","48381","600"
"Reeves","0","1","Texas","4/3/20","1","0","48389","0"
"Robertson","0","2","Texas","4/3/20","1","1","48395","100"
"Rockwall","1","10","Texas","4/3/20","3","7","48397","233.33"
"Rusk","1","7","Texas","4/3/20","2","5","48401","250"
"San Augustine","1","4","Texas","4/3/20","0","4","48405","1"
"San Jacinto","0","1","Texas","4/3/20","0","1","48407","1"
"San Patricio","0","3","Texas","4/3/20","2","1","48409","50"
"Shelby","1","10","Texas","4/3/20","1","9","48419","900"
"Smith","4","53","Texas","4/3/20","27","26","48423","96.3"
"Starr","0","5","Texas","4/3/20","2","3","48427","150"
"Swisher","0","1","Texas","4/3/20","1","0","48437","0"
"Tarrant","38","383","Texas","4/3/20","114","269","48439","235.96"
"Taylor","3","23","Texas","4/3/20","2","21","48441","1050"
"Terry","0","4","Texas","4/3/20","4","0","48445","0"
"Titus","0","1","Texas","4/3/20","0","1","48449","1"
"Tom Green","2","17","Texas","4/3/20","2","15","48451","750"
"Travis","27","351","Texas","4/3/20","160","191","48453","119.38"
"Trinity","0","1","Texas","4/3/20","0","1","48455","1"
"Tyler","0","2","Texas","4/3/20","0","2","48457","1"
"Upshur","0","3","Texas","4/3/20","0","3","48459","1"
"Uvalde","0","4","Texas","4/3/20","1","3","48463","300"
"Val Verde","0","5","Texas","4/3/20","3","2","48465","66.67"
"Van Zandt","0","3","Texas","4/3/20","1","2","48467","200"
"Victoria","3","27","Texas","4/3/20","3","24","48469","800"
"Walker","0","5","Texas","4/3/20","2","3","48471","150"
"Waller","1","7","Texas","4/3/20","0","7","48473","1"
"Washington","2","17","Texas","4/3/20","3","14","48477","466.67"
"Webb","7","65","Texas","4/3/20","19","46","48479","242.11"
"Wharton","1","9","Texas","4/3/20","3","6","48481","200"
"Wichita","4","44","Texas","4/3/20","15","29","48485","193.33"
"Willacy","0","3","Texas","4/3/20","1","2","48489","200"
"Williamson","5","71","Texas","4/3/20","34","37","48491","108.82"
"Wilson","1","6","Texas","4/3/20","1","5","48493","500"
"Wise","0","3","Texas","4/3/20","0","3","48497","1"
"Wood","0","1","Texas","4/3/20","0","1","48499","1"
"Yoakum","0","0","Texas","4/3/20","1","-1","48501","-100"
"Young","0","3","Texas","4/3/20","1","2","48503","200"
"Bear River","1","10","Utah","4/3/20","0","10","00000","1"
"Cache","2","15","Utah","4/3/20","0","15","49005","1"
"Carbon","0","1","Utah","4/3/20","0","1","49007","1"
"Davis","10","122","Utah","4/3/20","50","72","49011","144"
"Duchesne","0","1","Utah","4/3/20","0","1","49013","1"
"Emery","0","1","Utah","4/3/20","0","1","49015","1"
"Garfield","0","1","Utah","4/3/20","0","1","49017","1"
"Grand","0","1","Utah","4/3/20","0","1","49019","1"
"Iron","1","10","Utah","4/3/20","0","10","49021","1"
"Kane","0","1","Utah","4/3/20","0","1","49025","1"
"Out of UT","-2","0","Utah","4/3/20","14","-14","80049","-100"
"Salt Lake","46","541","Utah","4/3/20","218","323","49035","148.17"
"San Juan","1","5","Utah","4/3/20","0","5","49037","1"
"Summit","17","222","Utah","4/3/20","102","120","49043","117.65"
"Tooele","2","16","Utah","4/3/20","5","11","49045","220"
"Uintah","0","1","Utah","4/3/20","0","1","49047","1"
"Utah","18","150","Utah","4/3/20","26","124","49049","476.92"
"Wasatch","6","69","Utah","4/3/20","28","41","49051","146.43"
"Washington","2","23","Utah","4/3/20","9","14","49053","155.56"
"Weber-Morgan","5","58","Utah","4/3/20","20","38","00000","190"
"Addison","3","32","Vermont","4/3/20","13","19","50001","146.15"
"Bennington","1","19","Vermont","4/3/20","15","4","50003","26.67"
"Caledonia","0","4","Vermont","4/3/20","2","2","50005","100"
"Chittenden","16","199","Vermont","4/3/20","90","109","50007","121.11"
"Franklin","2","21","Vermont","4/3/20","6","15","50011","250"
"Lamoille","2","17","Vermont","4/3/20","6","11","50015","183.33"
"Orange","0","4","Vermont","4/3/20","3","1","50017","33.33"
"Orleans","1","8","Vermont","4/3/20","4","4","50019","100"
"Rutland","2","17","Vermont","4/3/20","5","12","50021","240"
"Washington","2","21","Vermont","4/3/20","9","12","50023","133.33"
"Windham","2","21","Vermont","4/3/20","7","14","50025","200"
"Windsor","0","20","Vermont","4/3/20","18","2","50027","11.11"
"","3","37","Virgin Islands","4/3/20","19","18",,"94.74"
"Accomack","1","8","Virginia","4/3/20","2","6","51001","300"
"Albemarle","3","26","Virginia","4/3/20","8","18","51003","225"
"Alexandria","5","56","Virginia","4/3/20","18","38","51510","211.11"
"Alleghany","0","2","Virginia","4/3/20","0","2","51005","1"
"Amelia","1","5","Virginia","4/3/20","1","4","51007","400"
"Amherst","1","6","Virginia","4/3/20","1","5","51009","500"
"Arlington","10","135","Virginia","4/3/20","63","72","51013","114.29"
"Augusta","1","4","Virginia","4/3/20","0","4","51015","1"
"Bedford","0","3","Virginia","4/3/20","3","0","51019","0"
"Botetourt","1","8","Virginia","4/3/20","1","7","51023","700"
"Bristol","0","1","Virginia","4/3/20","1","0","51520","0"
"Brunswick","0","1","Virginia","4/3/20","0","1","51025","1"
"Buckingham","0","3","Virginia","4/3/20","0","3","51029","1"
"Buena Vista","0","1","Virginia","4/3/20","0","1","51530","1"
"Campbell","0","2","Virginia","4/3/20","0","2","51031","1"
"Caroline","0","1","Virginia","4/3/20","0","1","51033","1"
"Carroll","0","1","Virginia","4/3/20","0","1","51035","1"
"Charles City","0","4","Virginia","4/3/20","1","3","51036","300"
"Charlottesville","1","17","Virginia","4/3/20","11","6","51540","54.55"
"Chesapeake","6","50","Virginia","4/3/20","5","45","51550","900"
"Chesterfield","11","89","Virginia","4/3/20","12","77","51041","641.67"
"Clarke","0","2","Virginia","4/3/20","0","2","51043","1"
"Covington","0","1","Virginia","4/3/20","0","1","51580","1"
"Culpeper","1","7","Virginia","4/3/20","2","5","51047","250"
"Cumberland","0","1","Virginia","4/3/20","0","1","51049","1"
"Danville","1","9","Virginia","4/3/20","4","5","51590","125"
"Emporia","0","1","Virginia","4/3/20","0","1","51595","1"
"Fairfax","35","372","Virginia","4/3/20","124","248","51059","200"
"Fauquier","1","9","Virginia","4/3/20","4","5","51061","125"
"Fluvanna","0","5","Virginia","4/3/20","3","2","51065","66.67"
"Franklin","1","9","Virginia","4/3/20","1","8","51067","800"
"Franklin City","0","3","Virginia","4/3/20","0","3","51620","1"
"Frederick","2","20","Virginia","4/3/20","4","16","51069","400"
"Fredericksburg","0","4","Virginia","4/3/20","1","3","51630","300"
"Galax","0","1","Virginia","4/3/20","1","0","51640","0"
"Gloucester","1","8","Virginia","4/3/20","3","5","51073","166.67"
"Goochland","1","8","Virginia","4/3/20","3","5","51075","166.67"
"Greene","0","1","Virginia","4/3/20","1","0","51079","0"
"Greensville","1","4","Virginia","4/3/20","0","4","51081","1"
"Halifax","0","1","Virginia","4/3/20","1","0","51083","0"
"Hampton","3","29","Virginia","4/3/20","5","24","51650","480"
"Hanover","1","12","Virginia","4/3/20","2","10","51085","500"
"Harrisonburg","2","22","Virginia","4/3/20","5","17","51660","340"
"Henrico","12","112","Virginia","4/3/20","28","84","51087","300"
"Henry","0","3","Virginia","4/3/20","0","3","51089","1"
"Hopewell","1","7","Virginia","4/3/20","0","7","51670","1"
"Isle of Wight","1","11","Virginia","4/3/20","2","9","51093","450"
"James City","7","104","Virginia","4/3/20","55","49","51095","89.09"
"King and Queen","0","1","Virginia","4/3/20","0","1","51097","1"
"King George","1","6","Virginia","4/3/20","1","5","51099","500"
"King William","0","1","Virginia","4/3/20","0","1","51101","1"
"Lancaster","0","1","Virginia","4/3/20","0","1","51103","1"
"Lee","0","2","Virginia","4/3/20","2","0","51105","0"
"Lexington","0","2","Virginia","4/3/20","0","2","51678","1"
"Loudoun","12","130","Virginia","4/3/20","43","87","51107","202.33"
"Louisa","1","12","Virginia","4/3/20","5","7","51109","140"
"Lynchburg","1","9","Virginia","4/3/20","2","7","51680","350"
"Madison","0","2","Virginia","4/3/20","2","0","51113","0"
"Manassas","2","13","Virginia","4/3/20","0","13","51683","1"
"Manassas Park","0","2","Virginia","4/3/20","0","2","51685","1"
"Mathews","0","2","Virginia","4/3/20","1","1","51115","100"
"Mecklenburg","0","7","Virginia","4/3/20","4","3","51117","75"
"Montgomery","0","1","Virginia","4/3/20","1","0","51121","0"
"Nelson","0","2","Virginia","4/3/20","1","1","51125","100"
"New Kent","1","6","Virginia","4/3/20","0","6","51127","1"
"Newport News","4","37","Virginia","4/3/20","12","25","51700","208.33"
"Norfolk","5","43","Virginia","4/3/20","8","35","51710","437.5"
"Northampton","0","2","Virginia","4/3/20","1","1","51131","100"
"Northumberland","0","3","Virginia","4/3/20","2","1","51133","50"
"Nottoway","0","1","Virginia","4/3/20","1","0","51135","0"
"Orange","0","4","Virginia","4/3/20","1","3","51137","300"
"Page","0","2","Virginia","4/3/20","0","2","51139","1"
"Petersburg","1","8","Virginia","4/3/20","0","8","51730","1"
"Pittsylvania","0","1","Virginia","4/3/20","1","0","51143","0"
"Poquoson","0","3","Virginia","4/3/20","1","2","51735","200"
"Portsmouth","2","17","Virginia","4/3/20","3","14","51740","466.67"
"Powhatan","1","4","Virginia","4/3/20","0","4","51145","1"
"Prince Edward","0","2","Virginia","4/3/20","2","0","51147","0"
"Prince George","1","10","Virginia","4/3/20","2","8","51149","400"
"Prince William","12","131","Virginia","4/3/20","44","87","51153","197.73"
"Pulaski","0","1","Virginia","4/3/20","0","1","51155","1"
"Radford","0","1","Virginia","4/3/20","1","0","51750","0"
"Richmond","0","1","Virginia","4/3/20","0","1","51159","1"
"Richmond City","8","76","Virginia","4/3/20","17","59","51760","347.06"
"Roanoke","1","9","Virginia","4/3/20","1","8","51161","800"
"Roanoke City","0","4","Virginia","4/3/20","1","3","51770","300"
"Rockbridge","0","2","Virginia","4/3/20","2","0","51163","0"
"Rockingham","1","11","Virginia","4/3/20","4","7","51165","175"
"Salem","0","1","Virginia","4/3/20","0","1","51775","1"
"Shenandoah","1","10","Virginia","4/3/20","3","7","51171","233.33"
"Smyth","0","2","Virginia","4/3/20","0","2","51173","1"
"Southampton","0","4","Virginia","4/3/20","1","3","51175","300"
"Spotsylvania","1","11","Virginia","4/3/20","3","8","51177","266.67"
"Stafford","3","29","Virginia","4/3/20","11","18","51179","163.64"
"Suffolk","1","10","Virginia","4/3/20","1","9","51800","900"
"Surry","0","3","Virginia","4/3/20","0","3","51181","1"
"Sussex","0","2","Virginia","4/3/20","0","2","51183","1"
"Tazewell","0","2","Virginia","4/3/20","0","2","51185","1"
"Virginia Beach","14","128","Virginia","4/3/20","29","99","51810","341.38"
"Warren","0","4","Virginia","4/3/20","2","2","51187","100"
"Washington","0","3","Virginia","4/3/20","1","2","51191","200"
"Waynesboro","0","3","Virginia","4/3/20","0","3","51820","1"
"Westmoreland","0","1","Virginia","4/3/20","0","1","51193","1"
"Williamsburg","1","9","Virginia","4/3/20","5","4","51830","80"
"Winchester","1","9","Virginia","4/3/20","0","9","51840","1"
"Wise","0","1","Virginia","4/3/20","0","1","51195","1"
"Wythe","0","2","Virginia","4/3/20","0","2","51197","1"
"York","1","17","Virginia","4/3/20","9","8","51199","88.89"
"Adams","2","20","Washington","4/3/20","3","17","53001","566.67"
"Benton","13","136","Washington","4/3/20","42","94","53005","223.81"
"Chelan","1","20","Washington","4/3/20","12","8","53007","66.67"
"Clallam","0","8","Washington","4/3/20","5","3","53009","60"
"Clark","9","137","Washington","4/3/20","76","61","53011","80.26"
"Columbia","0","1","Washington","4/3/20","1","0","53013","0"
"Cowlitz","2","18","Washington","4/3/20","7","11","53015","157.14"
"Douglas","0","6","Washington","4/3/20","5","1","53017","20"
"Ferry","0","1","Washington","4/3/20","1","0","53019","0"
"Franklin","5","45","Washington","4/3/20","12","33","53021","275"
"Grant","5","75","Washington","4/3/20","39","36","53025","92.31"
"Grays Harbor","0","2","Washington","4/3/20","1","1","53027","100"
"Island","8","119","Washington","4/3/20","64","55","53029","85.94"
"Jefferson","1","19","Washington","4/3/20","11","8","53031","72.73"
"King","173","2787","Washington","4/3/20","1577","1210","53033","76.73"
"Kitsap","9","95","Washington","4/3/20","33","62","53035","187.88"
"Kittitas","0","10","Washington","4/3/20","8","2","53037","25"
"Klickitat","0","9","Washington","4/3/20","7","2","53039","28.57"
"Lewis","1","12","Washington","4/3/20","5","7","53041","140"
"Lincoln","0","1","Washington","4/3/20","1","0","53043","0"
"Mason","2","13","Washington","4/3/20","2","11","53045","550"
"Okanogan","0","4","Washington","4/3/20","1","3","53047","300"
"Pend Oreille","0","1","Washington","4/3/20","0","1","53051","1"
"Pierce","49","571","Washington","4/3/20","231","340","53053","147.19"
"San Juan","1","6","Washington","4/3/20","2","4","53055","200"
"Skagit","11","153","Washington","4/3/20","78","75","53057","96.15"
"Skamania","0","1","Washington","4/3/20","0","1","53059","1"
"Snohomish","66","1376","Washington","4/3/20","912","464","53061","50.88"
"Spokane","16","194","Washington","4/3/20","83","111","53063","133.73"
"Stevens","0","5","Washington","4/3/20","2","3","53065","150"
"Thurston","5","58","Washington","4/3/20","24","34","53067","141.67"
"Wahkiakum","0","1","Washington","4/3/20","0","1","53069","1"
"Walla Walla","1","8","Washington","4/3/20","2","6","53071","300"
"Whatcom","13","182","Washington","4/3/20","92","90","53073","97.83"
"Whitman","1","11","Washington","4/3/20","5","6","53075","120"
"Yakima","25","240","Washington","4/3/20","66","174","53077","263.64"
"Barbour","0","1","West Virginia","4/3/20","0","1","54001","1"
"Berkeley","5","37","West Virginia","4/3/20","4","33","54003","825"
"Cabell","1","5","West Virginia","4/3/20","0","5","54011","1"
"Greenbrier","0","3","West Virginia","4/3/20","0","3","54025","1"
"Hancock","1","5","West Virginia","4/3/20","0","5","54029","1"
"Hardy","0","2","West Virginia","4/3/20","0","2","54031","1"
"Harrison","2","17","West Virginia","4/3/20","4","13","54033","325"
"Jackson","1","11","West Virginia","4/3/20","5","6","54035","120"
"Jefferson","1","12","West Virginia","4/3/20","4","8","54037","200"
"Kanawha","4","40","West Virginia","4/3/20","15","25","54039","166.67"
"Logan","0","4","West Virginia","4/3/20","1","3","54045","300"
"Marion","1","11","West Virginia","4/3/20","2","9","54049","450"
"Marshall","0","4","West Virginia","4/3/20","3","1","54051","33.33"
"Mason","0","3","West Virginia","4/3/20","1","2","54053","200"
"Mercer","0","3","West Virginia","4/3/20","2","1","54055","50"
"Mineral","0","2","West Virginia","4/3/20","0","2","54057","1"
"Monongalia","2","35","West Virginia","4/3/20","24","11","54061","45.83"
"Morgan","0","1","West Virginia","4/3/20","0","1","54065","1"
"Ohio","1","11","West Virginia","4/3/20","1","10","54069","1000"
"Pendleton","0","1","West Virginia","4/3/20","0","1","54071","1"
"Pleasants","0","1","West Virginia","4/3/20","0","1","54073","1"
"Preston","0","4","West Virginia","4/3/20","1","3","54077","300"
"Putnam","0","5","West Virginia","4/3/20","2","3","54079","150"
"Raleigh","0","3","West Virginia","4/3/20","2","1","54081","50"
"Randolph","0","2","West Virginia","4/3/20","0","2","54083","1"
"Roane","0","2","West Virginia","4/3/20","0","2","54087","1"
"Tucker","0","3","West Virginia","4/3/20","2","1","54093","50"
"Upshur","0","1","West Virginia","4/3/20","1","0","54097","0"
"Wetzel","0","2","West Virginia","4/3/20","0","2","54103","1"
"Wirt","0","1","West Virginia","4/3/20","0","1","54105","1"
"Wood","0","5","West Virginia","4/3/20","2","3","54107","150"
"Adams","0","1","Wisconsin","4/3/20","0","1","55001","1"
"Ashland","0","1","Wisconsin","4/3/20","0","1","55003","1"
"Barron","0","1","Wisconsin","4/3/20","0","1","55005","1"
"Bayfield","0","3","Wisconsin","4/3/20","2","1","55007","50"
"Brown","3","24","Wisconsin","4/3/20","5","19","55009","380"
"Buffalo","0","2","Wisconsin","4/3/20","0","2","55011","1"
"Calumet","0","3","Wisconsin","4/3/20","1","2","55015","200"
"Chippewa","2","14","Wisconsin","4/3/20","3","11","55017","366.67"
"Clark","1","6","Wisconsin","4/3/20","2","4","55019","200"
"Columbia","2","18","Wisconsin","4/3/20","6","12","55021","200"
"Crawford","0","1","Wisconsin","4/3/20","0","1","55023","1"
"Dane","13","252","Wisconsin","4/3/20","158","94","55025","59.49"
"Dodge","1","14","Wisconsin","4/3/20","6","8","55027","133.33"
"Door","0","2","Wisconsin","4/3/20","0","2","55029","1"
"Douglas","0","7","Wisconsin","4/3/20","5","2","55031","40"
"Dunn","0","5","Wisconsin","4/3/20","2","3","55033","150"
"Eau Claire","1","16","Wisconsin","4/3/20","7","9","55035","128.57"
"Fond du Lac","2","30","Wisconsin","4/3/20","18","12","55039","66.67"
"Grant","0","2","Wisconsin","4/3/20","1","1","55043","100"
"Green","1","8","Wisconsin","4/3/20","3","5","55045","166.67"
"Iowa","0","3","Wisconsin","4/3/20","3","0","55049","0"
"Iron","0","1","Wisconsin","4/3/20","1","0","55051","0"
"Jackson","0","2","Wisconsin","4/3/20","0","2","55053","1"
"Jefferson","1","13","Wisconsin","4/3/20","6","7","55055","116.67"
"Juneau","0","4","Wisconsin","4/3/20","2","2","55057","100"
"Kenosha","8","81","Wisconsin","4/3/20","23","58","55059","252.17"
"La Crosse","1","19","Wisconsin","4/3/20","14","5","55063","35.71"
"Marathon","1","9","Wisconsin","4/3/20","1","8","55073","800"
"Marinette","0","2","Wisconsin","4/3/20","1","1","55075","100"
"Marquette","0","2","Wisconsin","4/3/20","0","2","55077","1"
"Menominee","0","1","Wisconsin","4/3/20","0","1","55078","1"
"Milwaukee","87","1023","Wisconsin","4/3/20","411","612","55079","148.91"
"Monroe","0","3","Wisconsin","4/3/20","1","2","55081","200"
"Oconto","0","1","Wisconsin","4/3/20","0","1","55083","1"
"Oneida","0","3","Wisconsin","4/3/20","0","3","55085","1"
"Outagamie","2","19","Wisconsin","4/3/20","4","15","55087","375"
"Ozaukee","3","50","Wisconsin","4/3/20","30","20","55089","66.67"
"Pepin","1","7","Wisconsin","4/3/20","0","7","55091","1"
"Pierce","0","7","Wisconsin","4/3/20","4","3","55093","75"
"Portage","0","3","Wisconsin","4/3/20","1","2","55097","200"
"Racine","5","41","Wisconsin","4/3/20","9","32","55101","355.56"
"Richland","0","2","Wisconsin","4/3/20","0","2","55103","1"
"Rock","1","20","Wisconsin","4/3/20","12","8","55105","66.67"
"Rusk","0","1","Wisconsin","4/3/20","0","1","55107","1"
"Sauk","1","18","Wisconsin","4/3/20","8","10","55111","125"
"Sheboygan","2","20","Wisconsin","4/3/20","7","13","55117","185.71"
"St. Croix","0","7","Wisconsin","4/3/20","4","3","55109","75"
"Trempealeau","0","1","Wisconsin","4/3/20","0","1","55121","1"
"Vilas","0","3","Wisconsin","4/3/20","2","1","55125","50"
"Walworth","1","15","Wisconsin","4/3/20","5","10","55127","200"
"Washington","4","52","Wisconsin","4/3/20","27","25","55131","92.59"
"Waukesha","11","141","Wisconsin","4/3/20","61","80","55133","131.15"
"Waupaca","0","2","Wisconsin","4/3/20","1","1","55135","100"
"Winnebago","3","24","Wisconsin","4/3/20","6","18","55139","300"
"Wood","0","2","Wisconsin","4/3/20","2","0","55141","0"
"Albany","0","4","Wyoming","4/3/20","1","3","56001","300"
"Campbell","1","6","Wyoming","4/3/20","1","5","56005","500"
"Carbon","0","3","Wyoming","4/3/20","3","0","56007","0"
"Converse","0","3","Wyoming","4/3/20","0","3","56009","1"
"Fremont","1","27","Wyoming","4/3/20","17","10","56013","58.82"
"Goshen","0","2","Wyoming","4/3/20","1","1","56015","100"
"Johnson","1","8","Wyoming","4/3/20","4","4","56019","100"
"Laramie","3","37","Wyoming","4/3/20","17","20","56021","117.65"
"Lincoln","0","1","Wyoming","4/3/20","0","1","56023","1"
"Natrona","2","21","Wyoming","4/3/20","8","13","56025","162.5"
"Park","0","1","Wyoming","4/3/20","1","0","56029","0"
"Sheridan","1","10","Wyoming","4/3/20","5","5","56033","100"
"Sublette","0","1","Wyoming","4/3/20","0","1","56035","1"
"Sweetwater","0","3","Wyoming","4/3/20","1","2","56037","200"
"Teton","3","32","Wyoming","4/3/20","10","22","56039","220"
"Uinta","0","1","Wyoming","4/3/20","0","1","56041","1"
"Washakie","0","2","Wyoming","4/3/20","1","1","56043","100"
