"Locality","DailyAvgNewCasesPast7Days","TotalCases","State","Date","TotalCases7DaysAgo","NewCasesPast7Days","FIPS-Code","PercentIncreaseTotalCasesPast7Days"
"Autauga","1","19","Alabama","4/11/20","12","7","01001","58.33"
"Baldwin","5","66","Alabama","4/11/20","29","37","01003","127.59"
"Barbour","1","9","Alabama","4/11/20","2","7","01005","350"
"Bibb","1","13","Alabama","4/11/20","4","9","01007","225"
"Blount","0","12","Alabama","4/11/20","10","2","01009","20"
"Bullock","0","4","Alabama","4/11/20","2","2","01011","100"
"Butler","1","6","Alabama","4/11/20","1","5","01013","500"
"Calhoun","5","57","Alabama","4/11/20","21","36","01015","171.43"
"Chambers","13","181","Alabama","4/11/20","87","94","01017","108.05"
"Cherokee","0","7","Alabama","4/11/20","6","1","01019","16.67"
"Chilton","2","30","Alabama","4/11/20","15","15","01021","100"
"Choctaw","1","8","Alabama","4/11/20","4","4","01023","100"
"Clarke","1","15","Alabama","4/11/20","6","9","01025","150"
"Clay","1","12","Alabama","4/11/20","8","4","01027","50"
"Cleburne","1","12","Alabama","4/11/20","7","5","01029","71.43"
"Coffee","1","17","Alabama","4/11/20","7","10","01031","142.86"
"Colbert","0","8","Alabama","4/11/20","5","3","01033","60"
"Conecuh","0","3","Alabama","4/11/20","2","1","01035","50"
"Coosa","1","11","Alabama","4/11/20","6","5","01037","83.33"
"Covington","1","11","Alabama","4/11/20","4","7","01039","175"
"Crenshaw","0","2","Alabama","4/11/20","2","0","01041","0"
"Cullman","2","31","Alabama","4/11/20","15","16","01043","106.67"
"Dale","1","6","Alabama","4/11/20","2","4","01045","200"
"Dallas","0","10","Alabama","4/11/20","7","3","01047","42.86"
"DeKalb","1","21","Alabama","4/11/20","13","8","01049","61.54"
"Elmore","2","30","Alabama","4/11/20","19","11","01051","57.89"
"Escambia","1","9","Alabama","4/11/20","2","7","01053","350"
"Etowah","7","74","Alabama","4/11/20","26","48","01055","184.62"
"Fayette","0","3","Alabama","4/11/20","1","2","01057","200"
"Franklin","0","8","Alabama","4/11/20","6","2","01059","33.33"
"Greene","1","14","Alabama","4/11/20","5","9","01063","180"
"Hale","1","11","Alabama","4/11/20","3","8","01065","266.67"
"Henry","1","10","Alabama","4/11/20","2","8","01067","400"
"Houston","3","37","Alabama","4/11/20","14","23","01069","164.29"
"Jackson","1","22","Alabama","4/11/20","12","10","01071","83.33"
"Jefferson","29","579","Alabama","4/11/20","373","206","01073","55.23"
"Lamar","1","7","Alabama","4/11/20","2","5","01075","250"
"Lauderdale","1","21","Alabama","4/11/20","16","5","01077","31.25"
"Lawrence","1","8","Alabama","4/11/20","4","4","01079","100"
"Lee","17","218","Alabama","4/11/20","102","116","01081","113.73"
"Limestone","1","36","Alabama","4/11/20","31","5","01083","16.13"
"Lowndes","2","14","Alabama","4/11/20","3","11","01085","366.67"
"Macon","1","11","Alabama","4/11/20","5","6","01087","120"
"Madison","9","186","Alabama","4/11/20","125","61","01089","48.8"
"Marengo","2","19","Alabama","4/11/20","8","11","01091","137.5"
"Marion","4","42","Alabama","4/11/20","17","25","01093","147.06"
"Marshall","9","82","Alabama","4/11/20","17","65","01095","382.35"
"Mobile","42","408","Alabama","4/11/20","114","294","01097","257.89"
"Monroe","0","6","Alabama","4/11/20","5","1","01099","20"
"Montgomery","6","102","Alabama","4/11/20","62","40","01101","64.52"
"Morgan","2","37","Alabama","4/11/20","24","13","01103","54.17"
"Perry","1","4","Alabama","4/11/20","0","4","01105","1"
"Pickens","1","21","Alabama","4/11/20","12","9","01107","75"
"Pike","1","18","Alabama","4/11/20","10","8","01109","80"
"Randolph","2","27","Alabama","4/11/20","11","16","01111","145.45"
"Russell","3","22","Alabama","4/11/20","4","18","01113","450"
"Shelby","10","193","Alabama","4/11/20","124","69","01117","55.65"
"St. Clair","2","38","Alabama","4/11/20","25","13","01115","52"
"Sumter","2","19","Alabama","4/11/20","6","13","01119","216.67"
"Talladega","2","32","Alabama","4/11/20","16","16","01121","100"
"Tallapoosa","6","61","Alabama","4/11/20","20","41","01123","205"
"Tuscaloosa","8","99","Alabama","4/11/20","43","56","01125","130.23"
"Walker","4","78","Alabama","4/11/20","49","29","01127","59.18"
"Washington","1","12","Alabama","4/11/20","5","7","01129","140"
"Wilcox","2","24","Alabama","4/11/20","11","13","01131","118.18"
"Winston","0","4","Alabama","4/11/20","3","1","01133","33.33"
"Anchorage","6","121","Alaska","4/11/20","81","40","02020","49.38"
"Bethel","0","1","Alaska","4/11/20","0","1","02050","1"
"Fairbanks North Star","4","76","Alaska","4/11/20","46","30","02090","65.22"
"Juneau","0","15","Alaska","4/11/20","12","3","02110","25"
"Kenai Peninsula","1","15","Alaska","4/11/20","11","4","02122","36.36"
"Ketchikan Gateway","0","14","Alaska","4/11/20","14","0","02130","0"
"Matanuska-Susitna","1","10","Alaska","4/11/20","4","6","02170","150"
"Petersburg","0","2","Alaska","4/11/20","1","1","02195","100"
"Prince of Wales-Hyder","0","1","Alaska","4/11/20","0","1","02198","1"
"Southeast Fairbanks","0","1","Alaska","4/11/20","1","0","02240","0"
"Yukon-Koyukuk","0","1","Alaska","4/11/20","1","0","02290","0"
"Apache","7","66","Arizona","4/11/20","20","46","04001","230"
"Cochise","1","13","Arizona","4/11/20","7","6","04003","85.71"
"Coconino","13","238","Arizona","4/11/20","147","91","04005","61.9"
"Gila","0","3","Arizona","4/11/20","3","0","04007","0"
"Graham","0","2","Arizona","4/11/20","3","-1","04009","-33.33"
"Greenlee","0","2","Arizona","4/11/20","1","1","04011","100"
"La Paz","0","4","Arizona","4/11/20","2","2","04012","100"
"Maricopa","103","1891","Arizona","4/11/20","1171","720","04013","61.49"
"Mohave","3","30","Arizona","4/11/20","12","18","04015","150"
"Navajo","21","321","Arizona","4/11/20","177","144","04017","81.36"
"Pima","38","591","Arizona","4/11/20","326","265","04019","81.29"
"Pinal","8","146","Arizona","4/11/20","89","57","04021","64.04"
"Santa Cruz","1","8","Arizona","4/11/20","4","4","04023","100"
"Yavapai","3","63","Arizona","4/11/20","43","20","04025","46.51"
"Yuma","0","15","Arizona","4/11/20","14","1","04027","7.14"
"Arkansas","0","2","Arkansas","4/11/20","1","1","05001","100"
"Ashley","1","10","Arkansas","4/11/20","1","9","05003","900"
"Baxter","0","4","Arkansas","4/11/20","1","3","05005","300"
"Benton","1","47","Arkansas","4/11/20","42","5","05007","11.9"
"Boone","0","3","Arkansas","4/11/20","1","2","05009","200"
"Bradley","0","6","Arkansas","4/11/20","4","2","05011","50"
"Carroll","0","2","Arkansas","4/11/20","1","1","05015","100"
"Chicot","0","5","Arkansas","4/11/20","2","3","05017","150"
"Clark","0","27","Arkansas","4/11/20","27","0","05019","0"
"Clay","0","1","Arkansas","4/11/20","0","1","05021","1"
"Cleburne","1","69","Arkansas","4/11/20","65","4","05023","6.15"
"Cleveland","0","8","Arkansas","4/11/20","5","3","05025","60"
"Columbia","0","3","Arkansas","4/11/20","1","2","05027","200"
"Conway","0","4","Arkansas","4/11/20","1","3","05029","300"
"Craighead","2","31","Arkansas","4/11/20","16","15","05031","93.75"
"Crawford","0","3","Arkansas","4/11/20","1","2","05033","200"
"Crittenden","7","89","Arkansas","4/11/20","43","46","05035","106.98"
"Cross","0","6","Arkansas","4/11/20","5","1","05037","20"
"Dallas","0","1","Arkansas","4/11/20","0","1","05039","1"
"Desha","1","6","Arkansas","4/11/20","2","4","05041","200"
"Drew","1","6","Arkansas","4/11/20","1","5","05043","500"
"Faulkner","2","57","Arkansas","4/11/20","40","17","05045","42.5"
"Franklin","0","1","Arkansas","4/11/20","0","1","05047","1"
"Garland","5","72","Arkansas","4/11/20","40","32","05051","80"
"Grant","1","9","Arkansas","4/11/20","3","6","05053","200"
"Greene","1","6","Arkansas","4/11/20","1","5","05055","500"
"Hempstead","0","4","Arkansas","4/11/20","1","3","05057","300"
"Hot Spring","0","8","Arkansas","4/11/20","5","3","05059","60"
"Howard","1","6","Arkansas","4/11/20","1","5","05061","500"
"Independence","0","5","Arkansas","4/11/20","3","2","05063","66.67"
"Izard","0","1","Arkansas","4/11/20","0","1","05065","1"
"Jefferson","5","91","Arkansas","4/11/20","53","38","05069","71.7"
"Johnson","1","13","Arkansas","4/11/20","7","6","05071","85.71"
"Lafayette","0","2","Arkansas","4/11/20","1","1","05073","100"
"Lawrence","1","10","Arkansas","4/11/20","1","9","05075","900"
"Lee","0","2","Arkansas","4/11/20","1","1","05077","100"
"Lincoln","1","10","Arkansas","4/11/20","6","4","05079","66.67"
"Logan","0","2","Arkansas","4/11/20","0","2","05083","1"
"Lonoke","2","27","Arkansas","4/11/20","16","11","05085","68.75"
"Madison","0","1","Arkansas","4/11/20","0","1","05087","1"
"Marion","0","1","Arkansas","4/11/20","0","1","05089","1"
"Miller","2","22","Arkansas","4/11/20","8","14","05091","175"
"Mississippi","1","7","Arkansas","4/11/20","1","6","05093","600"
"Monroe","0","1","Arkansas","4/11/20","1","0","05095","0"
"Nevada","0","1","Arkansas","4/11/20","1","0","05099","0"
"Newton","0","1","Arkansas","4/11/20","1","0","05101","0"
"Ouachita","1","5","Arkansas","4/11/20","1","4","05103","400"
"Perry","0","2","Arkansas","4/11/20","1","1","05105","100"
"Phillips","0","3","Arkansas","4/11/20","0","3","05107","1"
"Pike","0","2","Arkansas","4/11/20","1","1","05109","100"
"Poinsett","0","7","Arkansas","4/11/20","5","2","05111","40"
"Polk","0","6","Arkansas","4/11/20","5","1","05113","20"
"Pope","3","26","Arkansas","4/11/20","8","18","05115","225"
"Prairie","0","2","Arkansas","4/11/20","1","1","05117","100"
"Pulaski","16","249","Arkansas","4/11/20","137","112","05119","81.75"
"Randolph","1","8","Arkansas","4/11/20","1","7","05121","700"
"Saline","2","32","Arkansas","4/11/20","21","11","05125","52.38"
"Scott","0","1","Arkansas","4/11/20","1","0","05127","0"
"Searcy","1","6","Arkansas","4/11/20","2","4","05129","200"
"Sebastian","0","10","Arkansas","4/11/20","8","2","05131","25"
"Sevier","1","6","Arkansas","4/11/20","1","5","05133","500"
"Sharp","0","2","Arkansas","4/11/20","1","1","05135","100"
"St. Francis","4","31","Arkansas","4/11/20","1","30","05123","3000"
"Stone","0","7","Arkansas","4/11/20","5","2","05137","40"
"Union","1","18","Arkansas","4/11/20","10","8","05139","80"
"Van Buren","1","26","Arkansas","4/11/20","20","6","05141","30"
"Washington","2","37","Arkansas","4/11/20","25","12","05143","48"
"White","1","28","Arkansas","4/11/20","23","5","05145","21.74"
"Woodruff","0","1","Arkansas","4/11/20","1","0","05147","0"
"Yell","0","1","Arkansas","4/11/20","0","1","05149","1"
"Alameda","52","806","California","4/11/20","443","363","06001","81.94"
"Alpine","0","2","California","4/11/20","1","1","06003","100"
"Amador","1","7","California","4/11/20","3","4","06005","133.33"
"Butte","0","14","California","4/11/20","11","3","06007","27.27"
"Calaveras","1","8","California","4/11/20","4","4","06009","100"
"Colusa","0","3","California","4/11/20","2","1","06011","50"
"Contra Costa","32","530","California","4/11/20","307","223","06013","72.64"
"Del Norte","0","2","California","4/11/20","2","0","06015","0"
"El Dorado","1","32","California","4/11/20","22","10","06017","45.45"
"Fresno","13","191","California","4/11/20","100","91","06019","91"
"Glenn","0","3","California","4/11/20","2","1","06021","50"
"Humboldt","1","50","California","4/11/20","44","6","06023","13.64"
"Imperial","3","79","California","4/11/20","55","24","06025","43.64"
"Inyo","0","12","California","4/11/20","10","2","06027","20"
"Kern","23","371","California","4/11/20","210","161","06029","76.67"
"Kings","1","9","California","4/11/20","5","4","06031","80"
"Lake","1","4","California","4/11/20","0","4","06033","1"
"Los Angeles","550","8453","California","4/11/20","4605","3848","06037","83.56"
"Madera","1","32","California","4/11/20","28","4","06039","14.29"
"Marin","3","154","California","4/11/20","131","23","06041","17.56"
"Mendocino","0","4","California","4/11/20","4","0","06045","0"
"Merced","6","59","California","4/11/20","16","43","06047","268.75"
"Mono","0","21","California","4/11/20","19","2","06051","10.53"
"Monterey","3","79","California","4/11/20","57","22","06053","38.6"
"Napa","2","32","California","4/11/20","20","12","06055","60"
"Nevada","0","34","California","4/11/20","31","3","06057","9.68"
"Orange","62","1221","California","4/11/20","786","435","06059","55.34"
"Placer","4","123","California","4/11/20","97","26","06061","26.8"
"Plumas","0","4","California","4/11/20","2","2","06063","100"
"Riverside","113","1431","California","4/11/20","638","793","06065","124.29"
"Sacramento","38","653","California","4/11/20","390","263","06067","67.44"
"San Benito","2","35","California","4/11/20","23","12","06069","52.17"
"San Bernardino","65","810","California","4/11/20","353","457","06071","129.46"
"San Diego","83","1693","California","4/11/20","1112","581","06073","52.25"
"San Francisco","47","857","California","4/11/20","529","328","06075","62"
"San Joaquin","10","257","California","4/11/20","185","72","06077","38.92"
"San Luis Obispo","2","110","California","4/11/20","93","17","06079","18.28"
"San Mateo","16","652","California","4/11/20","538","114","06081","21.19"
"Santa Barbara","15","260","California","4/11/20","152","108","06083","71.05"
"Santa Clara","48","1484","California","4/11/20","1148","336","06085","29.27"
"Santa Cruz","3","80","California","4/11/20","59","21","06087","35.59"
"Shasta","2","24","California","4/11/20","12","12","06089","100"
"Siskiyou","0","5","California","4/11/20","3","2","06093","66.67"
"Solano","7","121","California","4/11/20","73","48","06095","65.75"
"Sonoma","6","145","California","4/11/20","105","40","06097","38.1"
"Stanislaus","8","116","California","4/11/20","58","58","06099","100"
"Sutter","3","37","California","4/11/20","16","21","06101","131.25"
"Tehama","0","1","California","4/11/20","1","0","06103","0"
"Tulare","17","203","California","4/11/20","81","122","06107","150.62"
"Tuolumne","0","1","California","4/11/20","2","-1","06109","-50"
"Ventura","14","298","California","4/11/20","203","95","06111","46.8"
"Yolo","5","75","California","4/11/20","37","38","06113","102.7"
"Yuba","1","15","California","4/11/20","9","6","06115","66.67"
"Adams","39","593","Colorado","4/11/20","320","273","08001","85.31"
"Alamosa","0","7","Colorado","4/11/20","4","3","08003","75"
"Arapahoe","64","998","Colorado","4/11/20","552","446","08005","80.8"
"Archuleta","1","6","Colorado","4/11/20","1","5","08007","500"
"Baca","0","10","Colorado","4/11/20","9","1","08009","11.11"
"Boulder","13","246","Colorado","4/11/20","154","92","08013","59.74"
"Broomfield","4","74","Colorado","4/11/20","44","30","08014","68.18"
"Chaffee","1","28","Colorado","4/11/20","21","7","08015","33.33"
"Clear Creek","1","11","Colorado","4/11/20","6","5","08019","83.33"
"Costilla","0","3","Colorado","4/11/20","3","0","08023","0"
"Crowley","0","2","Colorado","4/11/20","1","1","08025","100"
"Custer","0","2","Colorado","4/11/20","2","0","08027","0"
"Delta","0","6","Colorado","4/11/20","4","2","08029","50"
"Denver","59","1182","Colorado","4/11/20","769","413","08031","53.71"
"Douglas","12","292","Colorado","4/11/20","209","83","08035","39.71"
"Eagle","14","433","Colorado","4/11/20","333","100","08037","30.03"
"El Paso","25","578","Colorado","4/11/20","406","172","08041","42.36"
"Elbert","1","14","Colorado","4/11/20","9","5","08039","55.56"
"Fremont","0","6","Colorado","4/11/20","3","3","08043","100"
"Garfield","1","54","Colorado","4/11/20","45","9","08045","20"
"Gilpin","0","1","Colorado","4/11/20","0","1","08047","1"
"Grand","0","4","Colorado","4/11/20","4","0","08049","0"
"Gunnison","2","102","Colorado","4/11/20","90","12","08051","13.33"
"Hinsdale","0","1","Colorado","4/11/20","1","0","08053","0"
"Huerfano","0","1","Colorado","4/11/20","1","0","08055","0"
"Jefferson","33","713","Colorado","4/11/20","483","230","08059","47.62"
"Kit Carson","0","7","Colorado","4/11/20","5","2","08063","40"
"La Plata","3","43","Colorado","4/11/20","25","18","08067","72"
"Lake","0","4","Colorado","4/11/20","3","1","08065","33.33"
"Larimer","5","180","Colorado","4/11/20","144","36","08069","25"
"Las Animas","0","2","Colorado","4/11/20","1","1","08071","100"
"Lincoln","0","1","Colorado","4/11/20","1","0","08073","0"
"Logan","1","13","Colorado","4/11/20","8","5","08075","62.5"
"Mesa","2","34","Colorado","4/11/20","20","14","08077","70"
"Mineral","0","2","Colorado","4/11/20","2","0","08079","0"
"Moffat","0","3","Colorado","4/11/20","3","0","08081","0"
"Montezuma","1","11","Colorado","4/11/20","6","5","08083","83.33"
"Montrose","3","50","Colorado","4/11/20","31","19","08085","61.29"
"Morgan","6","56","Colorado","4/11/20","16","40","08087","250"
"Otero","0","5","Colorado","4/11/20","3","2","08089","66.67"
"Ouray","0","4","Colorado","4/11/20","2","2","08091","100"
"Park","0","6","Colorado","4/11/20","5","1","08093","20"
"Phillips","0","4","Colorado","4/11/20","3","1","08095","33.33"
"Pitkin","2","49","Colorado","4/11/20","38","11","08097","28.95"
"Prowers","0","1","Colorado","4/11/20","0","1","08099","1"
"Pueblo","2","53","Colorado","4/11/20","36","17","08101","47.22"
"Rio Blanco","0","1","Colorado","4/11/20","1","0","08103","0"
"Rio Grande","0","5","Colorado","4/11/20","5","0","08105","0"
"Routt","1","35","Colorado","4/11/20","29","6","08107","20.69"
"Saguache","0","3","Colorado","4/11/20","3","0","08109","0"
"San Miguel","0","12","Colorado","4/11/20","9","3","08113","33.33"
"Summit","3","68","Colorado","4/11/20","50","18","08117","36"
"Teller","0","12","Colorado","4/11/20","11","1","08119","9.09"
"Washington","0","2","Colorado","4/11/20","1","1","08121","100"
"Weld","37","683","Colorado","4/11/20","424","259","08123","61.08"
"Yuma","0","2","Colorado","4/11/20","2","0","08125","0"
"Fairfield","369","5407","Connecticut","4/11/20","2824","2583","09001","91.47"
"Hartford","158","1832","Connecticut","4/11/20","726","1106","09003","152.34"
"Litchfield","29","388","Connecticut","4/11/20","182","206","09005","113.19"
"Middlesex","27","290","Connecticut","4/11/20","100","190","09007","190"
"New Haven","242","2715","Connecticut","4/11/20","1024","1691","09009","165.14"
"New London","18","185","Connecticut","4/11/20","57","128","09011","224.56"
"Tolland","11","171","Connecticut","4/11/20","91","80","09013","87.91"
"Windham","5","66","Connecticut","4/11/20","31","35","09015","112.9"
"Kent","27","255","Delaware","4/11/20","68","187","10001","275"
"New Castle","58","807","Delaware","4/11/20","400","407","10003","101.75"
"Sussex","40","404","Delaware","4/11/20","125","279","10005","223.2"
"","0","49","Diamond Princess","4/11/20","49","0",,"0"
"District of Columbia","125","1778","District of Columbia","4/11/20","902","876","11001","97.12"
"Alachua","8","174","Florida","4/11/20","116","58","12001","50"
"Baker","1","17","Florida","4/11/20","11","6","12003","54.55"
"Bay","2","36","Florida","4/11/20","23","13","12005","56.52"
"Bradford","3","24","Florida","4/11/20","6","18","12007","300"
"Brevard","7","120","Florida","4/11/20","72","48","12009","66.67"
"Broward","149","2806","Florida","4/11/20","1765","1041","12011","58.98"
"Calhoun","0","5","Florida","4/11/20","3","2","12013","66.67"
"Charlotte","9","107","Florida","4/11/20","46","61","12015","132.61"
"Citrus","5","66","Florida","4/11/20","34","32","12017","94.12"
"Clay","12","158","Florida","4/11/20","74","84","12019","113.51"
"Collier","18","344","Florida","4/11/20","221","123","12021","55.66"
"Columbia","2","24","Florida","4/11/20","10","14","12023","140"
"DeSoto","1","20","Florida","4/11/20","11","9","12027","81.82"
"Dixie","0","2","Florida","4/11/20","1","1","12029","100"
"Duval","35","635","Florida","4/11/20","387","248","12031","64.08"
"Escambia","13","206","Florida","4/11/20","118","88","12033","74.58"
"Flagler","2","44","Florida","4/11/20","29","15","12035","51.72"
"Franklin","0","2","Florida","4/11/20","1","1","12037","100"
"Gadsden","1","14","Florida","4/11/20","4","10","12039","250"
"Gilchrist","1","4","Florida","4/11/20","0","4","12041","1"
"Glades","0","4","Florida","4/11/20","4","0","12043","0"
"Gulf","0","1","Florida","4/11/20","1","0","12045","0"
"Hamilton","0","2","Florida","4/11/20","0","2","12047","1"
"Hardee","0","3","Florida","4/11/20","1","2","12049","200"
"Hendry","1","16","Florida","4/11/20","6","10","12051","166.67"
"Hernando","4","65","Florida","4/11/20","40","25","12053","62.5"
"Highlands","3","51","Florida","4/11/20","30","21","12055","70"
"Hillsborough","28","690","Florida","4/11/20","497","193","12057","38.83"
"Holmes","0","2","Florida","4/11/20","1","1","12059","100"
"Indian River","3","70","Florida","4/11/20","50","20","12061","40"
"Jackson","0","5","Florida","4/11/20","4","1","12063","25"
"Jefferson","1","9","Florida","4/11/20","1","8","12065","800"
"Lafayette","0","1","Florida","4/11/20","0","1","12067","1"
"Lake","8","149","Florida","4/11/20","95","54","12069","56.84"
"Lee","34","584","Florida","4/11/20","348","236","12071","67.82"
"Leon","10","112","Florida","4/11/20","42","70","12073","166.67"
"Levy","1","6","Florida","4/11/20","2","4","12075","200"
"Liberty","0","1","Florida","4/11/20","0","1","12077","1"
"Madison","1","14","Florida","4/11/20","6","8","12079","133.33"
"Manatee","11","203","Florida","4/11/20","129","74","12081","57.36"
"Marion","6","83","Florida","4/11/20","42","41","12083","97.62"
"Martin","9","115","Florida","4/11/20","53","62","12085","116.98"
"Miami-Dade","371","6487","Florida","4/11/20","3890","2597","12086","66.76"
"Monroe","2","58","Florida","4/11/20","42","16","12087","38.1"
"Nassau","2","33","Florida","4/11/20","21","12","12089","57.14"
"Okaloosa","5","91","Florida","4/11/20","59","32","12091","54.24"
"Okeechobee","0","5","Florida","4/11/20","3","2","12093","66.67"
"Orange","37","914","Florida","4/11/20","657","257","12095","39.12"
"Osceola","14","317","Florida","4/11/20","216","101","12097","46.76"
"Palm Beach","70","1441","Florida","4/11/20","954","487","12099","51.05"
"Pasco","8","148","Florida","4/11/20","90","58","12101","64.44"
"Pinellas","15","444","Florida","4/11/20","342","102","12103","29.82"
"Polk","14","242","Florida","4/11/20","142","100","12105","70.42"
"Putnam","2","29","Florida","4/11/20","18","11","12107","61.11"
"Santa Rosa","8","105","Florida","4/11/20","50","55","12113","110"
"Sarasota","13","219","Florida","4/11/20","129","90","12115","69.77"
"Seminole","9","242","Florida","4/11/20","178","64","12117","35.96"
"St. Johns","5","167","Florida","4/11/20","132","35","12109","26.52"
"St. Lucie","10","148","Florida","4/11/20","76","72","12111","94.74"
"Sumter","5","107","Florida","4/11/20","73","34","12119","46.58"
"Suwannee","7","66","Florida","4/11/20","17","49","12121","288.24"
"Taylor","0","1","Florida","4/11/20","0","1","12123","1"
"Union","0","2","Florida","4/11/20","2","0","12125","0"
"Volusia","9","195","Florida","4/11/20","134","61","12127","45.52"
"Wakulla","0","7","Florida","4/11/20","5","2","12129","40"
"Walton","1","27","Florida","4/11/20","21","6","12131","28.57"
"Washington","0","3","Florida","4/11/20","1","2","12133","200"
"Appling","1","9","Georgia","4/11/20","5","4","13001","80"
"Atkinson","0","2","Georgia","4/11/20","0","2","13003","1"
"Bacon","1","14","Georgia","4/11/20","6","8","13005","133.33"
"Baker","1","12","Georgia","4/11/20","4","8","13007","200"
"Baldwin","5","44","Georgia","4/11/20","11","33","13009","300"
"Banks","1","7","Georgia","4/11/20","3","4","13011","133.33"
"Barrow","4","51","Georgia","4/11/20","22","29","13013","131.82"
"Bartow","7","209","Georgia","4/11/20","160","49","13015","30.62"
"Ben Hill","1","8","Georgia","4/11/20","4","4","13017","100"
"Berrien","0","6","Georgia","4/11/20","3","3","13019","100"
"Bibb","4","63","Georgia","4/11/20","36","27","13021","75"
"Bleckley","0","1","Georgia","4/11/20","1","0","13023","0"
"Brantley","1","7","Georgia","4/11/20","0","7","13025","1"
"Brooks","2","18","Georgia","4/11/20","5","13","13027","260"
"Bryan","2","28","Georgia","4/11/20","15","13","13029","86.67"
"Bulloch","2","16","Georgia","4/11/20","5","11","13031","220"
"Burke","3","28","Georgia","4/11/20","8","20","13033","250"
"Butts","2","27","Georgia","4/11/20","10","17","13035","170"
"Calhoun","4","41","Georgia","4/11/20","11","30","13037","272.73"
"Camden","2","20","Georgia","4/11/20","6","14","13039","233.33"
"Candler","0","4","Georgia","4/11/20","1","3","13043","300"
"Carroll","7","201","Georgia","4/11/20","149","52","13045","34.9"
"Catoosa","1","12","Georgia","4/11/20","6","6","13047","100"
"Charlton","0","2","Georgia","4/11/20","1","1","13049","100"
"Chatham","11","142","Georgia","4/11/20","64","78","13051","121.88"
"Chattahoochee","0","3","Georgia","4/11/20","2","1","13053","50"
"Chattooga","0","5","Georgia","4/11/20","3","2","13055","66.67"
"Cherokee","10","182","Georgia","4/11/20","114","68","13057","59.65"
"Clarke","3","82","Georgia","4/11/20","60","22","13059","36.67"
"Clay","1","15","Georgia","4/11/20","7","8","13061","114.29"
"Clayton","15","331","Georgia","4/11/20","224","107","13063","47.77"
"Clinch","0","3","Georgia","4/11/20","2","1","13065","50"
"Cobb","38","696","Georgia","4/11/20","428","268","13067","62.62"
"Coffee","5","53","Georgia","4/11/20","15","38","13069","253.33"
"Colquitt","5","80","Georgia","4/11/20","46","34","13071","73.91"
"Columbia","5","66","Georgia","4/11/20","33","33","13073","100"
"Cook","1","6","Georgia","4/11/20","1","5","13075","500"
"Coweta","6","101","Georgia","4/11/20","58","43","13077","74.14"
"Crawford","0","3","Georgia","4/11/20","0","3","13079","1"
"Crisp","6","67","Georgia","4/11/20","25","42","13081","168"
"Dade","0","2","Georgia","4/11/20","1","1","13083","100"
"Dawson","2","25","Georgia","4/11/20","13","12","13085","92.31"
"Decatur","2","27","Georgia","4/11/20","16","11","13087","68.75"
"DeKalb","48","835","Georgia","4/11/20","500","335","13089","67"
"Dodge","1","9","Georgia","4/11/20","5","4","13091","80"
"Dooly","4","40","Georgia","4/11/20","15","25","13093","166.67"
"Dougherty","63","1076","Georgia","4/11/20","636","440","13095","69.18"
"Douglas","10","147","Georgia","4/11/20","80","67","13097","83.75"
"Early","6","106","Georgia","4/11/20","62","44","13099","70.97"
"Echols","0","2","Georgia","4/11/20","0","2","13101","1"
"Effingham","2","20","Georgia","4/11/20","7","13","13103","185.71"
"Elbert","0","3","Georgia","4/11/20","1","2","13105","200"
"Emanuel","1","7","Georgia","4/11/20","1","6","13107","600"
"Fannin","0","9","Georgia","4/11/20","8","1","13111","12.5"
"Fayette","5","94","Georgia","4/11/20","62","32","13113","51.61"
"Floyd","4","105","Georgia","4/11/20","79","26","13115","32.91"
"Forsyth","8","121","Georgia","4/11/20","63","58","13117","92.06"
"Franklin","0","4","Georgia","4/11/20","5","-1","13119","-20"
"Fulton","69","1422","Georgia","4/11/20","941","481","13121","51.12"
"Gilmer","1","6","Georgia","4/11/20","1","5","13123","500"
"Glynn","1","33","Georgia","4/11/20","27","6","13127","22.22"
"Gordon","1","29","Georgia","4/11/20","21","8","13129","38.1"
"Grady","2","15","Georgia","4/11/20","3","12","13131","400"
"Greene","2","25","Georgia","4/11/20","12","13","13133","108.33"
"Gwinnett","44","675","Georgia","4/11/20","364","311","13135","85.44"
"Habersham","2","14","Georgia","4/11/20","2","12","13137","600"
"Hall","27","275","Georgia","4/11/20","84","191","13139","227.38"
"Hancock","0","3","Georgia","4/11/20","0","3","13141","1"
"Haralson","1","15","Georgia","4/11/20","10","5","13143","50"
"Harris","2","19","Georgia","4/11/20","6","13","13145","216.67"
"Hart","0","3","Georgia","4/11/20","3","0","13147","0"
"Heard","0","3","Georgia","4/11/20","2","1","13149","50"
"Henry","14","249","Georgia","4/11/20","150","99","13151","66"
"Houston","8","113","Georgia","4/11/20","58","55","13153","94.83"
"Irwin","1","11","Georgia","4/11/20","6","5","13155","83.33"
"Jackson","2","26","Georgia","4/11/20","13","13","13157","100"
"Jasper","1","6","Georgia","4/11/20","2","4","13159","200"
"Jeff Davis","0","1","Georgia","4/11/20","0","1","13161","1"
"Jefferson","1","6","Georgia","4/11/20","2","4","13163","200"
"Jenkins","1","9","Georgia","4/11/20","2","7","13165","350"
"Johnson","2","15","Georgia","4/11/20","1","14","13167","1400"
"Jones","1","11","Georgia","4/11/20","6","5","13169","83.33"
"Lamar","1","15","Georgia","4/11/20","6","9","13171","150"
"Lanier","1","5","Georgia","4/11/20","1","4","13173","400"
"Laurens","2","28","Georgia","4/11/20","15","13","13175","86.67"
"Lee","15","234","Georgia","4/11/20","128","106","13177","82.81"
"Liberty","1","16","Georgia","4/11/20","9","7","13179","77.78"
"Lincoln","0","8","Georgia","4/11/20","5","3","13181","60"
"Long","0","1","Georgia","4/11/20","1","0","13183","0"
"Lowndes","3","59","Georgia","4/11/20","35","24","13185","68.57"
"Lumpkin","0","9","Georgia","4/11/20","7","2","13187","28.57"
"Macon","2","19","Georgia","4/11/20","4","15","13193","375"
"Madison","0","10","Georgia","4/11/20","7","3","13195","42.86"
"Marion","1","10","Georgia","4/11/20","2","8","13197","400"
"McDuffie","2","20","Georgia","4/11/20","5","15","13189","300"
"McIntosh","0","3","Georgia","4/11/20","2","1","13191","50"
"Meriwether","2","22","Georgia","4/11/20","10","12","13199","120"
"Miller","0","10","Georgia","4/11/20","10","0","13201","0"
"Mitchell","12","135","Georgia","4/11/20","52","83","13205","159.62"
"Monroe","1","12","Georgia","4/11/20","7","5","13207","71.43"
"Morgan","2","14","Georgia","4/11/20","2","12","13211","600"
"Murray","1","14","Georgia","4/11/20","9","5","13213","55.56"
"Muscogee","16","144","Georgia","4/11/20","33","111","13215","336.36"
"Newton","5","77","Georgia","4/11/20","43","34","13217","79.07"
"Oconee","2","36","Georgia","4/11/20","22","14","13219","63.64"
"Oglethorpe","2","12","Georgia","4/11/20","1","11","13221","1100"
"Paulding","4","76","Georgia","4/11/20","48","28","13223","58.33"
"Peach","2","21","Georgia","4/11/20","10","11","13225","110"
"Pickens","0","10","Georgia","4/11/20","9","1","13227","11.11"
"Pierce","4","45","Georgia","4/11/20","16","29","13229","181.25"
"Pike","2","15","Georgia","4/11/20","4","11","13231","275"
"Polk","0","21","Georgia","4/11/20","18","3","13233","16.67"
"Pulaski","0","9","Georgia","4/11/20","7","2","13235","28.57"
"Putnam","0","5","Georgia","4/11/20","2","3","13237","150"
"Quitman","0","3","Georgia","4/11/20","1","2","13239","200"
"Rabun","1","6","Georgia","4/11/20","2","4","13241","200"
"Randolph","12","103","Georgia","4/11/20","16","87","13243","543.75"
"Richmond","12","138","Georgia","4/11/20","51","87","13245","170.59"
"Rockdale","3","91","Georgia","4/11/20","70","21","13247","30"
"Schley","1","12","Georgia","4/11/20","6","6","13249","100"
"Screven","0","5","Georgia","4/11/20","2","3","13251","150"
"Seminole","1","14","Georgia","4/11/20","8","6","13253","75"
"Spalding","6","65","Georgia","4/11/20","24","41","13255","170.83"
"Stephens","2","17","Georgia","4/11/20","5","12","13257","240"
"Stewart","1","6","Georgia","4/11/20","1","5","13259","500"
"Sumter","20","222","Georgia","4/11/20","80","142","13261","177.5"
"Talbot","1","9","Georgia","4/11/20","3","6","13263","200"
"Tattnall","0","3","Georgia","4/11/20","3","0","13267","0"
"Taylor","1","7","Georgia","4/11/20","2","5","13269","250"
"Telfair","1","9","Georgia","4/11/20","3","6","13271","200"
"Terrell","7","104","Georgia","4/11/20","52","52","13273","100"
"Thomas","7","74","Georgia","4/11/20","26","48","13275","184.62"
"Tift","3","57","Georgia","4/11/20","34","23","13277","67.65"
"Toombs","1","11","Georgia","4/11/20","5","6","13279","120"
"Towns","0","3","Georgia","4/11/20","1","2","13281","200"
"Treutlen","0","1","Georgia","4/11/20","0","1","13283","1"
"Troup","3","55","Georgia","4/11/20","32","23","13285","71.88"
"Turner","2","29","Georgia","4/11/20","12","17","13287","141.67"
"Twiggs","0","2","Georgia","4/11/20","2","0","13289","0"
"Union","1","7","Georgia","4/11/20","1","6","13291","600"
"Upson","6","51","Georgia","4/11/20","10","41","13293","410"
"Walker","0","6","Georgia","4/11/20","3","3","13295","100"
"Walton","3","36","Georgia","4/11/20","16","20","13297","125"
"Ware","5","50","Georgia","4/11/20","18","32","13299","177.78"
"Warren","0","6","Georgia","4/11/20","4","2","13301","50"
"Washington","2","21","Georgia","4/11/20","5","16","13303","320"
"Wayne","1","4","Georgia","4/11/20","0","4","13305","1"
"Webster","0","3","Georgia","4/11/20","1","2","13307","200"
"Wheeler","0","2","Georgia","4/11/20","1","1","13309","100"
"White","1","11","Georgia","4/11/20","3","8","13311","266.67"
"Whitfield","1","24","Georgia","4/11/20","16","8","13313","50"
"Wilcox","0","5","Georgia","4/11/20","2","3","13315","150"
"Wilkes","0","6","Georgia","4/11/20","3","3","13317","100"
"Wilkinson","1","10","Georgia","4/11/20","2","8","13319","400"
"Worth","6","78","Georgia","4/11/20","35","43","13321","122.86"
"","0","103","Grand Princess","4/11/20","103","0",,"0"
"","6","133","Guam","4/11/20","93","40",,"43.01"
"Hawaii","1","31","Hawaii","4/11/20","22","9","15001","40.91"
"Honolulu","11","343","Hawaii","4/11/20","266","77","15003","28.95"
"Kauai","1","19","Hawaii","4/11/20","15","4","15007","26.67"
"Maui","4","66","Hawaii","4/11/20","38","28","15009","73.68"
"Out of HI","0","2","Hawaii","4/11/20","2","0","80015","0"
"Ada","22","513","Idaho","4/11/20","360","153","16001","42.5"
"Adams","0","1","Idaho","4/11/20","1","0","16003","0"
"Bannock","0","5","Idaho","4/11/20","5","0","16005","0"
"Bingham","0","2","Idaho","4/11/20","2","0","16011","0"
"Blaine","7","452","Idaho","4/11/20","405","47","16013","11.6"
"Bonner","0","4","Idaho","4/11/20","2","2","16017","100"
"Bonneville","1","11","Idaho","4/11/20","5","6","16019","120"
"Camas","0","1","Idaho","4/11/20","1","0","16025","0"
"Canyon","8","145","Idaho","4/11/20","89","56","16027","62.92"
"Caribou","0","1","Idaho","4/11/20","0","1","16029","1"
"Cassia","0","7","Idaho","4/11/20","4","3","16031","75"
"Custer","0","2","Idaho","4/11/20","2","0","16037","0"
"Elmore","1","16","Idaho","4/11/20","10","6","16039","60"
"Fremont","0","2","Idaho","4/11/20","1","1","16043","100"
"Gem","0","9","Idaho","4/11/20","7","2","16045","28.57"
"Gooding","1","5","Idaho","4/11/20","1","4","16047","400"
"Idaho","0","3","Idaho","4/11/20","2","1","16049","50"
"Jefferson","0","4","Idaho","4/11/20","3","1","16051","33.33"
"Jerome","2","28","Idaho","4/11/20","11","17","16053","154.55"
"Kootenai","1","44","Idaho","4/11/20","37","7","16055","18.92"
"Latah","0","3","Idaho","4/11/20","1","2","16057","200"
"Lewis","0","0","Idaho","4/11/20","1","-1","16061","-100"
"Lincoln","1","14","Idaho","4/11/20","7","7","16063","100"
"Madison","0","5","Idaho","4/11/20","4","1","16065","25"
"Minidoka","0","4","Idaho","4/11/20","1","3","16067","300"
"Nez Perce","1","19","Idaho","4/11/20","13","6","16069","46.15"
"Owyhee","0","4","Idaho","4/11/20","2","2","16073","100"
"Payette","0","8","Idaho","4/11/20","5","3","16075","60"
"Power","0","2","Idaho","4/11/20","0","2","16077","1"
"Teton","0","6","Idaho","4/11/20","3","3","16081","100"
"Twin Falls","6","73","Idaho","4/11/20","33","40","16083","121.21"
"Valley","0","2","Idaho","4/11/20","3","-1","16085","-33.33"
"Washington","0","1","Idaho","4/11/20","1","0","16087","0"
"Adams","3","25","Illinois","4/11/20","3","22","17001","733.33"
"Bond","0","4","Illinois","4/11/20","3","1","17005","33.33"
"Boone","1","7","Illinois","4/11/20","0","7","17007","1"
"Bureau","0","5","Illinois","4/11/20","3","2","17011","66.67"
"Calhoun","0","1","Illinois","4/11/20","0","1","17013","1"
"Carroll","0","5","Illinois","4/11/20","4","1","17015","25"
"Champaign","4","85","Illinois","4/11/20","55","30","17019","54.55"
"Christian","1","24","Illinois","4/11/20","17","7","17021","41.18"
"Clark","0","3","Illinois","4/11/20","2","1","17023","50"
"Clinton","4","37","Illinois","4/11/20","10","27","17027","270"
"Coles","1","5","Illinois","4/11/20","0","5","17029","1"
"Cook","854","13417","Illinois","4/11/20","7439","5978","17031","80.36"
"Crawford","0","4","Illinois","4/11/20","2","2","17033","100"
"Cumberland","0","2","Illinois","4/11/20","1","1","17035","100"
"De Witt","0","1","Illinois","4/11/20","1","0","17039","0"
"DeKalb","2","33","Illinois","4/11/20","19","14","17037","73.68"
"Douglas","0","11","Illinois","4/11/20","9","2","17041","22.22"
"DuPage","65","1048","Illinois","4/11/20","590","458","17043","77.63"
"Effingham","0","3","Illinois","4/11/20","1","2","17049","200"
"Fayette","1","9","Illinois","4/11/20","2","7","17051","350"
"Ford","0","4","Illinois","4/11/20","1","3","17053","300"
"Franklin","0","3","Illinois","4/11/20","1","2","17055","200"
"Fulton","0","1","Illinois","4/11/20","0","1","17057","1"
"Gallatin","0","1","Illinois","4/11/20","0","1","17059","1"
"Greene","0","1","Illinois","4/11/20","0","1","17061","1"
"Grundy","1","17","Illinois","4/11/20","9","8","17063","88.89"
"Hancock","0","1","Illinois","4/11/20","0","1","17067","1"
"Henry","2","22","Illinois","4/11/20","7","15","17073","214.29"
"Iroquois","1","8","Illinois","4/11/20","4","4","17075","100"
"Jackson","3","30","Illinois","4/11/20","10","20","17077","200"
"Jasper","0","3","Illinois","4/11/20","2","1","17079","50"
"Jefferson","1","6","Illinois","4/11/20","0","6","17081","1"
"Jersey","1","6","Illinois","4/11/20","1","5","17083","500"
"Jo Daviess","1","10","Illinois","4/11/20","4","6","17085","150"
"Kane","24","376","Illinois","4/11/20","207","169","17089","81.64"
"Kankakee","17","185","Illinois","4/11/20","68","117","17091","172.06"
"Kendall","8","103","Illinois","4/11/20","47","56","17093","119.15"
"Knox","0","2","Illinois","4/11/20","1","1","17095","100"
"Lake","93","1331","Illinois","4/11/20","683","648","17097","94.88"
"LaSalle","2","18","Illinois","4/11/20","7","11","17099","157.14"
"Lawrence","0","2","Illinois","4/11/20","0","2","17101","1"
"Lee","1","12","Illinois","4/11/20","2","10","17103","500"
"Livingston","1","15","Illinois","4/11/20","6","9","17105","150"
"Logan","0","3","Illinois","4/11/20","1","2","17107","200"
"Macon","3","23","Illinois","4/11/20","5","18","17115","360"
"Macoupin","1","14","Illinois","4/11/20","4","10","17117","250"
"Madison","8","103","Illinois","4/11/20","47","56","17119","119.15"
"Marion","1","13","Illinois","4/11/20","3","10","17121","333.33"
"Marshall","0","1","Illinois","4/11/20","1","0","17123","0"
"Mason","0","3","Illinois","4/11/20","1","2","17125","200"
"Massac","0","2","Illinois","4/11/20","1","1","17127","100"
"McDonough","0","1","Illinois","4/11/20","0","1","17109","1"
"McHenry","14","220","Illinois","4/11/20","122","98","17111","80.33"
"McLean","5","75","Illinois","4/11/20","40","35","17113","87.5"
"Menard","0","2","Illinois","4/11/20","1","1","17129","100"
"Mercer","0","2","Illinois","4/11/20","1","1","17131","100"
"Monroe","5","43","Illinois","4/11/20","9","34","17133","377.78"
"Montgomery","1","8","Illinois","4/11/20","2","6","17135","300"
"Morgan","1","10","Illinois","4/11/20","6","4","17137","66.67"
"Moultrie","0","3","Illinois","4/11/20","1","2","17139","200"
"Ogle","2","16","Illinois","4/11/20","4","12","17141","300"
"Peoria","2","23","Illinois","4/11/20","11","12","17143","109.09"
"Perry","0","1","Illinois","4/11/20","0","1","17145","1"
"Piatt","1","6","Illinois","4/11/20","1","5","17147","500"
"Pike","0","1","Illinois","4/11/20","1","0","17149","0"
"Pulaski","1","4","Illinois","4/11/20","0","4","17153","1"
"Randolph","2","37","Illinois","4/11/20","20","17","17157","85"
"Richland","0","1","Illinois","4/11/20","0","1","17159","1"
"Rock Island","8","84","Illinois","4/11/20","29","55","17161","189.66"
"Saline","0","3","Illinois","4/11/20","1","2","17165","200"
"Sangamon","3","43","Illinois","4/11/20","25","18","17167","72"
"Schuyler","0","1","Illinois","4/11/20","0","1","17169","1"
"Shelby","0","3","Illinois","4/11/20","0","3","17173","1"
"St. Clair","13","173","Illinois","4/11/20","80","93","17163","116.25"
"Stark","0","1","Illinois","4/11/20","0","1","17175","1"
"Stephenson","1","8","Illinois","4/11/20","3","5","17177","166.67"
"Tazewell","1","18","Illinois","4/11/20","10","8","17179","80"
"Vermilion","0","7","Illinois","4/11/20","5","2","17183","40"
"Wabash","0","2","Illinois","4/11/20","0","2","17185","1"
"Warren","0","1","Illinois","4/11/20","0","1","17187","1"
"Washington","0","2","Illinois","4/11/20","1","1","17189","100"
"Whiteside","1","25","Illinois","4/11/20","15","10","17195","66.67"
"Will","78","1126","Illinois","4/11/20","582","544","17197","93.47"
"Williamson","1","10","Illinois","4/11/20","3","7","17199","233.33"
"Winnebago","6","80","Illinois","4/11/20","36","44","17201","122.22"
"Woodford","0","7","Illinois","4/11/20","6","1","17203","16.67"
"Adams","0","4","Indiana","4/11/20","2","2","18001","100"
"Allen","11","136","Indiana","4/11/20","59","77","18003","130.51"
"Bartholomew","9","108","Indiana","4/11/20","45","63","18005","140"
"Blackford","0","5","Indiana","4/11/20","2","3","18009","150"
"Boone","8","103","Indiana","4/11/20","50","53","18011","106"
"Brown","1","12","Indiana","4/11/20","4","8","18013","200"
"Carroll","0","5","Indiana","4/11/20","3","2","18015","66.67"
"Cass","3","23","Indiana","4/11/20","4","19","18017","475"
"Clark","6","106","Indiana","4/11/20","61","45","18019","73.77"
"Clay","1","11","Indiana","4/11/20","3","8","18021","266.67"
"Clinton","1","11","Indiana","4/11/20","3","8","18023","266.67"
"Crawford","1","12","Indiana","4/11/20","5","7","18025","140"
"Daviess","1","9","Indiana","4/11/20","0","9","18027","1"
"Dearborn","4","59","Indiana","4/11/20","30","29","18029","96.67"
"Decatur","6","123","Indiana","4/11/20","79","44","18031","55.7"
"DeKalb","0","5","Indiana","4/11/20","3","2","18033","66.67"
"Delaware","4","63","Indiana","4/11/20","33","30","18035","90.91"
"Dubois","1","11","Indiana","4/11/20","4","7","18037","175"
"Elkhart","6","71","Indiana","4/11/20","31","40","18039","129.03"
"Fayette","1","20","Indiana","4/11/20","14","6","18041","42.86"
"Floyd","9","105","Indiana","4/11/20","41","64","18043","156.1"
"Fountain","0","3","Indiana","4/11/20","2","1","18045","50"
"Franklin","2","67","Indiana","4/11/20","50","17","18047","34"
"Fulton","0","3","Indiana","4/11/20","2","1","18049","50"
"Gibson","0","4","Indiana","4/11/20","4","0","18051","0"
"Grant","3","35","Indiana","4/11/20","15","20","18053","133.33"
"Greene","1","14","Indiana","4/11/20","9","5","18055","55.56"
"Hamilton","25","443","Indiana","4/11/20","265","178","18057","67.17"
"Hancock","8","112","Indiana","4/11/20","57","55","18059","96.49"
"Harrison","4","54","Indiana","4/11/20","28","26","18061","92.86"
"Hendricks","20","301","Indiana","4/11/20","163","138","18063","84.66"
"Henry","2","22","Indiana","4/11/20","8","14","18065","175"
"Howard","3","46","Indiana","4/11/20","27","19","18067","70.37"
"Huntington","0","6","Indiana","4/11/20","5","1","18069","20"
"Jackson","5","64","Indiana","4/11/20","28","36","18071","128.57"
"Jasper","0","16","Indiana","4/11/20","15","1","18073","6.67"
"Jay","0","4","Indiana","4/11/20","2","2","18075","100"
"Jefferson","1","13","Indiana","4/11/20","5","8","18077","160"
"Jennings","3","54","Indiana","4/11/20","35","19","18079","54.29"
"Johnson","19","287","Indiana","4/11/20","153","134","18081","87.58"
"Knox","1","13","Indiana","4/11/20","5","8","18083","160"
"Kosciusko","1","17","Indiana","4/11/20","11","6","18085","54.55"
"LaGrange","1","10","Indiana","4/11/20","4","6","18087","150"
"Lake","52","676","Indiana","4/11/20","313","363","18089","115.97"
"LaPorte","2","31","Indiana","4/11/20","19","12","18091","63.16"
"Lawrence","4","63","Indiana","4/11/20","36","27","18093","75"
"Madison","23","235","Indiana","4/11/20","72","163","18095","226.39"
"Marion","167","2742","Indiana","4/11/20","1570","1172","18097","74.65"
"Marshall","1","14","Indiana","4/11/20","4","10","18099","250"
"Martin","0","2","Indiana","4/11/20","1","1","18101","100"
"Miami","1","15","Indiana","4/11/20","8","7","18103","87.5"
"Monroe","4","75","Indiana","4/11/20","45","30","18105","66.67"
"Montgomery","1","21","Indiana","4/11/20","14","7","18107","50"
"Morgan","5","94","Indiana","4/11/20","60","34","18109","56.67"
"Newton","1","9","Indiana","4/11/20","1","8","18111","800"
"Noble","1","14","Indiana","4/11/20","9","5","18113","55.56"
"Ohio","0","1","Indiana","4/11/20","1","0","18115","0"
"Orange","2","16","Indiana","4/11/20","5","11","18117","220"
"Owen","1","18","Indiana","4/11/20","13","5","18119","38.46"
"Parke","1","7","Indiana","4/11/20","2","5","18121","250"
"Perry","0","3","Indiana","4/11/20","0","3","18123","1"
"Porter","8","107","Indiana","4/11/20","51","56","18127","109.8"
"Posey","0","5","Indiana","4/11/20","5","0","18129","0"
"Pulaski","0","1","Indiana","4/11/20","0","1","18131","1"
"Putnam","3","32","Indiana","4/11/20","14","18","18133","128.57"
"Randolph","0","8","Indiana","4/11/20","5","3","18135","60"
"Ripley","4","81","Indiana","4/11/20","51","30","18137","58.82"
"Rush","0","13","Indiana","4/11/20","10","3","18139","30"
"Scott","1","14","Indiana","4/11/20","7","7","18143","100"
"Shelby","5","68","Indiana","4/11/20","32","36","18145","112.5"
"Spencer","0","2","Indiana","4/11/20","1","1","18147","100"
"St. Joseph","14","186","Indiana","4/11/20","89","97","18141","108.99"
"Starke","1","8","Indiana","4/11/20","2","6","18149","300"
"Steuben","1","12","Indiana","4/11/20","4","8","18151","200"
"Sullivan","0","5","Indiana","4/11/20","3","2","18153","66.67"
"Switzerland","1","13","Indiana","4/11/20","7","6","18155","85.71"
"Tippecanoe","2","43","Indiana","4/11/20","28","15","18157","53.57"
"Tipton","0","9","Indiana","4/11/20","6","3","18159","50"
"Union","0","5","Indiana","4/11/20","2","3","18161","150"
"Vanderburgh","3","53","Indiana","4/11/20","35","18","18163","51.43"
"Vermillion","0","3","Indiana","4/11/20","2","1","18165","50"
"Vigo","4","41","Indiana","4/11/20","10","31","18167","310"
"Wabash","1","7","Indiana","4/11/20","1","6","18169","600"
"Warren","0","2","Indiana","4/11/20","2","0","18171","0"
"Warrick","3","34","Indiana","4/11/20","12","22","18173","183.33"
"Washington","1","23","Indiana","4/11/20","16","7","18175","43.75"
"Wayne","2","17","Indiana","4/11/20","6","11","18177","183.33"
"Wells","0","3","Indiana","4/11/20","2","1","18179","50"
"White","0","3","Indiana","4/11/20","3","0","18181","0"
"Whitley","1","11","Indiana","4/11/20","5","6","18183","120"
"Adair","0","1","Iowa","4/11/20","1","0","19001","0"
"Allamakee","1","21","Iowa","4/11/20","16","5","19005","31.25"
"Appanoose","0","1","Iowa","4/11/20","1","0","19007","0"
"Audubon","0","1","Iowa","4/11/20","1","0","19009","0"
"Benton","1","16","Iowa","4/11/20","7","9","19011","128.57"
"Black Hawk","4","41","Iowa","4/11/20","10","31","19013","310"
"Boone","0","4","Iowa","4/11/20","2","2","19015","100"
"Bremer","0","3","Iowa","4/11/20","2","1","19017","50"
"Buchanan","0","6","Iowa","4/11/20","3","3","19019","100"
"Buena Vista","0","2","Iowa","4/11/20","0","2","19021","1"
"Butler","0","1","Iowa","4/11/20","1","0","19023","0"
"Carroll","0","1","Iowa","4/11/20","1","0","19027","0"
"Cedar","1","20","Iowa","4/11/20","11","9","19031","81.82"
"Cerro Gordo","0","13","Iowa","4/11/20","10","3","19033","30"
"Chickasaw","0","2","Iowa","4/11/20","0","2","19037","1"
"Clarke","0","2","Iowa","4/11/20","0","2","19039","1"
"Clay","0","2","Iowa","4/11/20","2","0","19041","0"
"Clayton","1","7","Iowa","4/11/20","3","4","19043","133.33"
"Clinton","2","28","Iowa","4/11/20","15","13","19045","86.67"
"Crawford","0","6","Iowa","4/11/20","4","2","19047","50"
"Dallas","1","37","Iowa","4/11/20","33","4","19049","12.12"
"Delaware","0","2","Iowa","4/11/20","0","2","19055","1"
"Des Moines","0","3","Iowa","4/11/20","1","2","19057","200"
"Dickinson","0","1","Iowa","4/11/20","1","0","19059","0"
"Dubuque","1","32","Iowa","4/11/20","24","8","19061","33.33"
"Fayette","0","4","Iowa","4/11/20","3","1","19065","33.33"
"Franklin","0","1","Iowa","4/11/20","0","1","19069","1"
"Greene","0","1","Iowa","4/11/20","0","1","19073","1"
"Grundy","0","1","Iowa","4/11/20","1","0","19075","0"
"Guthrie","0","1","Iowa","4/11/20","1","0","19077","0"
"Hamilton","0","2","Iowa","4/11/20","0","2","19079","1"
"Hancock","0","3","Iowa","4/11/20","3","0","19081","0"
"Hardin","0","1","Iowa","4/11/20","1","0","19083","0"
"Harrison","0","12","Iowa","4/11/20","10","2","19085","20"
"Henry","2","19","Iowa","4/11/20","6","13","19087","216.67"
"Howard","0","1","Iowa","4/11/20","1","0","19089","0"
"Iowa","0","7","Iowa","4/11/20","6","1","19095","16.67"
"Jackson","0","4","Iowa","4/11/20","3","1","19097","33.33"
"Jasper","0","10","Iowa","4/11/20","8","2","19099","25"
"Jefferson","0","4","Iowa","4/11/20","3","1","19101","33.33"
"Johnson","14","194","Iowa","4/11/20","96","98","19103","102.08"
"Jones","0","8","Iowa","4/11/20","5","3","19105","60"
"Keokuk","0","2","Iowa","4/11/20","2","0","19107","0"
"Kossuth","0","1","Iowa","4/11/20","1","0","19109","0"
"Lee","0","1","Iowa","4/11/20","1","0","19111","0"
"Linn","14","235","Iowa","4/11/20","139","96","19113","69.06"
"Louisa","10","70","Iowa","4/11/20","1","69","19115","6900"
"Lyon","0","2","Iowa","4/11/20","2","0","19119","0"
"Madison","0","2","Iowa","4/11/20","1","1","19121","100"
"Mahaska","0","4","Iowa","4/11/20","3","1","19123","33.33"
"Marion","0","3","Iowa","4/11/20","0","3","19125","1"
"Marshall","3","28","Iowa","4/11/20","10","18","19127","180"
"Mills","0","1","Iowa","4/11/20","1","0","19129","0"
"Mitchell","0","2","Iowa","4/11/20","2","0","19131","0"
"Monona","0","6","Iowa","4/11/20","6","0","19133","0"
"Montgomery","0","1","Iowa","4/11/20","1","0","19137","0"
"Muscatine","9","91","Iowa","4/11/20","27","64","19139","237.04"
"O'Brien","0","3","Iowa","4/11/20","3","0","19141","0"
"Osceola","0","1","Iowa","4/11/20","0","1","19143","1"
"Page","0","3","Iowa","4/11/20","3","0","19145","0"
"Plymouth","0","4","Iowa","4/11/20","3","1","19149","33.33"
"Polk","8","163","Iowa","4/11/20","109","54","19153","49.54"
"Pottawattamie","1","12","Iowa","4/11/20","8","4","19155","50"
"Poweshiek","0","6","Iowa","4/11/20","6","0","19157","0"
"Scott","10","111","Iowa","4/11/20","38","73","19163","192.11"
"Shelby","0","6","Iowa","4/11/20","5","1","19165","20"
"Sioux","0","7","Iowa","4/11/20","7","0","19167","0"
"Story","0","7","Iowa","4/11/20","5","2","19169","40"
"Tama","7","77","Iowa","4/11/20","29","48","19171","165.52"
"Taylor","0","1","Iowa","4/11/20","1","0","19173","0"
"Union","0","1","Iowa","4/11/20","0","1","19175","1"
"Van Buren","0","6","Iowa","4/11/20","6","0","19177","0"
"Wapello","0","4","Iowa","4/11/20","1","3","19179","300"
"Warren","1","15","Iowa","4/11/20","9","6","19181","66.67"
"Washington","5","79","Iowa","4/11/20","47","32","19183","68.09"
"Webster","0","2","Iowa","4/11/20","1","1","19187","100"
"Winnebago","0","2","Iowa","4/11/20","0","2","19189","1"
"Winneshiek","0","5","Iowa","4/11/20","4","1","19191","25"
"Woodbury","1","18","Iowa","4/11/20","8","10","19193","125"
"Worth","0","1","Iowa","4/11/20","0","1","19195","1"
"Wright","0","1","Iowa","4/11/20","1","0","19197","0"
"Anderson","0","1","Kansas","4/11/20","0","1","20003","1"
"Atchison","0","3","Kansas","4/11/20","2","1","20005","50"
"Barber","0","1","Kansas","4/11/20","0","1","20007","1"
"Barton","0","4","Kansas","4/11/20","3","1","20009","33.33"
"Bourbon","1","7","Kansas","4/11/20","3","4","20011","133.33"
"Butler","0","8","Kansas","4/11/20","8","0","20015","0"
"Chautauqua","0","3","Kansas","4/11/20","3","0","20019","0"
"Cherokee","0","6","Kansas","4/11/20","5","1","20021","20"
"Clay","0","1","Kansas","4/11/20","1","0","20027","0"
"Cloud","0","3","Kansas","4/11/20","1","2","20029","200"
"Coffey","2","38","Kansas","4/11/20","23","15","20031","65.22"
"Cowley","0","1","Kansas","4/11/20","1","0","20035","0"
"Crawford","0","6","Kansas","4/11/20","4","2","20037","50"
"Doniphan","0","1","Kansas","4/11/20","1","0","20043","0"
"Douglas","1","39","Kansas","4/11/20","32","7","20045","21.88"
"Ellis","0","1","Kansas","4/11/20","0","1","20051","1"
"Finney","1","15","Kansas","4/11/20","9","6","20055","66.67"
"Ford","1","5","Kansas","4/11/20","1","4","20057","400"
"Franklin","0","12","Kansas","4/11/20","9","3","20059","33.33"
"Geary","1","5","Kansas","4/11/20","0","5","20061","1"
"Gove","0","1","Kansas","4/11/20","1","0","20063","0"
"Greenwood","0","1","Kansas","4/11/20","1","0","20073","0"
"Hamilton","0","1","Kansas","4/11/20","0","1","20075","1"
"Harvey","0","4","Kansas","4/11/20","2","2","20079","100"
"Jackson","0","1","Kansas","4/11/20","1","0","20085","0"
"Jefferson","0","5","Kansas","4/11/20","2","3","20087","150"
"Jewell","0","2","Kansas","4/11/20","1","1","20089","100"
"Johnson","14","283","Kansas","4/11/20","185","98","20091","52.97"
"Labette","2","18","Kansas","4/11/20","4","14","20099","350"
"Leavenworth","6","75","Kansas","4/11/20","33","42","20103","127.27"
"Linn","0","5","Kansas","4/11/20","5","0","20107","0"
"Lyon","1","27","Kansas","4/11/20","19","8","20111","42.11"
"Marion","0","3","Kansas","4/11/20","2","1","20115","50"
"McPherson","1","13","Kansas","4/11/20","8","5","20113","62.5"
"Miami","0","3","Kansas","4/11/20","2","1","20121","50"
"Mitchell","0","2","Kansas","4/11/20","2","0","20123","0"
"Montgomery","1","14","Kansas","4/11/20","6","8","20125","133.33"
"Morris","0","2","Kansas","4/11/20","2","0","20127","0"
"Morton","0","1","Kansas","4/11/20","0","1","20129","1"
"Neosho","0","2","Kansas","4/11/20","1","1","20133","100"
"Osage","0","3","Kansas","4/11/20","3","0","20139","0"
"Osborne","0","2","Kansas","4/11/20","2","0","20141","0"
"Ottawa","0","3","Kansas","4/11/20","2","1","20143","50"
"Phillips","0","1","Kansas","4/11/20","0","1","20147","1"
"Pottawatomie","0","5","Kansas","4/11/20","2","3","20149","150"
"Pratt","0","1","Kansas","4/11/20","1","0","20151","0"
"Reno","0","11","Kansas","4/11/20","9","2","20155","22.22"
"Republic","1","4","Kansas","4/11/20","0","4","20157","1"
"Riley","1","20","Kansas","4/11/20","11","9","20161","81.82"
"Rooks","0","2","Kansas","4/11/20","0","2","20163","1"
"Saline","0","8","Kansas","4/11/20","5","3","20169","60"
"Scott","0","1","Kansas","4/11/20","0","1","20171","1"
"Sedgwick","13","191","Kansas","4/11/20","97","94","20173","96.91"
"Seward","0","3","Kansas","4/11/20","0","3","20175","1"
"Shawnee","7","73","Kansas","4/11/20","27","46","20177","170.37"
"Stafford","0","1","Kansas","4/11/20","1","0","20185","0"
"Stevens","0","2","Kansas","4/11/20","1","1","20189","100"
"Sumner","0","2","Kansas","4/11/20","2","0","20191","0"
"Wabaunsee","0","1","Kansas","4/11/20","0","1","20197","1"
"Woodson","0","3","Kansas","4/11/20","3","0","20207","0"
"Wyandotte","24","315","Kansas","4/11/20","149","166","20209","111.41"
"Adair","0","6","Kentucky","4/11/20","3","3","21001","100"
"Allen","0","3","Kentucky","4/11/20","2","1","21003","50"
"Anderson","0","3","Kentucky","4/11/20","3","0","21005","0"
"Ballard","0","1","Kentucky","4/11/20","0","1","21007","1"
"Barren","0","1","Kentucky","4/11/20","1","0","21009","0"
"Bath","0","1","Kentucky","4/11/20","1","0","21011","0"
"Boone","2","23","Kentucky","4/11/20","11","12","21015","109.09"
"Bourbon","0","4","Kentucky","4/11/20","4","0","21017","0"
"Boyd","1","17","Kentucky","4/11/20","13","4","21019","30.77"
"Boyle","0","9","Kentucky","4/11/20","7","2","21021","28.57"
"Bracken","0","1","Kentucky","4/11/20","1","0","21023","0"
"Breathitt","0","1","Kentucky","4/11/20","1","0","21025","0"
"Breckinridge","0","3","Kentucky","4/11/20","0","3","21027","1"
"Bullitt","0","14","Kentucky","4/11/20","11","3","21029","27.27"
"Butler","0","2","Kentucky","4/11/20","1","1","21031","100"
"Caldwell","0","5","Kentucky","4/11/20","3","2","21033","66.67"
"Calloway","0","8","Kentucky","4/11/20","5","3","21035","60"
"Campbell","2","29","Kentucky","4/11/20","12","17","21037","141.67"
"Carroll","0","2","Kentucky","4/11/20","2","0","21041","0"
"Carter","0","1","Kentucky","4/11/20","1","0","21043","0"
"Christian","3","45","Kentucky","4/11/20","23","22","21047","95.65"
"Clark","0","11","Kentucky","4/11/20","11","0","21049","0"
"Clinton","0","1","Kentucky","4/11/20","1","0","21053","0"
"Crittenden","0","3","Kentucky","4/11/20","1","2","21055","200"
"Cumberland","0","1","Kentucky","4/11/20","1","0","21057","0"
"Daviess","3","79","Kentucky","4/11/20","55","24","21059","43.64"
"Edmonson","0","5","Kentucky","4/11/20","5","0","21061","0"
"Fayette","4","148","Kentucky","4/11/20","120","28","21067","23.33"
"Franklin","0","10","Kentucky","4/11/20","7","3","21073","42.86"
"Grant","0","3","Kentucky","4/11/20","2","1","21081","50"
"Graves","0","5","Kentucky","4/11/20","2","3","21083","150"
"Grayson","0","2","Kentucky","4/11/20","2","0","21085","0"
"Green","0","1","Kentucky","4/11/20","0","1","21087","1"
"Greenup","0","2","Kentucky","4/11/20","1","1","21089","100"
"Hancock","0","2","Kentucky","4/11/20","1","1","21091","100"
"Hardin","0","9","Kentucky","4/11/20","9","0","21093","0"
"Harrison","0","14","Kentucky","4/11/20","11","3","21097","27.27"
"Hart","0","1","Kentucky","4/11/20","0","1","21099","1"
"Henderson","2","23","Kentucky","4/11/20","6","17","21101","283.33"
"Henry","0","3","Kentucky","4/11/20","2","1","21103","50"
"Hopkins","3","57","Kentucky","4/11/20","33","24","21107","72.73"
"Jackson","0","3","Kentucky","4/11/20","0","3","21109","1"
"Jefferson","12","380","Kentucky","4/11/20","299","81","21111","27.09"
"Jessamine","0","18","Kentucky","4/11/20","15","3","21113","20"
"Johnson","0","1","Kentucky","4/11/20","1","0","21115","0"
"Kenton","3","54","Kentucky","4/11/20","33","21","21117","63.64"
"Larue","0","3","Kentucky","4/11/20","3","0","21123","0"
"Laurel","0","5","Kentucky","4/11/20","2","3","21125","150"
"Lawrence","0","1","Kentucky","4/11/20","1","0","21127","0"
"Leslie","0","1","Kentucky","4/11/20","0","1","21131","1"
"Letcher","0","1","Kentucky","4/11/20","0","1","21133","1"
"Lewis","0","2","Kentucky","4/11/20","2","0","21135","0"
"Logan","0","5","Kentucky","4/11/20","4","1","21141","25"
"Lyon","0","6","Kentucky","4/11/20","4","2","21143","50"
"Madison","0","14","Kentucky","4/11/20","11","3","21151","27.27"
"Marion","0","4","Kentucky","4/11/20","3","1","21155","33.33"
"Marshall","1","8","Kentucky","4/11/20","2","6","21157","300"
"Martin","0","1","Kentucky","4/11/20","1","0","21159","0"
"Mason","0","3","Kentucky","4/11/20","2","1","21161","50"
"McCracken","1","16","Kentucky","4/11/20","10","6","21145","60"
"McCreary","0","3","Kentucky","4/11/20","1","2","21147","200"
"McLean","1","5","Kentucky","4/11/20","1","4","21149","400"
"Meade","0","2","Kentucky","4/11/20","2","0","21163","0"
"Menifee","0","3","Kentucky","4/11/20","3","0","21165","0"
"Mercer","0","4","Kentucky","4/11/20","3","1","21167","33.33"
"Monroe","0","2","Kentucky","4/11/20","0","2","21171","1"
"Montgomery","0","7","Kentucky","4/11/20","5","2","21173","40"
"Muhlenberg","4","26","Kentucky","4/11/20","0","26","21177","1"
"Nelson","0","7","Kentucky","4/11/20","4","3","21179","75"
"Nicholas","0","1","Kentucky","4/11/20","1","0","21181","0"
"Ohio","1","8","Kentucky","4/11/20","1","7","21183","700"
"Oldham","1","11","Kentucky","4/11/20","6","5","21185","83.33"
"Pendleton","0","3","Kentucky","4/11/20","1","2","21191","200"
"Perry","0","3","Kentucky","4/11/20","3","0","21193","0"
"Pike","0","1","Kentucky","4/11/20","1","0","21195","0"
"Powell","0","1","Kentucky","4/11/20","1","0","21197","0"
"Pulaski","2","26","Kentucky","4/11/20","12","14","21199","116.67"
"Rockcastle","1","6","Kentucky","4/11/20","1","5","21203","500"
"Russell","0","4","Kentucky","4/11/20","1","3","21207","300"
"Scott","0","15","Kentucky","4/11/20","12","3","21209","25"
"Shelby","1","11","Kentucky","4/11/20","7","4","21211","57.14"
"Simpson","0","14","Kentucky","4/11/20","13","1","21213","7.69"
"Spencer","0","3","Kentucky","4/11/20","2","1","21215","50"
"Taylor","0","3","Kentucky","4/11/20","2","1","21217","50"
"Todd","0","3","Kentucky","4/11/20","0","3","21219","1"
"Union","0","3","Kentucky","4/11/20","2","1","21225","50"
"Warren","1","24","Kentucky","4/11/20","18","6","21227","33.33"
"Washington","0","3","Kentucky","4/11/20","2","1","21229","50"
"Wayne","0","4","Kentucky","4/11/20","4","0","21231","0"
"Webster","1","7","Kentucky","4/11/20","3","4","21233","133.33"
"Whitley","0","1","Kentucky","4/11/20","0","1","21235","1"
"Woodford","0","9","Kentucky","4/11/20","8","1","21239","12.5"
"Acadia","5","98","Louisiana","4/11/20","65","33","22001","50.77"
"Allen","5","71","Louisiana","4/11/20","39","32","22003","82.05"
"Ascension","19","415","Louisiana","4/11/20","284","131","22005","46.13"
"Assumption","8","109","Louisiana","4/11/20","56","53","22007","94.64"
"Avoyelles","4","61","Louisiana","4/11/20","36","25","22009","69.44"
"Beauregard","2","27","Louisiana","4/11/20","15","12","22011","80"
"Bienville","3","30","Louisiana","4/11/20","10","20","22013","200"
"Bossier","7","178","Louisiana","4/11/20","126","52","22015","41.27"
"Caddo","54","974","Louisiana","4/11/20","598","376","22017","62.88"
"Calcasieu","16","248","Louisiana","4/11/20","135","113","22019","83.7"
"Caldwell","2","18","Louisiana","4/11/20","3","15","22021","500"
"Cameron","0","2","Louisiana","4/11/20","0","2","22023","1"
"Catahoula","2","20","Louisiana","4/11/20","9","11","22025","122.22"
"Claiborne","3","41","Louisiana","4/11/20","20","21","22027","105"
"Concordia","2","17","Louisiana","4/11/20","5","12","22029","240"
"De Soto","6","114","Louisiana","4/11/20","71","43","22031","60.56"
"East Baton Rouge","77","1158","Louisiana","4/11/20","621","537","22033","86.47"
"East Carroll","0","1","Louisiana","4/11/20","1","0","22035","0"
"East Feliciana","6","67","Louisiana","4/11/20","22","45","22037","204.55"
"Evangeline","2","34","Louisiana","4/11/20","19","15","22039","78.95"
"Franklin","4","47","Louisiana","4/11/20","19","28","22041","147.37"
"Grant","0","11","Louisiana","4/11/20","9","2","22043","22.22"
"Iberia","9","128","Louisiana","4/11/20","68","60","22045","88.24"
"Iberville","14","214","Louisiana","4/11/20","119","95","22047","79.83"
"Jackson","1","8","Louisiana","4/11/20","1","7","22049","700"
"Jefferson","267","4877","Louisiana","4/11/20","3008","1869","22051","62.13"
"Jefferson Davis","4","35","Louisiana","4/11/20","9","26","22053","288.89"
"Lafayette","15","337","Louisiana","4/11/20","229","108","22055","47.16"
"Lafourche","34","454","Louisiana","4/11/20","217","237","22057","109.22"
"LaSalle","1","10","Louisiana","4/11/20","4","6","22059","150"
"Lincoln","3","37","Louisiana","4/11/20","17","20","22061","117.65"
"Livingston","6","109","Louisiana","4/11/20","64","45","22063","70.31"
"Madison","0","2","Louisiana","4/11/20","1","1","22065","100"
"Morehouse","3","31","Louisiana","4/11/20","9","22","22067","244.44"
"Natchitoches","3","33","Louisiana","4/11/20","15","18","22069","120"
"Orleans","224","5535","Louisiana","4/11/20","3966","1569","22071","39.56"
"Ouachita","25","350","Louisiana","4/11/20","176","174","22073","98.86"
"Plaquemines","7","136","Louisiana","4/11/20","86","50","22075","58.14"
"Pointe Coupee","3","40","Louisiana","4/11/20","16","24","22077","150"
"Rapides","9","159","Louisiana","4/11/20","97","62","22079","63.92"
"Red River","1","9","Louisiana","4/11/20","2","7","22081","350"
"Richland","1","19","Louisiana","4/11/20","9","10","22083","111.11"
"Sabine","1","8","Louisiana","4/11/20","4","4","22085","100"
"St. Bernard","17","358","Louisiana","4/11/20","239","119","22087","49.79"
"St. Charles","21","401","Louisiana","4/11/20","252","149","22089","59.13"
"St. Helena","1","13","Louisiana","4/11/20","4","9","22091","225"
"St. James","7","197","Louisiana","4/11/20","150","47","22093","31.33"
"St. John the Baptist","29","538","Louisiana","4/11/20","338","200","22095","59.17"
"St. Landry","9","109","Louisiana","4/11/20","45","64","22097","142.22"
"St. Martin","12","146","Louisiana","4/11/20","64","82","22099","128.12"
"St. Mary","6","105","Louisiana","4/11/20","65","40","22101","61.54"
"St. Tammany","45","845","Louisiana","4/11/20","532","313","22103","58.83"
"Tangipahoa","27","318","Louisiana","4/11/20","131","187","22105","142.75"
"Tensas","0","1","Louisiana","4/11/20","0","1","22107","1"
"Terrebonne","15","248","Louisiana","4/11/20","143","105","22109","73.43"
"Union","4","45","Louisiana","4/11/20","19","26","22111","136.84"
"Vermilion","1","24","Louisiana","4/11/20","15","9","22113","60"
"Vernon","0","14","Louisiana","4/11/20","11","3","22115","27.27"
"Washington","10","142","Louisiana","4/11/20","75","67","22117","89.33"
"Webster","3","60","Louisiana","4/11/20","42","18","22119","42.86"
"West Baton Rouge","4","66","Louisiana","4/11/20","40","26","22121","65"
"West Carroll","1","4","Louisiana","4/11/20","0","4","22123","1"
"West Feliciana","4","45","Louisiana","4/11/20","18","27","22125","150"
"Winn","1","9","Louisiana","4/11/20","2","7","22127","350"
"Androscoggin","1","27","Maine","4/11/20","20","7","23001","35"
"Aroostook","0","2","Maine","4/11/20","1","1","23003","100"
"Cumberland","8","284","Maine","4/11/20","231","53","23005","22.94"
"Franklin","0","7","Maine","4/11/20","4","3","23007","75"
"Hancock","0","4","Maine","4/11/20","2","2","23009","100"
"Kennebec","1","31","Maine","4/11/20","21","10","23011","47.62"
"Knox","0","10","Maine","4/11/20","9","1","23013","11.11"
"Lincoln","0","9","Maine","4/11/20","8","1","23015","12.5"
"Oxford","0","13","Maine","4/11/20","11","2","23017","18.18"
"Penobscot","2","34","Maine","4/11/20","22","12","23019","54.55"
"Sagadahoc","0","15","Maine","4/11/20","13","2","23023","15.38"
"Somerset","0","6","Maine","4/11/20","3","3","23025","100"
"Waldo","3","27","Maine","4/11/20","3","24","23027","800"
"Washington","0","1","Maine","4/11/20","1","0","23029","0"
"York","7","143","Maine","4/11/20","95","48","23031","50.53"
"Allegany","1","11","Maryland","4/11/20","3","8","24001","266.67"
"Anne Arundel","47","615","Maryland","4/11/20","289","326","24003","112.8"
"Baltimore","97","1173","Maryland","4/11/20","491","682","24005","138.9"
"Baltimore City","59","756","Maryland","4/11/20","343","413","24510","120.41"
"Calvert","7","82","Maryland","4/11/20","33","49","24009","148.48"
"Caroline","2","15","Maryland","4/11/20","4","11","24011","275"
"Carroll","11","214","Maryland","4/11/20","134","80","24013","59.7"
"Cecil","5","66","Maryland","4/11/20","33","33","24015","100"
"Charles","20","235","Maryland","4/11/20","95","140","24017","147.37"
"Dorchester","1","8","Maryland","4/11/20","1","7","24019","700"
"Frederick","38","341","Maryland","4/11/20","73","268","24021","367.12"
"Garrett","0","4","Maryland","4/11/20","3","1","24023","33.33"
"Harford","11","120","Maryland","4/11/20","44","76","24025","172.73"
"Howard","24","351","Maryland","4/11/20","180","171","24027","95"
"Kent","1","10","Maryland","4/11/20","5","5","24029","100"
"Montgomery","128","1537","Maryland","4/11/20","640","897","24031","140.16"
"Prince George's","181","1923","Maryland","4/11/20","653","1270","24033","194.49"
"Queen Anne's","1","19","Maryland","4/11/20","13","6","24035","46.15"
"Somerset","0","4","Maryland","4/11/20","4","0","24039","0"
"St. Mary's","6","73","Maryland","4/11/20","34","39","24037","114.71"
"Talbot","1","13","Maryland","4/11/20","6","7","24041","116.67"
"Washington","6","72","Maryland","4/11/20","29","43","24043","148.28"
"Wicomico","4","33","Maryland","4/11/20","8","25","24045","312.5"
"Worcester","2","19","Maryland","4/11/20","7","12","24047","171.43"
"Barnstable","21","480","Massachusetts","4/11/20","330","150","25001","45.45"
"Berkshire","12","336","Massachusetts","4/11/20","253","83","25003","32.81"
"Bristol","84","1191","Massachusetts","4/11/20","601","590","25005","98.17"
"Dukes and Nantucket","1","21","Massachusetts","4/11/20","16","5","00000","31.25"
"Essex","214","2896","Massachusetts","4/11/20","1400","1496","25009","106.86"
"Franklin","6","138","Massachusetts","4/11/20","95","43","25011","45.26"
"Hampden","116","1545","Massachusetts","4/11/20","733","812","25013","110.78"
"Hampshire","11","204","Massachusetts","4/11/20","125","79","25015","63.2"
"Middlesex","343","4872","Massachusetts","4/11/20","2468","2404","25017","97.41"
"Norfolk","171","2395","Massachusetts","4/11/20","1199","1196","25021","99.75"
"Plymouth","130","1809","Massachusetts","4/11/20","898","911","25023","101.45"
"Suffolk","357","4926","Massachusetts","4/11/20","2429","2497","25025","102.8"
"Worcester","130","1822","Massachusetts","4/11/20","915","907","25027","99.13"
"Allegan","2","26","Michigan","4/11/20","11","15","26005","136.36"
"Alpena","0","1","Michigan","4/11/20","0","1","26007","1"
"Antrim","0","8","Michigan","4/11/20","5","3","26009","60"
"Arenac","0","4","Michigan","4/11/20","3","1","26011","33.33"
"Barry","0","10","Michigan","4/11/20","7","3","26015","42.86"
"Bay","4","58","Michigan","4/11/20","27","31","26017","114.81"
"Berrien","9","176","Michigan","4/11/20","113","63","26021","55.75"
"Branch","3","28","Michigan","4/11/20","10","18","26023","180"
"Calhoun","6","81","Michigan","4/11/20","37","44","26025","118.92"
"Cass","1","19","Michigan","4/11/20","10","9","26027","90"
"Charlevoix","1","11","Michigan","4/11/20","7","4","26029","57.14"
"Cheboygan","1","14","Michigan","4/11/20","8","6","26031","75"
"Chippewa","0","0","Michigan","4/11/20","1","-1","26033","-100"
"Clare","0","4","Michigan","4/11/20","1","3","26035","300"
"Clinton","5","95","Michigan","4/11/20","57","38","26037","66.67"
"Crawford","1","10","Michigan","4/11/20","1","9","26039","900"
"Delta","1","10","Michigan","4/11/20","5","5","26041","100"
"Dickinson","0","3","Michigan","4/11/20","1","2","26043","200"
"Eaton","3","74","Michigan","4/11/20","54","20","26045","37.04"
"Emmet","2","25","Michigan","4/11/20","8","17","26047","212.5"
"Genesee","67","941","Michigan","4/11/20","474","467","26049","98.52"
"Gladwin","0","4","Michigan","4/11/20","3","1","26051","33.33"
"Gogebic","0","4","Michigan","4/11/20","3","1","26053","33.33"
"Grand Traverse","1","18","Michigan","4/11/20","12","6","26055","50"
"Gratiot","1","8","Michigan","4/11/20","4","4","26057","100"
"Hillsdale","5","76","Michigan","4/11/20","38","38","26059","100"
"Houghton","0","1","Michigan","4/11/20","2","-1","26061","-50"
"Huron","1","10","Michigan","4/11/20","5","5","26063","100"
"Ingham","11","250","Michigan","4/11/20","174","76","26065","43.68"
"Ionia","1","14","Michigan","4/11/20","6","8","26067","133.33"
"Iosco","0","6","Michigan","4/11/20","3","3","26069","100"
"Isabella","5","50","Michigan","4/11/20","14","36","26073","257.14"
"Jackson","11","164","Michigan","4/11/20","90","74","26075","82.22"
"Kalamazoo","6","89","Michigan","4/11/20","50","39","26077","78"
"Kalkaska","1","15","Michigan","4/11/20","8","7","26079","87.5"
"Kent","20","295","Michigan","4/11/20","157","138","26081","87.9"
"Lake","0","2","Michigan","4/11/20","0","2","26085","1"
"Lapeer","10","101","Michigan","4/11/20","31","70","26087","225.81"
"Leelanau","0","4","Michigan","4/11/20","1","3","26089","300"
"Lenawee","3","51","Michigan","4/11/20","30","21","26091","70"
"Livingston","13","246","Michigan","4/11/20","153","93","26093","60.78"
"Luce","0","1","Michigan","4/11/20","1","0","26095","0"
"Mackinac","0","4","Michigan","4/11/20","2","2","26097","100"
"Macomb","190","3169","Michigan","4/11/20","1840","1329","26099","72.23"
"Manistee","1","10","Michigan","4/11/20","5","5","26101","100"
"Marquette","1","21","Michigan","4/11/20","11","10","26103","90.91"
"Mason","0","3","Michigan","4/11/20","1","2","26105","200"
"Mecosta","1","12","Michigan","4/11/20","4","8","26107","200"
"Menominee","0","1","Michigan","4/11/20","0","1","26109","1"
"Midland","3","42","Michigan","4/11/20","22","20","26111","90.91"
"Missaukee","0","1","Michigan","4/11/20","1","0","26113","0"
"Monroe","12","184","Michigan","4/11/20","101","83","26115","82.18"
"Montcalm","1","22","Michigan","4/11/20","14","8","26117","57.14"
"Muskegon","4","57","Michigan","4/11/20","31","26","26121","83.87"
"Newaygo","1","8","Michigan","4/11/20","2","6","26123","300"
"Oakland","302","5132","Michigan","4/11/20","3018","2114","26125","70.05"
"Oceana","0","3","Michigan","4/11/20","3","0","26127","0"
"Ogemaw","0","5","Michigan","4/11/20","3","2","26129","66.67"
"Osceola","0","6","Michigan","4/11/20","4","2","26133","50"
"Oscoda","0","4","Michigan","4/11/20","2","2","26135","100"
"Otsego","2","34","Michigan","4/11/20","23","11","26137","47.83"
"Ottawa","6","90","Michigan","4/11/20","48","42","26139","87.5"
"Out of MI","8","140","Michigan","4/11/20","83","57","80026","68.67"
"Presque Isle","0","2","Michigan","4/11/20","0","2","26141","1"
"Roscommon","1","8","Michigan","4/11/20","2","6","26143","300"
"Saginaw","22","254","Michigan","4/11/20","103","151","26145","146.6"
"Sanilac","2","24","Michigan","4/11/20","13","11","26151","84.62"
"Schoolcraft","0","2","Michigan","4/11/20","0","2","26153","1"
"Shiawassee","3","42","Michigan","4/11/20","24","18","26155","75"
"St. Clair","17","216","Michigan","4/11/20","96","120","26147","125"
"St. Joseph","2","20","Michigan","4/11/20","9","11","26149","122.22"
"Tuscola","3","42","Michigan","4/11/20","20","22","26157","110"
"Van Buren","2","30","Michigan","4/11/20","16","14","26159","87.5"
"Washtenaw","32","766","Michigan","4/11/20","543","223","26161","41.07"
"Wayne","605","11045","Michigan","4/11/20","6809","4236","26163","62.21"
"Wexford","0","8","Michigan","4/11/20","5","3","26165","60"
"Anoka","3","58","Minnesota","4/11/20","36","22","27003","61.11"
"Beltrami","0","5","Minnesota","4/11/20","5","0","27007","0"
"Benton","0","1","Minnesota","4/11/20","1","0","27009","0"
"Big Stone","0","1","Minnesota","4/11/20","1","0","27011","0"
"Blue Earth","1","22","Minnesota","4/11/20","14","8","27013","57.14"
"Brown","1","7","Minnesota","4/11/20","3","4","27015","133.33"
"Carlton","2","19","Minnesota","4/11/20","8","11","27017","137.5"
"Carver","0","12","Minnesota","4/11/20","10","2","27019","20"
"Cass","0","3","Minnesota","4/11/20","1","2","27021","200"
"Chisago","0","6","Minnesota","4/11/20","4","2","27025","50"
"Clay","2","29","Minnesota","4/11/20","13","16","27027","123.08"
"Clearwater","0","2","Minnesota","4/11/20","2","0","27029","0"
"Cottonwood","0","5","Minnesota","4/11/20","5","0","27033","0"
"Crow Wing","1","13","Minnesota","4/11/20","5","8","27035","160"
"Dakota","4","87","Minnesota","4/11/20","56","31","27037","55.36"
"Dodge","1","15","Minnesota","4/11/20","10","5","27039","50"
"Douglas","0","1","Minnesota","4/11/20","1","0","27041","0"
"Faribault","0","4","Minnesota","4/11/20","3","1","27043","33.33"
"Fillmore","0","10","Minnesota","4/11/20","9","1","27045","11.11"
"Freeborn","2","22","Minnesota","4/11/20","10","12","27047","120"
"Goodhue","1","16","Minnesota","4/11/20","8","8","27049","100"
"Hennepin","30","464","Minnesota","4/11/20","252","212","27053","84.13"
"Houston","0","1","Minnesota","4/11/20","0","1","27055","1"
"Isanti","0","4","Minnesota","4/11/20","3","1","27059","33.33"
"Itasca","0","2","Minnesota","4/11/20","2","0","27061","0"
"Jackson","0","1","Minnesota","4/11/20","1","0","27063","0"
"Kandiyohi","0","2","Minnesota","4/11/20","2","0","27067","0"
"Koochiching","0","1","Minnesota","4/11/20","1","0","27071","0"
"Lac qui Parle","0","1","Minnesota","4/11/20","1","0","27073","0"
"Le Sueur","0","20","Minnesota","4/11/20","20","0","27079","0"
"Lincoln","0","2","Minnesota","4/11/20","1","1","27081","100"
"Lyon","0","5","Minnesota","4/11/20","3","2","27083","66.67"
"Mahnomen","0","1","Minnesota","4/11/20","1","0","27087","0"
"Martin","1","37","Minnesota","4/11/20","32","5","27091","15.62"
"McLeod","0","2","Minnesota","4/11/20","1","1","27085","100"
"Meeker","0","2","Minnesota","4/11/20","1","1","27093","100"
"Mower","1","23","Minnesota","4/11/20","17","6","27099","35.29"
"Murray","0","1","Minnesota","4/11/20","0","1","27101","1"
"Nicollet","0","6","Minnesota","4/11/20","4","2","27103","50"
"Nobles","0","1","Minnesota","4/11/20","0","1","27105","1"
"Olmsted","6","132","Minnesota","4/11/20","88","44","27109","50"
"Otter Tail","0","4","Minnesota","4/11/20","1","3","27111","300"
"Pine","0","3","Minnesota","4/11/20","0","3","27115","1"
"Pipestone","0","1","Minnesota","4/11/20","0","1","27117","1"
"Polk","0","1","Minnesota","4/11/20","1","0","27119","0"
"Ramsey","8","132","Minnesota","4/11/20","79","53","27123","67.09"
"Redwood","0","1","Minnesota","4/11/20","0","1","27127","1"
"Renville","0","3","Minnesota","4/11/20","2","1","27129","50"
"Rice","0","4","Minnesota","4/11/20","4","0","27131","0"
"Roseau","0","1","Minnesota","4/11/20","0","1","27135","1"
"Scott","1","20","Minnesota","4/11/20","12","8","27139","66.67"
"Sherburne","0","9","Minnesota","4/11/20","9","0","27141","0"
"Sibley","0","1","Minnesota","4/11/20","1","0","27143","0"
"St. Louis","3","37","Minnesota","4/11/20","13","24","27137","184.62"
"Stearns","0","7","Minnesota","4/11/20","6","1","27145","16.67"
"Steele","0","9","Minnesota","4/11/20","8","1","27147","12.5"
"Swift","0","1","Minnesota","4/11/20","0","1","27151","1"
"Traverse","0","2","Minnesota","4/11/20","2","0","27155","0"
"Wabasha","0","6","Minnesota","4/11/20","6","0","27157","0"
"Waseca","0","3","Minnesota","4/11/20","3","0","27161","0"
"Washington","3","77","Minnesota","4/11/20","54","23","27163","42.59"
"Watonwan","0","4","Minnesota","4/11/20","3","1","27165","33.33"
"Wilkin","1","7","Minnesota","4/11/20","2","5","27167","250"
"Winona","2","26","Minnesota","4/11/20","13","13","27169","100"
"Wright","1","16","Minnesota","4/11/20","8","8","27171","100"
"Yellow Medicine","0","2","Minnesota","4/11/20","1","1","27173","100"
"Adams","5","49","Mississippi","4/11/20","16","33","28001","206.25"
"Alcorn","0","7","Mississippi","4/11/20","6","1","28003","16.67"
"Amite","1","11","Mississippi","4/11/20","6","5","28005","83.33"
"Attala","1","18","Mississippi","4/11/20","14","4","28007","28.57"
"Benton","0","5","Mississippi","4/11/20","5","0","28009","0"
"Bolivar","4","65","Mississippi","4/11/20","34","31","28011","91.18"
"Calhoun","1","14","Mississippi","4/11/20","4","10","28013","250"
"Carroll","0","7","Mississippi","4/11/20","5","2","28015","40"
"Chickasaw","1","22","Mississippi","4/11/20","15","7","28017","46.67"
"Choctaw","0","10","Mississippi","4/11/20","8","2","28019","25"
"Claiborne","1","5","Mississippi","4/11/20","1","4","28021","400"
"Clarke","1","13","Mississippi","4/11/20","5","8","28023","160"
"Clay","1","17","Mississippi","4/11/20","7","10","28025","142.86"
"Coahoma","2","38","Mississippi","4/11/20","27","11","28027","40.74"
"Copiah","2","28","Mississippi","4/11/20","12","16","28029","133.33"
"Covington","1","12","Mississippi","4/11/20","4","8","28031","200"
"DeSoto","6","163","Mississippi","4/11/20","118","45","28033","38.14"
"Forrest","7","86","Mississippi","4/11/20","34","52","28035","152.94"
"Franklin","1","10","Mississippi","4/11/20","4","6","28037","150"
"George","0","7","Mississippi","4/11/20","4","3","28039","75"
"Greene","0","2","Mississippi","4/11/20","0","2","28041","1"
"Grenada","1","10","Mississippi","4/11/20","4","6","28043","150"
"Hancock","1","38","Mississippi","4/11/20","30","8","28045","26.67"
"Harrison","5","107","Mississippi","4/11/20","70","37","28047","52.86"
"Hinds","13","234","Mississippi","4/11/20","140","94","28049","67.14"
"Holmes","4","42","Mississippi","4/11/20","17","25","28051","147.06"
"Humphreys","1","9","Mississippi","4/11/20","4","5","28053","125"
"Itawamba","1","9","Mississippi","4/11/20","3","6","28057","200"
"Jackson","9","139","Mississippi","4/11/20","79","60","28059","75.95"
"Jasper","1","12","Mississippi","4/11/20","3","9","28061","300"
"Jefferson","0","4","Mississippi","4/11/20","2","2","28063","100"
"Jefferson Davis","1","5","Mississippi","4/11/20","0","5","28065","1"
"Jones","3","30","Mississippi","4/11/20","9","21","28067","233.33"
"Kemper","1","14","Mississippi","4/11/20","4","10","28069","250"
"Lafayette","1","29","Mississippi","4/11/20","21","8","28071","38.1"
"Lamar","3","31","Mississippi","4/11/20","13","18","28073","138.46"
"Lauderdale","10","133","Mississippi","4/11/20","61","72","28075","118.03"
"Lawrence","0","6","Mississippi","4/11/20","4","2","28077","50"
"Leake","3","27","Mississippi","4/11/20","8","19","28079","237.5"
"Lee","2","42","Mississippi","4/11/20","28","14","28081","50"
"Leflore","3","44","Mississippi","4/11/20","22","22","28083","100"
"Lincoln","4","41","Mississippi","4/11/20","14","27","28085","192.86"
"Lowndes","1","22","Mississippi","4/11/20","13","9","28087","69.23"
"Madison","5","99","Mississippi","4/11/20","67","32","28089","47.76"
"Marion","2","17","Mississippi","4/11/20","6","11","28091","183.33"
"Marshall","1","30","Mississippi","4/11/20","20","10","28093","50"
"Monroe","3","31","Mississippi","4/11/20","12","19","28095","158.33"
"Montgomery","1","14","Mississippi","4/11/20","10","4","28097","40"
"Neshoba","3","26","Mississippi","4/11/20","6","20","28099","333.33"
"Newton","1","12","Mississippi","4/11/20","6","6","28101","100"
"Noxubee","0","6","Mississippi","4/11/20","5","1","28103","20"
"Oktibbeha","2","36","Mississippi","4/11/20","24","12","28105","50"
"Panola","2","22","Mississippi","4/11/20","10","12","28107","120"
"Pearl River","6","82","Mississippi","4/11/20","43","39","28109","90.7"
"Perry","0","16","Mississippi","4/11/20","13","3","28111","23.08"
"Pike","3","47","Mississippi","4/11/20","23","24","28113","104.35"
"Pontotoc","0","14","Mississippi","4/11/20","12","2","28115","16.67"
"Prentiss","0","12","Mississippi","4/11/20","9","3","28117","33.33"
"Quitman","1","12","Mississippi","4/11/20","5","7","28119","140"
"Rankin","4","94","Mississippi","4/11/20","66","28","28121","42.42"
"Scott","5","52","Mississippi","4/11/20","17","35","28123","205.88"
"Sharkey","0","3","Mississippi","4/11/20","2","1","28125","50"
"Simpson","0","7","Mississippi","4/11/20","5","2","28127","40"
"Smith","2","23","Mississippi","4/11/20","6","17","28129","283.33"
"Stone","1","9","Mississippi","4/11/20","0","9","28131","1"
"Sunflower","2","35","Mississippi","4/11/20","18","17","28133","94.44"
"Tallahatchie","0","3","Mississippi","4/11/20","2","1","28135","50"
"Tate","1","23","Mississippi","4/11/20","14","9","28137","64.29"
"Tippah","2","43","Mississippi","4/11/20","31","12","28139","38.71"
"Tishomingo","0","2","Mississippi","4/11/20","1","1","28141","100"
"Tunica","1","19","Mississippi","4/11/20","15","4","28143","26.67"
"Union","0","7","Mississippi","4/11/20","6","1","28145","16.67"
"Walthall","1","16","Mississippi","4/11/20","12","4","28147","33.33"
"Warren","1","11","Mississippi","4/11/20","3","8","28149","266.67"
"Washington","3","49","Mississippi","4/11/20","31","18","28151","58.06"
"Wayne","1","8","Mississippi","4/11/20","2","6","28153","300"
"Webster","0","14","Mississippi","4/11/20","11","3","28155","27.27"
"Wilkinson","2","42","Mississippi","4/11/20","25","17","28157","68"
"Winston","1","18","Mississippi","4/11/20","11","7","28159","63.64"
"Yalobusha","1","13","Mississippi","4/11/20","9","4","28161","44.44"
"Yazoo","6","58","Mississippi","4/11/20","19","39","28163","205.26"
"Adair","0","11","Missouri","4/11/20","10","1","29001","10"
"Andrew","0","1","Missouri","4/11/20","0","1","29003","1"
"Atchison","0","1","Missouri","4/11/20","1","0","29005","0"
"Barry","0","2","Missouri","4/11/20","1","1","29009","100"
"Bates","0","6","Missouri","4/11/20","3","3","29013","100"
"Benton","0","3","Missouri","4/11/20","3","0","29015","0"
"Bollinger","0","3","Missouri","4/11/20","1","2","29017","200"
"Boone","1","79","Missouri","4/11/20","75","4","29019","5.33"
"Buchanan","2","20","Missouri","4/11/20","8","12","29021","150"
"Butler","2","13","Missouri","4/11/20","2","11","29023","550"
"Caldwell","0","1","Missouri","4/11/20","1","0","29025","0"
"Callaway","0","21","Missouri","4/11/20","18","3","29027","16.67"
"Camden","1","26","Missouri","4/11/20","20","6","29029","30"
"Cape Girardeau","2","28","Missouri","4/11/20","16","12","29031","75"
"Carter","0","3","Missouri","4/11/20","3","0","29035","0"
"Cass","2","34","Missouri","4/11/20","22","12","29037","54.55"
"Cedar","0","5","Missouri","4/11/20","5","0","29039","0"
"Chariton","0","4","Missouri","4/11/20","4","0","29041","0"
"Christian","0","17","Missouri","4/11/20","16","1","29043","6.25"
"Clark","0","1","Missouri","4/11/20","1","0","29045","0"
"Clay","2","46","Missouri","4/11/20","32","14","29047","43.75"
"Clinton","1","11","Missouri","4/11/20","7","4","29049","57.14"
"Cole","1","36","Missouri","4/11/20","28","8","29051","28.57"
"Cooper","0","4","Missouri","4/11/20","2","2","29053","100"
"Crawford","0","4","Missouri","4/11/20","2","2","29055","100"
"Dallas","0","2","Missouri","4/11/20","0","2","29059","1"
"DeKalb","0","3","Missouri","4/11/20","1","2","29063","200"
"Dunklin","1","13","Missouri","4/11/20","7","6","29069","85.71"
"Franklin","8","83","Missouri","4/11/20","24","59","29071","245.83"
"Gasconade","0","2","Missouri","4/11/20","2","0","29073","0"
"Gentry","0","1","Missouri","4/11/20","0","1","29075","1"
"Greene","2","77","Missouri","4/11/20","64","13","29077","20.31"
"Harrison","1","6","Missouri","4/11/20","2","4","29081","200"
"Henry","0","4","Missouri","4/11/20","1","3","29083","300"
"Howard","0","1","Missouri","4/11/20","0","1","29089","1"
"Howell","0","4","Missouri","4/11/20","1","3","29091","300"
"Iron","0","1","Missouri","4/11/20","0","1","29093","1"
"Jackson","12","217","Missouri","4/11/20","135","82","29095","60.74"
"Jasper","2","22","Missouri","4/11/20","11","11","29097","100"
"Jefferson","7","117","Missouri","4/11/20","69","48","29099","69.57"
"Johnson","2","41","Missouri","4/11/20","29","12","29101","41.38"
"Kansas City","18","300","Missouri","4/11/20","172","128","00000","74.42"
"Lafayette","0","28","Missouri","4/11/20","26","2","29107","7.69"
"Lincoln","1","26","Missouri","4/11/20","16","10","29113","62.5"
"Linn","0","3","Missouri","4/11/20","0","3","29115","1"
"Livingston","0","1","Missouri","4/11/20","1","0","29117","0"
"Macon","0","2","Missouri","4/11/20","3","-1","29121","-33.33"
"Madison","0","1","Missouri","4/11/20","0","1","29123","1"
"Maries","0","2","Missouri","4/11/20","2","0","29125","0"
"McDonald","0","4","Missouri","4/11/20","2","2","29119","100"
"Moniteau","0","4","Missouri","4/11/20","2","2","29135","100"
"Montgomery","0","6","Missouri","4/11/20","4","2","29139","50"
"Morgan","0","1","Missouri","4/11/20","1","0","29141","0"
"New Madrid","1","6","Missouri","4/11/20","1","5","29143","500"
"Newton","0","8","Missouri","4/11/20","6","2","29145","33.33"
"Nodaway","0","2","Missouri","4/11/20","1","1","29147","100"
"Oregon","0","1","Missouri","4/11/20","0","1","29149","1"
"Osage","0","4","Missouri","4/11/20","2","2","29151","100"
"Pemiscot","0","4","Missouri","4/11/20","3","1","29155","33.33"
"Perry","2","34","Missouri","4/11/20","22","12","29157","54.55"
"Pettis","0","4","Missouri","4/11/20","2","2","29159","100"
"Phelps","0","1","Missouri","4/11/20","0","1","29161","1"
"Pike","1","6","Missouri","4/11/20","2","4","29163","200"
"Platte","2","25","Missouri","4/11/20","14","11","29165","78.57"
"Polk","0","1","Missouri","4/11/20","0","1","29167","1"
"Pulaski","0","11","Missouri","4/11/20","10","1","29169","10"
"Ralls","0","1","Missouri","4/11/20","1","0","29173","0"
"Randolph","0","8","Missouri","4/11/20","7","1","29175","14.29"
"Ray","1","7","Missouri","4/11/20","3","4","29177","133.33"
"Reynolds","0","2","Missouri","4/11/20","2","0","29179","0"
"Ripley","0","3","Missouri","4/11/20","2","1","29181","50"
"Saline","3","22","Missouri","4/11/20","2","20","29195","1000"
"Scotland","0","3","Missouri","4/11/20","0","3","29199","1"
"Scott","1","14","Missouri","4/11/20","7","7","29201","100"
"Shelby","0","1","Missouri","4/11/20","1","0","29205","0"
"St. Charles","28","348","Missouri","4/11/20","151","197","29183","130.46"
"St. Clair","0","2","Missouri","4/11/20","0","2","29185","1"
"St. Francois","1","21","Missouri","4/11/20","14","7","29187","50"
"St. Louis","116","1804","Missouri","4/11/20","995","809","29189","81.31"
"St. Louis City","45","645","Missouri","4/11/20","328","317","29510","96.65"
"Ste. Genevieve","0","6","Missouri","4/11/20","6","0","29186","0"
"Stoddard","0","9","Missouri","4/11/20","7","2","29207","28.57"
"Stone","0","4","Missouri","4/11/20","2","2","29209","100"
"Taney","0","7","Missouri","4/11/20","5","2","29213","40"
"Texas","0","0","Missouri","4/11/20","1","-1","29215","-100"
"Vernon","0","3","Missouri","4/11/20","0","3","29217","1"
"Warren","1","13","Missouri","4/11/20","7","6","29219","85.71"
"Washington","0","1","Missouri","4/11/20","0","1","29221","1"
"Webster","0","4","Missouri","4/11/20","3","1","29225","33.33"
"Worth","0","1","Missouri","4/11/20","0","1","29227","1"
"Wright","0","7","Missouri","4/11/20","6","1","29229","16.67"
"Beaverhead","0","1","Montana","4/11/20","1","0","30001","0"
"Big Horn","0","1","Montana","4/11/20","0","1","30003","1"
"Broadwater","0","4","Montana","4/11/20","4","0","30007","0"
"Carbon","1","6","Montana","4/11/20","1","5","30009","500"
"Cascade","0","13","Montana","4/11/20","11","2","30013","18.18"
"Deer Lodge","0","3","Montana","4/11/20","3","0","30023","0"
"Flathead","2","34","Montana","4/11/20","20","14","30029","70"
"Gallatin","5","135","Montana","4/11/20","101","34","30031","33.66"
"Glacier","0","3","Montana","4/11/20","1","2","30035","200"
"Golden Valley","0","1","Montana","4/11/20","0","1","30037","1"
"Hill","0","1","Montana","4/11/20","1","0","30041","0"
"Jefferson","0","2","Montana","4/11/20","2","0","30043","0"
"Lake","0","5","Montana","4/11/20","4","1","30047","25"
"Lewis and Clark","0","16","Montana","4/11/20","13","3","30049","23.08"
"Liberty","0","1","Montana","4/11/20","1","0","30051","0"
"Lincoln","0","7","Montana","4/11/20","6","1","30053","16.67"
"Madison","0","8","Montana","4/11/20","6","2","30057","33.33"
"Meagher","0","1","Montana","4/11/20","1","0","30059","0"
"Missoula","2","29","Montana","4/11/20","18","11","30063","61.11"
"Musselshell","0","1","Montana","4/11/20","1","0","30065","0"
"Park","0","7","Montana","4/11/20","6","1","30067","16.67"
"Ravalli","0","3","Montana","4/11/20","2","1","30081","50"
"Richland","0","3","Montana","4/11/20","0","3","30083","1"
"Roosevelt","0","3","Montana","4/11/20","1","2","30085","200"
"Silver Bow","0","11","Montana","4/11/20","11","0","30093","0"
"Stillwater","0","1","Montana","4/11/20","0","1","30095","1"
"Toole","1","20","Montana","4/11/20","12","8","30101","66.67"
"Yellowstone","3","57","Montana","4/11/20","38","19","30111","50"
"Adams","5","45","Nebraska","4/11/20","8","37","31001","462.5"
"Antelope","0","1","Nebraska","4/11/20","1","0","31003","0"
"Box Butte","0","1","Nebraska","4/11/20","0","1","31013","1"
"Buffalo","3","33","Nebraska","4/11/20","14","19","31019","135.71"
"Burt","0","1","Nebraska","4/11/20","0","1","31021","1"
"Cass","0","3","Nebraska","4/11/20","2","1","31025","50"
"Cherry","0","1","Nebraska","4/11/20","1","0","31031","0"
"Cheyenne","0","2","Nebraska","4/11/20","0","2","31033","1"
"Clay","0","2","Nebraska","4/11/20","0","2","31035","1"
"Colfax","0","4","Nebraska","4/11/20","1","3","31037","300"
"Cuming","0","2","Nebraska","4/11/20","1","1","31039","100"
"Custer","2","13","Nebraska","4/11/20","0","13","31041","1"
"Dawson","0","3","Nebraska","4/11/20","1","2","31047","200"
"Dodge","0","7","Nebraska","4/11/20","6","1","31053","16.67"
"Douglas","14","228","Nebraska","4/11/20","131","97","31055","74.05"
"Franklin","0","2","Nebraska","4/11/20","0","2","31061","1"
"Gage","3","25","Nebraska","4/11/20","2","23","31067","1150"
"Gosper","0","1","Nebraska","4/11/20","1","0","31073","0"
"Hall","13","129","Nebraska","4/11/20","40","89","31079","222.5"
"Hamilton","1","10","Nebraska","4/11/20","4","6","31081","150"
"Johnson","0","1","Nebraska","4/11/20","0","1","31097","1"
"Kearney","0","3","Nebraska","4/11/20","1","2","31099","200"
"Kimball","1","9","Nebraska","4/11/20","5","4","31105","80"
"Knox","0","2","Nebraska","4/11/20","2","0","31107","0"
"Lancaster","5","50","Nebraska","4/11/20","18","32","31109","177.78"
"Lincoln","0","17","Nebraska","4/11/20","15","2","31111","13.33"
"Madison","0","6","Nebraska","4/11/20","5","1","31119","20"
"Merrick","0","2","Nebraska","4/11/20","2","0","31121","0"
"Nemaha","0","1","Nebraska","4/11/20","1","0","31127","0"
"Otoe","0","1","Nebraska","4/11/20","1","0","31131","0"
"Phelps","0","1","Nebraska","4/11/20","0","1","31137","1"
"Pierce","0","1","Nebraska","4/11/20","0","1","31139","1"
"Platte","0","6","Nebraska","4/11/20","4","2","31141","50"
"Polk","0","1","Nebraska","4/11/20","0","1","31143","1"
"Sarpy","2","41","Nebraska","4/11/20","26","15","31153","57.69"
"Saunders","0","5","Nebraska","4/11/20","4","1","31155","25"
"Scotts Bluff","1","12","Nebraska","4/11/20","3","9","31157","300"
"Seward","0","1","Nebraska","4/11/20","0","1","31159","1"
"Stanton","0","1","Nebraska","4/11/20","0","1","31167","1"
"Washington","0","20","Nebraska","4/11/20","19","1","31177","5.26"
"Wayne","0","1","Nebraska","4/11/20","0","1","31179","1"
"Webster","0","1","Nebraska","4/11/20","0","1","31181","1"
"York","0","3","Nebraska","4/11/20","1","2","31185","200"
"Carson City","1","16","Nevada","4/11/20","10","6","32510","60"
"Clark","104","2144","Nevada","4/11/20","1418","726","32003","51.2"
"Douglas","0","10","Nevada","4/11/20","7","3","32005","42.86"
"Elko","0","11","Nevada","4/11/20","8","3","32007","37.5"
"Humboldt","1","18","Nevada","4/11/20","9","9","32013","100"
"Lincoln","0","1","Nevada","4/11/20","0","1","32017","1"
"Lyon","0","6","Nevada","4/11/20","3","3","32019","100"
"Nye","0","10","Nevada","4/11/20","7","3","32023","42.86"
"Washoe","21","389","Nevada","4/11/20","245","144","32031","58.78"
"White Pine","0","1","Nevada","4/11/20","1","0","32033","0"
"Belknap","1","21","New Hampshire","4/11/20","14","7","33001","50"
"Carroll","2","28","New Hampshire","4/11/20","17","11","33003","64.71"
"Cheshire","1","17","New Hampshire","4/11/20","9","8","33005","88.89"
"Coos","0","2","New Hampshire","4/11/20","1","1","33007","100"
"Grafton","1","43","New Hampshire","4/11/20","38","5","33009","13.16"
"Hillsborough","21","344","New Hampshire","4/11/20","194","150","33011","77.32"
"Merrimack","4","66","New Hampshire","4/11/20","36","30","33013","83.33"
"Rockingham","16","305","New Hampshire","4/11/20","190","115","33015","60.53"
"Strafford","2","53","New Hampshire","4/11/20","36","17","33017","47.22"
"Sullivan","0","6","New Hampshire","4/11/20","5","1","33019","20"
"Atlantic","19","230","New Jersey","4/11/20","98","132","34001","134.69"
"Bergen","515","9362","New Jersey","4/11/20","5760","3602","34003","62.53"
"Burlington","80","1031","New Jersey","4/11/20","469","562","34005","119.83"
"Camden","100","1180","New Jersey","4/11/20","481","699","34007","145.32"
"Cape May","11","129","New Jersey","4/11/20","50","79","34009","158"
"Cumberland","16","154","New Jersey","4/11/20","40","114","34011","285"
"Essex","489","7007","New Jersey","4/11/20","3584","3423","34013","95.51"
"Gloucester","39","487","New Jersey","4/11/20","215","272","34015","126.51"
"Hudson","480","6851","New Jersey","4/11/20","3491","3360","34017","96.25"
"Hunterdon","19","301","New Jersey","4/11/20","171","130","34019","76.02"
"Mercer","121","1434","New Jersey","4/11/20","586","848","34021","144.71"
"Middlesex","404","5406","New Jersey","4/11/20","2578","2828","34023","109.7"
"Monmouth","227","3651","New Jersey","4/11/20","2065","1586","34025","76.8"
"Morris","187","2925","New Jersey","4/11/20","1618","1307","34027","80.78"
"Ocean","200","3403","New Jersey","4/11/20","2003","1400","34029","69.9"
"Passaic","348","5295","New Jersey","4/11/20","2856","2439","34031","85.4"
"Salem","4","56","New Jersey","4/11/20","25","31","34033","124"
"Somerset","125","1642","New Jersey","4/11/20","765","877","34035","114.64"
"Sussex","31","456","New Jersey","4/11/20","236","220","34037","93.22"
"Union","421","5865","New Jersey","4/11/20","2916","2949","34039","101.13"
"Warren","26","362","New Jersey","4/11/20","182","180","34041","98.9"
"Bernalillo","29","407","New Mexico","4/11/20","202","205","35001","101.49"
"Catron","0","1","New Mexico","4/11/20","1","0","35003","0"
"Chaves","1","18","New Mexico","4/11/20","13","5","35005","38.46"
"Cibola","2","24","New Mexico","4/11/20","12","12","35006","100"
"Colfax","0","1","New Mexico","4/11/20","0","1","35007","1"
"Curry","0","9","New Mexico","4/11/20","6","3","35009","50"
"Dona Ana","3","44","New Mexico","4/11/20","22","22","35013","100"
"Eddy","0","6","New Mexico","4/11/20","4","2","35015","50"
"Grant","1","7","New Mexico","4/11/20","1","6","35017","600"
"Hidalgo","0","1","New Mexico","4/11/20","0","1","35023","1"
"Lea","0","2","New Mexico","4/11/20","2","0","35025","0"
"Lincoln","0","1","New Mexico","4/11/20","0","1","35027","1"
"Los Alamos","1","4","New Mexico","4/11/20","0","4","35028","1"
"Luna","0","2","New Mexico","4/11/20","0","2","35029","1"
"McKinley","12","113","New Mexico","4/11/20","31","82","35031","264.52"
"Otero","0","3","New Mexico","4/11/20","2","1","35035","50"
"Rio Arriba","0","7","New Mexico","4/11/20","5","2","35039","40"
"Roosevelt","0","1","New Mexico","4/11/20","1","0","35041","0"
"San Juan","12","142","New Mexico","4/11/20","58","84","35045","144.83"
"San Miguel","0","1","New Mexico","4/11/20","1","0","35047","0"
"Sandoval","16","177","New Mexico","4/11/20","66","111","35043","168.18"
"Santa Fe","3","72","New Mexico","4/11/20","52","20","35049","38.46"
"Socorro","1","10","New Mexico","4/11/20","4","6","35053","150"
"Taos","0","15","New Mexico","4/11/20","13","2","35055","15.38"
"Torrance","1","9","New Mexico","4/11/20","3","6","35057","200"
"Valencia","1","14","New Mexico","4/11/20","5","9","35061","180"
"Albany","22","446","New York","4/11/20","293","153","36001","52.22"
"Allegany","1","26","New York","4/11/20","16","10","36003","62.5"
"Broome","7","117","New York","4/11/20","65","52","36007","80"
"Cattaraugus","1","19","New York","4/11/20","9","10","36009","111.11"
"Cayuga","3","28","New York","4/11/20","7","21","36011","300"
"Chautauqua","2","22","New York","4/11/20","10","12","36013","120"
"Chemung","3","60","New York","4/11/20","36","24","36015","66.67"
"Chenango","3","61","New York","4/11/20","39","22","36017","56.41"
"Clinton","2","43","New York","4/11/20","31","12","36019","38.71"
"Columbia","4","87","New York","4/11/20","57","30","36021","52.63"
"Cortland","0","17","New York","4/11/20","14","3","36023","21.43"
"Delaware","2","39","New York","4/11/20","26","13","36025","50"
"Dutchess","115","1744","New York","4/11/20","938","806","36027","85.93"
"Erie","100","1506","New York","4/11/20","808","698","36029","86.39"
"Essex","1","12","New York","4/11/20","7","5","36031","71.43"
"Franklin","0","11","New York","4/11/20","10","1","36033","10"
"Fulton","2","21","New York","4/11/20","9","12","36035","133.33"
"Genesee","7","67","New York","4/11/20","20","47","36037","235"
"Greene","2","37","New York","4/11/20","24","13","36039","54.17"
"Hamilton","0","3","New York","4/11/20","2","1","36041","50"
"Herkimer","3","37","New York","4/11/20","18","19","36043","105.56"
"Jefferson","3","44","New York","4/11/20","20","24","36045","120"
"Lewis","1","6","New York","4/11/20","2","4","36049","200"
"Livingston","2","30","New York","4/11/20","18","12","36051","66.67"
"Madison","3","102","New York","4/11/20","78","24","36053","30.77"
"Monroe","36","767","New York","4/11/20","512","255","36055","49.8"
"Montgomery","2","29","New York","4/11/20","13","16","36057","123.08"
"Nassau","1320","22584","New York","4/11/20","13346","9238","36059","69.22"
"New York","5000","98308","New York","4/11/20","63306","35002","36061","55.29"
"Niagara","9","167","New York","4/11/20","101","66","36063","65.35"
"Oneida","14","181","New York","4/11/20","80","101","36065","126.25"
"Onondaga","15","456","New York","4/11/20","349","107","36067","30.66"
"Ontario","4","56","New York","4/11/20","31","25","36069","80.65"
"Orange","301","4847","New York","4/11/20","2741","2106","36071","76.83"
"Orleans","2","24","New York","4/11/20","10","14","36073","140"
"Oswego","1","37","New York","4/11/20","28","9","36075","32.14"
"Otsego","2","43","New York","4/11/20","26","17","36077","65.38"
"Putnam","30","494","New York","4/11/20","283","211","36079","74.56"
"Rensselaer","5","102","New York","4/11/20","67","35","36083","52.24"
"Rockland","372","7477","New York","4/11/20","4872","2605","36087","53.47"
"Saratoga","7","187","New York","4/11/20","141","46","36091","32.62"
"Schenectady","11","194","New York","4/11/20","117","77","36093","65.81"
"Schoharie","0","12","New York","4/11/20","11","1","36095","9.09"
"Schuyler","0","5","New York","4/11/20","4","1","36097","25"
"Seneca","1","16","New York","4/11/20","6","10","36099","166.67"
"St. Lawrence","4","82","New York","4/11/20","52","30","36089","57.69"
"Steuben","8","117","New York","4/11/20","60","57","36101","95"
"Suffolk","1279","20321","New York","4/11/20","11370","8951","36103","78.72"
"Sullivan","21","340","New York","4/11/20","193","147","36105","76.17"
"Tioga","2","19","New York","4/11/20","8","11","36107","137.5"
"Tompkins","2","108","New York","4/11/20","93","15","36109","16.13"
"Ulster","43","589","New York","4/11/20","290","299","36111","103.1"
"Warren","3","44","New York","4/11/20","20","24","36113","120"
"Washington","2","31","New York","4/11/20","16","15","36115","93.75"
"Wayne","2","42","New York","4/11/20","30","12","36117","40"
"Westchester","807","18729","New York","4/11/20","13081","5648","36119","43.18"
"Wyoming","2","31","New York","4/11/20","18","13","36121","72.22"
"Yates","0","2","New York","4/11/20","1","1","36123","100"
"Alamance","3","34","North Carolina","4/11/20","16","18","37001","112.5"
"Alexander","0","2","North Carolina","4/11/20","2","0","37003","0"
"Alleghany","0","2","North Carolina","4/11/20","2","0","37005","0"
"Anson","1","10","North Carolina","4/11/20","3","7","37007","233.33"
"Ashe","0","4","North Carolina","4/11/20","1","3","37009","300"
"Beaufort","1","13","North Carolina","4/11/20","9","4","37013","44.44"
"Bertie","1","12","North Carolina","4/11/20","7","5","37015","71.43"
"Bladen","0","1","North Carolina","4/11/20","1","0","37017","0"
"Brunswick","1","34","North Carolina","4/11/20","24","10","37019","41.67"
"Buncombe","1","37","North Carolina","4/11/20","31","6","37021","19.35"
"Burke","7","61","North Carolina","4/11/20","13","48","37023","369.23"
"Cabarrus","6","107","North Carolina","4/11/20","65","42","37025","64.62"
"Caldwell","2","17","North Carolina","4/11/20","5","12","37027","240"
"Carteret","1","21","North Carolina","4/11/20","16","5","37031","31.25"
"Caswell","0","3","North Carolina","4/11/20","1","2","37033","200"
"Catawba","2","33","North Carolina","4/11/20","22","11","37035","50"
"Chatham","2","37","North Carolina","4/11/20","21","16","37037","76.19"
"Cherokee","0","11","North Carolina","4/11/20","11","0","37039","0"
"Chowan","0","3","North Carolina","4/11/20","1","2","37041","200"
"Clay","0","4","North Carolina","4/11/20","3","1","37043","33.33"
"Cleveland","3","35","North Carolina","4/11/20","15","20","37045","133.33"
"Columbus","4","31","North Carolina","4/11/20","6","25","37047","416.67"
"Craven","1","24","North Carolina","4/11/20","14","10","37049","71.43"
"Cumberland","6","82","North Carolina","4/11/20","42","40","37051","95.24"
"Currituck","0","3","North Carolina","4/11/20","2","1","37053","50"
"Dare","1","13","North Carolina","4/11/20","5","8","37055","160"
"Davidson","5","85","North Carolina","4/11/20","53","32","37057","60.38"
"Davie","1","22","North Carolina","4/11/20","14","8","37059","57.14"
"Duplin","1","15","North Carolina","4/11/20","5","10","37061","200"
"Durham","13","275","North Carolina","4/11/20","182","93","37063","51.1"
"Edgecombe","2","22","North Carolina","4/11/20","5","17","37065","340"
"Forsyth","4","115","North Carolina","4/11/20","88","27","37067","30.68"
"Franklin","2","27","North Carolina","4/11/20","14","13","37069","92.86"
"Gaston","5","80","North Carolina","4/11/20","43","37","37071","86.05"
"Gates","0","4","North Carolina","4/11/20","1","3","37073","300"
"Granville","9","89","North Carolina","4/11/20","24","65","37077","270.83"
"Greene","1","10","North Carolina","4/11/20","5","5","37079","100"
"Guilford","6","134","North Carolina","4/11/20","94","40","37081","42.55"
"Halifax","2","21","North Carolina","4/11/20","10","11","37083","110"
"Harnett","2","38","North Carolina","4/11/20","24","14","37085","58.33"
"Haywood","0","3","North Carolina","4/11/20","2","1","37087","50"
"Henderson","6","68","North Carolina","4/11/20","25","43","37089","172"
"Hertford","0","4","North Carolina","4/11/20","4","0","37091","0"
"Hoke","1","18","North Carolina","4/11/20","10","8","37093","80"
"Iredell","4","71","North Carolina","4/11/20","42","29","37097","69.05"
"Jackson","0","2","North Carolina","4/11/20","2","0","37099","0"
"Johnston","9","92","North Carolina","4/11/20","32","60","37101","187.5"
"Jones","1","6","North Carolina","4/11/20","0","6","37103","1"
"Lee","1","8","North Carolina","4/11/20","3","5","37105","166.67"
"Lenoir","1","14","North Carolina","4/11/20","7","7","37107","100"
"Lincoln","1","15","North Carolina","4/11/20","9","6","37109","66.67"
"Macon","0","2","North Carolina","4/11/20","1","1","37113","100"
"Martin","0","5","North Carolina","4/11/20","3","2","37117","66.67"
"McDowell","1","16","North Carolina","4/11/20","9","7","37111","77.78"
"Mecklenburg","41","935","North Carolina","4/11/20","650","285","37119","43.85"
"Mitchell","0","4","North Carolina","4/11/20","2","2","37121","100"
"Montgomery","0","13","North Carolina","4/11/20","10","3","37123","30"
"Moore","10","84","North Carolina","4/11/20","12","72","37125","600"
"Nash","2","32","North Carolina","4/11/20","18","14","37127","77.78"
"New Hanover","2","55","North Carolina","4/11/20","42","13","37129","30.95"
"Northampton","3","61","North Carolina","4/11/20","38","23","37131","60.53"
"Onslow","3","34","North Carolina","4/11/20","16","18","37133","112.5"
"Orange","13","141","North Carolina","4/11/20","52","89","37135","171.15"
"Pamlico","0","5","North Carolina","4/11/20","3","2","37137","66.67"
"Pasquotank","1","15","North Carolina","4/11/20","8","7","37139","87.5"
"Pender","1","5","North Carolina","4/11/20","1","4","37141","400"
"Perquimans","0","4","North Carolina","4/11/20","1","3","37143","300"
"Person","1","8","North Carolina","4/11/20","4","4","37145","100"
"Pitt","4","62","North Carolina","4/11/20","35","27","37147","77.14"
"Polk","0","9","North Carolina","4/11/20","6","3","37149","50"
"Randolph","4","51","North Carolina","4/11/20","26","25","37151","96.15"
"Richmond","1","7","North Carolina","4/11/20","0","7","37153","1"
"Robeson","0","7","North Carolina","4/11/20","5","2","37155","40"
"Rockingham","1","14","North Carolina","4/11/20","5","9","37157","180"
"Rowan","9","105","North Carolina","4/11/20","44","61","37159","138.64"
"Rutherford","4","37","North Carolina","4/11/20","12","25","37161","208.33"
"Sampson","1","11","North Carolina","4/11/20","2","9","37163","450"
"Scotland","1","9","North Carolina","4/11/20","2","7","37165","350"
"Stanly","1","14","North Carolina","4/11/20","7","7","37167","100"
"Stokes","1","10","North Carolina","4/11/20","5","5","37169","100"
"Surry","1","10","North Carolina","4/11/20","3","7","37171","233.33"
"Swain","0","0","North Carolina","4/11/20","1","-1","37173","-100"
"Transylvania","0","6","North Carolina","4/11/20","5","1","37175","20"
"Union","5","101","North Carolina","4/11/20","67","34","37179","50.75"
"Vance","1","19","North Carolina","4/11/20","10","9","37181","90"
"Wake","20","424","North Carolina","4/11/20","283","141","37183","49.82"
"Warren","0","3","North Carolina","4/11/20","1","2","37185","200"
"Washington","2","15","North Carolina","4/11/20","3","12","37187","400"
"Watauga","0","8","North Carolina","4/11/20","8","0","37189","0"
"Wayne","8","69","North Carolina","4/11/20","12","57","37191","475"
"Wilkes","0","4","North Carolina","4/11/20","4","0","37193","0"
"Wilson","4","58","North Carolina","4/11/20","28","30","37195","107.14"
"Yadkin","1","10","North Carolina","4/11/20","6","4","37197","66.67"
"Barnes","0","2","North Dakota","4/11/20","2","0","38003","0"
"Bowman","0","1","North Dakota","4/11/20","0","1","38011","1"
"Burke","0","2","North Dakota","4/11/20","2","0","38013","0"
"Burleigh","2","49","North Dakota","4/11/20","34","15","38015","44.12"
"Cass","7","95","North Dakota","4/11/20","48","47","38017","97.92"
"Divide","0","1","North Dakota","4/11/20","1","0","38023","0"
"Dunn","0","2","North Dakota","4/11/20","1","1","38025","100"
"Eddy","0","1","North Dakota","4/11/20","1","0","38027","0"
"Emmons","0","1","North Dakota","4/11/20","0","1","38029","1"
"Foster","0","1","North Dakota","4/11/20","1","0","38031","0"
"Grand Forks","0","11","North Dakota","4/11/20","10","1","38035","10"
"Grant","0","1","North Dakota","4/11/20","1","0","38037","0"
"McHenry","0","1","North Dakota","4/11/20","1","0","38049","0"
"McIntosh","0","1","North Dakota","4/11/20","1","0","38051","0"
"McKenzie","1","6","North Dakota","4/11/20","2","4","38053","200"
"McLean","0","2","North Dakota","4/11/20","2","0","38055","0"
"Morton","0","19","North Dakota","4/11/20","16","3","38059","18.75"
"Mountrail","1","21","North Dakota","4/11/20","13","8","38061","61.54"
"Oliver","0","1","North Dakota","4/11/20","1","0","38065","0"
"Pierce","0","2","North Dakota","4/11/20","2","0","38069","0"
"Ramsey","0","3","North Dakota","4/11/20","3","0","38071","0"
"Richland","0","2","North Dakota","4/11/20","0","2","38077","1"
"Rolette","0","1","North Dakota","4/11/20","0","1","38079","1"
"Sargent","0","1","North Dakota","4/11/20","0","1","38081","1"
"Sioux","0","1","North Dakota","4/11/20","1","0","38085","0"
"Slope","0","3","North Dakota","4/11/20","1","2","38087","200"
"Stark","1","30","North Dakota","4/11/20","22","8","38089","36.36"
"Stutsman","0","1","North Dakota","4/11/20","0","1","38093","1"
"Walsh","0","3","North Dakota","4/11/20","1","2","38099","200"
"Ward","1","20","North Dakota","4/11/20","14","6","38101","42.86"
"Williams","0","8","North Dakota","4/11/20","5","3","38105","60"
"","0","11","Northern Mariana Islands","4/11/20","8","3",,"37.5"
"Adams","0","3","Ohio","4/11/20","1","2","39001","200"
"Allen","2","27","Ohio","4/11/20","15","12","39003","80"
"Ashland","0","5","Ohio","4/11/20","3","2","39005","66.67"
"Ashtabula","2","24","Ohio","4/11/20","11","13","39007","118.18"
"Athens","0","3","Ohio","4/11/20","3","0","39009","0"
"Auglaize","1","14","Ohio","4/11/20","6","8","39011","133.33"
"Belmont","5","49","Ohio","4/11/20","17","32","39013","188.24"
"Brown","0","5","Ohio","4/11/20","3","2","39015","66.67"
"Butler","8","115","Ohio","4/11/20","59","56","39017","94.92"
"Carroll","0","11","Ohio","4/11/20","8","3","39019","37.5"
"Champaign","0","6","Ohio","4/11/20","5","1","39021","20"
"Clark","2","18","Ohio","4/11/20","7","11","39023","157.14"
"Clermont","3","41","Ohio","4/11/20","20","21","39025","105"
"Clinton","1","15","Ohio","4/11/20","7","8","39027","114.29"
"Columbiana","9","96","Ohio","4/11/20","36","60","39029","166.67"
"Coshocton","1","15","Ohio","4/11/20","8","7","39031","87.5"
"Crawford","1","13","Ohio","4/11/20","7","6","39033","85.71"
"Cuyahoga","47","1113","Ohio","4/11/20","781","332","39035","42.51"
"Darke","2","42","Ohio","4/11/20","28","14","39037","50"
"Defiance","1","11","Ohio","4/11/20","7","4","39039","57.14"
"Delaware","3","89","Ohio","4/11/20","69","20","39041","28.99"
"Erie","1","10","Ohio","4/11/20","6","4","39043","66.67"
"Fairfield","6","78","Ohio","4/11/20","36","42","39045","116.67"
"Fayette","1","7","Ohio","4/11/20","2","5","39047","250"
"Franklin","48","894","Ohio","4/11/20","557","337","39049","60.5"
"Fulton","0","6","Ohio","4/11/20","5","1","39051","20"
"Gallia","0","4","Ohio","4/11/20","4","0","39053","0"
"Geauga","2","53","Ohio","4/11/20","38","15","39055","39.47"
"Greene","2","24","Ohio","4/11/20","11","13","39057","118.18"
"Guernsey","1","5","Ohio","4/11/20","1","4","39059","400"
"Hamilton","34","529","Ohio","4/11/20","288","241","39061","83.68"
"Hancock","2","20","Ohio","4/11/20","9","11","39063","122.22"
"Hardin","0","4","Ohio","4/11/20","1","3","39065","300"
"Henry","0","1","Ohio","4/11/20","0","1","39069","1"
"Highland","0","6","Ohio","4/11/20","4","2","39071","50"
"Hocking","0","2","Ohio","4/11/20","0","2","39073","1"
"Holmes","0","3","Ohio","4/11/20","1","2","39075","200"
"Huron","1","15","Ohio","4/11/20","6","9","39077","150"
"Jackson","0","2","Ohio","4/11/20","0","2","39079","1"
"Jefferson","1","23","Ohio","4/11/20","14","9","39081","64.29"
"Knox","0","9","Ohio","4/11/20","6","3","39083","50"
"Lake","5","112","Ohio","4/11/20","76","36","39085","47.37"
"Lawrence","1","15","Ohio","4/11/20","7","8","39087","114.29"
"Licking","4","80","Ohio","4/11/20","50","30","39089","60"
"Logan","1","7","Ohio","4/11/20","3","4","39091","133.33"
"Lorain","8","161","Ohio","4/11/20","105","56","39093","53.33"
"Lucas","31","490","Ohio","4/11/20","272","218","39095","80.15"
"Madison","1","23","Ohio","4/11/20","15","8","39097","53.33"
"Mahoning","18","375","Ohio","4/11/20","250","125","39099","50"
"Marion","5","49","Ohio","4/11/20","12","37","39101","308.33"
"Medina","5","107","Ohio","4/11/20","74","33","39103","44.59"
"Meigs","0","1","Ohio","4/11/20","0","1","39105","1"
"Mercer","1","12","Ohio","4/11/20","6","6","39107","100"
"Miami","7","116","Ohio","4/11/20","69","47","39109","68.12"
"Monroe","0","2","Ohio","4/11/20","0","2","39111","1"
"Montgomery","15","175","Ohio","4/11/20","69","106","39113","153.62"
"Morgan","0","2","Ohio","4/11/20","0","2","39115","1"
"Morrow","1","8","Ohio","4/11/20","3","5","39117","166.67"
"Muskingum","1","8","Ohio","4/11/20","4","4","39119","100"
"Noble","0","1","Ohio","4/11/20","0","1","39121","1"
"Ottawa","1","10","Ohio","4/11/20","5","5","39123","100"
"Paulding","0","3","Ohio","4/11/20","0","3","39125","1"
"Perry","1","8","Ohio","4/11/20","3","5","39127","166.67"
"Pickaway","4","51","Ohio","4/11/20","20","31","39129","155"
"Pike","0","1","Ohio","4/11/20","1","0","39131","0"
"Portage","9","134","Ohio","4/11/20","74","60","39133","81.08"
"Preble","1","11","Ohio","4/11/20","4","7","39135","175"
"Richland","3","34","Ohio","4/11/20","14","20","39139","142.86"
"Ross","1","13","Ohio","4/11/20","4","9","39141","225"
"Sandusky","1","10","Ohio","4/11/20","5","5","39143","100"
"Scioto","1","4","Ohio","4/11/20","0","4","39145","1"
"Seneca","0","8","Ohio","4/11/20","5","3","39147","60"
"Shelby","2","25","Ohio","4/11/20","10","15","39149","150"
"Stark","6","133","Ohio","4/11/20","92","41","39151","44.57"
"Summit","8","243","Ohio","4/11/20","184","59","39153","32.07"
"Trumbull","9","155","Ohio","4/11/20","90","65","39155","72.22"
"Tuscarawas","1","26","Ohio","4/11/20","19","7","39157","36.84"
"Union","0","10","Ohio","4/11/20","7","3","39159","42.86"
"Van Wert","0","2","Ohio","4/11/20","2","0","39161","0"
"Warren","6","74","Ohio","4/11/20","35","39","39165","111.43"
"Washington","4","36","Ohio","4/11/20","6","30","39167","500"
"Wayne","2","40","Ohio","4/11/20","25","15","39169","60"
"Williams","0","3","Ohio","4/11/20","1","2","39171","200"
"Wood","4","52","Ohio","4/11/20","23","29","39173","126.09"
"Wyandot","1","10","Ohio","4/11/20","5","5","39175","100"
"Adair","2","27","Oklahoma","4/11/20","14","13","40001","92.86"
"Atoka","0","1","Oklahoma","4/11/20","1","0","40005","0"
"Beaver","0","1","Oklahoma","4/11/20","0","1","40007","1"
"Beckham","0","1","Oklahoma","4/11/20","1","0","40009","0"
"Bryan","0","3","Oklahoma","4/11/20","3","0","40013","0"
"Caddo","1","9","Oklahoma","4/11/20","4","5","40015","125"
"Canadian","3","56","Oklahoma","4/11/20","32","24","40017","75"
"Carter","0","1","Oklahoma","4/11/20","1","0","40019","0"
"Cherokee","1","18","Oklahoma","4/11/20","10","8","40021","80"
"Choctaw","0","2","Oklahoma","4/11/20","2","0","40023","0"
"Cleveland","11","247","Oklahoma","4/11/20","169","78","40027","46.15"
"Comanche","2","49","Oklahoma","4/11/20","37","12","40031","32.43"
"Cotton","0","4","Oklahoma","4/11/20","4","0","40033","0"
"Craig","0","6","Oklahoma","4/11/20","3","3","40035","100"
"Creek","2","54","Oklahoma","4/11/20","43","11","40037","25.58"
"Custer","0","5","Oklahoma","4/11/20","5","0","40039","0"
"Delaware","2","24","Oklahoma","4/11/20","11","13","40041","118.18"
"Dewey","0","1","Oklahoma","4/11/20","0","1","40043","1"
"Garfield","0","6","Oklahoma","4/11/20","5","1","40047","20"
"Garvin","0","10","Oklahoma","4/11/20","11","-1","40049","-9.09"
"Grady","1","11","Oklahoma","4/11/20","6","5","40051","83.33"
"Grant","0","2","Oklahoma","4/11/20","1","1","40053","100"
"Greer","6","48","Oklahoma","4/11/20","6","42","40055","700"
"Jackson","0","7","Oklahoma","4/11/20","4","3","40065","75"
"Jefferson","0","1","Oklahoma","4/11/20","0","1","40067","1"
"Kay","2","42","Oklahoma","4/11/20","29","13","40071","44.83"
"Kingfisher","0","5","Oklahoma","4/11/20","3","2","40073","66.67"
"Kiowa","0","1","Oklahoma","4/11/20","1","0","40075","0"
"Latimer","0","4","Oklahoma","4/11/20","4","0","40077","0"
"Le Flore","0","3","Oklahoma","4/11/20","1","2","40079","200"
"Lincoln","1","11","Oklahoma","4/11/20","7","4","40081","57.14"
"Logan","0","7","Oklahoma","4/11/20","6","1","40083","16.67"
"Love","0","2","Oklahoma","4/11/20","2","0","40085","0"
"Major","0","1","Oklahoma","4/11/20","1","0","40093","0"
"Marshall","0","1","Oklahoma","4/11/20","0","1","40095","1"
"Mayes","1","13","Oklahoma","4/11/20","7","6","40097","85.71"
"McClain","1","18","Oklahoma","4/11/20","11","7","40087","63.64"
"McCurtain","0","2","Oklahoma","4/11/20","1","1","40089","100"
"McIntosh","0","1","Oklahoma","4/11/20","0","1","40091","1"
"Muskogee","1","21","Oklahoma","4/11/20","17","4","40101","23.53"
"Noble","0","6","Oklahoma","4/11/20","5","1","40103","20"
"Nowata","0","10","Oklahoma","4/11/20","8","2","40105","25"
"Okfuskee","0","1","Oklahoma","4/11/20","0","1","40107","1"
"Oklahoma","24","425","Oklahoma","4/11/20","256","169","40109","66.02"
"Okmulgee","0","13","Oklahoma","4/11/20","11","2","40111","18.18"
"Osage","3","45","Oklahoma","4/11/20","25","20","40113","80"
"Ottawa","1","16","Oklahoma","4/11/20","10","6","40115","60"
"Out of OK","0","0","Oklahoma","4/11/20","2","-2","80040","-100"
"Pawnee","1","26","Oklahoma","4/11/20","16","10","40117","62.5"
"Payne","1","28","Oklahoma","4/11/20","20","8","40119","40"
"Pittsburg","1","8","Oklahoma","4/11/20","3","5","40121","166.67"
"Pontotoc","0","9","Oklahoma","4/11/20","7","2","40123","28.57"
"Pottawatomie","2","25","Oklahoma","4/11/20","11","14","40125","127.27"
"Rogers","2","24","Oklahoma","4/11/20","12","12","40131","100"
"Seminole","1","6","Oklahoma","4/11/20","2","4","40133","200"
"Sequoyah","1","9","Oklahoma","4/11/20","4","5","40135","125"
"Stephens","1","13","Oklahoma","4/11/20","9","4","40137","44.44"
"Texas","0","3","Oklahoma","4/11/20","1","2","40139","200"
"Tillman","0","1","Oklahoma","4/11/20","1","0","40141","0"
"Tulsa","15","323","Oklahoma","4/11/20","221","102","40143","46.15"
"Wagoner","4","67","Oklahoma","4/11/20","40","27","40145","67.5"
"Washington","7","83","Oklahoma","4/11/20","33","50","40147","151.52"
"Woodward","0","1","Oklahoma","4/11/20","1","0","40153","0"
"Benton","1","21","Oregon","4/11/20","17","4","41003","23.53"
"Clackamas","7","116","Oregon","4/11/20","66","50","41005","75.76"
"Clatsop","0","6","Oregon","4/11/20","4","2","41007","50"
"Columbia","1","10","Oregon","4/11/20","1","9","41009","900"
"Crook","0","1","Oregon","4/11/20","1","0","41013","0"
"Curry","0","3","Oregon","4/11/20","0","3","41015","1"
"Deschutes","2","51","Oregon","4/11/20","36","15","41017","41.67"
"Douglas","0","12","Oregon","4/11/20","9","3","41019","33.33"
"Grant","0","1","Oregon","4/11/20","1","0","41023","0"
"Hood River","0","4","Oregon","4/11/20","3","1","41027","33.33"
"Jackson","2","44","Oregon","4/11/20","27","17","41029","62.96"
"Josephine","1","17","Oregon","4/11/20","12","5","41033","41.67"
"Klamath","2","24","Oregon","4/11/20","13","11","41035","84.62"
"Lane","2","34","Oregon","4/11/20","21","13","41039","61.9"
"Lincoln","0","4","Oregon","4/11/20","4","0","41041","0"
"Linn","2","49","Oregon","4/11/20","37","12","41043","32.43"
"Malheur","0","2","Oregon","4/11/20","2","0","41045","0"
"Marion","10","246","Oregon","4/11/20","178","68","41047","38.2"
"Morrow","0","5","Oregon","4/11/20","2","3","41049","150"
"Multnomah","20","317","Oregon","4/11/20","175","142","41051","81.14"
"Polk","1","29","Oregon","4/11/20","20","9","41053","45"
"Sherman","0","1","Oregon","4/11/20","0","1","41055","1"
"Tillamook","0","4","Oregon","4/11/20","3","1","41057","33.33"
"Umatilla","1","11","Oregon","4/11/20","5","6","41059","120"
"Union","0","3","Oregon","4/11/20","3","0","41061","0"
"Wallowa","0","1","Oregon","4/11/20","1","0","41063","0"
"Wasco","0","7","Oregon","4/11/20","7","0","41065","0"
"Washington","13","320","Oregon","4/11/20","228","92","41067","40.35"
"Yamhill","1","28","Oregon","4/11/20","23","5","41071","21.74"
"Adams","3","44","Pennsylvania","4/11/20","21","23","42001","109.52"
"Allegheny","41","836","Pennsylvania","4/11/20","552","284","42003","51.45"
"Armstrong","2","26","Pennsylvania","4/11/20","12","14","42005","116.67"
"Beaver","11","143","Pennsylvania","4/11/20","69","74","42007","107.25"
"Bedford","0","5","Pennsylvania","4/11/20","4","1","42009","25"
"Berks","99","930","Pennsylvania","4/11/20","235","695","42011","295.74"
"Blair","1","10","Pennsylvania","4/11/20","5","5","42013","100"
"Bradford","1","18","Pennsylvania","4/11/20","10","8","42015","80"
"Bucks","84","1107","Pennsylvania","4/11/20","517","590","42017","114.12"
"Butler","6","128","Pennsylvania","4/11/20","84","44","42019","52.38"
"Cambria","1","13","Pennsylvania","4/11/20","6","7","42021","116.67"
"Cameron","0","1","Pennsylvania","4/11/20","1","0","42023","0"
"Carbon","7","98","Pennsylvania","4/11/20","46","52","42025","113.04"
"Centre","4","69","Pennsylvania","4/11/20","39","30","42027","76.92"
"Chester","40","532","Pennsylvania","4/11/20","250","282","42029","112.8"
"Clarion","2","15","Pennsylvania","4/11/20","4","11","42031","275"
"Clearfield","0","9","Pennsylvania","4/11/20","7","2","42033","28.57"
"Clinton","1","7","Pennsylvania","4/11/20","1","6","42035","600"
"Columbia","11","99","Pennsylvania","4/11/20","20","79","42037","395"
"Crawford","1","15","Pennsylvania","4/11/20","5","10","42039","200"
"Cumberland","7","105","Pennsylvania","4/11/20","54","51","42041","94.44"
"Dauphin","16","213","Pennsylvania","4/11/20","99","114","42043","115.15"
"Delaware","128","1510","Pennsylvania","4/11/20","616","894","42045","145.13"
"Elk","0","2","Pennsylvania","4/11/20","0","2","42047","1"
"Erie","3","39","Pennsylvania","4/11/20","19","20","42049","105.26"
"Fayette","4","50","Pennsylvania","4/11/20","23","27","42051","117.39"
"Forest","0","5","Pennsylvania","4/11/20","2","3","42053","150"
"Franklin","5","59","Pennsylvania","4/11/20","27","32","42055","118.52"
"Fulton","0","1","Pennsylvania","4/11/20","0","1","42057","1"
"Greene","2","23","Pennsylvania","4/11/20","12","11","42059","91.67"
"Huntingdon","1","10","Pennsylvania","4/11/20","4","6","42061","150"
"Indiana","4","40","Pennsylvania","4/11/20","9","31","42063","344.44"
"Jefferson","0","1","Pennsylvania","4/11/20","0","1","42065","1"
"Juniata","4","38","Pennsylvania","4/11/20","7","31","42067","442.86"
"Lackawanna","35","392","Pennsylvania","4/11/20","146","246","42069","168.49"
"Lancaster","58","698","Pennsylvania","4/11/20","291","407","42071","139.86"
"Lawrence","3","46","Pennsylvania","4/11/20","22","24","42073","109.09"
"Lebanon","21","232","Pennsylvania","4/11/20","87","145","42075","166.67"
"Lehigh","117","1620","Pennsylvania","4/11/20","804","816","42077","101.49"
"Luzerne","103","1372","Pennsylvania","4/11/20","648","724","42079","111.73"
"Lycoming","1","20","Pennsylvania","4/11/20","10","10","42081","100"
"McKean","0","2","Pennsylvania","4/11/20","1","1","42083","100"
"Mercer","3","38","Pennsylvania","4/11/20","14","24","42085","171.43"
"Mifflin","1","10","Pennsylvania","4/11/20","4","6","42087","150"
"Monroe","41","774","Pennsylvania","4/11/20","484","290","42089","59.92"
"Montgomery","153","2053","Pennsylvania","4/11/20","982","1071","42091","109.06"
"Montour","3","37","Pennsylvania","4/11/20","19","18","42093","94.74"
"Northampton","64","1039","Pennsylvania","4/11/20","588","451","42095","76.7"
"Northumberland","3","31","Pennsylvania","4/11/20","9","22","42097","244.44"
"Perry","2","16","Pennsylvania","4/11/20","5","11","42099","220"
"Philadelphia","431","6022","Pennsylvania","4/11/20","3008","3014","42101","100.2"
"Pike","16","208","Pennsylvania","4/11/20","97","111","42103","114.43"
"Potter","0","4","Pennsylvania","4/11/20","3","1","42105","33.33"
"Schuylkill","15","179","Pennsylvania","4/11/20","77","102","42107","132.47"
"Snyder","1","16","Pennsylvania","4/11/20","6","10","42109","166.67"
"Somerset","1","10","Pennsylvania","4/11/20","3","7","42111","233.33"
"Sullivan","0","1","Pennsylvania","4/11/20","1","0","42113","0"
"Susquehanna","3","23","Pennsylvania","4/11/20","5","18","42115","360"
"Tioga","1","12","Pennsylvania","4/11/20","3","9","42117","300"
"Union","1","14","Pennsylvania","4/11/20","5","9","42119","180"
"Venango","0","6","Pennsylvania","4/11/20","3","3","42121","100"
"Warren","0","1","Pennsylvania","4/11/20","1","0","42123","0"
"Washington","3","66","Pennsylvania","4/11/20","46","20","42125","43.48"
"Wayne","4","57","Pennsylvania","4/11/20","28","29","42127","103.57"
"Westmoreland","12","218","Pennsylvania","4/11/20","135","83","42129","61.48"
"Wyoming","0","8","Pennsylvania","4/11/20","5","3","42131","60"
"York","21","293","Pennsylvania","4/11/20","144","149","42133","103.47"
"","48","788","Puerto Rico","4/11/20","452","336",,"74.34"
"Bristol","3","39","Rhode Island","4/11/20","21","18","44001","85.71"
"Kent","16","169","Rhode Island","4/11/20","59","110","44003","186.44"
"Newport","6","74","Rhode Island","4/11/20","33","41","44005","124.24"
"Providence","123","1278","Rhode Island","4/11/20","418","860","44007","205.74"
"Washington","15","140","Rhode Island","4/11/20","34","106","44009","311.76"
"Abbeville","0","9","South Carolina","4/11/20","6","3","45001","50"
"Aiken","4","50","South Carolina","4/11/20","24","26","45003","108.33"
"Allendale","0","4","South Carolina","4/11/20","2","2","45005","100"
"Anderson","5","102","South Carolina","4/11/20","68","34","45007","50"
"Bamberg","0","7","South Carolina","4/11/20","5","2","45009","40"
"Barnwell","0","5","South Carolina","4/11/20","2","3","45011","150"
"Beaufort","6","191","South Carolina","4/11/20","148","43","45013","29.05"
"Berkeley","3","67","South Carolina","4/11/20","45","22","45015","48.89"
"Calhoun","0","6","South Carolina","4/11/20","4","2","45017","50"
"Charleston","8","331","South Carolina","4/11/20","274","57","45019","20.8"
"Cherokee","1","8","South Carolina","4/11/20","2","6","45021","300"
"Chester","1","18","South Carolina","4/11/20","12","6","45023","50"
"Chesterfield","1","22","South Carolina","4/11/20","13","9","45025","69.23"
"Clarendon","6","85","South Carolina","4/11/20","45","40","45027","88.89"
"Colleton","1","15","South Carolina","4/11/20","9","6","45029","66.67"
"Darlington","3","37","South Carolina","4/11/20","19","18","45031","94.74"
"Dillon","1","5","South Carolina","4/11/20","1","4","45033","400"
"Dorchester","3","67","South Carolina","4/11/20","45","22","45035","48.89"
"Edgefield","1","10","South Carolina","4/11/20","5","5","45037","100"
"Fairfield","1","21","South Carolina","4/11/20","12","9","45039","75"
"Florence","4","66","South Carolina","4/11/20","35","31","45041","88.57"
"Georgetown","2","32","South Carolina","4/11/20","17","15","45043","88.24"
"Greenville","20","325","South Carolina","4/11/20","183","142","45045","77.6"
"Greenwood","1","17","South Carolina","4/11/20","10","7","45047","70"
"Hampton","1","6","South Carolina","4/11/20","1","5","45049","500"
"Horry","10","132","South Carolina","4/11/20","63","69","45051","109.52"
"Jasper","0","12","South Carolina","4/11/20","9","3","45053","33.33"
"Kershaw","5","178","South Carolina","4/11/20","141","37","45055","26.24"
"Lancaster","3","62","South Carolina","4/11/20","39","23","45057","58.97"
"Laurens","1","13","South Carolina","4/11/20","6","7","45059","116.67"
"Lee","2","27","South Carolina","4/11/20","16","11","45061","68.75"
"Lexington","15","202","South Carolina","4/11/20","95","107","45063","112.63"
"Marion","1","6","South Carolina","4/11/20","2","4","45067","200"
"Marlboro","1","13","South Carolina","4/11/20","3","10","45069","333.33"
"McCormick","0","3","South Carolina","4/11/20","1","2","45065","200"
"Newberry","1","13","South Carolina","4/11/20","8","5","45071","62.5"
"Oconee","1","13","South Carolina","4/11/20","8","5","45073","62.5"
"Orangeburg","2","37","South Carolina","4/11/20","26","11","45075","42.31"
"Pickens","2","28","South Carolina","4/11/20","17","11","45077","64.71"
"Richland","34","479","South Carolina","4/11/20","242","237","45079","97.93"
"Saluda","0","7","South Carolina","4/11/20","4","3","45081","75"
"Spartanburg","14","170","South Carolina","4/11/20","72","98","45083","136.11"
"Sumter","10","146","South Carolina","4/11/20","79","67","45085","84.81"
"Union","2","22","South Carolina","4/11/20","9","13","45087","144.44"
"Williamsburg","1","15","South Carolina","4/11/20","9","6","45089","66.67"
"York","7","127","South Carolina","4/11/20","81","46","45091","56.79"
"Aurora","0","1","South Dakota","4/11/20","1","0","46003","0"
"Beadle","0","21","South Dakota","4/11/20","21","0","46005","0"
"Bon Homme","0","3","South Dakota","4/11/20","1","2","46009","200"
"Brookings","0","6","South Dakota","4/11/20","3","3","46011","100"
"Brown","1","14","South Dakota","4/11/20","9","5","46013","55.56"
"Charles Mix","0","3","South Dakota","4/11/20","2","1","46023","50"
"Clark","0","1","South Dakota","4/11/20","1","0","46025","0"
"Clay","0","6","South Dakota","4/11/20","3","3","46027","100"
"Codington","0","12","South Dakota","4/11/20","9","3","46029","33.33"
"Corson","0","1","South Dakota","4/11/20","0","1","46031","1"
"Davison","0","3","South Dakota","4/11/20","3","0","46035","0"
"Deuel","0","1","South Dakota","4/11/20","1","0","46039","0"
"Fall River","0","1","South Dakota","4/11/20","1","0","46047","0"
"Faulk","0","1","South Dakota","4/11/20","1","0","46049","0"
"Hamlin","0","1","South Dakota","4/11/20","1","0","46057","0"
"Hughes","0","4","South Dakota","4/11/20","3","1","46065","33.33"
"Hutchinson","0","2","South Dakota","4/11/20","2","0","46067","0"
"Jerauld","0","3","South Dakota","4/11/20","0","3","46073","1"
"Lake","0","2","South Dakota","4/11/20","1","1","46079","100"
"Lawrence","0","9","South Dakota","4/11/20","9","0","46081","0"
"Lincoln","3","39","South Dakota","4/11/20","21","18","46083","85.71"
"Lyman","0","2","South Dakota","4/11/20","1","1","46085","100"
"Marshall","0","1","South Dakota","4/11/20","1","0","46091","0"
"McCook","0","2","South Dakota","4/11/20","2","0","46087","0"
"Meade","0","1","South Dakota","4/11/20","1","0","46093","0"
"Miner","0","1","South Dakota","4/11/20","0","1","46097","1"
"Minnehaha","51","438","South Dakota","4/11/20","81","357","46099","440.74"
"Oglala Lakota","0","1","South Dakota","4/11/20","0","1","46102","1"
"Pennington","0","8","South Dakota","4/11/20","6","2","46103","33.33"
"Roberts","0","4","South Dakota","4/11/20","4","0","46109","0"
"Sanborn","0","1","South Dakota","4/11/20","0","1","46111","1"
"Spink","0","3","South Dakota","4/11/20","2","1","46115","50"
"Todd","0","1","South Dakota","4/11/20","1","0","46121","0"
"Turner","0","5","South Dakota","4/11/20","3","2","46125","66.67"
"Union","0","4","South Dakota","4/11/20","3","1","46127","33.33"
"Yankton","1","20","South Dakota","4/11/20","14","6","46135","42.86"
"Anderson","0","12","Tennessee","4/11/20","10","2","47001","20"
"Bedford","1","17","Tennessee","4/11/20","8","9","47003","112.5"
"Benton","0","4","Tennessee","4/11/20","4","0","47005","0"
"Bledsoe","0","3","Tennessee","4/11/20","2","1","47007","50"
"Blount","2","46","Tennessee","4/11/20","34","12","47009","35.29"
"Bradley","1","31","Tennessee","4/11/20","21","10","47011","47.62"
"Campbell","1","10","Tennessee","4/11/20","5","5","47013","100"
"Cannon","0","7","Tennessee","4/11/20","4","3","47015","75"
"Carroll","1","10","Tennessee","4/11/20","6","4","47017","66.67"
"Carter","0","3","Tennessee","4/11/20","3","0","47019","0"
"Cheatham","1","17","Tennessee","4/11/20","12","5","47021","41.67"
"Chester","0","6","Tennessee","4/11/20","6","0","47023","0"
"Claiborne","0","3","Tennessee","4/11/20","2","1","47025","50"
"Clay","0","2","Tennessee","4/11/20","1","1","47027","100"
"Cocke","0","3","Tennessee","4/11/20","1","2","47029","200"
"Coffee","1","11","Tennessee","4/11/20","4","7","47031","175"
"Cumberland","2","40","Tennessee","4/11/20","23","17","47035","73.91"
"Davidson","53","1111","Tennessee","4/11/20","741","370","47037","49.93"
"Decatur","0","1","Tennessee","4/11/20","0","1","47039","1"
"DeKalb","1","9","Tennessee","4/11/20","5","4","47041","80"
"Dickson","1","30","Tennessee","4/11/20","22","8","47043","36.36"
"Dyer","2","18","Tennessee","4/11/20","7","11","47045","157.14"
"Fayette","2","30","Tennessee","4/11/20","18","12","47047","66.67"
"Fentress","0","2","Tennessee","4/11/20","1","1","47049","100"
"Franklin","1","22","Tennessee","4/11/20","12","10","47051","83.33"
"Gibson","2","19","Tennessee","4/11/20","8","11","47053","137.5"
"Giles","0","3","Tennessee","4/11/20","3","0","47055","0"
"Grainger","0","4","Tennessee","4/11/20","3","1","47057","33.33"
"Greene","1","26","Tennessee","4/11/20","16","10","47059","62.5"
"Grundy","1","21","Tennessee","4/11/20","12","9","47061","75"
"Hamblen","0","4","Tennessee","4/11/20","4","0","47063","0"
"Hamilton","5","105","Tennessee","4/11/20","71","34","47065","47.89"
"Hardeman","0","7","Tennessee","4/11/20","6","1","47069","16.67"
"Hardin","0","2","Tennessee","4/11/20","2","0","47071","0"
"Hawkins","2","22","Tennessee","4/11/20","9","13","47073","144.44"
"Haywood","2","13","Tennessee","4/11/20","2","11","47075","550"
"Henderson","0","2","Tennessee","4/11/20","0","2","47077","1"
"Henry","0","6","Tennessee","4/11/20","4","2","47079","50"
"Hickman","0","2","Tennessee","4/11/20","1","1","47081","100"
"Houston","0","3","Tennessee","4/11/20","2","1","47083","50"
"Humphreys","0","4","Tennessee","4/11/20","3","1","47085","33.33"
"Jackson","0","5","Tennessee","4/11/20","3","2","47087","66.67"
"Jefferson","1","14","Tennessee","4/11/20","6","8","47089","133.33"
"Johnson","0","2","Tennessee","4/11/20","2","0","47091","0"
"Knox","10","169","Tennessee","4/11/20","99","70","47093","70.71"
"Lauderdale","1","8","Tennessee","4/11/20","2","6","47097","300"
"Lawrence","1","12","Tennessee","4/11/20","3","9","47099","300"
"Lewis","0","2","Tennessee","4/11/20","2","0","47101","0"
"Lincoln","0","8","Tennessee","4/11/20","5","3","47103","60"
"Loudon","0","16","Tennessee","4/11/20","13","3","47105","23.08"
"Macon","2","23","Tennessee","4/11/20","7","16","47111","228.57"
"Madison","5","56","Tennessee","4/11/20","19","37","47113","194.74"
"Marion","1","24","Tennessee","4/11/20","16","8","47115","50"
"Marshall","1","9","Tennessee","4/11/20","4","5","47117","125"
"Maury","2","32","Tennessee","4/11/20","21","11","47119","52.38"
"McMinn","0","4","Tennessee","4/11/20","3","1","47107","33.33"
"McNairy","1","9","Tennessee","4/11/20","3","6","47109","200"
"Meigs","0","3","Tennessee","4/11/20","2","1","47121","50"
"Monroe","0","8","Tennessee","4/11/20","6","2","47123","33.33"
"Montgomery","6","88","Tennessee","4/11/20","46","42","47125","91.3"
"Morgan","0","5","Tennessee","4/11/20","4","1","47129","25"
"Obion","1","7","Tennessee","4/11/20","2","5","47131","250"
"Out of TN","8","276","Tennessee","4/11/20","218","58","80047","26.61"
"Overton","0","5","Tennessee","4/11/20","2","3","47133","150"
"Perry","0","3","Tennessee","4/11/20","3","0","47135","0"
"Polk","0","5","Tennessee","4/11/20","3","2","47139","66.67"
"Putnam","5","85","Tennessee","4/11/20","52","33","47141","63.46"
"Roane","0","5","Tennessee","4/11/20","5","0","47145","0"
"Robertson","4","81","Tennessee","4/11/20","51","30","47147","58.82"
"Rutherford","14","235","Tennessee","4/11/20","140","95","47149","67.86"
"Scott","1","8","Tennessee","4/11/20","3","5","47151","166.67"
"Sequatchie","0","1","Tennessee","4/11/20","2","-1","47153","-50"
"Sevier","1","21","Tennessee","4/11/20","13","8","47155","61.54"
"Shelby","65","1147","Tennessee","4/11/20","689","458","47157","66.47"
"Smith","1","7","Tennessee","4/11/20","3","4","47159","133.33"
"Stewart","0","4","Tennessee","4/11/20","1","3","47161","300"
"Sullivan","3","37","Tennessee","4/11/20","18","19","47163","105.56"
"Sumner","19","435","Tennessee","4/11/20","301","134","47165","44.52"
"Tipton","2","44","Tennessee","4/11/20","31","13","47167","41.94"
"Trousdale","1","17","Tennessee","4/11/20","7","10","47169","142.86"
"Unicoi","0","1","Tennessee","4/11/20","1","0","47171","0"
"Union","0","3","Tennessee","4/11/20","1","2","47173","200"
"Warren","0","4","Tennessee","4/11/20","1","3","47177","300"
"Washington","2","37","Tennessee","4/11/20","22","15","47179","68.18"
"Wayne","0","2","Tennessee","4/11/20","2","0","47181","0"
"Weakley","1","5","Tennessee","4/11/20","1","4","47183","400"
"White","0","3","Tennessee","4/11/20","2","1","47185","50"
"Williamson","10","312","Tennessee","4/11/20","239","73","47187","30.54"
"Wilson","8","135","Tennessee","4/11/20","82","53","47189","64.63"
"Anderson","0","3","Texas","4/11/20","1","2","48001","200"
"Andrews","1","11","Texas","4/11/20","1","10","48003","1000"
"Angelina","1","16","Texas","4/11/20","10","6","48005","60"
"Aransas","0","2","Texas","4/11/20","0","2","48007","1"
"Atascosa","1","8","Texas","4/11/20","2","6","48013","300"
"Austin","1","8","Texas","4/11/20","4","4","48015","100"
"Bandera","0","2","Texas","4/11/20","0","2","48019","1"
"Bastrop","2","26","Texas","4/11/20","10","16","48021","160"
"Bee","0","2","Texas","4/11/20","0","2","48025","1"
"Bell","5","91","Texas","4/11/20","58","33","48027","56.9"
"Bexar","46","665","Texas","4/11/20","342","323","48029","94.44"
"Blanco","0","4","Texas","4/11/20","2","2","48031","100"
"Bowie","2","30","Texas","4/11/20","17","13","48037","76.47"
"Brazoria","10","216","Texas","4/11/20","144","72","48039","50"
"Brazos","8","134","Texas","4/11/20","75","59","48041","78.67"
"Brown","1","10","Texas","4/11/20","4","6","48049","150"
"Burleson","1","6","Texas","4/11/20","2","4","48051","200"
"Burnet","0","6","Texas","4/11/20","4","2","48053","50"
"Caldwell","0","6","Texas","4/11/20","3","3","48055","100"
"Calhoun","1","14","Texas","4/11/20","8","6","48057","75"
"Callahan","0","1","Texas","4/11/20","0","1","48059","1"
"Cameron","14","159","Texas","4/11/20","62","97","48061","156.45"
"Camp","0","3","Texas","4/11/20","1","2","48063","200"
"Cass","0","4","Texas","4/11/20","4","0","48067","0"
"Castro","0","11","Texas","4/11/20","11","0","48069","0"
"Chambers","2","24","Texas","4/11/20","11","13","48071","118.18"
"Cherokee","0","6","Texas","4/11/20","6","0","48073","0"
"Clay","0","2","Texas","4/11/20","1","1","48077","100"
"Collin","24","425","Texas","4/11/20","256","169","48085","66.02"
"Colorado","1","7","Texas","4/11/20","2","5","48089","250"
"Comal","2","37","Texas","4/11/20","21","16","48091","76.19"
"Comanche","0","3","Texas","4/11/20","2","1","48093","50"
"Concho","0","1","Texas","4/11/20","0","1","48095","1"
"Cooke","0","1","Texas","4/11/20","0","1","48097","1"
"Coryell","4","34","Texas","4/11/20","4","30","48099","750"
"Crane","0","2","Texas","4/11/20","2","0","48103","0"
"Crosby","0","1","Texas","4/11/20","0","1","48107","1"
"Dallam","0","1","Texas","4/11/20","0","1","48111","1"
"Dallas","77","1644","Texas","4/11/20","1105","539","48113","48.78"
"Dawson","0","7","Texas","4/11/20","5","2","48115","40"
"Deaf Smith","1","7","Texas","4/11/20","3","4","48117","133.33"
"Delta","0","1","Texas","4/11/20","0","1","48119","1"
"Denton","26","454","Texas","4/11/20","273","181","48121","66.3"
"DeWitt","0","9","Texas","4/11/20","6","3","48123","50"
"Dickens","0","2","Texas","4/11/20","0","2","48125","1"
"Dimmit","0","1","Texas","4/11/20","0","1","48127","1"
"Donley","3","23","Texas","4/11/20","5","18","48129","360"
"Eastland","0","3","Texas","4/11/20","3","0","48133","0"
"Ector","3","40","Texas","4/11/20","22","18","48135","81.82"
"El Paso","21","252","Texas","4/11/20","103","149","48141","144.66"
"Ellis","5","66","Texas","4/11/20","29","37","48139","127.59"
"Erath","1","13","Texas","4/11/20","9","4","48143","44.44"
"Falls","0","1","Texas","4/11/20","1","0","48145","0"
"Fannin","0","5","Texas","4/11/20","2","3","48147","150"
"Fayette","0","9","Texas","4/11/20","10","-1","48149","-10"
"Floyd","0","1","Texas","4/11/20","0","1","48153","1"
"Fort Bend","38","518","Texas","4/11/20","255","263","48157","103.14"
"Franklin","0","1","Texas","4/11/20","1","0","48159","0"
"Frio","0","1","Texas","4/11/20","0","1","48163","1"
"Gaines","0","1","Texas","4/11/20","1","0","48165","0"
"Galveston","29","341","Texas","4/11/20","136","205","48167","150.74"
"Gillespie","0","1","Texas","4/11/20","2","-1","48171","-50"
"Goliad","0","4","Texas","4/11/20","1","3","48175","300"
"Gonzales","0","2","Texas","4/11/20","1","1","48177","100"
"Gray","1","13","Texas","4/11/20","5","8","48179","160"
"Grayson","1","17","Texas","4/11/20","12","5","48181","41.67"
"Gregg","3","40","Texas","4/11/20","16","24","48183","150"
"Grimes","0","6","Texas","4/11/20","3","3","48185","100"
"Guadalupe","3","47","Texas","4/11/20","26","21","48187","80.77"
"Hale","1","11","Texas","4/11/20","6","5","48189","83.33"
"Hamilton","0","3","Texas","4/11/20","0","3","48193","1"
"Hansford","0","1","Texas","4/11/20","0","1","48195","1"
"Hardin","5","47","Texas","4/11/20","15","32","48199","213.33"
"Harris","325","3561","Texas","4/11/20","1284","2277","48201","177.34"
"Harrison","1","14","Texas","4/11/20","5","9","48203","180"
"Hays","5","82","Texas","4/11/20","50","32","48209","64"
"Hemphill","0","1","Texas","4/11/20","1","0","48211","0"
"Henderson","1","10","Texas","4/11/20","1","9","48213","900"
"Hidalgo","14","181","Texas","4/11/20","86","95","48215","110.47"
"Hill","0","8","Texas","4/11/20","5","3","48217","60"
"Hockley","1","13","Texas","4/11/20","7","6","48219","85.71"
"Hood","1","13","Texas","4/11/20","9","4","48221","44.44"
"Hopkins","0","4","Texas","4/11/20","3","1","48223","33.33"
"Howard","0","1","Texas","4/11/20","0","1","48227","1"
"Hunt","1","16","Texas","4/11/20","8","8","48231","100"
"Hutchinson","0","2","Texas","4/11/20","2","0","48233","0"
"Jack","0","1","Texas","4/11/20","0","1","48237","1"
"Jackson","0","4","Texas","4/11/20","3","1","48239","33.33"
"Jasper","1","7","Texas","4/11/20","3","4","48241","133.33"
"Jefferson","9","100","Texas","4/11/20","40","60","48245","150"
"Jim Wells","0","2","Texas","4/11/20","2","0","48249","0"
"Johnson","1","28","Texas","4/11/20","21","7","48251","33.33"
"Jones","0","2","Texas","4/11/20","0","2","48253","1"
"Karnes","0","2","Texas","4/11/20","2","0","48255","0"
"Kaufman","2","26","Texas","4/11/20","10","16","48257","160"
"Kendall","0","10","Texas","4/11/20","9","1","48259","11.11"
"Kerr","0","2","Texas","4/11/20","2","0","48265","0"
"Kleberg","0","2","Texas","4/11/20","2","0","48273","0"
"Knox","0","1","Texas","4/11/20","0","1","48275","1"
"Lamar","0","8","Texas","4/11/20","5","3","48277","60"
"Lamb","0","1","Texas","4/11/20","1","0","48279","0"
"Lampasas","0","2","Texas","4/11/20","1","1","48281","100"
"Lavaca","0","4","Texas","4/11/20","2","2","48285","100"
"Lee","0","2","Texas","4/11/20","2","0","48287","0"
"Leon","0","3","Texas","4/11/20","2","1","48289","50"
"Liberty","2","17","Texas","4/11/20","5","12","48291","240"
"Limestone","1","11","Texas","4/11/20","3","8","48293","266.67"
"Live Oak","0","3","Texas","4/11/20","3","0","48297","0"
"Llano","0","3","Texas","4/11/20","3","0","48299","0"
"Lubbock","16","249","Texas","4/11/20","138","111","48303","80.43"
"Lynn","0","5","Texas","4/11/20","3","2","48305","66.67"
"Madison","0","1","Texas","4/11/20","0","1","48313","1"
"Martin","0","2","Texas","4/11/20","1","1","48317","100"
"Mason","0","1","Texas","4/11/20","1","0","48319","0"
"Matagorda","2","49","Texas","4/11/20","36","13","48321","36.11"
"Maverick","1","9","Texas","4/11/20","4","5","48323","125"
"McCulloch","0","3","Texas","4/11/20","0","3","48307","1"
"McLennan","3","68","Texas","4/11/20","50","18","48309","36"
"Medina","1","12","Texas","4/11/20","3","9","48325","300"
"Midland","1","31","Texas","4/11/20","22","9","48329","40.91"
"Milam","1","7","Texas","4/11/20","2","5","48331","250"
"Mitchell","0","1","Texas","4/11/20","0","1","48335","1"
"Montague","0","2","Texas","4/11/20","1","1","48337","100"
"Montgomery","16","251","Texas","4/11/20","142","109","48339","76.76"
"Moore","2","21","Texas","4/11/20","6","15","48341","250"
"Morris","0","3","Texas","4/11/20","1","2","48343","200"
"Nacogdoches","2","31","Texas","4/11/20","15","16","48347","106.67"
"Navarro","1","12","Texas","4/11/20","5","7","48349","140"
"Newton","0","2","Texas","4/11/20","1","1","48351","100"
"Nueces","4","72","Texas","4/11/20","47","25","48355","53.19"
"Oldham","0","3","Texas","4/11/20","2","1","48359","50"
"Orange","4","33","Texas","4/11/20","7","26","48361","371.43"
"Palo Pinto","0","4","Texas","4/11/20","1","3","48363","300"
"Panola","1","13","Texas","4/11/20","4","9","48365","225"
"Parker","1","13","Texas","4/11/20","6","7","48367","116.67"
"Pecos","0","1","Texas","4/11/20","0","1","48371","1"
"Polk","0","9","Texas","4/11/20","7","2","48373","28.57"
"Potter","6","66","Texas","4/11/20","24","42","48375","175"
"Rains","0","1","Texas","4/11/20","0","1","48379","1"
"Randall","5","60","Texas","4/11/20","24","36","48381","150"
"Reeves","0","1","Texas","4/11/20","1","0","48389","0"
"Robertson","0","2","Texas","4/11/20","2","0","48395","0"
"Rockwall","1","20","Texas","4/11/20","11","9","48397","81.82"
"Rusk","0","14","Texas","4/11/20","11","3","48401","27.27"
"San Augustine","1","9","Texas","4/11/20","4","5","48405","125"
"San Jacinto","1","5","Texas","4/11/20","1","4","48407","400"
"San Patricio","0","7","Texas","4/11/20","4","3","48409","75"
"Shelby","3","34","Texas","4/11/20","11","23","48419","209.09"
"Smith","5","93","Texas","4/11/20","57","36","48423","63.16"
"Starr","0","7","Texas","4/11/20","5","2","48427","40"
"Stephens","0","1","Texas","4/11/20","0","1","48429","1"
"Swisher","0","3","Texas","4/11/20","1","2","48437","200"
"Tarrant","43","705","Texas","4/11/20","404","301","48439","74.5"
"Taylor","4","55","Texas","4/11/20","27","28","48441","103.7"
"Terry","0","7","Texas","4/11/20","4","3","48445","75"
"Titus","1","6","Texas","4/11/20","1","5","48449","500"
"Tom Green","2","35","Texas","4/11/20","20","15","48451","75"
"Travis","37","690","Texas","4/11/20","430","260","48453","60.47"
"Trinity","0","3","Texas","4/11/20","2","1","48455","50"
"Tyler","0","4","Texas","4/11/20","2","2","48457","100"
"Upshur","0","6","Texas","4/11/20","3","3","48459","100"
"Uvalde","0","6","Texas","4/11/20","4","2","48463","50"
"Val Verde","1","10","Texas","4/11/20","5","5","48465","100"
"Van Zandt","1","10","Texas","4/11/20","4","6","48467","150"
"Victoria","6","76","Texas","4/11/20","32","44","48469","137.5"
"Walker","1","17","Texas","4/11/20","8","9","48471","112.5"
"Waller","1","14","Texas","4/11/20","8","6","48473","75"
"Washington","3","36","Texas","4/11/20","17","19","48477","111.76"
"Webb","13","171","Texas","4/11/20","83","88","48479","106.02"
"Wharton","2","24","Texas","4/11/20","9","15","48481","166.67"
"Wichita","1","54","Texas","4/11/20","46","8","48485","17.39"
"Willacy","0","5","Texas","4/11/20","5","0","48489","0"
"Williamson","6","110","Texas","4/11/20","71","39","48491","54.93"
"Wilson","1","10","Texas","4/11/20","6","4","48493","66.67"
"Winkler","0","1","Texas","4/11/20","0","1","48495","1"
"Wise","0","5","Texas","4/11/20","3","2","48497","66.67"
"Wood","1","5","Texas","4/11/20","1","4","48499","400"
"Young","0","3","Texas","4/11/20","3","0","48503","0"
"Zapata","0","3","Texas","4/11/20","0","3","48505","1"
"Bear River","0","12","Utah","4/11/20","10","2","00000","20"
"Cache","3","34","Utah","4/11/20","16","18","49005","112.5"
"Carbon","0","2","Utah","4/11/20","1","1","49007","100"
"Davis","8","193","Utah","4/11/20","137","56","49011","40.88"
"Duchesne","0","3","Utah","4/11/20","1","2","49013","200"
"Emery","0","2","Utah","4/11/20","1","1","49015","100"
"Garfield","0","1","Utah","4/11/20","1","0","49017","0"
"Grand","0","1","Utah","4/11/20","1","0","49019","0"
"Iron","0","13","Utah","4/11/20","12","1","49021","8.33"
"Kane","0","3","Utah","4/11/20","1","2","49025","200"
"Salt Lake","60","1071","Utah","4/11/20","650","421","49035","64.77"
"San Juan","0","8","Utah","4/11/20","5","3","49037","60"
"Summit","10","300","Utah","4/11/20","230","70","49043","30.43"
"Tooele","2","31","Utah","4/11/20","17","14","49045","82.35"
"Uintah","1","6","Utah","4/11/20","1","5","49047","500"
"Utah","16","295","Utah","4/11/20","186","109","49049","58.6"
"Wasatch","4","98","Utah","4/11/20","70","28","49051","40"
"Washington","2","41","Utah","4/11/20","25","16","49053","64"
"Weber-Morgan","4","93","Utah","4/11/20","63","30","00000","47.62"
"Addison","3","54","Vermont","4/11/20","34","20","50001","58.82"
"Bennington","1","31","Vermont","4/11/20","23","8","50003","34.78"
"Caledonia","0","8","Vermont","4/11/20","5","3","50005","60"
"Chittenden","15","351","Vermont","4/11/20","245","106","50007","43.27"
"Essex","0","1","Vermont","4/11/20","0","1","50009","1"
"Franklin","8","80","Vermont","4/11/20","23","57","50011","247.83"
"Grand Isle","0","3","Vermont","4/11/20","0","3","50013","1"
"Lamoille","1","21","Vermont","4/11/20","17","4","50015","23.53"
"Orange","0","5","Vermont","4/11/20","4","1","50017","25"
"Orleans","0","8","Vermont","4/11/20","8","0","50019","0"
"Rutland","2","35","Vermont","4/11/20","24","11","50021","45.83"
"Washington","1","28","Vermont","4/11/20","21","7","50023","33.33"
"Windham","4","50","Vermont","4/11/20","25","25","50025","100"
"Windsor","1","25","Vermont","4/11/20","21","4","50027","19.05"
"","2","51","Virgin Islands","4/11/20","40","11",,"27.5"
"Accomack","1","15","Virginia","4/11/20","8","7","51001","87.5"
"Albemarle","3","46","Virginia","4/11/20","27","19","51003","70.37"
"Alexandria","17","188","Virginia","4/11/20","68","120","51510","176.47"
"Alleghany","0","4","Virginia","4/11/20","2","2","51005","100"
"Amelia","0","9","Virginia","4/11/20","6","3","51007","50"
"Amherst","1","10","Virginia","4/11/20","6","4","51009","66.67"
"Appomattox","1","7","Virginia","4/11/20","0","7","51011","1"
"Arlington","28","349","Virginia","4/11/20","150","199","51013","132.67"
"Augusta","1","17","Virginia","4/11/20","7","10","51015","142.86"
"Bedford","2","15","Virginia","4/11/20","4","11","51019","275"
"Botetourt","1","22","Virginia","4/11/20","14","8","51023","57.14"
"Bristol","0","1","Virginia","4/11/20","1","0","51520","0"
"Brunswick","0","3","Virginia","4/11/20","1","2","51025","200"
"Buchanan","0","2","Virginia","4/11/20","0","2","51027","1"
"Buckingham","1","14","Virginia","4/11/20","4","10","51029","250"
"Buena Vista","0","4","Virginia","4/11/20","1","3","51530","300"
"Campbell","1","9","Virginia","4/11/20","2","7","51031","350"
"Caroline","1","6","Virginia","4/11/20","1","5","51033","500"
"Carroll","0","3","Virginia","4/11/20","1","2","51035","200"
"Charles City","1","8","Virginia","4/11/20","4","4","51036","100"
"Charlotte","0","2","Virginia","4/11/20","1","1","51037","100"
"Charlottesville","1","31","Virginia","4/11/20","21","10","51540","47.62"
"Chesapeake","7","115","Virginia","4/11/20","65","50","51550","76.92"
"Chesterfield","14","203","Virginia","4/11/20","106","97","51041","91.51"
"Clarke","0","3","Virginia","4/11/20","2","1","51043","50"
"Colonial Heights","1","6","Virginia","4/11/20","0","6","51570","1"
"Covington","0","1","Virginia","4/11/20","1","0","51580","0"
"Craig","0","2","Virginia","4/11/20","0","2","51045","1"
"Culpeper","1","17","Virginia","4/11/20","8","9","51047","112.5"
"Cumberland","1","8","Virginia","4/11/20","2","6","51049","300"
"Danville","1","20","Virginia","4/11/20","12","8","51590","66.67"
"Dinwiddie","1","6","Virginia","4/11/20","0","6","51053","1"
"Emporia","1","7","Virginia","4/11/20","2","5","51595","250"
"Fairfax","80","946","Virginia","4/11/20","387","559","51059","144.44"
"Fairfax City","0","1","Virginia","4/11/20","0","1","51600","1"
"Fauquier","2","25","Virginia","4/11/20","10","15","51061","150"
"Floyd","0","1","Virginia","4/11/20","0","1","51063","1"
"Fluvanna","2","19","Virginia","4/11/20","5","14","51065","280"
"Franklin","1","14","Virginia","4/11/20","10","4","51067","40"
"Franklin City","0","6","Virginia","4/11/20","4","2","51620","50"
"Frederick","6","63","Virginia","4/11/20","24","39","51069","162.5"
"Fredericksburg","1","11","Virginia","4/11/20","7","4","51630","57.14"
"Galax","0","1","Virginia","4/11/20","1","0","51640","0"
"Giles","0","2","Virginia","4/11/20","0","2","51071","1"
"Gloucester","2","20","Virginia","4/11/20","9","11","51073","122.22"
"Goochland","2","26","Virginia","4/11/20","10","16","51075","160"
"Greene","0","4","Virginia","4/11/20","2","2","51079","100"
"Greensville","1","8","Virginia","4/11/20","4","4","51081","100"
"Halifax","1","7","Virginia","4/11/20","1","6","51083","600"
"Hampton","4","64","Virginia","4/11/20","39","25","51650","64.1"
"Hanover","4","38","Virginia","4/11/20","12","26","51085","216.67"
"Harrisonburg","8","79","Virginia","4/11/20","22","57","51660","259.09"
"Henrico","28","368","Virginia","4/11/20","174","194","51087","111.49"
"Henry","1","8","Virginia","4/11/20","3","5","51089","166.67"
"Hopewell","1","14","Virginia","4/11/20","9","5","51670","55.56"
"Isle of Wight","1","28","Virginia","4/11/20","18","10","51093","55.56"
"James City","2","126","Virginia","4/11/20","111","15","51095","13.51"
"King and Queen","0","2","Virginia","4/11/20","1","1","51097","100"
"King George","1","13","Virginia","4/11/20","8","5","51099","62.5"
"King William","0","2","Virginia","4/11/20","1","1","51101","100"
"Lancaster","0","1","Virginia","4/11/20","1","0","51103","0"
"Lee","1","6","Virginia","4/11/20","2","4","51105","200"
"Lexington","0","3","Virginia","4/11/20","3","0","51678","0"
"Loudoun","21","296","Virginia","4/11/20","150","146","51107","97.33"
"Louisa","2","25","Virginia","4/11/20","13","12","51109","92.31"
"Lunenburg","0","3","Virginia","4/11/20","0","3","51111","1"
"Lynchburg","3","31","Virginia","4/11/20","10","21","51680","210"
"Madison","1","6","Virginia","4/11/20","2","4","51113","200"
"Manassas","3","34","Virginia","4/11/20","14","20","51683","142.86"
"Manassas Park","1","10","Virginia","4/11/20","2","8","51685","400"
"Mathews","0","2","Virginia","4/11/20","2","0","51115","0"
"Mecklenburg","6","53","Virginia","4/11/20","8","45","51117","562.5"
"Middlesex","0","3","Virginia","4/11/20","0","3","51119","1"
"Montgomery","4","31","Virginia","4/11/20","6","25","51121","416.67"
"Nelson","0","4","Virginia","4/11/20","2","2","51125","100"
"New Kent","1","12","Virginia","4/11/20","8","4","51127","50"
"Newport News","4","75","Virginia","4/11/20","48","27","51700","56.25"
"Norfolk","5","90","Virginia","4/11/20","55","35","51710","63.64"
"Northampton","0","4","Virginia","4/11/20","2","2","51131","100"
"Northumberland","0","4","Virginia","4/11/20","3","1","51133","33.33"
"Nottoway","0","4","Virginia","4/11/20","1","3","51135","300"
"Orange","1","13","Virginia","4/11/20","5","8","51137","160"
"Page","1","6","Virginia","4/11/20","2","4","51139","200"
"Petersburg","1","17","Virginia","4/11/20","10","7","51730","70"
"Pittsylvania","0","4","Virginia","4/11/20","2","2","51143","100"
"Poquoson","0","6","Virginia","4/11/20","3","3","51735","100"
"Portsmouth","3","49","Virginia","4/11/20","26","23","51740","88.46"
"Powhatan","0","5","Virginia","4/11/20","4","1","51145","25"
"Prince Edward","1","8","Virginia","4/11/20","3","5","51147","166.67"
"Prince George","1","26","Virginia","4/11/20","16","10","51149","62.5"
"Prince William","33","390","Virginia","4/11/20","159","231","51153","145.28"
"Pulaski","0","4","Virginia","4/11/20","1","3","51155","300"
"Radford","0","1","Virginia","4/11/20","1","0","51750","0"
"Rappahannock","0","1","Virginia","4/11/20","0","1","51157","1"
"Richmond","1","5","Virginia","4/11/20","0","5","51159","1"
"Richmond City","7","148","Virginia","4/11/20","96","52","51760","54.17"
"Roanoke","1","13","Virginia","4/11/20","5","8","51161","160"
"Roanoke City","1","17","Virginia","4/11/20","10","7","51770","70"
"Rockbridge","0","3","Virginia","4/11/20","3","0","51163","0"
"Rockingham","4","44","Virginia","4/11/20","15","29","51165","193.33"
"Russell","0","1","Virginia","4/11/20","0","1","51167","1"
"Salem","0","1","Virginia","4/11/20","1","0","51775","0"
"Scott","0","3","Virginia","4/11/20","0","3","51169","1"
"Shenandoah","1","16","Virginia","4/11/20","10","6","51171","60"
"Smyth","1","9","Virginia","4/11/20","2","7","51173","350"
"Southampton","0","5","Virginia","4/11/20","5","0","51175","0"
"Spotsylvania","4","47","Virginia","4/11/20","18","29","51177","161.11"
"Stafford","4","67","Virginia","4/11/20","38","29","51179","76.32"
"Staunton","0","1","Virginia","4/11/20","1","0","51790","0"
"Suffolk","3","40","Virginia","4/11/20","20","20","51800","100"
"Surry","0","3","Virginia","4/11/20","3","0","51181","0"
"Sussex","1","8","Virginia","4/11/20","3","5","51183","166.67"
"Tazewell","0","4","Virginia","4/11/20","2","2","51185","100"
"Virginia Beach","11","236","Virginia","4/11/20","160","76","51810","47.5"
"Warren","2","15","Virginia","4/11/20","4","11","51187","275"
"Washington","3","24","Virginia","4/11/20","3","21","51191","700"
"Waynesboro","0","5","Virginia","4/11/20","2","3","51820","150"
"Westmoreland","1","8","Virginia","4/11/20","2","6","51193","300"
"Williamsburg","1","17","Virginia","4/11/20","10","7","51830","70"
"Winchester","1","19","Virginia","4/11/20","10","9","51840","90"
"Wise","1","8","Virginia","4/11/20","0","8","51195","1"
"Wythe","1","7","Virginia","4/11/20","2","5","51197","250"
"York","1","27","Virginia","4/11/20","19","8","51199","42.11"
"Adams","1","30","Washington","4/11/20","20","10","53001","50"
"Asotin","0","4","Washington","4/11/20","1","3","53003","300"
"Benton","13","244","Washington","4/11/20","151","93","53005","61.59"
"Chelan","4","53","Washington","4/11/20","24","29","53007","120.83"
"Clallam","0","11","Washington","4/11/20","8","3","53009","37.5"
"Clark","12","220","Washington","4/11/20","137","83","53011","60.58"
"Columbia","0","1","Washington","4/11/20","1","0","53013","0"
"Cowlitz","1","23","Washington","4/11/20","18","5","53015","27.78"
"Douglas","1","16","Washington","4/11/20","9","7","53017","77.78"
"Ferry","0","1","Washington","4/11/20","1","0","53019","0"
"Franklin","9","107","Washington","4/11/20","46","61","53021","132.61"
"Grant","5","110","Washington","4/11/20","77","33","53025","42.86"
"Grays Harbor","1","8","Washington","4/11/20","3","5","53027","166.67"
"Island","5","157","Washington","4/11/20","122","35","53029","28.69"
"Jefferson","1","28","Washington","4/11/20","19","9","53031","47.37"
"King","195","4262","Washington","4/11/20","2898","1364","53033","47.07"
"Kitsap","4","128","Washington","4/11/20","99","29","53035","29.29"
"Kittitas","1","15","Washington","4/11/20","10","5","53037","50"
"Klickitat","0","12","Washington","4/11/20","9","3","53039","33.33"
"Lewis","1","18","Washington","4/11/20","13","5","53041","38.46"
"Lincoln","0","2","Washington","4/11/20","1","1","53043","100"
"Mason","1","18","Washington","4/11/20","13","5","53045","38.46"
"Okanogan","1","14","Washington","4/11/20","6","8","53047","133.33"
"Pacific","0","1","Washington","4/11/20","0","1","53049","1"
"Pend Oreille","0","1","Washington","4/11/20","1","0","53051","0"
"Pierce","43","922","Washington","4/11/20","620","302","53053","48.71"
"San Juan","1","13","Washington","4/11/20","6","7","53055","116.67"
"Skagit","3","185","Washington","4/11/20","161","24","53057","14.91"
"Skamania","0","3","Washington","4/11/20","1","2","53059","200"
"Snohomish","47","1835","Washington","4/11/20","1503","332","53061","22.09"
"Spokane","6","251","Washington","4/11/20","209","42","53063","20.1"
"Stevens","0","6","Washington","4/11/20","5","1","53065","20"
"Thurston","2","81","Washington","4/11/20","64","17","53067","26.56"
"Wahkiakum","0","2","Washington","4/11/20","1","1","53069","100"
"Walla Walla","2","20","Washington","4/11/20","8","12","53071","150"
"Whatcom","9","261","Washington","4/11/20","199","62","53073","31.16"
"Whitman","0","12","Washington","4/11/20","11","1","53075","9.09"
"Yakima","32","511","Washington","4/11/20","289","222","53077","76.82"
"Barbour","0","4","West Virginia","4/11/20","2","2","54001","100"
"Berkeley","6","89","West Virginia","4/11/20","49","40","54003","81.63"
"Boone","0","1","West Virginia","4/11/20","0","1","54005","1"
"Braxton","0","1","West Virginia","4/11/20","0","1","54007","1"
"Brooke","0","3","West Virginia","4/11/20","0","3","54009","1"
"Cabell","2","21","West Virginia","4/11/20","5","16","54011","320"
"Fayette","0","2","West Virginia","4/11/20","0","2","54019","1"
"Greenbrier","0","3","West Virginia","4/11/20","3","0","54025","0"
"Hampshire","1","4","West Virginia","4/11/20","0","4","54027","1"
"Hancock","0","7","West Virginia","4/11/20","6","1","54029","16.67"
"Hardy","0","2","West Virginia","4/11/20","2","0","54031","0"
"Harrison","1","28","West Virginia","4/11/20","19","9","54033","47.37"
"Jackson","1","23","West Virginia","4/11/20","13","10","54035","76.92"
"Jefferson","4","46","West Virginia","4/11/20","17","29","54037","170.59"
"Kanawha","5","82","West Virginia","4/11/20","48","34","54039","70.83"
"Lewis","0","2","West Virginia","4/11/20","0","2","54041","1"
"Logan","0","8","West Virginia","4/11/20","5","3","54045","60"
"Marion","3","32","West Virginia","4/11/20","13","19","54049","146.15"
"Marshall","0","6","West Virginia","4/11/20","4","2","54051","50"
"Mason","0","7","West Virginia","4/11/20","4","3","54053","75"
"McDowell","1","4","West Virginia","4/11/20","0","4","54047","1"
"Mercer","1","8","West Virginia","4/11/20","3","5","54055","166.67"
"Mineral","0","4","West Virginia","4/11/20","2","2","54057","100"
"Monongalia","5","78","West Virginia","4/11/20","40","38","54061","95"
"Monroe","0","1","West Virginia","4/11/20","0","1","54063","1"
"Morgan","1","6","West Virginia","4/11/20","1","5","54065","500"
"Nicholas","0","2","West Virginia","4/11/20","0","2","54067","1"
"Ohio","1","21","West Virginia","4/11/20","11","10","54069","90.91"
"Pendleton","0","1","West Virginia","4/11/20","1","0","54071","0"
"Pleasants","0","1","West Virginia","4/11/20","1","0","54073","0"
"Preston","0","6","West Virginia","4/11/20","5","1","54077","20"
"Putnam","1","10","West Virginia","4/11/20","5","5","54079","100"
"Raleigh","0","5","West Virginia","4/11/20","4","1","54081","25"
"Randolph","0","4","West Virginia","4/11/20","3","1","54083","33.33"
"Roane","0","2","West Virginia","4/11/20","2","0","54087","0"
"Taylor","0","3","West Virginia","4/11/20","0","3","54091","1"
"Tucker","0","3","West Virginia","4/11/20","3","0","54093","0"
"Tyler","0","3","West Virginia","4/11/20","0","3","54095","1"
"Upshur","0","3","West Virginia","4/11/20","1","2","54097","200"
"Wayne","2","17","West Virginia","4/11/20","0","17","54099","1"
"Wetzel","0","3","West Virginia","4/11/20","2","1","54103","50"
"Wirt","0","2","West Virginia","4/11/20","1","1","54105","100"
"Wood","2","18","West Virginia","4/11/20","7","11","54107","157.14"
"Wyoming","0","1","West Virginia","4/11/20","0","1","54109","1"
"Adams","0","2","Wisconsin","4/11/20","1","1","55001","100"
"Ashland","0","1","Wisconsin","4/11/20","1","0","55003","0"
"Barron","1","6","Wisconsin","4/11/20","1","5","55005","500"
"Bayfield","0","3","Wisconsin","4/11/20","3","0","55007","0"
"Brown","5","60","Wisconsin","4/11/20","24","36","55009","150"
"Buffalo","0","3","Wisconsin","4/11/20","2","1","55011","50"
"Calumet","0","4","Wisconsin","4/11/20","3","1","55015","33.33"
"Chippewa","1","18","Wisconsin","4/11/20","14","4","55017","28.57"
"Clark","0","7","Wisconsin","4/11/20","6","1","55019","16.67"
"Columbia","1","24","Wisconsin","4/11/20","18","6","55021","33.33"
"Crawford","0","3","Wisconsin","4/11/20","1","2","55023","200"
"Dane","8","327","Wisconsin","4/11/20","269","58","55025","21.56"
"Dodge","1","18","Wisconsin","4/11/20","14","4","55027","28.57"
"Door","1","9","Wisconsin","4/11/20","2","7","55029","350"
"Douglas","0","7","Wisconsin","4/11/20","7","0","55031","0"
"Dunn","1","9","Wisconsin","4/11/20","5","4","55033","80"
"Eau Claire","1","21","Wisconsin","4/11/20","16","5","55035","31.25"
"Florence","0","2","Wisconsin","4/11/20","0","2","55037","1"
"Fond du Lac","3","52","Wisconsin","4/11/20","30","22","55039","73.33"
"Grant","0","5","Wisconsin","4/11/20","2","3","55043","150"
"Green","0","9","Wisconsin","4/11/20","8","1","55045","12.5"
"Iowa","0","4","Wisconsin","4/11/20","3","1","55049","33.33"
"Iron","0","2","Wisconsin","4/11/20","1","1","55051","100"
"Jackson","1","10","Wisconsin","4/11/20","2","8","55053","400"
"Jefferson","1","22","Wisconsin","4/11/20","13","9","55055","69.23"
"Juneau","0","5","Wisconsin","4/11/20","4","1","55057","25"
"Kenosha","12","163","Wisconsin","4/11/20","81","82","55059","101.23"
"Kewaunee","0","1","Wisconsin","4/11/20","0","1","55061","1"
"La Crosse","1","25","Wisconsin","4/11/20","19","6","55063","31.58"
"Lafayette","0","3","Wisconsin","4/11/20","0","3","55065","1"
"Manitowoc","0","3","Wisconsin","4/11/20","1","2","55071","200"
"Marathon","1","13","Wisconsin","4/11/20","9","4","55073","44.44"
"Marinette","0","3","Wisconsin","4/11/20","2","1","55075","50"
"Marquette","0","2","Wisconsin","4/11/20","2","0","55077","0"
"Menominee","0","1","Wisconsin","4/11/20","1","0","55078","0"
"Milwaukee","90","1653","Wisconsin","4/11/20","1023","630","55079","61.58"
"Monroe","1","8","Wisconsin","4/11/20","3","5","55081","166.67"
"Oconto","0","3","Wisconsin","4/11/20","1","2","55083","200"
"Oneida","0","5","Wisconsin","4/11/20","3","2","55085","66.67"
"Outagamie","1","29","Wisconsin","4/11/20","19","10","55087","52.63"
"Ozaukee","3","72","Wisconsin","4/11/20","50","22","55089","44"
"Pepin","-1","0","Wisconsin","4/11/20","7","-7","55091","-100"
"Pierce","0","7","Wisconsin","4/11/20","7","0","55093","0"
"Polk","0","1","Wisconsin","4/11/20","0","1","55095","1"
"Portage","0","4","Wisconsin","4/11/20","3","1","55097","33.33"
"Price","0","1","Wisconsin","4/11/20","0","1","55099","1"
"Racine","9","105","Wisconsin","4/11/20","41","64","55101","156.1"
"Richland","0","5","Wisconsin","4/11/20","2","3","55103","150"
"Rock","5","53","Wisconsin","4/11/20","20","33","55105","165"
"Rusk","0","3","Wisconsin","4/11/20","1","2","55107","200"
"Sauk","1","25","Wisconsin","4/11/20","18","7","55111","38.89"
"Sawyer","0","1","Wisconsin","4/11/20","0","1","55113","1"
"Shawano","1","5","Wisconsin","4/11/20","0","5","55115","1"
"Sheboygan","2","34","Wisconsin","4/11/20","20","14","55117","70"
"St. Croix","0","8","Wisconsin","4/11/20","7","1","55109","14.29"
"Trempealeau","0","1","Wisconsin","4/11/20","1","0","55121","0"
"Vilas","0","4","Wisconsin","4/11/20","3","1","55125","33.33"
"Walworth","3","35","Wisconsin","4/11/20","15","20","55127","133.33"
"Washington","3","71","Wisconsin","4/11/20","52","19","55131","36.54"
"Waukesha","9","201","Wisconsin","4/11/20","141","60","55133","42.55"
"Waupaca","0","3","Wisconsin","4/11/20","2","1","55135","50"
"Waushara","0","2","Wisconsin","4/11/20","0","2","55137","1"
"Winnebago","0","25","Wisconsin","4/11/20","24","1","55139","4.17"
"Wood","0","2","Wisconsin","4/11/20","2","0","55141","0"
"Albany","0","5","Wyoming","4/11/20","4","1","56001","25"
"Campbell","1","11","Wyoming","4/11/20","7","4","56005","57.14"
"Carbon","0","4","Wyoming","4/11/20","4","0","56007","0"
"Converse","0","6","Wyoming","4/11/20","3","3","56009","100"
"Crook","0","3","Wyoming","4/11/20","0","3","56011","1"
"Fremont","0","39","Wyoming","4/11/20","36","3","56013","8.33"
"Goshen","0","3","Wyoming","4/11/20","2","1","56015","50"
"Hot Springs","0","1","Wyoming","4/11/20","0","1","56017","1"
"Johnson","0","10","Wyoming","4/11/20","8","2","56019","25"
"Laramie","2","58","Wyoming","4/11/20","42","16","56021","38.1"
"Lincoln","1","5","Wyoming","4/11/20","1","4","56023","400"
"Natrona","1","32","Wyoming","4/11/20","23","9","56025","39.13"
"Niobrara","0","1","Wyoming","4/11/20","0","1","56027","1"
"Park","0","1","Wyoming","4/11/20","1","0","56029","0"
"Sheridan","0","12","Wyoming","4/11/20","11","1","56033","9.09"
"Sublette","0","1","Wyoming","4/11/20","1","0","56035","0"
"Sweetwater","0","7","Wyoming","4/11/20","4","3","56037","75"
"Teton","2","53","Wyoming","4/11/20","36","17","56039","47.22"
"Uinta","0","4","Wyoming","4/11/20","2","2","56041","100"
"Washakie","0","5","Wyoming","4/11/20","2","3","56043","150"
