"Locality","DailyAvgNewCasesPast7Days","TotalCases","State","Date","TotalCases7DaysAgo","NewCasesPast7Days","FIPS-Code","PercentIncreaseTotalCasesPast7Days"
"Autauga","1","17","Alabama","4/10/20","12","5","01001","41.67"
"Baldwin","4","59","Alabama","4/10/20","28","31","01003","110.71"
"Barbour","1","9","Alabama","4/10/20","1","8","01005","800"
"Bibb","1","11","Alabama","4/10/20","4","7","01007","175"
"Blount","0","12","Alabama","4/10/20","9","3","01009","33.33"
"Bullock","0","4","Alabama","4/10/20","2","2","01011","100"
"Butler","0","3","Alabama","4/10/20","1","2","01013","200"
"Calhoun","5","54","Alabama","4/10/20","18","36","01015","200"
"Chambers","13","168","Alabama","4/10/20","80","88","01017","110"
"Cherokee","0","7","Alabama","4/10/20","5","2","01019","40"
"Chilton","2","26","Alabama","4/10/20","15","11","01021","73.33"
"Choctaw","0","6","Alabama","4/10/20","4","2","01023","50"
"Clarke","1","13","Alabama","4/10/20","3","10","01025","333.33"
"Clay","0","11","Alabama","4/10/20","8","3","01027","37.5"
"Cleburne","1","12","Alabama","4/10/20","7","5","01029","71.43"
"Coffee","1","14","Alabama","4/10/20","5","9","01031","180"
"Colbert","0","8","Alabama","4/10/20","5","3","01033","60"
"Conecuh","0","3","Alabama","4/10/20","1","2","01035","200"
"Coosa","1","10","Alabama","4/10/20","6","4","01037","66.67"
"Covington","1","10","Alabama","4/10/20","4","6","01039","150"
"Crenshaw","0","2","Alabama","4/10/20","1","1","01041","100"
"Cullman","2","30","Alabama","4/10/20","15","15","01043","100"
"Dale","1","6","Alabama","4/10/20","1","5","01045","500"
"Dallas","1","11","Alabama","4/10/20","7","4","01047","57.14"
"DeKalb","1","17","Alabama","4/10/20","10","7","01049","70"
"Elmore","1","29","Alabama","4/10/20","19","10","01051","52.63"
"Escambia","0","5","Alabama","4/10/20","2","3","01053","150"
"Etowah","6","63","Alabama","4/10/20","19","44","01055","231.58"
"Fayette","0","2","Alabama","4/10/20","1","1","01057","100"
"Franklin","0","8","Alabama","4/10/20","5","3","01059","60"
"Greene","1","13","Alabama","4/10/20","5","8","01063","160"
"Hale","1","7","Alabama","4/10/20","3","4","01065","133.33"
"Henry","1","10","Alabama","4/10/20","2","8","01067","400"
"Houston","3","33","Alabama","4/10/20","12","21","01069","175"
"Jackson","1","22","Alabama","4/10/20","12","10","01071","83.33"
"Jefferson","26","536","Alabama","4/10/20","351","185","01073","52.71"
"Lamar","1","7","Alabama","4/10/20","1","6","01075","600"
"Lauderdale","1","20","Alabama","4/10/20","14","6","01077","42.86"
"Lawrence","1","8","Alabama","4/10/20","4","4","01079","100"
"Lee","16","209","Alabama","4/10/20","99","110","01081","111.11"
"Limestone","1","36","Alabama","4/10/20","30","6","01083","20"
"Lowndes","1","12","Alabama","4/10/20","2","10","01085","500"
"Macon","1","9","Alabama","4/10/20","5","4","01087","80"
"Madison","8","178","Alabama","4/10/20","121","57","01089","47.11"
"Marengo","1","15","Alabama","4/10/20","7","8","01091","114.29"
"Marion","3","39","Alabama","4/10/20","16","23","01093","143.75"
"Marshall","8","69","Alabama","4/10/20","16","53","01095","331.25"
"Mobile","36","358","Alabama","4/10/20","103","255","01097","247.57"
"Monroe","0","6","Alabama","4/10/20","5","1","01099","20"
"Montgomery","5","92","Alabama","4/10/20","59","33","01101","55.93"
"Morgan","2","36","Alabama","4/10/20","24","12","01103","50"
"Perry","0","3","Alabama","4/10/20","0","3","01105","1"
"Pickens","1","19","Alabama","4/10/20","10","9","01107","90"
"Pike","1","18","Alabama","4/10/20","10","8","01109","80"
"Randolph","2","22","Alabama","4/10/20","10","12","01111","120"
"Russell","2","20","Alabama","4/10/20","4","16","01113","400"
"Shelby","11","184","Alabama","4/10/20","109","75","01117","68.81"
"St. Clair","2","37","Alabama","4/10/20","23","14","01115","60.87"
"Sumter","2","18","Alabama","4/10/20","7","11","01119","157.14"
"Talladega","3","32","Alabama","4/10/20","11","21","01121","190.91"
"Tallapoosa","5","53","Alabama","4/10/20","19","34","01123","178.95"
"Tuscaloosa","7","91","Alabama","4/10/20","41","50","01125","121.95"
"Walker","3","72","Alabama","4/10/20","48","24","01127","50"
"Washington","1","11","Alabama","4/10/20","5","6","01129","120"
"Wilcox","2","18","Alabama","4/10/20","6","12","01131","200"
"Winston","0","4","Alabama","4/10/20","3","1","01133","33.33"
"Anchorage","6","112","Alaska","4/10/20","73","39","02020","53.42"
"Bethel","0","1","Alaska","4/10/20","0","1","02050","1"
"Fairbanks North Star","5","76","Alaska","4/10/20","42","34","02090","80.95"
"Juneau","1","15","Alaska","4/10/20","11","4","02110","36.36"
"Kenai Peninsula","1","15","Alaska","4/10/20","10","5","02122","50"
"Ketchikan Gateway","0","14","Alaska","4/10/20","14","0","02130","0"
"Matanuska-Susitna","1","9","Alaska","4/10/20","4","5","02170","125"
"Petersburg","0","2","Alaska","4/10/20","1","1","02195","100"
"Southeast Fairbanks","0","1","Alaska","4/10/20","1","0","02240","0"
"Yukon-Koyukuk","0","1","Alaska","4/10/20","1","0","02290","0"
"Apache","5","55","Arizona","4/10/20","17","38","04001","223.53"
"Cochise","1","11","Arizona","4/10/20","5","6","04003","120"
"Coconino","13","214","Arizona","4/10/20","126","88","04005","69.84"
"Gila","0","3","Arizona","4/10/20","2","1","04007","50"
"Graham","0","2","Arizona","4/10/20","2","0","04009","0"
"Greenlee","0","1","Arizona","4/10/20","1","0","04011","0"
"La Paz","0","4","Arizona","4/10/20","2","2","04012","100"
"Maricopa","99","1741","Arizona","4/10/20","1049","692","04013","65.97"
"Mohave","3","28","Arizona","4/10/20","9","19","04015","211.11"
"Navajo","20","287","Arizona","4/10/20","148","139","04017","93.92"
"Pima","38","543","Arizona","4/10/20","280","263","04019","93.93"
"Pinal","9","138","Arizona","4/10/20","77","61","04021","79.22"
"Santa Cruz","1","7","Arizona","4/10/20","3","4","04023","133.33"
"Yavapai","4","62","Arizona","4/10/20","35","27","04025","77.14"
"Yuma","0","16","Arizona","4/10/20","13","3","04027","23.08"
"Arkansas","0","2","Arkansas","4/10/20","1","1","05001","100"
"Ashley","1","9","Arkansas","4/10/20","1","8","05003","800"
"Baxter","0","4","Arkansas","4/10/20","1","3","05005","300"
"Benton","1","47","Arkansas","4/10/20","42","5","05007","11.9"
"Boone","0","3","Arkansas","4/10/20","1","2","05009","200"
"Bradley","0","6","Arkansas","4/10/20","4","2","05011","50"
"Carroll","0","2","Arkansas","4/10/20","1","1","05015","100"
"Chicot","0","4","Arkansas","4/10/20","2","2","05017","100"
"Clark","0","27","Arkansas","4/10/20","27","0","05019","0"
"Clay","0","1","Arkansas","4/10/20","0","1","05021","1"
"Cleburne","1","69","Arkansas","4/10/20","64","5","05023","7.81"
"Cleveland","0","8","Arkansas","4/10/20","5","3","05025","60"
"Columbia","0","3","Arkansas","4/10/20","1","2","05027","200"
"Conway","0","4","Arkansas","4/10/20","1","3","05029","300"
"Craighead","2","29","Arkansas","4/10/20","14","15","05031","107.14"
"Crawford","0","3","Arkansas","4/10/20","1","2","05033","200"
"Crittenden","7","86","Arkansas","4/10/20","37","49","05035","132.43"
"Cross","1","6","Arkansas","4/10/20","1","5","05037","500"
"Dallas","0","1","Arkansas","4/10/20","0","1","05039","1"
"Desha","1","6","Arkansas","4/10/20","2","4","05041","200"
"Drew","1","5","Arkansas","4/10/20","1","4","05043","400"
"Faulkner","2","56","Arkansas","4/10/20","40","16","05045","40"
"Franklin","0","1","Arkansas","4/10/20","0","1","05047","1"
"Garland","4","66","Arkansas","4/10/20","37","29","05051","78.38"
"Grant","1","7","Arkansas","4/10/20","3","4","05053","133.33"
"Greene","1","6","Arkansas","4/10/20","1","5","05055","500"
"Hempstead","0","3","Arkansas","4/10/20","1","2","05057","200"
"Hot Spring","0","8","Arkansas","4/10/20","5","3","05059","60"
"Howard","1","6","Arkansas","4/10/20","1","5","05061","500"
"Independence","0","5","Arkansas","4/10/20","3","2","05063","66.67"
"Izard","0","1","Arkansas","4/10/20","0","1","05065","1"
"Jefferson","6","91","Arkansas","4/10/20","51","40","05069","78.43"
"Johnson","1","12","Arkansas","4/10/20","7","5","05071","71.43"
"Lafayette","0","2","Arkansas","4/10/20","0","2","05073","1"
"Lawrence","1","9","Arkansas","4/10/20","1","8","05075","800"
"Lee","0","2","Arkansas","4/10/20","1","1","05077","100"
"Lincoln","1","10","Arkansas","4/10/20","6","4","05079","66.67"
"Logan","0","1","Arkansas","4/10/20","0","1","05083","1"
"Lonoke","2","26","Arkansas","4/10/20","15","11","05085","73.33"
"Madison","0","1","Arkansas","4/10/20","0","1","05087","1"
"Miller","2","20","Arkansas","4/10/20","8","12","05091","150"
"Mississippi","1","6","Arkansas","4/10/20","1","5","05093","500"
"Monroe","0","1","Arkansas","4/10/20","1","0","05095","0"
"Nevada","0","1","Arkansas","4/10/20","1","0","05099","0"
"Newton","0","1","Arkansas","4/10/20","1","0","05101","0"
"Ouachita","1","5","Arkansas","4/10/20","0","5","05103","1"
"Perry","0","2","Arkansas","4/10/20","1","1","05105","100"
"Phillips","0","3","Arkansas","4/10/20","0","3","05107","1"
"Pike","0","2","Arkansas","4/10/20","1","1","05109","100"
"Poinsett","0","7","Arkansas","4/10/20","5","2","05111","40"
"Polk","0","6","Arkansas","4/10/20","5","1","05113","20"
"Pope","2","23","Arkansas","4/10/20","8","15","05115","187.5"
"Prairie","0","2","Arkansas","4/10/20","0","2","05117","1"
"Pulaski","14","225","Arkansas","4/10/20","130","95","05119","73.08"
"Randolph","1","7","Arkansas","4/10/20","1","6","05121","600"
"Saline","2","31","Arkansas","4/10/20","19","12","05125","63.16"
"Scott","0","1","Arkansas","4/10/20","1","0","05127","0"
"Searcy","1","6","Arkansas","4/10/20","2","4","05129","200"
"Sebastian","0","9","Arkansas","4/10/20","8","1","05131","12.5"
"Sevier","1","6","Arkansas","4/10/20","1","5","05133","500"
"Sharp","0","2","Arkansas","4/10/20","0","2","05135","1"
"St. Francis","4","31","Arkansas","4/10/20","1","30","05123","3000"
"Stone","0","7","Arkansas","4/10/20","5","2","05137","40"
"Union","1","16","Arkansas","4/10/20","10","6","05139","60"
"Van Buren","1","26","Arkansas","4/10/20","20","6","05141","30"
"Washington","2","37","Arkansas","4/10/20","24","13","05143","54.17"
"White","1","27","Arkansas","4/10/20","23","4","05145","17.39"
"Woodruff","0","1","Arkansas","4/10/20","1","0","05147","0"
"Yell","0","1","Arkansas","4/10/20","0","1","05149","1"
"Alameda","46","766","California","4/10/20","443","323","06001","72.91"
"Alpine","0","1","California","4/10/20","1","0","06003","0"
"Amador","1","7","California","4/10/20","3","4","06005","133.33"
"Butte","0","13","California","4/10/20","10","3","06007","30"
"Calaveras","1","8","California","4/10/20","3","5","06009","166.67"
"Colusa","0","3","California","4/10/20","1","2","06011","200"
"Contra Costa","29","511","California","4/10/20","307","204","06013","66.45"
"Del Norte","0","2","California","4/10/20","1","1","06015","100"
"El Dorado","2","30","California","4/10/20","19","11","06017","57.89"
"Fresno","11","173","California","4/10/20","94","79","06019","84.04"
"Glenn","0","3","California","4/10/20","2","1","06021","50"
"Humboldt","2","50","California","4/10/20","37","13","06023","35.14"
"Imperial","4","79","California","4/10/20","52","27","06025","51.92"
"Inyo","0","12","California","4/10/20","10","2","06027","20"
"Kern","23","337","California","4/10/20","173","164","06029","94.8"
"Kings","0","8","California","4/10/20","5","3","06031","60"
"Lake","1","4","California","4/10/20","0","4","06033","1"
"Los Angeles","554","8443","California","4/10/20","4566","3877","06037","84.91"
"Madera","0","30","California","4/10/20","28","2","06039","7.14"
"Marin","5","154","California","4/10/20","118","36","06041","30.51"
"Mendocino","0","4","California","4/10/20","4","0","06045","0"
"Merced","5","52","California","4/10/20","16","36","06047","225"
"Mono","0","20","California","4/10/20","18","2","06051","11.11"
"Monterey","3","71","California","4/10/20","53","18","06053","33.96"
"Napa","2","32","California","4/10/20","18","14","06055","77.78"
"Nevada","1","34","California","4/10/20","30","4","06057","13.33"
"Orange","61","1138","California","4/10/20","711","427","06059","60.06"
"Placer","4","123","California","4/10/20","97","26","06061","26.8"
"Plumas","0","3","California","4/10/20","1","2","06063","200"
"Riverside","122","1350","California","4/10/20","493","857","06065","173.83"
"Sacramento","38","653","California","4/10/20","390","263","06067","67.44"
"San Benito","2","34","California","4/10/20","23","11","06069","47.83"
"San Bernardino","61","729","California","4/10/20","304","425","06071","139.8"
"San Diego","95","1628","California","4/10/20","966","662","06073","68.53"
"San Francisco","43","797","California","4/10/20","497","300","06075","60.36"
"San Joaquin","10","253","California","4/10/20","180","73","06077","40.56"
"San Luis Obispo","2","104","California","4/10/20","93","11","06079","11.83"
"San Mateo","22","638","California","4/10/20","486","152","06081","31.28"
"Santa Barbara","15","243","California","4/10/20","139","104","06083","74.82"
"Santa Clara","60","1442","California","4/10/20","1019","423","06085","41.51"
"Santa Cruz","3","80","California","4/10/20","57","23","06087","40.35"
"Shasta","2","24","California","4/10/20","11","13","06089","118.18"
"Siskiyou","0","5","California","4/10/20","3","2","06093","66.67"
"Solano","8","115","California","4/10/20","61","54","06095","88.52"
"Sonoma","7","142","California","4/10/20","95","47","06097","49.47"
"Stanislaus","7","103","California","4/10/20","51","52","06099","101.96"
"Sutter","3","37","California","4/10/20","14","23","06101","164.29"
"Tehama","0","1","California","4/10/20","0","1","06103","1"
"Tulare","17","203","California","4/10/20","81","122","06107","150.62"
"Tuolumne","0","1","California","4/10/20","2","-1","06109","-50"
"Ventura","17","298","California","4/10/20","177","121","06111","68.36"
"Yolo","5","71","California","4/10/20","33","38","06113","115.15"
"Yuba","1","15","California","4/10/20","8","7","06115","87.5"
"Adams","36","543","Colorado","4/10/20","294","249","08001","84.69"
"Alamosa","0","7","Colorado","4/10/20","4","3","08003","75"
"Arapahoe","62","931","Colorado","4/10/20","500","431","08005","86.2"
"Archuleta","1","6","Colorado","4/10/20","1","5","08007","500"
"Baca","0","9","Colorado","4/10/20","9","0","08009","0"
"Boulder","13","234","Colorado","4/10/20","143","91","08013","63.64"
"Broomfield","5","68","Colorado","4/10/20","36","32","08014","88.89"
"Chaffee","1","27","Colorado","4/10/20","19","8","08015","42.11"
"Clear Creek","1","11","Colorado","4/10/20","6","5","08019","83.33"
"Costilla","0","3","Colorado","4/10/20","3","0","08023","0"
"Crowley","0","1","Colorado","4/10/20","1","0","08025","0"
"Custer","0","2","Colorado","4/10/20","2","0","08027","0"
"Delta","0","6","Colorado","4/10/20","4","2","08029","50"
"Denver","57","1113","Colorado","4/10/20","716","397","08031","55.45"
"Douglas","13","282","Colorado","4/10/20","194","88","08035","45.36"
"Eagle","13","426","Colorado","4/10/20","333","93","08037","27.93"
"El Paso","25","550","Colorado","4/10/20","374","176","08041","47.06"
"Elbert","1","13","Colorado","4/10/20","6","7","08039","116.67"
"Fremont","0","5","Colorado","4/10/20","2","3","08043","150"
"Garfield","1","52","Colorado","4/10/20","45","7","08045","15.56"
"Gilpin","0","1","Colorado","4/10/20","0","1","08047","1"
"Grand","0","4","Colorado","4/10/20","4","0","08049","0"
"Gunnison","2","101","Colorado","4/10/20","88","13","08051","14.77"
"Hinsdale","0","1","Colorado","4/10/20","1","0","08053","0"
"Huerfano","0","1","Colorado","4/10/20","1","0","08055","0"
"Jefferson","35","683","Colorado","4/10/20","440","243","08059","55.23"
"Kit Carson","0","6","Colorado","4/10/20","4","2","08063","50"
"La Plata","3","44","Colorado","4/10/20","25","19","08067","76"
"Lake","0","4","Colorado","4/10/20","3","1","08065","33.33"
"Larimer","6","177","Colorado","4/10/20","134","43","08069","32.09"
"Las Animas","0","2","Colorado","4/10/20","1","1","08071","100"
"Lincoln","0","1","Colorado","4/10/20","1","0","08073","0"
"Logan","1","13","Colorado","4/10/20","7","6","08075","85.71"
"Mesa","2","34","Colorado","4/10/20","20","14","08077","70"
"Mineral","0","2","Colorado","4/10/20","2","0","08079","0"
"Moffat","0","3","Colorado","4/10/20","3","0","08081","0"
"Montezuma","1","12","Colorado","4/10/20","3","9","08083","300"
"Montrose","2","38","Colorado","4/10/20","26","12","08085","46.15"
"Morgan","6","51","Colorado","4/10/20","7","44","08087","628.57"
"Otero","0","5","Colorado","4/10/20","3","2","08089","66.67"
"Ouray","1","4","Colorado","4/10/20","0","4","08091","1"
"Park","0","6","Colorado","4/10/20","5","1","08093","20"
"Phillips","0","4","Colorado","4/10/20","2","2","08095","100"
"Pitkin","1","47","Colorado","4/10/20","38","9","08097","23.68"
"Prowers","0","1","Colorado","4/10/20","0","1","08099","1"
"Pueblo","3","50","Colorado","4/10/20","31","19","08101","61.29"
"Rio Blanco","0","1","Colorado","4/10/20","1","0","08103","0"
"Rio Grande","0","5","Colorado","4/10/20","5","0","08105","0"
"Routt","1","35","Colorado","4/10/20","28","7","08107","25"
"Saguache","0","3","Colorado","4/10/20","3","0","08109","0"
"San Miguel","0","11","Colorado","4/10/20","9","2","08113","22.22"
"Summit","4","64","Colorado","4/10/20","35","29","08117","82.86"
"Teller","0","12","Colorado","4/10/20","11","1","08119","9.09"
"Washington","0","2","Colorado","4/10/20","1","1","08121","100"
"Weld","39","649","Colorado","4/10/20","379","270","08123","71.24"
"Yuma","0","2","Colorado","4/10/20","2","0","08125","0"
"Fairfield","352","5180","Connecticut","4/10/20","2716","2464","09001","90.72"
"Hartford","134","1615","Connecticut","4/10/20","679","936","09003","137.85"
"Litchfield","25","346","Connecticut","4/10/20","173","173","09005","100"
"Middlesex","21","240","Connecticut","4/10/20","91","149","09007","163.74"
"New Haven","213","2383","Connecticut","4/10/20","891","1492","09009","167.45"
"New London","17","156","Connecticut","4/10/20","40","116","09011","290"
"Tolland","10","152","Connecticut","4/10/20","79","73","09013","92.41"
"Windham","5","59","Connecticut","4/10/20","27","32","09015","118.52"
"Kent","25","230","Delaware","4/10/20","54","176","10001","325.93"
"New Castle","67","751","Delaware","4/10/20","279","472","10003","169.18"
"Sussex","31","336","Delaware","4/10/20","117","219","10005","187.18"
"","0","49","Diamond Princess","4/10/20","49","0",,"0"
"District of Columbia","129","1660","District of Columbia","4/10/20","757","903","11001","119.29"
"Alachua","8","167","Florida","4/10/20","110","57","12001","51.82"
"Baker","1","16","Florida","4/10/20","11","5","12003","45.45"
"Bay","3","36","Florida","4/10/20","18","18","12005","100"
"Bradford","2","22","Florida","4/10/20","5","17","12007","340"
"Brevard","8","115","Florida","4/10/20","62","53","12009","85.48"
"Broward","150","2645","Florida","4/10/20","1598","1047","12011","65.52"
"Calhoun","0","5","Florida","4/10/20","2","3","12013","150"
"Charlotte","6","85","Florida","4/10/20","43","42","12015","97.67"
"Citrus","5","60","Florida","4/10/20","28","32","12017","114.29"
"Clay","6","114","Florida","4/10/20","69","45","12019","65.22"
"Collier","16","318","Florida","4/10/20","203","115","12021","56.65"
"Columbia","3","23","Florida","4/10/20","4","19","12023","475"
"DeSoto","2","20","Florida","4/10/20","9","11","12027","122.22"
"Dixie","0","1","Florida","4/10/20","0","1","12029","1"
"Duval","41","609","Florida","4/10/20","323","286","12031","88.54"
"Escambia","12","197","Florida","4/10/20","113","84","12033","74.34"
"Flagler","2","44","Florida","4/10/20","28","16","12035","57.14"
"Franklin","0","2","Florida","4/10/20","1","1","12037","100"
"Gadsden","2","14","Florida","4/10/20","3","11","12039","366.67"
"Gilchrist","1","4","Florida","4/10/20","0","4","12041","1"
"Glades","0","4","Florida","4/10/20","3","1","12043","33.33"
"Gulf","0","1","Florida","4/10/20","1","0","12045","0"
"Hamilton","0","2","Florida","4/10/20","0","2","12047","1"
"Hardee","0","3","Florida","4/10/20","1","2","12049","200"
"Hendry","1","14","Florida","4/10/20","5","9","12051","180"
"Hernando","3","62","Florida","4/10/20","38","24","12053","63.16"
"Highlands","3","47","Florida","4/10/20","26","21","12055","80.77"
"Hillsborough","30","671","Florida","4/10/20","463","208","12057","44.92"
"Holmes","0","2","Florida","4/10/20","1","1","12059","100"
"Indian River","3","68","Florida","4/10/20","47","21","12061","44.68"
"Jackson","0","5","Florida","4/10/20","4","1","12063","25"
"Jefferson","1","9","Florida","4/10/20","0","9","12065","1"
"Lafayette","0","1","Florida","4/10/20","0","1","12067","1"
"Lake","8","147","Florida","4/10/20","88","59","12069","67.05"
"Lee","35","547","Florida","4/10/20","304","243","12071","79.93"
"Leon","6","82","Florida","4/10/20","39","43","12073","110.26"
"Levy","1","6","Florida","4/10/20","2","4","12075","200"
"Madison","1","14","Florida","4/10/20","4","10","12079","250"
"Manatee","13","198","Florida","4/10/20","104","94","12081","90.38"
"Marion","6","82","Florida","4/10/20","38","44","12083","115.79"
"Martin","10","111","Florida","4/10/20","42","69","12085","164.29"
"Miami-Dade","394","6119","Florida","4/10/20","3364","2755","12086","81.9"
"Monroe","2","55","Florida","4/10/20","40","15","12087","37.5"
"Nassau","2","33","Florida","4/10/20","19","14","12089","73.68"
"Okaloosa","4","83","Florida","4/10/20","54","29","12091","53.7"
"Okeechobee","0","5","Florida","4/10/20","2","3","12093","150"
"Orange","42","895","Florida","4/10/20","602","293","12095","48.67"
"Osceola","14","300","Florida","4/10/20","201","99","12097","49.25"
"Palm Beach","76","1388","Florida","4/10/20","858","530","12099","61.77"
"Pasco","9","141","Florida","4/10/20","77","64","12101","83.12"
"Pinellas","16","428","Florida","4/10/20","318","110","12103","34.59"
"Polk","16","237","Florida","4/10/20","126","111","12105","88.1"
"Putnam","2","28","Florida","4/10/20","15","13","12107","86.67"
"Santa Rosa","8","103","Florida","4/10/20","48","55","12113","114.58"
"Sarasota","12","208","Florida","4/10/20","124","84","12115","67.74"
"Seminole","10","235","Florida","4/10/20","163","72","12117","44.17"
"St. Johns","6","163","Florida","4/10/20","119","44","12109","36.97"
"St. Lucie","12","144","Florida","4/10/20","60","84","12111","140"
"Sumter","5","106","Florida","4/10/20","68","38","12119","55.88"
"Suwannee","7","58","Florida","4/10/20","11","47","12121","427.27"
"Taylor","0","1","Florida","4/10/20","0","1","12123","1"
"Union","0","2","Florida","4/10/20","1","1","12125","100"
"Volusia","9","187","Florida","4/10/20","125","62","12127","49.6"
"Wakulla","1","7","Florida","4/10/20","3","4","12129","133.33"
"Walton","1","27","Florida","4/10/20","19","8","12131","42.11"
"Washington","0","3","Florida","4/10/20","1","2","12133","200"
"Appling","1","7","Georgia","4/10/20","3","4","13001","133.33"
"Atkinson","1","4","Georgia","4/10/20","0","4","13003","1"
"Bacon","1","14","Georgia","4/10/20","6","8","13005","133.33"
"Baker","1","11","Georgia","4/10/20","4","7","13007","175"
"Baldwin","3","32","Georgia","4/10/20","10","22","13009","220"
"Banks","1","7","Georgia","4/10/20","3","4","13011","133.33"
"Barrow","4","48","Georgia","4/10/20","21","27","13013","128.57"
"Bartow","8","207","Georgia","4/10/20","154","53","13015","34.42"
"Ben Hill","1","8","Georgia","4/10/20","3","5","13017","166.67"
"Berrien","0","6","Georgia","4/10/20","3","3","13019","100"
"Bibb","3","56","Georgia","4/10/20","32","24","13021","75"
"Bleckley","0","1","Georgia","4/10/20","1","0","13023","0"
"Brantley","1","6","Georgia","4/10/20","0","6","13025","1"
"Brooks","2","17","Georgia","4/10/20","5","12","13027","240"
"Bryan","2","29","Georgia","4/10/20","12","17","13029","141.67"
"Bulloch","2","16","Georgia","4/10/20","5","11","13031","220"
"Burke","2","21","Georgia","4/10/20","8","13","13033","162.5"
"Butts","3","27","Georgia","4/10/20","9","18","13035","200"
"Calhoun","4","37","Georgia","4/10/20","10","27","13037","270"
"Camden","2","19","Georgia","4/10/20","6","13","13039","216.67"
"Candler","0","4","Georgia","4/10/20","1","3","13043","300"
"Carroll","8","197","Georgia","4/10/20","143","54","13045","37.76"
"Catoosa","1","11","Georgia","4/10/20","6","5","13047","83.33"
"Charlton","0","2","Georgia","4/10/20","1","1","13049","100"
"Chatham","11","136","Georgia","4/10/20","58","78","13051","134.48"
"Chattahoochee","0","3","Georgia","4/10/20","2","1","13053","50"
"Chattooga","0","4","Georgia","4/10/20","3","1","13055","33.33"
"Cherokee","9","170","Georgia","4/10/20","104","66","13057","63.46"
"Clarke","3","81","Georgia","4/10/20","57","24","13059","42.11"
"Clay","1","15","Georgia","4/10/20","7","8","13061","114.29"
"Clayton","16","310","Georgia","4/10/20","195","115","13063","58.97"
"Clinch","0","3","Georgia","4/10/20","2","1","13065","50"
"Cobb","40","662","Georgia","4/10/20","381","281","13067","73.75"
"Coffee","5","53","Georgia","4/10/20","15","38","13069","253.33"
"Colquitt","7","80","Georgia","4/10/20","34","46","13071","135.29"
"Columbia","4","59","Georgia","4/10/20","32","27","13073","84.38"
"Cook","1","6","Georgia","4/10/20","1","5","13075","500"
"Coweta","5","90","Georgia","4/10/20","53","37","13077","69.81"
"Crawford","0","3","Georgia","4/10/20","0","3","13079","1"
"Crisp","5","61","Georgia","4/10/20","23","38","13081","165.22"
"Dade","0","2","Georgia","4/10/20","1","1","13083","100"
"Dawson","2","24","Georgia","4/10/20","13","11","13085","84.62"
"Decatur","2","26","Georgia","4/10/20","12","14","13087","116.67"
"DeKalb","50","795","Georgia","4/10/20","448","347","13089","77.46"
"Dodge","1","9","Georgia","4/10/20","5","4","13091","80"
"Dooly","3","35","Georgia","4/10/20","12","23","13093","191.67"
"Dougherty","72","1062","Georgia","4/10/20","560","502","13095","89.64"
"Douglas","10","142","Georgia","4/10/20","71","71","13097","100"
"Early","8","105","Georgia","4/10/20","48","57","13099","118.75"
"Echols","0","2","Georgia","4/10/20","0","2","13101","1"
"Effingham","2","19","Georgia","4/10/20","6","13","13103","216.67"
"Elbert","0","3","Georgia","4/10/20","1","2","13105","200"
"Emanuel","1","7","Georgia","4/10/20","1","6","13107","600"
"Fannin","0","9","Georgia","4/10/20","8","1","13111","12.5"
"Fayette","5","92","Georgia","4/10/20","58","34","13113","58.62"
"Floyd","3","99","Georgia","4/10/20","77","22","13115","28.57"
"Forsyth","8","113","Georgia","4/10/20","60","53","13117","88.33"
"Franklin","0","3","Georgia","4/10/20","5","-2","13119","-40"
"Fulton","69","1364","Georgia","4/10/20","882","482","13121","54.65"
"Gilmer","0","4","Georgia","4/10/20","1","3","13123","300"
"Glynn","1","32","Georgia","4/10/20","23","9","13127","39.13"
"Gordon","1","28","Georgia","4/10/20","21","7","13129","33.33"
"Grady","2","15","Georgia","4/10/20","3","12","13131","400"
"Greene","2","25","Georgia","4/10/20","9","16","13133","177.78"
"Gwinnett","45","646","Georgia","4/10/20","329","317","13135","96.35"
"Habersham","2","13","Georgia","4/10/20","2","11","13137","550"
"Hall","24","250","Georgia","4/10/20","79","171","13139","216.46"
"Hancock","0","1","Georgia","4/10/20","0","1","13141","1"
"Haralson","1","15","Georgia","4/10/20","7","8","13143","114.29"
"Harris","1","17","Georgia","4/10/20","7","10","13145","142.86"
"Hart","0","3","Georgia","4/10/20","3","0","13147","0"
"Heard","0","3","Georgia","4/10/20","2","1","13149","50"
"Henry","17","242","Georgia","4/10/20","125","117","13151","93.6"
"Houston","8","111","Georgia","4/10/20","53","58","13153","109.43"
"Irwin","1","11","Georgia","4/10/20","6","5","13155","83.33"
"Jackson","2","26","Georgia","4/10/20","12","14","13157","116.67"
"Jasper","1","6","Georgia","4/10/20","2","4","13159","200"
"Jeff Davis","0","1","Georgia","4/10/20","0","1","13161","1"
"Jefferson","0","4","Georgia","4/10/20","2","2","13163","100"
"Jenkins","1","8","Georgia","4/10/20","2","6","13165","300"
"Johnson","2","14","Georgia","4/10/20","1","13","13167","1300"
"Jones","0","9","Georgia","4/10/20","6","3","13169","50"
"Lamar","1","15","Georgia","4/10/20","6","9","13171","150"
"Lanier","1","5","Georgia","4/10/20","1","4","13173","400"
"Laurens","2","28","Georgia","4/10/20","15","13","13175","86.67"
"Lee","15","222","Georgia","4/10/20","115","107","13177","93.04"
"Liberty","1","14","Georgia","4/10/20","7","7","13179","100"
"Lincoln","0","6","Georgia","4/10/20","5","1","13181","20"
"Long","0","1","Georgia","4/10/20","1","0","13183","0"
"Lowndes","4","56","Georgia","4/10/20","28","28","13185","100"
"Lumpkin","0","9","Georgia","4/10/20","7","2","13187","28.57"
"Macon","2","18","Georgia","4/10/20","2","16","13193","800"
"Madison","1","9","Georgia","4/10/20","5","4","13195","80"
"Marion","1","9","Georgia","4/10/20","1","8","13197","800"
"McDuffie","2","19","Georgia","4/10/20","5","14","13189","280"
"McIntosh","0","3","Georgia","4/10/20","2","1","13191","50"
"Meriwether","1","18","Georgia","4/10/20","10","8","13199","80"
"Miller","1","10","Georgia","4/10/20","5","5","13201","100"
"Mitchell","13","131","Georgia","4/10/20","43","88","13205","204.65"
"Monroe","1","12","Georgia","4/10/20","6","6","13207","100"
"Morgan","2","14","Georgia","4/10/20","2","12","13211","600"
"Murray","1","12","Georgia","4/10/20","7","5","13213","71.43"
"Muscogee","14","127","Georgia","4/10/20","30","97","13215","323.33"
"Newton","5","73","Georgia","4/10/20","40","33","13217","82.5"
"Oconee","2","35","Georgia","4/10/20","19","16","13219","84.21"
"Oglethorpe","1","11","Georgia","4/10/20","1","10","13221","1000"
"Paulding","4","69","Georgia","4/10/20","42","27","13223","64.29"
"Peach","2","20","Georgia","4/10/20","9","11","13225","122.22"
"Pickens","0","11","Georgia","4/10/20","9","2","13227","22.22"
"Pierce","4","41","Georgia","4/10/20","14","27","13229","192.86"
"Pike","2","15","Georgia","4/10/20","3","12","13231","400"
"Polk","1","21","Georgia","4/10/20","16","5","13233","31.25"
"Pulaski","0","9","Georgia","4/10/20","6","3","13235","50"
"Putnam","0","5","Georgia","4/10/20","2","3","13237","150"
"Quitman","0","4","Georgia","4/10/20","1","3","13239","300"
"Rabun","1","6","Georgia","4/10/20","2","4","13241","200"
"Randolph","13","98","Georgia","4/10/20","8","90","13243","1125"
"Richmond","6","95","Georgia","4/10/20","50","45","13245","90"
"Rockdale","3","85","Georgia","4/10/20","63","22","13247","34.92"
"Schley","1","12","Georgia","4/10/20","4","8","13249","200"
"Screven","0","5","Georgia","4/10/20","2","3","13251","150"
"Seminole","1","12","Georgia","4/10/20","6","6","13253","100"
"Spalding","5","60","Georgia","4/10/20","23","37","13255","160.87"
"Stephens","1","15","Georgia","4/10/20","5","10","13257","200"
"Stewart","1","6","Georgia","4/10/20","1","5","13259","500"
"Sumter","22","211","Georgia","4/10/20","59","152","13261","257.63"
"Talbot","1","9","Georgia","4/10/20","2","7","13263","350"
"Tattnall","0","3","Georgia","4/10/20","3","0","13267","0"
"Taylor","1","6","Georgia","4/10/20","2","4","13269","200"
"Telfair","1","9","Georgia","4/10/20","2","7","13271","350"
"Terrell","7","100","Georgia","4/10/20","50","50","13273","100"
"Thomas","8","73","Georgia","4/10/20","17","56","13275","329.41"
"Tift","4","56","Georgia","4/10/20","30","26","13277","86.67"
"Toombs","1","11","Georgia","4/10/20","5","6","13279","120"
"Towns","0","3","Georgia","4/10/20","1","2","13281","200"
"Treutlen","0","1","Georgia","4/10/20","0","1","13283","1"
"Troup","4","56","Georgia","4/10/20","26","30","13285","115.38"
"Turner","2","28","Georgia","4/10/20","12","16","13287","133.33"
"Twiggs","0","2","Georgia","4/10/20","2","0","13289","0"
"Union","1","6","Georgia","4/10/20","1","5","13291","500"
"Upson","6","47","Georgia","4/10/20","6","41","13293","683.33"
"Walker","0","6","Georgia","4/10/20","3","3","13295","100"
"Walton","3","36","Georgia","4/10/20","16","20","13297","125"
"Ware","5","48","Georgia","4/10/20","16","32","13299","200"
"Warren","0","6","Georgia","4/10/20","4","2","13301","50"
"Washington","2","21","Georgia","4/10/20","6","15","13303","250"
"Wayne","0","3","Georgia","4/10/20","0","3","13305","1"
"Webster","0","3","Georgia","4/10/20","1","2","13307","200"
"Wheeler","0","2","Georgia","4/10/20","1","1","13309","100"
"White","1","11","Georgia","4/10/20","3","8","13311","266.67"
"Whitfield","1","24","Georgia","4/10/20","15","9","13313","60"
"Wilcox","0","5","Georgia","4/10/20","2","3","13315","150"
"Wilkes","0","6","Georgia","4/10/20","3","3","13317","100"
"Wilkinson","1","8","Georgia","4/10/20","1","7","13319","700"
"Worth","6","75","Georgia","4/10/20","30","45","13321","150"
"","0","103","Grand Princess","4/10/20","103","0",,"0"
"","7","130","Guam","4/10/20","84","46",,"54.76"
"Hawaii","1","28","Hawaii","4/10/20","20","8","15001","40"
"Honolulu","14","334","Hawaii","4/10/20","237","97","15003","40.93"
"Kauai","1","18","Hawaii","4/10/20","13","5","15007","38.46"
"Maui","3","57","Hawaii","4/10/20","36","21","15009","58.33"
"Out of HI","0","2","Hawaii","4/10/20","2","0","80015","0"
"Ada","27","495","Idaho","4/10/20","307","188","16001","61.24"
"Adams","0","1","Idaho","4/10/20","1","0","16003","0"
"Bannock","0","5","Idaho","4/10/20","4","1","16005","25"
"Bingham","0","2","Idaho","4/10/20","2","0","16011","0"
"Blaine","14","446","Idaho","4/10/20","351","95","16013","27.07"
"Bonner","0","3","Idaho","4/10/20","1","2","16017","200"
"Bonneville","1","11","Idaho","4/10/20","3","8","16019","266.67"
"Camas","0","1","Idaho","4/10/20","1","0","16025","0"
"Canyon","9","139","Idaho","4/10/20","79","60","16027","75.95"
"Caribou","0","1","Idaho","4/10/20","0","1","16029","1"
"Cassia","0","6","Idaho","4/10/20","3","3","16031","100"
"Custer","0","2","Idaho","4/10/20","2","0","16037","0"
"Elmore","1","16","Idaho","4/10/20","9","7","16039","77.78"
"Fremont","0","2","Idaho","4/10/20","1","1","16043","100"
"Gem","0","8","Idaho","4/10/20","6","2","16045","33.33"
"Gooding","1","5","Idaho","4/10/20","1","4","16047","400"
"Idaho","0","3","Idaho","4/10/20","1","2","16049","200"
"Jefferson","0","4","Idaho","4/10/20","3","1","16051","33.33"
"Jerome","2","24","Idaho","4/10/20","8","16","16053","200"
"Kootenai","1","42","Idaho","4/10/20","37","5","16055","13.51"
"Latah","0","3","Idaho","4/10/20","1","2","16057","200"
"Lewis","0","0","Idaho","4/10/20","1","-1","16061","-100"
"Lincoln","1","14","Idaho","4/10/20","5","9","16063","180"
"Madison","0","5","Idaho","4/10/20","4","1","16065","25"
"Minidoka","0","4","Idaho","4/10/20","1","3","16067","300"
"Nez Perce","1","19","Idaho","4/10/20","13","6","16069","46.15"
"Owyhee","0","4","Idaho","4/10/20","2","2","16073","100"
"Payette","0","8","Idaho","4/10/20","5","3","16075","60"
"Power","0","2","Idaho","4/10/20","0","2","16077","1"
"Teton","0","6","Idaho","4/10/20","3","3","16081","100"
"Twin Falls","5","70","Idaho","4/10/20","32","38","16083","118.75"
"Valley","0","2","Idaho","4/10/20","3","-1","16085","-33.33"
"Washington","0","1","Idaho","4/10/20","1","0","16087","0"
"Adams","3","24","Illinois","4/10/20","2","22","17001","1100"
"Bond","0","4","Illinois","4/10/20","3","1","17005","33.33"
"Boone","1","7","Illinois","4/10/20","0","7","17007","1"
"Bureau","0","4","Illinois","4/10/20","2","2","17011","100"
"Calhoun","0","1","Illinois","4/10/20","0","1","17013","1"
"Carroll","0","5","Illinois","4/10/20","4","1","17015","25"
"Champaign","4","79","Illinois","4/10/20","51","28","17019","54.9"
"Christian","1","23","Illinois","4/10/20","17","6","17021","35.29"
"Clark","0","3","Illinois","4/10/20","2","1","17023","50"
"Clinton","3","32","Illinois","4/10/20","8","24","17027","300"
"Coles","0","2","Illinois","4/10/20","0","2","17029","1"
"Cook","909","12472","Illinois","4/10/20","6111","6361","17031","104.09"
"Crawford","0","4","Illinois","4/10/20","1","3","17033","300"
"Cumberland","0","2","Illinois","4/10/20","1","1","17035","100"
"De Witt","0","1","Illinois","4/10/20","1","0","17039","0"
"DeKalb","2","32","Illinois","4/10/20","16","16","17037","100"
"Douglas","0","11","Illinois","4/10/20","9","2","17041","22.22"
"DuPage","73","1008","Illinois","4/10/20","500","508","17043","101.6"
"Effingham","0","3","Illinois","4/10/20","1","2","17049","200"
"Fayette","1","7","Illinois","4/10/20","2","5","17051","250"
"Ford","0","4","Illinois","4/10/20","1","3","17053","300"
"Franklin","0","3","Illinois","4/10/20","1","2","17055","200"
"Fulton","0","2","Illinois","4/10/20","0","2","17057","1"
"Gallatin","0","1","Illinois","4/10/20","0","1","17059","1"
"Greene","0","2","Illinois","4/10/20","0","2","17061","1"
"Grundy","1","15","Illinois","4/10/20","7","8","17063","114.29"
"Hancock","0","1","Illinois","4/10/20","0","1","17067","1"
"Henry","2","21","Illinois","4/10/20","7","14","17073","200"
"Iroquois","0","7","Illinois","4/10/20","4","3","17075","75"
"Jackson","3","27","Illinois","4/10/20","8","19","17077","237.5"
"Jasper","0","3","Illinois","4/10/20","0","3","17079","1"
"Jefferson","1","5","Illinois","4/10/20","0","5","17081","1"
"Jersey","1","6","Illinois","4/10/20","1","5","17083","500"
"Jo Daviess","1","10","Illinois","4/10/20","4","6","17085","150"
"Kane","23","339","Illinois","4/10/20","176","163","17089","92.61"
"Kankakee","16","167","Illinois","4/10/20","58","109","17091","187.93"
"Kendall","8","92","Illinois","4/10/20","37","55","17093","148.65"
"Knox","0","1","Illinois","4/10/20","1","0","17095","0"
"Lake","89","1230","Illinois","4/10/20","608","622","17097","102.3"
"LaSalle","2","19","Illinois","4/10/20","6","13","17099","216.67"
"Lawrence","0","2","Illinois","4/10/20","0","2","17101","1"
"Lee","2","12","Illinois","4/10/20","0","12","17103","1"
"Livingston","1","14","Illinois","4/10/20","6","8","17105","133.33"
"Logan","0","2","Illinois","4/10/20","1","1","17107","100"
"Macon","2","14","Illinois","4/10/20","2","12","17115","600"
"Macoupin","2","14","Illinois","4/10/20","1","13","17117","1300"
"Madison","10","101","Illinois","4/10/20","31","70","17119","225.81"
"Marion","1","12","Illinois","4/10/20","3","9","17121","300"
"Marshall","0","1","Illinois","4/10/20","1","0","17123","0"
"Mason","0","3","Illinois","4/10/20","0","3","17125","1"
"Massac","0","2","Illinois","4/10/20","1","1","17127","100"
"McHenry","15","206","Illinois","4/10/20","102","104","17111","101.96"
"McLean","6","75","Illinois","4/10/20","35","40","17113","114.29"
"Menard","0","2","Illinois","4/10/20","1","1","17129","100"
"Mercer","0","2","Illinois","4/10/20","1","1","17131","100"
"Monroe","5","42","Illinois","4/10/20","8","34","17133","425"
"Montgomery","1","8","Illinois","4/10/20","2","6","17135","300"
"Morgan","1","10","Illinois","4/10/20","5","5","17137","100"
"Moultrie","0","2","Illinois","4/10/20","1","1","17139","100"
"Ogle","2","16","Illinois","4/10/20","1","15","17141","1500"
"Peoria","1","20","Illinois","4/10/20","11","9","17143","81.82"
"Piatt","1","6","Illinois","4/10/20","1","5","17147","500"
"Pike","0","1","Illinois","4/10/20","0","1","17149","1"
"Pulaski","1","4","Illinois","4/10/20","0","4","17153","1"
"Randolph","3","35","Illinois","4/10/20","12","23","17157","191.67"
"Richland","0","1","Illinois","4/10/20","0","1","17159","1"
"Rock Island","8","80","Illinois","4/10/20","24","56","17161","233.33"
"Saline","0","3","Illinois","4/10/20","1","2","17165","200"
"Sangamon","3","42","Illinois","4/10/20","20","22","17167","110"
"Schuyler","0","1","Illinois","4/10/20","0","1","17169","1"
"Shelby","0","3","Illinois","4/10/20","0","3","17173","1"
"St. Clair","15","159","Illinois","4/10/20","57","102","17163","178.95"
"Stark","0","1","Illinois","4/10/20","0","1","17175","1"
"Stephenson","1","8","Illinois","4/10/20","3","5","17177","166.67"
"Tazewell","1","17","Illinois","4/10/20","7","10","17179","142.86"
"Vermilion","1","7","Illinois","4/10/20","2","5","17183","250"
"Wabash","0","2","Illinois","4/10/20","0","2","17185","1"
"Washington","0","2","Illinois","4/10/20","1","1","17189","100"
"Whiteside","2","24","Illinois","4/10/20","9","15","17195","166.67"
"Will","89","1077","Illinois","4/10/20","455","622","17197","136.7"
"Williamson","1","10","Illinois","4/10/20","2","8","17199","400"
"Winnebago","7","77","Illinois","4/10/20","28","49","17201","175"
"Woodford","0","7","Illinois","4/10/20","4","3","17203","75"
"Adams","0","4","Indiana","4/10/20","1","3","18001","300"
"Allen","9","119","Indiana","4/10/20","58","61","18003","105.17"
"Bartholomew","9","83","Indiana","4/10/20","23","60","18005","260.87"
"Blackford","0","4","Indiana","4/10/20","1","3","18009","300"
"Boone","7","90","Indiana","4/10/20","38","52","18011","136.84"
"Brown","1","9","Indiana","4/10/20","3","6","18013","200"
"Carroll","0","4","Indiana","4/10/20","2","2","18015","100"
"Cass","2","18","Indiana","4/10/20","2","16","18017","800"
"Clark","7","104","Indiana","4/10/20","55","49","18019","89.09"
"Clay","1","11","Indiana","4/10/20","2","9","18021","450"
"Clinton","1","11","Indiana","4/10/20","3","8","18023","266.67"
"Crawford","1","12","Indiana","4/10/20","3","9","18025","300"
"Daviess","1","9","Indiana","4/10/20","0","9","18027","1"
"Dearborn","5","59","Indiana","4/10/20","25","34","18029","136"
"Decatur","7","118","Indiana","4/10/20","70","48","18031","68.57"
"DeKalb","0","5","Indiana","4/10/20","3","2","18033","66.67"
"Delaware","4","56","Indiana","4/10/20","30","26","18035","86.67"
"Dubois","1","10","Indiana","4/10/20","3","7","18037","233.33"
"Elkhart","5","61","Indiana","4/10/20","29","32","18039","110.34"
"Fayette","1","19","Indiana","4/10/20","13","6","18041","46.15"
"Floyd","8","93","Indiana","4/10/20","37","56","18043","151.35"
"Fountain","0","3","Indiana","4/10/20","2","1","18045","50"
"Franklin","3","66","Indiana","4/10/20","48","18","18047","37.5"
"Fulton","0","3","Indiana","4/10/20","1","2","18049","200"
"Gibson","0","4","Indiana","4/10/20","4","0","18051","0"
"Grant","3","32","Indiana","4/10/20","12","20","18053","166.67"
"Greene","1","14","Indiana","4/10/20","9","5","18055","55.56"
"Hamilton","30","431","Indiana","4/10/20","220","211","18057","95.91"
"Hancock","10","109","Indiana","4/10/20","41","68","18059","165.85"
"Harrison","4","50","Indiana","4/10/20","23","27","18061","117.39"
"Hendricks","21","287","Indiana","4/10/20","138","149","18063","107.97"
"Henry","2","20","Indiana","4/10/20","7","13","18065","185.71"
"Howard","3","46","Indiana","4/10/20","25","21","18067","84"
"Huntington","0","6","Indiana","4/10/20","3","3","18069","100"
"Jackson","5","57","Indiana","4/10/20","25","32","18071","128"
"Jasper","0","15","Indiana","4/10/20","13","2","18073","15.38"
"Jay","0","4","Indiana","4/10/20","2","2","18075","100"
"Jefferson","1","10","Indiana","4/10/20","5","5","18077","100"
"Jennings","2","46","Indiana","4/10/20","31","15","18079","48.39"
"Johnson","19","270","Indiana","4/10/20","136","134","18081","98.53"
"Knox","1","13","Indiana","4/10/20","4","9","18083","225"
"Kosciusko","1","17","Indiana","4/10/20","8","9","18085","112.5"
"LaGrange","1","9","Indiana","4/10/20","4","5","18087","125"
"Lake","47","576","Indiana","4/10/20","244","332","18089","136.07"
"LaPorte","2","31","Indiana","4/10/20","17","14","18091","82.35"
"Lawrence","5","59","Indiana","4/10/20","22","37","18093","168.18"
"Madison","20","204","Indiana","4/10/20","67","137","18095","204.48"
"Marion","167","2600","Indiana","4/10/20","1429","1171","18097","81.95"
"Marshall","1","12","Indiana","4/10/20","4","8","18099","200"
"Martin","0","2","Indiana","4/10/20","0","2","18101","1"
"Miami","1","14","Indiana","4/10/20","5","9","18103","180"
"Monroe","4","70","Indiana","4/10/20","40","30","18105","75"
"Montgomery","1","20","Indiana","4/10/20","12","8","18107","66.67"
"Morgan","5","89","Indiana","4/10/20","52","37","18109","71.15"
"Newton","1","7","Indiana","4/10/20","1","6","18111","600"
"Noble","1","14","Indiana","4/10/20","5","9","18113","180"
"Ohio","0","1","Indiana","4/10/20","1","0","18115","0"
"Orange","1","13","Indiana","4/10/20","5","8","18117","160"
"Owen","1","18","Indiana","4/10/20","13","5","18119","38.46"
"Parke","1","6","Indiana","4/10/20","1","5","18121","500"
"Perry","0","3","Indiana","4/10/20","0","3","18123","1"
"Porter","7","95","Indiana","4/10/20","45","50","18127","111.11"
"Posey","0","5","Indiana","4/10/20","5","0","18129","0"
"Pulaski","0","1","Indiana","4/10/20","0","1","18131","1"
"Putnam","3","31","Indiana","4/10/20","13","18","18133","138.46"
"Randolph","1","8","Indiana","4/10/20","4","4","18135","100"
"Ripley","5","79","Indiana","4/10/20","47","32","18137","68.09"
"Rush","1","12","Indiana","4/10/20","8","4","18139","50"
"Scott","1","12","Indiana","4/10/20","6","6","18143","100"
"Shelby","5","63","Indiana","4/10/20","26","37","18145","142.31"
"Spencer","0","1","Indiana","4/10/20","1","0","18147","0"
"St. Joseph","13","165","Indiana","4/10/20","72","93","18141","129.17"
"Starke","1","8","Indiana","4/10/20","2","6","18149","300"
"Steuben","1","12","Indiana","4/10/20","2","10","18151","500"
"Sullivan","0","4","Indiana","4/10/20","3","1","18153","33.33"
"Switzerland","1","12","Indiana","4/10/20","6","6","18155","100"
"Tippecanoe","2","42","Indiana","4/10/20","26","16","18157","61.54"
"Tipton","1","9","Indiana","4/10/20","5","4","18159","80"
"Union","1","5","Indiana","4/10/20","0","5","18161","1"
"Vanderburgh","3","53","Indiana","4/10/20","33","20","18163","60.61"
"Vermillion","0","3","Indiana","4/10/20","2","1","18165","50"
"Vigo","4","40","Indiana","4/10/20","9","31","18167","344.44"
"Wabash","1","7","Indiana","4/10/20","1","6","18169","600"
"Warren","0","2","Indiana","4/10/20","2","0","18171","0"
"Warrick","3","33","Indiana","4/10/20","10","23","18173","230"
"Washington","1","23","Indiana","4/10/20","14","9","18175","64.29"
"Wayne","1","16","Indiana","4/10/20","6","10","18177","166.67"
"Wells","0","3","Indiana","4/10/20","2","1","18179","50"
"White","0","3","Indiana","4/10/20","3","0","18181","0"
"Whitley","1","10","Indiana","4/10/20","4","6","18183","150"
"Adair","0","1","Iowa","4/10/20","1","0","19001","0"
"Allamakee","1","20","Iowa","4/10/20","16","4","19005","25"
"Appanoose","0","1","Iowa","4/10/20","1","0","19007","0"
"Audubon","0","1","Iowa","4/10/20","1","0","19009","0"
"Benton","1","15","Iowa","4/10/20","7","8","19011","114.29"
"Black Hawk","4","35","Iowa","4/10/20","8","27","19013","337.5"
"Boone","0","4","Iowa","4/10/20","2","2","19015","100"
"Bremer","0","2","Iowa","4/10/20","1","1","19017","100"
"Buchanan","0","6","Iowa","4/10/20","3","3","19019","100"
"Buena Vista","0","1","Iowa","4/10/20","0","1","19021","1"
"Butler","0","1","Iowa","4/10/20","1","0","19023","0"
"Carroll","0","1","Iowa","4/10/20","1","0","19027","0"
"Cedar","1","20","Iowa","4/10/20","11","9","19031","81.82"
"Cerro Gordo","0","13","Iowa","4/10/20","10","3","19033","30"
"Chickasaw","0","2","Iowa","4/10/20","0","2","19037","1"
"Clarke","0","2","Iowa","4/10/20","0","2","19039","1"
"Clay","0","2","Iowa","4/10/20","2","0","19041","0"
"Clayton","0","6","Iowa","4/10/20","3","3","19043","100"
"Clinton","1","24","Iowa","4/10/20","15","9","19045","60"
"Crawford","0","6","Iowa","4/10/20","4","2","19047","50"
"Dallas","0","36","Iowa","4/10/20","33","3","19049","9.09"
"Delaware","0","1","Iowa","4/10/20","0","1","19055","1"
"Des Moines","0","3","Iowa","4/10/20","1","2","19057","200"
"Dickinson","0","1","Iowa","4/10/20","1","0","19059","0"
"Dubuque","1","32","Iowa","4/10/20","23","9","19061","39.13"
"Fayette","0","4","Iowa","4/10/20","3","1","19065","33.33"
"Franklin","0","1","Iowa","4/10/20","0","1","19069","1"
"Greene","0","1","Iowa","4/10/20","0","1","19073","1"
"Grundy","0","1","Iowa","4/10/20","0","1","19075","1"
"Guthrie","0","1","Iowa","4/10/20","1","0","19077","0"
"Hamilton","0","2","Iowa","4/10/20","0","2","19079","1"
"Hancock","0","3","Iowa","4/10/20","3","0","19081","0"
"Hardin","0","1","Iowa","4/10/20","1","0","19083","0"
"Harrison","0","12","Iowa","4/10/20","10","2","19085","20"
"Henry","2","17","Iowa","4/10/20","6","11","19087","183.33"
"Howard","0","1","Iowa","4/10/20","0","1","19089","1"
"Iowa","0","7","Iowa","4/10/20","5","2","19095","40"
"Jackson","0","4","Iowa","4/10/20","2","2","19097","100"
"Jasper","0","10","Iowa","4/10/20","8","2","19099","25"
"Jefferson","0","3","Iowa","4/10/20","2","1","19101","50"
"Johnson","15","185","Iowa","4/10/20","83","102","19103","122.89"
"Jones","0","8","Iowa","4/10/20","5","3","19105","60"
"Keokuk","0","2","Iowa","4/10/20","1","1","19107","100"
"Kossuth","0","1","Iowa","4/10/20","1","0","19109","0"
"Lee","0","1","Iowa","4/10/20","0","1","19111","1"
"Linn","15","225","Iowa","4/10/20","118","107","19113","90.68"
"Louisa","8","56","Iowa","4/10/20","1","55","19115","5500"
"Lyon","0","2","Iowa","4/10/20","1","1","19119","100"
"Madison","0","1","Iowa","4/10/20","1","0","19121","0"
"Mahaska","0","4","Iowa","4/10/20","3","1","19123","33.33"
"Marion","0","2","Iowa","4/10/20","0","2","19125","1"
"Marshall","1","20","Iowa","4/10/20","10","10","19127","100"
"Mills","0","1","Iowa","4/10/20","0","1","19129","1"
"Mitchell","0","2","Iowa","4/10/20","2","0","19131","0"
"Monona","0","6","Iowa","4/10/20","6","0","19133","0"
"Montgomery","0","1","Iowa","4/10/20","1","0","19137","0"
"Muscatine","8","80","Iowa","4/10/20","22","58","19139","263.64"
"O'Brien","0","3","Iowa","4/10/20","3","0","19141","0"
"Osceola","0","1","Iowa","4/10/20","0","1","19143","1"
"Page","0","3","Iowa","4/10/20","2","1","19145","50"
"Plymouth","0","4","Iowa","4/10/20","1","3","19149","300"
"Polk","7","147","Iowa","4/10/20","100","47","19153","47"
"Pottawattamie","1","12","Iowa","4/10/20","6","6","19155","100"
"Poweshiek","0","6","Iowa","4/10/20","6","0","19157","0"
"Scott","10","99","Iowa","4/10/20","31","68","19163","219.35"
"Shelby","0","6","Iowa","4/10/20","5","1","19165","20"
"Sioux","0","7","Iowa","4/10/20","5","2","19167","40"
"Story","0","7","Iowa","4/10/20","5","2","19169","40"
"Tama","7","70","Iowa","4/10/20","22","48","19171","218.18"
"Taylor","0","1","Iowa","4/10/20","1","0","19173","0"
"Union","0","1","Iowa","4/10/20","0","1","19175","1"
"Van Buren","0","6","Iowa","4/10/20","5","1","19177","20"
"Wapello","0","3","Iowa","4/10/20","1","2","19179","200"
"Warren","1","15","Iowa","4/10/20","8","7","19181","87.5"
"Washington","4","70","Iowa","4/10/20","43","27","19183","62.79"
"Webster","0","2","Iowa","4/10/20","1","1","19187","100"
"Winnebago","0","2","Iowa","4/10/20","0","2","19189","1"
"Winneshiek","0","5","Iowa","4/10/20","4","1","19191","25"
"Woodbury","1","15","Iowa","4/10/20","8","7","19193","87.5"
"Worth","0","1","Iowa","4/10/20","0","1","19195","1"
"Wright","0","1","Iowa","4/10/20","1","0","19197","0"
"Atchison","0","2","Kansas","4/10/20","1","1","20005","100"
"Barber","0","1","Kansas","4/10/20","0","1","20007","1"
"Barton","0","4","Kansas","4/10/20","3","1","20009","33.33"
"Bourbon","1","7","Kansas","4/10/20","3","4","20011","133.33"
"Butler","0","8","Kansas","4/10/20","7","1","20015","14.29"
"Chautauqua","0","3","Kansas","4/10/20","2","1","20019","50"
"Cherokee","0","5","Kansas","4/10/20","5","0","20021","0"
"Clay","0","1","Kansas","4/10/20","1","0","20027","0"
"Cloud","0","3","Kansas","4/10/20","1","2","20029","200"
"Coffey","3","36","Kansas","4/10/20","18","18","20031","100"
"Cowley","0","1","Kansas","4/10/20","1","0","20035","0"
"Crawford","0","6","Kansas","4/10/20","4","2","20037","50"
"Doniphan","0","1","Kansas","4/10/20","1","0","20043","0"
"Douglas","1","38","Kansas","4/10/20","31","7","20045","22.58"
"Ellis","0","1","Kansas","4/10/20","0","1","20051","1"
"Finney","1","12","Kansas","4/10/20","4","8","20055","200"
"Ford","0","2","Kansas","4/10/20","1","1","20057","100"
"Franklin","0","10","Kansas","4/10/20","9","1","20059","11.11"
"Geary","1","5","Kansas","4/10/20","0","5","20061","1"
"Gove","0","1","Kansas","4/10/20","1","0","20063","0"
"Greenwood","0","1","Kansas","4/10/20","0","1","20073","1"
"Harvey","0","4","Kansas","4/10/20","2","2","20079","100"
"Jackson","0","1","Kansas","4/10/20","1","0","20085","0"
"Jefferson","0","5","Kansas","4/10/20","2","3","20087","150"
"Jewell","0","2","Kansas","4/10/20","0","2","20089","1"
"Johnson","11","252","Kansas","4/10/20","172","80","20091","46.51"
"Labette","1","11","Kansas","4/10/20","1","10","20099","1000"
"Leavenworth","4","61","Kansas","4/10/20","31","30","20103","96.77"
"Linn","0","5","Kansas","4/10/20","5","0","20107","0"
"Lyon","1","27","Kansas","4/10/20","17","10","20111","58.82"
"Marion","0","3","Kansas","4/10/20","1","2","20115","200"
"McPherson","1","13","Kansas","4/10/20","6","7","20113","116.67"
"Miami","0","3","Kansas","4/10/20","0","3","20121","1"
"Mitchell","0","2","Kansas","4/10/20","2","0","20123","0"
"Montgomery","1","11","Kansas","4/10/20","6","5","20125","83.33"
"Morris","0","2","Kansas","4/10/20","2","0","20127","0"
"Morton","0","1","Kansas","4/10/20","0","1","20129","1"
"Neosho","0","1","Kansas","4/10/20","1","0","20133","0"
"Osage","0","3","Kansas","4/10/20","3","0","20139","0"
"Osborne","0","2","Kansas","4/10/20","1","1","20141","100"
"Ottawa","0","3","Kansas","4/10/20","1","2","20143","200"
"Pottawatomie","0","5","Kansas","4/10/20","2","3","20149","150"
"Pratt","0","1","Kansas","4/10/20","1","0","20151","0"
"Reno","0","11","Kansas","4/10/20","9","2","20155","22.22"
"Republic","0","3","Kansas","4/10/20","0","3","20157","1"
"Riley","1","20","Kansas","4/10/20","11","9","20161","81.82"
"Rooks","0","2","Kansas","4/10/20","0","2","20163","1"
"Saline","1","8","Kansas","4/10/20","4","4","20169","100"
"Scott","0","1","Kansas","4/10/20","0","1","20171","1"
"Sedgwick","11","161","Kansas","4/10/20","85","76","20173","89.41"
"Seward","0","3","Kansas","4/10/20","0","3","20175","1"
"Shawnee","4","56","Kansas","4/10/20","26","30","20177","115.38"
"Stafford","0","1","Kansas","4/10/20","1","0","20185","0"
"Stevens","0","1","Kansas","4/10/20","1","0","20189","0"
"Sumner","0","2","Kansas","4/10/20","2","0","20191","0"
"Wabaunsee","1","7","Kansas","4/10/20","0","7","20197","1"
"Woodson","0","3","Kansas","4/10/20","3","0","20207","0"
"Wyandotte","19","272","Kansas","4/10/20","137","135","20209","98.54"
"Adair","1","6","Kentucky","4/10/20","0","6","21001","1"
"Allen","0","3","Kentucky","4/10/20","2","1","21003","50"
"Anderson","0","3","Kentucky","4/10/20","2","1","21005","50"
"Ballard","0","1","Kentucky","4/10/20","0","1","21007","1"
"Barren","0","1","Kentucky","4/10/20","1","0","21009","0"
"Bath","0","1","Kentucky","4/10/20","0","1","21011","1"
"Boone","2","23","Kentucky","4/10/20","8","15","21015","187.5"
"Bourbon","0","4","Kentucky","4/10/20","2","2","21017","100"
"Boyd","2","17","Kentucky","4/10/20","4","13","21019","325"
"Boyle","1","9","Kentucky","4/10/20","4","5","21021","125"
"Bracken","0","1","Kentucky","4/10/20","1","0","21023","0"
"Breathitt","0","1","Kentucky","4/10/20","2","-1","21025","-50"
"Breckinridge","0","3","Kentucky","4/10/20","2","1","21027","50"
"Bullitt","1","14","Kentucky","4/10/20","6","8","21029","133.33"
"Butler","0","2","Kentucky","4/10/20","1","1","21031","100"
"Caldwell","1","5","Kentucky","4/10/20","0","5","21033","1"
"Calloway","1","8","Kentucky","4/10/20","3","5","21035","166.67"
"Campbell","3","29","Kentucky","4/10/20","8","21","21037","262.5"
"Carroll","0","2","Kentucky","4/10/20","2","0","21041","0"
"Carter","0","1","Kentucky","4/10/20","0","1","21043","1"
"Christian","5","45","Kentucky","4/10/20","7","38","21047","542.86"
"Clark","0","11","Kentucky","4/10/20","8","3","21049","37.5"
"Clinton","0","1","Kentucky","4/10/20","0","1","21053","1"
"Crittenden","0","3","Kentucky","4/10/20","0","3","21055","1"
"Cumberland","0","1","Kentucky","4/10/20","0","1","21057","1"
"Daviess","6","79","Kentucky","4/10/20","34","45","21059","132.35"
"Edmonson","0","5","Kentucky","4/10/20","2","3","21061","150"
"Fayette","5","148","Kentucky","4/10/20","116","32","21067","27.59"
"Franklin","1","10","Kentucky","4/10/20","6","4","21073","66.67"
"Grant","0","3","Kentucky","4/10/20","1","2","21081","200"
"Graves","1","5","Kentucky","4/10/20","0","5","21083","1"
"Grayson","0","2","Kentucky","4/10/20","2","0","21085","0"
"Green","0","1","Kentucky","4/10/20","0","1","21087","1"
"Greenup","0","2","Kentucky","4/10/20","0","2","21089","1"
"Hancock","0","2","Kentucky","4/10/20","1","1","21091","100"
"Hardin","0","9","Kentucky","4/10/20","6","3","21093","50"
"Harrison","0","14","Kentucky","4/10/20","11","3","21097","27.27"
"Hart","0","1","Kentucky","4/10/20","0","1","21099","1"
"Henderson","3","23","Kentucky","4/10/20","5","18","21101","360"
"Henry","0","3","Kentucky","4/10/20","0","3","21103","1"
"Hopkins","4","57","Kentucky","4/10/20","27","30","21107","111.11"
"Jackson","0","3","Kentucky","4/10/20","0","3","21109","1"
"Jefferson","22","380","Kentucky","4/10/20","228","152","21111","66.67"
"Jessamine","1","18","Kentucky","4/10/20","13","5","21113","38.46"
"Johnson","0","1","Kentucky","4/10/20","0","1","21115","1"
"Kenton","4","54","Kentucky","4/10/20","25","29","21117","116"
"Larue","0","3","Kentucky","4/10/20","1","2","21123","200"
"Laurel","0","5","Kentucky","4/10/20","2","3","21125","150"
"Lawrence","0","1","Kentucky","4/10/20","1","0","21127","0"
"Leslie","0","1","Kentucky","4/10/20","0","1","21131","1"
"Letcher","0","1","Kentucky","4/10/20","0","1","21133","1"
"Lewis","0","2","Kentucky","4/10/20","1","1","21135","100"
"Logan","0","5","Kentucky","4/10/20","3","2","21141","66.67"
"Lyon","1","6","Kentucky","4/10/20","1","5","21143","500"
"Madison","1","14","Kentucky","4/10/20","10","4","21151","40"
"Marion","0","4","Kentucky","4/10/20","1","3","21155","300"
"Marshall","1","8","Kentucky","4/10/20","1","7","21157","700"
"Martin","0","1","Kentucky","4/10/20","1","0","21159","0"
"Mason","0","3","Kentucky","4/10/20","1","2","21161","200"
"McCracken","1","16","Kentucky","4/10/20","8","8","21145","100"
"McCreary","0","3","Kentucky","4/10/20","1","2","21147","200"
"McLean","1","5","Kentucky","4/10/20","1","4","21149","400"
"Meade","0","2","Kentucky","4/10/20","0","2","21163","1"
"Menifee","0","3","Kentucky","4/10/20","2","1","21165","50"
"Mercer","0","4","Kentucky","4/10/20","2","2","21167","100"
"Monroe","0","2","Kentucky","4/10/20","0","2","21171","1"
"Montgomery","1","7","Kentucky","4/10/20","2","5","21173","250"
"Muhlenberg","2","26","Kentucky","4/10/20","10","16","21177","160"
"Nelson","1","7","Kentucky","4/10/20","3","4","21179","133.33"
"Nicholas","0","1","Kentucky","4/10/20","1","0","21181","0"
"Ohio","1","8","Kentucky","4/10/20","0","8","21183","1"
"Oldham","1","11","Kentucky","4/10/20","6","5","21185","83.33"
"Pendleton","0","3","Kentucky","4/10/20","1","2","21191","200"
"Perry","0","3","Kentucky","4/10/20","0","3","21193","1"
"Pike","0","1","Kentucky","4/10/20","0","1","21195","1"
"Powell","0","1","Kentucky","4/10/20","1","0","21197","0"
"Pulaski","3","26","Kentucky","4/10/20","8","18","21199","225"
"Rockcastle","1","6","Kentucky","4/10/20","1","5","21203","500"
"Russell","1","4","Kentucky","4/10/20","0","4","21207","1"
"Scott","1","15","Kentucky","4/10/20","6","9","21209","150"
"Shelby","1","11","Kentucky","4/10/20","2","9","21211","450"
"Simpson","1","14","Kentucky","4/10/20","9","5","21213","55.56"
"Spencer","0","3","Kentucky","4/10/20","2","1","21215","50"
"Taylor","0","3","Kentucky","4/10/20","2","1","21217","50"
"Todd","0","3","Kentucky","4/10/20","0","3","21219","1"
"Union","0","3","Kentucky","4/10/20","2","1","21225","50"
"Warren","2","24","Kentucky","4/10/20","13","11","21227","84.62"
"Washington","0","3","Kentucky","4/10/20","1","2","21229","200"
"Wayne","0","4","Kentucky","4/10/20","3","1","21231","33.33"
"Webster","1","7","Kentucky","4/10/20","2","5","21233","250"
"Whitley","0","1","Kentucky","4/10/20","0","1","21235","1"
"Woodford","1","9","Kentucky","4/10/20","5","4","21239","80"
"Acadia","3","94","Louisiana","4/10/20","72","22","22001","30.56"
"Allen","5","67","Louisiana","4/10/20","34","33","22003","97.06"
"Ascension","25","397","Louisiana","4/10/20","222","175","22005","78.83"
"Assumption","10","105","Louisiana","4/10/20","33","72","22007","218.18"
"Avoyelles","3","56","Louisiana","4/10/20","37","19","22009","51.35"
"Beauregard","2","27","Louisiana","4/10/20","13","14","22011","107.69"
"Bienville","3","27","Louisiana","4/10/20","9","18","22013","200"
"Bossier","11","175","Louisiana","4/10/20","95","80","22015","84.21"
"Caddo","82","950","Louisiana","4/10/20","377","573","22017","151.99"
"Calcasieu","16","228","Louisiana","4/10/20","119","109","22019","91.6"
"Caldwell","2","18","Louisiana","4/10/20","1","17","22021","1700"
"Cameron","0","1","Louisiana","4/10/20","0","1","22023","1"
"Catahoula","2","18","Louisiana","4/10/20","6","12","22025","200"
"Claiborne","3","40","Louisiana","4/10/20","18","22","22027","122.22"
"Concordia","1","16","Louisiana","4/10/20","10","6","22029","60"
"De Soto","9","107","Louisiana","4/10/20","46","61","22031","132.61"
"East Baton Rouge","100","1088","Louisiana","4/10/20","389","699","22033","179.69"
"East Carroll","0","1","Louisiana","4/10/20","1","0","22035","0"
"East Feliciana","7","65","Louisiana","4/10/20","19","46","22037","242.11"
"Evangeline","2","35","Louisiana","4/10/20","18","17","22039","94.44"
"Franklin","4","40","Louisiana","4/10/20","10","30","22041","300"
"Grant","1","11","Louisiana","4/10/20","5","6","22043","120"
"Iberia","6","121","Louisiana","4/10/20","78","43","22045","55.13"
"Iberville","17","198","Louisiana","4/10/20","81","117","22047","144.44"
"Jackson","1","8","Louisiana","4/10/20","4","4","22049","100"
"Jefferson","312","4678","Louisiana","4/10/20","2495","2183","22051","87.49"
"Jefferson Davis","3","32","Louisiana","4/10/20","14","18","22053","128.57"
"Lafayette","8","330","Louisiana","4/10/20","276","54","22055","19.57"
"Lafourche","34","426","Louisiana","4/10/20","185","241","22057","130.27"
"LaSalle","1","9","Louisiana","4/10/20","2","7","22059","350"
"Lincoln","2","33","Louisiana","4/10/20","17","16","22061","94.12"
"Livingston","10","107","Louisiana","4/10/20","40","67","22063","167.5"
"Madison","0","2","Louisiana","4/10/20","1","1","22065","100"
"Morehouse","3","27","Louisiana","4/10/20","7","20","22067","285.71"
"Natchitoches","4","33","Louisiana","4/10/20","6","27","22069","450"
"Orleans","277","5416","Louisiana","4/10/20","3476","1940","22071","55.81"
"Ouachita","30","326","Louisiana","4/10/20","114","212","22073","185.96"
"Plaquemines","8","130","Louisiana","4/10/20","75","55","22075","73.33"
"Pointe Coupee","4","38","Louisiana","4/10/20","13","25","22077","192.31"
"Rapides","11","156","Louisiana","4/10/20","81","75","22079","92.59"
"Red River","1","7","Louisiana","4/10/20","2","5","22081","250"
"Richland","2","18","Louisiana","4/10/20","4","14","22083","350"
"Sabine","1","8","Louisiana","4/10/20","4","4","22085","100"
"St. Bernard","21","343","Louisiana","4/10/20","196","147","22087","75"
"St. Charles","24","376","Louisiana","4/10/20","210","166","22089","79.05"
"St. Helena","1","11","Louisiana","4/10/20","1","10","22091","1000"
"St. James","11","194","Louisiana","4/10/20","116","78","22093","67.24"
"St. John the Baptist","31","507","Louisiana","4/10/20","290","217","22095","74.83"
"St. Landry","5","103","Louisiana","4/10/20","68","35","22097","51.47"
"St. Martin","10","140","Louisiana","4/10/20","69","71","22099","102.9"
"St. Mary","8","100","Louisiana","4/10/20","47","53","22101","112.77"
"St. Tammany","56","825","Louisiana","4/10/20","435","390","22103","89.66"
"Tangipahoa","36","305","Louisiana","4/10/20","55","250","22105","454.55"
"Terrebonne","20","244","Louisiana","4/10/20","102","142","22109","139.22"
"Union","3","41","Louisiana","4/10/20","17","24","22111","141.18"
"Vermilion","1","22","Louisiana","4/10/20","18","4","22113","22.22"
"Vernon","1","13","Louisiana","4/10/20","8","5","22115","62.5"
"Washington","11","136","Louisiana","4/10/20","57","79","22117","138.6"
"Webster","5","57","Louisiana","4/10/20","23","34","22119","147.83"
"West Baton Rouge","5","61","Louisiana","4/10/20","23","38","22121","165.22"
"West Carroll","0","3","Louisiana","4/10/20","0","3","22123","1"
"West Feliciana","4","41","Louisiana","4/10/20","11","30","22125","272.73"
"Winn","1","8","Louisiana","4/10/20","2","6","22127","300"
"Androscoggin","1","24","Maine","4/10/20","19","5","23001","26.32"
"Aroostook","0","2","Maine","4/10/20","1","1","23003","100"
"Cumberland","8","276","Maine","4/10/20","222","54","23005","24.32"
"Franklin","0","7","Maine","4/10/20","4","3","23007","75"
"Hancock","0","4","Maine","4/10/20","2","2","23009","100"
"Kennebec","1","29","Maine","4/10/20","19","10","23011","52.63"
"Knox","0","10","Maine","4/10/20","9","1","23013","11.11"
"Lincoln","0","9","Maine","4/10/20","8","1","23015","12.5"
"Oxford","0","12","Maine","4/10/20","10","2","23017","20"
"Penobscot","2","33","Maine","4/10/20","20","13","23019","65"
"Sagadahoc","0","15","Maine","4/10/20","12","3","23023","25"
"Somerset","0","5","Maine","4/10/20","2","3","23025","150"
"Waldo","2","19","Maine","4/10/20","3","16","23027","533.33"
"Washington","0","1","Maine","4/10/20","1","0","23029","0"
"York","7","137","Maine","4/10/20","89","48","23031","53.93"
"Allegany","1","10","Maryland","4/10/20","2","8","24001","400"
"Anne Arundel","44","554","Maryland","4/10/20","249","305","24003","122.49"
"Baltimore","92","1072","Maryland","4/10/20","427","645","24005","151.05"
"Baltimore City","54","689","Maryland","4/10/20","313","376","24510","120.13"
"Calvert","7","76","Maryland","4/10/20","30","46","24009","153.33"
"Caroline","1","12","Maryland","4/10/20","4","8","24011","200"
"Carroll","12","214","Maryland","4/10/20","129","85","24013","65.89"
"Cecil","6","64","Maryland","4/10/20","25","39","24015","156"
"Charles","19","220","Maryland","4/10/20","90","130","24017","144.44"
"Dorchester","1","7","Maryland","4/10/20","1","6","24019","600"
"Frederick","34","289","Maryland","4/10/20","54","235","24021","435.19"
"Garrett","0","4","Maryland","4/10/20","3","1","24023","33.33"
"Harford","10","110","Maryland","4/10/20","41","69","24025","168.29"
"Howard","22","319","Maryland","4/10/20","166","153","24027","92.17"
"Kent","1","9","Maryland","4/10/20","5","4","24029","80"
"Montgomery","117","1388","Maryland","4/10/20","566","822","24031","145.23"
"Prince George's","165","1716","Maryland","4/10/20","563","1153","24033","204.8"
"Queen Anne's","1","17","Maryland","4/10/20","12","5","24035","41.67"
"Somerset","0","4","Maryland","4/10/20","4","0","24039","0"
"St. Mary's","6","71","Maryland","4/10/20","30","41","24037","136.67"
"Talbot","1","13","Maryland","4/10/20","5","8","24041","160"
"Washington","6","66","Maryland","4/10/20","27","39","24043","144.44"
"Wicomico","3","28","Maryland","4/10/20","7","21","24045","300"
"Worcester","2","16","Maryland","4/10/20","5","11","24047","220"
"Barnstable","21","464","Massachusetts","4/10/20","314","150","25001","47.77"
"Berkshire","13","329","Massachusetts","4/10/20","240","89","25003","37.08"
"Bristol","81","1086","Massachusetts","4/10/20","517","569","25005","110.06"
"Dukes and Nantucket","1","21","Massachusetts","4/10/20","16","5","00000","31.25"
"Essex","205","2670","Massachusetts","4/10/20","1238","1432","25009","115.67"
"Franklin","7","135","Massachusetts","4/10/20","89","46","25011","51.69"
"Hampden","105","1394","Massachusetts","4/10/20","661","733","25013","110.89"
"Hampshire","11","194","Massachusetts","4/10/20","114","80","25015","70.18"
"Middlesex","321","4447","Massachusetts","4/10/20","2202","2245","25017","101.95"
"Norfolk","167","2216","Massachusetts","4/10/20","1045","1171","25021","112.06"
"Plymouth","133","1677","Massachusetts","4/10/20","745","932","25023","125.1"
"Suffolk","336","4534","Massachusetts","4/10/20","2183","2351","25025","107.7"
"Worcester","122","1678","Massachusetts","4/10/20","825","853","25027","103.39"
"Allegan","2","24","Michigan","4/10/20","7","17","26005","242.86"
"Antrim","0","7","Michigan","4/10/20","5","2","26009","40"
"Arenac","0","4","Michigan","4/10/20","2","2","26011","100"
"Barry","0","9","Michigan","4/10/20","7","2","26015","28.57"
"Bay","5","53","Michigan","4/10/20","21","32","26017","152.38"
"Berrien","8","167","Michigan","4/10/20","108","59","26021","54.63"
"Branch","3","27","Michigan","4/10/20","6","21","26023","350"
"Calhoun","6","74","Michigan","4/10/20","34","40","26025","117.65"
"Cass","1","16","Michigan","4/10/20","10","6","26027","60"
"Charlevoix","1","10","Michigan","4/10/20","5","5","26029","100"
"Cheboygan","1","11","Michigan","4/10/20","7","4","26031","57.14"
"Chippewa","0","1","Michigan","4/10/20","1","0","26033","0"
"Clare","0","3","Michigan","4/10/20","2","1","26035","50"
"Clinton","6","94","Michigan","4/10/20","52","42","26037","80.77"
"Crawford","1","7","Michigan","4/10/20","1","6","26039","600"
"Delta","1","10","Michigan","4/10/20","5","5","26041","100"
"Dickinson","0","3","Michigan","4/10/20","1","2","26043","200"
"Eaton","3","72","Michigan","4/10/20","48","24","26045","50"
"Emmet","2","21","Michigan","4/10/20","7","14","26047","200"
"Genesee","60","850","Michigan","4/10/20","431","419","26049","97.22"
"Gladwin","0","4","Michigan","4/10/20","2","2","26051","100"
"Gogebic","0","4","Michigan","4/10/20","3","1","26053","33.33"
"Grand Traverse","1","17","Michigan","4/10/20","11","6","26055","54.55"
"Gratiot","0","7","Michigan","4/10/20","5","2","26057","40"
"Hillsdale","6","71","Michigan","4/10/20","26","45","26059","173.08"
"Houghton","0","1","Michigan","4/10/20","1","0","26061","0"
"Huron","1","9","Michigan","4/10/20","5","4","26063","80"
"Ingham","13","248","Michigan","4/10/20","158","90","26065","56.96"
"Ionia","1","14","Michigan","4/10/20","6","8","26067","133.33"
"Iosco","0","5","Michigan","4/10/20","2","3","26069","150"
"Isabella","5","48","Michigan","4/10/20","11","37","26073","336.36"
"Jackson","11","151","Michigan","4/10/20","77","74","26075","96.1"
"Kalamazoo","6","87","Michigan","4/10/20","45","42","26077","93.33"
"Kalkaska","1","12","Michigan","4/10/20","8","4","26079","50"
"Kent","18","269","Michigan","4/10/20","140","129","26081","92.14"
"Lake","0","1","Michigan","4/10/20","0","1","26085","1"
"Lapeer","10","93","Michigan","4/10/20","25","68","26087","272"
"Leelanau","0","4","Michigan","4/10/20","1","3","26089","300"
"Lenawee","3","45","Michigan","4/10/20","26","19","26091","73.08"
"Livingston","13","234","Michigan","4/10/20","142","92","26093","64.79"
"Luce","0","1","Michigan","4/10/20","1","0","26095","0"
"Mackinac","0","4","Michigan","4/10/20","2","2","26097","100"
"Macomb","202","2978","Michigan","4/10/20","1562","1416","26099","90.65"
"Manistee","1","10","Michigan","4/10/20","1","9","26101","900"
"Marquette","2","21","Michigan","4/10/20","7","14","26103","200"
"Mason","0","2","Michigan","4/10/20","1","1","26105","100"
"Mecosta","1","12","Michigan","4/10/20","4","8","26107","200"
"Menominee","0","1","Michigan","4/10/20","0","1","26109","1"
"Midland","3","39","Michigan","4/10/20","21","18","26111","85.71"
"Missaukee","0","1","Michigan","4/10/20","1","0","26113","0"
"Monroe","11","174","Michigan","4/10/20","95","79","26115","83.16"
"Montcalm","1","21","Michigan","4/10/20","13","8","26117","61.54"
"Muskegon","4","57","Michigan","4/10/20","30","27","26121","90"
"Newaygo","1","6","Michigan","4/10/20","2","4","26123","200"
"Oakland","296","4832","Michigan","4/10/20","2761","2071","26125","75.01"
"Oceana","0","3","Michigan","4/10/20","3","0","26127","0"
"Ogemaw","0","4","Michigan","4/10/20","3","1","26129","33.33"
"Osceola","0","5","Michigan","4/10/20","3","2","26133","66.67"
"Oscoda","0","3","Michigan","4/10/20","2","1","26135","50"
"Otsego","2","32","Michigan","4/10/20","20","12","26137","60"
"Ottawa","6","86","Michigan","4/10/20","46","40","26139","86.96"
"Out of MI","9","137","Michigan","4/10/20","74","63","80026","85.14"
"Presque Isle","0","2","Michigan","4/10/20","1","1","26141","100"
"Roscommon","1","8","Michigan","4/10/20","2","6","26143","300"
"Saginaw","21","240","Michigan","4/10/20","90","150","26145","166.67"
"Sanilac","2","24","Michigan","4/10/20","10","14","26151","140"
"Schoolcraft","0","1","Michigan","4/10/20","0","1","26153","1"
"Shiawassee","3","38","Michigan","4/10/20","20","18","26155","90"
"St. Clair","18","204","Michigan","4/10/20","77","127","26147","164.94"
"St. Joseph","1","20","Michigan","4/10/20","10","10","26149","100"
"Tuscola","4","42","Michigan","4/10/20","15","27","26157","180"
"Van Buren","2","29","Michigan","4/10/20","16","13","26159","81.25"
"Washtenaw","32","735","Michigan","4/10/20","513","222","26161","43.27"
"Wayne","641","10628","Michigan","4/10/20","6142","4486","26163","73.04"
"Wexford","1","8","Michigan","4/10/20","4","4","26165","100"
"Anoka","3","55","Minnesota","4/10/20","34","21","27003","61.76"
"Beltrami","0","5","Minnesota","4/10/20","4","1","27007","25"
"Benton","0","1","Minnesota","4/10/20","1","0","27009","0"
"Big Stone","0","1","Minnesota","4/10/20","1","0","27011","0"
"Blue Earth","2","22","Minnesota","4/10/20","10","12","27013","120"
"Brown","1","7","Minnesota","4/10/20","2","5","27015","250"
"Carlton","2","18","Minnesota","4/10/20","5","13","27017","260"
"Carver","0","12","Minnesota","4/10/20","10","2","27019","20"
"Cass","0","3","Minnesota","4/10/20","1","2","27021","200"
"Chisago","0","6","Minnesota","4/10/20","4","2","27025","50"
"Clay","3","29","Minnesota","4/10/20","8","21","27027","262.5"
"Clearwater","0","2","Minnesota","4/10/20","2","0","27029","0"
"Cottonwood","0","5","Minnesota","4/10/20","5","0","27033","0"
"Crow Wing","1","13","Minnesota","4/10/20","3","10","27035","333.33"
"Dakota","4","85","Minnesota","4/10/20","54","31","27037","57.41"
"Dodge","1","14","Minnesota","4/10/20","10","4","27039","40"
"Douglas","0","1","Minnesota","4/10/20","1","0","27041","0"
"Faribault","0","4","Minnesota","4/10/20","3","1","27043","33.33"
"Fillmore","0","10","Minnesota","4/10/20","9","1","27045","11.11"
"Freeborn","2","21","Minnesota","4/10/20","7","14","27047","200"
"Goodhue","1","14","Minnesota","4/10/20","5","9","27049","180"
"Hennepin","25","415","Minnesota","4/10/20","242","173","27053","71.49"
"Houston","0","1","Minnesota","4/10/20","0","1","27055","1"
"Isanti","0","4","Minnesota","4/10/20","2","2","27059","100"
"Itasca","0","2","Minnesota","4/10/20","2","0","27061","0"
"Jackson","0","1","Minnesota","4/10/20","1","0","27063","0"
"Kandiyohi","0","2","Minnesota","4/10/20","2","0","27067","0"
"Koochiching","0","1","Minnesota","4/10/20","1","0","27071","0"
"Lac qui Parle","0","1","Minnesota","4/10/20","1","0","27073","0"
"Le Sueur","0","20","Minnesota","4/10/20","19","1","27079","5.26"
"Lincoln","0","2","Minnesota","4/10/20","1","1","27081","100"
"Lyon","0","5","Minnesota","4/10/20","3","2","27083","66.67"
"Mahnomen","0","1","Minnesota","4/10/20","1","0","27087","0"
"Martin","1","36","Minnesota","4/10/20","32","4","27091","12.5"
"McLeod","0","2","Minnesota","4/10/20","0","2","27085","1"
"Meeker","0","2","Minnesota","4/10/20","1","1","27093","100"
"Mower","1","22","Minnesota","4/10/20","15","7","27099","46.67"
"Murray","0","1","Minnesota","4/10/20","0","1","27101","1"
"Nicollet","0","6","Minnesota","4/10/20","3","3","27103","100"
"Nobles","0","1","Minnesota","4/10/20","0","1","27105","1"
"Olmsted","7","126","Minnesota","4/10/20","76","50","27109","65.79"
"Otter Tail","0","3","Minnesota","4/10/20","1","2","27111","200"
"Pine","0","3","Minnesota","4/10/20","0","3","27115","1"
"Pipestone","0","1","Minnesota","4/10/20","0","1","27117","1"
"Polk","0","1","Minnesota","4/10/20","0","1","27119","1"
"Ramsey","8","124","Minnesota","4/10/20","71","53","27123","74.65"
"Redwood","0","1","Minnesota","4/10/20","0","1","27127","1"
"Renville","0","2","Minnesota","4/10/20","2","0","27129","0"
"Rice","0","4","Minnesota","4/10/20","3","1","27131","33.33"
"Roseau","0","1","Minnesota","4/10/20","0","1","27135","1"
"Scott","1","19","Minnesota","4/10/20","11","8","27139","72.73"
"Sherburne","0","9","Minnesota","4/10/20","8","1","27141","12.5"
"Sibley","0","1","Minnesota","4/10/20","1","0","27143","0"
"St. Louis","3","34","Minnesota","4/10/20","13","21","27137","161.54"
"Stearns","0","7","Minnesota","4/10/20","5","2","27145","40"
"Steele","0","9","Minnesota","4/10/20","6","3","27147","50"
"Swift","0","1","Minnesota","4/10/20","0","1","27151","1"
"Traverse","0","2","Minnesota","4/10/20","2","0","27155","0"
"Wabasha","0","6","Minnesota","4/10/20","6","0","27157","0"
"Waseca","0","3","Minnesota","4/10/20","3","0","27161","0"
"Washington","3","73","Minnesota","4/10/20","51","22","27163","43.14"
"Watonwan","0","4","Minnesota","4/10/20","3","1","27165","33.33"
"Wilkin","1","6","Minnesota","4/10/20","2","4","27167","200"
"Winona","2","26","Minnesota","4/10/20","11","15","27169","136.36"
"Wright","1","14","Minnesota","4/10/20","7","7","27171","100"
"Yellow Medicine","0","2","Minnesota","4/10/20","1","1","27173","100"
"Adams","4","42","Mississippi","4/10/20","14","28","28001","200"
"Alcorn","0","7","Mississippi","4/10/20","6","1","28003","16.67"
"Amite","1","10","Mississippi","4/10/20","5","5","28005","100"
"Attala","0","17","Mississippi","4/10/20","14","3","28007","21.43"
"Benton","0","5","Mississippi","4/10/20","5","0","28009","0"
"Bolivar","4","61","Mississippi","4/10/20","32","29","28011","90.62"
"Calhoun","1","13","Mississippi","4/10/20","4","9","28013","225"
"Carroll","0","7","Mississippi","4/10/20","5","2","28015","40"
"Chickasaw","1","21","Mississippi","4/10/20","15","6","28017","40"
"Choctaw","0","9","Mississippi","4/10/20","7","2","28019","28.57"
"Claiborne","0","3","Mississippi","4/10/20","1","2","28021","200"
"Clarke","1","13","Mississippi","4/10/20","4","9","28023","225"
"Clay","1","17","Mississippi","4/10/20","7","10","28025","142.86"
"Coahoma","2","37","Mississippi","4/10/20","26","11","28027","42.31"
"Copiah","3","30","Mississippi","4/10/20","11","19","28029","172.73"
"Covington","1","8","Mississippi","4/10/20","4","4","28031","100"
"DeSoto","7","158","Mississippi","4/10/20","111","47","28033","42.34"
"Forrest","7","76","Mississippi","4/10/20","30","46","28035","153.33"
"Franklin","1","9","Mississippi","4/10/20","3","6","28037","200"
"George","0","7","Mississippi","4/10/20","4","3","28039","75"
"Greene","0","1","Mississippi","4/10/20","0","1","28041","1"
"Grenada","1","10","Mississippi","4/10/20","4","6","28043","150"
"Hancock","1","37","Mississippi","4/10/20","28","9","28045","32.14"
"Harrison","4","99","Mississippi","4/10/20","69","30","28047","43.48"
"Hinds","11","219","Mississippi","4/10/20","139","80","28049","57.55"
"Holmes","3","39","Mississippi","4/10/20","16","23","28051","143.75"
"Humphreys","1","9","Mississippi","4/10/20","4","5","28053","125"
"Itawamba","1","8","Mississippi","4/10/20","3","5","28057","166.67"
"Jackson","9","135","Mississippi","4/10/20","75","60","28059","80"
"Jasper","1","10","Mississippi","4/10/20","3","7","28061","233.33"
"Jefferson","0","4","Mississippi","4/10/20","1","3","28063","300"
"Jefferson Davis","1","5","Mississippi","4/10/20","0","5","28065","1"
"Jones","2","25","Mississippi","4/10/20","8","17","28067","212.5"
"Kemper","1","14","Mississippi","4/10/20","4","10","28069","250"
"Lafayette","1","28","Mississippi","4/10/20","21","7","28071","33.33"
"Lamar","3","28","Mississippi","4/10/20","9","19","28073","211.11"
"Lauderdale","10","118","Mississippi","4/10/20","50","68","28075","136"
"Lawrence","0","7","Mississippi","4/10/20","5","2","28077","40"
"Leake","2","22","Mississippi","4/10/20","7","15","28079","214.29"
"Lee","2","41","Mississippi","4/10/20","26","15","28081","57.69"
"Leflore","3","43","Mississippi","4/10/20","21","22","28083","104.76"
"Lincoln","4","41","Mississippi","4/10/20","14","27","28085","192.86"
"Lowndes","1","19","Mississippi","4/10/20","12","7","28087","58.33"
"Madison","4","95","Mississippi","4/10/20","65","30","28089","46.15"
"Marion","2","17","Mississippi","4/10/20","5","12","28091","240"
"Marshall","1","28","Mississippi","4/10/20","19","9","28093","47.37"
"Monroe","2","25","Mississippi","4/10/20","12","13","28095","108.33"
"Montgomery","1","14","Mississippi","4/10/20","10","4","28097","40"
"Neshoba","2","21","Mississippi","4/10/20","5","16","28099","320"
"Newton","1","10","Mississippi","4/10/20","4","6","28101","150"
"Noxubee","0","6","Mississippi","4/10/20","5","1","28103","20"
"Oktibbeha","2","36","Mississippi","4/10/20","23","13","28105","56.52"
"Panola","2","22","Mississippi","4/10/20","8","14","28107","175"
"Pearl River","5","77","Mississippi","4/10/20","41","36","28109","87.8"
"Perry","1","15","Mississippi","4/10/20","11","4","28111","36.36"
"Pike","3","39","Mississippi","4/10/20","21","18","28113","85.71"
"Pontotoc","0","14","Mississippi","4/10/20","11","3","28115","27.27"
"Prentiss","0","12","Mississippi","4/10/20","9","3","28117","33.33"
"Quitman","1","12","Mississippi","4/10/20","4","8","28119","200"
"Rankin","3","88","Mississippi","4/10/20","64","24","28121","37.5"
"Scott","4","47","Mississippi","4/10/20","17","30","28123","176.47"
"Sharkey","0","3","Mississippi","4/10/20","2","1","28125","50"
"Simpson","0","7","Mississippi","4/10/20","5","2","28127","40"
"Smith","2","17","Mississippi","4/10/20","6","11","28129","183.33"
"Stone","1","5","Mississippi","4/10/20","0","5","28131","1"
"Sunflower","3","34","Mississippi","4/10/20","13","21","28133","161.54"
"Tallahatchie","0","3","Mississippi","4/10/20","2","1","28135","50"
"Tate","1","22","Mississippi","4/10/20","13","9","28137","69.23"
"Tippah","2","42","Mississippi","4/10/20","30","12","28139","40"
"Tishomingo","0","2","Mississippi","4/10/20","1","1","28141","100"
"Tunica","1","18","Mississippi","4/10/20","14","4","28143","28.57"
"Union","0","7","Mississippi","4/10/20","5","2","28145","40"
"Walthall","1","16","Mississippi","4/10/20","11","5","28147","45.45"
"Warren","1","12","Mississippi","4/10/20","2","10","28149","500"
"Washington","2","48","Mississippi","4/10/20","31","17","28151","54.84"
"Wayne","1","7","Mississippi","4/10/20","1","6","28153","600"
"Webster","1","13","Mississippi","4/10/20","8","5","28155","62.5"
"Wilkinson","3","40","Mississippi","4/10/20","22","18","28157","81.82"
"Winston","1","17","Mississippi","4/10/20","11","6","28159","54.55"
"Yalobusha","1","11","Mississippi","4/10/20","7","4","28161","57.14"
"Yazoo","6","55","Mississippi","4/10/20","13","42","28163","323.08"
"Adair","1","11","Missouri","4/10/20","6","5","29001","83.33"
"Atchison","0","1","Missouri","4/10/20","1","0","29005","0"
"Barry","0","2","Missouri","4/10/20","1","1","29009","100"
"Bates","1","6","Missouri","4/10/20","2","4","29013","200"
"Benton","0","3","Missouri","4/10/20","3","0","29015","0"
"Bollinger","0","3","Missouri","4/10/20","1","2","29017","200"
"Boone","1","78","Missouri","4/10/20","69","9","29019","13.04"
"Buchanan","2","20","Missouri","4/10/20","8","12","29021","150"
"Butler","1","10","Missouri","4/10/20","1","9","29023","900"
"Caldwell","0","1","Missouri","4/10/20","1","0","29025","0"
"Callaway","0","21","Missouri","4/10/20","18","3","29027","16.67"
"Camden","1","26","Missouri","4/10/20","19","7","29029","36.84"
"Cape Girardeau","2","26","Missouri","4/10/20","15","11","29031","73.33"
"Carter","0","3","Missouri","4/10/20","4","-1","29035","-25"
"Cass","1","27","Missouri","4/10/20","21","6","29037","28.57"
"Cedar","0","5","Missouri","4/10/20","5","0","29039","0"
"Chariton","0","4","Missouri","4/10/20","4","0","29041","0"
"Christian","1","17","Missouri","4/10/20","12","5","29043","41.67"
"Clark","0","1","Missouri","4/10/20","0","1","29045","1"
"Clay","3","42","Missouri","4/10/20","23","19","29047","82.61"
"Clinton","1","10","Missouri","4/10/20","6","4","29049","66.67"
"Cole","1","35","Missouri","4/10/20","25","10","29051","40"
"Cooper","0","3","Missouri","4/10/20","2","1","29053","50"
"Crawford","0","4","Missouri","4/10/20","1","3","29055","300"
"Dallas","0","2","Missouri","4/10/20","0","2","29059","1"
"DeKalb","0","3","Missouri","4/10/20","1","2","29063","200"
"Dunklin","1","12","Missouri","4/10/20","6","6","29069","100"
"Franklin","7","68","Missouri","4/10/20","19","49","29071","257.89"
"Gasconade","0","2","Missouri","4/10/20","1","1","29073","100"
"Gentry","0","1","Missouri","4/10/20","0","1","29075","1"
"Greene","3","76","Missouri","4/10/20","54","22","29077","40.74"
"Harrison","1","6","Missouri","4/10/20","2","4","29081","200"
"Henry","0","2","Missouri","4/10/20","1","1","29083","100"
"Howard","0","1","Missouri","4/10/20","0","1","29089","1"
"Howell","0","4","Missouri","4/10/20","1","3","29091","300"
"Jackson","14","199","Missouri","4/10/20","103","96","29095","93.2"
"Jasper","2","20","Missouri","4/10/20","9","11","29097","122.22"
"Jefferson","9","107","Missouri","4/10/20","47","60","29099","127.66"
"Johnson","1","36","Missouri","4/10/20","26","10","29101","38.46"
"Kansas City","23","300","Missouri","4/10/20","139","161","00000","115.83"
"Lafayette","1","28","Missouri","4/10/20","20","8","29107","40"
"Lincoln","2","26","Missouri","4/10/20","12","14","29113","116.67"
"Linn","0","3","Missouri","4/10/20","0","3","29115","1"
"Livingston","0","1","Missouri","4/10/20","1","0","29117","0"
"Macon","0","2","Missouri","4/10/20","3","-1","29121","-33.33"
"Madison","0","1","Missouri","4/10/20","0","1","29123","1"
"Maries","0","2","Missouri","4/10/20","2","0","29125","0"
"McDonald","0","4","Missouri","4/10/20","2","2","29119","100"
"Moniteau","0","4","Missouri","4/10/20","2","2","29135","100"
"Montgomery","1","6","Missouri","4/10/20","2","4","29139","200"
"Morgan","0","1","Missouri","4/10/20","1","0","29141","0"
"New Madrid","1","6","Missouri","4/10/20","1","5","29143","500"
"Newton","0","7","Missouri","4/10/20","6","1","29145","16.67"
"Nodaway","0","2","Missouri","4/10/20","1","1","29147","100"
"Oregon","0","1","Missouri","4/10/20","0","1","29149","1"
"Osage","0","4","Missouri","4/10/20","2","2","29151","100"
"Pemiscot","0","4","Missouri","4/10/20","3","1","29155","33.33"
"Perry","2","31","Missouri","4/10/20","19","12","29157","63.16"
"Pettis","0","4","Missouri","4/10/20","1","3","29159","300"
"Phelps","0","1","Missouri","4/10/20","0","1","29161","1"
"Pike","0","5","Missouri","4/10/20","2","3","29163","150"
"Platte","2","25","Missouri","4/10/20","13","12","29165","92.31"
"Polk","0","1","Missouri","4/10/20","0","1","29167","1"
"Pulaski","0","11","Missouri","4/10/20","8","3","29169","37.5"
"Ralls","0","1","Missouri","4/10/20","1","0","29173","0"
"Randolph","1","8","Missouri","4/10/20","2","6","29175","300"
"Ray","1","7","Missouri","4/10/20","1","6","29177","600"
"Reynolds","0","2","Missouri","4/10/20","2","0","29179","0"
"Ripley","0","3","Missouri","4/10/20","2","1","29181","50"
"Saline","3","18","Missouri","4/10/20","0","18","29195","1"
"Scotland","0","2","Missouri","4/10/20","0","2","29199","1"
"Scott","1","13","Missouri","4/10/20","6","7","29201","116.67"
"Shelby","0","1","Missouri","4/10/20","1","0","29205","0"
"St. Charles","31","325","Missouri","4/10/20","105","220","29183","209.52"
"St. Clair","0","2","Missouri","4/10/20","0","2","29185","1"
"St. Francois","2","20","Missouri","4/10/20","9","11","29187","122.22"
"St. Louis","115","1721","Missouri","4/10/20","914","807","29189","88.29"
"St. Louis City","42","594","Missouri","4/10/20","297","297","29510","100"
"Ste. Genevieve","0","6","Missouri","4/10/20","3","3","29186","100"
"Stoddard","1","9","Missouri","4/10/20","3","6","29207","200"
"Stone","0","4","Missouri","4/10/20","2","2","29209","100"
"Taney","1","7","Missouri","4/10/20","2","5","29213","250"
"Texas","0","0","Missouri","4/10/20","1","-1","29215","-100"
"Vernon","0","3","Missouri","4/10/20","0","3","29217","1"
"Warren","1","13","Missouri","4/10/20","7","6","29219","85.71"
"Washington","0","1","Missouri","4/10/20","0","1","29221","1"
"Webster","0","3","Missouri","4/10/20","2","1","29225","50"
"Worth","0","1","Missouri","4/10/20","0","1","29227","1"
"Wright","0","7","Missouri","4/10/20","6","1","29229","16.67"
"Beaverhead","0","1","Montana","4/10/20","0","1","30001","1"
"Big Horn","0","1","Montana","4/10/20","0","1","30003","1"
"Broadwater","0","4","Montana","4/10/20","3","1","30007","33.33"
"Carbon","1","6","Montana","4/10/20","1","5","30009","500"
"Cascade","0","12","Montana","4/10/20","11","1","30013","9.09"
"Deer Lodge","0","3","Montana","4/10/20","3","0","30023","0"
"Flathead","2","34","Montana","4/10/20","18","16","30029","88.89"
"Gallatin","6","134","Montana","4/10/20","93","41","30031","44.09"
"Glacier","0","3","Montana","4/10/20","1","2","30035","200"
"Hill","0","1","Montana","4/10/20","1","0","30041","0"
"Jefferson","0","2","Montana","4/10/20","2","0","30043","0"
"Lake","0","5","Montana","4/10/20","4","1","30047","25"
"Lewis and Clark","0","16","Montana","4/10/20","13","3","30049","23.08"
"Liberty","0","1","Montana","4/10/20","1","0","30051","0"
"Lincoln","0","7","Montana","4/10/20","6","1","30053","16.67"
"Madison","0","8","Montana","4/10/20","6","2","30057","33.33"
"Meagher","0","1","Montana","4/10/20","1","0","30059","0"
"Missoula","1","26","Montana","4/10/20","17","9","30063","52.94"
"Musselshell","0","1","Montana","4/10/20","1","0","30065","0"
"Park","0","7","Montana","4/10/20","6","1","30067","16.67"
"Ravalli","0","3","Montana","4/10/20","1","2","30081","200"
"Richland","0","2","Montana","4/10/20","0","2","30083","1"
"Roosevelt","0","2","Montana","4/10/20","1","1","30085","100"
"Silver Bow","0","11","Montana","4/10/20","11","0","30093","0"
"Stillwater","0","1","Montana","4/10/20","0","1","30095","1"
"Toole","2","18","Montana","4/10/20","6","12","30101","200"
"Yellowstone","3","55","Montana","4/10/20","36","19","30111","52.78"
"Adams","5","38","Nebraska","4/10/20","6","32","31001","533.33"
"Antelope","0","1","Nebraska","4/10/20","1","0","31003","0"
"Buffalo","3","31","Nebraska","4/10/20","9","22","31019","244.44"
"Burt","0","1","Nebraska","4/10/20","0","1","31021","1"
"Cass","0","3","Nebraska","4/10/20","2","1","31025","50"
"Cherry","0","1","Nebraska","4/10/20","0","1","31031","1"
"Cheyenne","0","1","Nebraska","4/10/20","0","1","31033","1"
"Colfax","0","3","Nebraska","4/10/20","1","2","31037","200"
"Cuming","0","2","Nebraska","4/10/20","1","1","31039","100"
"Custer","0","3","Nebraska","4/10/20","0","3","31041","1"
"Dawson","0","3","Nebraska","4/10/20","1","2","31047","200"
"Dodge","0","7","Nebraska","4/10/20","5","2","31053","40"
"Douglas","13","214","Nebraska","4/10/20","124","90","31055","72.58"
"Gage","3","24","Nebraska","4/10/20","2","22","31067","1100"
"Gosper","0","1","Nebraska","4/10/20","1","0","31073","0"
"Hall","13","116","Nebraska","4/10/20","26","90","31079","346.15"
"Hamilton","1","9","Nebraska","4/10/20","3","6","31081","200"
"Johnson","0","1","Nebraska","4/10/20","0","1","31097","1"
"Kearney","0","3","Nebraska","4/10/20","1","2","31099","200"
"Kimball","1","9","Nebraska","4/10/20","5","4","31105","80"
"Knox","0","2","Nebraska","4/10/20","2","0","31107","0"
"Lancaster","5","49","Nebraska","4/10/20","14","35","31109","250"
"Lincoln","0","17","Nebraska","4/10/20","14","3","31111","21.43"
"Madison","0","6","Nebraska","4/10/20","5","1","31119","20"
"Merrick","0","2","Nebraska","4/10/20","0","2","31121","1"
"Nemaha","0","1","Nebraska","4/10/20","1","0","31127","0"
"Otoe","0","1","Nebraska","4/10/20","1","0","31131","0"
"Phelps","0","1","Nebraska","4/10/20","0","1","31137","1"
"Platte","0","5","Nebraska","4/10/20","3","2","31141","66.67"
"Polk","0","1","Nebraska","4/10/20","0","1","31143","1"
"Sarpy","2","39","Nebraska","4/10/20","24","15","31153","62.5"
"Saunders","0","4","Nebraska","4/10/20","3","1","31155","33.33"
"Scotts Bluff","1","10","Nebraska","4/10/20","3","7","31157","233.33"
"Seward","0","1","Nebraska","4/10/20","0","1","31159","1"
"Stanton","0","1","Nebraska","4/10/20","0","1","31167","1"
"Washington","0","20","Nebraska","4/10/20","19","1","31177","5.26"
"Webster","0","1","Nebraska","4/10/20","0","1","31181","1"
"York","0","3","Nebraska","4/10/20","1","2","31185","200"
"Carson City","1","15","Nevada","4/10/20","5","10","32510","200"
"Clark","124","2144","Nevada","4/10/20","1279","865","32003","67.63"
"Douglas","0","9","Nevada","4/10/20","7","2","32005","28.57"
"Elko","1","11","Nevada","4/10/20","7","4","32007","57.14"
"Humboldt","1","16","Nevada","4/10/20","7","9","32013","128.57"
"Lincoln","0","1","Nevada","4/10/20","0","1","32017","1"
"Lyon","1","6","Nevada","4/10/20","2","4","32019","200"
"Nye","1","10","Nevada","4/10/20","6","4","32023","66.67"
"Washoe","26","363","Nevada","4/10/20","184","179","32031","97.28"
"White Pine","0","1","Nevada","4/10/20","1","0","32033","0"
"Belknap","1","21","New Hampshire","4/10/20","13","8","33001","61.54"
"Carroll","1","23","New Hampshire","4/10/20","14","9","33003","64.29"
"Cheshire","1","14","New Hampshire","4/10/20","8","6","33005","75"
"Coos","0","1","New Hampshire","4/10/20","0","1","33007","1"
"Grafton","1","43","New Hampshire","4/10/20","38","5","33009","13.16"
"Hillsborough","20","303","New Hampshire","4/10/20","163","140","33011","85.89"
"Merrimack","4","60","New Hampshire","4/10/20","33","27","33013","81.82"
"Rockingham","14","268","New Hampshire","4/10/20","170","98","33015","57.65"
"Strafford","2","48","New Hampshire","4/10/20","35","13","33017","37.14"
"Sullivan","0","6","New Hampshire","4/10/20","5","1","33019","20"
"Atlantic","20","211","New Jersey","4/10/20","72","139","34001","193.06"
"Bergen","580","8928","New Jersey","4/10/20","4866","4062","34003","83.48"
"Burlington","84","954","New Jersey","4/10/20","367","587","34005","159.95"
"Camden","95","1072","New Jersey","4/10/20","406","666","34007","164.04"
"Cape May","10","116","New Jersey","4/10/20","44","72","34009","163.64"
"Cumberland","15","138","New Jersey","4/10/20","36","102","34011","283.33"
"Essex","502","6580","New Jersey","4/10/20","3067","3513","34013","114.54"
"Gloucester","38","447","New Jersey","4/10/20","183","264","34015","144.26"
"Hudson","511","6411","New Jersey","4/10/20","2835","3576","34017","126.14"
"Hunterdon","21","293","New Jersey","4/10/20","148","145","34019","97.97"
"Mercer","114","1282","New Jersey","4/10/20","484","798","34021","164.88"
"Middlesex","419","5060","New Jersey","4/10/20","2125","2935","34023","138.12"
"Monmouth","250","3496","New Jersey","4/10/20","1743","1753","34025","100.57"
"Morris","210","2771","New Jersey","4/10/20","1298","1473","34027","113.48"
"Ocean","226","3269","New Jersey","4/10/20","1685","1584","34029","94.01"
"Passaic","400","5017","New Jersey","4/10/20","2216","2801","34031","126.4"
"Salem","3","46","New Jersey","4/10/20","25","21","34033","84"
"Somerset","126","1523","New Jersey","4/10/20","641","882","34035","137.6"
"Sussex","29","413","New Jersey","4/10/20","210","203","34037","96.67"
"Union","441","5575","New Jersey","4/10/20","2487","3088","34039","124.17"
"Warren","27","337","New Jersey","4/10/20","149","188","34041","126.17"
"Bernalillo","29","407","New Mexico","4/10/20","202","205","35001","101.49"
"Catron","0","1","New Mexico","4/10/20","0","1","35003","1"
"Chaves","1","18","New Mexico","4/10/20","13","5","35005","38.46"
"Cibola","2","24","New Mexico","4/10/20","8","16","35006","200"
"Colfax","0","1","New Mexico","4/10/20","0","1","35007","1"
"Curry","0","9","New Mexico","4/10/20","6","3","35009","50"
"Dona Ana","3","44","New Mexico","4/10/20","23","21","35013","91.3"
"Eddy","0","6","New Mexico","4/10/20","4","2","35015","50"
"Grant","1","7","New Mexico","4/10/20","1","6","35017","600"
"Lea","0","2","New Mexico","4/10/20","2","0","35025","0"
"Lincoln","0","1","New Mexico","4/10/20","0","1","35027","1"
"Los Alamos","1","4","New Mexico","4/10/20","0","4","35028","1"
"McKinley","12","113","New Mexico","4/10/20","31","82","35031","264.52"
"Otero","0","3","New Mexico","4/10/20","1","2","35035","200"
"Rio Arriba","0","7","New Mexico","4/10/20","5","2","35039","40"
"Roosevelt","0","1","New Mexico","4/10/20","1","0","35041","0"
"San Juan","13","142","New Mexico","4/10/20","50","92","35045","184"
"San Miguel","0","1","New Mexico","4/10/20","1","0","35047","0"
"Sandoval","16","177","New Mexico","4/10/20","66","111","35043","168.18"
"Santa Fe","3","70","New Mexico","4/10/20","48","22","35049","45.83"
"Socorro","1","9","New Mexico","4/10/20","4","5","35053","125"
"Taos","0","15","New Mexico","4/10/20","13","2","35055","15.38"
"Torrance","1","8","New Mexico","4/10/20","3","5","35057","166.67"
"Valencia","1","11","New Mexico","4/10/20","5","6","35061","120"
"Albany","23","426","New York","4/10/20","267","159","36001","59.55"
"Allegany","2","26","New York","4/10/20","14","12","36003","85.71"
"Broome","8","112","New York","4/10/20","56","56","36007","100"
"Cattaraugus","1","18","New York","4/10/20","9","9","36009","100"
"Cayuga","3","27","New York","4/10/20","6","21","36011","350"
"Chautauqua","2","22","New York","4/10/20","9","13","36013","144.44"
"Chemung","3","59","New York","4/10/20","35","24","36015","68.57"
"Chenango","4","60","New York","4/10/20","32","28","36017","87.5"
"Clinton","2","43","New York","4/10/20","30","13","36019","43.33"
"Columbia","5","84","New York","4/10/20","51","33","36021","64.71"
"Cortland","0","17","New York","4/10/20","14","3","36023","21.43"
"Delaware","2","39","New York","4/10/20","24","15","36025","62.5"
"Dutchess","113","1598","New York","4/10/20","809","789","36027","97.53"
"Erie","109","1498","New York","4/10/20","734","764","36029","104.09"
"Essex","0","10","New York","4/10/20","7","3","36031","42.86"
"Franklin","0","11","New York","4/10/20","10","1","36033","10"
"Fulton","2","18","New York","4/10/20","6","12","36035","200"
"Genesee","7","65","New York","4/10/20","17","48","36037","282.35"
"Greene","2","34","New York","4/10/20","23","11","36039","47.83"
"Hamilton","0","3","New York","4/10/20","2","1","36041","50"
"Herkimer","3","36","New York","4/10/20","14","22","36043","157.14"
"Jefferson","4","43","New York","4/10/20","18","25","36045","138.89"
"Lewis","1","6","New York","4/10/20","2","4","36049","200"
"Livingston","2","29","New York","4/10/20","18","11","36051","61.11"
"Madison","4","102","New York","4/10/20","77","25","36053","32.47"
"Monroe","40","742","New York","4/10/20","464","278","36055","59.91"
"Montgomery","3","29","New York","4/10/20","10","19","36057","190"
"Nassau","1355","21512","New York","4/10/20","12024","9488","36059","78.91"
"New York","5032","92384","New York","4/10/20","57159","35225","36061","61.63"
"Niagara","9","156","New York","4/10/20","94","62","36063","65.96"
"Oneida","14","172","New York","4/10/20","71","101","36065","142.25"
"Onondaga","19","456","New York","4/10/20","322","134","36067","41.61"
"Ontario","3","51","New York","4/10/20","28","23","36069","82.14"
"Orange","305","4532","New York","4/10/20","2397","2135","36071","89.07"
"Orleans","3","24","New York","4/10/20","6","18","36073","300"
"Oswego","1","36","New York","4/10/20","28","8","36075","28.57"
"Otsego","3","41","New York","4/10/20","21","20","36077","95.24"
"Putnam","34","487","New York","4/10/20","252","235","36079","93.25"
"Rensselaer","5","102","New York","4/10/20","67","35","36083","52.24"
"Rockland","405","7122","New York","4/10/20","4289","2833","36087","66.05"
"Saratoga","6","182","New York","4/10/20","141","41","36091","29.08"
"Schenectady","12","191","New York","4/10/20","110","81","36093","73.64"
"Schoharie","0","12","New York","4/10/20","11","1","36095","9.09"
"Schuyler","0","5","New York","4/10/20","3","2","36097","66.67"
"Seneca","1","15","New York","4/10/20","6","9","36099","150"
"St. Lawrence","6","82","New York","4/10/20","43","39","36089","90.7"
"Steuben","10","117","New York","4/10/20","46","71","36101","154.35"
"Suffolk","1452","20320","New York","4/10/20","10154","10166","36103","100.12"
"Sullivan","21","318","New York","4/10/20","168","150","36105","89.29"
"Tioga","1","18","New York","4/10/20","8","10","36107","125"
"Tompkins","3","107","New York","4/10/20","87","20","36109","22.99"
"Ulster","38","530","New York","4/10/20","263","267","36111","101.52"
"Warren","3","43","New York","4/10/20","19","24","36113","126.32"
"Washington","2","26","New York","4/10/20","15","11","36115","73.33"
"Wayne","2","41","New York","4/10/20","30","11","36117","36.67"
"Westchester","818","18077","New York","4/10/20","12351","5726","36119","46.36"
"Wyoming","2","30","New York","4/10/20","15","15","36121","100"
"Yates","0","2","New York","4/10/20","1","1","36123","100"
"Alamance","3","33","North Carolina","4/10/20","14","19","37001","135.71"
"Alexander","0","2","North Carolina","4/10/20","2","0","37003","0"
"Alleghany","0","2","North Carolina","4/10/20","2","0","37005","0"
"Anson","1","9","North Carolina","4/10/20","3","6","37007","200"
"Ashe","0","3","North Carolina","4/10/20","1","2","37009","200"
"Beaufort","1","12","North Carolina","4/10/20","8","4","37013","50"
"Bertie","1","12","North Carolina","4/10/20","6","6","37015","100"
"Bladen","0","1","North Carolina","4/10/20","1","0","37017","0"
"Brunswick","1","30","North Carolina","4/10/20","23","7","37019","30.43"
"Buncombe","1","36","North Carolina","4/10/20","31","5","37021","16.13"
"Burke","5","44","North Carolina","4/10/20","10","34","37023","340"
"Cabarrus","5","94","North Carolina","4/10/20","58","36","37025","62.07"
"Caldwell","2","14","North Carolina","4/10/20","3","11","37027","366.67"
"Carteret","1","20","North Carolina","4/10/20","16","4","37031","25"
"Caswell","0","3","North Carolina","4/10/20","1","2","37033","200"
"Catawba","1","29","North Carolina","4/10/20","20","9","37035","45"
"Chatham","1","26","North Carolina","4/10/20","19","7","37037","36.84"
"Cherokee","0","10","North Carolina","4/10/20","11","-1","37039","-9.09"
"Chowan","0","2","North Carolina","4/10/20","1","1","37041","100"
"Clay","0","3","North Carolina","4/10/20","3","0","37043","0"
"Cleveland","3","32","North Carolina","4/10/20","10","22","37045","220"
"Columbus","2","20","North Carolina","4/10/20","5","15","37047","300"
"Craven","1","23","North Carolina","4/10/20","13","10","37049","76.92"
"Cumberland","6","75","North Carolina","4/10/20","35","40","37051","114.29"
"Currituck","0","3","North Carolina","4/10/20","2","1","37053","50"
"Dare","1","13","North Carolina","4/10/20","3","10","37055","333.33"
"Davidson","4","81","North Carolina","4/10/20","51","30","37057","58.82"
"Davie","1","21","North Carolina","4/10/20","12","9","37059","75"
"Duplin","1","12","North Carolina","4/10/20","4","8","37061","200"
"Durham","14","259","North Carolina","4/10/20","159","100","37063","62.89"
"Edgecombe","2","18","North Carolina","4/10/20","4","14","37065","350"
"Forsyth","4","111","North Carolina","4/10/20","80","31","37067","38.75"
"Franklin","3","33","North Carolina","4/10/20","13","20","37069","153.85"
"Gaston","5","73","North Carolina","4/10/20","39","34","37071","87.18"
"Gates","0","4","North Carolina","4/10/20","1","3","37073","300"
"Granville","9","87","North Carolina","4/10/20","22","65","37077","295.45"
"Greene","1","10","North Carolina","4/10/20","5","5","37079","100"
"Guilford","6","127","North Carolina","4/10/20","88","39","37081","44.32"
"Halifax","2","20","North Carolina","4/10/20","7","13","37083","185.71"
"Harnett","2","35","North Carolina","4/10/20","19","16","37085","84.21"
"Haywood","0","3","North Carolina","4/10/20","2","1","37087","50"
"Henderson","5","58","North Carolina","4/10/20","22","36","37089","163.64"
"Hertford","0","5","North Carolina","4/10/20","4","1","37091","25"
"Hoke","1","16","North Carolina","4/10/20","9","7","37093","77.78"
"Iredell","4","63","North Carolina","4/10/20","36","27","37097","75"
"Jackson","0","3","North Carolina","4/10/20","2","1","37099","50"
"Johnston","8","80","North Carolina","4/10/20","25","55","37101","220"
"Jones","0","3","North Carolina","4/10/20","0","3","37103","1"
"Lee","0","4","North Carolina","4/10/20","3","1","37105","33.33"
"Lenoir","1","14","North Carolina","4/10/20","7","7","37107","100"
"Lincoln","1","13","North Carolina","4/10/20","9","4","37109","44.44"
"Macon","0","2","North Carolina","4/10/20","1","1","37113","100"
"Martin","0","5","North Carolina","4/10/20","3","2","37117","66.67"
"McDowell","1","16","North Carolina","4/10/20","8","8","37111","100"
"Mecklenburg","44","906","North Carolina","4/10/20","601","305","37119","50.75"
"Mitchell","0","3","North Carolina","4/10/20","1","2","37121","200"
"Montgomery","1","13","North Carolina","4/10/20","8","5","37123","62.5"
"Moore","9","74","North Carolina","4/10/20","11","63","37125","572.73"
"Nash","2","29","North Carolina","4/10/20","16","13","37127","81.25"
"New Hanover","2","55","North Carolina","4/10/20","42","13","37129","30.95"
"Northampton","3","57","North Carolina","4/10/20","36","21","37131","58.33"
"Onslow","3","28","North Carolina","4/10/20","10","18","37133","180"
"Orange","9","104","North Carolina","4/10/20","44","60","37135","136.36"
"Pamlico","0","4","North Carolina","4/10/20","3","1","37137","33.33"
"Pasquotank","1","11","North Carolina","4/10/20","7","4","37139","57.14"
"Pender","0","4","North Carolina","4/10/20","1","3","37141","300"
"Perquimans","0","3","North Carolina","4/10/20","1","2","37143","200"
"Person","1","8","North Carolina","4/10/20","2","6","37145","300"
"Pitt","4","60","North Carolina","4/10/20","33","27","37147","81.82"
"Polk","0","8","North Carolina","4/10/20","6","2","37149","33.33"
"Randolph","4","46","North Carolina","4/10/20","19","27","37151","142.11"
"Richmond","1","5","North Carolina","4/10/20","0","5","37153","1"
"Robeson","1","7","North Carolina","4/10/20","3","4","37155","133.33"
"Rockingham","1","10","North Carolina","4/10/20","3","7","37157","233.33"
"Rowan","5","75","North Carolina","4/10/20","37","38","37159","102.7"
"Rutherford","3","31","North Carolina","4/10/20","12","19","37161","158.33"
"Sampson","1","10","North Carolina","4/10/20","2","8","37163","400"
"Scotland","0","4","North Carolina","4/10/20","2","2","37165","100"
"Stanly","1","11","North Carolina","4/10/20","7","4","37167","57.14"
"Stokes","0","8","North Carolina","4/10/20","5","3","37169","60"
"Surry","1","10","North Carolina","4/10/20","2","8","37171","400"
"Swain","0","1","North Carolina","4/10/20","0","1","37173","1"
"Transylvania","0","6","North Carolina","4/10/20","5","1","37175","20"
"Union","6","100","North Carolina","4/10/20","60","40","37179","66.67"
"Vance","2","19","North Carolina","4/10/20","7","12","37181","171.43"
"Wake","17","391","North Carolina","4/10/20","275","116","37183","42.18"
"Warren","0","3","North Carolina","4/10/20","1","2","37185","200"
"Washington","1","13","North Carolina","4/10/20","3","10","37187","333.33"
"Watauga","0","8","North Carolina","4/10/20","8","0","37189","0"
"Wayne","6","52","North Carolina","4/10/20","11","41","37191","372.73"
"Wilkes","0","4","North Carolina","4/10/20","4","0","37193","0"
"Wilson","4","47","North Carolina","4/10/20","21","26","37195","123.81"
"Yadkin","1","10","North Carolina","4/10/20","6","4","37197","66.67"
"Barnes","0","2","North Dakota","4/10/20","2","0","38003","0"
"Bowman","0","1","North Dakota","4/10/20","0","1","38011","1"
"Burke","0","2","North Dakota","4/10/20","2","0","38013","0"
"Burleigh","2","48","North Dakota","4/10/20","32","16","38015","50"
"Cass","6","88","North Dakota","4/10/20","46","42","38017","91.3"
"Divide","0","1","North Dakota","4/10/20","1","0","38023","0"
"Dunn","0","2","North Dakota","4/10/20","1","1","38025","100"
"Eddy","0","1","North Dakota","4/10/20","1","0","38027","0"
"Emmons","0","1","North Dakota","4/10/20","0","1","38029","1"
"Foster","0","1","North Dakota","4/10/20","1","0","38031","0"
"Grand Forks","1","11","North Dakota","4/10/20","6","5","38035","83.33"
"Grant","0","1","North Dakota","4/10/20","1","0","38037","0"
"McHenry","0","1","North Dakota","4/10/20","1","0","38049","0"
"McIntosh","0","1","North Dakota","4/10/20","1","0","38051","0"
"McKenzie","1","6","North Dakota","4/10/20","2","4","38053","200"
"McLean","0","2","North Dakota","4/10/20","2","0","38055","0"
"Morton","0","19","North Dakota","4/10/20","16","3","38059","18.75"
"Mountrail","1","20","North Dakota","4/10/20","11","9","38061","81.82"
"Oliver","0","1","North Dakota","4/10/20","1","0","38065","0"
"Pierce","0","2","North Dakota","4/10/20","2","0","38069","0"
"Ramsey","0","3","North Dakota","4/10/20","3","0","38071","0"
"Richland","0","1","North Dakota","4/10/20","0","1","38077","1"
"Sargent","0","1","North Dakota","4/10/20","0","1","38081","1"
"Sioux","0","1","North Dakota","4/10/20","1","0","38085","0"
"Slope","0","3","North Dakota","4/10/20","1","2","38087","200"
"Stark","1","29","North Dakota","4/10/20","19","10","38089","52.63"
"Stutsman","0","1","North Dakota","4/10/20","0","1","38093","1"
"Walsh","0","3","North Dakota","4/10/20","1","2","38099","200"
"Ward","1","19","North Dakota","4/10/20","14","5","38101","35.71"
"Williams","0","6","North Dakota","4/10/20","5","1","38105","20"
"","0","11","Northern Mariana Islands","4/10/20","8","3",,"37.5"
"Adams","0","3","Ohio","4/10/20","0","3","39001","1"
"Allen","2","24","Ohio","4/10/20","12","12","39003","100"
"Ashland","0","5","Ohio","4/10/20","4","1","39005","25"
"Ashtabula","1","19","Ohio","4/10/20","9","10","39007","111.11"
"Athens","0","3","Ohio","4/10/20","3","0","39009","0"
"Auglaize","1","9","Ohio","4/10/20","4","5","39011","125"
"Belmont","4","42","Ohio","4/10/20","14","28","39013","200"
"Brown","0","4","Ohio","4/10/20","3","1","39015","33.33"
"Butler","9","112","Ohio","4/10/20","49","63","39017","128.57"
"Carroll","1","10","Ohio","4/10/20","5","5","39019","100"
"Champaign","0","6","Ohio","4/10/20","5","1","39021","20"
"Clark","1","14","Ohio","4/10/20","7","7","39023","100"
"Clermont","3","36","Ohio","4/10/20","17","19","39025","111.76"
"Clinton","1","15","Ohio","4/10/20","6","9","39027","150"
"Columbiana","9","92","Ohio","4/10/20","26","66","39029","253.85"
"Coshocton","1","15","Ohio","4/10/20","10","5","39031","50"
"Crawford","1","13","Ohio","4/10/20","7","6","39033","85.71"
"Cuyahoga","39","1052","Ohio","4/10/20","780","272","39035","34.87"
"Darke","2","40","Ohio","4/10/20","28","12","39037","42.86"
"Defiance","1","11","Ohio","4/10/20","7","4","39039","57.14"
"Delaware","4","88","Ohio","4/10/20","61","27","39041","44.26"
"Erie","1","10","Ohio","4/10/20","6","4","39043","66.67"
"Fairfield","6","73","Ohio","4/10/20","32","41","39045","128.12"
"Fayette","1","5","Ohio","4/10/20","1","4","39047","400"
"Franklin","50","850","Ohio","4/10/20","503","347","39049","68.99"
"Fulton","0","5","Ohio","4/10/20","4","1","39051","25"
"Gallia","0","4","Ohio","4/10/20","4","0","39053","0"
"Geauga","1","49","Ohio","4/10/20","41","8","39055","19.51"
"Greene","2","22","Ohio","4/10/20","9","13","39057","144.44"
"Guernsey","1","5","Ohio","4/10/20","1","4","39059","400"
"Hamilton","43","504","Ohio","4/10/20","203","301","39061","148.28"
"Hancock","1","17","Ohio","4/10/20","9","8","39063","88.89"
"Hardin","0","4","Ohio","4/10/20","1","3","39065","300"
"Henry","0","1","Ohio","4/10/20","0","1","39069","1"
"Highland","0","6","Ohio","4/10/20","3","3","39071","100"
"Holmes","0","3","Ohio","4/10/20","2","1","39075","50"
"Huron","1","10","Ohio","4/10/20","5","5","39077","100"
"Jackson","0","2","Ohio","4/10/20","0","2","39079","1"
"Jefferson","1","20","Ohio","4/10/20","16","4","39081","25"
"Knox","1","9","Ohio","4/10/20","5","4","39083","80"
"Lake","6","108","Ohio","4/10/20","65","43","39085","66.15"
"Lawrence","2","15","Ohio","4/10/20","3","12","39087","400"
"Licking","6","79","Ohio","4/10/20","35","44","39089","125.71"
"Logan","1","7","Ohio","4/10/20","3","4","39091","133.33"
"Lorain","8","150","Ohio","4/10/20","95","55","39093","57.89"
"Lucas","30","443","Ohio","4/10/20","233","210","39095","90.13"
"Madison","1","23","Ohio","4/10/20","13","10","39097","76.92"
"Mahoning","20","358","Ohio","4/10/20","220","138","39099","62.73"
"Marion","4","42","Ohio","4/10/20","11","31","39101","281.82"
"Medina","3","103","Ohio","4/10/20","79","24","39103","30.38"
"Meigs","0","1","Ohio","4/10/20","0","1","39105","1"
"Mercer","1","12","Ohio","4/10/20","6","6","39107","100"
"Miami","7","113","Ohio","4/10/20","66","47","39109","71.21"
"Monroe","0","2","Ohio","4/10/20","0","2","39111","1"
"Montgomery","15","161","Ohio","4/10/20","57","104","39113","182.46"
"Morgan","0","2","Ohio","4/10/20","0","2","39115","1"
"Morrow","1","8","Ohio","4/10/20","1","7","39117","700"
"Muskingum","1","8","Ohio","4/10/20","4","4","39119","100"
"Noble","0","1","Ohio","4/10/20","0","1","39121","1"
"Ottawa","0","9","Ohio","4/10/20","6","3","39123","50"
"Paulding","0","2","Ohio","4/10/20","0","2","39125","1"
"Perry","1","7","Ohio","4/10/20","2","5","39127","250"
"Pickaway","4","44","Ohio","4/10/20","13","31","39129","238.46"
"Pike","0","1","Ohio","4/10/20","1","0","39131","0"
"Portage","9","124","Ohio","4/10/20","64","60","39133","93.75"
"Preble","1","10","Ohio","4/10/20","1","9","39135","900"
"Richland","3","28","Ohio","4/10/20","8","20","39139","250"
"Ross","1","12","Ohio","4/10/20","3","9","39141","300"
"Sandusky","0","7","Ohio","4/10/20","5","2","39143","40"
"Scioto","0","3","Ohio","4/10/20","0","3","39145","1"
"Seneca","0","8","Ohio","4/10/20","5","3","39147","60"
"Shelby","2","24","Ohio","4/10/20","7","17","39149","242.86"
"Stark","8","125","Ohio","4/10/20","72","53","39151","73.61"
"Summit","10","235","Ohio","4/10/20","165","70","39153","42.42"
"Trumbull","11","149","Ohio","4/10/20","72","77","39155","106.94"
"Tuscarawas","1","26","Ohio","4/10/20","18","8","39157","44.44"
"Union","1","10","Ohio","4/10/20","4","6","39159","150"
"Van Wert","0","2","Ohio","4/10/20","2","0","39161","0"
"Warren","6","72","Ohio","4/10/20","31","41","39165","132.26"
"Washington","4","35","Ohio","4/10/20","4","31","39167","775"
"Wayne","3","37","Ohio","4/10/20","13","24","39169","184.62"
"Williams","0","2","Ohio","4/10/20","1","1","39171","100"
"Wood","4","49","Ohio","4/10/20","20","29","39173","145"
"Wyandot","1","9","Ohio","4/10/20","2","7","39175","350"
"Adair","2","26","Oklahoma","4/10/20","14","12","40001","85.71"
"Atoka","0","1","Oklahoma","4/10/20","1","0","40005","0"
"Beaver","0","1","Oklahoma","4/10/20","0","1","40007","1"
"Beckham","0","1","Oklahoma","4/10/20","1","0","40009","0"
"Bryan","0","3","Oklahoma","4/10/20","3","0","40013","0"
"Caddo","1","8","Oklahoma","4/10/20","2","6","40015","300"
"Canadian","3","52","Oklahoma","4/10/20","29","23","40017","79.31"
"Carter","0","1","Oklahoma","4/10/20","1","0","40019","0"
"Cherokee","2","18","Oklahoma","4/10/20","7","11","40021","157.14"
"Choctaw","0","2","Oklahoma","4/10/20","1","1","40023","100"
"Cleveland","15","236","Oklahoma","4/10/20","130","106","40027","81.54"
"Comanche","2","47","Oklahoma","4/10/20","33","14","40031","42.42"
"Cotton","0","4","Oklahoma","4/10/20","4","0","40033","0"
"Craig","1","6","Oklahoma","4/10/20","2","4","40035","200"
"Creek","2","53","Oklahoma","4/10/20","39","14","40037","35.9"
"Custer","0","5","Oklahoma","4/10/20","5","0","40039","0"
"Delaware","2","23","Oklahoma","4/10/20","11","12","40041","109.09"
"Dewey","0","1","Oklahoma","4/10/20","0","1","40043","1"
"Garfield","0","5","Oklahoma","4/10/20","5","0","40047","0"
"Garvin","0","11","Oklahoma","4/10/20","8","3","40049","37.5"
"Grady","1","11","Oklahoma","4/10/20","5","6","40051","120"
"Grant","0","1","Oklahoma","4/10/20","1","0","40053","0"
"Greer","6","46","Oklahoma","4/10/20","5","41","40055","820"
"Jackson","0","6","Oklahoma","4/10/20","4","2","40065","50"
"Jefferson","0","1","Oklahoma","4/10/20","0","1","40067","1"
"Kay","2","41","Oklahoma","4/10/20","25","16","40071","64"
"Kingfisher","0","5","Oklahoma","4/10/20","3","2","40073","66.67"
"Kiowa","0","1","Oklahoma","4/10/20","1","0","40075","0"
"Latimer","0","4","Oklahoma","4/10/20","2","2","40077","100"
"Le Flore","0","3","Oklahoma","4/10/20","1","2","40079","200"
"Lincoln","1","11","Oklahoma","4/10/20","7","4","40081","57.14"
"Logan","0","7","Oklahoma","4/10/20","5","2","40083","40"
"Love","0","2","Oklahoma","4/10/20","2","0","40085","0"
"Major","0","1","Oklahoma","4/10/20","1","0","40093","0"
"Marshall","0","1","Oklahoma","4/10/20","0","1","40095","1"
"Mayes","1","13","Oklahoma","4/10/20","5","8","40097","160"
"McClain","1","18","Oklahoma","4/10/20","10","8","40087","80"
"McCurtain","0","2","Oklahoma","4/10/20","1","1","40089","100"
"McIntosh","0","1","Oklahoma","4/10/20","0","1","40091","1"
"Muskogee","1","21","Oklahoma","4/10/20","16","5","40101","31.25"
"Noble","0","6","Oklahoma","4/10/20","5","1","40103","20"
"Nowata","0","10","Oklahoma","4/10/20","7","3","40105","42.86"
"Okfuskee","0","1","Oklahoma","4/10/20","0","1","40107","1"
"Oklahoma","25","413","Oklahoma","4/10/20","237","176","40109","74.26"
"Okmulgee","1","13","Oklahoma","4/10/20","7","6","40111","85.71"
"Osage","3","45","Oklahoma","4/10/20","21","24","40113","114.29"
"Ottawa","1","17","Oklahoma","4/10/20","8","9","40115","112.5"
"Out of OK","0","0","Oklahoma","4/10/20","2","-2","80040","-100"
"Pawnee","1","26","Oklahoma","4/10/20","16","10","40117","62.5"
"Payne","1","28","Oklahoma","4/10/20","18","10","40119","55.56"
"Pittsburg","1","8","Oklahoma","4/10/20","2","6","40121","300"
"Pontotoc","0","9","Oklahoma","4/10/20","7","2","40123","28.57"
"Pottawatomie","2","25","Oklahoma","4/10/20","11","14","40125","127.27"
"Rogers","2","23","Oklahoma","4/10/20","10","13","40131","130"
"Seminole","1","6","Oklahoma","4/10/20","1","5","40133","500"
"Sequoyah","1","10","Oklahoma","4/10/20","4","6","40135","150"
"Stephens","1","13","Oklahoma","4/10/20","8","5","40137","62.5"
"Texas","0","3","Oklahoma","4/10/20","1","2","40139","200"
"Tillman","0","1","Oklahoma","4/10/20","0","1","40141","1"
"Tulsa","20","314","Oklahoma","4/10/20","175","139","40143","79.43"
"Wagoner","5","65","Oklahoma","4/10/20","30","35","40145","116.67"
"Washington","4","57","Oklahoma","4/10/20","28","29","40147","103.57"
"Washita","0","0","Oklahoma","4/10/20","1","-1","40149","-100"
"Woodward","0","1","Oklahoma","4/10/20","1","0","40153","0"
"Benton","1","21","Oregon","4/10/20","17","4","41003","23.53"
"Clackamas","6","109","Oregon","4/10/20","66","43","41005","65.15"
"Clatsop","0","5","Oregon","4/10/20","4","1","41007","25"
"Columbia","1","10","Oregon","4/10/20","1","9","41009","900"
"Crook","0","1","Oregon","4/10/20","1","0","41013","0"
"Curry","0","3","Oregon","4/10/20","0","3","41015","1"
"Deschutes","2","50","Oregon","4/10/20","36","14","41017","38.89"
"Douglas","0","12","Oregon","4/10/20","9","3","41019","33.33"
"Grant","0","1","Oregon","4/10/20","1","0","41023","0"
"Hood River","0","3","Oregon","4/10/20","3","0","41027","0"
"Jackson","2","44","Oregon","4/10/20","27","17","41029","62.96"
"Josephine","1","16","Oregon","4/10/20","12","4","41033","33.33"
"Klamath","1","20","Oregon","4/10/20","13","7","41035","53.85"
"Lane","2","33","Oregon","4/10/20","21","12","41039","57.14"
"Lincoln","0","4","Oregon","4/10/20","4","0","41041","0"
"Linn","2","49","Oregon","4/10/20","37","12","41043","32.43"
"Malheur","0","2","Oregon","4/10/20","2","0","41045","0"
"Marion","8","235","Oregon","4/10/20","178","57","41047","32.02"
"Morrow","0","5","Oregon","4/10/20","2","3","41049","150"
"Multnomah","18","302","Oregon","4/10/20","175","127","41051","72.57"
"Polk","1","29","Oregon","4/10/20","20","9","41053","45"
"Sherman","0","1","Oregon","4/10/20","0","1","41055","1"
"Tillamook","0","4","Oregon","4/10/20","3","1","41057","33.33"
"Umatilla","1","11","Oregon","4/10/20","5","6","41059","120"
"Union","0","4","Oregon","4/10/20","3","1","41061","33.33"
"Wallowa","0","1","Oregon","4/10/20","1","0","41063","0"
"Wasco","0","7","Oregon","4/10/20","7","0","41065","0"
"Washington","12","311","Oregon","4/10/20","228","83","41067","36.4"
"Yamhill","1","29","Oregon","4/10/20","23","6","41071","26.09"
"Adams","3","43","Pennsylvania","4/10/20","19","24","42001","126.32"
"Allegheny","45","788","Pennsylvania","4/10/20","476","312","42003","65.55"
"Armstrong","2","22","Pennsylvania","4/10/20","11","11","42005","100"
"Beaver","11","139","Pennsylvania","4/10/20","65","74","42007","113.85"
"Bedford","0","3","Pennsylvania","4/10/20","3","0","42009","0"
"Berks","74","720","Pennsylvania","4/10/20","201","519","42011","258.21"
"Blair","1","9","Pennsylvania","4/10/20","4","5","42013","125"
"Bradford","1","16","Pennsylvania","4/10/20","9","7","42015","77.78"
"Bucks","82","1022","Pennsylvania","4/10/20","450","572","42017","127.11"
"Butler","7","123","Pennsylvania","4/10/20","75","48","42019","64"
"Cambria","1","11","Pennsylvania","4/10/20","4","7","42021","175"
"Cameron","0","1","Pennsylvania","4/10/20","1","0","42023","0"
"Carbon","8","93","Pennsylvania","4/10/20","34","59","42025","173.53"
"Centre","4","61","Pennsylvania","4/10/20","32","29","42027","90.62"
"Chester","37","485","Pennsylvania","4/10/20","226","259","42029","114.6"
"Clarion","1","10","Pennsylvania","4/10/20","4","6","42031","150"
"Clearfield","0","8","Pennsylvania","4/10/20","5","3","42033","60"
"Clinton","1","6","Pennsylvania","4/10/20","1","5","42035","500"
"Columbia","9","81","Pennsylvania","4/10/20","15","66","42037","440"
"Crawford","1","13","Pennsylvania","4/10/20","5","8","42039","160"
"Cumberland","7","96","Pennsylvania","4/10/20","45","51","42041","113.33"
"Dauphin","17","199","Pennsylvania","4/10/20","79","120","42043","151.9"
"Delaware","119","1377","Pennsylvania","4/10/20","542","835","42045","154.06"
"Elk","0","2","Pennsylvania","4/10/20","0","2","42047","1"
"Erie","3","36","Pennsylvania","4/10/20","17","19","42049","111.76"
"Fayette","4","49","Pennsylvania","4/10/20","20","29","42051","145"
"Forest","1","5","Pennsylvania","4/10/20","1","4","42053","400"
"Franklin","4","57","Pennsylvania","4/10/20","26","31","42055","119.23"
"Fulton","0","1","Pennsylvania","4/10/20","0","1","42057","1"
"Greene","1","21","Pennsylvania","4/10/20","11","10","42059","90.91"
"Huntingdon","1","8","Pennsylvania","4/10/20","3","5","42061","166.67"
"Indiana","3","26","Pennsylvania","4/10/20","7","19","42063","271.43"
"Jefferson","0","1","Pennsylvania","4/10/20","0","1","42065","1"
"Juniata","4","30","Pennsylvania","4/10/20","5","25","42067","500"
"Lackawanna","32","346","Pennsylvania","4/10/20","119","227","42069","190.76"
"Lancaster","59","648","Pennsylvania","4/10/20","232","416","42071","179.31"
"Lawrence","4","45","Pennsylvania","4/10/20","19","26","42073","136.84"
"Lebanon","23","218","Pennsylvania","4/10/20","54","164","42075","303.7"
"Lehigh","140","1562","Pennsylvania","4/10/20","584","978","42077","167.47"
"Luzerne","120","1325","Pennsylvania","4/10/20","484","841","42079","173.76"
"Lycoming","1","18","Pennsylvania","4/10/20","8","10","42081","125"
"McKean","0","1","Pennsylvania","4/10/20","1","0","42083","0"
"Mercer","4","36","Pennsylvania","4/10/20","10","26","42085","260"
"Mifflin","1","11","Pennsylvania","4/10/20","2","9","42087","450"
"Monroe","51","752","Pennsylvania","4/10/20","397","355","42089","89.42"
"Montgomery","145","1889","Pennsylvania","4/10/20","875","1014","42091","115.89"
"Montour","3","37","Pennsylvania","4/10/20","16","21","42093","131.25"
"Northampton","75","994","Pennsylvania","4/10/20","466","528","42095","113.3"
"Northumberland","3","29","Pennsylvania","4/10/20","8","21","42097","262.5"
"Perry","2","16","Pennsylvania","4/10/20","4","12","42099","300"
"Philadelphia","442","5521","Pennsylvania","4/10/20","2430","3091","42101","127.2"
"Pike","15","190","Pennsylvania","4/10/20","83","107","42103","128.92"
"Potter","0","3","Pennsylvania","4/10/20","2","1","42105","50"
"Schuylkill","14","164","Pennsylvania","4/10/20","63","101","42107","160.32"
"Snyder","1","12","Pennsylvania","4/10/20","4","8","42109","200"
"Somerset","1","10","Pennsylvania","4/10/20","3","7","42111","233.33"
"Sullivan","0","1","Pennsylvania","4/10/20","0","1","42113","1"
"Susquehanna","3","22","Pennsylvania","4/10/20","4","18","42115","450"
"Tioga","1","11","Pennsylvania","4/10/20","3","8","42117","266.67"
"Union","1","12","Pennsylvania","4/10/20","3","9","42119","300"
"Venango","0","5","Pennsylvania","4/10/20","3","2","42121","66.67"
"Warren","0","1","Pennsylvania","4/10/20","1","0","42123","0"
"Washington","4","66","Pennsylvania","4/10/20","40","26","42125","65"
"Wayne","4","53","Pennsylvania","4/10/20","23","30","42127","130.43"
"Westmoreland","13","202","Pennsylvania","4/10/20","110","92","42129","83.64"
"Wyoming","1","6","Pennsylvania","4/10/20","2","4","42131","200"
"York","23","283","Pennsylvania","4/10/20","121","162","42133","133.88"
"","58","725","Puerto Rico","4/10/20","316","409",,"129.43"
"Bristol","2","37","Rhode Island","4/10/20","21","16","44001","76.19"
"Kent","13","151","Rhode Island","4/10/20","59","92","44003","155.93"
"Newport","3","56","Rhode Island","4/10/20","33","23","44005","69.7"
"Providence","77","955","Rhode Island","4/10/20","418","537","44007","128.47"
"Washington","12","120","Rhode Island","4/10/20","34","86","44009","252.94"
"Abbeville","0","7","South Carolina","4/10/20","6","1","45001","16.67"
"Aiken","4","48","South Carolina","4/10/20","22","26","45003","118.18"
"Allendale","0","4","South Carolina","4/10/20","1","3","45005","300"
"Anderson","5","100","South Carolina","4/10/20","62","38","45007","61.29"
"Bamberg","0","6","South Carolina","4/10/20","5","1","45009","20"
"Barnwell","0","5","South Carolina","4/10/20","2","3","45011","150"
"Beaufort","8","186","South Carolina","4/10/20","131","55","45013","41.98"
"Berkeley","4","67","South Carolina","4/10/20","42","25","45015","59.52"
"Calhoun","0","6","South Carolina","4/10/20","3","3","45017","100"
"Charleston","12","328","South Carolina","4/10/20","247","81","45019","32.79"
"Cherokee","1","8","South Carolina","4/10/20","1","7","45021","700"
"Chester","1","17","South Carolina","4/10/20","7","10","45023","142.86"
"Chesterfield","2","22","South Carolina","4/10/20","10","12","45025","120"
"Clarendon","7","80","South Carolina","4/10/20","34","46","45027","135.29"
"Colleton","1","15","South Carolina","4/10/20","6","9","45029","150"
"Darlington","3","33","South Carolina","4/10/20","15","18","45031","120"
"Dillon","1","5","South Carolina","4/10/20","1","4","45033","400"
"Dorchester","4","65","South Carolina","4/10/20","36","29","45035","80.56"
"Edgefield","1","10","South Carolina","4/10/20","5","5","45037","100"
"Fairfield","1","18","South Carolina","4/10/20","8","10","45039","125"
"Florence","5","64","South Carolina","4/10/20","29","35","45041","120.69"
"Georgetown","2","28","South Carolina","4/10/20","16","12","45043","75"
"Greenville","19","308","South Carolina","4/10/20","174","134","45045","77.01"
"Greenwood","1","16","South Carolina","4/10/20","9","7","45047","77.78"
"Hampton","1","6","South Carolina","4/10/20","1","5","45049","500"
"Horry","10","124","South Carolina","4/10/20","51","73","45051","143.14"
"Jasper","1","12","South Carolina","4/10/20","8","4","45053","50"
"Kershaw","6","177","South Carolina","4/10/20","136","41","45055","30.15"
"Lancaster","4","61","South Carolina","4/10/20","31","30","45057","96.77"
"Laurens","1","11","South Carolina","4/10/20","6","5","45059","83.33"
"Lee","2","27","South Carolina","4/10/20","13","14","45061","107.69"
"Lexington","15","184","South Carolina","4/10/20","78","106","45063","135.9"
"Marion","0","5","South Carolina","4/10/20","2","3","45067","150"
"Marlboro","1","11","South Carolina","4/10/20","3","8","45069","266.67"
"McCormick","0","3","South Carolina","4/10/20","1","2","45065","200"
"Newberry","1","13","South Carolina","4/10/20","5","8","45071","160"
"Oconee","1","12","South Carolina","4/10/20","5","7","45073","140"
"Orangeburg","2","37","South Carolina","4/10/20","25","12","45075","48"
"Pickens","1","27","South Carolina","4/10/20","17","10","45077","58.82"
"Richland","33","452","South Carolina","4/10/20","224","228","45079","101.79"
"Saluda","1","7","South Carolina","4/10/20","2","5","45081","250"
"Spartanburg","13","150","South Carolina","4/10/20","60","90","45083","150"
"Sumter","10","142","South Carolina","4/10/20","75","67","45085","89.33"
"Union","2","20","South Carolina","4/10/20","6","14","45087","233.33"
"Williamsburg","1","15","South Carolina","4/10/20","6","9","45089","150"
"York","7","125","South Carolina","4/10/20","73","52","45091","71.23"
"Aurora","0","1","South Dakota","4/10/20","1","0","46003","0"
"Beadle","0","22","South Dakota","4/10/20","21","1","46005","4.76"
"Bon Homme","0","3","South Dakota","4/10/20","1","2","46009","200"
"Brookings","1","7","South Dakota","4/10/20","2","5","46011","250"
"Brown","1","14","South Dakota","4/10/20","7","7","46013","100"
"Charles Mix","0","3","South Dakota","4/10/20","1","2","46023","200"
"Clark","0","1","South Dakota","4/10/20","1","0","46025","0"
"Clay","0","6","South Dakota","4/10/20","3","3","46027","100"
"Codington","1","12","South Dakota","4/10/20","8","4","46029","50"
"Corson","0","1","South Dakota","4/10/20","0","1","46031","1"
"Davison","0","3","South Dakota","4/10/20","3","0","46035","0"
"Deuel","0","1","South Dakota","4/10/20","1","0","46039","0"
"Fall River","0","1","South Dakota","4/10/20","1","0","46047","0"
"Faulk","0","1","South Dakota","4/10/20","1","0","46049","0"
"Hamlin","0","1","South Dakota","4/10/20","1","0","46057","0"
"Hughes","0","4","South Dakota","4/10/20","3","1","46065","33.33"
"Hutchinson","0","2","South Dakota","4/10/20","2","0","46067","0"
"Jerauld","0","1","South Dakota","4/10/20","0","1","46073","1"
"Lake","0","2","South Dakota","4/10/20","1","1","46079","100"
"Lawrence","0","9","South Dakota","4/10/20","9","0","46081","0"
"Lincoln","3","38","South Dakota","4/10/20","19","19","46083","100"
"Lyman","0","2","South Dakota","4/10/20","1","1","46085","100"
"Marshall","0","1","South Dakota","4/10/20","1","0","46091","0"
"McCook","0","2","South Dakota","4/10/20","2","0","46087","0"
"Meade","0","1","South Dakota","4/10/20","1","0","46093","0"
"Miner","0","1","South Dakota","4/10/20","0","1","46097","1"
"Minnehaha","41","352","South Dakota","4/10/20","68","284","46099","417.65"
"Oglala Lakota","0","1","South Dakota","4/10/20","0","1","46102","1"
"Pennington","0","8","South Dakota","4/10/20","6","2","46103","33.33"
"Roberts","0","4","South Dakota","4/10/20","3","1","46109","33.33"
"Spink","0","3","South Dakota","4/10/20","1","2","46115","200"
"Todd","0","1","South Dakota","4/10/20","1","0","46121","0"
"Turner","0","5","South Dakota","4/10/20","3","2","46125","66.67"
"Union","0","3","South Dakota","4/10/20","3","0","46127","0"
"Yankton","1","19","South Dakota","4/10/20","11","8","46135","72.73"
"Anderson","0","11","Tennessee","4/10/20","10","1","47001","10"
"Bedford","1","15","Tennessee","4/10/20","6","9","47003","150"
"Benton","0","4","Tennessee","4/10/20","4","0","47005","0"
"Bledsoe","0","3","Tennessee","4/10/20","2","1","47007","50"
"Blount","2","45","Tennessee","4/10/20","33","12","47009","36.36"
"Bradley","1","31","Tennessee","4/10/20","21","10","47011","47.62"
"Campbell","1","10","Tennessee","4/10/20","4","6","47013","150"
"Cannon","0","7","Tennessee","4/10/20","4","3","47015","75"
"Carroll","1","10","Tennessee","4/10/20","6","4","47017","66.67"
"Carter","0","3","Tennessee","4/10/20","3","0","47019","0"
"Cheatham","1","17","Tennessee","4/10/20","11","6","47021","54.55"
"Chester","0","6","Tennessee","4/10/20","5","1","47023","20"
"Claiborne","0","3","Tennessee","4/10/20","2","1","47025","50"
"Clay","0","2","Tennessee","4/10/20","1","1","47027","100"
"Cocke","0","3","Tennessee","4/10/20","1","2","47029","200"
"Coffee","1","10","Tennessee","4/10/20","3","7","47031","233.33"
"Cumberland","2","39","Tennessee","4/10/20","22","17","47035","77.27"
"Davidson","52","1048","Tennessee","4/10/20","685","363","47037","52.99"
"Decatur","0","1","Tennessee","4/10/20","0","1","47039","1"
"DeKalb","0","8","Tennessee","4/10/20","5","3","47041","60"
"Dickson","1","29","Tennessee","4/10/20","21","8","47043","38.1"
"Dyer","1","15","Tennessee","4/10/20","5","10","47045","200"
"Fayette","2","28","Tennessee","4/10/20","17","11","47047","64.71"
"Fentress","0","2","Tennessee","4/10/20","1","1","47049","100"
"Franklin","1","17","Tennessee","4/10/20","12","5","47051","41.67"
"Gibson","2","18","Tennessee","4/10/20","7","11","47053","157.14"
"Giles","0","3","Tennessee","4/10/20","3","0","47055","0"
"Grainger","0","4","Tennessee","4/10/20","3","1","47057","33.33"
"Greene","1","25","Tennessee","4/10/20","16","9","47059","56.25"
"Grundy","1","19","Tennessee","4/10/20","11","8","47061","72.73"
"Hamblen","0","4","Tennessee","4/10/20","3","1","47063","33.33"
"Hamilton","5","102","Tennessee","4/10/20","67","35","47065","52.24"
"Hardeman","0","7","Tennessee","4/10/20","5","2","47069","40"
"Hardin","0","2","Tennessee","4/10/20","2","0","47071","0"
"Hawkins","2","22","Tennessee","4/10/20","8","14","47073","175"
"Haywood","2","13","Tennessee","4/10/20","2","11","47075","550"
"Henderson","0","2","Tennessee","4/10/20","0","2","47077","1"
"Henry","0","6","Tennessee","4/10/20","4","2","47079","50"
"Hickman","0","2","Tennessee","4/10/20","1","1","47081","100"
"Houston","0","3","Tennessee","4/10/20","1","2","47083","200"
"Humphreys","0","4","Tennessee","4/10/20","3","1","47085","33.33"
"Jackson","0","5","Tennessee","4/10/20","3","2","47087","66.67"
"Jefferson","1","13","Tennessee","4/10/20","6","7","47089","116.67"
"Johnson","0","2","Tennessee","4/10/20","2","0","47091","0"
"Knox","9","164","Tennessee","4/10/20","98","66","47093","67.35"
"Lauderdale","1","8","Tennessee","4/10/20","2","6","47097","300"
"Lawrence","1","12","Tennessee","4/10/20","3","9","47099","300"
"Lewis","0","2","Tennessee","4/10/20","2","0","47101","0"
"Lincoln","1","8","Tennessee","4/10/20","4","4","47103","100"
"Loudon","1","16","Tennessee","4/10/20","12","4","47105","33.33"
"Macon","2","19","Tennessee","4/10/20","7","12","47111","171.43"
"Madison","6","56","Tennessee","4/10/20","17","39","47113","229.41"
"Marion","1","22","Tennessee","4/10/20","14","8","47115","57.14"
"Marshall","1","9","Tennessee","4/10/20","4","5","47117","125"
"Maury","2","32","Tennessee","4/10/20","20","12","47119","60"
"McMinn","0","4","Tennessee","4/10/20","3","1","47107","33.33"
"McNairy","1","9","Tennessee","4/10/20","3","6","47109","200"
"Meigs","0","3","Tennessee","4/10/20","2","1","47121","50"
"Monroe","0","8","Tennessee","4/10/20","5","3","47123","60"
"Montgomery","6","84","Tennessee","4/10/20","41","43","47125","104.88"
"Morgan","0","5","Tennessee","4/10/20","2","3","47129","150"
"Obion","0","5","Tennessee","4/10/20","2","3","47131","150"
"Out of TN","13","275","Tennessee","4/10/20","187","88","80047","47.06"
"Overton","0","5","Tennessee","4/10/20","2","3","47133","150"
"Perry","0","3","Tennessee","4/10/20","2","1","47135","50"
"Polk","0","5","Tennessee","4/10/20","2","3","47139","150"
"Putnam","5","84","Tennessee","4/10/20","50","34","47141","68"
"Roane","0","5","Tennessee","4/10/20","3","2","47145","66.67"
"Robertson","3","73","Tennessee","4/10/20","51","22","47147","43.14"
"Rutherford","14","222","Tennessee","4/10/20","127","95","47149","74.8"
"Scott","1","8","Tennessee","4/10/20","3","5","47151","166.67"
"Sequatchie","0","1","Tennessee","4/10/20","2","-1","47153","-50"
"Sevier","1","21","Tennessee","4/10/20","13","8","47155","61.54"
"Shelby","63","1083","Tennessee","4/10/20","640","443","47157","69.22"
"Smith","0","5","Tennessee","4/10/20","3","2","47159","66.67"
"Stewart","0","3","Tennessee","4/10/20","0","3","47161","1"
"Sullivan","2","35","Tennessee","4/10/20","18","17","47163","94.44"
"Sumner","19","413","Tennessee","4/10/20","283","130","47165","45.94"
"Tipton","2","43","Tennessee","4/10/20","28","15","47167","53.57"
"Trousdale","1","14","Tennessee","4/10/20","7","7","47169","100"
"Unicoi","0","1","Tennessee","4/10/20","1","0","47171","0"
"Union","0","3","Tennessee","4/10/20","1","2","47173","200"
"Warren","0","3","Tennessee","4/10/20","1","2","47177","200"
"Washington","2","37","Tennessee","4/10/20","20","17","47179","85"
"Wayne","0","2","Tennessee","4/10/20","2","0","47181","0"
"Weakley","1","5","Tennessee","4/10/20","1","4","47183","400"
"White","0","3","Tennessee","4/10/20","2","1","47185","50"
"Williamson","11","299","Tennessee","4/10/20","221","78","47187","35.29"
"Wilson","8","129","Tennessee","4/10/20","71","58","47189","81.69"
"Anderson","0","3","Texas","4/10/20","1","2","48001","200"
"Andrews","1","11","Texas","4/10/20","1","10","48003","1000"
"Angelina","1","16","Texas","4/10/20","8","8","48005","100"
"Aransas","0","2","Texas","4/10/20","0","2","48007","1"
"Atascosa","1","7","Texas","4/10/20","2","5","48013","250"
"Austin","1","8","Texas","4/10/20","4","4","48015","100"
"Bandera","0","2","Texas","4/10/20","0","2","48019","1"
"Bastrop","2","23","Texas","4/10/20","10","13","48021","130"
"Bee","0","2","Texas","4/10/20","0","2","48025","1"
"Bell","5","84","Texas","4/10/20","51","33","48027","64.71"
"Bexar","52","615","Texas","4/10/20","254","361","48029","142.13"
"Blanco","0","4","Texas","4/10/20","1","3","48031","300"
"Bowie","3","29","Texas","4/10/20","10","19","48037","190"
"Brazoria","11","199","Texas","4/10/20","123","76","48039","61.79"
"Brazos","6","116","Texas","4/10/20","72","44","48041","61.11"
"Brown","1","8","Texas","4/10/20","4","4","48049","100"
"Burleson","1","6","Texas","4/10/20","1","5","48051","500"
"Burnet","0","6","Texas","4/10/20","4","2","48053","50"
"Caldwell","1","6","Texas","4/10/20","2","4","48055","200"
"Calhoun","1","14","Texas","4/10/20","8","6","48057","75"
"Callahan","0","1","Texas","4/10/20","0","1","48059","1"
"Cameron","13","147","Texas","4/10/20","55","92","48061","167.27"
"Camp","0","3","Texas","4/10/20","1","2","48063","200"
"Cass","0","4","Texas","4/10/20","4","0","48067","0"
"Castro","0","11","Texas","4/10/20","9","2","48069","22.22"
"Chambers","2","24","Texas","4/10/20","11","13","48071","118.18"
"Cherokee","0","6","Texas","4/10/20","6","0","48073","0"
"Clay","0","1","Texas","4/10/20","1","0","48077","0"
"Collin","26","406","Texas","4/10/20","227","179","48085","78.85"
"Colorado","0","6","Texas","4/10/20","4","2","48089","50"
"Comal","2","34","Texas","4/10/20","18","16","48091","88.89"
"Comanche","0","3","Texas","4/10/20","1","2","48093","200"
"Concho","0","1","Texas","4/10/20","0","1","48095","1"
"Cooke","0","1","Texas","4/10/20","0","1","48097","1"
"Coryell","2","18","Texas","4/10/20","2","16","48099","800"
"Crane","0","2","Texas","4/10/20","2","0","48103","0"
"Crosby","0","1","Texas","4/10/20","0","1","48107","1"
"Dallam","0","1","Texas","4/10/20","0","1","48111","1"
"Dallas","88","1537","Texas","4/10/20","921","616","48113","66.88"
"Dawson","0","7","Texas","4/10/20","5","2","48115","40"
"Deaf Smith","1","7","Texas","4/10/20","3","4","48117","133.33"
"Delta","0","1","Texas","4/10/20","0","1","48119","1"
"Denton","22","426","Texas","4/10/20","273","153","48121","56.04"
"DeWitt","0","8","Texas","4/10/20","6","2","48123","33.33"
"Dickens","0","1","Texas","4/10/20","0","1","48125","1"
"Donley","2","21","Texas","4/10/20","5","16","48129","320"
"Eastland","0","3","Texas","4/10/20","3","0","48133","0"
"Ector","2","39","Texas","4/10/20","22","17","48135","77.27"
"El Paso","20","225","Texas","4/10/20","85","140","48141","164.71"
"Ellis","4","58","Texas","4/10/20","27","31","48139","114.81"
"Erath","1","13","Texas","4/10/20","9","4","48143","44.44"
"Falls","0","1","Texas","4/10/20","1","0","48145","0"
"Fannin","0","5","Texas","4/10/20","2","3","48147","150"
"Fayette","0","9","Texas","4/10/20","10","-1","48149","-10"
"Floyd","0","1","Texas","4/10/20","0","1","48153","1"
"Fort Bend","38","485","Texas","4/10/20","221","264","48157","119.46"
"Franklin","0","1","Texas","4/10/20","1","0","48159","0"
"Frio","0","1","Texas","4/10/20","0","1","48163","1"
"Gaines","0","1","Texas","4/10/20","1","0","48165","0"
"Galveston","25","308","Texas","4/10/20","130","178","48167","136.92"
"Gillespie","0","1","Texas","4/10/20","1","0","48171","0"
"Goliad","0","4","Texas","4/10/20","1","3","48175","300"
"Gonzales","0","2","Texas","4/10/20","1","1","48177","100"
"Gray","1","12","Texas","4/10/20","2","10","48179","500"
"Grayson","1","17","Texas","4/10/20","12","5","48181","41.67"
"Gregg","3","37","Texas","4/10/20","13","24","48183","184.62"
"Grimes","0","6","Texas","4/10/20","3","3","48185","100"
"Guadalupe","3","47","Texas","4/10/20","23","24","48187","104.35"
"Hale","0","9","Texas","4/10/20","6","3","48189","50"
"Hamilton","0","2","Texas","4/10/20","0","2","48193","1"
"Hansford","0","1","Texas","4/10/20","0","1","48195","1"
"Hardin","4","41","Texas","4/10/20","15","26","48199","173.33"
"Harris","308","3261","Texas","4/10/20","1106","2155","48201","194.85"
"Harrison","1","12","Texas","4/10/20","5","7","48203","140"
"Hays","5","79","Texas","4/10/20","47","32","48209","68.09"
"Hemphill","0","1","Texas","4/10/20","1","0","48211","0"
"Henderson","1","8","Texas","4/10/20","1","7","48213","700"
"Hidalgo","10","146","Texas","4/10/20","79","67","48215","84.81"
"Hill","1","8","Texas","4/10/20","3","5","48217","166.67"
"Hockley","1","12","Texas","4/10/20","7","5","48219","71.43"
"Hood","1","12","Texas","4/10/20","8","4","48221","50"
"Hopkins","0","4","Texas","4/10/20","3","1","48223","33.33"
"Howard","0","1","Texas","4/10/20","0","1","48227","1"
"Hunt","1","15","Texas","4/10/20","8","7","48231","87.5"
"Hutchinson","0","2","Texas","4/10/20","0","2","48233","1"
"Jack","0","1","Texas","4/10/20","0","1","48237","1"
"Jackson","0","4","Texas","4/10/20","3","1","48239","33.33"
"Jasper","0","6","Texas","4/10/20","3","3","48241","100"
"Jefferson","8","94","Texas","4/10/20","40","54","48245","135"
"Jim Wells","0","2","Texas","4/10/20","1","1","48249","100"
"Johnson","1","27","Texas","4/10/20","18","9","48251","50"
"Jones","0","2","Texas","4/10/20","0","2","48253","1"
"Karnes","0","2","Texas","4/10/20","2","0","48255","0"
"Kaufman","2","24","Texas","4/10/20","9","15","48257","166.67"
"Kendall","0","10","Texas","4/10/20","8","2","48259","25"
"Kerr","0","2","Texas","4/10/20","2","0","48265","0"
"Kleberg","0","2","Texas","4/10/20","1","1","48273","100"
"Knox","0","1","Texas","4/10/20","0","1","48275","1"
"Lamar","1","8","Texas","4/10/20","3","5","48277","166.67"
"Lamb","0","1","Texas","4/10/20","1","0","48279","0"
"Lampasas","0","3","Texas","4/10/20","1","2","48281","200"
"Lavaca","0","4","Texas","4/10/20","1","3","48285","300"
"Lee","0","2","Texas","4/10/20","2","0","48287","0"
"Leon","0","3","Texas","4/10/20","2","1","48289","50"
"Liberty","2","16","Texas","4/10/20","5","11","48291","220"
"Limestone","1","9","Texas","4/10/20","3","6","48293","200"
"Live Oak","0","3","Texas","4/10/20","3","0","48297","0"
"Llano","0","3","Texas","4/10/20","3","0","48299","0"
"Lubbock","17","234","Texas","4/10/20","117","117","48303","100"
"Lynn","0","5","Texas","4/10/20","3","2","48305","66.67"
"Madison","0","1","Texas","4/10/20","0","1","48313","1"
"Martin","0","2","Texas","4/10/20","1","1","48317","100"
"Mason","0","1","Texas","4/10/20","0","1","48319","1"
"Matagorda","1","45","Texas","4/10/20","35","10","48321","28.57"
"Maverick","1","8","Texas","4/10/20","4","4","48323","100"
"McCulloch","0","2","Texas","4/10/20","0","2","48307","1"
"McLennan","2","66","Texas","4/10/20","49","17","48309","34.69"
"Medina","1","10","Texas","4/10/20","3","7","48325","233.33"
"Midland","1","31","Texas","4/10/20","22","9","48329","40.91"
"Milam","1","7","Texas","4/10/20","2","5","48331","250"
"Mitchell","0","1","Texas","4/10/20","0","1","48335","1"
"Montague","0","1","Texas","4/10/20","1","0","48337","0"
"Montgomery","14","231","Texas","4/10/20","130","101","48339","77.69"
"Moore","2","21","Texas","4/10/20","6","15","48341","250"
"Morris","0","3","Texas","4/10/20","1","2","48343","200"
"Nacogdoches","3","31","Texas","4/10/20","12","19","48347","158.33"
"Navarro","1","11","Texas","4/10/20","5","6","48349","120"
"Newton","0","1","Texas","4/10/20","1","0","48351","0"
"Nueces","4","72","Texas","4/10/20","41","31","48355","75.61"
"Oldham","0","3","Texas","4/10/20","2","1","48359","50"
"Orange","3","30","Texas","4/10/20","7","23","48361","328.57"
"Palo Pinto","0","4","Texas","4/10/20","1","3","48363","300"
"Panola","1","10","Texas","4/10/20","4","6","48365","150"
"Parker","1","11","Texas","4/10/20","5","6","48367","120"
"Pecos","0","1","Texas","4/10/20","0","1","48371","1"
"Polk","0","8","Texas","4/10/20","7","1","48373","14.29"
"Potter","5","59","Texas","4/10/20","21","38","48375","180.95"
"Rains","0","1","Texas","4/10/20","0","1","48379","1"
"Randall","5","56","Texas","4/10/20","21","35","48381","166.67"
"Reeves","0","1","Texas","4/10/20","1","0","48389","0"
"Robertson","0","2","Texas","4/10/20","2","0","48395","0"
"Rockwall","1","16","Texas","4/10/20","10","6","48397","60"
"Rusk","1","14","Texas","4/10/20","7","7","48401","100"
"San Augustine","1","9","Texas","4/10/20","4","5","48405","125"
"San Jacinto","0","3","Texas","4/10/20","1","2","48407","200"
"San Patricio","1","7","Texas","4/10/20","3","4","48409","133.33"
"Shelby","3","31","Texas","4/10/20","10","21","48419","210"
"Smith","5","88","Texas","4/10/20","53","35","48423","66.04"
"Starr","0","7","Texas","4/10/20","5","2","48427","40"
"Stephens","0","1","Texas","4/10/20","0","1","48429","1"
"Swisher","0","3","Texas","4/10/20","1","2","48437","200"
"Tarrant","46","705","Texas","4/10/20","383","322","48439","84.07"
"Taylor","5","55","Texas","4/10/20","23","32","48441","139.13"
"Terry","0","7","Texas","4/10/20","4","3","48445","75"
"Titus","1","6","Texas","4/10/20","1","5","48449","500"
"Tom Green","2","33","Texas","4/10/20","17","16","48451","94.12"
"Travis","42","642","Texas","4/10/20","351","291","48453","82.91"
"Trinity","0","3","Texas","4/10/20","1","2","48455","200"
"Tyler","0","4","Texas","4/10/20","2","2","48457","100"
"Upshur","0","6","Texas","4/10/20","3","3","48459","100"
"Uvalde","0","7","Texas","4/10/20","4","3","48463","75"
"Val Verde","0","8","Texas","4/10/20","5","3","48465","60"
"Van Zandt","1","10","Texas","4/10/20","3","7","48467","233.33"
"Victoria","7","73","Texas","4/10/20","27","46","48469","170.37"
"Walker","1","15","Texas","4/10/20","5","10","48471","200"
"Waller","1","13","Texas","4/10/20","7","6","48473","85.71"
"Washington","2","34","Texas","4/10/20","17","17","48477","100"
"Webb","14","166","Texas","4/10/20","65","101","48479","155.38"
"Wharton","2","24","Texas","4/10/20","9","15","48481","166.67"
"Wichita","1","53","Texas","4/10/20","44","9","48485","20.45"
"Willacy","0","5","Texas","4/10/20","3","2","48489","66.67"
"Williamson","5","103","Texas","4/10/20","71","32","48491","45.07"
"Wilson","1","10","Texas","4/10/20","6","4","48493","66.67"
"Winkler","0","1","Texas","4/10/20","0","1","48495","1"
"Wise","0","4","Texas","4/10/20","3","1","48497","33.33"
"Wood","1","5","Texas","4/10/20","1","4","48499","400"
"Young","0","3","Texas","4/10/20","3","0","48503","0"
"Zapata","0","3","Texas","4/10/20","0","3","48505","1"
"Bear River","0","12","Utah","4/10/20","10","2","00000","20"
"Cache","2","30","Utah","4/10/20","15","15","49005","100"
"Carbon","0","2","Utah","4/10/20","1","1","49007","100"
"Davis","8","180","Utah","4/10/20","122","58","49011","47.54"
"Duchesne","0","3","Utah","4/10/20","1","2","49013","200"
"Emery","0","2","Utah","4/10/20","1","1","49015","100"
"Garfield","0","1","Utah","4/10/20","1","0","49017","0"
"Grand","0","1","Utah","4/10/20","1","0","49019","0"
"Iron","0","13","Utah","4/10/20","10","3","49021","30"
"Kane","0","3","Utah","4/10/20","1","2","49025","200"
"Salt Lake","67","1011","Utah","4/10/20","541","470","49035","86.88"
"San Juan","0","6","Utah","4/10/20","5","1","49037","20"
"Summit","11","296","Utah","4/10/20","222","74","49043","33.33"
"Tooele","2","28","Utah","4/10/20","16","12","49045","75"
"Uintah","1","5","Utah","4/10/20","1","4","49047","400"
"Utah","19","283","Utah","4/10/20","150","133","49049","88.67"
"Wasatch","4","96","Utah","4/10/20","69","27","49051","39.13"
"Washington","3","41","Utah","4/10/20","23","18","49053","78.26"
"Weber-Morgan","5","90","Utah","4/10/20","58","32","00000","55.17"
"Addison","3","50","Vermont","4/10/20","32","18","50001","56.25"
"Bennington","2","31","Vermont","4/10/20","19","12","50003","63.16"
"Caledonia","1","8","Vermont","4/10/20","4","4","50005","100"
"Chittenden","20","336","Vermont","4/10/20","199","137","50007","68.84"
"Essex","0","1","Vermont","4/10/20","0","1","50009","1"
"Franklin","2","35","Vermont","4/10/20","21","14","50011","66.67"
"Grand Isle","0","3","Vermont","4/10/20","0","3","50013","1"
"Lamoille","0","19","Vermont","4/10/20","17","2","50015","11.76"
"Orange","0","5","Vermont","4/10/20","4","1","50017","25"
"Orleans","0","8","Vermont","4/10/20","8","0","50019","0"
"Rutland","2","34","Vermont","4/10/20","17","17","50021","100"
"Washington","0","24","Vermont","4/10/20","21","3","50023","14.29"
"Windham","3","42","Vermont","4/10/20","21","21","50025","100"
"Windsor","1","24","Vermont","4/10/20","20","4","50027","20"
"","2","50","Virgin Islands","4/10/20","37","13",,"35.14"
"Accomack","1","12","Virginia","4/10/20","8","4","51001","50"
"Albemarle","2","43","Virginia","4/10/20","26","17","51003","65.38"
"Alexandria","17","174","Virginia","4/10/20","56","118","51510","210.71"
"Alleghany","0","2","Virginia","4/10/20","2","0","51005","0"
"Amelia","1","9","Virginia","4/10/20","5","4","51007","80"
"Amherst","0","9","Virginia","4/10/20","6","3","51009","50"
"Appomattox","1","5","Virginia","4/10/20","0","5","51011","1"
"Arlington","25","312","Virginia","4/10/20","135","177","51013","131.11"
"Augusta","2","15","Virginia","4/10/20","4","11","51015","275"
"Bedford","2","15","Virginia","4/10/20","3","12","51019","400"
"Botetourt","2","21","Virginia","4/10/20","8","13","51023","162.5"
"Bristol","0","1","Virginia","4/10/20","1","0","51520","0"
"Brunswick","0","2","Virginia","4/10/20","1","1","51025","100"
"Buchanan","0","1","Virginia","4/10/20","0","1","51027","1"
"Buckingham","1","10","Virginia","4/10/20","3","7","51029","233.33"
"Buena Vista","0","4","Virginia","4/10/20","1","3","51530","300"
"Campbell","1","7","Virginia","4/10/20","2","5","51031","250"
"Caroline","1","6","Virginia","4/10/20","1","5","51033","500"
"Carroll","0","3","Virginia","4/10/20","1","2","51035","200"
"Charles City","0","7","Virginia","4/10/20","4","3","51036","75"
"Charlotte","0","2","Virginia","4/10/20","0","2","51037","1"
"Charlottesville","2","28","Virginia","4/10/20","17","11","51540","64.71"
"Chesapeake","8","109","Virginia","4/10/20","50","59","51550","118"
"Chesterfield","13","179","Virginia","4/10/20","89","90","51041","101.12"
"Clarke","0","3","Virginia","4/10/20","2","1","51043","50"
"Colonial Heights","1","4","Virginia","4/10/20","0","4","51570","1"
"Covington","0","1","Virginia","4/10/20","1","0","51580","0"
"Craig","0","2","Virginia","4/10/20","0","2","51045","1"
"Culpeper","1","14","Virginia","4/10/20","7","7","51047","100"
"Cumberland","1","8","Virginia","4/10/20","1","7","51049","700"
"Danville","2","20","Virginia","4/10/20","9","11","51590","122.22"
"Dinwiddie","0","3","Virginia","4/10/20","0","3","51053","1"
"Emporia","1","5","Virginia","4/10/20","1","4","51595","400"
"Fairfax","58","777","Virginia","4/10/20","372","405","51059","108.87"
"Fairfax City","0","1","Virginia","4/10/20","0","1","51600","1"
"Fauquier","2","23","Virginia","4/10/20","9","14","51061","155.56"
"Fluvanna","1","15","Virginia","4/10/20","5","10","51065","200"
"Franklin","1","13","Virginia","4/10/20","9","4","51067","44.44"
"Franklin City","0","6","Virginia","4/10/20","3","3","51620","100"
"Frederick","6","62","Virginia","4/10/20","20","42","51069","210"
"Fredericksburg","1","10","Virginia","4/10/20","4","6","51630","150"
"Galax","0","1","Virginia","4/10/20","1","0","51640","0"
"Giles","0","2","Virginia","4/10/20","0","2","51071","1"
"Gloucester","1","18","Virginia","4/10/20","8","10","51073","125"
"Goochland","3","26","Virginia","4/10/20","8","18","51075","225"
"Greene","0","4","Virginia","4/10/20","1","3","51079","300"
"Greensville","0","7","Virginia","4/10/20","4","3","51081","75"
"Halifax","1","5","Virginia","4/10/20","1","4","51083","400"
"Hampton","5","62","Virginia","4/10/20","29","33","51650","113.79"
"Hanover","3","31","Virginia","4/10/20","12","19","51085","158.33"
"Harrisonburg","5","57","Virginia","4/10/20","22","35","51660","159.09"
"Henrico","33","342","Virginia","4/10/20","112","230","51087","205.36"
"Henry","0","5","Virginia","4/10/20","3","2","51089","66.67"
"Hopewell","1","14","Virginia","4/10/20","7","7","51670","100"
"Isle of Wight","2","24","Virginia","4/10/20","11","13","51093","118.18"
"James City","3","125","Virginia","4/10/20","104","21","51095","20.19"
"King and Queen","0","2","Virginia","4/10/20","1","1","51097","100"
"King George","1","14","Virginia","4/10/20","6","8","51099","133.33"
"King William","0","2","Virginia","4/10/20","1","1","51101","100"
"Lancaster","0","1","Virginia","4/10/20","1","0","51103","0"
"Lee","0","3","Virginia","4/10/20","2","1","51105","50"
"Lexington","0","3","Virginia","4/10/20","2","1","51678","50"
"Loudoun","21","274","Virginia","4/10/20","130","144","51107","110.77"
"Louisa","1","20","Virginia","4/10/20","12","8","51109","66.67"
"Lunenburg","0","2","Virginia","4/10/20","0","2","51111","1"
"Lynchburg","3","27","Virginia","4/10/20","9","18","51680","200"
"Madison","0","5","Virginia","4/10/20","2","3","51113","150"
"Manassas","2","29","Virginia","4/10/20","13","16","51683","123.08"
"Manassas Park","1","7","Virginia","4/10/20","2","5","51685","250"
"Mathews","0","2","Virginia","4/10/20","2","0","51115","0"
"Mecklenburg","6","48","Virginia","4/10/20","7","41","51117","585.71"
"Middlesex","0","3","Virginia","4/10/20","0","3","51119","1"
"Montgomery","2","18","Virginia","4/10/20","1","17","51121","1700"
"Nelson","0","4","Virginia","4/10/20","2","2","51125","100"
"New Kent","1","13","Virginia","4/10/20","6","7","51127","116.67"
"Newport News","4","68","Virginia","4/10/20","37","31","51700","83.78"
"Norfolk","6","88","Virginia","4/10/20","43","45","51710","104.65"
"Northampton","0","4","Virginia","4/10/20","2","2","51131","100"
"Northumberland","0","3","Virginia","4/10/20","3","0","51133","0"
"Nottoway","0","3","Virginia","4/10/20","1","2","51135","200"
"Orange","1","14","Virginia","4/10/20","4","10","51137","250"
"Page","0","5","Virginia","4/10/20","2","3","51139","150"
"Petersburg","1","13","Virginia","4/10/20","8","5","51730","62.5"
"Pittsylvania","0","4","Virginia","4/10/20","1","3","51143","300"
"Poquoson","0","6","Virginia","4/10/20","3","3","51735","100"
"Portsmouth","4","48","Virginia","4/10/20","17","31","51740","182.35"
"Powhatan","0","4","Virginia","4/10/20","4","0","51145","0"
"Prince Edward","0","5","Virginia","4/10/20","2","3","51147","150"
"Prince George","2","26","Virginia","4/10/20","10","16","51149","160"
"Prince William","29","337","Virginia","4/10/20","131","206","51153","157.25"
"Pulaski","0","4","Virginia","4/10/20","1","3","51155","300"
"Radford","0","1","Virginia","4/10/20","1","0","51750","0"
"Rappahannock","0","1","Virginia","4/10/20","0","1","51157","1"
"Richmond","1","5","Virginia","4/10/20","1","4","51159","400"
"Richmond City","9","139","Virginia","4/10/20","76","63","51760","82.89"
"Roanoke","1","13","Virginia","4/10/20","9","4","51161","44.44"
"Roanoke City","2","16","Virginia","4/10/20","4","12","51770","300"
"Rockbridge","0","3","Virginia","4/10/20","2","1","51163","50"
"Rockingham","3","31","Virginia","4/10/20","11","20","51165","181.82"
"Russell","0","1","Virginia","4/10/20","0","1","51167","1"
"Salem","0","1","Virginia","4/10/20","1","0","51775","0"
"Scott","0","3","Virginia","4/10/20","0","3","51169","1"
"Shenandoah","1","15","Virginia","4/10/20","10","5","51171","50"
"Smyth","1","9","Virginia","4/10/20","2","7","51173","350"
"Southampton","0","5","Virginia","4/10/20","4","1","51175","25"
"Spotsylvania","5","43","Virginia","4/10/20","11","32","51177","290.91"
"Stafford","4","60","Virginia","4/10/20","29","31","51179","106.9"
"Staunton","0","1","Virginia","4/10/20","0","1","51790","1"
"Suffolk","4","35","Virginia","4/10/20","10","25","51800","250"
"Surry","0","3","Virginia","4/10/20","3","0","51181","0"
"Sussex","1","8","Virginia","4/10/20","2","6","51183","300"
"Tazewell","0","4","Virginia","4/10/20","2","2","51185","100"
"Virginia Beach","14","224","Virginia","4/10/20","128","96","51810","75"
"Warren","1","10","Virginia","4/10/20","4","6","51187","150"
"Washington","2","17","Virginia","4/10/20","3","14","51191","466.67"
"Waynesboro","0","5","Virginia","4/10/20","3","2","51820","66.67"
"Westmoreland","1","8","Virginia","4/10/20","1","7","51193","700"
"Williamsburg","1","17","Virginia","4/10/20","9","8","51830","88.89"
"Winchester","1","16","Virginia","4/10/20","9","7","51840","77.78"
"Wise","1","8","Virginia","4/10/20","1","7","51195","700"
"Wythe","1","7","Virginia","4/10/20","2","5","51197","250"
"York","1","25","Virginia","4/10/20","17","8","51199","47.06"
"Adams","1","30","Washington","4/10/20","20","10","53001","50"
"Asotin","1","4","Washington","4/10/20","0","4","53003","1"
"Benton","14","233","Washington","4/10/20","136","97","53005","71.32"
"Chelan","4","45","Washington","4/10/20","20","25","53007","125"
"Clallam","0","11","Washington","4/10/20","8","3","53009","37.5"
"Clark","10","206","Washington","4/10/20","137","69","53011","50.36"
"Columbia","0","1","Washington","4/10/20","1","0","53013","0"
"Cowlitz","1","23","Washington","4/10/20","18","5","53015","27.78"
"Douglas","1","13","Washington","4/10/20","6","7","53017","116.67"
"Ferry","0","1","Washington","4/10/20","1","0","53019","0"
"Franklin","7","97","Washington","4/10/20","45","52","53021","115.56"
"Grant","4","101","Washington","4/10/20","75","26","53025","34.67"
"Grays Harbor","1","8","Washington","4/10/20","2","6","53027","300"
"Island","5","155","Washington","4/10/20","119","36","53029","30.25"
"Jefferson","1","28","Washington","4/10/20","19","9","53031","47.37"
"King","190","4117","Washington","4/10/20","2787","1330","53033","47.72"
"Kitsap","4","126","Washington","4/10/20","95","31","53035","32.63"
"Kittitas","1","15","Washington","4/10/20","10","5","53037","50"
"Klickitat","0","12","Washington","4/10/20","9","3","53039","33.33"
"Lewis","1","18","Washington","4/10/20","12","6","53041","50"
"Lincoln","0","1","Washington","4/10/20","1","0","53043","0"
"Mason","1","18","Washington","4/10/20","13","5","53045","38.46"
"Okanogan","1","12","Washington","4/10/20","4","8","53047","200"
"Pend Oreille","0","1","Washington","4/10/20","1","0","53051","0"
"Pierce","43","875","Washington","4/10/20","571","304","53053","53.24"
"San Juan","1","12","Washington","4/10/20","6","6","53055","100"
"Skagit","4","178","Washington","4/10/20","153","25","53057","16.34"
"Skamania","0","2","Washington","4/10/20","1","1","53059","100"
"Snohomish","61","1802","Washington","4/10/20","1376","426","53061","30.96"
"Spokane","8","251","Washington","4/10/20","194","57","53063","29.38"
"Stevens","0","6","Washington","4/10/20","5","1","53065","20"
"Thurston","3","81","Washington","4/10/20","58","23","53067","39.66"
"Wahkiakum","0","2","Washington","4/10/20","1","1","53069","100"
"Walla Walla","1","17","Washington","4/10/20","8","9","53071","112.5"
"Whatcom","10","250","Washington","4/10/20","182","68","53073","37.36"
"Whitman","0","12","Washington","4/10/20","11","1","53075","9.09"
"Yakima","30","447","Washington","4/10/20","240","207","53077","86.25"
"Barbour","0","4","West Virginia","4/10/20","1","3","54001","300"
"Berkeley","7","89","West Virginia","4/10/20","37","52","54003","140.54"
"Boone","0","1","West Virginia","4/10/20","0","1","54005","1"
"Braxton","0","1","West Virginia","4/10/20","0","1","54007","1"
"Brooke","0","3","West Virginia","4/10/20","0","3","54009","1"
"Cabell","2","21","West Virginia","4/10/20","5","16","54011","320"
"Fayette","0","3","West Virginia","4/10/20","0","3","54019","1"
"Greenbrier","0","3","West Virginia","4/10/20","3","0","54025","0"
"Hampshire","0","3","West Virginia","4/10/20","0","3","54027","1"
"Hancock","0","7","West Virginia","4/10/20","5","2","54029","40"
"Hardy","0","2","West Virginia","4/10/20","2","0","54031","0"
"Harrison","2","28","West Virginia","4/10/20","17","11","54033","64.71"
"Jackson","2","23","West Virginia","4/10/20","11","12","54035","109.09"
"Jefferson","5","46","West Virginia","4/10/20","12","34","54037","283.33"
"Kanawha","6","82","West Virginia","4/10/20","40","42","54039","105"
"Lewis","0","2","West Virginia","4/10/20","0","2","54041","1"
"Logan","1","8","West Virginia","4/10/20","4","4","54045","100"
"Marion","3","32","West Virginia","4/10/20","11","21","54049","190.91"
"Marshall","0","6","West Virginia","4/10/20","4","2","54051","50"
"Mason","1","7","West Virginia","4/10/20","3","4","54053","133.33"
"McDowell","1","4","West Virginia","4/10/20","0","4","54047","1"
"Mercer","1","8","West Virginia","4/10/20","3","5","54055","166.67"
"Mineral","0","3","West Virginia","4/10/20","2","1","54057","50"
"Monongalia","6","78","West Virginia","4/10/20","35","43","54061","122.86"
"Monroe","0","1","West Virginia","4/10/20","0","1","54063","1"
"Morgan","1","5","West Virginia","4/10/20","1","4","54065","400"
"Nicholas","0","2","West Virginia","4/10/20","0","2","54067","1"
"Ohio","1","21","West Virginia","4/10/20","11","10","54069","90.91"
"Pendleton","0","1","West Virginia","4/10/20","1","0","54071","0"
"Pleasants","0","1","West Virginia","4/10/20","1","0","54073","0"
"Preston","0","6","West Virginia","4/10/20","4","2","54077","50"
"Putnam","1","10","West Virginia","4/10/20","5","5","54079","100"
"Raleigh","0","5","West Virginia","4/10/20","3","2","54081","66.67"
"Randolph","0","3","West Virginia","4/10/20","2","1","54083","50"
"Roane","0","2","West Virginia","4/10/20","2","0","54087","0"
"Taylor","0","3","West Virginia","4/10/20","0","3","54091","1"
"Tucker","0","3","West Virginia","4/10/20","3","0","54093","0"
"Tyler","0","3","West Virginia","4/10/20","0","3","54095","1"
"Upshur","0","3","West Virginia","4/10/20","1","2","54097","200"
"Wayne","2","17","West Virginia","4/10/20","0","17","54099","1"
"Wetzel","0","3","West Virginia","4/10/20","2","1","54103","50"
"Wirt","0","2","West Virginia","4/10/20","1","1","54105","100"
"Wood","2","18","West Virginia","4/10/20","5","13","54107","260"
"Wyoming","0","1","West Virginia","4/10/20","0","1","54109","1"
"Adams","0","2","Wisconsin","4/10/20","1","1","55001","100"
"Ashland","0","1","Wisconsin","4/10/20","1","0","55003","0"
"Barron","1","6","Wisconsin","4/10/20","1","5","55005","500"
"Bayfield","0","3","Wisconsin","4/10/20","3","0","55007","0"
"Brown","4","55","Wisconsin","4/10/20","24","31","55009","129.17"
"Buffalo","0","2","Wisconsin","4/10/20","2","0","55011","0"
"Calumet","0","4","Wisconsin","4/10/20","3","1","55015","33.33"
"Chippewa","1","18","Wisconsin","4/10/20","14","4","55017","28.57"
"Clark","0","7","Wisconsin","4/10/20","6","1","55019","16.67"
"Columbia","1","24","Wisconsin","4/10/20","18","6","55021","33.33"
"Crawford","0","3","Wisconsin","4/10/20","1","2","55023","200"
"Dane","9","313","Wisconsin","4/10/20","252","61","55025","24.21"
"Dodge","1","18","Wisconsin","4/10/20","14","4","55027","28.57"
"Door","1","8","Wisconsin","4/10/20","2","6","55029","300"
"Douglas","0","7","Wisconsin","4/10/20","7","0","55031","0"
"Dunn","0","8","Wisconsin","4/10/20","5","3","55033","60"
"Eau Claire","1","21","Wisconsin","4/10/20","16","5","55035","31.25"
"Florence","0","2","Wisconsin","4/10/20","0","2","55037","1"
"Fond du Lac","3","52","Wisconsin","4/10/20","30","22","55039","73.33"
"Grant","0","4","Wisconsin","4/10/20","2","2","55043","100"
"Green","0","9","Wisconsin","4/10/20","8","1","55045","12.5"
"Iowa","0","4","Wisconsin","4/10/20","3","1","55049","33.33"
"Iron","0","1","Wisconsin","4/10/20","1","0","55051","0"
"Jackson","1","10","Wisconsin","4/10/20","2","8","55053","400"
"Jefferson","1","21","Wisconsin","4/10/20","13","8","55055","61.54"
"Juneau","0","5","Wisconsin","4/10/20","4","1","55057","25"
"Kenosha","9","147","Wisconsin","4/10/20","81","66","55059","81.48"
"Kewaunee","0","1","Wisconsin","4/10/20","0","1","55061","1"
"La Crosse","1","25","Wisconsin","4/10/20","19","6","55063","31.58"
"Lafayette","0","2","Wisconsin","4/10/20","0","2","55065","1"
"Manitowoc","0","3","Wisconsin","4/10/20","0","3","55071","1"
"Marathon","0","12","Wisconsin","4/10/20","9","3","55073","33.33"
"Marinette","0","3","Wisconsin","4/10/20","2","1","55075","50"
"Marquette","0","2","Wisconsin","4/10/20","2","0","55077","0"
"Menominee","0","1","Wisconsin","4/10/20","1","0","55078","0"
"Milwaukee","79","1575","Wisconsin","4/10/20","1023","552","55079","53.96"
"Monroe","1","8","Wisconsin","4/10/20","3","5","55081","166.67"
"Oconto","0","3","Wisconsin","4/10/20","1","2","55083","200"
"Oneida","0","5","Wisconsin","4/10/20","3","2","55085","66.67"
"Outagamie","1","29","Wisconsin","4/10/20","19","10","55087","52.63"
"Ozaukee","3","71","Wisconsin","4/10/20","50","21","55089","42"
"Pepin","-1","0","Wisconsin","4/10/20","7","-7","55091","-100"
"Pierce","0","7","Wisconsin","4/10/20","7","0","55093","0"
"Polk","0","1","Wisconsin","4/10/20","0","1","55095","1"
"Portage","0","4","Wisconsin","4/10/20","3","1","55097","33.33"
"Racine","8","100","Wisconsin","4/10/20","41","59","55101","143.9"
"Richland","0","4","Wisconsin","4/10/20","2","2","55103","100"
"Rock","4","51","Wisconsin","4/10/20","20","31","55105","155"
"Rusk","0","3","Wisconsin","4/10/20","1","2","55107","200"
"Sauk","1","25","Wisconsin","4/10/20","18","7","55111","38.89"
"Sawyer","0","1","Wisconsin","4/10/20","0","1","55113","1"
"Shawano","1","5","Wisconsin","4/10/20","0","5","55115","1"
"Sheboygan","2","33","Wisconsin","4/10/20","20","13","55117","65"
"St. Croix","0","7","Wisconsin","4/10/20","7","0","55109","0"
"Trempealeau","0","1","Wisconsin","4/10/20","1","0","55121","0"
"Vilas","0","4","Wisconsin","4/10/20","3","1","55125","33.33"
"Walworth","3","35","Wisconsin","4/10/20","15","20","55127","133.33"
"Washington","2","67","Wisconsin","4/10/20","52","15","55131","28.85"
"Waukesha","7","193","Wisconsin","4/10/20","141","52","55133","36.88"
"Waupaca","0","3","Wisconsin","4/10/20","2","1","55135","50"
"Waushara","0","2","Wisconsin","4/10/20","0","2","55137","1"
"Winnebago","0","25","Wisconsin","4/10/20","24","1","55139","4.17"
"Wood","0","2","Wisconsin","4/10/20","2","0","55141","0"
"Albany","0","4","Wyoming","4/10/20","4","0","56001","0"
"Campbell","0","9","Wyoming","4/10/20","6","3","56005","50"
"Carbon","0","4","Wyoming","4/10/20","3","1","56007","33.33"
"Converse","0","4","Wyoming","4/10/20","3","1","56009","33.33"
"Crook","0","3","Wyoming","4/10/20","0","3","56011","1"
"Fremont","2","38","Wyoming","4/10/20","27","11","56013","40.74"
"Goshen","0","3","Wyoming","4/10/20","2","1","56015","50"
"Johnson","0","9","Wyoming","4/10/20","8","1","56019","12.5"
"Laramie","2","54","Wyoming","4/10/20","37","17","56021","45.95"
"Lincoln","0","4","Wyoming","4/10/20","1","3","56023","300"
"Natrona","1","27","Wyoming","4/10/20","21","6","56025","28.57"
"Niobrara","0","1","Wyoming","4/10/20","0","1","56027","1"
"Park","0","1","Wyoming","4/10/20","1","0","56029","0"
"Sheridan","0","12","Wyoming","4/10/20","10","2","56033","20"
"Sublette","0","1","Wyoming","4/10/20","1","0","56035","0"
"Sweetwater","0","6","Wyoming","4/10/20","3","3","56037","100"
"Teton","3","50","Wyoming","4/10/20","32","18","56039","56.25"
"Uinta","0","4","Wyoming","4/10/20","1","3","56041","300"
"Washakie","0","5","Wyoming","4/10/20","2","3","56043","150"
