"Locality","DailyAvgNewCasesPast7Days","TotalCases","State","Date","TotalCases7DaysAgo","NewCasesPast7Days","FIPS-Code","PercentIncreaseTotalCasesPast7Days"
"Autauga","1","26","Alabama","4/17/20","17","9","01001","52.94"
"Baldwin","6","103","Alabama","4/17/20","59","44","01003","74.58"
"Barbour","1","15","Alabama","4/17/20","9","6","01005","66.67"
"Bibb","2","24","Alabama","4/17/20","11","13","01007","118.18"
"Blount","1","20","Alabama","4/17/20","12","8","01009","66.67"
"Bullock","1","8","Alabama","4/17/20","4","4","01011","100"
"Butler","2","16","Alabama","4/17/20","3","13","01013","433.33"
"Calhoun","1","63","Alabama","4/17/20","54","9","01015","16.67"
"Chambers","10","236","Alabama","4/17/20","168","68","01017","40.48"
"Cherokee","1","12","Alabama","4/17/20","7","5","01019","71.43"
"Chilton","2","37","Alabama","4/17/20","26","11","01021","42.31"
"Choctaw","1","13","Alabama","4/17/20","6","7","01023","116.67"
"Clarke","2","24","Alabama","4/17/20","13","11","01025","84.62"
"Clay","0","14","Alabama","4/17/20","11","3","01027","27.27"
"Cleburne","0","12","Alabama","4/17/20","12","0","01029","0"
"Coffee","5","51","Alabama","4/17/20","14","37","01031","264.29"
"Colbert","1","13","Alabama","4/17/20","8","5","01033","62.5"
"Conecuh","1","8","Alabama","4/17/20","3","5","01035","166.67"
"Coosa","1","20","Alabama","4/17/20","10","10","01037","100"
"Covington","1","19","Alabama","4/17/20","10","9","01039","90"
"Crenshaw","0","5","Alabama","4/17/20","2","3","01041","150"
"Cullman","3","53","Alabama","4/17/20","30","23","01043","76.67"
"Dale","1","14","Alabama","4/17/20","6","8","01045","133.33"
"Dallas","1","21","Alabama","4/17/20","11","10","01047","90.91"
"DeKalb","2","34","Alabama","4/17/20","17","17","01049","100"
"Elmore","4","54","Alabama","4/17/20","29","25","01051","86.21"
"Escambia","1","14","Alabama","4/17/20","5","9","01053","180"
"Etowah","3","87","Alabama","4/17/20","63","24","01055","38.1"
"Fayette","0","4","Alabama","4/17/20","2","2","01057","100"
"Franklin","1","18","Alabama","4/17/20","8","10","01059","125"
"Geneva","0","2","Alabama","4/17/20","0","2","01061","1"
"Greene","2","24","Alabama","4/17/20","13","11","01063","84.62"
"Hale","2","22","Alabama","4/17/20","7","15","01065","214.29"
"Henry","1","16","Alabama","4/17/20","10","6","01067","60"
"Houston","4","64","Alabama","4/17/20","33","31","01069","93.94"
"Jackson","1","32","Alabama","4/17/20","22","10","01071","45.45"
"Jefferson","16","651","Alabama","4/17/20","536","115","01073","21.46"
"Lamar","0","7","Alabama","4/17/20","7","0","01075","0"
"Lauderdale","0","23","Alabama","4/17/20","20","3","01077","15"
"Lawrence","0","8","Alabama","4/17/20","8","0","01079","0"
"Lee","13","301","Alabama","4/17/20","209","92","01081","44.02"
"Limestone","1","40","Alabama","4/17/20","36","4","01083","11.11"
"Lowndes","2","25","Alabama","4/17/20","12","13","01085","108.33"
"Macon","2","24","Alabama","4/17/20","9","15","01087","166.67"
"Madison","6","217","Alabama","4/17/20","178","39","01089","21.91"
"Marengo","1","24","Alabama","4/17/20","15","9","01091","60"
"Marion","3","61","Alabama","4/17/20","39","22","01093","56.41"
"Marshall","8","122","Alabama","4/17/20","69","53","01095","76.81"
"Mobile","38","621","Alabama","4/17/20","358","263","01097","73.46"
"Monroe","0","7","Alabama","4/17/20","6","1","01099","16.67"
"Montgomery","16","207","Alabama","4/17/20","92","115","01101","125"
"Morgan","1","46","Alabama","4/17/20","36","10","01103","27.78"
"Perry","1","9","Alabama","4/17/20","3","6","01105","200"
"Pickens","2","32","Alabama","4/17/20","19","13","01107","68.42"
"Pike","2","29","Alabama","4/17/20","18","11","01109","61.11"
"Randolph","4","51","Alabama","4/17/20","22","29","01111","131.82"
"Russell","2","35","Alabama","4/17/20","20","15","01113","75"
"Shelby","9","248","Alabama","4/17/20","184","64","01117","34.78"
"St. Clair","2","52","Alabama","4/17/20","37","15","01115","40.54"
"Sumter","2","33","Alabama","4/17/20","18","15","01119","83.33"
"Talladega","1","42","Alabama","4/17/20","32","10","01121","31.25"
"Tallapoosa","15","160","Alabama","4/17/20","53","107","01123","201.89"
"Tuscaloosa","9","152","Alabama","4/17/20","91","61","01125","67.03"
"Walker","2","83","Alabama","4/17/20","72","11","01127","15.28"
"Washington","0","14","Alabama","4/17/20","11","3","01129","27.27"
"Wilcox","3","40","Alabama","4/17/20","18","22","01131","122.22"
"Winston","1","9","Alabama","4/17/20","4","5","01133","125"
"Anchorage","5","150","Alaska","4/17/20","112","38","02020","33.93"
"Bethel","0","1","Alaska","4/17/20","1","0","02050","0"
"Fairbanks North Star","0","79","Alaska","4/17/20","76","3","02090","3.95"
"Juneau","1","24","Alaska","4/17/20","15","9","02110","60"
"Kenai Peninsula","0","17","Alaska","4/17/20","15","2","02122","13.33"
"Ketchikan Gateway","0","15","Alaska","4/17/20","14","1","02130","7.14"
"Kodiak Island","0","1","Alaska","4/17/20","0","1","02150","1"
"Matanuska-Susitna","1","15","Alaska","4/17/20","9","6","02170","66.67"
"Nome","0","1","Alaska","4/17/20","0","1","02180","1"
"Petersburg","0","2","Alaska","4/17/20","2","0","02195","0"
"Prince of Wales-Hyder","0","2","Alaska","4/17/20","0","2","02198","1"
"Southeast Fairbanks","0","1","Alaska","4/17/20","1","0","02240","0"
"Yukon-Koyukuk","0","1","Alaska","4/17/20","1","0","02290","0"
"Apache","12","141","Arizona","4/17/20","55","86","04001","156.36"
"Cochise","1","20","Arizona","4/17/20","11","9","04003","81.82"
"Coconino","13","304","Arizona","4/17/20","214","90","04005","42.06"
"Gila","0","5","Arizona","4/17/20","3","2","04007","66.67"
"Graham","0","2","Arizona","4/17/20","2","0","04009","0"
"Greenlee","0","2","Arizona","4/17/20","1","1","04011","100"
"La Paz","0","5","Arizona","4/17/20","4","1","04012","25"
"Maricopa","95","2404","Arizona","4/17/20","1741","663","04013","38.08"
"Mohave","3","51","Arizona","4/17/20","28","23","04015","82.14"
"Navajo","21","435","Arizona","4/17/20","287","148","04017","51.57"
"Pima","39","819","Arizona","4/17/20","543","276","04019","50.83"
"Pinal","11","212","Arizona","4/17/20","138","74","04021","53.62"
"Santa Cruz","1","14","Arizona","4/17/20","7","7","04023","100"
"Yavapai","1","69","Arizona","4/17/20","62","7","04025","11.29"
"Yuma","2","28","Arizona","4/17/20","16","12","04027","75"
"Arkansas","0","2","Arkansas","4/17/20","2","0","05001","0"
"Ashley","0","11","Arkansas","4/17/20","9","2","05003","22.22"
"Baxter","0","4","Arkansas","4/17/20","4","0","05005","0"
"Benton","2","62","Arkansas","4/17/20","47","15","05007","31.91"
"Boone","0","3","Arkansas","4/17/20","3","0","05009","0"
"Bradley","0","7","Arkansas","4/17/20","6","1","05011","16.67"
"Carroll","0","2","Arkansas","4/17/20","2","0","05015","0"
"Chicot","0","7","Arkansas","4/17/20","4","3","05017","75"
"Clark","0","27","Arkansas","4/17/20","27","0","05019","0"
"Clay","0","1","Arkansas","4/17/20","1","0","05021","0"
"Cleburne","0","70","Arkansas","4/17/20","69","1","05023","1.45"
"Cleveland","0","8","Arkansas","4/17/20","8","0","05025","0"
"Columbia","0","4","Arkansas","4/17/20","3","1","05027","33.33"
"Conway","0","5","Arkansas","4/17/20","4","1","05029","25"
"Craighead","2","40","Arkansas","4/17/20","29","11","05031","37.93"
"Crawford","0","4","Arkansas","4/17/20","3","1","05033","33.33"
"Crittenden","6","127","Arkansas","4/17/20","86","41","05035","47.67"
"Cross","0","8","Arkansas","4/17/20","6","2","05037","33.33"
"Dallas","0","1","Arkansas","4/17/20","1","0","05039","0"
"Desha","0","6","Arkansas","4/17/20","6","0","05041","0"
"Drew","0","6","Arkansas","4/17/20","5","1","05043","20"
"Faulkner","0","59","Arkansas","4/17/20","56","3","05045","5.36"
"Franklin","0","1","Arkansas","4/17/20","1","0","05047","0"
"Garland","6","107","Arkansas","4/17/20","66","41","05051","62.12"
"Grant","1","11","Arkansas","4/17/20","7","4","05053","57.14"
"Greene","0","6","Arkansas","4/17/20","6","0","05055","0"
"Hempstead","0","4","Arkansas","4/17/20","3","1","05057","33.33"
"Hot Spring","0","8","Arkansas","4/17/20","8","0","05059","0"
"Howard","1","12","Arkansas","4/17/20","6","6","05061","100"
"Independence","0","7","Arkansas","4/17/20","5","2","05063","40"
"Izard","0","2","Arkansas","4/17/20","1","1","05065","100"
"Jackson","0","1","Arkansas","4/17/20","0","1","05067","1"
"Jefferson","3","113","Arkansas","4/17/20","91","22","05069","24.18"
"Johnson","1","20","Arkansas","4/17/20","12","8","05071","66.67"
"Lafayette","0","5","Arkansas","4/17/20","2","3","05073","150"
"Lawrence","2","24","Arkansas","4/17/20","9","15","05075","166.67"
"Lee","0","3","Arkansas","4/17/20","2","1","05077","50"
"Lincoln","12","94","Arkansas","4/17/20","10","84","05079","840"
"Logan","0","2","Arkansas","4/17/20","1","1","05083","100"
"Lonoke","1","30","Arkansas","4/17/20","26","4","05085","15.38"
"Madison","0","1","Arkansas","4/17/20","1","0","05087","0"
"Marion","0","1","Arkansas","4/17/20","0","1","05089","1"
"Miller","1","29","Arkansas","4/17/20","20","9","05091","45"
"Mississippi","0","8","Arkansas","4/17/20","6","2","05093","33.33"
"Monroe","0","2","Arkansas","4/17/20","1","1","05095","100"
"Nevada","0","1","Arkansas","4/17/20","1","0","05099","0"
"Newton","0","2","Arkansas","4/17/20","1","1","05101","100"
"Ouachita","0","5","Arkansas","4/17/20","5","0","05103","0"
"Perry","0","3","Arkansas","4/17/20","2","1","05105","50"
"Phillips","0","4","Arkansas","4/17/20","3","1","05107","33.33"
"Pike","0","2","Arkansas","4/17/20","2","0","05109","0"
"Poinsett","0","10","Arkansas","4/17/20","7","3","05111","42.86"
"Polk","0","7","Arkansas","4/17/20","6","1","05113","16.67"
"Pope","1","33","Arkansas","4/17/20","23","10","05115","43.48"
"Prairie","0","2","Arkansas","4/17/20","2","0","05117","0"
"Pulaski","19","360","Arkansas","4/17/20","225","135","05119","60"
"Randolph","0","10","Arkansas","4/17/20","7","3","05121","42.86"
"Saline","1","37","Arkansas","4/17/20","31","6","05125","19.35"
"Scott","0","1","Arkansas","4/17/20","1","0","05127","0"
"Searcy","0","6","Arkansas","4/17/20","6","0","05129","0"
"Sebastian","0","11","Arkansas","4/17/20","9","2","05131","22.22"
"Sevier","0","8","Arkansas","4/17/20","6","2","05133","33.33"
"Sharp","0","2","Arkansas","4/17/20","2","0","05135","0"
"St. Francis","5","63","Arkansas","4/17/20","31","32","05123","103.23"
"Stone","0","7","Arkansas","4/17/20","7","0","05137","0"
"Union","1","20","Arkansas","4/17/20","16","4","05139","25"
"Van Buren","0","26","Arkansas","4/17/20","26","0","05141","0"
"Washington","1","45","Arkansas","4/17/20","37","8","05143","21.62"
"White","0","29","Arkansas","4/17/20","27","2","05145","7.41"
"Woodruff","0","1","Arkansas","4/17/20","1","0","05147","0"
"Yell","0","2","Arkansas","4/17/20","1","1","05149","100"
"Alameda","42","1063","California","4/17/20","766","297","06001","38.77"
"Alpine","0","2","California","4/17/20","1","1","06003","100"
"Amador","0","7","California","4/17/20","7","0","06005","0"
"Butte","0","16","California","4/17/20","13","3","06007","23.08"
"Calaveras","0","11","California","4/17/20","8","3","06009","37.5"
"Colusa","0","3","California","4/17/20","3","0","06011","0"
"Contra Costa","20","648","California","4/17/20","511","137","06013","26.81"
"Del Norte","0","2","California","4/17/20","2","0","06015","0"
"El Dorado","1","36","California","4/17/20","30","6","06017","20"
"Fresno","17","295","California","4/17/20","173","122","06019","70.52"
"Glenn","0","4","California","4/17/20","3","1","06021","33.33"
"Humboldt","0","52","California","4/17/20","50","2","06023","4"
"Imperial","9","143","California","4/17/20","79","64","06025","81.01"
"Inyo","1","17","California","4/17/20","12","5","06027","41.67"
"Kern","34","578","California","4/17/20","337","241","06029","71.51"
"Kings","1","18","California","4/17/20","8","10","06031","125"
"Lake","0","6","California","4/17/20","4","2","06033","50"
"Los Angeles","422","11400","California","4/17/20","8443","2957","06037","35.02"
"Madera","0","33","California","4/17/20","30","3","06039","10"
"Marin","5","187","California","4/17/20","154","33","06041","21.43"
"Mendocino","0","4","California","4/17/20","4","0","06045","0"
"Merced","4","82","California","4/17/20","52","30","06047","57.69"
"Mono","0","23","California","4/17/20","20","3","06051","15"
"Monterey","7","119","California","4/17/20","71","48","06053","67.61"
"Napa","2","44","California","4/17/20","32","12","06055","37.5"
"Nevada","0","34","California","4/17/20","34","0","06057","0"
"Orange","52","1501","California","4/17/20","1138","363","06059","31.9"
"Placer","1","130","California","4/17/20","123","7","06061","5.69"
"Plumas","0","4","California","4/17/20","3","1","06063","33.33"
"Riverside","158","2457","California","4/17/20","1350","1107","06065","82"
"Sacramento","35","896","California","4/17/20","653","243","06067","37.21"
"San Benito","1","44","California","4/17/20","34","10","06069","29.41"
"San Bernardino","43","1032","California","4/17/20","729","303","06071","41.56"
"San Diego","66","2087","California","4/17/20","1628","459","06073","28.19"
"San Francisco","37","1058","California","4/17/20","797","261","06075","32.75"
"San Joaquin","17","371","California","4/17/20","253","118","06077","46.64"
"San Luis Obispo","3","127","California","4/17/20","104","23","06079","22.12"
"San Mateo","23","797","California","4/17/20","638","159","06081","24.92"
"Santa Barbara","16","354","California","4/17/20","243","111","06083","45.68"
"Santa Clara","61","1870","California","4/17/20","1442","428","06085","29.68"
"Santa Cruz","3","98","California","4/17/20","80","18","06087","22.5"
"Shasta","0","26","California","4/17/20","24","2","06089","8.33"
"Siskiyou","0","5","California","4/17/20","5","0","06093","0"
"Solano","8","169","California","4/17/20","115","54","06095","46.96"
"Sonoma","4","172","California","4/17/20","142","30","06097","21.13"
"Stanislaus","12","187","California","4/17/20","103","84","06099","81.55"
"Sutter","-2","24","California","4/17/20","37","-13","06101","-35.14"
"Tehama","0","1","California","4/17/20","1","0","06103","0"
"Tulare","26","382","California","4/17/20","203","179","06107","88.18"
"Tuolumne","0","2","California","4/17/20","1","1","06109","100"
"Ventura","14","396","California","4/17/20","298","98","06111","32.89"
"Yolo","8","125","California","4/17/20","71","54","06113","76.06"
"Yuba","0","15","California","4/17/20","15","0","06115","0"
"Adams","45","860","Colorado","4/17/20","543","317","08001","58.38"
"Alamosa","0","7","Colorado","4/17/20","7","0","08003","0"
"Arapahoe","70","1419","Colorado","4/17/20","931","488","08005","52.42"
"Archuleta","0","6","Colorado","4/17/20","6","0","08007","0"
"Baca","0","10","Colorado","4/17/20","9","1","08009","11.11"
"Boulder","13","327","Colorado","4/17/20","234","93","08013","39.74"
"Broomfield","4","98","Colorado","4/17/20","68","30","08014","44.12"
"Chaffee","1","35","Colorado","4/17/20","27","8","08015","29.63"
"Clear Creek","0","11","Colorado","4/17/20","11","0","08019","0"
"Costilla","0","3","Colorado","4/17/20","3","0","08023","0"
"Crowley","0","2","Colorado","4/17/20","1","1","08025","100"
"Custer","0","2","Colorado","4/17/20","2","0","08027","0"
"Delta","1","16","Colorado","4/17/20","6","10","08029","166.67"
"Denver","75","1636","Colorado","4/17/20","1113","523","08031","46.99"
"Douglas","10","353","Colorado","4/17/20","282","71","08035","25.18"
"Eagle","8","482","Colorado","4/17/20","426","56","08037","13.15"
"El Paso","23","708","Colorado","4/17/20","550","158","08041","28.73"
"Elbert","1","20","Colorado","4/17/20","13","7","08039","53.85"
"Fremont","1","9","Colorado","4/17/20","5","4","08043","80"
"Garfield","2","65","Colorado","4/17/20","52","13","08045","25"
"Gilpin","0","1","Colorado","4/17/20","1","0","08047","0"
"Grand","0","4","Colorado","4/17/20","4","0","08049","0"
"Gunnison","2","112","Colorado","4/17/20","101","11","08051","10.89"
"Hinsdale","0","3","Colorado","4/17/20","1","2","08053","200"
"Huerfano","0","1","Colorado","4/17/20","1","0","08055","0"
"Jefferson","29","888","Colorado","4/17/20","683","205","08059","30.01"
"Kit Carson","1","13","Colorado","4/17/20","6","7","08063","116.67"
"La Plata","1","51","Colorado","4/17/20","44","7","08067","15.91"
"Lake","1","8","Colorado","4/17/20","4","4","08065","100"
"Larimer","7","224","Colorado","4/17/20","177","47","08069","26.55"
"Las Animas","0","3","Colorado","4/17/20","2","1","08071","50"
"Lincoln","0","3","Colorado","4/17/20","1","2","08073","200"
"Logan","1","17","Colorado","4/17/20","13","4","08075","30.77"
"Mesa","0","34","Colorado","4/17/20","34","0","08077","0"
"Mineral","0","2","Colorado","4/17/20","2","0","08079","0"
"Moffat","0","3","Colorado","4/17/20","3","0","08081","0"
"Montezuma","0","13","Colorado","4/17/20","12","1","08083","8.33"
"Montrose","5","70","Colorado","4/17/20","38","32","08085","84.21"
"Morgan","12","135","Colorado","4/17/20","51","84","08087","164.71"
"Otero","0","6","Colorado","4/17/20","5","1","08089","20"
"Ouray","0","5","Colorado","4/17/20","4","1","08091","25"
"Park","0","6","Colorado","4/17/20","6","0","08093","0"
"Phillips","0","5","Colorado","4/17/20","4","1","08095","25"
"Pitkin","1","51","Colorado","4/17/20","47","4","08097","8.51"
"Prowers","0","1","Colorado","4/17/20","1","0","08099","0"
"Pueblo","4","78","Colorado","4/17/20","50","28","08101","56"
"Rio Blanco","0","1","Colorado","4/17/20","1","0","08103","0"
"Rio Grande","0","7","Colorado","4/17/20","5","2","08105","40"
"Routt","2","46","Colorado","4/17/20","35","11","08107","31.43"
"Saguache","0","3","Colorado","4/17/20","3","0","08109","0"
"San Miguel","0","13","Colorado","4/17/20","11","2","08113","18.18"
"Summit","4","93","Colorado","4/17/20","64","29","08117","45.31"
"Teller","1","18","Colorado","4/17/20","12","6","08119","50"
"Washington","0","5","Colorado","4/17/20","2","3","08121","150"
"Weld","48","986","Colorado","4/17/20","649","337","08123","51.93"
"Yuma","0","2","Colorado","4/17/20","2","0","08125","0"
"Fairfield","281","7146","Connecticut","4/17/20","5180","1966","09001","37.95"
"Hartford","200","3015","Connecticut","4/17/20","1615","1400","09003","86.69"
"Litchfield","32","569","Connecticut","4/17/20","346","223","09005","64.45"
"Middlesex","26","422","Connecticut","4/17/20","240","182","09007","75.83"
"New Haven","305","4520","Connecticut","4/17/20","2383","2137","09009","89.68"
"New London","19","292","Connecticut","4/17/20","156","136","09011","87.18"
"Tolland","15","258","Connecticut","4/17/20","152","106","09013","69.74"
"Windham","5","92","Connecticut","4/17/20","59","33","09015","55.93"
"Kent","22","384","Delaware","4/17/20","230","154","10001","66.96"
"New Castle","50","1100","Delaware","4/17/20","751","349","10003","46.47"
"Sussex","68","811","Delaware","4/17/20","336","475","10005","141.37"
"","0","49","Diamond Princess","4/17/20","49","0",,"0"
"District of Columbia","117","2476","District of Columbia","4/17/20","1660","816","11001","49.16"
"Alachua","5","202","Florida","4/17/20","167","35","12001","20.96"
"Baker","0","17","Florida","4/17/20","16","1","12003","6.25"
"Bay","1","44","Florida","4/17/20","36","8","12005","22.22"
"Bradford","3","40","Florida","4/17/20","22","18","12007","81.82"
"Brevard","13","205","Florida","4/17/20","115","90","12009","78.26"
"Broward","149","3688","Florida","4/17/20","2645","1043","12011","39.43"
"Calhoun","0","6","Florida","4/17/20","5","1","12013","20"
"Charlotte","7","131","Florida","4/17/20","85","46","12015","54.12"
"Citrus","3","82","Florida","4/17/20","60","22","12017","36.67"
"Clay","15","216","Florida","4/17/20","114","102","12019","89.47"
"Collier","18","445","Florida","4/17/20","318","127","12021","39.94"
"Columbia","2","35","Florida","4/17/20","23","12","12023","52.17"
"DeSoto","0","23","Florida","4/17/20","20","3","12027","15"
"Dixie","0","3","Florida","4/17/20","1","2","12029","200"
"Duval","30","817","Florida","4/17/20","609","208","12031","34.15"
"Escambia","13","290","Florida","4/17/20","197","93","12033","47.21"
"Flagler","2","55","Florida","4/17/20","44","11","12035","25"
"Franklin","0","2","Florida","4/17/20","2","0","12037","0"
"Gadsden","5","47","Florida","4/17/20","14","33","12039","235.71"
"Gilchrist","0","4","Florida","4/17/20","4","0","12041","0"
"Glades","0","5","Florida","4/17/20","4","1","12043","25"
"Gulf","0","1","Florida","4/17/20","1","0","12045","0"
"Hamilton","0","3","Florida","4/17/20","2","1","12047","50"
"Hardee","0","4","Florida","4/17/20","3","1","12049","33.33"
"Hendry","2","31","Florida","4/17/20","14","17","12051","121.43"
"Hernando","3","83","Florida","4/17/20","62","21","12053","33.87"
"Highlands","3","66","Florida","4/17/20","47","19","12055","40.43"
"Hillsborough","36","924","Florida","4/17/20","671","253","12057","37.7"
"Holmes","0","5","Florida","4/17/20","2","3","12059","150"
"Indian River","2","85","Florida","4/17/20","68","17","12061","25"
"Jackson","0","8","Florida","4/17/20","5","3","12063","60"
"Jefferson","2","23","Florida","4/17/20","9","14","12065","155.56"
"Lafayette","0","1","Florida","4/17/20","1","0","12067","0"
"Lake","7","197","Florida","4/17/20","147","50","12069","34.01"
"Lee","25","721","Florida","4/17/20","547","174","12071","31.81"
"Leon","13","174","Florida","4/17/20","82","92","12073","112.2"
"Levy","0","9","Florida","4/17/20","6","3","12075","50"
"Liberty","0","2","Florida","4/17/20","0","2","12077","1"
"Madison","1","19","Florida","4/17/20","14","5","12079","35.71"
"Manatee","18","326","Florida","4/17/20","198","128","12081","64.65"
"Marion","5","116","Florida","4/17/20","82","34","12083","41.46"
"Martin","5","147","Florida","4/17/20","111","36","12085","32.43"
"Miami-Dade","386","8824","Florida","4/17/20","6119","2705","12086","44.21"
"Monroe","2","68","Florida","4/17/20","55","13","12087","23.64"
"Nassau","1","42","Florida","4/17/20","33","9","12089","27.27"
"Okaloosa","6","124","Florida","4/17/20","83","41","12091","49.4"
"Okeechobee","0","5","Florida","4/17/20","5","0","12093","0"
"Orange","38","1158","Florida","4/17/20","895","263","12095","29.39"
"Osceola","13","392","Florida","4/17/20","300","92","12097","30.67"
"Palm Beach","100","2088","Florida","4/17/20","1388","700","12099","50.43"
"Pasco","7","193","Florida","4/17/20","141","52","12101","36.88"
"Pinellas","20","565","Florida","4/17/20","428","137","12103","32.01"
"Polk","11","316","Florida","4/17/20","237","79","12105","33.33"
"Putnam","3","52","Florida","4/17/20","28","24","12107","85.71"
"Santa Rosa","4","130","Florida","4/17/20","103","27","12113","26.21"
"Sarasota","9","274","Florida","4/17/20","208","66","12115","31.73"
"Seminole","11","313","Florida","4/17/20","235","78","12117","33.19"
"St. Johns","3","186","Florida","4/17/20","163","23","12109","14.11"
"St. Lucie","7","192","Florida","4/17/20","144","48","12111","33.33"
"Sumter","2","120","Florida","4/17/20","106","14","12119","13.21"
"Suwannee","4","87","Florida","4/17/20","58","29","12121","50"
"Taylor","0","1","Florida","4/17/20","1","0","12123","0"
"Union","0","2","Florida","4/17/20","2","0","12125","0"
"Volusia","12","270","Florida","4/17/20","187","83","12127","44.39"
"Wakulla","1","14","Florida","4/17/20","7","7","12129","100"
"Walton","1","31","Florida","4/17/20","27","4","12131","14.81"
"Washington","0","6","Florida","4/17/20","3","3","12133","100"
"Appling","2","18","Georgia","4/17/20","7","11","13001","157.14"
"Atkinson","0","5","Georgia","4/17/20","4","1","13003","25"
"Bacon","0","17","Georgia","4/17/20","14","3","13005","21.43"
"Baker","1","19","Georgia","4/17/20","11","8","13007","72.73"
"Baldwin","11","109","Georgia","4/17/20","32","77","13009","240.62"
"Banks","1","13","Georgia","4/17/20","7","6","13011","85.71"
"Barrow","5","84","Georgia","4/17/20","48","36","13013","75"
"Bartow","5","242","Georgia","4/17/20","207","35","13015","16.91"
"Ben Hill","1","13","Georgia","4/17/20","8","5","13017","62.5"
"Berrien","1","10","Georgia","4/17/20","6","4","13019","66.67"
"Bibb","19","188","Georgia","4/17/20","56","132","13021","235.71"
"Bleckley","0","4","Georgia","4/17/20","1","3","13023","300"
"Brantley","1","16","Georgia","4/17/20","6","10","13025","166.67"
"Brooks","1","23","Georgia","4/17/20","17","6","13027","35.29"
"Bryan","0","31","Georgia","4/17/20","29","2","13029","6.9"
"Bulloch","1","26","Georgia","4/17/20","16","10","13031","62.5"
"Burke","2","37","Georgia","4/17/20","21","16","13033","76.19"
"Butts","2","40","Georgia","4/17/20","27","13","13035","48.15"
"Calhoun","3","60","Georgia","4/17/20","37","23","13037","62.16"
"Camden","1","27","Georgia","4/17/20","19","8","13039","42.11"
"Candler","0","4","Georgia","4/17/20","4","0","13043","0"
"Carroll","9","260","Georgia","4/17/20","197","63","13045","31.98"
"Catoosa","1","18","Georgia","4/17/20","11","7","13047","63.64"
"Charlton","0","5","Georgia","4/17/20","2","3","13049","150"
"Chatham","5","173","Georgia","4/17/20","136","37","13051","27.21"
"Chattahoochee","0","6","Georgia","4/17/20","3","3","13053","100"
"Chattooga","1","9","Georgia","4/17/20","4","5","13055","125"
"Cherokee","14","266","Georgia","4/17/20","170","96","13057","56.47"
"Clarke","4","106","Georgia","4/17/20","81","25","13059","30.86"
"Clay","1","19","Georgia","4/17/20","15","4","13061","26.67"
"Clayton","26","491","Georgia","4/17/20","310","181","13063","58.39"
"Clinch","1","7","Georgia","4/17/20","3","4","13065","133.33"
"Cobb","59","1072","Georgia","4/17/20","662","410","13067","61.93"
"Coffee","3","73","Georgia","4/17/20","53","20","13069","37.74"
"Colquitt","5","115","Georgia","4/17/20","80","35","13071","43.75"
"Columbia","4","90","Georgia","4/17/20","59","31","13073","52.54"
"Cook","1","11","Georgia","4/17/20","6","5","13075","83.33"
"Coweta","8","149","Georgia","4/17/20","90","59","13077","65.56"
"Crawford","1","13","Georgia","4/17/20","3","10","13079","333.33"
"Crisp","7","110","Georgia","4/17/20","61","49","13081","80.33"
"Dade","1","7","Georgia","4/17/20","2","5","13083","250"
"Dawson","3","42","Georgia","4/17/20","24","18","13085","75"
"Decatur","4","55","Georgia","4/17/20","26","29","13087","111.54"
"DeKalb","79","1349","Georgia","4/17/20","795","554","13089","69.69"
"Dodge","1","19","Georgia","4/17/20","9","10","13091","111.11"
"Dooly","4","66","Georgia","4/17/20","35","31","13093","88.57"
"Dougherty","46","1381","Georgia","4/17/20","1062","319","13095","30.04"
"Douglas","11","220","Georgia","4/17/20","142","78","13097","54.93"
"Early","8","163","Georgia","4/17/20","105","58","13099","55.24"
"Echols","0","4","Georgia","4/17/20","2","2","13101","100"
"Effingham","1","25","Georgia","4/17/20","19","6","13103","31.58"
"Elbert","1","7","Georgia","4/17/20","3","4","13105","133.33"
"Emanuel","1","12","Georgia","4/17/20","7","5","13107","71.43"
"Evans","0","2","Georgia","4/17/20","0","2","13109","1"
"Fannin","1","14","Georgia","4/17/20","9","5","13111","55.56"
"Fayette","6","133","Georgia","4/17/20","92","41","13113","44.57"
"Floyd","3","121","Georgia","4/17/20","99","22","13115","22.22"
"Forsyth","10","184","Georgia","4/17/20","113","71","13117","62.83"
"Franklin","1","10","Georgia","4/17/20","3","7","13119","233.33"
"Fulton","94","2025","Georgia","4/17/20","1364","661","13121","48.46"
"Gilmer","1","10","Georgia","4/17/20","4","6","13123","150"
"Glynn","2","46","Georgia","4/17/20","32","14","13127","43.75"
"Gordon","4","53","Georgia","4/17/20","28","25","13129","89.29"
"Grady","2","27","Georgia","4/17/20","15","12","13131","80"
"Greene","2","40","Georgia","4/17/20","25","15","13133","60"
"Gwinnett","53","1017","Georgia","4/17/20","646","371","13135","57.43"
"Habersham","7","64","Georgia","4/17/20","13","51","13137","392.31"
"Hall","45","563","Georgia","4/17/20","250","313","13139","125.2"
"Hancock","1","6","Georgia","4/17/20","1","5","13141","500"
"Haralson","1","19","Georgia","4/17/20","15","4","13143","26.67"
"Harris","3","35","Georgia","4/17/20","17","18","13145","105.88"
"Hart","0","5","Georgia","4/17/20","3","2","13147","66.67"
"Heard","0","5","Georgia","4/17/20","3","2","13149","66.67"
"Henry","15","344","Georgia","4/17/20","242","102","13151","42.15"
"Houston","8","164","Georgia","4/17/20","111","53","13153","47.75"
"Irwin","0","13","Georgia","4/17/20","11","2","13155","18.18"
"Jackson","3","46","Georgia","4/17/20","26","20","13157","76.92"
"Jasper","1","14","Georgia","4/17/20","6","8","13159","133.33"
"Jeff Davis","1","5","Georgia","4/17/20","1","4","13161","400"
"Jefferson","1","11","Georgia","4/17/20","4","7","13163","175"
"Jenkins","1","12","Georgia","4/17/20","8","4","13165","50"
"Johnson","3","32","Georgia","4/17/20","14","18","13167","128.57"
"Jones","1","16","Georgia","4/17/20","9","7","13169","77.78"
"Lamar","1","21","Georgia","4/17/20","15","6","13171","40"
"Lanier","0","6","Georgia","4/17/20","5","1","13173","20"
"Laurens","2","39","Georgia","4/17/20","28","11","13175","39.29"
"Lee","7","269","Georgia","4/17/20","222","47","13177","21.17"
"Liberty","2","31","Georgia","4/17/20","14","17","13179","121.43"
"Lincoln","0","9","Georgia","4/17/20","6","3","13181","50"
"Long","0","2","Georgia","4/17/20","1","1","13183","100"
"Lowndes","3","80","Georgia","4/17/20","56","24","13185","42.86"
"Lumpkin","2","20","Georgia","4/17/20","9","11","13187","122.22"
"Macon","4","44","Georgia","4/17/20","18","26","13193","144.44"
"Madison","1","14","Georgia","4/17/20","9","5","13195","55.56"
"Marion","2","24","Georgia","4/17/20","9","15","13197","166.67"
"McDuffie","2","35","Georgia","4/17/20","19","16","13189","84.21"
"McIntosh","0","4","Georgia","4/17/20","3","1","13191","33.33"
"Meriwether","3","39","Georgia","4/17/20","18","21","13199","116.67"
"Miller","1","20","Georgia","4/17/20","10","10","13201","100"
"Mitchell","10","203","Georgia","4/17/20","131","72","13205","54.96"
"Monroe","0","15","Georgia","4/17/20","12","3","13207","25"
"Montgomery","0","2","Georgia","4/17/20","0","2","13209","1"
"Morgan","1","19","Georgia","4/17/20","14","5","13211","35.71"
"Murray","1","18","Georgia","4/17/20","12","6","13213","50"
"Muscogee","11","207","Georgia","4/17/20","127","80","13215","62.99"
"Newton","7","121","Georgia","4/17/20","73","48","13217","65.75"
"Oconee","2","48","Georgia","4/17/20","35","13","13219","37.14"
"Oglethorpe","3","32","Georgia","4/17/20","11","21","13221","190.91"
"Out of GA","111","780","Georgia","4/17/20","0","780","80013","1"
"Paulding","9","132","Georgia","4/17/20","69","63","13223","91.3"
"Peach","2","31","Georgia","4/17/20","20","11","13225","55"
"Pickens","1","15","Georgia","4/17/20","11","4","13227","36.36"
"Pierce","1","49","Georgia","4/17/20","41","8","13229","19.51"
"Pike","2","29","Georgia","4/17/20","15","14","13231","93.33"
"Polk","1","29","Georgia","4/17/20","21","8","13233","38.1"
"Pulaski","1","16","Georgia","4/17/20","9","7","13235","77.78"
"Putnam","1","14","Georgia","4/17/20","5","9","13237","180"
"Quitman","0","3","Georgia","4/17/20","4","-1","13239","-25"
"Rabun","0","7","Georgia","4/17/20","6","1","13241","16.67"
"Randolph","6","139","Georgia","4/17/20","98","41","13243","41.84"
"Richmond","20","238","Georgia","4/17/20","95","143","13245","150.53"
"Rockdale","4","116","Georgia","4/17/20","85","31","13247","36.47"
"Schley","0","15","Georgia","4/17/20","12","3","13249","25"
"Screven","1","11","Georgia","4/17/20","5","6","13251","120"
"Seminole","1","19","Georgia","4/17/20","12","7","13253","58.33"
"Spalding","8","119","Georgia","4/17/20","60","59","13255","98.33"
"Stephens","2","28","Georgia","4/17/20","15","13","13257","86.67"
"Stewart","1","13","Georgia","4/17/20","6","7","13259","116.67"
"Sumter","13","302","Georgia","4/17/20","211","91","13261","43.13"
"Talbot","1","16","Georgia","4/17/20","9","7","13263","77.78"
"Tattnall","0","5","Georgia","4/17/20","3","2","13267","66.67"
"Taylor","1","10","Georgia","4/17/20","6","4","13269","66.67"
"Telfair","1","13","Georgia","4/17/20","9","4","13271","44.44"
"Terrell","6","139","Georgia","4/17/20","100","39","13273","39"
"Thomas","6","112","Georgia","4/17/20","73","39","13275","53.42"
"Tift","4","81","Georgia","4/17/20","56","25","13277","44.64"
"Toombs","1","18","Georgia","4/17/20","11","7","13279","63.64"
"Towns","1","10","Georgia","4/17/20","3","7","13281","233.33"
"Treutlen","0","1","Georgia","4/17/20","1","0","13283","0"
"Troup","3","78","Georgia","4/17/20","56","22","13285","39.29"
"Turner","3","50","Georgia","4/17/20","28","22","13287","78.57"
"Twiggs","0","4","Georgia","4/17/20","2","2","13289","100"
"Union","1","10","Georgia","4/17/20","6","4","13291","66.67"
"Upson","16","162","Georgia","4/17/20","47","115","13293","244.68"
"Walker","1","13","Georgia","4/17/20","6","7","13295","116.67"
"Walton","3","59","Georgia","4/17/20","36","23","13297","63.89"
"Ware","4","77","Georgia","4/17/20","48","29","13299","60.42"
"Warren","1","10","Georgia","4/17/20","6","4","13301","66.67"
"Washington","0","23","Georgia","4/17/20","21","2","13303","9.52"
"Wayne","1","7","Georgia","4/17/20","3","4","13305","133.33"
"Webster","0","4","Georgia","4/17/20","3","1","13307","33.33"
"Wheeler","0","3","Georgia","4/17/20","2","1","13309","50"
"White","1","20","Georgia","4/17/20","11","9","13311","81.82"
"Whitfield","2","40","Georgia","4/17/20","24","16","13313","66.67"
"Wilcox","4","36","Georgia","4/17/20","5","31","13315","620"
"Wilkes","1","11","Georgia","4/17/20","6","5","13317","83.33"
"Wilkinson","2","19","Georgia","4/17/20","8","11","13319","137.5"
"Worth","6","116","Georgia","4/17/20","75","41","13321","54.67"
"","0","103","Grand Princess","4/17/20","103","0",,"0"
"","1","136","Guam","4/17/20","130","6",,"4.62"
"Hawaii","2","41","Hawaii","4/17/20","28","13","15001","46.43"
"Honolulu","6","373","Hawaii","4/17/20","334","39","15003","11.68"
"Kauai","0","21","Hawaii","4/17/20","18","3","15007","16.67"
"Maui","5","95","Hawaii","4/17/20","57","38","15009","66.67"
"Out of HI","1","6","Hawaii","4/17/20","2","4","80015","200"
"Ada","12","576","Idaho","4/17/20","495","81","16001","16.36"
"Adams","0","1","Idaho","4/17/20","1","0","16003","0"
"Bannock","0","8","Idaho","4/17/20","5","3","16005","60"
"Bingham","0","3","Idaho","4/17/20","2","1","16011","50"
"Blaine","4","473","Idaho","4/17/20","446","27","16013","6.05"
"Bonner","0","4","Idaho","4/17/20","3","1","16017","33.33"
"Bonneville","2","24","Idaho","4/17/20","11","13","16019","118.18"
"Camas","0","1","Idaho","4/17/20","1","0","16025","0"
"Canyon","6","181","Idaho","4/17/20","139","42","16027","30.22"
"Caribou","0","1","Idaho","4/17/20","1","0","16029","0"
"Cassia","1","10","Idaho","4/17/20","6","4","16031","66.67"
"Custer","0","2","Idaho","4/17/20","2","0","16037","0"
"Elmore","0","18","Idaho","4/17/20","16","2","16039","12.5"
"Fremont","0","2","Idaho","4/17/20","2","0","16043","0"
"Gem","0","10","Idaho","4/17/20","8","2","16045","25"
"Gooding","0","7","Idaho","4/17/20","5","2","16047","40"
"Idaho","0","3","Idaho","4/17/20","3","0","16049","0"
"Jefferson","0","5","Idaho","4/17/20","4","1","16051","25"
"Jerome","2","41","Idaho","4/17/20","24","17","16053","70.83"
"Kootenai","1","49","Idaho","4/17/20","42","7","16055","16.67"
"Latah","0","3","Idaho","4/17/20","3","0","16057","0"
"Lincoln","0","15","Idaho","4/17/20","14","1","16063","7.14"
"Madison","0","8","Idaho","4/17/20","5","3","16065","60"
"Minidoka","1","9","Idaho","4/17/20","4","5","16067","125"
"Nez Perce","1","29","Idaho","4/17/20","19","10","16069","52.63"
"Owyhee","0","4","Idaho","4/17/20","4","0","16073","0"
"Payette","0","10","Idaho","4/17/20","8","2","16075","25"
"Power","0","2","Idaho","4/17/20","2","0","16077","0"
"Teton","0","7","Idaho","4/17/20","6","1","16081","16.67"
"Twin Falls","4","100","Idaho","4/17/20","70","30","16083","42.86"
"Valley","0","2","Idaho","4/17/20","2","0","16085","0"
"Washington","0","1","Idaho","4/17/20","1","0","16087","0"
"Adams","1","30","Illinois","4/17/20","24","6","17001","25"
"Alexander","0","1","Illinois","4/17/20","0","1","17003","1"
"Bond","0","4","Illinois","4/17/20","4","0","17005","0"
"Boone","2","21","Illinois","4/17/20","7","14","17007","200"
"Bureau","0","7","Illinois","4/17/20","4","3","17011","75"
"Calhoun","0","1","Illinois","4/17/20","1","0","17013","0"
"Carroll","0","5","Illinois","4/17/20","5","0","17015","0"
"Champaign","2","92","Illinois","4/17/20","79","13","17019","16.46"
"Christian","0","24","Illinois","4/17/20","23","1","17021","4.35"
"Clark","0","4","Illinois","4/17/20","3","1","17023","33.33"
"Clay","0","1","Illinois","4/17/20","0","1","17025","1"
"Clinton","1","42","Illinois","4/17/20","32","10","17027","31.25"
"Coles","1","9","Illinois","4/17/20","2","7","17029","350"
"Cook","988","19391","Illinois","4/17/20","12472","6919","17031","55.48"
"Crawford","0","4","Illinois","4/17/20","4","0","17033","0"
"Cumberland","0","2","Illinois","4/17/20","2","0","17035","0"
"De Witt","0","1","Illinois","4/17/20","1","0","17039","0"
"DeKalb","2","46","Illinois","4/17/20","32","14","17037","43.75"
"Douglas","0","12","Illinois","4/17/20","11","1","17041","9.09"
"DuPage","79","1560","Illinois","4/17/20","1008","552","17043","54.76"
"Effingham","0","4","Illinois","4/17/20","3","1","17049","33.33"
"Fayette","1","12","Illinois","4/17/20","7","5","17051","71.43"
"Ford","0","4","Illinois","4/17/20","4","0","17053","0"
"Franklin","0","5","Illinois","4/17/20","3","2","17055","66.67"
"Fulton","0","1","Illinois","4/17/20","2","-1","17057","-50"
"Gallatin","0","2","Illinois","4/17/20","1","1","17059","100"
"Greene","0","1","Illinois","4/17/20","2","-1","17061","-50"
"Grundy","1","24","Illinois","4/17/20","15","9","17063","60"
"Hancock","0","3","Illinois","4/17/20","1","2","17067","200"
"Henderson","0","1","Illinois","4/17/20","0","1","17071","1"
"Henry","1","28","Illinois","4/17/20","21","7","17073","33.33"
"Iroquois","1","12","Illinois","4/17/20","7","5","17075","71.43"
"Jackson","2","40","Illinois","4/17/20","27","13","17077","48.15"
"Jasper","0","4","Illinois","4/17/20","3","1","17079","33.33"
"Jefferson","1","11","Illinois","4/17/20","5","6","17081","120"
"Jersey","0","8","Illinois","4/17/20","6","2","17083","33.33"
"Jo Daviess","0","11","Illinois","4/17/20","10","1","17085","10"
"Johnson","0","2","Illinois","4/17/20","0","2","17087","1"
"Kane","28","538","Illinois","4/17/20","339","199","17089","58.7"
"Kankakee","13","260","Illinois","4/17/20","167","93","17091","55.69"
"Kendall","4","123","Illinois","4/17/20","92","31","17093","33.7"
"Knox","0","3","Illinois","4/17/20","1","2","17095","200"
"Lake","98","1914","Illinois","4/17/20","1230","684","17097","55.61"
"LaSalle","1","27","Illinois","4/17/20","19","8","17099","42.11"
"Lawrence","0","2","Illinois","4/17/20","2","0","17101","0"
"Lee","1","17","Illinois","4/17/20","12","5","17103","41.67"
"Livingston","1","18","Illinois","4/17/20","14","4","17105","28.57"
"Logan","0","5","Illinois","4/17/20","2","3","17107","150"
"Macon","5","47","Illinois","4/17/20","14","33","17115","235.71"
"Macoupin","1","18","Illinois","4/17/20","14","4","17117","28.57"
"Madison","8","157","Illinois","4/17/20","101","56","17119","55.45"
"Marion","1","17","Illinois","4/17/20","12","5","17121","41.67"
"Marshall","0","2","Illinois","4/17/20","1","1","17123","100"
"Mason","0","4","Illinois","4/17/20","3","1","17125","33.33"
"Massac","0","4","Illinois","4/17/20","2","2","17127","100"
"McDonough","0","3","Illinois","4/17/20","0","3","17109","1"
"McHenry","14","306","Illinois","4/17/20","206","100","17111","48.54"
"McLean","1","83","Illinois","4/17/20","75","8","17113","10.67"
"Menard","0","2","Illinois","4/17/20","2","0","17129","0"
"Mercer","0","4","Illinois","4/17/20","2","2","17131","100"
"Monroe","1","52","Illinois","4/17/20","42","10","17133","23.81"
"Montgomery","0","11","Illinois","4/17/20","8","3","17135","37.5"
"Morgan","0","12","Illinois","4/17/20","10","2","17137","20"
"Moultrie","0","2","Illinois","4/17/20","2","0","17139","0"
"Ogle","3","40","Illinois","4/17/20","16","24","17141","150"
"Peoria","2","34","Illinois","4/17/20","20","14","17143","70"
"Perry","0","1","Illinois","4/17/20","0","1","17145","1"
"Piatt","0","7","Illinois","4/17/20","6","1","17147","16.67"
"Pike","0","1","Illinois","4/17/20","1","0","17149","0"
"Pulaski","0","5","Illinois","4/17/20","4","1","17153","25"
"Randolph","2","48","Illinois","4/17/20","35","13","17157","37.14"
"Richland","0","2","Illinois","4/17/20","1","1","17159","100"
"Rock Island","12","167","Illinois","4/17/20","80","87","17161","108.75"
"Saline","0","3","Illinois","4/17/20","3","0","17165","0"
"Sangamon","2","58","Illinois","4/17/20","42","16","17167","38.1"
"Schuyler","0","1","Illinois","4/17/20","1","0","17169","0"
"Shelby","0","4","Illinois","4/17/20","3","1","17173","33.33"
"St. Clair","14","254","Illinois","4/17/20","159","95","17163","59.75"
"Stark","0","1","Illinois","4/17/20","1","0","17175","0"
"Stephenson","0","10","Illinois","4/17/20","8","2","17177","25"
"Tazewell","1","21","Illinois","4/17/20","17","4","17179","23.53"
"Union","1","4","Illinois","4/17/20","0","4","17181","1"
"Vermilion","0","8","Illinois","4/17/20","7","1","17183","14.29"
"Wabash","0","1","Illinois","4/17/20","2","-1","17185","-50"
"Warren","0","2","Illinois","4/17/20","0","2","17187","1"
"Washington","0","5","Illinois","4/17/20","2","3","17189","150"
"Whiteside","1","31","Illinois","4/17/20","24","7","17195","29.17"
"Will","70","1566","Illinois","4/17/20","1077","489","17197","45.4"
"Williamson","0","13","Illinois","4/17/20","10","3","17199","30"
"Winnebago","10","145","Illinois","4/17/20","77","68","17201","88.31"
"Woodford","1","11","Illinois","4/17/20","7","4","17203","57.14"
"Adams","0","6","Indiana","4/17/20","4","2","18001","50"
"Allen","22","271","Indiana","4/17/20","119","152","18003","127.73"
"Bartholomew","7","130","Indiana","4/17/20","83","47","18005","56.63"
"Benton","1","4","Indiana","4/17/20","0","4","18007","1"
"Blackford","0","6","Indiana","4/17/20","4","2","18009","50"
"Boone","8","145","Indiana","4/17/20","90","55","18011","61.11"
"Brown","1","14","Indiana","4/17/20","9","5","18013","55.56"
"Carroll","0","6","Indiana","4/17/20","4","2","18015","50"
"Cass","5","50","Indiana","4/17/20","18","32","18017","177.78"
"Clark","7","151","Indiana","4/17/20","104","47","18019","45.19"
"Clay","0","14","Indiana","4/17/20","11","3","18021","27.27"
"Clinton","1","16","Indiana","4/17/20","11","5","18023","45.45"
"Crawford","0","12","Indiana","4/17/20","12","0","18025","0"
"Daviess","3","27","Indiana","4/17/20","9","18","18027","200"
"Dearborn","1","63","Indiana","4/17/20","59","4","18029","6.78"
"Decatur","7","165","Indiana","4/17/20","118","47","18031","39.83"
"DeKalb","1","11","Indiana","4/17/20","5","6","18033","120"
"Delaware","5","91","Indiana","4/17/20","56","35","18035","62.5"
"Dubois","1","14","Indiana","4/17/20","10","4","18037","40"
"Elkhart","10","130","Indiana","4/17/20","61","69","18039","113.11"
"Fayette","0","21","Indiana","4/17/20","19","2","18041","10.53"
"Floyd","5","130","Indiana","4/17/20","93","37","18043","39.78"
"Fountain","0","4","Indiana","4/17/20","3","1","18045","33.33"
"Franklin","3","87","Indiana","4/17/20","66","21","18047","31.82"
"Fulton","0","4","Indiana","4/17/20","3","1","18049","33.33"
"Gibson","0","4","Indiana","4/17/20","4","0","18051","0"
"Grant","2","47","Indiana","4/17/20","32","15","18053","46.88"
"Greene","3","37","Indiana","4/17/20","14","23","18055","164.29"
"Hamilton","16","542","Indiana","4/17/20","431","111","18057","25.75"
"Hancock","3","132","Indiana","4/17/20","109","23","18059","21.1"
"Harrison","2","65","Indiana","4/17/20","50","15","18061","30"
"Hendricks","17","407","Indiana","4/17/20","287","120","18063","41.81"
"Henry","1","26","Indiana","4/17/20","20","6","18065","30"
"Howard","2","61","Indiana","4/17/20","46","15","18067","32.61"
"Huntington","0","6","Indiana","4/17/20","6","0","18069","0"
"Jackson","3","77","Indiana","4/17/20","57","20","18071","35.09"
"Jasper","1","22","Indiana","4/17/20","15","7","18073","46.67"
"Jay","1","8","Indiana","4/17/20","4","4","18075","100"
"Jefferson","1","18","Indiana","4/17/20","10","8","18077","80"
"Jennings","2","63","Indiana","4/17/20","46","17","18079","36.96"
"Johnson","14","371","Indiana","4/17/20","270","101","18081","37.41"
"Knox","0","16","Indiana","4/17/20","13","3","18083","23.08"
"Kosciusko","1","22","Indiana","4/17/20","17","5","18085","29.41"
"LaGrange","1","16","Indiana","4/17/20","9","7","18087","77.78"
"Lake","64","1026","Indiana","4/17/20","576","450","18089","78.12"
"LaPorte","14","129","Indiana","4/17/20","31","98","18091","316.13"
"Lawrence","2","76","Indiana","4/17/20","59","17","18093","28.81"
"Madison","14","305","Indiana","4/17/20","204","101","18095","49.51"
"Marion","131","3518","Indiana","4/17/20","2600","918","18097","35.31"
"Marshall","1","22","Indiana","4/17/20","12","10","18099","83.33"
"Martin","0","5","Indiana","4/17/20","2","3","18101","150"
"Miami","1","21","Indiana","4/17/20","14","7","18103","50"
"Monroe","5","108","Indiana","4/17/20","70","38","18105","54.29"
"Montgomery","1","25","Indiana","4/17/20","20","5","18107","25"
"Morgan","3","111","Indiana","4/17/20","89","22","18109","24.72"
"Newton","3","29","Indiana","4/17/20","7","22","18111","314.29"
"Noble","2","29","Indiana","4/17/20","14","15","18113","107.14"
"Ohio","0","1","Indiana","4/17/20","1","0","18115","0"
"Orange","2","24","Indiana","4/17/20","13","11","18117","84.62"
"Owen","0","21","Indiana","4/17/20","18","3","18119","16.67"
"Parke","0","8","Indiana","4/17/20","6","2","18121","33.33"
"Perry","0","4","Indiana","4/17/20","3","1","18123","33.33"
"Pike","0","1","Indiana","4/17/20","0","1","18125","1"
"Porter","9","155","Indiana","4/17/20","95","60","18127","63.16"
"Posey","0","6","Indiana","4/17/20","5","1","18129","20"
"Pulaski","0","1","Indiana","4/17/20","1","0","18131","0"
"Putnam","2","47","Indiana","4/17/20","31","16","18133","51.61"
"Randolph","0","10","Indiana","4/17/20","8","2","18135","25"
"Ripley","0","77","Indiana","4/17/20","79","-2","18137","-2.53"
"Rush","1","20","Indiana","4/17/20","12","8","18139","66.67"
"Scott","1","20","Indiana","4/17/20","12","8","18143","66.67"
"Shelby","5","97","Indiana","4/17/20","63","34","18145","53.97"
"Spencer","0","4","Indiana","4/17/20","1","3","18147","300"
"St. Joseph","28","358","Indiana","4/17/20","165","193","18141","116.97"
"Starke","0","10","Indiana","4/17/20","8","2","18149","25"
"Steuben","1","16","Indiana","4/17/20","12","4","18151","33.33"
"Sullivan","0","7","Indiana","4/17/20","4","3","18153","75"
"Switzerland","0","12","Indiana","4/17/20","12","0","18155","0"
"Tippecanoe","2","53","Indiana","4/17/20","42","11","18157","26.19"
"Tipton","0","10","Indiana","4/17/20","9","1","18159","11.11"
"Union","0","6","Indiana","4/17/20","5","1","18161","20"
"Vanderburgh","3","76","Indiana","4/17/20","53","23","18163","43.4"
"Vermillion","0","5","Indiana","4/17/20","3","2","18165","66.67"
"Vigo","1","48","Indiana","4/17/20","40","8","18167","20"
"Wabash","0","9","Indiana","4/17/20","7","2","18169","28.57"
"Warren","0","5","Indiana","4/17/20","2","3","18171","150"
"Warrick","3","53","Indiana","4/17/20","33","20","18173","60.61"
"Washington","1","27","Indiana","4/17/20","23","4","18175","17.39"
"Wayne","1","22","Indiana","4/17/20","16","6","18177","37.5"
"Wells","0","5","Indiana","4/17/20","3","2","18179","66.67"
"White","0","6","Indiana","4/17/20","3","3","18181","100"
"Whitley","1","14","Indiana","4/17/20","10","4","18183","40"
"Adair","0","1","Iowa","4/17/20","1","0","19001","0"
"Allamakee","1","27","Iowa","4/17/20","20","7","19005","35"
"Appanoose","0","2","Iowa","4/17/20","1","1","19007","100"
"Audubon","0","1","Iowa","4/17/20","1","0","19009","0"
"Benton","1","21","Iowa","4/17/20","15","6","19011","40"
"Black Hawk","15","138","Iowa","4/17/20","35","103","19013","294.29"
"Boone","0","4","Iowa","4/17/20","4","0","19015","0"
"Bremer","3","23","Iowa","4/17/20","2","21","19017","1050"
"Buchanan","0","8","Iowa","4/17/20","6","2","19019","33.33"
"Buena Vista","0","2","Iowa","4/17/20","1","1","19021","100"
"Butler","0","1","Iowa","4/17/20","1","0","19023","0"
"Carroll","0","1","Iowa","4/17/20","1","0","19027","0"
"Cass","0","1","Iowa","4/17/20","0","1","19029","1"
"Cedar","0","23","Iowa","4/17/20","20","3","19031","15"
"Cerro Gordo","0","14","Iowa","4/17/20","13","1","19033","7.69"
"Chickasaw","0","2","Iowa","4/17/20","2","0","19037","0"
"Clarke","0","2","Iowa","4/17/20","2","0","19039","0"
"Clay","0","2","Iowa","4/17/20","2","0","19041","0"
"Clayton","0","7","Iowa","4/17/20","6","1","19043","16.67"
"Clinton","2","39","Iowa","4/17/20","24","15","19045","62.5"
"Crawford","0","6","Iowa","4/17/20","6","0","19047","0"
"Dallas","1","44","Iowa","4/17/20","36","8","19049","22.22"
"Delaware","0","2","Iowa","4/17/20","1","1","19055","100"
"Des Moines","1","8","Iowa","4/17/20","3","5","19057","166.67"
"Dickinson","0","1","Iowa","4/17/20","1","0","19059","0"
"Dubuque","1","40","Iowa","4/17/20","32","8","19061","25"
"Fayette","0","6","Iowa","4/17/20","4","2","19065","50"
"Franklin","0","1","Iowa","4/17/20","1","0","19069","0"
"Greene","0","1","Iowa","4/17/20","1","0","19073","0"
"Grundy","0","2","Iowa","4/17/20","1","1","19075","100"
"Guthrie","0","3","Iowa","4/17/20","1","2","19077","200"
"Hamilton","0","2","Iowa","4/17/20","2","0","19079","0"
"Hancock","0","3","Iowa","4/17/20","3","0","19081","0"
"Hardin","0","1","Iowa","4/17/20","1","0","19083","0"
"Harrison","0","12","Iowa","4/17/20","12","0","19085","0"
"Henry","1","26","Iowa","4/17/20","17","9","19087","52.94"
"Howard","0","2","Iowa","4/17/20","1","1","19089","100"
"Iowa","0","8","Iowa","4/17/20","7","1","19095","14.29"
"Jackson","0","4","Iowa","4/17/20","4","0","19097","0"
"Jasper","3","28","Iowa","4/17/20","10","18","19099","180"
"Jefferson","0","4","Iowa","4/17/20","3","1","19101","33.33"
"Johnson","9","246","Iowa","4/17/20","185","61","19103","32.97"
"Jones","1","13","Iowa","4/17/20","8","5","19105","62.5"
"Keokuk","0","2","Iowa","4/17/20","2","0","19107","0"
"Kossuth","0","1","Iowa","4/17/20","1","0","19109","0"
"Lee","0","3","Iowa","4/17/20","1","2","19111","200"
"Linn","11","304","Iowa","4/17/20","225","79","19113","35.11"
"Louisa","16","169","Iowa","4/17/20","56","113","19115","201.79"
"Lyon","0","5","Iowa","4/17/20","2","3","19119","150"
"Madison","0","3","Iowa","4/17/20","1","2","19121","200"
"Mahaska","0","7","Iowa","4/17/20","4","3","19123","75"
"Marion","0","3","Iowa","4/17/20","2","1","19125","50"
"Marshall","8","75","Iowa","4/17/20","20","55","19127","275"
"Mills","0","2","Iowa","4/17/20","1","1","19129","100"
"Mitchell","0","2","Iowa","4/17/20","2","0","19131","0"
"Monona","0","6","Iowa","4/17/20","6","0","19133","0"
"Montgomery","0","1","Iowa","4/17/20","1","0","19137","0"
"Muscatine","12","163","Iowa","4/17/20","80","83","19139","103.75"
"O'Brien","0","3","Iowa","4/17/20","3","0","19141","0"
"Osceola","0","2","Iowa","4/17/20","1","1","19143","100"
"Page","0","3","Iowa","4/17/20","3","0","19145","0"
"Plymouth","0","6","Iowa","4/17/20","4","2","19149","50"
"Polk","19","277","Iowa","4/17/20","147","130","19153","88.44"
"Pottawattamie","1","18","Iowa","4/17/20","12","6","19155","50"
"Poweshiek","0","7","Iowa","4/17/20","6","1","19157","16.67"
"Scott","8","155","Iowa","4/17/20","99","56","19163","56.57"
"Shelby","0","9","Iowa","4/17/20","6","3","19165","50"
"Sioux","0","7","Iowa","4/17/20","7","0","19167","0"
"Story","1","17","Iowa","4/17/20","7","10","19169","142.86"
"Tama","7","121","Iowa","4/17/20","70","51","19171","72.86"
"Taylor","0","1","Iowa","4/17/20","1","0","19173","0"
"Union","0","1","Iowa","4/17/20","1","0","19175","0"
"Van Buren","0","8","Iowa","4/17/20","6","2","19177","33.33"
"Wapello","0","6","Iowa","4/17/20","3","3","19179","100"
"Warren","0","17","Iowa","4/17/20","15","2","19181","13.33"
"Washington","6","109","Iowa","4/17/20","70","39","19183","55.71"
"Webster","0","2","Iowa","4/17/20","2","0","19187","0"
"Winnebago","0","2","Iowa","4/17/20","2","0","19189","0"
"Winneshiek","0","5","Iowa","4/17/20","5","0","19191","0"
"Woodbury","1","25","Iowa","4/17/20","15","10","19193","66.67"
"Worth","0","1","Iowa","4/17/20","1","0","19195","0"
"Wright","0","1","Iowa","4/17/20","1","0","19197","0"
"Atchison","0","4","Kansas","4/17/20","2","2","20005","100"
"Barber","0","1","Kansas","4/17/20","1","0","20007","0"
"Barton","0","6","Kansas","4/17/20","4","2","20009","50"
"Bourbon","0","7","Kansas","4/17/20","7","0","20011","0"
"Butler","0","11","Kansas","4/17/20","8","3","20015","37.5"
"Chase","0","1","Kansas","4/17/20","0","1","20017","1"
"Chautauqua","0","3","Kansas","4/17/20","3","0","20019","0"
"Cherokee","0","7","Kansas","4/17/20","5","2","20021","40"
"Clay","0","2","Kansas","4/17/20","1","1","20027","100"
"Cloud","0","3","Kansas","4/17/20","3","0","20029","0"
"Coffey","1","45","Kansas","4/17/20","36","9","20031","25"
"Cowley","0","1","Kansas","4/17/20","1","0","20035","0"
"Crawford","0","6","Kansas","4/17/20","6","0","20037","0"
"Dickinson","0","1","Kansas","4/17/20","0","1","20041","1"
"Doniphan","0","1","Kansas","4/17/20","1","0","20043","0"
"Douglas","1","42","Kansas","4/17/20","38","4","20045","10.53"
"Ellis","0","4","Kansas","4/17/20","1","3","20051","300"
"Finney","2","27","Kansas","4/17/20","12","15","20055","125"
"Ford","12","84","Kansas","4/17/20","2","82","20057","4100"
"Franklin","0","12","Kansas","4/17/20","10","2","20059","20"
"Geary","1","9","Kansas","4/17/20","5","4","20061","80"
"Gove","0","1","Kansas","4/17/20","1","0","20063","0"
"Greenwood","0","2","Kansas","4/17/20","1","1","20073","100"
"Hamilton","0","1","Kansas","4/17/20","0","1","20075","1"
"Harvey","0","5","Kansas","4/17/20","4","1","20079","25"
"Jackson","0","1","Kansas","4/17/20","1","0","20085","0"
"Jefferson","0","6","Kansas","4/17/20","5","1","20087","20"
"Jewell","0","3","Kansas","4/17/20","2","1","20089","50"
"Johnson","15","358","Kansas","4/17/20","252","106","20091","42.06"
"Labette","1","20","Kansas","4/17/20","11","9","20099","81.82"
"Leavenworth","8","115","Kansas","4/17/20","61","54","20103","88.52"
"Linn","0","6","Kansas","4/17/20","5","1","20107","20"
"Lyon","3","47","Kansas","4/17/20","27","20","20111","74.07"
"Marion","0","5","Kansas","4/17/20","3","2","20115","66.67"
"McPherson","0","15","Kansas","4/17/20","13","2","20113","15.38"
"Miami","0","4","Kansas","4/17/20","3","1","20121","33.33"
"Mitchell","0","2","Kansas","4/17/20","2","0","20123","0"
"Montgomery","0","12","Kansas","4/17/20","11","1","20125","9.09"
"Morris","0","2","Kansas","4/17/20","2","0","20127","0"
"Morton","0","2","Kansas","4/17/20","1","1","20129","100"
"Neosho","0","2","Kansas","4/17/20","1","1","20133","100"
"Osage","0","4","Kansas","4/17/20","3","1","20139","33.33"
"Osborne","0","2","Kansas","4/17/20","2","0","20141","0"
"Ottawa","0","3","Kansas","4/17/20","3","0","20143","0"
"Phillips","0","1","Kansas","4/17/20","0","1","20147","1"
"Pottawatomie","0","5","Kansas","4/17/20","5","0","20149","0"
"Pratt","0","1","Kansas","4/17/20","1","0","20151","0"
"Reno","0","14","Kansas","4/17/20","11","3","20155","27.27"
"Republic","0","4","Kansas","4/17/20","3","1","20157","33.33"
"Riley","1","27","Kansas","4/17/20","20","7","20161","35"
"Rooks","0","3","Kansas","4/17/20","2","1","20163","50"
"Saline","1","15","Kansas","4/17/20","8","7","20169","87.5"
"Scott","0","1","Kansas","4/17/20","1","0","20171","0"
"Sedgwick","10","231","Kansas","4/17/20","161","70","20173","43.48"
"Seward","3","24","Kansas","4/17/20","3","21","20175","700"
"Shawnee","5","90","Kansas","4/17/20","56","34","20177","60.71"
"Sherman","0","1","Kansas","4/17/20","0","1","20181","1"
"Smith","0","2","Kansas","4/17/20","0","2","20183","1"
"Stafford","0","1","Kansas","4/17/20","1","0","20185","0"
"Stanton","0","3","Kansas","4/17/20","0","3","20187","1"
"Stevens","0","3","Kansas","4/17/20","1","2","20189","200"
"Sumner","0","3","Kansas","4/17/20","2","1","20191","50"
"Wabaunsee","-1","1","Kansas","4/17/20","7","-6","20197","-85.71"
"Wilson","0","1","Kansas","4/17/20","0","1","20205","1"
"Woodson","0","4","Kansas","4/17/20","3","1","20207","33.33"
"Wyandotte","18","400","Kansas","4/17/20","272","128","20209","47.06"
"Adair","6","45","Kentucky","4/17/20","6","39","21001","650"
"Allen","0","4","Kentucky","4/17/20","3","1","21003","33.33"
"Anderson","0","5","Kentucky","4/17/20","3","2","21005","66.67"
"Ballard","0","3","Kentucky","4/17/20","1","2","21007","200"
"Barren","1","6","Kentucky","4/17/20","1","5","21009","500"
"Bath","0","3","Kentucky","4/17/20","1","2","21011","200"
"Boone","7","73","Kentucky","4/17/20","23","50","21015","217.39"
"Bourbon","0","5","Kentucky","4/17/20","4","1","21017","25"
"Boyd","2","29","Kentucky","4/17/20","17","12","21019","70.59"
"Boyle","1","13","Kentucky","4/17/20","9","4","21021","44.44"
"Bracken","1","7","Kentucky","4/17/20","1","6","21023","600"
"Breathitt","0","1","Kentucky","4/17/20","1","0","21025","0"
"Breckinridge","0","5","Kentucky","4/17/20","3","2","21027","66.67"
"Bullitt","2","31","Kentucky","4/17/20","14","17","21029","121.43"
"Butler","7","51","Kentucky","4/17/20","2","49","21031","2450"
"Caldwell","1","11","Kentucky","4/17/20","5","6","21033","120"
"Calloway","2","22","Kentucky","4/17/20","8","14","21035","175"
"Campbell","4","55","Kentucky","4/17/20","29","26","21037","89.66"
"Carroll","0","2","Kentucky","4/17/20","2","0","21041","0"
"Carter","0","4","Kentucky","4/17/20","1","3","21043","300"
"Casey","0","1","Kentucky","4/17/20","0","1","21045","1"
"Christian","5","78","Kentucky","4/17/20","45","33","21047","73.33"
"Clark","1","18","Kentucky","4/17/20","11","7","21049","63.64"
"Clinton","0","2","Kentucky","4/17/20","1","1","21053","100"
"Crittenden","0","3","Kentucky","4/17/20","3","0","21055","0"
"Cumberland","0","2","Kentucky","4/17/20","1","1","21057","100"
"Daviess","4","105","Kentucky","4/17/20","79","26","21059","32.91"
"Edmonson","0","7","Kentucky","4/17/20","5","2","21061","40"
"Fayette","9","210","Kentucky","4/17/20","148","62","21067","41.89"
"Fleming","0","2","Kentucky","4/17/20","0","2","21069","1"
"Floyd","1","4","Kentucky","4/17/20","0","4","21071","1"
"Franklin","0","12","Kentucky","4/17/20","10","2","21073","20"
"Gallatin","0","1","Kentucky","4/17/20","0","1","21077","1"
"Garrard","0","3","Kentucky","4/17/20","0","3","21079","1"
"Grant","2","16","Kentucky","4/17/20","3","13","21081","433.33"
"Graves","3","28","Kentucky","4/17/20","5","23","21083","460"
"Grayson","1","8","Kentucky","4/17/20","2","6","21085","300"
"Green","0","1","Kentucky","4/17/20","1","0","21087","0"
"Greenup","1","10","Kentucky","4/17/20","2","8","21089","400"
"Hancock","0","5","Kentucky","4/17/20","2","3","21091","150"
"Hardin","3","29","Kentucky","4/17/20","9","20","21093","222.22"
"Harrison","0","16","Kentucky","4/17/20","14","2","21097","14.29"
"Hart","0","1","Kentucky","4/17/20","1","0","21099","0"
"Henderson","0","25","Kentucky","4/17/20","23","2","21101","8.7"
"Henry","0","3","Kentucky","4/17/20","3","0","21103","0"
"Hopkins","7","104","Kentucky","4/17/20","57","47","21107","82.46"
"Jackson","6","43","Kentucky","4/17/20","3","40","21109","1333.33"
"Jefferson","31","599","Kentucky","4/17/20","380","219","21111","57.63"
"Jessamine","2","31","Kentucky","4/17/20","18","13","21113","72.22"
"Johnson","0","1","Kentucky","4/17/20","1","0","21115","0"
"Kenton","10","121","Kentucky","4/17/20","54","67","21117","124.07"
"Knott","0","2","Kentucky","4/17/20","0","2","21119","1"
"Knox","1","4","Kentucky","4/17/20","0","4","21121","1"
"Larue","0","5","Kentucky","4/17/20","3","2","21123","66.67"
"Laurel","1","13","Kentucky","4/17/20","5","8","21125","160"
"Lawrence","0","1","Kentucky","4/17/20","1","0","21127","0"
"Leslie","0","2","Kentucky","4/17/20","1","1","21131","100"
"Letcher","0","1","Kentucky","4/17/20","1","0","21133","0"
"Lewis","0","2","Kentucky","4/17/20","2","0","21135","0"
"Lincoln","1","4","Kentucky","4/17/20","0","4","21137","1"
"Livingston","0","1","Kentucky","4/17/20","0","1","21139","1"
"Logan","0","8","Kentucky","4/17/20","5","3","21141","60"
"Lyon","1","13","Kentucky","4/17/20","6","7","21143","116.67"
"Madison","1","21","Kentucky","4/17/20","14","7","21151","50"
"Marion","1","13","Kentucky","4/17/20","4","9","21155","225"
"Marshall","1","12","Kentucky","4/17/20","8","4","21157","50"
"Martin","0","2","Kentucky","4/17/20","1","1","21159","100"
"Mason","0","6","Kentucky","4/17/20","3","3","21161","100"
"McCracken","2","27","Kentucky","4/17/20","16","11","21145","68.75"
"McCreary","1","9","Kentucky","4/17/20","3","6","21147","200"
"McLean","0","7","Kentucky","4/17/20","5","2","21149","40"
"Meade","0","2","Kentucky","4/17/20","2","0","21163","0"
"Menifee","0","3","Kentucky","4/17/20","3","0","21165","0"
"Mercer","1","9","Kentucky","4/17/20","4","5","21167","125"
"Monroe","0","3","Kentucky","4/17/20","2","1","21171","50"
"Montgomery","0","9","Kentucky","4/17/20","7","2","21173","28.57"
"Morgan","0","1","Kentucky","4/17/20","0","1","21175","1"
"Muhlenberg","4","54","Kentucky","4/17/20","26","28","21177","107.69"
"Nelson","1","13","Kentucky","4/17/20","7","6","21179","85.71"
"Nicholas","0","1","Kentucky","4/17/20","1","0","21181","0"
"Ohio","0","9","Kentucky","4/17/20","8","1","21183","12.5"
"Oldham","2","23","Kentucky","4/17/20","11","12","21185","109.09"
"Owsley","0","2","Kentucky","4/17/20","0","2","21189","1"
"Pendleton","0","5","Kentucky","4/17/20","3","2","21191","66.67"
"Perry","0","4","Kentucky","4/17/20","3","1","21193","33.33"
"Pike","1","6","Kentucky","4/17/20","1","5","21195","500"
"Powell","0","1","Kentucky","4/17/20","1","0","21197","0"
"Pulaski","1","34","Kentucky","4/17/20","26","8","21199","30.77"
"Rockcastle","1","11","Kentucky","4/17/20","6","5","21203","83.33"
"Rowan","0","2","Kentucky","4/17/20","0","2","21205","1"
"Russell","1","11","Kentucky","4/17/20","4","7","21207","175"
"Scott","1","22","Kentucky","4/17/20","15","7","21209","46.67"
"Shelby","2","22","Kentucky","4/17/20","11","11","21211","100"
"Simpson","1","20","Kentucky","4/17/20","14","6","21213","42.86"
"Spencer","1","8","Kentucky","4/17/20","3","5","21215","166.67"
"Taylor","0","4","Kentucky","4/17/20","3","1","21217","33.33"
"Todd","1","9","Kentucky","4/17/20","3","6","21219","200"
"Trigg","1","4","Kentucky","4/17/20","0","4","21221","1"
"Trimble","0","2","Kentucky","4/17/20","0","2","21223","1"
"Union","0","6","Kentucky","4/17/20","3","3","21225","100"
"Warren","7","71","Kentucky","4/17/20","24","47","21227","195.83"
"Washington","0","3","Kentucky","4/17/20","3","0","21229","0"
"Wayne","0","6","Kentucky","4/17/20","4","2","21231","50"
"Webster","1","12","Kentucky","4/17/20","7","5","21233","71.43"
"Whitley","1","8","Kentucky","4/17/20","1","7","21235","700"
"Woodford","1","18","Kentucky","4/17/20","9","9","21239","100"
"Acadia","2","110","Louisiana","4/17/20","94","16","22001","17.02"
"Allen","2","79","Louisiana","4/17/20","67","12","22003","17.91"
"Ascension","10","468","Louisiana","4/17/20","397","71","22005","17.88"
"Assumption","5","137","Louisiana","4/17/20","105","32","22007","30.48"
"Avoyelles","2","68","Louisiana","4/17/20","56","12","22009","21.43"
"Beauregard","1","35","Louisiana","4/17/20","27","8","22011","29.63"
"Bienville","4","58","Louisiana","4/17/20","27","31","22013","114.81"
"Bossier","8","230","Louisiana","4/17/20","175","55","22015","31.43"
"Caddo","39","1220","Louisiana","4/17/20","950","270","22017","28.42"
"Calcasieu","12","309","Louisiana","4/17/20","228","81","22019","35.53"
"Caldwell","0","19","Louisiana","4/17/20","18","1","22021","5.56"
"Cameron","0","2","Louisiana","4/17/20","1","1","22023","100"
"Catahoula","1","23","Louisiana","4/17/20","18","5","22025","27.78"
"Claiborne","1","48","Louisiana","4/17/20","40","8","22027","20"
"Concordia","1","23","Louisiana","4/17/20","16","7","22029","43.75"
"De Soto","5","145","Louisiana","4/17/20","107","38","22031","35.51"
"East Baton Rouge","48","1424","Louisiana","4/17/20","1088","336","22033","30.88"
"East Carroll","0","1","Louisiana","4/17/20","1","0","22035","0"
"East Feliciana","4","90","Louisiana","4/17/20","65","25","22037","38.46"
"Evangeline","1","42","Louisiana","4/17/20","35","7","22039","20"
"Franklin","4","67","Louisiana","4/17/20","40","27","22041","67.5"
"Grant","0","12","Louisiana","4/17/20","11","1","22043","9.09"
"Iberia","8","175","Louisiana","4/17/20","121","54","22045","44.63"
"Iberville","10","267","Louisiana","4/17/20","198","69","22047","34.85"
"Jackson","1","14","Louisiana","4/17/20","8","6","22049","75"
"Jefferson","114","5476","Louisiana","4/17/20","4678","798","22051","17.06"
"Jefferson Davis","3","52","Louisiana","4/17/20","32","20","22053","62.5"
"Lafayette","9","396","Louisiana","4/17/20","330","66","22055","20"
"Lafourche","17","542","Louisiana","4/17/20","426","116","22057","27.23"
"LaSalle","1","13","Louisiana","4/17/20","9","4","22059","44.44"
"Lincoln","2","47","Louisiana","4/17/20","33","14","22061","42.42"
"Livingston","5","142","Louisiana","4/17/20","107","35","22063","32.71"
"Madison","0","4","Louisiana","4/17/20","2","2","22065","100"
"Morehouse","1","34","Louisiana","4/17/20","27","7","22067","25.93"
"Natchitoches","2","50","Louisiana","4/17/20","33","17","22069","51.52"
"Orleans","70","5906","Louisiana","4/17/20","5416","490","22071","9.05"
"Ouachita","21","470","Louisiana","4/17/20","326","144","22073","44.17"
"Plaquemines","3","152","Louisiana","4/17/20","130","22","22075","16.92"
"Pointe Coupee","3","62","Louisiana","4/17/20","38","24","22077","63.16"
"Rapides","6","196","Louisiana","4/17/20","156","40","22079","25.64"
"Red River","2","18","Louisiana","4/17/20","7","11","22081","157.14"
"Richland","1","27","Louisiana","4/17/20","18","9","22083","50"
"Sabine","1","13","Louisiana","4/17/20","8","5","22085","62.5"
"St. Bernard","9","404","Louisiana","4/17/20","343","61","22087","17.78"
"St. Charles","14","471","Louisiana","4/17/20","376","95","22089","25.27"
"St. Helena","1","18","Louisiana","4/17/20","11","7","22091","63.64"
"St. James","3","216","Louisiana","4/17/20","194","22","22093","11.34"
"St. John the Baptist","17","623","Louisiana","4/17/20","507","116","22095","22.88"
"St. Landry","2","119","Louisiana","4/17/20","103","16","22097","15.53"
"St. Martin","6","184","Louisiana","4/17/20","140","44","22099","31.43"
"St. Mary","5","137","Louisiana","4/17/20","100","37","22101","37"
"St. Tammany","19","961","Louisiana","4/17/20","825","136","22103","16.48"
"Tangipahoa","19","435","Louisiana","4/17/20","305","130","22105","42.62"
"Tensas","0","1","Louisiana","4/17/20","0","1","22107","1"
"Terrebonne","7","293","Louisiana","4/17/20","244","49","22109","20.08"
"Union","4","71","Louisiana","4/17/20","41","30","22111","73.17"
"Vermilion","1","28","Louisiana","4/17/20","22","6","22113","27.27"
"Vernon","0","14","Louisiana","4/17/20","13","1","22115","7.69"
"Washington","7","184","Louisiana","4/17/20","136","48","22117","35.29"
"Webster","2","74","Louisiana","4/17/20","57","17","22119","29.82"
"West Baton Rouge","3","83","Louisiana","4/17/20","61","22","22121","36.07"
"West Carroll","0","4","Louisiana","4/17/20","3","1","22123","33.33"
"West Feliciana","3","60","Louisiana","4/17/20","41","19","22125","46.34"
"Winn","1","16","Louisiana","4/17/20","8","8","22127","100"
"Androscoggin","1","32","Maine","4/17/20","24","8","23001","33.33"
"Aroostook","0","2","Maine","4/17/20","2","0","23003","0"
"Cumberland","12","360","Maine","4/17/20","276","84","23005","30.43"
"Franklin","0","10","Maine","4/17/20","7","3","23007","42.86"
"Hancock","0","6","Maine","4/17/20","4","2","23009","50"
"Kennebec","9","95","Maine","4/17/20","29","66","23011","227.59"
"Knox","0","12","Maine","4/17/20","10","2","23013","20"
"Lincoln","0","12","Maine","4/17/20","9","3","23015","33.33"
"Oxford","0","13","Maine","4/17/20","12","1","23017","8.33"
"Penobscot","1","40","Maine","4/17/20","33","7","23019","21.21"
"Sagadahoc","0","15","Maine","4/17/20","15","0","23023","0"
"Somerset","1","15","Maine","4/17/20","5","10","23025","200"
"Waldo","3","42","Maine","4/17/20","19","23","23027","121.05"
"Washington","0","2","Maine","4/17/20","1","1","23029","100"
"York","5","170","Maine","4/17/20","137","33","23031","24.09"
"Allegany","2","26","Maryland","4/17/20","10","16","24001","160"
"Anne Arundel","59","966","Maryland","4/17/20","554","412","24003","74.37"
"Baltimore","71","1569","Maryland","4/17/20","1072","497","24005","46.36"
"Baltimore City","83","1273","Maryland","4/17/20","689","584","24510","84.76"
"Calvert","5","109","Maryland","4/17/20","76","33","24009","43.42"
"Caroline","2","28","Maryland","4/17/20","12","16","24011","133.33"
"Carroll","11","288","Maryland","4/17/20","214","74","24013","34.58"
"Cecil","9","127","Maryland","4/17/20","64","63","24015","98.44"
"Charles","17","337","Maryland","4/17/20","220","117","24017","53.18"
"Dorchester","2","20","Maryland","4/17/20","7","13","24019","185.71"
"Frederick","34","525","Maryland","4/17/20","289","236","24021","81.66"
"Garrett","0","4","Maryland","4/17/20","4","0","24023","0"
"Harford","9","176","Maryland","4/17/20","110","66","24025","60"
"Howard","22","475","Maryland","4/17/20","319","156","24027","48.9"
"Kent","1","14","Maryland","4/17/20","9","5","24029","55.56"
"Montgomery","127","2280","Maryland","4/17/20","1388","892","24031","64.27"
"Prince George's","179","2966","Maryland","4/17/20","1716","1250","24033","72.84"
"Queen Anne's","0","19","Maryland","4/17/20","17","2","24035","11.76"
"Somerset","1","9","Maryland","4/17/20","4","5","24039","125"
"St. Mary's","4","100","Maryland","4/17/20","71","29","24037","40.85"
"Talbot","0","14","Maryland","4/17/20","13","1","24041","7.69"
"Washington","7","116","Maryland","4/17/20","66","50","24043","75.76"
"Wicomico","11","103","Maryland","4/17/20","28","75","24045","267.86"
"Worcester","2","28","Maryland","4/17/20","16","12","24047","75"
"Barnstable","17","582","Massachusetts","4/17/20","464","118","25001","25.43"
"Berkshire","9","390","Massachusetts","4/17/20","329","61","25003","18.54"
"Bristol","87","1693","Massachusetts","4/17/20","1086","607","25005","55.89"
"Dukes and Nantucket","0","23","Massachusetts","4/17/20","21","2","00000","9.52"
"Essex","285","4668","Massachusetts","4/17/20","2670","1998","25009","74.83"
"Franklin","6","178","Massachusetts","4/17/20","135","43","25011","31.85"
"Hampden","110","2163","Massachusetts","4/17/20","1394","769","25013","55.16"
"Hampshire","11","269","Massachusetts","4/17/20","194","75","25015","38.66"
"Middlesex","489","7867","Massachusetts","4/17/20","4447","3420","25017","76.91"
"Norfolk","195","3580","Massachusetts","4/17/20","2216","1364","25021","61.55"
"Plymouth","134","2614","Massachusetts","4/17/20","1677","937","25023","55.87"
"Suffolk","406","7378","Massachusetts","4/17/20","4534","2844","25025","62.73"
"Worcester","162","2812","Massachusetts","4/17/20","1678","1134","25027","67.58"
"Alcona","0","2","Michigan","4/17/20","0","2","26001","1"
"Allegan","3","46","Michigan","4/17/20","24","22","26005","91.67"
"Alpena","1","4","Michigan","4/17/20","0","4","26007","1"
"Antrim","0","9","Michigan","4/17/20","7","2","26009","28.57"
"Arenac","1","9","Michigan","4/17/20","4","5","26011","125"
"Barry","2","25","Michigan","4/17/20","9","16","26015","177.78"
"Bay","4","78","Michigan","4/17/20","53","25","26017","47.17"
"Berrien","11","242","Michigan","4/17/20","167","75","26021","44.91"
"Branch","2","38","Michigan","4/17/20","27","11","26023","40.74"
"Calhoun","10","144","Michigan","4/17/20","74","70","26025","94.59"
"Cass","2","31","Michigan","4/17/20","16","15","26027","93.75"
"Charlevoix","0","11","Michigan","4/17/20","10","1","26029","10"
"Cheboygan","1","16","Michigan","4/17/20","11","5","26031","45.45"
"Chippewa","0","1","Michigan","4/17/20","1","0","26033","0"
"Clare","1","7","Michigan","4/17/20","3","4","26035","133.33"
"Clinton","2","108","Michigan","4/17/20","94","14","26037","14.89"
"Crawford","2","24","Michigan","4/17/20","7","17","26039","242.86"
"Delta","0","11","Michigan","4/17/20","10","1","26041","10"
"Dickinson","0","3","Michigan","4/17/20","3","0","26043","0"
"Eaton","3","93","Michigan","4/17/20","72","21","26045","29.17"
"Emmet","1","25","Michigan","4/17/20","21","4","26047","19.05"
"Federal Correctional Institution (FCI)","6","44","Michigan","4/17/20","0","44","00000","1"
"Genesee","54","1231","Michigan","4/17/20","850","381","26049","44.82"
"Gladwin","1","8","Michigan","4/17/20","4","4","26051","100"
"Gogebic","0","4","Michigan","4/17/20","4","0","26053","0"
"Grand Traverse","0","18","Michigan","4/17/20","17","1","26055","5.88"
"Gratiot","0","8","Michigan","4/17/20","7","1","26057","14.29"
"Hillsdale","2","87","Michigan","4/17/20","71","16","26059","22.54"
"Houghton","0","2","Michigan","4/17/20","1","1","26061","100"
"Huron","1","14","Michigan","4/17/20","9","5","26063","55.56"
"Ingham","9","309","Michigan","4/17/20","248","61","26065","24.6"
"Ionia","1","22","Michigan","4/17/20","14","8","26067","57.14"
"Iosco","1","10","Michigan","4/17/20","5","5","26069","100"
"Isabella","2","59","Michigan","4/17/20","48","11","26073","22.92"
"Jackson","13","241","Michigan","4/17/20","151","90","26075","59.6"
"Kalamazoo","8","146","Michigan","4/17/20","87","59","26077","67.82"
"Kalkaska","2","25","Michigan","4/17/20","12","13","26079","108.33"
"Kent","32","496","Michigan","4/17/20","269","227","26081","84.39"
"Lake","0","3","Michigan","4/17/20","1","2","26085","200"
"Lapeer","8","148","Michigan","4/17/20","93","55","26087","59.14"
"Leelanau","0","7","Michigan","4/17/20","4","3","26089","75"
"Lenawee","4","73","Michigan","4/17/20","45","28","26091","62.22"
"Livingston","11","313","Michigan","4/17/20","234","79","26093","33.76"
"Luce","0","1","Michigan","4/17/20","1","0","26095","0"
"Mackinac","0","5","Michigan","4/17/20","4","1","26097","25"
"Macomb","168","4151","Michigan","4/17/20","2978","1173","26099","39.39"
"Manistee","0","12","Michigan","4/17/20","10","2","26101","20"
"Marquette","1","29","Michigan","4/17/20","21","8","26103","38.1"
"Mason","0","5","Michigan","4/17/20","2","3","26105","150"
"Mecosta","0","13","Michigan","4/17/20","12","1","26107","8.33"
"Menominee","0","1","Michigan","4/17/20","1","0","26109","0"
"Michigan Department of Corrections (MDOC)","73","514","Michigan","4/17/20","0","514","00000","1"
"Midland","3","59","Michigan","4/17/20","39","20","26111","51.28"
"Missaukee","0","3","Michigan","4/17/20","1","2","26113","200"
"Monroe","7","225","Michigan","4/17/20","174","51","26115","29.31"
"Montcalm","1","25","Michigan","4/17/20","21","4","26117","19.05"
"Montmorency","0","3","Michigan","4/17/20","0","3","26119","1"
"Muskegon","10","128","Michigan","4/17/20","57","71","26121","124.56"
"Newaygo","0","9","Michigan","4/17/20","6","3","26123","50"
"Oakland","216","6343","Michigan","4/17/20","4832","1511","26125","31.27"
"Oceana","0","4","Michigan","4/17/20","3","1","26127","33.33"
"Ogemaw","0","6","Michigan","4/17/20","4","2","26129","50"
"Osceola","0","8","Michigan","4/17/20","5","3","26133","60"
"Oscoda","0","4","Michigan","4/17/20","3","1","26135","33.33"
"Otsego","3","53","Michigan","4/17/20","32","21","26137","65.62"
"Ottawa","5","120","Michigan","4/17/20","86","34","26139","39.53"
"Out of MI","-9","71","Michigan","4/17/20","137","-66","80026","-48.18"
"Presque Isle","0","2","Michigan","4/17/20","2","0","26141","0"
"Roscommon","0","10","Michigan","4/17/20","8","2","26143","25"
"Saginaw","19","370","Michigan","4/17/20","240","130","26145","54.17"
"Sanilac","1","28","Michigan","4/17/20","24","4","26151","16.67"
"Schoolcraft","0","3","Michigan","4/17/20","1","2","26153","200"
"Shiawassee","8","97","Michigan","4/17/20","38","59","26155","155.26"
"St. Clair","9","269","Michigan","4/17/20","204","65","26147","31.86"
"St. Joseph","0","23","Michigan","4/17/20","20","3","26149","15"
"Tuscola","2","56","Michigan","4/17/20","42","14","26157","33.33"
"Van Buren","2","40","Michigan","4/17/20","29","11","26159","37.93"
"Washtenaw","30","945","Michigan","4/17/20","735","210","26161","28.57"
"Wayne","387","13340","Michigan","4/17/20","10628","2712","26163","25.52"
"Wexford","0","9","Michigan","4/17/20","8","1","26165","12.5"
"Aitkin","0","1","Minnesota","4/17/20","0","1","27001","1"
"Anoka","4","83","Minnesota","4/17/20","55","28","27003","50.91"
"Becker","0","1","Minnesota","4/17/20","0","1","27005","1"
"Beltrami","0","5","Minnesota","4/17/20","5","0","27007","0"
"Benton","0","4","Minnesota","4/17/20","1","3","27009","300"
"Big Stone","0","1","Minnesota","4/17/20","1","0","27011","0"
"Blue Earth","0","23","Minnesota","4/17/20","22","1","27013","4.55"
"Brown","0","7","Minnesota","4/17/20","7","0","27015","0"
"Carlton","2","32","Minnesota","4/17/20","18","14","27017","77.78"
"Carver","0","14","Minnesota","4/17/20","12","2","27019","16.67"
"Cass","0","4","Minnesota","4/17/20","3","1","27021","33.33"
"Chisago","0","7","Minnesota","4/17/20","6","1","27025","16.67"
"Clay","2","44","Minnesota","4/17/20","29","15","27027","51.72"
"Clearwater","0","3","Minnesota","4/17/20","2","1","27029","50"
"Cottonwood","0","6","Minnesota","4/17/20","5","1","27033","20"
"Crow Wing","1","17","Minnesota","4/17/20","13","4","27035","30.77"
"Dakota","4","110","Minnesota","4/17/20","85","25","27037","29.41"
"Dodge","0","17","Minnesota","4/17/20","14","3","27039","21.43"
"Douglas","0","1","Minnesota","4/17/20","1","0","27041","0"
"Faribault","0","4","Minnesota","4/17/20","4","0","27043","0"
"Fillmore","0","10","Minnesota","4/17/20","10","0","27045","0"
"Freeborn","1","28","Minnesota","4/17/20","21","7","27047","33.33"
"Goodhue","1","18","Minnesota","4/17/20","14","4","27049","28.57"
"Hennepin","56","806","Minnesota","4/17/20","415","391","27053","94.22"
"Houston","0","1","Minnesota","4/17/20","1","0","27055","0"
"Isanti","0","4","Minnesota","4/17/20","4","0","27059","0"
"Itasca","0","2","Minnesota","4/17/20","2","0","27061","0"
"Jackson","0","1","Minnesota","4/17/20","1","0","27063","0"
"Kandiyohi","0","2","Minnesota","4/17/20","2","0","27067","0"
"Koochiching","0","1","Minnesota","4/17/20","1","0","27071","0"
"Lac qui Parle","0","1","Minnesota","4/17/20","1","0","27073","0"
"Le Sueur","0","22","Minnesota","4/17/20","20","2","27079","10"
"Lincoln","0","2","Minnesota","4/17/20","2","0","27081","0"
"Lyon","0","6","Minnesota","4/17/20","5","1","27083","20"
"Mahnomen","0","1","Minnesota","4/17/20","1","0","27087","0"
"Martin","0","39","Minnesota","4/17/20","36","3","27091","8.33"
"McLeod","0","2","Minnesota","4/17/20","2","0","27085","0"
"Meeker","0","3","Minnesota","4/17/20","2","1","27093","50"
"Mille Lacs","0","1","Minnesota","4/17/20","0","1","27095","1"
"Mower","0","25","Minnesota","4/17/20","22","3","27099","13.64"
"Murray","0","2","Minnesota","4/17/20","1","1","27101","100"
"Nicollet","0","7","Minnesota","4/17/20","6","1","27103","16.67"
"Nobles","2","12","Minnesota","4/17/20","1","11","27105","1100"
"Norman","0","2","Minnesota","4/17/20","0","2","27107","1"
"Olmsted","7","174","Minnesota","4/17/20","126","48","27109","38.1"
"Otter Tail","0","4","Minnesota","4/17/20","3","1","27111","33.33"
"Pine","1","9","Minnesota","4/17/20","3","6","27115","200"
"Pipestone","0","1","Minnesota","4/17/20","1","0","27117","0"
"Polk","0","2","Minnesota","4/17/20","1","1","27119","100"
"Ramsey","8","178","Minnesota","4/17/20","124","54","27123","43.55"
"Red Lake","0","1","Minnesota","4/17/20","0","1","27125","1"
"Redwood","0","1","Minnesota","4/17/20","1","0","27127","0"
"Renville","0","3","Minnesota","4/17/20","2","1","27129","50"
"Rice","0","6","Minnesota","4/17/20","4","2","27131","50"
"Rock","0","3","Minnesota","4/17/20","0","3","27133","1"
"Roseau","0","1","Minnesota","4/17/20","1","0","27135","0"
"Scott","1","23","Minnesota","4/17/20","19","4","27139","21.05"
"Sherburne","0","12","Minnesota","4/17/20","9","3","27141","33.33"
"Sibley","0","1","Minnesota","4/17/20","1","0","27143","0"
"St. Louis","2","45","Minnesota","4/17/20","34","11","27137","32.35"
"Stearns","1","14","Minnesota","4/17/20","7","7","27145","100"
"Steele","0","9","Minnesota","4/17/20","9","0","27147","0"
"Swift","0","1","Minnesota","4/17/20","1","0","27151","0"
"Todd","0","2","Minnesota","4/17/20","0","2","27153","1"
"Traverse","0","2","Minnesota","4/17/20","2","0","27155","0"
"Wabasha","0","8","Minnesota","4/17/20","6","2","27157","33.33"
"Waseca","0","3","Minnesota","4/17/20","3","0","27161","0"
"Washington","3","92","Minnesota","4/17/20","73","19","27163","26.03"
"Watonwan","0","4","Minnesota","4/17/20","4","0","27165","0"
"Wilkin","0","7","Minnesota","4/17/20","6","1","27167","16.67"
"Winona","4","56","Minnesota","4/17/20","26","30","27169","115.38"
"Wright","1","23","Minnesota","4/17/20","14","9","27171","64.29"
"Yellow Medicine","0","3","Minnesota","4/17/20","2","1","27173","50"
"Adams","4","73","Mississippi","4/17/20","42","31","28001","73.81"
"Alcorn","0","7","Mississippi","4/17/20","7","0","28003","0"
"Amite","1","17","Mississippi","4/17/20","10","7","28005","70"
"Attala","2","31","Mississippi","4/17/20","17","14","28007","82.35"
"Benton","0","6","Mississippi","4/17/20","5","1","28009","20"
"Bolivar","2","76","Mississippi","4/17/20","61","15","28011","24.59"
"Calhoun","3","32","Mississippi","4/17/20","13","19","28013","146.15"
"Carroll","0","10","Mississippi","4/17/20","7","3","28015","42.86"
"Chickasaw","3","39","Mississippi","4/17/20","21","18","28017","85.71"
"Choctaw","0","11","Mississippi","4/17/20","9","2","28019","22.22"
"Claiborne","1","8","Mississippi","4/17/20","3","5","28021","166.67"
"Clarke","1","21","Mississippi","4/17/20","13","8","28023","61.54"
"Clay","1","22","Mississippi","4/17/20","17","5","28025","29.41"
"Coahoma","1","45","Mississippi","4/17/20","37","8","28027","21.62"
"Copiah","1","40","Mississippi","4/17/20","30","10","28029","33.33"
"Covington","2","22","Mississippi","4/17/20","8","14","28031","175"
"DeSoto","8","213","Mississippi","4/17/20","158","55","28033","34.81"
"Forrest","9","137","Mississippi","4/17/20","76","61","28035","80.26"
"Franklin","1","14","Mississippi","4/17/20","9","5","28037","55.56"
"George","0","9","Mississippi","4/17/20","7","2","28039","28.57"
"Greene","0","3","Mississippi","4/17/20","1","2","28041","200"
"Grenada","1","15","Mississippi","4/17/20","10","5","28043","50"
"Hancock","2","50","Mississippi","4/17/20","37","13","28045","35.14"
"Harrison","5","137","Mississippi","4/17/20","99","38","28047","38.38"
"Hinds","14","314","Mississippi","4/17/20","219","95","28049","43.38"
"Holmes","2","54","Mississippi","4/17/20","39","15","28051","38.46"
"Humphreys","0","12","Mississippi","4/17/20","9","3","28053","33.33"
"Itawamba","1","13","Mississippi","4/17/20","8","5","28057","62.5"
"Jackson","9","196","Mississippi","4/17/20","135","61","28059","45.19"
"Jasper","1","20","Mississippi","4/17/20","10","10","28061","100"
"Jefferson","0","4","Mississippi","4/17/20","4","0","28063","0"
"Jefferson Davis","0","8","Mississippi","4/17/20","5","3","28065","60"
"Jones","4","56","Mississippi","4/17/20","25","31","28067","124"
"Kemper","0","16","Mississippi","4/17/20","14","2","28069","14.29"
"Lafayette","2","39","Mississippi","4/17/20","28","11","28071","39.29"
"Lamar","4","57","Mississippi","4/17/20","28","29","28073","103.57"
"Lauderdale","9","181","Mississippi","4/17/20","118","63","28075","53.39"
"Lawrence","1","12","Mississippi","4/17/20","7","5","28077","71.43"
"Leake","5","60","Mississippi","4/17/20","22","38","28079","172.73"
"Lee","1","49","Mississippi","4/17/20","41","8","28081","19.51"
"Leflore","4","70","Mississippi","4/17/20","43","27","28083","62.79"
"Lincoln","8","95","Mississippi","4/17/20","41","54","28085","131.71"
"Lowndes","2","30","Mississippi","4/17/20","19","11","28087","57.89"
"Madison","4","123","Mississippi","4/17/20","95","28","28089","29.47"
"Marion","3","38","Mississippi","4/17/20","17","21","28091","123.53"
"Marshall","1","37","Mississippi","4/17/20","28","9","28093","32.14"
"Monroe","5","58","Mississippi","4/17/20","25","33","28095","132"
"Montgomery","0","15","Mississippi","4/17/20","14","1","28097","7.14"
"Neshoba","4","46","Mississippi","4/17/20","21","25","28099","119.05"
"Newton","1","19","Mississippi","4/17/20","10","9","28101","90"
"Noxubee","2","20","Mississippi","4/17/20","6","14","28103","233.33"
"Oktibbeha","1","42","Mississippi","4/17/20","36","6","28105","16.67"
"Panola","1","27","Mississippi","4/17/20","22","5","28107","22.73"
"Pearl River","5","115","Mississippi","4/17/20","77","38","28109","49.35"
"Perry","1","21","Mississippi","4/17/20","15","6","28111","40"
"Pike","8","93","Mississippi","4/17/20","39","54","28113","138.46"
"Pontotoc","0","17","Mississippi","4/17/20","14","3","28115","21.43"
"Prentiss","1","16","Mississippi","4/17/20","12","4","28117","33.33"
"Quitman","0","13","Mississippi","4/17/20","12","1","28119","8.33"
"Rankin","6","128","Mississippi","4/17/20","88","40","28121","45.45"
"Scott","7","96","Mississippi","4/17/20","47","49","28123","104.26"
"Sharkey","0","3","Mississippi","4/17/20","3","0","28125","0"
"Simpson","1","14","Mississippi","4/17/20","7","7","28127","100"
"Smith","3","38","Mississippi","4/17/20","17","21","28129","123.53"
"Stone","2","17","Mississippi","4/17/20","5","12","28131","240"
"Sunflower","2","45","Mississippi","4/17/20","34","11","28133","32.35"
"Tallahatchie","1","8","Mississippi","4/17/20","3","5","28135","166.67"
"Tate","1","27","Mississippi","4/17/20","22","5","28137","22.73"
"Tippah","0","45","Mississippi","4/17/20","42","3","28139","7.14"
"Tishomingo","0","2","Mississippi","4/17/20","2","0","28141","0"
"Tunica","1","28","Mississippi","4/17/20","18","10","28143","55.56"
"Union","0","9","Mississippi","4/17/20","7","2","28145","28.57"
"Walthall","1","22","Mississippi","4/17/20","16","6","28147","37.5"
"Warren","1","17","Mississippi","4/17/20","12","5","28149","41.67"
"Washington","3","68","Mississippi","4/17/20","48","20","28151","41.67"
"Wayne","0","10","Mississippi","4/17/20","7","3","28153","42.86"
"Webster","1","17","Mississippi","4/17/20","13","4","28155","30.77"
"Wilkinson","2","53","Mississippi","4/17/20","40","13","28157","32.5"
"Winston","1","27","Mississippi","4/17/20","17","10","28159","58.82"
"Yalobusha","0","14","Mississippi","4/17/20","11","3","28161","27.27"
"Yazoo","4","81","Mississippi","4/17/20","55","26","28163","47.27"
"Adair","0","12","Missouri","4/17/20","11","1","29001","9.09"
"Andrew","0","1","Missouri","4/17/20","0","1","29003","1"
"Atchison","0","2","Missouri","4/17/20","1","1","29005","100"
"Barry","0","3","Missouri","4/17/20","2","1","29009","50"
"Bates","0","6","Missouri","4/17/20","6","0","29013","0"
"Benton","0","3","Missouri","4/17/20","3","0","29015","0"
"Bollinger","0","3","Missouri","4/17/20","3","0","29017","0"
"Boone","2","93","Missouri","4/17/20","78","15","29019","19.23"
"Buchanan","1","28","Missouri","4/17/20","20","8","29021","40"
"Butler","2","22","Missouri","4/17/20","10","12","29023","120"
"Caldwell","0","2","Missouri","4/17/20","1","1","29025","100"
"Callaway","0","21","Missouri","4/17/20","21","0","29027","0"
"Camden","1","32","Missouri","4/17/20","26","6","29029","23.08"
"Cape Girardeau","1","35","Missouri","4/17/20","26","9","29031","34.62"
"Carter","0","3","Missouri","4/17/20","3","0","29035","0"
"Cass","3","50","Missouri","4/17/20","27","23","29037","85.19"
"Cedar","0","5","Missouri","4/17/20","5","0","29039","0"
"Chariton","0","4","Missouri","4/17/20","4","0","29041","0"
"Christian","0","19","Missouri","4/17/20","17","2","29043","11.76"
"Clark","0","1","Missouri","4/17/20","1","0","29045","0"
"Clay","2","55","Missouri","4/17/20","42","13","29047","30.95"
"Clinton","0","11","Missouri","4/17/20","10","1","29049","10"
"Cole","1","42","Missouri","4/17/20","35","7","29051","20"
"Cooper","0","4","Missouri","4/17/20","3","1","29053","33.33"
"Crawford","0","6","Missouri","4/17/20","4","2","29055","50"
"Dallas","0","2","Missouri","4/17/20","2","0","29059","0"
"Daviess","0","2","Missouri","4/17/20","0","2","29061","1"
"DeKalb","0","3","Missouri","4/17/20","3","0","29063","0"
"Dunklin","1","18","Missouri","4/17/20","12","6","29069","50"
"Franklin","3","91","Missouri","4/17/20","68","23","29071","33.82"
"Gasconade","0","2","Missouri","4/17/20","2","0","29073","0"
"Gentry","0","1","Missouri","4/17/20","1","0","29075","0"
"Greene","2","87","Missouri","4/17/20","76","11","29077","14.47"
"Harrison","0","6","Missouri","4/17/20","6","0","29081","0"
"Henry","1","6","Missouri","4/17/20","2","4","29083","200"
"Holt","0","1","Missouri","4/17/20","0","1","29087","1"
"Howard","0","2","Missouri","4/17/20","1","1","29089","100"
"Howell","0","5","Missouri","4/17/20","4","1","29091","25"
"Iron","0","1","Missouri","4/17/20","0","1","29093","1"
"Jackson","10","267","Missouri","4/17/20","199","68","29095","34.17"
"Jasper","1","28","Missouri","4/17/20","20","8","29097","40"
"Jefferson","10","179","Missouri","4/17/20","107","72","29099","67.29"
"Johnson","2","48","Missouri","4/17/20","36","12","29101","33.33"
"Kansas City","14","401","Missouri","4/17/20","300","101","00000","33.67"
"Lafayette","0","29","Missouri","4/17/20","28","1","29107","3.57"
"Lincoln","1","35","Missouri","4/17/20","26","9","29113","34.62"
"Linn","0","5","Missouri","4/17/20","3","2","29115","66.67"
"Livingston","0","2","Missouri","4/17/20","1","1","29117","100"
"Macon","0","2","Missouri","4/17/20","2","0","29121","0"
"Madison","0","1","Missouri","4/17/20","1","0","29123","0"
"Maries","0","2","Missouri","4/17/20","2","0","29125","0"
"McDonald","0","4","Missouri","4/17/20","4","0","29119","0"
"Miller","0","1","Missouri","4/17/20","0","1","29131","1"
"Moniteau","2","19","Missouri","4/17/20","4","15","29135","375"
"Montgomery","0","7","Missouri","4/17/20","6","1","29139","16.67"
"Morgan","0","2","Missouri","4/17/20","1","1","29141","100"
"New Madrid","0","8","Missouri","4/17/20","6","2","29143","33.33"
"Newton","0","9","Missouri","4/17/20","7","2","29145","28.57"
"Nodaway","0","3","Missouri","4/17/20","2","1","29147","50"
"Oregon","0","1","Missouri","4/17/20","1","0","29149","0"
"Osage","0","4","Missouri","4/17/20","4","0","29151","0"
"Pemiscot","1","11","Missouri","4/17/20","4","7","29155","175"
"Perry","1","41","Missouri","4/17/20","31","10","29157","32.26"
"Pettis","1","10","Missouri","4/17/20","4","6","29159","150"
"Phelps","0","1","Missouri","4/17/20","1","0","29161","0"
"Pike","0","6","Missouri","4/17/20","5","1","29163","20"
"Platte","0","27","Missouri","4/17/20","25","2","29165","8"
"Polk","0","1","Missouri","4/17/20","1","0","29167","0"
"Pulaski","2","25","Missouri","4/17/20","11","14","29169","127.27"
"Ralls","0","1","Missouri","4/17/20","1","0","29173","0"
"Randolph","0","8","Missouri","4/17/20","8","0","29175","0"
"Ray","0","7","Missouri","4/17/20","7","0","29177","0"
"Reynolds","0","2","Missouri","4/17/20","2","0","29179","0"
"Ripley","0","3","Missouri","4/17/20","3","0","29181","0"
"Saline","5","53","Missouri","4/17/20","18","35","29195","194.44"
"Scotland","0","4","Missouri","4/17/20","2","2","29199","100"
"Scott","4","42","Missouri","4/17/20","13","29","29201","223.08"
"Shelby","0","1","Missouri","4/17/20","1","0","29205","0"
"St. Charles","14","426","Missouri","4/17/20","325","101","29183","31.08"
"St. Clair","0","2","Missouri","4/17/20","2","0","29185","0"
"St. Francois","1","24","Missouri","4/17/20","20","4","29187","20"
"St. Louis","71","2215","Missouri","4/17/20","1721","494","29189","28.7"
"St. Louis City","28","788","Missouri","4/17/20","594","194","29510","32.66"
"Ste. Genevieve","0","7","Missouri","4/17/20","6","1","29186","16.67"
"Stoddard","1","15","Missouri","4/17/20","9","6","29207","66.67"
"Stone","0","3","Missouri","4/17/20","4","-1","29209","-25"
"Taney","0","8","Missouri","4/17/20","7","1","29213","14.29"
"Vernon","0","4","Missouri","4/17/20","3","1","29217","33.33"
"Warren","1","18","Missouri","4/17/20","13","5","29219","38.46"
"Washington","0","4","Missouri","4/17/20","1","3","29221","300"
"Webster","0","6","Missouri","4/17/20","3","3","29225","100"
"Worth","0","1","Missouri","4/17/20","1","0","29227","0"
"Wright","0","9","Missouri","4/17/20","7","2","29229","28.57"
"Beaverhead","0","1","Montana","4/17/20","1","0","30001","0"
"Big Horn","0","3","Montana","4/17/20","1","2","30003","200"
"Broadwater","0","4","Montana","4/17/20","4","0","30007","0"
"Carbon","0","6","Montana","4/17/20","6","0","30009","0"
"Cascade","0","13","Montana","4/17/20","12","1","30013","8.33"
"Deer Lodge","0","3","Montana","4/17/20","3","0","30023","0"
"Flathead","0","37","Montana","4/17/20","34","3","30029","8.82"
"Gallatin","1","142","Montana","4/17/20","134","8","30031","5.97"
"Glacier","0","4","Montana","4/17/20","3","1","30035","33.33"
"Golden Valley","0","3","Montana","4/17/20","0","3","30037","1"
"Hill","0","1","Montana","4/17/20","1","0","30041","0"
"Jefferson","0","2","Montana","4/17/20","2","0","30043","0"
"Lake","0","5","Montana","4/17/20","5","0","30047","0"
"Lewis and Clark","0","16","Montana","4/17/20","16","0","30049","0"
"Liberty","0","1","Montana","4/17/20","1","0","30051","0"
"Lincoln","0","7","Montana","4/17/20","7","0","30053","0"
"Madison","0","8","Montana","4/17/20","8","0","30057","0"
"Meagher","0","1","Montana","4/17/20","1","0","30059","0"
"Missoula","1","34","Montana","4/17/20","26","8","30063","30.77"
"Musselshell","0","1","Montana","4/17/20","1","0","30065","0"
"Park","0","7","Montana","4/17/20","7","0","30067","0"
"Pondera","0","1","Montana","4/17/20","0","1","30073","1"
"Ravalli","0","5","Montana","4/17/20","3","2","30081","66.67"
"Richland","0","3","Montana","4/17/20","2","1","30083","50"
"Roosevelt","1","6","Montana","4/17/20","2","4","30085","200"
"Silver Bow","0","11","Montana","4/17/20","11","0","30093","0"
"Stillwater","0","1","Montana","4/17/20","1","0","30095","0"
"Toole","2","29","Montana","4/17/20","18","11","30101","61.11"
"Yellowstone","2","67","Montana","4/17/20","55","12","30111","21.82"
"Adams","4","64","Nebraska","4/17/20","38","26","31001","68.42"
"Antelope","0","1","Nebraska","4/17/20","1","0","31003","0"
"Box Butte","0","1","Nebraska","4/17/20","0","1","31013","1"
"Buffalo","2","44","Nebraska","4/17/20","31","13","31019","41.94"
"Burt","0","1","Nebraska","4/17/20","1","0","31021","0"
"Cass","0","3","Nebraska","4/17/20","3","0","31025","0"
"Cherry","0","1","Nebraska","4/17/20","1","0","31031","0"
"Cheyenne","0","3","Nebraska","4/17/20","1","2","31033","200"
"Clay","0","2","Nebraska","4/17/20","0","2","31035","1"
"Colfax","0","4","Nebraska","4/17/20","3","1","31037","33.33"
"Cuming","0","2","Nebraska","4/17/20","2","0","31039","0"
"Custer","2","19","Nebraska","4/17/20","3","16","31041","533.33"
"Dakota","1","9","Nebraska","4/17/20","0","9","31043","1"
"Dawson","3","24","Nebraska","4/17/20","3","21","31047","700"
"Dodge","1","12","Nebraska","4/17/20","7","5","31053","71.43"
"Douglas","7","266","Nebraska","4/17/20","214","52","31055","24.3"
"Franklin","0","3","Nebraska","4/17/20","0","3","31061","1"
"Gage","0","26","Nebraska","4/17/20","24","2","31067","8.33"
"Gosper","0","1","Nebraska","4/17/20","1","0","31073","0"
"Hall","19","247","Nebraska","4/17/20","116","131","31079","112.93"
"Hamilton","1","14","Nebraska","4/17/20","9","5","31081","55.56"
"Howard","0","2","Nebraska","4/17/20","0","2","31093","1"
"Johnson","0","1","Nebraska","4/17/20","1","0","31097","0"
"Kearney","0","3","Nebraska","4/17/20","3","0","31099","0"
"Kimball","0","9","Nebraska","4/17/20","9","0","31105","0"
"Knox","0","2","Nebraska","4/17/20","2","0","31107","0"
"Lancaster","2","62","Nebraska","4/17/20","49","13","31109","26.53"
"Lincoln","0","17","Nebraska","4/17/20","17","0","31111","0"
"Madison","0","7","Nebraska","4/17/20","6","1","31119","16.67"
"Merrick","0","5","Nebraska","4/17/20","2","3","31121","150"
"Morrill","0","1","Nebraska","4/17/20","0","1","31123","1"
"Nance","0","1","Nebraska","4/17/20","0","1","31125","1"
"Nemaha","0","1","Nebraska","4/17/20","1","0","31127","0"
"Otoe","0","1","Nebraska","4/17/20","1","0","31131","0"
"Phelps","0","1","Nebraska","4/17/20","1","0","31137","0"
"Pierce","0","1","Nebraska","4/17/20","0","1","31139","1"
"Platte","0","6","Nebraska","4/17/20","5","1","31141","20"
"Polk","0","4","Nebraska","4/17/20","1","3","31143","300"
"Saline","0","3","Nebraska","4/17/20","0","3","31151","1"
"Sarpy","1","47","Nebraska","4/17/20","39","8","31153","20.51"
"Saunders","0","6","Nebraska","4/17/20","4","2","31155","50"
"Scotts Bluff","1","17","Nebraska","4/17/20","10","7","31157","70"
"Seward","0","1","Nebraska","4/17/20","1","0","31159","0"
"Stanton","0","1","Nebraska","4/17/20","1","0","31167","0"
"Washington","0","20","Nebraska","4/17/20","20","0","31177","0"
"Wayne","0","1","Nebraska","4/17/20","0","1","31179","1"
"Webster","0","1","Nebraska","4/17/20","1","0","31181","0"
"York","0","6","Nebraska","4/17/20","3","3","31185","100"
"Carson City","2","27","Nevada","4/17/20","15","12","32510","80"
"Churchill","0","1","Nevada","4/17/20","0","1","32001","1"
"Clark","85","2738","Nevada","4/17/20","2144","594","32003","27.71"
"Douglas","1","14","Nevada","4/17/20","9","5","32005","55.56"
"Elko","0","12","Nevada","4/17/20","11","1","32007","9.09"
"Humboldt","1","26","Nevada","4/17/20","16","10","32013","62.5"
"Lincoln","0","0","Nevada","4/17/20","1","-1","32017","-100"
"Lyon","1","12","Nevada","4/17/20","6","6","32019","100"
"Nye","2","21","Nevada","4/17/20","10","11","32023","110"
"Washoe","30","572","Nevada","4/17/20","363","209","32031","57.58"
"White Pine","0","3","Nevada","4/17/20","1","2","32033","200"
"Belknap","1","25","New Hampshire","4/17/20","21","4","33001","19.05"
"Carroll","1","32","New Hampshire","4/17/20","23","9","33003","39.13"
"Cheshire","2","27","New Hampshire","4/17/20","14","13","33005","92.86"
"Coos","0","2","New Hampshire","4/17/20","1","1","33007","100"
"Grafton","0","44","New Hampshire","4/17/20","43","1","33009","2.33"
"Hillsborough","32","525","New Hampshire","4/17/20","303","222","33011","73.27"
"Merrimack","4","88","New Hampshire","4/17/20","60","28","33013","46.67"
"Rockingham","26","449","New Hampshire","4/17/20","268","181","33015","67.54"
"Strafford","5","84","New Hampshire","4/17/20","48","36","33017","75"
"Sullivan","0","9","New Hampshire","4/17/20","6","3","33019","50"
"Atlantic","23","370","New Jersey","4/17/20","211","159","34001","75.36"
"Bergen","419","11863","New Jersey","4/17/20","8928","2935","34003","32.87"
"Burlington","59","1366","New Jersey","4/17/20","954","412","34005","43.19"
"Camden","105","1807","New Jersey","4/17/20","1072","735","34007","68.56"
"Cape May","10","189","New Jersey","4/17/20","116","73","34009","62.93"
"Cumberland","18","263","New Jersey","4/17/20","138","125","34011","90.58"
"Essex","442","9672","New Jersey","4/17/20","6580","3092","34013","46.99"
"Gloucester","31","664","New Jersey","4/17/20","447","217","34015","48.55"
"Hudson","461","9636","New Jersey","4/17/20","6411","3225","34017","50.3"
"Hunterdon","13","385","New Jersey","4/17/20","293","92","34019","31.4"
"Mercer","120","2123","New Jersey","4/17/20","1282","841","34021","65.6"
"Middlesex","321","7308","New Jersey","4/17/20","5060","2248","34023","44.43"
"Monmouth","131","4414","New Jersey","4/17/20","3496","918","34025","26.26"
"Morris","150","3822","New Jersey","4/17/20","2771","1051","34027","37.93"
"Ocean","165","4424","New Jersey","4/17/20","3269","1155","34029","35.33"
"Passaic","370","7604","New Jersey","4/17/20","5017","2587","34031","51.56"
"Salem","8","102","New Jersey","4/17/20","46","56","34033","121.74"
"Somerset","96","2195","New Jersey","4/17/20","1523","672","34035","44.12"
"Sussex","25","591","New Jersey","4/17/20","413","178","34037","43.1"
"Union","408","8429","New Jersey","4/17/20","5575","2854","34039","51.19"
"Warren","26","521","New Jersey","4/17/20","337","184","34041","54.6"
"Bernalillo","12","491","New Mexico","4/17/20","407","84","35001","20.64"
"Catron","0","1","New Mexico","4/17/20","1","0","35003","0"
"Chaves","0","19","New Mexico","4/17/20","18","1","35005","5.56"
"Cibola","1","30","New Mexico","4/17/20","24","6","35006","25"
"Colfax","0","3","New Mexico","4/17/20","1","2","35007","200"
"Curry","0","10","New Mexico","4/17/20","9","1","35009","11.11"
"Dona Ana","2","58","New Mexico","4/17/20","44","14","35013","31.82"
"Eddy","0","7","New Mexico","4/17/20","6","1","35015","16.67"
"Grant","1","12","New Mexico","4/17/20","7","5","35017","71.43"
"Lea","0","2","New Mexico","4/17/20","2","0","35025","0"
"Lincoln","0","1","New Mexico","4/17/20","1","0","35027","0"
"Los Alamos","0","6","New Mexico","4/17/20","4","2","35028","50"
"Luna","0","3","New Mexico","4/17/20","0","3","35029","1"
"McKinley","22","265","New Mexico","4/17/20","113","152","35031","134.51"
"Otero","0","3","New Mexico","4/17/20","3","0","35035","0"
"Quay","0","1","New Mexico","4/17/20","0","1","35037","1"
"Rio Arriba","0","10","New Mexico","4/17/20","7","3","35039","42.86"
"Roosevelt","0","1","New Mexico","4/17/20","1","0","35041","0"
"San Juan","12","229","New Mexico","4/17/20","142","87","35045","61.27"
"San Miguel","0","2","New Mexico","4/17/20","1","1","35047","100"
"Sandoval","17","293","New Mexico","4/17/20","177","116","35043","65.54"
"Santa Fe","1","79","New Mexico","4/17/20","70","9","35049","12.86"
"Socorro","2","20","New Mexico","4/17/20","9","11","35053","122.22"
"Taos","0","15","New Mexico","4/17/20","15","0","35055","0"
"Torrance","1","12","New Mexico","4/17/20","8","4","35057","50"
"Valencia","2","24","New Mexico","4/17/20","11","13","35061","118.18"
"Albany","28","619","New York","4/17/20","426","193","36001","45.31"
"Allegany","0","29","New York","4/17/20","26","3","36003","11.54"
"Broome","9","178","New York","4/17/20","112","66","36007","58.93"
"Cattaraugus","2","34","New York","4/17/20","18","16","36009","88.89"
"Cayuga","1","36","New York","4/17/20","27","9","36011","33.33"
"Chautauqua","0","25","New York","4/17/20","22","3","36013","13.64"
"Chemung","2","71","New York","4/17/20","59","12","36015","20.34"
"Chenango","2","76","New York","4/17/20","60","16","36017","26.67"
"Clinton","1","47","New York","4/17/20","43","4","36019","9.3"
"Columbia","2","101","New York","4/17/20","84","17","36021","20.24"
"Cortland","1","25","New York","4/17/20","17","8","36023","47.06"
"Delaware","1","48","New York","4/17/20","39","9","36025","23.08"
"Dutchess","78","2142","New York","4/17/20","1598","544","36027","34.04"
"Erie","75","2023","New York","4/17/20","1498","525","36029","35.05"
"Essex","1","15","New York","4/17/20","10","5","36031","50"
"Franklin","0","13","New York","4/17/20","11","2","36033","18.18"
"Fulton","1","27","New York","4/17/20","18","9","36035","50"
"Genesee","3","83","New York","4/17/20","65","18","36037","27.69"
"Greene","6","77","New York","4/17/20","34","43","36039","126.47"
"Hamilton","0","3","New York","4/17/20","3","0","36041","0"
"Herkimer","1","46","New York","4/17/20","36","10","36043","27.78"
"Jefferson","1","50","New York","4/17/20","43","7","36045","16.28"
"Lewis","0","8","New York","4/17/20","6","2","36049","33.33"
"Livingston","1","34","New York","4/17/20","29","5","36051","17.24"
"Madison","2","117","New York","4/17/20","102","15","36053","14.71"
"Monroe","33","975","New York","4/17/20","742","233","36055","31.4"
"Montgomery","1","33","New York","4/17/20","29","4","36057","13.79"
"Nassau","1004","28539","New York","4/17/20","21512","7027","36059","32.67"
"New York","4995","127352","New York","4/17/20","92384","34968","36061","37.85"
"Niagara","10","227","New York","4/17/20","156","71","36063","45.51"
"Oneida","13","261","New York","4/17/20","172","89","36065","51.74"
"Onondaga","20","598","New York","4/17/20","456","142","36067","31.14"
"Ontario","2","67","New York","4/17/20","51","16","36069","31.37"
"Orange","283","6514","New York","4/17/20","4532","1982","36071","43.73"
"Orleans","1","34","New York","4/17/20","24","10","36073","41.67"
"Oswego","1","45","New York","4/17/20","36","9","36075","25"
"Otsego","0","44","New York","4/17/20","41","3","36077","7.32"
"Putnam","35","732","New York","4/17/20","487","245","36079","50.31"
"Rensselaer","7","150","New York","4/17/20","102","48","36083","47.06"
"Rockland","266","8987","New York","4/17/20","7122","1865","36087","26.19"
"Saratoga","8","236","New York","4/17/20","182","54","36091","29.67"
"Schenectady","15","295","New York","4/17/20","191","104","36093","54.45"
"Schoharie","1","20","New York","4/17/20","12","8","36095","66.67"
"Schuyler","0","8","New York","4/17/20","5","3","36097","60"
"Seneca","0","18","New York","4/17/20","15","3","36099","20"
"St. Lawrence","2","96","New York","4/17/20","82","14","36089","17.07"
"Steuben","5","154","New York","4/17/20","117","37","36101","31.62"
"Suffolk","674","25035","New York","4/17/20","20320","4715","36103","23.2"
"Sullivan","27","505","New York","4/17/20","318","187","36105","58.81"
"Tioga","2","30","New York","4/17/20","18","12","36107","66.67"
"Tompkins","2","119","New York","4/17/20","107","12","36109","11.21"
"Ulster","50","880","New York","4/17/20","530","350","36111","66.04"
"Warren","7","91","New York","4/17/20","43","48","36113","111.63"
"Washington","3","48","New York","4/17/20","26","22","36115","84.62"
"Wayne","1","49","New York","4/17/20","41","8","36117","19.51"
"Westchester","628","22476","New York","4/17/20","18077","4399","36119","24.33"
"Wyoming","2","44","New York","4/17/20","30","14","36121","46.67"
"Yates","1","8","New York","4/17/20","2","6","36123","300"
"Alamance","2","47","North Carolina","4/17/20","33","14","37001","42.42"
"Alexander","0","3","North Carolina","4/17/20","2","1","37003","50"
"Alleghany","0","2","North Carolina","4/17/20","2","0","37005","0"
"Anson","1","15","North Carolina","4/17/20","9","6","37007","66.67"
"Ashe","0","4","North Carolina","4/17/20","3","1","37009","33.33"
"Beaufort","0","14","North Carolina","4/17/20","12","2","37013","16.67"
"Bertie","1","18","North Carolina","4/17/20","12","6","37015","50"
"Bladen","0","2","North Carolina","4/17/20","1","1","37017","100"
"Brunswick","1","36","North Carolina","4/17/20","30","6","37019","20"
"Buncombe","2","47","North Carolina","4/17/20","36","11","37021","30.56"
"Burke","3","66","North Carolina","4/17/20","44","22","37023","50"
"Cabarrus","16","207","North Carolina","4/17/20","94","113","37025","120.21"
"Caldwell","1","22","North Carolina","4/17/20","14","8","37027","57.14"
"Carteret","0","22","North Carolina","4/17/20","20","2","37031","10"
"Caswell","1","7","North Carolina","4/17/20","3","4","37033","133.33"
"Catawba","2","43","North Carolina","4/17/20","29","14","37035","48.28"
"Chatham","8","85","North Carolina","4/17/20","26","59","37037","226.92"
"Cherokee","1","16","North Carolina","4/17/20","10","6","37039","60"
"Chowan","1","6","North Carolina","4/17/20","2","4","37041","200"
"Clay","0","5","North Carolina","4/17/20","3","2","37043","66.67"
"Cleveland","1","42","North Carolina","4/17/20","32","10","37045","31.25"
"Columbus","5","55","North Carolina","4/17/20","20","35","37047","175"
"Craven","1","33","North Carolina","4/17/20","23","10","37049","43.48"
"Cumberland","4","105","North Carolina","4/17/20","75","30","37051","40"
"Currituck","0","3","North Carolina","4/17/20","3","0","37053","0"
"Dare","0","15","North Carolina","4/17/20","13","2","37055","15.38"
"Davidson","2","94","North Carolina","4/17/20","81","13","37057","16.05"
"Davie","0","23","North Carolina","4/17/20","21","2","37059","9.52"
"Duplin","2","23","North Carolina","4/17/20","12","11","37061","91.67"
"Durham","18","388","North Carolina","4/17/20","259","129","37063","49.81"
"Edgecombe","4","46","North Carolina","4/17/20","18","28","37065","155.56"
"Forsyth","2","126","North Carolina","4/17/20","111","15","37067","13.51"
"Franklin","5","67","North Carolina","4/17/20","33","34","37069","103.03"
"Gaston","5","110","North Carolina","4/17/20","73","37","37071","50.68"
"Gates","0","4","North Carolina","4/17/20","4","0","37073","0"
"Granville","3","106","North Carolina","4/17/20","87","19","37077","21.84"
"Greene","1","14","North Carolina","4/17/20","10","4","37079","40"
"Guilford","6","171","North Carolina","4/17/20","127","44","37081","34.65"
"Halifax","2","32","North Carolina","4/17/20","20","12","37083","60"
"Harnett","3","54","North Carolina","4/17/20","35","19","37085","54.29"
"Haywood","0","5","North Carolina","4/17/20","3","2","37087","66.67"
"Henderson","7","106","North Carolina","4/17/20","58","48","37089","82.76"
"Hertford","0","7","North Carolina","4/17/20","5","2","37091","40"
"Hoke","1","22","North Carolina","4/17/20","16","6","37093","37.5"
"Iredell","3","81","North Carolina","4/17/20","63","18","37097","28.57"
"Jackson","0","5","North Carolina","4/17/20","3","2","37099","66.67"
"Johnston","5","114","North Carolina","4/17/20","80","34","37101","42.5"
"Jones","1","9","North Carolina","4/17/20","3","6","37103","200"
"Lee","4","30","North Carolina","4/17/20","4","26","37105","650"
"Lenoir","0","17","North Carolina","4/17/20","14","3","37107","21.43"
"Lincoln","1","20","North Carolina","4/17/20","13","7","37109","53.85"
"Macon","0","2","North Carolina","4/17/20","2","0","37113","0"
"Martin","0","8","North Carolina","4/17/20","5","3","37117","60"
"McDowell","1","20","North Carolina","4/17/20","16","4","37111","25"
"Mecklenburg","33","1136","North Carolina","4/17/20","906","230","37119","25.39"
"Mitchell","0","5","North Carolina","4/17/20","3","2","37121","66.67"
"Montgomery","1","17","North Carolina","4/17/20","13","4","37123","30.77"
"Moore","2","89","North Carolina","4/17/20","74","15","37125","20.27"
"Nash","3","52","North Carolina","4/17/20","29","23","37127","79.31"
"New Hanover","2","68","North Carolina","4/17/20","55","13","37129","23.64"
"Northampton","2","70","North Carolina","4/17/20","57","13","37131","22.81"
"Onslow","1","37","North Carolina","4/17/20","28","9","37133","32.14"
"Orange","10","175","North Carolina","4/17/20","104","71","37135","68.27"
"Pamlico","0","6","North Carolina","4/17/20","4","2","37137","50"
"Pasquotank","1","20","North Carolina","4/17/20","11","9","37139","81.82"
"Pender","0","5","North Carolina","4/17/20","4","1","37141","25"
"Perquimans","1","8","North Carolina","4/17/20","3","5","37143","166.67"
"Person","1","15","North Carolina","4/17/20","8","7","37145","87.5"
"Pitt","4","85","North Carolina","4/17/20","60","25","37147","41.67"
"Polk","0","9","North Carolina","4/17/20","8","1","37149","12.5"
"Randolph","3","67","North Carolina","4/17/20","46","21","37151","45.65"
"Richmond","2","17","North Carolina","4/17/20","5","12","37153","240"
"Robeson","2","20","North Carolina","4/17/20","7","13","37155","185.71"
"Rockingham","1","16","North Carolina","4/17/20","10","6","37157","60"
"Rowan","22","231","North Carolina","4/17/20","75","156","37159","208"
"Rutherford","4","59","North Carolina","4/17/20","31","28","37161","90.32"
"Sampson","1","18","North Carolina","4/17/20","10","8","37163","80"
"Scotland","1","11","North Carolina","4/17/20","4","7","37165","175"
"Stanly","1","20","North Carolina","4/17/20","11","9","37167","81.82"
"Stokes","0","10","North Carolina","4/17/20","8","2","37169","25"
"Surry","1","16","North Carolina","4/17/20","10","6","37171","60"
"Swain","0","0","North Carolina","4/17/20","1","-1","37173","-100"
"Transylvania","0","6","North Carolina","4/17/20","6","0","37175","0"
"Tyrrell","1","4","North Carolina","4/17/20","0","4","37177","1"
"Union","6","141","North Carolina","4/17/20","100","41","37179","41"
"Vance","1","28","North Carolina","4/17/20","19","9","37181","47.37"
"Wake","26","574","North Carolina","4/17/20","391","183","37183","46.8"
"Warren","0","3","North Carolina","4/17/20","3","0","37185","0"
"Washington","1","18","North Carolina","4/17/20","13","5","37187","38.46"
"Watauga","0","8","North Carolina","4/17/20","8","0","37189","0"
"Wayne","28","246","North Carolina","4/17/20","52","194","37191","373.08"
"Wilkes","0","4","North Carolina","4/17/20","4","0","37193","0"
"Wilson","7","96","North Carolina","4/17/20","47","49","37195","104.26"
"Yadkin","0","11","North Carolina","4/17/20","10","1","37197","10"
"Barnes","0","2","North Dakota","4/17/20","2","0","38003","0"
"Bowman","0","1","North Dakota","4/17/20","1","0","38011","0"
"Burke","0","2","North Dakota","4/17/20","2","0","38013","0"
"Burleigh","1","54","North Dakota","4/17/20","48","6","38015","12.5"
"Cass","9","152","North Dakota","4/17/20","88","64","38017","72.73"
"Divide","0","1","North Dakota","4/17/20","1","0","38023","0"
"Dunn","0","4","North Dakota","4/17/20","2","2","38025","100"
"Eddy","0","1","North Dakota","4/17/20","1","0","38027","0"
"Emmons","0","1","North Dakota","4/17/20","1","0","38029","0"
"Foster","0","1","North Dakota","4/17/20","1","0","38031","0"
"Grand Forks","2","23","North Dakota","4/17/20","11","12","38035","109.09"
"Grant","0","1","North Dakota","4/17/20","1","0","38037","0"
"McHenry","0","1","North Dakota","4/17/20","1","0","38049","0"
"McIntosh","0","1","North Dakota","4/17/20","1","0","38051","0"
"McKenzie","1","10","North Dakota","4/17/20","6","4","38053","66.67"
"McLean","0","3","North Dakota","4/17/20","2","1","38055","50"
"Morton","0","21","North Dakota","4/17/20","19","2","38059","10.53"
"Mountrail","1","29","North Dakota","4/17/20","20","9","38061","45"
"Oliver","0","1","North Dakota","4/17/20","1","0","38065","0"
"Pierce","0","2","North Dakota","4/17/20","2","0","38069","0"
"Ramsey","0","3","North Dakota","4/17/20","3","0","38071","0"
"Richland","0","4","North Dakota","4/17/20","1","3","38077","300"
"Rolette","0","1","North Dakota","4/17/20","0","1","38079","1"
"Sargent","0","1","North Dakota","4/17/20","1","0","38081","0"
"Sioux","0","1","North Dakota","4/17/20","1","0","38085","0"
"Slope","0","3","North Dakota","4/17/20","3","0","38087","0"
"Stark","1","37","North Dakota","4/17/20","29","8","38089","27.59"
"Stutsman","0","1","North Dakota","4/17/20","1","0","38093","0"
"Walsh","0","3","North Dakota","4/17/20","3","0","38099","0"
"Ward","0","20","North Dakota","4/17/20","19","1","38101","5.26"
"Williams","0","8","North Dakota","4/17/20","6","2","38105","33.33"
"","0","13","Northern Mariana Islands","4/17/20","11","2",,"18.18"
"Adams","0","3","Ohio","4/17/20","3","0","39001","0"
"Allen","6","65","Ohio","4/17/20","24","41","39003","170.83"
"Ashland","0","5","Ohio","4/17/20","5","0","39005","0"
"Ashtabula","5","54","Ohio","4/17/20","19","35","39007","184.21"
"Athens","0","3","Ohio","4/17/20","3","0","39009","0"
"Auglaize","2","21","Ohio","4/17/20","9","12","39011","133.33"
"Belmont","3","63","Ohio","4/17/20","42","21","39013","50"
"Brown","1","8","Ohio","4/17/20","4","4","39015","100"
"Butler","6","155","Ohio","4/17/20","112","43","39017","38.39"
"Carroll","1","15","Ohio","4/17/20","10","5","39019","50"
"Champaign","0","6","Ohio","4/17/20","6","0","39021","0"
"Clark","2","25","Ohio","4/17/20","14","11","39023","78.57"
"Clermont","4","66","Ohio","4/17/20","36","30","39025","83.33"
"Clinton","2","26","Ohio","4/17/20","15","11","39027","73.33"
"Columbiana","9","154","Ohio","4/17/20","92","62","39029","67.39"
"Coshocton","0","16","Ohio","4/17/20","15","1","39031","6.67"
"Crawford","2","28","Ohio","4/17/20","13","15","39033","115.38"
"Cuyahoga","47","1383","Ohio","4/17/20","1052","331","39035","31.46"
"Darke","2","55","Ohio","4/17/20","40","15","39037","37.5"
"Defiance","0","13","Ohio","4/17/20","11","2","39039","18.18"
"Delaware","4","119","Ohio","4/17/20","88","31","39041","35.23"
"Erie","2","23","Ohio","4/17/20","10","13","39043","130"
"Fairfield","3","95","Ohio","4/17/20","73","22","39045","30.14"
"Fayette","1","12","Ohio","4/17/20","5","7","39047","140"
"Franklin","67","1320","Ohio","4/17/20","850","470","39049","55.29"
"Fulton","1","13","Ohio","4/17/20","5","8","39051","160"
"Gallia","0","6","Ohio","4/17/20","4","2","39053","50"
"Geauga","7","96","Ohio","4/17/20","49","47","39055","95.92"
"Greene","2","33","Ohio","4/17/20","22","11","39057","50"
"Guernsey","1","10","Ohio","4/17/20","5","5","39059","100"
"Hamilton","22","658","Ohio","4/17/20","504","154","39061","30.56"
"Hancock","1","27","Ohio","4/17/20","17","10","39063","58.82"
"Hardin","1","13","Ohio","4/17/20","4","9","39065","225"
"Harrison","0","2","Ohio","4/17/20","0","2","39067","1"
"Henry","0","3","Ohio","4/17/20","1","2","39069","200"
"Highland","0","7","Ohio","4/17/20","6","1","39071","16.67"
"Hocking","1","4","Ohio","4/17/20","0","4","39073","1"
"Holmes","0","3","Ohio","4/17/20","3","0","39075","0"
"Huron","1","16","Ohio","4/17/20","10","6","39077","60"
"Jackson","0","3","Ohio","4/17/20","2","1","39079","50"
"Jefferson","1","24","Ohio","4/17/20","20","4","39081","20"
"Knox","0","11","Ohio","4/17/20","9","2","39083","22.22"
"Lake","3","130","Ohio","4/17/20","108","22","39085","20.37"
"Lawrence","1","20","Ohio","4/17/20","15","5","39087","33.33"
"Licking","2","94","Ohio","4/17/20","79","15","39089","18.99"
"Logan","1","12","Ohio","4/17/20","7","5","39091","71.43"
"Lorain","14","245","Ohio","4/17/20","150","95","39093","63.33"
"Lucas","34","682","Ohio","4/17/20","443","239","39095","53.95"
"Madison","1","27","Ohio","4/17/20","23","4","39097","17.39"
"Mahoning","27","547","Ohio","4/17/20","358","189","39099","52.79"
"Marion","55","428","Ohio","4/17/20","42","386","39101","919.05"
"Medina","4","130","Ohio","4/17/20","103","27","39103","26.21"
"Meigs","0","2","Ohio","4/17/20","1","1","39105","100"
"Mercer","0","13","Ohio","4/17/20","12","1","39107","8.33"
"Miami","2","129","Ohio","4/17/20","113","16","39109","14.16"
"Monroe","0","2","Ohio","4/17/20","2","0","39111","0"
"Montgomery","9","222","Ohio","4/17/20","161","61","39113","37.89"
"Morgan","0","3","Ohio","4/17/20","2","1","39115","50"
"Morrow","1","16","Ohio","4/17/20","8","8","39117","100"
"Muskingum","0","8","Ohio","4/17/20","8","0","39119","0"
"Noble","0","3","Ohio","4/17/20","1","2","39121","200"
"Ottawa","2","21","Ohio","4/17/20","9","12","39123","133.33"
"Paulding","0","5","Ohio","4/17/20","2","3","39125","150"
"Perry","0","8","Ohio","4/17/20","7","1","39127","14.29"
"Pickaway","30","253","Ohio","4/17/20","44","209","39129","475"
"Pike","0","1","Ohio","4/17/20","1","0","39131","0"
"Portage","6","166","Ohio","4/17/20","124","42","39133","33.87"
"Preble","2","21","Ohio","4/17/20","10","11","39135","110"
"Putnam","2","13","Ohio","4/17/20","0","13","39137","1"
"Richland","3","50","Ohio","4/17/20","28","22","39139","78.57"
"Ross","2","28","Ohio","4/17/20","12","16","39141","133.33"
"Sandusky","1","16","Ohio","4/17/20","7","9","39143","128.57"
"Scioto","0","5","Ohio","4/17/20","3","2","39145","66.67"
"Seneca","0","11","Ohio","4/17/20","8","3","39147","37.5"
"Shelby","1","28","Ohio","4/17/20","24","4","39149","16.67"
"Stark","12","210","Ohio","4/17/20","125","85","39151","68"
"Summit","13","323","Ohio","4/17/20","235","88","39153","37.45"
"Trumbull","9","213","Ohio","4/17/20","149","64","39155","42.95"
"Tuscarawas","1","31","Ohio","4/17/20","26","5","39157","19.23"
"Union","0","12","Ohio","4/17/20","10","2","39159","20"
"Van Wert","0","2","Ohio","4/17/20","2","0","39161","0"
"Warren","3","93","Ohio","4/17/20","72","21","39165","29.17"
"Washington","3","55","Ohio","4/17/20","35","20","39167","57.14"
"Wayne","5","72","Ohio","4/17/20","37","35","39169","94.59"
"Williams","1","6","Ohio","4/17/20","2","4","39171","200"
"Wood","3","73","Ohio","4/17/20","49","24","39173","48.98"
"Wyandot","1","16","Ohio","4/17/20","9","7","39175","77.78"
"Adair","0","29","Oklahoma","4/17/20","26","3","40001","11.54"
"Alfalfa","0","1","Oklahoma","4/17/20","0","1","40003","1"
"Atoka","0","1","Oklahoma","4/17/20","1","0","40005","0"
"Beaver","0","1","Oklahoma","4/17/20","1","0","40007","0"
"Beckham","0","2","Oklahoma","4/17/20","1","1","40009","100"
"Bryan","0","5","Oklahoma","4/17/20","3","2","40013","66.67"
"Caddo","6","48","Oklahoma","4/17/20","8","40","40015","500"
"Canadian","2","65","Oklahoma","4/17/20","52","13","40017","25"
"Carter","0","1","Oklahoma","4/17/20","1","0","40019","0"
"Cherokee","1","22","Oklahoma","4/17/20","18","4","40021","22.22"
"Choctaw","0","3","Oklahoma","4/17/20","2","1","40023","50"
"Cleveland","9","301","Oklahoma","4/17/20","236","65","40027","27.54"
"Comanche","1","57","Oklahoma","4/17/20","47","10","40031","21.28"
"Cotton","0","5","Oklahoma","4/17/20","4","1","40033","25"
"Craig","0","7","Oklahoma","4/17/20","6","1","40035","16.67"
"Creek","1","58","Oklahoma","4/17/20","53","5","40037","9.43"
"Custer","0","7","Oklahoma","4/17/20","5","2","40039","40"
"Delaware","7","74","Oklahoma","4/17/20","23","51","40041","221.74"
"Dewey","0","2","Oklahoma","4/17/20","1","1","40043","100"
"Garfield","1","9","Oklahoma","4/17/20","5","4","40047","80"
"Garvin","0","10","Oklahoma","4/17/20","11","-1","40049","-9.09"
"Grady","1","16","Oklahoma","4/17/20","11","5","40051","45.45"
"Grant","0","2","Oklahoma","4/17/20","1","1","40053","100"
"Greer","1","50","Oklahoma","4/17/20","46","4","40055","8.7"
"Jackson","0","6","Oklahoma","4/17/20","6","0","40065","0"
"Jefferson","0","1","Oklahoma","4/17/20","1","0","40067","0"
"Johnston","0","2","Oklahoma","4/17/20","0","2","40069","1"
"Kay","1","46","Oklahoma","4/17/20","41","5","40071","12.2"
"Kingfisher","0","6","Oklahoma","4/17/20","5","1","40073","20"
"Kiowa","0","2","Oklahoma","4/17/20","1","1","40075","100"
"Latimer","0","4","Oklahoma","4/17/20","4","0","40077","0"
"Le Flore","0","5","Oklahoma","4/17/20","3","2","40079","66.67"
"Lincoln","0","11","Oklahoma","4/17/20","11","0","40081","0"
"Logan","0","8","Oklahoma","4/17/20","7","1","40083","14.29"
"Love","0","2","Oklahoma","4/17/20","2","0","40085","0"
"Major","0","2","Oklahoma","4/17/20","1","1","40093","100"
"Marshall","0","1","Oklahoma","4/17/20","1","0","40095","0"
"Mayes","1","19","Oklahoma","4/17/20","13","6","40097","46.15"
"McClain","0","20","Oklahoma","4/17/20","18","2","40087","11.11"
"McCurtain","1","7","Oklahoma","4/17/20","2","5","40089","250"
"McIntosh","0","2","Oklahoma","4/17/20","1","1","40091","100"
"Muskogee","1","25","Oklahoma","4/17/20","21","4","40101","19.05"
"Noble","0","6","Oklahoma","4/17/20","6","0","40103","0"
"Nowata","0","11","Oklahoma","4/17/20","10","1","40105","10"
"Okfuskee","0","1","Oklahoma","4/17/20","1","0","40107","0"
"Oklahoma","12","497","Oklahoma","4/17/20","413","84","40109","20.34"
"Okmulgee","0","14","Oklahoma","4/17/20","13","1","40111","7.69"
"Osage","2","61","Oklahoma","4/17/20","45","16","40113","35.56"
"Ottawa","1","24","Oklahoma","4/17/20","17","7","40115","41.18"
"Pawnee","0","28","Oklahoma","4/17/20","26","2","40117","7.69"
"Payne","1","34","Oklahoma","4/17/20","28","6","40119","21.43"
"Pittsburg","1","14","Oklahoma","4/17/20","8","6","40121","75"
"Pontotoc","0","10","Oklahoma","4/17/20","9","1","40123","11.11"
"Pottawatomie","1","32","Oklahoma","4/17/20","25","7","40125","28"
"Rogers","1","30","Oklahoma","4/17/20","23","7","40131","30.43"
"Seminole","0","7","Oklahoma","4/17/20","6","1","40133","16.67"
"Sequoyah","0","10","Oklahoma","4/17/20","10","0","40135","0"
"Stephens","0","15","Oklahoma","4/17/20","13","2","40137","15.38"
"Texas","1","9","Oklahoma","4/17/20","3","6","40139","200"
"Tillman","0","1","Oklahoma","4/17/20","1","0","40141","0"
"Tulsa","9","376","Oklahoma","4/17/20","314","62","40143","19.75"
"Wagoner","6","107","Oklahoma","4/17/20","65","42","40145","64.62"
"Washington","10","124","Oklahoma","4/17/20","57","67","40147","117.54"
"Woodward","0","1","Oklahoma","4/17/20","1","0","40153","0"
"Benton","1","27","Oregon","4/17/20","21","6","41003","28.57"
"Clackamas","6","153","Oregon","4/17/20","109","44","41005","40.37"
"Clatsop","0","6","Oregon","4/17/20","5","1","41007","20"
"Columbia","1","14","Oregon","4/17/20","10","4","41009","40"
"Coos","0","1","Oregon","4/17/20","0","1","41011","1"
"Crook","0","1","Oregon","4/17/20","1","0","41013","0"
"Curry","0","3","Oregon","4/17/20","3","0","41015","0"
"Deschutes","2","61","Oregon","4/17/20","50","11","41017","22"
"Douglas","1","22","Oregon","4/17/20","12","10","41019","83.33"
"Grant","0","1","Oregon","4/17/20","1","0","41023","0"
"Hood River","0","4","Oregon","4/17/20","3","1","41027","33.33"
"Jackson","1","48","Oregon","4/17/20","44","4","41029","9.09"
"Jefferson","0","1","Oregon","4/17/20","0","1","41031","1"
"Josephine","0","19","Oregon","4/17/20","16","3","41033","18.75"
"Klamath","1","29","Oregon","4/17/20","20","9","41035","45"
"Lane","2","46","Oregon","4/17/20","33","13","41039","39.39"
"Lincoln","0","4","Oregon","4/17/20","4","0","41041","0"
"Linn","1","57","Oregon","4/17/20","49","8","41043","16.33"
"Malheur","0","5","Oregon","4/17/20","2","3","41045","150"
"Marion","12","317","Oregon","4/17/20","235","82","41047","34.89"
"Morrow","0","5","Oregon","4/17/20","5","0","41049","0"
"Multnomah","24","467","Oregon","4/17/20","302","165","41051","54.64"
"Polk","0","31","Oregon","4/17/20","29","2","41053","6.9"
"Sherman","0","1","Oregon","4/17/20","1","0","41055","0"
"Tillamook","0","6","Oregon","4/17/20","4","2","41057","50"
"Umatilla","2","23","Oregon","4/17/20","11","12","41059","109.09"
"Union","0","4","Oregon","4/17/20","4","0","41061","0"
"Wallowa","0","1","Oregon","4/17/20","1","0","41063","0"
"Wasco","0","10","Oregon","4/17/20","7","3","41065","42.86"
"Washington","10","383","Oregon","4/17/20","311","72","41067","23.15"
"Yamhill","1","35","Oregon","4/17/20","29","6","41071","20.69"
"Adams","4","70","Pennsylvania","4/17/20","43","27","42001","62.79"
"Allegheny","23","947","Pennsylvania","4/17/20","788","159","42003","20.18"
"Armstrong","1","32","Pennsylvania","4/17/20","22","10","42005","45.45"
"Beaver","6","178","Pennsylvania","4/17/20","139","39","42007","28.06"
"Bedford","1","13","Pennsylvania","4/17/20","3","10","42009","333.33"
"Berks","117","1537","Pennsylvania","4/17/20","720","817","42011","113.47"
"Blair","1","14","Pennsylvania","4/17/20","9","5","42013","55.56"
"Bradford","1","20","Pennsylvania","4/17/20","16","4","42015","25"
"Bucks","75","1546","Pennsylvania","4/17/20","1022","524","42017","51.27"
"Butler","5","157","Pennsylvania","4/17/20","123","34","42019","27.64"
"Cambria","0","14","Pennsylvania","4/17/20","11","3","42021","27.27"
"Cameron","0","1","Pennsylvania","4/17/20","1","0","42023","0"
"Carbon","4","118","Pennsylvania","4/17/20","93","25","42025","26.88"
"Centre","2","73","Pennsylvania","4/17/20","61","12","42027","19.67"
"Chester","36","739","Pennsylvania","4/17/20","485","254","42029","52.37"
"Clarion","1","18","Pennsylvania","4/17/20","10","8","42031","80"
"Clearfield","0","9","Pennsylvania","4/17/20","8","1","42033","12.5"
"Clinton","1","10","Pennsylvania","4/17/20","6","4","42035","66.67"
"Columbia","12","166","Pennsylvania","4/17/20","81","85","42037","104.94"
"Crawford","0","16","Pennsylvania","4/17/20","13","3","42039","23.08"
"Cumberland","8","154","Pennsylvania","4/17/20","96","58","42041","60.42"
"Dauphin","16","311","Pennsylvania","4/17/20","199","112","42043","56.28"
"Delaware","121","2226","Pennsylvania","4/17/20","1377","849","42045","61.66"
"Elk","0","2","Pennsylvania","4/17/20","2","0","42047","0"
"Erie","2","48","Pennsylvania","4/17/20","36","12","42049","33.33"
"Fayette","2","66","Pennsylvania","4/17/20","49","17","42051","34.69"
"Forest","0","7","Pennsylvania","4/17/20","5","2","42053","40"
"Franklin","5","89","Pennsylvania","4/17/20","57","32","42055","56.14"
"Fulton","0","2","Pennsylvania","4/17/20","1","1","42057","100"
"Greene","0","24","Pennsylvania","4/17/20","21","3","42059","14.29"
"Huntingdon","1","12","Pennsylvania","4/17/20","8","4","42061","50"
"Indiana","3","45","Pennsylvania","4/17/20","26","19","42063","73.08"
"Jefferson","0","2","Pennsylvania","4/17/20","1","1","42065","100"
"Juniata","5","63","Pennsylvania","4/17/20","30","33","42067","110"
"Lackawanna","35","592","Pennsylvania","4/17/20","346","246","42069","71.1"
"Lancaster","55","1030","Pennsylvania","4/17/20","648","382","42071","58.95"
"Lawrence","2","59","Pennsylvania","4/17/20","45","14","42073","31.11"
"Lebanon","29","424","Pennsylvania","4/17/20","218","206","42075","94.5"
"Lehigh","76","2092","Pennsylvania","4/17/20","1562","530","42077","33.93"
"Luzerne","49","1668","Pennsylvania","4/17/20","1325","343","42079","25.89"
"Lycoming","2","32","Pennsylvania","4/17/20","18","14","42081","77.78"
"McKean","0","4","Pennsylvania","4/17/20","1","3","42083","300"
"Mercer","3","56","Pennsylvania","4/17/20","36","20","42085","55.56"
"Mifflin","1","17","Pennsylvania","4/17/20","11","6","42087","54.55"
"Monroe","25","929","Pennsylvania","4/17/20","752","177","42089","23.54"
"Montgomery","114","2684","Pennsylvania","4/17/20","1889","795","42091","42.09"
"Montour","2","48","Pennsylvania","4/17/20","37","11","42093","29.73"
"Northampton","49","1335","Pennsylvania","4/17/20","994","341","42095","34.31"
"Northumberland","4","60","Pennsylvania","4/17/20","29","31","42097","106.9"
"Perry","0","18","Pennsylvania","4/17/20","16","2","42099","12.5"
"Philadelphia","435","8563","Pennsylvania","4/17/20","5521","3042","42101","55.1"
"Pike","14","290","Pennsylvania","4/17/20","190","100","42103","52.63"
"Potter","0","4","Pennsylvania","4/17/20","3","1","42105","33.33"
"Schuylkill","11","244","Pennsylvania","4/17/20","164","80","42107","48.78"
"Snyder","2","25","Pennsylvania","4/17/20","12","13","42109","108.33"
"Somerset","1","15","Pennsylvania","4/17/20","10","5","42111","50"
"Sullivan","0","1","Pennsylvania","4/17/20","1","0","42113","0"
"Susquehanna","5","58","Pennsylvania","4/17/20","22","36","42115","163.64"
"Tioga","0","14","Pennsylvania","4/17/20","11","3","42117","27.27"
"Union","2","26","Pennsylvania","4/17/20","12","14","42119","116.67"
"Venango","0","6","Pennsylvania","4/17/20","5","1","42121","20"
"Warren","0","1","Pennsylvania","4/17/20","1","0","42123","0"
"Washington","1","75","Pennsylvania","4/17/20","66","9","42125","13.64"
"Wayne","4","81","Pennsylvania","4/17/20","53","28","42127","52.83"
"Westmoreland","7","249","Pennsylvania","4/17/20","202","47","42129","23.27"
"Wyoming","1","16","Pennsylvania","4/17/20","6","10","42131","166.67"
"York","23","443","Pennsylvania","4/17/20","283","160","42133","56.54"
"","49","1068","Puerto Rico","4/17/20","725","343",,"47.31"
"Bristol","3","57","Rhode Island","4/17/20","37","20","44001","54.05"
"Kent","21","299","Rhode Island","4/17/20","151","148","44003","98.01"
"Newport","7","103","Rhode Island","4/17/20","56","47","44005","83.93"
"Providence","250","2703","Rhode Island","4/17/20","955","1748","44007","183.04"
"Washington","15","225","Rhode Island","4/17/20","120","105","44009","87.5"
"Abbeville","0","10","South Carolina","4/17/20","7","3","45001","42.86"
"Aiken","3","66","South Carolina","4/17/20","48","18","45003","37.5"
"Allendale","0","6","South Carolina","4/17/20","4","2","45005","50"
"Anderson","4","127","South Carolina","4/17/20","100","27","45007","27"
"Bamberg","0","7","South Carolina","4/17/20","6","1","45009","16.67"
"Barnwell","0","5","South Carolina","4/17/20","5","0","45011","0"
"Beaufort","4","214","South Carolina","4/17/20","186","28","45013","15.05"
"Berkeley","8","123","South Carolina","4/17/20","67","56","45015","83.58"
"Calhoun","0","6","South Carolina","4/17/20","6","0","45017","0"
"Charleston","8","385","South Carolina","4/17/20","328","57","45019","17.38"
"Cherokee","1","13","South Carolina","4/17/20","8","5","45021","62.5"
"Chester","1","23","South Carolina","4/17/20","17","6","45023","35.29"
"Chesterfield","1","31","South Carolina","4/17/20","22","9","45025","40.91"
"Clarendon","4","106","South Carolina","4/17/20","80","26","45027","32.5"
"Colleton","1","21","South Carolina","4/17/20","15","6","45029","40"
"Darlington","3","52","South Carolina","4/17/20","33","19","45031","57.58"
"Dillon","1","11","South Carolina","4/17/20","5","6","45033","120"
"Dorchester","3","83","South Carolina","4/17/20","65","18","45035","27.69"
"Edgefield","0","10","South Carolina","4/17/20","10","0","45037","0"
"Fairfield","1","25","South Carolina","4/17/20","18","7","45039","38.89"
"Florence","8","121","South Carolina","4/17/20","64","57","45041","89.06"
"Georgetown","1","34","South Carolina","4/17/20","28","6","45043","21.43"
"Greenville","20","447","South Carolina","4/17/20","308","139","45045","45.13"
"Greenwood","2","32","South Carolina","4/17/20","16","16","45047","100"
"Hampton","2","18","South Carolina","4/17/20","6","12","45049","200"
"Horry","6","167","South Carolina","4/17/20","124","43","45051","34.68"
"Jasper","0","15","South Carolina","4/17/20","12","3","45053","25"
"Kershaw","2","190","South Carolina","4/17/20","177","13","45055","7.34"
"Lancaster","2","73","South Carolina","4/17/20","61","12","45057","19.67"
"Laurens","1","19","South Carolina","4/17/20","11","8","45059","72.73"
"Lee","2","40","South Carolina","4/17/20","27","13","45061","48.15"
"Lexington","12","267","South Carolina","4/17/20","184","83","45063","45.11"
"Marion","1","14","South Carolina","4/17/20","5","9","45067","180"
"Marlboro","2","25","South Carolina","4/17/20","11","14","45069","127.27"
"McCormick","0","5","South Carolina","4/17/20","3","2","45065","66.67"
"Newberry","1","23","South Carolina","4/17/20","13","10","45071","76.92"
"Oconee","0","14","South Carolina","4/17/20","12","2","45073","16.67"
"Orangeburg","1","41","South Carolina","4/17/20","37","4","45075","10.81"
"Pickens","1","36","South Carolina","4/17/20","27","9","45077","33.33"
"Richland","23","612","South Carolina","4/17/20","452","160","45079","35.4"
"Saluda","0","9","South Carolina","4/17/20","7","2","45081","28.57"
"Spartanburg","8","204","South Carolina","4/17/20","150","54","45083","36"
"Sumter","5","176","South Carolina","4/17/20","142","34","45085","23.94"
"Union","0","23","South Carolina","4/17/20","20","3","45087","15"
"Williamsburg","1","19","South Carolina","4/17/20","15","4","45089","26.67"
"York","4","151","South Carolina","4/17/20","125","26","45091","20.8"
"Aurora","0","1","South Dakota","4/17/20","1","0","46003","0"
"Beadle","0","21","South Dakota","4/17/20","22","-1","46005","-4.55"
"Bon Homme","0","4","South Dakota","4/17/20","3","1","46009","33.33"
"Brookings","0","9","South Dakota","4/17/20","7","2","46011","28.57"
"Brown","0","17","South Dakota","4/17/20","14","3","46013","21.43"
"Charles Mix","0","4","South Dakota","4/17/20","3","1","46023","33.33"
"Clark","0","1","South Dakota","4/17/20","1","0","46025","0"
"Clay","0","5","South Dakota","4/17/20","6","-1","46027","-16.67"
"Codington","0","13","South Dakota","4/17/20","12","1","46029","8.33"
"Corson","0","1","South Dakota","4/17/20","1","0","46031","0"
"Davison","0","3","South Dakota","4/17/20","3","0","46035","0"
"Deuel","0","1","South Dakota","4/17/20","1","0","46039","0"
"Fall River","0","1","South Dakota","4/17/20","1","0","46047","0"
"Faulk","0","1","South Dakota","4/17/20","1","0","46049","0"
"Hamlin","0","2","South Dakota","4/17/20","1","1","46057","100"
"Hughes","0","5","South Dakota","4/17/20","4","1","46065","25"
"Hutchinson","0","2","South Dakota","4/17/20","2","0","46067","0"
"Hyde","0","1","South Dakota","4/17/20","0","1","46069","1"
"Jerauld","0","4","South Dakota","4/17/20","1","3","46073","300"
"Lake","0","3","South Dakota","4/17/20","2","1","46079","50"
"Lawrence","0","9","South Dakota","4/17/20","9","0","46081","0"
"Lincoln","6","77","South Dakota","4/17/20","38","39","46083","102.63"
"Lyman","0","2","South Dakota","4/17/20","2","0","46085","0"
"Marshall","0","1","South Dakota","4/17/20","1","0","46091","0"
"McCook","0","3","South Dakota","4/17/20","2","1","46087","50"
"Meade","0","1","South Dakota","4/17/20","1","0","46093","0"
"Miner","0","1","South Dakota","4/17/20","1","0","46097","0"
"Minnehaha","115","1157","South Dakota","4/17/20","352","805","46099","228.69"
"Moody","0","1","South Dakota","4/17/20","0","1","46101","1"
"Oglala Lakota","0","1","South Dakota","4/17/20","1","0","46102","0"
"Pennington","0","10","South Dakota","4/17/20","8","2","46103","25"
"Roberts","0","4","South Dakota","4/17/20","4","0","46109","0"
"Sanborn","0","3","South Dakota","4/17/20","0","3","46111","1"
"Spink","0","3","South Dakota","4/17/20","3","0","46115","0"
"Sully","0","1","South Dakota","4/17/20","0","1","46119","1"
"Todd","0","1","South Dakota","4/17/20","1","0","46121","0"
"Turner","0","5","South Dakota","4/17/20","5","0","46125","0"
"Union","0","4","South Dakota","4/17/20","3","1","46127","33.33"
"Walworth","1","5","South Dakota","4/17/20","0","5","46129","1"
"Yankton","1","23","South Dakota","4/17/20","19","4","46135","21.05"
"Anderson","1","16","Tennessee","4/17/20","11","5","47001","45.45"
"Bedford","4","40","Tennessee","4/17/20","15","25","47003","166.67"
"Benton","0","4","Tennessee","4/17/20","4","0","47005","0"
"Bledsoe","1","7","Tennessee","4/17/20","3","4","47007","133.33"
"Blount","0","46","Tennessee","4/17/20","45","1","47009","2.22"
"Bradley","1","35","Tennessee","4/17/20","31","4","47011","12.9"
"Campbell","0","12","Tennessee","4/17/20","10","2","47013","20"
"Cannon","0","8","Tennessee","4/17/20","7","1","47015","14.29"
"Carroll","0","13","Tennessee","4/17/20","10","3","47017","30"
"Carter","0","5","Tennessee","4/17/20","3","2","47019","66.67"
"Cheatham","0","20","Tennessee","4/17/20","17","3","47021","17.65"
"Chester","0","6","Tennessee","4/17/20","6","0","47023","0"
"Claiborne","0","5","Tennessee","4/17/20","3","2","47025","66.67"
"Clay","0","5","Tennessee","4/17/20","2","3","47027","150"
"Cocke","1","11","Tennessee","4/17/20","3","8","47029","266.67"
"Coffee","1","17","Tennessee","4/17/20","10","7","47031","70"
"Cumberland","2","55","Tennessee","4/17/20","39","16","47035","41.03"
"Davidson","37","1307","Tennessee","4/17/20","1048","259","47037","24.71"
"Decatur","0","3","Tennessee","4/17/20","1","2","47039","200"
"DeKalb","0","10","Tennessee","4/17/20","8","2","47041","25"
"Dickson","1","39","Tennessee","4/17/20","29","10","47043","34.48"
"Dyer","1","24","Tennessee","4/17/20","15","9","47045","60"
"Fayette","2","42","Tennessee","4/17/20","28","14","47047","50"
"Fentress","0","4","Tennessee","4/17/20","2","2","47049","100"
"Franklin","1","23","Tennessee","4/17/20","17","6","47051","35.29"
"Gibson","1","25","Tennessee","4/17/20","18","7","47053","38.89"
"Giles","0","5","Tennessee","4/17/20","3","2","47055","66.67"
"Grainger","0","4","Tennessee","4/17/20","4","0","47057","0"
"Greene","1","29","Tennessee","4/17/20","25","4","47059","16"
"Grundy","1","25","Tennessee","4/17/20","19","6","47061","31.58"
"Hamblen","0","7","Tennessee","4/17/20","4","3","47063","75"
"Hamilton","1","110","Tennessee","4/17/20","102","8","47065","7.84"
"Hardeman","0","7","Tennessee","4/17/20","7","0","47069","0"
"Hardin","0","4","Tennessee","4/17/20","2","2","47071","100"
"Hawkins","1","26","Tennessee","4/17/20","22","4","47073","18.18"
"Haywood","0","12","Tennessee","4/17/20","13","-1","47075","-7.69"
"Henderson","0","2","Tennessee","4/17/20","2","0","47077","0"
"Henry","0","8","Tennessee","4/17/20","6","2","47079","33.33"
"Hickman","0","2","Tennessee","4/17/20","2","0","47081","0"
"Houston","0","4","Tennessee","4/17/20","3","1","47083","33.33"
"Humphreys","0","4","Tennessee","4/17/20","4","0","47085","0"
"Jackson","0","6","Tennessee","4/17/20","5","1","47087","20"
"Jefferson","0","16","Tennessee","4/17/20","13","3","47089","23.08"
"Johnson","0","2","Tennessee","4/17/20","2","0","47091","0"
"Knox","3","182","Tennessee","4/17/20","164","18","47093","10.98"
"Lake","1","4","Tennessee","4/17/20","0","4","47095","1"
"Lauderdale","1","12","Tennessee","4/17/20","8","4","47097","50"
"Lawrence","0","15","Tennessee","4/17/20","12","3","47099","25"
"Lewis","0","2","Tennessee","4/17/20","2","0","47101","0"
"Lincoln","0","9","Tennessee","4/17/20","8","1","47103","12.5"
"Loudon","0","19","Tennessee","4/17/20","16","3","47105","18.75"
"Macon","2","30","Tennessee","4/17/20","19","11","47111","57.89"
"Madison","2","73","Tennessee","4/17/20","56","17","47113","30.36"
"Marion","1","27","Tennessee","4/17/20","22","5","47115","22.73"
"Marshall","0","12","Tennessee","4/17/20","9","3","47117","33.33"
"Maury","0","33","Tennessee","4/17/20","32","1","47119","3.12"
"McMinn","0","6","Tennessee","4/17/20","4","2","47107","50"
"McNairy","0","9","Tennessee","4/17/20","9","0","47109","0"
"Meigs","0","3","Tennessee","4/17/20","3","0","47121","0"
"Monroe","0","9","Tennessee","4/17/20","8","1","47123","12.5"
"Montgomery","3","102","Tennessee","4/17/20","84","18","47125","21.43"
"Moore","0","1","Tennessee","4/17/20","0","1","47127","1"
"Morgan","0","5","Tennessee","4/17/20","5","0","47129","0"
"Obion","0","8","Tennessee","4/17/20","5","3","47131","60"
"Out of TN","-4","250","Tennessee","4/17/20","275","-25","80047","-9.09"
"Overton","0","7","Tennessee","4/17/20","5","2","47133","40"
"Perry","0","6","Tennessee","4/17/20","3","3","47135","100"
"Polk","0","5","Tennessee","4/17/20","5","0","47139","0"
"Putnam","1","93","Tennessee","4/17/20","84","9","47141","10.71"
"Roane","0","7","Tennessee","4/17/20","5","2","47145","40"
"Robertson","3","95","Tennessee","4/17/20","73","22","47147","30.14"
"Rutherford","7","271","Tennessee","4/17/20","222","49","47149","22.07"
"Scott","0","11","Tennessee","4/17/20","8","3","47151","37.5"
"Sequatchie","0","3","Tennessee","4/17/20","1","2","47153","200"
"Sevier","0","22","Tennessee","4/17/20","21","1","47155","4.76"
"Shelby","58","1492","Tennessee","4/17/20","1083","409","47157","37.77"
"Smith","1","11","Tennessee","4/17/20","5","6","47159","120"
"Stewart","0","4","Tennessee","4/17/20","3","1","47161","33.33"
"Sullivan","1","45","Tennessee","4/17/20","35","10","47163","28.57"
"Sumner","11","491","Tennessee","4/17/20","413","78","47165","18.89"
"Tipton","2","54","Tennessee","4/17/20","43","11","47167","25.58"
"Trousdale","1","19","Tennessee","4/17/20","14","5","47169","35.71"
"Unicoi","0","1","Tennessee","4/17/20","1","0","47171","0"
"Union","0","3","Tennessee","4/17/20","3","0","47173","0"
"Van Buren","0","1","Tennessee","4/17/20","0","1","47175","1"
"Warren","0","4","Tennessee","4/17/20","3","1","47177","33.33"
"Washington","1","46","Tennessee","4/17/20","37","9","47179","24.32"
"Wayne","0","2","Tennessee","4/17/20","2","0","47181","0"
"Weakley","0","6","Tennessee","4/17/20","5","1","47183","20"
"White","0","4","Tennessee","4/17/20","3","1","47185","33.33"
"Williamson","4","324","Tennessee","4/17/20","299","25","47187","8.36"
"Wilson","5","161","Tennessee","4/17/20","129","32","47189","24.81"
"Anderson","0","6","Texas","4/17/20","3","3","48001","100"
"Andrews","1","19","Texas","4/17/20","11","8","48003","72.73"
"Angelina","1","23","Texas","4/17/20","16","7","48005","43.75"
"Aransas","0","2","Texas","4/17/20","2","0","48007","0"
"Armstrong","0","1","Texas","4/17/20","0","1","48011","1"
"Atascosa","0","10","Texas","4/17/20","7","3","48013","42.86"
"Austin","1","12","Texas","4/17/20","8","4","48015","50"
"Bandera","0","4","Texas","4/17/20","2","2","48019","100"
"Bastrop","3","42","Texas","4/17/20","23","19","48021","82.61"
"Bee","0","5","Texas","4/17/20","2","3","48025","150"
"Bell","6","124","Texas","4/17/20","84","40","48027","47.62"
"Bexar","43","918","Texas","4/17/20","615","303","48029","49.27"
"Blanco","0","5","Texas","4/17/20","4","1","48031","25"
"Bosque","0","1","Texas","4/17/20","0","1","48035","1"
"Bowie","3","53","Texas","4/17/20","29","24","48037","82.76"
"Brazoria","12","285","Texas","4/17/20","199","86","48039","43.22"
"Brazos","7","164","Texas","4/17/20","116","48","48041","41.38"
"Brown","1","12","Texas","4/17/20","8","4","48049","50"
"Burleson","0","9","Texas","4/17/20","6","3","48051","50"
"Burnet","0","8","Texas","4/17/20","6","2","48053","33.33"
"Caldwell","0","7","Texas","4/17/20","6","1","48055","16.67"
"Calhoun","1","21","Texas","4/17/20","14","7","48057","50"
"Callahan","0","1","Texas","4/17/20","1","0","48059","0"
"Cameron","18","270","Texas","4/17/20","147","123","48061","83.67"
"Camp","0","6","Texas","4/17/20","3","3","48063","100"
"Cass","0","6","Texas","4/17/20","4","2","48067","50"
"Castro","0","11","Texas","4/17/20","11","0","48069","0"
"Chambers","1","34","Texas","4/17/20","24","10","48071","41.67"
"Cherokee","1","10","Texas","4/17/20","6","4","48073","66.67"
"Clay","0","3","Texas","4/17/20","1","2","48077","200"
"Collin","14","505","Texas","4/17/20","406","99","48085","24.38"
"Colorado","0","7","Texas","4/17/20","6","1","48089","16.67"
"Comal","1","43","Texas","4/17/20","34","9","48091","26.47"
"Comanche","0","3","Texas","4/17/20","3","0","48093","0"
"Concho","0","1","Texas","4/17/20","1","0","48095","0"
"Cooke","0","4","Texas","4/17/20","1","3","48097","300"
"Coryell","8","71","Texas","4/17/20","18","53","48099","294.44"
"Crane","0","2","Texas","4/17/20","2","0","48103","0"
"Crosby","0","1","Texas","4/17/20","1","0","48107","0"
"Dallam","0","3","Texas","4/17/20","1","2","48111","200"
"Dallas","93","2190","Texas","4/17/20","1537","653","48113","42.49"
"Dawson","1","12","Texas","4/17/20","7","5","48115","71.43"
"Deaf Smith","1","11","Texas","4/17/20","7","4","48117","57.14"
"Delta","0","1","Texas","4/17/20","1","0","48119","0"
"Denton","20","564","Texas","4/17/20","426","138","48121","32.39"
"DeWitt","0","10","Texas","4/17/20","8","2","48123","25"
"Dickens","0","1","Texas","4/17/20","1","0","48125","0"
"Dimmit","0","1","Texas","4/17/20","0","1","48127","1"
"Donley","0","23","Texas","4/17/20","21","2","48129","9.52"
"Duval","0","1","Texas","4/17/20","0","1","48131","1"
"Eastland","0","3","Texas","4/17/20","3","0","48133","0"
"Ector","2","55","Texas","4/17/20","39","16","48135","41.03"
"El Paso","32","451","Texas","4/17/20","225","226","48141","100.44"
"Ellis","3","82","Texas","4/17/20","58","24","48139","41.38"
"Erath","0","13","Texas","4/17/20","13","0","48143","0"
"Falls","0","1","Texas","4/17/20","1","0","48145","0"
"Fannin","0","5","Texas","4/17/20","5","0","48147","0"
"Fayette","1","15","Texas","4/17/20","9","6","48149","66.67"
"Floyd","0","2","Texas","4/17/20","1","1","48153","100"
"Fort Bend","24","656","Texas","4/17/20","485","171","48157","35.26"
"Franklin","0","1","Texas","4/17/20","1","0","48159","0"
"Freestone","0","1","Texas","4/17/20","0","1","48161","1"
"Frio","0","1","Texas","4/17/20","1","0","48163","0"
"Gaines","0","2","Texas","4/17/20","1","1","48165","100"
"Galveston","16","421","Texas","4/17/20","308","113","48167","36.69"
"Gillespie","0","1","Texas","4/17/20","1","0","48171","0"
"Goliad","0","5","Texas","4/17/20","4","1","48175","25"
"Gonzales","0","2","Texas","4/17/20","2","0","48177","0"
"Gray","1","16","Texas","4/17/20","12","4","48179","33.33"
"Grayson","0","19","Texas","4/17/20","17","2","48181","11.76"
"Gregg","2","50","Texas","4/17/20","37","13","48183","35.14"
"Grimes","1","10","Texas","4/17/20","6","4","48185","66.67"
"Guadalupe","1","53","Texas","4/17/20","47","6","48187","12.77"
"Hale","0","11","Texas","4/17/20","9","2","48189","22.22"
"Hamilton","0","5","Texas","4/17/20","2","3","48193","150"
"Hansford","0","1","Texas","4/17/20","1","0","48195","0"
"Hardin","4","69","Texas","4/17/20","41","28","48199","68.29"
"Harris","171","4460","Texas","4/17/20","3261","1199","48201","36.77"
"Harrison","4","40","Texas","4/17/20","12","28","48203","233.33"
"Hays","5","117","Texas","4/17/20","79","38","48209","48.1"
"Hemphill","0","1","Texas","4/17/20","1","0","48211","0"
"Henderson","1","12","Texas","4/17/20","8","4","48213","50"
"Hidalgo","13","235","Texas","4/17/20","146","89","48215","60.96"
"Hill","0","10","Texas","4/17/20","8","2","48217","25"
"Hockley","0","15","Texas","4/17/20","12","3","48219","25"
"Hood","1","17","Texas","4/17/20","12","5","48221","41.67"
"Hopkins","0","4","Texas","4/17/20","4","0","48223","0"
"Howard","0","1","Texas","4/17/20","1","0","48227","0"
"Hunt","1","25","Texas","4/17/20","15","10","48231","66.67"
"Hutchinson","1","6","Texas","4/17/20","2","4","48233","200"
"Jack","0","3","Texas","4/17/20","1","2","48237","200"
"Jackson","0","4","Texas","4/17/20","4","0","48239","0"
"Jasper","0","7","Texas","4/17/20","6","1","48241","16.67"
"Jefferson","9","157","Texas","4/17/20","94","63","48245","67.02"
"Jim Wells","0","2","Texas","4/17/20","2","0","48249","0"
"Johnson","1","37","Texas","4/17/20","27","10","48251","37.04"
"Jones","0","3","Texas","4/17/20","2","1","48253","50"
"Karnes","0","3","Texas","4/17/20","2","1","48255","50"
"Kaufman","2","38","Texas","4/17/20","24","14","48257","58.33"
"Kendall","1","14","Texas","4/17/20","10","4","48259","40"
"Kerr","0","4","Texas","4/17/20","2","2","48265","100"
"Kleberg","0","5","Texas","4/17/20","2","3","48273","150"
"Knox","0","1","Texas","4/17/20","1","0","48275","0"
"La Salle","0","1","Texas","4/17/20","0","1","48283","1"
"Lamar","0","7","Texas","4/17/20","8","-1","48277","-12.5"
"Lamb","0","2","Texas","4/17/20","1","1","48279","100"
"Lampasas","0","2","Texas","4/17/20","3","-1","48281","-33.33"
"Lavaca","0","4","Texas","4/17/20","4","0","48285","0"
"Lee","0","2","Texas","4/17/20","2","0","48287","0"
"Leon","0","5","Texas","4/17/20","3","2","48289","66.67"
"Liberty","1","25","Texas","4/17/20","16","9","48291","56.25"
"Limestone","0","11","Texas","4/17/20","9","2","48293","22.22"
"Live Oak","0","3","Texas","4/17/20","3","0","48297","0"
"Llano","0","3","Texas","4/17/20","3","0","48299","0"
"Lubbock","24","401","Texas","4/17/20","234","167","48303","71.37"
"Lynn","0","5","Texas","4/17/20","5","0","48305","0"
"Madison","0","1","Texas","4/17/20","1","0","48313","0"
"Marion","0","3","Texas","4/17/20","0","3","48315","1"
"Martin","0","2","Texas","4/17/20","2","0","48317","0"
"Mason","0","1","Texas","4/17/20","1","0","48319","0"
"Matagorda","1","51","Texas","4/17/20","45","6","48321","13.33"
"Maverick","1","12","Texas","4/17/20","8","4","48323","50"
"McCulloch","0","3","Texas","4/17/20","2","1","48307","50"
"McLennan","1","76","Texas","4/17/20","66","10","48309","15.15"
"Medina","1","15","Texas","4/17/20","10","5","48325","50"
"Midland","1","41","Texas","4/17/20","31","10","48329","32.26"
"Milam","0","9","Texas","4/17/20","7","2","48331","28.57"
"Mitchell","0","1","Texas","4/17/20","1","0","48335","0"
"Montague","1","5","Texas","4/17/20","1","4","48337","400"
"Montgomery","20","370","Texas","4/17/20","231","139","48339","60.17"
"Moore","8","75","Texas","4/17/20","21","54","48341","257.14"
"Morris","0","4","Texas","4/17/20","3","1","48343","33.33"
"Motley","0","1","Texas","4/17/20","0","1","48345","1"
"Nacogdoches","6","75","Texas","4/17/20","31","44","48347","141.94"
"Navarro","1","20","Texas","4/17/20","11","9","48349","81.82"
"Newton","0","2","Texas","4/17/20","1","1","48351","100"
"Nueces","2","87","Texas","4/17/20","72","15","48355","20.83"
"Oldham","0","3","Texas","4/17/20","3","0","48359","0"
"Orange","3","50","Texas","4/17/20","30","20","48361","66.67"
"Palo Pinto","0","7","Texas","4/17/20","4","3","48363","75"
"Panola","4","36","Texas","4/17/20","10","26","48365","260"
"Parker","1","20","Texas","4/17/20","11","9","48367","81.82"
"Pecos","1","5","Texas","4/17/20","1","4","48371","400"
"Polk","1","14","Texas","4/17/20","8","6","48373","75"
"Potter","6","101","Texas","4/17/20","59","42","48375","71.19"
"Rains","0","2","Texas","4/17/20","1","1","48379","100"
"Randall","5","93","Texas","4/17/20","56","37","48381","66.07"
"Red River","0","1","Texas","4/17/20","0","1","48387","1"
"Reeves","0","2","Texas","4/17/20","1","1","48389","100"
"Roberts","0","1","Texas","4/17/20","0","1","48393","1"
"Robertson","0","2","Texas","4/17/20","2","0","48395","0"
"Rockwall","3","39","Texas","4/17/20","16","23","48397","143.75"
"Rusk","2","27","Texas","4/17/20","14","13","48401","92.86"
"Sabine","0","1","Texas","4/17/20","0","1","48403","1"
"San Augustine","1","14","Texas","4/17/20","9","5","48405","55.56"
"San Jacinto","1","10","Texas","4/17/20","3","7","48407","233.33"
"San Patricio","0","8","Texas","4/17/20","7","1","48409","14.29"
"Scurry","0","2","Texas","4/17/20","0","2","48415","1"
"Shelby","3","53","Texas","4/17/20","31","22","48419","70.97"
"Sherman","1","6","Texas","4/17/20","0","6","48421","1"
"Smith","3","112","Texas","4/17/20","88","24","48423","27.27"
"Starr","0","7","Texas","4/17/20","7","0","48427","0"
"Stephens","0","1","Texas","4/17/20","1","0","48429","0"
"Swisher","0","4","Texas","4/17/20","3","1","48437","33.33"
"Tarrant","67","1175","Texas","4/17/20","705","470","48439","66.67"
"Taylor","5","89","Texas","4/17/20","55","34","48441","61.82"
"Terry","0","10","Texas","4/17/20","7","3","48445","42.86"
"Titus","0","8","Texas","4/17/20","6","2","48449","33.33"
"Tom Green","1","41","Texas","4/17/20","33","8","48451","24.24"
"Travis","62","1074","Texas","4/17/20","642","432","48453","67.29"
"Trinity","1","7","Texas","4/17/20","3","4","48455","133.33"
"Tyler","0","6","Texas","4/17/20","4","2","48457","50"
"Upshur","0","9","Texas","4/17/20","6","3","48459","50"
"Uvalde","0","6","Texas","4/17/20","7","-1","48463","-14.29"
"Val Verde","1","12","Texas","4/17/20","8","4","48465","50"
"Van Zandt","0","11","Texas","4/17/20","10","1","48467","10"
"Victoria","2","89","Texas","4/17/20","73","16","48469","21.92"
"Walker","7","67","Texas","4/17/20","15","52","48471","346.67"
"Waller","1","23","Texas","4/17/20","13","10","48473","76.92"
"Washington","2","49","Texas","4/17/20","34","15","48477","44.12"
"Webb","11","245","Texas","4/17/20","166","79","48479","47.59"
"Wharton","1","32","Texas","4/17/20","24","8","48481","33.33"
"Wichita","1","57","Texas","4/17/20","53","4","48485","7.55"
"Wilbarger","0","1","Texas","4/17/20","0","1","48487","1"
"Willacy","0","7","Texas","4/17/20","5","2","48489","40"
"Williamson","5","140","Texas","4/17/20","103","37","48491","35.92"
"Wilson","1","19","Texas","4/17/20","10","9","48493","90"
"Winkler","0","3","Texas","4/17/20","1","2","48495","200"
"Wise","1","8","Texas","4/17/20","4","4","48497","100"
"Wood","0","6","Texas","4/17/20","5","1","48499","20"
"Young","0","4","Texas","4/17/20","3","1","48503","33.33"
"Zapata","0","6","Texas","4/17/20","3","3","48505","100"
"Zavala","0","1","Texas","4/17/20","0","1","48507","1"
"Bear River","6","54","Utah","4/17/20","12","42","00000","350"
"Cache","-4","0","Utah","4/17/20","30","-30","49005","-100"
"Carbon","0","0","Utah","4/17/20","2","-2","49007","-100"
"Davis","7","227","Utah","4/17/20","180","47","49011","26.11"
"Duchesne","0","0","Utah","4/17/20","3","-3","49013","-100"
"Emery","0","0","Utah","4/17/20","2","-2","49015","-100"
"Garfield","0","0","Utah","4/17/20","1","-1","49017","-100"
"Grand","0","0","Utah","4/17/20","1","-1","49019","-100"
"Iron","-2","0","Utah","4/17/20","13","-13","49021","-100"
"Kane","0","0","Utah","4/17/20","3","-3","49025","-100"
"Salt Lake","64","1456","Utah","4/17/20","1011","445","49035","44.02"
"San Juan","2","17","Utah","4/17/20","6","11","49037","183.33"
"Summit","2","311","Utah","4/17/20","296","15","49043","5.07"
"Tooele","1","38","Utah","4/17/20","28","10","49045","35.71"
"Uintah","-1","0","Utah","4/17/20","5","-5","49047","-100"
"Utah","17","403","Utah","4/17/20","283","120","49049","42.4"
"Wasatch","1","103","Utah","4/17/20","96","7","49051","7.29"
"Washington","5","74","Utah","4/17/20","41","33","49053","80.49"
"Weber-Morgan","3","110","Utah","4/17/20","90","20","00000","22.22"
"Addison","1","57","Vermont","4/17/20","50","7","50001","14"
"Bennington","0","33","Vermont","4/17/20","31","2","50003","6.45"
"Caledonia","0","10","Vermont","4/17/20","8","2","50005","25"
"Chittenden","6","378","Vermont","4/17/20","336","42","50007","12.5"
"Essex","0","1","Vermont","4/17/20","1","0","50009","0"
"Franklin","8","88","Vermont","4/17/20","35","53","50011","151.43"
"Grand Isle","0","3","Vermont","4/17/20","3","0","50013","0"
"Lamoille","0","22","Vermont","4/17/20","19","3","50015","15.79"
"Orange","0","5","Vermont","4/17/20","5","0","50017","0"
"Orleans","0","8","Vermont","4/17/20","8","0","50019","0"
"Rutland","1","41","Vermont","4/17/20","34","7","50021","20.59"
"Washington","1","30","Vermont","4/17/20","24","6","50023","25"
"Windham","3","60","Vermont","4/17/20","42","18","50025","42.86"
"Windsor","1","33","Vermont","4/17/20","24","9","50027","37.5"
"","0","51","Virgin Islands","4/17/20","50","1",,"2"
"Accomack","2","28","Virginia","4/17/20","12","16","51001","133.33"
"Albemarle","2","56","Virginia","4/17/20","43","13","51003","30.23"
"Alexandria","21","321","Virginia","4/17/20","174","147","51510","84.48"
"Alleghany","0","4","Virginia","4/17/20","2","2","51005","100"
"Amelia","1","13","Virginia","4/17/20","9","4","51007","44.44"
"Amherst","0","10","Virginia","4/17/20","9","1","51009","11.11"
"Appomattox","0","7","Virginia","4/17/20","5","2","51011","40"
"Arlington","25","485","Virginia","4/17/20","312","173","51013","55.45"
"Augusta","1","19","Virginia","4/17/20","15","4","51015","26.67"
"Bedford","0","17","Virginia","4/17/20","15","2","51019","13.33"
"Botetourt","0","23","Virginia","4/17/20","21","2","51023","9.52"
"Bristol","0","1","Virginia","4/17/20","1","0","51520","0"
"Brunswick","1","10","Virginia","4/17/20","2","8","51025","400"
"Buchanan","2","12","Virginia","4/17/20","1","11","51027","1100"
"Buckingham","2","24","Virginia","4/17/20","10","14","51029","140"
"Buena Vista","0","5","Virginia","4/17/20","4","1","51530","25"
"Campbell","0","9","Virginia","4/17/20","7","2","51031","28.57"
"Caroline","1","11","Virginia","4/17/20","6","5","51033","83.33"
"Carroll","0","3","Virginia","4/17/20","3","0","51035","0"
"Charles City","0","10","Virginia","4/17/20","7","3","51036","42.86"
"Charlotte","1","8","Virginia","4/17/20","2","6","51037","300"
"Charlottesville","2","40","Virginia","4/17/20","28","12","51540","42.86"
"Chesapeake","5","147","Virginia","4/17/20","109","38","51550","34.86"
"Chesterfield","16","291","Virginia","4/17/20","179","112","51041","62.57"
"Clarke","0","6","Virginia","4/17/20","3","3","51043","100"
"Colonial Heights","2","19","Virginia","4/17/20","4","15","51570","375"
"Covington","0","1","Virginia","4/17/20","1","0","51580","0"
"Craig","0","2","Virginia","4/17/20","2","0","51045","0"
"Culpeper","3","32","Virginia","4/17/20","14","18","51047","128.57"
"Cumberland","0","8","Virginia","4/17/20","8","0","51049","0"
"Danville","0","22","Virginia","4/17/20","20","2","51590","10"
"Dinwiddie","1","7","Virginia","4/17/20","3","4","51053","133.33"
"Emporia","0","7","Virginia","4/17/20","5","2","51595","40"
"Essex","0","2","Virginia","4/17/20","0","2","51057","1"
"Fairfax","100","1476","Virginia","4/17/20","777","699","51059","89.96"
"Fairfax City","0","2","Virginia","4/17/20","1","1","51600","100"
"Fauquier","2","35","Virginia","4/17/20","23","12","51061","52.17"
"Floyd","0","1","Virginia","4/17/20","0","1","51063","1"
"Fluvanna","7","64","Virginia","4/17/20","15","49","51065","326.67"
"Franklin","0","15","Virginia","4/17/20","13","2","51067","15.38"
"Franklin City","0","9","Virginia","4/17/20","6","3","51620","50"
"Frederick","2","76","Virginia","4/17/20","62","14","51069","22.58"
"Fredericksburg","1","15","Virginia","4/17/20","10","5","51630","50"
"Galax","0","1","Virginia","4/17/20","1","0","51640","0"
"Giles","0","4","Virginia","4/17/20","2","2","51071","100"
"Gloucester","0","20","Virginia","4/17/20","18","2","51073","11.11"
"Goochland","4","52","Virginia","4/17/20","26","26","51075","100"
"Greene","0","7","Virginia","4/17/20","4","3","51079","75"
"Greensville","2","18","Virginia","4/17/20","7","11","51081","157.14"
"Halifax","0","7","Virginia","4/17/20","5","2","51083","40"
"Hampton","2","78","Virginia","4/17/20","62","16","51650","25.81"
"Hanover","6","70","Virginia","4/17/20","31","39","51085","125.81"
"Harrisonburg","22","214","Virginia","4/17/20","57","157","51660","275.44"
"Henrico","27","532","Virginia","4/17/20","342","190","51087","55.56"
"Henry","1","10","Virginia","4/17/20","5","5","51089","100"
"Hopewell","0","14","Virginia","4/17/20","14","0","51670","0"
"Isle of Wight","6","69","Virginia","4/17/20","24","45","51093","187.5"
"James City","2","138","Virginia","4/17/20","125","13","51095","10.4"
"King and Queen","0","2","Virginia","4/17/20","2","0","51097","0"
"King George","1","18","Virginia","4/17/20","14","4","51099","28.57"
"King William","0","2","Virginia","4/17/20","2","0","51101","0"
"Lancaster","0","1","Virginia","4/17/20","1","0","51103","0"
"Lee","1","7","Virginia","4/17/20","3","4","51105","133.33"
"Lexington","0","3","Virginia","4/17/20","3","0","51678","0"
"Loudoun","16","385","Virginia","4/17/20","274","111","51107","40.51"
"Louisa","2","33","Virginia","4/17/20","20","13","51109","65"
"Lunenburg","0","3","Virginia","4/17/20","2","1","51111","50"
"Lynchburg","2","38","Virginia","4/17/20","27","11","51680","40.74"
"Madison","0","8","Virginia","4/17/20","5","3","51113","60"
"Manassas","6","72","Virginia","4/17/20","29","43","51683","148.28"
"Manassas Park","2","21","Virginia","4/17/20","7","14","51685","200"
"Mathews","0","3","Virginia","4/17/20","2","1","51115","50"
"Mecklenburg","2","62","Virginia","4/17/20","48","14","51117","29.17"
"Middlesex","0","3","Virginia","4/17/20","3","0","51119","0"
"Montgomery","3","40","Virginia","4/17/20","18","22","51121","122.22"
"Nelson","0","5","Virginia","4/17/20","4","1","51125","25"
"New Kent","1","17","Virginia","4/17/20","13","4","51127","30.77"
"Newport News","5","100","Virginia","4/17/20","68","32","51700","47.06"
"Norfolk","3","108","Virginia","4/17/20","88","20","51710","22.73"
"Northampton","0","5","Virginia","4/17/20","4","1","51131","25"
"Northumberland","0","5","Virginia","4/17/20","3","2","51133","66.67"
"Nottoway","0","5","Virginia","4/17/20","3","2","51135","66.67"
"Orange","1","19","Virginia","4/17/20","14","5","51137","35.71"
"Page","1","10","Virginia","4/17/20","5","5","51139","100"
"Petersburg","1","21","Virginia","4/17/20","13","8","51730","61.54"
"Pittsylvania","0","6","Virginia","4/17/20","4","2","51143","50"
"Poquoson","0","6","Virginia","4/17/20","6","0","51735","0"
"Portsmouth","2","63","Virginia","4/17/20","48","15","51740","31.25"
"Powhatan","0","7","Virginia","4/17/20","4","3","51145","75"
"Prince Edward","2","17","Virginia","4/17/20","5","12","51147","240"
"Prince George","0","28","Virginia","4/17/20","26","2","51149","7.69"
"Prince William","44","644","Virginia","4/17/20","337","307","51153","91.1"
"Pulaski","1","8","Virginia","4/17/20","4","4","51155","100"
"Radford","0","1","Virginia","4/17/20","1","0","51750","0"
"Rappahannock","0","1","Virginia","4/17/20","1","0","51157","0"
"Richmond","0","8","Virginia","4/17/20","5","3","51159","60"
"Richmond City","9","201","Virginia","4/17/20","139","62","51760","44.6"
"Roanoke","1","20","Virginia","4/17/20","13","7","51161","53.85"
"Roanoke City","1","24","Virginia","4/17/20","16","8","51770","50"
"Rockbridge","0","5","Virginia","4/17/20","3","2","51163","66.67"
"Rockingham","7","83","Virginia","4/17/20","31","52","51165","167.74"
"Russell","0","2","Virginia","4/17/20","1","1","51167","100"
"Salem","1","6","Virginia","4/17/20","1","5","51775","500"
"Scott","0","3","Virginia","4/17/20","3","0","51169","0"
"Shenandoah","3","33","Virginia","4/17/20","15","18","51171","120"
"Smyth","0","11","Virginia","4/17/20","9","2","51173","22.22"
"Southampton","0","7","Virginia","4/17/20","5","2","51175","40"
"Spotsylvania","4","69","Virginia","4/17/20","43","26","51177","60.47"
"Stafford","10","128","Virginia","4/17/20","60","68","51179","113.33"
"Staunton","0","4","Virginia","4/17/20","1","3","51790","300"
"Suffolk","5","70","Virginia","4/17/20","35","35","51800","100"
"Surry","0","3","Virginia","4/17/20","3","0","51181","0"
"Sussex","0","11","Virginia","4/17/20","8","3","51183","37.5"
"Tazewell","0","4","Virginia","4/17/20","4","0","51185","0"
"Virginia Beach","6","265","Virginia","4/17/20","224","41","51810","18.3"
"Warren","2","22","Virginia","4/17/20","10","12","51187","120"
"Washington","2","28","Virginia","4/17/20","17","11","51191","64.71"
"Waynesboro","0","7","Virginia","4/17/20","5","2","51820","40"
"Westmoreland","0","9","Virginia","4/17/20","8","1","51193","12.5"
"Williamsburg","0","19","Virginia","4/17/20","17","2","51830","11.76"
"Winchester","1","22","Virginia","4/17/20","16","6","51840","37.5"
"Wise","1","17","Virginia","4/17/20","8","9","51195","112.5"
"Wythe","0","8","Virginia","4/17/20","7","1","51197","14.29"
"York","2","38","Virginia","4/17/20","25","13","51199","52"
"Adams","1","40","Washington","4/17/20","30","10","53001","33.33"
"Asotin","1","11","Washington","4/17/20","4","7","53003","175"
"Benton","9","295","Washington","4/17/20","233","62","53005","26.61"
"Chelan","3","66","Washington","4/17/20","45","21","53007","46.67"
"Clallam","1","15","Washington","4/17/20","11","4","53009","36.36"
"Clark","10","277","Washington","4/17/20","206","71","53011","34.47"
"Columbia","0","1","Washington","4/17/20","1","0","53013","0"
"Cowlitz","0","26","Washington","4/17/20","23","3","53015","13.04"
"Douglas","3","34","Washington","4/17/20","13","21","53017","161.54"
"Ferry","0","1","Washington","4/17/20","1","0","53019","0"
"Franklin","9","162","Washington","4/17/20","97","65","53021","67.01"
"Grant","5","133","Washington","4/17/20","101","32","53025","31.68"
"Grays Harbor","1","12","Washington","4/17/20","8","4","53027","50"
"Island","1","165","Washington","4/17/20","155","10","53029","6.45"
"Jefferson","0","28","Washington","4/17/20","28","0","53031","0"
"King","112","4902","Washington","4/17/20","4117","785","53033","19.07"
"Kitsap","1","135","Washington","4/17/20","126","9","53035","7.14"
"Kittitas","0","14","Washington","4/17/20","15","-1","53037","-6.67"
"Klickitat","1","16","Washington","4/17/20","12","4","53039","33.33"
"Lewis","0","19","Washington","4/17/20","18","1","53041","5.56"
"Lincoln","0","2","Washington","4/17/20","1","1","53043","100"
"Mason","0","21","Washington","4/17/20","18","3","53045","16.67"
"Okanogan","0","15","Washington","4/17/20","12","3","53047","25"
"Pacific","0","1","Washington","4/17/20","0","1","53049","1"
"Pend Oreille","0","2","Washington","4/17/20","1","1","53051","100"
"Pierce","30","1086","Washington","4/17/20","875","211","53053","24.11"
"San Juan","0","13","Washington","4/17/20","12","1","53055","8.33"
"Skagit","6","218","Washington","4/17/20","178","40","53057","22.47"
"Skamania","0","3","Washington","4/17/20","2","1","53059","50"
"Snohomish","36","2056","Washington","4/17/20","1802","254","53061","14.1"
"Spokane","7","298","Washington","4/17/20","251","47","53063","18.73"
"Stevens","0","7","Washington","4/17/20","6","1","53065","16.67"
"Thurston","1","89","Washington","4/17/20","81","8","53067","9.88"
"Wahkiakum","0","2","Washington","4/17/20","2","0","53069","0"
"Walla Walla","1","26","Washington","4/17/20","17","9","53071","52.94"
"Whatcom","3","271","Washington","4/17/20","250","21","53073","8.4"
"Whitman","0","14","Washington","4/17/20","12","2","53075","16.67"
"Yakima","37","707","Washington","4/17/20","447","260","53077","58.17"
"Barbour","0","4","West Virginia","4/17/20","4","0","54001","0"
"Berkeley","2","106","West Virginia","4/17/20","89","17","54003","19.1"
"Boone","0","2","West Virginia","4/17/20","1","1","54005","100"
"Braxton","0","1","West Virginia","4/17/20","1","0","54007","0"
"Brooke","0","3","West Virginia","4/17/20","3","0","54009","0"
"Cabell","1","28","West Virginia","4/17/20","21","7","54011","33.33"
"Fayette","0","4","West Virginia","4/17/20","3","1","54019","33.33"
"Grant","0","1","West Virginia","4/17/20","0","1","54023","1"
"Greenbrier","0","3","West Virginia","4/17/20","3","0","54025","0"
"Hampshire","0","6","West Virginia","4/17/20","3","3","54027","100"
"Hancock","0","7","West Virginia","4/17/20","7","0","54029","0"
"Hardy","0","3","West Virginia","4/17/20","2","1","54031","50"
"Harrison","0","28","West Virginia","4/17/20","28","0","54033","0"
"Jackson","2","40","West Virginia","4/17/20","23","17","54035","73.91"
"Jefferson","2","60","West Virginia","4/17/20","46","14","54037","30.43"
"Kanawha","3","104","West Virginia","4/17/20","82","22","54039","26.83"
"Lewis","0","2","West Virginia","4/17/20","2","0","54041","0"
"Lincoln","0","1","West Virginia","4/17/20","0","1","54043","1"
"Logan","0","8","West Virginia","4/17/20","8","0","54045","0"
"Marion","1","42","West Virginia","4/17/20","32","10","54049","31.25"
"Marshall","0","8","West Virginia","4/17/20","6","2","54051","33.33"
"Mason","0","10","West Virginia","4/17/20","7","3","54053","42.86"
"McDowell","0","6","West Virginia","4/17/20","4","2","54047","50"
"Mercer","0","8","West Virginia","4/17/20","8","0","54055","0"
"Mineral","1","8","West Virginia","4/17/20","3","5","54057","166.67"
"Mingo","0","2","West Virginia","4/17/20","0","2","54059","1"
"Monongalia","1","83","West Virginia","4/17/20","78","5","54061","6.41"
"Monroe","0","2","West Virginia","4/17/20","1","1","54063","100"
"Morgan","0","8","West Virginia","4/17/20","5","3","54065","60"
"Nicholas","0","3","West Virginia","4/17/20","2","1","54067","50"
"Ohio","0","22","West Virginia","4/17/20","21","1","54069","4.76"
"Pendleton","0","2","West Virginia","4/17/20","1","1","54071","100"
"Pleasants","0","1","West Virginia","4/17/20","1","0","54073","0"
"Preston","0","6","West Virginia","4/17/20","6","0","54077","0"
"Putnam","1","14","West Virginia","4/17/20","10","4","54079","40"
"Raleigh","0","7","West Virginia","4/17/20","5","2","54081","40"
"Randolph","0","4","West Virginia","4/17/20","3","1","54083","33.33"
"Roane","0","2","West Virginia","4/17/20","2","0","54087","0"
"Summers","0","1","West Virginia","4/17/20","0","1","54089","1"
"Taylor","0","5","West Virginia","4/17/20","3","2","54091","66.67"
"Tucker","0","4","West Virginia","4/17/20","3","1","54093","33.33"
"Tyler","0","3","West Virginia","4/17/20","3","0","54095","0"
"Upshur","0","4","West Virginia","4/17/20","3","1","54097","33.33"
"Wayne","8","74","West Virginia","4/17/20","17","57","54099","335.29"
"Wetzel","0","3","West Virginia","4/17/20","3","0","54103","0"
"Wirt","0","2","West Virginia","4/17/20","2","0","54105","0"
"Wood","2","29","West Virginia","4/17/20","18","11","54107","61.11"
"Wyoming","0","1","West Virginia","4/17/20","1","0","54109","0"
"Adams","0","4","Wisconsin","4/17/20","2","2","55001","100"
"Ashland","0","2","Wisconsin","4/17/20","1","1","55003","100"
"Barron","0","6","Wisconsin","4/17/20","6","0","55005","0"
"Bayfield","0","3","Wisconsin","4/17/20","3","0","55007","0"
"Brown","18","180","Wisconsin","4/17/20","55","125","55009","227.27"
"Buffalo","0","4","Wisconsin","4/17/20","2","2","55011","100"
"Calumet","0","5","Wisconsin","4/17/20","4","1","55015","25"
"Chippewa","0","20","Wisconsin","4/17/20","18","2","55017","11.11"
"Clark","1","12","Wisconsin","4/17/20","7","5","55019","71.43"
"Columbia","0","27","Wisconsin","4/17/20","24","3","55021","12.5"
"Crawford","0","3","Wisconsin","4/17/20","3","0","55023","0"
"Dane","7","359","Wisconsin","4/17/20","313","46","55025","14.7"
"Dodge","0","20","Wisconsin","4/17/20","18","2","55027","11.11"
"Door","0","9","Wisconsin","4/17/20","8","1","55029","12.5"
"Douglas","0","7","Wisconsin","4/17/20","7","0","55031","0"
"Dunn","0","9","Wisconsin","4/17/20","8","1","55033","12.5"
"Eau Claire","0","22","Wisconsin","4/17/20","21","1","55035","4.76"
"Florence","0","2","Wisconsin","4/17/20","2","0","55037","0"
"Fond du Lac","1","61","Wisconsin","4/17/20","52","9","55039","17.31"
"Grant","1","13","Wisconsin","4/17/20","4","9","55043","225"
"Green","0","9","Wisconsin","4/17/20","9","0","55045","0"
"Green Lake","0","1","Wisconsin","4/17/20","0","1","55047","1"
"Iowa","0","6","Wisconsin","4/17/20","4","2","55049","50"
"Iron","0","2","Wisconsin","4/17/20","1","1","55051","100"
"Jackson","0","11","Wisconsin","4/17/20","10","1","55053","10"
"Jefferson","1","27","Wisconsin","4/17/20","21","6","55055","28.57"
"Juneau","0","7","Wisconsin","4/17/20","5","2","55057","40"
"Kenosha","10","218","Wisconsin","4/17/20","147","71","55059","48.3"
"Kewaunee","1","8","Wisconsin","4/17/20","1","7","55061","700"
"La Crosse","0","25","Wisconsin","4/17/20","25","0","55063","0"
"Lafayette","0","3","Wisconsin","4/17/20","2","1","55065","50"
"Manitowoc","0","5","Wisconsin","4/17/20","3","2","55071","66.67"
"Marathon","1","16","Wisconsin","4/17/20","12","4","55073","33.33"
"Marinette","0","4","Wisconsin","4/17/20","3","1","55075","33.33"
"Marquette","0","3","Wisconsin","4/17/20","2","1","55077","50"
"Menominee","0","1","Wisconsin","4/17/20","1","0","55078","0"
"Milwaukee","63","2013","Wisconsin","4/17/20","1575","438","55079","27.81"
"Monroe","1","13","Wisconsin","4/17/20","8","5","55081","62.5"
"Oconto","0","4","Wisconsin","4/17/20","3","1","55083","33.33"
"Oneida","0","6","Wisconsin","4/17/20","5","1","55085","20"
"Outagamie","0","31","Wisconsin","4/17/20","29","2","55087","6.9"
"Ozaukee","1","78","Wisconsin","4/17/20","71","7","55089","9.86"
"Pierce","0","7","Wisconsin","4/17/20","7","0","55093","0"
"Polk","0","4","Wisconsin","4/17/20","1","3","55095","300"
"Portage","0","4","Wisconsin","4/17/20","4","0","55097","0"
"Price","0","1","Wisconsin","4/17/20","0","1","55099","1"
"Racine","8","157","Wisconsin","4/17/20","100","57","55101","57"
"Richland","1","8","Wisconsin","4/17/20","4","4","55103","100"
"Rock","2","63","Wisconsin","4/17/20","51","12","55105","23.53"
"Rusk","0","3","Wisconsin","4/17/20","3","0","55107","0"
"Sauk","1","31","Wisconsin","4/17/20","25","6","55111","24"
"Sawyer","0","2","Wisconsin","4/17/20","1","1","55113","100"
"Shawano","0","6","Wisconsin","4/17/20","5","1","55115","20"
"Sheboygan","1","38","Wisconsin","4/17/20","33","5","55117","15.15"
"St. Croix","1","11","Wisconsin","4/17/20","7","4","55109","57.14"
"Trempealeau","0","1","Wisconsin","4/17/20","1","0","55121","0"
"Vilas","0","4","Wisconsin","4/17/20","4","0","55125","0"
"Walworth","6","75","Wisconsin","4/17/20","35","40","55127","114.29"
"Washburn","0","1","Wisconsin","4/17/20","0","1","55129","1"
"Washington","2","81","Wisconsin","4/17/20","67","14","55131","20.9"
"Waukesha","9","255","Wisconsin","4/17/20","193","62","55133","32.12"
"Waupaca","0","4","Wisconsin","4/17/20","3","1","55135","33.33"
"Waushara","0","2","Wisconsin","4/17/20","2","0","55137","0"
"Winnebago","1","34","Wisconsin","4/17/20","25","9","55139","36"
"Wood","0","2","Wisconsin","4/17/20","2","0","55141","0"
"Albany","0","6","Wyoming","4/17/20","4","2","56001","50"
"Big Horn","0","1","Wyoming","4/17/20","0","1","56003","1"
"Campbell","1","13","Wyoming","4/17/20","9","4","56005","44.44"
"Carbon","0","4","Wyoming","4/17/20","4","0","56007","0"
"Converse","1","8","Wyoming","4/17/20","4","4","56009","100"
"Crook","0","4","Wyoming","4/17/20","3","1","56011","33.33"
"Fremont","1","45","Wyoming","4/17/20","38","7","56013","18.42"
"Goshen","0","3","Wyoming","4/17/20","3","0","56015","0"
"Hot Springs","0","1","Wyoming","4/17/20","0","1","56017","1"
"Johnson","0","11","Wyoming","4/17/20","9","2","56019","22.22"
"Laramie","2","69","Wyoming","4/17/20","54","15","56021","27.78"
"Lincoln","0","5","Wyoming","4/17/20","4","1","56023","25"
"Natrona","2","38","Wyoming","4/17/20","27","11","56025","40.74"
"Niobrara","0","1","Wyoming","4/17/20","1","0","56027","0"
"Park","0","1","Wyoming","4/17/20","1","0","56029","0"
"Sheridan","0","12","Wyoming","4/17/20","12","0","56033","0"
"Sublette","0","1","Wyoming","4/17/20","1","0","56035","0"
"Sweetwater","1","10","Wyoming","4/17/20","6","4","56037","66.67"
"Teton","2","61","Wyoming","4/17/20","50","11","56039","22"
"Uinta","0","6","Wyoming","4/17/20","4","2","56041","50"
"Washakie","0","5","Wyoming","4/17/20","5","0","56043","0"
