"Locality","DailyAvgNewCasesPast7Days","TotalCases","State","Date","TotalCases7DaysAgo","NewCasesPast7Days","FIPS-Code","PercentIncreaseTotalCasesPast7Days"
"Autauga","2","26","Alabama","4/16/20","15","11","01001","73.33"
"Baldwin","6","101","Alabama","4/16/20","56","45","01003","80.36"
"Barbour","1","14","Alabama","4/16/20","4","10","01005","250"
"Bibb","2","22","Alabama","4/16/20","9","13","01007","144.44"
"Blount","1","18","Alabama","4/16/20","11","7","01009","63.64"
"Bullock","1","8","Alabama","4/16/20","3","5","01011","166.67"
"Butler","1","11","Alabama","4/16/20","3","8","01013","266.67"
"Calhoun","1","62","Alabama","4/16/20","53","9","01015","16.98"
"Chambers","11","231","Alabama","4/16/20","151","80","01017","52.98"
"Cherokee","1","11","Alabama","4/16/20","7","4","01019","57.14"
"Chilton","2","37","Alabama","4/16/20","25","12","01021","48"
"Choctaw","1","13","Alabama","4/16/20","6","7","01023","116.67"
"Clarke","2","24","Alabama","4/16/20","12","12","01025","100"
"Clay","0","14","Alabama","4/16/20","11","3","01027","27.27"
"Cleburne","0","12","Alabama","4/16/20","12","0","01029","0"
"Coffee","5","47","Alabama","4/16/20","13","34","01031","261.54"
"Colbert","1","12","Alabama","4/16/20","7","5","01033","71.43"
"Conecuh","1","8","Alabama","4/16/20","4","4","01035","100"
"Coosa","2","20","Alabama","4/16/20","9","11","01037","122.22"
"Covington","1","18","Alabama","4/16/20","10","8","01039","80"
"Crenshaw","0","5","Alabama","4/16/20","2","3","01041","150"
"Cullman","3","40","Alabama","4/16/20","22","18","01043","81.82"
"Dale","1","14","Alabama","4/16/20","6","8","01045","133.33"
"Dallas","2","21","Alabama","4/16/20","7","14","01047","200"
"DeKalb","2","32","Alabama","4/16/20","15","17","01049","113.33"
"Elmore","4","54","Alabama","4/16/20","27","27","01051","100"
"Escambia","1","11","Alabama","4/16/20","5","6","01053","120"
"Etowah","5","86","Alabama","4/16/20","49","37","01055","75.51"
"Fayette","0","4","Alabama","4/16/20","1","3","01057","300"
"Franklin","1","17","Alabama","4/16/20","8","9","01059","112.5"
"Geneva","0","2","Alabama","4/16/20","1","1","01061","100"
"Greene","1","20","Alabama","4/16/20","12","8","01063","66.67"
"Hale","2","21","Alabama","4/16/20","7","14","01065","200"
"Henry","1","15","Alabama","4/16/20","7","8","01067","114.29"
"Houston","4","57","Alabama","4/16/20","30","27","01069","90"
"Jackson","1","32","Alabama","4/16/20","22","10","01071","45.45"
"Jefferson","18","634","Alabama","4/16/20","507","127","01073","25.05"
"Lamar","0","7","Alabama","4/16/20","7","0","01075","0"
"Lauderdale","0","22","Alabama","4/16/20","20","2","01077","10"
"Lawrence","0","8","Alabama","4/16/20","8","0","01079","0"
"Lee","13","292","Alabama","4/16/20","199","93","01081","46.73"
"Limestone","1","38","Alabama","4/16/20","34","4","01083","11.76"
"Lowndes","2","24","Alabama","4/16/20","12","12","01085","100"
"Macon","2","21","Alabama","4/16/20","9","12","01087","133.33"
"Madison","4","198","Alabama","4/16/20","173","25","01089","14.45"
"Marengo","1","24","Alabama","4/16/20","14","10","01091","71.43"
"Marion","4","59","Alabama","4/16/20","33","26","01093","78.79"
"Marshall","8","114","Alabama","4/16/20","60","54","01095","90"
"Mobile","38","577","Alabama","4/16/20","309","268","01097","86.73"
"Monroe","0","7","Alabama","4/16/20","6","1","01099","16.67"
"Montgomery","16","197","Alabama","4/16/20","88","109","01101","123.86"
"Morgan","1","44","Alabama","4/16/20","36","8","01103","22.22"
"Perry","1","8","Alabama","4/16/20","1","7","01105","700"
"Pickens","2","30","Alabama","4/16/20","17","13","01107","76.47"
"Pike","1","27","Alabama","4/16/20","17","10","01109","58.82"
"Randolph","4","46","Alabama","4/16/20","16","30","01111","187.5"
"Russell","3","32","Alabama","4/16/20","14","18","01113","128.57"
"Shelby","10","243","Alabama","4/16/20","170","73","01117","42.94"
"St. Clair","2","49","Alabama","4/16/20","36","13","01115","36.11"
"Sumter","2","31","Alabama","4/16/20","17","14","01119","82.35"
"Talladega","2","40","Alabama","4/16/20","29","11","01121","37.93"
"Tallapoosa","16","158","Alabama","4/16/20","45","113","01123","251.11"
"Tuscaloosa","7","132","Alabama","4/16/20","85","47","01125","55.29"
"Walker","2","84","Alabama","4/16/20","69","15","01127","21.74"
"Washington","0","13","Alabama","4/16/20","11","2","01129","18.18"
"Wilcox","3","39","Alabama","4/16/20","16","23","01131","143.75"
"Winston","1","7","Alabama","4/16/20","3","4","01133","133.33"
"Anchorage","5","143","Alaska","4/16/20","109","34","02020","31.19"
"Bethel","0","1","Alaska","4/16/20","1","0","02050","0"
"Fairbanks North Star","1","79","Alaska","4/16/20","73","6","02090","8.22"
"Juneau","1","23","Alaska","4/16/20","14","9","02110","64.29"
"Kenai Peninsula","0","16","Alaska","4/16/20","14","2","02122","14.29"
"Ketchikan Gateway","0","15","Alaska","4/16/20","14","1","02130","7.14"
"Kodiak Island","0","1","Alaska","4/16/20","0","1","02150","1"
"Matanuska-Susitna","1","15","Alaska","4/16/20","6","9","02170","150"
"Nome","0","1","Alaska","4/16/20","0","1","02180","1"
"Petersburg","0","2","Alaska","4/16/20","2","0","02195","0"
"Prince of Wales-Hyder","0","2","Alaska","4/16/20","0","2","02198","1"
"Southeast Fairbanks","0","1","Alaska","4/16/20","1","0","02240","0"
"Yukon-Koyukuk","0","1","Alaska","4/16/20","1","0","02290","0"
"Apache","9","118","Arizona","4/16/20","52","66","04001","126.92"
"Cochise","1","18","Arizona","4/16/20","11","7","04003","63.64"
"Coconino","13","299","Arizona","4/16/20","210","89","04005","42.38"
"Gila","0","5","Arizona","4/16/20","3","2","04007","66.67"
"Graham","0","2","Arizona","4/16/20","2","0","04009","0"
"Greenlee","0","2","Arizona","4/16/20","1","1","04011","100"
"La Paz","0","5","Arizona","4/16/20","4","1","04012","25"
"Maricopa","82","2264","Arizona","4/16/20","1689","575","04013","34.04"
"Mohave","3","51","Arizona","4/16/20","27","24","04015","88.89"
"Navajo","18","410","Arizona","4/16/20","286","124","04017","43.36"
"Pima","35","760","Arizona","4/16/20","512","248","04019","48.44"
"Pinal","9","197","Arizona","4/16/20","137","60","04021","43.8"
"Santa Cruz","1","14","Arizona","4/16/20","7","7","04023","100"
"Yavapai","1","68","Arizona","4/16/20","62","6","04025","9.68"
"Yuma","1","24","Arizona","4/16/20","15","9","04027","60"
"Arkansas","0","2","Arkansas","4/16/20","2","0","05001","0"
"Ashley","0","11","Arkansas","4/16/20","8","3","05003","37.5"
"Baxter","0","4","Arkansas","4/16/20","4","0","05005","0"
"Benton","2","61","Arkansas","4/16/20","47","14","05007","29.79"
"Boone","0","3","Arkansas","4/16/20","3","0","05009","0"
"Bradley","0","7","Arkansas","4/16/20","6","1","05011","16.67"
"Carroll","0","2","Arkansas","4/16/20","2","0","05015","0"
"Chicot","0","7","Arkansas","4/16/20","4","3","05017","75"
"Clark","0","27","Arkansas","4/16/20","27","0","05019","0"
"Clay","0","1","Arkansas","4/16/20","1","0","05021","0"
"Cleburne","0","70","Arkansas","4/16/20","69","1","05023","1.45"
"Cleveland","0","8","Arkansas","4/16/20","8","0","05025","0"
"Columbia","0","4","Arkansas","4/16/20","3","1","05027","33.33"
"Conway","0","5","Arkansas","4/16/20","4","1","05029","25"
"Craighead","2","40","Arkansas","4/16/20","28","12","05031","42.86"
"Crawford","0","4","Arkansas","4/16/20","3","1","05033","33.33"
"Crittenden","7","122","Arkansas","4/16/20","74","48","05035","64.86"
"Cross","0","7","Arkansas","4/16/20","6","1","05037","16.67"
"Dallas","0","1","Arkansas","4/16/20","1","0","05039","0"
"Desha","0","6","Arkansas","4/16/20","5","1","05041","20"
"Drew","0","6","Arkansas","4/16/20","5","1","05043","20"
"Faulkner","1","59","Arkansas","4/16/20","55","4","05045","7.27"
"Franklin","0","1","Arkansas","4/16/20","1","0","05047","0"
"Garland","6","105","Arkansas","4/16/20","61","44","05051","72.13"
"Grant","1","11","Arkansas","4/16/20","7","4","05053","57.14"
"Greene","0","6","Arkansas","4/16/20","6","0","05055","0"
"Hempstead","0","4","Arkansas","4/16/20","3","1","05057","33.33"
"Hot Spring","0","8","Arkansas","4/16/20","8","0","05059","0"
"Howard","1","12","Arkansas","4/16/20","5","7","05061","140"
"Independence","0","6","Arkansas","4/16/20","5","1","05063","20"
"Izard","0","2","Arkansas","4/16/20","1","1","05065","100"
"Jackson","0","1","Arkansas","4/16/20","0","1","05067","1"
"Jefferson","3","109","Arkansas","4/16/20","90","19","05069","21.11"
"Johnson","1","18","Arkansas","4/16/20","11","7","05071","63.64"
"Lafayette","0","5","Arkansas","4/16/20","2","3","05073","150"
"Lawrence","0","12","Arkansas","4/16/20","9","3","05075","33.33"
"Lee","0","3","Arkansas","4/16/20","2","1","05077","50"
"Lincoln","7","61","Arkansas","4/16/20","10","51","05079","510"
"Logan","0","2","Arkansas","4/16/20","1","1","05083","100"
"Lonoke","1","30","Arkansas","4/16/20","26","4","05085","15.38"
"Madison","0","1","Arkansas","4/16/20","1","0","05087","0"
"Marion","0","1","Arkansas","4/16/20","0","1","05089","1"
"Miller","1","29","Arkansas","4/16/20","19","10","05091","52.63"
"Mississippi","0","8","Arkansas","4/16/20","6","2","05093","33.33"
"Monroe","0","2","Arkansas","4/16/20","1","1","05095","100"
"Nevada","0","1","Arkansas","4/16/20","1","0","05099","0"
"Newton","0","1","Arkansas","4/16/20","1","0","05101","0"
"Ouachita","0","5","Arkansas","4/16/20","5","0","05103","0"
"Perry","0","2","Arkansas","4/16/20","2","0","05105","0"
"Phillips","0","4","Arkansas","4/16/20","2","2","05107","100"
"Pike","0","2","Arkansas","4/16/20","2","0","05109","0"
"Poinsett","0","9","Arkansas","4/16/20","6","3","05111","50"
"Polk","0","6","Arkansas","4/16/20","6","0","05113","0"
"Pope","1","33","Arkansas","4/16/20","23","10","05115","43.48"
"Prairie","0","2","Arkansas","4/16/20","2","0","05117","0"
"Pulaski","21","355","Arkansas","4/16/20","210","145","05119","69.05"
"Randolph","0","9","Arkansas","4/16/20","7","2","05121","28.57"
"Saline","1","36","Arkansas","4/16/20","31","5","05125","16.13"
"Scott","0","1","Arkansas","4/16/20","1","0","05127","0"
"Searcy","0","6","Arkansas","4/16/20","6","0","05129","0"
"Sebastian","0","11","Arkansas","4/16/20","9","2","05131","22.22"
"Sevier","0","8","Arkansas","4/16/20","6","2","05133","33.33"
"Sharp","0","2","Arkansas","4/16/20","2","0","05135","0"
"St. Francis","5","63","Arkansas","4/16/20","31","32","05123","103.23"
"Stone","0","7","Arkansas","4/16/20","7","0","05137","0"
"Union","1","19","Arkansas","4/16/20","15","4","05139","26.67"
"Van Buren","0","26","Arkansas","4/16/20","26","0","05141","0"
"Washington","1","44","Arkansas","4/16/20","36","8","05143","22.22"
"White","0","28","Arkansas","4/16/20","27","1","05145","3.7"
"Woodruff","0","1","Arkansas","4/16/20","1","0","05147","0"
"Yell","0","1","Arkansas","4/16/20","1","0","05149","0"
"Alameda","48","1007","California","4/16/20","674","333","06001","49.41"
"Alpine","0","2","California","4/16/20","1","1","06003","100"
"Amador","1","7","California","4/16/20","3","4","06005","133.33"
"Butte","0","16","California","4/16/20","13","3","06007","23.08"
"Calaveras","1","11","California","4/16/20","5","6","06009","120"
"Colusa","0","3","California","4/16/20","3","0","06011","0"
"Contra Costa","21","631","California","4/16/20","484","147","06013","30.37"
"Del Norte","0","2","California","4/16/20","2","0","06015","0"
"El Dorado","1","35","California","4/16/20","29","6","06017","20.69"
"Fresno","16","265","California","4/16/20","156","109","06019","69.87"
"Glenn","0","4","California","4/16/20","2","2","06021","100"
"Humboldt","0","52","California","4/16/20","50","2","06023","4"
"Imperial","7","127","California","4/16/20","75","52","06025","69.33"
"Inyo","1","17","California","4/16/20","11","6","06027","54.55"
"Kern","37","565","California","4/16/20","303","262","06029","86.47"
"Kings","1","13","California","4/16/20","8","5","06031","62.5"
"Lake","0","6","California","4/16/20","3","3","06033","100"
"Los Angeles","414","10854","California","4/16/20","7955","2899","06037","36.44"
"Madera","1","33","California","4/16/20","28","5","06039","17.86"
"Marin","5","184","California","4/16/20","149","35","06041","23.49"
"Mendocino","0","4","California","4/16/20","4","0","06045","0"
"Merced","6","79","California","4/16/20","40","39","06047","97.5"
"Mono","0","23","California","4/16/20","20","3","06051","15"
"Monterey","6","108","California","4/16/20","69","39","06053","56.52"
"Napa","2","39","California","4/16/20","25","14","06055","56"
"Nevada","0","34","California","4/16/20","34","0","06057","0"
"Orange","49","1425","California","4/16/20","1079","346","06059","32.07"
"Placer","2","130","California","4/16/20","117","13","06061","11.11"
"Plumas","0","4","California","4/16/20","3","1","06063","33.33"
"Riverside","118","2105","California","4/16/20","1280","825","06065","64.45"
"Sacramento","43","879","California","4/16/20","580","299","06067","51.55"
"San Benito","1","41","California","4/16/20","33","8","06069","24.24"
"San Bernardino","51","996","California","4/16/20","641","355","06071","55.38"
"San Diego","69","2012","California","4/16/20","1530","482","06073","31.5"
"San Francisco","42","1019","California","4/16/20","724","295","06075","40.75"
"San Joaquin","18","365","California","4/16/20","237","128","06077","54.01"
"San Luis Obispo","3","125","California","4/16/20","102","23","06079","22.55"
"San Mateo","19","767","California","4/16/20","633","134","06081","21.17"
"Santa Barbara","15","334","California","4/16/20","228","106","06083","46.49"
"Santa Clara","65","1833","California","4/16/20","1380","453","06085","32.83"
"Santa Cruz","3","96","California","4/16/20","76","20","06087","26.32"
"Shasta","0","25","California","4/16/20","24","1","06089","4.17"
"Siskiyou","0","5","California","4/16/20","4","1","06093","25"
"Solano","4","141","California","4/16/20","112","29","06095","25.89"
"Sonoma","4","163","California","4/16/20","136","27","06097","19.85"
"Stanislaus","12","177","California","4/16/20","95","82","06099","86.32"
"Sutter","1","24","California","4/16/20","20","4","06101","20"
"Tehama","0","1","California","4/16/20","1","0","06103","0"
"Tulare","29","372","California","4/16/20","168","204","06107","121.43"
"Tuolumne","0","2","California","4/16/20","1","1","06109","100"
"Ventura","16","384","California","4/16/20","274","110","06111","40.15"
"Yolo","7","116","California","4/16/20","67","49","06113","73.13"
"Yuba","0","15","California","4/16/20","15","0","06115","0"
"Adams","47","805","Colorado","4/16/20","475","330","08001","69.47"
"Alamosa","0","7","Colorado","4/16/20","5","2","08003","40"
"Arapahoe","66","1342","Colorado","4/16/20","877","465","08005","53.02"
"Archuleta","0","6","Colorado","4/16/20","6","0","08007","0"
"Baca","0","10","Colorado","4/16/20","9","1","08009","11.11"
"Boulder","14","312","Colorado","4/16/20","217","95","08013","43.78"
"Broomfield","5","95","Colorado","4/16/20","61","34","08014","55.74"
"Chaffee","1","35","Colorado","4/16/20","26","9","08015","34.62"
"Clear Creek","0","11","Colorado","4/16/20","10","1","08019","10"
"Costilla","0","3","Colorado","4/16/20","3","0","08023","0"
"Crowley","0","2","Colorado","4/16/20","1","1","08025","100"
"Custer","0","2","Colorado","4/16/20","2","0","08027","0"
"Delta","1","13","Colorado","4/16/20","6","7","08029","116.67"
"Denver","74","1549","Colorado","4/16/20","1031","518","08031","50.24"
"Douglas","8","329","Colorado","4/16/20","270","59","08035","21.85"
"Eagle","12","479","Colorado","4/16/20","394","85","08037","21.57"
"El Paso","22","689","Colorado","4/16/20","534","155","08041","29.03"
"Elbert","1","17","Colorado","4/16/20","10","7","08039","70"
"Fremont","1","9","Colorado","4/16/20","5","4","08043","80"
"Garfield","2","64","Colorado","4/16/20","50","14","08045","28"
"Gilpin","0","1","Colorado","4/16/20","1","0","08047","0"
"Grand","0","4","Colorado","4/16/20","4","0","08049","0"
"Gunnison","2","111","Colorado","4/16/20","99","12","08051","12.12"
"Hinsdale","0","3","Colorado","4/16/20","1","2","08053","200"
"Huerfano","0","1","Colorado","4/16/20","1","0","08055","0"
"Jefferson","29","860","Colorado","4/16/20","660","200","08059","30.3"
"Kit Carson","1","13","Colorado","4/16/20","6","7","08063","116.67"
"La Plata","1","47","Colorado","4/16/20","37","10","08067","27.03"
"Lake","1","8","Colorado","4/16/20","4","4","08065","100"
"Larimer","6","217","Colorado","4/16/20","174","43","08069","24.71"
"Las Animas","0","3","Colorado","4/16/20","2","1","08071","50"
"Lincoln","0","2","Colorado","4/16/20","1","1","08073","100"
"Logan","1","17","Colorado","4/16/20","13","4","08075","30.77"
"Mesa","0","34","Colorado","4/16/20","32","2","08077","6.25"
"Mineral","0","2","Colorado","4/16/20","2","0","08079","0"
"Moffat","0","3","Colorado","4/16/20","3","0","08081","0"
"Montezuma","1","13","Colorado","4/16/20","8","5","08083","62.5"
"Montrose","4","69","Colorado","4/16/20","38","31","08085","81.58"
"Morgan","11","122","Colorado","4/16/20","44","78","08087","177.27"
"Otero","0","5","Colorado","4/16/20","5","0","08089","0"
"Ouray","0","4","Colorado","4/16/20","4","0","08091","0"
"Park","0","6","Colorado","4/16/20","5","1","08093","20"
"Phillips","0","4","Colorado","4/16/20","4","0","08095","0"
"Pitkin","2","51","Colorado","4/16/20","39","12","08097","30.77"
"Prowers","0","1","Colorado","4/16/20","1","0","08099","0"
"Pueblo","3","72","Colorado","4/16/20","48","24","08101","50"
"Rio Blanco","0","1","Colorado","4/16/20","1","0","08103","0"
"Rio Grande","0","7","Colorado","4/16/20","5","2","08105","40"
"Routt","2","43","Colorado","4/16/20","32","11","08107","34.38"
"Saguache","0","3","Colorado","4/16/20","3","0","08109","0"
"San Miguel","0","12","Colorado","4/16/20","11","1","08113","9.09"
"Summit","4","87","Colorado","4/16/20","57","30","08117","52.63"
"Teller","1","17","Colorado","4/16/20","12","5","08119","41.67"
"Washington","0","5","Colorado","4/16/20","2","3","08121","150"
"Weld","49","960","Colorado","4/16/20","614","346","08123","56.35"
"Yuma","0","2","Colorado","4/16/20","2","0","08125","0"
"Fairfield","276","6816","Connecticut","4/16/20","4882","1934","09001","39.61"
"Hartford","198","2859","Connecticut","4/16/20","1471","1388","09003","94.36"
"Litchfield","31","535","Connecticut","4/16/20","315","220","09005","69.84"
"Middlesex","27","394","Connecticut","4/16/20","205","189","09007","92.2"
"New Haven","283","4163","Connecticut","4/16/20","2183","1980","09009","90.7"
"New London","17","255","Connecticut","4/16/20","139","116","09011","83.45"
"Tolland","14","241","Connecticut","4/16/20","145","96","09013","66.21"
"Windham","5","87","Connecticut","4/16/20","52","35","09015","67.31"
"Kent","20","352","Delaware","4/16/20","214","138","10001","64.49"
"New Castle","43","1003","Delaware","4/16/20","701","302","10003","43.08"
"Sussex","58","698","Delaware","4/16/20","294","404","10005","137.41"
"","0","49","Diamond Princess","4/16/20","49","0",,"0"
"District of Columbia","118","2350","District of Columbia","4/16/20","1523","827","11001","54.3"
"Alachua","7","200","Florida","4/16/20","150","50","12001","33.33"
"Baker","0","17","Florida","4/16/20","16","1","12003","6.25"
"Bay","2","42","Florida","4/16/20","30","12","12005","40"
"Bradford","3","39","Florida","4/16/20","20","19","12007","95"
"Brevard","12","192","Florida","4/16/20","106","86","12009","81.13"
"Broward","145","3466","Florida","4/16/20","2454","1012","12011","41.24"
"Calhoun","0","5","Florida","4/16/20","4","1","12013","25"
"Charlotte","7","127","Florida","4/16/20","79","48","12015","60.76"
"Citrus","3","80","Florida","4/16/20","57","23","12017","40.35"
"Clay","12","184","Florida","4/16/20","103","81","12019","78.64"
"Collier","18","416","Florida","4/16/20","292","124","12021","42.47"
"Columbia","3","35","Florida","4/16/20","17","18","12023","105.88"
"DeSoto","0","22","Florida","4/16/20","19","3","12027","15.79"
"Dixie","0","3","Florida","4/16/20","1","2","12029","200"
"Duval","27","776","Florida","4/16/20","589","187","12031","31.75"
"Escambia","13","277","Florida","4/16/20","184","93","12033","50.54"
"Flagler","2","50","Florida","4/16/20","37","13","12035","35.14"
"Franklin","0","2","Florida","4/16/20","2","0","12037","0"
"Gadsden","5","44","Florida","4/16/20","10","34","12039","340"
"Gilchrist","0","4","Florida","4/16/20","3","1","12041","33.33"
"Glades","0","5","Florida","4/16/20","4","1","12043","25"
"Gulf","0","1","Florida","4/16/20","1","0","12045","0"
"Hamilton","0","2","Florida","4/16/20","1","1","12047","100"
"Hardee","0","4","Florida","4/16/20","3","1","12049","33.33"
"Hendry","2","27","Florida","4/16/20","11","16","12051","145.45"
"Hernando","3","76","Florida","4/16/20","58","18","12053","31.03"
"Highlands","3","66","Florida","4/16/20","45","21","12055","46.67"
"Hillsborough","33","878","Florida","4/16/20","644","234","12057","36.34"
"Holmes","0","4","Florida","4/16/20","2","2","12059","100"
"Indian River","2","83","Florida","4/16/20","68","15","12061","22.06"
"Jackson","0","8","Florida","4/16/20","5","3","12063","60"
"Jefferson","2","23","Florida","4/16/20","8","15","12065","187.5"
"Lafayette","0","1","Florida","4/16/20","1","0","12067","0"
"Lake","7","186","Florida","4/16/20","139","47","12069","33.81"
"Lee","27","687","Florida","4/16/20","496","191","12071","38.51"
"Leon","13","165","Florida","4/16/20","74","91","12073","122.97"
"Levy","0","9","Florida","4/16/20","6","3","12075","50"
"Liberty","0","2","Florida","4/16/20","0","2","12077","1"
"Madison","1","16","Florida","4/16/20","12","4","12079","33.33"
"Manatee","19","309","Florida","4/16/20","175","134","12081","76.57"
"Marion","6","112","Florida","4/16/20","72","40","12083","55.56"
"Martin","5","142","Florida","4/16/20","109","33","12085","30.28"
"Miami-Dade","369","8326","Florida","4/16/20","5745","2581","12086","44.93"
"Monroe","2","66","Florida","4/16/20","52","14","12087","26.92"
"Nassau","1","40","Florida","4/16/20","30","10","12089","33.33"
"Okaloosa","5","117","Florida","4/16/20","80","37","12091","46.25"
"Okeechobee","0","5","Florida","4/16/20","5","0","12093","0"
"Orange","37","1114","Florida","4/16/20","857","257","12095","29.99"
"Osceola","13","384","Florida","4/16/20","295","89","12097","30.17"
"Palm Beach","87","1867","Florida","4/16/20","1260","607","12099","48.17"
"Pasco","9","190","Florida","4/16/20","128","62","12101","48.44"
"Pinellas","17","530","Florida","4/16/20","413","117","12103","28.33"
"Polk","13","304","Florida","4/16/20","212","92","12105","43.4"
"Putnam","3","49","Florida","4/16/20","25","24","12107","96"
"Santa Rosa","7","118","Florida","4/16/20","71","47","12113","66.2"
"Sarasota","10","260","Florida","4/16/20","190","70","12115","36.84"
"Seminole","11","306","Florida","4/16/20","228","78","12117","34.21"
"St. Johns","3","182","Florida","4/16/20","162","20","12109","12.35"
"St. Lucie","8","186","Florida","4/16/20","132","54","12111","40.91"
"Sumter","3","117","Florida","4/16/20","98","19","12119","19.39"
"Suwannee","4","83","Florida","4/16/20","54","29","12121","53.7"
"Taylor","0","1","Florida","4/16/20","1","0","12123","0"
"Union","0","2","Florida","4/16/20","2","0","12125","0"
"Volusia","11","255","Florida","4/16/20","179","76","12127","42.46"
"Wakulla","1","14","Florida","4/16/20","7","7","12129","100"
"Walton","0","29","Florida","4/16/20","26","3","12131","11.54"
"Washington","0","5","Florida","4/16/20","3","2","12133","66.67"
"Appling","1","17","Georgia","4/16/20","7","10","13001","142.86"
"Atkinson","0","3","Georgia","4/16/20","4","-1","13003","-25"
"Bacon","0","14","Georgia","4/16/20","13","1","13005","7.69"
"Baker","1","17","Georgia","4/16/20","11","6","13007","54.55"
"Baldwin","10","97","Georgia","4/16/20","30","67","13009","223.33"
"Banks","1","10","Georgia","4/16/20","4","6","13011","150"
"Barrow","3","70","Georgia","4/16/20","46","24","13013","52.17"
"Bartow","6","237","Georgia","4/16/20","196","41","13015","20.92"
"Ben Hill","1","10","Georgia","4/16/20","6","4","13017","66.67"
"Berrien","1","9","Georgia","4/16/20","4","5","13019","125"
"Bibb","9","118","Georgia","4/16/20","53","65","13021","122.64"
"Bleckley","0","3","Georgia","4/16/20","1","2","13023","200"
"Brantley","1","15","Georgia","4/16/20","6","9","13025","150"
"Brooks","1","21","Georgia","4/16/20","16","5","13027","31.25"
"Bryan","1","30","Georgia","4/16/20","25","5","13029","20"
"Bulloch","1","23","Georgia","4/16/20","14","9","13031","64.29"
"Burke","2","32","Georgia","4/16/20","20","12","13033","60"
"Butts","2","38","Georgia","4/16/20","23","15","13035","65.22"
"Calhoun","3","59","Georgia","4/16/20","35","24","13037","68.57"
"Camden","1","26","Georgia","4/16/20","19","7","13039","36.84"
"Candler","0","4","Georgia","4/16/20","4","0","13043","0"
"Carroll","9","243","Georgia","4/16/20","183","60","13045","32.79"
"Catoosa","1","18","Georgia","4/16/20","9","9","13047","100"
"Charlton","0","5","Georgia","4/16/20","2","3","13049","150"
"Chatham","4","161","Georgia","4/16/20","131","30","13051","22.9"
"Chattahoochee","0","5","Georgia","4/16/20","2","3","13053","150"
"Chattooga","0","8","Georgia","4/16/20","5","3","13055","60"
"Cherokee","12","242","Georgia","4/16/20","159","83","13057","52.2"
"Clarke","3","102","Georgia","4/16/20","81","21","13059","25.93"
"Clay","1","18","Georgia","4/16/20","14","4","13061","28.57"
"Clayton","24","468","Georgia","4/16/20","297","171","13063","57.58"
"Clinch","1","7","Georgia","4/16/20","3","4","13065","133.33"
"Cobb","52","990","Georgia","4/16/20","629","361","13067","57.39"
"Coffee","3","71","Georgia","4/16/20","48","23","13069","47.92"
"Colquitt","3","98","Georgia","4/16/20","78","20","13071","25.64"
"Columbia","4","82","Georgia","4/16/20","55","27","13073","49.09"
"Cook","1","10","Georgia","4/16/20","5","5","13075","100"
"Coweta","8","140","Georgia","4/16/20","84","56","13077","66.67"
"Crawford","1","11","Georgia","4/16/20","3","8","13079","266.67"
"Crisp","6","93","Georgia","4/16/20","53","40","13081","75.47"
"Dade","1","7","Georgia","4/16/20","2","5","13083","250"
"Dawson","2","37","Georgia","4/16/20","24","13","13085","54.17"
"Decatur","5","54","Georgia","4/16/20","21","33","13087","157.14"
"DeKalb","72","1247","Georgia","4/16/20","742","505","13089","68.06"
"Dodge","1","19","Georgia","4/16/20","9","10","13091","111.11"
"Dooly","5","63","Georgia","4/16/20","28","35","13093","125"
"Dougherty","45","1338","Georgia","4/16/20","1020","318","13095","31.18"
"Douglas","11","202","Georgia","4/16/20","127","75","13097","59.06"
"Early","6","146","Georgia","4/16/20","105","41","13099","39.05"
"Echols","0","3","Georgia","4/16/20","2","1","13101","50"
"Effingham","1","24","Georgia","4/16/20","19","5","13103","26.32"
"Elbert","1","7","Georgia","4/16/20","3","4","13105","133.33"
"Emanuel","1","11","Georgia","4/16/20","6","5","13107","83.33"
"Evans","0","2","Georgia","4/16/20","0","2","13109","1"
"Fannin","1","14","Georgia","4/16/20","9","5","13111","55.56"
"Fayette","5","124","Georgia","4/16/20","89","35","13113","39.33"
"Floyd","3","121","Georgia","4/16/20","99","22","13115","22.22"
"Forsyth","8","162","Georgia","4/16/20","104","58","13117","55.77"
"Franklin","1","8","Georgia","4/16/20","3","5","13119","166.67"
"Fulton","93","1929","Georgia","4/16/20","1276","653","13121","51.18"
"Gilmer","1","8","Georgia","4/16/20","4","4","13123","100"
"Glynn","2","44","Georgia","4/16/20","31","13","13127","41.94"
"Gordon","3","49","Georgia","4/16/20","26","23","13129","88.46"
"Grady","2","25","Georgia","4/16/20","8","17","13131","212.5"
"Greene","2","39","Georgia","4/16/20","23","16","13133","69.57"
"Gwinnett","42","896","Georgia","4/16/20","603","293","13135","48.59"
"Habersham","6","48","Georgia","4/16/20","7","41","13137","585.71"
"Hall","25","411","Georgia","4/16/20","238","173","13139","72.69"
"Hancock","1","6","Georgia","4/16/20","1","5","13141","500"
"Haralson","1","20","Georgia","4/16/20","15","5","13143","33.33"
"Harris","2","33","Georgia","4/16/20","16","17","13145","106.25"
"Hart","0","5","Georgia","4/16/20","3","2","13147","66.67"
"Heard","0","5","Georgia","4/16/20","2","3","13149","150"
"Henry","15","330","Georgia","4/16/20","225","105","13151","46.67"
"Houston","7","154","Georgia","4/16/20","103","51","13153","49.51"
"Irwin","0","13","Georgia","4/16/20","10","3","13155","30"
"Jackson","2","37","Georgia","4/16/20","24","13","13157","54.17"
"Jasper","1","10","Georgia","4/16/20","5","5","13159","100"
"Jeff Davis","0","3","Georgia","4/16/20","1","2","13161","200"
"Jefferson","1","9","Georgia","4/16/20","4","5","13163","125"
"Jenkins","1","12","Georgia","4/16/20","8","4","13165","50"
"Johnson","2","24","Georgia","4/16/20","13","11","13167","84.62"
"Jones","1","15","Georgia","4/16/20","9","6","13169","66.67"
"Lamar","1","21","Georgia","4/16/20","15","6","13171","40"
"Lanier","0","5","Georgia","4/16/20","5","0","13173","0"
"Laurens","1","37","Georgia","4/16/20","27","10","13175","37.04"
"Lee","8","265","Georgia","4/16/20","212","53","13177","25"
"Liberty","2","26","Georgia","4/16/20","15","11","13179","73.33"
"Lincoln","0","9","Georgia","4/16/20","6","3","13181","50"
"Long","0","2","Georgia","4/16/20","1","1","13183","100"
"Lowndes","4","77","Georgia","4/16/20","50","27","13185","54"
"Lumpkin","0","11","Georgia","4/16/20","9","2","13187","22.22"
"Macon","3","39","Georgia","4/16/20","15","24","13193","160"
"Madison","1","14","Georgia","4/16/20","10","4","13195","40"
"Marion","1","17","Georgia","4/16/20","7","10","13197","142.86"
"McDuffie","2","31","Georgia","4/16/20","18","13","13189","72.22"
"McIntosh","0","4","Georgia","4/16/20","3","1","13191","33.33"
"Meriwether","2","29","Georgia","4/16/20","18","11","13199","61.11"
"Miller","2","20","Georgia","4/16/20","9","11","13201","122.22"
"Mitchell","10","183","Georgia","4/16/20","116","67","13205","57.76"
"Monroe","0","14","Georgia","4/16/20","12","2","13207","16.67"
"Montgomery","0","2","Georgia","4/16/20","0","2","13209","1"
"Morgan","1","17","Georgia","4/16/20","12","5","13211","41.67"
"Murray","1","16","Georgia","4/16/20","12","4","13213","33.33"
"Muscogee","13","192","Georgia","4/16/20","98","94","13215","95.92"
"Newton","7","115","Georgia","4/16/20","67","48","13217","71.64"
"Oconee","2","45","Georgia","4/16/20","33","12","13219","36.36"
"Oglethorpe","4","31","Georgia","4/16/20","2","29","13221","1450"
"Out of GA","101","707","Georgia","4/16/20","0","707","80013","1"
"Paulding","8","121","Georgia","4/16/20","65","56","13223","86.15"
"Peach","1","28","Georgia","4/16/20","20","8","13225","40"
"Pickens","1","15","Georgia","4/16/20","10","5","13227","50"
"Pierce","1","48","Georgia","4/16/20","40","8","13229","20"
"Pike","2","27","Georgia","4/16/20","12","15","13231","125"
"Polk","1","27","Georgia","4/16/20","22","5","13233","22.73"
"Pulaski","0","11","Georgia","4/16/20","9","2","13235","22.22"
"Putnam","1","14","Georgia","4/16/20","5","9","13237","180"
"Quitman","0","3","Georgia","4/16/20","4","-1","13239","-25"
"Rabun","0","7","Georgia","4/16/20","6","1","13241","16.67"
"Randolph","6","134","Georgia","4/16/20","91","43","13243","47.25"
"Richmond","15","189","Georgia","4/16/20","84","105","13245","125"
"Rockdale","3","108","Georgia","4/16/20","85","23","13247","27.06"
"Schley","0","13","Georgia","4/16/20","10","3","13249","30"
"Screven","1","10","Georgia","4/16/20","4","6","13251","150"
"Seminole","1","20","Georgia","4/16/20","13","7","13253","53.85"
"Spalding","6","99","Georgia","4/16/20","58","41","13255","70.69"
"Stephens","1","25","Georgia","4/16/20","15","10","13257","66.67"
"Stewart","1","9","Georgia","4/16/20","4","5","13259","125"
"Sumter","12","277","Georgia","4/16/20","190","87","13261","45.79"
"Talbot","1","14","Georgia","4/16/20","7","7","13263","100"
"Tattnall","0","5","Georgia","4/16/20","3","2","13267","66.67"
"Taylor","1","10","Georgia","4/16/20","5","5","13269","100"
"Telfair","1","13","Georgia","4/16/20","7","6","13271","85.71"
"Terrell","6","137","Georgia","4/16/20","96","41","13273","42.71"
"Thomas","8","112","Georgia","4/16/20","57","55","13275","96.49"
"Tift","4","78","Georgia","4/16/20","52","26","13277","50"
"Toombs","1","17","Georgia","4/16/20","8","9","13279","112.5"
"Towns","1","8","Georgia","4/16/20","2","6","13281","300"
"Treutlen","0","1","Georgia","4/16/20","1","0","13283","0"
"Troup","3","75","Georgia","4/16/20","52","23","13285","44.23"
"Turner","4","48","Georgia","4/16/20","22","26","13287","118.18"
"Twiggs","0","4","Georgia","4/16/20","2","2","13289","100"
"Union","0","8","Georgia","4/16/20","5","3","13291","60"
"Upson","14","139","Georgia","4/16/20","40","99","13293","247.5"
"Walker","1","13","Georgia","4/16/20","4","9","13295","225"
"Walton","4","55","Georgia","4/16/20","27","28","13297","103.7"
"Ware","3","69","Georgia","4/16/20","45","24","13299","53.33"
"Warren","0","9","Georgia","4/16/20","6","3","13301","50"
"Washington","1","23","Georgia","4/16/20","16","7","13303","43.75"
"Wayne","0","6","Georgia","4/16/20","3","3","13305","100"
"Webster","0","4","Georgia","4/16/20","3","1","13307","33.33"
"Wheeler","0","3","Georgia","4/16/20","2","1","13309","50"
"White","1","15","Georgia","4/16/20","11","4","13311","36.36"
"Whitfield","2","33","Georgia","4/16/20","20","13","13313","65"
"Wilcox","4","34","Georgia","4/16/20","5","29","13315","580"
"Wilkes","1","10","Georgia","4/16/20","5","5","13317","100"
"Wilkinson","1","17","Georgia","4/16/20","8","9","13319","112.5"
"Worth","6","112","Georgia","4/16/20","68","44","13321","64.71"
"","0","103","Grand Princess","4/16/20","103","0",,"0"
"","1","135","Guam","4/16/20","128","7",,"5.47"
"Hawaii","2","41","Hawaii","4/16/20","28","13","15001","46.43"
"Honolulu","5","369","Hawaii","4/16/20","334","35","15003","10.48"
"Kauai","0","21","Hawaii","4/16/20","18","3","15007","16.67"
"Maui","5","92","Hawaii","4/16/20","57","35","15009","61.4"
"Out of HI","1","6","Hawaii","4/16/20","2","4","80015","200"
"Ada","17","567","Idaho","4/16/20","447","120","16001","26.85"
"Adams","0","1","Idaho","4/16/20","1","0","16003","0"
"Bannock","0","8","Idaho","4/16/20","5","3","16005","60"
"Bingham","0","2","Idaho","4/16/20","2","0","16011","0"
"Blaine","6","469","Idaho","4/16/20","428","41","16013","9.58"
"Bonner","0","4","Idaho","4/16/20","3","1","16017","33.33"
"Bonneville","2","24","Idaho","4/16/20","7","17","16019","242.86"
"Camas","0","1","Idaho","4/16/20","1","0","16025","0"
"Canyon","9","181","Idaho","4/16/20","121","60","16027","49.59"
"Caribou","0","1","Idaho","4/16/20","1","0","16029","0"
"Cassia","1","9","Idaho","4/16/20","5","4","16031","80"
"Custer","0","2","Idaho","4/16/20","2","0","16037","0"
"Elmore","1","18","Idaho","4/16/20","14","4","16039","28.57"
"Fremont","0","2","Idaho","4/16/20","2","0","16043","0"
"Gem","0","10","Idaho","4/16/20","8","2","16045","25"
"Gooding","0","7","Idaho","4/16/20","4","3","16047","75"
"Idaho","0","3","Idaho","4/16/20","3","0","16049","0"
"Jefferson","0","5","Idaho","4/16/20","4","1","16051","25"
"Jerome","3","38","Idaho","4/16/20","19","19","16053","100"
"Kootenai","1","48","Idaho","4/16/20","42","6","16055","14.29"
"Latah","0","3","Idaho","4/16/20","2","1","16057","50"
"Lincoln","0","15","Idaho","4/16/20","12","3","16063","25"
"Madison","1","8","Idaho","4/16/20","4","4","16065","100"
"Minidoka","1","9","Idaho","4/16/20","3","6","16067","200"
"Nez Perce","1","27","Idaho","4/16/20","18","9","16069","50"
"Owyhee","0","4","Idaho","4/16/20","2","2","16073","100"
"Payette","1","10","Idaho","4/16/20","6","4","16075","66.67"
"Power","0","2","Idaho","4/16/20","2","0","16077","0"
"Teton","0","7","Idaho","4/16/20","6","1","16081","16.67"
"Twin Falls","6","99","Idaho","4/16/20","55","44","16083","80"
"Valley","0","2","Idaho","4/16/20","2","0","16085","0"
"Washington","0","1","Idaho","4/16/20","1","0","16087","0"
"Adams","1","29","Illinois","4/16/20","22","7","17001","31.82"
"Bond","0","4","Illinois","4/16/20","4","0","17005","0"
"Boone","2","18","Illinois","4/16/20","7","11","17007","157.14"
"Bureau","0","7","Illinois","4/16/20","4","3","17011","75"
"Calhoun","0","1","Illinois","4/16/20","1","0","17013","0"
"Carroll","0","5","Illinois","4/16/20","5","0","17015","0"
"Champaign","3","90","Illinois","4/16/20","72","18","17019","25"
"Christian","0","24","Illinois","4/16/20","23","1","17021","4.35"
"Clark","0","4","Illinois","4/16/20","3","1","17023","33.33"
"Clay","0","1","Illinois","4/16/20","0","1","17025","1"
"Clinton","1","39","Illinois","4/16/20","31","8","17027","25.81"
"Coles","1","9","Illinois","4/16/20","2","7","17029","350"
"Cook","953","18087","Illinois","4/16/20","11415","6672","17031","58.45"
"Crawford","0","4","Illinois","4/16/20","4","0","17033","0"
"Cumberland","0","2","Illinois","4/16/20","2","0","17035","0"
"De Witt","0","1","Illinois","4/16/20","1","0","17039","0"
"DeKalb","1","39","Illinois","4/16/20","32","7","17037","21.88"
"Douglas","0","12","Illinois","4/16/20","11","1","17041","9.09"
"DuPage","74","1463","Illinois","4/16/20","943","520","17043","55.14"
"Effingham","0","4","Illinois","4/16/20","3","1","17049","33.33"
"Fayette","1","12","Illinois","4/16/20","7","5","17051","71.43"
"Ford","0","4","Illinois","4/16/20","3","1","17053","33.33"
"Franklin","0","4","Illinois","4/16/20","2","2","17055","100"
"Fulton","0","1","Illinois","4/16/20","0","1","17057","1"
"Gallatin","0","2","Illinois","4/16/20","1","1","17059","100"
"Greene","0","1","Illinois","4/16/20","0","1","17061","1"
"Grundy","2","24","Illinois","4/16/20","13","11","17063","84.62"
"Hancock","0","3","Illinois","4/16/20","1","2","17067","200"
"Henry","1","25","Illinois","4/16/20","18","7","17073","38.89"
"Iroquois","1","11","Illinois","4/16/20","7","4","17075","57.14"
"Jackson","2","39","Illinois","4/16/20","26","13","17077","50"
"Jasper","0","3","Illinois","4/16/20","3","0","17079","0"
"Jefferson","1","10","Illinois","4/16/20","2","8","17081","400"
"Jersey","0","8","Illinois","4/16/20","5","3","17083","60"
"Jo Daviess","0","11","Illinois","4/16/20","9","2","17085","22.22"
"Johnson","0","2","Illinois","4/16/20","0","2","17087","1"
"Kane","25","490","Illinois","4/16/20","318","172","17089","54.09"
"Kankakee","14","252","Illinois","4/16/20","156","96","17091","61.54"
"Kendall","5","119","Illinois","4/16/20","86","33","17093","38.37"
"Knox","0","2","Illinois","4/16/20","1","1","17095","100"
"Lake","92","1767","Illinois","4/16/20","1124","643","17097","57.21"
"LaSalle","1","25","Illinois","4/16/20","17","8","17099","47.06"
"Lawrence","0","2","Illinois","4/16/20","2","0","17101","0"
"Lee","1","15","Illinois","4/16/20","9","6","17103","66.67"
"Livingston","0","17","Illinois","4/16/20","14","3","17105","21.43"
"Logan","0","5","Illinois","4/16/20","2","3","17107","150"
"Macon","5","47","Illinois","4/16/20","15","32","17115","213.33"
"Macoupin","1","18","Illinois","4/16/20","12","6","17117","50"
"Madison","9","151","Illinois","4/16/20","89","62","17119","69.66"
"Marion","1","17","Illinois","4/16/20","10","7","17121","70"
"Marshall","0","2","Illinois","4/16/20","1","1","17123","100"
"Mason","0","4","Illinois","4/16/20","3","1","17125","33.33"
"Massac","0","4","Illinois","4/16/20","2","2","17127","100"
"McDonough","0","3","Illinois","4/16/20","0","3","17109","1"
"McHenry","12","279","Illinois","4/16/20","198","81","17111","40.91"
"McLean","2","82","Illinois","4/16/20","69","13","17113","18.84"
"Menard","0","2","Illinois","4/16/20","2","0","17129","0"
"Mercer","0","4","Illinois","4/16/20","2","2","17131","100"
"Monroe","2","50","Illinois","4/16/20","35","15","17133","42.86"
"Montgomery","0","9","Illinois","4/16/20","6","3","17135","50"
"Morgan","0","11","Illinois","4/16/20","10","1","17137","10"
"Moultrie","0","2","Illinois","4/16/20","2","0","17139","0"
"Ogle","2","29","Illinois","4/16/20","14","15","17141","107.14"
"Peoria","3","34","Illinois","4/16/20","15","19","17143","126.67"
"Perry","0","1","Illinois","4/16/20","0","1","17145","1"
"Piatt","0","7","Illinois","4/16/20","5","2","17147","40"
"Pike","0","1","Illinois","4/16/20","1","0","17149","0"
"Pulaski","0","6","Illinois","4/16/20","4","2","17153","50"
"Randolph","2","46","Illinois","4/16/20","34","12","17157","35.29"
"Richland","0","1","Illinois","4/16/20","1","0","17159","0"
"Rock Island","12","154","Illinois","4/16/20","73","81","17161","110.96"
"Saline","0","3","Illinois","4/16/20","3","0","17165","0"
"Sangamon","2","54","Illinois","4/16/20","39","15","17167","38.46"
"Schuyler","0","1","Illinois","4/16/20","1","0","17169","0"
"Shelby","0","4","Illinois","4/16/20","3","1","17173","33.33"
"St. Clair","14","239","Illinois","4/16/20","144","95","17163","65.97"
"Stark","0","1","Illinois","4/16/20","1","0","17175","0"
"Stephenson","0","9","Illinois","4/16/20","7","2","17177","28.57"
"Tazewell","1","21","Illinois","4/16/20","17","4","17179","23.53"
"Union","0","3","Illinois","4/16/20","0","3","17181","1"
"Vermilion","0","8","Illinois","4/16/20","5","3","17183","60"
"Wabash","0","1","Illinois","4/16/20","2","-1","17185","-50"
"Warren","0","2","Illinois","4/16/20","0","2","17187","1"
"Washington","0","4","Illinois","4/16/20","2","2","17189","100"
"Whiteside","1","30","Illinois","4/16/20","23","7","17195","30.43"
"Will","69","1494","Illinois","4/16/20","1010","484","17197","47.92"
"Williamson","0","12","Illinois","4/16/20","10","2","17199","20"
"Winnebago","8","121","Illinois","4/16/20","66","55","17201","83.33"
"Woodford","1","11","Illinois","4/16/20","7","4","17203","57.14"
"Adams","1","6","Indiana","4/16/20","2","4","18001","200"
"Allen","17","224","Indiana","4/16/20","105","119","18003","113.33"
"Bartholomew","5","116","Indiana","4/16/20","83","33","18005","39.76"
"Benton","1","4","Indiana","4/16/20","0","4","18007","1"
"Blackford","0","6","Indiana","4/16/20","4","2","18009","50"
"Boone","7","136","Indiana","4/16/20","84","52","18011","61.9"
"Brown","1","14","Indiana","4/16/20","9","5","18013","55.56"
"Carroll","0","6","Indiana","4/16/20","3","3","18015","100"
"Cass","3","37","Indiana","4/16/20","16","21","18017","131.25"
"Clark","7","143","Indiana","4/16/20","96","47","18019","48.96"
"Clay","0","14","Indiana","4/16/20","12","2","18021","16.67"
"Clinton","1","14","Indiana","4/16/20","10","4","18023","40"
"Crawford","0","12","Indiana","4/16/20","11","1","18025","9.09"
"Daviess","2","24","Indiana","4/16/20","8","16","18027","200"
"Dearborn","1","61","Indiana","4/16/20","52","9","18029","17.31"
"Decatur","8","160","Indiana","4/16/20","107","53","18031","49.53"
"DeKalb","1","10","Indiana","4/16/20","5","5","18033","100"
"Delaware","5","85","Indiana","4/16/20","49","36","18035","73.47"
"Dubois","1","14","Indiana","4/16/20","10","4","18037","40"
"Elkhart","10","123","Indiana","4/16/20","56","67","18039","119.64"
"Fayette","0","20","Indiana","4/16/20","19","1","18041","5.26"
"Floyd","5","125","Indiana","4/16/20","88","37","18043","42.05"
"Fountain","0","4","Indiana","4/16/20","2","2","18045","100"
"Franklin","2","75","Indiana","4/16/20","64","11","18047","17.19"
"Fulton","0","3","Indiana","4/16/20","3","0","18049","0"
"Gibson","0","4","Indiana","4/16/20","4","0","18051","0"
"Grant","3","45","Indiana","4/16/20","26","19","18053","73.08"
"Greene","3","36","Indiana","4/16/20","12","24","18055","200"
"Hamilton","18","520","Indiana","4/16/20","395","125","18057","31.65"
"Hancock","4","127","Indiana","4/16/20","100","27","18059","27"
"Harrison","1","61","Indiana","4/16/20","51","10","18061","19.61"
"Hendricks","17","378","Indiana","4/16/20","256","122","18063","47.66"
"Henry","1","24","Indiana","4/16/20","19","5","18065","26.32"
"Howard","3","61","Indiana","4/16/20","42","19","18067","45.24"
"Huntington","0","6","Indiana","4/16/20","6","0","18069","0"
"Jackson","3","77","Indiana","4/16/20","53","24","18071","45.28"
"Jasper","0","19","Indiana","4/16/20","16","3","18073","18.75"
"Jay","0","7","Indiana","4/16/20","4","3","18075","75"
"Jefferson","1","15","Indiana","4/16/20","10","5","18077","50"
"Jennings","3","63","Indiana","4/16/20","45","18","18079","40"
"Johnson","16","358","Indiana","4/16/20","248","110","18081","44.35"
"Knox","1","16","Indiana","4/16/20","10","6","18083","60"
"Kosciusko","1","21","Indiana","4/16/20","16","5","18085","31.25"
"LaGrange","1","15","Indiana","4/16/20","7","8","18087","114.29"
"Lake","65","978","Indiana","4/16/20","525","453","18089","86.29"
"LaPorte","12","112","Indiana","4/16/20","30","82","18091","273.33"
"Lawrence","3","74","Indiana","4/16/20","56","18","18093","32.14"
"Madison","20","283","Indiana","4/16/20","146","137","18095","93.84"
"Marion","129","3320","Indiana","4/16/20","2415","905","18097","37.47"
"Marshall","1","20","Indiana","4/16/20","11","9","18099","81.82"
"Martin","0","5","Indiana","4/16/20","2","3","18101","150"
"Miami","1","22","Indiana","4/16/20","13","9","18103","69.23"
"Monroe","6","102","Indiana","4/16/20","61","41","18105","67.21"
"Montgomery","1","25","Indiana","4/16/20","19","6","18107","31.58"
"Morgan","4","108","Indiana","4/16/20","82","26","18109","31.71"
"Newton","3","29","Indiana","4/16/20","6","23","18111","383.33"
"Noble","2","27","Indiana","4/16/20","13","14","18113","107.69"
"Ohio","0","1","Indiana","4/16/20","1","0","18115","0"
"Orange","1","22","Indiana","4/16/20","12","10","18117","83.33"
"Owen","1","21","Indiana","4/16/20","17","4","18119","23.53"
"Parke","0","7","Indiana","4/16/20","5","2","18121","40"
"Perry","1","4","Indiana","4/16/20","0","4","18123","1"
"Pike","0","1","Indiana","4/16/20","0","1","18125","1"
"Porter","7","143","Indiana","4/16/20","93","50","18127","53.76"
"Posey","0","6","Indiana","4/16/20","5","1","18129","20"
"Pulaski","0","1","Indiana","4/16/20","1","0","18131","0"
"Putnam","2","43","Indiana","4/16/20","30","13","18133","43.33"
"Randolph","0","10","Indiana","4/16/20","7","3","18135","42.86"
"Ripley","2","89","Indiana","4/16/20","77","12","18137","15.58"
"Rush","0","17","Indiana","4/16/20","14","3","18139","21.43"
"Scott","1","19","Indiana","4/16/20","12","7","18143","58.33"
"Shelby","4","86","Indiana","4/16/20","61","25","18145","40.98"
"Spencer","0","4","Indiana","4/16/20","1","3","18147","300"
"St. Joseph","22","306","Indiana","4/16/20","150","156","18141","104"
"Starke","1","10","Indiana","4/16/20","6","4","18149","66.67"
"Steuben","0","14","Indiana","4/16/20","12","2","18151","16.67"
"Sullivan","0","7","Indiana","4/16/20","4","3","18153","75"
"Switzerland","0","12","Indiana","4/16/20","13","-1","18155","-7.69"
"Tippecanoe","2","51","Indiana","4/16/20","40","11","18157","27.5"
"Tipton","0","10","Indiana","4/16/20","9","1","18159","11.11"
"Union","0","6","Indiana","4/16/20","5","1","18161","20"
"Vanderburgh","3","71","Indiana","4/16/20","49","22","18163","44.9"
"Vermillion","0","4","Indiana","4/16/20","3","1","18165","33.33"
"Vigo","1","46","Indiana","4/16/20","36","10","18167","27.78"
"Wabash","0","8","Indiana","4/16/20","6","2","18169","33.33"
"Warren","0","5","Indiana","4/16/20","2","3","18171","150"
"Warrick","3","51","Indiana","4/16/20","30","21","18173","70"
"Washington","1","28","Indiana","4/16/20","23","5","18175","21.74"
"Wayne","1","21","Indiana","4/16/20","16","5","18177","31.25"
"Wells","0","4","Indiana","4/16/20","3","1","18179","33.33"
"White","0","5","Indiana","4/16/20","3","2","18181","66.67"
"Whitley","1","15","Indiana","4/16/20","8","7","18183","87.5"
"Adair","0","1","Iowa","4/16/20","1","0","19001","0"
"Allamakee","1","26","Iowa","4/16/20","19","7","19005","36.84"
"Appanoose","0","2","Iowa","4/16/20","1","1","19007","100"
"Audubon","0","1","Iowa","4/16/20","1","0","19009","0"
"Benton","1","20","Iowa","4/16/20","15","5","19011","33.33"
"Black Hawk","13","109","Iowa","4/16/20","21","88","19013","419.05"
"Boone","0","4","Iowa","4/16/20","4","0","19015","0"
"Bremer","1","10","Iowa","4/16/20","2","8","19017","400"
"Buchanan","0","8","Iowa","4/16/20","6","2","19019","33.33"
"Buena Vista","0","2","Iowa","4/16/20","1","1","19021","100"
"Butler","0","1","Iowa","4/16/20","1","0","19023","0"
"Carroll","0","1","Iowa","4/16/20","1","0","19027","0"
"Cass","0","1","Iowa","4/16/20","0","1","19029","1"
"Cedar","1","23","Iowa","4/16/20","19","4","19031","21.05"
"Cerro Gordo","0","14","Iowa","4/16/20","13","1","19033","7.69"
"Chickasaw","0","2","Iowa","4/16/20","2","0","19037","0"
"Clarke","0","2","Iowa","4/16/20","1","1","19039","100"
"Clay","0","2","Iowa","4/16/20","2","0","19041","0"
"Clayton","0","7","Iowa","4/16/20","5","2","19043","40"
"Clinton","3","39","Iowa","4/16/20","21","18","19045","85.71"
"Crawford","0","6","Iowa","4/16/20","6","0","19047","0"
"Dallas","1","42","Iowa","4/16/20","36","6","19049","16.67"
"Delaware","0","2","Iowa","4/16/20","1","1","19055","100"
"Des Moines","1","7","Iowa","4/16/20","3","4","19057","133.33"
"Dickinson","0","1","Iowa","4/16/20","1","0","19059","0"
"Dubuque","1","39","Iowa","4/16/20","31","8","19061","25.81"
"Fayette","0","5","Iowa","4/16/20","3","2","19065","66.67"
"Franklin","0","1","Iowa","4/16/20","1","0","19069","0"
"Greene","0","1","Iowa","4/16/20","1","0","19073","0"
"Grundy","0","1","Iowa","4/16/20","1","0","19075","0"
"Guthrie","0","3","Iowa","4/16/20","1","2","19077","200"
"Hamilton","0","2","Iowa","4/16/20","2","0","19079","0"
"Hancock","0","3","Iowa","4/16/20","3","0","19081","0"
"Hardin","0","1","Iowa","4/16/20","1","0","19083","0"
"Harrison","0","12","Iowa","4/16/20","11","1","19085","9.09"
"Henry","1","22","Iowa","4/16/20","15","7","19087","46.67"
"Howard","0","2","Iowa","4/16/20","1","1","19089","100"
"Iowa","0","8","Iowa","4/16/20","7","1","19095","14.29"
"Jackson","0","4","Iowa","4/16/20","4","0","19097","0"
"Jasper","2","23","Iowa","4/16/20","9","14","19099","155.56"
"Jefferson","0","4","Iowa","4/16/20","3","1","19101","33.33"
"Johnson","9","234","Iowa","4/16/20","171","63","19103","36.84"
"Jones","1","12","Iowa","4/16/20","8","4","19105","50"
"Keokuk","0","2","Iowa","4/16/20","2","0","19107","0"
"Kossuth","0","1","Iowa","4/16/20","1","0","19109","0"
"Lee","0","3","Iowa","4/16/20","1","2","19111","200"
"Linn","9","280","Iowa","4/16/20","215","65","19113","30.23"
"Louisa","18","166","Iowa","4/16/20","41","125","19115","304.88"
"Lyon","0","5","Iowa","4/16/20","2","3","19119","150"
"Madison","0","3","Iowa","4/16/20","1","2","19121","200"
"Mahaska","0","7","Iowa","4/16/20","4","3","19123","75"
"Marion","0","3","Iowa","4/16/20","2","1","19125","50"
"Marshall","4","49","Iowa","4/16/20","18","31","19127","172.22"
"Mills","0","2","Iowa","4/16/20","1","1","19129","100"
"Mitchell","0","2","Iowa","4/16/20","2","0","19131","0"
"Monona","0","6","Iowa","4/16/20","6","0","19133","0"
"Montgomery","0","1","Iowa","4/16/20","1","0","19137","0"
"Muscatine","11","148","Iowa","4/16/20","70","78","19139","111.43"
"O'Brien","0","3","Iowa","4/16/20","3","0","19141","0"
"Osceola","0","2","Iowa","4/16/20","0","2","19143","1"
"Page","0","3","Iowa","4/16/20","3","0","19145","0"
"Plymouth","0","5","Iowa","4/16/20","4","1","19149","25"
"Polk","17","256","Iowa","4/16/20","140","116","19153","82.86"
"Pottawattamie","1","15","Iowa","4/16/20","11","4","19155","36.36"
"Poweshiek","0","7","Iowa","4/16/20","6","1","19157","16.67"
"Scott","8","146","Iowa","4/16/20","88","58","19163","65.91"
"Shelby","0","7","Iowa","4/16/20","6","1","19165","16.67"
"Sioux","0","7","Iowa","4/16/20","7","0","19167","0"
"Story","1","16","Iowa","4/16/20","7","9","19169","128.57"
"Tama","7","114","Iowa","4/16/20","63","51","19171","80.95"
"Taylor","0","1","Iowa","4/16/20","1","0","19173","0"
"Union","0","1","Iowa","4/16/20","0","1","19175","1"
"Van Buren","0","8","Iowa","4/16/20","6","2","19177","33.33"
"Wapello","1","6","Iowa","4/16/20","2","4","19179","200"
"Warren","1","17","Iowa","4/16/20","13","4","19181","30.77"
"Washington","6","106","Iowa","4/16/20","65","41","19183","63.08"
"Webster","0","2","Iowa","4/16/20","2","0","19187","0"
"Winnebago","0","2","Iowa","4/16/20","1","1","19189","100"
"Winneshiek","0","5","Iowa","4/16/20","5","0","19191","0"
"Woodbury","1","22","Iowa","4/16/20","12","10","19193","83.33"
"Worth","0","1","Iowa","4/16/20","1","0","19195","0"
"Wright","0","1","Iowa","4/16/20","1","0","19197","0"
"Atchison","0","3","Kansas","4/16/20","2","1","20005","50"
"Barber","0","1","Kansas","4/16/20","1","0","20007","0"
"Barton","0","5","Kansas","4/16/20","4","1","20009","25"
"Bourbon","0","7","Kansas","4/16/20","7","0","20011","0"
"Butler","0","10","Kansas","4/16/20","8","2","20015","25"
"Chautauqua","0","3","Kansas","4/16/20","3","0","20019","0"
"Cherokee","0","7","Kansas","4/16/20","5","2","20021","40"
"Clay","0","1","Kansas","4/16/20","1","0","20027","0"
"Cloud","0","3","Kansas","4/16/20","3","0","20029","0"
"Coffey","1","45","Kansas","4/16/20","36","9","20031","25"
"Cowley","0","1","Kansas","4/16/20","1","0","20035","0"
"Crawford","0","6","Kansas","4/16/20","6","0","20037","0"
"Dickinson","0","1","Kansas","4/16/20","0","1","20041","1"
"Doniphan","0","1","Kansas","4/16/20","1","0","20043","0"
"Douglas","1","42","Kansas","4/16/20","38","4","20045","10.53"
"Ellis","1","4","Kansas","4/16/20","0","4","20051","1"
"Finney","1","21","Kansas","4/16/20","12","9","20055","75"
"Ford","7","51","Kansas","4/16/20","2","49","20057","2450"
"Franklin","0","12","Kansas","4/16/20","10","2","20059","20"
"Geary","1","9","Kansas","4/16/20","5","4","20061","80"
"Gove","0","1","Kansas","4/16/20","1","0","20063","0"
"Greenwood","0","1","Kansas","4/16/20","1","0","20073","0"
"Hamilton","0","1","Kansas","4/16/20","0","1","20075","1"
"Harvey","0","5","Kansas","4/16/20","4","1","20079","25"
"Jackson","0","1","Kansas","4/16/20","1","0","20085","0"
"Jefferson","0","5","Kansas","4/16/20","5","0","20087","0"
"Jewell","0","3","Kansas","4/16/20","2","1","20089","50"
"Johnson","13","343","Kansas","4/16/20","252","91","20091","36.11"
"Labette","1","20","Kansas","4/16/20","11","9","20099","81.82"
"Leavenworth","8","115","Kansas","4/16/20","61","54","20103","88.52"
"Linn","0","6","Kansas","4/16/20","5","1","20107","20"
"Lyon","3","48","Kansas","4/16/20","27","21","20111","77.78"
"Marion","0","5","Kansas","4/16/20","3","2","20115","66.67"
"McPherson","0","15","Kansas","4/16/20","13","2","20113","15.38"
"Miami","0","4","Kansas","4/16/20","3","1","20121","33.33"
"Mitchell","0","2","Kansas","4/16/20","2","0","20123","0"
"Montgomery","0","11","Kansas","4/16/20","11","0","20125","0"
"Morris","0","2","Kansas","4/16/20","2","0","20127","0"
"Morton","0","2","Kansas","4/16/20","1","1","20129","100"
"Neosho","0","2","Kansas","4/16/20","1","1","20133","100"
"Osage","0","4","Kansas","4/16/20","3","1","20139","33.33"
"Osborne","0","2","Kansas","4/16/20","2","0","20141","0"
"Ottawa","0","3","Kansas","4/16/20","3","0","20143","0"
"Phillips","0","1","Kansas","4/16/20","0","1","20147","1"
"Pottawatomie","0","5","Kansas","4/16/20","5","0","20149","0"
"Pratt","0","1","Kansas","4/16/20","1","0","20151","0"
"Reno","0","14","Kansas","4/16/20","11","3","20155","27.27"
"Republic","0","4","Kansas","4/16/20","3","1","20157","33.33"
"Riley","1","26","Kansas","4/16/20","20","6","20161","30"
"Rooks","0","3","Kansas","4/16/20","2","1","20163","50"
"Saline","1","15","Kansas","4/16/20","8","7","20169","87.5"
"Scott","0","1","Kansas","4/16/20","1","0","20171","0"
"Sedgwick","8","219","Kansas","4/16/20","161","58","20173","36.02"
"Seward","1","13","Kansas","4/16/20","3","10","20175","333.33"
"Shawnee","4","84","Kansas","4/16/20","56","28","20177","50"
"Sherman","0","1","Kansas","4/16/20","0","1","20181","1"
"Smith","0","1","Kansas","4/16/20","0","1","20183","1"
"Stafford","0","1","Kansas","4/16/20","1","0","20185","0"
"Stanton","0","2","Kansas","4/16/20","0","2","20187","1"
"Stevens","0","3","Kansas","4/16/20","1","2","20189","200"
"Sumner","0","3","Kansas","4/16/20","2","1","20191","50"
"Wabaunsee","-1","1","Kansas","4/16/20","7","-6","20197","-85.71"
"Woodson","0","4","Kansas","4/16/20","3","1","20207","33.33"
"Wyandotte","15","379","Kansas","4/16/20","272","107","20209","39.34"
"Adair","6","45","Kentucky","4/16/20","6","39","21001","650"
"Allen","0","3","Kentucky","4/16/20","3","0","21003","0"
"Anderson","0","5","Kentucky","4/16/20","3","2","21005","66.67"
"Ballard","0","4","Kentucky","4/16/20","1","3","21007","300"
"Barren","1","6","Kentucky","4/16/20","1","5","21009","500"
"Bath","0","3","Kentucky","4/16/20","1","2","21011","200"
"Boone","6","67","Kentucky","4/16/20","23","44","21015","191.3"
"Bourbon","0","7","Kentucky","4/16/20","4","3","21017","75"
"Boyd","1","27","Kentucky","4/16/20","17","10","21019","58.82"
"Boyle","0","12","Kentucky","4/16/20","9","3","21021","33.33"
"Bracken","1","7","Kentucky","4/16/20","1","6","21023","600"
"Breathitt","0","1","Kentucky","4/16/20","1","0","21025","0"
"Breckinridge","0","4","Kentucky","4/16/20","3","1","21027","33.33"
"Bullitt","2","31","Kentucky","4/16/20","14","17","21029","121.43"
"Butler","4","27","Kentucky","4/16/20","2","25","21031","1250"
"Caldwell","1","10","Kentucky","4/16/20","5","5","21033","100"
"Calloway","2","22","Kentucky","4/16/20","8","14","21035","175"
"Campbell","3","53","Kentucky","4/16/20","29","24","21037","82.76"
"Carroll","0","2","Kentucky","4/16/20","2","0","21041","0"
"Carter","1","5","Kentucky","4/16/20","1","4","21043","400"
"Casey","0","1","Kentucky","4/16/20","0","1","21045","1"
"Christian","4","72","Kentucky","4/16/20","45","27","21047","60"
"Clark","1","18","Kentucky","4/16/20","11","7","21049","63.64"
"Clinton","0","2","Kentucky","4/16/20","1","1","21053","100"
"Crittenden","0","3","Kentucky","4/16/20","3","0","21055","0"
"Cumberland","0","2","Kentucky","4/16/20","1","1","21057","100"
"Daviess","6","106","Kentucky","4/16/20","61","45","21059","73.77"
"Edmonson","0","7","Kentucky","4/16/20","5","2","21061","40"
"Fayette","9","209","Kentucky","4/16/20","148","61","21067","41.22"
"Fleming","0","2","Kentucky","4/16/20","0","2","21069","1"
"Floyd","1","4","Kentucky","4/16/20","0","4","21071","1"
"Franklin","0","11","Kentucky","4/16/20","10","1","21073","10"
"Gallatin","0","1","Kentucky","4/16/20","0","1","21077","1"
"Garrard","0","3","Kentucky","4/16/20","0","3","21079","1"
"Grant","2","16","Kentucky","4/16/20","3","13","21081","433.33"
"Graves","3","24","Kentucky","4/16/20","5","19","21083","380"
"Grayson","1","6","Kentucky","4/16/20","2","4","21085","200"
"Green","0","1","Kentucky","4/16/20","1","0","21087","0"
"Greenup","1","11","Kentucky","4/16/20","2","9","21089","450"
"Hancock","1","6","Kentucky","4/16/20","2","4","21091","200"
"Hardin","3","27","Kentucky","4/16/20","9","18","21093","200"
"Harrison","0","14","Kentucky","4/16/20","14","0","21097","0"
"Hart","0","1","Kentucky","4/16/20","1","0","21099","0"
"Henderson","2","26","Kentucky","4/16/20","9","17","21101","188.89"
"Henry","0","3","Kentucky","4/16/20","3","0","21103","0"
"Hopkins","6","97","Kentucky","4/16/20","57","40","21107","70.18"
"Jackson","5","37","Kentucky","4/16/20","3","34","21109","1133.33"
"Jefferson","31","600","Kentucky","4/16/20","380","220","21111","57.89"
"Jessamine","2","30","Kentucky","4/16/20","18","12","21113","66.67"
"Johnson","0","1","Kentucky","4/16/20","1","0","21115","0"
"Kenton","8","112","Kentucky","4/16/20","54","58","21117","107.41"
"Knott","0","1","Kentucky","4/16/20","0","1","21119","1"
"Knox","0","3","Kentucky","4/16/20","0","3","21121","1"
"Larue","0","4","Kentucky","4/16/20","3","1","21123","33.33"
"Laurel","1","12","Kentucky","4/16/20","5","7","21125","140"
"Lawrence","0","1","Kentucky","4/16/20","1","0","21127","0"
"Leslie","0","2","Kentucky","4/16/20","1","1","21131","100"
"Letcher","0","1","Kentucky","4/16/20","1","0","21133","0"
"Lewis","0","2","Kentucky","4/16/20","2","0","21135","0"
"Lincoln","0","3","Kentucky","4/16/20","0","3","21137","1"
"Livingston","0","1","Kentucky","4/16/20","0","1","21139","1"
"Logan","1","9","Kentucky","4/16/20","5","4","21141","80"
"Lyon","1","13","Kentucky","4/16/20","6","7","21143","116.67"
"Madison","1","21","Kentucky","4/16/20","14","7","21151","50"
"Marion","1","12","Kentucky","4/16/20","4","8","21155","200"
"Marshall","1","12","Kentucky","4/16/20","8","4","21157","50"
"Martin","0","2","Kentucky","4/16/20","1","1","21159","100"
"Mason","0","6","Kentucky","4/16/20","3","3","21161","100"
"McCracken","2","28","Kentucky","4/16/20","16","12","21145","75"
"McCreary","1","9","Kentucky","4/16/20","3","6","21147","200"
"McLean","1","7","Kentucky","4/16/20","2","5","21149","250"
"Meade","0","2","Kentucky","4/16/20","2","0","21163","0"
"Menifee","0","3","Kentucky","4/16/20","3","0","21165","0"
"Mercer","1","9","Kentucky","4/16/20","4","5","21167","125"
"Monroe","0","3","Kentucky","4/16/20","2","1","21171","50"
"Montgomery","0","9","Kentucky","4/16/20","7","2","21173","28.57"
"Morgan","0","1","Kentucky","4/16/20","0","1","21175","1"
"Muhlenberg","4","55","Kentucky","4/16/20","26","29","21177","111.54"
"Nelson","1","14","Kentucky","4/16/20","7","7","21179","100"
"Nicholas","0","1","Kentucky","4/16/20","1","0","21181","0"
"Ohio","1","9","Kentucky","4/16/20","4","5","21183","125"
"Oldham","2","22","Kentucky","4/16/20","11","11","21185","100"
"Owsley","0","2","Kentucky","4/16/20","0","2","21189","1"
"Pendleton","0","5","Kentucky","4/16/20","3","2","21191","66.67"
"Perry","0","4","Kentucky","4/16/20","3","1","21193","33.33"
"Pike","1","6","Kentucky","4/16/20","1","5","21195","500"
"Powell","0","1","Kentucky","4/16/20","1","0","21197","0"
"Pulaski","1","33","Kentucky","4/16/20","26","7","21199","26.92"
"Rockcastle","1","11","Kentucky","4/16/20","6","5","21203","83.33"
"Rowan","0","1","Kentucky","4/16/20","0","1","21205","1"
"Russell","1","12","Kentucky","4/16/20","4","8","21207","200"
"Scott","1","21","Kentucky","4/16/20","15","6","21209","40"
"Shelby","1","21","Kentucky","4/16/20","11","10","21211","90.91"
"Simpson","1","19","Kentucky","4/16/20","14","5","21213","35.71"
"Spencer","1","8","Kentucky","4/16/20","3","5","21215","166.67"
"Taylor","0","4","Kentucky","4/16/20","3","1","21217","33.33"
"Todd","1","10","Kentucky","4/16/20","3","7","21219","233.33"
"Trigg","1","4","Kentucky","4/16/20","0","4","21221","1"
"Trimble","0","1","Kentucky","4/16/20","0","1","21223","1"
"Union","0","6","Kentucky","4/16/20","3","3","21225","100"
"Warren","7","71","Kentucky","4/16/20","24","47","21227","195.83"
"Washington","0","3","Kentucky","4/16/20","3","0","21229","0"
"Wayne","0","6","Kentucky","4/16/20","4","2","21231","50"
"Webster","1","11","Kentucky","4/16/20","3","8","21233","266.67"
"Whitley","1","7","Kentucky","4/16/20","1","6","21235","600"
"Woodford","2","20","Kentucky","4/16/20","9","11","21239","122.22"
"Acadia","3","108","Louisiana","4/16/20","89","19","22001","21.35"
"Allen","2","78","Louisiana","4/16/20","66","12","22003","18.18"
"Ascension","12","451","Louisiana","4/16/20","370","81","22005","21.89"
"Assumption","5","132","Louisiana","4/16/20","94","38","22007","40.43"
"Avoyelles","1","66","Louisiana","4/16/20","56","10","22009","17.86"
"Beauregard","1","33","Louisiana","4/16/20","26","7","22011","26.92"
"Bienville","3","45","Louisiana","4/16/20","24","21","22013","87.5"
"Bossier","7","220","Louisiana","4/16/20","171","49","22015","28.65"
"Caddo","35","1154","Louisiana","4/16/20","906","248","22017","27.37"
"Calcasieu","13","300","Louisiana","4/16/20","209","91","22019","43.54"
"Caldwell","0","19","Louisiana","4/16/20","18","1","22021","5.56"
"Cameron","0","2","Louisiana","4/16/20","1","1","22023","100"
"Catahoula","1","23","Louisiana","4/16/20","17","6","22025","35.29"
"Claiborne","1","47","Louisiana","4/16/20","38","9","22027","23.68"
"Concordia","1","21","Louisiana","4/16/20","13","8","22029","61.54"
"De Soto","6","140","Louisiana","4/16/20","101","39","22031","38.61"
"East Baton Rouge","56","1389","Louisiana","4/16/20","1000","389","22033","38.9"
"East Carroll","0","1","Louisiana","4/16/20","1","0","22035","0"
"East Feliciana","4","84","Louisiana","4/16/20","59","25","22037","42.37"
"Evangeline","1","41","Louisiana","4/16/20","31","10","22039","32.26"
"Franklin","3","58","Louisiana","4/16/20","37","21","22041","56.76"
"Grant","0","12","Louisiana","4/16/20","10","2","22043","20"
"Iberia","8","164","Louisiana","4/16/20","108","56","22045","51.85"
"Iberville","10","258","Louisiana","4/16/20","187","71","22047","37.97"
"Jackson","1","12","Louisiana","4/16/20","7","5","22049","71.43"
"Jefferson","124","5346","Louisiana","4/16/20","4480","866","22051","19.33"
"Jefferson Davis","3","48","Louisiana","4/16/20","30","18","22053","60"
"Lafayette","12","387","Louisiana","4/16/20","303","84","22055","27.72"
"Lafourche","19","528","Louisiana","4/16/20","393","135","22057","34.35"
"LaSalle","1","13","Louisiana","4/16/20","9","4","22059","44.44"
"Lincoln","2","43","Louisiana","4/16/20","28","15","22061","53.57"
"Livingston","5","136","Louisiana","4/16/20","103","33","22063","32.04"
"Madison","0","2","Louisiana","4/16/20","2","0","22065","0"
"Morehouse","1","34","Louisiana","4/16/20","24","10","22067","41.67"
"Natchitoches","3","45","Louisiana","4/16/20","27","18","22069","66.67"
"Orleans","86","5847","Louisiana","4/16/20","5242","605","22071","11.54"
"Ouachita","18","429","Louisiana","4/16/20","300","129","22073","43"
"Plaquemines","3","149","Louisiana","4/16/20","129","20","22075","15.5"
"Pointe Coupee","4","60","Louisiana","4/16/20","32","28","22077","87.5"
"Rapides","6","192","Louisiana","4/16/20","148","44","22079","29.73"
"Red River","1","15","Louisiana","4/16/20","5","10","22081","200"
"Richland","1","22","Louisiana","4/16/20","16","6","22083","37.5"
"Sabine","0","11","Louisiana","4/16/20","8","3","22085","37.5"
"St. Bernard","9","388","Louisiana","4/16/20","325","63","22087","19.38"
"St. Charles","18","486","Louisiana","4/16/20","362","124","22089","34.25"
"St. Helena","1","17","Louisiana","4/16/20","11","6","22091","54.55"
"St. James","3","214","Louisiana","4/16/20","191","23","22093","12.04"
"St. John the Baptist","19","609","Louisiana","4/16/20","477","132","22095","27.67"
"St. Landry","4","118","Louisiana","4/16/20","90","28","22097","31.11"
"St. Martin","7","179","Louisiana","4/16/20","127","52","22099","40.94"
"St. Mary","6","134","Louisiana","4/16/20","89","45","22101","50.56"
"St. Tammany","24","944","Louisiana","4/16/20","777","167","22103","21.49"
"Tangipahoa","20","422","Louisiana","4/16/20","283","139","22105","49.12"
"Tensas","0","1","Louisiana","4/16/20","0","1","22107","1"
"Terrebonne","7","283","Louisiana","4/16/20","233","50","22109","21.46"
"Union","4","67","Louisiana","4/16/20","39","28","22111","71.79"
"Vermilion","1","28","Louisiana","4/16/20","22","6","22113","27.27"
"Vernon","0","14","Louisiana","4/16/20","11","3","22115","27.27"
"Washington","9","179","Louisiana","4/16/20","119","60","22117","50.42"
"Webster","2","71","Louisiana","4/16/20","55","16","22119","29.09"
"West Baton Rouge","3","81","Louisiana","4/16/20","57","24","22121","42.11"
"West Carroll","0","4","Louisiana","4/16/20","1","3","22123","300"
"West Feliciana","2","55","Louisiana","4/16/20","38","17","22125","44.74"
"Winn","1","17","Louisiana","4/16/20","7","10","22127","142.86"
"Androscoggin","1","32","Maine","4/16/20","24","8","23001","33.33"
"Aroostook","0","3","Maine","4/16/20","2","1","23003","50"
"Cumberland","11","343","Maine","4/16/20","269","74","23005","27.51"
"Franklin","0","9","Maine","4/16/20","7","2","23007","28.57"
"Hancock","0","5","Maine","4/16/20","3","2","23009","66.67"
"Kennebec","10","94","Maine","4/16/20","26","68","23011","261.54"
"Knox","0","12","Maine","4/16/20","10","2","23013","20"
"Lincoln","0","12","Maine","4/16/20","9","3","23015","33.33"
"Oxford","0","13","Maine","4/16/20","12","1","23017","8.33"
"Penobscot","1","37","Maine","4/16/20","31","6","23019","19.35"
"Sagadahoc","0","15","Maine","4/16/20","14","1","23023","7.14"
"Somerset","1","14","Maine","4/16/20","5","9","23025","180"
"Waldo","4","39","Maine","4/16/20","11","28","23027","254.55"
"Washington","0","2","Maine","4/16/20","1","1","23029","100"
"York","5","164","Maine","4/16/20","132","32","23031","24.24"
"Allegany","2","20","Maryland","4/16/20","8","12","24001","150"
"Anne Arundel","56","896","Maryland","4/16/20","505","391","24003","77.43"
"Baltimore","77","1516","Maryland","4/16/20","979","537","24005","54.85"
"Baltimore City","75","1160","Maryland","4/16/20","638","522","24510","81.82"
"Calvert","5","103","Maryland","4/16/20","66","37","24009","56.06"
"Caroline","2","23","Maryland","4/16/20","12","11","24011","91.67"
"Carroll","11","283","Maryland","4/16/20","203","80","24013","39.41"
"Cecil","7","101","Maryland","4/16/20","54","47","24015","87.04"
"Charles","21","327","Maryland","4/16/20","180","147","24017","81.67"
"Dorchester","2","18","Maryland","4/16/20","7","11","24019","157.14"
"Frederick","38","497","Maryland","4/16/20","233","264","24021","113.3"
"Garrett","0","4","Maryland","4/16/20","5","-1","24023","-20"
"Harford","9","161","Maryland","4/16/20","101","60","24025","59.41"
"Howard","22","451","Maryland","4/16/20","299","152","24027","50.84"
"Kent","0","11","Maryland","4/16/20","9","2","24029","22.22"
"Montgomery","131","2133","Maryland","4/16/20","1214","919","24031","75.7"
"Prince George's","178","2722","Maryland","4/16/20","1476","1246","24033","84.42"
"Queen Anne's","0","19","Maryland","4/16/20","17","2","24035","11.76"
"Somerset","0","6","Maryland","4/16/20","4","2","24039","50"
"St. Mary's","5","98","Maryland","4/16/20","65","33","24037","50.77"
"Talbot","0","14","Maryland","4/16/20","13","1","24041","7.69"
"Washington","7","109","Maryland","4/16/20","60","49","24043","81.67"
"Wicomico","9","87","Maryland","4/16/20","21","66","24045","314.29"
"Worcester","1","25","Maryland","4/16/20","16","9","24047","56.25"
"Barnstable","15","550","Massachusetts","4/16/20","444","106","25001","23.87"
"Berkshire","11","382","Massachusetts","4/16/20","304","78","25003","25.66"
"Bristol","87","1605","Massachusetts","4/16/20","994","611","25005","61.47"
"Dukes and Nantucket","0","21","Massachusetts","4/16/20","18","3","00000","16.67"
"Essex","273","4245","Massachusetts","4/16/20","2336","1909","25009","81.72"
"Franklin","6","170","Massachusetts","4/16/20","128","42","25011","32.81"
"Hampden","101","1985","Massachusetts","4/16/20","1276","709","25013","55.56"
"Hampshire","10","248","Massachusetts","4/16/20","177","71","25015","40.11"
"Middlesex","452","7206","Massachusetts","4/16/20","4045","3161","25017","78.15"
"Norfolk","191","3342","Massachusetts","4/16/20","2007","1335","25021","66.52"
"Plymouth","137","2466","Massachusetts","4/16/20","1507","959","25023","63.64"
"Suffolk","397","6820","Massachusetts","4/16/20","4041","2779","25025","68.77"
"Worcester","149","2503","Massachusetts","4/16/20","1461","1042","25027","71.32"
"Alcona","0","2","Michigan","4/16/20","0","2","26001","1"
"Allegan","3","42","Michigan","4/16/20","23","19","26005","82.61"
"Alpena","1","4","Michigan","4/16/20","0","4","26007","1"
"Antrim","0","10","Michigan","4/16/20","7","3","26009","42.86"
"Arenac","1","9","Michigan","4/16/20","4","5","26011","125"
"Barry","2","24","Michigan","4/16/20","9","15","26015","166.67"
"Bay","4","76","Michigan","4/16/20","47","29","26017","61.7"
"Berrien","10","229","Michigan","4/16/20","156","73","26021","46.79"
"Branch","1","34","Michigan","4/16/20","26","8","26023","30.77"
"Calhoun","10","133","Michigan","4/16/20","66","67","26025","101.52"
"Cass","2","28","Michigan","4/16/20","14","14","26027","100"
"Charlevoix","0","11","Michigan","4/16/20","9","2","26029","22.22"
"Cheboygan","1","16","Michigan","4/16/20","11","5","26031","45.45"
"Chippewa","0","1","Michigan","4/16/20","1","0","26033","0"
"Clare","1","7","Michigan","4/16/20","2","5","26035","250"
"Clinton","3","107","Michigan","4/16/20","89","18","26037","20.22"
"Crawford","2","20","Michigan","4/16/20","6","14","26039","233.33"
"Delta","0","11","Michigan","4/16/20","10","1","26041","10"
"Dickinson","0","3","Michigan","4/16/20","3","0","26043","0"
"Eaton","3","90","Michigan","4/16/20","72","18","26045","25"
"Emmet","1","25","Michigan","4/16/20","17","8","26047","47.06"
"Federal Correctional Institution (FCI)","5","36","Michigan","4/16/20","0","36","00000","1"
"Genesee","57","1178","Michigan","4/16/20","776","402","26049","51.8"
"Gladwin","1","8","Michigan","4/16/20","4","4","26051","100"
"Gogebic","0","4","Michigan","4/16/20","3","1","26053","33.33"
"Grand Traverse","0","18","Michigan","4/16/20","16","2","26055","12.5"
"Gratiot","0","8","Michigan","4/16/20","7","1","26057","14.29"
"Hillsdale","3","86","Michigan","4/16/20","65","21","26059","32.31"
"Houghton","0","2","Michigan","4/16/20","1","1","26061","100"
"Huron","1","14","Michigan","4/16/20","8","6","26063","75"
"Ingham","8","289","Michigan","4/16/20","231","58","26065","25.11"
"Ionia","1","21","Michigan","4/16/20","13","8","26067","61.54"
"Iosco","0","8","Michigan","4/16/20","5","3","26069","60"
"Isabella","3","58","Michigan","4/16/20","38","20","26073","52.63"
"Jackson","11","222","Michigan","4/16/20","142","80","26075","56.34"
"Kalamazoo","7","134","Michigan","4/16/20","83","51","26077","61.45"
"Kalkaska","2","25","Michigan","4/16/20","11","14","26079","127.27"
"Kent","27","438","Michigan","4/16/20","251","187","26081","74.5"
"Lake","0","3","Michigan","4/16/20","0","3","26085","1"
"Lapeer","8","139","Michigan","4/16/20","82","57","26087","69.51"
"Leelanau","0","6","Michigan","4/16/20","4","2","26089","50"
"Lenawee","4","73","Michigan","4/16/20","42","31","26091","73.81"
"Livingston","13","307","Michigan","4/16/20","218","89","26093","40.83"
"Luce","0","1","Michigan","4/16/20","1","0","26095","0"
"Mackinac","0","4","Michigan","4/16/20","4","0","26097","0"
"Macomb","173","3998","Michigan","4/16/20","2788","1210","26099","43.4"
"Manistee","0","12","Michigan","4/16/20","10","2","26101","20"
"Marquette","1","27","Michigan","4/16/20","18","9","26103","50"
"Mason","0","5","Michigan","4/16/20","2","3","26105","150"
"Mecosta","0","12","Michigan","4/16/20","10","2","26107","20"
"Menominee","0","1","Michigan","4/16/20","0","1","26109","1"
"Michigan Department of Corrections (MDOC)","67","472","Michigan","4/16/20","0","472","00000","1"
"Midland","3","57","Michigan","4/16/20","39","18","26111","46.15"
"Missaukee","0","3","Michigan","4/16/20","1","2","26113","200"
"Monroe","8","219","Michigan","4/16/20","165","54","26115","32.73"
"Montcalm","1","24","Michigan","4/16/20","20","4","26117","20"
"Montmorency","0","2","Michigan","4/16/20","0","2","26119","1"
"Muskegon","8","110","Michigan","4/16/20","53","57","26121","107.55"
"Newaygo","1","9","Michigan","4/16/20","5","4","26123","80"
"Oakland","236","6203","Michigan","4/16/20","4553","1650","26125","36.24"
"Oceana","0","3","Michigan","4/16/20","3","0","26127","0"
"Ogemaw","0","6","Michigan","4/16/20","4","2","26129","50"
"Osceola","0","8","Michigan","4/16/20","5","3","26133","60"
"Oscoda","0","4","Michigan","4/16/20","3","1","26135","33.33"
"Otsego","3","51","Michigan","4/16/20","32","19","26137","59.38"
"Ottawa","5","114","Michigan","4/16/20","81","33","26139","40.74"
"Out of MI","5","166","Michigan","4/16/20","131","35","80026","26.72"
"Presque Isle","0","2","Michigan","4/16/20","1","1","26141","100"
"Roscommon","0","10","Michigan","4/16/20","8","2","26143","25"
"Saginaw","21","350","Michigan","4/16/20","205","145","26145","70.73"
"Sanilac","1","26","Michigan","4/16/20","21","5","26151","23.81"
"Schoolcraft","0","3","Michigan","4/16/20","1","2","26153","200"
"Shiawassee","7","81","Michigan","4/16/20","34","47","26155","138.24"
"St. Clair","12","265","Michigan","4/16/20","183","82","26147","44.81"
"St. Joseph","1","23","Michigan","4/16/20","18","5","26149","27.78"
"Tuscola","2","52","Michigan","4/16/20","37","15","26157","40.54"
"Van Buren","2","37","Michigan","4/16/20","26","11","26159","42.31"
"Washtenaw","30","915","Michigan","4/16/20","708","207","26161","29.24"
"Wayne","353","12647","Michigan","4/16/20","10179","2468","26163","24.25"
"Wexford","0","9","Michigan","4/16/20","8","1","26165","12.5"
"Anoka","3","76","Minnesota","4/16/20","53","23","27003","43.4"
"Becker","0","1","Minnesota","4/16/20","0","1","27005","1"
"Beltrami","0","5","Minnesota","4/16/20","5","0","27007","0"
"Benton","0","1","Minnesota","4/16/20","1","0","27009","0"
"Big Stone","0","1","Minnesota","4/16/20","1","0","27011","0"
"Blue Earth","0","23","Minnesota","4/16/20","22","1","27013","4.55"
"Brown","0","7","Minnesota","4/16/20","7","0","27015","0"
"Carlton","2","27","Minnesota","4/16/20","15","12","27017","80"
"Carver","1","14","Minnesota","4/16/20","10","4","27019","40"
"Cass","0","4","Minnesota","4/16/20","3","1","27021","33.33"
"Chisago","0","7","Minnesota","4/16/20","5","2","27025","40"
"Clay","3","43","Minnesota","4/16/20","23","20","27027","86.96"
"Clearwater","0","3","Minnesota","4/16/20","2","1","27029","50"
"Cottonwood","0","6","Minnesota","4/16/20","5","1","27033","20"
"Crow Wing","1","17","Minnesota","4/16/20","13","4","27035","30.77"
"Dakota","3","103","Minnesota","4/16/20","79","24","27037","30.38"
"Dodge","0","16","Minnesota","4/16/20","13","3","27039","23.08"
"Douglas","0","1","Minnesota","4/16/20","1","0","27041","0"
"Faribault","0","4","Minnesota","4/16/20","4","0","27043","0"
"Fillmore","0","10","Minnesota","4/16/20","10","0","27045","0"
"Freeborn","1","27","Minnesota","4/16/20","20","7","27047","35"
"Goodhue","0","17","Minnesota","4/16/20","14","3","27049","21.43"
"Hennepin","39","651","Minnesota","4/16/20","375","276","27053","73.6"
"Houston","0","1","Minnesota","4/16/20","1","0","27055","0"
"Isanti","0","4","Minnesota","4/16/20","4","0","27059","0"
"Itasca","0","2","Minnesota","4/16/20","2","0","27061","0"
"Jackson","0","1","Minnesota","4/16/20","1","0","27063","0"
"Kandiyohi","0","2","Minnesota","4/16/20","2","0","27067","0"
"Koochiching","0","1","Minnesota","4/16/20","1","0","27071","0"
"Lac qui Parle","0","1","Minnesota","4/16/20","1","0","27073","0"
"Le Sueur","0","21","Minnesota","4/16/20","20","1","27079","5"
"Lincoln","0","2","Minnesota","4/16/20","2","0","27081","0"
"Lyon","0","5","Minnesota","4/16/20","5","0","27083","0"
"Mahnomen","0","1","Minnesota","4/16/20","1","0","27087","0"
"Martin","1","39","Minnesota","4/16/20","35","4","27091","11.43"
"McLeod","0","2","Minnesota","4/16/20","2","0","27085","0"
"Meeker","0","3","Minnesota","4/16/20","2","1","27093","50"
"Mower","1","25","Minnesota","4/16/20","20","5","27099","25"
"Murray","0","1","Minnesota","4/16/20","1","0","27101","0"
"Nicollet","0","7","Minnesota","4/16/20","5","2","27103","40"
"Nobles","0","2","Minnesota","4/16/20","0","2","27105","1"
"Norman","0","1","Minnesota","4/16/20","0","1","27107","1"
"Olmsted","6","153","Minnesota","4/16/20","114","39","27109","34.21"
"Otter Tail","0","4","Minnesota","4/16/20","3","1","27111","33.33"
"Pine","1","6","Minnesota","4/16/20","0","6","27115","1"
"Pipestone","0","1","Minnesota","4/16/20","1","0","27117","0"
"Polk","0","1","Minnesota","4/16/20","1","0","27119","0"
"Ramsey","6","164","Minnesota","4/16/20","121","43","27123","35.54"
"Red Lake","0","1","Minnesota","4/16/20","0","1","27125","1"
"Redwood","0","1","Minnesota","4/16/20","1","0","27127","0"
"Renville","0","3","Minnesota","4/16/20","2","1","27129","50"
"Rice","0","5","Minnesota","4/16/20","4","1","27131","25"
"Rock","0","2","Minnesota","4/16/20","0","2","27133","1"
"Roseau","0","1","Minnesota","4/16/20","1","0","27135","0"
"Scott","0","20","Minnesota","4/16/20","19","1","27139","5.26"
"Sherburne","0","11","Minnesota","4/16/20","9","2","27141","22.22"
"Sibley","0","1","Minnesota","4/16/20","1","0","27143","0"
"St. Louis","1","43","Minnesota","4/16/20","33","10","27137","30.3"
"Stearns","0","7","Minnesota","4/16/20","7","0","27145","0"
"Steele","0","9","Minnesota","4/16/20","8","1","27147","12.5"
"Swift","0","1","Minnesota","4/16/20","1","0","27151","0"
"Todd","0","2","Minnesota","4/16/20","0","2","27153","1"
"Traverse","0","2","Minnesota","4/16/20","2","0","27155","0"
"Wabasha","0","7","Minnesota","4/16/20","6","1","27157","16.67"
"Waseca","0","3","Minnesota","4/16/20","3","0","27161","0"
"Washington","2","88","Minnesota","4/16/20","72","16","27163","22.22"
"Watonwan","0","4","Minnesota","4/16/20","4","0","27165","0"
"Wilkin","0","7","Minnesota","4/16/20","5","2","27167","40"
"Winona","4","51","Minnesota","4/16/20","20","31","27169","155"
"Wright","1","21","Minnesota","4/16/20","12","9","27171","75"
"Yellow Medicine","0","3","Minnesota","4/16/20","2","1","27173","50"
"Adams","6","70","Mississippi","4/16/20","27","43","28001","159.26"
"Alcorn","0","7","Mississippi","4/16/20","6","1","28003","16.67"
"Amite","1","16","Mississippi","4/16/20","10","6","28005","60"
"Attala","2","28","Mississippi","4/16/20","17","11","28007","64.71"
"Benton","0","5","Mississippi","4/16/20","5","0","28009","0"
"Bolivar","2","74","Mississippi","4/16/20","57","17","28011","29.82"
"Calhoun","2","30","Mississippi","4/16/20","13","17","28013","130.77"
"Carroll","0","9","Mississippi","4/16/20","7","2","28015","28.57"
"Chickasaw","2","37","Mississippi","4/16/20","20","17","28017","85"
"Choctaw","0","11","Mississippi","4/16/20","9","2","28019","22.22"
"Claiborne","1","8","Mississippi","4/16/20","3","5","28021","166.67"
"Clarke","1","20","Mississippi","4/16/20","12","8","28023","66.67"
"Clay","1","21","Mississippi","4/16/20","14","7","28025","50"
"Coahoma","1","45","Mississippi","4/16/20","35","10","28027","28.57"
"Copiah","2","39","Mississippi","4/16/20","27","12","28029","44.44"
"Covington","2","19","Mississippi","4/16/20","7","12","28031","171.43"
"DeSoto","9","211","Mississippi","4/16/20","150","61","28033","40.67"
"Forrest","9","134","Mississippi","4/16/20","71","63","28035","88.73"
"Franklin","1","14","Mississippi","4/16/20","8","6","28037","75"
"George","0","8","Mississippi","4/16/20","5","3","28039","60"
"Greene","0","3","Mississippi","4/16/20","1","2","28041","200"
"Grenada","1","14","Mississippi","4/16/20","10","4","28043","40"
"Hancock","2","50","Mississippi","4/16/20","37","13","28045","35.14"
"Harrison","5","134","Mississippi","4/16/20","96","38","28047","39.58"
"Hinds","14","301","Mississippi","4/16/20","203","98","28049","48.28"
"Holmes","3","53","Mississippi","4/16/20","31","22","28051","70.97"
"Humphreys","1","12","Mississippi","4/16/20","7","5","28053","71.43"
"Itawamba","1","13","Mississippi","4/16/20","7","6","28057","85.71"
"Jackson","10","189","Mississippi","4/16/20","122","67","28059","54.92"
"Jasper","1","19","Mississippi","4/16/20","10","9","28061","90"
"Jefferson","0","4","Mississippi","4/16/20","4","0","28063","0"
"Jefferson Davis","0","7","Mississippi","4/16/20","4","3","28065","75"
"Jones","4","48","Mississippi","4/16/20","19","29","28067","152.63"
"Kemper","0","16","Mississippi","4/16/20","13","3","28069","23.08"
"Lafayette","2","39","Mississippi","4/16/20","26","13","28071","50"
"Lamar","5","56","Mississippi","4/16/20","24","32","28073","133.33"
"Lauderdale","11","174","Mississippi","4/16/20","99","75","28075","75.76"
"Lawrence","0","10","Mississippi","4/16/20","8","2","28077","25"
"Leake","4","50","Mississippi","4/16/20","22","28","28079","127.27"
"Lee","1","48","Mississippi","4/16/20","40","8","28081","20"
"Leflore","4","62","Mississippi","4/16/20","32","30","28083","93.75"
"Lincoln","8","86","Mississippi","4/16/20","32","54","28085","168.75"
"Lowndes","2","30","Mississippi","4/16/20","18","12","28087","66.67"
"Madison","4","116","Mississippi","4/16/20","88","28","28089","31.82"
"Marion","3","35","Mississippi","4/16/20","16","19","28091","118.75"
"Marshall","2","37","Mississippi","4/16/20","26","11","28093","42.31"
"Monroe","4","54","Mississippi","4/16/20","24","30","28095","125"
"Montgomery","0","15","Mississippi","4/16/20","13","2","28097","15.38"
"Neshoba","3","39","Mississippi","4/16/20","17","22","28099","129.41"
"Newton","1","16","Mississippi","4/16/20","8","8","28101","100"
"Noxubee","2","18","Mississippi","4/16/20","5","13","28103","260"
"Oktibbeha","1","42","Mississippi","4/16/20","35","7","28105","20"
"Panola","1","27","Mississippi","4/16/20","21","6","28107","28.57"
"Pearl River","6","112","Mississippi","4/16/20","73","39","28109","53.42"
"Perry","1","20","Mississippi","4/16/20","14","6","28111","42.86"
"Pike","7","82","Mississippi","4/16/20","35","47","28113","134.29"
"Pontotoc","0","16","Mississippi","4/16/20","14","2","28115","14.29"
"Prentiss","1","15","Mississippi","4/16/20","10","5","28117","50"
"Quitman","0","13","Mississippi","4/16/20","12","1","28119","8.33"
"Rankin","5","122","Mississippi","4/16/20","85","37","28121","43.53"
"Scott","8","100","Mississippi","4/16/20","43","57","28123","132.56"
"Sharkey","0","3","Mississippi","4/16/20","3","0","28125","0"
"Simpson","1","13","Mississippi","4/16/20","6","7","28127","116.67"
"Smith","3","37","Mississippi","4/16/20","16","21","28129","131.25"
"Stone","2","16","Mississippi","4/16/20","5","11","28131","220"
"Sunflower","2","43","Mississippi","4/16/20","32","11","28133","34.38"
"Tallahatchie","1","7","Mississippi","4/16/20","3","4","28135","133.33"
"Tate","1","27","Mississippi","4/16/20","19","8","28137","42.11"
"Tippah","1","45","Mississippi","4/16/20","41","4","28139","9.76"
"Tishomingo","0","2","Mississippi","4/16/20","2","0","28141","0"
"Tunica","1","26","Mississippi","4/16/20","17","9","28143","52.94"
"Union","0","9","Mississippi","4/16/20","6","3","28145","50"
"Walthall","1","22","Mississippi","4/16/20","16","6","28147","37.5"
"Warren","1","16","Mississippi","4/16/20","10","6","28149","60"
"Washington","3","67","Mississippi","4/16/20","46","21","28151","45.65"
"Wayne","1","10","Mississippi","4/16/20","6","4","28153","66.67"
"Webster","0","15","Mississippi","4/16/20","13","2","28155","15.38"
"Wilkinson","2","53","Mississippi","4/16/20","37","16","28157","43.24"
"Winston","1","24","Mississippi","4/16/20","17","7","28159","41.18"
"Yalobusha","0","14","Mississippi","4/16/20","11","3","28161","27.27"
"Yazoo","4","72","Mississippi","4/16/20","47","25","28163","53.19"
"Adair","0","12","Missouri","4/16/20","11","1","29001","9.09"
"Andrew","0","1","Missouri","4/16/20","0","1","29003","1"
"Atchison","0","2","Missouri","4/16/20","1","1","29005","100"
"Barry","0","3","Missouri","4/16/20","2","1","29009","50"
"Bates","0","6","Missouri","4/16/20","4","2","29013","50"
"Benton","0","3","Missouri","4/16/20","3","0","29015","0"
"Bollinger","0","3","Missouri","4/16/20","2","1","29017","50"
"Boone","2","92","Missouri","4/16/20","78","14","29019","17.95"
"Buchanan","1","26","Missouri","4/16/20","16","10","29021","62.5"
"Butler","2","21","Missouri","4/16/20","5","16","29023","320"
"Caldwell","0","2","Missouri","4/16/20","1","1","29025","100"
"Callaway","0","20","Missouri","4/16/20","20","0","29027","0"
"Camden","1","31","Missouri","4/16/20","25","6","29029","24"
"Cape Girardeau","1","33","Missouri","4/16/20","23","10","29031","43.48"
"Carter","0","3","Missouri","4/16/20","3","0","29035","0"
"Cass","3","47","Missouri","4/16/20","26","21","29037","80.77"
"Cedar","0","5","Missouri","4/16/20","8","-3","29039","-37.5"
"Chariton","0","4","Missouri","4/16/20","4","0","29041","0"
"Christian","0","19","Missouri","4/16/20","17","2","29043","11.76"
"Clark","0","1","Missouri","4/16/20","1","0","29045","0"
"Clay","2","52","Missouri","4/16/20","37","15","29047","40.54"
"Clinton","0","11","Missouri","4/16/20","11","0","29049","0"
"Cole","1","41","Missouri","4/16/20","35","6","29051","17.14"
"Cooper","0","4","Missouri","4/16/20","2","2","29053","100"
"Crawford","0","5","Missouri","4/16/20","5","0","29055","0"
"Dallas","0","2","Missouri","4/16/20","1","1","29059","100"
"DeKalb","0","3","Missouri","4/16/20","2","1","29063","50"
"Dunklin","1","18","Missouri","4/16/20","9","9","29069","100"
"Franklin","5","89","Missouri","4/16/20","56","33","29071","58.93"
"Gasconade","0","2","Missouri","4/16/20","2","0","29073","0"
"Gentry","0","1","Missouri","4/16/20","1","0","29075","0"
"Greene","1","81","Missouri","4/16/20","74","7","29077","9.46"
"Harrison","0","6","Missouri","4/16/20","4","2","29081","50"
"Henry","1","6","Missouri","4/16/20","2","4","29083","200"
"Holt","0","1","Missouri","4/16/20","0","1","29087","1"
"Howard","0","2","Missouri","4/16/20","1","1","29089","100"
"Howell","0","5","Missouri","4/16/20","4","1","29091","25"
"Iron","0","1","Missouri","4/16/20","0","1","29093","1"
"Jackson","13","260","Missouri","4/16/20","167","93","29095","55.69"
"Jasper","2","28","Missouri","4/16/20","16","12","29097","75"
"Jefferson","9","155","Missouri","4/16/20","95","60","29099","63.16"
"Johnson","1","45","Missouri","4/16/20","35","10","29101","28.57"
"Kansas City","20","386","Missouri","4/16/20","249","137","00000","55.02"
"Lafayette","0","29","Missouri","4/16/20","27","2","29107","7.41"
"Lincoln","1","35","Missouri","4/16/20","25","10","29113","40"
"Linn","0","5","Missouri","4/16/20","3","2","29115","66.67"
"Livingston","0","2","Missouri","4/16/20","1","1","29117","100"
"Macon","0","2","Missouri","4/16/20","2","0","29121","0"
"Madison","0","1","Missouri","4/16/20","1","0","29123","0"
"Maries","0","2","Missouri","4/16/20","2","0","29125","0"
"McDonald","0","4","Missouri","4/16/20","3","1","29119","33.33"
"Moniteau","1","12","Missouri","4/16/20","4","8","29135","200"
"Montgomery","0","6","Missouri","4/16/20","5","1","29139","20"
"Morgan","0","2","Missouri","4/16/20","1","1","29141","100"
"New Madrid","0","8","Missouri","4/16/20","5","3","29143","60"
"Newton","0","9","Missouri","4/16/20","6","3","29145","50"
"Nodaway","0","3","Missouri","4/16/20","2","1","29147","50"
"Oregon","0","1","Missouri","4/16/20","1","0","29149","0"
"Osage","0","4","Missouri","4/16/20","4","0","29151","0"
"Pemiscot","1","11","Missouri","4/16/20","4","7","29155","175"
"Perry","1","41","Missouri","4/16/20","31","10","29157","32.26"
"Pettis","1","8","Missouri","4/16/20","3","5","29159","166.67"
"Phelps","0","1","Missouri","4/16/20","1","0","29161","0"
"Pike","0","6","Missouri","4/16/20","4","2","29163","50"
"Platte","1","27","Missouri","4/16/20","19","8","29165","42.11"
"Polk","0","1","Missouri","4/16/20","1","0","29167","0"
"Pulaski","1","18","Missouri","4/16/20","12","6","29169","50"
"Ralls","0","1","Missouri","4/16/20","1","0","29173","0"
"Randolph","0","8","Missouri","4/16/20","7","1","29175","14.29"
"Ray","0","7","Missouri","4/16/20","7","0","29177","0"
"Reynolds","0","2","Missouri","4/16/20","2","0","29179","0"
"Ripley","0","3","Missouri","4/16/20","2","1","29181","50"
"Saline","6","51","Missouri","4/16/20","7","44","29195","628.57"
"Scotland","0","4","Missouri","4/16/20","1","3","29199","300"
"Scott","4","41","Missouri","4/16/20","11","30","29201","272.73"
"Shelby","0","1","Missouri","4/16/20","1","0","29205","0"
"St. Charles","19","416","Missouri","4/16/20","283","133","29183","47"
"St. Clair","0","2","Missouri","4/16/20","0","2","29185","1"
"St. Francois","0","23","Missouri","4/16/20","20","3","29187","15"
"St. Louis","81","2137","Missouri","4/16/20","1573","564","29189","35.86"
"St. Louis City","29","766","Missouri","4/16/20","565","201","29510","35.58"
"Ste. Genevieve","0","7","Missouri","4/16/20","6","1","29186","16.67"
"Stoddard","1","13","Missouri","4/16/20","8","5","29207","62.5"
"Stone","0","3","Missouri","4/16/20","3","0","29209","0"
"Taney","0","8","Missouri","4/16/20","7","1","29213","14.29"
"Vernon","1","4","Missouri","4/16/20","0","4","29217","1"
"Warren","1","17","Missouri","4/16/20","13","4","29219","30.77"
"Washington","0","3","Missouri","4/16/20","1","2","29221","200"
"Webster","0","5","Missouri","4/16/20","3","2","29225","66.67"
"Worth","0","1","Missouri","4/16/20","1","0","29227","0"
"Wright","0","9","Missouri","4/16/20","7","2","29229","28.57"
"Beaverhead","0","1","Montana","4/16/20","1","0","30001","0"
"Big Horn","0","3","Montana","4/16/20","0","3","30003","1"
"Broadwater","0","4","Montana","4/16/20","4","0","30007","0"
"Carbon","0","6","Montana","4/16/20","3","3","30009","100"
"Cascade","0","13","Montana","4/16/20","12","1","30013","8.33"
"Deer Lodge","0","3","Montana","4/16/20","4","-1","30023","-25"
"Flathead","0","37","Montana","4/16/20","34","3","30029","8.82"
"Gallatin","2","141","Montana","4/16/20","128","13","30031","10.16"
"Glacier","0","4","Montana","4/16/20","3","1","30035","33.33"
"Golden Valley","0","1","Montana","4/16/20","0","1","30037","1"
"Hill","0","1","Montana","4/16/20","1","0","30041","0"
"Jefferson","0","2","Montana","4/16/20","2","0","30043","0"
"Lake","0","5","Montana","4/16/20","6","-1","30047","-16.67"
"Lewis and Clark","0","16","Montana","4/16/20","16","0","30049","0"
"Liberty","0","1","Montana","4/16/20","1","0","30051","0"
"Lincoln","0","7","Montana","4/16/20","7","0","30053","0"
"Madison","0","8","Montana","4/16/20","8","0","30057","0"
"Meagher","0","1","Montana","4/16/20","1","0","30059","0"
"Missoula","1","33","Montana","4/16/20","26","7","30063","26.92"
"Musselshell","0","3","Montana","4/16/20","1","2","30065","200"
"Park","0","7","Montana","4/16/20","7","0","30067","0"
"Pondera","0","1","Montana","4/16/20","0","1","30073","1"
"Ravalli","0","5","Montana","4/16/20","3","2","30081","66.67"
"Richland","0","3","Montana","4/16/20","2","1","30083","50"
"Roosevelt","0","4","Montana","4/16/20","2","2","30085","100"
"Silver Bow","0","11","Montana","4/16/20","11","0","30093","0"
"Stillwater","0","1","Montana","4/16/20","1","0","30095","0"
"Toole","1","26","Montana","4/16/20","18","8","30101","44.44"
"Yellowstone","2","67","Montana","4/16/20","52","15","30111","28.85"
"Adams","5","65","Nebraska","4/16/20","28","37","31001","132.14"
"Antelope","0","1","Nebraska","4/16/20","1","0","31003","0"
"Box Butte","0","1","Nebraska","4/16/20","0","1","31013","1"
"Buffalo","2","42","Nebraska","4/16/20","31","11","31019","35.48"
"Burt","0","1","Nebraska","4/16/20","1","0","31021","0"
"Cass","0","3","Nebraska","4/16/20","3","0","31025","0"
"Cherry","0","1","Nebraska","4/16/20","1","0","31031","0"
"Cheyenne","0","3","Nebraska","4/16/20","1","2","31033","200"
"Clay","0","2","Nebraska","4/16/20","0","2","31035","1"
"Colfax","0","4","Nebraska","4/16/20","3","1","31037","33.33"
"Cuming","0","2","Nebraska","4/16/20","2","0","31039","0"
"Custer","2","19","Nebraska","4/16/20","3","16","31041","533.33"
"Dakota","0","3","Nebraska","4/16/20","0","3","31043","1"
"Dawson","3","21","Nebraska","4/16/20","2","19","31047","950"
"Dodge","1","12","Nebraska","4/16/20","7","5","31053","71.43"
"Douglas","9","259","Nebraska","4/16/20","198","61","31055","30.81"
"Franklin","0","3","Nebraska","4/16/20","0","3","31061","1"
"Gage","0","26","Nebraska","4/16/20","24","2","31067","8.33"
"Gosper","0","1","Nebraska","4/16/20","1","0","31073","0"
"Hall","21","231","Nebraska","4/16/20","84","147","31079","175"
"Hamilton","1","14","Nebraska","4/16/20","8","6","31081","75"
"Johnson","0","1","Nebraska","4/16/20","1","0","31097","0"
"Kearney","0","3","Nebraska","4/16/20","3","0","31099","0"
"Kimball","0","9","Nebraska","4/16/20","10","-1","31105","-10"
"Knox","0","2","Nebraska","4/16/20","2","0","31107","0"
"Lancaster","2","59","Nebraska","4/16/20","44","15","31109","34.09"
"Lincoln","0","17","Nebraska","4/16/20","17","0","31111","0"
"Madison","0","7","Nebraska","4/16/20","6","1","31119","16.67"
"Merrick","0","5","Nebraska","4/16/20","2","3","31121","150"
"Morrill","0","1","Nebraska","4/16/20","0","1","31123","1"
"Nemaha","0","1","Nebraska","4/16/20","1","0","31127","0"
"Otoe","0","1","Nebraska","4/16/20","1","0","31131","0"
"Phelps","0","1","Nebraska","4/16/20","1","0","31137","0"
"Pierce","0","1","Nebraska","4/16/20","0","1","31139","1"
"Platte","0","6","Nebraska","4/16/20","5","1","31141","20"
"Polk","0","3","Nebraska","4/16/20","1","2","31143","200"
"Saline","0","1","Nebraska","4/16/20","0","1","31151","1"
"Sarpy","1","46","Nebraska","4/16/20","38","8","31153","21.05"
"Saunders","0","6","Nebraska","4/16/20","4","2","31155","50"
"Scotts Bluff","1","16","Nebraska","4/16/20","10","6","31157","60"
"Seward","0","1","Nebraska","4/16/20","1","0","31159","0"
"Stanton","0","1","Nebraska","4/16/20","1","0","31167","0"
"Washington","0","20","Nebraska","4/16/20","20","0","31177","0"
"Wayne","0","1","Nebraska","4/16/20","0","1","31179","1"
"Webster","0","1","Nebraska","4/16/20","0","1","31181","1"
"York","0","5","Nebraska","4/16/20","2","3","31185","150"
"Carson City","2","25","Nevada","4/16/20","14","11","32510","78.57"
"Churchill","0","1","Nevada","4/16/20","0","1","32001","1"
"Clark","79","2559","Nevada","4/16/20","2009","550","32003","27.38"
"Douglas","1","13","Nevada","4/16/20","9","4","32005","44.44"
"Elko","0","11","Nevada","4/16/20","9","2","32007","22.22"
"Humboldt","1","20","Nevada","4/16/20","16","4","32013","25"
"Lincoln","0","1","Nevada","4/16/20","1","0","32017","0"
"Lyon","1","11","Nevada","4/16/20","4","7","32019","175"
"Nye","1","19","Nevada","4/16/20","10","9","32023","90"
"Washoe","32","549","Nevada","4/16/20","326","223","32031","68.4"
"White Pine","0","3","Nevada","4/16/20","1","2","32033","200"
"Belknap","0","24","New Hampshire","4/16/20","21","3","33001","14.29"
"Carroll","1","29","New Hampshire","4/16/20","23","6","33003","26.09"
"Cheshire","2","26","New Hampshire","4/16/20","14","12","33005","85.71"
"Coos","0","2","New Hampshire","4/16/20","1","1","33007","100"
"Grafton","0","44","New Hampshire","4/16/20","43","1","33009","2.33"
"Hillsborough","22","458","New Hampshire","4/16/20","303","155","33011","51.16"
"Merrimack","3","81","New Hampshire","4/16/20","60","21","33013","35"
"Rockingham","19","399","New Hampshire","4/16/20","268","131","33015","48.88"
"Strafford","3","69","New Hampshire","4/16/20","48","21","33017","43.75"
"Sullivan","0","7","New Hampshire","4/16/20","6","1","33019","16.67"
"Atlantic","22","344","New Jersey","4/16/20","191","153","34001","80.1"
"Bergen","438","11409","New Jersey","4/16/20","8343","3066","34003","36.75"
"Burlington","63","1326","New Jersey","4/16/20","883","443","34005","50.17"
"Camden","106","1734","New Jersey","4/16/20","990","744","34007","75.15"
"Cape May","11","186","New Jersey","4/16/20","109","77","34009","70.64"
"Cumberland","16","223","New Jersey","4/16/20","111","112","34011","100.9"
"Essex","431","9084","New Jersey","4/16/20","6069","3015","34013","49.68"
"Gloucester","30","624","New Jersey","4/16/20","413","211","34015","51.09"
"Hudson","469","9165","New Jersey","4/16/20","5879","3286","34017","55.89"
"Hunterdon","12","373","New Jersey","4/16/20","286","87","34019","30.42"
"Mercer","125","2037","New Jersey","4/16/20","1161","876","34021","75.45"
"Middlesex","338","6994","New Jersey","4/16/20","4628","2366","34023","51.12"
"Monmouth","150","4299","New Jersey","4/16/20","3248","1051","34025","32.36"
"Morris","151","3701","New Jersey","4/16/20","2645","1056","34027","39.92"
"Ocean","168","4272","New Jersey","4/16/20","3093","1179","34029","38.12"
"Passaic","375","7317","New Jersey","4/16/20","4690","2627","34031","56.01"
"Salem","7","95","New Jersey","4/16/20","43","52","34033","120.93"
"Somerset","110","2103","New Jersey","4/16/20","1335","768","34035","57.53"
"Sussex","27","578","New Jersey","4/16/20","392","186","34037","47.45"
"Union","386","7904","New Jersey","4/16/20","5203","2701","34039","51.91"
"Warren","26","501","New Jersey","4/16/20","319","182","34041","57.05"
"Bernalillo","22","477","New Mexico","4/16/20","325","152","35001","46.77"
"Catron","0","1","New Mexico","4/16/20","1","0","35003","0"
"Chaves","0","19","New Mexico","4/16/20","16","3","35005","18.75"
"Cibola","2","29","New Mexico","4/16/20","16","13","35006","81.25"
"Colfax","0","2","New Mexico","4/16/20","0","2","35007","1"
"Curry","0","10","New Mexico","4/16/20","8","2","35009","25"
"Dona Ana","2","54","New Mexico","4/16/20","39","15","35013","38.46"
"Eddy","0","7","New Mexico","4/16/20","6","1","35015","16.67"
"Grant","1","11","New Mexico","4/16/20","4","7","35017","175"
"Lea","0","2","New Mexico","4/16/20","2","0","35025","0"
"Lincoln","0","1","New Mexico","4/16/20","1","0","35027","0"
"Los Alamos","1","6","New Mexico","4/16/20","2","4","35028","200"
"Luna","0","2","New Mexico","4/16/20","0","2","35029","1"
"McKinley","25","242","New Mexico","4/16/20","70","172","35031","245.71"
"Otero","0","3","New Mexico","4/16/20","3","0","35035","0"
"Quay","0","1","New Mexico","4/16/20","0","1","35037","1"
"Rio Arriba","0","10","New Mexico","4/16/20","7","3","35039","42.86"
"Roosevelt","0","1","New Mexico","4/16/20","1","0","35041","0"
"San Juan","12","200","New Mexico","4/16/20","116","84","35045","72.41"
"San Miguel","0","2","New Mexico","4/16/20","1","1","35047","100"
"Sandoval","17","262","New Mexico","4/16/20","143","119","35043","83.22"
"Santa Fe","1","78","New Mexico","4/16/20","68","10","35049","14.71"
"Socorro","1","16","New Mexico","4/16/20","7","9","35053","128.57"
"Taos","0","15","New Mexico","4/16/20","14","1","35055","7.14"
"Torrance","1","12","New Mexico","4/16/20","7","5","35057","71.43"
"Valencia","2","21","New Mexico","4/16/20","8","13","35061","162.5"
"Albany","29","581","New York","4/16/20","379","202","36001","53.3"
"Allegany","1","28","New York","4/16/20","22","6","36003","27.27"
"Broome","9","167","New York","4/16/20","105","62","36007","59.05"
"Cattaraugus","2","32","New York","4/16/20","17","15","36009","88.24"
"Cayuga","3","36","New York","4/16/20","16","20","36011","125"
"Chautauqua","0","24","New York","4/16/20","22","2","36013","9.09"
"Chemung","2","70","New York","4/16/20","59","11","36015","18.64"
"Chenango","3","73","New York","4/16/20","55","18","36017","32.73"
"Clinton","1","46","New York","4/16/20","40","6","36019","15"
"Columbia","2","100","New York","4/16/20","83","17","36021","20.48"
"Cortland","1","24","New York","4/16/20","16","8","36023","50"
"Delaware","1","47","New York","4/16/20","37","10","36025","27.03"
"Dutchess","85","2085","New York","4/16/20","1493","592","36027","39.65"
"Erie","74","1951","New York","4/16/20","1432","519","36029","36.24"
"Essex","1","12","New York","4/16/20","8","4","36031","50"
"Franklin","0","13","New York","4/16/20","11","2","36033","18.18"
"Fulton","1","25","New York","4/16/20","15","10","36035","66.67"
"Genesee","3","78","New York","4/16/20","56","22","36037","39.29"
"Greene","6","74","New York","4/16/20","31","43","36039","138.71"
"Hamilton","0","3","New York","4/16/20","3","0","36041","0"
"Herkimer","2","43","New York","4/16/20","32","11","36043","34.38"
"Jefferson","1","48","New York","4/16/20","42","6","36045","14.29"
"Lewis","0","8","New York","4/16/20","6","2","36049","33.33"
"Livingston","1","34","New York","4/16/20","29","5","36051","17.24"
"Madison","1","110","New York","4/16/20","102","8","36053","7.84"
"Monroe","33","932","New York","4/16/20","698","234","36055","33.52"
"Montgomery","1","32","New York","4/16/20","28","4","36057","14.29"
"Nassau","1090","27772","New York","4/16/20","20140","7632","36059","37.89"
"New York","5160","123146","New York","4/16/20","87028","36118","36061","41.5"
"Niagara","11","229","New York","4/16/20","155","74","36063","47.74"
"Oneida","13","249","New York","4/16/20","158","91","36065","57.59"
"Onondaga","22","579","New York","4/16/20","422","157","36067","37.2"
"Ontario","3","65","New York","4/16/20","43","22","36069","51.16"
"Orange","280","6266","New York","4/16/20","4309","1957","36071","45.42"
"Orleans","2","34","New York","4/16/20","22","12","36073","54.55"
"Oswego","1","44","New York","4/16/20","36","8","36075","22.22"
"Otsego","1","44","New York","4/16/20","39","5","36077","12.82"
"Putnam","25","634","New York","4/16/20","456","178","36079","39.04"
"Rensselaer","5","140","New York","4/16/20","102","38","36083","37.25"
"Rockland","298","8752","New York","4/16/20","6665","2087","36087","31.31"
"Saratoga","8","231","New York","4/16/20","172","59","36091","34.3"
"Schenectady","11","245","New York","4/16/20","167","78","36093","46.71"
"Schoharie","1","20","New York","4/16/20","12","8","36095","66.67"
"Schuyler","1","8","New York","4/16/20","4","4","36097","100"
"Seneca","0","18","New York","4/16/20","15","3","36099","20"
"St. Lawrence","2","93","New York","4/16/20","82","11","36089","13.41"
"Steuben","9","154","New York","4/16/20","92","62","36101","67.39"
"Suffolk","858","24812","New York","4/16/20","18803","6009","36103","31.96"
"Sullivan","20","437","New York","4/16/20","296","141","36105","47.64"
"Tioga","1","27","New York","4/16/20","17","10","36107","58.82"
"Tompkins","2","118","New York","4/16/20","107","11","36109","10.28"
"Ulster","55","845","New York","4/16/20","462","383","36111","82.9"
"Warren","6","81","New York","4/16/20","40","41","36113","102.5"
"Washington","3","46","New York","4/16/20","25","21","36115","84"
"Wayne","1","49","New York","4/16/20","39","10","36117","25.64"
"Westchester","689","21828","New York","4/16/20","17004","4824","36119","28.37"
"Wyoming","2","42","New York","4/16/20","29","13","36121","44.83"
"Yates","1","7","New York","4/16/20","1","6","36123","600"
"Alamance","2","45","North Carolina","4/16/20","30","15","37001","50"
"Alexander","0","3","North Carolina","4/16/20","2","1","37003","50"
"Alleghany","0","2","North Carolina","4/16/20","2","0","37005","0"
"Anson","1","14","North Carolina","4/16/20","9","5","37007","55.56"
"Ashe","0","4","North Carolina","4/16/20","3","1","37009","33.33"
"Beaufort","0","14","North Carolina","4/16/20","11","3","37013","27.27"
"Bertie","1","17","North Carolina","4/16/20","11","6","37015","54.55"
"Bladen","0","2","North Carolina","4/16/20","1","1","37017","100"
"Brunswick","1","36","North Carolina","4/16/20","29","7","37019","24.14"
"Buncombe","1","43","North Carolina","4/16/20","37","6","37021","16.22"
"Burke","3","63","North Carolina","4/16/20","42","21","37023","50"
"Cabarrus","17","204","North Carolina","4/16/20","88","116","37025","131.82"
"Caldwell","1","19","North Carolina","4/16/20","12","7","37027","58.33"
"Carteret","0","22","North Carolina","4/16/20","20","2","37031","10"
"Caswell","0","4","North Carolina","4/16/20","2","2","37033","100"
"Catawba","1","38","North Carolina","4/16/20","29","9","37035","31.03"
"Chatham","8","81","North Carolina","4/16/20","26","55","37037","211.54"
"Cherokee","0","14","North Carolina","4/16/20","11","3","37039","27.27"
"Chowan","0","5","North Carolina","4/16/20","2","3","37041","150"
"Clay","0","4","North Carolina","4/16/20","4","0","37043","0"
"Cleveland","2","41","North Carolina","4/16/20","27","14","37045","51.85"
"Columbus","4","50","North Carolina","4/16/20","20","30","37047","150"
"Craven","1","32","North Carolina","4/16/20","22","10","37049","45.45"
"Cumberland","3","94","North Carolina","4/16/20","72","22","37051","30.56"
"Currituck","0","3","North Carolina","4/16/20","3","0","37053","0"
"Dare","0","15","North Carolina","4/16/20","13","2","37055","15.38"
"Davidson","2","91","North Carolina","4/16/20","78","13","37057","16.67"
"Davie","0","23","North Carolina","4/16/20","20","3","37059","15"
"Duplin","2","23","North Carolina","4/16/20","11","12","37061","109.09"
"Durham","19","376","North Carolina","4/16/20","243","133","37063","54.73"
"Edgecombe","4","42","North Carolina","4/16/20","15","27","37065","180"
"Forsyth","2","125","North Carolina","4/16/20","113","12","37067","10.62"
"Franklin","6","67","North Carolina","4/16/20","23","44","37069","191.3"
"Gaston","4","95","North Carolina","4/16/20","68","27","37071","39.71"
"Gates","0","4","North Carolina","4/16/20","4","0","37073","0"
"Granville","3","104","North Carolina","4/16/20","83","21","37077","25.3"
"Greene","1","16","North Carolina","4/16/20","10","6","37079","60"
"Guilford","5","160","North Carolina","4/16/20","125","35","37081","28"
"Halifax","2","30","North Carolina","4/16/20","19","11","37083","57.89"
"Harnett","3","53","North Carolina","4/16/20","34","19","37085","55.88"
"Haywood","0","4","North Carolina","4/16/20","3","1","37087","33.33"
"Henderson","7","106","North Carolina","4/16/20","55","51","37089","92.73"
"Hertford","0","4","North Carolina","4/16/20","5","-1","37091","-20"
"Hoke","1","22","North Carolina","4/16/20","15","7","37093","46.67"
"Iredell","2","77","North Carolina","4/16/20","60","17","37097","28.33"
"Jackson","0","5","North Carolina","4/16/20","2","3","37099","150"
"Johnston","8","113","North Carolina","4/16/20","57","56","37101","98.25"
"Jones","1","9","North Carolina","4/16/20","3","6","37103","200"
"Lee","2","18","North Carolina","4/16/20","4","14","37105","350"
"Lenoir","0","16","North Carolina","4/16/20","14","2","37107","14.29"
"Lincoln","1","18","North Carolina","4/16/20","12","6","37109","50"
"Macon","0","2","North Carolina","4/16/20","2","0","37113","0"
"Martin","0","7","North Carolina","4/16/20","4","3","37117","75"
"McDowell","1","20","North Carolina","4/16/20","13","7","37111","53.85"
"Mecklenburg","34","1098","North Carolina","4/16/20","861","237","37119","27.53"
"Mitchell","0","4","North Carolina","4/16/20","3","1","37121","33.33"
"Montgomery","1","17","North Carolina","4/16/20","13","4","37123","30.77"
"Moore","5","89","North Carolina","4/16/20","57","32","37125","56.14"
"Nash","3","45","North Carolina","4/16/20","27","18","37127","66.67"
"New Hanover","2","66","North Carolina","4/16/20","53","13","37129","24.53"
"Northampton","2","70","North Carolina","4/16/20","55","15","37131","27.27"
"Onslow","2","37","North Carolina","4/16/20","26","11","37133","42.31"
"Orange","11","172","North Carolina","4/16/20","98","74","37135","75.51"
"Pamlico","0","6","North Carolina","4/16/20","3","3","37137","100"
"Pasquotank","1","16","North Carolina","4/16/20","10","6","37139","60"
"Pender","0","5","North Carolina","4/16/20","3","2","37141","66.67"
"Perquimans","1","12","North Carolina","4/16/20","2","10","37143","500"
"Person","1","13","North Carolina","4/16/20","8","5","37145","62.5"
"Pitt","3","80","North Carolina","4/16/20","57","23","37147","40.35"
"Polk","0","9","North Carolina","4/16/20","8","1","37149","12.5"
"Randolph","3","63","North Carolina","4/16/20","42","21","37151","50"
"Richmond","2","15","North Carolina","4/16/20","2","13","37153","650"
"Robeson","1","15","North Carolina","4/16/20","7","8","37155","114.29"
"Rockingham","1","18","North Carolina","4/16/20","9","9","37157","100"
"Rowan","21","216","North Carolina","4/16/20","71","145","37159","204.23"
"Rutherford","4","58","North Carolina","4/16/20","31","27","37161","87.1"
"Sampson","1","17","North Carolina","4/16/20","10","7","37163","70"
"Scotland","1","9","North Carolina","4/16/20","4","5","37165","125"
"Stanly","1","19","North Carolina","4/16/20","10","9","37167","90"
"Stokes","0","10","North Carolina","4/16/20","8","2","37169","25"
"Surry","0","11","North Carolina","4/16/20","10","1","37171","10"
"Swain","0","0","North Carolina","4/16/20","1","-1","37173","-100"
"Transylvania","0","6","North Carolina","4/16/20","6","0","37175","0"
"Tyrrell","1","4","North Carolina","4/16/20","0","4","37177","1"
"Union","5","129","North Carolina","4/16/20","93","36","37179","38.71"
"Vance","1","25","North Carolina","4/16/20","17","8","37181","47.06"
"Wake","24","556","North Carolina","4/16/20","385","171","37183","44.42"
"Warren","0","3","North Carolina","4/16/20","3","0","37185","0"
"Washington","1","18","North Carolina","4/16/20","10","8","37187","80"
"Watauga","0","8","North Carolina","4/16/20","8","0","37189","0"
"Wayne","8","103","North Carolina","4/16/20","47","56","37191","119.15"
"Wilkes","0","4","North Carolina","4/16/20","4","0","37193","0"
"Wilson","6","83","North Carolina","4/16/20","42","41","37195","97.62"
"Yadkin","0","11","North Carolina","4/16/20","9","2","37197","22.22"
"Barnes","0","2","North Dakota","4/16/20","2","0","38003","0"
"Bowman","0","1","North Dakota","4/16/20","1","0","38011","0"
"Burke","0","2","North Dakota","4/16/20","2","0","38013","0"
"Burleigh","1","54","North Dakota","4/16/20","46","8","38015","17.39"
"Cass","10","152","North Dakota","4/16/20","83","69","38017","83.13"
"Divide","0","1","North Dakota","4/16/20","1","0","38023","0"
"Dunn","0","4","North Dakota","4/16/20","1","3","38025","300"
"Eddy","0","1","North Dakota","4/16/20","1","0","38027","0"
"Emmons","0","1","North Dakota","4/16/20","1","0","38029","0"
"Foster","0","1","North Dakota","4/16/20","1","0","38031","0"
"Grand Forks","2","23","North Dakota","4/16/20","11","12","38035","109.09"
"Grant","0","1","North Dakota","4/16/20","1","0","38037","0"
"McHenry","0","1","North Dakota","4/16/20","1","0","38049","0"
"McIntosh","0","1","North Dakota","4/16/20","1","0","38051","0"
"McKenzie","1","10","North Dakota","4/16/20","6","4","38053","66.67"
"McLean","0","3","North Dakota","4/16/20","2","1","38055","50"
"Morton","0","21","North Dakota","4/16/20","19","2","38059","10.53"
"Mountrail","1","29","North Dakota","4/16/20","20","9","38061","45"
"Oliver","0","1","North Dakota","4/16/20","1","0","38065","0"
"Pierce","0","2","North Dakota","4/16/20","2","0","38069","0"
"Ramsey","0","3","North Dakota","4/16/20","3","0","38071","0"
"Richland","0","4","North Dakota","4/16/20","1","3","38077","300"
"Rolette","0","1","North Dakota","4/16/20","0","1","38079","1"
"Sargent","0","1","North Dakota","4/16/20","0","1","38081","1"
"Sioux","0","1","North Dakota","4/16/20","1","0","38085","0"
"Slope","0","3","North Dakota","4/16/20","3","0","38087","0"
"Stark","1","37","North Dakota","4/16/20","29","8","38089","27.59"
"Stutsman","0","1","North Dakota","4/16/20","1","0","38093","0"
"Walsh","0","3","North Dakota","4/16/20","3","0","38099","0"
"Ward","0","20","North Dakota","4/16/20","19","1","38101","5.26"
"Williams","0","8","North Dakota","4/16/20","6","2","38105","33.33"
"","0","13","Northern Mariana Islands","4/16/20","11","2",,"18.18"
"Adams","0","3","Ohio","4/16/20","3","0","39001","0"
"Allen","5","57","Ohio","4/16/20","23","34","39003","147.83"
"Ashland","0","5","Ohio","4/16/20","4","1","39005","25"
"Ashtabula","4","45","Ohio","4/16/20","19","26","39007","136.84"
"Athens","0","3","Ohio","4/16/20","3","0","39009","0"
"Auglaize","2","19","Ohio","4/16/20","8","11","39011","137.5"
"Belmont","3","59","Ohio","4/16/20","36","23","39013","63.89"
"Brown","1","8","Ohio","4/16/20","4","4","39015","100"
"Butler","6","148","Ohio","4/16/20","108","40","39017","37.04"
"Carroll","1","14","Ohio","4/16/20","9","5","39019","55.56"
"Champaign","0","6","Ohio","4/16/20","5","1","39021","20"
"Clark","1","23","Ohio","4/16/20","14","9","39023","64.29"
"Clermont","4","60","Ohio","4/16/20","33","27","39025","81.82"
"Clinton","2","23","Ohio","4/16/20","12","11","39027","91.67"
"Columbiana","8","136","Ohio","4/16/20","81","55","39029","67.9"
"Coshocton","1","16","Ohio","4/16/20","12","4","39031","33.33"
"Crawford","2","26","Ohio","4/16/20","12","14","39033","116.67"
"Cuyahoga","45","1331","Ohio","4/16/20","1014","317","39035","31.26"
"Darke","2","55","Ohio","4/16/20","40","15","39037","37.5"
"Defiance","0","12","Ohio","4/16/20","10","2","39039","20"
"Delaware","4","114","Ohio","4/16/20","84","30","39041","35.71"
"Erie","1","19","Ohio","4/16/20","10","9","39043","90"
"Fairfield","4","96","Ohio","4/16/20","68","28","39045","41.18"
"Fayette","1","12","Ohio","4/16/20","5","7","39047","140"
"Franklin","59","1212","Ohio","4/16/20","802","410","39049","51.12"
"Fulton","1","10","Ohio","4/16/20","5","5","39051","100"
"Gallia","0","6","Ohio","4/16/20","4","2","39053","50"
"Geauga","6","92","Ohio","4/16/20","47","45","39055","95.74"
"Greene","2","33","Ohio","4/16/20","21","12","39057","57.14"
"Guernsey","1","10","Ohio","4/16/20","4","6","39059","150"
"Hamilton","20","615","Ohio","4/16/20","473","142","39061","30.02"
"Hancock","1","25","Ohio","4/16/20","16","9","39063","56.25"
"Hardin","1","12","Ohio","4/16/20","3","9","39065","300"
"Harrison","0","1","Ohio","4/16/20","0","1","39067","1"
"Henry","0","2","Ohio","4/16/20","1","1","39069","100"
"Highland","0","7","Ohio","4/16/20","6","1","39071","16.67"
"Hocking","1","4","Ohio","4/16/20","0","4","39073","1"
"Holmes","0","3","Ohio","4/16/20","3","0","39075","0"
"Huron","1","16","Ohio","4/16/20","10","6","39077","60"
"Jackson","0","3","Ohio","4/16/20","2","1","39079","50"
"Jefferson","1","24","Ohio","4/16/20","19","5","39081","26.32"
"Knox","0","11","Ohio","4/16/20","8","3","39083","37.5"
"Lake","3","127","Ohio","4/16/20","106","21","39085","19.81"
"Lawrence","1","19","Ohio","4/16/20","15","4","39087","26.67"
"Licking","2","92","Ohio","4/16/20","78","14","39089","17.95"
"Logan","0","8","Ohio","4/16/20","5","3","39091","60"
"Lorain","12","221","Ohio","4/16/20","140","81","39093","57.86"
"Lucas","34","644","Ohio","4/16/20","403","241","39095","59.8"
"Madison","1","29","Ohio","4/16/20","21","8","39097","38.1"
"Mahoning","25","512","Ohio","4/16/20","334","178","39099","53.29"
"Marion","34","276","Ohio","4/16/20","40","236","39101","590"
"Medina","4","126","Ohio","4/16/20","98","28","39103","28.57"
"Meigs","0","2","Ohio","4/16/20","1","1","39105","100"
"Mercer","0","13","Ohio","4/16/20","12","1","39107","8.33"
"Miami","2","127","Ohio","4/16/20","110","17","39109","15.45"
"Monroe","0","2","Ohio","4/16/20","2","0","39111","0"
"Montgomery","8","213","Ohio","4/16/20","156","57","39113","36.54"
"Morgan","0","3","Ohio","4/16/20","2","1","39115","50"
"Morrow","1","14","Ohio","4/16/20","6","8","39117","133.33"
"Muskingum","0","8","Ohio","4/16/20","8","0","39119","0"
"Noble","0","3","Ohio","4/16/20","1","2","39121","200"
"Ottawa","1","17","Ohio","4/16/20","8","9","39123","112.5"
"Paulding","0","5","Ohio","4/16/20","2","3","39125","150"
"Perry","0","8","Ohio","4/16/20","6","2","39127","33.33"
"Pickaway","22","196","Ohio","4/16/20","39","157","39129","402.56"
"Pike","0","1","Ohio","4/16/20","1","0","39131","0"
"Portage","7","162","Ohio","4/16/20","116","46","39133","39.66"
"Preble","2","20","Ohio","4/16/20","9","11","39135","122.22"
"Putnam","1","4","Ohio","4/16/20","0","4","39137","1"
"Richland","3","48","Ohio","4/16/20","27","21","39139","77.78"
"Ross","2","26","Ohio","4/16/20","10","16","39141","160"
"Sandusky","1","14","Ohio","4/16/20","7","7","39143","100"
"Scioto","0","5","Ohio","4/16/20","2","3","39145","150"
"Seneca","1","11","Ohio","4/16/20","7","4","39147","57.14"
"Shelby","1","28","Ohio","4/16/20","21","7","39149","33.33"
"Stark","12","204","Ohio","4/16/20","120","84","39151","70"
"Summit","13","310","Ohio","4/16/20","221","89","39153","40.27"
"Trumbull","10","203","Ohio","4/16/20","132","71","39155","53.79"
"Tuscarawas","0","29","Ohio","4/16/20","26","3","39157","11.54"
"Union","0","11","Ohio","4/16/20","9","2","39159","22.22"
"Van Wert","0","2","Ohio","4/16/20","2","0","39161","0"
"Warren","5","89","Ohio","4/16/20","53","36","39165","67.92"
"Washington","3","53","Ohio","4/16/20","34","19","39167","55.88"
"Wayne","5","66","Ohio","4/16/20","30","36","39169","120"
"Williams","1","6","Ohio","4/16/20","1","5","39171","500"
"Wood","4","67","Ohio","4/16/20","42","25","39173","59.52"
"Wyandot","1","14","Ohio","4/16/20","8","6","39175","75"
"Adair","1","29","Oklahoma","4/16/20","25","4","40001","16"
"Alfalfa","0","1","Oklahoma","4/16/20","0","1","40003","1"
"Atoka","0","1","Oklahoma","4/16/20","1","0","40005","0"
"Beaver","0","1","Oklahoma","4/16/20","1","0","40007","0"
"Beckham","0","2","Oklahoma","4/16/20","1","1","40009","100"
"Bryan","0","5","Oklahoma","4/16/20","3","2","40013","66.67"
"Caddo","6","48","Oklahoma","4/16/20","6","42","40015","700"
"Canadian","2","65","Oklahoma","4/16/20","48","17","40017","35.42"
"Carter","0","1","Oklahoma","4/16/20","1","0","40019","0"
"Cherokee","1","22","Oklahoma","4/16/20","17","5","40021","29.41"
"Choctaw","0","3","Oklahoma","4/16/20","2","1","40023","50"
"Cleveland","10","301","Oklahoma","4/16/20","231","70","40027","30.3"
"Comanche","1","57","Oklahoma","4/16/20","47","10","40031","21.28"
"Cotton","0","5","Oklahoma","4/16/20","4","1","40033","25"
"Craig","0","7","Oklahoma","4/16/20","5","2","40035","40"
"Creek","1","58","Oklahoma","4/16/20","48","10","40037","20.83"
"Custer","0","7","Oklahoma","4/16/20","5","2","40039","40"
"Delaware","9","74","Oklahoma","4/16/20","14","60","40041","428.57"
"Dewey","0","2","Oklahoma","4/16/20","1","1","40043","100"
"Garfield","1","9","Oklahoma","4/16/20","5","4","40047","80"
"Garvin","0","10","Oklahoma","4/16/20","13","-3","40049","-23.08"
"Grady","1","16","Oklahoma","4/16/20","9","7","40051","77.78"
"Grant","0","2","Oklahoma","4/16/20","1","1","40053","100"
"Greer","2","50","Oklahoma","4/16/20","37","13","40055","35.14"
"Jackson","0","6","Oklahoma","4/16/20","6","0","40065","0"
"Jefferson","0","1","Oklahoma","4/16/20","1","0","40067","0"
"Johnston","0","2","Oklahoma","4/16/20","0","2","40069","1"
"Kay","1","46","Oklahoma","4/16/20","36","10","40071","27.78"
"Kingfisher","0","6","Oklahoma","4/16/20","3","3","40073","100"
"Kiowa","0","2","Oklahoma","4/16/20","1","1","40075","100"
"Latimer","0","4","Oklahoma","4/16/20","4","0","40077","0"
"Le Flore","0","5","Oklahoma","4/16/20","3","2","40079","66.67"
"Lincoln","0","11","Oklahoma","4/16/20","10","1","40081","10"
"Logan","0","8","Oklahoma","4/16/20","7","1","40083","14.29"
"Love","0","2","Oklahoma","4/16/20","2","0","40085","0"
"Major","0","2","Oklahoma","4/16/20","1","1","40093","100"
"Marshall","0","1","Oklahoma","4/16/20","1","0","40095","0"
"Mayes","1","19","Oklahoma","4/16/20","12","7","40097","58.33"
"McClain","0","20","Oklahoma","4/16/20","17","3","40087","17.65"
"McCurtain","1","7","Oklahoma","4/16/20","2","5","40089","250"
"McIntosh","0","2","Oklahoma","4/16/20","1","1","40091","100"
"Muskogee","1","25","Oklahoma","4/16/20","21","4","40101","19.05"
"Noble","0","6","Oklahoma","4/16/20","6","0","40103","0"
"Nowata","0","11","Oklahoma","4/16/20","10","1","40105","10"
"Okfuskee","0","1","Oklahoma","4/16/20","0","1","40107","1"
"Oklahoma","16","497","Oklahoma","4/16/20","385","112","40109","29.09"
"Okmulgee","0","14","Oklahoma","4/16/20","13","1","40111","7.69"
"Osage","3","61","Oklahoma","4/16/20","41","20","40113","48.78"
"Ottawa","1","24","Oklahoma","4/16/20","17","7","40115","41.18"
"Out of OK","0","0","Oklahoma","4/16/20","2","-2","80040","-100"
"Pawnee","1","28","Oklahoma","4/16/20","24","4","40117","16.67"
"Payne","1","34","Oklahoma","4/16/20","25","9","40119","36"
"Pittsburg","1","14","Oklahoma","4/16/20","7","7","40121","100"
"Pontotoc","0","10","Oklahoma","4/16/20","9","1","40123","11.11"
"Pottawatomie","1","32","Oklahoma","4/16/20","24","8","40125","33.33"
"Rogers","2","30","Oklahoma","4/16/20","19","11","40131","57.89"
"Seminole","0","7","Oklahoma","4/16/20","4","3","40133","75"
"Sequoyah","0","10","Oklahoma","4/16/20","10","0","40135","0"
"Stephens","0","15","Oklahoma","4/16/20","13","2","40137","15.38"
"Texas","1","9","Oklahoma","4/16/20","3","6","40139","200"
"Tillman","0","1","Oklahoma","4/16/20","1","0","40141","0"
"Tulsa","10","376","Oklahoma","4/16/20","308","68","40143","22.08"
"Wagoner","7","107","Oklahoma","4/16/20","57","50","40145","87.72"
"Washington","10","124","Oklahoma","4/16/20","54","70","40147","129.63"
"Woodward","0","1","Oklahoma","4/16/20","1","0","40153","0"
"Benton","1","27","Oregon","4/16/20","21","6","41003","28.57"
"Clackamas","6","150","Oregon","4/16/20","109","41","41005","37.61"
"Clatsop","0","6","Oregon","4/16/20","5","1","41007","20"
"Columbia","1","14","Oregon","4/16/20","10","4","41009","40"
"Coos","0","1","Oregon","4/16/20","0","1","41011","1"
"Crook","0","1","Oregon","4/16/20","1","0","41013","0"
"Curry","0","3","Oregon","4/16/20","3","0","41015","0"
"Deschutes","1","59","Oregon","4/16/20","50","9","41017","18"
"Douglas","1","22","Oregon","4/16/20","12","10","41019","83.33"
"Grant","0","1","Oregon","4/16/20","1","0","41023","0"
"Hood River","0","4","Oregon","4/16/20","3","1","41027","33.33"
"Jackson","0","47","Oregon","4/16/20","44","3","41029","6.82"
"Jefferson","0","1","Oregon","4/16/20","0","1","41031","1"
"Josephine","0","19","Oregon","4/16/20","16","3","41033","18.75"
"Klamath","1","29","Oregon","4/16/20","20","9","41035","45"
"Lane","2","45","Oregon","4/16/20","33","12","41039","36.36"
"Lincoln","0","4","Oregon","4/16/20","4","0","41041","0"
"Linn","1","54","Oregon","4/16/20","49","5","41043","10.2"
"Malheur","0","5","Oregon","4/16/20","2","3","41045","150"
"Marion","11","309","Oregon","4/16/20","235","74","41047","31.49"
"Morrow","0","5","Oregon","4/16/20","5","0","41049","0"
"Multnomah","21","448","Oregon","4/16/20","302","146","41051","48.34"
"Polk","0","30","Oregon","4/16/20","29","1","41053","3.45"
"Sherman","0","1","Oregon","4/16/20","1","0","41055","0"
"Tillamook","0","5","Oregon","4/16/20","4","1","41057","25"
"Umatilla","2","22","Oregon","4/16/20","11","11","41059","100"
"Union","0","4","Oregon","4/16/20","3","1","41061","33.33"
"Wallowa","0","1","Oregon","4/16/20","1","0","41063","0"
"Wasco","0","10","Oregon","4/16/20","7","3","41065","42.86"
"Washington","9","376","Oregon","4/16/20","311","65","41067","20.9"
"Yamhill","1","33","Oregon","4/16/20","29","4","41071","13.79"
"Adams","4","67","Pennsylvania","4/16/20","38","29","42001","76.32"
"Allegheny","24","925","Pennsylvania","4/16/20","759","166","42003","21.87"
"Armstrong","2","32","Pennsylvania","4/16/20","20","12","42005","60"
"Beaver","6","168","Pennsylvania","4/16/20","129","39","42007","30.23"
"Bedford","1","11","Pennsylvania","4/16/20","4","7","42009","175"
"Berks","115","1419","Pennsylvania","4/16/20","616","803","42011","130.36"
"Blair","1","13","Pennsylvania","4/16/20","6","7","42013","116.67"
"Bradford","1","19","Pennsylvania","4/16/20","15","4","42015","26.67"
"Bucks","80","1490","Pennsylvania","4/16/20","931","559","42017","60.04"
"Butler","6","154","Pennsylvania","4/16/20","113","41","42019","36.28"
"Cambria","1","14","Pennsylvania","4/16/20","10","4","42021","40"
"Cameron","0","1","Pennsylvania","4/16/20","1","0","42023","0"
"Carbon","4","113","Pennsylvania","4/16/20","83","30","42025","36.14"
"Centre","2","73","Pennsylvania","4/16/20","59","14","42027","23.73"
"Chester","42","722","Pennsylvania","4/16/20","425","297","42029","69.88"
"Clarion","1","17","Pennsylvania","4/16/20","8","9","42031","112.5"
"Clearfield","0","9","Pennsylvania","4/16/20","7","2","42033","28.57"
"Clinton","1","8","Pennsylvania","4/16/20","4","4","42035","100"
"Columbia","12","146","Pennsylvania","4/16/20","65","81","42037","124.62"
"Crawford","0","16","Pennsylvania","4/16/20","13","3","42039","23.08"
"Cumberland","7","137","Pennsylvania","4/16/20","88","49","42041","55.68"
"Dauphin","15","287","Pennsylvania","4/16/20","180","107","42043","59.44"
"Delaware","119","2055","Pennsylvania","4/16/20","1222","833","42045","68.17"
"Elk","0","2","Pennsylvania","4/16/20","2","0","42047","0"
"Erie","2","46","Pennsylvania","4/16/20","32","14","42049","43.75"
"Fayette","2","60","Pennsylvania","4/16/20","45","15","42051","33.33"
"Forest","0","7","Pennsylvania","4/16/20","5","2","42053","40"
"Franklin","4","80","Pennsylvania","4/16/20","52","28","42055","53.85"
"Fulton","0","2","Pennsylvania","4/16/20","1","1","42057","100"
"Greene","0","24","Pennsylvania","4/16/20","21","3","42059","14.29"
"Huntingdon","1","12","Pennsylvania","4/16/20","8","4","42061","50"
"Indiana","3","44","Pennsylvania","4/16/20","21","23","42063","109.52"
"Jefferson","0","2","Pennsylvania","4/16/20","1","1","42065","100"
"Juniata","5","56","Pennsylvania","4/16/20","23","33","42067","143.48"
"Lackawanna","35","559","Pennsylvania","4/16/20","312","247","42069","79.17"
"Lancaster","53","970","Pennsylvania","4/16/20","596","374","42071","62.75"
"Lawrence","3","55","Pennsylvania","4/16/20","37","18","42073","48.65"
"Lebanon","28","380","Pennsylvania","4/16/20","187","193","42075","103.21"
"Lehigh","76","1999","Pennsylvania","4/16/20","1466","533","42077","36.36"
"Luzerne","53","1611","Pennsylvania","4/16/20","1241","370","42079","29.81"
"Lycoming","2","30","Pennsylvania","4/16/20","17","13","42081","76.47"
"McKean","0","4","Pennsylvania","4/16/20","1","3","42083","300"
"Mercer","3","50","Pennsylvania","4/16/20","30","20","42085","66.67"
"Mifflin","1","15","Pennsylvania","4/16/20","10","5","42087","50"
"Monroe","26","898","Pennsylvania","4/16/20","716","182","42089","25.42"
"Montgomery","122","2544","Pennsylvania","4/16/20","1693","851","42091","50.27"
"Montour","2","48","Pennsylvania","4/16/20","37","11","42093","29.73"
"Northampton","50","1296","Pennsylvania","4/16/20","949","347","42095","36.56"
"Northumberland","5","60","Pennsylvania","4/16/20","24","36","42097","150"
"Perry","0","17","Pennsylvania","4/16/20","15","2","42099","13.33"
"Philadelphia","431","8045","Pennsylvania","4/16/20","5029","3016","42101","59.97"
"Pike","16","276","Pennsylvania","4/16/20","163","113","42103","69.33"
"Potter","0","4","Pennsylvania","4/16/20","3","1","42105","33.33"
"Schuylkill","12","236","Pennsylvania","4/16/20","149","87","42107","58.39"
"Snyder","2","24","Pennsylvania","4/16/20","9","15","42109","166.67"
"Somerset","1","14","Pennsylvania","4/16/20","7","7","42111","100"
"Sullivan","0","1","Pennsylvania","4/16/20","1","0","42113","0"
"Susquehanna","5","49","Pennsylvania","4/16/20","16","33","42115","206.25"
"Tioga","0","13","Pennsylvania","4/16/20","10","3","42117","30"
"Union","2","25","Pennsylvania","4/16/20","11","14","42119","127.27"
"Venango","0","6","Pennsylvania","4/16/20","5","1","42121","20"
"Warren","0","1","Pennsylvania","4/16/20","1","0","42123","0"
"Washington","1","73","Pennsylvania","4/16/20","63","10","42125","15.87"
"Wayne","4","77","Pennsylvania","4/16/20","49","28","42127","57.14"
"Westmoreland","7","240","Pennsylvania","4/16/20","190","50","42129","26.32"
"Wyoming","1","14","Pennsylvania","4/16/20","6","8","42131","133.33"
"York","20","393","Pennsylvania","4/16/20","250","143","42133","57.2"
"","51","1043","Puerto Rico","4/16/20","683","360",,"52.71"
"Bristol","3","50","Rhode Island","4/16/20","31","19","44001","61.29"
"Kent","16","249","Rhode Island","4/16/20","137","112","44003","81.75"
"Newport","5","94","Rhode Island","4/16/20","56","38","44005","67.86"
"Providence","177","2072","Rhode Island","4/16/20","832","1240","44007","149.04"
"Washington","6","162","Rhode Island","4/16/20","120","42","44009","35"
"Abbeville","0","10","South Carolina","4/16/20","7","3","45001","42.86"
"Aiken","3","63","South Carolina","4/16/20","42","21","45003","50"
"Allendale","0","5","South Carolina","4/16/20","2","3","45005","150"
"Anderson","3","119","South Carolina","4/16/20","96","23","45007","23.96"
"Bamberg","0","7","South Carolina","4/16/20","6","1","45009","16.67"
"Barnwell","0","5","South Carolina","4/16/20","4","1","45011","25"
"Beaufort","3","206","South Carolina","4/16/20","184","22","45013","11.96"
"Berkeley","8","116","South Carolina","4/16/20","61","55","45015","90.16"
"Calhoun","0","5","South Carolina","4/16/20","6","-1","45017","-16.67"
"Charleston","10","383","South Carolina","4/16/20","313","70","45019","22.36"
"Cherokee","1","12","South Carolina","4/16/20","5","7","45021","140"
"Chester","1","22","South Carolina","4/16/20","16","6","45023","37.5"
"Chesterfield","1","29","South Carolina","4/16/20","21","8","45025","38.1"
"Clarendon","3","98","South Carolina","4/16/20","75","23","45027","30.67"
"Colleton","1","21","South Carolina","4/16/20","15","6","45029","40"
"Darlington","3","49","South Carolina","4/16/20","31","18","45031","58.06"
"Dillon","1","10","South Carolina","4/16/20","3","7","45033","233.33"
"Dorchester","3","78","South Carolina","4/16/20","58","20","45035","34.48"
"Edgefield","1","10","South Carolina","4/16/20","6","4","45037","66.67"
"Fairfield","1","25","South Carolina","4/16/20","17","8","45039","47.06"
"Florence","7","103","South Carolina","4/16/20","53","50","45041","94.34"
"Georgetown","1","34","South Carolina","4/16/20","25","9","45043","36"
"Greenville","26","436","South Carolina","4/16/20","254","182","45045","71.65"
"Greenwood","2","31","South Carolina","4/16/20","15","16","45047","106.67"
"Hampton","1","15","South Carolina","4/16/20","5","10","45049","200"
"Horry","7","155","South Carolina","4/16/20","106","49","45051","46.23"
"Jasper","0","14","South Carolina","4/16/20","12","2","45053","16.67"
"Kershaw","3","189","South Carolina","4/16/20","170","19","45055","11.18"
"Lancaster","3","71","South Carolina","4/16/20","51","20","45057","39.22"
"Laurens","1","18","South Carolina","4/16/20","9","9","45059","100"
"Lee","2","35","South Carolina","4/16/20","24","11","45061","45.83"
"Lexington","15","267","South Carolina","4/16/20","161","106","45063","65.84"
"Marion","0","8","South Carolina","4/16/20","5","3","45067","60"
"Marlboro","1","19","South Carolina","4/16/20","10","9","45069","90"
"McCormick","0","5","South Carolina","4/16/20","3","2","45065","66.67"
"Newberry","2","22","South Carolina","4/16/20","11","11","45071","100"
"Oconee","0","14","South Carolina","4/16/20","12","2","45073","16.67"
"Orangeburg","1","40","South Carolina","4/16/20","35","5","45075","14.29"
"Pickens","2","37","South Carolina","4/16/20","22","15","45077","68.18"
"Richland","23","579","South Carolina","4/16/20","417","162","45079","38.85"
"Saluda","0","9","South Carolina","4/16/20","7","2","45081","28.57"
"Spartanburg","9","199","South Carolina","4/16/20","139","60","45083","43.17"
"Sumter","6","168","South Carolina","4/16/20","126","42","45085","33.33"
"Union","1","23","South Carolina","4/16/20","19","4","45087","21.05"
"Williamsburg","1","18","South Carolina","4/16/20","14","4","45089","28.57"
"York","4","149","South Carolina","4/16/20","120","29","45091","24.17"
"Aurora","0","1","South Dakota","4/16/20","1","0","46003","0"
"Beadle","0","21","South Dakota","4/16/20","21","0","46005","0"
"Bon Homme","0","4","South Dakota","4/16/20","3","1","46009","33.33"
"Brookings","0","9","South Dakota","4/16/20","6","3","46011","50"
"Brown","0","15","South Dakota","4/16/20","14","1","46013","7.14"
"Charles Mix","0","4","South Dakota","4/16/20","2","2","46023","100"
"Clark","0","1","South Dakota","4/16/20","1","0","46025","0"
"Clay","0","5","South Dakota","4/16/20","6","-1","46027","-16.67"
"Codington","0","13","South Dakota","4/16/20","12","1","46029","8.33"
"Corson","0","1","South Dakota","4/16/20","1","0","46031","0"
"Davison","0","3","South Dakota","4/16/20","3","0","46035","0"
"Deuel","0","1","South Dakota","4/16/20","1","0","46039","0"
"Fall River","0","1","South Dakota","4/16/20","1","0","46047","0"
"Faulk","0","1","South Dakota","4/16/20","1","0","46049","0"
"Hamlin","0","2","South Dakota","4/16/20","1","1","46057","100"
"Hughes","0","5","South Dakota","4/16/20","4","1","46065","25"
"Hutchinson","0","2","South Dakota","4/16/20","2","0","46067","0"
"Hyde","0","1","South Dakota","4/16/20","0","1","46069","1"
"Jerauld","0","4","South Dakota","4/16/20","1","3","46073","300"
"Lake","0","3","South Dakota","4/16/20","2","1","46079","50"
"Lawrence","0","9","South Dakota","4/16/20","9","0","46081","0"
"Lincoln","5","71","South Dakota","4/16/20","33","38","46083","115.15"
"Lyman","0","2","South Dakota","4/16/20","2","0","46085","0"
"Marshall","0","1","South Dakota","4/16/20","1","0","46091","0"
"McCook","0","3","South Dakota","4/16/20","2","1","46087","50"
"Meade","0","1","South Dakota","4/16/20","1","0","46093","0"
"Miner","0","1","South Dakota","4/16/20","0","1","46097","1"
"Minnehaha","113","1065","South Dakota","4/16/20","274","791","46099","288.69"
"Moody","0","1","South Dakota","4/16/20","0","1","46101","1"
"Oglala Lakota","0","1","South Dakota","4/16/20","1","0","46102","0"
"Pennington","0","10","South Dakota","4/16/20","7","3","46103","42.86"
"Roberts","0","4","South Dakota","4/16/20","4","0","46109","0"
"Sanborn","0","3","South Dakota","4/16/20","0","3","46111","1"
"Spink","0","3","South Dakota","4/16/20","3","0","46115","0"
"Sully","0","1","South Dakota","4/16/20","0","1","46119","1"
"Todd","0","1","South Dakota","4/16/20","1","0","46121","0"
"Turner","0","5","South Dakota","4/16/20","5","0","46125","0"
"Union","0","4","South Dakota","4/16/20","3","1","46127","33.33"
"Walworth","1","5","South Dakota","4/16/20","0","5","46129","1"
"Yankton","1","23","South Dakota","4/16/20","18","5","46135","27.78"
"Anderson","1","16","Tennessee","4/16/20","11","5","47001","45.45"
"Bedford","3","33","Tennessee","4/16/20","14","19","47003","135.71"
"Benton","0","4","Tennessee","4/16/20","4","0","47005","0"
"Bledsoe","1","7","Tennessee","4/16/20","3","4","47007","133.33"
"Blount","0","47","Tennessee","4/16/20","44","3","47009","6.82"
"Bradley","1","33","Tennessee","4/16/20","28","5","47011","17.86"
"Campbell","0","12","Tennessee","4/16/20","9","3","47013","33.33"
"Cannon","0","7","Tennessee","4/16/20","7","0","47015","0"
"Carroll","0","13","Tennessee","4/16/20","10","3","47017","30"
"Carter","0","4","Tennessee","4/16/20","3","1","47019","33.33"
"Cheatham","1","19","Tennessee","4/16/20","15","4","47021","26.67"
"Chester","0","6","Tennessee","4/16/20","6","0","47023","0"
"Claiborne","0","5","Tennessee","4/16/20","2","3","47025","150"
"Clay","0","5","Tennessee","4/16/20","2","3","47027","150"
"Cocke","1","8","Tennessee","4/16/20","3","5","47029","166.67"
"Coffee","0","13","Tennessee","4/16/20","10","3","47031","30"
"Cumberland","3","53","Tennessee","4/16/20","34","19","47035","55.88"
"Davidson","40","1283","Tennessee","4/16/20","1004","279","47037","27.79"
"Decatur","0","3","Tennessee","4/16/20","1","2","47039","200"
"DeKalb","0","10","Tennessee","4/16/20","7","3","47041","42.86"
"Dickson","1","37","Tennessee","4/16/20","28","9","47043","32.14"
"Dyer","1","24","Tennessee","4/16/20","14","10","47045","71.43"
"Fayette","2","39","Tennessee","4/16/20","25","14","47047","56"
"Fentress","0","3","Tennessee","4/16/20","2","1","47049","50"
"Franklin","1","23","Tennessee","4/16/20","17","6","47051","35.29"
"Gibson","1","24","Tennessee","4/16/20","16","8","47053","50"
"Giles","0","4","Tennessee","4/16/20","3","1","47055","33.33"
"Grainger","0","4","Tennessee","4/16/20","3","1","47057","33.33"
"Greene","1","28","Tennessee","4/16/20","22","6","47059","27.27"
"Grundy","1","24","Tennessee","4/16/20","17","7","47061","41.18"
"Hamblen","0","7","Tennessee","4/16/20","4","3","47063","75"
"Hamilton","2","109","Tennessee","4/16/20","98","11","47065","11.22"
"Hardeman","0","7","Tennessee","4/16/20","6","1","47069","16.67"
"Hardin","0","4","Tennessee","4/16/20","2","2","47071","100"
"Hawkins","1","26","Tennessee","4/16/20","21","5","47073","23.81"
"Haywood","0","12","Tennessee","4/16/20","9","3","47075","33.33"
"Henderson","0","2","Tennessee","4/16/20","2","0","47077","0"
"Henry","0","8","Tennessee","4/16/20","6","2","47079","33.33"
"Hickman","0","2","Tennessee","4/16/20","2","0","47081","0"
"Houston","0","4","Tennessee","4/16/20","2","2","47083","100"
"Humphreys","0","4","Tennessee","4/16/20","4","0","47085","0"
"Jackson","0","6","Tennessee","4/16/20","5","1","47087","20"
"Jefferson","1","16","Tennessee","4/16/20","12","4","47089","33.33"
"Johnson","0","2","Tennessee","4/16/20","2","0","47091","0"
"Knox","3","179","Tennessee","4/16/20","157","22","47093","14.01"
"Lake","1","4","Tennessee","4/16/20","0","4","47095","1"
"Lauderdale","1","12","Tennessee","4/16/20","7","5","47097","71.43"
"Lawrence","1","15","Tennessee","4/16/20","11","4","47099","36.36"
"Lewis","0","2","Tennessee","4/16/20","2","0","47101","0"
"Lincoln","0","9","Tennessee","4/16/20","7","2","47103","28.57"
"Loudon","0","18","Tennessee","4/16/20","15","3","47105","20"
"Macon","2","29","Tennessee","4/16/20","18","11","47111","61.11"
"Madison","4","75","Tennessee","4/16/20","47","28","47113","59.57"
"Marion","1","27","Tennessee","4/16/20","22","5","47115","22.73"
"Marshall","0","9","Tennessee","4/16/20","9","0","47117","0"
"Maury","0","33","Tennessee","4/16/20","31","2","47119","6.45"
"McMinn","0","5","Tennessee","4/16/20","3","2","47107","66.67"
"McNairy","0","9","Tennessee","4/16/20","9","0","47109","0"
"Meigs","0","3","Tennessee","4/16/20","3","0","47121","0"
"Monroe","0","9","Tennessee","4/16/20","7","2","47123","28.57"
"Montgomery","3","102","Tennessee","4/16/20","79","23","47125","29.11"
"Moore","0","1","Tennessee","4/16/20","0","1","47127","1"
"Morgan","0","5","Tennessee","4/16/20","5","0","47129","0"
"Obion","1","8","Tennessee","4/16/20","4","4","47131","100"
"Out of TN","-5","243","Tennessee","4/16/20","275","-32","80047","-11.64"
"Overton","0","7","Tennessee","4/16/20","5","2","47133","40"
"Perry","0","5","Tennessee","4/16/20","3","2","47135","66.67"
"Polk","0","5","Tennessee","4/16/20","3","2","47139","66.67"
"Putnam","2","93","Tennessee","4/16/20","82","11","47141","13.41"
"Roane","0","6","Tennessee","4/16/20","5","1","47145","20"
"Robertson","3","94","Tennessee","4/16/20","70","24","47147","34.29"
"Rutherford","9","269","Tennessee","4/16/20","203","66","47149","32.51"
"Scott","1","11","Tennessee","4/16/20","5","6","47151","120"
"Sequatchie","0","3","Tennessee","4/16/20","1","2","47153","200"
"Sevier","0","22","Tennessee","4/16/20","21","1","47155","4.76"
"Shelby","72","1508","Tennessee","4/16/20","1006","502","47157","49.9"
"Smith","1","10","Tennessee","4/16/20","5","5","47159","100"
"Stewart","0","4","Tennessee","4/16/20","2","2","47161","100"
"Sullivan","1","43","Tennessee","4/16/20","34","9","47163","26.47"
"Sumner","13","478","Tennessee","4/16/20","389","89","47165","22.88"
"Tipton","2","53","Tennessee","4/16/20","39","14","47167","35.9"
"Trousdale","1","19","Tennessee","4/16/20","14","5","47169","35.71"
"Unicoi","0","1","Tennessee","4/16/20","2","-1","47171","-50"
"Union","0","3","Tennessee","4/16/20","1","2","47173","200"
"Van Buren","0","1","Tennessee","4/16/20","0","1","47175","1"
"Warren","0","4","Tennessee","4/16/20","3","1","47177","33.33"
"Washington","2","45","Tennessee","4/16/20","32","13","47179","40.62"
"Wayne","0","2","Tennessee","4/16/20","2","0","47181","0"
"Weakley","0","6","Tennessee","4/16/20","5","1","47183","20"
"White","0","4","Tennessee","4/16/20","3","1","47185","33.33"
"Williamson","5","321","Tennessee","4/16/20","288","33","47187","11.46"
"Wilson","5","155","Tennessee","4/16/20","123","32","47189","26.02"
"Anderson","1","6","Texas","4/16/20","2","4","48001","200"
"Andrews","1","19","Texas","4/16/20","10","9","48003","90"
"Angelina","1","20","Texas","4/16/20","15","5","48005","33.33"
"Aransas","0","2","Texas","4/16/20","2","0","48007","0"
"Armstrong","0","1","Texas","4/16/20","0","1","48011","1"
"Atascosa","1","9","Texas","4/16/20","5","4","48013","80"
"Austin","1","12","Texas","4/16/20","7","5","48015","71.43"
"Bandera","0","3","Texas","4/16/20","1","2","48019","200"
"Bastrop","3","38","Texas","4/16/20","18","20","48021","111.11"
"Bee","0","3","Texas","4/16/20","1","2","48025","200"
"Bell","4","115","Texas","4/16/20","84","31","48027","36.9"
"Bexar","48","890","Texas","4/16/20","554","336","48029","60.65"
"Blanco","0","4","Texas","4/16/20","4","0","48031","0"
"Bosque","0","1","Texas","4/16/20","0","1","48035","1"
"Bowie","3","45","Texas","4/16/20","23","22","48037","95.65"
"Brazoria","13","272","Texas","4/16/20","184","88","48039","47.83"
"Brazos","6","151","Texas","4/16/20","108","43","48041","39.81"
"Brown","1","12","Texas","4/16/20","8","4","48049","50"
"Burleson","0","8","Texas","4/16/20","5","3","48051","60"
"Burnet","0","7","Texas","4/16/20","5","2","48053","40"
"Caldwell","0","7","Texas","4/16/20","5","2","48055","40"
"Calhoun","1","19","Texas","4/16/20","13","6","48057","46.15"
"Callahan","0","1","Texas","4/16/20","1","0","48059","0"
"Cameron","19","254","Texas","4/16/20","118","136","48061","115.25"
"Camp","0","6","Texas","4/16/20","3","3","48063","100"
"Cass","0","6","Texas","4/16/20","4","2","48067","50"
"Castro","0","11","Texas","4/16/20","11","0","48069","0"
"Chambers","2","33","Texas","4/16/20","22","11","48071","50"
"Cherokee","0","9","Texas","4/16/20","6","3","48073","50"
"Clay","0","3","Texas","4/16/20","1","2","48077","200"
"Collin","18","505","Texas","4/16/20","378","127","48085","33.6"
"Colorado","0","7","Texas","4/16/20","6","1","48089","16.67"
"Comal","1","43","Texas","4/16/20","34","9","48091","26.47"
"Comanche","0","3","Texas","4/16/20","3","0","48093","0"
"Concho","0","1","Texas","4/16/20","0","1","48095","1"
"Cooke","0","2","Texas","4/16/20","0","2","48097","1"
"Coryell","8","70","Texas","4/16/20","17","53","48099","311.76"
"Crane","0","2","Texas","4/16/20","2","0","48103","0"
"Crosby","0","1","Texas","4/16/20","1","0","48107","0"
"Dallam","0","2","Texas","4/16/20","1","1","48111","100"
"Dallas","91","2066","Texas","4/16/20","1432","634","48113","44.27"
"Dawson","0","8","Texas","4/16/20","7","1","48115","14.29"
"Deaf Smith","1","11","Texas","4/16/20","7","4","48117","57.14"
"Delta","0","1","Texas","4/16/20","1","0","48119","0"
"Denton","17","547","Texas","4/16/20","426","121","48121","28.4"
"DeWitt","0","10","Texas","4/16/20","8","2","48123","25"
"Dickens","0","1","Texas","4/16/20","1","0","48125","0"
"Dimmit","0","1","Texas","4/16/20","0","1","48127","1"
"Donley","1","23","Texas","4/16/20","14","9","48129","64.29"
"Duval","0","1","Texas","4/16/20","0","1","48131","1"
"Eastland","0","3","Texas","4/16/20","3","0","48133","0"
"Ector","1","48","Texas","4/16/20","39","9","48135","23.08"
"El Paso","29","393","Texas","4/16/20","192","201","48141","104.69"
"Ellis","4","81","Texas","4/16/20","50","31","48139","62"
"Erath","0","13","Texas","4/16/20","13","0","48143","0"
"Falls","0","1","Texas","4/16/20","1","0","48145","0"
"Fannin","0","5","Texas","4/16/20","4","1","48147","25"
"Fayette","1","13","Texas","4/16/20","8","5","48149","62.5"
"Floyd","0","2","Texas","4/16/20","1","1","48153","100"
"Fort Bend","27","627","Texas","4/16/20","437","190","48157","43.48"
"Franklin","0","1","Texas","4/16/20","1","0","48159","0"
"Freestone","0","1","Texas","4/16/20","0","1","48161","1"
"Frio","0","1","Texas","4/16/20","1","0","48163","0"
"Gaines","0","2","Texas","4/16/20","1","1","48165","100"
"Galveston","16","401","Texas","4/16/20","287","114","48167","39.72"
"Gillespie","0","1","Texas","4/16/20","1","0","48171","0"
"Goliad","0","5","Texas","4/16/20","3","2","48175","66.67"
"Gonzales","0","2","Texas","4/16/20","2","0","48177","0"
"Gray","1","16","Texas","4/16/20","12","4","48179","33.33"
"Grayson","1","19","Texas","4/16/20","15","4","48181","26.67"
"Gregg","2","49","Texas","4/16/20","35","14","48183","40"
"Grimes","1","9","Texas","4/16/20","5","4","48185","80"
"Guadalupe","1","53","Texas","4/16/20","46","7","48187","15.22"
"Hale","0","11","Texas","4/16/20","9","2","48189","22.22"
"Hamilton","0","3","Texas","4/16/20","2","1","48193","50"
"Hansford","0","1","Texas","4/16/20","1","0","48195","0"
"Hardin","4","66","Texas","4/16/20","41","25","48199","60.98"
"Harris","180","4306","Texas","4/16/20","3047","1259","48201","41.32"
"Harrison","3","35","Texas","4/16/20","12","23","48203","191.67"
"Hays","5","109","Texas","4/16/20","77","32","48209","41.56"
"Hemphill","0","1","Texas","4/16/20","1","0","48211","0"
"Henderson","1","12","Texas","4/16/20","6","6","48213","100"
"Hidalgo","12","225","Texas","4/16/20","139","86","48215","61.87"
"Hill","0","9","Texas","4/16/20","6","3","48217","50"
"Hockley","0","15","Texas","4/16/20","12","3","48219","25"
"Hood","1","15","Texas","4/16/20","11","4","48221","36.36"
"Hopkins","0","4","Texas","4/16/20","4","0","48223","0"
"Howard","0","1","Texas","4/16/20","1","0","48227","0"
"Hunt","1","25","Texas","4/16/20","15","10","48231","66.67"
"Hutchinson","1","6","Texas","4/16/20","2","4","48233","200"
"Jack","0","3","Texas","4/16/20","1","2","48237","200"
"Jackson","0","4","Texas","4/16/20","4","0","48239","0"
"Jasper","1","7","Texas","4/16/20","3","4","48241","133.33"
"Jefferson","8","143","Texas","4/16/20","87","56","48245","64.37"
"Jim Wells","0","2","Texas","4/16/20","2","0","48249","0"
"Johnson","2","37","Texas","4/16/20","25","12","48251","48"
"Jones","0","3","Texas","4/16/20","2","1","48253","50"
"Karnes","0","3","Texas","4/16/20","2","1","48255","50"
"Kaufman","2","33","Texas","4/16/20","19","14","48257","73.68"
"Kendall","1","14","Texas","4/16/20","9","5","48259","55.56"
"Kerr","0","4","Texas","4/16/20","2","2","48265","100"
"Kleberg","0","3","Texas","4/16/20","2","1","48273","50"
"Knox","0","1","Texas","4/16/20","1","0","48275","0"
"La Salle","0","1","Texas","4/16/20","0","1","48283","1"
"Lamar","0","7","Texas","4/16/20","8","-1","48277","-12.5"
"Lamb","0","2","Texas","4/16/20","1","1","48279","100"
"Lampasas","0","2","Texas","4/16/20","2","0","48281","0"
"Lavaca","0","4","Texas","4/16/20","4","0","48285","0"
"Lee","0","2","Texas","4/16/20","2","0","48287","0"
"Leon","0","4","Texas","4/16/20","2","2","48289","100"
"Liberty","1","25","Texas","4/16/20","15","10","48291","66.67"
"Limestone","1","11","Texas","4/16/20","7","4","48293","57.14"
"Live Oak","0","3","Texas","4/16/20","3","0","48297","0"
"Llano","0","3","Texas","4/16/20","3","0","48299","0"
"Lubbock","22","367","Texas","4/16/20","214","153","48303","71.5"
"Lynn","0","5","Texas","4/16/20","4","1","48305","25"
"Madison","0","1","Texas","4/16/20","1","0","48313","0"
"Marion","0","3","Texas","4/16/20","0","3","48315","1"
"Martin","0","2","Texas","4/16/20","2","0","48317","0"
"Mason","0","1","Texas","4/16/20","1","0","48319","0"
"Matagorda","1","51","Texas","4/16/20","44","7","48321","15.91"
"Maverick","0","10","Texas","4/16/20","7","3","48323","42.86"
"McCulloch","0","3","Texas","4/16/20","1","2","48307","200"
"McLennan","2","74","Texas","4/16/20","62","12","48309","19.35"
"Medina","1","15","Texas","4/16/20","9","6","48325","66.67"
"Midland","1","37","Texas","4/16/20","31","6","48329","19.35"
"Milam","0","8","Texas","4/16/20","7","1","48331","14.29"
"Mitchell","0","1","Texas","4/16/20","1","0","48335","0"
"Montague","1","5","Texas","4/16/20","1","4","48337","400"
"Montgomery","14","331","Texas","4/16/20","231","100","48339","43.29"
"Moore","6","59","Texas","4/16/20","15","44","48341","293.33"
"Morris","0","3","Texas","4/16/20","2","1","48343","50"
"Motley","0","1","Texas","4/16/20","0","1","48345","1"
"Nacogdoches","6","69","Texas","4/16/20","25","44","48347","176"
"Navarro","1","18","Texas","4/16/20","10","8","48349","80"
"Newton","0","2","Texas","4/16/20","1","1","48351","100"
"Nueces","2","83","Texas","4/16/20","69","14","48355","20.29"
"Oldham","0","3","Texas","4/16/20","3","0","48359","0"
"Orange","2","47","Texas","4/16/20","30","17","48361","56.67"
"Palo Pinto","0","7","Texas","4/16/20","4","3","48363","75"
"Panola","4","32","Texas","4/16/20","7","25","48365","357.14"
"Parker","1","17","Texas","4/16/20","9","8","48367","88.89"
"Pecos","1","5","Texas","4/16/20","1","4","48371","400"
"Polk","1","14","Texas","4/16/20","8","6","48373","75"
"Potter","5","92","Texas","4/16/20","58","34","48375","58.62"
"Rains","0","2","Texas","4/16/20","1","1","48379","100"
"Randall","4","80","Texas","4/16/20","52","28","48381","53.85"
"Red River","0","1","Texas","4/16/20","0","1","48387","1"
"Reeves","0","2","Texas","4/16/20","1","1","48389","100"
"Roberts","0","1","Texas","4/16/20","0","1","48393","1"
"Robertson","0","2","Texas","4/16/20","2","0","48395","0"
"Rockwall","4","39","Texas","4/16/20","14","25","48397","178.57"
"Rusk","2","25","Texas","4/16/20","14","11","48401","78.57"
"Sabine","0","1","Texas","4/16/20","0","1","48403","1"
"San Augustine","1","11","Texas","4/16/20","7","4","48405","57.14"
"San Jacinto","1","10","Texas","4/16/20","3","7","48407","233.33"
"San Patricio","0","8","Texas","4/16/20","7","1","48409","14.29"
"Scurry","0","2","Texas","4/16/20","0","2","48415","1"
"Shelby","4","51","Texas","4/16/20","23","28","48419","121.74"
"Smith","4","108","Texas","4/16/20","82","26","48423","31.71"
"Starr","0","7","Texas","4/16/20","7","0","48427","0"
"Stephens","0","1","Texas","4/16/20","0","1","48429","1"
"Swisher","0","4","Texas","4/16/20","2","2","48437","100"
"Tarrant","65","1093","Texas","4/16/20","637","456","48439","71.59"
"Taylor","4","79","Texas","4/16/20","51","28","48441","54.9"
"Terry","1","10","Texas","4/16/20","6","4","48445","66.67"
"Titus","1","8","Texas","4/16/20","4","4","48449","100"
"Tom Green","1","40","Texas","4/16/20","32","8","48451","25"
"Travis","54","977","Texas","4/16/20","597","380","48453","63.65"
"Trinity","1","7","Texas","4/16/20","3","4","48455","133.33"
"Tyler","0","5","Texas","4/16/20","4","1","48457","25"
"Upshur","0","9","Texas","4/16/20","6","3","48459","50"
"Uvalde","0","6","Texas","4/16/20","6","0","48463","0"
"Val Verde","1","12","Texas","4/16/20","7","5","48465","71.43"
"Van Zandt","1","11","Texas","4/16/20","7","4","48467","57.14"
"Victoria","3","89","Texas","4/16/20","66","23","48469","34.85"
"Walker","6","58","Texas","4/16/20","15","43","48471","286.67"
"Waller","1","22","Texas","4/16/20","12","10","48473","83.33"
"Washington","3","46","Texas","4/16/20","28","18","48477","64.29"
"Webb","12","239","Texas","4/16/20","155","84","48479","54.19"
"Wharton","2","32","Texas","4/16/20","18","14","48481","77.78"
"Wichita","1","57","Texas","4/16/20","50","7","48485","14"
"Wilbarger","0","1","Texas","4/16/20","0","1","48487","1"
"Willacy","0","7","Texas","4/16/20","5","2","48489","40"
"Williamson","4","128","Texas","4/16/20","97","31","48491","31.96"
"Wilson","1","13","Texas","4/16/20","9","4","48493","44.44"
"Winkler","0","2","Texas","4/16/20","0","2","48495","1"
"Wise","1","7","Texas","4/16/20","3","4","48497","133.33"
"Wood","0","6","Texas","4/16/20","4","2","48499","50"
"Young","0","4","Texas","4/16/20","3","1","48503","33.33"
"Zapata","0","4","Texas","4/16/20","3","1","48505","33.33"
"Bear River","0","15","Utah","4/16/20","12","3","00000","25"
"Cache","1","37","Utah","4/16/20","29","8","49005","27.59"
"Carbon","0","2","Utah","4/16/20","2","0","49007","0"
"Davis","7","220","Utah","4/16/20","170","50","49011","29.41"
"Duchesne","0","3","Utah","4/16/20","2","1","49013","50"
"Emery","0","3","Utah","4/16/20","2","1","49015","50"
"Garfield","0","1","Utah","4/16/20","1","0","49017","0"
"Grand","0","1","Utah","4/16/20","1","0","49019","0"
"Iron","0","15","Utah","4/16/20","13","2","49021","15.38"
"Kane","0","3","Utah","4/16/20","2","1","49025","50"
"Salt Lake","74","1377","Utah","4/16/20","858","519","49035","60.49"
"San Juan","0","9","Utah","4/16/20","6","3","49037","50"
"Summit","5","308","Utah","4/16/20","273","35","49043","12.82"
"Tooele","2","38","Utah","4/16/20","23","15","49045","65.22"
"Uintah","0","6","Utah","4/16/20","4","2","49047","50"
"Utah","17","387","Utah","4/16/20","267","120","49049","44.94"
"Wasatch","3","103","Utah","4/16/20","82","21","49051","25.61"
"Washington","2","47","Utah","4/16/20","32","15","49053","46.88"
"Weber-Morgan","4","108","Utah","4/16/20","77","31","00000","40.26"
"Addison","1","56","Vermont","4/16/20","50","6","50001","12"
"Bennington","0","33","Vermont","4/16/20","31","2","50003","6.45"
"Caledonia","0","9","Vermont","4/16/20","8","1","50005","12.5"
"Chittenden","6","377","Vermont","4/16/20","336","41","50007","12.2"
"Essex","0","1","Vermont","4/16/20","1","0","50009","0"
"Franklin","7","86","Vermont","4/16/20","35","51","50011","145.71"
"Grand Isle","0","3","Vermont","4/16/20","3","0","50013","0"
"Lamoille","0","22","Vermont","4/16/20","19","3","50015","15.79"
"Orange","0","5","Vermont","4/16/20","5","0","50017","0"
"Orleans","0","8","Vermont","4/16/20","8","0","50019","0"
"Rutland","1","41","Vermont","4/16/20","34","7","50021","20.59"
"Washington","1","29","Vermont","4/16/20","24","5","50023","20.83"
"Windham","2","58","Vermont","4/16/20","42","16","50025","38.1"
"Windsor","1","31","Vermont","4/16/20","24","7","50027","29.17"
"","1","51","Virgin Islands","4/16/20","45","6",,"13.33"
"Accomack","1","19","Virginia","4/16/20","11","8","51001","72.73"
"Albemarle","2","54","Virginia","4/16/20","43","11","51003","25.58"
"Alexandria","18","275","Virginia","4/16/20","149","126","51510","84.56"
"Alleghany","0","4","Virginia","4/16/20","2","2","51005","100"
"Amelia","1","13","Virginia","4/16/20","8","5","51007","62.5"
"Amherst","0","10","Virginia","4/16/20","9","1","51009","11.11"
"Appomattox","0","7","Virginia","4/16/20","4","3","51011","75"
"Arlington","25","453","Virginia","4/16/20","280","173","51013","61.79"
"Augusta","1","19","Virginia","4/16/20","13","6","51015","46.15"
"Bedford","1","16","Virginia","4/16/20","12","4","51019","33.33"
"Botetourt","1","23","Virginia","4/16/20","18","5","51023","27.78"
"Bristol","0","1","Virginia","4/16/20","1","0","51520","0"
"Brunswick","1","10","Virginia","4/16/20","1","9","51025","900"
"Buchanan","2","12","Virginia","4/16/20","1","11","51027","1100"
"Buckingham","2","23","Virginia","4/16/20","9","14","51029","155.56"
"Buena Vista","0","4","Virginia","4/16/20","4","0","51530","0"
"Campbell","1","9","Virginia","4/16/20","4","5","51031","125"
"Caroline","1","11","Virginia","4/16/20","4","7","51033","175"
"Carroll","0","3","Virginia","4/16/20","3","0","51035","0"
"Charles City","1","9","Virginia","4/16/20","5","4","51036","80"
"Charlotte","1","8","Virginia","4/16/20","1","7","51037","700"
"Charlottesville","2","38","Virginia","4/16/20","27","11","51540","40.74"
"Chesapeake","6","143","Virginia","4/16/20","101","42","51550","41.58"
"Chesterfield","16","267","Virginia","4/16/20","158","109","51041","68.99"
"Clarke","0","6","Virginia","4/16/20","3","3","51043","100"
"Colonial Heights","2","18","Virginia","4/16/20","2","16","51570","800"
"Covington","0","1","Virginia","4/16/20","1","0","51580","0"
"Craig","0","2","Virginia","4/16/20","2","0","51045","0"
"Culpeper","2","29","Virginia","4/16/20","13","16","51047","123.08"
"Cumberland","0","7","Virginia","4/16/20","6","1","51049","16.67"
"Danville","0","22","Virginia","4/16/20","19","3","51590","15.79"
"Dinwiddie","1","7","Virginia","4/16/20","2","5","51053","250"
"Emporia","0","7","Virginia","4/16/20","5","2","51595","40"
"Essex","0","2","Virginia","4/16/20","0","2","51057","1"
"Fairfax","98","1375","Virginia","4/16/20","690","685","51059","99.28"
"Fauquier","2","32","Virginia","4/16/20","20","12","51061","60"
"Floyd","0","1","Virginia","4/16/20","1","0","51063","0"
"Fluvanna","7","64","Virginia","4/16/20","16","48","51065","300"
"Franklin","0","15","Virginia","4/16/20","13","2","51067","15.38"
"Franklin City","0","9","Virginia","4/16/20","6","3","51620","50"
"Frederick","3","72","Virginia","4/16/20","54","18","51069","33.33"
"Fredericksburg","1","15","Virginia","4/16/20","10","5","51630","50"
"Galax","0","1","Virginia","4/16/20","1","0","51640","0"
"Giles","0","4","Virginia","4/16/20","2","2","51071","100"
"Gloucester","1","20","Virginia","4/16/20","16","4","51073","25"
"Goochland","2","41","Virginia","4/16/20","24","17","51075","70.83"
"Greene","0","5","Virginia","4/16/20","4","1","51079","25"
"Greensville","1","16","Virginia","4/16/20","6","10","51081","166.67"
"Halifax","0","7","Virginia","4/16/20","4","3","51083","75"
"Hampton","3","77","Virginia","4/16/20","53","24","51650","45.28"
"Hanover","5","61","Virginia","4/16/20","29","32","51085","110.34"
"Harrisonburg","11","119","Virginia","4/16/20","39","80","51660","205.13"
"Henrico","25","497","Virginia","4/16/20","319","178","51087","55.8"
"Henry","0","8","Virginia","4/16/20","5","3","51089","60"
"Hopewell","0","14","Virginia","4/16/20","13","1","51670","7.69"
"Isle of Wight","6","63","Virginia","4/16/20","24","39","51093","162.5"
"James City","2","135","Virginia","4/16/20","123","12","51095","9.76"
"King and Queen","0","2","Virginia","4/16/20","2","0","51097","0"
"King George","1","18","Virginia","4/16/20","13","5","51099","38.46"
"King William","0","2","Virginia","4/16/20","2","0","51101","0"
"Lancaster","0","1","Virginia","4/16/20","1","0","51103","0"
"Lee","0","6","Virginia","4/16/20","3","3","51105","100"
"Lexington","0","3","Virginia","4/16/20","3","0","51678","0"
"Loudoun","17","378","Virginia","4/16/20","258","120","51107","46.51"
"Louisa","2","30","Virginia","4/16/20","17","13","51109","76.47"
"Lunenburg","0","3","Virginia","4/16/20","2","1","51111","50"
"Lynchburg","2","34","Virginia","4/16/20","21","13","51680","61.9"
"Madison","0","8","Virginia","4/16/20","5","3","51113","60"
"Manassas","5","62","Virginia","4/16/20","25","37","51683","148"
"Manassas Park","2","16","Virginia","4/16/20","5","11","51685","220"
"Mathews","0","3","Virginia","4/16/20","2","1","51115","50"
"Mecklenburg","5","61","Virginia","4/16/20","25","36","51117","144"
"Middlesex","0","3","Virginia","4/16/20","2","1","51119","50"
"Montgomery","2","34","Virginia","4/16/20","17","17","51121","100"
"Nelson","0","5","Virginia","4/16/20","3","2","51125","66.67"
"New Kent","1","16","Virginia","4/16/20","11","5","51127","45.45"
"Newport News","5","97","Virginia","4/16/20","64","33","51700","51.56"
"Norfolk","3","105","Virginia","4/16/20","84","21","51710","25"
"Northampton","0","4","Virginia","4/16/20","2","2","51131","100"
"Northumberland","0","5","Virginia","4/16/20","3","2","51133","66.67"
"Nottoway","0","5","Virginia","4/16/20","3","2","51135","66.67"
"Orange","1","18","Virginia","4/16/20","9","9","51137","100"
"Page","0","7","Virginia","4/16/20","5","2","51139","40"
"Petersburg","1","19","Virginia","4/16/20","12","7","51730","58.33"
"Pittsylvania","0","5","Virginia","4/16/20","4","1","51143","25"
"Poquoson","0","6","Virginia","4/16/20","5","1","51735","20"
"Portsmouth","3","62","Virginia","4/16/20","44","18","51740","40.91"
"Powhatan","0","5","Virginia","4/16/20","4","1","51145","25"
"Prince Edward","2","15","Virginia","4/16/20","3","12","51147","400"
"Prince George","0","26","Virginia","4/16/20","25","1","51149","4"
"Prince William","40","582","Virginia","4/16/20","299","283","51153","94.65"
"Pulaski","0","5","Virginia","4/16/20","3","2","51155","66.67"
"Radford","0","1","Virginia","4/16/20","1","0","51750","0"
"Rappahannock","0","1","Virginia","4/16/20","1","0","51157","0"
"Richmond","1","7","Virginia","4/16/20","3","4","51159","133.33"
"Richmond City","9","188","Virginia","4/16/20","126","62","51760","49.21"
"Roanoke","1","19","Virginia","4/16/20","9","10","51161","111.11"
"Roanoke City","1","24","Virginia","4/16/20","15","9","51770","60"
"Rockbridge","0","3","Virginia","4/16/20","3","0","51163","0"
"Rockingham","7","69","Virginia","4/16/20","21","48","51165","228.57"
"Russell","0","2","Virginia","4/16/20","1","1","51167","100"
"Salem","0","4","Virginia","4/16/20","1","3","51775","300"
"Scott","0","3","Virginia","4/16/20","0","3","51169","1"
"Shenandoah","2","28","Virginia","4/16/20","15","13","51171","86.67"
"Smyth","0","11","Virginia","4/16/20","8","3","51173","37.5"
"Southampton","0","6","Virginia","4/16/20","5","1","51175","20"
"Spotsylvania","4","62","Virginia","4/16/20","36","26","51177","72.22"
"Stafford","9","120","Virginia","4/16/20","54","66","51179","122.22"
"Staunton","0","3","Virginia","4/16/20","1","2","51790","200"
"Suffolk","5","65","Virginia","4/16/20","31","34","51800","109.68"
"Surry","0","3","Virginia","4/16/20","3","0","51181","0"
"Sussex","0","9","Virginia","4/16/20","6","3","51183","50"
"Tazewell","0","4","Virginia","4/16/20","4","0","51185","0"
"Virginia Beach","6","258","Virginia","4/16/20","219","39","51810","17.81"
"Warren","2","21","Virginia","4/16/20","9","12","51187","133.33"
"Washington","2","27","Virginia","4/16/20","15","12","51191","80"
"Waynesboro","0","6","Virginia","4/16/20","3","3","51820","100"
"Westmoreland","1","9","Virginia","4/16/20","5","4","51193","80"
"Williamsburg","0","19","Virginia","4/16/20","16","3","51830","18.75"
"Winchester","1","21","Virginia","4/16/20","16","5","51840","31.25"
"Wise","2","18","Virginia","4/16/20","5","13","51195","260"
"Wythe","0","7","Virginia","4/16/20","6","1","51197","16.67"
"York","2","37","Virginia","4/16/20","25","12","51199","48"
"Adams","1","40","Washington","4/16/20","30","10","53001","33.33"
"Asotin","1","10","Washington","4/16/20","4","6","53003","150"
"Benton","10","283","Washington","4/16/20","215","68","53005","31.63"
"Chelan","3","63","Washington","4/16/20","43","20","53007","46.51"
"Clallam","1","14","Washington","4/16/20","10","4","53009","40"
"Clark","8","265","Washington","4/16/20","206","59","53011","28.64"
"Columbia","0","1","Washington","4/16/20","1","0","53013","0"
"Cowlitz","0","26","Washington","4/16/20","23","3","53015","13.04"
"Douglas","3","34","Washington","4/16/20","12","22","53017","183.33"
"Ferry","0","1","Washington","4/16/20","1","0","53019","0"
"Franklin","9","152","Washington","4/16/20","86","66","53021","76.74"
"Grant","5","129","Washington","4/16/20","95","34","53025","35.79"
"Grays Harbor","1","12","Washington","4/16/20","7","5","53027","71.43"
"Island","1","164","Washington","4/16/20","155","9","53029","5.81"
"Jefferson","0","28","Washington","4/16/20","27","1","53031","3.7"
"King","116","4697","Washington","4/16/20","3886","811","53033","20.87"
"Kitsap","2","132","Washington","4/16/20","120","12","53035","10"
"Kittitas","0","14","Washington","4/16/20","15","-1","53037","-6.67"
"Klickitat","1","16","Washington","4/16/20","12","4","53039","33.33"
"Lewis","0","19","Washington","4/16/20","17","2","53041","11.76"
"Lincoln","0","2","Washington","4/16/20","1","1","53043","100"
"Mason","0","20","Washington","4/16/20","17","3","53045","17.65"
"Okanogan","0","15","Washington","4/16/20","12","3","53047","25"
"Pacific","0","1","Washington","4/16/20","0","1","53049","1"
"Pend Oreille","0","1","Washington","4/16/20","1","0","53051","0"
"Pierce","26","1022","Washington","4/16/20","838","184","53053","21.96"
"San Juan","0","13","Washington","4/16/20","12","1","53055","8.33"
"Skagit","5","209","Washington","4/16/20","172","37","53057","21.51"
"Skamania","0","3","Washington","4/16/20","2","1","53059","50"
"Snohomish","41","2032","Washington","4/16/20","1745","287","53061","16.45"
"Spokane","6","286","Washington","4/16/20","246","40","53063","16.26"
"Stevens","0","7","Washington","4/16/20","6","1","53065","16.67"
"Thurston","1","86","Washington","4/16/20","77","9","53067","11.69"
"Wahkiakum","0","2","Washington","4/16/20","2","0","53069","0"
"Walla Walla","1","26","Washington","4/16/20","17","9","53071","52.94"
"Whatcom","4","273","Washington","4/16/20","243","30","53073","12.35"
"Whitman","0","13","Washington","4/16/20","12","1","53075","8.33"
"Yakima","34","674","Washington","4/16/20","433","241","53077","55.66"
"Barbour","0","4","West Virginia","4/16/20","5","-1","54001","-20"
"Berkeley","3","102","West Virginia","4/16/20","82","20","54003","24.39"
"Boone","0","2","West Virginia","4/16/20","1","1","54005","100"
"Braxton","0","1","West Virginia","4/16/20","1","0","54007","0"
"Brooke","0","3","West Virginia","4/16/20","2","1","54009","50"
"Cabell","2","28","West Virginia","4/16/20","17","11","54011","64.71"
"Fayette","0","2","West Virginia","4/16/20","1","1","54019","100"
"Grant","0","1","West Virginia","4/16/20","0","1","54023","1"
"Greenbrier","0","3","West Virginia","4/16/20","3","0","54025","0"
"Hampshire","1","7","West Virginia","4/16/20","2","5","54027","250"
"Hancock","0","7","West Virginia","4/16/20","7","0","54029","0"
"Hardy","0","3","West Virginia","4/16/20","2","1","54031","50"
"Harrison","0","29","West Virginia","4/16/20","29","0","54033","0"
"Jackson","2","34","West Virginia","4/16/20","20","14","54035","70"
"Jefferson","2","57","West Virginia","4/16/20","45","12","54037","26.67"
"Kanawha","3","91","West Virginia","4/16/20","73","18","54039","24.66"
"Lewis","0","2","West Virginia","4/16/20","1","1","54041","100"
"Lincoln","0","1","West Virginia","4/16/20","0","1","54043","1"
"Logan","0","8","West Virginia","4/16/20","8","0","54045","0"
"Marion","1","41","West Virginia","4/16/20","31","10","54049","32.26"
"Marshall","0","7","West Virginia","4/16/20","5","2","54051","40"
"Mason","0","10","West Virginia","4/16/20","7","3","54053","42.86"
"McDowell","0","6","West Virginia","4/16/20","4","2","54047","50"
"Mercer","0","8","West Virginia","4/16/20","7","1","54055","14.29"
"Mineral","0","6","West Virginia","4/16/20","3","3","54057","100"
"Mingo","0","1","West Virginia","4/16/20","0","1","54059","1"
"Monongalia","1","83","West Virginia","4/16/20","76","7","54061","9.21"
"Monroe","0","1","West Virginia","4/16/20","0","1","54063","1"
"Morgan","0","7","West Virginia","4/16/20","4","3","54065","75"
"Nicholas","0","3","West Virginia","4/16/20","2","1","54067","50"
"Ohio","0","22","West Virginia","4/16/20","20","2","54069","10"
"Pendleton","0","1","West Virginia","4/16/20","1","0","54071","0"
"Pleasants","0","1","West Virginia","4/16/20","1","0","54073","0"
"Preston","0","6","West Virginia","4/16/20","6","0","54077","0"
"Putnam","0","13","West Virginia","4/16/20","10","3","54079","30"
"Raleigh","0","6","West Virginia","4/16/20","5","1","54081","20"
"Randolph","0","4","West Virginia","4/16/20","3","1","54083","33.33"
"Roane","0","2","West Virginia","4/16/20","2","0","54087","0"
"Summers","0","1","West Virginia","4/16/20","0","1","54089","1"
"Taylor","0","4","West Virginia","4/16/20","3","1","54091","33.33"
"Tucker","0","4","West Virginia","4/16/20","3","1","54093","33.33"
"Tyler","0","3","West Virginia","4/16/20","1","2","54095","200"
"Upshur","0","3","West Virginia","4/16/20","2","1","54097","50"
"Wayne","10","69","West Virginia","4/16/20","0","69","54099","1"
"Wetzel","0","3","West Virginia","4/16/20","3","0","54103","0"
"Wirt","0","2","West Virginia","4/16/20","1","1","54105","100"
"Wood","2","25","West Virginia","4/16/20","14","11","54107","78.57"
"Wyoming","0","1","West Virginia","4/16/20","1","0","54109","0"
"Adams","0","3","Wisconsin","4/16/20","2","1","55001","50"
"Ashland","0","2","Wisconsin","4/16/20","1","1","55003","100"
"Barron","0","6","Wisconsin","4/16/20","5","1","55005","20"
"Bayfield","0","3","Wisconsin","4/16/20","3","0","55007","0"
"Brown","13","139","Wisconsin","4/16/20","50","89","55009","178"
"Buffalo","0","4","Wisconsin","4/16/20","2","2","55011","100"
"Calumet","0","5","Wisconsin","4/16/20","4","1","55015","25"
"Chippewa","0","20","Wisconsin","4/16/20","17","3","55017","17.65"
"Clark","0","10","Wisconsin","4/16/20","7","3","55019","42.86"
"Columbia","0","27","Wisconsin","4/16/20","25","2","55021","8"
"Crawford","0","3","Wisconsin","4/16/20","2","1","55023","50"
"Dane","6","352","Wisconsin","4/16/20","307","45","55025","14.66"
"Dodge","0","19","Wisconsin","4/16/20","16","3","55027","18.75"
"Door","0","9","Wisconsin","4/16/20","8","1","55029","12.5"
"Douglas","0","7","Wisconsin","4/16/20","7","0","55031","0"
"Dunn","0","9","Wisconsin","4/16/20","7","2","55033","28.57"
"Eau Claire","0","22","Wisconsin","4/16/20","21","1","55035","4.76"
"Florence","0","2","Wisconsin","4/16/20","2","0","55037","0"
"Fond du Lac","1","59","Wisconsin","4/16/20","49","10","55039","20.41"
"Grant","1","10","Wisconsin","4/16/20","4","6","55043","150"
"Green","0","9","Wisconsin","4/16/20","9","0","55045","0"
"Green Lake","0","1","Wisconsin","4/16/20","0","1","55047","1"
"Iowa","0","5","Wisconsin","4/16/20","4","1","55049","25"
"Iron","0","2","Wisconsin","4/16/20","1","1","55051","100"
"Jackson","1","11","Wisconsin","4/16/20","7","4","55053","57.14"
"Jefferson","1","24","Wisconsin","4/16/20","19","5","55055","26.32"
"Juneau","0","7","Wisconsin","4/16/20","5","2","55057","40"
"Kenosha","10","208","Wisconsin","4/16/20","135","73","55059","54.07"
"Kewaunee","1","6","Wisconsin","4/16/20","1","5","55061","500"
"La Crosse","0","25","Wisconsin","4/16/20","23","2","55063","8.7"
"Lafayette","0","3","Wisconsin","4/16/20","2","1","55065","50"
"Manitowoc","0","5","Wisconsin","4/16/20","4","1","55071","25"
"Marathon","0","14","Wisconsin","4/16/20","12","2","55073","16.67"
"Marinette","0","4","Wisconsin","4/16/20","3","1","55075","33.33"
"Marquette","0","3","Wisconsin","4/16/20","2","1","55077","50"
"Menominee","0","1","Wisconsin","4/16/20","1","0","55078","0"
"Milwaukee","66","1947","Wisconsin","4/16/20","1484","463","55079","31.2"
"Monroe","1","12","Wisconsin","4/16/20","6","6","55081","100"
"Oconto","0","4","Wisconsin","4/16/20","3","1","55083","33.33"
"Oneida","0","6","Wisconsin","4/16/20","5","1","55085","20"
"Outagamie","1","31","Wisconsin","4/16/20","26","5","55087","19.23"
"Ozaukee","1","77","Wisconsin","4/16/20","71","6","55089","8.45"
"Pierce","0","7","Wisconsin","4/16/20","7","0","55093","0"
"Polk","0","3","Wisconsin","4/16/20","0","3","55095","1"
"Portage","0","4","Wisconsin","4/16/20","4","0","55097","0"
"Price","0","1","Wisconsin","4/16/20","0","1","55099","1"
"Racine","8","143","Wisconsin","4/16/20","84","59","55101","70.24"
"Richland","1","7","Wisconsin","4/16/20","3","4","55103","133.33"
"Rock","2","63","Wisconsin","4/16/20","47","16","55105","34.04"
"Rusk","0","3","Wisconsin","4/16/20","3","0","55107","0"
"Sauk","1","31","Wisconsin","4/16/20","21","10","55111","47.62"
"Sawyer","0","2","Wisconsin","4/16/20","1","1","55113","100"
"Shawano","0","6","Wisconsin","4/16/20","4","2","55115","50"
"Sheboygan","1","37","Wisconsin","4/16/20","31","6","55117","19.35"
"St. Croix","1","11","Wisconsin","4/16/20","7","4","55109","57.14"
"Trempealeau","0","1","Wisconsin","4/16/20","1","0","55121","0"
"Vilas","0","4","Wisconsin","4/16/20","4","0","55125","0"
"Walworth","6","71","Wisconsin","4/16/20","28","43","55127","153.57"
"Washburn","0","1","Wisconsin","4/16/20","0","1","55129","1"
"Washington","2","79","Wisconsin","4/16/20","63","16","55131","25.4"
"Waukesha","9","245","Wisconsin","4/16/20","184","61","55133","33.15"
"Waupaca","0","4","Wisconsin","4/16/20","3","1","55135","33.33"
"Waushara","0","2","Wisconsin","4/16/20","2","0","55137","0"
"Winnebago","1","32","Wisconsin","4/16/20","25","7","55139","28"
"Wood","0","2","Wisconsin","4/16/20","2","0","55141","0"
"Albany","0","5","Wyoming","4/16/20","4","1","56001","25"
"Big Horn","0","1","Wyoming","4/16/20","0","1","56003","1"
"Campbell","1","13","Wyoming","4/16/20","9","4","56005","44.44"
"Carbon","0","4","Wyoming","4/16/20","4","0","56007","0"
"Converse","1","8","Wyoming","4/16/20","4","4","56009","100"
"Crook","0","4","Wyoming","4/16/20","3","1","56011","33.33"
"Fremont","1","43","Wyoming","4/16/20","38","5","56013","13.16"
"Goshen","0","3","Wyoming","4/16/20","3","0","56015","0"
"Hot Springs","0","1","Wyoming","4/16/20","0","1","56017","1"
"Johnson","0","11","Wyoming","4/16/20","8","3","56019","37.5"
"Laramie","2","67","Wyoming","4/16/20","53","14","56021","26.42"
"Lincoln","0","5","Wyoming","4/16/20","4","1","56023","25"
"Natrona","1","37","Wyoming","4/16/20","27","10","56025","37.04"
"Niobrara","0","1","Wyoming","4/16/20","0","1","56027","1"
"Park","0","1","Wyoming","4/16/20","1","0","56029","0"
"Sheridan","0","12","Wyoming","4/16/20","12","0","56033","0"
"Sublette","0","1","Wyoming","4/16/20","1","0","56035","0"
"Sweetwater","1","10","Wyoming","4/16/20","6","4","56037","66.67"
"Teton","2","59","Wyoming","4/16/20","45","14","56039","31.11"
"Uinta","0","4","Wyoming","4/16/20","3","1","56041","33.33"
"Washakie","0","6","Wyoming","4/16/20","5","1","56043","20"
