"Locality","DailyAvgNewCasesPast7Days","TotalCases","State","Date","TotalCases7DaysAgo","NewCasesPast7Days","FIPS-Code","PercentIncreaseTotalCasesPast7Days"
"Autauga","1","26","Alabama","4/19/20","19","7","01001","36.84"
"Baldwin","6","112","Alabama","4/19/20","71","41","01003","57.75"
"Barbour","1","20","Alabama","4/19/20","10","10","01005","100"
"Bibb","2","28","Alabama","4/19/20","16","12","01007","75"
"Blount","1","21","Alabama","4/19/20","13","8","01009","61.54"
"Bullock","1","9","Alabama","4/19/20","4","5","01011","125"
"Butler","1","14","Alabama","4/19/20","7","7","01013","100"
"Calhoun","2","71","Alabama","4/19/20","59","12","01015","20.34"
"Chambers","7","245","Alabama","4/19/20","198","47","01017","23.74"
"Cherokee","1","12","Alabama","4/19/20","8","4","01019","50"
"Chilton","2","41","Alabama","4/19/20","30","11","01021","36.67"
"Choctaw","1","14","Alabama","4/19/20","10","4","01023","40"
"Clarke","1","24","Alabama","4/19/20","19","5","01025","26.32"
"Clay","1","18","Alabama","4/19/20","14","4","01027","28.57"
"Cleburne","0","12","Alabama","4/19/20","12","0","01029","0"
"Coffee","4","59","Alabama","4/19/20","31","28","01031","90.32"
"Colbert","1","16","Alabama","4/19/20","9","7","01033","77.78"
"Conecuh","1","10","Alabama","4/19/20","5","5","01035","100"
"Coosa","1","22","Alabama","4/19/20","18","4","01037","22.22"
"Covington","1","22","Alabama","4/19/20","13","9","01039","69.23"
"Crenshaw","0","6","Alabama","4/19/20","3","3","01041","100"
"Cullman","0","42","Alabama","4/19/20","39","3","01043","7.69"
"Dale","2","20","Alabama","4/19/20","8","12","01045","150"
"Dallas","2","25","Alabama","4/19/20","14","11","01047","78.57"
"DeKalb","2","42","Alabama","4/19/20","26","16","01049","61.54"
"Elmore","4","63","Alabama","4/19/20","33","30","01051","90.91"
"Escambia","1","14","Alabama","4/19/20","8","6","01053","75"
"Etowah","3","98","Alabama","4/19/20","75","23","01055","30.67"
"Fayette","0","4","Alabama","4/19/20","4","0","01057","0"
"Franklin","1","17","Alabama","4/19/20","10","7","01059","70"
"Geneva","0","4","Alabama","4/19/20","1","3","01061","300"
"Greene","2","29","Alabama","4/19/20","17","12","01063","70.59"
"Hale","1","25","Alabama","4/19/20","15","10","01065","66.67"
"Henry","1","17","Alabama","4/19/20","11","6","01067","54.55"
"Houston","3","66","Alabama","4/19/20","44","22","01069","50"
"Jackson","2","38","Alabama","4/19/20","24","14","01071","58.33"
"Jefferson","12","682","Alabama","4/19/20","597","85","01073","14.24"
"Lamar","0","8","Alabama","4/19/20","8","0","01075","0"
"Lauderdale","0","23","Alabama","4/19/20","21","2","01077","9.52"
"Lawrence","0","9","Alabama","4/19/20","8","1","01079","12.5"
"Lee","10","308","Alabama","4/19/20","236","72","01081","30.51"
"Limestone","0","40","Alabama","4/19/20","37","3","01083","8.11"
"Lowndes","2","28","Alabama","4/19/20","14","14","01085","100"
"Macon","2","25","Alabama","4/19/20","14","11","01087","78.57"
"Madison","2","199","Alabama","4/19/20","187","12","01089","6.42"
"Marengo","1","26","Alabama","4/19/20","21","5","01091","23.81"
"Marion","2","61","Alabama","4/19/20","48","13","01093","27.08"
"Marshall","7","149","Alabama","4/19/20","97","52","01095","53.61"
"Mobile","30","661","Alabama","4/19/20","454","207","01097","45.59"
"Monroe","0","9","Alabama","4/19/20","6","3","01099","50"
"Montgomery","15","226","Alabama","4/19/20","119","107","01101","89.92"
"Morgan","1","47","Alabama","4/19/20","38","9","01103","23.68"
"Perry","0","9","Alabama","4/19/20","6","3","01105","50"
"Pickens","2","38","Alabama","4/19/20","22","16","01107","72.73"
"Pike","2","37","Alabama","4/19/20","20","17","01109","85"
"Randolph","2","53","Alabama","4/19/20","36","17","01111","47.22"
"Russell","3","43","Alabama","4/19/20","24","19","01113","79.17"
"Shelby","8","268","Alabama","4/19/20","212","56","01117","26.42"
"St. Clair","2","54","Alabama","4/19/20","42","12","01115","28.57"
"Sumter","2","36","Alabama","4/19/20","20","16","01119","80"
"Talladega","2","46","Alabama","4/19/20","34","12","01121","35.29"
"Tallapoosa","14","195","Alabama","4/19/20","98","97","01123","98.98"
"Tuscaloosa","4","145","Alabama","4/19/20","119","26","01125","21.85"
"Walker","1","85","Alabama","4/19/20","81","4","01127","4.94"
"Washington","1","16","Alabama","4/19/20","12","4","01129","33.33"
"Wilcox","2","47","Alabama","4/19/20","30","17","01131","56.67"
"Winston","1","9","Alabama","4/19/20","4","5","01133","125"
"Anchorage","4","154","Alaska","4/19/20","127","27","02020","21.26"
"Bethel","0","1","Alaska","4/19/20","1","0","02050","0"
"Fairbanks North Star","0","79","Alaska","4/19/20","79","0","02090","0"
"Juneau","1","24","Alaska","4/19/20","16","8","02110","50"
"Kenai Peninsula","1","19","Alaska","4/19/20","15","4","02122","26.67"
"Ketchikan Gateway","0","15","Alaska","4/19/20","15","0","02130","0"
"Kodiak Island","0","1","Alaska","4/19/20","0","1","02150","1"
"Matanuska-Susitna","1","18","Alaska","4/19/20","14","4","02170","28.57"
"Nome","0","1","Alaska","4/19/20","0","1","02180","1"
"Petersburg","0","3","Alaska","4/19/20","2","1","02195","50"
"Prince of Wales-Hyder","0","2","Alaska","4/19/20","1","1","02198","100"
"Southeast Fairbanks","0","1","Alaska","4/19/20","1","0","02240","0"
"Yukon-Koyukuk","0","1","Alaska","4/19/20","1","0","02290","0"
"Apache","15","178","Arizona","4/19/20","72","106","04001","147.22"
"Cochise","1","24","Arizona","4/19/20","15","9","04003","60"
"Coconino","13","333","Arizona","4/19/20","243","90","04005","37.04"
"Gila","1","7","Arizona","4/19/20","3","4","04007","133.33"
"Graham","0","2","Arizona","4/19/20","2","0","04009","0"
"Greenlee","0","2","Arizona","4/19/20","2","0","04011","0"
"La Paz","0","5","Arizona","4/19/20","4","1","04012","25"
"Maricopa","90","2589","Arizona","4/19/20","1960","629","04013","32.09"
"Mohave","3","54","Arizona","4/19/20","30","24","04015","80"
"Navajo","18","459","Arizona","4/19/20","335","124","04017","37.01"
"Pima","42","913","Arizona","4/19/20","622","291","04019","46.78"
"Pinal","12","247","Arizona","4/19/20","163","84","04021","51.53"
"Santa Cruz","2","19","Arizona","4/19/20","8","11","04023","137.5"
"Yavapai","1","72","Arizona","4/19/20","63","9","04025","14.29"
"Yuma","1","29","Arizona","4/19/20","20","9","04027","45"
"Arkansas","0","2","Arkansas","4/19/20","2","0","05001","0"
"Ashley","0","11","Arkansas","4/19/20","10","1","05003","10"
"Baxter","0","5","Arkansas","4/19/20","4","1","05005","25"
"Benton","2","62","Arkansas","4/19/20","48","14","05007","29.17"
"Boone","0","3","Arkansas","4/19/20","3","0","05009","0"
"Bradley","0","7","Arkansas","4/19/20","7","0","05011","0"
"Carroll","0","2","Arkansas","4/19/20","2","0","05015","0"
"Chicot","0","7","Arkansas","4/19/20","5","2","05017","40"
"Clark","0","27","Arkansas","4/19/20","27","0","05019","0"
"Clay","0","1","Arkansas","4/19/20","1","0","05021","0"
"Cleburne","0","70","Arkansas","4/19/20","70","0","05023","0"
"Cleveland","0","8","Arkansas","4/19/20","8","0","05025","0"
"Columbia","0","5","Arkansas","4/19/20","3","2","05027","66.67"
"Conway","0","5","Arkansas","4/19/20","4","1","05029","25"
"Craighead","2","43","Arkansas","4/19/20","31","12","05031","38.71"
"Crawford","0","4","Arkansas","4/19/20","3","1","05033","33.33"
"Crittenden","7","139","Arkansas","4/19/20","93","46","05035","49.46"
"Cross","0","8","Arkansas","4/19/20","6","2","05037","33.33"
"Dallas","0","1","Arkansas","4/19/20","1","0","05039","0"
"Desha","0","7","Arkansas","4/19/20","6","1","05041","16.67"
"Drew","0","6","Arkansas","4/19/20","6","0","05043","0"
"Faulkner","0","62","Arkansas","4/19/20","59","3","05045","5.08"
"Franklin","0","1","Arkansas","4/19/20","1","0","05047","0"
"Garland","4","107","Arkansas","4/19/20","81","26","05051","32.1"
"Grant","0","11","Arkansas","4/19/20","10","1","05053","10"
"Greene","0","8","Arkansas","4/19/20","6","2","05055","33.33"
"Hempstead","0","5","Arkansas","4/19/20","5","0","05057","0"
"Hot Spring","0","8","Arkansas","4/19/20","8","0","05059","0"
"Howard","1","14","Arkansas","4/19/20","8","6","05061","75"
"Independence","0","8","Arkansas","4/19/20","5","3","05063","60"
"Izard","0","2","Arkansas","4/19/20","1","1","05065","100"
"Jackson","0","1","Arkansas","4/19/20","0","1","05067","1"
"Jefferson","3","118","Arkansas","4/19/20","95","23","05069","24.21"
"Johnson","1","22","Arkansas","4/19/20","13","9","05071","69.23"
"Lafayette","0","4","Arkansas","4/19/20","2","2","05073","100"
"Lawrence","2","26","Arkansas","4/19/20","11","15","05075","136.36"
"Lee","0","3","Arkansas","4/19/20","2","1","05077","50"
"Lincoln","14","111","Arkansas","4/19/20","11","100","05079","909.09"
"Logan","0","3","Arkansas","4/19/20","2","1","05083","50"
"Lonoke","-1","26","Arkansas","4/19/20","30","-4","05085","-13.33"
"Madison","0","1","Arkansas","4/19/20","1","0","05087","0"
"Marion","0","1","Arkansas","4/19/20","1","0","05089","0"
"Miller","1","29","Arkansas","4/19/20","22","7","05091","31.82"
"Mississippi","0","8","Arkansas","4/19/20","7","1","05093","14.29"
"Monroe","0","3","Arkansas","4/19/20","2","1","05095","50"
"Nevada","0","1","Arkansas","4/19/20","1","0","05099","0"
"Newton","0","2","Arkansas","4/19/20","1","1","05101","100"
"Ouachita","0","5","Arkansas","4/19/20","5","0","05103","0"
"Perry","0","3","Arkansas","4/19/20","2","1","05105","50"
"Phillips","0","4","Arkansas","4/19/20","3","1","05107","33.33"
"Pike","0","2","Arkansas","4/19/20","2","0","05109","0"
"Poinsett","0","10","Arkansas","4/19/20","7","3","05111","42.86"
"Polk","0","7","Arkansas","4/19/20","6","1","05113","16.67"
"Pope","1","35","Arkansas","4/19/20","30","5","05115","16.67"
"Prairie","0","2","Arkansas","4/19/20","2","0","05117","0"
"Pulaski","17","377","Arkansas","4/19/20","256","121","05119","47.27"
"Randolph","0","11","Arkansas","4/19/20","8","3","05121","37.5"
"Saline","2","43","Arkansas","4/19/20","32","11","05125","34.38"
"Scott","0","1","Arkansas","4/19/20","1","0","05127","0"
"Searcy","0","6","Arkansas","4/19/20","6","0","05129","0"
"Sebastian","0","11","Arkansas","4/19/20","10","1","05131","10"
"Sevier","0","9","Arkansas","4/19/20","8","1","05133","12.5"
"Sharp","0","2","Arkansas","4/19/20","2","0","05135","0"
"St. Francis","5","64","Arkansas","4/19/20","32","32","05123","100"
"Stone","0","7","Arkansas","4/19/20","7","0","05137","0"
"Union","1","24","Arkansas","4/19/20","18","6","05139","33.33"
"Van Buren","0","26","Arkansas","4/19/20","26","0","05141","0"
"Washington","1","46","Arkansas","4/19/20","37","9","05143","24.32"
"White","0","29","Arkansas","4/19/20","28","1","05145","3.57"
"Woodruff","0","1","Arkansas","4/19/20","1","0","05147","0"
"Yell","0","2","Arkansas","4/19/20","1","1","05149","100"
"Alameda","46","1164","California","4/19/20","845","319","06001","37.75"
"Alpine","0","2","California","4/19/20","2","0","06003","0"
"Amador","0","7","California","4/19/20","7","0","06005","0"
"Butte","0","16","California","4/19/20","14","2","06007","14.29"
"Calaveras","1","12","California","4/19/20","8","4","06009","50"
"Colusa","0","3","California","4/19/20","3","0","06011","0"
"Contra Costa","22","693","California","4/19/20","539","154","06013","28.57"
"Del Norte","0","2","California","4/19/20","2","0","06015","0"
"El Dorado","1","36","California","4/19/20","32","4","06017","12.5"
"Fresno","16","315","California","4/19/20","201","114","06019","56.72"
"Glenn","0","4","California","4/19/20","3","1","06021","33.33"
"Humboldt","0","52","California","4/19/20","50","2","06023","4"
"Imperial","10","155","California","4/19/20","87","68","06025","78.16"
"Inyo","1","18","California","4/19/20","12","6","06027","50"
"Kern","32","623","California","4/19/20","396","227","06029","57.32"
"Kings","3","28","California","4/19/20","10","18","06031","180"
"Lake","0","6","California","4/19/20","4","2","06033","50"
"Los Angeles","492","12341","California","4/19/20","8894","3447","06037","38.76"
"Madera","0","34","California","4/19/20","32","2","06039","6.25"
"Marin","5","189","California","4/19/20","153","36","06041","23.53"
"Mendocino","0","5","California","4/19/20","4","1","06045","25"
"Merced","4","90","California","4/19/20","65","25","06047","38.46"
"Mono","0","23","California","4/19/20","21","2","06051","9.52"
"Monterey","8","136","California","4/19/20","82","54","06053","65.85"
"Napa","2","47","California","4/19/20","34","13","06055","38.24"
"Nevada","0","36","California","4/19/20","34","2","06057","5.88"
"Orange","51","1636","California","4/19/20","1277","359","06059","28.11"
"Placer","1","132","California","4/19/20","124","8","06061","6.45"
"Plumas","0","4","California","4/19/20","4","0","06063","0"
"Riverside","146","2638","California","4/19/20","1619","1019","06065","62.94"
"Sacramento","31","925","California","4/19/20","707","218","06067","30.83"
"San Benito","1","44","California","4/19/20","35","9","06069","25.71"
"San Bernardino","68","1286","California","4/19/20","810","476","06071","58.77"
"San Diego","65","2213","California","4/19/20","1761","452","06073","25.67"
"San Francisco","41","1157","California","4/19/20","872","285","06075","32.68"
"San Joaquin","21","415","California","4/19/20","266","149","06077","56.02"
"San Luis Obispo","3","132","California","4/19/20","114","18","06079","15.79"
"San Mateo","27","838","California","4/19/20","652","186","06081","28.53"
"Santa Barbara","17","385","California","4/19/20","264","121","06083","45.83"
"Santa Clara","43","1870","California","4/19/20","1566","304","06085","19.41"
"Santa Cruz","2","104","California","4/19/20","88","16","06087","18.18"
"Shasta","0","26","California","4/19/20","24","2","06089","8.33"
"Siskiyou","0","5","California","4/19/20","5","0","06093","0"
"Solano","7","169","California","4/19/20","121","48","06095","39.67"
"Sonoma","5","180","California","4/19/20","145","35","06097","24.14"
"Stanislaus","14","221","California","4/19/20","121","100","06099","82.64"
"Sutter","-2","25","California","4/19/20","37","-12","06101","-32.43"
"Tehama","0","1","California","4/19/20","1","0","06103","0"
"Tulare","26","411","California","4/19/20","227","184","06107","81.06"
"Tuolumne","0","2","California","4/19/20","1","1","06109","100"
"Ventura","16","422","California","4/19/20","309","113","06111","36.57"
"Yolo","7","137","California","4/19/20","88","49","06113","55.68"
"Yuba","0","16","California","4/19/20","15","1","06115","6.67"
"Adams","38","915","Colorado","4/19/20","647","268","08001","41.42"
"Alamosa","0","7","Colorado","4/19/20","7","0","08003","0"
"Arapahoe","65","1536","Colorado","4/19/20","1083","453","08005","41.83"
"Archuleta","0","7","Colorado","4/19/20","6","1","08007","16.67"
"Baca","0","10","Colorado","4/19/20","10","0","08009","0"
"Boulder","13","352","Colorado","4/19/20","264","88","08013","33.33"
"Broomfield","3","101","Colorado","4/19/20","81","20","08014","24.69"
"Chaffee","1","38","Colorado","4/19/20","28","10","08015","35.71"
"Clear Creek","0","11","Colorado","4/19/20","11","0","08019","0"
"Costilla","0","3","Colorado","4/19/20","3","0","08023","0"
"Crowley","0","2","Colorado","4/19/20","2","0","08025","0"
"Custer","0","2","Colorado","4/19/20","2","0","08027","0"
"Delta","2","22","Colorado","4/19/20","6","16","08029","266.67"
"Denver","77","1784","Colorado","4/19/20","1247","537","08031","43.06"
"Douglas","10","368","Colorado","4/19/20","298","70","08035","23.49"
"Eagle","5","485","Colorado","4/19/20","452","33","08037","7.3"
"El Paso","17","731","Colorado","4/19/20","613","118","08041","19.25"
"Elbert","1","23","Colorado","4/19/20","16","7","08039","43.75"
"Fremont","0","10","Colorado","4/19/20","7","3","08043","42.86"
"Garfield","2","70","Colorado","4/19/20","55","15","08045","27.27"
"Gilpin","0","1","Colorado","4/19/20","1","0","08047","0"
"Grand","0","4","Colorado","4/19/20","4","0","08049","0"
"Gunnison","2","114","Colorado","4/19/20","101","13","08051","12.87"
"Hinsdale","0","3","Colorado","4/19/20","2","1","08053","50"
"Huerfano","0","1","Colorado","4/19/20","1","0","08055","0"
"Jefferson","28","957","Colorado","4/19/20","763","194","08059","25.43"
"Kit Carson","1","18","Colorado","4/19/20","8","10","08063","125"
"La Plata","1","52","Colorado","4/19/20","44","8","08067","18.18"
"Lake","1","8","Colorado","4/19/20","4","4","08065","100"
"Larimer","7","239","Colorado","4/19/20","187","52","08069","27.81"
"Las Animas","0","3","Colorado","4/19/20","2","1","08071","50"
"Lincoln","0","3","Colorado","4/19/20","1","2","08073","200"
"Logan","1","17","Colorado","4/19/20","13","4","08075","30.77"
"Mesa","0","35","Colorado","4/19/20","35","0","08077","0"
"Mineral","0","2","Colorado","4/19/20","2","0","08079","0"
"Moffat","0","4","Colorado","4/19/20","3","1","08081","33.33"
"Montezuma","0","13","Colorado","4/19/20","12","1","08083","8.33"
"Montrose","3","77","Colorado","4/19/20","57","20","08085","35.09"
"Morgan","14","157","Colorado","4/19/20","59","98","08087","166.1"
"Otero","0","6","Colorado","4/19/20","5","1","08089","20"
"Ouray","0","5","Colorado","4/19/20","4","1","08091","25"
"Park","0","6","Colorado","4/19/20","6","0","08093","0"
"Phillips","0","5","Colorado","4/19/20","4","1","08095","25"
"Pitkin","1","57","Colorado","4/19/20","49","8","08097","16.33"
"Prowers","0","1","Colorado","4/19/20","1","0","08099","0"
"Pueblo","4","87","Colorado","4/19/20","58","29","08101","50"
"Rio Blanco","0","1","Colorado","4/19/20","1","0","08103","0"
"Rio Grande","0","7","Colorado","4/19/20","5","2","08105","40"
"Routt","2","49","Colorado","4/19/20","36","13","08107","36.11"
"Saguache","0","3","Colorado","4/19/20","3","0","08109","0"
"San Miguel","0","15","Colorado","4/19/20","12","3","08113","25"
"Summit","3","93","Colorado","4/19/20","72","21","08117","29.17"
"Teller","1","24","Colorado","4/19/20","16","8","08119","50"
"Washington","1","6","Colorado","4/19/20","2","4","08121","200"
"Weld","46","1063","Colorado","4/19/20","738","325","08123","44.04"
"Yuma","0","3","Colorado","4/19/20","2","1","08125","50"
"Fairfield","271","7434","Connecticut","4/19/20","5534","1900","09001","34.33"
"Hartford","205","3351","Connecticut","4/19/20","1914","1437","09003","75.08"
"Litchfield","28","600","Connecticut","4/19/20","403","197","09005","48.88"
"Middlesex","23","462","Connecticut","4/19/20","299","163","09007","54.52"
"New Haven","275","4871","Connecticut","4/19/20","2946","1925","09009","65.34"
"New London","21","339","Connecticut","4/19/20","190","149","09011","78.42"
"Tolland","13","276","Connecticut","4/19/20","182","94","09013","51.65"
"Windham","5","100","Connecticut","4/19/20","66","34","09015","51.52"
"Kent","19","417","Delaware","4/19/20","281","136","10001","48.4"
"New Castle","46","1205","Delaware","4/19/20","880","325","10003","36.93"
"Sussex","60","886","Delaware","4/19/20","464","422","10005","90.95"
"","0","49","Diamond Princess","4/19/20","49","0",,"0"
"District of Columbia","131","2793","District of Columbia","4/19/20","1875","918","11001","48.96"
"Alachua","-1","210","Florida","4/19/20","215","-5","12001","-2.33"
"Baker","0","17","Florida","4/19/20","17","0","12003","0"
"Bay","3","55","Florida","4/19/20","37","18","12005","48.65"
"Bradford","2","42","Florida","4/19/20","29","13","12007","44.83"
"Brevard","12","215","Florida","4/19/20","133","82","12009","61.65"
"Broward","147","3971","Florida","4/19/20","2945","1026","12011","34.84"
"Calhoun","0","6","Florida","4/19/20","5","1","12013","20"
"Charlotte","4","138","Florida","4/19/20","113","25","12015","22.12"
"Citrus","2","84","Florida","4/19/20","71","13","12017","18.31"
"Clay","12","247","Florida","4/19/20","163","84","12019","51.53"
"Collier","15","463","Florida","4/19/20","361","102","12021","28.25"
"Columbia","2","39","Florida","4/19/20","26","13","12023","50"
"DeSoto","1","24","Florida","4/19/20","20","4","12027","20"
"Dixie","0","3","Florida","4/19/20","2","1","12029","50"
"Duval","27","854","Florida","4/19/20","668","186","12031","27.84"
"Escambia","12","309","Florida","4/19/20","224","85","12033","37.95"
"Flagler","4","75","Florida","4/19/20","45","30","12035","66.67"
"Franklin","0","2","Florida","4/19/20","2","0","12037","0"
"Gadsden","5","51","Florida","4/19/20","17","34","12039","200"
"Gilchrist","0","4","Florida","4/19/20","4","0","12041","0"
"Glades","0","5","Florida","4/19/20","4","1","12043","25"
"Gulf","0","1","Florida","4/19/20","1","0","12045","0"
"Hamilton","0","3","Florida","4/19/20","2","1","12047","50"
"Hardee","0","4","Florida","4/19/20","3","1","12049","33.33"
"Hendry","3","41","Florida","4/19/20","20","21","12051","105"
"Hernando","2","84","Florida","4/19/20","71","13","12053","18.31"
"Highlands","2","70","Florida","4/19/20","56","14","12055","25"
"Hillsborough","29","960","Florida","4/19/20","759","201","12057","26.48"
"Holmes","1","6","Florida","4/19/20","2","4","12059","200"
"Indian River","1","84","Florida","4/19/20","74","10","12061","13.51"
"Jackson","0","8","Florida","4/19/20","6","2","12063","33.33"
"Jefferson","2","26","Florida","4/19/20","12","14","12065","116.67"
"Lafayette","0","1","Florida","4/19/20","1","0","12067","0"
"Lake","8","207","Florida","4/19/20","150","57","12069","38"
"Lee","22","769","Florida","4/19/20","617","152","12071","24.64"
"Leon","8","176","Florida","4/19/20","120","56","12073","46.67"
"Levy","1","12","Florida","4/19/20","8","4","12075","50"
"Liberty","0","2","Florida","4/19/20","1","1","12077","100"
"Madison","1","21","Florida","4/19/20","14","7","12079","50"
"Manatee","26","417","Florida","4/19/20","236","181","12081","76.69"
"Marion","4","121","Florida","4/19/20","93","28","12083","30.11"
"Martin","4","151","Florida","4/19/20","122","29","12085","23.77"
"Miami-Dade","328","9354","Florida","4/19/20","7058","2296","12086","32.53"
"Monroe","2","73","Florida","4/19/20","59","14","12087","23.73"
"Nassau","1","44","Florida","4/19/20","34","10","12089","29.41"
"Okaloosa","4","131","Florida","4/19/20","101","30","12091","29.7"
"Okeechobee","0","7","Florida","4/19/20","5","2","12093","40"
"Orange","36","1198","Florida","4/19/20","949","249","12095","26.24"
"Osceola","12","409","Florida","4/19/20","323","86","12097","26.63"
"Palm Beach","75","2170","Florida","4/19/20","1646","524","12099","31.83"
"Pasco","6","205","Florida","4/19/20","160","45","12101","28.12"
"Pinellas","20","592","Florida","4/19/20","455","137","12103","30.11"
"Polk","10","326","Florida","4/19/20","254","72","12105","28.35"
"Putnam","2","56","Florida","4/19/20","43","13","12107","30.23"
"Santa Rosa","4","138","Florida","4/19/20","109","29","12113","26.61"
"Sarasota","8","284","Florida","4/19/20","226","58","12115","25.66"
"Seminole","9","320","Florida","4/19/20","255","65","12117","25.49"
"St. Johns","2","190","Florida","4/19/20","173","17","12109","9.83"
"St. Lucie","7","202","Florida","4/19/20","152","50","12111","32.89"
"Sumter","5","147","Florida","4/19/20","110","37","12119","33.64"
"Suwannee","4","98","Florida","4/19/20","67","31","12121","46.27"
"Taylor","0","1","Florida","4/19/20","1","0","12123","0"
"Union","0","3","Florida","4/19/20","2","1","12125","50"
"Volusia","19","333","Florida","4/19/20","201","132","12127","65.67"
"Wakulla","1","14","Florida","4/19/20","8","6","12129","75"
"Walton","0","32","Florida","4/19/20","29","3","12131","10.34"
"Washington","0","6","Florida","4/19/20","4","2","12133","50"
"Appling","2","20","Georgia","4/19/20","9","11","13001","122.22"
"Atkinson","0","5","Georgia","4/19/20","2","3","13003","150"
"Bacon","1","18","Georgia","4/19/20","14","4","13005","28.57"
"Baker","0","17","Georgia","4/19/20","14","3","13007","21.43"
"Baldwin","8","110","Georgia","4/19/20","52","58","13009","111.54"
"Banks","1","14","Georgia","4/19/20","7","7","13011","100"
"Barrow","5","90","Georgia","4/19/20","55","35","13013","63.64"
"Bartow","5","248","Georgia","4/19/20","212","36","13015","16.98"
"Ben Hill","1","15","Georgia","4/19/20","8","7","13017","87.5"
"Berrien","1","10","Georgia","4/19/20","6","4","13019","66.67"
"Bibb","19","199","Georgia","4/19/20","67","132","13021","197.01"
"Bleckley","1","6","Georgia","4/19/20","1","5","13023","500"
"Brantley","1","18","Georgia","4/19/20","8","10","13025","125"
"Brooks","1","23","Georgia","4/19/20","18","5","13027","27.78"
"Bryan","1","33","Georgia","4/19/20","29","4","13029","13.79"
"Bulloch","2","27","Georgia","4/19/20","16","11","13031","68.75"
"Burke","3","47","Georgia","4/19/20","28","19","13033","67.86"
"Butts","2","43","Georgia","4/19/20","28","15","13035","53.57"
"Calhoun","2","57","Georgia","4/19/20","43","14","13037","32.56"
"Camden","1","28","Georgia","4/19/20","20","8","13039","40"
"Candler","0","5","Georgia","4/19/20","4","1","13043","25"
"Carroll","11","281","Georgia","4/19/20","204","77","13045","37.75"
"Catoosa","1","19","Georgia","4/19/20","12","7","13047","58.33"
"Charlton","0","6","Georgia","4/19/20","3","3","13049","100"
"Chatham","5","179","Georgia","4/19/20","147","32","13051","21.77"
"Chattahoochee","0","6","Georgia","4/19/20","3","3","13053","100"
"Chattooga","0","9","Georgia","4/19/20","6","3","13055","50"
"Cherokee","15","293","Georgia","4/19/20","186","107","13057","57.53"
"Clarke","4","108","Georgia","4/19/20","83","25","13059","30.12"
"Clay","1","20","Georgia","4/19/20","15","5","13061","33.33"
"Clayton","22","519","Georgia","4/19/20","362","157","13063","43.37"
"Clinch","1","7","Georgia","4/19/20","3","4","13065","133.33"
"Cobb","59","1125","Georgia","4/19/20","714","411","13067","57.56"
"Coffee","3","79","Georgia","4/19/20","56","23","13069","41.07"
"Colquitt","5","122","Georgia","4/19/20","87","35","13071","40.23"
"Columbia","5","101","Georgia","4/19/20","68","33","13073","48.53"
"Cook","1","12","Georgia","4/19/20","7","5","13075","71.43"
"Coweta","8","161","Georgia","4/19/20","103","58","13077","56.31"
"Crawford","1","13","Georgia","4/19/20","3","10","13079","333.33"
"Crisp","7","118","Georgia","4/19/20","70","48","13081","68.57"
"Dade","1","8","Georgia","4/19/20","2","6","13083","300"
"Dawson","3","44","Georgia","4/19/20","26","18","13085","69.23"
"Decatur","5","61","Georgia","4/19/20","29","32","13087","110.34"
"DeKalb","83","1452","Georgia","4/19/20","869","583","13089","67.09"
"Dodge","1","19","Georgia","4/19/20","13","6","13091","46.15"
"Dooly","4","70","Georgia","4/19/20","40","30","13093","75"
"Dougherty","38","1422","Georgia","4/19/20","1154","268","13095","23.22"
"Douglas","11","230","Georgia","4/19/20","153","77","13097","50.33"
"Early","7","169","Georgia","4/19/20","121","48","13099","39.67"
"Echols","0","4","Georgia","4/19/20","2","2","13101","100"
"Effingham","1","26","Georgia","4/19/20","22","4","13103","18.18"
"Elbert","1","7","Georgia","4/19/20","3","4","13105","133.33"
"Emanuel","1","12","Georgia","4/19/20","8","4","13107","50"
"Evans","0","2","Georgia","4/19/20","0","2","13109","1"
"Fannin","1","16","Georgia","4/19/20","9","7","13111","77.78"
"Fayette","6","139","Georgia","4/19/20","99","40","13113","40.4"
"Floyd","2","122","Georgia","4/19/20","108","14","13115","12.96"
"Forsyth","10","200","Georgia","4/19/20","130","70","13117","53.85"
"Franklin","1","10","Georgia","4/19/20","4","6","13119","150"
"Fulton","92","2110","Georgia","4/19/20","1467","643","13121","43.83"
"Gilmer","1","11","Georgia","4/19/20","7","4","13123","57.14"
"Glynn","2","49","Georgia","4/19/20","33","16","13127","48.48"
"Gordon","4","64","Georgia","4/19/20","35","29","13129","82.86"
"Grady","2","31","Georgia","4/19/20","15","16","13131","106.67"
"Greene","3","43","Georgia","4/19/20","25","18","13133","72"
"Gwinnett","58","1099","Georgia","4/19/20","690","409","13135","59.28"
"Habersham","9","74","Georgia","4/19/20","14","60","13137","428.57"
"Hall","49","621","Georgia","4/19/20","279","342","13139","122.58"
"Hancock","1","7","Georgia","4/19/20","3","4","13141","133.33"
"Haralson","1","20","Georgia","4/19/20","16","4","13143","25"
"Harris","3","39","Georgia","4/19/20","19","20","13145","105.26"
"Hart","0","6","Georgia","4/19/20","3","3","13147","100"
"Heard","1","8","Georgia","4/19/20","4","4","13149","100"
"Henry","15","367","Georgia","4/19/20","260","107","13151","41.15"
"Houston","7","166","Georgia","4/19/20","115","51","13153","44.35"
"Irwin","1","15","Georgia","4/19/20","11","4","13155","36.36"
"Jackson","3","48","Georgia","4/19/20","27","21","13157","77.78"
"Jasper","2","17","Georgia","4/19/20","6","11","13159","183.33"
"Jeff Davis","1","6","Georgia","4/19/20","1","5","13161","500"
"Jefferson","1","11","Georgia","4/19/20","6","5","13163","83.33"
"Jenkins","0","12","Georgia","4/19/20","9","3","13165","33.33"
"Johnson","2","33","Georgia","4/19/20","19","14","13167","73.68"
"Jones","1","17","Georgia","4/19/20","11","6","13169","54.55"
"Lamar","1","25","Georgia","4/19/20","16","9","13171","56.25"
"Lanier","0","6","Georgia","4/19/20","5","1","13173","20"
"Laurens","2","43","Georgia","4/19/20","32","11","13175","34.38"
"Lee","5","272","Georgia","4/19/20","239","33","13177","13.81"
"Liberty","2","32","Georgia","4/19/20","17","15","13179","88.24"
"Lincoln","0","9","Georgia","4/19/20","8","1","13181","12.5"
"Long","0","2","Georgia","4/19/20","1","1","13183","100"
"Lowndes","5","95","Georgia","4/19/20","59","36","13185","61.02"
"Lumpkin","2","23","Georgia","4/19/20","9","14","13187","155.56"
"Macon","4","49","Georgia","4/19/20","21","28","13193","133.33"
"Madison","1","14","Georgia","4/19/20","10","4","13195","40"
"Marion","3","28","Georgia","4/19/20","10","18","13197","180"
"McDuffie","2","37","Georgia","4/19/20","22","15","13189","68.18"
"McIntosh","0","4","Georgia","4/19/20","3","1","13191","33.33"
"Meriwether","3","42","Georgia","4/19/20","23","19","13199","82.61"
"Miller","2","22","Georgia","4/19/20","10","12","13201","120"
"Mitchell","11","213","Georgia","4/19/20","136","77","13205","56.62"
"Monroe","0","15","Georgia","4/19/20","12","3","13207","25"
"Montgomery","0","2","Georgia","4/19/20","2","0","13209","0"
"Morgan","1","21","Georgia","4/19/20","14","7","13211","50"
"Murray","1","18","Georgia","4/19/20","14","4","13213","28.57"
"Muscogee","10","219","Georgia","4/19/20","146","73","13215","50"
"Newton","7","128","Georgia","4/19/20","79","49","13217","62.03"
"Oconee","2","50","Georgia","4/19/20","38","12","13219","31.58"
"Oglethorpe","3","32","Georgia","4/19/20","12","20","13221","166.67"
"Out of GA","124","868","Georgia","4/19/20","0","868","80013","1"
"Paulding","8","133","Georgia","4/19/20","80","53","13223","66.25"
"Peach","1","32","Georgia","4/19/20","22","10","13225","45.45"
"Pickens","1","18","Georgia","4/19/20","12","6","13227","50"
"Pierce","1","51","Georgia","4/19/20","45","6","13229","13.33"
"Pike","2","32","Georgia","4/19/20","16","16","13231","100"
"Polk","1","30","Georgia","4/19/20","22","8","13233","36.36"
"Pulaski","1","16","Georgia","4/19/20","9","7","13235","77.78"
"Putnam","2","21","Georgia","4/19/20","6","15","13237","250"
"Quitman","0","3","Georgia","4/19/20","3","0","13239","0"
"Rabun","0","7","Georgia","4/19/20","6","1","13241","16.67"
"Randolph","5","141","Georgia","4/19/20","105","36","13243","34.29"
"Richmond","18","264","Georgia","4/19/20","140","124","13245","88.57"
"Rockdale","5","128","Georgia","4/19/20","95","33","13247","34.74"
"Schley","1","16","Georgia","4/19/20","12","4","13249","33.33"
"Screven","1","11","Georgia","4/19/20","7","4","13251","57.14"
"Seminole","1","21","Georgia","4/19/20","15","6","13253","40"
"Spalding","8","128","Georgia","4/19/20","71","57","13255","80.28"
"Stephens","3","35","Georgia","4/19/20","17","18","13257","105.88"
"Stewart","1","15","Georgia","4/19/20","6","9","13259","150"
"Sumter","15","332","Georgia","4/19/20","227","105","13261","46.26"
"Talbot","1","16","Georgia","4/19/20","9","7","13263","77.78"
"Tattnall","0","5","Georgia","4/19/20","5","0","13267","0"
"Taylor","1","11","Georgia","4/19/20","7","4","13269","57.14"
"Telfair","1","14","Georgia","4/19/20","9","5","13271","55.56"
"Terrell","6","148","Georgia","4/19/20","107","41","13273","38.32"
"Thomas","7","127","Georgia","4/19/20","77","50","13275","64.94"
"Tift","4","86","Georgia","4/19/20","59","27","13277","45.76"
"Toombs","1","20","Georgia","4/19/20","11","9","13279","81.82"
"Towns","1","13","Georgia","4/19/20","3","10","13281","333.33"
"Treutlen","0","1","Georgia","4/19/20","1","0","13283","0"
"Troup","4","87","Georgia","4/19/20","57","30","13285","52.63"
"Turner","3","56","Georgia","4/19/20","38","18","13287","47.37"
"Twiggs","0","4","Georgia","4/19/20","2","2","13289","100"
"Union","1","14","Georgia","4/19/20","7","7","13291","100"
"Upson","16","170","Georgia","4/19/20","55","115","13293","209.09"
"Walker","1","15","Georgia","4/19/20","6","9","13295","150"
"Walton","3","60","Georgia","4/19/20","39","21","13297","53.85"
"Ware","5","85","Georgia","4/19/20","53","32","13299","60.38"
"Warren","1","10","Georgia","4/19/20","6","4","13301","66.67"
"Washington","0","25","Georgia","4/19/20","22","3","13303","13.64"
"Wayne","0","7","Georgia","4/19/20","4","3","13305","75"
"Webster","0","5","Georgia","4/19/20","3","2","13307","66.67"
"Wheeler","0","3","Georgia","4/19/20","2","1","13309","50"
"White","1","20","Georgia","4/19/20","11","9","13311","81.82"
"Whitfield","3","43","Georgia","4/19/20","24","19","13313","79.17"
"Wilcox","3","43","Georgia","4/19/20","22","21","13315","95.45"
"Wilkes","2","17","Georgia","4/19/20","6","11","13317","183.33"
"Wilkinson","1","20","Georgia","4/19/20","11","9","13319","81.82"
"Worth","5","121","Georgia","4/19/20","84","37","13321","44.05"
"","0","103","Grand Princess","4/19/20","103","0",,"0"
"","0","136","Guam","4/19/20","133","3",,"2.26"
"Hawaii","3","62","Hawaii","4/19/20","39","23","15001","58.97"
"Honolulu","5","385","Hawaii","4/19/20","350","35","15003","10"
"Kauai","0","21","Hawaii","4/19/20","21","0","15007","0"
"Maui","3","106","Hawaii","4/19/20","84","22","15009","26.19"
"Out of HI","1","6","Hawaii","4/19/20","2","4","80015","200"
"Ada","12","598","Idaho","4/19/20","517","81","16001","15.67"
"Adams","0","1","Idaho","4/19/20","1","0","16003","0"
"Bannock","0","8","Idaho","4/19/20","5","3","16005","60"
"Bingham","0","3","Idaho","4/19/20","2","1","16011","50"
"Blaine","3","475","Idaho","4/19/20","454","21","16013","4.63"
"Bonner","0","4","Idaho","4/19/20","4","0","16017","0"
"Bonneville","2","24","Idaho","4/19/20","12","12","16019","100"
"Camas","0","1","Idaho","4/19/20","1","0","16025","0"
"Canyon","6","187","Idaho","4/19/20","146","41","16027","28.08"
"Caribou","0","1","Idaho","4/19/20","1","0","16029","0"
"Cassia","0","10","Idaho","4/19/20","7","3","16031","42.86"
"Custer","0","2","Idaho","4/19/20","2","0","16037","0"
"Elmore","1","22","Idaho","4/19/20","16","6","16039","37.5"
"Fremont","0","2","Idaho","4/19/20","2","0","16043","0"
"Gem","0","10","Idaho","4/19/20","9","1","16045","11.11"
"Gooding","0","8","Idaho","4/19/20","5","3","16047","60"
"Idaho","0","3","Idaho","4/19/20","3","0","16049","0"
"Jefferson","0","5","Idaho","4/19/20","4","1","16051","25"
"Jerome","2","44","Idaho","4/19/20","29","15","16053","51.72"
"Kootenai","1","50","Idaho","4/19/20","44","6","16055","13.64"
"Latah","0","3","Idaho","4/19/20","3","0","16057","0"
"Lincoln","0","17","Idaho","4/19/20","14","3","16063","21.43"
"Madison","0","8","Idaho","4/19/20","5","3","16065","60"
"Minidoka","1","10","Idaho","4/19/20","4","6","16067","150"
"Nez Perce","2","30","Idaho","4/19/20","19","11","16069","57.89"
"Owyhee","0","4","Idaho","4/19/20","4","0","16073","0"
"Payette","0","10","Idaho","4/19/20","8","2","16075","25"
"Power","0","2","Idaho","4/19/20","2","0","16077","0"
"Teton","0","8","Idaho","4/19/20","6","2","16081","33.33"
"Twin Falls","6","115","Idaho","4/19/20","75","40","16083","53.33"
"Valley","0","2","Idaho","4/19/20","2","0","16085","0"
"Washington","0","1","Idaho","4/19/20","1","0","16087","0"
"Adams","1","34","Illinois","4/19/20","25","9","17001","36"
"Alexander","0","2","Illinois","4/19/20","0","2","17003","1"
"Bond","0","4","Illinois","4/19/20","4","0","17005","0"
"Boone","3","30","Illinois","4/19/20","7","23","17007","328.57"
"Bureau","0","8","Illinois","4/19/20","5","3","17011","60"
"Calhoun","0","1","Illinois","4/19/20","1","0","17013","0"
"Carroll","0","6","Illinois","4/19/20","5","1","17015","20"
"Champaign","1","95","Illinois","4/19/20","86","9","17019","10.47"
"Christian","0","25","Illinois","4/19/20","24","1","17021","4.17"
"Clark","0","4","Illinois","4/19/20","3","1","17023","33.33"
"Clay","0","1","Illinois","4/19/20","0","1","17025","1"
"Clinton","1","45","Illinois","4/19/20","37","8","17027","21.62"
"Coles","1","16","Illinois","4/19/20","6","10","17029","166.67"
"Cook","955","21272","Illinois","4/19/20","14585","6687","17031","45.85"
"Crawford","0","4","Illinois","4/19/20","4","0","17033","0"
"Cumberland","0","2","Illinois","4/19/20","2","0","17035","0"
"De Witt","0","1","Illinois","4/19/20","1","0","17039","0"
"DeKalb","3","55","Illinois","4/19/20","34","21","17037","61.76"
"Douglas","0","12","Illinois","4/19/20","11","1","17041","9.09"
"DuPage","76","1695","Illinois","4/19/20","1162","533","17043","45.87"
"Effingham","0","4","Illinois","4/19/20","3","1","17049","33.33"
"Fayette","1","15","Illinois","4/19/20","11","4","17051","36.36"
"Ford","0","5","Illinois","4/19/20","4","1","17053","25"
"Franklin","0","5","Illinois","4/19/20","4","1","17055","25"
"Fulton","0","1","Illinois","4/19/20","1","0","17057","0"
"Gallatin","0","2","Illinois","4/19/20","1","1","17059","100"
"Greene","0","1","Illinois","4/19/20","1","0","17061","0"
"Grundy","1","26","Illinois","4/19/20","21","5","17063","23.81"
"Hamilton","0","1","Illinois","4/19/20","0","1","17065","1"
"Hancock","0","3","Illinois","4/19/20","1","2","17067","200"
"Henderson","0","2","Illinois","4/19/20","0","2","17071","1"
"Henry","1","30","Illinois","4/19/20","22","8","17073","36.36"
"Iroquois","1","13","Illinois","4/19/20","9","4","17075","44.44"
"Jackson","2","42","Illinois","4/19/20","31","11","17077","35.48"
"Jasper","2","20","Illinois","4/19/20","3","17","17079","566.67"
"Jefferson","3","31","Illinois","4/19/20","7","24","17081","342.86"
"Jersey","0","8","Illinois","4/19/20","6","2","17083","33.33"
"Jo Daviess","0","12","Illinois","4/19/20","11","1","17085","9.09"
"Johnson","0","2","Illinois","4/19/20","0","2","17087","1"
"Kane","29","605","Illinois","4/19/20","403","202","17089","50.12"
"Kankakee","10","275","Illinois","4/19/20","204","71","17091","34.8"
"Kendall","4","135","Illinois","4/19/20","105","30","17093","28.57"
"Knox","1","9","Illinois","4/19/20","2","7","17095","350"
"Lake","102","2162","Illinois","4/19/20","1445","717","17097","49.62"
"LaSalle","1","28","Illinois","4/19/20","20","8","17099","40"
"Lawrence","0","2","Illinois","4/19/20","2","0","17101","0"
"Lee","1","17","Illinois","4/19/20","13","4","17103","30.77"
"Livingston","0","17","Illinois","4/19/20","16","1","17105","6.25"
"Logan","0","4","Illinois","4/19/20","3","1","17107","33.33"
"Macon","3","54","Illinois","4/19/20","35","19","17115","54.29"
"Macoupin","1","21","Illinois","4/19/20","16","5","17117","31.25"
"Madison","10","180","Illinois","4/19/20","110","70","17119","63.64"
"Marion","1","20","Illinois","4/19/20","13","7","17121","53.85"
"Marshall","0","4","Illinois","4/19/20","1","3","17123","300"
"Mason","0","4","Illinois","4/19/20","3","1","17125","33.33"
"Massac","0","3","Illinois","4/19/20","2","1","17127","50"
"McDonough","0","3","Illinois","4/19/20","1","2","17109","200"
"McHenry","15","340","Illinois","4/19/20","235","105","17111","44.68"
"McLean","1","85","Illinois","4/19/20","77","8","17113","10.39"
"Menard","0","3","Illinois","4/19/20","2","1","17129","50"
"Mercer","0","5","Illinois","4/19/20","2","3","17131","150"
"Monroe","1","53","Illinois","4/19/20","46","7","17133","15.22"
"Montgomery","1","14","Illinois","4/19/20","8","6","17135","75"
"Morgan","0","12","Illinois","4/19/20","10","2","17137","20"
"Moultrie","0","2","Illinois","4/19/20","2","0","17139","0"
"Ogle","4","48","Illinois","4/19/20","18","30","17141","166.67"
"Peoria","2","39","Illinois","4/19/20","27","12","17143","44.44"
"Perry","0","1","Illinois","4/19/20","1","0","17145","0"
"Piatt","0","7","Illinois","4/19/20","6","1","17147","16.67"
"Pike","0","1","Illinois","4/19/20","1","0","17149","0"
"Pulaski","1","9","Illinois","4/19/20","5","4","17153","80"
"Randolph","2","57","Illinois","4/19/20","40","17","17157","42.5"
"Richland","0","2","Illinois","4/19/20","1","1","17159","100"
"Rock Island","14","188","Illinois","4/19/20","91","97","17161","106.59"
"Saline","0","3","Illinois","4/19/20","3","0","17165","0"
"Sangamon","3","62","Illinois","4/19/20","43","19","17167","44.19"
"Schuyler","0","1","Illinois","4/19/20","1","0","17169","0"
"Shelby","0","4","Illinois","4/19/20","4","0","17173","0"
"St. Clair","12","271","Illinois","4/19/20","189","82","17163","43.39"
"Stark","0","1","Illinois","4/19/20","1","0","17175","0"
"Stephenson","1","12","Illinois","4/19/20","8","4","17177","50"
"Tazewell","1","26","Illinois","4/19/20","19","7","17179","36.84"
"Union","1","5","Illinois","4/19/20","0","5","17181","1"
"Vermilion","0","9","Illinois","4/19/20","8","1","17183","12.5"
"Wabash","0","1","Illinois","4/19/20","2","-1","17185","-50"
"Warren","2","13","Illinois","4/19/20","2","11","17187","550"
"Washington","1","7","Illinois","4/19/20","2","5","17189","250"
"Wayne","0","1","Illinois","4/19/20","0","1","17191","1"
"Whiteside","1","36","Illinois","4/19/20","26","10","17195","38.46"
"Will","59","1643","Illinois","4/19/20","1228","415","17197","33.79"
"Williamson","1","14","Illinois","4/19/20","10","4","17199","40"
"Winnebago","12","178","Illinois","4/19/20","94","84","17201","89.36"
"Woodford","1","11","Illinois","4/19/20","7","4","17203","57.14"
"Adams","0","7","Indiana","4/19/20","5","2","18001","40"
"Allen","22","301","Indiana","4/19/20","147","154","18003","104.76"
"Bartholomew","4","136","Indiana","4/19/20","110","26","18005","23.64"
"Benton","0","4","Indiana","4/19/20","2","2","18007","100"
"Blackford","0","6","Indiana","4/19/20","5","1","18009","20"
"Boone","6","153","Indiana","4/19/20","109","44","18011","40.37"
"Brown","0","14","Indiana","4/19/20","12","2","18013","16.67"
"Carroll","0","6","Indiana","4/19/20","5","1","18015","20"
"Cass","7","71","Indiana","4/19/20","22","49","18017","222.73"
"Clark","7","162","Indiana","4/19/20","112","50","18019","44.64"
"Clay","1","18","Indiana","4/19/20","11","7","18021","63.64"
"Clinton","1","18","Indiana","4/19/20","11","7","18023","63.64"
"Crawford","0","12","Indiana","4/19/20","12","0","18025","0"
"Daviess","3","34","Indiana","4/19/20","10","24","18027","240"
"Dearborn","1","68","Indiana","4/19/20","60","8","18029","13.33"
"Decatur","6","168","Indiana","4/19/20","127","41","18031","32.28"
"DeKalb","1","13","Indiana","4/19/20","5","8","18033","160"
"Delaware","6","110","Indiana","4/19/20","66","44","18035","66.67"
"Dubois","0","16","Indiana","4/19/20","13","3","18037","23.08"
"Elkhart","10","152","Indiana","4/19/20","83","69","18039","83.13"
"Fayette","0","22","Indiana","4/19/20","20","2","18041","10"
"Floyd","5","142","Indiana","4/19/20","107","35","18043","32.71"
"Fountain","0","6","Indiana","4/19/20","3","3","18045","100"
"Franklin","3","89","Indiana","4/19/20","69","20","18047","28.99"
"Fulton","0","6","Indiana","4/19/20","3","3","18049","100"
"Gibson","0","5","Indiana","4/19/20","4","1","18051","25"
"Grant","6","75","Indiana","4/19/20","36","39","18053","108.33"
"Greene","3","42","Indiana","4/19/20","19","23","18055","121.05"
"Hamilton","15","583","Indiana","4/19/20","478","105","18057","21.97"
"Hancock","4","143","Indiana","4/19/20","118","25","18059","21.19"
"Harrison","5","87","Indiana","4/19/20","55","32","18061","58.18"
"Hendricks","22","471","Indiana","4/19/20","315","156","18063","49.52"
"Henry","1","31","Indiana","4/19/20","23","8","18065","34.78"
"Howard","3","68","Indiana","4/19/20","48","20","18067","41.67"
"Huntington","0","6","Indiana","4/19/20","7","-1","18069","-14.29"
"Jackson","3","90","Indiana","4/19/20","70","20","18071","28.57"
"Jasper","1","22","Indiana","4/19/20","17","5","18073","29.41"
"Jay","1","9","Indiana","4/19/20","4","5","18075","125"
"Jefferson","1","18","Indiana","4/19/20","12","6","18077","50"
"Jennings","1","64","Indiana","4/19/20","56","8","18079","14.29"
"Johnson","13","411","Indiana","4/19/20","317","94","18081","29.65"
"Knox","0","18","Indiana","4/19/20","15","3","18083","20"
"Kosciusko","1","22","Indiana","4/19/20","18","4","18085","22.22"
"LaGrange","1","16","Indiana","4/19/20","12","4","18087","33.33"
"Lake","52","1105","Indiana","4/19/20","744","361","18089","48.52"
"LaPorte","15","140","Indiana","4/19/20","33","107","18091","324.24"
"Lawrence","2","79","Indiana","4/19/20","68","11","18093","16.18"
"Madison","11","332","Indiana","4/19/20","254","78","18095","30.71"
"Marion","143","3889","Indiana","4/19/20","2887","1002","18097","34.71"
"Marshall","1","23","Indiana","4/19/20","19","4","18099","21.05"
"Martin","0","5","Indiana","4/19/20","5","0","18101","0"
"Miami","1","22","Indiana","4/19/20","16","6","18103","37.5"
"Monroe","4","114","Indiana","4/19/20","83","31","18105","37.35"
"Montgomery","0","25","Indiana","4/19/20","22","3","18107","13.64"
"Morgan","2","116","Indiana","4/19/20","101","15","18109","14.85"
"Newton","1","31","Indiana","4/19/20","26","5","18111","19.23"
"Noble","3","36","Indiana","4/19/20","14","22","18113","157.14"
"Ohio","0","1","Indiana","4/19/20","1","0","18115","0"
"Orange","2","30","Indiana","4/19/20","17","13","18117","76.47"
"Owen","0","21","Indiana","4/19/20","19","2","18119","10.53"
"Parke","0","9","Indiana","4/19/20","7","2","18121","28.57"
"Perry","0","5","Indiana","4/19/20","3","2","18123","66.67"
"Pike","0","1","Indiana","4/19/20","1","0","18125","0"
"Porter","8","175","Indiana","4/19/20","118","57","18127","48.31"
"Posey","0","7","Indiana","4/19/20","5","2","18129","40"
"Pulaski","0","1","Indiana","4/19/20","1","0","18131","0"
"Putnam","3","51","Indiana","4/19/20","32","19","18133","59.38"
"Randolph","0","12","Indiana","4/19/20","10","2","18135","20"
"Ripley","0","82","Indiana","4/19/20","84","-2","18137","-2.38"
"Rush","1","19","Indiana","4/19/20","15","4","18139","26.67"
"Scott","1","24","Indiana","4/19/20","17","7","18143","41.18"
"Shelby","5","105","Indiana","4/19/20","71","34","18145","47.89"
"Spencer","0","4","Indiana","4/19/20","3","1","18147","33.33"
"St. Joseph","30","402","Indiana","4/19/20","192","210","18141","109.38"
"Starke","0","11","Indiana","4/19/20","9","2","18149","22.22"
"Steuben","1","17","Indiana","4/19/20","12","5","18151","41.67"
"Sullivan","0","8","Indiana","4/19/20","6","2","18153","33.33"
"Switzerland","0","13","Indiana","4/19/20","13","0","18155","0"
"Tippecanoe","2","56","Indiana","4/19/20","45","11","18157","24.44"
"Tipton","1","13","Indiana","4/19/20","9","4","18159","44.44"
"Union","0","6","Indiana","4/19/20","5","1","18161","20"
"Vanderburgh","4","85","Indiana","4/19/20","56","29","18163","51.79"
"Vermillion","0","6","Indiana","4/19/20","3","3","18165","100"
"Vigo","2","57","Indiana","4/19/20","42","15","18167","35.71"
"Wabash","0","9","Indiana","4/19/20","7","2","18169","28.57"
"Warren","1","7","Indiana","4/19/20","3","4","18171","133.33"
"Warrick","3","58","Indiana","4/19/20","36","22","18173","61.11"
"Washington","1","29","Indiana","4/19/20","25","4","18175","16"
"Wayne","1","27","Indiana","4/19/20","17","10","18177","58.82"
"Wells","0","5","Indiana","4/19/20","4","1","18179","25"
"White","1","7","Indiana","4/19/20","3","4","18181","133.33"
"Whitley","1","16","Indiana","4/19/20","12","4","18183","33.33"
"Adair","0","1","Iowa","4/19/20","1","0","19001","0"
"Allamakee","2","36","Iowa","4/19/20","21","15","19005","71.43"
"Appanoose","0","2","Iowa","4/19/20","1","1","19007","100"
"Audubon","0","1","Iowa","4/19/20","1","0","19009","0"
"Benton","1","23","Iowa","4/19/20","17","6","19011","35.29"
"Black Hawk","21","192","Iowa","4/19/20","47","145","19013","308.51"
"Boone","0","6","Iowa","4/19/20","4","2","19015","50"
"Bremer","3","26","Iowa","4/19/20","3","23","19017","766.67"
"Buchanan","0","8","Iowa","4/19/20","7","1","19019","14.29"
"Buena Vista","0","2","Iowa","4/19/20","2","0","19021","0"
"Butler","0","1","Iowa","4/19/20","1","0","19023","0"
"Carroll","0","1","Iowa","4/19/20","1","0","19027","0"
"Cass","0","1","Iowa","4/19/20","0","1","19029","1"
"Cedar","1","26","Iowa","4/19/20","20","6","19031","30"
"Cerro Gordo","0","14","Iowa","4/19/20","13","1","19033","7.69"
"Chickasaw","0","3","Iowa","4/19/20","2","1","19037","50"
"Clarke","0","2","Iowa","4/19/20","2","0","19039","0"
"Clay","0","3","Iowa","4/19/20","2","1","19041","50"
"Clayton","0","7","Iowa","4/19/20","7","0","19043","0"
"Clinton","2","41","Iowa","4/19/20","29","12","19045","41.38"
"Crawford","0","6","Iowa","4/19/20","6","0","19047","0"
"Dallas","1","45","Iowa","4/19/20","37","8","19049","21.62"
"Delaware","0","2","Iowa","4/19/20","2","0","19055","0"
"Des Moines","1","11","Iowa","4/19/20","4","7","19057","175"
"Dickinson","0","1","Iowa","4/19/20","1","0","19059","0"
"Dubuque","1","44","Iowa","4/19/20","35","9","19061","25.71"
"Fayette","0","6","Iowa","4/19/20","4","2","19065","50"
"Franklin","0","1","Iowa","4/19/20","1","0","19069","0"
"Greene","0","1","Iowa","4/19/20","1","0","19073","0"
"Grundy","0","4","Iowa","4/19/20","1","3","19075","300"
"Guthrie","0","4","Iowa","4/19/20","1","3","19077","300"
"Hamilton","0","2","Iowa","4/19/20","2","0","19079","0"
"Hancock","0","3","Iowa","4/19/20","3","0","19081","0"
"Hardin","0","2","Iowa","4/19/20","1","1","19083","100"
"Harrison","0","13","Iowa","4/19/20","12","1","19085","8.33"
"Henry","1","27","Iowa","4/19/20","19","8","19087","42.11"
"Howard","0","4","Iowa","4/19/20","1","3","19089","300"
"Iowa","1","12","Iowa","4/19/20","7","5","19095","71.43"
"Jackson","0","4","Iowa","4/19/20","4","0","19097","0"
"Jasper","4","36","Iowa","4/19/20","11","25","19099","227.27"
"Jefferson","0","4","Iowa","4/19/20","4","0","19101","0"
"Johnson","12","285","Iowa","4/19/20","203","82","19103","40.39"
"Jones","1","14","Iowa","4/19/20","8","6","19105","75"
"Keokuk","0","3","Iowa","4/19/20","2","1","19107","50"
"Kossuth","0","1","Iowa","4/19/20","1","0","19109","0"
"Lee","0","3","Iowa","4/19/20","1","2","19111","200"
"Linn","22","395","Iowa","4/19/20","243","152","19113","62.55"
"Louisa","19","212","Iowa","4/19/20","76","136","19115","178.95"
"Lyon","0","5","Iowa","4/19/20","3","2","19119","66.67"
"Madison","0","3","Iowa","4/19/20","2","1","19121","50"
"Mahaska","1","8","Iowa","4/19/20","4","4","19123","100"
"Marion","0","4","Iowa","4/19/20","3","1","19125","33.33"
"Marshall","18","155","Iowa","4/19/20","31","124","19127","400"
"Mills","0","2","Iowa","4/19/20","1","1","19129","100"
"Mitchell","0","2","Iowa","4/19/20","2","0","19131","0"
"Monona","0","6","Iowa","4/19/20","6","0","19133","0"
"Montgomery","0","1","Iowa","4/19/20","1","0","19137","0"
"Muscatine","16","207","Iowa","4/19/20","96","111","19139","115.62"
"O'Brien","0","3","Iowa","4/19/20","3","0","19141","0"
"Osceola","0","3","Iowa","4/19/20","2","1","19143","50"
"Page","0","4","Iowa","4/19/20","3","1","19145","33.33"
"Plymouth","1","8","Iowa","4/19/20","4","4","19149","100"
"Polk","22","333","Iowa","4/19/20","177","156","19153","88.14"
"Pottawattamie","1","18","Iowa","4/19/20","12","6","19155","50"
"Poweshiek","1","10","Iowa","4/19/20","6","4","19157","66.67"
"Scott","6","159","Iowa","4/19/20","115","44","19163","38.26"
"Shelby","0","9","Iowa","4/19/20","6","3","19165","50"
"Sioux","0","7","Iowa","4/19/20","7","0","19167","0"
"Story","2","18","Iowa","4/19/20","7","11","19169","157.14"
"Tama","14","187","Iowa","4/19/20","86","101","19171","117.44"
"Taylor","0","1","Iowa","4/19/20","1","0","19173","0"
"Union","0","1","Iowa","4/19/20","1","0","19175","0"
"Van Buren","0","8","Iowa","4/19/20","6","2","19177","33.33"
"Wapello","0","6","Iowa","4/19/20","4","2","19179","50"
"Warren","0","18","Iowa","4/19/20","16","2","19181","12.5"
"Washington","5","118","Iowa","4/19/20","81","37","19183","45.68"
"Webster","0","3","Iowa","4/19/20","2","1","19187","50"
"Winnebago","0","2","Iowa","4/19/20","2","0","19189","0"
"Winneshiek","0","6","Iowa","4/19/20","5","1","19191","20"
"Woodbury","3","37","Iowa","4/19/20","18","19","19193","105.56"
"Worth","0","1","Iowa","4/19/20","1","0","19195","0"
"Wright","0","1","Iowa","4/19/20","1","0","19197","0"
"Anderson","0","0","Kansas","4/19/20","1","-1","20003","-100"
"Atchison","0","5","Kansas","4/19/20","3","2","20005","66.67"
"Barber","0","1","Kansas","4/19/20","1","0","20007","0"
"Barton","0","6","Kansas","4/19/20","4","2","20009","50"
"Bourbon","0","7","Kansas","4/19/20","7","0","20011","0"
"Butler","1","12","Kansas","4/19/20","8","4","20015","50"
"Chase","0","1","Kansas","4/19/20","0","1","20017","1"
"Chautauqua","0","3","Kansas","4/19/20","3","0","20019","0"
"Cherokee","0","7","Kansas","4/19/20","6","1","20021","16.67"
"Clay","0","2","Kansas","4/19/20","1","1","20027","100"
"Cloud","0","3","Kansas","4/19/20","3","0","20029","0"
"Coffey","1","47","Kansas","4/19/20","38","9","20031","23.68"
"Cowley","0","1","Kansas","4/19/20","1","0","20035","0"
"Crawford","0","6","Kansas","4/19/20","6","0","20037","0"
"Dickinson","0","1","Kansas","4/19/20","0","1","20041","1"
"Doniphan","0","1","Kansas","4/19/20","1","0","20043","0"
"Douglas","1","43","Kansas","4/19/20","39","4","20045","10.26"
"Ellis","1","8","Kansas","4/19/20","1","7","20051","700"
"Finney","3","35","Kansas","4/19/20","15","20","20055","133.33"
"Ford","16","127","Kansas","4/19/20","13","114","20057","876.92"
"Franklin","0","12","Kansas","4/19/20","12","0","20059","0"
"Geary","1","9","Kansas","4/19/20","5","4","20061","80"
"Gove","0","1","Kansas","4/19/20","1","0","20063","0"
"Gray","0","1","Kansas","4/19/20","0","1","20069","1"
"Greenwood","0","2","Kansas","4/19/20","1","1","20073","100"
"Hamilton","0","1","Kansas","4/19/20","1","0","20075","0"
"Harvey","0","5","Kansas","4/19/20","4","1","20079","25"
"Jackson","0","1","Kansas","4/19/20","1","0","20085","0"
"Jefferson","0","5","Kansas","4/19/20","5","0","20087","0"
"Jewell","0","4","Kansas","4/19/20","3","1","20089","33.33"
"Johnson","10","372","Kansas","4/19/20","304","68","20091","22.37"
"Kearny","0","1","Kansas","4/19/20","1","0","20093","0"
"Labette","0","20","Kansas","4/19/20","18","2","20099","11.11"
"Leavenworth","6","128","Kansas","4/19/20","85","43","20103","50.59"
"Linn","0","6","Kansas","4/19/20","5","1","20107","20"
"Lyon","7","77","Kansas","4/19/20","27","50","20111","185.19"
"Marion","0","5","Kansas","4/19/20","3","2","20115","66.67"
"McPherson","0","16","Kansas","4/19/20","13","3","20113","23.08"
"Miami","0","4","Kansas","4/19/20","3","1","20121","33.33"
"Mitchell","0","2","Kansas","4/19/20","2","0","20123","0"
"Montgomery","0","12","Kansas","4/19/20","14","-2","20125","-14.29"
"Morris","0","2","Kansas","4/19/20","2","0","20127","0"
"Morton","0","2","Kansas","4/19/20","1","1","20129","100"
"Neosho","0","2","Kansas","4/19/20","2","0","20133","0"
"Osage","0","4","Kansas","4/19/20","4","0","20139","0"
"Osborne","0","2","Kansas","4/19/20","2","0","20141","0"
"Ottawa","0","3","Kansas","4/19/20","3","0","20143","0"
"Phillips","0","1","Kansas","4/19/20","1","0","20147","0"
"Pottawatomie","0","6","Kansas","4/19/20","5","1","20149","20"
"Pratt","0","1","Kansas","4/19/20","1","0","20151","0"
"Reno","0","14","Kansas","4/19/20","11","3","20155","27.27"
"Republic","0","4","Kansas","4/19/20","4","0","20157","0"
"Riley","1","27","Kansas","4/19/20","20","7","20161","35"
"Rooks","0","4","Kansas","4/19/20","2","2","20163","100"
"Saline","1","15","Kansas","4/19/20","9","6","20169","66.67"
"Scott","0","1","Kansas","4/19/20","1","0","20171","0"
"Sedgwick","7","242","Kansas","4/19/20","196","46","20173","23.47"
"Seward","6","47","Kansas","4/19/20","5","42","20175","840"
"Shawnee","2","91","Kansas","4/19/20","74","17","20177","22.97"
"Sherman","0","1","Kansas","4/19/20","0","1","20181","1"
"Smith","0","2","Kansas","4/19/20","0","2","20183","1"
"Stafford","0","1","Kansas","4/19/20","1","0","20185","0"
"Stanton","0","3","Kansas","4/19/20","1","2","20187","200"
"Stevens","0","3","Kansas","4/19/20","2","1","20189","50"
"Sumner","0","3","Kansas","4/19/20","2","1","20191","50"
"Wabaunsee","0","1","Kansas","4/19/20","1","0","20197","0"
"Wilson","0","1","Kansas","4/19/20","0","1","20205","1"
"Woodson","0","5","Kansas","4/19/20","3","2","20207","66.67"
"Wyandotte","12","417","Kansas","4/19/20","332","85","20209","25.6"
"Adair","6","53","Kentucky","4/19/20","11","42","21001","381.82"
"Allen","0","4","Kentucky","4/19/20","4","0","21003","0"
"Anderson","0","6","Kentucky","4/19/20","3","3","21005","100"
"Ballard","0","4","Kentucky","4/19/20","1","3","21007","300"
"Barren","0","6","Kentucky","4/19/20","5","1","21009","20"
"Bath","0","3","Kentucky","4/19/20","2","1","21011","50"
"Boone","5","81","Kentucky","4/19/20","48","33","21015","68.75"
"Bourbon","0","7","Kentucky","4/19/20","4","3","21017","75"
"Boyd","0","29","Kentucky","4/19/20","26","3","21019","11.54"
"Boyle","0","13","Kentucky","4/19/20","13","0","21021","0"
"Bracken","0","7","Kentucky","4/19/20","6","1","21023","16.67"
"Breathitt","0","1","Kentucky","4/19/20","2","-1","21025","-50"
"Breckinridge","0","6","Kentucky","4/19/20","3","3","21027","100"
"Bullitt","1","33","Kentucky","4/19/20","27","6","21029","22.22"
"Butler","9","73","Kentucky","4/19/20","11","62","21031","563.64"
"Caldwell","0","11","Kentucky","4/19/20","10","1","21033","10"
"Calloway","1","21","Kentucky","4/19/20","14","7","21035","50"
"Campbell","1","56","Kentucky","4/19/20","47","9","21037","19.15"
"Carroll","0","2","Kentucky","4/19/20","2","0","21041","0"
"Carter","0","4","Kentucky","4/19/20","1","3","21043","300"
"Casey","0","1","Kentucky","4/19/20","0","1","21045","1"
"Christian","2","79","Kentucky","4/19/20","62","17","21047","27.42"
"Clark","0","18","Kentucky","4/19/20","17","1","21049","5.88"
"Clay","0","1","Kentucky","4/19/20","0","1","21051","1"
"Clinton","0","2","Kentucky","4/19/20","3","-1","21053","-33.33"
"Crittenden","0","3","Kentucky","4/19/20","3","0","21055","0"
"Cumberland","0","3","Kentucky","4/19/20","3","0","21057","0"
"Daviess","6","125","Kentucky","4/19/20","81","44","21059","54.32"
"Edmonson","0","7","Kentucky","4/19/20","6","1","21061","16.67"
"Fayette","6","219","Kentucky","4/19/20","179","40","21067","22.35"
"Fleming","0","2","Kentucky","4/19/20","1","1","21069","100"
"Floyd","0","4","Kentucky","4/19/20","1","3","21071","300"
"Franklin","0","13","Kentucky","4/19/20","10","3","21073","30"
"Fulton","0","1","Kentucky","4/19/20","0","1","21075","1"
"Gallatin","0","1","Kentucky","4/19/20","1","0","21077","0"
"Garrard","0","1","Kentucky","4/19/20","0","1","21079","1"
"Grant","0","16","Kentucky","4/19/20","13","3","21081","23.08"
"Graves","6","51","Kentucky","4/19/20","9","42","21083","466.67"
"Grayson","1","14","Kentucky","4/19/20","4","10","21085","250"
"Green","0","1","Kentucky","4/19/20","2","-1","21087","-50"
"Greenup","1","10","Kentucky","4/19/20","5","5","21089","100"
"Hancock","1","6","Kentucky","4/19/20","2","4","21091","200"
"Hardin","1","29","Kentucky","4/19/20","21","8","21093","38.1"
"Harrison","0","16","Kentucky","4/19/20","14","2","21097","14.29"
"Hart","0","1","Kentucky","4/19/20","1","0","21099","0"
"Henderson","0","28","Kentucky","4/19/20","29","-1","21101","-3.45"
"Henry","0","4","Kentucky","4/19/20","4","0","21103","0"
"Hopkins","3","111","Kentucky","4/19/20","87","24","21107","27.59"
"Jackson","7","55","Kentucky","4/19/20","5","50","21109","1000"
"Jefferson","46","814","Kentucky","4/19/20","495","319","21111","64.44"
"Jessamine","1","32","Kentucky","4/19/20","26","6","21113","23.08"
"Johnson","0","1","Kentucky","4/19/20","1","0","21115","0"
"Kenton","8","149","Kentucky","4/19/20","91","58","21117","63.74"
"Knott","0","3","Kentucky","4/19/20","1","2","21119","200"
"Knox","1","5","Kentucky","4/19/20","1","4","21121","400"
"Larue","0","5","Kentucky","4/19/20","3","2","21123","66.67"
"Laurel","1","13","Kentucky","4/19/20","9","4","21125","44.44"
"Lawrence","0","1","Kentucky","4/19/20","1","0","21127","0"
"Leslie","0","2","Kentucky","4/19/20","1","1","21131","100"
"Letcher","0","1","Kentucky","4/19/20","1","0","21133","0"
"Lewis","0","3","Kentucky","4/19/20","2","1","21135","50"
"Lincoln","0","4","Kentucky","4/19/20","1","3","21137","300"
"Livingston","0","1","Kentucky","4/19/20","0","1","21139","1"
"Logan","0","8","Kentucky","4/19/20","5","3","21141","60"
"Lyon","0","13","Kentucky","4/19/20","12","1","21143","8.33"
"Madison","0","21","Kentucky","4/19/20","18","3","21151","16.67"
"Marion","0","13","Kentucky","4/19/20","11","2","21155","18.18"
"Marshall","0","12","Kentucky","4/19/20","11","1","21157","9.09"
"Martin","0","2","Kentucky","4/19/20","4","-2","21159","-50"
"Mason","0","6","Kentucky","4/19/20","5","1","21161","20"
"McCracken","1","29","Kentucky","4/19/20","21","8","21145","38.1"
"McCreary","0","10","Kentucky","4/19/20","8","2","21147","25"
"McLean","0","8","Kentucky","4/19/20","7","1","21149","14.29"
"Meade","0","3","Kentucky","4/19/20","2","1","21163","50"
"Menifee","0","3","Kentucky","4/19/20","3","0","21165","0"
"Mercer","0","9","Kentucky","4/19/20","9","0","21167","0"
"Monroe","0","3","Kentucky","4/19/20","2","1","21171","50"
"Montgomery","0","9","Kentucky","4/19/20","8","1","21173","12.5"
"Morgan","0","1","Kentucky","4/19/20","0","1","21175","1"
"Muhlenberg","7","75","Kentucky","4/19/20","28","47","21177","167.86"
"Nelson","0","13","Kentucky","4/19/20","10","3","21179","30"
"Nicholas","0","1","Kentucky","4/19/20","1","0","21181","0"
"Ohio","1","17","Kentucky","4/19/20","8","9","21183","112.5"
"Oldham","1","22","Kentucky","4/19/20","16","6","21185","37.5"
"Owsley","0","2","Kentucky","4/19/20","0","2","21189","1"
"Pendleton","0","5","Kentucky","4/19/20","3","2","21191","66.67"
"Perry","0","4","Kentucky","4/19/20","3","1","21193","33.33"
"Pike","0","6","Kentucky","4/19/20","4","2","21195","50"
"Powell","0","1","Kentucky","4/19/20","2","-1","21197","-50"
"Pulaski","0","35","Kentucky","4/19/20","33","2","21199","6.06"
"Rockcastle","0","11","Kentucky","4/19/20","8","3","21203","37.5"
"Rowan","0","1","Kentucky","4/19/20","1","0","21205","0"
"Russell","1","15","Kentucky","4/19/20","8","7","21207","87.5"
"Scott","0","23","Kentucky","4/19/20","22","1","21209","4.55"
"Shelby","1","23","Kentucky","4/19/20","18","5","21211","27.78"
"Simpson","1","21","Kentucky","4/19/20","17","4","21213","23.53"
"Spencer","0","9","Kentucky","4/19/20","6","3","21215","50"
"Taylor","0","5","Kentucky","4/19/20","3","2","21217","66.67"
"Todd","0","9","Kentucky","4/19/20","6","3","21219","50"
"Trigg","1","4","Kentucky","4/19/20","0","4","21221","1"
"Trimble","0","2","Kentucky","4/19/20","2","0","21223","0"
"Union","0","8","Kentucky","4/19/20","5","3","21225","60"
"Warren","7","95","Kentucky","4/19/20","49","46","21227","93.88"
"Washington","0","3","Kentucky","4/19/20","3","0","21229","0"
"Wayne","0","6","Kentucky","4/19/20","4","2","21231","50"
"Webster","1","13","Kentucky","4/19/20","8","5","21233","62.5"
"Whitley","1","8","Kentucky","4/19/20","4","4","21235","100"
"Woodford","0","18","Kentucky","4/19/20","17","1","21239","5.88"
"Acadia","2","110","Louisiana","4/19/20","99","11","22001","11.11"
"Allen","1","79","Louisiana","4/19/20","73","6","22003","8.22"
"Ascension","11","508","Louisiana","4/19/20","428","80","22005","18.69"
"Assumption","4","146","Louisiana","4/19/20","116","30","22007","25.86"
"Avoyelles","1","69","Louisiana","4/19/20","61","8","22009","13.11"
"Beauregard","1","35","Louisiana","4/19/20","27","8","22011","29.63"
"Bienville","5","66","Louisiana","4/19/20","33","33","22013","100"
"Bossier","7","233","Louisiana","4/19/20","186","47","22015","25.27"
"Caddo","35","1261","Louisiana","4/19/20","1018","243","22017","23.87"
"Calcasieu","9","323","Louisiana","4/19/20","259","64","22019","24.71"
"Caldwell","0","15","Louisiana","4/19/20","18","-3","22021","-16.67"
"Cameron","0","3","Louisiana","4/19/20","2","1","22023","50"
"Catahoula","0","24","Louisiana","4/19/20","21","3","22025","14.29"
"Claiborne","1","50","Louisiana","4/19/20","41","9","22027","21.95"
"Concordia","1","26","Louisiana","4/19/20","18","8","22029","44.44"
"De Soto","5","156","Louisiana","4/19/20","124","32","22031","25.81"
"East Baton Rouge","41","1512","Louisiana","4/19/20","1223","289","22033","23.63"
"East Carroll","0","1","Louisiana","4/19/20","1","0","22035","0"
"East Feliciana","3","93","Louisiana","4/19/20","71","22","22037","30.99"
"Evangeline","1","43","Louisiana","4/19/20","36","7","22039","19.44"
"Franklin","5","81","Louisiana","4/19/20","48","33","22041","68.75"
"Grant","0","12","Louisiana","4/19/20","11","1","22043","9.09"
"Iberia","7","184","Louisiana","4/19/20","136","48","22045","35.29"
"Iberville","6","274","Louisiana","4/19/20","232","42","22047","18.1"
"Jackson","1","14","Louisiana","4/19/20","8","6","22049","75"
"Jefferson","86","5592","Louisiana","4/19/20","4990","602","22051","12.06"
"Jefferson Davis","2","55","Louisiana","4/19/20","44","11","22053","25"
"Lafayette","9","419","Louisiana","4/19/20","354","65","22055","18.36"
"Lafourche","14","566","Louisiana","4/19/20","468","98","22057","20.94"
"LaSalle","0","13","Louisiana","4/19/20","11","2","22059","18.18"
"Lincoln","1","49","Louisiana","4/19/20","39","10","22061","25.64"
"Livingston","4","148","Louisiana","4/19/20","120","28","22063","23.33"
"Madison","0","4","Louisiana","4/19/20","2","2","22065","100"
"Morehouse","1","37","Louisiana","4/19/20","31","6","22067","19.35"
"Natchitoches","2","57","Louisiana","4/19/20","41","16","22069","39.02"
"Orleans","57","6000","Louisiana","4/19/20","5600","400","22071","7.14"
"Ouachita","21","511","Louisiana","4/19/20","367","144","22073","39.24"
"Plaquemines","3","157","Louisiana","4/19/20","137","20","22075","14.6"
"Pointe Coupee","4","69","Louisiana","4/19/20","43","26","22077","60.47"
"Rapides","6","210","Louisiana","4/19/20","165","45","22079","27.27"
"Red River","1","20","Louisiana","4/19/20","11","9","22081","81.82"
"Richland","2","33","Louisiana","4/19/20","19","14","22083","73.68"
"Sabine","1","13","Louisiana","4/19/20","9","4","22085","44.44"
"St. Bernard","7","411","Louisiana","4/19/20","361","50","22087","13.85"
"St. Charles","12","488","Louisiana","4/19/20","404","84","22089","20.79"
"St. Helena","1","19","Louisiana","4/19/20","13","6","22091","46.15"
"St. James","2","218","Louisiana","4/19/20","204","14","22093","6.86"
"St. John the Baptist","14","642","Louisiana","4/19/20","545","97","22095","17.8"
"St. Landry","3","134","Louisiana","4/19/20","113","21","22097","18.58"
"St. Martin","5","190","Louisiana","4/19/20","157","33","22099","21.02"
"St. Mary","5","149","Louisiana","4/19/20","113","36","22101","31.86"
"St. Tammany","21","1011","Louisiana","4/19/20","864","147","22103","17.01"
"Tangipahoa","14","442","Louisiana","4/19/20","344","98","22105","28.49"
"Tensas","0","1","Louisiana","4/19/20","1","0","22107","0"
"Terrebonne","9","320","Louisiana","4/19/20","255","65","22109","25.49"
"Union","4","78","Louisiana","4/19/20","47","31","22111","65.96"
"Vermilion","1","30","Louisiana","4/19/20","26","4","22113","15.38"
"Vernon","0","14","Louisiana","4/19/20","14","0","22115","0"
"Washington","6","191","Louisiana","4/19/20","147","44","22117","29.93"
"Webster","2","76","Louisiana","4/19/20","62","14","22119","22.58"
"West Baton Rouge","3","88","Louisiana","4/19/20","68","20","22121","29.41"
"West Carroll","0","4","Louisiana","4/19/20","4","0","22123","0"
"West Feliciana","4","74","Louisiana","4/19/20","46","28","22125","60.87"
"Winn","1","19","Louisiana","4/19/20","12","7","22127","58.33"
"Androscoggin","1","35","Maine","4/19/20","28","7","23001","25"
"Aroostook","0","2","Maine","4/19/20","2","0","23003","0"
"Cumberland","12","378","Maine","4/19/20","292","86","23005","29.45"
"Franklin","1","12","Maine","4/19/20","8","4","23007","50"
"Hancock","0","6","Maine","4/19/20","5","1","23009","20"
"Kennebec","9","97","Maine","4/19/20","32","65","23011","203.12"
"Knox","0","12","Maine","4/19/20","10","2","23013","20"
"Lincoln","0","12","Maine","4/19/20","9","3","23015","33.33"
"Oxford","0","14","Maine","4/19/20","13","1","23017","7.69"
"Penobscot","1","43","Maine","4/19/20","34","9","23019","26.47"
"Piscataquis","0","1","Maine","4/19/20","0","1","23021","1"
"Sagadahoc","0","16","Maine","4/19/20","15","1","23023","6.67"
"Somerset","1","16","Maine","4/19/20","8","8","23025","100"
"Waldo","2","42","Maine","4/19/20","29","13","23027","44.83"
"Washington","0","2","Maine","4/19/20","1","1","23029","100"
"York","5","177","Maine","4/19/20","144","33","23031","22.92"
"Allegany","3","33","Maryland","4/19/20","13","20","24001","153.85"
"Anne Arundel","55","1047","Maryland","4/19/20","659","388","24003","58.88"
"Baltimore","68","1733","Maryland","4/19/20","1257","476","24005","37.87"
"Baltimore City","83","1392","Maryland","4/19/20","812","580","24510","71.43"
"Calvert","3","113","Maryland","4/19/20","90","23","24009","25.56"
"Caroline","2","33","Maryland","4/19/20","17","16","24011","94.12"
"Carroll","11","313","Maryland","4/19/20","236","77","24013","32.63"
"Cecil","8","131","Maryland","4/19/20","74","57","24015","77.03"
"Charles","17","370","Maryland","4/19/20","253","117","24017","46.25"
"Dorchester","2","21","Maryland","4/19/20","9","12","24019","133.33"
"Frederick","32","591","Maryland","4/19/20","368","223","24021","60.6"
"Garrett","0","4","Maryland","4/19/20","4","0","24023","0"
"Harford","12","210","Maryland","4/19/20","129","81","24025","62.79"
"Howard","21","515","Maryland","4/19/20","371","144","24027","38.81"
"Kent","1","18","Maryland","4/19/20","11","7","24029","63.64"
"Montgomery","125","2507","Maryland","4/19/20","1631","876","24031","53.71"
"Prince George's","187","3345","Maryland","4/19/20","2035","1310","24033","64.37"
"Queen Anne's","1","25","Maryland","4/19/20","19","6","24035","31.58"
"Somerset","1","10","Maryland","4/19/20","4","6","24039","150"
"St. Mary's","6","122","Maryland","4/19/20","82","40","24037","48.78"
"Talbot","1","19","Maryland","4/19/20","14","5","24041","35.71"
"Washington","6","117","Maryland","4/19/20","75","42","24043","56"
"Wicomico","15","145","Maryland","4/19/20","42","103","24045","245.24"
"Worcester","2","33","Maryland","4/19/20","20","13","24047","65"
"Barnstable","20","642","Massachusetts","4/19/20","501","141","25001","28.14"
"Berkshire","6","394","Massachusetts","4/19/20","350","44","25003","12.57"
"Bristol","63","1766","Massachusetts","4/19/20","1327","439","25005","33.08"
"Dukes and Nantucket","1","25","Massachusetts","4/19/20","21","4","00000","19.05"
"Essex","296","5240","Massachusetts","4/19/20","3170","2070","25009","65.3"
"Franklin","6","186","Massachusetts","4/19/20","143","43","25011","30.07"
"Hampden","103","2366","Massachusetts","4/19/20","1647","719","25013","43.66"
"Hampshire","16","328","Massachusetts","4/19/20","219","109","25015","49.77"
"Middlesex","458","8863","Massachusetts","4/19/20","5660","3203","25017","56.59"
"Norfolk","175","3874","Massachusetts","4/19/20","2649","1225","25021","46.24"
"Plymouth","121","2869","Massachusetts","4/19/20","2024","845","25023","41.75"
"Suffolk","403","8181","Massachusetts","4/19/20","5359","2822","25025","52.66"
"Worcester","155","3117","Massachusetts","4/19/20","2032","1085","25027","53.4"
"Alcona","0","3","Michigan","4/19/20","0","3","26001","1"
"Allegan","4","58","Michigan","4/19/20","33","25","26005","75.76"
"Alpena","2","16","Michigan","4/19/20","1","15","26007","1500"
"Antrim","0","10","Michigan","4/19/20","9","1","26009","11.11"
"Arenac","1","14","Michigan","4/19/20","5","9","26011","180"
"Barry","3","30","Michigan","4/19/20","11","19","26015","172.73"
"Bay","5","94","Michigan","4/19/20","61","33","26017","54.1"
"Benzie","0","3","Michigan","4/19/20","0","3","26019","1"
"Berrien","10","256","Michigan","4/19/20","188","68","26021","36.17"
"Branch","2","41","Michigan","4/19/20","30","11","26023","36.67"
"Calhoun","11","158","Michigan","4/19/20","84","74","26025","88.1"
"Cass","2","31","Michigan","4/19/20","18","13","26027","72.22"
"Charlevoix","0","13","Michigan","4/19/20","11","2","26029","18.18"
"Cheboygan","1","18","Michigan","4/19/20","13","5","26031","38.46"
"Chippewa","0","2","Michigan","4/19/20","0","2","26033","1"
"Clare","1","8","Michigan","4/19/20","4","4","26035","100"
"Clinton","2","108","Michigan","4/19/20","96","12","26037","12.5"
"Crawford","2","31","Michigan","4/19/20","14","17","26039","121.43"
"Delta","0","13","Michigan","4/19/20","10","3","26041","30"
"Dickinson","0","3","Michigan","4/19/20","3","0","26043","0"
"Eaton","3","99","Michigan","4/19/20","79","20","26045","25.32"
"Emmet","0","25","Michigan","4/19/20","25","0","26047","0"
"Federal Correctional Institution (FCI)","7","51","Michigan","4/19/20","0","51","00000","1"
"Genesee","42","1275","Michigan","4/19/20","980","295","26049","30.1"
"Gladwin","1","9","Michigan","4/19/20","4","5","26051","125"
"Gogebic","0","4","Michigan","4/19/20","4","0","26053","0"
"Grand Traverse","0","19","Michigan","4/19/20","18","1","26055","5.56"
"Gratiot","0","9","Michigan","4/19/20","8","1","26057","12.5"
"Hillsdale","2","92","Michigan","4/19/20","76","16","26059","21.05"
"Houghton","0","2","Michigan","4/19/20","1","1","26061","100"
"Huron","1","16","Michigan","4/19/20","11","5","26063","45.45"
"Ingham","9","321","Michigan","4/19/20","259","62","26065","23.94"
"Ionia","2","26","Michigan","4/19/20","14","12","26067","85.71"
"Iosco","1","13","Michigan","4/19/20","6","7","26069","116.67"
"Isabella","2","66","Michigan","4/19/20","51","15","26073","29.41"
"Jackson","11","263","Michigan","4/19/20","183","80","26075","43.72"
"Kalamazoo","12","182","Michigan","4/19/20","96","86","26077","89.58"
"Kalkaska","1","26","Michigan","4/19/20","18","8","26079","44.44"
"Kent","37","575","Michigan","4/19/20","316","259","26081","81.96"
"Lake","0","3","Michigan","4/19/20","2","1","26085","50"
"Lapeer","6","151","Michigan","4/19/20","108","43","26087","39.81"
"Leelanau","1","8","Michigan","4/19/20","4","4","26089","100"
"Lenawee","3","80","Michigan","4/19/20","56","24","26091","42.86"
"Livingston","11","324","Michigan","4/19/20","249","75","26093","30.12"
"Luce","0","1","Michigan","4/19/20","1","0","26095","0"
"Mackinac","0","4","Michigan","4/19/20","4","0","26097","0"
"Macomb","158","4366","Michigan","4/19/20","3259","1107","26099","33.97"
"Manistee","0","12","Michigan","4/19/20","11","1","26101","9.09"
"Marquette","1","32","Michigan","4/19/20","22","10","26103","45.45"
"Mason","0","5","Michigan","4/19/20","3","2","26105","66.67"
"Mecosta","0","15","Michigan","4/19/20","12","3","26107","25"
"Menominee","0","1","Michigan","4/19/20","1","0","26109","0"
"Michigan Department of Corrections (MDOC)","79","556","Michigan","4/19/20","0","556","00000","1"
"Midland","3","65","Michigan","4/19/20","44","21","26111","47.73"
"Missaukee","1","8","Michigan","4/19/20","1","7","26113","700"
"Monroe","7","235","Michigan","4/19/20","184","51","26115","27.72"
"Montcalm","0","25","Michigan","4/19/20","23","2","26117","8.7"
"Montmorency","1","4","Michigan","4/19/20","0","4","26119","1"
"Muskegon","12","143","Michigan","4/19/20","59","84","26121","142.37"
"Newaygo","0","9","Michigan","4/19/20","8","1","26123","12.5"
"Oakland","187","6560","Michigan","4/19/20","5253","1307","26125","24.88"
"Oceana","0","3","Michigan","4/19/20","3","0","26127","0"
"Ogemaw","0","7","Michigan","4/19/20","5","2","26129","40"
"Osceola","0","8","Michigan","4/19/20","6","2","26133","33.33"
"Oscoda","0","5","Michigan","4/19/20","4","1","26135","25"
"Otsego","7","83","Michigan","4/19/20","37","46","26137","124.32"
"Ottawa","7","139","Michigan","4/19/20","92","47","26139","51.09"
"Out of MI","-10","76","Michigan","4/19/20","144","-68","80026","-47.22"
"Presque Isle","0","2","Michigan","4/19/20","2","0","26141","0"
"Roscommon","0","11","Michigan","4/19/20","10","1","26143","10"
"Saginaw","19","405","Michigan","4/19/20","274","131","26145","47.81"
"Sanilac","1","34","Michigan","4/19/20","24","10","26151","41.67"
"Schoolcraft","0","3","Michigan","4/19/20","2","1","26153","50"
"Shiawassee","6","105","Michigan","4/19/20","60","45","26155","75"
"St. Clair","7","277","Michigan","4/19/20","227","50","26147","22.03"
"St. Joseph","1","25","Michigan","4/19/20","21","4","26149","19.05"
"Tuscola","2","63","Michigan","4/19/20","47","16","26157","34.04"
"Van Buren","2","45","Michigan","4/19/20","30","15","26159","50"
"Washtenaw","24","964","Michigan","4/19/20","797","167","26161","20.95"
"Wayne","364","13805","Michigan","4/19/20","11259","2546","26163","22.61"
"Wexford","0","9","Michigan","4/19/20","9","0","26165","0"
"Aitkin","0","1","Minnesota","4/19/20","0","1","27001","1"
"Anoka","4","93","Minnesota","4/19/20","68","25","27003","36.76"
"Becker","0","1","Minnesota","4/19/20","2","-1","27005","-50"
"Beltrami","0","5","Minnesota","4/19/20","5","0","27007","0"
"Benton","0","4","Minnesota","4/19/20","1","3","27009","300"
"Big Stone","0","1","Minnesota","4/19/20","1","0","27011","0"
"Blue Earth","0","23","Minnesota","4/19/20","22","1","27013","4.55"
"Brown","0","7","Minnesota","4/19/20","7","0","27015","0"
"Carlton","2","36","Minnesota","4/19/20","25","11","27017","44"
"Carver","0","14","Minnesota","4/19/20","13","1","27019","7.69"
"Cass","0","4","Minnesota","4/19/20","4","0","27021","0"
"Chisago","0","7","Minnesota","4/19/20","7","0","27025","0"
"Clay","2","55","Minnesota","4/19/20","40","15","27027","37.5"
"Clearwater","0","3","Minnesota","4/19/20","2","1","27029","50"
"Cottonwood","0","6","Minnesota","4/19/20","6","0","27033","0"
"Crow Wing","0","19","Minnesota","4/19/20","16","3","27035","18.75"
"Dakota","3","116","Minnesota","4/19/20","95","21","27037","22.11"
"Dodge","0","18","Minnesota","4/19/20","16","2","27039","12.5"
"Douglas","0","2","Minnesota","4/19/20","1","1","27041","100"
"Faribault","0","4","Minnesota","4/19/20","4","0","27043","0"
"Fillmore","0","10","Minnesota","4/19/20","10","0","27045","0"
"Freeborn","1","34","Minnesota","4/19/20","24","10","27047","41.67"
"Goodhue","0","19","Minnesota","4/19/20","17","2","27049","11.76"
"Hennepin","52","924","Minnesota","4/19/20","557","367","27053","65.89"
"Houston","0","1","Minnesota","4/19/20","1","0","27055","0"
"Isanti","0","5","Minnesota","4/19/20","4","1","27059","25"
"Itasca","0","2","Minnesota","4/19/20","2","0","27061","0"
"Jackson","0","2","Minnesota","4/19/20","1","1","27063","100"
"Kandiyohi","0","2","Minnesota","4/19/20","2","0","27067","0"
"Kittson","0","1","Minnesota","4/19/20","0","1","27069","1"
"Koochiching","0","1","Minnesota","4/19/20","1","0","27071","0"
"Lac qui Parle","0","1","Minnesota","4/19/20","1","0","27073","0"
"Le Sueur","0","22","Minnesota","4/19/20","21","1","27079","4.76"
"Lincoln","0","2","Minnesota","4/19/20","2","0","27081","0"
"Lyon","0","5","Minnesota","4/19/20","5","0","27083","0"
"Mahnomen","0","1","Minnesota","4/19/20","1","0","27087","0"
"Marshall","0","1","Minnesota","4/19/20","0","1","27089","1"
"Martin","0","39","Minnesota","4/19/20","38","1","27091","2.63"
"McLeod","0","3","Minnesota","4/19/20","2","1","27085","50"
"Meeker","0","3","Minnesota","4/19/20","2","1","27093","50"
"Mille Lacs","0","1","Minnesota","4/19/20","0","1","27095","1"
"Morrison","0","1","Minnesota","4/19/20","0","1","27097","1"
"Mower","0","27","Minnesota","4/19/20","25","2","27099","8"
"Murray","0","3","Minnesota","4/19/20","1","2","27101","200"
"Nicollet","0","7","Minnesota","4/19/20","6","1","27103","16.67"
"Nobles","8","60","Minnesota","4/19/20","1","59","27105","5900"
"Norman","1","4","Minnesota","4/19/20","0","4","27107","1"
"Olmsted","7","194","Minnesota","4/19/20","143","51","27109","35.66"
"Otter Tail","0","6","Minnesota","4/19/20","4","2","27111","50"
"Pine","1","10","Minnesota","4/19/20","5","5","27115","100"
"Pipestone","0","2","Minnesota","4/19/20","1","1","27117","100"
"Polk","0","3","Minnesota","4/19/20","1","2","27119","200"
"Ramsey","6","196","Minnesota","4/19/20","152","44","27123","28.95"
"Red Lake","0","1","Minnesota","4/19/20","1","0","27125","0"
"Redwood","0","1","Minnesota","4/19/20","1","0","27127","0"
"Renville","0","3","Minnesota","4/19/20","3","0","27129","0"
"Rice","1","8","Minnesota","4/19/20","4","4","27131","100"
"Rock","0","3","Minnesota","4/19/20","2","1","27133","50"
"Roseau","0","1","Minnesota","4/19/20","1","0","27135","0"
"Scott","1","25","Minnesota","4/19/20","20","5","27139","25"
"Sherburne","1","13","Minnesota","4/19/20","9","4","27141","44.44"
"Sibley","0","1","Minnesota","4/19/20","1","0","27143","0"
"St. Louis","1","48","Minnesota","4/19/20","38","10","27137","26.32"
"Stearns","1","16","Minnesota","4/19/20","7","9","27145","128.57"
"Steele","0","9","Minnesota","4/19/20","9","0","27147","0"
"Swift","0","1","Minnesota","4/19/20","1","0","27151","0"
"Todd","0","2","Minnesota","4/19/20","2","0","27153","0"
"Traverse","0","2","Minnesota","4/19/20","2","0","27155","0"
"Wabasha","0","8","Minnesota","4/19/20","6","2","27157","33.33"
"Waseca","0","3","Minnesota","4/19/20","3","0","27161","0"
"Washington","2","94","Minnesota","4/19/20","80","14","27163","17.5"
"Watonwan","0","4","Minnesota","4/19/20","4","0","27165","0"
"Wilkin","0","9","Minnesota","4/19/20","7","2","27167","28.57"
"Winona","4","61","Minnesota","4/19/20","30","31","27169","103.33"
"Wright","1","25","Minnesota","4/19/20","17","8","27171","47.06"
"Yellow Medicine","0","3","Minnesota","4/19/20","3","0","27173","0"
"Adams","4","81","Mississippi","4/19/20","51","30","28001","58.82"
"Alcorn","0","8","Mississippi","4/19/20","7","1","28003","14.29"
"Amite","1","17","Mississippi","4/19/20","12","5","28005","41.67"
"Attala","2","36","Mississippi","4/19/20","20","16","28007","80"
"Benton","0","7","Mississippi","4/19/20","5","2","28009","40"
"Bolivar","2","82","Mississippi","4/19/20","68","14","28011","20.59"
"Calhoun","3","39","Mississippi","4/19/20","18","21","28013","116.67"
"Carroll","1","14","Mississippi","4/19/20","7","7","28015","100"
"Chickasaw","3","43","Mississippi","4/19/20","24","19","28017","79.17"
"Choctaw","0","12","Mississippi","4/19/20","10","2","28019","20"
"Claiborne","1","10","Mississippi","4/19/20","6","4","28021","66.67"
"Clarke","2","27","Mississippi","4/19/20","13","14","28023","107.69"
"Clay","1","25","Mississippi","4/19/20","18","7","28025","38.89"
"Coahoma","1","48","Mississippi","4/19/20","38","10","28027","26.32"
"Copiah","2","46","Mississippi","4/19/20","31","15","28029","48.39"
"Covington","2","29","Mississippi","4/19/20","14","15","28031","107.14"
"DeSoto","9","234","Mississippi","4/19/20","171","63","28033","36.84"
"Forrest","7","144","Mississippi","4/19/20","95","49","28035","51.58"
"Franklin","1","16","Mississippi","4/19/20","10","6","28037","60"
"George","0","10","Mississippi","4/19/20","7","3","28039","42.86"
"Greene","0","3","Mississippi","4/19/20","2","1","28041","50"
"Grenada","1","20","Mississippi","4/19/20","10","10","28043","100"
"Hancock","2","52","Mississippi","4/19/20","40","12","28045","30"
"Harrison","5","144","Mississippi","4/19/20","110","34","28047","30.91"
"Hinds","13","337","Mississippi","4/19/20","247","90","28049","36.44"
"Holmes","2","58","Mississippi","4/19/20","44","14","28051","31.82"
"Humphreys","0","12","Mississippi","4/19/20","9","3","28053","33.33"
"Itawamba","2","21","Mississippi","4/19/20","9","12","28057","133.33"
"Jackson","9","205","Mississippi","4/19/20","140","65","28059","46.43"
"Jasper","1","23","Mississippi","4/19/20","14","9","28061","64.29"
"Jefferson","0","4","Mississippi","4/19/20","4","0","28063","0"
"Jefferson Davis","0","8","Mississippi","4/19/20","5","3","28065","60"
"Jones","5","70","Mississippi","4/19/20","33","37","28067","112.12"
"Kemper","1","19","Mississippi","4/19/20","14","5","28069","35.71"
"Lafayette","5","64","Mississippi","4/19/20","29","35","28071","120.69"
"Lamar","5","67","Mississippi","4/19/20","32","35","28073","109.38"
"Lauderdale","10","202","Mississippi","4/19/20","135","67","28075","49.63"
"Lawrence","1","16","Mississippi","4/19/20","6","10","28077","166.67"
"Leake","7","77","Mississippi","4/19/20","27","50","28079","185.19"
"Lee","2","60","Mississippi","4/19/20","43","17","28081","39.53"
"Leflore","7","91","Mississippi","4/19/20","45","46","28083","102.22"
"Lincoln","8","101","Mississippi","4/19/20","46","55","28085","119.57"
"Lowndes","1","32","Mississippi","4/19/20","24","8","28087","33.33"
"Madison","5","135","Mississippi","4/19/20","103","32","28089","31.07"
"Marion","3","43","Mississippi","4/19/20","21","22","28091","104.76"
"Marshall","1","38","Mississippi","4/19/20","33","5","28093","15.15"
"Monroe","5","68","Mississippi","4/19/20","36","32","28095","88.89"
"Montgomery","0","15","Mississippi","4/19/20","14","1","28097","7.14"
"Neshoba","5","65","Mississippi","4/19/20","31","34","28099","109.68"
"Newton","2","26","Mississippi","4/19/20","10","16","28101","160"
"Noxubee","2","22","Mississippi","4/19/20","6","16","28103","266.67"
"Oktibbeha","1","43","Mississippi","4/19/20","37","6","28105","16.22"
"Panola","2","35","Mississippi","4/19/20","22","13","28107","59.09"
"Pearl River","6","126","Mississippi","4/19/20","83","43","28109","51.81"
"Perry","1","22","Mississippi","4/19/20","18","4","28111","22.22"
"Pike","7","104","Mississippi","4/19/20","54","50","28113","92.59"
"Pontotoc","0","18","Mississippi","4/19/20","15","3","28115","20"
"Prentiss","1","19","Mississippi","4/19/20","13","6","28117","46.15"
"Quitman","0","13","Mississippi","4/19/20","12","1","28119","8.33"
"Rankin","5","133","Mississippi","4/19/20","99","34","28121","34.34"
"Scott","11","130","Mississippi","4/19/20","54","76","28123","140.74"
"Sharkey","0","3","Mississippi","4/19/20","3","0","28125","0"
"Simpson","2","21","Mississippi","4/19/20","7","14","28127","200"
"Smith","3","45","Mississippi","4/19/20","24","21","28129","87.5"
"Stone","1","18","Mississippi","4/19/20","10","8","28131","80"
"Sunflower","2","47","Mississippi","4/19/20","35","12","28133","34.29"
"Tallahatchie","1","8","Mississippi","4/19/20","3","5","28135","166.67"
"Tate","1","31","Mississippi","4/19/20","24","7","28137","29.17"
"Tippah","1","47","Mississippi","4/19/20","43","4","28139","9.3"
"Tishomingo","0","4","Mississippi","4/19/20","2","2","28141","100"
"Tunica","1","31","Mississippi","4/19/20","21","10","28143","47.62"
"Union","1","11","Mississippi","4/19/20","7","4","28145","57.14"
"Walthall","1","24","Mississippi","4/19/20","18","6","28147","33.33"
"Warren","1","21","Mississippi","4/19/20","14","7","28149","50"
"Washington","3","71","Mississippi","4/19/20","53","18","28151","33.96"
"Wayne","0","11","Mississippi","4/19/20","8","3","28153","37.5"
"Webster","0","15","Mississippi","4/19/20","14","1","28155","7.14"
"Wilkinson","2","58","Mississippi","4/19/20","45","13","28157","28.89"
"Winston","2","33","Mississippi","4/19/20","19","14","28159","73.68"
"Yalobusha","0","15","Mississippi","4/19/20","14","1","28161","7.14"
"Yazoo","4","91","Mississippi","4/19/20","63","28","28163","44.44"
"Adair","0","12","Missouri","4/19/20","11","1","29001","9.09"
"Andrew","0","1","Missouri","4/19/20","1","0","29003","0"
"Atchison","0","2","Missouri","4/19/20","1","1","29005","100"
"Barry","0","3","Missouri","4/19/20","2","1","29009","50"
"Bates","0","6","Missouri","4/19/20","6","0","29013","0"
"Benton","0","3","Missouri","4/19/20","3","0","29015","0"
"Bollinger","0","3","Missouri","4/19/20","3","0","29017","0"
"Boone","2","93","Missouri","4/19/20","80","13","29019","16.25"
"Buchanan","2","31","Missouri","4/19/20","20","11","29021","55"
"Butler","1","23","Missouri","4/19/20","13","10","29023","76.92"
"Caldwell","0","2","Missouri","4/19/20","1","1","29025","100"
"Callaway","0","21","Missouri","4/19/20","20","1","29027","5"
"Camden","1","32","Missouri","4/19/20","26","6","29029","23.08"
"Cape Girardeau","1","36","Missouri","4/19/20","28","8","29031","28.57"
"Carter","0","3","Missouri","4/19/20","3","0","29035","0"
"Cass","2","53","Missouri","4/19/20","37","16","29037","43.24"
"Cedar","0","5","Missouri","4/19/20","5","0","29039","0"
"Chariton","0","4","Missouri","4/19/20","4","0","29041","0"
"Christian","0","19","Missouri","4/19/20","17","2","29043","11.76"
"Clark","0","1","Missouri","4/19/20","1","0","29045","0"
"Clay","1","57","Missouri","4/19/20","48","9","29047","18.75"
"Clinton","0","11","Missouri","4/19/20","11","0","29049","0"
"Cole","1","46","Missouri","4/19/20","36","10","29051","27.78"
"Cooper","0","4","Missouri","4/19/20","4","0","29053","0"
"Crawford","0","6","Missouri","4/19/20","4","2","29055","50"
"Dallas","0","2","Missouri","4/19/20","2","0","29059","0"
"Daviess","0","2","Missouri","4/19/20","0","2","29061","1"
"DeKalb","0","3","Missouri","4/19/20","3","0","29063","0"
"Dunklin","1","19","Missouri","4/19/20","14","5","29069","35.71"
"Franklin","2","98","Missouri","4/19/20","83","15","29071","18.07"
"Gasconade","0","2","Missouri","4/19/20","2","0","29073","0"
"Gentry","0","1","Missouri","4/19/20","1","0","29075","0"
"Greene","2","90","Missouri","4/19/20","79","11","29077","13.92"
"Harrison","0","6","Missouri","4/19/20","6","0","29081","0"
"Henry","0","6","Missouri","4/19/20","4","2","29083","50"
"Holt","0","1","Missouri","4/19/20","0","1","29087","1"
"Howard","0","2","Missouri","4/19/20","1","1","29089","100"
"Howell","0","5","Missouri","4/19/20","4","1","29091","25"
"Iron","0","2","Missouri","4/19/20","1","1","29093","100"
"Jackson","6","268","Missouri","4/19/20","225","43","29095","19.11"
"Jasper","1","28","Missouri","4/19/20","18","10","29097","55.56"
"Jefferson","13","214","Missouri","4/19/20","124","90","29099","72.58"
"Johnson","2","48","Missouri","4/19/20","37","11","29101","29.73"
"Kansas City","16","418","Missouri","4/19/20","308","110","00000","35.71"
"Lafayette","0","30","Missouri","4/19/20","28","2","29107","7.14"
"Lincoln","1","35","Missouri","4/19/20","26","9","29113","34.62"
"Linn","0","5","Missouri","4/19/20","3","2","29115","66.67"
"Livingston","0","2","Missouri","4/19/20","1","1","29117","100"
"Macon","0","2","Missouri","4/19/20","2","0","29121","0"
"Madison","0","1","Missouri","4/19/20","1","0","29123","0"
"Maries","0","2","Missouri","4/19/20","2","0","29125","0"
"McDonald","0","4","Missouri","4/19/20","3","1","29119","33.33"
"Miller","0","1","Missouri","4/19/20","0","1","29131","1"
"Moniteau","5","39","Missouri","4/19/20","4","35","29135","875"
"Montgomery","0","7","Missouri","4/19/20","6","1","29139","16.67"
"Morgan","0","2","Missouri","4/19/20","1","1","29141","100"
"New Madrid","0","9","Missouri","4/19/20","8","1","29143","12.5"
"Newton","0","9","Missouri","4/19/20","8","1","29145","12.5"
"Nodaway","0","3","Missouri","4/19/20","2","1","29147","50"
"Oregon","0","1","Missouri","4/19/20","1","0","29149","0"
"Osage","0","4","Missouri","4/19/20","4","0","29151","0"
"Pemiscot","1","13","Missouri","4/19/20","4","9","29155","225"
"Perry","1","41","Missouri","4/19/20","35","6","29157","17.14"
"Pettis","1","13","Missouri","4/19/20","3","10","29159","333.33"
"Phelps","0","1","Missouri","4/19/20","1","0","29161","0"
"Pike","0","6","Missouri","4/19/20","6","0","29163","0"
"Platte","0","27","Missouri","4/19/20","25","2","29165","8"
"Polk","0","1","Missouri","4/19/20","1","0","29167","0"
"Pulaski","3","31","Missouri","4/19/20","11","20","29169","181.82"
"Ralls","0","1","Missouri","4/19/20","1","0","29173","0"
"Randolph","0","8","Missouri","4/19/20","8","0","29175","0"
"Ray","0","7","Missouri","4/19/20","7","0","29177","0"
"Reynolds","0","2","Missouri","4/19/20","2","0","29179","0"
"Ripley","0","4","Missouri","4/19/20","3","1","29181","33.33"
"Saline","6","64","Missouri","4/19/20","22","42","29195","190.91"
"Scotland","0","4","Missouri","4/19/20","3","1","29199","33.33"
"Scott","5","51","Missouri","4/19/20","15","36","29201","240"
"Shelby","0","1","Missouri","4/19/20","1","0","29205","0"
"St. Charles","11","443","Missouri","4/19/20","366","77","29183","21.04"
"St. Clair","0","2","Missouri","4/19/20","2","0","29185","0"
"St. Francois","0","24","Missouri","4/19/20","23","1","29187","4.35"
"St. Louis","72","2347","Missouri","4/19/20","1845","502","29189","27.21"
"St. Louis City","23","857","Missouri","4/19/20","698","159","29510","22.78"
"Ste. Genevieve","0","7","Missouri","4/19/20","7","0","29186","0"
"Stoddard","1","18","Missouri","4/19/20","9","9","29207","100"
"Stone","0","3","Missouri","4/19/20","3","0","29209","0"
"Taney","0","9","Missouri","4/19/20","7","2","29213","28.57"
"Vernon","0","4","Missouri","4/19/20","3","1","29217","33.33"
"Warren","1","22","Missouri","4/19/20","13","9","29219","69.23"
"Washington","0","4","Missouri","4/19/20","1","3","29221","300"
"Webster","1","8","Missouri","4/19/20","4","4","29225","100"
"Worth","0","1","Missouri","4/19/20","1","0","29227","0"
"Wright","0","9","Missouri","4/19/20","7","2","29229","28.57"
"Beaverhead","0","1","Montana","4/19/20","1","0","30001","0"
"Big Horn","0","3","Montana","4/19/20","1","2","30003","200"
"Broadwater","0","4","Montana","4/19/20","4","0","30007","0"
"Carbon","0","6","Montana","4/19/20","6","0","30009","0"
"Cascade","0","13","Montana","4/19/20","13","0","30013","0"
"Deer Lodge","0","3","Montana","4/19/20","3","0","30023","0"
"Flathead","0","37","Montana","4/19/20","34","3","30029","8.82"
"Gallatin","1","143","Montana","4/19/20","138","5","30031","3.62"
"Glacier","0","4","Montana","4/19/20","3","1","30035","33.33"
"Golden Valley","0","3","Montana","4/19/20","1","2","30037","200"
"Hill","0","1","Montana","4/19/20","1","0","30041","0"
"Jefferson","0","2","Montana","4/19/20","2","0","30043","0"
"Lake","0","5","Montana","4/19/20","5","0","30047","0"
"Lewis and Clark","0","16","Montana","4/19/20","16","0","30049","0"
"Liberty","0","1","Montana","4/19/20","1","0","30051","0"
"Lincoln","0","7","Montana","4/19/20","7","0","30053","0"
"Madison","0","8","Montana","4/19/20","8","0","30057","0"
"Meagher","0","1","Montana","4/19/20","1","0","30059","0"
"Missoula","1","38","Montana","4/19/20","30","8","30063","26.67"
"Musselshell","0","1","Montana","4/19/20","1","0","30065","0"
"Park","0","7","Montana","4/19/20","7","0","30067","0"
"Pondera","0","2","Montana","4/19/20","0","2","30073","1"
"Ravalli","0","5","Montana","4/19/20","3","2","30081","66.67"
"Richland","0","3","Montana","4/19/20","3","0","30083","0"
"Roosevelt","0","6","Montana","4/19/20","3","3","30085","100"
"Silver Bow","0","11","Montana","4/19/20","11","0","30093","0"
"Stillwater","0","1","Montana","4/19/20","1","0","30095","0"
"Toole","1","29","Montana","4/19/20","25","4","30101","16"
"Yellowstone","2","72","Montana","4/19/20","58","14","30111","24.14"
"Adams","6","98","Nebraska","4/19/20","54","44","31001","81.48"
"Antelope","0","1","Nebraska","4/19/20","1","0","31003","0"
"Box Butte","0","1","Nebraska","4/19/20","1","0","31013","0"
"Buffalo","2","52","Nebraska","4/19/20","35","17","31019","48.57"
"Burt","0","1","Nebraska","4/19/20","1","0","31021","0"
"Butler","0","1","Nebraska","4/19/20","0","1","31023","1"
"Cass","0","5","Nebraska","4/19/20","3","2","31025","66.67"
"Cherry","0","1","Nebraska","4/19/20","1","0","31031","0"
"Cheyenne","0","4","Nebraska","4/19/20","3","1","31033","33.33"
"Clay","0","4","Nebraska","4/19/20","2","2","31035","100"
"Colfax","0","4","Nebraska","4/19/20","4","0","31037","0"
"Cuming","0","2","Nebraska","4/19/20","2","0","31039","0"
"Custer","1","20","Nebraska","4/19/20","13","7","31041","53.85"
"Dakota","4","29","Nebraska","4/19/20","0","29","31043","1"
"Dawson","16","124","Nebraska","4/19/20","12","112","31047","933.33"
"Dodge","1","16","Nebraska","4/19/20","9","7","31053","77.78"
"Douglas","6","280","Nebraska","4/19/20","239","41","31055","17.15"
"Franklin","0","3","Nebraska","4/19/20","2","1","31061","50"
"Furnas","0","2","Nebraska","4/19/20","0","2","31065","1"
"Gage","0","28","Nebraska","4/19/20","25","3","31067","12"
"Gosper","1","5","Nebraska","4/19/20","1","4","31073","400"
"Hall","43","457","Nebraska","4/19/20","159","298","31079","187.42"
"Hamilton","1","19","Nebraska","4/19/20","11","8","31081","72.73"
"Howard","0","3","Nebraska","4/19/20","0","3","31093","1"
"Johnson","0","2","Nebraska","4/19/20","1","1","31097","100"
"Kearney","0","4","Nebraska","4/19/20","3","1","31099","33.33"
"Kimball","0","9","Nebraska","4/19/20","9","0","31105","0"
"Knox","0","2","Nebraska","4/19/20","2","0","31107","0"
"Lancaster","4","81","Nebraska","4/19/20","52","29","31109","55.77"
"Lincoln","0","18","Nebraska","4/19/20","17","1","31111","5.88"
"Madison","0","9","Nebraska","4/19/20","6","3","31119","50"
"Merrick","1","7","Nebraska","4/19/20","2","5","31121","250"
"Morrill","0","1","Nebraska","4/19/20","0","1","31123","1"
"Nance","0","1","Nebraska","4/19/20","0","1","31125","1"
"Nemaha","0","1","Nebraska","4/19/20","1","0","31127","0"
"Otoe","0","1","Nebraska","4/19/20","1","0","31131","0"
"Phelps","0","1","Nebraska","4/19/20","1","0","31137","0"
"Pierce","0","1","Nebraska","4/19/20","1","0","31139","0"
"Platte","0","7","Nebraska","4/19/20","6","1","31141","16.67"
"Polk","1","5","Nebraska","4/19/20","1","4","31143","400"
"Red Willow","0","1","Nebraska","4/19/20","0","1","31145","1"
"Saline","1","7","Nebraska","4/19/20","0","7","31151","1"
"Sarpy","2","53","Nebraska","4/19/20","41","12","31153","29.27"
"Saunders","0","6","Nebraska","4/19/20","5","1","31155","20"
"Scotts Bluff","1","22","Nebraska","4/19/20","14","8","31157","57.14"
"Seward","0","2","Nebraska","4/19/20","1","1","31159","100"
"Stanton","0","2","Nebraska","4/19/20","1","1","31167","100"
"Thurston","0","1","Nebraska","4/19/20","0","1","31173","1"
"Washington","0","20","Nebraska","4/19/20","20","0","31177","0"
"Wayne","0","1","Nebraska","4/19/20","1","0","31179","0"
"Webster","0","2","Nebraska","4/19/20","1","1","31181","100"
"York","1","7","Nebraska","4/19/20","3","4","31185","133.33"
"Carson City","2","28","Nevada","4/19/20","16","12","32510","75"
"Churchill","0","3","Nevada","4/19/20","0","3","32001","1"
"Clark","88","2940","Nevada","4/19/20","2324","616","32003","26.51"
"Douglas","1","15","Nevada","4/19/20","10","5","32005","50"
"Elko","0","12","Nevada","4/19/20","11","1","32007","9.09"
"Humboldt","1","26","Nevada","4/19/20","18","8","32013","44.44"
"Lincoln","0","0","Nevada","4/19/20","1","-1","32017","-100"
"Lyon","1","16","Nevada","4/19/20","7","9","32019","128.57"
"Nye","3","28","Nevada","4/19/20","10","18","32023","180"
"Washoe","32","637","Nevada","4/19/20","415","222","32031","53.49"
"White Pine","0","3","Nevada","4/19/20","1","2","32033","200"
"Belknap","1","26","New Hampshire","4/19/20","21","5","33001","23.81"
"Carroll","0","30","New Hampshire","4/19/20","28","2","33003","7.14"
"Cheshire","2","29","New Hampshire","4/19/20","18","11","33005","61.11"
"Coos","0","2","New Hampshire","4/19/20","2","0","33007","0"
"Grafton","0","45","New Hampshire","4/19/20","43","2","33009","4.65"
"Hillsborough","31","581","New Hampshire","4/19/20","367","214","33011","58.31"
"Merrimack","3","94","New Hampshire","4/19/20","71","23","33013","32.39"
"Rockingham","24","479","New Hampshire","4/19/20","314","165","33015","52.55"
"Strafford","5","94","New Hampshire","4/19/20","58","36","33017","62.07"
"Sullivan","1","10","New Hampshire","4/19/20","6","4","33019","66.67"
"Atlantic","21","398","New Jersey","4/19/20","253","145","34001","57.31"
"Bergen","408","12639","New Jersey","4/19/20","9784","2855","34003","29.18"
"Burlington","70","1587","New Jersey","4/19/20","1095","492","34005","44.93"
"Camden","123","2131","New Jersey","4/19/20","1270","861","34007","67.8"
"Cape May","9","206","New Jersey","4/19/20","145","61","34009","42.07"
"Cumberland","20","308","New Jersey","4/19/20","165","143","34011","86.67"
"Essex","413","10304","New Jersey","4/19/20","7410","2894","34013","39.06"
"Gloucester","29","737","New Jersey","4/19/20","532","205","34015","38.53"
"Hudson","431","10486","New Jersey","4/19/20","7469","3017","34017","40.39"
"Hunterdon","13","407","New Jersey","4/19/20","314","93","34019","29.62"
"Mercer","118","2395","New Jersey","4/19/20","1567","828","34021","52.84"
"Middlesex","332","8017","New Jersey","4/19/20","5693","2324","34023","40.82"
"Monmouth","126","4669","New Jersey","4/19/20","3785","884","34025","23.36"
"Morris","148","4136","New Jersey","4/19/20","3099","1037","34027","33.46"
"Ocean","156","4648","New Jersey","4/19/20","3554","1094","34029","30.78"
"Passaic","385","8288","New Jersey","4/19/20","5590","2698","34031","48.26"
"Salem","8","116","New Jersey","4/19/20","61","55","34033","90.16"
"Somerset","93","2384","New Jersey","4/19/20","1732","652","34035","37.64"
"Sussex","25","659","New Jersey","4/19/20","483","176","34037","36.44"
"Union","490","9609","New Jersey","4/19/20","6180","3429","34039","55.49"
"Warren","28","592","New Jersey","4/19/20","395","197","34041","49.87"
"Bernalillo","15","542","New Mexico","4/19/20","440","102","35001","23.18"
"Catron","0","1","New Mexico","4/19/20","1","0","35003","0"
"Chaves","0","21","New Mexico","4/19/20","19","2","35005","10.53"
"Cibola","1","33","New Mexico","4/19/20","25","8","35006","32"
"Colfax","0","4","New Mexico","4/19/20","1","3","35007","300"
"Curry","0","10","New Mexico","4/19/20","10","0","35009","0"
"Dona Ana","3","69","New Mexico","4/19/20","49","20","35013","40.82"
"Eddy","0","9","New Mexico","4/19/20","7","2","35015","28.57"
"Grant","1","13","New Mexico","4/19/20","9","4","35017","44.44"
"Guadalupe","0","1","New Mexico","4/19/20","0","1","35019","1"
"Lea","0","2","New Mexico","4/19/20","2","0","35025","0"
"Lincoln","0","1","New Mexico","4/19/20","1","0","35027","0"
"Los Alamos","0","6","New Mexico","4/19/20","5","1","35028","20"
"Luna","0","3","New Mexico","4/19/20","2","1","35029","50"
"McKinley","31","363","New Mexico","4/19/20","144","219","35031","152.08"
"Otero","0","3","New Mexico","4/19/20","4","-1","35035","-25"
"Quay","0","2","New Mexico","4/19/20","1","1","35037","100"
"Rio Arriba","0","10","New Mexico","4/19/20","7","3","35039","42.86"
"Roosevelt","0","1","New Mexico","4/19/20","1","0","35041","0"
"San Juan","18","275","New Mexico","4/19/20","151","124","35045","82.12"
"San Miguel","0","2","New Mexico","4/19/20","1","1","35047","100"
"Sandoval","11","315","New Mexico","4/19/20","235","80","35043","34.04"
"Santa Fe","1","83","New Mexico","4/19/20","75","8","35049","10.67"
"Socorro","1","20","New Mexico","4/19/20","12","8","35053","66.67"
"Taos","0","15","New Mexico","4/19/20","15","0","35055","0"
"Torrance","0","12","New Mexico","4/19/20","10","2","35057","20"
"Valencia","2","29","New Mexico","4/19/20","18","11","35061","61.11"
"Albany","29","682","New York","4/19/20","478","204","36001","42.68"
"Allegany","1","30","New York","4/19/20","26","4","36003","15.38"
"Broome","9","192","New York","4/19/20","126","66","36007","52.38"
"Cattaraugus","1","34","New York","4/19/20","28","6","36009","21.43"
"Cayuga","1","36","New York","4/19/20","31","5","36011","16.13"
"Chautauqua","0","25","New York","4/19/20","23","2","36013","8.7"
"Chemung","2","73","New York","4/19/20","60","13","36015","21.67"
"Chenango","2","78","New York","4/19/20","63","15","36017","23.81"
"Clinton","1","49","New York","4/19/20","43","6","36019","13.95"
"Columbia","3","107","New York","4/19/20","87","20","36021","22.99"
"Cortland","1","25","New York","4/19/20","21","4","36023","19.05"
"Delaware","1","49","New York","4/19/20","39","10","36025","25.64"
"Dutchess","57","2240","New York","4/19/20","1838","402","36027","21.87"
"Erie","89","2192","New York","4/19/20","1571","621","36029","39.53"
"Essex","1","18","New York","4/19/20","12","6","36031","50"
"Franklin","0","13","New York","4/19/20","12","1","36033","8.33"
"Fulton","1","27","New York","4/19/20","21","6","36035","28.57"
"Genesee","7","117","New York","4/19/20","70","47","36037","67.14"
"Greene","6","85","New York","4/19/20","44","41","36039","93.18"
"Hamilton","0","3","New York","4/19/20","3","0","36041","0"
"Herkimer","2","49","New York","4/19/20","37","12","36043","32.43"
"Jefferson","1","54","New York","4/19/20","46","8","36045","17.39"
"Lewis","0","8","New York","4/19/20","6","2","36049","33.33"
"Livingston","1","39","New York","4/19/20","34","5","36051","14.71"
"Madison","2","117","New York","4/19/20","105","12","36053","11.43"
"Monroe","33","1032","New York","4/19/20","798","234","36055","29.32"
"Montgomery","1","35","New York","4/19/20","29","6","36057","20.69"
"Nassau","923","30013","New York","4/19/20","23553","6460","36059","27.43"
"New York","4437","134267","New York","4/19/20","103208","31059","36061","30.09"
"Niagara","7","246","New York","4/19/20","194","52","36063","26.8"
"Oneida","11","275","New York","4/19/20","195","80","36065","41.03"
"Onondaga","20","637","New York","4/19/20","494","143","36067","28.95"
"Ontario","2","70","New York","4/19/20","57","13","36069","22.81"
"Orange","212","6514","New York","4/19/20","5027","1487","36071","29.58"
"Orleans","3","46","New York","4/19/20","25","21","36073","84"
"Oswego","1","47","New York","4/19/20","42","5","36075","11.9"
"Otsego","1","48","New York","4/19/20","43","5","36077","11.63"
"Putnam","39","778","New York","4/19/20","507","271","36079","53.45"
"Rensselaer","12","186","New York","4/19/20","102","84","36083","82.35"
"Rockland","235","9364","New York","4/19/20","7721","1643","36087","21.28"
"Saratoga","8","251","New York","4/19/20","196","55","36091","28.06"
"Schenectady","14","295","New York","4/19/20","199","96","36093","48.24"
"Schoharie","1","20","New York","4/19/20","12","8","36095","66.67"
"Schuyler","0","8","New York","4/19/20","5","3","36097","60"
"Seneca","0","18","New York","4/19/20","16","2","36099","12.5"
"St. Lawrence","2","105","New York","4/19/20","88","17","36089","19.32"
"Steuben","5","181","New York","4/19/20","147","34","36101","23.13"
"Suffolk","851","26888","New York","4/19/20","20934","5954","36103","28.44"
"Sullivan","26","537","New York","4/19/20","358","179","36105","50"
"Tioga","2","35","New York","4/19/20","23","12","36107","52.17"
"Tompkins","1","119","New York","4/19/20","113","6","36109","5.31"
"Ulster","44","960","New York","4/19/20","655","305","36111","46.56"
"Warren","7","96","New York","4/19/20","46","50","36113","108.7"
"Washington","4","63","New York","4/19/20","34","29","36115","85.29"
"Wayne","1","50","New York","4/19/20","42","8","36117","19.05"
"Westchester","641","23803","New York","4/19/20","19313","4490","36119","23.25"
"Wyoming","2","44","New York","4/19/20","31","13","36121","41.94"
"Yates","1","9","New York","4/19/20","2","7","36123","350"
"Alamance","2","50","North Carolina","4/19/20","36","14","37001","38.89"
"Alexander","0","3","North Carolina","4/19/20","2","1","37003","50"
"Alleghany","0","2","North Carolina","4/19/20","2","0","37005","0"
"Anson","1","16","North Carolina","4/19/20","10","6","37007","60"
"Ashe","0","4","North Carolina","4/19/20","4","0","37009","0"
"Beaufort","0","14","North Carolina","4/19/20","13","1","37013","7.69"
"Bertie","1","21","North Carolina","4/19/20","12","9","37015","75"
"Bladen","0","2","North Carolina","4/19/20","1","1","37017","100"
"Brunswick","0","36","North Carolina","4/19/20","34","2","37019","5.88"
"Buncombe","1","47","North Carolina","4/19/20","37","10","37021","27.03"
"Burke","1","68","North Carolina","4/19/20","61","7","37023","11.48"
"Cabarrus","13","208","North Carolina","4/19/20","117","91","37025","77.78"
"Caldwell","1","23","North Carolina","4/19/20","17","6","37027","35.29"
"Carteret","0","24","North Carolina","4/19/20","21","3","37031","14.29"
"Caswell","1","7","North Carolina","4/19/20","3","4","37033","133.33"
"Catawba","1","43","North Carolina","4/19/20","33","10","37035","30.3"
"Chatham","8","119","North Carolina","4/19/20","63","56","37037","88.89"
"Cherokee","1","16","North Carolina","4/19/20","11","5","37039","45.45"
"Chowan","0","6","North Carolina","4/19/20","3","3","37041","100"
"Clay","0","5","North Carolina","4/19/20","4","1","37043","25"
"Cleveland","1","44","North Carolina","4/19/20","38","6","37045","15.79"
"Columbus","4","58","North Carolina","4/19/20","31","27","37047","87.1"
"Craven","1","34","North Carolina","4/19/20","25","9","37049","36"
"Cumberland","4","113","North Carolina","4/19/20","84","29","37051","34.52"
"Currituck","0","3","North Carolina","4/19/20","3","0","37053","0"
"Dare","0","15","North Carolina","4/19/20","13","2","37055","15.38"
"Davidson","1","94","North Carolina","4/19/20","85","9","37057","10.59"
"Davie","0","23","North Carolina","4/19/20","22","1","37059","4.55"
"Duplin","1","24","North Carolina","4/19/20","15","9","37061","60"
"Durham","19","409","North Carolina","4/19/20","278","131","37063","47.12"
"Edgecombe","5","58","North Carolina","4/19/20","23","35","37065","152.17"
"Forsyth","2","126","North Carolina","4/19/20","115","11","37067","9.57"
"Franklin","1","69","North Carolina","4/19/20","64","5","37069","7.81"
"Gaston","4","111","North Carolina","4/19/20","81","30","37071","37.04"
"Gates","0","4","North Carolina","4/19/20","4","0","37073","0"
"Granville","3","110","North Carolina","4/19/20","89","21","37077","23.6"
"Greene","1","14","North Carolina","4/19/20","10","4","37079","40"
"Guilford","6","176","North Carolina","4/19/20","135","41","37081","30.37"
"Halifax","2","32","North Carolina","4/19/20","21","11","37083","52.38"
"Harnett","2","58","North Carolina","4/19/20","41","17","37085","41.46"
"Haywood","0","5","North Carolina","4/19/20","3","2","37087","66.67"
"Henderson","6","120","North Carolina","4/19/20","76","44","37089","57.89"
"Hertford","1","9","North Carolina","4/19/20","5","4","37091","80"
"Hoke","1","23","North Carolina","4/19/20","18","5","37093","27.78"
"Iredell","1","81","North Carolina","4/19/20","71","10","37097","14.08"
"Jackson","0","5","North Carolina","4/19/20","2","3","37099","150"
"Johnston","4","123","North Carolina","4/19/20","97","26","37101","26.8"
"Jones","0","9","North Carolina","4/19/20","7","2","37103","28.57"
"Lee","3","34","North Carolina","4/19/20","15","19","37105","126.67"
"Lenoir","1","21","North Carolina","4/19/20","14","7","37107","50"
"Lincoln","1","19","North Carolina","4/19/20","15","4","37109","26.67"
"Macon","0","2","North Carolina","4/19/20","2","0","37113","0"
"Martin","0","9","North Carolina","4/19/20","6","3","37117","50"
"McDowell","1","20","North Carolina","4/19/20","16","4","37111","25"
"Mecklenburg","33","1183","North Carolina","4/19/20","954","229","37119","24"
"Mitchell","0","5","North Carolina","4/19/20","4","1","37121","25"
"Montgomery","1","18","North Carolina","4/19/20","13","5","37123","38.46"
"Moore","1","93","North Carolina","4/19/20","84","9","37125","10.71"
"Nash","4","61","North Carolina","4/19/20","33","28","37127","84.85"
"New Hanover","1","68","North Carolina","4/19/20","59","9","37129","15.25"
"Northampton","2","72","North Carolina","4/19/20","61","11","37131","18.03"
"Onslow","0","37","North Carolina","4/19/20","34","3","37133","8.82"
"Orange","5","187","North Carolina","4/19/20","150","37","37135","24.67"
"Pamlico","0","6","North Carolina","4/19/20","6","0","37137","0"
"Pasquotank","1","20","North Carolina","4/19/20","15","5","37139","33.33"
"Pender","0","7","North Carolina","4/19/20","5","2","37141","40"
"Perquimans","1","8","North Carolina","4/19/20","4","4","37143","100"
"Person","1","16","North Carolina","4/19/20","8","8","37145","100"
"Pitt","4","93","North Carolina","4/19/20","63","30","37147","47.62"
"Polk","0","10","North Carolina","4/19/20","9","1","37149","11.11"
"Randolph","3","74","North Carolina","4/19/20","51","23","37151","45.1"
"Richmond","1","19","North Carolina","4/19/20","10","9","37153","90"
"Robeson","2","25","North Carolina","4/19/20","8","17","37155","212.5"
"Rockingham","1","18","North Carolina","4/19/20","14","4","37157","28.57"
"Rowan","20","248","North Carolina","4/19/20","111","137","37159","123.42"
"Rutherford","5","75","North Carolina","4/19/20","37","38","37161","102.7"
"Sampson","2","22","North Carolina","4/19/20","11","11","37163","100"
"Scotland","0","12","North Carolina","4/19/20","9","3","37165","33.33"
"Stanly","1","20","North Carolina","4/19/20","16","4","37167","25"
"Stokes","0","10","North Carolina","4/19/20","10","0","37169","0"
"Surry","1","17","North Carolina","4/19/20","10","7","37171","70"
"Transylvania","0","7","North Carolina","4/19/20","6","1","37175","16.67"
"Tyrrell","1","4","North Carolina","4/19/20","0","4","37177","1"
"Union","7","149","North Carolina","4/19/20","101","48","37179","47.52"
"Vance","2","32","North Carolina","4/19/20","19","13","37181","68.42"
"Wake","17","592","North Carolina","4/19/20","470","122","37183","25.96"
"Warren","0","3","North Carolina","4/19/20","3","0","37185","0"
"Washington","1","20","North Carolina","4/19/20","15","5","37187","33.33"
"Watauga","0","8","North Carolina","4/19/20","8","0","37189","0"
"Wayne","56","463","North Carolina","4/19/20","69","394","37191","571.01"
"Wilkes","0","4","North Carolina","4/19/20","4","0","37193","0"
"Wilson","7","112","North Carolina","4/19/20","64","48","37195","75"
"Yadkin","0","11","North Carolina","4/19/20","14","-3","37197","-21.43"
"Barnes","0","3","North Dakota","4/19/20","2","1","38003","50"
"Bowman","0","1","North Dakota","4/19/20","1","0","38011","0"
"Burke","0","2","North Dakota","4/19/20","2","0","38013","0"
"Burleigh","2","63","North Dakota","4/19/20","50","13","38015","26"
"Cass","15","212","North Dakota","4/19/20","107","105","38017","98.13"
"Divide","0","1","North Dakota","4/19/20","1","0","38023","0"
"Dunn","1","9","North Dakota","4/19/20","2","7","38025","350"
"Eddy","0","1","North Dakota","4/19/20","1","0","38027","0"
"Emmons","0","1","North Dakota","4/19/20","1","0","38029","0"
"Foster","0","1","North Dakota","4/19/20","1","0","38031","0"
"Grand Forks","17","133","North Dakota","4/19/20","11","122","38035","1109.09"
"Grant","0","1","North Dakota","4/19/20","1","0","38037","0"
"McHenry","0","1","North Dakota","4/19/20","1","0","38049","0"
"McIntosh","0","1","North Dakota","4/19/20","1","0","38051","0"
"McKenzie","1","10","North Dakota","4/19/20","6","4","38053","66.67"
"McLean","0","3","North Dakota","4/19/20","2","1","38055","50"
"Morton","0","22","North Dakota","4/19/20","19","3","38059","15.79"
"Mountrail","1","30","North Dakota","4/19/20","21","9","38061","42.86"
"Nelson","0","1","North Dakota","4/19/20","0","1","38063","1"
"Oliver","0","1","North Dakota","4/19/20","1","0","38065","0"
"Pierce","0","2","North Dakota","4/19/20","2","0","38069","0"
"Ramsey","0","3","North Dakota","4/19/20","3","0","38071","0"
"Richland","0","5","North Dakota","4/19/20","2","3","38077","150"
"Rolette","0","1","North Dakota","4/19/20","1","0","38079","0"
"Sargent","0","1","North Dakota","4/19/20","1","0","38081","0"
"Sioux","0","1","North Dakota","4/19/20","1","0","38085","0"
"Slope","0","3","North Dakota","4/19/20","3","0","38087","0"
"Stark","1","39","North Dakota","4/19/20","32","7","38089","21.88"
"Stutsman","0","1","North Dakota","4/19/20","1","0","38093","0"
"Walsh","0","3","North Dakota","4/19/20","3","0","38099","0"
"Ward","0","20","North Dakota","4/19/20","20","0","38101","0"
"Williams","0","9","North Dakota","4/19/20","8","1","38105","12.5"
"","0","14","Northern Mariana Islands","4/19/20","11","3",,"27.27"
"Adams","0","3","Ohio","4/19/20","3","0","39001","0"
"Allen","7","79","Ohio","4/19/20","33","46","39003","139.39"
"Ashland","0","6","Ohio","4/19/20","5","1","39005","20"
"Ashtabula","6","66","Ohio","4/19/20","26","40","39007","153.85"
"Athens","0","3","Ohio","4/19/20","3","0","39009","0"
"Auglaize","1","22","Ohio","4/19/20","14","8","39011","57.14"
"Belmont","3","68","Ohio","4/19/20","50","18","39013","36"
"Brown","0","9","Ohio","4/19/20","6","3","39015","50"
"Butler","7","166","Ohio","4/19/20","117","49","39017","41.88"
"Carroll","0","15","Ohio","4/19/20","13","2","39019","15.38"
"Champaign","0","8","Ohio","4/19/20","6","2","39021","33.33"
"Clark","1","25","Ohio","4/19/20","20","5","39023","25"
"Clermont","4","72","Ohio","4/19/20","41","31","39025","75.61"
"Clinton","2","26","Ohio","4/19/20","15","11","39027","73.33"
"Columbiana","9","167","Ohio","4/19/20","105","62","39029","59.05"
"Coshocton","0","16","Ohio","4/19/20","16","0","39031","0"
"Crawford","4","41","Ohio","4/19/20","16","25","39033","156.25"
"Cuyahoga","45","1466","Ohio","4/19/20","1152","314","39035","27.26"
"Darke","2","56","Ohio","4/19/20","45","11","39037","24.44"
"Defiance","0","14","Ohio","4/19/20","11","3","39039","27.27"
"Delaware","4","123","Ohio","4/19/20","94","29","39041","30.85"
"Erie","3","33","Ohio","4/19/20","10","23","39043","230"
"Fairfield","2","97","Ohio","4/19/20","81","16","39045","19.75"
"Fayette","1","13","Ohio","4/19/20","9","4","39047","44.44"
"Franklin","81","1513","Ohio","4/19/20","943","570","39049","60.45"
"Fulton","1","17","Ohio","4/19/20","7","10","39051","142.86"
"Gallia","0","6","Ohio","4/19/20","5","1","39053","20"
"Geauga","6","100","Ohio","4/19/20","61","39","39055","63.93"
"Greene","1","38","Ohio","4/19/20","28","10","39057","35.71"
"Guernsey","1","11","Ohio","4/19/20","6","5","39059","83.33"
"Hamilton","26","718","Ohio","4/19/20","535","183","39061","34.21"
"Hancock","1","29","Ohio","4/19/20","19","10","39063","52.63"
"Hardin","2","17","Ohio","4/19/20","5","12","39065","240"
"Harrison","0","2","Ohio","4/19/20","0","2","39067","1"
"Henry","0","3","Ohio","4/19/20","1","2","39069","200"
"Highland","0","7","Ohio","4/19/20","6","1","39071","16.67"
"Hocking","0","4","Ohio","4/19/20","2","2","39073","100"
"Holmes","0","3","Ohio","4/19/20","3","0","39075","0"
"Huron","0","16","Ohio","4/19/20","14","2","39077","14.29"
"Jackson","0","5","Ohio","4/19/20","2","3","39079","150"
"Jefferson","1","28","Ohio","4/19/20","24","4","39081","16.67"
"Knox","0","11","Ohio","4/19/20","10","1","39083","10"
"Lake","3","133","Ohio","4/19/20","114","19","39085","16.67"
"Lawrence","1","21","Ohio","4/19/20","16","5","39087","31.25"
"Licking","3","102","Ohio","4/19/20","83","19","39089","22.89"
"Logan","1","13","Ohio","4/19/20","7","6","39091","85.71"
"Lorain","17","294","Ohio","4/19/20","176","118","39093","67.05"
"Lucas","41","789","Ohio","4/19/20","503","286","39095","56.86"
"Madison","1","30","Ohio","4/19/20","23","7","39097","30.43"
"Mahoning","25","589","Ohio","4/19/20","417","172","39099","41.25"
"Marion","254","1834","Ohio","4/19/20","53","1781","39101","3360.38"
"Medina","4","135","Ohio","4/19/20","110","25","39103","22.73"
"Meigs","0","2","Ohio","4/19/20","1","1","39105","100"
"Mercer","0","13","Ohio","4/19/20","13","0","39107","0"
"Miami","2","129","Ohio","4/19/20","117","12","39109","10.26"
"Monroe","0","2","Ohio","4/19/20","2","0","39111","0"
"Montgomery","5","232","Ohio","4/19/20","198","34","39113","17.17"
"Morgan","0","3","Ohio","4/19/20","2","1","39115","50"
"Morrow","2","20","Ohio","4/19/20","8","12","39117","150"
"Muskingum","0","8","Ohio","4/19/20","8","0","39119","0"
"Noble","1","6","Ohio","4/19/20","1","5","39121","500"
"Ottawa","2","27","Ohio","4/19/20","10","17","39123","170"
"Paulding","0","5","Ohio","4/19/20","5","0","39125","0"
"Perry","0","9","Ohio","4/19/20","8","1","39127","12.5"
"Pickaway","60","477","Ohio","4/19/20","58","419","39129","722.41"
"Pike","0","1","Ohio","4/19/20","1","0","39131","0"
"Portage","6","176","Ohio","4/19/20","137","39","39133","28.47"
"Preble","1","21","Ohio","4/19/20","15","6","39135","40"
"Putnam","3","18","Ohio","4/19/20","0","18","39137","1"
"Richland","4","65","Ohio","4/19/20","36","29","39139","80.56"
"Ross","3","36","Ohio","4/19/20","17","19","39141","111.76"
"Sandusky","1","18","Ohio","4/19/20","11","7","39143","63.64"
"Scioto","1","9","Ohio","4/19/20","4","5","39145","125"
"Seneca","0","12","Ohio","4/19/20","9","3","39147","33.33"
"Shelby","0","29","Ohio","4/19/20","27","2","39149","7.41"
"Stark","10","224","Ohio","4/19/20","154","70","39151","45.45"
"Summit","13","350","Ohio","4/19/20","257","93","39153","36.19"
"Trumbull","10","237","Ohio","4/19/20","168","69","39155","41.07"
"Tuscarawas","1","31","Ohio","4/19/20","27","4","39157","14.81"
"Union","0","12","Ohio","4/19/20","10","2","39159","20"
"Van Wert","0","3","Ohio","4/19/20","2","1","39161","50"
"Warren","5","112","Ohio","4/19/20","75","37","39165","49.33"
"Washington","4","65","Ohio","4/19/20","39","26","39167","66.67"
"Wayne","4","79","Ohio","4/19/20","50","29","39169","58"
"Williams","1","8","Ohio","4/19/20","3","5","39171","166.67"
"Wood","4","84","Ohio","4/19/20","54","30","39173","55.56"
"Wyandot","1","17","Ohio","4/19/20","11","6","39175","54.55"
"Adair","2","43","Oklahoma","4/19/20","27","16","40001","59.26"
"Alfalfa","0","1","Oklahoma","4/19/20","0","1","40003","1"
"Atoka","0","1","Oklahoma","4/19/20","1","0","40005","0"
"Beaver","0","1","Oklahoma","4/19/20","1","0","40007","0"
"Beckham","0","2","Oklahoma","4/19/20","1","1","40009","100"
"Bryan","0","5","Oklahoma","4/19/20","3","2","40013","66.67"
"Caddo","6","51","Oklahoma","4/19/20","9","42","40015","466.67"
"Canadian","2","73","Oklahoma","4/19/20","56","17","40017","30.36"
"Carter","0","1","Oklahoma","4/19/20","1","0","40019","0"
"Cherokee","1","24","Oklahoma","4/19/20","18","6","40021","33.33"
"Choctaw","0","3","Oklahoma","4/19/20","2","1","40023","50"
"Cleveland","7","313","Oklahoma","4/19/20","264","49","40027","18.56"
"Comanche","3","67","Oklahoma","4/19/20","49","18","40031","36.73"
"Cotton","0","5","Oklahoma","4/19/20","4","1","40033","25"
"Craig","0","8","Oklahoma","4/19/20","7","1","40035","14.29"
"Creek","2","68","Oklahoma","4/19/20","55","13","40037","23.64"
"Custer","1","9","Oklahoma","4/19/20","5","4","40039","80"
"Delaware","5","83","Oklahoma","4/19/20","50","33","40041","66"
"Dewey","0","2","Oklahoma","4/19/20","1","1","40043","100"
"Garfield","1","11","Oklahoma","4/19/20","6","5","40047","83.33"
"Garvin","0","10","Oklahoma","4/19/20","10","0","40049","0"
"Grady","1","20","Oklahoma","4/19/20","11","9","40051","81.82"
"Grant","0","2","Oklahoma","4/19/20","2","0","40053","0"
"Greer","1","55","Oklahoma","4/19/20","49","6","40055","12.24"
"Harper","0","1","Oklahoma","4/19/20","0","1","40059","1"
"Haskell","0","2","Oklahoma","4/19/20","0","2","40061","1"
"Jackson","0","6","Oklahoma","4/19/20","7","-1","40065","-14.29"
"Jefferson","0","1","Oklahoma","4/19/20","1","0","40067","0"
"Johnston","0","3","Oklahoma","4/19/20","0","3","40069","1"
"Kay","0","46","Oklahoma","4/19/20","43","3","40071","6.98"
"Kingfisher","0","6","Oklahoma","4/19/20","5","1","40073","20"
"Kiowa","0","3","Oklahoma","4/19/20","1","2","40075","200"
"Latimer","0","4","Oklahoma","4/19/20","4","0","40077","0"
"Le Flore","0","6","Oklahoma","4/19/20","3","3","40079","100"
"Lincoln","0","10","Oklahoma","4/19/20","11","-1","40081","-9.09"
"Logan","0","9","Oklahoma","4/19/20","7","2","40083","28.57"
"Love","0","2","Oklahoma","4/19/20","2","0","40085","0"
"Major","0","2","Oklahoma","4/19/20","1","1","40093","100"
"Marshall","0","2","Oklahoma","4/19/20","1","1","40095","100"
"Mayes","1","19","Oklahoma","4/19/20","14","5","40097","35.71"
"McClain","-3","0","Oklahoma","4/19/20","18","-18","40087","-100"
"McCurtain","0","0","Oklahoma","4/19/20","3","-3","40089","-100"
"McIntosh","0","0","Oklahoma","4/19/20","1","-1","40091","-100"
"Murray","0","1","Oklahoma","4/19/20","0","1","40099","1"
"Muskogee","1","26","Oklahoma","4/19/20","21","5","40101","23.81"
"Noble","0","6","Oklahoma","4/19/20","6","0","40103","0"
"Nowata","0","13","Oklahoma","4/19/20","10","3","40105","30"
"Okfuskee","0","1","Oklahoma","4/19/20","1","0","40107","0"
"Oklahoma","18","560","Oklahoma","4/19/20","435","125","40109","28.74"
"Okmulgee","0","15","Oklahoma","4/19/20","13","2","40111","15.38"
"Osage","2","64","Oklahoma","4/19/20","50","14","40113","28"
"Ottawa","1","27","Oklahoma","4/19/20","18","9","40115","50"
"Pawnee","0","28","Oklahoma","4/19/20","26","2","40117","7.69"
"Payne","1","37","Oklahoma","4/19/20","28","9","40119","32.14"
"Pittsburg","1","17","Oklahoma","4/19/20","8","9","40121","112.5"
"Pontotoc","0","10","Oklahoma","4/19/20","9","1","40123","11.11"
"Pottawatomie","1","36","Oklahoma","4/19/20","26","10","40125","38.46"
"Rogers","2","38","Oklahoma","4/19/20","25","13","40131","52"
"Seminole","0","7","Oklahoma","4/19/20","7","0","40133","0"
"Sequoyah","0","10","Oklahoma","4/19/20","9","1","40135","11.11"
"Stephens","0","15","Oklahoma","4/19/20","14","1","40137","7.14"
"Texas","1","13","Oklahoma","4/19/20","3","10","40139","333.33"
"Tillman","0","2","Oklahoma","4/19/20","1","1","40141","100"
"Tulsa","11","411","Oklahoma","4/19/20","332","79","40143","23.8"
"Wagoner","6","108","Oklahoma","4/19/20","69","39","40145","56.52"
"Washington","5","140","Oklahoma","4/19/20","104","36","40147","34.62"
"Woods","0","1","Oklahoma","4/19/20","0","1","40151","1"
"Woodward","0","1","Oklahoma","4/19/20","1","0","40153","0"
"Benton","1","27","Oregon","4/19/20","23","4","41003","17.39"
"Clackamas","5","161","Oregon","4/19/20","125","36","41005","28.8"
"Clatsop","0","6","Oregon","4/19/20","6","0","41007","0"
"Columbia","1","14","Oregon","4/19/20","10","4","41009","40"
"Coos","0","1","Oregon","4/19/20","0","1","41011","1"
"Crook","0","1","Oregon","4/19/20","1","0","41013","0"
"Curry","0","4","Oregon","4/19/20","3","1","41015","33.33"
"Deschutes","1","64","Oregon","4/19/20","54","10","41017","18.52"
"Douglas","1","22","Oregon","4/19/20","14","8","41019","57.14"
"Grant","0","1","Oregon","4/19/20","1","0","41023","0"
"Hood River","0","4","Oregon","4/19/20","4","0","41027","0"
"Jackson","0","49","Oregon","4/19/20","46","3","41029","6.52"
"Jefferson","0","1","Oregon","4/19/20","0","1","41031","1"
"Josephine","0","19","Oregon","4/19/20","18","1","41033","5.56"
"Klamath","1","30","Oregon","4/19/20","25","5","41035","20"
"Lane","2","48","Oregon","4/19/20","37","11","41039","29.73"
"Lincoln","0","4","Oregon","4/19/20","4","0","41041","0"
"Linn","1","59","Oregon","4/19/20","52","7","41043","13.46"
"Malheur","0","5","Oregon","4/19/20","4","1","41045","25"
"Marion","12","358","Oregon","4/19/20","276","82","41047","29.71"
"Morrow","0","5","Oregon","4/19/20","5","0","41049","0"
"Multnomah","20","514","Oregon","4/19/20","374","140","41051","37.43"
"Polk","0","32","Oregon","4/19/20","30","2","41053","6.67"
"Sherman","0","1","Oregon","4/19/20","1","0","41055","0"
"Tillamook","0","6","Oregon","4/19/20","4","2","41057","50"
"Umatilla","1","26","Oregon","4/19/20","16","10","41059","62.5"
"Union","0","4","Oregon","4/19/20","4","0","41061","0"
"Wallowa","0","1","Oregon","4/19/20","1","0","41063","0"
"Wasco","0","10","Oregon","4/19/20","10","0","41065","0"
"Washington","7","399","Oregon","4/19/20","348","51","41067","14.66"
"Yamhill","1","34","Oregon","4/19/20","30","4","41071","13.33"
"Adams","5","80","Pennsylvania","4/19/20","48","32","42001","66.67"
"Allegheny","25","1035","Pennsylvania","4/19/20","857","178","42003","20.77"
"Armstrong","2","38","Pennsylvania","4/19/20","27","11","42005","40.74"
"Beaver","20","288","Pennsylvania","4/19/20","145","143","42007","98.62"
"Bedford","1","15","Pennsylvania","4/19/20","5","10","42009","200"
"Berks","123","1898","Pennsylvania","4/19/20","1035","863","42011","83.38"
"Blair","0","13","Pennsylvania","4/19/20","10","3","42013","30"
"Bradford","1","25","Pennsylvania","4/19/20","18","7","42015","38.89"
"Bucks","90","1797","Pennsylvania","4/19/20","1170","627","42017","53.59"
"Butler","4","161","Pennsylvania","4/19/20","133","28","42019","21.05"
"Cambria","1","19","Pennsylvania","4/19/20","13","6","42021","46.15"
"Cameron","0","1","Pennsylvania","4/19/20","1","0","42023","0"
"Carbon","5","140","Pennsylvania","4/19/20","102","38","42025","37.25"
"Centre","0","73","Pennsylvania","4/19/20","70","3","42027","4.29"
"Chester","45","877","Pennsylvania","4/19/20","562","315","42029","56.05"
"Clarion","0","18","Pennsylvania","4/19/20","15","3","42031","20"
"Clearfield","0","11","Pennsylvania","4/19/20","9","2","42033","22.22"
"Clinton","0","11","Pennsylvania","4/19/20","8","3","42035","37.5"
"Columbia","14","202","Pennsylvania","4/19/20","106","96","42037","90.57"
"Crawford","0","16","Pennsylvania","4/19/20","15","1","42039","6.67"
"Cumberland","10","182","Pennsylvania","4/19/20","110","72","42041","65.45"
"Dauphin","20","368","Pennsylvania","4/19/20","229","139","42043","60.7"
"Delaware","124","2460","Pennsylvania","4/19/20","1594","866","42045","54.33"
"Elk","0","2","Pennsylvania","4/19/20","2","0","42047","0"
"Erie","3","58","Pennsylvania","4/19/20","39","19","42049","48.72"
"Fayette","2","66","Pennsylvania","4/19/20","54","12","42051","22.22"
"Forest","0","7","Pennsylvania","4/19/20","5","2","42053","40"
"Franklin","7","111","Pennsylvania","4/19/20","64","47","42055","73.44"
"Fulton","0","2","Pennsylvania","4/19/20","1","1","42057","100"
"Greene","0","24","Pennsylvania","4/19/20","23","1","42059","4.35"
"Huntingdon","0","13","Pennsylvania","4/19/20","10","3","42061","30"
"Indiana","2","51","Pennsylvania","4/19/20","40","11","42063","27.5"
"Jefferson","0","2","Pennsylvania","4/19/20","2","0","42065","0"
"Juniata","5","70","Pennsylvania","4/19/20","38","32","42067","84.21"
"Lackawanna","30","636","Pennsylvania","4/19/20","427","209","42069","48.95"
"Lancaster","59","1188","Pennsylvania","4/19/20","772","416","42071","53.89"
"Lawrence","1","59","Pennsylvania","4/19/20","49","10","42073","20.41"
"Lebanon","31","484","Pennsylvania","4/19/20","270","214","42075","79.26"
"Lehigh","74","2203","Pennsylvania","4/19/20","1684","519","42077","30.82"
"Luzerne","47","1741","Pennsylvania","4/19/20","1411","330","42079","23.39"
"Lycoming","2","37","Pennsylvania","4/19/20","23","14","42081","60.87"
"McKean","0","4","Pennsylvania","4/19/20","2","2","42083","100"
"Mercer","3","59","Pennsylvania","4/19/20","40","19","42085","47.5"
"Mifflin","1","20","Pennsylvania","4/19/20","12","8","42087","66.67"
"Monroe","24","963","Pennsylvania","4/19/20","795","168","42089","21.13"
"Montgomery","107","2913","Pennsylvania","4/19/20","2164","749","42091","34.61"
"Montour","2","48","Pennsylvania","4/19/20","37","11","42093","29.73"
"Northampton","51","1441","Pennsylvania","4/19/20","1082","359","42095","33.18"
"Northumberland","4","67","Pennsylvania","4/19/20","37","30","42097","81.08"
"Perry","1","20","Pennsylvania","4/19/20","16","4","42099","25"
"Philadelphia","404","9214","Pennsylvania","4/19/20","6386","2828","42101","44.28"
"Pike","13","301","Pennsylvania","4/19/20","212","89","42103","41.98"
"Potter","0","4","Pennsylvania","4/19/20","4","0","42105","0"
"Schuylkill","10","261","Pennsylvania","4/19/20","188","73","42107","38.83"
"Snyder","1","27","Pennsylvania","4/19/20","20","7","42109","35"
"Somerset","1","18","Pennsylvania","4/19/20","12","6","42111","50"
"Sullivan","0","1","Pennsylvania","4/19/20","1","0","42113","0"
"Susquehanna","5","63","Pennsylvania","4/19/20","25","38","42115","152"
"Tioga","0","14","Pennsylvania","4/19/20","13","1","42117","7.69"
"Union","1","27","Pennsylvania","4/19/20","19","8","42119","42.11"
"Venango","0","6","Pennsylvania","4/19/20","6","0","42121","0"
"Warren","0","1","Pennsylvania","4/19/20","1","0","42123","0"
"Washington","2","82","Pennsylvania","4/19/20","68","14","42125","20.59"
"Wayne","3","84","Pennsylvania","4/19/20","63","21","42127","33.33"
"Westmoreland","9","284","Pennsylvania","4/19/20","223","61","42129","27.35"
"Wyoming","1","17","Pennsylvania","4/19/20","9","8","42131","88.89"
"York","25","481","Pennsylvania","4/19/20","307","174","42133","56.68"
"","45","1213","Puerto Rico","4/19/20","897","316",,"35.23"
"Bristol","3","59","Rhode Island","4/19/20","39","20","44001","51.28"
"Kent","21","316","Rhode Island","4/19/20","169","147","44003","86.98"
"Newport","4","103","Rhode Island","4/19/20","74","29","44005","39.19"
"Providence","248","3014","Rhode Island","4/19/20","1278","1736","44007","135.84"
"Washington","6","184","Rhode Island","4/19/20","140","44","44009","31.43"
"Abbeville","1","17","South Carolina","4/19/20","9","8","45001","88.89"
"Aiken","3","69","South Carolina","4/19/20","50","19","45003","38"
"Allendale","0","6","South Carolina","4/19/20","5","1","45005","20"
"Anderson","4","132","South Carolina","4/19/20","106","26","45007","24.53"
"Bamberg","0","7","South Carolina","4/19/20","7","0","45009","0"
"Barnwell","0","5","South Carolina","4/19/20","5","0","45011","0"
"Beaufort","4","225","South Carolina","4/19/20","194","31","45013","15.98"
"Berkeley","7","132","South Carolina","4/19/20","83","49","45015","59.04"
"Calhoun","0","6","South Carolina","4/19/20","6","0","45017","0"
"Charleston","7","390","South Carolina","4/19/20","339","51","45019","15.04"
"Cherokee","1","13","South Carolina","4/19/20","8","5","45021","62.5"
"Chester","1","24","South Carolina","4/19/20","19","5","45023","26.32"
"Chesterfield","2","36","South Carolina","4/19/20","22","14","45025","63.64"
"Clarendon","4","112","South Carolina","4/19/20","85","27","45027","31.76"
"Colleton","1","23","South Carolina","4/19/20","16","7","45029","43.75"
"Darlington","4","64","South Carolina","4/19/20","39","25","45031","64.1"
"Dillon","2","20","South Carolina","4/19/20","5","15","45033","300"
"Dorchester","2","88","South Carolina","4/19/20","71","17","45035","23.94"
"Edgefield","0","12","South Carolina","4/19/20","10","2","45037","20"
"Fairfield","1","25","South Carolina","4/19/20","21","4","45039","19.05"
"Florence","11","150","South Carolina","4/19/20","72","78","45041","108.33"
"Georgetown","0","33","South Carolina","4/19/20","31","2","45043","6.45"
"Greenville","22","492","South Carolina","4/19/20","339","153","45045","45.13"
"Greenwood","3","36","South Carolina","4/19/20","17","19","45047","111.76"
"Hampton","2","21","South Carolina","4/19/20","7","14","45049","200"
"Horry","7","185","South Carolina","4/19/20","134","51","45051","38.06"
"Jasper","0","15","South Carolina","4/19/20","12","3","45053","25"
"Kershaw","3","197","South Carolina","4/19/20","179","18","45055","10.06"
"Lancaster","2","79","South Carolina","4/19/20","65","14","45057","21.54"
"Laurens","1","20","South Carolina","4/19/20","14","6","45059","42.86"
"Lee","2","42","South Carolina","4/19/20","29","13","45061","44.83"
"Lexington","9","273","South Carolina","4/19/20","212","61","45063","28.77"
"Marion","1","15","South Carolina","4/19/20","7","8","45067","114.29"
"Marlboro","2","28","South Carolina","4/19/20","14","14","45069","100"
"McCormick","0","6","South Carolina","4/19/20","3","3","45065","100"
"Newberry","1","21","South Carolina","4/19/20","13","8","45071","61.54"
"Oconee","0","17","South Carolina","4/19/20","14","3","45073","21.43"
"Orangeburg","1","43","South Carolina","4/19/20","37","6","45075","16.22"
"Pickens","2","39","South Carolina","4/19/20","28","11","45077","39.29"
"Richland","23","652","South Carolina","4/19/20","494","158","45079","31.98"
"Saluda","1","12","South Carolina","4/19/20","6","6","45081","100"
"Spartanburg","6","213","South Carolina","4/19/20","174","39","45083","22.41"
"Sumter","5","181","South Carolina","4/19/20","148","33","45085","22.3"
"Union","0","24","South Carolina","4/19/20","22","2","45087","9.09"
"Williamsburg","1","21","South Carolina","4/19/20","15","6","45089","40"
"York","3","156","South Carolina","4/19/20","134","22","45091","16.42"
"Aurora","0","1","South Dakota","4/19/20","1","0","46003","0"
"Beadle","0","21","South Dakota","4/19/20","21","0","46005","0"
"Bon Homme","0","4","South Dakota","4/19/20","4","0","46009","0"
"Brookings","0","9","South Dakota","4/19/20","8","1","46011","12.5"
"Brown","1","20","South Dakota","4/19/20","14","6","46013","42.86"
"Brule","0","0","South Dakota","4/19/20","1","-1","46015","-100"
"Charles Mix","0","4","South Dakota","4/19/20","4","0","46023","0"
"Clark","0","1","South Dakota","4/19/20","1","0","46025","0"
"Clay","0","5","South Dakota","4/19/20","6","-1","46027","-16.67"
"Codington","0","13","South Dakota","4/19/20","12","1","46029","8.33"
"Corson","0","1","South Dakota","4/19/20","1","0","46031","0"
"Davison","0","3","South Dakota","4/19/20","3","0","46035","0"
"Deuel","0","1","South Dakota","4/19/20","1","0","46039","0"
"Fall River","0","1","South Dakota","4/19/20","1","0","46047","0"
"Faulk","0","1","South Dakota","4/19/20","1","0","46049","0"
"Hamlin","0","2","South Dakota","4/19/20","1","1","46057","100"
"Hughes","0","5","South Dakota","4/19/20","5","0","46065","0"
"Hutchinson","0","2","South Dakota","4/19/20","2","0","46067","0"
"Hyde","0","1","South Dakota","4/19/20","0","1","46069","1"
"Jerauld","0","4","South Dakota","4/19/20","3","1","46073","33.33"
"Lake","0","3","South Dakota","4/19/20","2","1","46079","50"
"Lawrence","0","9","South Dakota","4/19/20","9","0","46081","0"
"Lincoln","6","90","South Dakota","4/19/20","46","44","46083","95.65"
"Lyman","0","2","South Dakota","4/19/20","2","0","46085","0"
"Marshall","0","1","South Dakota","4/19/20","1","0","46091","0"
"McCook","0","3","South Dakota","4/19/20","2","1","46087","50"
"Meade","0","1","South Dakota","4/19/20","1","0","46093","0"
"Miner","0","1","South Dakota","4/19/20","1","0","46097","0"
"Minnehaha","119","1362","South Dakota","4/19/20","527","835","46099","158.44"
"Moody","0","1","South Dakota","4/19/20","0","1","46101","1"
"Oglala Lakota","0","1","South Dakota","4/19/20","1","0","46102","0"
"Pennington","0","10","South Dakota","4/19/20","8","2","46103","25"
"Roberts","0","4","South Dakota","4/19/20","4","0","46109","0"
"Sanborn","0","3","South Dakota","4/19/20","1","2","46111","200"
"Spink","0","3","South Dakota","4/19/20","3","0","46115","0"
"Sully","0","1","South Dakota","4/19/20","1","0","46119","0"
"Todd","0","1","South Dakota","4/19/20","1","0","46121","0"
"Turner","0","6","South Dakota","4/19/20","5","1","46125","20"
"Union","0","6","South Dakota","4/19/20","4","2","46127","50"
"Walworth","1","5","South Dakota","4/19/20","1","4","46129","400"
"Yankton","0","23","South Dakota","4/19/20","20","3","46135","15"
"Anderson","1","16","Tennessee","4/19/20","12","4","47001","33.33"
"Bedford","7","71","Tennessee","4/19/20","20","51","47003","255"
"Benton","0","4","Tennessee","4/19/20","4","0","47005","0"
"Bledsoe","1","9","Tennessee","4/19/20","3","6","47007","200"
"Blount","0","46","Tennessee","4/19/20","46","0","47009","0"
"Bradley","1","37","Tennessee","4/19/20","31","6","47011","19.35"
"Campbell","0","12","Tennessee","4/19/20","10","2","47013","20"
"Cannon","0","8","Tennessee","4/19/20","7","1","47015","14.29"
"Carroll","1","15","Tennessee","4/19/20","11","4","47017","36.36"
"Carter","0","5","Tennessee","4/19/20","3","2","47019","66.67"
"Cheatham","1","22","Tennessee","4/19/20","18","4","47021","22.22"
"Chester","0","8","Tennessee","4/19/20","6","2","47023","33.33"
"Claiborne","0","5","Tennessee","4/19/20","5","0","47025","0"
"Clay","0","5","Tennessee","4/19/20","2","3","47027","150"
"Cocke","1","11","Tennessee","4/19/20","3","8","47029","266.67"
"Coffee","1","20","Tennessee","4/19/20","11","9","47031","81.82"
"Crockett","1","5","Tennessee","4/19/20","0","5","47033","1"
"Cumberland","2","57","Tennessee","4/19/20","42","15","47035","35.71"
"Davidson","41","1638","Tennessee","4/19/20","1349","289","47037","21.42"
"Decatur","0","4","Tennessee","4/19/20","2","2","47039","100"
"DeKalb","0","10","Tennessee","4/19/20","9","1","47041","11.11"
"Dickson","2","45","Tennessee","4/19/20","30","15","47043","50"
"Dyer","1","28","Tennessee","4/19/20","19","9","47045","47.37"
"Fayette","2","45","Tennessee","4/19/20","32","13","47047","40.62"
"Fentress","0","4","Tennessee","4/19/20","2","2","47049","100"
"Franklin","1","26","Tennessee","4/19/20","22","4","47051","18.18"
"Gibson","2","31","Tennessee","4/19/20","20","11","47053","55"
"Giles","0","5","Tennessee","4/19/20","3","2","47055","66.67"
"Grainger","0","4","Tennessee","4/19/20","4","0","47057","0"
"Greene","1","30","Tennessee","4/19/20","26","4","47059","15.38"
"Grundy","0","25","Tennessee","4/19/20","23","2","47061","8.7"
"Hamblen","0","8","Tennessee","4/19/20","5","3","47063","60"
"Hamilton","1","116","Tennessee","4/19/20","107","9","47065","8.41"
"Hardeman","0","7","Tennessee","4/19/20","7","0","47069","0"
"Hardin","0","4","Tennessee","4/19/20","2","2","47071","100"
"Hawkins","1","27","Tennessee","4/19/20","23","4","47073","17.39"
"Haywood","0","13","Tennessee","4/19/20","13","0","47075","0"
"Henderson","0","4","Tennessee","4/19/20","2","2","47077","100"
"Henry","0","9","Tennessee","4/19/20","6","3","47079","50"
"Hickman","0","2","Tennessee","4/19/20","2","0","47081","0"
"Houston","0","4","Tennessee","4/19/20","3","1","47083","33.33"
"Humphreys","0","7","Tennessee","4/19/20","4","3","47085","75"
"Jackson","0","6","Tennessee","4/19/20","5","1","47087","20"
"Jefferson","0","15","Tennessee","4/19/20","15","0","47089","0"
"Johnson","0","2","Tennessee","4/19/20","2","0","47091","0"
"Knox","4","194","Tennessee","4/19/20","169","25","47093","14.79"
"Lake","1","4","Tennessee","4/19/20","0","4","47095","1"
"Lauderdale","1","15","Tennessee","4/19/20","8","7","47097","87.5"
"Lawrence","0","15","Tennessee","4/19/20","12","3","47099","25"
"Lewis","0","2","Tennessee","4/19/20","2","0","47101","0"
"Lincoln","0","10","Tennessee","4/19/20","8","2","47103","25"
"Loudon","1","22","Tennessee","4/19/20","16","6","47105","37.5"
"Macon","1","33","Tennessee","4/19/20","24","9","47111","37.5"
"Madison","4","86","Tennessee","4/19/20","59","27","47113","45.76"
"Marion","0","28","Tennessee","4/19/20","25","3","47115","12"
"Marshall","1","16","Tennessee","4/19/20","9","7","47117","77.78"
"Maury","0","34","Tennessee","4/19/20","32","2","47119","6.25"
"McMinn","0","6","Tennessee","4/19/20","4","2","47107","50"
"McNairy","0","9","Tennessee","4/19/20","9","0","47109","0"
"Meigs","0","3","Tennessee","4/19/20","3","0","47121","0"
"Monroe","0","10","Tennessee","4/19/20","8","2","47123","25"
"Montgomery","3","119","Tennessee","4/19/20","97","22","47125","22.68"
"Moore","0","2","Tennessee","4/19/20","0","2","47127","1"
"Morgan","0","5","Tennessee","4/19/20","5","0","47129","0"
"Obion","0","9","Tennessee","4/19/20","7","2","47131","28.57"
"Out of TN","0","274","Tennessee","4/19/20","276","-2","80047","-0.72"
"Overton","0","7","Tennessee","4/19/20","5","2","47133","40"
"Perry","0","6","Tennessee","4/19/20","3","3","47135","100"
"Polk","0","5","Tennessee","4/19/20","5","0","47139","0"
"Putnam","1","95","Tennessee","4/19/20","87","8","47141","9.2"
"Rhea","0","2","Tennessee","4/19/20","0","2","47143","1"
"Roane","0","8","Tennessee","4/19/20","5","3","47145","60"
"Robertson","4","113","Tennessee","4/19/20","84","29","47147","34.52"
"Rutherford","9","309","Tennessee","4/19/20","243","66","47149","27.16"
"Scott","0","11","Tennessee","4/19/20","8","3","47151","37.5"
"Sequatchie","0","3","Tennessee","4/19/20","1","2","47153","200"
"Sevier","0","24","Tennessee","4/19/20","21","3","47155","14.29"
"Shelby","80","1778","Tennessee","4/19/20","1215","563","47157","46.34"
"Smith","0","13","Tennessee","4/19/20","10","3","47159","30"
"Stewart","0","6","Tennessee","4/19/20","4","2","47161","50"
"Sullivan","1","45","Tennessee","4/19/20","37","8","47163","21.62"
"Sumner","9","509","Tennessee","4/19/20","445","64","47165","14.38"
"Tipton","1","56","Tennessee","4/19/20","49","7","47167","14.29"
"Trousdale","1","22","Tennessee","4/19/20","17","5","47169","29.41"
"Unicoi","0","1","Tennessee","4/19/20","1","0","47171","0"
"Union","0","3","Tennessee","4/19/20","3","0","47173","0"
"Van Buren","0","1","Tennessee","4/19/20","0","1","47175","1"
"Warren","0","5","Tennessee","4/19/20","4","1","47177","25"
"Washington","1","46","Tennessee","4/19/20","42","4","47179","9.52"
"Wayne","0","2","Tennessee","4/19/20","2","0","47181","0"
"Weakley","0","8","Tennessee","4/19/20","5","3","47183","60"
"White","0","4","Tennessee","4/19/20","3","1","47185","33.33"
"Williamson","4","348","Tennessee","4/19/20","318","30","47187","9.43"
"Wilson","7","181","Tennessee","4/19/20","135","46","47189","34.07"
"Anderson","1","8","Texas","4/19/20","3","5","48001","166.67"
"Andrews","1","19","Texas","4/19/20","12","7","48003","58.33"
"Angelina","1","23","Texas","4/19/20","16","7","48005","43.75"
"Aransas","0","2","Texas","4/19/20","2","0","48007","0"
"Armstrong","0","1","Texas","4/19/20","0","1","48011","1"
"Atascosa","0","12","Texas","4/19/20","9","3","48013","33.33"
"Austin","0","12","Texas","4/19/20","10","2","48015","20"
"Bandera","0","4","Texas","4/19/20","2","2","48019","100"
"Bastrop","3","44","Texas","4/19/20","26","18","48021","69.23"
"Bee","0","5","Texas","4/19/20","2","3","48025","150"
"Bell","4","126","Texas","4/19/20","101","25","48027","24.75"
"Bexar","38","992","Texas","4/19/20","723","269","48029","37.21"
"Blanco","0","5","Texas","4/19/20","4","1","48031","25"
"Bosque","0","1","Texas","4/19/20","0","1","48035","1"
"Bowie","4","57","Texas","4/19/20","32","25","48037","78.12"
"Brazoria","11","304","Texas","4/19/20","225","79","48039","35.11"
"Brazos","5","169","Texas","4/19/20","134","35","48041","26.12"
"Brown","0","13","Texas","4/19/20","10","3","48049","30"
"Burleson","0","9","Texas","4/19/20","6","3","48051","50"
"Burnet","0","8","Texas","4/19/20","6","2","48053","33.33"
"Caldwell","0","7","Texas","4/19/20","6","1","48055","16.67"
"Calhoun","1","21","Texas","4/19/20","15","6","48057","40"
"Callahan","0","1","Texas","4/19/20","1","0","48059","0"
"Cameron","15","298","Texas","4/19/20","195","103","48061","52.82"
"Camp","0","6","Texas","4/19/20","3","3","48063","100"
"Carson","0","1","Texas","4/19/20","0","1","48065","1"
"Cass","1","11","Texas","4/19/20","5","6","48067","120"
"Castro","0","11","Texas","4/19/20","11","0","48069","0"
"Chambers","1","35","Texas","4/19/20","29","6","48071","20.69"
"Cherokee","1","10","Texas","4/19/20","6","4","48073","66.67"
"Childress","0","1","Texas","4/19/20","0","1","48075","1"
"Clay","0","3","Texas","4/19/20","2","1","48077","50"
"Collin","10","522","Texas","4/19/20","453","69","48085","15.23"
"Colorado","0","8","Texas","4/19/20","7","1","48089","14.29"
"Comal","1","43","Texas","4/19/20","37","6","48091","16.22"
"Comanche","0","4","Texas","4/19/20","3","1","48093","33.33"
"Concho","0","1","Texas","4/19/20","1","0","48095","0"
"Cooke","0","4","Texas","4/19/20","1","3","48097","300"
"Coryell","6","75","Texas","4/19/20","34","41","48099","120.59"
"Crane","0","2","Texas","4/19/20","2","0","48103","0"
"Crosby","0","1","Texas","4/19/20","1","0","48107","0"
"Dallam","0","3","Texas","4/19/20","1","2","48111","200"
"Dallas","101","2428","Texas","4/19/20","1723","705","48113","40.92"
"Dawson","1","12","Texas","4/19/20","7","5","48115","71.43"
"Deaf Smith","1","12","Texas","4/19/20","7","5","48117","71.43"
"Delta","0","1","Texas","4/19/20","1","0","48119","0"
"Denton","17","592","Texas","4/19/20","474","118","48121","24.89"
"DeWitt","1","13","Texas","4/19/20","9","4","48123","44.44"
"Dickens","0","1","Texas","4/19/20","2","-1","48125","-50"
"Dimmit","0","1","Texas","4/19/20","1","0","48127","0"
"Donley","0","23","Texas","4/19/20","22","1","48129","4.55"
"Duval","0","1","Texas","4/19/20","0","1","48131","1"
"Eastland","0","3","Texas","4/19/20","3","0","48133","0"
"Ector","2","58","Texas","4/19/20","43","15","48135","34.88"
"El Paso","34","505","Texas","4/19/20","269","236","48141","87.73"
"Ellis","2","83","Texas","4/19/20","66","17","48139","25.76"
"Erath","0","13","Texas","4/19/20","13","0","48143","0"
"Falls","0","1","Texas","4/19/20","1","0","48145","0"
"Fannin","0","7","Texas","4/19/20","5","2","48147","40"
"Fayette","1","15","Texas","4/19/20","10","5","48149","50"
"Floyd","0","2","Texas","4/19/20","1","1","48153","100"
"Fort Bend","31","755","Texas","4/19/20","536","219","48157","40.86"
"Franklin","0","1","Texas","4/19/20","1","0","48159","0"
"Freestone","0","3","Texas","4/19/20","0","3","48161","1"
"Frio","0","1","Texas","4/19/20","1","0","48163","0"
"Gaines","0","2","Texas","4/19/20","1","1","48165","100"
"Galveston","14","450","Texas","4/19/20","355","95","48167","26.76"
"Gillespie","0","1","Texas","4/19/20","1","0","48171","0"
"Goliad","0","5","Texas","4/19/20","4","1","48175","25"
"Gonzales","0","2","Texas","4/19/20","2","0","48177","0"
"Gray","1","17","Texas","4/19/20","13","4","48179","30.77"
"Grayson","0","19","Texas","4/19/20","17","2","48181","11.76"
"Gregg","2","52","Texas","4/19/20","40","12","48183","30"
"Grimes","0","10","Texas","4/19/20","7","3","48185","42.86"
"Guadalupe","1","57","Texas","4/19/20","49","8","48187","16.33"
"Hale","0","12","Texas","4/19/20","11","1","48189","9.09"
"Hamilton","0","5","Texas","4/19/20","3","2","48193","66.67"
"Hansford","0","1","Texas","4/19/20","1","0","48195","0"
"Hardin","2","75","Texas","4/19/20","61","14","48199","22.95"
"Harris","171","4823","Texas","4/19/20","3629","1194","48201","32.9"
"Harrison","4","44","Texas","4/19/20","16","28","48203","175"
"Hartley","0","1","Texas","4/19/20","0","1","48205","1"
"Hays","6","121","Texas","4/19/20","82","39","48209","47.56"
"Hemphill","0","1","Texas","4/19/20","1","0","48211","0"
"Henderson","0","13","Texas","4/19/20","10","3","48213","30"
"Hidalgo","9","255","Texas","4/19/20","190","65","48215","34.21"
"Hill","0","10","Texas","4/19/20","8","2","48217","25"
"Hockley","0","16","Texas","4/19/20","14","2","48219","14.29"
"Hood","1","17","Texas","4/19/20","13","4","48221","30.77"
"Hopkins","0","4","Texas","4/19/20","4","0","48223","0"
"Houston","0","3","Texas","4/19/20","0","3","48225","1"
"Howard","0","1","Texas","4/19/20","1","0","48227","0"
"Hunt","1","26","Texas","4/19/20","18","8","48231","44.44"
"Hutchinson","1","7","Texas","4/19/20","2","5","48233","250"
"Jack","0","3","Texas","4/19/20","1","2","48237","200"
"Jackson","0","4","Texas","4/19/20","4","0","48239","0"
"Jasper","0","9","Texas","4/19/20","7","2","48241","28.57"
"Jefferson","10","171","Texas","4/19/20","100","71","48245","71"
"Jim Wells","0","2","Texas","4/19/20","2","0","48249","0"
"Johnson","2","44","Texas","4/19/20","28","16","48251","57.14"
"Jones","0","4","Texas","4/19/20","2","2","48253","100"
"Karnes","0","3","Texas","4/19/20","2","1","48255","50"
"Kaufman","2","42","Texas","4/19/20","26","16","48257","61.54"
"Kendall","0","14","Texas","4/19/20","11","3","48259","27.27"
"Kerr","0","4","Texas","4/19/20","2","2","48265","100"
"Kleberg","1","6","Texas","4/19/20","2","4","48273","200"
"Knox","0","1","Texas","4/19/20","1","0","48275","0"
"La Salle","0","1","Texas","4/19/20","0","1","48283","1"
"Lamar","0","7","Texas","4/19/20","8","-1","48277","-12.5"
"Lamb","0","2","Texas","4/19/20","1","1","48279","100"
"Lampasas","0","2","Texas","4/19/20","2","0","48281","0"
"Lavaca","0","4","Texas","4/19/20","4","0","48285","0"
"Lee","0","2","Texas","4/19/20","2","0","48287","0"
"Leon","0","5","Texas","4/19/20","3","2","48289","66.67"
"Liberty","2","32","Texas","4/19/20","19","13","48291","68.42"
"Limestone","0","11","Texas","4/19/20","11","0","48293","0"
"Live Oak","0","3","Texas","4/19/20","3","0","48297","0"
"Llano","0","3","Texas","4/19/20","3","0","48299","0"
"Lubbock","21","419","Texas","4/19/20","270","149","48303","55.19"
"Lynn","0","5","Texas","4/19/20","5","0","48305","0"
"Madison","0","2","Texas","4/19/20","1","1","48313","100"
"Marion","0","3","Texas","4/19/20","0","3","48315","1"
"Martin","0","2","Texas","4/19/20","2","0","48317","0"
"Mason","0","1","Texas","4/19/20","1","0","48319","0"
"Matagorda","0","51","Texas","4/19/20","49","2","48321","4.08"
"Maverick","0","12","Texas","4/19/20","9","3","48323","33.33"
"McCulloch","0","3","Texas","4/19/20","3","0","48307","0"
"McLennan","1","76","Texas","4/19/20","69","7","48309","10.14"
"Medina","0","15","Texas","4/19/20","13","2","48325","15.38"
"Midland","1","42","Texas","4/19/20","32","10","48329","31.25"
"Milam","1","11","Texas","4/19/20","7","4","48331","57.14"
"Mitchell","0","1","Texas","4/19/20","1","0","48335","0"
"Montague","0","5","Texas","4/19/20","2","3","48337","150"
"Montgomery","18","377","Texas","4/19/20","251","126","48339","50.2"
"Moore","12","106","Texas","4/19/20","22","84","48341","381.82"
"Morris","0","5","Texas","4/19/20","3","2","48343","66.67"
"Motley","0","1","Texas","4/19/20","0","1","48345","1"
"Nacogdoches","6","89","Texas","4/19/20","47","42","48347","89.36"
"Navarro","1","20","Texas","4/19/20","12","8","48349","66.67"
"Newton","0","2","Texas","4/19/20","2","0","48351","0"
"Nueces","2","90","Texas","4/19/20","76","14","48355","18.42"
"Oldham","0","3","Texas","4/19/20","3","0","48359","0"
"Orange","1","53","Texas","4/19/20","44","9","48361","20.45"
"Palo Pinto","0","7","Texas","4/19/20","4","3","48363","75"
"Panola","4","38","Texas","4/19/20","13","25","48365","192.31"
"Parker","1","21","Texas","4/19/20","13","8","48367","61.54"
"Parmer","0","1","Texas","4/19/20","0","1","48369","1"
"Pecos","0","5","Texas","4/19/20","3","2","48371","66.67"
"Polk","1","14","Texas","4/19/20","9","5","48373","55.56"
"Potter","9","130","Texas","4/19/20","70","60","48375","85.71"
"Rains","0","2","Texas","4/19/20","1","1","48379","100"
"Randall","6","103","Texas","4/19/20","64","39","48381","60.94"
"Red River","0","1","Texas","4/19/20","0","1","48387","1"
"Reeves","0","2","Texas","4/19/20","2","0","48389","0"
"Roberts","0","2","Texas","4/19/20","0","2","48393","1"
"Robertson","0","2","Texas","4/19/20","2","0","48395","0"
"Rockwall","3","41","Texas","4/19/20","20","21","48397","105"
"Rusk","2","28","Texas","4/19/20","16","12","48401","75"
"Sabine","0","1","Texas","4/19/20","0","1","48403","1"
"San Augustine","1","14","Texas","4/19/20","9","5","48405","55.56"
"San Jacinto","1","10","Texas","4/19/20","5","5","48407","100"
"San Patricio","0","8","Texas","4/19/20","7","1","48409","14.29"
"Scurry","0","2","Texas","4/19/20","0","2","48415","1"
"Shelby","4","60","Texas","4/19/20","34","26","48419","76.47"
"Sherman","1","7","Texas","4/19/20","0","7","48421","1"
"Smith","4","121","Texas","4/19/20","96","25","48423","26.04"
"Starr","0","7","Texas","4/19/20","7","0","48427","0"
"Stephens","0","1","Texas","4/19/20","1","0","48429","0"
"Swisher","0","4","Texas","4/19/20","4","0","48437","0"
"Tarrant","63","1229","Texas","4/19/20","787","442","48439","56.16"
"Taylor","12","142","Texas","4/19/20","59","83","48441","140.68"
"Terry","0","10","Texas","4/19/20","7","3","48445","42.86"
"Titus","0","9","Texas","4/19/20","6","3","48449","50"
"Tom Green","1","41","Texas","4/19/20","35","6","48451","17.14"
"Travis","50","1092","Texas","4/19/20","744","348","48453","46.77"
"Trinity","1","7","Texas","4/19/20","3","4","48455","133.33"
"Tyler","0","6","Texas","4/19/20","4","2","48457","50"
"Upshur","0","9","Texas","4/19/20","8","1","48459","12.5"
"Uvalde","0","6","Texas","4/19/20","6","0","48463","0"
"Val Verde","0","12","Texas","4/19/20","11","1","48465","9.09"
"Van Zandt","0","12","Texas","4/19/20","10","2","48467","20"
"Victoria","2","93","Texas","4/19/20","77","16","48469","20.78"
"Walker","9","77","Texas","4/19/20","17","60","48471","352.94"
"Waller","1","24","Texas","4/19/20","15","9","48473","60"
"Washington","2","52","Texas","4/19/20","37","15","48477","40.54"
"Webb","11","267","Texas","4/19/20","191","76","48479","39.79"
"Wharton","1","34","Texas","4/19/20","26","8","48481","30.77"
"Wichita","0","59","Texas","4/19/20","56","3","48485","5.36"
"Wilbarger","0","1","Texas","4/19/20","0","1","48487","1"
"Willacy","0","8","Texas","4/19/20","5","3","48489","60"
"Williamson","5","151","Texas","4/19/20","113","38","48491","33.63"
"Wilson","1","21","Texas","4/19/20","11","10","48493","90.91"
"Winkler","0","3","Texas","4/19/20","1","2","48495","200"
"Wise","1","9","Texas","4/19/20","5","4","48497","80"
"Wood","0","6","Texas","4/19/20","5","1","48499","20"
"Yoakum","0","1","Texas","4/19/20","0","1","48501","1"
"Young","0","4","Texas","4/19/20","3","1","48503","33.33"
"Zapata","0","6","Texas","4/19/20","3","3","48505","100"
"Zavala","0","1","Texas","4/19/20","0","1","48507","1"
"Bear River","6","54","Utah","4/19/20","13","41","00000","315.38"
"Cache","-5","0","Utah","4/19/20","33","-33","49005","-100"
"Carbon","0","0","Utah","4/19/20","2","-2","49007","-100"
"Central Utah","2","15","Utah","4/19/20","0","15","00000","1"
"Davis","5","236","Utah","4/19/20","199","37","49011","18.59"
"Duchesne","0","0","Utah","4/19/20","3","-3","49013","-100"
"Emery","0","0","Utah","4/19/20","2","-2","49015","-100"
"Garfield","0","0","Utah","4/19/20","1","-1","49017","-100"
"Grand","0","0","Utah","4/19/20","1","-1","49019","-100"
"Iron","-2","0","Utah","4/19/20","13","-13","49021","-100"
"Kane","0","0","Utah","4/19/20","3","-3","49025","-100"
"Salt Lake","70","1615","Utah","4/19/20","1126","489","49035","43.43"
"San Juan","2","22","Utah","4/19/20","8","14","49037","175"
"Southeast Utah","1","6","Utah","4/19/20","0","6","00000","1"
"Southwest Utah","9","66","Utah","4/19/20","0","66","00000","1"
"Summit","2","318","Utah","4/19/20","304","14","49043","4.61"
"Tooele","2","42","Utah","4/19/20","31","11","49045","35.48"
"TriCounty","1","10","Utah","4/19/20","0","10","00000","1"
"Uintah","-1","0","Utah","4/19/20","6","-6","49047","-100"
"Utah","20","455","Utah","4/19/20","313","142","49049","45.37"
"Wasatch","1","111","Utah","4/19/20","103","8","49051","7.77"
"Washington","-6","0","Utah","4/19/20","42","-42","49053","-100"
"Weber-Morgan","3","119","Utah","4/19/20","96","23","00000","23.96"
"Addison","1","61","Vermont","4/19/20","55","6","50001","10.91"
"Bennington","1","37","Vermont","4/19/20","31","6","50003","19.35"
"Caledonia","1","12","Vermont","4/19/20","8","4","50005","50"
"Chittenden","3","385","Vermont","4/19/20","364","21","50007","5.77"
"Essex","0","2","Vermont","4/19/20","1","1","50009","100"
"Franklin","1","91","Vermont","4/19/20","81","10","50011","12.35"
"Grand Isle","0","3","Vermont","4/19/20","3","0","50013","0"
"Lamoille","0","23","Vermont","4/19/20","21","2","50015","9.52"
"Orange","0","5","Vermont","4/19/20","5","0","50017","0"
"Orleans","0","9","Vermont","4/19/20","8","1","50019","12.5"
"Rutland","1","43","Vermont","4/19/20","36","7","50021","19.44"
"Washington","1","32","Vermont","4/19/20","28","4","50023","14.29"
"Windham","1","63","Vermont","4/19/20","54","9","50025","16.67"
"Windsor","2","37","Vermont","4/19/20","25","12","50027","48"
"","0","53","Virgin Islands","4/19/20","51","2",,"3.92"
"Accomack","4","42","Virginia","4/19/20","15","27","51001","180"
"Albemarle","2","57","Virginia","4/19/20","46","11","51003","23.91"
"Alexandria","26","383","Virginia","4/19/20","198","185","51510","93.43"
"Alleghany","0","5","Virginia","4/19/20","4","1","51005","25"
"Amelia","1","14","Virginia","4/19/20","9","5","51007","55.56"
"Amherst","0","10","Virginia","4/19/20","10","0","51009","0"
"Appomattox","0","7","Virginia","4/19/20","7","0","51011","0"
"Arlington","30","575","Virginia","4/19/20","366","209","51013","57.1"
"Augusta","1","22","Virginia","4/19/20","17","5","51015","29.41"
"Bedford","0","18","Virginia","4/19/20","15","3","51019","20"
"Botetourt","0","24","Virginia","4/19/20","23","1","51023","4.35"
"Bristol","0","1","Virginia","4/19/20","1","0","51520","0"
"Brunswick","1","12","Virginia","4/19/20","3","9","51025","300"
"Buchanan","1","12","Virginia","4/19/20","2","10","51027","500"
"Buckingham","2","26","Virginia","4/19/20","14","12","51029","85.71"
"Buena Vista","0","5","Virginia","4/19/20","4","1","51530","25"
"Campbell","0","9","Virginia","4/19/20","9","0","51031","0"
"Caroline","1","13","Virginia","4/19/20","6","7","51033","116.67"
"Carroll","0","3","Virginia","4/19/20","3","0","51035","0"
"Charles City","0","11","Virginia","4/19/20","9","2","51036","22.22"
"Charlotte","1","8","Virginia","4/19/20","4","4","51037","100"
"Charlottesville","1","41","Virginia","4/19/20","31","10","51540","32.26"
"Chesapeake","6","162","Virginia","4/19/20","121","41","51550","33.88"
"Chesterfield","15","311","Virginia","4/19/20","209","102","51041","48.8"
"Clarke","0","6","Virginia","4/19/20","3","3","51043","100"
"Colonial Heights","2","23","Virginia","4/19/20","6","17","51570","283.33"
"Covington","0","1","Virginia","4/19/20","1","0","51580","0"
"Craig","0","2","Virginia","4/19/20","2","0","51045","0"
"Culpeper","3","43","Virginia","4/19/20","19","24","51047","126.32"
"Cumberland","0","10","Virginia","4/19/20","8","2","51049","25"
"Danville","1","27","Virginia","4/19/20","20","7","51590","35"
"Dinwiddie","0","7","Virginia","4/19/20","6","1","51053","16.67"
"Emporia","0","7","Virginia","4/19/20","7","0","51595","0"
"Essex","0","2","Virginia","4/19/20","0","2","51057","1"
"Fairfax","114","1809","Virginia","4/19/20","1008","801","51059","79.46"
"Fairfax City","1","11","Virginia","4/19/20","1","10","51600","1000"
"Falls Church","0","0","Virginia","4/19/20","2","-2","51610","-100"
"Fauquier","2","39","Virginia","4/19/20","25","14","51061","56"
"Floyd","0","1","Virginia","4/19/20","1","0","51063","0"
"Fluvanna","6","66","Virginia","4/19/20","21","45","51065","214.29"
"Franklin","0","15","Virginia","4/19/20","14","1","51067","7.14"
"Franklin City","1","15","Virginia","4/19/20","6","9","51620","150"
"Frederick","2","81","Virginia","4/19/20","65","16","51069","24.62"
"Fredericksburg","1","17","Virginia","4/19/20","12","5","51630","41.67"
"Galax","0","1","Virginia","4/19/20","1","0","51640","0"
"Giles","0","4","Virginia","4/19/20","3","1","51071","33.33"
"Gloucester","0","21","Virginia","4/19/20","20","1","51073","5"
"Goochland","3","55","Virginia","4/19/20","32","23","51075","71.88"
"Greene","1","8","Virginia","4/19/20","4","4","51079","100"
"Greensville","1","18","Virginia","4/19/20","8","10","51081","125"
"Halifax","0","8","Virginia","4/19/20","7","1","51083","14.29"
"Hampton","3","83","Virginia","4/19/20","65","18","51650","27.69"
"Hanover","7","84","Virginia","4/19/20","38","46","51085","121.05"
"Harrisonburg","22","236","Virginia","4/19/20","81","155","51660","191.36"
"Henrico","29","584","Virginia","4/19/20","379","205","51087","54.09"
"Henry","0","10","Virginia","4/19/20","8","2","51089","25"
"Hopewell","0","16","Virginia","4/19/20","14","2","51670","14.29"
"Isle of Wight","8","86","Virginia","4/19/20","31","55","51093","177.42"
"James City","2","141","Virginia","4/19/20","126","15","51095","11.9"
"King and Queen","0","2","Virginia","4/19/20","2","0","51097","0"
"King George","1","18","Virginia","4/19/20","14","4","51099","28.57"
"King William","0","2","Virginia","4/19/20","2","0","51101","0"
"Lancaster","0","1","Virginia","4/19/20","1","0","51103","0"
"Lee","0","7","Virginia","4/19/20","6","1","51105","16.67"
"Lexington","0","3","Virginia","4/19/20","3","0","51678","0"
"Loudoun","17","425","Virginia","4/19/20","309","116","51107","37.54"
"Louisa","1","33","Virginia","4/19/20","25","8","51109","32"
"Lunenburg","0","3","Virginia","4/19/20","3","0","51111","0"
"Lynchburg","1","38","Virginia","4/19/20","31","7","51680","22.58"
"Madison","0","8","Virginia","4/19/20","6","2","51113","33.33"
"Manassas","8","93","Virginia","4/19/20","34","59","51683","173.53"
"Manassas Park","2","25","Virginia","4/19/20","10","15","51685","150"
"Mathews","0","3","Virginia","4/19/20","2","1","51115","50"
"Mecklenburg","1","65","Virginia","4/19/20","55","10","51117","18.18"
"Middlesex","0","3","Virginia","4/19/20","3","0","51119","0"
"Montgomery","1","42","Virginia","4/19/20","32","10","51121","31.25"
"Nelson","0","5","Virginia","4/19/20","5","0","51125","0"
"New Kent","1","17","Virginia","4/19/20","12","5","51127","41.67"
"Newport News","3","102","Virginia","4/19/20","78","24","51700","30.77"
"Norfolk","3","111","Virginia","4/19/20","90","21","51710","23.33"
"Northampton","0","7","Virginia","4/19/20","4","3","51131","75"
"Northumberland","0","5","Virginia","4/19/20","4","1","51133","25"
"Norton","0","2","Virginia","4/19/20","0","2","51720","1"
"Nottoway","0","8","Virginia","4/19/20","5","3","51135","60"
"Orange","1","20","Virginia","4/19/20","13","7","51137","53.85"
"Page","1","13","Virginia","4/19/20","6","7","51139","116.67"
"Petersburg","1","21","Virginia","4/19/20","17","4","51730","23.53"
"Pittsylvania","0","6","Virginia","4/19/20","4","2","51143","50"
"Poquoson","0","6","Virginia","4/19/20","6","0","51735","0"
"Portsmouth","2","65","Virginia","4/19/20","51","14","51740","27.45"
"Powhatan","1","9","Virginia","4/19/20","5","4","51145","80"
"Prince Edward","1","17","Virginia","4/19/20","9","8","51147","88.89"
"Prince George","0","28","Virginia","4/19/20","26","2","51149","7.69"
"Prince William","50","742","Virginia","4/19/20","389","353","51153","90.75"
"Pulaski","1","8","Virginia","4/19/20","4","4","51155","100"
"Radford","0","1","Virginia","4/19/20","1","0","51750","0"
"Rappahannock","0","1","Virginia","4/19/20","1","0","51157","0"
"Richmond","1","9","Virginia","4/19/20","5","4","51159","80"
"Richmond City","11","231","Virginia","4/19/20","154","77","51760","50"
"Roanoke","1","22","Virginia","4/19/20","14","8","51161","57.14"
"Roanoke City","1","24","Virginia","4/19/20","20","4","51770","20"
"Rockbridge","0","5","Virginia","4/19/20","3","2","51163","66.67"
"Rockingham","8","100","Virginia","4/19/20","43","57","51165","132.56"
"Russell","0","2","Virginia","4/19/20","1","1","51167","100"
"Salem","1","6","Virginia","4/19/20","1","5","51775","500"
"Scott","0","4","Virginia","4/19/20","3","1","51169","33.33"
"Shenandoah","3","39","Virginia","4/19/20","17","22","51171","129.41"
"Smyth","0","12","Virginia","4/19/20","9","3","51173","33.33"
"Southampton","2","16","Virginia","4/19/20","5","11","51175","220"
"Spotsylvania","3","74","Virginia","4/19/20","50","24","51177","48"
"Stafford","11","152","Virginia","4/19/20","72","80","51179","111.11"
"Staunton","1","5","Virginia","4/19/20","1","4","51790","400"
"Suffolk","6","91","Virginia","4/19/20","48","43","51800","89.58"
"Surry","0","3","Virginia","4/19/20","3","0","51181","0"
"Sussex","0","11","Virginia","4/19/20","8","3","51183","37.5"
"Tazewell","0","4","Virginia","4/19/20","4","0","51185","0"
"Virginia Beach","4","273","Virginia","4/19/20","243","30","51810","12.35"
"Warren","1","24","Virginia","4/19/20","15","9","51187","60"
"Washington","1","29","Virginia","4/19/20","24","5","51191","20.83"
"Waynesboro","0","7","Virginia","4/19/20","5","2","51820","40"
"Westmoreland","0","10","Virginia","4/19/20","8","2","51193","25"
"Williamsburg","0","19","Virginia","4/19/20","17","2","51830","11.76"
"Winchester","1","25","Virginia","4/19/20","19","6","51840","31.58"
"Wise","1","18","Virginia","4/19/20","8","10","51195","125"
"Wythe","0","10","Virginia","4/19/20","7","3","51197","42.86"
"York","2","44","Virginia","4/19/20","29","15","51199","51.72"
"Adams","1","41","Washington","4/19/20","36","5","53001","13.89"
"Asotin","1","13","Washington","4/19/20","5","8","53003","160"
"Benton","9","313","Washington","4/19/20","249","64","53005","25.7"
"Chelan","3","73","Washington","4/19/20","55","18","53007","32.73"
"Clallam","0","15","Washington","4/19/20","12","3","53009","25"
"Clark","8","277","Washington","4/19/20","220","57","53011","25.91"
"Columbia","0","1","Washington","4/19/20","1","0","53013","0"
"Cowlitz","1","29","Washington","4/19/20","23","6","53015","26.09"
"Douglas","3","34","Washington","4/19/20","16","18","53017","112.5"
"Ferry","0","1","Washington","4/19/20","1","0","53019","0"
"Franklin","11","191","Washington","4/19/20","112","79","53021","70.54"
"Grant","4","143","Washington","4/19/20","114","29","53025","25.44"
"Grays Harbor","0","12","Washington","4/19/20","11","1","53027","9.09"
"Island","1","166","Washington","4/19/20","158","8","53029","5.06"
"Jefferson","0","29","Washington","4/19/20","28","1","53031","3.57"
"King","107","5174","Washington","4/19/20","4426","748","53033","16.9"
"Kitsap","1","138","Washington","4/19/20","132","6","53035","4.55"
"Kittitas","0","14","Washington","4/19/20","13","1","53037","7.69"
"Klickitat","0","16","Washington","4/19/20","14","2","53039","14.29"
"Lewis","0","20","Washington","4/19/20","17","3","53041","17.65"
"Lincoln","0","2","Washington","4/19/20","2","0","53043","0"
"Mason","0","22","Washington","4/19/20","19","3","53045","15.79"
"Okanogan","0","15","Washington","4/19/20","15","0","53047","0"
"Pacific","0","1","Washington","4/19/20","1","0","53049","0"
"Pend Oreille","0","2","Washington","4/19/20","1","1","53051","100"
"Pierce","30","1143","Washington","4/19/20","931","212","53053","22.77"
"San Juan","0","15","Washington","4/19/20","13","2","53055","15.38"
"Skagit","8","240","Washington","4/19/20","187","53","53057","28.34"
"Skamania","0","3","Washington","4/19/20","3","0","53059","0"
"Snohomish","39","2143","Washington","4/19/20","1867","276","53061","14.78"
"Spokane","5","307","Washington","4/19/20","274","33","53063","12.04"
"Stevens","0","8","Washington","4/19/20","7","1","53065","14.29"
"Thurston","2","93","Washington","4/19/20","81","12","53067","14.81"
"Wahkiakum","0","2","Washington","4/19/20","2","0","53069","0"
"Walla Walla","1","27","Washington","4/19/20","21","6","53071","28.57"
"Whatcom","2","277","Washington","4/19/20","263","14","53073","5.32"
"Whitman","0","15","Washington","4/19/20","12","3","53075","25"
"Yakima","38","804","Washington","4/19/20","535","269","53077","50.28"
"Barbour","0","4","West Virginia","4/19/20","4","0","54001","0"
"Berkeley","2","109","West Virginia","4/19/20","92","17","54003","18.48"
"Boone","0","2","West Virginia","4/19/20","1","1","54005","100"
"Braxton","0","1","West Virginia","4/19/20","1","0","54007","0"
"Brooke","0","3","West Virginia","4/19/20","3","0","54009","0"
"Cabell","2","34","West Virginia","4/19/20","22","12","54011","54.55"
"Fayette","0","5","West Virginia","4/19/20","2","3","54019","150"
"Grant","0","1","West Virginia","4/19/20","0","1","54023","1"
"Greenbrier","0","3","West Virginia","4/19/20","3","0","54025","0"
"Hampshire","0","6","West Virginia","4/19/20","4","2","54027","50"
"Hancock","0","7","West Virginia","4/19/20","7","0","54029","0"
"Hardy","0","3","West Virginia","4/19/20","2","1","54031","50"
"Harrison","0","30","West Virginia","4/19/20","28","2","54033","7.14"
"Jackson","11","100","West Virginia","4/19/20","23","77","54035","334.78"
"Jefferson","2","60","West Virginia","4/19/20","49","11","54037","22.45"
"Kanawha","6","127","West Virginia","4/19/20","83","44","54039","53.01"
"Lewis","0","2","West Virginia","4/19/20","2","0","54041","0"
"Lincoln","0","1","West Virginia","4/19/20","0","1","54043","1"
"Logan","0","8","West Virginia","4/19/20","8","0","54045","0"
"Marion","1","42","West Virginia","4/19/20","32","10","54049","31.25"
"Marshall","0","8","West Virginia","4/19/20","6","2","54051","33.33"
"Mason","0","11","West Virginia","4/19/20","8","3","54053","37.5"
"McDowell","0","6","West Virginia","4/19/20","5","1","54047","20"
"Mercer","0","8","West Virginia","4/19/20","8","0","54055","0"
"Mineral","1","8","West Virginia","4/19/20","4","4","54057","100"
"Mingo","0","2","West Virginia","4/19/20","0","2","54059","1"
"Monongalia","1","87","West Virginia","4/19/20","81","6","54061","7.41"
"Monroe","1","5","West Virginia","4/19/20","1","4","54063","400"
"Morgan","0","8","West Virginia","4/19/20","6","2","54065","33.33"
"Nicholas","0","4","West Virginia","4/19/20","2","2","54067","100"
"Ohio","0","22","West Virginia","4/19/20","21","1","54069","4.76"
"Pendleton","0","2","West Virginia","4/19/20","1","1","54071","100"
"Pleasants","0","1","West Virginia","4/19/20","1","0","54073","0"
"Preston","1","10","West Virginia","4/19/20","6","4","54077","66.67"
"Putnam","0","14","West Virginia","4/19/20","11","3","54079","27.27"
"Raleigh","0","7","West Virginia","4/19/20","5","2","54081","40"
"Randolph","0","4","West Virginia","4/19/20","4","0","54083","0"
"Roane","0","3","West Virginia","4/19/20","2","1","54087","50"
"Summers","0","1","West Virginia","4/19/20","1","0","54089","0"
"Taylor","0","5","West Virginia","4/19/20","3","2","54091","66.67"
"Tucker","0","4","West Virginia","4/19/20","4","0","54093","0"
"Tyler","0","3","West Virginia","4/19/20","3","0","54095","0"
"Upshur","0","4","West Virginia","4/19/20","3","1","54097","33.33"
"Wayne","9","78","West Virginia","4/19/20","17","61","54099","358.82"
"Wetzel","0","3","West Virginia","4/19/20","3","0","54103","0"
"Wirt","0","2","West Virginia","4/19/20","2","0","54105","0"
"Wood","2","31","West Virginia","4/19/20","18","13","54107","72.22"
"Wyoming","0","1","West Virginia","4/19/20","1","0","54109","0"
"Adams","0","4","Wisconsin","4/19/20","2","2","55001","100"
"Ashland","0","2","Wisconsin","4/19/20","2","0","55003","0"
"Barron","0","6","Wisconsin","4/19/20","6","0","55005","0"
"Bayfield","0","3","Wisconsin","4/19/20","3","0","55007","0"
"Brown","21","215","Wisconsin","4/19/20","68","147","55009","216.18"
"Buffalo","0","4","Wisconsin","4/19/20","3","1","55011","33.33"
"Calumet","0","6","Wisconsin","4/19/20","4","2","55015","50"
"Chippewa","0","20","Wisconsin","4/19/20","20","0","55017","0"
"Clark","1","16","Wisconsin","4/19/20","8","8","55019","100"
"Columbia","0","27","Wisconsin","4/19/20","24","3","55021","12.5"
"Crawford","0","3","Wisconsin","4/19/20","3","0","55023","0"
"Dane","4","361","Wisconsin","4/19/20","334","27","55025","8.08"
"Dodge","0","19","Wisconsin","4/19/20","19","0","55027","0"
"Door","0","9","Wisconsin","4/19/20","9","0","55029","0"
"Douglas","0","8","Wisconsin","4/19/20","7","1","55031","14.29"
"Dunn","0","9","Wisconsin","4/19/20","9","0","55033","0"
"Eau Claire","0","22","Wisconsin","4/19/20","21","1","55035","4.76"
"Florence","0","2","Wisconsin","4/19/20","2","0","55037","0"
"Fond du Lac","1","62","Wisconsin","4/19/20","54","8","55039","14.81"
"Grant","2","18","Wisconsin","4/19/20","6","12","55043","200"
"Green","0","9","Wisconsin","4/19/20","9","0","55045","0"
"Green Lake","0","1","Wisconsin","4/19/20","0","1","55047","1"
"Iowa","0","6","Wisconsin","4/19/20","5","1","55049","20"
"Iron","0","2","Wisconsin","4/19/20","2","0","55051","0"
"Jackson","0","12","Wisconsin","4/19/20","10","2","55053","20"
"Jefferson","1","32","Wisconsin","4/19/20","23","9","55055","39.13"
"Juneau","1","10","Wisconsin","4/19/20","6","4","55057","66.67"
"Kenosha","11","248","Wisconsin","4/19/20","173","75","55059","43.35"
"Kewaunee","1","8","Wisconsin","4/19/20","3","5","55061","166.67"
"La Crosse","0","25","Wisconsin","4/19/20","25","0","55063","0"
"Lafayette","0","3","Wisconsin","4/19/20","3","0","55065","0"
"Manitowoc","0","6","Wisconsin","4/19/20","3","3","55071","100"
"Marathon","1","17","Wisconsin","4/19/20","13","4","55073","30.77"
"Marinette","0","5","Wisconsin","4/19/20","3","2","55075","66.67"
"Marquette","0","3","Wisconsin","4/19/20","2","1","55077","50"
"Menominee","0","1","Wisconsin","4/19/20","1","0","55078","0"
"Milwaukee","63","2150","Wisconsin","4/19/20","1710","440","55079","25.73"
"Monroe","1","13","Wisconsin","4/19/20","8","5","55081","62.5"
"Oconto","0","4","Wisconsin","4/19/20","3","1","55083","33.33"
"Oneida","0","6","Wisconsin","4/19/20","6","0","55085","0"
"Outagamie","1","35","Wisconsin","4/19/20","29","6","55087","20.69"
"Ozaukee","1","79","Wisconsin","4/19/20","72","7","55089","9.72"
"Pierce","0","7","Wisconsin","4/19/20","7","0","55093","0"
"Polk","0","4","Wisconsin","4/19/20","3","1","55095","33.33"
"Portage","0","4","Wisconsin","4/19/20","4","0","55097","0"
"Price","0","1","Wisconsin","4/19/20","1","0","55099","0"
"Racine","7","168","Wisconsin","4/19/20","117","51","55101","43.59"
"Richland","0","8","Wisconsin","4/19/20","5","3","55103","60"
"Rock","3","74","Wisconsin","4/19/20","56","18","55105","32.14"
"Rusk","0","4","Wisconsin","4/19/20","3","1","55107","33.33"
"Sauk","1","33","Wisconsin","4/19/20","26","7","55111","26.92"
"Sawyer","0","2","Wisconsin","4/19/20","1","1","55113","100"
"Shawano","0","6","Wisconsin","4/19/20","5","1","55115","20"
"Sheboygan","1","40","Wisconsin","4/19/20","34","6","55117","17.65"
"St. Croix","0","11","Wisconsin","4/19/20","9","2","55109","22.22"
"Trempealeau","0","1","Wisconsin","4/19/20","1","0","55121","0"
"Vilas","0","4","Wisconsin","4/19/20","4","0","55125","0"
"Walworth","7","89","Wisconsin","4/19/20","37","52","55127","140.54"
"Washburn","0","1","Wisconsin","4/19/20","0","1","55129","1"
"Washington","2","84","Wisconsin","4/19/20","71","13","55131","18.31"
"Waukesha","8","265","Wisconsin","4/19/20","209","56","55133","26.79"
"Waupaca","0","4","Wisconsin","4/19/20","4","0","55135","0"
"Waushara","0","2","Wisconsin","4/19/20","2","0","55137","0"
"Winnebago","2","41","Wisconsin","4/19/20","27","14","55139","51.85"
"Wood","0","2","Wisconsin","4/19/20","2","0","55141","0"
"Albany","0","6","Wyoming","4/19/20","5","1","56001","20"
"Big Horn","0","1","Wyoming","4/19/20","1","0","56003","0"
"Campbell","0","13","Wyoming","4/19/20","11","2","56005","18.18"
"Carbon","0","4","Wyoming","4/19/20","4","0","56007","0"
"Converse","0","9","Wyoming","4/19/20","8","1","56009","12.5"
"Crook","0","4","Wyoming","4/19/20","3","1","56011","33.33"
"Fremont","1","49","Wyoming","4/19/20","40","9","56013","22.5"
"Goshen","0","3","Wyoming","4/19/20","3","0","56015","0"
"Hot Springs","0","1","Wyoming","4/19/20","1","0","56017","0"
"Johnson","0","11","Wyoming","4/19/20","11","0","56019","0"
"Laramie","2","71","Wyoming","4/19/20","58","13","56021","22.41"
"Lincoln","0","5","Wyoming","4/19/20","5","0","56023","0"
"Natrona","1","38","Wyoming","4/19/20","33","5","56025","15.15"
"Niobrara","0","1","Wyoming","4/19/20","1","0","56027","0"
"Park","0","1","Wyoming","4/19/20","1","0","56029","0"
"Sheridan","0","12","Wyoming","4/19/20","12","0","56033","0"
"Sublette","0","1","Wyoming","4/19/20","1","0","56035","0"
"Sweetwater","0","10","Wyoming","4/19/20","7","3","56037","42.86"
"Teton","1","62","Wyoming","4/19/20","56","6","56039","10.71"
"Uinta","0","6","Wyoming","4/19/20","4","2","56041","50"
"Washakie","0","5","Wyoming","4/19/20","5","0","56043","0"
