"Locality","DailyAvgNewCasesPast7Days","TotalCases","State","Date","TotalCases7DaysAgo","NewCasesPast7Days","FIPS-Code","PercentIncreaseTotalCasesPast7Days"
"Autauga","1","19","Alabama","4/12/20","12","7","01001","58.33"
"Baldwin","6","71","Alabama","4/12/20","29","42","01003","144.83"
"Barbour","1","10","Alabama","4/12/20","2","8","01005","400"
"Bibb","2","16","Alabama","4/12/20","5","11","01007","220"
"Blount","0","13","Alabama","4/12/20","10","3","01009","30"
"Bullock","0","4","Alabama","4/12/20","2","2","01011","100"
"Butler","1","7","Alabama","4/12/20","1","6","01013","600"
"Calhoun","5","59","Alabama","4/12/20","23","36","01015","156.52"
"Chambers","16","198","Alabama","4/12/20","89","109","01017","122.47"
"Cherokee","0","8","Alabama","4/12/20","6","2","01019","33.33"
"Chilton","2","30","Alabama","4/12/20","15","15","01021","100"
"Choctaw","1","10","Alabama","4/12/20","5","5","01023","100"
"Clarke","2","19","Alabama","4/12/20","8","11","01025","137.5"
"Clay","1","14","Alabama","4/12/20","9","5","01027","55.56"
"Cleburne","1","12","Alabama","4/12/20","7","5","01029","71.43"
"Coffee","3","31","Alabama","4/12/20","7","24","01031","342.86"
"Colbert","0","9","Alabama","4/12/20","6","3","01033","50"
"Conecuh","0","5","Alabama","4/12/20","2","3","01035","150"
"Coosa","2","18","Alabama","4/12/20","7","11","01037","157.14"
"Covington","1","13","Alabama","4/12/20","4","9","01039","225"
"Crenshaw","0","3","Alabama","4/12/20","2","1","01041","50"
"Cullman","3","39","Alabama","4/12/20","15","24","01043","160"
"Dale","1","8","Alabama","4/12/20","2","6","01045","300"
"Dallas","1","14","Alabama","4/12/20","7","7","01047","100"
"DeKalb","2","26","Alabama","4/12/20","14","12","01049","85.71"
"Elmore","2","33","Alabama","4/12/20","19","14","01051","73.68"
"Escambia","1","8","Alabama","4/12/20","3","5","01053","166.67"
"Etowah","6","75","Alabama","4/12/20","35","40","01055","114.29"
"Fayette","0","4","Alabama","4/12/20","1","3","01057","300"
"Franklin","1","10","Alabama","4/12/20","6","4","01059","66.67"
"Geneva","0","1","Alabama","4/12/20","0","1","01061","1"
"Greene","2","17","Alabama","4/12/20","6","11","01063","183.33"
"Hale","2","15","Alabama","4/12/20","3","12","01065","400"
"Henry","1","11","Alabama","4/12/20","3","8","01067","266.67"
"Houston","4","44","Alabama","4/12/20","15","29","01069","193.33"
"Jackson","1","24","Alabama","4/12/20","14","10","01071","71.43"
"Jefferson","26","597","Alabama","4/12/20","416","181","01073","43.51"
"Lamar","1","8","Alabama","4/12/20","3","5","01075","166.67"
"Lauderdale","1","21","Alabama","4/12/20","16","5","01077","31.25"
"Lawrence","0","8","Alabama","4/12/20","6","2","01079","33.33"
"Lee","18","236","Alabama","4/12/20","109","127","01081","116.51"
"Limestone","1","37","Alabama","4/12/20","31","6","01083","19.35"
"Lowndes","1","14","Alabama","4/12/20","6","8","01085","133.33"
"Macon","1","14","Alabama","4/12/20","5","9","01087","180"
"Madison","8","187","Alabama","4/12/20","134","53","01089","39.55"
"Marengo","2","21","Alabama","4/12/20","8","13","01091","162.5"
"Marion","4","48","Alabama","4/12/20","17","31","01093","182.35"
"Marshall","11","97","Alabama","4/12/20","20","77","01095","385"
"Mobile","47","454","Alabama","4/12/20","125","329","01097","263.2"
"Monroe","0","6","Alabama","4/12/20","5","1","01099","20"
"Montgomery","7","119","Alabama","4/12/20","67","52","01101","77.61"
"Morgan","2","38","Alabama","4/12/20","27","11","01103","40.74"
"Perry","1","6","Alabama","4/12/20","1","5","01105","500"
"Pickens","1","22","Alabama","4/12/20","12","10","01107","83.33"
"Pike","1","20","Alabama","4/12/20","14","6","01109","42.86"
"Randolph","4","36","Alabama","4/12/20","11","25","01111","227.27"
"Russell","2","24","Alabama","4/12/20","8","16","01113","200"
"Shelby","10","212","Alabama","4/12/20","139","73","01117","52.52"
"St. Clair","2","42","Alabama","4/12/20","26","16","01115","61.54"
"Sumter","2","20","Alabama","4/12/20","6","14","01119","233.33"
"Talladega","2","34","Alabama","4/12/20","17","17","01121","100"
"Tallapoosa","10","98","Alabama","4/12/20","29","69","01123","237.93"
"Tuscaloosa","11","119","Alabama","4/12/20","44","75","01125","170.45"
"Walker","5","81","Alabama","4/12/20","49","32","01127","65.31"
"Washington","1","12","Alabama","4/12/20","5","7","01129","140"
"Wilcox","3","30","Alabama","4/12/20","12","18","01131","150"
"Winston","0","4","Alabama","4/12/20","3","1","01133","33.33"
"Anchorage","6","127","Alaska","4/12/20","85","42","02020","49.41"
"Bethel","0","1","Alaska","4/12/20","0","1","02050","1"
"Fairbanks North Star","4","79","Alaska","4/12/20","53","26","02090","49.06"
"Juneau","0","16","Alaska","4/12/20","14","2","02110","14.29"
"Kenai Peninsula","0","15","Alaska","4/12/20","12","3","02122","25"
"Ketchikan Gateway","0","15","Alaska","4/12/20","14","1","02130","7.14"
"Matanuska-Susitna","1","14","Alaska","4/12/20","4","10","02170","250"
"Petersburg","0","2","Alaska","4/12/20","1","1","02195","100"
"Prince of Wales-Hyder","0","1","Alaska","4/12/20","0","1","02198","1"
"Southeast Fairbanks","0","1","Alaska","4/12/20","1","0","02240","0"
"Yukon-Koyukuk","0","1","Alaska","4/12/20","1","0","02290","0"
"Apache","7","72","Arizona","4/12/20","23","49","04001","213.04"
"Cochise","1","15","Arizona","4/12/20","8","7","04003","87.5"
"Coconino","13","243","Arizona","4/12/20","155","88","04005","56.77"
"Gila","0","3","Arizona","4/12/20","3","0","04007","0"
"Graham","0","2","Arizona","4/12/20","2","0","04009","0"
"Greenlee","0","2","Arizona","4/12/20","1","1","04011","100"
"La Paz","0","4","Arizona","4/12/20","3","1","04012","33.33"
"Maricopa","91","1960","Arizona","4/12/20","1326","634","04013","47.81"
"Mohave","2","30","Arizona","4/12/20","16","14","04015","87.5"
"Navajo","20","335","Arizona","4/12/20","195","140","04017","71.79"
"Pima","36","622","Arizona","4/12/20","372","250","04019","67.2"
"Pinal","9","163","Arizona","4/12/20","103","60","04021","58.25"
"Santa Cruz","1","8","Arizona","4/12/20","4","4","04023","100"
"Yavapai","3","63","Arizona","4/12/20","45","18","04025","40"
"Yuma","1","20","Arizona","4/12/20","13","7","04027","53.85"
"Arkansas","0","2","Arkansas","4/12/20","1","1","05001","100"
"Ashley","1","10","Arkansas","4/12/20","1","9","05003","900"
"Baxter","0","4","Arkansas","4/12/20","1","3","05005","300"
"Benton","1","48","Arkansas","4/12/20","43","5","05007","11.63"
"Boone","0","3","Arkansas","4/12/20","1","2","05009","200"
"Bradley","0","7","Arkansas","4/12/20","4","3","05011","75"
"Carroll","0","2","Arkansas","4/12/20","1","1","05015","100"
"Chicot","0","5","Arkansas","4/12/20","2","3","05017","150"
"Clark","0","27","Arkansas","4/12/20","27","0","05019","0"
"Clay","0","1","Arkansas","4/12/20","0","1","05021","1"
"Cleburne","1","70","Arkansas","4/12/20","64","6","05023","9.38"
"Cleveland","0","8","Arkansas","4/12/20","5","3","05025","60"
"Columbia","0","3","Arkansas","4/12/20","1","2","05027","200"
"Conway","0","4","Arkansas","4/12/20","1","3","05029","300"
"Craighead","2","31","Arkansas","4/12/20","18","13","05031","72.22"
"Crawford","0","3","Arkansas","4/12/20","1","2","05033","200"
"Crittenden","6","93","Arkansas","4/12/20","50","43","05035","86"
"Cross","0","6","Arkansas","4/12/20","5","1","05037","20"
"Dallas","0","1","Arkansas","4/12/20","0","1","05039","1"
"Desha","0","6","Arkansas","4/12/20","5","1","05041","20"
"Drew","1","6","Arkansas","4/12/20","1","5","05043","500"
"Faulkner","2","59","Arkansas","4/12/20","46","13","05045","28.26"
"Franklin","0","1","Arkansas","4/12/20","0","1","05047","1"
"Garland","6","81","Arkansas","4/12/20","41","40","05051","97.56"
"Grant","1","10","Arkansas","4/12/20","3","7","05053","233.33"
"Greene","1","6","Arkansas","4/12/20","1","5","05055","500"
"Hempstead","1","5","Arkansas","4/12/20","1","4","05057","400"
"Hot Spring","0","8","Arkansas","4/12/20","7","1","05059","14.29"
"Howard","0","8","Arkansas","4/12/20","5","3","05061","60"
"Independence","0","5","Arkansas","4/12/20","5","0","05063","0"
"Izard","0","1","Arkansas","4/12/20","0","1","05065","1"
"Jefferson","5","95","Arkansas","4/12/20","59","36","05069","61.02"
"Johnson","1","13","Arkansas","4/12/20","7","6","05071","85.71"
"Lafayette","0","2","Arkansas","4/12/20","1","1","05073","100"
"Lawrence","1","11","Arkansas","4/12/20","1","10","05075","1000"
"Lee","0","2","Arkansas","4/12/20","1","1","05077","100"
"Lincoln","1","11","Arkansas","4/12/20","7","4","05079","57.14"
"Logan","0","2","Arkansas","4/12/20","0","2","05083","1"
"Lonoke","2","30","Arkansas","4/12/20","16","14","05085","87.5"
"Madison","0","1","Arkansas","4/12/20","0","1","05087","1"
"Marion","0","1","Arkansas","4/12/20","0","1","05089","1"
"Miller","2","22","Arkansas","4/12/20","8","14","05091","175"
"Mississippi","1","7","Arkansas","4/12/20","1","6","05093","600"
"Monroe","0","2","Arkansas","4/12/20","1","1","05095","100"
"Nevada","0","1","Arkansas","4/12/20","1","0","05099","0"
"Newton","0","1","Arkansas","4/12/20","1","0","05101","0"
"Ouachita","1","5","Arkansas","4/12/20","1","4","05103","400"
"Perry","0","2","Arkansas","4/12/20","1","1","05105","100"
"Phillips","0","3","Arkansas","4/12/20","1","2","05107","200"
"Pike","0","2","Arkansas","4/12/20","1","1","05109","100"
"Poinsett","0","7","Arkansas","4/12/20","5","2","05111","40"
"Polk","0","6","Arkansas","4/12/20","5","1","05113","20"
"Pope","3","30","Arkansas","4/12/20","11","19","05115","172.73"
"Prairie","0","2","Arkansas","4/12/20","1","1","05117","100"
"Pulaski","14","256","Arkansas","4/12/20","157","99","05119","63.06"
"Randolph","1","8","Arkansas","4/12/20","1","7","05121","700"
"Saline","1","32","Arkansas","4/12/20","27","5","05125","18.52"
"Scott","0","1","Arkansas","4/12/20","1","0","05127","0"
"Searcy","0","6","Arkansas","4/12/20","5","1","05129","20"
"Sebastian","0","10","Arkansas","4/12/20","8","2","05131","25"
"Sevier","0","8","Arkansas","4/12/20","6","2","05133","33.33"
"Sharp","0","2","Arkansas","4/12/20","1","1","05135","100"
"St. Francis","3","32","Arkansas","4/12/20","10","22","05123","220"
"Stone","0","7","Arkansas","4/12/20","5","2","05137","40"
"Union","1","18","Arkansas","4/12/20","12","6","05139","50"
"Van Buren","1","26","Arkansas","4/12/20","21","5","05141","23.81"
"Washington","1","37","Arkansas","4/12/20","28","9","05143","32.14"
"White","0","28","Arkansas","4/12/20","25","3","05145","12"
"Woodruff","0","1","Arkansas","4/12/20","1","0","05147","0"
"Yell","0","1","Arkansas","4/12/20","1","0","05149","0"
"Alameda","40","845","California","4/12/20","566","279","06001","49.29"
"Alpine","0","2","California","4/12/20","1","1","06003","100"
"Amador","1","7","California","4/12/20","0","7","06005","1"
"Butte","0","14","California","4/12/20","11","3","06007","27.27"
"Calaveras","1","8","California","4/12/20","4","4","06009","100"
"Colusa","0","3","California","4/12/20","2","1","06011","50"
"Contra Costa","22","539","California","4/12/20","386","153","06013","39.64"
"Del Norte","0","2","California","4/12/20","2","0","06015","0"
"El Dorado","1","32","California","4/12/20","22","10","06017","45.45"
"Fresno","14","201","California","4/12/20","103","98","06019","95.15"
"Glenn","0","3","California","4/12/20","2","1","06021","50"
"Humboldt","1","50","California","4/12/20","44","6","06023","13.64"
"Imperial","4","87","California","4/12/20","57","30","06025","52.63"
"Inyo","0","12","California","4/12/20","11","1","06027","9.09"
"Kern","24","396","California","4/12/20","230","166","06029","72.17"
"Kings","1","10","California","4/12/20","5","5","06031","100"
"Lake","1","4","California","4/12/20","0","4","06033","1"
"Los Angeles","420","8894","California","4/12/20","5955","2939","06037","49.35"
"Madera","1","32","California","4/12/20","28","4","06039","14.29"
"Marin","2","153","California","4/12/20","137","16","06041","11.68"
"Mendocino","0","4","California","4/12/20","4","0","06045","0"
"Merced","5","65","California","4/12/20","27","38","06047","140.74"
"Mono","0","21","California","4/12/20","19","2","06051","10.53"
"Monterey","3","82","California","4/12/20","62","20","06053","32.26"
"Napa","2","34","California","4/12/20","20","14","06055","70"
"Nevada","0","34","California","4/12/20","31","3","06057","9.68"
"Orange","63","1277","California","4/12/20","834","443","06059","53.12"
"Placer","3","124","California","4/12/20","103","21","06061","20.39"
"Plumas","0","4","California","4/12/20","3","1","06063","33.33"
"Riverside","117","1619","California","4/12/20","799","820","06065","102.63"
"Sacramento","38","707","California","4/12/20","442","265","06067","59.95"
"San Benito","2","35","California","4/12/20","23","12","06069","52.17"
"San Bernardino","63","810","California","4/12/20","372","438","06071","117.74"
"San Diego","79","1761","California","4/12/20","1209","552","06073","45.66"
"San Francisco","43","872","California","4/12/20","568","304","06075","53.52"
"San Joaquin","11","266","California","4/12/20","191","75","06077","39.27"
"San Luis Obispo","3","114","California","4/12/20","95","19","06079","20"
"San Mateo","14","652","California","4/12/20","555","97","06081","17.48"
"Santa Barbara","14","264","California","4/12/20","168","96","06083","57.14"
"Santa Clara","51","1566","California","4/12/20","1207","359","06085","29.74"
"Santa Cruz","3","88","California","4/12/20","69","19","06087","27.54"
"Shasta","1","24","California","4/12/20","17","7","06089","41.18"
"Siskiyou","0","5","California","4/12/20","3","2","06093","66.67"
"Solano","7","121","California","4/12/20","73","48","06095","65.75"
"Sonoma","5","145","California","4/12/20","107","38","06097","35.51"
"Stanislaus","8","121","California","4/12/20","65","56","06099","86.15"
"Sutter","3","37","California","4/12/20","16","21","06101","131.25"
"Tehama","0","1","California","4/12/20","1","0","06103","0"
"Tulare","16","227","California","4/12/20","116","111","06107","95.69"
"Tuolumne","0","1","California","4/12/20","2","-1","06109","-50"
"Ventura","13","309","California","4/12/20","221","88","06111","39.82"
"Yolo","7","88","California","4/12/20","37","51","06113","137.84"
"Yuba","1","15","California","4/12/20","9","6","06115","66.67"
"Adams","42","647","Colorado","4/12/20","354","293","08001","82.77"
"Alamosa","0","7","Colorado","4/12/20","4","3","08003","75"
"Arapahoe","68","1083","Colorado","4/12/20","608","475","08005","78.12"
"Archuleta","1","6","Colorado","4/12/20","1","5","08007","500"
"Baca","0","10","Colorado","4/12/20","9","1","08009","11.11"
"Boulder","12","264","Colorado","4/12/20","177","87","08013","49.15"
"Broomfield","4","81","Colorado","4/12/20","50","31","08014","62"
"Chaffee","1","28","Colorado","4/12/20","22","6","08015","27.27"
"Clear Creek","1","11","Colorado","4/12/20","6","5","08019","83.33"
"Costilla","0","3","Colorado","4/12/20","3","0","08023","0"
"Crowley","0","2","Colorado","4/12/20","1","1","08025","100"
"Custer","0","2","Colorado","4/12/20","2","0","08027","0"
"Delta","0","6","Colorado","4/12/20","4","2","08029","50"
"Denver","60","1247","Colorado","4/12/20","825","422","08031","51.15"
"Douglas","11","298","Colorado","4/12/20","223","75","08035","33.63"
"Eagle","16","452","Colorado","4/12/20","339","113","08037","33.33"
"El Paso","25","613","Colorado","4/12/20","435","178","08041","40.92"
"Elbert","1","16","Colorado","4/12/20","9","7","08039","77.78"
"Fremont","1","7","Colorado","4/12/20","3","4","08043","133.33"
"Garfield","1","55","Colorado","4/12/20","46","9","08045","19.57"
"Gilpin","0","1","Colorado","4/12/20","0","1","08047","1"
"Grand","0","4","Colorado","4/12/20","4","0","08049","0"
"Gunnison","1","101","Colorado","4/12/20","93","8","08051","8.6"
"Hinsdale","0","2","Colorado","4/12/20","1","1","08053","100"
"Huerfano","0","1","Colorado","4/12/20","1","0","08055","0"
"Jefferson","35","763","Colorado","4/12/20","519","244","08059","47.01"
"Kit Carson","0","8","Colorado","4/12/20","5","3","08063","60"
"La Plata","2","44","Colorado","4/12/20","29","15","08067","51.72"
"Lake","0","4","Colorado","4/12/20","3","1","08065","33.33"
"Larimer","5","187","Colorado","4/12/20","153","34","08069","22.22"
"Las Animas","0","2","Colorado","4/12/20","1","1","08071","100"
"Lincoln","0","1","Colorado","4/12/20","1","0","08073","0"
"Logan","1","13","Colorado","4/12/20","9","4","08075","44.44"
"Mesa","2","35","Colorado","4/12/20","20","15","08077","75"
"Mineral","0","2","Colorado","4/12/20","2","0","08079","0"
"Moffat","0","3","Colorado","4/12/20","3","0","08081","0"
"Montezuma","1","12","Colorado","4/12/20","8","4","08083","50"
"Montrose","4","57","Colorado","4/12/20","32","25","08085","78.12"
"Morgan","6","59","Colorado","4/12/20","17","42","08087","247.06"
"Otero","0","5","Colorado","4/12/20","3","2","08089","66.67"
"Ouray","0","4","Colorado","4/12/20","2","2","08091","100"
"Park","0","6","Colorado","4/12/20","5","1","08093","20"
"Phillips","0","4","Colorado","4/12/20","3","1","08095","33.33"
"Pitkin","2","49","Colorado","4/12/20","38","11","08097","28.95"
"Prowers","0","1","Colorado","4/12/20","0","1","08099","1"
"Pueblo","3","58","Colorado","4/12/20","40","18","08101","45"
"Rio Blanco","0","1","Colorado","4/12/20","1","0","08103","0"
"Rio Grande","0","5","Colorado","4/12/20","5","0","08105","0"
"Routt","1","36","Colorado","4/12/20","29","7","08107","24.14"
"Saguache","0","3","Colorado","4/12/20","3","0","08109","0"
"San Miguel","0","12","Colorado","4/12/20","10","2","08113","20"
"Summit","3","72","Colorado","4/12/20","54","18","08117","33.33"
"Teller","1","16","Colorado","4/12/20","11","5","08119","45.45"
"Washington","0","2","Colorado","4/12/20","1","1","08121","100"
"Weld","38","738","Colorado","4/12/20","470","268","08123","57.02"
"Yuma","0","2","Colorado","4/12/20","2","0","08125","0"
"Fairfield","355","5534","Connecticut","4/12/20","3050","2484","09001","81.44"
"Hartford","166","1914","Connecticut","4/12/20","751","1163","09003","154.86"
"Litchfield","29","403","Connecticut","4/12/20","197","206","09005","104.57"
"Middlesex","27","299","Connecticut","4/12/20","110","189","09007","171.82"
"New Haven","255","2946","Connecticut","4/12/20","1162","1784","09009","153.53"
"New London","19","190","Connecticut","4/12/20","57","133","09011","233.33"
"Tolland","13","182","Connecticut","4/12/20","94","88","09013","93.62"
"Windham","5","66","Connecticut","4/12/20","32","34","09015","106.25"
"Kent","28","281","Delaware","4/12/20","86","195","10001","226.74"
"New Castle","63","880","Delaware","4/12/20","436","444","10003","101.83"
"Sussex","45","464","Delaware","4/12/20","151","313","10005","207.28"
"","0","49","Diamond Princess","4/12/20","49","0",,"0"
"District of Columbia","125","1875","District of Columbia","4/12/20","1002","873","11001","87.13"
"Alachua","13","215","Florida","4/12/20","123","92","12001","74.8"
"Baker","1","17","Florida","4/12/20","12","5","12003","41.67"
"Bay","2","37","Florida","4/12/20","24","13","12005","54.17"
"Bradford","3","29","Florida","4/12/20","7","22","12007","314.29"
"Brevard","8","133","Florida","4/12/20","79","54","12009","68.35"
"Broward","151","2945","Florida","4/12/20","1886","1059","12011","56.15"
"Calhoun","0","5","Florida","4/12/20","3","2","12013","66.67"
"Charlotte","9","113","Florida","4/12/20","47","66","12015","140.43"
"Citrus","4","71","Florida","4/12/20","43","28","12017","65.12"
"Clay","12","163","Florida","4/12/20","79","84","12019","106.33"
"Collier","19","361","Florida","4/12/20","231","130","12021","56.28"
"Columbia","2","26","Florida","4/12/20","13","13","12023","100"
"DeSoto","1","20","Florida","4/12/20","12","8","12027","66.67"
"Dixie","0","2","Florida","4/12/20","1","1","12029","100"
"Duval","36","668","Florida","4/12/20","413","255","12031","61.74"
"Escambia","14","224","Florida","4/12/20","125","99","12033","79.2"
"Flagler","2","45","Florida","4/12/20","31","14","12035","45.16"
"Franklin","0","2","Florida","4/12/20","2","0","12037","0"
"Gadsden","2","17","Florida","4/12/20","4","13","12039","325"
"Gilchrist","1","4","Florida","4/12/20","0","4","12041","1"
"Glades","0","4","Florida","4/12/20","4","0","12043","0"
"Gulf","0","1","Florida","4/12/20","1","0","12045","0"
"Hamilton","0","2","Florida","4/12/20","0","2","12047","1"
"Hardee","0","3","Florida","4/12/20","2","1","12049","50"
"Hendry","2","20","Florida","4/12/20","7","13","12051","185.71"
"Hernando","4","71","Florida","4/12/20","43","28","12053","65.12"
"Highlands","3","56","Florida","4/12/20","35","21","12055","60"
"Hillsborough","32","759","Florida","4/12/20","536","223","12057","41.6"
"Holmes","0","2","Florida","4/12/20","1","1","12059","100"
"Indian River","3","74","Florida","4/12/20","55","19","12061","34.55"
"Jackson","0","6","Florida","4/12/20","4","2","12063","50"
"Jefferson","2","12","Florida","4/12/20","1","11","12065","1100"
"Lafayette","0","1","Florida","4/12/20","0","1","12067","1"
"Lake","7","150","Florida","4/12/20","101","49","12069","48.51"
"Lee","34","617","Florida","4/12/20","379","238","12071","62.8"
"Leon","11","120","Florida","4/12/20","42","78","12073","185.71"
"Levy","1","8","Florida","4/12/20","4","4","12075","100"
"Liberty","0","1","Florida","4/12/20","0","1","12077","1"
"Madison","1","14","Florida","4/12/20","10","4","12079","40"
"Manatee","14","236","Florida","4/12/20","136","100","12081","73.53"
"Marion","6","93","Florida","4/12/20","50","43","12083","86"
"Martin","9","122","Florida","4/12/20","60","62","12085","103.33"
"Miami-Dade","416","7058","Florida","4/12/20","4146","2912","12086","70.24"
"Monroe","2","59","Florida","4/12/20","44","15","12087","34.09"
"Nassau","2","34","Florida","4/12/20","21","13","12089","61.9"
"Okaloosa","6","101","Florida","4/12/20","62","39","12091","62.9"
"Okeechobee","0","5","Florida","4/12/20","3","2","12093","66.67"
"Orange","34","949","Florida","4/12/20","713","236","12095","33.1"
"Osceola","13","323","Florida","4/12/20","229","94","12097","41.05"
"Palm Beach","92","1646","Florida","4/12/20","1000","646","12099","64.6"
"Pasco","8","160","Florida","4/12/20","102","58","12101","56.86"
"Pinellas","14","455","Florida","4/12/20","359","96","12103","26.74"
"Polk","14","254","Florida","4/12/20","157","97","12105","61.78"
"Putnam","3","43","Florida","4/12/20","19","24","12107","126.32"
"Santa Rosa","8","109","Florida","4/12/20","55","54","12113","98.18"
"Sarasota","12","226","Florida","4/12/20","140","86","12115","61.43"
"Seminole","9","255","Florida","4/12/20","191","64","12117","33.51"
"St. Johns","5","173","Florida","4/12/20","141","32","12109","22.7"
"St. Lucie","10","152","Florida","4/12/20","82","70","12111","85.37"
"Sumter","5","110","Florida","4/12/20","75","35","12119","46.67"
"Suwannee","7","67","Florida","4/12/20","18","49","12121","272.22"
"Taylor","0","1","Florida","4/12/20","0","1","12123","1"
"Union","0","2","Florida","4/12/20","2","0","12125","0"
"Volusia","7","201","Florida","4/12/20","151","50","12127","33.11"
"Wakulla","0","8","Florida","4/12/20","6","2","12129","33.33"
"Walton","1","29","Florida","4/12/20","23","6","12131","26.09"
"Washington","0","4","Florida","4/12/20","1","3","12133","300"
"Appling","1","9","Georgia","4/12/20","5","4","13001","80"
"Atkinson","0","2","Georgia","4/12/20","0","2","13003","1"
"Bacon","1","14","Georgia","4/12/20","6","8","13005","133.33"
"Baker","1","14","Georgia","4/12/20","5","9","13007","180"
"Baldwin","5","52","Georgia","4/12/20","14","38","13009","271.43"
"Banks","1","7","Georgia","4/12/20","3","4","13011","133.33"
"Barrow","4","55","Georgia","4/12/20","25","30","13013","120"
"Bartow","7","212","Georgia","4/12/20","160","52","13015","32.5"
"Ben Hill","1","8","Georgia","4/12/20","4","4","13017","100"
"Berrien","0","6","Georgia","4/12/20","3","3","13019","100"
"Bibb","4","67","Georgia","4/12/20","40","27","13021","67.5"
"Bleckley","0","1","Georgia","4/12/20","1","0","13023","0"
"Brantley","1","8","Georgia","4/12/20","0","8","13025","1"
"Brooks","2","18","Georgia","4/12/20","6","12","13027","200"
"Bryan","2","29","Georgia","4/12/20","16","13","13029","81.25"
"Bulloch","2","16","Georgia","4/12/20","5","11","13031","220"
"Burke","3","28","Georgia","4/12/20","9","19","13033","211.11"
"Butts","2","28","Georgia","4/12/20","11","17","13035","154.55"
"Calhoun","4","43","Georgia","4/12/20","15","28","13037","186.67"
"Camden","2","20","Georgia","4/12/20","9","11","13039","122.22"
"Candler","0","4","Georgia","4/12/20","2","2","13043","100"
"Carroll","7","204","Georgia","4/12/20","158","46","13045","29.11"
"Catoosa","1","12","Georgia","4/12/20","6","6","13047","100"
"Charlton","0","3","Georgia","4/12/20","2","1","13049","50"
"Chatham","9","147","Georgia","4/12/20","83","64","13051","77.11"
"Chattahoochee","0","3","Georgia","4/12/20","2","1","13053","50"
"Chattooga","0","6","Georgia","4/12/20","3","3","13055","100"
"Cherokee","9","186","Georgia","4/12/20","122","64","13057","52.46"
"Clarke","3","83","Georgia","4/12/20","62","21","13059","33.87"
"Clay","1","15","Georgia","4/12/20","7","8","13061","114.29"
"Clayton","18","362","Georgia","4/12/20","238","124","13063","52.1"
"Clinch","0","3","Georgia","4/12/20","2","1","13065","50"
"Cobb","37","714","Georgia","4/12/20","456","258","13067","56.58"
"Coffee","6","56","Georgia","4/12/20","15","41","13069","273.33"
"Colquitt","5","87","Georgia","4/12/20","50","37","13071","74"
"Columbia","5","68","Georgia","4/12/20","36","32","13073","88.89"
"Cook","1","7","Georgia","4/12/20","1","6","13075","600"
"Coweta","5","103","Georgia","4/12/20","67","36","13077","53.73"
"Crawford","0","3","Georgia","4/12/20","1","2","13079","200"
"Crisp","6","70","Georgia","4/12/20","28","42","13081","150"
"Dade","0","2","Georgia","4/12/20","1","1","13083","100"
"Dawson","1","26","Georgia","4/12/20","16","10","13085","62.5"
"Decatur","2","29","Georgia","4/12/20","17","12","13087","70.59"
"DeKalb","47","869","Georgia","4/12/20","543","326","13089","60.04"
"Dodge","1","13","Georgia","4/12/20","5","8","13091","160"
"Dooly","4","40","Georgia","4/12/20","15","25","13093","166.67"
"Dougherty","67","1154","Georgia","4/12/20","686","468","13095","68.22"
"Douglas","10","153","Georgia","4/12/20","86","67","13097","77.91"
"Early","8","121","Georgia","4/12/20","64","57","13099","89.06"
"Echols","0","2","Georgia","4/12/20","0","2","13101","1"
"Effingham","2","22","Georgia","4/12/20","9","13","13103","144.44"
"Elbert","0","3","Georgia","4/12/20","1","2","13105","200"
"Emanuel","1","8","Georgia","4/12/20","1","7","13107","700"
"Fannin","0","9","Georgia","4/12/20","8","1","13111","12.5"
"Fayette","5","99","Georgia","4/12/20","67","32","13113","47.76"
"Floyd","4","108","Georgia","4/12/20","80","28","13115","35"
"Forsyth","8","130","Georgia","4/12/20","72","58","13117","80.56"
"Franklin","0","4","Georgia","4/12/20","5","-1","13119","-20"
"Fulton","72","1467","Georgia","4/12/20","962","505","13121","52.49"
"Gilmer","1","7","Georgia","4/12/20","1","6","13123","600"
"Glynn","1","33","Georgia","4/12/20","29","4","13127","13.79"
"Gordon","2","35","Georgia","4/12/20","23","12","13129","52.17"
"Grady","2","15","Georgia","4/12/20","3","12","13131","400"
"Greene","2","25","Georgia","4/12/20","12","13","13133","108.33"
"Gwinnett","40","690","Georgia","4/12/20","408","282","13135","69.12"
"Habersham","2","14","Georgia","4/12/20","2","12","13137","600"
"Hall","23","279","Georgia","4/12/20","117","162","13139","138.46"
"Hancock","0","3","Georgia","4/12/20","0","3","13141","1"
"Haralson","1","16","Georgia","4/12/20","10","6","13143","60"
"Harris","2","19","Georgia","4/12/20","7","12","13145","171.43"
"Hart","0","3","Georgia","4/12/20","3","0","13147","0"
"Heard","0","4","Georgia","4/12/20","2","2","13149","100"
"Henry","13","260","Georgia","4/12/20","167","93","13151","55.69"
"Houston","8","115","Georgia","4/12/20","62","53","13153","85.48"
"Irwin","1","11","Georgia","4/12/20","6","5","13155","83.33"
"Jackson","2","27","Georgia","4/12/20","15","12","13157","80"
"Jasper","0","6","Georgia","4/12/20","4","2","13159","50"
"Jeff Davis","0","1","Georgia","4/12/20","0","1","13161","1"
"Jefferson","0","6","Georgia","4/12/20","3","3","13163","100"
"Jenkins","1","9","Georgia","4/12/20","2","7","13165","350"
"Johnson","2","19","Georgia","4/12/20","3","16","13167","533.33"
"Jones","1","11","Georgia","4/12/20","6","5","13169","83.33"
"Lamar","1","16","Georgia","4/12/20","7","9","13171","128.57"
"Lanier","1","5","Georgia","4/12/20","1","4","13173","400"
"Laurens","2","32","Georgia","4/12/20","15","17","13175","113.33"
"Lee","15","239","Georgia","4/12/20","136","103","13177","75.74"
"Liberty","1","17","Georgia","4/12/20","10","7","13179","70"
"Lincoln","0","8","Georgia","4/12/20","5","3","13181","60"
"Long","0","1","Georgia","4/12/20","1","0","13183","0"
"Lowndes","3","59","Georgia","4/12/20","37","22","13185","59.46"
"Lumpkin","0","9","Georgia","4/12/20","9","0","13187","0"
"Macon","2","21","Georgia","4/12/20","4","17","13193","425"
"Madison","0","10","Georgia","4/12/20","7","3","13195","42.86"
"Marion","1","10","Georgia","4/12/20","2","8","13197","400"
"McDuffie","2","22","Georgia","4/12/20","6","16","13189","266.67"
"McIntosh","0","3","Georgia","4/12/20","2","1","13191","50"
"Meriwether","2","23","Georgia","4/12/20","11","12","13199","109.09"
"Miller","0","10","Georgia","4/12/20","10","0","13201","0"
"Mitchell","12","136","Georgia","4/12/20","53","83","13205","156.6"
"Monroe","0","12","Georgia","4/12/20","9","3","13207","33.33"
"Montgomery","0","2","Georgia","4/12/20","0","2","13209","1"
"Morgan","2","14","Georgia","4/12/20","2","12","13211","600"
"Murray","1","14","Georgia","4/12/20","9","5","13213","55.56"
"Muscogee","16","146","Georgia","4/12/20","36","110","13215","305.56"
"Newton","3","79","Georgia","4/12/20","55","24","13217","43.64"
"Oconee","2","38","Georgia","4/12/20","24","14","13219","58.33"
"Oglethorpe","2","12","Georgia","4/12/20","1","11","13221","1100"
"Paulding","4","80","Georgia","4/12/20","50","30","13223","60"
"Peach","1","22","Georgia","4/12/20","13","9","13225","69.23"
"Pickens","0","12","Georgia","4/12/20","9","3","13227","33.33"
"Pierce","4","45","Georgia","4/12/20","16","29","13229","181.25"
"Pike","2","16","Georgia","4/12/20","5","11","13231","220"
"Polk","1","22","Georgia","4/12/20","18","4","13233","22.22"
"Pulaski","0","9","Georgia","4/12/20","6","3","13235","50"
"Putnam","1","6","Georgia","4/12/20","2","4","13237","200"
"Quitman","0","3","Georgia","4/12/20","1","2","13239","200"
"Rabun","0","6","Georgia","4/12/20","3","3","13241","100"
"Randolph","12","105","Georgia","4/12/20","18","87","13243","483.33"
"Richmond","13","140","Georgia","4/12/20","51","89","13245","174.51"
"Rockdale","3","95","Georgia","4/12/20","76","19","13247","25"
"Schley","1","12","Georgia","4/12/20","6","6","13249","100"
"Screven","1","7","Georgia","4/12/20","2","5","13251","250"
"Seminole","1","15","Georgia","4/12/20","8","7","13253","87.5"
"Spalding","6","71","Georgia","4/12/20","26","45","13255","173.08"
"Stephens","2","17","Georgia","4/12/20","6","11","13257","183.33"
"Stewart","1","6","Georgia","4/12/20","1","5","13259","500"
"Sumter","21","227","Georgia","4/12/20","83","144","13261","173.49"
"Talbot","1","9","Georgia","4/12/20","4","5","13263","125"
"Tattnall","0","5","Georgia","4/12/20","3","2","13267","66.67"
"Taylor","1","7","Georgia","4/12/20","2","5","13269","250"
"Telfair","1","9","Georgia","4/12/20","4","5","13271","125"
"Terrell","7","107","Georgia","4/12/20","58","49","13273","84.48"
"Thomas","7","77","Georgia","4/12/20","26","51","13275","196.15"
"Tift","4","59","Georgia","4/12/20","34","25","13277","73.53"
"Toombs","1","11","Georgia","4/12/20","5","6","13279","120"
"Towns","0","3","Georgia","4/12/20","1","2","13281","200"
"Treutlen","0","1","Georgia","4/12/20","0","1","13283","1"
"Troup","3","57","Georgia","4/12/20","34","23","13285","67.65"
"Turner","4","38","Georgia","4/12/20","12","26","13287","216.67"
"Twiggs","0","2","Georgia","4/12/20","2","0","13289","0"
"Union","1","7","Georgia","4/12/20","1","6","13291","600"
"Upson","6","55","Georgia","4/12/20","13","42","13293","323.08"
"Walker","0","6","Georgia","4/12/20","3","3","13295","100"
"Walton","3","39","Georgia","4/12/20","19","20","13297","105.26"
"Ware","5","53","Georgia","4/12/20","18","35","13299","194.44"
"Warren","0","6","Georgia","4/12/20","5","1","13301","20"
"Washington","2","22","Georgia","4/12/20","6","16","13303","266.67"
"Wayne","0","4","Georgia","4/12/20","1","3","13305","300"
"Webster","0","3","Georgia","4/12/20","2","1","13307","50"
"Wheeler","0","2","Georgia","4/12/20","1","1","13309","100"
"White","1","11","Georgia","4/12/20","4","7","13311","175"
"Whitfield","1","24","Georgia","4/12/20","16","8","13313","50"
"Wilcox","3","22","Georgia","4/12/20","1","21","13315","2100"
"Wilkes","0","6","Georgia","4/12/20","3","3","13317","100"
"Wilkinson","1","11","Georgia","4/12/20","2","9","13319","450"
"Worth","7","84","Georgia","4/12/20","36","48","13321","133.33"
"","0","103","Grand Princess","4/12/20","103","0",,"0"
"","3","133","Guam","4/12/20","112","21",,"18.75"
"Hawaii","2","39","Hawaii","4/12/20","22","17","15001","77.27"
"Honolulu","10","350","Hawaii","4/12/20","281","69","15003","24.56"
"Kauai","1","21","Hawaii","4/12/20","16","5","15007","31.25"
"Maui","6","84","Hawaii","4/12/20","43","41","15009","95.35"
"Out of HI","0","2","Hawaii","4/12/20","2","0","80015","0"
"Ada","19","517","Idaho","4/12/20","385","132","16001","34.29"
"Adams","0","1","Idaho","4/12/20","1","0","16003","0"
"Bannock","0","5","Idaho","4/12/20","5","0","16005","0"
"Bingham","0","2","Idaho","4/12/20","2","0","16011","0"
"Blaine","6","454","Idaho","4/12/20","410","44","16013","10.73"
"Bonner","0","4","Idaho","4/12/20","2","2","16017","100"
"Bonneville","1","12","Idaho","4/12/20","6","6","16019","100"
"Camas","0","1","Idaho","4/12/20","1","0","16025","0"
"Canyon","7","146","Idaho","4/12/20","99","47","16027","47.47"
"Caribou","0","1","Idaho","4/12/20","1","0","16029","0"
"Cassia","0","7","Idaho","4/12/20","4","3","16031","75"
"Custer","0","2","Idaho","4/12/20","2","0","16037","0"
"Elmore","1","16","Idaho","4/12/20","11","5","16039","45.45"
"Fremont","0","2","Idaho","4/12/20","1","1","16043","100"
"Gem","0","9","Idaho","4/12/20","7","2","16045","28.57"
"Gooding","1","5","Idaho","4/12/20","1","4","16047","400"
"Idaho","0","3","Idaho","4/12/20","3","0","16049","0"
"Jefferson","0","4","Idaho","4/12/20","3","1","16051","33.33"
"Jerome","2","29","Idaho","4/12/20","13","16","16053","123.08"
"Kootenai","1","44","Idaho","4/12/20","40","4","16055","10"
"Latah","0","3","Idaho","4/12/20","1","2","16057","200"
"Lewis","0","0","Idaho","4/12/20","1","-1","16061","-100"
"Lincoln","1","14","Idaho","4/12/20","9","5","16063","55.56"
"Madison","0","5","Idaho","4/12/20","4","1","16065","25"
"Minidoka","0","4","Idaho","4/12/20","1","3","16067","300"
"Nez Perce","1","19","Idaho","4/12/20","13","6","16069","46.15"
"Owyhee","0","4","Idaho","4/12/20","2","2","16073","100"
"Payette","0","8","Idaho","4/12/20","5","3","16075","60"
"Power","0","2","Idaho","4/12/20","0","2","16077","1"
"Teton","0","6","Idaho","4/12/20","4","2","16081","50"
"Twin Falls","5","75","Idaho","4/12/20","37","38","16083","102.7"
"Valley","0","2","Idaho","4/12/20","3","-1","16085","-33.33"
"Washington","0","1","Idaho","4/12/20","1","0","16087","0"
"Adams","3","25","Illinois","4/12/20","3","22","17001","733.33"
"Bond","0","4","Illinois","4/12/20","3","1","17005","33.33"
"Boone","1","7","Illinois","4/12/20","3","4","17007","133.33"
"Bureau","0","5","Illinois","4/12/20","3","2","17011","66.67"
"Calhoun","0","1","Illinois","4/12/20","1","0","17013","0"
"Carroll","0","5","Illinois","4/12/20","4","1","17015","25"
"Champaign","4","86","Illinois","4/12/20","55","31","17019","56.36"
"Christian","1","24","Illinois","4/12/20","20","4","17021","20"
"Clark","0","3","Illinois","4/12/20","2","1","17023","50"
"Clinton","4","37","Illinois","4/12/20","10","27","17027","270"
"Coles","1","6","Illinois","4/12/20","0","6","17029","1"
"Cook","936","14585","Illinois","4/12/20","8034","6551","17031","81.54"
"Crawford","0","4","Illinois","4/12/20","3","1","17033","33.33"
"Cumberland","0","2","Illinois","4/12/20","1","1","17035","100"
"De Witt","0","1","Illinois","4/12/20","2","-1","17039","-50"
"DeKalb","2","34","Illinois","4/12/20","22","12","17037","54.55"
"Douglas","0","11","Illinois","4/12/20","9","2","17041","22.22"
"DuPage","72","1162","Illinois","4/12/20","656","506","17043","77.13"
"Effingham","0","3","Illinois","4/12/20","1","2","17049","200"
"Fayette","1","11","Illinois","4/12/20","2","9","17051","450"
"Ford","0","4","Illinois","4/12/20","1","3","17053","300"
"Franklin","0","4","Illinois","4/12/20","1","3","17055","300"
"Fulton","0","1","Illinois","4/12/20","0","1","17057","1"
"Gallatin","0","1","Illinois","4/12/20","1","0","17059","0"
"Greene","0","1","Illinois","4/12/20","0","1","17061","1"
"Grundy","2","21","Illinois","4/12/20","9","12","17063","133.33"
"Hancock","0","1","Illinois","4/12/20","0","1","17067","1"
"Henry","2","22","Illinois","4/12/20","8","14","17073","175"
"Iroquois","1","9","Illinois","4/12/20","5","4","17075","80"
"Jackson","3","31","Illinois","4/12/20","12","19","17077","158.33"
"Jasper","0","3","Illinois","4/12/20","3","0","17079","0"
"Jefferson","1","7","Illinois","4/12/20","2","5","17081","250"
"Jersey","1","6","Illinois","4/12/20","2","4","17083","200"
"Jo Daviess","1","11","Illinois","4/12/20","5","6","17085","120"
"Kane","26","403","Illinois","4/12/20","220","183","17089","83.18"
"Kankakee","18","204","Illinois","4/12/20","76","128","17091","168.42"
"Kendall","8","105","Illinois","4/12/20","49","56","17093","114.29"
"Knox","0","2","Illinois","4/12/20","1","1","17095","100"
"Lake","100","1445","Illinois","4/12/20","742","703","17097","94.74"
"LaSalle","2","20","Illinois","4/12/20","8","12","17099","150"
"Lawrence","0","2","Illinois","4/12/20","0","2","17101","1"
"Lee","2","13","Illinois","4/12/20","2","11","17103","550"
"Livingston","1","16","Illinois","4/12/20","7","9","17105","128.57"
"Logan","0","3","Illinois","4/12/20","1","2","17107","200"
"Macon","4","35","Illinois","4/12/20","6","29","17115","483.33"
"Macoupin","2","16","Illinois","4/12/20","5","11","17117","220"
"Madison","9","110","Illinois","4/12/20","48","62","17119","129.17"
"Marion","1","13","Illinois","4/12/20","3","10","17121","333.33"
"Marshall","0","1","Illinois","4/12/20","1","0","17123","0"
"Mason","0","3","Illinois","4/12/20","1","2","17125","200"
"Massac","0","2","Illinois","4/12/20","2","0","17127","0"
"McDonough","0","1","Illinois","4/12/20","0","1","17109","1"
"McHenry","15","235","Illinois","4/12/20","133","102","17111","76.69"
"McLean","4","77","Illinois","4/12/20","46","31","17113","67.39"
"Menard","0","2","Illinois","4/12/20","1","1","17129","100"
"Mercer","0","2","Illinois","4/12/20","2","0","17131","0"
"Monroe","5","46","Illinois","4/12/20","10","36","17133","360"
"Montgomery","1","8","Illinois","4/12/20","3","5","17135","166.67"
"Morgan","1","10","Illinois","4/12/20","6","4","17137","66.67"
"Moultrie","0","2","Illinois","4/12/20","1","1","17139","100"
"Ogle","2","18","Illinois","4/12/20","5","13","17141","260"
"Peoria","2","27","Illinois","4/12/20","14","13","17143","92.86"
"Perry","0","1","Illinois","4/12/20","0","1","17145","1"
"Piatt","1","6","Illinois","4/12/20","1","5","17147","500"
"Pike","0","1","Illinois","4/12/20","1","0","17149","0"
"Pulaski","1","5","Illinois","4/12/20","0","5","17153","1"
"Randolph","2","40","Illinois","4/12/20","24","16","17157","66.67"
"Richland","0","1","Illinois","4/12/20","0","1","17159","1"
"Rock Island","7","91","Illinois","4/12/20","40","51","17161","127.5"
"Saline","0","3","Illinois","4/12/20","1","2","17165","200"
"Sangamon","2","43","Illinois","4/12/20","29","14","17167","48.28"
"Schuyler","0","1","Illinois","4/12/20","0","1","17169","1"
"Shelby","1","4","Illinois","4/12/20","0","4","17173","1"
"St. Clair","15","189","Illinois","4/12/20","86","103","17163","119.77"
"Stark","0","1","Illinois","4/12/20","0","1","17175","1"
"Stephenson","1","8","Illinois","4/12/20","3","5","17177","166.67"
"Tazewell","1","19","Illinois","4/12/20","13","6","17179","46.15"
"Vermilion","0","8","Illinois","4/12/20","5","3","17183","60"
"Wabash","0","2","Illinois","4/12/20","0","2","17185","1"
"Warren","0","2","Illinois","4/12/20","0","2","17187","1"
"Washington","0","2","Illinois","4/12/20","1","1","17189","100"
"Whiteside","1","26","Illinois","4/12/20","18","8","17195","44.44"
"Will","83","1228","Illinois","4/12/20","648","580","17197","89.51"
"Williamson","1","10","Illinois","4/12/20","3","7","17199","233.33"
"Winnebago","7","94","Illinois","4/12/20","42","52","17201","123.81"
"Woodford","0","7","Illinois","4/12/20","6","1","17203","16.67"
"Adams","0","5","Indiana","4/12/20","2","3","18001","150"
"Allen","12","147","Indiana","4/12/20","63","84","18003","133.33"
"Bartholomew","8","110","Indiana","4/12/20","54","56","18005","103.7"
"Benton","0","2","Indiana","4/12/20","0","2","18007","1"
"Blackford","0","5","Indiana","4/12/20","3","2","18009","66.67"
"Boone","7","109","Indiana","4/12/20","57","52","18011","91.23"
"Brown","1","12","Indiana","4/12/20","5","7","18013","140"
"Carroll","0","5","Indiana","4/12/20","3","2","18015","66.67"
"Cass","3","22","Indiana","4/12/20","4","18","18017","450"
"Clark","7","112","Indiana","4/12/20","66","46","18019","69.7"
"Clay","1","11","Indiana","4/12/20","4","7","18021","175"
"Clinton","1","11","Indiana","4/12/20","4","7","18023","175"
"Crawford","1","12","Indiana","4/12/20","5","7","18025","140"
"Daviess","1","10","Indiana","4/12/20","2","8","18027","400"
"Dearborn","4","60","Indiana","4/12/20","33","27","18029","81.82"
"Decatur","7","127","Indiana","4/12/20","80","47","18031","58.75"
"DeKalb","0","5","Indiana","4/12/20","4","1","18033","25"
"Delaware","4","66","Indiana","4/12/20","37","29","18035","78.38"
"Dubois","1","13","Indiana","4/12/20","6","7","18037","116.67"
"Elkhart","7","83","Indiana","4/12/20","35","48","18039","137.14"
"Fayette","1","20","Indiana","4/12/20","16","4","18041","25"
"Floyd","8","107","Indiana","4/12/20","50","57","18043","114"
"Fountain","0","3","Indiana","4/12/20","2","1","18045","50"
"Franklin","2","69","Indiana","4/12/20","53","16","18047","30.19"
"Fulton","0","3","Indiana","4/12/20","2","1","18049","50"
"Gibson","0","4","Indiana","4/12/20","4","0","18051","0"
"Grant","3","36","Indiana","4/12/20","18","18","18053","100"
"Greene","1","19","Indiana","4/12/20","10","9","18055","90"
"Hamilton","25","478","Indiana","4/12/20","300","178","18057","59.33"
"Hancock","8","118","Indiana","4/12/20","61","57","18059","93.44"
"Harrison","3","55","Indiana","4/12/20","33","22","18061","66.67"
"Hendricks","20","315","Indiana","4/12/20","177","138","18063","77.97"
"Henry","2","23","Indiana","4/12/20","11","12","18065","109.09"
"Howard","3","48","Indiana","4/12/20","27","21","18067","77.78"
"Huntington","0","7","Indiana","4/12/20","4","3","18069","75"
"Jackson","5","70","Indiana","4/12/20","36","34","18071","94.44"
"Jasper","1","17","Indiana","4/12/20","12","5","18073","41.67"
"Jay","0","4","Indiana","4/12/20","3","1","18075","33.33"
"Jefferson","1","12","Indiana","4/12/20","5","7","18077","140"
"Jennings","3","56","Indiana","4/12/20","35","21","18079","60"
"Johnson","21","317","Indiana","4/12/20","167","150","18081","89.82"
"Knox","1","15","Indiana","4/12/20","7","8","18083","114.29"
"Kosciusko","1","18","Indiana","4/12/20","12","6","18085","50"
"LaGrange","1","12","Indiana","4/12/20","4","8","18087","200"
"Lake","58","744","Indiana","4/12/20","335","409","18089","122.09"
"LaPorte","2","33","Indiana","4/12/20","21","12","18091","57.14"
"Lawrence","4","68","Indiana","4/12/20","39","29","18093","74.36"
"Madison","24","254","Indiana","4/12/20","86","168","18095","195.35"
"Marion","161","2887","Indiana","4/12/20","1760","1127","18097","64.03"
"Marshall","2","19","Indiana","4/12/20","6","13","18099","216.67"
"Martin","1","5","Indiana","4/12/20","1","4","18101","400"
"Miami","1","16","Indiana","4/12/20","7","9","18103","128.57"
"Monroe","5","83","Indiana","4/12/20","48","35","18105","72.92"
"Montgomery","1","22","Indiana","4/12/20","14","8","18107","57.14"
"Morgan","5","101","Indiana","4/12/20","65","36","18109","55.38"
"Newton","3","26","Indiana","4/12/20","4","22","18111","550"
"Noble","0","14","Indiana","4/12/20","11","3","18113","27.27"
"Ohio","0","1","Indiana","4/12/20","1","0","18115","0"
"Orange","1","17","Indiana","4/12/20","7","10","18117","142.86"
"Owen","1","19","Indiana","4/12/20","15","4","18119","26.67"
"Parke","1","7","Indiana","4/12/20","2","5","18121","250"
"Perry","0","3","Indiana","4/12/20","0","3","18123","1"
"Pike","0","1","Indiana","4/12/20","0","1","18125","1"
"Porter","8","118","Indiana","4/12/20","59","59","18127","100"
"Posey","0","5","Indiana","4/12/20","5","0","18129","0"
"Pulaski","0","1","Indiana","4/12/20","0","1","18131","1"
"Putnam","2","32","Indiana","4/12/20","17","15","18133","88.24"
"Randolph","1","10","Indiana","4/12/20","5","5","18135","100"
"Ripley","3","84","Indiana","4/12/20","60","24","18137","40"
"Rush","1","15","Indiana","4/12/20","10","5","18139","50"
"Scott","1","17","Indiana","4/12/20","8","9","18143","112.5"
"Shelby","5","71","Indiana","4/12/20","37","34","18145","91.89"
"Spencer","0","3","Indiana","4/12/20","1","2","18147","200"
"St. Joseph","13","192","Indiana","4/12/20","102","90","18141","88.24"
"Starke","1","9","Indiana","4/12/20","3","6","18149","200"
"Steuben","1","12","Indiana","4/12/20","6","6","18151","100"
"Sullivan","0","6","Indiana","4/12/20","3","3","18153","100"
"Switzerland","1","13","Indiana","4/12/20","9","4","18155","44.44"
"Tippecanoe","2","45","Indiana","4/12/20","29","16","18157","55.17"
"Tipton","0","9","Indiana","4/12/20","6","3","18159","50"
"Union","0","5","Indiana","4/12/20","3","2","18161","66.67"
"Vanderburgh","3","56","Indiana","4/12/20","37","19","18163","51.35"
"Vermillion","0","3","Indiana","4/12/20","2","1","18165","50"
"Vigo","3","42","Indiana","4/12/20","18","24","18167","133.33"
"Wabash","1","7","Indiana","4/12/20","1","6","18169","600"
"Warren","0","3","Indiana","4/12/20","2","1","18171","50"
"Warrick","3","36","Indiana","4/12/20","13","23","18173","176.92"
"Washington","1","25","Indiana","4/12/20","18","7","18175","38.89"
"Wayne","1","17","Indiana","4/12/20","8","9","18177","112.5"
"Wells","0","4","Indiana","4/12/20","2","2","18179","100"
"White","0","3","Indiana","4/12/20","3","0","18181","0"
"Whitley","1","12","Indiana","4/12/20","6","6","18183","100"
"Adair","0","1","Iowa","4/12/20","1","0","19001","0"
"Allamakee","1","21","Iowa","4/12/20","17","4","19005","23.53"
"Appanoose","0","1","Iowa","4/12/20","1","0","19007","0"
"Audubon","0","1","Iowa","4/12/20","1","0","19009","0"
"Benton","1","17","Iowa","4/12/20","9","8","19011","88.89"
"Black Hawk","5","47","Iowa","4/12/20","12","35","19013","291.67"
"Boone","0","4","Iowa","4/12/20","3","1","19015","33.33"
"Bremer","0","3","Iowa","4/12/20","2","1","19017","50"
"Buchanan","0","7","Iowa","4/12/20","5","2","19019","40"
"Buena Vista","0","2","Iowa","4/12/20","0","2","19021","1"
"Butler","0","1","Iowa","4/12/20","1","0","19023","0"
"Carroll","0","1","Iowa","4/12/20","1","0","19027","0"
"Cedar","1","20","Iowa","4/12/20","12","8","19031","66.67"
"Cerro Gordo","0","13","Iowa","4/12/20","10","3","19033","30"
"Chickasaw","0","2","Iowa","4/12/20","0","2","19037","1"
"Clarke","0","2","Iowa","4/12/20","1","1","19039","100"
"Clay","0","2","Iowa","4/12/20","2","0","19041","0"
"Clayton","0","7","Iowa","4/12/20","4","3","19043","75"
"Clinton","2","29","Iowa","4/12/20","16","13","19045","81.25"
"Crawford","0","6","Iowa","4/12/20","4","2","19047","50"
"Dallas","0","37","Iowa","4/12/20","35","2","19049","5.71"
"Delaware","0","2","Iowa","4/12/20","0","2","19055","1"
"Des Moines","0","4","Iowa","4/12/20","1","3","19057","300"
"Dickinson","0","1","Iowa","4/12/20","1","0","19059","0"
"Dubuque","2","35","Iowa","4/12/20","24","11","19061","45.83"
"Fayette","0","4","Iowa","4/12/20","3","1","19065","33.33"
"Franklin","0","1","Iowa","4/12/20","0","1","19069","1"
"Greene","0","1","Iowa","4/12/20","0","1","19073","1"
"Grundy","0","1","Iowa","4/12/20","1","0","19075","0"
"Guthrie","0","1","Iowa","4/12/20","1","0","19077","0"
"Hamilton","0","2","Iowa","4/12/20","1","1","19079","100"
"Hancock","0","3","Iowa","4/12/20","3","0","19081","0"
"Hardin","0","1","Iowa","4/12/20","1","0","19083","0"
"Harrison","0","12","Iowa","4/12/20","10","2","19085","20"
"Henry","2","19","Iowa","4/12/20","8","11","19087","137.5"
"Howard","0","1","Iowa","4/12/20","1","0","19089","0"
"Iowa","0","7","Iowa","4/12/20","6","1","19095","16.67"
"Jackson","0","4","Iowa","4/12/20","3","1","19097","33.33"
"Jasper","0","11","Iowa","4/12/20","8","3","19099","37.5"
"Jefferson","0","4","Iowa","4/12/20","3","1","19101","33.33"
"Johnson","14","203","Iowa","4/12/20","106","97","19103","91.51"
"Jones","0","8","Iowa","4/12/20","6","2","19105","33.33"
"Keokuk","0","2","Iowa","4/12/20","2","0","19107","0"
"Kossuth","0","1","Iowa","4/12/20","1","0","19109","0"
"Lee","0","1","Iowa","4/12/20","1","0","19111","0"
"Linn","12","243","Iowa","4/12/20","161","82","19113","50.93"
"Louisa","10","76","Iowa","4/12/20","6","70","19115","1166.67"
"Lyon","0","3","Iowa","4/12/20","2","1","19119","50"
"Madison","0","2","Iowa","4/12/20","1","1","19121","100"
"Mahaska","0","4","Iowa","4/12/20","3","1","19123","33.33"
"Marion","0","3","Iowa","4/12/20","1","2","19125","200"
"Marshall","3","31","Iowa","4/12/20","10","21","19127","210"
"Mills","0","1","Iowa","4/12/20","1","0","19129","0"
"Mitchell","0","2","Iowa","4/12/20","2","0","19131","0"
"Monona","0","6","Iowa","4/12/20","6","0","19133","0"
"Montgomery","0","1","Iowa","4/12/20","1","0","19137","0"
"Muscatine","9","96","Iowa","4/12/20","33","63","19139","190.91"
"O'Brien","0","3","Iowa","4/12/20","3","0","19141","0"
"Osceola","0","2","Iowa","4/12/20","0","2","19143","1"
"Page","0","3","Iowa","4/12/20","2","1","19145","50"
"Plymouth","0","4","Iowa","4/12/20","4","0","19149","0"
"Polk","8","177","Iowa","4/12/20","122","55","19153","45.08"
"Pottawattamie","1","12","Iowa","4/12/20","7","5","19155","71.43"
"Poweshiek","0","6","Iowa","4/12/20","6","0","19157","0"
"Scott","11","115","Iowa","4/12/20","41","74","19163","180.49"
"Shelby","0","6","Iowa","4/12/20","6","0","19165","0"
"Sioux","0","7","Iowa","4/12/20","7","0","19167","0"
"Story","0","7","Iowa","4/12/20","5","2","19169","40"
"Tama","8","86","Iowa","4/12/20","30","56","19171","186.67"
"Taylor","0","1","Iowa","4/12/20","1","0","19173","0"
"Union","0","1","Iowa","4/12/20","0","1","19175","1"
"Van Buren","0","6","Iowa","4/12/20","6","0","19177","0"
"Wapello","0","4","Iowa","4/12/20","1","3","19179","300"
"Warren","1","16","Iowa","4/12/20","10","6","19181","60"
"Washington","5","81","Iowa","4/12/20","49","32","19183","65.31"
"Webster","0","2","Iowa","4/12/20","1","1","19187","100"
"Winnebago","0","2","Iowa","4/12/20","0","2","19189","1"
"Winneshiek","0","5","Iowa","4/12/20","4","1","19191","25"
"Woodbury","1","18","Iowa","4/12/20","8","10","19193","125"
"Worth","0","1","Iowa","4/12/20","0","1","19195","1"
"Wright","0","1","Iowa","4/12/20","1","0","19197","0"
"Anderson","0","1","Kansas","4/12/20","0","1","20003","1"
"Atchison","0","3","Kansas","4/12/20","2","1","20005","50"
"Barber","0","1","Kansas","4/12/20","0","1","20007","1"
"Barton","0","4","Kansas","4/12/20","3","1","20009","33.33"
"Bourbon","0","7","Kansas","4/12/20","4","3","20011","75"
"Butler","0","8","Kansas","4/12/20","8","0","20015","0"
"Chautauqua","0","3","Kansas","4/12/20","3","0","20019","0"
"Cherokee","0","6","Kansas","4/12/20","5","1","20021","20"
"Clay","0","1","Kansas","4/12/20","1","0","20027","0"
"Cloud","0","3","Kansas","4/12/20","1","2","20029","200"
"Coffey","2","38","Kansas","4/12/20","24","14","20031","58.33"
"Cowley","0","1","Kansas","4/12/20","1","0","20035","0"
"Crawford","0","6","Kansas","4/12/20","6","0","20037","0"
"Doniphan","0","1","Kansas","4/12/20","1","0","20043","0"
"Douglas","1","39","Kansas","4/12/20","33","6","20045","18.18"
"Ellis","0","1","Kansas","4/12/20","0","1","20051","1"
"Finney","1","15","Kansas","4/12/20","10","5","20055","50"
"Ford","2","13","Kansas","4/12/20","1","12","20057","1200"
"Franklin","0","12","Kansas","4/12/20","9","3","20059","33.33"
"Geary","0","5","Kansas","4/12/20","2","3","20061","150"
"Gove","0","1","Kansas","4/12/20","1","0","20063","0"
"Greenwood","0","1","Kansas","4/12/20","1","0","20073","0"
"Hamilton","0","1","Kansas","4/12/20","0","1","20075","1"
"Harvey","0","4","Kansas","4/12/20","2","2","20079","100"
"Jackson","0","1","Kansas","4/12/20","1","0","20085","0"
"Jefferson","0","5","Kansas","4/12/20","2","3","20087","150"
"Jewell","0","3","Kansas","4/12/20","1","2","20089","200"
"Johnson","16","304","Kansas","4/12/20","192","112","20091","58.33"
"Kearny","0","1","Kansas","4/12/20","0","1","20093","1"
"Labette","2","18","Kansas","4/12/20","4","14","20099","350"
"Leavenworth","7","85","Kansas","4/12/20","36","49","20103","136.11"
"Linn","0","5","Kansas","4/12/20","5","0","20107","0"
"Lyon","0","27","Kansas","4/12/20","24","3","20111","12.5"
"Marion","0","3","Kansas","4/12/20","2","1","20115","50"
"McPherson","1","13","Kansas","4/12/20","8","5","20113","62.5"
"Miami","0","3","Kansas","4/12/20","2","1","20121","50"
"Mitchell","0","2","Kansas","4/12/20","2","0","20123","0"
"Montgomery","1","14","Kansas","4/12/20","6","8","20125","133.33"
"Morris","0","2","Kansas","4/12/20","2","0","20127","0"
"Morton","0","1","Kansas","4/12/20","0","1","20129","1"
"Neosho","0","2","Kansas","4/12/20","1","1","20133","100"
"Osage","0","4","Kansas","4/12/20","3","1","20139","33.33"
"Osborne","0","2","Kansas","4/12/20","2","0","20141","0"
"Ottawa","0","3","Kansas","4/12/20","3","0","20143","0"
"Phillips","0","1","Kansas","4/12/20","0","1","20147","1"
"Pottawatomie","0","5","Kansas","4/12/20","2","3","20149","150"
"Pratt","0","1","Kansas","4/12/20","1","0","20151","0"
"Reno","0","11","Kansas","4/12/20","10","1","20155","10"
"Republic","1","4","Kansas","4/12/20","0","4","20157","1"
"Riley","1","20","Kansas","4/12/20","13","7","20161","53.85"
"Rooks","0","2","Kansas","4/12/20","0","2","20163","1"
"Saline","1","9","Kansas","4/12/20","5","4","20169","80"
"Scott","0","1","Kansas","4/12/20","0","1","20171","1"
"Sedgwick","13","196","Kansas","4/12/20","108","88","20173","81.48"
"Seward","1","5","Kansas","4/12/20","0","5","20175","1"
"Shawnee","6","74","Kansas","4/12/20","32","42","20177","131.25"
"Stafford","0","1","Kansas","4/12/20","1","0","20185","0"
"Stanton","0","1","Kansas","4/12/20","0","1","20187","1"
"Stevens","0","2","Kansas","4/12/20","1","1","20189","100"
"Sumner","0","2","Kansas","4/12/20","2","0","20191","0"
"Wabaunsee","0","1","Kansas","4/12/20","1","0","20197","0"
"Woodson","0","3","Kansas","4/12/20","3","0","20207","0"
"Wyandotte","25","332","Kansas","4/12/20","158","174","20209","110.13"
"Adair","1","11","Kentucky","4/12/20","3","8","21001","266.67"
"Allen","0","4","Kentucky","4/12/20","2","2","21003","100"
"Anderson","0","3","Kentucky","4/12/20","3","0","21005","0"
"Ballard","0","1","Kentucky","4/12/20","0","1","21007","1"
"Barren","1","5","Kentucky","4/12/20","0","5","21009","1"
"Bath","0","2","Kentucky","4/12/20","1","1","21011","100"
"Boone","5","48","Kentucky","4/12/20","12","36","21015","300"
"Bourbon","0","4","Kentucky","4/12/20","4","0","21017","0"
"Boyd","2","26","Kentucky","4/12/20","13","13","21019","100"
"Boyle","1","13","Kentucky","4/12/20","7","6","21021","85.71"
"Bracken","1","6","Kentucky","4/12/20","1","5","21023","500"
"Breathitt","0","2","Kentucky","4/12/20","1","1","21025","100"
"Breckinridge","0","3","Kentucky","4/12/20","2","1","21027","50"
"Bullitt","2","27","Kentucky","4/12/20","11","16","21029","145.45"
"Butler","1","11","Kentucky","4/12/20","1","10","21031","1000"
"Caldwell","1","10","Kentucky","4/12/20","2","8","21033","400"
"Calloway","1","14","Kentucky","4/12/20","5","9","21035","180"
"Campbell","5","47","Kentucky","4/12/20","12","35","21037","291.67"
"Carroll","0","2","Kentucky","4/12/20","2","0","21041","0"
"Carter","0","1","Kentucky","4/12/20","1","0","21043","0"
"Christian","5","62","Kentucky","4/12/20","30","32","21047","106.67"
"Clark","1","17","Kentucky","4/12/20","11","6","21049","54.55"
"Clinton","0","3","Kentucky","4/12/20","1","2","21053","200"
"Crittenden","0","3","Kentucky","4/12/20","1","2","21055","200"
"Cumberland","0","3","Kentucky","4/12/20","1","2","21057","200"
"Daviess","4","81","Kentucky","4/12/20","55","26","21059","47.27"
"Edmonson","0","6","Kentucky","4/12/20","5","1","21061","20"
"Fayette","8","179","Kentucky","4/12/20","122","57","21067","46.72"
"Fleming","0","1","Kentucky","4/12/20","0","1","21069","1"
"Floyd","0","1","Kentucky","4/12/20","0","1","21071","1"
"Franklin","0","10","Kentucky","4/12/20","7","3","21073","42.86"
"Gallatin","0","1","Kentucky","4/12/20","0","1","21077","1"
"Grant","2","13","Kentucky","4/12/20","2","11","21081","550"
"Graves","1","9","Kentucky","4/12/20","2","7","21083","350"
"Grayson","0","4","Kentucky","4/12/20","2","2","21085","100"
"Green","0","2","Kentucky","4/12/20","0","2","21087","1"
"Greenup","1","5","Kentucky","4/12/20","1","4","21089","400"
"Hancock","0","2","Kentucky","4/12/20","1","1","21091","100"
"Hardin","2","21","Kentucky","4/12/20","9","12","21093","133.33"
"Harrison","0","14","Kentucky","4/12/20","12","2","21097","16.67"
"Hart","0","1","Kentucky","4/12/20","0","1","21099","1"
"Henderson","3","29","Kentucky","4/12/20","6","23","21101","383.33"
"Henry","0","4","Kentucky","4/12/20","2","2","21103","100"
"Hopkins","8","87","Kentucky","4/12/20","34","53","21107","155.88"
"Jackson","1","5","Kentucky","4/12/20","0","5","21109","1"
"Jefferson","27","495","Kentucky","4/12/20","304","191","21111","62.83"
"Jessamine","1","26","Kentucky","4/12/20","16","10","21113","62.5"
"Johnson","0","1","Kentucky","4/12/20","1","0","21115","0"
"Kenton","8","91","Kentucky","4/12/20","33","58","21117","175.76"
"Knott","0","1","Kentucky","4/12/20","0","1","21119","1"
"Knox","0","1","Kentucky","4/12/20","0","1","21121","1"
"Larue","0","3","Kentucky","4/12/20","3","0","21123","0"
"Laurel","1","9","Kentucky","4/12/20","2","7","21125","350"
"Lawrence","0","1","Kentucky","4/12/20","1","0","21127","0"
"Leslie","0","1","Kentucky","4/12/20","0","1","21131","1"
"Letcher","0","1","Kentucky","4/12/20","0","1","21133","1"
"Lewis","0","2","Kentucky","4/12/20","2","0","21135","0"
"Lincoln","0","1","Kentucky","4/12/20","0","1","21137","1"
"Logan","0","5","Kentucky","4/12/20","4","1","21141","25"
"Lyon","1","12","Kentucky","4/12/20","4","8","21143","200"
"Madison","1","18","Kentucky","4/12/20","11","7","21151","63.64"
"Marion","1","11","Kentucky","4/12/20","3","8","21155","266.67"
"Marshall","1","11","Kentucky","4/12/20","3","8","21157","266.67"
"Martin","0","4","Kentucky","4/12/20","1","3","21159","300"
"Mason","0","5","Kentucky","4/12/20","2","3","21161","150"
"McCracken","1","21","Kentucky","4/12/20","13","8","21145","61.54"
"McCreary","1","8","Kentucky","4/12/20","1","7","21147","700"
"McLean","1","7","Kentucky","4/12/20","1","6","21149","600"
"Meade","0","2","Kentucky","4/12/20","2","0","21163","0"
"Menifee","0","3","Kentucky","4/12/20","3","0","21165","0"
"Mercer","1","9","Kentucky","4/12/20","4","5","21167","125"
"Monroe","0","2","Kentucky","4/12/20","0","2","21171","1"
"Montgomery","0","8","Kentucky","4/12/20","5","3","21173","60"
"Muhlenberg","4","28","Kentucky","4/12/20","0","28","21177","1"
"Nelson","1","10","Kentucky","4/12/20","4","6","21179","150"
"Nicholas","0","1","Kentucky","4/12/20","1","0","21181","0"
"Ohio","1","8","Kentucky","4/12/20","1","7","21183","700"
"Oldham","1","16","Kentucky","4/12/20","7","9","21185","128.57"
"Pendleton","0","3","Kentucky","4/12/20","2","1","21191","50"
"Perry","0","3","Kentucky","4/12/20","3","0","21193","0"
"Pike","0","4","Kentucky","4/12/20","1","3","21195","300"
"Powell","0","2","Kentucky","4/12/20","1","1","21197","100"
"Pulaski","3","33","Kentucky","4/12/20","13","20","21199","153.85"
"Rockcastle","1","8","Kentucky","4/12/20","2","6","21203","300"
"Rowan","0","1","Kentucky","4/12/20","0","1","21205","1"
"Russell","1","8","Kentucky","4/12/20","1","7","21207","700"
"Scott","1","22","Kentucky","4/12/20","14","8","21209","57.14"
"Shelby","2","18","Kentucky","4/12/20","7","11","21211","157.14"
"Simpson","1","17","Kentucky","4/12/20","13","4","21213","30.77"
"Spencer","1","6","Kentucky","4/12/20","2","4","21215","200"
"Taylor","0","3","Kentucky","4/12/20","2","1","21217","50"
"Todd","1","6","Kentucky","4/12/20","0","6","21219","1"
"Trimble","0","2","Kentucky","4/12/20","0","2","21223","1"
"Union","0","5","Kentucky","4/12/20","2","3","21225","150"
"Warren","4","49","Kentucky","4/12/20","21","28","21227","133.33"
"Washington","0","3","Kentucky","4/12/20","2","1","21229","50"
"Wayne","0","4","Kentucky","4/12/20","4","0","21231","0"
"Webster","1","8","Kentucky","4/12/20","3","5","21233","166.67"
"Whitley","1","4","Kentucky","4/12/20","0","4","21235","1"
"Woodford","1","17","Kentucky","4/12/20","9","8","21239","88.89"
"Acadia","3","99","Louisiana","4/12/20","75","24","22001","32"
"Allen","5","73","Louisiana","4/12/20","40","33","22003","82.5"
"Ascension","20","428","Louisiana","4/12/20","286","142","22005","49.65"
"Assumption","8","116","Louisiana","4/12/20","59","57","22007","96.61"
"Avoyelles","3","61","Louisiana","4/12/20","37","24","22009","64.86"
"Beauregard","1","27","Louisiana","4/12/20","19","8","22011","42.11"
"Bienville","3","33","Louisiana","4/12/20","12","21","22013","175"
"Bossier","8","186","Louisiana","4/12/20","133","53","22015","39.85"
"Caddo","53","1018","Louisiana","4/12/20","647","371","22017","57.34"
"Calcasieu","17","259","Louisiana","4/12/20","139","120","22019","86.33"
"Caldwell","1","18","Louisiana","4/12/20","10","8","22021","80"
"Cameron","0","2","Louisiana","4/12/20","0","2","22023","1"
"Catahoula","2","21","Louisiana","4/12/20","9","12","22025","133.33"
"Claiborne","3","41","Louisiana","4/12/20","23","18","22027","78.26"
"Concordia","2","18","Louisiana","4/12/20","5","13","22029","260"
"De Soto","6","124","Louisiana","4/12/20","80","44","22031","55"
"East Baton Rouge","81","1223","Louisiana","4/12/20","656","567","22033","86.43"
"East Carroll","0","1","Louisiana","4/12/20","1","0","22035","0"
"East Feliciana","6","71","Louisiana","4/12/20","27","44","22037","162.96"
"Evangeline","2","36","Louisiana","4/12/20","19","17","22039","89.47"
"Franklin","3","48","Louisiana","4/12/20","25","23","22041","92"
"Grant","0","11","Louisiana","4/12/20","8","3","22043","37.5"
"Iberia","10","136","Louisiana","4/12/20","69","67","22045","97.1"
"Iberville","16","232","Louisiana","4/12/20","122","110","22047","90.16"
"Jackson","1","8","Louisiana","4/12/20","1","7","22049","700"
"Jefferson","272","4990","Louisiana","4/12/20","3088","1902","22051","61.59"
"Jefferson Davis","4","44","Louisiana","4/12/20","13","31","22053","238.46"
"Lafayette","15","354","Louisiana","4/12/20","247","107","22055","43.32"
"Lafourche","34","468","Louisiana","4/12/20","228","240","22057","105.26"
"LaSalle","1","11","Louisiana","4/12/20","4","7","22059","175"
"Lincoln","3","39","Louisiana","4/12/20","18","21","22061","116.67"
"Livingston","8","120","Louisiana","4/12/20","67","53","22063","79.1"
"Madison","0","2","Louisiana","4/12/20","1","1","22065","100"
"Morehouse","3","31","Louisiana","4/12/20","10","21","22067","210"
"Natchitoches","4","41","Louisiana","4/12/20","14","27","22069","192.86"
"Orleans","219","5600","Louisiana","4/12/20","4066","1534","22071","37.73"
"Ouachita","26","367","Louisiana","4/12/20","182","185","22073","101.65"
"Plaquemines","6","137","Louisiana","4/12/20","92","45","22075","48.91"
"Pointe Coupee","4","43","Louisiana","4/12/20","17","26","22077","152.94"
"Rapides","9","165","Louisiana","4/12/20","100","65","22079","65"
"Red River","1","11","Louisiana","4/12/20","2","9","22081","450"
"Richland","1","19","Louisiana","4/12/20","10","9","22083","90"
"Sabine","1","9","Louisiana","4/12/20","5","4","22085","80"
"St. Bernard","17","361","Louisiana","4/12/20","242","119","22087","49.17"
"St. Charles","21","404","Louisiana","4/12/20","260","144","22089","55.38"
"St. Helena","1","13","Louisiana","4/12/20","5","8","22091","160"
"St. James","7","204","Louisiana","4/12/20","155","49","22093","31.61"
"St. John the Baptist","29","545","Louisiana","4/12/20","345","200","22095","57.97"
"St. Landry","9","113","Louisiana","4/12/20","47","66","22097","140.43"
"St. Martin","11","157","Louisiana","4/12/20","77","80","22099","103.9"
"St. Mary","7","113","Louisiana","4/12/20","67","46","22101","68.66"
"St. Tammany","43","864","Louisiana","4/12/20","560","304","22103","54.29"
"Tangipahoa","25","344","Louisiana","4/12/20","171","173","22105","101.17"
"Tensas","0","1","Louisiana","4/12/20","0","1","22107","1"
"Terrebonne","15","255","Louisiana","4/12/20","148","107","22109","72.3"
"Union","4","47","Louisiana","4/12/20","19","28","22111","147.37"
"Vermilion","1","26","Louisiana","4/12/20","16","10","22113","62.5"
"Vernon","1","14","Louisiana","4/12/20","10","4","22115","40"
"Washington","9","147","Louisiana","4/12/20","81","66","22117","81.48"
"Webster","2","62","Louisiana","4/12/20","49","13","22119","26.53"
"West Baton Rouge","4","68","Louisiana","4/12/20","40","28","22121","70"
"West Carroll","1","4","Louisiana","4/12/20","0","4","22123","1"
"West Feliciana","4","46","Louisiana","4/12/20","19","27","22125","142.11"
"Winn","1","12","Louisiana","4/12/20","2","10","22127","500"
"Androscoggin","1","28","Maine","4/12/20","20","8","23001","40"
"Aroostook","0","2","Maine","4/12/20","1","1","23003","100"
"Cumberland","8","292","Maine","4/12/20","238","54","23005","22.69"
"Franklin","1","8","Maine","4/12/20","4","4","23007","100"
"Hancock","0","5","Maine","4/12/20","2","3","23009","150"
"Kennebec","1","32","Maine","4/12/20","22","10","23011","45.45"
"Knox","0","10","Maine","4/12/20","9","1","23013","11.11"
"Lincoln","0","9","Maine","4/12/20","8","1","23015","12.5"
"Oxford","0","13","Maine","4/12/20","11","2","23017","18.18"
"Penobscot","2","34","Maine","4/12/20","22","12","23019","54.55"
"Sagadahoc","0","15","Maine","4/12/20","13","2","23023","15.38"
"Somerset","1","8","Maine","4/12/20","4","4","23025","100"
"Waldo","4","29","Maine","4/12/20","3","26","23027","866.67"
"Washington","0","1","Maine","4/12/20","1","0","23029","0"
"York","6","144","Maine","4/12/20","101","43","23031","42.57"
"Allegany","1","13","Maryland","4/12/20","6","7","24001","116.67"
"Anne Arundel","49","659","Maryland","4/12/20","319","340","24003","106.58"
"Baltimore","95","1257","Maryland","4/12/20","590","667","24005","113.05"
"Baltimore City","60","812","Maryland","4/12/20","394","418","24510","106.09"
"Calvert","7","90","Maryland","4/12/20","39","51","24009","130.77"
"Caroline","2","17","Maryland","4/12/20","4","13","24011","325"
"Carroll","13","236","Maryland","4/12/20","142","94","24013","66.2"
"Cecil","5","74","Maryland","4/12/20","36","38","24015","105.56"
"Charles","20","253","Maryland","4/12/20","111","142","24017","127.93"
"Dorchester","1","9","Maryland","4/12/20","1","8","24019","800"
"Frederick","35","368","Maryland","4/12/20","120","248","24021","206.67"
"Garrett","0","4","Maryland","4/12/20","3","1","24023","33.33"
"Harford","11","129","Maryland","4/12/20","52","77","24025","148.08"
"Howard","25","371","Maryland","4/12/20","199","172","24027","86.43"
"Kent","1","11","Maryland","4/12/20","5","6","24029","120"
"Montgomery","134","1631","Maryland","4/12/20","693","938","24031","135.35"
"Prince George's","179","2035","Maryland","4/12/20","785","1250","24033","159.24"
"Queen Anne's","1","19","Maryland","4/12/20","13","6","24035","46.15"
"Somerset","0","4","Maryland","4/12/20","4","0","24039","0"
"St. Mary's","6","82","Maryland","4/12/20","40","42","24037","105"
"Talbot","1","14","Maryland","4/12/20","7","7","24041","100"
"Washington","6","75","Maryland","4/12/20","34","41","24043","120.59"
"Wicomico","4","42","Maryland","4/12/20","11","31","24045","281.82"
"Worcester","2","20","Maryland","4/12/20","9","11","24047","122.22"
"Barnstable","22","501","Massachusetts","4/12/20","347","154","25001","44.38"
"Berkshire","13","350","Massachusetts","4/12/20","258","92","25003","35.66"
"Bristol","95","1327","Massachusetts","4/12/20","659","668","25005","101.37"
"Dukes and Nantucket","1","21","Massachusetts","4/12/20","17","4","00000","23.53"
"Essex","238","3170","Massachusetts","4/12/20","1506","1664","25009","110.49"
"Franklin","6","143","Massachusetts","4/12/20","100","43","25011","43"
"Hampden","126","1647","Massachusetts","4/12/20","768","879","25013","114.45"
"Hampshire","13","219","Massachusetts","4/12/20","128","91","25015","71.09"
"Middlesex","433","5660","Massachusetts","4/12/20","2632","3028","25017","115.05"
"Norfolk","197","2649","Massachusetts","4/12/20","1271","1378","25021","108.42"
"Plymouth","152","2024","Massachusetts","4/12/20","963","1061","25023","110.18"
"Suffolk","386","5359","Massachusetts","4/12/20","2658","2701","25025","101.62"
"Worcester","151","2032","Massachusetts","4/12/20","978","1054","25027","107.77"
"Allegan","3","33","Michigan","4/12/20","15","18","26005","120"
"Alpena","0","1","Michigan","4/12/20","0","1","26007","1"
"Antrim","1","9","Michigan","4/12/20","5","4","26009","80"
"Arenac","0","5","Michigan","4/12/20","3","2","26011","66.67"
"Barry","0","11","Michigan","4/12/20","8","3","26015","37.5"
"Bay","4","61","Michigan","4/12/20","33","28","26017","84.85"
"Benzie","0","0","Michigan","4/12/20","1","-1","26019","-100"
"Berrien","10","188","Michigan","4/12/20","118","70","26021","59.32"
"Branch","2","30","Michigan","4/12/20","13","17","26023","130.77"
"Calhoun","6","84","Michigan","4/12/20","45","39","26025","86.67"
"Cass","1","18","Michigan","4/12/20","11","7","26027","63.64"
"Charlevoix","1","11","Michigan","4/12/20","7","4","26029","57.14"
"Cheboygan","1","13","Michigan","4/12/20","9","4","26031","44.44"
"Chippewa","0","0","Michigan","4/12/20","2","-2","26033","-100"
"Clare","0","4","Michigan","4/12/20","1","3","26035","300"
"Clinton","5","96","Michigan","4/12/20","58","38","26037","65.52"
"Crawford","2","14","Michigan","4/12/20","1","13","26039","1300"
"Delta","0","10","Michigan","4/12/20","7","3","26041","42.86"
"Dickinson","0","3","Michigan","4/12/20","1","2","26043","200"
"Eaton","3","79","Michigan","4/12/20","56","23","26045","41.07"
"Emmet","2","25","Michigan","4/12/20","14","11","26047","78.57"
"Genesee","66","980","Michigan","4/12/20","515","465","26049","90.29"
"Gladwin","0","4","Michigan","4/12/20","4","0","26051","0"
"Gogebic","0","4","Michigan","4/12/20","3","1","26053","33.33"
"Grand Traverse","1","18","Michigan","4/12/20","12","6","26055","50"
"Gratiot","1","8","Michigan","4/12/20","4","4","26057","100"
"Hillsdale","4","76","Michigan","4/12/20","45","31","26059","68.89"
"Houghton","0","1","Michigan","4/12/20","1","0","26061","0"
"Huron","1","11","Michigan","4/12/20","5","6","26063","120"
"Ingham","11","259","Michigan","4/12/20","179","80","26065","44.69"
"Ionia","1","14","Michigan","4/12/20","8","6","26067","75"
"Iosco","0","6","Michigan","4/12/20","4","2","26069","50"
"Isabella","5","51","Michigan","4/12/20","17","34","26073","200"
"Jackson","12","183","Michigan","4/12/20","99","84","26075","84.85"
"Kalamazoo","5","96","Michigan","4/12/20","59","37","26077","62.71"
"Kalkaska","1","18","Michigan","4/12/20","8","10","26079","125"
"Kent","21","316","Michigan","4/12/20","169","147","26081","86.98"
"Lake","0","2","Michigan","4/12/20","0","2","26085","1"
"Lapeer","8","108","Michigan","4/12/20","49","59","26087","120.41"
"Leelanau","0","4","Michigan","4/12/20","1","3","26089","300"
"Lenawee","3","56","Michigan","4/12/20","34","22","26091","64.71"
"Livingston","13","249","Michigan","4/12/20","161","88","26093","54.66"
"Luce","0","1","Michigan","4/12/20","1","0","26095","0"
"Mackinac","0","4","Michigan","4/12/20","2","2","26097","100"
"Macomb","179","3259","Michigan","4/12/20","2005","1254","26099","62.54"
"Manistee","1","11","Michigan","4/12/20","5","6","26101","120"
"Marquette","1","22","Michigan","4/12/20","14","8","26103","57.14"
"Mason","0","3","Michigan","4/12/20","1","2","26105","200"
"Mecosta","1","12","Michigan","4/12/20","6","6","26107","100"
"Menominee","0","1","Michigan","4/12/20","0","1","26109","1"
"Midland","3","44","Michigan","4/12/20","24","20","26111","83.33"
"Missaukee","0","1","Michigan","4/12/20","1","0","26113","0"
"Monroe","11","184","Michigan","4/12/20","108","76","26115","70.37"
"Montcalm","1","23","Michigan","4/12/20","15","8","26117","53.33"
"Muskegon","4","59","Michigan","4/12/20","31","28","26121","90.32"
"Newaygo","1","8","Michigan","4/12/20","2","6","26123","300"
"Oakland","282","5253","Michigan","4/12/20","3277","1976","26125","60.3"
"Oceana","0","3","Michigan","4/12/20","3","0","26127","0"
"Ogemaw","0","5","Michigan","4/12/20","4","1","26129","25"
"Ontonagon","0","0","Michigan","4/12/20","1","-1","26131","-100"
"Osceola","0","6","Michigan","4/12/20","4","2","26133","50"
"Oscoda","0","4","Michigan","4/12/20","2","2","26135","100"
"Otsego","2","37","Michigan","4/12/20","25","12","26137","48"
"Ottawa","5","92","Michigan","4/12/20","55","37","26139","67.27"
"Out of MI","9","144","Michigan","4/12/20","83","61","80026","73.49"
"Presque Isle","0","2","Michigan","4/12/20","0","2","26141","1"
"Roscommon","1","10","Michigan","4/12/20","5","5","26143","100"
"Saginaw","22","274","Michigan","4/12/20","118","156","26145","132.2"
"Sanilac","2","24","Michigan","4/12/20","13","11","26151","84.62"
"Schoolcraft","0","2","Michigan","4/12/20","0","2","26153","1"
"Shiawassee","5","60","Michigan","4/12/20","25","35","26155","140"
"St. Clair","17","227","Michigan","4/12/20","109","118","26147","108.26"
"St. Joseph","2","21","Michigan","4/12/20","10","11","26149","110"
"Tuscola","4","47","Michigan","4/12/20","22","25","26157","113.64"
"Van Buren","2","30","Michigan","4/12/20","18","12","26159","66.67"
"Washtenaw","33","797","Michigan","4/12/20","565","232","26161","41.06"
"Wayne","526","11259","Michigan","4/12/20","7574","3685","26163","48.65"
"Wexford","0","9","Michigan","4/12/20","6","3","26165","50"
"Anoka","5","68","Minnesota","4/12/20","36","32","27003","88.89"
"Becker","0","2","Minnesota","4/12/20","0","2","27005","1"
"Beltrami","0","5","Minnesota","4/12/20","6","-1","27007","-16.67"
"Benton","0","1","Minnesota","4/12/20","1","0","27009","0"
"Big Stone","0","1","Minnesota","4/12/20","1","0","27011","0"
"Blue Earth","1","22","Minnesota","4/12/20","15","7","27013","46.67"
"Brown","1","7","Minnesota","4/12/20","3","4","27015","133.33"
"Carlton","2","25","Minnesota","4/12/20","8","17","27017","212.5"
"Carver","0","13","Minnesota","4/12/20","10","3","27019","30"
"Cass","0","4","Minnesota","4/12/20","1","3","27021","300"
"Chisago","0","7","Minnesota","4/12/20","4","3","27025","75"
"Clay","4","40","Minnesota","4/12/20","13","27","27027","207.69"
"Clearwater","0","2","Minnesota","4/12/20","2","0","27029","0"
"Cottonwood","0","6","Minnesota","4/12/20","5","1","27033","20"
"Crow Wing","1","16","Minnesota","4/12/20","6","10","27035","166.67"
"Dakota","5","95","Minnesota","4/12/20","63","32","27037","50.79"
"Dodge","1","16","Minnesota","4/12/20","10","6","27039","60"
"Douglas","0","1","Minnesota","4/12/20","1","0","27041","0"
"Faribault","0","4","Minnesota","4/12/20","3","1","27043","33.33"
"Fillmore","0","10","Minnesota","4/12/20","10","0","27045","0"
"Freeborn","2","24","Minnesota","4/12/20","10","14","27047","140"
"Goodhue","1","17","Minnesota","4/12/20","10","7","27049","70"
"Hennepin","41","557","Minnesota","4/12/20","267","290","27053","108.61"
"Houston","0","1","Minnesota","4/12/20","1","0","27055","0"
"Isanti","0","4","Minnesota","4/12/20","4","0","27059","0"
"Itasca","0","2","Minnesota","4/12/20","2","0","27061","0"
"Jackson","0","1","Minnesota","4/12/20","1","0","27063","0"
"Kandiyohi","0","2","Minnesota","4/12/20","2","0","27067","0"
"Koochiching","0","1","Minnesota","4/12/20","1","0","27071","0"
"Lac qui Parle","0","1","Minnesota","4/12/20","1","0","27073","0"
"Le Sueur","0","21","Minnesota","4/12/20","20","1","27079","5"
"Lincoln","0","2","Minnesota","4/12/20","1","1","27081","100"
"Lyon","0","5","Minnesota","4/12/20","3","2","27083","66.67"
"Mahnomen","0","1","Minnesota","4/12/20","1","0","27087","0"
"Martin","1","38","Minnesota","4/12/20","32","6","27091","18.75"
"McLeod","0","2","Minnesota","4/12/20","1","1","27085","100"
"Meeker","0","2","Minnesota","4/12/20","1","1","27093","100"
"Mower","1","25","Minnesota","4/12/20","17","8","27099","47.06"
"Murray","0","1","Minnesota","4/12/20","0","1","27101","1"
"Nicollet","0","6","Minnesota","4/12/20","4","2","27103","50"
"Nobles","0","1","Minnesota","4/12/20","0","1","27105","1"
"Olmsted","7","143","Minnesota","4/12/20","95","48","27109","50.53"
"Otter Tail","0","4","Minnesota","4/12/20","1","3","27111","300"
"Pine","1","5","Minnesota","4/12/20","0","5","27115","1"
"Pipestone","0","1","Minnesota","4/12/20","1","0","27117","0"
"Polk","0","1","Minnesota","4/12/20","1","0","27119","0"
"Ramsey","9","152","Minnesota","4/12/20","91","61","27123","67.03"
"Red Lake","0","1","Minnesota","4/12/20","0","1","27125","1"
"Redwood","0","1","Minnesota","4/12/20","0","1","27127","1"
"Renville","0","3","Minnesota","4/12/20","2","1","27129","50"
"Rice","0","4","Minnesota","4/12/20","4","0","27131","0"
"Rock","0","2","Minnesota","4/12/20","0","2","27133","1"
"Roseau","0","1","Minnesota","4/12/20","0","1","27135","1"
"Scott","1","20","Minnesota","4/12/20","13","7","27139","53.85"
"Sherburne","0","9","Minnesota","4/12/20","10","-1","27141","-10"
"Sibley","0","1","Minnesota","4/12/20","1","0","27143","0"
"St. Louis","3","38","Minnesota","4/12/20","15","23","27137","153.33"
"Stearns","0","7","Minnesota","4/12/20","6","1","27145","16.67"
"Steele","0","9","Minnesota","4/12/20","8","1","27147","12.5"
"Swift","0","1","Minnesota","4/12/20","0","1","27151","1"
"Todd","0","2","Minnesota","4/12/20","0","2","27153","1"
"Traverse","0","2","Minnesota","4/12/20","2","0","27155","0"
"Wabasha","0","6","Minnesota","4/12/20","6","0","27157","0"
"Waseca","0","3","Minnesota","4/12/20","3","0","27161","0"
"Washington","3","80","Minnesota","4/12/20","62","18","27163","29.03"
"Watonwan","0","4","Minnesota","4/12/20","4","0","27165","0"
"Wilkin","1","7","Minnesota","4/12/20","2","5","27167","250"
"Winona","2","30","Minnesota","4/12/20","14","16","27169","114.29"
"Wright","1","17","Minnesota","4/12/20","9","8","27171","88.89"
"Yellow Medicine","0","3","Minnesota","4/12/20","1","2","27173","200"
"Adams","5","51","Mississippi","4/12/20","19","32","28001","168.42"
"Alcorn","0","7","Mississippi","4/12/20","6","1","28003","16.67"
"Amite","1","12","Mississippi","4/12/20","6","6","28005","100"
"Attala","1","20","Mississippi","4/12/20","15","5","28007","33.33"
"Benton","0","5","Mississippi","4/12/20","5","0","28009","0"
"Bolivar","3","68","Mississippi","4/12/20","45","23","28011","51.11"
"Calhoun","2","18","Mississippi","4/12/20","4","14","28013","350"
"Carroll","0","7","Mississippi","4/12/20","5","2","28015","40"
"Chickasaw","1","24","Mississippi","4/12/20","15","9","28017","60"
"Choctaw","0","10","Mississippi","4/12/20","8","2","28019","25"
"Claiborne","1","6","Mississippi","4/12/20","1","5","28021","500"
"Clarke","1","13","Mississippi","4/12/20","5","8","28023","160"
"Clay","2","18","Mississippi","4/12/20","7","11","28025","157.14"
"Coahoma","1","38","Mississippi","4/12/20","28","10","28027","35.71"
"Copiah","2","31","Mississippi","4/12/20","16","15","28029","93.75"
"Covington","1","14","Mississippi","4/12/20","6","8","28031","133.33"
"DeSoto","6","171","Mississippi","4/12/20","132","39","28033","29.55"
"Forrest","8","95","Mississippi","4/12/20","42","53","28035","126.19"
"Franklin","1","10","Mississippi","4/12/20","5","5","28037","100"
"George","0","7","Mississippi","4/12/20","5","2","28039","40"
"Greene","0","2","Mississippi","4/12/20","0","2","28041","1"
"Grenada","0","10","Mississippi","4/12/20","7","3","28043","42.86"
"Hancock","1","40","Mississippi","4/12/20","31","9","28045","29.03"
"Harrison","5","110","Mississippi","4/12/20","73","37","28047","50.68"
"Hinds","13","247","Mississippi","4/12/20","154","93","28049","60.39"
"Holmes","3","44","Mississippi","4/12/20","21","23","28051","109.52"
"Humphreys","1","9","Mississippi","4/12/20","4","5","28053","125"
"Itawamba","1","9","Mississippi","4/12/20","3","6","28057","200"
"Jackson","8","140","Mississippi","4/12/20","86","54","28059","62.79"
"Jasper","2","14","Mississippi","4/12/20","3","11","28061","366.67"
"Jefferson","0","4","Mississippi","4/12/20","3","1","28063","33.33"
"Jefferson Davis","1","5","Mississippi","4/12/20","0","5","28065","1"
"Jones","3","33","Mississippi","4/12/20","11","22","28067","200"
"Kemper","1","14","Mississippi","4/12/20","5","9","28069","180"
"Lafayette","1","29","Mississippi","4/12/20","22","7","28071","31.82"
"Lamar","3","32","Mississippi","4/12/20","13","19","28073","146.15"
"Lauderdale","10","135","Mississippi","4/12/20","65","70","28075","107.69"
"Lawrence","0","6","Mississippi","4/12/20","4","2","28077","50"
"Leake","2","27","Mississippi","4/12/20","10","17","28079","170"
"Lee","2","43","Mississippi","4/12/20","30","13","28081","43.33"
"Leflore","3","45","Mississippi","4/12/20","22","23","28083","104.55"
"Lincoln","4","46","Mississippi","4/12/20","16","30","28085","187.5"
"Lowndes","1","24","Mississippi","4/12/20","15","9","28087","60"
"Madison","4","103","Mississippi","4/12/20","72","31","28089","43.06"
"Marion","2","21","Mississippi","4/12/20","7","14","28091","200"
"Marshall","2","33","Mississippi","4/12/20","20","13","28093","65"
"Monroe","3","36","Mississippi","4/12/20","13","23","28095","176.92"
"Montgomery","0","14","Mississippi","4/12/20","11","3","28097","27.27"
"Neshoba","3","31","Mississippi","4/12/20","9","22","28099","244.44"
"Newton","0","10","Mississippi","4/12/20","7","3","28101","42.86"
"Noxubee","0","6","Mississippi","4/12/20","5","1","28103","20"
"Oktibbeha","1","37","Mississippi","4/12/20","27","10","28105","37.04"
"Panola","1","22","Mississippi","4/12/20","17","5","28107","29.41"
"Pearl River","5","83","Mississippi","4/12/20","49","34","28109","69.39"
"Perry","1","18","Mississippi","4/12/20","14","4","28111","28.57"
"Pike","4","54","Mississippi","4/12/20","26","28","28113","107.69"
"Pontotoc","0","15","Mississippi","4/12/20","12","3","28115","25"
"Prentiss","1","13","Mississippi","4/12/20","9","4","28117","44.44"
"Quitman","1","12","Mississippi","4/12/20","6","6","28119","100"
"Rankin","4","99","Mississippi","4/12/20","72","27","28121","37.5"
"Scott","4","54","Mississippi","4/12/20","23","31","28123","134.78"
"Sharkey","0","3","Mississippi","4/12/20","3","0","28125","0"
"Simpson","0","7","Mississippi","4/12/20","5","2","28127","40"
"Smith","2","24","Mississippi","4/12/20","10","14","28129","140"
"Stone","1","10","Mississippi","4/12/20","1","9","28131","900"
"Sunflower","2","35","Mississippi","4/12/20","19","16","28133","84.21"
"Tallahatchie","0","3","Mississippi","4/12/20","3","0","28135","0"
"Tate","1","24","Mississippi","4/12/20","15","9","28137","60"
"Tippah","1","43","Mississippi","4/12/20","35","8","28139","22.86"
"Tishomingo","0","2","Mississippi","4/12/20","1","1","28141","100"
"Tunica","1","21","Mississippi","4/12/20","17","4","28143","23.53"
"Union","0","7","Mississippi","4/12/20","6","1","28145","16.67"
"Walthall","1","18","Mississippi","4/12/20","12","6","28147","50"
"Warren","1","14","Mississippi","4/12/20","5","9","28149","180"
"Washington","2","53","Mississippi","4/12/20","36","17","28151","47.22"
"Wayne","0","8","Mississippi","4/12/20","5","3","28153","60"
"Webster","0","14","Mississippi","4/12/20","11","3","28155","27.27"
"Wilkinson","2","45","Mississippi","4/12/20","30","15","28157","50"
"Winston","1","19","Mississippi","4/12/20","12","7","28159","58.33"
"Yalobusha","1","14","Mississippi","4/12/20","9","5","28161","55.56"
"Yazoo","5","63","Mississippi","4/12/20","31","32","28163","103.23"
"Adair","0","11","Missouri","4/12/20","10","1","29001","10"
"Andrew","0","1","Missouri","4/12/20","0","1","29003","1"
"Atchison","0","1","Missouri","4/12/20","1","0","29005","0"
"Barry","0","2","Missouri","4/12/20","1","1","29009","100"
"Bates","0","6","Missouri","4/12/20","3","3","29013","100"
"Benton","0","3","Missouri","4/12/20","3","0","29015","0"
"Bollinger","0","3","Missouri","4/12/20","1","2","29017","200"
"Boone","1","80","Missouri","4/12/20","75","5","29019","6.67"
"Buchanan","2","20","Missouri","4/12/20","8","12","29021","150"
"Butler","2","13","Missouri","4/12/20","2","11","29023","550"
"Caldwell","0","1","Missouri","4/12/20","1","0","29025","0"
"Callaway","0","20","Missouri","4/12/20","18","2","29027","11.11"
"Camden","1","26","Missouri","4/12/20","21","5","29029","23.81"
"Cape Girardeau","2","28","Missouri","4/12/20","16","12","29031","75"
"Carter","0","3","Missouri","4/12/20","4","-1","29035","-25"
"Cass","2","37","Missouri","4/12/20","22","15","29037","68.18"
"Cedar","0","5","Missouri","4/12/20","5","0","29039","0"
"Chariton","0","4","Missouri","4/12/20","4","0","29041","0"
"Christian","0","17","Missouri","4/12/20","16","1","29043","6.25"
"Clark","0","1","Missouri","4/12/20","1","0","29045","0"
"Clay","2","48","Missouri","4/12/20","32","16","29047","50"
"Clinton","1","11","Missouri","4/12/20","7","4","29049","57.14"
"Cole","1","36","Missouri","4/12/20","28","8","29051","28.57"
"Cooper","0","4","Missouri","4/12/20","2","2","29053","100"
"Crawford","0","4","Missouri","4/12/20","2","2","29055","100"
"Dallas","0","2","Missouri","4/12/20","0","2","29059","1"
"DeKalb","0","3","Missouri","4/12/20","1","2","29063","200"
"Dunklin","1","14","Missouri","4/12/20","7","7","29069","100"
"Franklin","8","83","Missouri","4/12/20","24","59","29071","245.83"
"Gasconade","0","2","Missouri","4/12/20","2","0","29073","0"
"Gentry","0","1","Missouri","4/12/20","1","0","29075","0"
"Greene","2","79","Missouri","4/12/20","64","15","29077","23.44"
"Harrison","1","6","Missouri","4/12/20","2","4","29081","200"
"Henry","0","4","Missouri","4/12/20","1","3","29083","300"
"Howard","0","1","Missouri","4/12/20","0","1","29089","1"
"Howell","0","4","Missouri","4/12/20","1","3","29091","300"
"Iron","0","1","Missouri","4/12/20","0","1","29093","1"
"Jackson","13","225","Missouri","4/12/20","135","90","29095","66.67"
"Jasper","1","18","Missouri","4/12/20","11","7","29097","63.64"
"Jefferson","8","124","Missouri","4/12/20","69","55","29099","79.71"
"Johnson","1","37","Missouri","4/12/20","29","8","29101","27.59"
"Kansas City","19","308","Missouri","4/12/20","172","136","00000","79.07"
"Lafayette","0","28","Missouri","4/12/20","26","2","29107","7.69"
"Lincoln","1","26","Missouri","4/12/20","16","10","29113","62.5"
"Linn","0","3","Missouri","4/12/20","0","3","29115","1"
"Livingston","0","1","Missouri","4/12/20","1","0","29117","0"
"Macon","0","2","Missouri","4/12/20","3","-1","29121","-33.33"
"Madison","0","1","Missouri","4/12/20","0","1","29123","1"
"Maries","0","2","Missouri","4/12/20","2","0","29125","0"
"McDonald","0","3","Missouri","4/12/20","2","1","29119","50"
"Moniteau","0","4","Missouri","4/12/20","2","2","29135","100"
"Montgomery","0","6","Missouri","4/12/20","4","2","29139","50"
"Morgan","0","1","Missouri","4/12/20","1","0","29141","0"
"New Madrid","1","8","Missouri","4/12/20","1","7","29143","700"
"Newton","0","8","Missouri","4/12/20","6","2","29145","33.33"
"Nodaway","0","2","Missouri","4/12/20","2","0","29147","0"
"Oregon","0","1","Missouri","4/12/20","0","1","29149","1"
"Osage","0","4","Missouri","4/12/20","2","2","29151","100"
"Pemiscot","0","4","Missouri","4/12/20","3","1","29155","33.33"
"Perry","2","35","Missouri","4/12/20","22","13","29157","59.09"
"Pettis","0","3","Missouri","4/12/20","2","1","29159","50"
"Phelps","0","1","Missouri","4/12/20","1","0","29161","0"
"Pike","1","6","Missouri","4/12/20","2","4","29163","200"
"Platte","2","25","Missouri","4/12/20","14","11","29165","78.57"
"Polk","0","1","Missouri","4/12/20","0","1","29167","1"
"Pulaski","0","11","Missouri","4/12/20","10","1","29169","10"
"Ralls","0","1","Missouri","4/12/20","1","0","29173","0"
"Randolph","0","8","Missouri","4/12/20","7","1","29175","14.29"
"Ray","1","7","Missouri","4/12/20","3","4","29177","133.33"
"Reynolds","0","2","Missouri","4/12/20","2","0","29179","0"
"Ripley","0","3","Missouri","4/12/20","2","1","29181","50"
"Saline","3","22","Missouri","4/12/20","2","20","29195","1000"
"Scotland","0","3","Missouri","4/12/20","0","3","29199","1"
"Scott","1","15","Missouri","4/12/20","7","8","29201","114.29"
"Shelby","0","1","Missouri","4/12/20","1","0","29205","0"
"St. Charles","31","366","Missouri","4/12/20","151","215","29183","142.38"
"St. Clair","0","2","Missouri","4/12/20","0","2","29185","1"
"St. Francois","1","23","Missouri","4/12/20","15","8","29187","53.33"
"St. Louis","113","1845","Missouri","4/12/20","1055","790","29189","74.88"
"St. Louis City","49","698","Missouri","4/12/20","358","340","29510","94.97"
"Ste. Genevieve","0","7","Missouri","4/12/20","6","1","29186","16.67"
"Stoddard","0","9","Missouri","4/12/20","7","2","29207","28.57"
"Stone","0","3","Missouri","4/12/20","2","1","29209","50"
"Taney","0","7","Missouri","4/12/20","5","2","29213","40"
"Texas","0","0","Missouri","4/12/20","1","-1","29215","-100"
"Vernon","0","3","Missouri","4/12/20","0","3","29217","1"
"Warren","1","13","Missouri","4/12/20","7","6","29219","85.71"
"Washington","0","1","Missouri","4/12/20","0","1","29221","1"
"Webster","0","4","Missouri","4/12/20","3","1","29225","33.33"
"Worth","0","1","Missouri","4/12/20","0","1","29227","1"
"Wright","0","7","Missouri","4/12/20","6","1","29229","16.67"
"Beaverhead","0","1","Montana","4/12/20","1","0","30001","0"
"Big Horn","0","1","Montana","4/12/20","0","1","30003","1"
"Broadwater","0","4","Montana","4/12/20","4","0","30007","0"
"Carbon","1","6","Montana","4/12/20","1","5","30009","500"
"Cascade","0","13","Montana","4/12/20","11","2","30013","18.18"
"Deer Lodge","0","3","Montana","4/12/20","3","0","30023","0"
"Flathead","1","34","Montana","4/12/20","24","10","30029","41.67"
"Gallatin","4","138","Montana","4/12/20","110","28","30031","25.45"
"Glacier","0","3","Montana","4/12/20","1","2","30035","200"
"Golden Valley","0","1","Montana","4/12/20","0","1","30037","1"
"Hill","0","1","Montana","4/12/20","1","0","30041","0"
"Jefferson","0","2","Montana","4/12/20","2","0","30043","0"
"Lake","0","5","Montana","4/12/20","4","1","30047","25"
"Lewis and Clark","0","16","Montana","4/12/20","14","2","30049","14.29"
"Liberty","0","1","Montana","4/12/20","1","0","30051","0"
"Lincoln","0","7","Montana","4/12/20","6","1","30053","16.67"
"Madison","0","8","Montana","4/12/20","9","-1","30057","-11.11"
"Meagher","0","1","Montana","4/12/20","1","0","30059","0"
"Missoula","2","30","Montana","4/12/20","19","11","30063","57.89"
"Musselshell","0","1","Montana","4/12/20","1","0","30065","0"
"Park","0","7","Montana","4/12/20","6","1","30067","16.67"
"Ravalli","0","3","Montana","4/12/20","2","1","30081","50"
"Richland","0","3","Montana","4/12/20","0","3","30083","1"
"Roosevelt","0","3","Montana","4/12/20","1","2","30085","200"
"Silver Bow","0","11","Montana","4/12/20","11","0","30093","0"
"Stillwater","0","1","Montana","4/12/20","0","1","30095","1"
"Toole","1","25","Montana","4/12/20","15","10","30101","66.67"
"Yellowstone","3","58","Montana","4/12/20","38","20","30111","52.63"
"Adams","6","54","Nebraska","4/12/20","11","43","31001","390.91"
"Antelope","0","1","Nebraska","4/12/20","1","0","31003","0"
"Box Butte","0","1","Nebraska","4/12/20","0","1","31013","1"
"Buffalo","3","35","Nebraska","4/12/20","17","18","31019","105.88"
"Burt","0","1","Nebraska","4/12/20","0","1","31021","1"
"Cass","0","3","Nebraska","4/12/20","2","1","31025","50"
"Cherry","0","1","Nebraska","4/12/20","1","0","31031","0"
"Cheyenne","0","3","Nebraska","4/12/20","0","3","31033","1"
"Clay","0","2","Nebraska","4/12/20","0","2","31035","1"
"Colfax","0","4","Nebraska","4/12/20","2","2","31037","100"
"Cuming","0","2","Nebraska","4/12/20","2","0","31039","0"
"Custer","2","13","Nebraska","4/12/20","0","13","31041","1"
"Dawson","2","12","Nebraska","4/12/20","1","11","31047","1100"
"Dodge","0","9","Nebraska","4/12/20","7","2","31053","28.57"
"Douglas","14","239","Nebraska","4/12/20","144","95","31055","65.97"
"Franklin","0","2","Nebraska","4/12/20","0","2","31061","1"
"Gage","2","25","Nebraska","4/12/20","9","16","31067","177.78"
"Gosper","0","1","Nebraska","4/12/20","1","0","31073","0"
"Hall","16","159","Nebraska","4/12/20","44","115","31079","261.36"
"Hamilton","1","11","Nebraska","4/12/20","6","5","31081","83.33"
"Johnson","0","1","Nebraska","4/12/20","1","0","31097","0"
"Kearney","0","3","Nebraska","4/12/20","2","1","31099","50"
"Kimball","1","9","Nebraska","4/12/20","5","4","31105","80"
"Knox","0","2","Nebraska","4/12/20","2","0","31107","0"
"Lancaster","5","52","Nebraska","4/12/20","18","34","31109","188.89"
"Lincoln","0","17","Nebraska","4/12/20","15","2","31111","13.33"
"Madison","0","6","Nebraska","4/12/20","5","1","31119","20"
"Merrick","0","2","Nebraska","4/12/20","2","0","31121","0"
"Nemaha","0","1","Nebraska","4/12/20","1","0","31127","0"
"Otoe","0","1","Nebraska","4/12/20","1","0","31131","0"
"Phelps","0","1","Nebraska","4/12/20","1","0","31137","0"
"Pierce","0","1","Nebraska","4/12/20","0","1","31139","1"
"Platte","0","6","Nebraska","4/12/20","5","1","31141","20"
"Polk","0","1","Nebraska","4/12/20","0","1","31143","1"
"Sarpy","2","41","Nebraska","4/12/20","28","13","31153","46.43"
"Saunders","0","5","Nebraska","4/12/20","4","1","31155","25"
"Scotts Bluff","2","14","Nebraska","4/12/20","3","11","31157","366.67"
"Seward","0","1","Nebraska","4/12/20","1","0","31159","0"
"Stanton","0","1","Nebraska","4/12/20","0","1","31167","1"
"Washington","0","20","Nebraska","4/12/20","20","0","31177","0"
"Wayne","0","1","Nebraska","4/12/20","0","1","31179","1"
"Webster","0","1","Nebraska","4/12/20","0","1","31181","1"
"York","0","3","Nebraska","4/12/20","1","2","31185","200"
"Carson City","1","16","Nevada","4/12/20","10","6","32510","60"
"Clark","115","2324","Nevada","4/12/20","1519","805","32003","53"
"Douglas","0","10","Nevada","4/12/20","7","3","32005","42.86"
"Elko","0","11","Nevada","4/12/20","8","3","32007","37.5"
"Humboldt","1","18","Nevada","4/12/20","11","7","32013","63.64"
"Lincoln","0","1","Nevada","4/12/20","0","1","32017","1"
"Lyon","1","7","Nevada","4/12/20","3","4","32019","133.33"
"Nye","0","10","Nevada","4/12/20","7","3","32023","42.86"
"Washoe","22","415","Nevada","4/12/20","264","151","32031","57.2"
"White Pine","0","1","Nevada","4/12/20","1","0","32033","0"
"Belknap","1","21","New Hampshire","4/12/20","17","4","33001","23.53"
"Carroll","2","28","New Hampshire","4/12/20","17","11","33003","64.71"
"Cheshire","1","18","New Hampshire","4/12/20","10","8","33005","80"
"Coos","0","2","New Hampshire","4/12/20","1","1","33007","100"
"Grafton","0","43","New Hampshire","4/12/20","41","2","33009","4.88"
"Hillsborough","19","367","New Hampshire","4/12/20","231","136","33011","58.87"
"Merrimack","5","71","New Hampshire","4/12/20","39","32","33013","82.05"
"Rockingham","14","314","New Hampshire","4/12/20","213","101","33015","47.42"
"Strafford","2","58","New Hampshire","4/12/20","43","15","33017","34.88"
"Sullivan","0","6","New Hampshire","4/12/20","5","1","33019","20"
"Atlantic","19","253","New Jersey","4/12/20","121","132","34001","109.09"
"Bergen","514","9784","New Jersey","4/12/20","6187","3597","34003","58.14"
"Burlington","78","1095","New Jersey","4/12/20","547","548","34005","100.18"
"Camden","102","1270","New Jersey","4/12/20","556","714","34007","128.42"
"Cape May","10","145","New Jersey","4/12/20","77","68","34009","88.31"
"Cumberland","16","165","New Jersey","4/12/20","54","111","34011","205.56"
"Essex","475","7410","New Jersey","4/12/20","4082","3328","34013","81.53"
"Gloucester","41","532","New Jersey","4/12/20","248","284","34015","114.52"
"Hudson","506","7469","New Jersey","4/12/20","3924","3545","34017","90.34"
"Hunterdon","18","314","New Jersey","4/12/20","189","125","34019","66.14"
"Mercer","130","1567","New Jersey","4/12/20","654","913","34021","139.6"
"Middlesex","392","5693","New Jersey","4/12/20","2950","2743","34023","92.98"
"Monmouth","204","3785","New Jersey","4/12/20","2354","1431","34025","60.79"
"Morris","186","3099","New Jersey","4/12/20","1800","1299","34027","72.17"
"Ocean","197","3554","New Jersey","4/12/20","2177","1377","34029","63.25"
"Passaic","338","5590","New Jersey","4/12/20","3227","2363","34031","73.23"
"Salem","5","61","New Jersey","4/12/20","26","35","34033","134.62"
"Somerset","128","1732","New Jersey","4/12/20","833","899","34035","107.92"
"Sussex","31","483","New Jersey","4/12/20","267","216","34037","80.9"
"Union","423","6180","New Jersey","4/12/20","3216","2964","34039","92.16"
"Warren","29","395","New Jersey","4/12/20","195","200","34041","102.56"
"Bernalillo","28","440","New Mexico","4/12/20","246","194","35001","78.86"
"Catron","0","1","New Mexico","4/12/20","1","0","35003","0"
"Chaves","1","19","New Mexico","4/12/20","13","6","35005","46.15"
"Cibola","2","25","New Mexico","4/12/20","14","11","35006","78.57"
"Colfax","0","1","New Mexico","4/12/20","0","1","35007","1"
"Curry","1","10","New Mexico","4/12/20","6","4","35009","66.67"
"Dona Ana","3","49","New Mexico","4/12/20","29","20","35013","68.97"
"Eddy","0","7","New Mexico","4/12/20","4","3","35015","75"
"Grant","1","9","New Mexico","4/12/20","1","8","35017","800"
"Lea","0","2","New Mexico","4/12/20","2","0","35025","0"
"Lincoln","0","1","New Mexico","4/12/20","1","0","35027","0"
"Los Alamos","0","5","New Mexico","4/12/20","2","3","35028","150"
"Luna","0","2","New Mexico","4/12/20","0","2","35029","1"
"McKinley","15","144","New Mexico","4/12/20","40","104","35031","260"
"Otero","0","4","New Mexico","4/12/20","3","1","35035","33.33"
"Quay","0","1","New Mexico","4/12/20","0","1","35037","1"
"Rio Arriba","0","7","New Mexico","4/12/20","6","1","35039","16.67"
"Roosevelt","0","1","New Mexico","4/12/20","1","0","35041","0"
"San Juan","13","151","New Mexico","4/12/20","58","93","35045","160.34"
"San Miguel","0","1","New Mexico","4/12/20","1","0","35047","0"
"Sandoval","19","235","New Mexico","4/12/20","103","132","35043","128.16"
"Santa Fe","2","75","New Mexico","4/12/20","62","13","35049","20.97"
"Socorro","1","12","New Mexico","4/12/20","5","7","35053","140"
"Taos","0","15","New Mexico","4/12/20","13","2","35055","15.38"
"Torrance","1","10","New Mexico","4/12/20","6","4","35057","66.67"
"Valencia","2","18","New Mexico","4/12/20","7","11","35061","157.14"
"Albany","25","478","New York","4/12/20","305","173","36001","56.72"
"Allegany","1","26","New York","4/12/20","16","10","36003","62.5"
"Broome","8","126","New York","4/12/20","71","55","36007","77.46"
"Cattaraugus","3","28","New York","4/12/20","10","18","36009","180"
"Cayuga","3","31","New York","4/12/20","8","23","36011","287.5"
"Chautauqua","1","23","New York","4/12/20","18","5","36013","27.78"
"Chemung","3","60","New York","4/12/20","38","22","36015","57.89"
"Chenango","3","63","New York","4/12/20","43","20","36017","46.51"
"Clinton","1","43","New York","4/12/20","33","10","36019","30.3"
"Columbia","3","87","New York","4/12/20","69","18","36021","26.09"
"Cortland","1","21","New York","4/12/20","14","7","36023","50"
"Delaware","2","39","New York","4/12/20","27","12","36025","44.44"
"Dutchess","109","1838","New York","4/12/20","1077","761","36027","70.66"
"Erie","73","1571","New York","4/12/20","1059","512","36029","48.35"
"Essex","0","12","New York","4/12/20","9","3","36031","33.33"
"Franklin","0","12","New York","4/12/20","10","2","36033","20"
"Fulton","2","21","New York","4/12/20","9","12","36035","133.33"
"Genesee","7","70","New York","4/12/20","22","48","36037","218.18"
"Greene","3","44","New York","4/12/20","24","20","36039","83.33"
"Hamilton","0","3","New York","4/12/20","2","1","36041","50"
"Herkimer","2","37","New York","4/12/20","22","15","36043","68.18"
"Jefferson","3","46","New York","4/12/20","26","20","36045","76.92"
"Lewis","0","6","New York","4/12/20","3","3","36049","100"
"Livingston","1","34","New York","4/12/20","24","10","36051","41.67"
"Madison","2","105","New York","4/12/20","89","16","36053","17.98"
"Monroe","36","798","New York","4/12/20","548","250","36055","45.62"
"Montgomery","2","29","New York","4/12/20","15","14","36057","93.33"
"Nassau","1308","23553","New York","4/12/20","14398","9155","36059","63.59"
"New York","5094","103208","New York","4/12/20","67551","35657","36061","52.79"
"Niagara","11","194","New York","4/12/20","116","78","36063","67.24"
"Oneida","14","195","New York","4/12/20","95","100","36065","105.26"
"Onondaga","19","494","New York","4/12/20","364","130","36067","35.71"
"Ontario","4","57","New York","4/12/20","32","25","36069","78.12"
"Orange","263","5027","New York","4/12/20","3187","1840","36071","57.73"
"Orleans","2","25","New York","4/12/20","11","14","36073","127.27"
"Oswego","1","42","New York","4/12/20","32","10","36075","31.25"
"Otsego","2","43","New York","4/12/20","29","14","36077","48.28"
"Putnam","28","507","New York","4/12/20","314","193","36079","61.46"
"Rensselaer","4","102","New York","4/12/20","74","28","36083","37.84"
"Rockland","342","7721","New York","4/12/20","5326","2395","36087","44.97"
"Saratoga","7","196","New York","4/12/20","150","46","36091","30.67"
"Schenectady","10","199","New York","4/12/20","128","71","36093","55.47"
"Schoharie","0","12","New York","4/12/20","11","1","36095","9.09"
"Schuyler","0","5","New York","4/12/20","4","1","36097","25"
"Seneca","1","16","New York","4/12/20","9","7","36099","77.78"
"St. Lawrence","4","88","New York","4/12/20","61","27","36089","44.26"
"Steuben","11","147","New York","4/12/20","73","74","36101","101.37"
"Suffolk","1115","20934","New York","4/12/20","13129","7805","36103","59.45"
"Sullivan","24","358","New York","4/12/20","193","165","36105","85.49"
"Tioga","2","23","New York","4/12/20","8","15","36107","187.5"
"Tompkins","3","113","New York","4/12/20","95","18","36109","18.95"
"Ulster","42","655","New York","4/12/20","358","297","36111","82.96"
"Warren","3","46","New York","4/12/20","25","21","36113","84"
"Washington","2","34","New York","4/12/20","18","16","36115","88.89"
"Wayne","1","42","New York","4/12/20","32","10","36117","31.25"
"Westchester","799","19313","New York","4/12/20","13723","5590","36119","40.73"
"Wyoming","1","31","New York","4/12/20","22","9","36121","40.91"
"Yates","0","2","New York","4/12/20","1","1","36123","100"
"Alamance","2","36","North Carolina","4/12/20","19","17","37001","89.47"
"Alexander","0","2","North Carolina","4/12/20","2","0","37003","0"
"Alleghany","0","2","North Carolina","4/12/20","2","0","37005","0"
"Anson","1","10","North Carolina","4/12/20","5","5","37007","100"
"Ashe","0","4","North Carolina","4/12/20","1","3","37009","300"
"Beaufort","1","13","North Carolina","4/12/20","9","4","37013","44.44"
"Bertie","1","12","North Carolina","4/12/20","7","5","37015","71.43"
"Bladen","0","1","North Carolina","4/12/20","1","0","37017","0"
"Brunswick","1","34","North Carolina","4/12/20","24","10","37019","41.67"
"Buncombe","1","37","North Carolina","4/12/20","31","6","37021","19.35"
"Burke","6","61","North Carolina","4/12/20","18","43","37023","238.89"
"Cabarrus","7","117","North Carolina","4/12/20","69","48","37025","69.57"
"Caldwell","1","17","North Carolina","4/12/20","11","6","37027","54.55"
"Carteret","1","21","North Carolina","4/12/20","16","5","37031","31.25"
"Caswell","0","3","North Carolina","4/12/20","2","1","37033","50"
"Catawba","1","33","North Carolina","4/12/20","24","9","37035","37.5"
"Chatham","6","63","North Carolina","4/12/20","21","42","37037","200"
"Cherokee","0","11","North Carolina","4/12/20","11","0","37039","0"
"Chowan","0","3","North Carolina","4/12/20","1","2","37041","200"
"Clay","0","4","North Carolina","4/12/20","3","1","37043","33.33"
"Cleveland","3","38","North Carolina","4/12/20","16","22","37045","137.5"
"Columbus","3","31","North Carolina","4/12/20","8","23","37047","287.5"
"Craven","1","25","North Carolina","4/12/20","15","10","37049","66.67"
"Cumberland","6","84","North Carolina","4/12/20","45","39","37051","86.67"
"Currituck","0","3","North Carolina","4/12/20","2","1","37053","50"
"Dare","1","13","North Carolina","4/12/20","6","7","37055","116.67"
"Davidson","4","85","North Carolina","4/12/20","57","28","37057","49.12"
"Davie","1","22","North Carolina","4/12/20","16","6","37059","37.5"
"Duplin","1","15","North Carolina","4/12/20","5","10","37061","200"
"Durham","13","278","North Carolina","4/12/20","186","92","37063","49.46"
"Edgecombe","3","23","North Carolina","4/12/20","5","18","37065","360"
"Forsyth","4","115","North Carolina","4/12/20","89","26","37067","29.21"
"Franklin","7","64","North Carolina","4/12/20","14","50","37069","357.14"
"Gaston","5","81","North Carolina","4/12/20","47","34","37071","72.34"
"Gates","0","4","North Carolina","4/12/20","1","3","37073","300"
"Granville","7","89","North Carolina","4/12/20","37","52","37077","140.54"
"Greene","1","10","North Carolina","4/12/20","6","4","37079","66.67"
"Guilford","6","135","North Carolina","4/12/20","96","39","37081","40.62"
"Halifax","2","21","North Carolina","4/12/20","10","11","37083","110"
"Harnett","2","41","North Carolina","4/12/20","25","16","37085","64"
"Haywood","0","3","North Carolina","4/12/20","3","0","37087","0"
"Henderson","4","76","North Carolina","4/12/20","50","26","37089","52"
"Hertford","0","5","North Carolina","4/12/20","4","1","37091","25"
"Hoke","1","18","North Carolina","4/12/20","10","8","37093","80"
"Iredell","4","71","North Carolina","4/12/20","44","27","37097","61.36"
"Jackson","0","2","North Carolina","4/12/20","2","0","37099","0"
"Johnston","9","97","North Carolina","4/12/20","33","64","37101","193.94"
"Jones","1","7","North Carolina","4/12/20","0","7","37103","1"
"Lee","2","15","North Carolina","4/12/20","3","12","37105","400"
"Lenoir","1","14","North Carolina","4/12/20","7","7","37107","100"
"Lincoln","1","15","North Carolina","4/12/20","9","6","37109","66.67"
"Macon","0","2","North Carolina","4/12/20","1","1","37113","100"
"Martin","0","6","North Carolina","4/12/20","3","3","37117","100"
"McDowell","1","16","North Carolina","4/12/20","9","7","37111","77.78"
"Mecklenburg","41","954","North Carolina","4/12/20","664","290","37119","43.67"
"Mitchell","0","4","North Carolina","4/12/20","2","2","37121","100"
"Montgomery","0","13","North Carolina","4/12/20","10","3","37123","30"
"Moore","10","84","North Carolina","4/12/20","14","70","37125","500"
"Nash","2","33","North Carolina","4/12/20","21","12","37127","57.14"
"New Hanover","2","59","North Carolina","4/12/20","47","12","37129","25.53"
"Northampton","3","61","North Carolina","4/12/20","42","19","37131","45.24"
"Onslow","2","34","North Carolina","4/12/20","17","17","37133","100"
"Orange","14","150","North Carolina","4/12/20","52","98","37135","188.46"
"Pamlico","0","6","North Carolina","4/12/20","3","3","37137","100"
"Pasquotank","1","15","North Carolina","4/12/20","8","7","37139","87.5"
"Pender","1","5","North Carolina","4/12/20","1","4","37141","400"
"Perquimans","0","4","North Carolina","4/12/20","2","2","37143","100"
"Person","1","8","North Carolina","4/12/20","4","4","37145","100"
"Pitt","4","63","North Carolina","4/12/20","36","27","37147","75"
"Polk","0","9","North Carolina","4/12/20","6","3","37149","50"
"Randolph","3","51","North Carolina","4/12/20","29","22","37151","75.86"
"Richmond","1","10","North Carolina","4/12/20","0","10","37153","1"
"Robeson","0","8","North Carolina","4/12/20","5","3","37155","60"
"Rockingham","1","14","North Carolina","4/12/20","6","8","37157","133.33"
"Rowan","9","111","North Carolina","4/12/20","46","65","37159","141.3"
"Rutherford","3","37","North Carolina","4/12/20","15","22","37161","146.67"
"Sampson","1","11","North Carolina","4/12/20","2","9","37163","450"
"Scotland","1","9","North Carolina","4/12/20","2","7","37165","350"
"Stanly","1","16","North Carolina","4/12/20","7","9","37167","128.57"
"Stokes","1","10","North Carolina","4/12/20","6","4","37169","66.67"
"Surry","1","10","North Carolina","4/12/20","3","7","37171","233.33"
"Swain","0","0","North Carolina","4/12/20","1","-1","37173","-100"
"Transylvania","0","6","North Carolina","4/12/20","5","1","37175","20"
"Union","5","101","North Carolina","4/12/20","67","34","37179","50.75"
"Vance","1","19","North Carolina","4/12/20","12","7","37181","58.33"
"Wake","24","470","North Carolina","4/12/20","304","166","37183","54.61"
"Warren","0","3","North Carolina","4/12/20","2","1","37185","50"
"Washington","2","15","North Carolina","4/12/20","3","12","37187","400"
"Watauga","0","8","North Carolina","4/12/20","8","0","37189","0"
"Wayne","8","69","North Carolina","4/12/20","15","54","37191","360"
"Wilkes","0","4","North Carolina","4/12/20","4","0","37193","0"
"Wilson","5","64","North Carolina","4/12/20","28","36","37195","128.57"
"Yadkin","1","14","North Carolina","4/12/20","9","5","37197","55.56"
"Barnes","0","2","North Dakota","4/12/20","2","0","38003","0"
"Bowman","0","1","North Dakota","4/12/20","0","1","38011","1"
"Burke","0","2","North Dakota","4/12/20","2","0","38013","0"
"Burleigh","2","50","North Dakota","4/12/20","37","13","38015","35.14"
"Cass","8","107","North Dakota","4/12/20","54","53","38017","98.15"
"Divide","0","1","North Dakota","4/12/20","1","0","38023","0"
"Dunn","0","2","North Dakota","4/12/20","1","1","38025","100"
"Eddy","0","1","North Dakota","4/12/20","1","0","38027","0"
"Emmons","0","1","North Dakota","4/12/20","1","0","38029","0"
"Foster","0","1","North Dakota","4/12/20","1","0","38031","0"
"Grand Forks","0","11","North Dakota","4/12/20","11","0","38035","0"
"Grant","0","1","North Dakota","4/12/20","1","0","38037","0"
"McHenry","0","1","North Dakota","4/12/20","1","0","38049","0"
"McIntosh","0","1","North Dakota","4/12/20","1","0","38051","0"
"McKenzie","0","6","North Dakota","4/12/20","3","3","38053","100"
"McLean","0","2","North Dakota","4/12/20","2","0","38055","0"
"Morton","0","19","North Dakota","4/12/20","16","3","38059","18.75"
"Mountrail","0","21","North Dakota","4/12/20","19","2","38061","10.53"
"Oliver","0","1","North Dakota","4/12/20","1","0","38065","0"
"Pierce","0","2","North Dakota","4/12/20","2","0","38069","0"
"Ramsey","0","3","North Dakota","4/12/20","3","0","38071","0"
"Richland","0","2","North Dakota","4/12/20","0","2","38077","1"
"Rolette","0","1","North Dakota","4/12/20","0","1","38079","1"
"Sargent","0","1","North Dakota","4/12/20","0","1","38081","1"
"Sioux","0","1","North Dakota","4/12/20","1","0","38085","0"
"Slope","0","3","North Dakota","4/12/20","1","2","38087","200"
"Stark","1","32","North Dakota","4/12/20","25","7","38089","28"
"Stutsman","0","1","North Dakota","4/12/20","0","1","38093","1"
"Walsh","0","3","North Dakota","4/12/20","1","2","38099","200"
"Ward","1","20","North Dakota","4/12/20","14","6","38101","42.86"
"Williams","0","8","North Dakota","4/12/20","5","3","38105","60"
"","0","11","Northern Mariana Islands","4/12/20","8","3",,"37.5"
"Adams","0","3","Ohio","4/12/20","2","1","39001","50"
"Allen","2","33","Ohio","4/12/20","18","15","39003","83.33"
"Ashland","0","5","Ohio","4/12/20","3","2","39005","66.67"
"Ashtabula","2","26","Ohio","4/12/20","12","14","39007","116.67"
"Athens","0","3","Ohio","4/12/20","3","0","39009","0"
"Auglaize","1","14","Ohio","4/12/20","6","8","39011","133.33"
"Belmont","4","50","Ohio","4/12/20","20","30","39013","150"
"Brown","0","6","Ohio","4/12/20","3","3","39015","100"
"Butler","7","117","Ohio","4/12/20","68","49","39017","72.06"
"Carroll","1","13","Ohio","4/12/20","8","5","39019","62.5"
"Champaign","0","6","Ohio","4/12/20","5","1","39021","20"
"Clark","2","20","Ohio","4/12/20","8","12","39023","150"
"Clermont","3","41","Ohio","4/12/20","21","20","39025","95.24"
"Clinton","1","15","Ohio","4/12/20","8","7","39027","87.5"
"Columbiana","9","105","Ohio","4/12/20","42","63","39029","150"
"Coshocton","1","16","Ohio","4/12/20","9","7","39031","77.78"
"Crawford","1","16","Ohio","4/12/20","9","7","39033","77.78"
"Cuyahoga","47","1152","Ohio","4/12/20","826","326","39035","39.47"
"Darke","2","45","Ohio","4/12/20","32","13","39037","40.62"
"Defiance","1","11","Ohio","4/12/20","7","4","39039","57.14"
"Delaware","3","94","Ohio","4/12/20","70","24","39041","34.29"
"Erie","0","10","Ohio","4/12/20","8","2","39043","25"
"Fairfield","5","81","Ohio","4/12/20","46","35","39045","76.09"
"Fayette","1","9","Ohio","4/12/20","2","7","39047","350"
"Franklin","49","943","Ohio","4/12/20","597","346","39049","57.96"
"Fulton","0","7","Ohio","4/12/20","5","2","39051","40"
"Gallia","0","5","Ohio","4/12/20","4","1","39053","25"
"Geauga","3","61","Ohio","4/12/20","38","23","39055","60.53"
"Greene","2","28","Ohio","4/12/20","13","15","39057","115.38"
"Guernsey","1","6","Ohio","4/12/20","1","5","39059","500"
"Hamilton","31","535","Ohio","4/12/20","319","216","39061","67.71"
"Hancock","1","19","Ohio","4/12/20","11","8","39063","72.73"
"Hardin","1","5","Ohio","4/12/20","1","4","39065","400"
"Henry","0","1","Ohio","4/12/20","0","1","39069","1"
"Highland","0","6","Ohio","4/12/20","4","2","39071","50"
"Hocking","0","2","Ohio","4/12/20","0","2","39073","1"
"Holmes","0","3","Ohio","4/12/20","1","2","39075","200"
"Huron","1","14","Ohio","4/12/20","6","8","39077","133.33"
"Jackson","0","2","Ohio","4/12/20","0","2","39079","1"
"Jefferson","1","24","Ohio","4/12/20","14","10","39081","71.43"
"Knox","0","10","Ohio","4/12/20","7","3","39083","42.86"
"Lake","5","114","Ohio","4/12/20","79","35","39085","44.3"
"Lawrence","1","16","Ohio","4/12/20","8","8","39087","100"
"Licking","4","83","Ohio","4/12/20","55","28","39089","50.91"
"Logan","0","7","Ohio","4/12/20","5","2","39091","40"
"Lorain","9","176","Ohio","4/12/20","110","66","39093","60"
"Lucas","29","503","Ohio","4/12/20","302","201","39095","66.56"
"Madison","1","23","Ohio","4/12/20","17","6","39097","35.29"
"Mahoning","22","417","Ohio","4/12/20","261","156","39099","59.77"
"Marion","5","53","Ohio","4/12/20","19","34","39101","178.95"
"Medina","5","110","Ohio","4/12/20","78","32","39103","41.03"
"Meigs","0","1","Ohio","4/12/20","0","1","39105","1"
"Mercer","1","13","Ohio","4/12/20","7","6","39107","85.71"
"Miami","6","117","Ohio","4/12/20","76","41","39109","53.95"
"Monroe","0","2","Ohio","4/12/20","2","0","39111","0"
"Montgomery","16","198","Ohio","4/12/20","84","114","39113","135.71"
"Morgan","0","2","Ohio","4/12/20","0","2","39115","1"
"Morrow","0","8","Ohio","4/12/20","5","3","39117","60"
"Muskingum","1","8","Ohio","4/12/20","4","4","39119","100"
"Noble","0","1","Ohio","4/12/20","0","1","39121","1"
"Ottawa","1","10","Ohio","4/12/20","5","5","39123","100"
"Paulding","1","5","Ohio","4/12/20","0","5","39125","1"
"Perry","1","8","Ohio","4/12/20","3","5","39127","166.67"
"Pickaway","4","58","Ohio","4/12/20","29","29","39129","100"
"Pike","0","1","Ohio","4/12/20","1","0","39131","0"
"Portage","8","137","Ohio","4/12/20","84","53","39133","63.1"
"Preble","1","15","Ohio","4/12/20","5","10","39135","200"
"Richland","3","36","Ohio","4/12/20","17","19","39139","111.76"
"Ross","2","17","Ohio","4/12/20","4","13","39141","325"
"Sandusky","1","11","Ohio","4/12/20","5","6","39143","120"
"Scioto","1","4","Ohio","4/12/20","0","4","39145","1"
"Seneca","0","9","Ohio","4/12/20","6","3","39147","50"
"Shelby","2","27","Ohio","4/12/20","12","15","39149","125"
"Stark","8","154","Ohio","4/12/20","95","59","39151","62.11"
"Summit","10","257","Ohio","4/12/20","184","73","39153","39.67"
"Trumbull","11","168","Ohio","4/12/20","89","79","39155","88.76"
"Tuscarawas","1","27","Ohio","4/12/20","20","7","39157","35"
"Union","0","10","Ohio","4/12/20","8","2","39159","25"
"Van Wert","0","2","Ohio","4/12/20","2","0","39161","0"
"Warren","6","75","Ohio","4/12/20","36","39","39165","108.33"
"Washington","4","39","Ohio","4/12/20","8","31","39167","387.5"
"Wayne","3","50","Ohio","4/12/20","26","24","39169","92.31"
"Williams","0","3","Ohio","4/12/20","1","2","39171","200"
"Wood","4","54","Ohio","4/12/20","29","25","39173","86.21"
"Wyandot","1","11","Ohio","4/12/20","5","6","39175","120"
"Adair","1","27","Oklahoma","4/12/20","18","9","40001","50"
"Atoka","0","1","Oklahoma","4/12/20","1","0","40005","0"
"Beaver","0","1","Oklahoma","4/12/20","0","1","40007","1"
"Beckham","0","1","Oklahoma","4/12/20","1","0","40009","0"
"Bryan","0","3","Oklahoma","4/12/20","3","0","40013","0"
"Caddo","1","9","Oklahoma","4/12/20","4","5","40015","125"
"Canadian","3","56","Oklahoma","4/12/20","33","23","40017","69.7"
"Carter","0","1","Oklahoma","4/12/20","1","0","40019","0"
"Cherokee","1","18","Oklahoma","4/12/20","12","6","40021","50"
"Choctaw","0","2","Oklahoma","4/12/20","2","0","40023","0"
"Cleveland","13","264","Oklahoma","4/12/20","171","93","40027","54.39"
"Comanche","1","49","Oklahoma","4/12/20","39","10","40031","25.64"
"Cotton","0","4","Oklahoma","4/12/20","4","0","40033","0"
"Craig","1","7","Oklahoma","4/12/20","3","4","40035","133.33"
"Creek","2","55","Oklahoma","4/12/20","44","11","40037","25"
"Custer","0","5","Oklahoma","4/12/20","5","0","40039","0"
"Delaware","5","50","Oklahoma","4/12/20","12","38","40041","316.67"
"Dewey","0","1","Oklahoma","4/12/20","0","1","40043","1"
"Garfield","0","6","Oklahoma","4/12/20","5","1","40047","20"
"Garvin","0","10","Oklahoma","4/12/20","9","1","40049","11.11"
"Grady","1","11","Oklahoma","4/12/20","7","4","40051","57.14"
"Grant","0","2","Oklahoma","4/12/20","1","1","40053","100"
"Greer","3","49","Oklahoma","4/12/20","25","24","40055","96"
"Jackson","0","7","Oklahoma","4/12/20","4","3","40065","75"
"Jefferson","0","1","Oklahoma","4/12/20","0","1","40067","1"
"Kay","2","43","Oklahoma","4/12/20","30","13","40071","43.33"
"Kingfisher","0","5","Oklahoma","4/12/20","3","2","40073","66.67"
"Kiowa","0","1","Oklahoma","4/12/20","1","0","40075","0"
"Latimer","0","4","Oklahoma","4/12/20","4","0","40077","0"
"Le Flore","0","3","Oklahoma","4/12/20","1","2","40079","200"
"Lincoln","1","11","Oklahoma","4/12/20","7","4","40081","57.14"
"Logan","0","7","Oklahoma","4/12/20","6","1","40083","16.67"
"Love","0","2","Oklahoma","4/12/20","2","0","40085","0"
"Major","0","1","Oklahoma","4/12/20","1","0","40093","0"
"Marshall","0","1","Oklahoma","4/12/20","0","1","40095","1"
"Mayes","1","14","Oklahoma","4/12/20","9","5","40097","55.56"
"McClain","1","18","Oklahoma","4/12/20","12","6","40087","50"
"McCurtain","0","3","Oklahoma","4/12/20","1","2","40089","200"
"McIntosh","0","1","Oklahoma","4/12/20","1","0","40091","0"
"Muskogee","0","21","Oklahoma","4/12/20","20","1","40101","5"
"Noble","0","6","Oklahoma","4/12/20","6","0","40103","0"
"Nowata","0","10","Oklahoma","4/12/20","9","1","40105","11.11"
"Okfuskee","0","1","Oklahoma","4/12/20","0","1","40107","1"
"Oklahoma","24","435","Oklahoma","4/12/20","265","170","40109","64.15"
"Okmulgee","0","13","Oklahoma","4/12/20","11","2","40111","18.18"
"Osage","3","50","Oklahoma","4/12/20","27","23","40113","85.19"
"Ottawa","1","18","Oklahoma","4/12/20","11","7","40115","63.64"
"Out of OK","0","0","Oklahoma","4/12/20","2","-2","80040","-100"
"Pawnee","1","26","Oklahoma","4/12/20","22","4","40117","18.18"
"Payne","1","28","Oklahoma","4/12/20","20","8","40119","40"
"Pittsburg","0","8","Oklahoma","4/12/20","6","2","40121","33.33"
"Pontotoc","0","9","Oklahoma","4/12/20","7","2","40123","28.57"
"Pottawatomie","2","26","Oklahoma","4/12/20","12","14","40125","116.67"
"Rogers","2","25","Oklahoma","4/12/20","13","12","40131","92.31"
"Seminole","1","7","Oklahoma","4/12/20","2","5","40133","250"
"Sequoyah","1","9","Oklahoma","4/12/20","4","5","40135","125"
"Stephens","1","14","Oklahoma","4/12/20","9","5","40137","55.56"
"Texas","0","3","Oklahoma","4/12/20","2","1","40139","50"
"Tillman","0","1","Oklahoma","4/12/20","1","0","40141","0"
"Tulsa","13","332","Oklahoma","4/12/20","240","92","40143","38.33"
"Wagoner","3","69","Oklahoma","4/12/20","47","22","40145","46.81"
"Washington","10","104","Oklahoma","4/12/20","35","69","40147","197.14"
"Woodward","0","1","Oklahoma","4/12/20","1","0","40153","0"
"Benton","1","23","Oregon","4/12/20","19","4","41003","21.05"
"Clackamas","6","125","Oregon","4/12/20","84","41","41005","48.81"
"Clatsop","0","6","Oregon","4/12/20","4","2","41007","50"
"Columbia","1","10","Oregon","4/12/20","6","4","41009","66.67"
"Crook","0","1","Oregon","4/12/20","1","0","41013","0"
"Curry","0","3","Oregon","4/12/20","0","3","41015","1"
"Deschutes","2","54","Oregon","4/12/20","39","15","41017","38.46"
"Douglas","0","14","Oregon","4/12/20","11","3","41019","27.27"
"Grant","0","1","Oregon","4/12/20","1","0","41023","0"
"Hood River","0","4","Oregon","4/12/20","2","2","41027","100"
"Jackson","2","46","Oregon","4/12/20","33","13","41029","39.39"
"Josephine","1","18","Oregon","4/12/20","13","5","41033","38.46"
"Klamath","1","25","Oregon","4/12/20","15","10","41035","66.67"
"Lane","1","37","Oregon","4/12/20","27","10","41039","37.04"
"Lincoln","0","4","Oregon","4/12/20","4","0","41041","0"
"Linn","1","52","Oregon","4/12/20","43","9","41043","20.93"
"Malheur","0","4","Oregon","4/12/20","2","2","41045","100"
"Marion","11","276","Oregon","4/12/20","198","78","41047","39.39"
"Morrow","0","5","Oregon","4/12/20","2","3","41049","150"
"Multnomah","20","374","Oregon","4/12/20","233","141","41051","60.52"
"Polk","1","30","Oregon","4/12/20","24","6","41053","25"
"Sherman","0","1","Oregon","4/12/20","1","0","41055","0"
"Tillamook","0","4","Oregon","4/12/20","3","1","41057","33.33"
"Umatilla","1","16","Oregon","4/12/20","7","9","41059","128.57"
"Union","0","4","Oregon","4/12/20","3","1","41061","33.33"
"Wallowa","0","1","Oregon","4/12/20","1","0","41063","0"
"Wasco","0","10","Oregon","4/12/20","7","3","41065","42.86"
"Washington","13","348","Oregon","4/12/20","259","89","41067","34.36"
"Yamhill","1","30","Oregon","4/12/20","26","4","41071","15.38"
"Adams","4","48","Pennsylvania","4/12/20","22","26","42001","118.18"
"Allegheny","36","857","Pennsylvania","4/12/20","605","252","42003","41.65"
"Armstrong","2","27","Pennsylvania","4/12/20","12","15","42005","125"
"Beaver","9","145","Pennsylvania","4/12/20","84","61","42007","72.62"
"Bedford","0","5","Pennsylvania","4/12/20","4","1","42009","25"
"Berks","108","1035","Pennsylvania","4/12/20","276","759","42011","275"
"Blair","1","10","Pennsylvania","4/12/20","5","5","42013","100"
"Bradford","1","18","Pennsylvania","4/12/20","10","8","42015","80"
"Bucks","84","1170","Pennsylvania","4/12/20","580","590","42017","101.72"
"Butler","7","133","Pennsylvania","4/12/20","87","46","42019","52.87"
"Cambria","1","13","Pennsylvania","4/12/20","7","6","42021","85.71"
"Cameron","0","1","Pennsylvania","4/12/20","1","0","42023","0"
"Carbon","7","102","Pennsylvania","4/12/20","50","52","42025","104"
"Centre","4","70","Pennsylvania","4/12/20","43","27","42027","62.79"
"Chester","42","562","Pennsylvania","4/12/20","269","293","42029","108.92"
"Clarion","1","15","Pennsylvania","4/12/20","5","10","42031","200"
"Clearfield","0","9","Pennsylvania","4/12/20","7","2","42033","28.57"
"Clinton","1","8","Pennsylvania","4/12/20","1","7","42035","700"
"Columbia","12","106","Pennsylvania","4/12/20","22","84","42037","381.82"
"Crawford","1","15","Pennsylvania","4/12/20","7","8","42039","114.29"
"Cumberland","7","110","Pennsylvania","4/12/20","58","52","42041","89.66"
"Dauphin","16","229","Pennsylvania","4/12/20","118","111","42043","94.07"
"Delaware","127","1594","Pennsylvania","4/12/20","708","886","42045","125.14"
"Elk","0","2","Pennsylvania","4/12/20","0","2","42047","1"
"Erie","3","39","Pennsylvania","4/12/20","19","20","42049","105.26"
"Fayette","4","54","Pennsylvania","4/12/20","27","27","42051","100"
"Forest","0","5","Pennsylvania","4/12/20","3","2","42053","66.67"
"Franklin","5","64","Pennsylvania","4/12/20","30","34","42055","113.33"
"Fulton","0","1","Pennsylvania","4/12/20","1","0","42057","0"
"Greene","2","23","Pennsylvania","4/12/20","12","11","42059","91.67"
"Huntingdon","1","10","Pennsylvania","4/12/20","4","6","42061","150"
"Indiana","4","40","Pennsylvania","4/12/20","13","27","42063","207.69"
"Jefferson","0","2","Pennsylvania","4/12/20","0","2","42065","1"
"Juniata","4","38","Pennsylvania","4/12/20","7","31","42067","442.86"
"Lackawanna","36","427","Pennsylvania","4/12/20","172","255","42069","148.26"
"Lancaster","57","772","Pennsylvania","4/12/20","371","401","42071","108.09"
"Lawrence","4","49","Pennsylvania","4/12/20","23","26","42073","113.04"
"Lebanon","23","270","Pennsylvania","4/12/20","106","164","42075","154.72"
"Lehigh","115","1684","Pennsylvania","4/12/20","877","807","42077","92.02"
"Luzerne","96","1411","Pennsylvania","4/12/20","741","670","42079","90.42"
"Lycoming","2","23","Pennsylvania","4/12/20","9","14","42081","155.56"
"McKean","0","2","Pennsylvania","4/12/20","1","1","42083","100"
"Mercer","3","40","Pennsylvania","4/12/20","18","22","42085","122.22"
"Mifflin","0","12","Pennsylvania","4/12/20","9","3","42087","33.33"
"Monroe","38","795","Pennsylvania","4/12/20","528","267","42089","50.57"
"Montgomery","150","2164","Pennsylvania","4/12/20","1111","1053","42091","94.78"
"Montour","0","37","Pennsylvania","4/12/20","37","0","42093","0"
"Northampton","64","1082","Pennsylvania","4/12/20","636","446","42095","70.13"
"Northumberland","3","37","Pennsylvania","4/12/20","14","23","42097","164.29"
"Perry","2","16","Pennsylvania","4/12/20","5","11","42099","220"
"Philadelphia","457","6386","Pennsylvania","4/12/20","3189","3197","42101","100.25"
"Pike","14","212","Pennsylvania","4/12/20","114","98","42103","85.96"
"Potter","0","4","Pennsylvania","4/12/20","3","1","42105","33.33"
"Schuylkill","14","188","Pennsylvania","4/12/20","90","98","42107","108.89"
"Snyder","2","20","Pennsylvania","4/12/20","8","12","42109","150"
"Somerset","1","12","Pennsylvania","4/12/20","4","8","42111","200"
"Sullivan","0","1","Pennsylvania","4/12/20","1","0","42113","0"
"Susquehanna","3","25","Pennsylvania","4/12/20","6","19","42115","316.67"
"Tioga","1","13","Pennsylvania","4/12/20","3","10","42117","333.33"
"Union","2","19","Pennsylvania","4/12/20","6","13","42119","216.67"
"Venango","0","6","Pennsylvania","4/12/20","3","3","42121","100"
"Warren","0","1","Pennsylvania","4/12/20","1","0","42123","0"
"Washington","3","68","Pennsylvania","4/12/20","50","18","42125","36"
"Wayne","4","63","Pennsylvania","4/12/20","33","30","42127","90.91"
"Westmoreland","11","223","Pennsylvania","4/12/20","147","76","42129","51.7"
"Wyoming","1","9","Pennsylvania","4/12/20","5","4","42131","80"
"York","19","307","Pennsylvania","4/12/20","171","136","42133","79.53"
"","60","897","Puerto Rico","4/12/20","475","422",,"88.84"
"Bristol","2","39","Rhode Island","4/12/20","24","15","44001","62.5"
"Kent","12","169","Rhode Island","4/12/20","82","87","44003","106.1"
"Newport","5","74","Rhode Island","4/12/20","39","35","44005","89.74"
"Providence","112","1278","Rhode Island","4/12/20","491","787","44007","160.29"
"Washington","13","140","Rhode Island","4/12/20","48","92","44009","191.67"
"Abbeville","0","9","South Carolina","4/12/20","6","3","45001","50"
"Aiken","3","50","South Carolina","4/12/20","27","23","45003","85.19"
"Allendale","0","5","South Carolina","4/12/20","2","3","45005","150"
"Anderson","5","106","South Carolina","4/12/20","69","37","45007","53.62"
"Bamberg","0","7","South Carolina","4/12/20","5","2","45009","40"
"Barnwell","0","5","South Carolina","4/12/20","3","2","45011","66.67"
"Beaufort","5","194","South Carolina","4/12/20","156","38","45013","24.36"
"Berkeley","5","83","South Carolina","4/12/20","46","37","45015","80.43"
"Calhoun","0","6","South Carolina","4/12/20","5","1","45017","20"
"Charleston","9","339","South Carolina","4/12/20","274","65","45019","23.72"
"Cherokee","1","8","South Carolina","4/12/20","2","6","45021","300"
"Chester","1","19","South Carolina","4/12/20","12","7","45023","58.33"
"Chesterfield","1","22","South Carolina","4/12/20","13","9","45025","69.23"
"Clarendon","4","85","South Carolina","4/12/20","54","31","45027","57.41"
"Colleton","1","16","South Carolina","4/12/20","8","8","45029","100"
"Darlington","3","39","South Carolina","4/12/20","19","20","45031","105.26"
"Dillon","1","5","South Carolina","4/12/20","1","4","45033","400"
"Dorchester","4","71","South Carolina","4/12/20","44","27","45035","61.36"
"Edgefield","1","10","South Carolina","4/12/20","6","4","45037","66.67"
"Fairfield","1","21","South Carolina","4/12/20","14","7","45039","50"
"Florence","5","72","South Carolina","4/12/20","36","36","45041","100"
"Georgetown","2","31","South Carolina","4/12/20","18","13","45043","72.22"
"Greenville","22","339","South Carolina","4/12/20","186","153","45045","82.26"
"Greenwood","1","17","South Carolina","4/12/20","10","7","45047","70"
"Hampton","1","7","South Carolina","4/12/20","2","5","45049","250"
"Horry","10","134","South Carolina","4/12/20","64","70","45051","109.38"
"Jasper","0","12","South Carolina","4/12/20","9","3","45053","33.33"
"Kershaw","4","179","South Carolina","4/12/20","148","31","45055","20.95"
"Lancaster","3","65","South Carolina","4/12/20","41","24","45057","58.54"
"Laurens","1","14","South Carolina","4/12/20","6","8","45059","133.33"
"Lee","2","29","South Carolina","4/12/20","17","12","45061","70.59"
"Lexington","14","212","South Carolina","4/12/20","117","95","45063","81.2"
"Marion","1","7","South Carolina","4/12/20","2","5","45067","250"
"Marlboro","2","14","South Carolina","4/12/20","3","11","45069","366.67"
"McCormick","0","3","South Carolina","4/12/20","1","2","45065","200"
"Newberry","1","13","South Carolina","4/12/20","7","6","45071","85.71"
"Oconee","1","14","South Carolina","4/12/20","8","6","45073","75"
"Orangeburg","1","37","South Carolina","4/12/20","27","10","45075","37.04"
"Pickens","1","28","South Carolina","4/12/20","18","10","45077","55.56"
"Richland","28","494","South Carolina","4/12/20","298","196","45079","65.77"
"Saluda","0","6","South Carolina","4/12/20","4","2","45081","50"
"Spartanburg","14","174","South Carolina","4/12/20","75","99","45083","132"
"Sumter","10","148","South Carolina","4/12/20","80","68","45085","85"
"Union","2","22","South Carolina","4/12/20","11","11","45087","100"
"Williamsburg","1","15","South Carolina","4/12/20","10","5","45089","50"
"York","7","134","South Carolina","4/12/20","85","49","45091","57.65"
"Aurora","0","1","South Dakota","4/12/20","1","0","46003","0"
"Beadle","0","21","South Dakota","4/12/20","21","0","46005","0"
"Bon Homme","0","4","South Dakota","4/12/20","1","3","46009","300"
"Brookings","1","8","South Dakota","4/12/20","3","5","46011","166.67"
"Brown","1","14","South Dakota","4/12/20","9","5","46013","55.56"
"Brule","0","1","South Dakota","4/12/20","0","1","46015","1"
"Charles Mix","0","4","South Dakota","4/12/20","2","2","46023","100"
"Clark","0","1","South Dakota","4/12/20","1","0","46025","0"
"Clay","0","6","South Dakota","4/12/20","3","3","46027","100"
"Codington","0","12","South Dakota","4/12/20","10","2","46029","20"
"Corson","0","1","South Dakota","4/12/20","0","1","46031","1"
"Davison","0","3","South Dakota","4/12/20","3","0","46035","0"
"Deuel","0","1","South Dakota","4/12/20","1","0","46039","0"
"Fall River","0","1","South Dakota","4/12/20","1","0","46047","0"
"Faulk","0","1","South Dakota","4/12/20","1","0","46049","0"
"Hamlin","0","1","South Dakota","4/12/20","1","0","46057","0"
"Hughes","0","5","South Dakota","4/12/20","3","2","46065","66.67"
"Hutchinson","0","2","South Dakota","4/12/20","2","0","46067","0"
"Jerauld","0","3","South Dakota","4/12/20","0","3","46073","1"
"Lake","0","2","South Dakota","4/12/20","1","1","46079","100"
"Lawrence","0","9","South Dakota","4/12/20","9","0","46081","0"
"Lincoln","3","46","South Dakota","4/12/20","23","23","46083","100"
"Lyman","0","2","South Dakota","4/12/20","1","1","46085","100"
"Marshall","0","1","South Dakota","4/12/20","1","0","46091","0"
"McCook","0","2","South Dakota","4/12/20","2","0","46087","0"
"Meade","0","1","South Dakota","4/12/20","1","0","46093","0"
"Miner","0","1","South Dakota","4/12/20","0","1","46097","1"
"Minnehaha","60","527","South Dakota","4/12/20","104","423","46099","406.73"
"Oglala Lakota","0","1","South Dakota","4/12/20","0","1","46102","1"
"Pennington","0","8","South Dakota","4/12/20","6","2","46103","33.33"
"Roberts","0","4","South Dakota","4/12/20","4","0","46109","0"
"Sanborn","0","1","South Dakota","4/12/20","0","1","46111","1"
"Spink","0","3","South Dakota","4/12/20","3","0","46115","0"
"Sully","0","1","South Dakota","4/12/20","0","1","46119","1"
"Todd","0","1","South Dakota","4/12/20","1","0","46121","0"
"Turner","0","5","South Dakota","4/12/20","4","1","46125","25"
"Union","0","4","South Dakota","4/12/20","3","1","46127","33.33"
"Walworth","0","1","South Dakota","4/12/20","0","1","46129","1"
"Yankton","1","20","South Dakota","4/12/20","14","6","46135","42.86"
"Anderson","0","12","Tennessee","4/12/20","10","2","47001","20"
"Bedford","2","20","Tennessee","4/12/20","8","12","47003","150"
"Benton","0","4","Tennessee","4/12/20","4","0","47005","0"
"Bledsoe","0","3","Tennessee","4/12/20","3","0","47007","0"
"Blount","1","46","Tennessee","4/12/20","36","10","47009","27.78"
"Bradley","1","31","Tennessee","4/12/20","21","10","47011","47.62"
"Campbell","1","10","Tennessee","4/12/20","5","5","47013","100"
"Cannon","0","7","Tennessee","4/12/20","6","1","47015","16.67"
"Carroll","1","11","Tennessee","4/12/20","7","4","47017","57.14"
"Carter","0","3","Tennessee","4/12/20","3","0","47019","0"
"Cheatham","1","18","Tennessee","4/12/20","13","5","47021","38.46"
"Chester","0","6","Tennessee","4/12/20","6","0","47023","0"
"Claiborne","0","5","Tennessee","4/12/20","2","3","47025","150"
"Clay","0","2","Tennessee","4/12/20","1","1","47027","100"
"Cocke","0","3","Tennessee","4/12/20","1","2","47029","200"
"Coffee","1","11","Tennessee","4/12/20","5","6","47031","120"
"Cumberland","2","42","Tennessee","4/12/20","26","16","47035","61.54"
"Davidson","78","1349","Tennessee","4/12/20","801","548","47037","68.41"
"Decatur","0","2","Tennessee","4/12/20","0","2","47039","1"
"DeKalb","0","9","Tennessee","4/12/20","7","2","47041","28.57"
"Dickson","1","30","Tennessee","4/12/20","23","7","47043","30.43"
"Dyer","1","19","Tennessee","4/12/20","9","10","47045","111.11"
"Fayette","2","32","Tennessee","4/12/20","20","12","47047","60"
"Fentress","0","2","Tennessee","4/12/20","2","0","47049","0"
"Franklin","1","22","Tennessee","4/12/20","12","10","47051","83.33"
"Gibson","1","20","Tennessee","4/12/20","11","9","47053","81.82"
"Giles","0","3","Tennessee","4/12/20","3","0","47055","0"
"Grainger","0","4","Tennessee","4/12/20","3","1","47057","33.33"
"Greene","1","26","Tennessee","4/12/20","17","9","47059","52.94"
"Grundy","2","23","Tennessee","4/12/20","12","11","47061","91.67"
"Hamblen","0","5","Tennessee","4/12/20","4","1","47063","25"
"Hamilton","5","107","Tennessee","4/12/20","74","33","47065","44.59"
"Hardeman","0","7","Tennessee","4/12/20","6","1","47069","16.67"
"Hardin","0","2","Tennessee","4/12/20","2","0","47071","0"
"Hawkins","2","23","Tennessee","4/12/20","10","13","47073","130"
"Haywood","1","13","Tennessee","4/12/20","3","10","47075","333.33"
"Henderson","0","2","Tennessee","4/12/20","1","1","47077","100"
"Henry","0","6","Tennessee","4/12/20","4","2","47079","50"
"Hickman","0","2","Tennessee","4/12/20","2","0","47081","0"
"Houston","0","3","Tennessee","4/12/20","2","1","47083","50"
"Humphreys","0","4","Tennessee","4/12/20","3","1","47085","33.33"
"Jackson","0","5","Tennessee","4/12/20","3","2","47087","66.67"
"Jefferson","1","15","Tennessee","4/12/20","6","9","47089","150"
"Johnson","0","2","Tennessee","4/12/20","2","0","47091","0"
"Knox","8","169","Tennessee","4/12/20","115","54","47093","46.96"
"Lauderdale","1","8","Tennessee","4/12/20","2","6","47097","300"
"Lawrence","1","12","Tennessee","4/12/20","3","9","47099","300"
"Lewis","0","2","Tennessee","4/12/20","2","0","47101","0"
"Lincoln","0","8","Tennessee","4/12/20","5","3","47103","60"
"Loudon","0","16","Tennessee","4/12/20","13","3","47105","23.08"
"Macon","2","24","Tennessee","4/12/20","9","15","47111","166.67"
"Madison","6","59","Tennessee","4/12/20","19","40","47113","210.53"
"Marion","1","25","Tennessee","4/12/20","16","9","47115","56.25"
"Marshall","0","9","Tennessee","4/12/20","6","3","47117","50"
"Maury","2","32","Tennessee","4/12/20","21","11","47119","52.38"
"McMinn","0","4","Tennessee","4/12/20","3","1","47107","33.33"
"McNairy","1","9","Tennessee","4/12/20","3","6","47109","200"
"Meigs","0","3","Tennessee","4/12/20","2","1","47121","50"
"Monroe","0","8","Tennessee","4/12/20","6","2","47123","33.33"
"Montgomery","7","97","Tennessee","4/12/20","51","46","47125","90.2"
"Morgan","0","5","Tennessee","4/12/20","4","1","47129","25"
"Obion","1","7","Tennessee","4/12/20","2","5","47131","250"
"Out of TN","2","276","Tennessee","4/12/20","265","11","80047","4.15"
"Overton","0","5","Tennessee","4/12/20","3","2","47133","66.67"
"Perry","0","3","Tennessee","4/12/20","3","0","47135","0"
"Polk","0","5","Tennessee","4/12/20","3","2","47139","66.67"
"Putnam","5","87","Tennessee","4/12/20","52","35","47141","67.31"
"Roane","0","5","Tennessee","4/12/20","5","0","47145","0"
"Robertson","4","84","Tennessee","4/12/20","59","25","47147","42.37"
"Rutherford","14","243","Tennessee","4/12/20","147","96","47149","65.31"
"Scott","1","8","Tennessee","4/12/20","3","5","47151","166.67"
"Sequatchie","0","1","Tennessee","4/12/20","2","-1","47153","-50"
"Sevier","1","21","Tennessee","4/12/20","14","7","47155","50"
"Shelby","68","1215","Tennessee","4/12/20","736","479","47157","65.08"
"Smith","1","10","Tennessee","4/12/20","3","7","47159","233.33"
"Stewart","0","4","Tennessee","4/12/20","2","2","47161","100"
"Sullivan","2","37","Tennessee","4/12/20","21","16","47163","76.19"
"Sumner","18","445","Tennessee","4/12/20","321","124","47165","38.63"
"Tipton","2","49","Tennessee","4/12/20","33","16","47167","48.48"
"Trousdale","1","17","Tennessee","4/12/20","8","9","47169","112.5"
"Unicoi","0","1","Tennessee","4/12/20","1","0","47171","0"
"Union","0","3","Tennessee","4/12/20","1","2","47173","200"
"Warren","0","4","Tennessee","4/12/20","1","3","47177","300"
"Washington","3","42","Tennessee","4/12/20","23","19","47179","82.61"
"Wayne","0","2","Tennessee","4/12/20","2","0","47181","0"
"Weakley","0","5","Tennessee","4/12/20","5","0","47183","0"
"White","0","3","Tennessee","4/12/20","2","1","47185","50"
"Williamson","9","318","Tennessee","4/12/20","258","60","47187","23.26"
"Wilson","6","135","Tennessee","4/12/20","93","42","47189","45.16"
"Anderson","0","3","Texas","4/12/20","1","2","48001","200"
"Andrews","1","12","Texas","4/12/20","6","6","48003","100"
"Angelina","1","16","Texas","4/12/20","10","6","48005","60"
"Aransas","0","2","Texas","4/12/20","1","1","48007","100"
"Atascosa","1","9","Texas","4/12/20","2","7","48013","350"
"Austin","1","10","Texas","4/12/20","5","5","48015","100"
"Bandera","0","2","Texas","4/12/20","0","2","48019","1"
"Bastrop","2","26","Texas","4/12/20","10","16","48021","160"
"Bee","0","2","Texas","4/12/20","0","2","48025","1"
"Bell","6","101","Texas","4/12/20","58","43","48027","74.14"
"Bexar","48","723","Texas","4/12/20","384","339","48029","88.28"
"Blanco","0","4","Texas","4/12/20","2","2","48031","100"
"Bowie","2","32","Texas","4/12/20","17","15","48037","88.24"
"Brazoria","12","225","Texas","4/12/20","144","81","48039","56.25"
"Brazos","6","134","Texas","4/12/20","94","40","48041","42.55"
"Brown","1","10","Texas","4/12/20","6","4","48049","66.67"
"Burleson","1","6","Texas","4/12/20","2","4","48051","200"
"Burnet","0","6","Texas","4/12/20","4","2","48053","50"
"Caldwell","0","6","Texas","4/12/20","3","3","48055","100"
"Calhoun","1","15","Texas","4/12/20","11","4","48057","36.36"
"Callahan","0","1","Texas","4/12/20","0","1","48059","1"
"Cameron","17","195","Texas","4/12/20","77","118","48061","153.25"
"Camp","0","3","Texas","4/12/20","1","2","48063","200"
"Cass","0","5","Texas","4/12/20","4","1","48067","25"
"Castro","0","11","Texas","4/12/20","11","0","48069","0"
"Chambers","3","29","Texas","4/12/20","11","18","48071","163.64"
"Cherokee","0","6","Texas","4/12/20","6","0","48073","0"
"Clay","0","2","Texas","4/12/20","3","-1","48077","-33.33"
"Collin","24","453","Texas","4/12/20","287","166","48085","57.84"
"Colorado","1","7","Texas","4/12/20","2","5","48089","250"
"Comal","2","37","Texas","4/12/20","21","16","48091","76.19"
"Comanche","0","3","Texas","4/12/20","2","1","48093","50"
"Concho","0","1","Texas","4/12/20","0","1","48095","1"
"Cooke","0","1","Texas","4/12/20","0","1","48097","1"
"Coryell","4","34","Texas","4/12/20","5","29","48099","580"
"Crane","0","2","Texas","4/12/20","2","0","48103","0"
"Crosby","0","1","Texas","4/12/20","0","1","48107","1"
"Dallam","0","1","Texas","4/12/20","0","1","48111","1"
"Dallas","87","1723","Texas","4/12/20","1112","611","48113","54.95"
"Dawson","0","7","Texas","4/12/20","7","0","48115","0"
"Deaf Smith","0","7","Texas","4/12/20","5","2","48117","40"
"Delta","0","1","Texas","4/12/20","0","1","48119","1"
"Denton","24","474","Texas","4/12/20","304","170","48121","55.92"
"DeWitt","0","9","Texas","4/12/20","7","2","48123","28.57"
"Dickens","0","2","Texas","4/12/20","0","2","48125","1"
"Dimmit","0","1","Texas","4/12/20","0","1","48127","1"
"Donley","2","22","Texas","4/12/20","7","15","48129","214.29"
"Eastland","0","3","Texas","4/12/20","3","0","48133","0"
"Ector","2","43","Texas","4/12/20","26","17","48135","65.38"
"El Paso","22","269","Texas","4/12/20","113","156","48141","138.05"
"Ellis","5","66","Texas","4/12/20","32","34","48139","106.25"
"Erath","1","13","Texas","4/12/20","9","4","48143","44.44"
"Falls","0","1","Texas","4/12/20","1","0","48145","0"
"Fannin","0","5","Texas","4/12/20","2","3","48147","150"
"Fayette","0","10","Texas","4/12/20","11","-1","48149","-9.09"
"Floyd","0","1","Texas","4/12/20","0","1","48153","1"
"Fort Bend","38","536","Texas","4/12/20","268","268","48157","100"
"Franklin","0","1","Texas","4/12/20","1","0","48159","0"
"Frio","0","1","Texas","4/12/20","0","1","48163","1"
"Gaines","0","1","Texas","4/12/20","1","0","48165","0"
"Galveston","16","355","Texas","4/12/20","240","115","48167","47.92"
"Gillespie","0","1","Texas","4/12/20","2","-1","48171","-50"
"Goliad","0","4","Texas","4/12/20","1","3","48175","300"
"Gonzales","0","2","Texas","4/12/20","1","1","48177","100"
"Gray","1","13","Texas","4/12/20","5","8","48179","160"
"Grayson","1","17","Texas","4/12/20","12","5","48181","41.67"
"Gregg","3","40","Texas","4/12/20","16","24","48183","150"
"Grimes","1","7","Texas","4/12/20","3","4","48185","133.33"
"Guadalupe","3","49","Texas","4/12/20","28","21","48187","75"
"Hale","1","11","Texas","4/12/20","7","4","48189","57.14"
"Hamilton","0","3","Texas","4/12/20","0","3","48193","1"
"Hansford","0","1","Texas","4/12/20","0","1","48195","1"
"Hardin","5","61","Texas","4/12/20","26","35","48199","134.62"
"Harris","319","3629","Texas","4/12/20","1395","2234","48201","160.14"
"Harrison","1","16","Texas","4/12/20","6","10","48203","166.67"
"Hays","4","82","Texas","4/12/20","54","28","48209","51.85"
"Hemphill","0","1","Texas","4/12/20","1","0","48211","0"
"Henderson","1","10","Texas","4/12/20","2","8","48213","400"
"Hidalgo","15","190","Texas","4/12/20","86","104","48215","120.93"
"Hill","0","8","Texas","4/12/20","5","3","48217","60"
"Hockley","1","14","Texas","4/12/20","10","4","48219","40"
"Hood","1","13","Texas","4/12/20","9","4","48221","44.44"
"Hopkins","0","4","Texas","4/12/20","4","0","48223","0"
"Howard","0","1","Texas","4/12/20","0","1","48227","1"
"Hunt","1","18","Texas","4/12/20","8","10","48231","125"
"Hutchinson","0","2","Texas","4/12/20","2","0","48233","0"
"Jack","0","1","Texas","4/12/20","0","1","48237","1"
"Jackson","0","4","Texas","4/12/20","3","1","48239","33.33"
"Jasper","1","7","Texas","4/12/20","3","4","48241","133.33"
"Jefferson","6","100","Texas","4/12/20","58","42","48245","72.41"
"Jim Wells","0","2","Texas","4/12/20","2","0","48249","0"
"Johnson","1","28","Texas","4/12/20","23","5","48251","21.74"
"Jones","0","2","Texas","4/12/20","0","2","48253","1"
"Karnes","0","2","Texas","4/12/20","2","0","48255","0"
"Kaufman","2","26","Texas","4/12/20","10","16","48257","160"
"Kendall","0","11","Texas","4/12/20","10","1","48259","10"
"Kerr","0","2","Texas","4/12/20","2","0","48265","0"
"Kleberg","0","2","Texas","4/12/20","2","0","48273","0"
"Knox","0","1","Texas","4/12/20","0","1","48275","1"
"Lamar","0","8","Texas","4/12/20","5","3","48277","60"
"Lamb","0","1","Texas","4/12/20","1","0","48279","0"
"Lampasas","0","2","Texas","4/12/20","1","1","48281","100"
"Lavaca","0","4","Texas","4/12/20","2","2","48285","100"
"Lee","0","2","Texas","4/12/20","2","0","48287","0"
"Leon","0","3","Texas","4/12/20","2","1","48289","50"
"Liberty","2","19","Texas","4/12/20","6","13","48291","216.67"
"Limestone","1","11","Texas","4/12/20","3","8","48293","266.67"
"Live Oak","0","3","Texas","4/12/20","3","0","48297","0"
"Llano","0","3","Texas","4/12/20","3","0","48299","0"
"Lubbock","17","270","Texas","4/12/20","154","116","48303","75.32"
"Lynn","0","5","Texas","4/12/20","3","2","48305","66.67"
"Madison","0","1","Texas","4/12/20","0","1","48313","1"
"Martin","0","2","Texas","4/12/20","1","1","48317","100"
"Mason","0","1","Texas","4/12/20","1","0","48319","0"
"Matagorda","1","49","Texas","4/12/20","41","8","48321","19.51"
"Maverick","1","9","Texas","4/12/20","4","5","48323","125"
"McCulloch","0","3","Texas","4/12/20","0","3","48307","1"
"McLennan","3","69","Texas","4/12/20","51","18","48309","35.29"
"Medina","1","13","Texas","4/12/20","4","9","48325","225"
"Midland","1","32","Texas","4/12/20","24","8","48329","33.33"
"Milam","1","7","Texas","4/12/20","3","4","48331","133.33"
"Mitchell","0","1","Texas","4/12/20","0","1","48335","1"
"Montague","0","2","Texas","4/12/20","1","1","48337","100"
"Montgomery","15","251","Texas","4/12/20","149","102","48339","68.46"
"Moore","2","22","Texas","4/12/20","6","16","48341","266.67"
"Morris","0","3","Texas","4/12/20","1","2","48343","200"
"Nacogdoches","4","47","Texas","4/12/20","16","31","48347","193.75"
"Navarro","1","12","Texas","4/12/20","6","6","48349","100"
"Newton","0","2","Texas","4/12/20","1","1","48351","100"
"Nueces","3","76","Texas","4/12/20","53","23","48355","43.4"
"Oldham","0","3","Texas","4/12/20","2","1","48359","50"
"Orange","3","44","Texas","4/12/20","22","22","48361","100"
"Palo Pinto","0","4","Texas","4/12/20","1","3","48363","300"
"Panola","1","13","Texas","4/12/20","4","9","48365","225"
"Parker","1","13","Texas","4/12/20","6","7","48367","116.67"
"Pecos","0","3","Texas","4/12/20","0","3","48371","1"
"Polk","0","9","Texas","4/12/20","7","2","48373","28.57"
"Potter","4","70","Texas","4/12/20","40","30","48375","75"
"Rains","0","1","Texas","4/12/20","0","1","48379","1"
"Randall","4","64","Texas","4/12/20","34","30","48381","88.24"
"Reeves","0","2","Texas","4/12/20","1","1","48389","100"
"Robertson","0","2","Texas","4/12/20","2","0","48395","0"
"Rockwall","1","20","Texas","4/12/20","11","9","48397","81.82"
"Rusk","1","16","Texas","4/12/20","12","4","48401","33.33"
"San Augustine","1","9","Texas","4/12/20","4","5","48405","125"
"San Jacinto","1","5","Texas","4/12/20","1","4","48407","400"
"San Patricio","0","7","Texas","4/12/20","5","2","48409","40"
"Shelby","3","34","Texas","4/12/20","12","22","48419","183.33"
"Smith","6","96","Texas","4/12/20","57","39","48423","68.42"
"Starr","0","7","Texas","4/12/20","6","1","48427","16.67"
"Stephens","0","1","Texas","4/12/20","0","1","48429","1"
"Swisher","0","4","Texas","4/12/20","1","3","48437","300"
"Tarrant","53","787","Texas","4/12/20","418","369","48439","88.28"
"Taylor","4","59","Texas","4/12/20","31","28","48441","90.32"
"Terry","0","7","Texas","4/12/20","4","3","48445","75"
"Titus","1","6","Texas","4/12/20","1","5","48449","500"
"Tom Green","2","35","Texas","4/12/20","21","14","48451","66.67"
"Travis","37","744","Texas","4/12/20","484","260","48453","53.72"
"Trinity","0","3","Texas","4/12/20","2","1","48455","50"
"Tyler","0","4","Texas","4/12/20","2","2","48457","100"
"Upshur","1","8","Texas","4/12/20","3","5","48459","166.67"
"Uvalde","0","6","Texas","4/12/20","4","2","48463","50"
"Val Verde","1","11","Texas","4/12/20","5","6","48465","120"
"Van Zandt","1","10","Texas","4/12/20","4","6","48467","150"
"Victoria","6","77","Texas","4/12/20","32","45","48469","140.62"
"Walker","1","17","Texas","4/12/20","10","7","48471","70"
"Waller","1","15","Texas","4/12/20","8","7","48473","87.5"
"Washington","3","37","Texas","4/12/20","17","20","48477","117.65"
"Webb","13","191","Texas","4/12/20","98","93","48479","94.9"
"Wharton","2","26","Texas","4/12/20","9","17","48481","188.89"
"Wichita","1","56","Texas","4/12/20","46","10","48485","21.74"
"Willacy","0","5","Texas","4/12/20","5","0","48489","0"
"Williamson","5","113","Texas","4/12/20","77","36","48491","46.75"
"Wilson","1","11","Texas","4/12/20","6","5","48493","83.33"
"Winkler","0","1","Texas","4/12/20","0","1","48495","1"
"Wise","0","5","Texas","4/12/20","3","2","48497","66.67"
"Wood","0","5","Texas","4/12/20","2","3","48499","150"
"Young","0","3","Texas","4/12/20","3","0","48503","0"
"Zapata","0","3","Texas","4/12/20","0","3","48505","1"
"Bear River","0","13","Utah","4/12/20","10","3","00000","30"
"Cache","2","33","Utah","4/12/20","19","14","49005","73.68"
"Carbon","0","2","Utah","4/12/20","1","1","49007","100"
"Davis","8","199","Utah","4/12/20","142","57","49011","40.14"
"Duchesne","0","3","Utah","4/12/20","1","2","49013","200"
"Emery","0","2","Utah","4/12/20","1","1","49015","100"
"Garfield","0","1","Utah","4/12/20","1","0","49017","0"
"Grand","0","1","Utah","4/12/20","1","0","49019","0"
"Iron","0","13","Utah","4/12/20","12","1","49021","8.33"
"Kane","0","3","Utah","4/12/20","1","2","49025","200"
"Salt Lake","55","1126","Utah","4/12/20","741","385","49035","51.96"
"San Juan","0","8","Utah","4/12/20","5","3","49037","60"
"Summit","7","304","Utah","4/12/20","256","48","49043","18.75"
"Tooele","2","31","Utah","4/12/20","19","12","49045","63.16"
"Uintah","1","6","Utah","4/12/20","1","5","49047","500"
"Utah","14","313","Utah","4/12/20","216","97","49049","44.91"
"Wasatch","4","103","Utah","4/12/20","78","25","49051","32.05"
"Washington","2","42","Utah","4/12/20","27","15","49053","55.56"
"Weber-Morgan","4","96","Utah","4/12/20","67","29","00000","43.28"
"Addison","2","55","Vermont","4/12/20","40","15","50001","37.5"
"Bennington","1","31","Vermont","4/12/20","24","7","50003","29.17"
"Caledonia","0","8","Vermont","4/12/20","6","2","50005","33.33"
"Chittenden","13","364","Vermont","4/12/20","271","93","50007","34.32"
"Essex","0","1","Vermont","4/12/20","0","1","50009","1"
"Franklin","8","81","Vermont","4/12/20","27","54","50011","200"
"Grand Isle","0","3","Vermont","4/12/20","0","3","50013","1"
"Lamoille","1","21","Vermont","4/12/20","17","4","50015","23.53"
"Orange","0","5","Vermont","4/12/20","4","1","50017","25"
"Orleans","0","8","Vermont","4/12/20","8","0","50019","0"
"Rutland","1","36","Vermont","4/12/20","27","9","50021","33.33"
"Washington","1","28","Vermont","4/12/20","22","6","50023","27.27"
"Windham","3","54","Vermont","4/12/20","31","23","50025","74.19"
"Windsor","0","25","Vermont","4/12/20","22","3","50027","13.64"
"","1","51","Virgin Islands","4/12/20","42","9",,"21.43"
"Accomack","1","15","Virginia","4/12/20","11","4","51001","36.36"
"Albemarle","2","46","Virginia","4/12/20","32","14","51003","43.75"
"Alexandria","18","198","Virginia","4/12/20","74","124","51510","167.57"
"Alleghany","0","4","Virginia","4/12/20","2","2","51005","100"
"Amelia","0","9","Virginia","4/12/20","6","3","51007","50"
"Amherst","1","10","Virginia","4/12/20","6","4","51009","66.67"
"Appomattox","1","7","Virginia","4/12/20","0","7","51011","1"
"Arlington","26","366","Virginia","4/12/20","181","185","51013","102.21"
"Augusta","1","17","Virginia","4/12/20","8","9","51015","112.5"
"Bedford","2","15","Virginia","4/12/20","4","11","51019","275"
"Botetourt","1","23","Virginia","4/12/20","15","8","51023","53.33"
"Bristol","0","1","Virginia","4/12/20","1","0","51520","0"
"Brunswick","0","3","Virginia","4/12/20","1","2","51025","200"
"Buchanan","0","2","Virginia","4/12/20","0","2","51027","1"
"Buckingham","1","14","Virginia","4/12/20","4","10","51029","250"
"Buena Vista","0","4","Virginia","4/12/20","4","0","51530","0"
"Campbell","1","9","Virginia","4/12/20","2","7","51031","350"
"Caroline","1","6","Virginia","4/12/20","1","5","51033","500"
"Carroll","0","3","Virginia","4/12/20","1","2","51035","200"
"Charles City","1","9","Virginia","4/12/20","4","5","51036","125"
"Charlotte","0","4","Virginia","4/12/20","1","3","51037","300"
"Charlottesville","1","31","Virginia","4/12/20","23","8","51540","34.78"
"Chesapeake","7","121","Virginia","4/12/20","72","49","51550","68.06"
"Chesterfield","14","209","Virginia","4/12/20","108","101","51041","93.52"
"Clarke","0","3","Virginia","4/12/20","2","1","51043","50"
"Colonial Heights","1","6","Virginia","4/12/20","0","6","51570","1"
"Covington","0","1","Virginia","4/12/20","1","0","51580","0"
"Craig","0","2","Virginia","4/12/20","0","2","51045","1"
"Culpeper","2","19","Virginia","4/12/20","8","11","51047","137.5"
"Cumberland","1","8","Virginia","4/12/20","2","6","51049","300"
"Danville","1","20","Virginia","4/12/20","12","8","51590","66.67"
"Dinwiddie","1","6","Virginia","4/12/20","0","6","51053","1"
"Emporia","1","7","Virginia","4/12/20","2","5","51595","250"
"Fairfax","83","1008","Virginia","4/12/20","426","582","51059","136.62"
"Fairfax City","0","1","Virginia","4/12/20","0","1","51600","1"
"Falls Church","0","2","Virginia","4/12/20","0","2","51610","1"
"Fauquier","2","25","Virginia","4/12/20","10","15","51061","150"
"Floyd","0","1","Virginia","4/12/20","0","1","51063","1"
"Fluvanna","2","21","Virginia","4/12/20","7","14","51065","200"
"Franklin","1","14","Virginia","4/12/20","10","4","51067","40"
"Franklin City","0","6","Virginia","4/12/20","4","2","51620","50"
"Frederick","5","65","Virginia","4/12/20","27","38","51069","140.74"
"Fredericksburg","1","12","Virginia","4/12/20","7","5","51630","71.43"
"Galax","0","1","Virginia","4/12/20","1","0","51640","0"
"Giles","0","3","Virginia","4/12/20","0","3","51071","1"
"Gloucester","1","20","Virginia","4/12/20","10","10","51073","100"
"Goochland","2","32","Virginia","4/12/20","15","17","51075","113.33"
"Greene","0","4","Virginia","4/12/20","3","1","51079","33.33"
"Greensville","1","8","Virginia","4/12/20","4","4","51081","100"
"Halifax","1","7","Virginia","4/12/20","2","5","51083","250"
"Hampton","4","65","Virginia","4/12/20","40","25","51650","62.5"
"Hanover","4","38","Virginia","4/12/20","12","26","51085","216.67"
"Harrisonburg","8","81","Virginia","4/12/20","25","56","51660","224"
"Henrico","26","379","Virginia","4/12/20","194","185","51087","95.36"
"Henry","1","8","Virginia","4/12/20","3","5","51089","166.67"
"Hopewell","1","14","Virginia","4/12/20","10","4","51670","40"
"Isle of Wight","2","31","Virginia","4/12/20","18","13","51093","72.22"
"James City","1","126","Virginia","4/12/20","117","9","51095","7.69"
"King and Queen","0","2","Virginia","4/12/20","1","1","51097","100"
"King George","1","14","Virginia","4/12/20","8","6","51099","75"
"King William","0","2","Virginia","4/12/20","2","0","51101","0"
"Lancaster","0","1","Virginia","4/12/20","1","0","51103","0"
"Lee","1","6","Virginia","4/12/20","2","4","51105","200"
"Lexington","0","3","Virginia","4/12/20","3","0","51678","0"
"Loudoun","20","309","Virginia","4/12/20","167","142","51107","85.03"
"Louisa","2","25","Virginia","4/12/20","14","11","51109","78.57"
"Lunenburg","0","3","Virginia","4/12/20","0","3","51111","1"
"Lynchburg","3","31","Virginia","4/12/20","10","21","51680","210"
"Madison","0","6","Virginia","4/12/20","3","3","51113","100"
"Manassas","3","34","Virginia","4/12/20","14","20","51683","142.86"
"Manassas Park","1","10","Virginia","4/12/20","2","8","51685","400"
"Mathews","0","2","Virginia","4/12/20","2","0","51115","0"
"Mecklenburg","6","55","Virginia","4/12/20","12","43","51117","358.33"
"Middlesex","0","3","Virginia","4/12/20","0","3","51119","1"
"Montgomery","4","32","Virginia","4/12/20","6","26","51121","433.33"
"Nelson","0","5","Virginia","4/12/20","2","3","51125","150"
"New Kent","0","12","Virginia","4/12/20","9","3","51127","33.33"
"Newport News","4","78","Virginia","4/12/20","51","27","51700","52.94"
"Norfolk","4","90","Virginia","4/12/20","59","31","51710","52.54"
"Northampton","0","4","Virginia","4/12/20","2","2","51131","100"
"Northumberland","0","4","Virginia","4/12/20","3","1","51133","33.33"
"Nottoway","1","5","Virginia","4/12/20","1","4","51135","400"
"Orange","1","13","Virginia","4/12/20","5","8","51137","160"
"Page","1","6","Virginia","4/12/20","2","4","51139","200"
"Petersburg","1","17","Virginia","4/12/20","10","7","51730","70"
"Pittsylvania","0","4","Virginia","4/12/20","2","2","51143","100"
"Poquoson","0","6","Virginia","4/12/20","3","3","51735","100"
"Portsmouth","4","51","Virginia","4/12/20","26","25","51740","96.15"
"Powhatan","0","5","Virginia","4/12/20","4","1","51145","25"
"Prince Edward","1","9","Virginia","4/12/20","3","6","51147","200"
"Prince George","1","26","Virginia","4/12/20","18","8","51149","44.44"
"Prince William","31","389","Virginia","4/12/20","175","214","51153","122.29"
"Pulaski","0","4","Virginia","4/12/20","1","3","51155","300"
"Radford","0","1","Virginia","4/12/20","1","0","51750","0"
"Rappahannock","0","1","Virginia","4/12/20","0","1","51157","1"
"Richmond","1","5","Virginia","4/12/20","1","4","51159","400"
"Richmond City","8","154","Virginia","4/12/20","99","55","51760","55.56"
"Roanoke","1","14","Virginia","4/12/20","5","9","51161","180"
"Roanoke City","1","20","Virginia","4/12/20","10","10","51770","100"
"Rockbridge","0","3","Virginia","4/12/20","3","0","51163","0"
"Rockingham","4","43","Virginia","4/12/20","16","27","51165","168.75"
"Russell","0","1","Virginia","4/12/20","0","1","51167","1"
"Salem","0","1","Virginia","4/12/20","1","0","51775","0"
"Scott","0","3","Virginia","4/12/20","0","3","51169","1"
"Shenandoah","1","17","Virginia","4/12/20","12","5","51171","41.67"
"Smyth","1","9","Virginia","4/12/20","2","7","51173","350"
"Southampton","0","5","Virginia","4/12/20","5","0","51175","0"
"Spotsylvania","4","50","Virginia","4/12/20","24","26","51177","108.33"
"Stafford","4","72","Virginia","4/12/20","41","31","51179","75.61"
"Staunton","0","1","Virginia","4/12/20","1","0","51790","0"
"Suffolk","4","48","Virginia","4/12/20","22","26","51800","118.18"
"Surry","0","3","Virginia","4/12/20","3","0","51181","0"
"Sussex","1","8","Virginia","4/12/20","4","4","51183","100"
"Tazewell","0","4","Virginia","4/12/20","2","2","51185","100"
"Virginia Beach","10","243","Virginia","4/12/20","170","73","51810","42.94"
"Warren","2","15","Virginia","4/12/20","4","11","51187","275"
"Washington","3","24","Virginia","4/12/20","5","19","51191","380"
"Waynesboro","0","5","Virginia","4/12/20","2","3","51820","150"
"Westmoreland","1","8","Virginia","4/12/20","2","6","51193","300"
"Williamsburg","1","17","Virginia","4/12/20","12","5","51830","41.67"
"Winchester","1","19","Virginia","4/12/20","11","8","51840","72.73"
"Wise","1","8","Virginia","4/12/20","1","7","51195","700"
"Wythe","1","7","Virginia","4/12/20","2","5","51197","250"
"York","1","29","Virginia","4/12/20","20","9","51199","45"
"Adams","2","36","Washington","4/12/20","23","13","53001","56.52"
"Asotin","0","5","Washington","4/12/20","2","3","53003","150"
"Benton","12","249","Washington","4/12/20","164","85","53005","51.83"
"Chelan","4","55","Washington","4/12/20","29","26","53007","89.66"
"Clallam","1","12","Washington","4/12/20","8","4","53009","50"
"Clark","12","220","Washington","4/12/20","137","83","53011","60.58"
"Columbia","0","1","Washington","4/12/20","1","0","53013","0"
"Cowlitz","1","23","Washington","4/12/20","18","5","53015","27.78"
"Douglas","1","16","Washington","4/12/20","10","6","53017","60"
"Ferry","0","1","Washington","4/12/20","1","0","53019","0"
"Franklin","8","112","Washington","4/12/20","56","56","53021","100"
"Grant","5","114","Washington","4/12/20","80","34","53025","42.5"
"Grays Harbor","1","11","Washington","4/12/20","6","5","53027","83.33"
"Island","4","158","Washington","4/12/20","130","28","53029","21.54"
"Jefferson","1","28","Washington","4/12/20","20","8","53031","40"
"King","180","4426","Washington","4/12/20","3167","1259","53033","39.75"
"Kitsap","4","132","Washington","4/12/20","104","28","53035","26.92"
"Kittitas","0","13","Washington","4/12/20","10","3","53037","30"
"Klickitat","0","14","Washington","4/12/20","11","3","53039","27.27"
"Lewis","1","17","Washington","4/12/20","13","4","53041","30.77"
"Lincoln","0","2","Washington","4/12/20","1","1","53043","100"
"Mason","1","19","Washington","4/12/20","14","5","53045","35.71"
"Okanogan","1","15","Washington","4/12/20","7","8","53047","114.29"
"Pacific","0","1","Washington","4/12/20","0","1","53049","1"
"Pend Oreille","0","1","Washington","4/12/20","1","0","53051","0"
"Pierce","35","931","Washington","4/12/20","688","243","53053","35.32"
"San Juan","1","13","Washington","4/12/20","7","6","53055","85.71"
"Skagit","4","187","Washington","4/12/20","161","26","53057","16.15"
"Skamania","0","3","Washington","4/12/20","2","1","53059","50"
"Snohomish","44","1867","Washington","4/12/20","1559","308","53061","19.76"
"Spokane","8","274","Washington","4/12/20","219","55","53063","25.11"
"Stevens","0","7","Washington","4/12/20","5","2","53065","40"
"Thurston","2","81","Washington","4/12/20","67","14","53067","20.9"
"Wahkiakum","0","2","Washington","4/12/20","1","1","53069","100"
"Walla Walla","2","21","Washington","4/12/20","9","12","53071","133.33"
"Whatcom","6","263","Washington","4/12/20","224","39","53073","17.41"
"Whitman","0","12","Washington","4/12/20","11","1","53075","9.09"
"Yakima","30","535","Washington","4/12/20","326","209","53077","64.11"
"Barbour","0","4","West Virginia","4/12/20","2","2","54001","100"
"Berkeley","5","92","West Virginia","4/12/20","54","38","54003","70.37"
"Boone","0","1","West Virginia","4/12/20","0","1","54005","1"
"Braxton","0","1","West Virginia","4/12/20","0","1","54007","1"
"Brooke","0","3","West Virginia","4/12/20","0","3","54009","1"
"Cabell","2","22","West Virginia","4/12/20","5","17","54011","340"
"Fayette","0","2","West Virginia","4/12/20","0","2","54019","1"
"Greenbrier","0","3","West Virginia","4/12/20","3","0","54025","0"
"Hampshire","1","4","West Virginia","4/12/20","0","4","54027","1"
"Hancock","0","7","West Virginia","4/12/20","6","1","54029","16.67"
"Hardy","0","2","West Virginia","4/12/20","2","0","54031","0"
"Harrison","1","28","West Virginia","4/12/20","24","4","54033","16.67"
"Jackson","1","23","West Virginia","4/12/20","14","9","54035","64.29"
"Jefferson","4","49","West Virginia","4/12/20","21","28","54037","133.33"
"Kanawha","5","83","West Virginia","4/12/20","51","32","54039","62.75"
"Lewis","0","2","West Virginia","4/12/20","0","2","54041","1"
"Logan","0","8","West Virginia","4/12/20","5","3","54045","60"
"Marion","3","32","West Virginia","4/12/20","14","18","54049","128.57"
"Marshall","0","6","West Virginia","4/12/20","5","1","54051","20"
"Mason","1","8","West Virginia","4/12/20","4","4","54053","100"
"McDowell","1","5","West Virginia","4/12/20","0","5","54047","1"
"Mercer","1","8","West Virginia","4/12/20","3","5","54055","166.67"
"Mineral","0","4","West Virginia","4/12/20","2","2","54057","100"
"Monongalia","5","81","West Virginia","4/12/20","49","32","54061","65.31"
"Monroe","0","1","West Virginia","4/12/20","0","1","54063","1"
"Morgan","0","6","West Virginia","4/12/20","3","3","54065","100"
"Nicholas","0","2","West Virginia","4/12/20","0","2","54067","1"
"Ohio","0","21","West Virginia","4/12/20","18","3","54069","16.67"
"Pendleton","0","1","West Virginia","4/12/20","1","0","54071","0"
"Pleasants","0","1","West Virginia","4/12/20","1","0","54073","0"
"Preston","0","6","West Virginia","4/12/20","5","1","54077","20"
"Putnam","1","11","West Virginia","4/12/20","6","5","54079","83.33"
"Raleigh","0","5","West Virginia","4/12/20","4","1","54081","25"
"Randolph","0","4","West Virginia","4/12/20","3","1","54083","33.33"
"Roane","0","2","West Virginia","4/12/20","2","0","54087","0"
"Summers","0","1","West Virginia","4/12/20","0","1","54089","1"
"Taylor","0","3","West Virginia","4/12/20","0","3","54091","1"
"Tucker","0","4","West Virginia","4/12/20","3","1","54093","33.33"
"Tyler","0","3","West Virginia","4/12/20","0","3","54095","1"
"Upshur","0","3","West Virginia","4/12/20","1","2","54097","200"
"Wayne","2","17","West Virginia","4/12/20","0","17","54099","1"
"Wetzel","0","3","West Virginia","4/12/20","2","1","54103","50"
"Wirt","0","2","West Virginia","4/12/20","1","1","54105","100"
"Wood","1","18","West Virginia","4/12/20","10","8","54107","80"
"Wyoming","0","1","West Virginia","4/12/20","0","1","54109","1"
"Adams","0","2","Wisconsin","4/12/20","1","1","55001","100"
"Ashland","0","2","Wisconsin","4/12/20","1","1","55003","100"
"Barron","0","6","Wisconsin","4/12/20","4","2","55005","50"
"Bayfield","0","3","Wisconsin","4/12/20","3","0","55007","0"
"Brown","6","68","Wisconsin","4/12/20","29","39","55009","134.48"
"Buffalo","0","3","Wisconsin","4/12/20","2","1","55011","50"
"Calumet","0","4","Wisconsin","4/12/20","4","0","55015","0"
"Chippewa","1","20","Wisconsin","4/12/20","16","4","55017","25"
"Clark","0","8","Wisconsin","4/12/20","6","2","55019","33.33"
"Columbia","1","24","Wisconsin","4/12/20","19","5","55021","26.32"
"Crawford","0","3","Wisconsin","4/12/20","2","1","55023","50"
"Dane","8","334","Wisconsin","4/12/20","280","54","55025","19.29"
"Dodge","1","19","Wisconsin","4/12/20","14","5","55027","35.71"
"Door","1","9","Wisconsin","4/12/20","4","5","55029","125"
"Douglas","0","7","Wisconsin","4/12/20","7","0","55031","0"
"Dunn","1","9","Wisconsin","4/12/20","5","4","55033","80"
"Eau Claire","0","21","Wisconsin","4/12/20","21","0","55035","0"
"Florence","0","2","Wisconsin","4/12/20","1","1","55037","100"
"Fond du Lac","2","54","Wisconsin","4/12/20","43","11","55039","25.58"
"Grant","1","6","Wisconsin","4/12/20","2","4","55043","200"
"Green","0","9","Wisconsin","4/12/20","9","0","55045","0"
"Iowa","0","5","Wisconsin","4/12/20","3","2","55049","66.67"
"Iron","0","2","Wisconsin","4/12/20","1","1","55051","100"
"Jackson","1","10","Wisconsin","4/12/20","3","7","55053","233.33"
"Jefferson","1","23","Wisconsin","4/12/20","14","9","55055","64.29"
"Juneau","0","6","Wisconsin","4/12/20","5","1","55057","20"
"Kenosha","11","173","Wisconsin","4/12/20","98","75","55059","76.53"
"Kewaunee","0","3","Wisconsin","4/12/20","0","3","55061","1"
"La Crosse","1","25","Wisconsin","4/12/20","21","4","55063","19.05"
"Lafayette","0","3","Wisconsin","4/12/20","0","3","55065","1"
"Manitowoc","0","3","Wisconsin","4/12/20","3","0","55071","0"
"Marathon","0","13","Wisconsin","4/12/20","12","1","55073","8.33"
"Marinette","0","3","Wisconsin","4/12/20","2","1","55075","50"
"Marquette","0","2","Wisconsin","4/12/20","2","0","55077","0"
"Menominee","0","1","Wisconsin","4/12/20","1","0","55078","0"
"Milwaukee","74","1710","Wisconsin","4/12/20","1190","520","55079","43.7"
"Monroe","0","8","Wisconsin","4/12/20","6","2","55081","33.33"
"Oconto","0","3","Wisconsin","4/12/20","1","2","55083","200"
"Oneida","0","6","Wisconsin","4/12/20","3","3","55085","100"
"Outagamie","1","29","Wisconsin","4/12/20","21","8","55087","38.1"
"Ozaukee","2","72","Wisconsin","4/12/20","56","16","55089","28.57"
"Pierce","0","7","Wisconsin","4/12/20","7","0","55093","0"
"Polk","0","3","Wisconsin","4/12/20","0","3","55095","1"
"Portage","0","4","Wisconsin","4/12/20","3","1","55097","33.33"
"Price","0","1","Wisconsin","4/12/20","0","1","55099","1"
"Racine","9","117","Wisconsin","4/12/20","54","63","55101","116.67"
"Richland","0","5","Wisconsin","4/12/20","3","2","55103","66.67"
"Rock","4","56","Wisconsin","4/12/20","28","28","55105","100"
"Rusk","0","3","Wisconsin","4/12/20","3","0","55107","0"
"Sauk","1","26","Wisconsin","4/12/20","18","8","55111","44.44"
"Sawyer","0","1","Wisconsin","4/12/20","0","1","55113","1"
"Shawano","1","5","Wisconsin","4/12/20","1","4","55115","400"
"Sheboygan","2","34","Wisconsin","4/12/20","21","13","55117","61.9"
"St. Croix","0","9","Wisconsin","4/12/20","7","2","55109","28.57"
"Trempealeau","0","1","Wisconsin","4/12/20","1","0","55121","0"
"Vilas","0","4","Wisconsin","4/12/20","4","0","55125","0"
"Walworth","2","37","Wisconsin","4/12/20","20","17","55127","85"
"Washington","2","71","Wisconsin","4/12/20","57","14","55131","24.56"
"Waukesha","8","209","Wisconsin","4/12/20","154","55","55133","35.71"
"Waupaca","0","4","Wisconsin","4/12/20","2","2","55135","100"
"Waushara","0","2","Wisconsin","4/12/20","0","2","55137","1"
"Winnebago","1","27","Wisconsin","4/12/20","20","7","55139","35"
"Wood","0","2","Wisconsin","4/12/20","2","0","55141","0"
"Albany","0","5","Wyoming","4/12/20","4","1","56001","25"
"Big Horn","0","1","Wyoming","4/12/20","0","1","56003","1"
"Campbell","1","11","Wyoming","4/12/20","7","4","56005","57.14"
"Carbon","0","4","Wyoming","4/12/20","4","0","56007","0"
"Converse","1","8","Wyoming","4/12/20","3","5","56009","166.67"
"Crook","0","3","Wyoming","4/12/20","0","3","56011","1"
"Fremont","0","40","Wyoming","4/12/20","37","3","56013","8.11"
"Goshen","0","3","Wyoming","4/12/20","2","1","56015","50"
"Hot Springs","0","1","Wyoming","4/12/20","0","1","56017","1"
"Johnson","0","11","Wyoming","4/12/20","8","3","56019","37.5"
"Laramie","2","58","Wyoming","4/12/20","43","15","56021","34.88"
"Lincoln","0","5","Wyoming","4/12/20","2","3","56023","150"
"Natrona","1","33","Wyoming","4/12/20","23","10","56025","43.48"
"Niobrara","0","1","Wyoming","4/12/20","0","1","56027","1"
"Park","0","1","Wyoming","4/12/20","1","0","56029","0"
"Sheridan","0","12","Wyoming","4/12/20","12","0","56033","0"
"Sublette","0","1","Wyoming","4/12/20","1","0","56035","0"
"Sweetwater","0","7","Wyoming","4/12/20","5","2","56037","40"
"Teton","2","56","Wyoming","4/12/20","39","17","56039","43.59"
"Uinta","0","4","Wyoming","4/12/20","2","2","56041","100"
"Washakie","0","5","Wyoming","4/12/20","4","1","56043","25"
