"Locality","DailyAvgNewCasesPast7Days","TotalCases","State","Date","TotalCases7DaysAgo","NewCasesPast7Days","FIPS-Code","PercentIncreaseTotalCasesPast7Days"
"Autauga","2","23","Alabama","4/14/20","12","11","01001","91.67"
"Baldwin","6","87","Alabama","4/14/20","42","45","01003","107.14"
"Barbour","1","11","Alabama","4/14/20","3","8","01005","266.67"
"Bibb","1","17","Alabama","4/14/20","8","9","01007","112.5"
"Blount","1","16","Alabama","4/14/20","10","6","01009","60"
"Bullock","1","8","Alabama","4/14/20","2","6","01011","300"
"Butler","1","8","Alabama","4/14/20","2","6","01013","300"
"Calhoun","3","62","Alabama","4/14/20","41","21","01015","51.22"
"Chambers","16","216","Alabama","4/14/20","101","115","01017","113.86"
"Cherokee","0","9","Alabama","4/14/20","6","3","01019","50"
"Chilton","2","33","Alabama","4/14/20","20","13","01021","65"
"Choctaw","1","12","Alabama","4/14/20","6","6","01023","100"
"Clarke","2","21","Alabama","4/14/20","10","11","01025","110"
"Clay","1","14","Alabama","4/14/20","9","5","01027","55.56"
"Cleburne","0","12","Alabama","4/14/20","9","3","01029","33.33"
"Coffee","4","36","Alabama","4/14/20","8","28","01031","350"
"Colbert","1","11","Alabama","4/14/20","7","4","01033","57.14"
"Conecuh","0","5","Alabama","4/14/20","2","3","01035","150"
"Coosa","1","18","Alabama","4/14/20","9","9","01037","100"
"Covington","2","16","Alabama","4/14/20","5","11","01039","220"
"Crenshaw","0","3","Alabama","4/14/20","2","1","01041","50"
"Cullman","3","40","Alabama","4/14/20","21","19","01043","90.48"
"Dale","1","12","Alabama","4/14/20","4","8","01045","200"
"Dallas","1","17","Alabama","4/14/20","7","10","01047","142.86"
"DeKalb","2","29","Alabama","4/14/20","14","15","01049","107.14"
"Elmore","3","43","Alabama","4/14/20","22","21","01051","95.45"
"Escambia","1","10","Alabama","4/14/20","3","7","01053","233.33"
"Etowah","5","78","Alabama","4/14/20","43","35","01055","81.4"
"Fayette","0","4","Alabama","4/14/20","1","3","01057","300"
"Franklin","1","12","Alabama","4/14/20","7","5","01059","71.43"
"Geneva","0","1","Alabama","4/14/20","0","1","01061","1"
"Greene","1","18","Alabama","4/14/20","10","8","01063","80"
"Hale","1","17","Alabama","4/14/20","7","10","01065","142.86"
"Henry","1","14","Alabama","4/14/20","4","10","01067","250"
"Houston","4","52","Alabama","4/14/20","25","27","01069","108"
"Jackson","2","29","Alabama","4/14/20","18","11","01071","61.11"
"Jefferson","23","620","Alabama","4/14/20","457","163","01073","35.67"
"Lamar","0","7","Alabama","4/14/20","5","2","01075","40"
"Lauderdale","1","22","Alabama","4/14/20","18","4","01077","22.22"
"Lawrence","0","8","Alabama","4/14/20","8","0","01079","0"
"Lee","20","265","Alabama","4/14/20","128","137","01081","107.03"
"Limestone","1","37","Alabama","4/14/20","32","5","01083","15.62"
"Lowndes","2","19","Alabama","4/14/20","8","11","01085","137.5"
"Macon","2","19","Alabama","4/14/20","6","13","01087","216.67"
"Madison","6","191","Alabama","4/14/20","150","41","01089","27.33"
"Marengo","1","23","Alabama","4/14/20","14","9","01091","64.29"
"Marion","5","58","Alabama","4/14/20","21","37","01093","176.19"
"Marshall","9","104","Alabama","4/14/20","39","65","01095","166.67"
"Mobile","44","509","Alabama","4/14/20","201","308","01097","153.23"
"Monroe","0","7","Alabama","4/14/20","5","2","01099","40"
"Montgomery","12","161","Alabama","4/14/20","74","87","01101","117.57"
"Morgan","2","41","Alabama","4/14/20","30","11","01103","36.67"
"Perry","1","7","Alabama","4/14/20","1","6","01105","600"
"Pickens","1","24","Alabama","4/14/20","14","10","01107","71.43"
"Pike","1","22","Alabama","4/14/20","14","8","01109","57.14"
"Randolph","5","45","Alabama","4/14/20","13","32","01111","246.15"
"Russell","3","30","Alabama","4/14/20","12","18","01113","150"
"Shelby","11","235","Alabama","4/14/20","158","77","01117","48.73"
"St. Clair","2","45","Alabama","4/14/20","30","15","01115","50"
"Sumter","2","26","Alabama","4/14/20","15","11","01119","73.33"
"Talladega","3","38","Alabama","4/14/20","20","18","01121","90"
"Tallapoosa","13","123","Alabama","4/14/20","33","90","01123","272.73"
"Tuscaloosa","6","122","Alabama","4/14/20","77","45","01125","58.44"
"Walker","3","84","Alabama","4/14/20","63","21","01127","33.33"
"Washington","1","12","Alabama","4/14/20","7","5","01129","71.43"
"Wilcox","3","31","Alabama","4/14/20","13","18","01131","138.46"
"Winston","0","4","Alabama","4/14/20","3","1","01133","33.33"
"Anchorage","5","136","Alaska","4/14/20","98","38","02020","38.78"
"Bethel","0","1","Alaska","4/14/20","1","0","02050","0"
"Fairbanks North Star","2","79","Alaska","4/14/20","65","14","02090","21.54"
"Juneau","1","18","Alaska","4/14/20","14","4","02110","28.57"
"Kenai Peninsula","0","15","Alaska","4/14/20","13","2","02122","15.38"
"Ketchikan Gateway","0","15","Alaska","4/14/20","14","1","02130","7.14"
"Matanuska-Susitna","2","15","Alaska","4/14/20","4","11","02170","275"
"Petersburg","0","2","Alaska","4/14/20","2","0","02195","0"
"Prince of Wales-Hyder","0","2","Alaska","4/14/20","0","2","02198","1"
"Southeast Fairbanks","0","1","Alaska","4/14/20","1","0","02240","0"
"Yukon-Koyukuk","0","1","Alaska","4/14/20","1","0","02290","0"
"Apache","10","97","Arizona","4/14/20","28","69","04001","246.43"
"Cochise","1","15","Arizona","4/14/20","9","6","04003","66.67"
"Coconino","13","270","Arizona","4/14/20","179","91","04005","50.84"
"Gila","0","3","Arizona","4/14/20","3","0","04007","0"
"Graham","0","2","Arizona","4/14/20","2","0","04009","0"
"Greenlee","0","2","Arizona","4/14/20","1","1","04011","100"
"La Paz","0","4","Arizona","4/14/20","3","1","04012","33.33"
"Maricopa","80","2056","Arizona","4/14/20","1495","561","04013","37.53"
"Mohave","3","45","Arizona","4/14/20","23","22","04015","95.65"
"Navajo","19","355","Arizona","4/14/20","222","133","04017","59.91"
"Pima","39","685","Arizona","4/14/20","415","270","04019","65.06"
"Pinal","8","175","Arizona","4/14/20","120","55","04021","45.83"
"Santa Cruz","1","10","Arizona","4/14/20","5","5","04023","100"
"Yavapai","2","70","Arizona","4/14/20","57","13","04025","22.81"
"Yuma","1","20","Arizona","4/14/20","13","7","04027","53.85"
"Arkansas","0","2","Arkansas","4/14/20","1","1","05001","100"
"Ashley","1","11","Arkansas","4/14/20","5","6","05003","120"
"Baxter","0","4","Arkansas","4/14/20","1","3","05005","300"
"Benton","3","60","Arkansas","4/14/20","42","18","05007","42.86"
"Boone","0","3","Arkansas","4/14/20","1","2","05009","200"
"Bradley","0","7","Arkansas","4/14/20","5","2","05011","40"
"Carroll","0","2","Arkansas","4/14/20","1","1","05015","100"
"Chicot","1","7","Arkansas","4/14/20","2","5","05017","250"
"Clark","0","26","Arkansas","4/14/20","27","-1","05019","-3.7"
"Clay","0","1","Arkansas","4/14/20","1","0","05021","0"
"Cleburne","1","70","Arkansas","4/14/20","66","4","05023","6.06"
"Cleveland","0","8","Arkansas","4/14/20","7","1","05025","14.29"
"Columbia","0","3","Arkansas","4/14/20","1","2","05027","200"
"Conway","0","4","Arkansas","4/14/20","1","3","05029","300"
"Craighead","2","36","Arkansas","4/14/20","22","14","05031","63.64"
"Crawford","0","4","Arkansas","4/14/20","1","3","05033","300"
"Crittenden","8","116","Arkansas","4/14/20","58","58","05035","100"
"Cross","0","7","Arkansas","4/14/20","5","2","05037","40"
"Dallas","0","1","Arkansas","4/14/20","1","0","05039","0"
"Desha","0","6","Arkansas","4/14/20","5","1","05041","20"
"Drew","0","6","Arkansas","4/14/20","5","1","05043","20"
"Faulkner","1","58","Arkansas","4/14/20","52","6","05045","11.54"
"Franklin","0","2","Arkansas","4/14/20","1","1","05047","100"
"Garland","8","102","Arkansas","4/14/20","46","56","05051","121.74"
"Grant","1","10","Arkansas","4/14/20","3","7","05053","233.33"
"Greene","1","6","Arkansas","4/14/20","1","5","05055","500"
"Hempstead","0","4","Arkansas","4/14/20","1","3","05057","300"
"Hot Spring","0","8","Arkansas","4/14/20","7","1","05059","14.29"
"Howard","1","9","Arkansas","4/14/20","5","4","05061","80"
"Independence","0","6","Arkansas","4/14/20","5","1","05063","20"
"Izard","0","2","Arkansas","4/14/20","1","1","05065","100"
"Jackson","0","1","Arkansas","4/14/20","0","1","05067","1"
"Jefferson","5","105","Arkansas","4/14/20","69","36","05069","52.17"
"Johnson","1","19","Arkansas","4/14/20","11","8","05071","72.73"
"Lafayette","0","3","Arkansas","4/14/20","1","2","05073","200"
"Lawrence","1","11","Arkansas","4/14/20","1","10","05075","1000"
"Lee","0","2","Arkansas","4/14/20","1","1","05077","100"
"Lincoln","7","56","Arkansas","4/14/20","10","46","05079","460"
"Logan","0","2","Arkansas","4/14/20","1","1","05083","100"
"Lonoke","1","29","Arkansas","4/14/20","23","6","05085","26.09"
"Madison","0","1","Arkansas","4/14/20","0","1","05087","1"
"Marion","0","1","Arkansas","4/14/20","0","1","05089","1"
"Miller","2","28","Arkansas","4/14/20","13","15","05091","115.38"
"Mississippi","1","7","Arkansas","4/14/20","1","6","05093","600"
"Monroe","0","2","Arkansas","4/14/20","1","1","05095","100"
"Nevada","0","1","Arkansas","4/14/20","1","0","05099","0"
"Newton","0","1","Arkansas","4/14/20","1","0","05101","0"
"Ouachita","1","5","Arkansas","4/14/20","1","4","05103","400"
"Perry","0","2","Arkansas","4/14/20","1","1","05105","100"
"Phillips","0","4","Arkansas","4/14/20","1","3","05107","300"
"Pike","0","2","Arkansas","4/14/20","1","1","05109","100"
"Poinsett","0","7","Arkansas","4/14/20","6","1","05111","16.67"
"Polk","0","6","Arkansas","4/14/20","5","1","05113","20"
"Pope","2","31","Arkansas","4/14/20","17","14","05115","82.35"
"Prairie","0","2","Arkansas","4/14/20","1","1","05117","100"
"Pulaski","17","297","Arkansas","4/14/20","175","122","05119","69.71"
"Randolph","1","8","Arkansas","4/14/20","1","7","05121","700"
"Saline","0","33","Arkansas","4/14/20","33","0","05125","0"
"Scott","0","1","Arkansas","4/14/20","1","0","05127","0"
"Searcy","0","6","Arkansas","4/14/20","6","0","05129","0"
"Sebastian","0","11","Arkansas","4/14/20","8","3","05131","37.5"
"Sevier","0","8","Arkansas","4/14/20","6","2","05133","33.33"
"Sharp","0","2","Arkansas","4/14/20","1","1","05135","100"
"St. Francis","3","45","Arkansas","4/14/20","27","18","05123","66.67"
"Stone","0","7","Arkansas","4/14/20","5","2","05137","40"
"Union","1","17","Arkansas","4/14/20","13","4","05139","30.77"
"Van Buren","1","26","Arkansas","4/14/20","21","5","05141","23.81"
"Washington","2","43","Arkansas","4/14/20","29","14","05143","48.28"
"White","0","28","Arkansas","4/14/20","27","1","05145","3.7"
"Woodruff","0","1","Arkansas","4/14/20","1","0","05147","0"
"Yell","0","1","Arkansas","4/14/20","1","0","05149","0"
"Alameda","36","888","California","4/14/20","634","254","06001","40.06"
"Alpine","0","2","California","4/14/20","1","1","06003","100"
"Amador","1","7","California","4/14/20","3","4","06005","133.33"
"Butte","0","15","California","4/14/20","12","3","06007","25"
"Calaveras","1","9","California","4/14/20","5","4","06009","80"
"Colusa","0","3","California","4/14/20","2","1","06011","50"
"Contra Costa","16","552","California","4/14/20","442","110","06013","24.89"
"Del Norte","0","2","California","4/14/20","2","0","06015","0"
"El Dorado","2","34","California","4/14/20","22","12","06017","54.55"
"Fresno","14","222","California","4/14/20","124","98","06019","79.03"
"Glenn","0","4","California","4/14/20","2","2","06021","100"
"Humboldt","0","50","California","4/14/20","49","1","06023","2.04"
"Imperial","5","100","California","4/14/20","68","32","06025","47.06"
"Inyo","0","12","California","4/14/20","11","1","06027","9.09"
"Kern","30","462","California","4/14/20","252","210","06029","83.33"
"Kings","1","12","California","4/14/20","5","7","06031","140"
"Lake","0","4","California","4/14/20","1","3","06033","300"
"Los Angeles","444","10047","California","4/14/20","6936","3111","06037","44.85"
"Madera","1","33","California","4/14/20","28","5","06039","17.86"
"Marin","4","170","California","4/14/20","143","27","06041","18.88"
"Mendocino","0","4","California","4/14/20","4","0","06045","0"
"Merced","6","74","California","4/14/20","29","45","06047","155.17"
"Mono","1","23","California","4/14/20","19","4","06051","21.05"
"Monterey","4","87","California","4/14/20","62","25","06053","40.32"
"Napa","2","38","California","4/14/20","22","16","06055","72.73"
"Nevada","0","34","California","4/14/20","32","2","06057","6.25"
"Orange","53","1299","California","4/14/20","931","368","06059","39.53"
"Placer","3","128","California","4/14/20","106","22","06061","20.75"
"Plumas","0","4","California","4/14/20","3","1","06063","33.33"
"Riverside","135","1961","California","4/14/20","1016","945","06065","93.01"
"Sacramento","42","816","California","4/14/20","525","291","06067","55.43"
"San Benito","2","39","California","4/14/20","23","16","06069","69.57"
"San Bernardino","64","977","California","4/14/20","530","447","06071","84.34"
"San Diego","63","1847","California","4/14/20","1404","443","06073","31.55"
"San Francisco","52","987","California","4/14/20","622","365","06075","58.68"
"San Joaquin","14","314","California","4/14/20","217","97","06077","44.7"
"San Luis Obispo","3","117","California","4/14/20","95","22","06079","23.16"
"San Mateo","19","721","California","4/14/20","589","132","06081","22.41"
"Santa Barbara","13","284","California","4/14/20","192","92","06083","47.92"
"Santa Clara","54","1666","California","4/14/20","1285","381","06085","29.65"
"Santa Cruz","2","91","California","4/14/20","76","15","06087","19.74"
"Shasta","1","25","California","4/14/20","21","4","06089","19.05"
"Siskiyou","0","5","California","4/14/20","4","1","06093","25"
"Solano","7","135","California","4/14/20","88","47","06095","53.41"
"Sonoma","6","152","California","4/14/20","111","41","06097","36.94"
"Stanislaus","9","146","California","4/14/20","81","65","06099","80.25"
"Sutter","1","23","California","4/14/20","16","7","06101","43.75"
"Tehama","0","1","California","4/14/20","1","0","06103","0"
"Tulare","20","296","California","4/14/20","157","139","06107","88.54"
"Tuolumne","0","1","California","4/14/20","2","-1","06109","-50"
"Ventura","11","317","California","4/14/20","243","74","06111","30.45"
"Yolo","7","101","California","4/14/20","50","51","06113","102"
"Yuba","1","15","California","4/14/20","11","4","06115","36.36"
"Adams","48","726","Colorado","4/14/20","388","338","08001","87.11"
"Alamosa","0","7","Colorado","4/14/20","4","3","08003","75"
"Arapahoe","66","1183","Colorado","4/14/20","718","465","08005","64.76"
"Archuleta","0","6","Colorado","4/14/20","6","0","08007","0"
"Baca","0","10","Colorado","4/14/20","9","1","08009","11.11"
"Boulder","12","293","Colorado","4/14/20","206","87","08013","42.23"
"Broomfield","5","88","Colorado","4/14/20","50","38","08014","76"
"Chaffee","1","28","Colorado","4/14/20","22","6","08015","27.27"
"Clear Creek","1","11","Colorado","4/14/20","7","4","08019","57.14"
"Costilla","0","3","Colorado","4/14/20","3","0","08023","0"
"Crowley","0","2","Colorado","4/14/20","1","1","08025","100"
"Custer","0","2","Colorado","4/14/20","2","0","08027","0"
"Delta","1","12","Colorado","4/14/20","5","7","08029","140"
"Denver","74","1402","Colorado","4/14/20","884","518","08031","58.6"
"Douglas","11","311","Colorado","4/14/20","232","79","08035","34.05"
"Eagle","14","468","Colorado","4/14/20","372","96","08037","25.81"
"El Paso","28","652","Colorado","4/14/20","457","195","08041","42.67"
"Elbert","1","17","Colorado","4/14/20","9","8","08039","88.89"
"Fremont","1","8","Colorado","4/14/20","4","4","08043","100"
"Garfield","2","59","Colorado","4/14/20","48","11","08045","22.92"
"Gilpin","0","1","Colorado","4/14/20","0","1","08047","1"
"Grand","0","4","Colorado","4/14/20","4","0","08049","0"
"Gunnison","1","99","Colorado","4/14/20","95","4","08051","4.21"
"Hinsdale","0","3","Colorado","4/14/20","1","2","08053","200"
"Huerfano","0","1","Colorado","4/14/20","1","0","08055","0"
"Jefferson","33","809","Colorado","4/14/20","579","230","08059","39.72"
"Kit Carson","0","8","Colorado","4/14/20","5","3","08063","60"
"La Plata","1","44","Colorado","4/14/20","34","10","08067","29.41"
"Lake","0","5","Colorado","4/14/20","3","2","08065","66.67"
"Larimer","5","198","Colorado","4/14/20","161","37","08069","22.98"
"Las Animas","0","2","Colorado","4/14/20","1","1","08071","100"
"Lincoln","0","2","Colorado","4/14/20","1","1","08073","100"
"Logan","0","13","Colorado","4/14/20","13","0","08075","0"
"Mesa","1","35","Colorado","4/14/20","27","8","08077","29.63"
"Mineral","0","2","Colorado","4/14/20","2","0","08079","0"
"Moffat","0","3","Colorado","4/14/20","3","0","08081","0"
"Montezuma","1","12","Colorado","4/14/20","8","4","08083","50"
"Montrose","4","63","Colorado","4/14/20","35","28","08085","80"
"Morgan","9","89","Colorado","4/14/20","23","66","08087","286.96"
"Otero","0","5","Colorado","4/14/20","4","1","08089","25"
"Ouray","0","4","Colorado","4/14/20","3","1","08091","33.33"
"Park","0","6","Colorado","4/14/20","5","1","08093","20"
"Phillips","0","4","Colorado","4/14/20","3","1","08095","33.33"
"Pitkin","1","49","Colorado","4/14/20","39","10","08097","25.64"
"Prowers","0","1","Colorado","4/14/20","0","1","08099","1"
"Pueblo","3","64","Colorado","4/14/20","44","20","08101","45.45"
"Rio Blanco","0","1","Colorado","4/14/20","1","0","08103","0"
"Rio Grande","0","5","Colorado","4/14/20","5","0","08105","0"
"Routt","1","41","Colorado","4/14/20","32","9","08107","28.12"
"Saguache","0","3","Colorado","4/14/20","3","0","08109","0"
"San Miguel","0","12","Colorado","4/14/20","10","2","08113","20"
"Summit","3","74","Colorado","4/14/20","53","21","08117","39.62"
"Teller","1","16","Colorado","4/14/20","12","4","08119","33.33"
"Washington","1","5","Colorado","4/14/20","1","4","08121","400"
"Weld","46","858","Colorado","4/14/20","537","321","08123","59.78"
"Yuma","0","2","Colorado","4/14/20","2","0","08125","0"
"Fairfield","297","6213","Connecticut","4/14/20","4136","2077","09001","50.22"
"Hartford","189","2370","Connecticut","4/14/20","1045","1325","09003","126.79"
"Litchfield","29","460","Connecticut","4/14/20","255","205","09005","80.39"
"Middlesex","29","355","Connecticut","4/14/20","150","205","09007","136.67"
"New Haven","268","3543","Connecticut","4/14/20","1664","1879","09009","112.92"
"New London","20","227","Connecticut","4/14/20","85","142","09011","167.06"
"Tolland","13","201","Connecticut","4/14/20","111","90","09013","81.08"
"Windham","6","87","Connecticut","4/14/20","43","44","09015","102.33"
"Kent","26","329","Delaware","4/14/20","147","182","10001","123.81"
"New Castle","54","947","Delaware","4/14/20","571","376","10003","65.85"
"Sussex","61","639","Delaware","4/14/20","210","429","10005","204.29"
"","0","49","Diamond Princess","4/14/20","49","0",,"0"
"District of Columbia","121","2058","District of Columbia","4/14/20","1211","847","11001","69.94"
"Alachua","8","195","Florida","4/14/20","139","56","12001","40.29"
"Baker","0","17","Florida","4/14/20","15","2","12003","13.33"
"Bay","2","38","Florida","4/14/20","25","13","12005","52"
"Bradford","3","31","Florida","4/14/20","11","20","12007","181.82"
"Brevard","9","163","Florida","4/14/20","98","65","12009","66.33"
"Broward","147","3261","Florida","4/14/20","2230","1031","12011","46.23"
"Calhoun","0","5","Florida","4/14/20","3","2","12013","66.67"
"Charlotte","8","123","Florida","4/14/20","67","56","12015","83.58"
"Citrus","3","75","Florida","4/14/20","51","24","12017","47.06"
"Clay","11","168","Florida","4/14/20","88","80","12019","90.91"
"Collier","16","380","Florida","4/14/20","271","109","12021","40.22"
"Columbia","2","28","Florida","4/14/20","16","12","12023","75"
"DeSoto","1","22","Florida","4/14/20","16","6","12027","37.5"
"Dixie","0","2","Florida","4/14/20","1","1","12029","100"
"Duval","28","718","Florida","4/14/20","521","197","12031","37.81"
"Escambia","11","247","Florida","4/14/20","168","79","12033","47.02"
"Flagler","1","45","Florida","4/14/20","35","10","12035","28.57"
"Franklin","0","2","Florida","4/14/20","2","0","12037","0"
"Gadsden","5","38","Florida","4/14/20","6","32","12039","533.33"
"Gilchrist","1","6","Florida","4/14/20","1","5","12041","500"
"Glades","0","5","Florida","4/14/20","4","1","12043","25"
"Gulf","0","1","Florida","4/14/20","1","0","12045","0"
"Hamilton","0","2","Florida","4/14/20","1","1","12047","100"
"Hardee","0","3","Florida","4/14/20","2","1","12049","50"
"Hendry","2","23","Florida","4/14/20","9","14","12051","155.56"
"Hernando","3","71","Florida","4/14/20","51","20","12053","39.22"
"Highlands","4","62","Florida","4/14/20","37","25","12055","67.57"
"Hillsborough","30","819","Florida","4/14/20","608","211","12057","34.7"
"Holmes","0","4","Florida","4/14/20","2","2","12059","100"
"Indian River","2","77","Florida","4/14/20","62","15","12061","24.19"
"Jackson","0","6","Florida","4/14/20","4","2","12063","50"
"Jefferson","1","13","Florida","4/14/20","4","9","12065","225"
"Lafayette","0","1","Florida","4/14/20","0","1","12067","1"
"Lake","8","169","Florida","4/14/20","116","53","12069","45.69"
"Lee","32","657","Florida","4/14/20","434","223","12071","51.38"
"Leon","12","150","Florida","4/14/20","68","82","12073","120.59"
"Levy","0","7","Florida","4/14/20","5","2","12075","40"
"Liberty","0","2","Florida","4/14/20","0","2","12077","1"
"Madison","0","14","Florida","4/14/20","11","3","12079","27.27"
"Manatee","14","261","Florida","4/14/20","162","99","12081","61.11"
"Marion","6","104","Florida","4/14/20","63","41","12083","65.08"
"Martin","5","135","Florida","4/14/20","98","37","12085","37.76"
"Miami-Dade","388","7712","Florida","4/14/20","4997","2715","12086","54.33"
"Monroe","2","64","Florida","4/14/20","49","15","12087","30.61"
"Nassau","1","35","Florida","4/14/20","26","9","12089","34.62"
"Okaloosa","5","104","Florida","4/14/20","69","35","12091","50.72"
"Okeechobee","0","5","Florida","4/14/20","4","1","12093","25"
"Orange","39","1038","Florida","4/14/20","763","275","12095","36.04"
"Osceola","14","349","Florida","4/14/20","254","95","12097","37.4"
"Palm Beach","86","1740","Florida","4/14/20","1136","604","12099","53.17"
"Pasco","8","177","Florida","4/14/20","120","57","12101","47.5"
"Pinellas","16","494","Florida","4/14/20","380","114","12103","30"
"Polk","12","279","Florida","4/14/20","197","82","12105","41.62"
"Putnam","3","43","Florida","4/14/20","19","24","12107","126.32"
"Santa Rosa","7","114","Florida","4/14/20","65","49","12113","75.38"
"Sarasota","10","241","Florida","4/14/20","172","69","12115","40.12"
"Seminole","10","275","Florida","4/14/20","202","73","12117","36.14"
"St. Johns","4","177","Florida","4/14/20","151","26","12109","17.22"
"St. Lucie","7","165","Florida","4/14/20","118","47","12111","39.83"
"Sumter","4","113","Florida","4/14/20","84","29","12119","34.52"
"Suwannee","6","75","Florida","4/14/20","32","43","12121","134.38"
"Taylor","0","1","Florida","4/14/20","1","0","12123","0"
"Union","0","2","Florida","4/14/20","2","0","12125","0"
"Volusia","9","226","Florida","4/14/20","162","64","12127","39.51"
"Wakulla","1","12","Florida","4/14/20","6","6","12129","100"
"Walton","0","29","Florida","4/14/20","26","3","12131","11.54"
"Washington","0","5","Florida","4/14/20","2","3","12133","150"
"Appling","1","13","Georgia","4/14/20","6","7","13001","116.67"
"Atkinson","0","2","Georgia","4/14/20","4","-2","13003","-50"
"Bacon","1","14","Georgia","4/14/20","10","4","13005","40"
"Baker","1","16","Georgia","4/14/20","9","7","13007","77.78"
"Baldwin","6","69","Georgia","4/14/20","26","43","13009","165.38"
"Banks","1","8","Georgia","4/14/20","3","5","13011","166.67"
"Barrow","4","65","Georgia","4/14/20","40","25","13013","62.5"
"Bartow","6","230","Georgia","4/14/20","187","43","13015","22.99"
"Ben Hill","1","10","Georgia","4/14/20","6","4","13017","66.67"
"Berrien","1","8","Georgia","4/14/20","4","4","13019","100"
"Bibb","7","91","Georgia","4/14/20","42","49","13021","116.67"
"Bleckley","0","3","Georgia","4/14/20","1","2","13023","200"
"Brantley","1","12","Georgia","4/14/20","3","9","13025","300"
"Brooks","2","20","Georgia","4/14/20","6","14","13027","233.33"
"Bryan","1","30","Georgia","4/14/20","26","4","13029","15.38"
"Bulloch","1","20","Georgia","4/14/20","10","10","13031","100"
"Burke","2","28","Georgia","4/14/20","14","14","13033","100"
"Butts","3","35","Georgia","4/14/20","17","18","13035","105.88"
"Calhoun","4","54","Georgia","4/14/20","28","26","13037","92.86"
"Camden","1","22","Georgia","4/14/20","16","6","13039","37.5"
"Candler","0","4","Georgia","4/14/20","4","0","13043","0"
"Carroll","8","235","Georgia","4/14/20","177","58","13045","32.77"
"Catoosa","1","15","Georgia","4/14/20","7","8","13047","114.29"
"Charlton","0","4","Georgia","4/14/20","3","1","13049","33.33"
"Chatham","6","157","Georgia","4/14/20","117","40","13051","34.19"
"Chattahoochee","0","5","Georgia","4/14/20","2","3","13053","150"
"Chattooga","1","8","Georgia","4/14/20","4","4","13055","100"
"Cherokee","11","219","Georgia","4/14/20","144","75","13057","52.08"
"Clarke","3","95","Georgia","4/14/20","77","18","13059","23.38"
"Clay","1","16","Georgia","4/14/20","10","6","13061","60"
"Clayton","24","435","Georgia","4/14/20","266","169","13063","63.53"
"Clinch","0","6","Georgia","4/14/20","3","3","13065","100"
"Cobb","49","895","Georgia","4/14/20","550","345","13067","62.73"
"Coffee","4","64","Georgia","4/14/20","38","26","13069","68.42"
"Colquitt","3","88","Georgia","4/14/20","69","19","13071","27.54"
"Columbia","4","75","Georgia","4/14/20","46","29","13073","63.04"
"Cook","1","7","Georgia","4/14/20","3","4","13075","133.33"
"Coweta","8","135","Georgia","4/14/20","79","56","13077","70.89"
"Crawford","1","9","Georgia","4/14/20","2","7","13079","350"
"Crisp","5","83","Georgia","4/14/20","46","37","13081","80.43"
"Dade","0","3","Georgia","4/14/20","1","2","13083","200"
"Dawson","2","36","Georgia","4/14/20","20","16","13085","80"
"Decatur","4","46","Georgia","4/14/20","17","29","13087","170.59"
"DeKalb","71","1144","Georgia","4/14/20","645","499","13089","77.36"
"Dodge","1","17","Georgia","4/14/20","8","9","13091","112.5"
"Dooly","3","51","Georgia","4/14/20","28","23","13093","82.14"
"Dougherty","51","1297","Georgia","4/14/20","939","358","13095","38.13"
"Douglas","11","189","Georgia","4/14/20","111","78","13097","70.27"
"Early","6","137","Georgia","4/14/20","92","45","13099","48.91"
"Echols","0","2","Georgia","4/14/20","1","1","13101","100"
"Effingham","1","25","Georgia","4/14/20","17","8","13103","47.06"
"Elbert","1","6","Georgia","4/14/20","2","4","13105","200"
"Emanuel","1","9","Georgia","4/14/20","3","6","13107","200"
"Evans","0","2","Georgia","4/14/20","0","2","13109","1"
"Fannin","0","13","Georgia","4/14/20","10","3","13111","30"
"Fayette","5","115","Georgia","4/14/20","79","36","13113","45.57"
"Floyd","4","120","Georgia","4/14/20","89","31","13115","34.83"
"Forsyth","8","153","Georgia","4/14/20","94","59","13117","62.77"
"Franklin","0","5","Georgia","4/14/20","3","2","13119","66.67"
"Fulton","98","1812","Georgia","4/14/20","1124","688","13121","61.21"
"Gilmer","1","7","Georgia","4/14/20","3","4","13123","133.33"
"Glynn","2","40","Georgia","4/14/20","29","11","13127","37.93"
"Gordon","3","45","Georgia","4/14/20","25","20","13129","80"
"Grady","2","21","Georgia","4/14/20","5","16","13131","320"
"Greene","1","31","Georgia","4/14/20","21","10","13133","47.62"
"Gwinnett","41","815","Georgia","4/14/20","525","290","13135","55.24"
"Habersham","3","28","Georgia","4/14/20","6","22","13137","366.67"
"Hall","24","363","Georgia","4/14/20","196","167","13139","85.2"
"Hancock","1","5","Georgia","4/14/20","1","4","13141","400"
"Haralson","1","19","Georgia","4/14/20","15","4","13143","26.67"
"Harris","2","23","Georgia","4/14/20","12","11","13145","91.67"
"Hart","0","5","Georgia","4/14/20","3","2","13147","66.67"
"Heard","0","5","Georgia","4/14/20","3","2","13149","66.67"
"Henry","16","306","Georgia","4/14/20","194","112","13151","57.73"
"Houston","8","138","Georgia","4/14/20","79","59","13153","74.68"
"Irwin","0","12","Georgia","4/14/20","9","3","13155","33.33"
"Jackson","2","32","Georgia","4/14/20","21","11","13157","52.38"
"Jasper","0","9","Georgia","4/14/20","6","3","13159","50"
"Jeff Davis","0","1","Georgia","4/14/20","1","0","13161","0"
"Jefferson","0","7","Georgia","4/14/20","4","3","13163","75"
"Jenkins","1","11","Georgia","4/14/20","7","4","13165","57.14"
"Johnson","2","20","Georgia","4/14/20","6","14","13167","233.33"
"Jones","1","14","Georgia","4/14/20","7","7","13169","100"
"Lamar","1","20","Georgia","4/14/20","15","5","13171","33.33"
"Lanier","0","5","Georgia","4/14/20","5","0","13173","0"
"Laurens","2","35","Georgia","4/14/20","22","13","13175","59.09"
"Lee","9","258","Georgia","4/14/20","195","63","13177","32.31"
"Liberty","1","21","Georgia","4/14/20","12","9","13179","75"
"Lincoln","1","9","Georgia","4/14/20","5","4","13181","80"
"Long","0","2","Georgia","4/14/20","1","1","13183","100"
"Lowndes","4","70","Georgia","4/14/20","44","26","13185","59.09"
"Lumpkin","0","11","Georgia","4/14/20","9","2","13187","22.22"
"Macon","6","47","Georgia","4/14/20","8","39","13193","487.5"
"Madison","0","12","Georgia","4/14/20","9","3","13195","33.33"
"Marion","2","17","Georgia","4/14/20","3","14","13197","466.67"
"McDuffie","2","30","Georgia","4/14/20","13","17","13189","130.77"
"McIntosh","0","3","Georgia","4/14/20","3","0","13191","0"
"Meriwether","1","24","Georgia","4/14/20","17","7","13199","41.18"
"Miller","0","15","Georgia","4/14/20","15","0","13201","0"
"Mitchell","11","164","Georgia","4/14/20","90","74","13205","82.22"
"Monroe","0","13","Georgia","4/14/20","13","0","13207","0"
"Montgomery","0","2","Georgia","4/14/20","0","2","13209","1"
"Morgan","1","15","Georgia","4/14/20","8","7","13211","87.5"
"Murray","1","16","Georgia","4/14/20","11","5","13213","45.45"
"Muscogee","17","175","Georgia","4/14/20","53","122","13215","230.19"
"Newton","5","100","Georgia","4/14/20","65","35","13217","53.85"
"Oconee","1","42","Georgia","4/14/20","32","10","13219","31.25"
"Oglethorpe","2","19","Georgia","4/14/20","2","17","13221","850"
"Out of GA","95","665","Georgia","4/14/20","0","665","80013","1"
"Paulding","8","115","Georgia","4/14/20","60","55","13223","91.67"
"Peach","1","24","Georgia","4/14/20","16","8","13225","50"
"Pickens","0","13","Georgia","4/14/20","10","3","13227","30"
"Pierce","3","47","Georgia","4/14/20","28","19","13229","67.86"
"Pike","2","22","Georgia","4/14/20","10","12","13231","120"
"Polk","1","25","Georgia","4/14/20","20","5","13233","25"
"Pulaski","0","11","Georgia","4/14/20","8","3","13235","37.5"
"Putnam","1","12","Georgia","4/14/20","5","7","13237","140"
"Quitman","0","3","Georgia","4/14/20","3","0","13239","0"
"Rabun","0","7","Georgia","4/14/20","5","2","13241","40"
"Randolph","7","131","Georgia","4/14/20","81","50","13243","61.73"
"Richmond","13","162","Georgia","4/14/20","74","88","13245","118.92"
"Rockdale","3","106","Georgia","4/14/20","85","21","13247","24.71"
"Schley","0","12","Georgia","4/14/20","10","2","13249","20"
"Screven","1","9","Georgia","4/14/20","3","6","13251","200"
"Seminole","1","16","Georgia","4/14/20","12","4","13253","33.33"
"Spalding","5","83","Georgia","4/14/20","50","33","13255","66"
"Stephens","2","24","Georgia","4/14/20","11","13","13257","118.18"
"Stewart","1","8","Georgia","4/14/20","3","5","13259","166.67"
"Sumter","17","269","Georgia","4/14/20","147","122","13261","82.99"
"Talbot","1","10","Georgia","4/14/20","6","4","13263","66.67"
"Tattnall","0","5","Georgia","4/14/20","3","2","13267","66.67"
"Taylor","1","9","Georgia","4/14/20","5","4","13269","80"
"Telfair","1","11","Georgia","4/14/20","4","7","13271","175"
"Terrell","7","134","Georgia","4/14/20","87","47","13273","54.02"
"Thomas","7","89","Georgia","4/14/20","37","52","13275","140.54"
"Tift","4","71","Georgia","4/14/20","43","28","13277","65.12"
"Toombs","1","15","Georgia","4/14/20","8","7","13279","87.5"
"Towns","1","8","Georgia","4/14/20","2","6","13281","300"
"Treutlen","0","1","Georgia","4/14/20","1","0","13283","0"
"Troup","3","68","Georgia","4/14/20","46","22","13285","47.83"
"Turner","4","41","Georgia","4/14/20","16","25","13287","156.25"
"Twiggs","0","3","Georgia","4/14/20","2","1","13289","50"
"Union","1","8","Georgia","4/14/20","3","5","13291","166.67"
"Upson","14","128","Georgia","4/14/20","28","100","13293","357.14"
"Walker","1","10","Georgia","4/14/20","4","6","13295","150"
"Walton","4","52","Georgia","4/14/20","24","28","13297","116.67"
"Ware","4","64","Georgia","4/14/20","37","27","13299","72.97"
"Warren","0","7","Georgia","4/14/20","6","1","13301","16.67"
"Washington","2","22","Georgia","4/14/20","11","11","13303","100"
"Wayne","0","6","Georgia","4/14/20","3","3","13305","100"
"Webster","0","3","Georgia","4/14/20","4","-1","13307","-25"
"Wheeler","0","3","Georgia","4/14/20","1","2","13309","200"
"White","1","14","Georgia","4/14/20","9","5","13311","55.56"
"Whitfield","1","29","Georgia","4/14/20","21","8","13313","38.1"
"Wilcox","4","28","Georgia","4/14/20","2","26","13315","1300"
"Wilkes","0","8","Georgia","4/14/20","5","3","13317","60"
"Wilkinson","1","12","Georgia","4/14/20","3","9","13319","300"
"Worth","6","99","Georgia","4/14/20","55","44","13321","80"
"","0","103","Grand Princess","4/14/20","103","0",,"0"
"","2","133","Guam","4/14/20","121","12",,"9.92"
"Hawaii","3","41","Hawaii","4/14/20","23","18","15001","78.26"
"Honolulu","7","358","Hawaii","4/14/20","312","46","15003","14.74"
"Kauai","0","21","Hawaii","4/14/20","18","3","15007","16.67"
"Maui","6","88","Hawaii","4/14/20","48","40","15009","83.33"
"Out of HI","0","0","Hawaii","4/14/20","2","-2","80015","-100"
"Ada","17","538","Idaho","4/14/20","419","119","16001","28.4"
"Adams","0","1","Idaho","4/14/20","1","0","16003","0"
"Bannock","0","5","Idaho","4/14/20","5","0","16005","0"
"Bingham","0","2","Idaho","4/14/20","2","0","16011","0"
"Blaine","5","458","Idaho","4/14/20","423","35","16013","8.27"
"Bonner","0","4","Idaho","4/14/20","3","1","16017","33.33"
"Bonneville","1","14","Idaho","4/14/20","6","8","16019","133.33"
"Boundary","0","1","Idaho","4/14/20","0","1","16021","1"
"Camas","0","1","Idaho","4/14/20","1","0","16025","0"
"Canyon","8","161","Idaho","4/14/20","104","57","16027","54.81"
"Caribou","0","1","Idaho","4/14/20","1","0","16029","0"
"Cassia","1","10","Idaho","4/14/20","5","5","16031","100"
"Custer","0","2","Idaho","4/14/20","2","0","16037","0"
"Elmore","1","16","Idaho","4/14/20","12","4","16039","33.33"
"Fremont","0","2","Idaho","4/14/20","2","0","16043","0"
"Gem","0","9","Idaho","4/14/20","8","1","16045","12.5"
"Gooding","0","5","Idaho","4/14/20","3","2","16047","66.67"
"Idaho","0","3","Idaho","4/14/20","3","0","16049","0"
"Jefferson","0","4","Idaho","4/14/20","4","0","16051","0"
"Jerome","2","30","Idaho","4/14/20","18","12","16053","66.67"
"Kootenai","0","45","Idaho","4/14/20","43","2","16055","4.65"
"Latah","0","3","Idaho","4/14/20","2","1","16057","50"
"Lincoln","0","15","Idaho","4/14/20","12","3","16063","25"
"Madison","0","5","Idaho","4/14/20","4","1","16065","25"
"Minidoka","0","6","Idaho","4/14/20","3","3","16067","100"
"Nez Perce","1","20","Idaho","4/14/20","15","5","16069","33.33"
"Owyhee","0","4","Idaho","4/14/20","2","2","16073","100"
"Payette","0","9","Idaho","4/14/20","6","3","16075","50"
"Power","0","2","Idaho","4/14/20","0","2","16077","1"
"Teton","0","6","Idaho","4/14/20","5","1","16081","20"
"Twin Falls","4","79","Idaho","4/14/20","53","26","16083","49.06"
"Valley","0","2","Idaho","4/14/20","2","0","16085","0"
"Washington","0","1","Idaho","4/14/20","1","0","16087","0"
"Adams","3","27","Illinois","4/14/20","9","18","17001","200"
"Bond","0","4","Illinois","4/14/20","3","1","17005","33.33"
"Boone","1","13","Illinois","4/14/20","6","7","17007","116.67"
"Bureau","0","6","Illinois","4/14/20","4","2","17011","50"
"Calhoun","0","1","Illinois","4/14/20","1","0","17013","0"
"Carroll","0","5","Illinois","4/14/20","5","0","17015","0"
"Champaign","3","88","Illinois","4/14/20","65","23","17019","35.38"
"Christian","0","24","Illinois","4/14/20","23","1","17021","4.35"
"Clark","0","4","Illinois","4/14/20","4","0","17023","0"
"Clay","0","1","Illinois","4/14/20","0","1","17025","1"
"Clinton","4","38","Illinois","4/14/20","11","27","17027","245.45"
"Coles","1","8","Illinois","4/14/20","1","7","17029","700"
"Cook","973","16323","Illinois","4/14/20","9509","6814","17031","71.66"
"Crawford","0","4","Illinois","4/14/20","4","0","17033","0"
"Cumberland","0","2","Illinois","4/14/20","1","1","17035","100"
"De Witt","0","1","Illinois","4/14/20","2","-1","17039","-50"
"DeKalb","1","35","Illinois","4/14/20","26","9","17037","34.62"
"Douglas","0","11","Illinois","4/14/20","10","1","17041","10"
"DuPage","74","1312","Illinois","4/14/20","795","517","17043","65.03"
"Effingham","0","3","Illinois","4/14/20","1","2","17049","200"
"Fayette","1","12","Illinois","4/14/20","3","9","17051","300"
"Ford","0","4","Illinois","4/14/20","5","-1","17053","-20"
"Franklin","0","4","Illinois","4/14/20","2","2","17055","100"
"Fulton","0","1","Illinois","4/14/20","0","1","17057","1"
"Gallatin","0","2","Illinois","4/14/20","1","1","17059","100"
"Greene","0","1","Illinois","4/14/20","0","1","17061","1"
"Grundy","2","24","Illinois","4/14/20","10","14","17063","140"
"Hancock","0","1","Illinois","4/14/20","0","1","17067","1"
"Henry","1","23","Illinois","4/14/20","13","10","17073","76.92"
"Iroquois","0","9","Illinois","4/14/20","7","2","17075","28.57"
"Jackson","2","36","Illinois","4/14/20","20","16","17077","80"
"Jasper","0","3","Illinois","4/14/20","3","0","17079","0"
"Jefferson","1","8","Illinois","4/14/20","3","5","17081","166.67"
"Jersey","0","6","Illinois","4/14/20","4","2","17083","50"
"Jo Daviess","1","11","Illinois","4/14/20","6","5","17085","83.33"
"Johnson","0","1","Illinois","4/14/20","0","1","17087","1"
"Kane","28","448","Illinois","4/14/20","255","193","17089","75.69"
"Kankakee","16","220","Illinois","4/14/20","107","113","17091","105.61"
"Kendall","8","114","Illinois","4/14/20","61","53","17093","86.89"
"Knox","0","2","Illinois","4/14/20","1","1","17095","100"
"Lake","100","1621","Illinois","4/14/20","923","698","17097","75.62"
"LaSalle","2","23","Illinois","4/14/20","12","11","17099","91.67"
"Lawrence","0","2","Illinois","4/14/20","2","0","17101","0"
"Lee","1","13","Illinois","4/14/20","3","10","17103","333.33"
"Livingston","1","17","Illinois","4/14/20","10","7","17105","70"
"Logan","0","4","Illinois","4/14/20","2","2","17107","100"
"Macon","5","45","Illinois","4/14/20","12","33","17115","275"
"Macoupin","1","16","Illinois","4/14/20","8","8","17117","100"
"Madison","9","128","Illinois","4/14/20","63","65","17119","103.17"
"Marion","2","14","Illinois","4/14/20","3","11","17121","366.67"
"Marshall","0","2","Illinois","4/14/20","1","1","17123","100"
"Mason","0","3","Illinois","4/14/20","3","0","17125","0"
"Massac","0","3","Illinois","4/14/20","2","1","17127","50"
"McDonough","0","2","Illinois","4/14/20","0","2","17109","1"
"McHenry","14","257","Illinois","4/14/20","156","101","17111","64.74"
"McLean","3","81","Illinois","4/14/20","57","24","17113","42.11"
"Menard","0","2","Illinois","4/14/20","2","0","17129","0"
"Mercer","0","3","Illinois","4/14/20","2","1","17131","50"
"Monroe","5","47","Illinois","4/14/20","12","35","17133","291.67"
"Montgomery","1","9","Illinois","4/14/20","3","6","17135","200"
"Morgan","0","11","Illinois","4/14/20","8","3","17137","37.5"
"Moultrie","0","2","Illinois","4/14/20","2","0","17139","0"
"Ogle","2","26","Illinois","4/14/20","10","16","17141","160"
"Peoria","3","31","Illinois","4/14/20","13","18","17143","138.46"
"Perry","0","1","Illinois","4/14/20","0","1","17145","1"
"Piatt","0","6","Illinois","4/14/20","4","2","17147","50"
"Pike","0","1","Illinois","4/14/20","1","0","17149","0"
"Pulaski","1","5","Illinois","4/14/20","0","5","17153","1"
"Randolph","2","41","Illinois","4/14/20","29","12","17157","41.38"
"Richland","0","1","Illinois","4/14/20","1","0","17159","0"
"Rock Island","8","113","Illinois","4/14/20","54","59","17161","109.26"
"Saline","0","3","Illinois","4/14/20","2","1","17165","50"
"Sangamon","3","50","Illinois","4/14/20","32","18","17167","56.25"
"Schuyler","0","1","Illinois","4/14/20","0","1","17169","1"
"Shelby","0","4","Illinois","4/14/20","2","2","17173","100"
"St. Clair","16","220","Illinois","4/14/20","109","111","17163","101.83"
"Stark","0","1","Illinois","4/14/20","0","1","17175","1"
"Stephenson","0","9","Illinois","4/14/20","6","3","17177","50"
"Tazewell","1","21","Illinois","4/14/20","15","6","17179","40"
"Vermilion","0","8","Illinois","4/14/20","5","3","17183","60"
"Wabash","0","2","Illinois","4/14/20","1","1","17185","100"
"Warren","0","2","Illinois","4/14/20","0","2","17187","1"
"Washington","0","2","Illinois","4/14/20","2","0","17189","0"
"Whiteside","1","30","Illinois","4/14/20","21","9","17195","42.86"
"Will","73","1350","Illinois","4/14/20","840","510","17197","60.71"
"Williamson","0","10","Illinois","4/14/20","8","2","17199","25"
"Winnebago","6","101","Illinois","4/14/20","59","42","17201","71.19"
"Woodford","0","10","Illinois","4/14/20","7","3","17203","42.86"
"Adams","1","6","Indiana","4/14/20","2","4","18001","200"
"Allen","11","167","Indiana","4/14/20","90","77","18003","85.56"
"Bartholomew","8","110","Indiana","4/14/20","55","55","18005","100"
"Benton","0","2","Indiana","4/14/20","0","2","18007","1"
"Blackford","0","6","Indiana","4/14/20","4","2","18009","50"
"Boone","7","125","Indiana","4/14/20","74","51","18011","68.92"
"Brown","1","13","Indiana","4/14/20","8","5","18013","62.5"
"Carroll","0","6","Indiana","4/14/20","3","3","18015","100"
"Cass","2","28","Indiana","4/14/20","12","16","18017","133.33"
"Clark","7","132","Indiana","4/14/20","82","50","18019","60.98"
"Clay","1","12","Indiana","4/14/20","7","5","18021","71.43"
"Clinton","1","12","Indiana","4/14/20","5","7","18023","140"
"Crawford","0","12","Indiana","4/14/20","9","3","18025","33.33"
"Daviess","1","12","Indiana","4/14/20","4","8","18027","200"
"Dearborn","3","60","Indiana","4/14/20","41","19","18029","46.34"
"Decatur","9","153","Indiana","4/14/20","90","63","18031","70"
"DeKalb","0","6","Indiana","4/14/20","4","2","18033","50"
"Delaware","5","72","Indiana","4/14/20","40","32","18035","80"
"Dubois","1","13","Indiana","4/14/20","7","6","18037","85.71"
"Elkhart","8","100","Indiana","4/14/20","43","57","18039","132.56"
"Fayette","0","20","Indiana","4/14/20","18","2","18041","11.11"
"Floyd","5","111","Indiana","4/14/20","74","37","18043","50"
"Fountain","0","3","Indiana","4/14/20","2","1","18045","50"
"Franklin","2","74","Indiana","4/14/20","60","14","18047","23.33"
"Fulton","0","3","Indiana","4/14/20","3","0","18049","0"
"Gibson","0","4","Indiana","4/14/20","4","0","18051","0"
"Grant","3","40","Indiana","4/14/20","20","20","18053","100"
"Greene","2","25","Indiana","4/14/20","11","14","18055","127.27"
"Hamilton","19","499","Indiana","4/14/20","363","136","18057","37.47"
"Hancock","5","121","Indiana","4/14/20","89","32","18059","35.96"
"Harrison","1","58","Indiana","4/14/20","48","10","18061","20.83"
"Hendricks","18","350","Indiana","4/14/20","225","125","18063","55.56"
"Henry","1","22","Indiana","4/14/20","16","6","18065","37.5"
"Howard","2","50","Indiana","4/14/20","37","13","18067","35.14"
"Huntington","0","6","Indiana","4/14/20","6","0","18069","0"
"Jackson","4","70","Indiana","4/14/20","40","30","18071","75"
"Jasper","1","18","Indiana","4/14/20","14","4","18073","28.57"
"Jay","1","7","Indiana","4/14/20","3","4","18075","133.33"
"Jefferson","1","16","Indiana","4/14/20","6","10","18077","166.67"
"Jennings","2","58","Indiana","4/14/20","41","17","18079","41.46"
"Johnson","17","329","Indiana","4/14/20","212","117","18081","55.19"
"Knox","1","15","Indiana","4/14/20","9","6","18083","66.67"
"Kosciusko","1","19","Indiana","4/14/20","14","5","18085","35.71"
"LaGrange","1","13","Indiana","4/14/20","6","7","18087","116.67"
"Lake","57","819","Indiana","4/14/20","418","401","18089","95.93"
"LaPorte","2","36","Indiana","4/14/20","25","11","18091","44"
"Lawrence","4","73","Indiana","4/14/20","44","29","18093","65.91"
"Madison","18","263","Indiana","4/14/20","137","126","18095","91.97"
"Marion","132","3063","Indiana","4/14/20","2141","922","18097","43.06"
"Marshall","1","17","Indiana","4/14/20","10","7","18099","70"
"Martin","1","5","Indiana","4/14/20","1","4","18101","400"
"Miami","1","17","Indiana","4/14/20","9","8","18103","88.89"
"Monroe","5","91","Indiana","4/14/20","54","37","18105","68.52"
"Montgomery","1","23","Indiana","4/14/20","16","7","18107","43.75"
"Morgan","4","104","Indiana","4/14/20","79","25","18109","31.65"
"Newton","3","29","Indiana","4/14/20","6","23","18111","383.33"
"Noble","1","17","Indiana","4/14/20","11","6","18113","54.55"
"Ohio","0","1","Indiana","4/14/20","1","0","18115","0"
"Orange","1","18","Indiana","4/14/20","14","4","18117","28.57"
"Owen","0","19","Indiana","4/14/20","17","2","18119","11.76"
"Parke","0","7","Indiana","4/14/20","6","1","18121","16.67"
"Perry","0","3","Indiana","4/14/20","0","3","18123","1"
"Pike","0","2","Indiana","4/14/20","0","2","18125","1"
"Porter","6","127","Indiana","4/14/20","84","43","18127","51.19"
"Posey","0","5","Indiana","4/14/20","5","0","18129","0"
"Pulaski","0","1","Indiana","4/14/20","1","0","18131","0"
"Putnam","2","38","Indiana","4/14/20","25","13","18133","52"
"Randolph","1","11","Indiana","4/14/20","7","4","18135","57.14"
"Ripley","2","89","Indiana","4/14/20","76","13","18137","17.11"
"Rush","0","16","Indiana","4/14/20","14","2","18139","14.29"
"Scott","1","17","Indiana","4/14/20","8","9","18143","112.5"
"Shelby","4","77","Indiana","4/14/20","51","26","18145","50.98"
"Spencer","0","3","Indiana","4/14/20","1","2","18147","200"
"St. Joseph","15","234","Indiana","4/14/20","129","105","18141","81.4"
"Starke","1","10","Indiana","4/14/20","5","5","18149","100"
"Steuben","0","12","Indiana","4/14/20","9","3","18151","33.33"
"Sullivan","0","6","Indiana","4/14/20","3","3","18153","100"
"Switzerland","0","12","Indiana","4/14/20","11","1","18155","9.09"
"Tippecanoe","1","46","Indiana","4/14/20","36","10","18157","27.78"
"Tipton","0","10","Indiana","4/14/20","8","2","18159","25"
"Union","0","6","Indiana","4/14/20","3","3","18161","100"
"Vanderburgh","3","60","Indiana","4/14/20","41","19","18163","46.34"
"Vermillion","0","3","Indiana","4/14/20","2","1","18165","50"
"Vigo","2","42","Indiana","4/14/20","25","17","18167","68"
"Wabash","0","7","Indiana","4/14/20","5","2","18169","40"
"Warren","0","3","Indiana","4/14/20","2","1","18171","50"
"Warrick","2","39","Indiana","4/14/20","23","16","18173","69.57"
"Washington","1","26","Indiana","4/14/20","20","6","18175","30"
"Wayne","1","19","Indiana","4/14/20","13","6","18177","46.15"
"Wells","0","4","Indiana","4/14/20","2","2","18179","100"
"White","0","5","Indiana","4/14/20","3","2","18181","66.67"
"Whitley","1","14","Indiana","4/14/20","8","6","18183","75"
"Adair","0","1","Iowa","4/14/20","1","0","19001","0"
"Allamakee","1","24","Iowa","4/14/20","17","7","19005","41.18"
"Appanoose","0","1","Iowa","4/14/20","1","0","19007","0"
"Audubon","0","1","Iowa","4/14/20","1","0","19009","0"
"Benton","1","20","Iowa","4/14/20","11","9","19011","81.82"
"Black Hawk","9","78","Iowa","4/14/20","15","63","19013","420"
"Boone","0","4","Iowa","4/14/20","3","1","19015","33.33"
"Bremer","1","9","Iowa","4/14/20","2","7","19017","350"
"Buchanan","0","8","Iowa","4/14/20","5","3","19019","60"
"Buena Vista","0","2","Iowa","4/14/20","0","2","19021","1"
"Butler","0","1","Iowa","4/14/20","1","0","19023","0"
"Carroll","0","1","Iowa","4/14/20","1","0","19027","0"
"Cass","0","1","Iowa","4/14/20","0","1","19029","1"
"Cedar","1","21","Iowa","4/14/20","13","8","19031","61.54"
"Cerro Gordo","0","14","Iowa","4/14/20","12","2","19033","16.67"
"Chickasaw","0","2","Iowa","4/14/20","1","1","19037","100"
"Clarke","0","2","Iowa","4/14/20","1","1","19039","100"
"Clay","0","2","Iowa","4/14/20","2","0","19041","0"
"Clayton","0","7","Iowa","4/14/20","5","2","19043","40"
"Clinton","3","36","Iowa","4/14/20","17","19","19045","111.76"
"Crawford","0","6","Iowa","4/14/20","5","1","19047","20"
"Dallas","0","37","Iowa","4/14/20","35","2","19049","5.71"
"Delaware","0","2","Iowa","4/14/20","1","1","19055","100"
"Des Moines","1","7","Iowa","4/14/20","3","4","19057","133.33"
"Dickinson","0","1","Iowa","4/14/20","1","0","19059","0"
"Dubuque","1","35","Iowa","4/14/20","28","7","19061","25"
"Fayette","0","5","Iowa","4/14/20","3","2","19065","66.67"
"Franklin","0","1","Iowa","4/14/20","1","0","19069","0"
"Greene","0","1","Iowa","4/14/20","0","1","19073","1"
"Grundy","0","1","Iowa","4/14/20","1","0","19075","0"
"Guthrie","0","1","Iowa","4/14/20","1","0","19077","0"
"Hamilton","0","2","Iowa","4/14/20","2","0","19079","0"
"Hancock","0","3","Iowa","4/14/20","3","0","19081","0"
"Hardin","0","2","Iowa","4/14/20","1","1","19083","100"
"Harrison","0","12","Iowa","4/14/20","10","2","19085","20"
"Henry","1","22","Iowa","4/14/20","13","9","19087","69.23"
"Howard","0","1","Iowa","4/14/20","1","0","19089","0"
"Iowa","0","7","Iowa","4/14/20","6","1","19095","16.67"
"Jackson","0","4","Iowa","4/14/20","4","0","19097","0"
"Jasper","1","15","Iowa","4/14/20","8","7","19099","87.5"
"Jefferson","0","4","Iowa","4/14/20","3","1","19101","33.33"
"Johnson","12","216","Iowa","4/14/20","134","82","19103","61.19"
"Jones","1","11","Iowa","4/14/20","6","5","19105","83.33"
"Keokuk","0","2","Iowa","4/14/20","2","0","19107","0"
"Kossuth","0","1","Iowa","4/14/20","1","0","19109","0"
"Lee","0","2","Iowa","4/14/20","1","1","19111","100"
"Linn","11","265","Iowa","4/14/20","186","79","19113","42.47"
"Louisa","18","149","Iowa","4/14/20","20","129","19115","645"
"Lyon","0","4","Iowa","4/14/20","2","2","19119","100"
"Madison","0","3","Iowa","4/14/20","1","2","19121","200"
"Mahaska","0","5","Iowa","4/14/20","4","1","19123","25"
"Marion","0","3","Iowa","4/14/20","2","1","19125","50"
"Marshall","4","42","Iowa","4/14/20","14","28","19127","200"
"Mills","0","2","Iowa","4/14/20","1","1","19129","100"
"Mitchell","0","2","Iowa","4/14/20","2","0","19131","0"
"Monona","0","6","Iowa","4/14/20","6","0","19133","0"
"Montgomery","0","1","Iowa","4/14/20","1","0","19137","0"
"Muscatine","10","122","Iowa","4/14/20","51","71","19139","139.22"
"O'Brien","0","3","Iowa","4/14/20","3","0","19141","0"
"Osceola","0","2","Iowa","4/14/20","0","2","19143","1"
"Page","0","3","Iowa","4/14/20","3","0","19145","0"
"Plymouth","0","4","Iowa","4/14/20","4","0","19149","0"
"Polk","12","213","Iowa","4/14/20","127","86","19153","67.72"
"Pottawattamie","1","14","Iowa","4/14/20","9","5","19155","55.56"
"Poweshiek","0","6","Iowa","4/14/20","6","0","19157","0"
"Scott","8","124","Iowa","4/14/20","66","58","19163","87.88"
"Shelby","0","6","Iowa","4/14/20","6","0","19165","0"
"Sioux","0","7","Iowa","4/14/20","7","0","19167","0"
"Story","1","11","Iowa","4/14/20","6","5","19169","83.33"
"Tama","9","108","Iowa","4/14/20","42","66","19171","157.14"
"Taylor","0","1","Iowa","4/14/20","1","0","19173","0"
"Union","0","1","Iowa","4/14/20","0","1","19175","1"
"Van Buren","0","8","Iowa","4/14/20","6","2","19177","33.33"
"Wapello","1","7","Iowa","4/14/20","2","5","19179","250"
"Warren","0","15","Iowa","4/14/20","12","3","19181","25"
"Washington","5","95","Iowa","4/14/20","57","38","19183","66.67"
"Webster","0","2","Iowa","4/14/20","1","1","19187","100"
"Winnebago","0","2","Iowa","4/14/20","1","1","19189","100"
"Winneshiek","0","5","Iowa","4/14/20","4","1","19191","25"
"Woodbury","2","20","Iowa","4/14/20","9","11","19193","122.22"
"Worth","0","1","Iowa","4/14/20","0","1","19195","1"
"Wright","0","1","Iowa","4/14/20","1","0","19197","0"
"Atchison","0","3","Kansas","4/14/20","2","1","20005","50"
"Barber","0","1","Kansas","4/14/20","1","0","20007","0"
"Barton","0","4","Kansas","4/14/20","3","1","20009","33.33"
"Bourbon","0","7","Kansas","4/14/20","7","0","20011","0"
"Butler","0","9","Kansas","4/14/20","8","1","20015","12.5"
"Chautauqua","0","3","Kansas","4/14/20","3","0","20019","0"
"Cherokee","0","6","Kansas","4/14/20","5","1","20021","20"
"Clay","0","1","Kansas","4/14/20","1","0","20027","0"
"Cloud","0","3","Kansas","4/14/20","2","1","20029","50"
"Coffey","1","41","Kansas","4/14/20","32","9","20031","28.12"
"Cowley","0","1","Kansas","4/14/20","1","0","20035","0"
"Crawford","0","6","Kansas","4/14/20","6","0","20037","0"
"Dickinson","0","1","Kansas","4/14/20","0","1","20041","1"
"Doniphan","0","1","Kansas","4/14/20","1","0","20043","0"
"Douglas","0","40","Kansas","4/14/20","38","2","20045","5.26"
"Ellis","1","4","Kansas","4/14/20","0","4","20051","1"
"Finney","1","17","Kansas","4/14/20","11","6","20055","54.55"
"Ford","2","17","Kansas","4/14/20","1","16","20057","1600"
"Franklin","0","12","Kansas","4/14/20","10","2","20059","20"
"Geary","1","10","Kansas","4/14/20","4","6","20061","150"
"Gove","0","1","Kansas","4/14/20","1","0","20063","0"
"Greenwood","0","1","Kansas","4/14/20","1","0","20073","0"
"Hamilton","0","1","Kansas","4/14/20","0","1","20075","1"
"Harvey","0","5","Kansas","4/14/20","4","1","20079","25"
"Jackson","0","1","Kansas","4/14/20","1","0","20085","0"
"Jefferson","0","5","Kansas","4/14/20","3","2","20087","66.67"
"Jewell","0","3","Kansas","4/14/20","1","2","20089","200"
"Johnson","15","323","Kansas","4/14/20","219","104","20091","47.49"
"Labette","2","19","Kansas","4/14/20","8","11","20099","137.5"
"Leavenworth","7","95","Kansas","4/14/20","43","52","20103","120.93"
"Linn","0","5","Kansas","4/14/20","5","0","20107","0"
"Lyon","1","32","Kansas","4/14/20","25","7","20111","28"
"Marion","0","5","Kansas","4/14/20","3","2","20115","66.67"
"McPherson","1","14","Kansas","4/14/20","10","4","20113","40"
"Miami","0","4","Kansas","4/14/20","2","2","20121","100"
"Mitchell","0","2","Kansas","4/14/20","2","0","20123","0"
"Montgomery","0","11","Kansas","4/14/20","9","2","20125","22.22"
"Morris","0","2","Kansas","4/14/20","2","0","20127","0"
"Morton","0","1","Kansas","4/14/20","1","0","20129","0"
"Neosho","0","2","Kansas","4/14/20","1","1","20133","100"
"Osage","0","4","Kansas","4/14/20","3","1","20139","33.33"
"Osborne","0","2","Kansas","4/14/20","2","0","20141","0"
"Ottawa","0","3","Kansas","4/14/20","3","0","20143","0"
"Phillips","0","1","Kansas","4/14/20","0","1","20147","1"
"Pottawatomie","0","5","Kansas","4/14/20","3","2","20149","66.67"
"Pratt","0","1","Kansas","4/14/20","1","0","20151","0"
"Reno","0","14","Kansas","4/14/20","11","3","20155","27.27"
"Republic","0","4","Kansas","4/14/20","2","2","20157","100"
"Riley","1","23","Kansas","4/14/20","17","6","20161","35.29"
"Rooks","0","2","Kansas","4/14/20","0","2","20163","1"
"Saline","1","13","Kansas","4/14/20","7","6","20169","85.71"
"Scott","0","1","Kansas","4/14/20","1","0","20171","0"
"Sedgwick","10","206","Kansas","4/14/20","134","72","20173","53.73"
"Seward","1","6","Kansas","4/14/20","1","5","20175","500"
"Shawnee","5","80","Kansas","4/14/20","47","33","20177","70.21"
"Smith","0","1","Kansas","4/14/20","0","1","20183","1"
"Stafford","0","1","Kansas","4/14/20","1","0","20185","0"
"Stanton","0","2","Kansas","4/14/20","0","2","20187","1"
"Stevens","0","2","Kansas","4/14/20","1","1","20189","100"
"Sumner","0","2","Kansas","4/14/20","2","0","20191","0"
"Wabaunsee","0","1","Kansas","4/14/20","1","0","20197","0"
"Woodson","0","3","Kansas","4/14/20","3","0","20207","0"
"Wyandotte","21","345","Kansas","4/14/20","195","150","20209","76.92"
"Adair","6","43","Kentucky","4/14/20","3","40","21001","1333.33"
"Allen","0","2","Kentucky","4/14/20","2","0","21003","0"
"Anderson","0","3","Kentucky","4/14/20","3","0","21005","0"
"Ballard","0","2","Kentucky","4/14/20","0","2","21007","1"
"Barren","1","5","Kentucky","4/14/20","1","4","21009","400"
"Bath","0","3","Kentucky","4/14/20","1","2","21011","200"
"Boone","5","58","Kentucky","4/14/20","21","37","21015","176.19"
"Bourbon","0","4","Kentucky","4/14/20","4","0","21017","0"
"Boyd","1","23","Kentucky","4/14/20","15","8","21019","53.33"
"Boyle","1","14","Kentucky","4/14/20","7","7","21021","100"
"Bracken","1","5","Kentucky","4/14/20","1","4","21023","400"
"Breathitt","0","3","Kentucky","4/14/20","1","2","21025","200"
"Breckinridge","0","3","Kentucky","4/14/20","2","1","21027","50"
"Bullitt","3","34","Kentucky","4/14/20","11","23","21029","209.09"
"Butler","3","22","Kentucky","4/14/20","1","21","21031","2100"
"Caldwell","1","9","Kentucky","4/14/20","2","7","21033","350"
"Calloway","2","16","Kentucky","4/14/20","5","11","21035","220"
"Campbell","5","45","Kentucky","4/14/20","13","32","21037","246.15"
"Carroll","0","2","Kentucky","4/14/20","2","0","21041","0"
"Carter","0","3","Kentucky","4/14/20","1","2","21043","200"
"Christian","5","69","Kentucky","4/14/20","32","37","21047","115.62"
"Clark","1","18","Kentucky","4/14/20","11","7","21049","63.64"
"Clinton","0","2","Kentucky","4/14/20","1","1","21053","100"
"Crittenden","0","3","Kentucky","4/14/20","2","1","21055","50"
"Cumberland","0","2","Kentucky","4/14/20","1","1","21057","100"
"Daviess","4","87","Kentucky","4/14/20","58","29","21059","50"
"Edmonson","0","6","Kentucky","4/14/20","5","1","21061","20"
"Fayette","11","197","Kentucky","4/14/20","123","74","21067","60.16"
"Fleming","0","2","Kentucky","4/14/20","0","2","21069","1"
"Floyd","0","1","Kentucky","4/14/20","0","1","21071","1"
"Franklin","1","11","Kentucky","4/14/20","7","4","21073","57.14"
"Gallatin","0","1","Kentucky","4/14/20","0","1","21077","1"
"Grant","2","14","Kentucky","4/14/20","2","12","21081","600"
"Graves","2","13","Kentucky","4/14/20","2","11","21083","550"
"Grayson","0","5","Kentucky","4/14/20","2","3","21085","150"
"Green","0","1","Kentucky","4/14/20","0","1","21087","1"
"Greenup","0","5","Kentucky","4/14/20","2","3","21089","150"
"Hancock","0","2","Kentucky","4/14/20","1","1","21091","100"
"Hardin","2","24","Kentucky","4/14/20","9","15","21093","166.67"
"Harrison","0","15","Kentucky","4/14/20","12","3","21097","25"
"Hart","0","1","Kentucky","4/14/20","0","1","21099","1"
"Henderson","2","23","Kentucky","4/14/20","6","17","21101","283.33"
"Henry","0","4","Kentucky","4/14/20","2","2","21103","100"
"Hopkins","7","87","Kentucky","4/14/20","36","51","21107","141.67"
"Jackson","2","12","Kentucky","4/14/20","0","12","21109","1"
"Jefferson","30","531","Kentucky","4/14/20","319","212","21111","66.46"
"Jessamine","2","28","Kentucky","4/14/20","16","12","21113","75"
"Johnson","0","1","Kentucky","4/14/20","1","0","21115","0"
"Kenton","9","99","Kentucky","4/14/20","36","63","21117","175"
"Knott","0","1","Kentucky","4/14/20","0","1","21119","1"
"Knox","0","1","Kentucky","4/14/20","0","1","21121","1"
"Larue","0","3","Kentucky","4/14/20","3","0","21123","0"
"Laurel","1","9","Kentucky","4/14/20","2","7","21125","350"
"Lawrence","0","1","Kentucky","4/14/20","1","0","21127","0"
"Leslie","0","1","Kentucky","4/14/20","1","0","21131","0"
"Letcher","0","1","Kentucky","4/14/20","0","1","21133","1"
"Lewis","0","2","Kentucky","4/14/20","2","0","21135","0"
"Lincoln","0","1","Kentucky","4/14/20","0","1","21137","1"
"Logan","0","5","Kentucky","4/14/20","4","1","21141","25"
"Lyon","1","12","Kentucky","4/14/20","4","8","21143","200"
"Madison","1","20","Kentucky","4/14/20","12","8","21151","66.67"
"Marion","1","10","Kentucky","4/14/20","3","7","21155","233.33"
"Marshall","1","11","Kentucky","4/14/20","5","6","21157","120"
"Martin","0","1","Kentucky","4/14/20","1","0","21159","0"
"Mason","0","5","Kentucky","4/14/20","2","3","21161","150"
"McCracken","1","23","Kentucky","4/14/20","13","10","21145","76.92"
"McCreary","1","7","Kentucky","4/14/20","1","6","21147","600"
"McLean","1","6","Kentucky","4/14/20","1","5","21149","500"
"Meade","0","2","Kentucky","4/14/20","2","0","21163","0"
"Menifee","0","3","Kentucky","4/14/20","3","0","21165","0"
"Mercer","1","9","Kentucky","4/14/20","4","5","21167","125"
"Monroe","0","2","Kentucky","4/14/20","0","2","21171","1"
"Montgomery","0","8","Kentucky","4/14/20","6","2","21173","33.33"
"Morgan","0","1","Kentucky","4/14/20","0","1","21175","1"
"Muhlenberg","3","45","Kentucky","4/14/20","27","18","21177","66.67"
"Nelson","1","13","Kentucky","4/14/20","4","9","21179","225"
"Nicholas","0","1","Kentucky","4/14/20","1","0","21181","0"
"Ohio","1","8","Kentucky","4/14/20","1","7","21183","700"
"Oldham","1","18","Kentucky","4/14/20","8","10","21185","125"
"Owsley","0","2","Kentucky","4/14/20","0","2","21189","1"
"Pendleton","0","3","Kentucky","4/14/20","2","1","21191","50"
"Perry","0","4","Kentucky","4/14/20","3","1","21193","33.33"
"Pike","1","5","Kentucky","4/14/20","1","4","21195","400"
"Powell","0","1","Kentucky","4/14/20","1","0","21197","0"
"Pulaski","3","31","Kentucky","4/14/20","13","18","21199","138.46"
"Rockcastle","1","9","Kentucky","4/14/20","4","5","21203","125"
"Rowan","0","1","Kentucky","4/14/20","0","1","21205","1"
"Russell","1","7","Kentucky","4/14/20","1","6","21207","600"
"Scott","2","26","Kentucky","4/14/20","14","12","21209","85.71"
"Shelby","1","18","Kentucky","4/14/20","8","10","21211","125"
"Simpson","0","16","Kentucky","4/14/20","13","3","21213","23.08"
"Spencer","1","6","Kentucky","4/14/20","2","4","21215","200"
"Taylor","0","4","Kentucky","4/14/20","2","2","21217","100"
"Todd","1","7","Kentucky","4/14/20","0","7","21219","1"
"Trigg","1","4","Kentucky","4/14/20","0","4","21221","1"
"Trimble","0","1","Kentucky","4/14/20","0","1","21223","1"
"Union","0","5","Kentucky","4/14/20","2","3","21225","150"
"Warren","4","47","Kentucky","4/14/20","21","26","21227","123.81"
"Washington","0","3","Kentucky","4/14/20","2","1","21229","50"
"Wayne","0","4","Kentucky","4/14/20","4","0","21231","0"
"Webster","1","7","Kentucky","4/14/20","3","4","21233","133.33"
"Whitley","1","5","Kentucky","4/14/20","0","5","21235","1"
"Woodford","1","16","Kentucky","4/14/20","8","8","21239","100"
"Acadia","3","104","Louisiana","4/14/20","82","22","22001","26.83"
"Allen","2","74","Louisiana","4/14/20","58","16","22003","27.59"
"Ascension","11","438","Louisiana","4/14/20","358","80","22005","22.35"
"Assumption","6","123","Louisiana","4/14/20","84","39","22007","46.43"
"Avoyelles","3","65","Louisiana","4/14/20","45","20","22009","44.44"
"Beauregard","1","28","Louisiana","4/14/20","23","5","22011","21.74"
"Bienville","3","37","Louisiana","4/14/20","17","20","22013","117.65"
"Bossier","9","207","Louisiana","4/14/20","146","61","22015","41.78"
"Caddo","49","1097","Louisiana","4/14/20","756","341","22017","45.11"
"Calcasieu","12","273","Louisiana","4/14/20","186","87","22019","46.77"
"Caldwell","1","18","Louisiana","4/14/20","13","5","22021","38.46"
"Cameron","0","2","Louisiana","4/14/20","1","1","22023","100"
"Catahoula","1","21","Louisiana","4/14/20","13","8","22025","61.54"
"Claiborne","2","41","Louisiana","4/14/20","30","11","22027","36.67"
"Concordia","1","19","Louisiana","4/14/20","11","8","22029","72.73"
"De Soto","6","130","Louisiana","4/14/20","89","41","22031","46.07"
"East Baton Rouge","58","1295","Louisiana","4/14/20","892","403","22033","45.18"
"East Carroll","0","1","Louisiana","4/14/20","1","0","22035","0"
"East Feliciana","5","77","Louisiana","4/14/20","39","38","22037","97.44"
"Evangeline","2","39","Louisiana","4/14/20","23","16","22039","69.57"
"Franklin","3","49","Louisiana","4/14/20","28","21","22041","75"
"Grant","0","12","Louisiana","4/14/20","10","2","22043","20"
"Iberia","8","148","Louisiana","4/14/20","89","59","22045","66.29"
"Iberville","13","253","Louisiana","4/14/20","160","93","22047","58.12"
"Jackson","1","9","Louisiana","4/14/20","5","4","22049","80"
"Jefferson","181","5188","Louisiana","4/14/20","3922","1266","22051","32.28"
"Jefferson Davis","3","47","Louisiana","4/14/20","25","22","22053","88"
"Lafayette","13","363","Louisiana","4/14/20","272","91","22055","33.46"
"Lafourche","23","486","Louisiana","4/14/20","322","164","22057","50.93"
"LaSalle","1","13","Louisiana","4/14/20","6","7","22059","116.67"
"Lincoln","3","42","Louisiana","4/14/20","22","20","22061","90.91"
"Livingston","5","129","Louisiana","4/14/20","94","35","22063","37.23"
"Madison","0","2","Louisiana","4/14/20","2","0","22065","0"
"Morehouse","2","32","Louisiana","4/14/20","20","12","22067","60"
"Natchitoches","3","42","Louisiana","4/14/20","24","18","22069","75"
"Orleans","111","5718","Louisiana","4/14/20","4942","776","22071","15.7"
"Ouachita","18","387","Louisiana","4/14/20","264","123","22073","46.59"
"Plaquemines","4","142","Louisiana","4/14/20","115","27","22075","23.48"
"Pointe Coupee","3","49","Louisiana","4/14/20","26","23","22077","88.46"
"Rapides","7","175","Louisiana","4/14/20","129","46","22079","35.66"
"Red River","2","13","Louisiana","4/14/20","2","11","22081","550"
"Richland","1","20","Louisiana","4/14/20","13","7","22083","53.85"
"Sabine","0","10","Louisiana","4/14/20","7","3","22085","42.86"
"St. Bernard","13","377","Louisiana","4/14/20","289","88","22087","30.45"
"St. Charles","21","460","Louisiana","4/14/20","310","150","22089","48.39"
"St. Helena","1","14","Louisiana","4/14/20","10","4","22091","40"
"St. James","5","208","Louisiana","4/14/20","176","32","22093","18.18"
"St. John the Baptist","21","562","Louisiana","4/14/20","415","147","22095","35.42"
"St. Landry","8","115","Louisiana","4/14/20","60","55","22097","91.67"
"St. Martin","10","168","Louisiana","4/14/20","101","67","22099","66.34"
"St. Mary","8","129","Louisiana","4/14/20","76","53","22101","69.74"
"St. Tammany","28","898","Louisiana","4/14/20","700","198","22103","28.29"
"Tangipahoa","22","391","Louisiana","4/14/20","238","153","22105","64.29"
"Tensas","0","1","Louisiana","4/14/20","0","1","22107","1"
"Terrebonne","10","265","Louisiana","4/14/20","194","71","22109","36.6"
"Union","2","50","Louisiana","4/14/20","33","17","22111","51.52"
"Vermilion","1","27","Louisiana","4/14/20","19","8","22113","42.11"
"Vernon","0","14","Louisiana","4/14/20","11","3","22115","27.27"
"Washington","9","162","Louisiana","4/14/20","100","62","22117","62"
"Webster","2","65","Louisiana","4/14/20","50","15","22119","30"
"West Baton Rouge","3","76","Louisiana","4/14/20","52","24","22121","46.15"
"West Carroll","0","4","Louisiana","4/14/20","1","3","22123","300"
"West Feliciana","2","46","Louisiana","4/14/20","31","15","22125","48.39"
"Winn","1","12","Louisiana","4/14/20","3","9","22127","300"
"Androscoggin","1","29","Maine","4/14/20","23","6","23001","26.09"
"Aroostook","0","2","Maine","4/14/20","2","0","23003","0"
"Cumberland","11","331","Maine","4/14/20","253","78","23005","30.83"
"Franklin","0","8","Maine","4/14/20","5","3","23007","60"
"Hancock","0","5","Maine","4/14/20","2","3","23009","150"
"Kennebec","8","81","Maine","4/14/20","26","55","23011","211.54"
"Knox","0","11","Maine","4/14/20","9","2","23013","22.22"
"Lincoln","0","11","Maine","4/14/20","9","2","23015","22.22"
"Oxford","0","13","Maine","4/14/20","12","1","23017","8.33"
"Penobscot","0","34","Maine","4/14/20","31","3","23019","9.68"
"Sagadahoc","0","15","Maine","4/14/20","13","2","23023","15.38"
"Somerset","1","11","Maine","4/14/20","4","7","23025","175"
"Waldo","3","29","Maine","4/14/20","5","24","23027","480"
"Washington","0","1","Maine","4/14/20","1","0","23029","0"
"York","5","152","Maine","4/14/20","115","37","23031","32.17"
"Allegany","1","17","Maryland","4/14/20","7","10","24001","142.86"
"Anne Arundel","59","783","Maryland","4/14/20","370","413","24003","111.62"
"Baltimore","104","1377","Maryland","4/14/20","652","725","24005","111.2"
"Baltimore City","72","962","Maryland","4/14/20","459","503","24510","109.59"
"Calvert","8","99","Maryland","4/14/20","41","58","24009","141.46"
"Caroline","1","21","Maryland","4/14/20","11","10","24011","90.91"
"Carroll","14","259","Maryland","4/14/20","159","100","24013","62.89"
"Cecil","6","85","Maryland","4/14/20","41","44","24015","107.32"
"Charles","22","292","Maryland","4/14/20","136","156","24017","114.71"
"Dorchester","2","14","Maryland","4/14/20","3","11","24019","366.67"
"Frederick","41","441","Maryland","4/14/20","151","290","24021","192.05"
"Garrett","0","4","Maryland","4/14/20","3","1","24023","33.33"
"Harford","13","147","Maryland","4/14/20","59","88","24025","149.15"
"Howard","24","403","Maryland","4/14/20","236","167","24027","70.76"
"Kent","0","11","Maryland","4/14/20","8","3","24029","37.5"
"Montgomery","145","1883","Maryland","4/14/20","871","1012","24031","116.19"
"Prince George's","191","2356","Maryland","4/14/20","1020","1336","24033","130.98"
"Queen Anne's","1","19","Maryland","4/14/20","15","4","24035","26.67"
"Somerset","0","5","Maryland","4/14/20","4","1","24039","25"
"St. Mary's","7","98","Maryland","4/14/20","46","52","24037","113.04"
"Talbot","1","16","Maryland","4/14/20","8","8","24041","100"
"Washington","7","96","Maryland","4/14/20","44","52","24043","118.18"
"Wicomico","7","63","Maryland","4/14/20","17","46","24045","270.59"
"Worcester","2","21","Maryland","4/14/20","10","11","24047","110"
"Barnstable","16","514","Massachusetts","4/14/20","405","109","25001","26.91"
"Berkshire","12","360","Massachusetts","4/14/20","278","82","25003","29.5"
"Bristol","95","1435","Massachusetts","4/14/20","768","667","25005","86.85"
"Dukes and Nantucket","0","21","Massachusetts","4/14/20","18","3","00000","16.67"
"Essex","250","3594","Massachusetts","4/14/20","1841","1753","25009","95.22"
"Franklin","5","155","Massachusetts","4/14/20","118","37","25011","31.36"
"Hampden","114","1798","Massachusetts","4/14/20","997","801","25013","80.34"
"Hampshire","11","233","Massachusetts","4/14/20","158","75","25015","47.47"
"Middlesex","438","6254","Massachusetts","4/14/20","3187","3067","25017","96.23"
"Norfolk","197","2969","Massachusetts","4/14/20","1592","1377","25021","86.49"
"Plymouth","145","2207","Massachusetts","4/14/20","1194","1013","25023","84.84"
"Suffolk","375","5872","Massachusetts","4/14/20","3245","2627","25025","80.96"
"Worcester","153","2246","Massachusetts","4/14/20","1172","1074","25027","91.64"
"Alcona","0","1","Michigan","4/14/20","0","1","26001","1"
"Allegan","3","40","Michigan","4/14/20","20","20","26005","100"
"Alpena","0","1","Michigan","4/14/20","0","1","26007","1"
"Antrim","0","9","Michigan","4/14/20","7","2","26009","28.57"
"Arenac","0","5","Michigan","4/14/20","3","2","26011","66.67"
"Barry","1","17","Michigan","4/14/20","9","8","26015","88.89"
"Bay","5","68","Michigan","4/14/20","35","33","26017","94.29"
"Berrien","10","202","Michigan","4/14/20","130","72","26021","55.38"
"Branch","2","32","Michigan","4/14/20","17","15","26023","88.24"
"Calhoun","8","102","Michigan","4/14/20","48","54","26025","112.5"
"Cass","1","22","Michigan","4/14/20","13","9","26027","69.23"
"Charlevoix","0","11","Michigan","4/14/20","8","3","26029","37.5"
"Cheboygan","1","16","Michigan","4/14/20","11","5","26031","45.45"
"Chippewa","0","1","Michigan","4/14/20","1","0","26033","0"
"Clare","0","4","Michigan","4/14/20","2","2","26035","100"
"Clinton","4","103","Michigan","4/14/20","77","26","26037","33.77"
"Crawford","2","17","Michigan","4/14/20","5","12","26039","240"
"Delta","0","10","Michigan","4/14/20","8","2","26041","25"
"Dickinson","0","3","Michigan","4/14/20","2","1","26043","50"
"Eaton","2","81","Michigan","4/14/20","64","17","26045","26.56"
"Emmet","1","25","Michigan","4/14/20","15","10","26047","66.67"
"Federal Correctional Institution (FCI)","3","23","Michigan","4/14/20","0","23","00000","1"
"Genesee","58","1060","Michigan","4/14/20","654","406","26049","62.08"
"Gladwin","0","5","Michigan","4/14/20","4","1","26051","25"
"Gogebic","0","4","Michigan","4/14/20","3","1","26053","33.33"
"Grand Traverse","0","18","Michigan","4/14/20","15","3","26055","20"
"Gratiot","0","8","Michigan","4/14/20","6","2","26057","33.33"
"Hillsdale","4","81","Michigan","4/14/20","56","25","26059","44.64"
"Houghton","0","2","Michigan","4/14/20","1","1","26061","100"
"Huron","1","12","Michigan","4/14/20","5","7","26063","140"
"Ingham","11","272","Michigan","4/14/20","198","74","26065","37.37"
"Ionia","1","17","Michigan","4/14/20","9","8","26067","88.89"
"Iosco","0","6","Michigan","4/14/20","5","1","26069","20"
"Isabella","4","55","Michigan","4/14/20","29","26","26073","89.66"
"Jackson","10","196","Michigan","4/14/20","125","71","26075","56.8"
"Kalamazoo","5","107","Michigan","4/14/20","72","35","26077","48.61"
"Kalkaska","1","21","Michigan","4/14/20","11","10","26079","90.91"
"Kent","24","364","Michigan","4/14/20","195","169","26081","86.67"
"Lake","0","3","Michigan","4/14/20","0","3","26085","1"
"Lapeer","9","125","Michigan","4/14/20","60","65","26087","108.33"
"Leelanau","0","4","Michigan","4/14/20","3","1","26089","33.33"
"Lenawee","4","64","Michigan","4/14/20","35","29","26091","82.86"
"Livingston","13","279","Michigan","4/14/20","187","92","26093","49.2"
"Luce","0","1","Michigan","4/14/20","1","0","26095","0"
"Mackinac","0","4","Michigan","4/14/20","3","1","26097","33.33"
"Macomb","172","3625","Michigan","4/14/20","2419","1206","26099","49.86"
"Manistee","0","11","Michigan","4/14/20","10","1","26101","10"
"Marquette","1","26","Michigan","4/14/20","19","7","26103","36.84"
"Mason","0","4","Michigan","4/14/20","2","2","26105","100"
"Mecosta","0","12","Michigan","4/14/20","9","3","26107","33.33"
"Menominee","0","1","Michigan","4/14/20","0","1","26109","1"
"Michigan Department of Corrections (MDOC)","61","429","Michigan","4/14/20","0","429","00000","1"
"Midland","2","48","Michigan","4/14/20","33","15","26111","45.45"
"Missaukee","0","1","Michigan","4/14/20","1","0","26113","0"
"Monroe","10","198","Michigan","4/14/20","129","69","26115","53.49"
"Montcalm","1","24","Michigan","4/14/20","17","7","26117","41.18"
"Montmorency","0","1","Michigan","4/14/20","0","1","26119","1"
"Muskegon","6","85","Michigan","4/14/20","41","44","26121","107.32"
"Newaygo","1","9","Michigan","4/14/20","3","6","26123","200"
"Oakland","245","5732","Michigan","4/14/20","4014","1718","26125","42.8"
"Oceana","0","3","Michigan","4/14/20","3","0","26127","0"
"Ogemaw","0","5","Michigan","4/14/20","4","1","26129","25"
"Osceola","0","7","Michigan","4/14/20","5","2","26133","40"
"Oscoda","0","4","Michigan","4/14/20","2","2","26135","100"
"Otsego","1","40","Michigan","4/14/20","30","10","26137","33.33"
"Ottawa","4","99","Michigan","4/14/20","68","31","26139","45.59"
"Out of MI","6","157","Michigan","4/14/20","118","39","80026","33.05"
"Presque Isle","0","2","Michigan","4/14/20","1","1","26141","100"
"Roscommon","1","10","Michigan","4/14/20","6","4","26143","66.67"
"Saginaw","21","302","Michigan","4/14/20","153","149","26145","97.39"
"Sanilac","1","24","Michigan","4/14/20","17","7","26151","41.18"
"Schoolcraft","0","3","Michigan","4/14/20","0","3","26153","1"
"Shiawassee","6","69","Michigan","4/14/20","26","43","26155","165.38"
"St. Clair","14","244","Michigan","4/14/20","147","97","26147","65.99"
"St. Joseph","1","22","Michigan","4/14/20","14","8","26149","57.14"
"Tuscola","3","47","Michigan","4/14/20","26","21","26157","80.77"
"Van Buren","1","32","Michigan","4/14/20","25","7","26159","28"
"Washtenaw","34","857","Michigan","4/14/20","618","239","26161","38.67"
"Wayne","456","12308","Michigan","4/14/20","9115","3193","26163","35.03"
"Wexford","0","9","Michigan","4/14/20","8","1","26165","12.5"
"Anoka","4","72","Minnesota","4/14/20","42","30","27003","71.43"
"Becker","0","2","Minnesota","4/14/20","0","2","27005","1"
"Beltrami","0","5","Minnesota","4/14/20","6","-1","27007","-16.67"
"Benton","0","1","Minnesota","4/14/20","1","0","27009","0"
"Big Stone","0","1","Minnesota","4/14/20","1","0","27011","0"
"Blue Earth","0","22","Minnesota","4/14/20","22","0","27013","0"
"Brown","0","7","Minnesota","4/14/20","7","0","27015","0"
"Carlton","2","26","Minnesota","4/14/20","13","13","27017","100"
"Carver","0","13","Minnesota","4/14/20","10","3","27019","30"
"Cass","0","4","Minnesota","4/14/20","3","1","27021","33.33"
"Chisago","0","7","Minnesota","4/14/20","5","2","27025","40"
"Clay","3","42","Minnesota","4/14/20","19","23","27027","121.05"
"Clearwater","0","3","Minnesota","4/14/20","2","1","27029","50"
"Cottonwood","0","6","Minnesota","4/14/20","5","1","27033","20"
"Crow Wing","1","17","Minnesota","4/14/20","9","8","27035","88.89"
"Dakota","5","103","Minnesota","4/14/20","71","32","27037","45.07"
"Dodge","1","16","Minnesota","4/14/20","11","5","27039","45.45"
"Douglas","0","1","Minnesota","4/14/20","1","0","27041","0"
"Faribault","0","4","Minnesota","4/14/20","3","1","27043","33.33"
"Fillmore","0","10","Minnesota","4/14/20","10","0","27045","0"
"Freeborn","2","27","Minnesota","4/14/20","14","13","27047","92.86"
"Goodhue","1","17","Minnesota","4/14/20","12","5","27049","41.67"
"Hennepin","35","558","Minnesota","4/14/20","310","248","27053","80"
"Houston","0","1","Minnesota","4/14/20","1","0","27055","0"
"Isanti","0","4","Minnesota","4/14/20","4","0","27059","0"
"Itasca","0","2","Minnesota","4/14/20","2","0","27061","0"
"Jackson","0","1","Minnesota","4/14/20","1","0","27063","0"
"Kandiyohi","0","2","Minnesota","4/14/20","2","0","27067","0"
"Koochiching","0","1","Minnesota","4/14/20","1","0","27071","0"
"Lac qui Parle","0","1","Minnesota","4/14/20","1","0","27073","0"
"Le Sueur","0","21","Minnesota","4/14/20","20","1","27079","5"
"Lincoln","0","2","Minnesota","4/14/20","2","0","27081","0"
"Lyon","0","5","Minnesota","4/14/20","4","1","27083","25"
"Mahnomen","0","1","Minnesota","4/14/20","1","0","27087","0"
"Martin","1","39","Minnesota","4/14/20","34","5","27091","14.71"
"McLeod","0","2","Minnesota","4/14/20","1","1","27085","100"
"Meeker","0","2","Minnesota","4/14/20","1","1","27093","100"
"Mower","1","25","Minnesota","4/14/20","18","7","27099","38.89"
"Murray","0","1","Minnesota","4/14/20","1","0","27101","0"
"Nicollet","0","7","Minnesota","4/14/20","4","3","27103","75"
"Nobles","0","3","Minnesota","4/14/20","0","3","27105","1"
"Olmsted","6","147","Minnesota","4/14/20","103","44","27109","42.72"
"Otter Tail","0","4","Minnesota","4/14/20","2","2","27111","100"
"Pine","1","6","Minnesota","4/14/20","0","6","27115","1"
"Pipestone","0","1","Minnesota","4/14/20","1","0","27117","0"
"Polk","0","1","Minnesota","4/14/20","1","0","27119","0"
"Ramsey","7","153","Minnesota","4/14/20","101","52","27123","51.49"
"Red Lake","0","1","Minnesota","4/14/20","0","1","27125","1"
"Redwood","0","1","Minnesota","4/14/20","1","0","27127","0"
"Renville","0","3","Minnesota","4/14/20","2","1","27129","50"
"Rice","0","5","Minnesota","4/14/20","4","1","27131","25"
"Rock","0","2","Minnesota","4/14/20","0","2","27133","1"
"Roseau","0","1","Minnesota","4/14/20","0","1","27135","1"
"Scott","1","20","Minnesota","4/14/20","16","4","27139","25"
"Sherburne","0","10","Minnesota","4/14/20","10","0","27141","0"
"Sibley","0","1","Minnesota","4/14/20","1","0","27143","0"
"St. Louis","4","42","Minnesota","4/14/20","17","25","27137","147.06"
"Stearns","0","7","Minnesota","4/14/20","6","1","27145","16.67"
"Steele","0","9","Minnesota","4/14/20","8","1","27147","12.5"
"Swift","0","1","Minnesota","4/14/20","1","0","27151","0"
"Todd","0","2","Minnesota","4/14/20","0","2","27153","1"
"Traverse","0","2","Minnesota","4/14/20","2","0","27155","0"
"Wabasha","0","7","Minnesota","4/14/20","6","1","27157","16.67"
"Waseca","0","3","Minnesota","4/14/20","3","0","27161","0"
"Washington","2","84","Minnesota","4/14/20","68","16","27163","23.53"
"Watonwan","0","4","Minnesota","4/14/20","4","0","27165","0"
"Wilkin","1","7","Minnesota","4/14/20","2","5","27167","250"
"Winona","2","30","Minnesota","4/14/20","16","14","27169","87.5"
"Wright","1","19","Minnesota","4/14/20","12","7","27171","58.33"
"Yellow Medicine","0","3","Minnesota","4/14/20","1","2","27173","200"
"Adams","5","62","Mississippi","4/14/20","24","38","28001","158.33"
"Alcorn","0","7","Mississippi","4/14/20","6","1","28003","16.67"
"Amite","1","14","Mississippi","4/14/20","7","7","28005","100"
"Attala","1","22","Mississippi","4/14/20","15","7","28007","46.67"
"Benton","0","5","Mississippi","4/14/20","5","0","28009","0"
"Bolivar","2","69","Mississippi","4/14/20","54","15","28011","27.78"
"Calhoun","2","25","Mississippi","4/14/20","10","15","28013","150"
"Carroll","0","8","Mississippi","4/14/20","7","1","28015","14.29"
"Chickasaw","2","32","Mississippi","4/14/20","15","17","28017","113.33"
"Choctaw","0","11","Mississippi","4/14/20","9","2","28019","22.22"
"Claiborne","0","6","Mississippi","4/14/20","3","3","28021","100"
"Clarke","1","15","Mississippi","4/14/20","10","5","28023","50"
"Clay","1","20","Mississippi","4/14/20","10","10","28025","100"
"Coahoma","1","39","Mississippi","4/14/20","30","9","28027","30"
"Copiah","2","31","Mississippi","4/14/20","17","14","28029","82.35"
"Covington","1","15","Mississippi","4/14/20","7","8","28031","114.29"
"DeSoto","7","188","Mississippi","4/14/20","140","48","28033","34.29"
"Forrest","8","114","Mississippi","4/14/20","59","55","28035","93.22"
"Franklin","1","10","Mississippi","4/14/20","5","5","28037","100"
"George","1","10","Mississippi","4/14/20","5","5","28039","100"
"Greene","0","2","Mississippi","4/14/20","1","1","28041","100"
"Grenada","1","13","Mississippi","4/14/20","8","5","28043","62.5"
"Hancock","2","46","Mississippi","4/14/20","31","15","28045","48.39"
"Harrison","5","121","Mississippi","4/14/20","89","32","28047","35.96"
"Hinds","13","263","Mississippi","4/14/20","169","94","28049","55.62"
"Holmes","3","47","Mississippi","4/14/20","25","22","28051","88"
"Humphreys","1","11","Mississippi","4/14/20","5","6","28053","120"
"Itawamba","1","9","Mississippi","4/14/20","5","4","28057","80"
"Jackson","7","157","Mississippi","4/14/20","108","49","28059","45.37"
"Jasper","1","14","Mississippi","4/14/20","4","10","28061","250"
"Jefferson","0","4","Mississippi","4/14/20","3","1","28063","33.33"
"Jefferson Davis","1","6","Mississippi","4/14/20","0","6","28065","1"
"Jones","4","40","Mississippi","4/14/20","14","26","28067","185.71"
"Kemper","1","14","Mississippi","4/14/20","10","4","28069","40"
"Lafayette","1","33","Mississippi","4/14/20","25","8","28071","32"
"Lamar","4","46","Mississippi","4/14/20","18","28","28073","155.56"
"Lauderdale","11","156","Mississippi","4/14/20","78","78","28075","100"
"Lawrence","0","7","Mississippi","4/14/20","5","2","28077","40"
"Leake","2","32","Mississippi","4/14/20","15","17","28079","113.33"
"Lee","1","46","Mississippi","4/14/20","38","8","28081","21.05"
"Leflore","4","52","Mississippi","4/14/20","26","26","28083","100"
"Lincoln","5","56","Mississippi","4/14/20","21","35","28085","166.67"
"Lowndes","1","25","Mississippi","4/14/20","16","9","28087","56.25"
"Madison","4","108","Mississippi","4/14/20","82","26","28089","31.71"
"Marion","2","25","Mississippi","4/14/20","13","12","28091","92.31"
"Marshall","1","34","Mississippi","4/14/20","24","10","28093","41.67"
"Monroe","3","38","Mississippi","4/14/20","18","20","28095","111.11"
"Montgomery","0","15","Mississippi","4/14/20","12","3","28097","25"
"Neshoba","3","33","Mississippi","4/14/20","12","21","28099","175"
"Newton","1","14","Mississippi","4/14/20","7","7","28101","100"
"Noxubee","0","6","Mississippi","4/14/20","5","1","28103","20"
"Oktibbeha","1","37","Mississippi","4/14/20","29","8","28105","27.59"
"Panola","1","26","Mississippi","4/14/20","19","7","28107","36.84"
"Pearl River","5","93","Mississippi","4/14/20","56","37","28109","66.07"
"Perry","1","20","Mississippi","4/14/20","14","6","28111","42.86"
"Pike","4","62","Mississippi","4/14/20","31","31","28113","100"
"Pontotoc","0","15","Mississippi","4/14/20","12","3","28115","25"
"Prentiss","1","14","Mississippi","4/14/20","10","4","28117","40"
"Quitman","0","12","Mississippi","4/14/20","9","3","28119","33.33"
"Rankin","4","105","Mississippi","4/14/20","78","27","28121","34.62"
"Scott","4","62","Mississippi","4/14/20","32","30","28123","93.75"
"Sharkey","0","3","Mississippi","4/14/20","3","0","28125","0"
"Simpson","0","7","Mississippi","4/14/20","7","0","28127","0"
"Smith","3","30","Mississippi","4/14/20","11","19","28129","172.73"
"Stone","2","14","Mississippi","4/14/20","3","11","28131","366.67"
"Sunflower","2","41","Mississippi","4/14/20","25","16","28133","64"
"Tallahatchie","0","4","Mississippi","4/14/20","3","1","28135","33.33"
"Tate","1","25","Mississippi","4/14/20","18","7","28137","38.89"
"Tippah","1","45","Mississippi","4/14/20","36","9","28139","25"
"Tishomingo","0","2","Mississippi","4/14/20","1","1","28141","100"
"Tunica","1","23","Mississippi","4/14/20","17","6","28143","35.29"
"Union","0","8","Mississippi","4/14/20","6","2","28145","33.33"
"Walthall","1","22","Mississippi","4/14/20","14","8","28147","57.14"
"Warren","1","14","Mississippi","4/14/20","7","7","28149","100"
"Washington","2","57","Mississippi","4/14/20","40","17","28151","42.5"
"Wayne","1","9","Mississippi","4/14/20","5","4","28153","80"
"Webster","0","14","Mississippi","4/14/20","12","2","28155","16.67"
"Wilkinson","2","49","Mississippi","4/14/20","32","17","28157","53.12"
"Winston","0","20","Mississippi","4/14/20","17","3","28159","17.65"
"Yalobusha","0","14","Mississippi","4/14/20","11","3","28161","27.27"
"Yazoo","5","64","Mississippi","4/14/20","32","32","28163","100"
"Adair","0","12","Missouri","4/14/20","11","1","29001","9.09"
"Andrew","0","1","Missouri","4/14/20","0","1","29003","1"
"Atchison","0","2","Missouri","4/14/20","1","1","29005","100"
"Barry","0","2","Missouri","4/14/20","1","1","29009","100"
"Bates","0","6","Missouri","4/14/20","3","3","29013","100"
"Benton","0","3","Missouri","4/14/20","3","0","29015","0"
"Bollinger","0","3","Missouri","4/14/20","2","1","29017","50"
"Boone","1","87","Missouri","4/14/20","77","10","29019","12.99"
"Buchanan","1","22","Missouri","4/14/20","14","8","29021","57.14"
"Butler","2","16","Missouri","4/14/20","5","11","29023","220"
"Caldwell","0","1","Missouri","4/14/20","1","0","29025","0"
"Callaway","0","20","Missouri","4/14/20","19","1","29027","5.26"
"Camden","0","26","Missouri","4/14/20","24","2","29029","8.33"
"Cape Girardeau","1","30","Missouri","4/14/20","20","10","29031","50"
"Carter","0","3","Missouri","4/14/20","3","0","29035","0"
"Cass","3","45","Missouri","4/14/20","25","20","29037","80"
"Cedar","0","5","Missouri","4/14/20","7","-2","29039","-28.57"
"Chariton","0","4","Missouri","4/14/20","4","0","29041","0"
"Christian","0","19","Missouri","4/14/20","17","2","29043","11.76"
"Clark","0","1","Missouri","4/14/20","1","0","29045","0"
"Clay","2","51","Missouri","4/14/20","37","14","29047","37.84"
"Clinton","0","11","Missouri","4/14/20","8","3","29049","37.5"
"Cole","1","38","Missouri","4/14/20","32","6","29051","18.75"
"Cooper","0","4","Missouri","4/14/20","2","2","29053","100"
"Crawford","0","5","Missouri","4/14/20","3","2","29055","66.67"
"Dallas","0","2","Missouri","4/14/20","1","1","29059","100"
"DeKalb","0","3","Missouri","4/14/20","1","2","29063","200"
"Dunklin","1","16","Missouri","4/14/20","8","8","29069","100"
"Franklin","7","87","Missouri","4/14/20","35","52","29071","148.57"
"Gasconade","0","2","Missouri","4/14/20","2","0","29073","0"
"Gentry","0","1","Missouri","4/14/20","1","0","29075","0"
"Greene","1","80","Missouri","4/14/20","72","8","29077","11.11"
"Harrison","0","6","Missouri","4/14/20","4","2","29081","50"
"Henry","0","5","Missouri","4/14/20","2","3","29083","150"
"Howard","0","2","Missouri","4/14/20","1","1","29089","100"
"Howell","0","4","Missouri","4/14/20","4","0","29091","0"
"Iron","0","1","Missouri","4/14/20","0","1","29093","1"
"Jackson","11","237","Missouri","4/14/20","162","75","29095","46.3"
"Jasper","2","27","Missouri","4/14/20","15","12","29097","80"
"Jefferson","7","139","Missouri","4/14/20","92","47","29099","51.09"
"Johnson","2","45","Missouri","4/14/20","33","12","29101","36.36"
"Kansas City","16","346","Missouri","4/14/20","234","112","00000","47.86"
"Lafayette","0","28","Missouri","4/14/20","28","0","29107","0"
"Lincoln","1","33","Missouri","4/14/20","24","9","29113","37.5"
"Linn","0","5","Missouri","4/14/20","3","2","29115","66.67"
"Livingston","0","2","Missouri","4/14/20","1","1","29117","100"
"Macon","0","2","Missouri","4/14/20","2","0","29121","0"
"Madison","0","1","Missouri","4/14/20","1","0","29123","0"
"Maries","0","2","Missouri","4/14/20","2","0","29125","0"
"McDonald","0","4","Missouri","4/14/20","3","1","29119","33.33"
"Moniteau","0","4","Missouri","4/14/20","4","0","29135","0"
"Montgomery","0","6","Missouri","4/14/20","5","1","29139","20"
"Morgan","0","1","Missouri","4/14/20","1","0","29141","0"
"New Madrid","0","8","Missouri","4/14/20","5","3","29143","60"
"Newton","0","9","Missouri","4/14/20","6","3","29145","50"
"Nodaway","0","3","Missouri","4/14/20","2","1","29147","50"
"Oregon","0","1","Missouri","4/14/20","1","0","29149","0"
"Osage","0","4","Missouri","4/14/20","4","0","29151","0"
"Pemiscot","1","8","Missouri","4/14/20","3","5","29155","166.67"
"Perry","1","38","Missouri","4/14/20","28","10","29157","35.71"
"Pettis","0","3","Missouri","4/14/20","3","0","29159","0"
"Phelps","0","1","Missouri","4/14/20","1","0","29161","0"
"Pike","0","6","Missouri","4/14/20","4","2","29163","50"
"Platte","1","26","Missouri","4/14/20","17","9","29165","52.94"
"Polk","0","1","Missouri","4/14/20","1","0","29167","0"
"Pulaski","0","12","Missouri","4/14/20","12","0","29169","0"
"Ralls","0","1","Missouri","4/14/20","1","0","29173","0"
"Randolph","0","8","Missouri","4/14/20","7","1","29175","14.29"
"Ray","0","7","Missouri","4/14/20","7","0","29177","0"
"Reynolds","0","2","Missouri","4/14/20","2","0","29179","0"
"Ripley","0","3","Missouri","4/14/20","2","1","29181","50"
"Saline","4","35","Missouri","4/14/20","5","30","29195","600"
"Scotland","0","3","Missouri","4/14/20","1","2","29199","200"
"Scott","2","25","Missouri","4/14/20","10","15","29201","150"
"Shelby","0","1","Missouri","4/14/20","1","0","29205","0"
"St. Charles","21","384","Missouri","4/14/20","237","147","29183","62.03"
"St. Clair","0","2","Missouri","4/14/20","0","2","29185","1"
"St. Francois","1","23","Missouri","4/14/20","19","4","29187","21.05"
"St. Louis","86","1968","Missouri","4/14/20","1364","604","29189","44.28"
"St. Louis City","35","723","Missouri","4/14/20","476","247","29510","51.89"
"Ste. Genevieve","0","7","Missouri","4/14/20","6","1","29186","16.67"
"Stoddard","1","12","Missouri","4/14/20","8","4","29207","50"
"Stone","0","3","Missouri","4/14/20","3","0","29209","0"
"Taney","0","8","Missouri","4/14/20","7","1","29213","14.29"
"Vernon","0","3","Missouri","4/14/20","0","3","29217","1"
"Warren","1","17","Missouri","4/14/20","11","6","29219","54.55"
"Washington","0","1","Missouri","4/14/20","0","1","29221","1"
"Webster","0","5","Missouri","4/14/20","3","2","29225","66.67"
"Worth","0","1","Missouri","4/14/20","1","0","29227","0"
"Wright","0","9","Missouri","4/14/20","7","2","29229","28.57"
"Beaverhead","0","1","Montana","4/14/20","1","0","30001","0"
"Big Horn","0","2","Montana","4/14/20","0","2","30003","1"
"Broadwater","0","4","Montana","4/14/20","4","0","30007","0"
"Carbon","1","6","Montana","4/14/20","2","4","30009","200"
"Cascade","0","13","Montana","4/14/20","11","2","30013","18.18"
"Deer Lodge","0","3","Montana","4/14/20","3","0","30023","0"
"Flathead","1","36","Montana","4/14/20","31","5","30029","16.13"
"Gallatin","3","138","Montana","4/14/20","118","20","30031","16.95"
"Glacier","0","4","Montana","4/14/20","1","3","30035","300"
"Golden Valley","0","1","Montana","4/14/20","0","1","30037","1"
"Hill","0","1","Montana","4/14/20","1","0","30041","0"
"Jefferson","0","2","Montana","4/14/20","2","0","30043","0"
"Lake","0","5","Montana","4/14/20","5","0","30047","0"
"Lewis and Clark","0","16","Montana","4/14/20","15","1","30049","6.67"
"Liberty","0","1","Montana","4/14/20","1","0","30051","0"
"Lincoln","0","7","Montana","4/14/20","7","0","30053","0"
"Madison","0","8","Montana","4/14/20","9","-1","30057","-11.11"
"Meagher","0","1","Montana","4/14/20","1","0","30059","0"
"Missoula","1","30","Montana","4/14/20","24","6","30063","25"
"Musselshell","0","1","Montana","4/14/20","1","0","30065","0"
"Park","0","7","Montana","4/14/20","6","1","30067","16.67"
"Ravalli","0","5","Montana","4/14/20","2","3","30081","150"
"Richland","0","3","Montana","4/14/20","0","3","30083","1"
"Roosevelt","0","3","Montana","4/14/20","1","2","30085","200"
"Silver Bow","0","11","Montana","4/14/20","11","0","30093","0"
"Stillwater","0","1","Montana","4/14/20","0","1","30095","1"
"Toole","2","26","Montana","4/14/20","15","11","30101","73.33"
"Yellowstone","2","63","Montana","4/14/20","47","16","30111","34.04"
"Adams","7","62","Nebraska","4/14/20","15","47","31001","313.33"
"Antelope","0","1","Nebraska","4/14/20","1","0","31003","0"
"Box Butte","0","1","Nebraska","4/14/20","0","1","31013","1"
"Buffalo","2","38","Nebraska","4/14/20","23","15","31019","65.22"
"Burt","0","1","Nebraska","4/14/20","0","1","31021","1"
"Cass","0","3","Nebraska","4/14/20","2","1","31025","50"
"Cherry","0","1","Nebraska","4/14/20","1","0","31031","0"
"Cheyenne","0","2","Nebraska","4/14/20","1","1","31033","100"
"Clay","0","2","Nebraska","4/14/20","0","2","31035","1"
"Colfax","0","4","Nebraska","4/14/20","3","1","31037","33.33"
"Cuming","0","2","Nebraska","4/14/20","2","0","31039","0"
"Custer","3","19","Nebraska","4/14/20","1","18","31041","1800"
"Dakota","0","2","Nebraska","4/14/20","0","2","31043","1"
"Dawson","2","18","Nebraska","4/14/20","1","17","31047","1700"
"Dodge","1","12","Nebraska","4/14/20","7","5","31053","71.43"
"Douglas","13","251","Nebraska","4/14/20","159","92","31055","57.86"
"Franklin","0","3","Nebraska","4/14/20","0","3","31061","1"
"Gage","0","26","Nebraska","4/14/20","23","3","31067","13.04"
"Gosper","0","1","Nebraska","4/14/20","1","0","31073","0"
"Hall","22","214","Nebraska","4/14/20","58","156","31079","268.97"
"Hamilton","1","13","Nebraska","4/14/20","7","6","31081","85.71"
"Johnson","0","1","Nebraska","4/14/20","0","1","31097","1"
"Kearney","0","3","Nebraska","4/14/20","2","1","31099","50"
"Kimball","0","9","Nebraska","4/14/20","9","0","31105","0"
"Knox","0","2","Nebraska","4/14/20","2","0","31107","0"
"Lancaster","3","57","Nebraska","4/14/20","34","23","31109","67.65"
"Lincoln","0","17","Nebraska","4/14/20","16","1","31111","6.25"
"Logan","0","0","Nebraska","4/14/20","1","-1","31113","-100"
"Madison","0","6","Nebraska","4/14/20","5","1","31119","20"
"Merrick","0","2","Nebraska","4/14/20","2","0","31121","0"
"Nemaha","0","1","Nebraska","4/14/20","1","0","31127","0"
"Otoe","0","1","Nebraska","4/14/20","1","0","31131","0"
"Phelps","0","1","Nebraska","4/14/20","1","0","31137","0"
"Pierce","0","1","Nebraska","4/14/20","0","1","31139","1"
"Platte","0","6","Nebraska","4/14/20","5","1","31141","20"
"Polk","0","2","Nebraska","4/14/20","0","2","31143","1"
"Sarpy","2","46","Nebraska","4/14/20","29","17","31153","58.62"
"Saunders","0","6","Nebraska","4/14/20","4","2","31155","50"
"Scotts Bluff","1","14","Nebraska","4/14/20","6","8","31157","133.33"
"Seward","0","1","Nebraska","4/14/20","1","0","31159","0"
"Stanton","0","1","Nebraska","4/14/20","1","0","31167","0"
"Washington","0","20","Nebraska","4/14/20","20","0","31177","0"
"Wayne","0","1","Nebraska","4/14/20","0","1","31179","1"
"Webster","0","1","Nebraska","4/14/20","0","1","31181","1"
"York","0","4","Nebraska","4/14/20","1","3","31185","300"
"Carson City","2","23","Nevada","4/14/20","11","12","32510","109.09"
"Clark","111","2509","Nevada","4/14/20","1734","775","32003","44.69"
"Douglas","0","10","Nevada","4/14/20","7","3","32005","42.86"
"Elko","0","11","Nevada","4/14/20","8","3","32007","37.5"
"Humboldt","1","20","Nevada","4/14/20","11","9","32013","81.82"
"Lincoln","0","1","Nevada","4/14/20","0","1","32017","1"
"Lyon","1","10","Nevada","4/14/20","3","7","32019","233.33"
"Nye","1","15","Nevada","4/14/20","7","8","32023","114.29"
"Washoe","32","532","Nevada","4/14/20","309","223","32031","72.17"
"White Pine","0","3","Nevada","4/14/20","1","2","32033","200"
"Belknap","1","24","New Hampshire","4/14/20","18","6","33001","33.33"
"Carroll","1","29","New Hampshire","4/14/20","19","10","33003","52.63"
"Cheshire","1","21","New Hampshire","4/14/20","13","8","33005","61.54"
"Coos","0","2","New Hampshire","4/14/20","1","1","33007","100"
"Grafton","1","45","New Hampshire","4/14/20","41","4","33009","9.76"
"Hillsborough","0","271","New Hampshire","4/14/20","272","-1","33011","-0.37"
"Merrimack","3","75","New Hampshire","4/14/20","52","23","33013","44.23"
"Rockingham","19","378","New Hampshire","4/14/20","246","132","33015","53.66"
"Strafford","3","69","New Hampshire","4/14/20","46","23","33017","50"
"Sullivan","0","7","New Hampshire","4/14/20","6","1","33019","16.67"
"Atlantic","20","284","New Jersey","4/14/20","144","140","34001","97.22"
"Bergen","413","10426","New Jersey","4/14/20","7533","2893","34003","38.4"
"Burlington","68","1207","New Jersey","4/14/20","733","474","34005","64.67"
"Camden","106","1477","New Jersey","4/14/20","736","741","34007","100.68"
"Cape May","11","169","New Jersey","4/14/20","94","75","34009","79.79"
"Cumberland","19","201","New Jersey","4/14/20","71","130","34011","183.1"
"Essex","448","8212","New Jersey","4/14/20","5078","3134","34013","61.72"
"Gloucester","39","587","New Jersey","4/14/20","311","276","34015","88.75"
"Hudson","470","8242","New Jersey","4/14/20","4949","3293","34017","66.54"
"Hunterdon","16","349","New Jersey","4/14/20","234","115","34019","49.15"
"Mercer","128","1731","New Jersey","4/14/20","837","894","34021","106.81"
"Middlesex","371","6313","New Jersey","4/14/20","3717","2596","34023","69.84"
"Monmouth","176","4003","New Jersey","4/14/20","2770","1233","34025","44.51"
"Morris","169","3424","New Jersey","4/14/20","2239","1185","34027","52.93"
"Ocean","170","3833","New Jersey","4/14/20","2641","1192","34029","45.13"
"Passaic","333","6438","New Jersey","4/14/20","4104","2334","34031","56.87"
"Salem","6","73","New Jersey","4/14/20","31","42","34033","135.48"
"Somerset","125","1911","New Jersey","4/14/20","1033","878","34035","85"
"Sussex","29","535","New Jersey","4/14/20","331","204","34037","61.63"
"Union","414","7265","New Jersey","4/14/20","4368","2897","34039","66.32"
"Warren","27","442","New Jersey","4/14/20","255","187","34041","73.33"
"Bernalillo","21","455","New Mexico","4/14/20","307","148","35001","48.21"
"Catron","0","1","New Mexico","4/14/20","1","0","35003","0"
"Chaves","1","19","New Mexico","4/14/20","15","4","35005","26.67"
"Cibola","1","25","New Mexico","4/14/20","15","10","35006","66.67"
"Colfax","0","2","New Mexico","4/14/20","0","2","35007","1"
"Curry","0","10","New Mexico","4/14/20","8","2","35009","25"
"Dona Ana","2","50","New Mexico","4/14/20","35","15","35013","42.86"
"Eddy","0","7","New Mexico","4/14/20","4","3","35015","75"
"Grant","1","10","New Mexico","4/14/20","4","6","35017","150"
"Lea","0","2","New Mexico","4/14/20","2","0","35025","0"
"Lincoln","0","1","New Mexico","4/14/20","1","0","35027","0"
"Los Alamos","0","5","New Mexico","4/14/20","2","3","35028","150"
"Luna","0","2","New Mexico","4/14/20","0","2","35029","1"
"McKinley","19","191","New Mexico","4/14/20","55","136","35031","247.27"
"Otero","0","3","New Mexico","4/14/20","3","0","35035","0"
"Quay","0","1","New Mexico","4/14/20","0","1","35037","1"
"Rio Arriba","0","7","New Mexico","4/14/20","6","1","35039","16.67"
"Roosevelt","0","1","New Mexico","4/14/20","1","0","35041","0"
"San Juan","9","173","New Mexico","4/14/20","107","66","35045","61.68"
"San Miguel","0","1","New Mexico","4/14/20","1","0","35047","0"
"Sandoval","17","244","New Mexico","4/14/20","128","116","35043","90.62"
"Santa Fe","1","76","New Mexico","4/14/20","66","10","35049","15.15"
"Socorro","1","14","New Mexico","4/14/20","5","9","35053","180"
"Taos","0","15","New Mexico","4/14/20","14","1","35055","7.14"
"Torrance","0","10","New Mexico","4/14/20","7","3","35057","42.86"
"Valencia","2","20","New Mexico","4/14/20","7","13","35061","185.71"
"Albany","29","535","New York","4/14/20","333","202","36001","60.66"
"Allegany","2","28","New York","4/14/20","17","11","36003","64.71"
"Broome","9","146","New York","4/14/20","86","60","36007","69.77"
"Cattaraugus","3","32","New York","4/14/20","13","19","36009","146.15"
"Cayuga","3","33","New York","4/14/20","14","19","36011","135.71"
"Chautauqua","1","23","New York","4/14/20","18","5","36013","27.78"
"Chemung","2","64","New York","4/14/20","49","15","36015","30.61"
"Chenango","2","68","New York","4/14/20","51","17","36017","33.33"
"Clinton","1","45","New York","4/14/20","37","8","36019","21.62"
"Columbia","3","93","New York","4/14/20","72","21","36021","29.17"
"Cortland","1","22","New York","4/14/20","16","6","36023","37.5"
"Delaware","1","45","New York","4/14/20","36","9","36025","25"
"Dutchess","98","1934","New York","4/14/20","1249","685","36027","54.84"
"Erie","71","1730","New York","4/14/20","1234","496","36029","40.19"
"Essex","0","12","New York","4/14/20","9","3","36031","33.33"
"Franklin","0","13","New York","4/14/20","10","3","36033","30"
"Fulton","1","22","New York","4/14/20","13","9","36035","69.23"
"Genesee","6","76","New York","4/14/20","33","43","36037","130.3"
"Greene","6","66","New York","4/14/20","24","42","36039","175"
"Hamilton","0","3","New York","4/14/20","2","1","36041","50"
"Herkimer","2","39","New York","4/14/20","27","12","36043","44.44"
"Jefferson","1","47","New York","4/14/20","39","8","36045","20.51"
"Lewis","0","7","New York","4/14/20","6","1","36049","16.67"
"Livingston","1","34","New York","4/14/20","24","10","36051","41.67"
"Madison","3","110","New York","4/14/20","92","18","36053","19.57"
"Monroe","36","850","New York","4/14/20","596","254","36055","42.62"
"Montgomery","2","32","New York","4/14/20","18","14","36057","77.78"
"Nassau","1234","25250","New York","4/14/20","16610","8640","36059","52.02"
"New York","4798","110465","New York","4/14/20","76876","33589","36061","43.69"
"Niagara","13","216","New York","4/14/20","126","90","36063","71.43"
"Oneida","16","229","New York","4/14/20","118","111","36065","94.07"
"Onondaga","20","537","New York","4/14/20","397","140","36067","35.26"
"Ontario","4","61","New York","4/14/20","33","28","36069","84.85"
"Orange","286","5830","New York","4/14/20","3829","2001","36071","52.26"
"Orleans","2","31","New York","4/14/20","15","16","36073","106.67"
"Oswego","1","42","New York","4/14/20","34","8","36075","23.53"
"Otsego","1","44","New York","4/14/20","34","10","36077","29.41"
"Putnam","33","634","New York","4/14/20","402","232","36079","57.71"
"Rensselaer","7","140","New York","4/14/20","88","52","36083","59.09"
"Rockland","335","8335","New York","4/14/20","5990","2345","36087","39.15"
"Saratoga","10","224","New York","4/14/20","155","69","36091","44.52"
"Schenectady","13","235","New York","4/14/20","145","90","36093","62.07"
"Schoharie","1","20","New York","4/14/20","12","8","36095","66.67"
"Schuyler","1","8","New York","4/14/20","4","4","36097","100"
"Seneca","1","18","New York","4/14/20","10","8","36099","80"
"St. Lawrence","4","92","New York","4/14/20","61","31","36089","50.82"
"Steuben","10","147","New York","4/14/20","75","72","36101","96"
"Suffolk","1019","22691","New York","4/14/20","15561","7130","36103","45.82"
"Sullivan","21","415","New York","4/14/20","270","145","36105","53.7"
"Tioga","2","24","New York","4/14/20","8","16","36107","200"
"Tompkins","1","113","New York","4/14/20","103","10","36109","9.71"
"Ulster","45","716","New York","4/14/20","398","318","36111","79.9"
"Warren","7","77","New York","4/14/20","31","46","36113","148.39"
"Washington","3","40","New York","4/14/20","19","21","36115","110.53"
"Wayne","2","48","New York","4/14/20","35","13","36117","37.14"
"Westchester","842","20191","New York","4/14/20","14294","5897","36119","41.26"
"Wyoming","1","32","New York","4/14/20","23","9","36121","39.13"
"Yates","1","6","New York","4/14/20","1","5","36123","500"
"Alamance","7","73","North Carolina","4/14/20","24","49","37001","204.17"
"Alexander","0","3","North Carolina","4/14/20","2","1","37003","50"
"Alleghany","0","2","North Carolina","4/14/20","2","0","37005","0"
"Anson","1","11","North Carolina","4/14/20","5","6","37007","120"
"Ashe","0","4","North Carolina","4/14/20","2","2","37009","100"
"Beaufort","1","14","North Carolina","4/14/20","10","4","37013","40"
"Bertie","1","15","North Carolina","4/14/20","9","6","37015","66.67"
"Bladen","0","2","North Carolina","4/14/20","1","1","37017","100"
"Brunswick","1","35","North Carolina","4/14/20","26","9","37019","34.62"
"Buncombe","1","38","North Carolina","4/14/20","33","5","37021","15.15"
"Burke","3","61","North Carolina","4/14/20","39","22","37023","56.41"
"Cabarrus","16","190","North Carolina","4/14/20","81","109","37025","134.57"
"Caldwell","1","19","North Carolina","4/14/20","11","8","37027","72.73"
"Carteret","0","22","North Carolina","4/14/20","25","-3","37031","-12"
"Caswell","0","3","North Carolina","4/14/20","2","1","37033","50"
"Catawba","1","36","North Carolina","4/14/20","27","9","37035","33.33"
"Chatham","8","75","North Carolina","4/14/20","21","54","37037","257.14"
"Cherokee","0","13","North Carolina","4/14/20","12","1","37039","8.33"
"Chowan","0","4","North Carolina","4/14/20","1","3","37041","300"
"Clay","0","4","North Carolina","4/14/20","3","1","37043","33.33"
"Cleveland","2","39","North Carolina","4/14/20","23","16","37045","69.57"
"Columbus","3","37","North Carolina","4/14/20","13","24","37047","184.62"
"Craven","2","29","North Carolina","4/14/20","18","11","37049","61.11"
"Cumberland","3","86","North Carolina","4/14/20","62","24","37051","38.71"
"Currituck","0","3","North Carolina","4/14/20","3","0","37053","0"
"Dare","1","15","North Carolina","4/14/20","6","9","37055","150"
"Davidson","2","86","North Carolina","4/14/20","70","16","37057","22.86"
"Davie","0","22","North Carolina","4/14/20","20","2","37059","10"
"Duplin","2","19","North Carolina","4/14/20","7","12","37061","171.43"
"Durham","15","324","North Carolina","4/14/20","219","105","37063","47.95"
"Edgecombe","3","31","North Carolina","4/14/20","11","20","37065","181.82"
"Forsyth","2","121","North Carolina","4/14/20","106","15","37067","14.15"
"Franklin","7","67","North Carolina","4/14/20","17","50","37069","294.12"
"Gaston","4","86","North Carolina","4/14/20","58","28","37071","48.28"
"Gates","0","4","North Carolina","4/14/20","2","2","37073","100"
"Granville","3","97","North Carolina","4/14/20","76","21","37077","27.63"
"Greene","0","13","North Carolina","4/14/20","10","3","37079","30"
"Guilford","3","138","North Carolina","4/14/20","119","19","37081","15.97"
"Halifax","2","25","North Carolina","4/14/20","13","12","37083","92.31"
"Harnett","2","49","North Carolina","4/14/20","32","17","37085","53.12"
"Haywood","0","3","North Carolina","4/14/20","3","0","37087","0"
"Henderson","7","99","North Carolina","4/14/20","51","48","37089","94.12"
"Hertford","0","4","North Carolina","4/14/20","5","-1","37091","-20"
"Hoke","1","20","North Carolina","4/14/20","12","8","37093","66.67"
"Iredell","2","71","North Carolina","4/14/20","54","17","37097","31.48"
"Jackson","0","2","North Carolina","4/14/20","2","0","37099","0"
"Johnston","8","104","North Carolina","4/14/20","47","57","37101","121.28"
"Jones","1","7","North Carolina","4/14/20","2","5","37103","250"
"Lee","2","15","North Carolina","4/14/20","4","11","37105","275"
"Lenoir","1","15","North Carolina","4/14/20","10","5","37107","50"
"Lincoln","1","15","North Carolina","4/14/20","11","4","37109","36.36"
"Macon","0","2","North Carolina","4/14/20","1","1","37113","100"
"Martin","0","7","North Carolina","4/14/20","4","3","37117","75"
"McDowell","1","18","North Carolina","4/14/20","10","8","37111","80"
"Mecklenburg","26","993","North Carolina","4/14/20","810","183","37119","22.59"
"Mitchell","0","4","North Carolina","4/14/20","3","1","37121","33.33"
"Montgomery","1","15","North Carolina","4/14/20","11","4","37123","36.36"
"Moore","9","84","North Carolina","4/14/20","20","64","37125","320"
"Nash","2","39","North Carolina","4/14/20","24","15","37127","62.5"
"New Hanover","2","62","North Carolina","4/14/20","51","11","37129","21.57"
"Northampton","2","65","North Carolina","4/14/20","53","12","37131","22.64"
"Onslow","2","35","North Carolina","4/14/20","23","12","37133","52.17"
"Orange","12","155","North Carolina","4/14/20","73","82","37135","112.33"
"Pamlico","0","6","North Carolina","4/14/20","3","3","37137","100"
"Pasquotank","1","15","North Carolina","4/14/20","9","6","37139","66.67"
"Pender","0","5","North Carolina","4/14/20","2","3","37141","150"
"Perquimans","1","8","North Carolina","4/14/20","2","6","37143","300"
"Person","1","11","North Carolina","4/14/20","7","4","37145","57.14"
"Pitt","4","69","North Carolina","4/14/20","44","25","37147","56.82"
"Polk","0","9","North Carolina","4/14/20","8","1","37149","12.5"
"Randolph","3","55","North Carolina","4/14/20","35","20","37151","57.14"
"Richmond","2","12","North Carolina","4/14/20","1","11","37153","1100"
"Robeson","1","11","North Carolina","4/14/20","6","5","37155","83.33"
"Rockingham","1","16","North Carolina","4/14/20","8","8","37157","100"
"Rowan","20","204","North Carolina","4/14/20","62","142","37159","229.03"
"Rutherford","3","45","North Carolina","4/14/20","21","24","37161","114.29"
"Sampson","1","13","North Carolina","4/14/20","5","8","37163","160"
"Scotland","1","9","North Carolina","4/14/20","3","6","37165","200"
"Stanly","1","17","North Carolina","4/14/20","8","9","37167","112.5"
"Stokes","0","10","North Carolina","4/14/20","8","2","37169","25"
"Surry","0","10","North Carolina","4/14/20","10","0","37171","0"
"Swain","0","0","North Carolina","4/14/20","1","-1","37173","-100"
"Transylvania","0","6","North Carolina","4/14/20","6","0","37175","0"
"Tyrrell","0","2","North Carolina","4/14/20","0","2","37177","1"
"Union","4","110","North Carolina","4/14/20","83","27","37179","32.53"
"Vance","1","21","North Carolina","4/14/20","12","9","37181","75"
"Wake","21","501","North Carolina","4/14/20","351","150","37183","42.74"
"Warren","0","3","North Carolina","4/14/20","3","0","37185","0"
"Washington","2","18","North Carolina","4/14/20","7","11","37187","157.14"
"Watauga","0","8","North Carolina","4/14/20","8","0","37189","0"
"Wayne","7","78","North Carolina","4/14/20","32","46","37191","143.75"
"Wilkes","0","4","North Carolina","4/14/20","4","0","37193","0"
"Wilson","5","74","North Carolina","4/14/20","36","38","37195","105.56"
"Yadkin","1","14","North Carolina","4/14/20","9","5","37197","55.56"
"Barnes","0","2","North Dakota","4/14/20","2","0","38003","0"
"Bowman","0","1","North Dakota","4/14/20","1","0","38011","0"
"Burke","0","2","North Dakota","4/14/20","2","0","38013","0"
"Burleigh","2","52","North Dakota","4/14/20","39","13","38015","33.33"
"Cass","8","123","North Dakota","4/14/20","70","53","38017","75.71"
"Divide","0","1","North Dakota","4/14/20","1","0","38023","0"
"Dunn","0","3","North Dakota","4/14/20","1","2","38025","200"
"Eddy","0","1","North Dakota","4/14/20","1","0","38027","0"
"Emmons","0","1","North Dakota","4/14/20","1","0","38029","0"
"Foster","0","1","North Dakota","4/14/20","1","0","38031","0"
"Grand Forks","0","12","North Dakota","4/14/20","11","1","38035","9.09"
"Grant","0","1","North Dakota","4/14/20","1","0","38037","0"
"McHenry","0","1","North Dakota","4/14/20","1","0","38049","0"
"McIntosh","0","1","North Dakota","4/14/20","1","0","38051","0"
"McKenzie","0","8","North Dakota","4/14/20","5","3","38053","60"
"McLean","0","2","North Dakota","4/14/20","2","0","38055","0"
"Morton","0","21","North Dakota","4/14/20","18","3","38059","16.67"
"Mountrail","1","27","North Dakota","4/14/20","20","7","38061","35"
"Oliver","0","1","North Dakota","4/14/20","1","0","38065","0"
"Pierce","0","2","North Dakota","4/14/20","2","0","38069","0"
"Ramsey","0","3","North Dakota","4/14/20","3","0","38071","0"
"Richland","0","3","North Dakota","4/14/20","0","3","38077","1"
"Rolette","0","1","North Dakota","4/14/20","0","1","38079","1"
"Sargent","0","1","North Dakota","4/14/20","0","1","38081","1"
"Sioux","0","1","North Dakota","4/14/20","1","0","38085","0"
"Slope","0","3","North Dakota","4/14/20","3","0","38087","0"
"Stark","1","34","North Dakota","4/14/20","25","9","38089","36"
"Stutsman","0","1","North Dakota","4/14/20","0","1","38093","1"
"Walsh","0","3","North Dakota","4/14/20","3","0","38099","0"
"Ward","1","20","North Dakota","4/14/20","16","4","38101","25"
"Williams","0","8","North Dakota","4/14/20","5","3","38105","60"
"","0","11","Northern Mariana Islands","4/14/20","8","3",,"37.5"
"Adams","0","3","Ohio","4/14/20","2","1","39001","50"
"Allen","3","46","Ohio","4/14/20","22","24","39003","109.09"
"Ashland","0","5","Ohio","4/14/20","3","2","39005","66.67"
"Ashtabula","2","32","Ohio","4/14/20","18","14","39007","77.78"
"Athens","0","3","Ohio","4/14/20","3","0","39009","0"
"Auglaize","1","15","Ohio","4/14/20","8","7","39011","87.5"
"Belmont","5","57","Ohio","4/14/20","25","32","39013","128"
"Brown","0","5","Ohio","4/14/20","4","1","39015","25"
"Butler","5","127","Ohio","4/14/20","92","35","39017","38.04"
"Carroll","1","14","Ohio","4/14/20","9","5","39019","55.56"
"Champaign","0","6","Ohio","4/14/20","5","1","39021","20"
"Clark","1","20","Ohio","4/14/20","11","9","39023","81.82"
"Clermont","3","44","Ohio","4/14/20","22","22","39025","100"
"Clinton","1","18","Ohio","4/14/20","9","9","39027","100"
"Columbiana","8","115","Ohio","4/14/20","59","56","39029","94.92"
"Coshocton","1","16","Ohio","4/14/20","10","6","39031","60"
"Crawford","1","19","Ohio","4/14/20","9","10","39033","111.11"
"Cuyahoga","47","1239","Ohio","4/14/20","911","328","39035","36"
"Darke","2","50","Ohio","4/14/20","34","16","39037","47.06"
"Defiance","0","12","Ohio","4/14/20","9","3","39039","33.33"
"Delaware","3","99","Ohio","4/14/20","77","22","39041","28.57"
"Erie","1","14","Ohio","4/14/20","10","4","39043","40"
"Fairfield","4","90","Ohio","4/14/20","59","31","39045","52.54"
"Fayette","1","12","Ohio","4/14/20","2","10","39047","500"
"Franklin","50","1053","Ohio","4/14/20","703","350","39049","49.79"
"Fulton","0","7","Ohio","4/14/20","5","2","39051","40"
"Gallia","1","8","Ohio","4/14/20","4","4","39053","100"
"Geauga","4","69","Ohio","4/14/20","41","28","39055","68.29"
"Greene","2","31","Ohio","4/14/20","20","11","39057","55"
"Guernsey","1","7","Ohio","4/14/20","1","6","39059","600"
"Hamilton","24","576","Ohio","4/14/20","411","165","39061","40.15"
"Hancock","1","20","Ohio","4/14/20","15","5","39063","33.33"
"Hardin","1","11","Ohio","4/14/20","2","9","39065","450"
"Henry","0","1","Ohio","4/14/20","0","1","39069","1"
"Highland","0","7","Ohio","4/14/20","6","1","39071","16.67"
"Hocking","1","4","Ohio","4/14/20","0","4","39073","1"
"Holmes","0","3","Ohio","4/14/20","2","1","39075","50"
"Huron","1","14","Ohio","4/14/20","10","4","39077","40"
"Jackson","0","3","Ohio","4/14/20","0","3","39079","1"
"Jefferson","1","24","Ohio","4/14/20","15","9","39081","60"
"Knox","0","10","Ohio","4/14/20","7","3","39083","42.86"
"Lake","4","121","Ohio","4/14/20","92","29","39085","31.52"
"Lawrence","1","17","Ohio","4/14/20","9","8","39087","88.89"
"Licking","4","86","Ohio","4/14/20","61","25","39089","40.98"
"Logan","0","8","Ohio","4/14/20","5","3","39091","60"
"Lorain","11","191","Ohio","4/14/20","116","75","39093","64.66"
"Lucas","28","540","Ohio","4/14/20","347","193","39095","55.62"
"Madison","1","24","Ohio","4/14/20","18","6","39097","33.33"
"Mahoning","24","469","Ohio","4/14/20","300","169","39099","56.33"
"Marion","12","110","Ohio","4/14/20","28","82","39101","292.86"
"Medina","4","116","Ohio","4/14/20","88","28","39103","31.82"
"Meigs","0","1","Ohio","4/14/20","1","0","39105","0"
"Mercer","1","13","Ohio","4/14/20","8","5","39107","62.5"
"Miami","3","122","Ohio","4/14/20","101","21","39109","20.79"
"Monroe","0","2","Ohio","4/14/20","2","0","39111","0"
"Montgomery","10","205","Ohio","4/14/20","132","73","39113","55.3"
"Morgan","0","2","Ohio","4/14/20","1","1","39115","100"
"Morrow","1","10","Ohio","4/14/20","6","4","39117","66.67"
"Muskingum","0","8","Ohio","4/14/20","6","2","39119","33.33"
"Noble","0","2","Ohio","4/14/20","0","2","39121","1"
"Ottawa","1","11","Ohio","4/14/20","5","6","39123","120"
"Paulding","1","5","Ohio","4/14/20","1","4","39125","400"
"Perry","1","8","Ohio","4/14/20","4","4","39127","100"
"Pickaway","9","97","Ohio","4/14/20","31","66","39129","212.9"
"Pike","0","1","Ohio","4/14/20","1","0","39131","0"
"Portage","6","146","Ohio","4/14/20","101","45","39133","44.55"
"Preble","1","17","Ohio","4/14/20","7","10","39135","142.86"
"Putnam","0","2","Ohio","4/14/20","0","2","39137","1"
"Richland","3","43","Ohio","4/14/20","20","23","39139","115"
"Ross","2","20","Ohio","4/14/20","9","11","39141","122.22"
"Sandusky","1","13","Ohio","4/14/20","5","8","39143","160"
"Scioto","0","4","Ohio","4/14/20","1","3","39145","300"
"Seneca","1","10","Ohio","4/14/20","6","4","39147","66.67"
"Shelby","1","27","Ohio","4/14/20","18","9","39149","50"
"Stark","9","171","Ohio","4/14/20","110","61","39151","55.45"
"Summit","11","273","Ohio","4/14/20","199","74","39153","37.19"
"Trumbull","11","187","Ohio","4/14/20","110","77","39155","70"
"Tuscarawas","1","28","Ohio","4/14/20","23","5","39157","21.74"
"Union","0","11","Ohio","4/14/20","8","3","39159","37.5"
"Van Wert","0","2","Ohio","4/14/20","2","0","39161","0"
"Warren","5","78","Ohio","4/14/20","45","33","39165","73.33"
"Washington","2","44","Ohio","4/14/20","27","17","39167","62.96"
"Wayne","4","54","Ohio","4/14/20","29","25","39169","86.21"
"Williams","0","3","Ohio","4/14/20","1","2","39171","200"
"Wood","3","61","Ohio","4/14/20","38","23","39173","60.53"
"Wyandot","1","13","Ohio","4/14/20","5","8","39175","160"
"Adair","0","28","Oklahoma","4/14/20","25","3","40001","12"
"Alfalfa","0","1","Oklahoma","4/14/20","0","1","40003","1"
"Atoka","0","1","Oklahoma","4/14/20","1","0","40005","0"
"Beaver","0","1","Oklahoma","4/14/20","1","0","40007","0"
"Beckham","0","1","Oklahoma","4/14/20","1","0","40009","0"
"Bryan","0","4","Oklahoma","4/14/20","3","1","40013","33.33"
"Caddo","1","10","Oklahoma","4/14/20","6","4","40015","66.67"
"Canadian","3","62","Oklahoma","4/14/20","40","22","40017","55"
"Carter","0","1","Oklahoma","4/14/20","1","0","40019","0"
"Cherokee","1","20","Oklahoma","4/14/20","16","4","40021","25"
"Choctaw","0","3","Oklahoma","4/14/20","2","1","40023","50"
"Cleveland","11","277","Oklahoma","4/14/20","203","74","40027","36.45"
"Comanche","1","52","Oklahoma","4/14/20","42","10","40031","23.81"
"Cotton","0","5","Oklahoma","4/14/20","4","1","40033","25"
"Craig","1","9","Oklahoma","4/14/20","4","5","40035","125"
"Creek","2","60","Oklahoma","4/14/20","47","13","40037","27.66"
"Custer","0","7","Oklahoma","4/14/20","5","2","40039","40"
"Delaware","8","71","Oklahoma","4/14/20","13","58","40041","446.15"
"Dewey","0","1","Oklahoma","4/14/20","1","0","40043","0"
"Garfield","0","7","Oklahoma","4/14/20","5","2","40047","40"
"Garvin","0","10","Oklahoma","4/14/20","12","-2","40049","-16.67"
"Grady","0","12","Oklahoma","4/14/20","9","3","40051","33.33"
"Grant","0","2","Oklahoma","4/14/20","1","1","40053","100"
"Greer","3","49","Oklahoma","4/14/20","31","18","40055","58.06"
"Jackson","0","7","Oklahoma","4/14/20","6","1","40065","16.67"
"Jefferson","0","1","Oklahoma","4/14/20","1","0","40067","0"
"Johnston","0","2","Oklahoma","4/14/20","0","2","40069","1"
"Kay","2","45","Oklahoma","4/14/20","33","12","40071","36.36"
"Kingfisher","0","6","Oklahoma","4/14/20","3","3","40073","100"
"Kiowa","0","2","Oklahoma","4/14/20","1","1","40075","100"
"Latimer","0","4","Oklahoma","4/14/20","4","0","40077","0"
"Le Flore","0","3","Oklahoma","4/14/20","1","2","40079","200"
"Lincoln","0","10","Oklahoma","4/14/20","10","0","40081","0"
"Logan","0","7","Oklahoma","4/14/20","6","1","40083","16.67"
"Love","0","2","Oklahoma","4/14/20","2","0","40085","0"
"Major","0","2","Oklahoma","4/14/20","1","1","40093","100"
"Marshall","0","1","Oklahoma","4/14/20","1","0","40095","0"
"Mayes","0","14","Oklahoma","4/14/20","12","2","40097","16.67"
"McClain","0","18","Oklahoma","4/14/20","16","2","40087","12.5"
"McCurtain","1","6","Oklahoma","4/14/20","2","4","40089","200"
"McIntosh","0","1","Oklahoma","4/14/20","2","-1","40091","-50"
"Muskogee","1","25","Oklahoma","4/14/20","21","4","40101","19.05"
"Noble","0","6","Oklahoma","4/14/20","6","0","40103","0"
"Nowata","0","11","Oklahoma","4/14/20","10","1","40105","10"
"Okfuskee","0","1","Oklahoma","4/14/20","0","1","40107","1"
"Oklahoma","24","474","Oklahoma","4/14/20","303","171","40109","56.44"
"Okmulgee","0","14","Oklahoma","4/14/20","11","3","40111","27.27"
"Osage","4","59","Oklahoma","4/14/20","34","25","40113","73.53"
"Ottawa","1","22","Oklahoma","4/14/20","14","8","40115","57.14"
"Out of OK","0","0","Oklahoma","4/14/20","2","-2","80040","-100"
"Pawnee","1","27","Oklahoma","4/14/20","23","4","40117","17.39"
"Payne","1","28","Oklahoma","4/14/20","24","4","40119","16.67"
"Pittsburg","1","11","Oklahoma","4/14/20","7","4","40121","57.14"
"Pontotoc","0","10","Oklahoma","4/14/20","9","1","40123","11.11"
"Pottawatomie","1","28","Oklahoma","4/14/20","19","9","40125","47.37"
"Rogers","2","28","Oklahoma","4/14/20","17","11","40131","64.71"
"Seminole","1","7","Oklahoma","4/14/20","3","4","40133","133.33"
"Sequoyah","0","11","Oklahoma","4/14/20","10","1","40135","10"
"Stephens","1","15","Oklahoma","4/14/20","11","4","40137","36.36"
"Texas","0","6","Oklahoma","4/14/20","3","3","40139","100"
"Tillman","0","1","Oklahoma","4/14/20","1","0","40141","0"
"Tulsa","12","358","Oklahoma","4/14/20","273","85","40143","31.14"
"Wagoner","6","98","Oklahoma","4/14/20","55","43","40145","78.18"
"Washington","11","118","Oklahoma","4/14/20","43","75","40147","174.42"
"Woodward","0","1","Oklahoma","4/14/20","1","0","40153","0"
"Benton","0","24","Oregon","4/14/20","21","3","41003","14.29"
"Clackamas","6","135","Oregon","4/14/20","90","45","41005","50"
"Clatsop","0","6","Oregon","4/14/20","4","2","41007","50"
"Columbia","0","11","Oregon","4/14/20","8","3","41009","37.5"
"Coos","0","1","Oregon","4/14/20","0","1","41011","1"
"Crook","0","1","Oregon","4/14/20","1","0","41013","0"
"Curry","0","3","Oregon","4/14/20","2","1","41015","50"
"Deschutes","2","55","Oregon","4/14/20","40","15","41017","37.5"
"Douglas","1","19","Oregon","4/14/20","12","7","41019","58.33"
"Grant","0","1","Oregon","4/14/20","1","0","41023","0"
"Hood River","0","4","Oregon","4/14/20","2","2","41027","100"
"Jackson","1","47","Oregon","4/14/20","39","8","41029","20.51"
"Jefferson","0","1","Oregon","4/14/20","0","1","41031","1"
"Josephine","0","19","Oregon","4/14/20","16","3","41033","18.75"
"Klamath","1","26","Oregon","4/14/20","18","8","41035","44.44"
"Lane","2","42","Oregon","4/14/20","29","13","41039","44.83"
"Lincoln","0","4","Oregon","4/14/20","4","0","41041","0"
"Linn","1","52","Oregon","4/14/20","44","8","41043","18.18"
"Malheur","0","4","Oregon","4/14/20","2","2","41045","100"
"Marion","11","289","Oregon","4/14/20","209","80","41047","38.28"
"Morrow","0","5","Oregon","4/14/20","2","3","41049","150"
"Multnomah","25","420","Oregon","4/14/20","243","177","41051","72.84"
"Polk","1","30","Oregon","4/14/20","26","4","41053","15.38"
"Sherman","0","1","Oregon","4/14/20","1","0","41055","0"
"Tillamook","0","5","Oregon","4/14/20","3","2","41057","66.67"
"Umatilla","1","16","Oregon","4/14/20","8","8","41059","100"
"Union","0","4","Oregon","4/14/20","3","1","41061","33.33"
"Wallowa","0","1","Oregon","4/14/20","1","0","41063","0"
"Wasco","0","10","Oregon","4/14/20","7","3","41065","42.86"
"Washington","13","365","Oregon","4/14/20","271","94","41067","34.69"
"Yamhill","1","32","Oregon","4/14/20","25","7","41071","28"
"Adams","5","63","Pennsylvania","4/14/20","28","35","42001","125"
"Allegheny","29","893","Pennsylvania","4/14/20","689","204","42003","29.61"
"Armstrong","1","28","Pennsylvania","4/14/20","18","10","42005","55.56"
"Beaver","6","156","Pennsylvania","4/14/20","116","40","42007","34.48"
"Bedford","0","5","Pennsylvania","4/14/20","4","1","42009","25"
"Berks","125","1247","Pennsylvania","4/14/20","369","878","42011","237.94"
"Blair","1","11","Pennsylvania","4/14/20","6","5","42013","83.33"
"Bradford","1","19","Pennsylvania","4/14/20","14","5","42015","35.71"
"Bucks","80","1273","Pennsylvania","4/14/20","713","560","42017","78.54"
"Butler","5","143","Pennsylvania","4/14/20","107","36","42019","33.64"
"Cambria","1","14","Pennsylvania","4/14/20","7","7","42021","100"
"Cameron","0","1","Pennsylvania","4/14/20","1","0","42023","0"
"Carbon","5","103","Pennsylvania","4/14/20","67","36","42025","53.73"
"Centre","2","70","Pennsylvania","4/14/20","55","15","42027","27.27"
"Chester","43","636","Pennsylvania","4/14/20","335","301","42029","89.85"
"Clarion","1","16","Pennsylvania","4/14/20","9","7","42031","77.78"
"Clearfield","0","9","Pennsylvania","4/14/20","7","2","42033","28.57"
"Clinton","1","8","Pennsylvania","4/14/20","3","5","42035","166.67"
"Columbia","12","125","Pennsylvania","4/14/20","42","83","42037","197.62"
"Crawford","1","16","Pennsylvania","4/14/20","8","8","42039","100"
"Cumberland","7","124","Pennsylvania","4/14/20","77","47","42041","61.04"
"Dauphin","13","249","Pennsylvania","4/14/20","155","94","42043","60.65"
"Delaware","136","1851","Pennsylvania","4/14/20","898","953","42045","106.12"
"Elk","0","2","Pennsylvania","4/14/20","2","0","42047","0"
"Erie","2","41","Pennsylvania","4/14/20","29","12","42049","41.38"
"Fayette","4","58","Pennsylvania","4/14/20","32","26","42051","81.25"
"Forest","0","5","Pennsylvania","4/14/20","5","0","42053","0"
"Franklin","4","69","Pennsylvania","4/14/20","39","30","42055","76.92"
"Fulton","0","2","Pennsylvania","4/14/20","1","1","42057","100"
"Greene","1","23","Pennsylvania","4/14/20","15","8","42059","53.33"
"Huntingdon","1","11","Pennsylvania","4/14/20","5","6","42061","120"
"Indiana","3","43","Pennsylvania","4/14/20","21","22","42063","104.76"
"Jefferson","0","2","Pennsylvania","4/14/20","1","1","42065","100"
"Juniata","4","43","Pennsylvania","4/14/20","14","29","42067","207.14"
"Lackawanna","38","501","Pennsylvania","4/14/20","235","266","42069","113.19"
"Lancaster","54","865","Pennsylvania","4/14/20","490","375","42071","76.53"
"Lawrence","3","51","Pennsylvania","4/14/20","29","22","42073","75.86"
"Lebanon","26","328","Pennsylvania","4/14/20","145","183","42075","126.21"
"Lehigh","94","1803","Pennsylvania","4/14/20","1146","657","42077","57.33"
"Luzerne","77","1523","Pennsylvania","4/14/20","982","541","42079","55.09"
"Lycoming","2","29","Pennsylvania","4/14/20","12","17","42081","141.67"
"McKean","0","4","Pennsylvania","4/14/20","1","3","42083","300"
"Mercer","3","44","Pennsylvania","4/14/20","26","18","42085","69.23"
"Mifflin","1","16","Pennsylvania","4/14/20","6","10","42087","166.67"
"Monroe","34","847","Pennsylvania","4/14/20","610","237","42089","38.85"
"Montgomery","142","2354","Pennsylvania","4/14/20","1359","995","42091","73.22"
"Montour","1","44","Pennsylvania","4/14/20","37","7","42093","18.92"
"Northampton","57","1176","Pennsylvania","4/14/20","774","402","42095","51.94"
"Northumberland","4","48","Pennsylvania","4/14/20","22","26","42097","118.18"
"Perry","1","17","Pennsylvania","4/14/20","9","8","42099","88.89"
"Philadelphia","408","7130","Pennsylvania","4/14/20","4272","2858","42101","66.9"
"Pike","17","256","Pennsylvania","4/14/20","136","120","42103","88.24"
"Potter","0","4","Pennsylvania","4/14/20","3","1","42105","33.33"
"Schuylkill","12","200","Pennsylvania","4/14/20","119","81","42107","68.07"
"Snyder","2","24","Pennsylvania","4/14/20","9","15","42109","166.67"
"Somerset","1","13","Pennsylvania","4/14/20","7","6","42111","85.71"
"Sullivan","0","1","Pennsylvania","4/14/20","1","0","42113","0"
"Susquehanna","3","32","Pennsylvania","4/14/20","11","21","42115","190.91"
"Tioga","0","13","Pennsylvania","4/14/20","10","3","42117","30"
"Union","2","23","Pennsylvania","4/14/20","7","16","42119","228.57"
"Venango","0","6","Pennsylvania","4/14/20","5","1","42121","20"
"Warren","0","1","Pennsylvania","4/14/20","1","0","42123","0"
"Washington","2","70","Pennsylvania","4/14/20","57","13","42125","22.81"
"Wayne","4","70","Pennsylvania","4/14/20","40","30","42127","75"
"Westmoreland","8","231","Pennsylvania","4/14/20","177","54","42129","30.51"
"Wyoming","1","11","Pennsylvania","4/14/20","5","6","42131","120"
"York","22","371","Pennsylvania","4/14/20","218","153","42133","70.18"
"","50","923","Puerto Rico","4/14/20","573","350",,"61.08"
"Bristol","2","39","Rhode Island","4/14/20","27","12","44001","44.44"
"Kent","9","169","Rhode Island","4/14/20","105","64","44003","60.95"
"Newport","3","74","Rhode Island","4/14/20","52","22","44005","42.31"
"Providence","94","1278","Rhode Island","4/14/20","622","656","44007","105.47"
"Washington","10","140","Rhode Island","4/14/20","70","70","44009","100"
"Abbeville","1","9","South Carolina","4/14/20","5","4","45001","80"
"Aiken","5","60","South Carolina","4/14/20","28","32","45003","114.29"
"Allendale","0","5","South Carolina","4/14/20","2","3","45005","150"
"Anderson","5","111","South Carolina","4/14/20","75","36","45007","48"
"Bamberg","0","7","South Carolina","4/14/20","6","1","45009","16.67"
"Barnwell","0","5","South Carolina","4/14/20","3","2","45011","66.67"
"Beaufort","4","198","South Carolina","4/14/20","169","29","45013","17.16"
"Berkeley","6","98","South Carolina","4/14/20","55","43","45015","78.18"
"Calhoun","0","6","South Carolina","4/14/20","5","1","45017","20"
"Charleston","7","353","South Carolina","4/14/20","305","48","45019","15.74"
"Cherokee","1","8","South Carolina","4/14/20","4","4","45021","100"
"Chester","1","20","South Carolina","4/14/20","15","5","45023","33.33"
"Chesterfield","2","27","South Carolina","4/14/20","16","11","45025","68.75"
"Clarendon","3","89","South Carolina","4/14/20","68","21","45027","30.88"
"Colleton","1","18","South Carolina","4/14/20","10","8","45029","80"
"Darlington","2","44","South Carolina","4/14/20","29","15","45031","51.72"
"Dillon","1","5","South Carolina","4/14/20","1","4","45033","400"
"Dorchester","3","73","South Carolina","4/14/20","51","22","45035","43.14"
"Edgefield","0","9","South Carolina","4/14/20","6","3","45037","50"
"Fairfield","1","24","South Carolina","4/14/20","17","7","45039","41.18"
"Florence","5","82","South Carolina","4/14/20","45","37","45041","82.22"
"Georgetown","2","33","South Carolina","4/14/20","22","11","45043","50"
"Greenville","23","373","South Carolina","4/14/20","214","159","45045","74.3"
"Greenwood","1","18","South Carolina","4/14/20","12","6","45047","50"
"Hampton","1","11","South Carolina","4/14/20","4","7","45049","175"
"Horry","9","151","South Carolina","4/14/20","91","60","45051","65.93"
"Jasper","0","14","South Carolina","4/14/20","12","2","45053","16.67"
"Kershaw","4","187","South Carolina","4/14/20","159","28","45055","17.61"
"Lancaster","3","67","South Carolina","4/14/20","46","21","45057","45.65"
"Laurens","1","14","South Carolina","4/14/20","6","8","45059","133.33"
"Lee","2","33","South Carolina","4/14/20","19","14","45061","73.68"
"Lexington","11","208","South Carolina","4/14/20","130","78","45063","60"
"Marion","0","8","South Carolina","4/14/20","5","3","45067","60"
"Marlboro","1","15","South Carolina","4/14/20","8","7","45069","87.5"
"McCormick","0","4","South Carolina","4/14/20","2","2","45065","100"
"Newberry","1","15","South Carolina","4/14/20","7","8","45071","114.29"
"Oconee","1","14","South Carolina","4/14/20","9","5","45073","55.56"
"Orangeburg","1","38","South Carolina","4/14/20","30","8","45075","26.67"
"Pickens","2","34","South Carolina","4/14/20","21","13","45077","61.9"
"Richland","28","535","South Carolina","4/14/20","340","195","45079","57.35"
"Saluda","0","7","South Carolina","4/14/20","5","2","45081","40"
"Spartanburg","10","190","South Carolina","4/14/20","120","70","45083","58.33"
"Sumter","7","156","South Carolina","4/14/20","105","51","45085","48.57"
"Union","1","23","South Carolina","4/14/20","15","8","45087","53.33"
"Williamsburg","1","16","South Carolina","4/14/20","12","4","45089","33.33"
"York","4","138","South Carolina","4/14/20","108","30","45091","27.78"
"Aurora","0","1","South Dakota","4/14/20","1","0","46003","0"
"Beadle","0","21","South Dakota","4/14/20","21","0","46005","0"
"Bon Homme","0","4","South Dakota","4/14/20","2","2","46009","100"
"Brookings","0","9","South Dakota","4/14/20","6","3","46011","50"
"Brown","0","14","South Dakota","4/14/20","13","1","46013","7.69"
"Brule","0","1","South Dakota","4/14/20","0","1","46015","1"
"Charles Mix","0","4","South Dakota","4/14/20","2","2","46023","100"
"Clark","0","1","South Dakota","4/14/20","1","0","46025","0"
"Clay","0","5","South Dakota","4/14/20","6","-1","46027","-16.67"
"Codington","0","13","South Dakota","4/14/20","12","1","46029","8.33"
"Corson","0","1","South Dakota","4/14/20","0","1","46031","1"
"Davison","0","3","South Dakota","4/14/20","3","0","46035","0"
"Deuel","0","1","South Dakota","4/14/20","1","0","46039","0"
"Fall River","0","1","South Dakota","4/14/20","1","0","46047","0"
"Faulk","0","1","South Dakota","4/14/20","1","0","46049","0"
"Hamlin","0","1","South Dakota","4/14/20","1","0","46057","0"
"Hughes","0","5","South Dakota","4/14/20","3","2","46065","66.67"
"Hutchinson","0","2","South Dakota","4/14/20","2","0","46067","0"
"Hyde","0","1","South Dakota","4/14/20","0","1","46069","1"
"Jerauld","0","3","South Dakota","4/14/20","0","3","46073","1"
"Lake","0","2","South Dakota","4/14/20","1","1","46079","100"
"Lawrence","0","9","South Dakota","4/14/20","9","0","46081","0"
"Lincoln","4","55","South Dakota","4/14/20","27","28","46083","103.7"
"Lyman","0","2","South Dakota","4/14/20","2","0","46085","0"
"Marshall","0","1","South Dakota","4/14/20","1","0","46091","0"
"McCook","0","2","South Dakota","4/14/20","2","0","46087","0"
"Meade","0","1","South Dakota","4/14/20","1","0","46093","0"
"Miner","0","1","South Dakota","4/14/20","0","1","46097","1"
"Minnehaha","86","768","South Dakota","4/14/20","165","603","46099","365.45"
"Oglala Lakota","0","1","South Dakota","4/14/20","0","1","46102","1"
"Pennington","0","9","South Dakota","4/14/20","6","3","46103","50"
"Roberts","0","4","South Dakota","4/14/20","4","0","46109","0"
"Sanborn","0","2","South Dakota","4/14/20","0","2","46111","1"
"Spink","0","3","South Dakota","4/14/20","3","0","46115","0"
"Sully","0","1","South Dakota","4/14/20","0","1","46119","1"
"Todd","0","1","South Dakota","4/14/20","1","0","46121","0"
"Turner","0","5","South Dakota","4/14/20","4","1","46125","25"
"Union","0","5","South Dakota","4/14/20","3","2","46127","66.67"
"Walworth","0","2","South Dakota","4/14/20","0","2","46129","1"
"Yankton","1","22","South Dakota","4/14/20","15","7","46135","46.67"
"Anderson","1","15","Tennessee","4/14/20","11","4","47001","36.36"
"Bedford","2","25","Tennessee","4/14/20","10","15","47003","150"
"Benton","0","4","Tennessee","4/14/20","4","0","47005","0"
"Bledsoe","1","8","Tennessee","4/14/20","3","5","47007","166.67"
"Blount","1","47","Tennessee","4/14/20","41","6","47009","14.63"
"Bradley","1","33","Tennessee","4/14/20","25","8","47011","32"
"Campbell","1","12","Tennessee","4/14/20","6","6","47013","100"
"Cannon","0","7","Tennessee","4/14/20","7","0","47015","0"
"Carroll","1","12","Tennessee","4/14/20","8","4","47017","50"
"Carter","0","3","Tennessee","4/14/20","3","0","47019","0"
"Cheatham","1","19","Tennessee","4/14/20","13","6","47021","46.15"
"Chester","0","5","Tennessee","4/14/20","7","-2","47023","-28.57"
"Claiborne","0","5","Tennessee","4/14/20","2","3","47025","150"
"Clay","0","4","Tennessee","4/14/20","1","3","47027","300"
"Cocke","0","5","Tennessee","4/14/20","2","3","47029","150"
"Coffee","1","12","Tennessee","4/14/20","7","5","47031","71.43"
"Cumberland","3","51","Tennessee","4/14/20","32","19","47035","59.38"
"Davidson","50","1237","Tennessee","4/14/20","888","349","47037","39.3"
"Decatur","0","3","Tennessee","4/14/20","0","3","47039","1"
"DeKalb","0","10","Tennessee","4/14/20","7","3","47041","42.86"
"Dickson","1","33","Tennessee","4/14/20","27","6","47043","22.22"
"Dyer","2","22","Tennessee","4/14/20","10","12","47045","120"
"Fayette","2","37","Tennessee","4/14/20","21","16","47047","76.19"
"Fentress","0","3","Tennessee","4/14/20","2","1","47049","50"
"Franklin","1","23","Tennessee","4/14/20","14","9","47051","64.29"
"Gibson","1","21","Tennessee","4/14/20","13","8","47053","61.54"
"Giles","0","3","Tennessee","4/14/20","3","0","47055","0"
"Grainger","0","4","Tennessee","4/14/20","3","1","47057","33.33"
"Greene","1","27","Tennessee","4/14/20","18","9","47059","50"
"Grundy","1","23","Tennessee","4/14/20","16","7","47061","43.75"
"Hamblen","0","6","Tennessee","4/14/20","4","2","47063","50"
"Hamilton","2","110","Tennessee","4/14/20","95","15","47065","15.79"
"Hardeman","0","7","Tennessee","4/14/20","6","1","47069","16.67"
"Hardin","0","2","Tennessee","4/14/20","2","0","47071","0"
"Hawkins","1","24","Tennessee","4/14/20","16","8","47073","50"
"Haywood","1","12","Tennessee","4/14/20","6","6","47075","100"
"Henderson","0","2","Tennessee","4/14/20","2","0","47077","0"
"Henry","0","8","Tennessee","4/14/20","6","2","47079","33.33"
"Hickman","0","2","Tennessee","4/14/20","2","0","47081","0"
"Houston","0","3","Tennessee","4/14/20","2","1","47083","50"
"Humphreys","0","4","Tennessee","4/14/20","4","0","47085","0"
"Jackson","1","7","Tennessee","4/14/20","3","4","47087","133.33"
"Jefferson","1","16","Tennessee","4/14/20","10","6","47089","60"
"Johnson","0","2","Tennessee","4/14/20","2","0","47091","0"
"Knox","4","174","Tennessee","4/14/20","143","31","47093","21.68"
"Lake","1","4","Tennessee","4/14/20","0","4","47095","1"
"Lauderdale","1","9","Tennessee","4/14/20","5","4","47097","80"
"Lawrence","1","15","Tennessee","4/14/20","6","9","47099","150"
"Lewis","0","2","Tennessee","4/14/20","2","0","47101","0"
"Lincoln","0","9","Tennessee","4/14/20","6","3","47103","50"
"Loudon","0","17","Tennessee","4/14/20","15","2","47105","13.33"
"Macon","2","27","Tennessee","4/14/20","12","15","47111","125"
"Madison","4","73","Tennessee","4/14/20","43","30","47113","69.77"
"Marion","1","26","Tennessee","4/14/20","21","5","47115","23.81"
"Marshall","0","9","Tennessee","4/14/20","9","0","47117","0"
"Maury","1","33","Tennessee","4/14/20","26","7","47119","26.92"
"McMinn","0","5","Tennessee","4/14/20","3","2","47107","66.67"
"McNairy","1","9","Tennessee","4/14/20","5","4","47109","80"
"Meigs","0","3","Tennessee","4/14/20","2","1","47121","50"
"Monroe","0","9","Tennessee","4/14/20","6","3","47123","50"
"Montgomery","5","102","Tennessee","4/14/20","65","37","47125","56.92"
"Morgan","0","6","Tennessee","4/14/20","5","1","47129","20"
"Obion","1","8","Tennessee","4/14/20","3","5","47131","166.67"
"Out of TN","-4","260","Tennessee","4/14/20","290","-30","80047","-10.34"
"Overton","0","5","Tennessee","4/14/20","4","1","47133","25"
"Perry","0","4","Tennessee","4/14/20","3","1","47135","33.33"
"Polk","0","5","Tennessee","4/14/20","3","2","47139","66.67"
"Putnam","5","92","Tennessee","4/14/20","57","35","47141","61.4"
"Roane","0","5","Tennessee","4/14/20","5","0","47145","0"
"Robertson","3","88","Tennessee","4/14/20","65","23","47147","35.38"
"Rutherford","11","253","Tennessee","4/14/20","178","75","47149","42.13"
"Scott","1","10","Tennessee","4/14/20","4","6","47151","150"
"Sequatchie","0","3","Tennessee","4/14/20","2","1","47153","50"
"Sevier","1","22","Tennessee","4/14/20","18","4","47155","22.22"
"Shelby","75","1359","Tennessee","4/14/20","835","524","47157","62.75"
"Smith","1","10","Tennessee","4/14/20","3","7","47159","233.33"
"Stewart","0","4","Tennessee","4/14/20","2","2","47161","100"
"Sullivan","2","43","Tennessee","4/14/20","26","17","47163","65.38"
"Sumner","15","466","Tennessee","4/14/20","361","105","47165","29.09"
"Tipton","2","52","Tennessee","4/14/20","38","14","47167","36.84"
"Trousdale","1","20","Tennessee","4/14/20","14","6","47169","42.86"
"Unicoi","0","1","Tennessee","4/14/20","1","0","47171","0"
"Union","0","3","Tennessee","4/14/20","1","2","47173","200"
"Van Buren","0","1","Tennessee","4/14/20","0","1","47175","1"
"Warren","0","4","Tennessee","4/14/20","2","2","47177","100"
"Washington","2","44","Tennessee","4/14/20","27","17","47179","62.96"
"Wayne","0","2","Tennessee","4/14/20","2","0","47181","0"
"Weakley","0","6","Tennessee","4/14/20","5","1","47183","20"
"White","0","4","Tennessee","4/14/20","2","2","47185","100"
"Williamson","6","322","Tennessee","4/14/20","278","44","47187","15.83"
"Wilson","5","145","Tennessee","4/14/20","113","32","47189","28.32"
"Anderson","0","4","Texas","4/14/20","2","2","48001","100"
"Andrews","0","13","Texas","4/14/20","10","3","48003","30"
"Angelina","1","18","Texas","4/14/20","14","4","48005","28.57"
"Aransas","0","2","Texas","4/14/20","2","0","48007","0"
"Armstrong","0","1","Texas","4/14/20","0","1","48011","1"
"Atascosa","1","9","Texas","4/14/20","4","5","48013","125"
"Austin","1","12","Texas","4/14/20","6","6","48015","100"
"Bandera","0","2","Texas","4/14/20","0","2","48019","1"
"Bastrop","2","27","Texas","4/14/20","15","12","48021","80"
"Bee","0","3","Texas","4/14/20","0","3","48025","1"
"Bell","5","107","Texas","4/14/20","71","36","48027","50.7"
"Bexar","48","794","Texas","4/14/20","456","338","48029","74.12"
"Blanco","0","4","Texas","4/14/20","4","0","48031","0"
"Bowie","2","32","Texas","4/14/20","17","15","48037","88.24"
"Brazoria","11","250","Texas","4/14/20","173","77","48039","44.51"
"Brazos","7","143","Texas","4/14/20","97","46","48041","47.42"
"Brown","1","11","Texas","4/14/20","6","5","48049","83.33"
"Burleson","0","6","Texas","4/14/20","5","1","48051","20"
"Burnet","0","6","Texas","4/14/20","5","1","48053","20"
"Caldwell","0","6","Texas","4/14/20","5","1","48055","20"
"Calhoun","1","19","Texas","4/14/20","12","7","48057","58.33"
"Callahan","0","1","Texas","4/14/20","1","0","48059","0"
"Cameron","16","216","Texas","4/14/20","101","115","48061","113.86"
"Camp","0","5","Texas","4/14/20","2","3","48063","150"
"Cass","0","5","Texas","4/14/20","4","1","48067","25"
"Castro","0","11","Texas","4/14/20","11","0","48069","0"
"Chambers","2","29","Texas","4/14/20","17","12","48071","70.59"
"Cherokee","0","8","Texas","4/14/20","6","2","48073","33.33"
"Clay","0","2","Texas","4/14/20","1","1","48077","100"
"Collin","24","472","Texas","4/14/20","306","166","48085","54.25"
"Colorado","1","7","Texas","4/14/20","3","4","48089","133.33"
"Comal","2","38","Texas","4/14/20","27","11","48091","40.74"
"Comanche","0","3","Texas","4/14/20","3","0","48093","0"
"Concho","0","1","Texas","4/14/20","0","1","48095","1"
"Cooke","0","2","Texas","4/14/20","0","2","48097","1"
"Coryell","3","34","Texas","4/14/20","11","23","48099","209.09"
"Crane","0","2","Texas","4/14/20","2","0","48103","0"
"Crosby","0","1","Texas","4/14/20","1","0","48107","0"
"Dallam","0","2","Texas","4/14/20","1","1","48111","100"
"Dallas","88","1877","Texas","4/14/20","1261","616","48113","48.85"
"Dawson","0","8","Texas","4/14/20","7","1","48115","14.29"
"Deaf Smith","1","11","Texas","4/14/20","7","4","48117","57.14"
"Delta","0","1","Texas","4/14/20","0","1","48119","1"
"Denton","20","507","Texas","4/14/20","366","141","48121","38.52"
"DeWitt","-1","0","Texas","4/14/20","7","-7","48123","-100"
"Dickens","0","1","Texas","4/14/20","0","1","48125","1"
"Dimmit","0","1","Texas","4/14/20","0","1","48127","1"
"Donley","2","22","Texas","4/14/20","7","15","48129","214.29"
"Duval","0","1","Texas","4/14/20","0","1","48131","1"
"Eastland","0","3","Texas","4/14/20","3","0","48133","0"
"Ector","2","45","Texas","4/14/20","30","15","48135","50"
"El Paso","24","300","Texas","4/14/20","132","168","48141","127.27"
"Ellis","5","72","Texas","4/14/20","35","37","48139","105.71"
"Erath","0","13","Texas","4/14/20","11","2","48143","18.18"
"Falls","0","1","Texas","4/14/20","1","0","48145","0"
"Fannin","0","5","Texas","4/14/20","2","3","48147","150"
"Fayette","0","10","Texas","4/14/20","9","1","48149","11.11"
"Floyd","0","1","Texas","4/14/20","1","0","48153","0"
"Fort Bend","32","543","Texas","4/14/20","318","225","48157","70.75"
"Franklin","0","1","Texas","4/14/20","1","0","48159","0"
"Frio","0","1","Texas","4/14/20","0","1","48163","1"
"Gaines","0","2","Texas","4/14/20","1","1","48165","100"
"Galveston","17","377","Texas","4/14/20","256","121","48167","47.27"
"Gillespie","0","1","Texas","4/14/20","1","0","48171","0"
"Goliad","0","4","Texas","4/14/20","3","1","48175","33.33"
"Gonzales","0","2","Texas","4/14/20","1","1","48177","100"
"Gray","1","13","Texas","4/14/20","9","4","48179","44.44"
"Grayson","0","17","Texas","4/14/20","14","3","48181","21.43"
"Gregg","3","45","Texas","4/14/20","23","22","48183","95.65"
"Grimes","0","7","Texas","4/14/20","4","3","48185","75"
"Guadalupe","2","50","Texas","4/14/20","39","11","48187","28.21"
"Hale","1","11","Texas","4/14/20","7","4","48189","57.14"
"Hamilton","0","3","Texas","4/14/20","1","2","48193","200"
"Hansford","0","1","Texas","4/14/20","1","0","48195","0"
"Hardin","5","61","Texas","4/14/20","28","33","48199","117.86"
"Harris","252","3907","Texas","4/14/20","2146","1761","48201","82.06"
"Harrison","3","31","Texas","4/14/20","11","20","48203","181.82"
"Hays","5","93","Texas","4/14/20","61","32","48209","52.46"
"Hemphill","0","1","Texas","4/14/20","1","0","48211","0"
"Henderson","1","10","Texas","4/14/20","6","4","48213","66.67"
"Hidalgo","12","198","Texas","4/14/20","113","85","48215","75.22"
"Hill","0","8","Texas","4/14/20","5","3","48217","60"
"Hockley","1","14","Texas","4/14/20","10","4","48219","40"
"Hood","1","15","Texas","4/14/20","10","5","48221","50"
"Hopkins","0","4","Texas","4/14/20","4","0","48223","0"
"Howard","0","1","Texas","4/14/20","0","1","48227","1"
"Hunt","3","22","Texas","4/14/20","1","21","48231","2100"
"Hutchinson","0","3","Texas","4/14/20","2","1","48233","50"
"Jack","0","2","Texas","4/14/20","0","2","48237","1"
"Jackson","0","4","Texas","4/14/20","4","0","48239","0"
"Jasper","1","7","Texas","4/14/20","3","4","48241","133.33"
"Jefferson","8","134","Texas","4/14/20","78","56","48245","71.79"
"Jim Wells","0","2","Texas","4/14/20","2","0","48249","0"
"Johnson","1","31","Texas","4/14/20","24","7","48251","29.17"
"Jones","0","2","Texas","4/14/20","0","2","48253","1"
"Karnes","0","3","Texas","4/14/20","2","1","48255","50"
"Kaufman","3","32","Texas","4/14/20","14","18","48257","128.57"
"Kendall","0","12","Texas","4/14/20","9","3","48259","33.33"
"Kerr","0","2","Texas","4/14/20","2","0","48265","0"
"Kleberg","0","2","Texas","4/14/20","2","0","48273","0"
"Knox","0","1","Texas","4/14/20","1","0","48275","0"
"Lamar","0","8","Texas","4/14/20","6","2","48277","33.33"
"Lamb","0","2","Texas","4/14/20","1","1","48279","100"
"Lampasas","0","2","Texas","4/14/20","2","0","48281","0"
"Lavaca","0","4","Texas","4/14/20","2","2","48285","100"
"Lee","0","2","Texas","4/14/20","2","0","48287","0"
"Leon","0","3","Texas","4/14/20","2","1","48289","50"
"Liberty","1","20","Texas","4/14/20","12","8","48291","66.67"
"Limestone","1","11","Texas","4/14/20","6","5","48293","83.33"
"Live Oak","0","3","Texas","4/14/20","3","0","48297","0"
"Llano","0","3","Texas","4/14/20","3","0","48299","0"
"Lubbock","20","317","Texas","4/14/20","180","137","48303","76.11"
"Lynn","0","5","Texas","4/14/20","4","1","48305","25"
"Madison","0","1","Texas","4/14/20","0","1","48313","1"
"Martin","0","2","Texas","4/14/20","2","0","48317","0"
"Mason","0","1","Texas","4/14/20","1","0","48319","0"
"Matagorda","1","49","Texas","4/14/20","42","7","48321","16.67"
"Maverick","1","10","Texas","4/14/20","5","5","48323","100"
"McCulloch","0","3","Texas","4/14/20","1","2","48307","200"
"McLennan","2","71","Texas","4/14/20","56","15","48309","26.79"
"Medina","1","13","Texas","4/14/20","6","7","48325","116.67"
"Midland","1","32","Texas","4/14/20","27","5","48329","18.52"
"Milam","1","8","Texas","4/14/20","3","5","48331","166.67"
"Mitchell","0","1","Texas","4/14/20","1","0","48335","0"
"Montague","1","5","Texas","4/14/20","1","4","48337","400"
"Montgomery","16","308","Texas","4/14/20","197","111","48339","56.35"
"Moore","4","36","Texas","4/14/20","8","28","48341","350"
"Morris","0","3","Texas","4/14/20","1","2","48343","200"
"Motley","0","1","Texas","4/14/20","0","1","48345","1"
"Nacogdoches","5","56","Texas","4/14/20","21","35","48347","166.67"
"Navarro","2","16","Texas","4/14/20","4","12","48349","300"
"Newton","0","2","Texas","4/14/20","1","1","48351","100"
"Nueces","2","79","Texas","4/14/20","65","14","48355","21.54"
"Oldham","0","3","Texas","4/14/20","3","0","48359","0"
"Orange","3","45","Texas","4/14/20","26","19","48361","73.08"
"Palo Pinto","1","7","Texas","4/14/20","2","5","48363","250"
"Panola","2","20","Texas","4/14/20","4","16","48365","400"
"Parker","1","15","Texas","4/14/20","6","9","48367","150"
"Pecos","0","3","Texas","4/14/20","1","2","48371","200"
"Polk","0","11","Texas","4/14/20","8","3","48373","37.5"
"Potter","5","79","Texas","4/14/20","41","38","48375","92.68"
"Rains","0","1","Texas","4/14/20","0","1","48379","1"
"Randall","5","73","Texas","4/14/20","36","37","48381","102.78"
"Reeves","0","2","Texas","4/14/20","1","1","48389","100"
"Robertson","0","2","Texas","4/14/20","2","0","48395","0"
"Rockwall","2","26","Texas","4/14/20","11","15","48397","136.36"
"Rusk","0","16","Texas","4/14/20","13","3","48401","23.08"
"San Augustine","1","9","Texas","4/14/20","4","5","48405","125"
"San Jacinto","1","8","Texas","4/14/20","1","7","48407","700"
"San Patricio","1","9","Texas","4/14/20","2","7","48409","350"
"Scurry","0","2","Texas","4/14/20","0","2","48415","1"
"Shelby","4","40","Texas","4/14/20","13","27","48419","207.69"
"Smith","4","101","Texas","4/14/20","75","26","48423","34.67"
"Starr","0","7","Texas","4/14/20","7","0","48427","0"
"Stephens","0","1","Texas","4/14/20","0","1","48429","1"
"Swisher","0","4","Texas","4/14/20","2","2","48437","100"
"Tarrant","59","929","Texas","4/14/20","517","412","48439","79.69"
"Taylor","4","68","Texas","4/14/20","38","30","48441","78.95"
"Terry","1","10","Texas","4/14/20","6","4","48445","66.67"
"Titus","1","7","Texas","4/14/20","2","5","48449","250"
"Tom Green","2","39","Texas","4/14/20","24","15","48451","62.5"
"Travis","51","856","Texas","4/14/20","502","354","48453","70.52"
"Trinity","0","4","Texas","4/14/20","2","2","48455","100"
"Tyler","0","4","Texas","4/14/20","2","2","48457","100"
"Upshur","1","9","Texas","4/14/20","5","4","48459","80"
"Uvalde","0","6","Texas","4/14/20","5","1","48463","20"
"Val Verde","1","12","Texas","4/14/20","6","6","48465","100"
"Van Zandt","0","10","Texas","4/14/20","7","3","48467","42.86"
"Victoria","5","87","Texas","4/14/20","50","37","48469","74"
"Walker","3","38","Texas","4/14/20","15","23","48471","153.33"
"Waller","1","18","Texas","4/14/20","11","7","48473","63.64"
"Washington","2","37","Texas","4/14/20","21","16","48477","76.19"
"Webb","12","206","Texas","4/14/20","122","84","48479","68.85"
"Wharton","2","28","Texas","4/14/20","17","11","48481","64.71"
"Wichita","1","56","Texas","4/14/20","48","8","48485","16.67"
"Wilbarger","0","1","Texas","4/14/20","0","1","48487","1"
"Willacy","0","5","Texas","4/14/20","5","0","48489","0"
"Williamson","5","119","Texas","4/14/20","81","38","48491","46.91"
"Wilson","1","11","Texas","4/14/20","7","4","48493","57.14"
"Winkler","0","1","Texas","4/14/20","0","1","48495","1"
"Wise","0","5","Texas","4/14/20","3","2","48497","66.67"
"Wood","0","6","Texas","4/14/20","4","2","48499","50"
"Young","0","3","Texas","4/14/20","3","0","48503","0"
"Zapata","0","3","Texas","4/14/20","1","2","48505","200"
"Bear River","0","13","Utah","4/14/20","13","0","00000","0"
"Cache","2","36","Utah","4/14/20","24","12","49005","50"
"Carbon","0","2","Utah","4/14/20","1","1","49007","100"
"Davis","8","211","Utah","4/14/20","158","53","49011","33.54"
"Duchesne","0","3","Utah","4/14/20","1","2","49013","200"
"Emery","0","3","Utah","4/14/20","2","1","49015","50"
"Garfield","0","1","Utah","4/14/20","1","0","49017","0"
"Grand","0","1","Utah","4/14/20","1","0","49019","0"
"Iron","0","15","Utah","4/14/20","13","2","49021","15.38"
"Kane","0","3","Utah","4/14/20","2","1","49025","50"
"Salt Lake","54","1187","Utah","4/14/20","807","380","49035","47.09"
"San Juan","1","9","Utah","4/14/20","5","4","49037","80"
"Summit","6","306","Utah","4/14/20","265","41","49043","15.47"
"Tooele","2","34","Utah","4/14/20","22","12","49045","54.55"
"Uintah","1","6","Utah","4/14/20","2","4","49047","200"
"Utah","14","335","Utah","4/14/20","236","99","49049","41.95"
"Wasatch","3","102","Utah","4/14/20","80","22","49051","27.5"
"Washington","2","45","Utah","4/14/20","31","14","49053","45.16"
"Weber-Morgan","4","105","Utah","4/14/20","75","30","00000","40"
"Addison","1","56","Vermont","4/14/20","47","9","50001","19.15"
"Bennington","1","32","Vermont","4/14/20","27","5","50003","18.52"
"Caledonia","0","9","Vermont","4/14/20","8","1","50005","12.5"
"Chittenden","9","372","Vermont","4/14/20","308","64","50007","20.78"
"Essex","0","1","Vermont","4/14/20","0","1","50009","1"
"Franklin","7","84","Vermont","4/14/20","33","51","50011","154.55"
"Grand Isle","0","3","Vermont","4/14/20","1","2","50013","200"
"Lamoille","0","22","Vermont","4/14/20","19","3","50015","15.79"
"Orange","0","5","Vermont","4/14/20","4","1","50017","25"
"Orleans","0","8","Vermont","4/14/20","8","0","50019","0"
"Rutland","-3","8","Vermont","4/14/20","31","-23","50021","-74.19"
"Washington","1","29","Vermont","4/14/20","24","5","50023","20.83"
"Windham","3","57","Vermont","4/14/20","38","19","50025","50"
"Windsor","0","27","Vermont","4/14/20","24","3","50027","12.5"
"","1","51","Virgin Islands","4/14/20","43","8",,"18.6"
"Accomack","1","15","Virginia","4/14/20","11","4","51001","36.36"
"Albemarle","2","50","Virginia","4/14/20","38","12","51003","31.58"
"Alexandria","17","247","Virginia","4/14/20","126","121","51510","96.03"
"Alleghany","0","4","Virginia","4/14/20","2","2","51005","100"
"Amelia","0","9","Virginia","4/14/20","7","2","51007","28.57"
"Amherst","0","10","Virginia","4/14/20","8","2","51009","25"
"Appomattox","1","7","Virginia","4/14/20","3","4","51011","133.33"
"Arlington","23","401","Virginia","4/14/20","237","164","51013","69.2"
"Augusta","1","17","Virginia","4/14/20","10","7","51015","70"
"Bedford","1","16","Virginia","4/14/20","8","8","51019","100"
"Botetourt","1","24","Virginia","4/14/20","18","6","51023","33.33"
"Bristol","0","1","Virginia","4/14/20","1","0","51520","0"
"Brunswick","1","9","Virginia","4/14/20","1","8","51025","800"
"Buchanan","2","12","Virginia","4/14/20","1","11","51027","1100"
"Buckingham","2","18","Virginia","4/14/20","6","12","51029","200"
"Buena Vista","0","4","Virginia","4/14/20","4","0","51530","0"
"Campbell","1","11","Virginia","4/14/20","3","8","51031","266.67"
"Caroline","0","7","Virginia","4/14/20","4","3","51033","75"
"Carroll","0","3","Virginia","4/14/20","2","1","51035","50"
"Charles City","1","9","Virginia","4/14/20","4","5","51036","125"
"Charlotte","0","4","Virginia","4/14/20","1","3","51037","300"
"Charlottesville","2","36","Virginia","4/14/20","23","13","51540","56.52"
"Chesapeake","8","136","Virginia","4/14/20","80","56","51550","70"
"Chesterfield","16","241","Virginia","4/14/20","128","113","51041","88.28"
"Clarke","0","5","Virginia","4/14/20","2","3","51043","150"
"Colonial Heights","2","16","Virginia","4/14/20","0","16","51570","1"
"Covington","0","1","Virginia","4/14/20","1","0","51580","0"
"Craig","0","2","Virginia","4/14/20","2","0","51045","0"
"Culpeper","2","24","Virginia","4/14/20","9","15","51047","166.67"
"Cumberland","0","8","Virginia","4/14/20","6","2","51049","33.33"
"Danville","1","22","Virginia","4/14/20","15","7","51590","46.67"
"Dinwiddie","1","7","Virginia","4/14/20","1","6","51053","600"
"Emporia","1","8","Virginia","4/14/20","2","6","51595","300"
"Fairfax","96","1207","Virginia","4/14/20","532","675","51059","126.88"
"Fairfax City","0","1","Virginia","4/14/20","0","1","51600","1"
"Falls Church","0","2","Virginia","4/14/20","0","2","51610","1"
"Fauquier","1","28","Virginia","4/14/20","18","10","51061","55.56"
"Floyd","0","1","Virginia","4/14/20","0","1","51063","1"
"Fluvanna","4","40","Virginia","4/14/20","9","31","51065","344.44"
"Franklin","1","15","Virginia","4/14/20","11","4","51067","36.36"
"Franklin City","0","7","Virginia","4/14/20","4","3","51620","75"
"Frederick","4","71","Virginia","4/14/20","43","28","51069","65.12"
"Fredericksburg","1","14","Virginia","4/14/20","8","6","51630","75"
"Galax","0","1","Virginia","4/14/20","1","0","51640","0"
"Giles","0","4","Virginia","4/14/20","2","2","51071","100"
"Gloucester","1","20","Virginia","4/14/20","15","5","51073","33.33"
"Goochland","2","39","Virginia","4/14/20","22","17","51075","77.27"
"Greene","0","5","Virginia","4/14/20","4","1","51079","25"
"Greensville","1","15","Virginia","4/14/20","5","10","51081","200"
"Halifax","1","7","Virginia","4/14/20","2","5","51083","250"
"Hampton","4","73","Virginia","4/14/20","43","30","51650","69.77"
"Hanover","5","52","Virginia","4/14/20","19","33","51085","173.68"
"Harrisonburg","10","95","Virginia","4/14/20","27","68","51660","251.85"
"Henrico","24","432","Virginia","4/14/20","267","165","51087","61.8"
"Henry","1","8","Virginia","4/14/20","4","4","51089","100"
"Hopewell","0","14","Virginia","4/14/20","13","1","51670","7.69"
"Isle of Wight","5","60","Virginia","4/14/20","23","37","51093","160.87"
"James City","1","128","Virginia","4/14/20","119","9","51095","7.56"
"King and Queen","0","2","Virginia","4/14/20","1","1","51097","100"
"King George","1","16","Virginia","4/14/20","10","6","51099","60"
"King William","0","2","Virginia","4/14/20","2","0","51101","0"
"Lancaster","0","1","Virginia","4/14/20","1","0","51103","0"
"Lee","1","7","Virginia","4/14/20","2","5","51105","250"
"Lexington","0","3","Virginia","4/14/20","3","0","51678","0"
"Loudoun","19","344","Virginia","4/14/20","209","135","51107","64.59"
"Louisa","2","27","Virginia","4/14/20","14","13","51109","92.86"
"Lunenburg","0","4","Virginia","4/14/20","2","2","51111","100"
"Lynchburg","2","33","Virginia","4/14/20","20","13","51680","65"
"Madison","0","7","Virginia","4/14/20","4","3","51113","75"
"Manassas","4","49","Virginia","4/14/20","20","29","51683","145"
"Manassas Park","1","13","Virginia","4/14/20","4","9","51685","225"
"Mathews","0","3","Virginia","4/14/20","2","1","51115","50"
"Mecklenburg","6","57","Virginia","4/14/20","12","45","51117","375"
"Middlesex","0","3","Virginia","4/14/20","0","3","51119","1"
"Montgomery","2","33","Virginia","4/14/20","16","17","51121","106.25"
"Nelson","0","5","Virginia","4/14/20","2","3","51125","150"
"New Kent","0","15","Virginia","4/14/20","12","3","51127","25"
"Newport News","5","93","Virginia","4/14/20","57","36","51700","63.16"
"Norfolk","4","99","Virginia","4/14/20","72","27","51710","37.5"
"Northampton","0","4","Virginia","4/14/20","2","2","51131","100"
"Northumberland","0","4","Virginia","4/14/20","3","1","51133","33.33"
"Nottoway","0","5","Virginia","4/14/20","3","2","51135","66.67"
"Orange","1","15","Virginia","4/14/20","7","8","51137","114.29"
"Page","0","6","Virginia","4/14/20","3","3","51139","100"
"Petersburg","1","19","Virginia","4/14/20","10","9","51730","90"
"Pittsylvania","0","4","Virginia","4/14/20","3","1","51143","33.33"
"Poquoson","0","6","Virginia","4/14/20","4","2","51735","50"
"Portsmouth","3","59","Virginia","4/14/20","36","23","51740","63.89"
"Powhatan","0","5","Virginia","4/14/20","4","1","51145","25"
"Prince Edward","1","13","Virginia","4/14/20","3","10","51147","333.33"
"Prince George","1","27","Virginia","4/14/20","21","6","51149","28.57"
"Prince William","39","508","Virginia","4/14/20","236","272","51153","115.25"
"Pulaski","0","4","Virginia","4/14/20","2","2","51155","100"
"Radford","0","1","Virginia","4/14/20","1","0","51750","0"
"Rappahannock","0","1","Virginia","4/14/20","1","0","51157","0"
"Richmond","1","7","Virginia","4/14/20","2","5","51159","250"
"Richmond City","9","175","Virginia","4/14/20","110","65","51760","59.09"
"Roanoke","1","18","Virginia","4/14/20","8","10","51161","125"
"Roanoke City","1","21","Virginia","4/14/20","12","9","51770","75"
"Rockbridge","0","3","Virginia","4/14/20","3","0","51163","0"
"Rockingham","6","56","Virginia","4/14/20","16","40","51165","250"
"Russell","0","2","Virginia","4/14/20","1","1","51167","100"
"Salem","0","3","Virginia","4/14/20","1","2","51775","200"
"Scott","0","3","Virginia","4/14/20","0","3","51169","1"
"Shenandoah","1","23","Virginia","4/14/20","13","10","51171","76.92"
"Smyth","1","11","Virginia","4/14/20","3","8","51173","266.67"
"Southampton","0","6","Virginia","4/14/20","5","1","51175","20"
"Spotsylvania","4","56","Virginia","4/14/20","29","27","51177","93.1"
"Stafford","7","95","Virginia","4/14/20","49","46","51179","93.88"
"Staunton","0","2","Virginia","4/14/20","1","1","51790","100"
"Suffolk","4","57","Virginia","4/14/20","30","27","51800","90"
"Surry","0","3","Virginia","4/14/20","3","0","51181","0"
"Sussex","0","8","Virginia","4/14/20","5","3","51183","60"
"Tazewell","0","4","Virginia","4/14/20","4","0","51185","0"
"Virginia Beach","7","252","Virginia","4/14/20","200","52","51810","26"
"Warren","2","19","Virginia","4/14/20","6","13","51187","216.67"
"Washington","3","28","Virginia","4/14/20","10","18","51191","180"
"Waynesboro","0","6","Virginia","4/14/20","3","3","51820","100"
"Westmoreland","1","8","Virginia","4/14/20","3","5","51193","166.67"
"Williamsburg","1","20","Virginia","4/14/20","14","6","51830","42.86"
"Winchester","1","20","Virginia","4/14/20","14","6","51840","42.86"
"Wise","2","14","Virginia","4/14/20","3","11","51195","366.67"
"Wythe","1","7","Virginia","4/14/20","3","4","51197","133.33"
"York","1","35","Virginia","4/14/20","25","10","51199","40"
"Adams","2","39","Washington","4/14/20","27","12","53001","44.44"
"Asotin","0","6","Washington","4/14/20","4","2","53003","50"
"Benton","13","266","Washington","4/14/20","176","90","53005","51.14"
"Chelan","4","61","Washington","4/14/20","34","27","53007","79.41"
"Clallam","1","12","Washington","4/14/20","8","4","53009","50"
"Clark","9","250","Washington","4/14/20","185","65","53011","35.14"
"Columbia","0","1","Washington","4/14/20","1","0","53013","0"
"Cowlitz","1","25","Washington","4/14/20","21","4","53015","19.05"
"Douglas","2","26","Washington","4/14/20","10","16","53017","160"
"Ferry","0","1","Washington","4/14/20","1","0","53019","0"
"Franklin","9","134","Washington","4/14/20","70","64","53021","91.43"
"Grant","5","122","Washington","4/14/20","88","34","53025","38.64"
"Grays Harbor","1","11","Washington","4/14/20","6","5","53027","83.33"
"Island","3","162","Washington","4/14/20","142","20","53029","14.08"
"Jefferson","0","28","Washington","4/14/20","27","1","53031","3.7"
"King","152","4549","Washington","4/14/20","3486","1063","53033","30.49"
"Kitsap","2","132","Washington","4/14/20","119","13","53035","10.92"
"Kittitas","0","14","Washington","4/14/20","13","1","53037","7.69"
"Klickitat","0","14","Washington","4/14/20","11","3","53039","27.27"
"Lewis","0","17","Washington","4/14/20","16","1","53041","6.25"
"Lincoln","0","2","Washington","4/14/20","1","1","53043","100"
"Mason","0","19","Washington","4/14/20","16","3","53045","18.75"
"Okanogan","1","15","Washington","4/14/20","9","6","53047","66.67"
"Pacific","0","1","Washington","4/14/20","0","1","53049","1"
"Pend Oreille","0","1","Washington","4/14/20","1","0","53051","0"
"Pierce","30","969","Washington","4/14/20","760","209","53053","27.5"
"San Juan","0","13","Washington","4/14/20","10","3","53055","30"
"Skagit","4","195","Washington","4/14/20","166","29","53057","17.47"
"Skamania","0","3","Washington","4/14/20","2","1","53059","50"
"Snohomish","42","1950","Washington","4/14/20","1659","291","53061","17.54"
"Spokane","8","276","Washington","4/14/20","222","54","53063","24.32"
"Stevens","0","7","Washington","4/14/20","5","2","53065","40"
"Thurston","1","81","Washington","4/14/20","74","7","53067","9.46"
"Wahkiakum","0","2","Washington","4/14/20","2","0","53069","0"
"Walla Walla","1","21","Washington","4/14/20","13","8","53071","61.54"
"Whatcom","4","264","Washington","4/14/20","238","26","53073","10.92"
"Whitman","0","12","Washington","4/14/20","12","0","53075","0"
"Yakima","33","614","Washington","4/14/20","380","234","53077","61.58"
"Barbour","0","4","West Virginia","4/14/20","3","1","54001","33.33"
"Berkeley","6","100","West Virginia","4/14/20","57","43","54003","75.44"
"Boone","0","1","West Virginia","4/14/20","0","1","54005","1"
"Braxton","0","1","West Virginia","4/14/20","0","1","54007","1"
"Brooke","0","3","West Virginia","4/14/20","1","2","54009","200"
"Cabell","2","26","West Virginia","4/14/20","11","15","54011","136.36"
"Fayette","0","2","West Virginia","4/14/20","1","1","54019","100"
"Grant","0","1","West Virginia","4/14/20","0","1","54023","1"
"Greenbrier","0","3","West Virginia","4/14/20","3","0","54025","0"
"Hampshire","1","5","West Virginia","4/14/20","0","5","54027","1"
"Hancock","0","7","West Virginia","4/14/20","7","0","54029","0"
"Hardy","0","2","West Virginia","4/14/20","2","0","54031","0"
"Harrison","0","28","West Virginia","4/14/20","25","3","54033","12"
"Jackson","2","30","West Virginia","4/14/20","19","11","54035","57.89"
"Jefferson","3","52","West Virginia","4/14/20","31","21","54037","67.74"
"Kanawha","3","85","West Virginia","4/14/20","61","24","54039","39.34"
"Lewis","0","2","West Virginia","4/14/20","1","1","54041","100"
"Logan","0","8","West Virginia","4/14/20","7","1","54045","14.29"
"Marion","2","38","West Virginia","4/14/20","25","13","54049","52"
"Marshall","0","6","West Virginia","4/14/20","5","1","54051","20"
"Mason","1","10","West Virginia","4/14/20","6","4","54053","66.67"
"McDowell","1","6","West Virginia","4/14/20","2","4","54047","200"
"Mercer","0","8","West Virginia","4/14/20","5","3","54055","60"
"Mineral","0","5","West Virginia","4/14/20","3","2","54057","66.67"
"Mingo","0","1","West Virginia","4/14/20","0","1","54059","1"
"Monongalia","3","81","West Virginia","4/14/20","60","21","54061","35"
"Monroe","0","1","West Virginia","4/14/20","0","1","54063","1"
"Morgan","0","6","West Virginia","4/14/20","4","2","54065","50"
"Nicholas","0","2","West Virginia","4/14/20","2","0","54067","0"
"Ohio","1","23","West Virginia","4/14/20","19","4","54069","21.05"
"Pendleton","0","1","West Virginia","4/14/20","1","0","54071","0"
"Pleasants","0","1","West Virginia","4/14/20","1","0","54073","0"
"Preston","0","6","West Virginia","4/14/20","6","0","54077","0"
"Putnam","0","12","West Virginia","4/14/20","10","2","54079","20"
"Raleigh","0","6","West Virginia","4/14/20","4","2","54081","50"
"Randolph","0","4","West Virginia","4/14/20","3","1","54083","33.33"
"Roane","0","2","West Virginia","4/14/20","2","0","54087","0"
"Summers","0","1","West Virginia","4/14/20","0","1","54089","1"
"Taylor","0","4","West Virginia","4/14/20","3","1","54091","33.33"
"Tucker","0","4","West Virginia","4/14/20","3","1","54093","33.33"
"Tyler","0","3","West Virginia","4/14/20","1","2","54095","200"
"Upshur","0","3","West Virginia","4/14/20","1","2","54097","200"
"Wayne","3","19","West Virginia","4/14/20","0","19","54099","1"
"Wetzel","0","3","West Virginia","4/14/20","2","1","54103","50"
"Wirt","0","2","West Virginia","4/14/20","1","1","54105","100"
"Wood","1","21","West Virginia","4/14/20","13","8","54107","61.54"
"Wyoming","0","1","West Virginia","4/14/20","1","0","54109","0"
"Adams","0","3","Wisconsin","4/14/20","2","1","55001","50"
"Ashland","0","2","Wisconsin","4/14/20","1","1","55003","100"
"Barron","0","6","Wisconsin","4/14/20","4","2","55005","50"
"Bayfield","0","3","Wisconsin","4/14/20","3","0","55007","0"
"Brown","8","97","Wisconsin","4/14/20","41","56","55009","136.59"
"Buffalo","0","4","Wisconsin","4/14/20","2","2","55011","100"
"Calumet","0","5","Wisconsin","4/14/20","4","1","55015","25"
"Chippewa","1","20","Wisconsin","4/14/20","16","4","55017","25"
"Clark","0","8","Wisconsin","4/14/20","7","1","55019","14.29"
"Columbia","0","25","Wisconsin","4/14/20","23","2","55021","8.7"
"Crawford","0","3","Wisconsin","4/14/20","2","1","55023","50"
"Dane","8","344","Wisconsin","4/14/20","289","55","55025","19.03"
"Dodge","1","19","Wisconsin","4/14/20","15","4","55027","26.67"
"Door","0","9","Wisconsin","4/14/20","7","2","55029","28.57"
"Douglas","0","7","Wisconsin","4/14/20","7","0","55031","0"
"Dunn","1","9","Wisconsin","4/14/20","5","4","55033","80"
"Eau Claire","0","21","Wisconsin","4/14/20","21","0","55035","0"
"Florence","0","2","Wisconsin","4/14/20","2","0","55037","0"
"Fond du Lac","2","59","Wisconsin","4/14/20","44","15","55039","34.09"
"Grant","1","8","Wisconsin","4/14/20","3","5","55043","166.67"
"Green","0","9","Wisconsin","4/14/20","9","0","55045","0"
"Green Lake","0","1","Wisconsin","4/14/20","0","1","55047","1"
"Iowa","0","5","Wisconsin","4/14/20","4","1","55049","25"
"Iron","0","2","Wisconsin","4/14/20","1","1","55051","100"
"Jackson","1","10","Wisconsin","4/14/20","4","6","55053","150"
"Jefferson","1","24","Wisconsin","4/14/20","15","9","55055","60"
"Juneau","0","7","Wisconsin","4/14/20","5","2","55057","40"
"Kenosha","11","186","Wisconsin","4/14/20","112","74","55059","66.07"
"Kewaunee","0","4","Wisconsin","4/14/20","1","3","55061","300"
"La Crosse","0","25","Wisconsin","4/14/20","22","3","55063","13.64"
"Lafayette","0","3","Wisconsin","4/14/20","1","2","55065","200"
"Manitowoc","0","4","Wisconsin","4/14/20","3","1","55071","33.33"
"Marathon","0","14","Wisconsin","4/14/20","12","2","55073","16.67"
"Marinette","0","4","Wisconsin","4/14/20","3","1","55075","33.33"
"Marquette","0","2","Wisconsin","4/14/20","2","0","55077","0"
"Menominee","0","1","Wisconsin","4/14/20","1","0","55078","0"
"Milwaukee","67","1795","Wisconsin","4/14/20","1323","472","55079","35.68"
"Monroe","0","8","Wisconsin","4/14/20","5","3","55081","60"
"Oconto","0","4","Wisconsin","4/14/20","1","3","55083","300"
"Oneida","0","6","Wisconsin","4/14/20","5","1","55085","20"
"Outagamie","1","29","Wisconsin","4/14/20","25","4","55087","16"
"Ozaukee","1","73","Wisconsin","4/14/20","66","7","55089","10.61"
"Pierce","0","7","Wisconsin","4/14/20","7","0","55093","0"
"Polk","0","3","Wisconsin","4/14/20","0","3","55095","1"
"Portage","0","4","Wisconsin","4/14/20","4","0","55097","0"
"Price","0","1","Wisconsin","4/14/20","0","1","55099","1"
"Racine","10","135","Wisconsin","4/14/20","66","69","55101","104.55"
"Richland","0","6","Wisconsin","4/14/20","3","3","55103","100"
"Rock","3","59","Wisconsin","4/14/20","37","22","55105","59.46"
"Rusk","0","3","Wisconsin","4/14/20","3","0","55107","0"
"Sauk","1","28","Wisconsin","4/14/20","20","8","55111","40"
"Sawyer","0","2","Wisconsin","4/14/20","0","2","55113","1"
"Shawano","0","6","Wisconsin","4/14/20","3","3","55115","100"
"Sheboygan","1","36","Wisconsin","4/14/20","30","6","55117","20"
"St. Croix","0","10","Wisconsin","4/14/20","7","3","55109","42.86"
"Trempealeau","0","1","Wisconsin","4/14/20","1","0","55121","0"
"Vilas","0","4","Wisconsin","4/14/20","4","0","55125","0"
"Walworth","3","45","Wisconsin","4/14/20","21","24","55127","114.29"
"Washington","2","73","Wisconsin","4/14/20","59","14","55131","23.73"
"Waukesha","8","224","Wisconsin","4/14/20","166","58","55133","34.94"
"Waupaca","0","4","Wisconsin","4/14/20","2","2","55135","100"
"Waushara","0","2","Wisconsin","4/14/20","1","1","55137","100"
"Winnebago","1","29","Wisconsin","4/14/20","24","5","55139","20.83"
"Wood","0","2","Wisconsin","4/14/20","2","0","55141","0"
"Albany","0","5","Wyoming","4/14/20","4","1","56001","25"
"Big Horn","0","1","Wyoming","4/14/20","0","1","56003","1"
"Campbell","1","13","Wyoming","4/14/20","9","4","56005","44.44"
"Carbon","0","4","Wyoming","4/14/20","4","0","56007","0"
"Converse","1","8","Wyoming","4/14/20","4","4","56009","100"
"Crook","0","3","Wyoming","4/14/20","1","2","56011","200"
"Fremont","1","42","Wyoming","4/14/20","38","4","56013","10.53"
"Goshen","0","3","Wyoming","4/14/20","3","0","56015","0"
"Hot Springs","0","1","Wyoming","4/14/20","0","1","56017","1"
"Johnson","0","11","Wyoming","4/14/20","8","3","56019","37.5"
"Laramie","2","62","Wyoming","4/14/20","47","15","56021","31.91"
"Lincoln","0","5","Wyoming","4/14/20","4","1","56023","25"
"Natrona","1","34","Wyoming","4/14/20","26","8","56025","30.77"
"Niobrara","0","1","Wyoming","4/14/20","0","1","56027","1"
"Park","0","1","Wyoming","4/14/20","1","0","56029","0"
"Platte","0","0","Wyoming","4/14/20","1","-1","56031","-100"
"Sheridan","0","12","Wyoming","4/14/20","12","0","56033","0"
"Sublette","0","1","Wyoming","4/14/20","1","0","56035","0"
"Sweetwater","1","9","Wyoming","4/14/20","5","4","56037","80"
"Teton","2","57","Wyoming","4/14/20","41","16","56039","39.02"
"Uinta","0","4","Wyoming","4/14/20","3","1","56041","33.33"
"Washakie","0","5","Wyoming","4/14/20","4","1","56043","25"
