"Locality","DailyAvgNewCasesPast7Days","TotalCases","State","Date","TotalCases7DaysAgo","NewCasesPast7Days","FIPS-Code","PercentIncreaseTotalCasesPast7Days"
"Autauga","2","24","Alabama","4/15/20","12","12","01001","100"
"Baldwin","7","91","Alabama","4/15/20","44","47","01003","106.82"
"Barbour","1","12","Alabama","4/15/20","3","9","01005","300"
"Bibb","1","18","Alabama","4/15/20","9","9","01007","100"
"Blount","1","17","Alabama","4/15/20","10","7","01009","70"
"Bullock","1","8","Alabama","4/15/20","3","5","01011","166.67"
"Butler","1","9","Alabama","4/15/20","2","7","01013","350"
"Calhoun","2","62","Alabama","4/15/20","49","13","01015","26.53"
"Chambers","16","221","Alabama","4/15/20","109","112","01017","102.75"
"Cherokee","0","9","Alabama","4/15/20","7","2","01019","28.57"
"Chilton","2","35","Alabama","4/15/20","20","15","01021","75"
"Choctaw","1","12","Alabama","4/15/20","6","6","01023","100"
"Clarke","2","21","Alabama","4/15/20","10","11","01025","110"
"Clay","1","14","Alabama","4/15/20","10","4","01027","40"
"Cleburne","0","12","Alabama","4/15/20","12","0","01029","0"
"Coffee","5","40","Alabama","4/15/20","8","32","01031","400"
"Colbert","1","11","Alabama","4/15/20","7","4","01033","57.14"
"Conecuh","0","5","Alabama","4/15/20","4","1","01035","25"
"Coosa","1","19","Alabama","4/15/20","9","10","01037","111.11"
"Covington","1","17","Alabama","4/15/20","9","8","01039","88.89"
"Crenshaw","0","3","Alabama","4/15/20","2","1","01041","50"
"Cullman","3","40","Alabama","4/15/20","22","18","01043","81.82"
"Dale","1","12","Alabama","4/15/20","4","8","01045","200"
"Dallas","2","18","Alabama","4/15/20","7","11","01047","157.14"
"DeKalb","2","29","Alabama","4/15/20","14","15","01049","107.14"
"Elmore","4","47","Alabama","4/15/20","22","25","01051","113.64"
"Escambia","1","9","Alabama","4/15/20","3","6","01053","200"
"Etowah","5","78","Alabama","4/15/20","43","35","01055","81.4"
"Fayette","0","4","Alabama","4/15/20","1","3","01057","300"
"Franklin","1","14","Alabama","4/15/20","7","7","01059","100"
"Geneva","0","2","Alabama","4/15/20","1","1","01061","100"
"Greene","1","18","Alabama","4/15/20","10","8","01063","80"
"Hale","2","18","Alabama","4/15/20","7","11","01065","157.14"
"Henry","1","14","Alabama","4/15/20","5","9","01067","180"
"Houston","4","54","Alabama","4/15/20","25","29","01069","116"
"Jackson","2","31","Alabama","4/15/20","19","12","01071","63.16"
"Jefferson","21","625","Alabama","4/15/20","479","146","01073","30.48"
"Lamar","0","7","Alabama","4/15/20","5","2","01075","40"
"Lauderdale","1","22","Alabama","4/15/20","18","4","01077","22.22"
"Lawrence","0","8","Alabama","4/15/20","8","0","01079","0"
"Lee","17","269","Alabama","4/15/20","148","121","01081","81.76"
"Limestone","1","37","Alabama","4/15/20","32","5","01083","15.62"
"Lowndes","1","20","Alabama","4/15/20","10","10","01085","100"
"Macon","2","19","Alabama","4/15/20","6","13","01087","216.67"
"Madison","5","191","Alabama","4/15/20","153","38","01089","24.84"
"Marengo","1","23","Alabama","4/15/20","14","9","01091","64.29"
"Marion","5","58","Alabama","4/15/20","23","35","01093","152.17"
"Marshall","9","106","Alabama","4/15/20","42","64","01095","152.38"
"Mobile","43","548","Alabama","4/15/20","249","299","01097","120.08"
"Monroe","0","7","Alabama","4/15/20","5","2","01099","40"
"Montgomery","14","174","Alabama","4/15/20","77","97","01101","125.97"
"Morgan","2","42","Alabama","4/15/20","31","11","01103","35.48"
"Perry","1","7","Alabama","4/15/20","0","7","01105","1"
"Pickens","2","26","Alabama","4/15/20","15","11","01107","73.33"
"Pike","1","24","Alabama","4/15/20","16","8","01109","50"
"Randolph","4","45","Alabama","4/15/20","15","30","01111","200"
"Russell","2","30","Alabama","4/15/20","14","16","01113","114.29"
"Shelby","11","237","Alabama","4/15/20","159","78","01117","49.06"
"St. Clair","2","47","Alabama","4/15/20","30","17","01115","56.67"
"Sumter","2","28","Alabama","4/15/20","16","12","01119","75"
"Talladega","2","38","Alabama","4/15/20","22","16","01121","72.73"
"Tallapoosa","13","127","Alabama","4/15/20","35","92","01123","262.86"
"Tuscaloosa","6","128","Alabama","4/15/20","83","45","01125","54.22"
"Walker","3","84","Alabama","4/15/20","65","19","01127","29.23"
"Washington","1","12","Alabama","4/15/20","7","5","01129","71.43"
"Wilcox","3","34","Alabama","4/15/20","13","21","01131","161.54"
"Winston","0","4","Alabama","4/15/20","3","1","01133","33.33"
"Anchorage","5","139","Alaska","4/15/20","103","36","02020","34.95"
"Bethel","0","1","Alaska","4/15/20","1","0","02050","0"
"Fairbanks North Star","1","79","Alaska","4/15/20","71","8","02090","11.27"
"Juneau","1","21","Alaska","4/15/20","14","7","02110","50"
"Kenai Peninsula","0","16","Alaska","4/15/20","13","3","02122","23.08"
"Ketchikan Gateway","0","15","Alaska","4/15/20","14","1","02130","7.14"
"Matanuska-Susitna","1","15","Alaska","4/15/20","5","10","02170","200"
"Nome","0","1","Alaska","4/15/20","0","1","02180","1"
"Petersburg","0","2","Alaska","4/15/20","2","0","02195","0"
"Prince of Wales-Hyder","0","2","Alaska","4/15/20","0","2","02198","1"
"Southeast Fairbanks","0","1","Alaska","4/15/20","1","0","02240","0"
"Yukon-Koyukuk","0","1","Alaska","4/15/20","1","0","02290","0"
"Apache","11","110","Arizona","4/15/20","34","76","04001","223.53"
"Cochise","1","15","Arizona","4/15/20","9","6","04003","66.67"
"Coconino","11","266","Arizona","4/15/20","186","80","04005","43.01"
"Gila","0","3","Arizona","4/15/20","3","0","04007","0"
"Graham","0","2","Arizona","4/15/20","2","0","04009","0"
"Greenlee","0","2","Arizona","4/15/20","1","1","04011","100"
"La Paz","0","5","Arizona","4/15/20","3","2","04012","66.67"
"Maricopa","84","2146","Arizona","4/15/20","1559","587","04013","37.65"
"Mohave","3","45","Arizona","4/15/20","23","22","04015","95.65"
"Navajo","21","390","Arizona","4/15/20","240","150","04017","62.5"
"Pima","34","700","Arizona","4/15/20","464","236","04019","50.86"
"Pinal","8","182","Arizona","4/15/20","124","58","04021","46.77"
"Santa Cruz","1","12","Arizona","4/15/20","6","6","04023","100"
"Yavapai","1","66","Arizona","4/15/20","58","8","04025","13.79"
"Yuma","1","20","Arizona","4/15/20","14","6","04027","42.86"
"Arkansas","0","2","Arkansas","4/15/20","1","1","05001","100"
"Ashley","1","11","Arkansas","4/15/20","5","6","05003","120"
"Baxter","0","4","Arkansas","4/15/20","1","3","05005","300"
"Benton","2","62","Arkansas","4/15/20","45","17","05007","37.78"
"Boone","0","3","Arkansas","4/15/20","1","2","05009","200"
"Bradley","0","7","Arkansas","4/15/20","5","2","05011","40"
"Carroll","0","2","Arkansas","4/15/20","1","1","05015","100"
"Chicot","1","7","Arkansas","4/15/20","2","5","05017","250"
"Clark","0","27","Arkansas","4/15/20","27","0","05019","0"
"Clay","0","1","Arkansas","4/15/20","1","0","05021","0"
"Cleburne","0","70","Arkansas","4/15/20","67","3","05023","4.48"
"Cleveland","0","8","Arkansas","4/15/20","7","1","05025","14.29"
"Columbia","0","4","Arkansas","4/15/20","1","3","05027","300"
"Conway","1","5","Arkansas","4/15/20","1","4","05029","400"
"Craighead","2","38","Arkansas","4/15/20","23","15","05031","65.22"
"Crawford","0","4","Arkansas","4/15/20","1","3","05033","300"
"Crittenden","9","121","Arkansas","4/15/20","61","60","05035","98.36"
"Cross","0","7","Arkansas","4/15/20","5","2","05037","40"
"Dallas","0","1","Arkansas","4/15/20","1","0","05039","0"
"Desha","0","6","Arkansas","4/15/20","5","1","05041","20"
"Drew","0","6","Arkansas","4/15/20","5","1","05043","20"
"Faulkner","0","58","Arkansas","4/15/20","55","3","05045","5.45"
"Franklin","0","1","Arkansas","4/15/20","1","0","05047","0"
"Garland","7","103","Arkansas","4/15/20","51","52","05051","101.96"
"Grant","1","11","Arkansas","4/15/20","5","6","05053","120"
"Greene","0","6","Arkansas","4/15/20","6","0","05055","0"
"Hempstead","0","4","Arkansas","4/15/20","1","3","05057","300"
"Hot Spring","0","8","Arkansas","4/15/20","7","1","05059","14.29"
"Howard","1","10","Arkansas","4/15/20","5","5","05061","100"
"Independence","0","6","Arkansas","4/15/20","5","1","05063","20"
"Izard","0","2","Arkansas","4/15/20","1","1","05065","100"
"Jackson","0","1","Arkansas","4/15/20","0","1","05067","1"
"Jefferson","4","106","Arkansas","4/15/20","78","28","05069","35.9"
"Johnson","1","16","Arkansas","4/15/20","11","5","05071","45.45"
"Lafayette","0","4","Arkansas","4/15/20","1","3","05073","300"
"Lawrence","1","11","Arkansas","4/15/20","1","10","05075","1000"
"Lee","0","3","Arkansas","4/15/20","1","2","05077","200"
"Lincoln","7","59","Arkansas","4/15/20","11","48","05079","436.36"
"Logan","0","2","Arkansas","4/15/20","1","1","05083","100"
"Lonoke","1","30","Arkansas","4/15/20","23","7","05085","30.43"
"Madison","0","1","Arkansas","4/15/20","0","1","05087","1"
"Marion","0","1","Arkansas","4/15/20","0","1","05089","1"
"Miller","2","28","Arkansas","4/15/20","16","12","05091","75"
"Mississippi","1","7","Arkansas","4/15/20","1","6","05093","600"
"Monroe","0","2","Arkansas","4/15/20","1","1","05095","100"
"Nevada","0","1","Arkansas","4/15/20","1","0","05099","0"
"Newton","0","1","Arkansas","4/15/20","1","0","05101","0"
"Ouachita","1","5","Arkansas","4/15/20","1","4","05103","400"
"Perry","0","2","Arkansas","4/15/20","1","1","05105","100"
"Phillips","0","4","Arkansas","4/15/20","1","3","05107","300"
"Pike","0","2","Arkansas","4/15/20","1","1","05109","100"
"Poinsett","0","7","Arkansas","4/15/20","6","1","05111","16.67"
"Polk","0","6","Arkansas","4/15/20","6","0","05113","0"
"Pope","2","31","Arkansas","4/15/20","20","11","05115","55"
"Prairie","0","2","Arkansas","4/15/20","1","1","05117","100"
"Pulaski","23","343","Arkansas","4/15/20","179","164","05119","91.62"
"Randolph","0","9","Arkansas","4/15/20","6","3","05121","50"
"Saline","0","34","Arkansas","4/15/20","33","1","05125","3.03"
"Scott","0","1","Arkansas","4/15/20","1","0","05127","0"
"Searcy","0","6","Arkansas","4/15/20","6","0","05129","0"
"Sebastian","0","11","Arkansas","4/15/20","9","2","05131","22.22"
"Sevier","0","8","Arkansas","4/15/20","6","2","05133","33.33"
"Sharp","0","2","Arkansas","4/15/20","1","1","05135","100"
"St. Francis","2","45","Arkansas","4/15/20","29","16","05123","55.17"
"Stone","0","7","Arkansas","4/15/20","5","2","05137","40"
"Union","1","18","Arkansas","4/15/20","13","5","05139","38.46"
"Van Buren","1","26","Arkansas","4/15/20","22","4","05141","18.18"
"Washington","2","44","Arkansas","4/15/20","30","14","05143","46.67"
"White","0","28","Arkansas","4/15/20","27","1","05145","3.7"
"Woodruff","0","1","Arkansas","4/15/20","1","0","05147","0"
"Yell","0","1","Arkansas","4/15/20","1","0","05149","0"
"Alameda","41","964","California","4/15/20","674","290","06001","43.03"
"Alpine","0","2","California","4/15/20","1","1","06003","100"
"Amador","1","7","California","4/15/20","3","4","06005","133.33"
"Butte","0","16","California","4/15/20","13","3","06007","23.08"
"Calaveras","1","9","California","4/15/20","5","4","06009","80"
"Colusa","0","3","California","4/15/20","3","0","06011","0"
"Contra Costa","22","615","California","4/15/20","462","153","06013","33.12"
"Del Norte","0","2","California","4/15/20","2","0","06015","0"
"El Dorado","1","35","California","4/15/20","28","7","06017","25"
"Fresno","15","251","California","4/15/20","146","105","06019","71.92"
"Glenn","0","4","California","4/15/20","2","2","06021","100"
"Humboldt","0","51","California","4/15/20","50","1","06023","2"
"Imperial","6","117","California","4/15/20","73","44","06025","60.27"
"Inyo","1","17","California","4/15/20","11","6","06027","54.55"
"Kern","37","533","California","4/15/20","271","262","06029","96.68"
"Kings","1","13","California","4/15/20","5","8","06031","160"
"Lake","0","5","California","4/15/20","2","3","06033","150"
"Los Angeles","423","10517","California","4/15/20","7559","2958","06037","39.13"
"Madera","1","33","California","4/15/20","28","5","06039","17.86"
"Marin","3","171","California","4/15/20","148","23","06041","15.54"
"Mendocino","0","4","California","4/15/20","4","0","06045","0"
"Merced","6","76","California","4/15/20","34","42","06047","123.53"
"Mono","1","23","California","4/15/20","19","4","06051","21.05"
"Monterey","5","100","California","4/15/20","64","36","06053","56.25"
"Napa","2","38","California","4/15/20","25","13","06055","52"
"Nevada","0","34","California","4/15/20","34","0","06057","0"
"Orange","51","1376","California","4/15/20","1016","360","06059","35.43"
"Placer","2","129","California","4/15/20","117","12","06061","10.26"
"Plumas","0","4","California","4/15/20","3","1","06063","33.33"
"Riverside","112","1961","California","4/15/20","1179","782","06065","66.33"
"Sacramento","39","853","California","4/15/20","580","273","06067","47.07"
"San Benito","1","39","California","4/15/20","33","6","06069","18.18"
"San Bernardino","61","977","California","4/15/20","547","430","06071","78.61"
"San Diego","68","1930","California","4/15/20","1454","476","06073","32.74"
"San Francisco","48","1013","California","4/15/20","676","337","06075","49.85"
"San Joaquin","17","341","California","4/15/20","223","118","06077","52.91"
"San Luis Obispo","3","120","California","4/15/20","99","21","06079","21.21"
"San Mateo","19","747","California","4/15/20","617","130","06081","21.07"
"Santa Barbara","14","313","California","4/15/20","218","95","06083","43.58"
"Santa Clara","59","1793","California","4/15/20","1380","413","06085","29.93"
"Santa Cruz","3","96","California","4/15/20","76","20","06087","26.32"
"Shasta","0","25","California","4/15/20","23","2","06089","8.7"
"Siskiyou","0","5","California","4/15/20","4","1","06093","25"
"Solano","6","140","California","4/15/20","99","41","06095","41.41"
"Sonoma","6","160","California","4/15/20","120","40","06097","33.33"
"Stanislaus","10","163","California","4/15/20","90","73","06099","81.11"
"Sutter","1","24","California","4/15/20","19","5","06101","26.32"
"Tehama","0","1","California","4/15/20","1","0","06103","0"
"Tulare","28","352","California","4/15/20","157","195","06107","124.2"
"Tuolumne","0","2","California","4/15/20","1","1","06109","100"
"Ventura","15","365","California","4/15/20","263","102","06111","38.78"
"Yolo","7","102","California","4/15/20","56","46","06113","82.14"
"Yuba","0","15","California","4/15/20","13","2","06115","15.38"
"Adams","49","758","Colorado","4/15/20","417","341","08001","81.77"
"Alamosa","0","7","Colorado","4/15/20","5","2","08003","40"
"Arapahoe","68","1243","Colorado","4/15/20","764","479","08005","62.7"
"Archuleta","0","6","Colorado","4/15/20","6","0","08007","0"
"Baca","0","10","Colorado","4/15/20","9","1","08009","11.11"
"Boulder","13","300","Colorado","4/15/20","207","93","08013","44.93"
"Broomfield","6","92","Colorado","4/15/20","52","40","08014","76.92"
"Chaffee","1","31","Colorado","4/15/20","23","8","08015","34.78"
"Clear Creek","1","11","Colorado","4/15/20","7","4","08019","57.14"
"Costilla","0","3","Colorado","4/15/20","3","0","08023","0"
"Crowley","0","2","Colorado","4/15/20","1","1","08025","100"
"Custer","0","2","Colorado","4/15/20","2","0","08027","0"
"Delta","1","12","Colorado","4/15/20","5","7","08029","140"
"Denver","77","1468","Colorado","4/15/20","927","541","08031","58.36"
"Douglas","10","312","Colorado","4/15/20","244","68","08035","27.87"
"Eagle","15","480","Colorado","4/15/20","374","106","08037","28.34"
"El Paso","28","668","Colorado","4/15/20","472","196","08041","41.53"
"Elbert","1","16","Colorado","4/15/20","10","6","08039","60"
"Fremont","1","9","Colorado","4/15/20","4","5","08043","125"
"Garfield","2","62","Colorado","4/15/20","49","13","08045","26.53"
"Gilpin","0","1","Colorado","4/15/20","0","1","08047","1"
"Grand","0","4","Colorado","4/15/20","4","0","08049","0"
"Gunnison","1","104","Colorado","4/15/20","98","6","08051","6.12"
"Hinsdale","0","3","Colorado","4/15/20","1","2","08053","200"
"Huerfano","0","1","Colorado","4/15/20","1","0","08055","0"
"Jefferson","32","837","Colorado","4/15/20","610","227","08059","37.21"
"Kit Carson","0","8","Colorado","4/15/20","5","3","08063","60"
"La Plata","2","46","Colorado","4/15/20","34","12","08067","35.29"
"Lake","0","5","Colorado","4/15/20","3","2","08065","66.67"
"Larimer","5","202","Colorado","4/15/20","167","35","08069","20.96"
"Las Animas","0","2","Colorado","4/15/20","1","1","08071","100"
"Lincoln","0","2","Colorado","4/15/20","1","1","08073","100"
"Logan","0","13","Colorado","4/15/20","13","0","08075","0"
"Mesa","0","34","Colorado","4/15/20","32","2","08077","6.25"
"Mineral","0","2","Colorado","4/15/20","2","0","08079","0"
"Moffat","0","3","Colorado","4/15/20","3","0","08081","0"
"Montezuma","1","12","Colorado","4/15/20","8","4","08083","50"
"Montrose","4","65","Colorado","4/15/20","35","30","08085","85.71"
"Morgan","11","103","Colorado","4/15/20","23","80","08087","347.83"
"Otero","0","5","Colorado","4/15/20","4","1","08089","25"
"Ouray","0","4","Colorado","4/15/20","3","1","08091","33.33"
"Park","0","6","Colorado","4/15/20","5","1","08093","20"
"Phillips","0","4","Colorado","4/15/20","4","0","08095","0"
"Pitkin","2","51","Colorado","4/15/20","39","12","08097","30.77"
"Prowers","0","1","Colorado","4/15/20","0","1","08099","1"
"Pueblo","3","68","Colorado","4/15/20","45","23","08101","51.11"
"Rio Blanco","0","1","Colorado","4/15/20","1","0","08103","0"
"Rio Grande","0","7","Colorado","4/15/20","5","2","08105","40"
"Routt","1","41","Colorado","4/15/20","32","9","08107","28.12"
"Saguache","0","3","Colorado","4/15/20","3","0","08109","0"
"San Miguel","0","12","Colorado","4/15/20","10","2","08113","20"
"Summit","3","76","Colorado","4/15/20","56","20","08117","35.71"
"Teller","1","16","Colorado","4/15/20","12","4","08119","33.33"
"Washington","1","5","Colorado","4/15/20","1","4","08121","400"
"Weld","51","928","Colorado","4/15/20","573","355","08123","61.95"
"Yuma","0","2","Colorado","4/15/20","2","0","08125","0"
"Fairfield","335","6480","Connecticut","4/15/20","4136","2344","09001","56.67"
"Hartford","218","2570","Connecticut","4/15/20","1045","1525","09003","145.93"
"Litchfield","34","490","Connecticut","4/15/20","255","235","09005","92.16"
"Middlesex","33","379","Connecticut","4/15/20","150","229","09007","152.67"
"New Haven","299","3758","Connecticut","4/15/20","1664","2094","09009","125.84"
"New London","22","236","Connecticut","4/15/20","85","151","09011","177.65"
"Tolland","15","216","Connecticut","4/15/20","111","105","09013","94.59"
"Windham","7","89","Connecticut","4/15/20","43","46","09015","106.98"
"Kent","21","345","Delaware","4/15/20","201","144","10001","71.64"
"New Castle","48","974","Delaware","4/15/20","636","338","10003","53.14"
"Sussex","57","678","Delaware","4/15/20","279","399","10005","143.01"
"","0","49","Diamond Princess","4/15/20","49","0",,"0"
"District of Columbia","108","2197","District of Columbia","4/15/20","1440","757","11001","52.57"
"Alachua","7","194","Florida","4/15/20","144","50","12001","34.72"
"Baker","0","17","Florida","4/15/20","15","2","12003","13.33"
"Bay","2","39","Florida","4/15/20","28","11","12005","39.29"
"Bradford","3","35","Florida","4/15/20","15","20","12007","133.33"
"Brevard","10","173","Florida","4/15/20","102","71","12009","69.61"
"Broward","144","3363","Florida","4/15/20","2358","1005","12011","42.62"
"Calhoun","0","5","Florida","4/15/20","4","1","12013","25"
"Charlotte","7","124","Florida","4/15/20","76","48","12015","63.16"
"Citrus","3","74","Florida","4/15/20","54","20","12017","37.04"
"Clay","10","170","Florida","4/15/20","97","73","12019","75.26"
"Collier","17","395","Florida","4/15/20","277","118","12021","42.6"
"Columbia","2","34","Florida","4/15/20","17","17","12023","100"
"DeSoto","1","22","Florida","4/15/20","18","4","12027","22.22"
"Dixie","0","3","Florida","4/15/20","2","1","12029","50"
"Duval","28","745","Florida","4/15/20","549","196","12031","35.7"
"Escambia","11","260","Florida","4/15/20","180","80","12033","44.44"
"Flagler","2","46","Florida","4/15/20","35","11","12035","31.43"
"Franklin","0","2","Florida","4/15/20","2","0","12037","0"
"Gadsden","5","40","Florida","4/15/20","8","32","12039","400"
"Gilchrist","1","6","Florida","4/15/20","1","5","12041","500"
"Glades","0","5","Florida","4/15/20","4","1","12043","25"
"Gulf","0","1","Florida","4/15/20","1","0","12045","0"
"Hamilton","0","2","Florida","4/15/20","1","1","12047","100"
"Hardee","0","3","Florida","4/15/20","2","1","12049","50"
"Hendry","2","26","Florida","4/15/20","10","16","12051","160"
"Hernando","3","76","Florida","4/15/20","56","20","12053","35.71"
"Highlands","3","64","Florida","4/15/20","41","23","12055","56.1"
"Hillsborough","35","869","Florida","4/15/20","626","243","12057","38.82"
"Holmes","0","4","Florida","4/15/20","3","1","12059","33.33"
"Indian River","2","78","Florida","4/15/20","63","15","12061","23.81"
"Jackson","0","6","Florida","4/15/20","4","2","12063","50"
"Jefferson","2","22","Florida","4/15/20","8","14","12065","175"
"Lafayette","0","1","Florida","4/15/20","0","1","12067","1"
"Lake","6","179","Florida","4/15/20","136","43","12069","31.62"
"Lee","31","677","Florida","4/15/20","462","215","12071","46.54"
"Leon","12","154","Florida","4/15/20","71","83","12073","116.9"
"Levy","0","7","Florida","4/15/20","5","2","12075","40"
"Liberty","0","2","Florida","4/15/20","0","2","12077","1"
"Madison","0","15","Florida","4/15/20","12","3","12079","25"
"Manatee","15","276","Florida","4/15/20","171","105","12081","61.4"
"Marion","6","107","Florida","4/15/20","65","42","12083","64.62"
"Martin","5","138","Florida","4/15/20","101","37","12085","36.63"
"Miami-Dade","387","8066","Florida","4/15/20","5354","2712","12086","50.65"
"Monroe","2","66","Florida","4/15/20","51","15","12087","29.41"
"Nassau","1","37","Florida","4/15/20","29","8","12089","27.59"
"Okaloosa","4","107","Florida","4/15/20","78","29","12091","37.18"
"Okeechobee","0","5","Florida","4/15/20","4","1","12093","25"
"Orange","39","1073","Florida","4/15/20","803","270","12095","33.62"
"Osceola","13","361","Florida","4/15/20","272","89","12097","32.72"
"Palm Beach","87","1814","Florida","4/15/20","1206","608","12099","50.41"
"Pasco","9","186","Florida","4/15/20","125","61","12101","48.8"
"Pinellas","17","513","Florida","4/15/20","394","119","12103","30.2"
"Polk","11","286","Florida","4/15/20","206","80","12105","38.83"
"Putnam","4","46","Florida","4/15/20","21","25","12107","119.05"
"Santa Rosa","7","115","Florida","4/15/20","69","46","12113","66.67"
"Sarasota","10","252","Florida","4/15/20","180","72","12115","40"
"Seminole","10","283","Florida","4/15/20","216","67","12117","31.02"
"St. Johns","4","179","Florida","4/15/20","154","25","12109","16.23"
"St. Lucie","6","172","Florida","4/15/20","130","42","12111","32.31"
"Sumter","3","114","Florida","4/15/20","90","24","12119","26.67"
"Suwannee","5","80","Florida","4/15/20","46","34","12121","73.91"
"Taylor","0","1","Florida","4/15/20","1","0","12123","0"
"Union","0","2","Florida","4/15/20","2","0","12125","0"
"Volusia","11","242","Florida","4/15/20","163","79","12127","48.47"
"Wakulla","1","13","Florida","4/15/20","7","6","12129","85.71"
"Walton","0","29","Florida","4/15/20","26","3","12131","11.54"
"Washington","0","5","Florida","4/15/20","2","3","12133","150"
"Appling","1","14","Georgia","4/15/20","6","8","13001","133.33"
"Atkinson","0","2","Georgia","4/15/20","4","-2","13003","-50"
"Bacon","0","14","Georgia","4/15/20","13","1","13005","7.69"
"Baker","1","16","Georgia","4/15/20","9","7","13007","77.78"
"Baldwin","9","90","Georgia","4/15/20","27","63","13009","233.33"
"Banks","1","8","Georgia","4/15/20","4","4","13011","100"
"Barrow","3","66","Georgia","4/15/20","42","24","13013","57.14"
"Bartow","6","235","Georgia","4/15/20","192","43","13015","22.4"
"Ben Hill","1","10","Georgia","4/15/20","6","4","13017","66.67"
"Berrien","1","8","Georgia","4/15/20","4","4","13019","100"
"Bibb","6","95","Georgia","4/15/20","50","45","13021","90"
"Bleckley","0","3","Georgia","4/15/20","1","2","13023","200"
"Brantley","1","13","Georgia","4/15/20","5","8","13025","160"
"Brooks","1","21","Georgia","4/15/20","16","5","13027","31.25"
"Bryan","1","30","Georgia","4/15/20","26","4","13029","15.38"
"Bulloch","1","22","Georgia","4/15/20","12","10","13031","83.33"
"Burke","2","28","Georgia","4/15/20","17","11","13033","64.71"
"Butts","2","36","Georgia","4/15/20","20","16","13035","80"
"Calhoun","4","58","Georgia","4/15/20","30","28","13037","93.33"
"Camden","1","23","Georgia","4/15/20","17","6","13039","35.29"
"Candler","0","4","Georgia","4/15/20","4","0","13043","0"
"Carroll","8","237","Georgia","4/15/20","183","54","13045","29.51"
"Catoosa","1","17","Georgia","4/15/20","7","10","13047","142.86"
"Charlton","0","4","Georgia","4/15/20","3","1","13049","33.33"
"Chatham","5","160","Georgia","4/15/20","125","35","13051","28"
"Chattahoochee","0","5","Georgia","4/15/20","2","3","13053","150"
"Chattooga","1","8","Georgia","4/15/20","4","4","13055","100"
"Cherokee","11","225","Georgia","4/15/20","151","74","13057","49.01"
"Clarke","2","98","Georgia","4/15/20","81","17","13059","20.99"
"Clay","0","16","Georgia","4/15/20","13","3","13061","23.08"
"Clayton","23","456","Georgia","4/15/20","293","163","13063","55.63"
"Clinch","1","7","Georgia","4/15/20","3","4","13065","133.33"
"Cobb","48","924","Georgia","4/15/20","588","336","13067","57.14"
"Coffee","3","65","Georgia","4/15/20","44","21","13069","47.73"
"Colquitt","3","89","Georgia","4/15/20","68","21","13071","30.88"
"Columbia","4","78","Georgia","4/15/20","48","30","13073","62.5"
"Cook","1","8","Georgia","4/15/20","4","4","13075","100"
"Coweta","8","136","Georgia","4/15/20","79","57","13077","72.15"
"Crawford","1","10","Georgia","4/15/20","3","7","13079","233.33"
"Crisp","6","88","Georgia","4/15/20","48","40","13081","83.33"
"Dade","0","3","Georgia","4/15/20","2","1","13083","50"
"Dawson","2","37","Georgia","4/15/20","22","15","13085","68.18"
"Decatur","2","47","Georgia","4/15/20","30","17","13087","56.67"
"DeKalb","69","1191","Georgia","4/15/20","706","485","13089","68.7"
"Dodge","1","17","Georgia","4/15/20","9","8","13091","88.89"
"Dooly","4","52","Georgia","4/15/20","27","25","13093","92.59"
"Dougherty","46","1308","Georgia","4/15/20","986","322","13095","32.66"
"Douglas","11","197","Georgia","4/15/20","122","75","13097","61.48"
"Early","6","141","Georgia","4/15/20","98","43","13099","43.88"
"Echols","0","3","Georgia","4/15/20","1","2","13101","200"
"Effingham","1","25","Georgia","4/15/20","18","7","13103","38.89"
"Elbert","1","7","Georgia","4/15/20","3","4","13105","133.33"
"Emanuel","1","9","Georgia","4/15/20","5","4","13107","80"
"Evans","0","2","Georgia","4/15/20","0","2","13109","1"
"Fannin","1","14","Georgia","4/15/20","9","5","13111","55.56"
"Fayette","5","120","Georgia","4/15/20","85","35","13113","41.18"
"Floyd","4","120","Georgia","4/15/20","93","27","13115","29.03"
"Forsyth","8","153","Georgia","4/15/20","99","54","13117","54.55"
"Franklin","1","7","Georgia","4/15/20","3","4","13119","133.33"
"Fulton","86","1844","Georgia","4/15/20","1240","604","13121","48.71"
"Gilmer","0","7","Georgia","4/15/20","4","3","13123","75"
"Glynn","2","41","Georgia","4/15/20","30","11","13127","36.67"
"Gordon","3","46","Georgia","4/15/20","26","20","13129","76.92"
"Grady","2","21","Georgia","4/15/20","6","15","13131","250"
"Greene","2","34","Georgia","4/15/20","22","12","13133","54.55"
"Gwinnett","41","852","Georgia","4/15/20","565","287","13135","50.8"
"Habersham","3","29","Georgia","4/15/20","8","21","13137","262.5"
"Hall","21","374","Georgia","4/15/20","228","146","13139","64.04"
"Hancock","1","5","Georgia","4/15/20","1","4","13141","400"
"Haralson","0","19","Georgia","4/15/20","17","2","13143","11.76"
"Harris","1","25","Georgia","4/15/20","15","10","13145","66.67"
"Hart","0","5","Georgia","4/15/20","3","2","13147","66.67"
"Heard","0","5","Georgia","4/15/20","3","2","13149","66.67"
"Henry","15","321","Georgia","4/15/20","215","106","13151","49.3"
"Houston","7","142","Georgia","4/15/20","92","50","13153","54.35"
"Irwin","0","12","Georgia","4/15/20","9","3","13155","33.33"
"Jackson","1","33","Georgia","4/15/20","23","10","13157","43.48"
"Jasper","1","10","Georgia","4/15/20","5","5","13159","100"
"Jeff Davis","0","2","Georgia","4/15/20","1","1","13161","100"
"Jefferson","0","7","Georgia","4/15/20","4","3","13163","75"
"Jenkins","1","12","Georgia","4/15/20","7","5","13165","71.43"
"Johnson","1","21","Georgia","4/15/20","13","8","13167","61.54"
"Jones","1","15","Georgia","4/15/20","7","8","13169","114.29"
"Lamar","1","21","Georgia","4/15/20","14","7","13171","50"
"Lanier","0","5","Georgia","4/15/20","5","0","13173","0"
"Laurens","1","35","Georgia","4/15/20","25","10","13175","40"
"Lee","8","264","Georgia","4/15/20","208","56","13177","26.92"
"Liberty","2","26","Georgia","4/15/20","14","12","13179","85.71"
"Lincoln","0","9","Georgia","4/15/20","6","3","13181","50"
"Long","0","2","Georgia","4/15/20","1","1","13183","100"
"Lowndes","4","75","Georgia","4/15/20","49","26","13185","53.06"
"Lumpkin","0","11","Georgia","4/15/20","9","2","13187","22.22"
"Macon","5","47","Georgia","4/15/20","11","36","13193","327.27"
"Madison","1","13","Georgia","4/15/20","9","4","13195","44.44"
"Marion","2","17","Georgia","4/15/20","5","12","13197","240"
"McDuffie","2","30","Georgia","4/15/20","16","14","13189","87.5"
"McIntosh","0","3","Georgia","4/15/20","3","0","13191","0"
"Meriwether","1","26","Georgia","4/15/20","18","8","13199","44.44"
"Miller","0","15","Georgia","4/15/20","12","3","13201","25"
"Mitchell","9","172","Georgia","4/15/20","108","64","13205","59.26"
"Monroe","0","13","Georgia","4/15/20","12","1","13207","8.33"
"Montgomery","0","2","Georgia","4/15/20","0","2","13209","1"
"Morgan","0","15","Georgia","4/15/20","12","3","13211","25"
"Murray","1","17","Georgia","4/15/20","11","6","13213","54.55"
"Muscogee","17","177","Georgia","4/15/20","57","120","13215","210.53"
"Newton","5","104","Georgia","4/15/20","67","37","13217","55.22"
"Oconee","1","43","Georgia","4/15/20","33","10","13219","30.3"
"Oglethorpe","2","19","Georgia","4/15/20","2","17","13221","850"
"Out of GA","98","683","Georgia","4/15/20","0","683","80013","1"
"Paulding","7","117","Georgia","4/15/20","66","51","13223","77.27"
"Peach","1","24","Georgia","4/15/20","19","5","13225","26.32"
"Pickens","1","14","Georgia","4/15/20","10","4","13227","40"
"Pierce","2","47","Georgia","4/15/20","36","11","13229","30.56"
"Pike","2","25","Georgia","4/15/20","10","15","13231","150"
"Polk","1","27","Georgia","4/15/20","22","5","13233","22.73"
"Pulaski","0","11","Georgia","4/15/20","8","3","13235","37.5"
"Putnam","1","12","Georgia","4/15/20","5","7","13237","140"
"Quitman","0","3","Georgia","4/15/20","4","-1","13239","-25"
"Rabun","0","7","Georgia","4/15/20","5","2","13241","40"
"Randolph","7","131","Georgia","4/15/20","82","49","13243","59.76"
"Richmond","13","168","Georgia","4/15/20","76","92","13245","121.05"
"Rockdale","3","107","Georgia","4/15/20","86","21","13247","24.42"
"Schley","0","13","Georgia","4/15/20","10","3","13249","30"
"Screven","1","9","Georgia","4/15/20","4","5","13251","125"
"Seminole","0","16","Georgia","4/15/20","13","3","13253","23.08"
"Spalding","5","90","Georgia","4/15/20","56","34","13255","60.71"
"Stephens","1","24","Georgia","4/15/20","15","9","13257","60"
"Stewart","1","9","Georgia","4/15/20","4","5","13259","125"
"Sumter","15","273","Georgia","4/15/20","168","105","13261","62.5"
"Talbot","1","12","Georgia","4/15/20","8","4","13263","50"
"Tattnall","0","5","Georgia","4/15/20","3","2","13267","66.67"
"Taylor","1","9","Georgia","4/15/20","5","4","13269","80"
"Telfair","1","11","Georgia","4/15/20","4","7","13271","175"
"Terrell","6","135","Georgia","4/15/20","93","42","13273","45.16"
"Thomas","7","92","Georgia","4/15/20","43","49","13275","113.95"
"Tift","4","74","Georgia","4/15/20","47","27","13277","57.45"
"Toombs","1","16","Georgia","4/15/20","8","8","13279","100"
"Towns","1","8","Georgia","4/15/20","2","6","13281","300"
"Treutlen","0","1","Georgia","4/15/20","1","0","13283","0"
"Troup","3","68","Georgia","4/15/20","48","20","13285","41.67"
"Turner","3","41","Georgia","4/15/20","20","21","13287","105"
"Twiggs","0","3","Georgia","4/15/20","2","1","13289","50"
"Union","1","8","Georgia","4/15/20","4","4","13291","100"
"Upson","15","135","Georgia","4/15/20","29","106","13293","365.52"
"Walker","1","13","Georgia","4/15/20","3","10","13295","333.33"
"Walton","4","52","Georgia","4/15/20","25","27","13297","108"
"Ware","3","66","Georgia","4/15/20","42","24","13299","57.14"
"Warren","0","8","Georgia","4/15/20","6","2","13301","33.33"
"Washington","1","22","Georgia","4/15/20","17","5","13303","29.41"
"Wayne","0","6","Georgia","4/15/20","4","2","13305","50"
"Webster","0","3","Georgia","4/15/20","3","0","13307","0"
"Wheeler","0","3","Georgia","4/15/20","1","2","13309","200"
"White","1","14","Georgia","4/15/20","10","4","13311","40"
"Whitfield","1","31","Georgia","4/15/20","21","10","13313","47.62"
"Wilcox","4","29","Georgia","4/15/20","2","27","13315","1350"
"Wilkes","0","8","Georgia","4/15/20","5","3","13317","60"
"Wilkinson","1","14","Georgia","4/15/20","4","10","13319","250"
"Worth","6","104","Georgia","4/15/20","64","40","13321","62.5"
"","0","103","Grand Princess","4/15/20","103","0",,"0"
"","2","135","Guam","4/15/20","121","14",,"11.57"
"Hawaii","3","41","Hawaii","4/15/20","23","18","15001","78.26"
"Honolulu","8","369","Hawaii","4/15/20","312","57","15003","18.27"
"Kauai","0","21","Hawaii","4/15/20","18","3","15007","16.67"
"Maui","6","92","Hawaii","4/15/20","48","44","15009","91.67"
"Out of HI","0","0","Hawaii","4/15/20","2","-2","80015","-100"
"Ada","14","538","Idaho","4/15/20","438","100","16001","22.83"
"Adams","0","1","Idaho","4/15/20","1","0","16003","0"
"Bannock","0","5","Idaho","4/15/20","5","0","16005","0"
"Bingham","0","2","Idaho","4/15/20","2","0","16011","0"
"Blaine","4","458","Idaho","4/15/20","428","30","16013","7.01"
"Bonner","0","4","Idaho","4/15/20","3","1","16017","33.33"
"Bonneville","1","16","Idaho","4/15/20","7","9","16019","128.57"
"Camas","0","1","Idaho","4/15/20","1","0","16025","0"
"Canyon","8","167","Idaho","4/15/20","114","53","16027","46.49"
"Caribou","0","1","Idaho","4/15/20","1","0","16029","0"
"Cassia","1","10","Idaho","4/15/20","5","5","16031","100"
"Custer","0","2","Idaho","4/15/20","2","0","16037","0"
"Elmore","1","18","Idaho","4/15/20","14","4","16039","28.57"
"Fremont","0","2","Idaho","4/15/20","2","0","16043","0"
"Gem","0","9","Idaho","4/15/20","8","1","16045","12.5"
"Gooding","0","5","Idaho","4/15/20","3","2","16047","66.67"
"Idaho","0","3","Idaho","4/15/20","3","0","16049","0"
"Jefferson","0","4","Idaho","4/15/20","4","0","16051","0"
"Jerome","2","30","Idaho","4/15/20","18","12","16053","66.67"
"Kootenai","0","45","Idaho","4/15/20","42","3","16055","7.14"
"Latah","0","3","Idaho","4/15/20","2","1","16057","50"
"Lincoln","0","15","Idaho","4/15/20","12","3","16063","25"
"Madison","0","5","Idaho","4/15/20","4","1","16065","25"
"Minidoka","0","6","Idaho","4/15/20","3","3","16067","100"
"Nez Perce","0","20","Idaho","4/15/20","17","3","16069","17.65"
"Owyhee","0","4","Idaho","4/15/20","2","2","16073","100"
"Payette","0","9","Idaho","4/15/20","6","3","16075","50"
"Power","0","2","Idaho","4/15/20","2","0","16077","0"
"Teton","0","6","Idaho","4/15/20","5","1","16081","20"
"Twin Falls","4","79","Idaho","4/15/20","53","26","16083","49.06"
"Valley","0","2","Idaho","4/15/20","2","0","16085","0"
"Washington","0","1","Idaho","4/15/20","1","0","16087","0"
"Adams","4","27","Illinois","4/15/20","1","26","17001","2600"
"Bond","0","4","Illinois","4/15/20","3","1","17005","33.33"
"Boone","1","16","Illinois","4/15/20","7","9","17007","128.57"
"Bureau","0","7","Illinois","4/15/20","4","3","17011","75"
"Calhoun","0","1","Illinois","4/15/20","1","0","17013","0"
"Carroll","0","5","Illinois","4/15/20","5","0","17015","0"
"Champaign","3","90","Illinois","4/15/20","69","21","17019","30.43"
"Christian","0","24","Illinois","4/15/20","23","1","17021","4.35"
"Clark","0","4","Illinois","4/15/20","3","1","17023","33.33"
"Clay","0","1","Illinois","4/15/20","0","1","17025","1"
"Clinton","4","39","Illinois","4/15/20","13","26","17027","200"
"Coles","1","9","Illinois","4/15/20","2","7","17029","350"
"Cook","969","17306","Illinois","4/15/20","10520","6786","17031","64.51"
"Crawford","0","4","Illinois","4/15/20","4","0","17033","0"
"Cumberland","0","2","Illinois","4/15/20","1","1","17035","100"
"De Witt","0","1","Illinois","4/15/20","2","-1","17039","-50"
"DeKalb","1","37","Illinois","4/15/20","32","5","17037","15.62"
"Douglas","0","11","Illinois","4/15/20","10","1","17041","10"
"DuPage","73","1386","Illinois","4/15/20","875","511","17043","58.4"
"Effingham","0","3","Illinois","4/15/20","2","1","17049","50"
"Fayette","1","12","Illinois","4/15/20","4","8","17051","200"
"Ford","0","4","Illinois","4/15/20","3","1","17053","33.33"
"Franklin","0","4","Illinois","4/15/20","2","2","17055","100"
"Fulton","0","1","Illinois","4/15/20","0","1","17057","1"
"Gallatin","0","2","Illinois","4/15/20","1","1","17059","100"
"Greene","0","1","Illinois","4/15/20","0","1","17061","1"
"Grundy","2","24","Illinois","4/15/20","12","12","17063","100"
"Hancock","0","3","Illinois","4/15/20","1","2","17067","200"
"Henry","1","25","Illinois","4/15/20","16","9","17073","56.25"
"Iroquois","1","11","Illinois","4/15/20","7","4","17075","57.14"
"Jackson","2","39","Illinois","4/15/20","22","17","17077","77.27"
"Jasper","0","3","Illinois","4/15/20","3","0","17079","0"
"Jefferson","1","9","Illinois","4/15/20","3","6","17081","200"
"Jersey","0","8","Illinois","4/15/20","5","3","17083","60"
"Jo Daviess","0","11","Illinois","4/15/20","8","3","17085","37.5"
"Johnson","0","2","Illinois","4/15/20","0","2","17087","1"
"Kane","24","463","Illinois","4/15/20","296","167","17089","56.42"
"Kankakee","12","226","Illinois","4/15/20","145","81","17091","55.86"
"Kendall","5","116","Illinois","4/15/20","79","37","17093","46.84"
"Knox","0","2","Illinois","4/15/20","1","1","17095","100"
"Lake","96","1711","Illinois","4/15/20","1041","670","17097","64.36"
"LaSalle","1","24","Illinois","4/15/20","17","7","17099","41.18"
"Lawrence","0","2","Illinois","4/15/20","2","0","17101","0"
"Lee","1","15","Illinois","4/15/20","6","9","17103","150"
"Livingston","1","17","Illinois","4/15/20","10","7","17105","70"
"Logan","0","4","Illinois","4/15/20","3","1","17107","33.33"
"Macon","4","44","Illinois","4/15/20","13","31","17115","238.46"
"Macoupin","1","17","Illinois","4/15/20","10","7","17117","70"
"Madison","8","135","Illinois","4/15/20","82","53","17119","64.63"
"Marion","2","17","Illinois","4/15/20","4","13","17121","325"
"Marshall","0","2","Illinois","4/15/20","1","1","17123","100"
"Mason","0","3","Illinois","4/15/20","3","0","17125","0"
"Massac","0","4","Illinois","4/15/20","2","2","17127","100"
"McDonough","0","2","Illinois","4/15/20","0","2","17109","1"
"McHenry","12","264","Illinois","4/15/20","180","84","17111","46.67"
"McLean","2","82","Illinois","4/15/20","65","17","17113","26.15"
"Menard","0","2","Illinois","4/15/20","2","0","17129","0"
"Mercer","0","3","Illinois","4/15/20","2","1","17131","50"
"Monroe","4","49","Illinois","4/15/20","20","29","17133","145"
"Montgomery","1","9","Illinois","4/15/20","4","5","17135","125"
"Morgan","0","10","Illinois","4/15/20","8","2","17137","25"
"Moultrie","0","2","Illinois","4/15/20","2","0","17139","0"
"Ogle","2","28","Illinois","4/15/20","12","16","17141","133.33"
"Peoria","2","33","Illinois","4/15/20","16","17","17143","106.25"
"Perry","0","1","Illinois","4/15/20","0","1","17145","1"
"Piatt","0","6","Illinois","4/15/20","4","2","17147","50"
"Pike","0","1","Illinois","4/15/20","1","0","17149","0"
"Pulaski","1","5","Illinois","4/15/20","0","5","17153","1"
"Randolph","2","46","Illinois","4/15/20","31","15","17157","48.39"
"Richland","0","1","Illinois","4/15/20","1","0","17159","0"
"Rock Island","10","138","Illinois","4/15/20","67","71","17161","105.97"
"Saline","0","3","Illinois","4/15/20","2","1","17165","50"
"Sangamon","2","50","Illinois","4/15/20","33","17","17167","51.52"
"Schuyler","0","1","Illinois","4/15/20","0","1","17169","1"
"Shelby","0","4","Illinois","4/15/20","3","1","17173","33.33"
"St. Clair","14","225","Illinois","4/15/20","127","98","17163","77.17"
"Stark","0","1","Illinois","4/15/20","1","0","17175","0"
"Stephenson","0","9","Illinois","4/15/20","6","3","17177","50"
"Tazewell","1","21","Illinois","4/15/20","17","4","17179","23.53"
"Union","0","3","Illinois","4/15/20","0","3","17181","1"
"Vermilion","0","8","Illinois","4/15/20","5","3","17183","60"
"Wabash","0","1","Illinois","4/15/20","1","0","17185","0"
"Warren","0","2","Illinois","4/15/20","0","2","17187","1"
"Washington","0","3","Illinois","4/15/20","2","1","17189","50"
"Whiteside","1","29","Illinois","4/15/20","21","8","17195","38.1"
"Will","74","1433","Illinois","4/15/20","914","519","17197","56.78"
"Williamson","0","12","Illinois","4/15/20","9","3","17199","33.33"
"Winnebago","7","112","Illinois","4/15/20","63","49","17201","77.78"
"Woodford","1","11","Illinois","4/15/20","7","4","17203","57.14"
"Adams","1","6","Indiana","4/15/20","2","4","18001","200"
"Allen","12","180","Indiana","4/15/20","95","85","18003","89.47"
"Bartholomew","7","113","Indiana","4/15/20","66","47","18005","71.21"
"Benton","0","3","Indiana","4/15/20","0","3","18007","1"
"Blackford","0","6","Indiana","4/15/20","4","2","18009","50"
"Boone","8","129","Indiana","4/15/20","76","53","18011","69.74"
"Brown","1","14","Indiana","4/15/20","9","5","18013","55.56"
"Carroll","0","6","Indiana","4/15/20","3","3","18015","100"
"Cass","3","33","Indiana","4/15/20","15","18","18017","120"
"Clark","7","137","Indiana","4/15/20","86","51","18019","59.3"
"Clay","0","13","Indiana","4/15/20","11","2","18021","18.18"
"Clinton","1","13","Indiana","4/15/20","8","5","18023","62.5"
"Crawford","0","12","Indiana","4/15/20","11","1","18025","9.09"
"Daviess","2","21","Indiana","4/15/20","5","16","18027","320"
"Dearborn","2","61","Indiana","4/15/20","47","14","18029","29.79"
"Decatur","8","155","Indiana","4/15/20","99","56","18031","56.57"
"DeKalb","0","6","Indiana","4/15/20","4","2","18033","50"
"Delaware","4","77","Indiana","4/15/20","46","31","18035","67.39"
"Dubois","1","14","Indiana","4/15/20","9","5","18037","55.56"
"Elkhart","8","105","Indiana","4/15/20","46","59","18039","128.26"
"Fayette","0","20","Indiana","4/15/20","18","2","18041","11.11"
"Floyd","6","116","Indiana","4/15/20","77","39","18043","50.65"
"Fountain","0","3","Indiana","4/15/20","2","1","18045","50"
"Franklin","2","75","Indiana","4/15/20","61","14","18047","22.95"
"Fulton","0","3","Indiana","4/15/20","3","0","18049","0"
"Gibson","0","4","Indiana","4/15/20","4","0","18051","0"
"Grant","3","41","Indiana","4/15/20","22","19","18053","86.36"
"Greene","2","28","Indiana","4/15/20","12","16","18055","133.33"
"Hamilton","17","510","Indiana","4/15/20","392","118","18057","30.1"
"Hancock","4","129","Indiana","4/15/20","99","30","18059","30.3"
"Harrison","2","59","Indiana","4/15/20","48","11","18061","22.92"
"Hendricks","17","360","Indiana","4/15/20","243","117","18063","48.15"
"Henry","1","23","Indiana","4/15/20","19","4","18065","21.05"
"Howard","2","60","Indiana","4/15/20","44","16","18067","36.36"
"Huntington","0","6","Indiana","4/15/20","6","0","18069","0"
"Jackson","4","74","Indiana","4/15/20","46","28","18071","60.87"
"Jasper","1","19","Indiana","4/15/20","14","5","18073","35.71"
"Jay","1","7","Indiana","4/15/20","3","4","18075","133.33"
"Jefferson","1","15","Indiana","4/15/20","7","8","18077","114.29"
"Jennings","3","60","Indiana","4/15/20","42","18","18079","42.86"
"Johnson","17","347","Indiana","4/15/20","230","117","18081","50.87"
"Knox","1","16","Indiana","4/15/20","10","6","18083","60"
"Kosciusko","0","19","Indiana","4/15/20","16","3","18085","18.75"
"LaGrange","1","14","Indiana","4/15/20","6","8","18087","133.33"
"Lake","59","876","Indiana","4/15/20","461","415","18089","90.02"
"LaPorte","2","42","Indiana","4/15/20","28","14","18091","50"
"Lawrence","3","73","Indiana","4/15/20","55","18","18093","32.73"
"Madison","19","273","Indiana","4/15/20","143","130","18095","90.91"
"Marion","131","3204","Indiana","4/15/20","2290","914","18097","39.91"
"Marshall","1","19","Indiana","4/15/20","11","8","18099","72.73"
"Martin","1","5","Indiana","4/15/20","1","4","18101","400"
"Miami","1","17","Indiana","4/15/20","12","5","18103","41.67"
"Monroe","5","95","Indiana","4/15/20","60","35","18105","58.33"
"Montgomery","1","25","Indiana","4/15/20","17","8","18107","47.06"
"Morgan","3","105","Indiana","4/15/20","82","23","18109","28.05"
"Newton","3","29","Indiana","4/15/20","6","23","18111","383.33"
"Noble","2","25","Indiana","4/15/20","11","14","18113","127.27"
"Ohio","0","1","Indiana","4/15/20","1","0","18115","0"
"Orange","1","19","Indiana","4/15/20","11","8","18117","72.73"
"Owen","0","19","Indiana","4/15/20","17","2","18119","11.76"
"Parke","0","7","Indiana","4/15/20","5","2","18121","40"
"Perry","1","4","Indiana","4/15/20","0","4","18123","1"
"Pike","0","1","Indiana","4/15/20","0","1","18125","1"
"Porter","7","135","Indiana","4/15/20","85","50","18127","58.82"
"Posey","0","6","Indiana","4/15/20","5","1","18129","20"
"Pulaski","0","1","Indiana","4/15/20","1","0","18131","0"
"Putnam","2","42","Indiana","4/15/20","27","15","18133","55.56"
"Randolph","1","11","Indiana","4/15/20","7","4","18135","57.14"
"Ripley","2","88","Indiana","4/15/20","76","12","18137","15.79"
"Rush","0","17","Indiana","4/15/20","14","3","18139","21.43"
"Scott","1","17","Indiana","4/15/20","11","6","18143","54.55"
"Shelby","3","79","Indiana","4/15/20","56","23","18145","41.07"
"Spencer","0","4","Indiana","4/15/20","1","3","18147","300"
"St. Joseph","19","273","Indiana","4/15/20","142","131","18141","92.25"
"Starke","1","10","Indiana","4/15/20","6","4","18149","66.67"
"Steuben","0","13","Indiana","4/15/20","10","3","18151","30"
"Sullivan","0","6","Indiana","4/15/20","4","2","18153","50"
"Switzerland","0","12","Indiana","4/15/20","11","1","18155","9.09"
"Tippecanoe","1","46","Indiana","4/15/20","38","8","18157","21.05"
"Tipton","0","10","Indiana","4/15/20","9","1","18159","11.11"
"Union","0","6","Indiana","4/15/20","5","1","18161","20"
"Vanderburgh","3","65","Indiana","4/15/20","41","24","18163","58.54"
"Vermillion","0","4","Indiana","4/15/20","2","2","18165","100"
"Vigo","2","43","Indiana","4/15/20","32","11","18167","34.38"
"Wabash","0","7","Indiana","4/15/20","5","2","18169","40"
"Warren","0","3","Indiana","4/15/20","2","1","18171","50"
"Warrick","2","41","Indiana","4/15/20","26","15","18173","57.69"
"Washington","1","27","Indiana","4/15/20","21","6","18175","28.57"
"Wayne","1","20","Indiana","4/15/20","16","4","18177","25"
"Wells","0","4","Indiana","4/15/20","2","2","18179","100"
"White","0","5","Indiana","4/15/20","3","2","18181","66.67"
"Whitley","1","14","Indiana","4/15/20","8","6","18183","75"
"Adair","0","1","Iowa","4/15/20","1","0","19001","0"
"Allamakee","1","24","Iowa","4/15/20","19","5","19005","26.32"
"Appanoose","0","1","Iowa","4/15/20","1","0","19007","0"
"Audubon","0","1","Iowa","4/15/20","1","0","19009","0"
"Benton","1","19","Iowa","4/15/20","12","7","19011","58.33"
"Black Hawk","9","85","Iowa","4/15/20","19","66","19013","347.37"
"Boone","0","4","Iowa","4/15/20","3","1","19015","33.33"
"Bremer","1","9","Iowa","4/15/20","2","7","19017","350"
"Buchanan","0","8","Iowa","4/15/20","5","3","19019","60"
"Buena Vista","0","2","Iowa","4/15/20","1","1","19021","100"
"Butler","0","1","Iowa","4/15/20","1","0","19023","0"
"Carroll","0","1","Iowa","4/15/20","1","0","19027","0"
"Cass","0","1","Iowa","4/15/20","0","1","19029","1"
"Cedar","1","22","Iowa","4/15/20","18","4","19031","22.22"
"Cerro Gordo","0","14","Iowa","4/15/20","12","2","19033","16.67"
"Chickasaw","0","2","Iowa","4/15/20","1","1","19037","100"
"Clarke","0","2","Iowa","4/15/20","1","1","19039","100"
"Clay","0","2","Iowa","4/15/20","2","0","19041","0"
"Clayton","0","7","Iowa","4/15/20","5","2","19043","40"
"Clinton","3","38","Iowa","4/15/20","19","19","19045","100"
"Crawford","0","6","Iowa","4/15/20","6","0","19047","0"
"Dallas","0","38","Iowa","4/15/20","35","3","19049","8.57"
"Delaware","0","2","Iowa","4/15/20","1","1","19055","100"
"Des Moines","1","7","Iowa","4/15/20","3","4","19057","133.33"
"Dickinson","0","1","Iowa","4/15/20","1","0","19059","0"
"Dubuque","1","37","Iowa","4/15/20","28","9","19061","32.14"
"Fayette","0","5","Iowa","4/15/20","3","2","19065","66.67"
"Franklin","0","1","Iowa","4/15/20","1","0","19069","0"
"Greene","0","1","Iowa","4/15/20","1","0","19073","0"
"Grundy","0","1","Iowa","4/15/20","1","0","19075","0"
"Guthrie","0","3","Iowa","4/15/20","1","2","19077","200"
"Hamilton","0","2","Iowa","4/15/20","2","0","19079","0"
"Hancock","0","3","Iowa","4/15/20","3","0","19081","0"
"Hardin","0","1","Iowa","4/15/20","1","0","19083","0"
"Harrison","0","12","Iowa","4/15/20","11","1","19085","9.09"
"Henry","1","22","Iowa","4/15/20","15","7","19087","46.67"
"Howard","0","1","Iowa","4/15/20","1","0","19089","0"
"Iowa","0","7","Iowa","4/15/20","6","1","19095","16.67"
"Jackson","0","4","Iowa","4/15/20","4","0","19097","0"
"Jasper","1","17","Iowa","4/15/20","8","9","19099","112.5"
"Jefferson","0","4","Iowa","4/15/20","3","1","19101","33.33"
"Johnson","11","226","Iowa","4/15/20","147","79","19103","53.74"
"Jones","1","11","Iowa","4/15/20","6","5","19105","83.33"
"Keokuk","0","2","Iowa","4/15/20","2","0","19107","0"
"Kossuth","0","1","Iowa","4/15/20","1","0","19109","0"
"Lee","0","2","Iowa","4/15/20","1","1","19111","100"
"Linn","11","276","Iowa","4/15/20","197","79","19113","40.1"
"Louisa","19","166","Iowa","4/15/20","30","136","19115","453.33"
"Lyon","0","4","Iowa","4/15/20","2","2","19119","100"
"Madison","0","3","Iowa","4/15/20","1","2","19121","200"
"Mahaska","0","7","Iowa","4/15/20","4","3","19123","75"
"Marion","0","3","Iowa","4/15/20","2","1","19125","50"
"Marshall","4","44","Iowa","4/15/20","15","29","19127","193.33"
"Mills","0","2","Iowa","4/15/20","1","1","19129","100"
"Mitchell","0","2","Iowa","4/15/20","2","0","19131","0"
"Monona","0","6","Iowa","4/15/20","6","0","19133","0"
"Montgomery","0","1","Iowa","4/15/20","1","0","19137","0"
"Muscatine","10","133","Iowa","4/15/20","61","72","19139","118.03"
"O'Brien","0","3","Iowa","4/15/20","3","0","19141","0"
"Osceola","0","2","Iowa","4/15/20","0","2","19143","1"
"Page","0","3","Iowa","4/15/20","3","0","19145","0"
"Plymouth","0","4","Iowa","4/15/20","4","0","19149","0"
"Polk","13","224","Iowa","4/15/20","134","90","19153","67.16"
"Pottawattamie","0","14","Iowa","4/15/20","11","3","19155","27.27"
"Poweshiek","0","6","Iowa","4/15/20","6","0","19157","0"
"Scott","7","129","Iowa","4/15/20","77","52","19163","67.53"
"Shelby","0","7","Iowa","4/15/20","6","1","19165","16.67"
"Sioux","0","7","Iowa","4/15/20","7","0","19167","0"
"Story","1","11","Iowa","4/15/20","6","5","19169","83.33"
"Tama","9","111","Iowa","4/15/20","46","65","19171","141.3"
"Taylor","0","1","Iowa","4/15/20","1","0","19173","0"
"Union","0","1","Iowa","4/15/20","0","1","19175","1"
"Van Buren","0","8","Iowa","4/15/20","6","2","19177","33.33"
"Wapello","1","7","Iowa","4/15/20","2","5","19179","250"
"Warren","0","16","Iowa","4/15/20","13","3","19181","23.08"
"Washington","6","101","Iowa","4/15/20","62","39","19183","62.9"
"Webster","0","2","Iowa","4/15/20","2","0","19187","0"
"Winnebago","0","2","Iowa","4/15/20","1","1","19189","100"
"Winneshiek","0","5","Iowa","4/15/20","4","1","19191","25"
"Woodbury","1","21","Iowa","4/15/20","11","10","19193","90.91"
"Worth","0","1","Iowa","4/15/20","1","0","19195","0"
"Wright","0","1","Iowa","4/15/20","1","0","19197","0"
"Atchison","0","3","Kansas","4/15/20","2","1","20005","50"
"Barber","0","1","Kansas","4/15/20","1","0","20007","0"
"Barton","0","5","Kansas","4/15/20","4","1","20009","25"
"Bourbon","0","7","Kansas","4/15/20","7","0","20011","0"
"Butler","0","10","Kansas","4/15/20","8","2","20015","25"
"Chautauqua","0","3","Kansas","4/15/20","3","0","20019","0"
"Cherokee","0","7","Kansas","4/15/20","5","2","20021","40"
"Clay","0","1","Kansas","4/15/20","1","0","20027","0"
"Cloud","0","3","Kansas","4/15/20","3","0","20029","0"
"Coffey","1","45","Kansas","4/15/20","35","10","20031","28.57"
"Cowley","0","1","Kansas","4/15/20","1","0","20035","0"
"Crawford","0","6","Kansas","4/15/20","4","2","20037","50"
"Dickinson","0","1","Kansas","4/15/20","0","1","20041","1"
"Doniphan","0","1","Kansas","4/15/20","1","0","20043","0"
"Douglas","0","41","Kansas","4/15/20","38","3","20045","7.89"
"Ellis","1","4","Kansas","4/15/20","0","4","20051","1"
"Finney","1","18","Kansas","4/15/20","11","7","20055","63.64"
"Ford","4","32","Kansas","4/15/20","2","30","20057","1500"
"Franklin","0","12","Kansas","4/15/20","10","2","20059","20"
"Geary","1","9","Kansas","4/15/20","4","5","20061","125"
"Gove","0","1","Kansas","4/15/20","1","0","20063","0"
"Greenwood","0","1","Kansas","4/15/20","1","0","20073","0"
"Hamilton","0","1","Kansas","4/15/20","0","1","20075","1"
"Harvey","0","5","Kansas","4/15/20","4","1","20079","25"
"Jackson","0","1","Kansas","4/15/20","1","0","20085","0"
"Jefferson","0","5","Kansas","4/15/20","5","0","20087","0"
"Jewell","0","3","Kansas","4/15/20","2","1","20089","50"
"Johnson","13","334","Kansas","4/15/20","244","90","20091","36.89"
"Labette","2","20","Kansas","4/15/20","9","11","20099","122.22"
"Leavenworth","5","95","Kansas","4/15/20","59","36","20103","61.02"
"Linn","0","6","Kansas","4/15/20","5","1","20107","20"
"Lyon","1","32","Kansas","4/15/20","26","6","20111","23.08"
"Marion","0","5","Kansas","4/15/20","3","2","20115","66.67"
"McPherson","0","14","Kansas","4/15/20","11","3","20113","27.27"
"Miami","0","4","Kansas","4/15/20","2","2","20121","100"
"Mitchell","0","2","Kansas","4/15/20","2","0","20123","0"
"Montgomery","0","11","Kansas","4/15/20","11","0","20125","0"
"Morris","0","2","Kansas","4/15/20","2","0","20127","0"
"Morton","0","1","Kansas","4/15/20","1","0","20129","0"
"Neosho","0","2","Kansas","4/15/20","1","1","20133","100"
"Osage","0","4","Kansas","4/15/20","3","1","20139","33.33"
"Osborne","0","2","Kansas","4/15/20","2","0","20141","0"
"Ottawa","0","3","Kansas","4/15/20","3","0","20143","0"
"Phillips","0","1","Kansas","4/15/20","0","1","20147","1"
"Pottawatomie","0","5","Kansas","4/15/20","5","0","20149","0"
"Pratt","0","1","Kansas","4/15/20","1","0","20151","0"
"Reno","1","14","Kansas","4/15/20","10","4","20155","40"
"Republic","0","4","Kansas","4/15/20","3","1","20157","33.33"
"Riley","1","25","Kansas","4/15/20","19","6","20161","31.58"
"Rooks","0","2","Kansas","4/15/20","2","0","20163","0"
"Saline","1","13","Kansas","4/15/20","7","6","20169","85.71"
"Scott","0","1","Kansas","4/15/20","1","0","20171","0"
"Sedgwick","8","209","Kansas","4/15/20","154","55","20173","35.71"
"Seward","1","7","Kansas","4/15/20","3","4","20175","133.33"
"Shawnee","5","82","Kansas","4/15/20","50","32","20177","64"
"Smith","0","1","Kansas","4/15/20","0","1","20183","1"
"Stafford","0","1","Kansas","4/15/20","1","0","20185","0"
"Stanton","0","2","Kansas","4/15/20","0","2","20187","1"
"Stevens","0","2","Kansas","4/15/20","1","1","20189","100"
"Sumner","0","2","Kansas","4/15/20","2","0","20191","0"
"Wabaunsee","0","1","Kansas","4/15/20","1","0","20197","0"
"Woodson","0","4","Kansas","4/15/20","3","1","20207","33.33"
"Wyandotte","17","363","Kansas","4/15/20","245","118","20209","48.16"
"Adair","6","43","Kentucky","4/15/20","3","40","21001","1333.33"
"Allen","0","2","Kentucky","4/15/20","2","0","21003","0"
"Anderson","0","4","Kentucky","4/15/20","3","1","21005","33.33"
"Ballard","0","2","Kentucky","4/15/20","0","2","21007","1"
"Barren","1","5","Kentucky","4/15/20","1","4","21009","400"
"Bath","0","3","Kentucky","4/15/20","1","2","21011","200"
"Boone","5","56","Kentucky","4/15/20","21","35","21015","166.67"
"Bourbon","0","4","Kentucky","4/15/20","4","0","21017","0"
"Boyd","1","24","Kentucky","4/15/20","15","9","21019","60"
"Boyle","1","12","Kentucky","4/15/20","7","5","21021","71.43"
"Bracken","1","5","Kentucky","4/15/20","1","4","21023","400"
"Breathitt","0","1","Kentucky","4/15/20","1","0","21025","0"
"Breckinridge","0","3","Kentucky","4/15/20","2","1","21027","50"
"Bullitt","3","30","Kentucky","4/15/20","11","19","21029","172.73"
"Butler","3","24","Kentucky","4/15/20","1","23","21031","2300"
"Caldwell","1","10","Kentucky","4/15/20","2","8","21033","400"
"Calloway","1","15","Kentucky","4/15/20","5","10","21035","200"
"Campbell","5","47","Kentucky","4/15/20","13","34","21037","261.54"
"Carroll","0","2","Kentucky","4/15/20","2","0","21041","0"
"Carter","0","3","Kentucky","4/15/20","1","2","21043","200"
"Casey","0","1","Kentucky","4/15/20","0","1","21045","1"
"Christian","6","71","Kentucky","4/15/20","32","39","21047","121.88"
"Clark","1","18","Kentucky","4/15/20","11","7","21049","63.64"
"Clinton","0","2","Kentucky","4/15/20","1","1","21053","100"
"Crittenden","0","3","Kentucky","4/15/20","2","1","21055","50"
"Cumberland","0","2","Kentucky","4/15/20","1","1","21057","100"
"Daviess","4","89","Kentucky","4/15/20","58","31","21059","53.45"
"Edmonson","0","7","Kentucky","4/15/20","5","2","21061","40"
"Fayette","12","206","Kentucky","4/15/20","123","83","21067","67.48"
"Fleming","0","2","Kentucky","4/15/20","0","2","21069","1"
"Franklin","1","11","Kentucky","4/15/20","7","4","21073","57.14"
"Gallatin","0","1","Kentucky","4/15/20","0","1","21077","1"
"Garrard","0","1","Kentucky","4/15/20","0","1","21079","1"
"Grant","2","14","Kentucky","4/15/20","2","12","21081","600"
"Graves","2","16","Kentucky","4/15/20","2","14","21083","700"
"Grayson","0","5","Kentucky","4/15/20","2","3","21085","150"
"Green","0","1","Kentucky","4/15/20","0","1","21087","1"
"Greenup","1","7","Kentucky","4/15/20","2","5","21089","250"
"Hancock","0","1","Kentucky","4/15/20","1","0","21091","0"
"Hardin","2","25","Kentucky","4/15/20","9","16","21093","177.78"
"Harrison","0","14","Kentucky","4/15/20","12","2","21097","16.67"
"Hart","0","1","Kentucky","4/15/20","0","1","21099","1"
"Henderson","2","20","Kentucky","4/15/20","6","14","21101","233.33"
"Henry","0","3","Kentucky","4/15/20","2","1","21103","50"
"Hopkins","8","91","Kentucky","4/15/20","36","55","21107","152.78"
"Jackson","3","23","Kentucky","4/15/20","0","23","21109","1"
"Jefferson","36","573","Kentucky","4/15/20","319","254","21111","79.62"
"Jessamine","2","29","Kentucky","4/15/20","16","13","21113","81.25"
"Johnson","0","1","Kentucky","4/15/20","1","0","21115","0"
"Kenton","10","106","Kentucky","4/15/20","36","70","21117","194.44"
"Knott","0","1","Kentucky","4/15/20","0","1","21119","1"
"Knox","0","1","Kentucky","4/15/20","0","1","21121","1"
"Larue","0","4","Kentucky","4/15/20","3","1","21123","33.33"
"Laurel","1","11","Kentucky","4/15/20","2","9","21125","450"
"Lawrence","0","1","Kentucky","4/15/20","1","0","21127","0"
"Leslie","0","2","Kentucky","4/15/20","1","1","21131","100"
"Letcher","0","1","Kentucky","4/15/20","0","1","21133","1"
"Lewis","0","2","Kentucky","4/15/20","2","0","21135","0"
"Lincoln","0","1","Kentucky","4/15/20","0","1","21137","1"
"Livingston","0","1","Kentucky","4/15/20","0","1","21139","1"
"Logan","1","10","Kentucky","4/15/20","4","6","21141","150"
"Lyon","1","13","Kentucky","4/15/20","4","9","21143","225"
"Madison","1","21","Kentucky","4/15/20","12","9","21151","75"
"Marion","1","11","Kentucky","4/15/20","3","8","21155","266.67"
"Marshall","1","12","Kentucky","4/15/20","5","7","21157","140"
"Martin","0","1","Kentucky","4/15/20","1","0","21159","0"
"Mason","1","6","Kentucky","4/15/20","2","4","21161","200"
"McCracken","2","24","Kentucky","4/15/20","13","11","21145","84.62"
"McCreary","1","9","Kentucky","4/15/20","1","8","21147","800"
"McLean","1","6","Kentucky","4/15/20","1","5","21149","500"
"Meade","0","2","Kentucky","4/15/20","2","0","21163","0"
"Menifee","0","3","Kentucky","4/15/20","3","0","21165","0"
"Mercer","1","9","Kentucky","4/15/20","4","5","21167","125"
"Monroe","0","3","Kentucky","4/15/20","0","3","21171","1"
"Montgomery","0","8","Kentucky","4/15/20","6","2","21173","33.33"
"Morgan","0","1","Kentucky","4/15/20","0","1","21175","1"
"Muhlenberg","3","47","Kentucky","4/15/20","27","20","21177","74.07"
"Nelson","1","13","Kentucky","4/15/20","4","9","21179","225"
"Nicholas","0","1","Kentucky","4/15/20","1","0","21181","0"
"Ohio","1","7","Kentucky","4/15/20","1","6","21183","600"
"Oldham","2","19","Kentucky","4/15/20","8","11","21185","137.5"
"Owsley","0","2","Kentucky","4/15/20","0","2","21189","1"
"Pendleton","0","3","Kentucky","4/15/20","2","1","21191","50"
"Perry","0","4","Kentucky","4/15/20","3","1","21193","33.33"
"Pike","1","5","Kentucky","4/15/20","1","4","21195","400"
"Powell","0","1","Kentucky","4/15/20","1","0","21197","0"
"Pulaski","3","31","Kentucky","4/15/20","13","18","21199","138.46"
"Rockcastle","1","9","Kentucky","4/15/20","4","5","21203","125"
"Rowan","0","1","Kentucky","4/15/20","0","1","21205","1"
"Russell","1","8","Kentucky","4/15/20","1","7","21207","700"
"Scott","1","21","Kentucky","4/15/20","14","7","21209","50"
"Shelby","2","19","Kentucky","4/15/20","8","11","21211","137.5"
"Simpson","1","17","Kentucky","4/15/20","13","4","21213","30.77"
"Spencer","1","9","Kentucky","4/15/20","2","7","21215","350"
"Taylor","0","4","Kentucky","4/15/20","2","2","21217","100"
"Todd","1","8","Kentucky","4/15/20","0","8","21219","1"
"Trigg","1","4","Kentucky","4/15/20","0","4","21221","1"
"Trimble","0","1","Kentucky","4/15/20","0","1","21223","1"
"Union","0","5","Kentucky","4/15/20","2","3","21225","150"
"Warren","4","52","Kentucky","4/15/20","21","31","21227","147.62"
"Washington","0","3","Kentucky","4/15/20","2","1","21229","50"
"Wayne","0","5","Kentucky","4/15/20","4","1","21231","25"
"Webster","1","9","Kentucky","4/15/20","3","6","21233","200"
"Whitley","1","5","Kentucky","4/15/20","0","5","21235","1"
"Woodford","1","16","Kentucky","4/15/20","8","8","21239","100"
"Acadia","3","105","Louisiana","4/15/20","86","19","22001","22.09"
"Allen","1","74","Louisiana","4/15/20","65","9","22003","13.85"
"Ascension","11","440","Louisiana","4/15/20","366","74","22005","20.22"
"Assumption","6","129","Louisiana","4/15/20","89","40","22007","44.94"
"Avoyelles","2","64","Louisiana","4/15/20","48","16","22009","33.33"
"Beauregard","1","30","Louisiana","4/15/20","23","7","22011","30.43"
"Bienville","4","42","Louisiana","4/15/20","17","25","22013","147.06"
"Bossier","7","211","Louisiana","4/15/20","159","52","22015","32.7"
"Caddo","45","1118","Louisiana","4/15/20","803","315","22017","39.23"
"Calcasieu","13","282","Louisiana","4/15/20","191","91","22019","47.64"
"Caldwell","1","18","Louisiana","4/15/20","14","4","22021","28.57"
"Cameron","0","2","Louisiana","4/15/20","1","1","22023","100"
"Catahoula","1","22","Louisiana","4/15/20","14","8","22025","57.14"
"Claiborne","2","44","Louisiana","4/15/20","33","11","22027","33.33"
"Concordia","1","21","Louisiana","4/15/20","12","9","22029","75"
"De Soto","6","134","Louisiana","4/15/20","91","43","22031","47.25"
"East Baton Rouge","56","1325","Louisiana","4/15/20","935","390","22033","41.71"
"East Carroll","0","1","Louisiana","4/15/20","1","0","22035","0"
"East Feliciana","6","81","Louisiana","4/15/20","39","42","22037","107.69"
"Evangeline","2","40","Louisiana","4/15/20","25","15","22039","60"
"Franklin","3","53","Louisiana","4/15/20","30","23","22041","76.67"
"Grant","0","12","Louisiana","4/15/20","10","2","22043","20"
"Iberia","9","159","Louisiana","4/15/20","97","62","22045","63.92"
"Iberville","12","256","Louisiana","4/15/20","171","85","22047","49.71"
"Jackson","1","11","Louisiana","4/15/20","5","6","22049","120"
"Jefferson","168","5265","Louisiana","4/15/20","4092","1173","22051","28.67"
"Jefferson Davis","3","48","Louisiana","4/15/20","28","20","22053","71.43"
"Lafayette","13","375","Louisiana","4/15/20","285","90","22055","31.58"
"Lafourche","21","499","Louisiana","4/15/20","355","144","22057","40.56"
"LaSalle","1","13","Louisiana","4/15/20","8","5","22059","62.5"
"Lincoln","2","41","Louisiana","4/15/20","24","17","22061","70.83"
"Livingston","5","133","Louisiana","4/15/20","99","34","22063","34.34"
"Madison","0","2","Louisiana","4/15/20","2","0","22065","0"
"Morehouse","1","32","Louisiana","4/15/20","23","9","22067","39.13"
"Natchitoches","2","42","Louisiana","4/15/20","25","17","22069","68"
"Orleans","100","5769","Louisiana","4/15/20","5070","699","22071","13.79"
"Ouachita","19","411","Louisiana","4/15/20","275","136","22073","49.45"
"Plaquemines","3","147","Louisiana","4/15/20","123","24","22075","19.51"
"Pointe Coupee","4","53","Louisiana","4/15/20","27","26","22077","96.3"
"Rapides","6","179","Louisiana","4/15/20","135","44","22079","32.59"
"Red River","1","13","Louisiana","4/15/20","3","10","22081","333.33"
"Richland","1","21","Louisiana","4/15/20","13","8","22083","61.54"
"Sabine","0","10","Louisiana","4/15/20","7","3","22085","42.86"
"St. Bernard","11","383","Louisiana","4/15/20","304","79","22087","25.99"
"St. Charles","21","476","Louisiana","4/15/20","328","148","22089","45.12"
"St. Helena","1","14","Louisiana","4/15/20","10","4","22091","40"
"St. James","4","210","Louisiana","4/15/20","181","29","22093","16.02"
"St. John the Baptist","20","569","Louisiana","4/15/20","432","137","22095","31.71"
"St. Landry","4","116","Louisiana","4/15/20","86","30","22097","34.88"
"St. Martin","9","174","Louisiana","4/15/20","112","62","22099","55.36"
"St. Mary","7","130","Louisiana","4/15/20","81","49","22101","60.49"
"St. Tammany","27","924","Louisiana","4/15/20","733","191","22103","26.06"
"Tangipahoa","21","418","Louisiana","4/15/20","269","149","22105","55.39"
"Tensas","0","1","Louisiana","4/15/20","0","1","22107","1"
"Terrebonne","9","273","Louisiana","4/15/20","209","64","22109","30.62"
"Union","3","56","Louisiana","4/15/20","35","21","22111","60"
"Vermilion","1","27","Louisiana","4/15/20","22","5","22113","22.73"
"Vernon","0","14","Louisiana","4/15/20","11","3","22115","27.27"
"Washington","10","173","Louisiana","4/15/20","106","67","22117","63.21"
"Webster","3","69","Louisiana","4/15/20","51","18","22119","35.29"
"West Baton Rouge","3","78","Louisiana","4/15/20","54","24","22121","44.44"
"West Carroll","0","4","Louisiana","4/15/20","1","3","22123","300"
"West Feliciana","2","47","Louisiana","4/15/20","32","15","22125","46.88"
"Winn","1","12","Louisiana","4/15/20","5","7","22127","140"
"Androscoggin","1","31","Maine","4/15/20","23","8","23001","34.78"
"Aroostook","0","2","Maine","4/15/20","2","0","23003","0"
"Cumberland","11","339","Maine","4/15/20","262","77","23005","29.39"
"Franklin","1","9","Maine","4/15/20","5","4","23007","80"
"Hancock","0","5","Maine","4/15/20","3","2","23009","66.67"
"Kennebec","10","93","Maine","4/15/20","26","67","23011","257.69"
"Knox","0","12","Maine","4/15/20","9","3","23013","33.33"
"Lincoln","0","12","Maine","4/15/20","9","3","23015","33.33"
"Oxford","0","13","Maine","4/15/20","12","1","23017","8.33"
"Penobscot","1","36","Maine","4/15/20","31","5","23019","16.13"
"Sagadahoc","0","15","Maine","4/15/20","13","2","23023","15.38"
"Somerset","1","13","Maine","4/15/20","5","8","23025","160"
"Waldo","3","30","Maine","4/15/20","7","23","23027","328.57"
"Washington","0","2","Maine","4/15/20","1","1","23029","100"
"York","5","156","Maine","4/15/20","121","35","23031","28.93"
"Allegany","2","17","Maryland","4/15/20","6","11","24001","183.33"
"Anne Arundel","54","845","Maryland","4/15/20","466","379","24003","81.33"
"Baltimore","88","1485","Maryland","4/15/20","866","619","24005","71.48"
"Baltimore City","70","1060","Maryland","4/15/20","571","489","24510","85.64"
"Calvert","7","102","Maryland","4/15/20","56","46","24009","82.14"
"Caroline","2","22","Maryland","4/15/20","11","11","24011","100"
"Carroll","11","262","Maryland","4/15/20","186","76","24013","40.86"
"Cecil","6","90","Maryland","4/15/20","49","41","24015","83.67"
"Charles","21","310","Maryland","4/15/20","164","146","24017","89.02"
"Dorchester","2","16","Maryland","4/15/20","4","12","24019","300"
"Frederick","35","442","Maryland","4/15/20","199","243","24021","122.11"
"Garrett","0","4","Maryland","4/15/20","5","-1","24023","-20"
"Harford","9","152","Maryland","4/15/20","86","66","24025","76.74"
"Howard","21","424","Maryland","4/15/20","274","150","24027","54.74"
"Kent","0","11","Maryland","4/15/20","9","2","24029","22.22"
"Montgomery","121","1933","Maryland","4/15/20","1088","845","24031","77.67"
"Prince George's","172","2516","Maryland","4/15/20","1310","1206","24033","92.06"
"Queen Anne's","0","19","Maryland","4/15/20","16","3","24035","18.75"
"Somerset","0","5","Maryland","4/15/20","4","1","24039","25"
"St. Mary's","5","99","Maryland","4/15/20","62","37","24037","59.68"
"Talbot","1","14","Maryland","4/15/20","10","4","24041","40"
"Washington","7","106","Maryland","4/15/20","57","49","24043","85.96"
"Wicomico","8","76","Maryland","4/15/20","20","56","24045","280"
"Worcester","2","22","Maryland","4/15/20","10","12","24047","120"
"Barnstable","15","530","Massachusetts","4/15/20","423","107","25001","25.3"
"Berkshire","13","370","Massachusetts","4/15/20","281","89","25003","31.67"
"Bristol","96","1508","Massachusetts","4/15/20","835","673","25005","80.6"
"Dukes and Nantucket","1","21","Massachusetts","4/15/20","17","4","00000","23.53"
"Essex","256","3894","Massachusetts","4/15/20","2103","1791","25009","85.16"
"Franklin","6","160","Massachusetts","4/15/20","117","43","25011","36.75"
"Hampden","115","1885","Massachusetts","4/15/20","1081","804","25013","74.38"
"Hampshire","11","239","Massachusetts","4/15/20","164","75","25015","45.73"
"Middlesex","448","6681","Massachusetts","4/15/20","3545","3136","25017","88.46"
"Norfolk","192","3122","Massachusetts","4/15/20","1778","1344","25021","75.59"
"Plymouth","140","2308","Massachusetts","4/15/20","1327","981","25023","73.93"
"Suffolk","383","6279","Massachusetts","4/15/20","3600","2679","25025","74.42"
"Worcester","151","2350","Massachusetts","4/15/20","1296","1054","25027","81.33"
"Alcona","0","2","Michigan","4/15/20","0","2","26001","1"
"Allegan","3","42","Michigan","4/15/20","21","21","26005","100"
"Alpena","0","1","Michigan","4/15/20","0","1","26007","1"
"Antrim","0","10","Michigan","4/15/20","7","3","26009","42.86"
"Arenac","1","9","Michigan","4/15/20","4","5","26011","125"
"Barry","2","21","Michigan","4/15/20","9","12","26015","133.33"
"Bay","4","73","Michigan","4/15/20","43","30","26017","69.77"
"Berrien","11","216","Michigan","4/15/20","138","78","26021","56.52"
"Branch","2","33","Michigan","4/15/20","20","13","26023","65"
"Calhoun","8","118","Michigan","4/15/20","59","59","26025","100"
"Cass","2","26","Michigan","4/15/20","13","13","26027","100"
"Charlevoix","0","11","Michigan","4/15/20","8","3","26029","37.5"
"Cheboygan","1","16","Michigan","4/15/20","11","5","26031","45.45"
"Chippewa","0","1","Michigan","4/15/20","1","0","26033","0"
"Clare","0","5","Michigan","4/15/20","2","3","26035","150"
"Clinton","3","105","Michigan","4/15/20","86","19","26037","22.09"
"Crawford","2","18","Michigan","4/15/20","6","12","26039","200"
"Delta","0","10","Michigan","4/15/20","9","1","26041","11.11"
"Dickinson","0","3","Michigan","4/15/20","2","1","26043","50"
"Eaton","2","82","Michigan","4/15/20","70","12","26045","17.14"
"Emmet","1","25","Michigan","4/15/20","16","9","26047","56.25"
"Federal Correctional Institution (FCI)","5","36","Michigan","4/15/20","0","36","00000","1"
"Genesee","55","1114","Michigan","4/15/20","731","383","26049","52.39"
"Gladwin","0","6","Michigan","4/15/20","4","2","26051","50"
"Gogebic","0","4","Michigan","4/15/20","3","1","26053","33.33"
"Grand Traverse","0","18","Michigan","4/15/20","16","2","26055","12.5"
"Gratiot","0","8","Michigan","4/15/20","6","2","26057","33.33"
"Hillsdale","3","83","Michigan","4/15/20","63","20","26059","31.75"
"Houghton","0","2","Michigan","4/15/20","1","1","26061","100"
"Huron","1","13","Michigan","4/15/20","6","7","26063","116.67"
"Ingham","9","280","Michigan","4/15/20","214","66","26065","30.84"
"Ionia","1","19","Michigan","4/15/20","11","8","26067","72.73"
"Iosco","0","6","Michigan","4/15/20","5","1","26069","20"
"Isabella","4","56","Michigan","4/15/20","30","26","26073","86.67"
"Jackson","10","208","Michigan","4/15/20","137","71","26075","51.82"
"Kalamazoo","6","117","Michigan","4/15/20","76","41","26077","53.95"
"Kalkaska","2","24","Michigan","4/15/20","11","13","26079","118.18"
"Kent","26","397","Michigan","4/15/20","218","179","26081","82.11"
"Lake","0","3","Michigan","4/15/20","0","3","26085","1"
"Lapeer","9","133","Michigan","4/15/20","69","64","26087","92.75"
"Leelanau","0","5","Michigan","4/15/20","4","1","26089","25"
"Lenawee","4","69","Michigan","4/15/20","39","30","26091","76.92"
"Livingston","13","296","Michigan","4/15/20","208","88","26093","42.31"
"Luce","0","1","Michigan","4/15/20","1","0","26095","0"
"Mackinac","0","4","Michigan","4/15/20","3","1","26097","33.33"
"Macomb","167","3797","Michigan","4/15/20","2631","1166","26099","44.32"
"Manistee","0","11","Michigan","4/15/20","10","1","26101","10"
"Marquette","1","27","Michigan","4/15/20","18","9","26103","50"
"Mason","0","4","Michigan","4/15/20","2","2","26105","100"
"Mecosta","0","12","Michigan","4/15/20","9","3","26107","33.33"
"Menominee","0","1","Michigan","4/15/20","0","1","26109","1"
"Michigan Department of Corrections (MDOC)","67","472","Michigan","4/15/20","0","472","00000","1"
"Midland","2","52","Michigan","4/15/20","35","17","26111","48.57"
"Missaukee","0","2","Michigan","4/15/20","1","1","26113","100"
"Monroe","9","213","Michigan","4/15/20","152","61","26115","40.13"
"Montcalm","1","24","Michigan","4/15/20","19","5","26117","26.32"
"Montmorency","0","1","Michigan","4/15/20","0","1","26119","1"
"Muskegon","7","93","Michigan","4/15/20","42","51","26121","121.43"
"Newaygo","1","9","Michigan","4/15/20","3","6","26123","200"
"Oakland","237","5957","Michigan","4/15/20","4299","1658","26125","38.57"
"Oceana","0","3","Michigan","4/15/20","3","0","26127","0"
"Ogemaw","0","5","Michigan","4/15/20","4","1","26129","25"
"Osceola","0","7","Michigan","4/15/20","5","2","26133","40"
"Oscoda","0","4","Michigan","4/15/20","2","2","26135","100"
"Otsego","2","42","Michigan","4/15/20","31","11","26137","35.48"
"Ottawa","5","106","Michigan","4/15/20","74","32","26139","43.24"
"Out of MI","6","166","Michigan","4/15/20","126","40","80026","31.75"
"Presque Isle","0","2","Michigan","4/15/20","1","1","26141","100"
"Roscommon","1","10","Michigan","4/15/20","6","4","26143","66.67"
"Saginaw","18","314","Michigan","4/15/20","186","128","26145","68.82"
"Sanilac","1","26","Michigan","4/15/20","22","4","26151","18.18"
"Schoolcraft","0","3","Michigan","4/15/20","1","2","26153","200"
"Shiawassee","6","73","Michigan","4/15/20","30","43","26155","143.33"
"St. Clair","13","254","Michigan","4/15/20","160","94","26147","58.75"
"St. Joseph","1","22","Michigan","4/15/20","16","6","26149","37.5"
"Tuscola","3","49","Michigan","4/15/20","28","21","26157","75"
"Van Buren","2","37","Michigan","4/15/20","26","11","26159","42.31"
"Washtenaw","30","887","Michigan","4/15/20","674","213","26161","31.6"
"Wayne","420","12645","Michigan","4/15/20","9707","2938","26163","30.27"
"Wexford","0","9","Michigan","4/15/20","8","1","26165","12.5"
"Anoka","4","76","Minnesota","4/15/20","46","30","27003","65.22"
"Becker","0","1","Minnesota","4/15/20","0","1","27005","1"
"Beltrami","0","5","Minnesota","4/15/20","6","-1","27007","-16.67"
"Benton","0","1","Minnesota","4/15/20","1","0","27009","0"
"Big Stone","0","1","Minnesota","4/15/20","1","0","27011","0"
"Blue Earth","0","23","Minnesota","4/15/20","21","2","27013","9.52"
"Brown","0","7","Minnesota","4/15/20","7","0","27015","0"
"Carlton","2","27","Minnesota","4/15/20","14","13","27017","92.86"
"Carver","1","14","Minnesota","4/15/20","10","4","27019","40"
"Cass","0","4","Minnesota","4/15/20","3","1","27021","33.33"
"Chisago","0","7","Minnesota","4/15/20","5","2","27025","40"
"Clay","3","43","Minnesota","4/15/20","20","23","27027","115"
"Clearwater","0","3","Minnesota","4/15/20","2","1","27029","50"
"Cottonwood","0","6","Minnesota","4/15/20","5","1","27033","20"
"Crow Wing","1","17","Minnesota","4/15/20","10","7","27035","70"
"Dakota","4","103","Minnesota","4/15/20","75","28","27037","37.33"
"Dodge","0","16","Minnesota","4/15/20","13","3","27039","23.08"
"Douglas","0","1","Minnesota","4/15/20","1","0","27041","0"
"Faribault","0","4","Minnesota","4/15/20","3","1","27043","33.33"
"Fillmore","0","10","Minnesota","4/15/20","10","0","27045","0"
"Freeborn","1","27","Minnesota","4/15/20","17","10","27047","58.82"
"Goodhue","1","17","Minnesota","4/15/20","13","4","27049","30.77"
"Hennepin","44","651","Minnesota","4/15/20","344","307","27053","89.24"
"Houston","0","1","Minnesota","4/15/20","1","0","27055","0"
"Isanti","0","4","Minnesota","4/15/20","4","0","27059","0"
"Itasca","0","2","Minnesota","4/15/20","2","0","27061","0"
"Jackson","0","1","Minnesota","4/15/20","1","0","27063","0"
"Kandiyohi","0","2","Minnesota","4/15/20","2","0","27067","0"
"Koochiching","0","1","Minnesota","4/15/20","1","0","27071","0"
"Lac qui Parle","0","1","Minnesota","4/15/20","1","0","27073","0"
"Le Sueur","0","21","Minnesota","4/15/20","20","1","27079","5"
"Lincoln","0","2","Minnesota","4/15/20","2","0","27081","0"
"Lyon","0","5","Minnesota","4/15/20","4","1","27083","25"
"Mahnomen","0","1","Minnesota","4/15/20","1","0","27087","0"
"Martin","1","39","Minnesota","4/15/20","34","5","27091","14.71"
"McLeod","0","2","Minnesota","4/15/20","1","1","27085","100"
"Meeker","0","3","Minnesota","4/15/20","1","2","27093","200"
"Mower","1","25","Minnesota","4/15/20","18","7","27099","38.89"
"Murray","0","1","Minnesota","4/15/20","1","0","27101","0"
"Nicollet","0","7","Minnesota","4/15/20","5","2","27103","40"
"Nobles","0","2","Minnesota","4/15/20","0","2","27105","1"
"Norman","0","1","Minnesota","4/15/20","0","1","27107","1"
"Olmsted","6","153","Minnesota","4/15/20","108","45","27109","41.67"
"Otter Tail","0","4","Minnesota","4/15/20","2","2","27111","100"
"Pine","1","6","Minnesota","4/15/20","0","6","27115","1"
"Pipestone","0","1","Minnesota","4/15/20","1","0","27117","0"
"Polk","0","1","Minnesota","4/15/20","1","0","27119","0"
"Ramsey","7","164","Minnesota","4/15/20","112","52","27123","46.43"
"Red Lake","0","1","Minnesota","4/15/20","0","1","27125","1"
"Redwood","0","1","Minnesota","4/15/20","1","0","27127","0"
"Renville","0","3","Minnesota","4/15/20","2","1","27129","50"
"Rice","0","5","Minnesota","4/15/20","4","1","27131","25"
"Rock","0","2","Minnesota","4/15/20","0","2","27133","1"
"Roseau","0","1","Minnesota","4/15/20","1","0","27135","0"
"Scott","0","20","Minnesota","4/15/20","17","3","27139","17.65"
"Sherburne","0","11","Minnesota","4/15/20","10","1","27141","10"
"Sibley","0","1","Minnesota","4/15/20","1","0","27143","0"
"St. Louis","2","43","Minnesota","4/15/20","28","15","27137","53.57"
"Stearns","0","7","Minnesota","4/15/20","7","0","27145","0"
"Steele","0","9","Minnesota","4/15/20","8","1","27147","12.5"
"Swift","0","1","Minnesota","4/15/20","1","0","27151","0"
"Todd","0","2","Minnesota","4/15/20","0","2","27153","1"
"Traverse","0","2","Minnesota","4/15/20","2","0","27155","0"
"Wabasha","0","7","Minnesota","4/15/20","6","1","27157","16.67"
"Waseca","0","3","Minnesota","4/15/20","3","0","27161","0"
"Washington","3","88","Minnesota","4/15/20","70","18","27163","25.71"
"Watonwan","0","4","Minnesota","4/15/20","4","0","27165","0"
"Wilkin","1","7","Minnesota","4/15/20","2","5","27167","250"
"Winona","5","51","Minnesota","4/15/20","19","32","27169","168.42"
"Wright","1","21","Minnesota","4/15/20","12","9","27171","75"
"Yellow Medicine","0","3","Minnesota","4/15/20","2","1","27173","50"
"Adams","6","64","Mississippi","4/15/20","25","39","28001","156"
"Alcorn","0","7","Mississippi","4/15/20","6","1","28003","16.67"
"Amite","1","15","Mississippi","4/15/20","7","8","28005","114.29"
"Attala","1","25","Mississippi","4/15/20","15","10","28007","66.67"
"Benton","0","5","Mississippi","4/15/20","5","0","28009","0"
"Bolivar","2","70","Mississippi","4/15/20","54","16","28011","29.63"
"Calhoun","2","27","Mississippi","4/15/20","13","14","28013","107.69"
"Carroll","0","9","Mississippi","4/15/20","7","2","28015","28.57"
"Chickasaw","2","33","Mississippi","4/15/20","17","16","28017","94.12"
"Choctaw","0","11","Mississippi","4/15/20","9","2","28019","22.22"
"Claiborne","1","8","Mississippi","4/15/20","3","5","28021","166.67"
"Clarke","1","19","Mississippi","4/15/20","10","9","28023","90"
"Clay","1","21","Mississippi","4/15/20","11","10","28025","90.91"
"Coahoma","2","43","Mississippi","4/15/20","32","11","28027","34.38"
"Copiah","2","35","Mississippi","4/15/20","19","16","28029","84.21"
"Covington","2","19","Mississippi","4/15/20","7","12","28031","171.43"
"DeSoto","8","199","Mississippi","4/15/20","144","55","28033","38.19"
"Forrest","9","122","Mississippi","4/15/20","59","63","28035","106.78"
"Franklin","1","10","Mississippi","4/15/20","5","5","28037","100"
"George","0","8","Mississippi","4/15/20","5","3","28039","60"
"Greene","0","3","Mississippi","4/15/20","1","2","28041","200"
"Grenada","1","14","Mississippi","4/15/20","8","6","28043","75"
"Hancock","2","49","Mississippi","4/15/20","32","17","28045","53.12"
"Harrison","6","129","Mississippi","4/15/20","88","41","28047","46.59"
"Hinds","15","280","Mississippi","4/15/20","178","102","28049","57.3"
"Holmes","4","52","Mississippi","4/15/20","27","25","28051","92.59"
"Humphreys","1","12","Mississippi","4/15/20","6","6","28053","100"
"Itawamba","1","11","Mississippi","4/15/20","5","6","28057","120"
"Jackson","10","182","Mississippi","4/15/20","111","71","28059","63.96"
"Jasper","2","15","Mississippi","4/15/20","4","11","28061","275"
"Jefferson","0","4","Mississippi","4/15/20","4","0","28063","0"
"Jefferson Davis","1","7","Mississippi","4/15/20","0","7","28065","1"
"Jones","4","42","Mississippi","4/15/20","15","27","28067","180"
"Kemper","1","15","Mississippi","4/15/20","11","4","28069","36.36"
"Lafayette","1","36","Mississippi","4/15/20","26","10","28071","38.46"
"Lamar","4","48","Mississippi","4/15/20","19","29","28073","152.63"
"Lauderdale","12","165","Mississippi","4/15/20","84","81","28075","96.43"
"Lawrence","0","7","Mississippi","4/15/20","6","1","28077","16.67"
"Leake","4","40","Mississippi","4/15/20","15","25","28079","166.67"
"Lee","1","46","Mississippi","4/15/20","40","6","28081","15"
"Leflore","4","55","Mississippi","4/15/20","28","27","28083","96.43"
"Lincoln","8","81","Mississippi","4/15/20","26","55","28085","211.54"
"Lowndes","1","27","Mississippi","4/15/20","17","10","28087","58.82"
"Madison","4","112","Mississippi","4/15/20","83","29","28089","34.94"
"Marion","3","34","Mississippi","4/15/20","14","20","28091","142.86"
"Marshall","2","35","Mississippi","4/15/20","24","11","28093","45.83"
"Monroe","4","46","Mississippi","4/15/20","19","27","28095","142.11"
"Montgomery","0","15","Mississippi","4/15/20","12","3","28097","25"
"Neshoba","3","35","Mississippi","4/15/20","13","22","28099","169.23"
"Newton","1","14","Mississippi","4/15/20","7","7","28101","100"
"Noxubee","1","10","Mississippi","4/15/20","5","5","28103","100"
"Oktibbeha","2","41","Mississippi","4/15/20","30","11","28105","36.67"
"Panola","1","26","Mississippi","4/15/20","19","7","28107","36.84"
"Pearl River","6","102","Mississippi","4/15/20","60","42","28109","70"
"Perry","1","20","Mississippi","4/15/20","14","6","28111","42.86"
"Pike","6","72","Mississippi","4/15/20","33","39","28113","118.18"
"Pontotoc","0","15","Mississippi","4/15/20","13","2","28115","15.38"
"Prentiss","1","15","Mississippi","4/15/20","10","5","28117","50"
"Quitman","0","13","Mississippi","4/15/20","12","1","28119","8.33"
"Rankin","5","113","Mississippi","4/15/20","79","34","28121","43.04"
"Scott","6","79","Mississippi","4/15/20","34","45","28123","132.35"
"Sharkey","0","3","Mississippi","4/15/20","3","0","28125","0"
"Simpson","1","12","Mississippi","4/15/20","6","6","28127","100"
"Smith","3","36","Mississippi","4/15/20","15","21","28129","140"
"Stone","2","15","Mississippi","4/15/20","4","11","28131","275"
"Sunflower","2","42","Mississippi","4/15/20","27","15","28133","55.56"
"Tallahatchie","0","6","Mississippi","4/15/20","3","3","28135","100"
"Tate","1","26","Mississippi","4/15/20","18","8","28137","44.44"
"Tippah","1","45","Mississippi","4/15/20","37","8","28139","21.62"
"Tishomingo","0","2","Mississippi","4/15/20","1","1","28141","100"
"Tunica","1","23","Mississippi","4/15/20","17","6","28143","35.29"
"Union","0","9","Mississippi","4/15/20","6","3","28145","50"
"Walthall","1","22","Mississippi","4/15/20","15","7","28147","46.67"
"Warren","1","15","Mississippi","4/15/20","9","6","28149","66.67"
"Washington","3","62","Mississippi","4/15/20","41","21","28151","51.22"
"Wayne","1","9","Mississippi","4/15/20","5","4","28153","80"
"Webster","0","14","Mississippi","4/15/20","13","1","28155","7.69"
"Wilkinson","3","51","Mississippi","4/15/20","33","18","28157","54.55"
"Winston","1","22","Mississippi","4/15/20","16","6","28159","37.5"
"Yalobusha","0","14","Mississippi","4/15/20","11","3","28161","27.27"
"Yazoo","4","65","Mississippi","4/15/20","38","27","28163","71.05"
"Adair","0","12","Missouri","4/15/20","11","1","29001","9.09"
"Andrew","0","1","Missouri","4/15/20","0","1","29003","1"
"Atchison","0","2","Missouri","4/15/20","1","1","29005","100"
"Barry","0","2","Missouri","4/15/20","1","1","29009","100"
"Bates","0","6","Missouri","4/15/20","3","3","29013","100"
"Benton","0","3","Missouri","4/15/20","3","0","29015","0"
"Bollinger","0","3","Missouri","4/15/20","2","1","29017","50"
"Boone","1","87","Missouri","4/15/20","77","10","29019","12.99"
"Buchanan","1","22","Missouri","4/15/20","14","8","29021","57.14"
"Butler","2","16","Missouri","4/15/20","5","11","29023","220"
"Caldwell","0","1","Missouri","4/15/20","1","0","29025","0"
"Callaway","0","20","Missouri","4/15/20","19","1","29027","5.26"
"Camden","0","26","Missouri","4/15/20","24","2","29029","8.33"
"Cape Girardeau","1","30","Missouri","4/15/20","20","10","29031","50"
"Carter","0","3","Missouri","4/15/20","3","0","29035","0"
"Cass","3","45","Missouri","4/15/20","25","20","29037","80"
"Cedar","0","5","Missouri","4/15/20","7","-2","29039","-28.57"
"Chariton","0","4","Missouri","4/15/20","4","0","29041","0"
"Christian","0","19","Missouri","4/15/20","17","2","29043","11.76"
"Clark","0","1","Missouri","4/15/20","1","0","29045","0"
"Clay","2","51","Missouri","4/15/20","37","14","29047","37.84"
"Clinton","0","11","Missouri","4/15/20","8","3","29049","37.5"
"Cole","1","38","Missouri","4/15/20","32","6","29051","18.75"
"Cooper","0","4","Missouri","4/15/20","2","2","29053","100"
"Crawford","0","5","Missouri","4/15/20","3","2","29055","66.67"
"Dallas","0","2","Missouri","4/15/20","1","1","29059","100"
"DeKalb","0","3","Missouri","4/15/20","1","2","29063","200"
"Dunklin","1","17","Missouri","4/15/20","9","8","29069","88.89"
"Franklin","7","87","Missouri","4/15/20","35","52","29071","148.57"
"Gasconade","0","2","Missouri","4/15/20","2","0","29073","0"
"Gentry","0","1","Missouri","4/15/20","1","0","29075","0"
"Greene","1","80","Missouri","4/15/20","72","8","29077","11.11"
"Harrison","0","6","Missouri","4/15/20","4","2","29081","50"
"Henry","0","5","Missouri","4/15/20","2","3","29083","150"
"Howard","0","2","Missouri","4/15/20","1","1","29089","100"
"Howell","0","4","Missouri","4/15/20","4","0","29091","0"
"Iron","0","1","Missouri","4/15/20","0","1","29093","1"
"Jackson","11","237","Missouri","4/15/20","162","75","29095","46.3"
"Jasper","2","27","Missouri","4/15/20","15","12","29097","80"
"Jefferson","7","139","Missouri","4/15/20","93","46","29099","49.46"
"Johnson","2","45","Missouri","4/15/20","33","12","29101","36.36"
"Kansas City","17","351","Missouri","4/15/20","234","117","00000","50"
"Lafayette","0","28","Missouri","4/15/20","28","0","29107","0"
"Lincoln","2","35","Missouri","4/15/20","24","11","29113","45.83"
"Linn","0","5","Missouri","4/15/20","3","2","29115","66.67"
"Livingston","0","2","Missouri","4/15/20","1","1","29117","100"
"Macon","0","2","Missouri","4/15/20","2","0","29121","0"
"Madison","0","1","Missouri","4/15/20","1","0","29123","0"
"Maries","0","2","Missouri","4/15/20","2","0","29125","0"
"McDonald","0","4","Missouri","4/15/20","3","1","29119","33.33"
"Moniteau","0","4","Missouri","4/15/20","4","0","29135","0"
"Montgomery","0","6","Missouri","4/15/20","5","1","29139","20"
"Morgan","0","1","Missouri","4/15/20","1","0","29141","0"
"New Madrid","0","8","Missouri","4/15/20","5","3","29143","60"
"Newton","0","9","Missouri","4/15/20","6","3","29145","50"
"Nodaway","0","3","Missouri","4/15/20","2","1","29147","50"
"Oregon","0","1","Missouri","4/15/20","1","0","29149","0"
"Osage","0","4","Missouri","4/15/20","4","0","29151","0"
"Pemiscot","1","8","Missouri","4/15/20","3","5","29155","166.67"
"Perry","1","38","Missouri","4/15/20","31","7","29157","22.58"
"Pettis","0","3","Missouri","4/15/20","3","0","29159","0"
"Phelps","0","1","Missouri","4/15/20","1","0","29161","0"
"Pike","0","6","Missouri","4/15/20","4","2","29163","50"
"Platte","1","26","Missouri","4/15/20","18","8","29165","44.44"
"Polk","0","1","Missouri","4/15/20","1","0","29167","0"
"Pulaski","1","16","Missouri","4/15/20","12","4","29169","33.33"
"Ralls","0","1","Missouri","4/15/20","1","0","29173","0"
"Randolph","0","8","Missouri","4/15/20","7","1","29175","14.29"
"Ray","0","7","Missouri","4/15/20","7","0","29177","0"
"Reynolds","0","2","Missouri","4/15/20","2","0","29179","0"
"Ripley","0","3","Missouri","4/15/20","2","1","29181","50"
"Saline","4","35","Missouri","4/15/20","5","30","29195","600"
"Scotland","0","3","Missouri","4/15/20","1","2","29199","200"
"Scott","2","26","Missouri","4/15/20","11","15","29201","136.36"
"Shelby","0","1","Missouri","4/15/20","1","0","29205","0"
"St. Charles","18","400","Missouri","4/15/20","271","129","29183","47.6"
"St. Clair","0","2","Missouri","4/15/20","0","2","29185","1"
"St. Francois","1","23","Missouri","4/15/20","19","4","29187","21.05"
"St. Louis","83","2045","Missouri","4/15/20","1467","578","29189","39.4"
"St. Louis City","33","743","Missouri","4/15/20","514","229","29510","44.55"
"Ste. Genevieve","0","7","Missouri","4/15/20","6","1","29186","16.67"
"Stoddard","1","12","Missouri","4/15/20","8","4","29207","50"
"Stone","0","3","Missouri","4/15/20","3","0","29209","0"
"Taney","0","8","Missouri","4/15/20","7","1","29213","14.29"
"Vernon","0","3","Missouri","4/15/20","0","3","29217","1"
"Warren","1","17","Missouri","4/15/20","13","4","29219","30.77"
"Washington","0","1","Missouri","4/15/20","0","1","29221","1"
"Webster","0","5","Missouri","4/15/20","3","2","29225","66.67"
"Worth","0","1","Missouri","4/15/20","1","0","29227","0"
"Wright","0","9","Missouri","4/15/20","7","2","29229","28.57"
"Beaverhead","0","1","Montana","4/15/20","1","0","30001","0"
"Big Horn","0","2","Montana","4/15/20","0","2","30003","1"
"Broadwater","0","4","Montana","4/15/20","4","0","30007","0"
"Carbon","0","6","Montana","4/15/20","3","3","30009","100"
"Cascade","0","13","Montana","4/15/20","11","2","30013","18.18"
"Deer Lodge","0","3","Montana","4/15/20","3","0","30023","0"
"Flathead","1","37","Montana","4/15/20","31","6","30029","19.35"
"Gallatin","3","139","Montana","4/15/20","120","19","30031","15.83"
"Glacier","0","4","Montana","4/15/20","2","2","30035","100"
"Golden Valley","0","1","Montana","4/15/20","0","1","30037","1"
"Hill","0","1","Montana","4/15/20","1","0","30041","0"
"Jefferson","0","2","Montana","4/15/20","2","0","30043","0"
"Lake","0","5","Montana","4/15/20","5","0","30047","0"
"Lewis and Clark","0","16","Montana","4/15/20","16","0","30049","0"
"Liberty","0","1","Montana","4/15/20","1","0","30051","0"
"Lincoln","0","7","Montana","4/15/20","7","0","30053","0"
"Madison","0","8","Montana","4/15/20","8","0","30057","0"
"Meagher","0","1","Montana","4/15/20","1","0","30059","0"
"Missoula","1","30","Montana","4/15/20","25","5","30063","20"
"Musselshell","0","1","Montana","4/15/20","1","0","30065","0"
"Park","0","7","Montana","4/15/20","7","0","30067","0"
"Pondera","0","1","Montana","4/15/20","0","1","30073","1"
"Ravalli","0","5","Montana","4/15/20","3","2","30081","66.67"
"Richland","0","3","Montana","4/15/20","2","1","30083","50"
"Roosevelt","0","4","Montana","4/15/20","2","2","30085","100"
"Silver Bow","0","11","Montana","4/15/20","11","0","30093","0"
"Stillwater","0","1","Montana","4/15/20","0","1","30095","1"
"Toole","1","26","Montana","4/15/20","17","9","30101","52.94"
"Yellowstone","2","64","Montana","4/15/20","48","16","30111","33.33"
"Adams","5","62","Nebraska","4/15/20","27","35","31001","129.63"
"Antelope","0","1","Nebraska","4/15/20","1","0","31003","0"
"Box Butte","0","1","Nebraska","4/15/20","0","1","31013","1"
"Buffalo","1","38","Nebraska","4/15/20","28","10","31019","35.71"
"Burt","0","1","Nebraska","4/15/20","0","1","31021","1"
"Cass","0","3","Nebraska","4/15/20","3","0","31025","0"
"Cherry","0","1","Nebraska","4/15/20","1","0","31031","0"
"Cheyenne","0","2","Nebraska","4/15/20","1","1","31033","100"
"Clay","0","2","Nebraska","4/15/20","0","2","31035","1"
"Colfax","0","4","Nebraska","4/15/20","3","1","31037","33.33"
"Cuming","0","2","Nebraska","4/15/20","2","0","31039","0"
"Custer","2","19","Nebraska","4/15/20","3","16","31041","533.33"
"Dakota","0","2","Nebraska","4/15/20","0","2","31043","1"
"Dawson","2","18","Nebraska","4/15/20","1","17","31047","1700"
"Dodge","1","12","Nebraska","4/15/20","7","5","31053","71.43"
"Douglas","10","251","Nebraska","4/15/20","181","70","31055","38.67"
"Franklin","0","3","Nebraska","4/15/20","0","3","31061","1"
"Gage","0","26","Nebraska","4/15/20","23","3","31067","13.04"
"Gosper","0","1","Nebraska","4/15/20","1","0","31073","0"
"Hall","21","214","Nebraska","4/15/20","69","145","31079","210.14"
"Hamilton","1","13","Nebraska","4/15/20","7","6","31081","85.71"
"Johnson","0","1","Nebraska","4/15/20","1","0","31097","0"
"Kearney","0","3","Nebraska","4/15/20","3","0","31099","0"
"Kimball","0","9","Nebraska","4/15/20","9","0","31105","0"
"Knox","0","2","Nebraska","4/15/20","2","0","31107","0"
"Lancaster","3","57","Nebraska","4/15/20","39","18","31109","46.15"
"Lincoln","0","17","Nebraska","4/15/20","17","0","31111","0"
"Madison","0","6","Nebraska","4/15/20","5","1","31119","20"
"Merrick","0","2","Nebraska","4/15/20","2","0","31121","0"
"Nemaha","0","1","Nebraska","4/15/20","1","0","31127","0"
"Otoe","0","1","Nebraska","4/15/20","1","0","31131","0"
"Phelps","0","1","Nebraska","4/15/20","1","0","31137","0"
"Pierce","0","1","Nebraska","4/15/20","0","1","31139","1"
"Platte","0","6","Nebraska","4/15/20","5","1","31141","20"
"Polk","0","2","Nebraska","4/15/20","0","2","31143","1"
"Saline","0","1","Nebraska","4/15/20","0","1","31151","1"
"Sarpy","1","46","Nebraska","4/15/20","37","9","31153","24.32"
"Saunders","0","6","Nebraska","4/15/20","4","2","31155","50"
"Scotts Bluff","1","14","Nebraska","4/15/20","10","4","31157","40"
"Seward","0","1","Nebraska","4/15/20","1","0","31159","0"
"Stanton","0","1","Nebraska","4/15/20","1","0","31167","0"
"Washington","0","22","Nebraska","4/15/20","20","2","31177","10"
"Wayne","0","1","Nebraska","4/15/20","0","1","31179","1"
"Webster","0","1","Nebraska","4/15/20","0","1","31181","1"
"York","0","4","Nebraska","4/15/20","2","2","31185","100"
"Carson City","2","25","Nevada","4/15/20","13","12","32510","92.31"
"Clark","97","2559","Nevada","4/15/20","1878","681","32003","36.26"
"Douglas","1","13","Nevada","4/15/20","8","5","32005","62.5"
"Elko","0","11","Nevada","4/15/20","8","3","32007","37.5"
"Humboldt","1","20","Nevada","4/15/20","14","6","32013","42.86"
"Lincoln","0","1","Nevada","4/15/20","0","1","32017","1"
"Lyon","1","10","Nevada","4/15/20","4","6","32019","150"
"Nye","1","15","Nevada","4/15/20","7","8","32023","114.29"
"Washoe","32","549","Nevada","4/15/20","326","223","32031","68.4"
"White Pine","0","3","Nevada","4/15/20","1","2","32033","200"
"Belknap","0","24","New Hampshire","4/15/20","21","3","33001","14.29"
"Carroll","1","29","New Hampshire","4/15/20","19","10","33003","52.63"
"Cheshire","2","26","New Hampshire","4/15/20","13","13","33005","100"
"Coos","0","2","New Hampshire","4/15/20","1","1","33007","100"
"Grafton","0","44","New Hampshire","4/15/20","41","3","33009","7.32"
"Hillsborough","24","458","New Hampshire","4/15/20","288","170","33011","59.03"
"Merrimack","4","81","New Hampshire","4/15/20","56","25","33013","44.64"
"Rockingham","21","399","New Hampshire","4/15/20","255","144","33015","56.47"
"Strafford","3","69","New Hampshire","4/15/20","46","23","33017","50"
"Sullivan","0","7","New Hampshire","4/15/20","6","1","33019","16.67"
"Atlantic","22","322","New Jersey","4/15/20","168","154","34001","91.67"
"Bergen","425","10848","New Jersey","4/15/20","7874","2974","34003","37.77"
"Burlington","66","1261","New Jersey","4/15/20","801","460","34005","57.43"
"Camden","107","1587","New Jersey","4/15/20","838","749","34007","89.38"
"Cape May","11","178","New Jersey","4/15/20","100","78","34009","78"
"Cumberland","19","210","New Jersey","4/15/20","80","130","34011","162.5"
"Essex","426","8579","New Jersey","4/15/20","5598","2981","34013","53.25"
"Gloucester","37","602","New Jersey","4/15/20","340","262","34015","77.06"
"Hudson","439","8511","New Jersey","4/15/20","5437","3074","34017","56.54"
"Hunterdon","14","356","New Jersey","4/15/20","255","101","34019","39.61"
"Mercer","123","1856","New Jersey","4/15/20","992","864","34021","87.1"
"Middlesex","346","6576","New Jersey","4/15/20","4156","2420","34023","58.23"
"Monmouth","155","4122","New Jersey","4/15/20","3038","1084","34025","35.68"
"Morris","151","3525","New Jersey","4/15/20","2468","1057","34027","42.83"
"Ocean","166","4016","New Jersey","4/15/20","2856","1160","34029","40.62"
"Passaic","340","6750","New Jersey","4/15/20","4372","2378","34031","54.39"
"Salem","7","84","New Jersey","4/15/20","36","48","34033","133.33"
"Somerset","120","2001","New Jersey","4/15/20","1160","841","34035","72.5"
"Sussex","28","551","New Jersey","4/15/20","357","194","34037","54.34"
"Union","372","7438","New Jersey","4/15/20","4831","2607","34039","53.96"
"Warren","26","468","New Jersey","4/15/20","289","179","34041","61.94"
"Bernalillo","24","477","New Mexico","4/15/20","307","170","35001","55.37"
"Catron","0","1","New Mexico","4/15/20","1","0","35003","0"
"Chaves","1","19","New Mexico","4/15/20","15","4","35005","26.67"
"Cibola","2","29","New Mexico","4/15/20","16","13","35006","81.25"
"Colfax","0","2","New Mexico","4/15/20","0","2","35007","1"
"Curry","0","10","New Mexico","4/15/20","8","2","35009","25"
"Dona Ana","3","54","New Mexico","4/15/20","35","19","35013","54.29"
"Eddy","0","7","New Mexico","4/15/20","4","3","35015","75"
"Grant","1","11","New Mexico","4/15/20","4","7","35017","175"
"Lea","0","2","New Mexico","4/15/20","2","0","35025","0"
"Lincoln","0","1","New Mexico","4/15/20","1","0","35027","0"
"Los Alamos","1","6","New Mexico","4/15/20","2","4","35028","200"
"Luna","0","2","New Mexico","4/15/20","0","2","35029","1"
"McKinley","25","242","New Mexico","4/15/20","70","172","35031","245.71"
"Otero","0","3","New Mexico","4/15/20","3","0","35035","0"
"Quay","0","1","New Mexico","4/15/20","0","1","35037","1"
"Rio Arriba","1","10","New Mexico","4/15/20","6","4","35039","66.67"
"Roosevelt","0","1","New Mexico","4/15/20","1","0","35041","0"
"San Juan","12","200","New Mexico","4/15/20","116","84","35045","72.41"
"San Miguel","0","2","New Mexico","4/15/20","1","1","35047","100"
"Sandoval","19","262","New Mexico","4/15/20","128","134","35043","104.69"
"Santa Fe","2","78","New Mexico","4/15/20","66","12","35049","18.18"
"Socorro","1","16","New Mexico","4/15/20","7","9","35053","128.57"
"Taos","0","15","New Mexico","4/15/20","14","1","35055","7.14"
"Torrance","1","12","New Mexico","4/15/20","7","5","35057","71.43"
"Valencia","2","21","New Mexico","4/15/20","7","14","35061","200"
"Albany","29","548","New York","4/15/20","342","206","36001","60.23"
"Allegany","1","28","New York","4/15/20","21","7","36003","33.33"
"Broome","9","153","New York","4/15/20","93","60","36007","64.52"
"Cattaraugus","2","32","New York","4/15/20","15","17","36009","113.33"
"Cayuga","3","36","New York","4/15/20","14","22","36011","157.14"
"Chautauqua","1","24","New York","4/15/20","18","6","36013","33.33"
"Chemung","2","69","New York","4/15/20","55","14","36015","25.45"
"Chenango","3","71","New York","4/15/20","53","18","36017","33.96"
"Clinton","1","45","New York","4/15/20","39","6","36019","15.38"
"Columbia","3","100","New York","4/15/20","76","24","36021","31.58"
"Cortland","1","23","New York","4/15/20","16","7","36023","43.75"
"Delaware","1","46","New York","4/15/20","37","9","36025","24.32"
"Dutchess","93","2048","New York","4/15/20","1395","653","36027","46.81"
"Erie","68","1812","New York","4/15/20","1335","477","36029","35.73"
"Essex","0","12","New York","4/15/20","9","3","36031","33.33"
"Franklin","0","13","New York","4/15/20","10","3","36033","30"
"Fulton","1","24","New York","4/15/20","14","10","36035","71.43"
"Genesee","4","76","New York","4/15/20","47","29","36037","61.7"
"Greene","7","73","New York","4/15/20","25","48","36039","192"
"Hamilton","0","3","New York","4/15/20","2","1","36041","50"
"Herkimer","2","40","New York","4/15/20","29","11","36043","37.93"
"Jefferson","1","47","New York","4/15/20","40","7","36045","17.5"
"Lewis","0","7","New York","4/15/20","6","1","36049","16.67"
"Livingston","1","34","New York","4/15/20","29","5","36051","17.24"
"Madison","3","110","New York","4/15/20","92","18","36053","19.57"
"Monroe","33","884","New York","4/15/20","651","233","36055","35.79"
"Montgomery","2","32","New York","4/15/20","18","14","36057","77.78"
"Nassau","1167","26715","New York","4/15/20","18548","8167","36059","44.03"
"New York","5214","118302","New York","4/15/20","81803","36499","36061","44.62"
"Niagara","11","229","New York","4/15/20","155","74","36063","47.74"
"Oneida","17","246","New York","4/15/20","125","121","36065","96.8"
"Onondaga","20","563","New York","4/15/20","422","141","36067","33.41"
"Ontario","3","62","New York","4/15/20","39","23","36069","58.97"
"Orange","251","5830","New York","4/15/20","4075","1755","36071","43.07"
"Orleans","2","33","New York","4/15/20","16","17","36073","106.25"
"Oswego","1","42","New York","4/15/20","34","8","36075","23.53"
"Otsego","1","44","New York","4/15/20","38","6","36077","15.79"
"Putnam","30","634","New York","4/15/20","427","207","36079","48.48"
"Rensselaer","7","140","New York","4/15/20","88","52","36083","59.09"
"Rockland","294","8474","New York","4/15/20","6413","2061","36087","32.14"
"Saratoga","9","227","New York","4/15/20","162","65","36091","40.12"
"Schenectady","13","237","New York","4/15/20","149","88","36093","59.06"
"Schoharie","1","20","New York","4/15/20","12","8","36095","66.67"
"Schuyler","1","8","New York","4/15/20","4","4","36097","100"
"Seneca","1","18","New York","4/15/20","12","6","36099","50"
"St. Lawrence","2","92","New York","4/15/20","78","14","36089","17.95"
"Steuben","9","151","New York","4/15/20","87","64","36101","73.56"
"Suffolk","931","23523","New York","4/15/20","17008","6515","36103","38.31"
"Sullivan","18","424","New York","4/15/20","296","128","36105","43.24"
"Tioga","1","25","New York","4/15/20","15","10","36107","66.67"
"Tompkins","2","118","New York","4/15/20","105","13","36109","12.38"
"Ulster","40","745","New York","4/15/20","462","283","36111","61.26"
"Warren","6","77","New York","4/15/20","33","44","36113","133.33"
"Washington","3","42","New York","4/15/20","20","22","36115","110"
"Wayne","1","48","New York","4/15/20","39","9","36117","23.08"
"Westchester","723","20947","New York","4/15/20","15887","5060","36119","31.85"
"Wyoming","2","42","New York","4/15/20","27","15","36121","55.56"
"Yates","1","6","New York","4/15/20","1","5","36123","500"
"Alamance","2","43","North Carolina","4/15/20","30","13","37001","43.33"
"Alexander","0","3","North Carolina","4/15/20","2","1","37003","50"
"Alleghany","0","2","North Carolina","4/15/20","2","0","37005","0"
"Anson","1","14","North Carolina","4/15/20","6","8","37007","133.33"
"Ashe","0","4","North Carolina","4/15/20","2","2","37009","100"
"Beaufort","1","14","North Carolina","4/15/20","10","4","37013","40"
"Bertie","1","16","North Carolina","4/15/20","10","6","37015","60"
"Bladen","0","2","North Carolina","4/15/20","1","1","37017","100"
"Brunswick","1","35","North Carolina","4/15/20","26","9","37019","34.62"
"Buncombe","0","39","North Carolina","4/15/20","37","2","37021","5.41"
"Burke","4","60","North Carolina","4/15/20","34","26","37023","76.47"
"Cabarrus","17","204","North Carolina","4/15/20","88","116","37025","131.82"
"Caldwell","1","19","North Carolina","4/15/20","11","8","37027","72.73"
"Carteret","0","22","North Carolina","4/15/20","19","3","37031","15.79"
"Caswell","0","3","North Carolina","4/15/20","2","1","37033","50"
"Catawba","1","38","North Carolina","4/15/20","28","10","37035","35.71"
"Chatham","8","81","North Carolina","4/15/20","24","57","37037","237.5"
"Cherokee","0","14","North Carolina","4/15/20","12","2","37039","16.67"
"Chowan","1","5","North Carolina","4/15/20","1","4","37041","400"
"Clay","0","4","North Carolina","4/15/20","3","1","37043","33.33"
"Cleveland","2","40","North Carolina","4/15/20","26","14","37045","53.85"
"Columbus","4","40","North Carolina","4/15/20","14","26","37047","185.71"
"Craven","2","31","North Carolina","4/15/20","19","12","37049","63.16"
"Cumberland","3","90","North Carolina","4/15/20","66","24","37051","36.36"
"Currituck","0","3","North Carolina","4/15/20","3","0","37053","0"
"Dare","1","15","North Carolina","4/15/20","10","5","37055","50"
"Davidson","2","90","North Carolina","4/15/20","73","17","37057","23.29"
"Davie","0","23","North Carolina","4/15/20","20","3","37059","15"
"Duplin","2","23","North Carolina","4/15/20","8","15","37061","187.5"
"Durham","16","349","North Carolina","4/15/20","236","113","37063","47.88"
"Edgecombe","3","36","North Carolina","4/15/20","12","24","37065","200"
"Forsyth","2","125","North Carolina","4/15/20","108","17","37067","15.74"
"Franklin","6","67","North Carolina","4/15/20","23","44","37069","191.3"
"Gaston","4","91","North Carolina","4/15/20","62","29","37071","46.77"
"Gates","0","4","North Carolina","4/15/20","3","1","37073","33.33"
"Granville","2","99","North Carolina","4/15/20","83","16","37077","19.28"
"Greene","1","16","North Carolina","4/15/20","10","6","37079","60"
"Guilford","4","151","North Carolina","4/15/20","122","29","37081","23.77"
"Halifax","2","30","North Carolina","4/15/20","14","16","37083","114.29"
"Harnett","3","53","North Carolina","4/15/20","34","19","37085","55.88"
"Haywood","0","4","North Carolina","4/15/20","3","1","37087","33.33"
"Henderson","7","99","North Carolina","4/15/20","51","48","37089","94.12"
"Hertford","0","4","North Carolina","4/15/20","5","-1","37091","-20"
"Hoke","1","22","North Carolina","4/15/20","13","9","37093","69.23"
"Iredell","2","72","North Carolina","4/15/20","57","15","37097","26.32"
"Jackson","0","4","North Carolina","4/15/20","2","2","37099","100"
"Johnston","8","107","North Carolina","4/15/20","51","56","37101","109.8"
"Jones","1","9","North Carolina","4/15/20","3","6","37103","200"
"Lee","2","16","North Carolina","4/15/20","5","11","37105","220"
"Lenoir","1","15","North Carolina","4/15/20","11","4","37107","36.36"
"Lincoln","1","15","North Carolina","4/15/20","11","4","37109","36.36"
"Macon","0","2","North Carolina","4/15/20","1","1","37113","100"
"Martin","0","7","North Carolina","4/15/20","4","3","37117","75"
"McDowell","1","20","North Carolina","4/15/20","13","7","37111","53.85"
"Mecklenburg","24","1015","North Carolina","4/15/20","848","167","37119","19.69"
"Mitchell","0","4","North Carolina","4/15/20","3","1","37121","33.33"
"Montgomery","0","16","North Carolina","4/15/20","13","3","37123","23.08"
"Moore","7","88","North Carolina","4/15/20","37","51","37125","137.84"
"Nash","2","42","North Carolina","4/15/20","25","17","37127","68"
"New Hanover","1","63","North Carolina","4/15/20","53","10","37129","18.87"
"Northampton","2","69","North Carolina","4/15/20","54","15","37131","27.78"
"Onslow","2","36","North Carolina","4/15/20","24","12","37133","50"
"Orange","11","159","North Carolina","4/15/20","81","78","37135","96.3"
"Pamlico","0","6","North Carolina","4/15/20","3","3","37137","100"
"Pasquotank","1","15","North Carolina","4/15/20","10","5","37139","50"
"Pender","0","5","North Carolina","4/15/20","2","3","37141","150"
"Perquimans","1","12","North Carolina","4/15/20","2","10","37143","500"
"Person","1","13","North Carolina","4/15/20","7","6","37145","85.71"
"Pitt","3","72","North Carolina","4/15/20","51","21","37147","41.18"
"Polk","0","9","North Carolina","4/15/20","8","1","37149","12.5"
"Randolph","3","60","North Carolina","4/15/20","37","23","37151","62.16"
"Richmond","2","14","North Carolina","4/15/20","2","12","37153","600"
"Robeson","1","11","North Carolina","4/15/20","7","4","37155","57.14"
"Rockingham","1","18","North Carolina","4/15/20","8","10","37157","125"
"Rowan","22","216","North Carolina","4/15/20","64","152","37159","237.5"
"Rutherford","3","47","North Carolina","4/15/20","25","22","37161","88"
"Sampson","2","17","North Carolina","4/15/20","5","12","37163","240"
"Scotland","1","9","North Carolina","4/15/20","3","6","37165","200"
"Stanly","1","17","North Carolina","4/15/20","8","9","37167","112.5"
"Stokes","0","10","North Carolina","4/15/20","8","2","37169","25"
"Surry","0","10","North Carolina","4/15/20","10","0","37171","0"
"Swain","0","0","North Carolina","4/15/20","1","-1","37173","-100"
"Transylvania","0","6","North Carolina","4/15/20","6","0","37175","0"
"Tyrrell","0","3","North Carolina","4/15/20","0","3","37177","1"
"Union","4","115","North Carolina","4/15/20","87","28","37179","32.18"
"Vance","1","22","North Carolina","4/15/20","14","8","37181","57.14"
"Wake","25","537","North Carolina","4/15/20","365","172","37183","47.12"
"Warren","0","3","North Carolina","4/15/20","3","0","37185","0"
"Washington","1","18","North Carolina","4/15/20","8","10","37187","125"
"Watauga","0","8","North Carolina","4/15/20","8","0","37189","0"
"Wayne","8","87","North Carolina","4/15/20","34","53","37191","155.88"
"Wilkes","0","4","North Carolina","4/15/20","4","0","37193","0"
"Wilson","6","79","North Carolina","4/15/20","38","41","37195","107.89"
"Yadkin","0","11","North Carolina","4/15/20","9","2","37197","22.22"
"Barnes","0","2","North Dakota","4/15/20","2","0","38003","0"
"Bowman","0","1","North Dakota","4/15/20","1","0","38011","0"
"Burke","0","2","North Dakota","4/15/20","2","0","38013","0"
"Burleigh","1","52","North Dakota","4/15/20","42","10","38015","23.81"
"Cass","8","135","North Dakota","4/15/20","77","58","38017","75.32"
"Divide","0","1","North Dakota","4/15/20","1","0","38023","0"
"Dunn","0","3","North Dakota","4/15/20","1","2","38025","200"
"Eddy","0","1","North Dakota","4/15/20","1","0","38027","0"
"Emmons","0","1","North Dakota","4/15/20","1","0","38029","0"
"Foster","0","1","North Dakota","4/15/20","1","0","38031","0"
"Grand Forks","1","20","North Dakota","4/15/20","11","9","38035","81.82"
"Grant","0","1","North Dakota","4/15/20","1","0","38037","0"
"McHenry","0","1","North Dakota","4/15/20","1","0","38049","0"
"McIntosh","0","1","North Dakota","4/15/20","1","0","38051","0"
"McKenzie","1","9","North Dakota","4/15/20","5","4","38053","80"
"McLean","0","3","North Dakota","4/15/20","2","1","38055","50"
"Morton","0","21","North Dakota","4/15/20","18","3","38059","16.67"
"Mountrail","1","29","North Dakota","4/15/20","20","9","38061","45"
"Oliver","0","1","North Dakota","4/15/20","1","0","38065","0"
"Pierce","0","2","North Dakota","4/15/20","2","0","38069","0"
"Ramsey","0","3","North Dakota","4/15/20","3","0","38071","0"
"Richland","0","3","North Dakota","4/15/20","0","3","38077","1"
"Rolette","0","1","North Dakota","4/15/20","0","1","38079","1"
"Sargent","0","1","North Dakota","4/15/20","0","1","38081","1"
"Sioux","0","1","North Dakota","4/15/20","1","0","38085","0"
"Slope","0","3","North Dakota","4/15/20","3","0","38087","0"
"Stark","1","34","North Dakota","4/15/20","28","6","38089","21.43"
"Stutsman","0","1","North Dakota","4/15/20","1","0","38093","0"
"Walsh","0","3","North Dakota","4/15/20","3","0","38099","0"
"Ward","1","20","North Dakota","4/15/20","16","4","38101","25"
"Williams","0","8","North Dakota","4/15/20","5","3","38105","60"
"","0","13","Northern Mariana Islands","4/15/20","11","2",,"18.18"
"Adams","0","3","Ohio","4/15/20","2","1","39001","50"
"Allen","4","51","Ohio","4/15/20","23","28","39003","121.74"
"Ashland","0","6","Ohio","4/15/20","3","3","39005","100"
"Ashtabula","2","36","Ohio","4/15/20","20","16","39007","80"
"Athens","0","3","Ohio","4/15/20","3","0","39009","0"
"Auglaize","1","18","Ohio","4/15/20","8","10","39011","125"
"Belmont","4","58","Ohio","4/15/20","30","28","39013","93.33"
"Brown","1","8","Ohio","4/15/20","4","4","39015","100"
"Butler","4","133","Ohio","4/15/20","102","31","39017","30.39"
"Carroll","1","14","Ohio","4/15/20","9","5","39019","55.56"
"Champaign","0","6","Ohio","4/15/20","5","1","39021","20"
"Clark","1","21","Ohio","4/15/20","13","8","39023","61.54"
"Clermont","3","49","Ohio","4/15/20","27","22","39025","81.48"
"Clinton","2","23","Ohio","4/15/20","11","12","39027","109.09"
"Columbiana","7","123","Ohio","4/15/20","71","52","39029","73.24"
"Coshocton","1","16","Ohio","4/15/20","10","6","39031","60"
"Crawford","2","23","Ohio","4/15/20","9","14","39033","155.56"
"Cuyahoga","46","1281","Ohio","4/15/20","960","321","39035","33.44"
"Darke","2","52","Ohio","4/15/20","38","14","39037","36.84"
"Defiance","0","12","Ohio","4/15/20","10","2","39039","20"
"Delaware","4","108","Ohio","4/15/20","79","29","39041","36.71"
"Erie","1","16","Ohio","4/15/20","10","6","39043","60"
"Fairfield","4","92","Ohio","4/15/20","65","27","39045","41.54"
"Fayette","1","12","Ohio","4/15/20","4","8","39047","200"
"Franklin","49","1102","Ohio","4/15/20","761","341","39049","44.81"
"Fulton","0","8","Ohio","4/15/20","5","3","39051","60"
"Gallia","1","8","Ohio","4/15/20","4","4","39053","100"
"Geauga","5","82","Ohio","4/15/20","44","38","39055","86.36"
"Greene","1","31","Ohio","4/15/20","21","10","39057","47.62"
"Guernsey","1","10","Ohio","4/15/20","2","8","39059","400"
"Hamilton","22","594","Ohio","4/15/20","437","157","39061","35.93"
"Hancock","1","23","Ohio","4/15/20","17","6","39063","35.29"
"Hardin","1","11","Ohio","4/15/20","2","9","39065","450"
"Henry","0","2","Ohio","4/15/20","1","1","39069","100"
"Highland","0","7","Ohio","4/15/20","6","1","39071","16.67"
"Hocking","1","4","Ohio","4/15/20","0","4","39073","1"
"Holmes","0","3","Ohio","4/15/20","3","0","39075","0"
"Huron","1","14","Ohio","4/15/20","9","5","39077","55.56"
"Jackson","0","3","Ohio","4/15/20","2","1","39079","50"
"Jefferson","1","24","Ohio","4/15/20","18","6","39081","33.33"
"Knox","0","10","Ohio","4/15/20","7","3","39083","42.86"
"Lake","4","124","Ohio","4/15/20","99","25","39085","25.25"
"Lawrence","1","17","Ohio","4/15/20","13","4","39087","30.77"
"Licking","3","88","Ohio","4/15/20","64","24","39089","37.5"
"Logan","0","8","Ohio","4/15/20","5","3","39091","60"
"Lorain","10","203","Ohio","4/15/20","136","67","39093","49.26"
"Lucas","32","596","Ohio","4/15/20","371","225","39095","60.65"
"Madison","1","24","Ohio","4/15/20","20","4","39097","20"
"Mahoning","26","486","Ohio","4/15/20","305","181","39099","59.34"
"Marion","19","164","Ohio","4/15/20","32","132","39101","412.5"
"Medina","4","122","Ohio","4/15/20","94","28","39103","29.79"
"Meigs","0","2","Ohio","4/15/20","1","1","39105","100"
"Mercer","0","13","Ohio","4/15/20","11","2","39107","18.18"
"Miami","3","125","Ohio","4/15/20","107","18","39109","16.82"
"Monroe","0","2","Ohio","4/15/20","2","0","39111","0"
"Montgomery","9","211","Ohio","4/15/20","147","64","39113","43.54"
"Morgan","0","2","Ohio","4/15/20","2","0","39115","0"
"Morrow","1","14","Ohio","4/15/20","6","8","39117","133.33"
"Muskingum","0","8","Ohio","4/15/20","6","2","39119","33.33"
"Noble","0","3","Ohio","4/15/20","0","3","39121","1"
"Ottawa","1","12","Ohio","4/15/20","6","6","39123","100"
"Paulding","0","5","Ohio","4/15/20","2","3","39125","150"
"Perry","0","8","Ohio","4/15/20","6","2","39127","33.33"
"Pickaway","20","172","Ohio","4/15/20","35","137","39129","391.43"
"Pike","0","1","Ohio","4/15/20","1","0","39131","0"
"Portage","7","158","Ohio","4/15/20","108","50","39133","46.3"
"Preble","2","20","Ohio","4/15/20","8","12","39135","150"
"Putnam","1","4","Ohio","4/15/20","0","4","39137","1"
"Richland","3","44","Ohio","4/15/20","25","19","39139","76"
"Ross","2","21","Ohio","4/15/20","10","11","39141","110"
"Sandusky","1","13","Ohio","4/15/20","5","8","39143","160"
"Scioto","0","4","Ohio","4/15/20","1","3","39145","300"
"Seneca","1","11","Ohio","4/15/20","6","5","39147","83.33"
"Shelby","1","27","Ohio","4/15/20","19","8","39149","42.11"
"Stark","9","176","Ohio","4/15/20","114","62","39151","54.39"
"Summit","12","294","Ohio","4/15/20","211","83","39153","39.34"
"Trumbull","10","199","Ohio","4/15/20","126","73","39155","57.94"
"Tuscarawas","0","28","Ohio","4/15/20","26","2","39157","7.69"
"Union","0","11","Ohio","4/15/20","8","3","39159","37.5"
"Van Wert","0","2","Ohio","4/15/20","2","0","39161","0"
"Warren","6","85","Ohio","4/15/20","46","39","39165","84.78"
"Washington","2","47","Ohio","4/15/20","30","17","39167","56.67"
"Wayne","4","56","Ohio","4/15/20","30","26","39169","86.67"
"Williams","1","6","Ohio","4/15/20","1","5","39171","500"
"Wood","3","64","Ohio","4/15/20","41","23","39173","56.1"
"Wyandot","1","14","Ohio","4/15/20","5","9","39175","180"
"Adair","1","29","Oklahoma","4/15/20","25","4","40001","16"
"Alfalfa","0","1","Oklahoma","4/15/20","0","1","40003","1"
"Atoka","0","1","Oklahoma","4/15/20","1","0","40005","0"
"Beaver","0","1","Oklahoma","4/15/20","1","0","40007","0"
"Beckham","0","2","Oklahoma","4/15/20","1","1","40009","100"
"Bryan","0","5","Oklahoma","4/15/20","3","2","40013","66.67"
"Caddo","4","35","Oklahoma","4/15/20","6","29","40015","483.33"
"Canadian","3","63","Oklahoma","4/15/20","40","23","40017","57.5"
"Carter","0","1","Oklahoma","4/15/20","1","0","40019","0"
"Cherokee","1","21","Oklahoma","4/15/20","16","5","40021","31.25"
"Choctaw","0","3","Oklahoma","4/15/20","2","1","40023","50"
"Cleveland","12","294","Oklahoma","4/15/20","212","82","40027","38.68"
"Comanche","1","52","Oklahoma","4/15/20","44","8","40031","18.18"
"Cotton","0","5","Oklahoma","4/15/20","4","1","40033","25"
"Craig","0","8","Oklahoma","4/15/20","5","3","40035","60"
"Creek","1","57","Oklahoma","4/15/20","47","10","40037","21.28"
"Custer","0","7","Oklahoma","4/15/20","5","2","40039","40"
"Delaware","8","72","Oklahoma","4/15/20","13","59","40041","453.85"
"Dewey","0","2","Oklahoma","4/15/20","1","1","40043","100"
"Garfield","0","7","Oklahoma","4/15/20","5","2","40047","40"
"Garvin","0","10","Oklahoma","4/15/20","11","-1","40049","-9.09"
"Grady","1","14","Oklahoma","4/15/20","9","5","40051","55.56"
"Grant","0","2","Oklahoma","4/15/20","1","1","40053","100"
"Greer","3","50","Oklahoma","4/15/20","32","18","40055","56.25"
"Jackson","0","6","Oklahoma","4/15/20","6","0","40065","0"
"Jefferson","0","1","Oklahoma","4/15/20","1","0","40067","0"
"Johnston","0","2","Oklahoma","4/15/20","0","2","40069","1"
"Kay","2","45","Oklahoma","4/15/20","33","12","40071","36.36"
"Kingfisher","0","6","Oklahoma","4/15/20","3","3","40073","100"
"Kiowa","0","2","Oklahoma","4/15/20","1","1","40075","100"
"Latimer","0","4","Oklahoma","4/15/20","4","0","40077","0"
"Le Flore","0","4","Oklahoma","4/15/20","1","3","40079","300"
"Lincoln","0","10","Oklahoma","4/15/20","10","0","40081","0"
"Logan","0","7","Oklahoma","4/15/20","6","1","40083","16.67"
"Love","0","2","Oklahoma","4/15/20","2","0","40085","0"
"Major","0","2","Oklahoma","4/15/20","1","1","40093","100"
"Marshall","0","1","Oklahoma","4/15/20","1","0","40095","0"
"Mayes","1","16","Oklahoma","4/15/20","12","4","40097","33.33"
"McClain","1","19","Oklahoma","4/15/20","15","4","40087","26.67"
"McCurtain","1","7","Oklahoma","4/15/20","2","5","40089","250"
"McIntosh","0","1","Oklahoma","4/15/20","1","0","40091","0"
"Muskogee","1","26","Oklahoma","4/15/20","21","5","40101","23.81"
"Noble","0","6","Oklahoma","4/15/20","6","0","40103","0"
"Nowata","0","11","Oklahoma","4/15/20","10","1","40105","10"
"Okfuskee","0","1","Oklahoma","4/15/20","0","1","40107","1"
"Oklahoma","24","483","Oklahoma","4/15/20","317","166","40109","52.37"
"Okmulgee","0","14","Oklahoma","4/15/20","11","3","40111","27.27"
"Osage","4","61","Oklahoma","4/15/20","33","28","40113","84.85"
"Ottawa","1","22","Oklahoma","4/15/20","15","7","40115","46.67"
"Out of OK","0","0","Oklahoma","4/15/20","2","-2","80040","-100"
"Pawnee","1","27","Oklahoma","4/15/20","23","4","40117","17.39"
"Payne","1","29","Oklahoma","4/15/20","24","5","40119","20.83"
"Pittsburg","1","13","Oklahoma","4/15/20","7","6","40121","85.71"
"Pontotoc","0","10","Oklahoma","4/15/20","9","1","40123","11.11"
"Pottawatomie","1","28","Oklahoma","4/15/20","20","8","40125","40"
"Rogers","2","30","Oklahoma","4/15/20","19","11","40131","57.89"
"Seminole","0","7","Oklahoma","4/15/20","4","3","40133","75"
"Sequoyah","0","10","Oklahoma","4/15/20","10","0","40135","0"
"Stephens","1","15","Oklahoma","4/15/20","11","4","40137","36.36"
"Texas","1","9","Oklahoma","4/15/20","3","6","40139","200"
"Tillman","0","1","Oklahoma","4/15/20","1","0","40141","0"
"Tulsa","10","362","Oklahoma","4/15/20","293","69","40143","23.55"
"Wagoner","6","102","Oklahoma","4/15/20","57","45","40145","78.95"
"Washington","10","118","Oklahoma","4/15/20","45","73","40147","162.22"
"Woodward","0","1","Oklahoma","4/15/20","1","0","40153","0"
"Benton","1","25","Oregon","4/15/20","21","4","41003","19.05"
"Clackamas","6","142","Oregon","4/15/20","97","45","41005","46.39"
"Clatsop","0","6","Oregon","4/15/20","5","1","41007","20"
"Columbia","1","14","Oregon","4/15/20","8","6","41009","75"
"Coos","0","1","Oregon","4/15/20","0","1","41011","1"
"Crook","0","1","Oregon","4/15/20","1","0","41013","0"
"Curry","0","3","Oregon","4/15/20","2","1","41015","50"
"Deschutes","2","55","Oregon","4/15/20","44","11","41017","25"
"Douglas","1","20","Oregon","4/15/20","12","8","41019","66.67"
"Grant","0","1","Oregon","4/15/20","1","0","41023","0"
"Hood River","0","4","Oregon","4/15/20","2","2","41027","100"
"Jackson","1","47","Oregon","4/15/20","39","8","41029","20.51"
"Jefferson","0","1","Oregon","4/15/20","0","1","41031","1"
"Josephine","0","19","Oregon","4/15/20","16","3","41033","18.75"
"Klamath","1","26","Oregon","4/15/20","19","7","41035","36.84"
"Lane","2","44","Oregon","4/15/20","30","14","41039","46.67"
"Lincoln","0","4","Oregon","4/15/20","4","0","41041","0"
"Linn","1","53","Oregon","4/15/20","45","8","41043","17.78"
"Malheur","0","4","Oregon","4/15/20","2","2","41045","100"
"Marion","11","294","Oregon","4/15/20","215","79","41047","36.74"
"Morrow","0","5","Oregon","4/15/20","2","3","41049","150"
"Multnomah","25","430","Oregon","4/15/20","258","172","41051","66.67"
"Polk","0","30","Oregon","4/15/20","28","2","41053","7.14"
"Sherman","0","1","Oregon","4/15/20","1","0","41055","0"
"Tillamook","0","5","Oregon","4/15/20","3","2","41057","66.67"
"Umatilla","1","17","Oregon","4/15/20","8","9","41059","112.5"
"Union","0","4","Oregon","4/15/20","3","1","41061","33.33"
"Wallowa","0","1","Oregon","4/15/20","1","0","41063","0"
"Wasco","0","10","Oregon","4/15/20","7","3","41065","42.86"
"Washington","12","364","Oregon","4/15/20","282","82","41067","29.08"
"Yamhill","1","32","Oregon","4/15/20","25","7","41071","28"
"Adams","4","64","Pennsylvania","4/15/20","33","31","42001","93.94"
"Allegheny","26","904","Pennsylvania","4/15/20","720","184","42003","25.56"
"Armstrong","1","29","Pennsylvania","4/15/20","19","10","42005","52.63"
"Beaver","4","158","Pennsylvania","4/15/20","128","30","42007","23.44"
"Bedford","1","9","Pennsylvania","4/15/20","4","5","42009","125"
"Berks","131","1335","Pennsylvania","4/15/20","416","919","42011","220.91"
"Blair","1","12","Pennsylvania","4/15/20","6","6","42013","100"
"Bradford","1","19","Pennsylvania","4/15/20","15","4","42015","26.67"
"Bucks","83","1399","Pennsylvania","4/15/20","816","583","42017","71.45"
"Butler","5","150","Pennsylvania","4/15/20","113","37","42019","32.74"
"Cambria","1","14","Pennsylvania","4/15/20","9","5","42021","55.56"
"Cameron","0","1","Pennsylvania","4/15/20","1","0","42023","0"
"Carbon","5","112","Pennsylvania","4/15/20","76","36","42025","47.37"
"Centre","2","72","Pennsylvania","4/15/20","57","15","42027","26.32"
"Chester","43","675","Pennsylvania","4/15/20","373","302","42029","80.97"
"Clarion","1","16","Pennsylvania","4/15/20","8","8","42031","100"
"Clearfield","0","9","Pennsylvania","4/15/20","7","2","42033","28.57"
"Clinton","1","8","Pennsylvania","4/15/20","3","5","42035","166.67"
"Columbia","11","131","Pennsylvania","4/15/20","54","77","42037","142.59"
"Crawford","1","16","Pennsylvania","4/15/20","8","8","42039","100"
"Cumberland","7","131","Pennsylvania","4/15/20","84","47","42041","55.95"
"Dauphin","15","271","Pennsylvania","4/15/20","168","103","42043","61.31"
"Delaware","129","1935","Pennsylvania","4/15/20","1034","901","42045","87.14"
"Elk","0","2","Pennsylvania","4/15/20","2","0","42047","0"
"Erie","2","42","Pennsylvania","4/15/20","29","13","42049","44.83"
"Fayette","3","58","Pennsylvania","4/15/20","35","23","42051","65.71"
"Forest","0","5","Pennsylvania","4/15/20","5","0","42053","0"
"Franklin","5","78","Pennsylvania","4/15/20","43","35","42055","81.4"
"Fulton","0","2","Pennsylvania","4/15/20","1","1","42057","100"
"Greene","1","23","Pennsylvania","4/15/20","17","6","42059","35.29"
"Huntingdon","1","12","Pennsylvania","4/15/20","6","6","42061","100"
"Indiana","3","43","Pennsylvania","4/15/20","21","22","42063","104.76"
"Jefferson","0","2","Pennsylvania","4/15/20","1","1","42065","100"
"Juniata","4","47","Pennsylvania","4/15/20","18","29","42067","161.11"
"Lackawanna","37","527","Pennsylvania","4/15/20","266","261","42069","98.12"
"Lancaster","50","914","Pennsylvania","4/15/20","561","353","42071","62.92"
"Lawrence","3","55","Pennsylvania","4/15/20","32","23","42073","71.88"
"Lebanon","26","349","Pennsylvania","4/15/20","169","180","42075","106.51"
"Lehigh","86","1922","Pennsylvania","4/15/20","1319","603","42077","45.72"
"Luzerne","62","1567","Pennsylvania","4/15/20","1134","433","42079","38.18"
"Lycoming","2","30","Pennsylvania","4/15/20","15","15","42081","100"
"McKean","0","4","Pennsylvania","4/15/20","1","3","42083","300"
"Mercer","3","47","Pennsylvania","4/15/20","27","20","42085","74.07"
"Mifflin","1","15","Pennsylvania","4/15/20","10","5","42087","50"
"Monroe","29","872","Pennsylvania","4/15/20","671","201","42089","29.96"
"Montgomery","136","2475","Pennsylvania","4/15/20","1521","954","42091","62.72"
"Montour","1","44","Pennsylvania","4/15/20","37","7","42093","18.92"
"Northampton","56","1251","Pennsylvania","4/15/20","857","394","42095","45.97"
"Northumberland","5","56","Pennsylvania","4/15/20","22","34","42097","154.55"
"Perry","1","17","Pennsylvania","4/15/20","13","4","42099","30.77"
"Philadelphia","381","7441","Pennsylvania","4/15/20","4777","2664","42101","55.77"
"Pike","17","268","Pennsylvania","4/15/20","148","120","42103","81.08"
"Potter","0","4","Pennsylvania","4/15/20","3","1","42105","33.33"
"Schuylkill","11","212","Pennsylvania","4/15/20","136","76","42107","55.88"
"Snyder","2","24","Pennsylvania","4/15/20","9","15","42109","166.67"
"Somerset","1","14","Pennsylvania","4/15/20","7","7","42111","100"
"Sullivan","0","1","Pennsylvania","4/15/20","1","0","42113","0"
"Susquehanna","4","40","Pennsylvania","4/15/20","14","26","42115","185.71"
"Tioga","0","13","Pennsylvania","4/15/20","10","3","42117","30"
"Union","2","23","Pennsylvania","4/15/20","8","15","42119","187.5"
"Venango","0","6","Pennsylvania","4/15/20","5","1","42121","20"
"Warren","0","1","Pennsylvania","4/15/20","1","0","42123","0"
"Washington","2","71","Pennsylvania","4/15/20","59","12","42125","20.34"
"Wayne","4","75","Pennsylvania","4/15/20","47","28","42127","59.57"
"Westmoreland","8","237","Pennsylvania","4/15/20","183","54","42129","29.51"
"Wyoming","1","13","Pennsylvania","4/15/20","5","8","42131","160"
"York","21","381","Pennsylvania","4/15/20","233","148","42133","63.52"
"","51","974","Puerto Rico","4/15/20","620","354",,"57.1"
"Bristol","3","49","Rhode Island","4/15/20","31","18","44001","58.06"
"Kent","15","244","Rhode Island","4/15/20","137","107","44003","78.1"
"Newport","5","93","Rhode Island","4/15/20","56","37","44005","66.07"
"Providence","161","1957","Rhode Island","4/15/20","832","1125","44007","135.22"
"Washington","5","152","Rhode Island","4/15/20","120","32","44009","26.67"
"Abbeville","1","10","South Carolina","4/15/20","5","5","45001","100"
"Aiken","5","60","South Carolina","4/15/20","28","32","45003","114.29"
"Allendale","0","5","South Carolina","4/15/20","2","3","45005","150"
"Anderson","6","114","South Carolina","4/15/20","75","39","45007","52"
"Bamberg","0","7","South Carolina","4/15/20","6","1","45009","16.67"
"Barnwell","0","5","South Carolina","4/15/20","3","2","45011","66.67"
"Beaufort","5","205","South Carolina","4/15/20","169","36","45013","21.3"
"Berkeley","7","101","South Carolina","4/15/20","55","46","45015","83.64"
"Calhoun","0","5","South Carolina","4/15/20","5","0","45017","0"
"Charleston","8","360","South Carolina","4/15/20","305","55","45019","18.03"
"Cherokee","1","8","South Carolina","4/15/20","4","4","45021","100"
"Chester","1","22","South Carolina","4/15/20","15","7","45023","46.67"
"Chesterfield","2","28","South Carolina","4/15/20","16","12","45025","75"
"Clarendon","3","90","South Carolina","4/15/20","68","22","45027","32.35"
"Colleton","2","21","South Carolina","4/15/20","10","11","45029","110"
"Darlington","2","44","South Carolina","4/15/20","29","15","45031","51.72"
"Dillon","1","7","South Carolina","4/15/20","1","6","45033","600"
"Dorchester","4","78","South Carolina","4/15/20","51","27","45035","52.94"
"Edgefield","1","10","South Carolina","4/15/20","6","4","45037","66.67"
"Fairfield","1","24","South Carolina","4/15/20","17","7","45039","41.18"
"Florence","6","87","South Carolina","4/15/20","45","42","45041","93.33"
"Georgetown","2","33","South Carolina","4/15/20","22","11","45043","50"
"Greenville","27","400","South Carolina","4/15/20","214","186","45045","86.92"
"Greenwood","1","19","South Carolina","4/15/20","12","7","45047","58.33"
"Hampton","1","12","South Carolina","4/15/20","4","8","45049","200"
"Horry","8","150","South Carolina","4/15/20","91","59","45051","64.84"
"Jasper","0","14","South Carolina","4/15/20","12","2","45053","16.67"
"Kershaw","4","187","South Carolina","4/15/20","159","28","45055","17.61"
"Lancaster","3","68","South Carolina","4/15/20","46","22","45057","47.83"
"Laurens","1","14","South Carolina","4/15/20","6","8","45059","133.33"
"Lee","2","34","South Carolina","4/15/20","19","15","45061","78.95"
"Lexington","13","218","South Carolina","4/15/20","130","88","45063","67.69"
"Marion","0","8","South Carolina","4/15/20","5","3","45067","60"
"Marlboro","1","15","South Carolina","4/15/20","8","7","45069","87.5"
"McCormick","0","4","South Carolina","4/15/20","2","2","45065","100"
"Newberry","1","16","South Carolina","4/15/20","7","9","45071","128.57"
"Oconee","1","14","South Carolina","4/15/20","9","5","45073","55.56"
"Orangeburg","1","38","South Carolina","4/15/20","30","8","45075","26.67"
"Pickens","2","34","South Carolina","4/15/20","21","13","45077","61.9"
"Richland","30","548","South Carolina","4/15/20","340","208","45079","61.18"
"Saluda","0","8","South Carolina","4/15/20","5","3","45081","60"
"Spartanburg","10","191","South Carolina","4/15/20","120","71","45083","59.17"
"Sumter","8","161","South Carolina","4/15/20","105","56","45085","53.33"
"Union","1","23","South Carolina","4/15/20","15","8","45087","53.33"
"Williamsburg","1","18","South Carolina","4/15/20","12","6","45089","50"
"York","4","138","South Carolina","4/15/20","108","30","45091","27.78"
"Aurora","0","1","South Dakota","4/15/20","1","0","46003","0"
"Beadle","0","21","South Dakota","4/15/20","21","0","46005","0"
"Bon Homme","0","4","South Dakota","4/15/20","3","1","46009","33.33"
"Brookings","0","9","South Dakota","4/15/20","6","3","46011","50"
"Brown","0","15","South Dakota","4/15/20","13","2","46013","15.38"
"Charles Mix","0","4","South Dakota","4/15/20","2","2","46023","100"
"Clark","0","1","South Dakota","4/15/20","1","0","46025","0"
"Clay","0","5","South Dakota","4/15/20","6","-1","46027","-16.67"
"Codington","0","13","South Dakota","4/15/20","12","1","46029","8.33"
"Corson","0","1","South Dakota","4/15/20","0","1","46031","1"
"Davison","0","3","South Dakota","4/15/20","3","0","46035","0"
"Deuel","0","1","South Dakota","4/15/20","1","0","46039","0"
"Fall River","0","1","South Dakota","4/15/20","1","0","46047","0"
"Faulk","0","1","South Dakota","4/15/20","1","0","46049","0"
"Hamlin","0","1","South Dakota","4/15/20","1","0","46057","0"
"Hughes","0","5","South Dakota","4/15/20","3","2","46065","66.67"
"Hutchinson","0","2","South Dakota","4/15/20","2","0","46067","0"
"Hyde","0","1","South Dakota","4/15/20","0","1","46069","1"
"Jerauld","0","3","South Dakota","4/15/20","0","3","46073","1"
"Lake","0","2","South Dakota","4/15/20","2","0","46079","0"
"Lawrence","0","9","South Dakota","4/15/20","9","0","46081","0"
"Lincoln","5","65","South Dakota","4/15/20","31","34","46083","109.68"
"Lyman","0","2","South Dakota","4/15/20","2","0","46085","0"
"Marshall","0","1","South Dakota","4/15/20","1","0","46091","0"
"McCook","0","3","South Dakota","4/15/20","2","1","46087","50"
"Meade","0","1","South Dakota","4/15/20","1","0","46093","0"
"Miner","0","1","South Dakota","4/15/20","0","1","46097","1"
"Minnehaha","101","934","South Dakota","4/15/20","228","706","46099","309.65"
"Oglala Lakota","0","1","South Dakota","4/15/20","1","0","46102","0"
"Pennington","0","9","South Dakota","4/15/20","6","3","46103","50"
"Roberts","0","4","South Dakota","4/15/20","4","0","46109","0"
"Sanborn","0","3","South Dakota","4/15/20","0","3","46111","1"
"Spink","0","3","South Dakota","4/15/20","3","0","46115","0"
"Sully","0","1","South Dakota","4/15/20","0","1","46119","1"
"Todd","0","1","South Dakota","4/15/20","1","0","46121","0"
"Turner","0","5","South Dakota","4/15/20","5","0","46125","0"
"Union","0","4","South Dakota","4/15/20","3","1","46127","33.33"
"Walworth","1","5","South Dakota","4/15/20","0","5","46129","1"
"Yankton","1","22","South Dakota","4/15/20","17","5","46135","29.41"
"Anderson","1","15","Tennessee","4/15/20","11","4","47001","36.36"
"Bedford","2","25","Tennessee","4/15/20","12","13","47003","108.33"
"Benton","0","4","Tennessee","4/15/20","4","0","47005","0"
"Bledsoe","1","8","Tennessee","4/15/20","3","5","47007","166.67"
"Blount","1","47","Tennessee","4/15/20","42","5","47009","11.9"
"Bradley","1","33","Tennessee","4/15/20","28","5","47011","17.86"
"Campbell","1","12","Tennessee","4/15/20","6","6","47013","100"
"Cannon","0","7","Tennessee","4/15/20","7","0","47015","0"
"Carroll","1","12","Tennessee","4/15/20","8","4","47017","50"
"Carter","0","3","Tennessee","4/15/20","3","0","47019","0"
"Cheatham","1","19","Tennessee","4/15/20","13","6","47021","46.15"
"Chester","0","5","Tennessee","4/15/20","6","-1","47023","-16.67"
"Claiborne","0","5","Tennessee","4/15/20","2","3","47025","150"
"Clay","0","4","Tennessee","4/15/20","2","2","47027","100"
"Cocke","0","5","Tennessee","4/15/20","2","3","47029","150"
"Coffee","1","12","Tennessee","4/15/20","7","5","47031","71.43"
"Cumberland","3","51","Tennessee","4/15/20","33","18","47035","54.55"
"Davidson","42","1237","Tennessee","4/15/20","946","291","47037","30.76"
"Decatur","0","3","Tennessee","4/15/20","1","2","47039","200"
"DeKalb","0","10","Tennessee","4/15/20","7","3","47041","42.86"
"Dickson","1","33","Tennessee","4/15/20","26","7","47043","26.92"
"Dyer","2","22","Tennessee","4/15/20","11","11","47045","100"
"Fayette","2","37","Tennessee","4/15/20","22","15","47047","68.18"
"Fentress","0","3","Tennessee","4/15/20","2","1","47049","50"
"Franklin","1","23","Tennessee","4/15/20","17","6","47051","35.29"
"Gibson","1","21","Tennessee","4/15/20","13","8","47053","61.54"
"Giles","0","3","Tennessee","4/15/20","3","0","47055","0"
"Grainger","0","4","Tennessee","4/15/20","3","1","47057","33.33"
"Greene","1","27","Tennessee","4/15/20","20","7","47059","35"
"Grundy","1","23","Tennessee","4/15/20","16","7","47061","43.75"
"Hamblen","0","6","Tennessee","4/15/20","4","2","47063","50"
"Hamilton","2","110","Tennessee","4/15/20","95","15","47065","15.79"
"Hardeman","0","7","Tennessee","4/15/20","6","1","47069","16.67"
"Hardin","0","2","Tennessee","4/15/20","2","0","47071","0"
"Hawkins","1","24","Tennessee","4/15/20","18","6","47073","33.33"
"Haywood","1","12","Tennessee","4/15/20","7","5","47075","71.43"
"Henderson","0","2","Tennessee","4/15/20","2","0","47077","0"
"Henry","0","8","Tennessee","4/15/20","6","2","47079","33.33"
"Hickman","0","2","Tennessee","4/15/20","2","0","47081","0"
"Houston","0","3","Tennessee","4/15/20","2","1","47083","50"
"Humphreys","0","4","Tennessee","4/15/20","4","0","47085","0"
"Jackson","0","7","Tennessee","4/15/20","4","3","47087","75"
"Jefferson","1","16","Tennessee","4/15/20","12","4","47089","33.33"
"Johnson","0","2","Tennessee","4/15/20","2","0","47091","0"
"Knox","4","174","Tennessee","4/15/20","148","26","47093","17.57"
"Lake","1","4","Tennessee","4/15/20","0","4","47095","1"
"Lauderdale","0","9","Tennessee","4/15/20","6","3","47097","50"
"Lawrence","1","15","Tennessee","4/15/20","10","5","47099","50"
"Lewis","0","2","Tennessee","4/15/20","2","0","47101","0"
"Lincoln","0","9","Tennessee","4/15/20","7","2","47103","28.57"
"Loudon","0","17","Tennessee","4/15/20","15","2","47105","13.33"
"Macon","2","27","Tennessee","4/15/20","16","11","47111","68.75"
"Madison","4","73","Tennessee","4/15/20","43","30","47113","69.77"
"Marion","1","26","Tennessee","4/15/20","21","5","47115","23.81"
"Marshall","0","9","Tennessee","4/15/20","9","0","47117","0"
"Maury","1","33","Tennessee","4/15/20","29","4","47119","13.79"
"McMinn","0","5","Tennessee","4/15/20","3","2","47107","66.67"
"McNairy","0","9","Tennessee","4/15/20","7","2","47109","28.57"
"Meigs","0","3","Tennessee","4/15/20","3","0","47121","0"
"Monroe","0","9","Tennessee","4/15/20","6","3","47123","50"
"Montgomery","4","102","Tennessee","4/15/20","72","30","47125","41.67"
"Morgan","0","6","Tennessee","4/15/20","5","1","47129","20"
"Obion","1","8","Tennessee","4/15/20","4","4","47131","100"
"Out of TN","-3","260","Tennessee","4/15/20","282","-22","80047","-7.8"
"Overton","0","5","Tennessee","4/15/20","5","0","47133","0"
"Perry","0","4","Tennessee","4/15/20","3","1","47135","33.33"
"Polk","0","5","Tennessee","4/15/20","3","2","47139","66.67"
"Putnam","2","92","Tennessee","4/15/20","81","11","47141","13.58"
"Roane","0","5","Tennessee","4/15/20","5","0","47145","0"
"Robertson","3","88","Tennessee","4/15/20","67","21","47147","31.34"
"Rutherford","9","253","Tennessee","4/15/20","193","60","47149","31.09"
"Scott","1","10","Tennessee","4/15/20","5","5","47151","100"
"Sequatchie","0","3","Tennessee","4/15/20","1","2","47153","200"
"Sevier","0","22","Tennessee","4/15/20","19","3","47155","15.79"
"Shelby","64","1359","Tennessee","4/15/20","912","447","47157","49.01"
"Smith","1","10","Tennessee","4/15/20","3","7","47159","233.33"
"Stewart","0","4","Tennessee","4/15/20","2","2","47161","100"
"Sullivan","2","43","Tennessee","4/15/20","27","16","47163","59.26"
"Sumner","13","466","Tennessee","4/15/20","376","90","47165","23.94"
"Tipton","2","52","Tennessee","4/15/20","38","14","47167","36.84"
"Trousdale","1","20","Tennessee","4/15/20","14","6","47169","42.86"
"Unicoi","0","1","Tennessee","4/15/20","1","0","47171","0"
"Union","0","3","Tennessee","4/15/20","2","1","47173","50"
"Van Buren","0","1","Tennessee","4/15/20","0","1","47175","1"
"Warren","0","4","Tennessee","4/15/20","2","2","47177","100"
"Washington","2","44","Tennessee","4/15/20","30","14","47179","46.67"
"Wayne","0","2","Tennessee","4/15/20","2","0","47181","0"
"Weakley","0","6","Tennessee","4/15/20","5","1","47183","20"
"White","0","4","Tennessee","4/15/20","2","2","47185","100"
"Williamson","5","322","Tennessee","4/15/20","287","35","47187","12.2"
"Wilson","4","145","Tennessee","4/15/20","117","28","47189","23.93"
"Anderson","1","6","Texas","4/15/20","2","4","48001","200"
"Andrews","0","13","Texas","4/15/20","10","3","48003","30"
"Angelina","0","17","Texas","4/15/20","14","3","48005","21.43"
"Aransas","0","2","Texas","4/15/20","2","0","48007","0"
"Armstrong","0","1","Texas","4/15/20","0","1","48011","1"
"Atascosa","1","9","Texas","4/15/20","5","4","48013","80"
"Austin","1","12","Texas","4/15/20","7","5","48015","71.43"
"Bandera","0","2","Texas","4/15/20","1","1","48019","100"
"Bastrop","2","32","Texas","4/15/20","17","15","48021","88.24"
"Bee","0","3","Texas","4/15/20","0","3","48025","1"
"Bell","5","110","Texas","4/15/20","74","36","48027","48.65"
"Bexar","45","815","Texas","4/15/20","503","312","48029","62.03"
"Blanco","0","4","Texas","4/15/20","4","0","48031","0"
"Bosque","0","1","Texas","4/15/20","0","1","48035","1"
"Bowie","2","37","Texas","4/15/20","20","17","48037","85"
"Brazoria","12","259","Texas","4/15/20","173","86","48039","49.71"
"Brazos","6","149","Texas","4/15/20","108","41","48041","37.96"
"Brown","1","11","Texas","4/15/20","6","5","48049","83.33"
"Burleson","0","8","Texas","4/15/20","5","3","48051","60"
"Burnet","0","7","Texas","4/15/20","5","2","48053","40"
"Caldwell","0","6","Texas","4/15/20","5","1","48055","20"
"Calhoun","1","19","Texas","4/15/20","12","7","48057","58.33"
"Callahan","0","1","Texas","4/15/20","1","0","48059","0"
"Cameron","19","239","Texas","4/15/20","108","131","48061","121.3"
"Camp","0","5","Texas","4/15/20","2","3","48063","150"
"Cass","0","6","Texas","4/15/20","4","2","48067","50"
"Castro","0","11","Texas","4/15/20","11","0","48069","0"
"Chambers","2","31","Texas","4/15/20","19","12","48071","63.16"
"Cherokee","0","9","Texas","4/15/20","6","3","48073","50"
"Clay","0","3","Texas","4/15/20","1","2","48077","200"
"Collin","19","477","Texas","4/15/20","343","134","48085","39.07"
"Colorado","0","7","Texas","4/15/20","6","1","48089","16.67"
"Comal","2","43","Texas","4/15/20","29","14","48091","48.28"
"Comanche","0","3","Texas","4/15/20","3","0","48093","0"
"Concho","0","1","Texas","4/15/20","0","1","48095","1"
"Cooke","0","2","Texas","4/15/20","0","2","48097","1"
"Coryell","7","60","Texas","4/15/20","12","48","48099","400"
"Crane","0","2","Texas","4/15/20","2","0","48103","0"
"Crosby","0","1","Texas","4/15/20","1","0","48107","0"
"Dallam","0","2","Texas","4/15/20","1","1","48111","100"
"Dallas","95","1986","Texas","4/15/20","1324","662","48113","50"
"Dawson","0","8","Texas","4/15/20","7","1","48115","14.29"
"Deaf Smith","1","11","Texas","4/15/20","7","4","48117","57.14"
"Delta","0","1","Texas","4/15/20","0","1","48119","1"
"Denton","22","521","Texas","4/15/20","366","155","48121","42.35"
"DeWitt","0","10","Texas","4/15/20","7","3","48123","42.86"
"Dickens","0","1","Texas","4/15/20","1","0","48125","0"
"Dimmit","0","1","Texas","4/15/20","0","1","48127","1"
"Donley","1","22","Texas","4/15/20","13","9","48129","69.23"
"Duval","0","1","Texas","4/15/20","0","1","48131","1"
"Eastland","0","3","Texas","4/15/20","3","0","48133","0"
"Ector","2","46","Texas","4/15/20","30","16","48135","53.33"
"El Paso","28","346","Texas","4/15/20","153","193","48141","126.14"
"Ellis","5","76","Texas","4/15/20","41","35","48139","85.37"
"Erath","0","13","Texas","4/15/20","11","2","48143","18.18"
"Falls","0","1","Texas","4/15/20","1","0","48145","0"
"Fannin","0","5","Texas","4/15/20","4","1","48147","25"
"Fayette","0","12","Texas","4/15/20","9","3","48149","33.33"
"Floyd","0","2","Texas","4/15/20","1","1","48153","100"
"Fort Bend","30","627","Texas","4/15/20","417","210","48157","50.36"
"Franklin","0","1","Texas","4/15/20","1","0","48159","0"
"Freestone","0","1","Texas","4/15/20","0","1","48161","1"
"Frio","0","1","Texas","4/15/20","1","0","48163","0"
"Gaines","0","2","Texas","4/15/20","1","1","48165","100"
"Galveston","17","392","Texas","4/15/20","272","120","48167","44.12"
"Gillespie","0","1","Texas","4/15/20","1","0","48171","0"
"Goliad","0","5","Texas","4/15/20","3","2","48175","66.67"
"Gonzales","0","2","Texas","4/15/20","1","1","48177","100"
"Gray","0","13","Texas","4/15/20","11","2","48179","18.18"
"Grayson","1","19","Texas","4/15/20","15","4","48181","26.67"
"Gregg","2","47","Texas","4/15/20","32","15","48183","46.88"
"Grimes","0","7","Texas","4/15/20","6","1","48185","16.67"
"Guadalupe","1","50","Texas","4/15/20","45","5","48187","11.11"
"Hale","1","11","Texas","4/15/20","7","4","48189","57.14"
"Hamilton","0","3","Texas","4/15/20","2","1","48193","50"
"Hansford","0","1","Texas","4/15/20","1","0","48195","0"
"Hardin","3","65","Texas","4/15/20","41","24","48199","58.54"
"Harris","251","4097","Texas","4/15/20","2341","1756","48201","75.01"
"Harrison","3","34","Texas","4/15/20","11","23","48203","209.09"
"Hays","4","103","Texas","4/15/20","75","28","48209","37.33"
"Hemphill","0","1","Texas","4/15/20","1","0","48211","0"
"Henderson","1","11","Texas","4/15/20","4","7","48213","175"
"Hidalgo","13","217","Texas","4/15/20","128","89","48215","69.53"
"Hill","0","8","Texas","4/15/20","6","2","48217","33.33"
"Hockley","1","15","Texas","4/15/20","10","5","48219","50"
"Hood","1","15","Texas","4/15/20","10","5","48221","50"
"Hopkins","0","4","Texas","4/15/20","4","0","48223","0"
"Howard","0","1","Texas","4/15/20","0","1","48227","1"
"Hunt","1","22","Texas","4/15/20","14","8","48231","57.14"
"Hutchinson","0","3","Texas","4/15/20","2","1","48233","50"
"Jack","0","3","Texas","4/15/20","0","3","48237","1"
"Jackson","0","4","Texas","4/15/20","4","0","48239","0"
"Jasper","1","7","Texas","4/15/20","3","4","48241","133.33"
"Jefferson","9","140","Texas","4/15/20","78","62","48245","79.49"
"Jim Wells","0","2","Texas","4/15/20","2","0","48249","0"
"Johnson","1","34","Texas","4/15/20","25","9","48251","36"
"Jones","0","2","Texas","4/15/20","1","1","48253","100"
"Karnes","0","3","Texas","4/15/20","2","1","48255","50"
"Kaufman","2","33","Texas","4/15/20","16","17","48257","106.25"
"Kendall","1","14","Texas","4/15/20","9","5","48259","55.56"
"Kerr","0","3","Texas","4/15/20","2","1","48265","50"
"Kleberg","0","3","Texas","4/15/20","2","1","48273","50"
"Knox","0","1","Texas","4/15/20","1","0","48275","0"
"Lamar","0","7","Texas","4/15/20","6","1","48277","16.67"
"Lamb","0","2","Texas","4/15/20","1","1","48279","100"
"Lampasas","0","3","Texas","4/15/20","2","1","48281","50"
"Lavaca","0","4","Texas","4/15/20","3","1","48285","33.33"
"Lee","0","2","Texas","4/15/20","2","0","48287","0"
"Leon","0","3","Texas","4/15/20","2","1","48289","50"
"Liberty","1","23","Texas","4/15/20","15","8","48291","53.33"
"Limestone","1","11","Texas","4/15/20","6","5","48293","83.33"
"Live Oak","0","3","Texas","4/15/20","3","0","48297","0"
"Llano","0","3","Texas","4/15/20","3","0","48299","0"
"Lubbock","20","330","Texas","4/15/20","191","139","48303","72.77"
"Lynn","0","5","Texas","4/15/20","4","1","48305","25"
"Madison","0","1","Texas","4/15/20","0","1","48313","1"
"Martin","0","2","Texas","4/15/20","2","0","48317","0"
"Mason","0","1","Texas","4/15/20","1","0","48319","0"
"Matagorda","1","51","Texas","4/15/20","42","9","48321","21.43"
"Maverick","0","10","Texas","4/15/20","7","3","48323","42.86"
"McCulloch","0","3","Texas","4/15/20","0","3","48307","1"
"McLennan","2","74","Texas","4/15/20","62","12","48309","19.35"
"Medina","1","13","Texas","4/15/20","7","6","48325","85.71"
"Midland","1","35","Texas","4/15/20","30","5","48329","16.67"
"Milam","0","8","Texas","4/15/20","7","1","48331","14.29"
"Mitchell","0","1","Texas","4/15/20","1","0","48335","0"
"Montague","1","5","Texas","4/15/20","1","4","48337","400"
"Montgomery","17","331","Texas","4/15/20","210","121","48339","57.62"
"Moore","6","52","Texas","4/15/20","9","43","48341","477.78"
"Morris","0","3","Texas","4/15/20","1","2","48343","200"
"Motley","0","1","Texas","4/15/20","0","1","48345","1"
"Nacogdoches","6","64","Texas","4/15/20","25","39","48347","156"
"Navarro","2","16","Texas","4/15/20","4","12","48349","300"
"Newton","0","2","Texas","4/15/20","1","1","48351","100"
"Nueces","3","83","Texas","4/15/20","65","18","48355","27.69"
"Oldham","0","3","Texas","4/15/20","3","0","48359","0"
"Orange","2","46","Texas","4/15/20","29","17","48361","58.62"
"Palo Pinto","1","7","Texas","4/15/20","3","4","48363","133.33"
"Panola","3","22","Texas","4/15/20","4","18","48365","450"
"Parker","1","16","Texas","4/15/20","6","10","48367","166.67"
"Pecos","1","5","Texas","4/15/20","1","4","48371","400"
"Polk","0","11","Texas","4/15/20","8","3","48373","37.5"
"Potter","5","79","Texas","4/15/20","47","32","48375","68.09"
"Rains","0","2","Texas","4/15/20","0","2","48379","1"
"Randall","5","73","Texas","4/15/20","40","33","48381","82.5"
"Reeves","0","2","Texas","4/15/20","1","1","48389","100"
"Robertson","0","2","Texas","4/15/20","2","0","48395","0"
"Rockwall","4","39","Texas","4/15/20","14","25","48397","178.57"
"Rusk","0","17","Texas","4/15/20","14","3","48401","21.43"
"San Augustine","1","9","Texas","4/15/20","4","5","48405","125"
"San Jacinto","1","7","Texas","4/15/20","3","4","48407","133.33"
"San Patricio","0","8","Texas","4/15/20","7","1","48409","14.29"
"Scurry","0","2","Texas","4/15/20","0","2","48415","1"
"Shelby","4","46","Texas","4/15/20","17","29","48419","170.59"
"Smith","3","103","Texas","4/15/20","79","24","48423","30.38"
"Starr","0","7","Texas","4/15/20","7","0","48427","0"
"Stephens","0","1","Texas","4/15/20","0","1","48429","1"
"Swisher","0","4","Texas","4/15/20","2","2","48437","100"
"Tarrant","57","990","Texas","4/15/20","588","402","48439","68.37"
"Taylor","5","74","Texas","4/15/20","38","36","48441","94.74"
"Terry","1","10","Texas","4/15/20","6","4","48445","66.67"
"Titus","1","8","Texas","4/15/20","2","6","48449","300"
"Tom Green","2","40","Texas","4/15/20","25","15","48451","60"
"Travis","49","900","Texas","4/15/20","554","346","48453","62.45"
"Trinity","0","4","Texas","4/15/20","2","2","48455","100"
"Tyler","0","4","Texas","4/15/20","2","2","48457","100"
"Upshur","0","9","Texas","4/15/20","6","3","48459","50"
"Uvalde","0","6","Texas","4/15/20","5","1","48463","20"
"Val Verde","1","12","Texas","4/15/20","7","5","48465","71.43"
"Van Zandt","0","10","Texas","4/15/20","7","3","48467","42.86"
"Victoria","4","89","Texas","4/15/20","59","30","48469","50.85"
"Walker","3","38","Texas","4/15/20","15","23","48471","153.33"
"Waller","1","20","Texas","4/15/20","11","9","48473","81.82"
"Washington","3","44","Texas","4/15/20","24","20","48477","83.33"
"Webb","13","223","Texas","4/15/20","135","88","48479","65.19"
"Wharton","1","28","Texas","4/15/20","18","10","48481","55.56"
"Wichita","1","56","Texas","4/15/20","48","8","48485","16.67"
"Wilbarger","0","1","Texas","4/15/20","0","1","48487","1"
"Willacy","0","5","Texas","4/15/20","7","-2","48489","-28.57"
"Williamson","5","124","Texas","4/15/20","87","37","48491","42.53"
"Wilson","0","11","Texas","4/15/20","8","3","48493","37.5"
"Winkler","0","1","Texas","4/15/20","0","1","48495","1"
"Wise","0","5","Texas","4/15/20","3","2","48497","66.67"
"Wood","0","6","Texas","4/15/20","4","2","48499","50"
"Young","0","3","Texas","4/15/20","3","0","48503","0"
"Zapata","0","3","Texas","4/15/20","1","2","48505","200"
"Bear River","0","15","Utah","4/15/20","13","2","00000","15.38"
"Cache","1","37","Utah","4/15/20","28","9","49005","32.14"
"Carbon","0","2","Utah","4/15/20","2","0","49007","0"
"Davis","8","217","Utah","4/15/20","163","54","49011","33.13"
"Duchesne","0","3","Utah","4/15/20","2","1","49013","50"
"Emery","0","3","Utah","4/15/20","2","1","49015","50"
"Garfield","0","1","Utah","4/15/20","1","0","49017","0"
"Grand","0","1","Utah","4/15/20","1","0","49019","0"
"Iron","0","15","Utah","4/15/20","13","2","49021","15.38"
"Kane","0","3","Utah","4/15/20","2","1","49025","50"
"Salt Lake","61","1285","Utah","4/15/20","858","427","49035","49.77"
"San Juan","0","9","Utah","4/15/20","6","3","49037","50"
"Summit","5","306","Utah","4/15/20","273","33","49043","12.09"
"Tooele","2","37","Utah","4/15/20","23","14","49045","60.87"
"Uintah","0","6","Utah","4/15/20","4","2","49047","50"
"Utah","12","352","Utah","4/15/20","267","85","49049","31.84"
"Wasatch","3","102","Utah","4/15/20","82","20","49051","24.39"
"Washington","2","47","Utah","4/15/20","31","16","49053","51.61"
"Weber-Morgan","4","107","Utah","4/15/20","77","30","00000","38.96"
"Addison","1","56","Vermont","4/15/20","47","9","50001","19.15"
"Bennington","1","32","Vermont","4/15/20","27","5","50003","18.52"
"Caledonia","0","9","Vermont","4/15/20","8","1","50005","12.5"
"Chittenden","9","372","Vermont","4/15/20","308","64","50007","20.78"
"Essex","0","1","Vermont","4/15/20","0","1","50009","1"
"Franklin","7","84","Vermont","4/15/20","33","51","50011","154.55"
"Grand Isle","0","3","Vermont","4/15/20","1","2","50013","200"
"Lamoille","0","22","Vermont","4/15/20","19","3","50015","15.79"
"Orange","0","5","Vermont","4/15/20","4","1","50017","25"
"Orleans","0","8","Vermont","4/15/20","8","0","50019","0"
"Rutland","1","39","Vermont","4/15/20","31","8","50021","25.81"
"Washington","1","29","Vermont","4/15/20","24","5","50023","20.83"
"Windham","3","57","Vermont","4/15/20","38","19","50025","50"
"Windsor","0","27","Vermont","4/15/20","24","3","50027","12.5"
"","1","51","Virgin Islands","4/15/20","45","6",,"13.33"
"Accomack","1","15","Virginia","4/15/20","11","4","51001","36.36"
"Albemarle","2","53","Virginia","4/15/20","41","12","51003","29.27"
"Alexandria","16","254","Virginia","4/15/20","143","111","51510","77.62"
"Alleghany","0","4","Virginia","4/15/20","2","2","51005","100"
"Amelia","0","10","Virginia","4/15/20","8","2","51007","25"
"Amherst","0","10","Virginia","4/15/20","8","2","51009","25"
"Appomattox","1","7","Virginia","4/15/20","3","4","51011","133.33"
"Arlington","24","420","Virginia","4/15/20","254","166","51013","65.35"
"Augusta","1","18","Virginia","4/15/20","13","5","51015","38.46"
"Bedford","1","16","Virginia","4/15/20","12","4","51019","33.33"
"Botetourt","1","23","Virginia","4/15/20","18","5","51023","27.78"
"Bristol","0","1","Virginia","4/15/20","1","0","51520","0"
"Brunswick","1","9","Virginia","4/15/20","1","8","51025","800"
"Buchanan","2","12","Virginia","4/15/20","1","11","51027","1100"
"Buckingham","2","22","Virginia","4/15/20","9","13","51029","144.44"
"Buena Vista","0","4","Virginia","4/15/20","4","0","51530","0"
"Campbell","1","11","Virginia","4/15/20","4","7","51031","175"
"Caroline","1","9","Virginia","4/15/20","4","5","51033","125"
"Carroll","0","3","Virginia","4/15/20","2","1","51035","50"
"Charles City","1","9","Virginia","4/15/20","5","4","51036","80"
"Charlotte","1","5","Virginia","4/15/20","1","4","51037","400"
"Charlottesville","2","38","Virginia","4/15/20","23","15","51540","65.22"
"Chesapeake","6","140","Virginia","4/15/20","99","41","51550","41.41"
"Chesterfield","16","254","Virginia","4/15/20","145","109","51041","75.17"
"Clarke","0","6","Virginia","4/15/20","3","3","51043","100"
"Colonial Heights","2","17","Virginia","4/15/20","1","16","51570","1600"
"Covington","0","1","Virginia","4/15/20","1","0","51580","0"
"Craig","0","2","Virginia","4/15/20","2","0","51045","0"
"Culpeper","2","25","Virginia","4/15/20","10","15","51047","150"
"Cumberland","0","8","Virginia","4/15/20","6","2","51049","33.33"
"Danville","1","22","Virginia","4/15/20","15","7","51590","46.67"
"Dinwiddie","1","7","Virginia","4/15/20","2","5","51053","250"
"Emporia","0","7","Virginia","4/15/20","4","3","51595","75"
"Fairfax","104","1298","Virginia","4/15/20","570","728","51059","127.72"
"Fauquier","2","29","Virginia","4/15/20","17","12","51061","70.59"
"Floyd","0","1","Virginia","4/15/20","0","1","51063","1"
"Fluvanna","7","62","Virginia","4/15/20","12","50","51065","416.67"
"Franklin","0","15","Virginia","4/15/20","12","3","51067","25"
"Franklin City","0","7","Virginia","4/15/20","5","2","51620","40"
"Frederick","4","73","Virginia","4/15/20","46","27","51069","58.7"
"Fredericksburg","1","15","Virginia","4/15/20","8","7","51630","87.5"
"Galax","0","1","Virginia","4/15/20","1","0","51640","0"
"Giles","0","4","Virginia","4/15/20","2","2","51071","100"
"Gloucester","1","20","Virginia","4/15/20","16","4","51073","25"
"Goochland","2","40","Virginia","4/15/20","24","16","51075","66.67"
"Greene","0","5","Virginia","4/15/20","4","1","51079","25"
"Greensville","2","16","Virginia","4/15/20","5","11","51081","220"
"Halifax","1","7","Virginia","4/15/20","2","5","51083","250"
"Hampton","3","75","Virginia","4/15/20","53","22","51650","41.51"
"Hanover","4","53","Virginia","4/15/20","22","31","51085","140.91"
"Harrisonburg","9","101","Virginia","4/15/20","36","65","51660","180.56"
"Henrico","23","453","Virginia","4/15/20","291","162","51087","55.67"
"Henry","1","8","Virginia","4/15/20","4","4","51089","100"
"Hopewell","0","14","Virginia","4/15/20","13","1","51670","7.69"
"Isle of Wight","5","60","Virginia","4/15/20","23","37","51093","160.87"
"James City","1","132","Virginia","4/15/20","122","10","51095","8.2"
"King and Queen","0","2","Virginia","4/15/20","1","1","51097","100"
"King George","1","17","Virginia","4/15/20","11","6","51099","54.55"
"King William","0","2","Virginia","4/15/20","2","0","51101","0"
"Lancaster","0","1","Virginia","4/15/20","1","0","51103","0"
"Lee","0","6","Virginia","4/15/20","3","3","51105","100"
"Lexington","0","3","Virginia","4/15/20","3","0","51678","0"
"Loudoun","18","367","Virginia","4/15/20","238","129","51107","54.2"
"Louisa","2","29","Virginia","4/15/20","16","13","51109","81.25"
"Lunenburg","0","3","Virginia","4/15/20","2","1","51111","50"
"Lynchburg","2","34","Virginia","4/15/20","20","14","51680","70"
"Madison","0","8","Virginia","4/15/20","5","3","51113","60"
"Manassas","5","53","Virginia","4/15/20","20","33","51683","165"
"Manassas Park","1","14","Virginia","4/15/20","5","9","51685","180"
"Mathews","0","3","Virginia","4/15/20","2","1","51115","50"
"Mecklenburg","6","57","Virginia","4/15/20","16","41","51117","256.25"
"Middlesex","0","3","Virginia","4/15/20","0","3","51119","1"
"Montgomery","3","34","Virginia","4/15/20","16","18","51121","112.5"
"Nelson","0","5","Virginia","4/15/20","3","2","51125","66.67"
"New Kent","1","16","Virginia","4/15/20","11","5","51127","45.45"
"Newport News","5","95","Virginia","4/15/20","60","35","51700","58.33"
"Norfolk","3","99","Virginia","4/15/20","77","22","51710","28.57"
"Northampton","0","4","Virginia","4/15/20","2","2","51131","100"
"Northumberland","0","4","Virginia","4/15/20","3","1","51133","33.33"
"Nottoway","0","5","Virginia","4/15/20","3","2","51135","66.67"
"Orange","1","17","Virginia","4/15/20","7","10","51137","142.86"
"Page","0","6","Virginia","4/15/20","3","3","51139","100"
"Petersburg","1","19","Virginia","4/15/20","9","10","51730","111.11"
"Pittsylvania","0","4","Virginia","4/15/20","3","1","51143","33.33"
"Poquoson","0","6","Virginia","4/15/20","4","2","51735","50"
"Portsmouth","3","59","Virginia","4/15/20","41","18","51740","43.9"
"Powhatan","0","5","Virginia","4/15/20","4","1","51145","25"
"Prince Edward","2","15","Virginia","4/15/20","3","12","51147","400"
"Prince George","0","27","Virginia","4/15/20","24","3","51149","12.5"
"Prince William","39","536","Virginia","4/15/20","263","273","51153","103.8"
"Pulaski","0","4","Virginia","4/15/20","2","2","51155","100"
"Radford","0","1","Virginia","4/15/20","1","0","51750","0"
"Rappahannock","0","1","Virginia","4/15/20","1","0","51157","0"
"Richmond","1","7","Virginia","4/15/20","2","5","51159","250"
"Richmond City","8","177","Virginia","4/15/20","119","58","51760","48.74"
"Roanoke","1","17","Virginia","4/15/20","9","8","51161","88.89"
"Roanoke City","1","22","Virginia","4/15/20","14","8","51770","57.14"
"Rockbridge","0","3","Virginia","4/15/20","3","0","51163","0"
"Rockingham","7","67","Virginia","4/15/20","20","47","51165","235"
"Russell","0","2","Virginia","4/15/20","1","1","51167","100"
"Salem","0","3","Virginia","4/15/20","1","2","51775","200"
"Scott","0","3","Virginia","4/15/20","0","3","51169","1"
"Shenandoah","2","27","Virginia","4/15/20","13","14","51171","107.69"
"Smyth","1","11","Virginia","4/15/20","5","6","51173","120"
"Southampton","0","6","Virginia","4/15/20","5","1","51175","20"
"Spotsylvania","4","60","Virginia","4/15/20","31","29","51177","93.55"
"Stafford","9","108","Virginia","4/15/20","48","60","51179","125"
"Staunton","0","2","Virginia","4/15/20","1","1","51790","100"
"Suffolk","4","59","Virginia","4/15/20","31","28","51800","90.32"
"Surry","0","3","Virginia","4/15/20","3","0","51181","0"
"Sussex","1","10","Virginia","4/15/20","6","4","51183","66.67"
"Tazewell","0","4","Virginia","4/15/20","4","0","51185","0"
"Virginia Beach","7","256","Virginia","4/15/20","207","49","51810","23.67"
"Warren","2","20","Virginia","4/15/20","8","12","51187","150"
"Washington","2","27","Virginia","4/15/20","12","15","51191","125"
"Waynesboro","1","6","Virginia","4/15/20","2","4","51820","200"
"Westmoreland","0","8","Virginia","4/15/20","5","3","51193","60"
"Williamsburg","0","19","Virginia","4/15/20","16","3","51830","18.75"
"Winchester","1","21","Virginia","4/15/20","15","6","51840","40"
"Wise","2","15","Virginia","4/15/20","4","11","51195","275"
"Wythe","0","7","Virginia","4/15/20","6","1","51197","16.67"
"York","1","35","Virginia","4/15/20","25","10","51199","40"
"Adams","1","39","Washington","4/15/20","29","10","53001","34.48"
"Asotin","0","6","Washington","4/15/20","4","2","53003","50"
"Benton","12","266","Washington","4/15/20","179","87","53005","48.6"
"Chelan","4","61","Washington","4/15/20","34","27","53007","79.41"
"Clallam","1","14","Washington","4/15/20","9","5","53009","55.56"
"Clark","10","258","Washington","4/15/20","190","68","53011","35.79"
"Columbia","0","1","Washington","4/15/20","1","0","53013","0"
"Cowlitz","1","26","Washington","4/15/20","21","5","53015","23.81"
"Douglas","3","29","Washington","4/15/20","10","19","53017","190"
"Ferry","0","1","Washington","4/15/20","1","0","53019","0"
"Franklin","16","185","Washington","4/15/20","75","110","53021","146.67"
"Grant","4","122","Washington","4/15/20","94","28","53025","29.79"
"Grays Harbor","1","12","Washington","4/15/20","7","5","53027","71.43"
"Island","3","163","Washington","4/15/20","145","18","53029","12.41"
"Jefferson","0","28","Washington","4/15/20","27","1","53031","3.7"
"King","133","4620","Washington","4/15/20","3688","932","53033","25.27"
"Kitsap","2","132","Washington","4/15/20","119","13","53035","10.92"
"Kittitas","0","14","Washington","4/15/20","13","1","53037","7.69"
"Klickitat","1","15","Washington","4/15/20","11","4","53039","36.36"
"Lewis","0","19","Washington","4/15/20","16","3","53041","18.75"
"Lincoln","0","2","Washington","4/15/20","1","1","53043","100"
"Mason","0","19","Washington","4/15/20","17","2","53045","11.76"
"Okanogan","1","15","Washington","4/15/20","10","5","53047","50"
"Pacific","0","1","Washington","4/15/20","0","1","53049","1"
"Pend Oreille","0","1","Washington","4/15/20","1","0","53051","0"
"Pierce","29","1000","Washington","4/15/20","795","205","53053","25.79"
"San Juan","0","13","Washington","4/15/20","12","1","53055","8.33"
"Skagit","4","198","Washington","4/15/20","169","29","53057","17.16"
"Skamania","0","3","Washington","4/15/20","2","1","53059","50"
"Snohomish","42","1988","Washington","4/15/20","1695","293","53061","17.29"
"Spokane","6","278","Washington","4/15/20","239","39","53063","16.32"
"Stevens","0","7","Washington","4/15/20","5","2","53065","40"
"Thurston","1","82","Washington","4/15/20","74","8","53067","10.81"
"Wahkiakum","0","2","Washington","4/15/20","2","0","53069","0"
"Walla Walla","1","23","Washington","4/15/20","16","7","53071","43.75"
"Whatcom","4","269","Washington","4/15/20","238","31","53073","13.03"
"Whitman","0","12","Washington","4/15/20","12","0","53075","0"
"Yakima","34","635","Washington","4/15/20","400","235","53077","58.75"
"Barbour","0","4","West Virginia","4/15/20","4","0","54001","0"
"Berkeley","5","99","West Virginia","4/15/20","66","33","54003","50"
"Boone","0","1","West Virginia","4/15/20","1","0","54005","0"
"Braxton","0","1","West Virginia","4/15/20","1","0","54007","0"
"Brooke","0","3","West Virginia","4/15/20","1","2","54009","200"
"Cabell","2","28","West Virginia","4/15/20","12","16","54011","133.33"
"Fayette","0","2","West Virginia","4/15/20","1","1","54019","100"
"Grant","0","1","West Virginia","4/15/20","0","1","54023","1"
"Greenbrier","0","3","West Virginia","4/15/20","3","0","54025","0"
"Hampshire","1","7","West Virginia","4/15/20","1","6","54027","600"
"Hancock","0","7","West Virginia","4/15/20","7","0","54029","0"
"Hardy","0","2","West Virginia","4/15/20","2","0","54031","0"
"Harrison","0","28","West Virginia","4/15/20","29","-1","54033","-3.45"
"Jackson","2","33","West Virginia","4/15/20","19","14","54035","73.68"
"Jefferson","2","54","West Virginia","4/15/20","38","16","54037","42.11"
"Kanawha","3","88","West Virginia","4/15/20","69","19","54039","27.54"
"Lewis","0","2","West Virginia","4/15/20","1","1","54041","100"
"Lincoln","0","1","West Virginia","4/15/20","0","1","54043","1"
"Logan","0","8","West Virginia","4/15/20","8","0","54045","0"
"Marion","2","41","West Virginia","4/15/20","30","11","54049","36.67"
"Marshall","0","7","West Virginia","4/15/20","5","2","54051","40"
"Mason","0","9","West Virginia","4/15/20","6","3","54053","50"
"McDowell","0","6","West Virginia","4/15/20","3","3","54047","100"
"Mercer","0","8","West Virginia","4/15/20","6","2","54055","33.33"
"Mineral","0","6","West Virginia","4/15/20","3","3","54057","100"
"Mingo","0","1","West Virginia","4/15/20","0","1","54059","1"
"Monongalia","2","83","West Virginia","4/15/20","68","15","54061","22.06"
"Monroe","0","1","West Virginia","4/15/20","0","1","54063","1"
"Morgan","0","6","West Virginia","4/15/20","4","2","54065","50"
"Nicholas","0","3","West Virginia","4/15/20","2","1","54067","50"
"Ohio","1","22","West Virginia","4/15/20","18","4","54069","22.22"
"Pendleton","0","1","West Virginia","4/15/20","1","0","54071","0"
"Pleasants","0","1","West Virginia","4/15/20","1","0","54073","0"
"Preston","0","6","West Virginia","4/15/20","6","0","54077","0"
"Putnam","0","13","West Virginia","4/15/20","10","3","54079","30"
"Raleigh","0","6","West Virginia","4/15/20","4","2","54081","50"
"Randolph","0","4","West Virginia","4/15/20","3","1","54083","33.33"
"Roane","0","2","West Virginia","4/15/20","2","0","54087","0"
"Summers","0","1","West Virginia","4/15/20","0","1","54089","1"
"Taylor","0","4","West Virginia","4/15/20","3","1","54091","33.33"
"Tucker","0","4","West Virginia","4/15/20","3","1","54093","33.33"
"Tyler","0","3","West Virginia","4/15/20","1","2","54095","200"
"Upshur","0","3","West Virginia","4/15/20","1","2","54097","200"
"Wayne","9","61","West Virginia","4/15/20","0","61","54099","1"
"Wetzel","0","3","West Virginia","4/15/20","3","0","54103","0"
"Wirt","0","2","West Virginia","4/15/20","1","1","54105","100"
"Wood","1","22","West Virginia","4/15/20","14","8","54107","57.14"
"Wyoming","0","1","West Virginia","4/15/20","1","0","54109","0"
"Adams","0","3","Wisconsin","4/15/20","2","1","55001","50"
"Ashland","0","2","Wisconsin","4/15/20","1","1","55003","100"
"Barron","0","6","Wisconsin","4/15/20","4","2","55005","50"
"Bayfield","0","3","Wisconsin","4/15/20","3","0","55007","0"
"Brown","10","114","Wisconsin","4/15/20","41","73","55009","178.05"
"Buffalo","0","4","Wisconsin","4/15/20","2","2","55011","100"
"Calumet","0","5","Wisconsin","4/15/20","4","1","55015","25"
"Chippewa","1","20","Wisconsin","4/15/20","16","4","55017","25"
"Clark","0","9","Wisconsin","4/15/20","7","2","55019","28.57"
"Columbia","1","27","Wisconsin","4/15/20","23","4","55021","17.39"
"Crawford","0","3","Wisconsin","4/15/20","2","1","55023","50"
"Dane","7","351","Wisconsin","4/15/20","303","48","55025","15.84"
"Dodge","1","19","Wisconsin","4/15/20","15","4","55027","26.67"
"Door","0","9","Wisconsin","4/15/20","7","2","55029","28.57"
"Douglas","0","7","Wisconsin","4/15/20","7","0","55031","0"
"Dunn","1","9","Wisconsin","4/15/20","5","4","55033","80"
"Eau Claire","0","21","Wisconsin","4/15/20","21","0","55035","0"
"Florence","0","2","Wisconsin","4/15/20","2","0","55037","0"
"Fond du Lac","2","59","Wisconsin","4/15/20","44","15","55039","34.09"
"Grant","1","8","Wisconsin","4/15/20","3","5","55043","166.67"
"Green","0","9","Wisconsin","4/15/20","9","0","55045","0"
"Green Lake","0","1","Wisconsin","4/15/20","0","1","55047","1"
"Iowa","0","5","Wisconsin","4/15/20","4","1","55049","25"
"Iron","0","2","Wisconsin","4/15/20","1","1","55051","100"
"Jackson","1","10","Wisconsin","4/15/20","4","6","55053","150"
"Jefferson","1","24","Wisconsin","4/15/20","15","9","55055","60"
"Juneau","0","7","Wisconsin","4/15/20","5","2","55057","40"
"Kenosha","11","204","Wisconsin","4/15/20","127","77","55059","60.63"
"Kewaunee","1","5","Wisconsin","4/15/20","1","4","55061","400"
"La Crosse","0","25","Wisconsin","4/15/20","22","3","55063","13.64"
"Lafayette","0","3","Wisconsin","4/15/20","1","2","55065","200"
"Manitowoc","0","4","Wisconsin","4/15/20","3","1","55071","33.33"
"Marathon","0","14","Wisconsin","4/15/20","12","2","55073","16.67"
"Marinette","0","4","Wisconsin","4/15/20","3","1","55075","33.33"
"Marquette","0","3","Wisconsin","4/15/20","2","1","55077","50"
"Menominee","0","1","Wisconsin","4/15/20","1","0","55078","0"
"Milwaukee","65","1870","Wisconsin","4/15/20","1416","454","55079","32.06"
"Monroe","1","10","Wisconsin","4/15/20","5","5","55081","100"
"Oconto","0","4","Wisconsin","4/15/20","1","3","55083","300"
"Oneida","0","6","Wisconsin","4/15/20","5","1","55085","20"
"Outagamie","1","31","Wisconsin","4/15/20","25","6","55087","24"
"Ozaukee","1","77","Wisconsin","4/15/20","70","7","55089","10"
"Pierce","0","7","Wisconsin","4/15/20","7","0","55093","0"
"Polk","0","3","Wisconsin","4/15/20","0","3","55095","1"
"Portage","0","4","Wisconsin","4/15/20","4","0","55097","0"
"Price","0","1","Wisconsin","4/15/20","0","1","55099","1"
"Racine","10","138","Wisconsin","4/15/20","66","72","55101","109.09"
"Richland","1","7","Wisconsin","4/15/20","3","4","55103","133.33"
"Rock","4","62","Wisconsin","4/15/20","37","25","55105","67.57"
"Rusk","0","3","Wisconsin","4/15/20","3","0","55107","0"
"Sauk","2","31","Wisconsin","4/15/20","20","11","55111","55"
"Sawyer","0","2","Wisconsin","4/15/20","0","2","55113","1"
"Shawano","0","6","Wisconsin","4/15/20","3","3","55115","100"
"Sheboygan","1","37","Wisconsin","4/15/20","32","5","55117","15.62"
"St. Croix","0","10","Wisconsin","4/15/20","7","3","55109","42.86"
"Trempealeau","0","1","Wisconsin","4/15/20","1","0","55121","0"
"Vilas","0","4","Wisconsin","4/15/20","4","0","55125","0"
"Walworth","4","49","Wisconsin","4/15/20","21","28","55127","133.33"
"Washington","2","78","Wisconsin","4/15/20","63","15","55131","23.81"
"Waukesha","10","238","Wisconsin","4/15/20","166","72","55133","43.37"
"Waupaca","0","4","Wisconsin","4/15/20","2","2","55135","100"
"Waushara","0","2","Wisconsin","4/15/20","1","1","55137","100"
"Winnebago","1","31","Wisconsin","4/15/20","24","7","55139","29.17"
"Wood","0","2","Wisconsin","4/15/20","2","0","55141","0"
"Albany","0","5","Wyoming","4/15/20","4","1","56001","25"
"Big Horn","0","1","Wyoming","4/15/20","0","1","56003","1"
"Campbell","1","13","Wyoming","4/15/20","9","4","56005","44.44"
"Carbon","0","4","Wyoming","4/15/20","4","0","56007","0"
"Converse","1","8","Wyoming","4/15/20","4","4","56009","100"
"Crook","0","4","Wyoming","4/15/20","1","3","56011","300"
"Fremont","1","42","Wyoming","4/15/20","38","4","56013","10.53"
"Goshen","0","3","Wyoming","4/15/20","3","0","56015","0"
"Hot Springs","0","1","Wyoming","4/15/20","0","1","56017","1"
"Johnson","0","11","Wyoming","4/15/20","8","3","56019","37.5"
"Laramie","2","64","Wyoming","4/15/20","48","16","56021","33.33"
"Lincoln","0","5","Wyoming","4/15/20","4","1","56023","25"
"Natrona","1","34","Wyoming","4/15/20","26","8","56025","30.77"
"Niobrara","0","1","Wyoming","4/15/20","0","1","56027","1"
"Park","0","1","Wyoming","4/15/20","1","0","56029","0"
"Sheridan","0","12","Wyoming","4/15/20","12","0","56033","0"
"Sublette","0","1","Wyoming","4/15/20","1","0","56035","0"
"Sweetwater","1","10","Wyoming","4/15/20","6","4","56037","66.67"
"Teton","2","58","Wyoming","4/15/20","44","14","56039","31.82"
"Uinta","0","4","Wyoming","4/15/20","3","1","56041","33.33"
"Washakie","0","5","Wyoming","4/15/20","5","0","56043","0"
