"Locality","DailyAvgNewCasesPast7Days","TotalCases","State","Date","TotalCases7DaysAgo","NewCasesPast7Days","FIPS-Code","PercentIncreaseTotalCasesPast7Days"
"Autauga","1","30","Alabama","4/21/20","23","7","01001","30.43"
"Baldwin","5","123","Alabama","4/21/20","87","36","01003","41.38"
"Barbour","2","28","Alabama","4/21/20","11","17","01005","154.55"
"Bibb","2","32","Alabama","4/21/20","17","15","01007","88.24"
"Blount","1","26","Alabama","4/21/20","16","10","01009","62.5"
"Bullock","0","11","Alabama","4/21/20","8","3","01011","37.5"
"Butler","1","15","Alabama","4/21/20","8","7","01013","87.5"
"Calhoun","3","83","Alabama","4/21/20","62","21","01015","33.87"
"Chambers","6","259","Alabama","4/21/20","216","43","01017","19.91"
"Cherokee","1","13","Alabama","4/21/20","9","4","01019","44.44"
"Chilton","2","44","Alabama","4/21/20","33","11","01021","33.33"
"Choctaw","1","18","Alabama","4/21/20","12","6","01023","50"
"Clarke","0","24","Alabama","4/21/20","21","3","01025","14.29"
"Clay","1","19","Alabama","4/21/20","14","5","01027","35.71"
"Cleburne","0","12","Alabama","4/21/20","12","0","01029","0"
"Coffee","5","68","Alabama","4/21/20","36","32","01031","88.89"
"Colbert","1","16","Alabama","4/21/20","11","5","01033","45.45"
"Conecuh","1","9","Alabama","4/21/20","5","4","01035","80"
"Coosa","1","24","Alabama","4/21/20","18","6","01037","33.33"
"Covington","1","26","Alabama","4/21/20","16","10","01039","62.5"
"Crenshaw","0","6","Alabama","4/21/20","3","3","01041","100"
"Cullman","1","45","Alabama","4/21/20","40","5","01043","12.5"
"Dale","1","21","Alabama","4/21/20","12","9","01045","75"
"Dallas","2","29","Alabama","4/21/20","17","12","01047","70.59"
"DeKalb","3","51","Alabama","4/21/20","29","22","01049","75.86"
"Elmore","4","73","Alabama","4/21/20","43","30","01051","69.77"
"Escambia","1","17","Alabama","4/21/20","10","7","01053","70"
"Etowah","4","109","Alabama","4/21/20","78","31","01055","39.74"
"Fayette","0","4","Alabama","4/21/20","4","0","01057","0"
"Franklin","1","18","Alabama","4/21/20","12","6","01059","50"
"Geneva","0","4","Alabama","4/21/20","1","3","01061","300"
"Greene","2","32","Alabama","4/21/20","18","14","01063","77.78"
"Hale","2","34","Alabama","4/21/20","17","17","01065","100"
"Henry","1","20","Alabama","4/21/20","14","6","01067","42.86"
"Houston","3","73","Alabama","4/21/20","52","21","01069","40.38"
"Jackson","2","41","Alabama","4/21/20","29","12","01071","41.38"
"Jefferson","11","698","Alabama","4/21/20","620","78","01073","12.58"
"Lamar","0","9","Alabama","4/21/20","7","2","01075","28.57"
"Lauderdale","0","25","Alabama","4/21/20","22","3","01077","13.64"
"Lawrence","0","10","Alabama","4/21/20","8","2","01079","25"
"Lee","8","319","Alabama","4/21/20","265","54","01081","20.38"
"Limestone","0","40","Alabama","4/21/20","37","3","01083","8.11"
"Lowndes","2","32","Alabama","4/21/20","19","13","01085","68.42"
"Macon","1","27","Alabama","4/21/20","19","8","01087","42.11"
"Madison","2","203","Alabama","4/21/20","191","12","01089","6.28"
"Marengo","2","35","Alabama","4/21/20","23","12","01091","52.17"
"Marion","1","65","Alabama","4/21/20","58","7","01093","12.07"
"Marshall","13","194","Alabama","4/21/20","104","90","01095","86.54"
"Mobile","29","714","Alabama","4/21/20","509","205","01097","40.28"
"Monroe","0","9","Alabama","4/21/20","7","2","01099","28.57"
"Montgomery","12","245","Alabama","4/21/20","161","84","01101","52.17"
"Morgan","1","51","Alabama","4/21/20","41","10","01103","24.39"
"Perry","0","9","Alabama","4/21/20","7","2","01105","28.57"
"Pickens","3","43","Alabama","4/21/20","24","19","01107","79.17"
"Pike","3","46","Alabama","4/21/20","22","24","01109","109.09"
"Randolph","2","59","Alabama","4/21/20","45","14","01111","31.11"
"Russell","3","48","Alabama","4/21/20","30","18","01113","60"
"Shelby","5","273","Alabama","4/21/20","235","38","01117","16.17"
"St. Clair","2","59","Alabama","4/21/20","45","14","01115","31.11"
"Sumter","3","44","Alabama","4/21/20","26","18","01119","69.23"
"Talladega","2","50","Alabama","4/21/20","38","12","01121","31.58"
"Tallapoosa","15","228","Alabama","4/21/20","123","105","01123","85.37"
"Tuscaloosa","5","158","Alabama","4/21/20","122","36","01125","29.51"
"Walker","1","91","Alabama","4/21/20","84","7","01127","8.33"
"Washington","1","17","Alabama","4/21/20","12","5","01129","41.67"
"Wilcox","3","49","Alabama","4/21/20","31","18","01131","58.06"
"Winston","1","10","Alabama","4/21/20","4","6","01133","150"
"Anchorage","3","160","Alaska","4/21/20","136","24","02020","17.65"
"Bethel","0","1","Alaska","4/21/20","1","0","02050","0"
"Fairbanks North Star","0","79","Alaska","4/21/20","79","0","02090","0"
"Juneau","1","26","Alaska","4/21/20","18","8","02110","44.44"
"Kenai Peninsula","1","19","Alaska","4/21/20","15","4","02122","26.67"
"Ketchikan Gateway","0","16","Alaska","4/21/20","15","1","02130","6.67"
"Kodiak Island","0","1","Alaska","4/21/20","0","1","02150","1"
"Matanuska-Susitna","1","19","Alaska","4/21/20","15","4","02170","26.67"
"Nome","0","1","Alaska","4/21/20","0","1","02180","1"
"Petersburg","0","3","Alaska","4/21/20","2","1","02195","50"
"Prince of Wales-Hyder","0","2","Alaska","4/21/20","2","0","02198","0"
"Southeast Fairbanks","0","1","Alaska","4/21/20","1","0","02240","0"
"Yukon-Koyukuk","0","1","Alaska","4/21/20","1","0","02290","0"
"Apache","18","226","Arizona","4/21/20","97","129","04001","132.99"
"Cochise","2","29","Arizona","4/21/20","15","14","04003","93.33"
"Coconino","10","342","Arizona","4/21/20","270","72","04005","26.67"
"Gila","1","9","Arizona","4/21/20","3","6","04007","200"
"Graham","0","2","Arizona","4/21/20","2","0","04009","0"
"Greenlee","0","2","Arizona","4/21/20","2","0","04011","0"
"La Paz","0","6","Arizona","4/21/20","4","2","04012","50"
"Maricopa","97","2738","Arizona","4/21/20","2056","682","04013","33.17"
"Mohave","2","59","Arizona","4/21/20","45","14","04015","31.11"
"Navajo","19","485","Arizona","4/21/20","355","130","04017","36.62"
"Pima","40","963","Arizona","4/21/20","685","278","04019","40.58"
"Pinal","13","268","Arizona","4/21/20","175","93","04021","53.14"
"Santa Cruz","2","23","Arizona","4/21/20","10","13","04023","130"
"Yavapai","0","72","Arizona","4/21/20","70","2","04025","2.86"
"Yuma","2","32","Arizona","4/21/20","20","12","04027","60"
"Arkansas","0","2","Arkansas","4/21/20","2","0","05001","0"
"Ashley","0","12","Arkansas","4/21/20","11","1","05003","9.09"
"Baxter","0","5","Arkansas","4/21/20","4","1","05005","25"
"Benton","1","66","Arkansas","4/21/20","60","6","05007","10"
"Boone","0","3","Arkansas","4/21/20","3","0","05009","0"
"Bradley","0","7","Arkansas","4/21/20","7","0","05011","0"
"Carroll","0","2","Arkansas","4/21/20","2","0","05015","0"
"Chicot","0","7","Arkansas","4/21/20","7","0","05017","0"
"Clark","0","27","Arkansas","4/21/20","26","1","05019","3.85"
"Clay","0","1","Arkansas","4/21/20","1","0","05021","0"
"Cleburne","0","71","Arkansas","4/21/20","70","1","05023","1.43"
"Cleveland","0","8","Arkansas","4/21/20","8","0","05025","0"
"Columbia","0","5","Arkansas","4/21/20","3","2","05027","66.67"
"Conway","0","5","Arkansas","4/21/20","4","1","05029","25"
"Craighead","1","45","Arkansas","4/21/20","36","9","05031","25"
"Crawford","0","4","Arkansas","4/21/20","4","0","05033","0"
"Crittenden","4","145","Arkansas","4/21/20","116","29","05035","25"
"Cross","0","8","Arkansas","4/21/20","7","1","05037","14.29"
"Dallas","0","1","Arkansas","4/21/20","1","0","05039","0"
"Desha","0","7","Arkansas","4/21/20","6","1","05041","16.67"
"Drew","0","6","Arkansas","4/21/20","6","0","05043","0"
"Faulkner","1","62","Arkansas","4/21/20","58","4","05045","6.9"
"Franklin","0","1","Arkansas","4/21/20","2","-1","05047","-50"
"Garland","1","109","Arkansas","4/21/20","102","7","05051","6.86"
"Grant","0","11","Arkansas","4/21/20","10","1","05053","10"
"Greene","0","9","Arkansas","4/21/20","6","3","05055","50"
"Hempstead","0","5","Arkansas","4/21/20","4","1","05057","25"
"Hot Spring","0","8","Arkansas","4/21/20","8","0","05059","0"
"Howard","1","14","Arkansas","4/21/20","9","5","05061","55.56"
"Independence","0","8","Arkansas","4/21/20","6","2","05063","33.33"
"Izard","0","2","Arkansas","4/21/20","2","0","05065","0"
"Jackson","0","1","Arkansas","4/21/20","1","0","05067","0"
"Jefferson","3","126","Arkansas","4/21/20","105","21","05069","20"
"Johnson","0","22","Arkansas","4/21/20","19","3","05071","15.79"
"Lafayette","0","4","Arkansas","4/21/20","3","1","05073","33.33"
"Lawrence","2","26","Arkansas","4/21/20","11","15","05075","136.36"
"Lee","0","3","Arkansas","4/21/20","2","1","05077","50"
"Lincoln","29","258","Arkansas","4/21/20","56","202","05079","360.71"
"Logan","0","3","Arkansas","4/21/20","2","1","05083","50"
"Lonoke","0","26","Arkansas","4/21/20","29","-3","05085","-10.34"
"Madison","0","1","Arkansas","4/21/20","1","0","05087","0"
"Marion","0","1","Arkansas","4/21/20","1","0","05089","0"
"Miller","0","30","Arkansas","4/21/20","28","2","05091","7.14"
"Mississippi","0","9","Arkansas","4/21/20","7","2","05093","28.57"
"Monroe","0","4","Arkansas","4/21/20","2","2","05095","100"
"Nevada","0","1","Arkansas","4/21/20","1","0","05099","0"
"Newton","0","2","Arkansas","4/21/20","1","1","05101","100"
"Ouachita","0","5","Arkansas","4/21/20","5","0","05103","0"
"Perry","0","3","Arkansas","4/21/20","2","1","05105","50"
"Phillips","0","4","Arkansas","4/21/20","4","0","05107","0"
"Pike","0","2","Arkansas","4/21/20","2","0","05109","0"
"Poinsett","0","10","Arkansas","4/21/20","7","3","05111","42.86"
"Polk","0","7","Arkansas","4/21/20","6","1","05113","16.67"
"Pope","1","35","Arkansas","4/21/20","31","4","05115","12.9"
"Prairie","0","2","Arkansas","4/21/20","2","0","05117","0"
"Pulaski","13","390","Arkansas","4/21/20","297","93","05119","31.31"
"Randolph","1","14","Arkansas","4/21/20","8","6","05121","75"
"Saline","2","45","Arkansas","4/21/20","33","12","05125","36.36"
"Scott","0","1","Arkansas","4/21/20","1","0","05127","0"
"Searcy","0","6","Arkansas","4/21/20","6","0","05129","0"
"Sebastian","0","11","Arkansas","4/21/20","11","0","05131","0"
"Sevier","0","10","Arkansas","4/21/20","8","2","05133","25"
"Sharp","0","2","Arkansas","4/21/20","2","0","05135","0"
"St. Francis","3","65","Arkansas","4/21/20","45","20","05123","44.44"
"Stone","0","7","Arkansas","4/21/20","7","0","05137","0"
"Union","1","26","Arkansas","4/21/20","17","9","05139","52.94"
"Van Buren","0","26","Arkansas","4/21/20","26","0","05141","0"
"Washington","2","59","Arkansas","4/21/20","43","16","05143","37.21"
"White","0","29","Arkansas","4/21/20","28","1","05145","3.57"
"Woodruff","0","1","Arkansas","4/21/20","1","0","05147","0"
"Yell","0","2","Arkansas","4/21/20","1","1","05149","100"
"Alameda","50","1241","California","4/21/20","888","353","06001","39.75"
"Alpine","0","1","California","4/21/20","2","-1","06003","-50"
"Amador","0","7","California","4/21/20","7","0","06005","0"
"Butte","0","16","California","4/21/20","15","1","06007","6.67"
"Calaveras","0","12","California","4/21/20","9","3","06009","33.33"
"Colusa","0","3","California","4/21/20","3","0","06011","0"
"Contra Costa","28","749","California","4/21/20","552","197","06013","35.69"
"Del Norte","0","2","California","4/21/20","2","0","06015","0"
"El Dorado","1","38","California","4/21/20","34","4","06017","11.76"
"Fresno","18","351","California","4/21/20","222","129","06019","58.11"
"Glenn","0","4","California","4/21/20","4","0","06021","0"
"Humboldt","0","52","California","4/21/20","50","2","06023","4"
"Imperial","11","175","California","4/21/20","100","75","06025","75"
"Inyo","1","18","California","4/21/20","12","6","06027","50"
"Kern","30","671","California","4/21/20","462","209","06029","45.24"
"Kings","3","32","California","4/21/20","12","20","06031","166.67"
"Lake","0","6","California","4/21/20","4","2","06033","50"
"Los Angeles","729","15153","California","4/21/20","10047","5106","06037","50.82"
"Madera","0","36","California","4/21/20","33","3","06039","9.09"
"Marin","4","199","California","4/21/20","170","29","06041","17.06"
"Mendocino","0","5","California","4/21/20","4","1","06045","25"
"Merced","3","92","California","4/21/20","74","18","06047","24.32"
"Mono","0","24","California","4/21/20","23","1","06051","4.35"
"Monterey","9","148","California","4/21/20","87","61","06053","70.11"
"Napa","1","48","California","4/21/20","38","10","06055","26.32"
"Nevada","1","38","California","4/21/20","34","4","06057","11.76"
"Orange","56","1691","California","4/21/20","1299","392","06059","30.18"
"Placer","1","133","California","4/21/20","128","5","06061","3.91"
"Plumas","0","4","California","4/21/20","4","0","06063","0"
"Riverside","127","2847","California","4/21/20","1961","886","06065","45.18"
"Sacramento","20","954","California","4/21/20","816","138","06067","16.91"
"San Benito","1","44","California","4/21/20","39","5","06069","12.82"
"San Bernardino","73","1489","California","4/21/20","977","512","06071","52.41"
"San Diego","68","2325","California","4/21/20","1847","478","06073","25.88"
"San Francisco","35","1231","California","4/21/20","987","244","06075","24.72"
"San Joaquin","19","449","California","4/21/20","314","135","06077","42.99"
"San Luis Obispo","2","134","California","4/21/20","117","17","06079","14.53"
"San Mateo","31","935","California","4/21/20","721","214","06081","29.68"
"Santa Barbara","19","416","California","4/21/20","284","132","06083","46.48"
"Santa Clara","37","1922","California","4/21/20","1666","256","06085","15.37"
"Santa Cruz","2","108","California","4/21/20","91","17","06087","18.68"
"Shasta","0","26","California","4/21/20","25","1","06089","4"
"Siskiyou","0","5","California","4/21/20","5","0","06093","0"
"Solano","6","180","California","4/21/20","135","45","06095","33.33"
"Sonoma","4","182","California","4/21/20","152","30","06097","19.74"
"Stanislaus","12","232","California","4/21/20","146","86","06099","58.9"
"Sutter","0","26","California","4/21/20","23","3","06101","13.04"
"Tehama","0","1","California","4/21/20","1","0","06103","0"
"Tulare","18","422","California","4/21/20","296","126","06107","42.57"
"Tuolumne","0","2","California","4/21/20","1","1","06109","100"
"Ventura","16","428","California","4/21/20","317","111","06111","35.02"
"Yolo","6","142","California","4/21/20","101","41","06113","40.59"
"Yuba","0","16","California","4/21/20","15","1","06115","6.67"
"Adams","39","996","Colorado","4/21/20","726","270","08001","37.19"
"Alamosa","0","9","Colorado","4/21/20","7","2","08003","28.57"
"Arapahoe","67","1649","Colorado","4/21/20","1183","466","08005","39.39"
"Archuleta","0","7","Colorado","4/21/20","6","1","08007","16.67"
"Baca","0","10","Colorado","4/21/20","10","0","08009","0"
"Boulder","14","390","Colorado","4/21/20","293","97","08013","33.11"
"Broomfield","3","106","Colorado","4/21/20","88","18","08014","20.45"
"Chaffee","1","38","Colorado","4/21/20","28","10","08015","35.71"
"Clear Creek","0","11","Colorado","4/21/20","11","0","08019","0"
"Costilla","0","3","Colorado","4/21/20","3","0","08023","0"
"Crowley","0","2","Colorado","4/21/20","2","0","08025","0"
"Custer","0","2","Colorado","4/21/20","2","0","08027","0"
"Delta","2","25","Colorado","4/21/20","12","13","08029","108.33"
"Denver","86","2004","Colorado","4/21/20","1402","602","08031","42.94"
"Douglas","10","384","Colorado","4/21/20","311","73","08035","23.47"
"Eagle","3","487","Colorado","4/21/20","468","19","08037","4.06"
"El Paso","13","744","Colorado","4/21/20","652","92","08041","14.11"
"Elbert","1","24","Colorado","4/21/20","17","7","08039","41.18"
"Fremont","0","11","Colorado","4/21/20","8","3","08043","37.5"
"Garfield","2","71","Colorado","4/21/20","59","12","08045","20.34"
"Gilpin","0","1","Colorado","4/21/20","1","0","08047","0"
"Grand","0","5","Colorado","4/21/20","4","1","08049","25"
"Gunnison","3","121","Colorado","4/21/20","99","22","08051","22.22"
"Hinsdale","0","3","Colorado","4/21/20","3","0","08053","0"
"Huerfano","0","1","Colorado","4/21/20","1","0","08055","0"
"Jefferson","29","1011","Colorado","4/21/20","809","202","08059","24.97"
"Kit Carson","1","18","Colorado","4/21/20","8","10","08063","125"
"La Plata","1","51","Colorado","4/21/20","44","7","08067","15.91"
"Lake","0","8","Colorado","4/21/20","5","3","08065","60"
"Larimer","7","250","Colorado","4/21/20","198","52","08069","26.26"
"Las Animas","0","3","Colorado","4/21/20","2","1","08071","50"
"Lincoln","0","3","Colorado","4/21/20","2","1","08073","50"
"Logan","1","23","Colorado","4/21/20","13","10","08075","76.92"
"Mesa","0","35","Colorado","4/21/20","35","0","08077","0"
"Mineral","0","2","Colorado","4/21/20","2","0","08079","0"
"Moffat","0","6","Colorado","4/21/20","3","3","08081","100"
"Montezuma","0","13","Colorado","4/21/20","12","1","08083","8.33"
"Montrose","2","80","Colorado","4/21/20","63","17","08085","26.98"
"Morgan","13","180","Colorado","4/21/20","89","91","08087","102.25"
"Otero","0","7","Colorado","4/21/20","5","2","08089","40"
"Ouray","0","5","Colorado","4/21/20","4","1","08091","25"
"Park","0","6","Colorado","4/21/20","6","0","08093","0"
"Phillips","0","5","Colorado","4/21/20","4","1","08095","25"
"Pitkin","1","58","Colorado","4/21/20","49","9","08097","18.37"
"Prowers","0","1","Colorado","4/21/20","1","0","08099","0"
"Pueblo","4","92","Colorado","4/21/20","64","28","08101","43.75"
"Rio Blanco","0","1","Colorado","4/21/20","1","0","08103","0"
"Rio Grande","0","7","Colorado","4/21/20","5","2","08105","40"
"Routt","1","51","Colorado","4/21/20","41","10","08107","24.39"
"Saguache","0","3","Colorado","4/21/20","3","0","08109","0"
"San Miguel","1","17","Colorado","4/21/20","12","5","08113","41.67"
"Summit","3","93","Colorado","4/21/20","74","19","08117","25.68"
"Teller","1","25","Colorado","4/21/20","16","9","08119","56.25"
"Washington","0","6","Colorado","4/21/20","5","1","08121","20"
"Weld","46","1180","Colorado","4/21/20","858","322","08123","37.53"
"Yuma","0","3","Colorado","4/21/20","2","1","08125","50"
"Fairfield","323","8472","Connecticut","4/21/20","6213","2259","09001","36.36"
"Hartford","226","3951","Connecticut","4/21/20","2370","1581","09003","66.71"
"Litchfield","26","643","Connecticut","4/21/20","460","183","09005","39.78"
"Middlesex","22","512","Connecticut","4/21/20","355","157","09007","44.23"
"New Haven","279","5493","Connecticut","4/21/20","3543","1950","09009","55.04"
"New London","20","369","Connecticut","4/21/20","227","142","09011","62.56"
"Tolland","15","305","Connecticut","4/21/20","201","104","09013","51.74"
"Windham","4","112","Connecticut","4/21/20","87","25","09015","28.74"
"Kent","19","459","Delaware","4/21/20","329","130","10001","39.51"
"New Castle","51","1303","Delaware","4/21/20","947","356","10003","37.59"
"Sussex","71","1139","Delaware","4/21/20","639","500","10005","78.25"
"","0","49","Diamond Princess","4/21/20","49","0",,"0"
"District of Columbia","149","3098","District of Columbia","4/21/20","2058","1040","11001","50.53"
"Alachua","4","224","Florida","4/21/20","195","29","12001","14.87"
"Baker","0","17","Florida","4/21/20","17","0","12003","0"
"Bay","3","58","Florida","4/21/20","38","20","12005","52.63"
"Bradford","2","42","Florida","4/21/20","31","11","12007","35.48"
"Brevard","9","224","Florida","4/21/20","163","61","12009","37.42"
"Broward","130","4168","Florida","4/21/20","3261","907","12011","27.81"
"Calhoun","0","6","Florida","4/21/20","5","1","12013","20"
"Charlotte","3","143","Florida","4/21/20","123","20","12015","16.26"
"Citrus","2","92","Florida","4/21/20","75","17","12017","22.67"
"Clay","13","256","Florida","4/21/20","168","88","12019","52.38"
"Collier","14","477","Florida","4/21/20","380","97","12021","25.53"
"Columbia","2","43","Florida","4/21/20","28","15","12023","53.57"
"DeSoto","0","24","Florida","4/21/20","22","2","12027","9.09"
"Dixie","0","4","Florida","4/21/20","2","2","12029","100"
"Duval","27","909","Florida","4/21/20","718","191","12031","26.6"
"Escambia","13","340","Florida","4/21/20","247","93","12033","37.65"
"Flagler","5","78","Florida","4/21/20","45","33","12035","73.33"
"Franklin","0","2","Florida","4/21/20","2","0","12037","0"
"Gadsden","3","57","Florida","4/21/20","38","19","12039","50"
"Gilchrist","0","4","Florida","4/21/20","6","-2","12041","-33.33"
"Glades","0","5","Florida","4/21/20","5","0","12043","0"
"Gulf","0","1","Florida","4/21/20","1","0","12045","0"
"Hamilton","0","4","Florida","4/21/20","2","2","12047","100"
"Hardee","0","4","Florida","4/21/20","3","1","12049","33.33"
"Hendry","3","46","Florida","4/21/20","23","23","12051","100"
"Hernando","2","84","Florida","4/21/20","71","13","12053","18.31"
"Highlands","1","71","Florida","4/21/20","62","9","12055","14.52"
"Hillsborough","23","979","Florida","4/21/20","819","160","12057","19.54"
"Holmes","1","8","Florida","4/21/20","4","4","12059","100"
"Indian River","1","85","Florida","4/21/20","77","8","12061","10.39"
"Jackson","1","11","Florida","4/21/20","6","5","12063","83.33"
"Jefferson","2","26","Florida","4/21/20","13","13","12065","100"
"Lafayette","0","1","Florida","4/21/20","1","0","12067","0"
"Lake","6","213","Florida","4/21/20","169","44","12069","26.04"
"Lee","20","795","Florida","4/21/20","657","138","12071","21"
"Leon","5","186","Florida","4/21/20","150","36","12073","24"
"Levy","1","12","Florida","4/21/20","7","5","12075","71.43"
"Liberty","0","2","Florida","4/21/20","2","0","12077","0"
"Madison","2","26","Florida","4/21/20","14","12","12079","85.71"
"Manatee","26","443","Florida","4/21/20","261","182","12081","69.73"
"Marion","4","130","Florida","4/21/20","104","26","12083","25"
"Martin","4","160","Florida","4/21/20","135","25","12085","18.52"
"Miami-Dade","335","10056","Florida","4/21/20","7712","2344","12086","30.39"
"Monroe","1","73","Florida","4/21/20","64","9","12087","14.06"
"Nassau","2","46","Florida","4/21/20","35","11","12089","31.43"
"Okaloosa","4","134","Florida","4/21/20","104","30","12091","28.85"
"Okeechobee","0","8","Florida","4/21/20","5","3","12093","60"
"Orange","28","1235","Florida","4/21/20","1038","197","12095","18.98"
"Osceola","10","417","Florida","4/21/20","349","68","12097","19.48"
"Palm Beach","83","2320","Florida","4/21/20","1740","580","12099","33.33"
"Pasco","5","213","Florida","4/21/20","177","36","12101","20.34"
"Pinellas","20","632","Florida","4/21/20","494","138","12103","27.94"
"Polk","11","356","Florida","4/21/20","279","77","12105","27.6"
"Putnam","2","59","Florida","4/21/20","43","16","12107","37.21"
"Santa Rosa","4","139","Florida","4/21/20","114","25","12113","21.93"
"Sarasota","8","297","Florida","4/21/20","241","56","12115","23.24"
"Seminole","8","328","Florida","4/21/20","275","53","12117","19.27"
"St. Johns","2","194","Florida","4/21/20","177","17","12109","9.6"
"St. Lucie","6","206","Florida","4/21/20","165","41","12111","24.85"
"Sumter","7","163","Florida","4/21/20","113","50","12119","44.25"
"Suwannee","4","102","Florida","4/21/20","75","27","12121","36"
"Taylor","0","2","Florida","4/21/20","1","1","12123","100"
"Union","0","3","Florida","4/21/20","2","1","12125","50"
"Volusia","20","366","Florida","4/21/20","226","140","12127","61.95"
"Wakulla","0","15","Florida","4/21/20","12","3","12129","25"
"Walton","0","32","Florida","4/21/20","29","3","12131","10.34"
"Washington","1","9","Florida","4/21/20","5","4","12133","80"
"Appling","1","21","Georgia","4/21/20","13","8","13001","61.54"
"Atkinson","0","5","Georgia","4/21/20","2","3","13003","150"
"Bacon","1","19","Georgia","4/21/20","14","5","13005","35.71"
"Baker","1","20","Georgia","4/21/20","16","4","13007","25"
"Baldwin","9","132","Georgia","4/21/20","69","63","13009","91.3"
"Banks","1","15","Georgia","4/21/20","8","7","13011","87.5"
"Barrow","5","99","Georgia","4/21/20","65","34","13013","52.31"
"Bartow","4","256","Georgia","4/21/20","230","26","13015","11.3"
"Ben Hill","1","19","Georgia","4/21/20","10","9","13017","90"
"Berrien","0","10","Georgia","4/21/20","8","2","13019","25"
"Bibb","16","203","Georgia","4/21/20","91","112","13021","123.08"
"Bleckley","0","5","Georgia","4/21/20","3","2","13023","66.67"
"Brantley","1","20","Georgia","4/21/20","12","8","13025","66.67"
"Brooks","1","30","Georgia","4/21/20","20","10","13027","50"
"Bryan","1","34","Georgia","4/21/20","30","4","13029","13.33"
"Bulloch","2","31","Georgia","4/21/20","20","11","13031","55"
"Burke","3","51","Georgia","4/21/20","28","23","13033","82.14"
"Butts","7","82","Georgia","4/21/20","35","47","13035","134.29"
"Calhoun","1","61","Georgia","4/21/20","54","7","13037","12.96"
"Camden","1","27","Georgia","4/21/20","22","5","13039","22.73"
"Candler","0","7","Georgia","4/21/20","4","3","13043","75"
"Carroll","10","307","Georgia","4/21/20","235","72","13045","30.64"
"Catoosa","2","26","Georgia","4/21/20","15","11","13047","73.33"
"Charlton","0","7","Georgia","4/21/20","4","3","13049","75"
"Chatham","4","185","Georgia","4/21/20","157","28","13051","17.83"
"Chattahoochee","0","7","Georgia","4/21/20","5","2","13053","40"
"Chattooga","0","10","Georgia","4/21/20","8","2","13055","25"
"Cherokee","15","322","Georgia","4/21/20","219","103","13057","47.03"
"Clarke","3","114","Georgia","4/21/20","95","19","13059","20"
"Clay","1","20","Georgia","4/21/20","16","4","13061","25"
"Clayton","16","546","Georgia","4/21/20","435","111","13063","25.52"
"Clinch","0","7","Georgia","4/21/20","6","1","13065","16.67"
"Cobb","46","1215","Georgia","4/21/20","895","320","13067","35.75"
"Coffee","3","83","Georgia","4/21/20","64","19","13069","29.69"
"Colquitt","9","154","Georgia","4/21/20","88","66","13071","75"
"Columbia","6","120","Georgia","4/21/20","75","45","13073","60"
"Cook","1","13","Georgia","4/21/20","7","6","13075","85.71"
"Coweta","5","170","Georgia","4/21/20","135","35","13077","25.93"
"Crawford","1","14","Georgia","4/21/20","9","5","13079","55.56"
"Crisp","6","125","Georgia","4/21/20","83","42","13081","50.6"
"Dade","1","12","Georgia","4/21/20","3","9","13083","300"
"Dawson","1","45","Georgia","4/21/20","36","9","13085","25"
"Decatur","2","59","Georgia","4/21/20","46","13","13087","28.26"
"DeKalb","56","1534","Georgia","4/21/20","1144","390","13089","34.09"
"Dodge","0","19","Georgia","4/21/20","17","2","13091","11.76"
"Dooly","3","73","Georgia","4/21/20","51","22","13093","43.14"
"Dougherty","21","1446","Georgia","4/21/20","1297","149","13095","11.49"
"Douglas","8","244","Georgia","4/21/20","189","55","13097","29.1"
"Early","5","173","Georgia","4/21/20","137","36","13099","26.28"
"Echols","0","4","Georgia","4/21/20","2","2","13101","100"
"Effingham","1","29","Georgia","4/21/20","25","4","13103","16"
"Elbert","0","7","Georgia","4/21/20","6","1","13105","16.67"
"Emanuel","1","14","Georgia","4/21/20","9","5","13107","55.56"
"Evans","0","4","Georgia","4/21/20","2","2","13109","100"
"Fannin","1","19","Georgia","4/21/20","13","6","13111","46.15"
"Fayette","4","144","Georgia","4/21/20","115","29","13113","25.22"
"Floyd","1","127","Georgia","4/21/20","120","7","13115","5.83"
"Forsyth","9","213","Georgia","4/21/20","153","60","13117","39.22"
"Franklin","1","12","Georgia","4/21/20","5","7","13119","140"
"Fulton","57","2208","Georgia","4/21/20","1812","396","13121","21.85"
"Gilmer","2","18","Georgia","4/21/20","7","11","13123","157.14"
"Glynn","1","49","Georgia","4/21/20","40","9","13127","22.5"
"Gordon","3","66","Georgia","4/21/20","45","21","13129","46.67"
"Grady","2","34","Georgia","4/21/20","21","13","13131","61.9"
"Greene","2","45","Georgia","4/21/20","31","14","13133","45.16"
"Gwinnett","58","1222","Georgia","4/21/20","815","407","13135","49.94"
"Habersham","11","107","Georgia","4/21/20","28","79","13137","282.14"
"Hall","51","720","Georgia","4/21/20","363","357","13139","98.35"
"Hancock","1","10","Georgia","4/21/20","5","5","13141","100"
"Haralson","1","23","Georgia","4/21/20","19","4","13143","21.05"
"Harris","3","44","Georgia","4/21/20","23","21","13145","91.3"
"Hart","0","6","Georgia","4/21/20","5","1","13147","20"
"Heard","0","7","Georgia","4/21/20","5","2","13149","40"
"Henry","11","384","Georgia","4/21/20","306","78","13151","25.49"
"Houston","7","185","Georgia","4/21/20","138","47","13153","34.06"
"Irwin","0","15","Georgia","4/21/20","12","3","13155","25"
"Jackson","3","56","Georgia","4/21/20","32","24","13157","75"
"Jasper","1","17","Georgia","4/21/20","9","8","13159","88.89"
"Jeff Davis","1","7","Georgia","4/21/20","1","6","13161","600"
"Jefferson","1","11","Georgia","4/21/20","7","4","13163","57.14"
"Jenkins","0","13","Georgia","4/21/20","11","2","13165","18.18"
"Johnson","2","34","Georgia","4/21/20","20","14","13167","70"
"Jones","1","20","Georgia","4/21/20","14","6","13169","42.86"
"Lamar","1","29","Georgia","4/21/20","20","9","13171","45"
"Lanier","0","7","Georgia","4/21/20","5","2","13173","40"
"Laurens","1","43","Georgia","4/21/20","35","8","13175","22.86"
"Lee","3","277","Georgia","4/21/20","258","19","13177","7.36"
"Liberty","2","34","Georgia","4/21/20","21","13","13179","61.9"
"Lincoln","0","9","Georgia","4/21/20","9","0","13181","0"
"Long","0","2","Georgia","4/21/20","2","0","13183","0"
"Lowndes","5","105","Georgia","4/21/20","70","35","13185","50"
"Lumpkin","2","25","Georgia","4/21/20","11","14","13187","127.27"
"Macon","1","55","Georgia","4/21/20","47","8","13193","17.02"
"Madison","1","16","Georgia","4/21/20","12","4","13195","33.33"
"Marion","2","29","Georgia","4/21/20","17","12","13197","70.59"
"McDuffie","1","37","Georgia","4/21/20","30","7","13189","23.33"
"McIntosh","0","4","Georgia","4/21/20","3","1","13191","33.33"
"Meriwether","3","47","Georgia","4/21/20","24","23","13199","95.83"
"Miller","1","23","Georgia","4/21/20","15","8","13201","53.33"
"Mitchell","7","214","Georgia","4/21/20","164","50","13205","30.49"
"Monroe","0","15","Georgia","4/21/20","13","2","13207","15.38"
"Montgomery","0","2","Georgia","4/21/20","2","0","13209","0"
"Morgan","1","22","Georgia","4/21/20","15","7","13211","46.67"
"Murray","0","19","Georgia","4/21/20","16","3","13213","18.75"
"Muscogee","8","234","Georgia","4/21/20","175","59","13215","33.71"
"Newton","6","139","Georgia","4/21/20","100","39","13217","39"
"Oconee","2","53","Georgia","4/21/20","42","11","13219","26.19"
"Oglethorpe","2","34","Georgia","4/21/20","19","15","13221","78.95"
"Out of GA","44","970","Georgia","4/21/20","665","305","80013","45.86"
"Paulding","4","143","Georgia","4/21/20","115","28","13223","24.35"
"Peach","2","35","Georgia","4/21/20","24","11","13225","45.83"
"Pickens","1","18","Georgia","4/21/20","13","5","13227","38.46"
"Pierce","1","51","Georgia","4/21/20","47","4","13229","8.51"
"Pike","2","34","Georgia","4/21/20","22","12","13231","54.55"
"Polk","2","36","Georgia","4/21/20","25","11","13233","44"
"Pulaski","1","17","Georgia","4/21/20","11","6","13235","54.55"
"Putnam","2","26","Georgia","4/21/20","12","14","13237","116.67"
"Quitman","0","3","Georgia","4/21/20","3","0","13239","0"
"Rabun","0","8","Georgia","4/21/20","7","1","13241","14.29"
"Randolph","2","146","Georgia","4/21/20","131","15","13243","11.45"
"Richmond","19","295","Georgia","4/21/20","162","133","13245","82.1"
"Rockdale","5","140","Georgia","4/21/20","106","34","13247","32.08"
"Schley","1","16","Georgia","4/21/20","12","4","13249","33.33"
"Screven","0","12","Georgia","4/21/20","9","3","13251","33.33"
"Seminole","1","25","Georgia","4/21/20","16","9","13253","56.25"
"Spalding","8","136","Georgia","4/21/20","83","53","13255","63.86"
"Stephens","2","41","Georgia","4/21/20","24","17","13257","70.83"
"Stewart","1","17","Georgia","4/21/20","8","9","13259","112.5"
"Sumter","9","333","Georgia","4/21/20","269","64","13261","23.79"
"Talbot","1","20","Georgia","4/21/20","10","10","13263","100"
"Tattnall","0","5","Georgia","4/21/20","5","0","13267","0"
"Taylor","1","13","Georgia","4/21/20","9","4","13269","44.44"
"Telfair","1","15","Georgia","4/21/20","11","4","13271","36.36"
"Terrell","3","156","Georgia","4/21/20","134","22","13273","16.42"
"Thomas","6","133","Georgia","4/21/20","89","44","13275","49.44"
"Tift","3","93","Georgia","4/21/20","71","22","13277","30.99"
"Toombs","1","20","Georgia","4/21/20","15","5","13279","33.33"
"Towns","1","15","Georgia","4/21/20","8","7","13281","87.5"
"Treutlen","0","2","Georgia","4/21/20","1","1","13283","100"
"Troup","5","105","Georgia","4/21/20","68","37","13285","54.41"
"Turner","3","59","Georgia","4/21/20","41","18","13287","43.9"
"Twiggs","0","4","Georgia","4/21/20","3","1","13289","33.33"
"Union","1","15","Georgia","4/21/20","8","7","13291","87.5"
"Upson","7","179","Georgia","4/21/20","128","51","13293","39.84"
"Walker","3","28","Georgia","4/21/20","10","18","13295","180"
"Walton","2","64","Georgia","4/21/20","52","12","13297","23.08"
"Ware","4","92","Georgia","4/21/20","64","28","13299","43.75"
"Warren","0","10","Georgia","4/21/20","7","3","13301","42.86"
"Washington","0","25","Georgia","4/21/20","22","3","13303","13.64"
"Wayne","0","9","Georgia","4/21/20","6","3","13305","50"
"Webster","1","7","Georgia","4/21/20","3","4","13307","133.33"
"Wheeler","0","3","Georgia","4/21/20","3","0","13309","0"
"White","2","31","Georgia","4/21/20","14","17","13311","121.43"
"Whitfield","2","46","Georgia","4/21/20","29","17","13313","58.62"
"Wilcox","2","45","Georgia","4/21/20","28","17","13315","60.71"
"Wilkes","2","19","Georgia","4/21/20","8","11","13317","137.5"
"Wilkinson","1","22","Georgia","4/21/20","12","10","13319","83.33"
"Worth","4","129","Georgia","4/21/20","99","30","13321","30.3"
"","0","103","Grand Princess","4/21/20","103","0",,"0"
"","0","136","Guam","4/21/20","133","3",,"2.26"
"Hawaii","3","64","Hawaii","4/21/20","41","23","15001","56.1"
"Honolulu","4","385","Hawaii","4/21/20","358","27","15003","7.54"
"Kauai","0","21","Hawaii","4/21/20","21","0","15007","0"
"Maui","3","110","Hawaii","4/21/20","88","22","15009","25"
"Out of HI","1","6","Hawaii","4/21/20","0","6","80015","1"
"Ada","11","616","Idaho","4/21/20","538","78","16001","14.5"
"Adams","0","3","Idaho","4/21/20","1","2","16003","200"
"Bannock","0","8","Idaho","4/21/20","5","3","16005","60"
"Bingham","0","3","Idaho","4/21/20","2","1","16011","50"
"Blaine","3","478","Idaho","4/21/20","458","20","16013","4.37"
"Bonner","0","4","Idaho","4/21/20","4","0","16017","0"
"Bonneville","1","24","Idaho","4/21/20","14","10","16019","71.43"
"Boundary","0","0","Idaho","4/21/20","1","-1","16021","-100"
"Camas","0","1","Idaho","4/21/20","1","0","16025","0"
"Canyon","7","207","Idaho","4/21/20","161","46","16027","28.57"
"Caribou","0","1","Idaho","4/21/20","1","0","16029","0"
"Cassia","0","11","Idaho","4/21/20","10","1","16031","10"
"Custer","0","2","Idaho","4/21/20","2","0","16037","0"
"Elmore","1","24","Idaho","4/21/20","16","8","16039","50"
"Fremont","0","2","Idaho","4/21/20","2","0","16043","0"
"Gem","0","10","Idaho","4/21/20","9","1","16045","11.11"
"Gooding","0","8","Idaho","4/21/20","5","3","16047","60"
"Idaho","0","3","Idaho","4/21/20","3","0","16049","0"
"Jefferson","0","5","Idaho","4/21/20","4","1","16051","25"
"Jerome","2","44","Idaho","4/21/20","30","14","16053","46.67"
"Kootenai","1","52","Idaho","4/21/20","45","7","16055","15.56"
"Latah","0","4","Idaho","4/21/20","3","1","16057","33.33"
"Lincoln","0","17","Idaho","4/21/20","15","2","16063","13.33"
"Madison","0","8","Idaho","4/21/20","5","3","16065","60"
"Minidoka","1","10","Idaho","4/21/20","6","4","16067","66.67"
"Nez Perce","3","40","Idaho","4/21/20","20","20","16069","100"
"Owyhee","0","4","Idaho","4/21/20","4","0","16073","0"
"Payette","0","11","Idaho","4/21/20","9","2","16075","22.22"
"Power","0","2","Idaho","4/21/20","2","0","16077","0"
"Teton","0","8","Idaho","4/21/20","6","2","16081","33.33"
"Twin Falls","6","123","Idaho","4/21/20","79","44","16083","55.7"
"Valley","0","2","Idaho","4/21/20","2","0","16085","0"
"Washington","0","1","Idaho","4/21/20","1","0","16087","0"
"Adams","0","29","Illinois","4/21/20","27","2","17001","7.41"
"Alexander","0","2","Illinois","4/21/20","0","2","17003","1"
"Bond","0","4","Illinois","4/21/20","4","0","17005","0"
"Boone","3","35","Illinois","4/21/20","13","22","17007","169.23"
"Bureau","0","8","Illinois","4/21/20","6","2","17011","33.33"
"Calhoun","0","1","Illinois","4/21/20","1","0","17013","0"
"Carroll","0","7","Illinois","4/21/20","5","2","17015","40"
"Cass","1","6","Illinois","4/21/20","0","6","17017","1"
"Champaign","1","97","Illinois","4/21/20","88","9","17019","10.23"
"Christian","0","26","Illinois","4/21/20","24","2","17021","8.33"
"Clark","0","4","Illinois","4/21/20","4","0","17023","0"
"Clay","0","1","Illinois","4/21/20","1","0","17025","0"
"Clinton","1","46","Illinois","4/21/20","38","8","17027","21.05"
"Coles","1","17","Illinois","4/21/20","8","9","17029","112.5"
"Cook","980","23181","Illinois","4/21/20","16323","6858","17031","42.01"
"Crawford","0","7","Illinois","4/21/20","4","3","17033","75"
"Cumberland","0","2","Illinois","4/21/20","2","0","17035","0"
"De Witt","0","1","Illinois","4/21/20","1","0","17039","0"
"DeKalb","3","56","Illinois","4/21/20","35","21","17037","60"
"Douglas","0","12","Illinois","4/21/20","11","1","17041","9.09"
"DuPage","79","1864","Illinois","4/21/20","1312","552","17043","42.07"
"Effingham","0","5","Illinois","4/21/20","3","2","17049","66.67"
"Fayette","0","15","Illinois","4/21/20","12","3","17051","25"
"Ford","0","6","Illinois","4/21/20","4","2","17053","50"
"Franklin","0","6","Illinois","4/21/20","4","2","17055","50"
"Fulton","0","1","Illinois","4/21/20","1","0","17057","0"
"Gallatin","0","2","Illinois","4/21/20","2","0","17059","0"
"Greene","0","1","Illinois","4/21/20","1","0","17061","0"
"Grundy","0","26","Illinois","4/21/20","24","2","17063","8.33"
"Hamilton","0","2","Illinois","4/21/20","0","2","17065","1"
"Hancock","0","4","Illinois","4/21/20","1","3","17067","300"
"Henderson","0","2","Illinois","4/21/20","0","2","17071","1"
"Henry","1","31","Illinois","4/21/20","23","8","17073","34.78"
"Iroquois","1","14","Illinois","4/21/20","9","5","17075","55.56"
"Jackson","2","48","Illinois","4/21/20","36","12","17077","33.33"
"Jasper","5","36","Illinois","4/21/20","3","33","17079","1100"
"Jefferson","4","34","Illinois","4/21/20","8","26","17081","325"
"Jersey","1","10","Illinois","4/21/20","6","4","17083","66.67"
"Jo Daviess","0","12","Illinois","4/21/20","11","1","17085","9.09"
"Johnson","0","2","Illinois","4/21/20","1","1","17087","100"
"Kane","34","684","Illinois","4/21/20","448","236","17089","52.68"
"Kankakee","8","278","Illinois","4/21/20","220","58","17091","26.36"
"Kendall","5","146","Illinois","4/21/20","114","32","17093","28.07"
"Knox","1","11","Illinois","4/21/20","2","9","17095","450"
"Lake","95","2287","Illinois","4/21/20","1621","666","17097","41.09"
"LaSalle","1","33","Illinois","4/21/20","23","10","17099","43.48"
"Lawrence","0","2","Illinois","4/21/20","2","0","17101","0"
"Lee","1","17","Illinois","4/21/20","13","4","17103","30.77"
"Livingston","0","18","Illinois","4/21/20","17","1","17105","5.88"
"Logan","0","4","Illinois","4/21/20","4","0","17107","0"
"Macon","2","60","Illinois","4/21/20","45","15","17115","33.33"
"Macoupin","1","22","Illinois","4/21/20","16","6","17117","37.5"
"Madison","9","190","Illinois","4/21/20","128","62","17119","48.44"
"Marion","2","25","Illinois","4/21/20","14","11","17121","78.57"
"Marshall","0","4","Illinois","4/21/20","2","2","17123","100"
"Mason","0","5","Illinois","4/21/20","3","2","17125","66.67"
"Massac","0","3","Illinois","4/21/20","3","0","17127","0"
"McDonough","0","3","Illinois","4/21/20","2","1","17109","50"
"McHenry","16","368","Illinois","4/21/20","257","111","17111","43.19"
"McLean","1","86","Illinois","4/21/20","81","5","17113","6.17"
"Menard","0","3","Illinois","4/21/20","2","1","17129","50"
"Mercer","0","5","Illinois","4/21/20","3","2","17131","66.67"
"Monroe","1","55","Illinois","4/21/20","47","8","17133","17.02"
"Montgomery","1","17","Illinois","4/21/20","9","8","17135","88.89"
"Morgan","0","13","Illinois","4/21/20","11","2","17137","18.18"
"Moultrie","0","2","Illinois","4/21/20","2","0","17139","0"
"Ogle","5","59","Illinois","4/21/20","26","33","17141","126.92"
"Peoria","2","44","Illinois","4/21/20","31","13","17143","41.94"
"Perry","0","1","Illinois","4/21/20","1","0","17145","0"
"Piatt","0","7","Illinois","4/21/20","6","1","17147","16.67"
"Pike","0","1","Illinois","4/21/20","1","0","17149","0"
"Pulaski","1","10","Illinois","4/21/20","5","5","17153","100"
"Randolph","3","61","Illinois","4/21/20","41","20","17157","48.78"
"Richland","0","2","Illinois","4/21/20","1","1","17159","100"
"Rock Island","15","217","Illinois","4/21/20","113","104","17161","92.04"
"Saline","0","3","Illinois","4/21/20","3","0","17165","0"
"Sangamon","3","68","Illinois","4/21/20","50","18","17167","36"
"Schuyler","0","1","Illinois","4/21/20","1","0","17169","0"
"Shelby","0","4","Illinois","4/21/20","4","0","17173","0"
"St. Clair","10","289","Illinois","4/21/20","220","69","17163","31.36"
"Stark","0","1","Illinois","4/21/20","1","0","17175","0"
"Stephenson","1","13","Illinois","4/21/20","9","4","17177","44.44"
"Tazewell","1","30","Illinois","4/21/20","21","9","17179","42.86"
"Union","1","5","Illinois","4/21/20","0","5","17181","1"
"Vermilion","0","10","Illinois","4/21/20","8","2","17183","25"
"Wabash","0","1","Illinois","4/21/20","2","-1","17185","-50"
"Warren","2","15","Illinois","4/21/20","2","13","17187","650"
"Washington","1","7","Illinois","4/21/20","2","5","17189","250"
"Wayne","0","1","Illinois","4/21/20","0","1","17191","1"
"White","0","1","Illinois","4/21/20","0","1","17193","1"
"Whiteside","2","42","Illinois","4/21/20","30","12","17195","40"
"Will","55","1736","Illinois","4/21/20","1350","386","17197","28.59"
"Williamson","1","16","Illinois","4/21/20","10","6","17199","60"
"Winnebago","15","207","Illinois","4/21/20","101","106","17201","104.95"
"Woodford","0","11","Illinois","4/21/20","10","1","17203","10"
"Adams","0","7","Indiana","4/21/20","6","1","18001","16.67"
"Allen","24","336","Indiana","4/21/20","167","169","18003","101.2"
"Bartholomew","4","140","Indiana","4/21/20","110","30","18005","27.27"
"Benton","0","4","Indiana","4/21/20","2","2","18007","100"
"Blackford","0","6","Indiana","4/21/20","6","0","18009","0"
"Boone","5","161","Indiana","4/21/20","125","36","18011","28.8"
"Brown","0","14","Indiana","4/21/20","13","1","18013","7.69"
"Carroll","0","8","Indiana","4/21/20","6","2","18015","33.33"
"Cass","11","107","Indiana","4/21/20","28","79","18017","282.14"
"Clark","7","181","Indiana","4/21/20","132","49","18019","37.12"
"Clay","1","19","Indiana","4/21/20","12","7","18021","58.33"
"Clinton","1","20","Indiana","4/21/20","12","8","18023","66.67"
"Crawford","0","13","Indiana","4/21/20","12","1","18025","8.33"
"Daviess","4","38","Indiana","4/21/20","12","26","18027","216.67"
"Dearborn","1","70","Indiana","4/21/20","60","10","18029","16.67"
"Decatur","3","171","Indiana","4/21/20","153","18","18031","11.76"
"DeKalb","1","13","Indiana","4/21/20","6","7","18033","116.67"
"Delaware","6","116","Indiana","4/21/20","72","44","18035","61.11"
"Dubois","0","16","Indiana","4/21/20","13","3","18037","23.08"
"Elkhart","11","179","Indiana","4/21/20","100","79","18039","79"
"Fayette","0","22","Indiana","4/21/20","20","2","18041","10"
"Floyd","4","142","Indiana","4/21/20","111","31","18043","27.93"
"Fountain","1","8","Indiana","4/21/20","3","5","18045","166.67"
"Franklin","2","91","Indiana","4/21/20","74","17","18047","22.97"
"Fulton","0","6","Indiana","4/21/20","3","3","18049","100"
"Gibson","0","5","Indiana","4/21/20","4","1","18051","25"
"Grant","8","97","Indiana","4/21/20","40","57","18053","142.5"
"Greene","3","44","Indiana","4/21/20","25","19","18055","76"
"Hamilton","17","615","Indiana","4/21/20","499","116","18057","23.25"
"Hancock","4","149","Indiana","4/21/20","121","28","18059","23.14"
"Harrison","6","103","Indiana","4/21/20","58","45","18061","77.59"
"Hendricks","23","511","Indiana","4/21/20","350","161","18063","46"
"Henry","1","28","Indiana","4/21/20","22","6","18065","27.27"
"Howard","3","71","Indiana","4/21/20","50","21","18067","42"
"Huntington","0","6","Indiana","4/21/20","6","0","18069","0"
"Jackson","4","98","Indiana","4/21/20","70","28","18071","40"
"Jasper","1","26","Indiana","4/21/20","18","8","18073","44.44"
"Jay","0","9","Indiana","4/21/20","7","2","18075","28.57"
"Jefferson","1","21","Indiana","4/21/20","16","5","18077","31.25"
"Jennings","1","64","Indiana","4/21/20","58","6","18079","10.34"
"Johnson","17","451","Indiana","4/21/20","329","122","18081","37.08"
"Knox","0","18","Indiana","4/21/20","15","3","18083","20"
"Kosciusko","0","22","Indiana","4/21/20","19","3","18085","15.79"
"LaGrange","1","18","Indiana","4/21/20","13","5","18087","38.46"
"Lake","58","1227","Indiana","4/21/20","819","408","18089","49.82"
"LaPorte","15","140","Indiana","4/21/20","36","104","18091","288.89"
"Lawrence","1","83","Indiana","4/21/20","73","10","18093","13.7"
"Madison","12","346","Indiana","4/21/20","263","83","18095","31.56"
"Marion","159","4176","Indiana","4/21/20","3063","1113","18097","36.34"
"Marshall","1","24","Indiana","4/21/20","17","7","18099","41.18"
"Martin","0","6","Indiana","4/21/20","5","1","18101","20"
"Miami","1","26","Indiana","4/21/20","17","9","18103","52.94"
"Monroe","3","115","Indiana","4/21/20","91","24","18105","26.37"
"Montgomery","0","26","Indiana","4/21/20","23","3","18107","13.04"
"Morgan","3","124","Indiana","4/21/20","104","20","18109","19.23"
"Newton","1","33","Indiana","4/21/20","29","4","18111","13.79"
"Noble","3","40","Indiana","4/21/20","17","23","18113","135.29"
"Ohio","0","2","Indiana","4/21/20","1","1","18115","100"
"Orange","2","34","Indiana","4/21/20","18","16","18117","88.89"
"Owen","0","22","Indiana","4/21/20","19","3","18119","15.79"
"Parke","0","9","Indiana","4/21/20","7","2","18121","28.57"
"Perry","0","6","Indiana","4/21/20","3","3","18123","100"
"Pike","0","1","Indiana","4/21/20","2","-1","18125","-50"
"Porter","8","183","Indiana","4/21/20","127","56","18127","44.09"
"Posey","0","8","Indiana","4/21/20","5","3","18129","60"
"Pulaski","0","1","Indiana","4/21/20","1","0","18131","0"
"Putnam","2","53","Indiana","4/21/20","38","15","18133","39.47"
"Randolph","0","12","Indiana","4/21/20","11","1","18135","9.09"
"Ripley","-1","83","Indiana","4/21/20","89","-6","18137","-6.74"
"Rush","1","22","Indiana","4/21/20","16","6","18139","37.5"
"Scott","1","25","Indiana","4/21/20","17","8","18143","47.06"
"Shelby","6","120","Indiana","4/21/20","77","43","18145","55.84"
"Spencer","0","5","Indiana","4/21/20","3","2","18147","66.67"
"St. Joseph","30","442","Indiana","4/21/20","234","208","18141","88.89"
"Starke","0","11","Indiana","4/21/20","10","1","18149","10"
"Steuben","1","17","Indiana","4/21/20","12","5","18151","41.67"
"Sullivan","1","10","Indiana","4/21/20","6","4","18153","66.67"
"Switzerland","0","13","Indiana","4/21/20","12","1","18155","8.33"
"Tippecanoe","2","59","Indiana","4/21/20","46","13","18157","28.26"
"Tipton","1","14","Indiana","4/21/20","10","4","18159","40"
"Union","0","6","Indiana","4/21/20","6","0","18161","0"
"Vanderburgh","4","88","Indiana","4/21/20","60","28","18163","46.67"
"Vermillion","0","6","Indiana","4/21/20","3","3","18165","100"
"Vigo","3","60","Indiana","4/21/20","42","18","18167","42.86"
"Wabash","0","10","Indiana","4/21/20","7","3","18169","42.86"
"Warren","1","7","Indiana","4/21/20","3","4","18171","133.33"
"Warrick","4","69","Indiana","4/21/20","39","30","18173","76.92"
"Washington","1","31","Indiana","4/21/20","26","5","18175","19.23"
"Wayne","1","28","Indiana","4/21/20","19","9","18177","47.37"
"Wells","0","6","Indiana","4/21/20","4","2","18179","50"
"White","0","8","Indiana","4/21/20","5","3","18181","60"
"Whitley","0","16","Indiana","4/21/20","14","2","18183","14.29"
"Adair","0","1","Iowa","4/21/20","1","0","19001","0"
"Allamakee","3","44","Iowa","4/21/20","24","20","19005","83.33"
"Appanoose","0","2","Iowa","4/21/20","1","1","19007","100"
"Audubon","0","1","Iowa","4/21/20","1","0","19009","0"
"Benton","1","24","Iowa","4/21/20","20","4","19011","20"
"Black Hawk","41","366","Iowa","4/21/20","78","288","19013","369.23"
"Boone","0","6","Iowa","4/21/20","4","2","19015","50"
"Bremer","3","32","Iowa","4/21/20","9","23","19017","255.56"
"Buchanan","0","11","Iowa","4/21/20","8","3","19019","37.5"
"Buena Vista","0","2","Iowa","4/21/20","2","0","19021","0"
"Butler","0","2","Iowa","4/21/20","1","1","19023","100"
"Carroll","0","1","Iowa","4/21/20","1","0","19027","0"
"Cass","0","1","Iowa","4/21/20","1","0","19029","0"
"Cedar","1","26","Iowa","4/21/20","21","5","19031","23.81"
"Cerro Gordo","0","14","Iowa","4/21/20","14","0","19033","0"
"Cherokee","0","1","Iowa","4/21/20","0","1","19035","1"
"Chickasaw","0","3","Iowa","4/21/20","2","1","19037","50"
"Clarke","0","2","Iowa","4/21/20","2","0","19039","0"
"Clay","0","3","Iowa","4/21/20","2","1","19041","50"
"Clayton","0","8","Iowa","4/21/20","7","1","19043","14.29"
"Clinton","1","44","Iowa","4/21/20","36","8","19045","22.22"
"Crawford","0","6","Iowa","4/21/20","6","0","19047","0"
"Dallas","3","55","Iowa","4/21/20","37","18","19049","48.65"
"Delaware","0","3","Iowa","4/21/20","2","1","19055","50"
"Des Moines","1","13","Iowa","4/21/20","7","6","19057","85.71"
"Dickinson","0","2","Iowa","4/21/20","1","1","19059","100"
"Dubuque","2","48","Iowa","4/21/20","35","13","19061","37.14"
"Fayette","0","7","Iowa","4/21/20","5","2","19065","40"
"Franklin","0","1","Iowa","4/21/20","1","0","19069","0"
"Greene","0","1","Iowa","4/21/20","1","0","19073","0"
"Grundy","1","6","Iowa","4/21/20","1","5","19075","500"
"Guthrie","0","4","Iowa","4/21/20","1","3","19077","300"
"Hamilton","0","2","Iowa","4/21/20","2","0","19079","0"
"Hancock","0","3","Iowa","4/21/20","3","0","19081","0"
"Hardin","0","4","Iowa","4/21/20","2","2","19083","100"
"Harrison","0","14","Iowa","4/21/20","12","2","19085","16.67"
"Henry","1","29","Iowa","4/21/20","22","7","19087","31.82"
"Howard","0","4","Iowa","4/21/20","1","3","19089","300"
"Humboldt","0","1","Iowa","4/21/20","0","1","19091","1"
"Iowa","1","13","Iowa","4/21/20","7","6","19095","85.71"
"Jackson","0","5","Iowa","4/21/20","4","1","19097","25"
"Jasper","5","53","Iowa","4/21/20","15","38","19099","253.33"
"Jefferson","0","7","Iowa","4/21/20","4","3","19101","75"
"Johnson","22","372","Iowa","4/21/20","216","156","19103","72.22"
"Jones","1","16","Iowa","4/21/20","11","5","19105","45.45"
"Keokuk","0","3","Iowa","4/21/20","2","1","19107","50"
"Kossuth","0","1","Iowa","4/21/20","1","0","19109","0"
"Lee","0","3","Iowa","4/21/20","2","1","19111","50"
"Linn","28","460","Iowa","4/21/20","265","195","19113","73.58"
"Louisa","13","242","Iowa","4/21/20","149","93","19115","62.42"
"Lyon","0","5","Iowa","4/21/20","4","1","19119","25"
"Madison","0","4","Iowa","4/21/20","3","1","19121","33.33"
"Mahaska","0","8","Iowa","4/21/20","5","3","19123","60"
"Marion","0","5","Iowa","4/21/20","3","2","19125","66.67"
"Marshall","26","224","Iowa","4/21/20","42","182","19127","433.33"
"Mills","0","2","Iowa","4/21/20","2","0","19129","0"
"Mitchell","0","2","Iowa","4/21/20","2","0","19131","0"
"Monona","0","7","Iowa","4/21/20","6","1","19133","16.67"
"Montgomery","0","1","Iowa","4/21/20","1","0","19137","0"
"Muscatine","15","230","Iowa","4/21/20","122","108","19139","88.52"
"O'Brien","0","3","Iowa","4/21/20","3","0","19141","0"
"Osceola","0","4","Iowa","4/21/20","2","2","19143","100"
"Page","0","4","Iowa","4/21/20","3","1","19145","33.33"
"Plymouth","1","9","Iowa","4/21/20","4","5","19149","125"
"Polk","29","415","Iowa","4/21/20","213","202","19153","94.84"
"Pottawattamie","1","18","Iowa","4/21/20","14","4","19155","28.57"
"Poweshiek","1","14","Iowa","4/21/20","6","8","19157","133.33"
"Scott","8","179","Iowa","4/21/20","124","55","19163","44.35"
"Shelby","0","9","Iowa","4/21/20","6","3","19165","50"
"Sioux","0","7","Iowa","4/21/20","7","0","19167","0"
"Story","1","19","Iowa","4/21/20","11","8","19169","72.73"
"Tama","16","223","Iowa","4/21/20","108","115","19171","106.48"
"Taylor","0","1","Iowa","4/21/20","1","0","19173","0"
"Union","0","1","Iowa","4/21/20","1","0","19175","0"
"Van Buren","0","8","Iowa","4/21/20","8","0","19177","0"
"Wapello","0","6","Iowa","4/21/20","7","-1","19179","-14.29"
"Warren","1","20","Iowa","4/21/20","15","5","19181","33.33"
"Washington","4","124","Iowa","4/21/20","95","29","19183","30.53"
"Webster","0","3","Iowa","4/21/20","2","1","19187","50"
"Winnebago","0","2","Iowa","4/21/20","2","0","19189","0"
"Winneshiek","0","7","Iowa","4/21/20","5","2","19191","40"
"Woodbury","9","81","Iowa","4/21/20","20","61","19193","305"
"Worth","0","1","Iowa","4/21/20","1","0","19195","0"
"Wright","0","2","Iowa","4/21/20","1","1","19197","100"
"Atchison","0","6","Kansas","4/21/20","3","3","20005","100"
"Barber","0","1","Kansas","4/21/20","1","0","20007","0"
"Barton","1","9","Kansas","4/21/20","4","5","20009","125"
"Bourbon","0","7","Kansas","4/21/20","7","0","20011","0"
"Butler","0","12","Kansas","4/21/20","9","3","20015","33.33"
"Chase","0","1","Kansas","4/21/20","0","1","20017","1"
"Chautauqua","0","3","Kansas","4/21/20","3","0","20019","0"
"Cherokee","0","7","Kansas","4/21/20","6","1","20021","16.67"
"Clay","1","5","Kansas","4/21/20","1","4","20027","400"
"Cloud","0","3","Kansas","4/21/20","3","0","20029","0"
"Coffey","1","47","Kansas","4/21/20","41","6","20031","14.63"
"Cowley","0","1","Kansas","4/21/20","1","0","20035","0"
"Crawford","0","6","Kansas","4/21/20","6","0","20037","0"
"Dickinson","0","1","Kansas","4/21/20","1","0","20041","0"
"Doniphan","0","3","Kansas","4/21/20","1","2","20043","200"
"Douglas","0","43","Kansas","4/21/20","40","3","20045","7.5"
"Edwards","0","1","Kansas","4/21/20","0","1","20047","1"
"Ellis","1","8","Kansas","4/21/20","4","4","20051","100"
"Finney","4","42","Kansas","4/21/20","17","25","20055","147.06"
"Ford","24","187","Kansas","4/21/20","17","170","20057","1000"
"Franklin","0","12","Kansas","4/21/20","12","0","20059","0"
"Geary","0","9","Kansas","4/21/20","10","-1","20061","-10"
"Gove","0","1","Kansas","4/21/20","1","0","20063","0"
"Greenwood","0","2","Kansas","4/21/20","1","1","20073","100"
"Hamilton","0","1","Kansas","4/21/20","1","0","20075","0"
"Harvey","0","5","Kansas","4/21/20","5","0","20079","0"
"Haskell","0","1","Kansas","4/21/20","0","1","20081","1"
"Jackson","0","1","Kansas","4/21/20","1","0","20085","0"
"Jefferson","0","6","Kansas","4/21/20","5","1","20087","20"
"Jewell","0","4","Kansas","4/21/20","3","1","20089","33.33"
"Johnson","9","384","Kansas","4/21/20","323","61","20091","18.89"
"Kearny","1","4","Kansas","4/21/20","0","4","20093","1"
"Labette","0","20","Kansas","4/21/20","19","1","20099","5.26"
"Leavenworth","6","136","Kansas","4/21/20","95","41","20103","43.16"
"Linn","0","6","Kansas","4/21/20","5","1","20107","20"
"Lyon","11","111","Kansas","4/21/20","32","79","20111","246.88"
"Marion","0","5","Kansas","4/21/20","5","0","20115","0"
"McPherson","1","19","Kansas","4/21/20","14","5","20113","35.71"
"Miami","0","4","Kansas","4/21/20","4","0","20121","0"
"Mitchell","0","2","Kansas","4/21/20","2","0","20123","0"
"Montgomery","0","12","Kansas","4/21/20","11","1","20125","9.09"
"Morris","0","2","Kansas","4/21/20","2","0","20127","0"
"Morton","0","2","Kansas","4/21/20","1","1","20129","100"
"Neosho","0","2","Kansas","4/21/20","2","0","20133","0"
"Osage","0","4","Kansas","4/21/20","4","0","20139","0"
"Osborne","0","2","Kansas","4/21/20","2","0","20141","0"
"Ottawa","0","3","Kansas","4/21/20","3","0","20143","0"
"Phillips","0","1","Kansas","4/21/20","1","0","20147","0"
"Pottawatomie","0","6","Kansas","4/21/20","5","1","20149","20"
"Pratt","0","1","Kansas","4/21/20","1","0","20151","0"
"Reno","0","15","Kansas","4/21/20","14","1","20155","7.14"
"Republic","0","4","Kansas","4/21/20","4","0","20157","0"
"Riley","1","31","Kansas","4/21/20","23","8","20161","34.78"
"Rooks","0","4","Kansas","4/21/20","2","2","20163","100"
"Saline","1","17","Kansas","4/21/20","13","4","20169","30.77"
"Scott","0","1","Kansas","4/21/20","1","0","20171","0"
"Sedgwick","11","283","Kansas","4/21/20","206","77","20173","37.38"
"Seward","13","96","Kansas","4/21/20","6","90","20175","1500"
"Shawnee","2","94","Kansas","4/21/20","80","14","20177","17.5"
"Sheridan","0","2","Kansas","4/21/20","0","2","20179","1"
"Sherman","0","1","Kansas","4/21/20","0","1","20181","1"
"Smith","0","2","Kansas","4/21/20","1","1","20183","100"
"Stafford","0","1","Kansas","4/21/20","1","0","20185","0"
"Stanton","0","4","Kansas","4/21/20","2","2","20187","100"
"Stevens","0","4","Kansas","4/21/20","2","2","20189","100"
"Sumner","0","3","Kansas","4/21/20","2","1","20191","50"
"Wabaunsee","0","2","Kansas","4/21/20","1","1","20197","100"
"Wilson","0","1","Kansas","4/21/20","0","1","20205","1"
"Woodson","0","5","Kansas","4/21/20","3","2","20207","66.67"
"Wyandotte","13","433","Kansas","4/21/20","345","88","20209","25.51"
"Adair","2","54","Kentucky","4/21/20","43","11","21001","25.58"
"Allen","0","4","Kentucky","4/21/20","2","2","21003","100"
"Anderson","1","7","Kentucky","4/21/20","3","4","21005","133.33"
"Ballard","0","4","Kentucky","4/21/20","2","2","21007","100"
"Barren","0","7","Kentucky","4/21/20","5","2","21009","40"
"Bath","0","3","Kentucky","4/21/20","3","0","21011","0"
"Boone","4","86","Kentucky","4/21/20","58","28","21015","48.28"
"Bourbon","0","7","Kentucky","4/21/20","4","3","21017","75"
"Boyd","1","29","Kentucky","4/21/20","23","6","21019","26.09"
"Boyle","0","13","Kentucky","4/21/20","14","-1","21021","-7.14"
"Bracken","0","7","Kentucky","4/21/20","5","2","21023","40"
"Breathitt","0","1","Kentucky","4/21/20","3","-2","21025","-66.67"
"Breckinridge","0","6","Kentucky","4/21/20","3","3","21027","100"
"Bullitt","0","33","Kentucky","4/21/20","34","-1","21029","-2.94"
"Butler","7","74","Kentucky","4/21/20","22","52","21031","236.36"
"Caldwell","0","12","Kentucky","4/21/20","9","3","21033","33.33"
"Calloway","1","22","Kentucky","4/21/20","16","6","21035","37.5"
"Campbell","2","60","Kentucky","4/21/20","45","15","21037","33.33"
"Carroll","0","2","Kentucky","4/21/20","2","0","21041","0"
"Carter","0","4","Kentucky","4/21/20","3","1","21043","33.33"
"Casey","0","1","Kentucky","4/21/20","0","1","21045","1"
"Christian","1","79","Kentucky","4/21/20","69","10","21047","14.49"
"Clark","0","19","Kentucky","4/21/20","18","1","21049","5.56"
"Clay","0","1","Kentucky","4/21/20","0","1","21051","1"
"Clinton","0","2","Kentucky","4/21/20","2","0","21053","0"
"Crittenden","0","3","Kentucky","4/21/20","3","0","21055","0"
"Cumberland","0","3","Kentucky","4/21/20","2","1","21057","50"
"Daviess","6","130","Kentucky","4/21/20","87","43","21059","49.43"
"Edmonson","0","7","Kentucky","4/21/20","6","1","21061","16.67"
"Fayette","3","219","Kentucky","4/21/20","197","22","21067","11.17"
"Fleming","0","2","Kentucky","4/21/20","2","0","21069","0"
"Floyd","0","4","Kentucky","4/21/20","1","3","21071","300"
"Franklin","0","13","Kentucky","4/21/20","11","2","21073","18.18"
"Fulton","0","1","Kentucky","4/21/20","0","1","21075","1"
"Gallatin","0","1","Kentucky","4/21/20","1","0","21077","0"
"Garrard","0","1","Kentucky","4/21/20","0","1","21079","1"
"Grant","0","17","Kentucky","4/21/20","14","3","21081","21.43"
"Graves","8","68","Kentucky","4/21/20","13","55","21083","423.08"
"Grayson","2","16","Kentucky","4/21/20","5","11","21085","220"
"Green","0","1","Kentucky","4/21/20","1","0","21087","0"
"Greenup","1","10","Kentucky","4/21/20","5","5","21089","100"
"Hancock","1","6","Kentucky","4/21/20","2","4","21091","200"
"Hardin","1","30","Kentucky","4/21/20","24","6","21093","25"
"Harrison","0","16","Kentucky","4/21/20","15","1","21097","6.67"
"Hart","0","2","Kentucky","4/21/20","1","1","21099","100"
"Henderson","2","36","Kentucky","4/21/20","23","13","21101","56.52"
"Henry","0","4","Kentucky","4/21/20","4","0","21103","0"
"Hopkins","8","144","Kentucky","4/21/20","87","57","21107","65.52"
"Jackson","6","57","Kentucky","4/21/20","12","45","21109","375"
"Jefferson","56","925","Kentucky","4/21/20","531","394","21111","74.2"
"Jessamine","1","32","Kentucky","4/21/20","28","4","21113","14.29"
"Johnson","0","1","Kentucky","4/21/20","1","0","21115","0"
"Kenton","10","169","Kentucky","4/21/20","99","70","21117","70.71"
"Knott","0","3","Kentucky","4/21/20","1","2","21119","200"
"Knox","1","5","Kentucky","4/21/20","1","4","21121","400"
"Larue","0","5","Kentucky","4/21/20","3","2","21123","66.67"
"Laurel","1","14","Kentucky","4/21/20","9","5","21125","55.56"
"Lawrence","0","1","Kentucky","4/21/20","1","0","21127","0"
"Leslie","0","2","Kentucky","4/21/20","1","1","21131","100"
"Letcher","0","1","Kentucky","4/21/20","1","0","21133","0"
"Lewis","0","3","Kentucky","4/21/20","2","1","21135","50"
"Lincoln","0","4","Kentucky","4/21/20","1","3","21137","300"
"Livingston","0","1","Kentucky","4/21/20","0","1","21139","1"
"Logan","0","8","Kentucky","4/21/20","5","3","21141","60"
"Lyon","0","14","Kentucky","4/21/20","12","2","21143","16.67"
"Madison","0","21","Kentucky","4/21/20","20","1","21151","5"
"Marion","0","13","Kentucky","4/21/20","10","3","21155","30"
"Marshall","1","16","Kentucky","4/21/20","11","5","21157","45.45"
"Martin","0","3","Kentucky","4/21/20","1","2","21159","200"
"Mason","0","6","Kentucky","4/21/20","5","1","21161","20"
"McCracken","1","30","Kentucky","4/21/20","23","7","21145","30.43"
"McCreary","0","10","Kentucky","4/21/20","7","3","21147","42.86"
"McLean","0","8","Kentucky","4/21/20","6","2","21149","33.33"
"Meade","0","3","Kentucky","4/21/20","2","1","21163","50"
"Menifee","0","3","Kentucky","4/21/20","3","0","21165","0"
"Mercer","0","10","Kentucky","4/21/20","9","1","21167","11.11"
"Monroe","0","3","Kentucky","4/21/20","2","1","21171","50"
"Montgomery","0","9","Kentucky","4/21/20","8","1","21173","12.5"
"Morgan","0","1","Kentucky","4/21/20","1","0","21175","0"
"Muhlenberg","4","76","Kentucky","4/21/20","45","31","21177","68.89"
"Nelson","0","13","Kentucky","4/21/20","13","0","21179","0"
"Nicholas","0","1","Kentucky","4/21/20","1","0","21181","0"
"Ohio","1","17","Kentucky","4/21/20","8","9","21183","112.5"
"Oldham","1","24","Kentucky","4/21/20","18","6","21185","33.33"
"Owsley","0","2","Kentucky","4/21/20","2","0","21189","0"
"Pendleton","0","5","Kentucky","4/21/20","3","2","21191","66.67"
"Perry","0","5","Kentucky","4/21/20","4","1","21193","25"
"Pike","0","6","Kentucky","4/21/20","5","1","21195","20"
"Powell","0","1","Kentucky","4/21/20","1","0","21197","0"
"Pulaski","1","36","Kentucky","4/21/20","31","5","21199","16.13"
"Rockcastle","0","11","Kentucky","4/21/20","9","2","21203","22.22"
"Rowan","0","2","Kentucky","4/21/20","1","1","21205","100"
"Russell","1","16","Kentucky","4/21/20","7","9","21207","128.57"
"Scott","-1","22","Kentucky","4/21/20","26","-4","21209","-15.38"
"Shelby","1","24","Kentucky","4/21/20","18","6","21211","33.33"
"Simpson","1","22","Kentucky","4/21/20","16","6","21213","37.5"
"Spencer","0","9","Kentucky","4/21/20","6","3","21215","50"
"Taylor","0","4","Kentucky","4/21/20","4","0","21217","0"
"Todd","0","9","Kentucky","4/21/20","7","2","21219","28.57"
"Trigg","0","4","Kentucky","4/21/20","4","0","21221","0"
"Trimble","0","2","Kentucky","4/21/20","1","1","21223","100"
"Union","0","8","Kentucky","4/21/20","5","3","21225","60"
"Warren","9","112","Kentucky","4/21/20","47","65","21227","138.3"
"Washington","0","3","Kentucky","4/21/20","3","0","21229","0"
"Wayne","0","6","Kentucky","4/21/20","4","2","21231","50"
"Webster","1","13","Kentucky","4/21/20","7","6","21233","85.71"
"Whitley","0","8","Kentucky","4/21/20","5","3","21235","60"
"Woodford","0","18","Kentucky","4/21/20","16","2","21239","12.5"
"Acadia","1","114","Louisiana","4/21/20","104","10","22001","9.62"
"Allen","1","79","Louisiana","4/21/20","74","5","22003","6.76"
"Ascension","11","515","Louisiana","4/21/20","438","77","22005","17.58"
"Assumption","4","151","Louisiana","4/21/20","123","28","22007","22.76"
"Avoyelles","1","69","Louisiana","4/21/20","65","4","22009","6.15"
"Beauregard","1","36","Louisiana","4/21/20","28","8","22011","28.57"
"Bienville","4","66","Louisiana","4/21/20","37","29","22013","78.38"
"Bossier","5","241","Louisiana","4/21/20","207","34","22015","16.43"
"Caddo","30","1310","Louisiana","4/21/20","1097","213","22017","19.42"
"Calcasieu","9","334","Louisiana","4/21/20","273","61","22019","22.34"
"Caldwell","0","15","Louisiana","4/21/20","18","-3","22021","-16.67"
"Cameron","0","3","Louisiana","4/21/20","2","1","22023","50"
"Catahoula","0","24","Louisiana","4/21/20","21","3","22025","14.29"
"Claiborne","1","50","Louisiana","4/21/20","41","9","22027","21.95"
"Concordia","1","26","Louisiana","4/21/20","19","7","22029","36.84"
"De Soto","5","168","Louisiana","4/21/20","130","38","22031","29.23"
"East Baton Rouge","38","1560","Louisiana","4/21/20","1295","265","22033","20.46"
"East Carroll","0","1","Louisiana","4/21/20","1","0","22035","0"
"East Feliciana","3","101","Louisiana","4/21/20","77","24","22037","31.17"
"Evangeline","1","43","Louisiana","4/21/20","39","4","22039","10.26"
"Franklin","5","87","Louisiana","4/21/20","49","38","22041","77.55"
"Grant","0","12","Louisiana","4/21/20","12","0","22043","0"
"Iberia","7","195","Louisiana","4/21/20","148","47","22045","31.76"
"Iberville","4","281","Louisiana","4/21/20","253","28","22047","11.07"
"Jackson","1","15","Louisiana","4/21/20","9","6","22049","66.67"
"Jefferson","88","5802","Louisiana","4/21/20","5188","614","22051","11.84"
"Jefferson Davis","1","57","Louisiana","4/21/20","47","10","22053","21.28"
"Lafayette","9","429","Louisiana","4/21/20","363","66","22055","18.18"
"Lafourche","13","576","Louisiana","4/21/20","486","90","22057","18.52"
"LaSalle","0","14","Louisiana","4/21/20","13","1","22059","7.69"
"Lincoln","1","52","Louisiana","4/21/20","42","10","22061","23.81"
"Livingston","4","158","Louisiana","4/21/20","129","29","22063","22.48"
"Madison","0","4","Louisiana","4/21/20","2","2","22065","100"
"Morehouse","1","39","Louisiana","4/21/20","32","7","22067","21.88"
"Natchitoches","2","58","Louisiana","4/21/20","42","16","22069","38.1"
"Orleans","64","6169","Louisiana","4/21/20","5718","451","22071","7.89"
"Ouachita","21","532","Louisiana","4/21/20","387","145","22073","37.47"
"Plaquemines","3","164","Louisiana","4/21/20","142","22","22075","15.49"
"Pointe Coupee","4","80","Louisiana","4/21/20","49","31","22077","63.27"
"Rapides","5","213","Louisiana","4/21/20","175","38","22079","21.71"
"Red River","1","21","Louisiana","4/21/20","13","8","22081","61.54"
"Richland","3","38","Louisiana","4/21/20","20","18","22083","90"
"Sabine","1","14","Louisiana","4/21/20","10","4","22085","40"
"St. Bernard","7","428","Louisiana","4/21/20","377","51","22087","13.53"
"St. Charles","8","516","Louisiana","4/21/20","460","56","22089","12.17"
"St. Helena","1","21","Louisiana","4/21/20","14","7","22091","50"
"St. James","3","228","Louisiana","4/21/20","208","20","22093","9.62"
"St. John the Baptist","18","686","Louisiana","4/21/20","562","124","22095","22.06"
"St. Landry","3","136","Louisiana","4/21/20","115","21","22097","18.26"
"St. Martin","4","193","Louisiana","4/21/20","168","25","22099","14.88"
"St. Mary","4","160","Louisiana","4/21/20","129","31","22101","24.03"
"St. Tammany","24","1067","Louisiana","4/21/20","898","169","22103","18.82"
"Tangipahoa","14","489","Louisiana","4/21/20","391","98","22105","25.06"
"Tensas","0","1","Louisiana","4/21/20","1","0","22107","0"
"Terrebonne","12","346","Louisiana","4/21/20","265","81","22109","30.57"
"Union","5","82","Louisiana","4/21/20","50","32","22111","64"
"Vermilion","1","33","Louisiana","4/21/20","27","6","22113","22.22"
"Vernon","0","14","Louisiana","4/21/20","14","0","22115","0"
"Washington","6","206","Louisiana","4/21/20","162","44","22117","27.16"
"Webster","2","79","Louisiana","4/21/20","65","14","22119","21.54"
"West Baton Rouge","2","90","Louisiana","4/21/20","76","14","22121","18.42"
"West Carroll","0","4","Louisiana","4/21/20","4","0","22123","0"
"West Feliciana","5","81","Louisiana","4/21/20","46","35","22125","76.09"
"Winn","1","19","Louisiana","4/21/20","12","7","22127","58.33"
"Androscoggin","1","36","Maine","4/21/20","29","7","23001","24.14"
"Aroostook","0","2","Maine","4/21/20","2","0","23003","0"
"Cumberland","8","386","Maine","4/21/20","331","55","23005","16.62"
"Franklin","1","13","Maine","4/21/20","8","5","23007","62.5"
"Hancock","0","6","Maine","4/21/20","5","1","23009","20"
"Kennebec","2","97","Maine","4/21/20","81","16","23011","19.75"
"Knox","0","13","Maine","4/21/20","11","2","23013","18.18"
"Lincoln","0","12","Maine","4/21/20","11","1","23015","9.09"
"Oxford","0","14","Maine","4/21/20","13","1","23017","7.69"
"Penobscot","2","46","Maine","4/21/20","34","12","23019","35.29"
"Piscataquis","0","1","Maine","4/21/20","0","1","23021","1"
"Sagadahoc","0","17","Maine","4/21/20","15","2","23023","13.33"
"Somerset","1","16","Maine","4/21/20","11","5","23025","45.45"
"Waldo","2","43","Maine","4/21/20","29","14","23027","48.28"
"Washington","0","2","Maine","4/21/20","1","1","23029","100"
"York","4","183","Maine","4/21/20","152","31","23031","20.39"
"Allegany","6","56","Maryland","4/21/20","17","39","24001","229.41"
"Anne Arundel","53","1157","Maryland","4/21/20","783","374","24003","47.77"
"Baltimore","78","1925","Maryland","4/21/20","1377","548","24005","39.8"
"Baltimore City","83","1542","Maryland","4/21/20","962","580","24510","60.29"
"Calvert","2","116","Maryland","4/21/20","99","17","24009","17.17"
"Caroline","3","41","Maryland","4/21/20","21","20","24011","95.24"
"Carroll","10","330","Maryland","4/21/20","259","71","24013","27.41"
"Cecil","7","134","Maryland","4/21/20","85","49","24015","57.65"
"Charles","16","401","Maryland","4/21/20","292","109","24017","37.33"
"Dorchester","2","25","Maryland","4/21/20","14","11","24019","78.57"
"Frederick","27","632","Maryland","4/21/20","441","191","24021","43.31"
"Garrett","0","4","Maryland","4/21/20","4","0","24023","0"
"Harford","12","232","Maryland","4/21/20","147","85","24025","57.82"
"Howard","23","565","Maryland","4/21/20","403","162","24027","40.2"
"Kent","3","29","Maryland","4/21/20","11","18","24029","163.64"
"Montgomery","126","2768","Maryland","4/21/20","1883","885","24031","47"
"Prince George's","197","3734","Maryland","4/21/20","2356","1378","24033","58.49"
"Queen Anne's","1","27","Maryland","4/21/20","19","8","24035","42.11"
"Somerset","1","11","Maryland","4/21/20","5","6","24039","120"
"St. Mary's","1","107","Maryland","4/21/20","98","9","24037","9.18"
"Talbot","1","22","Maryland","4/21/20","16","6","24041","37.5"
"Washington","4","126","Maryland","4/21/20","96","30","24043","31.25"
"Wicomico","16","176","Maryland","4/21/20","63","113","24045","179.37"
"Worcester","2","33","Maryland","4/21/20","21","12","24047","57.14"
"Barnstable","24","682","Massachusetts","4/21/20","514","168","25001","32.68"
"Berkshire","7","411","Massachusetts","4/21/20","360","51","25003","14.17"
"Bristol","65","1888","Massachusetts","4/21/20","1435","453","25005","31.57"
"Dukes and Nantucket","1","25","Massachusetts","4/21/20","21","4","00000","19.05"
"Essex","290","5621","Massachusetts","4/21/20","3594","2027","25009","56.4"
"Franklin","6","197","Massachusetts","4/21/20","155","42","25011","27.1"
"Hampden","109","2562","Massachusetts","4/21/20","1798","764","25013","42.49"
"Hampshire","16","348","Massachusetts","4/21/20","233","115","25015","49.36"
"Middlesex","500","9756","Massachusetts","4/21/20","6254","3502","25017","56"
"Norfolk","169","4152","Massachusetts","4/21/20","2969","1183","25021","39.85"
"Plymouth","125","3083","Massachusetts","4/21/20","2207","876","25023","39.69"
"Suffolk","415","8778","Massachusetts","4/21/20","5872","2906","25025","49.49"
"Worcester","164","3392","Massachusetts","4/21/20","2246","1146","25027","51.02"
"Alcona","1","6","Michigan","4/21/20","1","5","26001","500"
"Allegan","4","65","Michigan","4/21/20","40","25","26005","62.5"
"Alpena","5","39","Michigan","4/21/20","1","38","26007","3800"
"Antrim","0","10","Michigan","4/21/20","9","1","26009","11.11"
"Arenac","2","16","Michigan","4/21/20","5","11","26011","220"
"Barry","2","32","Michigan","4/21/20","17","15","26015","88.24"
"Bay","5","101","Michigan","4/21/20","68","33","26017","48.53"
"Benzie","1","4","Michigan","4/21/20","0","4","26019","1"
"Berrien","10","270","Michigan","4/21/20","202","68","26021","33.66"
"Branch","2","47","Michigan","4/21/20","32","15","26023","46.88"
"Calhoun","10","175","Michigan","4/21/20","102","73","26025","71.57"
"Cass","1","31","Michigan","4/21/20","22","9","26027","40.91"
"Charlevoix","0","13","Michigan","4/21/20","11","2","26029","18.18"
"Cheboygan","0","19","Michigan","4/21/20","16","3","26031","18.75"
"Chippewa","0","3","Michigan","4/21/20","1","2","26033","200"
"Clare","1","9","Michigan","4/21/20","4","5","26035","125"
"Clinton","1","110","Michigan","4/21/20","103","7","26037","6.8"
"Crawford","2","32","Michigan","4/21/20","17","15","26039","88.24"
"Delta","1","14","Michigan","4/21/20","10","4","26041","40"
"Dickinson","0","3","Michigan","4/21/20","3","0","26043","0"
"Eaton","5","113","Michigan","4/21/20","81","32","26045","39.51"
"Emmet","0","25","Michigan","4/21/20","25","0","26047","0"
"Federal Correctional Institution (FCI)","5","57","Michigan","4/21/20","23","34","00000","147.83"
"Genesee","41","1350","Michigan","4/21/20","1060","290","26049","27.36"
"Gladwin","1","9","Michigan","4/21/20","5","4","26051","80"
"Gogebic","0","4","Michigan","4/21/20","4","0","26053","0"
"Grand Traverse","0","20","Michigan","4/21/20","18","2","26055","11.11"
"Gratiot","0","9","Michigan","4/21/20","8","1","26057","12.5"
"Hillsdale","2","96","Michigan","4/21/20","81","15","26059","18.52"
"Houghton","0","2","Michigan","4/21/20","2","0","26061","0"
"Huron","1","16","Michigan","4/21/20","12","4","26063","33.33"
"Ingham","11","350","Michigan","4/21/20","272","78","26065","28.68"
"Ionia","2","28","Michigan","4/21/20","17","11","26067","64.71"
"Iosco","2","18","Michigan","4/21/20","6","12","26069","200"
"Isabella","2","68","Michigan","4/21/20","55","13","26073","23.64"
"Jackson","14","296","Michigan","4/21/20","196","100","26075","51.02"
"Kalamazoo","16","219","Michigan","4/21/20","107","112","26077","104.67"
"Kalkaska","1","27","Michigan","4/21/20","21","6","26079","28.57"
"Kent","49","708","Michigan","4/21/20","364","344","26081","94.51"
"Lake","0","3","Michigan","4/21/20","3","0","26085","0"
"Lapeer","4","156","Michigan","4/21/20","125","31","26087","24.8"
"Leelanau","0","7","Michigan","4/21/20","4","3","26089","75"
"Lenawee","3","87","Michigan","4/21/20","64","23","26091","35.94"
"Livingston","10","350","Michigan","4/21/20","279","71","26093","25.45"
"Luce","0","1","Michigan","4/21/20","1","0","26095","0"
"Mackinac","0","4","Michigan","4/21/20","4","0","26097","0"
"Macomb","132","4550","Michigan","4/21/20","3625","925","26099","25.52"
"Manistee","0","12","Michigan","4/21/20","11","1","26101","9.09"
"Marquette","1","35","Michigan","4/21/20","26","9","26103","34.62"
"Mason","0","5","Michigan","4/21/20","4","1","26105","25"
"Mecosta","1","17","Michigan","4/21/20","12","5","26107","41.67"
"Menominee","0","1","Michigan","4/21/20","1","0","26109","0"
"Michigan Department of Corrections (MDOC)","27","615","Michigan","4/21/20","429","186","00000","43.36"
"Midland","3","69","Michigan","4/21/20","48","21","26111","43.75"
"Missaukee","1","10","Michigan","4/21/20","1","9","26113","900"
"Monroe","7","247","Michigan","4/21/20","198","49","26115","24.75"
"Montcalm","0","27","Michigan","4/21/20","24","3","26117","12.5"
"Montmorency","0","4","Michigan","4/21/20","1","3","26119","300"
"Muskegon","11","160","Michigan","4/21/20","85","75","26121","88.24"
"Newaygo","0","12","Michigan","4/21/20","9","3","26123","33.33"
"Oakland","151","6790","Michigan","4/21/20","5732","1058","26125","18.46"
"Oceana","0","4","Michigan","4/21/20","3","1","26127","33.33"
"Ogemaw","0","7","Michigan","4/21/20","5","2","26129","40"
"Osceola","0","10","Michigan","4/21/20","7","3","26133","42.86"
"Oscoda","0","4","Michigan","4/21/20","4","0","26135","0"
"Otsego","7","90","Michigan","4/21/20","40","50","26137","125"
"Ottawa","9","161","Michigan","4/21/20","99","62","26139","62.63"
"Out of MI","-13","69","Michigan","4/21/20","157","-88","80026","-56.05"
"Presque Isle","1","6","Michigan","4/21/20","2","4","26141","200"
"Roscommon","0","13","Michigan","4/21/20","10","3","26143","30"
"Saginaw","19","435","Michigan","4/21/20","302","133","26145","44.04"
"Sanilac","1","33","Michigan","4/21/20","24","9","26151","37.5"
"Schoolcraft","0","3","Michigan","4/21/20","3","0","26153","0"
"Shiawassee","9","132","Michigan","4/21/20","69","63","26155","91.3"
"St. Clair","7","296","Michigan","4/21/20","244","52","26147","21.31"
"St. Joseph","0","25","Michigan","4/21/20","22","3","26149","13.64"
"Tuscola","3","65","Michigan","4/21/20","47","18","26157","38.3"
"Van Buren","2","47","Michigan","4/21/20","32","15","26159","46.88"
"Washtenaw","20","1000","Michigan","4/21/20","857","143","26161","16.69"
"Wayne","247","14035","Michigan","4/21/20","12308","1727","26163","14.03"
"Wexford","0","9","Michigan","4/21/20","9","0","26165","0"
"Aitkin","0","1","Minnesota","4/21/20","0","1","27001","1"
"Anoka","4","97","Minnesota","4/21/20","72","25","27003","34.72"
"Becker","0","1","Minnesota","4/21/20","2","-1","27005","-50"
"Beltrami","0","5","Minnesota","4/21/20","5","0","27007","0"
"Benton","0","4","Minnesota","4/21/20","1","3","27009","300"
"Big Stone","0","1","Minnesota","4/21/20","1","0","27011","0"
"Blue Earth","0","24","Minnesota","4/21/20","22","2","27013","9.09"
"Brown","0","8","Minnesota","4/21/20","7","1","27015","14.29"
"Carlton","2","37","Minnesota","4/21/20","26","11","27017","42.31"
"Carver","0","14","Minnesota","4/21/20","13","1","27019","7.69"
"Cass","0","4","Minnesota","4/21/20","4","0","27021","0"
"Chippewa","0","1","Minnesota","4/21/20","0","1","27023","1"
"Chisago","0","7","Minnesota","4/21/20","7","0","27025","0"
"Clay","4","68","Minnesota","4/21/20","42","26","27027","61.9"
"Clearwater","0","3","Minnesota","4/21/20","3","0","27029","0"
"Cottonwood","0","6","Minnesota","4/21/20","6","0","27033","0"
"Crow Wing","0","20","Minnesota","4/21/20","17","3","27035","17.65"
"Dakota","3","127","Minnesota","4/21/20","103","24","27037","23.3"
"Dodge","0","18","Minnesota","4/21/20","16","2","27039","12.5"
"Douglas","0","2","Minnesota","4/21/20","1","1","27041","100"
"Faribault","0","4","Minnesota","4/21/20","4","0","27043","0"
"Fillmore","0","11","Minnesota","4/21/20","10","1","27045","10"
"Freeborn","1","33","Minnesota","4/21/20","27","6","27047","22.22"
"Goodhue","0","19","Minnesota","4/21/20","17","2","27049","11.76"
"Hennepin","65","1013","Minnesota","4/21/20","558","455","27053","81.54"
"Houston","0","1","Minnesota","4/21/20","1","0","27055","0"
"Isanti","0","6","Minnesota","4/21/20","4","2","27059","50"
"Itasca","0","2","Minnesota","4/21/20","2","0","27061","0"
"Jackson","0","2","Minnesota","4/21/20","1","1","27063","100"
"Kandiyohi","0","3","Minnesota","4/21/20","2","1","27067","50"
"Kittson","0","1","Minnesota","4/21/20","0","1","27069","1"
"Koochiching","0","1","Minnesota","4/21/20","1","0","27071","0"
"Lac qui Parle","0","1","Minnesota","4/21/20","1","0","27073","0"
"Le Sueur","0","22","Minnesota","4/21/20","21","1","27079","4.76"
"Lincoln","0","2","Minnesota","4/21/20","2","0","27081","0"
"Lyon","0","5","Minnesota","4/21/20","5","0","27083","0"
"Mahnomen","0","1","Minnesota","4/21/20","1","0","27087","0"
"Marshall","0","1","Minnesota","4/21/20","0","1","27089","1"
"Martin","0","41","Minnesota","4/21/20","39","2","27091","5.13"
"McLeod","0","3","Minnesota","4/21/20","2","1","27085","50"
"Meeker","0","3","Minnesota","4/21/20","2","1","27093","50"
"Mille Lacs","0","1","Minnesota","4/21/20","0","1","27095","1"
"Morrison","0","1","Minnesota","4/21/20","0","1","27097","1"
"Mower","0","26","Minnesota","4/21/20","25","1","27099","4"
"Murray","0","3","Minnesota","4/21/20","1","2","27101","200"
"Nicollet","0","7","Minnesota","4/21/20","7","0","27103","0"
"Nobles","14","101","Minnesota","4/21/20","3","98","27105","3266.67"
"Norman","1","5","Minnesota","4/21/20","0","5","27107","1"
"Olmsted","7","198","Minnesota","4/21/20","147","51","27109","34.69"
"Otter Tail","0","6","Minnesota","4/21/20","4","2","27111","50"
"Pennington","0","1","Minnesota","4/21/20","0","1","27113","1"
"Pine","1","12","Minnesota","4/21/20","6","6","27115","100"
"Pipestone","0","2","Minnesota","4/21/20","1","1","27117","100"
"Polk","0","4","Minnesota","4/21/20","1","3","27119","300"
"Ramsey","9","215","Minnesota","4/21/20","153","62","27123","40.52"
"Red Lake","0","1","Minnesota","4/21/20","1","0","27125","0"
"Redwood","0","1","Minnesota","4/21/20","1","0","27127","0"
"Renville","0","3","Minnesota","4/21/20","3","0","27129","0"
"Rice","0","7","Minnesota","4/21/20","5","2","27131","40"
"Rock","0","5","Minnesota","4/21/20","2","3","27133","150"
"Roseau","0","1","Minnesota","4/21/20","1","0","27135","0"
"Scott","1","27","Minnesota","4/21/20","20","7","27139","35"
"Sherburne","0","13","Minnesota","4/21/20","10","3","27141","30"
"Sibley","0","1","Minnesota","4/21/20","1","0","27143","0"
"St. Louis","2","53","Minnesota","4/21/20","42","11","27137","26.19"
"Stearns","2","18","Minnesota","4/21/20","7","11","27145","157.14"
"Steele","0","9","Minnesota","4/21/20","9","0","27147","0"
"Swift","0","1","Minnesota","4/21/20","1","0","27151","0"
"Todd","0","3","Minnesota","4/21/20","2","1","27153","50"
"Traverse","0","2","Minnesota","4/21/20","2","0","27155","0"
"Wabasha","0","8","Minnesota","4/21/20","7","1","27157","14.29"
"Waseca","0","3","Minnesota","4/21/20","3","0","27161","0"
"Washington","2","98","Minnesota","4/21/20","84","14","27163","16.67"
"Watonwan","0","4","Minnesota","4/21/20","4","0","27165","0"
"Wilkin","0","9","Minnesota","4/21/20","7","2","27167","28.57"
"Winona","4","61","Minnesota","4/21/20","30","31","27169","103.33"
"Wright","1","27","Minnesota","4/21/20","19","8","27171","42.11"
"Yellow Medicine","0","3","Minnesota","4/21/20","3","0","27173","0"
"Adams","4","90","Mississippi","4/21/20","62","28","28001","45.16"
"Alcorn","0","7","Mississippi","4/21/20","7","0","28003","0"
"Amite","1","18","Mississippi","4/21/20","14","4","28005","28.57"
"Attala","4","49","Mississippi","4/21/20","22","27","28007","122.73"
"Benton","1","9","Mississippi","4/21/20","5","4","28009","80"
"Bolivar","2","86","Mississippi","4/21/20","69","17","28011","24.64"
"Calhoun","2","42","Mississippi","4/21/20","25","17","28013","68"
"Carroll","1","14","Mississippi","4/21/20","8","6","28015","75"
"Chickasaw","3","51","Mississippi","4/21/20","32","19","28017","59.38"
"Choctaw","0","13","Mississippi","4/21/20","11","2","28019","18.18"
"Claiborne","1","10","Mississippi","4/21/20","6","4","28021","66.67"
"Clarke","2","31","Mississippi","4/21/20","15","16","28023","106.67"
"Clay","1","27","Mississippi","4/21/20","20","7","28025","35"
"Coahoma","2","52","Mississippi","4/21/20","39","13","28027","33.33"
"Copiah","3","51","Mississippi","4/21/20","31","20","28029","64.52"
"Covington","3","37","Mississippi","4/21/20","15","22","28031","146.67"
"DeSoto","7","239","Mississippi","4/21/20","188","51","28033","27.13"
"Forrest","5","151","Mississippi","4/21/20","114","37","28035","32.46"
"Franklin","1","17","Mississippi","4/21/20","10","7","28037","70"
"George","0","10","Mississippi","4/21/20","10","0","28039","0"
"Greene","0","4","Mississippi","4/21/20","2","2","28041","100"
"Grenada","2","26","Mississippi","4/21/20","13","13","28043","100"
"Hancock","1","53","Mississippi","4/21/20","46","7","28045","15.22"
"Harrison","4","151","Mississippi","4/21/20","121","30","28047","24.79"
"Hinds","13","357","Mississippi","4/21/20","263","94","28049","35.74"
"Holmes","2","61","Mississippi","4/21/20","47","14","28051","29.79"
"Humphreys","0","13","Mississippi","4/21/20","11","2","28053","18.18"
"Itawamba","2","26","Mississippi","4/21/20","9","17","28057","188.89"
"Jackson","8","211","Mississippi","4/21/20","157","54","28059","34.39"
"Jasper","1","23","Mississippi","4/21/20","14","9","28061","64.29"
"Jefferson","0","5","Mississippi","4/21/20","4","1","28063","25"
"Jefferson Davis","1","12","Mississippi","4/21/20","6","6","28065","100"
"Jones","6","80","Mississippi","4/21/20","40","40","28067","100"
"Kemper","1","23","Mississippi","4/21/20","14","9","28069","64.29"
"Lafayette","5","68","Mississippi","4/21/20","33","35","28071","106.06"
"Lamar","4","76","Mississippi","4/21/20","46","30","28073","65.22"
"Lauderdale","11","232","Mississippi","4/21/20","156","76","28075","48.72"
"Lawrence","2","20","Mississippi","4/21/20","7","13","28077","185.71"
"Leake","10","99","Mississippi","4/21/20","32","67","28079","209.38"
"Lee","3","64","Mississippi","4/21/20","46","18","28081","39.13"
"Leflore","8","109","Mississippi","4/21/20","52","57","28083","109.62"
"Lincoln","8","109","Mississippi","4/21/20","56","53","28085","94.64"
"Lowndes","1","35","Mississippi","4/21/20","25","10","28087","40"
"Madison","5","144","Mississippi","4/21/20","108","36","28089","33.33"
"Marion","3","47","Mississippi","4/21/20","25","22","28091","88"
"Marshall","1","39","Mississippi","4/21/20","34","5","28093","14.71"
"Monroe","8","95","Mississippi","4/21/20","38","57","28095","150"
"Montgomery","0","17","Mississippi","4/21/20","15","2","28097","13.33"
"Neshoba","7","82","Mississippi","4/21/20","33","49","28099","148.48"
"Newton","3","32","Mississippi","4/21/20","14","18","28101","128.57"
"Noxubee","3","24","Mississippi","4/21/20","6","18","28103","300"
"Oktibbeha","1","44","Mississippi","4/21/20","37","7","28105","18.92"
"Panola","2","37","Mississippi","4/21/20","26","11","28107","42.31"
"Pearl River","6","134","Mississippi","4/21/20","93","41","28109","44.09"
"Perry","0","22","Mississippi","4/21/20","20","2","28111","10"
"Pike","8","118","Mississippi","4/21/20","62","56","28113","90.32"
"Pontotoc","0","18","Mississippi","4/21/20","15","3","28115","20"
"Prentiss","2","27","Mississippi","4/21/20","14","13","28117","92.86"
"Quitman","0","13","Mississippi","4/21/20","12","1","28119","8.33"
"Rankin","6","146","Mississippi","4/21/20","105","41","28121","39.05"
"Scott","14","158","Mississippi","4/21/20","62","96","28123","154.84"
"Sharkey","0","3","Mississippi","4/21/20","3","0","28125","0"
"Simpson","4","32","Mississippi","4/21/20","7","25","28127","357.14"
"Smith","3","50","Mississippi","4/21/20","30","20","28129","66.67"
"Stone","1","19","Mississippi","4/21/20","14","5","28131","35.71"
"Sunflower","1","48","Mississippi","4/21/20","41","7","28133","17.07"
"Tallahatchie","1","8","Mississippi","4/21/20","4","4","28135","100"
"Tate","1","34","Mississippi","4/21/20","25","9","28137","36"
"Tippah","1","49","Mississippi","4/21/20","45","4","28139","8.89"
"Tishomingo","0","4","Mississippi","4/21/20","2","2","28141","100"
"Tunica","1","33","Mississippi","4/21/20","23","10","28143","43.48"
"Union","1","12","Mississippi","4/21/20","8","4","28145","50"
"Walthall","0","24","Mississippi","4/21/20","22","2","28147","9.09"
"Warren","2","25","Mississippi","4/21/20","14","11","28149","78.57"
"Washington","2","71","Mississippi","4/21/20","57","14","28151","24.56"
"Wayne","0","12","Mississippi","4/21/20","9","3","28153","33.33"
"Webster","0","16","Mississippi","4/21/20","14","2","28155","14.29"
"Wilkinson","2","64","Mississippi","4/21/20","49","15","28157","30.61"
"Winston","2","34","Mississippi","4/21/20","20","14","28159","70"
"Yalobusha","0","17","Mississippi","4/21/20","14","3","28161","21.43"
"Yazoo","6","103","Mississippi","4/21/20","64","39","28163","60.94"
"Adair","0","12","Missouri","4/21/20","12","0","29001","0"
"Andrew","0","1","Missouri","4/21/20","1","0","29003","0"
"Atchison","0","2","Missouri","4/21/20","2","0","29005","0"
"Audrain","0","1","Missouri","4/21/20","0","1","29007","1"
"Barry","0","5","Missouri","4/21/20","2","3","29009","150"
"Bates","0","6","Missouri","4/21/20","6","0","29013","0"
"Benton","0","3","Missouri","4/21/20","3","0","29015","0"
"Bollinger","0","3","Missouri","4/21/20","3","0","29017","0"
"Boone","1","96","Missouri","4/21/20","87","9","29019","10.34"
"Buchanan","2","33","Missouri","4/21/20","22","11","29021","50"
"Butler","1","24","Missouri","4/21/20","16","8","29023","50"
"Caldwell","0","2","Missouri","4/21/20","1","1","29025","100"
"Callaway","0","21","Missouri","4/21/20","20","1","29027","5"
"Camden","1","35","Missouri","4/21/20","26","9","29029","34.62"
"Cape Girardeau","1","37","Missouri","4/21/20","30","7","29031","23.33"
"Carter","0","3","Missouri","4/21/20","3","0","29035","0"
"Cass","1","54","Missouri","4/21/20","45","9","29037","20"
"Cedar","0","5","Missouri","4/21/20","5","0","29039","0"
"Chariton","0","4","Missouri","4/21/20","4","0","29041","0"
"Christian","0","19","Missouri","4/21/20","19","0","29043","0"
"Clark","0","1","Missouri","4/21/20","1","0","29045","0"
"Clay","1","61","Missouri","4/21/20","51","10","29047","19.61"
"Clinton","0","11","Missouri","4/21/20","11","0","29049","0"
"Cole","1","46","Missouri","4/21/20","38","8","29051","21.05"
"Cooper","0","5","Missouri","4/21/20","4","1","29053","25"
"Crawford","0","5","Missouri","4/21/20","5","0","29055","0"
"Dallas","0","2","Missouri","4/21/20","2","0","29059","0"
"Daviess","0","2","Missouri","4/21/20","0","2","29061","1"
"DeKalb","0","3","Missouri","4/21/20","3","0","29063","0"
"Dunklin","0","19","Missouri","4/21/20","16","3","29069","18.75"
"Franklin","2","102","Missouri","4/21/20","87","15","29071","17.24"
"Gasconade","0","2","Missouri","4/21/20","2","0","29073","0"
"Gentry","0","1","Missouri","4/21/20","1","0","29075","0"
"Greene","2","92","Missouri","4/21/20","80","12","29077","15"
"Harrison","0","6","Missouri","4/21/20","6","0","29081","0"
"Henry","0","6","Missouri","4/21/20","5","1","29083","20"
"Holt","0","1","Missouri","4/21/20","0","1","29087","1"
"Howard","0","2","Missouri","4/21/20","2","0","29089","0"
"Howell","0","5","Missouri","4/21/20","4","1","29091","25"
"Iron","0","2","Missouri","4/21/20","1","1","29093","100"
"Jackson","6","279","Missouri","4/21/20","237","42","29095","17.72"
"Jasper","0","29","Missouri","4/21/20","27","2","29097","7.41"
"Jefferson","13","231","Missouri","4/21/20","139","92","29099","66.19"
"Johnson","1","52","Missouri","4/21/20","45","7","29101","15.56"
"Kansas City","13","438","Missouri","4/21/20","346","92","00000","26.59"
"Lafayette","0","30","Missouri","4/21/20","28","2","29107","7.14"
"Lewis","0","1","Missouri","4/21/20","0","1","29111","1"
"Lincoln","4","59","Missouri","4/21/20","33","26","29113","78.79"
"Linn","0","5","Missouri","4/21/20","5","0","29115","0"
"Livingston","0","2","Missouri","4/21/20","2","0","29117","0"
"Macon","0","2","Missouri","4/21/20","2","0","29121","0"
"Madison","0","1","Missouri","4/21/20","1","0","29123","0"
"Maries","0","2","Missouri","4/21/20","2","0","29125","0"
"Marion","0","3","Missouri","4/21/20","0","3","29127","1"
"McDonald","0","4","Missouri","4/21/20","4","0","29119","0"
"Miller","0","1","Missouri","4/21/20","0","1","29131","1"
"Moniteau","7","53","Missouri","4/21/20","4","49","29135","1225"
"Montgomery","0","7","Missouri","4/21/20","6","1","29139","16.67"
"Morgan","0","2","Missouri","4/21/20","1","1","29141","100"
"New Madrid","0","9","Missouri","4/21/20","8","1","29143","12.5"
"Newton","0","10","Missouri","4/21/20","9","1","29145","11.11"
"Nodaway","0","3","Missouri","4/21/20","3","0","29147","0"
"Oregon","0","1","Missouri","4/21/20","1","0","29149","0"
"Osage","0","5","Missouri","4/21/20","4","1","29151","25"
"Pemiscot","1","13","Missouri","4/21/20","8","5","29155","62.5"
"Perry","0","38","Missouri","4/21/20","38","0","29157","0"
"Pettis","2","14","Missouri","4/21/20","3","11","29159","366.67"
"Phelps","0","1","Missouri","4/21/20","1","0","29161","0"
"Pike","0","6","Missouri","4/21/20","6","0","29163","0"
"Platte","0","27","Missouri","4/21/20","26","1","29165","3.85"
"Polk","0","1","Missouri","4/21/20","1","0","29167","0"
"Pulaski","3","31","Missouri","4/21/20","12","19","29169","158.33"
"Ralls","0","1","Missouri","4/21/20","1","0","29173","0"
"Randolph","0","8","Missouri","4/21/20","8","0","29175","0"
"Ray","0","7","Missouri","4/21/20","7","0","29177","0"
"Reynolds","0","2","Missouri","4/21/20","2","0","29179","0"
"Ripley","0","3","Missouri","4/21/20","3","0","29181","0"
"Saline","5","72","Missouri","4/21/20","35","37","29195","105.71"
"Scotland","0","4","Missouri","4/21/20","3","1","29199","33.33"
"Scott","4","52","Missouri","4/21/20","25","27","29201","108"
"Shelby","0","1","Missouri","4/21/20","1","0","29205","0"
"St. Charles","12","469","Missouri","4/21/20","384","85","29183","22.14"
"St. Clair","0","2","Missouri","4/21/20","2","0","29185","0"
"St. Francois","0","24","Missouri","4/21/20","23","1","29187","4.35"
"St. Louis","76","2499","Missouri","4/21/20","1968","531","29189","26.98"
"St. Louis City","26","908","Missouri","4/21/20","723","185","29510","25.59"
"Ste. Genevieve","0","7","Missouri","4/21/20","7","0","29186","0"
"Stoddard","1","19","Missouri","4/21/20","12","7","29207","58.33"
"Stone","0","3","Missouri","4/21/20","3","0","29209","0"
"Taney","0","9","Missouri","4/21/20","8","1","29213","12.5"
"Vernon","0","4","Missouri","4/21/20","3","1","29217","33.33"
"Warren","1","22","Missouri","4/21/20","17","5","29219","29.41"
"Washington","1","6","Missouri","4/21/20","1","5","29221","500"
"Webster","1","10","Missouri","4/21/20","5","5","29225","100"
"Worth","0","1","Missouri","4/21/20","1","0","29227","0"
"Wright","0","9","Missouri","4/21/20","9","0","29229","0"
"Beaverhead","0","1","Montana","4/21/20","1","0","30001","0"
"Big Horn","0","3","Montana","4/21/20","2","1","30003","50"
"Broadwater","0","4","Montana","4/21/20","4","0","30007","0"
"Carbon","0","6","Montana","4/21/20","6","0","30009","0"
"Cascade","0","13","Montana","4/21/20","13","0","30013","0"
"Deer Lodge","0","3","Montana","4/21/20","3","0","30023","0"
"Flathead","0","37","Montana","4/21/20","36","1","30029","2.78"
"Gallatin","1","145","Montana","4/21/20","138","7","30031","5.07"
"Glacier","0","4","Montana","4/21/20","4","0","30035","0"
"Golden Valley","0","3","Montana","4/21/20","1","2","30037","200"
"Hill","0","1","Montana","4/21/20","1","0","30041","0"
"Jefferson","0","2","Montana","4/21/20","2","0","30043","0"
"Lake","0","5","Montana","4/21/20","5","0","30047","0"
"Lewis and Clark","0","16","Montana","4/21/20","16","0","30049","0"
"Liberty","0","1","Montana","4/21/20","1","0","30051","0"
"Lincoln","0","7","Montana","4/21/20","7","0","30053","0"
"Madison","0","8","Montana","4/21/20","8","0","30057","0"
"Meagher","0","1","Montana","4/21/20","1","0","30059","0"
"Missoula","1","38","Montana","4/21/20","30","8","30063","26.67"
"Musselshell","0","1","Montana","4/21/20","1","0","30065","0"
"Park","0","7","Montana","4/21/20","7","0","30067","0"
"Pondera","0","2","Montana","4/21/20","0","2","30073","1"
"Ravalli","0","5","Montana","4/21/20","5","0","30081","0"
"Richland","0","3","Montana","4/21/20","3","0","30083","0"
"Roosevelt","1","7","Montana","4/21/20","3","4","30085","133.33"
"Silver Bow","0","11","Montana","4/21/20","11","0","30093","0"
"Stillwater","0","1","Montana","4/21/20","1","0","30095","0"
"Toole","0","29","Montana","4/21/20","26","3","30101","11.54"
"Yellowstone","1","73","Montana","4/21/20","63","10","30111","15.87"
"Adams","6","101","Nebraska","4/21/20","62","39","31001","62.9"
"Antelope","0","1","Nebraska","4/21/20","1","0","31003","0"
"Box Butte","0","1","Nebraska","4/21/20","1","0","31013","0"
"Buffalo","2","55","Nebraska","4/21/20","38","17","31019","44.74"
"Burt","0","1","Nebraska","4/21/20","1","0","31021","0"
"Butler","0","1","Nebraska","4/21/20","0","1","31023","1"
"Cass","0","4","Nebraska","4/21/20","3","1","31025","33.33"
"Cherry","0","1","Nebraska","4/21/20","1","0","31031","0"
"Cheyenne","0","4","Nebraska","4/21/20","2","2","31033","100"
"Clay","0","5","Nebraska","4/21/20","2","3","31035","150"
"Colfax","0","5","Nebraska","4/21/20","4","1","31037","25"
"Cuming","0","2","Nebraska","4/21/20","2","0","31039","0"
"Custer","0","20","Nebraska","4/21/20","19","1","31041","5.26"
"Dakota","10","73","Nebraska","4/21/20","2","71","31043","3550"
"Dawson","22","175","Nebraska","4/21/20","18","157","31047","872.22"
"Dixon","0","1","Nebraska","4/21/20","0","1","31051","1"
"Dodge","1","18","Nebraska","4/21/20","12","6","31053","50"
"Douglas","6","296","Nebraska","4/21/20","251","45","31055","17.93"
"Franklin","0","3","Nebraska","4/21/20","3","0","31061","0"
"Furnas","0","2","Nebraska","4/21/20","0","2","31065","1"
"Gage","0","28","Nebraska","4/21/20","26","2","31067","7.69"
"Gosper","1","6","Nebraska","4/21/20","1","5","31073","500"
"Hall","49","554","Nebraska","4/21/20","214","340","31079","158.88"
"Hamilton","1","22","Nebraska","4/21/20","13","9","31081","69.23"
"Howard","1","4","Nebraska","4/21/20","0","4","31093","1"
"Johnson","0","2","Nebraska","4/21/20","1","1","31097","100"
"Kearney","0","4","Nebraska","4/21/20","3","1","31099","33.33"
"Kimball","0","9","Nebraska","4/21/20","9","0","31105","0"
"Knox","0","2","Nebraska","4/21/20","2","0","31107","0"
"Lancaster","5","92","Nebraska","4/21/20","57","35","31109","61.4"
"Lincoln","0","18","Nebraska","4/21/20","17","1","31111","5.88"
"Madison","1","14","Nebraska","4/21/20","6","8","31119","133.33"
"Merrick","1","9","Nebraska","4/21/20","2","7","31121","350"
"Morrill","0","1","Nebraska","4/21/20","0","1","31123","1"
"Nance","0","1","Nebraska","4/21/20","0","1","31125","1"
"Nemaha","0","1","Nebraska","4/21/20","1","0","31127","0"
"Otoe","0","1","Nebraska","4/21/20","1","0","31131","0"
"Phelps","0","1","Nebraska","4/21/20","1","0","31137","0"
"Pierce","0","1","Nebraska","4/21/20","1","0","31139","0"
"Platte","0","8","Nebraska","4/21/20","6","2","31141","33.33"
"Polk","1","6","Nebraska","4/21/20","2","4","31143","200"
"Red Willow","0","1","Nebraska","4/21/20","0","1","31145","1"
"Saline","2","11","Nebraska","4/21/20","0","11","31151","1"
"Sarpy","1","55","Nebraska","4/21/20","46","9","31153","19.57"
"Saunders","0","6","Nebraska","4/21/20","6","0","31155","0"
"Scotts Bluff","1","22","Nebraska","4/21/20","14","8","31157","57.14"
"Seward","0","4","Nebraska","4/21/20","1","3","31159","300"
"Stanton","0","2","Nebraska","4/21/20","1","1","31167","100"
"Washington","0","21","Nebraska","4/21/20","20","1","31177","5"
"Wayne","0","1","Nebraska","4/21/20","1","0","31179","0"
"Webster","0","2","Nebraska","4/21/20","1","1","31181","100"
"York","0","7","Nebraska","4/21/20","4","3","31185","75"
"Carson City","1","28","Nevada","4/21/20","23","5","32510","21.74"
"Churchill","0","3","Nevada","4/21/20","0","3","32001","1"
"Clark","84","3099","Nevada","4/21/20","2509","590","32003","23.52"
"Douglas","1","15","Nevada","4/21/20","10","5","32005","50"
"Elko","0","12","Nevada","4/21/20","11","1","32007","9.09"
"Humboldt","2","34","Nevada","4/21/20","20","14","32013","70"
"Lincoln","0","0","Nevada","4/21/20","1","-1","32017","-100"
"Lyon","1","18","Nevada","4/21/20","10","8","32019","80"
"Nye","2","29","Nevada","4/21/20","15","14","32023","93.33"
"Washoe","19","662","Nevada","4/21/20","532","130","32031","24.44"
"White Pine","0","3","Nevada","4/21/20","3","0","32033","0"
"Belknap","1","28","New Hampshire","4/21/20","24","4","33001","16.67"
"Carroll","0","30","New Hampshire","4/21/20","29","1","33003","3.45"
"Cheshire","1","30","New Hampshire","4/21/20","21","9","33005","42.86"
"Coos","0","2","New Hampshire","4/21/20","2","0","33007","0"
"Grafton","0","45","New Hampshire","4/21/20","45","0","33009","0"
"Hillsborough","51","626","New Hampshire","4/21/20","271","355","33011","131"
"Merrimack","4","101","New Hampshire","4/21/20","75","26","33013","34.67"
"Rockingham","16","493","New Hampshire","4/21/20","378","115","33015","30.42"
"Strafford","6","111","New Hampshire","4/21/20","69","42","33017","60.87"
"Sullivan","0","10","New Hampshire","4/21/20","7","3","33019","42.86"
"Atlantic","26","469","New Jersey","4/21/20","284","185","34001","65.14"
"Bergen","419","13356","New Jersey","4/21/20","10426","2930","34003","28.1"
"Burlington","80","1765","New Jersey","4/21/20","1207","558","34005","46.23"
"Camden","129","2379","New Jersey","4/21/20","1477","902","34007","61.07"
"Cape May","7","217","New Jersey","4/21/20","169","48","34009","28.4"
"Cumberland","23","360","New Jersey","4/21/20","201","159","34011","79.1"
"Essex","417","11128","New Jersey","4/21/20","8212","2916","34013","35.51"
"Gloucester","32","808","New Jersey","4/21/20","587","221","34015","37.65"
"Hudson","426","11221","New Jersey","4/21/20","8242","2979","34017","36.14"
"Hunterdon","11","423","New Jersey","4/21/20","349","74","34019","21.2"
"Mercer","123","2591","New Jersey","4/21/20","1731","860","34021","49.68"
"Middlesex","290","8346","New Jersey","4/21/20","6313","2033","34023","32.2"
"Monmouth","112","4787","New Jersey","4/21/20","4003","784","34025","19.59"
"Morris","116","4236","New Jersey","4/21/20","3424","812","34027","23.71"
"Ocean","148","4868","New Jersey","4/21/20","3833","1035","34029","27"
"Passaic","292","8479","New Jersey","4/21/20","6438","2041","34031","31.7"
"Salem","7","120","New Jersey","4/21/20","73","47","34033","64.38"
"Somerset","82","2488","New Jersey","4/21/20","1911","577","34035","30.19"
"Sussex","22","688","New Jersey","4/21/20","535","153","34037","28.6"
"Union","387","9972","New Jersey","4/21/20","7265","2707","34039","37.26"
"Warren","24","613","New Jersey","4/21/20","442","171","34041","38.69"
"Bernalillo","16","566","New Mexico","4/21/20","455","111","35001","24.4"
"Catron","0","1","New Mexico","4/21/20","1","0","35003","0"
"Chaves","0","21","New Mexico","4/21/20","19","2","35005","10.53"
"Cibola","1","33","New Mexico","4/21/20","25","8","35006","32"
"Colfax","0","5","New Mexico","4/21/20","2","3","35007","150"
"Curry","0","10","New Mexico","4/21/20","10","0","35009","0"
"Dona Ana","3","73","New Mexico","4/21/20","50","23","35013","46"
"Eddy","0","10","New Mexico","4/21/20","7","3","35015","42.86"
"Grant","1","14","New Mexico","4/21/20","10","4","35017","40"
"Guadalupe","0","1","New Mexico","4/21/20","0","1","35019","1"
"Lea","0","2","New Mexico","4/21/20","2","0","35025","0"
"Lincoln","0","1","New Mexico","4/21/20","1","0","35027","0"
"Los Alamos","0","6","New Mexico","4/21/20","5","1","35028","20"
"Luna","0","3","New Mexico","4/21/20","2","1","35029","50"
"McKinley","32","416","New Mexico","4/21/20","191","225","35031","117.8"
"Otero","0","3","New Mexico","4/21/20","3","0","35035","0"
"Quay","0","3","New Mexico","4/21/20","1","2","35037","200"
"Rio Arriba","1","11","New Mexico","4/21/20","7","4","35039","57.14"
"Roosevelt","0","1","New Mexico","4/21/20","1","0","35041","0"
"San Juan","17","293","New Mexico","4/21/20","173","120","35045","69.36"
"San Miguel","0","2","New Mexico","4/21/20","1","1","35047","100"
"Sandoval","10","317","New Mexico","4/21/20","244","73","35043","29.92"
"Santa Fe","1","86","New Mexico","4/21/20","76","10","35049","13.16"
"Socorro","2","31","New Mexico","4/21/20","14","17","35053","121.43"
"Taos","0","16","New Mexico","4/21/20","15","1","35055","6.67"
"Torrance","0","13","New Mexico","4/21/20","10","3","35057","30"
"Valencia","2","33","New Mexico","4/21/20","20","13","35061","65"
"Albany","24","704","New York","4/21/20","535","169","36001","31.59"
"Allegany","0","30","New York","4/21/20","28","2","36003","7.14"
"Broome","8","205","New York","4/21/20","146","59","36007","40.41"
"Cattaraugus","0","35","New York","4/21/20","32","3","36009","9.38"
"Cayuga","0","36","New York","4/21/20","33","3","36011","9.09"
"Chautauqua","0","25","New York","4/21/20","23","2","36013","8.7"
"Chemung","2","75","New York","4/21/20","64","11","36015","17.19"
"Chenango","2","79","New York","4/21/20","68","11","36017","16.18"
"Clinton","2","56","New York","4/21/20","45","11","36019","24.44"
"Columbia","4","120","New York","4/21/20","93","27","36021","29.03"
"Cortland","0","25","New York","4/21/20","22","3","36023","13.64"
"Delaware","2","62","New York","4/21/20","45","17","36025","37.78"
"Dutchess","57","2331","New York","4/21/20","1934","397","36027","20.53"
"Erie","79","2284","New York","4/21/20","1730","554","36029","32.02"
"Essex","1","21","New York","4/21/20","12","9","36031","75"
"Franklin","0","13","New York","4/21/20","13","0","36033","0"
"Fulton","1","27","New York","4/21/20","22","5","36035","22.73"
"Genesee","6","121","New York","4/21/20","76","45","36037","59.21"
"Greene","3","87","New York","4/21/20","66","21","36039","31.82"
"Hamilton","0","3","New York","4/21/20","3","0","36041","0"
"Herkimer","2","50","New York","4/21/20","39","11","36043","28.21"
"Jefferson","1","54","New York","4/21/20","47","7","36045","14.89"
"Lewis","0","9","New York","4/21/20","7","2","36049","28.57"
"Livingston","1","39","New York","4/21/20","34","5","36051","14.71"
"Madison","1","117","New York","4/21/20","110","7","36053","6.36"
"Monroe","31","1070","New York","4/21/20","850","220","36055","25.88"
"Montgomery","1","37","New York","4/21/20","32","5","36057","15.62"
"Nassau","833","31079","New York","4/21/20","25250","5829","36059","23.09"
"New York","4126","139348","New York","4/21/20","110465","28883","36061","26.15"
"Niagara","6","260","New York","4/21/20","216","44","36063","20.37"
"Oneida","8","284","New York","4/21/20","229","55","36065","24.02"
"Onondaga","16","646","New York","4/21/20","537","109","36067","20.3"
"Ontario","2","72","New York","4/21/20","61","11","36069","18.03"
"Orange","171","7029","New York","4/21/20","5830","1199","36071","20.57"
"Orleans","3","53","New York","4/21/20","31","22","36073","70.97"
"Oswego","1","52","New York","4/21/20","42","10","36075","23.81"
"Otsego","1","49","New York","4/21/20","44","5","36077","11.36"
"Putnam","25","807","New York","4/21/20","634","173","36079","27.29"
"Rensselaer","7","186","New York","4/21/20","140","46","36083","32.86"
"Rockland","176","9568","New York","4/21/20","8335","1233","36087","14.79"
"Saratoga","7","272","New York","4/21/20","224","48","36091","21.43"
"Schenectady","14","336","New York","4/21/20","235","101","36093","42.98"
"Schoharie","0","20","New York","4/21/20","20","0","36095","0"
"Schuyler","0","8","New York","4/21/20","8","0","36097","0"
"Seneca","0","18","New York","4/21/20","18","0","36099","0"
"St. Lawrence","4","120","New York","4/21/20","92","28","36089","30.43"
"Steuben","7","195","New York","4/21/20","147","48","36101","32.65"
"Suffolk","859","28701","New York","4/21/20","22691","6010","36103","26.49"
"Sullivan","25","592","New York","4/21/20","415","177","36105","42.65"
"Tioga","2","37","New York","4/21/20","24","13","36107","54.17"
"Tompkins","1","123","New York","4/21/20","113","10","36109","8.85"
"Ulster","43","1018","New York","4/21/20","716","302","36111","42.18"
"Warren","4","102","New York","4/21/20","77","25","36113","32.47"
"Washington","4","68","New York","4/21/20","40","28","36115","70"
"Wayne","0","51","New York","4/21/20","48","3","36117","6.25"
"Westchester","638","24656","New York","4/21/20","20191","4465","36119","22.11"
"Wyoming","2","44","New York","4/21/20","32","12","36121","37.5"
"Yates","1","10","New York","4/21/20","6","4","36123","66.67"
"Alamance","-2","58","North Carolina","4/21/20","73","-15","37001","-20.55"
"Alexander","0","4","North Carolina","4/21/20","3","1","37003","33.33"
"Alleghany","0","2","North Carolina","4/21/20","2","0","37005","0"
"Anson","1","19","North Carolina","4/21/20","11","8","37007","72.73"
"Ashe","0","4","North Carolina","4/21/20","4","0","37009","0"
"Beaufort","0","15","North Carolina","4/21/20","14","1","37013","7.14"
"Bertie","1","25","North Carolina","4/21/20","15","10","37015","66.67"
"Bladen","0","4","North Carolina","4/21/20","2","2","37017","100"
"Brunswick","0","38","North Carolina","4/21/20","35","3","37019","8.57"
"Buncombe","1","48","North Carolina","4/21/20","38","10","37021","26.32"
"Burke","2","75","North Carolina","4/21/20","61","14","37023","22.95"
"Cabarrus","5","223","North Carolina","4/21/20","190","33","37025","17.37"
"Caldwell","1","23","North Carolina","4/21/20","19","4","37027","21.05"
"Carteret","0","24","North Carolina","4/21/20","22","2","37031","9.09"
"Caswell","1","8","North Carolina","4/21/20","3","5","37033","166.67"
"Catawba","1","46","North Carolina","4/21/20","36","10","37035","27.78"
"Chatham","8","131","North Carolina","4/21/20","75","56","37037","74.67"
"Cherokee","1","18","North Carolina","4/21/20","13","5","37039","38.46"
"Chowan","0","6","North Carolina","4/21/20","4","2","37041","50"
"Clay","0","6","North Carolina","4/21/20","4","2","37043","50"
"Cleveland","1","44","North Carolina","4/21/20","39","5","37045","12.82"
"Columbus","3","61","North Carolina","4/21/20","37","24","37047","64.86"
"Craven","1","36","North Carolina","4/21/20","29","7","37049","24.14"
"Cumberland","6","127","North Carolina","4/21/20","86","41","37051","47.67"
"Currituck","0","3","North Carolina","4/21/20","3","0","37053","0"
"Dare","0","15","North Carolina","4/21/20","15","0","37055","0"
"Davidson","1","96","North Carolina","4/21/20","86","10","37057","11.63"
"Davie","0","24","North Carolina","4/21/20","22","2","37059","9.09"
"Duplin","2","32","North Carolina","4/21/20","19","13","37061","68.42"
"Durham","16","439","North Carolina","4/21/20","324","115","37063","35.49"
"Edgecombe","4","58","North Carolina","4/21/20","31","27","37065","87.1"
"Forsyth","1","131","North Carolina","4/21/20","121","10","37067","8.26"
"Franklin","1","74","North Carolina","4/21/20","67","7","37069","10.45"
"Gaston","5","120","North Carolina","4/21/20","86","34","37071","39.53"
"Gates","0","4","North Carolina","4/21/20","4","0","37073","0"
"Granville","2","114","North Carolina","4/21/20","97","17","37077","17.53"
"Greene","0","14","North Carolina","4/21/20","13","1","37079","7.69"
"Guilford","9","201","North Carolina","4/21/20","138","63","37081","45.65"
"Halifax","2","36","North Carolina","4/21/20","25","11","37083","44"
"Harnett","2","62","North Carolina","4/21/20","49","13","37085","26.53"
"Haywood","0","5","North Carolina","4/21/20","3","2","37087","66.67"
"Henderson","4","129","North Carolina","4/21/20","99","30","37089","30.3"
"Hertford","1","10","North Carolina","4/21/20","4","6","37091","150"
"Hoke","1","25","North Carolina","4/21/20","20","5","37093","25"
"Iredell","2","88","North Carolina","4/21/20","71","17","37097","23.94"
"Jackson","0","5","North Carolina","4/21/20","2","3","37099","150"
"Johnston","3","123","North Carolina","4/21/20","104","19","37101","18.27"
"Jones","0","9","North Carolina","4/21/20","7","2","37103","28.57"
"Lee","4","45","North Carolina","4/21/20","15","30","37105","200"
"Lenoir","2","27","North Carolina","4/21/20","15","12","37107","80"
"Lincoln","1","22","North Carolina","4/21/20","15","7","37109","46.67"
"Macon","0","2","North Carolina","4/21/20","2","0","37113","0"
"Martin","1","11","North Carolina","4/21/20","7","4","37117","57.14"
"McDowell","0","21","North Carolina","4/21/20","18","3","37111","16.67"
"Mecklenburg","37","1255","North Carolina","4/21/20","993","262","37119","26.38"
"Mitchell","0","7","North Carolina","4/21/20","4","3","37121","75"
"Montgomery","0","18","North Carolina","4/21/20","15","3","37123","20"
"Moore","2","95","North Carolina","4/21/20","84","11","37125","13.1"
"Nash","4","67","North Carolina","4/21/20","39","28","37127","71.79"
"New Hanover","1","69","North Carolina","4/21/20","62","7","37129","11.29"
"Northampton","1","74","North Carolina","4/21/20","65","9","37131","13.85"
"Onslow","0","38","North Carolina","4/21/20","35","3","37133","8.57"
"Orange","5","189","North Carolina","4/21/20","155","34","37135","21.94"
"Pamlico","0","6","North Carolina","4/21/20","6","0","37137","0"
"Pasquotank","2","32","North Carolina","4/21/20","15","17","37139","113.33"
"Pender","1","9","North Carolina","4/21/20","5","4","37141","80"
"Perquimans","0","8","North Carolina","4/21/20","8","0","37143","0"
"Person","1","18","North Carolina","4/21/20","11","7","37145","63.64"
"Pitt","4","96","North Carolina","4/21/20","69","27","37147","39.13"
"Polk","0","10","North Carolina","4/21/20","9","1","37149","11.11"
"Randolph","3","78","North Carolina","4/21/20","55","23","37151","41.82"
"Richmond","1","20","North Carolina","4/21/20","12","8","37153","66.67"
"Robeson","3","34","North Carolina","4/21/20","11","23","37155","209.09"
"Rockingham","1","20","North Carolina","4/21/20","16","4","37157","25"
"Rowan","7","256","North Carolina","4/21/20","204","52","37159","25.49"
"Rutherford","6","84","North Carolina","4/21/20","45","39","37161","86.67"
"Sampson","1","22","North Carolina","4/21/20","13","9","37163","69.23"
"Scotland","1","13","North Carolina","4/21/20","9","4","37165","44.44"
"Stanly","1","21","North Carolina","4/21/20","17","4","37167","23.53"
"Stokes","0","10","North Carolina","4/21/20","10","0","37169","0"
"Surry","1","17","North Carolina","4/21/20","10","7","37171","70"
"Transylvania","0","8","North Carolina","4/21/20","6","2","37175","33.33"
"Tyrrell","0","4","North Carolina","4/21/20","2","2","37177","100"
"Union","9","171","North Carolina","4/21/20","110","61","37179","55.45"
"Vance","2","34","North Carolina","4/21/20","21","13","37181","61.9"
"Wake","16","613","North Carolina","4/21/20","501","112","37183","22.36"
"Warren","0","3","North Carolina","4/21/20","3","0","37185","0"
"Washington","1","22","North Carolina","4/21/20","18","4","37187","22.22"
"Watauga","0","8","North Carolina","4/21/20","8","0","37189","0"
"Wayne","72","581","North Carolina","4/21/20","78","503","37191","644.87"
"Wilkes","0","5","North Carolina","4/21/20","4","1","37193","25"
"Wilson","6","118","North Carolina","4/21/20","74","44","37195","59.46"
"Yadkin","0","11","North Carolina","4/21/20","14","-3","37197","-21.43"
"Barnes","0","3","North Dakota","4/21/20","2","1","38003","50"
"Bowman","0","1","North Dakota","4/21/20","1","0","38011","0"
"Burke","0","2","North Dakota","4/21/20","2","0","38013","0"
"Burleigh","2","63","North Dakota","4/21/20","52","11","38015","21.15"
"Cass","19","255","North Dakota","4/21/20","123","132","38017","107.32"
"Divide","0","1","North Dakota","4/21/20","1","0","38023","0"
"Dunn","1","10","North Dakota","4/21/20","3","7","38025","233.33"
"Eddy","0","1","North Dakota","4/21/20","1","0","38027","0"
"Emmons","0","1","North Dakota","4/21/20","1","0","38029","0"
"Foster","0","1","North Dakota","4/21/20","1","0","38031","0"
"Grand Forks","19","143","North Dakota","4/21/20","12","131","38035","1091.67"
"Grant","0","1","North Dakota","4/21/20","1","0","38037","0"
"McHenry","0","1","North Dakota","4/21/20","1","0","38049","0"
"McIntosh","0","1","North Dakota","4/21/20","1","0","38051","0"
"McKenzie","0","10","North Dakota","4/21/20","8","2","38053","25"
"McLean","0","3","North Dakota","4/21/20","2","1","38055","50"
"Morton","0","23","North Dakota","4/21/20","21","2","38059","9.52"
"Mountrail","1","31","North Dakota","4/21/20","27","4","38061","14.81"
"Nelson","0","1","North Dakota","4/21/20","0","1","38063","1"
"Oliver","0","1","North Dakota","4/21/20","1","0","38065","0"
"Pierce","0","2","North Dakota","4/21/20","2","0","38069","0"
"Ramsey","0","3","North Dakota","4/21/20","3","0","38071","0"
"Richland","0","5","North Dakota","4/21/20","3","2","38077","66.67"
"Rolette","0","1","North Dakota","4/21/20","1","0","38079","0"
"Sargent","0","1","North Dakota","4/21/20","1","0","38081","0"
"Sioux","0","2","North Dakota","4/21/20","1","1","38085","100"
"Slope","0","3","North Dakota","4/21/20","3","0","38087","0"
"Stark","1","39","North Dakota","4/21/20","34","5","38089","14.71"
"Stutsman","0","3","North Dakota","4/21/20","1","2","38093","200"
"Walsh","0","3","North Dakota","4/21/20","3","0","38099","0"
"Ward","0","20","North Dakota","4/21/20","20","0","38101","0"
"Williams","0","9","North Dakota","4/21/20","8","1","38105","12.5"
"","0","14","Northern Mariana Islands","4/21/20","11","3",,"27.27"
"Adams","0","3","Ohio","4/21/20","3","0","39001","0"
"Allen","6","88","Ohio","4/21/20","46","42","39003","91.3"
"Ashland","0","5","Ohio","4/21/20","5","0","39005","0"
"Ashtabula","5","70","Ohio","4/21/20","32","38","39007","118.75"
"Athens","0","3","Ohio","4/21/20","3","0","39009","0"
"Auglaize","1","23","Ohio","4/21/20","15","8","39011","53.33"
"Belmont","4","84","Ohio","4/21/20","57","27","39013","47.37"
"Brown","1","9","Ohio","4/21/20","5","4","39015","80"
"Butler","8","184","Ohio","4/21/20","127","57","39017","44.88"
"Carroll","0","16","Ohio","4/21/20","14","2","39019","14.29"
"Champaign","0","7","Ohio","4/21/20","6","1","39021","16.67"
"Clark","1","28","Ohio","4/21/20","20","8","39023","40"
"Clermont","4","74","Ohio","4/21/20","44","30","39025","68.18"
"Clinton","1","26","Ohio","4/21/20","18","8","39027","44.44"
"Columbiana","10","185","Ohio","4/21/20","115","70","39029","60.87"
"Coshocton","0","16","Ohio","4/21/20","16","0","39031","0"
"Crawford","3","37","Ohio","4/21/20","19","18","39033","94.74"
"Cuyahoga","59","1653","Ohio","4/21/20","1239","414","39035","33.41"
"Darke","1","58","Ohio","4/21/20","50","8","39037","16"
"Defiance","0","15","Ohio","4/21/20","12","3","39039","25"
"Delaware","4","127","Ohio","4/21/20","99","28","39041","28.28"
"Erie","3","37","Ohio","4/21/20","14","23","39043","164.29"
"Fairfield","2","101","Ohio","4/21/20","90","11","39045","12.22"
"Fayette","0","13","Ohio","4/21/20","12","1","39047","8.33"
"Franklin","72","1557","Ohio","4/21/20","1053","504","39049","47.86"
"Fulton","1","16","Ohio","4/21/20","7","9","39051","128.57"
"Gallia","0","6","Ohio","4/21/20","8","-2","39053","-25"
"Geauga","6","113","Ohio","4/21/20","69","44","39055","63.77"
"Greene","1","39","Ohio","4/21/20","31","8","39057","25.81"
"Guernsey","1","12","Ohio","4/21/20","7","5","39059","71.43"
"Hamilton","27","768","Ohio","4/21/20","576","192","39061","33.33"
"Hancock","1","29","Ohio","4/21/20","20","9","39063","45"
"Hardin","1","20","Ohio","4/21/20","11","9","39065","81.82"
"Harrison","0","2","Ohio","4/21/20","0","2","39067","1"
"Henry","0","4","Ohio","4/21/20","1","3","39069","300"
"Highland","0","7","Ohio","4/21/20","7","0","39071","0"
"Hocking","0","5","Ohio","4/21/20","4","1","39073","25"
"Holmes","0","4","Ohio","4/21/20","3","1","39075","33.33"
"Huron","1","23","Ohio","4/21/20","14","9","39077","64.29"
"Jackson","0","4","Ohio","4/21/20","3","1","39079","33.33"
"Jefferson","1","31","Ohio","4/21/20","24","7","39081","29.17"
"Knox","0","13","Ohio","4/21/20","10","3","39083","30"
"Lake","3","139","Ohio","4/21/20","121","18","39085","14.88"
"Lawrence","1","23","Ohio","4/21/20","17","6","39087","35.29"
"Licking","2","102","Ohio","4/21/20","86","16","39089","18.6"
"Logan","1","13","Ohio","4/21/20","8","5","39091","62.5"
"Lorain","18","320","Ohio","4/21/20","191","129","39093","67.54"
"Lucas","45","853","Ohio","4/21/20","540","313","39095","57.96"
"Madison","1","30","Ohio","4/21/20","24","6","39097","25"
"Mahoning","22","621","Ohio","4/21/20","469","152","39099","32.41"
"Marion","289","2132","Ohio","4/21/20","110","2022","39101","1838.18"
"Medina","4","142","Ohio","4/21/20","116","26","39103","22.41"
"Meigs","0","2","Ohio","4/21/20","1","1","39105","100"
"Mercer","0","13","Ohio","4/21/20","13","0","39107","0"
"Miami","2","133","Ohio","4/21/20","122","11","39109","9.02"
"Monroe","0","2","Ohio","4/21/20","2","0","39111","0"
"Montgomery","5","237","Ohio","4/21/20","205","32","39113","15.61"
"Morgan","0","3","Ohio","4/21/20","2","1","39115","50"
"Morrow","2","24","Ohio","4/21/20","10","14","39117","140"
"Muskingum","0","9","Ohio","4/21/20","8","1","39119","12.5"
"Noble","0","3","Ohio","4/21/20","2","1","39121","50"
"Ottawa","3","32","Ohio","4/21/20","11","21","39123","190.91"
"Paulding","0","5","Ohio","4/21/20","5","0","39125","0"
"Perry","0","10","Ohio","4/21/20","8","2","39127","25"
"Pickaway","220","1635","Ohio","4/21/20","97","1538","39129","1585.57"
"Pike","0","2","Ohio","4/21/20","1","1","39131","100"
"Portage","6","186","Ohio","4/21/20","146","40","39133","27.4"
"Preble","1","25","Ohio","4/21/20","17","8","39135","47.06"
"Putnam","3","22","Ohio","4/21/20","2","20","39137","1000"
"Richland","3","66","Ohio","4/21/20","43","23","39139","53.49"
"Ross","1","30","Ohio","4/21/20","20","10","39141","50"
"Sandusky","1","17","Ohio","4/21/20","13","4","39143","30.77"
"Scioto","0","6","Ohio","4/21/20","4","2","39145","50"
"Seneca","0","11","Ohio","4/21/20","10","1","39147","10"
"Shelby","0","28","Ohio","4/21/20","27","1","39149","3.7"
"Stark","11","251","Ohio","4/21/20","171","80","39151","46.78"
"Summit","16","385","Ohio","4/21/20","273","112","39153","41.03"
"Trumbull","10","257","Ohio","4/21/20","187","70","39155","37.43"
"Tuscarawas","1","34","Ohio","4/21/20","28","6","39157","21.43"
"Union","1","16","Ohio","4/21/20","11","5","39159","45.45"
"Van Wert","0","3","Ohio","4/21/20","2","1","39161","50"
"Warren","6","117","Ohio","4/21/20","78","39","39165","50"
"Washington","4","69","Ohio","4/21/20","44","25","39167","56.82"
"Wayne","4","82","Ohio","4/21/20","54","28","39169","51.85"
"Williams","1","8","Ohio","4/21/20","3","5","39171","166.67"
"Wood","4","92","Ohio","4/21/20","61","31","39173","50.82"
"Wyandot","1","20","Ohio","4/21/20","13","7","39175","53.85"
"Adair","3","47","Oklahoma","4/21/20","28","19","40001","67.86"
"Alfalfa","0","1","Oklahoma","4/21/20","1","0","40003","0"
"Atoka","0","1","Oklahoma","4/21/20","1","0","40005","0"
"Beaver","0","1","Oklahoma","4/21/20","1","0","40007","0"
"Beckham","0","2","Oklahoma","4/21/20","1","1","40009","100"
"Bryan","0","6","Oklahoma","4/21/20","4","2","40013","50"
"Caddo","6","52","Oklahoma","4/21/20","10","42","40015","420"
"Canadian","2","76","Oklahoma","4/21/20","62","14","40017","22.58"
"Carter","0","1","Oklahoma","4/21/20","1","0","40019","0"
"Cherokee","1","24","Oklahoma","4/21/20","20","4","40021","20"
"Choctaw","0","3","Oklahoma","4/21/20","3","0","40023","0"
"Cimarron","0","1","Oklahoma","4/21/20","0","1","40025","1"
"Cleveland","10","345","Oklahoma","4/21/20","277","68","40027","24.55"
"Comanche","3","72","Oklahoma","4/21/20","52","20","40031","38.46"
"Cotton","0","5","Oklahoma","4/21/20","5","0","40033","0"
"Craig","0","8","Oklahoma","4/21/20","9","-1","40035","-11.11"
"Creek","1","69","Oklahoma","4/21/20","60","9","40037","15"
"Custer","0","10","Oklahoma","4/21/20","7","3","40039","42.86"
"Delaware","2","87","Oklahoma","4/21/20","71","16","40041","22.54"
"Dewey","0","2","Oklahoma","4/21/20","1","1","40043","100"
"Garfield","1","11","Oklahoma","4/21/20","7","4","40047","57.14"
"Garvin","0","12","Oklahoma","4/21/20","10","2","40049","20"
"Grady","2","23","Oklahoma","4/21/20","12","11","40051","91.67"
"Grant","0","2","Oklahoma","4/21/20","2","0","40053","0"
"Greer","1","57","Oklahoma","4/21/20","49","8","40055","16.33"
"Harper","0","1","Oklahoma","4/21/20","0","1","40059","1"
"Haskell","0","3","Oklahoma","4/21/20","0","3","40061","1"
"Jackson","0","8","Oklahoma","4/21/20","7","1","40065","14.29"
"Jefferson","0","2","Oklahoma","4/21/20","1","1","40067","100"
"Johnston","0","3","Oklahoma","4/21/20","2","1","40069","50"
"Kay","0","46","Oklahoma","4/21/20","45","1","40071","2.22"
"Kingfisher","0","6","Oklahoma","4/21/20","6","0","40073","0"
"Kiowa","0","3","Oklahoma","4/21/20","2","1","40075","50"
"Latimer","0","4","Oklahoma","4/21/20","4","0","40077","0"
"Le Flore","1","7","Oklahoma","4/21/20","3","4","40079","133.33"
"Lincoln","0","10","Oklahoma","4/21/20","10","0","40081","0"
"Logan","0","10","Oklahoma","4/21/20","7","3","40083","42.86"
"Love","0","2","Oklahoma","4/21/20","2","0","40085","0"
"Major","0","2","Oklahoma","4/21/20","2","0","40093","0"
"Marshall","0","2","Oklahoma","4/21/20","1","1","40095","100"
"Mayes","1","19","Oklahoma","4/21/20","14","5","40097","35.71"
"McClain","1","23","Oklahoma","4/21/20","18","5","40087","27.78"
"McCurtain","0","8","Oklahoma","4/21/20","6","2","40089","33.33"
"McIntosh","0","2","Oklahoma","4/21/20","1","1","40091","100"
"Murray","0","1","Oklahoma","4/21/20","0","1","40099","1"
"Muskogee","0","26","Oklahoma","4/21/20","25","1","40101","4"
"Noble","0","6","Oklahoma","4/21/20","6","0","40103","0"
"Nowata","0","13","Oklahoma","4/21/20","11","2","40105","18.18"
"Okfuskee","0","1","Oklahoma","4/21/20","1","0","40107","0"
"Oklahoma","17","590","Oklahoma","4/21/20","474","116","40109","24.47"
"Okmulgee","0","15","Oklahoma","4/21/20","14","1","40111","7.14"
"Osage","1","65","Oklahoma","4/21/20","59","6","40113","10.17"
"Ottawa","1","27","Oklahoma","4/21/20","22","5","40115","22.73"
"Pawnee","0","28","Oklahoma","4/21/20","27","1","40117","3.7"
"Payne","2","39","Oklahoma","4/21/20","28","11","40119","39.29"
"Pittsburg","1","20","Oklahoma","4/21/20","11","9","40121","81.82"
"Pontotoc","0","10","Oklahoma","4/21/20","10","0","40123","0"
"Pottawatomie","1","36","Oklahoma","4/21/20","28","8","40125","28.57"
"Rogers","2","40","Oklahoma","4/21/20","28","12","40131","42.86"
"Seminole","0","9","Oklahoma","4/21/20","7","2","40133","28.57"
"Sequoyah","0","10","Oklahoma","4/21/20","11","-1","40135","-9.09"
"Stephens","1","19","Oklahoma","4/21/20","15","4","40137","26.67"
"Texas","4","32","Oklahoma","4/21/20","6","26","40139","433.33"
"Tillman","0","1","Oklahoma","4/21/20","1","0","40141","0"
"Tulsa","11","432","Oklahoma","4/21/20","358","74","40143","20.67"
"Wagoner","2","112","Oklahoma","4/21/20","98","14","40145","14.29"
"Washington","11","192","Oklahoma","4/21/20","118","74","40147","62.71"
"Woods","0","3","Oklahoma","4/21/20","0","3","40151","1"
"Woodward","0","1","Oklahoma","4/21/20","1","0","40153","0"
"Benton","1","28","Oregon","4/21/20","24","4","41003","16.67"
"Clackamas","5","173","Oregon","4/21/20","135","38","41005","28.15"
"Clatsop","0","6","Oregon","4/21/20","6","0","41007","0"
"Columbia","0","14","Oregon","4/21/20","11","3","41009","27.27"
"Coos","0","2","Oregon","4/21/20","1","1","41011","100"
"Crook","0","1","Oregon","4/21/20","1","0","41013","0"
"Curry","0","4","Oregon","4/21/20","3","1","41015","33.33"
"Deschutes","1","64","Oregon","4/21/20","55","9","41017","16.36"
"Douglas","1","23","Oregon","4/21/20","19","4","41019","21.05"
"Grant","0","1","Oregon","4/21/20","1","0","41023","0"
"Hood River","0","4","Oregon","4/21/20","4","0","41027","0"
"Jackson","0","48","Oregon","4/21/20","47","1","41029","2.13"
"Jefferson","0","1","Oregon","4/21/20","1","0","41031","0"
"Josephine","0","19","Oregon","4/21/20","19","0","41033","0"
"Klamath","1","33","Oregon","4/21/20","26","7","41035","26.92"
"Lane","1","48","Oregon","4/21/20","42","6","41039","14.29"
"Lincoln","0","5","Oregon","4/21/20","4","1","41041","25"
"Linn","1","62","Oregon","4/21/20","52","10","41043","19.23"
"Malheur","0","5","Oregon","4/21/20","4","1","41045","25"
"Marion","13","381","Oregon","4/21/20","289","92","41047","31.83"
"Morrow","0","5","Oregon","4/21/20","5","0","41049","0"
"Multnomah","17","542","Oregon","4/21/20","420","122","41051","29.05"
"Polk","0","33","Oregon","4/21/20","30","3","41053","10"
"Sherman","0","1","Oregon","4/21/20","1","0","41055","0"
"Tillamook","0","6","Oregon","4/21/20","5","1","41057","20"
"Umatilla","2","29","Oregon","4/21/20","16","13","41059","81.25"
"Union","0","4","Oregon","4/21/20","4","0","41061","0"
"Wallowa","0","1","Oregon","4/21/20","1","0","41063","0"
"Wasco","0","11","Oregon","4/21/20","10","1","41065","10"
"Washington","7","415","Oregon","4/21/20","365","50","41067","13.7"
"Yamhill","0","35","Oregon","4/21/20","32","3","41071","9.38"
"Adams","4","91","Pennsylvania","4/21/20","63","28","42001","44.44"
"Allegheny","24","1059","Pennsylvania","4/21/20","893","166","42003","18.59"
"Armstrong","1","38","Pennsylvania","4/21/20","28","10","42005","35.71"
"Beaver","21","303","Pennsylvania","4/21/20","156","147","42007","94.23"
"Bedford","2","16","Pennsylvania","4/21/20","5","11","42009","220"
"Berks","106","1988","Pennsylvania","4/21/20","1247","741","42011","59.42"
"Blair","0","14","Pennsylvania","4/21/20","11","3","42013","27.27"
"Bradford","2","31","Pennsylvania","4/21/20","19","12","42015","63.16"
"Bucks","101","1977","Pennsylvania","4/21/20","1273","704","42017","55.3"
"Butler","3","162","Pennsylvania","4/21/20","143","19","42019","13.29"
"Cambria","1","20","Pennsylvania","4/21/20","14","6","42021","42.86"
"Cameron","0","1","Pennsylvania","4/21/20","1","0","42023","0"
"Carbon","7","150","Pennsylvania","4/21/20","103","47","42025","45.63"
"Centre","1","77","Pennsylvania","4/21/20","70","7","42027","10"
"Chester","44","943","Pennsylvania","4/21/20","636","307","42029","48.27"
"Clarion","0","18","Pennsylvania","4/21/20","16","2","42031","12.5"
"Clearfield","0","11","Pennsylvania","4/21/20","9","2","42033","22.22"
"Clinton","0","11","Pennsylvania","4/21/20","8","3","42035","37.5"
"Columbia","14","225","Pennsylvania","4/21/20","125","100","42037","80"
"Crawford","0","17","Pennsylvania","4/21/20","16","1","42039","6.25"
"Cumberland","10","194","Pennsylvania","4/21/20","124","70","42041","56.45"
"Dauphin","22","400","Pennsylvania","4/21/20","249","151","42043","60.64"
"Delaware","115","2654","Pennsylvania","4/21/20","1851","803","42045","43.38"
"Elk","0","2","Pennsylvania","4/21/20","2","0","42047","0"
"Erie","3","60","Pennsylvania","4/21/20","41","19","42049","46.34"
"Fayette","2","69","Pennsylvania","4/21/20","58","11","42051","18.97"
"Forest","0","7","Pennsylvania","4/21/20","5","2","42053","40"
"Franklin","11","143","Pennsylvania","4/21/20","69","74","42055","107.25"
"Fulton","0","2","Pennsylvania","4/21/20","2","0","42057","0"
"Greene","0","25","Pennsylvania","4/21/20","23","2","42059","8.7"
"Huntingdon","0","13","Pennsylvania","4/21/20","11","2","42061","18.18"
"Indiana","2","55","Pennsylvania","4/21/20","43","12","42063","27.91"
"Jefferson","0","3","Pennsylvania","4/21/20","2","1","42065","50"
"Juniata","4","72","Pennsylvania","4/21/20","43","29","42067","67.44"
"Lackawanna","24","666","Pennsylvania","4/21/20","501","165","42069","32.93"
"Lancaster","61","1295","Pennsylvania","4/21/20","865","430","42071","49.71"
"Lawrence","1","60","Pennsylvania","4/21/20","51","9","42073","17.65"
"Lebanon","28","525","Pennsylvania","4/21/20","328","197","42075","60.06"
"Lehigh","70","2295","Pennsylvania","4/21/20","1803","492","42077","27.29"
"Luzerne","40","1800","Pennsylvania","4/21/20","1523","277","42079","18.19"
"Lycoming","2","42","Pennsylvania","4/21/20","29","13","42081","44.83"
"McKean","0","5","Pennsylvania","4/21/20","4","1","42083","25"
"Mercer","2","59","Pennsylvania","4/21/20","44","15","42085","34.09"
"Mifflin","1","21","Pennsylvania","4/21/20","16","5","42087","31.25"
"Monroe","21","995","Pennsylvania","4/21/20","847","148","42089","17.47"
"Montgomery","114","3154","Pennsylvania","4/21/20","2354","800","42091","33.98"
"Montour","0","47","Pennsylvania","4/21/20","44","3","42093","6.82"
"Northampton","53","1544","Pennsylvania","4/21/20","1176","368","42095","31.29"
"Northumberland","4","77","Pennsylvania","4/21/20","48","29","42097","60.42"
"Perry","0","20","Pennsylvania","4/21/20","17","3","42099","17.65"
"Philadelphia","414","10028","Pennsylvania","4/21/20","7130","2898","42101","40.65"
"Pike","8","314","Pennsylvania","4/21/20","256","58","42103","22.66"
"Potter","0","4","Pennsylvania","4/21/20","4","0","42105","0"
"Schuylkill","11","277","Pennsylvania","4/21/20","200","77","42107","38.5"
"Snyder","1","30","Pennsylvania","4/21/20","24","6","42109","25"
"Somerset","1","19","Pennsylvania","4/21/20","13","6","42111","46.15"
"Sullivan","0","1","Pennsylvania","4/21/20","1","0","42113","0"
"Susquehanna","6","71","Pennsylvania","4/21/20","32","39","42115","121.88"
"Tioga","0","15","Pennsylvania","4/21/20","13","2","42117","15.38"
"Union","1","29","Pennsylvania","4/21/20","23","6","42119","26.09"
"Venango","0","6","Pennsylvania","4/21/20","6","0","42121","0"
"Warren","0","2","Pennsylvania","4/21/20","1","1","42123","100"
"Washington","2","86","Pennsylvania","4/21/20","70","16","42125","22.86"
"Wayne","2","86","Pennsylvania","4/21/20","70","16","42127","22.86"
"Westmoreland","9","291","Pennsylvania","4/21/20","231","60","42129","25.97"
"Wyoming","1","17","Pennsylvania","4/21/20","11","6","42131","54.55"
"York","21","517","Pennsylvania","4/21/20","371","146","42133","39.35"
"","54","1298","Puerto Rico","4/21/20","923","375",,"40.63"
"Bristol","4","68","Rhode Island","4/21/20","39","29","44001","74.36"
"Kent","31","386","Rhode Island","4/21/20","169","217","44003","128.4"
"Newport","5","110","Rhode Island","4/21/20","74","36","44005","48.65"
"Providence","350","3727","Rhode Island","4/21/20","1278","2449","44007","191.63"
"Washington","10","209","Rhode Island","4/21/20","140","69","44009","49.29"
"Abbeville","1","17","South Carolina","4/21/20","9","8","45001","88.89"
"Aiken","1","70","South Carolina","4/21/20","60","10","45003","16.67"
"Allendale","0","6","South Carolina","4/21/20","5","1","45005","20"
"Anderson","3","134","South Carolina","4/21/20","111","23","45007","20.72"
"Bamberg","0","7","South Carolina","4/21/20","7","0","45009","0"
"Barnwell","0","6","South Carolina","4/21/20","5","1","45011","20"
"Beaufort","4","225","South Carolina","4/21/20","198","27","45013","13.64"
"Berkeley","6","138","South Carolina","4/21/20","98","40","45015","40.82"
"Calhoun","0","6","South Carolina","4/21/20","6","0","45017","0"
"Charleston","5","391","South Carolina","4/21/20","353","38","45019","10.76"
"Cherokee","1","14","South Carolina","4/21/20","8","6","45021","75"
"Chester","1","25","South Carolina","4/21/20","20","5","45023","25"
"Chesterfield","1","36","South Carolina","4/21/20","27","9","45025","33.33"
"Clarendon","4","120","South Carolina","4/21/20","89","31","45027","34.83"
"Colleton","1","23","South Carolina","4/21/20","18","5","45029","27.78"
"Darlington","4","69","South Carolina","4/21/20","44","25","45031","56.82"
"Dillon","2","22","South Carolina","4/21/20","5","17","45033","340"
"Dorchester","1","83","South Carolina","4/21/20","73","10","45035","13.7"
"Edgefield","0","12","South Carolina","4/21/20","9","3","45037","33.33"
"Fairfield","0","25","South Carolina","4/21/20","24","1","45039","4.17"
"Florence","10","153","South Carolina","4/21/20","82","71","45041","86.59"
"Georgetown","0","34","South Carolina","4/21/20","33","1","45043","3.03"
"Greenville","18","498","South Carolina","4/21/20","373","125","45045","33.51"
"Greenwood","3","37","South Carolina","4/21/20","18","19","45047","105.56"
"Hampton","1","21","South Carolina","4/21/20","11","10","45049","90.91"
"Horry","5","185","South Carolina","4/21/20","151","34","45051","22.52"
"Jasper","0","15","South Carolina","4/21/20","14","1","45053","7.14"
"Kershaw","2","201","South Carolina","4/21/20","187","14","45055","7.49"
"Lancaster","2","79","South Carolina","4/21/20","67","12","45057","17.91"
"Laurens","1","20","South Carolina","4/21/20","14","6","45059","42.86"
"Lee","1","42","South Carolina","4/21/20","33","9","45061","27.27"
"Lexington","9","274","South Carolina","4/21/20","208","66","45063","31.73"
"Marion","1","15","South Carolina","4/21/20","8","7","45067","87.5"
"Marlboro","2","29","South Carolina","4/21/20","15","14","45069","93.33"
"McCormick","0","6","South Carolina","4/21/20","4","2","45065","50"
"Newberry","1","20","South Carolina","4/21/20","15","5","45071","33.33"
"Oconee","0","17","South Carolina","4/21/20","14","3","45073","21.43"
"Orangeburg","1","44","South Carolina","4/21/20","38","6","45075","15.79"
"Pickens","1","38","South Carolina","4/21/20","34","4","45077","11.76"
"Richland","17","657","South Carolina","4/21/20","535","122","45079","22.8"
"Saluda","1","12","South Carolina","4/21/20","7","5","45081","71.43"
"Spartanburg","4","219","South Carolina","4/21/20","190","29","45083","15.26"
"Sumter","4","185","South Carolina","4/21/20","156","29","45085","18.59"
"Union","0","24","South Carolina","4/21/20","23","1","45087","4.35"
"Williamsburg","1","26","South Carolina","4/21/20","16","10","45089","62.5"
"York","3","159","South Carolina","4/21/20","138","21","45091","15.22"
"Aurora","0","1","South Dakota","4/21/20","1","0","46003","0"
"Beadle","0","21","South Dakota","4/21/20","21","0","46005","0"
"Bon Homme","0","4","South Dakota","4/21/20","4","0","46009","0"
"Brookings","0","9","South Dakota","4/21/20","9","0","46011","0"
"Brown","1","20","South Dakota","4/21/20","14","6","46013","42.86"
"Brule","0","0","South Dakota","4/21/20","1","-1","46015","-100"
"Charles Mix","0","4","South Dakota","4/21/20","4","0","46023","0"
"Clark","0","1","South Dakota","4/21/20","1","0","46025","0"
"Clay","0","5","South Dakota","4/21/20","5","0","46027","0"
"Codington","0","13","South Dakota","4/21/20","13","0","46029","0"
"Corson","0","1","South Dakota","4/21/20","1","0","46031","0"
"Davison","0","4","South Dakota","4/21/20","3","1","46035","33.33"
"Deuel","0","1","South Dakota","4/21/20","1","0","46039","0"
"Fall River","0","1","South Dakota","4/21/20","1","0","46047","0"
"Faulk","0","1","South Dakota","4/21/20","1","0","46049","0"
"Hamlin","0","2","South Dakota","4/21/20","1","1","46057","100"
"Hughes","0","5","South Dakota","4/21/20","5","0","46065","0"
"Hutchinson","0","2","South Dakota","4/21/20","2","0","46067","0"
"Hyde","0","1","South Dakota","4/21/20","1","0","46069","0"
"Jerauld","0","4","South Dakota","4/21/20","3","1","46073","33.33"
"Lake","0","3","South Dakota","4/21/20","2","1","46079","50"
"Lawrence","0","9","South Dakota","4/21/20","9","0","46081","0"
"Lincoln","6","99","South Dakota","4/21/20","55","44","46083","80"
"Lyman","0","2","South Dakota","4/21/20","2","0","46085","0"
"Marshall","0","1","South Dakota","4/21/20","1","0","46091","0"
"McCook","0","3","South Dakota","4/21/20","2","1","46087","50"
"Meade","0","1","South Dakota","4/21/20","1","0","46093","0"
"Miner","0","1","South Dakota","4/21/20","1","0","46097","0"
"Minnehaha","100","1469","South Dakota","4/21/20","768","701","46099","91.28"
"Moody","0","2","South Dakota","4/21/20","0","2","46101","1"
"Oglala Lakota","0","1","South Dakota","4/21/20","1","0","46102","0"
"Pennington","0","11","South Dakota","4/21/20","9","2","46103","22.22"
"Roberts","0","4","South Dakota","4/21/20","4","0","46109","0"
"Sanborn","0","3","South Dakota","4/21/20","2","1","46111","50"
"Spink","0","3","South Dakota","4/21/20","3","0","46115","0"
"Sully","0","1","South Dakota","4/21/20","1","0","46119","0"
"Todd","0","1","South Dakota","4/21/20","1","0","46121","0"
"Turner","0","6","South Dakota","4/21/20","5","1","46125","20"
"Union","0","7","South Dakota","4/21/20","5","2","46127","40"
"Walworth","0","5","South Dakota","4/21/20","2","3","46129","150"
"Yankton","0","23","South Dakota","4/21/20","22","1","46135","4.55"
"Anderson","1","21","Tennessee","4/21/20","15","6","47001","40"
"Bedford","11","105","Tennessee","4/21/20","25","80","47003","320"
"Benton","0","4","Tennessee","4/21/20","4","0","47005","0"
"Bledsoe","0","11","Tennessee","4/21/20","8","3","47007","37.5"
"Blount","0","46","Tennessee","4/21/20","47","-1","47009","-2.13"
"Bradley","1","37","Tennessee","4/21/20","33","4","47011","12.12"
"Campbell","0","13","Tennessee","4/21/20","12","1","47013","8.33"
"Cannon","0","8","Tennessee","4/21/20","7","1","47015","14.29"
"Carroll","0","14","Tennessee","4/21/20","12","2","47017","16.67"
"Carter","0","5","Tennessee","4/21/20","3","2","47019","66.67"
"Cheatham","0","22","Tennessee","4/21/20","19","3","47021","15.79"
"Chester","1","9","Tennessee","4/21/20","5","4","47023","80"
"Claiborne","0","5","Tennessee","4/21/20","5","0","47025","0"
"Clay","0","5","Tennessee","4/21/20","4","1","47027","25"
"Cocke","1","11","Tennessee","4/21/20","5","6","47029","120"
"Coffee","1","21","Tennessee","4/21/20","12","9","47031","75"
"Crockett","1","6","Tennessee","4/21/20","0","6","47033","1"
"Cumberland","1","59","Tennessee","4/21/20","51","8","47035","15.69"
"Davidson","69","1719","Tennessee","4/21/20","1237","482","47037","38.97"
"Decatur","0","4","Tennessee","4/21/20","3","1","47039","33.33"
"DeKalb","0","12","Tennessee","4/21/20","10","2","47041","20"
"Dickson","2","46","Tennessee","4/21/20","33","13","47043","39.39"
"Dyer","1","28","Tennessee","4/21/20","22","6","47045","27.27"
"Fayette","2","48","Tennessee","4/21/20","37","11","47047","29.73"
"Fentress","0","4","Tennessee","4/21/20","3","1","47049","33.33"
"Franklin","1","27","Tennessee","4/21/20","23","4","47051","17.39"
"Gibson","2","32","Tennessee","4/21/20","21","11","47053","52.38"
"Giles","0","6","Tennessee","4/21/20","3","3","47055","100"
"Grainger","0","4","Tennessee","4/21/20","4","0","47057","0"
"Greene","1","37","Tennessee","4/21/20","27","10","47059","37.04"
"Grundy","0","26","Tennessee","4/21/20","23","3","47061","13.04"
"Hamblen","1","13","Tennessee","4/21/20","6","7","47063","116.67"
"Hamilton","2","124","Tennessee","4/21/20","110","14","47065","12.73"
"Hardeman","0","8","Tennessee","4/21/20","7","1","47069","14.29"
"Hardin","0","4","Tennessee","4/21/20","2","2","47071","100"
"Hawkins","1","28","Tennessee","4/21/20","24","4","47073","16.67"
"Haywood","0","13","Tennessee","4/21/20","12","1","47075","8.33"
"Henderson","0","5","Tennessee","4/21/20","2","3","47077","150"
"Henry","0","9","Tennessee","4/21/20","8","1","47079","12.5"
"Hickman","0","3","Tennessee","4/21/20","2","1","47081","50"
"Houston","0","4","Tennessee","4/21/20","3","1","47083","33.33"
"Humphreys","0","6","Tennessee","4/21/20","4","2","47085","50"
"Jackson","0","6","Tennessee","4/21/20","7","-1","47087","-14.29"
"Jefferson","0","16","Tennessee","4/21/20","16","0","47089","0"
"Johnson","0","2","Tennessee","4/21/20","2","0","47091","0"
"Knox","3","196","Tennessee","4/21/20","174","22","47093","12.64"
"Lake","0","4","Tennessee","4/21/20","4","0","47095","0"
"Lauderdale","1","16","Tennessee","4/21/20","9","7","47097","77.78"
"Lawrence","0","16","Tennessee","4/21/20","15","1","47099","6.67"
"Lewis","0","2","Tennessee","4/21/20","2","0","47101","0"
"Lincoln","0","11","Tennessee","4/21/20","9","2","47103","22.22"
"Loudon","1","23","Tennessee","4/21/20","17","6","47105","35.29"
"Macon","1","34","Tennessee","4/21/20","27","7","47111","25.93"
"Madison","2","90","Tennessee","4/21/20","73","17","47113","23.29"
"Marion","0","28","Tennessee","4/21/20","26","2","47115","7.69"
"Marshall","2","22","Tennessee","4/21/20","9","13","47117","144.44"
"Maury","0","34","Tennessee","4/21/20","33","1","47119","3.03"
"McMinn","0","6","Tennessee","4/21/20","5","1","47107","20"
"McNairy","0","9","Tennessee","4/21/20","9","0","47109","0"
"Meigs","0","3","Tennessee","4/21/20","3","0","47121","0"
"Monroe","0","11","Tennessee","4/21/20","9","2","47123","22.22"
"Montgomery","3","124","Tennessee","4/21/20","102","22","47125","21.57"
"Moore","0","2","Tennessee","4/21/20","0","2","47127","1"
"Morgan","0","5","Tennessee","4/21/20","6","-1","47129","-16.67"
"Obion","0","9","Tennessee","4/21/20","8","1","47131","12.5"
"Out of TN","1","265","Tennessee","4/21/20","260","5","80047","1.92"
"Overton","0","7","Tennessee","4/21/20","5","2","47133","40"
"Perry","0","6","Tennessee","4/21/20","4","2","47135","50"
"Polk","0","5","Tennessee","4/21/20","5","0","47139","0"
"Putnam","0","95","Tennessee","4/21/20","92","3","47141","3.26"
"Rhea","0","3","Tennessee","4/21/20","0","3","47143","1"
"Roane","0","8","Tennessee","4/21/20","5","3","47145","60"
"Robertson","4","117","Tennessee","4/21/20","88","29","47147","32.95"
"Rutherford","12","338","Tennessee","4/21/20","253","85","47149","33.6"
"Scott","0","12","Tennessee","4/21/20","10","2","47151","20"
"Sequatchie","0","3","Tennessee","4/21/20","3","0","47153","0"
"Sevier","1","29","Tennessee","4/21/20","22","7","47155","31.82"
"Shelby","73","1873","Tennessee","4/21/20","1359","514","47157","37.82"
"Smith","1","14","Tennessee","4/21/20","10","4","47159","40"
"Stewart","0","6","Tennessee","4/21/20","4","2","47161","50"
"Sullivan","0","45","Tennessee","4/21/20","43","2","47163","4.65"
"Sumner","9","530","Tennessee","4/21/20","466","64","47165","13.73"
"Tipton","4","83","Tennessee","4/21/20","52","31","47167","59.62"
"Trousdale","0","23","Tennessee","4/21/20","20","3","47169","15"
"Unicoi","0","1","Tennessee","4/21/20","1","0","47171","0"
"Union","0","3","Tennessee","4/21/20","3","0","47173","0"
"Van Buren","0","1","Tennessee","4/21/20","1","0","47175","0"
"Warren","0","4","Tennessee","4/21/20","4","0","47177","0"
"Washington","0","46","Tennessee","4/21/20","44","2","47179","4.55"
"Wayne","0","2","Tennessee","4/21/20","2","0","47181","0"
"Weakley","0","8","Tennessee","4/21/20","6","2","47183","33.33"
"White","0","4","Tennessee","4/21/20","4","0","47185","0"
"Williamson","5","359","Tennessee","4/21/20","322","37","47187","11.49"
"Wilson","6","187","Tennessee","4/21/20","145","42","47189","28.97"
"Anderson","1","10","Texas","4/21/20","4","6","48001","150"
"Andrews","1","19","Texas","4/21/20","13","6","48003","46.15"
"Angelina","2","30","Texas","4/21/20","18","12","48005","66.67"
"Aransas","0","2","Texas","4/21/20","2","0","48007","0"
"Armstrong","0","1","Texas","4/21/20","1","0","48011","0"
"Atascosa","1","14","Texas","4/21/20","9","5","48013","55.56"
"Austin","0","12","Texas","4/21/20","12","0","48015","0"
"Bandera","0","4","Texas","4/21/20","2","2","48019","100"
"Bastrop","3","49","Texas","4/21/20","27","22","48021","81.48"
"Bee","0","5","Texas","4/21/20","3","2","48025","66.67"
"Bell","4","135","Texas","4/21/20","107","28","48027","26.17"
"Bexar","34","1029","Texas","4/21/20","794","235","48029","29.6"
"Blanco","0","5","Texas","4/21/20","4","1","48031","25"
"Bosque","0","3","Texas","4/21/20","0","3","48035","1"
"Bowie","5","64","Texas","4/21/20","32","32","48037","100"
"Brazoria","12","333","Texas","4/21/20","250","83","48039","33.2"
"Brazos","4","170","Texas","4/21/20","143","27","48041","18.88"
"Brown","0","13","Texas","4/21/20","11","2","48049","18.18"
"Burleson","0","9","Texas","4/21/20","6","3","48051","50"
"Burnet","1","13","Texas","4/21/20","6","7","48053","116.67"
"Caldwell","0","9","Texas","4/21/20","6","3","48055","50"
"Calhoun","0","21","Texas","4/21/20","19","2","48057","10.53"
"Callahan","0","1","Texas","4/21/20","1","0","48059","0"
"Cameron","13","310","Texas","4/21/20","216","94","48061","43.52"
"Camp","0","6","Texas","4/21/20","5","1","48063","20"
"Carson","0","1","Texas","4/21/20","0","1","48065","1"
"Cass","1","13","Texas","4/21/20","5","8","48067","160"
"Castro","0","11","Texas","4/21/20","11","0","48069","0"
"Chambers","1","35","Texas","4/21/20","29","6","48071","20.69"
"Cherokee","0","10","Texas","4/21/20","8","2","48073","25"
"Childress","0","1","Texas","4/21/20","0","1","48075","1"
"Clay","0","3","Texas","4/21/20","2","1","48077","50"
"Collin","14","570","Texas","4/21/20","472","98","48085","20.76"
"Colorado","0","9","Texas","4/21/20","7","2","48089","28.57"
"Comal","1","43","Texas","4/21/20","38","5","48091","13.16"
"Comanche","0","4","Texas","4/21/20","3","1","48093","33.33"
"Concho","0","1","Texas","4/21/20","1","0","48095","0"
"Cooke","0","4","Texas","4/21/20","2","2","48097","100"
"Coryell","7","84","Texas","4/21/20","34","50","48099","147.06"
"Crane","0","2","Texas","4/21/20","2","0","48103","0"
"Crosby","0","1","Texas","4/21/20","1","0","48107","0"
"Dallam","0","3","Texas","4/21/20","2","1","48111","50"
"Dallas","91","2512","Texas","4/21/20","1877","635","48113","33.83"
"Dawson","1","14","Texas","4/21/20","8","6","48115","75"
"Deaf Smith","0","14","Texas","4/21/20","11","3","48117","27.27"
"Delta","0","1","Texas","4/21/20","1","0","48119","0"
"Denton","13","598","Texas","4/21/20","507","91","48121","17.95"
"DeWitt","2","14","Texas","4/21/20","0","14","48123","1"
"Dickens","0","1","Texas","4/21/20","1","0","48125","0"
"Dimmit","0","1","Texas","4/21/20","1","0","48127","0"
"Donley","0","24","Texas","4/21/20","22","2","48129","9.09"
"Duval","0","1","Texas","4/21/20","1","0","48131","0"
"Eastland","0","3","Texas","4/21/20","3","0","48133","0"
"Ector","2","60","Texas","4/21/20","45","15","48135","33.33"
"El Paso","34","540","Texas","4/21/20","300","240","48141","80"
"Ellis","4","100","Texas","4/21/20","72","28","48139","38.89"
"Erath","0","13","Texas","4/21/20","13","0","48143","0"
"Falls","0","1","Texas","4/21/20","1","0","48145","0"
"Fannin","1","9","Texas","4/21/20","5","4","48147","80"
"Fayette","1","15","Texas","4/21/20","10","5","48149","50"
"Floyd","0","2","Texas","4/21/20","1","1","48153","100"
"Fort Bend","38","808","Texas","4/21/20","543","265","48157","48.8"
"Franklin","0","1","Texas","4/21/20","1","0","48159","0"
"Freestone","0","3","Texas","4/21/20","0","3","48161","1"
"Frio","0","1","Texas","4/21/20","1","0","48163","0"
"Gaines","0","2","Texas","4/21/20","2","0","48165","0"
"Galveston","13","468","Texas","4/21/20","377","91","48167","24.14"
"Gillespie","0","1","Texas","4/21/20","1","0","48171","0"
"Goliad","0","6","Texas","4/21/20","4","2","48175","50"
"Gonzales","0","2","Texas","4/21/20","2","0","48177","0"
"Gray","1","20","Texas","4/21/20","13","7","48179","53.85"
"Grayson","0","19","Texas","4/21/20","17","2","48181","11.76"
"Gregg","1","52","Texas","4/21/20","45","7","48183","15.56"
"Grimes","0","10","Texas","4/21/20","7","3","48185","42.86"
"Guadalupe","1","60","Texas","4/21/20","50","10","48187","20"
"Hale","1","15","Texas","4/21/20","11","4","48189","36.36"
"Hamilton","0","5","Texas","4/21/20","3","2","48193","66.67"
"Hansford","0","1","Texas","4/21/20","1","0","48195","0"
"Hardin","4","88","Texas","4/21/20","61","27","48199","44.26"
"Harris","177","5143","Texas","4/21/20","3907","1236","48201","31.64"
"Harrison","4","59","Texas","4/21/20","31","28","48203","90.32"
"Hartley","0","1","Texas","4/21/20","0","1","48205","1"
"Hays","5","128","Texas","4/21/20","93","35","48209","37.63"
"Hemphill","0","1","Texas","4/21/20","1","0","48211","0"
"Henderson","1","19","Texas","4/21/20","10","9","48213","90"
"Hidalgo","10","268","Texas","4/21/20","198","70","48215","35.35"
"Hill","0","11","Texas","4/21/20","8","3","48217","37.5"
"Hockley","0","16","Texas","4/21/20","14","2","48219","14.29"
"Hood","0","17","Texas","4/21/20","15","2","48221","13.33"
"Hopkins","0","4","Texas","4/21/20","4","0","48223","0"
"Houston","0","3","Texas","4/21/20","0","3","48225","1"
"Howard","0","1","Texas","4/21/20","1","0","48227","0"
"Hunt","2","35","Texas","4/21/20","22","13","48231","59.09"
"Hutchinson","1","9","Texas","4/21/20","3","6","48233","200"
"Jack","0","4","Texas","4/21/20","2","2","48237","100"
"Jackson","0","6","Texas","4/21/20","4","2","48239","50"
"Jasper","1","13","Texas","4/21/20","7","6","48241","85.71"
"Jefferson","9","196","Texas","4/21/20","134","62","48245","46.27"
"Jim Wells","0","2","Texas","4/21/20","2","0","48249","0"
"Johnson","2","44","Texas","4/21/20","31","13","48251","41.94"
"Jones","0","4","Texas","4/21/20","2","2","48253","100"
"Karnes","0","3","Texas","4/21/20","3","0","48255","0"
"Kaufman","2","48","Texas","4/21/20","32","16","48257","50"
"Kendall","0","14","Texas","4/21/20","12","2","48259","16.67"
"Kerr","0","4","Texas","4/21/20","2","2","48265","100"
"Kleberg","1","6","Texas","4/21/20","2","4","48273","200"
"Knox","0","1","Texas","4/21/20","1","0","48275","0"
"La Salle","0","1","Texas","4/21/20","0","1","48283","1"
"Lamar","0","7","Texas","4/21/20","8","-1","48277","-12.5"
"Lamb","0","2","Texas","4/21/20","2","0","48279","0"
"Lampasas","0","2","Texas","4/21/20","2","0","48281","0"
"Lavaca","0","4","Texas","4/21/20","4","0","48285","0"
"Lee","0","2","Texas","4/21/20","2","0","48287","0"
"Leon","0","5","Texas","4/21/20","3","2","48289","66.67"
"Liberty","2","33","Texas","4/21/20","20","13","48291","65"
"Limestone","0","11","Texas","4/21/20","11","0","48293","0"
"Live Oak","0","3","Texas","4/21/20","3","0","48297","0"
"Llano","0","3","Texas","4/21/20","3","0","48299","0"
"Lubbock","18","445","Texas","4/21/20","317","128","48303","40.38"
"Lynn","0","5","Texas","4/21/20","5","0","48305","0"
"Madison","0","2","Texas","4/21/20","1","1","48313","100"
"Marion","1","6","Texas","4/21/20","0","6","48315","1"
"Martin","0","2","Texas","4/21/20","2","0","48317","0"
"Mason","0","1","Texas","4/21/20","1","0","48319","0"
"Matagorda","1","56","Texas","4/21/20","49","7","48321","14.29"
"Maverick","1","15","Texas","4/21/20","10","5","48323","50"
"McCulloch","0","3","Texas","4/21/20","3","0","48307","0"
"McLennan","1","77","Texas","4/21/20","71","6","48309","8.45"
"Medina","0","15","Texas","4/21/20","13","2","48325","15.38"
"Midland","5","64","Texas","4/21/20","32","32","48329","100"
"Milam","1","12","Texas","4/21/20","8","4","48331","50"
"Mitchell","0","1","Texas","4/21/20","1","0","48335","0"
"Montague","0","6","Texas","4/21/20","5","1","48337","20"
"Montgomery","12","393","Texas","4/21/20","308","85","48339","27.6"
"Moore","15","139","Texas","4/21/20","36","103","48341","286.11"
"Morris","0","5","Texas","4/21/20","3","2","48343","66.67"
"Motley","0","1","Texas","4/21/20","1","0","48345","0"
"Nacogdoches","6","96","Texas","4/21/20","56","40","48347","71.43"
"Navarro","1","23","Texas","4/21/20","16","7","48349","43.75"
"Newton","0","2","Texas","4/21/20","2","0","48351","0"
"Nueces","2","90","Texas","4/21/20","79","11","48355","13.92"
"Oldham","0","3","Texas","4/21/20","3","0","48359","0"
"Orange","2","58","Texas","4/21/20","45","13","48361","28.89"
"Palo Pinto","0","7","Texas","4/21/20","7","0","48363","0"
"Panola","5","55","Texas","4/21/20","20","35","48365","175"
"Parker","1","21","Texas","4/21/20","15","6","48367","40"
"Parmer","0","2","Texas","4/21/20","0","2","48369","1"
"Pecos","0","5","Texas","4/21/20","3","2","48371","66.67"
"Polk","1","15","Texas","4/21/20","11","4","48373","36.36"
"Potter","12","160","Texas","4/21/20","79","81","48375","102.53"
"Rains","0","2","Texas","4/21/20","1","1","48379","100"
"Randall","6","115","Texas","4/21/20","73","42","48381","57.53"
"Red River","0","1","Texas","4/21/20","0","1","48387","1"
"Reeves","0","2","Texas","4/21/20","2","0","48389","0"
"Roberts","0","2","Texas","4/21/20","0","2","48393","1"
"Robertson","0","2","Texas","4/21/20","2","0","48395","0"
"Rockwall","2","41","Texas","4/21/20","26","15","48397","57.69"
"Rusk","2","29","Texas","4/21/20","16","13","48401","81.25"
"Sabine","0","1","Texas","4/21/20","0","1","48403","1"
"San Augustine","1","14","Texas","4/21/20","9","5","48405","55.56"
"San Jacinto","0","10","Texas","4/21/20","8","2","48407","25"
"San Patricio","0","8","Texas","4/21/20","9","-1","48409","-11.11"
"Scurry","0","2","Texas","4/21/20","2","0","48415","0"
"Shelby","4","69","Texas","4/21/20","40","29","48419","72.5"
"Sherman","1","7","Texas","4/21/20","0","7","48421","1"
"Smith","3","124","Texas","4/21/20","101","23","48423","22.77"
"Starr","0","7","Texas","4/21/20","7","0","48427","0"
"Stephens","0","1","Texas","4/21/20","1","0","48429","0"
"Swisher","0","5","Texas","4/21/20","4","1","48437","25"
"Tarrant","58","1333","Texas","4/21/20","929","404","48439","43.49"
"Taylor","11","144","Texas","4/21/20","68","76","48441","111.76"
"Terry","0","10","Texas","4/21/20","10","0","48445","0"
"Titus","1","11","Texas","4/21/20","7","4","48449","57.14"
"Tom Green","0","41","Texas","4/21/20","39","2","48451","5.13"
"Travis","45","1174","Texas","4/21/20","856","318","48453","37.15"
"Trinity","1","8","Texas","4/21/20","4","4","48455","100"
"Tyler","0","6","Texas","4/21/20","4","2","48457","50"
"Upshur","0","10","Texas","4/21/20","9","1","48459","11.11"
"Uvalde","0","6","Texas","4/21/20","6","0","48463","0"
"Val Verde","0","12","Texas","4/21/20","12","0","48465","0"
"Van Zandt","0","13","Texas","4/21/20","10","3","48467","30"
"Victoria","1","95","Texas","4/21/20","87","8","48469","9.2"
"Walker","11","114","Texas","4/21/20","38","76","48471","200"
"Waller","1","24","Texas","4/21/20","18","6","48473","33.33"
"Washington","4","68","Texas","4/21/20","37","31","48477","83.78"
"Webb","11","281","Texas","4/21/20","206","75","48479","36.41"
"Wharton","1","36","Texas","4/21/20","28","8","48481","28.57"
"Wichita","1","60","Texas","4/21/20","56","4","48485","7.14"
"Wilbarger","0","1","Texas","4/21/20","1","0","48487","0"
"Willacy","1","9","Texas","4/21/20","5","4","48489","80"
"Williamson","5","156","Texas","4/21/20","119","37","48491","31.09"
"Wilson","2","22","Texas","4/21/20","11","11","48493","100"
"Winkler","0","3","Texas","4/21/20","1","2","48495","200"
"Wise","1","12","Texas","4/21/20","5","7","48497","140"
"Wood","0","6","Texas","4/21/20","6","0","48499","0"
"Yoakum","0","1","Texas","4/21/20","0","1","48501","1"
"Young","0","4","Texas","4/21/20","3","1","48503","33.33"
"Zapata","0","6","Texas","4/21/20","3","3","48505","100"
"Zavala","0","1","Texas","4/21/20","0","1","48507","1"
"Bear River","6","55","Utah","4/21/20","13","42","00000","323.08"
"Cache","-5","0","Utah","4/21/20","36","-36","49005","-100"
"Carbon","0","0","Utah","4/21/20","2","-2","49007","-100"
"Central Utah","2","17","Utah","4/21/20","0","17","00000","1"
"Davis","5","243","Utah","4/21/20","211","32","49011","15.17"
"Duchesne","0","0","Utah","4/21/20","3","-3","49013","-100"
"Emery","0","0","Utah","4/21/20","3","-3","49015","-100"
"Garfield","0","0","Utah","4/21/20","1","-1","49017","-100"
"Grand","0","0","Utah","4/21/20","1","-1","49019","-100"
"Iron","-2","0","Utah","4/21/20","15","-15","49021","-100"
"Kane","0","0","Utah","4/21/20","3","-3","49025","-100"
"Salt Lake","75","1714","Utah","4/21/20","1187","527","49035","44.4"
"San Juan","4","34","Utah","4/21/20","9","25","49037","277.78"
"Southeast Utah","1","7","Utah","4/21/20","0","7","00000","1"
"Southwest Utah","10","70","Utah","4/21/20","0","70","00000","1"
"Summit","4","335","Utah","4/21/20","306","29","49043","9.48"
"Tooele","1","41","Utah","4/21/20","34","7","49045","20.59"
"TriCounty","1","10","Utah","4/21/20","0","10","00000","1"
"Uintah","-1","0","Utah","4/21/20","6","-6","49047","-100"
"Utah","27","523","Utah","4/21/20","335","188","49049","56.12"
"Wasatch","3","122","Utah","4/21/20","102","20","49051","19.61"
"Washington","-6","0","Utah","4/21/20","45","-45","49053","-100"
"Weber-Morgan","3","126","Utah","4/21/20","105","21","00000","20"
"Addison","1","61","Vermont","4/21/20","56","5","50001","8.93"
"Bennington","1","37","Vermont","4/21/20","32","5","50003","15.62"
"Caledonia","0","12","Vermont","4/21/20","9","3","50005","33.33"
"Chittenden","3","391","Vermont","4/21/20","372","19","50007","5.11"
"Essex","0","2","Vermont","4/21/20","1","1","50009","100"
"Franklin","1","92","Vermont","4/21/20","84","8","50011","9.52"
"Grand Isle","0","3","Vermont","4/21/20","3","0","50013","0"
"Lamoille","0","23","Vermont","4/21/20","22","1","50015","4.55"
"Orange","0","6","Vermont","4/21/20","5","1","50017","20"
"Orleans","0","9","Vermont","4/21/20","8","1","50019","12.5"
"Rutland","5","44","Vermont","4/21/20","8","36","50021","450"
"Washington","0","32","Vermont","4/21/20","29","3","50023","10.34"
"Windham","1","65","Vermont","4/21/20","57","8","50025","14.04"
"Windsor","2","38","Vermont","4/21/20","27","11","50027","40.74"
"","0","53","Virgin Islands","4/21/20","51","2",,"3.92"
"Accomack","5","52","Virginia","4/21/20","15","37","51001","246.67"
"Albemarle","2","66","Virginia","4/21/20","50","16","51003","32"
"Alexandria","31","462","Virginia","4/21/20","247","215","51510","87.04"
"Alleghany","0","5","Virginia","4/21/20","4","1","51005","25"
"Amelia","1","15","Virginia","4/21/20","9","6","51007","66.67"
"Amherst","0","10","Virginia","4/21/20","10","0","51009","0"
"Appomattox","0","7","Virginia","4/21/20","7","0","51011","0"
"Arlington","32","625","Virginia","4/21/20","401","224","51013","55.86"
"Augusta","2","28","Virginia","4/21/20","17","11","51015","64.71"
"Bedford","0","19","Virginia","4/21/20","16","3","51019","18.75"
"Botetourt","0","25","Virginia","4/21/20","24","1","51023","4.17"
"Bristol","0","1","Virginia","4/21/20","1","0","51520","0"
"Brunswick","0","12","Virginia","4/21/20","9","3","51025","33.33"
"Buchanan","0","12","Virginia","4/21/20","12","0","51027","0"
"Buckingham","1","27","Virginia","4/21/20","18","9","51029","50"
"Buena Vista","0","5","Virginia","4/21/20","4","1","51530","25"
"Campbell","0","10","Virginia","4/21/20","11","-1","51031","-9.09"
"Caroline","1","17","Virginia","4/21/20","7","10","51033","142.86"
"Carroll","0","3","Virginia","4/21/20","3","0","51035","0"
"Charles City","0","11","Virginia","4/21/20","9","2","51036","22.22"
"Charlotte","1","8","Virginia","4/21/20","4","4","51037","100"
"Charlottesville","1","41","Virginia","4/21/20","36","5","51540","13.89"
"Chesapeake","6","176","Virginia","4/21/20","136","40","51550","29.41"
"Chesterfield","15","346","Virginia","4/21/20","241","105","51041","43.57"
"Clarke","0","6","Virginia","4/21/20","5","1","51043","20"
"Colonial Heights","3","36","Virginia","4/21/20","16","20","51570","125"
"Covington","0","1","Virginia","4/21/20","1","0","51580","0"
"Craig","0","2","Virginia","4/21/20","2","0","51045","0"
"Culpeper","6","65","Virginia","4/21/20","24","41","51047","170.83"
"Cumberland","0","10","Virginia","4/21/20","8","2","51049","25"
"Danville","1","29","Virginia","4/21/20","22","7","51590","31.82"
"Dinwiddie","0","8","Virginia","4/21/20","7","1","51053","14.29"
"Emporia","1","12","Virginia","4/21/20","8","4","51595","50"
"Essex","0","2","Virginia","4/21/20","0","2","51057","1"
"Fairfax","124","2077","Virginia","4/21/20","1207","870","51059","72.08"
"Fairfax City","3","22","Virginia","4/21/20","1","21","51600","2100"
"Falls Church","3","24","Virginia","4/21/20","2","22","51610","1100"
"Fauquier","3","49","Virginia","4/21/20","28","21","51061","75"
"Floyd","0","1","Virginia","4/21/20","1","0","51063","0"
"Fluvanna","4","68","Virginia","4/21/20","40","28","51065","70"
"Franklin","0","16","Virginia","4/21/20","15","1","51067","6.67"
"Franklin City","1","12","Virginia","4/21/20","7","5","51620","71.43"
"Frederick","2","83","Virginia","4/21/20","71","12","51069","16.9"
"Fredericksburg","0","17","Virginia","4/21/20","14","3","51630","21.43"
"Galax","0","1","Virginia","4/21/20","1","0","51640","0"
"Giles","0","4","Virginia","4/21/20","4","0","51071","0"
"Gloucester","0","21","Virginia","4/21/20","20","1","51073","5"
"Goochland","3","62","Virginia","4/21/20","39","23","51075","58.97"
"Greene","0","8","Virginia","4/21/20","5","3","51079","60"
"Greensville","1","23","Virginia","4/21/20","15","8","51081","53.33"
"Halifax","1","12","Virginia","4/21/20","7","5","51083","71.43"
"Hampton","3","92","Virginia","4/21/20","73","19","51650","26.03"
"Hanover","6","93","Virginia","4/21/20","52","41","51085","78.85"
"Harrisonburg","24","264","Virginia","4/21/20","95","169","51660","177.89"
"Henrico","27","621","Virginia","4/21/20","432","189","51087","43.75"
"Henry","0","10","Virginia","4/21/20","8","2","51089","25"
"Hopewell","0","16","Virginia","4/21/20","14","2","51670","14.29"
"Isle of Wight","4","88","Virginia","4/21/20","60","28","51093","46.67"
"James City","3","146","Virginia","4/21/20","128","18","51095","14.06"
"King and Queen","0","2","Virginia","4/21/20","2","0","51097","0"
"King George","0","19","Virginia","4/21/20","16","3","51099","18.75"
"King William","0","2","Virginia","4/21/20","2","0","51101","0"
"Lancaster","0","1","Virginia","4/21/20","1","0","51103","0"
"Lee","0","7","Virginia","4/21/20","7","0","51105","0"
"Lexington","0","3","Virginia","4/21/20","3","0","51678","0"
"Loudoun","18","468","Virginia","4/21/20","344","124","51107","36.05"
"Louisa","1","35","Virginia","4/21/20","27","8","51109","29.63"
"Lunenburg","0","3","Virginia","4/21/20","4","-1","51111","-25"
"Lynchburg","1","43","Virginia","4/21/20","33","10","51680","30.3"
"Madison","1","12","Virginia","4/21/20","7","5","51113","71.43"
"Manassas","9","110","Virginia","4/21/20","49","61","51683","124.49"
"Manassas Park","3","31","Virginia","4/21/20","13","18","51685","138.46"
"Mathews","0","3","Virginia","4/21/20","3","0","51115","0"
"Mecklenburg","2","68","Virginia","4/21/20","57","11","51117","19.3"
"Middlesex","0","3","Virginia","4/21/20","3","0","51119","0"
"Montgomery","2","48","Virginia","4/21/20","33","15","51121","45.45"
"Nelson","0","6","Virginia","4/21/20","5","1","51125","20"
"New Kent","1","20","Virginia","4/21/20","15","5","51127","33.33"
"Newport News","1","101","Virginia","4/21/20","93","8","51700","8.6"
"Norfolk","3","118","Virginia","4/21/20","99","19","51710","19.19"
"Northampton","0","7","Virginia","4/21/20","4","3","51131","75"
"Northumberland","0","5","Virginia","4/21/20","4","1","51133","25"
"Norton","0","2","Virginia","4/21/20","0","2","51720","1"
"Nottoway","0","8","Virginia","4/21/20","5","3","51135","60"
"Orange","1","21","Virginia","4/21/20","15","6","51137","40"
"Page","1","14","Virginia","4/21/20","6","8","51139","133.33"
"Patrick","0","1","Virginia","4/21/20","0","1","51141","1"
"Petersburg","1","24","Virginia","4/21/20","19","5","51730","26.32"
"Pittsylvania","0","7","Virginia","4/21/20","4","3","51143","75"
"Poquoson","0","6","Virginia","4/21/20","6","0","51735","0"
"Portsmouth","3","82","Virginia","4/21/20","59","23","51740","38.98"
"Powhatan","0","8","Virginia","4/21/20","5","3","51145","60"
"Prince Edward","1","19","Virginia","4/21/20","13","6","51147","46.15"
"Prince George","0","28","Virginia","4/21/20","27","1","51149","3.7"
"Prince William","51","867","Virginia","4/21/20","508","359","51153","70.67"
"Pulaski","1","8","Virginia","4/21/20","4","4","51155","100"
"Radford","0","1","Virginia","4/21/20","1","0","51750","0"
"Rappahannock","0","1","Virginia","4/21/20","1","0","51157","0"
"Richmond","7","53","Virginia","4/21/20","7","46","51159","657.14"
"Richmond City","10","246","Virginia","4/21/20","175","71","51760","40.57"
"Roanoke","1","25","Virginia","4/21/20","18","7","51161","38.89"
"Roanoke City","1","25","Virginia","4/21/20","21","4","51770","19.05"
"Rockbridge","0","5","Virginia","4/21/20","3","2","51163","66.67"
"Rockingham","9","122","Virginia","4/21/20","56","66","51165","117.86"
"Russell","0","2","Virginia","4/21/20","2","0","51167","0"
"Salem","0","6","Virginia","4/21/20","3","3","51775","100"
"Scott","0","5","Virginia","4/21/20","3","2","51169","66.67"
"Shenandoah","3","45","Virginia","4/21/20","23","22","51171","95.65"
"Smyth","0","13","Virginia","4/21/20","11","2","51173","18.18"
"Southampton","2","18","Virginia","4/21/20","6","12","51175","200"
"Spotsylvania","3","79","Virginia","4/21/20","56","23","51177","41.07"
"Stafford","10","164","Virginia","4/21/20","95","69","51179","72.63"
"Staunton","1","10","Virginia","4/21/20","2","8","51790","400"
"Suffolk","8","111","Virginia","4/21/20","57","54","51800","94.74"
"Surry","0","4","Virginia","4/21/20","3","1","51181","33.33"
"Sussex","2","23","Virginia","4/21/20","8","15","51183","187.5"
"Tazewell","0","4","Virginia","4/21/20","4","0","51185","0"
"Virginia Beach","5","288","Virginia","4/21/20","252","36","51810","14.29"
"Warren","1","26","Virginia","4/21/20","19","7","51187","36.84"
"Washington","0","29","Virginia","4/21/20","28","1","51191","3.57"
"Waynesboro","0","8","Virginia","4/21/20","6","2","51820","33.33"
"Westmoreland","0","10","Virginia","4/21/20","8","2","51193","25"
"Williamsburg","-1","15","Virginia","4/21/20","20","-5","51830","-25"
"Winchester","1","27","Virginia","4/21/20","20","7","51840","35"
"Wise","1","18","Virginia","4/21/20","14","4","51195","28.57"
"Wythe","0","10","Virginia","4/21/20","7","3","51197","42.86"
"York","1","43","Virginia","4/21/20","35","8","51199","22.86"
"Adams","1","43","Washington","4/21/20","39","4","53001","10.26"
"Asotin","1","13","Washington","4/21/20","6","7","53003","116.67"
"Benton","9","326","Washington","4/21/20","266","60","53005","22.56"
"Chelan","3","81","Washington","4/21/20","61","20","53007","32.79"
"Clallam","0","14","Washington","4/21/20","12","2","53009","16.67"
"Clark","8","306","Washington","4/21/20","250","56","53011","22.4"
"Columbia","0","1","Washington","4/21/20","1","0","53013","0"
"Cowlitz","1","32","Washington","4/21/20","25","7","53015","28"
"Douglas","5","59","Washington","4/21/20","26","33","53017","126.92"
"Ferry","0","1","Washington","4/21/20","1","0","53019","0"
"Franklin","8","192","Washington","4/21/20","134","58","53021","43.28"
"Grant","3","143","Washington","4/21/20","122","21","53025","17.21"
"Grays Harbor","0","12","Washington","4/21/20","11","1","53027","9.09"
"Island","1","166","Washington","4/21/20","162","4","53029","2.47"
"Jefferson","0","28","Washington","4/21/20","28","0","53031","0"
"King","106","5293","Washington","4/21/20","4549","744","53033","16.36"
"Kitsap","1","138","Washington","4/21/20","132","6","53035","4.55"
"Kittitas","0","14","Washington","4/21/20","14","0","53037","0"
"Klickitat","0","16","Washington","4/21/20","14","2","53039","14.29"
"Lewis","1","21","Washington","4/21/20","17","4","53041","23.53"
"Lincoln","0","2","Washington","4/21/20","2","0","53043","0"
"Mason","0","22","Washington","4/21/20","19","3","53045","15.79"
"Okanogan","0","14","Washington","4/21/20","15","-1","53047","-6.67"
"Pacific","0","3","Washington","4/21/20","1","2","53049","200"
"Pend Oreille","0","2","Washington","4/21/20","1","1","53051","100"
"Pierce","36","1219","Washington","4/21/20","969","250","53053","25.8"
"San Juan","0","15","Washington","4/21/20","13","2","53055","15.38"
"Skagit","8","252","Washington","4/21/20","195","57","53057","29.23"
"Skamania","0","3","Washington","4/21/20","3","0","53059","0"
"Snohomish","34","2189","Washington","4/21/20","1950","239","53061","12.26"
"Spokane","6","315","Washington","4/21/20","276","39","53063","14.13"
"Stevens","0","8","Washington","4/21/20","7","1","53065","14.29"
"Thurston","2","94","Washington","4/21/20","81","13","53067","16.05"
"Wahkiakum","0","2","Washington","4/21/20","2","0","53069","0"
"Walla Walla","2","33","Washington","4/21/20","21","12","53071","57.14"
"Whatcom","2","280","Washington","4/21/20","264","16","53073","6.06"
"Whitman","0","13","Washington","4/21/20","12","1","53075","8.33"
"Yakima","36","868","Washington","4/21/20","614","254","53077","41.37"
"Barbour","0","4","West Virginia","4/21/20","4","0","54001","0"
"Berkeley","2","113","West Virginia","4/21/20","100","13","54003","13"
"Boone","0","2","West Virginia","4/21/20","1","1","54005","100"
"Braxton","0","1","West Virginia","4/21/20","1","0","54007","0"
"Brooke","0","3","West Virginia","4/21/20","3","0","54009","0"
"Cabell","1","34","West Virginia","4/21/20","26","8","54011","30.77"
"Fayette","0","5","West Virginia","4/21/20","2","3","54019","150"
"Grant","0","1","West Virginia","4/21/20","1","0","54023","0"
"Greenbrier","0","3","West Virginia","4/21/20","3","0","54025","0"
"Hampshire","0","6","West Virginia","4/21/20","5","1","54027","20"
"Hancock","0","7","West Virginia","4/21/20","7","0","54029","0"
"Hardy","0","3","West Virginia","4/21/20","2","1","54031","50"
"Harrison","0","30","West Virginia","4/21/20","28","2","54033","7.14"
"Jackson","10","101","West Virginia","4/21/20","30","71","54035","236.67"
"Jefferson","1","61","West Virginia","4/21/20","52","9","54037","17.31"
"Kanawha","7","133","West Virginia","4/21/20","85","48","54039","56.47"
"Lewis","0","2","West Virginia","4/21/20","2","0","54041","0"
"Lincoln","0","1","West Virginia","4/21/20","0","1","54043","1"
"Logan","0","8","West Virginia","4/21/20","8","0","54045","0"
"Marion","1","44","West Virginia","4/21/20","38","6","54049","15.79"
"Marshall","0","8","West Virginia","4/21/20","6","2","54051","33.33"
"Mason","0","11","West Virginia","4/21/20","10","1","54053","10"
"McDowell","0","6","West Virginia","4/21/20","6","0","54047","0"
"Mercer","0","8","West Virginia","4/21/20","8","0","54055","0"
"Mineral","0","8","West Virginia","4/21/20","5","3","54057","60"
"Mingo","0","2","West Virginia","4/21/20","1","1","54059","100"
"Monongalia","1","89","West Virginia","4/21/20","81","8","54061","9.88"
"Monroe","1","5","West Virginia","4/21/20","1","4","54063","400"
"Morgan","0","9","West Virginia","4/21/20","6","3","54065","50"
"Nicholas","0","4","West Virginia","4/21/20","2","2","54067","100"
"Ohio","0","22","West Virginia","4/21/20","23","-1","54069","-4.35"
"Pendleton","0","2","West Virginia","4/21/20","1","1","54071","100"
"Pleasants","0","2","West Virginia","4/21/20","1","1","54073","100"
"Preston","1","10","West Virginia","4/21/20","6","4","54077","66.67"
"Putnam","0","14","West Virginia","4/21/20","12","2","54079","16.67"
"Raleigh","0","7","West Virginia","4/21/20","6","1","54081","16.67"
"Randolph","0","4","West Virginia","4/21/20","4","0","54083","0"
"Roane","0","3","West Virginia","4/21/20","2","1","54087","50"
"Summers","0","1","West Virginia","4/21/20","1","0","54089","0"
"Taylor","0","5","West Virginia","4/21/20","4","1","54091","25"
"Tucker","0","4","West Virginia","4/21/20","4","0","54093","0"
"Tyler","0","3","West Virginia","4/21/20","3","0","54095","0"
"Upshur","0","4","West Virginia","4/21/20","3","1","54097","33.33"
"Wayne","8","78","West Virginia","4/21/20","19","59","54099","310.53"
"Wetzel","0","3","West Virginia","4/21/20","3","0","54103","0"
"Wirt","0","2","West Virginia","4/21/20","2","0","54105","0"
"Wood","1","31","West Virginia","4/21/20","21","10","54107","47.62"
"Wyoming","0","1","West Virginia","4/21/20","1","0","54109","0"
"Adams","0","4","Wisconsin","4/21/20","3","1","55001","33.33"
"Ashland","0","2","Wisconsin","4/21/20","2","0","55003","0"
"Barron","0","6","Wisconsin","4/21/20","6","0","55005","0"
"Bayfield","0","3","Wisconsin","4/21/20","3","0","55007","0"
"Brown","31","314","Wisconsin","4/21/20","97","217","55009","223.71"
"Buffalo","0","4","Wisconsin","4/21/20","4","0","55011","0"
"Calumet","0","6","Wisconsin","4/21/20","5","1","55015","20"
"Chippewa","0","20","Wisconsin","4/21/20","20","0","55017","0"
"Clark","1","17","Wisconsin","4/21/20","8","9","55019","112.5"
"Columbia","0","27","Wisconsin","4/21/20","25","2","55021","8"
"Crawford","0","3","Wisconsin","4/21/20","3","0","55023","0"
"Dane","5","382","Wisconsin","4/21/20","344","38","55025","11.05"
"Dodge","0","19","Wisconsin","4/21/20","19","0","55027","0"
"Door","0","9","Wisconsin","4/21/20","9","0","55029","0"
"Douglas","0","8","Wisconsin","4/21/20","7","1","55031","14.29"
"Dunn","0","9","Wisconsin","4/21/20","9","0","55033","0"
"Eau Claire","0","22","Wisconsin","4/21/20","21","1","55035","4.76"
"Florence","0","2","Wisconsin","4/21/20","2","0","55037","0"
"Fond du Lac","1","65","Wisconsin","4/21/20","59","6","55039","10.17"
"Grant","2","23","Wisconsin","4/21/20","8","15","55043","187.5"
"Green","0","9","Wisconsin","4/21/20","9","0","55045","0"
"Green Lake","0","1","Wisconsin","4/21/20","1","0","55047","0"
"Iowa","0","7","Wisconsin","4/21/20","5","2","55049","40"
"Iron","0","2","Wisconsin","4/21/20","2","0","55051","0"
"Jackson","0","12","Wisconsin","4/21/20","10","2","55053","20"
"Jefferson","1","32","Wisconsin","4/21/20","24","8","55055","33.33"
"Juneau","0","10","Wisconsin","4/21/20","7","3","55057","42.86"
"Kenosha","11","264","Wisconsin","4/21/20","186","78","55059","41.94"
"Kewaunee","1","8","Wisconsin","4/21/20","4","4","55061","100"
"La Crosse","0","26","Wisconsin","4/21/20","25","1","55063","4"
"Lafayette","0","3","Wisconsin","4/21/20","3","0","55065","0"
"Manitowoc","0","7","Wisconsin","4/21/20","4","3","55071","75"
"Marathon","0","17","Wisconsin","4/21/20","14","3","55073","21.43"
"Marinette","0","6","Wisconsin","4/21/20","4","2","55075","50"
"Marquette","0","3","Wisconsin","4/21/20","2","1","55077","50"
"Menominee","0","1","Wisconsin","4/21/20","1","0","55078","0"
"Milwaukee","63","2234","Wisconsin","4/21/20","1795","439","55079","24.46"
"Monroe","1","13","Wisconsin","4/21/20","8","5","55081","62.5"
"Oconto","0","5","Wisconsin","4/21/20","4","1","55083","25"
"Oneida","0","6","Wisconsin","4/21/20","6","0","55085","0"
"Outagamie","1","35","Wisconsin","4/21/20","29","6","55087","20.69"
"Ozaukee","1","80","Wisconsin","4/21/20","73","7","55089","9.59"
"Pierce","0","8","Wisconsin","4/21/20","7","1","55093","14.29"
"Polk","0","4","Wisconsin","4/21/20","3","1","55095","33.33"
"Portage","0","4","Wisconsin","4/21/20","4","0","55097","0"
"Price","0","1","Wisconsin","4/21/20","1","0","55099","0"
"Racine","7","185","Wisconsin","4/21/20","135","50","55101","37.04"
"Richland","0","8","Wisconsin","4/21/20","6","2","55103","33.33"
"Rock","3","83","Wisconsin","4/21/20","59","24","55105","40.68"
"Rusk","0","4","Wisconsin","4/21/20","3","1","55107","33.33"
"Sauk","1","34","Wisconsin","4/21/20","28","6","55111","21.43"
"Sawyer","0","2","Wisconsin","4/21/20","2","0","55113","0"
"Shawano","0","6","Wisconsin","4/21/20","6","0","55115","0"
"Sheboygan","1","43","Wisconsin","4/21/20","36","7","55117","19.44"
"St. Croix","0","11","Wisconsin","4/21/20","10","1","55109","10"
"Trempealeau","0","1","Wisconsin","4/21/20","1","0","55121","0"
"Vilas","0","4","Wisconsin","4/21/20","4","0","55125","0"
"Walworth","6","90","Wisconsin","4/21/20","45","45","55127","100"
"Washburn","0","1","Wisconsin","4/21/20","0","1","55129","1"
"Washington","2","87","Wisconsin","4/21/20","73","14","55131","19.18"
"Waukesha","7","274","Wisconsin","4/21/20","224","50","55133","22.32"
"Waupaca","0","4","Wisconsin","4/21/20","4","0","55135","0"
"Waushara","0","2","Wisconsin","4/21/20","2","0","55137","0"
"Winnebago","2","41","Wisconsin","4/21/20","29","12","55139","41.38"
"Wood","0","2","Wisconsin","4/21/20","2","0","55141","0"
"Albany","0","6","Wyoming","4/21/20","5","1","56001","20"
"Big Horn","0","3","Wyoming","4/21/20","1","2","56003","200"
"Campbell","1","18","Wyoming","4/21/20","13","5","56005","38.46"
"Carbon","0","4","Wyoming","4/21/20","4","0","56007","0"
"Converse","1","15","Wyoming","4/21/20","8","7","56009","87.5"
"Crook","0","5","Wyoming","4/21/20","3","2","56011","66.67"
"Fremont","2","58","Wyoming","4/21/20","42","16","56013","38.1"
"Goshen","0","4","Wyoming","4/21/20","3","1","56015","33.33"
"Hot Springs","0","3","Wyoming","4/21/20","1","2","56017","200"
"Johnson","1","15","Wyoming","4/21/20","11","4","56019","36.36"
"Laramie","7","110","Wyoming","4/21/20","62","48","56021","77.42"
"Lincoln","1","9","Wyoming","4/21/20","5","4","56023","80"
"Natrona","2","48","Wyoming","4/21/20","34","14","56025","41.18"
"Niobrara","0","2","Wyoming","4/21/20","1","1","56027","100"
"Park","0","1","Wyoming","4/21/20","1","0","56029","0"
"Sheridan","1","16","Wyoming","4/21/20","12","4","56033","33.33"
"Sublette","0","3","Wyoming","4/21/20","1","2","56035","200"
"Sweetwater","1","16","Wyoming","4/21/20","9","7","56037","77.78"
"Teton","5","92","Wyoming","4/21/20","57","35","56039","61.4"
"Uinta","0","7","Wyoming","4/21/20","4","3","56041","75"
"Washakie","0","8","Wyoming","4/21/20","5","3","56043","60"
