"Locality","DailyAvgNewCasesPast7Days","TotalCases","State","Date","TotalCases7DaysAgo","NewCasesPast7Days","FIPS-Code","PercentIncreaseTotalCasesPast7Days"
"Autauga","1","36","Alabama","4/24/20","26","10","01001","38.46"
"Baldwin","6","147","Alabama","4/24/20","103","44","01003","42.72"
"Barbour","2","32","Alabama","4/24/20","15","17","01005","113.33"
"Bibb","1","34","Alabama","4/24/20","24","10","01007","41.67"
"Blount","2","31","Alabama","4/24/20","20","11","01009","55"
"Bullock","1","12","Alabama","4/24/20","8","4","01011","50"
"Butler","1","21","Alabama","4/24/20","16","5","01013","31.25"
"Calhoun","4","89","Alabama","4/24/20","63","26","01015","41.27"
"Chambers","7","282","Alabama","4/24/20","236","46","01017","19.49"
"Cherokee","0","12","Alabama","4/24/20","12","0","01019","0"
"Chilton","2","49","Alabama","4/24/20","37","12","01021","32.43"
"Choctaw","2","25","Alabama","4/24/20","13","12","01023","92.31"
"Clarke","0","24","Alabama","4/24/20","24","0","01025","0"
"Clay","1","19","Alabama","4/24/20","14","5","01027","35.71"
"Cleburne","0","12","Alabama","4/24/20","12","0","01029","0"
"Coffee","5","87","Alabama","4/24/20","51","36","01031","70.59"
"Colbert","1","23","Alabama","4/24/20","13","10","01033","76.92"
"Conecuh","0","9","Alabama","4/24/20","8","1","01035","12.5"
"Coosa","1","29","Alabama","4/24/20","20","9","01037","45"
"Covington","2","31","Alabama","4/24/20","19","12","01039","63.16"
"Crenshaw","1","10","Alabama","4/24/20","5","5","01041","100"
"Cullman","-1","47","Alabama","4/24/20","53","-6","01043","-11.32"
"Dale","1","23","Alabama","4/24/20","14","9","01045","64.29"
"Dallas","2","32","Alabama","4/24/20","21","11","01047","52.38"
"DeKalb","4","61","Alabama","4/24/20","34","27","01049","79.41"
"Elmore","3","74","Alabama","4/24/20","54","20","01051","37.04"
"Escambia","1","22","Alabama","4/24/20","14","8","01053","57.14"
"Etowah","5","121","Alabama","4/24/20","87","34","01055","39.08"
"Fayette","0","4","Alabama","4/24/20","4","0","01057","0"
"Franklin","2","32","Alabama","4/24/20","18","14","01059","77.78"
"Geneva","1","6","Alabama","4/24/20","2","4","01061","200"
"Greene","3","44","Alabama","4/24/20","24","20","01063","83.33"
"Hale","2","39","Alabama","4/24/20","22","17","01065","77.27"
"Henry","1","22","Alabama","4/24/20","16","6","01067","37.5"
"Houston","2","76","Alabama","4/24/20","64","12","01069","18.75"
"Jackson","2","45","Alabama","4/24/20","32","13","01071","40.62"
"Jefferson","21","797","Alabama","4/24/20","651","146","01073","22.43"
"Lamar","0","10","Alabama","4/24/20","7","3","01075","42.86"
"Lauderdale","0","25","Alabama","4/24/20","23","2","01077","8.7"
"Lawrence","1","12","Alabama","4/24/20","8","4","01079","50"
"Lee","7","351","Alabama","4/24/20","301","50","01081","16.61"
"Limestone","0","41","Alabama","4/24/20","40","1","01083","2.5"
"Lowndes","2","36","Alabama","4/24/20","25","11","01085","44"
"Macon","1","29","Alabama","4/24/20","24","5","01087","20.83"
"Madison","-2","202","Alabama","4/24/20","217","-15","01089","-6.91"
"Marengo","2","39","Alabama","4/24/20","24","15","01091","62.5"
"Marion","1","69","Alabama","4/24/20","61","8","01093","13.11"
"Marshall","21","267","Alabama","4/24/20","122","145","01095","118.85"
"Mobile","32","845","Alabama","4/24/20","621","224","01097","36.07"
"Monroe","1","11","Alabama","4/24/20","7","4","01099","57.14"
"Montgomery","10","274","Alabama","4/24/20","207","67","01101","32.37"
"Morgan","1","55","Alabama","4/24/20","46","9","01103","19.57"
"Perry","0","9","Alabama","4/24/20","9","0","01105","0"
"Pickens","2","45","Alabama","4/24/20","32","13","01107","40.62"
"Pike","4","58","Alabama","4/24/20","29","29","01109","100"
"Randolph","1","60","Alabama","4/24/20","51","9","01111","17.65"
"Russell","3","53","Alabama","4/24/20","35","18","01113","51.43"
"Shelby","7","294","Alabama","4/24/20","248","46","01117","18.55"
"St. Clair","2","63","Alabama","4/24/20","52","11","01115","21.15"
"Sumter","3","51","Alabama","4/24/20","33","18","01119","54.55"
"Talladega","2","54","Alabama","4/24/20","42","12","01121","28.57"
"Tallapoosa","14","261","Alabama","4/24/20","160","101","01123","63.12"
"Tuscaloosa","4","182","Alabama","4/24/20","152","30","01125","19.74"
"Walker","1","89","Alabama","4/24/20","83","6","01127","7.23"
"Washington","1","19","Alabama","4/24/20","14","5","01129","35.71"
"Wilcox","2","53","Alabama","4/24/20","40","13","01131","32.5"
"Winston","0","10","Alabama","4/24/20","9","1","01133","11.11"
"Anchorage","3","168","Alaska","4/24/20","150","18","02020","12"
"Bethel","0","1","Alaska","4/24/20","1","0","02050","0"
"Fairbanks North Star","0","79","Alaska","4/24/20","79","0","02090","0"
"Juneau","0","27","Alaska","4/24/20","24","3","02110","12.5"
"Kenai Peninsula","0","19","Alaska","4/24/20","17","2","02122","11.76"
"Ketchikan Gateway","0","16","Alaska","4/24/20","15","1","02130","6.67"
"Kodiak Island","0","1","Alaska","4/24/20","1","0","02150","0"
"Matanuska-Susitna","1","20","Alaska","4/24/20","15","5","02170","33.33"
"Nome","0","1","Alaska","4/24/20","1","0","02180","0"
"Petersburg","0","3","Alaska","4/24/20","2","1","02195","50"
"Prince of Wales-Hyder","0","2","Alaska","4/24/20","2","0","02198","0"
"Southeast Fairbanks","0","1","Alaska","4/24/20","1","0","02240","0"
"Yukon-Koyukuk","0","1","Alaska","4/24/20","1","0","02290","0"
"Apache","22","296","Arizona","4/24/20","141","155","04001","109.93"
"Cochise","2","34","Arizona","4/24/20","20","14","04003","70"
"Coconino","12","391","Arizona","4/24/20","304","87","04005","28.62"
"Gila","1","11","Arizona","4/24/20","5","6","04007","120"
"Graham","1","7","Arizona","4/24/20","2","5","04009","250"
"Greenlee","0","2","Arizona","4/24/20","2","0","04011","0"
"La Paz","0","8","Arizona","4/24/20","5","3","04012","60"
"Maricopa","102","3116","Arizona","4/24/20","2404","712","04013","29.62"
"Mohave","3","73","Arizona","4/24/20","51","22","04015","43.14"
"Navajo","21","583","Arizona","4/24/20","435","148","04017","34.02"
"Pima","34","1060","Arizona","4/24/20","819","241","04019","29.43"
"Pinal","15","317","Arizona","4/24/20","212","105","04021","49.53"
"Santa Cruz","2","30","Arizona","4/24/20","14","16","04023","114.29"
"Yavapai","1","75","Arizona","4/24/20","69","6","04025","8.7"
"Yuma","2","42","Arizona","4/24/20","28","14","04027","50"
"Arkansas","0","2","Arkansas","4/24/20","2","0","05001","0"
"Ashley","0","13","Arkansas","4/24/20","11","2","05003","18.18"
"Baxter","0","5","Arkansas","4/24/20","4","1","05005","25"
"Benton","2","77","Arkansas","4/24/20","62","15","05007","24.19"
"Boone","0","4","Arkansas","4/24/20","3","1","05009","33.33"
"Bradley","0","7","Arkansas","4/24/20","7","0","05011","0"
"Carroll","0","3","Arkansas","4/24/20","2","1","05015","50"
"Chicot","0","7","Arkansas","4/24/20","7","0","05017","0"
"Clark","0","28","Arkansas","4/24/20","27","1","05019","3.7"
"Clay","0","1","Arkansas","4/24/20","1","0","05021","0"
"Cleburne","0","72","Arkansas","4/24/20","70","2","05023","2.86"
"Cleveland","0","8","Arkansas","4/24/20","8","0","05025","0"
"Columbia","0","6","Arkansas","4/24/20","4","2","05027","50"
"Conway","1","10","Arkansas","4/24/20","5","5","05029","100"
"Craighead","3","58","Arkansas","4/24/20","40","18","05031","45"
"Crawford","0","4","Arkansas","4/24/20","4","0","05033","0"
"Crittenden","6","167","Arkansas","4/24/20","127","40","05035","31.5"
"Cross","0","11","Arkansas","4/24/20","8","3","05037","37.5"
"Dallas","0","1","Arkansas","4/24/20","1","0","05039","0"
"Desha","1","16","Arkansas","4/24/20","6","10","05041","166.67"
"Drew","1","13","Arkansas","4/24/20","6","7","05043","116.67"
"Faulkner","1","67","Arkansas","4/24/20","59","8","05045","13.56"
"Franklin","0","1","Arkansas","4/24/20","1","0","05047","0"
"Fulton","0","1","Arkansas","4/24/20","0","1","05049","1"
"Garland","0","110","Arkansas","4/24/20","107","3","05051","2.8"
"Grant","0","11","Arkansas","4/24/20","11","0","05053","0"
"Greene","1","14","Arkansas","4/24/20","6","8","05055","133.33"
"Hempstead","0","5","Arkansas","4/24/20","4","1","05057","25"
"Hot Spring","0","9","Arkansas","4/24/20","8","1","05059","12.5"
"Howard","0","13","Arkansas","4/24/20","12","1","05061","8.33"
"Independence","0","9","Arkansas","4/24/20","7","2","05063","28.57"
"Izard","0","3","Arkansas","4/24/20","2","1","05065","50"
"Jackson","0","1","Arkansas","4/24/20","1","0","05067","0"
"Jefferson","5","145","Arkansas","4/24/20","113","32","05069","28.32"
"Johnson","1","26","Arkansas","4/24/20","20","6","05071","30"
"Lafayette","0","6","Arkansas","4/24/20","5","1","05073","20"
"Lawrence","2","38","Arkansas","4/24/20","24","14","05075","58.33"
"Lee","0","3","Arkansas","4/24/20","3","0","05077","0"
"Lincoln","88","707","Arkansas","4/24/20","94","613","05079","652.13"
"Logan","0","3","Arkansas","4/24/20","2","1","05083","50"
"Lonoke","0","31","Arkansas","4/24/20","30","1","05085","3.33"
"Madison","0","1","Arkansas","4/24/20","1","0","05087","0"
"Marion","0","1","Arkansas","4/24/20","1","0","05089","0"
"Miller","0","32","Arkansas","4/24/20","29","3","05091","10.34"
"Mississippi","0","10","Arkansas","4/24/20","8","2","05093","25"
"Monroe","0","4","Arkansas","4/24/20","2","2","05095","100"
"Nevada","0","1","Arkansas","4/24/20","1","0","05099","0"
"Newton","0","3","Arkansas","4/24/20","2","1","05101","50"
"Ouachita","0","5","Arkansas","4/24/20","5","0","05103","0"
"Perry","0","6","Arkansas","4/24/20","3","3","05105","100"
"Phillips","0","4","Arkansas","4/24/20","4","0","05107","0"
"Pike","0","3","Arkansas","4/24/20","2","1","05109","50"
"Poinsett","1","14","Arkansas","4/24/20","10","4","05111","40"
"Polk","0","7","Arkansas","4/24/20","7","0","05113","0"
"Pope","1","37","Arkansas","4/24/20","33","4","05115","12.12"
"Prairie","0","2","Arkansas","4/24/20","2","0","05117","0"
"Pulaski","11","440","Arkansas","4/24/20","360","80","05119","22.22"
"Randolph","1","15","Arkansas","4/24/20","10","5","05121","50"
"Saline","2","54","Arkansas","4/24/20","37","17","05125","45.95"
"Scott","0","1","Arkansas","4/24/20","1","0","05127","0"
"Searcy","0","6","Arkansas","4/24/20","6","0","05129","0"
"Sebastian","0","12","Arkansas","4/24/20","11","1","05131","9.09"
"Sevier","0","10","Arkansas","4/24/20","8","2","05133","25"
"Sharp","0","2","Arkansas","4/24/20","2","0","05135","0"
"St. Francis","2","74","Arkansas","4/24/20","63","11","05123","17.46"
"Stone","0","7","Arkansas","4/24/20","7","0","05137","0"
"Union","1","30","Arkansas","4/24/20","20","10","05139","50"
"Van Buren","0","26","Arkansas","4/24/20","26","0","05141","0"
"Washington","4","71","Arkansas","4/24/20","45","26","05143","57.78"
"White","0","30","Arkansas","4/24/20","29","1","05145","3.45"
"Woodruff","0","1","Arkansas","4/24/20","1","0","05147","0"
"Yell","0","3","Arkansas","4/24/20","2","1","05149","50"
"Alameda","49","1403","California","4/24/20","1063","340","06001","31.98"
"Alpine","0","2","California","4/24/20","2","0","06003","0"
"Amador","0","8","California","4/24/20","7","1","06005","14.29"
"Butte","0","16","California","4/24/20","16","0","06007","0"
"Calaveras","0","13","California","4/24/20","11","2","06009","18.18"
"Colusa","0","3","California","4/24/20","3","0","06011","0"
"Contra Costa","20","786","California","4/24/20","648","138","06013","21.3"
"Del Norte","0","2","California","4/24/20","2","0","06015","0"
"El Dorado","1","42","California","4/24/20","36","6","06017","16.67"
"Fresno","21","443","California","4/24/20","295","148","06019","50.17"
"Glenn","0","5","California","4/24/20","4","1","06021","25"
"Humboldt","0","53","California","4/24/20","52","1","06023","1.92"
"Imperial","15","251","California","4/24/20","143","108","06025","75.52"
"Inyo","0","19","California","4/24/20","17","2","06027","11.76"
"Kern","22","735","California","4/24/20","578","157","06029","27.16"
"Kings","4","47","California","4/24/20","18","29","06031","161.11"
"Lake","0","6","California","4/24/20","6","0","06033","0"
"Los Angeles","1021","18545","California","4/24/20","11400","7145","06037","62.68"
"Madera","1","39","California","4/24/20","33","6","06039","18.18"
"Marin","4","212","California","4/24/20","187","25","06041","13.37"
"Mendocino","1","11","California","4/24/20","4","7","06045","175"
"Merced","3","102","California","4/24/20","82","20","06047","24.39"
"Mono","0","24","California","4/24/20","23","1","06051","4.35"
"Monterey","7","169","California","4/24/20","119","50","06053","42.02"
"Napa","2","58","California","4/24/20","44","14","06055","31.82"
"Nevada","0","37","California","4/24/20","34","3","06057","8.82"
"Orange","49","1845","California","4/24/20","1501","344","06059","22.92"
"Placer","1","139","California","4/24/20","130","9","06061","6.92"
"Plumas","0","4","California","4/24/20","4","0","06063","0"
"Riverside","123","3315","California","4/24/20","2457","858","06065","34.92"
"Sacramento","18","1019","California","4/24/20","896","123","06067","13.73"
"San Benito","0","47","California","4/24/20","44","3","06069","6.82"
"San Bernardino","91","1666","California","4/24/20","1032","634","06071","61.43"
"San Diego","106","2826","California","4/24/20","2087","739","06073","35.41"
"San Francisco","40","1340","California","4/24/20","1058","282","06075","26.65"
"San Joaquin","18","495","California","4/24/20","371","124","06077","33.42"
"San Luis Obispo","5","163","California","4/24/20","127","36","06079","28.35"
"San Mateo","27","989","California","4/24/20","797","192","06081","24.09"
"Santa Barbara","15","460","California","4/24/20","354","106","06083","29.94"
"Santa Clara","21","2018","California","4/24/20","1870","148","06085","7.91"
"Santa Cruz","2","115","California","4/24/20","98","17","06087","17.35"
"Shasta","1","30","California","4/24/20","26","4","06089","15.38"
"Siskiyou","0","5","California","4/24/20","5","0","06093","0"
"Solano","4","199","California","4/24/20","169","30","06095","17.75"
"Sonoma","6","217","California","4/24/20","172","45","06097","26.16"
"Stanislaus","11","264","California","4/24/20","187","77","06099","41.18"
"Sutter","3","44","California","4/24/20","24","20","06101","83.33"
"Tehama","0","1","California","4/24/20","1","0","06103","0"
"Tulare","13","472","California","4/24/20","382","90","06107","23.56"
"Tuolumne","0","2","California","4/24/20","2","0","06109","0"
"Ventura","11","476","California","4/24/20","396","80","06111","20.2"
"Yolo","5","157","California","4/24/20","125","32","06113","25.6"
"Yuba","0","16","California","4/24/20","15","1","06115","6.67"
"Adams","56","1252","Colorado","4/24/20","860","392","08001","45.58"
"Alamosa","0","10","Colorado","4/24/20","7","3","08003","42.86"
"Arapahoe","87","2030","Colorado","4/24/20","1419","611","08005","43.06"
"Archuleta","0","8","Colorado","4/24/20","6","2","08007","33.33"
"Baca","0","10","Colorado","4/24/20","10","0","08009","0"
"Boulder","20","470","Colorado","4/24/20","327","143","08013","43.73"
"Broomfield","4","126","Colorado","4/24/20","98","28","08014","28.57"
"Chaffee","4","66","Colorado","4/24/20","35","31","08015","88.57"
"Clear Creek","0","13","Colorado","4/24/20","11","2","08019","18.18"
"Costilla","0","3","Colorado","4/24/20","3","0","08023","0"
"Crowley","0","2","Colorado","4/24/20","2","0","08025","0"
"Custer","0","2","Colorado","4/24/20","2","0","08027","0"
"Delta","1","26","Colorado","4/24/20","16","10","08029","62.5"
"Denver","107","2385","Colorado","4/24/20","1636","749","08031","45.78"
"Douglas","9","414","Colorado","4/24/20","353","61","08035","17.28"
"Eagle","3","506","Colorado","4/24/20","482","24","08037","4.98"
"El Paso","21","853","Colorado","4/24/20","708","145","08041","20.48"
"Elbert","1","27","Colorado","4/24/20","20","7","08039","35"
"Fremont","1","19","Colorado","4/24/20","9","10","08043","111.11"
"Garfield","2","81","Colorado","4/24/20","65","16","08045","24.62"
"Gilpin","0","1","Colorado","4/24/20","1","0","08047","0"
"Grand","0","5","Colorado","4/24/20","4","1","08049","25"
"Gunnison","2","123","Colorado","4/24/20","112","11","08051","9.82"
"Hinsdale","0","3","Colorado","4/24/20","3","0","08053","0"
"Huerfano","0","1","Colorado","4/24/20","1","0","08055","0"
"Jefferson","38","1157","Colorado","4/24/20","888","269","08059","30.29"
"Kit Carson","1","19","Colorado","4/24/20","13","6","08063","46.15"
"La Plata","1","56","Colorado","4/24/20","51","5","08067","9.8"
"Lake","1","12","Colorado","4/24/20","8","4","08065","50"
"Larimer","10","291","Colorado","4/24/20","224","67","08069","29.91"
"Las Animas","0","3","Colorado","4/24/20","3","0","08071","0"
"Lincoln","0","3","Colorado","4/24/20","3","0","08073","0"
"Logan","2","31","Colorado","4/24/20","17","14","08075","82.35"
"Mesa","0","37","Colorado","4/24/20","34","3","08077","8.82"
"Mineral","0","2","Colorado","4/24/20","2","0","08079","0"
"Moffat","0","6","Colorado","4/24/20","3","3","08081","100"
"Montezuma","0","15","Colorado","4/24/20","13","2","08083","15.38"
"Montrose","2","83","Colorado","4/24/20","70","13","08085","18.57"
"Morgan","14","232","Colorado","4/24/20","135","97","08087","71.85"
"Otero","0","8","Colorado","4/24/20","6","2","08089","33.33"
"Ouray","0","5","Colorado","4/24/20","5","0","08091","0"
"Park","0","7","Colorado","4/24/20","6","1","08093","16.67"
"Phillips","0","5","Colorado","4/24/20","5","0","08095","0"
"Pitkin","1","59","Colorado","4/24/20","51","8","08097","15.69"
"Prowers","0","1","Colorado","4/24/20","1","0","08099","0"
"Pueblo","6","117","Colorado","4/24/20","78","39","08101","50"
"Rio Blanco","0","1","Colorado","4/24/20","1","0","08103","0"
"Rio Grande","0","7","Colorado","4/24/20","7","0","08105","0"
"Routt","1","52","Colorado","4/24/20","46","6","08107","13.04"
"Saguache","0","3","Colorado","4/24/20","3","0","08109","0"
"San Miguel","1","17","Colorado","4/24/20","13","4","08113","30.77"
"Summit","1","97","Colorado","4/24/20","93","4","08117","4.3"
"Teller","1","26","Colorado","4/24/20","18","8","08119","44.44"
"Washington","0","6","Colorado","4/24/20","5","1","08121","20"
"Weld","52","1353","Colorado","4/24/20","986","367","08123","37.22"
"Yuma","1","6","Colorado","4/24/20","2","4","08125","200"
"Fairfield","440","10227","Connecticut","4/24/20","7146","3081","09001","43.12"
"Hartford","222","4570","Connecticut","4/24/20","3015","1555","09003","51.58"
"Litchfield","34","808","Connecticut","4/24/20","569","239","09005","42"
"Middlesex","20","561","Connecticut","4/24/20","422","139","09007","32.94"
"New Haven","252","6286","Connecticut","4/24/20","4520","1766","09009","39.07"
"New London","22","448","Connecticut","4/24/20","292","156","09011","53.42"
"Tolland","17","375","Connecticut","4/24/20","258","117","09013","45.35"
"Windham","7","139","Connecticut","4/24/20","92","47","09015","51.09"
"Kent","25","558","Delaware","4/24/20","384","174","10001","45.31"
"New Castle","55","1486","Delaware","4/24/20","1100","386","10003","35.09"
"Sussex","83","1394","Delaware","4/24/20","811","583","10005","71.89"
"","0","49","Diamond Princess","4/24/20","49","0",,"0"
"District of Columbia","150","3528","District of Columbia","4/24/20","2476","1052","11001","42.49"
"Alachua","6","244","Florida","4/24/20","202","42","12001","20.79"
"Baker","0","20","Florida","4/24/20","17","3","12003","17.65"
"Bay","3","63","Florida","4/24/20","44","19","12005","43.18"
"Bradford","0","42","Florida","4/24/20","40","2","12007","5"
"Brevard","6","247","Florida","4/24/20","205","42","12009","20.49"
"Broward","129","4591","Florida","4/24/20","3688","903","12011","24.48"
"Calhoun","0","6","Florida","4/24/20","6","0","12013","0"
"Charlotte","10","199","Florida","4/24/20","131","68","12015","51.91"
"Citrus","2","95","Florida","4/24/20","82","13","12017","15.85"
"Clay","7","266","Florida","4/24/20","216","50","12019","23.15"
"Collier","12","526","Florida","4/24/20","445","81","12021","18.2"
"Columbia","2","46","Florida","4/24/20","35","11","12023","31.43"
"DeSoto","0","24","Florida","4/24/20","23","1","12027","4.35"
"Dixie","0","5","Florida","4/24/20","3","2","12029","66.67"
"Duval","20","955","Florida","4/24/20","817","138","12031","16.89"
"Escambia","21","434","Florida","4/24/20","290","144","12033","49.66"
"Flagler","7","106","Florida","4/24/20","55","51","12035","92.73"
"Franklin","0","2","Florida","4/24/20","2","0","12037","0"
"Gadsden","5","79","Florida","4/24/20","47","32","12039","68.09"
"Gilchrist","0","4","Florida","4/24/20","4","0","12041","0"
"Glades","0","5","Florida","4/24/20","5","0","12043","0"
"Gulf","0","1","Florida","4/24/20","1","0","12045","0"
"Hamilton","0","6","Florida","4/24/20","3","3","12047","100"
"Hardee","1","9","Florida","4/24/20","4","5","12049","125"
"Hendry","5","64","Florida","4/24/20","31","33","12051","106.45"
"Hernando","0","86","Florida","4/24/20","83","3","12053","3.61"
"Highlands","1","76","Florida","4/24/20","66","10","12055","15.15"
"Hillsborough","14","1022","Florida","4/24/20","924","98","12057","10.61"
"Holmes","1","9","Florida","4/24/20","5","4","12059","80"
"Indian River","1","89","Florida","4/24/20","85","4","12061","4.71"
"Jackson","1","13","Florida","4/24/20","8","5","12063","62.5"
"Jefferson","1","27","Florida","4/24/20","23","4","12065","17.39"
"Lafayette","0","1","Florida","4/24/20","1","0","12067","0"
"Lake","3","219","Florida","4/24/20","197","22","12069","11.17"
"Lee","31","940","Florida","4/24/20","721","219","12071","30.37"
"Leon","5","207","Florida","4/24/20","174","33","12073","18.97"
"Levy","1","13","Florida","4/24/20","9","4","12075","44.44"
"Liberty","0","2","Florida","4/24/20","2","0","12077","0"
"Madison","3","41","Florida","4/24/20","19","22","12079","115.79"
"Manatee","24","491","Florida","4/24/20","326","165","12081","50.61"
"Marion","5","148","Florida","4/24/20","116","32","12083","27.59"
"Martin","3","169","Florida","4/24/20","147","22","12085","14.97"
"Miami-Dade","300","10926","Florida","4/24/20","8824","2102","12086","23.82"
"Monroe","1","77","Florida","4/24/20","68","9","12087","13.24"
"Nassau","1","49","Florida","4/24/20","42","7","12089","16.67"
"Okaloosa","3","145","Florida","4/24/20","124","21","12091","16.94"
"Okeechobee","1","9","Florida","4/24/20","5","4","12093","80"
"Orange","19","1290","Florida","4/24/20","1158","132","12095","11.4"
"Osceola","10","461","Florida","4/24/20","392","69","12097","17.6"
"Palm Beach","73","2600","Florida","4/24/20","2088","512","12099","24.52"
"Pasco","5","230","Florida","4/24/20","193","37","12101","19.17"
"Pinellas","15","673","Florida","4/24/20","565","108","12103","19.12"
"Polk","11","393","Florida","4/24/20","316","77","12105","24.37"
"Putnam","4","81","Florida","4/24/20","52","29","12107","55.77"
"Santa Rosa","2","143","Florida","4/24/20","130","13","12113","10"
"Sarasota","6","314","Florida","4/24/20","274","40","12115","14.6"
"Seminole","5","348","Florida","4/24/20","313","35","12117","11.18"
"St. Johns","2","203","Florida","4/24/20","186","17","12109","9.14"
"St. Lucie","4","223","Florida","4/24/20","192","31","12111","16.15"
"Sumter","7","167","Florida","4/24/20","120","47","12119","39.17"
"Suwannee","3","107","Florida","4/24/20","87","20","12121","22.99"
"Taylor","0","3","Florida","4/24/20","1","2","12123","200"
"Union","0","4","Florida","4/24/20","2","2","12125","100"
"Volusia","23","428","Florida","4/24/20","270","158","12127","58.52"
"Wakulla","1","20","Florida","4/24/20","14","6","12129","42.86"
"Walton","1","35","Florida","4/24/20","31","4","12131","12.9"
"Washington","1","12","Florida","4/24/20","6","6","12133","100"
"Appling","5","53","Georgia","4/24/20","18","35","13001","194.44"
"Atkinson","0","7","Georgia","4/24/20","5","2","13003","40"
"Bacon","0","20","Georgia","4/24/20","17","3","13005","17.65"
"Baker","0","19","Georgia","4/24/20","19","0","13007","0"
"Baldwin","9","169","Georgia","4/24/20","109","60","13009","55.05"
"Banks","1","18","Georgia","4/24/20","13","5","13011","38.46"
"Barrow","4","111","Georgia","4/24/20","84","27","13013","32.14"
"Bartow","4","273","Georgia","4/24/20","242","31","13015","12.81"
"Ben Hill","1","21","Georgia","4/24/20","13","8","13017","61.54"
"Berrien","1","14","Georgia","4/24/20","10","4","13019","40"
"Bibb","8","244","Georgia","4/24/20","188","56","13021","29.79"
"Bleckley","1","9","Georgia","4/24/20","4","5","13023","125"
"Brantley","1","20","Georgia","4/24/20","16","4","13025","25"
"Brooks","2","39","Georgia","4/24/20","23","16","13027","69.57"
"Bryan","2","47","Georgia","4/24/20","31","16","13029","51.61"
"Bulloch","1","34","Georgia","4/24/20","26","8","13031","30.77"
"Burke","5","71","Georgia","4/24/20","37","34","13033","91.89"
"Butts","12","125","Georgia","4/24/20","40","85","13035","212.5"
"Calhoun","3","84","Georgia","4/24/20","60","24","13037","40"
"Camden","0","28","Georgia","4/24/20","27","1","13039","3.7"
"Candler","0","7","Georgia","4/24/20","4","3","13043","75"
"Carroll","9","320","Georgia","4/24/20","260","60","13045","23.08"
"Catoosa","4","46","Georgia","4/24/20","18","28","13047","155.56"
"Charlton","0","7","Georgia","4/24/20","5","2","13049","40"
"Chatham","5","205","Georgia","4/24/20","173","32","13051","18.5"
"Chattahoochee","0","8","Georgia","4/24/20","6","2","13053","33.33"
"Chattooga","1","13","Georgia","4/24/20","9","4","13055","44.44"
"Cherokee","14","367","Georgia","4/24/20","266","101","13057","37.97"
"Clarke","3","127","Georgia","4/24/20","106","21","13059","19.81"
"Clay","0","20","Georgia","4/24/20","19","1","13061","5.26"
"Clayton","20","629","Georgia","4/24/20","491","138","13063","28.11"
"Clinch","0","7","Georgia","4/24/20","7","0","13065","0"
"Cobb","42","1368","Georgia","4/24/20","1072","296","13067","27.61"
"Coffee","4","100","Georgia","4/24/20","73","27","13069","36.99"
"Colquitt","7","165","Georgia","4/24/20","115","50","13071","43.48"
"Columbia","7","137","Georgia","4/24/20","90","47","13073","52.22"
"Cook","1","15","Georgia","4/24/20","11","4","13075","36.36"
"Coweta","5","187","Georgia","4/24/20","149","38","13077","25.5"
"Crawford","0","14","Georgia","4/24/20","13","1","13079","7.69"
"Crisp","6","149","Georgia","4/24/20","110","39","13081","35.45"
"Dade","1","16","Georgia","4/24/20","7","9","13083","128.57"
"Dawson","1","51","Georgia","4/24/20","42","9","13085","21.43"
"Decatur","1","59","Georgia","4/24/20","55","4","13087","7.27"
"DeKalb","53","1721","Georgia","4/24/20","1349","372","13089","27.58"
"Dodge","0","22","Georgia","4/24/20","19","3","13091","15.79"
"Dooly","6","106","Georgia","4/24/20","66","40","13093","60.61"
"Dougherty","12","1465","Georgia","4/24/20","1381","84","13095","6.08"
"Douglas","8","276","Georgia","4/24/20","220","56","13097","25.45"
"Early","4","188","Georgia","4/24/20","163","25","13099","15.34"
"Echols","0","5","Georgia","4/24/20","4","1","13101","25"
"Effingham","1","34","Georgia","4/24/20","25","9","13103","36"
"Elbert","1","15","Georgia","4/24/20","7","8","13105","114.29"
"Emanuel","1","19","Georgia","4/24/20","12","7","13107","58.33"
"Evans","0","4","Georgia","4/24/20","2","2","13109","100"
"Fannin","1","21","Georgia","4/24/20","14","7","13111","50"
"Fayette","4","158","Georgia","4/24/20","133","25","13113","18.8"
"Floyd","1","131","Georgia","4/24/20","121","10","13115","8.26"
"Forsyth","8","241","Georgia","4/24/20","184","57","13117","30.98"
"Franklin","1","16","Georgia","4/24/20","10","6","13119","60"
"Fulton","68","2500","Georgia","4/24/20","2025","475","13121","23.46"
"Gilmer","3","31","Georgia","4/24/20","10","21","13123","210"
"Glynn","1","52","Georgia","4/24/20","46","6","13127","13.04"
"Gordon","3","75","Georgia","4/24/20","53","22","13129","41.51"
"Grady","3","48","Georgia","4/24/20","27","21","13131","77.78"
"Greene","2","51","Georgia","4/24/20","40","11","13133","27.5"
"Gwinnett","52","1382","Georgia","4/24/20","1017","365","13135","35.89"
"Habersham","14","165","Georgia","4/24/20","64","101","13137","157.81"
"Hall","66","1022","Georgia","4/24/20","563","459","13139","81.53"
"Hancock","1","16","Georgia","4/24/20","6","10","13141","166.67"
"Haralson","1","26","Georgia","4/24/20","19","7","13143","36.84"
"Harris","3","55","Georgia","4/24/20","35","20","13145","57.14"
"Hart","0","6","Georgia","4/24/20","5","1","13147","20"
"Heard","1","9","Georgia","4/24/20","5","4","13149","80"
"Henry","11","419","Georgia","4/24/20","344","75","13151","21.8"
"Houston","6","204","Georgia","4/24/20","164","40","13153","24.39"
"Irwin","0","15","Georgia","4/24/20","13","2","13155","15.38"
"Jackson","4","75","Georgia","4/24/20","46","29","13157","63.04"
"Jasper","1","20","Georgia","4/24/20","14","6","13159","42.86"
"Jeff Davis","1","10","Georgia","4/24/20","5","5","13161","100"
"Jefferson","0","13","Georgia","4/24/20","11","2","13163","18.18"
"Jenkins","0","15","Georgia","4/24/20","12","3","13165","25"
"Johnson","1","36","Georgia","4/24/20","32","4","13167","12.5"
"Jones","1","24","Georgia","4/24/20","16","8","13169","50"
"Lamar","1","31","Georgia","4/24/20","21","10","13171","47.62"
"Lanier","0","8","Georgia","4/24/20","6","2","13173","33.33"
"Laurens","2","50","Georgia","4/24/20","39","11","13175","28.21"
"Lee","4","297","Georgia","4/24/20","269","28","13177","10.41"
"Liberty","1","35","Georgia","4/24/20","31","4","13179","12.9"
"Lincoln","0","10","Georgia","4/24/20","9","1","13181","11.11"
"Long","0","2","Georgia","4/24/20","2","0","13183","0"
"Lowndes","7","129","Georgia","4/24/20","80","49","13185","61.25"
"Lumpkin","1","29","Georgia","4/24/20","20","9","13187","45"
"Macon","3","67","Georgia","4/24/20","44","23","13193","52.27"
"Madison","1","21","Georgia","4/24/20","14","7","13195","50"
"Marion","2","35","Georgia","4/24/20","24","11","13197","45.83"
"McDuffie","1","39","Georgia","4/24/20","35","4","13189","11.43"
"McIntosh","0","4","Georgia","4/24/20","4","0","13191","0"
"Meriwether","1","49","Georgia","4/24/20","39","10","13199","25.64"
"Miller","1","24","Georgia","4/24/20","20","4","13201","20"
"Mitchell","12","288","Georgia","4/24/20","203","85","13205","41.87"
"Monroe","1","19","Georgia","4/24/20","15","4","13207","26.67"
"Montgomery","0","2","Georgia","4/24/20","2","0","13209","0"
"Morgan","1","25","Georgia","4/24/20","19","6","13211","31.58"
"Murray","1","22","Georgia","4/24/20","18","4","13213","22.22"
"Muscogee","7","259","Georgia","4/24/20","207","52","13215","25.12"
"Newton","5","158","Georgia","4/24/20","121","37","13217","30.58"
"Oconee","1","54","Georgia","4/24/20","48","6","13219","12.5"
"Oglethorpe","2","48","Georgia","4/24/20","32","16","13221","50"
"Out of GA","19","916","Georgia","4/24/20","780","136","80013","17.44"
"Paulding","3","156","Georgia","4/24/20","132","24","13223","18.18"
"Peach","1","37","Georgia","4/24/20","31","6","13225","19.35"
"Pickens","1","20","Georgia","4/24/20","15","5","13227","33.33"
"Pierce","0","52","Georgia","4/24/20","49","3","13229","6.12"
"Pike","1","38","Georgia","4/24/20","29","9","13231","31.03"
"Polk","2","42","Georgia","4/24/20","29","13","13233","44.83"
"Pulaski","1","20","Georgia","4/24/20","16","4","13235","25"
"Putnam","2","31","Georgia","4/24/20","14","17","13237","121.43"
"Quitman","0","3","Georgia","4/24/20","3","0","13239","0"
"Rabun","0","9","Georgia","4/24/20","7","2","13241","28.57"
"Randolph","2","152","Georgia","4/24/20","139","13","13243","9.35"
"Richmond","16","353","Georgia","4/24/20","238","115","13245","48.32"
"Rockdale","6","158","Georgia","4/24/20","116","42","13247","36.21"
"Schley","0","16","Georgia","4/24/20","15","1","13249","6.67"
"Screven","0","14","Georgia","4/24/20","11","3","13251","27.27"
"Seminole","1","27","Georgia","4/24/20","19","8","13253","42.11"
"Spalding","4","144","Georgia","4/24/20","119","25","13255","21.01"
"Stephens","4","55","Georgia","4/24/20","28","27","13257","96.43"
"Stewart","1","17","Georgia","4/24/20","13","4","13259","30.77"
"Sumter","7","348","Georgia","4/24/20","302","46","13261","15.23"
"Talbot","1","21","Georgia","4/24/20","16","5","13263","31.25"
"Tattnall","0","6","Georgia","4/24/20","5","1","13267","20"
"Taylor","1","14","Georgia","4/24/20","10","4","13269","40"
"Telfair","1","20","Georgia","4/24/20","13","7","13271","53.85"
"Terrell","4","165","Georgia","4/24/20","139","26","13273","18.71"
"Thomas","6","157","Georgia","4/24/20","112","45","13275","40.18"
"Tift","2","98","Georgia","4/24/20","81","17","13277","20.99"
"Toombs","1","26","Georgia","4/24/20","18","8","13279","44.44"
"Towns","1","20","Georgia","4/24/20","10","10","13281","100"
"Treutlen","0","2","Georgia","4/24/20","1","1","13283","100"
"Troup","6","122","Georgia","4/24/20","78","44","13285","56.41"
"Turner","2","62","Georgia","4/24/20","50","12","13287","24"
"Twiggs","0","7","Georgia","4/24/20","4","3","13289","75"
"Union","2","27","Georgia","4/24/20","10","17","13291","170"
"Upson","4","193","Georgia","4/24/20","162","31","13293","19.14"
"Walker","7","59","Georgia","4/24/20","13","46","13295","353.85"
"Walton","5","92","Georgia","4/24/20","59","33","13297","55.93"
"Ware","4","103","Georgia","4/24/20","77","26","13299","33.77"
"Warren","0","12","Georgia","4/24/20","10","2","13301","20"
"Washington","1","33","Georgia","4/24/20","23","10","13303","43.48"
"Wayne","1","11","Georgia","4/24/20","7","4","13305","57.14"
"Webster","0","7","Georgia","4/24/20","4","3","13307","75"
"Wheeler","0","3","Georgia","4/24/20","3","0","13309","0"
"White","3","38","Georgia","4/24/20","20","18","13311","90"
"Whitfield","3","62","Georgia","4/24/20","40","22","13313","55"
"Wilcox","5","68","Georgia","4/24/20","36","32","13315","88.89"
"Wilkes","2","22","Georgia","4/24/20","11","11","13317","100"
"Wilkinson","1","29","Georgia","4/24/20","19","10","13319","52.63"
"Worth","3","138","Georgia","4/24/20","116","22","13321","18.97"
"","0","103","Grand Princess","4/24/20","103","0",,"0"
"","1","141","Guam","4/24/20","136","5",,"3.68"
"Hawaii","4","69","Hawaii","4/24/20","41","28","15001","68.29"
"Honolulu","3","392","Hawaii","4/24/20","373","19","15003","5.09"
"Kauai","0","21","Hawaii","4/24/20","21","0","15007","0"
"Maui","3","113","Hawaii","4/24/20","95","18","15009","18.95"
"Out of HI","0","6","Hawaii","4/24/20","6","0","80015","0"
"Ada","9","642","Idaho","4/24/20","576","66","16001","11.46"
"Adams","0","3","Idaho","4/24/20","1","2","16003","200"
"Bannock","0","8","Idaho","4/24/20","8","0","16005","0"
"Bingham","0","3","Idaho","4/24/20","3","0","16011","0"
"Blaine","2","489","Idaho","4/24/20","473","16","16013","3.38"
"Bonner","0","4","Idaho","4/24/20","4","0","16017","0"
"Bonneville","1","28","Idaho","4/24/20","24","4","16019","16.67"
"Camas","0","1","Idaho","4/24/20","1","0","16025","0"
"Canyon","6","226","Idaho","4/24/20","181","45","16027","24.86"
"Caribou","0","1","Idaho","4/24/20","1","0","16029","0"
"Cassia","0","12","Idaho","4/24/20","10","2","16031","20"
"Custer","0","2","Idaho","4/24/20","2","0","16037","0"
"Elmore","2","32","Idaho","4/24/20","18","14","16039","77.78"
"Fremont","0","2","Idaho","4/24/20","2","0","16043","0"
"Gem","0","11","Idaho","4/24/20","10","1","16045","10"
"Gooding","0","9","Idaho","4/24/20","7","2","16047","28.57"
"Idaho","0","3","Idaho","4/24/20","3","0","16049","0"
"Jefferson","0","5","Idaho","4/24/20","5","0","16051","0"
"Jerome","1","45","Idaho","4/24/20","41","4","16053","9.76"
"Kootenai","1","59","Idaho","4/24/20","49","10","16055","20.41"
"Latah","0","4","Idaho","4/24/20","3","1","16057","33.33"
"Lincoln","1","21","Idaho","4/24/20","15","6","16063","40"
"Madison","0","8","Idaho","4/24/20","8","0","16065","0"
"Minidoka","0","10","Idaho","4/24/20","9","1","16067","11.11"
"Nez Perce","4","58","Idaho","4/24/20","29","29","16069","100"
"Owyhee","1","8","Idaho","4/24/20","4","4","16073","100"
"Payette","0","13","Idaho","4/24/20","10","3","16075","30"
"Power","0","2","Idaho","4/24/20","2","0","16077","0"
"Teton","0","8","Idaho","4/24/20","7","1","16081","14.29"
"Twin Falls","7","149","Idaho","4/24/20","100","49","16083","49"
"Valley","0","2","Idaho","4/24/20","2","0","16085","0"
"Washington","0","2","Idaho","4/24/20","1","1","16087","100"
"Adams","0","32","Illinois","4/24/20","30","2","17001","6.67"
"Alexander","0","2","Illinois","4/24/20","1","1","17003","100"
"Bond","0","4","Illinois","4/24/20","4","0","17005","0"
"Boone","6","60","Illinois","4/24/20","21","39","17007","185.71"
"Bureau","0","9","Illinois","4/24/20","7","2","17011","28.57"
"Calhoun","0","1","Illinois","4/24/20","1","0","17013","0"
"Carroll","0","7","Illinois","4/24/20","5","2","17015","40"
"Cass","2","17","Illinois","4/24/20","0","17","17017","1"
"Champaign","1","102","Illinois","4/24/20","92","10","17019","10.87"
"Christian","0","27","Illinois","4/24/20","24","3","17021","12.5"
"Clark","0","4","Illinois","4/24/20","4","0","17023","0"
"Clay","0","2","Illinois","4/24/20","1","1","17025","100"
"Clinton","4","73","Illinois","4/24/20","42","31","17027","73.81"
"Coles","2","22","Illinois","4/24/20","9","13","17029","144.44"
"Cook","1175","27616","Illinois","4/24/20","19391","8225","17031","42.42"
"Crawford","1","10","Illinois","4/24/20","4","6","17033","150"
"Cumberland","0","2","Illinois","4/24/20","2","0","17035","0"
"De Witt","0","1","Illinois","4/24/20","1","0","17039","0"
"DeKalb","3","68","Illinois","4/24/20","46","22","17037","47.83"
"Douglas","0","12","Illinois","4/24/20","12","0","17041","0"
"DuPage","94","2219","Illinois","4/24/20","1560","659","17043","42.24"
"Effingham","0","5","Illinois","4/24/20","4","1","17049","25"
"Fayette","1","16","Illinois","4/24/20","12","4","17051","33.33"
"Ford","0","7","Illinois","4/24/20","4","3","17053","75"
"Franklin","0","8","Illinois","4/24/20","5","3","17055","60"
"Fulton","0","3","Illinois","4/24/20","1","2","17057","200"
"Gallatin","0","2","Illinois","4/24/20","2","0","17059","0"
"Greene","0","2","Illinois","4/24/20","1","1","17061","100"
"Grundy","1","28","Illinois","4/24/20","24","4","17063","16.67"
"Hamilton","0","2","Illinois","4/24/20","0","2","17065","1"
"Hancock","0","4","Illinois","4/24/20","3","1","17067","33.33"
"Hardin","0","1","Illinois","4/24/20","0","1","17069","1"
"Henderson","0","4","Illinois","4/24/20","1","3","17071","300"
"Henry","1","36","Illinois","4/24/20","28","8","17073","28.57"
"Iroquois","0","15","Illinois","4/24/20","12","3","17075","25"
"Jackson","2","56","Illinois","4/24/20","40","16","17077","40"
"Jasper","5","41","Illinois","4/24/20","4","37","17079","925"
"Jefferson","10","80","Illinois","4/24/20","11","69","17081","627.27"
"Jersey","1","12","Illinois","4/24/20","8","4","17083","50"
"Jo Daviess","0","11","Illinois","4/24/20","11","0","17085","0"
"Johnson","0","3","Illinois","4/24/20","2","1","17087","50"
"Kane","61","962","Illinois","4/24/20","538","424","17089","78.81"
"Kankakee","5","297","Illinois","4/24/20","260","37","17091","14.23"
"Kendall","10","191","Illinois","4/24/20","123","68","17093","55.28"
"Knox","3","24","Illinois","4/24/20","3","21","17095","700"
"Lake","115","2717","Illinois","4/24/20","1914","803","17097","41.95"
"LaSalle","2","42","Illinois","4/24/20","27","15","17099","55.56"
"Lawrence","0","2","Illinois","4/24/20","2","0","17101","0"
"Lee","0","18","Illinois","4/24/20","17","1","17103","5.88"
"Livingston","0","18","Illinois","4/24/20","18","0","17105","0"
"Logan","0","4","Illinois","4/24/20","5","-1","17107","-20"
"Macon","7","99","Illinois","4/24/20","47","52","17115","110.64"
"Macoupin","1","25","Illinois","4/24/20","18","7","17117","38.89"
"Madison","16","268","Illinois","4/24/20","157","111","17119","70.7"
"Marion","1","26","Illinois","4/24/20","17","9","17121","52.94"
"Marshall","0","4","Illinois","4/24/20","2","2","17123","100"
"Mason","0","6","Illinois","4/24/20","4","2","17125","50"
"Massac","0","3","Illinois","4/24/20","4","-1","17127","-25"
"McDonough","0","5","Illinois","4/24/20","3","2","17109","66.67"
"McHenry","22","459","Illinois","4/24/20","306","153","17111","50"
"McLean","1","87","Illinois","4/24/20","83","4","17113","4.82"
"Menard","0","4","Illinois","4/24/20","2","2","17129","100"
"Mercer","0","7","Illinois","4/24/20","4","3","17131","75"
"Monroe","1","62","Illinois","4/24/20","52","10","17133","19.23"
"Montgomery","2","23","Illinois","4/24/20","11","12","17135","109.09"
"Morgan","0","15","Illinois","4/24/20","12","3","17137","25"
"Moultrie","0","4","Illinois","4/24/20","2","2","17139","100"
"Ogle","5","75","Illinois","4/24/20","40","35","17141","87.5"
"Peoria","3","56","Illinois","4/24/20","34","22","17143","64.71"
"Perry","0","3","Illinois","4/24/20","1","2","17145","200"
"Piatt","0","7","Illinois","4/24/20","7","0","17147","0"
"Pike","0","1","Illinois","4/24/20","1","0","17149","0"
"Pulaski","1","15","Illinois","4/24/20","5","10","17153","200"
"Randolph","4","79","Illinois","4/24/20","48","31","17157","64.58"
"Richland","0","3","Illinois","4/24/20","2","1","17159","50"
"Rock Island","15","270","Illinois","4/24/20","167","103","17161","61.68"
"Saline","0","3","Illinois","4/24/20","3","0","17165","0"
"Sangamon","3","81","Illinois","4/24/20","58","23","17167","39.66"
"Schuyler","0","1","Illinois","4/24/20","1","0","17169","0"
"Shelby","1","10","Illinois","4/24/20","4","6","17173","150"
"St. Clair","14","350","Illinois","4/24/20","254","96","17163","37.8"
"Stark","0","1","Illinois","4/24/20","1","0","17175","0"
"Stephenson","0","13","Illinois","4/24/20","10","3","17177","30"
"Tazewell","2","34","Illinois","4/24/20","21","13","17179","61.9"
"Union","0","7","Illinois","4/24/20","4","3","17181","75"
"Vermilion","0","11","Illinois","4/24/20","8","3","17183","37.5"
"Wabash","0","1","Illinois","4/24/20","1","0","17185","0"
"Warren","5","37","Illinois","4/24/20","2","35","17187","1750"
"Washington","0","7","Illinois","4/24/20","5","2","17189","40"
"Wayne","0","2","Illinois","4/24/20","0","2","17191","1"
"White","0","1","Illinois","4/24/20","0","1","17193","1"
"Whiteside","3","53","Illinois","4/24/20","31","22","17195","70.97"
"Will","63","2009","Illinois","4/24/20","1566","443","17197","28.29"
"Williamson","1","22","Illinois","4/24/20","13","9","17199","69.23"
"Winnebago","19","279","Illinois","4/24/20","145","134","17201","92.41"
"Woodford","0","11","Illinois","4/24/20","11","0","17203","0"
"Adams","0","7","Indiana","4/24/20","6","1","18001","16.67"
"Allen","18","400","Indiana","4/24/20","271","129","18003","47.6"
"Bartholomew","6","175","Indiana","4/24/20","130","45","18005","34.62"
"Benton","0","5","Indiana","4/24/20","4","1","18007","25"
"Blackford","0","7","Indiana","4/24/20","6","1","18009","16.67"
"Boone","5","177","Indiana","4/24/20","145","32","18011","22.07"
"Brown","0","15","Indiana","4/24/20","14","1","18013","7.14"
"Carroll","0","8","Indiana","4/24/20","6","2","18015","33.33"
"Cass","29","255","Indiana","4/24/20","50","205","18017","410"
"Clark","8","207","Indiana","4/24/20","151","56","18019","37.09"
"Clay","1","19","Indiana","4/24/20","14","5","18021","35.71"
"Clinton","1","26","Indiana","4/24/20","16","10","18023","62.5"
"Crawford","1","16","Indiana","4/24/20","12","4","18025","33.33"
"Daviess","2","42","Indiana","4/24/20","27","15","18027","55.56"
"Dearborn","2","77","Indiana","4/24/20","63","14","18029","22.22"
"Decatur","4","191","Indiana","4/24/20","165","26","18031","15.76"
"DeKalb","0","14","Indiana","4/24/20","11","3","18033","27.27"
"Delaware","6","132","Indiana","4/24/20","91","41","18035","45.05"
"Dubois","0","17","Indiana","4/24/20","14","3","18037","21.43"
"Elkhart","12","211","Indiana","4/24/20","130","81","18039","62.31"
"Fayette","0","23","Indiana","4/24/20","21","2","18041","9.52"
"Floyd","5","162","Indiana","4/24/20","130","32","18043","24.62"
"Fountain","1","9","Indiana","4/24/20","4","5","18045","125"
"Franklin","1","92","Indiana","4/24/20","87","5","18047","5.75"
"Fulton","0","7","Indiana","4/24/20","4","3","18049","75"
"Gibson","0","6","Indiana","4/24/20","4","2","18051","50"
"Grant","9","112","Indiana","4/24/20","47","65","18053","138.3"
"Greene","1","45","Indiana","4/24/20","37","8","18055","21.62"
"Hamilton","18","670","Indiana","4/24/20","542","128","18057","23.62"
"Hancock","6","171","Indiana","4/24/20","132","39","18059","29.55"
"Harrison","7","111","Indiana","4/24/20","65","46","18061","70.77"
"Hendricks","25","582","Indiana","4/24/20","407","175","18063","43"
"Henry","1","31","Indiana","4/24/20","26","5","18065","19.23"
"Howard","3","81","Indiana","4/24/20","61","20","18067","32.79"
"Huntington","0","6","Indiana","4/24/20","6","0","18069","0"
"Jackson","3","101","Indiana","4/24/20","77","24","18071","31.17"
"Jasper","2","34","Indiana","4/24/20","22","12","18073","54.55"
"Jay","0","10","Indiana","4/24/20","8","2","18075","25"
"Jefferson","1","22","Indiana","4/24/20","18","4","18077","22.22"
"Jennings","1","68","Indiana","4/24/20","63","5","18079","7.94"
"Johnson","20","511","Indiana","4/24/20","371","140","18081","37.74"
"Knox","0","19","Indiana","4/24/20","16","3","18083","18.75"
"Kosciusko","0","25","Indiana","4/24/20","22","3","18085","13.64"
"LaGrange","0","19","Indiana","4/24/20","16","3","18087","18.75"
"Lake","60","1445","Indiana","4/24/20","1026","419","18089","40.84"
"LaPorte","3","149","Indiana","4/24/20","129","20","18091","15.5"
"Lawrence","2","87","Indiana","4/24/20","76","11","18093","14.47"
"Madison","11","379","Indiana","4/24/20","305","74","18095","24.26"
"Marion","146","4537","Indiana","4/24/20","3518","1019","18097","28.97"
"Marshall","0","25","Indiana","4/24/20","22","3","18099","13.64"
"Martin","0","7","Indiana","4/24/20","5","2","18101","40"
"Miami","2","38","Indiana","4/24/20","21","17","18103","80.95"
"Monroe","1","118","Indiana","4/24/20","108","10","18105","9.26"
"Montgomery","1","29","Indiana","4/24/20","25","4","18107","16"
"Morgan","2","128","Indiana","4/24/20","111","17","18109","15.32"
"Newton","2","40","Indiana","4/24/20","29","11","18111","37.93"
"Noble","3","51","Indiana","4/24/20","29","22","18113","75.86"
"Ohio","0","3","Indiana","4/24/20","1","2","18115","200"
"Orange","5","56","Indiana","4/24/20","24","32","18117","133.33"
"Owen","0","22","Indiana","4/24/20","21","1","18119","4.76"
"Parke","0","11","Indiana","4/24/20","8","3","18121","37.5"
"Perry","0","6","Indiana","4/24/20","4","2","18123","50"
"Pike","0","1","Indiana","4/24/20","1","0","18125","0"
"Porter","7","204","Indiana","4/24/20","155","49","18127","31.61"
"Posey","0","8","Indiana","4/24/20","6","2","18129","33.33"
"Pulaski","1","7","Indiana","4/24/20","1","6","18131","600"
"Putnam","1","56","Indiana","4/24/20","47","9","18133","19.15"
"Randolph","0","13","Indiana","4/24/20","10","3","18135","30"
"Ripley","1","87","Indiana","4/24/20","77","10","18137","12.99"
"Rush","1","26","Indiana","4/24/20","20","6","18139","30"
"Scott","2","33","Indiana","4/24/20","20","13","18143","65"
"Shelby","8","154","Indiana","4/24/20","97","57","18145","58.76"
"Spencer","0","5","Indiana","4/24/20","4","1","18147","25"
"St. Joseph","22","515","Indiana","4/24/20","358","157","18141","43.85"
"Starke","0","13","Indiana","4/24/20","10","3","18149","30"
"Steuben","1","20","Indiana","4/24/20","16","4","18151","25"
"Sullivan","1","12","Indiana","4/24/20","7","5","18153","71.43"
"Switzerland","0","14","Indiana","4/24/20","12","2","18155","16.67"
"Tippecanoe","2","64","Indiana","4/24/20","53","11","18157","20.75"
"Tipton","1","17","Indiana","4/24/20","10","7","18159","70"
"Union","0","7","Indiana","4/24/20","6","1","18161","16.67"
"Vanderburgh","4","104","Indiana","4/24/20","76","28","18163","36.84"
"Vermillion","0","7","Indiana","4/24/20","5","2","18165","40"
"Vigo","2","62","Indiana","4/24/20","48","14","18167","29.17"
"Wabash","0","12","Indiana","4/24/20","9","3","18169","33.33"
"Warren","1","11","Indiana","4/24/20","5","6","18171","120"
"Warrick","4","78","Indiana","4/24/20","53","25","18173","47.17"
"Washington","1","36","Indiana","4/24/20","27","9","18175","33.33"
"Wayne","1","31","Indiana","4/24/20","22","9","18177","40.91"
"Wells","0","5","Indiana","4/24/20","5","0","18179","0"
"White","1","14","Indiana","4/24/20","6","8","18181","133.33"
"Whitley","0","16","Indiana","4/24/20","14","2","18183","14.29"
"Adair","0","1","Iowa","4/24/20","1","0","19001","0"
"Allamakee","3","50","Iowa","4/24/20","27","23","19005","85.19"
"Appanoose","0","2","Iowa","4/24/20","2","0","19007","0"
"Audubon","0","1","Iowa","4/24/20","1","0","19009","0"
"Benton","1","25","Iowa","4/24/20","21","4","19011","19.05"
"Black Hawk","56","530","Iowa","4/24/20","138","392","19013","284.06"
"Boone","0","6","Iowa","4/24/20","4","2","19015","50"
"Bremer","2","35","Iowa","4/24/20","23","12","19017","52.17"
"Buchanan","1","13","Iowa","4/24/20","8","5","19019","62.5"
"Buena Vista","0","3","Iowa","4/24/20","2","1","19021","50"
"Butler","0","2","Iowa","4/24/20","1","1","19023","100"
"Carroll","0","1","Iowa","4/24/20","1","0","19027","0"
"Cass","0","1","Iowa","4/24/20","1","0","19029","0"
"Cedar","1","28","Iowa","4/24/20","23","5","19031","21.74"
"Cerro Gordo","0","14","Iowa","4/24/20","14","0","19033","0"
"Cherokee","0","2","Iowa","4/24/20","0","2","19035","1"
"Chickasaw","0","3","Iowa","4/24/20","2","1","19037","50"
"Clarke","0","2","Iowa","4/24/20","2","0","19039","0"
"Clay","0","3","Iowa","4/24/20","2","1","19041","50"
"Clayton","0","9","Iowa","4/24/20","7","2","19043","28.57"
"Clinton","1","47","Iowa","4/24/20","39","8","19045","20.51"
"Crawford","0","8","Iowa","4/24/20","6","2","19047","33.33"
"Dallas","8","99","Iowa","4/24/20","44","55","19049","125"
"Delaware","0","3","Iowa","4/24/20","2","1","19055","50"
"Des Moines","1","14","Iowa","4/24/20","8","6","19057","75"
"Dickinson","0","4","Iowa","4/24/20","1","3","19059","300"
"Dubuque","3","62","Iowa","4/24/20","40","22","19061","55"
"Fayette","1","10","Iowa","4/24/20","6","4","19065","66.67"
"Franklin","0","1","Iowa","4/24/20","1","0","19069","0"
"Greene","0","1","Iowa","4/24/20","1","0","19073","0"
"Grundy","1","7","Iowa","4/24/20","2","5","19075","250"
"Guthrie","0","5","Iowa","4/24/20","3","2","19077","66.67"
"Hamilton","1","7","Iowa","4/24/20","2","5","19079","250"
"Hancock","0","3","Iowa","4/24/20","3","0","19081","0"
"Hardin","0","4","Iowa","4/24/20","1","3","19083","300"
"Harrison","0","15","Iowa","4/24/20","12","3","19085","25"
"Henry","1","31","Iowa","4/24/20","26","5","19087","19.23"
"Howard","0","4","Iowa","4/24/20","2","2","19089","100"
"Humboldt","1","4","Iowa","4/24/20","0","4","19091","1"
"Iowa","1","14","Iowa","4/24/20","8","6","19095","75"
"Jackson","0","5","Iowa","4/24/20","4","1","19097","25"
"Jasper","6","73","Iowa","4/24/20","28","45","19099","160.71"
"Jefferson","0","6","Iowa","4/24/20","4","2","19101","50"
"Johnson","23","410","Iowa","4/24/20","246","164","19103","66.67"
"Jones","1","18","Iowa","4/24/20","13","5","19105","38.46"
"Keokuk","0","3","Iowa","4/24/20","2","1","19107","50"
"Kossuth","0","1","Iowa","4/24/20","1","0","19109","0"
"Lee","0","4","Iowa","4/24/20","3","1","19111","33.33"
"Linn","29","509","Iowa","4/24/20","304","205","19113","67.43"
"Louisa","13","259","Iowa","4/24/20","169","90","19115","53.25"
"Lyon","0","5","Iowa","4/24/20","5","0","19119","0"
"Madison","0","3","Iowa","4/24/20","3","0","19121","0"
"Mahaska","0","8","Iowa","4/24/20","7","1","19123","14.29"
"Marion","0","6","Iowa","4/24/20","3","3","19125","100"
"Marshall","28","271","Iowa","4/24/20","75","196","19127","261.33"
"Mills","0","2","Iowa","4/24/20","2","0","19129","0"
"Mitchell","0","2","Iowa","4/24/20","2","0","19131","0"
"Monona","0","7","Iowa","4/24/20","6","1","19133","16.67"
"Montgomery","0","1","Iowa","4/24/20","1","0","19137","0"
"Muscatine","15","270","Iowa","4/24/20","163","107","19139","65.64"
"O'Brien","0","5","Iowa","4/24/20","3","2","19141","66.67"
"Osceola","1","6","Iowa","4/24/20","2","4","19143","200"
"Page","0","5","Iowa","4/24/20","3","2","19145","66.67"
"Plymouth","0","8","Iowa","4/24/20","6","2","19149","33.33"
"Polk","43","575","Iowa","4/24/20","277","298","19153","107.58"
"Pottawattamie","0","20","Iowa","4/24/20","18","2","19155","11.11"
"Poweshiek","5","39","Iowa","4/24/20","7","32","19157","457.14"
"Scott","6","196","Iowa","4/24/20","155","41","19163","26.45"
"Shelby","0","9","Iowa","4/24/20","9","0","19165","0"
"Sioux","0","7","Iowa","4/24/20","7","0","19167","0"
"Story","1","22","Iowa","4/24/20","17","5","19169","29.41"
"Tama","16","236","Iowa","4/24/20","121","115","19171","95.04"
"Taylor","0","1","Iowa","4/24/20","1","0","19173","0"
"Union","0","1","Iowa","4/24/20","1","0","19175","0"
"Van Buren","0","8","Iowa","4/24/20","8","0","19177","0"
"Wapello","0","7","Iowa","4/24/20","6","1","19179","16.67"
"Warren","0","19","Iowa","4/24/20","17","2","19181","11.76"
"Washington","3","131","Iowa","4/24/20","109","22","19183","20.18"
"Webster","0","4","Iowa","4/24/20","2","2","19187","100"
"Winnebago","0","2","Iowa","4/24/20","2","0","19189","0"
"Winneshiek","1","11","Iowa","4/24/20","5","6","19191","120"
"Woodbury","23","189","Iowa","4/24/20","25","164","19193","656"
"Worth","0","1","Iowa","4/24/20","1","0","19195","0"
"Wright","0","2","Iowa","4/24/20","1","1","19197","100"
"Atchison","1","8","Kansas","4/24/20","4","4","20005","100"
"Barber","0","1","Kansas","4/24/20","1","0","20007","0"
"Barton","0","9","Kansas","4/24/20","6","3","20009","50"
"Bourbon","0","6","Kansas","4/24/20","7","-1","20011","-14.29"
"Butler","0","13","Kansas","4/24/20","11","2","20015","18.18"
"Chase","0","1","Kansas","4/24/20","1","0","20017","0"
"Chautauqua","0","3","Kansas","4/24/20","3","0","20019","0"
"Cherokee","0","7","Kansas","4/24/20","7","0","20021","0"
"Clark","0","1","Kansas","4/24/20","0","1","20025","1"
"Clay","0","4","Kansas","4/24/20","2","2","20027","100"
"Cloud","0","3","Kansas","4/24/20","3","0","20029","0"
"Coffey","0","48","Kansas","4/24/20","45","3","20031","6.67"
"Cowley","0","2","Kansas","4/24/20","1","1","20035","100"
"Crawford","0","6","Kansas","4/24/20","6","0","20037","0"
"Dickinson","0","1","Kansas","4/24/20","1","0","20041","0"
"Doniphan","0","3","Kansas","4/24/20","1","2","20043","200"
"Douglas","1","46","Kansas","4/24/20","42","4","20045","9.52"
"Edwards","0","1","Kansas","4/24/20","0","1","20047","1"
"Ellis","1","8","Kansas","4/24/20","4","4","20051","100"
"Finney","19","162","Kansas","4/24/20","27","135","20055","500"
"Ford","38","350","Kansas","4/24/20","84","266","20057","316.67"
"Franklin","0","12","Kansas","4/24/20","12","0","20059","0"
"Geary","0","9","Kansas","4/24/20","9","0","20061","0"
"Gove","0","1","Kansas","4/24/20","1","0","20063","0"
"Grant","0","1","Kansas","4/24/20","0","1","20067","1"
"Gray","0","2","Kansas","4/24/20","0","2","20069","1"
"Greenwood","0","3","Kansas","4/24/20","2","1","20073","50"
"Hamilton","0","1","Kansas","4/24/20","1","0","20075","0"
"Harvey","0","5","Kansas","4/24/20","5","0","20079","0"
"Haskell","1","6","Kansas","4/24/20","0","6","20081","1"
"Jackson","0","1","Kansas","4/24/20","1","0","20085","0"
"Jefferson","0","8","Kansas","4/24/20","6","2","20087","33.33"
"Jewell","0","4","Kansas","4/24/20","3","1","20089","33.33"
"Johnson","8","417","Kansas","4/24/20","358","59","20091","16.48"
"Kearny","1","10","Kansas","4/24/20","0","10","20093","1"
"Kiowa","0","1","Kansas","4/24/20","0","1","20097","1"
"Labette","0","21","Kansas","4/24/20","20","1","20099","5"
"Leavenworth","6","154","Kansas","4/24/20","115","39","20103","33.91"
"Linn","0","6","Kansas","4/24/20","6","0","20107","0"
"Lyon","18","174","Kansas","4/24/20","47","127","20111","270.21"
"Marion","0","5","Kansas","4/24/20","5","0","20115","0"
"McPherson","1","20","Kansas","4/24/20","15","5","20113","33.33"
"Meade","0","1","Kansas","4/24/20","0","1","20119","1"
"Miami","0","4","Kansas","4/24/20","4","0","20121","0"
"Mitchell","0","2","Kansas","4/24/20","2","0","20123","0"
"Montgomery","0","13","Kansas","4/24/20","12","1","20125","8.33"
"Morris","0","3","Kansas","4/24/20","2","1","20127","50"
"Morton","0","2","Kansas","4/24/20","2","0","20129","0"
"Neosho","0","2","Kansas","4/24/20","2","0","20133","0"
"Osage","0","5","Kansas","4/24/20","4","1","20139","25"
"Osborne","0","2","Kansas","4/24/20","2","0","20141","0"
"Ottawa","0","3","Kansas","4/24/20","3","0","20143","0"
"Phillips","0","1","Kansas","4/24/20","1","0","20147","0"
"Pottawatomie","0","8","Kansas","4/24/20","5","3","20149","60"
"Pratt","0","1","Kansas","4/24/20","1","0","20151","0"
"Reno","1","24","Kansas","4/24/20","14","10","20155","71.43"
"Republic","0","4","Kansas","4/24/20","4","0","20157","0"
"Rice","0","3","Kansas","4/24/20","0","3","20159","1"
"Riley","2","40","Kansas","4/24/20","27","13","20161","48.15"
"Rooks","0","4","Kansas","4/24/20","3","1","20163","33.33"
"Saline","0","18","Kansas","4/24/20","15","3","20169","20"
"Scott","0","1","Kansas","4/24/20","1","0","20171","0"
"Sedgwick","13","323","Kansas","4/24/20","231","92","20173","39.83"
"Seward","38","291","Kansas","4/24/20","24","267","20175","1112.5"
"Shawnee","1","100","Kansas","4/24/20","90","10","20177","11.11"
"Sheridan","0","2","Kansas","4/24/20","0","2","20179","1"
"Sherman","0","3","Kansas","4/24/20","1","2","20181","200"
"Smith","0","2","Kansas","4/24/20","2","0","20183","0"
"Stafford","0","1","Kansas","4/24/20","1","0","20185","0"
"Stanton","0","4","Kansas","4/24/20","3","1","20187","33.33"
"Stevens","0","6","Kansas","4/24/20","3","3","20189","100"
"Sumner","0","3","Kansas","4/24/20","3","0","20191","0"
"Wabaunsee","1","6","Kansas","4/24/20","1","5","20197","500"
"Wilson","0","1","Kansas","4/24/20","1","0","20205","0"
"Woodson","0","5","Kansas","4/24/20","4","1","20207","25"
"Wyandotte","18","527","Kansas","4/24/20","400","127","20209","31.75"
"Adair","5","80","Kentucky","4/24/20","45","35","21001","77.78"
"Allen","0","6","Kentucky","4/24/20","4","2","21003","50"
"Anderson","0","7","Kentucky","4/24/20","5","2","21005","40"
"Ballard","0","5","Kentucky","4/24/20","3","2","21007","66.67"
"Barren","0","9","Kentucky","4/24/20","6","3","21009","50"
"Bath","0","3","Kentucky","4/24/20","3","0","21011","0"
"Boone","4","98","Kentucky","4/24/20","73","25","21015","34.25"
"Bourbon","0","7","Kentucky","4/24/20","5","2","21017","40"
"Boyd","0","31","Kentucky","4/24/20","29","2","21019","6.9"
"Boyle","1","17","Kentucky","4/24/20","13","4","21021","30.77"
"Bracken","0","7","Kentucky","4/24/20","7","0","21023","0"
"Breathitt","0","2","Kentucky","4/24/20","1","1","21025","100"
"Breckinridge","0","7","Kentucky","4/24/20","5","2","21027","40"
"Bullitt","1","40","Kentucky","4/24/20","31","9","21029","29.03"
"Butler","7","98","Kentucky","4/24/20","51","47","21031","92.16"
"Caldwell","0","13","Kentucky","4/24/20","11","2","21033","18.18"
"Calloway","1","26","Kentucky","4/24/20","22","4","21035","18.18"
"Campbell","2","70","Kentucky","4/24/20","55","15","21037","27.27"
"Carlisle","0","1","Kentucky","4/24/20","0","1","21039","1"
"Carroll","0","2","Kentucky","4/24/20","2","0","21041","0"
"Carter","0","4","Kentucky","4/24/20","4","0","21043","0"
"Casey","0","1","Kentucky","4/24/20","1","0","21045","0"
"Christian","1","85","Kentucky","4/24/20","78","7","21047","8.97"
"Clark","0","19","Kentucky","4/24/20","18","1","21049","5.56"
"Clay","0","1","Kentucky","4/24/20","0","1","21051","1"
"Clinton","0","2","Kentucky","4/24/20","2","0","21053","0"
"Crittenden","0","3","Kentucky","4/24/20","3","0","21055","0"
"Cumberland","0","4","Kentucky","4/24/20","2","2","21057","100"
"Daviess","6","145","Kentucky","4/24/20","105","40","21059","38.1"
"Edmonson","1","11","Kentucky","4/24/20","7","4","21061","57.14"
"Fayette","2","226","Kentucky","4/24/20","210","16","21067","7.62"
"Fleming","0","2","Kentucky","4/24/20","2","0","21069","0"
"Floyd","0","6","Kentucky","4/24/20","4","2","21071","50"
"Franklin","0","15","Kentucky","4/24/20","12","3","21073","25"
"Fulton","0","1","Kentucky","4/24/20","0","1","21075","1"
"Gallatin","0","1","Kentucky","4/24/20","1","0","21077","0"
"Garrard","0","1","Kentucky","4/24/20","3","-2","21079","-66.67"
"Grant","0","18","Kentucky","4/24/20","16","2","21081","12.5"
"Graves","9","89","Kentucky","4/24/20","28","61","21083","217.86"
"Grayson","4","37","Kentucky","4/24/20","8","29","21085","362.5"
"Green","0","1","Kentucky","4/24/20","1","0","21087","0"
"Greenup","0","10","Kentucky","4/24/20","10","0","21089","0"
"Hancock","0","6","Kentucky","4/24/20","5","1","21091","20"
"Hardin","0","32","Kentucky","4/24/20","29","3","21093","10.34"
"Harrison","0","18","Kentucky","4/24/20","16","2","21097","12.5"
"Hart","0","2","Kentucky","4/24/20","1","1","21099","100"
"Henderson","3","44","Kentucky","4/24/20","25","19","21101","76"
"Henry","0","3","Kentucky","4/24/20","3","0","21103","0"
"Hickman","0","2","Kentucky","4/24/20","0","2","21105","1"
"Hopkins","9","170","Kentucky","4/24/20","104","66","21107","63.46"
"Jackson","2","58","Kentucky","4/24/20","43","15","21109","34.88"
"Jefferson","75","1121","Kentucky","4/24/20","599","522","21111","87.15"
"Jessamine","0","31","Kentucky","4/24/20","31","0","21113","0"
"Johnson","0","1","Kentucky","4/24/20","1","0","21115","0"
"Kenton","15","223","Kentucky","4/24/20","121","102","21117","84.3"
"Knott","0","3","Kentucky","4/24/20","2","1","21119","50"
"Knox","0","5","Kentucky","4/24/20","4","1","21121","25"
"Larue","0","5","Kentucky","4/24/20","5","0","21123","0"
"Laurel","0","13","Kentucky","4/24/20","13","0","21125","0"
"Lawrence","0","1","Kentucky","4/24/20","1","0","21127","0"
"Leslie","0","2","Kentucky","4/24/20","2","0","21131","0"
"Letcher","0","1","Kentucky","4/24/20","1","0","21133","0"
"Lewis","0","3","Kentucky","4/24/20","2","1","21135","50"
"Lincoln","0","4","Kentucky","4/24/20","4","0","21137","0"
"Livingston","0","1","Kentucky","4/24/20","1","0","21139","0"
"Logan","0","8","Kentucky","4/24/20","8","0","21141","0"
"Lyon","0","14","Kentucky","4/24/20","13","1","21143","7.69"
"Madison","1","26","Kentucky","4/24/20","21","5","21151","23.81"
"Marion","0","13","Kentucky","4/24/20","13","0","21155","0"
"Marshall","2","23","Kentucky","4/24/20","12","11","21157","91.67"
"Martin","0","3","Kentucky","4/24/20","2","1","21159","50"
"Mason","0","6","Kentucky","4/24/20","6","0","21161","0"
"McCracken","1","31","Kentucky","4/24/20","27","4","21145","14.81"
"McCreary","0","11","Kentucky","4/24/20","9","2","21147","22.22"
"McLean","0","10","Kentucky","4/24/20","7","3","21149","42.86"
"Meade","0","4","Kentucky","4/24/20","2","2","21163","100"
"Menifee","0","3","Kentucky","4/24/20","3","0","21165","0"
"Mercer","0","11","Kentucky","4/24/20","9","2","21167","22.22"
"Monroe","0","3","Kentucky","4/24/20","3","0","21171","0"
"Montgomery","0","10","Kentucky","4/24/20","9","1","21173","11.11"
"Morgan","0","1","Kentucky","4/24/20","1","0","21175","0"
"Muhlenberg","5","91","Kentucky","4/24/20","54","37","21177","68.52"
"Nelson","1","17","Kentucky","4/24/20","13","4","21179","30.77"
"Nicholas","0","1","Kentucky","4/24/20","1","0","21181","0"
"Ohio","4","34","Kentucky","4/24/20","9","25","21183","277.78"
"Oldham","0","24","Kentucky","4/24/20","23","1","21185","4.35"
"Owsley","0","3","Kentucky","4/24/20","2","1","21189","50"
"Pendleton","0","5","Kentucky","4/24/20","5","0","21191","0"
"Perry","0","3","Kentucky","4/24/20","4","-1","21193","-25"
"Pike","0","8","Kentucky","4/24/20","6","2","21195","33.33"
"Powell","0","1","Kentucky","4/24/20","1","0","21197","0"
"Pulaski","1","39","Kentucky","4/24/20","34","5","21199","14.71"
"Rockcastle","0","11","Kentucky","4/24/20","11","0","21203","0"
"Rowan","0","2","Kentucky","4/24/20","2","0","21205","0"
"Russell","1","16","Kentucky","4/24/20","11","5","21207","45.45"
"Scott","0","23","Kentucky","4/24/20","22","1","21209","4.55"
"Shelby","1","26","Kentucky","4/24/20","22","4","21211","18.18"
"Simpson","0","22","Kentucky","4/24/20","20","2","21213","10"
"Spencer","0","9","Kentucky","4/24/20","8","1","21215","12.5"
"Taylor","0","5","Kentucky","4/24/20","4","1","21217","25"
"Todd","0","10","Kentucky","4/24/20","9","1","21219","11.11"
"Trigg","0","4","Kentucky","4/24/20","4","0","21221","0"
"Trimble","0","2","Kentucky","4/24/20","2","0","21223","0"
"Union","0","8","Kentucky","4/24/20","6","2","21225","33.33"
"Warren","13","165","Kentucky","4/24/20","71","94","21227","132.39"
"Washington","0","4","Kentucky","4/24/20","3","1","21229","33.33"
"Wayne","0","6","Kentucky","4/24/20","6","0","21231","0"
"Webster","1","16","Kentucky","4/24/20","12","4","21233","33.33"
"Whitley","0","10","Kentucky","4/24/20","8","2","21235","25"
"Woodford","0","19","Kentucky","4/24/20","18","1","21239","5.56"
"Acadia","3","129","Louisiana","4/24/20","110","19","22001","17.27"
"Allen","0","81","Louisiana","4/24/20","79","2","22003","2.53"
"Ascension","12","551","Louisiana","4/24/20","468","83","22005","17.74"
"Assumption","4","166","Louisiana","4/24/20","137","29","22007","21.17"
"Avoyelles","0","69","Louisiana","4/24/20","68","1","22009","1.47"
"Beauregard","0","35","Louisiana","4/24/20","35","0","22011","0"
"Bienville","2","69","Louisiana","4/24/20","58","11","22013","18.97"
"Bossier","4","258","Louisiana","4/24/20","230","28","22015","12.17"
"Caddo","27","1407","Louisiana","4/24/20","1220","187","22017","15.33"
"Calcasieu","7","356","Louisiana","4/24/20","309","47","22019","15.21"
"Caldwell","0","17","Louisiana","4/24/20","19","-2","22021","-10.53"
"Cameron","0","3","Louisiana","4/24/20","2","1","22023","50"
"Catahoula","0","25","Louisiana","4/24/20","23","2","22025","8.7"
"Claiborne","1","52","Louisiana","4/24/20","48","4","22027","8.33"
"Concordia","1","28","Louisiana","4/24/20","23","5","22029","21.74"
"De Soto","5","180","Louisiana","4/24/20","145","35","22031","24.14"
"East Baton Rouge","39","1697","Louisiana","4/24/20","1424","273","22033","19.17"
"East Carroll","1","6","Louisiana","4/24/20","1","5","22035","500"
"East Feliciana","2","105","Louisiana","4/24/20","90","15","22037","16.67"
"Evangeline","0","44","Louisiana","4/24/20","42","2","22039","4.76"
"Franklin","6","108","Louisiana","4/24/20","67","41","22041","61.19"
"Grant","0","11","Louisiana","4/24/20","12","-1","22043","-8.33"
"Iberia","8","231","Louisiana","4/24/20","175","56","22045","32"
"Iberville","10","339","Louisiana","4/24/20","267","72","22047","26.97"
"Jackson","1","22","Louisiana","4/24/20","14","8","22049","57.14"
"Jefferson","73","5985","Louisiana","4/24/20","5476","509","22051","9.3"
"Jefferson Davis","1","57","Louisiana","4/24/20","52","5","22053","9.62"
"Lafayette","6","440","Louisiana","4/24/20","396","44","22055","11.11"
"Lafourche","9","607","Louisiana","4/24/20","542","65","22057","11.99"
"LaSalle","1","17","Louisiana","4/24/20","13","4","22059","30.77"
"Lincoln","2","64","Louisiana","4/24/20","47","17","22061","36.17"
"Livingston","4","172","Louisiana","4/24/20","142","30","22063","21.13"
"Madison","0","5","Louisiana","4/24/20","4","1","22065","25"
"Morehouse","2","46","Louisiana","4/24/20","34","12","22067","35.29"
"Natchitoches","2","65","Louisiana","4/24/20","50","15","22069","30"
"Orleans","54","6286","Louisiana","4/24/20","5906","380","22071","6.43"
"Ouachita","18","598","Louisiana","4/24/20","470","128","22073","27.23"
"Plaquemines","2","166","Louisiana","4/24/20","152","14","22075","9.21"
"Pointe Coupee","4","88","Louisiana","4/24/20","62","26","22077","41.94"
"Rapides","5","228","Louisiana","4/24/20","196","32","22079","16.33"
"Red River","1","22","Louisiana","4/24/20","18","4","22081","22.22"
"Richland","3","47","Louisiana","4/24/20","27","20","22083","74.07"
"Sabine","0","13","Louisiana","4/24/20","13","0","22085","0"
"St. Bernard","5","440","Louisiana","4/24/20","404","36","22087","8.91"
"St. Charles","9","536","Louisiana","4/24/20","471","65","22089","13.8"
"St. Helena","1","23","Louisiana","4/24/20","18","5","22091","27.78"
"St. James","3","237","Louisiana","4/24/20","216","21","22093","9.72"
"St. John the Baptist","16","736","Louisiana","4/24/20","623","113","22095","18.14"
"St. Landry","5","157","Louisiana","4/24/20","119","38","22097","31.93"
"St. Martin","5","218","Louisiana","4/24/20","184","34","22099","18.48"
"St. Mary","5","171","Louisiana","4/24/20","137","34","22101","24.82"
"St. Tammany","24","1131","Louisiana","4/24/20","961","170","22103","17.69"
"Tangipahoa","10","508","Louisiana","4/24/20","435","73","22105","16.78"
"Tensas","0","1","Louisiana","4/24/20","1","0","22107","0"
"Terrebonne","10","363","Louisiana","4/24/20","293","70","22109","23.89"
"Union","3","95","Louisiana","4/24/20","71","24","22111","33.8"
"Vermilion","1","33","Louisiana","4/24/20","28","5","22113","17.86"
"Vernon","0","15","Louisiana","4/24/20","14","1","22115","7.14"
"Washington","7","232","Louisiana","4/24/20","184","48","22117","26.09"
"Webster","1","80","Louisiana","4/24/20","74","6","22119","8.11"
"West Baton Rouge","1","93","Louisiana","4/24/20","83","10","22121","12.05"
"West Carroll","0","4","Louisiana","4/24/20","4","0","22123","0"
"West Feliciana","4","89","Louisiana","4/24/20","60","29","22125","48.33"
"Winn","1","20","Louisiana","4/24/20","16","4","22127","25"
"Androscoggin","1","38","Maine","4/24/20","32","6","23001","18.75"
"Aroostook","0","4","Maine","4/24/20","2","2","23003","100"
"Cumberland","9","426","Maine","4/24/20","360","66","23005","18.33"
"Franklin","2","26","Maine","4/24/20","10","16","23007","160"
"Hancock","0","8","Maine","4/24/20","6","2","23009","33.33"
"Kennebec","1","100","Maine","4/24/20","95","5","23011","5.26"
"Knox","0","13","Maine","4/24/20","12","1","23013","8.33"
"Lincoln","0","12","Maine","4/24/20","12","0","23015","0"
"Oxford","0","14","Maine","4/24/20","13","1","23017","7.69"
"Penobscot","1","50","Maine","4/24/20","40","10","23019","25"
"Piscataquis","0","1","Maine","4/24/20","0","1","23021","1"
"Sagadahoc","0","17","Maine","4/24/20","15","2","23023","13.33"
"Somerset","0","16","Maine","4/24/20","15","1","23025","6.67"
"Waldo","1","47","Maine","4/24/20","42","5","23027","11.9"
"Washington","0","2","Maine","4/24/20","2","0","23029","0"
"York","3","191","Maine","4/24/20","170","21","23031","12.35"
"Allegany","9","90","Maryland","4/24/20","26","64","24001","246.15"
"Anne Arundel","58","1373","Maryland","4/24/20","966","407","24003","42.13"
"Baltimore","95","2234","Maryland","4/24/20","1569","665","24005","42.38"
"Baltimore City","65","1728","Maryland","4/24/20","1273","455","24510","35.74"
"Calvert","2","125","Maryland","4/24/20","109","16","24009","14.68"
"Caroline","4","55","Maryland","4/24/20","28","27","24011","96.43"
"Carroll","12","372","Maryland","4/24/20","288","84","24013","29.17"
"Cecil","2","144","Maryland","4/24/20","127","17","24015","13.39"
"Charles","17","459","Maryland","4/24/20","337","122","24017","36.2"
"Dorchester","2","32","Maryland","4/24/20","20","12","24019","60"
"Frederick","34","765","Maryland","4/24/20","525","240","24021","45.71"
"Garrett","0","4","Maryland","4/24/20","4","0","24023","0"
"Harford","16","289","Maryland","4/24/20","176","113","24025","64.2"
"Howard","24","642","Maryland","4/24/20","475","167","24027","35.16"
"Kent","8","67","Maryland","4/24/20","14","53","24029","378.57"
"Montgomery","135","3227","Maryland","4/24/20","2280","947","24031","41.54"
"Prince George's","205","4403","Maryland","4/24/20","2966","1437","24033","48.45"
"Queen Anne's","3","43","Maryland","4/24/20","19","24","24035","126.32"
"Somerset","1","13","Maryland","4/24/20","9","4","24039","44.44"
"St. Mary's","3","119","Maryland","4/24/20","100","19","24037","19"
"Talbot","1","23","Maryland","4/24/20","14","9","24041","64.29"
"Washington","4","143","Maryland","4/24/20","116","27","24043","23.28"
"Wicomico","17","222","Maryland","4/24/20","103","119","24045","115.53"
"Worcester","2","44","Maryland","4/24/20","28","16","24047","57.14"
"Barnstable","25","760","Massachusetts","4/24/20","582","178","25001","30.58"
"Berkshire","6","432","Massachusetts","4/24/20","390","42","25003","10.77"
"Bristol","149","2739","Massachusetts","4/24/20","1693","1046","25005","61.78"
"Dukes and Nantucket","0","26","Massachusetts","4/24/20","23","3","00000","13.04"
"Essex","326","6952","Massachusetts","4/24/20","4668","2284","25009","48.93"
"Franklin","6","222","Massachusetts","4/24/20","178","44","25011","24.72"
"Hampden","133","3096","Massachusetts","4/24/20","2163","933","25013","43.13"
"Hampshire","20","409","Massachusetts","4/24/20","269","140","25015","52.04"
"Middlesex","568","11843","Massachusetts","4/24/20","7867","3976","25017","50.54"
"Norfolk","215","5084","Massachusetts","4/24/20","3580","1504","25021","42.01"
"Plymouth","227","4204","Massachusetts","4/24/20","2614","1590","25023","60.83"
"Suffolk","496","10847","Massachusetts","4/24/20","7378","3469","25025","47.02"
"Worcester","210","4285","Massachusetts","4/24/20","2812","1473","25027","52.38"
"Alcona","1","7","Michigan","4/24/20","2","5","26001","250"
"Allegan","5","79","Michigan","4/24/20","46","33","26005","71.74"
"Alpena","9","67","Michigan","4/24/20","4","63","26007","1575"
"Antrim","0","10","Michigan","4/24/20","9","1","26009","11.11"
"Arenac","1","19","Michigan","4/24/20","9","10","26011","111.11"
"Barry","2","36","Michigan","4/24/20","25","11","26015","44"
"Bay","7","126","Michigan","4/24/20","78","48","26017","61.54"
"Benzie","1","4","Michigan","4/24/20","0","4","26019","1"
"Berrien","10","312","Michigan","4/24/20","242","70","26021","28.93"
"Branch","2","51","Michigan","4/24/20","38","13","26023","34.21"
"Calhoun","10","213","Michigan","4/24/20","144","69","26025","47.92"
"Cass","0","34","Michigan","4/24/20","31","3","26027","9.68"
"Charlevoix","0","14","Michigan","4/24/20","11","3","26029","27.27"
"Cheboygan","1","20","Michigan","4/24/20","16","4","26031","25"
"Chippewa","0","3","Michigan","4/24/20","1","2","26033","200"
"Clare","0","10","Michigan","4/24/20","7","3","26035","42.86"
"Clinton","0","111","Michigan","4/24/20","108","3","26037","2.78"
"Crawford","4","50","Michigan","4/24/20","24","26","26039","108.33"
"Delta","0","13","Michigan","4/24/20","11","2","26041","18.18"
"Dickinson","0","3","Michigan","4/24/20","3","0","26043","0"
"Eaton","5","128","Michigan","4/24/20","93","35","26045","37.63"
"Emmet","0","25","Michigan","4/24/20","25","0","26047","0"
"Federal Correctional Institution (FCI)","3","68","Michigan","4/24/20","44","24","00000","54.55"
"Genesee","39","1505","Michigan","4/24/20","1231","274","26049","22.26"
"Gladwin","0","10","Michigan","4/24/20","8","2","26051","25"
"Gogebic","0","4","Michigan","4/24/20","4","0","26053","0"
"Grand Traverse","0","20","Michigan","4/24/20","18","2","26055","11.11"
"Gratiot","0","9","Michigan","4/24/20","8","1","26057","12.5"
"Hillsdale","3","111","Michigan","4/24/20","87","24","26059","27.59"
"Houghton","0","2","Michigan","4/24/20","2","0","26061","0"
"Huron","0","16","Michigan","4/24/20","14","2","26063","14.29"
"Ingham","14","409","Michigan","4/24/20","309","100","26065","32.36"
"Ionia","3","41","Michigan","4/24/20","22","19","26067","86.36"
"Iosco","4","38","Michigan","4/24/20","10","28","26069","280"
"Isabella","2","70","Michigan","4/24/20","59","11","26073","18.64"
"Jackson","13","331","Michigan","4/24/20","241","90","26075","37.34"
"Kalamazoo","21","293","Michigan","4/24/20","146","147","26077","100.68"
"Kalkaska","0","27","Michigan","4/24/20","25","2","26079","8"
"Kent","72","1001","Michigan","4/24/20","496","505","26081","101.81"
"Lake","0","3","Michigan","4/24/20","3","0","26085","0"
"Lapeer","3","172","Michigan","4/24/20","148","24","26087","16.22"
"Leelanau","0","8","Michigan","4/24/20","7","1","26089","14.29"
"Lenawee","4","100","Michigan","4/24/20","73","27","26091","36.99"
"Livingston","7","361","Michigan","4/24/20","313","48","26093","15.34"
"Luce","0","1","Michigan","4/24/20","1","0","26095","0"
"Mackinac","0","5","Michigan","4/24/20","5","0","26097","0"
"Macomb","128","5045","Michigan","4/24/20","4151","894","26099","21.54"
"Manistee","0","13","Michigan","4/24/20","12","1","26101","8.33"
"Marquette","1","39","Michigan","4/24/20","29","10","26103","34.48"
"Mason","0","8","Michigan","4/24/20","5","3","26105","60"
"Mecosta","1","17","Michigan","4/24/20","13","4","26107","30.77"
"Menominee","0","2","Michigan","4/24/20","1","1","26109","100"
"Michigan Department of Corrections (MDOC)","66","973","Michigan","4/24/20","514","459","00000","89.3"
"Midland","2","74","Michigan","4/24/20","59","15","26111","25.42"
"Missaukee","2","18","Michigan","4/24/20","3","15","26113","500"
"Monroe","7","274","Michigan","4/24/20","225","49","26115","21.78"
"Montcalm","1","29","Michigan","4/24/20","25","4","26117","16"
"Montmorency","0","6","Michigan","4/24/20","3","3","26119","100"
"Muskegon","11","204","Michigan","4/24/20","128","76","26121","59.38"
"Newaygo","1","15","Michigan","4/24/20","9","6","26123","66.67"
"Oakland","148","7378","Michigan","4/24/20","6343","1035","26125","16.32"
"Oceana","1","8","Michigan","4/24/20","4","4","26127","100"
"Ogemaw","0","9","Michigan","4/24/20","6","3","26129","50"
"Osceola","0","10","Michigan","4/24/20","8","2","26133","25"
"Oscoda","0","4","Michigan","4/24/20","4","0","26135","0"
"Otsego","7","101","Michigan","4/24/20","53","48","26137","90.57"
"Ottawa","11","199","Michigan","4/24/20","120","79","26139","65.83"
"Out of MI","-5","39","Michigan","4/24/20","71","-32","80026","-45.07"
"Presque Isle","1","9","Michigan","4/24/20","2","7","26141","350"
"Roscommon","1","14","Michigan","4/24/20","10","4","26143","40"
"Saginaw","24","539","Michigan","4/24/20","370","169","26145","45.68"
"Sanilac","1","35","Michigan","4/24/20","28","7","26151","25"
"Schoolcraft","0","3","Michigan","4/24/20","3","0","26153","0"
"Shiawassee","6","142","Michigan","4/24/20","97","45","26155","46.39"
"St. Clair","10","337","Michigan","4/24/20","269","68","26147","25.28"
"St. Joseph","1","27","Michigan","4/24/20","23","4","26149","17.39"
"Tuscola","3","80","Michigan","4/24/20","56","24","26157","42.86"
"Van Buren","1","47","Michigan","4/24/20","40","7","26159","17.5"
"Washtenaw","19","1080","Michigan","4/24/20","945","135","26161","14.29"
"Wayne","322","15593","Michigan","4/24/20","13340","2253","26163","16.89"
"Wexford","0","10","Michigan","4/24/20","9","1","26165","11.11"
"Aitkin","0","1","Minnesota","4/24/20","1","0","27001","0"
"Anoka","8","142","Minnesota","4/24/20","83","59","27003","71.08"
"Becker","0","2","Minnesota","4/24/20","1","1","27005","100"
"Beltrami","0","6","Minnesota","4/24/20","5","1","27007","20"
"Benton","0","4","Minnesota","4/24/20","4","0","27009","0"
"Big Stone","0","1","Minnesota","4/24/20","1","0","27011","0"
"Blue Earth","1","27","Minnesota","4/24/20","23","4","27013","17.39"
"Brown","0","8","Minnesota","4/24/20","7","1","27015","14.29"
"Carlton","2","46","Minnesota","4/24/20","32","14","27017","43.75"
"Carver","0","15","Minnesota","4/24/20","14","1","27019","7.14"
"Cass","0","5","Minnesota","4/24/20","4","1","27021","25"
"Chippewa","0","1","Minnesota","4/24/20","0","1","27023","1"
"Chisago","0","7","Minnesota","4/24/20","7","0","27025","0"
"Clay","8","100","Minnesota","4/24/20","44","56","27027","127.27"
"Clearwater","0","2","Minnesota","4/24/20","3","-1","27029","-33.33"
"Cottonwood","0","6","Minnesota","4/24/20","6","0","27033","0"
"Crow Wing","0","20","Minnesota","4/24/20","17","3","27035","17.65"
"Dakota","4","136","Minnesota","4/24/20","110","26","27037","23.64"
"Dodge","0","18","Minnesota","4/24/20","17","1","27039","5.88"
"Douglas","0","2","Minnesota","4/24/20","1","1","27041","100"
"Faribault","0","4","Minnesota","4/24/20","4","0","27043","0"
"Fillmore","0","12","Minnesota","4/24/20","10","2","27045","20"
"Freeborn","1","33","Minnesota","4/24/20","28","5","27047","17.86"
"Goodhue","0","19","Minnesota","4/24/20","18","1","27049","5.56"
"Hennepin","56","1200","Minnesota","4/24/20","806","394","27053","48.88"
"Houston","0","1","Minnesota","4/24/20","1","0","27055","0"
"Isanti","0","6","Minnesota","4/24/20","4","2","27059","50"
"Itasca","0","2","Minnesota","4/24/20","2","0","27061","0"
"Jackson","1","6","Minnesota","4/24/20","1","5","27063","500"
"Kandiyohi","1","12","Minnesota","4/24/20","2","10","27067","500"
"Kittson","0","1","Minnesota","4/24/20","0","1","27069","1"
"Koochiching","0","1","Minnesota","4/24/20","1","0","27071","0"
"Lac qui Parle","0","1","Minnesota","4/24/20","1","0","27073","0"
"Le Sueur","0","22","Minnesota","4/24/20","22","0","27079","0"
"Lincoln","0","2","Minnesota","4/24/20","2","0","27081","0"
"Lyon","0","6","Minnesota","4/24/20","6","0","27083","0"
"Mahnomen","0","1","Minnesota","4/24/20","1","0","27087","0"
"Marshall","0","1","Minnesota","4/24/20","0","1","27089","1"
"Martin","0","41","Minnesota","4/24/20","39","2","27091","5.13"
"McLeod","0","3","Minnesota","4/24/20","2","1","27085","50"
"Meeker","0","3","Minnesota","4/24/20","3","0","27093","0"
"Mille Lacs","0","1","Minnesota","4/24/20","1","0","27095","0"
"Morrison","0","1","Minnesota","4/24/20","0","1","27097","1"
"Mower","0","28","Minnesota","4/24/20","25","3","27099","12"
"Murray","0","5","Minnesota","4/24/20","2","3","27101","150"
"Nicollet","0","8","Minnesota","4/24/20","7","1","27103","14.29"
"Nobles","35","258","Minnesota","4/24/20","12","246","27105","2050"
"Norman","1","7","Minnesota","4/24/20","2","5","27107","250"
"Olmsted","6","219","Minnesota","4/24/20","174","45","27109","25.86"
"Otter Tail","0","6","Minnesota","4/24/20","4","2","27111","50"
"Pennington","0","1","Minnesota","4/24/20","0","1","27113","1"
"Pine","5","43","Minnesota","4/24/20","9","34","27115","377.78"
"Pipestone","0","2","Minnesota","4/24/20","1","1","27117","100"
"Polk","2","19","Minnesota","4/24/20","2","17","27119","850"
"Ramsey","10","247","Minnesota","4/24/20","178","69","27123","38.76"
"Red Lake","0","1","Minnesota","4/24/20","1","0","27125","0"
"Redwood","0","1","Minnesota","4/24/20","1","0","27127","0"
"Renville","0","3","Minnesota","4/24/20","3","0","27129","0"
"Rice","0","9","Minnesota","4/24/20","6","3","27131","50"
"Rock","0","5","Minnesota","4/24/20","3","2","27133","66.67"
"Roseau","0","1","Minnesota","4/24/20","1","0","27135","0"
"Scott","1","30","Minnesota","4/24/20","23","7","27139","30.43"
"Sherburne","0","15","Minnesota","4/24/20","12","3","27141","25"
"Sibley","0","1","Minnesota","4/24/20","1","0","27143","0"
"St. Louis","2","59","Minnesota","4/24/20","45","14","27137","31.11"
"Stearns","3","33","Minnesota","4/24/20","14","19","27145","135.71"
"Steele","0","11","Minnesota","4/24/20","9","2","27147","22.22"
"Swift","0","1","Minnesota","4/24/20","1","0","27151","0"
"Todd","0","3","Minnesota","4/24/20","2","1","27153","50"
"Traverse","0","2","Minnesota","4/24/20","2","0","27155","0"
"Wabasha","0","8","Minnesota","4/24/20","8","0","27157","0"
"Waseca","0","3","Minnesota","4/24/20","3","0","27161","0"
"Washington","2","107","Minnesota","4/24/20","92","15","27163","16.3"
"Watonwan","0","5","Minnesota","4/24/20","4","1","27165","25"
"Wilkin","1","11","Minnesota","4/24/20","7","4","27167","57.14"
"Winona","1","64","Minnesota","4/24/20","56","8","27169","14.29"
"Wright","1","32","Minnesota","4/24/20","23","9","27171","39.13"
"Yellow Medicine","0","3","Minnesota","4/24/20","3","0","27173","0"
"Adams","4","104","Mississippi","4/24/20","73","31","28001","42.47"
"Alcorn","0","9","Mississippi","4/24/20","7","2","28003","28.57"
"Amite","1","23","Mississippi","4/24/20","17","6","28005","35.29"
"Attala","5","68","Mississippi","4/24/20","31","37","28007","119.35"
"Benton","0","9","Mississippi","4/24/20","6","3","28009","50"
"Bolivar","2","90","Mississippi","4/24/20","76","14","28011","18.42"
"Calhoun","2","46","Mississippi","4/24/20","32","14","28013","43.75"
"Carroll","1","15","Mississippi","4/24/20","10","5","28015","50"
"Chickasaw","2","53","Mississippi","4/24/20","39","14","28017","35.9"
"Choctaw","0","13","Mississippi","4/24/20","11","2","28019","18.18"
"Claiborne","1","13","Mississippi","4/24/20","8","5","28021","62.5"
"Clarke","3","43","Mississippi","4/24/20","21","22","28023","104.76"
"Clay","1","29","Mississippi","4/24/20","22","7","28025","31.82"
"Coahoma","1","54","Mississippi","4/24/20","45","9","28027","20"
"Copiah","4","65","Mississippi","4/24/20","40","25","28029","62.5"
"Covington","3","43","Mississippi","4/24/20","22","21","28031","95.45"
"DeSoto","6","256","Mississippi","4/24/20","213","43","28033","20.19"
"Forrest","5","174","Mississippi","4/24/20","137","37","28035","27.01"
"Franklin","0","16","Mississippi","4/24/20","14","2","28037","14.29"
"George","0","11","Mississippi","4/24/20","9","2","28039","22.22"
"Greene","0","4","Mississippi","4/24/20","3","1","28041","33.33"
"Grenada","2","27","Mississippi","4/24/20","15","12","28043","80"
"Hancock","1","56","Mississippi","4/24/20","50","6","28045","12"
"Harrison","3","157","Mississippi","4/24/20","137","20","28047","14.6"
"Hinds","12","401","Mississippi","4/24/20","314","87","28049","27.71"
"Holmes","5","92","Mississippi","4/24/20","54","38","28051","70.37"
"Humphreys","0","14","Mississippi","4/24/20","12","2","28053","16.67"
"Itawamba","3","32","Mississippi","4/24/20","13","19","28057","146.15"
"Jackson","6","235","Mississippi","4/24/20","196","39","28059","19.9"
"Jasper","1","29","Mississippi","4/24/20","20","9","28061","45"
"Jefferson","0","5","Mississippi","4/24/20","4","1","28063","25"
"Jefferson Davis","2","19","Mississippi","4/24/20","8","11","28065","137.5"
"Jones","7","104","Mississippi","4/24/20","56","48","28067","85.71"
"Kemper","2","31","Mississippi","4/24/20","16","15","28069","93.75"
"Lafayette","6","83","Mississippi","4/24/20","39","44","28071","112.82"
"Lamar","4","82","Mississippi","4/24/20","57","25","28073","43.86"
"Lauderdale","12","268","Mississippi","4/24/20","181","87","28075","48.07"
"Lawrence","2","26","Mississippi","4/24/20","12","14","28077","116.67"
"Leake","11","136","Mississippi","4/24/20","60","76","28079","126.67"
"Lee","3","70","Mississippi","4/24/20","49","21","28081","42.86"
"Leflore","8","124","Mississippi","4/24/20","70","54","28083","77.14"
"Lincoln","5","132","Mississippi","4/24/20","95","37","28085","38.95"
"Lowndes","1","38","Mississippi","4/24/20","30","8","28087","26.67"
"Madison","8","178","Mississippi","4/24/20","123","55","28089","44.72"
"Marion","2","55","Mississippi","4/24/20","38","17","28091","44.74"
"Marshall","0","40","Mississippi","4/24/20","37","3","28093","8.11"
"Monroe","8","117","Mississippi","4/24/20","58","59","28095","101.72"
"Montgomery","0","17","Mississippi","4/24/20","15","2","28097","13.33"
"Neshoba","10","116","Mississippi","4/24/20","46","70","28099","152.17"
"Newton","5","51","Mississippi","4/24/20","19","32","28101","168.42"
"Noxubee","2","35","Mississippi","4/24/20","20","15","28103","75"
"Oktibbeha","1","46","Mississippi","4/24/20","42","4","28105","9.52"
"Panola","2","38","Mississippi","4/24/20","27","11","28107","40.74"
"Pearl River","4","144","Mississippi","4/24/20","115","29","28109","25.22"
"Perry","0","23","Mississippi","4/24/20","21","2","28111","9.52"
"Pike","5","127","Mississippi","4/24/20","93","34","28113","36.56"
"Pontotoc","0","18","Mississippi","4/24/20","17","1","28115","5.88"
"Prentiss","2","29","Mississippi","4/24/20","16","13","28117","81.25"
"Quitman","0","14","Mississippi","4/24/20","13","1","28119","7.69"
"Rankin","4","154","Mississippi","4/24/20","128","26","28121","20.31"
"Scott","15","200","Mississippi","4/24/20","96","104","28123","108.33"
"Sharkey","0","4","Mississippi","4/24/20","3","1","28125","33.33"
"Simpson","3","36","Mississippi","4/24/20","14","22","28127","157.14"
"Smith","2","55","Mississippi","4/24/20","38","17","28129","44.74"
"Stone","1","22","Mississippi","4/24/20","17","5","28131","29.41"
"Sunflower","1","51","Mississippi","4/24/20","45","6","28133","13.33"
"Tallahatchie","0","11","Mississippi","4/24/20","8","3","28135","37.5"
"Tate","2","38","Mississippi","4/24/20","27","11","28137","40.74"
"Tippah","1","50","Mississippi","4/24/20","45","5","28139","11.11"
"Tishomingo","1","7","Mississippi","4/24/20","2","5","28141","250"
"Tunica","1","34","Mississippi","4/24/20","28","6","28143","21.43"
"Union","1","14","Mississippi","4/24/20","9","5","28145","55.56"
"Walthall","1","27","Mississippi","4/24/20","22","5","28147","22.73"
"Warren","3","39","Mississippi","4/24/20","17","22","28149","129.41"
"Washington","1","74","Mississippi","4/24/20","68","6","28151","8.82"
"Wayne","1","16","Mississippi","4/24/20","10","6","28153","60"
"Webster","0","17","Mississippi","4/24/20","17","0","28155","0"
"Wilkinson","2","66","Mississippi","4/24/20","53","13","28157","24.53"
"Winston","2","38","Mississippi","4/24/20","27","11","28159","40.74"
"Yalobusha","0","17","Mississippi","4/24/20","14","3","28161","21.43"
"Yazoo","5","117","Mississippi","4/24/20","81","36","28163","44.44"
"Adair","0","12","Missouri","4/24/20","12","0","29001","0"
"Andrew","0","1","Missouri","4/24/20","1","0","29003","0"
"Atchison","0","2","Missouri","4/24/20","2","0","29005","0"
"Audrain","0","1","Missouri","4/24/20","0","1","29007","1"
"Barry","0","5","Missouri","4/24/20","3","2","29009","66.67"
"Bates","0","6","Missouri","4/24/20","6","0","29013","0"
"Benton","0","4","Missouri","4/24/20","3","1","29015","33.33"
"Bollinger","0","4","Missouri","4/24/20","3","1","29017","33.33"
"Boone","1","99","Missouri","4/24/20","93","6","29019","6.45"
"Buchanan","3","48","Missouri","4/24/20","28","20","29021","71.43"
"Butler","0","25","Missouri","4/24/20","22","3","29023","13.64"
"Caldwell","0","2","Missouri","4/24/20","2","0","29025","0"
"Callaway","0","21","Missouri","4/24/20","21","0","29027","0"
"Camden","0","35","Missouri","4/24/20","32","3","29029","9.38"
"Cape Girardeau","1","43","Missouri","4/24/20","35","8","29031","22.86"
"Carroll","0","3","Missouri","4/24/20","0","3","29033","1"
"Carter","0","3","Missouri","4/24/20","3","0","29035","0"
"Cass","1","55","Missouri","4/24/20","50","5","29037","10"
"Cedar","0","5","Missouri","4/24/20","5","0","29039","0"
"Chariton","0","5","Missouri","4/24/20","4","1","29041","25"
"Christian","0","19","Missouri","4/24/20","19","0","29043","0"
"Clark","0","1","Missouri","4/24/20","1","0","29045","0"
"Clay","1","63","Missouri","4/24/20","55","8","29047","14.55"
"Clinton","0","11","Missouri","4/24/20","11","0","29049","0"
"Cole","1","49","Missouri","4/24/20","42","7","29051","16.67"
"Cooper","0","7","Missouri","4/24/20","4","3","29053","75"
"Crawford","0","7","Missouri","4/24/20","6","1","29055","16.67"
"Dallas","0","2","Missouri","4/24/20","2","0","29059","0"
"Daviess","0","2","Missouri","4/24/20","2","0","29061","0"
"DeKalb","0","3","Missouri","4/24/20","3","0","29063","0"
"Dunklin","0","19","Missouri","4/24/20","18","1","29069","5.56"
"Franklin","2","106","Missouri","4/24/20","91","15","29071","16.48"
"Gasconade","0","2","Missouri","4/24/20","2","0","29073","0"
"Gentry","0","1","Missouri","4/24/20","1","0","29075","0"
"Greene","1","93","Missouri","4/24/20","87","6","29077","6.9"
"Harrison","0","6","Missouri","4/24/20","6","0","29081","0"
"Henry","0","6","Missouri","4/24/20","6","0","29083","0"
"Holt","0","1","Missouri","4/24/20","1","0","29087","0"
"Howard","0","2","Missouri","4/24/20","2","0","29089","0"
"Howell","0","5","Missouri","4/24/20","5","0","29091","0"
"Iron","0","2","Missouri","4/24/20","1","1","29093","100"
"Jackson","5","300","Missouri","4/24/20","267","33","29095","12.36"
"Jasper","-1","24","Missouri","4/24/20","28","-4","29097","-14.29"
"Jefferson","10","251","Missouri","4/24/20","179","72","29099","40.22"
"Johnson","1","53","Missouri","4/24/20","48","5","29101","10.42"
"Kansas City","11","475","Missouri","4/24/20","401","74","00000","18.45"
"Lafayette","1","33","Missouri","4/24/20","29","4","29107","13.79"
"Lewis","1","6","Missouri","4/24/20","0","6","29111","1"
"Lincoln","4","60","Missouri","4/24/20","35","25","29113","71.43"
"Linn","0","5","Missouri","4/24/20","5","0","29115","0"
"Livingston","0","2","Missouri","4/24/20","2","0","29117","0"
"Macon","0","2","Missouri","4/24/20","2","0","29121","0"
"Madison","0","1","Missouri","4/24/20","1","0","29123","0"
"Maries","0","2","Missouri","4/24/20","2","0","29125","0"
"Marion","1","4","Missouri","4/24/20","0","4","29127","1"
"McDonald","0","4","Missouri","4/24/20","4","0","29119","0"
"Miller","0","1","Missouri","4/24/20","1","0","29131","0"
"Mississippi","0","3","Missouri","4/24/20","0","3","29133","1"
"Moniteau","6","59","Missouri","4/24/20","19","40","29135","210.53"
"Montgomery","0","7","Missouri","4/24/20","7","0","29139","0"
"Morgan","0","3","Missouri","4/24/20","2","1","29141","50"
"New Madrid","0","9","Missouri","4/24/20","8","1","29143","12.5"
"Newton","0","10","Missouri","4/24/20","9","1","29145","11.11"
"Nodaway","0","3","Missouri","4/24/20","3","0","29147","0"
"Oregon","0","1","Missouri","4/24/20","1","0","29149","0"
"Osage","0","5","Missouri","4/24/20","4","1","29151","25"
"Pemiscot","1","18","Missouri","4/24/20","11","7","29155","63.64"
"Perry","0","39","Missouri","4/24/20","41","-2","29157","-4.88"
"Pettis","2","25","Missouri","4/24/20","10","15","29159","150"
"Phelps","0","1","Missouri","4/24/20","1","0","29161","0"
"Pike","0","6","Missouri","4/24/20","6","0","29163","0"
"Platte","0","30","Missouri","4/24/20","27","3","29165","11.11"
"Polk","0","1","Missouri","4/24/20","1","0","29167","0"
"Pulaski","1","33","Missouri","4/24/20","25","8","29169","32"
"Ralls","0","1","Missouri","4/24/20","1","0","29173","0"
"Randolph","0","8","Missouri","4/24/20","8","0","29175","0"
"Ray","0","10","Missouri","4/24/20","7","3","29177","42.86"
"Reynolds","0","2","Missouri","4/24/20","2","0","29179","0"
"Ripley","0","4","Missouri","4/24/20","3","1","29181","33.33"
"Saline","13","142","Missouri","4/24/20","53","89","29195","167.92"
"Scotland","0","4","Missouri","4/24/20","4","0","29199","0"
"Scott","3","60","Missouri","4/24/20","42","18","29201","42.86"
"Shelby","0","1","Missouri","4/24/20","1","0","29205","0"
"St. Charles","13","516","Missouri","4/24/20","426","90","29183","21.13"
"St. Clair","0","2","Missouri","4/24/20","2","0","29185","0"
"St. Francois","0","26","Missouri","4/24/20","24","2","29187","8.33"
"St. Louis","85","2808","Missouri","4/24/20","2215","593","29189","26.77"
"St. Louis City","30","1000","Missouri","4/24/20","788","212","29510","26.9"
"Ste. Genevieve","0","7","Missouri","4/24/20","7","0","29186","0"
"Stoddard","1","19","Missouri","4/24/20","15","4","29207","26.67"
"Stone","0","3","Missouri","4/24/20","3","0","29209","0"
"Taney","0","10","Missouri","4/24/20","8","2","29213","25"
"Vernon","0","4","Missouri","4/24/20","4","0","29217","0"
"Warren","1","22","Missouri","4/24/20","18","4","29219","22.22"
"Washington","1","8","Missouri","4/24/20","4","4","29221","100"
"Webster","1","13","Missouri","4/24/20","6","7","29225","116.67"
"Worth","0","1","Missouri","4/24/20","1","0","29227","0"
"Wright","0","9","Missouri","4/24/20","9","0","29229","0"
"Beaverhead","0","1","Montana","4/24/20","1","0","30001","0"
"Big Horn","0","3","Montana","4/24/20","3","0","30003","0"
"Broadwater","0","4","Montana","4/24/20","4","0","30007","0"
"Carbon","0","6","Montana","4/24/20","6","0","30009","0"
"Cascade","0","13","Montana","4/24/20","13","0","30013","0"
"Deer Lodge","0","3","Montana","4/24/20","3","0","30023","0"
"Flathead","0","37","Montana","4/24/20","37","0","30029","0"
"Gallatin","1","146","Montana","4/24/20","142","4","30031","2.82"
"Glacier","0","4","Montana","4/24/20","4","0","30035","0"
"Golden Valley","0","3","Montana","4/24/20","3","0","30037","0"
"Hill","0","1","Montana","4/24/20","1","0","30041","0"
"Jefferson","0","2","Montana","4/24/20","2","0","30043","0"
"Lake","0","5","Montana","4/24/20","5","0","30047","0"
"Lewis and Clark","0","16","Montana","4/24/20","16","0","30049","0"
"Liberty","0","1","Montana","4/24/20","1","0","30051","0"
"Lincoln","0","7","Montana","4/24/20","7","0","30053","0"
"Madison","0","8","Montana","4/24/20","8","0","30057","0"
"Meagher","0","1","Montana","4/24/20","1","0","30059","0"
"Missoula","1","39","Montana","4/24/20","34","5","30063","14.71"
"Musselshell","0","1","Montana","4/24/20","1","0","30065","0"
"Park","0","7","Montana","4/24/20","7","0","30067","0"
"Pondera","0","2","Montana","4/24/20","1","1","30073","100"
"Ravalli","0","5","Montana","4/24/20","5","0","30081","0"
"Richland","0","3","Montana","4/24/20","3","0","30083","0"
"Roosevelt","0","7","Montana","4/24/20","6","1","30085","16.67"
"Silver Bow","0","11","Montana","4/24/20","11","0","30093","0"
"Stillwater","0","1","Montana","4/24/20","1","0","30095","0"
"Toole","0","29","Montana","4/24/20","29","0","30101","0"
"Wheatland","0","1","Montana","4/24/20","0","1","30107","1"
"Yellowstone","1","77","Montana","4/24/20","67","10","30111","14.93"
"Adams","8","120","Nebraska","4/24/20","64","56","31001","87.5"
"Antelope","0","1","Nebraska","4/24/20","1","0","31003","0"
"Box Butte","0","1","Nebraska","4/24/20","1","0","31013","0"
"Buffalo","4","75","Nebraska","4/24/20","44","31","31019","70.45"
"Burt","0","1","Nebraska","4/24/20","1","0","31021","0"
"Butler","0","1","Nebraska","4/24/20","0","1","31023","1"
"Cass","0","4","Nebraska","4/24/20","3","1","31025","33.33"
"Cherry","0","1","Nebraska","4/24/20","1","0","31031","0"
"Cheyenne","0","5","Nebraska","4/24/20","3","2","31033","66.67"
"Clay","0","4","Nebraska","4/24/20","2","2","31035","100"
"Colfax","1","9","Nebraska","4/24/20","4","5","31037","125"
"Cuming","0","3","Nebraska","4/24/20","2","1","31039","50"
"Custer","0","20","Nebraska","4/24/20","19","1","31041","5.26"
"Dakota","34","246","Nebraska","4/24/20","9","237","31043","2633.33"
"Dawson","40","307","Nebraska","4/24/20","24","283","31047","1179.17"
"Dixon","0","1","Nebraska","4/24/20","0","1","31051","1"
"Dodge","4","43","Nebraska","4/24/20","12","31","31053","258.33"
"Douglas","14","362","Nebraska","4/24/20","266","96","31055","36.09"
"Fillmore","0","1","Nebraska","4/24/20","0","1","31059","1"
"Franklin","0","3","Nebraska","4/24/20","3","0","31061","0"
"Furnas","0","2","Nebraska","4/24/20","0","2","31065","1"
"Gage","0","29","Nebraska","4/24/20","26","3","31067","11.54"
"Gosper","1","8","Nebraska","4/24/20","1","7","31073","700"
"Greeley","0","1","Nebraska","4/24/20","0","1","31077","1"
"Hall","70","734","Nebraska","4/24/20","247","487","31079","197.17"
"Hamilton","3","32","Nebraska","4/24/20","14","18","31081","128.57"
"Howard","1","9","Nebraska","4/24/20","2","7","31093","350"
"Johnson","0","2","Nebraska","4/24/20","1","1","31097","100"
"Kearney","0","4","Nebraska","4/24/20","3","1","31099","33.33"
"Kimball","0","9","Nebraska","4/24/20","9","0","31105","0"
"Knox","0","2","Nebraska","4/24/20","2","0","31107","0"
"Lancaster","7","114","Nebraska","4/24/20","62","52","31109","83.87"
"Lincoln","0","18","Nebraska","4/24/20","17","1","31111","5.88"
"Madison","6","47","Nebraska","4/24/20","7","40","31119","571.43"
"Merrick","1","10","Nebraska","4/24/20","5","5","31121","100"
"Morrill","0","1","Nebraska","4/24/20","1","0","31123","0"
"Nance","0","1","Nebraska","4/24/20","1","0","31125","0"
"Nemaha","0","1","Nebraska","4/24/20","1","0","31127","0"
"Otoe","0","1","Nebraska","4/24/20","1","0","31131","0"
"Phelps","0","1","Nebraska","4/24/20","1","0","31137","0"
"Pierce","0","1","Nebraska","4/24/20","1","0","31139","0"
"Platte","1","12","Nebraska","4/24/20","6","6","31141","100"
"Polk","0","5","Nebraska","4/24/20","4","1","31143","25"
"Red Willow","0","1","Nebraska","4/24/20","0","1","31145","1"
"Saline","3","26","Nebraska","4/24/20","3","23","31151","766.67"
"Sarpy","3","70","Nebraska","4/24/20","47","23","31153","48.94"
"Saunders","0","8","Nebraska","4/24/20","6","2","31155","33.33"
"Scotts Bluff","1","23","Nebraska","4/24/20","17","6","31157","35.29"
"Seward","1","6","Nebraska","4/24/20","1","5","31159","500"
"Sherman","0","1","Nebraska","4/24/20","0","1","31163","1"
"Stanton","0","2","Nebraska","4/24/20","1","1","31167","100"
"Washington","0","22","Nebraska","4/24/20","20","2","31177","10"
"Wayne","0","1","Nebraska","4/24/20","1","0","31179","0"
"Webster","0","3","Nebraska","4/24/20","1","2","31181","200"
"York","0","9","Nebraska","4/24/20","6","3","31185","50"
"Carson City","1","31","Nevada","4/24/20","27","4","32510","14.81"
"Churchill","0","3","Nevada","4/24/20","1","2","32001","200"
"Clark","101","3443","Nevada","4/24/20","2738","705","32003","25.75"
"Douglas","0","17","Nevada","4/24/20","14","3","32005","21.43"
"Elko","0","12","Nevada","4/24/20","12","0","32007","0"
"Humboldt","1","34","Nevada","4/24/20","26","8","32013","30.77"
"Lander","0","1","Nevada","4/24/20","0","1","32015","1"
"Lyon","1","20","Nevada","4/24/20","12","8","32019","66.67"
"Mineral","0","2","Nevada","4/24/20","0","2","32021","1"
"Nye","1","31","Nevada","4/24/20","21","10","32023","47.62"
"Washoe","23","736","Nevada","4/24/20","572","164","32031","28.67"
"White Pine","0","3","Nevada","4/24/20","3","0","32033","0"
"Belknap","1","30","New Hampshire","4/24/20","25","5","33001","20"
"Carroll","0","30","New Hampshire","4/24/20","32","-2","33003","-6.25"
"Cheshire","1","35","New Hampshire","4/24/20","27","8","33005","29.63"
"Coos","0","2","New Hampshire","4/24/20","2","0","33007","0"
"Grafton","0","47","New Hampshire","4/24/20","44","3","33009","6.82"
"Hillsborough","33","753","New Hampshire","4/24/20","525","228","33011","43.43"
"Merrimack","4","115","New Hampshire","4/24/20","88","27","33013","30.68"
"Rockingham","17","568","New Hampshire","4/24/20","449","119","33015","26.5"
"Strafford","6","126","New Hampshire","4/24/20","84","42","33017","50"
"Sullivan","0","11","New Hampshire","4/24/20","9","2","33019","22.22"
"Atlantic","28","566","New Jersey","4/24/20","370","196","34001","52.97"
"Bergen","357","14363","New Jersey","4/24/20","11863","2500","34003","21.07"
"Burlington","98","2054","New Jersey","4/24/20","1366","688","34005","50.37"
"Camden","135","2750","New Jersey","4/24/20","1807","943","34007","52.19"
"Cape May","8","247","New Jersey","4/24/20","189","58","34009","30.69"
"Cumberland","29","466","New Jersey","4/24/20","263","203","34011","77.19"
"Essex","348","12110","New Jersey","4/24/20","9672","2438","34013","25.21"
"Gloucester","37","923","New Jersey","4/24/20","664","259","34015","39.01"
"Hudson","482","13011","New Jersey","4/24/20","9636","3375","34017","35.02"
"Hunterdon","15","490","New Jersey","4/24/20","385","105","34019","27.27"
"Mercer","138","3086","New Jersey","4/24/20","2123","963","34021","45.36"
"Middlesex","354","9789","New Jersey","4/24/20","7308","2481","34023","33.95"
"Monmouth","136","5368","New Jersey","4/24/20","4414","954","34025","21.61"
"Morris","128","4716","New Jersey","4/24/20","3822","894","34027","23.39"
"Ocean","170","5612","New Jersey","4/24/20","4424","1188","34029","26.85"
"Passaic","384","10291","New Jersey","4/24/20","7604","2687","34031","35.34"
"Salem","10","169","New Jersey","4/24/20","102","67","34033","65.69"
"Somerset","104","2921","New Jersey","4/24/20","2195","726","34035","33.08"
"Sussex","29","795","New Jersey","4/24/20","591","204","34037","34.52"
"Union","397","11208","New Jersey","4/24/20","8429","2779","34039","32.97"
"Warren","30","729","New Jersey","4/24/20","521","208","34041","39.92"
"Bernalillo","23","651","New Mexico","4/24/20","491","160","35001","32.59"
"Catron","0","1","New Mexico","4/24/20","1","0","35003","0"
"Chaves","0","22","New Mexico","4/24/20","19","3","35005","15.79"
"Cibola","1","38","New Mexico","4/24/20","30","8","35006","26.67"
"Colfax","0","5","New Mexico","4/24/20","3","2","35007","66.67"
"Curry","0","10","New Mexico","4/24/20","10","0","35009","0"
"Dona Ana","5","94","New Mexico","4/24/20","58","36","35013","62.07"
"Eddy","1","11","New Mexico","4/24/20","7","4","35015","57.14"
"Grant","0","14","New Mexico","4/24/20","12","2","35017","16.67"
"Guadalupe","1","7","New Mexico","4/24/20","0","7","35019","1"
"Harding","0","1","New Mexico","4/24/20","0","1","35021","1"
"Lea","1","10","New Mexico","4/24/20","2","8","35025","400"
"Lincoln","0","2","New Mexico","4/24/20","1","1","35027","100"
"Los Alamos","0","6","New Mexico","4/24/20","6","0","35028","0"
"Luna","0","3","New Mexico","4/24/20","3","0","35029","0"
"McKinley","53","639","New Mexico","4/24/20","265","374","35031","141.13"
"Otero","0","4","New Mexico","4/24/20","3","1","35035","33.33"
"Quay","0","4","New Mexico","4/24/20","1","3","35037","300"
"Rio Arriba","0","12","New Mexico","4/24/20","10","2","35039","20"
"Roosevelt","0","4","New Mexico","4/24/20","1","3","35041","300"
"San Juan","27","420","New Mexico","4/24/20","229","191","35045","83.41"
"San Miguel","0","2","New Mexico","4/24/20","2","0","35047","0"
"Sandoval","9","357","New Mexico","4/24/20","293","64","35043","21.84"
"Santa Fe","2","94","New Mexico","4/24/20","79","15","35049","18.99"
"Socorro","3","39","New Mexico","4/24/20","20","19","35053","95"
"Taos","0","17","New Mexico","4/24/20","15","2","35055","13.33"
"Torrance","0","13","New Mexico","4/24/20","12","1","35057","8.33"
"Valencia","2","41","New Mexico","4/24/20","24","17","35061","70.83"
"Albany","27","805","New York","4/24/20","619","186","36001","30.05"
"Allegany","0","31","New York","4/24/20","29","2","36003","6.9"
"Broome","8","232","New York","4/24/20","178","54","36007","30.34"
"Cattaraugus","1","39","New York","4/24/20","34","5","36009","14.71"
"Cayuga","0","39","New York","4/24/20","36","3","36011","8.33"
"Chautauqua","0","27","New York","4/24/20","25","2","36013","8"
"Chemung","1","79","New York","4/24/20","71","8","36015","11.27"
"Chenango","1","84","New York","4/24/20","76","8","36017","10.53"
"Clinton","1","53","New York","4/24/20","47","6","36019","12.77"
"Columbia","4","129","New York","4/24/20","101","28","36021","27.72"
"Cortland","0","25","New York","4/24/20","25","0","36023","0"
"Delaware","0","51","New York","4/24/20","48","3","36025","6.25"
"Dutchess","54","2517","New York","4/24/20","2142","375","36027","17.51"
"Erie","83","2603","New York","4/24/20","2023","580","36029","28.67"
"Essex","1","22","New York","4/24/20","15","7","36031","46.67"
"Franklin","0","13","New York","4/24/20","13","0","36033","0"
"Fulton","0","29","New York","4/24/20","27","2","36035","7.41"
"Genesee","6","127","New York","4/24/20","83","44","36037","53.01"
"Greene","2","90","New York","4/24/20","77","13","36039","16.88"
"Hamilton","0","3","New York","4/24/20","3","0","36041","0"
"Herkimer","1","56","New York","4/24/20","46","10","36043","21.74"
"Jefferson","1","58","New York","4/24/20","50","8","36045","16"
"Lewis","0","9","New York","4/24/20","8","1","36049","12.5"
"Livingston","1","44","New York","4/24/20","34","10","36051","29.41"
"Madison","-2","106","New York","4/24/20","117","-11","36053","-9.4"
"Monroe","32","1199","New York","4/24/20","975","224","36055","22.97"
"Montgomery","1","39","New York","4/24/20","33","6","36057","18.18"
"Nassau","604","32765","New York","4/24/20","28539","4226","36059","14.81"
"New York","3303","150473","New York","4/24/20","127352","23121","36061","18.16"
"Niagara","15","332","New York","4/24/20","227","105","36063","46.26"
"Oneida","9","323","New York","4/24/20","261","62","36065","23.75"
"Onondaga","6","639","New York","4/24/20","598","41","36067","6.86"
"Ontario","1","73","New York","4/24/20","67","6","36069","8.96"
"Orange","92","7155","New York","4/24/20","6514","641","36071","9.84"
"Orleans","4","60","New York","4/24/20","34","26","36073","76.47"
"Oswego","1","51","New York","4/24/20","45","6","36075","13.33"
"Otsego","1","50","New York","4/24/20","44","6","36077","13.64"
"Putnam","-16","619","New York","4/24/20","732","-113","36079","-15.44"
"Rensselaer","7","198","New York","4/24/20","150","48","36083","32"
"Rockland","158","10091","New York","4/24/20","8987","1104","36087","12.28"
"Saratoga","6","278","New York","4/24/20","236","42","36091","17.8"
"Schenectady","0","297","New York","4/24/20","295","2","36093","0.68"
"Schoharie","0","21","New York","4/24/20","20","1","36095","5"
"Schuyler","0","7","New York","4/24/20","8","-1","36097","-12.5"
"Seneca","0","18","New York","4/24/20","18","0","36099","0"
"St. Lawrence","7","144","New York","4/24/20","96","48","36089","50"
"Steuben","2","171","New York","4/24/20","154","17","36101","11.04"
"Suffolk","796","30606","New York","4/24/20","25035","5571","36103","22.25"
"Sullivan","18","628","New York","4/24/20","505","123","36105","24.36"
"Tioga","1","40","New York","4/24/20","30","10","36107","33.33"
"Tompkins","0","121","New York","4/24/20","119","2","36109","1.68"
"Ulster","14","976","New York","4/24/20","880","96","36111","10.91"
"Warren","4","122","New York","4/24/20","91","31","36113","34.07"
"Washington","5","83","New York","4/24/20","48","35","36115","72.92"
"Wayne","1","53","New York","4/24/20","49","4","36117","8.16"
"Westchester","594","26633","New York","4/24/20","22476","4157","36119","18.5"
"Wyoming","0","43","New York","4/24/20","44","-1","36121","-2.27"
"Yates","0","11","New York","4/24/20","8","3","36123","37.5"
"Alamance","4","73","North Carolina","4/24/20","47","26","37001","55.32"
"Alexander","0","4","North Carolina","4/24/20","3","1","37003","33.33"
"Alleghany","0","2","North Carolina","4/24/20","2","0","37005","0"
"Anson","1","20","North Carolina","4/24/20","15","5","37007","33.33"
"Ashe","0","4","North Carolina","4/24/20","4","0","37009","0"
"Beaufort","0","16","North Carolina","4/24/20","14","2","37013","14.29"
"Bertie","2","34","North Carolina","4/24/20","18","16","37015","88.89"
"Bladen","1","6","North Carolina","4/24/20","2","4","37017","200"
"Brunswick","0","39","North Carolina","4/24/20","36","3","37019","8.33"
"Buncombe","1","52","North Carolina","4/24/20","47","5","37021","10.64"
"Burke","2","83","North Carolina","4/24/20","66","17","37023","25.76"
"Cabarrus","6","249","North Carolina","4/24/20","207","42","37025","20.29"
"Caldwell","1","27","North Carolina","4/24/20","22","5","37027","22.73"
"Carteret","1","27","North Carolina","4/24/20","22","5","37031","22.73"
"Caswell","1","14","North Carolina","4/24/20","7","7","37033","100"
"Catawba","1","49","North Carolina","4/24/20","43","6","37035","13.95"
"Chatham","13","179","North Carolina","4/24/20","85","94","37037","110.59"
"Cherokee","0","16","North Carolina","4/24/20","16","0","37039","0"
"Chowan","0","6","North Carolina","4/24/20","6","0","37041","0"
"Clay","0","6","North Carolina","4/24/20","5","1","37043","20"
"Cleveland","1","46","North Carolina","4/24/20","42","4","37045","9.52"
"Columbus","5","87","North Carolina","4/24/20","55","32","37047","58.18"
"Craven","1","39","North Carolina","4/24/20","33","6","37049","18.18"
"Cumberland","12","189","North Carolina","4/24/20","105","84","37051","80"
"Currituck","0","2","North Carolina","4/24/20","3","-1","37053","-33.33"
"Dare","0","15","North Carolina","4/24/20","15","0","37055","0"
"Davidson","3","113","North Carolina","4/24/20","94","19","37057","20.21"
"Davie","1","29","North Carolina","4/24/20","23","6","37059","26.09"
"Duplin","4","51","North Carolina","4/24/20","23","28","37061","121.74"
"Durham","22","541","North Carolina","4/24/20","388","153","37063","39.43"
"Edgecombe","3","67","North Carolina","4/24/20","46","21","37065","45.65"
"Forsyth","3","146","North Carolina","4/24/20","126","20","37067","15.87"
"Franklin","3","87","North Carolina","4/24/20","67","20","37069","29.85"
"Gaston","2","127","North Carolina","4/24/20","110","17","37071","15.45"
"Gates","0","6","North Carolina","4/24/20","4","2","37073","50"
"Granville","2","123","North Carolina","4/24/20","106","17","37077","16.04"
"Greene","0","15","North Carolina","4/24/20","14","1","37079","7.14"
"Guilford","15","275","North Carolina","4/24/20","171","104","37081","60.82"
"Halifax","1","40","North Carolina","4/24/20","32","8","37083","25"
"Harnett","3","77","North Carolina","4/24/20","54","23","37085","42.59"
"Haywood","0","5","North Carolina","4/24/20","5","0","37087","0"
"Henderson","7","156","North Carolina","4/24/20","106","50","37089","47.17"
"Hertford","1","17","North Carolina","4/24/20","7","10","37091","142.86"
"Hoke","3","40","North Carolina","4/24/20","22","18","37093","81.82"
"Iredell","2","98","North Carolina","4/24/20","81","17","37097","20.99"
"Jackson","0","5","North Carolina","4/24/20","5","0","37099","0"
"Johnston","2","128","North Carolina","4/24/20","114","14","37101","12.28"
"Jones","0","12","North Carolina","4/24/20","9","3","37103","33.33"
"Lee","9","92","North Carolina","4/24/20","30","62","37105","206.67"
"Lenoir","3","37","North Carolina","4/24/20","17","20","37107","117.65"
"Lincoln","1","25","North Carolina","4/24/20","20","5","37109","25"
"Macon","0","2","North Carolina","4/24/20","2","0","37113","0"
"Martin","1","13","North Carolina","4/24/20","8","5","37117","62.5"
"McDowell","0","21","North Carolina","4/24/20","20","1","37111","5"
"Mecklenburg","39","1407","North Carolina","4/24/20","1136","271","37119","23.86"
"Mitchell","0","5","North Carolina","4/24/20","5","0","37121","0"
"Montgomery","1","21","North Carolina","4/24/20","17","4","37123","23.53"
"Moore","2","104","North Carolina","4/24/20","89","15","37125","16.85"
"Nash","3","74","North Carolina","4/24/20","52","22","37127","42.31"
"New Hanover","1","76","North Carolina","4/24/20","68","8","37129","11.76"
"Northampton","1","79","North Carolina","4/24/20","70","9","37131","12.86"
"Onslow","0","40","North Carolina","4/24/20","37","3","37133","8.11"
"Orange","4","200","North Carolina","4/24/20","175","25","37135","14.29"
"Pamlico","0","7","North Carolina","4/24/20","6","1","37137","16.67"
"Pasquotank","2","34","North Carolina","4/24/20","20","14","37139","70"
"Pender","1","11","North Carolina","4/24/20","5","6","37141","120"
"Perquimans","0","10","North Carolina","4/24/20","8","2","37143","25"
"Person","1","19","North Carolina","4/24/20","15","4","37145","26.67"
"Pitt","3","104","North Carolina","4/24/20","85","19","37147","22.35"
"Polk","1","13","North Carolina","4/24/20","9","4","37149","44.44"
"Randolph","6","107","North Carolina","4/24/20","67","40","37151","59.7"
"Richmond","2","30","North Carolina","4/24/20","17","13","37153","76.47"
"Robeson","9","85","North Carolina","4/24/20","20","65","37155","325"
"Rockingham","1","22","North Carolina","4/24/20","16","6","37157","37.5"
"Rowan","13","323","North Carolina","4/24/20","231","92","37159","39.83"
"Rutherford","7","105","North Carolina","4/24/20","59","46","37161","77.97"
"Sampson","2","31","North Carolina","4/24/20","18","13","37163","72.22"
"Scotland","1","17","North Carolina","4/24/20","11","6","37165","54.55"
"Stanly","1","24","North Carolina","4/24/20","20","4","37167","20"
"Stokes","0","11","North Carolina","4/24/20","10","1","37169","10"
"Surry","-1","12","North Carolina","4/24/20","16","-4","37171","-25"
"Transylvania","0","7","North Carolina","4/24/20","6","1","37175","16.67"
"Tyrrell","0","4","North Carolina","4/24/20","4","0","37177","0"
"Union","7","190","North Carolina","4/24/20","141","49","37179","34.75"
"Vance","2","40","North Carolina","4/24/20","28","12","37181","42.86"
"Wake","9","640","North Carolina","4/24/20","574","66","37183","11.5"
"Warren","0","3","North Carolina","4/24/20","3","0","37185","0"
"Washington","1","23","North Carolina","4/24/20","18","5","37187","27.78"
"Watauga","0","8","North Carolina","4/24/20","8","0","37189","0"
"Wayne","51","603","North Carolina","4/24/20","246","357","37191","145.12"
"Wilkes","1","11","North Carolina","4/24/20","4","7","37193","175"
"Wilson","7","146","North Carolina","4/24/20","96","50","37195","52.08"
"Yadkin","0","12","North Carolina","4/24/20","11","1","37197","9.09"
"Barnes","0","3","North Dakota","4/24/20","2","1","38003","50"
"Bowman","0","1","North Dakota","4/24/20","1","0","38011","0"
"Burke","0","3","North Dakota","4/24/20","2","1","38013","50"
"Burleigh","2","68","North Dakota","4/24/20","54","14","38015","25.93"
"Cass","24","318","North Dakota","4/24/20","152","166","38017","109.21"
"Divide","0","1","North Dakota","4/24/20","1","0","38023","0"
"Dunn","1","10","North Dakota","4/24/20","4","6","38025","150"
"Eddy","0","1","North Dakota","4/24/20","1","0","38027","0"
"Emmons","0","1","North Dakota","4/24/20","1","0","38029","0"
"Foster","0","1","North Dakota","4/24/20","1","0","38031","0"
"Grand Forks","21","170","North Dakota","4/24/20","23","147","38035","639.13"
"Grant","0","1","North Dakota","4/24/20","1","0","38037","0"
"McHenry","0","1","North Dakota","4/24/20","1","0","38049","0"
"McIntosh","0","1","North Dakota","4/24/20","1","0","38051","0"
"McKenzie","0","10","North Dakota","4/24/20","10","0","38053","0"
"McLean","0","3","North Dakota","4/24/20","3","0","38055","0"
"Morton","0","23","North Dakota","4/24/20","21","2","38059","9.52"
"Mountrail","1","33","North Dakota","4/24/20","29","4","38061","13.79"
"Nelson","0","1","North Dakota","4/24/20","0","1","38063","1"
"Oliver","0","1","North Dakota","4/24/20","1","0","38065","0"
"Pierce","0","2","North Dakota","4/24/20","2","0","38069","0"
"Ramsey","0","3","North Dakota","4/24/20","3","0","38071","0"
"Richland","0","7","North Dakota","4/24/20","4","3","38077","75"
"Rolette","0","1","North Dakota","4/24/20","1","0","38079","0"
"Sargent","0","1","North Dakota","4/24/20","1","0","38081","0"
"Sioux","0","1","North Dakota","4/24/20","1","0","38085","0"
"Slope","0","3","North Dakota","4/24/20","3","0","38087","0"
"Stark","0","40","North Dakota","4/24/20","37","3","38089","8.11"
"Stutsman","0","3","North Dakota","4/24/20","1","2","38093","200"
"Walsh","0","4","North Dakota","4/24/20","3","1","38099","33.33"
"Ward","0","21","North Dakota","4/24/20","20","1","38101","5"
"Wells","0","1","North Dakota","4/24/20","0","1","38103","1"
"Williams","0","10","North Dakota","4/24/20","8","2","38105","25"
"","0","14","Northern Mariana Islands","4/24/20","13","1",,"7.69"
"Adams","0","4","Ohio","4/24/20","3","1","39001","33.33"
"Allen","6","108","Ohio","4/24/20","65","43","39003","66.15"
"Ashland","0","5","Ohio","4/24/20","5","0","39005","0"
"Ashtabula","7","103","Ohio","4/24/20","54","49","39007","90.74"
"Athens","0","3","Ohio","4/24/20","3","0","39009","0"
"Auglaize","1","29","Ohio","4/24/20","21","8","39011","38.1"
"Belmont","5","98","Ohio","4/24/20","63","35","39013","55.56"
"Brown","0","11","Ohio","4/24/20","8","3","39015","37.5"
"Butler","8","208","Ohio","4/24/20","155","53","39017","34.19"
"Carroll","1","19","Ohio","4/24/20","15","4","39019","26.67"
"Champaign","0","8","Ohio","4/24/20","6","2","39021","33.33"
"Clark","1","30","Ohio","4/24/20","25","5","39023","20"
"Clermont","2","77","Ohio","4/24/20","66","11","39025","16.67"
"Clinton","0","27","Ohio","4/24/20","26","1","39027","3.85"
"Columbiana","9","214","Ohio","4/24/20","154","60","39029","38.96"
"Coshocton","0","16","Ohio","4/24/20","16","0","39031","0"
"Crawford","1","38","Ohio","4/24/20","28","10","39033","35.71"
"Cuyahoga","62","1817","Ohio","4/24/20","1383","434","39035","31.38"
"Darke","3","74","Ohio","4/24/20","55","19","39037","34.55"
"Defiance","1","18","Ohio","4/24/20","13","5","39039","38.46"
"Delaware","3","137","Ohio","4/24/20","119","18","39041","15.13"
"Erie","3","44","Ohio","4/24/20","23","21","39043","91.3"
"Fairfield","2","108","Ohio","4/24/20","95","13","39045","13.68"
"Fayette","0","13","Ohio","4/24/20","12","1","39047","8.33"
"Franklin","64","1768","Ohio","4/24/20","1320","448","39049","33.94"
"Fulton","1","18","Ohio","4/24/20","13","5","39051","38.46"
"Gallia","0","6","Ohio","4/24/20","6","0","39053","0"
"Geauga","4","126","Ohio","4/24/20","96","30","39055","31.25"
"Greene","1","40","Ohio","4/24/20","33","7","39057","21.21"
"Guernsey","1","15","Ohio","4/24/20","10","5","39059","50"
"Hamilton","39","932","Ohio","4/24/20","658","274","39061","41.64"
"Hancock","1","34","Ohio","4/24/20","27","7","39063","25.93"
"Hardin","1","21","Ohio","4/24/20","13","8","39065","61.54"
"Harrison","0","2","Ohio","4/24/20","2","0","39067","0"
"Henry","0","4","Ohio","4/24/20","3","1","39069","33.33"
"Highland","0","8","Ohio","4/24/20","7","1","39071","14.29"
"Hocking","0","6","Ohio","4/24/20","4","2","39073","50"
"Holmes","0","5","Ohio","4/24/20","3","2","39075","66.67"
"Huron","1","25","Ohio","4/24/20","16","9","39077","56.25"
"Jackson","0","4","Ohio","4/24/20","3","1","39079","33.33"
"Jefferson","1","33","Ohio","4/24/20","24","9","39081","37.5"
"Knox","1","15","Ohio","4/24/20","11","4","39083","36.36"
"Lake","3","154","Ohio","4/24/20","130","24","39085","18.46"
"Lawrence","0","22","Ohio","4/24/20","20","2","39087","10"
"Licking","2","105","Ohio","4/24/20","94","11","39089","11.7"
"Logan","1","16","Ohio","4/24/20","12","4","39091","33.33"
"Lorain","17","366","Ohio","4/24/20","245","121","39093","49.39"
"Lucas","43","985","Ohio","4/24/20","682","303","39095","44.43"
"Madison","3","47","Ohio","4/24/20","27","20","39097","74.07"
"Mahoning","20","688","Ohio","4/24/20","547","141","39099","25.78"
"Marion","249","2169","Ohio","4/24/20","428","1741","39101","406.78"
"Medina","3","149","Ohio","4/24/20","130","19","39103","14.62"
"Meigs","0","2","Ohio","4/24/20","2","0","39105","0"
"Mercer","0","16","Ohio","4/24/20","13","3","39107","23.08"
"Miami","1","134","Ohio","4/24/20","129","5","39109","3.88"
"Monroe","0","2","Ohio","4/24/20","2","0","39111","0"
"Montgomery","4","251","Ohio","4/24/20","222","29","39113","13.06"
"Morgan","0","4","Ohio","4/24/20","3","1","39115","33.33"
"Morrow","1","26","Ohio","4/24/20","16","10","39117","62.5"
"Muskingum","1","12","Ohio","4/24/20","8","4","39119","50"
"Noble","0","4","Ohio","4/24/20","3","1","39121","33.33"
"Ottawa","2","35","Ohio","4/24/20","21","14","39123","66.67"
"Paulding","0","8","Ohio","4/24/20","5","3","39125","60"
"Perry","1","12","Ohio","4/24/20","8","4","39127","50"
"Pickaway","201","1659","Ohio","4/24/20","253","1406","39129","555.73"
"Pike","0","2","Ohio","4/24/20","1","1","39131","100"
"Portage","7","213","Ohio","4/24/20","166","47","39133","28.31"
"Preble","1","25","Ohio","4/24/20","21","4","39135","19.05"
"Putnam","5","49","Ohio","4/24/20","13","36","39137","276.92"
"Richland","3","73","Ohio","4/24/20","50","23","39139","46"
"Ross","1","35","Ohio","4/24/20","28","7","39141","25"
"Sandusky","1","20","Ohio","4/24/20","16","4","39143","25"
"Scioto","0","6","Ohio","4/24/20","5","1","39145","20"
"Seneca","0","12","Ohio","4/24/20","11","1","39147","9.09"
"Shelby","0","30","Ohio","4/24/20","28","2","39149","7.14"
"Stark","12","294","Ohio","4/24/20","210","84","39151","40"
"Summit","20","460","Ohio","4/24/20","323","137","39153","42.41"
"Trumbull","9","278","Ohio","4/24/20","213","65","39155","30.52"
"Tuscarawas","2","42","Ohio","4/24/20","31","11","39157","35.48"
"Union","1","17","Ohio","4/24/20","12","5","39159","41.67"
"Van Wert","0","3","Ohio","4/24/20","2","1","39161","50"
"Warren","5","128","Ohio","4/24/20","93","35","39165","37.63"
"Washington","4","80","Ohio","4/24/20","55","25","39167","45.45"
"Wayne","3","91","Ohio","4/24/20","72","19","39169","26.39"
"Williams","3","28","Ohio","4/24/20","6","22","39171","366.67"
"Wood","7","122","Ohio","4/24/20","73","49","39173","67.12"
"Wyandot","1","24","Ohio","4/24/20","16","8","39175","50"
"Adair","3","53","Oklahoma","4/24/20","29","24","40001","82.76"
"Alfalfa","0","1","Oklahoma","4/24/20","1","0","40003","0"
"Atoka","0","1","Oklahoma","4/24/20","1","0","40005","0"
"Beaver","0","2","Oklahoma","4/24/20","1","1","40007","100"
"Beckham","0","2","Oklahoma","4/24/20","2","0","40009","0"
"Bryan","0","6","Oklahoma","4/24/20","5","1","40013","20"
"Caddo","1","53","Oklahoma","4/24/20","48","5","40015","10.42"
"Canadian","3","88","Oklahoma","4/24/20","65","23","40017","35.38"
"Carter","0","2","Oklahoma","4/24/20","1","1","40019","100"
"Cherokee","1","26","Oklahoma","4/24/20","22","4","40021","18.18"
"Choctaw","0","3","Oklahoma","4/24/20","3","0","40023","0"
"Cimarron","0","1","Oklahoma","4/24/20","0","1","40025","1"
"Cleveland","13","393","Oklahoma","4/24/20","301","92","40027","30.56"
"Comanche","3","76","Oklahoma","4/24/20","57","19","40031","33.33"
"Cotton","0","5","Oklahoma","4/24/20","5","0","40033","0"
"Craig","0","9","Oklahoma","4/24/20","7","2","40035","28.57"
"Creek","2","72","Oklahoma","4/24/20","58","14","40037","24.14"
"Custer","0","10","Oklahoma","4/24/20","7","3","40039","42.86"
"Delaware","2","90","Oklahoma","4/24/20","74","16","40041","21.62"
"Dewey","0","2","Oklahoma","4/24/20","2","0","40043","0"
"Garfield","0","11","Oklahoma","4/24/20","9","2","40047","22.22"
"Garvin","0","13","Oklahoma","4/24/20","10","3","40049","30"
"Grady","2","31","Oklahoma","4/24/20","16","15","40051","93.75"
"Grant","0","2","Oklahoma","4/24/20","2","0","40053","0"
"Greer","2","64","Oklahoma","4/24/20","50","14","40055","28"
"Harper","0","1","Oklahoma","4/24/20","0","1","40059","1"
"Haskell","0","3","Oklahoma","4/24/20","0","3","40061","1"
"Jackson","1","13","Oklahoma","4/24/20","6","7","40065","116.67"
"Jefferson","0","2","Oklahoma","4/24/20","1","1","40067","100"
"Johnston","0","3","Oklahoma","4/24/20","2","1","40069","50"
"Kay","0","47","Oklahoma","4/24/20","46","1","40071","2.17"
"Kingfisher","0","7","Oklahoma","4/24/20","6","1","40073","16.67"
"Kiowa","0","4","Oklahoma","4/24/20","2","2","40075","100"
"Latimer","0","4","Oklahoma","4/24/20","4","0","40077","0"
"Le Flore","1","9","Oklahoma","4/24/20","5","4","40079","80"
"Lincoln","0","10","Oklahoma","4/24/20","11","-1","40081","-9.09"
"Logan","1","12","Oklahoma","4/24/20","8","4","40083","50"
"Love","0","2","Oklahoma","4/24/20","2","0","40085","0"
"Major","0","2","Oklahoma","4/24/20","2","0","40093","0"
"Marshall","0","2","Oklahoma","4/24/20","1","1","40095","100"
"Mayes","0","19","Oklahoma","4/24/20","19","0","40097","0"
"McClain","1","30","Oklahoma","4/24/20","20","10","40087","50"
"McCurtain","0","8","Oklahoma","4/24/20","7","1","40089","14.29"
"McIntosh","0","2","Oklahoma","4/24/20","2","0","40091","0"
"Murray","0","1","Oklahoma","4/24/20","0","1","40099","1"
"Muskogee","0","26","Oklahoma","4/24/20","25","1","40101","4"
"Noble","0","6","Oklahoma","4/24/20","6","0","40103","0"
"Nowata","1","17","Oklahoma","4/24/20","11","6","40105","54.55"
"Okfuskee","0","1","Oklahoma","4/24/20","1","0","40107","0"
"Oklahoma","25","670","Oklahoma","4/24/20","497","173","40109","34.81"
"Okmulgee","0","16","Oklahoma","4/24/20","14","2","40111","14.29"
"Osage","1","71","Oklahoma","4/24/20","61","10","40113","16.39"
"Ottawa","1","29","Oklahoma","4/24/20","24","5","40115","20.83"
"Pawnee","0","28","Oklahoma","4/24/20","28","0","40117","0"
"Payne","1","43","Oklahoma","4/24/20","34","9","40119","26.47"
"Pittsburg","1","22","Oklahoma","4/24/20","14","8","40121","57.14"
"Pontotoc","0","10","Oklahoma","4/24/20","10","0","40123","0"
"Pottawatomie","1","40","Oklahoma","4/24/20","32","8","40125","25"
"Rogers","2","45","Oklahoma","4/24/20","30","15","40131","50"
"Seminole","0","8","Oklahoma","4/24/20","7","1","40133","14.29"
"Sequoyah","0","11","Oklahoma","4/24/20","10","1","40135","10"
"Stephens","1","19","Oklahoma","4/24/20","15","4","40137","26.67"
"Texas","7","59","Oklahoma","4/24/20","9","50","40139","555.56"
"Tillman","0","1","Oklahoma","4/24/20","1","0","40141","0"
"Tulsa","13","467","Oklahoma","4/24/20","376","91","40143","24.2"
"Wagoner","1","114","Oklahoma","4/24/20","107","7","40145","6.54"
"Washington","13","216","Oklahoma","4/24/20","124","92","40147","74.19"
"Washita","0","1","Oklahoma","4/24/20","0","1","40149","1"
"Woods","0","3","Oklahoma","4/24/20","0","3","40151","1"
"Woodward","0","1","Oklahoma","4/24/20","1","0","40153","0"
"Benton","0","27","Oregon","4/24/20","27","0","41003","0"
"Clackamas","6","196","Oregon","4/24/20","153","43","41005","28.1"
"Clatsop","0","6","Oregon","4/24/20","6","0","41007","0"
"Columbia","0","14","Oregon","4/24/20","14","0","41009","0"
"Coos","0","4","Oregon","4/24/20","1","3","41011","300"
"Crook","0","1","Oregon","4/24/20","1","0","41013","0"
"Curry","0","4","Oregon","4/24/20","3","1","41015","33.33"
"Deschutes","1","70","Oregon","4/24/20","61","9","41017","14.75"
"Douglas","0","23","Oregon","4/24/20","22","1","41019","4.55"
"Grant","0","1","Oregon","4/24/20","1","0","41023","0"
"Hood River","0","5","Oregon","4/24/20","4","1","41027","25"
"Jackson","0","48","Oregon","4/24/20","48","0","41029","0"
"Jefferson","0","2","Oregon","4/24/20","1","1","41031","100"
"Josephine","0","19","Oregon","4/24/20","19","0","41033","0"
"Klamath","1","36","Oregon","4/24/20","29","7","41035","24.14"
"Lane","1","50","Oregon","4/24/20","46","4","41039","8.7"
"Lincoln","0","5","Oregon","4/24/20","4","1","41041","25"
"Linn","1","67","Oregon","4/24/20","57","10","41043","17.54"
"Malheur","0","6","Oregon","4/24/20","5","1","41045","20"
"Marion","14","417","Oregon","4/24/20","317","100","41047","31.55"
"Morrow","0","5","Oregon","4/24/20","5","0","41049","0"
"Multnomah","18","596","Oregon","4/24/20","467","129","41051","27.62"
"Polk","0","33","Oregon","4/24/20","31","2","41053","6.45"
"Sherman","0","1","Oregon","4/24/20","1","0","41055","0"
"Tillamook","0","6","Oregon","4/24/20","6","0","41057","0"
"Umatilla","1","32","Oregon","4/24/20","23","9","41059","39.13"
"Union","0","4","Oregon","4/24/20","4","0","41061","0"
"Wallowa","0","1","Oregon","4/24/20","1","0","41063","0"
"Wasco","0","12","Oregon","4/24/20","10","2","41065","20"
"Washington","10","451","Oregon","4/24/20","383","68","41067","17.75"
"Yamhill","0","35","Oregon","4/24/20","35","0","41071","0"
"Adams","6","110","Pennsylvania","4/24/20","70","40","42001","57.14"
"Allegheny","33","1177","Pennsylvania","4/24/20","947","230","42003","24.29"
"Armstrong","2","43","Pennsylvania","4/24/20","32","11","42005","34.38"
"Beaver","23","337","Pennsylvania","4/24/20","178","159","42007","89.33"
"Bedford","1","21","Pennsylvania","4/24/20","13","8","42009","61.54"
"Berks","115","2339","Pennsylvania","4/24/20","1537","802","42011","52.18"
"Blair","1","19","Pennsylvania","4/24/20","14","5","42013","35.71"
"Bradford","1","28","Pennsylvania","4/24/20","20","8","42015","40"
"Bucks","132","2469","Pennsylvania","4/24/20","1546","923","42017","59.7"
"Butler","2","168","Pennsylvania","4/24/20","157","11","42019","7.01"
"Cambria","1","20","Pennsylvania","4/24/20","14","6","42021","42.86"
"Cameron","0","1","Pennsylvania","4/24/20","1","0","42023","0"
"Carbon","6","160","Pennsylvania","4/24/20","118","42","42025","35.59"
"Centre","1","77","Pennsylvania","4/24/20","73","4","42027","5.48"
"Chester","46","1064","Pennsylvania","4/24/20","739","325","42029","43.98"
"Clarion","1","22","Pennsylvania","4/24/20","18","4","42031","22.22"
"Clearfield","0","11","Pennsylvania","4/24/20","9","2","42033","22.22"
"Clinton","1","17","Pennsylvania","4/24/20","10","7","42035","70"
"Columbia","12","252","Pennsylvania","4/24/20","166","86","42037","51.81"
"Crawford","0","19","Pennsylvania","4/24/20","16","3","42039","18.75"
"Cumberland","12","240","Pennsylvania","4/24/20","154","86","42041","55.84"
"Dauphin","22","468","Pennsylvania","4/24/20","311","157","42043","50.48"
"Delaware","118","3055","Pennsylvania","4/24/20","2226","829","42045","37.24"
"Elk","0","2","Pennsylvania","4/24/20","2","0","42047","0"
"Erie","3","72","Pennsylvania","4/24/20","48","24","42049","50"
"Fayette","1","75","Pennsylvania","4/24/20","66","9","42051","13.64"
"Forest","0","7","Pennsylvania","4/24/20","7","0","42053","0"
"Franklin","11","164","Pennsylvania","4/24/20","89","75","42055","84.27"
"Fulton","0","2","Pennsylvania","4/24/20","2","0","42057","0"
"Greene","0","25","Pennsylvania","4/24/20","24","1","42059","4.17"
"Huntingdon","1","20","Pennsylvania","4/24/20","12","8","42061","66.67"
"Indiana","2","62","Pennsylvania","4/24/20","45","17","42063","37.78"
"Jefferson","0","4","Pennsylvania","4/24/20","2","2","42065","100"
"Juniata","2","77","Pennsylvania","4/24/20","63","14","42067","22.22"
"Lackawanna","20","735","Pennsylvania","4/24/20","592","143","42069","24.16"
"Lancaster","60","1451","Pennsylvania","4/24/20","1030","421","42071","40.87"
"Lawrence","0","61","Pennsylvania","4/24/20","59","2","42073","3.39"
"Lebanon","22","575","Pennsylvania","4/24/20","424","151","42075","35.61"
"Lehigh","55","2478","Pennsylvania","4/24/20","2092","386","42077","18.45"
"Luzerne","36","1921","Pennsylvania","4/24/20","1668","253","42079","15.17"
"Lycoming","2","48","Pennsylvania","4/24/20","32","16","42081","50"
"McKean","0","5","Pennsylvania","4/24/20","4","1","42083","25"
"Mercer","1","64","Pennsylvania","4/24/20","56","8","42085","14.29"
"Mifflin","1","26","Pennsylvania","4/24/20","17","9","42087","52.94"
"Monroe","15","1037","Pennsylvania","4/24/20","929","108","42089","11.63"
"Montgomery","120","3525","Pennsylvania","4/24/20","2684","841","42091","31.33"
"Montour","0","47","Pennsylvania","4/24/20","48","-1","42093","-2.08"
"Northampton","54","1716","Pennsylvania","4/24/20","1335","381","42095","28.54"
"Northumberland","3","84","Pennsylvania","4/24/20","60","24","42097","40"
"Perry","1","25","Pennsylvania","4/24/20","18","7","42099","38.89"
"Philadelphia","473","11877","Pennsylvania","4/24/20","8563","3314","42101","38.7"
"Pike","7","338","Pennsylvania","4/24/20","290","48","42103","16.55"
"Potter","0","4","Pennsylvania","4/24/20","4","0","42105","0"
"Schuylkill","8","300","Pennsylvania","4/24/20","244","56","42107","22.95"
"Snyder","1","31","Pennsylvania","4/24/20","25","6","42109","24"
"Somerset","1","22","Pennsylvania","4/24/20","15","7","42111","46.67"
"Sullivan","0","1","Pennsylvania","4/24/20","1","0","42113","0"
"Susquehanna","3","76","Pennsylvania","4/24/20","58","18","42115","31.03"
"Tioga","0","14","Pennsylvania","4/24/20","14","0","42117","0"
"Union","1","31","Pennsylvania","4/24/20","26","5","42119","19.23"
"Venango","0","7","Pennsylvania","4/24/20","6","1","42121","16.67"
"Warren","0","1","Pennsylvania","4/24/20","1","0","42123","0"
"Washington","3","96","Pennsylvania","4/24/20","75","21","42125","28"
"Wayne","1","88","Pennsylvania","4/24/20","81","7","42127","8.64"
"Westmoreland","10","317","Pennsylvania","4/24/20","249","68","42129","27.31"
"Wyoming","0","17","Pennsylvania","4/24/20","16","1","42131","6.25"
"York","17","563","Pennsylvania","4/24/20","443","120","42133","27.09"
"","30","1276","Puerto Rico","4/24/20","1068","208",,"19.48"
"Bristol","6","102","Rhode Island","4/24/20","57","45","44001","78.95"
"Kent","24","466","Rhode Island","4/24/20","299","167","44003","55.85"
"Newport","3","124","Rhode Island","4/24/20","103","21","44005","20.39"
"Providence","271","4603","Rhode Island","4/24/20","2703","1900","44007","70.29"
"Washington","7","272","Rhode Island","4/24/20","225","47","44009","20.89"
"Abbeville","2","24","South Carolina","4/24/20","10","14","45001","140"
"Aiken","3","86","South Carolina","4/24/20","66","20","45003","30.3"
"Allendale","0","8","South Carolina","4/24/20","6","2","45005","33.33"
"Anderson","2","140","South Carolina","4/24/20","127","13","45007","10.24"
"Bamberg","0","7","South Carolina","4/24/20","7","0","45009","0"
"Barnwell","1","10","South Carolina","4/24/20","5","5","45011","100"
"Beaufort","4","244","South Carolina","4/24/20","214","30","45013","14.02"
"Berkeley","6","162","South Carolina","4/24/20","123","39","45015","31.71"
"Calhoun","0","6","South Carolina","4/24/20","6","0","45017","0"
"Charleston","4","416","South Carolina","4/24/20","385","31","45019","8.05"
"Cherokee","0","13","South Carolina","4/24/20","13","0","45021","0"
"Chester","0","26","South Carolina","4/24/20","23","3","45023","13.04"
"Chesterfield","1","40","South Carolina","4/24/20","31","9","45025","29.03"
"Clarendon","8","163","South Carolina","4/24/20","106","57","45027","53.77"
"Colleton","0","24","South Carolina","4/24/20","21","3","45029","14.29"
"Darlington","7","99","South Carolina","4/24/20","52","47","45031","90.38"
"Dillon","3","34","South Carolina","4/24/20","11","23","45033","209.09"
"Dorchester","0","84","South Carolina","4/24/20","83","1","45035","1.2"
"Edgefield","2","22","South Carolina","4/24/20","10","12","45037","120"
"Fairfield","0","28","South Carolina","4/24/20","25","3","45039","12"
"Florence","15","225","South Carolina","4/24/20","121","104","45041","85.95"
"Georgetown","0","37","South Carolina","4/24/20","34","3","45043","8.82"
"Greenville","16","557","South Carolina","4/24/20","447","110","45045","24.61"
"Greenwood","1","42","South Carolina","4/24/20","32","10","45047","31.25"
"Hampton","0","21","South Carolina","4/24/20","18","3","45049","16.67"
"Horry","4","198","South Carolina","4/24/20","167","31","45051","18.56"
"Jasper","0","17","South Carolina","4/24/20","15","2","45053","13.33"
"Kershaw","3","211","South Carolina","4/24/20","190","21","45055","11.05"
"Lancaster","1","80","South Carolina","4/24/20","73","7","45057","9.59"
"Laurens","0","21","South Carolina","4/24/20","19","2","45059","10.53"
"Lee","1","48","South Carolina","4/24/20","40","8","45061","20"
"Lexington","5","302","South Carolina","4/24/20","267","35","45063","13.11"
"Marion","1","24","South Carolina","4/24/20","14","10","45067","71.43"
"Marlboro","1","35","South Carolina","4/24/20","25","10","45069","40"
"McCormick","0","6","South Carolina","4/24/20","5","1","45065","20"
"Newberry","0","22","South Carolina","4/24/20","23","-1","45071","-4.35"
"Oconee","1","20","South Carolina","4/24/20","14","6","45073","42.86"
"Orangeburg","2","53","South Carolina","4/24/20","41","12","45075","29.27"
"Pickens","1","44","South Carolina","4/24/20","36","8","45077","22.22"
"Richland","22","766","South Carolina","4/24/20","612","154","45079","25.16"
"Saluda","2","23","South Carolina","4/24/20","9","14","45081","155.56"
"Spartanburg","5","238","South Carolina","4/24/20","204","34","45083","16.67"
"Sumter","5","209","South Carolina","4/24/20","176","33","45085","18.75"
"Union","0","25","South Carolina","4/24/20","23","2","45087","8.7"
"Williamsburg","3","38","South Carolina","4/24/20","19","19","45089","100"
"York","3","172","South Carolina","4/24/20","151","21","45091","13.91"
"Aurora","0","1","South Dakota","4/24/20","1","0","46003","0"
"Beadle","0","21","South Dakota","4/24/20","21","0","46005","0"
"Bon Homme","0","4","South Dakota","4/24/20","4","0","46009","0"
"Brookings","0","9","South Dakota","4/24/20","9","0","46011","0"
"Brown","2","28","South Dakota","4/24/20","17","11","46013","64.71"
"Charles Mix","0","4","South Dakota","4/24/20","4","0","46023","0"
"Clark","0","1","South Dakota","4/24/20","1","0","46025","0"
"Clay","0","5","South Dakota","4/24/20","5","0","46027","0"
"Codington","0","14","South Dakota","4/24/20","13","1","46029","7.69"
"Corson","0","1","South Dakota","4/24/20","1","0","46031","0"
"Davison","0","5","South Dakota","4/24/20","3","2","46035","66.67"
"Deuel","0","1","South Dakota","4/24/20","1","0","46039","0"
"Fall River","0","1","South Dakota","4/24/20","1","0","46047","0"
"Faulk","0","1","South Dakota","4/24/20","1","0","46049","0"
"Hamlin","0","2","South Dakota","4/24/20","2","0","46057","0"
"Hughes","0","7","South Dakota","4/24/20","5","2","46065","40"
"Hutchinson","0","2","South Dakota","4/24/20","2","0","46067","0"
"Hyde","0","1","South Dakota","4/24/20","1","0","46069","0"
"Jerauld","0","6","South Dakota","4/24/20","4","2","46073","50"
"Lake","0","4","South Dakota","4/24/20","3","1","46079","33.33"
"Lawrence","0","9","South Dakota","4/24/20","9","0","46081","0"
"Lincoln","6","116","South Dakota","4/24/20","77","39","46083","50.65"
"Lyman","0","2","South Dakota","4/24/20","2","0","46085","0"
"Marshall","0","1","South Dakota","4/24/20","1","0","46091","0"
"McCook","0","4","South Dakota","4/24/20","3","1","46087","33.33"
"Meade","0","1","South Dakota","4/24/20","1","0","46093","0"
"Miner","0","1","South Dakota","4/24/20","1","0","46097","0"
"Minnehaha","79","1707","South Dakota","4/24/20","1157","550","46099","47.54"
"Moody","0","2","South Dakota","4/24/20","1","1","46101","100"
"Oglala Lakota","0","1","South Dakota","4/24/20","1","0","46102","0"
"Pennington","0","11","South Dakota","4/24/20","10","1","46103","10"
"Roberts","0","4","South Dakota","4/24/20","4","0","46109","0"
"Sanborn","0","3","South Dakota","4/24/20","3","0","46111","0"
"Spink","0","3","South Dakota","4/24/20","3","0","46115","0"
"Stanley","0","1","South Dakota","4/24/20","0","1","46117","1"
"Sully","0","1","South Dakota","4/24/20","1","0","46119","0"
"Todd","0","1","South Dakota","4/24/20","1","0","46121","0"
"Turner","1","13","South Dakota","4/24/20","5","8","46125","160"
"Union","1","11","South Dakota","4/24/20","4","7","46127","175"
"Walworth","0","5","South Dakota","4/24/20","5","0","46129","0"
"Yankton","0","25","South Dakota","4/24/20","23","2","46135","8.7"
"Anderson","1","24","Tennessee","4/24/20","16","8","47001","50"
"Bedford","14","138","Tennessee","4/24/20","40","98","47003","245"
"Benton","0","5","Tennessee","4/24/20","4","1","47005","25"
"Bledsoe","83","585","Tennessee","4/24/20","7","578","47007","8257.14"
"Blount","0","49","Tennessee","4/24/20","46","3","47009","6.52"
"Bradley","1","40","Tennessee","4/24/20","35","5","47011","14.29"
"Campbell","0","13","Tennessee","4/24/20","12","1","47013","8.33"
"Cannon","0","10","Tennessee","4/24/20","8","2","47015","25"
"Carroll","0","14","Tennessee","4/24/20","13","1","47017","7.69"
"Carter","0","7","Tennessee","4/24/20","5","2","47019","40"
"Cheatham","2","32","Tennessee","4/24/20","20","12","47021","60"
"Chester","1","10","Tennessee","4/24/20","6","4","47023","66.67"
"Claiborne","0","5","Tennessee","4/24/20","5","0","47025","0"
"Clay","0","5","Tennessee","4/24/20","5","0","47027","0"
"Cocke","0","14","Tennessee","4/24/20","11","3","47029","27.27"
"Coffee","1","27","Tennessee","4/24/20","17","10","47031","58.82"
"Crockett","1","6","Tennessee","4/24/20","0","6","47033","1"
"Cumberland","2","67","Tennessee","4/24/20","55","12","47035","21.82"
"Davidson","101","2011","Tennessee","4/24/20","1307","704","47037","53.86"
"Decatur","0","4","Tennessee","4/24/20","3","1","47039","33.33"
"DeKalb","0","12","Tennessee","4/24/20","10","2","47041","20"
"Dickson","3","63","Tennessee","4/24/20","39","24","47043","61.54"
"Dyer","1","30","Tennessee","4/24/20","24","6","47045","25"
"Fayette","1","48","Tennessee","4/24/20","42","6","47047","14.29"
"Fentress","0","4","Tennessee","4/24/20","4","0","47049","0"
"Franklin","1","29","Tennessee","4/24/20","23","6","47051","26.09"
"Gibson","1","34","Tennessee","4/24/20","25","9","47053","36"
"Giles","0","6","Tennessee","4/24/20","5","1","47055","20"
"Grainger","0","4","Tennessee","4/24/20","4","0","47057","0"
"Greene","2","41","Tennessee","4/24/20","29","12","47059","41.38"
"Grundy","0","28","Tennessee","4/24/20","25","3","47061","12"
"Hamblen","1","14","Tennessee","4/24/20","7","7","47063","100"
"Hamilton","3","133","Tennessee","4/24/20","110","23","47065","20.91"
"Hardeman","0","9","Tennessee","4/24/20","7","2","47069","28.57"
"Hardin","0","4","Tennessee","4/24/20","4","0","47071","0"
"Hawkins","0","28","Tennessee","4/24/20","26","2","47073","7.69"
"Haywood","0","15","Tennessee","4/24/20","12","3","47075","25"
"Henderson","0","5","Tennessee","4/24/20","2","3","47077","150"
"Henry","0","11","Tennessee","4/24/20","8","3","47079","37.5"
"Hickman","3","20","Tennessee","4/24/20","2","18","47081","900"
"Houston","0","4","Tennessee","4/24/20","4","0","47083","0"
"Humphreys","0","7","Tennessee","4/24/20","4","3","47085","75"
"Jackson","0","7","Tennessee","4/24/20","6","1","47087","16.67"
"Jefferson","0","17","Tennessee","4/24/20","16","1","47089","6.25"
"Johnson","0","2","Tennessee","4/24/20","2","0","47091","0"
"Knox","3","204","Tennessee","4/24/20","182","22","47093","12.09"
"Lake","6","46","Tennessee","4/24/20","4","42","47095","1050"
"Lauderdale","1","17","Tennessee","4/24/20","12","5","47097","41.67"
"Lawrence","0","16","Tennessee","4/24/20","15","1","47099","6.67"
"Lewis","0","2","Tennessee","4/24/20","2","0","47101","0"
"Lincoln","0","11","Tennessee","4/24/20","9","2","47103","22.22"
"Loudon","1","25","Tennessee","4/24/20","19","6","47105","31.58"
"Macon","1","35","Tennessee","4/24/20","30","5","47111","16.67"
"Madison","4","98","Tennessee","4/24/20","73","25","47113","34.25"
"Marion","0","28","Tennessee","4/24/20","27","1","47115","3.7"
"Marshall","1","22","Tennessee","4/24/20","12","10","47117","83.33"
"Maury","0","36","Tennessee","4/24/20","33","3","47119","9.09"
"McMinn","0","7","Tennessee","4/24/20","6","1","47107","16.67"
"McNairy","0","11","Tennessee","4/24/20","9","2","47109","22.22"
"Meigs","0","5","Tennessee","4/24/20","3","2","47121","66.67"
"Monroe","0","12","Tennessee","4/24/20","9","3","47123","33.33"
"Montgomery","4","132","Tennessee","4/24/20","102","30","47125","29.41"
"Moore","0","3","Tennessee","4/24/20","1","2","47127","200"
"Morgan","0","5","Tennessee","4/24/20","5","0","47129","0"
"Obion","1","12","Tennessee","4/24/20","8","4","47131","50"
"Out of TN","1","260","Tennessee","4/24/20","250","10","80047","4"
"Overton","0","7","Tennessee","4/24/20","7","0","47133","0"
"Perry","0","8","Tennessee","4/24/20","6","2","47135","33.33"
"Polk","0","6","Tennessee","4/24/20","5","1","47139","20"
"Putnam","1","101","Tennessee","4/24/20","93","8","47141","8.6"
"Rhea","1","4","Tennessee","4/24/20","0","4","47143","1"
"Roane","0","8","Tennessee","4/24/20","7","1","47145","14.29"
"Robertson","4","125","Tennessee","4/24/20","95","30","47147","31.58"
"Rutherford","13","364","Tennessee","4/24/20","271","93","47149","34.32"
"Scott","0","11","Tennessee","4/24/20","11","0","47151","0"
"Sequatchie","0","3","Tennessee","4/24/20","3","0","47153","0"
"Sevier","2","35","Tennessee","4/24/20","22","13","47155","59.09"
"Shelby","73","2001","Tennessee","4/24/20","1492","509","47157","34.12"
"Smith","1","19","Tennessee","4/24/20","11","8","47159","72.73"
"Stewart","0","6","Tennessee","4/24/20","4","2","47161","50"
"Sullivan","0","47","Tennessee","4/24/20","45","2","47163","4.44"
"Sumner","12","573","Tennessee","4/24/20","491","82","47165","16.7"
"Tipton","5","88","Tennessee","4/24/20","54","34","47167","62.96"
"Trousdale","1","29","Tennessee","4/24/20","19","10","47169","52.63"
"Unicoi","0","1","Tennessee","4/24/20","1","0","47171","0"
"Union","0","3","Tennessee","4/24/20","3","0","47173","0"
"Van Buren","0","1","Tennessee","4/24/20","1","0","47175","0"
"Warren","0","5","Tennessee","4/24/20","4","1","47177","25"
"Washington","0","46","Tennessee","4/24/20","46","0","47179","0"
"Wayne","0","2","Tennessee","4/24/20","2","0","47181","0"
"Weakley","1","10","Tennessee","4/24/20","6","4","47183","66.67"
"White","0","4","Tennessee","4/24/20","4","0","47185","0"
"Williamson","8","377","Tennessee","4/24/20","324","53","47187","16.36"
"Wilson","5","197","Tennessee","4/24/20","161","36","47189","22.36"
"Anderson","2","18","Texas","4/24/20","6","12","48001","200"
"Andrews","0","19","Texas","4/24/20","19","0","48003","0"
"Angelina","1","33","Texas","4/24/20","23","10","48005","43.48"
"Aransas","0","2","Texas","4/24/20","2","0","48007","0"
"Armstrong","0","1","Texas","4/24/20","1","0","48011","0"
"Atascosa","1","14","Texas","4/24/20","10","4","48013","40"
"Austin","0","12","Texas","4/24/20","12","0","48015","0"
"Bandera","0","4","Texas","4/24/20","4","0","48019","0"
"Bastrop","2","57","Texas","4/24/20","42","15","48021","35.71"
"Bee","0","6","Texas","4/24/20","5","1","48025","20"
"Bell","5","161","Texas","4/24/20","124","37","48027","29.84"
"Bexar","59","1334","Texas","4/24/20","918","416","48029","45.32"
"Blanco","0","6","Texas","4/24/20","5","1","48031","20"
"Bosque","0","3","Texas","4/24/20","1","2","48035","200"
"Bowie","2","67","Texas","4/24/20","53","14","48037","26.42"
"Brazoria","19","417","Texas","4/24/20","285","132","48039","46.32"
"Brazos","2","181","Texas","4/24/20","164","17","48041","10.37"
"Brooks","0","1","Texas","4/24/20","0","1","48047","1"
"Brown","1","17","Texas","4/24/20","12","5","48049","41.67"
"Burleson","0","11","Texas","4/24/20","9","2","48051","22.22"
"Burnet","1","14","Texas","4/24/20","8","6","48053","75"
"Caldwell","0","10","Texas","4/24/20","7","3","48055","42.86"
"Calhoun","0","23","Texas","4/24/20","21","2","48057","9.52"
"Callahan","0","1","Texas","4/24/20","1","0","48059","0"
"Cameron","11","344","Texas","4/24/20","270","74","48061","27.41"
"Camp","0","6","Texas","4/24/20","6","0","48063","0"
"Carson","0","1","Texas","4/24/20","0","1","48065","1"
"Cass","1","13","Texas","4/24/20","6","7","48067","116.67"
"Castro","0","13","Texas","4/24/20","11","2","48069","18.18"
"Chambers","1","41","Texas","4/24/20","34","7","48071","20.59"
"Cherokee","0","12","Texas","4/24/20","10","2","48073","20"
"Childress","0","1","Texas","4/24/20","0","1","48075","1"
"Clay","0","3","Texas","4/24/20","3","0","48077","0"
"Cochran","0","1","Texas","4/24/20","0","1","48079","1"
"Coleman","0","1","Texas","4/24/20","0","1","48083","1"
"Collin","19","639","Texas","4/24/20","505","134","48085","26.53"
"Colorado","0","10","Texas","4/24/20","7","3","48089","42.86"
"Comal","1","48","Texas","4/24/20","43","5","48091","11.63"
"Comanche","0","4","Texas","4/24/20","3","1","48093","33.33"
"Concho","0","1","Texas","4/24/20","1","0","48095","0"
"Cooke","0","4","Texas","4/24/20","4","0","48097","0"
"Coryell","5","103","Texas","4/24/20","71","32","48099","45.07"
"Crane","0","2","Texas","4/24/20","2","0","48103","0"
"Crosby","0","2","Texas","4/24/20","1","1","48107","100"
"Dallam","0","4","Texas","4/24/20","3","1","48111","33.33"
"Dallas","92","2834","Texas","4/24/20","2190","644","48113","29.41"
"Dawson","1","18","Texas","4/24/20","12","6","48115","50"
"Deaf Smith","1","21","Texas","4/24/20","11","10","48117","90.91"
"Delta","0","1","Texas","4/24/20","1","0","48119","0"
"Denton","17","680","Texas","4/24/20","564","116","48121","20.57"
"DeWitt","1","14","Texas","4/24/20","10","4","48123","40"
"Dickens","0","1","Texas","4/24/20","1","0","48125","0"
"Dimmit","0","1","Texas","4/24/20","1","0","48127","0"
"Donley","0","24","Texas","4/24/20","23","1","48129","4.35"
"Duval","0","1","Texas","4/24/20","1","0","48131","0"
"Eastland","0","3","Texas","4/24/20","3","0","48133","0"
"Ector","2","67","Texas","4/24/20","55","12","48135","21.82"
"El Paso","36","706","Texas","4/24/20","451","255","48141","56.54"
"Ellis","6","121","Texas","4/24/20","82","39","48139","47.56"
"Erath","0","13","Texas","4/24/20","13","0","48143","0"
"Falls","0","1","Texas","4/24/20","1","0","48145","0"
"Fannin","1","13","Texas","4/24/20","5","8","48147","160"
"Fayette","0","15","Texas","4/24/20","15","0","48149","0"
"Floyd","0","3","Texas","4/24/20","2","1","48153","50"
"Fort Bend","33","889","Texas","4/24/20","656","233","48157","35.52"
"Franklin","0","1","Texas","4/24/20","1","0","48159","0"
"Freestone","0","3","Texas","4/24/20","1","2","48161","200"
"Frio","0","1","Texas","4/24/20","1","0","48163","0"
"Gaines","0","2","Texas","4/24/20","2","0","48165","0"
"Galveston","14","522","Texas","4/24/20","421","101","48167","23.99"
"Gillespie","0","1","Texas","4/24/20","1","0","48171","0"
"Goliad","0","6","Texas","4/24/20","5","1","48175","20"
"Gonzales","0","4","Texas","4/24/20","2","2","48177","100"
"Gray","2","32","Texas","4/24/20","16","16","48179","100"
"Grayson","0","19","Texas","4/24/20","19","0","48181","0"
"Gregg","1","59","Texas","4/24/20","50","9","48183","18"
"Grimes","0","13","Texas","4/24/20","10","3","48185","30"
"Guadalupe","2","64","Texas","4/24/20","53","11","48187","20.75"
"Hale","1","19","Texas","4/24/20","11","8","48189","72.73"
"Hamilton","0","5","Texas","4/24/20","5","0","48193","0"
"Hansford","0","2","Texas","4/24/20","1","1","48195","100"
"Hardin","3","92","Texas","4/24/20","69","23","48199","33.33"
"Harris","146","5482","Texas","4/24/20","4460","1022","48201","22.91"
"Harrison","4","69","Texas","4/24/20","40","29","48203","72.5"
"Hartley","1","4","Texas","4/24/20","0","4","48205","1"
"Hays","4","147","Texas","4/24/20","117","30","48209","25.64"
"Hemphill","0","1","Texas","4/24/20","1","0","48211","0"
"Henderson","1","22","Texas","4/24/20","12","10","48213","83.33"
"Hidalgo","8","290","Texas","4/24/20","235","55","48215","23.4"
"Hill","1","15","Texas","4/24/20","10","5","48217","50"
"Hockley","1","19","Texas","4/24/20","15","4","48219","26.67"
"Hood","0","17","Texas","4/24/20","17","0","48221","0"
"Hopkins","0","4","Texas","4/24/20","4","0","48223","0"
"Houston","1","6","Texas","4/24/20","0","6","48225","1"
"Howard","0","4","Texas","4/24/20","1","3","48227","300"
"Hunt","2","38","Texas","4/24/20","25","13","48231","52"
"Hutchinson","1","10","Texas","4/24/20","6","4","48233","66.67"
"Jack","0","4","Texas","4/24/20","3","1","48237","33.33"
"Jackson","0","6","Texas","4/24/20","4","2","48239","50"
"Jasper","1","14","Texas","4/24/20","7","7","48241","100"
"Jefferson","12","240","Texas","4/24/20","157","83","48245","52.87"
"Jim Hogg","0","1","Texas","4/24/20","0","1","48247","1"
"Jim Wells","0","2","Texas","4/24/20","2","0","48249","0"
"Johnson","2","54","Texas","4/24/20","37","17","48251","45.95"
"Jones","1","7","Texas","4/24/20","3","4","48253","133.33"
"Karnes","0","3","Texas","4/24/20","3","0","48255","0"
"Kaufman","3","62","Texas","4/24/20","38","24","48257","63.16"
"Kendall","0","15","Texas","4/24/20","14","1","48259","7.14"
"Kerr","0","5","Texas","4/24/20","4","1","48265","25"
"Kleberg","0","7","Texas","4/24/20","5","2","48273","40"
"Knox","0","1","Texas","4/24/20","1","0","48275","0"
"La Salle","0","1","Texas","4/24/20","1","0","48283","0"
"Lamar","0","8","Texas","4/24/20","7","1","48277","14.29"
"Lamb","0","2","Texas","4/24/20","2","0","48279","0"
"Lampasas","0","2","Texas","4/24/20","2","0","48281","0"
"Lavaca","0","5","Texas","4/24/20","4","1","48285","25"
"Lee","0","2","Texas","4/24/20","2","0","48287","0"
"Leon","0","5","Texas","4/24/20","5","0","48289","0"
"Liberty","2","37","Texas","4/24/20","25","12","48291","48"
"Limestone","0","11","Texas","4/24/20","11","0","48293","0"
"Live Oak","0","5","Texas","4/24/20","3","2","48297","66.67"
"Llano","0","3","Texas","4/24/20","3","0","48299","0"
"Lubbock","13","494","Texas","4/24/20","401","93","48303","23.19"
"Lynn","0","5","Texas","4/24/20","5","0","48305","0"
"Madison","0","2","Texas","4/24/20","1","1","48313","100"
"Marion","0","6","Texas","4/24/20","3","3","48315","100"
"Martin","0","2","Texas","4/24/20","2","0","48317","0"
"Mason","0","1","Texas","4/24/20","1","0","48319","0"
"Matagorda","1","59","Texas","4/24/20","51","8","48321","15.69"
"Maverick","0","15","Texas","4/24/20","12","3","48323","25"
"McCulloch","0","3","Texas","4/24/20","3","0","48307","0"
"McLennan","1","81","Texas","4/24/20","76","5","48309","6.58"
"Medina","0","17","Texas","4/24/20","15","2","48325","13.33"
"Midland","4","69","Texas","4/24/20","41","28","48329","68.29"
"Milam","1","13","Texas","4/24/20","9","4","48331","44.44"
"Mitchell","0","1","Texas","4/24/20","1","0","48335","0"
"Montague","0","6","Texas","4/24/20","5","1","48337","20"
"Montgomery","18","496","Texas","4/24/20","370","126","48339","34.05"
"Moore","16","186","Texas","4/24/20","75","111","48341","148"
"Morris","0","5","Texas","4/24/20","4","1","48343","25"
"Motley","0","1","Texas","4/24/20","1","0","48345","0"
"Nacogdoches","6","115","Texas","4/24/20","75","40","48347","53.33"
"Navarro","1","26","Texas","4/24/20","20","6","48349","30"
"Newton","0","2","Texas","4/24/20","2","0","48351","0"
"Nolan","0","1","Texas","4/24/20","0","1","48353","1"
"Nueces","1","91","Texas","4/24/20","87","4","48355","4.6"
"Ochiltree","0","1","Texas","4/24/20","0","1","48357","1"
"Oldham","0","3","Texas","4/24/20","3","0","48359","0"
"Orange","2","63","Texas","4/24/20","50","13","48361","26"
"Palo Pinto","0","7","Texas","4/24/20","7","0","48363","0"
"Panola","6","75","Texas","4/24/20","36","39","48365","108.33"
"Parker","0","23","Texas","4/24/20","20","3","48367","15"
"Parmer","1","4","Texas","4/24/20","0","4","48369","1"
"Pecos","0","6","Texas","4/24/20","5","1","48371","20"
"Polk","1","18","Texas","4/24/20","14","4","48373","28.57"
"Potter","17","221","Texas","4/24/20","101","120","48375","118.81"
"Rains","0","2","Texas","4/24/20","2","0","48379","0"
"Randall","6","137","Texas","4/24/20","93","44","48381","47.31"
"Red River","0","1","Texas","4/24/20","1","0","48387","0"
"Reeves","0","2","Texas","4/24/20","2","0","48389","0"
"Roberts","0","2","Texas","4/24/20","1","1","48393","100"
"Robertson","0","2","Texas","4/24/20","2","0","48395","0"
"Rockwall","1","49","Texas","4/24/20","39","10","48397","25.64"
"Rusk","0","30","Texas","4/24/20","27","3","48401","11.11"
"Sabine","0","1","Texas","4/24/20","1","0","48403","0"
"San Augustine","0","16","Texas","4/24/20","14","2","48405","14.29"
"San Jacinto","0","10","Texas","4/24/20","10","0","48407","0"
"San Patricio","0","11","Texas","4/24/20","8","3","48409","37.5"
"Scurry","0","2","Texas","4/24/20","2","0","48415","0"
"Shelby","5","86","Texas","4/24/20","53","33","48419","62.26"
"Sherman","1","10","Texas","4/24/20","6","4","48421","66.67"
"Smith","3","131","Texas","4/24/20","112","19","48423","16.96"
"Starr","0","7","Texas","4/24/20","7","0","48427","0"
"Stephens","0","1","Texas","4/24/20","1","0","48429","0"
"Swisher","0","7","Texas","4/24/20","4","3","48437","75"
"Tarrant","76","1706","Texas","4/24/20","1175","531","48439","45.19"
"Taylor","16","203","Texas","4/24/20","89","114","48441","128.09"
"Terry","0","10","Texas","4/24/20","10","0","48445","0"
"Titus","1","15","Texas","4/24/20","8","7","48449","87.5"
"Tom Green","0","42","Texas","4/24/20","41","1","48451","2.44"
"Travis","44","1379","Texas","4/24/20","1074","305","48453","28.4"
"Trinity","0","8","Texas","4/24/20","7","1","48455","14.29"
"Tyler","0","6","Texas","4/24/20","6","0","48457","0"
"Upshur","1","13","Texas","4/24/20","9","4","48459","44.44"
"Uvalde","0","6","Texas","4/24/20","6","0","48463","0"
"Val Verde","0","12","Texas","4/24/20","12","0","48465","0"
"Van Zandt","0","13","Texas","4/24/20","11","2","48467","18.18"
"Victoria","2","105","Texas","4/24/20","89","16","48469","17.98"
"Walker","12","151","Texas","4/24/20","67","84","48471","125.37"
"Waller","1","27","Texas","4/24/20","23","4","48473","17.39"
"Washington","4","78","Texas","4/24/20","49","29","48477","59.18"
"Webb","11","321","Texas","4/24/20","245","76","48479","31.02"
"Wharton","1","36","Texas","4/24/20","32","4","48481","12.5"
"Wheeler","0","3","Texas","4/24/20","0","3","48483","1"
"Wichita","1","62","Texas","4/24/20","57","5","48485","8.77"
"Wilbarger","0","1","Texas","4/24/20","1","0","48487","0"
"Willacy","0","10","Texas","4/24/20","7","3","48489","42.86"
"Williamson","6","182","Texas","4/24/20","140","42","48491","30"
"Wilson","1","25","Texas","4/24/20","19","6","48493","31.58"
"Winkler","0","3","Texas","4/24/20","3","0","48495","0"
"Wise","1","14","Texas","4/24/20","8","6","48497","75"
"Wood","0","7","Texas","4/24/20","6","1","48499","16.67"
"Yoakum","0","1","Texas","4/24/20","0","1","48501","1"
"Young","0","4","Texas","4/24/20","4","0","48503","0"
"Zapata","0","7","Texas","4/24/20","6","1","48505","16.67"
"Zavala","0","1","Texas","4/24/20","1","0","48507","0"
"Bear River","1","59","Utah","4/24/20","54","5","00000","9.26"
"Central Utah","3","21","Utah","4/24/20","0","21","00000","1"
"Davis","4","256","Utah","4/24/20","227","29","49011","12.78"
"Salt Lake","74","1975","Utah","4/24/20","1456","519","49035","35.65"
"San Juan","3","37","Utah","4/24/20","17","20","49037","117.65"
"Southeast Utah","1","8","Utah","4/24/20","0","8","00000","1"
"Southwest Utah","12","81","Utah","4/24/20","0","81","00000","1"
"Summit","6","351","Utah","4/24/20","311","40","49043","12.86"
"Tooele","1","47","Utah","4/24/20","38","9","49045","23.68"
"TriCounty","1","9","Utah","4/24/20","0","9","00000","1"
"Utah","38","669","Utah","4/24/20","403","266","49049","66"
"Wasatch","4","129","Utah","4/24/20","103","26","49051","25.24"
"Washington","-11","0","Utah","4/24/20","74","-74","49053","-100"
"Weber-Morgan","4","140","Utah","4/24/20","110","30","00000","27.27"
"Addison","1","61","Vermont","4/24/20","57","4","50001","7.02"
"Bennington","1","38","Vermont","4/24/20","33","5","50003","15.15"
"Caledonia","0","12","Vermont","4/24/20","10","2","50005","20"
"Chittenden","3","396","Vermont","4/24/20","378","18","50007","4.76"
"Essex","0","2","Vermont","4/24/20","1","1","50009","100"
"Franklin","0","90","Vermont","4/24/20","88","2","50011","2.27"
"Grand Isle","0","3","Vermont","4/24/20","3","0","50013","0"
"Lamoille","0","25","Vermont","4/24/20","22","3","50015","13.64"
"Orange","0","6","Vermont","4/24/20","5","1","50017","20"
"Orleans","0","9","Vermont","4/24/20","8","1","50019","12.5"
"Rutland","0","44","Vermont","4/24/20","41","3","50021","7.32"
"Washington","0","33","Vermont","4/24/20","30","3","50023","10"
"Windham","1","67","Vermont","4/24/20","60","7","50025","11.67"
"Windsor","1","38","Vermont","4/24/20","33","5","50027","15.15"
"","0","54","Virgin Islands","4/24/20","51","3",,"5.88"
"Accomack","10","100","Virginia","4/24/20","28","72","51001","257.14"
"Albemarle","2","72","Virginia","4/24/20","56","16","51003","28.57"
"Alexandria","32","547","Virginia","4/24/20","321","226","51510","70.4"
"Alleghany","0","5","Virginia","4/24/20","4","1","51005","25"
"Amelia","0","15","Virginia","4/24/20","13","2","51007","15.38"
"Amherst","0","9","Virginia","4/24/20","10","-1","51009","-10"
"Appomattox","1","12","Virginia","4/24/20","7","5","51011","71.43"
"Arlington","34","722","Virginia","4/24/20","485","237","51013","48.87"
"Augusta","2","34","Virginia","4/24/20","19","15","51015","78.95"
"Bedford","1","23","Virginia","4/24/20","17","6","51019","35.29"
"Botetourt","1","27","Virginia","4/24/20","23","4","51023","17.39"
"Bristol","0","1","Virginia","4/24/20","1","0","51520","0"
"Brunswick","1","14","Virginia","4/24/20","10","4","51025","40"
"Buchanan","0","12","Virginia","4/24/20","12","0","51027","0"
"Buckingham","1","31","Virginia","4/24/20","24","7","51029","29.17"
"Buena Vista","0","5","Virginia","4/24/20","5","0","51530","0"
"Campbell","0","10","Virginia","4/24/20","9","1","51031","11.11"
"Caroline","1","21","Virginia","4/24/20","11","10","51033","90.91"
"Carroll","0","3","Virginia","4/24/20","3","0","51035","0"
"Charles City","0","12","Virginia","4/24/20","10","2","51036","20"
"Charlotte","0","8","Virginia","4/24/20","8","0","51037","0"
"Charlottesville","1","45","Virginia","4/24/20","40","5","51540","12.5"
"Chesapeake","7","197","Virginia","4/24/20","147","50","51550","34.01"
"Chesterfield","19","423","Virginia","4/24/20","291","132","51041","45.36"
"Clarke","0","7","Virginia","4/24/20","6","1","51043","16.67"
"Colonial Heights","3","41","Virginia","4/24/20","19","22","51570","115.79"
"Covington","0","1","Virginia","4/24/20","1","0","51580","0"
"Craig","0","2","Virginia","4/24/20","2","0","51045","0"
"Culpeper","8","90","Virginia","4/24/20","32","58","51047","181.25"
"Cumberland","0","10","Virginia","4/24/20","8","2","51049","25"
"Danville","1","31","Virginia","4/24/20","22","9","51590","40.91"
"Dinwiddie","1","12","Virginia","4/24/20","7","5","51053","71.43"
"Emporia","2","18","Virginia","4/24/20","7","11","51595","157.14"
"Essex","0","3","Virginia","4/24/20","2","1","51057","50"
"Fairfax","151","2534","Virginia","4/24/20","1476","1058","51059","71.68"
"Fairfax City","3","26","Virginia","4/24/20","2","24","51600","1200"
"Falls Church","3","24","Virginia","4/24/20","0","24","51610","1"
"Fauquier","5","73","Virginia","4/24/20","35","38","51061","108.57"
"Floyd","0","1","Virginia","4/24/20","1","0","51063","0"
"Fluvanna","1","72","Virginia","4/24/20","64","8","51065","12.5"
"Franklin","1","19","Virginia","4/24/20","15","4","51067","26.67"
"Franklin City","1","15","Virginia","4/24/20","9","6","51620","66.67"
"Frederick","2","87","Virginia","4/24/20","76","11","51069","14.47"
"Fredericksburg","1","21","Virginia","4/24/20","15","6","51630","40"
"Galax","0","1","Virginia","4/24/20","1","0","51640","0"
"Giles","0","4","Virginia","4/24/20","4","0","51071","0"
"Gloucester","0","21","Virginia","4/24/20","20","1","51073","5"
"Goochland","2","69","Virginia","4/24/20","52","17","51075","32.69"
"Greene","0","10","Virginia","4/24/20","7","3","51079","42.86"
"Greensville","2","30","Virginia","4/24/20","18","12","51081","66.67"
"Halifax","1","16","Virginia","4/24/20","7","9","51083","128.57"
"Hampton","3","99","Virginia","4/24/20","78","21","51650","26.92"
"Hanover","4","100","Virginia","4/24/20","70","30","51085","42.86"
"Harrisonburg","20","355","Virginia","4/24/20","214","141","51660","65.89"
"Henrico","28","729","Virginia","4/24/20","532","197","51087","37.03"
"Henry","0","12","Virginia","4/24/20","10","2","51089","20"
"Highland","0","1","Virginia","4/24/20","0","1","51091","1"
"Hopewell","1","19","Virginia","4/24/20","14","5","51670","35.71"
"Isle of Wight","3","91","Virginia","4/24/20","69","22","51093","31.88"
"James City","2","150","Virginia","4/24/20","138","12","51095","8.7"
"King and Queen","0","2","Virginia","4/24/20","2","0","51097","0"
"King George","1","23","Virginia","4/24/20","18","5","51099","27.78"
"King William","0","3","Virginia","4/24/20","2","1","51101","50"
"Lancaster","0","1","Virginia","4/24/20","1","0","51103","0"
"Lee","0","8","Virginia","4/24/20","7","1","51105","14.29"
"Lexington","0","3","Virginia","4/24/20","3","0","51678","0"
"Loudoun","21","529","Virginia","4/24/20","385","144","51107","37.4"
"Louisa","1","38","Virginia","4/24/20","33","5","51109","15.15"
"Lunenburg","0","3","Virginia","4/24/20","3","0","51111","0"
"Lynchburg","1","48","Virginia","4/24/20","38","10","51680","26.32"
"Madison","1","14","Virginia","4/24/20","8","6","51113","75"
"Manassas","9","137","Virginia","4/24/20","72","65","51683","90.28"
"Manassas Park","3","44","Virginia","4/24/20","21","23","51685","109.52"
"Mathews","0","3","Virginia","4/24/20","3","0","51115","0"
"Mecklenburg","2","74","Virginia","4/24/20","62","12","51117","19.35"
"Middlesex","0","3","Virginia","4/24/20","3","0","51119","0"
"Montgomery","1","50","Virginia","4/24/20","40","10","51121","25"
"Nelson","0","7","Virginia","4/24/20","5","2","51125","40"
"New Kent","0","20","Virginia","4/24/20","17","3","51127","17.65"
"Newport News","1","107","Virginia","4/24/20","100","7","51700","7"
"Norfolk","5","141","Virginia","4/24/20","108","33","51710","30.56"
"Northampton","1","15","Virginia","4/24/20","5","10","51131","200"
"Northumberland","0","6","Virginia","4/24/20","5","1","51133","20"
"Norton","0","2","Virginia","4/24/20","0","2","51720","1"
"Nottoway","1","10","Virginia","4/24/20","5","5","51135","100"
"Orange","0","22","Virginia","4/24/20","19","3","51137","15.79"
"Page","3","30","Virginia","4/24/20","10","20","51139","200"
"Patrick","0","2","Virginia","4/24/20","0","2","51141","1"
"Petersburg","1","27","Virginia","4/24/20","21","6","51730","28.57"
"Pittsylvania","1","11","Virginia","4/24/20","6","5","51143","83.33"
"Poquoson","0","6","Virginia","4/24/20","6","0","51735","0"
"Portsmouth","5","100","Virginia","4/24/20","63","37","51740","58.73"
"Powhatan","0","9","Virginia","4/24/20","7","2","51145","28.57"
"Prince Edward","2","34","Virginia","4/24/20","17","17","51147","100"
"Prince George","0","29","Virginia","4/24/20","28","1","51149","3.57"
"Prince William","67","1110","Virginia","4/24/20","644","466","51153","72.36"
"Pulaski","0","10","Virginia","4/24/20","8","2","51155","25"
"Radford","0","2","Virginia","4/24/20","1","1","51750","100"
"Rappahannock","0","1","Virginia","4/24/20","1","0","51157","0"
"Richmond","8","66","Virginia","4/24/20","8","58","51159","725"
"Richmond City","9","267","Virginia","4/24/20","201","66","51760","32.84"
"Roanoke","3","39","Virginia","4/24/20","20","19","51161","95"
"Roanoke City","1","33","Virginia","4/24/20","24","9","51770","37.5"
"Rockbridge","0","5","Virginia","4/24/20","5","0","51163","0"
"Rockingham","13","176","Virginia","4/24/20","83","93","51165","112.05"
"Russell","0","2","Virginia","4/24/20","2","0","51167","0"
"Salem","0","8","Virginia","4/24/20","6","2","51775","33.33"
"Scott","0","5","Virginia","4/24/20","3","2","51169","66.67"
"Shenandoah","5","65","Virginia","4/24/20","33","32","51171","96.97"
"Smyth","0","13","Virginia","4/24/20","11","2","51173","18.18"
"Southampton","10","75","Virginia","4/24/20","7","68","51175","971.43"
"Spotsylvania","4","97","Virginia","4/24/20","69","28","51177","40.58"
"Stafford","9","193","Virginia","4/24/20","128","65","51179","50.78"
"Staunton","1","10","Virginia","4/24/20","4","6","51790","150"
"Suffolk","10","138","Virginia","4/24/20","70","68","51800","97.14"
"Surry","0","4","Virginia","4/24/20","3","1","51181","33.33"
"Sussex","2","28","Virginia","4/24/20","11","17","51183","154.55"
"Tazewell","0","4","Virginia","4/24/20","4","0","51185","0"
"Virginia Beach","9","331","Virginia","4/24/20","265","66","51810","24.91"
"Warren","2","36","Virginia","4/24/20","22","14","51187","63.64"
"Washington","0","30","Virginia","4/24/20","28","2","51191","7.14"
"Waynesboro","0","10","Virginia","4/24/20","7","3","51820","42.86"
"Westmoreland","1","14","Virginia","4/24/20","9","5","51193","55.56"
"Williamsburg","-1","14","Virginia","4/24/20","19","-5","51830","-26.32"
"Winchester","1","31","Virginia","4/24/20","22","9","51840","40.91"
"Wise","0","20","Virginia","4/24/20","17","3","51195","17.65"
"Wythe","0","11","Virginia","4/24/20","8","3","51197","37.5"
"York","1","43","Virginia","4/24/20","38","5","51199","13.16"
"Adams","1","45","Washington","4/24/20","40","5","53001","12.5"
"Asotin","1","16","Washington","4/24/20","11","5","53003","45.45"
"Benton","13","383","Washington","4/24/20","295","88","53005","29.83"
"Chelan","3","89","Washington","4/24/20","66","23","53007","34.85"
"Clallam","0","14","Washington","4/24/20","15","-1","53009","-6.67"
"Clark","2","293","Washington","4/24/20","277","16","53011","5.78"
"Columbia","0","1","Washington","4/24/20","1","0","53013","0"
"Cowlitz","1","36","Washington","4/24/20","26","10","53015","38.46"
"Douglas","5","69","Washington","4/24/20","34","35","53017","102.94"
"Ferry","0","1","Washington","4/24/20","1","0","53019","0"
"Franklin","11","239","Washington","4/24/20","162","77","53021","47.53"
"Grant","2","149","Washington","4/24/20","133","16","53025","12.03"
"Grays Harbor","0","12","Washington","4/24/20","12","0","53027","0"
"Island","-1","160","Washington","4/24/20","165","-5","53029","-3.03"
"Jefferson","0","28","Washington","4/24/20","28","0","53031","0"
"King","105","5637","Washington","4/24/20","4902","735","53033","14.99"
"Kitsap","1","143","Washington","4/24/20","135","8","53035","5.93"
"Kittitas","0","14","Washington","4/24/20","14","0","53037","0"
"Klickitat","0","16","Washington","4/24/20","16","0","53039","0"
"Lewis","1","25","Washington","4/24/20","19","6","53041","31.58"
"Lincoln","0","2","Washington","4/24/20","2","0","53043","0"
"Mason","0","22","Washington","4/24/20","21","1","53045","4.76"
"Okanogan","0","16","Washington","4/24/20","15","1","53047","6.67"
"Pacific","0","4","Washington","4/24/20","1","3","53049","300"
"Pend Oreille","0","2","Washington","4/24/20","2","0","53051","0"
"Pierce","18","1212","Washington","4/24/20","1086","126","53053","11.6"
"San Juan","0","14","Washington","4/24/20","13","1","53055","7.69"
"Skagit","9","283","Washington","4/24/20","218","65","53057","29.82"
"Skamania","0","3","Washington","4/24/20","3","0","53059","0"
"Snohomish","27","2243","Washington","4/24/20","2056","187","53061","9.1"
"Spokane","5","330","Washington","4/24/20","298","32","53063","10.74"
"Stevens","0","9","Washington","4/24/20","7","2","53065","28.57"
"Thurston","1","98","Washington","4/24/20","89","9","53067","10.11"
"Wahkiakum","0","2","Washington","4/24/20","2","0","53069","0"
"Walla Walla","3","48","Washington","4/24/20","26","22","53071","84.62"
"Whatcom","2","282","Washington","4/24/20","271","11","53073","4.06"
"Whitman","0","14","Washington","4/24/20","14","0","53075","0"
"Yakima","31","923","Washington","4/24/20","707","216","53077","30.55"
"Barbour","0","4","West Virginia","4/24/20","4","0","54001","0"
"Berkeley","3","129","West Virginia","4/24/20","106","23","54003","21.7"
"Boone","0","2","West Virginia","4/24/20","2","0","54005","0"
"Braxton","0","1","West Virginia","4/24/20","1","0","54007","0"
"Brooke","0","3","West Virginia","4/24/20","3","0","54009","0"
"Cabell","1","38","West Virginia","4/24/20","28","10","54011","35.71"
"Fayette","1","9","West Virginia","4/24/20","4","5","54019","125"
"Grant","0","1","West Virginia","4/24/20","1","0","54023","0"
"Greenbrier","0","3","West Virginia","4/24/20","3","0","54025","0"
"Hampshire","0","7","West Virginia","4/24/20","6","1","54027","16.67"
"Hancock","0","7","West Virginia","4/24/20","7","0","54029","0"
"Hardy","0","3","West Virginia","4/24/20","3","0","54031","0"
"Harrison","0","30","West Virginia","4/24/20","28","2","54033","7.14"
"Jackson","11","116","West Virginia","4/24/20","40","76","54035","190"
"Jefferson","1","70","West Virginia","4/24/20","60","10","54037","16.67"
"Kanawha","6","147","West Virginia","4/24/20","104","43","54039","41.35"
"Lewis","0","3","West Virginia","4/24/20","2","1","54041","50"
"Lincoln","0","1","West Virginia","4/24/20","1","0","54043","0"
"Logan","0","11","West Virginia","4/24/20","8","3","54045","37.5"
"Marion","0","44","West Virginia","4/24/20","42","2","54049","4.76"
"Marshall","0","9","West Virginia","4/24/20","8","1","54051","12.5"
"Mason","0","11","West Virginia","4/24/20","10","1","54053","10"
"McDowell","0","6","West Virginia","4/24/20","6","0","54047","0"
"Mercer","0","9","West Virginia","4/24/20","8","1","54055","12.5"
"Mineral","1","12","West Virginia","4/24/20","8","4","54057","50"
"Mingo","0","2","West Virginia","4/24/20","2","0","54059","0"
"Monongalia","2","97","West Virginia","4/24/20","83","14","54061","16.87"
"Monroe","0","5","West Virginia","4/24/20","2","3","54063","150"
"Morgan","0","9","West Virginia","4/24/20","8","1","54065","12.5"
"Nicholas","0","6","West Virginia","4/24/20","3","3","54067","100"
"Ohio","0","25","West Virginia","4/24/20","22","3","54069","13.64"
"Pendleton","0","3","West Virginia","4/24/20","2","1","54071","50"
"Pleasants","0","2","West Virginia","4/24/20","1","1","54073","100"
"Preston","1","12","West Virginia","4/24/20","6","6","54077","100"
"Putnam","0","16","West Virginia","4/24/20","14","2","54079","14.29"
"Raleigh","0","9","West Virginia","4/24/20","7","2","54081","28.57"
"Randolph","0","4","West Virginia","4/24/20","4","0","54083","0"
"Roane","0","3","West Virginia","4/24/20","2","1","54087","50"
"Summers","0","1","West Virginia","4/24/20","1","0","54089","0"
"Taylor","0","5","West Virginia","4/24/20","5","0","54091","0"
"Tucker","0","4","West Virginia","4/24/20","4","0","54093","0"
"Tyler","0","3","West Virginia","4/24/20","3","0","54095","0"
"Upshur","0","4","West Virginia","4/24/20","4","0","54097","0"
"Wayne","1","81","West Virginia","4/24/20","74","7","54099","9.46"
"Wetzel","0","3","West Virginia","4/24/20","3","0","54103","0"
"Wirt","0","3","West Virginia","4/24/20","2","1","54105","50"
"Wood","1","36","West Virginia","4/24/20","29","7","54107","24.14"
"Wyoming","0","1","West Virginia","4/24/20","1","0","54109","0"
"Adams","0","4","Wisconsin","4/24/20","4","0","55001","0"
"Ashland","0","2","Wisconsin","4/24/20","2","0","55003","0"
"Barron","0","6","Wisconsin","4/24/20","6","0","55005","0"
"Bayfield","0","3","Wisconsin","4/24/20","3","0","55007","0"
"Brown","61","605","Wisconsin","4/24/20","180","425","55009","236.11"
"Buffalo","0","4","Wisconsin","4/24/20","4","0","55011","0"
"Calumet","0","7","Wisconsin","4/24/20","5","2","55015","40"
"Chippewa","0","20","Wisconsin","4/24/20","20","0","55017","0"
"Clark","1","19","Wisconsin","4/24/20","12","7","55019","58.33"
"Columbia","0","27","Wisconsin","4/24/20","27","0","55021","0"
"Crawford","0","3","Wisconsin","4/24/20","3","0","55023","0"
"Dane","5","395","Wisconsin","4/24/20","359","36","55025","10.03"
"Dodge","0","21","Wisconsin","4/24/20","20","1","55027","5"
"Door","0","9","Wisconsin","4/24/20","9","0","55029","0"
"Douglas","0","9","Wisconsin","4/24/20","7","2","55031","28.57"
"Dunn","0","9","Wisconsin","4/24/20","9","0","55033","0"
"Eau Claire","0","23","Wisconsin","4/24/20","22","1","55035","4.55"
"Florence","0","2","Wisconsin","4/24/20","2","0","55037","0"
"Fond du Lac","1","67","Wisconsin","4/24/20","61","6","55039","9.84"
"Grant","2","27","Wisconsin","4/24/20","13","14","55043","107.69"
"Green","0","10","Wisconsin","4/24/20","9","1","55045","11.11"
"Green Lake","0","1","Wisconsin","4/24/20","1","0","55047","0"
"Iowa","0","7","Wisconsin","4/24/20","6","1","55049","16.67"
"Iron","0","2","Wisconsin","4/24/20","2","0","55051","0"
"Jackson","0","12","Wisconsin","4/24/20","11","1","55053","9.09"
"Jefferson","2","38","Wisconsin","4/24/20","27","11","55055","40.74"
"Juneau","1","11","Wisconsin","4/24/20","7","4","55057","57.14"
"Kenosha","14","314","Wisconsin","4/24/20","218","96","55059","44.04"
"Kewaunee","0","9","Wisconsin","4/24/20","8","1","55061","12.5"
"La Crosse","0","25","Wisconsin","4/24/20","25","0","55063","0"
"Lafayette","0","4","Wisconsin","4/24/20","3","1","55065","33.33"
"Manitowoc","1","9","Wisconsin","4/24/20","5","4","55071","80"
"Marathon","0","17","Wisconsin","4/24/20","16","1","55073","6.25"
"Marinette","1","8","Wisconsin","4/24/20","4","4","55075","100"
"Marquette","0","3","Wisconsin","4/24/20","3","0","55077","0"
"Menominee","0","1","Wisconsin","4/24/20","1","0","55078","0"
"Milwaukee","60","2431","Wisconsin","4/24/20","2013","418","55079","20.77"
"Monroe","0","14","Wisconsin","4/24/20","13","1","55081","7.69"
"Oconto","0","5","Wisconsin","4/24/20","4","1","55083","25"
"Oneida","0","6","Wisconsin","4/24/20","6","0","55085","0"
"Outagamie","2","43","Wisconsin","4/24/20","31","12","55087","38.71"
"Ozaukee","0","80","Wisconsin","4/24/20","78","2","55089","2.56"
"Pierce","0","8","Wisconsin","4/24/20","7","1","55093","14.29"
"Polk","0","4","Wisconsin","4/24/20","4","0","55095","0"
"Portage","0","4","Wisconsin","4/24/20","4","0","55097","0"
"Price","0","1","Wisconsin","4/24/20","1","0","55099","0"
"Racine","10","229","Wisconsin","4/24/20","157","72","55101","45.86"
"Richland","0","10","Wisconsin","4/24/20","8","2","55103","25"
"Rock","8","120","Wisconsin","4/24/20","63","57","55105","90.48"
"Rusk","0","4","Wisconsin","4/24/20","3","1","55107","33.33"
"Sauk","1","38","Wisconsin","4/24/20","31","7","55111","22.58"
"Sawyer","0","2","Wisconsin","4/24/20","2","0","55113","0"
"Shawano","0","8","Wisconsin","4/24/20","6","2","55115","33.33"
"Sheboygan","1","45","Wisconsin","4/24/20","38","7","55117","18.42"
"St. Croix","0","13","Wisconsin","4/24/20","11","2","55109","18.18"
"Trempealeau","0","2","Wisconsin","4/24/20","1","1","55121","100"
"Vernon","0","1","Wisconsin","4/24/20","0","1","55123","1"
"Vilas","0","4","Wisconsin","4/24/20","4","0","55125","0"
"Walworth","5","113","Wisconsin","4/24/20","75","38","55127","50.67"
"Washburn","0","1","Wisconsin","4/24/20","1","0","55129","0"
"Washington","1","91","Wisconsin","4/24/20","81","10","55131","12.35"
"Waukesha","5","289","Wisconsin","4/24/20","255","34","55133","13.33"
"Waupaca","0","7","Wisconsin","4/24/20","4","3","55135","75"
"Waushara","0","2","Wisconsin","4/24/20","2","0","55137","0"
"Winnebago","2","46","Wisconsin","4/24/20","34","12","55139","35.29"
"Wood","0","2","Wisconsin","4/24/20","2","0","55141","0"
"Albany","0","6","Wyoming","4/24/20","6","0","56001","0"
"Big Horn","0","2","Wyoming","4/24/20","1","1","56003","100"
"Campbell","1","20","Wyoming","4/24/20","13","7","56005","53.85"
"Carbon","0","4","Wyoming","4/24/20","4","0","56007","0"
"Converse","1","16","Wyoming","4/24/20","8","8","56009","100"
"Crook","0","5","Wyoming","4/24/20","4","1","56011","25"
"Fremont","4","72","Wyoming","4/24/20","45","27","56013","60"
"Goshen","0","4","Wyoming","4/24/20","3","1","56015","33.33"
"Hot Springs","0","3","Wyoming","4/24/20","1","2","56017","200"
"Johnson","1","15","Wyoming","4/24/20","11","4","56019","36.36"
"Laramie","7","120","Wyoming","4/24/20","69","51","56021","73.91"
"Lincoln","1","9","Wyoming","4/24/20","5","4","56023","80"
"Natrona","2","49","Wyoming","4/24/20","38","11","56025","28.95"
"Niobrara","0","2","Wyoming","4/24/20","1","1","56027","100"
"Park","0","1","Wyoming","4/24/20","1","0","56029","0"
"Sheridan","1","16","Wyoming","4/24/20","12","4","56033","33.33"
"Sublette","0","3","Wyoming","4/24/20","1","2","56035","200"
"Sweetwater","1","16","Wyoming","4/24/20","10","6","56037","60"
"Teton","5","95","Wyoming","4/24/20","61","34","56039","55.74"
"Uinta","0","7","Wyoming","4/24/20","6","1","56041","16.67"
"Washakie","0","8","Wyoming","4/24/20","5","3","56043","60"
