"Locality","DailyAvgNewCasesPast7Days","TotalCases","State","Date","TotalCases7DaysAgo","NewCasesPast7Days","FIPS-Code","PercentIncreaseTotalCasesPast7Days"
"Autauga","2","43","Alabama","4/29/20","32","11","01001","34.38"
"Baldwin","6","174","Alabama","4/29/20","132","42","01003","31.82"
"Barbour","1","37","Alabama","4/29/20","29","8","01005","27.59"
"Bibb","1","42","Alabama","4/29/20","34","8","01007","23.53"
"Blount","1","36","Alabama","4/29/20","29","7","01009","24.14"
"Bullock","0","12","Alabama","4/29/20","11","1","01011","9.09"
"Butler","5","50","Alabama","4/29/20","17","33","01013","194.12"
"Calhoun","1","93","Alabama","4/29/20","85","8","01015","9.41"
"Chambers","3","293","Alabama","4/29/20","270","23","01017","8.52"
"Cherokee","0","15","Alabama","4/29/20","13","2","01019","15.38"
"Chilton","1","53","Alabama","4/29/20","46","7","01021","15.22"
"Choctaw","3","39","Alabama","4/29/20","21","18","01023","85.71"
"Clarke","1","30","Alabama","4/29/20","25","5","01025","20"
"Clay","0","21","Alabama","4/29/20","19","2","01027","10.53"
"Cleburne","0","12","Alabama","4/29/20","12","0","01029","0"
"Coffee","5","107","Alabama","4/29/20","73","34","01031","46.58"
"Colbert","1","27","Alabama","4/29/20","20","7","01033","35"
"Conecuh","0","9","Alabama","4/29/20","9","0","01035","0"
"Coosa","1","31","Alabama","4/29/20","24","7","01037","29.17"
"Covington","1","36","Alabama","4/29/20","27","9","01039","33.33"
"Crenshaw","2","17","Alabama","4/29/20","6","11","01041","183.33"
"Cullman","2","55","Alabama","4/29/20","44","11","01043","25"
"Dale","0","25","Alabama","4/29/20","22","3","01045","13.64"
"Dallas","1","37","Alabama","4/29/20","30","7","01047","23.33"
"DeKalb","3","77","Alabama","4/29/20","58","19","01049","32.76"
"Elmore","1","84","Alabama","4/29/20","74","10","01051","13.51"
"Escambia","1","27","Alabama","4/29/20","18","9","01053","50"
"Etowah","3","139","Alabama","4/29/20","116","23","01055","19.83"
"Fayette","0","6","Alabama","4/29/20","4","2","01057","50"
"Franklin","3","45","Alabama","4/29/20","22","23","01059","104.55"
"Geneva","1","9","Alabama","4/29/20","5","4","01061","80"
"Greene","1","50","Alabama","4/29/20","40","10","01063","25"
"Hale","1","43","Alabama","4/29/20","36","7","01065","19.44"
"Henry","0","23","Alabama","4/29/20","20","3","01067","15"
"Houston","2","87","Alabama","4/29/20","75","12","01069","16"
"Jackson","1","47","Alabama","4/29/20","42","5","01071","11.9"
"Jefferson","22","880","Alabama","4/29/20","726","154","01073","21.21"
"Lamar","0","10","Alabama","4/29/20","8","2","01075","25"
"Lauderdale","1","31","Alabama","4/29/20","25","6","01077","24"
"Lawrence","0","12","Alabama","4/29/20","12","0","01079","0"
"Lee","8","386","Alabama","4/29/20","331","55","01081","16.62"
"Limestone","1","44","Alabama","4/29/20","39","5","01083","12.82"
"Lowndes","4","57","Alabama","4/29/20","32","25","01085","78.12"
"Macon","1","36","Alabama","4/29/20","28","8","01087","28.57"
"Madison","3","224","Alabama","4/29/20","205","19","01089","9.27"
"Marengo","1","46","Alabama","4/29/20","40","6","01091","15"
"Marion","2","76","Alabama","4/29/20","65","11","01093","16.92"
"Marshall","11","316","Alabama","4/29/20","241","75","01095","31.12"
"Mobile","40","1033","Alabama","4/29/20","756","277","01097","36.64"
"Monroe","0","12","Alabama","4/29/20","9","3","01099","33.33"
"Montgomery","9","316","Alabama","4/29/20","253","63","01101","24.9"
"Morgan","2","68","Alabama","4/29/20","52","16","01103","30.77"
"Perry","0","9","Alabama","4/29/20","9","0","01105","0"
"Pickens","1","48","Alabama","4/29/20","44","4","01107","9.09"
"Pike","2","67","Alabama","4/29/20","53","14","01109","26.42"
"Randolph","0","62","Alabama","4/29/20","60","2","01111","3.33"
"Russell","0","55","Alabama","4/29/20","52","3","01113","5.77"
"Shelby","6","320","Alabama","4/29/20","278","42","01117","15.11"
"St. Clair","1","70","Alabama","4/29/20","62","8","01115","12.9"
"Sumter","1","56","Alabama","4/29/20","46","10","01119","21.74"
"Talladega","1","59","Alabama","4/29/20","52","7","01121","13.46"
"Tallapoosa","6","282","Alabama","4/29/20","242","40","01123","16.53"
"Tuscaloosa","5","202","Alabama","4/29/20","165","37","01125","22.42"
"Walker","1","95","Alabama","4/29/20","90","5","01127","5.56"
"Washington","2","34","Alabama","4/29/20","18","16","01129","88.89"
"Wilcox","2","62","Alabama","4/29/20","50","12","01131","24"
"Winston","0","13","Alabama","4/29/20","10","3","01133","30"
"Anchorage","2","179","Alaska","4/29/20","164","15","02020","9.15"
"Bethel","0","1","Alaska","4/29/20","1","0","02050","0"
"Fairbanks North Star","0","81","Alaska","4/29/20","79","2","02090","2.53"
"Juneau","0","27","Alaska","4/29/20","27","0","02110","0"
"Kenai Peninsula","0","19","Alaska","4/29/20","19","0","02122","0"
"Ketchikan Gateway","0","16","Alaska","4/29/20","16","0","02130","0"
"Kodiak Island","0","1","Alaska","4/29/20","1","0","02150","0"
"Matanuska-Susitna","0","21","Alaska","4/29/20","20","1","02170","5"
"Nome","0","1","Alaska","4/29/20","1","0","02180","0"
"Petersburg","0","4","Alaska","4/29/20","3","1","02195","33.33"
"Prince of Wales-Hyder","0","2","Alaska","4/29/20","2","0","02198","0"
"Sitka","0","1","Alaska","4/29/20","0","1","02220","1"
"Southeast Fairbanks","0","1","Alaska","4/29/20","1","0","02240","0"
"Yukon-Koyukuk","0","1","Alaska","4/29/20","1","0","02290","0"
"Apache","22","392","Arizona","4/29/20","235","157","04001","66.81"
"Cochise","1","38","Arizona","4/29/20","31","7","04003","22.58"
"Coconino","14","453","Arizona","4/29/20","353","100","04005","28.33"
"Gila","0","12","Arizona","4/29/20","10","2","04007","20"
"Graham","1","10","Arizona","4/29/20","2","8","04009","400"
"Greenlee","0","2","Arizona","4/29/20","2","0","04011","0"
"La Paz","0","8","Arizona","4/29/20","6","2","04012","33.33"
"Maricopa","125","3723","Arizona","4/29/20","2846","877","04013","30.82"
"Mohave","6","105","Arizona","4/29/20","62","43","04015","69.35"
"Navajo","22","682","Arizona","4/29/20","527","155","04017","29.41"
"Pima","35","1215","Arizona","4/29/20","973","242","04019","24.87"
"Pinal","15","387","Arizona","4/29/20","283","104","04021","36.75"
"Santa Cruz","0","31","Arizona","4/29/20","28","3","04023","10.71"
"Yavapai","1","79","Arizona","4/29/20","73","6","04025","8.22"
"Yuma","4","72","Arizona","4/29/20","42","30","04027","71.43"
"Arkansas","0","2","Arkansas","4/29/20","2","0","05001","0"
"Ashley","0","13","Arkansas","4/29/20","13","0","05003","0"
"Baxter","0","5","Arkansas","4/29/20","5","0","05005","0"
"Benton","5","101","Arkansas","4/29/20","68","33","05007","48.53"
"Boone","0","5","Arkansas","4/29/20","4","1","05009","25"
"Bradley","1","11","Arkansas","4/29/20","7","4","05011","57.14"
"Carroll","0","5","Arkansas","4/29/20","2","3","05015","150"
"Chicot","0","9","Arkansas","4/29/20","7","2","05017","28.57"
"Clark","0","27","Arkansas","4/29/20","27","0","05019","0"
"Clay","0","3","Arkansas","4/29/20","1","2","05021","200"
"Cleburne","0","73","Arkansas","4/29/20","71","2","05023","2.82"
"Cleveland","0","10","Arkansas","4/29/20","8","2","05025","25"
"Columbia","1","12","Arkansas","4/29/20","5","7","05027","140"
"Conway","1","13","Arkansas","4/29/20","5","8","05029","160"
"Craighead","4","73","Arkansas","4/29/20","48","25","05031","52.08"
"Crawford","0","4","Arkansas","4/29/20","4","0","05033","0"
"Crittenden","5","180","Arkansas","4/29/20","147","33","05035","22.45"
"Cross","1","16","Arkansas","4/29/20","9","7","05037","77.78"
"Dallas","0","1","Arkansas","4/29/20","1","0","05039","0"
"Desha","1","16","Arkansas","4/29/20","9","7","05041","77.78"
"Drew","1","14","Arkansas","4/29/20","7","7","05043","100"
"Faulkner","2","76","Arkansas","4/29/20","64","12","05045","18.75"
"Franklin","0","2","Arkansas","4/29/20","1","1","05047","100"
"Fulton","0","1","Arkansas","4/29/20","0","1","05049","1"
"Garland","1","115","Arkansas","4/29/20","109","6","05051","5.5"
"Grant","0","13","Arkansas","4/29/20","11","2","05053","18.18"
"Greene","1","16","Arkansas","4/29/20","10","6","05055","60"
"Hempstead","0","6","Arkansas","4/29/20","5","1","05057","20"
"Hot Spring","1","16","Arkansas","4/29/20","8","8","05059","100"
"Howard","0","13","Arkansas","4/29/20","14","-1","05061","-7.14"
"Independence","0","9","Arkansas","4/29/20","8","1","05063","12.5"
"Izard","0","5","Arkansas","4/29/20","2","3","05065","150"
"Jackson","0","1","Arkansas","4/29/20","1","0","05067","0"
"Jefferson","5","168","Arkansas","4/29/20","135","33","05069","24.44"
"Johnson","1","29","Arkansas","4/29/20","22","7","05071","31.82"
"Lafayette","0","7","Arkansas","4/29/20","4","3","05073","75"
"Lawrence","2","46","Arkansas","4/29/20","29","17","05075","58.62"
"Lee","0","3","Arkansas","4/29/20","3","0","05077","0"
"Lincoln","44","756","Arkansas","4/29/20","445","311","05079","69.89"
"Logan","0","3","Arkansas","4/29/20","3","0","05083","0"
"Lonoke","2","41","Arkansas","4/29/20","27","14","05085","51.85"
"Madison","0","1","Arkansas","4/29/20","1","0","05087","0"
"Marion","0","1","Arkansas","4/29/20","1","0","05089","0"
"Miller","0","33","Arkansas","4/29/20","30","3","05091","10"
"Mississippi","1","15","Arkansas","4/29/20","9","6","05093","66.67"
"Monroe","0","4","Arkansas","4/29/20","4","0","05095","0"
"Montgomery","0","1","Arkansas","4/29/20","0","1","05097","1"
"Nevada","0","1","Arkansas","4/29/20","1","0","05099","0"
"Newton","0","3","Arkansas","4/29/20","2","1","05101","50"
"Ouachita","0","6","Arkansas","4/29/20","5","1","05103","20"
"Perry","0","6","Arkansas","4/29/20","3","3","05105","100"
"Phillips","0","5","Arkansas","4/29/20","4","1","05107","25"
"Pike","0","3","Arkansas","4/29/20","3","0","05109","0"
"Poinsett","1","19","Arkansas","4/29/20","11","8","05111","72.73"
"Polk","0","8","Arkansas","4/29/20","7","1","05113","14.29"
"Pope","1","43","Arkansas","4/29/20","35","8","05115","22.86"
"Prairie","0","2","Arkansas","4/29/20","2","0","05117","0"
"Pulaski","14","500","Arkansas","4/29/20","404","96","05119","23.76"
"Randolph","0","17","Arkansas","4/29/20","14","3","05121","21.43"
"Saline","2","59","Arkansas","4/29/20","47","12","05125","25.53"
"Scott","0","1","Arkansas","4/29/20","1","0","05127","0"
"Searcy","0","6","Arkansas","4/29/20","6","0","05129","0"
"Sebastian","0","12","Arkansas","4/29/20","11","1","05131","9.09"
"Sevier","0","11","Arkansas","4/29/20","10","1","05133","10"
"Sharp","1","6","Arkansas","4/29/20","2","4","05135","200"
"St. Francis","2","83","Arkansas","4/29/20","66","17","05123","25.76"
"Stone","0","7","Arkansas","4/29/20","7","0","05137","0"
"Union","3","44","Arkansas","4/29/20","26","18","05139","69.23"
"Van Buren","0","28","Arkansas","4/29/20","26","2","05141","7.69"
"Washington","3","84","Arkansas","4/29/20","60","24","05143","40"
"White","1","33","Arkansas","4/29/20","29","4","05145","13.79"
"Woodruff","0","1","Arkansas","4/29/20","1","0","05147","0"
"Yell","0","3","Arkansas","4/29/20","2","1","05149","50"
"Alameda","47","1568","California","4/29/20","1242","326","06001","26.25"
"Alpine","0","2","California","4/29/20","2","0","06003","0"
"Amador","0","8","California","4/29/20","8","0","06005","0"
"Butte","0","16","California","4/29/20","16","0","06007","0"
"Calaveras","0","13","California","4/29/20","12","1","06009","8.33"
"Colusa","0","3","California","4/29/20","3","0","06011","0"
"Contra Costa","14","862","California","4/29/20","763","99","06013","12.98"
"Del Norte","0","3","California","4/29/20","2","1","06015","50"
"El Dorado","1","44","California","4/29/20","39","5","06017","12.82"
"Fresno","24","538","California","4/29/20","371","167","06019","45.01"
"Glenn","0","5","California","4/29/20","4","1","06021","25"
"Humboldt","0","54","California","4/29/20","52","2","06023","3.85"
"Imperial","18","319","California","4/29/20","195","124","06025","63.59"
"Inyo","0","19","California","4/29/20","19","0","06027","0"
"Kern","26","866","California","4/29/20","683","183","06029","26.79"
"Kings","7","79","California","4/29/20","32","47","06031","146.88"
"Lake","0","6","California","4/29/20","6","0","06033","0"
"Los Angeles","863","22485","California","4/29/20","16447","6038","06037","36.71"
"Madera","1","46","California","4/29/20","36","10","06039","27.78"
"Marin","4","226","California","4/29/20","200","26","06041","13"
"Mariposa","0","1","California","4/29/20","0","1","06043","1"
"Mendocino","1","12","California","4/29/20","5","7","06045","140"
"Merced","4","118","California","4/29/20","93","25","06047","26.88"
"Mono","0","26","California","4/29/20","24","2","06051","8.33"
"Monterey","6","191","California","4/29/20","150","41","06053","27.33"
"Napa","2","67","California","4/29/20","54","13","06055","24.07"
"Nevada","0","41","California","4/29/20","38","3","06057","7.89"
"Orange","71","2252","California","4/29/20","1753","499","06059","28.47"
"Placer","2","145","California","4/29/20","133","12","06061","9.02"
"Plumas","0","4","California","4/29/20","4","0","06063","0"
"Riverside","140","3942","California","4/29/20","2960","982","06065","33.18"
"Sacramento","14","1068","California","4/29/20","971","97","06067","9.99"
"San Benito","1","50","California","4/29/20","45","5","06069","11.11"
"San Bernardino","63","1928","California","4/29/20","1489","439","06071","29.48"
"San Diego","134","3432","California","4/29/20","2491","941","06073","37.78"
"San Francisco","37","1490","California","4/29/20","1233","257","06075","20.84"
"San Joaquin","11","540","California","4/29/20","460","80","06077","17.39"
"San Luis Obispo","7","181","California","4/29/20","134","47","06079","35.07"
"San Mateo","25","1136","California","4/29/20","958","178","06081","18.58"
"Santa Barbara","8","485","California","4/29/20","429","56","06083","13.05"
"Santa Clara","25","2134","California","4/29/20","1962","172","06085","8.77"
"Santa Cruz","2","127","California","4/29/20","111","16","06087","14.41"
"Shasta","1","31","California","4/29/20","26","5","06089","19.23"
"Siskiyou","0","5","California","4/29/20","5","0","06093","0"
"Solano","10","254","California","4/29/20","181","73","06095","40.33"
"Sonoma","5","228","California","4/29/20","192","36","06097","18.75"
"Stanislaus","15","339","California","4/29/20","236","103","06099","43.64"
"Sutter","1","30","California","4/29/20","26","4","06101","15.38"
"Tehama","0","1","California","4/29/20","1","0","06103","0"
"Tulare","26","626","California","4/29/20","441","185","06107","41.95"
"Tuolumne","0","4","California","4/29/20","2","2","06109","100"
"Ventura","11","517","California","4/29/20","443","74","06111","16.7"
"Yolo","2","163","California","4/29/20","146","17","06113","11.64"
"Yuba","0","17","California","4/29/20","16","1","06115","6.25"
"Adams","65","1490","Colorado","4/29/20","1033","457","08001","44.24"
"Alamosa","0","10","Colorado","4/29/20","9","1","08003","11.11"
"Arapahoe","96","2389","Colorado","4/29/20","1717","672","08005","39.14"
"Archuleta","0","8","Colorado","4/29/20","9","-1","08007","-11.11"
"Baca","0","10","Colorado","4/29/20","10","0","08009","0"
"Boulder","21","565","Colorado","4/29/20","417","148","08013","35.49"
"Broomfield","5","147","Colorado","4/29/20","110","37","08014","33.64"
"Chaffee","2","66","Colorado","4/29/20","55","11","08015","20"
"Clear Creek","0","13","Colorado","4/29/20","11","2","08019","18.18"
"Costilla","0","3","Colorado","4/29/20","3","0","08023","0"
"Crowley","0","2","Colorado","4/29/20","2","0","08025","0"
"Custer","0","2","Colorado","4/29/20","2","0","08027","0"
"Delta","3","43","Colorado","4/29/20","25","18","08029","72"
"Denver","117","2890","Colorado","4/29/20","2071","819","08031","39.55"
"Douglas","11","468","Colorado","4/29/20","392","76","08035","19.39"
"Eagle","8","546","Colorado","4/29/20","488","58","08037","11.89"
"El Paso","19","907","Colorado","4/29/20","774","133","08041","17.18"
"Elbert","1","28","Colorado","4/29/20","24","4","08039","16.67"
"Fremont","0","22","Colorado","4/29/20","19","3","08043","15.79"
"Garfield","3","91","Colorado","4/29/20","71","20","08045","28.17"
"Gilpin","0","1","Colorado","4/29/20","1","0","08047","0"
"Grand","0","5","Colorado","4/29/20","5","0","08049","0"
"Gunnison","6","161","Colorado","4/29/20","121","40","08051","33.06"
"Hinsdale","0","3","Colorado","4/29/20","3","0","08053","0"
"Huerfano","0","2","Colorado","4/29/20","1","1","08055","100"
"Jefferson","36","1314","Colorado","4/29/20","1064","250","08059","23.5"
"Kit Carson","0","20","Colorado","4/29/20","18","2","08063","11.11"
"La Plata","1","62","Colorado","4/29/20","53","9","08067","16.98"
"Lake","1","17","Colorado","4/29/20","9","8","08065","88.89"
"Larimer","12","348","Colorado","4/29/20","266","82","08069","30.83"
"Las Animas","0","3","Colorado","4/29/20","3","0","08071","0"
"Lincoln","0","3","Colorado","4/29/20","3","0","08073","0"
"Logan","35","270","Colorado","4/29/20","24","246","08075","1025"
"Mesa","1","44","Colorado","4/29/20","37","7","08077","18.92"
"Mineral","0","2","Colorado","4/29/20","2","0","08079","0"
"Moffat","0","6","Colorado","4/29/20","6","0","08081","0"
"Montezuma","0","16","Colorado","4/29/20","13","3","08083","23.08"
"Montrose","2","96","Colorado","4/29/20","82","14","08085","17.07"
"Morgan","22","358","Colorado","4/29/20","202","156","08087","77.23"
"Otero","0","8","Colorado","4/29/20","7","1","08089","14.29"
"Ouray","0","5","Colorado","4/29/20","5","0","08091","0"
"Park","1","11","Colorado","4/29/20","6","5","08093","83.33"
"Phillips","0","6","Colorado","4/29/20","5","1","08095","20"
"Pitkin","1","62","Colorado","4/29/20","57","5","08097","8.77"
"Prowers","0","1","Colorado","4/29/20","1","0","08099","0"
"Pueblo","4","136","Colorado","4/29/20","107","29","08101","27.1"
"Rio Blanco","0","1","Colorado","4/29/20","1","0","08103","0"
"Rio Grande","0","7","Colorado","4/29/20","7","0","08105","0"
"Routt","0","54","Colorado","4/29/20","52","2","08107","3.85"
"Saguache","0","4","Colorado","4/29/20","3","1","08109","33.33"
"San Miguel","0","19","Colorado","4/29/20","17","2","08113","11.76"
"Summit","3","121","Colorado","4/29/20","101","20","08117","19.8"
"Teller","0","28","Colorado","4/29/20","25","3","08119","12"
"Washington","0","7","Colorado","4/29/20","6","1","08121","16.67"
"Weld","67","1704","Colorado","4/29/20","1237","467","08123","37.75"
"Yuma","1","8","Colorado","4/29/20","4","4","08125","100"
"Fairfield","157","10985","Connecticut","4/29/20","9883","1102","09001","11.15"
"Hartford","180","5388","Connecticut","4/29/20","4128","1260","09003","30.52"
"Litchfield","28","919","Connecticut","4/29/20","722","197","09005","27.29"
"Middlesex","15","631","Connecticut","4/29/20","525","106","09007","20.19"
"New Haven","199","7205","Connecticut","4/29/20","5811","1394","09009","23.99"
"New London","20","540","Connecticut","4/29/20","397","143","09011","36.02"
"Tolland","14","427","Connecticut","4/29/20","331","96","09013","29"
"Windham","6","165","Connecticut","4/29/20","122","43","09015","35.25"
"Kent","34","743","Delaware","4/29/20","503","240","10001","47.71"
"New Castle","52","1717","Delaware","4/29/20","1352","365","10003","27"
"Sussex","122","2169","Delaware","4/29/20","1317","852","10005","64.69"
"","0","49","Diamond Princess","4/29/20","49","0",,"0"
"District of Columbia","129","4106","District of Columbia","4/29/20","3206","900","11001","28.07"
"Alachua","5","262","Florida","4/29/20","227","35","12001","15.42"
"Baker","0","20","Florida","4/29/20","17","3","12003","17.65"
"Bay","2","70","Florida","4/29/20","59","11","12005","18.64"
"Bradford","1","46","Florida","4/29/20","42","4","12007","9.52"
"Brevard","6","270","Florida","4/29/20","225","45","12009","20"
"Broward","96","4898","Florida","4/29/20","4228","670","12011","15.85"
"Calhoun","0","8","Florida","4/29/20","6","2","12013","33.33"
"Charlotte","11","223","Florida","4/29/20","148","75","12015","50.68"
"Citrus","1","97","Florida","4/29/20","92","5","12017","5.43"
"Clay","2","272","Florida","4/29/20","257","15","12019","5.84"
"Collier","14","581","Florida","4/29/20","483","98","12021","20.29"
"Columbia","2","57","Florida","4/29/20","42","15","12023","35.71"
"DeSoto","1","28","Florida","4/29/20","24","4","12027","16.67"
"Dixie","0","6","Florida","4/29/20","4","2","12029","50"
"Duval","12","1007","Florida","4/29/20","925","82","12031","8.86"
"Escambia","11","496","Florida","4/29/20","418","78","12033","18.66"
"Flagler","8","133","Florida","4/29/20","78","55","12035","70.51"
"Franklin","0","2","Florida","4/29/20","2","0","12037","0"
"Gadsden","5","94","Florida","4/29/20","58","36","12039","62.07"
"Gilchrist","0","4","Florida","4/29/20","4","0","12041","0"
"Glades","0","6","Florida","4/29/20","5","1","12043","20"
"Gulf","0","1","Florida","4/29/20","1","0","12045","0"
"Hamilton","0","6","Florida","4/29/20","5","1","12047","20"
"Hardee","2","16","Florida","4/29/20","4","12","12049","300"
"Hendry","4","80","Florida","4/29/20","52","28","12051","53.85"
"Hernando","1","89","Florida","4/29/20","84","5","12053","5.95"
"Highlands","1","81","Florida","4/29/20","71","10","12055","14.08"
"Hillsborough","18","1105","Florida","4/29/20","982","123","12057","12.53"
"Holmes","0","9","Florida","4/29/20","8","1","12059","12.5"
"Indian River","1","90","Florida","4/29/20","85","5","12061","5.88"
"Jackson","0","14","Florida","4/29/20","11","3","12063","27.27"
"Jefferson","0","28","Florida","4/29/20","26","2","12065","7.69"
"Lafayette","0","1","Florida","4/29/20","1","0","12067","0"
"Lake","2","227","Florida","4/29/20","213","14","12069","6.57"
"Lee","30","1003","Florida","4/29/20","794","209","12071","26.32"
"Leon","4","214","Florida","4/29/20","186","28","12073","15.05"
"Levy","1","18","Florida","4/29/20","13","5","12075","38.46"
"Liberty","0","3","Florida","4/29/20","2","1","12077","50"
"Madison","2","49","Florida","4/29/20","35","14","12079","40"
"Manatee","17","567","Florida","4/29/20","445","122","12081","27.42"
"Marion","5","165","Florida","4/29/20","130","35","12083","26.92"
"Martin","4","186","Florida","4/29/20","161","25","12085","15.53"
"Miami-Dade","253","11927","Florida","4/29/20","10153","1774","12086","17.47"
"Monroe","1","78","Florida","4/29/20","73","5","12087","6.85"
"Nassau","1","56","Florida","4/29/20","46","10","12089","21.74"
"Okaloosa","3","153","Florida","4/29/20","135","18","12091","13.33"
"Okeechobee","0","10","Florida","4/29/20","8","2","12093","25"
"Orange","17","1371","Florida","4/29/20","1251","120","12095","9.59"
"Osceola","8","479","Florida","4/29/20","423","56","12097","13.24"
"Palm Beach","73","2911","Florida","4/29/20","2403","508","12099","21.14"
"Pasco","3","241","Florida","4/29/20","218","23","12101","10.55"
"Pinellas","11","718","Florida","4/29/20","638","80","12103","12.54"
"Polk","15","468","Florida","4/29/20","361","107","12105","29.64"
"Putnam","5","103","Florida","4/29/20","65","38","12107","58.46"
"Santa Rosa","1","153","Florida","4/29/20","144","9","12113","6.25"
"Sarasota","6","338","Florida","4/29/20","299","39","12115","13.04"
"Seminole","6","373","Florida","4/29/20","332","41","12117","12.35"
"St. Johns","2","207","Florida","4/29/20","195","12","12109","6.15"
"St. Lucie","5","239","Florida","4/29/20","207","32","12111","15.46"
"Sumter","2","176","Florida","4/29/20","164","12","12119","7.32"
"Suwannee","4","129","Florida","4/29/20","104","25","12121","24.04"
"Taylor","0","3","Florida","4/29/20","2","1","12123","50"
"Union","0","4","Florida","4/29/20","3","1","12125","33.33"
"Volusia","10","448","Florida","4/29/20","375","73","12127","19.47"
"Wakulla","1","22","Florida","4/29/20","15","7","12129","46.67"
"Walton","0","35","Florida","4/29/20","32","3","12131","9.38"
"Washington","0","12","Florida","4/29/20","10","2","12133","20"
"Appling","3","65","Georgia","4/29/20","47","18","13001","38.3"
"Atkinson","0","7","Georgia","4/29/20","5","2","13003","40"
"Bacon","0","22","Georgia","4/29/20","20","2","13005","10"
"Baker","0","22","Georgia","4/29/20","20","2","13007","10"
"Baldwin","8","210","Georgia","4/29/20","155","55","13009","35.48"
"Banks","1","20","Georgia","4/29/20","16","4","13011","25"
"Barrow","4","131","Georgia","4/29/20","103","28","13013","27.18"
"Bartow","7","308","Georgia","4/29/20","259","49","13015","18.92"
"Ben Hill","1","25","Georgia","4/29/20","20","5","13017","25"
"Berrien","1","18","Georgia","4/29/20","10","8","13019","80"
"Bibb","11","302","Georgia","4/29/20","224","78","13021","34.82"
"Bleckley","1","12","Georgia","4/29/20","5","7","13023","140"
"Brantley","0","22","Georgia","4/29/20","20","2","13025","10"
"Brooks","3","55","Georgia","4/29/20","36","19","13027","52.78"
"Bryan","2","51","Georgia","4/29/20","38","13","13029","34.21"
"Bulloch","0","36","Georgia","4/29/20","33","3","13031","9.09"
"Burke","4","84","Georgia","4/29/20","53","31","13033","58.49"
"Butts","1","134","Georgia","4/29/20","125","9","13035","7.2"
"Calhoun","2","90","Georgia","4/29/20","76","14","13037","18.42"
"Camden","1","32","Georgia","4/29/20","27","5","13039","18.52"
"Candler","0","7","Georgia","4/29/20","7","0","13043","0"
"Carroll","5","346","Georgia","4/29/20","311","35","13045","11.25"
"Catoosa","0","47","Georgia","4/29/20","45","2","13047","4.44"
"Charlton","0","9","Georgia","4/29/20","7","2","13049","28.57"
"Chatham","4","221","Georgia","4/29/20","193","28","13051","14.51"
"Chattahoochee","0","11","Georgia","4/29/20","8","3","13053","37.5"
"Chattooga","1","16","Georgia","4/29/20","11","5","13055","45.45"
"Cherokee","17","456","Georgia","4/29/20","340","116","13057","34.12"
"Clarke","4","144","Georgia","4/29/20","118","26","13059","22.03"
"Clay","0","21","Georgia","4/29/20","20","1","13061","5"
"Clayton","20","691","Georgia","4/29/20","549","142","13063","25.87"
"Clinch","0","8","Georgia","4/29/20","7","1","13065","14.29"
"Cobb","43","1571","Georgia","4/29/20","1272","299","13067","23.51"
"Coffee","6","127","Georgia","4/29/20","84","43","13069","51.19"
"Colquitt","3","182","Georgia","4/29/20","158","24","13071","15.19"
"Columbia","4","155","Georgia","4/29/20","124","31","13073","25"
"Cook","1","22","Georgia","4/29/20","15","7","13075","46.67"
"Coweta","4","195","Georgia","4/29/20","168","27","13077","16.07"
"Crawford","0","15","Georgia","4/29/20","14","1","13079","7.14"
"Crisp","5","163","Georgia","4/29/20","130","33","13081","25.38"
"Dade","0","14","Georgia","4/29/20","15","-1","13083","-6.67"
"Dawson","1","59","Georgia","4/29/20","49","10","13085","20.41"
"Decatur","4","80","Georgia","4/29/20","50","30","13087","60"
"DeKalb","52","1970","Georgia","4/29/20","1609","361","13089","22.44"
"Dodge","1","26","Georgia","4/29/20","21","5","13091","23.81"
"Dooly","7","122","Georgia","4/29/20","74","48","13093","64.86"
"Dougherty","3","1499","Georgia","4/29/20","1479","20","13095","1.35"
"Douglas","7","311","Georgia","4/29/20","259","52","13097","20.08"
"Early","4","214","Georgia","4/29/20","184","30","13099","16.3"
"Echols","0","5","Georgia","4/29/20","5","0","13101","0"
"Effingham","1","34","Georgia","4/29/20","30","4","13103","13.33"
"Elbert","2","22","Georgia","4/29/20","10","12","13105","120"
"Emanuel","1","21","Georgia","4/29/20","15","6","13107","40"
"Evans","0","4","Georgia","4/29/20","4","0","13109","0"
"Fannin","1","28","Georgia","4/29/20","20","8","13111","40"
"Fayette","4","174","Georgia","4/29/20","146","28","13113","19.18"
"Floyd","2","139","Georgia","4/29/20","128","11","13115","8.59"
"Forsyth","9","290","Georgia","4/29/20","227","63","13117","27.75"
"Franklin","1","17","Georgia","4/29/20","13","4","13119","30.77"
"Fulton","74","2770","Georgia","4/29/20","2255","515","13121","22.84"
"Gilmer","6","64","Georgia","4/29/20","20","44","13123","220"
"Glynn","1","55","Georgia","4/29/20","51","4","13127","7.84"
"Gordon","3","89","Georgia","4/29/20","70","19","13129","27.14"
"Grady","3","63","Georgia","4/29/20","40","23","13131","57.5"
"Greene","1","54","Georgia","4/29/20","50","4","13133","8"
"Gwinnett","64","1720","Georgia","4/29/20","1273","447","13135","35.11"
"Habersham","14","231","Georgia","4/29/20","130","101","13137","77.69"
"Hall","48","1242","Georgia","4/29/20","907","335","13139","36.93"
"Hancock","4","40","Georgia","4/29/20","11","29","13141","263.64"
"Haralson","0","28","Georgia","4/29/20","25","3","13143","12"
"Harris","1","59","Georgia","4/29/20","49","10","13145","20.41"
"Hart","1","10","Georgia","4/29/20","6","4","13147","66.67"
"Heard","0","9","Georgia","4/29/20","8","1","13149","12.5"
"Henry","15","492","Georgia","4/29/20","388","104","13151","26.8"
"Houston","4","221","Georgia","4/29/20","190","31","13153","16.32"
"Irwin","0","15","Georgia","4/29/20","15","0","13155","0"
"Jackson","3","84","Georgia","4/29/20","63","21","13157","33.33"
"Jasper","1","22","Georgia","4/29/20","18","4","13159","22.22"
"Jeff Davis","1","15","Georgia","4/29/20","7","8","13161","114.29"
"Jefferson","0","14","Georgia","4/29/20","11","3","13163","27.27"
"Jenkins","0","16","Georgia","4/29/20","14","2","13165","14.29"
"Johnson","0","39","Georgia","4/29/20","37","2","13167","5.41"
"Jones","1","28","Georgia","4/29/20","22","6","13169","27.27"
"Lamar","1","37","Georgia","4/29/20","28","9","13171","32.14"
"Lanier","0","8","Georgia","4/29/20","7","1","13173","14.29"
"Laurens","1","54","Georgia","4/29/20","44","10","13175","22.73"
"Lee","3","314","Georgia","4/29/20","294","20","13177","6.8"
"Liberty","0","37","Georgia","4/29/20","34","3","13179","8.82"
"Lincoln","0","12","Georgia","4/29/20","10","2","13181","20"
"Long","0","4","Georgia","4/29/20","2","2","13183","100"
"Lowndes","4","152","Georgia","4/29/20","122","30","13185","24.59"
"Lumpkin","2","40","Georgia","4/29/20","26","14","13187","53.85"
"Macon","2","75","Georgia","4/29/20","59","16","13193","27.12"
"Madison","1","24","Georgia","4/29/20","18","6","13195","33.33"
"Marion","1","42","Georgia","4/29/20","33","9","13197","27.27"
"McDuffie","1","44","Georgia","4/29/20","37","7","13189","18.92"
"McIntosh","0","4","Georgia","4/29/20","4","0","13191","0"
"Meriwether","1","54","Georgia","4/29/20","48","6","13199","12.5"
"Miller","1","31","Georgia","4/29/20","24","7","13201","29.17"
"Mitchell","4","306","Georgia","4/29/20","280","26","13205","9.29"
"Monroe","1","23","Georgia","4/29/20","15","8","13207","53.33"
"Montgomery","0","2","Georgia","4/29/20","2","0","13209","0"
"Morgan","1","28","Georgia","4/29/20","23","5","13211","21.74"
"Murray","1","29","Georgia","4/29/20","19","10","13213","52.63"
"Muscogee","7","294","Georgia","4/29/20","244","50","13215","20.49"
"Newton","6","188","Georgia","4/29/20","146","42","13217","28.77"
"Oconee","1","59","Georgia","4/29/20","53","6","13219","11.32"
"Oglethorpe","2","49","Georgia","4/29/20","37","12","13221","32.43"
"Out of GA","2","1018","Georgia","4/29/20","1003","15","80013","1.5"
"Paulding","4","175","Georgia","4/29/20","145","30","13223","20.69"
"Peach","1","45","Georgia","4/29/20","35","10","13225","28.57"
"Pickens","1","26","Georgia","4/29/20","18","8","13227","44.44"
"Pierce","0","54","Georgia","4/29/20","51","3","13229","5.88"
"Pike","1","39","Georgia","4/29/20","35","4","13231","11.43"
"Polk","3","56","Georgia","4/29/20","36","20","13233","55.56"
"Pulaski","1","27","Georgia","4/29/20","17","10","13235","58.82"
"Putnam","1","37","Georgia","4/29/20","27","10","13237","37.04"
"Quitman","0","5","Georgia","4/29/20","3","2","13239","66.67"
"Rabun","0","12","Georgia","4/29/20","9","3","13241","33.33"
"Randolph","2","159","Georgia","4/29/20","148","11","13243","7.43"
"Richmond","11","389","Georgia","4/29/20","313","76","13245","24.28"
"Rockdale","5","178","Georgia","4/29/20","144","34","13247","23.61"
"Schley","0","16","Georgia","4/29/20","16","0","13249","0"
"Screven","0","15","Georgia","4/29/20","14","1","13251","7.14"
"Seminole","0","30","Georgia","4/29/20","27","3","13253","11.11"
"Spalding","9","205","Georgia","4/29/20","139","66","13255","47.48"
"Stephens","4","72","Georgia","4/29/20","42","30","13257","71.43"
"Stewart","1","23","Georgia","4/29/20","18","5","13259","27.78"
"Sumter","5","378","Georgia","4/29/20","341","37","13261","10.85"
"Talbot","0","24","Georgia","4/29/20","22","2","13263","9.09"
"Tattnall","1","10","Georgia","4/29/20","6","4","13267","66.67"
"Taylor","1","17","Georgia","4/29/20","13","4","13269","30.77"
"Telfair","1","25","Georgia","4/29/20","18","7","13271","38.89"
"Terrell","3","177","Georgia","4/29/20","159","18","13273","11.32"
"Thomas","4","178","Georgia","4/29/20","148","30","13275","20.27"
"Tift","2","110","Georgia","4/29/20","93","17","13277","18.28"
"Toombs","1","30","Georgia","4/29/20","21","9","13279","42.86"
"Towns","0","21","Georgia","4/29/20","19","2","13281","10.53"
"Treutlen","0","3","Georgia","4/29/20","2","1","13283","50"
"Troup","5","145","Georgia","4/29/20","109","36","13285","33.03"
"Turner","1","67","Georgia","4/29/20","59","8","13287","13.56"
"Twiggs","0","8","Georgia","4/29/20","6","2","13289","33.33"
"Union","2","34","Georgia","4/29/20","18","16","13291","88.89"
"Upson","4","211","Georgia","4/29/20","186","25","13293","13.44"
"Walker","0","60","Georgia","4/29/20","59","1","13295","1.69"
"Walton","7","120","Georgia","4/29/20","73","47","13297","64.38"
"Ware","3","115","Georgia","4/29/20","95","20","13299","21.05"
"Warren","0","12","Georgia","4/29/20","10","2","13301","20"
"Washington","1","38","Georgia","4/29/20","28","10","13303","35.71"
"Wayne","0","12","Georgia","4/29/20","10","2","13305","20"
"Webster","0","10","Georgia","4/29/20","7","3","13307","42.86"
"Wheeler","0","4","Georgia","4/29/20","3","1","13309","33.33"
"White","4","59","Georgia","4/29/20","33","26","13311","78.79"
"Whitfield","4","79","Georgia","4/29/20","53","26","13313","49.06"
"Wilcox","5","89","Georgia","4/29/20","51","38","13315","74.51"
"Wilkes","0","24","Georgia","4/29/20","21","3","13317","14.29"
"Wilkinson","2","34","Georgia","4/29/20","22","12","13319","54.55"
"Worth","1","149","Georgia","4/29/20","142","7","13321","4.93"
"","0","103","Grand Princess","4/29/20","103","0",,"0"
"","1","141","Guam","4/29/20","136","5",,"3.68"
"Hawaii","0","70","Hawaii","4/29/20","67","3","15001","4.48"
"Honolulu","2","399","Hawaii","4/29/20","388","11","15003","2.84"
"Kauai","0","21","Hawaii","4/29/20","21","0","15007","0"
"Maui","1","115","Hawaii","4/29/20","110","5","15009","4.55"
"Out of HI","0","8","Hawaii","4/29/20","6","2","80015","33.33"
"Ada","6","662","Idaho","4/29/20","622","40","16001","6.43"
"Adams","0","3","Idaho","4/29/20","3","0","16003","0"
"Bannock","0","10","Idaho","4/29/20","8","2","16005","25"
"Bingham","0","3","Idaho","4/29/20","3","0","16011","0"
"Blaine","2","497","Idaho","4/29/20","480","17","16013","3.54"
"Bonner","0","4","Idaho","4/29/20","4","0","16017","0"
"Bonneville","0","27","Idaho","4/29/20","24","3","16019","12.5"
"Camas","0","1","Idaho","4/29/20","1","0","16025","0"
"Canyon","5","250","Idaho","4/29/20","212","38","16027","17.92"
"Caribou","0","1","Idaho","4/29/20","1","0","16029","0"
"Cassia","0","12","Idaho","4/29/20","11","1","16031","9.09"
"Custer","0","2","Idaho","4/29/20","2","0","16037","0"
"Elmore","1","30","Idaho","4/29/20","25","5","16039","20"
"Fremont","0","2","Idaho","4/29/20","2","0","16043","0"
"Gem","0","12","Idaho","4/29/20","10","2","16045","20"
"Gooding","0","9","Idaho","4/29/20","8","1","16047","12.5"
"Idaho","0","3","Idaho","4/29/20","3","0","16049","0"
"Jefferson","0","5","Idaho","4/29/20","5","0","16051","0"
"Jerome","1","48","Idaho","4/29/20","44","4","16053","9.09"
"Kootenai","1","61","Idaho","4/29/20","53","8","16055","15.09"
"Latah","0","5","Idaho","4/29/20","4","1","16057","25"
"Lemhi","0","1","Idaho","4/29/20","0","1","16059","1"
"Lincoln","1","24","Idaho","4/29/20","18","6","16063","33.33"
"Madison","0","9","Idaho","4/29/20","8","1","16065","12.5"
"Minidoka","0","11","Idaho","4/29/20","10","1","16067","10"
"Nez Perce","2","59","Idaho","4/29/20","44","15","16069","34.09"
"Owyhee","0","8","Idaho","4/29/20","5","3","16073","60"
"Payette","0","14","Idaho","4/29/20","11","3","16075","27.27"
"Power","0","2","Idaho","4/29/20","2","0","16077","0"
"Teton","0","9","Idaho","4/29/20","8","1","16081","12.5"
"Twin Falls","5","165","Idaho","4/29/20","132","33","16083","25"
"Valley","0","2","Idaho","4/29/20","2","0","16085","0"
"Washington","0","1","Idaho","4/29/20","1","0","16087","0"
"Adams","2","40","Illinois","4/29/20","29","11","17001","37.93"
"Alexander","0","3","Illinois","4/29/20","2","1","17003","50"
"Bond","0","6","Illinois","4/29/20","4","2","17005","50"
"Boone","7","89","Illinois","4/29/20","41","48","17007","117.07"
"Bureau","0","11","Illinois","4/29/20","8","3","17011","37.5"
"Calhoun","0","1","Illinois","4/29/20","1","0","17013","0"
"Carroll","0","9","Illinois","4/29/20","7","2","17015","28.57"
"Cass","3","29","Illinois","4/29/20","7","22","17017","314.29"
"Champaign","3","120","Illinois","4/29/20","97","23","17019","23.71"
"Christian","1","30","Illinois","4/29/20","26","4","17021","15.38"
"Clark","0","5","Illinois","4/29/20","4","1","17023","25"
"Clay","0","2","Illinois","4/29/20","2","0","17025","0"
"Clinton","7","101","Illinois","4/29/20","49","52","17027","106.12"
"Coles","1","22","Illinois","4/29/20","18","4","17029","22.22"
"Cook","1476","34880","Illinois","4/29/20","24546","10334","17031","42.1"
"Crawford","0","10","Illinois","4/29/20","8","2","17033","25"
"Cumberland","0","3","Illinois","4/29/20","2","1","17035","50"
"De Witt","0","3","Illinois","4/29/20","1","2","17039","200"
"DeKalb","5","90","Illinois","4/29/20","56","34","17037","60.71"
"Douglas","0","14","Illinois","4/29/20","12","2","17041","16.67"
"DuPage","132","2870","Illinois","4/29/20","1947","923","17043","47.41"
"Effingham","0","6","Illinois","4/29/20","5","1","17049","20"
"Fayette","0","16","Illinois","4/29/20","15","1","17051","6.67"
"Ford","1","10","Illinois","4/29/20","6","4","17053","66.67"
"Franklin","0","8","Illinois","4/29/20","8","0","17055","0"
"Fulton","0","3","Illinois","4/29/20","1","2","17057","200"
"Gallatin","0","2","Illinois","4/29/20","2","0","17059","0"
"Greene","0","3","Illinois","4/29/20","2","1","17061","50"
"Grundy","1","32","Illinois","4/29/20","26","6","17063","23.08"
"Hamilton","0","2","Illinois","4/29/20","2","0","17065","0"
"Hancock","0","5","Illinois","4/29/20","4","1","17067","25"
"Hardin","0","1","Illinois","4/29/20","1","0","17069","0"
"Henderson","0","4","Illinois","4/29/20","2","2","17071","100"
"Henry","1","39","Illinois","4/29/20","32","7","17073","21.88"
"Iroquois","2","25","Illinois","4/29/20","14","11","17075","78.57"
"Jackson","5","82","Illinois","4/29/20","50","32","17077","64"
"Jasper","1","44","Illinois","4/29/20","36","8","17079","22.22"
"Jefferson","1","81","Illinois","4/29/20","75","6","17081","8"
"Jersey","0","12","Illinois","4/29/20","10","2","17083","20"
"Jo Daviess","0","12","Illinois","4/29/20","11","1","17085","9.09"
"Johnson","0","4","Illinois","4/29/20","3","1","17087","33.33"
"Kane","93","1412","Illinois","4/29/20","764","648","17089","84.82"
"Kankakee","6","326","Illinois","4/29/20","285","41","17091","14.39"
"Kendall","14","255","Illinois","4/29/20","157","98","17093","62.42"
"Knox","4","41","Illinois","4/29/20","16","25","17095","156.25"
"Lake","143","3382","Illinois","4/29/20","2379","1003","17097","42.16"
"LaSalle","2","49","Illinois","4/29/20","38","11","17099","28.95"
"Lawrence","0","3","Illinois","4/29/20","2","1","17101","50"
"Lee","1","23","Illinois","4/29/20","18","5","17103","27.78"
"Livingston","0","20","Illinois","4/29/20","18","2","17105","11.11"
"Logan","0","7","Illinois","4/29/20","4","3","17107","75"
"Macon","2","105","Illinois","4/29/20","93","12","17115","12.9"
"Macoupin","1","30","Illinois","4/29/20","24","6","17117","25"
"Madison","14","324","Illinois","4/29/20","226","98","17119","43.36"
"Marion","1","29","Illinois","4/29/20","24","5","17121","20.83"
"Marshall","0","4","Illinois","4/29/20","4","0","17123","0"
"Mason","1","11","Illinois","4/29/20","6","5","17125","83.33"
"Massac","0","4","Illinois","4/29/20","3","1","17127","33.33"
"McDonough","1","13","Illinois","4/29/20","4","9","17109","225"
"McHenry","27","588","Illinois","4/29/20","399","189","17111","47.37"
"McLean","1","94","Illinois","4/29/20","86","8","17113","9.3"
"Menard","0","7","Illinois","4/29/20","4","3","17129","75"
"Mercer","0","7","Illinois","4/29/20","5","2","17131","40"
"Monroe","2","69","Illinois","4/29/20","58","11","17133","18.97"
"Montgomery","1","25","Illinois","4/29/20","21","4","17135","19.05"
"Morgan","1","22","Illinois","4/29/20","14","8","17137","57.14"
"Moultrie","0","5","Illinois","4/29/20","2","3","17139","150"
"Ogle","6","111","Illinois","4/29/20","71","40","17141","56.34"
"Peoria","6","85","Illinois","4/29/20","46","39","17143","84.78"
"Perry","2","18","Illinois","4/29/20","2","16","17145","800"
"Piatt","0","7","Illinois","4/29/20","7","0","17147","0"
"Pike","0","1","Illinois","4/29/20","1","0","17149","0"
"Pulaski","1","17","Illinois","4/29/20","12","5","17153","41.67"
"Randolph","11","138","Illinois","4/29/20","63","75","17157","119.05"
"Richland","0","3","Illinois","4/29/20","2","1","17159","50"
"Rock Island","18","369","Illinois","4/29/20","242","127","17161","52.48"
"Saline","0","3","Illinois","4/29/20","3","0","17165","0"
"Sangamon","14","169","Illinois","4/29/20","69","100","17167","144.93"
"Schuyler","0","1","Illinois","4/29/20","1","0","17169","0"
"Shelby","1","10","Illinois","4/29/20","4","6","17173","150"
"St. Clair","18","442","Illinois","4/29/20","316","126","17163","39.87"
"Stark","0","1","Illinois","4/29/20","1","0","17175","0"
"Stephenson","2","29","Illinois","4/29/20","13","16","17177","123.08"
"Tazewell","2","40","Illinois","4/29/20","25","15","17179","60"
"Union","1","11","Illinois","4/29/20","5","6","17181","120"
"Vermilion","1","16","Illinois","4/29/20","10","6","17183","60"
"Wabash","0","1","Illinois","4/29/20","1","0","17185","0"
"Warren","5","56","Illinois","4/29/20","19","37","17187","194.74"
"Washington","0","10","Illinois","4/29/20","7","3","17189","42.86"
"Wayne","0","2","Illinois","4/29/20","1","1","17191","100"
"White","0","2","Illinois","4/29/20","1","1","17193","100"
"Whiteside","4","76","Illinois","4/29/20","45","31","17195","68.89"
"Will","78","2369","Illinois","4/29/20","1820","549","17197","30.16"
"Williamson","2","29","Illinois","4/29/20","17","12","17199","70.59"
"Winnebago","22","392","Illinois","4/29/20","238","154","17201","64.71"
"Woodford","0","12","Illinois","4/29/20","11","1","17203","9.09"
"Adams","0","7","Indiana","4/29/20","7","0","18001","0"
"Allen","26","528","Indiana","4/29/20","343","185","18003","53.94"
"Bartholomew","14","241","Indiana","4/29/20","146","95","18005","65.07"
"Benton","1","8","Indiana","4/29/20","4","4","18007","100"
"Blackford","0","8","Indiana","4/29/20","6","2","18009","33.33"
"Boone","3","186","Indiana","4/29/20","166","20","18011","12.05"
"Brown","0","15","Indiana","4/29/20","14","1","18013","7.14"
"Carroll","2","21","Indiana","4/29/20","7","14","18015","200"
"Cass","141","1125","Indiana","4/29/20","138","987","18017","715.22"
"Clark","14","288","Indiana","4/29/20","188","100","18019","53.19"
"Clay","0","19","Indiana","4/29/20","19","0","18021","0"
"Clinton","2","36","Indiana","4/29/20","20","16","18023","80"
"Crawford","1","18","Indiana","4/29/20","13","5","18025","38.46"
"Daviess","1","47","Indiana","4/29/20","38","9","18027","23.68"
"Dearborn","4","103","Indiana","4/29/20","72","31","18029","43.06"
"Decatur","3","199","Indiana","4/29/20","178","21","18031","11.8"
"DeKalb","1","18","Indiana","4/29/20","13","5","18033","38.46"
"Delaware","5","156","Indiana","4/29/20","121","35","18035","28.93"
"Dubois","1","21","Indiana","4/29/20","16","5","18037","31.25"
"Elkhart","14","281","Indiana","4/29/20","185","96","18039","51.89"
"Fayette","1","28","Indiana","4/29/20","22","6","18041","27.27"
"Floyd","4","174","Indiana","4/29/20","149","25","18043","16.78"
"Fountain","0","10","Indiana","4/29/20","8","2","18045","25"
"Franklin","1","96","Indiana","4/29/20","91","5","18047","5.49"
"Fulton","3","26","Indiana","4/29/20","6","20","18049","333.33"
"Gibson","0","6","Indiana","4/29/20","5","1","18051","20"
"Grant","3","120","Indiana","4/29/20","101","19","18053","18.81"
"Greene","2","55","Indiana","4/29/20","44","11","18055","25"
"Hamilton","17","746","Indiana","4/29/20","624","122","18057","19.55"
"Hancock","9","213","Indiana","4/29/20","151","62","18059","41.06"
"Harrison","3","127","Indiana","4/29/20","105","22","18061","20.95"
"Hendricks","20","658","Indiana","4/29/20","518","140","18063","27.03"
"Henry","1","37","Indiana","4/29/20","29","8","18065","27.59"
"Howard","13","169","Indiana","4/29/20","75","94","18067","125.33"
"Huntington","0","9","Indiana","4/29/20","6","3","18069","50"
"Jackson","4","128","Indiana","4/29/20","97","31","18071","31.96"
"Jasper","3","45","Indiana","4/29/20","24","21","18073","87.5"
"Jay","1","14","Indiana","4/29/20","9","5","18075","55.56"
"Jefferson","1","26","Indiana","4/29/20","21","5","18077","23.81"
"Jennings","1","74","Indiana","4/29/20","64","10","18079","15.62"
"Johnson","15","563","Indiana","4/29/20","456","107","18081","23.46"
"Knox","0","20","Indiana","4/29/20","18","2","18083","11.11"
"Kosciusko","1","33","Indiana","4/29/20","23","10","18085","43.48"
"LaGrange","1","24","Indiana","4/29/20","18","6","18087","33.33"
"Lake","71","1786","Indiana","4/29/20","1292","494","18089","38.24"
"LaPorte","9","209","Indiana","4/29/20","144","65","18091","45.14"
"Lawrence","2","94","Indiana","4/29/20","83","11","18093","13.25"
"Madison","8","409","Indiana","4/29/20","351","58","18095","16.52"
"Marion","147","5295","Indiana","4/29/20","4263","1032","18097","24.21"
"Marshall","0","28","Indiana","4/29/20","26","2","18099","7.69"
"Martin","0","7","Indiana","4/29/20","6","1","18101","16.67"
"Miami","10","100","Indiana","4/29/20","27","73","18103","270.37"
"Monroe","1","122","Indiana","4/29/20","118","4","18105","3.39"
"Montgomery","2","40","Indiana","4/29/20","27","13","18107","48.15"
"Morgan","2","140","Indiana","4/29/20","124","16","18109","12.9"
"Newton","1","46","Indiana","4/29/20","38","8","18111","21.05"
"Noble","3","68","Indiana","4/29/20","45","23","18113","51.11"
"Ohio","0","4","Indiana","4/29/20","2","2","18115","100"
"Orange","4","64","Indiana","4/29/20","38","26","18117","68.42"
"Owen","0","22","Indiana","4/29/20","22","0","18119","0"
"Parke","0","12","Indiana","4/29/20","9","3","18121","33.33"
"Perry","1","10","Indiana","4/29/20","6","4","18123","66.67"
"Pike","0","1","Indiana","4/29/20","1","0","18125","0"
"Porter","6","232","Indiana","4/29/20","193","39","18127","20.21"
"Posey","0","9","Indiana","4/29/20","8","1","18129","12.5"
"Pulaski","3","23","Indiana","4/29/20","1","22","18131","2200"
"Putnam","1","63","Indiana","4/29/20","53","10","18133","18.87"
"Randolph","0","15","Indiana","4/29/20","12","3","18135","25"
"Ripley","1","92","Indiana","4/29/20","86","6","18137","6.98"
"Rush","1","31","Indiana","4/29/20","21","10","18139","47.62"
"Scott","2","41","Indiana","4/29/20","27","14","18143","51.85"
"Shelby","10","194","Indiana","4/29/20","125","69","18145","55.2"
"Spencer","0","5","Indiana","4/29/20","5","0","18147","0"
"St. Joseph","24","620","Indiana","4/29/20","454","166","18141","36.56"
"Starke","1","16","Indiana","4/29/20","11","5","18149","45.45"
"Steuben","1","22","Indiana","4/29/20","18","4","18151","22.22"
"Sullivan","1","16","Indiana","4/29/20","10","6","18153","60"
"Switzerland","0","15","Indiana","4/29/20","13","2","18155","15.38"
"Tippecanoe","6","102","Indiana","4/29/20","59","43","18157","72.88"
"Tipton","1","18","Indiana","4/29/20","14","4","18159","28.57"
"Union","0","7","Indiana","4/29/20","6","1","18161","16.67"
"Vanderburgh","5","131","Indiana","4/29/20","96","35","18163","36.46"
"Vermillion","0","7","Indiana","4/29/20","7","0","18165","0"
"Vigo","0","62","Indiana","4/29/20","60","2","18167","3.33"
"Wabash","4","38","Indiana","4/29/20","10","28","18169","280"
"Warren","1","11","Indiana","4/29/20","7","4","18171","57.14"
"Warrick","3","88","Indiana","4/29/20","68","20","18173","29.41"
"Washington","1","41","Indiana","4/29/20","31","10","18175","32.26"
"Wayne","1","36","Indiana","4/29/20","30","6","18177","20"
"Wells","0","5","Indiana","4/29/20","6","-1","18179","-16.67"
"White","5","43","Indiana","4/29/20","11","32","18181","290.91"
"Whitley","0","16","Indiana","4/29/20","16","0","18183","0"
"Adair","0","1","Iowa","4/29/20","1","0","19001","0"
"Allamakee","6","88","Iowa","4/29/20","45","43","19005","95.56"
"Appanoose","0","2","Iowa","4/29/20","2","0","19007","0"
"Audubon","0","1","Iowa","4/29/20","1","0","19009","0"
"Benton","1","30","Iowa","4/29/20","24","6","19011","25"
"Black Hawk","100","1082","Iowa","4/29/20","379","703","19013","185.49"
"Boone","1","10","Iowa","4/29/20","6","4","19015","66.67"
"Bremer","2","50","Iowa","4/29/20","33","17","19017","51.52"
"Buchanan","1","16","Iowa","4/29/20","11","5","19019","45.45"
"Buena Vista","0","4","Iowa","4/29/20","2","2","19021","100"
"Butler","1","8","Iowa","4/29/20","2","6","19023","300"
"Carroll","0","1","Iowa","4/29/20","1","0","19027","0"
"Cass","0","1","Iowa","4/29/20","1","0","19029","0"
"Cedar","0","29","Iowa","4/29/20","27","2","19031","7.41"
"Cerro Gordo","0","14","Iowa","4/29/20","14","0","19033","0"
"Cherokee","0","2","Iowa","4/29/20","1","1","19035","100"
"Chickasaw","0","5","Iowa","4/29/20","3","2","19037","66.67"
"Clarke","0","2","Iowa","4/29/20","2","0","19039","0"
"Clay","0","3","Iowa","4/29/20","3","0","19041","0"
"Clayton","1","12","Iowa","4/29/20","8","4","19043","50"
"Clinton","1","48","Iowa","4/29/20","44","4","19045","9.09"
"Crawford","2","21","Iowa","4/29/20","6","15","19047","250"
"Dallas","28","258","Iowa","4/29/20","59","199","19049","337.29"
"Davis","0","1","Iowa","4/29/20","0","1","19051","1"
"Delaware","0","4","Iowa","4/29/20","3","1","19055","33.33"
"Des Moines","1","17","Iowa","4/29/20","13","4","19057","30.77"
"Dickinson","0","6","Iowa","4/29/20","3","3","19059","100"
"Dubuque","7","97","Iowa","4/29/20","49","48","19061","97.96"
"Fayette","2","20","Iowa","4/29/20","7","13","19065","185.71"
"Franklin","0","2","Iowa","4/29/20","1","1","19069","100"
"Greene","0","2","Iowa","4/29/20","1","1","19073","100"
"Grundy","1","11","Iowa","4/29/20","6","5","19075","83.33"
"Guthrie","1","10","Iowa","4/29/20","4","6","19077","150"
"Hamilton","1","7","Iowa","4/29/20","2","5","19079","250"
"Hancock","0","3","Iowa","4/29/20","3","0","19081","0"
"Hardin","0","7","Iowa","4/29/20","4","3","19083","75"
"Harrison","0","16","Iowa","4/29/20","15","1","19085","6.67"
"Henry","0","32","Iowa","4/29/20","30","2","19087","6.67"
"Howard","1","10","Iowa","4/29/20","4","6","19089","150"
"Humboldt","0","4","Iowa","4/29/20","2","2","19091","100"
"Iowa","1","19","Iowa","4/29/20","13","6","19095","46.15"
"Jackson","0","5","Iowa","4/29/20","5","0","19097","0"
"Jasper","11","130","Iowa","4/29/20","53","77","19099","145.28"
"Jefferson","0","6","Iowa","4/29/20","7","-1","19101","-14.29"
"Johnson","9","453","Iowa","4/29/20","388","65","19103","16.75"
"Jones","0","20","Iowa","4/29/20","17","3","19105","17.65"
"Keokuk","0","2","Iowa","4/29/20","3","-1","19107","-33.33"
"Kossuth","0","1","Iowa","4/29/20","1","0","19109","0"
"Lee","1","8","Iowa","4/29/20","3","5","19111","166.67"
"Linn","27","652","Iowa","4/29/20","466","186","19113","39.91"
"Louisa","3","269","Iowa","4/29/20","248","21","19115","8.47"
"Lyon","1","11","Iowa","4/29/20","5","6","19119","120"
"Madison","0","5","Iowa","4/29/20","4","1","19121","25"
"Mahaska","0","9","Iowa","4/29/20","8","1","19123","12.5"
"Marion","0","8","Iowa","4/29/20","5","3","19125","60"
"Marshall","31","459","Iowa","4/29/20","239","220","19127","92.05"
"Mills","0","2","Iowa","4/29/20","2","0","19129","0"
"Mitchell","0","2","Iowa","4/29/20","2","0","19131","0"
"Monona","0","7","Iowa","4/29/20","7","0","19133","0"
"Montgomery","0","1","Iowa","4/29/20","1","0","19137","0"
"Muscatine","13","329","Iowa","4/29/20","240","89","19139","37.08"
"O'Brien","1","7","Iowa","4/29/20","3","4","19141","133.33"
"Osceola","1","8","Iowa","4/29/20","4","4","19143","100"
"Page","0","5","Iowa","4/29/20","4","1","19145","25"
"Plymouth","0","12","Iowa","4/29/20","9","3","19149","33.33"
"Pocahontas","0","1","Iowa","4/29/20","0","1","19151","1"
"Polk","67","905","Iowa","4/29/20","437","468","19153","107.09"
"Pottawattamie","2","30","Iowa","4/29/20","18","12","19155","66.67"
"Poweshiek","6","55","Iowa","4/29/20","14","41","19157","292.86"
"Scott","6","222","Iowa","4/29/20","182","40","19163","21.98"
"Shelby","0","9","Iowa","4/29/20","9","0","19165","0"
"Sioux","0","8","Iowa","4/29/20","7","1","19167","14.29"
"Story","1","27","Iowa","4/29/20","20","7","19169","35"
"Tama","6","264","Iowa","4/29/20","225","39","19171","17.33"
"Taylor","0","1","Iowa","4/29/20","1","0","19173","0"
"Union","0","1","Iowa","4/29/20","1","0","19175","0"
"Van Buren","0","8","Iowa","4/29/20","8","0","19177","0"
"Wapello","1","10","Iowa","4/29/20","6","4","19179","66.67"
"Warren","0","21","Iowa","4/29/20","18","3","19181","16.67"
"Washington","2","139","Iowa","4/29/20","124","15","19183","12.1"
"Webster","0","5","Iowa","4/29/20","2","3","19187","150"
"Winnebago","0","2","Iowa","4/29/20","2","0","19189","0"
"Winneshiek","1","15","Iowa","4/29/20","8","7","19191","87.5"
"Woodbury","90","728","Iowa","4/29/20","100","628","19193","628"
"Worth","0","1","Iowa","4/29/20","1","0","19195","0"
"Wright","0","4","Iowa","4/29/20","2","2","19197","100"
"Atchison","0","9","Kansas","4/29/20","6","3","20005","50"
"Barber","0","1","Kansas","4/29/20","1","0","20007","0"
"Barton","0","9","Kansas","4/29/20","9","0","20009","0"
"Bourbon","0","6","Kansas","4/29/20","7","-1","20011","-14.29"
"Butler","0","16","Kansas","4/29/20","13","3","20015","23.08"
"Chase","0","3","Kansas","4/29/20","1","2","20017","200"
"Chautauqua","0","4","Kansas","4/29/20","3","1","20019","33.33"
"Cherokee","0","8","Kansas","4/29/20","7","1","20021","14.29"
"Cheyenne","0","2","Kansas","4/29/20","0","2","20023","1"
"Clark","0","1","Kansas","4/29/20","0","1","20025","1"
"Clay","0","4","Kansas","4/29/20","4","0","20027","0"
"Cloud","0","4","Kansas","4/29/20","3","1","20029","33.33"
"Coffey","0","48","Kansas","4/29/20","47","1","20031","2.13"
"Cowley","0","3","Kansas","4/29/20","1","2","20035","200"
"Crawford","0","7","Kansas","4/29/20","6","1","20037","16.67"
"Dickinson","0","2","Kansas","4/29/20","1","1","20041","100"
"Doniphan","0","3","Kansas","4/29/20","3","0","20043","0"
"Douglas","1","49","Kansas","4/29/20","43","6","20045","13.95"
"Edwards","0","3","Kansas","4/29/20","1","2","20047","200"
"Elk","0","1","Kansas","4/29/20","0","1","20049","1"
"Ellis","0","8","Kansas","4/29/20","8","0","20051","0"
"Finney","31","270","Kansas","4/29/20","56","214","20055","382.14"
"Ford","56","600","Kansas","4/29/20","208","392","20057","188.46"
"Franklin","0","13","Kansas","4/29/20","12","1","20059","8.33"
"Geary","0","11","Kansas","4/29/20","9","2","20061","22.22"
"Gove","0","1","Kansas","4/29/20","1","0","20063","0"
"Grant","0","2","Kansas","4/29/20","0","2","20067","1"
"Gray","1","4","Kansas","4/29/20","0","4","20069","1"
"Greenwood","0","3","Kansas","4/29/20","2","1","20073","50"
"Hamilton","0","2","Kansas","4/29/20","1","1","20075","100"
"Harvey","0","6","Kansas","4/29/20","5","1","20079","20"
"Haskell","1","7","Kansas","4/29/20","1","6","20081","600"
"Jackson","0","2","Kansas","4/29/20","1","1","20085","100"
"Jefferson","0","9","Kansas","4/29/20","6","3","20087","50"
"Jewell","0","4","Kansas","4/29/20","4","0","20089","0"
"Johnson","8","454","Kansas","4/29/20","396","58","20091","14.65"
"Kearny","1","14","Kansas","4/29/20","4","10","20093","250"
"Kiowa","0","1","Kansas","4/29/20","0","1","20097","1"
"Labette","0","22","Kansas","4/29/20","20","2","20099","10"
"Leavenworth","7","197","Kansas","4/29/20","150","47","20103","31.33"
"Linn","0","6","Kansas","4/29/20","6","0","20107","0"
"Lyon","13","201","Kansas","4/29/20","110","91","20111","82.73"
"Marion","0","5","Kansas","4/29/20","5","0","20115","0"
"McPherson","0","20","Kansas","4/29/20","19","1","20113","5.26"
"Meade","0","3","Kansas","4/29/20","0","3","20119","1"
"Miami","0","5","Kansas","4/29/20","4","1","20121","25"
"Mitchell","0","3","Kansas","4/29/20","2","1","20123","50"
"Montgomery","1","16","Kansas","4/29/20","12","4","20125","33.33"
"Morris","0","3","Kansas","4/29/20","3","0","20127","0"
"Morton","0","3","Kansas","4/29/20","2","1","20129","50"
"Nemaha","0","1","Kansas","4/29/20","0","1","20131","1"
"Neosho","0","3","Kansas","4/29/20","2","1","20133","50"
"Osage","0","5","Kansas","4/29/20","5","0","20139","0"
"Osborne","0","2","Kansas","4/29/20","2","0","20141","0"
"Ottawa","0","4","Kansas","4/29/20","3","1","20143","33.33"
"Phillips","0","1","Kansas","4/29/20","1","0","20147","0"
"Pottawatomie","1","10","Kansas","4/29/20","6","4","20149","66.67"
"Pratt","0","1","Kansas","4/29/20","1","0","20151","0"
"Reno","3","35","Kansas","4/29/20","16","19","20155","118.75"
"Republic","0","4","Kansas","4/29/20","4","0","20157","0"
"Rice","0","3","Kansas","4/29/20","0","3","20159","1"
"Riley","2","47","Kansas","4/29/20","34","13","20161","38.24"
"Rooks","0","6","Kansas","4/29/20","4","2","20163","50"
"Saline","1","21","Kansas","4/29/20","17","4","20169","23.53"
"Scott","0","0","Kansas","4/29/20","1","-1","20171","-100"
"Sedgwick","10","366","Kansas","4/29/20","295","71","20173","24.07"
"Seward","47","472","Kansas","4/29/20","142","330","20175","232.39"
"Shawnee","2","112","Kansas","4/29/20","96","16","20177","16.67"
"Sheridan","0","2","Kansas","4/29/20","2","0","20179","0"
"Sherman","0","3","Kansas","4/29/20","1","2","20181","200"
"Smith","0","2","Kansas","4/29/20","2","0","20183","0"
"Stafford","0","1","Kansas","4/29/20","1","0","20185","0"
"Stanton","0","6","Kansas","4/29/20","4","2","20187","50"
"Stevens","1","8","Kansas","4/29/20","4","4","20189","100"
"Sumner","0","3","Kansas","4/29/20","3","0","20191","0"
"Wabaunsee","2","18","Kansas","4/29/20","3","15","20197","500"
"Wilson","0","1","Kansas","4/29/20","1","0","20205","0"
"Woodson","0","5","Kansas","4/29/20","5","0","20207","0"
"Wyandotte","21","619","Kansas","4/29/20","473","146","20209","30.87"
"Adair","3","79","Kentucky","4/29/20","60","19","21001","31.67"
"Allen","1","12","Kentucky","4/29/20","5","7","21003","140"
"Anderson","0","8","Kentucky","4/29/20","7","1","21005","14.29"
"Ballard","1","9","Kentucky","4/29/20","4","5","21007","125"
"Barren","1","16","Kentucky","4/29/20","8","8","21009","100"
"Bath","0","4","Kentucky","4/29/20","3","1","21011","33.33"
"Boone","5","125","Kentucky","4/29/20","93","32","21015","34.41"
"Bourbon","0","7","Kentucky","4/29/20","6","1","21017","16.67"
"Boyd","0","33","Kentucky","4/29/20","30","3","21019","10"
"Boyle","1","17","Kentucky","4/29/20","13","4","21021","30.77"
"Bracken","0","7","Kentucky","4/29/20","7","0","21023","0"
"Breathitt","0","2","Kentucky","4/29/20","2","0","21025","0"
"Breckinridge","0","9","Kentucky","4/29/20","6","3","21027","50"
"Bullitt","2","51","Kentucky","4/29/20","34","17","21029","50"
"Butler","3","114","Kentucky","4/29/20","91","23","21031","25.27"
"Caldwell","0","13","Kentucky","4/29/20","12","1","21033","8.33"
"Calloway","1","31","Kentucky","4/29/20","22","9","21035","40.91"
"Campbell","3","86","Kentucky","4/29/20","64","22","21037","34.38"
"Carlisle","0","2","Kentucky","4/29/20","0","2","21039","1"
"Carroll","0","2","Kentucky","4/29/20","2","0","21041","0"
"Carter","0","5","Kentucky","4/29/20","4","1","21043","25"
"Casey","0","1","Kentucky","4/29/20","1","0","21045","0"
"Christian","0","86","Kentucky","4/29/20","86","0","21047","0"
"Clark","0","20","Kentucky","4/29/20","19","1","21049","5.26"
"Clay","0","1","Kentucky","4/29/20","1","0","21051","0"
"Clinton","0","3","Kentucky","4/29/20","2","1","21053","50"
"Crittenden","0","4","Kentucky","4/29/20","3","1","21055","33.33"
"Cumberland","0","5","Kentucky","4/29/20","4","1","21057","25"
"Daviess","7","182","Kentucky","4/29/20","134","48","21059","35.82"
"Edmonson","2","19","Kentucky","4/29/20","7","12","21061","171.43"
"Fayette","3","246","Kentucky","4/29/20","223","23","21067","10.31"
"Fleming","0","2","Kentucky","4/29/20","2","0","21069","0"
"Floyd","1","13","Kentucky","4/29/20","4","9","21071","225"
"Franklin","0","16","Kentucky","4/29/20","14","2","21073","14.29"
"Fulton","0","1","Kentucky","4/29/20","1","0","21075","0"
"Gallatin","0","1","Kentucky","4/29/20","1","0","21077","0"
"Garrard","0","2","Kentucky","4/29/20","1","1","21079","100"
"Grant","0","20","Kentucky","4/29/20","19","1","21081","5.26"
"Graves","6","124","Kentucky","4/29/20","84","40","21083","47.62"
"Grayson","6","62","Kentucky","4/29/20","23","39","21085","169.57"
"Green","0","1","Kentucky","4/29/20","1","0","21087","0"
"Greenup","0","11","Kentucky","4/29/20","10","1","21089","10"
"Hancock","0","6","Kentucky","4/29/20","6","0","21091","0"
"Hardin","1","37","Kentucky","4/29/20","32","5","21093","15.62"
"Harrison","0","17","Kentucky","4/29/20","17","0","21097","0"
"Hart","0","3","Kentucky","4/29/20","2","1","21099","50"
"Henderson","3","58","Kentucky","4/29/20","40","18","21101","45"
"Henry","0","6","Kentucky","4/29/20","3","3","21103","100"
"Hickman","0","1","Kentucky","4/29/20","1","0","21105","0"
"Hopkins","6","192","Kentucky","4/29/20","150","42","21107","28"
"Jackson","0","59","Kentucky","4/29/20","57","2","21109","3.51"
"Jefferson","47","1281","Kentucky","4/29/20","954","327","21111","34.28"
"Jessamine","1","40","Kentucky","4/29/20","31","9","21113","29.03"
"Johnson","0","3","Kentucky","4/29/20","1","2","21115","200"
"Kenton","10","248","Kentucky","4/29/20","179","69","21117","38.55"
"Knott","0","3","Kentucky","4/29/20","4","-1","21119","-25"
"Knox","0","6","Kentucky","4/29/20","5","1","21121","20"
"Larue","0","5","Kentucky","4/29/20","5","0","21123","0"
"Laurel","0","15","Kentucky","4/29/20","14","1","21125","7.14"
"Lawrence","0","1","Kentucky","4/29/20","1","0","21127","0"
"Leslie","0","2","Kentucky","4/29/20","2","0","21131","0"
"Letcher","0","2","Kentucky","4/29/20","1","1","21133","100"
"Lewis","0","3","Kentucky","4/29/20","3","0","21135","0"
"Lincoln","0","5","Kentucky","4/29/20","4","1","21137","25"
"Livingston","0","4","Kentucky","4/29/20","1","3","21139","300"
"Logan","0","8","Kentucky","4/29/20","8","0","21141","0"
"Lyon","0","13","Kentucky","4/29/20","14","-1","21143","-7.14"
"Madison","1","29","Kentucky","4/29/20","23","6","21151","26.09"
"Marion","0","16","Kentucky","4/29/20","13","3","21155","23.08"
"Marshall","2","34","Kentucky","4/29/20","20","14","21157","70"
"Martin","0","3","Kentucky","4/29/20","3","0","21159","0"
"Mason","0","6","Kentucky","4/29/20","6","0","21161","0"
"McCracken","3","48","Kentucky","4/29/20","30","18","21145","60"
"McCreary","0","11","Kentucky","4/29/20","11","0","21147","0"
"McLean","1","13","Kentucky","4/29/20","9","4","21149","44.44"
"Meade","1","11","Kentucky","4/29/20","3","8","21163","266.67"
"Menifee","0","3","Kentucky","4/29/20","3","0","21165","0"
"Mercer","0","11","Kentucky","4/29/20","11","0","21167","0"
"Metcalfe","0","1","Kentucky","4/29/20","0","1","21169","1"
"Monroe","0","5","Kentucky","4/29/20","3","2","21171","66.67"
"Montgomery","0","11","Kentucky","4/29/20","9","2","21173","22.22"
"Morgan","0","1","Kentucky","4/29/20","1","0","21175","0"
"Muhlenberg","6","116","Kentucky","4/29/20","74","42","21177","56.76"
"Nelson","1","21","Kentucky","4/29/20","14","7","21179","50"
"Nicholas","0","1","Kentucky","4/29/20","1","0","21181","0"
"Ohio","2","40","Kentucky","4/29/20","25","15","21183","60"
"Oldham","1","29","Kentucky","4/29/20","24","5","21185","20.83"
"Owen","0","1","Kentucky","4/29/20","0","1","21187","1"
"Owsley","0","2","Kentucky","4/29/20","2","0","21189","0"
"Pendleton","0","6","Kentucky","4/29/20","5","1","21191","20"
"Perry","0","6","Kentucky","4/29/20","5","1","21193","20"
"Pike","1","11","Kentucky","4/29/20","6","5","21195","83.33"
"Powell","0","1","Kentucky","4/29/20","1","0","21197","0"
"Pulaski","1","43","Kentucky","4/29/20","38","5","21199","13.16"
"Rockcastle","0","11","Kentucky","4/29/20","11","0","21203","0"
"Rowan","0","2","Kentucky","4/29/20","2","0","21205","0"
"Russell","0","16","Kentucky","4/29/20","16","0","21207","0"
"Scott","0","24","Kentucky","4/29/20","22","2","21209","9.09"
"Shelby","1","28","Kentucky","4/29/20","23","5","21211","21.74"
"Simpson","1","27","Kentucky","4/29/20","22","5","21213","22.73"
"Spencer","0","12","Kentucky","4/29/20","9","3","21215","33.33"
"Taylor","1","8","Kentucky","4/29/20","4","4","21217","100"
"Todd","0","12","Kentucky","4/29/20","9","3","21219","33.33"
"Trigg","1","9","Kentucky","4/29/20","4","5","21221","125"
"Trimble","0","3","Kentucky","4/29/20","2","1","21223","50"
"Union","0","8","Kentucky","4/29/20","8","0","21225","0"
"Warren","26","313","Kentucky","4/29/20","131","182","21227","138.93"
"Washington","0","5","Kentucky","4/29/20","3","2","21229","66.67"
"Wayne","0","9","Kentucky","4/29/20","7","2","21231","28.57"
"Webster","1","21","Kentucky","4/29/20","16","5","21233","31.25"
"Whitley","0","11","Kentucky","4/29/20","10","1","21235","10"
"Woodford","0","18","Kentucky","4/29/20","19","-1","21239","-5.26"
"Acadia","2","130","Louisiana","4/29/20","117","13","22001","11.11"
"Allen","1","90","Louisiana","4/29/20","80","10","22003","12.5"
"Ascension","8","587","Louisiana","4/29/20","533","54","22005","10.13"
"Assumption","3","178","Louisiana","4/29/20","154","24","22007","15.58"
"Avoyelles","0","71","Louisiana","4/29/20","71","0","22009","0"
"Beauregard","0","37","Louisiana","4/29/20","36","1","22011","2.78"
"Bienville","1","74","Louisiana","4/29/20","69","5","22013","7.25"
"Bossier","6","285","Louisiana","4/29/20","246","39","22015","15.85"
"Caddo","28","1525","Louisiana","4/29/20","1332","193","22017","14.49"
"Calcasieu","6","386","Louisiana","4/29/20","341","45","22019","13.2"
"Caldwell","0","18","Louisiana","4/29/20","15","3","22021","20"
"Cameron","0","3","Louisiana","4/29/20","3","0","22023","0"
"Catahoula","2","35","Louisiana","4/29/20","24","11","22025","45.83"
"Claiborne","1","54","Louisiana","4/29/20","50","4","22027","8"
"Concordia","1","36","Louisiana","4/29/20","27","9","22029","33.33"
"De Soto","3","191","Louisiana","4/29/20","171","20","22031","11.7"
"East Baton Rouge","32","1830","Louisiana","4/29/20","1603","227","22033","14.16"
"East Carroll","0","8","Louisiana","4/29/20","5","3","22035","60"
"East Feliciana","2","119","Louisiana","4/29/20","102","17","22037","16.67"
"Evangeline","1","49","Louisiana","4/29/20","44","5","22039","11.36"
"Franklin","4","123","Louisiana","4/29/20","95","28","22041","29.47"
"Grant","0","12","Louisiana","4/29/20","12","0","22043","0"
"Iberia","4","248","Louisiana","4/29/20","217","31","22045","14.29"
"Iberville","22","448","Louisiana","4/29/20","297","151","22047","50.84"
"Jackson","3","34","Louisiana","4/29/20","16","18","22049","112.5"
"Jefferson","45","6173","Louisiana","4/29/20","5860","313","22051","5.34"
"Jefferson Davis","1","62","Louisiana","4/29/20","57","5","22053","8.77"
"Lafayette","2","451","Louisiana","4/29/20","435","16","22055","3.68"
"Lafourche","10","651","Louisiana","4/29/20","583","68","22057","11.66"
"LaSalle","1","22","Louisiana","4/29/20","15","7","22059","46.67"
"Lincoln","4","83","Louisiana","4/29/20","58","25","22061","43.1"
"Livingston","4","190","Louisiana","4/29/20","161","29","22063","18.01"
"Madison","0","7","Louisiana","4/29/20","5","2","22065","40"
"Morehouse","1","51","Louisiana","4/29/20","41","10","22067","24.39"
"Natchitoches","2","79","Louisiana","4/29/20","62","17","22069","27.42"
"Orleans","30","6420","Louisiana","4/29/20","6209","211","22071","3.4"
"Ouachita","17","671","Louisiana","4/29/20","552","119","22073","21.56"
"Plaquemines","1","172","Louisiana","4/29/20","164","8","22075","4.88"
"Pointe Coupee","2","98","Louisiana","4/29/20","84","14","22077","16.67"
"Rapides","6","259","Louisiana","4/29/20","217","42","22079","19.35"
"Red River","0","24","Louisiana","4/29/20","22","2","22081","9.09"
"Richland","2","56","Louisiana","4/29/20","42","14","22083","33.33"
"Sabine","0","16","Louisiana","4/29/20","14","2","22085","14.29"
"St. Bernard","4","461","Louisiana","4/29/20","430","31","22087","7.21"
"St. Charles","6","563","Louisiana","4/29/20","522","41","22089","7.85"
"St. Helena","1","28","Louisiana","4/29/20","22","6","22091","27.27"
"St. James","2","243","Louisiana","4/29/20","231","12","22093","5.19"
"St. John the Baptist","9","765","Louisiana","4/29/20","704","61","22095","8.66"
"St. Landry","5","172","Louisiana","4/29/20","140","32","22097","22.86"
"St. Martin","4","228","Louisiana","4/29/20","202","26","22099","12.87"
"St. Mary","3","185","Louisiana","4/29/20","162","23","22101","14.2"
"St. Tammany","18","1205","Louisiana","4/29/20","1079","126","22103","11.68"
"Tangipahoa","8","549","Louisiana","4/29/20","494","55","22105","11.13"
"Tensas","0","1","Louisiana","4/29/20","1","0","22107","0"
"Terrebonne","6","389","Louisiana","4/29/20","350","39","22109","11.14"
"Union","4","114","Louisiana","4/29/20","85","29","22111","34.12"
"Vermilion","0","35","Louisiana","4/29/20","33","2","22113","6.06"
"Vernon","0","16","Louisiana","4/29/20","14","2","22115","14.29"
"Washington","7","261","Louisiana","4/29/20","214","47","22117","21.96"
"Webster","1","85","Louisiana","4/29/20","79","6","22119","7.59"
"West Baton Rouge","1","96","Louisiana","4/29/20","90","6","22121","6.67"
"West Carroll","0","4","Louisiana","4/29/20","4","0","22123","0"
"West Feliciana","4","111","Louisiana","4/29/20","82","29","22125","35.37"
"Winn","2","32","Louisiana","4/29/20","19","13","22127","68.42"
"Androscoggin","1","43","Maine","4/29/20","36","7","23001","19.44"
"Aroostook","0","5","Maine","4/29/20","2","3","23003","150"
"Cumberland","11","472","Maine","4/29/20","395","77","23005","19.49"
"Franklin","2","27","Maine","4/29/20","14","13","23007","92.86"
"Hancock","0","10","Maine","4/29/20","7","3","23009","42.86"
"Kennebec","1","104","Maine","4/29/20","99","5","23011","5.05"
"Knox","0","16","Maine","4/29/20","13","3","23013","23.08"
"Lincoln","0","12","Maine","4/29/20","12","0","23015","0"
"Oxford","0","15","Maine","4/29/20","14","1","23017","7.14"
"Penobscot","2","59","Maine","4/29/20","47","12","23019","25.53"
"Piscataquis","0","1","Maine","4/29/20","1","0","23021","0"
"Sagadahoc","0","19","Maine","4/29/20","17","2","23023","11.76"
"Somerset","0","18","Maine","4/29/20","16","2","23025","12.5"
"Waldo","0","48","Maine","4/29/20","45","3","23027","6.67"
"Washington","0","2","Maine","4/29/20","2","0","23029","0"
"York","3","203","Maine","4/29/20","185","18","23031","9.73"
"Allegany","8","116","Maryland","4/29/20","58","58","24001","100"
"Anne Arundel","67","1662","Maryland","4/29/20","1190","472","24003","39.66"
"Baltimore","104","2740","Maryland","4/29/20","2012","728","24005","36.18"
"Baltimore City","59","2014","Maryland","4/29/20","1602","412","24510","25.72"
"Calvert","3","142","Maryland","4/29/20","118","24","24009","20.34"
"Caroline","4","69","Maryland","4/29/20","41","28","24011","68.29"
"Carroll","11","421","Maryland","4/29/20","344","77","24013","22.38"
"Cecil","4","164","Maryland","4/29/20","134","30","24015","22.39"
"Charles","18","551","Maryland","4/29/20","427","124","24017","29.04"
"Dorchester","3","51","Maryland","4/29/20","28","23","24019","82.14"
"Frederick","34","893","Maryland","4/29/20","658","235","24021","35.71"
"Garrett","0","4","Maryland","4/29/20","4","0","24023","0"
"Harford","15","371","Maryland","4/29/20","267","104","24025","38.95"
"Howard","34","831","Maryland","4/29/20","592","239","24027","40.37"
"Kent","5","73","Maryland","4/29/20","36","37","24029","102.78"
"Montgomery","183","4152","Maryland","4/29/20","2868","1284","24031","44.77"
"Prince George's","266","5738","Maryland","4/29/20","3875","1863","24033","48.08"
"Queen Anne's","3","55","Maryland","4/29/20","31","24","24035","77.42"
"Somerset","1","21","Maryland","4/29/20","11","10","24039","90.91"
"St. Mary's","5","145","Maryland","4/29/20","112","33","24037","29.46"
"Talbot","2","34","Maryland","4/29/20","23","11","24041","47.83"
"Washington","10","197","Maryland","4/29/20","127","70","24043","55.12"
"Wicomico","24","350","Maryland","4/29/20","183","167","24045","91.26"
"Worcester","3","55","Maryland","4/29/20","34","21","24047","61.76"
"Barnstable","25","866","Massachusetts","4/29/20","688","178","25001","25.87"
"Berkshire","5","447","Massachusetts","4/29/20","411","36","25003","8.76"
"Bristol","219","3478","Massachusetts","4/29/20","1946","1532","25005","78.73"
"Dukes and Nantucket","1","29","Massachusetts","4/29/20","25","4","00000","16"
"Essex","375","8509","Massachusetts","4/29/20","5886","2623","25009","44.56"
"Franklin","8","257","Massachusetts","4/29/20","201","56","25011","27.86"
"Hampden","147","3738","Massachusetts","4/29/20","2710","1028","25013","37.93"
"Hampshire","27","544","Massachusetts","4/29/20","357","187","25015","52.38"
"Middlesex","537","13996","Massachusetts","4/29/20","10239","3757","25017","36.69"
"Norfolk","220","5843","Massachusetts","4/29/20","4306","1537","25021","35.69"
"Plymouth","237","4956","Massachusetts","4/29/20","3296","1660","25023","50.36"
"Suffolk","503","12693","Massachusetts","4/29/20","9174","3519","25025","38.36"
"Worcester","267","5377","Massachusetts","4/29/20","3511","1866","25027","53.15"
"Alcona","0","7","Michigan","4/29/20","6","1","26001","16.67"
"Allegan","7","114","Michigan","4/29/20","68","46","26005","67.65"
"Alpena","6","83","Michigan","4/29/20","43","40","26007","93.02"
"Antrim","0","11","Michigan","4/29/20","10","1","26009","10"
"Arenac","1","22","Michigan","4/29/20","16","6","26011","37.5"
"Barry","1","44","Michigan","4/29/20","34","10","26015","29.41"
"Bay","8","167","Michigan","4/29/20","110","57","26017","51.82"
"Benzie","0","6","Michigan","4/29/20","4","2","26019","50"
"Berrien","10","346","Michigan","4/29/20","277","69","26021","24.91"
"Branch","2","61","Michigan","4/29/20","46","15","26023","32.61"
"Calhoun","8","245","Michigan","4/29/20","188","57","26025","30.32"
"Cass","1","38","Michigan","4/29/20","32","6","26027","18.75"
"Charlevoix","0","14","Michigan","4/29/20","13","1","26029","7.69"
"Cheboygan","0","22","Michigan","4/29/20","19","3","26031","15.79"
"Chippewa","0","3","Michigan","4/29/20","2","1","26033","50"
"Clare","0","11","Michigan","4/29/20","10","1","26035","10"
"Clinton","2","123","Michigan","4/29/20","111","12","26037","10.81"
"Crawford","3","58","Michigan","4/29/20","36","22","26039","61.11"
"Delta","0","14","Michigan","4/29/20","13","1","26041","7.69"
"Dickinson","0","3","Michigan","4/29/20","3","0","26043","0"
"Eaton","3","139","Michigan","4/29/20","118","21","26045","17.8"
"Emmet","0","25","Michigan","4/29/20","26","-1","26047","-3.85"
"Federal Correctional Institution (FCI)","4","86","Michigan","4/29/20","57","29","00000","50.88"
"Genesee","37","1671","Michigan","4/29/20","1415","256","26049","18.09"
"Gladwin","1","16","Michigan","4/29/20","10","6","26051","60"
"Gogebic","0","4","Michigan","4/29/20","4","0","26053","0"
"Grand Traverse","0","20","Michigan","4/29/20","20","0","26055","0"
"Gratiot","1","14","Michigan","4/29/20","9","5","26057","55.56"
"Hillsdale","3","123","Michigan","4/29/20","99","24","26059","24.24"
"Houghton","0","2","Michigan","4/29/20","2","0","26061","0"
"Huron","1","22","Michigan","4/29/20","15","7","26063","46.67"
"Ingham","14","465","Michigan","4/29/20","366","99","26065","27.05"
"Ionia","5","65","Michigan","4/29/20","31","34","26067","109.68"
"Iosco","6","58","Michigan","4/29/20","18","40","26069","222.22"
"Isabella","1","75","Michigan","4/29/20","69","6","26073","8.7"
"Jackson","9","370","Michigan","4/29/20","305","65","26075","21.31"
"Kalamazoo","22","382","Michigan","4/29/20","231","151","26077","65.37"
"Kalkaska","0","27","Michigan","4/29/20","27","0","26079","0"
"Kent","97","1523","Michigan","4/29/20","842","681","26081","80.88"
"Lake","0","3","Michigan","4/29/20","3","0","26085","0"
"Lapeer","2","177","Michigan","4/29/20","162","15","26087","9.26"
"Leelanau","0","10","Michigan","4/29/20","8","2","26089","25"
"Lenawee","3","117","Michigan","4/29/20","97","20","26091","20.62"
"Livingston","5","390","Michigan","4/29/20","357","33","26093","9.24"
"Luce","0","1","Michigan","4/29/20","1","0","26095","0"
"Mackinac","0","6","Michigan","4/29/20","5","1","26097","20"
"Macomb","119","5471","Michigan","4/29/20","4637","834","26099","17.99"
"Manistee","0","12","Michigan","4/29/20","12","0","26101","0"
"Marquette","1","45","Michigan","4/29/20","35","10","26103","28.57"
"Mason","1","11","Michigan","4/29/20","6","5","26105","83.33"
"Mecosta","0","17","Michigan","4/29/20","16","1","26107","6.25"
"Menominee","1","5","Michigan","4/29/20","1","4","26109","400"
"Michigan Department of Corrections (MDOC)","87","1264","Michigan","4/29/20","655","609","00000","92.98"
"Midland","3","87","Michigan","4/29/20","68","19","26111","27.94"
"Missaukee","1","20","Michigan","4/29/20","16","4","26113","25"
"Monroe","7","302","Michigan","4/29/20","256","46","26115","17.97"
"Montcalm","2","39","Michigan","4/29/20","27","12","26117","44.44"
"Montmorency","0","5","Michigan","4/29/20","6","-1","26119","-16.67"
"Muskegon","13","262","Michigan","4/29/20","173","89","26121","51.45"
"Newaygo","1","24","Michigan","4/29/20","14","10","26123","71.43"
"Oakland","126","7852","Michigan","4/29/20","6968","884","26125","12.69"
"Oceana","1","13","Michigan","4/29/20","4","9","26127","225"
"Ogemaw","1","16","Michigan","4/29/20","7","9","26129","128.57"
"Osceola","0","10","Michigan","4/29/20","10","0","26133","0"
"Oscoda","0","4","Michigan","4/29/20","4","0","26135","0"
"Otsego","2","107","Michigan","4/29/20","92","15","26137","16.3"
"Ottawa","11","258","Michigan","4/29/20","181","77","26139","42.54"
"Out of MI","0","39","Michigan","4/29/20","37","2","80026","5.41"
"Presque Isle","1","12","Michigan","4/29/20","6","6","26141","100"
"Roscommon","1","17","Michigan","4/29/20","13","4","26143","30.77"
"Saginaw","23","640","Michigan","4/29/20","476","164","26145","34.45"
"Sanilac","0","35","Michigan","4/29/20","33","2","26151","6.06"
"Schoolcraft","0","3","Michigan","4/29/20","3","0","26153","0"
"Shiawassee","7","185","Michigan","4/29/20","134","51","26155","38.06"
"St. Clair","6","356","Michigan","4/29/20","311","45","26147","14.47"
"St. Joseph","1","31","Michigan","4/29/20","27","4","26149","14.81"
"Tuscola","4","100","Michigan","4/29/20","73","27","26157","36.99"
"Van Buren","2","60","Michigan","4/29/20","49","11","26159","22.45"
"Washtenaw","21","1159","Michigan","4/29/20","1012","147","26161","14.53"
"Wayne","290","16723","Michigan","4/29/20","14692","2031","26163","13.82"
"Wexford","0","12","Michigan","4/29/20","9","3","26165","33.33"
"Aitkin","0","1","Minnesota","4/29/20","1","0","27001","0"
"Anoka","13","196","Minnesota","4/29/20","105","91","27003","86.67"
"Becker","0","2","Minnesota","4/29/20","2","0","27005","0"
"Beltrami","0","6","Minnesota","4/29/20","6","0","27007","0"
"Benton","1","10","Minnesota","4/29/20","4","6","27009","150"
"Big Stone","0","2","Minnesota","4/29/20","1","1","27011","100"
"Blue Earth","1","34","Minnesota","4/29/20","26","8","27013","30.77"
"Brown","0","8","Minnesota","4/29/20","8","0","27015","0"
"Carlton","2","55","Minnesota","4/29/20","38","17","27017","44.74"
"Carver","1","20","Minnesota","4/29/20","15","5","27019","33.33"
"Cass","0","5","Minnesota","4/29/20","4","1","27021","25"
"Chippewa","0","2","Minnesota","4/29/20","1","1","27023","100"
"Chisago","0","10","Minnesota","4/29/20","7","3","27025","42.86"
"Clay","10","152","Minnesota","4/29/20","79","73","27027","92.41"
"Clearwater","0","2","Minnesota","4/29/20","3","-1","27029","-33.33"
"Cottonwood","2","20","Minnesota","4/29/20","6","14","27033","233.33"
"Crow Wing","0","20","Minnesota","4/29/20","20","0","27035","0"
"Dakota","4","157","Minnesota","4/29/20","130","27","27037","20.77"
"Dodge","0","19","Minnesota","4/29/20","18","1","27039","5.56"
"Douglas","0","2","Minnesota","4/29/20","2","0","27041","0"
"Faribault","0","5","Minnesota","4/29/20","4","1","27043","25"
"Fillmore","0","12","Minnesota","4/29/20","11","1","27045","9.09"
"Freeborn","0","34","Minnesota","4/29/20","33","1","27047","3.03"
"Goodhue","0","19","Minnesota","4/29/20","19","0","27049","0"
"Hennepin","80","1633","Minnesota","4/29/20","1073","560","27053","52.19"
"Houston","0","1","Minnesota","4/29/20","1","0","27055","0"
"Isanti","0","6","Minnesota","4/29/20","6","0","27059","0"
"Itasca","0","3","Minnesota","4/29/20","2","1","27061","50"
"Jackson","1","12","Minnesota","4/29/20","3","9","27063","300"
"Kandiyohi","12","88","Minnesota","4/29/20","3","85","27067","2833.33"
"Kittson","0","1","Minnesota","4/29/20","1","0","27069","0"
"Koochiching","0","1","Minnesota","4/29/20","1","0","27071","0"
"Lac qui Parle","0","1","Minnesota","4/29/20","1","0","27073","0"
"Le Sueur","0","24","Minnesota","4/29/20","22","2","27079","9.09"
"Lincoln","0","3","Minnesota","4/29/20","2","1","27081","50"
"Lyon","0","6","Minnesota","4/29/20","6","0","27083","0"
"Mahnomen","0","1","Minnesota","4/29/20","1","0","27087","0"
"Marshall","0","1","Minnesota","4/29/20","1","0","27089","0"
"Martin","4","70","Minnesota","4/29/20","41","29","27091","70.73"
"McLeod","0","4","Minnesota","4/29/20","3","1","27085","33.33"
"Meeker","1","9","Minnesota","4/29/20","3","6","27093","200"
"Mille Lacs","0","2","Minnesota","4/29/20","1","1","27095","100"
"Morrison","0","2","Minnesota","4/29/20","1","1","27097","100"
"Mower","0","28","Minnesota","4/29/20","27","1","27099","3.7"
"Murray","1","11","Minnesota","4/29/20","3","8","27101","266.67"
"Nicollet","0","9","Minnesota","4/29/20","8","1","27103","12.5"
"Nobles","70","615","Minnesota","4/29/20","126","489","27105","388.1"
"Norman","0","8","Minnesota","4/29/20","6","2","27107","33.33"
"Olmsted","7","256","Minnesota","4/29/20","204","52","27109","25.49"
"Otter Tail","0","8","Minnesota","4/29/20","6","2","27111","33.33"
"Pennington","0","1","Minnesota","4/29/20","1","0","27113","0"
"Pine","6","56","Minnesota","4/29/20","15","41","27115","273.33"
"Pipestone","0","2","Minnesota","4/29/20","2","0","27117","0"
"Polk","1","27","Minnesota","4/29/20","17","10","27119","58.82"
"Ramsey","16","332","Minnesota","4/29/20","219","113","27123","51.6"
"Red Lake","0","1","Minnesota","4/29/20","1","0","27125","0"
"Redwood","0","1","Minnesota","4/29/20","1","0","27127","0"
"Renville","0","4","Minnesota","4/29/20","3","1","27129","33.33"
"Rice","1","12","Minnesota","4/29/20","7","5","27131","71.43"
"Rock","1","9","Minnesota","4/29/20","5","4","27133","80"
"Roseau","0","1","Minnesota","4/29/20","1","0","27135","0"
"Scott","2","41","Minnesota","4/29/20","28","13","27139","46.43"
"Sherburne","2","26","Minnesota","4/29/20","13","13","27141","100"
"Sibley","0","2","Minnesota","4/29/20","1","1","27143","100"
"St. Louis","2","71","Minnesota","4/29/20","54","17","27137","31.48"
"Stearns","21","166","Minnesota","4/29/20","20","146","27145","730"
"Steele","1","15","Minnesota","4/29/20","10","5","27147","50"
"Swift","0","2","Minnesota","4/29/20","1","1","27151","100"
"Todd","1","7","Minnesota","4/29/20","3","4","27153","133.33"
"Traverse","0","2","Minnesota","4/29/20","2","0","27155","0"
"Wabasha","0","8","Minnesota","4/29/20","8","0","27157","0"
"Wadena","0","1","Minnesota","4/29/20","0","1","27159","1"
"Waseca","0","4","Minnesota","4/29/20","3","1","27161","33.33"
"Washington","3","120","Minnesota","4/29/20","100","20","27163","20"
"Watonwan","1","9","Minnesota","4/29/20","4","5","27165","125"
"Wilkin","0","12","Minnesota","4/29/20","10","2","27167","20"
"Winona","1","66","Minnesota","4/29/20","61","5","27169","8.2"
"Wright","1","40","Minnesota","4/29/20","30","10","27171","33.33"
"Yellow Medicine","0","3","Minnesota","4/29/20","3","0","27173","0"
"Adams","5","129","Mississippi","4/29/20","96","33","28001","34.38"
"Alcorn","0","10","Mississippi","4/29/20","7","3","28003","42.86"
"Amite","1","26","Mississippi","4/29/20","20","6","28005","30"
"Attala","6","94","Mississippi","4/29/20","51","43","28007","84.31"
"Benton","0","9","Mississippi","4/29/20","8","1","28009","12.5"
"Bolivar","2","101","Mississippi","4/29/20","87","14","28011","16.09"
"Calhoun","1","51","Mississippi","4/29/20","43","8","28013","18.6"
"Carroll","1","25","Mississippi","4/29/20","15","10","28015","66.67"
"Chickasaw","2","68","Mississippi","4/29/20","51","17","28017","33.33"
"Choctaw","0","13","Mississippi","4/29/20","13","0","28019","0"
"Claiborne","1","20","Mississippi","4/29/20","12","8","28021","66.67"
"Clarke","2","53","Mississippi","4/29/20","36","17","28023","47.22"
"Clay","1","34","Mississippi","4/29/20","27","7","28025","25.93"
"Coahoma","1","61","Mississippi","4/29/20","53","8","28027","15.09"
"Copiah","5","88","Mississippi","4/29/20","52","36","28029","69.23"
"Covington","2","55","Mississippi","4/29/20","38","17","28031","44.74"
"DeSoto","5","277","Mississippi","4/29/20","244","33","28033","13.52"
"Forrest","6","198","Mississippi","4/29/20","158","40","28035","25.32"
"Franklin","0","16","Mississippi","4/29/20","16","0","28037","0"
"George","0","13","Mississippi","4/29/20","10","3","28039","30"
"Greene","0","5","Mississippi","4/29/20","4","1","28041","25"
"Grenada","0","28","Mississippi","4/29/20","27","1","28043","3.7"
"Hancock","1","61","Mississippi","4/29/20","54","7","28045","12.96"
"Harrison","3","171","Mississippi","4/29/20","150","21","28047","14"
"Hinds","10","450","Mississippi","4/29/20","377","73","28049","19.36"
"Holmes","7","129","Mississippi","4/29/20","78","51","28051","65.38"
"Humphreys","1","22","Mississippi","4/29/20","14","8","28053","57.14"
"Itawamba","3","51","Mississippi","4/29/20","27","24","28057","88.89"
"Jackson","5","255","Mississippi","4/29/20","221","34","28059","15.38"
"Jasper","1","34","Mississippi","4/29/20","24","10","28061","41.67"
"Jefferson","3","23","Mississippi","4/29/20","5","18","28063","360"
"Jefferson Davis","3","31","Mississippi","4/29/20","12","19","28065","158.33"
"Jones","7","136","Mississippi","4/29/20","88","48","28067","54.55"
"Kemper","4","56","Mississippi","4/29/20","25","31","28069","124"
"Lafayette","3","88","Mississippi","4/29/20","70","18","28071","25.71"
"Lamar","3","102","Mississippi","4/29/20","79","23","28073","29.11"
"Lauderdale","14","334","Mississippi","4/29/20","235","99","28075","42.13"
"Lawrence","3","42","Mississippi","4/29/20","22","20","28077","90.91"
"Leake","12","190","Mississippi","4/29/20","108","82","28079","75.93"
"Lee","1","70","Mississippi","4/29/20","64","6","28081","9.38"
"Leflore","5","145","Mississippi","4/29/20","113","32","28083","28.32"
"Lincoln","3","141","Mississippi","4/29/20","121","20","28085","16.53"
"Lowndes","2","49","Mississippi","4/29/20","36","13","28087","36.11"
"Madison","10","224","Mississippi","4/29/20","151","73","28089","48.34"
"Marion","3","69","Mississippi","4/29/20","48","21","28091","43.75"
"Marshall","0","42","Mississippi","4/29/20","39","3","28093","7.69"
"Monroe","8","157","Mississippi","4/29/20","99","58","28095","58.59"
"Montgomery","1","20","Mississippi","4/29/20","16","4","28097","25"
"Neshoba","12","174","Mississippi","4/29/20","91","83","28099","91.21"
"Newton","6","78","Mississippi","4/29/20","33","45","28101","136.36"
"Noxubee","5","61","Mississippi","4/29/20","24","37","28103","154.17"
"Oktibbeha","1","49","Mississippi","4/29/20","44","5","28105","11.36"
"Panola","0","38","Mississippi","4/29/20","37","1","28107","2.7"
"Pearl River","3","157","Mississippi","4/29/20","136","21","28109","15.44"
"Perry","1","26","Mississippi","4/29/20","22","4","28111","18.18"
"Pike","4","143","Mississippi","4/29/20","118","25","28113","21.19"
"Pontotoc","0","18","Mississippi","4/29/20","18","0","28115","0"
"Prentiss","1","32","Mississippi","4/29/20","28","4","28117","14.29"
"Quitman","0","14","Mississippi","4/29/20","13","1","28119","7.69"
"Rankin","5","182","Mississippi","4/29/20","148","34","28121","22.97"
"Scott","19","296","Mississippi","4/29/20","163","133","28123","81.6"
"Sharkey","0","5","Mississippi","4/29/20","3","2","28125","66.67"
"Simpson","2","45","Mississippi","4/29/20","32","13","28127","40.62"
"Smith","3","73","Mississippi","4/29/20","51","22","28129","43.14"
"Stone","0","22","Mississippi","4/29/20","21","1","28131","4.76"
"Sunflower","0","53","Mississippi","4/29/20","50","3","28133","6"
"Tallahatchie","0","11","Mississippi","4/29/20","9","2","28135","22.22"
"Tate","1","41","Mississippi","4/29/20","35","6","28137","17.14"
"Tippah","1","53","Mississippi","4/29/20","49","4","28139","8.16"
"Tishomingo","0","7","Mississippi","4/29/20","5","2","28141","40"
"Tunica","0","35","Mississippi","4/29/20","34","1","28143","2.94"
"Union","1","16","Mississippi","4/29/20","12","4","28145","33.33"
"Walthall","1","30","Mississippi","4/29/20","25","5","28147","20"
"Warren","5","65","Mississippi","4/29/20","29","36","28149","124.14"
"Washington","1","77","Mississippi","4/29/20","71","6","28151","8.45"
"Wayne","1","20","Mississippi","4/29/20","11","9","28153","81.82"
"Webster","0","17","Mississippi","4/29/20","16","1","28155","6.25"
"Wilkinson","0","69","Mississippi","4/29/20","66","3","28157","4.55"
"Winston","1","43","Mississippi","4/29/20","36","7","28159","19.44"
"Yalobusha","0","19","Mississippi","4/29/20","17","2","28161","11.76"
"Yazoo","4","134","Mississippi","4/29/20","103","31","28163","30.1"
"Adair","0","12","Missouri","4/29/20","12","0","29001","0"
"Andrew","0","2","Missouri","4/29/20","1","1","29003","100"
"Atchison","0","2","Missouri","4/29/20","2","0","29005","0"
"Audrain","0","1","Missouri","4/29/20","1","0","29007","0"
"Barry","0","6","Missouri","4/29/20","5","1","29009","20"
"Bates","0","6","Missouri","4/29/20","6","0","29013","0"
"Benton","0","4","Missouri","4/29/20","3","1","29015","33.33"
"Bollinger","0","4","Missouri","4/29/20","3","1","29017","33.33"
"Boone","0","99","Missouri","4/29/20","97","2","29019","2.06"
"Buchanan","6","76","Missouri","4/29/20","35","41","29021","117.14"
"Butler","0","26","Missouri","4/29/20","24","2","29023","8.33"
"Caldwell","0","3","Missouri","4/29/20","2","1","29025","50"
"Callaway","0","22","Missouri","4/29/20","21","1","29027","4.76"
"Camden","0","35","Missouri","4/29/20","35","0","29029","0"
"Cape Girardeau","1","49","Missouri","4/29/20","40","9","29031","22.5"
"Carroll","0","3","Missouri","4/29/20","1","2","29033","200"
"Carter","0","3","Missouri","4/29/20","3","0","29035","0"
"Cass","1","61","Missouri","4/29/20","55","6","29037","10.91"
"Cedar","0","5","Missouri","4/29/20","5","0","29039","0"
"Chariton","0","5","Missouri","4/29/20","4","1","29041","25"
"Christian","0","19","Missouri","4/29/20","19","0","29043","0"
"Clark","0","1","Missouri","4/29/20","1","0","29045","0"
"Clay","1","69","Missouri","4/29/20","61","8","29047","13.11"
"Clinton","0","11","Missouri","4/29/20","11","0","29049","0"
"Cole","1","50","Missouri","4/29/20","46","4","29051","8.7"
"Cooper","0","7","Missouri","4/29/20","5","2","29053","40"
"Crawford","0","7","Missouri","4/29/20","5","2","29055","40"
"Dallas","0","2","Missouri","4/29/20","2","0","29059","0"
"Daviess","0","2","Missouri","4/29/20","2","0","29061","0"
"DeKalb","0","3","Missouri","4/29/20","3","0","29063","0"
"Dunklin","0","21","Missouri","4/29/20","19","2","29069","10.53"
"Franklin","1","112","Missouri","4/29/20","105","7","29071","6.67"
"Gasconade","0","2","Missouri","4/29/20","2","0","29073","0"
"Gentry","0","1","Missouri","4/29/20","1","0","29075","0"
"Greene","0","95","Missouri","4/29/20","92","3","29077","3.26"
"Harrison","0","6","Missouri","4/29/20","6","0","29081","0"
"Henry","0","8","Missouri","4/29/20","6","2","29083","33.33"
"Holt","0","1","Missouri","4/29/20","1","0","29087","0"
"Howard","0","2","Missouri","4/29/20","2","0","29089","0"
"Howell","0","5","Missouri","4/29/20","5","0","29091","0"
"Iron","0","2","Missouri","4/29/20","2","0","29093","0"
"Jackson","4","313","Missouri","4/29/20","288","25","29095","8.68"
"Jasper","-1","24","Missouri","4/29/20","30","-6","29097","-20"
"Jefferson","5","273","Missouri","4/29/20","238","35","29099","14.71"
"Johnson","0","54","Missouri","4/29/20","52","2","29101","3.85"
"Kansas City","10","520","Missouri","4/29/20","448","72","00000","16.07"
"Lafayette","1","36","Missouri","4/29/20","30","6","29107","20"
"Lewis","1","6","Missouri","4/29/20","1","5","29111","500"
"Lincoln","2","71","Missouri","4/29/20","59","12","29113","20.34"
"Linn","0","5","Missouri","4/29/20","5","0","29115","0"
"Livingston","0","2","Missouri","4/29/20","2","0","29117","0"
"Macon","0","2","Missouri","4/29/20","2","0","29121","0"
"Madison","0","1","Missouri","4/29/20","1","0","29123","0"
"Maries","0","2","Missouri","4/29/20","2","0","29125","0"
"Marion","0","5","Missouri","4/29/20","4","1","29127","25"
"McDonald","0","4","Missouri","4/29/20","4","0","29119","0"
"Miller","0","1","Missouri","4/29/20","1","0","29131","0"
"Mississippi","3","23","Missouri","4/29/20","1","22","29133","2200"
"Moniteau","-1","52","Missouri","4/29/20","59","-7","29135","-11.86"
"Montgomery","0","7","Missouri","4/29/20","7","0","29139","0"
"Morgan","0","3","Missouri","4/29/20","3","0","29141","0"
"New Madrid","0","9","Missouri","4/29/20","9","0","29143","0"
"Newton","0","10","Missouri","4/29/20","10","0","29145","0"
"Nodaway","0","3","Missouri","4/29/20","3","0","29147","0"
"Oregon","0","1","Missouri","4/29/20","1","0","29149","0"
"Osage","0","5","Missouri","4/29/20","5","0","29151","0"
"Pemiscot","1","25","Missouri","4/29/20","17","8","29155","47.06"
"Perry","1","43","Missouri","4/29/20","38","5","29157","13.16"
"Pettis","2","34","Missouri","4/29/20","21","13","29159","61.9"
"Phelps","0","2","Missouri","4/29/20","1","1","29161","100"
"Pike","1","10","Missouri","4/29/20","6","4","29163","66.67"
"Platte","1","32","Missouri","4/29/20","27","5","29165","18.52"
"Polk","0","1","Missouri","4/29/20","1","0","29167","0"
"Pulaski","0","34","Missouri","4/29/20","31","3","29169","9.68"
"Ralls","0","1","Missouri","4/29/20","1","0","29173","0"
"Randolph","0","8","Missouri","4/29/20","8","0","29175","0"
"Ray","1","12","Missouri","4/29/20","7","5","29177","71.43"
"Reynolds","0","2","Missouri","4/29/20","2","0","29179","0"
"Ripley","0","5","Missouri","4/29/20","4","1","29181","25"
"Saline","13","188","Missouri","4/29/20","96","92","29195","95.83"
"Scotland","0","4","Missouri","4/29/20","4","0","29199","0"
"Scott","1","63","Missouri","4/29/20","59","4","29201","6.78"
"Shelby","0","1","Missouri","4/29/20","1","0","29205","0"
"St. Charles","17","596","Missouri","4/29/20","474","122","29183","25.74"
"St. Clair","0","2","Missouri","4/29/20","2","0","29185","0"
"St. Francois","1","28","Missouri","4/29/20","24","4","29187","16.67"
"St. Louis","84","3161","Missouri","4/29/20","2576","585","29189","22.71"
"St. Louis City","29","1126","Missouri","4/29/20","924","202","29510","21.86"
"Ste. Genevieve","0","7","Missouri","4/29/20","7","0","29186","0"
"Stoddard","0","19","Missouri","4/29/20","19","0","29207","0"
"Stone","0","3","Missouri","4/29/20","3","0","29209","0"
"Taney","0","11","Missouri","4/29/20","9","2","29213","22.22"
"Vernon","0","4","Missouri","4/29/20","4","0","29217","0"
"Warren","0","22","Missouri","4/29/20","22","0","29219","0"
"Washington","0","8","Missouri","4/29/20","6","2","29221","33.33"
"Webster","0","15","Missouri","4/29/20","13","2","29225","15.38"
"Worth","0","1","Missouri","4/29/20","1","0","29227","0"
"Wright","0","10","Missouri","4/29/20","9","1","29229","11.11"
"Beaverhead","0","1","Montana","4/29/20","1","0","30001","0"
"Big Horn","0","3","Montana","4/29/20","3","0","30003","0"
"Broadwater","0","4","Montana","4/29/20","4","0","30007","0"
"Carbon","0","6","Montana","4/29/20","6","0","30009","0"
"Cascade","0","15","Montana","4/29/20","13","2","30013","15.38"
"Deer Lodge","0","3","Montana","4/29/20","3","0","30023","0"
"Flathead","0","37","Montana","4/29/20","37","0","30029","0"
"Gallatin","0","146","Montana","4/29/20","145","1","30031","0.69"
"Glacier","0","6","Montana","4/29/20","4","2","30035","50"
"Golden Valley","0","3","Montana","4/29/20","3","0","30037","0"
"Hill","0","1","Montana","4/29/20","1","0","30041","0"
"Jefferson","0","2","Montana","4/29/20","2","0","30043","0"
"Lake","0","5","Montana","4/29/20","5","0","30047","0"
"Lewis and Clark","0","16","Montana","4/29/20","16","0","30049","0"
"Liberty","0","1","Montana","4/29/20","1","0","30051","0"
"Lincoln","0","7","Montana","4/29/20","7","0","30053","0"
"Madison","0","8","Montana","4/29/20","8","0","30057","0"
"Meagher","0","1","Montana","4/29/20","1","0","30059","0"
"Missoula","0","39","Montana","4/29/20","39","0","30063","0"
"Musselshell","0","1","Montana","4/29/20","1","0","30065","0"
"Park","0","7","Montana","4/29/20","7","0","30067","0"
"Pondera","0","2","Montana","4/29/20","2","0","30073","0"
"Ravalli","0","5","Montana","4/29/20","5","0","30081","0"
"Richland","0","3","Montana","4/29/20","3","0","30083","0"
"Roosevelt","0","7","Montana","4/29/20","7","0","30085","0"
"Silver Bow","0","11","Montana","4/29/20","11","0","30093","0"
"Stillwater","0","1","Montana","4/29/20","1","0","30095","0"
"Toole","0","29","Montana","4/29/20","29","0","30101","0"
"Wheatland","0","1","Montana","4/29/20","0","1","30107","1"
"Yellowstone","1","80","Montana","4/29/20","74","6","30111","8.11"
"Adams","6","147","Nebraska","4/29/20","103","44","31001","42.72"
"Antelope","0","2","Nebraska","4/29/20","1","1","31003","100"
"Box Butte","0","1","Nebraska","4/29/20","1","0","31013","0"
"Buffalo","5","97","Nebraska","4/29/20","61","36","31019","59.02"
"Burt","0","2","Nebraska","4/29/20","1","1","31021","100"
"Butler","0","2","Nebraska","4/29/20","1","1","31023","100"
"Cass","0","5","Nebraska","4/29/20","3","2","31025","66.67"
"Cedar","0","2","Nebraska","4/29/20","0","2","31027","1"
"Cherry","0","1","Nebraska","4/29/20","1","0","31031","0"
"Cheyenne","0","6","Nebraska","4/29/20","5","1","31033","20"
"Clay","1","9","Nebraska","4/29/20","5","4","31035","80"
"Colfax","6","44","Nebraska","4/29/20","5","39","31037","780"
"Cuming","0","5","Nebraska","4/29/20","2","3","31039","150"
"Custer","0","22","Nebraska","4/29/20","20","2","31041","10"
"Dakota","75","608","Nebraska","4/29/20","86","522","31043","606.98"
"Dawson","32","424","Nebraska","4/29/20","197","227","31047","115.23"
"Dixon","1","5","Nebraska","4/29/20","1","4","31051","400"
"Dodge","5","53","Nebraska","4/29/20","18","35","31053","194.44"
"Douglas","39","580","Nebraska","4/29/20","310","270","31055","87.1"
"Fillmore","0","1","Nebraska","4/29/20","1","0","31059","0"
"Franklin","0","3","Nebraska","4/29/20","3","0","31061","0"
"Furnas","0","3","Nebraska","4/29/20","2","1","31065","50"
"Gage","1","35","Nebraska","4/29/20","28","7","31067","25"
"Gosper","0","9","Nebraska","4/29/20","7","2","31073","28.57"
"Greeley","0","2","Nebraska","4/29/20","0","2","31077","1"
"Hall","51","943","Nebraska","4/29/20","588","355","31079","60.37"
"Hamilton","2","41","Nebraska","4/29/20","27","14","31081","51.85"
"Howard","1","12","Nebraska","4/29/20","5","7","31093","140"
"Jefferson","0","3","Nebraska","4/29/20","0","3","31095","1"
"Johnson","0","4","Nebraska","4/29/20","2","2","31097","100"
"Kearney","0","4","Nebraska","4/29/20","4","0","31099","0"
"Kimball","0","9","Nebraska","4/29/20","9","0","31105","0"
"Knox","0","2","Nebraska","4/29/20","2","0","31107","0"
"Lancaster","15","204","Nebraska","4/29/20","97","107","31109","110.31"
"Lincoln","1","23","Nebraska","4/29/20","18","5","31111","27.78"
"Madison","13","109","Nebraska","4/29/20","16","93","31119","581.25"
"Merrick","0","12","Nebraska","4/29/20","9","3","31121","33.33"
"Morrill","0","1","Nebraska","4/29/20","1","0","31123","0"
"Nance","0","1","Nebraska","4/29/20","1","0","31125","0"
"Nemaha","0","1","Nebraska","4/29/20","1","0","31127","0"
"Otoe","0","1","Nebraska","4/29/20","1","0","31131","0"
"Phelps","0","2","Nebraska","4/29/20","1","1","31137","100"
"Pierce","0","1","Nebraska","4/29/20","1","0","31139","0"
"Platte","8","66","Nebraska","4/29/20","11","55","31141","500"
"Polk","0","7","Nebraska","4/29/20","6","1","31143","16.67"
"Red Willow","0","2","Nebraska","4/29/20","1","1","31145","100"
"Saline","13","107","Nebraska","4/29/20","16","91","31151","568.75"
"Sarpy","8","113","Nebraska","4/29/20","57","56","31153","98.25"
"Saunders","0","9","Nebraska","4/29/20","6","3","31155","50"
"Scotts Bluff","1","29","Nebraska","4/29/20","22","7","31157","31.82"
"Seward","0","7","Nebraska","4/29/20","4","3","31159","75"
"Sherman","0","1","Nebraska","4/29/20","0","1","31163","1"
"Stanton","0","4","Nebraska","4/29/20","2","2","31167","100"
"Thurston","1","4","Nebraska","4/29/20","0","4","31173","1"
"Valley","0","1","Nebraska","4/29/20","0","1","31175","1"
"Washington","0","22","Nebraska","4/29/20","21","1","31177","4.76"
"Wayne","0","1","Nebraska","4/29/20","1","0","31179","0"
"Webster","0","3","Nebraska","4/29/20","2","1","31181","50"
"York","1","11","Nebraska","4/29/20","7","4","31185","57.14"
"Carson City","2","44","Nevada","4/29/20","28","16","32510","57.14"
"Churchill","0","3","Nevada","4/29/20","3","0","32001","0"
"Clark","96","3891","Nevada","4/29/20","3218","673","32003","20.91"
"Douglas","0","19","Nevada","4/29/20","16","3","32005","18.75"
"Elko","0","15","Nevada","4/29/20","12","3","32007","25"
"Humboldt","1","38","Nevada","4/29/20","34","4","32013","11.76"
"Lander","1","7","Nevada","4/29/20","1","6","32015","600"
"Lyon","1","27","Nevada","4/29/20","19","8","32019","42.11"
"Mineral","0","4","Nevada","4/29/20","2","2","32021","100"
"Nye","1","35","Nevada","4/29/20","29","6","32023","20.69"
"Washoe","20","848","Nevada","4/29/20","710","138","32031","19.44"
"White Pine","0","3","Nevada","4/29/20","3","0","32033","0"
"Belknap","1","34","New Hampshire","4/29/20","28","6","33001","21.43"
"Carroll","0","31","New Hampshire","4/29/20","30","1","33003","3.33"
"Cheshire","1","40","New Hampshire","4/29/20","33","7","33005","21.21"
"Coos","0","2","New Hampshire","4/29/20","2","0","33007","0"
"Grafton","0","48","New Hampshire","4/29/20","45","3","33009","6.67"
"Hillsborough","36","931","New Hampshire","4/29/20","681","250","33011","36.71"
"Merrimack","6","145","New Hampshire","4/29/20","105","40","33013","38.1"
"Rockingham","22","670","New Hampshire","4/29/20","519","151","33015","29.09"
"Strafford","3","139","New Hampshire","4/29/20","118","21","33017","17.8"
"Sullivan","0","11","New Hampshire","4/29/20","10","1","33019","10"
"Atlantic","58","908","New Jersey","4/29/20","505","403","34001","79.8"
"Bergen","251","15446","New Jersey","4/29/20","13686","1760","34003","12.86"
"Burlington","104","2606","New Jersey","4/29/20","1878","728","34005","38.76"
"Camden","122","3385","New Jersey","4/29/20","2528","857","34007","33.9"
"Cape May","11","305","New Jersey","4/29/20","227","78","34009","34.36"
"Cumberland","44","687","New Jersey","4/29/20","382","305","34011","79.84"
"Essex","294","13445","New Jersey","4/29/20","11387","2058","34013","18.07"
"Gloucester","50","1208","New Jersey","4/29/20","856","352","34015","41.12"
"Hudson","358","14596","New Jersey","4/29/20","12088","2508","34017","20.75"
"Hunterdon","21","583","New Jersey","4/29/20","434","149","34019","34.33"
"Mercer","126","3725","New Jersey","4/29/20","2845","880","34021","30.93"
"Middlesex","341","11436","New Jersey","4/29/20","9047","2389","34023","26.41"
"Monmouth","117","5907","New Jersey","4/29/20","5086","821","34025","16.14"
"Morris","94","5213","New Jersey","4/29/20","4556","657","34027","14.42"
"Ocean","146","6253","New Jersey","4/29/20","5234","1019","34029","19.47"
"Passaic","399","12185","New Jersey","4/29/20","9392","2793","34031","29.74"
"Salem","13","227","New Jersey","4/29/20","134","93","34033","69.4"
"Somerset","98","3372","New Jersey","4/29/20","2688","684","34035","25.45"
"Sussex","22","900","New Jersey","4/29/20","743","157","34037","21.13"
"Union","271","12380","New Jersey","4/29/20","10484","1896","34039","18.08"
"Warren","27","880","New Jersey","4/29/20","689","191","34041","27.72"
"Bernalillo","24","765","New Mexico","4/29/20","600","165","35001","27.5"
"Catron","0","1","New Mexico","4/29/20","1","0","35003","0"
"Chaves","0","22","New Mexico","4/29/20","21","1","35005","4.76"
"Cibola","2","47","New Mexico","4/29/20","35","12","35006","34.29"
"Colfax","0","5","New Mexico","4/29/20","5","0","35007","0"
"Curry","0","13","New Mexico","4/29/20","10","3","35009","30"
"Dona Ana","7","130","New Mexico","4/29/20","82","48","35013","58.54"
"Eddy","0","12","New Mexico","4/29/20","11","1","35015","9.09"
"Grant","0","14","New Mexico","4/29/20","14","0","35017","0"
"Guadalupe","2","14","New Mexico","4/29/20","2","12","35019","600"
"Harding","0","1","New Mexico","4/29/20","0","1","35021","1"
"Lea","1","10","New Mexico","4/29/20","5","5","35025","100"
"Lincoln","0","2","New Mexico","4/29/20","2","0","35027","0"
"Los Alamos","0","6","New Mexico","4/29/20","6","0","35028","0"
"Luna","0","4","New Mexico","4/29/20","3","1","35029","33.33"
"McKinley","62","953","New Mexico","4/29/20","519","434","35031","83.62"
"Otero","0","5","New Mexico","4/29/20","3","2","35035","66.67"
"Quay","0","4","New Mexico","4/29/20","3","1","35037","33.33"
"Rio Arriba","0","14","New Mexico","4/29/20","11","3","35039","27.27"
"Roosevelt","1","8","New Mexico","4/29/20","4","4","35041","100"
"San Juan","34","576","New Mexico","4/29/20","339","237","35045","69.91"
"San Miguel","0","2","New Mexico","4/29/20","2","0","35047","0"
"Sandoval","6","385","New Mexico","4/29/20","341","44","35043","12.9"
"Santa Fe","1","98","New Mexico","4/29/20","93","5","35049","5.38"
"Sierra","0","1","New Mexico","4/29/20","0","1","35051","1"
"Socorro","1","42","New Mexico","4/29/20","34","8","35053","23.53"
"Taos","0","17","New Mexico","4/29/20","16","1","35055","6.25"
"Torrance","0","15","New Mexico","4/29/20","13","2","35057","15.38"
"Union","0","3","New Mexico","4/29/20","0","3","35059","1"
"Valencia","1","44","New Mexico","4/29/20","35","9","35061","25.71"
"Albany","47","1067","New York","4/29/20","737","330","36001","44.78"
"Allegany","1","35","New York","4/29/20","30","5","36003","16.67"
"Broome","8","273","New York","4/29/20","219","54","36007","24.66"
"Cattaraugus","1","47","New York","4/29/20","37","10","36009","27.03"
"Cayuga","2","48","New York","4/29/20","36","12","36011","33.33"
"Chautauqua","-1","31","New York","4/29/20","36","-5","36013","-13.89"
"Chemung","6","119","New York","4/29/20","75","44","36015","58.67"
"Chenango","2","96","New York","4/29/20","79","17","36017","21.52"
"Clinton","0","59","New York","4/29/20","56","3","36019","5.36"
"Columbia","6","165","New York","4/29/20","120","45","36021","37.5"
"Cortland","0","28","New York","4/29/20","25","3","36023","12"
"Delaware","0","60","New York","4/29/20","62","-2","36025","-3.23"
"Dutchess","70","2881","New York","4/29/20","2391","490","36027","20.49"
"Erie","130","3196","New York","4/29/20","2284","912","36029","39.93"
"Essex","1","27","New York","4/29/20","22","5","36031","22.73"
"Franklin","0","15","New York","4/29/20","13","2","36033","15.38"
"Fulton","6","67","New York","4/29/20","28","39","36035","139.29"
"Genesee","4","152","New York","4/29/20","122","30","36037","24.59"
"Greene","4","114","New York","4/29/20","87","27","36039","31.03"
"Hamilton","0","3","New York","4/29/20","3","0","36041","0"
"Herkimer","1","58","New York","4/29/20","53","5","36043","9.43"
"Jefferson","1","60","New York","4/29/20","54","6","36045","11.11"
"Lewis","0","9","New York","4/29/20","9","0","36049","0"
"Livingston","4","67","New York","4/29/20","39","28","36051","71.79"
"Madison","1","126","New York","4/29/20","121","5","36053","4.13"
"Monroe","42","1404","New York","4/29/20","1112","292","36055","26.26"
"Montgomery","2","51","New York","4/29/20","38","13","36057","34.21"
"Nassau","564","35505","New York","4/29/20","31555","3950","36059","12.52"
"New York","3231","164841","New York","4/29/20","142227","22614","36061","15.9"
"Niagara","19","401","New York","4/29/20","268","133","36063","49.63"
"Oneida","17","422","New York","4/29/20","301","121","36065","40.2"
"Onondaga","16","782","New York","4/29/20","667","115","36067","17.24"
"Ontario","2","90","New York","4/29/20","73","17","36069","23.29"
"Orange","191","8488","New York","4/29/20","7152","1336","36071","18.68"
"Orleans","4","85","New York","4/29/20","56","29","36073","51.79"
"Oswego","2","63","New York","4/29/20","52","11","36075","21.15"
"Otsego","2","66","New York","4/29/20","49","17","36077","34.69"
"Putnam","16","946","New York","4/29/20","831","115","36079","13.84"
"Rensselaer","9","262","New York","4/29/20","202","60","36083","29.7"
"Rockland","270","11586","New York","4/29/20","9699","1887","36087","19.46"
"Saratoga","10","346","New York","4/29/20","277","69","36091","24.91"
"Schenectady","18","479","New York","4/29/20","352","127","36093","36.08"
"Schoharie","3","39","New York","4/29/20","20","19","36095","95"
"Schuyler","0","7","New York","4/29/20","8","-1","36097","-12.5"
"Seneca","3","38","New York","4/29/20","18","20","36099","111.11"
"St. Lawrence","7","170","New York","4/29/20","123","47","36089","38.21"
"Steuben","0","214","New York","4/29/20","214","0","36101","0"
"Suffolk","630","33265","New York","4/29/20","28854","4411","36103","15.29"
"Sullivan","31","811","New York","4/29/20","592","219","36105","36.99"
"Tioga","6","84","New York","4/29/20","39","45","36107","115.38"
"Tompkins","1","127","New York","4/29/20","123","4","36109","3.25"
"Ulster","33","1252","New York","4/29/20","1018","234","36111","22.99"
"Warren","6","152","New York","4/29/20","108","44","36113","40.74"
"Washington","9","134","New York","4/29/20","73","61","36115","83.56"
"Wayne","3","70","New York","4/29/20","52","18","36117","34.62"
"Westchester","479","28626","New York","4/29/20","25276","3350","36119","13.25"
"Wyoming","3","65","New York","4/29/20","44","21","36121","47.73"
"Yates","1","17","New York","4/29/20","11","6","36123","54.55"
"Alamance","5","96","North Carolina","4/29/20","60","36","37001","60"
"Alexander","0","4","North Carolina","4/29/20","4","0","37003","0"
"Alleghany","0","2","North Carolina","4/29/20","2","0","37005","0"
"Anson","1","24","North Carolina","4/29/20","19","5","37007","26.32"
"Ashe","0","5","North Carolina","4/29/20","4","1","37009","25"
"Beaufort","1","22","North Carolina","4/29/20","16","6","37013","37.5"
"Bertie","2","38","North Carolina","4/29/20","27","11","37015","40.74"
"Bladen","2","20","North Carolina","4/29/20","4","16","37017","400"
"Brunswick","1","43","North Carolina","4/29/20","38","5","37019","13.16"
"Buncombe","2","60","North Carolina","4/29/20","49","11","37021","22.45"
"Burke","2","97","North Carolina","4/29/20","83","14","37023","16.87"
"Cabarrus","6","275","North Carolina","4/29/20","232","43","37025","18.53"
"Caldwell","1","33","North Carolina","4/29/20","23","10","37027","43.48"
"Camden","0","1","North Carolina","4/29/20","0","1","37029","1"
"Carteret","0","28","North Carolina","4/29/20","27","1","37031","3.7"
"Caswell","1","19","North Carolina","4/29/20","12","7","37033","58.33"
"Catawba","1","56","North Carolina","4/29/20","47","9","37035","19.15"
"Chatham","22","287","North Carolina","4/29/20","135","152","37037","112.59"
"Cherokee","0","16","North Carolina","4/29/20","18","-2","37039","-11.11"
"Chowan","0","7","North Carolina","4/29/20","6","1","37041","16.67"
"Clay","0","6","North Carolina","4/29/20","6","0","37043","0"
"Cleveland","0","47","North Carolina","4/29/20","45","2","37045","4.44"
"Columbus","4","103","North Carolina","4/29/20","76","27","37047","35.53"
"Craven","0","39","North Carolina","4/29/20","36","3","37049","8.33"
"Cumberland","13","224","North Carolina","4/29/20","133","91","37051","68.42"
"Currituck","0","5","North Carolina","4/29/20","3","2","37053","66.67"
"Dare","0","15","North Carolina","4/29/20","15","0","37055","0"
"Davidson","9","166","North Carolina","4/29/20","103","63","37057","61.17"
"Davie","1","29","North Carolina","4/29/20","24","5","37059","20.83"
"Duplin","6","78","North Carolina","4/29/20","35","43","37061","122.86"
"Durham","41","724","North Carolina","4/29/20","439","285","37063","64.92"
"Edgecombe","3","81","North Carolina","4/29/20","60","21","37065","35"
"Forsyth","10","210","North Carolina","4/29/20","141","69","37067","48.94"
"Franklin","4","102","North Carolina","4/29/20","75","27","37069","36"
"Gaston","2","140","North Carolina","4/29/20","124","16","37071","12.9"
"Gates","0","7","North Carolina","4/29/20","4","3","37073","75"
"Graham","0","1","North Carolina","4/29/20","0","1","37075","1"
"Granville","3","136","North Carolina","4/29/20","118","18","37077","15.25"
"Greene","0","15","North Carolina","4/29/20","14","1","37079","7.14"
"Guilford","18","358","North Carolina","4/29/20","233","125","37081","53.65"
"Halifax","3","58","North Carolina","4/29/20","39","19","37083","48.72"
"Harnett","12","151","North Carolina","4/29/20","66","85","37085","128.79"
"Haywood","0","7","North Carolina","4/29/20","5","2","37087","40"
"Henderson","2","162","North Carolina","4/29/20","147","15","37089","10.2"
"Hertford","3","34","North Carolina","4/29/20","11","23","37091","209.09"
"Hoke","6","72","North Carolina","4/29/20","30","42","37093","140"
"Hyde","0","1","North Carolina","4/29/20","0","1","37095","1"
"Iredell","2","108","North Carolina","4/29/20","94","14","37097","14.89"
"Jackson","1","15","North Carolina","4/29/20","5","10","37099","200"
"Johnston","4","149","North Carolina","4/29/20","123","26","37101","21.14"
"Jones","0","12","North Carolina","4/29/20","12","0","37103","0"
"Lee","11","142","North Carolina","4/29/20","66","76","37105","115.15"
"Lenoir","4","60","North Carolina","4/29/20","34","26","37107","76.47"
"Lincoln","0","27","North Carolina","4/29/20","24","3","37109","12.5"
"Macon","0","2","North Carolina","4/29/20","2","0","37113","0"
"Madison","0","1","North Carolina","4/29/20","0","1","37115","1"
"Martin","1","16","North Carolina","4/29/20","11","5","37117","45.45"
"McDowell","1","25","North Carolina","4/29/20","21","4","37111","19.05"
"Mecklenburg","34","1567","North Carolina","4/29/20","1331","236","37119","17.73"
"Mitchell","0","5","North Carolina","4/29/20","7","-2","37121","-28.57"
"Montgomery","3","37","North Carolina","4/29/20","18","19","37123","105.56"
"Moore","4","125","North Carolina","4/29/20","99","26","37125","26.26"
"Nash","2","88","North Carolina","4/29/20","74","14","37127","18.92"
"New Hanover","1","79","North Carolina","4/29/20","69","10","37129","14.49"
"Northampton","1","82","North Carolina","4/29/20","75","7","37131","9.33"
"Onslow","1","43","North Carolina","4/29/20","38","5","37133","13.16"
"Orange","3","217","North Carolina","4/29/20","195","22","37135","11.28"
"Pamlico","0","7","North Carolina","4/29/20","6","1","37137","16.67"
"Pasquotank","1","36","North Carolina","4/29/20","32","4","37139","12.5"
"Pender","0","11","North Carolina","4/29/20","11","0","37141","0"
"Perquimans","1","13","North Carolina","4/29/20","8","5","37143","62.5"
"Person","0","20","North Carolina","4/29/20","18","2","37145","11.11"
"Pitt","3","120","North Carolina","4/29/20","99","21","37147","21.21"
"Polk","1","19","North Carolina","4/29/20","11","8","37149","72.73"
"Randolph","10","168","North Carolina","4/29/20","97","71","37151","73.2"
"Richmond","3","42","North Carolina","4/29/20","22","20","37153","90.91"
"Robeson","17","162","North Carolina","4/29/20","44","118","37155","268.18"
"Rockingham","1","25","North Carolina","4/29/20","20","5","37157","25"
"Rowan","14","366","North Carolina","4/29/20","269","97","37159","36.06"
"Rutherford","6","125","North Carolina","4/29/20","84","41","37161","48.81"
"Sampson","4","51","North Carolina","4/29/20","23","28","37163","121.74"
"Scotland","1","24","North Carolina","4/29/20","15","9","37165","60"
"Stanly","1","29","North Carolina","4/29/20","22","7","37167","31.82"
"Stokes","0","11","North Carolina","4/29/20","10","1","37169","10"
"Surry","-1","13","North Carolina","4/29/20","17","-4","37171","-23.53"
"Swain","0","3","North Carolina","4/29/20","0","3","37173","1"
"Transylvania","0","7","North Carolina","4/29/20","8","-1","37175","-12.5"
"Tyrrell","0","4","North Carolina","4/29/20","4","0","37177","0"
"Union","7","228","North Carolina","4/29/20","179","49","37179","27.37"
"Vance","7","84","North Carolina","4/29/20","36","48","37181","133.33"
"Wake","29","814","North Carolina","4/29/20","613","201","37183","32.79"
"Warren","1","9","North Carolina","4/29/20","3","6","37185","200"
"Washington","0","24","North Carolina","4/29/20","22","2","37187","9.09"
"Watauga","0","8","North Carolina","4/29/20","8","0","37189","0"
"Wayne","9","651","North Carolina","4/29/20","585","66","37191","11.28"
"Wilkes","3","26","North Carolina","4/29/20","5","21","37193","420"
"Wilson","5","159","North Carolina","4/29/20","127","32","37195","25.2"
"Yadkin","1","17","North Carolina","4/29/20","11","6","37197","54.55"
"Barnes","0","4","North Dakota","4/29/20","3","1","38003","33.33"
"Bowman","0","1","North Dakota","4/29/20","1","0","38011","0"
"Burke","0","3","North Dakota","4/29/20","2","1","38013","50"
"Burleigh","2","76","North Dakota","4/29/20","65","11","38015","16.92"
"Cass","31","492","North Dakota","4/29/20","274","218","38017","79.56"
"Divide","0","1","North Dakota","4/29/20","1","0","38023","0"
"Dunn","0","10","North Dakota","4/29/20","10","0","38025","0"
"Eddy","0","1","North Dakota","4/29/20","1","0","38027","0"
"Emmons","0","1","North Dakota","4/29/20","1","0","38029","0"
"Foster","0","1","North Dakota","4/29/20","1","0","38031","0"
"Grand Forks","14","251","North Dakota","4/29/20","154","97","38035","62.99"
"Grant","0","1","North Dakota","4/29/20","1","0","38037","0"
"McHenry","0","1","North Dakota","4/29/20","1","0","38049","0"
"McIntosh","0","1","North Dakota","4/29/20","1","0","38051","0"
"McKenzie","0","13","North Dakota","4/29/20","10","3","38053","30"
"McLean","0","3","North Dakota","4/29/20","3","0","38055","0"
"Morton","0","24","North Dakota","4/29/20","23","1","38059","4.35"
"Mountrail","1","35","North Dakota","4/29/20","31","4","38061","12.9"
"Nelson","0","1","North Dakota","4/29/20","1","0","38063","0"
"Oliver","0","1","North Dakota","4/29/20","1","0","38065","0"
"Pembina","0","1","North Dakota","4/29/20","0","1","38067","1"
"Pierce","0","2","North Dakota","4/29/20","2","0","38069","0"
"Ramsey","0","3","North Dakota","4/29/20","3","0","38071","0"
"Ransom","0","1","North Dakota","4/29/20","0","1","38073","1"
"Richland","0","7","North Dakota","4/29/20","6","1","38077","16.67"
"Rolette","0","1","North Dakota","4/29/20","1","0","38079","0"
"Sargent","0","1","North Dakota","4/29/20","1","0","38081","0"
"Sioux","0","1","North Dakota","4/29/20","1","0","38085","0"
"Slope","0","3","North Dakota","4/29/20","3","0","38087","0"
"Stark","1","46","North Dakota","4/29/20","40","6","38089","15"
"Stutsman","0","6","North Dakota","4/29/20","3","3","38093","100"
"Walsh","1","7","North Dakota","4/29/20","3","4","38099","133.33"
"Ward","0","21","North Dakota","4/29/20","21","0","38101","0"
"Wells","0","2","North Dakota","4/29/20","1","1","38103","100"
"Williams","0","10","North Dakota","4/29/20","9","1","38105","11.11"
"","0","14","Northern Mariana Islands","4/29/20","14","0",,"0"
"Adams","0","5","Ohio","4/29/20","4","1","39001","25"
"Allen","3","116","Ohio","4/29/20","94","22","39003","23.4"
"Ashland","0","6","Ohio","4/29/20","5","1","39005","20"
"Ashtabula","5","116","Ohio","4/29/20","80","36","39007","45"
"Athens","0","3","Ohio","4/29/20","3","0","39009","0"
"Auglaize","1","32","Ohio","4/29/20","28","4","39011","14.29"
"Belmont","5","128","Ohio","4/29/20","93","35","39013","37.63"
"Brown","0","11","Ohio","4/29/20","10","1","39015","10"
"Butler","10","261","Ohio","4/29/20","192","69","39017","35.94"
"Carroll","0","19","Ohio","4/29/20","18","1","39019","5.56"
"Champaign","1","14","Ohio","4/29/20","7","7","39021","100"
"Clark","3","51","Ohio","4/29/20","28","23","39023","82.14"
"Clermont","1","81","Ohio","4/29/20","73","8","39025","10.96"
"Clinton","0","29","Ohio","4/29/20","26","3","39027","11.54"
"Columbiana","7","247","Ohio","4/29/20","195","52","39029","26.67"
"Coshocton","0","17","Ohio","4/29/20","16","1","39031","6.25"
"Crawford","1","45","Ohio","4/29/20","36","9","39033","25"
"Cuyahoga","45","2030","Ohio","4/29/20","1713","317","39035","18.51"
"Darke","2","76","Ohio","4/29/20","62","14","39037","22.58"
"Defiance","0","20","Ohio","4/29/20","17","3","39039","17.65"
"Delaware","4","153","Ohio","4/29/20","128","25","39041","19.53"
"Erie","1","54","Ohio","4/29/20","44","10","39043","22.73"
"Fairfield","3","129","Ohio","4/29/20","106","23","39045","21.7"
"Fayette","0","15","Ohio","4/29/20","13","2","39047","15.38"
"Franklin","88","2216","Ohio","4/29/20","1598","618","39049","38.67"
"Fulton","0","21","Ohio","4/29/20","18","3","39051","16.67"
"Gallia","0","6","Ohio","4/29/20","6","0","39053","0"
"Geauga","5","153","Ohio","4/29/20","117","36","39055","30.77"
"Greene","1","46","Ohio","4/29/20","39","7","39057","17.95"
"Guernsey","0","15","Ohio","4/29/20","15","0","39059","0"
"Hamilton","52","1150","Ohio","4/29/20","785","365","39061","46.5"
"Hancock","1","37","Ohio","4/29/20","30","7","39063","23.33"
"Hardin","1","24","Ohio","4/29/20","20","4","39065","20"
"Harrison","0","4","Ohio","4/29/20","2","2","39067","100"
"Henry","0","5","Ohio","4/29/20","4","1","39069","25"
"Highland","0","11","Ohio","4/29/20","8","3","39071","37.5"
"Hocking","2","16","Ohio","4/29/20","5","11","39073","220"
"Holmes","0","5","Ohio","4/29/20","4","1","39075","25"
"Huron","1","30","Ohio","4/29/20","25","5","39077","20"
"Jackson","0","4","Ohio","4/29/20","4","0","39079","0"
"Jefferson","2","43","Ohio","4/29/20","31","12","39081","38.71"
"Knox","0","16","Ohio","4/29/20","13","3","39083","23.08"
"Lake","3","165","Ohio","4/29/20","145","20","39085","13.79"
"Lawrence","0","24","Ohio","4/29/20","22","2","39087","9.09"
"Licking","2","115","Ohio","4/29/20","103","12","39089","11.65"
"Logan","1","18","Ohio","4/29/20","14","4","39091","28.57"
"Lorain","12","418","Ohio","4/29/20","332","86","39093","25.9"
"Lucas","47","1208","Ohio","4/29/20","878","330","39095","37.59"
"Madison","4","60","Ohio","4/29/20","30","30","39097","100"
"Mahoning","24","804","Ohio","4/29/20","635","169","39099","26.61"
"Marion","8","2196","Ohio","4/29/20","2137","59","39101","2.76"
"Medina","3","165","Ohio","4/29/20","143","22","39103","15.38"
"Meigs","0","2","Ohio","4/29/20","2","0","39105","0"
"Mercer","1","18","Ohio","4/29/20","14","4","39107","28.57"
"Miami","1","138","Ohio","4/29/20","134","4","39109","2.99"
"Monroe","0","3","Ohio","4/29/20","2","1","39111","50"
"Montgomery","5","279","Ohio","4/29/20","241","38","39113","15.77"
"Morgan","0","4","Ohio","4/29/20","4","0","39115","0"
"Morrow","2","41","Ohio","4/29/20","25","16","39117","64"
"Muskingum","0","10","Ohio","4/29/20","9","1","39119","11.11"
"Noble","0","5","Ohio","4/29/20","3","2","39121","66.67"
"Ottawa","1","37","Ohio","4/29/20","32","5","39123","15.62"
"Paulding","0","8","Ohio","4/29/20","8","0","39125","0"
"Perry","0","12","Ohio","4/29/20","11","1","39127","9.09"
"Pickaway","9","1722","Ohio","4/29/20","1658","64","39129","3.86"
"Pike","0","3","Ohio","4/29/20","2","1","39131","50"
"Portage","5","230","Ohio","4/29/20","197","33","39133","16.75"
"Preble","0","27","Ohio","4/29/20","25","2","39135","8"
"Putnam","6","64","Ohio","4/29/20","24","40","39137","166.67"
"Richland","2","80","Ohio","4/29/20","68","12","39139","17.65"
"Ross","1","37","Ohio","4/29/20","30","7","39141","23.33"
"Sandusky","1","23","Ohio","4/29/20","17","6","39143","35.29"
"Scioto","0","8","Ohio","4/29/20","6","2","39145","33.33"
"Seneca","0","14","Ohio","4/29/20","11","3","39147","27.27"
"Shelby","0","30","Ohio","4/29/20","30","0","39149","0"
"Stark","10","333","Ohio","4/29/20","266","67","39151","25.19"
"Summit","24","584","Ohio","4/29/20","415","169","39153","40.72"
"Trumbull","6","305","Ohio","4/29/20","261","44","39155","16.86"
"Tuscarawas","3","60","Ohio","4/29/20","38","22","39157","57.89"
"Union","0","19","Ohio","4/29/20","16","3","39159","18.75"
"Van Wert","0","3","Ohio","4/29/20","3","0","39161","0"
"Vinton","1","5","Ohio","4/29/20","0","5","39163","1"
"Warren","2","134","Ohio","4/29/20","118","16","39165","13.56"
"Washington","3","95","Ohio","4/29/20","73","22","39167","30.14"
"Wayne","6","125","Ohio","4/29/20","85","40","39169","47.06"
"Williams","2","33","Ohio","4/29/20","16","17","39171","106.25"
"Wood","8","154","Ohio","4/29/20","98","56","39173","57.14"
"Wyandot","1","25","Ohio","4/29/20","21","4","39175","19.05"
"Adair","2","64","Oklahoma","4/29/20","49","15","40001","30.61"
"Alfalfa","0","1","Oklahoma","4/29/20","1","0","40003","0"
"Atoka","0","1","Oklahoma","4/29/20","1","0","40005","0"
"Beaver","1","5","Oklahoma","4/29/20","1","4","40007","400"
"Beckham","0","5","Oklahoma","4/29/20","2","3","40009","150"
"Bryan","0","8","Oklahoma","4/29/20","6","2","40013","33.33"
"Caddo","1","61","Oklahoma","4/29/20","53","8","40015","15.09"
"Canadian","2","97","Oklahoma","4/29/20","82","15","40017","18.29"
"Carter","0","2","Oklahoma","4/29/20","1","1","40019","100"
"Cherokee","0","27","Oklahoma","4/29/20","25","2","40021","8"
"Choctaw","0","3","Oklahoma","4/29/20","3","0","40023","0"
"Cimarron","0","1","Oklahoma","4/29/20","1","0","40025","0"
"Cleveland","6","417","Oklahoma","4/29/20","372","45","40027","12.1"
"Comanche","1","79","Oklahoma","4/29/20","71","8","40031","11.27"
"Cotton","0","5","Oklahoma","4/29/20","5","0","40033","0"
"Craig","0","10","Oklahoma","4/29/20","8","2","40035","25"
"Creek","1","77","Oklahoma","4/29/20","70","7","40037","10"
"Custer","0","10","Oklahoma","4/29/20","10","0","40039","0"
"Delaware","0","90","Oklahoma","4/29/20","88","2","40041","2.27"
"Dewey","0","2","Oklahoma","4/29/20","2","0","40043","0"
"Garfield","1","15","Oklahoma","4/29/20","11","4","40047","36.36"
"Garvin","0","13","Oklahoma","4/29/20","12","1","40049","8.33"
"Grady","1","35","Oklahoma","4/29/20","25","10","40051","40"
"Grant","0","2","Oklahoma","4/29/20","2","0","40053","0"
"Greer","0","64","Oklahoma","4/29/20","61","3","40055","4.92"
"Harper","0","1","Oklahoma","4/29/20","1","0","40059","0"
"Haskell","0","4","Oklahoma","4/29/20","3","1","40061","33.33"
"Jackson","1","15","Oklahoma","4/29/20","8","7","40065","87.5"
"Jefferson","0","2","Oklahoma","4/29/20","2","0","40067","0"
"Johnston","0","3","Oklahoma","4/29/20","3","0","40069","0"
"Kay","0","47","Oklahoma","4/29/20","46","1","40071","2.17"
"Kingfisher","0","8","Oklahoma","4/29/20","6","2","40073","33.33"
"Kiowa","0","4","Oklahoma","4/29/20","3","1","40075","33.33"
"Latimer","0","5","Oklahoma","4/29/20","4","1","40077","25"
"Le Flore","0","10","Oklahoma","4/29/20","8","2","40079","25"
"Lincoln","0","12","Oklahoma","4/29/20","10","2","40081","20"
"Logan","1","14","Oklahoma","4/29/20","10","4","40083","40"
"Love","0","2","Oklahoma","4/29/20","2","0","40085","0"
"Major","0","3","Oklahoma","4/29/20","2","1","40093","50"
"Marshall","0","2","Oklahoma","4/29/20","2","0","40095","0"
"Mayes","0","21","Oklahoma","4/29/20","19","2","40097","10.53"
"McClain","1","35","Oklahoma","4/29/20","25","10","40087","40"
"McCurtain","0","8","Oklahoma","4/29/20","8","0","40089","0"
"McIntosh","0","2","Oklahoma","4/29/20","2","0","40091","0"
"Murray","0","1","Oklahoma","4/29/20","1","0","40099","0"
"Muskogee","0","26","Oklahoma","4/29/20","26","0","40101","0"
"Noble","0","6","Oklahoma","4/29/20","6","0","40103","0"
"Nowata","1","21","Oklahoma","4/29/20","14","7","40105","50"
"Okfuskee","0","1","Oklahoma","4/29/20","1","0","40107","0"
"Oklahoma","19","743","Oklahoma","4/29/20","607","136","40109","22.41"
"Okmulgee","0","16","Oklahoma","4/29/20","16","0","40111","0"
"Osage","1","73","Oklahoma","4/29/20","65","8","40113","12.31"
"Ottawa","0","31","Oklahoma","4/29/20","28","3","40115","10.71"
"Pawnee","0","29","Oklahoma","4/29/20","28","1","40117","3.57"
"Payne","1","44","Oklahoma","4/29/20","40","4","40119","10"
"Pittsburg","1","28","Oklahoma","4/29/20","20","8","40121","40"
"Pontotoc","0","10","Oklahoma","4/29/20","10","0","40123","0"
"Pottawatomie","1","43","Oklahoma","4/29/20","37","6","40125","16.22"
"Pushmataha","0","1","Oklahoma","4/29/20","0","1","40127","1"
"Rogers","1","52","Oklahoma","4/29/20","42","10","40131","23.81"
"Seminole","0","10","Oklahoma","4/29/20","9","1","40133","11.11"
"Sequoyah","0","12","Oklahoma","4/29/20","10","2","40135","20"
"Stephens","0","22","Oklahoma","4/29/20","19","3","40137","15.79"
"Texas","12","119","Oklahoma","4/29/20","34","85","40139","250"
"Tillman","0","1","Oklahoma","4/29/20","1","0","40141","0"
"Tulsa","12","522","Oklahoma","4/29/20","437","85","40143","19.45"
"Wagoner","1","118","Oklahoma","4/29/20","112","6","40145","5.36"
"Washington","7","248","Oklahoma","4/29/20","201","47","40147","23.38"
"Woods","0","3","Oklahoma","4/29/20","3","0","40151","0"
"Woodward","0","1","Oklahoma","4/29/20","1","0","40153","0"
"Benton","0","29","Oregon","4/29/20","27","2","41003","7.41"
"Clackamas","3","206","Oregon","4/29/20","183","23","41005","12.57"
"Clatsop","0","6","Oregon","4/29/20","6","0","41007","0"
"Columbia","0","14","Oregon","4/29/20","14","0","41009","0"
"Coos","2","15","Oregon","4/29/20","3","12","41011","400"
"Crook","0","1","Oregon","4/29/20","1","0","41013","0"
"Curry","0","4","Oregon","4/29/20","4","0","41015","0"
"Deschutes","1","75","Oregon","4/29/20","66","9","41017","13.64"
"Douglas","0","23","Oregon","4/29/20","23","0","41019","0"
"Grant","0","1","Oregon","4/29/20","1","0","41023","0"
"Harney","0","1","Oregon","4/29/20","0","1","41025","1"
"Hood River","0","6","Oregon","4/29/20","4","2","41027","50"
"Jackson","0","49","Oregon","4/29/20","48","1","41029","2.08"
"Jefferson","1","10","Oregon","4/29/20","2","8","41031","400"
"Josephine","0","20","Oregon","4/29/20","19","1","41033","5.26"
"Klamath","1","37","Oregon","4/29/20","33","4","41035","12.12"
"Lane","0","50","Oregon","4/29/20","48","2","41039","4.17"
"Lincoln","0","5","Oregon","4/29/20","5","0","41041","0"
"Linn","3","82","Oregon","4/29/20","63","19","41043","30.16"
"Malheur","0","7","Oregon","4/29/20","5","2","41045","40"
"Marion","12","474","Oregon","4/29/20","388","86","41047","22.16"
"Morrow","0","6","Oregon","4/29/20","5","1","41049","20"
"Multnomah","19","696","Oregon","4/29/20","566","130","41051","22.97"
"Polk","1","39","Oregon","4/29/20","33","6","41053","18.18"
"Sherman","0","1","Oregon","4/29/20","1","0","41055","0"
"Tillamook","0","6","Oregon","4/29/20","6","0","41057","0"
"Umatilla","2","45","Oregon","4/29/20","29","16","41059","55.17"
"Union","0","4","Oregon","4/29/20","4","0","41061","0"
"Wallowa","0","1","Oregon","4/29/20","1","0","41063","0"
"Wasco","0","13","Oregon","4/29/20","11","2","41065","18.18"
"Washington","8","481","Oregon","4/29/20","425","56","41067","13.18"
"Yamhill","1","39","Oregon","4/29/20","35","4","41071","11.43"
"Adams","5","130","Pennsylvania","4/29/20","92","38","42001","41.3"
"Allegheny","26","1273","Pennsylvania","4/29/20","1088","185","42003","17"
"Armstrong","2","50","Pennsylvania","4/29/20","39","11","42005","28.21"
"Beaver","11","392","Pennsylvania","4/29/20","317","75","42007","23.66"
"Bedford","1","24","Pennsylvania","4/29/20","16","8","42009","50"
"Berks","81","2637","Pennsylvania","4/29/20","2069","568","42011","27.45"
"Blair","1","23","Pennsylvania","4/29/20","14","9","42013","64.29"
"Bradford","0","29","Pennsylvania","4/29/20","31","-2","42015","-6.45"
"Bucks","101","2776","Pennsylvania","4/29/20","2067","709","42017","34.3"
"Butler","2","175","Pennsylvania","4/29/20","164","11","42019","6.71"
"Cambria","1","25","Pennsylvania","4/29/20","21","4","42021","19.05"
"Cameron","0","1","Pennsylvania","4/29/20","1","0","42023","0"
"Carbon","2","170","Pennsylvania","4/29/20","154","16","42025","10.39"
"Centre","3","95","Pennsylvania","4/29/20","77","18","42027","23.38"
"Chester","51","1304","Pennsylvania","4/29/20","950","354","42029","37.26"
"Clarion","1","23","Pennsylvania","4/29/20","19","4","42031","21.05"
"Clearfield","0","14","Pennsylvania","4/29/20","11","3","42033","27.27"
"Clinton","2","30","Pennsylvania","4/29/20","13","17","42035","130.77"
"Columbia","6","283","Pennsylvania","4/29/20","239","44","42037","18.41"
"Crawford","0","19","Pennsylvania","4/29/20","17","2","42039","11.76"
"Cumberland","17","324","Pennsylvania","4/29/20","207","117","42041","56.52"
"Dauphin","19","558","Pennsylvania","4/29/20","422","136","42043","32.23"
"Delaware","123","3619","Pennsylvania","4/29/20","2757","862","42045","31.27"
"Elk","0","3","Pennsylvania","4/29/20","2","1","42047","50"
"Erie","4","87","Pennsylvania","4/29/20","62","25","42049","40.32"
"Fayette","1","80","Pennsylvania","4/29/20","70","10","42051","14.29"
"Forest","0","7","Pennsylvania","4/29/20","7","0","42053","0"
"Franklin","16","264","Pennsylvania","4/29/20","152","112","42055","73.68"
"Fulton","0","5","Pennsylvania","4/29/20","2","3","42057","150"
"Greene","0","26","Pennsylvania","4/29/20","25","1","42059","4"
"Huntingdon","2","29","Pennsylvania","4/29/20","15","14","42061","93.33"
"Indiana","1","63","Pennsylvania","4/29/20","56","7","42063","12.5"
"Jefferson","0","4","Pennsylvania","4/29/20","3","1","42065","33.33"
"Juniata","1","82","Pennsylvania","4/29/20","73","9","42067","12.33"
"Lackawanna","27","873","Pennsylvania","4/29/20","682","191","42069","28.01"
"Lancaster","54","1703","Pennsylvania","4/29/20","1326","377","42071","28.43"
"Lawrence","0","64","Pennsylvania","4/29/20","61","3","42073","4.92"
"Lebanon","16","648","Pennsylvania","4/29/20","535","113","42075","21.12"
"Lehigh","49","2719","Pennsylvania","4/29/20","2374","345","42077","14.53"
"Luzerne","38","2111","Pennsylvania","4/29/20","1848","263","42079","14.23"
"Lycoming","3","61","Pennsylvania","4/29/20","43","18","42081","41.86"
"McKean","0","6","Pennsylvania","4/29/20","5","1","42083","20"
"Mercer","1","65","Pennsylvania","4/29/20","59","6","42085","10.17"
"Mifflin","2","36","Pennsylvania","4/29/20","22","14","42087","63.64"
"Monroe","14","1111","Pennsylvania","4/29/20","1015","96","42089","9.46"
"Montgomery","126","4177","Pennsylvania","4/29/20","3294","883","42091","26.81"
"Montour","0","47","Pennsylvania","4/29/20","47","0","42093","0"
"Northampton","60","2008","Pennsylvania","4/29/20","1591","417","42095","26.21"
"Northumberland","2","92","Pennsylvania","4/29/20","77","15","42097","19.48"
"Perry","1","30","Pennsylvania","4/29/20","23","7","42099","30.43"
"Philadelphia","539","13803","Pennsylvania","4/29/20","10028","3775","42101","37.64"
"Pike","7","369","Pennsylvania","4/29/20","317","52","42103","16.4"
"Potter","0","4","Pennsylvania","4/29/20","4","0","42105","0"
"Schuylkill","9","343","Pennsylvania","4/29/20","283","60","42107","21.2"
"Snyder","0","33","Pennsylvania","4/29/20","31","2","42109","6.45"
"Somerset","1","26","Pennsylvania","4/29/20","19","7","42111","36.84"
"Sullivan","0","1","Pennsylvania","4/29/20","1","0","42113","0"
"Susquehanna","1","81","Pennsylvania","4/29/20","71","10","42115","14.08"
"Tioga","0","14","Pennsylvania","4/29/20","15","-1","42117","-6.67"
"Union","0","33","Pennsylvania","4/29/20","30","3","42119","10"
"Venango","0","7","Pennsylvania","4/29/20","6","1","42121","16.67"
"Warren","0","1","Pennsylvania","4/29/20","2","-1","42123","-50"
"Washington","4","113","Pennsylvania","4/29/20","87","26","42125","29.89"
"Wayne","1","95","Pennsylvania","4/29/20","86","9","42127","10.47"
"Westmoreland","12","386","Pennsylvania","4/29/20","300","86","42129","28.67"
"Wyoming","0","19","Pennsylvania","4/29/20","17","2","42131","11.76"
"York","13","624","Pennsylvania","4/29/20","531","93","42133","17.51"
"","26","1433","Puerto Rico","4/29/20","1252","181",,"14.46"
"Bristol","8","145","Rhode Island","4/29/20","88","57","44001","64.77"
"Kent","27","598","Rhode Island","4/29/20","412","186","44003","45.15"
"Newport","5","148","Rhode Island","4/29/20","114","34","44005","29.82"
"Providence","272","5967","Rhode Island","4/29/20","4064","1903","44007","46.83"
"Washington","8","324","Rhode Island","4/29/20","268","56","44009","20.9"
"Abbeville","1","29","South Carolina","4/29/20","22","7","45001","31.82"
"Aiken","2","97","South Carolina","4/29/20","82","15","45003","18.29"
"Allendale","1","10","South Carolina","4/29/20","6","4","45005","66.67"
"Anderson","3","157","South Carolina","4/29/20","135","22","45007","16.3"
"Bamberg","0","9","South Carolina","4/29/20","7","2","45009","28.57"
"Barnwell","1","17","South Carolina","4/29/20","8","9","45011","112.5"
"Beaufort","4","262","South Carolina","4/29/20","236","26","45013","11.02"
"Berkeley","4","174","South Carolina","4/29/20","143","31","45015","21.68"
"Calhoun","0","6","South Carolina","4/29/20","6","0","45017","0"
"Charleston","5","441","South Carolina","4/29/20","406","35","45019","8.62"
"Cherokee","0","15","South Carolina","4/29/20","14","1","45021","7.14"
"Chester","0","27","South Carolina","4/29/20","25","2","45023","8"
"Chesterfield","2","48","South Carolina","4/29/20","37","11","45025","29.73"
"Clarendon","9","201","South Carolina","4/29/20","138","63","45027","45.65"
"Colleton","0","26","South Carolina","4/29/20","23","3","45029","13.04"
"Darlington","4","114","South Carolina","4/29/20","85","29","45031","34.12"
"Dillon","3","47","South Carolina","4/29/20","23","24","45033","104.35"
"Dorchester","1","94","South Carolina","4/29/20","85","9","45035","10.59"
"Edgefield","1","29","South Carolina","4/29/20","21","8","45037","38.1"
"Fairfield","1","34","South Carolina","4/29/20","26","8","45039","30.77"
"Florence","16","288","South Carolina","4/29/20","176","112","45041","63.64"
"Georgetown","1","40","South Carolina","4/29/20","35","5","45043","14.29"
"Greenville","22","689","South Carolina","4/29/20","536","153","45045","28.54"
"Greenwood","1","46","South Carolina","4/29/20","41","5","45047","12.2"
"Hampton","0","23","South Carolina","4/29/20","21","2","45049","9.52"
"Horry","3","211","South Carolina","4/29/20","190","21","45051","11.05"
"Jasper","1","19","South Carolina","4/29/20","15","4","45053","26.67"
"Kershaw","4","234","South Carolina","4/29/20","205","29","45055","14.15"
"Lancaster","2","93","South Carolina","4/29/20","80","13","45057","16.25"
"Laurens","2","38","South Carolina","4/29/20","21","17","45059","80.95"
"Lee","2","58","South Carolina","4/29/20","42","16","45061","38.1"
"Lexington","10","358","South Carolina","4/29/20","286","72","45063","25.17"
"Marion","1","32","South Carolina","4/29/20","22","10","45067","45.45"
"Marlboro","2","43","South Carolina","4/29/20","32","11","45069","34.38"
"McCormick","0","6","South Carolina","4/29/20","6","0","45065","0"
"Newberry","0","24","South Carolina","4/29/20","21","3","45071","14.29"
"Oconee","1","24","South Carolina","4/29/20","19","5","45073","26.32"
"Orangeburg","2","68","South Carolina","4/29/20","51","17","45075","33.33"
"Pickens","2","54","South Carolina","4/29/20","41","13","45077","31.71"
"Richland","23","884","South Carolina","4/29/20","725","159","45079","21.93"
"Saluda","3","41","South Carolina","4/29/20","18","23","45081","127.78"
"Spartanburg","5","262","South Carolina","4/29/20","227","35","45083","15.42"
"Sumter","2","223","South Carolina","4/29/20","206","17","45085","8.25"
"Union","0","25","South Carolina","4/29/20","24","1","45087","4.17"
"Williamsburg","5","65","South Carolina","4/29/20","27","38","45089","140.74"
"York","4","197","South Carolina","4/29/20","166","31","45091","18.67"
"Aurora","0","1","South Dakota","4/29/20","1","0","46003","0"
"Beadle","0","21","South Dakota","4/29/20","21","0","46005","0"
"Bon Homme","0","4","South Dakota","4/29/20","4","0","46009","0"
"Brookings","0","12","South Dakota","4/29/20","9","3","46011","33.33"
"Brown","1","32","South Dakota","4/29/20","27","5","46013","18.52"
"Buffalo","0","1","South Dakota","4/29/20","0","1","46017","1"
"Charles Mix","0","5","South Dakota","4/29/20","4","1","46023","25"
"Clark","0","1","South Dakota","4/29/20","1","0","46025","0"
"Clay","0","6","South Dakota","4/29/20","5","1","46027","20"
"Codington","0","14","South Dakota","4/29/20","13","1","46029","7.69"
"Corson","0","1","South Dakota","4/29/20","1","0","46031","0"
"Davison","0","5","South Dakota","4/29/20","5","0","46035","0"
"Day","0","1","South Dakota","4/29/20","0","1","46037","1"
"Deuel","0","1","South Dakota","4/29/20","1","0","46039","0"
"Douglas","0","1","South Dakota","4/29/20","0","1","46043","1"
"Fall River","0","1","South Dakota","4/29/20","1","0","46047","0"
"Faulk","0","1","South Dakota","4/29/20","1","0","46049","0"
"Hamlin","0","2","South Dakota","4/29/20","2","0","46057","0"
"Hand","0","1","South Dakota","4/29/20","0","1","46059","1"
"Hughes","0","7","South Dakota","4/29/20","6","1","46065","16.67"
"Hutchinson","0","3","South Dakota","4/29/20","2","1","46067","50"
"Hyde","0","1","South Dakota","4/29/20","1","0","46069","0"
"Jerauld","0","6","South Dakota","4/29/20","4","2","46073","50"
"Lake","0","4","South Dakota","4/29/20","3","1","46079","33.33"
"Lawrence","0","9","South Dakota","4/29/20","9","0","46081","0"
"Lincoln","5","138","South Dakota","4/29/20","104","34","46083","32.69"
"Lyman","0","3","South Dakota","4/29/20","2","1","46085","50"
"Marshall","0","1","South Dakota","4/29/20","1","0","46091","0"
"McCook","0","4","South Dakota","4/29/20","3","1","46087","33.33"
"McPherson","0","1","South Dakota","4/29/20","0","1","46089","1"
"Meade","0","1","South Dakota","4/29/20","1","0","46093","0"
"Miner","0","1","South Dakota","4/29/20","1","0","46097","0"
"Minnehaha","61","1984","South Dakota","4/29/20","1555","429","46099","27.59"
"Moody","0","5","South Dakota","4/29/20","2","3","46101","150"
"Oglala Lakota","0","1","South Dakota","4/29/20","1","0","46102","0"
"Pennington","0","12","South Dakota","4/29/20","11","1","46103","9.09"
"Roberts","0","4","South Dakota","4/29/20","4","0","46109","0"
"Sanborn","0","3","South Dakota","4/29/20","3","0","46111","0"
"Spink","0","3","South Dakota","4/29/20","3","0","46115","0"
"Stanley","1","6","South Dakota","4/29/20","0","6","46117","1"
"Sully","0","1","South Dakota","4/29/20","1","0","46119","0"
"Todd","0","1","South Dakota","4/29/20","1","0","46121","0"
"Turner","1","15","South Dakota","4/29/20","9","6","46125","66.67"
"Union","1","17","South Dakota","4/29/20","7","10","46127","142.86"
"Walworth","0","5","South Dakota","4/29/20","5","0","46129","0"
"Yankton","0","26","South Dakota","4/29/20","23","3","46135","13.04"
"Anderson","1","27","Tennessee","4/29/20","21","6","47001","28.57"
"Bedford","9","169","Tennessee","4/29/20","105","64","47003","60.95"
"Benton","0","6","Tennessee","4/29/20","4","2","47005","50"
"Bledsoe","83","592","Tennessee","4/29/20","11","581","47007","5281.82"
"Blount","1","55","Tennessee","4/29/20","46","9","47009","19.57"
"Bradley","2","48","Tennessee","4/29/20","37","11","47011","29.73"
"Campbell","0","14","Tennessee","4/29/20","13","1","47013","7.69"
"Cannon","0","11","Tennessee","4/29/20","8","3","47015","37.5"
"Carroll","1","18","Tennessee","4/29/20","14","4","47017","28.57"
"Carter","1","12","Tennessee","4/29/20","5","7","47019","140"
"Cheatham","3","42","Tennessee","4/29/20","22","20","47021","90.91"
"Chester","0","10","Tennessee","4/29/20","9","1","47023","11.11"
"Claiborne","0","5","Tennessee","4/29/20","5","0","47025","0"
"Clay","0","5","Tennessee","4/29/20","5","0","47027","0"
"Cocke","1","16","Tennessee","4/29/20","11","5","47029","45.45"
"Coffee","2","35","Tennessee","4/29/20","21","14","47031","66.67"
"Crockett","0","7","Tennessee","4/29/20","6","1","47033","16.67"
"Cumberland","2","74","Tennessee","4/29/20","59","15","47035","25.42"
"Davidson","105","2454","Tennessee","4/29/20","1719","735","47037","42.76"
"Decatur","0","4","Tennessee","4/29/20","4","0","47039","0"
"DeKalb","0","14","Tennessee","4/29/20","12","2","47041","16.67"
"Dickson","4","72","Tennessee","4/29/20","46","26","47043","56.52"
"Dyer","1","34","Tennessee","4/29/20","28","6","47045","21.43"
"Fayette","1","53","Tennessee","4/29/20","48","5","47047","10.42"
"Fentress","0","4","Tennessee","4/29/20","4","0","47049","0"
"Franklin","1","34","Tennessee","4/29/20","27","7","47051","25.93"
"Gibson","2","44","Tennessee","4/29/20","32","12","47053","37.5"
"Giles","0","7","Tennessee","4/29/20","6","1","47055","16.67"
"Grainger","0","5","Tennessee","4/29/20","4","1","47057","25"
"Greene","1","43","Tennessee","4/29/20","37","6","47059","16.22"
"Grundy","0","28","Tennessee","4/29/20","26","2","47061","7.69"
"Hamblen","1","17","Tennessee","4/29/20","13","4","47063","30.77"
"Hamilton","4","152","Tennessee","4/29/20","124","28","47065","22.58"
"Hardeman","0","11","Tennessee","4/29/20","8","3","47069","37.5"
"Hardin","0","5","Tennessee","4/29/20","4","1","47071","25"
"Hawkins","0","30","Tennessee","4/29/20","28","2","47073","7.14"
"Haywood","1","19","Tennessee","4/29/20","13","6","47075","46.15"
"Henderson","0","6","Tennessee","4/29/20","5","1","47077","20"
"Henry","0","11","Tennessee","4/29/20","9","2","47079","22.22"
"Hickman","6","43","Tennessee","4/29/20","3","40","47081","1333.33"
"Houston","0","5","Tennessee","4/29/20","4","1","47083","25"
"Humphreys","1","10","Tennessee","4/29/20","6","4","47085","66.67"
"Jackson","0","7","Tennessee","4/29/20","6","1","47087","16.67"
"Jefferson","0","18","Tennessee","4/29/20","16","2","47089","12.5"
"Johnson","0","3","Tennessee","4/29/20","2","1","47091","50"
"Knox","4","221","Tennessee","4/29/20","196","25","47093","12.76"
"Lake","7","53","Tennessee","4/29/20","4","49","47095","1225"
"Lauderdale","0","19","Tennessee","4/29/20","16","3","47097","18.75"
"Lawrence","0","17","Tennessee","4/29/20","16","1","47099","6.25"
"Lewis","0","2","Tennessee","4/29/20","2","0","47101","0"
"Lincoln","0","13","Tennessee","4/29/20","11","2","47103","18.18"
"Loudon","1","32","Tennessee","4/29/20","23","9","47105","39.13"
"Macon","1","39","Tennessee","4/29/20","34","5","47111","14.71"
"Madison","6","131","Tennessee","4/29/20","90","41","47113","45.56"
"Marion","0","28","Tennessee","4/29/20","28","0","47115","0"
"Marshall","0","22","Tennessee","4/29/20","22","0","47117","0"
"Maury","1","42","Tennessee","4/29/20","34","8","47119","23.53"
"McMinn","12","89","Tennessee","4/29/20","6","83","47107","1383.33"
"McNairy","0","11","Tennessee","4/29/20","9","2","47109","22.22"
"Meigs","1","8","Tennessee","4/29/20","3","5","47121","166.67"
"Monroe","1","16","Tennessee","4/29/20","11","5","47123","45.45"
"Montgomery","2","141","Tennessee","4/29/20","124","17","47125","13.71"
"Moore","0","3","Tennessee","4/29/20","2","1","47127","50"
"Morgan","0","6","Tennessee","4/29/20","5","1","47129","20"
"Obion","0","12","Tennessee","4/29/20","9","3","47131","33.33"
"Out of TN","-4","234","Tennessee","4/29/20","265","-31","80047","-11.7"
"Overton","0","8","Tennessee","4/29/20","7","1","47133","14.29"
"Perry","0","8","Tennessee","4/29/20","6","2","47135","33.33"
"Polk","0","7","Tennessee","4/29/20","5","2","47139","40"
"Putnam","3","119","Tennessee","4/29/20","95","24","47141","25.26"
"Rhea","0","4","Tennessee","4/29/20","3","1","47143","33.33"
"Roane","0","7","Tennessee","4/29/20","8","-1","47145","-12.5"
"Robertson","3","139","Tennessee","4/29/20","117","22","47147","18.8"
"Rutherford","16","448","Tennessee","4/29/20","338","110","47149","32.54"
"Scott","0","11","Tennessee","4/29/20","12","-1","47151","-8.33"
"Sequatchie","0","5","Tennessee","4/29/20","3","2","47153","66.67"
"Sevier","3","48","Tennessee","4/29/20","29","19","47155","65.52"
"Shelby","80","2432","Tennessee","4/29/20","1873","559","47157","29.85"
"Smith","1","20","Tennessee","4/29/20","14","6","47159","42.86"
"Stewart","0","7","Tennessee","4/29/20","6","1","47161","16.67"
"Sullivan","0","48","Tennessee","4/29/20","45","3","47163","6.67"
"Sumner","13","619","Tennessee","4/29/20","530","89","47165","16.79"
"Tipton","2","98","Tennessee","4/29/20","83","15","47167","18.07"
"Trousdale","14","122","Tennessee","4/29/20","23","99","47169","430.43"
"Unicoi","0","1","Tennessee","4/29/20","1","0","47171","0"
"Union","0","3","Tennessee","4/29/20","3","0","47173","0"
"Van Buren","0","2","Tennessee","4/29/20","1","1","47175","100"
"Warren","0","7","Tennessee","4/29/20","4","3","47177","75"
"Washington","1","54","Tennessee","4/29/20","46","8","47179","17.39"
"Wayne","0","4","Tennessee","4/29/20","2","2","47181","100"
"Weakley","2","21","Tennessee","4/29/20","8","13","47183","162.5"
"White","0","6","Tennessee","4/29/20","4","2","47185","50"
"Williamson","7","408","Tennessee","4/29/20","359","49","47187","13.65"
"Wilson","9","250","Tennessee","4/29/20","187","63","47189","33.69"
"Anderson","2","29","Texas","4/29/20","14","15","48001","107.14"
"Andrews","0","19","Texas","4/29/20","19","0","48003","0"
"Angelina","3","49","Texas","4/29/20","30","19","48005","63.33"
"Aransas","0","2","Texas","4/29/20","2","0","48007","0"
"Armstrong","0","2","Texas","4/29/20","1","1","48011","100"
"Atascosa","0","16","Texas","4/29/20","14","2","48013","14.29"
"Austin","0","13","Texas","4/29/20","12","1","48015","8.33"
"Bandera","0","6","Texas","4/29/20","4","2","48019","50"
"Bastrop","2","67","Texas","4/29/20","51","16","48021","31.37"
"Bee","0","5","Texas","4/29/20","5","0","48025","0"
"Bell","5","180","Texas","4/29/20","145","35","48027","24.14"
"Bexar","32","1307","Texas","4/29/20","1080","227","48029","21.02"
"Blanco","0","6","Texas","4/29/20","5","1","48031","20"
"Bosque","0","4","Texas","4/29/20","3","1","48035","33.33"
"Bowie","0","69","Texas","4/29/20","66","3","48037","4.55"
"Brazoria","19","476","Texas","4/29/20","345","131","48039","37.97"
"Brazos","2","188","Texas","4/29/20","173","15","48041","8.67"
"Brooks","0","1","Texas","4/29/20","1","0","48047","0"
"Brown","3","34","Texas","4/29/20","13","21","48049","161.54"
"Burleson","0","12","Texas","4/29/20","10","2","48051","20"
"Burnet","0","16","Texas","4/29/20","13","3","48053","23.08"
"Caldwell","0","11","Texas","4/29/20","9","2","48055","22.22"
"Calhoun","1","30","Texas","4/29/20","22","8","48057","36.36"
"Callahan","0","2","Texas","4/29/20","1","1","48059","100"
"Cameron","9","387","Texas","4/29/20","321","66","48061","20.56"
"Camp","0","6","Texas","4/29/20","6","0","48063","0"
"Carson","0","2","Texas","4/29/20","1","1","48065","100"
"Cass","0","13","Texas","4/29/20","13","0","48067","0"
"Castro","0","13","Texas","4/29/20","12","1","48069","8.33"
"Chambers","1","41","Texas","4/29/20","36","5","48071","13.89"
"Cherokee","1","14","Texas","4/29/20","10","4","48073","40"
"Childress","0","1","Texas","4/29/20","1","0","48075","0"
"Clay","0","3","Texas","4/29/20","3","0","48077","0"
"Cochran","0","1","Texas","4/29/20","0","1","48079","1"
"Coleman","0","1","Texas","4/29/20","0","1","48083","1"
"Collin","15","692","Texas","4/29/20","584","108","48085","18.49"
"Colorado","0","10","Texas","4/29/20","9","1","48089","11.11"
"Comal","1","52","Texas","4/29/20","45","7","48091","15.56"
"Comanche","0","4","Texas","4/29/20","4","0","48093","0"
"Concho","0","1","Texas","4/29/20","1","0","48095","0"
"Cooke","1","8","Texas","4/29/20","4","4","48097","100"
"Coryell","3","105","Texas","4/29/20","86","19","48099","22.09"
"Cottle","0","2","Texas","4/29/20","0","2","48101","1"
"Crane","0","2","Texas","4/29/20","2","0","48103","0"
"Crosby","0","2","Texas","4/29/20","1","1","48107","100"
"Dallam","1","10","Texas","4/29/20","3","7","48111","233.33"
"Dallas","80","3240","Texas","4/29/20","2683","557","48113","20.76"
"Dawson","1","21","Texas","4/29/20","14","7","48115","50"
"Deaf Smith","2","26","Texas","4/29/20","14","12","48117","85.71"
"Delta","0","1","Texas","4/29/20","1","0","48119","0"
"Denton","17","738","Texas","4/29/20","619","119","48121","19.22"
"DeWitt","0","15","Texas","4/29/20","14","1","48123","7.14"
"Dickens","0","1","Texas","4/29/20","1","0","48125","0"
"Dimmit","0","1","Texas","4/29/20","1","0","48127","0"
"Donley","0","24","Texas","4/29/20","24","0","48129","0"
"Duval","0","2","Texas","4/29/20","1","1","48131","100"
"Eastland","0","3","Texas","4/29/20","3","0","48133","0"
"Ector","2","78","Texas","4/29/20","61","17","48135","27.87"
"El Paso","39","857","Texas","4/29/20","587","270","48141","46"
"Ellis","5","143","Texas","4/29/20","110","33","48139","30"
"Erath","0","12","Texas","4/29/20","13","-1","48143","-7.69"
"Falls","0","4","Texas","4/29/20","1","3","48145","300"
"Fannin","1","18","Texas","4/29/20","12","6","48147","50"
"Fayette","0","15","Texas","4/29/20","15","0","48149","0"
"Floyd","0","3","Texas","4/29/20","2","1","48153","50"
"Fort Bend","24","973","Texas","4/29/20","808","165","48157","20.42"
"Franklin","0","1","Texas","4/29/20","1","0","48159","0"
"Freestone","0","3","Texas","4/29/20","3","0","48161","0"
"Frio","1","7","Texas","4/29/20","1","6","48163","600"
"Gaines","0","2","Texas","4/29/20","2","0","48165","0"
"Galveston","11","554","Texas","4/29/20","479","75","48167","15.66"
"Gillespie","0","1","Texas","4/29/20","1","0","48171","0"
"Goliad","0","7","Texas","4/29/20","6","1","48175","16.67"
"Gonzales","2","18","Texas","4/29/20","3","15","48177","500"
"Gray","3","42","Texas","4/29/20","22","20","48179","90.91"
"Grayson","1","27","Texas","4/29/20","19","8","48181","42.11"
"Gregg","2","69","Texas","4/29/20","53","16","48183","30.19"
"Grimes","1","16","Texas","4/29/20","10","6","48185","60"
"Guadalupe","2","80","Texas","4/29/20","63","17","48187","26.98"
"Hale","1","24","Texas","4/29/20","16","8","48189","50"
"Hamilton","0","5","Texas","4/29/20","5","0","48193","0"
"Hansford","1","5","Texas","4/29/20","1","4","48195","400"
"Hardin","1","99","Texas","4/29/20","89","10","48199","11.24"
"Harris","136","6161","Texas","4/29/20","5211","950","48201","18.23"
"Harrison","4","84","Texas","4/29/20","59","25","48203","42.37"
"Hartley","0","4","Texas","4/29/20","1","3","48205","300"
"Hays","3","161","Texas","4/29/20","140","21","48209","15"
"Hemphill","0","1","Texas","4/29/20","1","0","48211","0"
"Henderson","1","24","Texas","4/29/20","19","5","48213","26.32"
"Hidalgo","6","315","Texas","4/29/20","275","40","48215","14.55"
"Hill","1","16","Texas","4/29/20","12","4","48217","33.33"
"Hockley","0","20","Texas","4/29/20","17","3","48219","17.65"
"Hood","0","18","Texas","4/29/20","17","1","48221","5.88"
"Hopkins","0","4","Texas","4/29/20","4","0","48223","0"
"Houston","0","5","Texas","4/29/20","3","2","48225","66.67"
"Howard","0","4","Texas","4/29/20","1","3","48227","300"
"Hunt","1","44","Texas","4/29/20","38","6","48231","15.79"
"Hutchinson","1","13","Texas","4/29/20","9","4","48233","44.44"
"Jack","0","4","Texas","4/29/20","4","0","48237","0"
"Jackson","0","6","Texas","4/29/20","6","0","48239","0"
"Jasper","1","21","Texas","4/29/20","13","8","48241","61.54"
"Jefferson","12","298","Texas","4/29/20","214","84","48245","39.25"
"Jim Hogg","0","3","Texas","4/29/20","0","3","48247","1"
"Jim Wells","0","3","Texas","4/29/20","2","1","48249","50"
"Johnson","3","67","Texas","4/29/20","47","20","48251","42.55"
"Jones","5","37","Texas","4/29/20","4","33","48253","825"
"Karnes","0","3","Texas","4/29/20","3","0","48255","0"
"Kaufman","5","83","Texas","4/29/20","51","32","48257","62.75"
"Kendall","0","16","Texas","4/29/20","14","2","48259","14.29"
"Kerr","0","5","Texas","4/29/20","4","1","48265","25"
"Kleberg","0","9","Texas","4/29/20","7","2","48273","28.57"
"Knox","0","1","Texas","4/29/20","1","0","48275","0"
"La Salle","0","1","Texas","4/29/20","1","0","48283","0"
"Lamar","6","51","Texas","4/29/20","8","43","48277","537.5"
"Lamb","0","3","Texas","4/29/20","2","1","48279","50"
"Lampasas","0","3","Texas","4/29/20","2","1","48281","50"
"Lavaca","0","5","Texas","4/29/20","4","1","48285","25"
"Lee","0","2","Texas","4/29/20","2","0","48287","0"
"Leon","0","5","Texas","4/29/20","5","0","48289","0"
"Liberty","1","41","Texas","4/29/20","37","4","48291","10.81"
"Limestone","0","13","Texas","4/29/20","11","2","48293","18.18"
"Lipscomb","0","2","Texas","4/29/20","0","2","48295","1"
"Live Oak","0","5","Texas","4/29/20","5","0","48297","0"
"Llano","0","3","Texas","4/29/20","3","0","48299","0"
"Lubbock","7","507","Texas","4/29/20","458","49","48303","10.7"
"Lynn","0","5","Texas","4/29/20","5","0","48305","0"
"Madison","0","2","Texas","4/29/20","2","0","48313","0"
"Marion","0","9","Texas","4/29/20","6","3","48315","50"
"Martin","0","2","Texas","4/29/20","2","0","48317","0"
"Mason","2","15","Texas","4/29/20","1","14","48319","1400"
"Matagorda","1","60","Texas","4/29/20","56","4","48321","7.14"
"Maverick","0","16","Texas","4/29/20","15","1","48323","6.67"
"McCulloch","0","3","Texas","4/29/20","3","0","48307","0"
"McLennan","1","87","Texas","4/29/20","78","9","48309","11.54"
"Medina","0","19","Texas","4/29/20","17","2","48325","11.76"
"Midland","1","75","Texas","4/29/20","65","10","48329","15.38"
"Milam","0","14","Texas","4/29/20","12","2","48331","16.67"
"Mitchell","0","1","Texas","4/29/20","1","0","48335","0"
"Montague","0","6","Texas","4/29/20","6","0","48337","0"
"Montgomery","17","562","Texas","4/29/20","440","122","48339","27.73"
"Moore","19","295","Texas","4/29/20","162","133","48341","82.1"
"Morris","0","5","Texas","4/29/20","5","0","48343","0"
"Motley","0","1","Texas","4/29/20","1","0","48345","0"
"Nacogdoches","6","141","Texas","4/29/20","98","43","48347","43.88"
"Navarro","1","30","Texas","4/29/20","24","6","48349","25"
"Newton","0","2","Texas","4/29/20","2","0","48351","0"
"Nolan","0","1","Texas","4/29/20","0","1","48353","1"
"Nueces","1","99","Texas","4/29/20","90","9","48355","10"
"Ochiltree","4","25","Texas","4/29/20","0","25","48357","1"
"Oldham","0","3","Texas","4/29/20","3","0","48359","0"
"Orange","2","70","Texas","4/29/20","59","11","48361","18.64"
"Palo Pinto","0","7","Texas","4/29/20","7","0","48363","0"
"Panola","4","80","Texas","4/29/20","55","25","48365","45.45"
"Parker","1","30","Texas","4/29/20","21","9","48367","42.86"
"Parmer","0","6","Texas","4/29/20","3","3","48369","100"
"Pecos","1","9","Texas","4/29/20","5","4","48371","80"
"Polk","1","19","Texas","4/29/20","15","4","48373","26.67"
"Potter","37","430","Texas","4/29/20","174","256","48375","147.13"
"Rains","0","2","Texas","4/29/20","2","0","48379","0"
"Randall","12","200","Texas","4/29/20","117","83","48381","70.94"
"Red River","0","1","Texas","4/29/20","1","0","48387","0"
"Reeves","0","5","Texas","4/29/20","2","3","48389","150"
"Roberts","0","2","Texas","4/29/20","2","0","48393","0"
"Robertson","0","4","Texas","4/29/20","2","2","48395","100"
"Rockwall","4","75","Texas","4/29/20","48","27","48397","56.25"
"Runnels","0","1","Texas","4/29/20","0","1","48399","1"
"Rusk","1","33","Texas","4/29/20","29","4","48401","13.79"
"Sabine","0","1","Texas","4/29/20","1","0","48403","0"
"San Augustine","0","16","Texas","4/29/20","14","2","48405","14.29"
"San Jacinto","0","9","Texas","4/29/20","10","-1","48407","-10"
"San Patricio","1","13","Texas","4/29/20","9","4","48409","44.44"
"Scurry","0","2","Texas","4/29/20","2","0","48415","0"
"Shelby","5","101","Texas","4/29/20","69","32","48419","46.38"
"Sherman","1","14","Texas","4/29/20","10","4","48421","40"
"Smith","2","139","Texas","4/29/20","124","15","48423","12.1"
"Starr","0","9","Texas","4/29/20","7","2","48427","28.57"
"Stephens","0","1","Texas","4/29/20","1","0","48429","0"
"Swisher","0","9","Texas","4/29/20","6","3","48437","50"
"Tarrant","108","2088","Texas","4/29/20","1333","755","48439","56.64"
"Taylor","16","277","Texas","4/29/20","164","113","48441","68.9"
"Terry","0","10","Texas","4/29/20","10","0","48445","0"
"Titus","0","15","Texas","4/29/20","12","3","48449","25"
"Tom Green","0","44","Texas","4/29/20","41","3","48451","7.32"
"Travis","44","1539","Texas","4/29/20","1233","306","48453","24.82"
"Trinity","0","8","Texas","4/29/20","8","0","48455","0"
"Tyler","0","6","Texas","4/29/20","6","0","48457","0"
"Upshur","0","13","Texas","4/29/20","12","1","48459","8.33"
"Uvalde","0","6","Texas","4/29/20","6","0","48463","0"
"Val Verde","0","13","Texas","4/29/20","12","1","48465","8.33"
"Van Zandt","0","14","Texas","4/29/20","13","1","48467","7.69"
"Victoria","4","127","Texas","4/29/20","96","31","48469","32.29"
"Walker","14","212","Texas","4/29/20","114","98","48471","85.96"
"Waller","1","31","Texas","4/29/20","27","4","48473","14.81"
"Washington","10","140","Texas","4/29/20","71","69","48477","97.18"
"Webb","8","349","Texas","4/29/20","295","54","48479","18.31"
"Wharton","0","36","Texas","4/29/20","36","0","48481","0"
"Wheeler","1","7","Texas","4/29/20","1","6","48483","600"
"Wichita","0","64","Texas","4/29/20","62","2","48485","3.23"
"Wilbarger","0","1","Texas","4/29/20","1","0","48487","0"
"Willacy","0","13","Texas","4/29/20","10","3","48489","30"
"Williamson","18","287","Texas","4/29/20","158","129","48491","81.65"
"Wilson","1","31","Texas","4/29/20","23","8","48493","34.78"
"Winkler","0","3","Texas","4/29/20","3","0","48495","0"
"Wise","1","17","Texas","4/29/20","13","4","48497","30.77"
"Wood","0","7","Texas","4/29/20","6","1","48499","16.67"
"Yoakum","0","1","Texas","4/29/20","1","0","48501","0"
"Young","0","4","Texas","4/29/20","4","0","48503","0"
"Zapata","0","7","Texas","4/29/20","7","0","48505","0"
"Zavala","0","1","Texas","4/29/20","1","0","48507","0"
"Bear River","1","60","Utah","4/29/20","55","5","00000","9.09"
"Central Utah","0","22","Utah","4/29/20","20","2","00000","10"
"Davis","5","283","Utah","4/29/20","249","34","49011","13.65"
"Salt Lake","79","2348","Utah","4/29/20","1795","553","49035","30.81"
"San Juan","2","45","Utah","4/29/20","34","11","49037","32.35"
"Southeast Utah","1","14","Utah","4/29/20","7","7","00000","100"
"Southwest Utah","3","93","Utah","4/29/20","70","23","00000","32.86"
"Summit","3","361","Utah","4/29/20","341","20","49043","5.87"
"Tooele","3","63","Utah","4/29/20","42","21","49045","50"
"TriCounty","0","11","Utah","4/29/20","9","2","00000","22.22"
"Utah","47","899","Utah","4/29/20","570","329","49049","57.72"
"Wasatch","3","147","Utah","4/29/20","123","24","49051","19.51"
"Weber-Morgan","3","151","Utah","4/29/20","130","21","00000","16.15"
"Addison","0","61","Vermont","4/29/20","61","0","50001","0"
"Bennington","1","44","Vermont","4/29/20","37","7","50003","18.92"
"Caledonia","0","13","Vermont","4/29/20","12","1","50005","8.33"
"Chittenden","3","416","Vermont","4/29/20","393","23","50007","5.85"
"Essex","0","2","Vermont","4/29/20","2","0","50009","0"
"Franklin","0","91","Vermont","4/29/20","92","-1","50011","-1.09"
"Grand Isle","0","3","Vermont","4/29/20","3","0","50013","0"
"Lamoille","0","26","Vermont","4/29/20","23","3","50015","13.04"
"Orange","0","7","Vermont","4/29/20","6","1","50017","16.67"
"Orleans","0","9","Vermont","4/29/20","9","0","50019","0"
"Rutland","0","44","Vermont","4/29/20","44","0","50021","0"
"Washington","0","32","Vermont","4/29/20","33","-1","50023","-3.03"
"Windham","1","71","Vermont","4/29/20","67","4","50025","5.97"
"Windsor","0","40","Vermont","4/29/20","38","2","50027","5.26"
"","0","57","Virgin Islands","4/29/20","54","3",,"5.56"
"Accomack","24","229","Virginia","4/29/20","59","170","51001","288.14"
"Albemarle","2","81","Virginia","4/29/20","68","13","51003","19.12"
"Alexandria","32","700","Virginia","4/29/20","474","226","51510","47.68"
"Alleghany","0","6","Virginia","4/29/20","5","1","51005","20"
"Amelia","0","15","Virginia","4/29/20","15","0","51007","0"
"Amherst","0","11","Virginia","4/29/20","10","1","51009","10"
"Appomattox","1","18","Virginia","4/29/20","10","8","51011","80"
"Arlington","36","912","Virginia","4/29/20","663","249","51013","37.56"
"Augusta","2","41","Virginia","4/29/20","30","11","51015","36.67"
"Bedford","1","27","Virginia","4/29/20","20","7","51019","35"
"Botetourt","0","28","Virginia","4/29/20","26","2","51023","7.69"
"Bristol","0","1","Virginia","4/29/20","1","0","51520","0"
"Brunswick","0","14","Virginia","4/29/20","13","1","51025","7.69"
"Buchanan","1","16","Virginia","4/29/20","12","4","51027","33.33"
"Buckingham","4","55","Virginia","4/29/20","27","28","51029","103.7"
"Buena Vista","0","5","Virginia","4/29/20","5","0","51530","0"
"Campbell","0","12","Virginia","4/29/20","10","2","51031","20"
"Caroline","1","25","Virginia","4/29/20","20","5","51033","25"
"Carroll","1","9","Virginia","4/29/20","3","6","51035","200"
"Charles City","0","13","Virginia","4/29/20","11","2","51036","18.18"
"Charlotte","0","7","Virginia","4/29/20","8","-1","51037","-12.5"
"Charlottesville","1","52","Virginia","4/29/20","44","8","51540","18.18"
"Chesapeake","7","232","Virginia","4/29/20","180","52","51550","28.89"
"Chesterfield","21","501","Virginia","4/29/20","356","145","51041","40.73"
"Clarke","0","8","Virginia","4/29/20","6","2","51043","33.33"
"Colonial Heights","2","49","Virginia","4/29/20","37","12","51570","32.43"
"Covington","0","1","Virginia","4/29/20","1","0","51580","0"
"Craig","0","2","Virginia","4/29/20","2","0","51045","0"
"Culpeper","8","129","Virginia","4/29/20","73","56","51047","76.71"
"Cumberland","0","11","Virginia","4/29/20","10","1","51049","10"
"Danville","1","34","Virginia","4/29/20","29","5","51590","17.24"
"Dinwiddie","1","15","Virginia","4/29/20","8","7","51053","87.5"
"Emporia","1","22","Virginia","4/29/20","12","10","51595","83.33"
"Essex","1","6","Virginia","4/29/20","2","4","51057","200"
"Fairfax","170","3448","Virginia","4/29/20","2256","1192","51059","52.84"
"Fairfax City","0","27","Virginia","4/29/20","25","2","51600","8"
"Falls Church","0","26","Virginia","4/29/20","25","1","51610","4"
"Fauquier","8","109","Virginia","4/29/20","56","53","51061","94.64"
"Floyd","0","2","Virginia","4/29/20","1","1","51063","100"
"Fluvanna","1","73","Virginia","4/29/20","69","4","51065","5.8"
"Franklin","1","21","Virginia","4/29/20","17","4","51067","23.53"
"Franklin City","1","19","Virginia","4/29/20","14","5","51620","35.71"
"Frederick","2","101","Virginia","4/29/20","86","15","51069","17.44"
"Fredericksburg","2","28","Virginia","4/29/20","17","11","51630","64.71"
"Galax","0","4","Virginia","4/29/20","1","3","51640","300"
"Giles","0","4","Virginia","4/29/20","4","0","51071","0"
"Gloucester","0","23","Virginia","4/29/20","21","2","51073","9.52"
"Goochland","2","74","Virginia","4/29/20","63","11","51075","17.46"
"Grayson","0","1","Virginia","4/29/20","0","1","51077","1"
"Greene","0","10","Virginia","4/29/20","9","1","51079","11.11"
"Greensville","2","38","Virginia","4/29/20","24","14","51081","58.33"
"Halifax","1","17","Virginia","4/29/20","12","5","51083","41.67"
"Hampton","2","109","Virginia","4/29/20","97","12","51650","12.37"
"Hanover","2","113","Virginia","4/29/20","97","16","51085","16.49"
"Harrisonburg","13","411","Virginia","4/29/20","318","93","51660","29.25"
"Henrico","23","846","Virginia","4/29/20","684","162","51087","23.68"
"Henry","1","16","Virginia","4/29/20","10","6","51089","60"
"Highland","0","2","Virginia","4/29/20","1","1","51091","100"
"Hopewell","1","24","Virginia","4/29/20","16","8","51670","50"
"Isle of Wight","1","96","Virginia","4/29/20","90","6","51093","6.67"
"James City","1","155","Virginia","4/29/20","147","8","51095","5.44"
"King and Queen","0","2","Virginia","4/29/20","2","0","51097","0"
"King George","1","30","Virginia","4/29/20","20","10","51099","50"
"King William","0","5","Virginia","4/29/20","2","3","51101","150"
"Lancaster","0","1","Virginia","4/29/20","1","0","51103","0"
"Lee","0","9","Virginia","4/29/20","7","2","51105","28.57"
"Lexington","0","3","Virginia","4/29/20","3","0","51678","0"
"Loudoun","36","727","Virginia","4/29/20","475","252","51107","53.05"
"Louisa","1","41","Virginia","4/29/20","37","4","51109","10.81"
"Lunenburg","0","4","Virginia","4/29/20","3","1","51111","33.33"
"Lynchburg","1","52","Virginia","4/29/20","43","9","51680","20.93"
"Madison","0","14","Virginia","4/29/20","12","2","51113","16.67"
"Manassas","11","196","Virginia","4/29/20","117","79","51683","67.52"
"Manassas Park","4","60","Virginia","4/29/20","34","26","51685","76.47"
"Martinsville","0","2","Virginia","4/29/20","0","2","51690","1"
"Mathews","0","4","Virginia","4/29/20","3","1","51115","33.33"
"Mecklenburg","4","100","Virginia","4/29/20","69","31","51117","44.93"
"Middlesex","0","4","Virginia","4/29/20","3","1","51119","33.33"
"Montgomery","1","55","Virginia","4/29/20","50","5","51121","10"
"Nelson","0","7","Virginia","4/29/20","7","0","51125","0"
"New Kent","0","23","Virginia","4/29/20","20","3","51127","15"
"Newport News","2","114","Virginia","4/29/20","101","13","51700","12.87"
"Norfolk","9","192","Virginia","4/29/20","126","66","51710","52.38"
"Northampton","4","36","Virginia","4/29/20","8","28","51131","350"
"Northumberland","0","8","Virginia","4/29/20","5","3","51133","60"
"Norton","0","2","Virginia","4/29/20","2","0","51720","0"
"Nottoway","1","12","Virginia","4/29/20","8","4","51135","50"
"Orange","1","27","Virginia","4/29/20","22","5","51137","22.73"
"Page","11","91","Virginia","4/29/20","16","75","51139","468.75"
"Patrick","0","2","Virginia","4/29/20","1","1","51141","100"
"Petersburg","1","31","Virginia","4/29/20","24","7","51730","29.17"
"Pittsylvania","0","12","Virginia","4/29/20","9","3","51143","33.33"
"Poquoson","0","6","Virginia","4/29/20","6","0","51735","0"
"Portsmouth","8","150","Virginia","4/29/20","93","57","51740","61.29"
"Powhatan","0","12","Virginia","4/29/20","9","3","51145","33.33"
"Prince Edward","4","46","Virginia","4/29/20","19","27","51147","142.11"
"Prince George","1","33","Virginia","4/29/20","28","5","51149","17.86"
"Prince William","86","1527","Virginia","4/29/20","924","603","51153","65.26"
"Pulaski","0","9","Virginia","4/29/20","9","0","51155","0"
"Radford","0","3","Virginia","4/29/20","2","1","51750","50"
"Rappahannock","0","3","Virginia","4/29/20","1","2","51157","200"
"Richmond","13","143","Virginia","4/29/20","53","90","51159","169.81"
"Richmond City","10","323","Virginia","4/29/20","250","73","51760","29.2"
"Roanoke","2","47","Virginia","4/29/20","31","16","51161","51.61"
"Roanoke City","4","57","Virginia","4/29/20","27","30","51770","111.11"
"Rockbridge","0","5","Virginia","4/29/20","5","0","51163","0"
"Rockingham","11","220","Virginia","4/29/20","145","75","51165","51.72"
"Russell","0","3","Virginia","4/29/20","2","1","51167","50"
"Salem","1","16","Virginia","4/29/20","8","8","51775","100"
"Scott","0","7","Virginia","4/29/20","5","2","51169","40"
"Shenandoah","6","95","Virginia","4/29/20","53","42","51171","79.25"
"Smyth","0","13","Virginia","4/29/20","13","0","51173","0"
"Southampton","14","115","Virginia","4/29/20","19","96","51175","505.26"
"Spotsylvania","7","131","Virginia","4/29/20","83","48","51177","57.83"
"Stafford","8","225","Virginia","4/29/20","170","55","51179","32.35"
"Staunton","0","12","Virginia","4/29/20","10","2","51790","20"
"Suffolk","4","154","Virginia","4/29/20","126","28","51800","22.22"
"Surry","0","4","Virginia","4/29/20","4","0","51181","0"
"Sussex","1","30","Virginia","4/29/20","23","7","51183","30.43"
"Tazewell","0","6","Virginia","4/29/20","4","2","51185","50"
"Virginia Beach","7","365","Virginia","4/29/20","313","52","51810","16.61"
"Warren","3","51","Virginia","4/29/20","27","24","51187","88.89"
"Washington","1","36","Virginia","4/29/20","29","7","51191","24.14"
"Waynesboro","0","11","Virginia","4/29/20","8","3","51820","37.5"
"Westmoreland","1","22","Virginia","4/29/20","12","10","51193","83.33"
"Williamsburg","1","18","Virginia","4/29/20","14","4","51830","28.57"
"Winchester","1","36","Virginia","4/29/20","29","7","51840","24.14"
"Wise","1","22","Virginia","4/29/20","18","4","51195","22.22"
"Wythe","0","11","Virginia","4/29/20","11","0","51197","0"
"York","0","45","Virginia","4/29/20","43","2","51199","4.65"
"Adams","0","47","Washington","4/29/20","44","3","53001","6.82"
"Asotin","0","17","Washington","4/29/20","14","3","53003","21.43"
"Benton","12","422","Washington","4/29/20","338","84","53005","24.85"
"Chelan","1","98","Washington","4/29/20","88","10","53007","11.36"
"Clallam","1","18","Washington","4/29/20","14","4","53009","28.57"
"Clark","1","317","Washington","4/29/20","313","4","53011","1.28"
"Columbia","0","1","Washington","4/29/20","1","0","53013","0"
"Cowlitz","1","41","Washington","4/29/20","34","7","53015","20.59"
"Douglas","2","77","Washington","4/29/20","61","16","53017","26.23"
"Ferry","0","1","Washington","4/29/20","1","0","53019","0"
"Franklin","10","276","Washington","4/29/20","207","69","53021","33.33"
"Grant","1","155","Washington","4/29/20","147","8","53025","5.44"
"Grays Harbor","0","12","Washington","4/29/20","12","0","53027","0"
"Island","0","168","Washington","4/29/20","168","0","53029","0"
"Jefferson","0","28","Washington","4/29/20","28","0","53031","0"
"King","103","6103","Washington","4/29/20","5379","724","53033","13.46"
"Kitsap","1","148","Washington","4/29/20","141","7","53035","4.96"
"Kittitas","0","14","Washington","4/29/20","14","0","53037","0"
"Klickitat","0","16","Washington","4/29/20","16","0","53039","0"
"Lewis","1","29","Washington","4/29/20","21","8","53041","38.1"
"Lincoln","0","2","Washington","4/29/20","2","0","53043","0"
"Mason","0","23","Washington","4/29/20","22","1","53045","4.55"
"Okanogan","1","21","Washington","4/29/20","14","7","53047","50"
"Pacific","0","4","Washington","4/29/20","3","1","53049","33.33"
"Pend Oreille","0","2","Washington","4/29/20","2","0","53051","0"
"Pierce","10","1306","Washington","4/29/20","1236","70","53053","5.66"
"San Juan","0","14","Washington","4/29/20","15","-1","53055","-6.67"
"Skagit","10","322","Washington","4/29/20","255","67","53057","26.27"
"Skamania","0","3","Washington","4/29/20","3","0","53059","0"
"Snohomish","26","2389","Washington","4/29/20","2209","180","53061","8.15"
"Spokane","5","353","Washington","4/29/20","317","36","53063","11.36"
"Stevens","0","9","Washington","4/29/20","8","1","53065","12.5"
"Thurston","1","104","Washington","4/29/20","94","10","53067","10.64"
"Wahkiakum","0","2","Washington","4/29/20","2","0","53069","0"
"Walla Walla","4","62","Washington","4/29/20","34","28","53071","82.35"
"Whatcom","2","294","Washington","4/29/20","281","13","53073","4.63"
"Whitman","0","14","Washington","4/29/20","13","1","53075","7.69"
"Yakima","28","1082","Washington","4/29/20","886","196","53077","22.12"
"Barbour","0","4","West Virginia","4/29/20","4","0","54001","0"
"Berkeley","3","143","West Virginia","4/29/20","121","22","54003","18.18"
"Boone","0","3","West Virginia","4/29/20","2","1","54005","50"
"Braxton","0","2","West Virginia","4/29/20","1","1","54007","100"
"Brooke","0","3","West Virginia","4/29/20","3","0","54009","0"
"Cabell","1","42","West Virginia","4/29/20","35","7","54011","20"
"Fayette","1","12","West Virginia","4/29/20","5","7","54019","140"
"Gilmer","0","2","West Virginia","4/29/20","0","2","54021","1"
"Grant","0","1","West Virginia","4/29/20","1","0","54023","0"
"Greenbrier","0","3","West Virginia","4/29/20","3","0","54025","0"
"Hampshire","0","7","West Virginia","4/29/20","7","0","54027","0"
"Hancock","0","9","West Virginia","4/29/20","7","2","54029","28.57"
"Hardy","0","5","West Virginia","4/29/20","3","2","54031","66.67"
"Harrison","0","30","West Virginia","4/29/20","30","0","54033","0"
"Jackson","4","129","West Virginia","4/29/20","103","26","54035","25.24"
"Jefferson","2","77","West Virginia","4/29/20","65","12","54037","18.46"
"Kanawha","3","157","West Virginia","4/29/20","138","19","54039","13.77"
"Lewis","0","4","West Virginia","4/29/20","2","2","54041","100"
"Lincoln","0","1","West Virginia","4/29/20","1","0","54043","0"
"Logan","0","12","West Virginia","4/29/20","9","3","54045","33.33"
"Marion","0","45","West Virginia","4/29/20","43","2","54049","4.65"
"Marshall","0","11","West Virginia","4/29/20","8","3","54051","37.5"
"Mason","0","12","West Virginia","4/29/20","10","2","54053","20"
"McDowell","0","6","West Virginia","4/29/20","6","0","54047","0"
"Mercer","0","10","West Virginia","4/29/20","9","1","54055","11.11"
"Mineral","1","15","West Virginia","4/29/20","10","5","54057","50"
"Mingo","0","2","West Virginia","4/29/20","2","0","54059","0"
"Monongalia","2","103","West Virginia","4/29/20","90","13","54061","14.44"
"Monroe","0","5","West Virginia","4/29/20","5","0","54063","0"
"Morgan","0","10","West Virginia","4/29/20","7","3","54065","42.86"
"Nicholas","0","6","West Virginia","4/29/20","4","2","54067","50"
"Ohio","1","27","West Virginia","4/29/20","23","4","54069","17.39"
"Pendleton","0","3","West Virginia","4/29/20","1","2","54071","200"
"Pleasants","0","2","West Virginia","4/29/20","2","0","54073","0"
"Pocahontas","0","2","West Virginia","4/29/20","0","2","54075","1"
"Preston","0","13","West Virginia","4/29/20","12","1","54077","8.33"
"Putnam","1","25","West Virginia","4/29/20","16","9","54079","56.25"
"Raleigh","0","8","West Virginia","4/29/20","7","1","54081","14.29"
"Randolph","0","4","West Virginia","4/29/20","4","0","54083","0"
"Roane","0","6","West Virginia","4/29/20","5","1","54087","20"
"Summers","0","1","West Virginia","4/29/20","1","0","54089","0"
"Taylor","0","6","West Virginia","4/29/20","5","1","54091","20"
"Tucker","0","4","West Virginia","4/29/20","4","0","54093","0"
"Tyler","0","3","West Virginia","4/29/20","3","0","54095","0"
"Upshur","0","4","West Virginia","4/29/20","4","0","54097","0"
"Wayne","1","85","West Virginia","4/29/20","79","6","54099","7.59"
"Wetzel","0","3","West Virginia","4/29/20","3","0","54103","0"
"Wirt","0","3","West Virginia","4/29/20","2","1","54105","50"
"Wood","1","39","West Virginia","4/29/20","33","6","54107","18.18"
"Wyoming","0","1","West Virginia","4/29/20","1","0","54109","0"
"Adams","0","4","Wisconsin","4/29/20","4","0","55001","0"
"Ashland","0","2","Wisconsin","4/29/20","2","0","55003","0"
"Barron","0","6","Wisconsin","4/29/20","6","0","55005","0"
"Bayfield","0","3","Wisconsin","4/29/20","3","0","55007","0"
"Brown","81","971","Wisconsin","4/29/20","402","569","55009","141.54"
"Buffalo","0","4","Wisconsin","4/29/20","4","0","55011","0"
"Calumet","1","12","Wisconsin","4/29/20","6","6","55015","100"
"Chippewa","0","21","Wisconsin","4/29/20","20","1","55017","5"
"Clark","0","20","Wisconsin","4/29/20","18","2","55019","11.11"
"Columbia","0","27","Wisconsin","4/29/20","27","0","55021","0"
"Crawford","0","3","Wisconsin","4/29/20","3","0","55023","0"
"Dane","5","424","Wisconsin","4/29/20","386","38","55025","9.84"
"Dodge","2","33","Wisconsin","4/29/20","20","13","55027","65"
"Door","0","12","Wisconsin","4/29/20","9","3","55029","33.33"
"Douglas","0","9","Wisconsin","4/29/20","8","1","55031","12.5"
"Dunn","0","9","Wisconsin","4/29/20","9","0","55033","0"
"Eau Claire","1","27","Wisconsin","4/29/20","23","4","55035","17.39"
"Florence","0","2","Wisconsin","4/29/20","2","0","55037","0"
"Fond du Lac","1","69","Wisconsin","4/29/20","65","4","55039","6.15"
"Grant","1","35","Wisconsin","4/29/20","25","10","55043","40"
"Green","0","11","Wisconsin","4/29/20","9","2","55045","22.22"
"Green Lake","0","2","Wisconsin","4/29/20","1","1","55047","100"
"Iowa","0","7","Wisconsin","4/29/20","7","0","55049","0"
"Iron","0","2","Wisconsin","4/29/20","2","0","55051","0"
"Jackson","0","12","Wisconsin","4/29/20","12","0","55053","0"
"Jefferson","1","45","Wisconsin","4/29/20","35","10","55055","28.57"
"Juneau","0","14","Wisconsin","4/29/20","11","3","55057","27.27"
"Kenosha","12","363","Wisconsin","4/29/20","278","85","55059","30.58"
"Kewaunee","1","14","Wisconsin","4/29/20","8","6","55061","75"
"La Crosse","0","27","Wisconsin","4/29/20","25","2","55063","8"
"Lafayette","0","4","Wisconsin","4/29/20","4","0","55065","0"
"Manitowoc","1","11","Wisconsin","4/29/20","7","4","55071","57.14"
"Marathon","0","17","Wisconsin","4/29/20","17","0","55073","0"
"Marinette","0","7","Wisconsin","4/29/20","6","1","55075","16.67"
"Marquette","0","3","Wisconsin","4/29/20","3","0","55077","0"
"Menominee","0","1","Wisconsin","4/29/20","1","0","55078","0"
"Milwaukee","73","2815","Wisconsin","4/29/20","2304","511","55079","22.18"
"Monroe","0","14","Wisconsin","4/29/20","13","1","55081","7.69"
"Oconto","0","8","Wisconsin","4/29/20","5","3","55083","60"
"Oneida","0","6","Wisconsin","4/29/20","6","0","55085","0"
"Outagamie","2","54","Wisconsin","4/29/20","37","17","55087","45.95"
"Ozaukee","1","86","Wisconsin","4/29/20","80","6","55089","7.5"
"Pierce","0","10","Wisconsin","4/29/20","8","2","55093","25"
"Polk","0","4","Wisconsin","4/29/20","4","0","55095","0"
"Portage","0","5","Wisconsin","4/29/20","4","1","55097","25"
"Price","0","1","Wisconsin","4/29/20","1","0","55099","0"
"Racine","17","317","Wisconsin","4/29/20","198","119","55101","60.1"
"Richland","0","11","Wisconsin","4/29/20","9","2","55103","22.22"
"Rock","14","183","Wisconsin","4/29/20","86","97","55105","112.79"
"Rusk","0","4","Wisconsin","4/29/20","4","0","55107","0"
"Sauk","1","44","Wisconsin","4/29/20","36","8","55111","22.22"
"Sawyer","0","3","Wisconsin","4/29/20","2","1","55113","50"
"Shawano","1","10","Wisconsin","4/29/20","6","4","55115","66.67"
"Sheboygan","0","46","Wisconsin","4/29/20","44","2","55117","4.55"
"St. Croix","0","13","Wisconsin","4/29/20","12","1","55109","8.33"
"Trempealeau","0","2","Wisconsin","4/29/20","1","1","55121","100"
"Vernon","0","1","Wisconsin","4/29/20","0","1","55123","1"
"Vilas","0","4","Wisconsin","4/29/20","4","0","55125","0"
"Walworth","9","156","Wisconsin","4/29/20","94","62","55127","65.96"
"Washburn","0","1","Wisconsin","4/29/20","1","0","55129","0"
"Washington","1","97","Wisconsin","4/29/20","88","9","55131","10.23"
"Waukesha","7","329","Wisconsin","4/29/20","278","51","55133","18.35"
"Waupaca","0","8","Wisconsin","4/29/20","5","3","55135","60"
"Waushara","0","2","Wisconsin","4/29/20","2","0","55137","0"
"Winnebago","1","51","Wisconsin","4/29/20","43","8","55139","18.6"
"Wood","0","2","Wisconsin","4/29/20","2","0","55141","0"
"Albany","0","8","Wyoming","4/29/20","6","2","56001","33.33"
"Big Horn","0","3","Wyoming","4/29/20","2","1","56003","50"
"Campbell","1","23","Wyoming","4/29/20","18","5","56005","27.78"
"Carbon","0","4","Wyoming","4/29/20","4","0","56007","0"
"Converse","1","22","Wyoming","4/29/20","16","6","56009","37.5"
"Crook","0","5","Wyoming","4/29/20","5","0","56011","0"
"Fremont","8","110","Wyoming","4/29/20","57","53","56013","92.98"
"Goshen","0","4","Wyoming","4/29/20","4","0","56015","0"
"Hot Springs","0","3","Wyoming","4/29/20","3","0","56017","0"
"Johnson","0","15","Wyoming","4/29/20","15","0","56019","0"
"Laramie","4","139","Wyoming","4/29/20","114","25","56021","21.93"
"Lincoln","0","9","Wyoming","4/29/20","9","0","56023","0"
"Natrona","0","49","Wyoming","4/29/20","48","1","56025","2.08"
"Niobrara","0","2","Wyoming","4/29/20","2","0","56027","0"
"Park","0","1","Wyoming","4/29/20","1","0","56029","0"
"Sheridan","0","16","Wyoming","4/29/20","16","0","56033","0"
"Sublette","0","3","Wyoming","4/29/20","3","0","56035","0"
"Sweetwater","0","17","Wyoming","4/29/20","16","1","56037","6.25"
"Teton","0","96","Wyoming","4/29/20","93","3","56039","3.23"
"Uinta","0","8","Wyoming","4/29/20","7","1","56041","14.29"
"Washakie","0","8","Wyoming","4/29/20","8","0","56043","0"
