"Locality","DailyAvgNewCasesPast7Days","TotalCases","State","Date","TotalCases7DaysAgo","NewCasesPast7Days","FIPS-Code","PercentIncreaseTotalCasesPast7Days"
"Autauga","2","36","Alabama","4/25/20","25","11","01001","44"
"Baldwin","5","147","Alabama","4/25/20","109","38","01003","34.86"
"Barbour","2","32","Alabama","4/25/20","18","14","01005","77.78"
"Bibb","1","34","Alabama","4/25/20","26","8","01007","30.77"
"Blount","2","31","Alabama","4/25/20","20","11","01009","55"
"Bullock","0","12","Alabama","4/25/20","9","3","01011","33.33"
"Butler","1","21","Alabama","4/25/20","13","8","01013","61.54"
"Calhoun","3","89","Alabama","4/25/20","66","23","01015","34.85"
"Chambers","6","282","Alabama","4/25/20","240","42","01017","17.5"
"Cherokee","0","12","Alabama","4/25/20","12","0","01019","0"
"Chilton","1","49","Alabama","4/25/20","39","10","01021","25.64"
"Choctaw","2","25","Alabama","4/25/20","14","11","01023","78.57"
"Clarke","0","24","Alabama","4/25/20","24","0","01025","0"
"Clay","0","19","Alabama","4/25/20","17","2","01027","11.76"
"Cleburne","0","12","Alabama","4/25/20","12","0","01029","0"
"Coffee","5","87","Alabama","4/25/20","55","32","01031","58.18"
"Colbert","1","23","Alabama","4/25/20","15","8","01033","53.33"
"Conecuh","0","9","Alabama","4/25/20","10","-1","01035","-10"
"Coosa","1","29","Alabama","4/25/20","22","7","01037","31.82"
"Covington","1","31","Alabama","4/25/20","21","10","01039","47.62"
"Crenshaw","1","10","Alabama","4/25/20","6","4","01041","66.67"
"Cullman","1","47","Alabama","4/25/20","42","5","01043","11.9"
"Dale","1","23","Alabama","4/25/20","17","6","01045","35.29"
"Dallas","1","32","Alabama","4/25/20","22","10","01047","45.45"
"DeKalb","3","61","Alabama","4/25/20","40","21","01049","52.5"
"Elmore","2","74","Alabama","4/25/20","58","16","01051","27.59"
"Escambia","1","22","Alabama","4/25/20","12","10","01053","83.33"
"Etowah","4","121","Alabama","4/25/20","93","28","01055","30.11"
"Fayette","0","4","Alabama","4/25/20","4","0","01057","0"
"Franklin","2","32","Alabama","4/25/20","17","15","01059","88.24"
"Geneva","0","6","Alabama","4/25/20","4","2","01061","50"
"Greene","2","44","Alabama","4/25/20","29","15","01063","51.72"
"Hale","2","39","Alabama","4/25/20","23","16","01065","69.57"
"Henry","1","22","Alabama","4/25/20","17","5","01067","29.41"
"Houston","2","76","Alabama","4/25/20","63","13","01069","20.63"
"Jackson","1","45","Alabama","4/25/20","38","7","01071","18.42"
"Jefferson","18","797","Alabama","4/25/20","671","126","01073","18.78"
"Lamar","0","10","Alabama","4/25/20","8","2","01075","25"
"Lauderdale","0","25","Alabama","4/25/20","23","2","01077","8.7"
"Lawrence","0","12","Alabama","4/25/20","9","3","01079","33.33"
"Lee","7","351","Alabama","4/25/20","305","46","01081","15.08"
"Limestone","0","41","Alabama","4/25/20","40","1","01083","2.5"
"Lowndes","1","36","Alabama","4/25/20","27","9","01085","33.33"
"Macon","1","29","Alabama","4/25/20","24","5","01087","20.83"
"Madison","1","202","Alabama","4/25/20","197","5","01089","2.54"
"Marengo","2","39","Alabama","4/25/20","25","14","01091","56"
"Marion","1","69","Alabama","4/25/20","60","9","01093","15"
"Marshall","18","267","Alabama","4/25/20","138","129","01095","93.48"
"Mobile","30","845","Alabama","4/25/20","637","208","01097","32.65"
"Monroe","0","11","Alabama","4/25/20","8","3","01099","37.5"
"Montgomery","8","274","Alabama","4/25/20","215","59","01101","27.44"
"Morgan","1","55","Alabama","4/25/20","45","10","01103","22.22"
"Perry","0","9","Alabama","4/25/20","9","0","01105","0"
"Pickens","2","45","Alabama","4/25/20","32","13","01107","40.62"
"Pike","3","58","Alabama","4/25/20","34","24","01109","70.59"
"Randolph","1","60","Alabama","4/25/20","51","9","01111","17.65"
"Russell","2","53","Alabama","4/25/20","41","12","01113","29.27"
"Shelby","5","294","Alabama","4/25/20","257","37","01117","14.4"
"St. Clair","1","63","Alabama","4/25/20","53","10","01115","18.87"
"Sumter","2","51","Alabama","4/25/20","35","16","01119","45.71"
"Talladega","1","54","Alabama","4/25/20","44","10","01121","22.73"
"Tallapoosa","12","261","Alabama","4/25/20","179","82","01123","45.81"
"Tuscaloosa","6","182","Alabama","4/25/20","141","41","01125","29.08"
"Walker","1","89","Alabama","4/25/20","83","6","01127","7.23"
"Washington","1","19","Alabama","4/25/20","15","4","01129","26.67"
"Wilcox","1","53","Alabama","4/25/20","45","8","01131","17.78"
"Winston","0","10","Alabama","4/25/20","9","1","01133","11.11"
"Anchorage","2","168","Alaska","4/25/20","151","17","02020","11.26"
"Bethel","0","1","Alaska","4/25/20","1","0","02050","0"
"Fairbanks North Star","0","79","Alaska","4/25/20","79","0","02090","0"
"Juneau","0","27","Alaska","4/25/20","24","3","02110","12.5"
"Kenai Peninsula","0","19","Alaska","4/25/20","19","0","02122","0"
"Ketchikan Gateway","0","16","Alaska","4/25/20","15","1","02130","6.67"
"Kodiak Island","0","1","Alaska","4/25/20","1","0","02150","0"
"Matanuska-Susitna","0","20","Alaska","4/25/20","17","3","02170","17.65"
"Nome","0","1","Alaska","4/25/20","1","0","02180","0"
"Petersburg","0","3","Alaska","4/25/20","2","1","02195","50"
"Prince of Wales-Hyder","0","2","Alaska","4/25/20","2","0","02198","0"
"Southeast Fairbanks","0","1","Alaska","4/25/20","1","0","02240","0"
"Yukon-Koyukuk","0","1","Alaska","4/25/20","1","0","02290","0"
"Apache","21","314","Arizona","4/25/20","169","145","04001","85.8"
"Cochise","2","36","Arizona","4/25/20","22","14","04003","63.64"
"Coconino","13","402","Arizona","4/25/20","314","88","04005","28.03"
"Gila","1","11","Arizona","4/25/20","7","4","04007","57.14"
"Graham","1","6","Arizona","4/25/20","2","4","04009","200"
"Greenlee","0","2","Arizona","4/25/20","2","0","04011","0"
"La Paz","0","7","Arizona","4/25/20","5","2","04012","40"
"Maricopa","106","3234","Arizona","4/25/20","2491","743","04013","29.83"
"Mohave","4","81","Arizona","4/25/20","52","29","04015","55.77"
"Navajo","23","612","Arizona","4/25/20","452","160","04017","35.4"
"Pima","33","1090","Arizona","4/25/20","856","234","04019","27.34"
"Pinal","14","332","Arizona","4/25/20","235","97","04021","41.28"
"Santa Cruz","2","30","Arizona","4/25/20","16","14","04023","87.5"
"Yavapai","1","76","Arizona","4/25/20","72","4","04025","5.56"
"Yuma","3","53","Arizona","4/25/20","29","24","04027","82.76"
"Arkansas","0","2","Arkansas","4/25/20","2","0","05001","0"
"Ashley","0","13","Arkansas","4/25/20","11","2","05003","18.18"
"Baxter","0","5","Arkansas","4/25/20","5","0","05005","0"
"Benton","2","79","Arkansas","4/25/20","62","17","05007","27.42"
"Boone","0","4","Arkansas","4/25/20","3","1","05009","33.33"
"Bradley","0","7","Arkansas","4/25/20","7","0","05011","0"
"Carroll","0","4","Arkansas","4/25/20","2","2","05015","100"
"Chicot","0","8","Arkansas","4/25/20","7","1","05017","14.29"
"Clark","0","29","Arkansas","4/25/20","27","2","05019","7.41"
"Clay","0","2","Arkansas","4/25/20","1","1","05021","100"
"Cleburne","0","72","Arkansas","4/25/20","70","2","05023","2.86"
"Cleveland","0","9","Arkansas","4/25/20","8","1","05025","12.5"
"Columbia","0","6","Arkansas","4/25/20","4","2","05027","50"
"Conway","1","10","Arkansas","4/25/20","5","5","05029","100"
"Craighead","3","62","Arkansas","4/25/20","42","20","05031","47.62"
"Crawford","0","4","Arkansas","4/25/20","4","0","05033","0"
"Crittenden","5","169","Arkansas","4/25/20","133","36","05035","27.07"
"Cross","0","11","Arkansas","4/25/20","8","3","05037","37.5"
"Dallas","0","1","Arkansas","4/25/20","1","0","05039","0"
"Desha","1","16","Arkansas","4/25/20","6","10","05041","166.67"
"Drew","1","13","Arkansas","4/25/20","6","7","05043","116.67"
"Faulkner","1","70","Arkansas","4/25/20","60","10","05045","16.67"
"Franklin","0","1","Arkansas","4/25/20","1","0","05047","0"
"Fulton","0","1","Arkansas","4/25/20","0","1","05049","1"
"Garland","1","111","Arkansas","4/25/20","106","5","05051","4.72"
"Grant","0","11","Arkansas","4/25/20","11","0","05053","0"
"Greene","1","14","Arkansas","4/25/20","9","5","05055","55.56"
"Hempstead","0","5","Arkansas","4/25/20","4","1","05057","25"
"Hot Spring","0","9","Arkansas","4/25/20","8","1","05059","12.5"
"Howard","0","13","Arkansas","4/25/20","12","1","05061","8.33"
"Independence","0","9","Arkansas","4/25/20","7","2","05063","28.57"
"Izard","0","3","Arkansas","4/25/20","2","1","05065","50"
"Jackson","0","1","Arkansas","4/25/20","1","0","05067","0"
"Jefferson","5","149","Arkansas","4/25/20","114","35","05069","30.7"
"Johnson","1","26","Arkansas","4/25/20","21","5","05071","23.81"
"Lafayette","0","6","Arkansas","4/25/20","4","2","05073","50"
"Lawrence","2","41","Arkansas","4/25/20","25","16","05075","64"
"Lee","0","3","Arkansas","4/25/20","3","0","05077","0"
"Lincoln","87","721","Arkansas","4/25/20","110","611","05079","555.45"
"Logan","0","3","Arkansas","4/25/20","3","0","05083","0"
"Lonoke","0","33","Arkansas","4/25/20","30","3","05085","10"
"Madison","0","1","Arkansas","4/25/20","1","0","05087","0"
"Marion","0","1","Arkansas","4/25/20","1","0","05089","0"
"Miller","0","32","Arkansas","4/25/20","29","3","05091","10.34"
"Mississippi","0","11","Arkansas","4/25/20","8","3","05093","37.5"
"Monroe","0","4","Arkansas","4/25/20","2","2","05095","100"
"Nevada","0","1","Arkansas","4/25/20","1","0","05099","0"
"Newton","0","3","Arkansas","4/25/20","2","1","05101","50"
"Ouachita","0","5","Arkansas","4/25/20","5","0","05103","0"
"Perry","0","6","Arkansas","4/25/20","3","3","05105","100"
"Phillips","0","4","Arkansas","4/25/20","4","0","05107","0"
"Pike","0","3","Arkansas","4/25/20","2","1","05109","50"
"Poinsett","1","14","Arkansas","4/25/20","10","4","05111","40"
"Polk","0","7","Arkansas","4/25/20","7","0","05113","0"
"Pope","0","37","Arkansas","4/25/20","35","2","05115","5.71"
"Prairie","0","2","Arkansas","4/25/20","2","0","05117","0"
"Pulaski","15","471","Arkansas","4/25/20","368","103","05119","27.99"
"Randolph","1","15","Arkansas","4/25/20","11","4","05121","36.36"
"Saline","2","54","Arkansas","4/25/20","41","13","05125","31.71"
"Scott","0","1","Arkansas","4/25/20","1","0","05127","0"
"Searcy","0","6","Arkansas","4/25/20","6","0","05129","0"
"Sebastian","0","12","Arkansas","4/25/20","11","1","05131","9.09"
"Sevier","0","11","Arkansas","4/25/20","8","3","05133","37.5"
"Sharp","0","2","Arkansas","4/25/20","2","0","05135","0"
"St. Francis","2","75","Arkansas","4/25/20","64","11","05123","17.19"
"Stone","0","7","Arkansas","4/25/20","7","0","05137","0"
"Union","1","32","Arkansas","4/25/20","23","9","05139","39.13"
"Van Buren","0","27","Arkansas","4/25/20","26","1","05141","3.85"
"Washington","4","74","Arkansas","4/25/20","45","29","05143","64.44"
"White","0","31","Arkansas","4/25/20","29","2","05145","6.9"
"Woodruff","0","1","Arkansas","4/25/20","1","0","05147","0"
"Yell","0","3","Arkansas","4/25/20","2","1","05149","50"
"Alameda","46","1439","California","4/25/20","1114","325","06001","29.17"
"Alpine","0","2","California","4/25/20","2","0","06003","0"
"Amador","0","8","California","4/25/20","7","1","06005","14.29"
"Butte","0","16","California","4/25/20","16","0","06007","0"
"Calaveras","0","13","California","4/25/20","12","1","06009","8.33"
"Colusa","0","3","California","4/25/20","3","0","06011","0"
"Contra Costa","17","805","California","4/25/20","685","120","06013","17.52"
"Del Norte","0","2","California","4/25/20","2","0","06015","0"
"El Dorado","1","42","California","4/25/20","36","6","06017","16.67"
"Fresno","19","443","California","4/25/20","311","132","06019","42.44"
"Glenn","0","5","California","4/25/20","4","1","06021","25"
"Humboldt","0","53","California","4/25/20","52","1","06023","1.92"
"Imperial","14","251","California","4/25/20","155","96","06025","61.94"
"Inyo","0","19","California","4/25/20","18","1","06027","5.56"
"Kern","21","755","California","4/25/20","610","145","06029","23.77"
"Kings","4","47","California","4/25/20","20","27","06031","135"
"Lake","0","6","California","4/25/20","6","0","06033","0"
"Los Angeles","1016","19133","California","4/25/20","12021","7112","06037","59.16"
"Madera","1","39","California","4/25/20","33","6","06039","18.18"
"Marin","4","212","California","4/25/20","187","25","06041","13.37"
"Mendocino","1","11","California","4/25/20","5","6","06045","120"
"Merced","2","102","California","4/25/20","86","16","06047","18.6"
"Mono","0","24","California","4/25/20","23","1","06051","4.35"
"Monterey","7","169","California","4/25/20","119","50","06053","42.02"
"Napa","2","60","California","4/25/20","47","13","06055","27.66"
"Nevada","0","37","California","4/25/20","36","1","06057","2.78"
"Orange","59","1969","California","4/25/20","1556","413","06059","26.54"
"Placer","1","139","California","4/25/20","131","8","06061","6.11"
"Plumas","0","4","California","4/25/20","4","0","06063","0"
"Riverside","123","3315","California","4/25/20","2457","858","06065","34.92"
"Sacramento","15","1019","California","4/25/20","914","105","06067","11.49"
"San Benito","0","47","California","4/25/20","44","3","06069","6.82"
"San Bernardino","64","1666","California","4/25/20","1219","447","06071","36.67"
"San Diego","112","2943","California","4/25/20","2158","785","06073","36.38"
"San Francisco","31","1354","California","4/25/20","1137","217","06075","19.09"
"San Joaquin","15","505","California","4/25/20","400","105","06077","26.25"
"San Luis Obispo","5","165","California","4/25/20","131","34","06079","25.95"
"San Mateo","26","1019","California","4/25/20","838","181","06081","21.6"
"Santa Barbara","14","469","California","4/25/20","373","96","06083","25.74"
"Santa Clara","24","2040","California","4/25/20","1870","170","06085","9.09"
"Santa Cruz","2","115","California","4/25/20","101","14","06087","13.86"
"Shasta","1","30","California","4/25/20","26","4","06089","15.38"
"Siskiyou","0","5","California","4/25/20","5","0","06093","0"
"Solano","4","199","California","4/25/20","169","30","06095","17.75"
"Sonoma","5","217","California","4/25/20","180","37","06097","20.56"
"Stanislaus","8","264","California","4/25/20","206","58","06099","28.16"
"Sutter","3","44","California","4/25/20","25","19","06101","76"
"Tehama","0","1","California","4/25/20","1","0","06103","0"
"Tulare","13","491","California","4/25/20","397","94","06107","23.68"
"Tuolumne","0","3","California","4/25/20","2","1","06109","50"
"Ventura","11","476","California","4/25/20","396","80","06111","20.2"
"Yolo","4","157","California","4/25/20","126","31","06113","24.6"
"Yuba","0","16","California","4/25/20","15","1","06115","6.67"
"Adams","58","1302","Colorado","4/25/20","894","408","08001","45.64"
"Alamosa","0","10","Colorado","4/25/20","7","3","08003","42.86"
"Arapahoe","84","2083","Colorado","4/25/20","1498","585","08005","39.05"
"Archuleta","0","8","Colorado","4/25/20","7","1","08007","14.29"
"Baca","0","10","Colorado","4/25/20","10","0","08009","0"
"Boulder","22","497","Colorado","4/25/20","342","155","08013","45.32"
"Broomfield","5","135","Colorado","4/25/20","101","34","08014","33.66"
"Chaffee","4","66","Colorado","4/25/20","37","29","08015","78.38"
"Clear Creek","0","13","Colorado","4/25/20","11","2","08019","18.18"
"Costilla","0","3","Colorado","4/25/20","3","0","08023","0"
"Crowley","0","2","Colorado","4/25/20","2","0","08025","0"
"Custer","0","2","Colorado","4/25/20","2","0","08027","0"
"Delta","1","26","Colorado","4/25/20","19","7","08029","36.84"
"Denver","109","2487","Colorado","4/25/20","1723","764","08031","44.34"
"Douglas","9","425","Colorado","4/25/20","360","65","08035","18.06"
"Eagle","4","512","Colorado","4/25/20","483","29","08037","6"
"El Paso","20","862","Colorado","4/25/20","721","141","08041","19.56"
"Elbert","1","27","Colorado","4/25/20","23","4","08039","17.39"
"Fremont","2","20","Colorado","4/25/20","9","11","08043","122.22"
"Garfield","2","83","Colorado","4/25/20","70","13","08045","18.57"
"Gilpin","0","1","Colorado","4/25/20","1","0","08047","0"
"Grand","0","5","Colorado","4/25/20","4","1","08049","25"
"Gunnison","5","151","Colorado","4/25/20","114","37","08051","32.46"
"Hinsdale","0","3","Colorado","4/25/20","3","0","08053","0"
"Huerfano","0","2","Colorado","4/25/20","1","1","08055","100"
"Jefferson","44","1236","Colorado","4/25/20","930","306","08059","32.9"
"Kit Carson","1","19","Colorado","4/25/20","14","5","08063","35.71"
"La Plata","1","59","Colorado","4/25/20","52","7","08067","13.46"
"Lake","1","16","Colorado","4/25/20","8","8","08065","100"
"Larimer","10","303","Colorado","4/25/20","231","72","08069","31.17"
"Las Animas","0","3","Colorado","4/25/20","3","0","08071","0"
"Lincoln","0","4","Colorado","4/25/20","3","1","08073","33.33"
"Logan","28","213","Colorado","4/25/20","17","196","08075","1152.94"
"Mesa","1","38","Colorado","4/25/20","34","4","08077","11.76"
"Mineral","0","2","Colorado","4/25/20","2","0","08079","0"
"Moffat","0","6","Colorado","4/25/20","4","2","08081","50"
"Montezuma","0","15","Colorado","4/25/20","13","2","08083","15.38"
"Montrose","2","87","Colorado","4/25/20","72","15","08085","20.83"
"Morgan","15","249","Colorado","4/25/20","147","102","08087","69.39"
"Otero","0","8","Colorado","4/25/20","6","2","08089","33.33"
"Ouray","0","5","Colorado","4/25/20","5","0","08091","0"
"Park","0","7","Colorado","4/25/20","6","1","08093","16.67"
"Phillips","0","5","Colorado","4/25/20","5","0","08095","0"
"Pitkin","0","59","Colorado","4/25/20","57","2","08097","3.51"
"Prowers","0","1","Colorado","4/25/20","1","0","08099","0"
"Pueblo","5","121","Colorado","4/25/20","84","37","08101","44.05"
"Rio Blanco","0","1","Colorado","4/25/20","1","0","08103","0"
"Rio Grande","0","7","Colorado","4/25/20","7","0","08105","0"
"Routt","0","52","Colorado","4/25/20","49","3","08107","6.12"
"Saguache","0","3","Colorado","4/25/20","3","0","08109","0"
"San Miguel","1","17","Colorado","4/25/20","13","4","08113","30.77"
"Summit","1","97","Colorado","4/25/20","93","4","08117","4.3"
"Teller","1","27","Colorado","4/25/20","18","9","08119","50"
"Washington","0","6","Colorado","4/25/20","6","0","08121","0"
"Weld","57","1430","Colorado","4/25/20","1029","401","08123","38.97"
"Yuma","1","6","Colorado","4/25/20","2","4","08125","200"
"Fairfield","430","10373","Connecticut","4/25/20","7363","3010","09001","40.88"
"Hartford","224","4761","Connecticut","4/25/20","3196","1565","09003","48.97"
"Litchfield","34","834","Connecticut","4/25/20","593","241","09005","40.64"
"Middlesex","18","576","Connecticut","4/25/20","448","128","09007","28.57"
"New Haven","252","6509","Connecticut","4/25/20","4743","1766","09009","37.23"
"New London","23","473","Connecticut","4/25/20","315","158","09011","50.16"
"Tolland","16","384","Connecticut","4/25/20","270","114","09013","42.22"
"Windham","8","151","Connecticut","4/25/20","97","54","09015","55.67"
"Kent","23","579","Delaware","4/25/20","417","162","10001","38.85"
"New Castle","43","1504","Delaware","4/25/20","1205","299","10003","24.81"
"Sussex","86","1490","Delaware","4/25/20","886","604","10005","68.17"
"","0","49","Diamond Princess","4/25/20","49","0",,"0"
"District of Columbia","148","3699","District of Columbia","4/25/20","2666","1033","11001","38.75"
"Alachua","6","245","Florida","4/25/20","205","40","12001","19.51"
"Baker","0","20","Florida","4/25/20","17","3","12003","17.65"
"Bay","2","63","Florida","4/25/20","48","15","12005","31.25"
"Bradford","0","42","Florida","4/25/20","42","0","12007","0"
"Brevard","6","250","Florida","4/25/20","210","40","12009","19.05"
"Broward","117","4659","Florida","4/25/20","3838","821","12011","21.39"
"Calhoun","0","6","Florida","4/25/20","6","0","12013","0"
"Charlotte","9","202","Florida","4/25/20","138","64","12015","46.38"
"Citrus","2","95","Florida","4/25/20","82","13","12017","15.85"
"Clay","6","267","Florida","4/25/20","223","44","12019","19.73"
"Collier","11","535","Florida","4/25/20","457","78","12021","17.07"
"Columbia","2","47","Florida","4/25/20","36","11","12023","30.56"
"DeSoto","0","24","Florida","4/25/20","23","1","12027","4.35"
"Dixie","0","6","Florida","4/25/20","3","3","12029","100"
"Duval","19","965","Florida","4/25/20","835","130","12031","15.57"
"Escambia","20","442","Florida","4/25/20","304","138","12033","45.39"
"Flagler","7","116","Florida","4/25/20","66","50","12035","75.76"
"Franklin","0","2","Florida","4/25/20","2","0","12037","0"
"Gadsden","5","80","Florida","4/25/20","48","32","12039","66.67"
"Gilchrist","0","4","Florida","4/25/20","4","0","12041","0"
"Glades","0","5","Florida","4/25/20","5","0","12043","0"
"Gulf","0","1","Florida","4/25/20","1","0","12045","0"
"Hamilton","0","6","Florida","4/25/20","3","3","12047","100"
"Hardee","1","10","Florida","4/25/20","4","6","12049","150"
"Hendry","4","64","Florida","4/25/20","39","25","12051","64.1"
"Hernando","1","89","Florida","4/25/20","84","5","12053","5.95"
"Highlands","1","76","Florida","4/25/20","66","10","12055","15.15"
"Hillsborough","14","1041","Florida","4/25/20","943","98","12057","10.39"
"Holmes","1","9","Florida","4/25/20","5","4","12059","80"
"Indian River","1","89","Florida","4/25/20","83","6","12061","7.23"
"Jackson","1","13","Florida","4/25/20","8","5","12063","62.5"
"Jefferson","0","27","Florida","4/25/20","24","3","12065","12.5"
"Lafayette","0","1","Florida","4/25/20","1","0","12067","0"
"Lake","3","221","Florida","4/25/20","203","18","12069","8.87"
"Lee","29","944","Florida","4/25/20","739","205","12071","27.74"
"Leon","6","208","Florida","4/25/20","169","39","12073","23.08"
"Levy","0","13","Florida","4/25/20","11","2","12075","18.18"
"Liberty","0","2","Florida","4/25/20","2","0","12077","0"
"Madison","3","41","Florida","4/25/20","20","21","12079","105"
"Manatee","19","497","Florida","4/25/20","362","135","12081","37.29"
"Marion","5","150","Florida","4/25/20","118","32","12083","27.12"
"Martin","3","169","Florida","4/25/20","148","21","12085","14.19"
"Miami-Dade","280","11005","Florida","4/25/20","9045","1960","12086","21.67"
"Monroe","1","77","Florida","4/25/20","73","4","12087","5.48"
"Nassau","1","50","Florida","4/25/20","42","8","12089","19.05"
"Okaloosa","3","149","Florida","4/25/20","127","22","12091","17.32"
"Okeechobee","0","9","Florida","4/25/20","6","3","12093","50"
"Orange","18","1304","Florida","4/25/20","1180","124","12095","10.51"
"Osceola","9","463","Florida","4/25/20","403","60","12097","14.89"
"Palm Beach","68","2614","Florida","4/25/20","2138","476","12099","22.26"
"Pasco","5","233","Florida","4/25/20","198","35","12101","17.68"
"Pinellas","13","677","Florida","4/25/20","587","90","12103","15.33"
"Polk","11","400","Florida","4/25/20","320","80","12105","25"
"Putnam","4","83","Florida","4/25/20","55","28","12107","50.91"
"Santa Rosa","2","147","Florida","4/25/20","133","14","12113","10.53"
"Sarasota","6","318","Florida","4/25/20","279","39","12115","13.98"
"Seminole","5","351","Florida","4/25/20","315","36","12117","11.43"
"St. Johns","2","203","Florida","4/25/20","188","15","12109","7.98"
"St. Lucie","4","225","Florida","4/25/20","196","29","12111","14.8"
"Sumter","4","169","Florida","4/25/20","144","25","12119","17.36"
"Suwannee","3","109","Florida","4/25/20","90","19","12121","21.11"
"Taylor","0","3","Florida","4/25/20","1","2","12123","200"
"Union","0","4","Florida","4/25/20","2","2","12125","100"
"Volusia","20","432","Florida","4/25/20","291","141","12127","48.45"
"Wakulla","1","20","Florida","4/25/20","14","6","12129","42.86"
"Walton","0","35","Florida","4/25/20","32","3","12131","9.38"
"Washington","1","12","Florida","4/25/20","5","7","12133","140"
"Appling","5","54","Georgia","4/25/20","18","36","13001","200"
"Atkinson","0","7","Georgia","4/25/20","5","2","13003","40"
"Bacon","1","21","Georgia","4/25/20","17","4","13005","23.53"
"Baker","0","19","Georgia","4/25/20","16","3","13007","18.75"
"Baldwin","10","180","Georgia","4/25/20","108","72","13009","66.67"
"Banks","1","18","Georgia","4/25/20","13","5","13011","38.46"
"Barrow","3","111","Georgia","4/25/20","87","24","13013","27.59"
"Bartow","5","283","Georgia","4/25/20","246","37","13015","15.04"
"Ben Hill","1","23","Georgia","4/25/20","13","10","13017","76.92"
"Berrien","1","16","Georgia","4/25/20","10","6","13019","60"
"Bibb","8","247","Georgia","4/25/20","192","55","13021","28.65"
"Bleckley","0","9","Georgia","4/25/20","6","3","13023","50"
"Brantley","0","21","Georgia","4/25/20","18","3","13025","16.67"
"Brooks","2","39","Georgia","4/25/20","23","16","13027","69.57"
"Bryan","2","47","Georgia","4/25/20","31","16","13029","51.61"
"Bulloch","1","34","Georgia","4/25/20","26","8","13031","30.77"
"Burke","4","71","Georgia","4/25/20","41","30","13033","73.17"
"Butts","12","125","Georgia","4/25/20","41","84","13035","204.88"
"Calhoun","4","86","Georgia","4/25/20","57","29","13037","50.88"
"Camden","0","28","Georgia","4/25/20","27","1","13039","3.7"
"Candler","0","7","Georgia","4/25/20","5","2","13043","40"
"Carroll","8","325","Georgia","4/25/20","270","55","13045","20.37"
"Catoosa","4","46","Georgia","4/25/20","19","27","13047","142.11"
"Charlton","0","7","Georgia","4/25/20","5","2","13049","40"
"Chatham","4","206","Georgia","4/25/20","177","29","13051","16.38"
"Chattahoochee","0","8","Georgia","4/25/20","6","2","13053","33.33"
"Chattooga","1","13","Georgia","4/25/20","9","4","13055","44.44"
"Cherokee","14","371","Georgia","4/25/20","276","95","13057","34.42"
"Clarke","3","127","Georgia","4/25/20","106","21","13059","19.81"
"Clay","0","20","Georgia","4/25/20","20","0","13061","0"
"Clayton","20","642","Georgia","4/25/20","505","137","13063","27.13"
"Clinch","0","7","Georgia","4/25/20","7","0","13065","0"
"Cobb","42","1395","Georgia","4/25/20","1100","295","13067","26.82"
"Coffee","4","103","Georgia","4/25/20","75","28","13069","37.33"
"Colquitt","7","166","Georgia","4/25/20","119","47","13071","39.5"
"Columbia","6","138","Georgia","4/25/20","97","41","13073","42.27"
"Cook","1","16","Georgia","4/25/20","12","4","13075","33.33"
"Coweta","4","187","Georgia","4/25/20","156","31","13077","19.87"
"Crawford","0","14","Georgia","4/25/20","13","1","13079","7.69"
"Crisp","5","151","Georgia","4/25/20","114","37","13081","32.46"
"Dade","1","16","Georgia","4/25/20","8","8","13083","100"
"Dawson","1","51","Georgia","4/25/20","42","9","13085","21.43"
"Decatur","1","60","Georgia","4/25/20","55","5","13087","9.09"
"DeKalb","56","1788","Georgia","4/25/20","1396","392","13089","28.08"
"Dodge","1","23","Georgia","4/25/20","19","4","13091","21.05"
"Dooly","6","108","Georgia","4/25/20","69","39","13093","56.52"
"Dougherty","9","1470","Georgia","4/25/20","1406","64","13095","4.55"
"Douglas","7","276","Georgia","4/25/20","226","50","13097","22.12"
"Early","4","194","Georgia","4/25/20","165","29","13099","17.58"
"Echols","0","5","Georgia","4/25/20","4","1","13101","25"
"Effingham","1","34","Georgia","4/25/20","25","9","13103","36"
"Elbert","1","16","Georgia","4/25/20","7","9","13105","128.57"
"Emanuel","1","19","Georgia","4/25/20","12","7","13107","58.33"
"Evans","0","4","Georgia","4/25/20","2","2","13109","100"
"Fannin","1","21","Georgia","4/25/20","15","6","13111","40"
"Fayette","4","161","Georgia","4/25/20","135","26","13113","19.26"
"Floyd","2","133","Georgia","4/25/20","121","12","13115","9.92"
"Forsyth","9","249","Georgia","4/25/20","188","61","13117","32.45"
"Franklin","1","17","Georgia","4/25/20","10","7","13119","70"
"Fulton","70","2543","Georgia","4/25/20","2054","489","13121","23.81"
"Gilmer","4","36","Georgia","4/25/20","10","26","13123","260"
"Glynn","0","51","Georgia","4/25/20","48","3","13127","6.25"
"Gordon","3","81","Georgia","4/25/20","57","24","13129","42.11"
"Grady","3","48","Georgia","4/25/20","27","21","13131","77.78"
"Greene","2","53","Georgia","4/25/20","42","11","13133","26.19"
"Gwinnett","59","1460","Georgia","4/25/20","1050","410","13135","39.05"
"Habersham","14","170","Georgia","4/25/20","72","98","13137","136.11"
"Hall","61","1032","Georgia","4/25/20","607","425","13139","70.02"
"Hancock","2","17","Georgia","4/25/20","6","11","13141","183.33"
"Haralson","1","26","Georgia","4/25/20","20","6","13143","30"
"Harris","3","55","Georgia","4/25/20","37","18","13145","48.65"
"Hart","0","6","Georgia","4/25/20","5","1","13147","20"
"Heard","0","9","Georgia","4/25/20","7","2","13149","28.57"
"Henry","12","436","Georgia","4/25/20","353","83","13151","23.51"
"Houston","6","206","Georgia","4/25/20","164","42","13153","25.61"
"Irwin","0","15","Georgia","4/25/20","15","0","13155","0"
"Jackson","4","75","Georgia","4/25/20","47","28","13157","59.57"
"Jasper","1","20","Georgia","4/25/20","14","6","13159","42.86"
"Jeff Davis","1","11","Georgia","4/25/20","5","6","13161","120"
"Jefferson","0","13","Georgia","4/25/20","11","2","13163","18.18"
"Jenkins","1","16","Georgia","4/25/20","12","4","13165","33.33"
"Johnson","0","36","Georgia","4/25/20","33","3","13167","9.09"
"Jones","1","26","Georgia","4/25/20","16","10","13169","62.5"
"Lamar","1","33","Georgia","4/25/20","24","9","13171","37.5"
"Lanier","0","8","Georgia","4/25/20","6","2","13173","33.33"
"Laurens","2","52","Georgia","4/25/20","41","11","13175","26.83"
"Lee","4","299","Georgia","4/25/20","272","27","13177","9.93"
"Liberty","0","35","Georgia","4/25/20","32","3","13179","9.38"
"Lincoln","0","10","Georgia","4/25/20","9","1","13181","11.11"
"Long","0","3","Georgia","4/25/20","2","1","13183","50"
"Lowndes","6","131","Georgia","4/25/20","87","44","13185","50.57"
"Lumpkin","1","29","Georgia","4/25/20","22","7","13187","31.82"
"Macon","3","68","Georgia","4/25/20","47","21","13193","44.68"
"Madison","1","23","Georgia","4/25/20","14","9","13195","64.29"
"Marion","2","38","Georgia","4/25/20","26","12","13197","46.15"
"McDuffie","1","43","Georgia","4/25/20","37","6","13189","16.22"
"McIntosh","0","4","Georgia","4/25/20","4","0","13191","0"
"Meriwether","1","49","Georgia","4/25/20","40","9","13199","22.5"
"Miller","1","28","Georgia","4/25/20","20","8","13201","40"
"Mitchell","11","288","Georgia","4/25/20","212","76","13205","35.85"
"Monroe","1","19","Georgia","4/25/20","15","4","13207","26.67"
"Montgomery","0","2","Georgia","4/25/20","2","0","13209","0"
"Morgan","1","25","Georgia","4/25/20","21","4","13211","19.05"
"Murray","1","24","Georgia","4/25/20","18","6","13213","33.33"
"Muscogee","8","270","Georgia","4/25/20","211","59","13215","27.96"
"Newton","6","166","Georgia","4/25/20","121","45","13217","37.19"
"Oconee","1","55","Georgia","4/25/20","48","7","13219","14.58"
"Oglethorpe","2","48","Georgia","4/25/20","32","16","13221","50"
"Out of GA","25","991","Georgia","4/25/20","815","176","80013","21.6"
"Paulding","4","159","Georgia","4/25/20","132","27","13223","20.45"
"Peach","1","37","Georgia","4/25/20","32","5","13225","15.62"
"Pickens","1","20","Georgia","4/25/20","16","4","13227","25"
"Pierce","0","52","Georgia","4/25/20","51","1","13229","1.96"
"Pike","1","39","Georgia","4/25/20","30","9","13231","30"
"Polk","2","45","Georgia","4/25/20","29","16","13233","55.17"
"Pulaski","1","20","Georgia","4/25/20","16","4","13235","25"
"Putnam","2","31","Georgia","4/25/20","18","13","13237","72.22"
"Quitman","0","3","Georgia","4/25/20","3","0","13239","0"
"Rabun","0","9","Georgia","4/25/20","7","2","13241","28.57"
"Randolph","2","153","Georgia","4/25/20","141","12","13243","8.51"
"Richmond","14","355","Georgia","4/25/20","258","97","13245","37.6"
"Rockdale","6","162","Georgia","4/25/20","119","43","13247","36.13"
"Schley","0","16","Georgia","4/25/20","15","1","13249","6.67"
"Screven","0","14","Georgia","4/25/20","11","3","13251","27.27"
"Seminole","1","27","Georgia","4/25/20","20","7","13253","35"
"Spalding","9","189","Georgia","4/25/20","126","63","13255","50"
"Stephens","4","56","Georgia","4/25/20","30","26","13257","86.67"
"Stewart","0","17","Georgia","4/25/20","15","2","13259","13.33"
"Sumter","6","350","Georgia","4/25/20","311","39","13261","12.54"
"Talbot","1","21","Georgia","4/25/20","16","5","13263","31.25"
"Tattnall","0","6","Georgia","4/25/20","5","1","13267","20"
"Taylor","1","16","Georgia","4/25/20","10","6","13269","60"
"Telfair","2","26","Georgia","4/25/20","14","12","13271","85.71"
"Terrell","3","165","Georgia","4/25/20","145","20","13273","13.79"
"Thomas","6","157","Georgia","4/25/20","115","42","13275","36.52"
"Tift","3","100","Georgia","4/25/20","82","18","13277","21.95"
"Toombs","1","27","Georgia","4/25/20","20","7","13279","35"
"Towns","1","20","Georgia","4/25/20","10","10","13281","100"
"Treutlen","0","2","Georgia","4/25/20","1","1","13283","100"
"Troup","6","122","Georgia","4/25/20","82","40","13285","48.78"
"Turner","2","62","Georgia","4/25/20","51","11","13287","21.57"
"Twiggs","1","8","Georgia","4/25/20","4","4","13289","100"
"Union","3","28","Georgia","4/25/20","10","18","13291","180"
"Upson","4","196","Georgia","4/25/20","170","26","13293","15.29"
"Walker","7","59","Georgia","4/25/20","13","46","13295","353.85"
"Walton","6","97","Georgia","4/25/20","58","39","13297","67.24"
"Ware","4","105","Georgia","4/25/20","80","25","13299","31.25"
"Warren","0","12","Georgia","4/25/20","10","2","13301","20"
"Washington","1","34","Georgia","4/25/20","24","10","13303","41.67"
"Wayne","1","11","Georgia","4/25/20","7","4","13305","57.14"
"Webster","0","7","Georgia","4/25/20","5","2","13307","40"
"Wheeler","0","3","Georgia","4/25/20","3","0","13309","0"
"White","3","38","Georgia","4/25/20","20","18","13311","90"
"Whitfield","3","63","Georgia","4/25/20","43","20","13313","46.51"
"Wilcox","4","68","Georgia","4/25/20","40","28","13315","70"
"Wilkes","2","22","Georgia","4/25/20","11","11","13317","100"
"Wilkinson","1","30","Georgia","4/25/20","20","10","13319","50"
"Worth","3","140","Georgia","4/25/20","119","21","13321","17.65"
"","0","103","Grand Princess","4/25/20","103","0",,"0"
"","1","141","Guam","4/25/20","136","5",,"3.68"
"Hawaii","1","69","Hawaii","4/25/20","61","8","15001","13.11"
"Honolulu","2","395","Hawaii","4/25/20","382","13","15003","3.4"
"Kauai","0","21","Hawaii","4/25/20","21","0","15007","0"
"Maui","1","113","Hawaii","4/25/20","104","9","15009","8.65"
"Out of HI","0","7","Hawaii","4/25/20","6","1","80015","16.67"
"Ada","8","650","Idaho","4/25/20","593","57","16001","9.61"
"Adams","0","3","Idaho","4/25/20","1","2","16003","200"
"Bannock","0","8","Idaho","4/25/20","8","0","16005","0"
"Bingham","0","3","Idaho","4/25/20","3","0","16011","0"
"Blaine","2","490","Idaho","4/25/20","475","15","16013","3.16"
"Bonner","0","4","Idaho","4/25/20","4","0","16017","0"
"Bonneville","1","28","Idaho","4/25/20","24","4","16019","16.67"
"Camas","0","1","Idaho","4/25/20","1","0","16025","0"
"Canyon","6","231","Idaho","4/25/20","187","44","16027","23.53"
"Caribou","0","1","Idaho","4/25/20","1","0","16029","0"
"Cassia","0","12","Idaho","4/25/20","10","2","16031","20"
"Custer","0","2","Idaho","4/25/20","2","0","16037","0"
"Elmore","1","29","Idaho","4/25/20","21","8","16039","38.1"
"Fremont","0","2","Idaho","4/25/20","2","0","16043","0"
"Gem","0","12","Idaho","4/25/20","10","2","16045","20"
"Gooding","0","9","Idaho","4/25/20","7","2","16047","28.57"
"Idaho","0","3","Idaho","4/25/20","3","0","16049","0"
"Jefferson","0","5","Idaho","4/25/20","5","0","16051","0"
"Jerome","0","46","Idaho","4/25/20","44","2","16053","4.55"
"Kootenai","1","59","Idaho","4/25/20","50","9","16055","18"
"Latah","0","4","Idaho","4/25/20","3","1","16057","33.33"
"Lemhi","0","1","Idaho","4/25/20","0","1","16059","1"
"Lincoln","1","22","Idaho","4/25/20","16","6","16063","37.5"
"Madison","0","8","Idaho","4/25/20","8","0","16065","0"
"Minidoka","0","10","Idaho","4/25/20","10","0","16067","0"
"Nez Perce","4","58","Idaho","4/25/20","30","28","16069","93.33"
"Owyhee","1","8","Idaho","4/25/20","4","4","16073","100"
"Payette","0","13","Idaho","4/25/20","10","3","16075","30"
"Power","0","2","Idaho","4/25/20","2","0","16077","0"
"Teton","0","8","Idaho","4/25/20","8","0","16081","0"
"Twin Falls","6","152","Idaho","4/25/20","110","42","16083","38.18"
"Valley","0","2","Idaho","4/25/20","2","0","16085","0"
"Washington","0","1","Idaho","4/25/20","1","0","16087","0"
"Adams","0","32","Illinois","4/25/20","31","1","17001","3.23"
"Alexander","0","2","Illinois","4/25/20","1","1","17003","100"
"Bond","0","5","Illinois","4/25/20","4","1","17005","25"
"Boone","6","71","Illinois","4/25/20","29","42","17007","144.83"
"Bureau","0","9","Illinois","4/25/20","8","1","17011","12.5"
"Calhoun","0","1","Illinois","4/25/20","1","0","17013","0"
"Carroll","0","9","Illinois","4/25/20","6","3","17015","50"
"Cass","3","21","Illinois","4/25/20","0","21","17017","1"
"Champaign","1","102","Illinois","4/25/20","93","9","17019","9.68"
"Christian","0","28","Illinois","4/25/20","25","3","17021","12"
"Clark","0","4","Illinois","4/25/20","4","0","17023","0"
"Clay","0","2","Illinois","4/25/20","1","1","17025","100"
"Clinton","5","82","Illinois","4/25/20","44","38","17027","86.36"
"Coles","1","22","Illinois","4/25/20","14","8","17029","57.14"
"Cook","1238","29058","Illinois","4/25/20","20395","8663","17031","42.48"
"Crawford","1","10","Illinois","4/25/20","5","5","17033","100"
"Cumberland","0","3","Illinois","4/25/20","2","1","17035","50"
"De Witt","0","1","Illinois","4/25/20","1","0","17039","0"
"DeKalb","2","71","Illinois","4/25/20","54","17","17037","31.48"
"Douglas","0","12","Illinois","4/25/20","12","0","17041","0"
"DuPage","96","2311","Illinois","4/25/20","1642","669","17043","40.74"
"Effingham","0","5","Illinois","4/25/20","4","1","17049","25"
"Fayette","0","16","Illinois","4/25/20","13","3","17051","23.08"
"Ford","0","8","Illinois","4/25/20","5","3","17053","60"
"Franklin","0","8","Illinois","4/25/20","5","3","17055","60"
"Fulton","0","2","Illinois","4/25/20","1","1","17057","100"
"Gallatin","0","2","Illinois","4/25/20","2","0","17059","0"
"Greene","0","2","Illinois","4/25/20","1","1","17061","100"
"Grundy","0","28","Illinois","4/25/20","26","2","17063","7.69"
"Hamilton","0","2","Illinois","4/25/20","1","1","17065","100"
"Hancock","0","4","Illinois","4/25/20","3","1","17067","33.33"
"Hardin","0","1","Illinois","4/25/20","0","1","17069","1"
"Henderson","0","4","Illinois","4/25/20","2","2","17071","100"
"Henry","1","36","Illinois","4/25/20","30","6","17073","20"
"Iroquois","1","16","Illinois","4/25/20","12","4","17075","33.33"
"Jackson","2","56","Illinois","4/25/20","42","14","17077","33.33"
"Jasper","5","42","Illinois","4/25/20","7","35","17079","500"
"Jefferson","10","80","Illinois","4/25/20","12","68","17081","566.67"
"Jersey","1","12","Illinois","4/25/20","8","4","17083","50"
"Jo Daviess","0","11","Illinois","4/25/20","12","-1","17085","-8.33"
"Johnson","0","3","Illinois","4/25/20","2","1","17087","50"
"Kane","67","1049","Illinois","4/25/20","582","467","17089","80.24"
"Kankakee","4","299","Illinois","4/25/20","272","27","17091","9.93"
"Kendall","10","203","Illinois","4/25/20","135","68","17093","50.37"
"Knox","4","31","Illinois","4/25/20","5","26","17095","520"
"Lake","115","2879","Illinois","4/25/20","2073","806","17097","38.88"
"LaSalle","2","43","Illinois","4/25/20","27","16","17099","59.26"
"Lawrence","0","3","Illinois","4/25/20","2","1","17101","50"
"Lee","0","19","Illinois","4/25/20","17","2","17103","11.76"
"Livingston","0","20","Illinois","4/25/20","17","3","17105","17.65"
"Logan","0","4","Illinois","4/25/20","4","0","17107","0"
"Macon","6","100","Illinois","4/25/20","55","45","17115","81.82"
"Macoupin","1","28","Illinois","4/25/20","21","7","17117","33.33"
"Madison","16","280","Illinois","4/25/20","169","111","17119","65.68"
"Marion","1","26","Illinois","4/25/20","19","7","17121","36.84"
"Marshall","0","4","Illinois","4/25/20","3","1","17123","33.33"
"Mason","0","6","Illinois","4/25/20","4","2","17125","50"
"Massac","0","3","Illinois","4/25/20","3","0","17127","0"
"McDonough","0","5","Illinois","4/25/20","3","2","17109","66.67"
"McHenry","23","502","Illinois","4/25/20","340","162","17111","47.65"
"McLean","1","88","Illinois","4/25/20","83","5","17113","6.02"
"Menard","0","4","Illinois","4/25/20","3","1","17129","33.33"
"Mercer","0","7","Illinois","4/25/20","5","2","17131","40"
"Monroe","2","63","Illinois","4/25/20","52","11","17133","21.15"
"Montgomery","1","23","Illinois","4/25/20","13","10","17135","76.92"
"Morgan","0","15","Illinois","4/25/20","12","3","17137","25"
"Moultrie","0","4","Illinois","4/25/20","2","2","17139","100"
"Ogle","5","85","Illinois","4/25/20","48","37","17141","77.08"
"Peoria","3","60","Illinois","4/25/20","37","23","17143","62.16"
"Perry","1","7","Illinois","4/25/20","1","6","17145","600"
"Piatt","0","7","Illinois","4/25/20","7","0","17147","0"
"Pike","0","1","Illinois","4/25/20","1","0","17149","0"
"Pulaski","1","15","Illinois","4/25/20","9","6","17153","66.67"
"Randolph","4","79","Illinois","4/25/20","54","25","17157","46.3"
"Richland","0","3","Illinois","4/25/20","2","1","17159","50"
"Rock Island","15","293","Illinois","4/25/20","187","106","17161","56.68"
"Saline","0","3","Illinois","4/25/20","3","0","17165","0"
"Sangamon","5","95","Illinois","4/25/20","61","34","17167","55.74"
"Schuyler","0","1","Illinois","4/25/20","1","0","17169","0"
"Shelby","1","9","Illinois","4/25/20","4","5","17173","125"
"St. Clair","14","363","Illinois","4/25/20","265","98","17163","36.98"
"Stark","0","1","Illinois","4/25/20","1","0","17175","0"
"Stephenson","1","16","Illinois","4/25/20","12","4","17177","33.33"
"Tazewell","-1","36","Illinois","4/25/20","41","-5","17179","-12.2"
"Union","0","7","Illinois","4/25/20","5","2","17181","40"
"Vermilion","0","11","Illinois","4/25/20","9","2","17183","22.22"
"Wabash","0","1","Illinois","4/25/20","1","0","17185","0"
"Warren","6","44","Illinois","4/25/20","4","40","17187","1000"
"Washington","0","7","Illinois","4/25/20","6","1","17189","16.67"
"Wayne","0","2","Illinois","4/25/20","1","1","17191","100"
"White","0","1","Illinois","4/25/20","0","1","17193","1"
"Whiteside","3","59","Illinois","4/25/20","36","23","17195","63.89"
"Will","65","2060","Illinois","4/25/20","1603","457","17197","28.51"
"Williamson","1","22","Illinois","4/25/20","13","9","17199","69.23"
"Winnebago","19","302","Illinois","4/25/20","172","130","17201","75.58"
"Woodford","0","11","Illinois","4/25/20","11","0","17203","0"
"Adams","0","7","Indiana","4/25/20","7","0","18001","0"
"Allen","19","427","Indiana","4/25/20","293","134","18003","45.73"
"Bartholomew","10","198","Indiana","4/25/20","131","67","18005","51.15"
"Benton","0","6","Indiana","4/25/20","4","2","18007","50"
"Blackford","0","7","Indiana","4/25/20","6","1","18009","16.67"
"Boone","4","182","Indiana","4/25/20","151","31","18011","20.53"
"Brown","0","15","Indiana","4/25/20","14","1","18013","7.14"
"Carroll","0","9","Indiana","4/25/20","6","3","18015","50"
"Cass","38","315","Indiana","4/25/20","52","263","18017","505.77"
"Clark","9","223","Indiana","4/25/20","160","63","18019","39.38"
"Clay","1","19","Indiana","4/25/20","15","4","18021","26.67"
"Clinton","2","30","Indiana","4/25/20","16","14","18023","87.5"
"Crawford","1","16","Indiana","4/25/20","12","4","18025","33.33"
"Daviess","2","43","Indiana","4/25/20","29","14","18027","48.28"
"Dearborn","3","84","Indiana","4/25/20","65","19","18029","29.23"
"Decatur","4","194","Indiana","4/25/20","166","28","18031","16.87"
"DeKalb","0","15","Indiana","4/25/20","13","2","18033","15.38"
"Delaware","7","144","Indiana","4/25/20","92","52","18035","56.52"
"Dubois","0","17","Indiana","4/25/20","14","3","18037","21.43"
"Elkhart","13","238","Indiana","4/25/20","148","90","18039","60.81"
"Fayette","1","25","Indiana","4/25/20","21","4","18041","19.05"
"Floyd","4","163","Indiana","4/25/20","137","26","18043","18.98"
"Fountain","1","9","Indiana","4/25/20","5","4","18045","80"
"Franklin","1","94","Indiana","4/25/20","89","5","18047","5.62"
"Fulton","1","10","Indiana","4/25/20","5","5","18049","100"
"Gibson","0","6","Indiana","4/25/20","5","1","18051","20"
"Grant","8","113","Indiana","4/25/20","55","58","18053","105.45"
"Greene","1","46","Indiana","4/25/20","42","4","18055","9.52"
"Hamilton","19","699","Indiana","4/25/20","563","136","18057","24.16"
"Hancock","6","177","Indiana","4/25/20","135","42","18059","31.11"
"Harrison","4","115","Indiana","4/25/20","85","30","18061","35.29"
"Hendricks","25","611","Indiana","4/25/20","435","176","18063","40.46"
"Henry","0","32","Indiana","4/25/20","29","3","18065","10.34"
"Howard","2","83","Indiana","4/25/20","68","15","18067","22.06"
"Huntington","0","6","Indiana","4/25/20","6","0","18069","0"
"Jackson","3","108","Indiana","4/25/20","84","24","18071","28.57"
"Jasper","2","34","Indiana","4/25/20","21","13","18073","61.9"
"Jay","0","11","Indiana","4/25/20","8","3","18075","37.5"
"Jefferson","1","22","Indiana","4/25/20","18","4","18077","22.22"
"Jennings","1","71","Indiana","4/25/20","63","8","18079","12.7"
"Johnson","20","530","Indiana","4/25/20","393","137","18081","34.86"
"Knox","0","20","Indiana","4/25/20","17","3","18083","17.65"
"Kosciusko","1","27","Indiana","4/25/20","22","5","18085","22.73"
"LaGrange","1","21","Indiana","4/25/20","15","6","18087","40"
"Lake","60","1515","Indiana","4/25/20","1095","420","18089","38.36"
"LaPorte","3","156","Indiana","4/25/20","134","22","18091","16.42"
"Lawrence","2","92","Indiana","4/25/20","77","15","18093","19.48"
"Madison","10","395","Indiana","4/25/20","323","72","18095","22.29"
"Marion","158","4727","Indiana","4/25/20","3624","1103","18097","30.44"
"Marshall","1","26","Indiana","4/25/20","22","4","18099","18.18"
"Martin","0","7","Indiana","4/25/20","5","2","18101","40"
"Miami","3","42","Indiana","4/25/20","21","21","18103","100"
"Monroe","1","120","Indiana","4/25/20","113","7","18105","6.19"
"Montgomery","1","30","Indiana","4/25/20","25","5","18107","20"
"Morgan","3","133","Indiana","4/25/20","111","22","18109","19.82"
"Newton","2","44","Indiana","4/25/20","31","13","18111","41.94"
"Noble","2","51","Indiana","4/25/20","34","17","18113","50"
"Ohio","0","3","Indiana","4/25/20","1","2","18115","200"
"Orange","5","57","Indiana","4/25/20","25","32","18117","128"
"Owen","0","22","Indiana","4/25/20","21","1","18119","4.76"
"Parke","1","12","Indiana","4/25/20","7","5","18121","71.43"
"Perry","0","6","Indiana","4/25/20","5","1","18123","20"
"Pike","0","1","Indiana","4/25/20","1","0","18125","0"
"Porter","6","210","Indiana","4/25/20","168","42","18127","25"
"Posey","0","9","Indiana","4/25/20","6","3","18129","50"
"Pulaski","1","9","Indiana","4/25/20","1","8","18131","800"
"Putnam","1","58","Indiana","4/25/20","50","8","18133","16"
"Randolph","0","14","Indiana","4/25/20","12","2","18135","16.67"
"Ripley","1","89","Indiana","4/25/20","80","9","18137","11.25"
"Rush","1","28","Indiana","4/25/20","19","9","18139","47.37"
"Scott","2","36","Indiana","4/25/20","22","14","18143","63.64"
"Shelby","11","176","Indiana","4/25/20","99","77","18145","77.78"
"Spencer","0","5","Indiana","4/25/20","4","1","18147","25"
"St. Joseph","24","553","Indiana","4/25/20","388","165","18141","42.53"
"Starke","0","13","Indiana","4/25/20","11","2","18149","18.18"
"Steuben","1","21","Indiana","4/25/20","17","4","18151","23.53"
"Sullivan","1","12","Indiana","4/25/20","7","5","18153","71.43"
"Switzerland","0","14","Indiana","4/25/20","13","1","18155","7.69"
"Tippecanoe","2","71","Indiana","4/25/20","55","16","18157","29.09"
"Tipton","1","17","Indiana","4/25/20","10","7","18159","70"
"Union","0","7","Indiana","4/25/20","6","1","18161","16.67"
"Vanderburgh","5","113","Indiana","4/25/20","80","33","18163","41.25"
"Vermillion","0","7","Indiana","4/25/20","5","2","18165","40"
"Vigo","2","62","Indiana","4/25/20","51","11","18167","21.57"
"Wabash","0","12","Indiana","4/25/20","9","3","18169","33.33"
"Warren","1","11","Indiana","4/25/20","6","5","18171","83.33"
"Warrick","4","80","Indiana","4/25/20","55","25","18173","45.45"
"Washington","2","40","Indiana","4/25/20","28","12","18175","42.86"
"Wayne","1","31","Indiana","4/25/20","23","8","18177","34.78"
"Wells","0","6","Indiana","4/25/20","5","1","18179","20"
"White","2","18","Indiana","4/25/20","6","12","18181","200"
"Whitley","0","16","Indiana","4/25/20","15","1","18183","6.67"
"Adair","0","1","Iowa","4/25/20","1","0","19001","0"
"Allamakee","3","56","Iowa","4/25/20","34","22","19005","64.71"
"Appanoose","0","2","Iowa","4/25/20","2","0","19007","0"
"Audubon","0","1","Iowa","4/25/20","1","0","19009","0"
"Benton","1","26","Iowa","4/25/20","21","5","19011","23.81"
"Black Hawk","75","691","Iowa","4/25/20","166","525","19013","316.27"
"Boone","0","6","Iowa","4/25/20","4","2","19015","50"
"Bremer","2","38","Iowa","4/25/20","26","12","19017","46.15"
"Buchanan","1","12","Iowa","4/25/20","8","4","19019","50"
"Buena Vista","0","3","Iowa","4/25/20","2","1","19021","50"
"Butler","0","4","Iowa","4/25/20","1","3","19023","300"
"Carroll","0","1","Iowa","4/25/20","1","0","19027","0"
"Cass","0","1","Iowa","4/25/20","1","0","19029","0"
"Cedar","0","28","Iowa","4/25/20","25","3","19031","12"
"Cerro Gordo","0","14","Iowa","4/25/20","14","0","19033","0"
"Cherokee","0","2","Iowa","4/25/20","0","2","19035","1"
"Chickasaw","0","4","Iowa","4/25/20","2","2","19037","100"
"Clarke","0","2","Iowa","4/25/20","3","-1","19039","-33.33"
"Clay","0","3","Iowa","4/25/20","2","1","19041","50"
"Clayton","1","11","Iowa","4/25/20","7","4","19043","57.14"
"Clinton","1","47","Iowa","4/25/20","40","7","19045","17.5"
"Crawford","1","10","Iowa","4/25/20","6","4","19047","66.67"
"Dallas","12","130","Iowa","4/25/20","45","85","19049","188.89"
"Delaware","0","4","Iowa","4/25/20","2","2","19055","100"
"Des Moines","1","16","Iowa","4/25/20","8","8","19057","100"
"Dickinson","1","5","Iowa","4/25/20","1","4","19059","400"
"Dubuque","4","70","Iowa","4/25/20","43","27","19061","62.79"
"Fayette","1","12","Iowa","4/25/20","6","6","19065","100"
"Franklin","0","2","Iowa","4/25/20","1","1","19069","100"
"Greene","0","1","Iowa","4/25/20","1","0","19073","0"
"Grundy","1","8","Iowa","4/25/20","2","6","19075","300"
"Guthrie","0","6","Iowa","4/25/20","4","2","19077","50"
"Hamilton","1","7","Iowa","4/25/20","2","5","19079","250"
"Hancock","0","3","Iowa","4/25/20","3","0","19081","0"
"Hardin","0","5","Iowa","4/25/20","2","3","19083","150"
"Harrison","0","15","Iowa","4/25/20","12","3","19085","25"
"Henry","1","31","Iowa","4/25/20","27","4","19087","14.81"
"Howard","0","4","Iowa","4/25/20","4","0","19089","0"
"Humboldt","1","4","Iowa","4/25/20","0","4","19091","1"
"Iowa","1","16","Iowa","4/25/20","10","6","19095","60"
"Jackson","0","5","Iowa","4/25/20","4","1","19097","25"
"Jasper","6","78","Iowa","4/25/20","33","45","19099","136.36"
"Jefferson","0","6","Iowa","4/25/20","4","2","19101","50"
"Johnson","22","418","Iowa","4/25/20","265","153","19103","57.74"
"Jones","1","18","Iowa","4/25/20","14","4","19105","28.57"
"Keokuk","0","4","Iowa","4/25/20","4","0","19107","0"
"Kossuth","0","1","Iowa","4/25/20","1","0","19109","0"
"Lee","0","4","Iowa","4/25/20","3","1","19111","33.33"
"Linn","31","548","Iowa","4/25/20","332","216","19113","65.06"
"Louisa","12","261","Iowa","4/25/20","177","84","19115","47.46"
"Lyon","0","6","Iowa","4/25/20","5","1","19119","20"
"Madison","0","3","Iowa","4/25/20","3","0","19121","0"
"Mahaska","0","8","Iowa","4/25/20","7","1","19123","14.29"
"Marion","0","6","Iowa","4/25/20","4","2","19125","50"
"Marshall","37","345","Iowa","4/25/20","83","262","19127","315.66"
"Mills","0","2","Iowa","4/25/20","2","0","19129","0"
"Mitchell","0","2","Iowa","4/25/20","2","0","19131","0"
"Monona","0","7","Iowa","4/25/20","6","1","19133","16.67"
"Montgomery","0","1","Iowa","4/25/20","1","0","19137","0"
"Muscatine","17","295","Iowa","4/25/20","176","119","19139","67.61"
"O'Brien","0","4","Iowa","4/25/20","3","1","19141","33.33"
"Osceola","1","7","Iowa","4/25/20","3","4","19143","133.33"
"Page","0","5","Iowa","4/25/20","3","2","19145","66.67"
"Plymouth","0","11","Iowa","4/25/20","8","3","19149","37.5"
"Polk","52","660","Iowa","4/25/20","293","367","19153","125.26"
"Pottawattamie","0","20","Iowa","4/25/20","18","2","19155","11.11"
"Poweshiek","6","50","Iowa","4/25/20","8","42","19157","525"
"Scott","7","206","Iowa","4/25/20","159","47","19163","29.56"
"Shelby","0","9","Iowa","4/25/20","9","0","19165","0"
"Sioux","0","7","Iowa","4/25/20","7","0","19167","0"
"Story","1","22","Iowa","4/25/20","17","5","19169","29.41"
"Tama","20","261","Iowa","4/25/20","123","138","19171","112.2"
"Taylor","0","1","Iowa","4/25/20","1","0","19173","0"
"Union","0","1","Iowa","4/25/20","1","0","19175","0"
"Van Buren","0","8","Iowa","4/25/20","8","0","19177","0"
"Wapello","0","7","Iowa","4/25/20","7","0","19179","0"
"Warren","0","19","Iowa","4/25/20","18","1","19181","5.56"
"Washington","3","132","Iowa","4/25/20","113","19","19183","16.81"
"Webster","0","4","Iowa","4/25/20","3","1","19187","33.33"
"Winnebago","0","2","Iowa","4/25/20","2","0","19189","0"
"Winneshiek","1","12","Iowa","4/25/20","5","7","19191","140"
"Woodbury","40","316","Iowa","4/25/20","35","281","19193","802.86"
"Worth","0","1","Iowa","4/25/20","1","0","19195","0"
"Wright","0","2","Iowa","4/25/20","1","1","19197","100"
"Atchison","1","8","Kansas","4/25/20","4","4","20005","100"
"Barber","0","1","Kansas","4/25/20","1","0","20007","0"
"Barton","0","9","Kansas","4/25/20","6","3","20009","50"
"Bourbon","0","6","Kansas","4/25/20","7","-1","20011","-14.29"
"Butler","0","13","Kansas","4/25/20","12","1","20015","8.33"
"Chase","0","1","Kansas","4/25/20","1","0","20017","0"
"Chautauqua","0","3","Kansas","4/25/20","3","0","20019","0"
"Cherokee","0","7","Kansas","4/25/20","7","0","20021","0"
"Clark","0","1","Kansas","4/25/20","0","1","20025","1"
"Clay","0","4","Kansas","4/25/20","2","2","20027","100"
"Cloud","0","3","Kansas","4/25/20","3","0","20029","0"
"Coffey","0","48","Kansas","4/25/20","46","2","20031","4.35"
"Cowley","0","2","Kansas","4/25/20","1","1","20035","100"
"Crawford","0","6","Kansas","4/25/20","6","0","20037","0"
"Dickinson","0","1","Kansas","4/25/20","1","0","20041","0"
"Doniphan","0","3","Kansas","4/25/20","1","2","20043","200"
"Douglas","1","48","Kansas","4/25/20","43","5","20045","11.63"
"Edwards","0","1","Kansas","4/25/20","0","1","20047","1"
"Ellis","1","8","Kansas","4/25/20","4","4","20051","100"
"Finney","19","162","Kansas","4/25/20","31","131","20055","422.58"
"Ford","45","419","Kansas","4/25/20","107","312","20057","291.59"
"Franklin","0","12","Kansas","4/25/20","12","0","20059","0"
"Geary","0","10","Kansas","4/25/20","9","1","20061","11.11"
"Gove","0","1","Kansas","4/25/20","1","0","20063","0"
"Grant","0","1","Kansas","4/25/20","0","1","20067","1"
"Gray","0","2","Kansas","4/25/20","0","2","20069","1"
"Greenwood","0","3","Kansas","4/25/20","2","1","20073","50"
"Hamilton","0","2","Kansas","4/25/20","1","1","20075","100"
"Harvey","0","5","Kansas","4/25/20","5","0","20079","0"
"Haskell","1","7","Kansas","4/25/20","0","7","20081","1"
"Jackson","0","1","Kansas","4/25/20","1","0","20085","0"
"Jefferson","0","8","Kansas","4/25/20","5","3","20087","60"
"Jewell","0","4","Kansas","4/25/20","3","1","20089","33.33"
"Johnson","8","424","Kansas","4/25/20","369","55","20091","14.91"
"Kearny","2","11","Kansas","4/25/20","0","11","20093","1"
"Kiowa","0","1","Kansas","4/25/20","0","1","20097","1"
"Labette","0","21","Kansas","4/25/20","20","1","20099","5"
"Leavenworth","7","169","Kansas","4/25/20","123","46","20103","37.4"
"Linn","0","6","Kansas","4/25/20","6","0","20107","0"
"Lyon","17","176","Kansas","4/25/20","57","119","20111","208.77"
"Marion","0","5","Kansas","4/25/20","5","0","20115","0"
"McPherson","1","20","Kansas","4/25/20","15","5","20113","33.33"
"Meade","0","1","Kansas","4/25/20","0","1","20119","1"
"Miami","0","5","Kansas","4/25/20","4","1","20121","25"
"Mitchell","0","2","Kansas","4/25/20","2","0","20123","0"
"Montgomery","1","16","Kansas","4/25/20","12","4","20125","33.33"
"Morris","0","3","Kansas","4/25/20","2","1","20127","50"
"Morton","0","2","Kansas","4/25/20","2","0","20129","0"
"Neosho","0","2","Kansas","4/25/20","2","0","20133","0"
"Osage","0","5","Kansas","4/25/20","4","1","20139","25"
"Osborne","0","2","Kansas","4/25/20","2","0","20141","0"
"Ottawa","0","3","Kansas","4/25/20","3","0","20143","0"
"Phillips","0","1","Kansas","4/25/20","1","0","20147","0"
"Pottawatomie","0","9","Kansas","4/25/20","6","3","20149","50"
"Pratt","0","1","Kansas","4/25/20","1","0","20151","0"
"Reno","1","24","Kansas","4/25/20","14","10","20155","71.43"
"Republic","0","4","Kansas","4/25/20","4","0","20157","0"
"Rice","0","3","Kansas","4/25/20","0","3","20159","1"
"Riley","2","43","Kansas","4/25/20","27","16","20161","59.26"
"Rooks","0","5","Kansas","4/25/20","4","1","20163","25"
"Saline","1","19","Kansas","4/25/20","15","4","20169","26.67"
"Scott","0","1","Kansas","4/25/20","1","0","20171","0"
"Sedgwick","14","334","Kansas","4/25/20","238","96","20173","40.34"
"Seward","40","314","Kansas","4/25/20","35","279","20175","797.14"
"Shawnee","2","101","Kansas","4/25/20","90","11","20177","12.22"
"Sheridan","0","2","Kansas","4/25/20","0","2","20179","1"
"Sherman","0","3","Kansas","4/25/20","1","2","20181","200"
"Smith","0","2","Kansas","4/25/20","2","0","20183","0"
"Stafford","0","1","Kansas","4/25/20","1","0","20185","0"
"Stanton","0","4","Kansas","4/25/20","3","1","20187","33.33"
"Stevens","0","6","Kansas","4/25/20","3","3","20189","100"
"Sumner","0","3","Kansas","4/25/20","3","0","20191","0"
"Wabaunsee","1","10","Kansas","4/25/20","1","9","20197","900"
"Wilson","0","1","Kansas","4/25/20","1","0","20205","0"
"Woodson","0","5","Kansas","4/25/20","5","0","20207","0"
"Wyandotte","20","555","Kansas","4/25/20","412","143","20209","34.71"
"Adair","5","83","Kentucky","4/25/20","47","36","21001","76.6"
"Allen","0","7","Kentucky","4/25/20","4","3","21003","75"
"Anderson","0","7","Kentucky","4/25/20","7","0","21005","0"
"Ballard","0","5","Kentucky","4/25/20","3","2","21007","66.67"
"Barren","1","13","Kentucky","4/25/20","6","7","21009","116.67"
"Bath","0","4","Kentucky","4/25/20","3","1","21011","33.33"
"Boone","4","103","Kentucky","4/25/20","74","29","21015","39.19"
"Bourbon","0","7","Kentucky","4/25/20","7","0","21017","0"
"Boyd","1","33","Kentucky","4/25/20","29","4","21019","13.79"
"Boyle","1","17","Kentucky","4/25/20","13","4","21021","30.77"
"Bracken","0","7","Kentucky","4/25/20","7","0","21023","0"
"Breathitt","0","2","Kentucky","4/25/20","2","0","21025","0"
"Breckinridge","0","7","Kentucky","4/25/20","6","1","21027","16.67"
"Bullitt","2","43","Kentucky","4/25/20","31","12","21029","38.71"
"Butler","6","103","Kentucky","4/25/20","62","41","21031","66.13"
"Caldwell","0","13","Kentucky","4/25/20","11","2","21033","18.18"
"Calloway","1","29","Kentucky","4/25/20","21","8","21035","38.1"
"Campbell","3","73","Kentucky","4/25/20","55","18","21037","32.73"
"Carlisle","0","1","Kentucky","4/25/20","0","1","21039","1"
"Carroll","0","2","Kentucky","4/25/20","2","0","21041","0"
"Carter","0","4","Kentucky","4/25/20","4","0","21043","0"
"Casey","0","1","Kentucky","4/25/20","1","0","21045","0"
"Christian","1","85","Kentucky","4/25/20","79","6","21047","7.59"
"Clark","0","19","Kentucky","4/25/20","18","1","21049","5.56"
"Clay","0","1","Kentucky","4/25/20","0","1","21051","1"
"Clinton","0","2","Kentucky","4/25/20","2","0","21053","0"
"Crittenden","0","3","Kentucky","4/25/20","3","0","21055","0"
"Cumberland","0","4","Kentucky","4/25/20","2","2","21057","100"
"Daviess","5","147","Kentucky","4/25/20","109","38","21059","34.86"
"Edmonson","1","13","Kentucky","4/25/20","7","6","21061","85.71"
"Fayette","2","235","Kentucky","4/25/20","218","17","21067","7.8"
"Fleming","0","2","Kentucky","4/25/20","2","0","21069","0"
"Floyd","0","6","Kentucky","4/25/20","4","2","21071","50"
"Franklin","-1","15","Kentucky","4/25/20","21","-6","21073","-28.57"
"Fulton","0","1","Kentucky","4/25/20","0","1","21075","1"
"Gallatin","0","1","Kentucky","4/25/20","1","0","21077","0"
"Garrard","0","2","Kentucky","4/25/20","1","1","21079","100"
"Grant","0","18","Kentucky","4/25/20","16","2","21081","12.5"
"Graves","10","109","Kentucky","4/25/20","41","68","21083","165.85"
"Grayson","5","42","Kentucky","4/25/20","8","34","21085","425"
"Green","0","1","Kentucky","4/25/20","1","0","21087","0"
"Greenup","0","11","Kentucky","4/25/20","10","1","21089","10"
"Hancock","0","6","Kentucky","4/25/20","6","0","21091","0"
"Hardin","1","34","Kentucky","4/25/20","29","5","21093","17.24"
"Harrison","0","18","Kentucky","4/25/20","16","2","21097","12.5"
"Hart","0","2","Kentucky","4/25/20","1","1","21099","100"
"Henderson","2","45","Kentucky","4/25/20","28","17","21101","60.71"
"Henry","0","4","Kentucky","4/25/20","3","1","21103","33.33"
"Hickman","0","2","Kentucky","4/25/20","0","2","21105","1"
"Hopkins","9","174","Kentucky","4/25/20","109","65","21107","59.63"
"Jackson","2","58","Kentucky","4/25/20","43","15","21109","34.88"
"Jefferson","62","1121","Kentucky","4/25/20","689","432","21111","62.7"
"Jessamine","0","32","Kentucky","4/25/20","33","-1","21113","-3.03"
"Johnson","0","1","Kentucky","4/25/20","1","0","21115","0"
"Kenton","14","226","Kentucky","4/25/20","128","98","21117","76.56"
"Knott","0","3","Kentucky","4/25/20","3","0","21119","0"
"Knox","0","5","Kentucky","4/25/20","4","1","21121","25"
"Larue","0","5","Kentucky","4/25/20","5","0","21123","0"
"Laurel","0","14","Kentucky","4/25/20","13","1","21125","7.69"
"Lawrence","0","1","Kentucky","4/25/20","1","0","21127","0"
"Leslie","0","2","Kentucky","4/25/20","2","0","21131","0"
"Letcher","0","1","Kentucky","4/25/20","1","0","21133","0"
"Lewis","0","3","Kentucky","4/25/20","2","1","21135","50"
"Lincoln","0","4","Kentucky","4/25/20","4","0","21137","0"
"Livingston","0","1","Kentucky","4/25/20","1","0","21139","0"
"Logan","0","8","Kentucky","4/25/20","8","0","21141","0"
"Lyon","0","14","Kentucky","4/25/20","13","1","21143","7.69"
"Madison","1","27","Kentucky","4/25/20","21","6","21151","28.57"
"Marion","0","14","Kentucky","4/25/20","13","1","21155","7.69"
"Marshall","2","27","Kentucky","4/25/20","12","15","21157","125"
"Martin","0","3","Kentucky","4/25/20","2","1","21159","50"
"Mason","0","6","Kentucky","4/25/20","6","0","21161","0"
"McCracken","1","34","Kentucky","4/25/20","29","5","21145","17.24"
"McCreary","0","11","Kentucky","4/25/20","9","2","21147","22.22"
"McLean","1","11","Kentucky","4/25/20","7","4","21149","57.14"
"Meade","1","6","Kentucky","4/25/20","2","4","21163","200"
"Menifee","0","3","Kentucky","4/25/20","3","0","21165","0"
"Mercer","0","11","Kentucky","4/25/20","9","2","21167","22.22"
"Monroe","0","3","Kentucky","4/25/20","3","0","21171","0"
"Montgomery","0","10","Kentucky","4/25/20","9","1","21173","11.11"
"Morgan","0","1","Kentucky","4/25/20","1","0","21175","0"
"Muhlenberg","5","96","Kentucky","4/25/20","58","38","21177","65.52"
"Nelson","1","17","Kentucky","4/25/20","13","4","21179","30.77"
"Nicholas","0","1","Kentucky","4/25/20","1","0","21181","0"
"Ohio","4","38","Kentucky","4/25/20","13","25","21183","192.31"
"Oldham","0","24","Kentucky","4/25/20","23","1","21185","4.35"
"Owsley","0","3","Kentucky","4/25/20","2","1","21189","50"
"Pendleton","0","5","Kentucky","4/25/20","5","0","21191","0"
"Perry","0","6","Kentucky","4/25/20","4","2","21193","50"
"Pike","0","8","Kentucky","4/25/20","6","2","21195","33.33"
"Powell","0","1","Kentucky","4/25/20","1","0","21197","0"
"Pulaski","1","41","Kentucky","4/25/20","35","6","21199","17.14"
"Rockcastle","0","11","Kentucky","4/25/20","11","0","21203","0"
"Rowan","0","2","Kentucky","4/25/20","2","0","21205","0"
"Russell","1","16","Kentucky","4/25/20","12","4","21207","33.33"
"Scott","0","23","Kentucky","4/25/20","23","0","21209","0"
"Shelby","0","26","Kentucky","4/25/20","23","3","21211","13.04"
"Simpson","0","23","Kentucky","4/25/20","21","2","21213","9.52"
"Spencer","0","10","Kentucky","4/25/20","8","2","21215","25"
"Taylor","0","6","Kentucky","4/25/20","5","1","21217","20"
"Todd","0","10","Kentucky","4/25/20","11","-1","21219","-9.09"
"Trigg","0","5","Kentucky","4/25/20","4","1","21221","25"
"Trimble","0","2","Kentucky","4/25/20","2","0","21223","0"
"Union","0","8","Kentucky","4/25/20","8","0","21225","0"
"Warren","14","184","Kentucky","4/25/20","87","97","21227","111.49"
"Washington","0","5","Kentucky","4/25/20","3","2","21229","66.67"
"Wayne","0","6","Kentucky","4/25/20","6","0","21231","0"
"Webster","1","19","Kentucky","4/25/20","13","6","21233","46.15"
"Whitley","0","10","Kentucky","4/25/20","8","2","21235","25"
"Woodford","0","19","Kentucky","4/25/20","19","0","21239","0"
"Acadia","3","130","Louisiana","4/25/20","110","20","22001","18.18"
"Allen","0","82","Louisiana","4/25/20","79","3","22003","3.8"
"Ascension","9","557","Louisiana","4/25/20","496","61","22005","12.3"
"Assumption","4","172","Louisiana","4/25/20","143","29","22007","20.28"
"Avoyelles","0","69","Louisiana","4/25/20","68","1","22009","1.47"
"Beauregard","0","35","Louisiana","4/25/20","35","0","22011","0"
"Bienville","1","70","Louisiana","4/25/20","65","5","22013","7.69"
"Bossier","5","265","Louisiana","4/25/20","230","35","22015","15.22"
"Caddo","27","1432","Louisiana","4/25/20","1244","188","22017","15.11"
"Calcasieu","7","360","Louisiana","4/25/20","309","51","22019","16.5"
"Caldwell","0","17","Louisiana","4/25/20","15","2","22021","13.33"
"Cameron","0","3","Louisiana","4/25/20","2","1","22023","50"
"Catahoula","0","25","Louisiana","4/25/20","23","2","22025","8.7"
"Claiborne","0","52","Louisiana","4/25/20","50","2","22027","4"
"Concordia","1","30","Louisiana","4/25/20","25","5","22029","20"
"De Soto","5","184","Louisiana","4/25/20","152","32","22031","21.05"
"East Baton Rouge","35","1720","Louisiana","4/25/20","1476","244","22033","16.53"
"East Carroll","1","6","Louisiana","4/25/20","1","5","22035","500"
"East Feliciana","2","107","Louisiana","4/25/20","90","17","22037","18.89"
"Evangeline","0","45","Louisiana","4/25/20","43","2","22039","4.65"
"Franklin","5","113","Louisiana","4/25/20","78","35","22041","44.87"
"Grant","0","11","Louisiana","4/25/20","12","-1","22043","-8.33"
"Iberia","9","240","Louisiana","4/25/20","176","64","22045","36.36"
"Iberville","23","433","Louisiana","4/25/20","270","163","22047","60.37"
"Jackson","2","25","Louisiana","4/25/20","14","11","22049","78.57"
"Jefferson","66","6007","Louisiana","4/25/20","5543","464","22051","8.37"
"Jefferson Davis","1","59","Louisiana","4/25/20","53","6","22053","11.32"
"Lafayette","4","442","Louisiana","4/25/20","414","28","22055","6.76"
"Lafourche","7","610","Louisiana","4/25/20","560","50","22057","8.93"
"LaSalle","1","18","Louisiana","4/25/20","13","5","22059","38.46"
"Lincoln","3","69","Louisiana","4/25/20","49","20","22061","40.82"
"Livingston","5","177","Louisiana","4/25/20","144","33","22063","22.92"
"Madison","0","7","Louisiana","4/25/20","4","3","22065","75"
"Morehouse","2","46","Louisiana","4/25/20","35","11","22067","31.43"
"Natchitoches","3","73","Louisiana","4/25/20","53","20","22069","37.74"
"Orleans","49","6297","Louisiana","4/25/20","5953","344","22071","5.78"
"Ouachita","18","609","Louisiana","4/25/20","483","126","22073","26.09"
"Plaquemines","2","168","Louisiana","4/25/20","156","12","22075","7.69"
"Pointe Coupee","4","89","Louisiana","4/25/20","64","25","22077","39.06"
"Rapides","5","239","Louisiana","4/25/20","201","38","22079","18.91"
"Red River","0","22","Louisiana","4/25/20","19","3","22081","15.79"
"Richland","3","48","Louisiana","4/25/20","27","21","22083","77.78"
"Sabine","0","13","Louisiana","4/25/20","13","0","22085","0"
"St. Bernard","5","443","Louisiana","4/25/20","409","34","22087","8.31"
"St. Charles","8","540","Louisiana","4/25/20","487","53","22089","10.88"
"St. Helena","1","27","Louisiana","4/25/20","19","8","22091","42.11"
"St. James","3","237","Louisiana","4/25/20","217","20","22093","9.22"
"St. John the Baptist","16","747","Louisiana","4/25/20","637","110","22095","17.27"
"St. Landry","4","163","Louisiana","4/25/20","133","30","22097","22.56"
"St. Martin","5","219","Louisiana","4/25/20","187","32","22099","17.11"
"St. Mary","5","178","Louisiana","4/25/20","143","35","22101","24.48"
"St. Tammany","22","1138","Louisiana","4/25/20","987","151","22103","15.3"
"Tangipahoa","12","526","Louisiana","4/25/20","440","86","22105","19.55"
"Tensas","0","1","Louisiana","4/25/20","1","0","22107","0"
"Terrebonne","8","366","Louisiana","4/25/20","310","56","22109","18.06"
"Union","4","102","Louisiana","4/25/20","75","27","22111","36"
"Vermilion","1","34","Louisiana","4/25/20","30","4","22113","13.33"
"Vernon","0","16","Louisiana","4/25/20","14","2","22115","14.29"
"Washington","8","241","Louisiana","4/25/20","188","53","22117","28.19"
"Webster","1","82","Louisiana","4/25/20","76","6","22119","7.89"
"West Baton Rouge","1","92","Louisiana","4/25/20","86","6","22121","6.98"
"West Carroll","0","4","Louisiana","4/25/20","4","0","22123","0"
"West Feliciana","3","97","Louisiana","4/25/20","74","23","22125","31.08"
"Winn","1","20","Louisiana","4/25/20","16","4","22127","25"
"Androscoggin","0","38","Maine","4/25/20","35","3","23001","8.57"
"Aroostook","0","4","Maine","4/25/20","2","2","23003","100"
"Cumberland","8","426","Maine","4/25/20","369","57","23005","15.45"
"Franklin","2","26","Maine","4/25/20","11","15","23007","136.36"
"Hancock","0","8","Maine","4/25/20","6","2","23009","33.33"
"Kennebec","1","100","Maine","4/25/20","96","4","23011","4.17"
"Knox","0","13","Maine","4/25/20","12","1","23013","8.33"
"Lincoln","0","12","Maine","4/25/20","12","0","23015","0"
"Oxford","0","14","Maine","4/25/20","13","1","23017","7.69"
"Penobscot","1","50","Maine","4/25/20","41","9","23019","21.95"
"Piscataquis","0","1","Maine","4/25/20","0","1","23021","1"
"Sagadahoc","0","17","Maine","4/25/20","15","2","23023","13.33"
"Somerset","0","16","Maine","4/25/20","15","1","23025","6.67"
"Waldo","1","47","Maine","4/25/20","42","5","23027","11.9"
"Washington","0","2","Maine","4/25/20","2","0","23029","0"
"York","2","191","Maine","4/25/20","175","16","23031","9.14"
"Allegany","10","105","Maryland","4/25/20","33","72","24001","218.18"
"Anne Arundel","61","1430","Maryland","4/25/20","1005","425","24003","42.29"
"Baltimore","103","2387","Maryland","4/25/20","1664","723","24005","43.45"
"Baltimore City","59","1791","Maryland","4/25/20","1378","413","24510","29.97"
"Calvert","3","130","Maryland","4/25/20","109","21","24009","19.27"
"Caroline","4","61","Maryland","4/25/20","33","28","24011","84.85"
"Carroll","11","384","Maryland","4/25/20","308","76","24013","24.68"
"Cecil","2","146","Maryland","4/25/20","131","15","24015","11.45"
"Charles","19","483","Maryland","4/25/20","347","136","24017","39.19"
"Dorchester","3","38","Maryland","4/25/20","20","18","24019","90"
"Frederick","37","814","Maryland","4/25/20","557","257","24021","46.14"
"Garrett","0","4","Maryland","4/25/20","4","0","24023","0"
"Harford","15","302","Maryland","4/25/20","195","107","24025","54.87"
"Howard","25","686","Maryland","4/25/20","508","178","24027","35.04"
"Kent","7","67","Maryland","4/25/20","16","51","24029","318.75"
"Montgomery","154","3483","Maryland","4/25/20","2404","1079","24031","44.88"
"Prince George's","234","4795","Maryland","4/25/20","3160","1635","24033","51.74"
"Queen Anne's","4","52","Maryland","4/25/20","24","28","24035","116.67"
"Somerset","1","14","Maryland","4/25/20","10","4","24039","40"
"St. Mary's","1","124","Maryland","4/25/20","119","5","24037","4.2"
"Talbot","2","28","Maryland","4/25/20","16","12","24041","75"
"Washington","5","154","Maryland","4/25/20","116","38","24043","32.76"
"Wicomico","15","242","Maryland","4/25/20","138","104","24045","75.36"
"Worcester","2","46","Maryland","4/25/20","31","15","24047","48.39"
"Barnstable","24","770","Massachusetts","4/25/20","599","171","25001","28.55"
"Berkshire","6","432","Massachusetts","4/25/20","392","40","25003","10.2"
"Bristol","163","2872","Massachusetts","4/25/20","1733","1139","25005","65.72"
"Dukes and Nantucket","0","26","Massachusetts","4/25/20","25","1","00000","4"
"Essex","332","7327","Massachusetts","4/25/20","5001","2326","25009","46.51"
"Franklin","7","230","Massachusetts","4/25/20","182","48","25011","26.37"
"Hampden","140","3266","Massachusetts","4/25/20","2283","983","25013","43.06"
"Hampshire","15","425","Massachusetts","4/25/20","317","108","25015","34.07"
"Middlesex","572","12426","Massachusetts","4/25/20","8422","4004","25017","47.54"
"Norfolk","221","5288","Massachusetts","4/25/20","3740","1548","25021","41.39"
"Plymouth","244","4435","Massachusetts","4/25/20","2725","1710","25023","62.75"
"Suffolk","506","11346","Massachusetts","4/25/20","7803","3543","25025","45.41"
"Worcester","218","4529","Massachusetts","4/25/20","3000","1529","25027","50.97"
"Alcona","1","7","Michigan","4/25/20","2","5","26001","250"
"Allegan","5","84","Michigan","4/25/20","50","34","26005","68"
"Alpena","9","67","Michigan","4/25/20","4","63","26007","1575"
"Antrim","0","11","Michigan","4/25/20","9","2","26009","22.22"
"Arenac","1","19","Michigan","4/25/20","11","8","26011","72.73"
"Barry","2","38","Michigan","4/25/20","25","13","26015","52"
"Bay","7","134","Michigan","4/25/20","88","46","26017","52.27"
"Benzie","0","4","Michigan","4/25/20","2","2","26019","100"
"Berrien","9","315","Michigan","4/25/20","251","64","26021","25.5"
"Branch","2","52","Michigan","4/25/20","38","14","26023","36.84"
"Calhoun","9","214","Michigan","4/25/20","152","62","26025","40.79"
"Cass","1","35","Michigan","4/25/20","31","4","26027","12.9"
"Charlevoix","0","14","Michigan","4/25/20","13","1","26029","7.69"
"Cheboygan","1","22","Michigan","4/25/20","18","4","26031","22.22"
"Chippewa","0","3","Michigan","4/25/20","2","1","26033","50"
"Clare","0","10","Michigan","4/25/20","8","2","26035","25"
"Clinton","1","112","Michigan","4/25/20","108","4","26037","3.7"
"Crawford","3","50","Michigan","4/25/20","28","22","26039","78.57"
"Delta","0","13","Michigan","4/25/20","13","0","26041","0"
"Dickinson","0","3","Michigan","4/25/20","3","0","26043","0"
"Eaton","4","128","Michigan","4/25/20","97","31","26045","31.96"
"Emmet","0","25","Michigan","4/25/20","25","0","26047","0"
"Federal Correctional Institution (FCI)","4","74","Michigan","4/25/20","45","29","00000","64.44"
"Genesee","39","1533","Michigan","4/25/20","1263","270","26049","21.38"
"Gladwin","0","10","Michigan","4/25/20","9","1","26051","11.11"
"Gogebic","0","4","Michigan","4/25/20","4","0","26053","0"
"Grand Traverse","0","20","Michigan","4/25/20","19","1","26055","5.26"
"Gratiot","0","9","Michigan","4/25/20","8","1","26057","12.5"
"Hillsdale","3","111","Michigan","4/25/20","91","20","26059","21.98"
"Houghton","0","2","Michigan","4/25/20","2","0","26061","0"
"Huron","0","17","Michigan","4/25/20","16","1","26063","6.25"
"Ingham","14","413","Michigan","4/25/20","316","97","26065","30.7"
"Ionia","3","45","Michigan","4/25/20","24","21","26067","87.5"
"Iosco","4","38","Michigan","4/25/20","13","25","26069","192.31"
"Isabella","1","70","Michigan","4/25/20","65","5","26073","7.69"
"Jackson","14","341","Michigan","4/25/20","246","95","26075","38.62"
"Kalamazoo","20","307","Michigan","4/25/20","170","137","26077","80.59"
"Kalkaska","0","27","Michigan","4/25/20","26","1","26079","3.85"
"Kent","72","1030","Michigan","4/25/20","529","501","26081","94.71"
"Lake","0","3","Michigan","4/25/20","3","0","26085","0"
"Lapeer","3","173","Michigan","4/25/20","149","24","26087","16.11"
"Leelanau","0","9","Michigan","4/25/20","7","2","26089","28.57"
"Lenawee","4","104","Michigan","4/25/20","78","26","26091","33.33"
"Livingston","6","364","Michigan","4/25/20","320","44","26093","13.75"
"Luce","0","1","Michigan","4/25/20","1","0","26095","0"
"Mackinac","0","5","Michigan","4/25/20","4","1","26097","25"
"Macomb","129","5163","Michigan","4/25/20","4257","906","26099","21.28"
"Manistee","0","13","Michigan","4/25/20","12","1","26101","8.33"
"Marquette","2","41","Michigan","4/25/20","29","12","26103","41.38"
"Mason","0","8","Michigan","4/25/20","5","3","26105","60"
"Mecosta","0","17","Michigan","4/25/20","15","2","26107","13.33"
"Menominee","0","3","Michigan","4/25/20","1","2","26109","200"
"Michigan Department of Corrections (MDOC)","68","1026","Michigan","4/25/20","550","476","00000","86.55"
"Midland","2","77","Michigan","4/25/20","62","15","26111","24.19"
"Missaukee","2","19","Michigan","4/25/20","6","13","26113","216.67"
"Monroe","8","281","Michigan","4/25/20","226","55","26115","24.34"
"Montcalm","1","30","Michigan","4/25/20","25","5","26117","20"
"Montmorency","0","6","Michigan","4/25/20","4","2","26119","50"
"Muskegon","11","213","Michigan","4/25/20","136","77","26121","56.62"
"Newaygo","1","16","Michigan","4/25/20","9","7","26123","77.78"
"Oakland","143","7472","Michigan","4/25/20","6470","1002","26125","15.49"
"Oceana","1","8","Michigan","4/25/20","3","5","26127","166.67"
"Ogemaw","0","9","Michigan","4/25/20","6","3","26129","50"
"Osceola","0","10","Michigan","4/25/20","8","2","26133","25"
"Oscoda","0","4","Michigan","4/25/20","4","0","26135","0"
"Otsego","5","101","Michigan","4/25/20","65","36","26137","55.38"
"Ottawa","11","205","Michigan","4/25/20","130","75","26139","57.69"
"Out of MI","-8","19","Michigan","4/25/20","74","-55","80026","-74.32"
"Presque Isle","1","10","Michigan","4/25/20","2","8","26141","400"
"Roscommon","1","15","Michigan","4/25/20","10","5","26143","50"
"Saginaw","22","550","Michigan","4/25/20","395","155","26145","39.24"
"Sanilac","0","35","Michigan","4/25/20","33","2","26151","6.06"
"Schoolcraft","0","3","Michigan","4/25/20","3","0","26153","0"
"Shiawassee","6","142","Michigan","4/25/20","102","40","26155","39.22"
"St. Clair","9","340","Michigan","4/25/20","274","66","26147","24.09"
"St. Joseph","0","27","Michigan","4/25/20","24","3","26149","12.5"
"Tuscola","3","83","Michigan","4/25/20","61","22","26157","36.07"
"Van Buren","1","47","Michigan","4/25/20","43","4","26159","9.3"
"Washtenaw","21","1108","Michigan","4/25/20","962","146","26161","15.18"
"Wayne","288","15599","Michigan","4/25/20","13582","2017","26163","14.85"
"Wexford","0","10","Michigan","4/25/20","9","1","26165","11.11"
"Aitkin","0","1","Minnesota","4/25/20","1","0","27001","0"
"Anoka","9","150","Minnesota","4/25/20","85","65","27003","76.47"
"Becker","0","2","Minnesota","4/25/20","1","1","27005","100"
"Beltrami","0","6","Minnesota","4/25/20","5","1","27007","20"
"Benton","0","4","Minnesota","4/25/20","4","0","27009","0"
"Big Stone","0","2","Minnesota","4/25/20","1","1","27011","100"
"Blue Earth","1","27","Minnesota","4/25/20","23","4","27013","17.39"
"Brown","0","8","Minnesota","4/25/20","7","1","27015","14.29"
"Carlton","2","47","Minnesota","4/25/20","34","13","27017","38.24"
"Carver","0","16","Minnesota","4/25/20","14","2","27019","14.29"
"Cass","0","5","Minnesota","4/25/20","4","1","27021","25"
"Chippewa","0","2","Minnesota","4/25/20","0","2","27023","1"
"Chisago","0","7","Minnesota","4/25/20","7","0","27025","0"
"Clay","9","113","Minnesota","4/25/20","48","65","27027","135.42"
"Clearwater","0","2","Minnesota","4/25/20","3","-1","27029","-33.33"
"Cottonwood","0","6","Minnesota","4/25/20","6","0","27033","0"
"Crow Wing","0","20","Minnesota","4/25/20","17","3","27035","17.65"
"Dakota","4","138","Minnesota","4/25/20","113","25","27037","22.12"
"Dodge","0","19","Minnesota","4/25/20","17","2","27039","11.76"
"Douglas","0","2","Minnesota","4/25/20","1","1","27041","100"
"Faribault","0","4","Minnesota","4/25/20","4","0","27043","0"
"Fillmore","0","12","Minnesota","4/25/20","11","1","27045","9.09"
"Freeborn","0","33","Minnesota","4/25/20","31","2","27047","6.45"
"Goodhue","0","19","Minnesota","4/25/20","19","0","27049","0"
"Hennepin","59","1287","Minnesota","4/25/20","875","412","27053","47.09"
"Houston","0","1","Minnesota","4/25/20","1","0","27055","0"
"Isanti","0","7","Minnesota","4/25/20","5","2","27059","40"
"Itasca","0","2","Minnesota","4/25/20","2","0","27061","0"
"Jackson","1","7","Minnesota","4/25/20","2","5","27063","250"
"Kandiyohi","4","28","Minnesota","4/25/20","2","26","27067","1300"
"Kittson","0","1","Minnesota","4/25/20","1","0","27069","0"
"Koochiching","0","1","Minnesota","4/25/20","1","0","27071","0"
"Lac qui Parle","0","1","Minnesota","4/25/20","1","0","27073","0"
"Le Sueur","0","22","Minnesota","4/25/20","22","0","27079","0"
"Lincoln","0","2","Minnesota","4/25/20","2","0","27081","0"
"Lyon","0","6","Minnesota","4/25/20","5","1","27083","20"
"Mahnomen","0","1","Minnesota","4/25/20","1","0","27087","0"
"Marshall","0","1","Minnesota","4/25/20","0","1","27089","1"
"Martin","0","42","Minnesota","4/25/20","39","3","27091","7.69"
"McLeod","0","3","Minnesota","4/25/20","3","0","27085","0"
"Meeker","0","4","Minnesota","4/25/20","3","1","27093","33.33"
"Mille Lacs","0","1","Minnesota","4/25/20","1","0","27095","0"
"Morrison","0","1","Minnesota","4/25/20","0","1","27097","1"
"Mower","0","28","Minnesota","4/25/20","26","2","27099","7.69"
"Murray","1","8","Minnesota","4/25/20","3","5","27101","166.67"
"Nicollet","0","9","Minnesota","4/25/20","7","2","27103","28.57"
"Nobles","41","325","Minnesota","4/25/20","36","289","27105","802.78"
"Norman","1","7","Minnesota","4/25/20","2","5","27107","250"
"Olmsted","9","238","Minnesota","4/25/20","177","61","27109","34.46"
"Otter Tail","0","8","Minnesota","4/25/20","5","3","27111","60"
"Pennington","0","1","Minnesota","4/25/20","0","1","27113","1"
"Pine","5","45","Minnesota","4/25/20","10","35","27115","350"
"Pipestone","0","2","Minnesota","4/25/20","2","0","27117","0"
"Polk","3","20","Minnesota","4/25/20","2","18","27119","900"
"Ramsey","10","261","Minnesota","4/25/20","192","69","27123","35.94"
"Red Lake","0","1","Minnesota","4/25/20","1","0","27125","0"
"Redwood","0","1","Minnesota","4/25/20","1","0","27127","0"
"Renville","0","3","Minnesota","4/25/20","3","0","27129","0"
"Rice","0","9","Minnesota","4/25/20","6","3","27131","50"
"Rock","0","5","Minnesota","4/25/20","3","2","27133","66.67"
"Roseau","0","1","Minnesota","4/25/20","1","0","27135","0"
"Scott","1","32","Minnesota","4/25/20","23","9","27139","39.13"
"Sherburne","0","15","Minnesota","4/25/20","12","3","27141","25"
"Sibley","0","1","Minnesota","4/25/20","1","0","27143","0"
"St. Louis","2","61","Minnesota","4/25/20","46","15","27137","32.61"
"Stearns","3","38","Minnesota","4/25/20","16","22","27145","137.5"
"Steele","0","12","Minnesota","4/25/20","9","3","27147","33.33"
"Swift","0","1","Minnesota","4/25/20","1","0","27151","0"
"Todd","0","3","Minnesota","4/25/20","2","1","27153","50"
"Traverse","0","2","Minnesota","4/25/20","2","0","27155","0"
"Wabasha","0","8","Minnesota","4/25/20","8","0","27157","0"
"Waseca","0","3","Minnesota","4/25/20","3","0","27161","0"
"Washington","3","112","Minnesota","4/25/20","92","20","27163","21.74"
"Watonwan","0","5","Minnesota","4/25/20","4","1","27165","25"
"Wilkin","0","11","Minnesota","4/25/20","8","3","27167","37.5"
"Winona","1","66","Minnesota","4/25/20","57","9","27169","15.79"
"Wright","1","33","Minnesota","4/25/20","23","10","27171","43.48"
"Yellow Medicine","0","3","Minnesota","4/25/20","3","0","27173","0"
"Adams","5","109","Mississippi","4/25/20","73","36","28001","49.32"
"Alcorn","0","9","Mississippi","4/25/20","7","2","28003","28.57"
"Amite","1","23","Mississippi","4/25/20","16","7","28005","43.75"
"Attala","7","80","Mississippi","4/25/20","34","46","28007","135.29"
"Benton","1","9","Mississippi","4/25/20","5","4","28009","80"
"Bolivar","2","94","Mississippi","4/25/20","79","15","28011","18.99"
"Calhoun","2","48","Mississippi","4/25/20","36","12","28013","33.33"
"Carroll","1","15","Mississippi","4/25/20","10","5","28015","50"
"Chickasaw","2","56","Mississippi","4/25/20","40","16","28017","40"
"Choctaw","0","13","Mississippi","4/25/20","11","2","28019","18.18"
"Claiborne","1","18","Mississippi","4/25/20","8","10","28021","125"
"Clarke","3","44","Mississippi","4/25/20","22","22","28023","100"
"Clay","1","32","Mississippi","4/25/20","24","8","28025","33.33"
"Coahoma","1","54","Mississippi","4/25/20","46","8","28027","17.39"
"Copiah","4","68","Mississippi","4/25/20","41","27","28029","65.85"
"Covington","2","45","Mississippi","4/25/20","28","17","28031","60.71"
"DeSoto","6","263","Mississippi","4/25/20","220","43","28033","19.55"
"Forrest","6","181","Mississippi","4/25/20","137","44","28035","32.12"
"Franklin","0","16","Mississippi","4/25/20","15","1","28037","6.67"
"George","0","11","Mississippi","4/25/20","10","1","28039","10"
"Greene","0","4","Mississippi","4/25/20","3","1","28041","33.33"
"Grenada","1","27","Mississippi","4/25/20","19","8","28043","42.11"
"Hancock","1","59","Mississippi","4/25/20","50","9","28045","18"
"Harrison","2","158","Mississippi","4/25/20","144","14","28047","9.72"
"Hinds","12","412","Mississippi","4/25/20","325","87","28049","26.77"
"Holmes","6","100","Mississippi","4/25/20","58","42","28051","72.41"
"Humphreys","0","14","Mississippi","4/25/20","12","2","28053","16.67"
"Itawamba","2","33","Mississippi","4/25/20","21","12","28057","57.14"
"Jackson","5","237","Mississippi","4/25/20","201","36","28059","17.91"
"Jasper","1","32","Mississippi","4/25/20","22","10","28061","45.45"
"Jefferson","1","8","Mississippi","4/25/20","4","4","28063","100"
"Jefferson Davis","2","22","Mississippi","4/25/20","8","14","28065","175"
"Jones","8","116","Mississippi","4/25/20","63","53","28067","84.13"
"Kemper","3","40","Mississippi","4/25/20","17","23","28069","135.29"
"Lafayette","7","87","Mississippi","4/25/20","40","47","28071","117.5"
"Lamar","4","85","Mississippi","4/25/20","59","26","28073","44.07"
"Lauderdale","13","284","Mississippi","4/25/20","190","94","28075","49.47"
"Lawrence","2","30","Mississippi","4/25/20","14","16","28077","114.29"
"Leake","12","149","Mississippi","4/25/20","64","85","28079","132.81"
"Lee","3","72","Mississippi","4/25/20","54","18","28081","33.33"
"Leflore","8","131","Mississippi","4/25/20","75","56","28083","74.67"
"Lincoln","5","136","Mississippi","4/25/20","102","34","28085","33.33"
"Lowndes","1","41","Mississippi","4/25/20","32","9","28087","28.12"
"Madison","8","186","Mississippi","4/25/20","127","59","28089","46.46"
"Marion","3","57","Mississippi","4/25/20","39","18","28091","46.15"
"Marshall","0","41","Mississippi","4/25/20","39","2","28093","5.13"
"Monroe","9","123","Mississippi","4/25/20","62","61","28095","98.39"
"Montgomery","0","18","Mississippi","4/25/20","15","3","28097","20"
"Neshoba","9","119","Mississippi","4/25/20","55","64","28099","116.36"
"Newton","5","58","Mississippi","4/25/20","21","37","28101","176.19"
"Noxubee","4","45","Mississippi","4/25/20","20","25","28103","125"
"Oktibbeha","0","46","Mississippi","4/25/20","43","3","28105","6.98"
"Panola","1","36","Mississippi","4/25/20","30","6","28107","20"
"Pearl River","4","148","Mississippi","4/25/20","119","29","28109","24.37"
"Perry","0","25","Mississippi","4/25/20","22","3","28111","13.64"
"Pike","5","133","Mississippi","4/25/20","97","36","28113","37.11"
"Pontotoc","0","18","Mississippi","4/25/20","17","1","28115","5.88"
"Prentiss","2","29","Mississippi","4/25/20","16","13","28117","81.25"
"Quitman","0","14","Mississippi","4/25/20","13","1","28119","7.69"
"Rankin","5","162","Mississippi","4/25/20","130","32","28121","24.62"
"Scott","19","240","Mississippi","4/25/20","106","134","28123","126.42"
"Sharkey","0","4","Mississippi","4/25/20","3","1","28125","33.33"
"Simpson","3","38","Mississippi","4/25/20","14","24","28127","171.43"
"Smith","3","58","Mississippi","4/25/20","39","19","28129","48.72"
"Stone","1","22","Mississippi","4/25/20","17","5","28131","29.41"
"Sunflower","1","51","Mississippi","4/25/20","46","5","28133","10.87"
"Tallahatchie","0","11","Mississippi","4/25/20","8","3","28135","37.5"
"Tate","1","38","Mississippi","4/25/20","29","9","28137","31.03"
"Tippah","1","51","Mississippi","4/25/20","46","5","28139","10.87"
"Tishomingo","1","7","Mississippi","4/25/20","3","4","28141","133.33"
"Tunica","1","34","Mississippi","4/25/20","30","4","28143","13.33"
"Union","1","14","Mississippi","4/25/20","9","5","28145","55.56"
"Walthall","1","27","Mississippi","4/25/20","23","4","28147","17.39"
"Warren","4","45","Mississippi","4/25/20","18","27","28149","150"
"Washington","1","77","Mississippi","4/25/20","70","7","28151","10"
"Wayne","1","19","Mississippi","4/25/20","10","9","28153","90"
"Webster","0","16","Mississippi","4/25/20","15","1","28155","6.67"
"Wilkinson","2","68","Mississippi","4/25/20","55","13","28157","23.64"
"Winston","1","38","Mississippi","4/25/20","29","9","28159","31.03"
"Yalobusha","0","17","Mississippi","4/25/20","15","2","28161","13.33"
"Yazoo","5","120","Mississippi","4/25/20","85","35","28163","41.18"
"Adair","0","12","Missouri","4/25/20","12","0","29001","0"
"Andrew","0","1","Missouri","4/25/20","1","0","29003","0"
"Atchison","0","2","Missouri","4/25/20","2","0","29005","0"
"Audrain","0","1","Missouri","4/25/20","0","1","29007","1"
"Barry","0","6","Missouri","4/25/20","3","3","29009","100"
"Bates","0","6","Missouri","4/25/20","6","0","29013","0"
"Benton","0","4","Missouri","4/25/20","3","1","29015","33.33"
"Bollinger","0","4","Missouri","4/25/20","3","1","29017","33.33"
"Boone","1","98","Missouri","4/25/20","93","5","29019","5.38"
"Buchanan","3","48","Missouri","4/25/20","30","18","29021","60"
"Butler","0","25","Missouri","4/25/20","23","2","29023","8.7"
"Caldwell","0","2","Missouri","4/25/20","2","0","29025","0"
"Callaway","0","21","Missouri","4/25/20","21","0","29027","0"
"Camden","0","35","Missouri","4/25/20","32","3","29029","9.38"
"Cape Girardeau","1","43","Missouri","4/25/20","36","7","29031","19.44"
"Carroll","0","3","Missouri","4/25/20","0","3","29033","1"
"Carter","0","3","Missouri","4/25/20","3","0","29035","0"
"Cass","1","58","Missouri","4/25/20","53","5","29037","9.43"
"Cedar","0","5","Missouri","4/25/20","5","0","29039","0"
"Chariton","0","5","Missouri","4/25/20","4","1","29041","25"
"Christian","0","19","Missouri","4/25/20","19","0","29043","0"
"Clark","0","1","Missouri","4/25/20","1","0","29045","0"
"Clay","1","65","Missouri","4/25/20","56","9","29047","16.07"
"Clinton","0","11","Missouri","4/25/20","11","0","29049","0"
"Cole","1","50","Missouri","4/25/20","44","6","29051","13.64"
"Cooper","0","7","Missouri","4/25/20","4","3","29053","75"
"Crawford","0","7","Missouri","4/25/20","6","1","29055","16.67"
"Dallas","0","2","Missouri","4/25/20","2","0","29059","0"
"Daviess","0","2","Missouri","4/25/20","2","0","29061","0"
"DeKalb","0","3","Missouri","4/25/20","3","0","29063","0"
"Dunklin","0","19","Missouri","4/25/20","19","0","29069","0"
"Franklin","2","106","Missouri","4/25/20","95","11","29071","11.58"
"Gasconade","0","2","Missouri","4/25/20","2","0","29073","0"
"Gentry","0","1","Missouri","4/25/20","1","0","29075","0"
"Greene","1","93","Missouri","4/25/20","88","5","29077","5.68"
"Harrison","0","6","Missouri","4/25/20","6","0","29081","0"
"Henry","0","6","Missouri","4/25/20","6","0","29083","0"
"Holt","0","1","Missouri","4/25/20","1","0","29087","0"
"Howard","0","2","Missouri","4/25/20","2","0","29089","0"
"Howell","0","5","Missouri","4/25/20","5","0","29091","0"
"Iron","0","2","Missouri","4/25/20","1","1","29093","100"
"Jackson","5","303","Missouri","4/25/20","268","35","29095","13.06"
"Jasper","-1","24","Missouri","4/25/20","28","-4","29097","-14.29"
"Jefferson","10","253","Missouri","4/25/20","183","70","29099","38.25"
"Johnson","1","53","Missouri","4/25/20","48","5","29101","10.42"
"Kansas City","11","486","Missouri","4/25/20","412","74","00000","17.96"
"Lafayette","1","33","Missouri","4/25/20","29","4","29107","13.79"
"Lewis","1","6","Missouri","4/25/20","0","6","29111","1"
"Lincoln","5","67","Missouri","4/25/20","35","32","29113","91.43"
"Linn","0","5","Missouri","4/25/20","5","0","29115","0"
"Livingston","0","2","Missouri","4/25/20","2","0","29117","0"
"Macon","0","2","Missouri","4/25/20","2","0","29121","0"
"Madison","0","1","Missouri","4/25/20","1","0","29123","0"
"Maries","0","2","Missouri","4/25/20","2","0","29125","0"
"Marion","1","4","Missouri","4/25/20","0","4","29127","1"
"McDonald","0","4","Missouri","4/25/20","4","0","29119","0"
"Miller","0","1","Missouri","4/25/20","1","0","29131","0"
"Mississippi","3","23","Missouri","4/25/20","0","23","29133","1"
"Moniteau","3","59","Missouri","4/25/20","36","23","29135","63.89"
"Montgomery","0","7","Missouri","4/25/20","7","0","29139","0"
"Morgan","0","3","Missouri","4/25/20","2","1","29141","50"
"New Madrid","0","9","Missouri","4/25/20","8","1","29143","12.5"
"Newton","0","10","Missouri","4/25/20","9","1","29145","11.11"
"Nodaway","0","3","Missouri","4/25/20","3","0","29147","0"
"Oregon","0","1","Missouri","4/25/20","1","0","29149","0"
"Osage","0","5","Missouri","4/25/20","4","1","29151","25"
"Pemiscot","1","18","Missouri","4/25/20","12","6","29155","50"
"Perry","0","39","Missouri","4/25/20","41","-2","29157","-4.88"
"Pettis","2","25","Missouri","4/25/20","13","12","29159","92.31"
"Phelps","0","1","Missouri","4/25/20","1","0","29161","0"
"Pike","0","7","Missouri","4/25/20","6","1","29163","16.67"
"Platte","1","31","Missouri","4/25/20","27","4","29165","14.81"
"Polk","0","1","Missouri","4/25/20","1","0","29167","0"
"Pulaski","1","33","Missouri","4/25/20","29","4","29169","13.79"
"Ralls","0","1","Missouri","4/25/20","1","0","29173","0"
"Randolph","0","8","Missouri","4/25/20","8","0","29175","0"
"Ray","0","10","Missouri","4/25/20","7","3","29177","42.86"
"Reynolds","0","2","Missouri","4/25/20","2","0","29179","0"
"Ripley","0","5","Missouri","4/25/20","4","1","29181","25"
"Saline","12","143","Missouri","4/25/20","60","83","29195","138.33"
"Scotland","0","4","Missouri","4/25/20","4","0","29199","0"
"Scott","2","60","Missouri","4/25/20","49","11","29201","22.45"
"Shelby","0","1","Missouri","4/25/20","1","0","29205","0"
"St. Charles","12","524","Missouri","4/25/20","438","86","29183","19.63"
"St. Clair","0","2","Missouri","4/25/20","2","0","29185","0"
"St. Francois","0","26","Missouri","4/25/20","24","2","29187","8.33"
"St. Louis","85","2893","Missouri","4/25/20","2295","598","29189","26.06"
"St. Louis City","30","1019","Missouri","4/25/20","810","209","29510","25.8"
"Ste. Genevieve","0","7","Missouri","4/25/20","7","0","29186","0"
"Stoddard","0","19","Missouri","4/25/20","16","3","29207","18.75"
"Stone","0","3","Missouri","4/25/20","3","0","29209","0"
"Taney","0","10","Missouri","4/25/20","9","1","29213","11.11"
"Vernon","0","4","Missouri","4/25/20","4","0","29217","0"
"Warren","0","22","Missouri","4/25/20","21","1","29219","4.76"
"Washington","1","8","Missouri","4/25/20","4","4","29221","100"
"Webster","1","13","Missouri","4/25/20","8","5","29225","62.5"
"Worth","0","1","Missouri","4/25/20","1","0","29227","0"
"Wright","0","9","Missouri","4/25/20","9","0","29229","0"
"Beaverhead","0","1","Montana","4/25/20","1","0","30001","0"
"Big Horn","0","3","Montana","4/25/20","3","0","30003","0"
"Broadwater","0","4","Montana","4/25/20","4","0","30007","0"
"Carbon","0","6","Montana","4/25/20","6","0","30009","0"
"Cascade","0","14","Montana","4/25/20","13","1","30013","7.69"
"Deer Lodge","0","3","Montana","4/25/20","3","0","30023","0"
"Flathead","0","37","Montana","4/25/20","37","0","30029","0"
"Gallatin","1","146","Montana","4/25/20","142","4","30031","2.82"
"Glacier","0","4","Montana","4/25/20","4","0","30035","0"
"Golden Valley","0","3","Montana","4/25/20","3","0","30037","0"
"Hill","0","1","Montana","4/25/20","1","0","30041","0"
"Jefferson","0","2","Montana","4/25/20","2","0","30043","0"
"Lake","0","5","Montana","4/25/20","5","0","30047","0"
"Lewis and Clark","0","16","Montana","4/25/20","16","0","30049","0"
"Liberty","0","1","Montana","4/25/20","1","0","30051","0"
"Lincoln","0","7","Montana","4/25/20","7","0","30053","0"
"Madison","0","8","Montana","4/25/20","8","0","30057","0"
"Meagher","0","1","Montana","4/25/20","1","0","30059","0"
"Missoula","1","39","Montana","4/25/20","35","4","30063","11.43"
"Musselshell","0","1","Montana","4/25/20","1","0","30065","0"
"Park","0","7","Montana","4/25/20","7","0","30067","0"
"Pondera","0","2","Montana","4/25/20","1","1","30073","100"
"Ravalli","0","5","Montana","4/25/20","5","0","30081","0"
"Richland","0","3","Montana","4/25/20","3","0","30083","0"
"Roosevelt","0","7","Montana","4/25/20","6","1","30085","16.67"
"Silver Bow","0","11","Montana","4/25/20","11","0","30093","0"
"Stillwater","0","1","Montana","4/25/20","1","0","30095","0"
"Toole","0","29","Montana","4/25/20","29","0","30101","0"
"Wheatland","0","1","Montana","4/25/20","0","1","30107","1"
"Yellowstone","1","77","Montana","4/25/20","70","7","30111","10"
"Adams","6","125","Nebraska","4/25/20","85","40","31001","47.06"
"Antelope","0","2","Nebraska","4/25/20","1","1","31003","100"
"Box Butte","0","1","Nebraska","4/25/20","1","0","31013","0"
"Buffalo","5","85","Nebraska","4/25/20","47","38","31019","80.85"
"Burt","0","1","Nebraska","4/25/20","1","0","31021","0"
"Butler","0","1","Nebraska","4/25/20","1","0","31023","0"
"Cass","0","4","Nebraska","4/25/20","3","1","31025","33.33"
"Cherry","0","1","Nebraska","4/25/20","1","0","31031","0"
"Cheyenne","0","5","Nebraska","4/25/20","4","1","31033","25"
"Clay","0","5","Nebraska","4/25/20","3","2","31035","66.67"
"Colfax","1","9","Nebraska","4/25/20","4","5","31037","125"
"Cuming","0","3","Nebraska","4/25/20","2","1","31039","50"
"Custer","0","21","Nebraska","4/25/20","18","3","31041","16.67"
"Dakota","44","332","Nebraska","4/25/20","22","310","31043","1409.09"
"Dawson","46","352","Nebraska","4/25/20","30","322","31047","1073.33"
"Dixon","0","2","Nebraska","4/25/20","0","2","31051","1"
"Dodge","5","45","Nebraska","4/25/20","12","33","31053","275"
"Douglas","17","382","Nebraska","4/25/20","266","116","31055","43.61"
"Fillmore","0","1","Nebraska","4/25/20","0","1","31059","1"
"Franklin","0","3","Nebraska","4/25/20","3","0","31061","0"
"Furnas","0","2","Nebraska","4/25/20","0","2","31065","1"
"Gage","0","29","Nebraska","4/25/20","27","2","31067","7.41"
"Gosper","1","8","Nebraska","4/25/20","3","5","31073","166.67"
"Greeley","0","1","Nebraska","4/25/20","0","1","31077","1"
"Hall","56","797","Nebraska","4/25/20","403","394","31079","97.77"
"Hamilton","4","46","Nebraska","4/25/20","16","30","31081","187.5"
"Howard","1","11","Nebraska","4/25/20","2","9","31093","450"
"Johnson","0","2","Nebraska","4/25/20","2","0","31097","0"
"Kearney","0","4","Nebraska","4/25/20","3","1","31099","33.33"
"Kimball","0","9","Nebraska","4/25/20","9","0","31105","0"
"Knox","0","2","Nebraska","4/25/20","2","0","31107","0"
"Lancaster","8","120","Nebraska","4/25/20","63","57","31109","90.48"
"Lincoln","0","20","Nebraska","4/25/20","18","2","31111","11.11"
"Madison","7","55","Nebraska","4/25/20","7","48","31119","685.71"
"Merrick","1","10","Nebraska","4/25/20","6","4","31121","66.67"
"Morrill","0","1","Nebraska","4/25/20","1","0","31123","0"
"Nance","0","1","Nebraska","4/25/20","1","0","31125","0"
"Nemaha","0","1","Nebraska","4/25/20","1","0","31127","0"
"Otoe","0","1","Nebraska","4/25/20","1","0","31131","0"
"Phelps","0","1","Nebraska","4/25/20","1","0","31137","0"
"Pierce","0","1","Nebraska","4/25/20","1","0","31139","0"
"Platte","1","16","Nebraska","4/25/20","6","10","31141","166.67"
"Polk","0","5","Nebraska","4/25/20","5","0","31143","0"
"Red Willow","0","1","Nebraska","4/25/20","1","0","31145","0"
"Saline","5","38","Nebraska","4/25/20","4","34","31151","850"
"Sarpy","4","77","Nebraska","4/25/20","48","29","31153","60.42"
"Saunders","0","9","Nebraska","4/25/20","6","3","31155","50"
"Scotts Bluff","1","26","Nebraska","4/25/20","18","8","31157","44.44"
"Seward","1","6","Nebraska","4/25/20","1","5","31159","500"
"Sherman","0","1","Nebraska","4/25/20","0","1","31163","1"
"Stanton","0","2","Nebraska","4/25/20","1","1","31167","100"
"Thurston","0","1","Nebraska","4/25/20","0","1","31173","1"
"Washington","0","22","Nebraska","4/25/20","20","2","31177","10"
"Wayne","0","1","Nebraska","4/25/20","1","0","31179","0"
"Webster","0","3","Nebraska","4/25/20","1","2","31181","200"
"York","0","9","Nebraska","4/25/20","6","3","31185","50"
"Carson City","1","34","Nevada","4/25/20","28","6","32510","21.43"
"Churchill","0","3","Nevada","4/25/20","3","0","32001","0"
"Clark","98","3570","Nevada","4/25/20","2882","688","32003","23.87"
"Douglas","1","18","Nevada","4/25/20","14","4","32005","28.57"
"Elko","0","12","Nevada","4/25/20","12","0","32007","0"
"Humboldt","1","35","Nevada","4/25/20","26","9","32013","34.62"
"Lander","0","1","Nevada","4/25/20","0","1","32015","1"
"Lyon","1","23","Nevada","4/25/20","15","8","32019","53.33"
"Mineral","0","2","Nevada","4/25/20","0","2","32021","1"
"Nye","1","31","Nevada","4/25/20","21","10","32023","47.62"
"Washoe","29","791","Nevada","4/25/20","588","203","32031","34.52"
"White Pine","0","3","Nevada","4/25/20","3","0","32033","0"
"Belknap","1","31","New Hampshire","4/25/20","25","6","33001","24"
"Carroll","0","30","New Hampshire","4/25/20","30","0","33003","0"
"Cheshire","1","36","New Hampshire","4/25/20","28","8","33005","28.57"
"Coos","0","2","New Hampshire","4/25/20","2","0","33007","0"
"Grafton","0","47","New Hampshire","4/25/20","45","2","33009","4.44"
"Hillsborough","33","780","New Hampshire","4/25/20","552","228","33011","41.3"
"Merrimack","5","129","New Hampshire","4/25/20","92","37","33013","40.22"
"Rockingham","18","593","New Hampshire","4/25/20","466","127","33015","27.25"
"Strafford","5","129","New Hampshire","4/25/20","92","37","33017","40.22"
"Sullivan","0","11","New Hampshire","4/25/20","10","1","33019","10"
"Atlantic","31","596","New Jersey","4/25/20","382","214","34001","56.02"
"Bergen","368","14738","New Jersey","4/25/20","12163","2575","34003","21.17"
"Burlington","100","2153","New Jersey","4/25/20","1456","697","34005","47.87"
"Camden","136","2870","New Jersey","4/25/20","1918","952","34007","49.64"
"Cape May","9","261","New Jersey","4/25/20","199","62","34009","31.16"
"Cumberland","33","504","New Jersey","4/25/20","272","232","34011","85.29"
"Essex","374","12520","New Jersey","4/25/20","9901","2619","34013","26.45"
"Gloucester","38","949","New Jersey","4/25/20","683","266","34015","38.95"
"Hudson","487","13367","New Jersey","4/25/20","9956","3411","34017","34.26"
"Hunterdon","16","505","New Jersey","4/25/20","391","114","34019","29.16"
"Mercer","147","3245","New Jersey","4/25/20","2215","1030","34021","46.5"
"Middlesex","350","10075","New Jersey","4/25/20","7624","2451","34023","32.15"
"Monmouth","142","5521","New Jersey","4/25/20","4528","993","34025","21.93"
"Morris","120","4821","New Jersey","4/25/20","3984","837","34027","21.01"
"Ocean","180","5811","New Jersey","4/25/20","4548","1263","34029","27.77"
"Passaic","400","10738","New Jersey","4/25/20","7936","2802","34031","35.31"
"Salem","10","177","New Jersey","4/25/20","105","72","34033","68.57"
"Somerset","107","3030","New Jersey","4/25/20","2283","747","34035","32.72"
"Sussex","27","812","New Jersey","4/25/20","626","186","34037","29.71"
"Union","366","11523","New Jersey","4/25/20","8959","2564","34039","28.62"
"Warren","30","750","New Jersey","4/25/20","543","207","34041","38.12"
"Bernalillo","20","670","New Mexico","4/25/20","527","143","35001","27.13"
"Catron","0","1","New Mexico","4/25/20","1","0","35003","0"
"Chaves","0","22","New Mexico","4/25/20","21","1","35005","4.76"
"Cibola","1","39","New Mexico","4/25/20","33","6","35006","18.18"
"Colfax","0","5","New Mexico","4/25/20","4","1","35007","25"
"Curry","0","11","New Mexico","4/25/20","10","1","35009","10"
"Dona Ana","6","110","New Mexico","4/25/20","67","43","35013","64.18"
"Eddy","0","11","New Mexico","4/25/20","9","2","35015","22.22"
"Grant","0","14","New Mexico","4/25/20","13","1","35017","7.69"
"Guadalupe","2","12","New Mexico","4/25/20","1","11","35019","1100"
"Harding","0","1","New Mexico","4/25/20","0","1","35021","1"
"Lea","1","10","New Mexico","4/25/20","2","8","35025","400"
"Lincoln","0","2","New Mexico","4/25/20","1","1","35027","100"
"Los Alamos","0","6","New Mexico","4/25/20","6","0","35028","0"
"Luna","0","3","New Mexico","4/25/20","3","0","35029","0"
"McKinley","50","708","New Mexico","4/25/20","356","352","35031","98.88"
"Otero","0","4","New Mexico","4/25/20","3","1","35035","33.33"
"Quay","0","4","New Mexico","4/25/20","2","2","35037","100"
"Rio Arriba","0","12","New Mexico","4/25/20","10","2","35039","20"
"Roosevelt","1","6","New Mexico","4/25/20","1","5","35041","500"
"San Juan","25","435","New Mexico","4/25/20","260","175","35045","67.31"
"San Miguel","0","2","New Mexico","4/25/20","2","0","35047","0"
"Sandoval","8","365","New Mexico","4/25/20","311","54","35043","17.36"
"Santa Fe","2","95","New Mexico","4/25/20","82","13","35049","15.85"
"Socorro","3","40","New Mexico","4/25/20","20","20","35053","100"
"Taos","0","17","New Mexico","4/25/20","15","2","35055","13.33"
"Torrance","0","13","New Mexico","4/25/20","12","1","35057","8.33"
"Union","0","1","New Mexico","4/25/20","0","1","35059","1"
"Valencia","2","41","New Mexico","4/25/20","26","15","35061","57.69"
"Albany","36","899","New York","4/25/20","648","251","36001","38.73"
"Allegany","1","35","New York","4/25/20","30","5","36003","16.67"
"Broome","9","251","New York","4/25/20","186","65","36007","34.95"
"Cattaraugus","2","45","New York","4/25/20","34","11","36009","32.35"
"Cayuga","2","47","New York","4/25/20","36","11","36011","30.56"
"Chautauqua","0","27","New York","4/25/20","25","2","36013","8"
"Chemung","4","103","New York","4/25/20","72","31","36015","43.06"
"Chenango","2","91","New York","4/25/20","77","14","36017","18.18"
"Clinton","1","54","New York","4/25/20","48","6","36019","12.5"
"Columbia","5","140","New York","4/25/20","105","35","36021","33.33"
"Cortland","0","28","New York","4/25/20","25","3","36023","12"
"Delaware","1","58","New York","4/25/20","49","9","36025","18.37"
"Dutchess","66","2660","New York","4/25/20","2201","459","36027","20.85"
"Erie","107","2773","New York","4/25/20","2023","750","36029","37.07"
"Essex","1","24","New York","4/25/20","16","8","36031","50"
"Franklin","0","14","New York","4/25/20","13","1","36033","7.69"
"Fulton","5","61","New York","4/25/20","27","34","36035","125.93"
"Genesee","8","141","New York","4/25/20","87","54","36037","62.07"
"Greene","4","107","New York","4/25/20","82","25","36039","30.49"
"Hamilton","0","3","New York","4/25/20","3","0","36041","0"
"Herkimer","1","56","New York","4/25/20","47","9","36043","19.15"
"Jefferson","1","59","New York","4/25/20","50","9","36045","18"
"Lewis","0","9","New York","4/25/20","8","1","36049","12.5"
"Livingston","3","58","New York","4/25/20","37","21","36051","56.76"
"Madison","1","121","New York","4/25/20","117","4","36053","3.42"
"Monroe","40","1285","New York","4/25/20","1008","277","36055","27.48"
"Montgomery","2","46","New York","4/25/20","34","12","36057","35.29"
"Nassau","660","33798","New York","4/25/20","29180","4618","36059","15.83"
"New York","3397","155113","New York","4/25/20","131334","23779","36061","18.11"
"Niagara","16","344","New York","4/25/20","234","110","36063","47.01"
"Oneida","14","364","New York","4/25/20","268","96","36065","35.82"
"Onondaga","9","664","New York","4/25/20","598","66","36067","11.04"
"Ontario","2","82","New York","4/25/20","69","13","36069","18.84"
"Orange","208","7973","New York","4/25/20","6514","1459","36071","22.4"
"Orleans","5","75","New York","4/25/20","41","34","36073","82.93"
"Oswego","2","57","New York","4/25/20","45","12","36075","26.67"
"Otsego","2","60","New York","4/25/20","47","13","36077","27.66"
"Putnam","22","885","New York","4/25/20","732","153","36079","20.9"
"Rensselaer","8","221","New York","4/25/20","164","57","36083","34.76"
"Rockland","274","11091","New York","4/25/20","9171","1920","36087","20.94"
"Saratoga","11","320","New York","4/25/20","244","76","36091","31.15"
"Schenectady","19","431","New York","4/25/20","295","136","36093","46.1"
"Schoharie","2","33","New York","4/25/20","20","13","36095","65"
"Schuyler","0","7","New York","4/25/20","8","-1","36097","-12.5"
"Seneca","3","36","New York","4/25/20","18","18","36099","100"
"St. Lawrence","8","156","New York","4/25/20","98","58","36089","59.18"
"Steuben","3","204","New York","4/25/20","181","23","36101","12.71"
"Suffolk","746","31368","New York","4/25/20","26143","5225","36103","19.99"
"Sullivan","24","689","New York","4/25/20","524","165","36105","31.49"
"Tioga","6","71","New York","4/25/20","32","39","36107","121.88"
"Tompkins","1","126","New York","4/25/20","119","7","36109","5.88"
"Ulster","41","1166","New York","4/25/20","880","286","36111","32.5"
"Warren","5","132","New York","4/25/20","94","38","36113","40.43"
"Washington","9","113","New York","4/25/20","52","61","36115","117.31"
"Wayne","2","65","New York","4/25/20","49","16","36117","32.65"
"Westchester","579","27231","New York","4/25/20","23179","4052","36119","17.48"
"Wyoming","2","57","New York","4/25/20","44","13","36121","29.55"
"Yates","1","16","New York","4/25/20","9","7","36123","77.78"
"Alamance","4","77","North Carolina","4/25/20","48","29","37001","60.42"
"Alexander","0","4","North Carolina","4/25/20","3","1","37003","33.33"
"Alleghany","0","2","North Carolina","4/25/20","2","0","37005","0"
"Anson","1","20","North Carolina","4/25/20","16","4","37007","25"
"Ashe","0","4","North Carolina","4/25/20","4","0","37009","0"
"Beaufort","2","31","North Carolina","4/25/20","14","17","37013","121.43"
"Bertie","3","40","North Carolina","4/25/20","20","20","37015","100"
"Bladen","1","7","North Carolina","4/25/20","2","5","37017","250"
"Brunswick","0","39","North Carolina","4/25/20","36","3","37019","8.33"
"Buncombe","1","52","North Carolina","4/25/20","47","5","37021","10.64"
"Burke","3","86","North Carolina","4/25/20","66","20","37023","30.3"
"Cabarrus","6","249","North Carolina","4/25/20","207","42","37025","20.29"
"Caldwell","1","30","North Carolina","4/25/20","22","8","37027","36.36"
"Carteret","0","27","North Carolina","4/25/20","24","3","37031","12.5"
"Caswell","1","15","North Carolina","4/25/20","7","8","37033","114.29"
"Catawba","1","50","North Carolina","4/25/20","43","7","37035","16.28"
"Chatham","16","211","North Carolina","4/25/20","101","110","37037","108.91"
"Cherokee","0","16","North Carolina","4/25/20","16","0","37039","0"
"Chowan","0","9","North Carolina","4/25/20","6","3","37041","50"
"Clay","0","6","North Carolina","4/25/20","5","1","37043","20"
"Cleveland","1","46","North Carolina","4/25/20","42","4","37045","9.52"
"Columbus","5","87","North Carolina","4/25/20","55","32","37047","58.18"
"Craven","1","39","North Carolina","4/25/20","33","6","37049","18.18"
"Cumberland","12","199","North Carolina","4/25/20","113","86","37051","76.11"
"Currituck","0","2","North Carolina","4/25/20","3","-1","37053","-33.33"
"Dare","0","15","North Carolina","4/25/20","15","0","37055","0"
"Davidson","4","120","North Carolina","4/25/20","94","26","37057","27.66"
"Davie","1","29","North Carolina","4/25/20","23","6","37059","26.09"
"Duplin","5","61","North Carolina","4/25/20","23","38","37061","165.22"
"Durham","21","546","North Carolina","4/25/20","399","147","37063","36.84"
"Edgecombe","4","77","North Carolina","4/25/20","49","28","37065","57.14"
"Forsyth","4","152","North Carolina","4/25/20","126","26","37067","20.63"
"Franklin","3","92","North Carolina","4/25/20","69","23","37069","33.33"
"Gaston","3","132","North Carolina","4/25/20","110","22","37071","20"
"Gates","0","7","North Carolina","4/25/20","4","3","37073","75"
"Granville","2","126","North Carolina","4/25/20","109","17","37077","15.6"
"Greene","0","16","North Carolina","4/25/20","14","2","37079","14.29"
"Guilford","18","304","North Carolina","4/25/20","176","128","37081","72.73"
"Halifax","3","53","North Carolina","4/25/20","32","21","37083","65.62"
"Harnett","9","119","North Carolina","4/25/20","55","64","37085","116.36"
"Haywood","0","5","North Carolina","4/25/20","5","0","37087","0"
"Henderson","7","156","North Carolina","4/25/20","108","48","37089","44.44"
"Hertford","4","32","North Carolina","4/25/20","7","25","37091","357.14"
"Hoke","3","46","North Carolina","4/25/20","23","23","37093","100"
"Hyde","0","1","North Carolina","4/25/20","0","1","37095","1"
"Iredell","2","98","North Carolina","4/25/20","81","17","37097","20.99"
"Jackson","0","5","North Carolina","4/25/20","5","0","37099","0"
"Johnston","1","130","North Carolina","4/25/20","121","9","37101","7.44"
"Jones","0","12","North Carolina","4/25/20","9","3","37103","33.33"
"Lee","10","101","North Carolina","4/25/20","30","71","37105","236.67"
"Lenoir","4","47","North Carolina","4/25/20","18","29","37107","161.11"
"Lincoln","1","25","North Carolina","4/25/20","20","5","37109","25"
"Macon","0","2","North Carolina","4/25/20","2","0","37113","0"
"Madison","0","1","North Carolina","4/25/20","0","1","37115","1"
"Martin","1","16","North Carolina","4/25/20","8","8","37117","100"
"McDowell","0","21","North Carolina","4/25/20","20","1","37111","5"
"Mecklenburg","42","1450","North Carolina","4/25/20","1153","297","37119","25.76"
"Mitchell","0","5","North Carolina","4/25/20","5","0","37121","0"
"Montgomery","1","21","North Carolina","4/25/20","17","4","37123","23.53"
"Moore","2","108","North Carolina","4/25/20","93","15","37125","16.13"
"Nash","4","80","North Carolina","4/25/20","53","27","37127","50.94"
"New Hanover","1","76","North Carolina","4/25/20","68","8","37129","11.76"
"Northampton","2","83","North Carolina","4/25/20","70","13","37131","18.57"
"Onslow","1","44","North Carolina","4/25/20","37","7","37133","18.92"
"Orange","4","209","North Carolina","4/25/20","183","26","37135","14.21"
"Pamlico","0","7","North Carolina","4/25/20","6","1","37137","16.67"
"Pasquotank","2","34","North Carolina","4/25/20","20","14","37139","70"
"Pender","1","11","North Carolina","4/25/20","6","5","37141","83.33"
"Perquimans","0","10","North Carolina","4/25/20","8","2","37143","25"
"Person","0","19","North Carolina","4/25/20","16","3","37145","18.75"
"Pitt","8","143","North Carolina","4/25/20","89","54","37147","60.67"
"Polk","0","13","North Carolina","4/25/20","10","3","37149","30"
"Randolph","7","118","North Carolina","4/25/20","69","49","37151","71.01"
"Richmond","3","36","North Carolina","4/25/20","18","18","37153","100"
"Robeson","10","92","North Carolina","4/25/20","22","70","37155","318.18"
"Rockingham","1","23","North Carolina","4/25/20","16","7","37157","43.75"
"Rowan","14","342","North Carolina","4/25/20","244","98","37159","40.16"
"Rutherford","6","108","North Carolina","4/25/20","65","43","37161","66.15"
"Sampson","2","36","North Carolina","4/25/20","19","17","37163","89.47"
"Scotland","1","21","North Carolina","4/25/20","11","10","37165","90.91"
"Stanly","1","28","North Carolina","4/25/20","20","8","37167","40"
"Stokes","0","11","North Carolina","4/25/20","10","1","37169","10"
"Surry","-1","12","North Carolina","4/25/20","17","-5","37171","-29.41"
"Transylvania","0","7","North Carolina","4/25/20","7","0","37175","0"
"Tyrrell","0","5","North Carolina","4/25/20","4","1","37177","25"
"Union","8","195","North Carolina","4/25/20","141","54","37179","38.3"
"Vance","2","41","North Carolina","4/25/20","30","11","37181","36.67"
"Wake","10","651","North Carolina","4/25/20","579","72","37183","12.44"
"Warren","0","4","North Carolina","4/25/20","3","1","37185","33.33"
"Washington","1","25","North Carolina","4/25/20","19","6","37187","31.58"
"Watauga","0","8","North Carolina","4/25/20","8","0","37189","0"
"Wayne","34","618","North Carolina","4/25/20","378","240","37191","63.49"
"Wilkes","2","18","North Carolina","4/25/20","4","14","37193","350"
"Wilson","6","148","North Carolina","4/25/20","109","39","37195","35.78"
"Yadkin","0","12","North Carolina","4/25/20","11","1","37197","9.09"
"Barnes","0","4","North Dakota","4/25/20","3","1","38003","33.33"
"Bowman","0","1","North Dakota","4/25/20","1","0","38011","0"
"Burke","0","3","North Dakota","4/25/20","2","1","38013","50"
"Burleigh","2","74","North Dakota","4/25/20","61","13","38015","21.31"
"Cass","23","357","North Dakota","4/25/20","197","160","38017","81.22"
"Divide","0","1","North Dakota","4/25/20","1","0","38023","0"
"Dunn","1","10","North Dakota","4/25/20","6","4","38025","66.67"
"Eddy","0","1","North Dakota","4/25/20","1","0","38027","0"
"Emmons","0","1","North Dakota","4/25/20","1","0","38029","0"
"Foster","0","1","North Dakota","4/25/20","1","0","38031","0"
"Grand Forks","11","173","North Dakota","4/25/20","99","74","38035","74.75"
"Grant","0","1","North Dakota","4/25/20","1","0","38037","0"
"McHenry","0","1","North Dakota","4/25/20","1","0","38049","0"
"McIntosh","0","1","North Dakota","4/25/20","1","0","38051","0"
"McKenzie","0","12","North Dakota","4/25/20","10","2","38053","20"
"McLean","0","3","North Dakota","4/25/20","3","0","38055","0"
"Morton","0","24","North Dakota","4/25/20","21","3","38059","14.29"
"Mountrail","1","33","North Dakota","4/25/20","29","4","38061","13.79"
"Nelson","0","1","North Dakota","4/25/20","0","1","38063","1"
"Oliver","0","1","North Dakota","4/25/20","1","0","38065","0"
"Pembina","0","1","North Dakota","4/25/20","0","1","38067","1"
"Pierce","0","2","North Dakota","4/25/20","2","0","38069","0"
"Ramsey","0","3","North Dakota","4/25/20","3","0","38071","0"
"Richland","0","7","North Dakota","4/25/20","5","2","38077","40"
"Rolette","0","1","North Dakota","4/25/20","1","0","38079","0"
"Sargent","0","1","North Dakota","4/25/20","1","0","38081","0"
"Sioux","0","1","North Dakota","4/25/20","1","0","38085","0"
"Slope","0","3","North Dakota","4/25/20","3","0","38087","0"
"Stark","0","40","North Dakota","4/25/20","38","2","38089","5.26"
"Stutsman","0","4","North Dakota","4/25/20","1","3","38093","300"
"Walsh","0","4","North Dakota","4/25/20","3","1","38099","33.33"
"Ward","0","21","North Dakota","4/25/20","20","1","38101","5"
"Wells","0","2","North Dakota","4/25/20","0","2","38103","1"
"Williams","0","10","North Dakota","4/25/20","10","0","38105","0"
"","0","14","Northern Mariana Islands","4/25/20","14","0",,"0"
"Adams","0","4","Ohio","4/25/20","3","1","39001","33.33"
"Allen","5","108","Ohio","4/25/20","70","38","39003","54.29"
"Ashland","0","5","Ohio","4/25/20","5","0","39005","0"
"Ashtabula","6","107","Ohio","4/25/20","64","43","39007","67.19"
"Athens","0","3","Ohio","4/25/20","3","0","39009","0"
"Auglaize","1","30","Ohio","4/25/20","22","8","39011","36.36"
"Belmont","5","101","Ohio","4/25/20","68","33","39013","48.53"
"Brown","0","11","Ohio","4/25/20","9","2","39015","22.22"
"Butler","7","216","Ohio","4/25/20","164","52","39017","31.71"
"Carroll","1","20","Ohio","4/25/20","15","5","39019","33.33"
"Champaign","1","12","Ohio","4/25/20","7","5","39021","71.43"
"Clark","1","32","Ohio","4/25/20","26","6","39023","23.08"
"Clermont","1","77","Ohio","4/25/20","71","6","39025","8.45"
"Clinton","0","27","Ohio","4/25/20","26","1","39027","3.85"
"Columbiana","8","219","Ohio","4/25/20","161","58","39029","36.02"
"Coshocton","0","16","Ohio","4/25/20","16","0","39031","0"
"Crawford","0","39","Ohio","4/25/20","36","3","39033","8.33"
"Cuyahoga","59","1867","Ohio","4/25/20","1453","414","39035","28.49"
"Darke","3","75","Ohio","4/25/20","55","20","39037","36.36"
"Defiance","1","19","Ohio","4/25/20","13","6","39039","46.15"
"Delaware","3","138","Ohio","4/25/20","119","19","39041","15.97"
"Erie","3","47","Ohio","4/25/20","27","20","39043","74.07"
"Fairfield","2","110","Ohio","4/25/20","97","13","39045","13.4"
"Fayette","0","13","Ohio","4/25/20","13","0","39047","0"
"Franklin","62","1839","Ohio","4/25/20","1403","436","39049","31.08"
"Fulton","1","19","Ohio","4/25/20","14","5","39051","35.71"
"Gallia","0","6","Ohio","4/25/20","6","0","39053","0"
"Geauga","4","128","Ohio","4/25/20","98","30","39055","30.61"
"Greene","0","41","Ohio","4/25/20","39","2","39057","5.13"
"Guernsey","1","15","Ohio","4/25/20","10","5","39059","50"
"Hamilton","39","975","Ohio","4/25/20","701","274","39061","39.09"
"Hancock","1","34","Ohio","4/25/20","30","4","39063","13.33"
"Hardin","1","23","Ohio","4/25/20","15","8","39065","53.33"
"Harrison","0","2","Ohio","4/25/20","2","0","39067","0"
"Henry","0","4","Ohio","4/25/20","3","1","39069","33.33"
"Highland","0","8","Ohio","4/25/20","7","1","39071","14.29"
"Hocking","1","11","Ohio","4/25/20","4","7","39073","175"
"Holmes","0","5","Ohio","4/25/20","3","2","39075","66.67"
"Huron","2","27","Ohio","4/25/20","15","12","39077","80"
"Jackson","0","4","Ohio","4/25/20","4","0","39079","0"
"Jefferson","1","35","Ohio","4/25/20","26","9","39081","34.62"
"Knox","1","15","Ohio","4/25/20","11","4","39083","36.36"
"Lake","4","157","Ohio","4/25/20","131","26","39085","19.85"
"Lawrence","0","22","Ohio","4/25/20","20","2","39087","10"
"Licking","2","108","Ohio","4/25/20","94","14","39089","14.89"
"Logan","1","18","Ohio","4/25/20","13","5","39091","38.46"
"Lorain","12","374","Ohio","4/25/20","291","83","39093","28.52"
"Lucas","44","1033","Ohio","4/25/20","724","309","39095","42.68"
"Madison","3","51","Ohio","4/25/20","30","21","39097","70"
"Mahoning","21","721","Ohio","4/25/20","572","149","39099","26.05"
"Marion","170","2172","Ohio","4/25/20","983","1189","39101","120.96"
"Medina","3","153","Ohio","4/25/20","132","21","39103","15.91"
"Meigs","0","2","Ohio","4/25/20","2","0","39105","0"
"Mercer","1","18","Ohio","4/25/20","13","5","39107","38.46"
"Miami","1","135","Ohio","4/25/20","129","6","39109","4.65"
"Monroe","0","2","Ohio","4/25/20","2","0","39111","0"
"Montgomery","4","256","Ohio","4/25/20","229","27","39113","11.79"
"Morgan","0","4","Ohio","4/25/20","3","1","39115","33.33"
"Morrow","1","26","Ohio","4/25/20","19","7","39117","36.84"
"Muskingum","0","11","Ohio","4/25/20","8","3","39119","37.5"
"Noble","0","4","Ohio","4/25/20","3","1","39121","33.33"
"Ottawa","1","37","Ohio","4/25/20","27","10","39123","37.04"
"Paulding","0","8","Ohio","4/25/20","5","3","39125","60"
"Perry","0","12","Ohio","4/25/20","9","3","39127","33.33"
"Pickaway","194","1662","Ohio","4/25/20","302","1360","39129","450.33"
"Pike","0","3","Ohio","4/25/20","1","2","39131","200"
"Portage","7","214","Ohio","4/25/20","168","46","39133","27.38"
"Preble","1","25","Ohio","4/25/20","21","4","39135","19.05"
"Putnam","5","51","Ohio","4/25/20","14","37","39137","264.29"
"Richland","2","77","Ohio","4/25/20","60","17","39139","28.33"
"Ross","0","35","Ohio","4/25/20","33","2","39141","6.06"
"Sandusky","0","20","Ohio","4/25/20","17","3","39143","17.65"
"Scioto","0","6","Ohio","4/25/20","7","-1","39145","-14.29"
"Seneca","0","12","Ohio","4/25/20","11","1","39147","9.09"
"Shelby","0","30","Ohio","4/25/20","28","2","39149","7.14"
"Stark","12","303","Ohio","4/25/20","221","82","39151","37.1"
"Summit","19","475","Ohio","4/25/20","340","135","39153","39.71"
"Trumbull","8","287","Ohio","4/25/20","231","56","39155","24.24"
"Tuscarawas","2","48","Ohio","4/25/20","31","17","39157","54.84"
"Union","1","18","Ohio","4/25/20","12","6","39159","50"
"Van Wert","0","3","Ohio","4/25/20","2","1","39161","50"
"Warren","3","131","Ohio","4/25/20","112","19","39165","16.96"
"Washington","5","93","Ohio","4/25/20","57","36","39167","63.16"
"Wayne","3","100","Ohio","4/25/20","77","23","39169","29.87"
"Williams","3","27","Ohio","4/25/20","7","20","39171","285.71"
"Wood","7","132","Ohio","4/25/20","80","52","39173","65"
"Wyandot","1","24","Ohio","4/25/20","17","7","39175","41.18"
"Adair","4","54","Oklahoma","4/25/20","29","25","40001","86.21"
"Alfalfa","0","1","Oklahoma","4/25/20","1","0","40003","0"
"Atoka","0","1","Oklahoma","4/25/20","1","0","40005","0"
"Beaver","0","2","Oklahoma","4/25/20","1","1","40007","100"
"Beckham","0","3","Oklahoma","4/25/20","2","1","40009","50"
"Bryan","0","6","Oklahoma","4/25/20","5","1","40013","20"
"Caddo","1","53","Oklahoma","4/25/20","48","5","40015","10.42"
"Canadian","4","90","Oklahoma","4/25/20","65","25","40017","38.46"
"Carter","0","2","Oklahoma","4/25/20","1","1","40019","100"
"Cherokee","1","26","Oklahoma","4/25/20","22","4","40021","18.18"
"Choctaw","0","3","Oklahoma","4/25/20","3","0","40023","0"
"Cimarron","0","1","Oklahoma","4/25/20","0","1","40025","1"
"Cleveland","14","400","Oklahoma","4/25/20","301","99","40027","32.89"
"Comanche","3","76","Oklahoma","4/25/20","57","19","40031","33.33"
"Cotton","0","5","Oklahoma","4/25/20","5","0","40033","0"
"Craig","0","9","Oklahoma","4/25/20","7","2","40035","28.57"
"Creek","2","73","Oklahoma","4/25/20","58","15","40037","25.86"
"Custer","0","10","Oklahoma","4/25/20","7","3","40039","42.86"
"Delaware","2","90","Oklahoma","4/25/20","74","16","40041","21.62"
"Dewey","0","2","Oklahoma","4/25/20","2","0","40043","0"
"Garfield","0","11","Oklahoma","4/25/20","9","2","40047","22.22"
"Garvin","0","13","Oklahoma","4/25/20","10","3","40049","30"
"Grady","3","34","Oklahoma","4/25/20","16","18","40051","112.5"
"Grant","0","2","Oklahoma","4/25/20","2","0","40053","0"
"Greer","2","64","Oklahoma","4/25/20","50","14","40055","28"
"Harper","0","1","Oklahoma","4/25/20","0","1","40059","1"
"Haskell","0","3","Oklahoma","4/25/20","0","3","40061","1"
"Jackson","1","14","Oklahoma","4/25/20","6","8","40065","133.33"
"Jefferson","0","2","Oklahoma","4/25/20","1","1","40067","100"
"Johnston","0","4","Oklahoma","4/25/20","2","2","40069","100"
"Kay","0","47","Oklahoma","4/25/20","46","1","40071","2.17"
"Kingfisher","0","7","Oklahoma","4/25/20","6","1","40073","16.67"
"Kiowa","0","4","Oklahoma","4/25/20","2","2","40075","100"
"Latimer","0","4","Oklahoma","4/25/20","4","0","40077","0"
"Le Flore","1","9","Oklahoma","4/25/20","5","4","40079","80"
"Lincoln","0","10","Oklahoma","4/25/20","11","-1","40081","-9.09"
"Logan","1","12","Oklahoma","4/25/20","8","4","40083","50"
"Love","0","2","Oklahoma","4/25/20","2","0","40085","0"
"Major","0","2","Oklahoma","4/25/20","2","0","40093","0"
"Marshall","0","2","Oklahoma","4/25/20","1","1","40095","100"
"Mayes","0","21","Oklahoma","4/25/20","19","2","40097","10.53"
"McClain","1","30","Oklahoma","4/25/20","20","10","40087","50"
"McCurtain","0","8","Oklahoma","4/25/20","7","1","40089","14.29"
"McIntosh","0","2","Oklahoma","4/25/20","2","0","40091","0"
"Murray","0","1","Oklahoma","4/25/20","0","1","40099","1"
"Muskogee","0","26","Oklahoma","4/25/20","25","1","40101","4"
"Noble","0","6","Oklahoma","4/25/20","6","0","40103","0"
"Nowata","1","19","Oklahoma","4/25/20","11","8","40105","72.73"
"Okfuskee","0","1","Oklahoma","4/25/20","1","0","40107","0"
"Oklahoma","28","694","Oklahoma","4/25/20","497","197","40109","39.64"
"Okmulgee","0","16","Oklahoma","4/25/20","14","2","40111","14.29"
"Osage","1","71","Oklahoma","4/25/20","61","10","40113","16.39"
"Ottawa","1","29","Oklahoma","4/25/20","24","5","40115","20.83"
"Pawnee","0","28","Oklahoma","4/25/20","28","0","40117","0"
"Payne","1","43","Oklahoma","4/25/20","34","9","40119","26.47"
"Pittsburg","1","21","Oklahoma","4/25/20","14","7","40121","50"
"Pontotoc","0","10","Oklahoma","4/25/20","10","0","40123","0"
"Pottawatomie","1","40","Oklahoma","4/25/20","32","8","40125","25"
"Rogers","2","46","Oklahoma","4/25/20","30","16","40131","53.33"
"Seminole","0","8","Oklahoma","4/25/20","7","1","40133","14.29"
"Sequoyah","0","11","Oklahoma","4/25/20","10","1","40135","10"
"Stephens","1","20","Oklahoma","4/25/20","15","5","40137","33.33"
"Texas","8","68","Oklahoma","4/25/20","9","59","40139","655.56"
"Tillman","0","1","Oklahoma","4/25/20","1","0","40141","0"
"Tulsa","15","479","Oklahoma","4/25/20","376","103","40143","27.39"
"Wagoner","1","114","Oklahoma","4/25/20","107","7","40145","6.54"
"Washington","14","222","Oklahoma","4/25/20","124","98","40147","79.03"
"Washita","0","1","Oklahoma","4/25/20","0","1","40149","1"
"Woods","0","3","Oklahoma","4/25/20","0","3","40151","1"
"Woodward","0","1","Oklahoma","4/25/20","1","0","40153","0"
"Benton","0","28","Oregon","4/25/20","27","1","41003","3.7"
"Clackamas","7","201","Oregon","4/25/20","154","47","41005","30.52"
"Clatsop","0","6","Oregon","4/25/20","6","0","41007","0"
"Columbia","0","14","Oregon","4/25/20","14","0","41009","0"
"Coos","1","8","Oregon","4/25/20","1","7","41011","700"
"Crook","0","1","Oregon","4/25/20","1","0","41013","0"
"Curry","0","4","Oregon","4/25/20","4","0","41015","0"
"Deschutes","1","71","Oregon","4/25/20","63","8","41017","12.7"
"Douglas","0","23","Oregon","4/25/20","22","1","41019","4.55"
"Grant","0","1","Oregon","4/25/20","1","0","41023","0"
"Hood River","0","5","Oregon","4/25/20","4","1","41027","25"
"Jackson","0","49","Oregon","4/25/20","49","0","41029","0"
"Jefferson","1","5","Oregon","4/25/20","1","4","41031","400"
"Josephine","0","19","Oregon","4/25/20","19","0","41033","0"
"Klamath","1","36","Oregon","4/25/20","31","5","41035","16.13"
"Lane","1","50","Oregon","4/25/20","46","4","41039","8.7"
"Lincoln","0","5","Oregon","4/25/20","4","1","41041","25"
"Linn","2","71","Oregon","4/25/20","59","12","41043","20.34"
"Malheur","0","6","Oregon","4/25/20","5","1","41045","20"
"Marion","14","432","Oregon","4/25/20","335","97","41047","28.96"
"Morrow","0","5","Oregon","4/25/20","5","0","41049","0"
"Multnomah","19","623","Oregon","4/25/20","493","130","41051","26.37"
"Polk","1","37","Oregon","4/25/20","32","5","41053","15.62"
"Sherman","0","1","Oregon","4/25/20","1","0","41055","0"
"Tillamook","0","6","Oregon","4/25/20","6","0","41057","0"
"Umatilla","1","35","Oregon","4/25/20","25","10","41059","40"
"Union","0","4","Oregon","4/25/20","4","0","41061","0"
"Wallowa","0","1","Oregon","4/25/20","1","0","41063","0"
"Wasco","0","12","Oregon","4/25/20","10","2","41065","20"
"Washington","10","459","Oregon","4/25/20","387","72","41067","18.6"
"Yamhill","0","35","Oregon","4/25/20","34","1","41071","2.94"
"Adams","6","113","Pennsylvania","4/25/20","74","39","42001","52.7"
"Allegheny","27","1198","Pennsylvania","4/25/20","1009","189","42003","18.73"
"Armstrong","1","46","Pennsylvania","4/25/20","36","10","42005","27.78"
"Beaver","12","359","Pennsylvania","4/25/20","278","81","42007","29.14"
"Bedford","1","21","Pennsylvania","4/25/20","14","7","42009","50"
"Berks","94","2406","Pennsylvania","4/25/20","1748","658","42011","37.64"
"Blair","1","21","Pennsylvania","4/25/20","14","7","42013","50"
"Bradford","1","28","Pennsylvania","4/25/20","24","4","42015","16.67"
"Bucks","122","2541","Pennsylvania","4/25/20","1689","852","42017","50.44"
"Butler","1","168","Pennsylvania","4/25/20","160","8","42019","5"
"Cambria","1","21","Pennsylvania","4/25/20","17","4","42021","23.53"
"Cameron","0","1","Pennsylvania","4/25/20","1","0","42023","0"
"Carbon","4","162","Pennsylvania","4/25/20","136","26","42025","19.12"
"Centre","1","81","Pennsylvania","4/25/20","73","8","42027","10.96"
"Chester","48","1134","Pennsylvania","4/25/20","796","338","42029","42.46"
"Clarion","1","22","Pennsylvania","4/25/20","18","4","42031","22.22"
"Clearfield","0","11","Pennsylvania","4/25/20","9","2","42033","22.22"
"Clinton","1","18","Pennsylvania","4/25/20","11","7","42035","63.64"
"Columbia","10","257","Pennsylvania","4/25/20","184","73","42037","39.67"
"Crawford","0","19","Pennsylvania","4/25/20","16","3","42039","18.75"
"Cumberland","11","250","Pennsylvania","4/25/20","176","74","42041","42.05"
"Dauphin","21","492","Pennsylvania","4/25/20","343","149","42043","43.44"
"Delaware","121","3161","Pennsylvania","4/25/20","2317","844","42045","36.43"
"Elk","0","2","Pennsylvania","4/25/20","2","0","42047","0"
"Erie","3","79","Pennsylvania","4/25/20","58","21","42049","36.21"
"Fayette","2","79","Pennsylvania","4/25/20","66","13","42051","19.7"
"Forest","0","7","Pennsylvania","4/25/20","7","0","42053","0"
"Franklin","11","181","Pennsylvania","4/25/20","106","75","42055","70.75"
"Fulton","0","3","Pennsylvania","4/25/20","2","1","42057","50"
"Greene","0","25","Pennsylvania","4/25/20","24","1","42059","4.17"
"Huntingdon","1","22","Pennsylvania","4/25/20","12","10","42061","83.33"
"Indiana","2","63","Pennsylvania","4/25/20","47","16","42063","34.04"
"Jefferson","0","4","Pennsylvania","4/25/20","2","2","42065","100"
"Juniata","2","77","Pennsylvania","4/25/20","66","11","42067","16.67"
"Lackawanna","22","772","Pennsylvania","4/25/20","620","152","42069","24.52"
"Lancaster","55","1501","Pennsylvania","4/25/20","1113","388","42071","34.86"
"Lawrence","0","61","Pennsylvania","4/25/20","60","1","42073","1.67"
"Lebanon","19","592","Pennsylvania","4/25/20","458","134","42075","29.26"
"Lehigh","59","2551","Pennsylvania","4/25/20","2141","410","42077","19.15"
"Luzerne","36","1962","Pennsylvania","4/25/20","1712","250","42079","14.6"
"Lycoming","2","53","Pennsylvania","4/25/20","36","17","42081","47.22"
"McKean","0","5","Pennsylvania","4/25/20","4","1","42083","25"
"Mercer","1","64","Pennsylvania","4/25/20","57","7","42085","12.28"
"Mifflin","1","26","Pennsylvania","4/25/20","19","7","42087","36.84"
"Monroe","16","1054","Pennsylvania","4/25/20","943","111","42089","11.77"
"Montgomery","121","3627","Pennsylvania","4/25/20","2781","846","42091","30.42"
"Montour","0","47","Pennsylvania","4/25/20","49","-2","42093","-4.08"
"Northampton","55","1780","Pennsylvania","4/25/20","1396","384","42095","27.51"
"Northumberland","3","87","Pennsylvania","4/25/20","67","20","42097","29.85"
"Perry","1","26","Pennsylvania","4/25/20","20","6","42099","30"
"Philadelphia","409","11877","Pennsylvania","4/25/20","9014","2863","42101","31.76"
"Pike","7","347","Pennsylvania","4/25/20","295","52","42103","17.63"
"Potter","0","4","Pennsylvania","4/25/20","4","0","42105","0"
"Schuylkill","8","311","Pennsylvania","4/25/20","254","57","42107","22.44"
"Snyder","1","32","Pennsylvania","4/25/20","27","5","42109","18.52"
"Somerset","1","25","Pennsylvania","4/25/20","17","8","42111","47.06"
"Sullivan","0","1","Pennsylvania","4/25/20","1","0","42113","0"
"Susquehanna","3","77","Pennsylvania","4/25/20","59","18","42115","30.51"
"Tioga","0","14","Pennsylvania","4/25/20","14","0","42117","0"
"Union","1","31","Pennsylvania","4/25/20","27","4","42119","14.81"
"Venango","0","7","Pennsylvania","4/25/20","6","1","42121","16.67"
"Warren","0","1","Pennsylvania","4/25/20","1","0","42123","0"
"Washington","3","99","Pennsylvania","4/25/20","79","20","42125","25.32"
"Wayne","1","92","Pennsylvania","4/25/20","84","8","42127","9.52"
"Westmoreland","11","360","Pennsylvania","4/25/20","280","80","42129","28.57"
"Wyoming","0","17","Pennsylvania","4/25/20","16","1","42131","6.25"
"York","16","578","Pennsylvania","4/25/20","463","115","42133","24.84"
"","27","1307","Puerto Rico","4/25/20","1118","189",,"16.91"
"Bristol","7","107","Rhode Island","4/25/20","57","50","44001","87.72"
"Kent","28","496","Rhode Island","4/25/20","299","197","44003","65.89"
"Newport","4","130","Rhode Island","4/25/20","103","27","44005","26.21"
"Providence","316","4916","Rhode Island","4/25/20","2703","2213","44007","81.87"
"Washington","14","282","Rhode Island","4/25/20","183","99","44009","54.1"
"Abbeville","1","24","South Carolina","4/25/20","15","9","45001","60"
"Aiken","3","89","South Carolina","4/25/20","67","22","45003","32.84"
"Allendale","0","8","South Carolina","4/25/20","6","2","45005","33.33"
"Anderson","1","138","South Carolina","4/25/20","133","5","45007","3.76"
"Bamberg","0","7","South Carolina","4/25/20","7","0","45009","0"
"Barnwell","1","14","South Carolina","4/25/20","5","9","45011","180"
"Beaufort","5","253","South Carolina","4/25/20","220","33","45013","15"
"Berkeley","8","181","South Carolina","4/25/20","124","57","45015","45.97"
"Calhoun","0","6","South Carolina","4/25/20","6","0","45017","0"
"Charleston","6","424","South Carolina","4/25/20","385","39","45019","10.13"
"Cherokee","0","14","South Carolina","4/25/20","13","1","45021","7.69"
"Chester","1","27","South Carolina","4/25/20","23","4","45023","17.39"
"Chesterfield","1","44","South Carolina","4/25/20","35","9","45025","25.71"
"Clarendon","9","172","South Carolina","4/25/20","109","63","45027","57.8"
"Colleton","0","26","South Carolina","4/25/20","23","3","45029","13.04"
"Darlington","6","103","South Carolina","4/25/20","59","44","45031","74.58"
"Dillon","3","35","South Carolina","4/25/20","17","18","45033","105.88"
"Dorchester","0","86","South Carolina","4/25/20","84","2","45035","2.38"
"Edgefield","2","23","South Carolina","4/25/20","11","12","45037","109.09"
"Fairfield","1","29","South Carolina","4/25/20","25","4","45039","16"
"Florence","16","242","South Carolina","4/25/20","128","114","45041","89.06"
"Georgetown","1","39","South Carolina","4/25/20","34","5","45043","14.71"
"Greenville","11","564","South Carolina","4/25/20","486","78","45045","16.05"
"Greenwood","1","43","South Carolina","4/25/20","34","9","45047","26.47"
"Hampton","0","21","South Carolina","4/25/20","20","1","45049","5"
"Horry","4","201","South Carolina","4/25/20","176","25","45051","14.2"
"Jasper","0","17","South Carolina","4/25/20","16","1","45053","6.25"
"Kershaw","3","215","South Carolina","4/25/20","195","20","45055","10.26"
"Lancaster","2","85","South Carolina","4/25/20","73","12","45057","16.44"
"Laurens","0","22","South Carolina","4/25/20","19","3","45059","15.79"
"Lee","2","51","South Carolina","4/25/20","40","11","45061","27.5"
"Lexington","7","317","South Carolina","4/25/20","271","46","45063","16.97"
"Marion","2","29","South Carolina","4/25/20","13","16","45067","123.08"
"Marlboro","2","38","South Carolina","4/25/20","25","13","45069","52"
"McCormick","0","6","South Carolina","4/25/20","6","0","45065","0"
"Newberry","0","22","South Carolina","4/25/20","23","-1","45071","-4.35"
"Oconee","1","20","South Carolina","4/25/20","16","4","45073","25"
"Orangeburg","2","56","South Carolina","4/25/20","41","15","45075","36.59"
"Pickens","1","44","South Carolina","4/25/20","38","6","45077","15.79"
"Richland","23","787","South Carolina","4/25/20","626","161","45079","25.72"
"Saluda","3","28","South Carolina","4/25/20","10","18","45081","180"
"Spartanburg","5","243","South Carolina","4/25/20","211","32","45083","15.17"
"Sumter","5","213","South Carolina","4/25/20","181","32","45085","17.68"
"Union","0","25","South Carolina","4/25/20","23","2","45087","8.7"
"Williamsburg","4","45","South Carolina","4/25/20","20","25","45089","125"
"York","3","177","South Carolina","4/25/20","156","21","45091","13.46"
"Aurora","0","1","South Dakota","4/25/20","1","0","46003","0"
"Beadle","0","21","South Dakota","4/25/20","21","0","46005","0"
"Bon Homme","0","4","South Dakota","4/25/20","4","0","46009","0"
"Brookings","0","11","South Dakota","4/25/20","9","2","46011","22.22"
"Brown","2","30","South Dakota","4/25/20","18","12","46013","66.67"
"Charles Mix","0","4","South Dakota","4/25/20","4","0","46023","0"
"Clark","0","1","South Dakota","4/25/20","1","0","46025","0"
"Clay","0","5","South Dakota","4/25/20","5","0","46027","0"
"Codington","0","14","South Dakota","4/25/20","13","1","46029","7.69"
"Corson","0","1","South Dakota","4/25/20","1","0","46031","0"
"Davison","0","5","South Dakota","4/25/20","3","2","46035","66.67"
"Day","0","0","South Dakota","4/25/20","1","-1","46037","-100"
"Deuel","0","1","South Dakota","4/25/20","1","0","46039","0"
"Fall River","0","1","South Dakota","4/25/20","1","0","46047","0"
"Faulk","0","1","South Dakota","4/25/20","1","0","46049","0"
"Hamlin","0","2","South Dakota","4/25/20","2","0","46057","0"
"Hughes","0","7","South Dakota","4/25/20","5","2","46065","40"
"Hutchinson","0","2","South Dakota","4/25/20","2","0","46067","0"
"Hyde","0","1","South Dakota","4/25/20","1","0","46069","0"
"Jerauld","0","6","South Dakota","4/25/20","4","2","46073","50"
"Lake","0","4","South Dakota","4/25/20","3","1","46079","33.33"
"Lawrence","0","9","South Dakota","4/25/20","9","0","46081","0"
"Lincoln","6","125","South Dakota","4/25/20","86","39","46083","45.35"
"Lyman","0","2","South Dakota","4/25/20","2","0","46085","0"
"Marshall","0","1","South Dakota","4/25/20","1","0","46091","0"
"McCook","0","4","South Dakota","4/25/20","3","1","46087","33.33"
"McPherson","0","1","South Dakota","4/25/20","0","1","46089","1"
"Meade","0","1","South Dakota","4/25/20","1","0","46093","0"
"Miner","0","1","South Dakota","4/25/20","1","0","46097","0"
"Minnehaha","74","1796","South Dakota","4/25/20","1276","520","46099","40.75"
"Moody","0","2","South Dakota","4/25/20","1","1","46101","100"
"Oglala Lakota","0","1","South Dakota","4/25/20","1","0","46102","0"
"Pennington","0","11","South Dakota","4/25/20","10","1","46103","10"
"Roberts","0","4","South Dakota","4/25/20","4","0","46109","0"
"Sanborn","0","3","South Dakota","4/25/20","3","0","46111","0"
"Spink","0","3","South Dakota","4/25/20","3","0","46115","0"
"Stanley","0","1","South Dakota","4/25/20","0","1","46117","1"
"Sully","0","1","South Dakota","4/25/20","1","0","46119","0"
"Todd","0","1","South Dakota","4/25/20","1","0","46121","0"
"Turner","1","15","South Dakota","4/25/20","5","10","46125","200"
"Union","1","12","South Dakota","4/25/20","5","7","46127","140"
"Walworth","0","5","South Dakota","4/25/20","5","0","46129","0"
"Yankton","0","26","South Dakota","4/25/20","23","3","46135","13.04"
"Anderson","1","24","Tennessee","4/25/20","16","8","47001","50"
"Bedford","15","150","Tennessee","4/25/20","48","102","47003","212.5"
"Benton","0","6","Tennessee","4/25/20","4","2","47005","50"
"Bledsoe","83","586","Tennessee","4/25/20","8","578","47007","7225"
"Blount","1","53","Tennessee","4/25/20","46","7","47009","15.22"
"Bradley","0","41","Tennessee","4/25/20","38","3","47011","7.89"
"Campbell","0","13","Tennessee","4/25/20","13","0","47013","0"
"Cannon","0","10","Tennessee","4/25/20","9","1","47015","11.11"
"Carroll","0","16","Tennessee","4/25/20","13","3","47017","23.08"
"Carter","1","10","Tennessee","4/25/20","5","5","47019","100"
"Cheatham","2","36","Tennessee","4/25/20","21","15","47021","71.43"
"Chester","1","10","Tennessee","4/25/20","6","4","47023","66.67"
"Claiborne","0","5","Tennessee","4/25/20","5","0","47025","0"
"Clay","0","5","Tennessee","4/25/20","5","0","47027","0"
"Cocke","0","14","Tennessee","4/25/20","11","3","47029","27.27"
"Coffee","2","31","Tennessee","4/25/20","18","13","47031","72.22"
"Crockett","1","7","Tennessee","4/25/20","0","7","47033","1"
"Cumberland","1","66","Tennessee","4/25/20","56","10","47035","17.86"
"Davidson","96","2136","Tennessee","4/25/20","1465","671","47037","45.8"
"Decatur","0","4","Tennessee","4/25/20","5","-1","47039","-20"
"DeKalb","0","11","Tennessee","4/25/20","10","1","47041","10"
"Dickson","3","64","Tennessee","4/25/20","42","22","47043","52.38"
"Dyer","1","31","Tennessee","4/25/20","24","7","47045","29.17"
"Fayette","1","51","Tennessee","4/25/20","44","7","47047","15.91"
"Fentress","0","4","Tennessee","4/25/20","4","0","47049","0"
"Franklin","1","29","Tennessee","4/25/20","23","6","47051","26.09"
"Gibson","1","35","Tennessee","4/25/20","27","8","47053","29.63"
"Giles","0","5","Tennessee","4/25/20","5","0","47055","0"
"Grainger","0","4","Tennessee","4/25/20","4","0","47057","0"
"Greene","2","41","Tennessee","4/25/20","30","11","47059","36.67"
"Grundy","0","28","Tennessee","4/25/20","25","3","47061","12"
"Hamblen","1","14","Tennessee","4/25/20","7","7","47063","100"
"Hamilton","4","140","Tennessee","4/25/20","114","26","47065","22.81"
"Hardeman","1","11","Tennessee","4/25/20","7","4","47069","57.14"
"Hardin","0","5","Tennessee","4/25/20","4","1","47071","25"
"Hawkins","0","29","Tennessee","4/25/20","27","2","47073","7.41"
"Haywood","1","17","Tennessee","4/25/20","12","5","47075","41.67"
"Henderson","0","5","Tennessee","4/25/20","2","3","47077","150"
"Henry","0","11","Tennessee","4/25/20","9","2","47079","22.22"
"Hickman","5","40","Tennessee","4/25/20","2","38","47081","1900"
"Houston","0","4","Tennessee","4/25/20","4","0","47083","0"
"Humphreys","1","9","Tennessee","4/25/20","4","5","47085","125"
"Jackson","0","7","Tennessee","4/25/20","6","1","47087","16.67"
"Jefferson","0","17","Tennessee","4/25/20","16","1","47089","6.25"
"Johnson","0","2","Tennessee","4/25/20","2","0","47091","0"
"Knox","2","210","Tennessee","4/25/20","194","16","47093","8.25"
"Lake","6","48","Tennessee","4/25/20","4","44","47095","1100"
"Lauderdale","0","16","Tennessee","4/25/20","13","3","47097","23.08"
"Lawrence","0","16","Tennessee","4/25/20","15","1","47099","6.67"
"Lewis","0","2","Tennessee","4/25/20","2","0","47101","0"
"Lincoln","0","12","Tennessee","4/25/20","9","3","47103","33.33"
"Loudon","1","25","Tennessee","4/25/20","21","4","47105","19.05"
"Macon","1","37","Tennessee","4/25/20","31","6","47111","19.35"
"Madison","2","99","Tennessee","4/25/20","83","16","47113","19.28"
"Marion","0","28","Tennessee","4/25/20","28","0","47115","0"
"Marshall","1","22","Tennessee","4/25/20","13","9","47117","69.23"
"Maury","1","38","Tennessee","4/25/20","34","4","47119","11.76"
"McMinn","1","10","Tennessee","4/25/20","6","4","47107","66.67"
"McNairy","0","11","Tennessee","4/25/20","9","2","47109","22.22"
"Meigs","0","5","Tennessee","4/25/20","3","2","47121","66.67"
"Monroe","0","12","Tennessee","4/25/20","10","2","47123","20"
"Montgomery","4","134","Tennessee","4/25/20","108","26","47125","24.07"
"Moore","0","3","Tennessee","4/25/20","1","2","47127","200"
"Morgan","0","6","Tennessee","4/25/20","5","1","47129","20"
"Obion","0","12","Tennessee","4/25/20","9","3","47131","33.33"
"Out of TN","7","307","Tennessee","4/25/20","259","48","80047","18.53"
"Overton","0","7","Tennessee","4/25/20","7","0","47133","0"
"Perry","0","8","Tennessee","4/25/20","6","2","47135","33.33"
"Polk","0","6","Tennessee","4/25/20","5","1","47139","20"
"Putnam","2","106","Tennessee","4/25/20","94","12","47141","12.77"
"Rhea","0","3","Tennessee","4/25/20","1","2","47143","200"
"Roane","0","7","Tennessee","4/25/20","8","-1","47145","-12.5"
"Robertson","3","127","Tennessee","4/25/20","105","22","47147","20.95"
"Rutherford","13","387","Tennessee","4/25/20","295","92","47149","31.19"
"Scott","0","11","Tennessee","4/25/20","11","0","47151","0"
"Sequatchie","0","4","Tennessee","4/25/20","3","1","47153","33.33"
"Sevier","3","42","Tennessee","4/25/20","24","18","47155","75"
"Shelby","58","2086","Tennessee","4/25/20","1682","404","47157","24.02"
"Smith","1","19","Tennessee","4/25/20","12","7","47159","58.33"
"Stewart","0","6","Tennessee","4/25/20","5","1","47161","20"
"Sullivan","0","48","Tennessee","4/25/20","45","3","47163","6.67"
"Sumner","12","584","Tennessee","4/25/20","497","87","47165","17.51"
"Tipton","5","91","Tennessee","4/25/20","55","36","47167","65.45"
"Trousdale","4","47","Tennessee","4/25/20","20","27","47169","135"
"Unicoi","0","1","Tennessee","4/25/20","1","0","47171","0"
"Union","0","3","Tennessee","4/25/20","3","0","47173","0"
"Van Buren","0","2","Tennessee","4/25/20","1","1","47175","100"
"Warren","0","5","Tennessee","4/25/20","4","1","47177","25"
"Washington","0","49","Tennessee","4/25/20","46","3","47179","6.52"
"Wayne","0","2","Tennessee","4/25/20","2","0","47181","0"
"Weakley","1","16","Tennessee","4/25/20","6","10","47183","166.67"
"White","0","4","Tennessee","4/25/20","4","0","47185","0"
"Williamson","6","381","Tennessee","4/25/20","336","45","47187","13.39"
"Wilson","4","199","Tennessee","4/25/20","171","28","47189","16.37"
"Anderson","2","18","Texas","4/25/20","6","12","48001","200"
"Andrews","0","19","Texas","4/25/20","19","0","48003","0"
"Angelina","2","36","Texas","4/25/20","23","13","48005","56.52"
"Aransas","0","2","Texas","4/25/20","2","0","48007","0"
"Armstrong","0","2","Texas","4/25/20","1","1","48011","100"
"Atascosa","1","14","Texas","4/25/20","10","4","48013","40"
"Austin","0","12","Texas","4/25/20","12","0","48015","0"
"Bandera","0","4","Texas","4/25/20","4","0","48019","0"
"Bastrop","2","57","Texas","4/25/20","42","15","48021","35.71"
"Bee","0","6","Texas","4/25/20","5","1","48025","20"
"Bell","6","165","Texas","4/25/20","126","39","48027","30.95"
"Bexar","54","1334","Texas","4/25/20","959","375","48029","39.1"
"Blanco","0","6","Texas","4/25/20","5","1","48031","20"
"Bosque","0","3","Texas","4/25/20","1","2","48035","200"
"Bowie","2","67","Texas","4/25/20","56","11","48037","19.64"
"Brazoria","16","417","Texas","4/25/20","302","115","48039","38.08"
"Brazos","2","181","Texas","4/25/20","169","12","48041","7.1"
"Brooks","0","1","Texas","4/25/20","0","1","48047","1"
"Brown","1","17","Texas","4/25/20","12","5","48049","41.67"
"Burleson","0","11","Texas","4/25/20","9","2","48051","22.22"
"Burnet","1","14","Texas","4/25/20","8","6","48053","75"
"Caldwell","0","10","Texas","4/25/20","7","3","48055","42.86"
"Calhoun","1","26","Texas","4/25/20","21","5","48057","23.81"
"Callahan","0","1","Texas","4/25/20","1","0","48059","0"
"Cameron","11","354","Texas","4/25/20","279","75","48061","26.88"
"Camp","0","6","Texas","4/25/20","6","0","48063","0"
"Carson","0","1","Texas","4/25/20","0","1","48065","1"
"Cass","0","13","Texas","4/25/20","10","3","48067","30"
"Castro","0","13","Texas","4/25/20","11","2","48069","18.18"
"Chambers","1","41","Texas","4/25/20","35","6","48071","17.14"
"Cherokee","0","12","Texas","4/25/20","10","2","48073","20"
"Childress","0","1","Texas","4/25/20","0","1","48075","1"
"Clay","0","3","Texas","4/25/20","3","0","48077","0"
"Cochran","0","1","Texas","4/25/20","0","1","48079","1"
"Coleman","0","1","Texas","4/25/20","0","1","48083","1"
"Collin","17","639","Texas","4/25/20","522","117","48085","22.41"
"Colorado","0","10","Texas","4/25/20","8","2","48089","25"
"Comal","1","48","Texas","4/25/20","43","5","48091","11.63"
"Comanche","0","4","Texas","4/25/20","3","1","48093","33.33"
"Concho","0","1","Texas","4/25/20","1","0","48095","0"
"Cooke","0","4","Texas","4/25/20","4","0","48097","0"
"Coryell","4","104","Texas","4/25/20","75","29","48099","38.67"
"Crane","0","2","Texas","4/25/20","2","0","48103","0"
"Crosby","0","2","Texas","4/25/20","1","1","48107","100"
"Dallam","1","8","Texas","4/25/20","3","5","48111","166.67"
"Dallas","84","2909","Texas","4/25/20","2324","585","48113","25.17"
"Dawson","1","18","Texas","4/25/20","12","6","48115","50"
"Deaf Smith","1","21","Texas","4/25/20","11","10","48117","90.91"
"Delta","0","1","Texas","4/25/20","1","0","48119","0"
"Denton","14","680","Texas","4/25/20","585","95","48121","16.24"
"DeWitt","0","15","Texas","4/25/20","13","2","48123","15.38"
"Dickens","0","1","Texas","4/25/20","1","0","48125","0"
"Dimmit","0","1","Texas","4/25/20","1","0","48127","0"
"Donley","0","24","Texas","4/25/20","23","1","48129","4.35"
"Duval","0","2","Texas","4/25/20","1","1","48131","100"
"Eastland","0","3","Texas","4/25/20","3","0","48133","0"
"Ector","1","67","Texas","4/25/20","58","9","48135","15.52"
"El Paso","32","706","Texas","4/25/20","482","224","48141","46.47"
"Ellis","6","127","Texas","4/25/20","83","44","48139","53.01"
"Erath","0","13","Texas","4/25/20","13","0","48143","0"
"Falls","0","1","Texas","4/25/20","1","0","48145","0"
"Fannin","1","15","Texas","4/25/20","7","8","48147","114.29"
"Fayette","0","15","Texas","4/25/20","15","0","48149","0"
"Floyd","0","3","Texas","4/25/20","2","1","48153","50"
"Fort Bend","21","905","Texas","4/25/20","755","150","48157","19.87"
"Franklin","0","1","Texas","4/25/20","1","0","48159","0"
"Freestone","0","3","Texas","4/25/20","3","0","48161","0"
"Frio","0","3","Texas","4/25/20","1","2","48163","200"
"Gaines","0","2","Texas","4/25/20","2","0","48165","0"
"Galveston","12","522","Texas","4/25/20","438","84","48167","19.18"
"Gillespie","0","1","Texas","4/25/20","1","0","48171","0"
"Goliad","0","6","Texas","4/25/20","5","1","48175","20"
"Gonzales","1","8","Texas","4/25/20","2","6","48177","300"
"Gray","3","35","Texas","4/25/20","17","18","48179","105.88"
"Grayson","0","22","Texas","4/25/20","19","3","48181","15.79"
"Gregg","1","59","Texas","4/25/20","51","8","48183","15.69"
"Grimes","0","13","Texas","4/25/20","10","3","48185","30"
"Guadalupe","2","67","Texas","4/25/20","53","14","48187","26.42"
"Hale","1","19","Texas","4/25/20","11","8","48189","72.73"
"Hamilton","0","5","Texas","4/25/20","5","0","48193","0"
"Hansford","0","4","Texas","4/25/20","1","3","48195","300"
"Hardin","2","92","Texas","4/25/20","75","17","48199","22.67"
"Harris","118","5482","Texas","4/25/20","4653","829","48201","17.82"
"Harrison","4","69","Texas","4/25/20","42","27","48203","64.29"
"Hartley","1","4","Texas","4/25/20","0","4","48205","1"
"Hays","4","148","Texas","4/25/20","121","27","48209","22.31"
"Hemphill","0","1","Texas","4/25/20","1","0","48211","0"
"Henderson","1","22","Texas","4/25/20","13","9","48213","69.23"
"Hidalgo","8","299","Texas","4/25/20","242","57","48215","23.55"
"Hill","1","15","Texas","4/25/20","10","5","48217","50"
"Hockley","1","20","Texas","4/25/20","15","5","48219","33.33"
"Hood","0","17","Texas","4/25/20","17","0","48221","0"
"Hopkins","0","4","Texas","4/25/20","4","0","48223","0"
"Houston","0","6","Texas","4/25/20","3","3","48225","100"
"Howard","0","4","Texas","4/25/20","1","3","48227","300"
"Hunt","2","38","Texas","4/25/20","25","13","48231","52"
"Hutchinson","1","11","Texas","4/25/20","7","4","48233","57.14"
"Jack","0","4","Texas","4/25/20","3","1","48237","33.33"
"Jackson","0","6","Texas","4/25/20","4","2","48239","50"
"Jasper","1","14","Texas","4/25/20","9","5","48241","55.56"
"Jefferson","10","243","Texas","4/25/20","171","72","48245","42.11"
"Jim Hogg","0","1","Texas","4/25/20","0","1","48247","1"
"Jim Wells","0","3","Texas","4/25/20","2","1","48249","50"
"Johnson","3","57","Texas","4/25/20","39","18","48251","46.15"
"Jones","1","13","Texas","4/25/20","3","10","48253","333.33"
"Karnes","0","3","Texas","4/25/20","3","0","48255","0"
"Kaufman","4","71","Texas","4/25/20","42","29","48257","69.05"
"Kendall","0","16","Texas","4/25/20","14","2","48259","14.29"
"Kerr","0","5","Texas","4/25/20","4","1","48265","25"
"Kleberg","0","8","Texas","4/25/20","5","3","48273","60"
"Knox","0","1","Texas","4/25/20","1","0","48275","0"
"La Salle","0","1","Texas","4/25/20","1","0","48283","0"
"Lamar","0","8","Texas","4/25/20","7","1","48277","14.29"
"Lamb","0","2","Texas","4/25/20","2","0","48279","0"
"Lampasas","0","2","Texas","4/25/20","2","0","48281","0"
"Lavaca","0","5","Texas","4/25/20","4","1","48285","25"
"Lee","0","2","Texas","4/25/20","2","0","48287","0"
"Leon","0","5","Texas","4/25/20","5","0","48289","0"
"Liberty","1","38","Texas","4/25/20","29","9","48291","31.03"
"Limestone","0","11","Texas","4/25/20","11","0","48293","0"
"Live Oak","0","5","Texas","4/25/20","3","2","48297","66.67"
"Llano","0","3","Texas","4/25/20","3","0","48299","0"
"Lubbock","12","494","Texas","4/25/20","407","87","48303","21.38"
"Lynn","0","5","Texas","4/25/20","5","0","48305","0"
"Madison","0","2","Texas","4/25/20","2","0","48313","0"
"Marion","0","6","Texas","4/25/20","3","3","48315","100"
"Martin","0","2","Texas","4/25/20","2","0","48317","0"
"Mason","0","1","Texas","4/25/20","1","0","48319","0"
"Matagorda","1","59","Texas","4/25/20","51","8","48321","15.69"
"Maverick","1","16","Texas","4/25/20","12","4","48323","33.33"
"McCulloch","0","3","Texas","4/25/20","3","0","48307","0"
"McLennan","1","81","Texas","4/25/20","76","5","48309","6.58"
"Medina","1","19","Texas","4/25/20","15","4","48325","26.67"
"Midland","4","70","Texas","4/25/20","42","28","48329","66.67"
"Milam","1","13","Texas","4/25/20","9","4","48331","44.44"
"Mitchell","0","1","Texas","4/25/20","1","0","48335","0"
"Montague","0","6","Texas","4/25/20","5","1","48337","20"
"Montgomery","19","506","Texas","4/25/20","370","136","48339","36.76"
"Moore","13","192","Texas","4/25/20","99","93","48341","93.94"
"Morris","0","5","Texas","4/25/20","4","1","48343","25"
"Motley","0","1","Texas","4/25/20","1","0","48345","0"
"Nacogdoches","4","115","Texas","4/25/20","88","27","48347","30.68"
"Navarro","1","28","Texas","4/25/20","20","8","48349","40"
"Newton","0","2","Texas","4/25/20","2","0","48351","0"
"Nolan","0","1","Texas","4/25/20","0","1","48353","1"
"Nueces","0","92","Texas","4/25/20","89","3","48355","3.37"
"Ochiltree","1","5","Texas","4/25/20","0","5","48357","1"
"Oldham","0","3","Texas","4/25/20","3","0","48359","0"
"Orange","2","64","Texas","4/25/20","53","11","48361","20.75"
"Palo Pinto","0","7","Texas","4/25/20","7","0","48363","0"
"Panola","5","75","Texas","4/25/20","38","37","48365","97.37"
"Parker","0","24","Texas","4/25/20","21","3","48367","14.29"
"Parmer","1","4","Texas","4/25/20","0","4","48369","1"
"Pecos","0","8","Texas","4/25/20","5","3","48371","60"
"Polk","1","18","Texas","4/25/20","14","4","48373","28.57"
"Potter","24","280","Texas","4/25/20","110","170","48375","154.55"
"Rains","0","2","Texas","4/25/20","2","0","48379","0"
"Randall","7","149","Texas","4/25/20","97","52","48381","53.61"
"Red River","0","1","Texas","4/25/20","1","0","48387","0"
"Reeves","0","2","Texas","4/25/20","2","0","48389","0"
"Roberts","0","2","Texas","4/25/20","2","0","48393","0"
"Robertson","0","2","Texas","4/25/20","2","0","48395","0"
"Rockwall","2","51","Texas","4/25/20","39","12","48397","30.77"
"Rusk","0","30","Texas","4/25/20","28","2","48401","7.14"
"Sabine","0","1","Texas","4/25/20","1","0","48403","0"
"San Augustine","0","16","Texas","4/25/20","14","2","48405","14.29"
"San Jacinto","0","10","Texas","4/25/20","10","0","48407","0"
"San Patricio","1","12","Texas","4/25/20","8","4","48409","50"
"Scurry","0","2","Texas","4/25/20","2","0","48415","0"
"Shelby","4","86","Texas","4/25/20","60","26","48419","43.33"
"Sherman","1","11","Texas","4/25/20","7","4","48421","57.14"
"Smith","2","131","Texas","4/25/20","116","15","48423","12.93"
"Starr","0","7","Texas","4/25/20","7","0","48427","0"
"Stephens","0","1","Texas","4/25/20","1","0","48429","0"
"Swisher","0","7","Texas","4/25/20","4","3","48437","75"
"Tarrant","87","1836","Texas","4/25/20","1229","607","48439","49.39"
"Taylor","11","203","Texas","4/25/20","126","77","48441","61.11"
"Terry","0","10","Texas","4/25/20","10","0","48445","0"
"Titus","1","15","Texas","4/25/20","8","7","48449","87.5"
"Tom Green","0","42","Texas","4/25/20","41","1","48451","2.44"
"Travis","44","1379","Texas","4/25/20","1074","305","48453","28.4"
"Trinity","0","8","Texas","4/25/20","7","1","48455","14.29"
"Tyler","0","6","Texas","4/25/20","6","0","48457","0"
"Upshur","1","13","Texas","4/25/20","9","4","48459","44.44"
"Uvalde","0","6","Texas","4/25/20","6","0","48463","0"
"Val Verde","0","12","Texas","4/25/20","12","0","48465","0"
"Van Zandt","0","13","Texas","4/25/20","12","1","48467","8.33"
"Victoria","4","114","Texas","4/25/20","89","25","48469","28.09"
"Walker","14","164","Texas","4/25/20","68","96","48471","141.18"
"Waller","1","28","Texas","4/25/20","23","5","48473","21.74"
"Washington","8","103","Texas","4/25/20","50","53","48477","106"
"Webb","12","338","Texas","4/25/20","253","85","48479","33.6"
"Wharton","0","36","Texas","4/25/20","34","2","48481","5.88"
"Wheeler","0","3","Texas","4/25/20","0","3","48483","1"
"Wichita","1","62","Texas","4/25/20","58","4","48485","6.9"
"Wilbarger","0","1","Texas","4/25/20","1","0","48487","0"
"Willacy","1","13","Texas","4/25/20","8","5","48489","62.5"
"Williamson","9","206","Texas","4/25/20","146","60","48491","41.1"
"Wilson","1","26","Texas","4/25/20","19","7","48493","36.84"
"Winkler","0","3","Texas","4/25/20","3","0","48495","0"
"Wise","1","15","Texas","4/25/20","9","6","48497","66.67"
"Wood","0","7","Texas","4/25/20","6","1","48499","16.67"
"Yoakum","0","1","Texas","4/25/20","0","1","48501","1"
"Young","0","4","Texas","4/25/20","4","0","48503","0"
"Zapata","0","7","Texas","4/25/20","6","1","48505","16.67"
"Zavala","0","1","Texas","4/25/20","1","0","48507","0"
"Bear River","1","58","Utah","4/25/20","52","6","00000","11.54"
"Central Utah","3","21","Utah","4/25/20","0","21","00000","1"
"Davis","5","268","Utah","4/25/20","230","38","49011","16.52"
"Salt Lake","72","2051","Utah","4/25/20","1547","504","49035","32.58"
"San Juan","3","40","Utah","4/25/20","18","22","49037","122.22"
"Southeast Utah","2","11","Utah","4/25/20","0","11","00000","1"
"Southwest Utah","12","83","Utah","4/25/20","0","83","00000","1"
"Summit","6","355","Utah","4/25/20","316","39","49043","12.34"
"Tooele","2","52","Utah","4/25/20","39","13","49045","33.33"
"TriCounty","1","9","Utah","4/25/20","0","9","00000","1"
"Utah","44","725","Utah","4/25/20","417","308","49049","73.86"
"Wasatch","3","132","Utah","4/25/20","109","23","49051","21.1"
"Washington","-11","0","Utah","4/25/20","77","-77","49053","-100"
"Weber-Morgan","4","143","Utah","4/25/20","112","31","00000","27.68"
"Addison","0","61","Vermont","4/25/20","61","0","50001","0"
"Bennington","0","39","Vermont","4/25/20","37","2","50003","5.41"
"Caledonia","0","13","Vermont","4/25/20","10","3","50005","30"
"Chittenden","3","405","Vermont","4/25/20","384","21","50007","5.47"
"Essex","0","2","Vermont","4/25/20","1","1","50009","100"
"Franklin","0","90","Vermont","4/25/20","90","0","50011","0"
"Grand Isle","0","3","Vermont","4/25/20","3","0","50013","0"
"Lamoille","0","26","Vermont","4/25/20","23","3","50015","13.04"
"Orange","0","6","Vermont","4/25/20","5","1","50017","20"
"Orleans","0","9","Vermont","4/25/20","9","0","50019","0"
"Rutland","0","44","Vermont","4/25/20","42","2","50021","4.76"
"Washington","0","33","Vermont","4/25/20","31","2","50023","6.45"
"Windham","1","68","Vermont","4/25/20","63","5","50025","7.94"
"Windsor","1","39","Vermont","4/25/20","34","5","50027","14.71"
"","0","55","Virgin Islands","4/25/20","53","2",,"3.77"
"Accomack","16","146","Virginia","4/25/20","33","113","51001","342.42"
"Albemarle","2","73","Virginia","4/25/20","56","17","51003","30.36"
"Alexandria","32","575","Virginia","4/25/20","354","221","51510","62.43"
"Alleghany","0","5","Virginia","4/25/20","4","1","51005","25"
"Amelia","0","15","Virginia","4/25/20","13","2","51007","15.38"
"Amherst","0","9","Virginia","4/25/20","10","-1","51009","-10"
"Appomattox","1","12","Virginia","4/25/20","7","5","51011","71.43"
"Arlington","35","764","Virginia","4/25/20","520","244","51013","46.92"
"Augusta","2","36","Virginia","4/25/20","22","14","51015","63.64"
"Bedford","1","24","Virginia","4/25/20","17","7","51019","41.18"
"Botetourt","1","27","Virginia","4/25/20","23","4","51023","17.39"
"Bristol","0","1","Virginia","4/25/20","1","0","51520","0"
"Brunswick","0","14","Virginia","4/25/20","12","2","51025","16.67"
"Buchanan","0","13","Virginia","4/25/20","12","1","51027","8.33"
"Buckingham","1","34","Virginia","4/25/20","25","9","51029","36"
"Buena Vista","0","5","Virginia","4/25/20","5","0","51530","0"
"Campbell","0","10","Virginia","4/25/20","9","1","51031","11.11"
"Caroline","1","21","Virginia","4/25/20","13","8","51033","61.54"
"Carroll","0","3","Virginia","4/25/20","3","0","51035","0"
"Charles City","0","12","Virginia","4/25/20","11","1","51036","9.09"
"Charlotte","0","7","Virginia","4/25/20","8","-1","51037","-12.5"
"Charlottesville","1","48","Virginia","4/25/20","41","7","51540","17.07"
"Chesapeake","7","200","Virginia","4/25/20","154","46","51550","29.87"
"Chesterfield","19","440","Virginia","4/25/20","310","130","51041","41.94"
"Clarke","0","7","Virginia","4/25/20","6","1","51043","16.67"
"Colonial Heights","3","43","Virginia","4/25/20","23","20","51570","86.96"
"Covington","0","1","Virginia","4/25/20","1","0","51580","0"
"Craig","0","2","Virginia","4/25/20","2","0","51045","0"
"Culpeper","8","95","Virginia","4/25/20","39","56","51047","143.59"
"Cumberland","0","10","Virginia","4/25/20","10","0","51049","0"
"Danville","1","32","Virginia","4/25/20","24","8","51590","33.33"
"Dinwiddie","1","12","Virginia","4/25/20","7","5","51053","71.43"
"Emporia","2","18","Virginia","4/25/20","7","11","51595","157.14"
"Essex","0","4","Virginia","4/25/20","2","2","51057","100"
"Fairfax","159","2745","Virginia","4/25/20","1633","1112","51059","68.1"
"Fairfax City","3","26","Virginia","4/25/20","3","23","51600","766.67"
"Falls Church","4","26","Virginia","4/25/20","0","26","51610","1"
"Fauquier","6","80","Virginia","4/25/20","36","44","51061","122.22"
"Floyd","0","1","Virginia","4/25/20","1","0","51063","0"
"Fluvanna","1","72","Virginia","4/25/20","66","6","51065","9.09"
"Franklin","1","19","Virginia","4/25/20","15","4","51067","26.67"
"Franklin City","1","16","Virginia","4/25/20","12","4","51620","33.33"
"Frederick","2","93","Virginia","4/25/20","81","12","51069","14.81"
"Fredericksburg","1","23","Virginia","4/25/20","15","8","51630","53.33"
"Galax","0","1","Virginia","4/25/20","1","0","51640","0"
"Giles","0","4","Virginia","4/25/20","4","0","51071","0"
"Gloucester","0","22","Virginia","4/25/20","21","1","51073","4.76"
"Goochland","2","69","Virginia","4/25/20","55","14","51075","25.45"
"Greene","0","10","Virginia","4/25/20","8","2","51079","25"
"Greensville","2","30","Virginia","4/25/20","18","12","51081","66.67"
"Halifax","1","16","Virginia","4/25/20","8","8","51083","100"
"Hampton","3","101","Virginia","4/25/20","79","22","51650","27.85"
"Hanover","3","103","Virginia","4/25/20","79","24","51085","30.38"
"Harrisonburg","20","370","Virginia","4/25/20","233","137","51660","58.8"
"Henrico","29","764","Virginia","4/25/20","559","205","51087","36.67"
"Henry","0","13","Virginia","4/25/20","10","3","51089","30"
"Highland","0","1","Virginia","4/25/20","0","1","51091","1"
"Hopewell","1","21","Virginia","4/25/20","16","5","51670","31.25"
"Isle of Wight","1","91","Virginia","4/25/20","83","8","51093","9.64"
"James City","2","151","Virginia","4/25/20","139","12","51095","8.63"
"King and Queen","0","2","Virginia","4/25/20","2","0","51097","0"
"King George","1","25","Virginia","4/25/20","18","7","51099","38.89"
"King William","0","5","Virginia","4/25/20","2","3","51101","150"
"Lancaster","0","1","Virginia","4/25/20","1","0","51103","0"
"Lee","0","8","Virginia","4/25/20","7","1","51105","14.29"
"Lexington","0","3","Virginia","4/25/20","3","0","51678","0"
"Loudoun","22","564","Virginia","4/25/20","413","151","51107","36.56"
"Louisa","1","39","Virginia","4/25/20","33","6","51109","18.18"
"Lunenburg","0","4","Virginia","4/25/20","3","1","51111","33.33"
"Lynchburg","1","48","Virginia","4/25/20","38","10","51680","26.32"
"Madison","1","14","Virginia","4/25/20","8","6","51113","75"
"Manassas","10","154","Virginia","4/25/20","82","72","51683","87.8"
"Manassas Park","3","44","Virginia","4/25/20","21","23","51685","109.52"
"Mathews","0","4","Virginia","4/25/20","3","1","51115","33.33"
"Mecklenburg","3","85","Virginia","4/25/20","64","21","51117","32.81"
"Middlesex","0","4","Virginia","4/25/20","3","1","51119","33.33"
"Montgomery","1","51","Virginia","4/25/20","42","9","51121","21.43"
"Nelson","0","7","Virginia","4/25/20","5","2","51125","40"
"New Kent","0","20","Virginia","4/25/20","17","3","51127","17.65"
"Newport News","1","109","Virginia","4/25/20","102","7","51700","6.86"
"Norfolk","9","169","Virginia","4/25/20","109","60","51710","55.05"
"Northampton","2","20","Virginia","4/25/20","5","15","51131","300"
"Northumberland","0","8","Virginia","4/25/20","5","3","51133","60"
"Norton","0","2","Virginia","4/25/20","1","1","51720","100"
"Nottoway","1","11","Virginia","4/25/20","6","5","51135","83.33"
"Orange","1","25","Virginia","4/25/20","20","5","51137","25"
"Page","10","82","Virginia","4/25/20","13","69","51139","530.77"
"Patrick","0","2","Virginia","4/25/20","0","2","51141","1"
"Petersburg","1","27","Virginia","4/25/20","21","6","51730","28.57"
"Pittsylvania","1","11","Virginia","4/25/20","6","5","51143","83.33"
"Poquoson","0","6","Virginia","4/25/20","6","0","51735","0"
"Portsmouth","5","103","Virginia","4/25/20","65","38","51740","58.46"
"Powhatan","0","11","Virginia","4/25/20","9","2","51145","22.22"
"Prince Edward","3","37","Virginia","4/25/20","17","20","51147","117.65"
"Prince George","0","30","Virginia","4/25/20","28","2","51149","7.14"
"Prince William","69","1184","Virginia","4/25/20","700","484","51153","69.14"
"Pulaski","0","10","Virginia","4/25/20","8","2","51155","25"
"Radford","0","3","Virginia","4/25/20","1","2","51750","200"
"Rappahannock","0","2","Virginia","4/25/20","1","1","51157","100"
"Richmond","10","79","Virginia","4/25/20","8","71","51159","887.5"
"Richmond City","11","287","Virginia","4/25/20","211","76","51760","36.02"
"Roanoke","3","39","Virginia","4/25/20","20","19","51161","95"
"Roanoke City","1","33","Virginia","4/25/20","24","9","51770","37.5"
"Rockbridge","0","5","Virginia","4/25/20","5","0","51163","0"
"Rockingham","12","184","Virginia","4/25/20","100","84","51165","84"
"Russell","0","3","Virginia","4/25/20","2","1","51167","50"
"Salem","0","8","Virginia","4/25/20","6","2","51775","33.33"
"Scott","0","5","Virginia","4/25/20","4","1","51169","25"
"Shenandoah","5","72","Virginia","4/25/20","39","33","51171","84.62"
"Smyth","0","13","Virginia","4/25/20","12","1","51173","8.33"
"Southampton","9","75","Virginia","4/25/20","9","66","51175","733.33"
"Spotsylvania","4","101","Virginia","4/25/20","72","29","51177","40.28"
"Stafford","8","198","Virginia","4/25/20","143","55","51179","38.46"
"Staunton","1","10","Virginia","4/25/20","5","5","51790","100"
"Suffolk","9","141","Virginia","4/25/20","81","60","51800","74.07"
"Surry","0","4","Virginia","4/25/20","3","1","51181","33.33"
"Sussex","2","28","Virginia","4/25/20","11","17","51183","154.55"
"Tazewell","0","4","Virginia","4/25/20","4","0","51185","0"
"Virginia Beach","9","335","Virginia","4/25/20","271","64","51810","23.62"
"Warren","3","42","Virginia","4/25/20","24","18","51187","75"
"Washington","0","30","Virginia","4/25/20","27","3","51191","11.11"
"Waynesboro","0","10","Virginia","4/25/20","7","3","51820","42.86"
"Westmoreland","1","17","Virginia","4/25/20","10","7","51193","70"
"Williamsburg","-1","15","Virginia","4/25/20","19","-4","51830","-21.05"
"Winchester","1","33","Virginia","4/25/20","25","8","51840","32"
"Wise","0","20","Virginia","4/25/20","18","2","51195","11.11"
"Wythe","0","11","Virginia","4/25/20","8","3","51197","37.5"
"York","1","44","Virginia","4/25/20","38","6","51199","15.79"
"Adams","1","46","Washington","4/25/20","40","6","53001","15"
"Asotin","1","17","Washington","4/25/20","11","6","53003","54.55"
"Benton","13","399","Washington","4/25/20","306","93","53005","30.39"
"Chelan","3","90","Washington","4/25/20","67","23","53007","34.33"
"Clallam","0","15","Washington","4/25/20","15","0","53009","0"
"Clark","3","296","Washington","4/25/20","277","19","53011","6.86"
"Columbia","0","1","Washington","4/25/20","1","0","53013","0"
"Cowlitz","1","39","Washington","4/25/20","29","10","53015","34.48"
"Douglas","5","70","Washington","4/25/20","34","36","53017","105.88"
"Ferry","0","1","Washington","4/25/20","1","0","53019","0"
"Franklin","10","250","Washington","4/25/20","177","73","53021","41.24"
"Grant","1","150","Washington","4/25/20","140","10","53025","7.14"
"Grays Harbor","0","12","Washington","4/25/20","12","0","53027","0"
"Island","-1","161","Washington","4/25/20","165","-4","53029","-2.42"
"Jefferson","0","28","Washington","4/25/20","28","0","53031","0"
"King","120","5739","Washington","4/25/20","4902","837","53033","17.07"
"Kitsap","1","144","Washington","4/25/20","135","9","53035","6.67"
"Kittitas","0","14","Washington","4/25/20","14","0","53037","0"
"Klickitat","0","16","Washington","4/25/20","16","0","53039","0"
"Lewis","1","29","Washington","4/25/20","19","10","53041","52.63"
"Lincoln","0","2","Washington","4/25/20","2","0","53043","0"
"Mason","0","22","Washington","4/25/20","22","0","53045","0"
"Okanogan","0","17","Washington","4/25/20","15","2","53047","13.33"
"Pacific","0","4","Washington","4/25/20","1","3","53049","300"
"Pend Oreille","0","2","Washington","4/25/20","2","0","53051","0"
"Pierce","21","1235","Washington","4/25/20","1086","149","53053","13.72"
"San Juan","0","14","Washington","4/25/20","15","-1","53055","-6.67"
"Skagit","9","287","Washington","4/25/20","226","61","53057","26.99"
"Skamania","0","3","Washington","4/25/20","3","0","53059","0"
"Snohomish","29","2297","Washington","4/25/20","2093","204","53061","9.75"
"Spokane","6","345","Washington","4/25/20","302","43","53063","14.24"
"Stevens","0","10","Washington","4/25/20","8","2","53065","25"
"Thurston","2","101","Washington","4/25/20","89","12","53067","13.48"
"Wahkiakum","0","2","Washington","4/25/20","2","0","53069","0"
"Walla Walla","3","50","Washington","4/25/20","27","23","53071","85.19"
"Whatcom","1","284","Washington","4/25/20","276","8","53073","2.9"
"Whitman","0","14","Washington","4/25/20","15","-1","53075","-6.67"
"Yakima","31","976","Washington","4/25/20","759","217","53077","28.59"
"Barbour","0","4","West Virginia","4/25/20","4","0","54001","0"
"Berkeley","3","129","West Virginia","4/25/20","106","23","54003","21.7"
"Boone","0","2","West Virginia","4/25/20","2","0","54005","0"
"Braxton","0","1","West Virginia","4/25/20","1","0","54007","0"
"Brooke","0","3","West Virginia","4/25/20","3","0","54009","0"
"Cabell","1","38","West Virginia","4/25/20","29","9","54011","31.03"
"Fayette","1","9","West Virginia","4/25/20","4","5","54019","125"
"Grant","0","1","West Virginia","4/25/20","1","0","54023","0"
"Greenbrier","0","3","West Virginia","4/25/20","3","0","54025","0"
"Hampshire","0","7","West Virginia","4/25/20","6","1","54027","16.67"
"Hancock","0","7","West Virginia","4/25/20","7","0","54029","0"
"Hardy","0","3","West Virginia","4/25/20","3","0","54031","0"
"Harrison","0","30","West Virginia","4/25/20","28","2","54033","7.14"
"Jackson","10","116","West Virginia","4/25/20","43","73","54035","169.77"
"Jefferson","1","70","West Virginia","4/25/20","60","10","54037","16.67"
"Kanawha","6","147","West Virginia","4/25/20","106","41","54039","38.68"
"Lewis","0","3","West Virginia","4/25/20","2","1","54041","50"
"Lincoln","0","1","West Virginia","4/25/20","1","0","54043","0"
"Logan","0","11","West Virginia","4/25/20","8","3","54045","37.5"
"Marion","0","44","West Virginia","4/25/20","42","2","54049","4.76"
"Marshall","0","9","West Virginia","4/25/20","8","1","54051","12.5"
"Mason","0","11","West Virginia","4/25/20","10","1","54053","10"
"McDowell","0","6","West Virginia","4/25/20","6","0","54047","0"
"Mercer","0","9","West Virginia","4/25/20","8","1","54055","12.5"
"Mineral","1","12","West Virginia","4/25/20","8","4","54057","50"
"Mingo","0","2","West Virginia","4/25/20","2","0","54059","0"
"Monongalia","2","97","West Virginia","4/25/20","84","13","54061","15.48"
"Monroe","0","5","West Virginia","4/25/20","2","3","54063","150"
"Morgan","0","9","West Virginia","4/25/20","8","1","54065","12.5"
"Nicholas","0","6","West Virginia","4/25/20","3","3","54067","100"
"Ohio","0","25","West Virginia","4/25/20","23","2","54069","8.7"
"Pendleton","0","3","West Virginia","4/25/20","2","1","54071","50"
"Pleasants","0","2","West Virginia","4/25/20","1","1","54073","100"
"Preston","1","12","West Virginia","4/25/20","7","5","54077","71.43"
"Putnam","0","16","West Virginia","4/25/20","14","2","54079","14.29"
"Raleigh","0","9","West Virginia","4/25/20","7","2","54081","28.57"
"Randolph","0","4","West Virginia","4/25/20","4","0","54083","0"
"Roane","0","3","West Virginia","4/25/20","2","1","54087","50"
"Summers","0","1","West Virginia","4/25/20","1","0","54089","0"
"Taylor","0","5","West Virginia","4/25/20","5","0","54091","0"
"Tucker","0","4","West Virginia","4/25/20","4","0","54093","0"
"Tyler","0","3","West Virginia","4/25/20","3","0","54095","0"
"Upshur","0","4","West Virginia","4/25/20","4","0","54097","0"
"Wayne","1","81","West Virginia","4/25/20","75","6","54099","8"
"Wetzel","0","3","West Virginia","4/25/20","3","0","54103","0"
"Wirt","0","3","West Virginia","4/25/20","2","1","54105","50"
"Wood","1","36","West Virginia","4/25/20","29","7","54107","24.14"
"Wyoming","0","1","West Virginia","4/25/20","1","0","54109","0"
"Adams","0","4","Wisconsin","4/25/20","4","0","55001","0"
"Ashland","0","2","Wisconsin","4/25/20","2","0","55003","0"
"Barron","0","6","Wisconsin","4/25/20","6","0","55005","0"
"Bayfield","0","3","Wisconsin","4/25/20","3","0","55007","0"
"Brown","74","720","Wisconsin","4/25/20","204","516","55009","252.94"
"Buffalo","0","4","Wisconsin","4/25/20","4","0","55011","0"
"Calumet","0","7","Wisconsin","4/25/20","5","2","55015","40"
"Chippewa","0","20","Wisconsin","4/25/20","21","-1","55017","-4.76"
"Clark","1","19","Wisconsin","4/25/20","14","5","55019","35.71"
"Columbia","0","27","Wisconsin","4/25/20","27","0","55021","0"
"Crawford","0","3","Wisconsin","4/25/20","3","0","55023","0"
"Dane","6","401","Wisconsin","4/25/20","358","43","55025","12.01"
"Dodge","1","23","Wisconsin","4/25/20","19","4","55027","21.05"
"Door","0","10","Wisconsin","4/25/20","9","1","55029","11.11"
"Douglas","0","9","Wisconsin","4/25/20","8","1","55031","12.5"
"Dunn","0","9","Wisconsin","4/25/20","9","0","55033","0"
"Eau Claire","0","24","Wisconsin","4/25/20","22","2","55035","9.09"
"Florence","0","2","Wisconsin","4/25/20","2","0","55037","0"
"Fond du Lac","1","67","Wisconsin","4/25/20","62","5","55039","8.06"
"Grant","2","28","Wisconsin","4/25/20","15","13","55043","86.67"
"Green","0","11","Wisconsin","4/25/20","9","2","55045","22.22"
"Green Lake","0","1","Wisconsin","4/25/20","1","0","55047","0"
"Iowa","0","7","Wisconsin","4/25/20","6","1","55049","16.67"
"Iron","0","2","Wisconsin","4/25/20","2","0","55051","0"
"Jackson","0","12","Wisconsin","4/25/20","11","1","55053","9.09"
"Jefferson","2","39","Wisconsin","4/25/20","27","12","55055","44.44"
"Juneau","0","12","Wisconsin","4/25/20","10","2","55057","20"
"Kenosha","13","329","Wisconsin","4/25/20","236","93","55059","39.41"
"Kewaunee","0","10","Wisconsin","4/25/20","8","2","55061","25"
"La Crosse","0","26","Wisconsin","4/25/20","25","1","55063","4"
"Lafayette","0","4","Wisconsin","4/25/20","3","1","55065","33.33"
"Manitowoc","0","9","Wisconsin","4/25/20","6","3","55071","50"
"Marathon","0","18","Wisconsin","4/25/20","17","1","55073","5.88"
"Marinette","0","7","Wisconsin","4/25/20","5","2","55075","40"
"Marquette","0","3","Wisconsin","4/25/20","3","0","55077","0"
"Menominee","0","1","Wisconsin","4/25/20","1","0","55078","0"
"Milwaukee","66","2525","Wisconsin","4/25/20","2065","460","55079","22.28"
"Monroe","0","14","Wisconsin","4/25/20","13","1","55081","7.69"
"Oconto","0","6","Wisconsin","4/25/20","4","2","55083","50"
"Oneida","0","6","Wisconsin","4/25/20","6","0","55085","0"
"Outagamie","1","43","Wisconsin","4/25/20","33","10","55087","30.3"
"Ozaukee","0","82","Wisconsin","4/25/20","79","3","55089","3.8"
"Pierce","0","8","Wisconsin","4/25/20","7","1","55093","14.29"
"Polk","0","4","Wisconsin","4/25/20","4","0","55095","0"
"Portage","0","4","Wisconsin","4/25/20","4","0","55097","0"
"Price","0","1","Wisconsin","4/25/20","1","0","55099","0"
"Racine","13","255","Wisconsin","4/25/20","164","91","55101","55.49"
"Richland","0","10","Wisconsin","4/25/20","8","2","55103","25"
"Rock","12","151","Wisconsin","4/25/20","68","83","55105","122.06"
"Rusk","0","4","Wisconsin","4/25/20","4","0","55107","0"
"Sauk","1","38","Wisconsin","4/25/20","32","6","55111","18.75"
"Sawyer","0","2","Wisconsin","4/25/20","2","0","55113","0"
"Shawano","0","8","Wisconsin","4/25/20","6","2","55115","33.33"
"Sheboygan","1","44","Wisconsin","4/25/20","39","5","55117","12.82"
"St. Croix","0","13","Wisconsin","4/25/20","11","2","55109","18.18"
"Trempealeau","0","2","Wisconsin","4/25/20","1","1","55121","100"
"Vernon","0","1","Wisconsin","4/25/20","0","1","55123","1"
"Vilas","0","4","Wisconsin","4/25/20","4","0","55125","0"
"Walworth","6","132","Wisconsin","4/25/20","89","43","55127","48.31"
"Washburn","0","1","Wisconsin","4/25/20","1","0","55129","0"
"Washington","1","92","Wisconsin","4/25/20","82","10","55131","12.2"
"Waukesha","6","299","Wisconsin","4/25/20","259","40","55133","15.44"
"Waupaca","0","7","Wisconsin","4/25/20","4","3","55135","75"
"Waushara","0","2","Wisconsin","4/25/20","2","0","55137","0"
"Winnebago","1","48","Wisconsin","4/25/20","38","10","55139","26.32"
"Wood","0","2","Wisconsin","4/25/20","2","0","55141","0"
"Albany","0","6","Wyoming","4/25/20","6","0","56001","0"
"Big Horn","0","2","Wyoming","4/25/20","1","1","56003","100"
"Campbell","1","23","Wyoming","4/25/20","13","10","56005","76.92"
"Carbon","0","4","Wyoming","4/25/20","4","0","56007","0"
"Converse","1","16","Wyoming","4/25/20","8","8","56009","100"
"Crook","0","5","Wyoming","4/25/20","4","1","56011","25"
"Fremont","5","83","Wyoming","4/25/20","47","36","56013","76.6"
"Goshen","0","4","Wyoming","4/25/20","3","1","56015","33.33"
"Hot Springs","0","3","Wyoming","4/25/20","1","2","56017","200"
"Johnson","1","15","Wyoming","4/25/20","11","4","56019","36.36"
"Laramie","8","124","Wyoming","4/25/20","70","54","56021","77.14"
"Lincoln","1","9","Wyoming","4/25/20","5","4","56023","80"
"Natrona","2","49","Wyoming","4/25/20","38","11","56025","28.95"
"Niobrara","0","2","Wyoming","4/25/20","1","1","56027","100"
"Park","0","1","Wyoming","4/25/20","1","0","56029","0"
"Sheridan","1","16","Wyoming","4/25/20","12","4","56033","33.33"
"Sublette","0","3","Wyoming","4/25/20","1","2","56035","200"
"Sweetwater","1","16","Wyoming","4/25/20","10","6","56037","60"
"Teton","5","95","Wyoming","4/25/20","62","33","56039","53.23"
"Uinta","0","7","Wyoming","4/25/20","6","1","56041","16.67"
"Washakie","0","8","Wyoming","4/25/20","5","3","56043","60"
