"Locality","DailyAvgNewCasesPast7Days","TotalCases","State","Date","TotalCases7DaysAgo","NewCasesPast7Days","FIPS-Code","PercentIncreaseTotalCasesPast7Days"
"Autauga","1","33","Alabama","4/23/20","26","7","01001","26.92"
"Baldwin","6","143","Alabama","4/23/20","101","42","01003","41.58"
"Barbour","2","30","Alabama","4/23/20","14","16","01005","114.29"
"Bibb","2","33","Alabama","4/23/20","22","11","01007","50"
"Blount","2","31","Alabama","4/23/20","18","13","01009","72.22"
"Bullock","1","12","Alabama","4/23/20","8","4","01011","50"
"Butler","1","19","Alabama","4/23/20","11","8","01013","72.73"
"Calhoun","4","88","Alabama","4/23/20","62","26","01015","41.94"
"Chambers","6","275","Alabama","4/23/20","231","44","01017","19.05"
"Cherokee","0","12","Alabama","4/23/20","11","1","01019","9.09"
"Chilton","1","47","Alabama","4/23/20","37","10","01021","27.03"
"Choctaw","1","22","Alabama","4/23/20","13","9","01023","69.23"
"Clarke","0","25","Alabama","4/23/20","24","1","01025","4.17"
"Clay","1","19","Alabama","4/23/20","14","5","01027","35.71"
"Cleburne","0","12","Alabama","4/23/20","12","0","01029","0"
"Coffee","5","80","Alabama","4/23/20","47","33","01031","70.21"
"Colbert","1","22","Alabama","4/23/20","12","10","01033","83.33"
"Conecuh","0","9","Alabama","4/23/20","8","1","01035","12.5"
"Coosa","1","28","Alabama","4/23/20","20","8","01037","40"
"Covington","2","29","Alabama","4/23/20","18","11","01039","61.11"
"Crenshaw","0","8","Alabama","4/23/20","5","3","01041","60"
"Cullman","1","44","Alabama","4/23/20","40","4","01043","10"
"Dale","1","22","Alabama","4/23/20","14","8","01045","57.14"
"Dallas","1","29","Alabama","4/23/20","21","8","01047","38.1"
"DeKalb","4","61","Alabama","4/23/20","32","29","01049","90.62"
"Elmore","3","74","Alabama","4/23/20","54","20","01051","37.04"
"Escambia","1","21","Alabama","4/23/20","11","10","01053","90.91"
"Etowah","5","120","Alabama","4/23/20","86","34","01055","39.53"
"Fayette","0","4","Alabama","4/23/20","4","0","01057","0"
"Franklin","1","25","Alabama","4/23/20","17","8","01059","47.06"
"Geneva","1","6","Alabama","4/23/20","2","4","01061","200"
"Greene","3","41","Alabama","4/23/20","20","21","01063","105"
"Hale","2","37","Alabama","4/23/20","21","16","01065","76.19"
"Henry","1","22","Alabama","4/23/20","15","7","01067","46.67"
"Houston","3","78","Alabama","4/23/20","57","21","01069","36.84"
"Jackson","2","43","Alabama","4/23/20","32","11","01071","34.38"
"Jefferson","21","778","Alabama","4/23/20","634","144","01073","22.71"
"Lamar","0","9","Alabama","4/23/20","7","2","01075","28.57"
"Lauderdale","0","25","Alabama","4/23/20","22","3","01077","13.64"
"Lawrence","1","12","Alabama","4/23/20","8","4","01079","50"
"Lee","7","340","Alabama","4/23/20","292","48","01081","16.44"
"Limestone","0","40","Alabama","4/23/20","38","2","01083","5.26"
"Lowndes","1","34","Alabama","4/23/20","24","10","01085","41.67"
"Macon","1","27","Alabama","4/23/20","21","6","01087","28.57"
"Madison","1","205","Alabama","4/23/20","198","7","01089","3.54"
"Marengo","2","38","Alabama","4/23/20","24","14","01091","58.33"
"Marion","1","67","Alabama","4/23/20","59","8","01093","13.56"
"Marshall","21","258","Alabama","4/23/20","114","144","01095","126.32"
"Mobile","33","810","Alabama","4/23/20","577","233","01097","40.38"
"Monroe","0","9","Alabama","4/23/20","7","2","01099","28.57"
"Montgomery","9","263","Alabama","4/23/20","197","66","01101","33.5"
"Morgan","1","50","Alabama","4/23/20","44","6","01103","13.64"
"Perry","0","9","Alabama","4/23/20","8","1","01105","12.5"
"Pickens","2","44","Alabama","4/23/20","30","14","01107","46.67"
"Pike","4","57","Alabama","4/23/20","27","30","01109","111.11"
"Randolph","2","58","Alabama","4/23/20","46","12","01111","26.09"
"Russell","3","54","Alabama","4/23/20","32","22","01113","68.75"
"Shelby","6","283","Alabama","4/23/20","243","40","01117","16.46"
"St. Clair","2","62","Alabama","4/23/20","49","13","01115","26.53"
"Sumter","2","47","Alabama","4/23/20","31","16","01119","51.61"
"Talladega","2","53","Alabama","4/23/20","40","13","01121","32.5"
"Tallapoosa","14","254","Alabama","4/23/20","158","96","01123","60.76"
"Tuscaloosa","6","173","Alabama","4/23/20","132","41","01125","31.06"
"Walker","1","89","Alabama","4/23/20","84","5","01127","5.95"
"Washington","1","18","Alabama","4/23/20","13","5","01129","38.46"
"Wilcox","2","52","Alabama","4/23/20","39","13","01131","33.33"
"Winston","0","10","Alabama","4/23/20","7","3","01133","42.86"
"Anchorage","3","166","Alaska","4/23/20","143","23","02020","16.08"
"Bethel","0","1","Alaska","4/23/20","1","0","02050","0"
"Fairbanks North Star","0","79","Alaska","4/23/20","79","0","02090","0"
"Juneau","1","27","Alaska","4/23/20","23","4","02110","17.39"
"Kenai Peninsula","0","19","Alaska","4/23/20","16","3","02122","18.75"
"Ketchikan Gateway","0","16","Alaska","4/23/20","15","1","02130","6.67"
"Kodiak Island","0","1","Alaska","4/23/20","1","0","02150","0"
"Matanuska-Susitna","1","20","Alaska","4/23/20","15","5","02170","33.33"
"Nome","0","1","Alaska","4/23/20","1","0","02180","0"
"Petersburg","0","3","Alaska","4/23/20","2","1","02195","50"
"Prince of Wales-Hyder","0","2","Alaska","4/23/20","2","0","02198","0"
"Southeast Fairbanks","0","1","Alaska","4/23/20","1","0","02240","0"
"Yukon-Koyukuk","0","1","Alaska","4/23/20","1","0","02290","0"
"Apache","21","268","Arizona","4/23/20","118","150","04001","127.12"
"Cochise","2","31","Arizona","4/23/20","18","13","04003","72.22"
"Coconino","10","372","Arizona","4/23/20","299","73","04005","24.41"
"Gila","1","12","Arizona","4/23/20","5","7","04007","140"
"Graham","0","4","Arizona","4/23/20","2","2","04009","100"
"Greenlee","0","2","Arizona","4/23/20","2","0","04011","0"
"La Paz","0","6","Arizona","4/23/20","5","1","04012","20"
"Maricopa","101","2970","Arizona","4/23/20","2264","706","04013","31.18"
"Mohave","3","69","Arizona","4/23/20","51","18","04015","35.29"
"Navajo","22","564","Arizona","4/23/20","410","154","04017","37.56"
"Pima","38","1026","Arizona","4/23/20","760","266","04019","35"
"Pinal","15","303","Arizona","4/23/20","197","106","04021","53.81"
"Santa Cruz","2","28","Arizona","4/23/20","14","14","04023","100"
"Yavapai","1","75","Arizona","4/23/20","68","7","04025","10.29"
"Yuma","3","42","Arizona","4/23/20","24","18","04027","75"
"Arkansas","0","2","Arkansas","4/23/20","2","0","05001","0"
"Ashley","0","13","Arkansas","4/23/20","11","2","05003","18.18"
"Baxter","0","5","Arkansas","4/23/20","4","1","05005","25"
"Benton","1","70","Arkansas","4/23/20","61","9","05007","14.75"
"Boone","0","4","Arkansas","4/23/20","3","1","05009","33.33"
"Bradley","0","7","Arkansas","4/23/20","7","0","05011","0"
"Carroll","0","2","Arkansas","4/23/20","2","0","05015","0"
"Chicot","0","7","Arkansas","4/23/20","7","0","05017","0"
"Clark","0","27","Arkansas","4/23/20","27","0","05019","0"
"Clay","0","1","Arkansas","4/23/20","1","0","05021","0"
"Cleburne","0","71","Arkansas","4/23/20","70","1","05023","1.43"
"Cleveland","0","8","Arkansas","4/23/20","8","0","05025","0"
"Columbia","0","5","Arkansas","4/23/20","4","1","05027","25"
"Conway","0","8","Arkansas","4/23/20","5","3","05029","60"
"Craighead","2","55","Arkansas","4/23/20","40","15","05031","37.5"
"Crawford","0","4","Arkansas","4/23/20","4","0","05033","0"
"Crittenden","5","156","Arkansas","4/23/20","122","34","05035","27.87"
"Cross","1","11","Arkansas","4/23/20","7","4","05037","57.14"
"Dallas","0","1","Arkansas","4/23/20","1","0","05039","0"
"Desha","1","14","Arkansas","4/23/20","6","8","05041","133.33"
"Drew","1","10","Arkansas","4/23/20","6","4","05043","66.67"
"Faulkner","1","67","Arkansas","4/23/20","59","8","05045","13.56"
"Franklin","0","1","Arkansas","4/23/20","1","0","05047","0"
"Fulton","0","1","Arkansas","4/23/20","0","1","05049","1"
"Garland","1","109","Arkansas","4/23/20","105","4","05051","3.81"
"Grant","0","11","Arkansas","4/23/20","11","0","05053","0"
"Greene","1","13","Arkansas","4/23/20","6","7","05055","116.67"
"Hempstead","0","5","Arkansas","4/23/20","4","1","05057","25"
"Hot Spring","0","9","Arkansas","4/23/20","8","1","05059","12.5"
"Howard","0","13","Arkansas","4/23/20","12","1","05061","8.33"
"Independence","0","8","Arkansas","4/23/20","6","2","05063","33.33"
"Izard","0","2","Arkansas","4/23/20","2","0","05065","0"
"Jackson","0","1","Arkansas","4/23/20","1","0","05067","0"
"Jefferson","5","142","Arkansas","4/23/20","109","33","05069","30.28"
"Johnson","1","26","Arkansas","4/23/20","18","8","05071","44.44"
"Lafayette","0","6","Arkansas","4/23/20","5","1","05073","20"
"Lawrence","4","37","Arkansas","4/23/20","12","25","05075","208.33"
"Lee","0","3","Arkansas","4/23/20","3","0","05077","0"
"Lincoln","81","630","Arkansas","4/23/20","61","569","05079","932.79"
"Logan","0","3","Arkansas","4/23/20","2","1","05083","50"
"Lonoke","0","30","Arkansas","4/23/20","30","0","05085","0"
"Madison","0","1","Arkansas","4/23/20","1","0","05087","0"
"Marion","0","1","Arkansas","4/23/20","1","0","05089","0"
"Miller","0","31","Arkansas","4/23/20","29","2","05091","6.9"
"Mississippi","0","10","Arkansas","4/23/20","8","2","05093","25"
"Monroe","0","4","Arkansas","4/23/20","2","2","05095","100"
"Nevada","0","1","Arkansas","4/23/20","1","0","05099","0"
"Newton","0","3","Arkansas","4/23/20","1","2","05101","200"
"Ouachita","0","5","Arkansas","4/23/20","5","0","05103","0"
"Perry","0","3","Arkansas","4/23/20","2","1","05105","50"
"Phillips","0","4","Arkansas","4/23/20","4","0","05107","0"
"Pike","0","3","Arkansas","4/23/20","2","1","05109","50"
"Poinsett","1","13","Arkansas","4/23/20","9","4","05111","44.44"
"Polk","0","7","Arkansas","4/23/20","6","1","05113","16.67"
"Pope","1","37","Arkansas","4/23/20","33","4","05115","12.12"
"Prairie","0","2","Arkansas","4/23/20","2","0","05117","0"
"Pulaski","10","427","Arkansas","4/23/20","355","72","05119","20.28"
"Randolph","1","14","Arkansas","4/23/20","9","5","05121","55.56"
"Saline","2","51","Arkansas","4/23/20","36","15","05125","41.67"
"Scott","0","1","Arkansas","4/23/20","1","0","05127","0"
"Searcy","0","6","Arkansas","4/23/20","6","0","05129","0"
"Sebastian","0","12","Arkansas","4/23/20","11","1","05131","9.09"
"Sevier","0","10","Arkansas","4/23/20","8","2","05133","25"
"Sharp","0","2","Arkansas","4/23/20","2","0","05135","0"
"St. Francis","1","69","Arkansas","4/23/20","63","6","05123","9.52"
"Stone","0","7","Arkansas","4/23/20","7","0","05137","0"
"Union","1","29","Arkansas","4/23/20","19","10","05139","52.63"
"Van Buren","0","26","Arkansas","4/23/20","26","0","05141","0"
"Washington","3","62","Arkansas","4/23/20","44","18","05143","40.91"
"White","0","29","Arkansas","4/23/20","28","1","05145","3.57"
"Woodruff","0","1","Arkansas","4/23/20","1","0","05147","0"
"Yell","0","3","Arkansas","4/23/20","1","2","05149","200"
"Alameda","49","1352","California","4/23/20","1007","345","06001","34.26"
"Alpine","0","2","California","4/23/20","2","0","06003","0"
"Amador","0","8","California","4/23/20","7","1","06005","14.29"
"Butte","0","16","California","4/23/20","16","0","06007","0"
"Calaveras","0","13","California","4/23/20","11","2","06009","18.18"
"Colusa","0","3","California","4/23/20","3","0","06011","0"
"Contra Costa","20","770","California","4/23/20","631","139","06013","22.03"
"Del Norte","0","2","California","4/23/20","2","0","06015","0"
"El Dorado","1","40","California","4/23/20","35","5","06017","14.29"
"Fresno","22","419","California","4/23/20","265","154","06019","58.11"
"Glenn","0","5","California","4/23/20","4","1","06021","25"
"Humboldt","0","52","California","4/23/20","52","0","06023","0"
"Imperial","15","232","California","4/23/20","127","105","06025","82.68"
"Inyo","0","19","California","4/23/20","17","2","06027","11.76"
"Kern","19","699","California","4/23/20","565","134","06029","23.72"
"Kings","3","35","California","4/23/20","13","22","06031","169.23"
"Lake","0","6","California","4/23/20","6","0","06033","0"
"Los Angeles","955","17537","California","4/23/20","10854","6683","06037","61.57"
"Madera","1","39","California","4/23/20","33","6","06039","18.18"
"Marin","4","209","California","4/23/20","184","25","06041","13.59"
"Mendocino","0","5","California","4/23/20","4","1","06045","25"
"Merced","3","100","California","4/23/20","79","21","06047","26.58"
"Mono","0","24","California","4/23/20","23","1","06051","4.35"
"Monterey","7","154","California","4/23/20","108","46","06053","42.59"
"Napa","3","57","California","4/23/20","39","18","06055","46.15"
"Nevada","0","36","California","4/23/20","34","2","06057","5.88"
"Orange","57","1827","California","4/23/20","1425","402","06059","28.21"
"Placer","1","136","California","4/23/20","130","6","06061","4.62"
"Plumas","0","4","California","4/23/20","4","0","06063","0"
"Riverside","159","3218","California","4/23/20","2105","1113","06065","52.87"
"Sacramento","15","987","California","4/23/20","879","108","06067","12.29"
"San Benito","1","47","California","4/23/20","41","6","06069","14.63"
"San Bernardino","87","1608","California","4/23/20","996","612","06071","61.45"
"San Diego","90","2643","California","4/23/20","2012","631","06073","31.36"
"San Francisco","40","1302","California","4/23/20","1019","283","06075","27.77"
"San Joaquin","17","487","California","4/23/20","365","122","06077","33.42"
"San Luis Obispo","3","149","California","4/23/20","125","24","06079","19.2"
"San Mateo","28","966","California","4/23/20","767","199","06081","25.95"
"Santa Barbara","17","451","California","4/23/20","334","117","06083","35.03"
"Santa Clara","22","1987","California","4/23/20","1833","154","06085","8.4"
"Santa Cruz","3","114","California","4/23/20","96","18","06087","18.75"
"Shasta","0","28","California","4/23/20","25","3","06089","12"
"Siskiyou","0","5","California","4/23/20","5","0","06093","0"
"Solano","7","191","California","4/23/20","141","50","06095","35.46"
"Sonoma","4","194","California","4/23/20","163","31","06097","19.02"
"Stanislaus","11","251","California","4/23/20","177","74","06099","41.81"
"Sutter","3","44","California","4/23/20","24","20","06101","83.33"
"Tehama","0","1","California","4/23/20","1","0","06103","0"
"Tulare","12","453","California","4/23/20","372","81","06107","21.77"
"Tuolumne","0","2","California","4/23/20","2","0","06109","0"
"Ventura","12","465","California","4/23/20","384","81","06111","21.09"
"Yolo","5","151","California","4/23/20","116","35","06113","30.17"
"Yuba","0","16","California","4/23/20","15","1","06115","6.67"
"Adams","40","1082","Colorado","4/23/20","805","277","08001","34.41"
"Alamosa","0","9","Colorado","4/23/20","7","2","08003","28.57"
"Arapahoe","69","1824","Colorado","4/23/20","1342","482","08005","35.92"
"Archuleta","0","8","Colorado","4/23/20","6","2","08007","33.33"
"Baca","0","10","Colorado","4/23/20","10","0","08009","0"
"Boulder","16","426","Colorado","4/23/20","312","114","08013","36.54"
"Broomfield","3","113","Colorado","4/23/20","95","18","08014","18.95"
"Chaffee","3","55","Colorado","4/23/20","35","20","08015","57.14"
"Clear Creek","0","12","Colorado","4/23/20","11","1","08019","9.09"
"Costilla","0","3","Colorado","4/23/20","3","0","08023","0"
"Crowley","0","2","Colorado","4/23/20","2","0","08025","0"
"Custer","0","2","Colorado","4/23/20","2","0","08027","0"
"Delta","2","25","Colorado","4/23/20","13","12","08029","92.31"
"Denver","89","2172","Colorado","4/23/20","1549","623","08031","40.22"
"Douglas","10","399","Colorado","4/23/20","329","70","08035","21.28"
"Eagle","1","489","Colorado","4/23/20","479","10","08037","2.09"
"El Paso","16","798","Colorado","4/23/20","689","109","08041","15.82"
"Elbert","1","26","Colorado","4/23/20","17","9","08039","52.94"
"Fremont","1","19","Colorado","4/23/20","9","10","08043","111.11"
"Garfield","1","74","Colorado","4/23/20","64","10","08045","15.62"
"Gilpin","0","1","Colorado","4/23/20","1","0","08047","0"
"Grand","0","5","Colorado","4/23/20","4","1","08049","25"
"Gunnison","1","121","Colorado","4/23/20","111","10","08051","9.01"
"Hinsdale","0","3","Colorado","4/23/20","3","0","08053","0"
"Huerfano","0","1","Colorado","4/23/20","1","0","08055","0"
"Jefferson","31","1075","Colorado","4/23/20","860","215","08059","25"
"Kit Carson","1","18","Colorado","4/23/20","13","5","08063","38.46"
"La Plata","1","55","Colorado","4/23/20","47","8","08067","17.02"
"Lake","0","10","Colorado","4/23/20","8","2","08065","25"
"Larimer","8","274","Colorado","4/23/20","217","57","08069","26.27"
"Las Animas","0","3","Colorado","4/23/20","3","0","08071","0"
"Lincoln","0","3","Colorado","4/23/20","2","1","08073","50"
"Logan","1","24","Colorado","4/23/20","17","7","08075","41.18"
"Mesa","0","37","Colorado","4/23/20","34","3","08077","8.82"
"Mineral","0","2","Colorado","4/23/20","2","0","08079","0"
"Moffat","0","6","Colorado","4/23/20","3","3","08081","100"
"Montezuma","0","15","Colorado","4/23/20","13","2","08083","15.38"
"Montrose","2","82","Colorado","4/23/20","69","13","08085","18.84"
"Morgan","13","214","Colorado","4/23/20","122","92","08087","75.41"
"Otero","0","7","Colorado","4/23/20","5","2","08089","40"
"Ouray","0","5","Colorado","4/23/20","4","1","08091","25"
"Park","0","6","Colorado","4/23/20","6","0","08093","0"
"Phillips","0","5","Colorado","4/23/20","4","1","08095","25"
"Pitkin","1","57","Colorado","4/23/20","51","6","08097","11.76"
"Prowers","0","1","Colorado","4/23/20","1","0","08099","0"
"Pueblo","5","108","Colorado","4/23/20","72","36","08101","50"
"Rio Blanco","0","1","Colorado","4/23/20","1","0","08103","0"
"Rio Grande","0","7","Colorado","4/23/20","7","0","08105","0"
"Routt","1","52","Colorado","4/23/20","43","9","08107","20.93"
"Saguache","0","3","Colorado","4/23/20","3","0","08109","0"
"San Miguel","1","17","Colorado","4/23/20","12","5","08113","41.67"
"Summit","3","105","Colorado","4/23/20","87","18","08117","20.69"
"Teller","1","25","Colorado","4/23/20","17","8","08119","47.06"
"Washington","0","6","Colorado","4/23/20","5","1","08121","20"
"Weld","43","1263","Colorado","4/23/20","960","303","08123","31.56"
"Yuma","0","5","Colorado","4/23/20","2","3","08125","150"
"Fairfield","456","10008","Connecticut","4/23/20","6816","3192","09001","46.83"
"Hartford","206","4303","Connecticut","4/23/20","2859","1444","09003","50.51"
"Litchfield","31","751","Connecticut","4/23/20","535","216","09005","40.37"
"Middlesex","22","545","Connecticut","4/23/20","394","151","09007","38.32"
"New Haven","272","6064","Connecticut","4/23/20","4163","1901","09009","45.66"
"New London","23","419","Connecticut","4/23/20","255","164","09011","64.31"
"Tolland","17","359","Connecticut","4/23/20","241","118","09013","48.96"
"Windham","6","129","Connecticut","4/23/20","87","42","09015","48.28"
"Kent","27","539","Delaware","4/23/20","352","187","10001","53.12"
"New Castle","55","1389","Delaware","4/23/20","1003","386","10003","38.48"
"Sussex","97","1377","Delaware","4/23/20","698","679","10005","97.28"
"","0","49","Diamond Princess","4/23/20","49","0",,"0"
"District of Columbia","144","3361","District of Columbia","4/23/20","2350","1011","11001","43.02"
"Alachua","4","231","Florida","4/23/20","200","31","12001","15.5"
"Baker","0","19","Florida","4/23/20","17","2","12003","11.76"
"Bay","3","60","Florida","4/23/20","42","18","12005","42.86"
"Bradford","0","42","Florida","4/23/20","39","3","12007","7.69"
"Brevard","6","235","Florida","4/23/20","192","43","12009","22.4"
"Broward","138","4431","Florida","4/23/20","3466","965","12011","27.84"
"Calhoun","0","6","Florida","4/23/20","5","1","12013","20"
"Charlotte","7","178","Florida","4/23/20","127","51","12015","40.16"
"Citrus","2","94","Florida","4/23/20","80","14","12017","17.5"
"Clay","11","264","Florida","4/23/20","184","80","12019","43.48"
"Collier","13","507","Florida","4/23/20","416","91","12021","21.88"
"Columbia","2","46","Florida","4/23/20","35","11","12023","31.43"
"DeSoto","0","24","Florida","4/23/20","22","2","12027","9.09"
"Dixie","0","4","Florida","4/23/20","3","1","12029","33.33"
"Duval","26","956","Florida","4/23/20","776","180","12031","23.2"
"Escambia","20","420","Florida","4/23/20","277","143","12033","51.62"
"Flagler","8","106","Florida","4/23/20","50","56","12035","112"
"Franklin","0","2","Florida","4/23/20","2","0","12037","0"
"Gadsden","4","69","Florida","4/23/20","44","25","12039","56.82"
"Gilchrist","0","4","Florida","4/23/20","4","0","12041","0"
"Glades","0","5","Florida","4/23/20","5","0","12043","0"
"Gulf","0","1","Florida","4/23/20","1","0","12045","0"
"Hamilton","1","6","Florida","4/23/20","2","4","12047","200"
"Hardee","0","5","Florida","4/23/20","4","1","12049","25"
"Hendry","5","59","Florida","4/23/20","27","32","12051","118.52"
"Hernando","1","83","Florida","4/23/20","76","7","12053","9.21"
"Highlands","1","74","Florida","4/23/20","66","8","12055","12.12"
"Hillsborough","19","1008","Florida","4/23/20","878","130","12057","14.81"
"Holmes","1","9","Florida","4/23/20","4","5","12059","125"
"Indian River","1","88","Florida","4/23/20","83","5","12061","6.02"
"Jackson","1","13","Florida","4/23/20","8","5","12063","62.5"
"Jefferson","0","26","Florida","4/23/20","23","3","12065","13.04"
"Lafayette","0","1","Florida","4/23/20","1","0","12067","0"
"Lake","4","217","Florida","4/23/20","186","31","12069","16.67"
"Lee","29","887","Florida","4/23/20","687","200","12071","29.11"
"Leon","4","191","Florida","4/23/20","165","26","12073","15.76"
"Levy","1","13","Florida","4/23/20","9","4","12075","44.44"
"Liberty","0","2","Florida","4/23/20","2","0","12077","0"
"Madison","3","40","Florida","4/23/20","16","24","12079","150"
"Manatee","23","473","Florida","4/23/20","309","164","12081","53.07"
"Marion","5","145","Florida","4/23/20","112","33","12083","29.46"
"Martin","3","166","Florida","4/23/20","142","24","12085","16.9"
"Miami-Dade","323","10588","Florida","4/23/20","8326","2262","12086","27.17"
"Monroe","1","74","Florida","4/23/20","66","8","12087","12.12"
"Nassau","1","48","Florida","4/23/20","40","8","12089","20"
"Okaloosa","3","141","Florida","4/23/20","117","24","12091","20.51"
"Okeechobee","1","9","Florida","4/23/20","5","4","12093","80"
"Orange","23","1274","Florida","4/23/20","1114","160","12095","14.36"
"Osceola","9","449","Florida","4/23/20","384","65","12097","16.93"
"Palm Beach","98","2554","Florida","4/23/20","1867","687","12099","36.8"
"Pasco","4","221","Florida","4/23/20","190","31","12101","16.32"
"Pinellas","18","656","Florida","4/23/20","530","126","12103","23.77"
"Polk","11","379","Florida","4/23/20","304","75","12105","24.67"
"Putnam","4","75","Florida","4/23/20","49","26","12107","53.06"
"Santa Rosa","3","141","Florida","4/23/20","118","23","12113","19.49"
"Sarasota","7","310","Florida","4/23/20","260","50","12115","19.23"
"Seminole","5","340","Florida","4/23/20","306","34","12117","11.11"
"St. Johns","3","200","Florida","4/23/20","182","18","12109","9.89"
"St. Lucie","5","220","Florida","4/23/20","186","34","12111","18.28"
"Sumter","7","166","Florida","4/23/20","117","49","12119","41.88"
"Suwannee","3","106","Florida","4/23/20","83","23","12121","27.71"
"Taylor","0","3","Florida","4/23/20","1","2","12123","200"
"Union","0","3","Florida","4/23/20","2","1","12125","50"
"Volusia","24","420","Florida","4/23/20","255","165","12127","64.71"
"Wakulla","0","17","Florida","4/23/20","14","3","12129","21.43"
"Walton","1","34","Florida","4/23/20","29","5","12131","17.24"
"Washington","1","10","Florida","4/23/20","5","5","12133","100"
"Appling","5","49","Georgia","4/23/20","17","32","13001","188.24"
"Atkinson","1","7","Georgia","4/23/20","3","4","13003","133.33"
"Bacon","1","20","Georgia","4/23/20","14","6","13005","42.86"
"Baker","0","19","Georgia","4/23/20","17","2","13007","11.76"
"Baldwin","9","161","Georgia","4/23/20","97","64","13009","65.98"
"Banks","1","17","Georgia","4/23/20","10","7","13011","70"
"Barrow","5","106","Georgia","4/23/20","70","36","13013","51.43"
"Bartow","4","264","Georgia","4/23/20","237","27","13015","11.39"
"Ben Hill","2","21","Georgia","4/23/20","10","11","13017","110"
"Berrien","0","12","Georgia","4/23/20","9","3","13019","33.33"
"Bibb","17","234","Georgia","4/23/20","118","116","13021","98.31"
"Bleckley","1","7","Georgia","4/23/20","3","4","13023","133.33"
"Brantley","1","20","Georgia","4/23/20","15","5","13025","33.33"
"Brooks","2","37","Georgia","4/23/20","21","16","13027","76.19"
"Bryan","2","43","Georgia","4/23/20","30","13","13029","43.33"
"Bulloch","1","33","Georgia","4/23/20","23","10","13031","43.48"
"Burke","4","60","Georgia","4/23/20","32","28","13033","87.5"
"Butts","13","126","Georgia","4/23/20","38","88","13035","231.58"
"Calhoun","3","82","Georgia","4/23/20","59","23","13037","38.98"
"Camden","0","28","Georgia","4/23/20","26","2","13039","7.69"
"Candler","0","7","Georgia","4/23/20","4","3","13043","75"
"Carroll","10","314","Georgia","4/23/20","243","71","13045","29.22"
"Catoosa","4","45","Georgia","4/23/20","18","27","13047","150"
"Charlton","0","7","Georgia","4/23/20","5","2","13049","40"
"Chatham","5","199","Georgia","4/23/20","161","38","13051","23.6"
"Chattahoochee","0","8","Georgia","4/23/20","5","3","13053","60"
"Chattooga","0","11","Georgia","4/23/20","8","3","13055","37.5"
"Cherokee","18","365","Georgia","4/23/20","242","123","13057","50.83"
"Clarke","3","122","Georgia","4/23/20","102","20","13059","19.61"
"Clay","0","20","Georgia","4/23/20","18","2","13061","11.11"
"Clayton","21","616","Georgia","4/23/20","468","148","13063","31.62"
"Clinch","0","7","Georgia","4/23/20","7","0","13065","0"
"Cobb","48","1326","Georgia","4/23/20","990","336","13067","33.94"
"Coffee","3","91","Georgia","4/23/20","71","20","13069","28.17"
"Colquitt","9","163","Georgia","4/23/20","98","65","13071","66.33"
"Columbia","7","129","Georgia","4/23/20","82","47","13073","57.32"
"Cook","1","15","Georgia","4/23/20","10","5","13075","50"
"Coweta","5","177","Georgia","4/23/20","140","37","13077","26.43"
"Crawford","0","14","Georgia","4/23/20","11","3","13079","27.27"
"Crisp","7","141","Georgia","4/23/20","93","48","13081","51.61"
"Dade","1","15","Georgia","4/23/20","7","8","13083","114.29"
"Dawson","2","50","Georgia","4/23/20","37","13","13085","35.14"
"Decatur","1","61","Georgia","4/23/20","54","7","13087","12.96"
"DeKalb","63","1689","Georgia","4/23/20","1247","442","13089","35.45"
"Dodge","0","22","Georgia","4/23/20","19","3","13091","15.79"
"Dooly","3","81","Georgia","4/23/20","63","18","13093","28.57"
"Dougherty","20","1478","Georgia","4/23/20","1338","140","13095","10.46"
"Douglas","10","273","Georgia","4/23/20","202","71","13097","35.15"
"Early","6","185","Georgia","4/23/20","146","39","13099","26.71"
"Echols","0","5","Georgia","4/23/20","3","2","13101","66.67"
"Effingham","1","33","Georgia","4/23/20","24","9","13103","37.5"
"Elbert","1","14","Georgia","4/23/20","7","7","13105","100"
"Emanuel","1","17","Georgia","4/23/20","11","6","13107","54.55"
"Evans","0","4","Georgia","4/23/20","2","2","13109","100"
"Fannin","1","20","Georgia","4/23/20","14","6","13111","42.86"
"Fayette","5","156","Georgia","4/23/20","124","32","13113","25.81"
"Floyd","1","128","Georgia","4/23/20","121","7","13115","5.79"
"Forsyth","10","235","Georgia","4/23/20","162","73","13117","45.06"
"Franklin","1","16","Georgia","4/23/20","8","8","13119","100"
"Fulton","72","2436","Georgia","4/23/20","1929","507","13121","26.28"
"Gilmer","3","28","Georgia","4/23/20","8","20","13123","250"
"Glynn","1","51","Georgia","4/23/20","44","7","13127","15.91"
"Gordon","3","73","Georgia","4/23/20","49","24","13129","48.98"
"Grady","3","47","Georgia","4/23/20","25","22","13131","88"
"Greene","1","49","Georgia","4/23/20","39","10","13133","25.64"
"Gwinnett","65","1351","Georgia","4/23/20","896","455","13135","50.78"
"Habersham","14","149","Georgia","4/23/20","48","101","13137","210.42"
"Hall","79","963","Georgia","4/23/20","411","552","13139","134.31"
"Hancock","1","14","Georgia","4/23/20","6","8","13141","133.33"
"Haralson","1","26","Georgia","4/23/20","20","6","13143","30"
"Harris","3","55","Georgia","4/23/20","33","22","13145","66.67"
"Hart","0","6","Georgia","4/23/20","5","1","13147","20"
"Heard","1","9","Georgia","4/23/20","5","4","13149","80"
"Henry","12","413","Georgia","4/23/20","330","83","13151","25.15"
"Houston","6","194","Georgia","4/23/20","154","40","13153","25.97"
"Irwin","1","17","Georgia","4/23/20","13","4","13155","30.77"
"Jackson","5","69","Georgia","4/23/20","37","32","13157","86.49"
"Jasper","1","19","Georgia","4/23/20","10","9","13159","90"
"Jeff Davis","1","9","Georgia","4/23/20","3","6","13161","200"
"Jefferson","0","12","Georgia","4/23/20","9","3","13163","33.33"
"Jenkins","0","15","Georgia","4/23/20","12","3","13165","25"
"Johnson","2","38","Georgia","4/23/20","24","14","13167","58.33"
"Jones","1","24","Georgia","4/23/20","15","9","13169","60"
"Lamar","1","31","Georgia","4/23/20","21","10","13171","47.62"
"Lanier","0","7","Georgia","4/23/20","5","2","13173","40"
"Laurens","1","46","Georgia","4/23/20","37","9","13175","24.32"
"Lee","5","298","Georgia","4/23/20","265","33","13177","12.45"
"Liberty","1","35","Georgia","4/23/20","26","9","13179","34.62"
"Lincoln","0","10","Georgia","4/23/20","9","1","13181","11.11"
"Long","0","2","Georgia","4/23/20","2","0","13183","0"
"Lowndes","7","125","Georgia","4/23/20","77","48","13185","62.34"
"Lumpkin","2","28","Georgia","4/23/20","11","17","13187","154.55"
"Macon","4","66","Georgia","4/23/20","39","27","13193","69.23"
"Madison","1","19","Georgia","4/23/20","14","5","13195","35.71"
"Marion","2","34","Georgia","4/23/20","17","17","13197","100"
"McDuffie","1","39","Georgia","4/23/20","31","8","13189","25.81"
"McIntosh","0","4","Georgia","4/23/20","4","0","13191","0"
"Meriwether","3","49","Georgia","4/23/20","29","20","13199","68.97"
"Miller","1","26","Georgia","4/23/20","20","6","13201","30"
"Mitchell","15","290","Georgia","4/23/20","183","107","13205","58.47"
"Monroe","1","18","Georgia","4/23/20","14","4","13207","28.57"
"Montgomery","0","2","Georgia","4/23/20","2","0","13209","0"
"Morgan","1","25","Georgia","4/23/20","17","8","13211","47.06"
"Murray","0","19","Georgia","4/23/20","16","3","13213","18.75"
"Muscogee","9","256","Georgia","4/23/20","192","64","13215","33.33"
"Newton","5","153","Georgia","4/23/20","115","38","13217","33.04"
"Oconee","1","54","Georgia","4/23/20","45","9","13219","20"
"Oglethorpe","1","36","Georgia","4/23/20","31","5","13221","16.13"
"Out of GA","39","978","Georgia","4/23/20","707","271","80013","38.33"
"Paulding","4","148","Georgia","4/23/20","121","27","13223","22.31"
"Peach","1","36","Georgia","4/23/20","28","8","13225","28.57"
"Pickens","1","19","Georgia","4/23/20","15","4","13227","26.67"
"Pierce","0","51","Georgia","4/23/20","48","3","13229","6.25"
"Pike","2","38","Georgia","4/23/20","27","11","13231","40.74"
"Polk","1","36","Georgia","4/23/20","27","9","13233","33.33"
"Pulaski","1","20","Georgia","4/23/20","11","9","13235","81.82"
"Putnam","2","29","Georgia","4/23/20","14","15","13237","107.14"
"Quitman","0","3","Georgia","4/23/20","3","0","13239","0"
"Rabun","0","9","Georgia","4/23/20","7","2","13241","28.57"
"Randolph","2","149","Georgia","4/23/20","134","15","13243","11.19"
"Richmond","21","335","Georgia","4/23/20","189","146","13245","77.25"
"Rockdale","6","151","Georgia","4/23/20","108","43","13247","39.81"
"Schley","0","16","Georgia","4/23/20","13","3","13249","23.08"
"Screven","1","14","Georgia","4/23/20","10","4","13251","40"
"Seminole","1","27","Georgia","4/23/20","20","7","13253","35"
"Spalding","6","140","Georgia","4/23/20","99","41","13255","41.41"
"Stephens","3","48","Georgia","4/23/20","25","23","13257","92"
"Stewart","1","17","Georgia","4/23/20","9","8","13259","88.89"
"Sumter","10","344","Georgia","4/23/20","277","67","13261","24.19"
"Talbot","1","21","Georgia","4/23/20","14","7","13263","50"
"Tattnall","0","6","Georgia","4/23/20","5","1","13267","20"
"Taylor","1","14","Georgia","4/23/20","10","4","13269","40"
"Telfair","0","16","Georgia","4/23/20","13","3","13271","23.08"
"Terrell","4","162","Georgia","4/23/20","137","25","13273","18.25"
"Thomas","7","158","Georgia","4/23/20","112","46","13275","41.07"
"Tift","3","98","Georgia","4/23/20","78","20","13277","25.64"
"Toombs","1","23","Georgia","4/23/20","17","6","13279","35.29"
"Towns","2","19","Georgia","4/23/20","8","11","13281","137.5"
"Treutlen","0","2","Georgia","4/23/20","1","1","13283","100"
"Troup","6","118","Georgia","4/23/20","75","43","13285","57.33"
"Turner","2","61","Georgia","4/23/20","48","13","13287","27.08"
"Twiggs","0","6","Georgia","4/23/20","4","2","13289","50"
"Union","2","25","Georgia","4/23/20","8","17","13291","212.5"
"Upson","7","191","Georgia","4/23/20","139","52","13293","37.41"
"Walker","7","59","Georgia","4/23/20","13","46","13295","353.85"
"Walton","4","81","Georgia","4/23/20","55","26","13297","47.27"
"Ware","4","100","Georgia","4/23/20","69","31","13299","44.93"
"Warren","0","12","Georgia","4/23/20","9","3","13301","33.33"
"Washington","1","28","Georgia","4/23/20","23","5","13303","21.74"
"Wayne","1","10","Georgia","4/23/20","6","4","13305","66.67"
"Webster","0","7","Georgia","4/23/20","4","3","13307","75"
"Wheeler","0","3","Georgia","4/23/20","3","0","13309","0"
"White","3","36","Georgia","4/23/20","15","21","13311","140"
"Whitfield","4","59","Georgia","4/23/20","33","26","13313","78.79"
"Wilcox","4","64","Georgia","4/23/20","34","30","13315","88.24"
"Wilkes","2","22","Georgia","4/23/20","10","12","13317","120"
"Wilkinson","1","27","Georgia","4/23/20","17","10","13319","58.82"
"Worth","4","142","Georgia","4/23/20","112","30","13321","26.79"
"","0","103","Grand Princess","4/23/20","103","0",,"0"
"","1","139","Guam","4/23/20","135","4",,"2.96"
"Hawaii","4","68","Hawaii","4/23/20","41","27","15001","65.85"
"Honolulu","3","389","Hawaii","4/23/20","369","20","15003","5.42"
"Kauai","0","21","Hawaii","4/23/20","21","0","15007","0"
"Maui","3","112","Hawaii","4/23/20","92","20","15009","21.74"
"Out of HI","0","6","Hawaii","4/23/20","6","0","80015","0"
"Ada","10","635","Idaho","4/23/20","567","68","16001","11.99"
"Adams","0","3","Idaho","4/23/20","1","2","16003","200"
"Bannock","0","8","Idaho","4/23/20","8","0","16005","0"
"Bingham","0","3","Idaho","4/23/20","2","1","16011","50"
"Blaine","2","485","Idaho","4/23/20","469","16","16013","3.41"
"Bonner","0","4","Idaho","4/23/20","4","0","16017","0"
"Bonneville","1","28","Idaho","4/23/20","24","4","16019","16.67"
"Camas","0","1","Idaho","4/23/20","1","0","16025","0"
"Canyon","6","222","Idaho","4/23/20","181","41","16027","22.65"
"Caribou","0","1","Idaho","4/23/20","1","0","16029","0"
"Cassia","0","12","Idaho","4/23/20","9","3","16031","33.33"
"Custer","0","2","Idaho","4/23/20","2","0","16037","0"
"Elmore","2","32","Idaho","4/23/20","18","14","16039","77.78"
"Fremont","0","2","Idaho","4/23/20","2","0","16043","0"
"Gem","0","11","Idaho","4/23/20","10","1","16045","10"
"Gooding","0","9","Idaho","4/23/20","7","2","16047","28.57"
"Idaho","0","3","Idaho","4/23/20","3","0","16049","0"
"Jefferson","0","5","Idaho","4/23/20","5","0","16051","0"
"Jerome","1","44","Idaho","4/23/20","38","6","16053","15.79"
"Kootenai","2","59","Idaho","4/23/20","48","11","16055","22.92"
"Latah","0","4","Idaho","4/23/20","3","1","16057","33.33"
"Lincoln","1","21","Idaho","4/23/20","15","6","16063","40"
"Madison","0","8","Idaho","4/23/20","8","0","16065","0"
"Minidoka","0","10","Idaho","4/23/20","9","1","16067","11.11"
"Nez Perce","4","55","Idaho","4/23/20","27","28","16069","103.7"
"Owyhee","0","6","Idaho","4/23/20","4","2","16073","50"
"Payette","0","11","Idaho","4/23/20","10","1","16075","10"
"Power","0","2","Idaho","4/23/20","2","0","16077","0"
"Teton","0","8","Idaho","4/23/20","7","1","16081","14.29"
"Twin Falls","6","139","Idaho","4/23/20","99","40","16083","40.4"
"Valley","0","2","Idaho","4/23/20","2","0","16085","0"
"Washington","0","1","Idaho","4/23/20","1","0","16087","0"
"Adams","0","29","Illinois","4/23/20","29","0","17001","0"
"Alexander","0","2","Illinois","4/23/20","0","2","17003","1"
"Bond","0","4","Illinois","4/23/20","4","0","17005","0"
"Boone","5","54","Illinois","4/23/20","18","36","17007","200"
"Bureau","0","8","Illinois","4/23/20","7","1","17011","14.29"
"Calhoun","0","1","Illinois","4/23/20","1","0","17013","0"
"Carroll","0","7","Illinois","4/23/20","5","2","17015","40"
"Cass","1","8","Illinois","4/23/20","0","8","17017","1"
"Champaign","1","99","Illinois","4/23/20","90","9","17019","10"
"Christian","0","26","Illinois","4/23/20","24","2","17021","8.33"
"Clark","0","4","Illinois","4/23/20","4","0","17023","0"
"Clay","0","2","Illinois","4/23/20","1","1","17025","100"
"Clinton","2","51","Illinois","4/23/20","39","12","17027","30.77"
"Coles","1","18","Illinois","4/23/20","9","9","17029","100"
"Cook","1103","25811","Illinois","4/23/20","18087","7724","17031","42.7"
"Crawford","1","10","Illinois","4/23/20","4","6","17033","150"
"Cumberland","0","2","Illinois","4/23/20","2","0","17035","0"
"De Witt","0","1","Illinois","4/23/20","1","0","17039","0"
"DeKalb","2","56","Illinois","4/23/20","39","17","17037","43.59"
"Douglas","0","12","Illinois","4/23/20","12","0","17041","0"
"DuPage","83","2047","Illinois","4/23/20","1463","584","17043","39.92"
"Effingham","0","5","Illinois","4/23/20","4","1","17049","25"
"Fayette","0","15","Illinois","4/23/20","12","3","17051","25"
"Ford","1","8","Illinois","4/23/20","4","4","17053","100"
"Franklin","1","8","Illinois","4/23/20","4","4","17055","100"
"Fulton","0","1","Illinois","4/23/20","1","0","17057","0"
"Gallatin","0","2","Illinois","4/23/20","2","0","17059","0"
"Greene","0","2","Illinois","4/23/20","1","1","17061","100"
"Grundy","0","26","Illinois","4/23/20","24","2","17063","8.33"
"Hamilton","0","2","Illinois","4/23/20","0","2","17065","1"
"Hancock","0","4","Illinois","4/23/20","3","1","17067","33.33"
"Hardin","0","1","Illinois","4/23/20","0","1","17069","1"
"Henderson","0","3","Illinois","4/23/20","0","3","17071","1"
"Henry","1","33","Illinois","4/23/20","25","8","17073","32"
"Iroquois","0","14","Illinois","4/23/20","11","3","17075","27.27"
"Jackson","2","53","Illinois","4/23/20","39","14","17077","35.9"
"Jasper","5","40","Illinois","4/23/20","3","37","17079","1233.33"
"Jefferson","10","77","Illinois","4/23/20","10","67","17081","670"
"Jersey","0","11","Illinois","4/23/20","8","3","17083","37.5"
"Jo Daviess","0","11","Illinois","4/23/20","11","0","17085","0"
"Johnson","0","3","Illinois","4/23/20","2","1","17087","50"
"Kane","53","863","Illinois","4/23/20","490","373","17089","76.12"
"Kankakee","5","289","Illinois","4/23/20","252","37","17091","14.68"
"Kendall","7","171","Illinois","4/23/20","119","52","17093","43.7"
"Knox","3","21","Illinois","4/23/20","2","19","17095","950"
"Lake","110","2540","Illinois","4/23/20","1767","773","17097","43.75"
"LaSalle","2","39","Illinois","4/23/20","25","14","17099","56"
"Lawrence","0","2","Illinois","4/23/20","2","0","17101","0"
"Lee","0","18","Illinois","4/23/20","15","3","17103","20"
"Livingston","0","18","Illinois","4/23/20","17","1","17105","5.88"
"Logan","0","4","Illinois","4/23/20","5","-1","17107","-20"
"Macon","7","96","Illinois","4/23/20","47","49","17115","104.26"
"Macoupin","1","24","Illinois","4/23/20","18","6","17117","33.33"
"Madison","12","235","Illinois","4/23/20","151","84","17119","55.63"
"Marion","1","25","Illinois","4/23/20","17","8","17121","47.06"
"Marshall","0","4","Illinois","4/23/20","2","2","17123","100"
"Mason","0","6","Illinois","4/23/20","4","2","17125","50"
"Massac","0","3","Illinois","4/23/20","4","-1","17127","-25"
"McDonough","0","4","Illinois","4/23/20","3","1","17109","33.33"
"McHenry","20","419","Illinois","4/23/20","279","140","17111","50.18"
"McLean","1","87","Illinois","4/23/20","82","5","17113","6.1"
"Menard","0","4","Illinois","4/23/20","2","2","17129","100"
"Mercer","0","6","Illinois","4/23/20","4","2","17131","50"
"Monroe","1","60","Illinois","4/23/20","50","10","17133","20"
"Montgomery","2","21","Illinois","4/23/20","9","12","17135","133.33"
"Morgan","0","14","Illinois","4/23/20","11","3","17137","27.27"
"Moultrie","0","2","Illinois","4/23/20","2","0","17139","0"
"Ogle","6","71","Illinois","4/23/20","29","42","17141","144.83"
"Peoria","3","54","Illinois","4/23/20","34","20","17143","58.82"
"Perry","0","3","Illinois","4/23/20","1","2","17145","200"
"Piatt","0","7","Illinois","4/23/20","7","0","17147","0"
"Pike","0","1","Illinois","4/23/20","1","0","17149","0"
"Pulaski","1","13","Illinois","4/23/20","6","7","17153","116.67"
"Randolph","3","68","Illinois","4/23/20","46","22","17157","47.83"
"Richland","0","2","Illinois","4/23/20","1","1","17159","100"
"Rock Island","13","247","Illinois","4/23/20","154","93","17161","60.39"
"Saline","0","3","Illinois","4/23/20","3","0","17165","0"
"Sangamon","3","76","Illinois","4/23/20","54","22","17167","40.74"
"Schuyler","0","1","Illinois","4/23/20","1","0","17169","0"
"Shelby","0","5","Illinois","4/23/20","4","1","17173","25"
"St. Clair","13","330","Illinois","4/23/20","239","91","17163","38.08"
"Stark","0","1","Illinois","4/23/20","1","0","17175","0"
"Stephenson","1","13","Illinois","4/23/20","9","4","17177","44.44"
"Tazewell","1","30","Illinois","4/23/20","21","9","17179","42.86"
"Union","0","6","Illinois","4/23/20","3","3","17181","100"
"Vermilion","0","10","Illinois","4/23/20","8","2","17183","25"
"Wabash","0","1","Illinois","4/23/20","1","0","17185","0"
"Warren","4","31","Illinois","4/23/20","2","29","17187","1450"
"Washington","0","7","Illinois","4/23/20","4","3","17189","75"
"Wayne","0","1","Illinois","4/23/20","0","1","17191","1"
"White","0","1","Illinois","4/23/20","0","1","17193","1"
"Whiteside","3","49","Illinois","4/23/20","30","19","17195","63.33"
"Will","56","1885","Illinois","4/23/20","1494","391","17197","26.17"
"Williamson","1","19","Illinois","4/23/20","12","7","17199","58.33"
"Winnebago","19","252","Illinois","4/23/20","121","131","17201","108.26"
"Woodford","0","11","Illinois","4/23/20","11","0","17203","0"
"Adams","0","7","Indiana","4/23/20","6","1","18001","16.67"
"Allen","23","387","Indiana","4/23/20","224","163","18003","72.77"
"Bartholomew","7","163","Indiana","4/23/20","116","47","18005","40.52"
"Benton","0","6","Indiana","4/23/20","4","2","18007","50"
"Blackford","0","6","Indiana","4/23/20","6","0","18009","0"
"Boone","5","172","Indiana","4/23/20","136","36","18011","26.47"
"Brown","0","15","Indiana","4/23/20","14","1","18013","7.14"
"Carroll","0","7","Indiana","4/23/20","6","1","18015","16.67"
"Cass","23","199","Indiana","4/23/20","37","162","18017","437.84"
"Clark","7","195","Indiana","4/23/20","143","52","18019","36.36"
"Clay","1","19","Indiana","4/23/20","14","5","18021","35.71"
"Clinton","2","25","Indiana","4/23/20","14","11","18023","78.57"
"Crawford","0","14","Indiana","4/23/20","12","2","18025","16.67"
"Daviess","2","38","Indiana","4/23/20","24","14","18027","58.33"
"Dearborn","2","75","Indiana","4/23/20","61","14","18029","22.95"
"Decatur","3","182","Indiana","4/23/20","160","22","18031","13.75"
"DeKalb","1","14","Indiana","4/23/20","10","4","18033","40"
"Delaware","6","126","Indiana","4/23/20","85","41","18035","48.24"
"Dubois","0","16","Indiana","4/23/20","14","2","18037","14.29"
"Elkhart","10","196","Indiana","4/23/20","123","73","18039","59.35"
"Fayette","0","22","Indiana","4/23/20","20","2","18041","10"
"Floyd","4","152","Indiana","4/23/20","125","27","18043","21.6"
"Fountain","1","8","Indiana","4/23/20","4","4","18045","100"
"Franklin","2","92","Indiana","4/23/20","75","17","18047","22.67"
"Fulton","1","7","Indiana","4/23/20","3","4","18049","133.33"
"Gibson","0","6","Indiana","4/23/20","4","2","18051","50"
"Grant","8","102","Indiana","4/23/20","45","57","18053","126.67"
"Greene","1","44","Indiana","4/23/20","36","8","18055","22.22"
"Hamilton","18","645","Indiana","4/23/20","520","125","18057","24.04"
"Hancock","5","160","Indiana","4/23/20","127","33","18059","25.98"
"Harrison","7","108","Indiana","4/23/20","61","47","18061","77.05"
"Hendricks","27","565","Indiana","4/23/20","378","187","18063","49.47"
"Henry","1","30","Indiana","4/23/20","24","6","18065","25"
"Howard","2","76","Indiana","4/23/20","61","15","18067","24.59"
"Huntington","0","6","Indiana","4/23/20","6","0","18069","0"
"Jackson","3","100","Indiana","4/23/20","77","23","18071","29.87"
"Jasper","1","27","Indiana","4/23/20","19","8","18073","42.11"
"Jay","0","10","Indiana","4/23/20","7","3","18075","42.86"
"Jefferson","1","22","Indiana","4/23/20","15","7","18077","46.67"
"Jennings","1","67","Indiana","4/23/20","63","4","18079","6.35"
"Johnson","17","478","Indiana","4/23/20","358","120","18081","33.52"
"Knox","0","18","Indiana","4/23/20","16","2","18083","12.5"
"Kosciusko","0","24","Indiana","4/23/20","21","3","18085","14.29"
"LaGrange","1","19","Indiana","4/23/20","15","4","18087","26.67"
"Lake","53","1346","Indiana","4/23/20","978","368","18089","37.63"
"LaPorte","5","148","Indiana","4/23/20","112","36","18091","32.14"
"Lawrence","2","86","Indiana","4/23/20","74","12","18093","16.22"
"Madison","11","359","Indiana","4/23/20","283","76","18095","26.86"
"Marion","155","4408","Indiana","4/23/20","3320","1088","18097","32.77"
"Marshall","1","25","Indiana","4/23/20","20","5","18099","25"
"Martin","0","6","Indiana","4/23/20","5","1","18101","20"
"Miami","1","31","Indiana","4/23/20","22","9","18103","40.91"
"Monroe","2","118","Indiana","4/23/20","102","16","18105","15.69"
"Montgomery","1","29","Indiana","4/23/20","25","4","18107","16"
"Morgan","2","125","Indiana","4/23/20","108","17","18109","15.74"
"Newton","2","40","Indiana","4/23/20","29","11","18111","37.93"
"Noble","3","47","Indiana","4/23/20","27","20","18113","74.07"
"Ohio","0","3","Indiana","4/23/20","1","2","18115","200"
"Orange","2","39","Indiana","4/23/20","22","17","18117","77.27"
"Owen","0","22","Indiana","4/23/20","21","1","18119","4.76"
"Parke","0","10","Indiana","4/23/20","7","3","18121","42.86"
"Perry","0","6","Indiana","4/23/20","4","2","18123","50"
"Pike","0","1","Indiana","4/23/20","1","0","18125","0"
"Porter","8","198","Indiana","4/23/20","143","55","18127","38.46"
"Posey","0","8","Indiana","4/23/20","6","2","18129","33.33"
"Pulaski","0","4","Indiana","4/23/20","1","3","18131","300"
"Putnam","2","54","Indiana","4/23/20","43","11","18133","25.58"
"Randolph","1","14","Indiana","4/23/20","10","4","18135","40"
"Ripley","0","87","Indiana","4/23/20","89","-2","18137","-2.25"
"Rush","1","21","Indiana","4/23/20","17","4","18139","23.53"
"Scott","1","28","Indiana","4/23/20","19","9","18143","47.37"
"Shelby","8","145","Indiana","4/23/20","86","59","18145","68.6"
"Spencer","0","5","Indiana","4/23/20","4","1","18147","25"
"St. Joseph","24","475","Indiana","4/23/20","306","169","18141","55.23"
"Starke","0","13","Indiana","4/23/20","10","3","18149","30"
"Steuben","1","18","Indiana","4/23/20","14","4","18151","28.57"
"Sullivan","0","10","Indiana","4/23/20","7","3","18153","42.86"
"Switzerland","0","14","Indiana","4/23/20","12","2","18155","16.67"
"Tippecanoe","2","62","Indiana","4/23/20","51","11","18157","21.57"
"Tipton","1","14","Indiana","4/23/20","10","4","18159","40"
"Union","0","6","Indiana","4/23/20","6","0","18161","0"
"Vanderburgh","5","104","Indiana","4/23/20","71","33","18163","46.48"
"Vermillion","0","7","Indiana","4/23/20","4","3","18165","75"
"Vigo","2","60","Indiana","4/23/20","46","14","18167","30.43"
"Wabash","1","12","Indiana","4/23/20","8","4","18169","50"
"Warren","0","8","Indiana","4/23/20","5","3","18171","60"
"Warrick","4","77","Indiana","4/23/20","51","26","18173","50.98"
"Washington","1","33","Indiana","4/23/20","28","5","18175","17.86"
"Wayne","1","30","Indiana","4/23/20","21","9","18177","42.86"
"Wells","0","5","Indiana","4/23/20","4","1","18179","25"
"White","1","12","Indiana","4/23/20","5","7","18181","140"
"Whitley","0","16","Indiana","4/23/20","15","1","18183","6.67"
"Adair","0","1","Iowa","4/23/20","1","0","19001","0"
"Allamakee","3","46","Iowa","4/23/20","26","20","19005","76.92"
"Appanoose","0","2","Iowa","4/23/20","2","0","19007","0"
"Audubon","0","1","Iowa","4/23/20","1","0","19009","0"
"Benton","1","24","Iowa","4/23/20","20","4","19011","20"
"Black Hawk","44","420","Iowa","4/23/20","109","311","19013","285.32"
"Boone","0","6","Iowa","4/23/20","4","2","19015","50"
"Bremer","3","34","Iowa","4/23/20","10","24","19017","240"
"Buchanan","0","11","Iowa","4/23/20","8","3","19019","37.5"
"Buena Vista","0","3","Iowa","4/23/20","2","1","19021","50"
"Butler","0","2","Iowa","4/23/20","1","1","19023","100"
"Carroll","0","1","Iowa","4/23/20","1","0","19027","0"
"Cass","0","1","Iowa","4/23/20","1","0","19029","0"
"Cedar","1","27","Iowa","4/23/20","23","4","19031","17.39"
"Cerro Gordo","0","14","Iowa","4/23/20","14","0","19033","0"
"Cherokee","0","1","Iowa","4/23/20","0","1","19035","1"
"Chickasaw","0","3","Iowa","4/23/20","2","1","19037","50"
"Clarke","0","2","Iowa","4/23/20","2","0","19039","0"
"Clay","0","3","Iowa","4/23/20","2","1","19041","50"
"Clayton","0","8","Iowa","4/23/20","7","1","19043","14.29"
"Clinton","1","44","Iowa","4/23/20","39","5","19045","12.82"
"Crawford","0","6","Iowa","4/23/20","6","0","19047","0"
"Dallas","4","67","Iowa","4/23/20","42","25","19049","59.52"
"Delaware","0","3","Iowa","4/23/20","2","1","19055","50"
"Des Moines","1","13","Iowa","4/23/20","7","6","19057","85.71"
"Dickinson","0","3","Iowa","4/23/20","1","2","19059","200"
"Dubuque","2","52","Iowa","4/23/20","39","13","19061","33.33"
"Fayette","0","7","Iowa","4/23/20","5","2","19065","40"
"Franklin","0","1","Iowa","4/23/20","1","0","19069","0"
"Greene","0","1","Iowa","4/23/20","1","0","19073","0"
"Grundy","1","6","Iowa","4/23/20","1","5","19075","500"
"Guthrie","0","5","Iowa","4/23/20","3","2","19077","66.67"
"Hamilton","0","3","Iowa","4/23/20","2","1","19079","50"
"Hancock","0","3","Iowa","4/23/20","3","0","19081","0"
"Hardin","0","4","Iowa","4/23/20","1","3","19083","300"
"Harrison","0","15","Iowa","4/23/20","12","3","19085","25"
"Henry","1","30","Iowa","4/23/20","22","8","19087","36.36"
"Howard","0","4","Iowa","4/23/20","2","2","19089","100"
"Humboldt","0","2","Iowa","4/23/20","0","2","19091","1"
"Iowa","1","13","Iowa","4/23/20","8","5","19095","62.5"
"Jackson","0","5","Iowa","4/23/20","4","1","19097","25"
"Jasper","5","55","Iowa","4/23/20","23","32","19099","139.13"
"Jefferson","0","7","Iowa","4/23/20","4","3","19101","75"
"Johnson","22","391","Iowa","4/23/20","234","157","19103","67.09"
"Jones","1","18","Iowa","4/23/20","12","6","19105","50"
"Keokuk","0","3","Iowa","4/23/20","2","1","19107","50"
"Kossuth","0","1","Iowa","4/23/20","1","0","19109","0"
"Lee","0","3","Iowa","4/23/20","3","0","19111","0"
"Linn","28","479","Iowa","4/23/20","280","199","19113","71.07"
"Louisa","12","251","Iowa","4/23/20","166","85","19115","51.2"
"Lyon","0","5","Iowa","4/23/20","5","0","19119","0"
"Madison","0","3","Iowa","4/23/20","3","0","19121","0"
"Mahaska","0","8","Iowa","4/23/20","7","1","19123","14.29"
"Marion","0","5","Iowa","4/23/20","3","2","19125","66.67"
"Marshall","27","239","Iowa","4/23/20","49","190","19127","387.76"
"Mills","0","2","Iowa","4/23/20","2","0","19129","0"
"Mitchell","0","2","Iowa","4/23/20","2","0","19131","0"
"Monona","0","7","Iowa","4/23/20","6","1","19133","16.67"
"Montgomery","0","1","Iowa","4/23/20","1","0","19137","0"
"Muscatine","15","252","Iowa","4/23/20","148","104","19139","70.27"
"O'Brien","0","3","Iowa","4/23/20","3","0","19141","0"
"Osceola","1","6","Iowa","4/23/20","2","4","19143","200"
"Page","0","5","Iowa","4/23/20","3","2","19145","66.67"
"Plymouth","1","9","Iowa","4/23/20","5","4","19149","80"
"Polk","33","486","Iowa","4/23/20","256","230","19153","89.84"
"Pottawattamie","0","18","Iowa","4/23/20","15","3","19155","20"
"Poweshiek","2","20","Iowa","4/23/20","7","13","19157","185.71"
"Scott","6","188","Iowa","4/23/20","146","42","19163","28.77"
"Shelby","0","9","Iowa","4/23/20","7","2","19165","28.57"
"Sioux","0","7","Iowa","4/23/20","7","0","19167","0"
"Story","1","22","Iowa","4/23/20","16","6","19169","37.5"
"Tama","16","225","Iowa","4/23/20","114","111","19171","97.37"
"Taylor","0","1","Iowa","4/23/20","1","0","19173","0"
"Union","0","1","Iowa","4/23/20","1","0","19175","0"
"Van Buren","0","8","Iowa","4/23/20","8","0","19177","0"
"Wapello","0","6","Iowa","4/23/20","6","0","19179","0"
"Warren","0","18","Iowa","4/23/20","17","1","19181","5.88"
"Washington","3","124","Iowa","4/23/20","106","18","19183","16.98"
"Webster","0","2","Iowa","4/23/20","2","0","19187","0"
"Winnebago","0","2","Iowa","4/23/20","2","0","19189","0"
"Winneshiek","1","9","Iowa","4/23/20","5","4","19191","80"
"Woodbury","14","120","Iowa","4/23/20","22","98","19193","445.45"
"Worth","0","1","Iowa","4/23/20","1","0","19195","0"
"Wright","0","2","Iowa","4/23/20","1","1","19197","100"
"Atchison","1","8","Kansas","4/23/20","3","5","20005","166.67"
"Barber","0","1","Kansas","4/23/20","1","0","20007","0"
"Barton","1","9","Kansas","4/23/20","5","4","20009","80"
"Bourbon","0","6","Kansas","4/23/20","7","-1","20011","-14.29"
"Butler","0","13","Kansas","4/23/20","10","3","20015","30"
"Chase","0","1","Kansas","4/23/20","0","1","20017","1"
"Chautauqua","0","3","Kansas","4/23/20","3","0","20019","0"
"Cherokee","0","7","Kansas","4/23/20","7","0","20021","0"
"Clark","0","1","Kansas","4/23/20","0","1","20025","1"
"Clay","0","4","Kansas","4/23/20","1","3","20027","300"
"Cloud","0","3","Kansas","4/23/20","3","0","20029","0"
"Coffey","0","48","Kansas","4/23/20","45","3","20031","6.67"
"Cowley","0","1","Kansas","4/23/20","1","0","20035","0"
"Crawford","0","6","Kansas","4/23/20","6","0","20037","0"
"Dickinson","0","1","Kansas","4/23/20","1","0","20041","0"
"Doniphan","0","3","Kansas","4/23/20","1","2","20043","200"
"Douglas","0","44","Kansas","4/23/20","42","2","20045","4.76"
"Edwards","0","1","Kansas","4/23/20","0","1","20047","1"
"Ellis","1","8","Kansas","4/23/20","4","4","20051","100"
"Finney","15","127","Kansas","4/23/20","21","106","20055","504.76"
"Ford","34","288","Kansas","4/23/20","51","237","20057","464.71"
"Franklin","0","12","Kansas","4/23/20","12","0","20059","0"
"Geary","0","9","Kansas","4/23/20","9","0","20061","0"
"Gove","0","1","Kansas","4/23/20","1","0","20063","0"
"Gray","0","1","Kansas","4/23/20","0","1","20069","1"
"Greenwood","0","2","Kansas","4/23/20","1","1","20073","100"
"Hamilton","0","1","Kansas","4/23/20","1","0","20075","0"
"Harvey","0","5","Kansas","4/23/20","5","0","20079","0"
"Haskell","1","6","Kansas","4/23/20","0","6","20081","1"
"Jackson","0","1","Kansas","4/23/20","1","0","20085","0"
"Jefferson","0","7","Kansas","4/23/20","5","2","20087","40"
"Jewell","0","4","Kansas","4/23/20","3","1","20089","33.33"
"Johnson","9","403","Kansas","4/23/20","343","60","20091","17.49"
"Kearny","1","9","Kansas","4/23/20","0","9","20093","1"
"Kiowa","0","1","Kansas","4/23/20","0","1","20097","1"
"Labette","0","20","Kansas","4/23/20","20","0","20099","0"
"Leavenworth","6","154","Kansas","4/23/20","115","39","20103","33.91"
"Linn","0","6","Kansas","4/23/20","6","0","20107","0"
"Lyon","16","158","Kansas","4/23/20","48","110","20111","229.17"
"Marion","0","5","Kansas","4/23/20","5","0","20115","0"
"McPherson","1","20","Kansas","4/23/20","15","5","20113","33.33"
"Miami","0","4","Kansas","4/23/20","4","0","20121","0"
"Mitchell","0","2","Kansas","4/23/20","2","0","20123","0"
"Montgomery","0","13","Kansas","4/23/20","11","2","20125","18.18"
"Morris","0","3","Kansas","4/23/20","2","1","20127","50"
"Morton","0","2","Kansas","4/23/20","2","0","20129","0"
"Neosho","0","2","Kansas","4/23/20","2","0","20133","0"
"Osage","0","5","Kansas","4/23/20","4","1","20139","25"
"Osborne","0","2","Kansas","4/23/20","2","0","20141","0"
"Ottawa","0","3","Kansas","4/23/20","3","0","20143","0"
"Phillips","0","1","Kansas","4/23/20","1","0","20147","0"
"Pottawatomie","0","8","Kansas","4/23/20","5","3","20149","60"
"Pratt","0","1","Kansas","4/23/20","1","0","20151","0"
"Reno","0","17","Kansas","4/23/20","14","3","20155","21.43"
"Republic","0","4","Kansas","4/23/20","4","0","20157","0"
"Rice","0","1","Kansas","4/23/20","0","1","20159","1"
"Riley","2","37","Kansas","4/23/20","26","11","20161","42.31"
"Rooks","0","4","Kansas","4/23/20","3","1","20163","33.33"
"Saline","0","17","Kansas","4/23/20","15","2","20169","13.33"
"Scott","0","1","Kansas","4/23/20","1","0","20171","0"
"Sedgwick","14","316","Kansas","4/23/20","219","97","20173","44.29"
"Seward","34","249","Kansas","4/23/20","13","236","20175","1815.38"
"Shawnee","2","100","Kansas","4/23/20","84","16","20177","19.05"
"Sheridan","0","2","Kansas","4/23/20","0","2","20179","1"
"Sherman","0","1","Kansas","4/23/20","1","0","20181","0"
"Smith","0","2","Kansas","4/23/20","1","1","20183","100"
"Stafford","0","1","Kansas","4/23/20","1","0","20185","0"
"Stanton","0","4","Kansas","4/23/20","2","2","20187","100"
"Stevens","0","6","Kansas","4/23/20","3","3","20189","100"
"Sumner","0","3","Kansas","4/23/20","3","0","20191","0"
"Wabaunsee","1","6","Kansas","4/23/20","1","5","20197","500"
"Wilson","0","1","Kansas","4/23/20","0","1","20205","1"
"Woodson","0","5","Kansas","4/23/20","4","1","20207","25"
"Wyandotte","16","490","Kansas","4/23/20","379","111","20209","29.29"
"Adair","3","63","Kentucky","4/23/20","45","18","21001","40"
"Allen","0","5","Kentucky","4/23/20","3","2","21003","66.67"
"Anderson","0","7","Kentucky","4/23/20","5","2","21005","40"
"Ballard","0","4","Kentucky","4/23/20","4","0","21007","0"
"Barren","0","8","Kentucky","4/23/20","6","2","21009","33.33"
"Bath","0","3","Kentucky","4/23/20","3","0","21011","0"
"Boone","4","94","Kentucky","4/23/20","67","27","21015","40.3"
"Bourbon","0","6","Kentucky","4/23/20","7","-1","21017","-14.29"
"Boyd","0","30","Kentucky","4/23/20","27","3","21019","11.11"
"Boyle","0","13","Kentucky","4/23/20","12","1","21021","8.33"
"Bracken","0","7","Kentucky","4/23/20","7","0","21023","0"
"Breathitt","0","2","Kentucky","4/23/20","1","1","21025","100"
"Breckinridge","0","6","Kentucky","4/23/20","4","2","21027","50"
"Bullitt","1","36","Kentucky","4/23/20","31","5","21029","16.13"
"Butler","9","92","Kentucky","4/23/20","27","65","21031","240.74"
"Caldwell","0","12","Kentucky","4/23/20","10","2","21033","20"
"Calloway","0","24","Kentucky","4/23/20","22","2","21035","9.09"
"Campbell","2","64","Kentucky","4/23/20","53","11","21037","20.75"
"Carlisle","0","1","Kentucky","4/23/20","0","1","21039","1"
"Carroll","0","2","Kentucky","4/23/20","2","0","21041","0"
"Carter","0","4","Kentucky","4/23/20","5","-1","21043","-20"
"Casey","0","1","Kentucky","4/23/20","1","0","21045","0"
"Christian","2","86","Kentucky","4/23/20","72","14","21047","19.44"
"Clark","0","19","Kentucky","4/23/20","18","1","21049","5.56"
"Clay","0","1","Kentucky","4/23/20","0","1","21051","1"
"Clinton","0","2","Kentucky","4/23/20","2","0","21053","0"
"Crittenden","0","3","Kentucky","4/23/20","3","0","21055","0"
"Cumberland","0","4","Kentucky","4/23/20","2","2","21057","100"
"Daviess","4","133","Kentucky","4/23/20","106","27","21059","25.47"
"Edmonson","0","7","Kentucky","4/23/20","7","0","21061","0"
"Fayette","2","223","Kentucky","4/23/20","209","14","21067","6.7"
"Fleming","0","2","Kentucky","4/23/20","2","0","21069","0"
"Floyd","0","4","Kentucky","4/23/20","4","0","21071","0"
"Franklin","0","14","Kentucky","4/23/20","11","3","21073","27.27"
"Fulton","0","1","Kentucky","4/23/20","0","1","21075","1"
"Gallatin","0","1","Kentucky","4/23/20","1","0","21077","0"
"Garrard","0","1","Kentucky","4/23/20","3","-2","21079","-66.67"
"Grant","0","18","Kentucky","4/23/20","16","2","21081","12.5"
"Graves","9","84","Kentucky","4/23/20","24","60","21083","250"
"Grayson","3","25","Kentucky","4/23/20","6","19","21085","316.67"
"Green","0","1","Kentucky","4/23/20","1","0","21087","0"
"Greenup","0","10","Kentucky","4/23/20","11","-1","21089","-9.09"
"Hancock","0","6","Kentucky","4/23/20","6","0","21091","0"
"Hardin","1","32","Kentucky","4/23/20","27","5","21093","18.52"
"Harrison","0","17","Kentucky","4/23/20","14","3","21097","21.43"
"Hart","0","2","Kentucky","4/23/20","1","1","21099","100"
"Henderson","2","40","Kentucky","4/23/20","26","14","21101","53.85"
"Henry","0","3","Kentucky","4/23/20","3","0","21103","0"
"Hickman","0","2","Kentucky","4/23/20","0","2","21105","1"
"Hopkins","9","157","Kentucky","4/23/20","97","60","21107","61.86"
"Jackson","3","58","Kentucky","4/23/20","37","21","21109","56.76"
"Jefferson","58","1008","Kentucky","4/23/20","600","408","21111","68"
"Jessamine","0","31","Kentucky","4/23/20","30","1","21113","3.33"
"Johnson","0","1","Kentucky","4/23/20","1","0","21115","0"
"Kenton","15","214","Kentucky","4/23/20","112","102","21117","91.07"
"Knott","0","4","Kentucky","4/23/20","1","3","21119","300"
"Knox","0","5","Kentucky","4/23/20","3","2","21121","66.67"
"Larue","0","5","Kentucky","4/23/20","4","1","21123","25"
"Laurel","0","13","Kentucky","4/23/20","12","1","21125","8.33"
"Lawrence","0","1","Kentucky","4/23/20","1","0","21127","0"
"Leslie","0","2","Kentucky","4/23/20","2","0","21131","0"
"Letcher","0","1","Kentucky","4/23/20","1","0","21133","0"
"Lewis","0","3","Kentucky","4/23/20","2","1","21135","50"
"Lincoln","0","4","Kentucky","4/23/20","3","1","21137","33.33"
"Livingston","0","1","Kentucky","4/23/20","1","0","21139","0"
"Logan","0","8","Kentucky","4/23/20","9","-1","21141","-11.11"
"Lyon","0","14","Kentucky","4/23/20","13","1","21143","7.69"
"Madison","0","23","Kentucky","4/23/20","21","2","21151","9.52"
"Marion","0","13","Kentucky","4/23/20","12","1","21155","8.33"
"Marshall","2","23","Kentucky","4/23/20","12","11","21157","91.67"
"Martin","0","3","Kentucky","4/23/20","2","1","21159","50"
"Mason","0","6","Kentucky","4/23/20","6","0","21161","0"
"McCracken","0","30","Kentucky","4/23/20","28","2","21145","7.14"
"McCreary","0","11","Kentucky","4/23/20","9","2","21147","22.22"
"McLean","0","9","Kentucky","4/23/20","7","2","21149","28.57"
"Meade","0","3","Kentucky","4/23/20","2","1","21163","50"
"Menifee","0","3","Kentucky","4/23/20","3","0","21165","0"
"Mercer","0","11","Kentucky","4/23/20","9","2","21167","22.22"
"Monroe","0","3","Kentucky","4/23/20","3","0","21171","0"
"Montgomery","0","9","Kentucky","4/23/20","9","0","21173","0"
"Morgan","0","1","Kentucky","4/23/20","1","0","21175","0"
"Muhlenberg","2","72","Kentucky","4/23/20","55","17","21177","30.91"
"Nelson","0","14","Kentucky","4/23/20","14","0","21179","0"
"Nicholas","0","1","Kentucky","4/23/20","1","0","21181","0"
"Ohio","2","26","Kentucky","4/23/20","9","17","21183","188.89"
"Oldham","0","24","Kentucky","4/23/20","22","2","21185","9.09"
"Owsley","0","2","Kentucky","4/23/20","2","0","21189","0"
"Pendleton","0","5","Kentucky","4/23/20","5","0","21191","0"
"Perry","0","3","Kentucky","4/23/20","4","-1","21193","-25"
"Pike","0","6","Kentucky","4/23/20","6","0","21195","0"
"Powell","0","1","Kentucky","4/23/20","1","0","21197","0"
"Pulaski","1","38","Kentucky","4/23/20","33","5","21199","15.15"
"Rockcastle","0","11","Kentucky","4/23/20","11","0","21203","0"
"Rowan","0","2","Kentucky","4/23/20","1","1","21205","100"
"Russell","1","16","Kentucky","4/23/20","12","4","21207","33.33"
"Scott","0","22","Kentucky","4/23/20","21","1","21209","4.76"
"Shelby","0","23","Kentucky","4/23/20","21","2","21211","9.52"
"Simpson","0","22","Kentucky","4/23/20","19","3","21213","15.79"
"Spencer","0","9","Kentucky","4/23/20","8","1","21215","12.5"
"Taylor","0","4","Kentucky","4/23/20","4","0","21217","0"
"Todd","0","9","Kentucky","4/23/20","10","-1","21219","-10"
"Trigg","0","4","Kentucky","4/23/20","4","0","21221","0"
"Trimble","0","2","Kentucky","4/23/20","1","1","21223","100"
"Union","0","8","Kentucky","4/23/20","6","2","21225","33.33"
"Warren","8","130","Kentucky","4/23/20","71","59","21227","83.1"
"Washington","0","4","Kentucky","4/23/20","3","1","21229","33.33"
"Wayne","0","6","Kentucky","4/23/20","6","0","21231","0"
"Webster","1","16","Kentucky","4/23/20","11","5","21233","45.45"
"Whitley","0","10","Kentucky","4/23/20","7","3","21235","42.86"
"Woodford","0","19","Kentucky","4/23/20","20","-1","21239","-5"
"Acadia","1","117","Louisiana","4/23/20","108","9","22001","8.33"
"Allen","0","81","Louisiana","4/23/20","78","3","22003","3.85"
"Ascension","12","536","Louisiana","4/23/20","451","85","22005","18.85"
"Assumption","4","158","Louisiana","4/23/20","132","26","22007","19.7"
"Avoyelles","1","71","Louisiana","4/23/20","66","5","22009","7.58"
"Beauregard","0","35","Louisiana","4/23/20","33","2","22011","6.06"
"Bienville","3","69","Louisiana","4/23/20","45","24","22013","53.33"
"Bossier","5","255","Louisiana","4/23/20","220","35","22015","15.91"
"Caddo","34","1389","Louisiana","4/23/20","1154","235","22017","20.36"
"Calcasieu","7","352","Louisiana","4/23/20","300","52","22019","17.33"
"Caldwell","0","17","Louisiana","4/23/20","19","-2","22021","-10.53"
"Cameron","0","3","Louisiana","4/23/20","2","1","22023","50"
"Catahoula","0","24","Louisiana","4/23/20","23","1","22025","4.35"
"Claiborne","0","50","Louisiana","4/23/20","47","3","22027","6.38"
"Concordia","1","27","Louisiana","4/23/20","21","6","22029","28.57"
"De Soto","5","176","Louisiana","4/23/20","140","36","22031","25.71"
"East Baton Rouge","35","1636","Louisiana","4/23/20","1389","247","22033","17.78"
"East Carroll","1","5","Louisiana","4/23/20","1","4","22035","400"
"East Feliciana","3","106","Louisiana","4/23/20","84","22","22037","26.19"
"Evangeline","0","44","Louisiana","4/23/20","41","3","22039","7.32"
"Franklin","7","108","Louisiana","4/23/20","58","50","22041","86.21"
"Grant","0","11","Louisiana","4/23/20","12","-1","22043","-8.33"
"Iberia","9","228","Louisiana","4/23/20","164","64","22045","39.02"
"Iberville","6","299","Louisiana","4/23/20","258","41","22047","15.89"
"Jackson","1","21","Louisiana","4/23/20","12","9","22049","75"
"Jefferson","83","5929","Louisiana","4/23/20","5346","583","22051","10.91"
"Jefferson Davis","1","57","Louisiana","4/23/20","48","9","22053","18.75"
"Lafayette","7","439","Louisiana","4/23/20","387","52","22055","13.44"
"Lafourche","11","603","Louisiana","4/23/20","528","75","22057","14.2"
"LaSalle","0","15","Louisiana","4/23/20","13","2","22059","15.38"
"Lincoln","3","62","Louisiana","4/23/20","43","19","22061","44.19"
"Livingston","4","165","Louisiana","4/23/20","136","29","22063","21.32"
"Madison","0","5","Louisiana","4/23/20","2","3","22065","150"
"Morehouse","2","45","Louisiana","4/23/20","34","11","22067","32.35"
"Natchitoches","2","62","Louisiana","4/23/20","45","17","22069","37.78"
"Orleans","59","6263","Louisiana","4/23/20","5847","416","22071","7.11"
"Ouachita","21","579","Louisiana","4/23/20","429","150","22073","34.97"
"Plaquemines","2","165","Louisiana","4/23/20","149","16","22075","10.74"
"Pointe Coupee","4","86","Louisiana","4/23/20","60","26","22077","43.33"
"Rapides","4","220","Louisiana","4/23/20","192","28","22079","14.58"
"Red River","1","22","Louisiana","4/23/20","15","7","22081","46.67"
"Richland","3","45","Louisiana","4/23/20","22","23","22083","104.55"
"Sabine","0","13","Louisiana","4/23/20","11","2","22085","18.18"
"St. Bernard","7","435","Louisiana","4/23/20","388","47","22087","12.11"
"St. Charles","6","529","Louisiana","4/23/20","486","43","22089","8.85"
"St. Helena","1","23","Louisiana","4/23/20","17","6","22091","35.29"
"St. James","3","235","Louisiana","4/23/20","214","21","22093","9.81"
"St. John the Baptist","16","721","Louisiana","4/23/20","609","112","22095","18.39"
"St. Landry","5","154","Louisiana","4/23/20","118","36","22097","30.51"
"St. Martin","4","210","Louisiana","4/23/20","179","31","22099","17.32"
"St. Mary","5","168","Louisiana","4/23/20","134","34","22101","25.37"
"St. Tammany","24","1111","Louisiana","4/23/20","944","167","22103","17.69"
"Tangipahoa","11","501","Louisiana","4/23/20","422","79","22105","18.72"
"Tensas","0","1","Louisiana","4/23/20","1","0","22107","0"
"Terrebonne","11","357","Louisiana","4/23/20","283","74","22109","26.15"
"Union","3","89","Louisiana","4/23/20","67","22","22111","32.84"
"Vermilion","1","33","Louisiana","4/23/20","28","5","22113","17.86"
"Vernon","0","14","Louisiana","4/23/20","14","0","22115","0"
"Washington","7","225","Louisiana","4/23/20","179","46","22117","25.7"
"Webster","1","81","Louisiana","4/23/20","71","10","22119","14.08"
"West Baton Rouge","1","90","Louisiana","4/23/20","81","9","22121","11.11"
"West Carroll","0","4","Louisiana","4/23/20","4","0","22123","0"
"West Feliciana","4","84","Louisiana","4/23/20","55","29","22125","52.73"
"Winn","0","19","Louisiana","4/23/20","17","2","22127","11.76"
"Androscoggin","1","37","Maine","4/23/20","32","5","23001","15.62"
"Aroostook","0","3","Maine","4/23/20","3","0","23003","0"
"Cumberland","10","414","Maine","4/23/20","343","71","23005","20.7"
"Franklin","1","14","Maine","4/23/20","9","5","23007","55.56"
"Hancock","0","8","Maine","4/23/20","5","3","23009","60"
"Kennebec","1","100","Maine","4/23/20","94","6","23011","6.38"
"Knox","0","13","Maine","4/23/20","12","1","23013","8.33"
"Lincoln","0","12","Maine","4/23/20","12","0","23015","0"
"Oxford","0","14","Maine","4/23/20","13","1","23017","7.69"
"Penobscot","2","49","Maine","4/23/20","37","12","23019","32.43"
"Piscataquis","0","1","Maine","4/23/20","0","1","23021","1"
"Sagadahoc","0","17","Maine","4/23/20","15","2","23023","13.33"
"Somerset","0","16","Maine","4/23/20","14","2","23025","14.29"
"Waldo","1","47","Maine","4/23/20","39","8","23027","20.51"
"Washington","0","2","Maine","4/23/20","2","0","23029","0"
"York","4","190","Maine","4/23/20","164","26","23031","15.85"
"Allegany","8","77","Maryland","4/23/20","20","57","24001","285"
"Anne Arundel","57","1294","Maryland","4/23/20","896","398","24003","44.42"
"Baltimore","88","2132","Maryland","4/23/20","1516","616","24005","40.63"
"Baltimore City","73","1672","Maryland","4/23/20","1160","512","24510","44.14"
"Calvert","3","121","Maryland","4/23/20","103","18","24009","17.48"
"Caroline","4","50","Maryland","4/23/20","23","27","24011","117.39"
"Carroll","10","355","Maryland","4/23/20","283","72","24013","25.44"
"Cecil","6","140","Maryland","4/23/20","101","39","24015","38.61"
"Charles","16","442","Maryland","4/23/20","327","115","24017","35.17"
"Dorchester","2","31","Maryland","4/23/20","18","13","24019","72.22"
"Frederick","28","690","Maryland","4/23/20","497","193","24021","38.83"
"Garrett","0","4","Maryland","4/23/20","4","0","24023","0"
"Harford","17","280","Maryland","4/23/20","161","119","24025","73.91"
"Howard","24","618","Maryland","4/23/20","451","167","24027","37.03"
"Kent","8","64","Maryland","4/23/20","11","53","24029","481.82"
"Montgomery","132","3060","Maryland","4/23/20","2133","927","24031","43.46"
"Prince George's","203","4141","Maryland","4/23/20","2722","1419","24033","52.13"
"Queen Anne's","2","33","Maryland","4/23/20","19","14","24035","73.68"
"Somerset","1","12","Maryland","4/23/20","6","6","24039","100"
"St. Mary's","2","115","Maryland","4/23/20","98","17","24037","17.35"
"Talbot","2","25","Maryland","4/23/20","14","11","24041","78.57"
"Washington","4","139","Maryland","4/23/20","109","30","24043","27.52"
"Wicomico","17","203","Maryland","4/23/20","87","116","24045","133.33"
"Worcester","2","39","Maryland","4/23/20","25","14","24047","56"
"Barnstable","24","720","Massachusetts","4/23/20","550","170","25001","30.91"
"Berkshire","6","425","Massachusetts","4/23/20","382","43","25003","11.26"
"Bristol","88","2222","Massachusetts","4/23/20","1605","617","25005","38.44"
"Dukes and Nantucket","1","25","Massachusetts","4/23/20","21","4","00000","19.05"
"Essex","297","6325","Massachusetts","4/23/20","4245","2080","25009","49"
"Franklin","5","208","Massachusetts","4/23/20","170","38","25011","22.35"
"Hampden","127","2871","Massachusetts","4/23/20","1985","886","25013","44.63"
"Hampshire","19","380","Massachusetts","4/23/20","248","132","25015","53.23"
"Middlesex","524","10877","Massachusetts","4/23/20","7206","3671","25017","50.94"
"Norfolk","186","4641","Massachusetts","4/23/20","3342","1299","25021","38.87"
"Plymouth","158","3573","Massachusetts","4/23/20","2466","1107","25023","44.89"
"Suffolk","434","9859","Massachusetts","4/23/20","6820","3039","25025","44.56"
"Worcester","193","3854","Massachusetts","4/23/20","2503","1351","25027","53.98"
"Alcona","1","6","Michigan","4/23/20","2","4","26001","200"
"Allegan","5","75","Michigan","4/23/20","42","33","26005","78.57"
"Alpena","7","52","Michigan","4/23/20","4","48","26007","1200"
"Antrim","0","10","Michigan","4/23/20","10","0","26009","0"
"Arenac","1","18","Michigan","4/23/20","9","9","26011","100"
"Barry","1","34","Michigan","4/23/20","24","10","26015","41.67"
"Bay","6","119","Michigan","4/23/20","76","43","26017","56.58"
"Benzie","1","4","Michigan","4/23/20","0","4","26019","1"
"Berrien","9","289","Michigan","4/23/20","229","60","26021","26.2"
"Branch","2","49","Michigan","4/23/20","34","15","26023","44.12"
"Calhoun","10","200","Michigan","4/23/20","133","67","26025","50.38"
"Cass","1","32","Michigan","4/23/20","28","4","26027","14.29"
"Charlevoix","0","14","Michigan","4/23/20","11","3","26029","27.27"
"Cheboygan","0","19","Michigan","4/23/20","16","3","26031","18.75"
"Chippewa","0","2","Michigan","4/23/20","1","1","26033","100"
"Clare","0","10","Michigan","4/23/20","7","3","26035","42.86"
"Clinton","0","110","Michigan","4/23/20","107","3","26037","2.8"
"Crawford","4","47","Michigan","4/23/20","20","27","26039","135"
"Delta","0","13","Michigan","4/23/20","11","2","26041","18.18"
"Dickinson","0","3","Michigan","4/23/20","3","0","26043","0"
"Eaton","5","125","Michigan","4/23/20","90","35","26045","38.89"
"Emmet","0","25","Michigan","4/23/20","25","0","26047","0"
"Federal Correctional Institution (FCI)","4","66","Michigan","4/23/20","36","30","00000","83.33"
"Genesee","38","1446","Michigan","4/23/20","1178","268","26049","22.75"
"Gladwin","0","10","Michigan","4/23/20","8","2","26051","25"
"Gogebic","0","4","Michigan","4/23/20","4","0","26053","0"
"Grand Traverse","0","20","Michigan","4/23/20","18","2","26055","11.11"
"Gratiot","0","9","Michigan","4/23/20","8","1","26057","12.5"
"Hillsdale","2","100","Michigan","4/23/20","86","14","26059","16.28"
"Houghton","0","2","Michigan","4/23/20","2","0","26061","0"
"Huron","0","16","Michigan","4/23/20","14","2","26063","14.29"
"Ingham","14","387","Michigan","4/23/20","289","98","26065","33.91"
"Ionia","2","36","Michigan","4/23/20","21","15","26067","71.43"
"Iosco","2","25","Michigan","4/23/20","8","17","26069","212.5"
"Isabella","2","69","Michigan","4/23/20","58","11","26073","18.97"
"Jackson","13","315","Michigan","4/23/20","222","93","26075","41.89"
"Kalamazoo","17","251","Michigan","4/23/20","134","117","26077","87.31"
"Kalkaska","0","27","Michigan","4/23/20","25","2","26079","8"
"Kent","67","907","Michigan","4/23/20","438","469","26081","107.08"
"Lake","0","3","Michigan","4/23/20","3","0","26085","0"
"Lapeer","4","167","Michigan","4/23/20","139","28","26087","20.14"
"Leelanau","0","8","Michigan","4/23/20","6","2","26089","33.33"
"Lenawee","4","100","Michigan","4/23/20","73","27","26091","36.99"
"Livingston","8","361","Michigan","4/23/20","307","54","26093","17.59"
"Luce","0","1","Michigan","4/23/20","1","0","26095","0"
"Mackinac","0","5","Michigan","4/23/20","4","1","26097","25"
"Macomb","125","4876","Michigan","4/23/20","3998","878","26099","21.96"
"Manistee","0","13","Michigan","4/23/20","12","1","26101","8.33"
"Marquette","1","35","Michigan","4/23/20","27","8","26103","29.63"
"Mason","0","8","Michigan","4/23/20","5","3","26105","60"
"Mecosta","1","16","Michigan","4/23/20","12","4","26107","33.33"
"Menominee","0","2","Michigan","4/23/20","1","1","26109","100"
"Michigan Department of Corrections (MDOC)","41","759","Michigan","4/23/20","472","287","00000","60.81"
"Midland","2","74","Michigan","4/23/20","57","17","26111","29.82"
"Missaukee","2","16","Michigan","4/23/20","3","13","26113","433.33"
"Monroe","7","267","Michigan","4/23/20","219","48","26115","21.92"
"Montcalm","1","29","Michigan","4/23/20","24","5","26117","20.83"
"Montmorency","0","5","Michigan","4/23/20","2","3","26119","150"
"Muskegon","12","191","Michigan","4/23/20","110","81","26121","73.64"
"Newaygo","1","14","Michigan","4/23/20","9","5","26123","55.56"
"Oakland","139","7176","Michigan","4/23/20","6203","973","26125","15.69"
"Oceana","0","4","Michigan","4/23/20","3","1","26127","33.33"
"Ogemaw","0","9","Michigan","4/23/20","6","3","26129","50"
"Osceola","0","10","Michigan","4/23/20","8","2","26133","25"
"Oscoda","0","4","Michigan","4/23/20","4","0","26135","0"
"Otsego","7","100","Michigan","4/23/20","51","49","26137","96.08"
"Ottawa","11","193","Michigan","4/23/20","114","79","26139","69.3"
"Out of MI","-18","39","Michigan","4/23/20","166","-127","80026","-76.51"
"Presque Isle","1","8","Michigan","4/23/20","2","6","26141","300"
"Roscommon","0","13","Michigan","4/23/20","10","3","26143","30"
"Saginaw","23","509","Michigan","4/23/20","350","159","26145","45.43"
"Sanilac","1","35","Michigan","4/23/20","26","9","26151","34.62"
"Schoolcraft","0","3","Michigan","4/23/20","3","0","26153","0"
"Shiawassee","8","137","Michigan","4/23/20","81","56","26155","69.14"
"St. Clair","9","326","Michigan","4/23/20","265","61","26147","23.02"
"St. Joseph","1","27","Michigan","4/23/20","23","4","26149","17.39"
"Tuscola","4","78","Michigan","4/23/20","52","26","26157","50"
"Van Buren","2","48","Michigan","4/23/20","37","11","26159","29.73"
"Washtenaw","21","1063","Michigan","4/23/20","915","148","26161","16.17"
"Wayne","358","15154","Michigan","4/23/20","12647","2507","26163","19.82"
"Wexford","0","9","Michigan","4/23/20","9","0","26165","0"
"Aitkin","0","1","Minnesota","4/23/20","0","1","27001","1"
"Anoka","8","131","Minnesota","4/23/20","76","55","27003","72.37"
"Becker","0","2","Minnesota","4/23/20","1","1","27005","100"
"Beltrami","0","6","Minnesota","4/23/20","5","1","27007","20"
"Benton","0","4","Minnesota","4/23/20","1","3","27009","300"
"Big Stone","0","1","Minnesota","4/23/20","1","0","27011","0"
"Blue Earth","0","26","Minnesota","4/23/20","23","3","27013","13.04"
"Brown","0","8","Minnesota","4/23/20","7","1","27015","14.29"
"Carlton","2","38","Minnesota","4/23/20","27","11","27017","40.74"
"Carver","0","15","Minnesota","4/23/20","14","1","27019","7.14"
"Cass","0","5","Minnesota","4/23/20","4","1","27021","25"
"Chippewa","0","1","Minnesota","4/23/20","0","1","27023","1"
"Chisago","0","7","Minnesota","4/23/20","7","0","27025","0"
"Clay","6","84","Minnesota","4/23/20","43","41","27027","95.35"
"Clearwater","0","2","Minnesota","4/23/20","3","-1","27029","-33.33"
"Cottonwood","0","6","Minnesota","4/23/20","6","0","27033","0"
"Crow Wing","0","20","Minnesota","4/23/20","17","3","27035","17.65"
"Dakota","4","131","Minnesota","4/23/20","103","28","27037","27.18"
"Dodge","0","18","Minnesota","4/23/20","16","2","27039","12.5"
"Douglas","0","2","Minnesota","4/23/20","1","1","27041","100"
"Faribault","0","4","Minnesota","4/23/20","4","0","27043","0"
"Fillmore","0","12","Minnesota","4/23/20","10","2","27045","20"
"Freeborn","1","33","Minnesota","4/23/20","27","6","27047","22.22"
"Goodhue","0","19","Minnesota","4/23/20","17","2","27049","11.76"
"Hennepin","69","1132","Minnesota","4/23/20","651","481","27053","73.89"
"Houston","0","1","Minnesota","4/23/20","1","0","27055","0"
"Isanti","0","6","Minnesota","4/23/20","4","2","27059","50"
"Itasca","0","2","Minnesota","4/23/20","2","0","27061","0"
"Jackson","1","5","Minnesota","4/23/20","1","4","27063","400"
"Kandiyohi","0","4","Minnesota","4/23/20","2","2","27067","100"
"Kittson","0","1","Minnesota","4/23/20","0","1","27069","1"
"Koochiching","0","1","Minnesota","4/23/20","1","0","27071","0"
"Lac qui Parle","0","1","Minnesota","4/23/20","1","0","27073","0"
"Le Sueur","0","22","Minnesota","4/23/20","21","1","27079","4.76"
"Lincoln","0","2","Minnesota","4/23/20","2","0","27081","0"
"Lyon","0","6","Minnesota","4/23/20","5","1","27083","20"
"Mahnomen","0","1","Minnesota","4/23/20","1","0","27087","0"
"Marshall","0","1","Minnesota","4/23/20","0","1","27089","1"
"Martin","0","41","Minnesota","4/23/20","39","2","27091","5.13"
"McLeod","0","3","Minnesota","4/23/20","2","1","27085","50"
"Meeker","0","3","Minnesota","4/23/20","3","0","27093","0"
"Mille Lacs","0","1","Minnesota","4/23/20","0","1","27095","1"
"Morrison","0","1","Minnesota","4/23/20","0","1","27097","1"
"Mower","0","27","Minnesota","4/23/20","25","2","27099","8"
"Murray","0","4","Minnesota","4/23/20","1","3","27101","300"
"Nicollet","0","8","Minnesota","4/23/20","7","1","27103","14.29"
"Nobles","28","196","Minnesota","4/23/20","2","194","27105","9700"
"Norman","1","6","Minnesota","4/23/20","1","5","27107","500"
"Olmsted","9","213","Minnesota","4/23/20","153","60","27109","39.22"
"Otter Tail","0","6","Minnesota","4/23/20","4","2","27111","50"
"Pennington","0","1","Minnesota","4/23/20","0","1","27113","1"
"Pine","3","26","Minnesota","4/23/20","6","20","27115","333.33"
"Pipestone","0","2","Minnesota","4/23/20","1","1","27117","100"
"Polk","3","19","Minnesota","4/23/20","1","18","27119","1800"
"Ramsey","10","235","Minnesota","4/23/20","164","71","27123","43.29"
"Red Lake","0","1","Minnesota","4/23/20","1","0","27125","0"
"Redwood","0","1","Minnesota","4/23/20","1","0","27127","0"
"Renville","0","3","Minnesota","4/23/20","3","0","27129","0"
"Rice","0","8","Minnesota","4/23/20","5","3","27131","60"
"Rock","0","5","Minnesota","4/23/20","2","3","27133","150"
"Roseau","0","1","Minnesota","4/23/20","1","0","27135","0"
"Scott","1","29","Minnesota","4/23/20","20","9","27139","45"
"Sherburne","1","15","Minnesota","4/23/20","11","4","27141","36.36"
"Sibley","0","1","Minnesota","4/23/20","1","0","27143","0"
"St. Louis","2","58","Minnesota","4/23/20","43","15","27137","34.88"
"Stearns","3","25","Minnesota","4/23/20","7","18","27145","257.14"
"Steele","0","10","Minnesota","4/23/20","9","1","27147","11.11"
"Swift","0","1","Minnesota","4/23/20","1","0","27151","0"
"Todd","0","3","Minnesota","4/23/20","2","1","27153","50"
"Traverse","0","2","Minnesota","4/23/20","2","0","27155","0"
"Wabasha","0","8","Minnesota","4/23/20","7","1","27157","14.29"
"Waseca","0","3","Minnesota","4/23/20","3","0","27161","0"
"Washington","2","100","Minnesota","4/23/20","88","12","27163","13.64"
"Watonwan","0","4","Minnesota","4/23/20","4","0","27165","0"
"Wilkin","1","11","Minnesota","4/23/20","7","4","27167","57.14"
"Winona","2","62","Minnesota","4/23/20","51","11","27169","21.57"
"Wright","2","32","Minnesota","4/23/20","21","11","27171","52.38"
"Yellow Medicine","0","3","Minnesota","4/23/20","3","0","27173","0"
"Adams","4","101","Mississippi","4/23/20","70","31","28001","44.29"
"Alcorn","0","8","Mississippi","4/23/20","7","1","28003","14.29"
"Amite","1","24","Mississippi","4/23/20","16","8","28005","50"
"Attala","5","62","Mississippi","4/23/20","28","34","28007","121.43"
"Benton","1","9","Mississippi","4/23/20","5","4","28009","80"
"Bolivar","2","89","Mississippi","4/23/20","74","15","28011","20.27"
"Calhoun","2","43","Mississippi","4/23/20","30","13","28013","43.33"
"Carroll","1","15","Mississippi","4/23/20","9","6","28015","66.67"
"Chickasaw","2","52","Mississippi","4/23/20","37","15","28017","40.54"
"Choctaw","0","13","Mississippi","4/23/20","11","2","28019","18.18"
"Claiborne","1","12","Mississippi","4/23/20","8","4","28021","50"
"Clarke","2","37","Mississippi","4/23/20","20","17","28023","85"
"Clay","1","28","Mississippi","4/23/20","21","7","28025","33.33"
"Coahoma","1","53","Mississippi","4/23/20","45","8","28027","17.78"
"Copiah","3","59","Mississippi","4/23/20","39","20","28029","51.28"
"Covington","3","40","Mississippi","4/23/20","19","21","28031","110.53"
"DeSoto","6","252","Mississippi","4/23/20","211","41","28033","19.43"
"Forrest","4","164","Mississippi","4/23/20","134","30","28035","22.39"
"Franklin","0","17","Mississippi","4/23/20","14","3","28037","21.43"
"George","0","10","Mississippi","4/23/20","8","2","28039","25"
"Greene","0","4","Mississippi","4/23/20","3","1","28041","33.33"
"Grenada","2","27","Mississippi","4/23/20","14","13","28043","92.86"
"Hancock","1","55","Mississippi","4/23/20","50","5","28045","10"
"Harrison","3","152","Mississippi","4/23/20","134","18","28047","13.43"
"Hinds","12","383","Mississippi","4/23/20","301","82","28049","27.24"
"Holmes","4","83","Mississippi","4/23/20","53","30","28051","56.6"
"Humphreys","0","14","Mississippi","4/23/20","12","2","28053","16.67"
"Itawamba","2","30","Mississippi","4/23/20","13","17","28057","130.77"
"Jackson","6","228","Mississippi","4/23/20","189","39","28059","20.63"
"Jasper","1","27","Mississippi","4/23/20","19","8","28061","42.11"
"Jefferson","0","5","Mississippi","4/23/20","4","1","28063","25"
"Jefferson Davis","1","13","Mississippi","4/23/20","7","6","28065","85.71"
"Jones","7","94","Mississippi","4/23/20","48","46","28067","95.83"
"Kemper","2","27","Mississippi","4/23/20","16","11","28069","68.75"
"Lafayette","6","81","Mississippi","4/23/20","39","42","28071","107.69"
"Lamar","3","79","Mississippi","4/23/20","56","23","28073","41.07"
"Lauderdale","11","249","Mississippi","4/23/20","174","75","28075","43.1"
"Lawrence","2","25","Mississippi","4/23/20","10","15","28077","150"
"Leake","10","118","Mississippi","4/23/20","50","68","28079","136"
"Lee","3","66","Mississippi","4/23/20","48","18","28081","37.5"
"Leflore","8","119","Mississippi","4/23/20","62","57","28083","91.94"
"Lincoln","6","125","Mississippi","4/23/20","86","39","28085","45.35"
"Lowndes","1","36","Mississippi","4/23/20","30","6","28087","20"
"Madison","7","165","Mississippi","4/23/20","116","49","28089","42.24"
"Marion","3","53","Mississippi","4/23/20","35","18","28091","51.43"
"Marshall","0","40","Mississippi","4/23/20","37","3","28093","8.11"
"Monroe","8","109","Mississippi","4/23/20","54","55","28095","101.85"
"Montgomery","0","16","Mississippi","4/23/20","15","1","28097","6.67"
"Neshoba","9","102","Mississippi","4/23/20","39","63","28099","161.54"
"Newton","4","45","Mississippi","4/23/20","16","29","28101","181.25"
"Noxubee","2","29","Mississippi","4/23/20","18","11","28103","61.11"
"Oktibbeha","0","45","Mississippi","4/23/20","42","3","28105","7.14"
"Panola","2","38","Mississippi","4/23/20","27","11","28107","40.74"
"Pearl River","4","142","Mississippi","4/23/20","112","30","28109","26.79"
"Perry","0","23","Mississippi","4/23/20","20","3","28111","15"
"Pike","6","126","Mississippi","4/23/20","82","44","28113","53.66"
"Pontotoc","0","18","Mississippi","4/23/20","16","2","28115","12.5"
"Prentiss","2","29","Mississippi","4/23/20","15","14","28117","93.33"
"Quitman","0","14","Mississippi","4/23/20","13","1","28119","7.69"
"Rankin","4","153","Mississippi","4/23/20","122","31","28121","25.41"
"Scott","11","177","Mississippi","4/23/20","100","77","28123","77"
"Sharkey","0","4","Mississippi","4/23/20","3","1","28125","33.33"
"Simpson","3","33","Mississippi","4/23/20","13","20","28127","153.85"
"Smith","2","53","Mississippi","4/23/20","37","16","28129","43.24"
"Stone","1","22","Mississippi","4/23/20","16","6","28131","37.5"
"Sunflower","1","51","Mississippi","4/23/20","43","8","28133","18.6"
"Tallahatchie","0","9","Mississippi","4/23/20","7","2","28135","28.57"
"Tate","1","35","Mississippi","4/23/20","27","8","28137","29.63"
"Tippah","1","49","Mississippi","4/23/20","45","4","28139","8.89"
"Tishomingo","0","5","Mississippi","4/23/20","2","3","28141","150"
"Tunica","1","34","Mississippi","4/23/20","26","8","28143","30.77"
"Union","1","14","Mississippi","4/23/20","9","5","28145","55.56"
"Walthall","1","27","Mississippi","4/23/20","22","5","28147","22.73"
"Warren","2","32","Mississippi","4/23/20","16","16","28149","100"
"Washington","1","71","Mississippi","4/23/20","67","4","28151","5.97"
"Wayne","1","17","Mississippi","4/23/20","10","7","28153","70"
"Webster","0","16","Mississippi","4/23/20","15","1","28155","6.67"
"Wilkinson","2","65","Mississippi","4/23/20","53","12","28157","22.64"
"Winston","2","37","Mississippi","4/23/20","24","13","28159","54.17"
"Yalobusha","0","17","Mississippi","4/23/20","14","3","28161","21.43"
"Yazoo","5","110","Mississippi","4/23/20","72","38","28163","52.78"
"Adair","0","12","Missouri","4/23/20","12","0","29001","0"
"Andrew","0","1","Missouri","4/23/20","1","0","29003","0"
"Atchison","0","2","Missouri","4/23/20","2","0","29005","0"
"Audrain","0","1","Missouri","4/23/20","0","1","29007","1"
"Barry","0","5","Missouri","4/23/20","3","2","29009","66.67"
"Bates","0","6","Missouri","4/23/20","6","0","29013","0"
"Benton","0","4","Missouri","4/23/20","3","1","29015","33.33"
"Bollinger","0","3","Missouri","4/23/20","3","0","29017","0"
"Boone","1","98","Missouri","4/23/20","92","6","29019","6.52"
"Buchanan","2","43","Missouri","4/23/20","26","17","29021","65.38"
"Butler","1","26","Missouri","4/23/20","21","5","29023","23.81"
"Caldwell","0","2","Missouri","4/23/20","2","0","29025","0"
"Callaway","0","21","Missouri","4/23/20","20","1","29027","5"
"Camden","1","35","Missouri","4/23/20","31","4","29029","12.9"
"Cape Girardeau","1","42","Missouri","4/23/20","33","9","29031","27.27"
"Carroll","0","1","Missouri","4/23/20","0","1","29033","1"
"Carter","0","3","Missouri","4/23/20","3","0","29035","0"
"Cass","1","55","Missouri","4/23/20","47","8","29037","17.02"
"Cedar","0","5","Missouri","4/23/20","5","0","29039","0"
"Chariton","0","4","Missouri","4/23/20","4","0","29041","0"
"Christian","0","19","Missouri","4/23/20","19","0","29043","0"
"Clark","0","1","Missouri","4/23/20","1","0","29045","0"
"Clay","1","62","Missouri","4/23/20","52","10","29047","19.23"
"Clinton","0","11","Missouri","4/23/20","11","0","29049","0"
"Cole","1","47","Missouri","4/23/20","41","6","29051","14.63"
"Cooper","0","5","Missouri","4/23/20","4","1","29053","25"
"Crawford","0","6","Missouri","4/23/20","5","1","29055","20"
"Dallas","0","2","Missouri","4/23/20","2","0","29059","0"
"Daviess","0","2","Missouri","4/23/20","0","2","29061","1"
"DeKalb","0","3","Missouri","4/23/20","3","0","29063","0"
"Dunklin","0","19","Missouri","4/23/20","18","1","29069","5.56"
"Franklin","2","105","Missouri","4/23/20","89","16","29071","17.98"
"Gasconade","0","2","Missouri","4/23/20","2","0","29073","0"
"Gentry","0","1","Missouri","4/23/20","1","0","29075","0"
"Greene","2","92","Missouri","4/23/20","81","11","29077","13.58"
"Harrison","0","6","Missouri","4/23/20","6","0","29081","0"
"Henry","0","6","Missouri","4/23/20","6","0","29083","0"
"Holt","0","1","Missouri","4/23/20","1","0","29087","0"
"Howard","0","2","Missouri","4/23/20","2","0","29089","0"
"Howell","0","5","Missouri","4/23/20","5","0","29091","0"
"Iron","0","2","Missouri","4/23/20","1","1","29093","100"
"Jackson","4","287","Missouri","4/23/20","260","27","29095","10.38"
"Jasper","0","30","Missouri","4/23/20","28","2","29097","7.14"
"Jefferson","13","244","Missouri","4/23/20","155","89","29099","57.42"
"Johnson","1","52","Missouri","4/23/20","45","7","29101","15.56"
"Kansas City","11","461","Missouri","4/23/20","386","75","00000","19.43"
"Lafayette","1","33","Missouri","4/23/20","29","4","29107","13.79"
"Lewis","1","6","Missouri","4/23/20","0","6","29111","1"
"Lincoln","3","58","Missouri","4/23/20","35","23","29113","65.71"
"Linn","0","5","Missouri","4/23/20","5","0","29115","0"
"Livingston","0","2","Missouri","4/23/20","2","0","29117","0"
"Macon","0","2","Missouri","4/23/20","2","0","29121","0"
"Madison","0","1","Missouri","4/23/20","1","0","29123","0"
"Maries","0","2","Missouri","4/23/20","2","0","29125","0"
"Marion","1","4","Missouri","4/23/20","0","4","29127","1"
"McDonald","0","5","Missouri","4/23/20","4","1","29119","25"
"Miller","0","1","Missouri","4/23/20","0","1","29131","1"
"Mississippi","0","3","Missouri","4/23/20","0","3","29133","1"
"Moniteau","7","59","Missouri","4/23/20","12","47","29135","391.67"
"Montgomery","0","7","Missouri","4/23/20","6","1","29139","16.67"
"Morgan","0","3","Missouri","4/23/20","2","1","29141","50"
"New Madrid","0","9","Missouri","4/23/20","8","1","29143","12.5"
"Newton","0","10","Missouri","4/23/20","9","1","29145","11.11"
"Nodaway","0","3","Missouri","4/23/20","3","0","29147","0"
"Oregon","0","1","Missouri","4/23/20","1","0","29149","0"
"Osage","0","5","Missouri","4/23/20","4","1","29151","25"
"Pemiscot","1","18","Missouri","4/23/20","11","7","29155","63.64"
"Perry","0","38","Missouri","4/23/20","41","-3","29157","-7.32"
"Pettis","1","16","Missouri","4/23/20","8","8","29159","100"
"Phelps","0","1","Missouri","4/23/20","1","0","29161","0"
"Pike","0","6","Missouri","4/23/20","6","0","29163","0"
"Platte","0","28","Missouri","4/23/20","27","1","29165","3.7"
"Polk","0","1","Missouri","4/23/20","1","0","29167","0"
"Pulaski","2","30","Missouri","4/23/20","18","12","29169","66.67"
"Ralls","0","1","Missouri","4/23/20","1","0","29173","0"
"Randolph","0","8","Missouri","4/23/20","8","0","29175","0"
"Ray","0","10","Missouri","4/23/20","7","3","29177","42.86"
"Reynolds","0","2","Missouri","4/23/20","2","0","29179","0"
"Ripley","0","4","Missouri","4/23/20","3","1","29181","33.33"
"Saline","10","123","Missouri","4/23/20","51","72","29195","141.18"
"Scotland","0","4","Missouri","4/23/20","4","0","29199","0"
"Scott","3","59","Missouri","4/23/20","41","18","29201","43.9"
"Shelby","0","1","Missouri","4/23/20","1","0","29205","0"
"St. Charles","10","487","Missouri","4/23/20","416","71","29183","17.07"
"St. Clair","0","2","Missouri","4/23/20","2","0","29185","0"
"St. Francois","0","26","Missouri","4/23/20","23","3","29187","13.04"
"St. Louis","82","2712","Missouri","4/23/20","2137","575","29189","26.91"
"St. Louis City","29","966","Missouri","4/23/20","766","200","29510","26.11"
"Ste. Genevieve","0","7","Missouri","4/23/20","7","0","29186","0"
"Stoddard","1","19","Missouri","4/23/20","13","6","29207","46.15"
"Stone","0","3","Missouri","4/23/20","3","0","29209","0"
"Taney","0","10","Missouri","4/23/20","8","2","29213","25"
"Vernon","0","4","Missouri","4/23/20","4","0","29217","0"
"Warren","1","22","Missouri","4/23/20","17","5","29219","29.41"
"Washington","1","7","Missouri","4/23/20","3","4","29221","133.33"
"Webster","1","13","Missouri","4/23/20","5","8","29225","160"
"Worth","0","1","Missouri","4/23/20","1","0","29227","0"
"Wright","0","9","Missouri","4/23/20","9","0","29229","0"
"Beaverhead","0","1","Montana","4/23/20","1","0","30001","0"
"Big Horn","0","3","Montana","4/23/20","3","0","30003","0"
"Broadwater","0","4","Montana","4/23/20","4","0","30007","0"
"Carbon","0","6","Montana","4/23/20","6","0","30009","0"
"Cascade","0","13","Montana","4/23/20","13","0","30013","0"
"Deer Lodge","0","3","Montana","4/23/20","3","0","30023","0"
"Flathead","0","37","Montana","4/23/20","37","0","30029","0"
"Gallatin","1","146","Montana","4/23/20","141","5","30031","3.55"
"Glacier","0","4","Montana","4/23/20","4","0","30035","0"
"Golden Valley","0","3","Montana","4/23/20","1","2","30037","200"
"Hill","0","1","Montana","4/23/20","1","0","30041","0"
"Jefferson","0","2","Montana","4/23/20","2","0","30043","0"
"Lake","0","5","Montana","4/23/20","5","0","30047","0"
"Lewis and Clark","0","16","Montana","4/23/20","16","0","30049","0"
"Liberty","0","1","Montana","4/23/20","1","0","30051","0"
"Lincoln","0","7","Montana","4/23/20","7","0","30053","0"
"Madison","0","8","Montana","4/23/20","8","0","30057","0"
"Meagher","0","1","Montana","4/23/20","1","0","30059","0"
"Missoula","1","39","Montana","4/23/20","33","6","30063","18.18"
"Musselshell","0","1","Montana","4/23/20","3","-2","30065","-66.67"
"Park","0","7","Montana","4/23/20","7","0","30067","0"
"Pondera","0","2","Montana","4/23/20","1","1","30073","100"
"Ravalli","0","5","Montana","4/23/20","5","0","30081","0"
"Richland","0","3","Montana","4/23/20","3","0","30083","0"
"Roosevelt","0","7","Montana","4/23/20","4","3","30085","75"
"Silver Bow","0","11","Montana","4/23/20","11","0","30093","0"
"Stillwater","0","1","Montana","4/23/20","1","0","30095","0"
"Toole","0","29","Montana","4/23/20","26","3","30101","11.54"
"Yellowstone","1","76","Montana","4/23/20","67","9","30111","13.43"
"Adams","7","111","Nebraska","4/23/20","65","46","31001","70.77"
"Antelope","0","1","Nebraska","4/23/20","1","0","31003","0"
"Box Butte","0","1","Nebraska","4/23/20","1","0","31013","0"
"Buffalo","4","70","Nebraska","4/23/20","42","28","31019","66.67"
"Burt","0","1","Nebraska","4/23/20","1","0","31021","0"
"Butler","0","1","Nebraska","4/23/20","0","1","31023","1"
"Cass","0","4","Nebraska","4/23/20","3","1","31025","33.33"
"Cherry","0","1","Nebraska","4/23/20","1","0","31031","0"
"Cheyenne","0","5","Nebraska","4/23/20","3","2","31033","66.67"
"Clay","0","4","Nebraska","4/23/20","2","2","31035","100"
"Colfax","0","6","Nebraska","4/23/20","4","2","31037","50"
"Cuming","0","3","Nebraska","4/23/20","2","1","31039","50"
"Custer","0","20","Nebraska","4/23/20","19","1","31041","5.26"
"Dakota","35","246","Nebraska","4/23/20","3","243","31043","8100"
"Dawson","34","256","Nebraska","4/23/20","21","235","31047","1119.05"
"Dixon","0","1","Nebraska","4/23/20","0","1","31051","1"
"Dodge","4","41","Nebraska","4/23/20","12","29","31053","241.67"
"Douglas","10","327","Nebraska","4/23/20","259","68","31055","26.25"
"Fillmore","0","1","Nebraska","4/23/20","0","1","31059","1"
"Franklin","0","3","Nebraska","4/23/20","3","0","31061","0"
"Furnas","0","2","Nebraska","4/23/20","0","2","31065","1"
"Gage","0","28","Nebraska","4/23/20","26","2","31067","7.69"
"Gosper","1","8","Nebraska","4/23/20","1","7","31073","700"
"Greeley","0","1","Nebraska","4/23/20","0","1","31077","1"
"Hall","59","647","Nebraska","4/23/20","231","416","31079","180.09"
"Hamilton","2","28","Nebraska","4/23/20","14","14","31081","100"
"Howard","1","9","Nebraska","4/23/20","0","9","31093","1"
"Johnson","0","2","Nebraska","4/23/20","1","1","31097","100"
"Kearney","0","4","Nebraska","4/23/20","3","1","31099","33.33"
"Kimball","0","9","Nebraska","4/23/20","9","0","31105","0"
"Knox","0","2","Nebraska","4/23/20","2","0","31107","0"
"Lancaster","7","106","Nebraska","4/23/20","59","47","31109","79.66"
"Lincoln","0","18","Nebraska","4/23/20","17","1","31111","5.88"
"Madison","5","44","Nebraska","4/23/20","7","37","31119","528.57"
"Merrick","1","9","Nebraska","4/23/20","5","4","31121","80"
"Morrill","0","1","Nebraska","4/23/20","1","0","31123","0"
"Nance","0","1","Nebraska","4/23/20","0","1","31125","1"
"Nemaha","0","1","Nebraska","4/23/20","1","0","31127","0"
"Otoe","0","1","Nebraska","4/23/20","1","0","31131","0"
"Phelps","0","1","Nebraska","4/23/20","1","0","31137","0"
"Pierce","0","1","Nebraska","4/23/20","1","0","31139","0"
"Platte","1","11","Nebraska","4/23/20","6","5","31141","83.33"
"Polk","0","6","Nebraska","4/23/20","3","3","31143","100"
"Red Willow","0","1","Nebraska","4/23/20","0","1","31145","1"
"Saline","3","20","Nebraska","4/23/20","1","19","31151","1900"
"Sarpy","2","61","Nebraska","4/23/20","46","15","31153","32.61"
"Saunders","0","8","Nebraska","4/23/20","6","2","31155","33.33"
"Scotts Bluff","1","23","Nebraska","4/23/20","16","7","31157","43.75"
"Seward","1","5","Nebraska","4/23/20","1","4","31159","400"
"Stanton","0","2","Nebraska","4/23/20","1","1","31167","100"
"Thurston","0","1","Nebraska","4/23/20","0","1","31173","1"
"Washington","0","21","Nebraska","4/23/20","20","1","31177","5"
"Wayne","0","1","Nebraska","4/23/20","1","0","31179","0"
"Webster","0","2","Nebraska","4/23/20","1","1","31181","100"
"York","0","7","Nebraska","4/23/20","5","2","31185","40"
"Carson City","1","31","Nevada","4/23/20","25","6","32510","24"
"Churchill","0","3","Nevada","4/23/20","1","2","32001","200"
"Clark","108","3314","Nevada","4/23/20","2559","755","32003","29.5"
"Douglas","1","17","Nevada","4/23/20","13","4","32005","30.77"
"Elko","0","12","Nevada","4/23/20","11","1","32007","9.09"
"Humboldt","2","34","Nevada","4/23/20","20","14","32013","70"
"Lander","0","1","Nevada","4/23/20","0","1","32015","1"
"Lincoln","0","0","Nevada","4/23/20","1","-1","32017","-100"
"Lyon","1","20","Nevada","4/23/20","11","9","32019","81.82"
"Mineral","0","2","Nevada","4/23/20","0","2","32021","1"
"Nye","2","31","Nevada","4/23/20","19","12","32023","63.16"
"Washoe","27","736","Nevada","4/23/20","549","187","32031","34.06"
"White Pine","0","3","Nevada","4/23/20","3","0","32033","0"
"Belknap","1","28","New Hampshire","4/23/20","24","4","33001","16.67"
"Carroll","0","30","New Hampshire","4/23/20","29","1","33003","3.45"
"Cheshire","1","35","New Hampshire","4/23/20","26","9","33005","34.62"
"Coos","0","2","New Hampshire","4/23/20","2","0","33007","0"
"Grafton","0","46","New Hampshire","4/23/20","44","2","33009","4.55"
"Hillsborough","38","721","New Hampshire","4/23/20","458","263","33011","57.42"
"Merrimack","5","113","New Hampshire","4/23/20","81","32","33013","39.51"
"Rockingham","22","551","New Hampshire","4/23/20","399","152","33015","38.1"
"Strafford","8","123","New Hampshire","4/23/20","69","54","33017","78.26"
"Sullivan","0","10","New Hampshire","4/23/20","7","3","33019","42.86"
"Atlantic","29","544","New Jersey","4/23/20","344","200","34001","58.14"
"Bergen","377","14049","New Jersey","4/23/20","11409","2640","34003","23.14"
"Burlington","92","1969","New Jersey","4/23/20","1326","643","34005","48.49"
"Camden","136","2683","New Jersey","4/23/20","1734","949","34007","54.73"
"Cape May","7","236","New Jersey","4/23/20","186","50","34009","26.88"
"Cumberland","29","424","New Jersey","4/23/20","223","201","34011","90.13"
"Essex","390","11811","New Jersey","4/23/20","9084","2727","34013","30.02"
"Gloucester","39","899","New Jersey","4/23/20","624","275","34015","44.07"
"Hudson","502","12681","New Jersey","4/23/20","9165","3516","34017","38.36"
"Hunterdon","13","464","New Jersey","4/23/20","373","91","34019","24.4"
"Mercer","136","2991","New Jersey","4/23/20","2037","954","34021","46.83"
"Middlesex","362","9530","New Jersey","4/23/20","6994","2536","34023","36.26"
"Monmouth","134","5238","New Jersey","4/23/20","4299","939","34025","21.84"
"Morris","140","4680","New Jersey","4/23/20","3701","979","34027","26.45"
"Ocean","167","5444","New Jersey","4/23/20","4272","1172","34029","27.43"
"Passaic","365","9874","New Jersey","4/23/20","7317","2557","34031","34.95"
"Salem","10","164","New Jersey","4/23/20","95","69","34033","72.63"
"Somerset","99","2798","New Jersey","4/23/20","2103","695","34035","33.05"
"Sussex","29","784","New Jersey","4/23/20","578","206","34037","35.64"
"Union","433","10935","New Jersey","4/23/20","7904","3031","34039","38.35"
"Warren","31","719","New Jersey","4/23/20","501","218","34041","43.51"
"Bernalillo","22","631","New Mexico","4/23/20","477","154","35001","32.29"
"Catron","0","1","New Mexico","4/23/20","1","0","35003","0"
"Chaves","0","22","New Mexico","4/23/20","19","3","35005","15.79"
"Cibola","1","38","New Mexico","4/23/20","29","9","35006","31.03"
"Colfax","0","5","New Mexico","4/23/20","2","3","35007","150"
"Curry","0","10","New Mexico","4/23/20","10","0","35009","0"
"Dona Ana","5","88","New Mexico","4/23/20","54","34","35013","62.96"
"Eddy","1","11","New Mexico","4/23/20","7","4","35015","57.14"
"Grant","0","14","New Mexico","4/23/20","11","3","35017","27.27"
"Guadalupe","0","3","New Mexico","4/23/20","0","3","35019","1"
"Harding","0","1","New Mexico","4/23/20","0","1","35021","1"
"Lea","1","8","New Mexico","4/23/20","2","6","35025","300"
"Lincoln","0","2","New Mexico","4/23/20","1","1","35027","100"
"Los Alamos","0","6","New Mexico","4/23/20","6","0","35028","0"
"Luna","0","3","New Mexico","4/23/20","2","1","35029","50"
"McKinley","47","573","New Mexico","4/23/20","242","331","35031","136.78"
"Otero","0","5","New Mexico","4/23/20","3","2","35035","66.67"
"Quay","0","4","New Mexico","4/23/20","1","3","35037","300"
"Rio Arriba","0","11","New Mexico","4/23/20","10","1","35039","10"
"Roosevelt","0","4","New Mexico","4/23/20","1","3","35041","300"
"San Juan","27","390","New Mexico","4/23/20","200","190","35045","95"
"San Miguel","0","2","New Mexico","4/23/20","2","0","35047","0"
"Sandoval","12","345","New Mexico","4/23/20","262","83","35043","31.68"
"Santa Fe","3","96","New Mexico","4/23/20","78","18","35049","23.08"
"Socorro","3","38","New Mexico","4/23/20","16","22","35053","137.5"
"Taos","0","17","New Mexico","4/23/20","15","2","35055","13.33"
"Torrance","0","13","New Mexico","4/23/20","12","1","35057","8.33"
"Valencia","2","38","New Mexico","4/23/20","21","17","35061","80.95"
"Albany","25","758","New York","4/23/20","581","177","36001","30.46"
"Allegany","0","30","New York","4/23/20","28","2","36003","7.14"
"Broome","8","224","New York","4/23/20","167","57","36007","34.13"
"Cattaraugus","1","37","New York","4/23/20","32","5","36009","15.62"
"Cayuga","0","37","New York","4/23/20","36","1","36011","2.78"
"Chautauqua","0","26","New York","4/23/20","24","2","36013","8.33"
"Chemung","1","76","New York","4/23/20","70","6","36015","8.57"
"Chenango","1","82","New York","4/23/20","73","9","36017","12.33"
"Clinton","1","52","New York","4/23/20","46","6","36019","13.04"
"Columbia","3","123","New York","4/23/20","100","23","36021","23"
"Cortland","0","25","New York","4/23/20","24","1","36023","4.17"
"Delaware","0","50","New York","4/23/20","47","3","36025","6.38"
"Dutchess","54","2460","New York","4/23/20","2085","375","36027","17.99"
"Erie","71","2450","New York","4/23/20","1951","499","36029","25.58"
"Essex","1","22","New York","4/23/20","12","10","36031","83.33"
"Franklin","0","13","New York","4/23/20","13","0","36033","0"
"Fulton","0","28","New York","4/23/20","25","3","36035","12"
"Genesee","7","126","New York","4/23/20","78","48","36037","61.54"
"Greene","2","89","New York","4/23/20","74","15","36039","20.27"
"Hamilton","0","3","New York","4/23/20","3","0","36041","0"
"Herkimer","2","54","New York","4/23/20","43","11","36043","25.58"
"Jefferson","1","56","New York","4/23/20","48","8","36045","16.67"
"Lewis","0","9","New York","4/23/20","8","1","36049","12.5"
"Livingston","1","41","New York","4/23/20","34","7","36051","20.59"
"Madison","-1","106","New York","4/23/20","110","-4","36053","-3.64"
"Monroe","31","1152","New York","4/23/20","932","220","36055","23.61"
"Montgomery","1","39","New York","4/23/20","32","7","36057","21.88"
"Nassau","622","32124","New York","4/23/20","27772","4352","36059","15.67"
"New York","3244","145855","New York","4/23/20","123146","22709","36061","18.44"
"Niagara","9","295","New York","4/23/20","229","66","36063","28.82"
"Oneida","10","317","New York","4/23/20","249","68","36065","27.31"
"Onondaga","3","600","New York","4/23/20","579","21","36067","3.63"
"Ontario","1","73","New York","4/23/20","65","8","36069","12.31"
"Orange","79","6816","New York","4/23/20","6266","550","36071","8.78"
"Orleans","4","59","New York","4/23/20","34","25","36073","73.53"
"Oswego","1","49","New York","4/23/20","44","5","36075","11.36"
"Otsego","1","50","New York","4/23/20","44","6","36077","13.64"
"Putnam","-3","615","New York","4/23/20","634","-19","36079","-3"
"Rensselaer","7","191","New York","4/23/20","140","51","36083","36.43"
"Rockland","154","9828","New York","4/23/20","8752","1076","36087","12.29"
"Saratoga","5","265","New York","4/23/20","231","34","36091","14.72"
"Schenectady","6","288","New York","4/23/20","245","43","36093","17.55"
"Schoharie","0","21","New York","4/23/20","20","1","36095","5"
"Schuyler","0","7","New York","4/23/20","8","-1","36097","-12.5"
"Seneca","0","18","New York","4/23/20","18","0","36099","0"
"St. Lawrence","7","139","New York","4/23/20","93","46","36089","49.46"
"Steuben","2","171","New York","4/23/20","154","17","36101","11.04"
"Suffolk","679","29567","New York","4/23/20","24812","4755","36103","19.16"
"Sullivan","20","580","New York","4/23/20","437","143","36105","32.72"
"Tioga","2","40","New York","4/23/20","27","13","36107","48.15"
"Tompkins","0","119","New York","4/23/20","118","1","36109","0.85"
"Ulster","14","942","New York","4/23/20","845","97","36111","11.48"
"Warren","5","119","New York","4/23/20","81","38","36113","46.91"
"Washington","5","80","New York","4/23/20","46","34","36115","73.91"
"Wayne","1","53","New York","4/23/20","49","4","36117","8.16"
"Westchester","590","25959","New York","4/23/20","21828","4131","36119","18.93"
"Wyoming","0","41","New York","4/23/20","42","-1","36121","-2.38"
"Yates","1","11","New York","4/23/20","7","4","36123","57.14"
"Alamance","3","63","North Carolina","4/23/20","45","18","37001","40"
"Alexander","0","4","North Carolina","4/23/20","3","1","37003","33.33"
"Alleghany","0","2","North Carolina","4/23/20","2","0","37005","0"
"Anson","1","19","North Carolina","4/23/20","14","5","37007","35.71"
"Ashe","0","4","North Carolina","4/23/20","4","0","37009","0"
"Beaufort","0","16","North Carolina","4/23/20","14","2","37013","14.29"
"Bertie","2","31","North Carolina","4/23/20","17","14","37015","82.35"
"Bladen","0","5","North Carolina","4/23/20","2","3","37017","150"
"Brunswick","0","39","North Carolina","4/23/20","36","3","37019","8.33"
"Buncombe","1","49","North Carolina","4/23/20","43","6","37021","13.95"
"Burke","3","83","North Carolina","4/23/20","63","20","37023","31.75"
"Cabarrus","5","236","North Carolina","4/23/20","204","32","37025","15.69"
"Caldwell","1","26","North Carolina","4/23/20","19","7","37027","36.84"
"Carteret","1","27","North Carolina","4/23/20","22","5","37031","22.73"
"Caswell","1","13","North Carolina","4/23/20","4","9","37033","225"
"Catawba","1","47","North Carolina","4/23/20","38","9","37035","23.68"
"Chatham","11","156","North Carolina","4/23/20","81","75","37037","92.59"
"Cherokee","0","16","North Carolina","4/23/20","14","2","37039","14.29"
"Chowan","0","6","North Carolina","4/23/20","5","1","37041","20"
"Clay","0","6","North Carolina","4/23/20","4","2","37043","50"
"Cleveland","1","45","North Carolina","4/23/20","41","4","37045","9.76"
"Columbus","4","76","North Carolina","4/23/20","50","26","37047","52"
"Craven","1","37","North Carolina","4/23/20","32","5","37049","15.62"
"Cumberland","9","154","North Carolina","4/23/20","94","60","37051","63.83"
"Currituck","0","2","North Carolina","4/23/20","3","-1","37053","-33.33"
"Dare","0","15","North Carolina","4/23/20","15","0","37055","0"
"Davidson","2","107","North Carolina","4/23/20","91","16","37057","17.58"
"Davie","0","24","North Carolina","4/23/20","23","1","37059","4.35"
"Duplin","3","41","North Carolina","4/23/20","23","18","37061","78.26"
"Durham","18","500","North Carolina","4/23/20","376","124","37063","32.98"
"Edgecombe","3","62","North Carolina","4/23/20","42","20","37065","47.62"
"Forsyth","3","143","North Carolina","4/23/20","125","18","37067","14.4"
"Franklin","1","77","North Carolina","4/23/20","67","10","37069","14.93"
"Gaston","4","126","North Carolina","4/23/20","95","31","37071","32.63"
"Gates","0","6","North Carolina","4/23/20","4","2","37073","50"
"Granville","3","123","North Carolina","4/23/20","104","19","37077","18.27"
"Greene","0","14","North Carolina","4/23/20","16","-2","37079","-12.5"
"Guilford","11","240","North Carolina","4/23/20","160","80","37081","50"
"Halifax","1","40","North Carolina","4/23/20","30","10","37083","33.33"
"Harnett","3","74","North Carolina","4/23/20","53","21","37085","39.62"
"Haywood","0","5","North Carolina","4/23/20","4","1","37087","25"
"Henderson","6","145","North Carolina","4/23/20","106","39","37089","36.79"
"Hertford","1","14","North Carolina","4/23/20","4","10","37091","250"
"Hoke","2","34","North Carolina","4/23/20","22","12","37093","54.55"
"Iredell","2","94","North Carolina","4/23/20","77","17","37097","22.08"
"Jackson","0","5","North Carolina","4/23/20","5","0","37099","0"
"Johnston","2","125","North Carolina","4/23/20","113","12","37101","10.62"
"Jones","0","12","North Carolina","4/23/20","9","3","37103","33.33"
"Lee","7","65","North Carolina","4/23/20","18","47","37105","261.11"
"Lenoir","3","34","North Carolina","4/23/20","16","18","37107","112.5"
"Lincoln","1","25","North Carolina","4/23/20","18","7","37109","38.89"
"Macon","0","2","North Carolina","4/23/20","2","0","37113","0"
"Martin","1","12","North Carolina","4/23/20","7","5","37117","71.43"
"McDowell","0","21","North Carolina","4/23/20","20","1","37111","5"
"Mecklenburg","40","1377","North Carolina","4/23/20","1098","279","37119","25.41"
"Mitchell","0","5","North Carolina","4/23/20","4","1","37121","25"
"Montgomery","0","19","North Carolina","4/23/20","17","2","37123","11.76"
"Moore","2","104","North Carolina","4/23/20","89","15","37125","16.85"
"Nash","4","74","North Carolina","4/23/20","45","29","37127","64.44"
"New Hanover","1","74","North Carolina","4/23/20","66","8","37129","12.12"
"Northampton","1","75","North Carolina","4/23/20","70","5","37131","7.14"
"Onslow","0","39","North Carolina","4/23/20","37","2","37133","5.41"
"Orange","4","199","North Carolina","4/23/20","172","27","37135","15.7"
"Pamlico","0","6","North Carolina","4/23/20","6","0","37137","0"
"Pasquotank","2","33","North Carolina","4/23/20","16","17","37139","106.25"
"Pender","1","11","North Carolina","4/23/20","5","6","37141","120"
"Perquimans","-1","8","North Carolina","4/23/20","12","-4","37143","-33.33"
"Person","1","19","North Carolina","4/23/20","13","6","37145","46.15"
"Pitt","3","101","North Carolina","4/23/20","80","21","37147","26.25"
"Polk","0","11","North Carolina","4/23/20","9","2","37149","22.22"
"Randolph","5","97","North Carolina","4/23/20","63","34","37151","53.97"
"Richmond","2","28","North Carolina","4/23/20","15","13","37153","86.67"
"Robeson","5","53","North Carolina","4/23/20","15","38","37155","253.33"
"Rockingham","1","22","North Carolina","4/23/20","18","4","37157","22.22"
"Rowan","11","290","North Carolina","4/23/20","216","74","37159","34.26"
"Rutherford","5","92","North Carolina","4/23/20","58","34","37161","58.62"
"Sampson","1","25","North Carolina","4/23/20","17","8","37163","47.06"
"Scotland","1","16","North Carolina","4/23/20","9","7","37165","77.78"
"Stanly","1","24","North Carolina","4/23/20","19","5","37167","26.32"
"Stokes","0","11","North Carolina","4/23/20","10","1","37169","10"
"Surry","0","12","North Carolina","4/23/20","11","1","37171","9.09"
"Transylvania","0","7","North Carolina","4/23/20","6","1","37175","16.67"
"Tyrrell","0","4","North Carolina","4/23/20","4","0","37177","0"
"Union","8","186","North Carolina","4/23/20","129","57","37179","44.19"
"Vance","2","38","North Carolina","4/23/20","25","13","37181","52"
"Wake","11","633","North Carolina","4/23/20","556","77","37183","13.85"
"Warren","0","3","North Carolina","4/23/20","3","0","37185","0"
"Washington","1","22","North Carolina","4/23/20","18","4","37187","22.22"
"Watauga","0","8","North Carolina","4/23/20","8","0","37189","0"
"Wayne","71","597","North Carolina","4/23/20","103","494","37191","479.61"
"Wilkes","1","8","North Carolina","4/23/20","4","4","37193","100"
"Wilson","7","130","North Carolina","4/23/20","83","47","37195","56.63"
"Yadkin","0","12","North Carolina","4/23/20","11","1","37197","9.09"
"Barnes","0","3","North Dakota","4/23/20","2","1","38003","50"
"Bowman","0","1","North Dakota","4/23/20","1","0","38011","0"
"Burke","0","3","North Dakota","4/23/20","2","1","38013","50"
"Burleigh","2","67","North Dakota","4/23/20","54","13","38015","24.07"
"Cass","20","290","North Dakota","4/23/20","152","138","38017","90.79"
"Divide","0","1","North Dakota","4/23/20","1","0","38023","0"
"Dunn","1","10","North Dakota","4/23/20","4","6","38025","150"
"Eddy","0","1","North Dakota","4/23/20","1","0","38027","0"
"Emmons","0","1","North Dakota","4/23/20","1","0","38029","0"
"Foster","0","1","North Dakota","4/23/20","1","0","38031","0"
"Grand Forks","20","162","North Dakota","4/23/20","23","139","38035","604.35"
"Grant","0","1","North Dakota","4/23/20","1","0","38037","0"
"McHenry","0","1","North Dakota","4/23/20","1","0","38049","0"
"McIntosh","0","1","North Dakota","4/23/20","1","0","38051","0"
"McKenzie","0","10","North Dakota","4/23/20","10","0","38053","0"
"McLean","0","3","North Dakota","4/23/20","3","0","38055","0"
"Morton","0","23","North Dakota","4/23/20","21","2","38059","9.52"
"Mountrail","1","33","North Dakota","4/23/20","29","4","38061","13.79"
"Nelson","0","1","North Dakota","4/23/20","0","1","38063","1"
"Oliver","0","1","North Dakota","4/23/20","1","0","38065","0"
"Pierce","0","2","North Dakota","4/23/20","2","0","38069","0"
"Ramsey","0","3","North Dakota","4/23/20","3","0","38071","0"
"Richland","0","7","North Dakota","4/23/20","4","3","38077","75"
"Rolette","0","1","North Dakota","4/23/20","1","0","38079","0"
"Sargent","0","1","North Dakota","4/23/20","1","0","38081","0"
"Sioux","0","1","North Dakota","4/23/20","1","0","38085","0"
"Slope","0","3","North Dakota","4/23/20","3","0","38087","0"
"Stark","0","40","North Dakota","4/23/20","37","3","38089","8.11"
"Stutsman","0","3","North Dakota","4/23/20","1","2","38093","200"
"Walsh","0","3","North Dakota","4/23/20","3","0","38099","0"
"Ward","0","21","North Dakota","4/23/20","20","1","38101","5"
"Wells","0","1","North Dakota","4/23/20","0","1","38103","1"
"Williams","0","9","North Dakota","4/23/20","8","1","38105","12.5"
"","0","14","Northern Mariana Islands","4/23/20","13","1",,"7.69"
"Adams","0","4","Ohio","4/23/20","3","1","39001","33.33"
"Allen","6","100","Ohio","4/23/20","57","43","39003","75.44"
"Ashland","0","5","Ohio","4/23/20","5","0","39005","0"
"Ashtabula","8","98","Ohio","4/23/20","45","53","39007","117.78"
"Athens","0","4","Ohio","4/23/20","3","1","39009","33.33"
"Auglaize","1","29","Ohio","4/23/20","19","10","39011","52.63"
"Belmont","5","95","Ohio","4/23/20","59","36","39013","61.02"
"Brown","0","11","Ohio","4/23/20","8","3","39015","37.5"
"Butler","8","201","Ohio","4/23/20","148","53","39017","35.81"
"Carroll","1","18","Ohio","4/23/20","14","4","39019","28.57"
"Champaign","0","8","Ohio","4/23/20","6","2","39021","33.33"
"Clark","1","29","Ohio","4/23/20","23","6","39023","26.09"
"Clermont","2","76","Ohio","4/23/20","60","16","39025","26.67"
"Clinton","1","27","Ohio","4/23/20","23","4","39027","17.39"
"Columbiana","10","208","Ohio","4/23/20","136","72","39029","52.94"
"Coshocton","0","16","Ohio","4/23/20","16","0","39031","0"
"Crawford","2","37","Ohio","4/23/20","26","11","39033","42.31"
"Cuyahoga","62","1768","Ohio","4/23/20","1331","437","39035","32.83"
"Darke","1","62","Ohio","4/23/20","55","7","39037","12.73"
"Defiance","1","17","Ohio","4/23/20","12","5","39039","41.67"
"Delaware","3","132","Ohio","4/23/20","114","18","39041","15.79"
"Erie","3","43","Ohio","4/23/20","19","24","39043","126.32"
"Fairfield","2","109","Ohio","4/23/20","96","13","39045","13.54"
"Fayette","0","13","Ohio","4/23/20","12","1","39047","8.33"
"Franklin","66","1673","Ohio","4/23/20","1212","461","39049","38.04"
"Fulton","1","18","Ohio","4/23/20","10","8","39051","80"
"Gallia","0","6","Ohio","4/23/20","6","0","39053","0"
"Geauga","4","119","Ohio","4/23/20","92","27","39055","29.35"
"Greene","1","40","Ohio","4/23/20","33","7","39057","21.21"
"Guernsey","1","15","Ohio","4/23/20","10","5","39059","50"
"Hamilton","36","868","Ohio","4/23/20","615","253","39061","41.14"
"Hancock","1","32","Ohio","4/23/20","25","7","39063","28"
"Hardin","1","20","Ohio","4/23/20","12","8","39065","66.67"
"Harrison","0","2","Ohio","4/23/20","1","1","39067","100"
"Henry","0","4","Ohio","4/23/20","2","2","39069","100"
"Highland","0","8","Ohio","4/23/20","7","1","39071","14.29"
"Hocking","0","5","Ohio","4/23/20","4","1","39073","25"
"Holmes","0","5","Ohio","4/23/20","3","2","39075","66.67"
"Huron","1","24","Ohio","4/23/20","16","8","39077","50"
"Jackson","0","4","Ohio","4/23/20","3","1","39079","33.33"
"Jefferson","1","33","Ohio","4/23/20","24","9","39081","37.5"
"Knox","0","14","Ohio","4/23/20","11","3","39083","27.27"
"Lake","3","148","Ohio","4/23/20","127","21","39085","16.54"
"Lawrence","0","22","Ohio","4/23/20","19","3","39087","15.79"
"Licking","2","104","Ohio","4/23/20","92","12","39089","13.04"
"Logan","1","15","Ohio","4/23/20","8","7","39091","87.5"
"Lorain","18","344","Ohio","4/23/20","221","123","39093","55.66"
"Lucas","42","936","Ohio","4/23/20","644","292","39095","45.34"
"Madison","1","38","Ohio","4/23/20","29","9","39097","31.03"
"Mahoning","22","666","Ohio","4/23/20","512","154","39099","30.08"
"Marion","269","2161","Ohio","4/23/20","276","1885","39101","682.97"
"Medina","3","148","Ohio","4/23/20","126","22","39103","17.46"
"Meigs","0","2","Ohio","4/23/20","2","0","39105","0"
"Mercer","0","16","Ohio","4/23/20","13","3","39107","23.08"
"Miami","1","134","Ohio","4/23/20","127","7","39109","5.51"
"Monroe","0","2","Ohio","4/23/20","2","0","39111","0"
"Montgomery","5","250","Ohio","4/23/20","213","37","39113","17.37"
"Morgan","0","4","Ohio","4/23/20","3","1","39115","33.33"
"Morrow","2","25","Ohio","4/23/20","14","11","39117","78.57"
"Muskingum","0","10","Ohio","4/23/20","8","2","39119","25"
"Noble","0","3","Ohio","4/23/20","3","0","39121","0"
"Ottawa","2","34","Ohio","4/23/20","17","17","39123","100"
"Paulding","0","7","Ohio","4/23/20","5","2","39125","40"
"Perry","0","11","Ohio","4/23/20","8","3","39127","37.5"
"Pickaway","209","1661","Ohio","4/23/20","196","1465","39129","747.45"
"Pike","0","2","Ohio","4/23/20","1","1","39131","100"
"Portage","6","206","Ohio","4/23/20","162","44","39133","27.16"
"Preble","1","25","Ohio","4/23/20","20","5","39135","25"
"Putnam","6","47","Ohio","4/23/20","4","43","39137","1075"
"Richland","3","70","Ohio","4/23/20","48","22","39139","45.83"
"Ross","1","30","Ohio","4/23/20","26","4","39141","15.38"
"Sandusky","1","20","Ohio","4/23/20","14","6","39143","42.86"
"Scioto","0","6","Ohio","4/23/20","5","1","39145","20"
"Seneca","0","11","Ohio","4/23/20","11","0","39147","0"
"Shelby","0","30","Ohio","4/23/20","28","2","39149","7.14"
"Stark","12","290","Ohio","4/23/20","204","86","39151","42.16"
"Summit","20","447","Ohio","4/23/20","310","137","39153","44.19"
"Trumbull","10","272","Ohio","4/23/20","203","69","39155","33.99"
"Tuscarawas","2","42","Ohio","4/23/20","29","13","39157","44.83"
"Union","1","16","Ohio","4/23/20","11","5","39159","45.45"
"Van Wert","0","3","Ohio","4/23/20","2","1","39161","50"
"Warren","5","124","Ohio","4/23/20","89","35","39165","39.33"
"Washington","3","75","Ohio","4/23/20","53","22","39167","41.51"
"Wayne","3","88","Ohio","4/23/20","66","22","39169","33.33"
"Williams","2","23","Ohio","4/23/20","6","17","39171","283.33"
"Wood","5","105","Ohio","4/23/20","67","38","39173","56.72"
"Wyandot","1","21","Ohio","4/23/20","14","7","39175","50"
"Adair","3","50","Oklahoma","4/23/20","29","21","40001","72.41"
"Alfalfa","0","1","Oklahoma","4/23/20","1","0","40003","0"
"Atoka","0","1","Oklahoma","4/23/20","1","0","40005","0"
"Beaver","0","1","Oklahoma","4/23/20","1","0","40007","0"
"Beckham","0","2","Oklahoma","4/23/20","2","0","40009","0"
"Bryan","0","6","Oklahoma","4/23/20","5","1","40013","20"
"Caddo","1","53","Oklahoma","4/23/20","48","5","40015","10.42"
"Canadian","3","86","Oklahoma","4/23/20","65","21","40017","32.31"
"Carter","0","2","Oklahoma","4/23/20","1","1","40019","100"
"Cherokee","0","25","Oklahoma","4/23/20","22","3","40021","13.64"
"Choctaw","0","3","Oklahoma","4/23/20","3","0","40023","0"
"Cimarron","0","1","Oklahoma","4/23/20","0","1","40025","1"
"Cleveland","12","388","Oklahoma","4/23/20","301","87","40027","28.9"
"Comanche","3","75","Oklahoma","4/23/20","57","18","40031","31.58"
"Cotton","0","5","Oklahoma","4/23/20","5","0","40033","0"
"Craig","0","9","Oklahoma","4/23/20","7","2","40035","28.57"
"Creek","2","71","Oklahoma","4/23/20","58","13","40037","22.41"
"Custer","0","10","Oklahoma","4/23/20","7","3","40039","42.86"
"Delaware","2","89","Oklahoma","4/23/20","74","15","40041","20.27"
"Dewey","0","2","Oklahoma","4/23/20","2","0","40043","0"
"Garfield","0","11","Oklahoma","4/23/20","9","2","40047","22.22"
"Garvin","0","13","Oklahoma","4/23/20","10","3","40049","30"
"Grady","2","31","Oklahoma","4/23/20","16","15","40051","93.75"
"Grant","0","2","Oklahoma","4/23/20","2","0","40053","0"
"Greer","2","63","Oklahoma","4/23/20","50","13","40055","26"
"Harper","0","1","Oklahoma","4/23/20","0","1","40059","1"
"Haskell","0","3","Oklahoma","4/23/20","0","3","40061","1"
"Jackson","1","13","Oklahoma","4/23/20","6","7","40065","116.67"
"Jefferson","0","2","Oklahoma","4/23/20","1","1","40067","100"
"Johnston","0","3","Oklahoma","4/23/20","2","1","40069","50"
"Kay","0","47","Oklahoma","4/23/20","46","1","40071","2.17"
"Kingfisher","0","6","Oklahoma","4/23/20","6","0","40073","0"
"Kiowa","0","4","Oklahoma","4/23/20","2","2","40075","100"
"Latimer","0","4","Oklahoma","4/23/20","4","0","40077","0"
"Le Flore","0","8","Oklahoma","4/23/20","5","3","40079","60"
"Lincoln","0","10","Oklahoma","4/23/20","11","-1","40081","-9.09"
"Logan","0","11","Oklahoma","4/23/20","8","3","40083","37.5"
"Love","0","2","Oklahoma","4/23/20","2","0","40085","0"
"Major","0","2","Oklahoma","4/23/20","2","0","40093","0"
"Marshall","0","2","Oklahoma","4/23/20","1","1","40095","100"
"Mayes","0","19","Oklahoma","4/23/20","19","0","40097","0"
"McClain","1","28","Oklahoma","4/23/20","20","8","40087","40"
"McCurtain","0","8","Oklahoma","4/23/20","7","1","40089","14.29"
"McIntosh","0","2","Oklahoma","4/23/20","2","0","40091","0"
"Murray","0","1","Oklahoma","4/23/20","0","1","40099","1"
"Muskogee","0","26","Oklahoma","4/23/20","25","1","40101","4"
"Noble","0","6","Oklahoma","4/23/20","6","0","40103","0"
"Nowata","1","16","Oklahoma","4/23/20","11","5","40105","45.45"
"Okfuskee","0","1","Oklahoma","4/23/20","1","0","40107","0"
"Oklahoma","20","634","Oklahoma","4/23/20","497","137","40109","27.57"
"Okmulgee","0","16","Oklahoma","4/23/20","14","2","40111","14.29"
"Osage","1","68","Oklahoma","4/23/20","61","7","40113","11.48"
"Ottawa","1","29","Oklahoma","4/23/20","24","5","40115","20.83"
"Pawnee","0","28","Oklahoma","4/23/20","28","0","40117","0"
"Payne","1","40","Oklahoma","4/23/20","34","6","40119","17.65"
"Pittsburg","1","22","Oklahoma","4/23/20","14","8","40121","57.14"
"Pontotoc","0","10","Oklahoma","4/23/20","10","0","40123","0"
"Pottawatomie","1","38","Oklahoma","4/23/20","32","6","40125","18.75"
"Rogers","2","44","Oklahoma","4/23/20","30","14","40131","46.67"
"Seminole","0","8","Oklahoma","4/23/20","7","1","40133","14.29"
"Sequoyah","0","10","Oklahoma","4/23/20","10","0","40135","0"
"Stephens","1","19","Oklahoma","4/23/20","15","4","40137","26.67"
"Texas","5","46","Oklahoma","4/23/20","9","37","40139","411.11"
"Tillman","0","1","Oklahoma","4/23/20","1","0","40141","0"
"Tulsa","11","454","Oklahoma","4/23/20","376","78","40143","20.74"
"Wagoner","1","112","Oklahoma","4/23/20","107","5","40145","4.67"
"Washington","12","208","Oklahoma","4/23/20","124","84","40147","67.74"
"Woods","0","3","Oklahoma","4/23/20","0","3","40151","1"
"Woodward","0","2","Oklahoma","4/23/20","1","1","40153","100"
"Benton","0","27","Oregon","4/23/20","27","0","41003","0"
"Clackamas","6","191","Oregon","4/23/20","150","41","41005","27.33"
"Clatsop","0","6","Oregon","4/23/20","6","0","41007","0"
"Columbia","0","14","Oregon","4/23/20","14","0","41009","0"
"Coos","0","4","Oregon","4/23/20","1","3","41011","300"
"Crook","0","1","Oregon","4/23/20","1","0","41013","0"
"Curry","0","4","Oregon","4/23/20","3","1","41015","33.33"
"Deschutes","2","70","Oregon","4/23/20","59","11","41017","18.64"
"Douglas","0","24","Oregon","4/23/20","22","2","41019","9.09"
"Grant","0","1","Oregon","4/23/20","1","0","41023","0"
"Hood River","0","5","Oregon","4/23/20","4","1","41027","25"
"Jackson","0","48","Oregon","4/23/20","47","1","41029","2.13"
"Jefferson","0","2","Oregon","4/23/20","1","1","41031","100"
"Josephine","0","19","Oregon","4/23/20","19","0","41033","0"
"Klamath","1","36","Oregon","4/23/20","29","7","41035","24.14"
"Lane","0","48","Oregon","4/23/20","45","3","41039","6.67"
"Lincoln","0","5","Oregon","4/23/20","4","1","41041","25"
"Linn","2","67","Oregon","4/23/20","54","13","41043","24.07"
"Malheur","0","6","Oregon","4/23/20","5","1","41045","20"
"Marion","13","397","Oregon","4/23/20","309","88","41047","28.48"
"Morrow","0","5","Oregon","4/23/20","5","0","41049","0"
"Multnomah","19","582","Oregon","4/23/20","448","134","41051","29.91"
"Polk","0","33","Oregon","4/23/20","30","3","41053","10"
"Sherman","0","1","Oregon","4/23/20","1","0","41055","0"
"Tillamook","0","6","Oregon","4/23/20","5","1","41057","20"
"Umatilla","1","30","Oregon","4/23/20","22","8","41059","36.36"
"Union","0","4","Oregon","4/23/20","4","0","41061","0"
"Wallowa","0","1","Oregon","4/23/20","1","0","41063","0"
"Wasco","0","12","Oregon","4/23/20","10","2","41065","20"
"Washington","10","443","Oregon","4/23/20","376","67","41067","17.82"
"Yamhill","0","35","Oregon","4/23/20","33","2","41071","6.06"
"Adams","4","95","Pennsylvania","4/23/20","67","28","42001","41.79"
"Allegheny","32","1149","Pennsylvania","4/23/20","925","224","42003","24.22"
"Armstrong","2","43","Pennsylvania","4/23/20","32","11","42005","34.38"
"Beaver","22","319","Pennsylvania","4/23/20","168","151","42007","89.88"
"Bedford","1","20","Pennsylvania","4/23/20","11","9","42009","81.82"
"Berks","113","2212","Pennsylvania","4/23/20","1419","793","42011","55.88"
"Blair","0","15","Pennsylvania","4/23/20","13","2","42013","15.38"
"Bradford","1","28","Pennsylvania","4/23/20","19","9","42015","47.37"
"Bucks","119","2321","Pennsylvania","4/23/20","1490","831","42017","55.77"
"Butler","1","164","Pennsylvania","4/23/20","154","10","42019","6.49"
"Cambria","1","20","Pennsylvania","4/23/20","14","6","42021","42.86"
"Cameron","0","1","Pennsylvania","4/23/20","1","0","42023","0"
"Carbon","6","155","Pennsylvania","4/23/20","113","42","42025","37.17"
"Centre","0","76","Pennsylvania","4/23/20","73","3","42027","4.11"
"Chester","38","989","Pennsylvania","4/23/20","722","267","42029","36.98"
"Clarion","0","20","Pennsylvania","4/23/20","17","3","42031","17.65"
"Clearfield","0","11","Pennsylvania","4/23/20","9","2","42033","22.22"
"Clinton","1","14","Pennsylvania","4/23/20","8","6","42035","75"
"Columbia","14","245","Pennsylvania","4/23/20","146","99","42037","67.81"
"Crawford","0","19","Pennsylvania","4/23/20","16","3","42039","18.75"
"Cumberland","13","229","Pennsylvania","4/23/20","137","92","42041","67.15"
"Dauphin","23","445","Pennsylvania","4/23/20","287","158","42043","55.05"
"Delaware","121","2902","Pennsylvania","4/23/20","2055","847","42045","41.22"
"Elk","0","2","Pennsylvania","4/23/20","2","0","42047","0"
"Erie","3","68","Pennsylvania","4/23/20","46","22","42049","47.83"
"Fayette","2","71","Pennsylvania","4/23/20","60","11","42051","18.33"
"Forest","0","7","Pennsylvania","4/23/20","7","0","42053","0"
"Franklin","10","151","Pennsylvania","4/23/20","80","71","42055","88.75"
"Fulton","0","2","Pennsylvania","4/23/20","2","0","42057","0"
"Greene","0","25","Pennsylvania","4/23/20","24","1","42059","4.17"
"Huntingdon","1","20","Pennsylvania","4/23/20","12","8","42061","66.67"
"Indiana","2","59","Pennsylvania","4/23/20","44","15","42063","34.09"
"Jefferson","0","4","Pennsylvania","4/23/20","2","2","42065","100"
"Juniata","3","77","Pennsylvania","4/23/20","56","21","42067","37.5"
"Lackawanna","21","707","Pennsylvania","4/23/20","559","148","42069","26.48"
"Lancaster","56","1359","Pennsylvania","4/23/20","970","389","42071","40.1"
"Lawrence","1","61","Pennsylvania","4/23/20","55","6","42073","10.91"
"Lebanon","23","544","Pennsylvania","4/23/20","380","164","42075","43.16"
"Lehigh","60","2418","Pennsylvania","4/23/20","1999","419","42077","20.96"
"Luzerne","38","1880","Pennsylvania","4/23/20","1611","269","42079","16.7"
"Lycoming","2","44","Pennsylvania","4/23/20","30","14","42081","46.67"
"McKean","0","5","Pennsylvania","4/23/20","4","1","42083","25"
"Mercer","1","60","Pennsylvania","4/23/20","50","10","42085","20"
"Mifflin","1","24","Pennsylvania","4/23/20","15","9","42087","60"
"Monroe","18","1024","Pennsylvania","4/23/20","898","126","42089","14.03"
"Montgomery","122","3395","Pennsylvania","4/23/20","2544","851","42091","33.45"
"Montour","0","47","Pennsylvania","4/23/20","48","-1","42093","-2.08"
"Northampton","51","1656","Pennsylvania","4/23/20","1296","360","42095","27.78"
"Northumberland","3","82","Pennsylvania","4/23/20","60","22","42097","36.67"
"Perry","1","23","Pennsylvania","4/23/20","17","6","42099","35.29"
"Philadelphia","454","11226","Pennsylvania","4/23/20","8045","3181","42101","39.54"
"Pike","7","327","Pennsylvania","4/23/20","276","51","42103","18.48"
"Potter","0","4","Pennsylvania","4/23/20","4","0","42105","0"
"Schuylkill","8","290","Pennsylvania","4/23/20","236","54","42107","22.88"
"Snyder","1","31","Pennsylvania","4/23/20","24","7","42109","29.17"
"Somerset","1","20","Pennsylvania","4/23/20","14","6","42111","42.86"
"Sullivan","0","1","Pennsylvania","4/23/20","1","0","42113","0"
"Susquehanna","3","72","Pennsylvania","4/23/20","49","23","42115","46.94"
"Tioga","0","14","Pennsylvania","4/23/20","13","1","42117","7.69"
"Union","1","30","Pennsylvania","4/23/20","25","5","42119","20"
"Venango","0","7","Pennsylvania","4/23/20","6","1","42121","16.67"
"Warren","0","1","Pennsylvania","4/23/20","1","0","42123","0"
"Washington","3","92","Pennsylvania","4/23/20","73","19","42125","26.03"
"Wayne","1","87","Pennsylvania","4/23/20","77","10","42127","12.99"
"Westmoreland","10","307","Pennsylvania","4/23/20","240","67","42129","27.92"
"Wyoming","0","17","Pennsylvania","4/23/20","14","3","42131","21.43"
"York","22","546","Pennsylvania","4/23/20","393","153","42133","38.93"
"","53","1416","Puerto Rico","4/23/20","1043","373",,"35.76"
"Bristol","6","95","Rhode Island","4/23/20","50","45","44001","90"
"Kent","26","432","Rhode Island","4/23/20","249","183","44003","73.49"
"Newport","3","117","Rhode Island","4/23/20","94","23","44005","24.47"
"Providence","325","4350","Rhode Island","4/23/20","2072","2278","44007","109.94"
"Washington","13","256","Rhode Island","4/23/20","162","94","44009","58.02"
"Abbeville","2","23","South Carolina","4/23/20","10","13","45001","130"
"Aiken","3","84","South Carolina","4/23/20","63","21","45003","33.33"
"Allendale","0","7","South Carolina","4/23/20","5","2","45005","40"
"Anderson","3","137","South Carolina","4/23/20","119","18","45007","15.13"
"Bamberg","0","7","South Carolina","4/23/20","7","0","45009","0"
"Barnwell","1","10","South Carolina","4/23/20","5","5","45011","100"
"Beaufort","5","241","South Carolina","4/23/20","206","35","45013","16.99"
"Berkeley","5","152","South Carolina","4/23/20","116","36","45015","31.03"
"Calhoun","0","6","South Carolina","4/23/20","5","1","45017","20"
"Charleston","4","412","South Carolina","4/23/20","383","29","45019","7.57"
"Cherokee","0","13","South Carolina","4/23/20","12","1","45021","8.33"
"Chester","1","26","South Carolina","4/23/20","22","4","45023","18.18"
"Chesterfield","1","39","South Carolina","4/23/20","29","10","45025","34.48"
"Clarendon","8","151","South Carolina","4/23/20","98","53","45027","54.08"
"Colleton","0","23","South Carolina","4/23/20","21","2","45029","9.52"
"Darlington","6","92","South Carolina","4/23/20","49","43","45031","87.76"
"Dillon","3","28","South Carolina","4/23/20","10","18","45033","180"
"Dorchester","1","84","South Carolina","4/23/20","78","6","45035","7.69"
"Edgefield","2","21","South Carolina","4/23/20","10","11","45037","110"
"Fairfield","0","27","South Carolina","4/23/20","25","2","45039","8"
"Florence","13","195","South Carolina","4/23/20","103","92","45041","89.32"
"Georgetown","0","36","South Carolina","4/23/20","34","2","45043","5.88"
"Greenville","17","558","South Carolina","4/23/20","436","122","45045","27.98"
"Greenwood","1","41","South Carolina","4/23/20","31","10","45047","32.26"
"Hampton","1","21","South Carolina","4/23/20","15","6","45049","40"
"Horry","6","196","South Carolina","4/23/20","155","41","45051","26.45"
"Jasper","0","15","South Carolina","4/23/20","14","1","45053","7.14"
"Kershaw","3","208","South Carolina","4/23/20","189","19","45055","10.05"
"Lancaster","1","79","South Carolina","4/23/20","71","8","45057","11.27"
"Laurens","0","21","South Carolina","4/23/20","18","3","45059","16.67"
"Lee","1","45","South Carolina","4/23/20","35","10","45061","28.57"
"Lexington","4","294","South Carolina","4/23/20","267","27","45063","10.11"
"Marion","2","22","South Carolina","4/23/20","8","14","45067","175"
"Marlboro","2","33","South Carolina","4/23/20","19","14","45069","73.68"
"McCormick","0","6","South Carolina","4/23/20","5","1","45065","20"
"Newberry","0","21","South Carolina","4/23/20","22","-1","45071","-4.55"
"Oconee","1","20","South Carolina","4/23/20","14","6","45073","42.86"
"Orangeburg","2","52","South Carolina","4/23/20","40","12","45075","30"
"Pickens","1","44","South Carolina","4/23/20","37","7","45077","18.92"
"Richland","22","736","South Carolina","4/23/20","579","157","45079","27.12"
"Saluda","1","19","South Carolina","4/23/20","9","10","45081","111.11"
"Spartanburg","5","237","South Carolina","4/23/20","199","38","45083","19.1"
"Sumter","6","207","South Carolina","4/23/20","168","39","45085","23.21"
"Union","0","24","South Carolina","4/23/20","23","1","45087","4.35"
"Williamsburg","2","33","South Carolina","4/23/20","18","15","45089","83.33"
"York","3","171","South Carolina","4/23/20","149","22","45091","14.77"
"Aurora","0","1","South Dakota","4/23/20","1","0","46003","0"
"Beadle","0","21","South Dakota","4/23/20","21","0","46005","0"
"Bon Homme","0","4","South Dakota","4/23/20","4","0","46009","0"
"Brookings","0","9","South Dakota","4/23/20","9","0","46011","0"
"Brown","2","28","South Dakota","4/23/20","15","13","46013","86.67"
"Charles Mix","0","4","South Dakota","4/23/20","4","0","46023","0"
"Clark","0","1","South Dakota","4/23/20","1","0","46025","0"
"Clay","0","5","South Dakota","4/23/20","5","0","46027","0"
"Codington","0","13","South Dakota","4/23/20","13","0","46029","0"
"Corson","0","1","South Dakota","4/23/20","1","0","46031","0"
"Davison","0","5","South Dakota","4/23/20","3","2","46035","66.67"
"Deuel","0","1","South Dakota","4/23/20","1","0","46039","0"
"Fall River","0","1","South Dakota","4/23/20","1","0","46047","0"
"Faulk","0","1","South Dakota","4/23/20","1","0","46049","0"
"Hamlin","0","2","South Dakota","4/23/20","2","0","46057","0"
"Hughes","0","7","South Dakota","4/23/20","5","2","46065","40"
"Hutchinson","0","2","South Dakota","4/23/20","2","0","46067","0"
"Hyde","0","1","South Dakota","4/23/20","1","0","46069","0"
"Jerauld","0","5","South Dakota","4/23/20","4","1","46073","25"
"Lake","0","3","South Dakota","4/23/20","3","0","46079","0"
"Lawrence","0","9","South Dakota","4/23/20","9","0","46081","0"
"Lincoln","6","110","South Dakota","4/23/20","71","39","46083","54.93"
"Lyman","0","2","South Dakota","4/23/20","2","0","46085","0"
"Marshall","0","1","South Dakota","4/23/20","1","0","46091","0"
"McCook","0","4","South Dakota","4/23/20","3","1","46087","33.33"
"Meade","0","1","South Dakota","4/23/20","1","0","46093","0"
"Miner","0","1","South Dakota","4/23/20","1","0","46097","0"
"Minnehaha","82","1636","South Dakota","4/23/20","1065","571","46099","53.62"
"Moody","0","2","South Dakota","4/23/20","1","1","46101","100"
"Oglala Lakota","0","1","South Dakota","4/23/20","1","0","46102","0"
"Pennington","0","11","South Dakota","4/23/20","10","1","46103","10"
"Roberts","0","4","South Dakota","4/23/20","4","0","46109","0"
"Sanborn","0","3","South Dakota","4/23/20","3","0","46111","0"
"Spink","0","3","South Dakota","4/23/20","3","0","46115","0"
"Sully","0","1","South Dakota","4/23/20","1","0","46119","0"
"Todd","0","1","South Dakota","4/23/20","1","0","46121","0"
"Turner","1","13","South Dakota","4/23/20","5","8","46125","160"
"Union","1","8","South Dakota","4/23/20","4","4","46127","100"
"Walworth","0","5","South Dakota","4/23/20","5","0","46129","0"
"Yankton","0","25","South Dakota","4/23/20","23","2","46135","8.7"
"Anderson","1","23","Tennessee","4/23/20","16","7","47001","43.75"
"Bedford","14","130","Tennessee","4/23/20","33","97","47003","293.94"
"Benton","0","5","Tennessee","4/23/20","4","1","47005","25"
"Bledsoe","49","351","Tennessee","4/23/20","7","344","47007","4914.29"
"Blount","0","48","Tennessee","4/23/20","47","1","47009","2.13"
"Bradley","1","38","Tennessee","4/23/20","33","5","47011","15.15"
"Campbell","0","13","Tennessee","4/23/20","12","1","47013","8.33"
"Cannon","0","10","Tennessee","4/23/20","7","3","47015","42.86"
"Carroll","0","14","Tennessee","4/23/20","13","1","47017","7.69"
"Carter","0","6","Tennessee","4/23/20","4","2","47019","50"
"Cheatham","1","28","Tennessee","4/23/20","19","9","47021","47.37"
"Chester","1","10","Tennessee","4/23/20","6","4","47023","66.67"
"Claiborne","0","5","Tennessee","4/23/20","5","0","47025","0"
"Clay","0","5","Tennessee","4/23/20","5","0","47027","0"
"Cocke","1","14","Tennessee","4/23/20","8","6","47029","75"
"Coffee","2","25","Tennessee","4/23/20","13","12","47031","92.31"
"Crockett","1","6","Tennessee","4/23/20","0","6","47033","1"
"Cumberland","1","61","Tennessee","4/23/20","53","8","47035","15.09"
"Davidson","93","1934","Tennessee","4/23/20","1283","651","47037","50.74"
"Decatur","0","4","Tennessee","4/23/20","3","1","47039","33.33"
"DeKalb","0","10","Tennessee","4/23/20","10","0","47041","0"
"Dickson","3","56","Tennessee","4/23/20","37","19","47043","51.35"
"Dyer","1","30","Tennessee","4/23/20","24","6","47045","25"
"Fayette","1","48","Tennessee","4/23/20","39","9","47047","23.08"
"Fentress","0","4","Tennessee","4/23/20","3","1","47049","33.33"
"Franklin","1","28","Tennessee","4/23/20","23","5","47051","21.74"
"Gibson","1","32","Tennessee","4/23/20","24","8","47053","33.33"
"Giles","0","6","Tennessee","4/23/20","4","2","47055","50"
"Grainger","0","4","Tennessee","4/23/20","4","0","47057","0"
"Greene","1","38","Tennessee","4/23/20","28","10","47059","35.71"
"Grundy","0","27","Tennessee","4/23/20","24","3","47061","12.5"
"Hamblen","1","14","Tennessee","4/23/20","7","7","47063","100"
"Hamilton","3","129","Tennessee","4/23/20","109","20","47065","18.35"
"Hardeman","0","8","Tennessee","4/23/20","7","1","47069","14.29"
"Hardin","0","4","Tennessee","4/23/20","4","0","47071","0"
"Hawkins","0","28","Tennessee","4/23/20","26","2","47073","7.69"
"Haywood","0","14","Tennessee","4/23/20","12","2","47075","16.67"
"Henderson","0","5","Tennessee","4/23/20","2","3","47077","150"
"Henry","0","11","Tennessee","4/23/20","8","3","47079","37.5"
"Hickman","2","16","Tennessee","4/23/20","2","14","47081","700"
"Houston","0","4","Tennessee","4/23/20","4","0","47083","0"
"Humphreys","0","7","Tennessee","4/23/20","4","3","47085","75"
"Jackson","0","6","Tennessee","4/23/20","6","0","47087","0"
"Jefferson","0","16","Tennessee","4/23/20","16","0","47089","0"
"Johnson","0","2","Tennessee","4/23/20","2","0","47091","0"
"Knox","3","203","Tennessee","4/23/20","179","24","47093","13.41"
"Lake","2","20","Tennessee","4/23/20","4","16","47095","400"
"Lauderdale","1","16","Tennessee","4/23/20","12","4","47097","33.33"
"Lawrence","0","16","Tennessee","4/23/20","15","1","47099","6.67"
"Lewis","0","2","Tennessee","4/23/20","2","0","47101","0"
"Lincoln","0","11","Tennessee","4/23/20","9","2","47103","22.22"
"Loudon","1","24","Tennessee","4/23/20","18","6","47105","33.33"
"Macon","1","35","Tennessee","4/23/20","29","6","47111","20.69"
"Madison","3","96","Tennessee","4/23/20","75","21","47113","28"
"Marion","0","28","Tennessee","4/23/20","27","1","47115","3.7"
"Marshall","2","22","Tennessee","4/23/20","9","13","47117","144.44"
"Maury","0","35","Tennessee","4/23/20","33","2","47119","6.06"
"McMinn","0","6","Tennessee","4/23/20","5","1","47107","20"
"McNairy","0","10","Tennessee","4/23/20","9","1","47109","11.11"
"Meigs","0","5","Tennessee","4/23/20","3","2","47121","66.67"
"Monroe","0","12","Tennessee","4/23/20","9","3","47123","33.33"
"Montgomery","4","130","Tennessee","4/23/20","102","28","47125","27.45"
"Moore","0","3","Tennessee","4/23/20","1","2","47127","200"
"Morgan","0","5","Tennessee","4/23/20","5","0","47129","0"
"Obion","1","12","Tennessee","4/23/20","8","4","47131","50"
"Out of TN","5","277","Tennessee","4/23/20","243","34","80047","13.99"
"Overton","0","7","Tennessee","4/23/20","7","0","47133","0"
"Perry","0","8","Tennessee","4/23/20","5","3","47135","60"
"Polk","0","7","Tennessee","4/23/20","5","2","47139","40"
"Putnam","1","101","Tennessee","4/23/20","93","8","47141","8.6"
"Rhea","1","4","Tennessee","4/23/20","0","4","47143","1"
"Roane","0","8","Tennessee","4/23/20","6","2","47145","33.33"
"Robertson","5","126","Tennessee","4/23/20","94","32","47147","34.04"
"Rutherford","12","352","Tennessee","4/23/20","269","83","47149","30.86"
"Scott","0","11","Tennessee","4/23/20","11","0","47151","0"
"Sequatchie","0","3","Tennessee","4/23/20","3","0","47153","0"
"Sevier","2","34","Tennessee","4/23/20","22","12","47155","54.55"
"Shelby","64","1953","Tennessee","4/23/20","1508","445","47157","29.51"
"Smith","1","18","Tennessee","4/23/20","10","8","47159","80"
"Stewart","0","7","Tennessee","4/23/20","4","3","47161","75"
"Sullivan","1","47","Tennessee","4/23/20","43","4","47163","9.3"
"Sumner","11","556","Tennessee","4/23/20","478","78","47165","16.32"
"Tipton","5","87","Tennessee","4/23/20","53","34","47167","64.15"
"Trousdale","1","27","Tennessee","4/23/20","19","8","47169","42.11"
"Unicoi","0","1","Tennessee","4/23/20","1","0","47171","0"
"Union","0","3","Tennessee","4/23/20","3","0","47173","0"
"Van Buren","0","1","Tennessee","4/23/20","1","0","47175","0"
"Warren","0","4","Tennessee","4/23/20","4","0","47177","0"
"Washington","0","46","Tennessee","4/23/20","45","1","47179","2.22"
"Wayne","0","2","Tennessee","4/23/20","2","0","47181","0"
"Weakley","0","9","Tennessee","4/23/20","6","3","47183","50"
"White","0","4","Tennessee","4/23/20","4","0","47185","0"
"Williamson","7","369","Tennessee","4/23/20","321","48","47187","14.95"
"Wilson","6","196","Tennessee","4/23/20","155","41","47189","26.45"
"Anderson","1","16","Texas","4/23/20","6","10","48001","166.67"
"Andrews","0","19","Texas","4/23/20","19","0","48003","0"
"Angelina","2","33","Texas","4/23/20","20","13","48005","65"
"Aransas","0","2","Texas","4/23/20","2","0","48007","0"
"Armstrong","0","1","Texas","4/23/20","1","0","48011","0"
"Atascosa","1","14","Texas","4/23/20","9","5","48013","55.56"
"Austin","0","12","Texas","4/23/20","12","0","48015","0"
"Bandera","0","4","Texas","4/23/20","3","1","48019","33.33"
"Bastrop","2","53","Texas","4/23/20","38","15","48021","39.47"
"Bee","0","6","Texas","4/23/20","3","3","48025","100"
"Bell","5","153","Texas","4/23/20","115","38","48027","33.04"
"Bexar","40","1167","Texas","4/23/20","890","277","48029","31.12"
"Blanco","0","6","Texas","4/23/20","4","2","48031","50"
"Bosque","0","3","Texas","4/23/20","1","2","48035","200"
"Bowie","3","66","Texas","4/23/20","45","21","48037","46.67"
"Brazoria","17","392","Texas","4/23/20","272","120","48039","44.12"
"Brazos","4","177","Texas","4/23/20","151","26","48041","17.22"
"Brooks","0","1","Texas","4/23/20","0","1","48047","1"
"Brown","1","17","Texas","4/23/20","12","5","48049","41.67"
"Burleson","0","11","Texas","4/23/20","8","3","48051","37.5"
"Burnet","1","14","Texas","4/23/20","7","7","48053","100"
"Caldwell","0","10","Texas","4/23/20","7","3","48055","42.86"
"Calhoun","1","23","Texas","4/23/20","19","4","48057","21.05"
"Callahan","0","1","Texas","4/23/20","1","0","48059","0"
"Cameron","11","333","Texas","4/23/20","254","79","48061","31.1"
"Camp","0","6","Texas","4/23/20","6","0","48063","0"
"Carson","0","1","Texas","4/23/20","0","1","48065","1"
"Cass","1","13","Texas","4/23/20","6","7","48067","116.67"
"Castro","0","13","Texas","4/23/20","11","2","48069","18.18"
"Chambers","1","41","Texas","4/23/20","33","8","48071","24.24"
"Cherokee","0","12","Texas","4/23/20","9","3","48073","33.33"
"Childress","0","1","Texas","4/23/20","0","1","48075","1"
"Clay","0","3","Texas","4/23/20","3","0","48077","0"
"Cochran","0","1","Texas","4/23/20","0","1","48079","1"
"Collin","15","609","Texas","4/23/20","505","104","48085","20.59"
"Colorado","0","10","Texas","4/23/20","7","3","48089","42.86"
"Comal","1","47","Texas","4/23/20","43","4","48091","9.3"
"Comanche","0","4","Texas","4/23/20","3","1","48093","33.33"
"Concho","0","1","Texas","4/23/20","1","0","48095","0"
"Cooke","0","4","Texas","4/23/20","2","2","48097","100"
"Coryell","2","86","Texas","4/23/20","70","16","48099","22.86"
"Crane","0","2","Texas","4/23/20","2","0","48103","0"
"Crosby","0","1","Texas","4/23/20","1","0","48107","0"
"Dallam","0","3","Texas","4/23/20","2","1","48111","50"
"Dallas","100","2763","Texas","4/23/20","2066","697","48113","33.74"
"Dawson","1","18","Texas","4/23/20","8","10","48115","125"
"Deaf Smith","1","17","Texas","4/23/20","11","6","48117","54.55"
"Delta","0","1","Texas","4/23/20","1","0","48119","0"
"Denton","16","661","Texas","4/23/20","547","114","48121","20.84"
"DeWitt","1","14","Texas","4/23/20","10","4","48123","40"
"Dickens","0","1","Texas","4/23/20","1","0","48125","0"
"Dimmit","0","1","Texas","4/23/20","1","0","48127","0"
"Donley","0","24","Texas","4/23/20","23","1","48129","4.35"
"Duval","0","1","Texas","4/23/20","1","0","48131","0"
"Eastland","0","3","Texas","4/23/20","3","0","48133","0"
"Ector","2","62","Texas","4/23/20","48","14","48135","29.17"
"El Paso","40","674","Texas","4/23/20","393","281","48141","71.5"
"Ellis","4","111","Texas","4/23/20","81","30","48139","37.04"
"Erath","0","13","Texas","4/23/20","13","0","48143","0"
"Falls","0","1","Texas","4/23/20","1","0","48145","0"
"Fannin","1","13","Texas","4/23/20","5","8","48147","160"
"Fayette","0","15","Texas","4/23/20","13","2","48149","15.38"
"Floyd","0","3","Texas","4/23/20","2","1","48153","50"
"Fort Bend","37","889","Texas","4/23/20","627","262","48157","41.79"
"Franklin","0","1","Texas","4/23/20","1","0","48159","0"
"Freestone","0","3","Texas","4/23/20","1","2","48161","200"
"Frio","0","1","Texas","4/23/20","1","0","48163","0"
"Gaines","0","2","Texas","4/23/20","2","0","48165","0"
"Galveston","15","507","Texas","4/23/20","401","106","48167","26.43"
"Gillespie","0","1","Texas","4/23/20","1","0","48171","0"
"Goliad","0","6","Texas","4/23/20","5","1","48175","20"
"Gonzales","0","4","Texas","4/23/20","2","2","48177","100"
"Gray","2","27","Texas","4/23/20","16","11","48179","68.75"
"Grayson","0","19","Texas","4/23/20","19","0","48181","0"
"Gregg","1","59","Texas","4/23/20","49","10","48183","20.41"
"Grimes","0","10","Texas","4/23/20","9","1","48185","11.11"
"Guadalupe","2","64","Texas","4/23/20","53","11","48187","20.75"
"Hale","1","16","Texas","4/23/20","11","5","48189","45.45"
"Hamilton","0","5","Texas","4/23/20","3","2","48193","66.67"
"Hansford","0","2","Texas","4/23/20","1","1","48195","100"
"Hardin","4","92","Texas","4/23/20","66","26","48199","39.39"
"Harris","146","5330","Texas","4/23/20","4306","1024","48201","23.78"
"Harrison","4","63","Texas","4/23/20","35","28","48203","80"
"Hartley","0","2","Texas","4/23/20","0","2","48205","1"
"Hays","5","147","Texas","4/23/20","109","38","48209","34.86"
"Hemphill","0","1","Texas","4/23/20","1","0","48211","0"
"Henderson","1","22","Texas","4/23/20","12","10","48213","83.33"
"Hidalgo","8","281","Texas","4/23/20","225","56","48215","24.89"
"Hill","1","14","Texas","4/23/20","9","5","48217","55.56"
"Hockley","0","18","Texas","4/23/20","15","3","48219","20"
"Hood","0","17","Texas","4/23/20","15","2","48221","13.33"
"Hopkins","0","4","Texas","4/23/20","4","0","48223","0"
"Houston","1","4","Texas","4/23/20","0","4","48225","1"
"Howard","0","2","Texas","4/23/20","1","1","48227","100"
"Hunt","2","38","Texas","4/23/20","25","13","48231","52"
"Hutchinson","0","9","Texas","4/23/20","6","3","48233","50"
"Jack","0","4","Texas","4/23/20","3","1","48237","33.33"
"Jackson","0","6","Texas","4/23/20","4","2","48239","50"
"Jasper","1","14","Texas","4/23/20","7","7","48241","100"
"Jefferson","14","240","Texas","4/23/20","143","97","48245","67.83"
"Jim Hogg","0","1","Texas","4/23/20","0","1","48247","1"
"Jim Wells","0","2","Texas","4/23/20","2","0","48249","0"
"Johnson","2","50","Texas","4/23/20","37","13","48251","35.14"
"Jones","0","4","Texas","4/23/20","3","1","48253","33.33"
"Karnes","0","3","Texas","4/23/20","3","0","48255","0"
"Kaufman","4","58","Texas","4/23/20","33","25","48257","75.76"
"Kendall","0","15","Texas","4/23/20","14","1","48259","7.14"
"Kerr","0","5","Texas","4/23/20","4","1","48265","25"
"Kleberg","1","7","Texas","4/23/20","3","4","48273","133.33"
"Knox","0","1","Texas","4/23/20","1","0","48275","0"
"La Salle","0","1","Texas","4/23/20","1","0","48283","0"
"Lamar","0","8","Texas","4/23/20","7","1","48277","14.29"
"Lamb","0","2","Texas","4/23/20","2","0","48279","0"
"Lampasas","0","2","Texas","4/23/20","2","0","48281","0"
"Lavaca","0","5","Texas","4/23/20","4","1","48285","25"
"Lee","0","2","Texas","4/23/20","2","0","48287","0"
"Leon","0","5","Texas","4/23/20","4","1","48289","25"
"Liberty","2","37","Texas","4/23/20","25","12","48291","48"
"Limestone","0","11","Texas","4/23/20","11","0","48293","0"
"Live Oak","0","5","Texas","4/23/20","3","2","48297","66.67"
"Llano","0","3","Texas","4/23/20","3","0","48299","0"
"Lubbock","16","481","Texas","4/23/20","367","114","48303","31.06"
"Lynn","0","5","Texas","4/23/20","5","0","48305","0"
"Madison","0","2","Texas","4/23/20","1","1","48313","100"
"Marion","0","6","Texas","4/23/20","3","3","48315","100"
"Martin","0","2","Texas","4/23/20","2","0","48317","0"
"Mason","0","1","Texas","4/23/20","1","0","48319","0"
"Matagorda","1","57","Texas","4/23/20","51","6","48321","11.76"
"Maverick","1","15","Texas","4/23/20","10","5","48323","50"
"McCulloch","0","3","Texas","4/23/20","3","0","48307","0"
"McLennan","1","81","Texas","4/23/20","74","7","48309","9.46"
"Medina","0","17","Texas","4/23/20","15","2","48325","13.33"
"Midland","4","67","Texas","4/23/20","37","30","48329","81.08"
"Milam","1","13","Texas","4/23/20","8","5","48331","62.5"
"Mitchell","0","1","Texas","4/23/20","1","0","48335","0"
"Montague","0","6","Texas","4/23/20","5","1","48337","20"
"Montgomery","19","467","Texas","4/23/20","331","136","48339","41.09"
"Moore","16","172","Texas","4/23/20","59","113","48341","191.53"
"Morris","0","5","Texas","4/23/20","3","2","48343","66.67"
"Motley","0","1","Texas","4/23/20","1","0","48345","0"
"Nacogdoches","6","111","Texas","4/23/20","69","42","48347","60.87"
"Navarro","1","25","Texas","4/23/20","18","7","48349","38.89"
"Newton","0","2","Texas","4/23/20","2","0","48351","0"
"Nueces","1","91","Texas","4/23/20","83","8","48355","9.64"
"Oldham","0","3","Texas","4/23/20","3","0","48359","0"
"Orange","2","63","Texas","4/23/20","47","16","48361","34.04"
"Palo Pinto","0","7","Texas","4/23/20","7","0","48363","0"
"Panola","6","75","Texas","4/23/20","32","43","48365","134.38"
"Parker","1","22","Texas","4/23/20","17","5","48367","29.41"
"Parmer","0","3","Texas","4/23/20","0","3","48369","1"
"Pecos","0","6","Texas","4/23/20","5","1","48371","20"
"Polk","1","18","Texas","4/23/20","14","4","48373","28.57"
"Potter","16","204","Texas","4/23/20","92","112","48375","121.74"
"Rains","0","2","Texas","4/23/20","2","0","48379","0"
"Randall","6","125","Texas","4/23/20","80","45","48381","56.25"
"Red River","0","1","Texas","4/23/20","1","0","48387","0"
"Reeves","0","2","Texas","4/23/20","2","0","48389","0"
"Roberts","0","2","Texas","4/23/20","1","1","48393","100"
"Robertson","0","2","Texas","4/23/20","2","0","48395","0"
"Rockwall","1","48","Texas","4/23/20","39","9","48397","23.08"
"Rusk","1","30","Texas","4/23/20","25","5","48401","20"
"Sabine","0","1","Texas","4/23/20","1","0","48403","0"
"San Augustine","1","15","Texas","4/23/20","11","4","48405","36.36"
"San Jacinto","0","10","Texas","4/23/20","10","0","48407","0"
"San Patricio","0","11","Texas","4/23/20","8","3","48409","37.5"
"Scurry","0","2","Texas","4/23/20","2","0","48415","0"
"Shelby","5","85","Texas","4/23/20","51","34","48419","66.67"
"Sherman","1","10","Texas","4/23/20","0","10","48421","1"
"Smith","3","131","Texas","4/23/20","108","23","48423","21.3"
"Starr","0","7","Texas","4/23/20","7","0","48427","0"
"Stephens","0","1","Texas","4/23/20","1","0","48429","0"
"Swisher","0","6","Texas","4/23/20","4","2","48437","50"
"Tarrant","67","1559","Texas","4/23/20","1093","466","48439","42.63"
"Taylor","16","191","Texas","4/23/20","79","112","48441","141.77"
"Terry","0","10","Texas","4/23/20","10","0","48445","0"
"Titus","1","12","Texas","4/23/20","8","4","48449","50"
"Tom Green","0","41","Texas","4/23/20","40","1","48451","2.5"
"Travis","48","1312","Texas","4/23/20","977","335","48453","34.29"
"Trinity","0","8","Texas","4/23/20","7","1","48455","14.29"
"Tyler","0","6","Texas","4/23/20","5","1","48457","20"
"Upshur","0","12","Texas","4/23/20","9","3","48459","33.33"
"Uvalde","0","6","Texas","4/23/20","6","0","48463","0"
"Val Verde","0","12","Texas","4/23/20","12","0","48465","0"
"Van Zandt","0","13","Texas","4/23/20","11","2","48467","18.18"
"Victoria","2","105","Texas","4/23/20","89","16","48469","17.98"
"Walker","11","136","Texas","4/23/20","58","78","48471","134.48"
"Waller","1","27","Texas","4/23/20","22","5","48473","22.73"
"Washington","5","78","Texas","4/23/20","46","32","48477","69.57"
"Webb","12","321","Texas","4/23/20","239","82","48479","34.31"
"Wharton","1","36","Texas","4/23/20","32","4","48481","12.5"
"Wheeler","0","1","Texas","4/23/20","0","1","48483","1"
"Wichita","1","62","Texas","4/23/20","57","5","48485","8.77"
"Wilbarger","0","1","Texas","4/23/20","1","0","48487","0"
"Willacy","0","10","Texas","4/23/20","7","3","48489","42.86"
"Williamson","6","167","Texas","4/23/20","128","39","48491","30.47"
"Wilson","2","25","Texas","4/23/20","13","12","48493","92.31"
"Winkler","0","3","Texas","4/23/20","2","1","48495","50"
"Wise","1","14","Texas","4/23/20","7","7","48497","100"
"Wood","0","7","Texas","4/23/20","6","1","48499","16.67"
"Yoakum","0","1","Texas","4/23/20","0","1","48501","1"
"Young","0","4","Texas","4/23/20","4","0","48503","0"
"Zapata","0","7","Texas","4/23/20","4","3","48505","75"
"Zavala","0","1","Texas","4/23/20","0","1","48507","1"
"Bear River","6","56","Utah","4/23/20","15","41","00000","273.33"
"Cache","-5","0","Utah","4/23/20","37","-37","49005","-100"
"Carbon","0","0","Utah","4/23/20","2","-2","49007","-100"
"Central Utah","3","21","Utah","4/23/20","0","21","00000","1"
"Davis","5","254","Utah","4/23/20","220","34","49011","15.45"
"Duchesne","0","0","Utah","4/23/20","3","-3","49013","-100"
"Emery","0","0","Utah","4/23/20","3","-3","49015","-100"
"Garfield","0","0","Utah","4/23/20","1","-1","49017","-100"
"Grand","0","0","Utah","4/23/20","1","-1","49019","-100"
"Iron","-2","0","Utah","4/23/20","15","-15","49021","-100"
"Kane","0","0","Utah","4/23/20","3","-3","49025","-100"
"Salt Lake","73","1889","Utah","4/23/20","1377","512","49035","37.18"
"San Juan","4","37","Utah","4/23/20","9","28","49037","311.11"
"Southeast Utah","1","7","Utah","4/23/20","0","7","00000","1"
"Southwest Utah","11","76","Utah","4/23/20","0","76","00000","1"
"Summit","5","343","Utah","4/23/20","308","35","49043","11.36"
"Tooele","1","46","Utah","4/23/20","38","8","49045","21.05"
"TriCounty","1","9","Utah","4/23/20","0","9","00000","1"
"Uintah","-1","0","Utah","4/23/20","6","-6","49047","-100"
"Utah","32","611","Utah","4/23/20","387","224","49049","57.88"
"Wasatch","3","127","Utah","4/23/20","103","24","49051","23.3"
"Washington","-7","0","Utah","4/23/20","47","-47","49053","-100"
"Weber-Morgan","4","136","Utah","4/23/20","108","28","00000","25.93"
"Addison","1","61","Vermont","4/23/20","56","5","50001","8.93"
"Bennington","1","37","Vermont","4/23/20","33","4","50003","12.12"
"Caledonia","0","12","Vermont","4/23/20","9","3","50005","33.33"
"Chittenden","3","395","Vermont","4/23/20","377","18","50007","4.77"
"Essex","0","2","Vermont","4/23/20","1","1","50009","100"
"Franklin","1","90","Vermont","4/23/20","86","4","50011","4.65"
"Grand Isle","0","3","Vermont","4/23/20","3","0","50013","0"
"Lamoille","0","25","Vermont","4/23/20","22","3","50015","13.64"
"Orange","0","6","Vermont","4/23/20","5","1","50017","20"
"Orleans","0","9","Vermont","4/23/20","8","1","50019","12.5"
"Rutland","0","44","Vermont","4/23/20","41","3","50021","7.32"
"Washington","1","33","Vermont","4/23/20","29","4","50023","13.79"
"Windham","1","67","Vermont","4/23/20","58","9","50025","15.52"
"Windsor","1","38","Vermont","4/23/20","31","7","50027","22.58"
"","0","54","Virgin Islands","4/23/20","51","3",,"5.88"
"Accomack","8","76","Virginia","4/23/20","19","57","51001","300"
"Albemarle","2","71","Virginia","4/23/20","54","17","51003","31.48"
"Alexandria","34","512","Virginia","4/23/20","275","237","51510","86.18"
"Alleghany","0","5","Virginia","4/23/20","4","1","51005","25"
"Amelia","0","15","Virginia","4/23/20","13","2","51007","15.38"
"Amherst","0","9","Virginia","4/23/20","10","-1","51009","-10"
"Appomattox","1","12","Virginia","4/23/20","7","5","51011","71.43"
"Arlington","33","686","Virginia","4/23/20","453","233","51013","51.43"
"Augusta","2","33","Virginia","4/23/20","19","14","51015","73.68"
"Bedford","1","21","Virginia","4/23/20","16","5","51019","31.25"
"Botetourt","0","26","Virginia","4/23/20","23","3","51023","13.04"
"Bristol","0","1","Virginia","4/23/20","1","0","51520","0"
"Brunswick","0","13","Virginia","4/23/20","10","3","51025","30"
"Buchanan","0","12","Virginia","4/23/20","12","0","51027","0"
"Buckingham","1","31","Virginia","4/23/20","23","8","51029","34.78"
"Buena Vista","0","5","Virginia","4/23/20","4","1","51530","25"
"Campbell","0","10","Virginia","4/23/20","9","1","51031","11.11"
"Caroline","1","21","Virginia","4/23/20","11","10","51033","90.91"
"Carroll","0","3","Virginia","4/23/20","3","0","51035","0"
"Charles City","0","12","Virginia","4/23/20","9","3","51036","33.33"
"Charlotte","0","8","Virginia","4/23/20","8","0","51037","0"
"Charlottesville","1","44","Virginia","4/23/20","38","6","51540","15.79"
"Chesapeake","6","186","Virginia","4/23/20","143","43","51550","30.07"
"Chesterfield","19","402","Virginia","4/23/20","267","135","51041","50.56"
"Clarke","0","7","Virginia","4/23/20","6","1","51043","16.67"
"Colonial Heights","3","41","Virginia","4/23/20","18","23","51570","127.78"
"Covington","0","1","Virginia","4/23/20","1","0","51580","0"
"Craig","0","2","Virginia","4/23/20","2","0","51045","0"
"Culpeper","8","84","Virginia","4/23/20","29","55","51047","189.66"
"Cumberland","0","10","Virginia","4/23/20","7","3","51049","42.86"
"Danville","1","31","Virginia","4/23/20","22","9","51590","40.91"
"Dinwiddie","1","12","Virginia","4/23/20","7","5","51053","71.43"
"Emporia","2","18","Virginia","4/23/20","7","11","51595","157.14"
"Essex","0","3","Virginia","4/23/20","2","1","51057","50"
"Fairfax","141","2362","Virginia","4/23/20","1375","987","51059","71.78"
"Fairfax City","4","26","Virginia","4/23/20","0","26","51600","1"
"Falls Church","4","25","Virginia","4/23/20","0","25","51610","1"
"Fauquier","5","64","Virginia","4/23/20","32","32","51061","100"
"Floyd","0","1","Virginia","4/23/20","1","0","51063","0"
"Fluvanna","1","72","Virginia","4/23/20","64","8","51065","12.5"
"Franklin","0","17","Virginia","4/23/20","15","2","51067","13.33"
"Franklin City","1","15","Virginia","4/23/20","9","6","51620","66.67"
"Frederick","2","87","Virginia","4/23/20","72","15","51069","20.83"
"Fredericksburg","1","20","Virginia","4/23/20","15","5","51630","33.33"
"Galax","0","1","Virginia","4/23/20","1","0","51640","0"
"Giles","0","4","Virginia","4/23/20","4","0","51071","0"
"Gloucester","0","21","Virginia","4/23/20","20","1","51073","5"
"Goochland","3","63","Virginia","4/23/20","41","22","51075","53.66"
"Greene","1","10","Virginia","4/23/20","5","5","51079","100"
"Greensville","2","30","Virginia","4/23/20","16","14","51081","87.5"
"Halifax","1","13","Virginia","4/23/20","7","6","51083","85.71"
"Hampton","3","99","Virginia","4/23/20","77","22","51650","28.57"
"Hanover","5","99","Virginia","4/23/20","61","38","51085","62.3"
"Harrisonburg","32","346","Virginia","4/23/20","119","227","51660","190.76"
"Henrico","32","718","Virginia","4/23/20","497","221","51087","44.47"
"Henry","0","10","Virginia","4/23/20","8","2","51089","25"
"Highland","0","1","Virginia","4/23/20","0","1","51091","1"
"Hopewell","1","19","Virginia","4/23/20","14","5","51670","35.71"
"Isle of Wight","4","91","Virginia","4/23/20","63","28","51093","44.44"
"James City","2","149","Virginia","4/23/20","135","14","51095","10.37"
"King and Queen","0","2","Virginia","4/23/20","2","0","51097","0"
"King George","0","21","Virginia","4/23/20","18","3","51099","16.67"
"King William","0","3","Virginia","4/23/20","2","1","51101","50"
"Lancaster","0","1","Virginia","4/23/20","1","0","51103","0"
"Lee","0","7","Virginia","4/23/20","6","1","51105","16.67"
"Lexington","0","3","Virginia","4/23/20","3","0","51678","0"
"Loudoun","17","498","Virginia","4/23/20","378","120","51107","31.75"
"Louisa","1","38","Virginia","4/23/20","30","8","51109","26.67"
"Lunenburg","0","3","Virginia","4/23/20","3","0","51111","0"
"Lynchburg","2","47","Virginia","4/23/20","34","13","51680","38.24"
"Madison","1","14","Virginia","4/23/20","8","6","51113","75"
"Manassas","9","127","Virginia","4/23/20","62","65","51683","104.84"
"Manassas Park","3","38","Virginia","4/23/20","16","22","51685","137.5"
"Mathews","0","3","Virginia","4/23/20","3","0","51115","0"
"Mecklenburg","1","71","Virginia","4/23/20","61","10","51117","16.39"
"Middlesex","0","3","Virginia","4/23/20","3","0","51119","0"
"Montgomery","2","50","Virginia","4/23/20","34","16","51121","47.06"
"Nelson","0","7","Virginia","4/23/20","5","2","51125","40"
"New Kent","1","20","Virginia","4/23/20","16","4","51127","25"
"Newport News","1","105","Virginia","4/23/20","97","8","51700","8.25"
"Norfolk","4","136","Virginia","4/23/20","105","31","51710","29.52"
"Northampton","1","12","Virginia","4/23/20","4","8","51131","200"
"Northumberland","0","6","Virginia","4/23/20","5","1","51133","20"
"Norton","0","2","Virginia","4/23/20","0","2","51720","1"
"Nottoway","0","8","Virginia","4/23/20","5","3","51135","60"
"Orange","1","22","Virginia","4/23/20","18","4","51137","22.22"
"Page","2","22","Virginia","4/23/20","7","15","51139","214.29"
"Patrick","0","1","Virginia","4/23/20","0","1","51141","1"
"Petersburg","1","27","Virginia","4/23/20","19","8","51730","42.11"
"Pittsylvania","1","11","Virginia","4/23/20","5","6","51143","120"
"Poquoson","0","6","Virginia","4/23/20","6","0","51735","0"
"Portsmouth","5","98","Virginia","4/23/20","62","36","51740","58.06"
"Powhatan","1","9","Virginia","4/23/20","5","4","51145","80"
"Prince Edward","2","29","Virginia","4/23/20","15","14","51147","93.33"
"Prince George","0","29","Virginia","4/23/20","26","3","51149","11.54"
"Prince William","64","1027","Virginia","4/23/20","582","445","51153","76.46"
"Pulaski","1","9","Virginia","4/23/20","5","4","51155","80"
"Radford","0","2","Virginia","4/23/20","1","1","51750","100"
"Rappahannock","0","1","Virginia","4/23/20","1","0","51157","0"
"Richmond","8","66","Virginia","4/23/20","7","59","51159","842.86"
"Richmond City","10","259","Virginia","4/23/20","188","71","51760","37.77"
"Roanoke","2","34","Virginia","4/23/20","19","15","51161","78.95"
"Roanoke City","1","28","Virginia","4/23/20","24","4","51770","16.67"
"Rockbridge","0","5","Virginia","4/23/20","3","2","51163","66.67"
"Rockingham","13","163","Virginia","4/23/20","69","94","51165","136.23"
"Russell","0","2","Virginia","4/23/20","2","0","51167","0"
"Salem","1","8","Virginia","4/23/20","4","4","51775","100"
"Scott","0","5","Virginia","4/23/20","3","2","51169","66.67"
"Shenandoah","4","58","Virginia","4/23/20","28","30","51171","107.14"
"Smyth","0","13","Virginia","4/23/20","11","2","51173","18.18"
"Southampton","9","71","Virginia","4/23/20","6","65","51175","1083.33"
"Spotsylvania","5","94","Virginia","4/23/20","62","32","51177","51.61"
"Stafford","9","180","Virginia","4/23/20","120","60","51179","50"
"Staunton","1","10","Virginia","4/23/20","3","7","51790","233.33"
"Suffolk","10","136","Virginia","4/23/20","65","71","51800","109.23"
"Surry","0","4","Virginia","4/23/20","3","1","51181","33.33"
"Sussex","2","25","Virginia","4/23/20","9","16","51183","177.78"
"Tazewell","0","4","Virginia","4/23/20","4","0","51185","0"
"Virginia Beach","10","328","Virginia","4/23/20","258","70","51810","27.13"
"Warren","1","30","Virginia","4/23/20","21","9","51187","42.86"
"Washington","0","30","Virginia","4/23/20","27","3","51191","11.11"
"Waynesboro","0","9","Virginia","4/23/20","6","3","51820","50"
"Westmoreland","1","14","Virginia","4/23/20","9","5","51193","55.56"
"Williamsburg","-1","14","Virginia","4/23/20","19","-5","51830","-26.32"
"Winchester","1","30","Virginia","4/23/20","21","9","51840","42.86"
"Wise","0","20","Virginia","4/23/20","18","2","51195","11.11"
"Wythe","1","11","Virginia","4/23/20","7","4","51197","57.14"
"York","1","43","Virginia","4/23/20","37","6","51199","16.22"
"Adams","1","45","Washington","4/23/20","40","5","53001","12.5"
"Asotin","1","16","Washington","4/23/20","10","6","53003","60"
"Benton","12","365","Washington","4/23/20","283","82","53005","28.98"
"Chelan","4","88","Washington","4/23/20","63","25","53007","39.68"
"Clallam","0","14","Washington","4/23/20","14","0","53009","0"
"Clark","4","291","Washington","4/23/20","265","26","53011","9.81"
"Columbia","0","1","Washington","4/23/20","1","0","53013","0"
"Cowlitz","1","35","Washington","4/23/20","26","9","53015","34.62"
"Douglas","4","63","Washington","4/23/20","34","29","53017","85.29"
"Ferry","0","1","Washington","4/23/20","1","0","53019","0"
"Franklin","12","233","Washington","4/23/20","152","81","53021","53.29"
"Grant","2","146","Washington","4/23/20","129","17","53025","13.18"
"Grays Harbor","0","12","Washington","4/23/20","12","0","53027","0"
"Island","-1","160","Washington","4/23/20","164","-4","53029","-2.44"
"Jefferson","0","28","Washington","4/23/20","28","0","53031","0"
"King","119","5532","Washington","4/23/20","4697","835","53033","17.78"
"Kitsap","2","144","Washington","4/23/20","132","12","53035","9.09"
"Kittitas","0","14","Washington","4/23/20","14","0","53037","0"
"Klickitat","0","16","Washington","4/23/20","16","0","53039","0"
"Lewis","0","22","Washington","4/23/20","19","3","53041","15.79"
"Lincoln","0","2","Washington","4/23/20","2","0","53043","0"
"Mason","0","22","Washington","4/23/20","20","2","53045","10"
"Okanogan","0","16","Washington","4/23/20","15","1","53047","6.67"
"Pacific","0","4","Washington","4/23/20","1","3","53049","300"
"Pend Oreille","0","2","Washington","4/23/20","1","1","53051","100"
"Pierce","24","1192","Washington","4/23/20","1022","170","53053","16.63"
"San Juan","0","14","Washington","4/23/20","13","1","53055","7.69"
"Skagit","10","280","Washington","4/23/20","209","71","53057","33.97"
"Skamania","0","3","Washington","4/23/20","3","0","53059","0"
"Snohomish","26","2216","Washington","4/23/20","2032","184","53061","9.06"
"Spokane","5","320","Washington","4/23/20","286","34","53063","11.89"
"Stevens","0","9","Washington","4/23/20","7","2","53065","28.57"
"Thurston","1","96","Washington","4/23/20","86","10","53067","11.63"
"Wahkiakum","0","2","Washington","4/23/20","2","0","53069","0"
"Walla Walla","2","41","Washington","4/23/20","26","15","53071","57.69"
"Whatcom","1","282","Washington","4/23/20","273","9","53073","3.3"
"Whitman","0","13","Washington","4/23/20","13","0","53075","0"
"Yakima","29","879","Washington","4/23/20","674","205","53077","30.42"
"Barbour","0","4","West Virginia","4/23/20","4","0","54001","0"
"Berkeley","4","127","West Virginia","4/23/20","102","25","54003","24.51"
"Boone","0","2","West Virginia","4/23/20","2","0","54005","0"
"Braxton","0","1","West Virginia","4/23/20","1","0","54007","0"
"Brooke","0","3","West Virginia","4/23/20","3","0","54009","0"
"Cabell","1","38","West Virginia","4/23/20","28","10","54011","35.71"
"Fayette","1","8","West Virginia","4/23/20","2","6","54019","300"
"Grant","0","1","West Virginia","4/23/20","1","0","54023","0"
"Greenbrier","0","3","West Virginia","4/23/20","3","0","54025","0"
"Hampshire","0","7","West Virginia","4/23/20","7","0","54027","0"
"Hancock","0","7","West Virginia","4/23/20","7","0","54029","0"
"Hardy","0","3","West Virginia","4/23/20","3","0","54031","0"
"Harrison","0","30","West Virginia","4/23/20","29","1","54033","3.45"
"Jackson","11","112","West Virginia","4/23/20","34","78","54035","229.41"
"Jefferson","1","67","West Virginia","4/23/20","57","10","54037","17.54"
"Kanawha","7","142","West Virginia","4/23/20","91","51","54039","56.04"
"Lewis","0","3","West Virginia","4/23/20","2","1","54041","50"
"Lincoln","0","1","West Virginia","4/23/20","1","0","54043","0"
"Logan","0","11","West Virginia","4/23/20","8","3","54045","37.5"
"Marion","0","44","West Virginia","4/23/20","41","3","54049","7.32"
"Marshall","0","8","West Virginia","4/23/20","7","1","54051","14.29"
"Mason","0","11","West Virginia","4/23/20","10","1","54053","10"
"McDowell","0","6","West Virginia","4/23/20","6","0","54047","0"
"Mercer","0","9","West Virginia","4/23/20","8","1","54055","12.5"
"Mineral","1","11","West Virginia","4/23/20","6","5","54057","83.33"
"Mingo","0","2","West Virginia","4/23/20","1","1","54059","100"
"Monongalia","1","89","West Virginia","4/23/20","83","6","54061","7.23"
"Monroe","1","5","West Virginia","4/23/20","1","4","54063","400"
"Morgan","0","7","West Virginia","4/23/20","7","0","54065","0"
"Nicholas","0","5","West Virginia","4/23/20","3","2","54067","66.67"
"Ohio","0","24","West Virginia","4/23/20","22","2","54069","9.09"
"Pendleton","0","1","West Virginia","4/23/20","1","0","54071","0"
"Pleasants","0","2","West Virginia","4/23/20","1","1","54073","100"
"Preston","1","12","West Virginia","4/23/20","6","6","54077","100"
"Putnam","1","19","West Virginia","4/23/20","13","6","54079","46.15"
"Raleigh","0","8","West Virginia","4/23/20","6","2","54081","33.33"
"Randolph","0","4","West Virginia","4/23/20","4","0","54083","0"
"Roane","0","4","West Virginia","4/23/20","2","2","54087","100"
"Summers","0","1","West Virginia","4/23/20","1","0","54089","0"
"Taylor","0","5","West Virginia","4/23/20","4","1","54091","25"
"Tucker","0","4","West Virginia","4/23/20","4","0","54093","0"
"Tyler","0","3","West Virginia","4/23/20","3","0","54095","0"
"Upshur","0","4","West Virginia","4/23/20","3","1","54097","33.33"
"Wayne","2","81","West Virginia","4/23/20","69","12","54099","17.39"
"Wetzel","0","3","West Virginia","4/23/20","3","0","54103","0"
"Wirt","0","3","West Virginia","4/23/20","2","1","54105","50"
"Wood","1","35","West Virginia","4/23/20","25","10","54107","40"
"Wyoming","0","1","West Virginia","4/23/20","1","0","54109","0"
"Adams","0","4","Wisconsin","4/23/20","3","1","55001","33.33"
"Ashland","0","2","Wisconsin","4/23/20","2","0","55003","0"
"Barron","0","6","Wisconsin","4/23/20","6","0","55005","0"
"Bayfield","0","3","Wisconsin","4/23/20","3","0","55007","0"
"Brown","45","455","Wisconsin","4/23/20","139","316","55009","227.34"
"Buffalo","0","4","Wisconsin","4/23/20","4","0","55011","0"
"Calumet","0","6","Wisconsin","4/23/20","5","1","55015","20"
"Chippewa","0","20","Wisconsin","4/23/20","20","0","55017","0"
"Clark","1","18","Wisconsin","4/23/20","10","8","55019","80"
"Columbia","0","27","Wisconsin","4/23/20","27","0","55021","0"
"Crawford","0","3","Wisconsin","4/23/20","3","0","55023","0"
"Dane","5","387","Wisconsin","4/23/20","352","35","55025","9.94"
"Dodge","0","20","Wisconsin","4/23/20","19","1","55027","5.26"
"Door","0","9","Wisconsin","4/23/20","9","0","55029","0"
"Douglas","0","9","Wisconsin","4/23/20","7","2","55031","28.57"
"Dunn","0","9","Wisconsin","4/23/20","9","0","55033","0"
"Eau Claire","0","23","Wisconsin","4/23/20","22","1","55035","4.55"
"Florence","0","2","Wisconsin","4/23/20","2","0","55037","0"
"Fond du Lac","1","66","Wisconsin","4/23/20","59","7","55039","11.86"
"Grant","2","26","Wisconsin","4/23/20","10","16","55043","160"
"Green","0","10","Wisconsin","4/23/20","9","1","55045","11.11"
"Green Lake","0","1","Wisconsin","4/23/20","1","0","55047","0"
"Iowa","0","7","Wisconsin","4/23/20","5","2","55049","40"
"Iron","0","2","Wisconsin","4/23/20","2","0","55051","0"
"Jackson","0","12","Wisconsin","4/23/20","11","1","55053","9.09"
"Jefferson","2","37","Wisconsin","4/23/20","24","13","55055","54.17"
"Juneau","1","11","Wisconsin","4/23/20","7","4","55057","57.14"
"Kenosha","12","294","Wisconsin","4/23/20","208","86","55059","41.35"
"Kewaunee","1","10","Wisconsin","4/23/20","6","4","55061","66.67"
"La Crosse","0","25","Wisconsin","4/23/20","25","0","55063","0"
"Lafayette","0","4","Wisconsin","4/23/20","3","1","55065","33.33"
"Manitowoc","0","7","Wisconsin","4/23/20","5","2","55071","40"
"Marathon","0","17","Wisconsin","4/23/20","14","3","55073","21.43"
"Marinette","1","8","Wisconsin","4/23/20","4","4","55075","100"
"Marquette","0","3","Wisconsin","4/23/20","3","0","55077","0"
"Menominee","0","1","Wisconsin","4/23/20","1","0","55078","0"
"Milwaukee","62","2382","Wisconsin","4/23/20","1947","435","55079","22.34"
"Monroe","0","14","Wisconsin","4/23/20","12","2","55081","16.67"
"Oconto","0","5","Wisconsin","4/23/20","4","1","55083","25"
"Oneida","0","6","Wisconsin","4/23/20","6","0","55085","0"
"Outagamie","1","38","Wisconsin","4/23/20","31","7","55087","22.58"
"Ozaukee","0","80","Wisconsin","4/23/20","77","3","55089","3.9"
"Pierce","0","8","Wisconsin","4/23/20","7","1","55093","14.29"
"Polk","0","4","Wisconsin","4/23/20","3","1","55095","33.33"
"Portage","0","4","Wisconsin","4/23/20","4","0","55097","0"
"Price","0","1","Wisconsin","4/23/20","1","0","55099","0"
"Racine","10","215","Wisconsin","4/23/20","143","72","55101","50.35"
"Richland","0","10","Wisconsin","4/23/20","7","3","55103","42.86"
"Rock","5","99","Wisconsin","4/23/20","63","36","55105","57.14"
"Rusk","0","4","Wisconsin","4/23/20","3","1","55107","33.33"
"Sauk","1","37","Wisconsin","4/23/20","31","6","55111","19.35"
"Sawyer","0","2","Wisconsin","4/23/20","2","0","55113","0"
"Shawano","0","6","Wisconsin","4/23/20","6","0","55115","0"
"Sheboygan","1","44","Wisconsin","4/23/20","37","7","55117","18.92"
"St. Croix","0","13","Wisconsin","4/23/20","11","2","55109","18.18"
"Trempealeau","0","1","Wisconsin","4/23/20","1","0","55121","0"
"Vilas","0","4","Wisconsin","4/23/20","4","0","55125","0"
"Walworth","4","100","Wisconsin","4/23/20","71","29","55127","40.85"
"Washburn","0","1","Wisconsin","4/23/20","1","0","55129","0"
"Washington","2","90","Wisconsin","4/23/20","79","11","55131","13.92"
"Waukesha","5","280","Wisconsin","4/23/20","245","35","55133","14.29"
"Waupaca","0","6","Wisconsin","4/23/20","4","2","55135","50"
"Waushara","0","2","Wisconsin","4/23/20","2","0","55137","0"
"Winnebago","2","46","Wisconsin","4/23/20","32","14","55139","43.75"
"Wood","0","2","Wisconsin","4/23/20","2","0","55141","0"
"Albany","0","6","Wyoming","4/23/20","5","1","56001","20"
"Big Horn","0","2","Wyoming","4/23/20","1","1","56003","100"
"Campbell","1","18","Wyoming","4/23/20","13","5","56005","38.46"
"Carbon","0","4","Wyoming","4/23/20","4","0","56007","0"
"Converse","1","16","Wyoming","4/23/20","8","8","56009","100"
"Crook","0","5","Wyoming","4/23/20","4","1","56011","25"
"Fremont","2","59","Wyoming","4/23/20","43","16","56013","37.21"
"Goshen","0","4","Wyoming","4/23/20","3","1","56015","33.33"
"Hot Springs","0","3","Wyoming","4/23/20","1","2","56017","200"
"Johnson","1","15","Wyoming","4/23/20","11","4","56019","36.36"
"Laramie","7","117","Wyoming","4/23/20","67","50","56021","74.63"
"Lincoln","1","9","Wyoming","4/23/20","5","4","56023","80"
"Natrona","2","49","Wyoming","4/23/20","37","12","56025","32.43"
"Niobrara","0","2","Wyoming","4/23/20","1","1","56027","100"
"Park","0","1","Wyoming","4/23/20","1","0","56029","0"
"Sheridan","1","16","Wyoming","4/23/20","12","4","56033","33.33"
"Sublette","0","3","Wyoming","4/23/20","1","2","56035","200"
"Sweetwater","1","16","Wyoming","4/23/20","10","6","56037","60"
"Teton","5","93","Wyoming","4/23/20","59","34","56039","57.63"
"Uinta","0","7","Wyoming","4/23/20","4","3","56041","75"
"Washakie","0","8","Wyoming","4/23/20","6","2","56043","33.33"
