"Locality","DailyAvgNewCasesPast7Days","TotalCases","State","Date","TotalCases7DaysAgo","NewCasesPast7Days","FIPS-Code","PercentIncreaseTotalCasesPast7Days"
"Autauga","1","32","Alabama","4/22/20","24","8","01001","33.33"
"Baldwin","6","132","Alabama","4/22/20","91","41","01003","45.05"
"Barbour","2","29","Alabama","4/22/20","12","17","01005","141.67"
"Bibb","2","34","Alabama","4/22/20","18","16","01007","88.89"
"Blount","2","29","Alabama","4/22/20","17","12","01009","70.59"
"Bullock","0","11","Alabama","4/22/20","8","3","01011","37.5"
"Butler","1","17","Alabama","4/22/20","9","8","01013","88.89"
"Calhoun","3","85","Alabama","4/22/20","62","23","01015","37.1"
"Chambers","7","270","Alabama","4/22/20","221","49","01017","22.17"
"Cherokee","1","13","Alabama","4/22/20","9","4","01019","44.44"
"Chilton","2","46","Alabama","4/22/20","35","11","01021","31.43"
"Choctaw","1","21","Alabama","4/22/20","12","9","01023","75"
"Clarke","1","25","Alabama","4/22/20","21","4","01025","19.05"
"Clay","1","19","Alabama","4/22/20","14","5","01027","35.71"
"Cleburne","0","12","Alabama","4/22/20","12","0","01029","0"
"Coffee","5","73","Alabama","4/22/20","40","33","01031","82.5"
"Colbert","1","20","Alabama","4/22/20","11","9","01033","81.82"
"Conecuh","1","9","Alabama","4/22/20","5","4","01035","80"
"Coosa","1","24","Alabama","4/22/20","19","5","01037","26.32"
"Covington","1","27","Alabama","4/22/20","17","10","01039","58.82"
"Crenshaw","0","6","Alabama","4/22/20","3","3","01041","100"
"Cullman","1","44","Alabama","4/22/20","40","4","01043","10"
"Dale","1","22","Alabama","4/22/20","12","10","01045","83.33"
"Dallas","2","30","Alabama","4/22/20","18","12","01047","66.67"
"DeKalb","4","58","Alabama","4/22/20","29","29","01049","100"
"Elmore","4","74","Alabama","4/22/20","47","27","01051","57.45"
"Escambia","1","18","Alabama","4/22/20","9","9","01053","100"
"Etowah","5","116","Alabama","4/22/20","78","38","01055","48.72"
"Fayette","0","4","Alabama","4/22/20","4","0","01057","0"
"Franklin","1","22","Alabama","4/22/20","14","8","01059","57.14"
"Geneva","0","5","Alabama","4/22/20","2","3","01061","150"
"Greene","3","40","Alabama","4/22/20","18","22","01063","122.22"
"Hale","3","36","Alabama","4/22/20","18","18","01065","100"
"Henry","1","20","Alabama","4/22/20","14","6","01067","42.86"
"Houston","3","75","Alabama","4/22/20","54","21","01069","38.89"
"Jackson","2","42","Alabama","4/22/20","31","11","01071","35.48"
"Jefferson","14","726","Alabama","4/22/20","625","101","01073","16.16"
"Lamar","0","8","Alabama","4/22/20","7","1","01075","14.29"
"Lauderdale","0","25","Alabama","4/22/20","22","3","01077","13.64"
"Lawrence","1","12","Alabama","4/22/20","8","4","01079","50"
"Lee","9","331","Alabama","4/22/20","269","62","01081","23.05"
"Limestone","0","39","Alabama","4/22/20","37","2","01083","5.41"
"Lowndes","2","32","Alabama","4/22/20","20","12","01085","60"
"Macon","1","28","Alabama","4/22/20","19","9","01087","47.37"
"Madison","2","205","Alabama","4/22/20","191","14","01089","7.33"
"Marengo","2","40","Alabama","4/22/20","23","17","01091","73.91"
"Marion","1","65","Alabama","4/22/20","58","7","01093","12.07"
"Marshall","19","241","Alabama","4/22/20","106","135","01095","127.36"
"Mobile","30","756","Alabama","4/22/20","548","208","01097","37.96"
"Monroe","0","9","Alabama","4/22/20","7","2","01099","28.57"
"Montgomery","11","253","Alabama","4/22/20","174","79","01101","45.4"
"Morgan","1","52","Alabama","4/22/20","42","10","01103","23.81"
"Perry","0","9","Alabama","4/22/20","7","2","01105","28.57"
"Pickens","3","44","Alabama","4/22/20","26","18","01107","69.23"
"Pike","4","53","Alabama","4/22/20","24","29","01109","120.83"
"Randolph","2","60","Alabama","4/22/20","45","15","01111","33.33"
"Russell","3","52","Alabama","4/22/20","30","22","01113","73.33"
"Shelby","6","278","Alabama","4/22/20","237","41","01117","17.3"
"St. Clair","2","62","Alabama","4/22/20","47","15","01115","31.91"
"Sumter","3","46","Alabama","4/22/20","28","18","01119","64.29"
"Talladega","2","52","Alabama","4/22/20","38","14","01121","36.84"
"Tallapoosa","16","242","Alabama","4/22/20","127","115","01123","90.55"
"Tuscaloosa","5","165","Alabama","4/22/20","128","37","01125","28.91"
"Walker","1","90","Alabama","4/22/20","84","6","01127","7.14"
"Washington","1","18","Alabama","4/22/20","12","6","01129","50"
"Wilcox","2","50","Alabama","4/22/20","34","16","01131","47.06"
"Winston","1","10","Alabama","4/22/20","4","6","01133","150"
"Anchorage","4","164","Alaska","4/22/20","139","25","02020","17.99"
"Bethel","0","1","Alaska","4/22/20","1","0","02050","0"
"Fairbanks North Star","0","79","Alaska","4/22/20","79","0","02090","0"
"Juneau","1","27","Alaska","4/22/20","21","6","02110","28.57"
"Kenai Peninsula","0","19","Alaska","4/22/20","16","3","02122","18.75"
"Ketchikan Gateway","0","16","Alaska","4/22/20","15","1","02130","6.67"
"Kodiak Island","0","1","Alaska","4/22/20","0","1","02150","1"
"Matanuska-Susitna","1","20","Alaska","4/22/20","15","5","02170","33.33"
"Nome","0","1","Alaska","4/22/20","1","0","02180","0"
"Petersburg","0","3","Alaska","4/22/20","2","1","02195","50"
"Prince of Wales-Hyder","0","2","Alaska","4/22/20","2","0","02198","0"
"Southeast Fairbanks","0","1","Alaska","4/22/20","1","0","02240","0"
"Yukon-Koyukuk","0","1","Alaska","4/22/20","1","0","02290","0"
"Apache","18","235","Arizona","4/22/20","110","125","04001","113.64"
"Cochise","2","31","Arizona","4/22/20","15","16","04003","106.67"
"Coconino","12","353","Arizona","4/22/20","266","87","04005","32.71"
"Gila","1","10","Arizona","4/22/20","3","7","04007","233.33"
"Graham","0","2","Arizona","4/22/20","2","0","04009","0"
"Greenlee","0","2","Arizona","4/22/20","2","0","04011","0"
"La Paz","0","6","Arizona","4/22/20","5","1","04012","20"
"Maricopa","100","2846","Arizona","4/22/20","2146","700","04013","32.62"
"Mohave","2","62","Arizona","4/22/20","45","17","04015","37.78"
"Navajo","20","527","Arizona","4/22/20","390","137","04017","35.13"
"Pima","39","973","Arizona","4/22/20","700","273","04019","39"
"Pinal","14","283","Arizona","4/22/20","182","101","04021","55.49"
"Santa Cruz","2","28","Arizona","4/22/20","12","16","04023","133.33"
"Yavapai","1","73","Arizona","4/22/20","66","7","04025","10.61"
"Yuma","3","42","Arizona","4/22/20","20","22","04027","110"
"Arkansas","0","2","Arkansas","4/22/20","2","0","05001","0"
"Ashley","0","13","Arkansas","4/22/20","11","2","05003","18.18"
"Baxter","0","5","Arkansas","4/22/20","4","1","05005","25"
"Benton","1","68","Arkansas","4/22/20","62","6","05007","9.68"
"Boone","0","4","Arkansas","4/22/20","3","1","05009","33.33"
"Bradley","0","7","Arkansas","4/22/20","7","0","05011","0"
"Carroll","0","2","Arkansas","4/22/20","2","0","05015","0"
"Chicot","0","7","Arkansas","4/22/20","7","0","05017","0"
"Clark","0","27","Arkansas","4/22/20","27","0","05019","0"
"Clay","0","1","Arkansas","4/22/20","1","0","05021","0"
"Cleburne","0","71","Arkansas","4/22/20","70","1","05023","1.43"
"Cleveland","0","8","Arkansas","4/22/20","8","0","05025","0"
"Columbia","0","5","Arkansas","4/22/20","4","1","05027","25"
"Conway","0","5","Arkansas","4/22/20","5","0","05029","0"
"Craighead","1","48","Arkansas","4/22/20","38","10","05031","26.32"
"Crawford","0","4","Arkansas","4/22/20","4","0","05033","0"
"Crittenden","4","147","Arkansas","4/22/20","121","26","05035","21.49"
"Cross","0","9","Arkansas","4/22/20","7","2","05037","28.57"
"Dallas","0","1","Arkansas","4/22/20","1","0","05039","0"
"Desha","0","9","Arkansas","4/22/20","6","3","05041","50"
"Drew","0","7","Arkansas","4/22/20","6","1","05043","16.67"
"Faulkner","1","64","Arkansas","4/22/20","58","6","05045","10.34"
"Franklin","0","1","Arkansas","4/22/20","1","0","05047","0"
"Garland","1","109","Arkansas","4/22/20","103","6","05051","5.83"
"Grant","0","11","Arkansas","4/22/20","11","0","05053","0"
"Greene","1","10","Arkansas","4/22/20","6","4","05055","66.67"
"Hempstead","0","5","Arkansas","4/22/20","4","1","05057","25"
"Hot Spring","0","8","Arkansas","4/22/20","8","0","05059","0"
"Howard","1","14","Arkansas","4/22/20","10","4","05061","40"
"Independence","0","8","Arkansas","4/22/20","6","2","05063","33.33"
"Izard","0","2","Arkansas","4/22/20","2","0","05065","0"
"Jackson","0","1","Arkansas","4/22/20","1","0","05067","0"
"Jefferson","4","135","Arkansas","4/22/20","106","29","05069","27.36"
"Johnson","1","22","Arkansas","4/22/20","16","6","05071","37.5"
"Lafayette","0","4","Arkansas","4/22/20","4","0","05073","0"
"Lawrence","3","29","Arkansas","4/22/20","11","18","05075","163.64"
"Lee","0","3","Arkansas","4/22/20","3","0","05077","0"
"Lincoln","55","445","Arkansas","4/22/20","59","386","05079","654.24"
"Logan","0","3","Arkansas","4/22/20","2","1","05083","50"
"Lonoke","0","27","Arkansas","4/22/20","30","-3","05085","-10"
"Madison","0","1","Arkansas","4/22/20","1","0","05087","0"
"Marion","0","1","Arkansas","4/22/20","1","0","05089","0"
"Miller","0","30","Arkansas","4/22/20","28","2","05091","7.14"
"Mississippi","0","9","Arkansas","4/22/20","7","2","05093","28.57"
"Monroe","0","4","Arkansas","4/22/20","2","2","05095","100"
"Nevada","0","1","Arkansas","4/22/20","1","0","05099","0"
"Newton","0","2","Arkansas","4/22/20","1","1","05101","100"
"Ouachita","0","5","Arkansas","4/22/20","5","0","05103","0"
"Perry","0","3","Arkansas","4/22/20","2","1","05105","50"
"Phillips","0","4","Arkansas","4/22/20","4","0","05107","0"
"Pike","0","3","Arkansas","4/22/20","2","1","05109","50"
"Poinsett","1","11","Arkansas","4/22/20","7","4","05111","57.14"
"Polk","0","7","Arkansas","4/22/20","6","1","05113","16.67"
"Pope","1","35","Arkansas","4/22/20","31","4","05115","12.9"
"Prairie","0","2","Arkansas","4/22/20","2","0","05117","0"
"Pulaski","9","404","Arkansas","4/22/20","343","61","05119","17.78"
"Randolph","1","14","Arkansas","4/22/20","9","5","05121","55.56"
"Saline","2","47","Arkansas","4/22/20","34","13","05125","38.24"
"Scott","0","1","Arkansas","4/22/20","1","0","05127","0"
"Searcy","0","6","Arkansas","4/22/20","6","0","05129","0"
"Sebastian","0","11","Arkansas","4/22/20","11","0","05131","0"
"Sevier","0","10","Arkansas","4/22/20","8","2","05133","25"
"Sharp","0","2","Arkansas","4/22/20","2","0","05135","0"
"St. Francis","3","66","Arkansas","4/22/20","45","21","05123","46.67"
"Stone","0","7","Arkansas","4/22/20","7","0","05137","0"
"Union","1","26","Arkansas","4/22/20","18","8","05139","44.44"
"Van Buren","0","26","Arkansas","4/22/20","26","0","05141","0"
"Washington","2","60","Arkansas","4/22/20","44","16","05143","36.36"
"White","0","29","Arkansas","4/22/20","28","1","05145","3.57"
"Woodruff","0","1","Arkansas","4/22/20","1","0","05147","0"
"Yell","0","2","Arkansas","4/22/20","1","1","05149","100"
"Alameda","40","1242","California","4/22/20","964","278","06001","28.84"
"Alpine","0","2","California","4/22/20","2","0","06003","0"
"Amador","0","8","California","4/22/20","7","1","06005","14.29"
"Butte","0","16","California","4/22/20","16","0","06007","0"
"Calaveras","0","12","California","4/22/20","9","3","06009","33.33"
"Colusa","0","3","California","4/22/20","3","0","06011","0"
"Contra Costa","21","763","California","4/22/20","615","148","06013","24.07"
"Del Norte","0","2","California","4/22/20","2","0","06015","0"
"El Dorado","1","39","California","4/22/20","35","4","06017","11.43"
"Fresno","17","371","California","4/22/20","251","120","06019","47.81"
"Glenn","0","4","California","4/22/20","4","0","06021","0"
"Humboldt","0","52","California","4/22/20","51","1","06023","1.96"
"Imperial","11","195","California","4/22/20","117","78","06025","66.67"
"Inyo","0","19","California","4/22/20","17","2","06027","11.76"
"Kern","21","683","California","4/22/20","533","150","06029","28.14"
"Kings","3","32","California","4/22/20","13","19","06031","146.15"
"Lake","0","6","California","4/22/20","5","1","06033","20"
"Los Angeles","847","16447","California","4/22/20","10517","5930","06037","56.38"
"Madera","0","36","California","4/22/20","33","3","06039","9.09"
"Marin","4","200","California","4/22/20","171","29","06041","16.96"
"Mendocino","0","5","California","4/22/20","4","1","06045","25"
"Merced","2","93","California","4/22/20","76","17","06047","22.37"
"Mono","0","24","California","4/22/20","23","1","06051","4.35"
"Monterey","7","150","California","4/22/20","100","50","06053","50"
"Napa","2","54","California","4/22/20","38","16","06055","42.11"
"Nevada","1","38","California","4/22/20","34","4","06057","11.76"
"Orange","54","1753","California","4/22/20","1376","377","06059","27.4"
"Placer","1","133","California","4/22/20","129","4","06061","3.1"
"Plumas","0","4","California","4/22/20","4","0","06063","0"
"Riverside","143","2960","California","4/22/20","1961","999","06065","50.94"
"Sacramento","17","971","California","4/22/20","853","118","06067","13.83"
"San Benito","1","45","California","4/22/20","39","6","06069","15.38"
"San Bernardino","73","1489","California","4/22/20","977","512","06071","52.41"
"San Diego","80","2491","California","4/22/20","1930","561","06073","29.07"
"San Francisco","31","1233","California","4/22/20","1013","220","06075","21.72"
"San Joaquin","17","460","California","4/22/20","341","119","06077","34.9"
"San Luis Obispo","2","134","California","4/22/20","120","14","06079","11.67"
"San Mateo","30","958","California","4/22/20","747","211","06081","28.25"
"Santa Barbara","17","429","California","4/22/20","313","116","06083","37.06"
"Santa Clara","24","1962","California","4/22/20","1793","169","06085","9.43"
"Santa Cruz","2","111","California","4/22/20","96","15","06087","15.62"
"Shasta","0","26","California","4/22/20","25","1","06089","4"
"Siskiyou","0","5","California","4/22/20","5","0","06093","0"
"Solano","6","181","California","4/22/20","140","41","06095","29.29"
"Sonoma","5","192","California","4/22/20","160","32","06097","20"
"Stanislaus","10","236","California","4/22/20","163","73","06099","44.79"
"Sutter","0","26","California","4/22/20","24","2","06101","8.33"
"Tehama","0","1","California","4/22/20","1","0","06103","0"
"Tulare","13","441","California","4/22/20","352","89","06107","25.28"
"Tuolumne","0","2","California","4/22/20","2","0","06109","0"
"Ventura","11","443","California","4/22/20","365","78","06111","21.37"
"Yolo","6","146","California","4/22/20","102","44","06113","43.14"
"Yuba","0","16","California","4/22/20","15","1","06115","6.67"
"Adams","39","1033","Colorado","4/22/20","758","275","08001","36.28"
"Alamosa","0","9","Colorado","4/22/20","7","2","08003","28.57"
"Arapahoe","68","1717","Colorado","4/22/20","1243","474","08005","38.13"
"Archuleta","0","9","Colorado","4/22/20","6","3","08007","50"
"Baca","0","10","Colorado","4/22/20","10","0","08009","0"
"Boulder","17","417","Colorado","4/22/20","300","117","08013","39"
"Broomfield","3","110","Colorado","4/22/20","92","18","08014","19.57"
"Chaffee","3","55","Colorado","4/22/20","31","24","08015","77.42"
"Clear Creek","0","11","Colorado","4/22/20","11","0","08019","0"
"Costilla","0","3","Colorado","4/22/20","3","0","08023","0"
"Crowley","0","2","Colorado","4/22/20","2","0","08025","0"
"Custer","0","2","Colorado","4/22/20","2","0","08027","0"
"Delta","2","25","Colorado","4/22/20","12","13","08029","108.33"
"Denver","86","2071","Colorado","4/22/20","1468","603","08031","41.08"
"Douglas","11","392","Colorado","4/22/20","312","80","08035","25.64"
"Eagle","1","488","Colorado","4/22/20","480","8","08037","1.67"
"El Paso","15","774","Colorado","4/22/20","668","106","08041","15.87"
"Elbert","1","24","Colorado","4/22/20","16","8","08039","50"
"Fremont","1","19","Colorado","4/22/20","9","10","08043","111.11"
"Garfield","1","71","Colorado","4/22/20","62","9","08045","14.52"
"Gilpin","0","1","Colorado","4/22/20","1","0","08047","0"
"Grand","0","5","Colorado","4/22/20","4","1","08049","25"
"Gunnison","2","121","Colorado","4/22/20","104","17","08051","16.35"
"Hinsdale","0","3","Colorado","4/22/20","3","0","08053","0"
"Huerfano","0","1","Colorado","4/22/20","1","0","08055","0"
"Jefferson","32","1064","Colorado","4/22/20","837","227","08059","27.12"
"Kit Carson","1","18","Colorado","4/22/20","8","10","08063","125"
"La Plata","1","53","Colorado","4/22/20","46","7","08067","15.22"
"Lake","1","9","Colorado","4/22/20","5","4","08065","80"
"Larimer","9","266","Colorado","4/22/20","202","64","08069","31.68"
"Las Animas","0","3","Colorado","4/22/20","2","1","08071","50"
"Lincoln","0","3","Colorado","4/22/20","2","1","08073","50"
"Logan","2","24","Colorado","4/22/20","13","11","08075","84.62"
"Mesa","0","37","Colorado","4/22/20","34","3","08077","8.82"
"Mineral","0","2","Colorado","4/22/20","2","0","08079","0"
"Moffat","0","6","Colorado","4/22/20","3","3","08081","100"
"Montezuma","0","13","Colorado","4/22/20","12","1","08083","8.33"
"Montrose","2","82","Colorado","4/22/20","65","17","08085","26.15"
"Morgan","14","202","Colorado","4/22/20","103","99","08087","96.12"
"Otero","0","7","Colorado","4/22/20","5","2","08089","40"
"Ouray","0","5","Colorado","4/22/20","4","1","08091","25"
"Park","0","6","Colorado","4/22/20","6","0","08093","0"
"Phillips","0","5","Colorado","4/22/20","4","1","08095","25"
"Pitkin","1","57","Colorado","4/22/20","51","6","08097","11.76"
"Prowers","0","1","Colorado","4/22/20","1","0","08099","0"
"Pueblo","6","107","Colorado","4/22/20","68","39","08101","57.35"
"Rio Blanco","0","1","Colorado","4/22/20","1","0","08103","0"
"Rio Grande","0","7","Colorado","4/22/20","7","0","08105","0"
"Routt","2","52","Colorado","4/22/20","41","11","08107","26.83"
"Saguache","0","3","Colorado","4/22/20","3","0","08109","0"
"San Miguel","1","17","Colorado","4/22/20","12","5","08113","41.67"
"Summit","4","101","Colorado","4/22/20","76","25","08117","32.89"
"Teller","1","25","Colorado","4/22/20","16","9","08119","56.25"
"Washington","0","6","Colorado","4/22/20","5","1","08121","20"
"Weld","44","1237","Colorado","4/22/20","928","309","08123","33.3"
"Yuma","0","4","Colorado","4/22/20","2","2","08125","100"
"Fairfield","486","9883","Connecticut","4/22/20","6480","3403","09001","52.52"
"Hartford","223","4128","Connecticut","4/22/20","2570","1558","09003","60.62"
"Litchfield","33","722","Connecticut","4/22/20","490","232","09005","47.35"
"Middlesex","21","525","Connecticut","4/22/20","379","146","09007","38.52"
"New Haven","293","5811","Connecticut","4/22/20","3758","2053","09009","54.63"
"New London","23","397","Connecticut","4/22/20","236","161","09011","68.22"
"Tolland","16","331","Connecticut","4/22/20","216","115","09013","53.24"
"Windham","5","122","Connecticut","4/22/20","89","33","09015","37.08"
"Kent","23","503","Delaware","4/22/20","345","158","10001","45.8"
"New Castle","54","1352","Delaware","4/22/20","974","378","10003","38.81"
"Sussex","91","1317","Delaware","4/22/20","678","639","10005","94.25"
"","0","49","Diamond Princess","4/22/20","49","0",,"0"
"District of Columbia","144","3206","District of Columbia","4/22/20","2197","1009","11001","45.93"
"Alachua","5","227","Florida","4/22/20","194","33","12001","17.01"
"Baker","0","17","Florida","4/22/20","17","0","12003","0"
"Bay","3","59","Florida","4/22/20","39","20","12005","51.28"
"Bradford","1","42","Florida","4/22/20","35","7","12007","20"
"Brevard","7","225","Florida","4/22/20","173","52","12009","30.06"
"Broward","124","4228","Florida","4/22/20","3363","865","12011","25.72"
"Calhoun","0","6","Florida","4/22/20","5","1","12013","20"
"Charlotte","3","148","Florida","4/22/20","124","24","12015","19.35"
"Citrus","3","92","Florida","4/22/20","74","18","12017","24.32"
"Clay","12","257","Florida","4/22/20","170","87","12019","51.18"
"Collier","13","483","Florida","4/22/20","395","88","12021","22.28"
"Columbia","1","42","Florida","4/22/20","34","8","12023","23.53"
"DeSoto","0","24","Florida","4/22/20","22","2","12027","9.09"
"Dixie","0","4","Florida","4/22/20","3","1","12029","33.33"
"Duval","26","925","Florida","4/22/20","745","180","12031","24.16"
"Escambia","23","418","Florida","4/22/20","260","158","12033","60.77"
"Flagler","5","78","Florida","4/22/20","46","32","12035","69.57"
"Franklin","0","2","Florida","4/22/20","2","0","12037","0"
"Gadsden","3","58","Florida","4/22/20","40","18","12039","45"
"Gilchrist","0","4","Florida","4/22/20","6","-2","12041","-33.33"
"Glades","0","5","Florida","4/22/20","5","0","12043","0"
"Gulf","0","1","Florida","4/22/20","1","0","12045","0"
"Hamilton","0","5","Florida","4/22/20","2","3","12047","150"
"Hardee","0","4","Florida","4/22/20","3","1","12049","33.33"
"Hendry","4","52","Florida","4/22/20","26","26","12051","100"
"Hernando","1","84","Florida","4/22/20","76","8","12053","10.53"
"Highlands","1","71","Florida","4/22/20","64","7","12055","10.94"
"Hillsborough","16","982","Florida","4/22/20","869","113","12057","13"
"Holmes","1","8","Florida","4/22/20","4","4","12059","100"
"Indian River","1","85","Florida","4/22/20","78","7","12061","8.97"
"Jackson","1","11","Florida","4/22/20","6","5","12063","83.33"
"Jefferson","1","26","Florida","4/22/20","22","4","12065","18.18"
"Lafayette","0","1","Florida","4/22/20","1","0","12067","0"
"Lake","5","213","Florida","4/22/20","179","34","12069","18.99"
"Lee","17","794","Florida","4/22/20","677","117","12071","17.28"
"Leon","5","186","Florida","4/22/20","154","32","12073","20.78"
"Levy","1","13","Florida","4/22/20","7","6","12075","85.71"
"Liberty","0","2","Florida","4/22/20","2","0","12077","0"
"Madison","3","35","Florida","4/22/20","15","20","12079","133.33"
"Manatee","24","445","Florida","4/22/20","276","169","12081","61.23"
"Marion","3","130","Florida","4/22/20","107","23","12083","21.5"
"Martin","3","161","Florida","4/22/20","138","23","12085","16.67"
"Miami-Dade","298","10153","Florida","4/22/20","8066","2087","12086","25.87"
"Monroe","1","73","Florida","4/22/20","66","7","12087","10.61"
"Nassau","1","46","Florida","4/22/20","37","9","12089","24.32"
"Okaloosa","4","135","Florida","4/22/20","107","28","12091","26.17"
"Okeechobee","0","8","Florida","4/22/20","5","3","12093","60"
"Orange","25","1251","Florida","4/22/20","1073","178","12095","16.59"
"Osceola","9","423","Florida","4/22/20","361","62","12097","17.17"
"Palm Beach","84","2403","Florida","4/22/20","1814","589","12099","32.47"
"Pasco","5","218","Florida","4/22/20","186","32","12101","17.2"
"Pinellas","18","638","Florida","4/22/20","513","125","12103","24.37"
"Polk","11","361","Florida","4/22/20","286","75","12105","26.22"
"Putnam","3","65","Florida","4/22/20","46","19","12107","41.3"
"Santa Rosa","4","144","Florida","4/22/20","115","29","12113","25.22"
"Sarasota","7","299","Florida","4/22/20","252","47","12115","18.65"
"Seminole","7","332","Florida","4/22/20","283","49","12117","17.31"
"St. Johns","2","195","Florida","4/22/20","179","16","12109","8.94"
"St. Lucie","5","207","Florida","4/22/20","172","35","12111","20.35"
"Sumter","7","164","Florida","4/22/20","114","50","12119","43.86"
"Suwannee","3","104","Florida","4/22/20","80","24","12121","30"
"Taylor","0","2","Florida","4/22/20","1","1","12123","100"
"Union","0","3","Florida","4/22/20","2","1","12125","50"
"Volusia","19","375","Florida","4/22/20","242","133","12127","54.96"
"Wakulla","0","15","Florida","4/22/20","13","2","12129","15.38"
"Walton","0","32","Florida","4/22/20","29","3","12131","10.34"
"Washington","1","10","Florida","4/22/20","5","5","12133","100"
"Appling","5","47","Georgia","4/22/20","14","33","13001","235.71"
"Atkinson","0","5","Georgia","4/22/20","2","3","13003","150"
"Bacon","1","20","Georgia","4/22/20","14","6","13005","42.86"
"Baker","1","20","Georgia","4/22/20","16","4","13007","25"
"Baldwin","9","155","Georgia","4/22/20","90","65","13009","72.22"
"Banks","1","16","Georgia","4/22/20","8","8","13011","100"
"Barrow","5","103","Georgia","4/22/20","66","37","13013","56.06"
"Bartow","3","259","Georgia","4/22/20","235","24","13015","10.21"
"Ben Hill","1","20","Georgia","4/22/20","10","10","13017","100"
"Berrien","0","10","Georgia","4/22/20","8","2","13019","25"
"Bibb","18","224","Georgia","4/22/20","95","129","13021","135.79"
"Bleckley","0","5","Georgia","4/22/20","3","2","13023","66.67"
"Brantley","1","20","Georgia","4/22/20","13","7","13025","53.85"
"Brooks","2","36","Georgia","4/22/20","21","15","13027","71.43"
"Bryan","1","38","Georgia","4/22/20","30","8","13029","26.67"
"Bulloch","2","33","Georgia","4/22/20","22","11","13031","50"
"Burke","4","53","Georgia","4/22/20","28","25","13033","89.29"
"Butts","13","125","Georgia","4/22/20","36","89","13035","247.22"
"Calhoun","3","76","Georgia","4/22/20","58","18","13037","31.03"
"Camden","1","27","Georgia","4/22/20","23","4","13039","17.39"
"Candler","0","7","Georgia","4/22/20","4","3","13043","75"
"Carroll","11","311","Georgia","4/22/20","237","74","13045","31.22"
"Catoosa","4","45","Georgia","4/22/20","17","28","13047","164.71"
"Charlton","0","7","Georgia","4/22/20","4","3","13049","75"
"Chatham","5","193","Georgia","4/22/20","160","33","13051","20.62"
"Chattahoochee","0","8","Georgia","4/22/20","5","3","13053","60"
"Chattooga","0","11","Georgia","4/22/20","8","3","13055","37.5"
"Cherokee","16","340","Georgia","4/22/20","225","115","13057","51.11"
"Clarke","3","118","Georgia","4/22/20","98","20","13059","20.41"
"Clay","1","20","Georgia","4/22/20","16","4","13061","25"
"Clayton","13","549","Georgia","4/22/20","456","93","13063","20.39"
"Clinch","0","7","Georgia","4/22/20","7","0","13065","0"
"Cobb","50","1272","Georgia","4/22/20","924","348","13067","37.66"
"Coffee","3","84","Georgia","4/22/20","65","19","13069","29.23"
"Colquitt","10","158","Georgia","4/22/20","89","69","13071","77.53"
"Columbia","7","124","Georgia","4/22/20","78","46","13073","58.97"
"Cook","1","15","Georgia","4/22/20","8","7","13075","87.5"
"Coweta","5","168","Georgia","4/22/20","136","32","13077","23.53"
"Crawford","1","14","Georgia","4/22/20","10","4","13079","40"
"Crisp","6","130","Georgia","4/22/20","88","42","13081","47.73"
"Dade","2","15","Georgia","4/22/20","3","12","13083","400"
"Dawson","2","49","Georgia","4/22/20","37","12","13085","32.43"
"Decatur","0","50","Georgia","4/22/20","47","3","13087","6.38"
"DeKalb","60","1609","Georgia","4/22/20","1191","418","13089","35.1"
"Dodge","1","21","Georgia","4/22/20","17","4","13091","23.53"
"Dooly","3","74","Georgia","4/22/20","52","22","13093","42.31"
"Dougherty","24","1479","Georgia","4/22/20","1308","171","13095","13.07"
"Douglas","9","259","Georgia","4/22/20","197","62","13097","31.47"
"Early","6","184","Georgia","4/22/20","141","43","13099","30.5"
"Echols","0","5","Georgia","4/22/20","3","2","13101","66.67"
"Effingham","1","30","Georgia","4/22/20","25","5","13103","20"
"Elbert","0","10","Georgia","4/22/20","7","3","13105","42.86"
"Emanuel","1","15","Georgia","4/22/20","9","6","13107","66.67"
"Evans","0","4","Georgia","4/22/20","2","2","13109","100"
"Fannin","1","20","Georgia","4/22/20","14","6","13111","42.86"
"Fayette","4","146","Georgia","4/22/20","120","26","13113","21.67"
"Floyd","1","128","Georgia","4/22/20","120","8","13115","6.67"
"Forsyth","11","227","Georgia","4/22/20","153","74","13117","48.37"
"Franklin","1","13","Georgia","4/22/20","7","6","13119","85.71"
"Fulton","59","2255","Georgia","4/22/20","1844","411","13121","22.29"
"Gilmer","2","20","Georgia","4/22/20","7","13","13123","185.71"
"Glynn","1","51","Georgia","4/22/20","41","10","13127","24.39"
"Gordon","3","70","Georgia","4/22/20","46","24","13129","52.17"
"Grady","3","40","Georgia","4/22/20","21","19","13131","90.48"
"Greene","2","50","Georgia","4/22/20","34","16","13133","47.06"
"Gwinnett","60","1273","Georgia","4/22/20","852","421","13135","49.41"
"Habersham","14","130","Georgia","4/22/20","29","101","13137","348.28"
"Hall","76","907","Georgia","4/22/20","374","533","13139","142.51"
"Hancock","1","11","Georgia","4/22/20","5","6","13141","120"
"Haralson","1","25","Georgia","4/22/20","19","6","13143","31.58"
"Harris","3","49","Georgia","4/22/20","25","24","13145","96"
"Hart","0","6","Georgia","4/22/20","5","1","13147","20"
"Heard","0","8","Georgia","4/22/20","5","3","13149","60"
"Henry","10","388","Georgia","4/22/20","321","67","13151","20.87"
"Houston","7","190","Georgia","4/22/20","142","48","13153","33.8"
"Irwin","0","15","Georgia","4/22/20","12","3","13155","25"
"Jackson","4","63","Georgia","4/22/20","33","30","13157","90.91"
"Jasper","1","18","Georgia","4/22/20","10","8","13159","80"
"Jeff Davis","1","7","Georgia","4/22/20","2","5","13161","250"
"Jefferson","1","11","Georgia","4/22/20","7","4","13163","57.14"
"Jenkins","0","14","Georgia","4/22/20","12","2","13165","16.67"
"Johnson","2","37","Georgia","4/22/20","21","16","13167","76.19"
"Jones","1","22","Georgia","4/22/20","15","7","13169","46.67"
"Lamar","1","28","Georgia","4/22/20","21","7","13171","33.33"
"Lanier","0","7","Georgia","4/22/20","5","2","13173","40"
"Laurens","1","44","Georgia","4/22/20","35","9","13175","25.71"
"Lee","4","294","Georgia","4/22/20","264","30","13177","11.36"
"Liberty","1","34","Georgia","4/22/20","26","8","13179","30.77"
"Lincoln","0","10","Georgia","4/22/20","9","1","13181","11.11"
"Long","0","2","Georgia","4/22/20","2","0","13183","0"
"Lowndes","7","122","Georgia","4/22/20","75","47","13185","62.67"
"Lumpkin","2","26","Georgia","4/22/20","11","15","13187","136.36"
"Macon","2","59","Georgia","4/22/20","47","12","13193","25.53"
"Madison","1","18","Georgia","4/22/20","13","5","13195","38.46"
"Marion","2","33","Georgia","4/22/20","17","16","13197","94.12"
"McDuffie","1","37","Georgia","4/22/20","30","7","13189","23.33"
"McIntosh","0","4","Georgia","4/22/20","3","1","13191","33.33"
"Meriwether","3","48","Georgia","4/22/20","26","22","13199","84.62"
"Miller","1","24","Georgia","4/22/20","15","9","13201","60"
"Mitchell","15","280","Georgia","4/22/20","172","108","13205","62.79"
"Monroe","0","15","Georgia","4/22/20","13","2","13207","15.38"
"Montgomery","0","2","Georgia","4/22/20","2","0","13209","0"
"Morgan","1","23","Georgia","4/22/20","15","8","13211","53.33"
"Murray","0","19","Georgia","4/22/20","17","2","13213","11.76"
"Muscogee","10","244","Georgia","4/22/20","177","67","13215","37.85"
"Newton","6","146","Georgia","4/22/20","104","42","13217","40.38"
"Oconee","1","53","Georgia","4/22/20","43","10","13219","23.26"
"Oglethorpe","3","37","Georgia","4/22/20","19","18","13221","94.74"
"Out of GA","46","1003","Georgia","4/22/20","683","320","80013","46.85"
"Paulding","4","145","Georgia","4/22/20","117","28","13223","23.93"
"Peach","2","35","Georgia","4/22/20","24","11","13225","45.83"
"Pickens","1","18","Georgia","4/22/20","14","4","13227","28.57"
"Pierce","1","51","Georgia","4/22/20","47","4","13229","8.51"
"Pike","1","35","Georgia","4/22/20","25","10","13231","40"
"Polk","1","36","Georgia","4/22/20","27","9","13233","33.33"
"Pulaski","1","17","Georgia","4/22/20","11","6","13235","54.55"
"Putnam","2","27","Georgia","4/22/20","12","15","13237","125"
"Quitman","0","3","Georgia","4/22/20","3","0","13239","0"
"Rabun","0","9","Georgia","4/22/20","7","2","13241","28.57"
"Randolph","2","148","Georgia","4/22/20","131","17","13243","12.98"
"Richmond","21","313","Georgia","4/22/20","168","145","13245","86.31"
"Rockdale","5","144","Georgia","4/22/20","107","37","13247","34.58"
"Schley","0","16","Georgia","4/22/20","13","3","13249","23.08"
"Screven","1","14","Georgia","4/22/20","9","5","13251","55.56"
"Seminole","2","27","Georgia","4/22/20","16","11","13253","68.75"
"Spalding","7","139","Georgia","4/22/20","90","49","13255","54.44"
"Stephens","3","42","Georgia","4/22/20","24","18","13257","75"
"Stewart","1","18","Georgia","4/22/20","9","9","13259","100"
"Sumter","10","341","Georgia","4/22/20","273","68","13261","24.91"
"Talbot","1","22","Georgia","4/22/20","12","10","13263","83.33"
"Tattnall","0","6","Georgia","4/22/20","5","1","13267","20"
"Taylor","1","13","Georgia","4/22/20","9","4","13269","44.44"
"Telfair","1","18","Georgia","4/22/20","11","7","13271","63.64"
"Terrell","3","159","Georgia","4/22/20","135","24","13273","17.78"
"Thomas","8","148","Georgia","4/22/20","92","56","13275","60.87"
"Tift","3","93","Georgia","4/22/20","74","19","13277","25.68"
"Toombs","1","21","Georgia","4/22/20","16","5","13279","31.25"
"Towns","2","19","Georgia","4/22/20","8","11","13281","137.5"
"Treutlen","0","2","Georgia","4/22/20","1","1","13283","100"
"Troup","6","109","Georgia","4/22/20","68","41","13285","60.29"
"Turner","3","59","Georgia","4/22/20","41","18","13287","43.9"
"Twiggs","0","6","Georgia","4/22/20","3","3","13289","100"
"Union","1","18","Georgia","4/22/20","8","10","13291","125"
"Upson","7","186","Georgia","4/22/20","135","51","13293","37.78"
"Walker","7","59","Georgia","4/22/20","13","46","13295","353.85"
"Walton","3","73","Georgia","4/22/20","52","21","13297","40.38"
"Ware","4","95","Georgia","4/22/20","66","29","13299","43.94"
"Warren","0","10","Georgia","4/22/20","8","2","13301","25"
"Washington","1","28","Georgia","4/22/20","22","6","13303","27.27"
"Wayne","1","10","Georgia","4/22/20","6","4","13305","66.67"
"Webster","1","7","Georgia","4/22/20","3","4","13307","133.33"
"Wheeler","0","3","Georgia","4/22/20","3","0","13309","0"
"White","3","33","Georgia","4/22/20","14","19","13311","135.71"
"Whitfield","3","53","Georgia","4/22/20","31","22","13313","70.97"
"Wilcox","3","51","Georgia","4/22/20","29","22","13315","75.86"
"Wilkes","2","21","Georgia","4/22/20","8","13","13317","162.5"
"Wilkinson","1","22","Georgia","4/22/20","14","8","13319","57.14"
"Worth","5","142","Georgia","4/22/20","104","38","13321","36.54"
"","0","103","Grand Princess","4/22/20","103","0",,"0"
"","0","136","Guam","4/22/20","135","1",,"0.74"
"Hawaii","4","67","Hawaii","4/22/20","41","26","15001","63.41"
"Honolulu","3","388","Hawaii","4/22/20","369","19","15003","5.15"
"Kauai","0","21","Hawaii","4/22/20","21","0","15007","0"
"Maui","3","110","Hawaii","4/22/20","92","18","15009","19.57"
"Out of HI","1","6","Hawaii","4/22/20","0","6","80015","1"
"Ada","12","622","Idaho","4/22/20","538","84","16001","15.61"
"Adams","0","3","Idaho","4/22/20","1","2","16003","200"
"Bannock","0","8","Idaho","4/22/20","5","3","16005","60"
"Bingham","0","3","Idaho","4/22/20","2","1","16011","50"
"Blaine","3","480","Idaho","4/22/20","458","22","16013","4.8"
"Bonner","0","4","Idaho","4/22/20","4","0","16017","0"
"Bonneville","1","24","Idaho","4/22/20","16","8","16019","50"
"Camas","0","1","Idaho","4/22/20","1","0","16025","0"
"Canyon","6","212","Idaho","4/22/20","167","45","16027","26.95"
"Caribou","0","1","Idaho","4/22/20","1","0","16029","0"
"Cassia","0","11","Idaho","4/22/20","10","1","16031","10"
"Custer","0","2","Idaho","4/22/20","2","0","16037","0"
"Elmore","1","25","Idaho","4/22/20","18","7","16039","38.89"
"Fremont","0","2","Idaho","4/22/20","2","0","16043","0"
"Gem","0","10","Idaho","4/22/20","9","1","16045","11.11"
"Gooding","0","8","Idaho","4/22/20","5","3","16047","60"
"Idaho","0","3","Idaho","4/22/20","3","0","16049","0"
"Jefferson","0","5","Idaho","4/22/20","4","1","16051","25"
"Jerome","2","44","Idaho","4/22/20","30","14","16053","46.67"
"Kootenai","1","53","Idaho","4/22/20","45","8","16055","17.78"
"Latah","0","4","Idaho","4/22/20","3","1","16057","33.33"
"Lincoln","0","18","Idaho","4/22/20","15","3","16063","20"
"Madison","0","8","Idaho","4/22/20","5","3","16065","60"
"Minidoka","1","10","Idaho","4/22/20","6","4","16067","66.67"
"Nez Perce","3","44","Idaho","4/22/20","20","24","16069","120"
"Owyhee","0","5","Idaho","4/22/20","4","1","16073","25"
"Payette","0","11","Idaho","4/22/20","9","2","16075","22.22"
"Power","0","2","Idaho","4/22/20","2","0","16077","0"
"Teton","0","8","Idaho","4/22/20","6","2","16081","33.33"
"Twin Falls","8","132","Idaho","4/22/20","79","53","16083","67.09"
"Valley","0","2","Idaho","4/22/20","2","0","16085","0"
"Washington","0","1","Idaho","4/22/20","1","0","16087","0"
"Adams","0","29","Illinois","4/22/20","27","2","17001","7.41"
"Alexander","0","2","Illinois","4/22/20","0","2","17003","1"
"Bond","0","4","Illinois","4/22/20","4","0","17005","0"
"Boone","4","41","Illinois","4/22/20","16","25","17007","156.25"
"Bureau","0","8","Illinois","4/22/20","7","1","17011","14.29"
"Calhoun","0","1","Illinois","4/22/20","1","0","17013","0"
"Carroll","0","7","Illinois","4/22/20","5","2","17015","40"
"Cass","1","7","Illinois","4/22/20","0","7","17017","1"
"Champaign","1","97","Illinois","4/22/20","90","7","17019","7.78"
"Christian","0","26","Illinois","4/22/20","24","2","17021","8.33"
"Clark","0","4","Illinois","4/22/20","4","0","17023","0"
"Clay","0","2","Illinois","4/22/20","1","1","17025","100"
"Clinton","1","49","Illinois","4/22/20","39","10","17027","25.64"
"Coles","1","18","Illinois","4/22/20","9","9","17029","100"
"Cook","1034","24546","Illinois","4/22/20","17306","7240","17031","41.84"
"Crawford","1","8","Illinois","4/22/20","4","4","17033","100"
"Cumberland","0","2","Illinois","4/22/20","2","0","17035","0"
"De Witt","0","1","Illinois","4/22/20","1","0","17039","0"
"DeKalb","3","56","Illinois","4/22/20","37","19","17037","51.35"
"Douglas","0","12","Illinois","4/22/20","11","1","17041","9.09"
"DuPage","80","1947","Illinois","4/22/20","1386","561","17043","40.48"
"Effingham","0","5","Illinois","4/22/20","3","2","17049","66.67"
"Fayette","0","15","Illinois","4/22/20","12","3","17051","25"
"Ford","0","6","Illinois","4/22/20","4","2","17053","50"
"Franklin","1","8","Illinois","4/22/20","4","4","17055","100"
"Fulton","0","1","Illinois","4/22/20","1","0","17057","0"
"Gallatin","0","2","Illinois","4/22/20","2","0","17059","0"
"Greene","0","2","Illinois","4/22/20","1","1","17061","100"
"Grundy","0","26","Illinois","4/22/20","24","2","17063","8.33"
"Hamilton","0","2","Illinois","4/22/20","0","2","17065","1"
"Hancock","0","4","Illinois","4/22/20","3","1","17067","33.33"
"Hardin","0","1","Illinois","4/22/20","0","1","17069","1"
"Henderson","0","2","Illinois","4/22/20","0","2","17071","1"
"Henry","1","32","Illinois","4/22/20","25","7","17073","28"
"Iroquois","0","14","Illinois","4/22/20","11","3","17075","27.27"
"Jackson","2","50","Illinois","4/22/20","39","11","17077","28.21"
"Jasper","5","36","Illinois","4/22/20","3","33","17079","1100"
"Jefferson","9","75","Illinois","4/22/20","9","66","17081","733.33"
"Jersey","0","10","Illinois","4/22/20","8","2","17083","25"
"Jo Daviess","0","11","Illinois","4/22/20","11","0","17085","0"
"Johnson","0","3","Illinois","4/22/20","2","1","17087","50"
"Kane","43","764","Illinois","4/22/20","463","301","17089","65.01"
"Kankakee","8","285","Illinois","4/22/20","226","59","17091","26.11"
"Kendall","6","157","Illinois","4/22/20","116","41","17093","35.34"
"Knox","2","16","Illinois","4/22/20","2","14","17095","700"
"Lake","95","2379","Illinois","4/22/20","1711","668","17097","39.04"
"LaSalle","2","38","Illinois","4/22/20","24","14","17099","58.33"
"Lawrence","0","2","Illinois","4/22/20","2","0","17101","0"
"Lee","0","18","Illinois","4/22/20","15","3","17103","20"
"Livingston","0","18","Illinois","4/22/20","17","1","17105","5.88"
"Logan","0","4","Illinois","4/22/20","4","0","17107","0"
"Macon","7","93","Illinois","4/22/20","44","49","17115","111.36"
"Macoupin","1","24","Illinois","4/22/20","17","7","17117","41.18"
"Madison","13","226","Illinois","4/22/20","135","91","17119","67.41"
"Marion","1","24","Illinois","4/22/20","17","7","17121","41.18"
"Marshall","0","4","Illinois","4/22/20","2","2","17123","100"
"Mason","0","6","Illinois","4/22/20","3","3","17125","100"
"Massac","0","3","Illinois","4/22/20","4","-1","17127","-25"
"McDonough","0","4","Illinois","4/22/20","2","2","17109","100"
"McHenry","19","399","Illinois","4/22/20","264","135","17111","51.14"
"McLean","1","86","Illinois","4/22/20","82","4","17113","4.88"
"Menard","0","4","Illinois","4/22/20","2","2","17129","100"
"Mercer","0","5","Illinois","4/22/20","3","2","17131","66.67"
"Monroe","1","58","Illinois","4/22/20","49","9","17133","18.37"
"Montgomery","2","21","Illinois","4/22/20","9","12","17135","133.33"
"Morgan","1","14","Illinois","4/22/20","10","4","17137","40"
"Moultrie","0","2","Illinois","4/22/20","2","0","17139","0"
"Ogle","6","71","Illinois","4/22/20","28","43","17141","153.57"
"Peoria","2","46","Illinois","4/22/20","33","13","17143","39.39"
"Perry","0","2","Illinois","4/22/20","1","1","17145","100"
"Piatt","0","7","Illinois","4/22/20","6","1","17147","16.67"
"Pike","0","1","Illinois","4/22/20","1","0","17149","0"
"Pulaski","1","12","Illinois","4/22/20","5","7","17153","140"
"Randolph","2","63","Illinois","4/22/20","46","17","17157","36.96"
"Richland","0","2","Illinois","4/22/20","1","1","17159","100"
"Rock Island","15","242","Illinois","4/22/20","138","104","17161","75.36"
"Saline","0","3","Illinois","4/22/20","3","0","17165","0"
"Sangamon","3","69","Illinois","4/22/20","50","19","17167","38"
"Schuyler","0","1","Illinois","4/22/20","1","0","17169","0"
"Shelby","0","4","Illinois","4/22/20","4","0","17173","0"
"St. Clair","13","316","Illinois","4/22/20","225","91","17163","40.44"
"Stark","0","1","Illinois","4/22/20","1","0","17175","0"
"Stephenson","1","13","Illinois","4/22/20","9","4","17177","44.44"
"Tazewell","1","25","Illinois","4/22/20","21","4","17179","19.05"
"Union","0","5","Illinois","4/22/20","3","2","17181","66.67"
"Vermilion","0","10","Illinois","4/22/20","8","2","17183","25"
"Wabash","0","1","Illinois","4/22/20","1","0","17185","0"
"Warren","2","19","Illinois","4/22/20","2","17","17187","850"
"Washington","1","7","Illinois","4/22/20","3","4","17189","133.33"
"Wayne","0","1","Illinois","4/22/20","0","1","17191","1"
"White","0","1","Illinois","4/22/20","0","1","17193","1"
"Whiteside","2","45","Illinois","4/22/20","29","16","17195","55.17"
"Will","55","1820","Illinois","4/22/20","1433","387","17197","27.01"
"Williamson","1","17","Illinois","4/22/20","12","5","17199","41.67"
"Winnebago","18","238","Illinois","4/22/20","112","126","17201","112.5"
"Woodford","0","11","Illinois","4/22/20","11","0","17203","0"
"Adams","0","7","Indiana","4/22/20","6","1","18001","16.67"
"Allen","23","343","Indiana","4/22/20","180","163","18003","90.56"
"Bartholomew","5","146","Indiana","4/22/20","113","33","18005","29.2"
"Benton","0","4","Indiana","4/22/20","3","1","18007","33.33"
"Blackford","0","6","Indiana","4/22/20","6","0","18009","0"
"Boone","5","166","Indiana","4/22/20","129","37","18011","28.68"
"Brown","0","14","Indiana","4/22/20","14","0","18013","0"
"Carroll","0","7","Indiana","4/22/20","6","1","18015","16.67"
"Cass","15","138","Indiana","4/22/20","33","105","18017","318.18"
"Clark","7","188","Indiana","4/22/20","137","51","18019","37.23"
"Clay","1","19","Indiana","4/22/20","13","6","18021","46.15"
"Clinton","1","20","Indiana","4/22/20","13","7","18023","53.85"
"Crawford","0","13","Indiana","4/22/20","12","1","18025","8.33"
"Daviess","2","38","Indiana","4/22/20","21","17","18027","80.95"
"Dearborn","2","72","Indiana","4/22/20","61","11","18029","18.03"
"Decatur","3","178","Indiana","4/22/20","155","23","18031","14.84"
"DeKalb","1","13","Indiana","4/22/20","6","7","18033","116.67"
"Delaware","6","121","Indiana","4/22/20","77","44","18035","57.14"
"Dubois","0","16","Indiana","4/22/20","14","2","18037","14.29"
"Elkhart","11","185","Indiana","4/22/20","105","80","18039","76.19"
"Fayette","0","22","Indiana","4/22/20","20","2","18041","10"
"Floyd","5","149","Indiana","4/22/20","116","33","18043","28.45"
"Fountain","1","8","Indiana","4/22/20","3","5","18045","166.67"
"Franklin","2","91","Indiana","4/22/20","75","16","18047","21.33"
"Fulton","0","6","Indiana","4/22/20","3","3","18049","100"
"Gibson","0","5","Indiana","4/22/20","4","1","18051","25"
"Grant","9","101","Indiana","4/22/20","41","60","18053","146.34"
"Greene","2","44","Indiana","4/22/20","28","16","18055","57.14"
"Hamilton","16","624","Indiana","4/22/20","510","114","18057","22.35"
"Hancock","3","151","Indiana","4/22/20","129","22","18059","17.05"
"Harrison","7","105","Indiana","4/22/20","59","46","18061","77.97"
"Hendricks","23","518","Indiana","4/22/20","360","158","18063","43.89"
"Henry","1","29","Indiana","4/22/20","23","6","18065","26.09"
"Howard","2","75","Indiana","4/22/20","60","15","18067","25"
"Huntington","0","6","Indiana","4/22/20","6","0","18069","0"
"Jackson","3","97","Indiana","4/22/20","74","23","18071","31.08"
"Jasper","1","24","Indiana","4/22/20","19","5","18073","26.32"
"Jay","0","9","Indiana","4/22/20","7","2","18075","28.57"
"Jefferson","1","21","Indiana","4/22/20","15","6","18077","40"
"Jennings","1","64","Indiana","4/22/20","60","4","18079","6.67"
"Johnson","16","456","Indiana","4/22/20","347","109","18081","31.41"
"Knox","0","18","Indiana","4/22/20","16","2","18083","12.5"
"Kosciusko","1","23","Indiana","4/22/20","19","4","18085","21.05"
"LaGrange","1","18","Indiana","4/22/20","14","4","18087","28.57"
"Lake","59","1292","Indiana","4/22/20","876","416","18089","47.49"
"LaPorte","15","144","Indiana","4/22/20","42","102","18091","242.86"
"Lawrence","1","83","Indiana","4/22/20","73","10","18093","13.7"
"Madison","11","351","Indiana","4/22/20","273","78","18095","28.57"
"Marion","151","4263","Indiana","4/22/20","3204","1059","18097","33.05"
"Marshall","1","26","Indiana","4/22/20","19","7","18099","36.84"
"Martin","0","6","Indiana","4/22/20","5","1","18101","20"
"Miami","1","27","Indiana","4/22/20","17","10","18103","58.82"
"Monroe","3","118","Indiana","4/22/20","95","23","18105","24.21"
"Montgomery","0","27","Indiana","4/22/20","25","2","18107","8"
"Morgan","3","124","Indiana","4/22/20","105","19","18109","18.1"
"Newton","1","38","Indiana","4/22/20","29","9","18111","31.03"
"Noble","3","45","Indiana","4/22/20","25","20","18113","80"
"Ohio","0","2","Indiana","4/22/20","1","1","18115","100"
"Orange","3","38","Indiana","4/22/20","19","19","18117","100"
"Owen","0","22","Indiana","4/22/20","19","3","18119","15.79"
"Parke","0","9","Indiana","4/22/20","7","2","18121","28.57"
"Perry","0","6","Indiana","4/22/20","4","2","18123","50"
"Pike","0","1","Indiana","4/22/20","1","0","18125","0"
"Porter","8","193","Indiana","4/22/20","135","58","18127","42.96"
"Posey","0","8","Indiana","4/22/20","6","2","18129","33.33"
"Pulaski","0","1","Indiana","4/22/20","1","0","18131","0"
"Putnam","2","53","Indiana","4/22/20","42","11","18133","26.19"
"Randolph","0","12","Indiana","4/22/20","11","1","18135","9.09"
"Ripley","0","86","Indiana","4/22/20","88","-2","18137","-2.27"
"Rush","1","21","Indiana","4/22/20","17","4","18139","23.53"
"Scott","1","27","Indiana","4/22/20","17","10","18143","58.82"
"Shelby","7","125","Indiana","4/22/20","79","46","18145","58.23"
"Spencer","0","5","Indiana","4/22/20","4","1","18147","25"
"St. Joseph","26","454","Indiana","4/22/20","273","181","18141","66.3"
"Starke","0","11","Indiana","4/22/20","10","1","18149","10"
"Steuben","1","18","Indiana","4/22/20","13","5","18151","38.46"
"Sullivan","1","10","Indiana","4/22/20","6","4","18153","66.67"
"Switzerland","0","13","Indiana","4/22/20","12","1","18155","8.33"
"Tippecanoe","2","59","Indiana","4/22/20","46","13","18157","28.26"
"Tipton","1","14","Indiana","4/22/20","10","4","18159","40"
"Union","0","6","Indiana","4/22/20","6","0","18161","0"
"Vanderburgh","4","96","Indiana","4/22/20","65","31","18163","47.69"
"Vermillion","0","7","Indiana","4/22/20","4","3","18165","75"
"Vigo","2","60","Indiana","4/22/20","43","17","18167","39.53"
"Wabash","0","10","Indiana","4/22/20","7","3","18169","42.86"
"Warren","1","7","Indiana","4/22/20","3","4","18171","133.33"
"Warrick","4","68","Indiana","4/22/20","41","27","18173","65.85"
"Washington","1","31","Indiana","4/22/20","27","4","18175","14.81"
"Wayne","1","30","Indiana","4/22/20","20","10","18177","50"
"Wells","0","6","Indiana","4/22/20","4","2","18179","50"
"White","1","11","Indiana","4/22/20","5","6","18181","120"
"Whitley","0","16","Indiana","4/22/20","14","2","18183","14.29"
"Adair","0","1","Iowa","4/22/20","1","0","19001","0"
"Allamakee","3","45","Iowa","4/22/20","24","21","19005","87.5"
"Appanoose","0","2","Iowa","4/22/20","1","1","19007","100"
"Audubon","0","1","Iowa","4/22/20","1","0","19009","0"
"Benton","1","24","Iowa","4/22/20","19","5","19011","26.32"
"Black Hawk","42","379","Iowa","4/22/20","85","294","19013","345.88"
"Boone","0","6","Iowa","4/22/20","4","2","19015","50"
"Bremer","3","33","Iowa","4/22/20","9","24","19017","266.67"
"Buchanan","0","11","Iowa","4/22/20","8","3","19019","37.5"
"Buena Vista","0","2","Iowa","4/22/20","2","0","19021","0"
"Butler","0","2","Iowa","4/22/20","1","1","19023","100"
"Carroll","0","1","Iowa","4/22/20","1","0","19027","0"
"Cass","0","1","Iowa","4/22/20","1","0","19029","0"
"Cedar","1","27","Iowa","4/22/20","22","5","19031","22.73"
"Cerro Gordo","0","14","Iowa","4/22/20","14","0","19033","0"
"Cherokee","0","1","Iowa","4/22/20","0","1","19035","1"
"Chickasaw","0","3","Iowa","4/22/20","2","1","19037","50"
"Clarke","0","2","Iowa","4/22/20","2","0","19039","0"
"Clay","0","3","Iowa","4/22/20","2","1","19041","50"
"Clayton","0","8","Iowa","4/22/20","7","1","19043","14.29"
"Clinton","1","44","Iowa","4/22/20","38","6","19045","15.79"
"Crawford","0","6","Iowa","4/22/20","6","0","19047","0"
"Dallas","3","59","Iowa","4/22/20","38","21","19049","55.26"
"Delaware","0","3","Iowa","4/22/20","2","1","19055","50"
"Des Moines","1","13","Iowa","4/22/20","7","6","19057","85.71"
"Dickinson","0","3","Iowa","4/22/20","1","2","19059","200"
"Dubuque","2","49","Iowa","4/22/20","37","12","19061","32.43"
"Fayette","0","7","Iowa","4/22/20","5","2","19065","40"
"Franklin","0","1","Iowa","4/22/20","1","0","19069","0"
"Greene","0","1","Iowa","4/22/20","1","0","19073","0"
"Grundy","1","6","Iowa","4/22/20","1","5","19075","500"
"Guthrie","0","4","Iowa","4/22/20","3","1","19077","33.33"
"Hamilton","0","2","Iowa","4/22/20","2","0","19079","0"
"Hancock","0","3","Iowa","4/22/20","3","0","19081","0"
"Hardin","0","4","Iowa","4/22/20","1","3","19083","300"
"Harrison","0","15","Iowa","4/22/20","12","3","19085","25"
"Henry","1","30","Iowa","4/22/20","22","8","19087","36.36"
"Howard","0","4","Iowa","4/22/20","1","3","19089","300"
"Humboldt","0","2","Iowa","4/22/20","0","2","19091","1"
"Iowa","1","13","Iowa","4/22/20","7","6","19095","85.71"
"Jackson","0","5","Iowa","4/22/20","4","1","19097","25"
"Jasper","5","53","Iowa","4/22/20","17","36","19099","211.76"
"Jefferson","0","7","Iowa","4/22/20","4","3","19101","75"
"Johnson","23","388","Iowa","4/22/20","226","162","19103","71.68"
"Jones","1","17","Iowa","4/22/20","11","6","19105","54.55"
"Keokuk","0","3","Iowa","4/22/20","2","1","19107","50"
"Kossuth","0","1","Iowa","4/22/20","1","0","19109","0"
"Lee","0","3","Iowa","4/22/20","2","1","19111","50"
"Linn","27","466","Iowa","4/22/20","276","190","19113","68.84"
"Louisa","12","248","Iowa","4/22/20","166","82","19115","49.4"
"Lyon","0","5","Iowa","4/22/20","4","1","19119","25"
"Madison","0","4","Iowa","4/22/20","3","1","19121","33.33"
"Mahaska","0","8","Iowa","4/22/20","7","1","19123","14.29"
"Marion","0","5","Iowa","4/22/20","3","2","19125","66.67"
"Marshall","28","239","Iowa","4/22/20","44","195","19127","443.18"
"Mills","0","2","Iowa","4/22/20","2","0","19129","0"
"Mitchell","0","2","Iowa","4/22/20","2","0","19131","0"
"Monona","0","7","Iowa","4/22/20","6","1","19133","16.67"
"Montgomery","0","1","Iowa","4/22/20","1","0","19137","0"
"Muscatine","15","240","Iowa","4/22/20","133","107","19139","80.45"
"O'Brien","0","3","Iowa","4/22/20","3","0","19141","0"
"Osceola","0","4","Iowa","4/22/20","2","2","19143","100"
"Page","0","4","Iowa","4/22/20","3","1","19145","33.33"
"Plymouth","1","9","Iowa","4/22/20","4","5","19149","125"
"Polk","30","437","Iowa","4/22/20","224","213","19153","95.09"
"Pottawattamie","1","18","Iowa","4/22/20","14","4","19155","28.57"
"Poweshiek","1","14","Iowa","4/22/20","6","8","19157","133.33"
"Scott","8","182","Iowa","4/22/20","129","53","19163","41.09"
"Shelby","0","9","Iowa","4/22/20","7","2","19165","28.57"
"Sioux","0","7","Iowa","4/22/20","7","0","19167","0"
"Story","1","20","Iowa","4/22/20","11","9","19169","81.82"
"Tama","16","225","Iowa","4/22/20","111","114","19171","102.7"
"Taylor","0","1","Iowa","4/22/20","1","0","19173","0"
"Union","0","1","Iowa","4/22/20","1","0","19175","0"
"Van Buren","0","8","Iowa","4/22/20","8","0","19177","0"
"Wapello","0","6","Iowa","4/22/20","7","-1","19179","-14.29"
"Warren","0","18","Iowa","4/22/20","16","2","19181","12.5"
"Washington","3","124","Iowa","4/22/20","101","23","19183","22.77"
"Webster","0","2","Iowa","4/22/20","2","0","19187","0"
"Winnebago","0","2","Iowa","4/22/20","2","0","19189","0"
"Winneshiek","0","8","Iowa","4/22/20","5","3","19191","60"
"Woodbury","11","100","Iowa","4/22/20","21","79","19193","376.19"
"Worth","0","1","Iowa","4/22/20","1","0","19195","0"
"Wright","0","2","Iowa","4/22/20","1","1","19197","100"
"Atchison","0","6","Kansas","4/22/20","3","3","20005","100"
"Barber","0","1","Kansas","4/22/20","1","0","20007","0"
"Barton","1","9","Kansas","4/22/20","5","4","20009","80"
"Bourbon","0","7","Kansas","4/22/20","7","0","20011","0"
"Butler","0","13","Kansas","4/22/20","10","3","20015","30"
"Chase","0","1","Kansas","4/22/20","0","1","20017","1"
"Chautauqua","0","3","Kansas","4/22/20","3","0","20019","0"
"Cherokee","0","7","Kansas","4/22/20","7","0","20021","0"
"Clay","0","4","Kansas","4/22/20","1","3","20027","300"
"Cloud","0","3","Kansas","4/22/20","3","0","20029","0"
"Coffey","0","47","Kansas","4/22/20","45","2","20031","4.44"
"Cowley","0","1","Kansas","4/22/20","1","0","20035","0"
"Crawford","0","6","Kansas","4/22/20","6","0","20037","0"
"Dickinson","0","1","Kansas","4/22/20","1","0","20041","0"
"Doniphan","0","3","Kansas","4/22/20","1","2","20043","200"
"Douglas","0","43","Kansas","4/22/20","41","2","20045","4.88"
"Edwards","0","1","Kansas","4/22/20","0","1","20047","1"
"Ellis","1","8","Kansas","4/22/20","4","4","20051","100"
"Finney","5","56","Kansas","4/22/20","18","38","20055","211.11"
"Ford","25","208","Kansas","4/22/20","32","176","20057","550"
"Franklin","0","12","Kansas","4/22/20","12","0","20059","0"
"Geary","0","9","Kansas","4/22/20","9","0","20061","0"
"Gove","0","1","Kansas","4/22/20","1","0","20063","0"
"Greenwood","0","2","Kansas","4/22/20","1","1","20073","100"
"Hamilton","0","1","Kansas","4/22/20","1","0","20075","0"
"Harvey","0","5","Kansas","4/22/20","5","0","20079","0"
"Haskell","0","1","Kansas","4/22/20","0","1","20081","1"
"Jackson","0","1","Kansas","4/22/20","1","0","20085","0"
"Jefferson","0","6","Kansas","4/22/20","5","1","20087","20"
"Jewell","0","4","Kansas","4/22/20","3","1","20089","33.33"
"Johnson","9","396","Kansas","4/22/20","334","62","20091","18.56"
"Kearny","1","4","Kansas","4/22/20","0","4","20093","1"
"Labette","0","20","Kansas","4/22/20","20","0","20099","0"
"Leavenworth","8","150","Kansas","4/22/20","95","55","20103","57.89"
"Linn","0","6","Kansas","4/22/20","6","0","20107","0"
"Lyon","11","110","Kansas","4/22/20","32","78","20111","243.75"
"Marion","0","5","Kansas","4/22/20","5","0","20115","0"
"McPherson","1","19","Kansas","4/22/20","14","5","20113","35.71"
"Miami","0","4","Kansas","4/22/20","4","0","20121","0"
"Mitchell","0","2","Kansas","4/22/20","2","0","20123","0"
"Montgomery","0","12","Kansas","4/22/20","11","1","20125","9.09"
"Morris","0","3","Kansas","4/22/20","2","1","20127","50"
"Morton","0","2","Kansas","4/22/20","1","1","20129","100"
"Neosho","0","2","Kansas","4/22/20","2","0","20133","0"
"Osage","0","5","Kansas","4/22/20","4","1","20139","25"
"Osborne","0","2","Kansas","4/22/20","2","0","20141","0"
"Ottawa","0","3","Kansas","4/22/20","3","0","20143","0"
"Phillips","0","1","Kansas","4/22/20","1","0","20147","0"
"Pottawatomie","0","6","Kansas","4/22/20","5","1","20149","20"
"Pratt","0","1","Kansas","4/22/20","1","0","20151","0"
"Reno","0","16","Kansas","4/22/20","14","2","20155","14.29"
"Republic","0","4","Kansas","4/22/20","4","0","20157","0"
"Riley","1","34","Kansas","4/22/20","25","9","20161","36"
"Rooks","0","4","Kansas","4/22/20","2","2","20163","100"
"Saline","1","17","Kansas","4/22/20","13","4","20169","30.77"
"Scott","0","1","Kansas","4/22/20","1","0","20171","0"
"Sedgwick","12","295","Kansas","4/22/20","209","86","20173","41.15"
"Seward","19","142","Kansas","4/22/20","7","135","20175","1928.57"
"Shawnee","2","96","Kansas","4/22/20","82","14","20177","17.07"
"Sheridan","0","2","Kansas","4/22/20","0","2","20179","1"
"Sherman","0","1","Kansas","4/22/20","0","1","20181","1"
"Smith","0","2","Kansas","4/22/20","1","1","20183","100"
"Stafford","0","1","Kansas","4/22/20","1","0","20185","0"
"Stanton","0","4","Kansas","4/22/20","2","2","20187","100"
"Stevens","0","4","Kansas","4/22/20","2","2","20189","100"
"Sumner","0","3","Kansas","4/22/20","2","1","20191","50"
"Wabaunsee","0","3","Kansas","4/22/20","1","2","20197","200"
"Wilson","0","1","Kansas","4/22/20","0","1","20205","1"
"Woodson","0","5","Kansas","4/22/20","4","1","20207","25"
"Wyandotte","16","473","Kansas","4/22/20","363","110","20209","30.3"
"Adair","2","60","Kentucky","4/22/20","43","17","21001","39.53"
"Allen","0","5","Kentucky","4/22/20","2","3","21003","150"
"Anderson","0","7","Kentucky","4/22/20","4","3","21005","75"
"Ballard","0","4","Kentucky","4/22/20","2","2","21007","100"
"Barren","0","8","Kentucky","4/22/20","5","3","21009","60"
"Bath","0","3","Kentucky","4/22/20","3","0","21011","0"
"Boone","5","93","Kentucky","4/22/20","56","37","21015","66.07"
"Bourbon","0","6","Kentucky","4/22/20","4","2","21017","50"
"Boyd","1","30","Kentucky","4/22/20","24","6","21019","25"
"Boyle","0","13","Kentucky","4/22/20","12","1","21021","8.33"
"Bracken","0","7","Kentucky","4/22/20","5","2","21023","40"
"Breathitt","0","2","Kentucky","4/22/20","1","1","21025","100"
"Breckinridge","0","6","Kentucky","4/22/20","3","3","21027","100"
"Bullitt","1","34","Kentucky","4/22/20","30","4","21029","13.33"
"Butler","10","91","Kentucky","4/22/20","24","67","21031","279.17"
"Caldwell","0","12","Kentucky","4/22/20","10","2","21033","20"
"Calloway","1","22","Kentucky","4/22/20","15","7","21035","46.67"
"Campbell","2","64","Kentucky","4/22/20","47","17","21037","36.17"
"Carroll","0","2","Kentucky","4/22/20","2","0","21041","0"
"Carter","0","4","Kentucky","4/22/20","3","1","21043","33.33"
"Casey","0","1","Kentucky","4/22/20","1","0","21045","0"
"Christian","2","86","Kentucky","4/22/20","71","15","21047","21.13"
"Clark","0","19","Kentucky","4/22/20","18","1","21049","5.56"
"Clay","0","1","Kentucky","4/22/20","0","1","21051","1"
"Clinton","0","2","Kentucky","4/22/20","2","0","21053","0"
"Crittenden","0","3","Kentucky","4/22/20","3","0","21055","0"
"Cumberland","0","4","Kentucky","4/22/20","2","2","21057","100"
"Daviess","6","134","Kentucky","4/22/20","89","45","21059","50.56"
"Edmonson","0","7","Kentucky","4/22/20","7","0","21061","0"
"Fayette","2","223","Kentucky","4/22/20","206","17","21067","8.25"
"Fleming","0","2","Kentucky","4/22/20","2","0","21069","0"
"Floyd","1","4","Kentucky","4/22/20","0","4","21071","1"
"Franklin","0","14","Kentucky","4/22/20","11","3","21073","27.27"
"Fulton","0","1","Kentucky","4/22/20","0","1","21075","1"
"Gallatin","0","1","Kentucky","4/22/20","1","0","21077","0"
"Garrard","0","1","Kentucky","4/22/20","1","0","21079","0"
"Grant","1","19","Kentucky","4/22/20","14","5","21081","35.71"
"Graves","10","84","Kentucky","4/22/20","16","68","21083","425"
"Grayson","3","23","Kentucky","4/22/20","5","18","21085","360"
"Green","0","1","Kentucky","4/22/20","1","0","21087","0"
"Greenup","0","10","Kentucky","4/22/20","7","3","21089","42.86"
"Hancock","1","6","Kentucky","4/22/20","1","5","21091","500"
"Hardin","1","32","Kentucky","4/22/20","25","7","21093","28"
"Harrison","0","17","Kentucky","4/22/20","14","3","21097","21.43"
"Hart","0","2","Kentucky","4/22/20","1","1","21099","100"
"Henderson","3","40","Kentucky","4/22/20","20","20","21101","100"
"Henry","0","3","Kentucky","4/22/20","3","0","21103","0"
"Hickman","0","1","Kentucky","4/22/20","0","1","21105","1"
"Hopkins","8","150","Kentucky","4/22/20","91","59","21107","64.84"
"Jackson","5","57","Kentucky","4/22/20","23","34","21109","147.83"
"Jefferson","54","954","Kentucky","4/22/20","573","381","21111","66.49"
"Jessamine","0","31","Kentucky","4/22/20","29","2","21113","6.9"
"Johnson","0","1","Kentucky","4/22/20","1","0","21115","0"
"Kenton","10","179","Kentucky","4/22/20","106","73","21117","68.87"
"Knott","0","4","Kentucky","4/22/20","1","3","21119","300"
"Knox","1","5","Kentucky","4/22/20","1","4","21121","400"
"Larue","0","5","Kentucky","4/22/20","4","1","21123","25"
"Laurel","0","14","Kentucky","4/22/20","11","3","21125","27.27"
"Lawrence","0","1","Kentucky","4/22/20","1","0","21127","0"
"Leslie","0","2","Kentucky","4/22/20","2","0","21131","0"
"Letcher","0","1","Kentucky","4/22/20","1","0","21133","0"
"Lewis","0","3","Kentucky","4/22/20","2","1","21135","50"
"Lincoln","0","4","Kentucky","4/22/20","1","3","21137","300"
"Livingston","0","1","Kentucky","4/22/20","1","0","21139","0"
"Logan","0","8","Kentucky","4/22/20","10","-2","21141","-20"
"Lyon","0","14","Kentucky","4/22/20","13","1","21143","7.69"
"Madison","0","23","Kentucky","4/22/20","21","2","21151","9.52"
"Marion","0","13","Kentucky","4/22/20","11","2","21155","18.18"
"Marshall","1","20","Kentucky","4/22/20","12","8","21157","66.67"
"Martin","0","3","Kentucky","4/22/20","1","2","21159","200"
"Mason","0","6","Kentucky","4/22/20","6","0","21161","0"
"McCracken","1","30","Kentucky","4/22/20","24","6","21145","25"
"McCreary","0","11","Kentucky","4/22/20","9","2","21147","22.22"
"McLean","0","9","Kentucky","4/22/20","6","3","21149","50"
"Meade","0","3","Kentucky","4/22/20","2","1","21163","50"
"Menifee","0","3","Kentucky","4/22/20","3","0","21165","0"
"Mercer","0","11","Kentucky","4/22/20","9","2","21167","22.22"
"Monroe","0","3","Kentucky","4/22/20","3","0","21171","0"
"Montgomery","0","9","Kentucky","4/22/20","8","1","21173","12.5"
"Morgan","0","1","Kentucky","4/22/20","1","0","21175","0"
"Muhlenberg","4","74","Kentucky","4/22/20","47","27","21177","57.45"
"Nelson","0","14","Kentucky","4/22/20","13","1","21179","7.69"
"Nicholas","0","1","Kentucky","4/22/20","1","0","21181","0"
"Ohio","3","25","Kentucky","4/22/20","7","18","21183","257.14"
"Oldham","1","24","Kentucky","4/22/20","19","5","21185","26.32"
"Owsley","0","2","Kentucky","4/22/20","2","0","21189","0"
"Pendleton","0","5","Kentucky","4/22/20","3","2","21191","66.67"
"Perry","0","5","Kentucky","4/22/20","4","1","21193","25"
"Pike","0","6","Kentucky","4/22/20","5","1","21195","20"
"Powell","0","1","Kentucky","4/22/20","1","0","21197","0"
"Pulaski","1","38","Kentucky","4/22/20","31","7","21199","22.58"
"Rockcastle","0","11","Kentucky","4/22/20","9","2","21203","22.22"
"Rowan","0","2","Kentucky","4/22/20","1","1","21205","100"
"Russell","1","16","Kentucky","4/22/20","8","8","21207","100"
"Scott","0","22","Kentucky","4/22/20","21","1","21209","4.76"
"Shelby","1","23","Kentucky","4/22/20","19","4","21211","21.05"
"Simpson","1","22","Kentucky","4/22/20","17","5","21213","29.41"
"Spencer","0","9","Kentucky","4/22/20","9","0","21215","0"
"Taylor","0","4","Kentucky","4/22/20","4","0","21217","0"
"Todd","0","9","Kentucky","4/22/20","8","1","21219","12.5"
"Trigg","0","4","Kentucky","4/22/20","4","0","21221","0"
"Trimble","0","2","Kentucky","4/22/20","1","1","21223","100"
"Union","0","8","Kentucky","4/22/20","5","3","21225","60"
"Warren","11","131","Kentucky","4/22/20","52","79","21227","151.92"
"Washington","0","3","Kentucky","4/22/20","3","0","21229","0"
"Wayne","0","7","Kentucky","4/22/20","5","2","21231","40"
"Webster","1","16","Kentucky","4/22/20","9","7","21233","77.78"
"Whitley","1","10","Kentucky","4/22/20","5","5","21235","100"
"Woodford","0","19","Kentucky","4/22/20","16","3","21239","18.75"
"Acadia","2","117","Louisiana","4/22/20","105","12","22001","11.43"
"Allen","1","80","Louisiana","4/22/20","74","6","22003","8.11"
"Ascension","13","533","Louisiana","4/22/20","440","93","22005","21.14"
"Assumption","4","154","Louisiana","4/22/20","129","25","22007","19.38"
"Avoyelles","1","71","Louisiana","4/22/20","64","7","22009","10.94"
"Beauregard","1","36","Louisiana","4/22/20","30","6","22011","20"
"Bienville","4","69","Louisiana","4/22/20","42","27","22013","64.29"
"Bossier","5","246","Louisiana","4/22/20","211","35","22015","16.59"
"Caddo","31","1332","Louisiana","4/22/20","1118","214","22017","19.14"
"Calcasieu","8","341","Louisiana","4/22/20","282","59","22019","20.92"
"Caldwell","0","15","Louisiana","4/22/20","18","-3","22021","-16.67"
"Cameron","0","3","Louisiana","4/22/20","2","1","22023","50"
"Catahoula","0","24","Louisiana","4/22/20","22","2","22025","9.09"
"Claiborne","1","50","Louisiana","4/22/20","44","6","22027","13.64"
"Concordia","1","27","Louisiana","4/22/20","21","6","22029","28.57"
"De Soto","5","171","Louisiana","4/22/20","134","37","22031","27.61"
"East Baton Rouge","40","1603","Louisiana","4/22/20","1325","278","22033","20.98"
"East Carroll","1","5","Louisiana","4/22/20","1","4","22035","400"
"East Feliciana","3","102","Louisiana","4/22/20","81","21","22037","25.93"
"Evangeline","1","44","Louisiana","4/22/20","40","4","22039","10"
"Franklin","6","95","Louisiana","4/22/20","53","42","22041","79.25"
"Grant","0","12","Louisiana","4/22/20","12","0","22043","0"
"Iberia","8","217","Louisiana","4/22/20","159","58","22045","36.48"
"Iberville","6","297","Louisiana","4/22/20","256","41","22047","16.02"
"Jackson","1","16","Louisiana","4/22/20","11","5","22049","45.45"
"Jefferson","85","5860","Louisiana","4/22/20","5265","595","22051","11.3"
"Jefferson Davis","1","57","Louisiana","4/22/20","48","9","22053","18.75"
"Lafayette","9","435","Louisiana","4/22/20","375","60","22055","16"
"Lafourche","12","583","Louisiana","4/22/20","499","84","22057","16.83"
"LaSalle","0","15","Louisiana","4/22/20","13","2","22059","15.38"
"Lincoln","2","58","Louisiana","4/22/20","41","17","22061","41.46"
"Livingston","4","161","Louisiana","4/22/20","133","28","22063","21.05"
"Madison","0","5","Louisiana","4/22/20","2","3","22065","150"
"Morehouse","1","41","Louisiana","4/22/20","32","9","22067","28.12"
"Natchitoches","3","62","Louisiana","4/22/20","42","20","22069","47.62"
"Orleans","63","6209","Louisiana","4/22/20","5769","440","22071","7.63"
"Ouachita","20","552","Louisiana","4/22/20","411","141","22073","34.31"
"Plaquemines","2","164","Louisiana","4/22/20","147","17","22075","11.56"
"Pointe Coupee","4","84","Louisiana","4/22/20","53","31","22077","58.49"
"Rapides","5","217","Louisiana","4/22/20","179","38","22079","21.23"
"Red River","1","22","Louisiana","4/22/20","13","9","22081","69.23"
"Richland","3","42","Louisiana","4/22/20","21","21","22083","100"
"Sabine","1","14","Louisiana","4/22/20","10","4","22085","40"
"St. Bernard","7","430","Louisiana","4/22/20","383","47","22087","12.27"
"St. Charles","7","522","Louisiana","4/22/20","476","46","22089","9.66"
"St. Helena","1","22","Louisiana","4/22/20","14","8","22091","57.14"
"St. James","3","231","Louisiana","4/22/20","210","21","22093","10"
"St. John the Baptist","19","704","Louisiana","4/22/20","569","135","22095","23.73"
"St. Landry","3","140","Louisiana","4/22/20","116","24","22097","20.69"
"St. Martin","4","202","Louisiana","4/22/20","174","28","22099","16.09"
"St. Mary","5","162","Louisiana","4/22/20","130","32","22101","24.62"
"St. Tammany","22","1079","Louisiana","4/22/20","924","155","22103","16.77"
"Tangipahoa","11","494","Louisiana","4/22/20","418","76","22105","18.18"
"Tensas","0","1","Louisiana","4/22/20","1","0","22107","0"
"Terrebonne","11","350","Louisiana","4/22/20","273","77","22109","28.21"
"Union","4","85","Louisiana","4/22/20","56","29","22111","51.79"
"Vermilion","1","33","Louisiana","4/22/20","27","6","22113","22.22"
"Vernon","0","14","Louisiana","4/22/20","14","0","22115","0"
"Washington","6","214","Louisiana","4/22/20","173","41","22117","23.7"
"Webster","1","79","Louisiana","4/22/20","69","10","22119","14.49"
"West Baton Rouge","2","90","Louisiana","4/22/20","78","12","22121","15.38"
"West Carroll","0","4","Louisiana","4/22/20","4","0","22123","0"
"West Feliciana","5","82","Louisiana","4/22/20","47","35","22125","74.47"
"Winn","1","19","Louisiana","4/22/20","12","7","22127","58.33"
"Androscoggin","1","36","Maine","4/22/20","31","5","23001","16.13"
"Aroostook","0","2","Maine","4/22/20","2","0","23003","0"
"Cumberland","8","395","Maine","4/22/20","339","56","23005","16.52"
"Franklin","1","14","Maine","4/22/20","9","5","23007","55.56"
"Hancock","0","7","Maine","4/22/20","5","2","23009","40"
"Kennebec","1","99","Maine","4/22/20","93","6","23011","6.45"
"Knox","0","13","Maine","4/22/20","12","1","23013","8.33"
"Lincoln","0","12","Maine","4/22/20","12","0","23015","0"
"Oxford","0","14","Maine","4/22/20","13","1","23017","7.69"
"Penobscot","2","47","Maine","4/22/20","36","11","23019","30.56"
"Piscataquis","0","1","Maine","4/22/20","0","1","23021","1"
"Sagadahoc","0","17","Maine","4/22/20","15","2","23023","13.33"
"Somerset","0","16","Maine","4/22/20","13","3","23025","23.08"
"Waldo","2","45","Maine","4/22/20","30","15","23027","50"
"Washington","0","2","Maine","4/22/20","2","0","23029","0"
"York","4","185","Maine","4/22/20","156","29","23031","18.59"
"Allegany","6","58","Maryland","4/22/20","17","41","24001","241.18"
"Anne Arundel","49","1190","Maryland","4/22/20","845","345","24003","40.83"
"Baltimore","75","2012","Maryland","4/22/20","1485","527","24005","35.49"
"Baltimore City","77","1602","Maryland","4/22/20","1060","542","24510","51.13"
"Calvert","2","118","Maryland","4/22/20","102","16","24009","15.69"
"Caroline","3","41","Maryland","4/22/20","22","19","24011","86.36"
"Carroll","12","344","Maryland","4/22/20","262","82","24013","31.3"
"Cecil","6","134","Maryland","4/22/20","90","44","24015","48.89"
"Charles","17","427","Maryland","4/22/20","310","117","24017","37.74"
"Dorchester","2","28","Maryland","4/22/20","16","12","24019","75"
"Frederick","31","658","Maryland","4/22/20","442","216","24021","48.87"
"Garrett","0","4","Maryland","4/22/20","4","0","24023","0"
"Harford","16","267","Maryland","4/22/20","152","115","24025","75.66"
"Howard","24","592","Maryland","4/22/20","424","168","24027","39.62"
"Kent","4","36","Maryland","4/22/20","11","25","24029","227.27"
"Montgomery","134","2868","Maryland","4/22/20","1933","935","24031","48.37"
"Prince George's","194","3875","Maryland","4/22/20","2516","1359","24033","54.01"
"Queen Anne's","2","31","Maryland","4/22/20","19","12","24035","63.16"
"Somerset","1","11","Maryland","4/22/20","5","6","24039","120"
"St. Mary's","2","112","Maryland","4/22/20","99","13","24037","13.13"
"Talbot","1","23","Maryland","4/22/20","14","9","24041","64.29"
"Washington","3","127","Maryland","4/22/20","106","21","24043","19.81"
"Wicomico","15","183","Maryland","4/22/20","76","107","24045","140.79"
"Worcester","2","34","Maryland","4/22/20","22","12","24047","54.55"
"Barnstable","23","688","Massachusetts","4/22/20","530","158","25001","29.81"
"Berkshire","6","411","Massachusetts","4/22/20","370","41","25003","11.08"
"Bristol","63","1946","Massachusetts","4/22/20","1508","438","25005","29.05"
"Dukes and Nantucket","1","25","Massachusetts","4/22/20","21","4","00000","19.05"
"Essex","285","5886","Massachusetts","4/22/20","3894","1992","25009","51.16"
"Franklin","6","201","Massachusetts","4/22/20","160","41","25011","25.62"
"Hampden","118","2710","Massachusetts","4/22/20","1885","825","25013","43.77"
"Hampshire","17","357","Massachusetts","4/22/20","239","118","25015","49.37"
"Middlesex","508","10239","Massachusetts","4/22/20","6681","3558","25017","53.26"
"Norfolk","169","4306","Massachusetts","4/22/20","3122","1184","25021","37.92"
"Plymouth","141","3296","Massachusetts","4/22/20","2308","988","25023","42.81"
"Suffolk","414","9174","Massachusetts","4/22/20","6279","2895","25025","46.11"
"Worcester","166","3511","Massachusetts","4/22/20","2350","1161","25027","49.4"
"Alcona","1","6","Michigan","4/22/20","2","4","26001","200"
"Allegan","4","68","Michigan","4/22/20","42","26","26005","61.9"
"Alpena","6","43","Michigan","4/22/20","1","42","26007","4200"
"Antrim","0","10","Michigan","4/22/20","10","0","26009","0"
"Arenac","1","16","Michigan","4/22/20","9","7","26011","77.78"
"Barry","2","34","Michigan","4/22/20","21","13","26015","61.9"
"Bay","5","110","Michigan","4/22/20","73","37","26017","50.68"
"Benzie","1","4","Michigan","4/22/20","0","4","26019","1"
"Berrien","9","277","Michigan","4/22/20","216","61","26021","28.24"
"Branch","2","46","Michigan","4/22/20","33","13","26023","39.39"
"Calhoun","10","188","Michigan","4/22/20","118","70","26025","59.32"
"Cass","1","32","Michigan","4/22/20","26","6","26027","23.08"
"Charlevoix","0","13","Michigan","4/22/20","11","2","26029","18.18"
"Cheboygan","0","19","Michigan","4/22/20","16","3","26031","18.75"
"Chippewa","0","2","Michigan","4/22/20","1","1","26033","100"
"Clare","1","10","Michigan","4/22/20","5","5","26035","100"
"Clinton","1","111","Michigan","4/22/20","105","6","26037","5.71"
"Crawford","3","36","Michigan","4/22/20","18","18","26039","100"
"Delta","0","13","Michigan","4/22/20","10","3","26041","30"
"Dickinson","0","3","Michigan","4/22/20","3","0","26043","0"
"Eaton","5","118","Michigan","4/22/20","82","36","26045","43.9"
"Emmet","0","26","Michigan","4/22/20","25","1","26047","4"
"Federal Correctional Institution (FCI)","3","57","Michigan","4/22/20","36","21","00000","58.33"
"Genesee","43","1415","Michigan","4/22/20","1114","301","26049","27.02"
"Gladwin","1","10","Michigan","4/22/20","6","4","26051","66.67"
"Gogebic","0","4","Michigan","4/22/20","4","0","26053","0"
"Grand Traverse","0","20","Michigan","4/22/20","18","2","26055","11.11"
"Gratiot","0","9","Michigan","4/22/20","8","1","26057","12.5"
"Hillsdale","2","99","Michigan","4/22/20","83","16","26059","19.28"
"Houghton","0","2","Michigan","4/22/20","2","0","26061","0"
"Huron","0","15","Michigan","4/22/20","13","2","26063","15.38"
"Ingham","12","366","Michigan","4/22/20","280","86","26065","30.71"
"Ionia","2","31","Michigan","4/22/20","19","12","26067","63.16"
"Iosco","2","18","Michigan","4/22/20","6","12","26069","200"
"Isabella","2","69","Michigan","4/22/20","56","13","26073","23.21"
"Jackson","14","305","Michigan","4/22/20","208","97","26075","46.63"
"Kalamazoo","16","231","Michigan","4/22/20","117","114","26077","97.44"
"Kalkaska","0","27","Michigan","4/22/20","24","3","26079","12.5"
"Kent","64","842","Michigan","4/22/20","397","445","26081","112.09"
"Lake","0","3","Michigan","4/22/20","3","0","26085","0"
"Lapeer","4","162","Michigan","4/22/20","133","29","26087","21.8"
"Leelanau","0","8","Michigan","4/22/20","5","3","26089","60"
"Lenawee","4","97","Michigan","4/22/20","69","28","26091","40.58"
"Livingston","9","357","Michigan","4/22/20","296","61","26093","20.61"
"Luce","0","1","Michigan","4/22/20","1","0","26095","0"
"Mackinac","0","5","Michigan","4/22/20","4","1","26097","25"
"Macomb","120","4637","Michigan","4/22/20","3797","840","26099","22.12"
"Manistee","0","12","Michigan","4/22/20","11","1","26101","9.09"
"Marquette","1","35","Michigan","4/22/20","27","8","26103","29.63"
"Mason","0","6","Michigan","4/22/20","4","2","26105","50"
"Mecosta","1","16","Michigan","4/22/20","12","4","26107","33.33"
"Menominee","0","1","Michigan","4/22/20","1","0","26109","0"
"Michigan Department of Corrections (MDOC)","26","655","Michigan","4/22/20","472","183","00000","38.77"
"Midland","2","68","Michigan","4/22/20","52","16","26111","30.77"
"Missaukee","2","16","Michigan","4/22/20","2","14","26113","700"
"Monroe","6","256","Michigan","4/22/20","213","43","26115","20.19"
"Montcalm","0","27","Michigan","4/22/20","24","3","26117","12.5"
"Montmorency","1","6","Michigan","4/22/20","1","5","26119","500"
"Muskegon","11","173","Michigan","4/22/20","93","80","26121","86.02"
"Newaygo","1","14","Michigan","4/22/20","9","5","26123","55.56"
"Oakland","144","6968","Michigan","4/22/20","5957","1011","26125","16.97"
"Oceana","0","4","Michigan","4/22/20","3","1","26127","33.33"
"Ogemaw","0","7","Michigan","4/22/20","5","2","26129","40"
"Osceola","0","10","Michigan","4/22/20","7","3","26133","42.86"
"Oscoda","0","4","Michigan","4/22/20","4","0","26135","0"
"Otsego","7","92","Michigan","4/22/20","42","50","26137","119.05"
"Ottawa","11","181","Michigan","4/22/20","106","75","26139","70.75"
"Out of MI","-18","37","Michigan","4/22/20","166","-129","80026","-77.71"
"Presque Isle","1","6","Michigan","4/22/20","2","4","26141","200"
"Roscommon","0","13","Michigan","4/22/20","10","3","26143","30"
"Saginaw","23","476","Michigan","4/22/20","314","162","26145","51.59"
"Sanilac","1","33","Michigan","4/22/20","26","7","26151","26.92"
"Schoolcraft","0","3","Michigan","4/22/20","3","0","26153","0"
"Shiawassee","9","134","Michigan","4/22/20","73","61","26155","83.56"
"St. Clair","8","311","Michigan","4/22/20","254","57","26147","22.44"
"St. Joseph","1","27","Michigan","4/22/20","22","5","26149","22.73"
"Tuscola","3","73","Michigan","4/22/20","49","24","26157","48.98"
"Van Buren","2","49","Michigan","4/22/20","37","12","26159","32.43"
"Washtenaw","18","1012","Michigan","4/22/20","887","125","26161","14.09"
"Wayne","292","14692","Michigan","4/22/20","12645","2047","26163","16.19"
"Wexford","0","9","Michigan","4/22/20","9","0","26165","0"
"Aitkin","0","1","Minnesota","4/22/20","0","1","27001","1"
"Anoka","4","105","Minnesota","4/22/20","76","29","27003","38.16"
"Becker","0","2","Minnesota","4/22/20","1","1","27005","100"
"Beltrami","0","6","Minnesota","4/22/20","5","1","27007","20"
"Benton","0","4","Minnesota","4/22/20","1","3","27009","300"
"Big Stone","0","1","Minnesota","4/22/20","1","0","27011","0"
"Blue Earth","0","26","Minnesota","4/22/20","23","3","27013","13.04"
"Brown","0","8","Minnesota","4/22/20","7","1","27015","14.29"
"Carlton","2","38","Minnesota","4/22/20","27","11","27017","40.74"
"Carver","0","15","Minnesota","4/22/20","14","1","27019","7.14"
"Cass","0","4","Minnesota","4/22/20","4","0","27021","0"
"Chippewa","0","1","Minnesota","4/22/20","0","1","27023","1"
"Chisago","0","7","Minnesota","4/22/20","7","0","27025","0"
"Clay","5","79","Minnesota","4/22/20","43","36","27027","83.72"
"Clearwater","0","3","Minnesota","4/22/20","3","0","27029","0"
"Cottonwood","0","6","Minnesota","4/22/20","6","0","27033","0"
"Crow Wing","0","20","Minnesota","4/22/20","17","3","27035","17.65"
"Dakota","4","130","Minnesota","4/22/20","103","27","27037","26.21"
"Dodge","0","18","Minnesota","4/22/20","16","2","27039","12.5"
"Douglas","0","2","Minnesota","4/22/20","1","1","27041","100"
"Faribault","0","4","Minnesota","4/22/20","4","0","27043","0"
"Fillmore","0","11","Minnesota","4/22/20","10","1","27045","10"
"Freeborn","1","33","Minnesota","4/22/20","27","6","27047","22.22"
"Goodhue","0","19","Minnesota","4/22/20","17","2","27049","11.76"
"Hennepin","60","1073","Minnesota","4/22/20","651","422","27053","64.82"
"Houston","0","1","Minnesota","4/22/20","1","0","27055","0"
"Isanti","0","6","Minnesota","4/22/20","4","2","27059","50"
"Itasca","0","2","Minnesota","4/22/20","2","0","27061","0"
"Jackson","0","3","Minnesota","4/22/20","1","2","27063","200"
"Kandiyohi","0","3","Minnesota","4/22/20","2","1","27067","50"
"Kittson","0","1","Minnesota","4/22/20","0","1","27069","1"
"Koochiching","0","1","Minnesota","4/22/20","1","0","27071","0"
"Lac qui Parle","0","1","Minnesota","4/22/20","1","0","27073","0"
"Le Sueur","0","22","Minnesota","4/22/20","21","1","27079","4.76"
"Lincoln","0","2","Minnesota","4/22/20","2","0","27081","0"
"Lyon","0","6","Minnesota","4/22/20","5","1","27083","20"
"Mahnomen","0","1","Minnesota","4/22/20","1","0","27087","0"
"Marshall","0","1","Minnesota","4/22/20","0","1","27089","1"
"Martin","0","41","Minnesota","4/22/20","39","2","27091","5.13"
"McLeod","0","3","Minnesota","4/22/20","2","1","27085","50"
"Meeker","0","3","Minnesota","4/22/20","3","0","27093","0"
"Mille Lacs","0","1","Minnesota","4/22/20","0","1","27095","1"
"Morrison","0","1","Minnesota","4/22/20","0","1","27097","1"
"Mower","0","27","Minnesota","4/22/20","25","2","27099","8"
"Murray","0","3","Minnesota","4/22/20","1","2","27101","200"
"Nicollet","0","8","Minnesota","4/22/20","7","1","27103","14.29"
"Nobles","18","126","Minnesota","4/22/20","2","124","27105","6200"
"Norman","1","6","Minnesota","4/22/20","1","5","27107","500"
"Olmsted","7","204","Minnesota","4/22/20","153","51","27109","33.33"
"Otter Tail","0","6","Minnesota","4/22/20","4","2","27111","50"
"Pennington","0","1","Minnesota","4/22/20","0","1","27113","1"
"Pine","1","15","Minnesota","4/22/20","6","9","27115","150"
"Pipestone","0","2","Minnesota","4/22/20","1","1","27117","100"
"Polk","2","17","Minnesota","4/22/20","1","16","27119","1600"
"Ramsey","8","219","Minnesota","4/22/20","164","55","27123","33.54"
"Red Lake","0","1","Minnesota","4/22/20","1","0","27125","0"
"Redwood","0","1","Minnesota","4/22/20","1","0","27127","0"
"Renville","0","3","Minnesota","4/22/20","3","0","27129","0"
"Rice","0","7","Minnesota","4/22/20","5","2","27131","40"
"Rock","0","5","Minnesota","4/22/20","2","3","27133","150"
"Roseau","0","1","Minnesota","4/22/20","1","0","27135","0"
"Scott","1","28","Minnesota","4/22/20","20","8","27139","40"
"Sherburne","0","13","Minnesota","4/22/20","11","2","27141","18.18"
"Sibley","0","1","Minnesota","4/22/20","1","0","27143","0"
"St. Louis","2","54","Minnesota","4/22/20","43","11","27137","25.58"
"Stearns","2","20","Minnesota","4/22/20","7","13","27145","185.71"
"Steele","0","10","Minnesota","4/22/20","9","1","27147","11.11"
"Swift","0","1","Minnesota","4/22/20","1","0","27151","0"
"Todd","0","3","Minnesota","4/22/20","2","1","27153","50"
"Traverse","0","2","Minnesota","4/22/20","2","0","27155","0"
"Wabasha","0","8","Minnesota","4/22/20","7","1","27157","14.29"
"Waseca","0","3","Minnesota","4/22/20","3","0","27161","0"
"Washington","2","100","Minnesota","4/22/20","88","12","27163","13.64"
"Watonwan","0","4","Minnesota","4/22/20","4","0","27165","0"
"Wilkin","0","10","Minnesota","4/22/20","7","3","27167","42.86"
"Winona","1","61","Minnesota","4/22/20","51","10","27169","19.61"
"Wright","1","30","Minnesota","4/22/20","21","9","27171","42.86"
"Yellow Medicine","0","3","Minnesota","4/22/20","3","0","27173","0"
"Adams","5","96","Mississippi","4/22/20","64","32","28001","50"
"Alcorn","0","7","Mississippi","4/22/20","7","0","28003","0"
"Amite","1","20","Mississippi","4/22/20","15","5","28005","33.33"
"Attala","4","51","Mississippi","4/22/20","25","26","28007","104"
"Benton","0","8","Mississippi","4/22/20","5","3","28009","60"
"Bolivar","2","87","Mississippi","4/22/20","70","17","28011","24.29"
"Calhoun","2","43","Mississippi","4/22/20","27","16","28013","59.26"
"Carroll","1","15","Mississippi","4/22/20","9","6","28015","66.67"
"Chickasaw","3","51","Mississippi","4/22/20","33","18","28017","54.55"
"Choctaw","0","13","Mississippi","4/22/20","11","2","28019","18.18"
"Claiborne","1","12","Mississippi","4/22/20","8","4","28021","50"
"Clarke","2","36","Mississippi","4/22/20","19","17","28023","89.47"
"Clay","1","27","Mississippi","4/22/20","21","6","28025","28.57"
"Coahoma","1","53","Mississippi","4/22/20","43","10","28027","23.26"
"Copiah","2","52","Mississippi","4/22/20","35","17","28029","48.57"
"Covington","3","38","Mississippi","4/22/20","19","19","28031","100"
"DeSoto","6","244","Mississippi","4/22/20","199","45","28033","22.61"
"Forrest","5","158","Mississippi","4/22/20","122","36","28035","29.51"
"Franklin","1","16","Mississippi","4/22/20","10","6","28037","60"
"George","0","10","Mississippi","4/22/20","8","2","28039","25"
"Greene","0","4","Mississippi","4/22/20","3","1","28041","33.33"
"Grenada","2","27","Mississippi","4/22/20","14","13","28043","92.86"
"Hancock","1","54","Mississippi","4/22/20","49","5","28045","10.2"
"Harrison","3","150","Mississippi","4/22/20","129","21","28047","16.28"
"Hinds","14","377","Mississippi","4/22/20","280","97","28049","34.64"
"Holmes","4","78","Mississippi","4/22/20","52","26","28051","50"
"Humphreys","0","14","Mississippi","4/22/20","12","2","28053","16.67"
"Itawamba","2","27","Mississippi","4/22/20","11","16","28057","145.45"
"Jackson","6","221","Mississippi","4/22/20","182","39","28059","21.43"
"Jasper","1","24","Mississippi","4/22/20","15","9","28061","60"
"Jefferson","0","5","Mississippi","4/22/20","4","1","28063","25"
"Jefferson Davis","1","12","Mississippi","4/22/20","7","5","28065","71.43"
"Jones","7","88","Mississippi","4/22/20","42","46","28067","109.52"
"Kemper","1","25","Mississippi","4/22/20","15","10","28069","66.67"
"Lafayette","5","70","Mississippi","4/22/20","36","34","28071","94.44"
"Lamar","4","79","Mississippi","4/22/20","48","31","28073","64.58"
"Lauderdale","10","235","Mississippi","4/22/20","165","70","28075","42.42"
"Lawrence","2","22","Mississippi","4/22/20","7","15","28077","214.29"
"Leake","10","108","Mississippi","4/22/20","40","68","28079","170"
"Lee","3","64","Mississippi","4/22/20","46","18","28081","39.13"
"Leflore","8","113","Mississippi","4/22/20","55","58","28083","105.45"
"Lincoln","6","121","Mississippi","4/22/20","81","40","28085","49.38"
"Lowndes","1","36","Mississippi","4/22/20","27","9","28087","33.33"
"Madison","6","151","Mississippi","4/22/20","112","39","28089","34.82"
"Marion","2","48","Mississippi","4/22/20","34","14","28091","41.18"
"Marshall","1","39","Mississippi","4/22/20","35","4","28093","11.43"
"Monroe","8","99","Mississippi","4/22/20","46","53","28095","115.22"
"Montgomery","0","16","Mississippi","4/22/20","15","1","28097","6.67"
"Neshoba","8","91","Mississippi","4/22/20","35","56","28099","160"
"Newton","3","33","Mississippi","4/22/20","14","19","28101","135.71"
"Noxubee","2","24","Mississippi","4/22/20","10","14","28103","140"
"Oktibbeha","0","44","Mississippi","4/22/20","41","3","28105","7.32"
"Panola","2","37","Mississippi","4/22/20","26","11","28107","42.31"
"Pearl River","5","136","Mississippi","4/22/20","102","34","28109","33.33"
"Perry","0","22","Mississippi","4/22/20","20","2","28111","10"
"Pike","7","118","Mississippi","4/22/20","72","46","28113","63.89"
"Pontotoc","0","18","Mississippi","4/22/20","15","3","28115","20"
"Prentiss","2","28","Mississippi","4/22/20","15","13","28117","86.67"
"Quitman","0","13","Mississippi","4/22/20","13","0","28119","0"
"Rankin","5","148","Mississippi","4/22/20","113","35","28121","30.97"
"Scott","12","163","Mississippi","4/22/20","79","84","28123","106.33"
"Sharkey","0","3","Mississippi","4/22/20","3","0","28125","0"
"Simpson","3","32","Mississippi","4/22/20","12","20","28127","166.67"
"Smith","2","51","Mississippi","4/22/20","36","15","28129","41.67"
"Stone","1","21","Mississippi","4/22/20","15","6","28131","40"
"Sunflower","1","50","Mississippi","4/22/20","42","8","28133","19.05"
"Tallahatchie","0","9","Mississippi","4/22/20","6","3","28135","50"
"Tate","1","35","Mississippi","4/22/20","26","9","28137","34.62"
"Tippah","1","49","Mississippi","4/22/20","45","4","28139","8.89"
"Tishomingo","0","5","Mississippi","4/22/20","2","3","28141","150"
"Tunica","2","34","Mississippi","4/22/20","23","11","28143","47.83"
"Union","0","12","Mississippi","4/22/20","9","3","28145","33.33"
"Walthall","0","25","Mississippi","4/22/20","22","3","28147","13.64"
"Warren","2","29","Mississippi","4/22/20","15","14","28149","93.33"
"Washington","1","71","Mississippi","4/22/20","62","9","28151","14.52"
"Wayne","0","11","Mississippi","4/22/20","9","2","28153","22.22"
"Webster","0","16","Mississippi","4/22/20","14","2","28155","14.29"
"Wilkinson","2","66","Mississippi","4/22/20","51","15","28157","29.41"
"Winston","2","36","Mississippi","4/22/20","22","14","28159","63.64"
"Yalobusha","0","17","Mississippi","4/22/20","14","3","28161","21.43"
"Yazoo","5","103","Mississippi","4/22/20","65","38","28163","58.46"
"Adair","0","12","Missouri","4/22/20","12","0","29001","0"
"Andrew","0","1","Missouri","4/22/20","1","0","29003","0"
"Atchison","0","2","Missouri","4/22/20","2","0","29005","0"
"Audrain","0","1","Missouri","4/22/20","0","1","29007","1"
"Barry","0","5","Missouri","4/22/20","2","3","29009","150"
"Bates","0","6","Missouri","4/22/20","6","0","29013","0"
"Benton","0","3","Missouri","4/22/20","3","0","29015","0"
"Bollinger","0","3","Missouri","4/22/20","3","0","29017","0"
"Boone","1","97","Missouri","4/22/20","87","10","29019","11.49"
"Buchanan","2","35","Missouri","4/22/20","22","13","29021","59.09"
"Butler","1","24","Missouri","4/22/20","16","8","29023","50"
"Caldwell","0","2","Missouri","4/22/20","1","1","29025","100"
"Callaway","0","21","Missouri","4/22/20","20","1","29027","5"
"Camden","1","35","Missouri","4/22/20","26","9","29029","34.62"
"Cape Girardeau","1","40","Missouri","4/22/20","30","10","29031","33.33"
"Carroll","0","1","Missouri","4/22/20","0","1","29033","1"
"Carter","0","3","Missouri","4/22/20","3","0","29035","0"
"Cass","1","55","Missouri","4/22/20","45","10","29037","22.22"
"Cedar","0","5","Missouri","4/22/20","5","0","29039","0"
"Chariton","0","4","Missouri","4/22/20","4","0","29041","0"
"Christian","0","19","Missouri","4/22/20","19","0","29043","0"
"Clark","0","1","Missouri","4/22/20","1","0","29045","0"
"Clay","1","61","Missouri","4/22/20","51","10","29047","19.61"
"Clinton","0","11","Missouri","4/22/20","11","0","29049","0"
"Cole","1","46","Missouri","4/22/20","38","8","29051","21.05"
"Cooper","0","5","Missouri","4/22/20","4","1","29053","25"
"Crawford","0","5","Missouri","4/22/20","5","0","29055","0"
"Dallas","0","2","Missouri","4/22/20","2","0","29059","0"
"Daviess","0","2","Missouri","4/22/20","0","2","29061","1"
"DeKalb","0","3","Missouri","4/22/20","3","0","29063","0"
"Dunklin","0","19","Missouri","4/22/20","17","2","29069","11.76"
"Franklin","3","105","Missouri","4/22/20","87","18","29071","20.69"
"Gasconade","0","2","Missouri","4/22/20","2","0","29073","0"
"Gentry","0","1","Missouri","4/22/20","1","0","29075","0"
"Greene","2","92","Missouri","4/22/20","80","12","29077","15"
"Harrison","0","6","Missouri","4/22/20","6","0","29081","0"
"Henry","0","6","Missouri","4/22/20","5","1","29083","20"
"Holt","0","1","Missouri","4/22/20","0","1","29087","1"
"Howard","0","2","Missouri","4/22/20","2","0","29089","0"
"Howell","0","5","Missouri","4/22/20","4","1","29091","25"
"Iron","0","2","Missouri","4/22/20","1","1","29093","100"
"Jackson","7","288","Missouri","4/22/20","237","51","29095","21.52"
"Jasper","0","30","Missouri","4/22/20","27","3","29097","11.11"
"Jefferson","14","238","Missouri","4/22/20","139","99","29099","71.22"
"Johnson","1","52","Missouri","4/22/20","45","7","29101","15.56"
"Kansas City","14","448","Missouri","4/22/20","351","97","00000","27.64"
"Lafayette","0","30","Missouri","4/22/20","28","2","29107","7.14"
"Lewis","0","1","Missouri","4/22/20","0","1","29111","1"
"Lincoln","3","59","Missouri","4/22/20","35","24","29113","68.57"
"Linn","0","5","Missouri","4/22/20","5","0","29115","0"
"Livingston","0","2","Missouri","4/22/20","2","0","29117","0"
"Macon","0","2","Missouri","4/22/20","2","0","29121","0"
"Madison","0","1","Missouri","4/22/20","1","0","29123","0"
"Maries","0","2","Missouri","4/22/20","2","0","29125","0"
"Marion","1","4","Missouri","4/22/20","0","4","29127","1"
"McDonald","0","4","Missouri","4/22/20","4","0","29119","0"
"Miller","0","1","Missouri","4/22/20","0","1","29131","1"
"Mississippi","0","1","Missouri","4/22/20","0","1","29133","1"
"Moniteau","8","59","Missouri","4/22/20","4","55","29135","1375"
"Montgomery","0","7","Missouri","4/22/20","6","1","29139","16.67"
"Morgan","0","3","Missouri","4/22/20","1","2","29141","200"
"New Madrid","0","9","Missouri","4/22/20","8","1","29143","12.5"
"Newton","0","10","Missouri","4/22/20","9","1","29145","11.11"
"Nodaway","0","3","Missouri","4/22/20","3","0","29147","0"
"Oregon","0","1","Missouri","4/22/20","1","0","29149","0"
"Osage","0","5","Missouri","4/22/20","4","1","29151","25"
"Pemiscot","1","17","Missouri","4/22/20","8","9","29155","112.5"
"Perry","0","38","Missouri","4/22/20","38","0","29157","0"
"Pettis","3","21","Missouri","4/22/20","3","18","29159","600"
"Phelps","0","1","Missouri","4/22/20","1","0","29161","0"
"Pike","0","6","Missouri","4/22/20","6","0","29163","0"
"Platte","0","27","Missouri","4/22/20","26","1","29165","3.85"
"Polk","0","1","Missouri","4/22/20","1","0","29167","0"
"Pulaski","2","31","Missouri","4/22/20","16","15","29169","93.75"
"Ralls","0","1","Missouri","4/22/20","1","0","29173","0"
"Randolph","0","8","Missouri","4/22/20","8","0","29175","0"
"Ray","0","7","Missouri","4/22/20","7","0","29177","0"
"Reynolds","0","2","Missouri","4/22/20","2","0","29179","0"
"Ripley","0","4","Missouri","4/22/20","3","1","29181","33.33"
"Saline","9","96","Missouri","4/22/20","35","61","29195","174.29"
"Scotland","0","4","Missouri","4/22/20","3","1","29199","33.33"
"Scott","5","59","Missouri","4/22/20","26","33","29201","126.92"
"Shelby","0","1","Missouri","4/22/20","1","0","29205","0"
"St. Charles","11","474","Missouri","4/22/20","400","74","29183","18.5"
"St. Clair","0","2","Missouri","4/22/20","2","0","29185","0"
"St. Francois","0","24","Missouri","4/22/20","23","1","29187","4.35"
"St. Louis","76","2576","Missouri","4/22/20","2045","531","29189","25.97"
"St. Louis City","26","924","Missouri","4/22/20","743","181","29510","24.36"
"Ste. Genevieve","0","7","Missouri","4/22/20","7","0","29186","0"
"Stoddard","1","19","Missouri","4/22/20","12","7","29207","58.33"
"Stone","0","3","Missouri","4/22/20","3","0","29209","0"
"Taney","0","9","Missouri","4/22/20","8","1","29213","12.5"
"Vernon","0","4","Missouri","4/22/20","3","1","29217","33.33"
"Warren","1","22","Missouri","4/22/20","17","5","29219","29.41"
"Washington","1","6","Missouri","4/22/20","1","5","29221","500"
"Webster","1","13","Missouri","4/22/20","5","8","29225","160"
"Worth","0","1","Missouri","4/22/20","1","0","29227","0"
"Wright","0","9","Missouri","4/22/20","9","0","29229","0"
"Beaverhead","0","1","Montana","4/22/20","1","0","30001","0"
"Big Horn","0","3","Montana","4/22/20","2","1","30003","50"
"Broadwater","0","4","Montana","4/22/20","4","0","30007","0"
"Carbon","0","6","Montana","4/22/20","6","0","30009","0"
"Cascade","0","13","Montana","4/22/20","13","0","30013","0"
"Deer Lodge","0","3","Montana","4/22/20","3","0","30023","0"
"Flathead","0","37","Montana","4/22/20","37","0","30029","0"
"Gallatin","1","145","Montana","4/22/20","139","6","30031","4.32"
"Glacier","0","4","Montana","4/22/20","4","0","30035","0"
"Golden Valley","0","3","Montana","4/22/20","1","2","30037","200"
"Hill","0","1","Montana","4/22/20","1","0","30041","0"
"Jefferson","0","2","Montana","4/22/20","2","0","30043","0"
"Lake","0","5","Montana","4/22/20","5","0","30047","0"
"Lewis and Clark","0","16","Montana","4/22/20","16","0","30049","0"
"Liberty","0","1","Montana","4/22/20","1","0","30051","0"
"Lincoln","0","7","Montana","4/22/20","7","0","30053","0"
"Madison","0","8","Montana","4/22/20","8","0","30057","0"
"Meagher","0","1","Montana","4/22/20","1","0","30059","0"
"Missoula","1","39","Montana","4/22/20","30","9","30063","30"
"Musselshell","0","1","Montana","4/22/20","1","0","30065","0"
"Park","0","7","Montana","4/22/20","7","0","30067","0"
"Pondera","0","2","Montana","4/22/20","1","1","30073","100"
"Ravalli","0","5","Montana","4/22/20","5","0","30081","0"
"Richland","0","3","Montana","4/22/20","3","0","30083","0"
"Roosevelt","0","7","Montana","4/22/20","4","3","30085","75"
"Silver Bow","0","11","Montana","4/22/20","11","0","30093","0"
"Stillwater","0","1","Montana","4/22/20","1","0","30095","0"
"Toole","0","29","Montana","4/22/20","26","3","30101","11.54"
"Yellowstone","1","74","Montana","4/22/20","64","10","30111","15.62"
"Adams","6","103","Nebraska","4/22/20","62","41","31001","66.13"
"Antelope","0","1","Nebraska","4/22/20","1","0","31003","0"
"Box Butte","0","1","Nebraska","4/22/20","1","0","31013","0"
"Buffalo","3","61","Nebraska","4/22/20","38","23","31019","60.53"
"Burt","0","1","Nebraska","4/22/20","1","0","31021","0"
"Butler","0","1","Nebraska","4/22/20","0","1","31023","1"
"Cass","0","3","Nebraska","4/22/20","3","0","31025","0"
"Cherry","0","1","Nebraska","4/22/20","1","0","31031","0"
"Cheyenne","0","5","Nebraska","4/22/20","2","3","31033","150"
"Clay","0","5","Nebraska","4/22/20","2","3","31035","150"
"Colfax","0","5","Nebraska","4/22/20","4","1","31037","25"
"Cuming","0","2","Nebraska","4/22/20","2","0","31039","0"
"Custer","0","20","Nebraska","4/22/20","19","1","31041","5.26"
"Dakota","12","86","Nebraska","4/22/20","2","84","31043","4200"
"Dawson","26","197","Nebraska","4/22/20","18","179","31047","994.44"
"Dixon","0","1","Nebraska","4/22/20","0","1","31051","1"
"Dodge","1","18","Nebraska","4/22/20","12","6","31053","50"
"Douglas","8","310","Nebraska","4/22/20","251","59","31055","23.51"
"Fillmore","0","1","Nebraska","4/22/20","0","1","31059","1"
"Franklin","0","3","Nebraska","4/22/20","3","0","31061","0"
"Furnas","0","2","Nebraska","4/22/20","0","2","31065","1"
"Gage","0","28","Nebraska","4/22/20","26","2","31067","7.69"
"Gosper","1","7","Nebraska","4/22/20","1","6","31073","600"
"Hall","53","588","Nebraska","4/22/20","214","374","31079","174.77"
"Hamilton","2","27","Nebraska","4/22/20","13","14","31081","107.69"
"Howard","1","5","Nebraska","4/22/20","0","5","31093","1"
"Johnson","0","2","Nebraska","4/22/20","1","1","31097","100"
"Kearney","0","4","Nebraska","4/22/20","3","1","31099","33.33"
"Kimball","0","9","Nebraska","4/22/20","9","0","31105","0"
"Knox","0","2","Nebraska","4/22/20","2","0","31107","0"
"Lancaster","6","97","Nebraska","4/22/20","57","40","31109","70.18"
"Lincoln","0","18","Nebraska","4/22/20","17","1","31111","5.88"
"Madison","1","16","Nebraska","4/22/20","6","10","31119","166.67"
"Merrick","1","9","Nebraska","4/22/20","2","7","31121","350"
"Morrill","0","1","Nebraska","4/22/20","0","1","31123","1"
"Nance","0","1","Nebraska","4/22/20","0","1","31125","1"
"Nemaha","0","1","Nebraska","4/22/20","1","0","31127","0"
"Otoe","0","1","Nebraska","4/22/20","1","0","31131","0"
"Phelps","0","1","Nebraska","4/22/20","1","0","31137","0"
"Pierce","0","1","Nebraska","4/22/20","1","0","31139","0"
"Platte","1","11","Nebraska","4/22/20","6","5","31141","83.33"
"Polk","1","6","Nebraska","4/22/20","2","4","31143","200"
"Red Willow","0","1","Nebraska","4/22/20","0","1","31145","1"
"Saline","2","16","Nebraska","4/22/20","1","15","31151","1500"
"Sarpy","2","57","Nebraska","4/22/20","46","11","31153","23.91"
"Saunders","0","6","Nebraska","4/22/20","6","0","31155","0"
"Scotts Bluff","1","22","Nebraska","4/22/20","14","8","31157","57.14"
"Seward","0","4","Nebraska","4/22/20","1","3","31159","300"
"Stanton","0","2","Nebraska","4/22/20","1","1","31167","100"
"Washington","0","21","Nebraska","4/22/20","22","-1","31177","-4.55"
"Wayne","0","1","Nebraska","4/22/20","1","0","31179","0"
"Webster","0","2","Nebraska","4/22/20","1","1","31181","100"
"York","0","7","Nebraska","4/22/20","4","3","31185","75"
"Carson City","0","28","Nevada","4/22/20","25","3","32510","12"
"Churchill","0","3","Nevada","4/22/20","0","3","32001","1"
"Clark","94","3218","Nevada","4/22/20","2559","659","32003","25.75"
"Douglas","0","16","Nevada","4/22/20","13","3","32005","23.08"
"Elko","0","12","Nevada","4/22/20","11","1","32007","9.09"
"Humboldt","2","34","Nevada","4/22/20","20","14","32013","70"
"Lander","0","1","Nevada","4/22/20","0","1","32015","1"
"Lincoln","0","0","Nevada","4/22/20","1","-1","32017","-100"
"Lyon","1","19","Nevada","4/22/20","10","9","32019","90"
"Mineral","0","2","Nevada","4/22/20","0","2","32021","1"
"Nye","2","29","Nevada","4/22/20","15","14","32023","93.33"
"Washoe","23","710","Nevada","4/22/20","549","161","32031","29.33"
"White Pine","0","3","Nevada","4/22/20","3","0","32033","0"
"Belknap","1","28","New Hampshire","4/22/20","24","4","33001","16.67"
"Carroll","0","30","New Hampshire","4/22/20","29","1","33003","3.45"
"Cheshire","1","33","New Hampshire","4/22/20","26","7","33005","26.92"
"Coos","0","2","New Hampshire","4/22/20","2","0","33007","0"
"Grafton","0","45","New Hampshire","4/22/20","44","1","33009","2.27"
"Hillsborough","32","681","New Hampshire","4/22/20","458","223","33011","48.69"
"Merrimack","3","105","New Hampshire","4/22/20","81","24","33013","29.63"
"Rockingham","17","519","New Hampshire","4/22/20","399","120","33015","30.08"
"Strafford","7","118","New Hampshire","4/22/20","69","49","33017","71.01"
"Sullivan","0","10","New Hampshire","4/22/20","7","3","33019","42.86"
"Atlantic","26","505","New Jersey","4/22/20","322","183","34001","56.83"
"Bergen","405","13686","New Jersey","4/22/20","10848","2838","34003","26.16"
"Burlington","88","1878","New Jersey","4/22/20","1261","617","34005","48.93"
"Camden","134","2528","New Jersey","4/22/20","1587","941","34007","59.29"
"Cape May","7","227","New Jersey","4/22/20","178","49","34009","27.53"
"Cumberland","25","382","New Jersey","4/22/20","210","172","34011","81.9"
"Essex","401","11387","New Jersey","4/22/20","8579","2808","34013","32.73"
"Gloucester","36","856","New Jersey","4/22/20","602","254","34015","42.19"
"Hudson","511","12088","New Jersey","4/22/20","8511","3577","34017","42.03"
"Hunterdon","11","434","New Jersey","4/22/20","356","78","34019","21.91"
"Mercer","141","2845","New Jersey","4/22/20","1856","989","34021","53.29"
"Middlesex","353","9047","New Jersey","4/22/20","6576","2471","34023","37.58"
"Monmouth","138","5086","New Jersey","4/22/20","4122","964","34025","23.39"
"Morris","147","4556","New Jersey","4/22/20","3525","1031","34027","29.25"
"Ocean","174","5234","New Jersey","4/22/20","4016","1218","34029","30.33"
"Passaic","377","9392","New Jersey","4/22/20","6750","2642","34031","39.14"
"Salem","7","134","New Jersey","4/22/20","84","50","34033","59.52"
"Somerset","98","2688","New Jersey","4/22/20","2001","687","34035","34.33"
"Sussex","27","743","New Jersey","4/22/20","551","192","34037","34.85"
"Union","435","10484","New Jersey","4/22/20","7438","3046","34039","40.95"
"Warren","32","689","New Jersey","4/22/20","468","221","34041","47.22"
"Bernalillo","18","600","New Mexico","4/22/20","477","123","35001","25.79"
"Catron","0","1","New Mexico","4/22/20","1","0","35003","0"
"Chaves","0","21","New Mexico","4/22/20","19","2","35005","10.53"
"Cibola","1","35","New Mexico","4/22/20","29","6","35006","20.69"
"Colfax","0","5","New Mexico","4/22/20","2","3","35007","150"
"Curry","0","10","New Mexico","4/22/20","10","0","35009","0"
"Dona Ana","4","82","New Mexico","4/22/20","54","28","35013","51.85"
"Eddy","1","11","New Mexico","4/22/20","7","4","35015","57.14"
"Grant","0","14","New Mexico","4/22/20","11","3","35017","27.27"
"Guadalupe","0","2","New Mexico","4/22/20","0","2","35019","1"
"Lea","0","5","New Mexico","4/22/20","2","3","35025","150"
"Lincoln","0","2","New Mexico","4/22/20","1","1","35027","100"
"Los Alamos","0","6","New Mexico","4/22/20","6","0","35028","0"
"Luna","0","3","New Mexico","4/22/20","2","1","35029","50"
"McKinley","40","519","New Mexico","4/22/20","242","277","35031","114.46"
"Otero","0","3","New Mexico","4/22/20","3","0","35035","0"
"Quay","0","3","New Mexico","4/22/20","1","2","35037","200"
"Rio Arriba","0","11","New Mexico","4/22/20","10","1","35039","10"
"Roosevelt","0","4","New Mexico","4/22/20","1","3","35041","300"
"San Juan","20","339","New Mexico","4/22/20","200","139","35045","69.5"
"San Miguel","0","2","New Mexico","4/22/20","2","0","35047","0"
"Sandoval","11","341","New Mexico","4/22/20","262","79","35043","30.15"
"Santa Fe","2","93","New Mexico","4/22/20","78","15","35049","19.23"
"Socorro","3","34","New Mexico","4/22/20","16","18","35053","112.5"
"Taos","0","16","New Mexico","4/22/20","15","1","35055","6.67"
"Torrance","0","13","New Mexico","4/22/20","12","1","35057","8.33"
"Valencia","2","35","New Mexico","4/22/20","21","14","35061","66.67"
"Albany","27","737","New York","4/22/20","548","189","36001","34.49"
"Allegany","0","30","New York","4/22/20","28","2","36003","7.14"
"Broome","9","219","New York","4/22/20","153","66","36007","43.14"
"Cattaraugus","1","37","New York","4/22/20","32","5","36009","15.62"
"Cayuga","0","36","New York","4/22/20","36","0","36011","0"
"Chautauqua","2","36","New York","4/22/20","24","12","36013","50"
"Chemung","1","75","New York","4/22/20","69","6","36015","8.7"
"Chenango","1","79","New York","4/22/20","71","8","36017","11.27"
"Clinton","2","56","New York","4/22/20","45","11","36019","24.44"
"Columbia","3","120","New York","4/22/20","100","20","36021","20"
"Cortland","0","25","New York","4/22/20","23","2","36023","8.7"
"Delaware","2","62","New York","4/22/20","46","16","36025","34.78"
"Dutchess","49","2391","New York","4/22/20","2048","343","36027","16.75"
"Erie","67","2284","New York","4/22/20","1812","472","36029","26.05"
"Essex","1","22","New York","4/22/20","12","10","36031","83.33"
"Franklin","0","13","New York","4/22/20","13","0","36033","0"
"Fulton","1","28","New York","4/22/20","24","4","36035","16.67"
"Genesee","7","122","New York","4/22/20","76","46","36037","60.53"
"Greene","2","87","New York","4/22/20","73","14","36039","19.18"
"Hamilton","0","3","New York","4/22/20","3","0","36041","0"
"Herkimer","2","53","New York","4/22/20","40","13","36043","32.5"
"Jefferson","1","54","New York","4/22/20","47","7","36045","14.89"
"Lewis","0","9","New York","4/22/20","7","2","36049","28.57"
"Livingston","1","39","New York","4/22/20","34","5","36051","14.71"
"Madison","2","121","New York","4/22/20","110","11","36053","10"
"Monroe","33","1112","New York","4/22/20","884","228","36055","25.79"
"Montgomery","1","38","New York","4/22/20","32","6","36057","18.75"
"Nassau","691","31555","New York","4/22/20","26715","4840","36059","18.12"
"New York","3418","142227","New York","4/22/20","118302","23925","36061","20.22"
"Niagara","6","268","New York","4/22/20","229","39","36063","17.03"
"Oneida","8","301","New York","4/22/20","246","55","36065","22.36"
"Onondaga","15","667","New York","4/22/20","563","104","36067","18.47"
"Ontario","2","73","New York","4/22/20","62","11","36069","17.74"
"Orange","189","7152","New York","4/22/20","5830","1322","36071","22.68"
"Orleans","3","56","New York","4/22/20","33","23","36073","69.7"
"Oswego","1","52","New York","4/22/20","42","10","36075","23.81"
"Otsego","1","49","New York","4/22/20","44","5","36077","11.36"
"Putnam","28","831","New York","4/22/20","634","197","36079","31.07"
"Rensselaer","9","202","New York","4/22/20","140","62","36083","44.29"
"Rockland","175","9699","New York","4/22/20","8474","1225","36087","14.46"
"Saratoga","7","277","New York","4/22/20","227","50","36091","22.03"
"Schenectady","16","352","New York","4/22/20","237","115","36093","48.52"
"Schoharie","0","20","New York","4/22/20","20","0","36095","0"
"Schuyler","0","8","New York","4/22/20","8","0","36097","0"
"Seneca","0","18","New York","4/22/20","18","0","36099","0"
"St. Lawrence","4","123","New York","4/22/20","92","31","36089","33.7"
"Steuben","9","214","New York","4/22/20","151","63","36101","41.72"
"Suffolk","762","28854","New York","4/22/20","23523","5331","36103","22.66"
"Sullivan","24","592","New York","4/22/20","424","168","36105","39.62"
"Tioga","2","39","New York","4/22/20","25","14","36107","56"
"Tompkins","1","123","New York","4/22/20","118","5","36109","4.24"
"Ulster","39","1018","New York","4/22/20","745","273","36111","36.64"
"Warren","4","108","New York","4/22/20","77","31","36113","40.26"
"Washington","4","73","New York","4/22/20","42","31","36115","73.81"
"Wayne","1","52","New York","4/22/20","48","4","36117","8.33"
"Westchester","618","25276","New York","4/22/20","20947","4329","36119","20.67"
"Wyoming","0","44","New York","4/22/20","42","2","36121","4.76"
"Yates","1","11","New York","4/22/20","6","5","36123","83.33"
"Alamance","2","60","North Carolina","4/22/20","43","17","37001","39.53"
"Alexander","0","4","North Carolina","4/22/20","3","1","37003","33.33"
"Alleghany","0","2","North Carolina","4/22/20","2","0","37005","0"
"Anson","1","19","North Carolina","4/22/20","14","5","37007","35.71"
"Ashe","0","4","North Carolina","4/22/20","4","0","37009","0"
"Beaufort","0","16","North Carolina","4/22/20","14","2","37013","14.29"
"Bertie","2","27","North Carolina","4/22/20","16","11","37015","68.75"
"Bladen","0","4","North Carolina","4/22/20","2","2","37017","100"
"Brunswick","0","38","North Carolina","4/22/20","35","3","37019","8.57"
"Buncombe","1","49","North Carolina","4/22/20","39","10","37021","25.64"
"Burke","3","83","North Carolina","4/22/20","60","23","37023","38.33"
"Cabarrus","4","232","North Carolina","4/22/20","204","28","37025","13.73"
"Caldwell","1","23","North Carolina","4/22/20","19","4","37027","21.05"
"Carteret","1","27","North Carolina","4/22/20","22","5","37031","22.73"
"Caswell","1","12","North Carolina","4/22/20","3","9","37033","300"
"Catawba","1","47","North Carolina","4/22/20","38","9","37035","23.68"
"Chatham","8","135","North Carolina","4/22/20","81","54","37037","66.67"
"Cherokee","1","18","North Carolina","4/22/20","14","4","37039","28.57"
"Chowan","0","6","North Carolina","4/22/20","5","1","37041","20"
"Clay","0","6","North Carolina","4/22/20","4","2","37043","50"
"Cleveland","1","45","North Carolina","4/22/20","40","5","37045","12.5"
"Columbus","5","76","North Carolina","4/22/20","40","36","37047","90"
"Craven","1","36","North Carolina","4/22/20","31","5","37049","16.13"
"Cumberland","6","133","North Carolina","4/22/20","90","43","37051","47.78"
"Currituck","0","3","North Carolina","4/22/20","3","0","37053","0"
"Dare","0","15","North Carolina","4/22/20","15","0","37055","0"
"Davidson","2","103","North Carolina","4/22/20","90","13","37057","14.44"
"Davie","0","24","North Carolina","4/22/20","23","1","37059","4.35"
"Duplin","2","35","North Carolina","4/22/20","23","12","37061","52.17"
"Durham","13","439","North Carolina","4/22/20","349","90","37063","25.79"
"Edgecombe","3","60","North Carolina","4/22/20","36","24","37065","66.67"
"Forsyth","2","141","North Carolina","4/22/20","125","16","37067","12.8"
"Franklin","1","75","North Carolina","4/22/20","67","8","37069","11.94"
"Gaston","5","124","North Carolina","4/22/20","91","33","37071","36.26"
"Gates","0","4","North Carolina","4/22/20","4","0","37073","0"
"Granville","3","118","North Carolina","4/22/20","99","19","37077","19.19"
"Greene","0","14","North Carolina","4/22/20","16","-2","37079","-12.5"
"Guilford","12","233","North Carolina","4/22/20","151","82","37081","54.3"
"Halifax","1","39","North Carolina","4/22/20","30","9","37083","30"
"Harnett","2","66","North Carolina","4/22/20","53","13","37085","24.53"
"Haywood","0","5","North Carolina","4/22/20","4","1","37087","25"
"Henderson","7","147","North Carolina","4/22/20","99","48","37089","48.48"
"Hertford","1","11","North Carolina","4/22/20","4","7","37091","175"
"Hoke","1","30","North Carolina","4/22/20","22","8","37093","36.36"
"Iredell","3","94","North Carolina","4/22/20","72","22","37097","30.56"
"Jackson","0","5","North Carolina","4/22/20","4","1","37099","25"
"Johnston","2","123","North Carolina","4/22/20","107","16","37101","14.95"
"Jones","0","12","North Carolina","4/22/20","9","3","37103","33.33"
"Lee","7","66","North Carolina","4/22/20","16","50","37105","312.5"
"Lenoir","3","34","North Carolina","4/22/20","15","19","37107","126.67"
"Lincoln","1","24","North Carolina","4/22/20","15","9","37109","60"
"Macon","0","2","North Carolina","4/22/20","2","0","37113","0"
"Martin","1","11","North Carolina","4/22/20","7","4","37117","57.14"
"McDowell","0","21","North Carolina","4/22/20","20","1","37111","5"
"Mecklenburg","45","1331","North Carolina","4/22/20","1015","316","37119","31.13"
"Mitchell","0","7","North Carolina","4/22/20","4","3","37121","75"
"Montgomery","0","18","North Carolina","4/22/20","16","2","37123","12.5"
"Moore","2","99","North Carolina","4/22/20","88","11","37125","12.5"
"Nash","5","74","North Carolina","4/22/20","42","32","37127","76.19"
"New Hanover","1","69","North Carolina","4/22/20","63","6","37129","9.52"
"Northampton","1","75","North Carolina","4/22/20","69","6","37131","8.7"
"Onslow","0","38","North Carolina","4/22/20","36","2","37133","5.56"
"Orange","5","195","North Carolina","4/22/20","159","36","37135","22.64"
"Pamlico","0","6","North Carolina","4/22/20","6","0","37137","0"
"Pasquotank","2","32","North Carolina","4/22/20","15","17","37139","113.33"
"Pender","1","11","North Carolina","4/22/20","5","6","37141","120"
"Perquimans","-1","8","North Carolina","4/22/20","12","-4","37143","-33.33"
"Person","1","18","North Carolina","4/22/20","13","5","37145","38.46"
"Pitt","4","99","North Carolina","4/22/20","72","27","37147","37.5"
"Polk","0","11","North Carolina","4/22/20","9","2","37149","22.22"
"Randolph","5","97","North Carolina","4/22/20","60","37","37151","61.67"
"Richmond","1","22","North Carolina","4/22/20","14","8","37153","57.14"
"Robeson","5","44","North Carolina","4/22/20","11","33","37155","300"
"Rockingham","0","20","North Carolina","4/22/20","18","2","37157","11.11"
"Rowan","8","269","North Carolina","4/22/20","216","53","37159","24.54"
"Rutherford","5","84","North Carolina","4/22/20","47","37","37161","78.72"
"Sampson","1","23","North Carolina","4/22/20","17","6","37163","35.29"
"Scotland","1","15","North Carolina","4/22/20","9","6","37165","66.67"
"Stanly","1","22","North Carolina","4/22/20","17","5","37167","29.41"
"Stokes","0","10","North Carolina","4/22/20","10","0","37169","0"
"Surry","1","17","North Carolina","4/22/20","10","7","37171","70"
"Transylvania","0","8","North Carolina","4/22/20","6","2","37175","33.33"
"Tyrrell","0","4","North Carolina","4/22/20","3","1","37177","33.33"
"Union","9","179","North Carolina","4/22/20","115","64","37179","55.65"
"Vance","2","36","North Carolina","4/22/20","22","14","37181","63.64"
"Wake","11","613","North Carolina","4/22/20","537","76","37183","14.15"
"Warren","0","3","North Carolina","4/22/20","3","0","37185","0"
"Washington","1","22","North Carolina","4/22/20","18","4","37187","22.22"
"Watauga","0","8","North Carolina","4/22/20","8","0","37189","0"
"Wayne","71","585","North Carolina","4/22/20","87","498","37191","572.41"
"Wilkes","0","5","North Carolina","4/22/20","4","1","37193","25"
"Wilson","7","127","North Carolina","4/22/20","79","48","37195","60.76"
"Yadkin","0","11","North Carolina","4/22/20","11","0","37197","0"
"Barnes","0","3","North Dakota","4/22/20","2","1","38003","50"
"Bowman","0","1","North Dakota","4/22/20","1","0","38011","0"
"Burke","0","2","North Dakota","4/22/20","2","0","38013","0"
"Burleigh","2","65","North Dakota","4/22/20","52","13","38015","25"
"Cass","20","274","North Dakota","4/22/20","135","139","38017","102.96"
"Divide","0","1","North Dakota","4/22/20","1","0","38023","0"
"Dunn","1","10","North Dakota","4/22/20","3","7","38025","233.33"
"Eddy","0","1","North Dakota","4/22/20","1","0","38027","0"
"Emmons","0","1","North Dakota","4/22/20","1","0","38029","0"
"Foster","0","1","North Dakota","4/22/20","1","0","38031","0"
"Grand Forks","19","154","North Dakota","4/22/20","20","134","38035","670"
"Grant","0","1","North Dakota","4/22/20","1","0","38037","0"
"McHenry","0","1","North Dakota","4/22/20","1","0","38049","0"
"McIntosh","0","1","North Dakota","4/22/20","1","0","38051","0"
"McKenzie","0","10","North Dakota","4/22/20","9","1","38053","11.11"
"McLean","0","3","North Dakota","4/22/20","3","0","38055","0"
"Morton","0","23","North Dakota","4/22/20","21","2","38059","9.52"
"Mountrail","0","31","North Dakota","4/22/20","29","2","38061","6.9"
"Nelson","0","1","North Dakota","4/22/20","0","1","38063","1"
"Oliver","0","1","North Dakota","4/22/20","1","0","38065","0"
"Pierce","0","2","North Dakota","4/22/20","2","0","38069","0"
"Ramsey","0","3","North Dakota","4/22/20","3","0","38071","0"
"Richland","0","6","North Dakota","4/22/20","3","3","38077","100"
"Rolette","0","1","North Dakota","4/22/20","1","0","38079","0"
"Sargent","0","1","North Dakota","4/22/20","1","0","38081","0"
"Sioux","0","1","North Dakota","4/22/20","1","0","38085","0"
"Slope","0","3","North Dakota","4/22/20","3","0","38087","0"
"Stark","1","40","North Dakota","4/22/20","34","6","38089","17.65"
"Stutsman","0","3","North Dakota","4/22/20","1","2","38093","200"
"Walsh","0","3","North Dakota","4/22/20","3","0","38099","0"
"Ward","0","21","North Dakota","4/22/20","20","1","38101","5"
"Wells","0","1","North Dakota","4/22/20","0","1","38103","1"
"Williams","0","9","North Dakota","4/22/20","8","1","38105","12.5"
"","0","14","Northern Mariana Islands","4/22/20","13","1",,"7.69"
"Adams","0","4","Ohio","4/22/20","3","1","39001","33.33"
"Allen","6","94","Ohio","4/22/20","51","43","39003","84.31"
"Ashland","0","5","Ohio","4/22/20","6","-1","39005","-16.67"
"Ashtabula","6","80","Ohio","4/22/20","36","44","39007","122.22"
"Athens","0","3","Ohio","4/22/20","3","0","39009","0"
"Auglaize","1","28","Ohio","4/22/20","18","10","39011","55.56"
"Belmont","5","93","Ohio","4/22/20","58","35","39013","60.34"
"Brown","0","10","Ohio","4/22/20","8","2","39015","25"
"Butler","8","192","Ohio","4/22/20","133","59","39017","44.36"
"Carroll","1","18","Ohio","4/22/20","14","4","39019","28.57"
"Champaign","0","7","Ohio","4/22/20","6","1","39021","16.67"
"Clark","1","28","Ohio","4/22/20","21","7","39023","33.33"
"Clermont","3","73","Ohio","4/22/20","49","24","39025","48.98"
"Clinton","0","26","Ohio","4/22/20","23","3","39027","13.04"
"Columbiana","10","195","Ohio","4/22/20","123","72","39029","58.54"
"Coshocton","0","16","Ohio","4/22/20","16","0","39031","0"
"Crawford","2","36","Ohio","4/22/20","23","13","39033","56.52"
"Cuyahoga","62","1713","Ohio","4/22/20","1281","432","39035","33.72"
"Darke","1","62","Ohio","4/22/20","52","10","39037","19.23"
"Defiance","1","17","Ohio","4/22/20","12","5","39039","41.67"
"Delaware","3","128","Ohio","4/22/20","108","20","39041","18.52"
"Erie","4","44","Ohio","4/22/20","16","28","39043","175"
"Fairfield","2","106","Ohio","4/22/20","92","14","39045","15.22"
"Fayette","0","13","Ohio","4/22/20","12","1","39047","8.33"
"Franklin","71","1598","Ohio","4/22/20","1102","496","39049","45.01"
"Fulton","1","18","Ohio","4/22/20","8","10","39051","125"
"Gallia","0","6","Ohio","4/22/20","8","-2","39053","-25"
"Geauga","5","117","Ohio","4/22/20","82","35","39055","42.68"
"Greene","1","39","Ohio","4/22/20","31","8","39057","25.81"
"Guernsey","1","15","Ohio","4/22/20","10","5","39059","50"
"Hamilton","27","785","Ohio","4/22/20","594","191","39061","32.15"
"Hancock","1","30","Ohio","4/22/20","23","7","39063","30.43"
"Hardin","1","20","Ohio","4/22/20","11","9","39065","81.82"
"Harrison","0","2","Ohio","4/22/20","0","2","39067","1"
"Henry","0","4","Ohio","4/22/20","2","2","39069","100"
"Highland","0","8","Ohio","4/22/20","7","1","39071","14.29"
"Hocking","0","5","Ohio","4/22/20","4","1","39073","25"
"Holmes","0","4","Ohio","4/22/20","3","1","39075","33.33"
"Huron","2","25","Ohio","4/22/20","14","11","39077","78.57"
"Jackson","0","4","Ohio","4/22/20","3","1","39079","33.33"
"Jefferson","1","31","Ohio","4/22/20","24","7","39081","29.17"
"Knox","0","13","Ohio","4/22/20","10","3","39083","30"
"Lake","3","145","Ohio","4/22/20","124","21","39085","16.94"
"Lawrence","1","22","Ohio","4/22/20","17","5","39087","29.41"
"Licking","2","103","Ohio","4/22/20","88","15","39089","17.05"
"Logan","1","14","Ohio","4/22/20","8","6","39091","75"
"Lorain","18","332","Ohio","4/22/20","203","129","39093","63.55"
"Lucas","40","878","Ohio","4/22/20","596","282","39095","47.32"
"Madison","1","30","Ohio","4/22/20","24","6","39097","25"
"Mahoning","21","635","Ohio","4/22/20","486","149","39099","30.66"
"Marion","282","2137","Ohio","4/22/20","164","1973","39101","1203.05"
"Medina","3","143","Ohio","4/22/20","122","21","39103","17.21"
"Meigs","0","2","Ohio","4/22/20","2","0","39105","0"
"Mercer","0","14","Ohio","4/22/20","13","1","39107","7.69"
"Miami","1","134","Ohio","4/22/20","125","9","39109","7.2"
"Monroe","0","2","Ohio","4/22/20","2","0","39111","0"
"Montgomery","4","241","Ohio","4/22/20","211","30","39113","14.22"
"Morgan","0","4","Ohio","4/22/20","2","2","39115","100"
"Morrow","2","25","Ohio","4/22/20","14","11","39117","78.57"
"Muskingum","0","9","Ohio","4/22/20","8","1","39119","12.5"
"Noble","0","3","Ohio","4/22/20","3","0","39121","0"
"Ottawa","3","32","Ohio","4/22/20","12","20","39123","166.67"
"Paulding","0","8","Ohio","4/22/20","5","3","39125","60"
"Perry","0","11","Ohio","4/22/20","8","3","39127","37.5"
"Pickaway","212","1658","Ohio","4/22/20","172","1486","39129","863.95"
"Pike","0","2","Ohio","4/22/20","1","1","39131","100"
"Portage","6","197","Ohio","4/22/20","158","39","39133","24.68"
"Preble","1","25","Ohio","4/22/20","20","5","39135","25"
"Putnam","3","24","Ohio","4/22/20","4","20","39137","500"
"Richland","3","68","Ohio","4/22/20","44","24","39139","54.55"
"Ross","1","30","Ohio","4/22/20","21","9","39141","42.86"
"Sandusky","1","17","Ohio","4/22/20","13","4","39143","30.77"
"Scioto","0","6","Ohio","4/22/20","4","2","39145","50"
"Seneca","0","11","Ohio","4/22/20","11","0","39147","0"
"Shelby","0","30","Ohio","4/22/20","27","3","39149","11.11"
"Stark","13","266","Ohio","4/22/20","176","90","39151","51.14"
"Summit","17","415","Ohio","4/22/20","294","121","39153","41.16"
"Trumbull","9","261","Ohio","4/22/20","199","62","39155","31.16"
"Tuscarawas","1","38","Ohio","4/22/20","28","10","39157","35.71"
"Union","1","16","Ohio","4/22/20","11","5","39159","45.45"
"Van Wert","0","3","Ohio","4/22/20","2","1","39161","50"
"Warren","5","118","Ohio","4/22/20","85","33","39165","38.82"
"Washington","4","73","Ohio","4/22/20","47","26","39167","55.32"
"Wayne","4","85","Ohio","4/22/20","56","29","39169","51.79"
"Williams","1","16","Ohio","4/22/20","6","10","39171","166.67"
"Wood","5","98","Ohio","4/22/20","64","34","39173","53.12"
"Wyandot","1","21","Ohio","4/22/20","14","7","39175","50"
"Adair","3","49","Oklahoma","4/22/20","29","20","40001","68.97"
"Alfalfa","0","1","Oklahoma","4/22/20","1","0","40003","0"
"Atoka","0","1","Oklahoma","4/22/20","1","0","40005","0"
"Beaver","0","1","Oklahoma","4/22/20","1","0","40007","0"
"Beckham","0","2","Oklahoma","4/22/20","2","0","40009","0"
"Bryan","0","6","Oklahoma","4/22/20","5","1","40013","20"
"Caddo","3","53","Oklahoma","4/22/20","35","18","40015","51.43"
"Canadian","3","82","Oklahoma","4/22/20","63","19","40017","30.16"
"Carter","0","1","Oklahoma","4/22/20","1","0","40019","0"
"Cherokee","1","25","Oklahoma","4/22/20","21","4","40021","19.05"
"Choctaw","0","3","Oklahoma","4/22/20","3","0","40023","0"
"Cimarron","0","1","Oklahoma","4/22/20","0","1","40025","1"
"Cleveland","11","372","Oklahoma","4/22/20","294","78","40027","26.53"
"Comanche","3","71","Oklahoma","4/22/20","52","19","40031","36.54"
"Cotton","0","5","Oklahoma","4/22/20","5","0","40033","0"
"Craig","0","8","Oklahoma","4/22/20","8","0","40035","0"
"Creek","2","70","Oklahoma","4/22/20","57","13","40037","22.81"
"Custer","0","10","Oklahoma","4/22/20","7","3","40039","42.86"
"Delaware","2","88","Oklahoma","4/22/20","72","16","40041","22.22"
"Dewey","0","2","Oklahoma","4/22/20","2","0","40043","0"
"Garfield","1","11","Oklahoma","4/22/20","7","4","40047","57.14"
"Garvin","0","12","Oklahoma","4/22/20","10","2","40049","20"
"Grady","2","25","Oklahoma","4/22/20","14","11","40051","78.57"
"Grant","0","2","Oklahoma","4/22/20","2","0","40053","0"
"Greer","2","61","Oklahoma","4/22/20","50","11","40055","22"
"Harper","0","1","Oklahoma","4/22/20","0","1","40059","1"
"Haskell","0","3","Oklahoma","4/22/20","0","3","40061","1"
"Jackson","0","8","Oklahoma","4/22/20","6","2","40065","33.33"
"Jefferson","0","2","Oklahoma","4/22/20","1","1","40067","100"
"Johnston","0","3","Oklahoma","4/22/20","2","1","40069","50"
"Kay","0","46","Oklahoma","4/22/20","45","1","40071","2.22"
"Kingfisher","0","6","Oklahoma","4/22/20","6","0","40073","0"
"Kiowa","0","3","Oklahoma","4/22/20","2","1","40075","50"
"Latimer","0","4","Oklahoma","4/22/20","4","0","40077","0"
"Le Flore","1","8","Oklahoma","4/22/20","4","4","40079","100"
"Lincoln","0","10","Oklahoma","4/22/20","10","0","40081","0"
"Logan","0","10","Oklahoma","4/22/20","7","3","40083","42.86"
"Love","0","2","Oklahoma","4/22/20","2","0","40085","0"
"Major","0","2","Oklahoma","4/22/20","2","0","40093","0"
"Marshall","0","2","Oklahoma","4/22/20","1","1","40095","100"
"Mayes","0","19","Oklahoma","4/22/20","16","3","40097","18.75"
"McClain","1","25","Oklahoma","4/22/20","19","6","40087","31.58"
"McCurtain","0","8","Oklahoma","4/22/20","7","1","40089","14.29"
"McIntosh","0","2","Oklahoma","4/22/20","1","1","40091","100"
"Murray","0","1","Oklahoma","4/22/20","0","1","40099","1"
"Muskogee","0","26","Oklahoma","4/22/20","26","0","40101","0"
"Noble","0","6","Oklahoma","4/22/20","6","0","40103","0"
"Nowata","0","14","Oklahoma","4/22/20","11","3","40105","27.27"
"Okfuskee","0","1","Oklahoma","4/22/20","1","0","40107","0"
"Oklahoma","18","607","Oklahoma","4/22/20","483","124","40109","25.67"
"Okmulgee","0","16","Oklahoma","4/22/20","14","2","40111","14.29"
"Osage","1","65","Oklahoma","4/22/20","61","4","40113","6.56"
"Ottawa","1","28","Oklahoma","4/22/20","22","6","40115","27.27"
"Pawnee","0","28","Oklahoma","4/22/20","27","1","40117","3.7"
"Payne","2","40","Oklahoma","4/22/20","29","11","40119","37.93"
"Pittsburg","1","20","Oklahoma","4/22/20","13","7","40121","53.85"
"Pontotoc","0","10","Oklahoma","4/22/20","10","0","40123","0"
"Pottawatomie","1","37","Oklahoma","4/22/20","28","9","40125","32.14"
"Rogers","2","42","Oklahoma","4/22/20","30","12","40131","40"
"Seminole","0","9","Oklahoma","4/22/20","7","2","40133","28.57"
"Sequoyah","0","10","Oklahoma","4/22/20","10","0","40135","0"
"Stephens","1","19","Oklahoma","4/22/20","15","4","40137","26.67"
"Texas","4","34","Oklahoma","4/22/20","9","25","40139","277.78"
"Tillman","0","1","Oklahoma","4/22/20","1","0","40141","0"
"Tulsa","11","437","Oklahoma","4/22/20","362","75","40143","20.72"
"Wagoner","1","112","Oklahoma","4/22/20","102","10","40145","9.8"
"Washington","12","201","Oklahoma","4/22/20","118","83","40147","70.34"
"Woods","0","3","Oklahoma","4/22/20","0","3","40151","1"
"Woodward","0","1","Oklahoma","4/22/20","1","0","40153","0"
"Benton","0","27","Oregon","4/22/20","25","2","41003","8"
"Clackamas","6","183","Oregon","4/22/20","142","41","41005","28.87"
"Clatsop","0","6","Oregon","4/22/20","6","0","41007","0"
"Columbia","0","14","Oregon","4/22/20","14","0","41009","0"
"Coos","0","3","Oregon","4/22/20","1","2","41011","200"
"Crook","0","1","Oregon","4/22/20","1","0","41013","0"
"Curry","0","4","Oregon","4/22/20","3","1","41015","33.33"
"Deschutes","2","66","Oregon","4/22/20","55","11","41017","20"
"Douglas","0","23","Oregon","4/22/20","20","3","41019","15"
"Grant","0","1","Oregon","4/22/20","1","0","41023","0"
"Hood River","0","4","Oregon","4/22/20","4","0","41027","0"
"Jackson","0","48","Oregon","4/22/20","47","1","41029","2.13"
"Jefferson","0","2","Oregon","4/22/20","1","1","41031","100"
"Josephine","0","19","Oregon","4/22/20","19","0","41033","0"
"Klamath","1","33","Oregon","4/22/20","26","7","41035","26.92"
"Lane","1","48","Oregon","4/22/20","44","4","41039","9.09"
"Lincoln","0","5","Oregon","4/22/20","4","1","41041","25"
"Linn","1","63","Oregon","4/22/20","53","10","41043","18.87"
"Malheur","0","5","Oregon","4/22/20","4","1","41045","25"
"Marion","13","388","Oregon","4/22/20","294","94","41047","31.97"
"Morrow","0","5","Oregon","4/22/20","5","0","41049","0"
"Multnomah","19","566","Oregon","4/22/20","430","136","41051","31.63"
"Polk","0","33","Oregon","4/22/20","30","3","41053","10"
"Sherman","0","1","Oregon","4/22/20","1","0","41055","0"
"Tillamook","0","6","Oregon","4/22/20","5","1","41057","20"
"Umatilla","2","29","Oregon","4/22/20","17","12","41059","70.59"
"Union","0","4","Oregon","4/22/20","4","0","41061","0"
"Wallowa","0","1","Oregon","4/22/20","1","0","41063","0"
"Wasco","0","11","Oregon","4/22/20","10","1","41065","10"
"Washington","9","425","Oregon","4/22/20","364","61","41067","16.76"
"Yamhill","0","35","Oregon","4/22/20","32","3","41071","9.38"
"Adams","4","92","Pennsylvania","4/22/20","64","28","42001","43.75"
"Allegheny","26","1088","Pennsylvania","4/22/20","904","184","42003","20.35"
"Armstrong","1","39","Pennsylvania","4/22/20","29","10","42005","34.48"
"Beaver","23","317","Pennsylvania","4/22/20","158","159","42007","100.63"
"Bedford","1","16","Pennsylvania","4/22/20","9","7","42009","77.78"
"Berks","105","2069","Pennsylvania","4/22/20","1335","734","42011","54.98"
"Blair","0","14","Pennsylvania","4/22/20","12","2","42013","16.67"
"Bradford","2","31","Pennsylvania","4/22/20","19","12","42015","63.16"
"Bucks","95","2067","Pennsylvania","4/22/20","1399","668","42017","47.75"
"Butler","2","164","Pennsylvania","4/22/20","150","14","42019","9.33"
"Cambria","1","21","Pennsylvania","4/22/20","14","7","42021","50"
"Cameron","0","1","Pennsylvania","4/22/20","1","0","42023","0"
"Carbon","6","154","Pennsylvania","4/22/20","112","42","42025","37.5"
"Centre","1","77","Pennsylvania","4/22/20","72","5","42027","6.94"
"Chester","39","950","Pennsylvania","4/22/20","675","275","42029","40.74"
"Clarion","0","19","Pennsylvania","4/22/20","16","3","42031","18.75"
"Clearfield","0","11","Pennsylvania","4/22/20","9","2","42033","22.22"
"Clinton","1","13","Pennsylvania","4/22/20","8","5","42035","62.5"
"Columbia","15","239","Pennsylvania","4/22/20","131","108","42037","82.44"
"Crawford","0","17","Pennsylvania","4/22/20","16","1","42039","6.25"
"Cumberland","11","207","Pennsylvania","4/22/20","131","76","42041","58.02"
"Dauphin","22","422","Pennsylvania","4/22/20","271","151","42043","55.72"
"Delaware","117","2757","Pennsylvania","4/22/20","1935","822","42045","42.48"
"Elk","0","2","Pennsylvania","4/22/20","2","0","42047","0"
"Erie","3","62","Pennsylvania","4/22/20","42","20","42049","47.62"
"Fayette","2","70","Pennsylvania","4/22/20","58","12","42051","20.69"
"Forest","0","7","Pennsylvania","4/22/20","5","2","42053","40"
"Franklin","11","152","Pennsylvania","4/22/20","78","74","42055","94.87"
"Fulton","0","2","Pennsylvania","4/22/20","2","0","42057","0"
"Greene","0","25","Pennsylvania","4/22/20","23","2","42059","8.7"
"Huntingdon","0","15","Pennsylvania","4/22/20","12","3","42061","25"
"Indiana","2","56","Pennsylvania","4/22/20","43","13","42063","30.23"
"Jefferson","0","3","Pennsylvania","4/22/20","2","1","42065","50"
"Juniata","4","73","Pennsylvania","4/22/20","47","26","42067","55.32"
"Lackawanna","22","682","Pennsylvania","4/22/20","527","155","42069","29.41"
"Lancaster","59","1326","Pennsylvania","4/22/20","914","412","42071","45.08"
"Lawrence","1","61","Pennsylvania","4/22/20","55","6","42073","10.91"
"Lebanon","27","535","Pennsylvania","4/22/20","349","186","42075","53.3"
"Lehigh","65","2374","Pennsylvania","4/22/20","1922","452","42077","23.52"
"Luzerne","40","1848","Pennsylvania","4/22/20","1567","281","42079","17.93"
"Lycoming","2","43","Pennsylvania","4/22/20","30","13","42081","43.33"
"McKean","0","5","Pennsylvania","4/22/20","4","1","42083","25"
"Mercer","2","59","Pennsylvania","4/22/20","47","12","42085","25.53"
"Mifflin","1","22","Pennsylvania","4/22/20","15","7","42087","46.67"
"Monroe","20","1015","Pennsylvania","4/22/20","872","143","42089","16.4"
"Montgomery","117","3294","Pennsylvania","4/22/20","2475","819","42091","33.09"
"Montour","0","47","Pennsylvania","4/22/20","44","3","42093","6.82"
"Northampton","49","1591","Pennsylvania","4/22/20","1251","340","42095","27.18"
"Northumberland","3","77","Pennsylvania","4/22/20","56","21","42097","37.5"
"Perry","1","23","Pennsylvania","4/22/20","17","6","42099","35.29"
"Philadelphia","370","10028","Pennsylvania","4/22/20","7441","2587","42101","34.77"
"Pike","7","317","Pennsylvania","4/22/20","268","49","42103","18.28"
"Potter","0","4","Pennsylvania","4/22/20","4","0","42105","0"
"Schuylkill","10","283","Pennsylvania","4/22/20","212","71","42107","33.49"
"Snyder","1","31","Pennsylvania","4/22/20","24","7","42109","29.17"
"Somerset","1","19","Pennsylvania","4/22/20","14","5","42111","35.71"
"Sullivan","0","1","Pennsylvania","4/22/20","1","0","42113","0"
"Susquehanna","4","71","Pennsylvania","4/22/20","40","31","42115","77.5"
"Tioga","0","15","Pennsylvania","4/22/20","13","2","42117","15.38"
"Union","1","30","Pennsylvania","4/22/20","23","7","42119","30.43"
"Venango","0","6","Pennsylvania","4/22/20","6","0","42121","0"
"Warren","0","2","Pennsylvania","4/22/20","1","1","42123","100"
"Washington","2","87","Pennsylvania","4/22/20","71","16","42125","22.54"
"Wayne","2","86","Pennsylvania","4/22/20","75","11","42127","14.67"
"Westmoreland","9","300","Pennsylvania","4/22/20","237","63","42129","26.58"
"Wyoming","1","17","Pennsylvania","4/22/20","13","4","42131","30.77"
"York","21","531","Pennsylvania","4/22/20","381","150","42133","39.37"
"","40","1252","Puerto Rico","4/22/20","974","278",,"28.54"
"Bristol","6","88","Rhode Island","4/22/20","49","39","44001","79.59"
"Kent","24","412","Rhode Island","4/22/20","244","168","44003","68.85"
"Newport","3","114","Rhode Island","4/22/20","93","21","44005","22.58"
"Providence","301","4064","Rhode Island","4/22/20","1957","2107","44007","107.66"
"Washington","17","268","Rhode Island","4/22/20","152","116","44009","76.32"
"Abbeville","2","22","South Carolina","4/22/20","10","12","45001","120"
"Aiken","3","82","South Carolina","4/22/20","60","22","45003","36.67"
"Allendale","0","6","South Carolina","4/22/20","5","1","45005","20"
"Anderson","3","135","South Carolina","4/22/20","114","21","45007","18.42"
"Bamberg","0","7","South Carolina","4/22/20","7","0","45009","0"
"Barnwell","0","8","South Carolina","4/22/20","5","3","45011","60"
"Beaufort","4","236","South Carolina","4/22/20","205","31","45013","15.12"
"Berkeley","6","143","South Carolina","4/22/20","101","42","45015","41.58"
"Calhoun","0","6","South Carolina","4/22/20","5","1","45017","20"
"Charleston","7","406","South Carolina","4/22/20","360","46","45019","12.78"
"Cherokee","1","14","South Carolina","4/22/20","8","6","45021","75"
"Chester","0","25","South Carolina","4/22/20","22","3","45023","13.64"
"Chesterfield","1","37","South Carolina","4/22/20","28","9","45025","32.14"
"Clarendon","7","138","South Carolina","4/22/20","90","48","45027","53.33"
"Colleton","0","23","South Carolina","4/22/20","21","2","45029","9.52"
"Darlington","6","85","South Carolina","4/22/20","44","41","45031","93.18"
"Dillon","2","23","South Carolina","4/22/20","7","16","45033","228.57"
"Dorchester","1","85","South Carolina","4/22/20","78","7","45035","8.97"
"Edgefield","2","21","South Carolina","4/22/20","10","11","45037","110"
"Fairfield","0","26","South Carolina","4/22/20","24","2","45039","8.33"
"Florence","13","176","South Carolina","4/22/20","87","89","45041","102.3"
"Georgetown","0","35","South Carolina","4/22/20","33","2","45043","6.06"
"Greenville","19","536","South Carolina","4/22/20","400","136","45045","34"
"Greenwood","3","41","South Carolina","4/22/20","19","22","45047","115.79"
"Hampton","1","21","South Carolina","4/22/20","12","9","45049","75"
"Horry","6","190","South Carolina","4/22/20","150","40","45051","26.67"
"Jasper","0","15","South Carolina","4/22/20","14","1","45053","7.14"
"Kershaw","3","205","South Carolina","4/22/20","187","18","45055","9.63"
"Lancaster","2","80","South Carolina","4/22/20","68","12","45057","17.65"
"Laurens","1","21","South Carolina","4/22/20","14","7","45059","50"
"Lee","1","42","South Carolina","4/22/20","34","8","45061","23.53"
"Lexington","10","286","South Carolina","4/22/20","218","68","45063","31.19"
"Marion","2","22","South Carolina","4/22/20","8","14","45067","175"
"Marlboro","2","32","South Carolina","4/22/20","15","17","45069","113.33"
"McCormick","0","6","South Carolina","4/22/20","4","2","45065","50"
"Newberry","1","21","South Carolina","4/22/20","16","5","45071","31.25"
"Oconee","1","19","South Carolina","4/22/20","14","5","45073","35.71"
"Orangeburg","2","51","South Carolina","4/22/20","38","13","45075","34.21"
"Pickens","1","41","South Carolina","4/22/20","34","7","45077","20.59"
"Richland","25","725","South Carolina","4/22/20","548","177","45079","32.3"
"Saluda","1","18","South Carolina","4/22/20","8","10","45081","125"
"Spartanburg","5","227","South Carolina","4/22/20","191","36","45083","18.85"
"Sumter","6","206","South Carolina","4/22/20","161","45","45085","27.95"
"Union","0","24","South Carolina","4/22/20","23","1","45087","4.35"
"Williamsburg","1","27","South Carolina","4/22/20","18","9","45089","50"
"York","4","166","South Carolina","4/22/20","138","28","45091","20.29"
"Aurora","0","1","South Dakota","4/22/20","1","0","46003","0"
"Beadle","0","21","South Dakota","4/22/20","21","0","46005","0"
"Bon Homme","0","4","South Dakota","4/22/20","4","0","46009","0"
"Brookings","0","9","South Dakota","4/22/20","9","0","46011","0"
"Brown","2","27","South Dakota","4/22/20","15","12","46013","80"
"Charles Mix","0","4","South Dakota","4/22/20","4","0","46023","0"
"Clark","0","1","South Dakota","4/22/20","1","0","46025","0"
"Clay","0","5","South Dakota","4/22/20","5","0","46027","0"
"Codington","0","13","South Dakota","4/22/20","13","0","46029","0"
"Corson","0","1","South Dakota","4/22/20","1","0","46031","0"
"Davison","0","5","South Dakota","4/22/20","3","2","46035","66.67"
"Deuel","0","1","South Dakota","4/22/20","1","0","46039","0"
"Fall River","0","1","South Dakota","4/22/20","1","0","46047","0"
"Faulk","0","1","South Dakota","4/22/20","1","0","46049","0"
"Hamlin","0","2","South Dakota","4/22/20","1","1","46057","100"
"Hughes","0","6","South Dakota","4/22/20","5","1","46065","20"
"Hutchinson","0","2","South Dakota","4/22/20","2","0","46067","0"
"Hyde","0","1","South Dakota","4/22/20","1","0","46069","0"
"Jerauld","0","4","South Dakota","4/22/20","3","1","46073","33.33"
"Lake","0","3","South Dakota","4/22/20","2","1","46079","50"
"Lawrence","0","9","South Dakota","4/22/20","9","0","46081","0"
"Lincoln","6","104","South Dakota","4/22/20","65","39","46083","60"
"Lyman","0","2","South Dakota","4/22/20","2","0","46085","0"
"Marshall","0","1","South Dakota","4/22/20","1","0","46091","0"
"McCook","0","3","South Dakota","4/22/20","3","0","46087","0"
"Meade","0","1","South Dakota","4/22/20","1","0","46093","0"
"Miner","0","1","South Dakota","4/22/20","1","0","46097","0"
"Minnehaha","89","1555","South Dakota","4/22/20","934","621","46099","66.49"
"Moody","0","2","South Dakota","4/22/20","0","2","46101","1"
"Oglala Lakota","0","1","South Dakota","4/22/20","1","0","46102","0"
"Pennington","0","11","South Dakota","4/22/20","9","2","46103","22.22"
"Roberts","0","4","South Dakota","4/22/20","4","0","46109","0"
"Sanborn","0","3","South Dakota","4/22/20","3","0","46111","0"
"Spink","0","3","South Dakota","4/22/20","3","0","46115","0"
"Sully","0","1","South Dakota","4/22/20","1","0","46119","0"
"Todd","0","1","South Dakota","4/22/20","1","0","46121","0"
"Turner","1","9","South Dakota","4/22/20","5","4","46125","80"
"Union","0","7","South Dakota","4/22/20","4","3","46127","75"
"Walworth","0","5","South Dakota","4/22/20","5","0","46129","0"
"Yankton","0","23","South Dakota","4/22/20","22","1","46135","4.55"
"Anderson","1","21","Tennessee","4/22/20","15","6","47001","40"
"Bedford","11","105","Tennessee","4/22/20","25","80","47003","320"
"Benton","0","4","Tennessee","4/22/20","4","0","47005","0"
"Bledsoe","0","11","Tennessee","4/22/20","8","3","47007","37.5"
"Blount","0","46","Tennessee","4/22/20","47","-1","47009","-2.13"
"Bradley","1","37","Tennessee","4/22/20","33","4","47011","12.12"
"Campbell","0","13","Tennessee","4/22/20","12","1","47013","8.33"
"Cannon","0","8","Tennessee","4/22/20","7","1","47015","14.29"
"Carroll","0","14","Tennessee","4/22/20","12","2","47017","16.67"
"Carter","0","5","Tennessee","4/22/20","3","2","47019","66.67"
"Cheatham","0","22","Tennessee","4/22/20","19","3","47021","15.79"
"Chester","1","9","Tennessee","4/22/20","5","4","47023","80"
"Claiborne","0","5","Tennessee","4/22/20","5","0","47025","0"
"Clay","0","5","Tennessee","4/22/20","4","1","47027","25"
"Cocke","1","11","Tennessee","4/22/20","5","6","47029","120"
"Coffee","1","21","Tennessee","4/22/20","12","9","47031","75"
"Crockett","1","6","Tennessee","4/22/20","0","6","47033","1"
"Cumberland","1","59","Tennessee","4/22/20","51","8","47035","15.69"
"Davidson","69","1719","Tennessee","4/22/20","1237","482","47037","38.97"
"Decatur","0","4","Tennessee","4/22/20","3","1","47039","33.33"
"DeKalb","0","12","Tennessee","4/22/20","10","2","47041","20"
"Dickson","2","46","Tennessee","4/22/20","33","13","47043","39.39"
"Dyer","1","28","Tennessee","4/22/20","22","6","47045","27.27"
"Fayette","2","48","Tennessee","4/22/20","37","11","47047","29.73"
"Fentress","0","4","Tennessee","4/22/20","3","1","47049","33.33"
"Franklin","1","27","Tennessee","4/22/20","23","4","47051","17.39"
"Gibson","2","32","Tennessee","4/22/20","21","11","47053","52.38"
"Giles","0","6","Tennessee","4/22/20","3","3","47055","100"
"Grainger","0","4","Tennessee","4/22/20","4","0","47057","0"
"Greene","1","37","Tennessee","4/22/20","27","10","47059","37.04"
"Grundy","0","26","Tennessee","4/22/20","23","3","47061","13.04"
"Hamblen","1","13","Tennessee","4/22/20","6","7","47063","116.67"
"Hamilton","2","124","Tennessee","4/22/20","110","14","47065","12.73"
"Hardeman","0","8","Tennessee","4/22/20","7","1","47069","14.29"
"Hardin","0","4","Tennessee","4/22/20","2","2","47071","100"
"Hawkins","1","28","Tennessee","4/22/20","24","4","47073","16.67"
"Haywood","0","13","Tennessee","4/22/20","12","1","47075","8.33"
"Henderson","0","5","Tennessee","4/22/20","2","3","47077","150"
"Henry","0","9","Tennessee","4/22/20","8","1","47079","12.5"
"Hickman","0","3","Tennessee","4/22/20","2","1","47081","50"
"Houston","0","4","Tennessee","4/22/20","3","1","47083","33.33"
"Humphreys","0","6","Tennessee","4/22/20","4","2","47085","50"
"Jackson","0","6","Tennessee","4/22/20","7","-1","47087","-14.29"
"Jefferson","0","16","Tennessee","4/22/20","16","0","47089","0"
"Johnson","0","2","Tennessee","4/22/20","2","0","47091","0"
"Knox","3","196","Tennessee","4/22/20","174","22","47093","12.64"
"Lake","0","4","Tennessee","4/22/20","4","0","47095","0"
"Lauderdale","1","16","Tennessee","4/22/20","9","7","47097","77.78"
"Lawrence","0","16","Tennessee","4/22/20","15","1","47099","6.67"
"Lewis","0","2","Tennessee","4/22/20","2","0","47101","0"
"Lincoln","0","11","Tennessee","4/22/20","9","2","47103","22.22"
"Loudon","1","23","Tennessee","4/22/20","17","6","47105","35.29"
"Macon","1","34","Tennessee","4/22/20","27","7","47111","25.93"
"Madison","2","90","Tennessee","4/22/20","73","17","47113","23.29"
"Marion","0","28","Tennessee","4/22/20","26","2","47115","7.69"
"Marshall","2","22","Tennessee","4/22/20","9","13","47117","144.44"
"Maury","0","34","Tennessee","4/22/20","33","1","47119","3.03"
"McMinn","0","6","Tennessee","4/22/20","5","1","47107","20"
"McNairy","0","9","Tennessee","4/22/20","9","0","47109","0"
"Meigs","0","3","Tennessee","4/22/20","3","0","47121","0"
"Monroe","0","11","Tennessee","4/22/20","9","2","47123","22.22"
"Montgomery","3","124","Tennessee","4/22/20","102","22","47125","21.57"
"Moore","0","2","Tennessee","4/22/20","0","2","47127","1"
"Morgan","0","5","Tennessee","4/22/20","6","-1","47129","-16.67"
"Obion","0","9","Tennessee","4/22/20","8","1","47131","12.5"
"Out of TN","1","265","Tennessee","4/22/20","260","5","80047","1.92"
"Overton","0","7","Tennessee","4/22/20","5","2","47133","40"
"Perry","0","6","Tennessee","4/22/20","4","2","47135","50"
"Polk","0","5","Tennessee","4/22/20","5","0","47139","0"
"Putnam","0","95","Tennessee","4/22/20","92","3","47141","3.26"
"Rhea","0","3","Tennessee","4/22/20","0","3","47143","1"
"Roane","0","8","Tennessee","4/22/20","5","3","47145","60"
"Robertson","4","117","Tennessee","4/22/20","88","29","47147","32.95"
"Rutherford","12","338","Tennessee","4/22/20","253","85","47149","33.6"
"Scott","0","12","Tennessee","4/22/20","10","2","47151","20"
"Sequatchie","0","3","Tennessee","4/22/20","3","0","47153","0"
"Sevier","1","29","Tennessee","4/22/20","22","7","47155","31.82"
"Shelby","73","1873","Tennessee","4/22/20","1359","514","47157","37.82"
"Smith","1","14","Tennessee","4/22/20","10","4","47159","40"
"Stewart","0","6","Tennessee","4/22/20","4","2","47161","50"
"Sullivan","0","45","Tennessee","4/22/20","43","2","47163","4.65"
"Sumner","9","530","Tennessee","4/22/20","466","64","47165","13.73"
"Tipton","4","83","Tennessee","4/22/20","52","31","47167","59.62"
"Trousdale","0","23","Tennessee","4/22/20","20","3","47169","15"
"Unicoi","0","1","Tennessee","4/22/20","1","0","47171","0"
"Union","0","3","Tennessee","4/22/20","3","0","47173","0"
"Van Buren","0","1","Tennessee","4/22/20","1","0","47175","0"
"Warren","0","4","Tennessee","4/22/20","4","0","47177","0"
"Washington","0","46","Tennessee","4/22/20","44","2","47179","4.55"
"Wayne","0","2","Tennessee","4/22/20","2","0","47181","0"
"Weakley","0","8","Tennessee","4/22/20","6","2","47183","33.33"
"White","0","4","Tennessee","4/22/20","4","0","47185","0"
"Williamson","5","359","Tennessee","4/22/20","322","37","47187","11.49"
"Wilson","6","187","Tennessee","4/22/20","145","42","47189","28.97"
"Anderson","1","14","Texas","4/22/20","6","8","48001","133.33"
"Andrews","1","19","Texas","4/22/20","13","6","48003","46.15"
"Angelina","2","30","Texas","4/22/20","17","13","48005","76.47"
"Aransas","0","2","Texas","4/22/20","2","0","48007","0"
"Armstrong","0","1","Texas","4/22/20","1","0","48011","0"
"Atascosa","1","14","Texas","4/22/20","9","5","48013","55.56"
"Austin","0","12","Texas","4/22/20","12","0","48015","0"
"Bandera","0","4","Texas","4/22/20","2","2","48019","100"
"Bastrop","3","51","Texas","4/22/20","32","19","48021","59.38"
"Bee","0","5","Texas","4/22/20","3","2","48025","66.67"
"Bell","5","145","Texas","4/22/20","110","35","48027","31.82"
"Bexar","38","1080","Texas","4/22/20","815","265","48029","32.52"
"Blanco","0","5","Texas","4/22/20","4","1","48031","25"
"Bosque","0","3","Texas","4/22/20","1","2","48035","200"
"Bowie","4","66","Texas","4/22/20","37","29","48037","78.38"
"Brazoria","12","345","Texas","4/22/20","259","86","48039","33.2"
"Brazos","3","173","Texas","4/22/20","149","24","48041","16.11"
"Brooks","0","1","Texas","4/22/20","0","1","48047","1"
"Brown","0","13","Texas","4/22/20","11","2","48049","18.18"
"Burleson","0","10","Texas","4/22/20","8","2","48051","25"
"Burnet","1","13","Texas","4/22/20","7","6","48053","85.71"
"Caldwell","0","9","Texas","4/22/20","6","3","48055","50"
"Calhoun","0","22","Texas","4/22/20","19","3","48057","15.79"
"Callahan","0","1","Texas","4/22/20","1","0","48059","0"
"Cameron","12","321","Texas","4/22/20","239","82","48061","34.31"
"Camp","0","6","Texas","4/22/20","5","1","48063","20"
"Carson","0","1","Texas","4/22/20","0","1","48065","1"
"Cass","1","13","Texas","4/22/20","6","7","48067","116.67"
"Castro","0","12","Texas","4/22/20","11","1","48069","9.09"
"Chambers","1","36","Texas","4/22/20","31","5","48071","16.13"
"Cherokee","0","10","Texas","4/22/20","9","1","48073","11.11"
"Childress","0","1","Texas","4/22/20","0","1","48075","1"
"Clay","0","3","Texas","4/22/20","3","0","48077","0"
"Collin","15","584","Texas","4/22/20","477","107","48085","22.43"
"Colorado","0","9","Texas","4/22/20","7","2","48089","28.57"
"Comal","0","45","Texas","4/22/20","43","2","48091","4.65"
"Comanche","0","4","Texas","4/22/20","3","1","48093","33.33"
"Concho","0","1","Texas","4/22/20","1","0","48095","0"
"Cooke","0","4","Texas","4/22/20","2","2","48097","100"
"Coryell","4","86","Texas","4/22/20","60","26","48099","43.33"
"Crane","0","2","Texas","4/22/20","2","0","48103","0"
"Crosby","0","1","Texas","4/22/20","1","0","48107","0"
"Dallam","0","3","Texas","4/22/20","2","1","48111","50"
"Dallas","100","2683","Texas","4/22/20","1986","697","48113","35.1"
"Dawson","1","14","Texas","4/22/20","8","6","48115","75"
"Deaf Smith","0","14","Texas","4/22/20","11","3","48117","27.27"
"Delta","0","1","Texas","4/22/20","1","0","48119","0"
"Denton","14","619","Texas","4/22/20","521","98","48121","18.81"
"DeWitt","1","14","Texas","4/22/20","10","4","48123","40"
"Dickens","0","1","Texas","4/22/20","1","0","48125","0"
"Dimmit","0","1","Texas","4/22/20","1","0","48127","0"
"Donley","0","24","Texas","4/22/20","22","2","48129","9.09"
"Duval","0","1","Texas","4/22/20","1","0","48131","0"
"Eastland","0","3","Texas","4/22/20","3","0","48133","0"
"Ector","2","61","Texas","4/22/20","46","15","48135","32.61"
"El Paso","34","587","Texas","4/22/20","346","241","48141","69.65"
"Ellis","5","110","Texas","4/22/20","76","34","48139","44.74"
"Erath","0","13","Texas","4/22/20","13","0","48143","0"
"Falls","0","1","Texas","4/22/20","1","0","48145","0"
"Fannin","1","12","Texas","4/22/20","5","7","48147","140"
"Fayette","0","15","Texas","4/22/20","12","3","48149","25"
"Floyd","0","2","Texas","4/22/20","2","0","48153","0"
"Fort Bend","26","808","Texas","4/22/20","627","181","48157","28.87"
"Franklin","0","1","Texas","4/22/20","1","0","48159","0"
"Freestone","0","3","Texas","4/22/20","1","2","48161","200"
"Frio","0","1","Texas","4/22/20","1","0","48163","0"
"Gaines","0","2","Texas","4/22/20","2","0","48165","0"
"Galveston","12","479","Texas","4/22/20","392","87","48167","22.19"
"Gillespie","0","1","Texas","4/22/20","1","0","48171","0"
"Goliad","0","6","Texas","4/22/20","5","1","48175","20"
"Gonzales","0","3","Texas","4/22/20","2","1","48177","50"
"Gray","1","22","Texas","4/22/20","13","9","48179","69.23"
"Grayson","0","19","Texas","4/22/20","19","0","48181","0"
"Gregg","1","53","Texas","4/22/20","47","6","48183","12.77"
"Grimes","0","10","Texas","4/22/20","7","3","48185","42.86"
"Guadalupe","2","63","Texas","4/22/20","50","13","48187","26"
"Hale","1","16","Texas","4/22/20","11","5","48189","45.45"
"Hamilton","0","5","Texas","4/22/20","3","2","48193","66.67"
"Hansford","0","1","Texas","4/22/20","1","0","48195","0"
"Hardin","3","89","Texas","4/22/20","65","24","48199","36.92"
"Harris","159","5211","Texas","4/22/20","4097","1114","48201","27.19"
"Harrison","4","59","Texas","4/22/20","34","25","48203","73.53"
"Hartley","0","1","Texas","4/22/20","0","1","48205","1"
"Hays","5","140","Texas","4/22/20","103","37","48209","35.92"
"Hemphill","0","1","Texas","4/22/20","1","0","48211","0"
"Henderson","1","19","Texas","4/22/20","11","8","48213","72.73"
"Hidalgo","8","275","Texas","4/22/20","217","58","48215","26.73"
"Hill","1","12","Texas","4/22/20","8","4","48217","50"
"Hockley","0","17","Texas","4/22/20","15","2","48219","13.33"
"Hood","0","17","Texas","4/22/20","15","2","48221","13.33"
"Hopkins","0","4","Texas","4/22/20","4","0","48223","0"
"Houston","0","3","Texas","4/22/20","0","3","48225","1"
"Howard","0","1","Texas","4/22/20","1","0","48227","0"
"Hunt","2","38","Texas","4/22/20","22","16","48231","72.73"
"Hutchinson","1","9","Texas","4/22/20","3","6","48233","200"
"Jack","0","4","Texas","4/22/20","3","1","48237","33.33"
"Jackson","0","6","Texas","4/22/20","4","2","48239","50"
"Jasper","1","13","Texas","4/22/20","7","6","48241","85.71"
"Jefferson","11","214","Texas","4/22/20","140","74","48245","52.86"
"Jim Wells","0","2","Texas","4/22/20","2","0","48249","0"
"Johnson","2","47","Texas","4/22/20","34","13","48251","38.24"
"Jones","0","4","Texas","4/22/20","2","2","48253","100"
"Karnes","0","3","Texas","4/22/20","3","0","48255","0"
"Kaufman","3","51","Texas","4/22/20","33","18","48257","54.55"
"Kendall","0","14","Texas","4/22/20","14","0","48259","0"
"Kerr","0","4","Texas","4/22/20","3","1","48265","33.33"
"Kleberg","1","7","Texas","4/22/20","3","4","48273","133.33"
"Knox","0","1","Texas","4/22/20","1","0","48275","0"
"La Salle","0","1","Texas","4/22/20","0","1","48283","1"
"Lamar","0","8","Texas","4/22/20","7","1","48277","14.29"
"Lamb","0","2","Texas","4/22/20","2","0","48279","0"
"Lampasas","0","2","Texas","4/22/20","3","-1","48281","-33.33"
"Lavaca","0","4","Texas","4/22/20","4","0","48285","0"
"Lee","0","2","Texas","4/22/20","2","0","48287","0"
"Leon","0","5","Texas","4/22/20","3","2","48289","66.67"
"Liberty","2","37","Texas","4/22/20","23","14","48291","60.87"
"Limestone","0","11","Texas","4/22/20","11","0","48293","0"
"Live Oak","0","5","Texas","4/22/20","3","2","48297","66.67"
"Llano","0","3","Texas","4/22/20","3","0","48299","0"
"Lubbock","18","458","Texas","4/22/20","330","128","48303","38.79"
"Lynn","0","5","Texas","4/22/20","5","0","48305","0"
"Madison","0","2","Texas","4/22/20","1","1","48313","100"
"Marion","1","6","Texas","4/22/20","0","6","48315","1"
"Martin","0","2","Texas","4/22/20","2","0","48317","0"
"Mason","0","1","Texas","4/22/20","1","0","48319","0"
"Matagorda","1","56","Texas","4/22/20","51","5","48321","9.8"
"Maverick","1","15","Texas","4/22/20","10","5","48323","50"
"McCulloch","0","3","Texas","4/22/20","3","0","48307","0"
"McLennan","1","78","Texas","4/22/20","74","4","48309","5.41"
"Medina","1","17","Texas","4/22/20","13","4","48325","30.77"
"Midland","4","65","Texas","4/22/20","35","30","48329","85.71"
"Milam","1","12","Texas","4/22/20","8","4","48331","50"
"Mitchell","0","1","Texas","4/22/20","1","0","48335","0"
"Montague","0","6","Texas","4/22/20","5","1","48337","20"
"Montgomery","16","440","Texas","4/22/20","331","109","48339","32.93"
"Moore","16","162","Texas","4/22/20","52","110","48341","211.54"
"Morris","0","5","Texas","4/22/20","3","2","48343","66.67"
"Motley","0","1","Texas","4/22/20","1","0","48345","0"
"Nacogdoches","5","98","Texas","4/22/20","64","34","48347","53.12"
"Navarro","1","24","Texas","4/22/20","16","8","48349","50"
"Newton","0","2","Texas","4/22/20","2","0","48351","0"
"Nueces","1","90","Texas","4/22/20","83","7","48355","8.43"
"Oldham","0","3","Texas","4/22/20","3","0","48359","0"
"Orange","2","59","Texas","4/22/20","46","13","48361","28.26"
"Palo Pinto","0","7","Texas","4/22/20","7","0","48363","0"
"Panola","5","55","Texas","4/22/20","22","33","48365","150"
"Parker","1","21","Texas","4/22/20","16","5","48367","31.25"
"Parmer","0","3","Texas","4/22/20","0","3","48369","1"
"Pecos","0","5","Texas","4/22/20","5","0","48371","0"
"Polk","1","15","Texas","4/22/20","11","4","48373","36.36"
"Potter","14","174","Texas","4/22/20","79","95","48375","120.25"
"Rains","0","2","Texas","4/22/20","2","0","48379","0"
"Randall","6","117","Texas","4/22/20","73","44","48381","60.27"
"Red River","0","1","Texas","4/22/20","0","1","48387","1"
"Reeves","0","2","Texas","4/22/20","2","0","48389","0"
"Roberts","0","2","Texas","4/22/20","0","2","48393","1"
"Robertson","0","2","Texas","4/22/20","2","0","48395","0"
"Rockwall","1","48","Texas","4/22/20","39","9","48397","23.08"
"Rusk","2","29","Texas","4/22/20","17","12","48401","70.59"
"Sabine","0","1","Texas","4/22/20","0","1","48403","1"
"San Augustine","1","14","Texas","4/22/20","9","5","48405","55.56"
"San Jacinto","0","10","Texas","4/22/20","7","3","48407","42.86"
"San Patricio","0","9","Texas","4/22/20","8","1","48409","12.5"
"Scurry","0","2","Texas","4/22/20","2","0","48415","0"
"Shelby","3","69","Texas","4/22/20","46","23","48419","50"
"Sherman","1","10","Texas","4/22/20","0","10","48421","1"
"Smith","3","124","Texas","4/22/20","103","21","48423","20.39"
"Starr","0","7","Texas","4/22/20","7","0","48427","0"
"Stephens","0","1","Texas","4/22/20","1","0","48429","0"
"Swisher","0","6","Texas","4/22/20","4","2","48437","50"
"Tarrant","49","1333","Texas","4/22/20","990","343","48439","34.65"
"Taylor","13","164","Texas","4/22/20","74","90","48441","121.62"
"Terry","0","10","Texas","4/22/20","10","0","48445","0"
"Titus","1","12","Texas","4/22/20","8","4","48449","50"
"Tom Green","0","41","Texas","4/22/20","40","1","48451","2.5"
"Travis","48","1233","Texas","4/22/20","900","333","48453","37"
"Trinity","1","8","Texas","4/22/20","4","4","48455","100"
"Tyler","0","6","Texas","4/22/20","4","2","48457","50"
"Upshur","0","12","Texas","4/22/20","9","3","48459","33.33"
"Uvalde","0","6","Texas","4/22/20","6","0","48463","0"
"Val Verde","0","12","Texas","4/22/20","12","0","48465","0"
"Van Zandt","0","13","Texas","4/22/20","10","3","48467","30"
"Victoria","1","96","Texas","4/22/20","89","7","48469","7.87"
"Walker","11","114","Texas","4/22/20","38","76","48471","200"
"Waller","1","27","Texas","4/22/20","20","7","48473","35"
"Washington","4","71","Texas","4/22/20","44","27","48477","61.36"
"Webb","10","295","Texas","4/22/20","223","72","48479","32.29"
"Wharton","1","36","Texas","4/22/20","28","8","48481","28.57"
"Wheeler","0","1","Texas","4/22/20","0","1","48483","1"
"Wichita","1","62","Texas","4/22/20","56","6","48485","10.71"
"Wilbarger","0","1","Texas","4/22/20","1","0","48487","0"
"Willacy","1","10","Texas","4/22/20","5","5","48489","100"
"Williamson","5","158","Texas","4/22/20","124","34","48491","27.42"
"Wilson","2","23","Texas","4/22/20","11","12","48493","109.09"
"Winkler","0","3","Texas","4/22/20","1","2","48495","200"
"Wise","1","13","Texas","4/22/20","5","8","48497","160"
"Wood","0","6","Texas","4/22/20","6","0","48499","0"
"Yoakum","0","1","Texas","4/22/20","0","1","48501","1"
"Young","0","4","Texas","4/22/20","3","1","48503","33.33"
"Zapata","1","7","Texas","4/22/20","3","4","48505","133.33"
"Zavala","0","1","Texas","4/22/20","0","1","48507","1"
"Bear River","6","55","Utah","4/22/20","15","40","00000","266.67"
"Cache","-5","0","Utah","4/22/20","37","-37","49005","-100"
"Carbon","0","0","Utah","4/22/20","2","-2","49007","-100"
"Central Utah","3","20","Utah","4/22/20","0","20","00000","1"
"Davis","5","249","Utah","4/22/20","217","32","49011","14.75"
"Duchesne","0","0","Utah","4/22/20","3","-3","49013","-100"
"Emery","0","0","Utah","4/22/20","3","-3","49015","-100"
"Garfield","0","0","Utah","4/22/20","1","-1","49017","-100"
"Grand","0","0","Utah","4/22/20","1","-1","49019","-100"
"Iron","-2","0","Utah","4/22/20","15","-15","49021","-100"
"Kane","0","0","Utah","4/22/20","3","-3","49025","-100"
"Salt Lake","73","1795","Utah","4/22/20","1285","510","49035","39.69"
"San Juan","4","34","Utah","4/22/20","9","25","49037","277.78"
"Southeast Utah","1","7","Utah","4/22/20","0","7","00000","1"
"Southwest Utah","10","70","Utah","4/22/20","0","70","00000","1"
"Summit","5","341","Utah","4/22/20","306","35","49043","11.44"
"Tooele","1","42","Utah","4/22/20","37","5","49045","13.51"
"TriCounty","1","9","Utah","4/22/20","0","9","00000","1"
"Uintah","-1","0","Utah","4/22/20","6","-6","49047","-100"
"Utah","31","570","Utah","4/22/20","352","218","49049","61.93"
"Wasatch","3","123","Utah","4/22/20","102","21","49051","20.59"
"Washington","-7","0","Utah","4/22/20","47","-47","49053","-100"
"Weber-Morgan","3","130","Utah","4/22/20","107","23","00000","21.5"
"Addison","1","61","Vermont","4/22/20","56","5","50001","8.93"
"Bennington","1","37","Vermont","4/22/20","32","5","50003","15.62"
"Caledonia","0","12","Vermont","4/22/20","9","3","50005","33.33"
"Chittenden","3","393","Vermont","4/22/20","372","21","50007","5.65"
"Essex","0","2","Vermont","4/22/20","1","1","50009","100"
"Franklin","1","92","Vermont","4/22/20","84","8","50011","9.52"
"Grand Isle","0","3","Vermont","4/22/20","3","0","50013","0"
"Lamoille","0","23","Vermont","4/22/20","22","1","50015","4.55"
"Orange","0","6","Vermont","4/22/20","5","1","50017","20"
"Orleans","0","9","Vermont","4/22/20","8","1","50019","12.5"
"Rutland","1","44","Vermont","4/22/20","39","5","50021","12.82"
"Washington","1","33","Vermont","4/22/20","29","4","50023","13.79"
"Windham","1","67","Vermont","4/22/20","57","10","50025","17.54"
"Windsor","2","38","Vermont","4/22/20","27","11","50027","40.74"
"","0","54","Virgin Islands","4/22/20","51","3",,"5.88"
"Accomack","6","59","Virginia","4/22/20","15","44","51001","293.33"
"Albemarle","2","68","Virginia","4/22/20","53","15","51003","28.3"
"Alexandria","31","474","Virginia","4/22/20","254","220","51510","86.61"
"Alleghany","0","5","Virginia","4/22/20","4","1","51005","25"
"Amelia","1","15","Virginia","4/22/20","10","5","51007","50"
"Amherst","0","10","Virginia","4/22/20","10","0","51009","0"
"Appomattox","0","10","Virginia","4/22/20","7","3","51011","42.86"
"Arlington","35","663","Virginia","4/22/20","420","243","51013","57.86"
"Augusta","2","30","Virginia","4/22/20","18","12","51015","66.67"
"Bedford","1","20","Virginia","4/22/20","16","4","51019","25"
"Botetourt","0","26","Virginia","4/22/20","23","3","51023","13.04"
"Bristol","0","1","Virginia","4/22/20","1","0","51520","0"
"Brunswick","1","13","Virginia","4/22/20","9","4","51025","44.44"
"Buchanan","0","12","Virginia","4/22/20","12","0","51027","0"
"Buckingham","1","27","Virginia","4/22/20","22","5","51029","22.73"
"Buena Vista","0","5","Virginia","4/22/20","4","1","51530","25"
"Campbell","0","10","Virginia","4/22/20","11","-1","51031","-9.09"
"Caroline","2","20","Virginia","4/22/20","9","11","51033","122.22"
"Carroll","0","3","Virginia","4/22/20","3","0","51035","0"
"Charles City","0","11","Virginia","4/22/20","9","2","51036","22.22"
"Charlotte","0","8","Virginia","4/22/20","5","3","51037","60"
"Charlottesville","1","44","Virginia","4/22/20","38","6","51540","15.79"
"Chesapeake","6","180","Virginia","4/22/20","140","40","51550","28.57"
"Chesterfield","15","356","Virginia","4/22/20","254","102","51041","40.16"
"Clarke","0","6","Virginia","4/22/20","6","0","51043","0"
"Colonial Heights","3","37","Virginia","4/22/20","17","20","51570","117.65"
"Covington","0","1","Virginia","4/22/20","1","0","51580","0"
"Craig","0","2","Virginia","4/22/20","2","0","51045","0"
"Culpeper","7","73","Virginia","4/22/20","25","48","51047","192"
"Cumberland","0","10","Virginia","4/22/20","8","2","51049","25"
"Danville","1","29","Virginia","4/22/20","22","7","51590","31.82"
"Dinwiddie","0","8","Virginia","4/22/20","7","1","51053","14.29"
"Emporia","1","12","Virginia","4/22/20","7","5","51595","71.43"
"Essex","0","2","Virginia","4/22/20","0","2","51057","1"
"Fairfax","137","2256","Virginia","4/22/20","1298","958","51059","73.81"
"Fairfax City","4","25","Virginia","4/22/20","0","25","51600","1"
"Falls Church","4","25","Virginia","4/22/20","0","25","51610","1"
"Fauquier","4","56","Virginia","4/22/20","29","27","51061","93.1"
"Floyd","0","1","Virginia","4/22/20","1","0","51063","0"
"Fluvanna","1","69","Virginia","4/22/20","62","7","51065","11.29"
"Franklin","0","17","Virginia","4/22/20","15","2","51067","13.33"
"Franklin City","1","14","Virginia","4/22/20","7","7","51620","100"
"Frederick","2","86","Virginia","4/22/20","73","13","51069","17.81"
"Fredericksburg","0","17","Virginia","4/22/20","15","2","51630","13.33"
"Galax","0","1","Virginia","4/22/20","1","0","51640","0"
"Giles","0","4","Virginia","4/22/20","4","0","51071","0"
"Gloucester","0","21","Virginia","4/22/20","20","1","51073","5"
"Goochland","3","63","Virginia","4/22/20","40","23","51075","57.5"
"Greene","1","9","Virginia","4/22/20","5","4","51079","80"
"Greensville","1","24","Virginia","4/22/20","16","8","51081","50"
"Halifax","1","12","Virginia","4/22/20","7","5","51083","71.43"
"Hampton","3","97","Virginia","4/22/20","75","22","51650","29.33"
"Hanover","6","97","Virginia","4/22/20","53","44","51085","83.02"
"Harrisonburg","31","318","Virginia","4/22/20","101","217","51660","214.85"
"Henrico","33","684","Virginia","4/22/20","453","231","51087","50.99"
"Henry","0","10","Virginia","4/22/20","8","2","51089","25"
"Highland","0","1","Virginia","4/22/20","0","1","51091","1"
"Hopewell","0","16","Virginia","4/22/20","14","2","51670","14.29"
"Isle of Wight","4","90","Virginia","4/22/20","60","30","51093","50"
"James City","2","147","Virginia","4/22/20","132","15","51095","11.36"
"King and Queen","0","2","Virginia","4/22/20","2","0","51097","0"
"King George","0","20","Virginia","4/22/20","17","3","51099","17.65"
"King William","0","2","Virginia","4/22/20","2","0","51101","0"
"Lancaster","0","1","Virginia","4/22/20","1","0","51103","0"
"Lee","0","7","Virginia","4/22/20","6","1","51105","16.67"
"Lexington","0","3","Virginia","4/22/20","3","0","51678","0"
"Loudoun","15","475","Virginia","4/22/20","367","108","51107","29.43"
"Louisa","1","37","Virginia","4/22/20","29","8","51109","27.59"
"Lunenburg","0","3","Virginia","4/22/20","3","0","51111","0"
"Lynchburg","1","43","Virginia","4/22/20","34","9","51680","26.47"
"Madison","1","12","Virginia","4/22/20","8","4","51113","50"
"Manassas","9","117","Virginia","4/22/20","53","64","51683","120.75"
"Manassas Park","3","34","Virginia","4/22/20","14","20","51685","142.86"
"Mathews","0","3","Virginia","4/22/20","3","0","51115","0"
"Mecklenburg","2","69","Virginia","4/22/20","57","12","51117","21.05"
"Middlesex","0","3","Virginia","4/22/20","3","0","51119","0"
"Montgomery","2","50","Virginia","4/22/20","34","16","51121","47.06"
"Nelson","0","7","Virginia","4/22/20","5","2","51125","40"
"New Kent","1","20","Virginia","4/22/20","16","4","51127","25"
"Newport News","1","101","Virginia","4/22/20","95","6","51700","6.32"
"Norfolk","4","126","Virginia","4/22/20","99","27","51710","27.27"
"Northampton","1","8","Virginia","4/22/20","4","4","51131","100"
"Northumberland","0","5","Virginia","4/22/20","4","1","51133","25"
"Norton","0","2","Virginia","4/22/20","0","2","51720","1"
"Nottoway","0","8","Virginia","4/22/20","5","3","51135","60"
"Orange","1","22","Virginia","4/22/20","17","5","51137","29.41"
"Page","1","16","Virginia","4/22/20","6","10","51139","166.67"
"Patrick","0","1","Virginia","4/22/20","0","1","51141","1"
"Petersburg","1","24","Virginia","4/22/20","19","5","51730","26.32"
"Pittsylvania","1","9","Virginia","4/22/20","4","5","51143","125"
"Poquoson","0","6","Virginia","4/22/20","6","0","51735","0"
"Portsmouth","5","93","Virginia","4/22/20","59","34","51740","57.63"
"Powhatan","1","9","Virginia","4/22/20","5","4","51145","80"
"Prince Edward","1","19","Virginia","4/22/20","15","4","51147","26.67"
"Prince George","0","28","Virginia","4/22/20","27","1","51149","3.7"
"Prince William","55","924","Virginia","4/22/20","536","388","51153","72.39"
"Pulaski","1","9","Virginia","4/22/20","4","5","51155","125"
"Radford","0","2","Virginia","4/22/20","1","1","51750","100"
"Rappahannock","0","1","Virginia","4/22/20","1","0","51157","0"
"Richmond","7","53","Virginia","4/22/20","7","46","51159","657.14"
"Richmond City","10","250","Virginia","4/22/20","177","73","51760","41.24"
"Roanoke","2","31","Virginia","4/22/20","17","14","51161","82.35"
"Roanoke City","1","27","Virginia","4/22/20","22","5","51770","22.73"
"Rockbridge","0","5","Virginia","4/22/20","3","2","51163","66.67"
"Rockingham","11","145","Virginia","4/22/20","67","78","51165","116.42"
"Russell","0","2","Virginia","4/22/20","2","0","51167","0"
"Salem","1","8","Virginia","4/22/20","3","5","51775","166.67"
"Scott","0","5","Virginia","4/22/20","3","2","51169","66.67"
"Shenandoah","4","53","Virginia","4/22/20","27","26","51171","96.3"
"Smyth","0","13","Virginia","4/22/20","11","2","51173","18.18"
"Southampton","2","19","Virginia","4/22/20","6","13","51175","216.67"
"Spotsylvania","3","83","Virginia","4/22/20","60","23","51177","38.33"
"Stafford","9","170","Virginia","4/22/20","108","62","51179","57.41"
"Staunton","1","10","Virginia","4/22/20","2","8","51790","400"
"Suffolk","10","126","Virginia","4/22/20","59","67","51800","113.56"
"Surry","0","4","Virginia","4/22/20","3","1","51181","33.33"
"Sussex","2","23","Virginia","4/22/20","10","13","51183","130"
"Tazewell","0","4","Virginia","4/22/20","4","0","51185","0"
"Virginia Beach","8","313","Virginia","4/22/20","256","57","51810","22.27"
"Warren","1","27","Virginia","4/22/20","20","7","51187","35"
"Washington","0","29","Virginia","4/22/20","27","2","51191","7.41"
"Waynesboro","0","8","Virginia","4/22/20","6","2","51820","33.33"
"Westmoreland","1","12","Virginia","4/22/20","8","4","51193","50"
"Williamsburg","-1","14","Virginia","4/22/20","19","-5","51830","-26.32"
"Winchester","1","29","Virginia","4/22/20","21","8","51840","38.1"
"Wise","0","18","Virginia","4/22/20","15","3","51195","20"
"Wythe","1","11","Virginia","4/22/20","7","4","51197","57.14"
"York","1","43","Virginia","4/22/20","35","8","51199","22.86"
"Adams","1","44","Washington","4/22/20","39","5","53001","12.82"
"Asotin","1","14","Washington","4/22/20","6","8","53003","133.33"
"Benton","10","338","Washington","4/22/20","266","72","53005","27.07"
"Chelan","4","88","Washington","4/22/20","61","27","53007","44.26"
"Clallam","0","14","Washington","4/22/20","14","0","53009","0"
"Clark","8","313","Washington","4/22/20","258","55","53011","21.32"
"Columbia","0","1","Washington","4/22/20","1","0","53013","0"
"Cowlitz","1","34","Washington","4/22/20","26","8","53015","30.77"
"Douglas","5","61","Washington","4/22/20","29","32","53017","110.34"
"Ferry","0","1","Washington","4/22/20","1","0","53019","0"
"Franklin","3","207","Washington","4/22/20","185","22","53021","11.89"
"Grant","4","147","Washington","4/22/20","122","25","53025","20.49"
"Grays Harbor","0","12","Washington","4/22/20","12","0","53027","0"
"Island","1","168","Washington","4/22/20","163","5","53029","3.07"
"Jefferson","0","28","Washington","4/22/20","28","0","53031","0"
"King","108","5379","Washington","4/22/20","4620","759","53033","16.43"
"Kitsap","1","141","Washington","4/22/20","132","9","53035","6.82"
"Kittitas","0","14","Washington","4/22/20","14","0","53037","0"
"Klickitat","0","16","Washington","4/22/20","15","1","53039","6.67"
"Lewis","0","21","Washington","4/22/20","19","2","53041","10.53"
"Lincoln","0","2","Washington","4/22/20","2","0","53043","0"
"Mason","0","22","Washington","4/22/20","19","3","53045","15.79"
"Okanogan","0","14","Washington","4/22/20","15","-1","53047","-6.67"
"Pacific","0","3","Washington","4/22/20","1","2","53049","200"
"Pend Oreille","0","2","Washington","4/22/20","1","1","53051","100"
"Pierce","34","1236","Washington","4/22/20","1000","236","53053","23.6"
"San Juan","0","15","Washington","4/22/20","13","2","53055","15.38"
"Skagit","8","255","Washington","4/22/20","198","57","53057","28.79"
"Skamania","0","3","Washington","4/22/20","3","0","53059","0"
"Snohomish","32","2209","Washington","4/22/20","1988","221","53061","11.12"
"Spokane","6","317","Washington","4/22/20","278","39","53063","14.03"
"Stevens","0","8","Washington","4/22/20","7","1","53065","14.29"
"Thurston","2","94","Washington","4/22/20","82","12","53067","14.63"
"Wahkiakum","0","2","Washington","4/22/20","2","0","53069","0"
"Walla Walla","2","34","Washington","4/22/20","23","11","53071","47.83"
"Whatcom","2","281","Washington","4/22/20","269","12","53073","4.46"
"Whitman","0","13","Washington","4/22/20","12","1","53075","8.33"
"Yakima","36","886","Washington","4/22/20","635","251","53077","39.53"
"Barbour","0","4","West Virginia","4/22/20","4","0","54001","0"
"Berkeley","3","121","West Virginia","4/22/20","99","22","54003","22.22"
"Boone","0","2","West Virginia","4/22/20","1","1","54005","100"
"Braxton","0","1","West Virginia","4/22/20","1","0","54007","0"
"Brooke","0","3","West Virginia","4/22/20","3","0","54009","0"
"Cabell","1","35","West Virginia","4/22/20","28","7","54011","25"
"Fayette","0","5","West Virginia","4/22/20","2","3","54019","150"
"Grant","0","1","West Virginia","4/22/20","1","0","54023","0"
"Greenbrier","0","3","West Virginia","4/22/20","3","0","54025","0"
"Hampshire","0","7","West Virginia","4/22/20","7","0","54027","0"
"Hancock","0","7","West Virginia","4/22/20","7","0","54029","0"
"Hardy","0","3","West Virginia","4/22/20","2","1","54031","50"
"Harrison","0","30","West Virginia","4/22/20","28","2","54033","7.14"
"Jackson","10","103","West Virginia","4/22/20","33","70","54035","212.12"
"Jefferson","2","65","West Virginia","4/22/20","54","11","54037","20.37"
"Kanawha","7","138","West Virginia","4/22/20","88","50","54039","56.82"
"Lewis","0","2","West Virginia","4/22/20","2","0","54041","0"
"Lincoln","0","1","West Virginia","4/22/20","1","0","54043","0"
"Logan","0","9","West Virginia","4/22/20","8","1","54045","12.5"
"Marion","0","43","West Virginia","4/22/20","41","2","54049","4.88"
"Marshall","0","8","West Virginia","4/22/20","7","1","54051","14.29"
"Mason","0","10","West Virginia","4/22/20","9","1","54053","11.11"
"McDowell","0","6","West Virginia","4/22/20","6","0","54047","0"
"Mercer","0","9","West Virginia","4/22/20","8","1","54055","12.5"
"Mineral","1","10","West Virginia","4/22/20","6","4","54057","66.67"
"Mingo","0","2","West Virginia","4/22/20","1","1","54059","100"
"Monongalia","1","90","West Virginia","4/22/20","83","7","54061","8.43"
"Monroe","1","5","West Virginia","4/22/20","1","4","54063","400"
"Morgan","0","7","West Virginia","4/22/20","6","1","54065","16.67"
"Nicholas","0","4","West Virginia","4/22/20","3","1","54067","33.33"
"Ohio","0","23","West Virginia","4/22/20","22","1","54069","4.55"
"Pendleton","0","1","West Virginia","4/22/20","1","0","54071","0"
"Pleasants","0","2","West Virginia","4/22/20","1","1","54073","100"
"Preston","1","12","West Virginia","4/22/20","6","6","54077","100"
"Putnam","0","16","West Virginia","4/22/20","13","3","54079","23.08"
"Raleigh","0","7","West Virginia","4/22/20","6","1","54081","16.67"
"Randolph","0","4","West Virginia","4/22/20","4","0","54083","0"
"Roane","0","5","West Virginia","4/22/20","2","3","54087","150"
"Summers","0","1","West Virginia","4/22/20","1","0","54089","0"
"Taylor","0","5","West Virginia","4/22/20","4","1","54091","25"
"Tucker","0","4","West Virginia","4/22/20","4","0","54093","0"
"Tyler","0","3","West Virginia","4/22/20","3","0","54095","0"
"Upshur","0","4","West Virginia","4/22/20","3","1","54097","33.33"
"Wayne","3","79","West Virginia","4/22/20","61","18","54099","29.51"
"Wetzel","0","3","West Virginia","4/22/20","3","0","54103","0"
"Wirt","0","2","West Virginia","4/22/20","2","0","54105","0"
"Wood","2","33","West Virginia","4/22/20","22","11","54107","50"
"Wyoming","0","1","West Virginia","4/22/20","1","0","54109","0"
"Adams","0","4","Wisconsin","4/22/20","3","1","55001","33.33"
"Ashland","0","2","Wisconsin","4/22/20","2","0","55003","0"
"Barron","0","6","Wisconsin","4/22/20","6","0","55005","0"
"Bayfield","0","3","Wisconsin","4/22/20","3","0","55007","0"
"Brown","41","402","Wisconsin","4/22/20","114","288","55009","252.63"
"Buffalo","0","4","Wisconsin","4/22/20","4","0","55011","0"
"Calumet","0","6","Wisconsin","4/22/20","5","1","55015","20"
"Chippewa","0","20","Wisconsin","4/22/20","20","0","55017","0"
"Clark","1","18","Wisconsin","4/22/20","9","9","55019","100"
"Columbia","0","27","Wisconsin","4/22/20","27","0","55021","0"
"Crawford","0","3","Wisconsin","4/22/20","3","0","55023","0"
"Dane","5","386","Wisconsin","4/22/20","351","35","55025","9.97"
"Dodge","0","20","Wisconsin","4/22/20","19","1","55027","5.26"
"Door","0","9","Wisconsin","4/22/20","9","0","55029","0"
"Douglas","0","8","Wisconsin","4/22/20","7","1","55031","14.29"
"Dunn","0","9","Wisconsin","4/22/20","9","0","55033","0"
"Eau Claire","0","23","Wisconsin","4/22/20","21","2","55035","9.52"
"Florence","0","2","Wisconsin","4/22/20","2","0","55037","0"
"Fond du Lac","1","65","Wisconsin","4/22/20","59","6","55039","10.17"
"Grant","2","25","Wisconsin","4/22/20","8","17","55043","212.5"
"Green","0","9","Wisconsin","4/22/20","9","0","55045","0"
"Green Lake","0","1","Wisconsin","4/22/20","1","0","55047","0"
"Iowa","0","7","Wisconsin","4/22/20","5","2","55049","40"
"Iron","0","2","Wisconsin","4/22/20","2","0","55051","0"
"Jackson","0","12","Wisconsin","4/22/20","10","2","55053","20"
"Jefferson","2","35","Wisconsin","4/22/20","24","11","55055","45.83"
"Juneau","1","11","Wisconsin","4/22/20","7","4","55057","57.14"
"Kenosha","11","278","Wisconsin","4/22/20","204","74","55059","36.27"
"Kewaunee","0","8","Wisconsin","4/22/20","5","3","55061","60"
"La Crosse","0","25","Wisconsin","4/22/20","25","0","55063","0"
"Lafayette","0","4","Wisconsin","4/22/20","3","1","55065","33.33"
"Manitowoc","0","7","Wisconsin","4/22/20","4","3","55071","75"
"Marathon","0","17","Wisconsin","4/22/20","14","3","55073","21.43"
"Marinette","0","6","Wisconsin","4/22/20","4","2","55075","50"
"Marquette","0","3","Wisconsin","4/22/20","3","0","55077","0"
"Menominee","0","1","Wisconsin","4/22/20","1","0","55078","0"
"Milwaukee","62","2304","Wisconsin","4/22/20","1870","434","55079","23.21"
"Monroe","0","13","Wisconsin","4/22/20","10","3","55081","30"
"Oconto","0","5","Wisconsin","4/22/20","4","1","55083","25"
"Oneida","0","6","Wisconsin","4/22/20","6","0","55085","0"
"Outagamie","1","37","Wisconsin","4/22/20","31","6","55087","19.35"
"Ozaukee","0","80","Wisconsin","4/22/20","77","3","55089","3.9"
"Pierce","0","8","Wisconsin","4/22/20","7","1","55093","14.29"
"Polk","0","4","Wisconsin","4/22/20","3","1","55095","33.33"
"Portage","0","4","Wisconsin","4/22/20","4","0","55097","0"
"Price","0","1","Wisconsin","4/22/20","1","0","55099","0"
"Racine","9","198","Wisconsin","4/22/20","138","60","55101","43.48"
"Richland","0","9","Wisconsin","4/22/20","7","2","55103","28.57"
"Rock","3","86","Wisconsin","4/22/20","62","24","55105","38.71"
"Rusk","0","4","Wisconsin","4/22/20","3","1","55107","33.33"
"Sauk","1","36","Wisconsin","4/22/20","31","5","55111","16.13"
"Sawyer","0","2","Wisconsin","4/22/20","2","0","55113","0"
"Shawano","0","6","Wisconsin","4/22/20","6","0","55115","0"
"Sheboygan","1","44","Wisconsin","4/22/20","37","7","55117","18.92"
"St. Croix","0","12","Wisconsin","4/22/20","10","2","55109","20"
"Trempealeau","0","1","Wisconsin","4/22/20","1","0","55121","0"
"Vilas","0","4","Wisconsin","4/22/20","4","0","55125","0"
"Walworth","6","94","Wisconsin","4/22/20","49","45","55127","91.84"
"Washburn","0","1","Wisconsin","4/22/20","0","1","55129","1"
"Washington","1","88","Wisconsin","4/22/20","78","10","55131","12.82"
"Waukesha","6","278","Wisconsin","4/22/20","238","40","55133","16.81"
"Waupaca","0","5","Wisconsin","4/22/20","4","1","55135","25"
"Waushara","0","2","Wisconsin","4/22/20","2","0","55137","0"
"Winnebago","2","43","Wisconsin","4/22/20","31","12","55139","38.71"
"Wood","0","2","Wisconsin","4/22/20","2","0","55141","0"
"Albany","0","6","Wyoming","4/22/20","5","1","56001","20"
"Big Horn","0","2","Wyoming","4/22/20","1","1","56003","100"
"Campbell","1","18","Wyoming","4/22/20","13","5","56005","38.46"
"Carbon","0","4","Wyoming","4/22/20","4","0","56007","0"
"Converse","1","16","Wyoming","4/22/20","8","8","56009","100"
"Crook","0","5","Wyoming","4/22/20","4","1","56011","25"
"Fremont","2","57","Wyoming","4/22/20","42","15","56013","35.71"
"Goshen","0","4","Wyoming","4/22/20","3","1","56015","33.33"
"Hot Springs","0","3","Wyoming","4/22/20","1","2","56017","200"
"Johnson","1","15","Wyoming","4/22/20","11","4","56019","36.36"
"Laramie","7","114","Wyoming","4/22/20","64","50","56021","78.12"
"Lincoln","1","9","Wyoming","4/22/20","5","4","56023","80"
"Natrona","2","48","Wyoming","4/22/20","34","14","56025","41.18"
"Niobrara","0","2","Wyoming","4/22/20","1","1","56027","100"
"Park","0","1","Wyoming","4/22/20","1","0","56029","0"
"Sheridan","1","16","Wyoming","4/22/20","12","4","56033","33.33"
"Sublette","0","3","Wyoming","4/22/20","1","2","56035","200"
"Sweetwater","1","16","Wyoming","4/22/20","10","6","56037","60"
"Teton","5","93","Wyoming","4/22/20","58","35","56039","60.34"
"Uinta","0","7","Wyoming","4/22/20","4","3","56041","75"
"Washakie","0","8","Wyoming","4/22/20","5","3","56043","60"
