"Locality","DailyAvgNewCasesPast7Days","TotalCases","State","Date","TotalCases7DaysAgo","NewCasesPast7Days","FIPS-Code","PercentIncreaseTotalCasesPast7Days"
"Autauga","2","39","Alabama","4/27/20","28","11","01001","39.29"
"Baldwin","7","168","Alabama","4/27/20","117","51","01003","43.59"
"Barbour","2","35","Alabama","4/27/20","22","13","01005","59.09"
"Bibb","1","42","Alabama","4/27/20","32","10","01007","31.25"
"Blount","2","34","Alabama","4/27/20","22","12","01009","54.55"
"Bullock","0","12","Alabama","4/27/20","11","1","01011","9.09"
"Butler","3","34","Alabama","4/27/20","14","20","01013","142.86"
"Calhoun","1","90","Alabama","4/27/20","80","10","01015","12.5"
"Chambers","5","289","Alabama","4/27/20","257","32","01017","12.45"
"Cherokee","0","14","Alabama","4/27/20","12","2","01019","16.67"
"Chilton","1","51","Alabama","4/27/20","43","8","01021","18.6"
"Choctaw","3","39","Alabama","4/27/20","17","22","01023","129.41"
"Clarke","0","27","Alabama","4/27/20","24","3","01025","12.5"
"Clay","0","19","Alabama","4/27/20","19","0","01027","0"
"Cleburne","0","12","Alabama","4/27/20","12","0","01029","0"
"Coffee","5","98","Alabama","4/27/20","64","34","01031","53.12"
"Colbert","1","23","Alabama","4/27/20","16","7","01033","43.75"
"Conecuh","0","9","Alabama","4/27/20","9","0","01035","0"
"Coosa","1","30","Alabama","4/27/20","23","7","01037","30.43"
"Covington","1","34","Alabama","4/27/20","24","10","01039","41.67"
"Crenshaw","1","12","Alabama","4/27/20","6","6","01041","100"
"Cullman","1","52","Alabama","4/27/20","44","8","01043","18.18"
"Dale","1","25","Alabama","4/27/20","21","4","01045","19.05"
"Dallas","2","37","Alabama","4/27/20","26","11","01047","42.31"
"DeKalb","4","74","Alabama","4/27/20","46","28","01049","60.87"
"Elmore","1","79","Alabama","4/27/20","69","10","01051","14.49"
"Escambia","1","26","Alabama","4/27/20","16","10","01053","62.5"
"Etowah","4","126","Alabama","4/27/20","100","26","01055","26"
"Fayette","0","5","Alabama","4/27/20","3","2","01057","66.67"
"Franklin","4","43","Alabama","4/27/20","18","25","01059","138.89"
"Geneva","1","8","Alabama","4/27/20","4","4","01061","100"
"Greene","2","46","Alabama","4/27/20","32","14","01063","43.75"
"Hale","1","41","Alabama","4/27/20","31","10","01065","32.26"
"Henry","1","22","Alabama","4/27/20","18","4","01067","22.22"
"Houston","1","79","Alabama","4/27/20","70","9","01069","12.86"
"Jackson","1","45","Alabama","4/27/20","39","6","01071","15.38"
"Jefferson","22","839","Alabama","4/27/20","688","151","01073","21.95"
"Lamar","0","10","Alabama","4/27/20","9","1","01075","11.11"
"Lauderdale","1","31","Alabama","4/27/20","24","7","01077","29.17"
"Lawrence","0","12","Alabama","4/27/20","10","2","01079","20"
"Lee","8","368","Alabama","4/27/20","311","57","01081","18.33"
"Limestone","0","42","Alabama","4/27/20","40","2","01083","5"
"Lowndes","1","39","Alabama","4/27/20","31","8","01085","25.81"
"Macon","1","34","Alabama","4/27/20","26","8","01087","30.77"
"Madison","2","214","Alabama","4/27/20","202","12","01089","5.94"
"Marengo","2","43","Alabama","4/27/20","30","13","01091","43.33"
"Marion","2","75","Alabama","4/27/20","63","12","01093","19.05"
"Marshall","20","310","Alabama","4/27/20","167","143","01095","85.63"
"Mobile","37","942","Alabama","4/27/20","680","262","01097","38.53"
"Monroe","0","11","Alabama","4/27/20","9","2","01099","22.22"
"Montgomery","9","292","Alabama","4/27/20","231","61","01101","26.41"
"Morgan","2","65","Alabama","4/27/20","48","17","01103","35.42"
"Perry","0","9","Alabama","4/27/20","9","0","01105","0"
"Pickens","1","47","Alabama","4/27/20","40","7","01107","17.5"
"Pike","3","65","Alabama","4/27/20","41","24","01109","58.54"
"Randolph","1","61","Alabama","4/27/20","56","5","01111","8.93"
"Russell","1","53","Alabama","4/27/20","48","5","01113","10.42"
"Shelby","6","318","Alabama","4/27/20","273","45","01117","16.48"
"St. Clair","2","68","Alabama","4/27/20","57","11","01115","19.3"
"Sumter","2","55","Alabama","4/27/20","40","15","01119","37.5"
"Talladega","2","58","Alabama","4/27/20","47","11","01121","23.4"
"Tallapoosa","12","275","Alabama","4/27/20","193","82","01123","42.49"
"Tuscaloosa","6","195","Alabama","4/27/20","153","42","01125","27.45"
"Walker","0","93","Alabama","4/27/20","90","3","01127","3.33"
"Washington","2","27","Alabama","4/27/20","16","11","01129","68.75"
"Wilcox","1","58","Alabama","4/27/20","49","9","01131","18.37"
"Winston","0","11","Alabama","4/27/20","9","2","01133","22.22"
"Anchorage","2","171","Alaska","4/27/20","155","16","02020","10.32"
"Bethel","0","1","Alaska","4/27/20","1","0","02050","0"
"Fairbanks North Star","0","80","Alaska","4/27/20","79","1","02090","1.27"
"Juneau","0","27","Alaska","4/27/20","24","3","02110","12.5"
"Kenai Peninsula","0","19","Alaska","4/27/20","19","0","02122","0"
"Ketchikan Gateway","0","16","Alaska","4/27/20","15","1","02130","6.67"
"Kodiak Island","0","1","Alaska","4/27/20","1","0","02150","0"
"Matanuska-Susitna","0","21","Alaska","4/27/20","19","2","02170","10.53"
"Nome","0","1","Alaska","4/27/20","1","0","02180","0"
"Petersburg","0","3","Alaska","4/27/20","3","0","02195","0"
"Prince of Wales-Hyder","0","2","Alaska","4/27/20","2","0","02198","0"
"Sitka","0","1","Alaska","4/27/20","0","1","02220","1"
"Southeast Fairbanks","0","1","Alaska","4/27/20","1","0","02240","0"
"Yukon-Koyukuk","0","1","Alaska","4/27/20","1","0","02290","0"
"Apache","23","362","Arizona","4/27/20","202","160","04001","79.21"
"Cochise","1","36","Arizona","4/27/20","28","8","04003","28.57"
"Coconino","13","425","Arizona","4/27/20","337","88","04005","26.11"
"Gila","0","11","Arizona","4/27/20","8","3","04007","37.5"
"Graham","1","9","Arizona","4/27/20","2","7","04009","350"
"Greenlee","0","2","Arizona","4/27/20","2","0","04011","0"
"La Paz","0","7","Arizona","4/27/20","5","2","04012","40"
"Maricopa","117","3457","Arizona","4/27/20","2636","821","04013","31.15"
"Mohave","6","96","Arizona","4/27/20","56","40","04015","71.43"
"Navajo","22","628","Arizona","4/27/20","473","155","04017","32.77"
"Pima","32","1164","Arizona","4/27/20","941","223","04019","23.7"
"Pinal","15","359","Arizona","4/27/20","256","103","04021","40.23"
"Santa Cruz","1","30","Arizona","4/27/20","20","10","04023","50"
"Yavapai","1","77","Arizona","4/27/20","71","6","04025","8.45"
"Yuma","4","62","Arizona","4/27/20","31","31","04027","100"
"Arkansas","0","2","Arkansas","4/27/20","2","0","05001","0"
"Ashley","0","13","Arkansas","4/27/20","12","1","05003","8.33"
"Baxter","0","5","Arkansas","4/27/20","5","0","05005","0"
"Benton","5","94","Arkansas","4/27/20","62","32","05007","51.61"
"Boone","0","5","Arkansas","4/27/20","3","2","05009","66.67"
"Bradley","0","8","Arkansas","4/27/20","7","1","05011","14.29"
"Carroll","0","4","Arkansas","4/27/20","2","2","05015","100"
"Chicot","0","9","Arkansas","4/27/20","7","2","05017","28.57"
"Clark","0","27","Arkansas","4/27/20","27","0","05019","0"
"Clay","0","2","Arkansas","4/27/20","1","1","05021","100"
"Cleburne","0","72","Arkansas","4/27/20","71","1","05023","1.41"
"Cleveland","0","10","Arkansas","4/27/20","8","2","05025","25"
"Columbia","1","9","Arkansas","4/27/20","5","4","05027","80"
"Conway","1","12","Arkansas","4/27/20","5","7","05029","140"
"Craighead","3","68","Arkansas","4/27/20","44","24","05031","54.55"
"Crawford","0","4","Arkansas","4/27/20","4","0","05033","0"
"Crittenden","5","174","Arkansas","4/27/20","142","32","05035","22.54"
"Cross","1","16","Arkansas","4/27/20","8","8","05037","100"
"Dallas","0","1","Arkansas","4/27/20","1","0","05039","0"
"Desha","1","16","Arkansas","4/27/20","7","9","05041","128.57"
"Drew","1","13","Arkansas","4/27/20","6","7","05043","116.67"
"Faulkner","2","75","Arkansas","4/27/20","62","13","05045","20.97"
"Franklin","0","2","Arkansas","4/27/20","1","1","05047","100"
"Fulton","0","1","Arkansas","4/27/20","0","1","05049","1"
"Garland","1","114","Arkansas","4/27/20","108","6","05051","5.56"
"Grant","0","12","Arkansas","4/27/20","11","1","05053","9.09"
"Greene","1","16","Arkansas","4/27/20","8","8","05055","100"
"Hempstead","0","5","Arkansas","4/27/20","5","0","05057","0"
"Hot Spring","0","10","Arkansas","4/27/20","8","2","05059","25"
"Howard","0","13","Arkansas","4/27/20","14","-1","05061","-7.14"
"Independence","0","9","Arkansas","4/27/20","8","1","05063","12.5"
"Izard","0","5","Arkansas","4/27/20","2","3","05065","150"
"Jackson","0","1","Arkansas","4/27/20","1","0","05067","0"
"Jefferson","5","160","Arkansas","4/27/20","126","34","05069","26.98"
"Johnson","1","30","Arkansas","4/27/20","22","8","05071","36.36"
"Lafayette","0","7","Arkansas","4/27/20","4","3","05073","75"
"Lawrence","2","43","Arkansas","4/27/20","26","17","05075","65.38"
"Lee","0","3","Arkansas","4/27/20","3","0","05077","0"
"Lincoln","71","754","Arkansas","4/27/20","258","496","05079","192.25"
"Logan","0","3","Arkansas","4/27/20","3","0","05083","0"
"Lonoke","2","39","Arkansas","4/27/20","26","13","05085","50"
"Madison","0","1","Arkansas","4/27/20","1","0","05087","0"
"Marion","0","1","Arkansas","4/27/20","1","0","05089","0"
"Miller","0","33","Arkansas","4/27/20","30","3","05091","10"
"Mississippi","1","13","Arkansas","4/27/20","9","4","05093","44.44"
"Monroe","0","4","Arkansas","4/27/20","4","0","05095","0"
"Nevada","0","1","Arkansas","4/27/20","1","0","05099","0"
"Newton","0","3","Arkansas","4/27/20","2","1","05101","50"
"Ouachita","0","6","Arkansas","4/27/20","5","1","05103","20"
"Perry","0","6","Arkansas","4/27/20","3","3","05105","100"
"Phillips","0","5","Arkansas","4/27/20","4","1","05107","25"
"Pike","0","3","Arkansas","4/27/20","2","1","05109","50"
"Poinsett","1","18","Arkansas","4/27/20","10","8","05111","80"
"Polk","0","8","Arkansas","4/27/20","7","1","05113","14.29"
"Pope","1","42","Arkansas","4/27/20","35","7","05115","20"
"Prairie","0","2","Arkansas","4/27/20","2","0","05117","0"
"Pulaski","14","484","Arkansas","4/27/20","388","96","05119","24.74"
"Randolph","0","16","Arkansas","4/27/20","14","2","05121","14.29"
"Saline","2","56","Arkansas","4/27/20","45","11","05125","24.44"
"Scott","0","1","Arkansas","4/27/20","1","0","05127","0"
"Searcy","0","6","Arkansas","4/27/20","6","0","05129","0"
"Sebastian","0","12","Arkansas","4/27/20","11","1","05131","9.09"
"Sevier","0","11","Arkansas","4/27/20","10","1","05133","10"
"Sharp","0","3","Arkansas","4/27/20","2","1","05135","50"
"St. Francis","2","81","Arkansas","4/27/20","65","16","05123","24.62"
"Stone","0","7","Arkansas","4/27/20","7","0","05137","0"
"Union","2","38","Arkansas","4/27/20","26","12","05139","46.15"
"Van Buren","0","27","Arkansas","4/27/20","26","1","05141","3.85"
"Washington","3","77","Arkansas","4/27/20","54","23","05143","42.59"
"White","0","31","Arkansas","4/27/20","29","2","05145","6.9"
"Woodruff","0","1","Arkansas","4/27/20","1","0","05147","0"
"Yell","0","3","Arkansas","4/27/20","2","1","05149","50"
"Alameda","44","1500","California","4/27/20","1193","307","06001","25.73"
"Alpine","0","2","California","4/27/20","1","1","06003","100"
"Amador","0","8","California","4/27/20","7","1","06005","14.29"
"Butte","0","16","California","4/27/20","16","0","06007","0"
"Calaveras","0","13","California","4/27/20","12","1","06009","8.33"
"Colusa","0","3","California","4/27/20","3","0","06011","0"
"Contra Costa","16","820","California","4/27/20","707","113","06013","15.98"
"Del Norte","0","3","California","4/27/20","2","1","06015","50"
"El Dorado","1","42","California","4/27/20","36","6","06017","16.67"
"Fresno","20","458","California","4/27/20","315","143","06019","45.4"
"Glenn","0","5","California","4/27/20","4","1","06021","25"
"Humboldt","0","53","California","4/27/20","52","1","06023","1.92"
"Imperial","17","281","California","4/27/20","160","121","06025","75.62"
"Inyo","0","19","California","4/27/20","18","1","06027","5.56"
"Kern","26","828","California","4/27/20","643","185","06029","28.77"
"Kings","5","67","California","4/27/20","30","37","06031","123.33"
"Lake","0","6","California","4/27/20","6","0","06033","0"
"Los Angeles","943","20423","California","4/27/20","13823","6600","06037","47.75"
"Madera","1","41","California","4/27/20","34","7","06039","20.59"
"Marin","4","224","California","4/27/20","195","29","06041","14.87"
"Mendocino","1","11","California","4/27/20","5","6","06045","120"
"Merced","3","108","California","4/27/20","90","18","06047","20"
"Mono","0","24","California","4/27/20","24","0","06051","0"
"Monterey","6","183","California","4/27/20","141","42","06053","29.79"
"Napa","2","64","California","4/27/20","48","16","06055","33.33"
"Nevada","0","37","California","4/27/20","36","1","06057","2.78"
"Orange","64","2126","California","4/27/20","1676","450","06059","26.85"
"Placer","2","143","California","4/27/20","132","11","06061","8.33"
"Plumas","0","4","California","4/27/20","4","0","06063","0"
"Riverside","114","3643","California","4/27/20","2847","796","06065","27.96"
"Sacramento","15","1045","California","4/27/20","940","105","06067","11.17"
"San Benito","0","47","California","4/27/20","44","3","06069","6.82"
"San Bernardino","52","1772","California","4/27/20","1406","366","06071","26.03"
"San Diego","111","3043","California","4/27/20","2268","775","06073","34.17"
"San Francisco","30","1424","California","4/27/20","1216","208","06075","17.11"
"San Joaquin","14","528","California","4/27/20","428","100","06077","23.36"
"San Luis Obispo","5","169","California","4/27/20","132","37","06079","28.03"
"San Mateo","23","1080","California","4/27/20","920","160","06081","17.39"
"Santa Barbara","11","471","California","4/27/20","394","77","06083","19.54"
"Santa Clara","26","2105","California","4/27/20","1922","183","06085","9.52"
"Santa Cruz","3","124","California","4/27/20","106","18","06087","16.98"
"Shasta","1","30","California","4/27/20","26","4","06089","15.38"
"Siskiyou","0","5","California","4/27/20","5","0","06093","0"
"Solano","3","199","California","4/27/20","180","19","06095","10.56"
"Sonoma","6","220","California","4/27/20","181","39","06097","21.55"
"Stanislaus","10","294","California","4/27/20","226","68","06099","30.09"
"Sutter","3","45","California","4/27/20","26","19","06101","73.08"
"Tehama","0","1","California","4/27/20","1","0","06103","0"
"Tulare","16","532","California","4/27/20","422","110","06107","26.07"
"Tuolumne","0","3","California","4/27/20","2","1","06109","50"
"Ventura","10","497","California","4/27/20","428","69","06111","16.12"
"Yolo","3","161","California","4/27/20","137","24","06113","17.52"
"Yuba","0","16","California","4/27/20","16","0","06115","0"
"Adams","60","1391","Colorado","4/27/20","968","423","08001","43.7"
"Alamosa","0","10","Colorado","4/27/20","9","1","08003","11.11"
"Arapahoe","93","2252","Colorado","4/27/20","1602","650","08005","40.57"
"Archuleta","0","8","Colorado","4/27/20","7","1","08007","14.29"
"Baca","0","10","Colorado","4/27/20","10","0","08009","0"
"Boulder","22","515","Colorado","4/27/20","360","155","08013","43.06"
"Broomfield","5","141","Colorado","4/27/20","103","38","08014","36.89"
"Chaffee","4","66","Colorado","4/27/20","38","28","08015","73.68"
"Clear Creek","0","13","Colorado","4/27/20","11","2","08019","18.18"
"Costilla","0","3","Colorado","4/27/20","3","0","08023","0"
"Crowley","0","2","Colorado","4/27/20","2","0","08025","0"
"Custer","0","2","Colorado","4/27/20","2","0","08027","0"
"Delta","1","33","Colorado","4/27/20","25","8","08029","32"
"Denver","115","2682","Colorado","4/27/20","1880","802","08031","42.66"
"Douglas","10","449","Colorado","4/27/20","381","68","08035","17.85"
"Eagle","7","535","Colorado","4/27/20","486","49","08037","10.08"
"El Paso","21","879","Colorado","4/27/20","734","145","08041","19.75"
"Elbert","0","27","Colorado","4/27/20","24","3","08039","12.5"
"Fremont","2","22","Colorado","4/27/20","11","11","08043","100"
"Garfield","2","88","Colorado","4/27/20","71","17","08045","23.94"
"Gilpin","0","1","Colorado","4/27/20","1","0","08047","0"
"Grand","0","5","Colorado","4/27/20","4","1","08049","25"
"Gunnison","6","158","Colorado","4/27/20","117","41","08051","35.04"
"Hinsdale","0","3","Colorado","4/27/20","3","0","08053","0"
"Huerfano","0","2","Colorado","4/27/20","1","1","08055","100"
"Jefferson","41","1276","Colorado","4/27/20","987","289","08059","29.28"
"Kit Carson","0","20","Colorado","4/27/20","18","2","08063","11.11"
"La Plata","1","59","Colorado","4/27/20","52","7","08067","13.46"
"Lake","1","17","Colorado","4/27/20","8","9","08065","112.5"
"Larimer","11","321","Colorado","4/27/20","245","76","08069","31.02"
"Las Animas","0","3","Colorado","4/27/20","3","0","08071","0"
"Lincoln","0","3","Colorado","4/27/20","3","0","08073","0"
"Logan","34","259","Colorado","4/27/20","22","237","08075","1077.27"
"Mesa","1","40","Colorado","4/27/20","35","5","08077","14.29"
"Mineral","0","2","Colorado","4/27/20","2","0","08079","0"
"Moffat","0","6","Colorado","4/27/20","5","1","08081","20"
"Montezuma","0","15","Colorado","4/27/20","13","2","08083","15.38"
"Montrose","2","92","Colorado","4/27/20","80","12","08085","15"
"Morgan","19","298","Colorado","4/27/20","167","131","08087","78.44"
"Otero","0","8","Colorado","4/27/20","7","1","08089","14.29"
"Ouray","0","5","Colorado","4/27/20","5","0","08091","0"
"Park","0","7","Colorado","4/27/20","6","1","08093","16.67"
"Phillips","0","6","Colorado","4/27/20","5","1","08095","20"
"Pitkin","1","61","Colorado","4/27/20","57","4","08097","7.02"
"Prowers","0","1","Colorado","4/27/20","1","0","08099","0"
"Pueblo","7","134","Colorado","4/27/20","88","46","08101","52.27"
"Rio Blanco","0","1","Colorado","4/27/20","1","0","08103","0"
"Rio Grande","0","7","Colorado","4/27/20","7","0","08105","0"
"Routt","1","54","Colorado","4/27/20","49","5","08107","10.2"
"Saguache","0","3","Colorado","4/27/20","3","0","08109","0"
"San Miguel","0","19","Colorado","4/27/20","17","2","08113","11.76"
"Summit","2","106","Colorado","4/27/20","93","13","08117","13.98"
"Teller","0","27","Colorado","4/27/20","24","3","08119","12.5"
"Washington","0","6","Colorado","4/27/20","6","0","08121","0"
"Weld","60","1544","Colorado","4/27/20","1121","423","08123","37.73"
"Yuma","0","6","Colorado","4/27/20","3","3","08125","100"
"Fairfield","349","10763","Connecticut","4/27/20","8320","2443","09001","29.36"
"Hartford","191","5157","Connecticut","4/27/20","3823","1334","09003","34.89"
"Litchfield","36","892","Connecticut","4/27/20","639","253","09005","39.59"
"Middlesex","18","609","Connecticut","4/27/20","484","125","09007","25.83"
"New Haven","246","6993","Connecticut","4/27/20","5272","1721","09009","32.64"
"New London","23","516","Connecticut","4/27/20","356","160","09011","44.94"
"Tolland","17","419","Connecticut","4/27/20","299","120","09013","40.13"
"Windham","8","164","Connecticut","4/27/20","108","56","09015","51.85"
"Kent","32","652","Delaware","4/27/20","430","222","10001","51.63"
"New Castle","57","1629","Delaware","4/27/20","1229","400","10003","32.55"
"Sussex","116","1870","Delaware","4/27/20","1055","815","10005","77.25"
"","0","49","Diamond Princess","4/27/20","49","0",,"0"
"District of Columbia","138","3892","District of Columbia","4/27/20","2927","965","11001","32.97"
"Alachua","5","254","Florida","4/27/20","218","36","12001","16.51"
"Baker","0","20","Florida","4/27/20","17","3","12003","17.65"
"Bay","2","68","Florida","4/27/20","57","11","12005","19.3"
"Bradford","0","44","Florida","4/27/20","42","2","12007","4.76"
"Brevard","7","266","Florida","4/27/20","218","48","12009","22.02"
"Broward","102","4794","Florida","4/27/20","4078","716","12011","17.56"
"Calhoun","0","6","Florida","4/27/20","6","0","12013","0"
"Charlotte","10","211","Florida","4/27/20","139","72","12015","51.8"
"Citrus","2","97","Florida","4/27/20","86","11","12017","12.79"
"Clay","3","271","Florida","4/27/20","249","22","12019","8.84"
"Collier","13","562","Florida","4/27/20","470","92","12021","19.57"
"Columbia","2","53","Florida","4/27/20","40","13","12023","32.5"
"DeSoto","0","25","Florida","4/27/20","24","1","12027","4.17"
"Dixie","0","5","Florida","4/27/20","4","1","12029","25"
"Duval","13","990","Florida","4/27/20","896","94","12031","10.49"
"Escambia","22","470","Florida","4/27/20","315","155","12033","49.21"
"Flagler","7","127","Florida","4/27/20","76","51","12035","67.11"
"Franklin","0","2","Florida","4/27/20","2","0","12037","0"
"Gadsden","4","87","Florida","4/27/20","57","30","12039","52.63"
"Gilchrist","0","4","Florida","4/27/20","4","0","12041","0"
"Glades","0","6","Florida","4/27/20","5","1","12043","20"
"Gulf","0","1","Florida","4/27/20","1","0","12045","0"
"Hamilton","0","6","Florida","4/27/20","3","3","12047","100"
"Hardee","1","13","Florida","4/27/20","4","9","12049","225"
"Hendry","3","68","Florida","4/27/20","44","24","12051","54.55"
"Hernando","1","89","Florida","4/27/20","84","5","12053","5.95"
"Highlands","1","80","Florida","4/27/20","71","9","12055","12.68"
"Hillsborough","13","1062","Florida","4/27/20","973","89","12057","9.15"
"Holmes","0","9","Florida","4/27/20","6","3","12059","50"
"Indian River","1","90","Florida","4/27/20","85","5","12061","5.88"
"Jackson","1","13","Florida","4/27/20","9","4","12063","44.44"
"Jefferson","0","28","Florida","4/27/20","26","2","12065","7.69"
"Lafayette","0","1","Florida","4/27/20","1","0","12067","0"
"Lake","2","223","Florida","4/27/20","211","12","12069","5.69"
"Lee","27","971","Florida","4/27/20","785","186","12071","23.69"
"Leon","4","212","Florida","4/27/20","184","28","12073","15.22"
"Levy","0","13","Florida","4/27/20","13","0","12075","0"
"Liberty","0","2","Florida","4/27/20","2","0","12077","0"
"Madison","3","44","Florida","4/27/20","23","21","12079","91.3"
"Manatee","14","533","Florida","4/27/20","433","100","12081","23.09"
"Marion","3","151","Florida","4/27/20","129","22","12083","17.05"
"Martin","4","183","Florida","4/27/20","155","28","12085","18.06"
"Miami-Dade","273","11570","Florida","4/27/20","9657","1913","12086","19.81"
"Monroe","1","79","Florida","4/27/20","73","6","12087","8.22"
"Nassau","1","53","Florida","4/27/20","46","7","12089","15.22"
"Okaloosa","3","149","Florida","4/27/20","131","18","12091","13.74"
"Okeechobee","0","10","Florida","4/27/20","7","3","12093","42.86"
"Orange","18","1339","Florida","4/27/20","1216","123","12095","10.12"
"Osceola","9","470","Florida","4/27/20","410","60","12097","14.63"
"Palm Beach","72","2763","Florida","4/27/20","2260","503","12099","22.26"
"Pasco","4","237","Florida","4/27/20","209","28","12101","13.4"
"Pinellas","13","698","Florida","4/27/20","607","91","12103","14.99"
"Polk","15","441","Florida","4/27/20","335","106","12105","31.64"
"Putnam","4","87","Florida","4/27/20","58","29","12107","50"
"Santa Rosa","1","150","Florida","4/27/20","140","10","12113","7.14"
"Sarasota","5","323","Florida","4/27/20","291","32","12115","11"
"Seminole","6","367","Florida","4/27/20","325","42","12117","12.92"
"St. Johns","2","204","Florida","4/27/20","192","12","12109","6.25"
"St. Lucie","5","236","Florida","4/27/20","204","32","12111","15.69"
"Sumter","3","173","Florida","4/27/20","153","20","12119","13.07"
"Suwannee","3","118","Florida","4/27/20","98","20","12121","20.41"
"Taylor","0","3","Florida","4/27/20","2","1","12123","50"
"Union","0","4","Florida","4/27/20","2","2","12125","100"
"Volusia","14","440","Florida","4/27/20","342","98","12127","28.65"
"Wakulla","1","22","Florida","4/27/20","15","7","12129","46.67"
"Walton","0","35","Florida","4/27/20","32","3","12131","9.38"
"Washington","1","12","Florida","4/27/20","6","6","12133","100"
"Appling","6","60","Georgia","4/27/20","21","39","13001","185.71"
"Atkinson","0","7","Georgia","4/27/20","5","2","13003","40"
"Bacon","0","22","Georgia","4/27/20","19","3","13005","15.79"
"Baker","0","21","Georgia","4/27/20","20","1","13007","5"
"Baldwin","9","193","Georgia","4/27/20","130","63","13009","48.46"
"Banks","0","17","Georgia","4/27/20","15","2","13011","13.33"
"Barrow","3","113","Georgia","4/27/20","93","20","13013","21.51"
"Bartow","5","289","Georgia","4/27/20","255","34","13015","13.33"
"Ben Hill","1","24","Georgia","4/27/20","15","9","13017","60"
"Berrien","1","15","Georgia","4/27/20","10","5","13019","50"
"Bibb","8","256","Georgia","4/27/20","203","53","13021","26.11"
"Bleckley","1","9","Georgia","4/27/20","5","4","13023","80"
"Brantley","0","21","Georgia","4/27/20","20","1","13025","5"
"Brooks","4","52","Georgia","4/27/20","23","29","13027","126.09"
"Bryan","2","48","Georgia","4/27/20","35","13","13029","37.14"
"Bulloch","1","34","Georgia","4/27/20","30","4","13031","13.33"
"Burke","4","77","Georgia","4/27/20","48","29","13033","60.42"
"Butts","7","126","Georgia","4/27/20","80","46","13035","57.5"
"Calhoun","4","87","Georgia","4/27/20","61","26","13037","42.62"
"Camden","0","30","Georgia","4/27/20","27","3","13039","11.11"
"Candler","0","8","Georgia","4/27/20","7","1","13043","14.29"
"Carroll","3","329","Georgia","4/27/20","305","24","13045","7.87"
"Catoosa","3","46","Georgia","4/27/20","23","23","13047","100"
"Charlton","0","8","Georgia","4/27/20","6","2","13049","33.33"
"Chatham","3","208","Georgia","4/27/20","185","23","13051","12.43"
"Chattahoochee","0","9","Georgia","4/27/20","7","2","13053","28.57"
"Chattooga","1","14","Georgia","4/27/20","9","5","13055","55.56"
"Cherokee","11","393","Georgia","4/27/20","317","76","13057","23.97"
"Clarke","4","140","Georgia","4/27/20","114","26","13059","22.81"
"Clay","0","20","Georgia","4/27/20","20","0","13061","0"
"Clayton","16","649","Georgia","4/27/20","540","109","13063","20.19"
"Clinch","0","7","Georgia","4/27/20","7","0","13065","0"
"Cobb","41","1483","Georgia","4/27/20","1196","287","13067","24"
"Coffee","4","109","Georgia","4/27/20","83","26","13069","31.33"
"Colquitt","4","172","Georgia","4/27/20","145","27","13071","18.62"
"Columbia","4","145","Georgia","4/27/20","116","29","13073","25"
"Cook","1","17","Georgia","4/27/20","13","4","13075","30.77"
"Coweta","3","190","Georgia","4/27/20","169","21","13077","12.43"
"Crawford","0","14","Georgia","4/27/20","14","0","13079","0"
"Crisp","5","157","Georgia","4/27/20","125","32","13081","25.6"
"Dade","1","17","Georgia","4/27/20","10","7","13083","70"
"Dawson","1","53","Georgia","4/27/20","45","8","13085","17.78"
"Decatur","0","64","Georgia","4/27/20","61","3","13087","4.92"
"DeKalb","48","1855","Georgia","4/27/20","1521","334","13089","21.96"
"Dodge","1","24","Georgia","4/27/20","19","5","13091","26.32"
"Dooly","7","119","Georgia","4/27/20","71","48","13093","67.61"
"Dougherty","6","1480","Georgia","4/27/20","1436","44","13095","3.06"
"Douglas","6","284","Georgia","4/27/20","243","41","13097","16.87"
"Early","4","202","Georgia","4/27/20","173","29","13099","16.76"
"Echols","0","5","Georgia","4/27/20","4","1","13101","25"
"Effingham","1","34","Georgia","4/27/20","27","7","13103","25.93"
"Elbert","2","19","Georgia","4/27/20","7","12","13105","171.43"
"Emanuel","1","20","Georgia","4/27/20","14","6","13107","42.86"
"Evans","0","4","Georgia","4/27/20","3","1","13109","33.33"
"Fannin","1","24","Georgia","4/27/20","19","5","13111","26.32"
"Fayette","4","169","Georgia","4/27/20","143","26","13113","18.18"
"Floyd","1","134","Georgia","4/27/20","126","8","13115","6.35"
"Forsyth","9","271","Georgia","4/27/20","211","60","13117","28.44"
"Franklin","1","17","Georgia","4/27/20","12","5","13119","41.67"
"Fulton","69","2680","Georgia","4/27/20","2198","482","13121","21.93"
"Gilmer","6","54","Georgia","4/27/20","15","39","13123","260"
"Glynn","0","51","Georgia","4/27/20","49","2","13127","4.08"
"Gordon","2","81","Georgia","4/27/20","67","14","13129","20.9"
"Grady","3","54","Georgia","4/27/20","34","20","13131","58.82"
"Greene","1","54","Georgia","4/27/20","45","9","13133","20"
"Gwinnett","52","1545","Georgia","4/27/20","1181","364","13135","30.82"
"Habersham","13","193","Georgia","4/27/20","99","94","13137","94.95"
"Hall","57","1098","Georgia","4/27/20","702","396","13139","56.41"
"Hancock","2","25","Georgia","4/27/20","10","15","13141","150"
"Haralson","1","27","Georgia","4/27/20","22","5","13143","22.73"
"Harris","2","57","Georgia","4/27/20","45","12","13145","26.67"
"Hart","0","9","Georgia","4/27/20","6","3","13147","50"
"Heard","0","10","Georgia","4/27/20","7","3","13149","42.86"
"Henry","12","464","Georgia","4/27/20","382","82","13151","21.47"
"Houston","5","215","Georgia","4/27/20","182","33","13153","18.13"
"Irwin","0","15","Georgia","4/27/20","15","0","13155","0"
"Jackson","3","77","Georgia","4/27/20","55","22","13157","40"
"Jasper","0","20","Georgia","4/27/20","18","2","13159","11.11"
"Jeff Davis","1","14","Georgia","4/27/20","7","7","13161","100"
"Jefferson","0","14","Georgia","4/27/20","11","3","13163","27.27"
"Jenkins","0","16","Georgia","4/27/20","13","3","13165","23.08"
"Johnson","1","39","Georgia","4/27/20","34","5","13167","14.71"
"Jones","1","27","Georgia","4/27/20","20","7","13169","35"
"Lamar","1","34","Georgia","4/27/20","27","7","13171","25.93"
"Lanier","0","8","Georgia","4/27/20","7","1","13173","14.29"
"Laurens","2","54","Georgia","4/27/20","43","11","13175","25.58"
"Lee","4","307","Georgia","4/27/20","276","31","13177","11.23"
"Liberty","0","35","Georgia","4/27/20","34","1","13179","2.94"
"Lincoln","0","10","Georgia","4/27/20","9","1","13181","11.11"
"Long","0","4","Georgia","4/27/20","2","2","13183","100"
"Lowndes","5","139","Georgia","4/27/20","101","38","13185","37.62"
"Lumpkin","1","32","Georgia","4/27/20","24","8","13187","33.33"
"Macon","3","73","Georgia","4/27/20","53","20","13193","37.74"
"Madison","1","22","Georgia","4/27/20","15","7","13195","46.67"
"Marion","2","40","Georgia","4/27/20","29","11","13197","37.93"
"McDuffie","1","44","Georgia","4/27/20","37","7","13189","18.92"
"McIntosh","0","4","Georgia","4/27/20","4","0","13191","0"
"Meriwether","0","49","Georgia","4/27/20","46","3","13199","6.52"
"Miller","1","29","Georgia","4/27/20","23","6","13201","26.09"
"Mitchell","12","293","Georgia","4/27/20","210","83","13205","39.52"
"Monroe","1","22","Georgia","4/27/20","15","7","13207","46.67"
"Montgomery","0","2","Georgia","4/27/20","2","0","13209","0"
"Morgan","0","25","Georgia","4/27/20","22","3","13211","13.64"
"Murray","1","25","Georgia","4/27/20","18","7","13213","38.89"
"Muscogee","8","283","Georgia","4/27/20","229","54","13215","23.58"
"Newton","5","173","Georgia","4/27/20","139","34","13217","24.46"
"Oconee","1","57","Georgia","4/27/20","51","6","13219","11.76"
"Oglethorpe","2","48","Georgia","4/27/20","34","14","13221","41.18"
"Out of GA","11","1027","Georgia","4/27/20","951","76","80013","7.99"
"Paulding","4","166","Georgia","4/27/20","141","25","13223","17.73"
"Peach","1","39","Georgia","4/27/20","35","4","13225","11.43"
"Pickens","0","21","Georgia","4/27/20","18","3","13227","16.67"
"Pierce","0","54","Georgia","4/27/20","51","3","13229","5.88"
"Pike","1","39","Georgia","4/27/20","33","6","13231","18.18"
"Polk","2","49","Georgia","4/27/20","36","13","13233","36.11"
"Pulaski","1","24","Georgia","4/27/20","18","6","13235","33.33"
"Putnam","2","37","Georgia","4/27/20","25","12","13237","48"
"Quitman","0","4","Georgia","4/27/20","3","1","13239","33.33"
"Rabun","0","10","Georgia","4/27/20","8","2","13241","25"
"Randolph","2","156","Georgia","4/27/20","145","11","13243","7.59"
"Richmond","13","377","Georgia","4/27/20","283","94","13245","33.22"
"Rockdale","4","166","Georgia","4/27/20","140","26","13247","18.57"
"Schley","0","16","Georgia","4/27/20","16","0","13249","0"
"Screven","0","14","Georgia","4/27/20","11","3","13251","27.27"
"Seminole","1","29","Georgia","4/27/20","25","4","13253","16"
"Spalding","9","197","Georgia","4/27/20","135","62","13255","45.93"
"Stephens","5","73","Georgia","4/27/20","40","33","13257","82.5"
"Stewart","0","18","Georgia","4/27/20","17","1","13259","5.88"
"Sumter","4","362","Georgia","4/27/20","332","30","13261","9.04"
"Talbot","0","21","Georgia","4/27/20","19","2","13263","10.53"
"Tattnall","0","7","Georgia","4/27/20","5","2","13267","40"
"Taylor","1","17","Georgia","4/27/20","13","4","13269","30.77"
"Telfair","1","25","Georgia","4/27/20","15","10","13271","66.67"
"Terrell","2","167","Georgia","4/27/20","150","17","13273","11.33"
"Thomas","5","162","Georgia","4/27/20","126","36","13275","28.57"
"Tift","1","100","Georgia","4/27/20","92","8","13277","8.7"
"Toombs","1","28","Georgia","4/27/20","20","8","13279","40"
"Towns","1","20","Georgia","4/27/20","15","5","13281","33.33"
"Treutlen","0","2","Georgia","4/27/20","2","0","13283","0"
"Troup","5","138","Georgia","4/27/20","100","38","13285","38"
"Turner","1","64","Georgia","4/27/20","59","5","13287","8.47"
"Twiggs","0","7","Georgia","4/27/20","4","3","13289","75"
"Union","2","32","Georgia","4/27/20","16","16","13291","100"
"Upson","4","203","Georgia","4/27/20","175","28","13293","16"
"Walker","6","59","Georgia","4/27/20","19","40","13295","210.53"
"Walton","5","100","Georgia","4/27/20","63","37","13297","58.73"
"Ware","3","112","Georgia","4/27/20","88","24","13299","27.27"
"Warren","0","12","Georgia","4/27/20","10","2","13301","20"
"Washington","2","37","Georgia","4/27/20","25","12","13303","48"
"Wayne","1","12","Georgia","4/27/20","8","4","13305","50"
"Webster","1","10","Georgia","4/27/20","6","4","13307","66.67"
"Wheeler","0","4","Georgia","4/27/20","3","1","13309","33.33"
"White","3","48","Georgia","4/27/20","30","18","13311","60"
"Whitfield","3","69","Georgia","4/27/20","45","24","13313","53.33"
"Wilcox","4","72","Georgia","4/27/20","44","28","13315","63.64"
"Wilkes","1","23","Georgia","4/27/20","18","5","13317","27.78"
"Wilkinson","1","32","Georgia","4/27/20","22","10","13319","45.45"
"Worth","2","143","Georgia","4/27/20","128","15","13321","11.72"
"","0","103","Grand Princess","4/27/20","103","0",,"0"
"","1","141","Guam","4/27/20","136","5",,"3.68"
"Hawaii","1","70","Hawaii","4/27/20","64","6","15001","9.38"
"Honolulu","2","396","Hawaii","4/27/20","385","11","15003","2.86"
"Kauai","0","21","Hawaii","4/27/20","21","0","15007","0"
"Maui","1","113","Hawaii","4/27/20","108","5","15009","4.63"
"Out of HI","0","7","Hawaii","4/27/20","6","1","80015","16.67"
"Ada","7","650","Idaho","4/27/20","598","52","16001","8.7"
"Adams","0","3","Idaho","4/27/20","1","2","16003","200"
"Bannock","0","8","Idaho","4/27/20","8","0","16005","0"
"Bingham","0","3","Idaho","4/27/20","3","0","16011","0"
"Blaine","2","492","Idaho","4/27/20","476","16","16013","3.36"
"Bonner","0","4","Idaho","4/27/20","4","0","16017","0"
"Bonneville","1","28","Idaho","4/27/20","24","4","16019","16.67"
"Camas","0","1","Idaho","4/27/20","1","0","16025","0"
"Canyon","7","233","Idaho","4/27/20","187","46","16027","24.6"
"Caribou","0","1","Idaho","4/27/20","1","0","16029","0"
"Cassia","0","12","Idaho","4/27/20","10","2","16031","20"
"Custer","0","2","Idaho","4/27/20","2","0","16037","0"
"Elmore","1","29","Idaho","4/27/20","22","7","16039","31.82"
"Fremont","0","2","Idaho","4/27/20","2","0","16043","0"
"Gem","0","12","Idaho","4/27/20","10","2","16045","20"
"Gooding","0","9","Idaho","4/27/20","8","1","16047","12.5"
"Idaho","0","3","Idaho","4/27/20","3","0","16049","0"
"Jefferson","0","5","Idaho","4/27/20","5","0","16051","0"
"Jerome","0","46","Idaho","4/27/20","44","2","16053","4.55"
"Kootenai","1","61","Idaho","4/27/20","51","10","16055","19.61"
"Latah","0","4","Idaho","4/27/20","3","1","16057","33.33"
"Lemhi","0","1","Idaho","4/27/20","0","1","16059","1"
"Lincoln","1","22","Idaho","4/27/20","17","5","16063","29.41"
"Madison","0","8","Idaho","4/27/20","8","0","16065","0"
"Minidoka","0","10","Idaho","4/27/20","10","0","16067","0"
"Nez Perce","4","58","Idaho","4/27/20","30","28","16069","93.33"
"Owyhee","1","8","Idaho","4/27/20","4","4","16073","100"
"Payette","0","13","Idaho","4/27/20","10","3","16075","30"
"Power","0","2","Idaho","4/27/20","2","0","16077","0"
"Teton","0","8","Idaho","4/27/20","8","0","16081","0"
"Twin Falls","6","156","Idaho","4/27/20","117","39","16083","33.33"
"Valley","0","2","Idaho","4/27/20","2","0","16085","0"
"Washington","0","1","Idaho","4/27/20","1","0","16087","0"
"Adams","0","33","Illinois","4/27/20","34","-1","17001","-2.94"
"Alexander","0","3","Illinois","4/27/20","2","1","17003","50"
"Bond","0","5","Illinois","4/27/20","4","1","17005","25"
"Boone","7","79","Illinois","4/27/20","33","46","17007","139.39"
"Bureau","0","10","Illinois","4/27/20","8","2","17011","25"
"Calhoun","0","1","Illinois","4/27/20","1","0","17013","0"
"Carroll","0","9","Illinois","4/27/20","6","3","17015","50"
"Cass","4","25","Illinois","4/27/20","0","25","17017","1"
"Champaign","2","107","Illinois","4/27/20","95","12","17019","12.63"
"Christian","0","28","Illinois","4/27/20","27","1","17021","3.7"
"Clark","0","4","Illinois","4/27/20","4","0","17023","0"
"Clay","0","2","Illinois","4/27/20","1","1","17025","100"
"Clinton","6","85","Illinois","4/27/20","45","40","17027","88.89"
"Coles","1","22","Illinois","4/27/20","16","6","17029","37.5"
"Cook","1407","31953","Illinois","4/27/20","22101","9852","17031","44.58"
"Crawford","1","10","Illinois","4/27/20","4","6","17033","150"
"Cumberland","0","3","Illinois","4/27/20","2","1","17035","50"
"De Witt","0","1","Illinois","4/27/20","1","0","17039","0"
"DeKalb","3","76","Illinois","4/27/20","55","21","17037","38.18"
"Douglas","0","14","Illinois","4/27/20","12","2","17041","16.67"
"DuPage","124","2628","Illinois","4/27/20","1761","867","17043","49.23"
"Effingham","0","5","Illinois","4/27/20","4","1","17049","25"
"Fayette","0","16","Illinois","4/27/20","15","1","17051","6.67"
"Ford","0","8","Illinois","4/27/20","6","2","17053","33.33"
"Franklin","0","8","Illinois","4/27/20","5","3","17055","60"
"Fulton","0","3","Illinois","4/27/20","1","2","17057","200"
"Gallatin","0","2","Illinois","4/27/20","2","0","17059","0"
"Greene","0","2","Illinois","4/27/20","1","1","17061","100"
"Grundy","1","30","Illinois","4/27/20","26","4","17063","15.38"
"Hamilton","0","2","Illinois","4/27/20","1","1","17065","100"
"Hancock","0","5","Illinois","4/27/20","3","2","17067","66.67"
"Hardin","0","1","Illinois","4/27/20","0","1","17069","1"
"Henderson","0","4","Illinois","4/27/20","2","2","17071","100"
"Henry","1","36","Illinois","4/27/20","30","6","17073","20"
"Iroquois","1","18","Illinois","4/27/20","13","5","17075","38.46"
"Jackson","3","68","Illinois","4/27/20","44","24","17077","54.55"
"Jasper","3","42","Illinois","4/27/20","20","22","17079","110"
"Jefferson","7","83","Illinois","4/27/20","32","51","17081","159.38"
"Jersey","1","12","Illinois","4/27/20","8","4","17083","50"
"Jo Daviess","0","11","Illinois","4/27/20","12","-1","17085","-8.33"
"Johnson","0","4","Illinois","4/27/20","2","2","17087","100"
"Kane","78","1185","Illinois","4/27/20","638","547","17089","85.74"
"Kankakee","4","309","Illinois","4/27/20","278","31","17091","11.15"
"Kendall","11","218","Illinois","4/27/20","138","80","17093","57.97"
"Knox","4","36","Illinois","4/27/20","10","26","17095","260"
"Lake","123","3080","Illinois","4/27/20","2216","864","17097","38.99"
"LaSalle","2","46","Illinois","4/27/20","30","16","17099","53.33"
"Lawrence","0","3","Illinois","4/27/20","2","1","17101","50"
"Lee","0","20","Illinois","4/27/20","17","3","17103","17.65"
"Livingston","0","20","Illinois","4/27/20","17","3","17105","17.65"
"Logan","0","4","Illinois","4/27/20","4","0","17107","0"
"Macon","7","103","Illinois","4/27/20","55","48","17115","87.27"
"Macoupin","1","30","Illinois","4/27/20","21","9","17117","42.86"
"Madison","17","306","Illinois","4/27/20","184","122","17119","66.3"
"Marion","1","26","Illinois","4/27/20","20","6","17121","30"
"Marshall","0","4","Illinois","4/27/20","4","0","17123","0"
"Mason","0","7","Illinois","4/27/20","5","2","17125","40"
"Massac","0","4","Illinois","4/27/20","3","1","17127","33.33"
"McDonough","1","7","Illinois","4/27/20","3","4","17109","133.33"
"McHenry","27","538","Illinois","4/27/20","351","187","17111","53.28"
"McLean","1","92","Illinois","4/27/20","86","6","17113","6.98"
"Menard","0","4","Illinois","4/27/20","3","1","17129","33.33"
"Mercer","0","7","Illinois","4/27/20","5","2","17131","40"
"Monroe","1","64","Illinois","4/27/20","54","10","17133","18.52"
"Montgomery","1","23","Illinois","4/27/20","16","7","17135","43.75"
"Morgan","1","18","Illinois","4/27/20","13","5","17137","38.46"
"Moultrie","0","4","Illinois","4/27/20","2","2","17139","100"
"Ogle","7","105","Illinois","4/27/20","58","47","17141","81.03"
"Peoria","4","68","Illinois","4/27/20","43","25","17143","58.14"
"Perry","1","9","Illinois","4/27/20","1","8","17145","800"
"Piatt","0","7","Illinois","4/27/20","7","0","17147","0"
"Pike","0","1","Illinois","4/27/20","1","0","17149","0"
"Pulaski","1","17","Illinois","4/27/20","9","8","17153","88.89"
"Randolph","7","109","Illinois","4/27/20","58","51","17157","87.93"
"Richland","0","3","Illinois","4/27/20","2","1","17159","50"
"Rock Island","16","323","Illinois","4/27/20","211","112","17161","53.08"
"Saline","0","3","Illinois","4/27/20","3","0","17165","0"
"Sangamon","7","113","Illinois","4/27/20","64","49","17167","76.56"
"Schuyler","0","1","Illinois","4/27/20","1","0","17169","0"
"Shelby","1","10","Illinois","4/27/20","4","6","17173","150"
"St. Clair","18","403","Illinois","4/27/20","276","127","17163","46.01"
"Stark","0","1","Illinois","4/27/20","1","0","17175","0"
"Stephenson","1","16","Illinois","4/27/20","12","4","17177","33.33"
"Tazewell","2","37","Illinois","4/27/20","26","11","17179","42.31"
"Union","0","8","Illinois","4/27/20","5","3","17181","60"
"Vermilion","1","14","Illinois","4/27/20","9","5","17183","55.56"
"Wabash","0","1","Illinois","4/27/20","1","0","17185","0"
"Warren","5","50","Illinois","4/27/20","15","35","17187","233.33"
"Washington","0","8","Illinois","4/27/20","7","1","17189","14.29"
"Wayne","0","2","Illinois","4/27/20","1","1","17191","100"
"White","0","1","Illinois","4/27/20","0","1","17193","1"
"Whiteside","4","67","Illinois","4/27/20","41","26","17195","63.41"
"Will","69","2173","Illinois","4/27/20","1692","481","17197","28.43"
"Williamson","1","25","Illinois","4/27/20","15","10","17199","66.67"
"Winnebago","21","343","Illinois","4/27/20","195","148","17201","75.9"
"Woodford","0","11","Illinois","4/27/20","11","0","17203","0"
"Adams","0","7","Indiana","4/27/20","7","0","18001","0"
"Allen","23","486","Indiana","4/27/20","327","159","18003","48.62"
"Bartholomew","13","232","Indiana","4/27/20","140","92","18005","65.71"
"Benton","0","6","Indiana","4/27/20","4","2","18007","50"
"Blackford","0","7","Indiana","4/27/20","6","1","18009","16.67"
"Boone","4","183","Indiana","4/27/20","154","29","18011","18.83"
"Brown","0","15","Indiana","4/27/20","14","1","18013","7.14"
"Carroll","2","18","Indiana","4/27/20","7","11","18015","157.14"
"Cass","134","1025","Indiana","4/27/20","87","938","18017","1078.16"
"Clark","14","277","Indiana","4/27/20","177","100","18019","56.5"
"Clay","0","19","Indiana","4/27/20","20","-1","18021","-5"
"Clinton","2","32","Indiana","4/27/20","19","13","18023","68.42"
"Crawford","0","16","Indiana","4/27/20","13","3","18025","23.08"
"Daviess","2","45","Indiana","4/27/20","34","11","18027","32.35"
"Dearborn","2","85","Indiana","4/27/20","68","17","18029","25"
"Decatur","4","194","Indiana","4/27/20","168","26","18031","15.48"
"DeKalb","0","15","Indiana","4/27/20","13","2","18033","15.38"
"Delaware","5","147","Indiana","4/27/20","114","33","18035","28.95"
"Dubois","0","18","Indiana","4/27/20","16","2","18037","12.5"
"Elkhart","12","247","Indiana","4/27/20","164","83","18039","50.61"
"Fayette","0","25","Indiana","4/27/20","22","3","18041","13.64"
"Floyd","3","164","Indiana","4/27/20","142","22","18043","15.49"
"Fountain","0","9","Indiana","4/27/20","8","1","18045","12.5"
"Franklin","1","94","Indiana","4/27/20","90","4","18047","4.44"
"Fulton","2","23","Indiana","4/27/20","6","17","18049","283.33"
"Gibson","0","6","Indiana","4/27/20","5","1","18051","20"
"Grant","6","117","Indiana","4/27/20","78","39","18053","50"
"Greene","1","47","Indiana","4/27/20","42","5","18055","11.9"
"Hamilton","17","720","Indiana","4/27/20","598","122","18057","20.4"
"Hancock","5","183","Indiana","4/27/20","151","32","18059","21.19"
"Harrison","3","121","Indiana","4/27/20","101","20","18061","19.8"
"Hendricks","21","643","Indiana","4/27/20","499","144","18063","28.86"
"Henry","0","34","Indiana","4/27/20","31","3","18065","9.68"
"Howard","11","152","Indiana","4/27/20","72","80","18067","111.11"
"Huntington","0","9","Indiana","4/27/20","6","3","18069","50"
"Jackson","4","118","Indiana","4/27/20","89","29","18071","32.58"
"Jasper","1","29","Indiana","4/27/20","25","4","18073","16"
"Jay","0","12","Indiana","4/27/20","10","2","18075","20"
"Jefferson","1","26","Indiana","4/27/20","20","6","18077","30"
"Jennings","1","72","Indiana","4/27/20","64","8","18079","12.5"
"Johnson","16","538","Indiana","4/27/20","426","112","18081","26.29"
"Knox","0","20","Indiana","4/27/20","18","2","18083","11.11"
"Kosciusko","1","29","Indiana","4/27/20","22","7","18085","31.82"
"LaGrange","1","23","Indiana","4/27/20","17","6","18087","35.29"
"Lake","58","1586","Indiana","4/27/20","1182","404","18089","34.18"
"LaPorte","7","192","Indiana","4/27/20","140","52","18091","37.14"
"Lawrence","2","93","Indiana","4/27/20","81","12","18093","14.81"
"Madison","8","396","Indiana","4/27/20","340","56","18095","16.47"
"Marion","125","4926","Indiana","4/27/20","4052","874","18097","21.57"
"Marshall","1","29","Indiana","4/27/20","24","5","18099","20.83"
"Martin","0","7","Indiana","4/27/20","6","1","18101","16.67"
"Miami","10","93","Indiana","4/27/20","22","71","18103","322.73"
"Monroe","1","120","Indiana","4/27/20","114","6","18105","5.26"
"Montgomery","1","35","Indiana","4/27/20","26","9","18107","34.62"
"Morgan","2","132","Indiana","4/27/20","119","13","18109","10.92"
"Newton","2","46","Indiana","4/27/20","31","15","18111","48.39"
"Noble","3","56","Indiana","4/27/20","38","18","18113","47.37"
"Ohio","0","3","Indiana","4/27/20","1","2","18115","200"
"Orange","4","60","Indiana","4/27/20","34","26","18117","76.47"
"Owen","0","22","Indiana","4/27/20","21","1","18119","4.76"
"Parke","0","12","Indiana","4/27/20","9","3","18121","33.33"
"Perry","0","8","Indiana","4/27/20","6","2","18123","33.33"
"Pike","0","1","Indiana","4/27/20","1","0","18125","0"
"Porter","5","215","Indiana","4/27/20","180","35","18127","19.44"
"Posey","0","9","Indiana","4/27/20","7","2","18129","28.57"
"Pulaski","2","18","Indiana","4/27/20","1","17","18131","1700"
"Putnam","1","58","Indiana","4/27/20","51","7","18133","13.73"
"Randolph","0","14","Indiana","4/27/20","12","2","18135","16.67"
"Ripley","1","90","Indiana","4/27/20","82","8","18137","9.76"
"Rush","1","30","Indiana","4/27/20","21","9","18139","42.86"
"Scott","2","38","Indiana","4/27/20","24","14","18143","58.33"
"Shelby","10","184","Indiana","4/27/20","111","73","18145","65.77"
"Spencer","0","5","Indiana","4/27/20","4","1","18147","25"
"St. Joseph","25","586","Indiana","4/27/20","412","174","18141","42.23"
"Starke","1","15","Indiana","4/27/20","11","4","18149","36.36"
"Steuben","1","21","Indiana","4/27/20","17","4","18151","23.53"
"Sullivan","1","13","Indiana","4/27/20","9","4","18153","44.44"
"Switzerland","0","14","Indiana","4/27/20","13","1","18155","7.69"
"Tippecanoe","5","90","Indiana","4/27/20","58","32","18157","55.17"
"Tipton","1","18","Indiana","4/27/20","13","5","18159","38.46"
"Union","0","6","Indiana","4/27/20","6","0","18161","0"
"Vanderburgh","5","119","Indiana","4/27/20","87","32","18163","36.78"
"Vermillion","0","7","Indiana","4/27/20","6","1","18165","16.67"
"Vigo","1","62","Indiana","4/27/20","58","4","18167","6.9"
"Wabash","2","22","Indiana","4/27/20","10","12","18169","120"
"Warren","1","11","Indiana","4/27/20","7","4","18171","57.14"
"Warrick","3","83","Indiana","4/27/20","59","24","18173","40.68"
"Washington","1","40","Indiana","4/27/20","31","9","18175","29.03"
"Wayne","1","33","Indiana","4/27/20","28","5","18177","17.86"
"Wells","0","5","Indiana","4/27/20","5","0","18179","0"
"White","4","34","Indiana","4/27/20","8","26","18181","325"
"Whitley","0","16","Indiana","4/27/20","16","0","18183","0"
"Adair","0","1","Iowa","4/27/20","1","0","19001","0"
"Allamakee","5","72","Iowa","4/27/20","40","32","19005","80"
"Appanoose","0","2","Iowa","4/27/20","2","0","19007","0"
"Audubon","0","1","Iowa","4/27/20","1","0","19009","0"
"Benton","1","27","Iowa","4/27/20","23","4","19011","17.39"
"Black Hawk","84","844","Iowa","4/27/20","259","585","19013","225.87"
"Boone","0","7","Iowa","4/27/20","6","1","19015","16.67"
"Bremer","2","45","Iowa","4/27/20","28","17","19017","60.71"
"Buchanan","0","12","Iowa","4/27/20","11","1","19019","9.09"
"Buena Vista","0","4","Iowa","4/27/20","2","2","19021","100"
"Butler","1","8","Iowa","4/27/20","1","7","19023","700"
"Carroll","0","1","Iowa","4/27/20","1","0","19027","0"
"Cass","0","1","Iowa","4/27/20","1","0","19029","0"
"Cedar","0","28","Iowa","4/27/20","26","2","19031","7.69"
"Cerro Gordo","0","14","Iowa","4/27/20","14","0","19033","0"
"Cherokee","0","2","Iowa","4/27/20","0","2","19035","1"
"Chickasaw","0","4","Iowa","4/27/20","3","1","19037","33.33"
"Clarke","0","2","Iowa","4/27/20","2","0","19039","0"
"Clay","0","3","Iowa","4/27/20","3","0","19041","0"
"Clayton","1","13","Iowa","4/27/20","7","6","19043","85.71"
"Clinton","1","48","Iowa","4/27/20","42","6","19045","14.29"
"Crawford","1","14","Iowa","4/27/20","6","8","19047","133.33"
"Dallas","18","179","Iowa","4/27/20","52","127","19049","244.23"
"Delaware","0","4","Iowa","4/27/20","2","2","19055","100"
"Des Moines","1","17","Iowa","4/27/20","13","4","19057","30.77"
"Dickinson","1","5","Iowa","4/27/20","1","4","19059","400"
"Dubuque","6","87","Iowa","4/27/20","46","41","19061","89.13"
"Fayette","1","16","Iowa","4/27/20","6","10","19065","166.67"
"Franklin","0","2","Iowa","4/27/20","1","1","19069","100"
"Greene","0","2","Iowa","4/27/20","1","1","19073","100"
"Grundy","1","9","Iowa","4/27/20","5","4","19075","80"
"Guthrie","0","6","Iowa","4/27/20","4","2","19077","50"
"Hamilton","1","7","Iowa","4/27/20","2","5","19079","250"
"Hancock","0","3","Iowa","4/27/20","3","0","19081","0"
"Hardin","1","7","Iowa","4/27/20","3","4","19083","133.33"
"Harrison","0","15","Iowa","4/27/20","14","1","19085","7.14"
"Henry","1","32","Iowa","4/27/20","27","5","19087","18.52"
"Howard","0","6","Iowa","4/27/20","4","2","19089","50"
"Humboldt","1","4","Iowa","4/27/20","0","4","19091","1"
"Iowa","1","18","Iowa","4/27/20","13","5","19095","38.46"
"Jackson","0","5","Iowa","4/27/20","5","0","19097","0"
"Jasper","7","91","Iowa","4/27/20","42","49","19099","116.67"
"Jefferson","0","6","Iowa","4/27/20","6","0","19101","0"
"Johnson","19","437","Iowa","4/27/20","303","134","19103","44.22"
"Jones","1","19","Iowa","4/27/20","15","4","19105","26.67"
"Keokuk","0","2","Iowa","4/27/20","3","-1","19107","-33.33"
"Kossuth","0","1","Iowa","4/27/20","1","0","19109","0"
"Lee","0","5","Iowa","4/27/20","3","2","19111","66.67"
"Linn","29","613","Iowa","4/27/20","409","204","19113","49.88"
"Louisa","7","267","Iowa","4/27/20","215","52","19115","24.19"
"Lyon","1","9","Iowa","4/27/20","5","4","19119","80"
"Madison","0","3","Iowa","4/27/20","3","0","19121","0"
"Mahaska","0","9","Iowa","4/27/20","8","1","19123","12.5"
"Marion","0","7","Iowa","4/27/20","5","2","19125","40"
"Marshall","34","408","Iowa","4/27/20","173","235","19127","135.84"
"Mills","0","3","Iowa","4/27/20","2","1","19129","50"
"Mitchell","0","2","Iowa","4/27/20","2","0","19131","0"
"Monona","0","7","Iowa","4/27/20","7","0","19133","0"
"Montgomery","0","1","Iowa","4/27/20","1","0","19137","0"
"Muscatine","13","311","Iowa","4/27/20","218","93","19139","42.66"
"O'Brien","0","6","Iowa","4/27/20","3","3","19141","100"
"Osceola","1","8","Iowa","4/27/20","3","5","19143","166.67"
"Page","0","5","Iowa","4/27/20","4","1","19145","25"
"Plymouth","0","10","Iowa","4/27/20","8","2","19149","25"
"Pocahontas","0","1","Iowa","4/27/20","0","1","19151","1"
"Polk","53","756","Iowa","4/27/20","387","369","19153","95.35"
"Pottawattamie","1","27","Iowa","4/27/20","18","9","19155","50"
"Poweshiek","5","50","Iowa","4/27/20","13","37","19157","284.62"
"Scott","6","216","Iowa","4/27/20","171","45","19163","26.32"
"Shelby","0","9","Iowa","4/27/20","9","0","19165","0"
"Sioux","0","7","Iowa","4/27/20","7","0","19167","0"
"Story","1","25","Iowa","4/27/20","20","5","19169","25"
"Tama","9","259","Iowa","4/27/20","197","62","19171","31.47"
"Taylor","0","1","Iowa","4/27/20","1","0","19173","0"
"Union","0","1","Iowa","4/27/20","1","0","19175","0"
"Van Buren","0","8","Iowa","4/27/20","8","0","19177","0"
"Wapello","1","10","Iowa","4/27/20","6","4","19179","66.67"
"Warren","0","20","Iowa","4/27/20","20","0","19181","0"
"Washington","2","136","Iowa","4/27/20","121","15","19183","12.4"
"Webster","0","4","Iowa","4/27/20","4","0","19187","0"
"Winnebago","0","2","Iowa","4/27/20","2","0","19189","0"
"Winneshiek","3","24","Iowa","4/27/20","6","18","19191","300"
"Woodbury","64","495","Iowa","4/27/20","44","451","19193","1025"
"Worth","0","1","Iowa","4/27/20","1","0","19195","0"
"Wright","0","2","Iowa","4/27/20","1","1","19197","100"
"Atchison","0","9","Kansas","4/27/20","6","3","20005","50"
"Barber","0","1","Kansas","4/27/20","1","0","20007","0"
"Barton","0","9","Kansas","4/27/20","7","2","20009","28.57"
"Bourbon","0","6","Kansas","4/27/20","7","-1","20011","-14.29"
"Butler","0","14","Kansas","4/27/20","12","2","20015","16.67"
"Chase","0","1","Kansas","4/27/20","1","0","20017","0"
"Chautauqua","0","3","Kansas","4/27/20","3","0","20019","0"
"Cherokee","0","7","Kansas","4/27/20","7","0","20021","0"
"Clark","0","1","Kansas","4/27/20","0","1","20025","1"
"Clay","0","4","Kansas","4/27/20","5","-1","20027","-20"
"Cloud","0","3","Kansas","4/27/20","3","0","20029","0"
"Coffey","0","48","Kansas","4/27/20","47","1","20031","2.13"
"Cowley","0","3","Kansas","4/27/20","1","2","20035","200"
"Crawford","0","7","Kansas","4/27/20","6","1","20037","16.67"
"Dickinson","0","2","Kansas","4/27/20","1","1","20041","100"
"Doniphan","0","3","Kansas","4/27/20","1","2","20043","200"
"Douglas","1","49","Kansas","4/27/20","43","6","20045","13.95"
"Edwards","0","2","Kansas","4/27/20","1","1","20047","100"
"Ellis","0","8","Kansas","4/27/20","8","0","20051","0"
"Finney","28","238","Kansas","4/27/20","41","197","20055","480.49"
"Ford","48","516","Kansas","4/27/20","180","336","20057","186.67"
"Franklin","0","12","Kansas","4/27/20","12","0","20059","0"
"Geary","0","10","Kansas","4/27/20","9","1","20061","11.11"
"Gove","0","1","Kansas","4/27/20","1","0","20063","0"
"Grant","0","1","Kansas","4/27/20","0","1","20067","1"
"Gray","0","3","Kansas","4/27/20","1","2","20069","200"
"Greenwood","0","3","Kansas","4/27/20","2","1","20073","50"
"Hamilton","0","2","Kansas","4/27/20","1","1","20075","100"
"Harvey","0","6","Kansas","4/27/20","5","1","20079","20"
"Haskell","1","7","Kansas","4/27/20","1","6","20081","600"
"Jackson","0","2","Kansas","4/27/20","1","1","20085","100"
"Jefferson","0","8","Kansas","4/27/20","6","2","20087","33.33"
"Jewell","0","4","Kansas","4/27/20","4","0","20089","0"
"Johnson","9","440","Kansas","4/27/20","377","63","20091","16.71"
"Kearny","1","12","Kansas","4/27/20","2","10","20093","500"
"Kiowa","0","1","Kansas","4/27/20","0","1","20097","1"
"Labette","0","21","Kansas","4/27/20","20","1","20099","5"
"Leavenworth","7","184","Kansas","4/27/20","135","49","20103","36.3"
"Linn","0","6","Kansas","4/27/20","6","0","20107","0"
"Lyon","14","177","Kansas","4/27/20","77","100","20111","129.87"
"Marion","0","5","Kansas","4/27/20","5","0","20115","0"
"McPherson","0","20","Kansas","4/27/20","17","3","20113","17.65"
"Meade","0","2","Kansas","4/27/20","0","2","20119","1"
"Miami","0","5","Kansas","4/27/20","4","1","20121","25"
"Mitchell","0","2","Kansas","4/27/20","2","0","20123","0"
"Montgomery","1","16","Kansas","4/27/20","12","4","20125","33.33"
"Morris","0","3","Kansas","4/27/20","2","1","20127","50"
"Morton","0","2","Kansas","4/27/20","2","0","20129","0"
"Nemaha","0","1","Kansas","4/27/20","0","1","20131","1"
"Neosho","0","2","Kansas","4/27/20","2","0","20133","0"
"Osage","0","5","Kansas","4/27/20","4","1","20139","25"
"Osborne","0","2","Kansas","4/27/20","2","0","20141","0"
"Ottawa","0","3","Kansas","4/27/20","3","0","20143","0"
"Phillips","0","1","Kansas","4/27/20","1","0","20147","0"
"Pottawatomie","0","9","Kansas","4/27/20","6","3","20149","50"
"Pratt","0","1","Kansas","4/27/20","1","0","20151","0"
"Reno","2","27","Kansas","4/27/20","15","12","20155","80"
"Republic","0","4","Kansas","4/27/20","4","0","20157","0"
"Rice","0","3","Kansas","4/27/20","0","3","20159","1"
"Riley","2","45","Kansas","4/27/20","29","16","20161","55.17"
"Rooks","0","6","Kansas","4/27/20","4","2","20163","50"
"Saline","0","20","Kansas","4/27/20","17","3","20169","17.65"
"Scott","0","1","Kansas","4/27/20","1","0","20171","0"
"Sedgwick","13","339","Kansas","4/27/20","250","89","20173","35.6"
"Seward","45","393","Kansas","4/27/20","79","314","20175","397.47"
"Shawnee","2","106","Kansas","4/27/20","94","12","20177","12.77"
"Sheridan","0","2","Kansas","4/27/20","1","1","20179","100"
"Sherman","0","3","Kansas","4/27/20","1","2","20181","200"
"Smith","0","2","Kansas","4/27/20","2","0","20183","0"
"Stafford","0","1","Kansas","4/27/20","1","0","20185","0"
"Stanton","0","4","Kansas","4/27/20","4","0","20187","0"
"Stevens","0","7","Kansas","4/27/20","4","3","20189","75"
"Sumner","0","3","Kansas","4/27/20","3","0","20191","0"
"Wabaunsee","2","15","Kansas","4/27/20","2","13","20197","650"
"Wilson","0","1","Kansas","4/27/20","1","0","20205","0"
"Woodson","0","5","Kansas","4/27/20","5","0","20207","0"
"Wyandotte","21","573","Kansas","4/27/20","427","146","20209","34.19"
"Adair","3","77","Kentucky","4/27/20","54","23","21001","42.59"
"Allen","1","8","Kentucky","4/27/20","4","4","21003","100"
"Anderson","0","8","Kentucky","4/27/20","6","2","21005","33.33"
"Ballard","0","7","Kentucky","4/27/20","4","3","21007","75"
"Barren","1","15","Kentucky","4/27/20","6","9","21009","150"
"Bath","0","4","Kentucky","4/27/20","3","1","21011","33.33"
"Boone","5","116","Kentucky","4/27/20","81","35","21015","43.21"
"Bourbon","0","7","Kentucky","4/27/20","7","0","21017","0"
"Boyd","1","33","Kentucky","4/27/20","29","4","21019","13.79"
"Boyle","1","17","Kentucky","4/27/20","13","4","21021","30.77"
"Bracken","0","7","Kentucky","4/27/20","7","0","21023","0"
"Breathitt","0","2","Kentucky","4/27/20","1","1","21025","100"
"Breckinridge","0","8","Kentucky","4/27/20","6","2","21027","33.33"
"Bullitt","2","50","Kentucky","4/27/20","33","17","21029","51.52"
"Butler","4","103","Kentucky","4/27/20","72","31","21031","43.06"
"Caldwell","0","13","Kentucky","4/27/20","11","2","21033","18.18"
"Calloway","1","31","Kentucky","4/27/20","21","10","21035","47.62"
"Campbell","3","81","Kentucky","4/27/20","58","23","21037","39.66"
"Carlisle","0","2","Kentucky","4/27/20","0","2","21039","1"
"Carroll","0","2","Kentucky","4/27/20","2","0","21041","0"
"Carter","0","4","Kentucky","4/27/20","4","0","21043","0"
"Casey","0","1","Kentucky","4/27/20","1","0","21045","0"
"Christian","1","86","Kentucky","4/27/20","79","7","21047","8.86"
"Clark","0","19","Kentucky","4/27/20","18","1","21049","5.56"
"Clay","0","1","Kentucky","4/27/20","1","0","21051","0"
"Clinton","0","2","Kentucky","4/27/20","2","0","21053","0"
"Crittenden","0","3","Kentucky","4/27/20","3","0","21055","0"
"Cumberland","0","5","Kentucky","4/27/20","3","2","21057","66.67"
"Daviess","4","157","Kentucky","4/27/20","130","27","21059","20.77"
"Edmonson","1","17","Kentucky","4/27/20","7","10","21061","142.86"
"Fayette","3","239","Kentucky","4/27/20","219","20","21067","9.13"
"Fleming","0","2","Kentucky","4/27/20","2","0","21069","0"
"Floyd","1","10","Kentucky","4/27/20","4","6","21071","150"
"Franklin","0","16","Kentucky","4/27/20","13","3","21073","23.08"
"Fulton","0","1","Kentucky","4/27/20","1","0","21075","0"
"Gallatin","0","1","Kentucky","4/27/20","1","0","21077","0"
"Garrard","0","2","Kentucky","4/27/20","1","1","21079","100"
"Grant","0","18","Kentucky","4/27/20","16","2","21081","12.5"
"Graves","8","119","Kentucky","4/27/20","63","56","21083","88.89"
"Grayson","6","60","Kentucky","4/27/20","16","44","21085","275"
"Green","0","1","Kentucky","4/27/20","1","0","21087","0"
"Greenup","0","11","Kentucky","4/27/20","10","1","21089","10"
"Hancock","0","6","Kentucky","4/27/20","6","0","21091","0"
"Hardin","1","37","Kentucky","4/27/20","29","8","21093","27.59"
"Harrison","0","17","Kentucky","4/27/20","16","1","21097","6.25"
"Hart","0","2","Kentucky","4/27/20","2","0","21099","0"
"Henderson","2","49","Kentucky","4/27/20","33","16","21101","48.48"
"Henry","0","6","Kentucky","4/27/20","4","2","21103","50"
"Hickman","0","1","Kentucky","4/27/20","0","1","21105","1"
"Hopkins","11","187","Kentucky","4/27/20","112","75","21107","66.96"
"Jackson","0","60","Kentucky","4/27/20","57","3","21109","5.26"
"Jefferson","39","1140","Kentucky","4/27/20","867","273","21111","31.49"
"Jessamine","0","34","Kentucky","4/27/20","32","2","21113","6.25"
"Johnson","0","2","Kentucky","4/27/20","1","1","21115","100"
"Kenton","11","230","Kentucky","4/27/20","156","74","21117","47.44"
"Knott","0","3","Kentucky","4/27/20","3","0","21119","0"
"Knox","0","6","Kentucky","4/27/20","5","1","21121","20"
"Larue","0","5","Kentucky","4/27/20","5","0","21123","0"
"Laurel","0","14","Kentucky","4/27/20","13","1","21125","7.69"
"Lawrence","0","1","Kentucky","4/27/20","1","0","21127","0"
"Leslie","0","2","Kentucky","4/27/20","2","0","21131","0"
"Letcher","0","2","Kentucky","4/27/20","1","1","21133","100"
"Lewis","0","3","Kentucky","4/27/20","3","0","21135","0"
"Lincoln","0","4","Kentucky","4/27/20","4","0","21137","0"
"Livingston","0","4","Kentucky","4/27/20","1","3","21139","300"
"Logan","0","8","Kentucky","4/27/20","8","0","21141","0"
"Lyon","0","14","Kentucky","4/27/20","13","1","21143","7.69"
"Madison","1","29","Kentucky","4/27/20","21","8","21151","38.1"
"Marion","0","16","Kentucky","4/27/20","13","3","21155","23.08"
"Marshall","3","33","Kentucky","4/27/20","14","19","21157","135.71"
"Martin","0","3","Kentucky","4/27/20","2","1","21159","50"
"Mason","0","6","Kentucky","4/27/20","6","0","21161","0"
"McCracken","2","44","Kentucky","4/27/20","29","15","21145","51.72"
"McCreary","0","11","Kentucky","4/27/20","10","1","21147","10"
"McLean","1","12","Kentucky","4/27/20","8","4","21149","50"
"Meade","1","9","Kentucky","4/27/20","3","6","21163","200"
"Menifee","0","3","Kentucky","4/27/20","3","0","21165","0"
"Mercer","0","11","Kentucky","4/27/20","9","2","21167","22.22"
"Monroe","0","4","Kentucky","4/27/20","3","1","21171","33.33"
"Montgomery","0","10","Kentucky","4/27/20","9","1","21173","11.11"
"Morgan","0","1","Kentucky","4/27/20","1","0","21175","0"
"Muhlenberg","5","111","Kentucky","4/27/20","76","35","21177","46.05"
"Nelson","1","19","Kentucky","4/27/20","13","6","21179","46.15"
"Nicholas","0","1","Kentucky","4/27/20","1","0","21181","0"
"Ohio","3","38","Kentucky","4/27/20","17","21","21183","123.53"
"Oldham","1","27","Kentucky","4/27/20","22","5","21185","22.73"
"Owsley","0","2","Kentucky","4/27/20","2","0","21189","0"
"Pendleton","0","6","Kentucky","4/27/20","5","1","21191","20"
"Perry","0","6","Kentucky","4/27/20","4","2","21193","50"
"Pike","0","9","Kentucky","4/27/20","6","3","21195","50"
"Powell","0","1","Kentucky","4/27/20","1","0","21197","0"
"Pulaski","1","41","Kentucky","4/27/20","35","6","21199","17.14"
"Rockcastle","0","11","Kentucky","4/27/20","11","0","21203","0"
"Rowan","0","2","Kentucky","4/27/20","1","1","21205","100"
"Russell","0","16","Kentucky","4/27/20","15","1","21207","6.67"
"Scott","0","24","Kentucky","4/27/20","22","2","21209","9.09"
"Shelby","1","28","Kentucky","4/27/20","22","6","21211","27.27"
"Simpson","0","24","Kentucky","4/27/20","21","3","21213","14.29"
"Spencer","0","10","Kentucky","4/27/20","9","1","21215","11.11"
"Taylor","0","6","Kentucky","4/27/20","4","2","21217","50"
"Todd","0","11","Kentucky","4/27/20","9","2","21219","22.22"
"Trigg","0","5","Kentucky","4/27/20","4","1","21221","25"
"Trimble","0","3","Kentucky","4/27/20","2","1","21223","50"
"Union","0","8","Kentucky","4/27/20","8","0","21225","0"
"Warren","19","234","Kentucky","4/27/20","101","133","21227","131.68"
"Washington","0","5","Kentucky","4/27/20","3","2","21229","66.67"
"Wayne","0","6","Kentucky","4/27/20","6","0","21231","0"
"Webster","1","19","Kentucky","4/27/20","13","6","21233","46.15"
"Whitley","0","11","Kentucky","4/27/20","8","3","21235","37.5"
"Woodford","0","19","Kentucky","4/27/20","18","1","21239","5.56"
"Acadia","2","130","Louisiana","4/27/20","114","16","22001","14.04"
"Allen","1","87","Louisiana","4/27/20","79","8","22003","10.13"
"Ascension","9","574","Louisiana","4/27/20","512","62","22005","12.11"
"Assumption","4","175","Louisiana","4/27/20","146","29","22007","19.86"
"Avoyelles","0","69","Louisiana","4/27/20","69","0","22009","0"
"Beauregard","0","36","Louisiana","4/27/20","36","0","22011","0"
"Bienville","1","73","Louisiana","4/27/20","66","7","22013","10.61"
"Bossier","6","274","Louisiana","4/27/20","233","41","22015","17.6"
"Caddo","28","1470","Louisiana","4/27/20","1276","194","22017","15.2"
"Calcasieu","6","369","Louisiana","4/27/20","324","45","22019","13.89"
"Caldwell","0","17","Louisiana","4/27/20","15","2","22021","13.33"
"Cameron","0","3","Louisiana","4/27/20","3","0","22023","0"
"Catahoula","0","25","Louisiana","4/27/20","24","1","22025","4.17"
"Claiborne","0","52","Louisiana","4/27/20","50","2","22027","4"
"Concordia","1","31","Louisiana","4/27/20","26","5","22029","19.23"
"De Soto","4","187","Louisiana","4/27/20","158","29","22031","18.35"
"East Baton Rouge","34","1771","Louisiana","4/27/20","1534","237","22033","15.45"
"East Carroll","1","6","Louisiana","4/27/20","1","5","22035","500"
"East Feliciana","3","116","Louisiana","4/27/20","95","21","22037","22.11"
"Evangeline","0","45","Louisiana","4/27/20","43","2","22039","4.65"
"Franklin","5","119","Louisiana","4/27/20","83","36","22041","43.37"
"Grant","0","12","Louisiana","4/27/20","12","0","22043","0"
"Iberia","7","245","Louisiana","4/27/20","194","51","22045","26.29"
"Iberville","23","442","Louisiana","4/27/20","282","160","22047","56.74"
"Jackson","2","30","Louisiana","4/27/20","15","15","22049","100"
"Jefferson","49","6104","Louisiana","4/27/20","5761","343","22051","5.95"
"Jefferson Davis","1","61","Louisiana","4/27/20","55","6","22053","10.91"
"Lafayette","3","443","Louisiana","4/27/20","423","20","22055","4.73"
"Lafourche","8","632","Louisiana","4/27/20","573","59","22057","10.3"
"LaSalle","1","21","Louisiana","4/27/20","14","7","22059","50"
"Lincoln","4","79","Louisiana","4/27/20","51","28","22061","54.9"
"Livingston","5","183","Louisiana","4/27/20","149","34","22063","22.82"
"Madison","0","7","Louisiana","4/27/20","4","3","22065","75"
"Morehouse","1","48","Louisiana","4/27/20","38","10","22067","26.32"
"Natchitoches","3","77","Louisiana","4/27/20","58","19","22069","32.76"
"Orleans","31","6365","Louisiana","4/27/20","6148","217","22071","3.53"
"Ouachita","18","645","Louisiana","4/27/20","518","127","22073","24.52"
"Plaquemines","1","168","Louisiana","4/27/20","164","4","22075","2.44"
"Pointe Coupee","3","94","Louisiana","4/27/20","71","23","22077","32.39"
"Rapides","6","249","Louisiana","4/27/20","210","39","22079","18.57"
"Red River","0","22","Louisiana","4/27/20","21","1","22081","4.76"
"Richland","3","52","Louisiana","4/27/20","34","18","22083","52.94"
"Sabine","0","13","Louisiana","4/27/20","13","0","22085","0"
"St. Bernard","4","449","Louisiana","4/27/20","423","26","22087","6.15"
"St. Charles","6","549","Louisiana","4/27/20","508","41","22089","8.07"
"St. Helena","1","27","Louisiana","4/27/20","20","7","22091","35"
"St. James","2","239","Louisiana","4/27/20","222","17","22093","7.66"
"St. John the Baptist","12","751","Louisiana","4/27/20","669","82","22095","12.26"
"St. Landry","4","167","Louisiana","4/27/20","136","31","22097","22.79"
"St. Martin","4","223","Louisiana","4/27/20","193","30","22099","15.54"
"St. Mary","4","181","Louisiana","4/27/20","156","25","22101","16.03"
"St. Tammany","16","1172","Louisiana","4/27/20","1057","115","22103","10.88"
"Tangipahoa","12","535","Louisiana","4/27/20","452","83","22105","18.36"
"Tensas","0","1","Louisiana","4/27/20","1","0","22107","0"
"Terrebonne","5","375","Louisiana","4/27/20","342","33","22109","9.65"
"Union","3","103","Louisiana","4/27/20","79","24","22111","30.38"
"Vermilion","0","35","Louisiana","4/27/20","33","2","22113","6.06"
"Vernon","0","16","Louisiana","4/27/20","14","2","22115","14.29"
"Washington","8","253","Louisiana","4/27/20","195","58","22117","29.74"
"Webster","1","83","Louisiana","4/27/20","78","5","22119","6.41"
"West Baton Rouge","1","94","Louisiana","4/27/20","90","4","22121","4.44"
"West Carroll","0","4","Louisiana","4/27/20","4","0","22123","0"
"West Feliciana","4","104","Louisiana","4/27/20","78","26","22125","33.33"
"Winn","0","22","Louisiana","4/27/20","19","3","22127","15.79"
"Androscoggin","1","42","Maine","4/27/20","35","7","23001","20"
"Aroostook","0","4","Maine","4/27/20","2","2","23003","100"
"Cumberland","11","459","Maine","4/27/20","380","79","23005","20.79"
"Franklin","2","27","Maine","4/27/20","13","14","23007","107.69"
"Hancock","0","9","Maine","4/27/20","6","3","23009","50"
"Kennebec","1","102","Maine","4/27/20","97","5","23011","5.15"
"Knox","0","14","Maine","4/27/20","12","2","23013","16.67"
"Lincoln","0","12","Maine","4/27/20","12","0","23015","0"
"Oxford","0","15","Maine","4/27/20","14","1","23017","7.14"
"Penobscot","2","55","Maine","4/27/20","44","11","23019","25"
"Piscataquis","0","1","Maine","4/27/20","1","0","23021","0"
"Sagadahoc","0","18","Maine","4/27/20","16","2","23023","12.5"
"Somerset","0","17","Maine","4/27/20","16","1","23025","6.25"
"Waldo","1","48","Maine","4/27/20","43","5","23027","11.63"
"Washington","0","2","Maine","4/27/20","2","0","23029","0"
"York","2","196","Maine","4/27/20","181","15","23031","8.29"
"Allegany","12","114","Maryland","4/27/20","32","82","24001","256.25"
"Anne Arundel","64","1544","Maryland","4/27/20","1098","446","24003","40.62"
"Baltimore","96","2548","Maryland","4/27/20","1875","673","24005","35.89"
"Baltimore City","60","1933","Maryland","4/27/20","1511","422","24510","27.93"
"Calvert","3","138","Maryland","4/27/20","114","24","24009","21.05"
"Caroline","4","68","Maryland","4/27/20","39","29","24011","74.36"
"Carroll","10","403","Maryland","4/27/20","335","68","24013","20.3"
"Cecil","4","163","Maryland","4/27/20","134","29","24015","21.64"
"Charles","20","529","Maryland","4/27/20","392","137","24017","34.95"
"Dorchester","4","51","Maryland","4/27/20","23","28","24019","121.74"
"Frederick","36","865","Maryland","4/27/20","616","249","24021","40.42"
"Garrett","0","4","Maryland","4/27/20","4","0","24023","0"
"Harford","18","352","Maryland","4/27/20","226","126","24025","55.75"
"Howard","34","778","Maryland","4/27/20","538","240","24027","44.61"
"Kent","6","70","Maryland","4/27/20","28","42","24029","150"
"Montgomery","171","3843","Maryland","4/27/20","2647","1196","24031","45.18"
"Prince George's","240","5263","Maryland","4/27/20","3583","1680","24033","46.89"
"Queen Anne's","4","54","Maryland","4/27/20","26","28","24035","107.69"
"Somerset","1","19","Maryland","4/27/20","11","8","24039","72.73"
"St. Mary's","5","144","Maryland","4/27/20","107","37","24037","34.58"
"Talbot","2","34","Maryland","4/27/20","22","12","24041","54.55"
"Washington","8","181","Maryland","4/27/20","123","58","24043","47.15"
"Wicomico","24","336","Maryland","4/27/20","166","170","24045","102.41"
"Worcester","3","53","Maryland","4/27/20","34","19","24047","55.88"
"Barnstable","20","813","Massachusetts","4/27/20","674","139","25001","20.62"
"Berkshire","6","435","Massachusetts","4/27/20","394","41","25003","10.41"
"Bristol","185","3113","Massachusetts","4/27/20","1815","1298","25005","71.52"
"Dukes and Nantucket","0","27","Massachusetts","4/27/20","25","2","00000","8"
"Essex","349","7827","Massachusetts","4/27/20","5385","2442","25009","45.35"
"Franklin","6","236","Massachusetts","4/27/20","192","44","25011","22.92"
"Hampden","136","3420","Massachusetts","4/27/20","2467","953","25013","38.63"
"Hampshire","16","456","Massachusetts","4/27/20","343","113","25015","32.94"
"Middlesex","536","13133","Massachusetts","4/27/20","9383","3750","25017","39.97"
"Norfolk","211","5521","Massachusetts","4/27/20","4045","1476","25021","36.49"
"Plymouth","237","4675","Massachusetts","4/27/20","3014","1661","25023","55.11"
"Suffolk","514","12019","Massachusetts","4/27/20","8422","3597","25025","42.71"
"Worcester","226","4815","Massachusetts","4/27/20","3230","1585","25027","49.07"
"Alcona","0","7","Michigan","4/27/20","6","1","26001","16.67"
"Allegan","4","91","Michigan","4/27/20","60","31","26005","51.67"
"Alpena","7","67","Michigan","4/27/20","19","48","26007","252.63"
"Antrim","0","10","Michigan","4/27/20","10","0","26009","0"
"Arenac","1","19","Michigan","4/27/20","15","4","26011","26.67"
"Barry","1","41","Michigan","4/27/20","32","9","26015","28.12"
"Bay","6","143","Michigan","4/27/20","98","45","26017","45.92"
"Benzie","0","4","Michigan","4/27/20","4","0","26019","0"
"Berrien","8","319","Michigan","4/27/20","263","56","26021","21.29"
"Branch","2","55","Michigan","4/27/20","43","12","26023","27.91"
"Calhoun","9","228","Michigan","4/27/20","166","62","26025","37.35"
"Cass","1","36","Michigan","4/27/20","31","5","26027","16.13"
"Charlevoix","0","14","Michigan","4/27/20","13","1","26029","7.69"
"Cheboygan","1","22","Michigan","4/27/20","18","4","26031","22.22"
"Chippewa","0","3","Michigan","4/27/20","3","0","26033","0"
"Clare","0","11","Michigan","4/27/20","9","2","26035","22.22"
"Clinton","1","118","Michigan","4/27/20","109","9","26037","8.26"
"Crawford","3","54","Michigan","4/27/20","31","23","26039","74.19"
"Delta","0","14","Michigan","4/27/20","14","0","26041","0"
"Dickinson","0","3","Michigan","4/27/20","3","0","26043","0"
"Eaton","4","130","Michigan","4/27/20","101","29","26045","28.71"
"Emmet","0","25","Michigan","4/27/20","25","0","26047","0"
"Federal Correctional Institution (FCI)","4","81","Michigan","4/27/20","55","26","00000","47.27"
"Genesee","39","1572","Michigan","4/27/20","1301","271","26049","20.83"
"Gladwin","0","11","Michigan","4/27/20","9","2","26051","22.22"
"Gogebic","0","4","Michigan","4/27/20","4","0","26053","0"
"Grand Traverse","0","20","Michigan","4/27/20","20","0","26055","0"
"Gratiot","0","11","Michigan","4/27/20","9","2","26057","22.22"
"Hillsdale","3","116","Michigan","4/27/20","92","24","26059","26.09"
"Houghton","0","2","Michigan","4/27/20","2","0","26061","0"
"Huron","0","19","Michigan","4/27/20","16","3","26063","18.75"
"Ingham","15","431","Michigan","4/27/20","328","103","26065","31.4"
"Ionia","4","51","Michigan","4/27/20","25","26","26067","104"
"Iosco","5","52","Michigan","4/27/20","16","36","26069","225"
"Isabella","1","72","Michigan","4/27/20","66","6","26073","9.09"
"Jackson","12","359","Michigan","4/27/20","275","84","26075","30.55"
"Kalamazoo","18","331","Michigan","4/27/20","203","128","26077","63.05"
"Kalkaska","0","27","Michigan","4/27/20","27","0","26079","0"
"Kent","84","1215","Michigan","4/27/20","626","589","26081","94.09"
"Lake","0","3","Michigan","4/27/20","3","0","26085","0"
"Lapeer","3","174","Michigan","4/27/20","153","21","26087","13.73"
"Leelanau","0","9","Michigan","4/27/20","7","2","26089","28.57"
"Lenawee","4","107","Michigan","4/27/20","81","26","26091","32.1"
"Livingston","5","371","Michigan","4/27/20","336","35","26093","10.42"
"Luce","0","1","Michigan","4/27/20","1","0","26095","0"
"Mackinac","0","5","Michigan","4/27/20","4","1","26097","25"
"Macomb","121","5276","Michigan","4/27/20","4431","845","26099","19.07"
"Manistee","0","12","Michigan","4/27/20","12","0","26101","0"
"Marquette","1","42","Michigan","4/27/20","32","10","26103","31.25"
"Mason","0","8","Michigan","4/27/20","5","3","26105","60"
"Mecosta","0","17","Michigan","4/27/20","16","1","26107","6.25"
"Menominee","0","3","Michigan","4/27/20","1","2","26109","200"
"Michigan Department of Corrections (MDOC)","70","1048","Michigan","4/27/20","561","487","00000","86.81"
"Midland","2","83","Michigan","4/27/20","68","15","26111","22.06"
"Missaukee","1","19","Michigan","4/27/20","9","10","26113","111.11"
"Monroe","7","290","Michigan","4/27/20","238","52","26115","21.85"
"Montcalm","1","33","Michigan","4/27/20","27","6","26117","22.22"
"Montmorency","0","5","Michigan","4/27/20","4","1","26119","25"
"Muskegon","12","234","Michigan","4/27/20","149","85","26121","57.05"
"Newaygo","1","16","Michigan","4/27/20","9","7","26123","77.78"
"Oakland","128","7542","Michigan","4/27/20","6649","893","26125","13.43"
"Oceana","1","11","Michigan","4/27/20","3","8","26127","266.67"
"Ogemaw","1","14","Michigan","4/27/20","7","7","26129","100"
"Osceola","0","10","Michigan","4/27/20","9","1","26133","11.11"
"Oscoda","0","4","Michigan","4/27/20","4","0","26135","0"
"Otsego","3","104","Michigan","4/27/20","85","19","26137","22.35"
"Ottawa","11","225","Michigan","4/27/20","151","74","26139","49.01"
"Out of MI","-7","20","Michigan","4/27/20","69","-49","80026","-71.01"
"Presque Isle","1","11","Michigan","4/27/20","2","9","26141","450"
"Roscommon","0","15","Michigan","4/27/20","12","3","26143","25"
"Saginaw","25","593","Michigan","4/27/20","420","173","26145","41.19"
"Sanilac","0","35","Michigan","4/27/20","33","2","26151","6.06"
"Schoolcraft","0","3","Michigan","4/27/20","3","0","26153","0"
"Shiawassee","8","178","Michigan","4/27/20","120","58","26155","48.33"
"St. Clair","9","347","Michigan","4/27/20","287","60","26147","20.91"
"St. Joseph","1","30","Michigan","4/27/20","25","5","26149","20"
"Tuscola","4","92","Michigan","4/27/20","65","27","26157","41.54"
"Van Buren","0","49","Michigan","4/27/20","46","3","26159","6.52"
"Washtenaw","20","1113","Michigan","4/27/20","976","137","26161","14.04"
"Wayne","293","16078","Michigan","4/27/20","14027","2051","26163","14.62"
"Wexford","0","11","Michigan","4/27/20","9","2","26165","22.22"
"Aitkin","0","1","Minnesota","4/27/20","1","0","27001","0"
"Anoka","10","168","Minnesota","4/27/20","95","73","27003","76.84"
"Becker","0","2","Minnesota","4/27/20","1","1","27005","100"
"Beltrami","0","6","Minnesota","4/27/20","5","1","27007","20"
"Benton","0","4","Minnesota","4/27/20","4","0","27009","0"
"Big Stone","0","2","Minnesota","4/27/20","1","1","27011","100"
"Blue Earth","1","30","Minnesota","4/27/20","24","6","27013","25"
"Brown","0","8","Minnesota","4/27/20","7","1","27015","14.29"
"Carlton","2","52","Minnesota","4/27/20","37","15","27017","40.54"
"Carver","0","17","Minnesota","4/27/20","14","3","27019","21.43"
"Cass","0","5","Minnesota","4/27/20","4","1","27021","25"
"Chippewa","0","2","Minnesota","4/27/20","1","1","27023","100"
"Chisago","0","7","Minnesota","4/27/20","7","0","27025","0"
"Clay","10","131","Minnesota","4/27/20","62","69","27027","111.29"
"Clearwater","0","2","Minnesota","4/27/20","3","-1","27029","-33.33"
"Cottonwood","0","9","Minnesota","4/27/20","6","3","27033","50"
"Crow Wing","0","20","Minnesota","4/27/20","20","0","27035","0"
"Dakota","3","144","Minnesota","4/27/20","124","20","27037","16.13"
"Dodge","0","19","Minnesota","4/27/20","18","1","27039","5.56"
"Douglas","0","2","Minnesota","4/27/20","2","0","27041","0"
"Faribault","0","4","Minnesota","4/27/20","4","0","27043","0"
"Fillmore","0","12","Minnesota","4/27/20","11","1","27045","9.09"
"Freeborn","0","33","Minnesota","4/27/20","33","0","27047","0"
"Goodhue","0","19","Minnesota","4/27/20","19","0","27049","0"
"Hennepin","63","1416","Minnesota","4/27/20","975","441","27053","45.23"
"Houston","0","1","Minnesota","4/27/20","1","0","27055","0"
"Isanti","0","6","Minnesota","4/27/20","6","0","27059","0"
"Itasca","0","2","Minnesota","4/27/20","2","0","27061","0"
"Jackson","1","8","Minnesota","4/27/20","2","6","27063","300"
"Kandiyohi","5","39","Minnesota","4/27/20","3","36","27067","1200"
"Kittson","0","1","Minnesota","4/27/20","1","0","27069","0"
"Koochiching","0","1","Minnesota","4/27/20","1","0","27071","0"
"Lac qui Parle","0","1","Minnesota","4/27/20","1","0","27073","0"
"Le Sueur","0","23","Minnesota","4/27/20","22","1","27079","4.55"
"Lincoln","0","2","Minnesota","4/27/20","2","0","27081","0"
"Lyon","0","6","Minnesota","4/27/20","5","1","27083","20"
"Mahnomen","0","1","Minnesota","4/27/20","1","0","27087","0"
"Marshall","0","1","Minnesota","4/27/20","1","0","27089","0"
"Martin","0","43","Minnesota","4/27/20","41","2","27091","4.88"
"McLeod","0","4","Minnesota","4/27/20","3","1","27085","33.33"
"Meeker","0","6","Minnesota","4/27/20","3","3","27093","100"
"Mille Lacs","0","1","Minnesota","4/27/20","1","0","27095","0"
"Morrison","0","1","Minnesota","4/27/20","1","0","27097","0"
"Mower","0","28","Minnesota","4/27/20","26","2","27099","7.69"
"Murray","1","10","Minnesota","4/27/20","3","7","27101","233.33"
"Nicollet","0","9","Minnesota","4/27/20","7","2","27103","28.57"
"Nobles","46","399","Minnesota","4/27/20","76","323","27105","425"
"Norman","0","7","Minnesota","4/27/20","5","2","27107","40"
"Olmsted","7","246","Minnesota","4/27/20","197","49","27109","24.87"
"Otter Tail","0","8","Minnesota","4/27/20","6","2","27111","33.33"
"Pennington","0","1","Minnesota","4/27/20","0","1","27113","1"
"Pine","6","56","Minnesota","4/27/20","11","45","27115","409.09"
"Pipestone","0","2","Minnesota","4/27/20","2","0","27117","0"
"Polk","3","24","Minnesota","4/27/20","3","21","27119","700"
"Ramsey","14","297","Minnesota","4/27/20","202","95","27123","47.03"
"Red Lake","0","1","Minnesota","4/27/20","2","-1","27125","-50"
"Redwood","0","1","Minnesota","4/27/20","1","0","27127","0"
"Renville","0","3","Minnesota","4/27/20","3","0","27129","0"
"Rice","0","10","Minnesota","4/27/20","7","3","27131","42.86"
"Rock","0","6","Minnesota","4/27/20","4","2","27133","50"
"Roseau","0","1","Minnesota","4/27/20","1","0","27135","0"
"Scott","1","35","Minnesota","4/27/20","27","8","27139","29.63"
"Sherburne","0","16","Minnesota","4/27/20","13","3","27141","23.08"
"Sibley","0","1","Minnesota","4/27/20","1","0","27143","0"
"St. Louis","2","67","Minnesota","4/27/20","52","15","27137","28.85"
"Stearns","5","55","Minnesota","4/27/20","17","38","27145","223.53"
"Steele","1","14","Minnesota","4/27/20","9","5","27147","55.56"
"Swift","0","1","Minnesota","4/27/20","1","0","27151","0"
"Todd","0","3","Minnesota","4/27/20","3","0","27153","0"
"Traverse","0","2","Minnesota","4/27/20","2","0","27155","0"
"Wabasha","0","8","Minnesota","4/27/20","8","0","27157","0"
"Waseca","0","3","Minnesota","4/27/20","3","0","27161","0"
"Washington","2","114","Minnesota","4/27/20","97","17","27163","17.53"
"Watonwan","0","7","Minnesota","4/27/20","4","3","27165","75"
"Wilkin","0","11","Minnesota","4/27/20","9","2","27167","22.22"
"Winona","1","66","Minnesota","4/27/20","61","5","27169","8.2"
"Wright","1","34","Minnesota","4/27/20","25","9","27171","36"
"Yellow Medicine","0","3","Minnesota","4/27/20","3","0","27173","0"
"Adams","5","116","Mississippi","4/27/20","83","33","28001","39.76"
"Alcorn","0","8","Mississippi","4/27/20","7","1","28003","14.29"
"Amite","1","26","Mississippi","4/27/20","17","9","28005","52.94"
"Attala","6","86","Mississippi","4/27/20","44","42","28007","95.45"
"Benton","0","9","Mississippi","4/27/20","8","1","28009","12.5"
"Bolivar","2","101","Mississippi","4/27/20","85","16","28011","18.82"
"Calhoun","1","50","Mississippi","4/27/20","42","8","28013","19.05"
"Carroll","1","20","Mississippi","4/27/20","14","6","28015","42.86"
"Chickasaw","3","64","Mississippi","4/27/20","45","19","28017","42.22"
"Choctaw","0","13","Mississippi","4/27/20","13","0","28019","0"
"Claiborne","1","19","Mississippi","4/27/20","10","9","28021","90"
"Clarke","3","47","Mississippi","4/27/20","29","18","28023","62.07"
"Clay","1","31","Mississippi","4/27/20","26","5","28025","19.23"
"Coahoma","1","58","Mississippi","4/27/20","49","9","28027","18.37"
"Copiah","5","79","Mississippi","4/27/20","46","33","28029","71.74"
"Covington","3","51","Mississippi","4/27/20","33","18","28031","54.55"
"DeSoto","4","266","Mississippi","4/27/20","238","28","28033","11.76"
"Forrest","6","190","Mississippi","4/27/20","147","43","28035","29.25"
"Franklin","0","17","Mississippi","4/27/20","16","1","28037","6.25"
"George","0","11","Mississippi","4/27/20","10","1","28039","10"
"Greene","0","4","Mississippi","4/27/20","3","1","28041","33.33"
"Grenada","0","27","Mississippi","4/27/20","26","1","28043","3.85"
"Hancock","1","60","Mississippi","4/27/20","53","7","28045","13.21"
"Harrison","2","159","Mississippi","4/27/20","145","14","28047","9.66"
"Hinds","11","421","Mississippi","4/27/20","347","74","28049","21.33"
"Holmes","8","114","Mississippi","4/27/20","60","54","28051","90"
"Humphreys","1","18","Mississippi","4/27/20","12","6","28053","50"
"Itawamba","3","49","Mississippi","4/27/20","26","23","28057","88.46"
"Jackson","4","240","Mississippi","4/27/20","209","31","28059","14.83"
"Jasper","1","32","Mississippi","4/27/20","23","9","28061","39.13"
"Jefferson","1","12","Mississippi","4/27/20","6","6","28063","100"
"Jefferson Davis","2","27","Mississippi","4/27/20","10","17","28065","170"
"Jones","8","130","Mississippi","4/27/20","74","56","28067","75.68"
"Kemper","4","49","Mississippi","4/27/20","21","28","28069","133.33"
"Lafayette","3","88","Mississippi","4/27/20","67","21","28071","31.34"
"Lamar","3","92","Mississippi","4/27/20","71","21","28073","29.58"
"Lauderdale","12","304","Mississippi","4/27/20","220","84","28075","38.18"
"Lawrence","3","36","Mississippi","4/27/20","17","19","28077","111.76"
"Leake","11","161","Mississippi","4/27/20","86","75","28079","87.21"
"Lee","1","70","Mississippi","4/27/20","63","7","28081","11.11"
"Leflore","5","137","Mississippi","4/27/20","105","32","28083","30.48"
"Lincoln","4","136","Mississippi","4/27/20","107","29","28085","27.1"
"Lowndes","2","45","Mississippi","4/27/20","34","11","28087","32.35"
"Madison","10","208","Mississippi","4/27/20","140","68","28089","48.57"
"Marion","2","58","Mississippi","4/27/20","47","11","28091","23.4"
"Marshall","0","41","Mississippi","4/27/20","38","3","28093","7.89"
"Monroe","10","144","Mississippi","4/27/20","75","69","28095","92"
"Montgomery","1","19","Mississippi","4/27/20","15","4","28097","26.67"
"Neshoba","12","156","Mississippi","4/27/20","73","83","28099","113.7"
"Newton","5","64","Mississippi","4/27/20","30","34","28101","113.33"
"Noxubee","4","52","Mississippi","4/27/20","22","30","28103","136.36"
"Oktibbeha","0","46","Mississippi","4/27/20","43","3","28105","6.98"
"Panola","0","38","Mississippi","4/27/20","36","2","28107","5.56"
"Pearl River","3","153","Mississippi","4/27/20","132","21","28109","15.91"
"Perry","1","26","Mississippi","4/27/20","22","4","28111","18.18"
"Pike","3","136","Mississippi","4/27/20","115","21","28113","18.26"
"Pontotoc","0","18","Mississippi","4/27/20","18","0","28115","0"
"Prentiss","1","32","Mississippi","4/27/20","25","7","28117","28"
"Quitman","0","14","Mississippi","4/27/20","13","1","28119","7.69"
"Rankin","4","171","Mississippi","4/27/20","141","30","28121","21.28"
"Scott","16","258","Mississippi","4/27/20","148","110","28123","74.32"
"Sharkey","0","5","Mississippi","4/27/20","3","2","28125","66.67"
"Simpson","2","40","Mississippi","4/27/20","28","12","28127","42.86"
"Smith","3","65","Mississippi","4/27/20","47","18","28129","38.3"
"Stone","0","22","Mississippi","4/27/20","19","3","28131","15.79"
"Sunflower","1","52","Mississippi","4/27/20","47","5","28133","10.64"
"Tallahatchie","0","11","Mississippi","4/27/20","8","3","28135","37.5"
"Tate","1","38","Mississippi","4/27/20","34","4","28137","11.76"
"Tippah","1","52","Mississippi","4/27/20","47","5","28139","10.64"
"Tishomingo","1","8","Mississippi","4/27/20","4","4","28141","100"
"Tunica","0","35","Mississippi","4/27/20","32","3","28143","9.38"
"Union","1","15","Mississippi","4/27/20","11","4","28145","36.36"
"Walthall","1","29","Mississippi","4/27/20","24","5","28147","20.83"
"Warren","4","50","Mississippi","4/27/20","22","28","28149","127.27"
"Washington","1","77","Mississippi","4/27/20","71","6","28151","8.45"
"Wayne","1","19","Mississippi","4/27/20","12","7","28153","58.33"
"Webster","0","16","Mississippi","4/27/20","15","1","28155","6.67"
"Wilkinson","1","68","Mississippi","4/27/20","61","7","28157","11.48"
"Winston","1","40","Mississippi","4/27/20","36","4","28159","11.11"
"Yalobusha","0","19","Mississippi","4/27/20","16","3","28161","18.75"
"Yazoo","4","126","Mississippi","4/27/20","95","31","28163","32.63"
"Adair","0","12","Missouri","4/27/20","12","0","29001","0"
"Andrew","0","2","Missouri","4/27/20","1","1","29003","100"
"Atchison","0","2","Missouri","4/27/20","2","0","29005","0"
"Audrain","0","1","Missouri","4/27/20","0","1","29007","1"
"Barry","0","6","Missouri","4/27/20","4","2","29009","50"
"Bates","0","6","Missouri","4/27/20","6","0","29013","0"
"Benton","0","4","Missouri","4/27/20","3","1","29015","33.33"
"Bollinger","0","4","Missouri","4/27/20","3","1","29017","33.33"
"Boone","1","98","Missouri","4/27/20","94","4","29019","4.26"
"Buchanan","4","63","Missouri","4/27/20","32","31","29021","96.88"
"Butler","0","26","Missouri","4/27/20","24","2","29023","8.33"
"Caldwell","0","3","Missouri","4/27/20","2","1","29025","50"
"Callaway","0","20","Missouri","4/27/20","21","-1","29027","-4.76"
"Camden","0","35","Missouri","4/27/20","33","2","29029","6.06"
"Cape Girardeau","2","48","Missouri","4/27/20","36","12","29031","33.33"
"Carroll","0","3","Missouri","4/27/20","0","3","29033","1"
"Carter","0","3","Missouri","4/27/20","3","0","29035","0"
"Cass","1","58","Missouri","4/27/20","53","5","29037","9.43"
"Cedar","0","5","Missouri","4/27/20","5","0","29039","0"
"Chariton","0","5","Missouri","4/27/20","4","1","29041","25"
"Christian","0","19","Missouri","4/27/20","19","0","29043","0"
"Clark","0","1","Missouri","4/27/20","1","0","29045","0"
"Clay","1","68","Missouri","4/27/20","59","9","29047","15.25"
"Clinton","0","11","Missouri","4/27/20","11","0","29049","0"
"Cole","1","50","Missouri","4/27/20","46","4","29051","8.7"
"Cooper","0","7","Missouri","4/27/20","4","3","29053","75"
"Crawford","0","7","Missouri","4/27/20","6","1","29055","16.67"
"Dallas","0","2","Missouri","4/27/20","2","0","29059","0"
"Daviess","0","2","Missouri","4/27/20","2","0","29061","0"
"DeKalb","0","3","Missouri","4/27/20","3","0","29063","0"
"Dunklin","0","20","Missouri","4/27/20","19","1","29069","5.26"
"Franklin","1","106","Missouri","4/27/20","99","7","29071","7.07"
"Gasconade","0","2","Missouri","4/27/20","2","0","29073","0"
"Gentry","0","1","Missouri","4/27/20","1","0","29075","0"
"Greene","0","93","Missouri","4/27/20","90","3","29077","3.33"
"Harrison","0","6","Missouri","4/27/20","6","0","29081","0"
"Henry","0","8","Missouri","4/27/20","6","2","29083","33.33"
"Holt","0","1","Missouri","4/27/20","1","0","29087","0"
"Howard","0","2","Missouri","4/27/20","2","0","29089","0"
"Howell","0","5","Missouri","4/27/20","5","0","29091","0"
"Iron","0","2","Missouri","4/27/20","2","0","29093","0"
"Jackson","5","309","Missouri","4/27/20","271","38","29095","14.02"
"Jasper","-1","24","Missouri","4/27/20","28","-4","29097","-14.29"
"Jefferson","6","266","Missouri","4/27/20","222","44","29099","19.82"
"Johnson","1","54","Missouri","4/27/20","50","4","29101","8"
"Kansas City","11","500","Missouri","4/27/20","420","80","00000","19.05"
"Lafayette","1","35","Missouri","4/27/20","30","5","29107","16.67"
"Lewis","1","6","Missouri","4/27/20","0","6","29111","1"
"Lincoln","2","68","Missouri","4/27/20","56","12","29113","21.43"
"Linn","0","5","Missouri","4/27/20","5","0","29115","0"
"Livingston","0","2","Missouri","4/27/20","2","0","29117","0"
"Macon","0","2","Missouri","4/27/20","2","0","29121","0"
"Madison","0","1","Missouri","4/27/20","1","0","29123","0"
"Maries","0","2","Missouri","4/27/20","2","0","29125","0"
"Marion","1","5","Missouri","4/27/20","0","5","29127","1"
"McDonald","0","4","Missouri","4/27/20","4","0","29119","0"
"Miller","0","1","Missouri","4/27/20","1","0","29131","0"
"Mississippi","3","23","Missouri","4/27/20","0","23","29133","1"
"Moniteau","2","52","Missouri","4/27/20","39","13","29135","33.33"
"Montgomery","0","7","Missouri","4/27/20","7","0","29139","0"
"Morgan","0","3","Missouri","4/27/20","2","1","29141","50"
"New Madrid","0","9","Missouri","4/27/20","9","0","29143","0"
"Newton","0","10","Missouri","4/27/20","9","1","29145","11.11"
"Nodaway","0","3","Missouri","4/27/20","3","0","29147","0"
"Oregon","0","1","Missouri","4/27/20","1","0","29149","0"
"Osage","0","5","Missouri","4/27/20","4","1","29151","25"
"Pemiscot","1","19","Missouri","4/27/20","13","6","29155","46.15"
"Perry","0","41","Missouri","4/27/20","41","0","29157","0"
"Pettis","2","27","Missouri","4/27/20","13","14","29159","107.69"
"Phelps","0","2","Missouri","4/27/20","1","1","29161","100"
"Pike","0","9","Missouri","4/27/20","6","3","29163","50"
"Platte","1","31","Missouri","4/27/20","27","4","29165","14.81"
"Polk","0","1","Missouri","4/27/20","1","0","29167","0"
"Pulaski","0","33","Missouri","4/27/20","31","2","29169","6.45"
"Ralls","0","1","Missouri","4/27/20","1","0","29173","0"
"Randolph","0","8","Missouri","4/27/20","8","0","29175","0"
"Ray","1","11","Missouri","4/27/20","7","4","29177","57.14"
"Reynolds","0","2","Missouri","4/27/20","2","0","29179","0"
"Ripley","0","5","Missouri","4/27/20","4","1","29181","25"
"Saline","14","168","Missouri","4/27/20","67","101","29195","150.75"
"Scotland","0","4","Missouri","4/27/20","4","0","29199","0"
"Scott","1","61","Missouri","4/27/20","51","10","29201","19.61"
"Shelby","0","1","Missouri","4/27/20","1","0","29205","0"
"St. Charles","16","572","Missouri","4/27/20","458","114","29183","24.89"
"St. Clair","0","2","Missouri","4/27/20","2","0","29185","0"
"St. Francois","1","28","Missouri","4/27/20","24","4","29187","16.67"
"St. Louis","88","3037","Missouri","4/27/20","2419","618","29189","25.55"
"St. Louis City","26","1067","Missouri","4/27/20","882","185","29510","20.98"
"Ste. Genevieve","0","7","Missouri","4/27/20","7","0","29186","0"
"Stoddard","0","19","Missouri","4/27/20","18","1","29207","5.56"
"Stone","0","3","Missouri","4/27/20","3","0","29209","0"
"Taney","0","10","Missouri","4/27/20","9","1","29213","11.11"
"Vernon","0","4","Missouri","4/27/20","4","0","29217","0"
"Warren","0","22","Missouri","4/27/20","22","0","29219","0"
"Washington","0","8","Missouri","4/27/20","5","3","29221","60"
"Webster","0","13","Missouri","4/27/20","10","3","29225","30"
"Worth","0","1","Missouri","4/27/20","1","0","29227","0"
"Wright","0","9","Missouri","4/27/20","9","0","29229","0"
"Beaverhead","0","1","Montana","4/27/20","1","0","30001","0"
"Big Horn","0","3","Montana","4/27/20","3","0","30003","0"
"Broadwater","0","4","Montana","4/27/20","4","0","30007","0"
"Carbon","0","6","Montana","4/27/20","6","0","30009","0"
"Cascade","0","14","Montana","4/27/20","13","1","30013","7.69"
"Deer Lodge","0","3","Montana","4/27/20","3","0","30023","0"
"Flathead","0","37","Montana","4/27/20","37","0","30029","0"
"Gallatin","0","146","Montana","4/27/20","143","3","30031","2.1"
"Glacier","0","6","Montana","4/27/20","4","2","30035","50"
"Golden Valley","0","3","Montana","4/27/20","3","0","30037","0"
"Hill","0","1","Montana","4/27/20","1","0","30041","0"
"Jefferson","0","2","Montana","4/27/20","2","0","30043","0"
"Lake","0","5","Montana","4/27/20","5","0","30047","0"
"Lewis and Clark","0","16","Montana","4/27/20","16","0","30049","0"
"Liberty","0","1","Montana","4/27/20","1","0","30051","0"
"Lincoln","0","7","Montana","4/27/20","7","0","30053","0"
"Madison","0","8","Montana","4/27/20","8","0","30057","0"
"Meagher","0","1","Montana","4/27/20","1","0","30059","0"
"Missoula","0","39","Montana","4/27/20","38","1","30063","2.63"
"Musselshell","0","1","Montana","4/27/20","1","0","30065","0"
"Park","0","7","Montana","4/27/20","7","0","30067","0"
"Pondera","0","2","Montana","4/27/20","2","0","30073","0"
"Ravalli","0","5","Montana","4/27/20","5","0","30081","0"
"Richland","0","3","Montana","4/27/20","3","0","30083","0"
"Roosevelt","0","7","Montana","4/27/20","6","1","30085","16.67"
"Silver Bow","0","11","Montana","4/27/20","11","0","30093","0"
"Stillwater","0","1","Montana","4/27/20","1","0","30095","0"
"Toole","0","29","Montana","4/27/20","29","0","30101","0"
"Wheatland","0","1","Montana","4/27/20","0","1","30107","1"
"Yellowstone","1","79","Montana","4/27/20","72","7","30111","9.72"
"Adams","6","141","Nebraska","4/27/20","100","41","31001","41"
"Antelope","0","2","Nebraska","4/27/20","1","1","31003","100"
"Box Butte","0","1","Nebraska","4/27/20","1","0","31013","0"
"Buffalo","5","91","Nebraska","4/27/20","55","36","31019","65.45"
"Burt","0","2","Nebraska","4/27/20","1","1","31021","100"
"Butler","0","1","Nebraska","4/27/20","1","0","31023","0"
"Cass","0","4","Nebraska","4/27/20","4","0","31025","0"
"Cedar","0","2","Nebraska","4/27/20","0","2","31027","1"
"Cherry","0","1","Nebraska","4/27/20","1","0","31031","0"
"Cheyenne","0","6","Nebraska","4/27/20","4","2","31033","50"
"Clay","0","5","Nebraska","4/27/20","4","1","31035","25"
"Colfax","2","22","Nebraska","4/27/20","5","17","31037","340"
"Cuming","0","4","Nebraska","4/27/20","2","2","31039","100"
"Custer","0","22","Nebraska","4/27/20","20","2","31041","10"
"Dakota","58","459","Nebraska","4/27/20","51","408","31043","800"
"Dawson","34","409","Nebraska","4/27/20","172","237","31047","137.79"
"Dixon","0","3","Nebraska","4/27/20","1","2","31051","200"
"Dodge","5","50","Nebraska","4/27/20","18","32","31053","177.78"
"Douglas","26","476","Nebraska","4/27/20","291","185","31055","63.57"
"Fillmore","0","1","Nebraska","4/27/20","0","1","31059","1"
"Franklin","0","3","Nebraska","4/27/20","3","0","31061","0"
"Furnas","0","2","Nebraska","4/27/20","2","0","31065","0"
"Gage","1","33","Nebraska","4/27/20","28","5","31067","17.86"
"Gosper","0","8","Nebraska","4/27/20","6","2","31073","33.33"
"Greeley","0","2","Nebraska","4/27/20","0","2","31077","1"
"Hall","54","908","Nebraska","4/27/20","531","377","31079","71"
"Hamilton","3","41","Nebraska","4/27/20","20","21","31081","105"
"Howard","1","10","Nebraska","4/27/20","3","7","31093","233.33"
"Jefferson","0","2","Nebraska","4/27/20","0","2","31095","1"
"Johnson","0","4","Nebraska","4/27/20","2","2","31097","100"
"Kearney","0","4","Nebraska","4/27/20","4","0","31099","0"
"Kimball","0","9","Nebraska","4/27/20","9","0","31105","0"
"Knox","0","2","Nebraska","4/27/20","2","0","31107","0"
"Lancaster","10","157","Nebraska","4/27/20","85","72","31109","84.71"
"Lincoln","0","20","Nebraska","4/27/20","18","2","31111","11.11"
"Madison","11","91","Nebraska","4/27/20","11","80","31119","727.27"
"Merrick","0","11","Nebraska","4/27/20","9","2","31121","22.22"
"Morrill","0","1","Nebraska","4/27/20","1","0","31123","0"
"Nance","0","1","Nebraska","4/27/20","1","0","31125","0"
"Nemaha","0","1","Nebraska","4/27/20","1","0","31127","0"
"Otoe","0","1","Nebraska","4/27/20","1","0","31131","0"
"Phelps","0","2","Nebraska","4/27/20","1","1","31137","100"
"Pierce","0","1","Nebraska","4/27/20","1","0","31139","0"
"Platte","4","38","Nebraska","4/27/20","7","31","31141","442.86"
"Polk","0","5","Nebraska","4/27/20","6","-1","31143","-16.67"
"Red Willow","0","2","Nebraska","4/27/20","1","1","31145","100"
"Saline","11","87","Nebraska","4/27/20","8","79","31151","987.5"
"Sarpy","5","91","Nebraska","4/27/20","55","36","31153","65.45"
"Saunders","0","9","Nebraska","4/27/20","6","3","31155","50"
"Scotts Bluff","1","27","Nebraska","4/27/20","22","5","31157","22.73"
"Seward","1","7","Nebraska","4/27/20","2","5","31159","250"
"Sherman","0","1","Nebraska","4/27/20","0","1","31163","1"
"Stanton","0","2","Nebraska","4/27/20","2","0","31167","0"
"Thurston","0","1","Nebraska","4/27/20","0","1","31173","1"
"Valley","0","1","Nebraska","4/27/20","0","1","31175","1"
"Washington","0","22","Nebraska","4/27/20","21","1","31177","4.76"
"Wayne","0","1","Nebraska","4/27/20","1","0","31179","0"
"Webster","0","3","Nebraska","4/27/20","2","1","31181","50"
"York","1","11","Nebraska","4/27/20","7","4","31185","57.14"
"Carson City","2","39","Nevada","4/27/20","28","11","32510","39.29"
"Churchill","0","3","Nevada","4/27/20","3","0","32001","0"
"Clark","103","3717","Nevada","4/27/20","2998","719","32003","23.98"
"Douglas","1","19","Nevada","4/27/20","15","4","32005","26.67"
"Elko","0","15","Nevada","4/27/20","12","3","32007","25"
"Humboldt","1","36","Nevada","4/27/20","27","9","32013","33.33"
"Lander","0","1","Nevada","4/27/20","0","1","32015","1"
"Lyon","1","26","Nevada","4/27/20","18","8","32019","44.44"
"Mineral","0","2","Nevada","4/27/20","0","2","32021","1"
"Nye","1","35","Nevada","4/27/20","28","7","32023","25"
"Washoe","20","804","Nevada","4/27/20","662","142","32031","21.45"
"White Pine","0","3","Nevada","4/27/20","3","0","32033","0"
"Belknap","1","35","New Hampshire","4/27/20","26","9","33001","34.62"
"Carroll","0","31","New Hampshire","4/27/20","30","1","33003","3.33"
"Cheshire","1","38","New Hampshire","4/27/20","30","8","33005","26.67"
"Coos","0","2","New Hampshire","4/27/20","2","0","33007","0"
"Grafton","0","48","New Hampshire","4/27/20","45","3","33009","6.67"
"Hillsborough","36","859","New Hampshire","4/27/20","604","255","33011","42.22"
"Merrimack","5","128","New Hampshire","4/27/20","96","32","33013","33.33"
"Rockingham","22","643","New Hampshire","4/27/20","489","154","33015","31.49"
"Strafford","3","132","New Hampshire","4/27/20","111","21","33017","18.92"
"Sullivan","0","11","New Hampshire","4/27/20","10","1","33019","10"
"Atlantic","48","749","New Jersey","4/27/20","410","339","34001","82.68"
"Bergen","299","15104","New Jersey","4/27/20","13011","2093","34003","16.09"
"Burlington","106","2407","New Jersey","4/27/20","1663","744","34005","44.74"
"Camden","124","3124","New Jersey","4/27/20","2255","869","34007","38.54"
"Cape May","10","281","New Jersey","4/27/20","212","69","34009","32.55"
"Cumberland","37","595","New Jersey","4/27/20","338","257","34011","76.04"
"Essex","331","13047","New Jersey","4/27/20","10729","2318","34013","21.6"
"Gloucester","49","1111","New Jersey","4/27/20","770","341","34015","44.29"
"Hudson","396","13925","New Jersey","4/27/20","11150","2775","34017","24.89"
"Hunterdon","21","564","New Jersey","4/27/20","419","145","34019","34.61"
"Mercer","120","3433","New Jersey","4/27/20","2591","842","34021","32.5"
"Middlesex","346","10767","New Jersey","4/27/20","8346","2421","34023","29.01"
"Monmouth","139","5759","New Jersey","4/27/20","4787","972","34025","20.3"
"Morris","113","5030","New Jersey","4/27/20","4236","794","34027","18.74"
"Ocean","165","6024","New Jersey","4/27/20","4868","1156","34029","23.75"
"Passaic","410","11349","New Jersey","4/27/20","8479","2870","34031","33.85"
"Salem","13","212","New Jersey","4/27/20","120","92","34033","76.67"
"Somerset","102","3204","New Jersey","4/27/20","2488","716","34035","28.78"
"Sussex","26","864","New Jersey","4/27/20","680","184","34037","27.06"
"Union","291","12011","New Jersey","4/27/20","9972","2039","34039","20.45"
"Warren","28","810","New Jersey","4/27/20","613","197","34041","32.14"
"Bernalillo","18","694","New Mexico","4/27/20","566","128","35001","22.61"
"Catron","0","1","New Mexico","4/27/20","1","0","35003","0"
"Chaves","0","22","New Mexico","4/27/20","21","1","35005","4.76"
"Cibola","1","41","New Mexico","4/27/20","33","8","35006","24.24"
"Colfax","0","5","New Mexico","4/27/20","5","0","35007","0"
"Curry","0","13","New Mexico","4/27/20","10","3","35009","30"
"Dona Ana","8","126","New Mexico","4/27/20","73","53","35013","72.6"
"Eddy","0","13","New Mexico","4/27/20","10","3","35015","30"
"Grant","0","14","New Mexico","4/27/20","14","0","35017","0"
"Guadalupe","2","13","New Mexico","4/27/20","1","12","35019","1200"
"Harding","0","1","New Mexico","4/27/20","0","1","35021","1"
"Lea","1","10","New Mexico","4/27/20","2","8","35025","400"
"Lincoln","0","2","New Mexico","4/27/20","1","1","35027","100"
"Los Alamos","0","6","New Mexico","4/27/20","6","0","35028","0"
"Luna","0","3","New Mexico","4/27/20","3","0","35029","0"
"McKinley","52","778","New Mexico","4/27/20","416","362","35031","87.02"
"Otero","0","4","New Mexico","4/27/20","3","1","35035","33.33"
"Quay","0","4","New Mexico","4/27/20","3","1","35037","33.33"
"Rio Arriba","0","14","New Mexico","4/27/20","11","3","35039","27.27"
"Roosevelt","1","7","New Mexico","4/27/20","1","6","35041","600"
"San Juan","24","463","New Mexico","4/27/20","293","170","35045","58.02"
"San Miguel","0","2","New Mexico","4/27/20","2","0","35047","0"
"Sandoval","9","378","New Mexico","4/27/20","317","61","35043","19.24"
"Santa Fe","1","95","New Mexico","4/27/20","86","9","35049","10.47"
"Socorro","1","40","New Mexico","4/27/20","31","9","35053","29.03"
"Taos","0","17","New Mexico","4/27/20","16","1","35055","6.25"
"Torrance","0","14","New Mexico","4/27/20","13","1","35057","7.69"
"Union","0","3","New Mexico","4/27/20","0","3","35059","1"
"Valencia","1","42","New Mexico","4/27/20","33","9","35061","27.27"
"Albany","42","979","New York","4/27/20","687","292","36001","42.5"
"Allegany","1","35","New York","4/27/20","30","5","36003","16.67"
"Broome","9","261","New York","4/27/20","199","62","36007","31.16"
"Cattaraugus","2","45","New York","4/27/20","34","11","36009","32.35"
"Cayuga","2","48","New York","4/27/20","36","12","36011","33.33"
"Chautauqua","1","30","New York","4/27/20","25","5","36013","20"
"Chemung","5","108","New York","4/27/20","73","35","36015","47.95"
"Chenango","2","95","New York","4/27/20","78","17","36017","21.79"
"Clinton","1","59","New York","4/27/20","51","8","36019","15.69"
"Columbia","5","146","New York","4/27/20","111","35","36021","31.53"
"Cortland","0","28","New York","4/27/20","25","3","36023","12"
"Delaware","1","58","New York","4/27/20","49","9","36025","18.37"
"Dutchess","73","2793","New York","4/27/20","2284","509","36027","22.29"
"Erie","118","3021","New York","4/27/20","2192","829","36029","37.82"
"Essex","1","24","New York","4/27/20","20","4","36031","20"
"Franklin","0","14","New York","4/27/20","13","1","36033","7.69"
"Fulton","5","62","New York","4/27/20","27","35","36035","129.63"
"Genesee","4","148","New York","4/27/20","119","29","36037","24.37"
"Greene","4","111","New York","4/27/20","86","25","36039","29.07"
"Hamilton","0","3","New York","4/27/20","3","0","36041","0"
"Herkimer","1","58","New York","4/27/20","49","9","36043","18.37"
"Jefferson","1","60","New York","4/27/20","54","6","36045","11.11"
"Lewis","0","9","New York","4/27/20","9","0","36049","0"
"Livingston","3","62","New York","4/27/20","39","23","36051","58.97"
"Madison","1","124","New York","4/27/20","117","7","36053","5.98"
"Monroe","40","1331","New York","4/27/20","1054","277","36055","26.28"
"Montgomery","2","47","New York","4/27/20","35","12","36057","34.29"
"Nassau","598","34865","New York","4/27/20","30677","4188","36059","13.65"
"New York","3414","160489","New York","4/27/20","136591","23898","36061","17.5"
"Niagara","18","378","New York","4/27/20","255","123","36063","48.24"
"Oneida","17","397","New York","4/27/20","279","118","36065","42.29"
"Onondaga","11","726","New York","4/27/20","646","80","36067","12.38"
"Ontario","2","86","New York","4/27/20","71","15","36069","21.13"
"Orange","246","8238","New York","4/27/20","6514","1724","36071","26.47"
"Orleans","5","80","New York","4/27/20","46","34","36073","73.91"
"Oswego","1","61","New York","4/27/20","52","9","36075","17.31"
"Otsego","2","62","New York","4/27/20","49","13","36077","26.53"
"Putnam","21","925","New York","4/27/20","778","147","36079","18.89"
"Rensselaer","9","246","New York","4/27/20","186","60","36083","32.26"
"Rockland","273","11366","New York","4/27/20","9457","1909","36087","20.19"
"Saratoga","12","336","New York","4/27/20","254","82","36091","32.28"
"Schenectady","23","457","New York","4/27/20","295","162","36093","54.92"
"Schoharie","2","35","New York","4/27/20","20","15","36095","75"
"Schuyler","0","7","New York","4/27/20","8","-1","36097","-12.5"
"Seneca","3","38","New York","4/27/20","18","20","36099","111.11"
"St. Lawrence","8","169","New York","4/27/20","110","59","36089","53.64"
"Steuben","2","209","New York","4/27/20","195","14","36101","7.18"
"Suffolk","620","32470","New York","4/27/20","28127","4343","36103","15.44"
"Sullivan","27","748","New York","4/27/20","560","188","36105","33.57"
"Tioga","5","71","New York","4/27/20","37","34","36107","91.89"
"Tompkins","1","126","New York","4/27/20","119","7","36109","5.88"
"Ulster","32","1219","New York","4/27/20","997","222","36111","22.27"
"Warren","7","147","New York","4/27/20","101","46","36113","45.54"
"Washington","9","130","New York","4/27/20","65","65","36115","100"
"Wayne","3","69","New York","4/27/20","50","19","36117","38"
"Westchester","529","28007","New York","4/27/20","24306","3701","36119","15.23"
"Wyoming","3","63","New York","4/27/20","44","19","36121","43.18"
"Yates","1","17","New York","4/27/20","10","7","36123","70"
"Alamance","6","91","North Carolina","4/27/20","50","41","37001","82"
"Alexander","0","4","North Carolina","4/27/20","3","1","37003","33.33"
"Alleghany","0","2","North Carolina","4/27/20","2","0","37005","0"
"Anson","1","22","North Carolina","4/27/20","18","4","37007","22.22"
"Ashe","0","4","North Carolina","4/27/20","4","0","37009","0"
"Beaufort","1","20","North Carolina","4/27/20","15","5","37013","33.33"
"Bertie","2","38","North Carolina","4/27/20","24","14","37015","58.33"
"Bladen","1","10","North Carolina","4/27/20","2","8","37017","400"
"Brunswick","1","40","North Carolina","4/27/20","36","4","37019","11.11"
"Buncombe","1","54","North Carolina","4/27/20","47","7","37021","14.89"
"Burke","3","88","North Carolina","4/27/20","70","18","37023","25.71"
"Cabarrus","7","264","North Carolina","4/27/20","212","52","37025","24.53"
"Caldwell","1","31","North Carolina","4/27/20","23","8","37027","34.78"
"Camden","0","1","North Carolina","4/27/20","0","1","37029","1"
"Carteret","1","28","North Carolina","4/27/20","24","4","37031","16.67"
"Caswell","1","18","North Carolina","4/27/20","8","10","37033","125"
"Catawba","1","53","North Carolina","4/27/20","43","10","37035","23.26"
"Chatham","19","262","North Carolina","4/27/20","127","135","37037","106.3"
"Cherokee","0","16","North Carolina","4/27/20","16","0","37039","0"
"Chowan","0","7","North Carolina","4/27/20","6","1","37041","16.67"
"Clay","0","6","North Carolina","4/27/20","5","1","37043","20"
"Cleveland","0","47","North Carolina","4/27/20","44","3","37045","6.82"
"Columbus","5","94","North Carolina","4/27/20","59","35","37047","59.32"
"Craven","0","39","North Carolina","4/27/20","36","3","37049","8.33"
"Cumberland","12","200","North Carolina","4/27/20","113","87","37051","76.99"
"Currituck","0","2","North Carolina","4/27/20","3","-1","37053","-33.33"
"Dare","0","15","North Carolina","4/27/20","15","0","37055","0"
"Davidson","9","156","North Carolina","4/27/20","94","62","37057","65.96"
"Davie","1","29","North Carolina","4/27/20","23","6","37059","26.09"
"Duplin","7","72","North Carolina","4/27/20","26","46","37061","176.92"
"Durham","17","555","North Carolina","4/27/20","435","120","37063","27.59"
"Edgecombe","3","78","North Carolina","4/27/20","58","20","37065","34.48"
"Forsyth","4","156","North Carolina","4/27/20","126","30","37067","23.81"
"Franklin","4","100","North Carolina","4/27/20","71","29","37069","40.85"
"Gaston","4","139","North Carolina","4/27/20","112","27","37071","24.11"
"Gates","0","7","North Carolina","4/27/20","4","3","37073","75"
"Granville","18","240","North Carolina","4/27/20","112","128","37077","114.29"
"Greene","0","15","North Carolina","4/27/20","14","1","37079","7.14"
"Guilford","20","314","North Carolina","4/27/20","176","138","37081","78.41"
"Halifax","3","56","North Carolina","4/27/20","33","23","37083","69.7"
"Harnett","11","137","North Carolina","4/27/20","61","76","37085","124.59"
"Haywood","0","6","North Carolina","4/27/20","5","1","37087","20"
"Henderson","4","159","North Carolina","4/27/20","128","31","37089","24.22"
"Hertford","3","28","North Carolina","4/27/20","9","19","37091","211.11"
"Hoke","5","61","North Carolina","4/27/20","23","38","37093","165.22"
"Hyde","0","1","North Carolina","4/27/20","0","1","37095","1"
"Iredell","3","104","North Carolina","4/27/20","82","22","37097","26.83"
"Jackson","1","9","North Carolina","4/27/20","5","4","37099","80"
"Johnston","2","139","North Carolina","4/27/20","123","16","37101","13.01"
"Jones","0","12","North Carolina","4/27/20","9","3","37103","33.33"
"Lee","12","125","North Carolina","4/27/20","38","87","37105","228.95"
"Lenoir","3","45","North Carolina","4/27/20","21","24","37107","114.29"
"Lincoln","1","25","North Carolina","4/27/20","19","6","37109","31.58"
"Macon","0","2","North Carolina","4/27/20","2","0","37113","0"
"Madison","0","1","North Carolina","4/27/20","0","1","37115","1"
"Martin","1","15","North Carolina","4/27/20","9","6","37117","66.67"
"McDowell","1","24","North Carolina","4/27/20","20","4","37111","20"
"Mecklenburg","37","1492","North Carolina","4/27/20","1231","261","37119","21.2"
"Mitchell","0","5","North Carolina","4/27/20","5","0","37121","0"
"Montgomery","2","32","North Carolina","4/27/20","18","14","37123","77.78"
"Moore","3","116","North Carolina","4/27/20","93","23","37125","24.73"
"Nash","3","85","North Carolina","4/27/20","61","24","37127","39.34"
"New Hanover","2","79","North Carolina","4/27/20","68","11","37129","16.18"
"Northampton","1","82","North Carolina","4/27/20","72","10","37131","13.89"
"Onslow","1","43","North Carolina","4/27/20","37","6","37133","16.22"
"Orange","3","208","North Carolina","4/27/20","187","21","37135","11.23"
"Pamlico","0","7","North Carolina","4/27/20","6","1","37137","16.67"
"Pasquotank","0","34","North Carolina","4/27/20","32","2","37139","6.25"
"Pender","1","12","North Carolina","4/27/20","8","4","37141","50"
"Perquimans","0","11","North Carolina","4/27/20","8","3","37143","37.5"
"Person","0","19","North Carolina","4/27/20","16","3","37145","18.75"
"Pitt","3","111","North Carolina","4/27/20","93","18","37147","19.35"
"Polk","1","17","North Carolina","4/27/20","10","7","37149","70"
"Randolph","11","154","North Carolina","4/27/20","77","77","37151","100"
"Richmond","2","36","North Carolina","4/27/20","20","16","37153","80"
"Robeson","11","104","North Carolina","4/27/20","27","77","37155","285.19"
"Rockingham","1","24","North Carolina","4/27/20","19","5","37157","26.32"
"Rowan","15","352","North Carolina","4/27/20","250","102","37159","40.8"
"Rutherford","5","121","North Carolina","4/27/20","84","37","37161","44.05"
"Sampson","2","39","North Carolina","4/27/20","22","17","37163","77.27"
"Scotland","2","23","North Carolina","4/27/20","12","11","37165","91.67"
"Stanly","1","29","North Carolina","4/27/20","21","8","37167","38.1"
"Stokes","0","11","North Carolina","4/27/20","10","1","37169","10"
"Surry","-1","12","North Carolina","4/27/20","17","-5","37171","-29.41"
"Transylvania","0","7","North Carolina","4/27/20","8","-1","37175","-12.5"
"Tyrrell","0","4","North Carolina","4/27/20","4","0","37177","0"
"Union","6","205","North Carolina","4/27/20","163","42","37179","25.77"
"Vance","7","80","North Carolina","4/27/20","33","47","37181","142.42"
"Wake","21","752","North Carolina","4/27/20","605","147","37183","24.3"
"Warren","0","4","North Carolina","4/27/20","3","1","37185","33.33"
"Washington","0","24","North Carolina","4/27/20","21","3","37187","14.29"
"Watauga","0","8","North Carolina","4/27/20","8","0","37189","0"
"Wayne","9","635","North Carolina","4/27/20","572","63","37191","11.01"
"Wilkes","2","21","North Carolina","4/27/20","4","17","37193","425"
"Wilson","5","151","North Carolina","4/27/20","116","35","37195","30.17"
"Yadkin","0","12","North Carolina","4/27/20","11","1","37197","9.09"
"Barnes","0","4","North Dakota","4/27/20","3","1","38003","33.33"
"Bowman","0","1","North Dakota","4/27/20","1","0","38011","0"
"Burke","0","3","North Dakota","4/27/20","2","1","38013","50"
"Burleigh","2","74","North Dakota","4/27/20","63","11","38015","17.46"
"Cass","26","431","North Dakota","4/27/20","246","185","38017","75.2"
"Divide","0","1","North Dakota","4/27/20","1","0","38023","0"
"Dunn","0","10","North Dakota","4/27/20","10","0","38025","0"
"Eddy","0","1","North Dakota","4/27/20","1","0","38027","0"
"Emmons","0","1","North Dakota","4/27/20","1","0","38029","0"
"Foster","0","1","North Dakota","4/27/20","1","0","38031","0"
"Grand Forks","13","231","North Dakota","4/27/20","138","93","38035","67.39"
"Grant","0","1","North Dakota","4/27/20","1","0","38037","0"
"McHenry","0","1","North Dakota","4/27/20","1","0","38049","0"
"McIntosh","0","1","North Dakota","4/27/20","1","0","38051","0"
"McKenzie","0","12","North Dakota","4/27/20","10","2","38053","20"
"McLean","0","3","North Dakota","4/27/20","3","0","38055","0"
"Morton","0","24","North Dakota","4/27/20","22","2","38059","9.09"
"Mountrail","1","34","North Dakota","4/27/20","30","4","38061","13.33"
"Nelson","0","1","North Dakota","4/27/20","1","0","38063","0"
"Oliver","0","1","North Dakota","4/27/20","1","0","38065","0"
"Pembina","0","1","North Dakota","4/27/20","0","1","38067","1"
"Pierce","0","2","North Dakota","4/27/20","2","0","38069","0"
"Ramsey","0","4","North Dakota","4/27/20","3","1","38071","33.33"
"Ransom","0","1","North Dakota","4/27/20","0","1","38073","1"
"Richland","0","7","North Dakota","4/27/20","5","2","38077","40"
"Rolette","0","1","North Dakota","4/27/20","1","0","38079","0"
"Sargent","0","1","North Dakota","4/27/20","1","0","38081","0"
"Sioux","0","1","North Dakota","4/27/20","1","0","38085","0"
"Slope","0","3","North Dakota","4/27/20","3","0","38087","0"
"Stark","0","41","North Dakota","4/27/20","39","2","38089","5.13"
"Stutsman","0","4","North Dakota","4/27/20","3","1","38093","33.33"
"Walsh","1","7","North Dakota","4/27/20","3","4","38099","133.33"
"Ward","0","21","North Dakota","4/27/20","20","1","38101","5"
"Wells","0","2","North Dakota","4/27/20","0","2","38103","1"
"Williams","0","10","North Dakota","4/27/20","9","1","38105","11.11"
"","0","14","Northern Mariana Islands","4/27/20","14","0",,"0"
"Adams","0","4","Ohio","4/27/20","3","1","39001","33.33"
"Allen","3","103","Ohio","4/27/20","84","19","39003","22.62"
"Ashland","0","6","Ohio","4/27/20","5","1","39005","20"
"Ashtabula","6","110","Ohio","4/27/20","68","42","39007","61.76"
"Athens","0","3","Ohio","4/27/20","3","0","39009","0"
"Auglaize","1","31","Ohio","4/27/20","23","8","39011","34.78"
"Belmont","6","114","Ohio","4/27/20","73","41","39013","56.16"
"Brown","0","11","Ohio","4/27/20","9","2","39015","22.22"
"Butler","8","234","Ohio","4/27/20","180","54","39017","30"
"Carroll","0","19","Ohio","4/27/20","16","3","39019","18.75"
"Champaign","1","12","Ohio","4/27/20","8","4","39021","50"
"Clark","2","43","Ohio","4/27/20","26","17","39023","65.38"
"Clermont","1","76","Ohio","4/27/20","72","4","39025","5.56"
"Clinton","0","28","Ohio","4/27/20","26","2","39027","7.69"
"Columbiana","7","228","Ohio","4/27/20","182","46","39029","25.27"
"Coshocton","0","16","Ohio","4/27/20","16","0","39031","0"
"Crawford","1","41","Ohio","4/27/20","37","4","39033","10.81"
"Cuyahoga","52","1938","Ohio","4/27/20","1577","361","39035","22.89"
"Darke","3","75","Ohio","4/27/20","57","18","39037","31.58"
"Defiance","1","19","Ohio","4/27/20","15","4","39039","26.67"
"Delaware","4","148","Ohio","4/27/20","122","26","39041","21.31"
"Erie","2","49","Ohio","4/27/20","37","12","39043","32.43"
"Fairfield","2","116","Ohio","4/27/20","99","17","39045","17.17"
"Fayette","0","14","Ohio","4/27/20","13","1","39047","7.69"
"Franklin","71","2005","Ohio","4/27/20","1510","495","39049","32.78"
"Fulton","0","19","Ohio","4/27/20","16","3","39051","18.75"
"Gallia","0","6","Ohio","4/27/20","6","0","39053","0"
"Geauga","6","146","Ohio","4/27/20","105","41","39055","39.05"
"Greene","1","45","Ohio","4/27/20","39","6","39057","15.38"
"Guernsey","0","15","Ohio","4/27/20","12","3","39059","25"
"Hamilton","45","1048","Ohio","4/27/20","735","313","39061","42.59"
"Hancock","1","35","Ohio","4/27/20","30","5","39063","16.67"
"Hardin","1","22","Ohio","4/27/20","17","5","39065","29.41"
"Harrison","0","4","Ohio","4/27/20","2","2","39067","100"
"Henry","0","4","Ohio","4/27/20","3","1","39069","33.33"
"Highland","0","10","Ohio","4/27/20","7","3","39071","42.86"
"Hocking","2","16","Ohio","4/27/20","4","12","39073","300"
"Holmes","0","5","Ohio","4/27/20","4","1","39075","25"
"Huron","1","29","Ohio","4/27/20","20","9","39077","45"
"Jackson","0","4","Ohio","4/27/20","4","0","39079","0"
"Jefferson","1","39","Ohio","4/27/20","30","9","39081","30"
"Knox","0","15","Ohio","4/27/20","13","2","39083","15.38"
"Lake","3","158","Ohio","4/27/20","135","23","39085","17.04"
"Lawrence","0","24","Ohio","4/27/20","21","3","39087","14.29"
"Licking","1","110","Ohio","4/27/20","100","10","39089","10"
"Logan","1","18","Ohio","4/27/20","13","5","39091","38.46"
"Lorain","13","395","Ohio","4/27/20","303","92","39093","30.36"
"Lucas","44","1130","Ohio","4/27/20","823","307","39095","37.3"
"Madison","3","52","Ohio","4/27/20","30","22","39097","73.33"
"Mahoning","23","764","Ohio","4/27/20","604","160","39099","26.49"
"Marion","16","2188","Ohio","4/27/20","2073","115","39101","5.55"
"Medina","3","159","Ohio","4/27/20","139","20","39103","14.39"
"Meigs","0","2","Ohio","4/27/20","2","0","39105","0"
"Mercer","1","18","Ohio","4/27/20","13","5","39107","38.46"
"Miami","1","136","Ohio","4/27/20","131","5","39109","3.82"
"Monroe","0","2","Ohio","4/27/20","2","0","39111","0"
"Montgomery","4","262","Ohio","4/27/20","235","27","39113","11.49"
"Morgan","0","4","Ohio","4/27/20","3","1","39115","33.33"
"Morrow","2","34","Ohio","4/27/20","23","11","39117","47.83"
"Muskingum","0","11","Ohio","4/27/20","9","2","39119","22.22"
"Noble","0","5","Ohio","4/27/20","4","1","39121","25"
"Ottawa","1","37","Ohio","4/27/20","29","8","39123","27.59"
"Paulding","0","8","Ohio","4/27/20","5","3","39125","60"
"Perry","0","12","Ohio","4/27/20","9","3","39127","33.33"
"Pickaway","65","1698","Ohio","4/27/20","1246","452","39129","36.28"
"Pike","0","3","Ohio","4/27/20","2","1","39131","50"
"Portage","6","221","Ohio","4/27/20","180","41","39133","22.78"
"Preble","0","25","Ohio","4/27/20","24","1","39135","4.17"
"Putnam","5","54","Ohio","4/27/20","21","33","39137","157.14"
"Richland","2","76","Ohio","4/27/20","64","12","39139","18.75"
"Ross","1","36","Ohio","4/27/20","29","7","39141","24.14"
"Sandusky","0","19","Ohio","4/27/20","17","2","39143","11.76"
"Scioto","0","6","Ohio","4/27/20","6","0","39145","0"
"Seneca","0","14","Ohio","4/27/20","13","1","39147","7.69"
"Shelby","0","30","Ohio","4/27/20","28","2","39149","7.14"
"Stark","11","312","Ohio","4/27/20","237","75","39151","31.65"
"Summit","19","500","Ohio","4/27/20","370","130","39153","35.14"
"Trumbull","7","295","Ohio","4/27/20","249","46","39155","18.47"
"Tuscarawas","4","57","Ohio","4/27/20","32","25","39157","78.12"
"Union","1","18","Ohio","4/27/20","13","5","39159","38.46"
"Van Wert","0","3","Ohio","4/27/20","3","0","39161","0"
"Warren","1","124","Ohio","4/27/20","116","8","39165","6.9"
"Washington","4","94","Ohio","4/27/20","65","29","39167","44.62"
"Wayne","5","114","Ohio","4/27/20","81","33","39169","40.74"
"Williams","3","29","Ohio","4/27/20","8","21","39171","262.5"
"Wood","8","139","Ohio","4/27/20","84","55","39173","65.48"
"Wyandot","1","24","Ohio","4/27/20","17","7","39175","41.18"
"Adair","1","55","Oklahoma","4/27/20","46","9","40001","19.57"
"Alfalfa","0","1","Oklahoma","4/27/20","1","0","40003","0"
"Atoka","0","1","Oklahoma","4/27/20","1","0","40005","0"
"Beaver","0","3","Oklahoma","4/27/20","1","2","40007","200"
"Beckham","0","5","Oklahoma","4/27/20","2","3","40009","150"
"Bryan","0","6","Oklahoma","4/27/20","5","1","40013","20"
"Caddo","1","58","Oklahoma","4/27/20","52","6","40015","11.54"
"Canadian","2","91","Oklahoma","4/27/20","75","16","40017","21.33"
"Carter","0","2","Oklahoma","4/27/20","1","1","40019","100"
"Cherokee","0","26","Oklahoma","4/27/20","24","2","40021","8.33"
"Choctaw","0","3","Oklahoma","4/27/20","3","0","40023","0"
"Cimarron","0","1","Oklahoma","4/27/20","0","1","40025","1"
"Cleveland","11","404","Oklahoma","4/27/20","324","80","40027","24.69"
"Comanche","1","79","Oklahoma","4/27/20","71","8","40031","11.27"
"Cotton","0","5","Oklahoma","4/27/20","5","0","40033","0"
"Craig","0","9","Oklahoma","4/27/20","8","1","40035","12.5"
"Creek","1","76","Oklahoma","4/27/20","68","8","40037","11.76"
"Custer","0","10","Oklahoma","4/27/20","10","0","40039","0"
"Delaware","1","90","Oklahoma","4/27/20","86","4","40041","4.65"
"Dewey","0","2","Oklahoma","4/27/20","2","0","40043","0"
"Garfield","0","11","Oklahoma","4/27/20","11","0","40047","0"
"Garvin","0","13","Oklahoma","4/27/20","11","2","40049","18.18"
"Grady","2","34","Oklahoma","4/27/20","23","11","40051","47.83"
"Grant","0","2","Oklahoma","4/27/20","2","0","40053","0"
"Greer","1","64","Oklahoma","4/27/20","57","7","40055","12.28"
"Harper","0","1","Oklahoma","4/27/20","1","0","40059","0"
"Haskell","0","5","Oklahoma","4/27/20","2","3","40061","150"
"Jackson","1","15","Oklahoma","4/27/20","6","9","40065","150"
"Jefferson","0","2","Oklahoma","4/27/20","1","1","40067","100"
"Johnston","0","3","Oklahoma","4/27/20","3","0","40069","0"
"Kay","0","47","Oklahoma","4/27/20","46","1","40071","2.17"
"Kingfisher","0","8","Oklahoma","4/27/20","6","2","40073","33.33"
"Kiowa","0","4","Oklahoma","4/27/20","3","1","40075","33.33"
"Latimer","0","5","Oklahoma","4/27/20","4","1","40077","25"
"Le Flore","1","10","Oklahoma","4/27/20","6","4","40079","66.67"
"Lincoln","0","11","Oklahoma","4/27/20","10","1","40081","10"
"Logan","1","13","Oklahoma","4/27/20","9","4","40083","44.44"
"Love","0","2","Oklahoma","4/27/20","2","0","40085","0"
"Major","0","2","Oklahoma","4/27/20","2","0","40093","0"
"Marshall","0","2","Oklahoma","4/27/20","2","0","40095","0"
"Mayes","0","21","Oklahoma","4/27/20","19","2","40097","10.53"
"McClain","1","30","Oklahoma","4/27/20","22","8","40087","36.36"
"McCurtain","0","8","Oklahoma","4/27/20","8","0","40089","0"
"McIntosh","0","2","Oklahoma","4/27/20","2","0","40091","0"
"Murray","0","1","Oklahoma","4/27/20","1","0","40099","0"
"Muskogee","0","26","Oklahoma","4/27/20","26","0","40101","0"
"Noble","0","6","Oklahoma","4/27/20","6","0","40103","0"
"Nowata","1","20","Oklahoma","4/27/20","13","7","40105","53.85"
"Okfuskee","0","1","Oklahoma","4/27/20","1","0","40107","0"
"Oklahoma","18","703","Oklahoma","4/27/20","574","129","40109","22.47"
"Okmulgee","0","16","Oklahoma","4/27/20","15","1","40111","6.67"
"Osage","1","72","Oklahoma","4/27/20","65","7","40113","10.77"
"Ottawa","0","29","Oklahoma","4/27/20","27","2","40115","7.41"
"Pawnee","0","29","Oklahoma","4/27/20","28","1","40117","3.57"
"Payne","1","44","Oklahoma","4/27/20","39","5","40119","12.82"
"Pittsburg","1","25","Oklahoma","4/27/20","18","7","40121","38.89"
"Pontotoc","0","10","Oklahoma","4/27/20","10","0","40123","0"
"Pottawatomie","1","42","Oklahoma","4/27/20","36","6","40125","16.67"
"Pushmataha","0","1","Oklahoma","4/27/20","0","1","40127","1"
"Rogers","1","47","Oklahoma","4/27/20","38","9","40131","23.68"
"Seminole","0","8","Oklahoma","4/27/20","7","1","40133","14.29"
"Sequoyah","0","12","Oklahoma","4/27/20","10","2","40135","20"
"Stephens","0","20","Oklahoma","4/27/20","19","1","40137","5.26"
"Texas","9","85","Oklahoma","4/27/20","20","65","40139","325"
"Tillman","0","1","Oklahoma","4/27/20","2","-1","40141","-50"
"Tulsa","10","490","Oklahoma","4/27/20","422","68","40143","16.11"
"Wagoner","1","115","Oklahoma","4/27/20","108","7","40145","6.48"
"Washington","12","231","Oklahoma","4/27/20","148","83","40147","56.08"
"Washita","0","1","Oklahoma","4/27/20","0","1","40149","1"
"Woods","0","3","Oklahoma","4/27/20","3","0","40151","0"
"Woodward","0","1","Oklahoma","4/27/20","1","0","40153","0"
"Benton","0","29","Oregon","4/27/20","28","1","41003","3.57"
"Clackamas","5","204","Oregon","4/27/20","171","33","41005","19.3"
"Clatsop","0","6","Oregon","4/27/20","6","0","41007","0"
"Columbia","0","14","Oregon","4/27/20","14","0","41009","0"
"Coos","2","14","Oregon","4/27/20","1","13","41011","1300"
"Crook","0","1","Oregon","4/27/20","1","0","41013","0"
"Curry","0","4","Oregon","4/27/20","4","0","41015","0"
"Deschutes","2","75","Oregon","4/27/20","64","11","41017","17.19"
"Douglas","0","23","Oregon","4/27/20","23","0","41019","0"
"Grant","0","1","Oregon","4/27/20","1","0","41023","0"
"Hood River","0","5","Oregon","4/27/20","4","1","41027","25"
"Jackson","0","49","Oregon","4/27/20","49","0","41029","0"
"Jefferson","1","6","Oregon","4/27/20","1","5","41031","500"
"Josephine","0","20","Oregon","4/27/20","19","1","41033","5.26"
"Klamath","1","36","Oregon","4/27/20","31","5","41035","16.13"
"Lane","0","50","Oregon","4/27/20","48","2","41039","4.17"
"Lincoln","0","5","Oregon","4/27/20","5","0","41041","0"
"Linn","3","79","Oregon","4/27/20","61","18","41043","29.51"
"Malheur","0","7","Oregon","4/27/20","5","2","41045","40"
"Marion","11","447","Oregon","4/27/20","371","76","41047","20.49"
"Morrow","0","5","Oregon","4/27/20","5","0","41049","0"
"Multnomah","21","664","Oregon","4/27/20","520","144","41051","27.69"
"Polk","1","38","Oregon","4/27/20","33","5","41053","15.15"
"Sherman","0","1","Oregon","4/27/20","1","0","41055","0"
"Tillamook","0","6","Oregon","4/27/20","6","0","41057","0"
"Umatilla","1","36","Oregon","4/27/20","27","9","41059","33.33"
"Union","0","4","Oregon","4/27/20","4","0","41061","0"
"Wallowa","0","1","Oregon","4/27/20","1","0","41063","0"
"Wasco","0","12","Oregon","4/27/20","10","2","41065","20"
"Washington","10","475","Oregon","4/27/20","408","67","41067","16.42"
"Yamhill","0","37","Oregon","4/27/20","35","2","41071","5.71"
"Adams","5","122","Pennsylvania","4/27/20","85","37","42001","43.53"
"Allegheny","26","1224","Pennsylvania","4/27/20","1042","182","42003","17.47"
"Armstrong","1","47","Pennsylvania","4/27/20","38","9","42005","23.68"
"Beaver","13","387","Pennsylvania","4/27/20","298","89","42007","29.87"
"Bedford","1","21","Pennsylvania","4/27/20","15","6","42009","40"
"Berks","83","2526","Pennsylvania","4/27/20","1945","581","42011","29.87"
"Blair","1","21","Pennsylvania","4/27/20","14","7","42013","50"
"Bradford","0","28","Pennsylvania","4/27/20","25","3","42015","12"
"Bucks","100","2585","Pennsylvania","4/27/20","1886","699","42017","37.06"
"Butler","1","170","Pennsylvania","4/27/20","161","9","42019","5.59"
"Cambria","0","21","Pennsylvania","4/27/20","19","2","42021","10.53"
"Cameron","0","1","Pennsylvania","4/27/20","1","0","42023","0"
"Carbon","3","164","Pennsylvania","4/27/20","144","20","42025","13.89"
"Centre","2","87","Pennsylvania","4/27/20","73","14","42027","19.18"
"Chester","43","1214","Pennsylvania","4/27/20","915","299","42029","32.68"
"Clarion","1","22","Pennsylvania","4/27/20","18","4","42031","22.22"
"Clearfield","0","11","Pennsylvania","4/27/20","11","0","42033","0"
"Clinton","2","25","Pennsylvania","4/27/20","11","14","42035","127.27"
"Columbia","10","277","Pennsylvania","4/27/20","208","69","42037","33.17"
"Crawford","0","19","Pennsylvania","4/27/20","16","3","42039","18.75"
"Cumberland","14","282","Pennsylvania","4/27/20","186","96","42041","51.61"
"Dauphin","20","529","Pennsylvania","4/27/20","386","143","42043","37.05"
"Delaware","117","3361","Pennsylvania","4/27/20","2545","816","42045","32.06"
"Elk","0","3","Pennsylvania","4/27/20","2","1","42047","50"
"Erie","3","82","Pennsylvania","4/27/20","60","22","42049","36.67"
"Fayette","2","79","Pennsylvania","4/27/20","67","12","42051","17.91"
"Forest","0","7","Pennsylvania","4/27/20","7","0","42053","0"
"Franklin","16","227","Pennsylvania","4/27/20","115","112","42055","97.39"
"Fulton","0","3","Pennsylvania","4/27/20","2","1","42057","50"
"Greene","0","25","Pennsylvania","4/27/20","25","0","42059","0"
"Huntingdon","2","24","Pennsylvania","4/27/20","13","11","42061","84.62"
"Indiana","1","63","Pennsylvania","4/27/20","53","10","42063","18.87"
"Jefferson","0","4","Pennsylvania","4/27/20","3","1","42065","33.33"
"Juniata","1","79","Pennsylvania","4/27/20","72","7","42067","9.72"
"Lackawanna","27","833","Pennsylvania","4/27/20","646","187","42069","28.95"
"Lancaster","57","1633","Pennsylvania","4/27/20","1236","397","42071","32.12"
"Lawrence","1","63","Pennsylvania","4/27/20","59","4","42073","6.78"
"Lebanon","17","621","Pennsylvania","4/27/20","502","119","42075","23.71"
"Lehigh","56","2636","Pennsylvania","4/27/20","2245","391","42077","17.42"
"Luzerne","38","2035","Pennsylvania","4/27/20","1767","268","42079","15.17"
"Lycoming","2","57","Pennsylvania","4/27/20","40","17","42081","42.5"
"McKean","0","5","Pennsylvania","4/27/20","4","1","42083","25"
"Mercer","1","65","Pennsylvania","4/27/20","59","6","42085","10.17"
"Mifflin","1","30","Pennsylvania","4/27/20","20","10","42087","50"
"Monroe","16","1083","Pennsylvania","4/27/20","970","113","42089","11.65"
"Montgomery","111","3817","Pennsylvania","4/27/20","3040","777","42091","25.56"
"Montour","0","48","Pennsylvania","4/27/20","48","0","42093","0"
"Northampton","52","1834","Pennsylvania","4/27/20","1469","365","42095","24.85"
"Northumberland","2","90","Pennsylvania","4/27/20","73","17","42097","23.29"
"Perry","1","26","Pennsylvania","4/27/20","20","6","42099","30"
"Philadelphia","474","12868","Pennsylvania","4/27/20","9553","3315","42101","34.7"
"Pike","7","352","Pennsylvania","4/27/20","304","48","42103","15.79"
"Potter","0","4","Pennsylvania","4/27/20","4","0","42105","0"
"Schuylkill","8","324","Pennsylvania","4/27/20","267","57","42107","21.35"
"Snyder","1","33","Pennsylvania","4/27/20","28","5","42109","17.86"
"Somerset","1","25","Pennsylvania","4/27/20","19","6","42111","31.58"
"Sullivan","0","1","Pennsylvania","4/27/20","1","0","42113","0"
"Susquehanna","2","81","Pennsylvania","4/27/20","66","15","42115","22.73"
"Tioga","0","14","Pennsylvania","4/27/20","14","0","42117","0"
"Union","0","31","Pennsylvania","4/27/20","28","3","42119","10.71"
"Venango","0","7","Pennsylvania","4/27/20","6","1","42121","16.67"
"Warren","0","1","Pennsylvania","4/27/20","1","0","42123","0"
"Washington","3","107","Pennsylvania","4/27/20","83","24","42125","28.92"
"Wayne","1","93","Pennsylvania","4/27/20","85","8","42127","9.41"
"Westmoreland","13","377","Pennsylvania","4/27/20","286","91","42129","31.82"
"Wyoming","0","18","Pennsylvania","4/27/20","17","1","42131","5.88"
"York","16","606","Pennsylvania","4/27/20","493","113","42133","22.92"
"","20","1389","Puerto Rico","4/27/20","1252","137",,"10.94"
"Bristol","7","115","Rhode Island","4/27/20","67","48","44001","71.64"
"Kent","28","565","Rhode Island","4/27/20","366","199","44003","54.37"
"Newport","4","138","Rhode Island","4/27/20","107","31","44005","28.97"
"Providence","277","5427","Rhode Island","4/27/20","3491","1936","44007","55.46"
"Washington","15","303","Rhode Island","4/27/20","198","105","44009","53.03"
"Abbeville","2","29","South Carolina","4/27/20","17","12","45001","70.59"
"Aiken","3","92","South Carolina","4/27/20","70","22","45003","31.43"
"Allendale","0","8","South Carolina","4/27/20","6","2","45005","33.33"
"Anderson","2","149","South Carolina","4/27/20","134","15","45007","11.19"
"Bamberg","0","8","South Carolina","4/27/20","7","1","45009","14.29"
"Barnwell","1","15","South Carolina","4/27/20","6","9","45011","150"
"Beaufort","4","254","South Carolina","4/27/20","225","29","45013","12.89"
"Berkeley","5","171","South Carolina","4/27/20","138","33","45015","23.91"
"Calhoun","0","6","South Carolina","4/27/20","6","0","45017","0"
"Charleston","6","435","South Carolina","4/27/20","391","44","45019","11.25"
"Cherokee","0","15","South Carolina","4/27/20","14","1","45021","7.14"
"Chester","0","27","South Carolina","4/27/20","25","2","45023","8"
"Chesterfield","1","46","South Carolina","4/27/20","36","10","45025","27.78"
"Clarendon","9","185","South Carolina","4/27/20","120","65","45027","54.17"
"Colleton","0","26","South Carolina","4/27/20","23","3","45029","13.04"
"Darlington","5","107","South Carolina","4/27/20","69","38","45031","55.07"
"Dillon","3","44","South Carolina","4/27/20","22","22","45033","100"
"Dorchester","1","92","South Carolina","4/27/20","88","4","45035","4.55"
"Edgefield","2","25","South Carolina","4/27/20","12","13","45037","108.33"
"Fairfield","1","33","South Carolina","4/27/20","25","8","45039","32"
"Florence","16","268","South Carolina","4/27/20","153","115","45041","75.16"
"Georgetown","1","39","South Carolina","4/27/20","34","5","45043","14.71"
"Greenville","22","649","South Carolina","4/27/20","498","151","45045","30.32"
"Greenwood","1","45","South Carolina","4/27/20","37","8","45047","21.62"
"Hampton","0","22","South Carolina","4/27/20","21","1","45049","4.76"
"Horry","3","209","South Carolina","4/27/20","185","24","45051","12.97"
"Jasper","1","19","South Carolina","4/27/20","15","4","45053","26.67"
"Kershaw","3","223","South Carolina","4/27/20","201","22","45055","10.95"
"Lancaster","1","88","South Carolina","4/27/20","79","9","45057","11.39"
"Laurens","2","35","South Carolina","4/27/20","20","15","45059","75"
"Lee","2","55","South Carolina","4/27/20","42","13","45061","30.95"
"Lexington","9","334","South Carolina","4/27/20","274","60","45063","21.9"
"Marion","3","33","South Carolina","4/27/20","15","18","45067","120"
"Marlboro","2","41","South Carolina","4/27/20","29","12","45069","41.38"
"McCormick","0","6","South Carolina","4/27/20","6","0","45065","0"
"Newberry","0","23","South Carolina","4/27/20","21","2","45071","9.52"
"Oconee","1","24","South Carolina","4/27/20","17","7","45073","41.18"
"Orangeburg","2","60","South Carolina","4/27/20","44","16","45075","36.36"
"Pickens","2","53","South Carolina","4/27/20","39","14","45077","35.9"
"Richland","26","840","South Carolina","4/27/20","657","183","45079","27.85"
"Saluda","4","40","South Carolina","4/27/20","12","28","45081","233.33"
"Spartanburg","5","255","South Carolina","4/27/20","219","36","45083","16.44"
"Sumter","4","215","South Carolina","4/27/20","185","30","45085","16.22"
"Union","0","25","South Carolina","4/27/20","24","1","45087","4.17"
"Williamsburg","5","59","South Carolina","4/27/20","26","33","45089","126.92"
"York","4","186","South Carolina","4/27/20","159","27","45091","16.98"
"Aurora","0","1","South Dakota","4/27/20","1","0","46003","0"
"Beadle","0","21","South Dakota","4/27/20","21","0","46005","0"
"Bon Homme","0","4","South Dakota","4/27/20","4","0","46009","0"
"Brookings","0","12","South Dakota","4/27/20","9","3","46011","33.33"
"Brown","1","30","South Dakota","4/27/20","20","10","46013","50"
"Charles Mix","0","4","South Dakota","4/27/20","4","0","46023","0"
"Clark","0","1","South Dakota","4/27/20","1","0","46025","0"
"Clay","0","5","South Dakota","4/27/20","5","0","46027","0"
"Codington","0","14","South Dakota","4/27/20","13","1","46029","7.69"
"Corson","0","1","South Dakota","4/27/20","1","0","46031","0"
"Davison","0","5","South Dakota","4/27/20","3","2","46035","66.67"
"Deuel","0","1","South Dakota","4/27/20","1","0","46039","0"
"Fall River","0","1","South Dakota","4/27/20","1","0","46047","0"
"Faulk","0","1","South Dakota","4/27/20","1","0","46049","0"
"Hamlin","0","2","South Dakota","4/27/20","2","0","46057","0"
"Hand","0","1","South Dakota","4/27/20","0","1","46059","1"
"Hughes","0","7","South Dakota","4/27/20","5","2","46065","40"
"Hutchinson","0","3","South Dakota","4/27/20","2","1","46067","50"
"Hyde","0","1","South Dakota","4/27/20","1","0","46069","0"
"Jerauld","0","6","South Dakota","4/27/20","4","2","46073","50"
"Lake","0","4","South Dakota","4/27/20","3","1","46079","33.33"
"Lawrence","0","9","South Dakota","4/27/20","9","0","46081","0"
"Lincoln","5","131","South Dakota","4/27/20","95","36","46083","37.89"
"Lyman","0","2","South Dakota","4/27/20","2","0","46085","0"
"Marshall","0","1","South Dakota","4/27/20","1","0","46091","0"
"McCook","0","4","South Dakota","4/27/20","3","1","46087","33.33"
"McPherson","0","1","South Dakota","4/27/20","0","1","46089","1"
"Meade","0","1","South Dakota","4/27/20","1","0","46093","0"
"Miner","0","1","South Dakota","4/27/20","1","0","46097","0"
"Minnehaha","68","1880","South Dakota","4/27/20","1405","475","46099","33.81"
"Moody","0","3","South Dakota","4/27/20","1","2","46101","200"
"Oglala Lakota","0","1","South Dakota","4/27/20","1","0","46102","0"
"Pennington","0","12","South Dakota","4/27/20","11","1","46103","9.09"
"Roberts","0","4","South Dakota","4/27/20","4","0","46109","0"
"Sanborn","0","3","South Dakota","4/27/20","3","0","46111","0"
"Spink","0","3","South Dakota","4/27/20","3","0","46115","0"
"Stanley","0","2","South Dakota","4/27/20","0","2","46117","1"
"Sully","0","1","South Dakota","4/27/20","1","0","46119","0"
"Todd","0","1","South Dakota","4/27/20","1","0","46121","0"
"Turner","1","15","South Dakota","4/27/20","6","9","46125","150"
"Union","1","12","South Dakota","4/27/20","7","5","46127","71.43"
"Walworth","0","5","South Dakota","4/27/20","5","0","46129","0"
"Yankton","1","27","South Dakota","4/27/20","23","4","46135","17.39"
"Anderson","1","24","Tennessee","4/27/20","16","8","47001","50"
"Bedford","13","165","Tennessee","4/27/20","76","89","47003","117.11"
"Benton","0","6","Tennessee","4/27/20","4","2","47005","50"
"Bledsoe","83","588","Tennessee","4/27/20","10","578","47007","5780"
"Blount","1","54","Tennessee","4/27/20","46","8","47009","17.39"
"Bradley","1","45","Tennessee","4/27/20","37","8","47011","21.62"
"Campbell","0","14","Tennessee","4/27/20","13","1","47013","7.69"
"Cannon","0","11","Tennessee","4/27/20","8","3","47015","37.5"
"Carroll","0","16","Tennessee","4/27/20","15","1","47017","6.67"
"Carter","1","12","Tennessee","4/27/20","5","7","47019","140"
"Cheatham","2","39","Tennessee","4/27/20","22","17","47021","77.27"
"Chester","0","10","Tennessee","4/27/20","8","2","47023","25"
"Claiborne","0","5","Tennessee","4/27/20","5","0","47025","0"
"Clay","0","5","Tennessee","4/27/20","5","0","47027","0"
"Cocke","0","14","Tennessee","4/27/20","11","3","47029","27.27"
"Coffee","2","33","Tennessee","4/27/20","20","13","47031","65"
"Crockett","0","6","Tennessee","4/27/20","6","0","47033","0"
"Cumberland","1","68","Tennessee","4/27/20","58","10","47035","17.24"
"Davidson","95","2338","Tennessee","4/27/20","1675","663","47037","39.58"
"Decatur","0","4","Tennessee","4/27/20","4","0","47039","0"
"DeKalb","0","14","Tennessee","4/27/20","12","2","47041","16.67"
"Dickson","3","70","Tennessee","4/27/20","46","24","47043","52.17"
"Dyer","1","32","Tennessee","4/27/20","28","4","47045","14.29"
"Fayette","1","52","Tennessee","4/27/20","46","6","47047","13.04"
"Fentress","0","4","Tennessee","4/27/20","4","0","47049","0"
"Franklin","0","29","Tennessee","4/27/20","27","2","47051","7.41"
"Gibson","1","41","Tennessee","4/27/20","31","10","47053","32.26"
"Giles","0","5","Tennessee","4/27/20","5","0","47055","0"
"Grainger","0","6","Tennessee","4/27/20","4","2","47057","50"
"Greene","1","41","Tennessee","4/27/20","35","6","47059","17.14"
"Grundy","0","28","Tennessee","4/27/20","25","3","47061","12"
"Hamblen","1","16","Tennessee","4/27/20","8","8","47063","100"
"Hamilton","4","146","Tennessee","4/27/20","118","28","47065","23.73"
"Hardeman","1","11","Tennessee","4/27/20","7","4","47069","57.14"
"Hardin","0","5","Tennessee","4/27/20","4","1","47071","25"
"Hawkins","0","29","Tennessee","4/27/20","27","2","47073","7.41"
"Haywood","1","19","Tennessee","4/27/20","13","6","47075","46.15"
"Henderson","0","6","Tennessee","4/27/20","4","2","47077","50"
"Henry","0","11","Tennessee","4/27/20","9","2","47079","22.22"
"Hickman","6","42","Tennessee","4/27/20","2","40","47081","2000"
"Houston","0","4","Tennessee","4/27/20","4","0","47083","0"
"Humphreys","1","10","Tennessee","4/27/20","6","4","47085","66.67"
"Jackson","0","7","Tennessee","4/27/20","6","1","47087","16.67"
"Jefferson","0","18","Tennessee","4/27/20","16","2","47089","12.5"
"Johnson","0","3","Tennessee","4/27/20","2","1","47091","50"
"Knox","3","214","Tennessee","4/27/20","193","21","47093","10.88"
"Lake","6","49","Tennessee","4/27/20","4","45","47095","1125"
"Lauderdale","0","17","Tennessee","4/27/20","16","1","47097","6.25"
"Lawrence","0","17","Tennessee","4/27/20","15","2","47099","13.33"
"Lewis","0","2","Tennessee","4/27/20","2","0","47101","0"
"Lincoln","0","12","Tennessee","4/27/20","10","2","47103","20"
"Loudon","1","27","Tennessee","4/27/20","23","4","47105","17.39"
"Macon","1","39","Tennessee","4/27/20","34","5","47111","14.71"
"Madison","2","104","Tennessee","4/27/20","87","17","47113","19.54"
"Marion","0","28","Tennessee","4/27/20","28","0","47115","0"
"Marshall","1","22","Tennessee","4/27/20","16","6","47117","37.5"
"Maury","1","41","Tennessee","4/27/20","34","7","47119","20.59"
"McMinn","8","65","Tennessee","4/27/20","6","59","47107","983.33"
"McNairy","0","11","Tennessee","4/27/20","9","2","47109","22.22"
"Meigs","0","6","Tennessee","4/27/20","3","3","47121","100"
"Monroe","1","15","Tennessee","4/27/20","11","4","47123","36.36"
"Montgomery","2","138","Tennessee","4/27/20","122","16","47125","13.11"
"Moore","0","3","Tennessee","4/27/20","2","1","47127","50"
"Morgan","0","6","Tennessee","4/27/20","5","1","47129","20"
"Obion","0","12","Tennessee","4/27/20","9","3","47131","33.33"
"Out of TN","1","283","Tennessee","4/27/20","273","10","80047","3.66"
"Overton","0","8","Tennessee","4/27/20","7","1","47133","14.29"
"Perry","0","8","Tennessee","4/27/20","6","2","47135","33.33"
"Polk","0","7","Tennessee","4/27/20","5","2","47139","40"
"Putnam","3","114","Tennessee","4/27/20","96","18","47141","18.75"
"Rhea","0","3","Tennessee","4/27/20","2","1","47143","50"
"Roane","0","7","Tennessee","4/27/20","8","-1","47145","-12.5"
"Robertson","3","138","Tennessee","4/27/20","116","22","47147","18.97"
"Rutherford","14","423","Tennessee","4/27/20","328","95","47149","28.96"
"Scott","0","11","Tennessee","4/27/20","11","0","47151","0"
"Sequatchie","0","5","Tennessee","4/27/20","3","2","47153","66.67"
"Sevier","3","46","Tennessee","4/27/20","26","20","47155","76.92"
"Shelby","70","2327","Tennessee","4/27/20","1839","488","47157","26.54"
"Smith","1","19","Tennessee","4/27/20","14","5","47159","35.71"
"Stewart","0","7","Tennessee","4/27/20","6","1","47161","16.67"
"Sullivan","0","47","Tennessee","4/27/20","45","2","47163","4.44"
"Sumner","12","603","Tennessee","4/27/20","518","85","47165","16.41"
"Tipton","2","95","Tennessee","4/27/20","83","12","47167","14.46"
"Trousdale","4","48","Tennessee","4/27/20","21","27","47169","128.57"
"Unicoi","0","1","Tennessee","4/27/20","1","0","47171","0"
"Union","0","3","Tennessee","4/27/20","3","0","47173","0"
"Van Buren","0","2","Tennessee","4/27/20","1","1","47175","100"
"Warren","0","7","Tennessee","4/27/20","5","2","47177","40"
"Washington","1","54","Tennessee","4/27/20","46","8","47179","17.39"
"Wayne","0","2","Tennessee","4/27/20","2","0","47181","0"
"Weakley","1","18","Tennessee","4/27/20","8","10","47183","125"
"White","0","4","Tennessee","4/27/20","4","0","47185","0"
"Williamson","6","399","Tennessee","4/27/20","357","42","47187","11.76"
"Wilson","9","246","Tennessee","4/27/20","185","61","47189","32.97"
"Anderson","2","23","Texas","4/27/20","8","15","48001","187.5"
"Andrews","0","19","Texas","4/27/20","19","0","48003","0"
"Angelina","2","36","Texas","4/27/20","23","13","48005","56.52"
"Aransas","0","2","Texas","4/27/20","2","0","48007","0"
"Armstrong","0","2","Texas","4/27/20","1","1","48011","100"
"Atascosa","0","14","Texas","4/27/20","12","2","48013","16.67"
"Austin","0","12","Texas","4/27/20","12","0","48015","0"
"Bandera","0","6","Texas","4/27/20","4","2","48019","50"
"Bastrop","2","59","Texas","4/27/20","44","15","48021","34.09"
"Bee","0","6","Texas","4/27/20","5","1","48025","20"
"Bell","6","165","Texas","4/27/20","126","39","48027","30.95"
"Bexar","46","1334","Texas","4/27/20","1015","319","48029","31.43"
"Blanco","0","6","Texas","4/27/20","5","1","48031","20"
"Bosque","0","4","Texas","4/27/20","1","3","48035","300"
"Bowie","2","68","Texas","4/27/20","57","11","48037","19.3"
"Brazoria","19","449","Texas","4/27/20","315","134","48039","42.54"
"Brazos","2","182","Texas","4/27/20","170","12","48041","7.06"
"Brooks","0","1","Texas","4/27/20","0","1","48047","1"
"Brown","2","28","Texas","4/27/20","13","15","48049","115.38"
"Burleson","0","11","Texas","4/27/20","9","2","48051","22.22"
"Burnet","1","15","Texas","4/27/20","9","6","48053","66.67"
"Caldwell","0","11","Texas","4/27/20","8","3","48055","37.5"
"Calhoun","1","29","Texas","4/27/20","21","8","48057","38.1"
"Callahan","0","1","Texas","4/27/20","1","0","48059","0"
"Cameron","10","366","Texas","4/27/20","298","68","48061","22.82"
"Camp","0","6","Texas","4/27/20","6","0","48063","0"
"Carson","0","1","Texas","4/27/20","1","0","48065","0"
"Cass","0","13","Texas","4/27/20","11","2","48067","18.18"
"Castro","0","13","Texas","4/27/20","11","2","48069","18.18"
"Chambers","1","41","Texas","4/27/20","35","6","48071","17.14"
"Cherokee","0","12","Texas","4/27/20","10","2","48073","20"
"Childress","0","1","Texas","4/27/20","1","0","48075","0"
"Clay","0","3","Texas","4/27/20","3","0","48077","0"
"Cochran","0","1","Texas","4/27/20","0","1","48079","1"
"Coleman","0","1","Texas","4/27/20","0","1","48083","1"
"Collin","19","663","Texas","4/27/20","527","136","48085","25.81"
"Colorado","0","10","Texas","4/27/20","8","2","48089","25"
"Comal","1","48","Texas","4/27/20","43","5","48091","11.63"
"Comanche","0","4","Texas","4/27/20","4","0","48093","0"
"Concho","0","1","Texas","4/27/20","1","0","48095","0"
"Cooke","0","4","Texas","4/27/20","4","0","48097","0"
"Coryell","4","105","Texas","4/27/20","75","30","48099","40"
"Cottle","0","1","Texas","4/27/20","0","1","48101","1"
"Crane","0","2","Texas","4/27/20","2","0","48103","0"
"Crosby","0","2","Texas","4/27/20","1","1","48107","100"
"Dallam","1","8","Texas","4/27/20","3","5","48111","166.67"
"Dallas","72","3014","Texas","4/27/20","2512","502","48113","19.98"
"Dawson","1","21","Texas","4/27/20","13","8","48115","61.54"
"Deaf Smith","2","25","Texas","4/27/20","12","13","48117","108.33"
"Delta","0","1","Texas","4/27/20","1","0","48119","0"
"Denton","17","713","Texas","4/27/20","593","120","48121","20.24"
"DeWitt","0","15","Texas","4/27/20","13","2","48123","15.38"
"Dickens","0","1","Texas","4/27/20","1","0","48125","0"
"Dimmit","0","1","Texas","4/27/20","1","0","48127","0"
"Donley","0","24","Texas","4/27/20","23","1","48129","4.35"
"Duval","0","2","Texas","4/27/20","1","1","48131","100"
"Eastland","0","3","Texas","4/27/20","3","0","48133","0"
"Ector","2","70","Texas","4/27/20","58","12","48135","20.69"
"El Paso","39","802","Texas","4/27/20","531","271","48141","51.04"
"Ellis","6","133","Texas","4/27/20","90","43","48139","47.78"
"Erath","0","13","Texas","4/27/20","13","0","48143","0"
"Falls","0","3","Texas","4/27/20","1","2","48145","200"
"Fannin","1","16","Texas","4/27/20","8","8","48147","100"
"Fayette","0","15","Texas","4/27/20","15","0","48149","0"
"Floyd","0","3","Texas","4/27/20","2","1","48153","50"
"Fort Bend","24","952","Texas","4/27/20","783","169","48157","21.58"
"Franklin","0","1","Texas","4/27/20","1","0","48159","0"
"Freestone","0","3","Texas","4/27/20","3","0","48161","0"
"Frio","0","3","Texas","4/27/20","1","2","48163","200"
"Gaines","0","2","Texas","4/27/20","2","0","48165","0"
"Galveston","12","541","Texas","4/27/20","455","86","48167","18.9"
"Gillespie","0","1","Texas","4/27/20","1","0","48171","0"
"Goliad","0","7","Texas","4/27/20","5","2","48175","40"
"Gonzales","1","12","Texas","4/27/20","2","10","48177","500"
"Gray","3","37","Texas","4/27/20","17","20","48179","117.65"
"Grayson","1","23","Texas","4/27/20","19","4","48181","21.05"
"Gregg","2","66","Texas","4/27/20","52","14","48183","26.92"
"Grimes","1","15","Texas","4/27/20","10","5","48185","50"
"Guadalupe","2","69","Texas","4/27/20","58","11","48187","18.97"
"Hale","1","19","Texas","4/27/20","12","7","48189","58.33"
"Hamilton","0","5","Texas","4/27/20","5","0","48193","0"
"Hansford","0","4","Texas","4/27/20","1","3","48195","300"
"Hardin","2","92","Texas","4/27/20","75","17","48199","22.67"
"Harris","93","5628","Texas","4/27/20","4977","651","48201","13.08"
"Harrison","6","86","Texas","4/27/20","47","39","48203","82.98"
"Hartley","0","4","Texas","4/27/20","1","3","48205","300"
"Hays","3","148","Texas","4/27/20","128","20","48209","15.62"
"Hemphill","0","1","Texas","4/27/20","1","0","48211","0"
"Henderson","2","24","Texas","4/27/20","13","11","48213","84.62"
"Hidalgo","7","308","Texas","4/27/20","261","47","48215","18.01"
"Hill","1","15","Texas","4/27/20","10","5","48217","50"
"Hockley","1","20","Texas","4/27/20","16","4","48219","25"
"Hood","0","17","Texas","4/27/20","17","0","48221","0"
"Hopkins","0","4","Texas","4/27/20","4","0","48223","0"
"Houston","0","6","Texas","4/27/20","3","3","48225","100"
"Howard","0","4","Texas","4/27/20","1","3","48227","300"
"Hunt","1","41","Texas","4/27/20","32","9","48231","28.12"
"Hutchinson","1","13","Texas","4/27/20","8","5","48233","62.5"
"Jack","0","4","Texas","4/27/20","3","1","48237","33.33"
"Jackson","0","6","Texas","4/27/20","4","2","48239","50"
"Jasper","1","14","Texas","4/27/20","9","5","48241","55.56"
"Jefferson","13","268","Texas","4/27/20","180","88","48245","48.89"
"Jim Hogg","0","1","Texas","4/27/20","0","1","48247","1"
"Jim Wells","0","3","Texas","4/27/20","2","1","48249","50"
"Johnson","2","58","Texas","4/27/20","41","17","48251","41.46"
"Jones","1","13","Texas","4/27/20","4","9","48253","225"
"Karnes","0","3","Texas","4/27/20","3","0","48255","0"
"Kaufman","4","74","Texas","4/27/20","44","30","48257","68.18"
"Kendall","0","16","Texas","4/27/20","14","2","48259","14.29"
"Kerr","0","6","Texas","4/27/20","4","2","48265","50"
"Kleberg","0","9","Texas","4/27/20","6","3","48273","50"
"Knox","0","1","Texas","4/27/20","1","0","48275","0"
"La Salle","0","1","Texas","4/27/20","1","0","48283","0"
"Lamar","0","8","Texas","4/27/20","7","1","48277","14.29"
"Lamb","0","3","Texas","4/27/20","2","1","48279","50"
"Lampasas","0","2","Texas","4/27/20","2","0","48281","0"
"Lavaca","0","5","Texas","4/27/20","4","1","48285","25"
"Lee","0","2","Texas","4/27/20","2","0","48287","0"
"Leon","0","5","Texas","4/27/20","5","0","48289","0"
"Liberty","1","38","Texas","4/27/20","32","6","48291","18.75"
"Limestone","0","12","Texas","4/27/20","11","1","48293","9.09"
"Live Oak","0","5","Texas","4/27/20","3","2","48297","66.67"
"Llano","0","3","Texas","4/27/20","3","0","48299","0"
"Lubbock","10","499","Texas","4/27/20","430","69","48303","16.05"
"Lynn","0","5","Texas","4/27/20","5","0","48305","0"
"Madison","0","2","Texas","4/27/20","2","0","48313","0"
"Marion","1","9","Texas","4/27/20","3","6","48315","200"
"Martin","0","2","Texas","4/27/20","2","0","48317","0"
"Mason","1","5","Texas","4/27/20","1","4","48319","400"
"Matagorda","1","59","Texas","4/27/20","55","4","48321","7.27"
"Maverick","1","16","Texas","4/27/20","12","4","48323","33.33"
"McCulloch","0","3","Texas","4/27/20","3","0","48307","0"
"McLennan","1","82","Texas","4/27/20","76","6","48309","7.89"
"Medina","1","19","Texas","4/27/20","15","4","48325","26.67"
"Midland","4","73","Texas","4/27/20","43","30","48329","69.77"
"Milam","0","13","Texas","4/27/20","12","1","48331","8.33"
"Mitchell","0","1","Texas","4/27/20","1","0","48335","0"
"Montague","0","6","Texas","4/27/20","5","1","48337","20"
"Montgomery","22","530","Texas","4/27/20","377","153","48339","40.58"
"Moore","22","272","Texas","4/27/20","121","151","48341","124.79"
"Morris","0","5","Texas","4/27/20","5","0","48343","0"
"Motley","0","1","Texas","4/27/20","1","0","48345","0"
"Nacogdoches","5","125","Texas","4/27/20","91","34","48347","37.36"
"Navarro","1","28","Texas","4/27/20","20","8","48349","40"
"Newton","0","2","Texas","4/27/20","2","0","48351","0"
"Nolan","0","1","Texas","4/27/20","0","1","48353","1"
"Nueces","1","94","Texas","4/27/20","90","4","48355","4.44"
"Ochiltree","1","5","Texas","4/27/20","0","5","48357","1"
"Oldham","0","3","Texas","4/27/20","3","0","48359","0"
"Orange","2","64","Texas","4/27/20","53","11","48361","20.75"
"Palo Pinto","0","7","Texas","4/27/20","7","0","48363","0"
"Panola","6","78","Texas","4/27/20","38","40","48365","105.26"
"Parker","0","24","Texas","4/27/20","21","3","48367","14.29"
"Parmer","0","4","Texas","4/27/20","1","3","48369","300"
"Pecos","1","9","Texas","4/27/20","5","4","48371","80"
"Polk","1","18","Texas","4/27/20","14","4","48373","28.57"
"Potter","27","333","Texas","4/27/20","142","191","48375","134.51"
"Rains","0","2","Texas","4/27/20","2","0","48379","0"
"Randall","9","172","Texas","4/27/20","112","60","48381","53.57"
"Red River","0","1","Texas","4/27/20","1","0","48387","0"
"Reeves","0","2","Texas","4/27/20","2","0","48389","0"
"Roberts","0","2","Texas","4/27/20","2","0","48393","0"
"Robertson","0","2","Texas","4/27/20","2","0","48395","0"
"Rockwall","2","56","Texas","4/27/20","41","15","48397","36.59"
"Rusk","1","32","Texas","4/27/20","28","4","48401","14.29"
"Sabine","0","1","Texas","4/27/20","1","0","48403","0"
"San Augustine","0","16","Texas","4/27/20","14","2","48405","14.29"
"San Jacinto","0","10","Texas","4/27/20","10","0","48407","0"
"San Patricio","1","12","Texas","4/27/20","8","4","48409","50"
"Scurry","0","2","Texas","4/27/20","2","0","48415","0"
"Shelby","5","98","Texas","4/27/20","60","38","48419","63.33"
"Sherman","1","14","Texas","4/27/20","7","7","48421","100"
"Smith","2","134","Texas","4/27/20","121","13","48423","10.74"
"Starr","0","7","Texas","4/27/20","7","0","48427","0"
"Stephens","0","1","Texas","4/27/20","1","0","48429","0"
"Swisher","1","9","Texas","4/27/20","5","4","48437","80"
"Tarrant","101","1947","Texas","4/27/20","1242","705","48439","56.76"
"Taylor","11","222","Texas","4/27/20","144","78","48441","54.17"
"Terry","0","10","Texas","4/27/20","10","0","48445","0"
"Titus","1","15","Texas","4/27/20","9","6","48449","66.67"
"Tom Green","0","44","Texas","4/27/20","41","3","48451","7.32"
"Travis","43","1412","Texas","4/27/20","1108","304","48453","27.44"
"Trinity","0","8","Texas","4/27/20","7","1","48455","14.29"
"Tyler","0","6","Texas","4/27/20","6","0","48457","0"
"Upshur","1","13","Texas","4/27/20","9","4","48459","44.44"
"Uvalde","0","6","Texas","4/27/20","6","0","48463","0"
"Val Verde","0","13","Texas","4/27/20","12","1","48465","8.33"
"Van Zandt","0","13","Texas","4/27/20","12","1","48467","8.33"
"Victoria","4","121","Texas","4/27/20","93","28","48469","30.11"
"Walker","17","192","Texas","4/27/20","73","119","48471","163.01"
"Waller","1","29","Texas","4/27/20","24","5","48473","20.83"
"Washington","7","113","Texas","4/27/20","61","52","48477","85.25"
"Webb","9","345","Texas","4/27/20","280","65","48479","23.21"
"Wharton","0","37","Texas","4/27/20","34","3","48481","8.82"
"Wheeler","1","5","Texas","4/27/20","0","5","48483","1"
"Wichita","0","62","Texas","4/27/20","60","2","48485","3.33"
"Wilbarger","0","1","Texas","4/27/20","1","0","48487","0"
"Willacy","1","13","Texas","4/27/20","8","5","48489","62.5"
"Williamson","15","262","Texas","4/27/20","155","107","48491","69.03"
"Wilson","1","29","Texas","4/27/20","21","8","48493","38.1"
"Winkler","0","3","Texas","4/27/20","3","0","48495","0"
"Wise","1","15","Texas","4/27/20","9","6","48497","66.67"
"Wood","0","7","Texas","4/27/20","6","1","48499","16.67"
"Yoakum","0","1","Texas","4/27/20","1","0","48501","0"
"Young","0","4","Texas","4/27/20","4","0","48503","0"
"Zapata","0","7","Texas","4/27/20","6","1","48505","16.67"
"Zavala","0","1","Texas","4/27/20","1","0","48507","0"
"Bear River","1","60","Utah","4/27/20","55","5","00000","9.09"
"Central Utah","1","22","Utah","4/27/20","17","5","00000","29.41"
"Davis","5","276","Utah","4/27/20","242","34","49011","14.05"
"Salt Lake","74","2190","Utah","4/27/20","1671","519","49035","31.06"
"San Juan","2","45","Utah","4/27/20","29","16","49037","55.17"
"Southeast Utah","1","13","Utah","4/27/20","7","6","00000","85.71"
"Southwest Utah","3","89","Utah","4/27/20","70","19","00000","27.14"
"Summit","4","358","Utah","4/27/20","331","27","49043","8.16"
"Tooele","2","56","Utah","4/27/20","41","15","49045","36.59"
"TriCounty","0","11","Utah","4/27/20","10","1","00000","10"
"Utah","47","828","Utah","4/27/20","498","330","49049","66.27"
"Wasatch","3","140","Utah","4/27/20","118","22","49051","18.64"
"Weber-Morgan","3","148","Utah","4/27/20","124","24","00000","19.35"
"Addison","0","61","Vermont","4/27/20","61","0","50001","0"
"Bennington","0","40","Vermont","4/27/20","37","3","50003","8.11"
"Caledonia","0","13","Vermont","4/27/20","12","1","50005","8.33"
"Chittenden","4","414","Vermont","4/27/20","385","29","50007","7.53"
"Essex","0","2","Vermont","4/27/20","2","0","50009","0"
"Franklin","0","91","Vermont","4/27/20","93","-2","50011","-2.15"
"Grand Isle","0","3","Vermont","4/27/20","3","0","50013","0"
"Lamoille","0","26","Vermont","4/27/20","23","3","50015","13.04"
"Orange","0","7","Vermont","4/27/20","5","2","50017","40"
"Orleans","0","9","Vermont","4/27/20","9","0","50019","0"
"Rutland","0","44","Vermont","4/27/20","43","1","50021","2.33"
"Washington","0","32","Vermont","4/27/20","32","0","50023","0"
"Windham","1","70","Vermont","4/27/20","63","7","50025","11.11"
"Windsor","0","40","Vermont","4/27/20","37","3","50027","8.11"
"","1","57","Virgin Islands","4/27/20","53","4",,"7.55"
"Accomack","20","195","Virginia","4/27/20","52","143","51001","275"
"Albemarle","2","77","Virginia","4/27/20","61","16","51003","26.23"
"Alexandria","29","627","Virginia","4/27/20","421","206","51510","48.93"
"Alleghany","0","5","Virginia","4/27/20","5","0","51005","0"
"Amelia","0","15","Virginia","4/27/20","14","1","51007","7.14"
"Amherst","0","9","Virginia","4/27/20","10","-1","51009","-10"
"Appomattox","1","17","Virginia","4/27/20","7","10","51011","142.86"
"Arlington","35","836","Virginia","4/27/20","593","243","51013","40.98"
"Augusta","2","36","Virginia","4/27/20","24","12","51015","50"
"Bedford","1","25","Virginia","4/27/20","18","7","51019","38.89"
"Botetourt","0","27","Virginia","4/27/20","24","3","51023","12.5"
"Bristol","0","1","Virginia","4/27/20","1","0","51520","0"
"Brunswick","0","14","Virginia","4/27/20","12","2","51025","16.67"
"Buchanan","0","14","Virginia","4/27/20","12","2","51027","16.67"
"Buckingham","3","45","Virginia","4/27/20","26","19","51029","73.08"
"Buena Vista","0","5","Virginia","4/27/20","5","0","51530","0"
"Campbell","0","11","Virginia","4/27/20","9","2","51031","22.22"
"Caroline","1","21","Virginia","4/27/20","14","7","51033","50"
"Carroll","0","4","Virginia","4/27/20","3","1","51035","33.33"
"Charles City","0","13","Virginia","4/27/20","11","2","51036","18.18"
"Charlotte","0","7","Virginia","4/27/20","8","-1","51037","-12.5"
"Charlottesville","1","50","Virginia","4/27/20","41","9","51540","21.95"
"Chesapeake","7","214","Virginia","4/27/20","166","48","51550","28.92"
"Chesterfield","18","457","Virginia","4/27/20","331","126","51041","38.07"
"Clarke","0","7","Virginia","4/27/20","6","1","51043","16.67"
"Colonial Heights","3","45","Virginia","4/27/20","26","19","51570","73.08"
"Covington","0","1","Virginia","4/27/20","1","0","51580","0"
"Craig","0","2","Virginia","4/27/20","2","0","51045","0"
"Culpeper","9","113","Virginia","4/27/20","51","62","51047","121.57"
"Cumberland","0","10","Virginia","4/27/20","10","0","51049","0"
"Danville","1","33","Virginia","4/27/20","28","5","51590","17.86"
"Dinwiddie","1","15","Virginia","4/27/20","8","7","51053","87.5"
"Emporia","1","20","Virginia","4/27/20","11","9","51595","81.82"
"Essex","1","6","Virginia","4/27/20","2","4","51057","200"
"Fairfax","154","3002","Virginia","4/27/20","1925","1077","51059","55.95"
"Fairfax City","1","27","Virginia","4/27/20","21","6","51600","28.57"
"Falls Church","0","26","Virginia","4/27/20","24","2","51610","8.33"
"Fauquier","8","96","Virginia","4/27/20","41","55","51061","134.15"
"Floyd","0","1","Virginia","4/27/20","1","0","51063","0"
"Fluvanna","1","73","Virginia","4/27/20","68","5","51065","7.35"
"Franklin","0","19","Virginia","4/27/20","16","3","51067","18.75"
"Franklin City","1","16","Virginia","4/27/20","12","4","51620","33.33"
"Frederick","2","95","Virginia","4/27/20","81","14","51069","17.28"
"Fredericksburg","1","24","Virginia","4/27/20","17","7","51630","41.18"
"Galax","0","4","Virginia","4/27/20","1","3","51640","300"
"Giles","0","4","Virginia","4/27/20","4","0","51071","0"
"Gloucester","0","22","Virginia","4/27/20","21","1","51073","4.76"
"Goochland","2","72","Virginia","4/27/20","58","14","51075","24.14"
"Greene","0","10","Virginia","4/27/20","8","2","51079","25"
"Greensville","2","36","Virginia","4/27/20","21","15","51081","71.43"
"Halifax","1","17","Virginia","4/27/20","10","7","51083","70"
"Hampton","3","108","Virginia","4/27/20","90","18","51650","20"
"Hanover","2","108","Virginia","4/27/20","91","17","51085","18.68"
"Harrisonburg","19","383","Virginia","4/27/20","252","131","51660","51.98"
"Henrico","31","817","Virginia","4/27/20","598","219","51087","36.62"
"Henry","1","15","Virginia","4/27/20","10","5","51089","50"
"Highland","0","1","Virginia","4/27/20","0","1","51091","1"
"Hopewell","1","24","Virginia","4/27/20","16","8","51670","50"
"Isle of Wight","1","93","Virginia","4/27/20","86","7","51093","8.14"
"James City","2","154","Virginia","4/27/20","141","13","51095","9.22"
"King and Queen","0","2","Virginia","4/27/20","2","0","51097","0"
"King George","1","28","Virginia","4/27/20","18","10","51099","55.56"
"King William","0","5","Virginia","4/27/20","2","3","51101","150"
"Lancaster","0","1","Virginia","4/27/20","1","0","51103","0"
"Lee","0","8","Virginia","4/27/20","7","1","51105","14.29"
"Lexington","0","3","Virginia","4/27/20","3","0","51678","0"
"Loudoun","26","628","Virginia","4/27/20","446","182","51107","40.81"
"Louisa","1","41","Virginia","4/27/20","33","8","51109","24.24"
"Lunenburg","0","4","Virginia","4/27/20","3","1","51111","33.33"
"Lynchburg","2","51","Virginia","4/27/20","38","13","51680","34.21"
"Madison","1","14","Virginia","4/27/20","8","6","51113","75"
"Manassas","10","165","Virginia","4/27/20","96","69","51683","71.88"
"Manassas Park","3","50","Virginia","4/27/20","30","20","51685","66.67"
"Mathews","0","4","Virginia","4/27/20","3","1","51115","33.33"
"Mecklenburg","5","98","Virginia","4/27/20","65","33","51117","50.77"
"Middlesex","0","4","Virginia","4/27/20","3","1","51119","33.33"
"Montgomery","1","54","Virginia","4/27/20","44","10","51121","22.73"
"Nelson","0","7","Virginia","4/27/20","5","2","51125","40"
"New Kent","0","20","Virginia","4/27/20","18","2","51127","11.11"
"Newport News","1","112","Virginia","4/27/20","102","10","51700","9.8"
"Norfolk","10","184","Virginia","4/27/20","113","71","51710","62.83"
"Northampton","3","28","Virginia","4/27/20","7","21","51131","300"
"Northumberland","0","8","Virginia","4/27/20","5","3","51133","60"
"Norton","0","2","Virginia","4/27/20","2","0","51720","0"
"Nottoway","0","11","Virginia","4/27/20","8","3","51135","37.5"
"Orange","1","26","Virginia","4/27/20","21","5","51137","23.81"
"Page","10","87","Virginia","4/27/20","14","73","51139","521.43"
"Patrick","0","2","Virginia","4/27/20","0","2","51141","1"
"Petersburg","1","30","Virginia","4/27/20","21","9","51730","42.86"
"Pittsylvania","1","11","Virginia","4/27/20","6","5","51143","83.33"
"Poquoson","0","6","Virginia","4/27/20","6","0","51735","0"
"Portsmouth","7","114","Virginia","4/27/20","65","49","51740","75.38"
"Powhatan","0","11","Virginia","4/27/20","8","3","51145","37.5"
"Prince Edward","3","41","Virginia","4/27/20","17","24","51147","141.18"
"Prince George","0","31","Virginia","4/27/20","28","3","51149","10.71"
"Prince William","80","1353","Virginia","4/27/20","793","560","51153","70.62"
"Pulaski","0","10","Virginia","4/27/20","8","2","51155","25"
"Radford","0","3","Virginia","4/27/20","1","2","51750","200"
"Rappahannock","0","2","Virginia","4/27/20","1","1","51157","100"
"Richmond","18","132","Virginia","4/27/20","9","123","51159","1366.67"
"Richmond City","10","304","Virginia","4/27/20","236","68","51760","28.81"
"Roanoke","2","41","Virginia","4/27/20","24","17","51161","70.83"
"Roanoke City","1","33","Virginia","4/27/20","24","9","51770","37.5"
"Rockbridge","0","5","Virginia","4/27/20","5","0","51163","0"
"Rockingham","12","193","Virginia","4/27/20","106","87","51165","82.08"
"Russell","0","3","Virginia","4/27/20","2","1","51167","50"
"Salem","1","11","Virginia","4/27/20","6","5","51775","83.33"
"Scott","0","6","Virginia","4/27/20","4","2","51169","50"
"Shenandoah","5","78","Virginia","4/27/20","41","37","51171","90.24"
"Smyth","0","13","Virginia","4/27/20","13","0","51173","0"
"Southampton","14","115","Virginia","4/27/20","17","98","51175","576.47"
"Spotsylvania","6","119","Virginia","4/27/20","77","42","51177","54.55"
"Stafford","8","218","Virginia","4/27/20","161","57","51179","35.4"
"Staunton","0","10","Virginia","4/27/20","8","2","51790","25"
"Suffolk","8","147","Virginia","4/27/20","92","55","51800","59.78"
"Surry","0","4","Virginia","4/27/20","4","0","51181","0"
"Sussex","3","30","Virginia","4/27/20","12","18","51183","150"
"Tazewell","0","5","Virginia","4/27/20","4","1","51185","25"
"Virginia Beach","11","355","Virginia","4/27/20","281","74","51810","26.33"
"Warren","3","44","Virginia","4/27/20","24","20","51187","83.33"
"Washington","1","34","Virginia","4/27/20","29","5","51191","17.24"
"Waynesboro","0","11","Virginia","4/27/20","8","3","51820","37.5"
"Westmoreland","1","20","Virginia","4/27/20","10","10","51193","100"
"Williamsburg","-1","15","Virginia","4/27/20","19","-4","51830","-21.05"
"Winchester","1","33","Virginia","4/27/20","25","8","51840","32"
"Wise","0","21","Virginia","4/27/20","18","3","51195","16.67"
"Wythe","0","11","Virginia","4/27/20","10","1","51197","10"
"York","0","44","Virginia","4/27/20","44","0","51199","0"
"Adams","1","46","Washington","4/27/20","41","5","53001","12.2"
"Asotin","1","17","Washington","4/27/20","13","4","53003","30.77"
"Benton","14","409","Washington","4/27/20","314","95","53005","30.25"
"Chelan","3","93","Washington","4/27/20","75","18","53007","24"
"Clallam","0","15","Washington","4/27/20","14","1","53009","7.14"
"Clark","2","308","Washington","4/27/20","296","12","53011","4.05"
"Columbia","0","1","Washington","4/27/20","1","0","53013","0"
"Cowlitz","1","39","Washington","4/27/20","32","7","53015","21.88"
"Douglas","6","75","Washington","4/27/20","32","43","53017","134.38"
"Ferry","0","1","Washington","4/27/20","1","0","53019","0"
"Franklin","9","256","Washington","4/27/20","191","65","53021","34.03"
"Grant","1","152","Washington","4/27/20","143","9","53025","6.29"
"Grays Harbor","0","12","Washington","4/27/20","12","0","53027","0"
"Island","0","164","Washington","4/27/20","166","-2","53029","-1.2"
"Jefferson","0","28","Washington","4/27/20","28","0","53031","0"
"King","110","5945","Washington","4/27/20","5174","771","53033","14.9"
"Kitsap","1","147","Washington","4/27/20","138","9","53035","6.52"
"Kittitas","0","14","Washington","4/27/20","14","0","53037","0"
"Klickitat","0","16","Washington","4/27/20","16","0","53039","0"
"Lewis","1","29","Washington","4/27/20","21","8","53041","38.1"
"Lincoln","0","2","Washington","4/27/20","2","0","53043","0"
"Mason","0","23","Washington","4/27/20","22","1","53045","4.55"
"Okanogan","1","20","Washington","4/27/20","14","6","53047","42.86"
"Pacific","0","4","Washington","4/27/20","3","1","53049","33.33"
"Pend Oreille","0","2","Washington","4/27/20","2","0","53051","0"
"Pierce","11","1263","Washington","4/27/20","1188","75","53053","6.31"
"San Juan","0","14","Washington","4/27/20","15","-1","53055","-6.67"
"Skagit","9","305","Washington","4/27/20","245","60","53057","24.49"
"Skamania","0","3","Washington","4/27/20","3","0","53059","0"
"Snohomish","24","2332","Washington","4/27/20","2163","169","53061","7.81"
"Spokane","5","347","Washington","4/27/20","313","34","53063","10.86"
"Stevens","0","9","Washington","4/27/20","8","1","53065","12.5"
"Thurston","1","100","Washington","4/27/20","94","6","53067","6.38"
"Wahkiakum","0","2","Washington","4/27/20","2","0","53069","0"
"Walla Walla","3","55","Washington","4/27/20","33","22","53071","66.67"
"Whatcom","1","287","Washington","4/27/20","278","9","53073","3.24"
"Whitman","0","14","Washington","4/27/20","13","1","53075","7.69"
"Yakima","28","1034","Washington","4/27/20","835","199","53077","23.83"
"Barbour","0","4","West Virginia","4/27/20","4","0","54001","0"
"Berkeley","3","133","West Virginia","4/27/20","111","22","54003","19.82"
"Boone","0","2","West Virginia","4/27/20","2","0","54005","0"
"Braxton","0","2","West Virginia","4/27/20","1","1","54007","100"
"Brooke","0","4","West Virginia","4/27/20","3","1","54009","33.33"
"Cabell","1","41","West Virginia","4/27/20","34","7","54011","20.59"
"Fayette","1","10","West Virginia","4/27/20","5","5","54019","100"
"Gilmer","0","2","West Virginia","4/27/20","0","2","54021","1"
"Grant","0","1","West Virginia","4/27/20","1","0","54023","0"
"Greenbrier","0","3","West Virginia","4/27/20","3","0","54025","0"
"Hampshire","0","7","West Virginia","4/27/20","6","1","54027","16.67"
"Hancock","0","8","West Virginia","4/27/20","7","1","54029","14.29"
"Hardy","0","3","West Virginia","4/27/20","3","0","54031","0"
"Harrison","0","30","West Virginia","4/27/20","30","0","54033","0"
"Jackson","4","127","West Virginia","4/27/20","101","26","54035","25.74"
"Jefferson","2","72","West Virginia","4/27/20","61","11","54037","18.03"
"Kanawha","4","155","West Virginia","4/27/20","128","27","54039","21.09"
"Lewis","0","4","West Virginia","4/27/20","2","2","54041","100"
"Lincoln","0","1","West Virginia","4/27/20","1","0","54043","0"
"Logan","1","12","West Virginia","4/27/20","8","4","54045","50"
"Marion","0","45","West Virginia","4/27/20","44","1","54049","2.27"
"Marshall","0","11","West Virginia","4/27/20","8","3","54051","37.5"
"Mason","0","11","West Virginia","4/27/20","11","0","54053","0"
"McDowell","0","6","West Virginia","4/27/20","6","0","54047","0"
"Mercer","0","9","West Virginia","4/27/20","8","1","54055","12.5"
"Mineral","1","15","West Virginia","4/27/20","8","7","54057","87.5"
"Mingo","0","2","West Virginia","4/27/20","2","0","54059","0"
"Monongalia","2","102","West Virginia","4/27/20","90","12","54061","13.33"
"Monroe","0","5","West Virginia","4/27/20","5","0","54063","0"
"Morgan","0","9","West Virginia","4/27/20","9","0","54065","0"
"Nicholas","0","6","West Virginia","4/27/20","4","2","54067","50"
"Ohio","1","26","West Virginia","4/27/20","22","4","54069","18.18"
"Pendleton","0","3","West Virginia","4/27/20","2","1","54071","50"
"Pleasants","0","2","West Virginia","4/27/20","2","0","54073","0"
"Pocahontas","0","1","West Virginia","4/27/20","0","1","54075","1"
"Preston","0","13","West Virginia","4/27/20","10","3","54077","30"
"Putnam","1","18","West Virginia","4/27/20","14","4","54079","28.57"
"Raleigh","0","8","West Virginia","4/27/20","7","1","54081","14.29"
"Randolph","0","4","West Virginia","4/27/20","4","0","54083","0"
"Roane","0","4","West Virginia","4/27/20","3","1","54087","33.33"
"Summers","0","1","West Virginia","4/27/20","1","0","54089","0"
"Taylor","0","6","West Virginia","4/27/20","5","1","54091","20"
"Tucker","0","4","West Virginia","4/27/20","4","0","54093","0"
"Tyler","0","3","West Virginia","4/27/20","3","0","54095","0"
"Upshur","0","4","West Virginia","4/27/20","4","0","54097","0"
"Wayne","1","82","West Virginia","4/27/20","78","4","54099","5.13"
"Wetzel","0","3","West Virginia","4/27/20","3","0","54103","0"
"Wirt","0","3","West Virginia","4/27/20","2","1","54105","50"
"Wood","1","35","West Virginia","4/27/20","31","4","54107","12.9"
"Wyoming","0","1","West Virginia","4/27/20","1","0","54109","0"
"Adams","0","4","Wisconsin","4/27/20","4","0","55001","0"
"Ashland","0","2","Wisconsin","4/27/20","2","0","55003","0"
"Barron","0","6","Wisconsin","4/27/20","6","0","55005","0"
"Bayfield","0","3","Wisconsin","4/27/20","3","0","55007","0"
"Brown","81","853","Wisconsin","4/27/20","285","568","55009","199.3"
"Buffalo","0","4","Wisconsin","4/27/20","4","0","55011","0"
"Calumet","0","9","Wisconsin","4/27/20","6","3","55015","50"
"Chippewa","0","20","Wisconsin","4/27/20","20","0","55017","0"
"Clark","0","19","Wisconsin","4/27/20","16","3","55019","18.75"
"Columbia","0","27","Wisconsin","4/27/20","27","0","55021","0"
"Crawford","0","3","Wisconsin","4/27/20","3","0","55023","0"
"Dane","7","412","Wisconsin","4/27/20","364","48","55025","13.19"
"Dodge","2","30","Wisconsin","4/27/20","19","11","55027","57.89"
"Door","0","10","Wisconsin","4/27/20","9","1","55029","11.11"
"Douglas","0","9","Wisconsin","4/27/20","8","1","55031","12.5"
"Dunn","0","9","Wisconsin","4/27/20","9","0","55033","0"
"Eau Claire","0","25","Wisconsin","4/27/20","22","3","55035","13.64"
"Florence","0","2","Wisconsin","4/27/20","2","0","55037","0"
"Fond du Lac","1","69","Wisconsin","4/27/20","65","4","55039","6.15"
"Grant","1","31","Wisconsin","4/27/20","23","8","55043","34.78"
"Green","0","11","Wisconsin","4/27/20","9","2","55045","22.22"
"Green Lake","0","2","Wisconsin","4/27/20","1","1","55047","100"
"Iowa","0","7","Wisconsin","4/27/20","6","1","55049","16.67"
"Iron","0","2","Wisconsin","4/27/20","2","0","55051","0"
"Jackson","0","12","Wisconsin","4/27/20","12","0","55053","0"
"Jefferson","1","39","Wisconsin","4/27/20","32","7","55055","21.88"
"Juneau","0","13","Wisconsin","4/27/20","10","3","55057","30"
"Kenosha","12","340","Wisconsin","4/27/20","257","83","55059","32.3"
"Kewaunee","0","10","Wisconsin","4/27/20","8","2","55061","25"
"La Crosse","0","26","Wisconsin","4/27/20","25","1","55063","4"
"Lafayette","0","4","Wisconsin","4/27/20","3","1","55065","33.33"
"Manitowoc","1","11","Wisconsin","4/27/20","7","4","55071","57.14"
"Marathon","0","17","Wisconsin","4/27/20","17","0","55073","0"
"Marinette","0","7","Wisconsin","4/27/20","5","2","55075","40"
"Marquette","0","3","Wisconsin","4/27/20","3","0","55077","0"
"Menominee","0","1","Wisconsin","4/27/20","1","0","55078","0"
"Milwaukee","69","2674","Wisconsin","4/27/20","2191","483","55079","22.04"
"Monroe","0","14","Wisconsin","4/27/20","13","1","55081","7.69"
"Oconto","0","8","Wisconsin","4/27/20","5","3","55083","60"
"Oneida","0","6","Wisconsin","4/27/20","6","0","55085","0"
"Outagamie","2","47","Wisconsin","4/27/20","35","12","55087","34.29"
"Ozaukee","1","86","Wisconsin","4/27/20","80","6","55089","7.5"
"Pierce","0","9","Wisconsin","4/27/20","7","2","55093","28.57"
"Polk","0","4","Wisconsin","4/27/20","4","0","55095","0"
"Portage","0","4","Wisconsin","4/27/20","4","0","55097","0"
"Price","0","1","Wisconsin","4/27/20","1","0","55099","0"
"Racine","14","273","Wisconsin","4/27/20","174","99","55101","56.9"
"Richland","0","11","Wisconsin","4/27/20","8","3","55103","37.5"
"Rock","12","164","Wisconsin","4/27/20","80","84","55105","105"
"Rusk","0","4","Wisconsin","4/27/20","4","0","55107","0"
"Sauk","1","42","Wisconsin","4/27/20","34","8","55111","23.53"
"Sawyer","0","3","Wisconsin","4/27/20","2","1","55113","50"
"Shawano","0","8","Wisconsin","4/27/20","6","2","55115","33.33"
"Sheboygan","0","46","Wisconsin","4/27/20","43","3","55117","6.98"
"St. Croix","0","13","Wisconsin","4/27/20","11","2","55109","18.18"
"Trempealeau","0","2","Wisconsin","4/27/20","1","1","55121","100"
"Vernon","0","1","Wisconsin","4/27/20","0","1","55123","1"
"Vilas","0","4","Wisconsin","4/27/20","4","0","55125","0"
"Walworth","7","138","Wisconsin","4/27/20","86","52","55127","60.47"
"Washburn","0","1","Wisconsin","4/27/20","1","0","55129","0"
"Washington","1","94","Wisconsin","4/27/20","86","8","55131","9.3"
"Waukesha","6","313","Wisconsin","4/27/20","269","44","55133","16.36"
"Waupaca","0","7","Wisconsin","4/27/20","4","3","55135","75"
"Waushara","0","2","Wisconsin","4/27/20","2","0","55137","0"
"Winnebago","1","48","Wisconsin","4/27/20","41","7","55139","17.07"
"Wood","0","2","Wisconsin","4/27/20","2","0","55141","0"
"Albany","0","7","Wyoming","4/27/20","6","1","56001","16.67"
"Big Horn","0","2","Wyoming","4/27/20","1","1","56003","100"
"Campbell","1","23","Wyoming","4/27/20","13","10","56005","76.92"
"Carbon","0","4","Wyoming","4/27/20","4","0","56007","0"
"Converse","1","17","Wyoming","4/27/20","9","8","56009","88.89"
"Crook","0","5","Wyoming","4/27/20","4","1","56011","25"
"Fremont","8","106","Wyoming","4/27/20","51","55","56013","107.84"
"Goshen","0","4","Wyoming","4/27/20","3","1","56015","33.33"
"Hot Springs","0","3","Wyoming","4/27/20","1","2","56017","200"
"Johnson","1","15","Wyoming","4/27/20","11","4","56019","36.36"
"Laramie","8","128","Wyoming","4/27/20","73","55","56021","75.34"
"Lincoln","1","9","Wyoming","4/27/20","5","4","56023","80"
"Natrona","2","49","Wyoming","4/27/20","38","11","56025","28.95"
"Niobrara","0","2","Wyoming","4/27/20","1","1","56027","100"
"Park","0","1","Wyoming","4/27/20","1","0","56029","0"
"Sheridan","1","16","Wyoming","4/27/20","12","4","56033","33.33"
"Sublette","0","3","Wyoming","4/27/20","1","2","56035","200"
"Sweetwater","1","16","Wyoming","4/27/20","10","6","56037","60"
"Teton","5","95","Wyoming","4/27/20","62","33","56039","53.23"
"Uinta","0","7","Wyoming","4/27/20","6","1","56041","16.67"
"Washakie","0","8","Wyoming","4/27/20","5","3","56043","60"
