"Locality","DailyAvgNewCasesPast7Days","TotalCases","State","Date","TotalCases7DaysAgo","NewCasesPast7Days","FIPS-Code","PercentIncreaseTotalCasesPast7Days"
"Autauga","2","37","Alabama","4/26/20","26","11","01001","42.31"
"Baldwin","7","161","Alabama","4/26/20","112","49","01003","43.75"
"Barbour","2","33","Alabama","4/26/20","20","13","01005","65"
"Bibb","1","38","Alabama","4/26/20","28","10","01007","35.71"
"Blount","2","34","Alabama","4/26/20","21","13","01009","61.9"
"Bullock","0","12","Alabama","4/26/20","9","3","01011","33.33"
"Butler","3","32","Alabama","4/26/20","14","18","01013","128.57"
"Calhoun","3","91","Alabama","4/26/20","71","20","01015","28.17"
"Chambers","6","285","Alabama","4/26/20","245","40","01017","16.33"
"Cherokee","0","14","Alabama","4/26/20","12","2","01019","16.67"
"Chilton","1","51","Alabama","4/26/20","41","10","01021","24.39"
"Choctaw","3","32","Alabama","4/26/20","14","18","01023","128.57"
"Clarke","0","25","Alabama","4/26/20","24","1","01025","4.17"
"Clay","0","19","Alabama","4/26/20","18","1","01027","5.56"
"Cleburne","0","12","Alabama","4/26/20","12","0","01029","0"
"Coffee","5","95","Alabama","4/26/20","59","36","01031","61.02"
"Colbert","1","23","Alabama","4/26/20","16","7","01033","43.75"
"Conecuh","0","9","Alabama","4/26/20","10","-1","01035","-10"
"Coosa","1","29","Alabama","4/26/20","22","7","01037","31.82"
"Covington","2","33","Alabama","4/26/20","22","11","01039","50"
"Crenshaw","1","11","Alabama","4/26/20","6","5","01041","83.33"
"Cullman","1","50","Alabama","4/26/20","42","8","01043","19.05"
"Dale","1","25","Alabama","4/26/20","20","5","01045","25"
"Dallas","1","33","Alabama","4/26/20","25","8","01047","32"
"DeKalb","4","70","Alabama","4/26/20","42","28","01049","66.67"
"Elmore","2","79","Alabama","4/26/20","63","16","01051","25.4"
"Escambia","2","25","Alabama","4/26/20","14","11","01053","78.57"
"Etowah","4","125","Alabama","4/26/20","98","27","01055","27.55"
"Fayette","0","5","Alabama","4/26/20","4","1","01057","25"
"Franklin","3","41","Alabama","4/26/20","17","24","01059","141.18"
"Geneva","1","8","Alabama","4/26/20","4","4","01061","100"
"Greene","2","46","Alabama","4/26/20","29","17","01063","58.62"
"Hale","2","41","Alabama","4/26/20","25","16","01065","64"
"Henry","1","22","Alabama","4/26/20","17","5","01067","29.41"
"Houston","2","77","Alabama","4/26/20","66","11","01069","16.67"
"Jackson","1","45","Alabama","4/26/20","38","7","01071","18.42"
"Jefferson","22","839","Alabama","4/26/20","682","157","01073","23.02"
"Lamar","0","10","Alabama","4/26/20","8","2","01075","25"
"Lauderdale","1","31","Alabama","4/26/20","23","8","01077","34.78"
"Lawrence","0","12","Alabama","4/26/20","9","3","01079","33.33"
"Lee","8","365","Alabama","4/26/20","308","57","01081","18.51"
"Limestone","0","41","Alabama","4/26/20","40","1","01083","2.5"
"Lowndes","1","38","Alabama","4/26/20","28","10","01085","35.71"
"Macon","1","34","Alabama","4/26/20","25","9","01087","36"
"Madison","2","211","Alabama","4/26/20","199","12","01089","6.03"
"Marengo","2","41","Alabama","4/26/20","26","15","01091","57.69"
"Marion","2","74","Alabama","4/26/20","61","13","01093","21.31"
"Marshall","23","307","Alabama","4/26/20","149","158","01095","106.04"
"Mobile","37","917","Alabama","4/26/20","661","256","01097","38.73"
"Monroe","0","12","Alabama","4/26/20","9","3","01099","33.33"
"Montgomery","9","289","Alabama","4/26/20","226","63","01101","27.88"
"Morgan","2","64","Alabama","4/26/20","47","17","01103","36.17"
"Perry","0","9","Alabama","4/26/20","9","0","01105","0"
"Pickens","1","48","Alabama","4/26/20","38","10","01107","26.32"
"Pike","4","62","Alabama","4/26/20","37","25","01109","67.57"
"Randolph","1","60","Alabama","4/26/20","53","7","01111","13.21"
"Russell","1","53","Alabama","4/26/20","43","10","01113","23.26"
"Shelby","6","311","Alabama","4/26/20","268","43","01117","16.04"
"St. Clair","1","64","Alabama","4/26/20","54","10","01115","18.52"
"Sumter","2","53","Alabama","4/26/20","36","17","01119","47.22"
"Talladega","2","57","Alabama","4/26/20","46","11","01121","23.91"
"Tallapoosa","11","274","Alabama","4/26/20","195","79","01123","40.51"
"Tuscaloosa","7","192","Alabama","4/26/20","145","47","01125","32.41"
"Walker","1","92","Alabama","4/26/20","85","7","01127","8.24"
"Washington","1","26","Alabama","4/26/20","16","10","01129","62.5"
"Wilcox","1","56","Alabama","4/26/20","47","9","01131","19.15"
"Winston","0","11","Alabama","4/26/20","9","2","01133","22.22"
"Anchorage","2","168","Alaska","4/26/20","154","14","02020","9.09"
"Bethel","0","1","Alaska","4/26/20","1","0","02050","0"
"Fairbanks North Star","0","80","Alaska","4/26/20","79","1","02090","1.27"
"Juneau","0","27","Alaska","4/26/20","24","3","02110","12.5"
"Kenai Peninsula","0","19","Alaska","4/26/20","19","0","02122","0"
"Ketchikan Gateway","0","16","Alaska","4/26/20","15","1","02130","6.67"
"Kodiak Island","0","1","Alaska","4/26/20","1","0","02150","0"
"Matanuska-Susitna","0","20","Alaska","4/26/20","18","2","02170","11.11"
"Nome","0","1","Alaska","4/26/20","1","0","02180","0"
"Petersburg","0","3","Alaska","4/26/20","3","0","02195","0"
"Prince of Wales-Hyder","0","2","Alaska","4/26/20","2","0","02198","0"
"Southeast Fairbanks","0","1","Alaska","4/26/20","1","0","02240","0"
"Yukon-Koyukuk","0","1","Alaska","4/26/20","1","0","02290","0"
"Apache","23","336","Arizona","4/26/20","178","158","04001","88.76"
"Cochise","2","36","Arizona","4/26/20","24","12","04003","50"
"Coconino","12","420","Arizona","4/26/20","333","87","04005","26.13"
"Gila","1","11","Arizona","4/26/20","7","4","04007","57.14"
"Graham","1","7","Arizona","4/26/20","2","5","04009","250"
"Greenlee","0","2","Arizona","4/26/20","2","0","04011","0"
"La Paz","0","7","Arizona","4/26/20","5","2","04012","40"
"Maricopa","110","3359","Arizona","4/26/20","2589","770","04013","29.74"
"Mohave","5","88","Arizona","4/26/20","54","34","04015","62.96"
"Navajo","24","625","Arizona","4/26/20","459","166","04017","36.17"
"Pima","32","1136","Arizona","4/26/20","913","223","04019","24.42"
"Pinal","14","342","Arizona","4/26/20","247","95","04021","38.46"
"Santa Cruz","2","30","Arizona","4/26/20","19","11","04023","57.89"
"Yavapai","1","76","Arizona","4/26/20","72","4","04025","5.56"
"Yuma","4","59","Arizona","4/26/20","29","30","04027","103.45"
"Arkansas","0","2","Arkansas","4/26/20","2","0","05001","0"
"Ashley","0","13","Arkansas","4/26/20","11","2","05003","18.18"
"Baxter","0","5","Arkansas","4/26/20","5","0","05005","0"
"Benton","4","93","Arkansas","4/26/20","62","31","05007","50"
"Boone","0","5","Arkansas","4/26/20","3","2","05009","66.67"
"Bradley","0","8","Arkansas","4/26/20","7","1","05011","14.29"
"Carroll","0","4","Arkansas","4/26/20","2","2","05015","100"
"Chicot","0","9","Arkansas","4/26/20","7","2","05017","28.57"
"Clark","0","28","Arkansas","4/26/20","27","1","05019","3.7"
"Clay","0","2","Arkansas","4/26/20","1","1","05021","100"
"Cleburne","0","72","Arkansas","4/26/20","70","2","05023","2.86"
"Cleveland","0","10","Arkansas","4/26/20","8","2","05025","25"
"Columbia","0","6","Arkansas","4/26/20","5","1","05027","20"
"Conway","1","11","Arkansas","4/26/20","5","6","05029","120"
"Craighead","3","62","Arkansas","4/26/20","43","19","05031","44.19"
"Crawford","0","4","Arkansas","4/26/20","4","0","05033","0"
"Crittenden","5","171","Arkansas","4/26/20","139","32","05035","23.02"
"Cross","1","16","Arkansas","4/26/20","8","8","05037","100"
"Dallas","0","1","Arkansas","4/26/20","1","0","05039","0"
"Desha","1","16","Arkansas","4/26/20","7","9","05041","128.57"
"Drew","1","13","Arkansas","4/26/20","6","7","05043","116.67"
"Faulkner","2","73","Arkansas","4/26/20","62","11","05045","17.74"
"Franklin","0","1","Arkansas","4/26/20","1","0","05047","0"
"Fulton","0","1","Arkansas","4/26/20","0","1","05049","1"
"Garland","1","111","Arkansas","4/26/20","107","4","05051","3.74"
"Grant","0","11","Arkansas","4/26/20","11","0","05053","0"
"Greene","1","16","Arkansas","4/26/20","8","8","05055","100"
"Hempstead","0","5","Arkansas","4/26/20","5","0","05057","0"
"Hot Spring","0","10","Arkansas","4/26/20","8","2","05059","25"
"Howard","0","13","Arkansas","4/26/20","14","-1","05061","-7.14"
"Independence","0","9","Arkansas","4/26/20","8","1","05063","12.5"
"Izard","0","5","Arkansas","4/26/20","2","3","05065","150"
"Jackson","0","1","Arkansas","4/26/20","1","0","05067","0"
"Jefferson","5","153","Arkansas","4/26/20","118","35","05069","29.66"
"Johnson","1","29","Arkansas","4/26/20","22","7","05071","31.82"
"Lafayette","0","6","Arkansas","4/26/20","4","2","05073","50"
"Lawrence","2","42","Arkansas","4/26/20","26","16","05075","61.54"
"Lee","0","3","Arkansas","4/26/20","3","0","05077","0"
"Lincoln","88","727","Arkansas","4/26/20","111","616","05079","554.95"
"Logan","0","3","Arkansas","4/26/20","3","0","05083","0"
"Lonoke","2","38","Arkansas","4/26/20","26","12","05085","46.15"
"Madison","0","1","Arkansas","4/26/20","1","0","05087","0"
"Marion","0","1","Arkansas","4/26/20","1","0","05089","0"
"Miller","0","32","Arkansas","4/26/20","29","3","05091","10.34"
"Mississippi","0","11","Arkansas","4/26/20","8","3","05093","37.5"
"Monroe","0","4","Arkansas","4/26/20","3","1","05095","33.33"
"Nevada","0","1","Arkansas","4/26/20","1","0","05099","0"
"Newton","0","3","Arkansas","4/26/20","2","1","05101","50"
"Ouachita","0","5","Arkansas","4/26/20","5","0","05103","0"
"Perry","0","6","Arkansas","4/26/20","3","3","05105","100"
"Phillips","0","4","Arkansas","4/26/20","4","0","05107","0"
"Pike","0","3","Arkansas","4/26/20","2","1","05109","50"
"Poinsett","1","16","Arkansas","4/26/20","10","6","05111","60"
"Polk","0","7","Arkansas","4/26/20","7","0","05113","0"
"Pope","1","41","Arkansas","4/26/20","35","6","05115","17.14"
"Prairie","0","2","Arkansas","4/26/20","2","0","05117","0"
"Pulaski","14","478","Arkansas","4/26/20","377","101","05119","26.79"
"Randolph","1","16","Arkansas","4/26/20","11","5","05121","45.45"
"Saline","2","55","Arkansas","4/26/20","43","12","05125","27.91"
"Scott","0","1","Arkansas","4/26/20","1","0","05127","0"
"Searcy","0","6","Arkansas","4/26/20","6","0","05129","0"
"Sebastian","0","12","Arkansas","4/26/20","11","1","05131","9.09"
"Sevier","0","11","Arkansas","4/26/20","9","2","05133","22.22"
"Sharp","0","2","Arkansas","4/26/20","2","0","05135","0"
"St. Francis","2","80","Arkansas","4/26/20","64","16","05123","25"
"Stone","0","7","Arkansas","4/26/20","7","0","05137","0"
"Union","1","33","Arkansas","4/26/20","24","9","05139","37.5"
"Van Buren","0","27","Arkansas","4/26/20","26","1","05141","3.85"
"Washington","4","77","Arkansas","4/26/20","46","31","05143","67.39"
"White","0","31","Arkansas","4/26/20","29","2","05145","6.9"
"Woodruff","0","1","Arkansas","4/26/20","1","0","05147","0"
"Yell","0","3","Arkansas","4/26/20","2","1","05149","50"
"Alameda","44","1470","California","4/26/20","1164","306","06001","26.29"
"Alpine","0","2","California","4/26/20","2","0","06003","0"
"Amador","0","8","California","4/26/20","7","1","06005","14.29"
"Butte","0","16","California","4/26/20","16","0","06007","0"
"Calaveras","0","13","California","4/26/20","12","1","06009","8.33"
"Colusa","0","3","California","4/26/20","3","0","06011","0"
"Contra Costa","18","817","California","4/26/20","693","124","06013","17.89"
"Del Norte","0","3","California","4/26/20","2","1","06015","50"
"El Dorado","1","42","California","4/26/20","36","6","06017","16.67"
"Fresno","20","458","California","4/26/20","315","143","06019","45.4"
"Glenn","0","5","California","4/26/20","4","1","06021","25"
"Humboldt","0","53","California","4/26/20","52","1","06023","1.92"
"Imperial","14","251","California","4/26/20","155","96","06025","61.94"
"Inyo","0","19","California","4/26/20","18","1","06027","5.56"
"Kern","27","809","California","4/26/20","623","186","06029","29.86"
"Kings","3","52","California","4/26/20","28","24","06031","85.71"
"Lake","0","6","California","4/26/20","6","0","06033","0"
"Los Angeles","1032","19567","California","4/26/20","12341","7226","06037","58.55"
"Madera","1","40","California","4/26/20","34","6","06039","17.65"
"Marin","5","223","California","4/26/20","189","34","06041","17.99"
"Mendocino","1","11","California","4/26/20","5","6","06045","120"
"Merced","2","103","California","4/26/20","90","13","06047","14.44"
"Mono","0","24","California","4/26/20","23","1","06051","4.35"
"Monterey","7","183","California","4/26/20","136","47","06053","34.56"
"Napa","2","60","California","4/26/20","47","13","06055","27.66"
"Nevada","0","37","California","4/26/20","36","1","06057","2.78"
"Orange","63","2074","California","4/26/20","1636","438","06059","26.77"
"Placer","1","141","California","4/26/20","132","9","06061","6.82"
"Plumas","0","4","California","4/26/20","4","0","06063","0"
"Riverside","132","3563","California","4/26/20","2638","925","06065","35.06"
"Sacramento","16","1037","California","4/26/20","925","112","06067","12.11"
"San Benito","0","47","California","4/26/20","44","3","06069","6.82"
"San Bernardino","64","1732","California","4/26/20","1286","446","06071","34.68"
"San Diego","104","2943","California","4/26/20","2213","730","06073","32.99"
"San Francisco","36","1408","California","4/26/20","1157","251","06075","21.69"
"San Joaquin","14","512","California","4/26/20","415","97","06077","23.37"
"San Luis Obispo","5","166","California","4/26/20","132","34","06079","25.76"
"San Mateo","26","1019","California","4/26/20","838","181","06081","21.6"
"Santa Barbara","12","469","California","4/26/20","385","84","06083","21.82"
"Santa Clara","31","2084","California","4/26/20","1870","214","06085","11.44"
"Santa Cruz","2","120","California","4/26/20","104","16","06087","15.38"
"Shasta","1","30","California","4/26/20","26","4","06089","15.38"
"Siskiyou","0","5","California","4/26/20","5","0","06093","0"
"Solano","4","199","California","4/26/20","169","30","06095","17.75"
"Sonoma","5","218","California","4/26/20","180","38","06097","21.11"
"Stanislaus","9","286","California","4/26/20","221","65","06099","29.41"
"Sutter","3","45","California","4/26/20","25","20","06101","80"
"Tehama","0","1","California","4/26/20","1","0","06103","0"
"Tulare","13","504","California","4/26/20","411","93","06107","22.63"
"Tuolumne","0","3","California","4/26/20","2","1","06109","50"
"Ventura","11","496","California","4/26/20","422","74","06111","17.54"
"Yolo","3","161","California","4/26/20","137","24","06113","17.52"
"Yuba","0","16","California","4/26/20","16","0","06115","0"
"Adams","62","1348","Colorado","4/26/20","915","433","08001","47.32"
"Alamosa","0","10","Colorado","4/26/20","7","3","08003","42.86"
"Arapahoe","89","2160","Colorado","4/26/20","1536","624","08005","40.62"
"Archuleta","0","8","Colorado","4/26/20","7","1","08007","14.29"
"Baca","0","10","Colorado","4/26/20","10","0","08009","0"
"Boulder","21","500","Colorado","4/26/20","352","148","08013","42.05"
"Broomfield","5","139","Colorado","4/26/20","101","38","08014","37.62"
"Chaffee","4","66","Colorado","4/26/20","38","28","08015","73.68"
"Clear Creek","0","13","Colorado","4/26/20","11","2","08019","18.18"
"Costilla","0","3","Colorado","4/26/20","3","0","08023","0"
"Crowley","0","2","Colorado","4/26/20","2","0","08025","0"
"Custer","0","2","Colorado","4/26/20","2","0","08027","0"
"Delta","1","27","Colorado","4/26/20","22","5","08029","22.73"
"Denver","114","2583","Colorado","4/26/20","1784","799","08031","44.79"
"Douglas","10","439","Colorado","4/26/20","368","71","08035","19.29"
"Eagle","7","533","Colorado","4/26/20","485","48","08037","9.9"
"El Paso","19","867","Colorado","4/26/20","731","136","08041","18.6"
"Elbert","1","27","Colorado","4/26/20","23","4","08039","17.39"
"Fremont","2","22","Colorado","4/26/20","10","12","08043","120"
"Garfield","2","87","Colorado","4/26/20","70","17","08045","24.29"
"Gilpin","0","1","Colorado","4/26/20","1","0","08047","0"
"Grand","0","5","Colorado","4/26/20","4","1","08049","25"
"Gunnison","6","158","Colorado","4/26/20","114","44","08051","38.6"
"Hinsdale","0","3","Colorado","4/26/20","3","0","08053","0"
"Huerfano","0","2","Colorado","4/26/20","1","1","08055","100"
"Jefferson","44","1265","Colorado","4/26/20","957","308","08059","32.18"
"Kit Carson","0","20","Colorado","4/26/20","18","2","08063","11.11"
"La Plata","1","59","Colorado","4/26/20","52","7","08067","13.46"
"Lake","1","17","Colorado","4/26/20","8","9","08065","112.5"
"Larimer","10","312","Colorado","4/26/20","239","73","08069","30.54"
"Las Animas","0","3","Colorado","4/26/20","3","0","08071","0"
"Lincoln","0","4","Colorado","4/26/20","3","1","08073","33.33"
"Logan","33","248","Colorado","4/26/20","17","231","08075","1358.82"
"Mesa","0","38","Colorado","4/26/20","35","3","08077","8.57"
"Mineral","0","2","Colorado","4/26/20","2","0","08079","0"
"Moffat","0","6","Colorado","4/26/20","4","2","08081","50"
"Montezuma","0","15","Colorado","4/26/20","13","2","08083","15.38"
"Montrose","2","90","Colorado","4/26/20","77","13","08085","16.88"
"Morgan","15","259","Colorado","4/26/20","157","102","08087","64.97"
"Otero","0","8","Colorado","4/26/20","6","2","08089","33.33"
"Ouray","0","5","Colorado","4/26/20","5","0","08091","0"
"Park","0","7","Colorado","4/26/20","6","1","08093","16.67"
"Phillips","0","5","Colorado","4/26/20","5","0","08095","0"
"Pitkin","1","61","Colorado","4/26/20","57","4","08097","7.02"
"Prowers","0","1","Colorado","4/26/20","1","0","08099","0"
"Pueblo","6","131","Colorado","4/26/20","87","44","08101","50.57"
"Rio Blanco","0","1","Colorado","4/26/20","1","0","08103","0"
"Rio Grande","0","7","Colorado","4/26/20","7","0","08105","0"
"Routt","1","54","Colorado","4/26/20","49","5","08107","10.2"
"Saguache","0","3","Colorado","4/26/20","3","0","08109","0"
"San Juan","0","1","Colorado","4/26/20","0","1","08111","1"
"San Miguel","1","19","Colorado","4/26/20","15","4","08113","26.67"
"Summit","2","105","Colorado","4/26/20","93","12","08117","12.9"
"Teller","0","27","Colorado","4/26/20","24","3","08119","12.5"
"Washington","0","6","Colorado","4/26/20","6","0","08121","0"
"Weld","58","1469","Colorado","4/26/20","1063","406","08123","38.19"
"Yuma","0","6","Colorado","4/26/20","3","3","08125","100"
"Fairfield","442","10529","Connecticut","4/26/20","7434","3095","09001","41.63"
"Hartford","234","4989","Connecticut","4/26/20","3351","1638","09003","48.88"
"Litchfield","38","864","Connecticut","4/26/20","600","264","09005","44"
"Middlesex","18","588","Connecticut","4/26/20","462","126","09007","27.27"
"New Haven","263","6715","Connecticut","4/26/20","4871","1844","09009","37.86"
"New London","23","498","Connecticut","4/26/20","339","159","09011","46.9"
"Tolland","19","407","Connecticut","4/26/20","276","131","09013","47.46"
"Windham","8","157","Connecticut","4/26/20","100","57","09015","57"
"Kent","30","625","Delaware","4/26/20","417","208","10001","49.88"
"New Castle","56","1599","Delaware","4/26/20","1205","394","10003","32.7"
"Sussex","131","1801","Delaware","4/26/20","886","915","10005","103.27"
"","0","49","Diamond Princess","4/26/20","49","0",,"0"
"District of Columbia","150","3841","District of Columbia","4/26/20","2793","1048","11001","37.52"
"Alachua","6","251","Florida","4/26/20","210","41","12001","19.52"
"Baker","0","20","Florida","4/26/20","17","3","12003","17.65"
"Bay","1","65","Florida","4/26/20","55","10","12005","18.18"
"Bradford","0","43","Florida","4/26/20","42","1","12007","2.38"
"Brevard","5","252","Florida","4/26/20","215","37","12009","17.21"
"Broward","108","4729","Florida","4/26/20","3971","758","12011","19.09"
"Calhoun","0","6","Florida","4/26/20","6","0","12013","0"
"Charlotte","9","203","Florida","4/26/20","138","65","12015","47.1"
"Citrus","2","97","Florida","4/26/20","84","13","12017","15.48"
"Clay","3","267","Florida","4/26/20","247","20","12019","8.1"
"Collier","13","552","Florida","4/26/20","463","89","12021","19.22"
"Columbia","1","49","Florida","4/26/20","39","10","12023","25.64"
"DeSoto","0","24","Florida","4/26/20","24","0","12027","0"
"Dixie","0","6","Florida","4/26/20","3","3","12029","100"
"Duval","19","984","Florida","4/26/20","854","130","12031","15.22"
"Escambia","21","457","Florida","4/26/20","309","148","12033","47.9"
"Flagler","7","121","Florida","4/26/20","75","46","12035","61.33"
"Franklin","0","2","Florida","4/26/20","2","0","12037","0"
"Gadsden","4","81","Florida","4/26/20","51","30","12039","58.82"
"Gilchrist","0","4","Florida","4/26/20","4","0","12041","0"
"Glades","0","6","Florida","4/26/20","5","1","12043","20"
"Gulf","0","1","Florida","4/26/20","1","0","12045","0"
"Hamilton","0","6","Florida","4/26/20","3","3","12047","100"
"Hardee","1","10","Florida","4/26/20","4","6","12049","150"
"Hendry","3","65","Florida","4/26/20","41","24","12051","58.54"
"Hernando","1","89","Florida","4/26/20","84","5","12053","5.95"
"Highlands","1","76","Florida","4/26/20","70","6","12055","8.57"
"Hillsborough","13","1048","Florida","4/26/20","960","88","12057","9.17"
"Holmes","0","9","Florida","4/26/20","6","3","12059","50"
"Indian River","1","89","Florida","4/26/20","84","5","12061","5.95"
"Jackson","1","13","Florida","4/26/20","8","5","12063","62.5"
"Jefferson","0","27","Florida","4/26/20","26","1","12065","3.85"
"Lafayette","0","1","Florida","4/26/20","1","0","12067","0"
"Lake","2","222","Florida","4/26/20","207","15","12069","7.25"
"Lee","27","961","Florida","4/26/20","769","192","12071","24.97"
"Leon","5","210","Florida","4/26/20","176","34","12073","19.32"
"Levy","0","13","Florida","4/26/20","12","1","12075","8.33"
"Liberty","0","2","Florida","4/26/20","2","0","12077","0"
"Madison","3","43","Florida","4/26/20","21","22","12079","104.76"
"Manatee","13","508","Florida","4/26/20","417","91","12081","21.82"
"Marion","4","151","Florida","4/26/20","121","30","12083","24.79"
"Martin","3","174","Florida","4/26/20","151","23","12085","15.23"
"Miami-Dade","285","11351","Florida","4/26/20","9354","1997","12086","21.35"
"Monroe","1","78","Florida","4/26/20","73","5","12087","6.85"
"Nassau","1","53","Florida","4/26/20","44","9","12089","20.45"
"Okaloosa","3","149","Florida","4/26/20","131","18","12091","13.74"
"Okeechobee","0","9","Florida","4/26/20","7","2","12093","28.57"
"Orange","18","1322","Florida","4/26/20","1198","124","12095","10.35"
"Osceola","8","463","Florida","4/26/20","409","54","12097","13.2"
"Palm Beach","75","2697","Florida","4/26/20","2170","527","12099","24.29"
"Pasco","4","233","Florida","4/26/20","205","28","12101","13.66"
"Pinellas","14","687","Florida","4/26/20","592","95","12103","16.05"
"Polk","12","410","Florida","4/26/20","326","84","12105","25.77"
"Putnam","4","87","Florida","4/26/20","56","31","12107","55.36"
"Santa Rosa","2","149","Florida","4/26/20","138","11","12113","7.97"
"Sarasota","5","321","Florida","4/26/20","284","37","12115","13.03"
"Seminole","5","357","Florida","4/26/20","320","37","12117","11.56"
"St. Johns","2","204","Florida","4/26/20","190","14","12109","7.37"
"St. Lucie","4","228","Florida","4/26/20","202","26","12111","12.87"
"Sumter","3","171","Florida","4/26/20","147","24","12119","16.33"
"Suwannee","3","116","Florida","4/26/20","98","18","12121","18.37"
"Taylor","0","3","Florida","4/26/20","1","2","12123","200"
"Union","0","4","Florida","4/26/20","3","1","12125","33.33"
"Volusia","14","434","Florida","4/26/20","333","101","12127","30.33"
"Wakulla","1","21","Florida","4/26/20","14","7","12129","50"
"Walton","0","35","Florida","4/26/20","32","3","12131","9.38"
"Washington","1","12","Florida","4/26/20","6","6","12133","100"
"Appling","5","56","Georgia","4/26/20","20","36","13001","180"
"Atkinson","0","7","Georgia","4/26/20","5","2","13003","40"
"Bacon","0","21","Georgia","4/26/20","18","3","13005","16.67"
"Baker","0","19","Georgia","4/26/20","17","2","13007","11.76"
"Baldwin","10","181","Georgia","4/26/20","110","71","13009","64.55"
"Banks","1","18","Georgia","4/26/20","14","4","13011","28.57"
"Barrow","3","108","Georgia","4/26/20","90","18","13013","20"
"Bartow","5","286","Georgia","4/26/20","248","38","13015","15.32"
"Ben Hill","1","23","Georgia","4/26/20","15","8","13017","53.33"
"Berrien","1","16","Georgia","4/26/20","10","6","13019","60"
"Bibb","7","248","Georgia","4/26/20","199","49","13021","24.62"
"Bleckley","0","9","Georgia","4/26/20","6","3","13023","50"
"Brantley","0","21","Georgia","4/26/20","18","3","13025","16.67"
"Brooks","2","39","Georgia","4/26/20","23","16","13027","69.57"
"Bryan","2","47","Georgia","4/26/20","33","14","13029","42.42"
"Bulloch","1","34","Georgia","4/26/20","27","7","13031","25.93"
"Burke","4","77","Georgia","4/26/20","47","30","13033","63.83"
"Butts","12","126","Georgia","4/26/20","43","83","13035","193.02"
"Calhoun","4","86","Georgia","4/26/20","57","29","13037","50.88"
"Camden","0","28","Georgia","4/26/20","28","0","13039","0"
"Candler","0","8","Georgia","4/26/20","5","3","13043","60"
"Carroll","6","326","Georgia","4/26/20","281","45","13045","16.01"
"Catoosa","4","46","Georgia","4/26/20","19","27","13047","142.11"
"Charlton","0","7","Georgia","4/26/20","6","1","13049","16.67"
"Chatham","4","206","Georgia","4/26/20","179","27","13051","15.08"
"Chattahoochee","0","8","Georgia","4/26/20","6","2","13053","33.33"
"Chattooga","1","13","Georgia","4/26/20","9","4","13055","44.44"
"Cherokee","12","374","Georgia","4/26/20","293","81","13057","27.65"
"Clarke","2","123","Georgia","4/26/20","108","15","13059","13.89"
"Clay","0","20","Georgia","4/26/20","20","0","13061","0"
"Clayton","17","641","Georgia","4/26/20","519","122","13063","23.51"
"Clinch","0","7","Georgia","4/26/20","7","0","13065","0"
"Cobb","43","1428","Georgia","4/26/20","1125","303","13067","26.93"
"Coffee","4","107","Georgia","4/26/20","79","28","13069","35.44"
"Colquitt","6","165","Georgia","4/26/20","122","43","13071","35.25"
"Columbia","6","143","Georgia","4/26/20","101","42","13073","41.58"
"Cook","1","17","Georgia","4/26/20","12","5","13075","41.67"
"Coweta","4","188","Georgia","4/26/20","161","27","13077","16.77"
"Crawford","0","14","Georgia","4/26/20","13","1","13079","7.69"
"Crisp","5","153","Georgia","4/26/20","118","35","13081","29.66"
"Dade","1","16","Georgia","4/26/20","8","8","13083","100"
"Dawson","1","51","Georgia","4/26/20","44","7","13085","15.91"
"Decatur","0","60","Georgia","4/26/20","61","-1","13087","-1.64"
"DeKalb","50","1800","Georgia","4/26/20","1452","348","13089","23.97"
"Dodge","1","23","Georgia","4/26/20","19","4","13091","21.05"
"Dooly","6","112","Georgia","4/26/20","70","42","13093","60"
"Dougherty","7","1470","Georgia","4/26/20","1422","48","13095","3.38"
"Douglas","7","278","Georgia","4/26/20","230","48","13097","20.87"
"Early","4","198","Georgia","4/26/20","169","29","13099","17.16"
"Echols","0","5","Georgia","4/26/20","4","1","13101","25"
"Effingham","1","34","Georgia","4/26/20","26","8","13103","30.77"
"Elbert","2","19","Georgia","4/26/20","7","12","13105","171.43"
"Emanuel","1","19","Georgia","4/26/20","12","7","13107","58.33"
"Evans","0","4","Georgia","4/26/20","2","2","13109","100"
"Fannin","1","23","Georgia","4/26/20","16","7","13111","43.75"
"Fayette","3","161","Georgia","4/26/20","139","22","13113","15.83"
"Floyd","2","133","Georgia","4/26/20","122","11","13115","9.02"
"Forsyth","7","252","Georgia","4/26/20","200","52","13117","26"
"Franklin","1","17","Georgia","4/26/20","10","7","13119","70"
"Fulton","62","2545","Georgia","4/26/20","2110","435","13121","20.62"
"Gilmer","5","46","Georgia","4/26/20","11","35","13123","318.18"
"Glynn","0","51","Georgia","4/26/20","49","2","13127","4.08"
"Gordon","2","81","Georgia","4/26/20","64","17","13129","26.56"
"Grady","2","48","Georgia","4/26/20","31","17","13131","54.84"
"Greene","1","53","Georgia","4/26/20","43","10","13133","23.26"
"Gwinnett","58","1504","Georgia","4/26/20","1099","405","13135","36.85"
"Habersham","14","171","Georgia","4/26/20","74","97","13137","131.08"
"Hall","59","1033","Georgia","4/26/20","621","412","13139","66.34"
"Hancock","2","18","Georgia","4/26/20","7","11","13141","157.14"
"Haralson","1","26","Georgia","4/26/20","20","6","13143","30"
"Harris","2","56","Georgia","4/26/20","39","17","13145","43.59"
"Hart","0","6","Georgia","4/26/20","6","0","13147","0"
"Heard","0","9","Georgia","4/26/20","8","1","13149","12.5"
"Henry","12","451","Georgia","4/26/20","367","84","13151","22.89"
"Houston","6","209","Georgia","4/26/20","166","43","13153","25.9"
"Irwin","0","15","Georgia","4/26/20","15","0","13155","0"
"Jackson","4","73","Georgia","4/26/20","48","25","13157","52.08"
"Jasper","0","20","Georgia","4/26/20","17","3","13159","17.65"
"Jeff Davis","1","11","Georgia","4/26/20","6","5","13161","83.33"
"Jefferson","0","14","Georgia","4/26/20","11","3","13163","27.27"
"Jenkins","1","16","Georgia","4/26/20","12","4","13165","33.33"
"Johnson","0","36","Georgia","4/26/20","33","3","13167","9.09"
"Jones","1","26","Georgia","4/26/20","17","9","13169","52.94"
"Lamar","1","33","Georgia","4/26/20","25","8","13171","32"
"Lanier","0","8","Georgia","4/26/20","6","2","13173","33.33"
"Laurens","1","52","Georgia","4/26/20","43","9","13175","20.93"
"Lee","4","302","Georgia","4/26/20","272","30","13177","11.03"
"Liberty","0","35","Georgia","4/26/20","32","3","13179","9.38"
"Lincoln","0","10","Georgia","4/26/20","9","1","13181","11.11"
"Long","0","3","Georgia","4/26/20","2","1","13183","50"
"Lowndes","5","131","Georgia","4/26/20","95","36","13185","37.89"
"Lumpkin","1","29","Georgia","4/26/20","23","6","13187","26.09"
"Macon","3","70","Georgia","4/26/20","49","21","13193","42.86"
"Madison","1","22","Georgia","4/26/20","14","8","13195","57.14"
"Marion","1","38","Georgia","4/26/20","28","10","13197","35.71"
"McDuffie","1","43","Georgia","4/26/20","37","6","13189","16.22"
"McIntosh","0","4","Georgia","4/26/20","4","0","13191","0"
"Meriwether","1","49","Georgia","4/26/20","42","7","13199","16.67"
"Miller","1","29","Georgia","4/26/20","22","7","13201","31.82"
"Mitchell","11","290","Georgia","4/26/20","213","77","13205","36.15"
"Monroe","1","20","Georgia","4/26/20","15","5","13207","33.33"
"Montgomery","0","2","Georgia","4/26/20","2","0","13209","0"
"Morgan","0","23","Georgia","4/26/20","21","2","13211","9.52"
"Murray","1","24","Georgia","4/26/20","18","6","13213","33.33"
"Muscogee","8","275","Georgia","4/26/20","219","56","13215","25.57"
"Newton","6","167","Georgia","4/26/20","128","39","13217","30.47"
"Oconee","0","53","Georgia","4/26/20","50","3","13219","6"
"Oglethorpe","2","47","Georgia","4/26/20","32","15","13221","46.88"
"Out of GA","22","1022","Georgia","4/26/20","868","154","80013","17.74"
"Paulding","4","160","Georgia","4/26/20","133","27","13223","20.3"
"Peach","1","37","Georgia","4/26/20","32","5","13225","15.62"
"Pickens","0","21","Georgia","4/26/20","18","3","13227","16.67"
"Pierce","0","52","Georgia","4/26/20","51","1","13229","1.96"
"Pike","1","39","Georgia","4/26/20","32","7","13231","21.88"
"Polk","2","46","Georgia","4/26/20","30","16","13233","53.33"
"Pulaski","1","20","Georgia","4/26/20","16","4","13235","25"
"Putnam","1","31","Georgia","4/26/20","21","10","13237","47.62"
"Quitman","0","3","Georgia","4/26/20","3","0","13239","0"
"Rabun","0","9","Georgia","4/26/20","7","2","13241","28.57"
"Randolph","2","153","Georgia","4/26/20","141","12","13243","8.51"
"Richmond","14","360","Georgia","4/26/20","264","96","13245","36.36"
"Rockdale","5","161","Georgia","4/26/20","128","33","13247","25.78"
"Schley","0","16","Georgia","4/26/20","16","0","13249","0"
"Screven","0","14","Georgia","4/26/20","11","3","13251","27.27"
"Seminole","1","27","Georgia","4/26/20","21","6","13253","28.57"
"Spalding","9","190","Georgia","4/26/20","128","62","13255","48.44"
"Stephens","5","70","Georgia","4/26/20","35","35","13257","100"
"Stewart","0","17","Georgia","4/26/20","15","2","13259","13.33"
"Sumter","3","356","Georgia","4/26/20","332","24","13261","7.23"
"Talbot","1","21","Georgia","4/26/20","16","5","13263","31.25"
"Tattnall","0","7","Georgia","4/26/20","5","2","13267","40"
"Taylor","1","16","Georgia","4/26/20","11","5","13269","45.45"
"Telfair","2","26","Georgia","4/26/20","14","12","13271","85.71"
"Terrell","2","165","Georgia","4/26/20","148","17","13273","11.49"
"Thomas","4","158","Georgia","4/26/20","127","31","13275","24.41"
"Tift","2","102","Georgia","4/26/20","86","16","13277","18.6"
"Toombs","1","27","Georgia","4/26/20","20","7","13279","35"
"Towns","1","20","Georgia","4/26/20","13","7","13281","53.85"
"Treutlen","0","2","Georgia","4/26/20","1","1","13283","100"
"Troup","6","126","Georgia","4/26/20","87","39","13285","44.83"
"Turner","1","63","Georgia","4/26/20","56","7","13287","12.5"
"Twiggs","0","7","Georgia","4/26/20","4","3","13289","75"
"Union","3","32","Georgia","4/26/20","14","18","13291","128.57"
"Upson","4","197","Georgia","4/26/20","170","27","13293","15.88"
"Walker","6","59","Georgia","4/26/20","15","44","13295","293.33"
"Walton","5","97","Georgia","4/26/20","60","37","13297","61.67"
"Ware","3","107","Georgia","4/26/20","85","22","13299","25.88"
"Warren","0","12","Georgia","4/26/20","10","2","13301","20"
"Washington","1","34","Georgia","4/26/20","25","9","13303","36"
"Wayne","1","11","Georgia","4/26/20","7","4","13305","57.14"
"Webster","0","8","Georgia","4/26/20","5","3","13307","60"
"Wheeler","0","3","Georgia","4/26/20","3","0","13309","0"
"White","3","38","Georgia","4/26/20","20","18","13311","90"
"Whitfield","3","63","Georgia","4/26/20","43","20","13313","46.51"
"Wilcox","4","68","Georgia","4/26/20","43","25","13315","58.14"
"Wilkes","1","23","Georgia","4/26/20","17","6","13317","35.29"
"Wilkinson","2","31","Georgia","4/26/20","20","11","13319","55"
"Worth","3","141","Georgia","4/26/20","121","20","13321","16.53"
"","0","103","Grand Princess","4/26/20","103","0",,"0"
"","1","141","Guam","4/26/20","136","5",,"3.68"
"Hawaii","1","70","Hawaii","4/26/20","62","8","15001","12.9"
"Honolulu","2","396","Hawaii","4/26/20","385","11","15003","2.86"
"Kauai","0","21","Hawaii","4/26/20","21","0","15007","0"
"Maui","1","112","Hawaii","4/26/20","106","6","15009","5.66"
"Out of HI","0","7","Hawaii","4/26/20","6","1","80015","16.67"
"Ada","7","650","Idaho","4/26/20","598","52","16001","8.7"
"Adams","0","3","Idaho","4/26/20","1","2","16003","200"
"Bannock","0","8","Idaho","4/26/20","8","0","16005","0"
"Bingham","0","3","Idaho","4/26/20","3","0","16011","0"
"Blaine","2","492","Idaho","4/26/20","475","17","16013","3.58"
"Bonner","0","4","Idaho","4/26/20","4","0","16017","0"
"Bonneville","1","28","Idaho","4/26/20","24","4","16019","16.67"
"Camas","0","1","Idaho","4/26/20","1","0","16025","0"
"Canyon","7","233","Idaho","4/26/20","187","46","16027","24.6"
"Caribou","0","1","Idaho","4/26/20","1","0","16029","0"
"Cassia","0","12","Idaho","4/26/20","10","2","16031","20"
"Custer","0","2","Idaho","4/26/20","2","0","16037","0"
"Elmore","1","29","Idaho","4/26/20","22","7","16039","31.82"
"Fremont","0","2","Idaho","4/26/20","2","0","16043","0"
"Gem","0","12","Idaho","4/26/20","10","2","16045","20"
"Gooding","0","9","Idaho","4/26/20","8","1","16047","12.5"
"Idaho","0","3","Idaho","4/26/20","3","0","16049","0"
"Jefferson","0","5","Idaho","4/26/20","5","0","16051","0"
"Jerome","0","46","Idaho","4/26/20","44","2","16053","4.55"
"Kootenai","2","61","Idaho","4/26/20","50","11","16055","22"
"Latah","0","4","Idaho","4/26/20","3","1","16057","33.33"
"Lemhi","0","1","Idaho","4/26/20","0","1","16059","1"
"Lincoln","1","22","Idaho","4/26/20","17","5","16063","29.41"
"Madison","0","8","Idaho","4/26/20","8","0","16065","0"
"Minidoka","0","10","Idaho","4/26/20","10","0","16067","0"
"Nez Perce","4","58","Idaho","4/26/20","30","28","16069","93.33"
"Owyhee","1","8","Idaho","4/26/20","4","4","16073","100"
"Payette","0","13","Idaho","4/26/20","10","3","16075","30"
"Power","0","2","Idaho","4/26/20","2","0","16077","0"
"Teton","0","8","Idaho","4/26/20","8","0","16081","0"
"Twin Falls","6","156","Idaho","4/26/20","115","41","16083","35.65"
"Valley","0","2","Idaho","4/26/20","2","0","16085","0"
"Washington","0","1","Idaho","4/26/20","1","0","16087","0"
"Adams","0","32","Illinois","4/26/20","34","-2","17001","-5.88"
"Alexander","0","3","Illinois","4/26/20","2","1","17003","50"
"Bond","0","5","Illinois","4/26/20","4","1","17005","25"
"Boone","7","76","Illinois","4/26/20","30","46","17007","153.33"
"Bureau","0","10","Illinois","4/26/20","8","2","17011","25"
"Calhoun","0","1","Illinois","4/26/20","1","0","17013","0"
"Carroll","0","9","Illinois","4/26/20","6","3","17015","50"
"Cass","4","27","Illinois","4/26/20","0","27","17017","1"
"Champaign","1","105","Illinois","4/26/20","95","10","17019","10.53"
"Christian","0","28","Illinois","4/26/20","25","3","17021","12"
"Clark","0","4","Illinois","4/26/20","4","0","17023","0"
"Clay","0","2","Illinois","4/26/20","1","1","17025","100"
"Clinton","6","84","Illinois","4/26/20","45","39","17027","86.67"
"Coles","1","22","Illinois","4/26/20","16","6","17029","37.5"
"Cook","1329","30574","Illinois","4/26/20","21272","9302","17031","43.73"
"Crawford","1","10","Illinois","4/26/20","4","6","17033","150"
"Cumberland","0","3","Illinois","4/26/20","2","1","17035","50"
"De Witt","0","1","Illinois","4/26/20","1","0","17039","0"
"DeKalb","2","71","Illinois","4/26/20","55","16","17037","29.09"
"Douglas","0","13","Illinois","4/26/20","12","1","17041","8.33"
"DuPage","107","2443","Illinois","4/26/20","1695","748","17043","44.13"
"Effingham","0","5","Illinois","4/26/20","4","1","17049","25"
"Fayette","0","16","Illinois","4/26/20","15","1","17051","6.67"
"Ford","0","8","Illinois","4/26/20","5","3","17053","60"
"Franklin","0","8","Illinois","4/26/20","5","3","17055","60"
"Fulton","0","3","Illinois","4/26/20","1","2","17057","200"
"Gallatin","0","2","Illinois","4/26/20","2","0","17059","0"
"Greene","0","2","Illinois","4/26/20","1","1","17061","100"
"Grundy","1","30","Illinois","4/26/20","26","4","17063","15.38"
"Hamilton","0","2","Illinois","4/26/20","1","1","17065","100"
"Hancock","0","4","Illinois","4/26/20","3","1","17067","33.33"
"Hardin","0","1","Illinois","4/26/20","0","1","17069","1"
"Henderson","0","4","Illinois","4/26/20","2","2","17071","100"
"Henry","1","36","Illinois","4/26/20","30","6","17073","20"
"Iroquois","1","18","Illinois","4/26/20","13","5","17075","38.46"
"Jackson","4","67","Illinois","4/26/20","42","25","17077","59.52"
"Jasper","3","42","Illinois","4/26/20","20","22","17079","110"
"Jefferson","7","83","Illinois","4/26/20","31","52","17081","167.74"
"Jersey","1","12","Illinois","4/26/20","8","4","17083","50"
"Jo Daviess","0","11","Illinois","4/26/20","12","-1","17085","-8.33"
"Johnson","0","4","Illinois","4/26/20","2","2","17087","100"
"Kane","72","1109","Illinois","4/26/20","605","504","17089","83.31"
"Kankakee","4","304","Illinois","4/26/20","275","29","17091","10.55"
"Kendall","10","208","Illinois","4/26/20","135","73","17093","54.07"
"Knox","4","36","Illinois","4/26/20","9","27","17095","300"
"Lake","118","2990","Illinois","4/26/20","2162","828","17097","38.3"
"LaSalle","2","44","Illinois","4/26/20","28","16","17099","57.14"
"Lawrence","0","3","Illinois","4/26/20","2","1","17101","50"
"Lee","0","19","Illinois","4/26/20","17","2","17103","11.76"
"Livingston","0","20","Illinois","4/26/20","17","3","17105","17.65"
"Logan","0","4","Illinois","4/26/20","4","0","17107","0"
"Macon","7","102","Illinois","4/26/20","54","48","17115","88.89"
"Macoupin","1","28","Illinois","4/26/20","21","7","17117","33.33"
"Madison","18","305","Illinois","4/26/20","180","125","17119","69.44"
"Marion","1","26","Illinois","4/26/20","20","6","17121","30"
"Marshall","0","4","Illinois","4/26/20","4","0","17123","0"
"Mason","0","6","Illinois","4/26/20","4","2","17125","50"
"Massac","0","4","Illinois","4/26/20","3","1","17127","33.33"
"McDonough","0","6","Illinois","4/26/20","3","3","17109","100"
"McHenry","25","513","Illinois","4/26/20","340","173","17111","50.88"
"McLean","0","88","Illinois","4/26/20","85","3","17113","3.53"
"Menard","0","4","Illinois","4/26/20","3","1","17129","33.33"
"Mercer","0","7","Illinois","4/26/20","5","2","17131","40"
"Monroe","2","64","Illinois","4/26/20","53","11","17133","20.75"
"Montgomery","1","23","Illinois","4/26/20","14","9","17135","64.29"
"Morgan","1","16","Illinois","4/26/20","12","4","17137","33.33"
"Moultrie","0","4","Illinois","4/26/20","2","2","17139","100"
"Ogle","6","87","Illinois","4/26/20","48","39","17141","81.25"
"Peoria","4","65","Illinois","4/26/20","39","26","17143","66.67"
"Perry","1","8","Illinois","4/26/20","1","7","17145","700"
"Piatt","0","7","Illinois","4/26/20","7","0","17147","0"
"Pike","0","1","Illinois","4/26/20","1","0","17149","0"
"Pulaski","1","15","Illinois","4/26/20","9","6","17153","66.67"
"Randolph","7","104","Illinois","4/26/20","57","47","17157","82.46"
"Richland","0","3","Illinois","4/26/20","2","1","17159","50"
"Rock Island","17","304","Illinois","4/26/20","188","116","17161","61.7"
"Saline","0","3","Illinois","4/26/20","3","0","17165","0"
"Sangamon","6","104","Illinois","4/26/20","62","42","17167","67.74"
"Schuyler","0","1","Illinois","4/26/20","1","0","17169","0"
"Shelby","1","10","Illinois","4/26/20","4","6","17173","150"
"St. Clair","17","391","Illinois","4/26/20","271","120","17163","44.28"
"Stark","0","1","Illinois","4/26/20","1","0","17175","0"
"Stephenson","1","16","Illinois","4/26/20","12","4","17177","33.33"
"Tazewell","1","36","Illinois","4/26/20","26","10","17179","38.46"
"Union","0","8","Illinois","4/26/20","5","3","17181","60"
"Vermilion","0","11","Illinois","4/26/20","9","2","17183","22.22"
"Wabash","0","1","Illinois","4/26/20","1","0","17185","0"
"Warren","5","49","Illinois","4/26/20","13","36","17187","276.92"
"Washington","0","8","Illinois","4/26/20","7","1","17189","14.29"
"Wayne","0","2","Illinois","4/26/20","1","1","17191","100"
"White","0","1","Illinois","4/26/20","0","1","17193","1"
"Whiteside","4","62","Illinois","4/26/20","36","26","17195","72.22"
"Will","69","2126","Illinois","4/26/20","1643","483","17197","29.4"
"Williamson","2","25","Illinois","4/26/20","14","11","17199","78.57"
"Winnebago","20","318","Illinois","4/26/20","178","140","17201","78.65"
"Woodford","0","11","Illinois","4/26/20","11","0","17203","0"
"Adams","0","8","Indiana","4/26/20","7","1","18001","14.29"
"Allen","20","439","Indiana","4/26/20","301","138","18003","45.85"
"Bartholomew","10","206","Indiana","4/26/20","136","70","18005","51.47"
"Benton","0","6","Indiana","4/26/20","4","2","18007","50"
"Blackford","0","7","Indiana","4/26/20","6","1","18009","16.67"
"Boone","4","182","Indiana","4/26/20","153","29","18011","18.95"
"Brown","0","15","Indiana","4/26/20","14","1","18013","7.14"
"Carroll","1","13","Indiana","4/26/20","6","7","18015","116.67"
"Cass","74","586","Indiana","4/26/20","71","515","18017","725.35"
"Clark","9","227","Indiana","4/26/20","162","65","18019","40.12"
"Clay","0","19","Indiana","4/26/20","18","1","18021","5.56"
"Clinton","2","31","Indiana","4/26/20","18","13","18023","72.22"
"Crawford","1","16","Indiana","4/26/20","12","4","18025","33.33"
"Daviess","1","43","Indiana","4/26/20","34","9","18027","26.47"
"Dearborn","2","84","Indiana","4/26/20","68","16","18029","23.53"
"Decatur","4","194","Indiana","4/26/20","168","26","18031","15.48"
"DeKalb","0","15","Indiana","4/26/20","13","2","18033","15.38"
"Delaware","5","146","Indiana","4/26/20","110","36","18035","32.73"
"Dubois","0","17","Indiana","4/26/20","16","1","18037","6.25"
"Elkhart","13","245","Indiana","4/26/20","152","93","18039","61.18"
"Fayette","0","25","Indiana","4/26/20","22","3","18041","13.64"
"Floyd","3","164","Indiana","4/26/20","142","22","18043","15.49"
"Fountain","0","9","Indiana","4/26/20","6","3","18045","50"
"Franklin","1","94","Indiana","4/26/20","89","5","18047","5.62"
"Fulton","1","13","Indiana","4/26/20","6","7","18049","116.67"
"Gibson","0","6","Indiana","4/26/20","5","1","18051","20"
"Grant","6","114","Indiana","4/26/20","75","39","18053","52"
"Greene","1","47","Indiana","4/26/20","42","5","18055","11.9"
"Hamilton","17","704","Indiana","4/26/20","583","121","18057","20.75"
"Hancock","5","178","Indiana","4/26/20","143","35","18059","24.48"
"Harrison","4","118","Indiana","4/26/20","87","31","18061","35.63"
"Hendricks","25","644","Indiana","4/26/20","471","173","18063","36.73"
"Henry","0","33","Indiana","4/26/20","31","2","18065","6.45"
"Howard","7","117","Indiana","4/26/20","68","49","18067","72.06"
"Huntington","0","7","Indiana","4/26/20","6","1","18069","16.67"
"Jackson","3","114","Indiana","4/26/20","90","24","18071","26.67"
"Jasper","1","28","Indiana","4/26/20","22","6","18073","27.27"
"Jay","0","11","Indiana","4/26/20","9","2","18075","22.22"
"Jefferson","1","22","Indiana","4/26/20","18","4","18077","22.22"
"Jennings","1","72","Indiana","4/26/20","64","8","18079","12.5"
"Johnson","17","533","Indiana","4/26/20","411","122","18081","29.68"
"Knox","0","20","Indiana","4/26/20","18","2","18083","11.11"
"Kosciusko","1","29","Indiana","4/26/20","22","7","18085","31.82"
"LaGrange","1","22","Indiana","4/26/20","16","6","18087","37.5"
"Lake","61","1533","Indiana","4/26/20","1105","428","18089","38.73"
"LaPorte","7","188","Indiana","4/26/20","140","48","18091","34.29"
"Lawrence","2","92","Indiana","4/26/20","79","13","18093","16.46"
"Madison","9","394","Indiana","4/26/20","332","62","18095","18.67"
"Marion","130","4796","Indiana","4/26/20","3889","907","18097","23.32"
"Marshall","1","27","Indiana","4/26/20","23","4","18099","17.39"
"Martin","0","7","Indiana","4/26/20","5","2","18101","40"
"Miami","6","65","Indiana","4/26/20","22","43","18103","195.45"
"Monroe","1","120","Indiana","4/26/20","114","6","18105","5.26"
"Montgomery","1","33","Indiana","4/26/20","25","8","18107","32"
"Morgan","2","131","Indiana","4/26/20","116","15","18109","12.93"
"Newton","2","46","Indiana","4/26/20","31","15","18111","48.39"
"Noble","3","54","Indiana","4/26/20","36","18","18113","50"
"Ohio","0","3","Indiana","4/26/20","1","2","18115","200"
"Orange","4","60","Indiana","4/26/20","30","30","18117","100"
"Owen","0","22","Indiana","4/26/20","21","1","18119","4.76"
"Parke","0","12","Indiana","4/26/20","9","3","18121","33.33"
"Perry","0","6","Indiana","4/26/20","5","1","18123","20"
"Pike","0","1","Indiana","4/26/20","1","0","18125","0"
"Porter","5","212","Indiana","4/26/20","175","37","18127","21.14"
"Posey","0","9","Indiana","4/26/20","7","2","18129","28.57"
"Pulaski","2","13","Indiana","4/26/20","1","12","18131","1200"
"Putnam","1","58","Indiana","4/26/20","51","7","18133","13.73"
"Randolph","0","14","Indiana","4/26/20","12","2","18135","16.67"
"Ripley","1","89","Indiana","4/26/20","82","7","18137","8.54"
"Rush","1","29","Indiana","4/26/20","19","10","18139","52.63"
"Scott","2","37","Indiana","4/26/20","24","13","18143","54.17"
"Shelby","11","180","Indiana","4/26/20","105","75","18145","71.43"
"Spencer","0","5","Indiana","4/26/20","4","1","18147","25"
"St. Joseph","25","576","Indiana","4/26/20","402","174","18141","43.28"
"Starke","1","15","Indiana","4/26/20","11","4","18149","36.36"
"Steuben","1","21","Indiana","4/26/20","17","4","18151","23.53"
"Sullivan","1","13","Indiana","4/26/20","8","5","18153","62.5"
"Switzerland","0","14","Indiana","4/26/20","13","1","18155","7.69"
"Tippecanoe","3","75","Indiana","4/26/20","56","19","18157","33.93"
"Tipton","1","17","Indiana","4/26/20","13","4","18159","30.77"
"Union","0","6","Indiana","4/26/20","6","0","18161","0"
"Vanderburgh","5","117","Indiana","4/26/20","85","32","18163","37.65"
"Vermillion","0","7","Indiana","4/26/20","6","1","18165","16.67"
"Vigo","1","62","Indiana","4/26/20","57","5","18167","8.77"
"Wabash","1","19","Indiana","4/26/20","9","10","18169","111.11"
"Warren","1","11","Indiana","4/26/20","7","4","18171","57.14"
"Warrick","3","82","Indiana","4/26/20","58","24","18173","41.38"
"Washington","2","40","Indiana","4/26/20","29","11","18175","37.93"
"Wayne","1","31","Indiana","4/26/20","27","4","18177","14.81"
"Wells","0","5","Indiana","4/26/20","5","0","18179","0"
"White","3","26","Indiana","4/26/20","7","19","18181","271.43"
"Whitley","0","16","Indiana","4/26/20","16","0","18183","0"
"Adair","0","1","Iowa","4/26/20","1","0","19001","0"
"Allamakee","5","68","Iowa","4/26/20","36","32","19005","88.89"
"Appanoose","0","2","Iowa","4/26/20","2","0","19007","0"
"Audubon","0","1","Iowa","4/26/20","1","0","19009","0"
"Benton","1","27","Iowa","4/26/20","23","4","19011","17.39"
"Black Hawk","75","714","Iowa","4/26/20","192","522","19013","271.88"
"Boone","0","7","Iowa","4/26/20","6","1","19015","16.67"
"Bremer","2","41","Iowa","4/26/20","26","15","19017","57.69"
"Buchanan","1","12","Iowa","4/26/20","8","4","19019","50"
"Buena Vista","0","4","Iowa","4/26/20","2","2","19021","100"
"Butler","0","4","Iowa","4/26/20","1","3","19023","300"
"Carroll","0","1","Iowa","4/26/20","1","0","19027","0"
"Cass","0","1","Iowa","4/26/20","1","0","19029","0"
"Cedar","0","28","Iowa","4/26/20","26","2","19031","7.69"
"Cerro Gordo","0","14","Iowa","4/26/20","14","0","19033","0"
"Cherokee","0","2","Iowa","4/26/20","0","2","19035","1"
"Chickasaw","0","4","Iowa","4/26/20","3","1","19037","33.33"
"Clarke","0","2","Iowa","4/26/20","2","0","19039","0"
"Clay","0","3","Iowa","4/26/20","3","0","19041","0"
"Clayton","1","12","Iowa","4/26/20","7","5","19043","71.43"
"Clinton","1","47","Iowa","4/26/20","41","6","19045","14.63"
"Crawford","1","14","Iowa","4/26/20","6","8","19047","133.33"
"Dallas","18","169","Iowa","4/26/20","45","124","19049","275.56"
"Delaware","0","4","Iowa","4/26/20","2","2","19055","100"
"Des Moines","1","16","Iowa","4/26/20","11","5","19057","45.45"
"Dickinson","1","5","Iowa","4/26/20","1","4","19059","400"
"Dubuque","5","80","Iowa","4/26/20","44","36","19061","81.82"
"Emmet","0","1","Iowa","4/26/20","0","1","19063","1"
"Fayette","1","15","Iowa","4/26/20","6","9","19065","150"
"Franklin","0","2","Iowa","4/26/20","1","1","19069","100"
"Greene","0","1","Iowa","4/26/20","1","0","19073","0"
"Grundy","1","8","Iowa","4/26/20","4","4","19075","100"
"Guthrie","0","6","Iowa","4/26/20","4","2","19077","50"
"Hamilton","1","7","Iowa","4/26/20","2","5","19079","250"
"Hancock","0","3","Iowa","4/26/20","3","0","19081","0"
"Hardin","1","6","Iowa","4/26/20","2","4","19083","200"
"Harrison","0","15","Iowa","4/26/20","13","2","19085","15.38"
"Henry","1","31","Iowa","4/26/20","27","4","19087","14.81"
"Howard","0","6","Iowa","4/26/20","4","2","19089","50"
"Humboldt","1","4","Iowa","4/26/20","0","4","19091","1"
"Iowa","1","17","Iowa","4/26/20","12","5","19095","41.67"
"Jackson","0","5","Iowa","4/26/20","4","1","19097","25"
"Jasper","7","83","Iowa","4/26/20","36","47","19099","130.56"
"Jefferson","0","6","Iowa","4/26/20","4","2","19101","50"
"Johnson","20","426","Iowa","4/26/20","285","141","19103","49.47"
"Jones","1","18","Iowa","4/26/20","14","4","19105","28.57"
"Keokuk","0","2","Iowa","4/26/20","3","-1","19107","-33.33"
"Kossuth","0","1","Iowa","4/26/20","1","0","19109","0"
"Lee","0","5","Iowa","4/26/20","3","2","19111","66.67"
"Linn","25","573","Iowa","4/26/20","395","178","19113","45.06"
"Louisa","8","266","Iowa","4/26/20","212","54","19115","25.47"
"Lyon","0","7","Iowa","4/26/20","5","2","19119","40"
"Madison","0","3","Iowa","4/26/20","3","0","19121","0"
"Mahaska","0","9","Iowa","4/26/20","8","1","19123","12.5"
"Marion","0","7","Iowa","4/26/20","4","3","19125","75"
"Marshall","32","380","Iowa","4/26/20","155","225","19127","145.16"
"Mills","0","2","Iowa","4/26/20","2","0","19129","0"
"Mitchell","0","2","Iowa","4/26/20","2","0","19131","0"
"Monona","0","7","Iowa","4/26/20","6","1","19133","16.67"
"Montgomery","0","1","Iowa","4/26/20","1","0","19137","0"
"Muscatine","14","305","Iowa","4/26/20","207","98","19139","47.34"
"O'Brien","0","5","Iowa","4/26/20","3","2","19141","66.67"
"Osceola","1","7","Iowa","4/26/20","3","4","19143","133.33"
"Page","0","5","Iowa","4/26/20","4","1","19145","25"
"Plymouth","0","11","Iowa","4/26/20","8","3","19149","37.5"
"Polk","57","732","Iowa","4/26/20","333","399","19153","119.82"
"Pottawattamie","1","25","Iowa","4/26/20","18","7","19155","38.89"
"Poweshiek","6","50","Iowa","4/26/20","10","40","19157","400"
"Scott","7","208","Iowa","4/26/20","159","49","19163","30.82"
"Shelby","0","9","Iowa","4/26/20","9","0","19165","0"
"Sioux","0","7","Iowa","4/26/20","7","0","19167","0"
"Story","1","23","Iowa","4/26/20","18","5","19169","27.78"
"Tama","11","263","Iowa","4/26/20","187","76","19171","40.64"
"Taylor","0","1","Iowa","4/26/20","1","0","19173","0"
"Union","0","1","Iowa","4/26/20","1","0","19175","0"
"Van Buren","0","8","Iowa","4/26/20","8","0","19177","0"
"Wapello","0","9","Iowa","4/26/20","6","3","19179","50"
"Warren","0","19","Iowa","4/26/20","18","1","19181","5.56"
"Washington","2","132","Iowa","4/26/20","118","14","19183","11.86"
"Webster","0","4","Iowa","4/26/20","3","1","19187","33.33"
"Winnebago","0","2","Iowa","4/26/20","2","0","19189","0"
"Winneshiek","3","24","Iowa","4/26/20","6","18","19191","300"
"Woodbury","53","409","Iowa","4/26/20","37","372","19193","1005.41"
"Worth","0","1","Iowa","4/26/20","1","0","19195","0"
"Wright","0","2","Iowa","4/26/20","1","1","19197","100"
"Atchison","1","9","Kansas","4/26/20","5","4","20005","80"
"Barber","0","1","Kansas","4/26/20","1","0","20007","0"
"Barton","0","9","Kansas","4/26/20","6","3","20009","50"
"Bourbon","0","6","Kansas","4/26/20","7","-1","20011","-14.29"
"Butler","0","13","Kansas","4/26/20","12","1","20015","8.33"
"Chase","0","1","Kansas","4/26/20","1","0","20017","0"
"Chautauqua","0","3","Kansas","4/26/20","3","0","20019","0"
"Cherokee","0","7","Kansas","4/26/20","7","0","20021","0"
"Clark","0","1","Kansas","4/26/20","0","1","20025","1"
"Clay","0","4","Kansas","4/26/20","2","2","20027","100"
"Cloud","0","3","Kansas","4/26/20","3","0","20029","0"
"Coffey","0","48","Kansas","4/26/20","47","1","20031","2.13"
"Cowley","0","2","Kansas","4/26/20","1","1","20035","100"
"Crawford","0","7","Kansas","4/26/20","6","1","20037","16.67"
"Dickinson","0","2","Kansas","4/26/20","1","1","20041","100"
"Doniphan","0","3","Kansas","4/26/20","1","2","20043","200"
"Douglas","1","48","Kansas","4/26/20","43","5","20045","11.63"
"Edwards","0","1","Kansas","4/26/20","0","1","20047","1"
"Ellis","0","8","Kansas","4/26/20","8","0","20051","0"
"Finney","24","202","Kansas","4/26/20","35","167","20055","477.14"
"Ford","47","459","Kansas","4/26/20","127","332","20057","261.42"
"Franklin","0","12","Kansas","4/26/20","12","0","20059","0"
"Geary","0","10","Kansas","4/26/20","9","1","20061","11.11"
"Gove","0","1","Kansas","4/26/20","1","0","20063","0"
"Grant","0","1","Kansas","4/26/20","0","1","20067","1"
"Gray","0","2","Kansas","4/26/20","1","1","20069","100"
"Greenwood","0","3","Kansas","4/26/20","2","1","20073","50"
"Hamilton","0","2","Kansas","4/26/20","1","1","20075","100"
"Harvey","0","5","Kansas","4/26/20","5","0","20079","0"
"Haskell","1","7","Kansas","4/26/20","0","7","20081","1"
"Jackson","0","2","Kansas","4/26/20","1","1","20085","100"
"Jefferson","0","8","Kansas","4/26/20","5","3","20087","60"
"Jewell","0","4","Kansas","4/26/20","4","0","20089","0"
"Johnson","8","430","Kansas","4/26/20","372","58","20091","15.59"
"Kearny","1","11","Kansas","4/26/20","1","10","20093","1000"
"Kiowa","0","1","Kansas","4/26/20","0","1","20097","1"
"Labette","0","21","Kansas","4/26/20","20","1","20099","5"
"Leavenworth","7","177","Kansas","4/26/20","128","49","20103","38.28"
"Linn","0","6","Kansas","4/26/20","6","0","20107","0"
"Lyon","14","176","Kansas","4/26/20","77","99","20111","128.57"
"Marion","0","5","Kansas","4/26/20","5","0","20115","0"
"McPherson","1","20","Kansas","4/26/20","16","4","20113","25"
"Meade","0","2","Kansas","4/26/20","0","2","20119","1"
"Miami","0","5","Kansas","4/26/20","4","1","20121","25"
"Mitchell","0","2","Kansas","4/26/20","2","0","20123","0"
"Montgomery","1","16","Kansas","4/26/20","12","4","20125","33.33"
"Morris","0","3","Kansas","4/26/20","2","1","20127","50"
"Morton","0","2","Kansas","4/26/20","2","0","20129","0"
"Neosho","0","2","Kansas","4/26/20","2","0","20133","0"
"Osage","0","5","Kansas","4/26/20","4","1","20139","25"
"Osborne","0","2","Kansas","4/26/20","2","0","20141","0"
"Ottawa","0","3","Kansas","4/26/20","3","0","20143","0"
"Phillips","0","1","Kansas","4/26/20","1","0","20147","0"
"Pottawatomie","0","9","Kansas","4/26/20","6","3","20149","50"
"Pratt","0","1","Kansas","4/26/20","1","0","20151","0"
"Reno","2","26","Kansas","4/26/20","14","12","20155","85.71"
"Republic","0","4","Kansas","4/26/20","4","0","20157","0"
"Rice","0","3","Kansas","4/26/20","0","3","20159","1"
"Riley","2","44","Kansas","4/26/20","27","17","20161","62.96"
"Rooks","0","6","Kansas","4/26/20","4","2","20163","50"
"Saline","1","19","Kansas","4/26/20","15","4","20169","26.67"
"Scott","0","1","Kansas","4/26/20","1","0","20171","0"
"Sedgwick","14","338","Kansas","4/26/20","242","96","20173","39.67"
"Seward","41","336","Kansas","4/26/20","47","289","20175","614.89"
"Shawnee","1","101","Kansas","4/26/20","91","10","20177","10.99"
"Sheridan","0","2","Kansas","4/26/20","0","2","20179","1"
"Sherman","0","3","Kansas","4/26/20","1","2","20181","200"
"Smith","0","2","Kansas","4/26/20","2","0","20183","0"
"Stafford","0","1","Kansas","4/26/20","1","0","20185","0"
"Stanton","0","4","Kansas","4/26/20","3","1","20187","33.33"
"Stevens","0","6","Kansas","4/26/20","3","3","20189","100"
"Sumner","0","3","Kansas","4/26/20","3","0","20191","0"
"Wabaunsee","2","13","Kansas","4/26/20","1","12","20197","1200"
"Wilson","0","1","Kansas","4/26/20","1","0","20205","0"
"Woodson","0","5","Kansas","4/26/20","5","0","20207","0"
"Wyandotte","21","565","Kansas","4/26/20","417","148","20209","35.49"
"Adair","4","83","Kentucky","4/26/20","53","30","21001","56.6"
"Allen","0","7","Kentucky","4/26/20","4","3","21003","75"
"Anderson","0","8","Kentucky","4/26/20","6","2","21005","33.33"
"Ballard","0","7","Kentucky","4/26/20","4","3","21007","75"
"Barren","1","13","Kentucky","4/26/20","6","7","21009","116.67"
"Bath","0","4","Kentucky","4/26/20","3","1","21011","33.33"
"Boone","5","113","Kentucky","4/26/20","81","32","21015","39.51"
"Bourbon","0","7","Kentucky","4/26/20","7","0","21017","0"
"Boyd","1","33","Kentucky","4/26/20","29","4","21019","13.79"
"Boyle","1","17","Kentucky","4/26/20","13","4","21021","30.77"
"Bracken","0","7","Kentucky","4/26/20","7","0","21023","0"
"Breathitt","0","2","Kentucky","4/26/20","1","1","21025","100"
"Breckinridge","0","8","Kentucky","4/26/20","6","2","21027","33.33"
"Bullitt","2","48","Kentucky","4/26/20","33","15","21029","45.45"
"Butler","4","104","Kentucky","4/26/20","73","31","21031","42.47"
"Caldwell","0","13","Kentucky","4/26/20","11","2","21033","18.18"
"Calloway","1","31","Kentucky","4/26/20","21","10","21035","47.62"
"Campbell","3","79","Kentucky","4/26/20","56","23","21037","41.07"
"Carlisle","0","1","Kentucky","4/26/20","0","1","21039","1"
"Carroll","0","2","Kentucky","4/26/20","2","0","21041","0"
"Carter","0","4","Kentucky","4/26/20","4","0","21043","0"
"Casey","0","1","Kentucky","4/26/20","1","0","21045","0"
"Christian","1","85","Kentucky","4/26/20","79","6","21047","7.59"
"Clark","0","19","Kentucky","4/26/20","18","1","21049","5.56"
"Clay","0","1","Kentucky","4/26/20","1","0","21051","0"
"Clinton","0","2","Kentucky","4/26/20","2","0","21053","0"
"Crittenden","0","3","Kentucky","4/26/20","3","0","21055","0"
"Cumberland","0","5","Kentucky","4/26/20","3","2","21057","66.67"
"Daviess","4","154","Kentucky","4/26/20","125","29","21059","23.2"
"Edmonson","1","15","Kentucky","4/26/20","7","8","21061","114.29"
"Fayette","3","238","Kentucky","4/26/20","219","19","21067","8.68"
"Fleming","0","2","Kentucky","4/26/20","2","0","21069","0"
"Floyd","1","10","Kentucky","4/26/20","4","6","21071","150"
"Franklin","0","16","Kentucky","4/26/20","13","3","21073","23.08"
"Fulton","0","1","Kentucky","4/26/20","1","0","21075","0"
"Gallatin","0","1","Kentucky","4/26/20","1","0","21077","0"
"Garrard","0","2","Kentucky","4/26/20","1","1","21079","100"
"Grant","0","18","Kentucky","4/26/20","16","2","21081","12.5"
"Graves","9","114","Kentucky","4/26/20","51","63","21083","123.53"
"Grayson","7","60","Kentucky","4/26/20","14","46","21085","328.57"
"Green","0","1","Kentucky","4/26/20","1","0","21087","0"
"Greenup","0","11","Kentucky","4/26/20","10","1","21089","10"
"Hancock","0","6","Kentucky","4/26/20","6","0","21091","0"
"Hardin","1","35","Kentucky","4/26/20","29","6","21093","20.69"
"Harrison","0","18","Kentucky","4/26/20","16","2","21097","12.5"
"Hart","0","2","Kentucky","4/26/20","1","1","21099","100"
"Henderson","2","45","Kentucky","4/26/20","28","17","21101","60.71"
"Henry","0","6","Kentucky","4/26/20","4","2","21103","50"
"Hickman","0","1","Kentucky","4/26/20","0","1","21105","1"
"Hopkins","10","183","Kentucky","4/26/20","111","72","21107","64.86"
"Jackson","1","60","Kentucky","4/26/20","55","5","21109","9.09"
"Jefferson","44","1120","Kentucky","4/26/20","814","306","21111","37.59"
"Jessamine","0","34","Kentucky","4/26/20","32","2","21113","6.25"
"Johnson","0","2","Kentucky","4/26/20","1","1","21115","100"
"Kenton","11","227","Kentucky","4/26/20","149","78","21117","52.35"
"Knott","0","3","Kentucky","4/26/20","3","0","21119","0"
"Knox","0","5","Kentucky","4/26/20","5","0","21121","0"
"Larue","0","5","Kentucky","4/26/20","5","0","21123","0"
"Laurel","0","14","Kentucky","4/26/20","13","1","21125","7.69"
"Lawrence","0","1","Kentucky","4/26/20","1","0","21127","0"
"Leslie","0","2","Kentucky","4/26/20","2","0","21131","0"
"Letcher","0","2","Kentucky","4/26/20","1","1","21133","100"
"Lewis","0","3","Kentucky","4/26/20","3","0","21135","0"
"Lincoln","0","4","Kentucky","4/26/20","4","0","21137","0"
"Livingston","0","1","Kentucky","4/26/20","1","0","21139","0"
"Logan","0","8","Kentucky","4/26/20","8","0","21141","0"
"Lyon","0","14","Kentucky","4/26/20","13","1","21143","7.69"
"Madison","1","29","Kentucky","4/26/20","21","8","21151","38.1"
"Marion","0","15","Kentucky","4/26/20","13","2","21155","15.38"
"Marshall","3","31","Kentucky","4/26/20","12","19","21157","158.33"
"Martin","0","3","Kentucky","4/26/20","2","1","21159","50"
"Mason","0","6","Kentucky","4/26/20","6","0","21161","0"
"McCracken","2","43","Kentucky","4/26/20","29","14","21145","48.28"
"McCreary","0","11","Kentucky","4/26/20","10","1","21147","10"
"McLean","1","12","Kentucky","4/26/20","8","4","21149","50"
"Meade","1","7","Kentucky","4/26/20","3","4","21163","133.33"
"Menifee","0","3","Kentucky","4/26/20","3","0","21165","0"
"Mercer","0","11","Kentucky","4/26/20","9","2","21167","22.22"
"Monroe","0","4","Kentucky","4/26/20","3","1","21171","33.33"
"Montgomery","0","10","Kentucky","4/26/20","9","1","21173","11.11"
"Morgan","0","1","Kentucky","4/26/20","1","0","21175","0"
"Muhlenberg","5","111","Kentucky","4/26/20","75","36","21177","48"
"Nelson","1","19","Kentucky","4/26/20","13","6","21179","46.15"
"Nicholas","0","1","Kentucky","4/26/20","1","0","21181","0"
"Ohio","3","38","Kentucky","4/26/20","17","21","21183","123.53"
"Oldham","1","27","Kentucky","4/26/20","22","5","21185","22.73"
"Owsley","0","3","Kentucky","4/26/20","2","1","21189","50"
"Pendleton","0","5","Kentucky","4/26/20","5","0","21191","0"
"Perry","0","6","Kentucky","4/26/20","4","2","21193","50"
"Pike","0","9","Kentucky","4/26/20","6","3","21195","50"
"Powell","0","1","Kentucky","4/26/20","1","0","21197","0"
"Pulaski","1","41","Kentucky","4/26/20","35","6","21199","17.14"
"Rockcastle","0","11","Kentucky","4/26/20","11","0","21203","0"
"Rowan","0","2","Kentucky","4/26/20","1","1","21205","100"
"Russell","0","16","Kentucky","4/26/20","15","1","21207","6.67"
"Scott","0","25","Kentucky","4/26/20","23","2","21209","8.7"
"Shelby","1","28","Kentucky","4/26/20","23","5","21211","21.74"
"Simpson","0","24","Kentucky","4/26/20","21","3","21213","14.29"
"Spencer","0","10","Kentucky","4/26/20","9","1","21215","11.11"
"Taylor","0","6","Kentucky","4/26/20","5","1","21217","20"
"Todd","0","11","Kentucky","4/26/20","9","2","21219","22.22"
"Trigg","0","5","Kentucky","4/26/20","4","1","21221","25"
"Trimble","0","3","Kentucky","4/26/20","2","1","21223","50"
"Union","0","8","Kentucky","4/26/20","8","0","21225","0"
"Warren","18","219","Kentucky","4/26/20","95","124","21227","130.53"
"Washington","0","5","Kentucky","4/26/20","3","2","21229","66.67"
"Wayne","0","6","Kentucky","4/26/20","6","0","21231","0"
"Webster","1","20","Kentucky","4/26/20","13","7","21233","53.85"
"Whitley","0","11","Kentucky","4/26/20","8","3","21235","37.5"
"Woodford","0","19","Kentucky","4/26/20","18","1","21239","5.56"
"Acadia","3","130","Louisiana","4/26/20","110","20","22001","18.18"
"Allen","0","82","Louisiana","4/26/20","79","3","22003","3.8"
"Ascension","9","568","Louisiana","4/26/20","508","60","22005","11.81"
"Assumption","4","173","Louisiana","4/26/20","146","27","22007","18.49"
"Avoyelles","0","69","Louisiana","4/26/20","69","0","22009","0"
"Beauregard","0","35","Louisiana","4/26/20","35","0","22011","0"
"Bienville","1","72","Louisiana","4/26/20","66","6","22013","9.09"
"Bossier","5","270","Louisiana","4/26/20","233","37","22015","15.88"
"Caddo","27","1448","Louisiana","4/26/20","1261","187","22017","14.83"
"Calcasieu","6","363","Louisiana","4/26/20","323","40","22019","12.38"
"Caldwell","0","17","Louisiana","4/26/20","15","2","22021","13.33"
"Cameron","0","3","Louisiana","4/26/20","3","0","22023","0"
"Catahoula","0","25","Louisiana","4/26/20","24","1","22025","4.17"
"Claiborne","0","52","Louisiana","4/26/20","50","2","22027","4"
"Concordia","1","30","Louisiana","4/26/20","26","4","22029","15.38"
"De Soto","4","185","Louisiana","4/26/20","156","29","22031","18.59"
"East Baton Rouge","32","1739","Louisiana","4/26/20","1512","227","22033","15.01"
"East Carroll","1","6","Louisiana","4/26/20","1","5","22035","500"
"East Feliciana","2","108","Louisiana","4/26/20","93","15","22037","16.13"
"Evangeline","0","45","Louisiana","4/26/20","43","2","22039","4.65"
"Franklin","5","116","Louisiana","4/26/20","81","35","22041","43.21"
"Grant","0","11","Louisiana","4/26/20","12","-1","22043","-8.33"
"Iberia","8","243","Louisiana","4/26/20","184","59","22045","32.07"
"Iberville","23","433","Louisiana","4/26/20","274","159","22047","58.03"
"Jackson","2","25","Louisiana","4/26/20","14","11","22049","78.57"
"Jefferson","67","6059","Louisiana","4/26/20","5592","467","22051","8.35"
"Jefferson Davis","1","59","Louisiana","4/26/20","55","4","22053","7.27"
"Lafayette","3","443","Louisiana","4/26/20","419","24","22055","5.73"
"Lafourche","8","624","Louisiana","4/26/20","566","58","22057","10.25"
"LaSalle","1","19","Louisiana","4/26/20","13","6","22059","46.15"
"Lincoln","3","72","Louisiana","4/26/20","49","23","22061","46.94"
"Livingston","5","182","Louisiana","4/26/20","148","34","22063","22.97"
"Madison","0","7","Louisiana","4/26/20","4","3","22065","75"
"Morehouse","1","46","Louisiana","4/26/20","37","9","22067","24.32"
"Natchitoches","2","73","Louisiana","4/26/20","57","16","22069","28.07"
"Orleans","49","6342","Louisiana","4/26/20","6000","342","22071","5.7"
"Ouachita","16","622","Louisiana","4/26/20","511","111","22073","21.72"
"Plaquemines","2","168","Louisiana","4/26/20","157","11","22075","7.01"
"Pointe Coupee","3","89","Louisiana","4/26/20","69","20","22077","28.99"
"Rapides","5","247","Louisiana","4/26/20","210","37","22079","17.62"
"Red River","0","22","Louisiana","4/26/20","20","2","22081","10"
"Richland","2","48","Louisiana","4/26/20","33","15","22083","45.45"
"Sabine","0","13","Louisiana","4/26/20","13","0","22085","0"
"St. Bernard","5","446","Louisiana","4/26/20","411","35","22087","8.52"
"St. Charles","8","542","Louisiana","4/26/20","488","54","22089","11.07"
"St. Helena","1","27","Louisiana","4/26/20","19","8","22091","42.11"
"St. James","3","239","Louisiana","4/26/20","218","21","22093","9.63"
"St. John the Baptist","15","749","Louisiana","4/26/20","642","107","22095","16.67"
"St. Landry","4","163","Louisiana","4/26/20","134","29","22097","21.64"
"St. Martin","4","221","Louisiana","4/26/20","190","31","22099","16.32"
"St. Mary","4","179","Louisiana","4/26/20","149","30","22101","20.13"
"St. Tammany","22","1162","Louisiana","4/26/20","1011","151","22103","14.94"
"Tangipahoa","12","528","Louisiana","4/26/20","442","86","22105","19.46"
"Tensas","0","1","Louisiana","4/26/20","1","0","22107","0"
"Terrebonne","7","371","Louisiana","4/26/20","320","51","22109","15.94"
"Union","3","102","Louisiana","4/26/20","78","24","22111","30.77"
"Vermilion","1","34","Louisiana","4/26/20","30","4","22113","13.33"
"Vernon","0","16","Louisiana","4/26/20","14","2","22115","14.29"
"Washington","8","245","Louisiana","4/26/20","191","54","22117","28.27"
"Webster","1","83","Louisiana","4/26/20","76","7","22119","9.21"
"West Baton Rouge","0","91","Louisiana","4/26/20","88","3","22121","3.41"
"West Carroll","0","4","Louisiana","4/26/20","4","0","22123","0"
"West Feliciana","4","103","Louisiana","4/26/20","74","29","22125","39.19"
"Winn","0","20","Louisiana","4/26/20","19","1","22127","5.26"
"Androscoggin","1","42","Maine","4/26/20","35","7","23001","20"
"Aroostook","0","4","Maine","4/26/20","2","2","23003","100"
"Cumberland","11","454","Maine","4/26/20","378","76","23005","20.11"
"Franklin","2","27","Maine","4/26/20","12","15","23007","125"
"Hancock","0","9","Maine","4/26/20","6","3","23009","50"
"Kennebec","1","101","Maine","4/26/20","97","4","23011","4.12"
"Knox","0","14","Maine","4/26/20","12","2","23013","16.67"
"Lincoln","0","12","Maine","4/26/20","12","0","23015","0"
"Oxford","0","15","Maine","4/26/20","14","1","23017","7.14"
"Penobscot","1","53","Maine","4/26/20","43","10","23019","23.26"
"Piscataquis","0","1","Maine","4/26/20","1","0","23021","0"
"Sagadahoc","0","18","Maine","4/26/20","16","2","23023","12.5"
"Somerset","0","17","Maine","4/26/20","16","1","23025","6.25"
"Waldo","1","48","Maine","4/26/20","42","6","23027","14.29"
"Washington","0","2","Maine","4/26/20","2","0","23029","0"
"York","3","196","Maine","4/26/20","177","19","23031","10.73"
"Allegany","11","113","Maryland","4/26/20","33","80","24001","242.42"
"Anne Arundel","66","1510","Maryland","4/26/20","1047","463","24003","44.22"
"Baltimore","111","2509","Maryland","4/26/20","1733","776","24005","44.78"
"Baltimore City","68","1866","Maryland","4/26/20","1392","474","24510","34.05"
"Calvert","3","134","Maryland","4/26/20","113","21","24009","18.58"
"Caroline","4","63","Maryland","4/26/20","33","30","24011","90.91"
"Carroll","11","391","Maryland","4/26/20","313","78","24013","24.92"
"Cecil","3","154","Maryland","4/26/20","131","23","24015","17.56"
"Charles","19","504","Maryland","4/26/20","370","134","24017","36.22"
"Dorchester","4","46","Maryland","4/26/20","21","25","24019","119.05"
"Frederick","35","834","Maryland","4/26/20","591","243","24021","41.12"
"Garrett","0","4","Maryland","4/26/20","4","0","24023","0"
"Harford","16","319","Maryland","4/26/20","210","109","24025","51.9"
"Howard","27","707","Maryland","4/26/20","515","192","24027","37.28"
"Kent","7","68","Maryland","4/26/20","18","50","24029","277.78"
"Montgomery","163","3645","Maryland","4/26/20","2507","1138","24031","45.39"
"Prince George's","235","4987","Maryland","4/26/20","3345","1642","24033","49.09"
"Queen Anne's","4","53","Maryland","4/26/20","25","28","24035","112"
"Somerset","1","16","Maryland","4/26/20","10","6","24039","60"
"St. Mary's","2","133","Maryland","4/26/20","122","11","24037","9.02"
"Talbot","2","34","Maryland","4/26/20","19","15","24041","78.95"
"Washington","8","173","Maryland","4/26/20","117","56","24043","47.86"
"Wicomico","18","270","Maryland","4/26/20","145","125","24045","86.21"
"Worcester","2","48","Maryland","4/26/20","33","15","24047","45.45"
"Barnstable","21","787","Massachusetts","4/26/20","642","145","25001","22.59"
"Berkshire","6","435","Massachusetts","4/26/20","394","41","25003","10.41"
"Bristol","172","2967","Massachusetts","4/26/20","1766","1201","25005","68.01"
"Dukes and Nantucket","0","27","Massachusetts","4/26/20","25","2","00000","8"
"Essex","338","7606","Massachusetts","4/26/20","5240","2366","25009","45.15"
"Franklin","6","231","Massachusetts","4/26/20","186","45","25011","24.19"
"Hampden","138","3332","Massachusetts","4/26/20","2366","966","25013","40.83"
"Hampshire","16","440","Massachusetts","4/26/20","328","112","25015","34.15"
"Middlesex","566","12826","Massachusetts","4/26/20","8863","3963","25017","44.71"
"Norfolk","219","5407","Massachusetts","4/26/20","3874","1533","25021","39.57"
"Plymouth","242","4562","Massachusetts","4/26/20","2869","1693","25023","59.01"
"Suffolk","499","11674","Massachusetts","4/26/20","8181","3493","25025","42.7"
"Worcester","218","4642","Massachusetts","4/26/20","3117","1525","25027","48.93"
"Alcona","0","6","Michigan","4/26/20","3","3","26001","100"
"Allegan","4","88","Michigan","4/26/20","58","30","26005","51.72"
"Alpena","7","67","Michigan","4/26/20","16","51","26007","318.75"
"Antrim","0","11","Michigan","4/26/20","10","1","26009","10"
"Arenac","1","20","Michigan","4/26/20","14","6","26011","42.86"
"Barry","1","39","Michigan","4/26/20","30","9","26015","30"
"Bay","6","136","Michigan","4/26/20","94","42","26017","44.68"
"Benzie","0","4","Michigan","4/26/20","3","1","26019","33.33"
"Berrien","9","317","Michigan","4/26/20","256","61","26021","23.83"
"Branch","2","53","Michigan","4/26/20","41","12","26023","29.27"
"Calhoun","10","225","Michigan","4/26/20","158","67","26025","42.41"
"Cass","1","35","Michigan","4/26/20","31","4","26027","12.9"
"Charlevoix","0","14","Michigan","4/26/20","13","1","26029","7.69"
"Cheboygan","1","22","Michigan","4/26/20","18","4","26031","22.22"
"Chippewa","0","3","Michigan","4/26/20","2","1","26033","50"
"Clare","0","10","Michigan","4/26/20","8","2","26035","25"
"Clinton","1","115","Michigan","4/26/20","108","7","26037","6.48"
"Crawford","3","50","Michigan","4/26/20","31","19","26039","61.29"
"Delta","0","13","Michigan","4/26/20","13","0","26041","0"
"Dickinson","0","3","Michigan","4/26/20","3","0","26043","0"
"Eaton","4","129","Michigan","4/26/20","99","30","26045","30.3"
"Emmet","0","25","Michigan","4/26/20","25","0","26047","0"
"Federal Correctional Institution (FCI)","4","81","Michigan","4/26/20","51","30","00000","58.82"
"Genesee","39","1551","Michigan","4/26/20","1275","276","26049","21.65"
"Gladwin","0","11","Michigan","4/26/20","9","2","26051","22.22"
"Gogebic","0","4","Michigan","4/26/20","4","0","26053","0"
"Grand Traverse","0","20","Michigan","4/26/20","19","1","26055","5.26"
"Gratiot","0","9","Michigan","4/26/20","9","0","26057","0"
"Hillsdale","3","115","Michigan","4/26/20","92","23","26059","25"
"Houghton","0","2","Michigan","4/26/20","2","0","26061","0"
"Huron","0","19","Michigan","4/26/20","16","3","26063","18.75"
"Ingham","15","424","Michigan","4/26/20","321","103","26065","32.09"
"Ionia","3","47","Michigan","4/26/20","26","21","26067","80.77"
"Iosco","4","43","Michigan","4/26/20","13","30","26069","230.77"
"Isabella","1","70","Michigan","4/26/20","66","4","26073","6.06"
"Jackson","12","345","Michigan","4/26/20","263","82","26075","31.18"
"Kalamazoo","20","319","Michigan","4/26/20","182","137","26077","75.27"
"Kalkaska","0","27","Michigan","4/26/20","26","1","26079","3.85"
"Kent","81","1139","Michigan","4/26/20","575","564","26081","98.09"
"Lake","0","3","Michigan","4/26/20","3","0","26085","0"
"Lapeer","3","175","Michigan","4/26/20","151","24","26087","15.89"
"Leelanau","0","9","Michigan","4/26/20","8","1","26089","12.5"
"Lenawee","3","104","Michigan","4/26/20","80","24","26091","30"
"Livingston","6","366","Michigan","4/26/20","324","42","26093","12.96"
"Luce","0","1","Michigan","4/26/20","1","0","26095","0"
"Mackinac","0","5","Michigan","4/26/20","4","1","26097","25"
"Macomb","123","5228","Michigan","4/26/20","4366","862","26099","19.74"
"Manistee","0","12","Michigan","4/26/20","12","0","26101","0"
"Marquette","1","42","Michigan","4/26/20","32","10","26103","31.25"
"Mason","0","8","Michigan","4/26/20","5","3","26105","60"
"Mecosta","0","17","Michigan","4/26/20","15","2","26107","13.33"
"Menominee","0","3","Michigan","4/26/20","1","2","26109","200"
"Michigan Department of Corrections (MDOC)","68","1031","Michigan","4/26/20","556","475","00000","85.43"
"Midland","2","79","Michigan","4/26/20","65","14","26111","21.54"
"Missaukee","2","19","Michigan","4/26/20","8","11","26113","137.5"
"Monroe","7","287","Michigan","4/26/20","235","52","26115","22.13"
"Montcalm","1","33","Michigan","4/26/20","25","8","26117","32"
"Montmorency","0","5","Michigan","4/26/20","4","1","26119","25"
"Muskegon","12","228","Michigan","4/26/20","143","85","26121","59.44"
"Newaygo","1","17","Michigan","4/26/20","9","8","26123","88.89"
"Oakland","140","7537","Michigan","4/26/20","6560","977","26125","14.89"
"Oceana","1","9","Michigan","4/26/20","3","6","26127","200"
"Ogemaw","1","13","Michigan","4/26/20","7","6","26129","85.71"
"Osceola","0","10","Michigan","4/26/20","8","2","26133","25"
"Oscoda","0","4","Michigan","4/26/20","5","-1","26135","-20"
"Otsego","3","104","Michigan","4/26/20","83","21","26137","25.3"
"Ottawa","11","213","Michigan","4/26/20","139","74","26139","53.24"
"Out of MI","-7","27","Michigan","4/26/20","76","-49","80026","-64.47"
"Presque Isle","1","10","Michigan","4/26/20","2","8","26141","400"
"Roscommon","1","15","Michigan","4/26/20","11","4","26143","36.36"
"Saginaw","23","564","Michigan","4/26/20","405","159","26145","39.26"
"Sanilac","0","35","Michigan","4/26/20","34","1","26151","2.94"
"Schoolcraft","0","3","Michigan","4/26/20","3","0","26153","0"
"Shiawassee","5","142","Michigan","4/26/20","105","37","26155","35.24"
"St. Clair","10","345","Michigan","4/26/20","277","68","26147","24.55"
"St. Joseph","1","29","Michigan","4/26/20","25","4","26149","16"
"Tuscola","3","84","Michigan","4/26/20","63","21","26157","33.33"
"Van Buren","0","48","Michigan","4/26/20","45","3","26159","6.67"
"Washtenaw","21","1108","Michigan","4/26/20","964","144","26161","14.94"
"Wayne","306","15944","Michigan","4/26/20","13805","2139","26163","15.49"
"Wexford","0","10","Michigan","4/26/20","9","1","26165","11.11"
"Aitkin","0","1","Minnesota","4/26/20","1","0","27001","0"
"Anoka","10","165","Minnesota","4/26/20","93","72","27003","77.42"
"Becker","0","2","Minnesota","4/26/20","1","1","27005","100"
"Beltrami","0","6","Minnesota","4/26/20","5","1","27007","20"
"Benton","0","4","Minnesota","4/26/20","4","0","27009","0"
"Big Stone","0","2","Minnesota","4/26/20","1","1","27011","100"
"Blue Earth","1","29","Minnesota","4/26/20","23","6","27013","26.09"
"Brown","0","8","Minnesota","4/26/20","7","1","27015","14.29"
"Carlton","2","51","Minnesota","4/26/20","36","15","27017","41.67"
"Carver","0","17","Minnesota","4/26/20","14","3","27019","21.43"
"Cass","0","5","Minnesota","4/26/20","4","1","27021","25"
"Chippewa","0","2","Minnesota","4/26/20","0","2","27023","1"
"Chisago","0","7","Minnesota","4/26/20","7","0","27025","0"
"Clay","10","125","Minnesota","4/26/20","55","70","27027","127.27"
"Clearwater","0","2","Minnesota","4/26/20","3","-1","27029","-33.33"
"Cottonwood","0","6","Minnesota","4/26/20","6","0","27033","0"
"Crow Wing","0","20","Minnesota","4/26/20","19","1","27035","5.26"
"Dakota","4","143","Minnesota","4/26/20","116","27","27037","23.28"
"Dodge","0","19","Minnesota","4/26/20","18","1","27039","5.56"
"Douglas","0","2","Minnesota","4/26/20","2","0","27041","0"
"Faribault","0","4","Minnesota","4/26/20","4","0","27043","0"
"Fillmore","0","12","Minnesota","4/26/20","10","2","27045","20"
"Freeborn","0","33","Minnesota","4/26/20","34","-1","27047","-2.94"
"Goodhue","0","19","Minnesota","4/26/20","19","0","27049","0"
"Hennepin","58","1332","Minnesota","4/26/20","924","408","27053","44.16"
"Houston","0","1","Minnesota","4/26/20","1","0","27055","0"
"Isanti","0","6","Minnesota","4/26/20","5","1","27059","20"
"Itasca","0","2","Minnesota","4/26/20","2","0","27061","0"
"Jackson","1","7","Minnesota","4/26/20","2","5","27063","250"
"Kandiyohi","5","35","Minnesota","4/26/20","2","33","27067","1650"
"Kittson","0","1","Minnesota","4/26/20","1","0","27069","0"
"Koochiching","0","1","Minnesota","4/26/20","1","0","27071","0"
"Lac qui Parle","0","1","Minnesota","4/26/20","1","0","27073","0"
"Le Sueur","0","22","Minnesota","4/26/20","22","0","27079","0"
"Lincoln","0","2","Minnesota","4/26/20","2","0","27081","0"
"Lyon","0","6","Minnesota","4/26/20","5","1","27083","20"
"Mahnomen","0","1","Minnesota","4/26/20","1","0","27087","0"
"Marshall","0","1","Minnesota","4/26/20","1","0","27089","0"
"Martin","1","43","Minnesota","4/26/20","39","4","27091","10.26"
"McLeod","0","3","Minnesota","4/26/20","3","0","27085","0"
"Meeker","0","6","Minnesota","4/26/20","3","3","27093","100"
"Mille Lacs","0","1","Minnesota","4/26/20","1","0","27095","0"
"Morrison","0","1","Minnesota","4/26/20","1","0","27097","0"
"Mower","0","28","Minnesota","4/26/20","27","1","27099","3.7"
"Murray","1","8","Minnesota","4/26/20","3","5","27101","166.67"
"Nicollet","0","9","Minnesota","4/26/20","7","2","27103","28.57"
"Nobles","42","352","Minnesota","4/26/20","60","292","27105","486.67"
"Norman","0","7","Minnesota","4/26/20","4","3","27107","75"
"Olmsted","6","239","Minnesota","4/26/20","194","45","27109","23.2"
"Otter Tail","0","8","Minnesota","4/26/20","6","2","27111","33.33"
"Pennington","0","1","Minnesota","4/26/20","0","1","27113","1"
"Pine","6","52","Minnesota","4/26/20","10","42","27115","420"
"Pipestone","0","2","Minnesota","4/26/20","2","0","27117","0"
"Polk","3","23","Minnesota","4/26/20","3","20","27119","666.67"
"Ramsey","12","278","Minnesota","4/26/20","196","82","27123","41.84"
"Red Lake","0","1","Minnesota","4/26/20","1","0","27125","0"
"Redwood","0","1","Minnesota","4/26/20","1","0","27127","0"
"Renville","0","3","Minnesota","4/26/20","3","0","27129","0"
"Rice","0","9","Minnesota","4/26/20","8","1","27131","12.5"
"Rock","0","5","Minnesota","4/26/20","3","2","27133","66.67"
"Roseau","0","1","Minnesota","4/26/20","1","0","27135","0"
"Scott","1","32","Minnesota","4/26/20","25","7","27139","28"
"Sherburne","0","16","Minnesota","4/26/20","13","3","27141","23.08"
"Sibley","0","1","Minnesota","4/26/20","1","0","27143","0"
"St. Louis","2","61","Minnesota","4/26/20","48","13","27137","27.08"
"Stearns","3","38","Minnesota","4/26/20","16","22","27145","137.5"
"Steele","0","12","Minnesota","4/26/20","9","3","27147","33.33"
"Swift","0","1","Minnesota","4/26/20","1","0","27151","0"
"Todd","0","3","Minnesota","4/26/20","2","1","27153","50"
"Traverse","0","2","Minnesota","4/26/20","2","0","27155","0"
"Wabasha","0","8","Minnesota","4/26/20","8","0","27157","0"
"Waseca","0","3","Minnesota","4/26/20","3","0","27161","0"
"Washington","3","113","Minnesota","4/26/20","94","19","27163","20.21"
"Watonwan","0","7","Minnesota","4/26/20","4","3","27165","75"
"Wilkin","0","11","Minnesota","4/26/20","9","2","27167","22.22"
"Winona","1","66","Minnesota","4/26/20","61","5","27169","8.2"
"Wright","1","33","Minnesota","4/26/20","25","8","27171","32"
"Yellow Medicine","0","3","Minnesota","4/26/20","3","0","27173","0"
"Adams","5","113","Mississippi","4/26/20","81","32","28001","39.51"
"Alcorn","0","9","Mississippi","4/26/20","8","1","28003","12.5"
"Amite","1","23","Mississippi","4/26/20","17","6","28005","35.29"
"Attala","7","82","Mississippi","4/26/20","36","46","28007","127.78"
"Benton","0","9","Mississippi","4/26/20","7","2","28009","28.57"
"Bolivar","2","96","Mississippi","4/26/20","82","14","28011","17.07"
"Calhoun","2","50","Mississippi","4/26/20","39","11","28013","28.21"
"Carroll","1","18","Mississippi","4/26/20","14","4","28015","28.57"
"Chickasaw","3","63","Mississippi","4/26/20","43","20","28017","46.51"
"Choctaw","0","13","Mississippi","4/26/20","12","1","28019","8.33"
"Claiborne","1","19","Mississippi","4/26/20","10","9","28021","90"
"Clarke","3","46","Mississippi","4/26/20","27","19","28023","70.37"
"Clay","1","31","Mississippi","4/26/20","25","6","28025","24"
"Coahoma","1","56","Mississippi","4/26/20","48","8","28027","16.67"
"Copiah","4","71","Mississippi","4/26/20","46","25","28029","54.35"
"Covington","3","50","Mississippi","4/26/20","29","21","28031","72.41"
"DeSoto","4","261","Mississippi","4/26/20","234","27","28033","11.54"
"Forrest","7","190","Mississippi","4/26/20","144","46","28035","31.94"
"Franklin","0","16","Mississippi","4/26/20","16","0","28037","0"
"George","0","11","Mississippi","4/26/20","10","1","28039","10"
"Greene","0","4","Mississippi","4/26/20","3","1","28041","33.33"
"Grenada","1","27","Mississippi","4/26/20","20","7","28043","35"
"Hancock","1","60","Mississippi","4/26/20","52","8","28045","15.38"
"Harrison","2","158","Mississippi","4/26/20","144","14","28047","9.72"
"Hinds","11","415","Mississippi","4/26/20","337","78","28049","23.15"
"Holmes","7","105","Mississippi","4/26/20","58","47","28051","81.03"
"Humphreys","0","14","Mississippi","4/26/20","12","2","28053","16.67"
"Itawamba","2","37","Mississippi","4/26/20","21","16","28057","76.19"
"Jackson","5","238","Mississippi","4/26/20","205","33","28059","16.1"
"Jasper","1","31","Mississippi","4/26/20","23","8","28061","34.78"
"Jefferson","1","9","Mississippi","4/26/20","4","5","28063","125"
"Jefferson Davis","2","25","Mississippi","4/26/20","8","17","28065","212.5"
"Jones","7","118","Mississippi","4/26/20","70","48","28067","68.57"
"Kemper","3","43","Mississippi","4/26/20","19","24","28069","126.32"
"Lafayette","3","88","Mississippi","4/26/20","64","24","28071","37.5"
"Lamar","3","89","Mississippi","4/26/20","67","22","28073","32.84"
"Lauderdale","13","295","Mississippi","4/26/20","202","93","28075","46.04"
"Lawrence","3","35","Mississippi","4/26/20","16","19","28077","118.75"
"Leake","12","158","Mississippi","4/26/20","77","81","28079","105.19"
"Lee","2","72","Mississippi","4/26/20","60","12","28081","20"
"Leflore","6","136","Mississippi","4/26/20","91","45","28083","49.45"
"Lincoln","5","136","Mississippi","4/26/20","101","35","28085","34.65"
"Lowndes","1","41","Mississippi","4/26/20","32","9","28087","28.12"
"Madison","8","194","Mississippi","4/26/20","135","59","28089","43.7"
"Marion","2","58","Mississippi","4/26/20","43","15","28091","34.88"
"Marshall","0","41","Mississippi","4/26/20","38","3","28093","7.89"
"Monroe","9","134","Mississippi","4/26/20","68","66","28095","97.06"
"Montgomery","1","19","Mississippi","4/26/20","15","4","28097","26.67"
"Neshoba","13","153","Mississippi","4/26/20","65","88","28099","135.38"
"Newton","5","61","Mississippi","4/26/20","26","35","28101","134.62"
"Noxubee","3","46","Mississippi","4/26/20","22","24","28103","109.09"
"Oktibbeha","0","46","Mississippi","4/26/20","43","3","28105","6.98"
"Panola","0","37","Mississippi","4/26/20","35","2","28107","5.71"
"Pearl River","4","152","Mississippi","4/26/20","126","26","28109","20.63"
"Perry","1","26","Mississippi","4/26/20","22","4","28111","18.18"
"Pike","5","136","Mississippi","4/26/20","104","32","28113","30.77"
"Pontotoc","0","18","Mississippi","4/26/20","18","0","28115","0"
"Prentiss","2","30","Mississippi","4/26/20","19","11","28117","57.89"
"Quitman","0","14","Mississippi","4/26/20","13","1","28119","7.69"
"Rankin","5","167","Mississippi","4/26/20","133","34","28121","25.56"
"Scott","17","249","Mississippi","4/26/20","130","119","28123","91.54"
"Sharkey","0","4","Mississippi","4/26/20","3","1","28125","33.33"
"Simpson","3","40","Mississippi","4/26/20","21","19","28127","90.48"
"Smith","2","60","Mississippi","4/26/20","45","15","28129","33.33"
"Stone","1","22","Mississippi","4/26/20","18","4","28131","22.22"
"Sunflower","1","51","Mississippi","4/26/20","47","4","28133","8.51"
"Tallahatchie","0","11","Mississippi","4/26/20","8","3","28135","37.5"
"Tate","1","38","Mississippi","4/26/20","31","7","28137","22.58"
"Tippah","1","52","Mississippi","4/26/20","47","5","28139","10.64"
"Tishomingo","0","7","Mississippi","4/26/20","4","3","28141","75"
"Tunica","1","35","Mississippi","4/26/20","31","4","28143","12.9"
"Union","1","15","Mississippi","4/26/20","11","4","28145","36.36"
"Walthall","1","28","Mississippi","4/26/20","24","4","28147","16.67"
"Warren","4","47","Mississippi","4/26/20","21","26","28149","123.81"
"Washington","1","78","Mississippi","4/26/20","71","7","28151","9.86"
"Wayne","1","19","Mississippi","4/26/20","11","8","28153","72.73"
"Webster","0","16","Mississippi","4/26/20","15","1","28155","6.67"
"Wilkinson","1","68","Mississippi","4/26/20","58","10","28157","17.24"
"Winston","1","38","Mississippi","4/26/20","33","5","28159","15.15"
"Yalobusha","0","18","Mississippi","4/26/20","15","3","28161","20"
"Yazoo","4","122","Mississippi","4/26/20","91","31","28163","34.07"
"Adair","0","12","Missouri","4/26/20","12","0","29001","0"
"Andrew","0","1","Missouri","4/26/20","1","0","29003","0"
"Atchison","0","2","Missouri","4/26/20","2","0","29005","0"
"Audrain","0","1","Missouri","4/26/20","0","1","29007","1"
"Barry","0","6","Missouri","4/26/20","3","3","29009","100"
"Bates","0","6","Missouri","4/26/20","6","0","29013","0"
"Benton","0","4","Missouri","4/26/20","3","1","29015","33.33"
"Bollinger","0","4","Missouri","4/26/20","3","1","29017","33.33"
"Boone","1","98","Missouri","4/26/20","93","5","29019","5.38"
"Buchanan","4","57","Missouri","4/26/20","31","26","29021","83.87"
"Butler","0","26","Missouri","4/26/20","23","3","29023","13.04"
"Caldwell","0","2","Missouri","4/26/20","2","0","29025","0"
"Callaway","0","21","Missouri","4/26/20","21","0","29027","0"
"Camden","0","35","Missouri","4/26/20","32","3","29029","9.38"
"Cape Girardeau","2","47","Missouri","4/26/20","36","11","29031","30.56"
"Carroll","0","3","Missouri","4/26/20","0","3","29033","1"
"Carter","0","3","Missouri","4/26/20","3","0","29035","0"
"Cass","1","58","Missouri","4/26/20","53","5","29037","9.43"
"Cedar","0","5","Missouri","4/26/20","5","0","29039","0"
"Chariton","0","5","Missouri","4/26/20","4","1","29041","25"
"Christian","0","19","Missouri","4/26/20","19","0","29043","0"
"Clark","0","1","Missouri","4/26/20","1","0","29045","0"
"Clay","1","67","Missouri","4/26/20","57","10","29047","17.54"
"Clinton","0","11","Missouri","4/26/20","11","0","29049","0"
"Cole","1","50","Missouri","4/26/20","46","4","29051","8.7"
"Cooper","0","7","Missouri","4/26/20","4","3","29053","75"
"Crawford","0","7","Missouri","4/26/20","6","1","29055","16.67"
"Dallas","0","2","Missouri","4/26/20","2","0","29059","0"
"Daviess","0","2","Missouri","4/26/20","2","0","29061","0"
"DeKalb","0","3","Missouri","4/26/20","3","0","29063","0"
"Dunklin","0","20","Missouri","4/26/20","19","1","29069","5.26"
"Franklin","1","106","Missouri","4/26/20","98","8","29071","8.16"
"Gasconade","0","2","Missouri","4/26/20","2","0","29073","0"
"Gentry","0","1","Missouri","4/26/20","1","0","29075","0"
"Greene","0","93","Missouri","4/26/20","90","3","29077","3.33"
"Harrison","0","6","Missouri","4/26/20","6","0","29081","0"
"Henry","0","8","Missouri","4/26/20","6","2","29083","33.33"
"Holt","0","1","Missouri","4/26/20","1","0","29087","0"
"Howard","0","2","Missouri","4/26/20","2","0","29089","0"
"Howell","0","5","Missouri","4/26/20","5","0","29091","0"
"Iron","0","2","Missouri","4/26/20","2","0","29093","0"
"Jackson","6","307","Missouri","4/26/20","268","39","29095","14.55"
"Jasper","-1","24","Missouri","4/26/20","28","-4","29097","-14.29"
"Jefferson","6","258","Missouri","4/26/20","214","44","29099","20.56"
"Johnson","1","53","Missouri","4/26/20","48","5","29101","10.42"
"Kansas City","11","493","Missouri","4/26/20","418","75","00000","17.94"
"Lafayette","1","35","Missouri","4/26/20","30","5","29107","16.67"
"Lewis","1","6","Missouri","4/26/20","0","6","29111","1"
"Lincoln","5","68","Missouri","4/26/20","35","33","29113","94.29"
"Linn","0","5","Missouri","4/26/20","5","0","29115","0"
"Livingston","0","2","Missouri","4/26/20","2","0","29117","0"
"Macon","0","2","Missouri","4/26/20","2","0","29121","0"
"Madison","0","1","Missouri","4/26/20","1","0","29123","0"
"Maries","0","2","Missouri","4/26/20","2","0","29125","0"
"Marion","1","5","Missouri","4/26/20","0","5","29127","1"
"McDonald","0","4","Missouri","4/26/20","4","0","29119","0"
"Miller","0","1","Missouri","4/26/20","1","0","29131","0"
"Mississippi","3","23","Missouri","4/26/20","0","23","29133","1"
"Moniteau","3","59","Missouri","4/26/20","39","20","29135","51.28"
"Montgomery","0","7","Missouri","4/26/20","7","0","29139","0"
"Morgan","0","3","Missouri","4/26/20","2","1","29141","50"
"New Madrid","0","9","Missouri","4/26/20","9","0","29143","0"
"Newton","0","10","Missouri","4/26/20","9","1","29145","11.11"
"Nodaway","0","3","Missouri","4/26/20","3","0","29147","0"
"Oregon","0","1","Missouri","4/26/20","1","0","29149","0"
"Osage","0","5","Missouri","4/26/20","4","1","29151","25"
"Pemiscot","1","18","Missouri","4/26/20","13","5","29155","38.46"
"Perry","0","41","Missouri","4/26/20","41","0","29157","0"
"Pettis","2","27","Missouri","4/26/20","13","14","29159","107.69"
"Phelps","0","2","Missouri","4/26/20","1","1","29161","100"
"Pike","0","8","Missouri","4/26/20","6","2","29163","33.33"
"Platte","1","31","Missouri","4/26/20","27","4","29165","14.81"
"Polk","0","1","Missouri","4/26/20","1","0","29167","0"
"Pulaski","0","33","Missouri","4/26/20","31","2","29169","6.45"
"Ralls","0","1","Missouri","4/26/20","1","0","29173","0"
"Randolph","0","8","Missouri","4/26/20","8","0","29175","0"
"Ray","1","11","Missouri","4/26/20","7","4","29177","57.14"
"Reynolds","0","2","Missouri","4/26/20","2","0","29179","0"
"Ripley","0","5","Missouri","4/26/20","4","1","29181","25"
"Saline","14","162","Missouri","4/26/20","64","98","29195","153.12"
"Scotland","0","4","Missouri","4/26/20","4","0","29199","0"
"Scott","1","61","Missouri","4/26/20","51","10","29201","19.61"
"Shelby","0","1","Missouri","4/26/20","1","0","29205","0"
"St. Charles","12","526","Missouri","4/26/20","443","83","29183","18.74"
"St. Clair","0","2","Missouri","4/26/20","2","0","29185","0"
"St. Francois","1","28","Missouri","4/26/20","24","4","29187","16.67"
"St. Louis","89","2972","Missouri","4/26/20","2347","625","29189","26.63"
"St. Louis City","26","1037","Missouri","4/26/20","857","180","29510","21"
"Ste. Genevieve","0","7","Missouri","4/26/20","7","0","29186","0"
"Stoddard","0","19","Missouri","4/26/20","18","1","29207","5.56"
"Stone","0","3","Missouri","4/26/20","3","0","29209","0"
"Taney","0","10","Missouri","4/26/20","9","1","29213","11.11"
"Vernon","0","4","Missouri","4/26/20","4","0","29217","0"
"Warren","0","22","Missouri","4/26/20","22","0","29219","0"
"Washington","1","8","Missouri","4/26/20","4","4","29221","100"
"Webster","1","13","Missouri","4/26/20","8","5","29225","62.5"
"Worth","0","1","Missouri","4/26/20","1","0","29227","0"
"Wright","0","9","Missouri","4/26/20","9","0","29229","0"
"Beaverhead","0","1","Montana","4/26/20","1","0","30001","0"
"Big Horn","0","3","Montana","4/26/20","3","0","30003","0"
"Broadwater","0","4","Montana","4/26/20","4","0","30007","0"
"Carbon","0","6","Montana","4/26/20","6","0","30009","0"
"Cascade","0","14","Montana","4/26/20","13","1","30013","7.69"
"Deer Lodge","0","3","Montana","4/26/20","3","0","30023","0"
"Flathead","0","37","Montana","4/26/20","37","0","30029","0"
"Gallatin","0","146","Montana","4/26/20","143","3","30031","2.1"
"Glacier","0","6","Montana","4/26/20","4","2","30035","50"
"Golden Valley","0","3","Montana","4/26/20","3","0","30037","0"
"Hill","0","1","Montana","4/26/20","1","0","30041","0"
"Jefferson","0","2","Montana","4/26/20","2","0","30043","0"
"Lake","0","5","Montana","4/26/20","5","0","30047","0"
"Lewis and Clark","0","16","Montana","4/26/20","16","0","30049","0"
"Liberty","0","1","Montana","4/26/20","1","0","30051","0"
"Lincoln","0","7","Montana","4/26/20","7","0","30053","0"
"Madison","0","8","Montana","4/26/20","8","0","30057","0"
"Meagher","0","1","Montana","4/26/20","1","0","30059","0"
"Missoula","0","39","Montana","4/26/20","38","1","30063","2.63"
"Musselshell","0","1","Montana","4/26/20","1","0","30065","0"
"Park","0","7","Montana","4/26/20","7","0","30067","0"
"Pondera","0","2","Montana","4/26/20","2","0","30073","0"
"Ravalli","0","5","Montana","4/26/20","5","0","30081","0"
"Richland","0","3","Montana","4/26/20","3","0","30083","0"
"Roosevelt","0","7","Montana","4/26/20","6","1","30085","16.67"
"Silver Bow","0","11","Montana","4/26/20","11","0","30093","0"
"Stillwater","0","1","Montana","4/26/20","1","0","30095","0"
"Toole","0","29","Montana","4/26/20","29","0","30101","0"
"Wheatland","0","1","Montana","4/26/20","0","1","30107","1"
"Yellowstone","1","78","Montana","4/26/20","72","6","30111","8.33"
"Adams","4","129","Nebraska","4/26/20","98","31","31001","31.63"
"Antelope","0","2","Nebraska","4/26/20","1","1","31003","100"
"Box Butte","0","1","Nebraska","4/26/20","1","0","31013","0"
"Buffalo","5","86","Nebraska","4/26/20","52","34","31019","65.38"
"Burt","0","2","Nebraska","4/26/20","1","1","31021","100"
"Butler","0","2","Nebraska","4/26/20","1","1","31023","100"
"Cass","0","4","Nebraska","4/26/20","5","-1","31025","-20"
"Cherry","0","1","Nebraska","4/26/20","1","0","31031","0"
"Cheyenne","0","5","Nebraska","4/26/20","4","1","31033","25"
"Clay","0","4","Nebraska","4/26/20","4","0","31035","0"
"Colfax","2","20","Nebraska","4/26/20","4","16","31037","400"
"Cuming","0","3","Nebraska","4/26/20","2","1","31039","50"
"Custer","0","22","Nebraska","4/26/20","20","2","31041","10"
"Dakota","53","403","Nebraska","4/26/20","29","374","31043","1289.66"
"Dawes","0","2","Nebraska","4/26/20","0","2","31045","1"
"Dawson","35","367","Nebraska","4/26/20","124","243","31047","195.97"
"Dixon","0","2","Nebraska","4/26/20","0","2","31051","1"
"Dodge","4","45","Nebraska","4/26/20","16","29","31053","181.25"
"Douglas","20","419","Nebraska","4/26/20","280","139","31055","49.64"
"Fillmore","0","1","Nebraska","4/26/20","0","1","31059","1"
"Franklin","0","3","Nebraska","4/26/20","3","0","31061","0"
"Furnas","0","2","Nebraska","4/26/20","2","0","31065","0"
"Gage","0","29","Nebraska","4/26/20","28","1","31067","3.57"
"Gosper","0","8","Nebraska","4/26/20","5","3","31073","60"
"Greeley","0","1","Nebraska","4/26/20","0","1","31077","1"
"Hall","60","876","Nebraska","4/26/20","457","419","31079","91.68"
"Hamilton","4","46","Nebraska","4/26/20","19","27","31081","142.11"
"Howard","1","12","Nebraska","4/26/20","3","9","31093","300"
"Jefferson","0","1","Nebraska","4/26/20","0","1","31095","1"
"Johnson","0","4","Nebraska","4/26/20","2","2","31097","100"
"Kearney","0","4","Nebraska","4/26/20","4","0","31099","0"
"Kimball","0","9","Nebraska","4/26/20","9","0","31105","0"
"Knox","0","2","Nebraska","4/26/20","2","0","31107","0"
"Lancaster","8","140","Nebraska","4/26/20","81","59","31109","72.84"
"Lincoln","0","20","Nebraska","4/26/20","18","2","31111","11.11"
"Madison","8","65","Nebraska","4/26/20","9","56","31119","622.22"
"Merrick","0","10","Nebraska","4/26/20","7","3","31121","42.86"
"Morrill","0","1","Nebraska","4/26/20","1","0","31123","0"
"Nance","0","1","Nebraska","4/26/20","1","0","31125","0"
"Nemaha","0","1","Nebraska","4/26/20","1","0","31127","0"
"Otoe","0","1","Nebraska","4/26/20","1","0","31131","0"
"Phelps","0","1","Nebraska","4/26/20","1","0","31137","0"
"Pierce","0","1","Nebraska","4/26/20","1","0","31139","0"
"Platte","3","27","Nebraska","4/26/20","7","20","31141","285.71"
"Polk","0","5","Nebraska","4/26/20","5","0","31143","0"
"Red Willow","0","1","Nebraska","4/26/20","1","0","31145","0"
"Saline","8","60","Nebraska","4/26/20","7","53","31151","757.14"
"Sarpy","5","87","Nebraska","4/26/20","53","34","31153","64.15"
"Saunders","0","9","Nebraska","4/26/20","6","3","31155","50"
"Scotts Bluff","1","27","Nebraska","4/26/20","22","5","31157","22.73"
"Seward","1","6","Nebraska","4/26/20","2","4","31159","200"
"Sherman","0","1","Nebraska","4/26/20","0","1","31163","1"
"Stanton","0","2","Nebraska","4/26/20","2","0","31167","0"
"Thurston","0","1","Nebraska","4/26/20","1","0","31173","0"
"Washington","0","22","Nebraska","4/26/20","20","2","31177","10"
"Wayne","0","1","Nebraska","4/26/20","1","0","31179","0"
"Webster","0","3","Nebraska","4/26/20","2","1","31181","50"
"York","0","10","Nebraska","4/26/20","7","3","31185","42.86"
"Carson City","1","37","Nevada","4/26/20","28","9","32510","32.14"
"Churchill","0","3","Nevada","4/26/20","3","0","32001","0"
"Clark","104","3665","Nevada","4/26/20","2940","725","32003","24.66"
"Douglas","1","19","Nevada","4/26/20","15","4","32005","26.67"
"Elko","0","12","Nevada","4/26/20","12","0","32007","0"
"Humboldt","1","36","Nevada","4/26/20","26","10","32013","38.46"
"Lander","0","1","Nevada","4/26/20","0","1","32015","1"
"Lyon","1","26","Nevada","4/26/20","16","10","32019","62.5"
"Mineral","0","2","Nevada","4/26/20","0","2","32021","1"
"Nye","0","31","Nevada","4/26/20","28","3","32023","10.71"
"Washoe","24","804","Nevada","4/26/20","637","167","32031","26.22"
"White Pine","0","3","Nevada","4/26/20","3","0","32033","0"
"Belknap","1","31","New Hampshire","4/26/20","26","5","33001","19.23"
"Carroll","0","30","New Hampshire","4/26/20","30","0","33003","0"
"Cheshire","1","36","New Hampshire","4/26/20","29","7","33005","24.14"
"Coos","0","2","New Hampshire","4/26/20","2","0","33007","0"
"Grafton","0","48","New Hampshire","4/26/20","45","3","33009","6.67"
"Hillsborough","35","824","New Hampshire","4/26/20","581","243","33011","41.82"
"Merrimack","5","126","New Hampshire","4/26/20","94","32","33013","34.04"
"Rockingham","20","619","New Hampshire","4/26/20","479","140","33015","29.23"
"Strafford","5","132","New Hampshire","4/26/20","94","38","33017","40.43"
"Sullivan","0","11","New Hampshire","4/26/20","10","1","33019","10"
"Atlantic","34","638","New Jersey","4/26/20","398","240","34001","60.3"
"Bergen","332","14965","New Jersey","4/26/20","12639","2326","34003","18.4"
"Burlington","107","2333","New Jersey","4/26/20","1587","746","34005","47.01"
"Camden","122","2983","New Jersey","4/26/20","2131","852","34007","39.98"
"Cape May","11","281","New Jersey","4/26/20","206","75","34009","36.41"
"Cumberland","30","520","New Jersey","4/26/20","308","212","34011","68.83"
"Essex","366","12863","New Jersey","4/26/20","10304","2559","34013","24.84"
"Gloucester","34","976","New Jersey","4/26/20","737","239","34015","32.43"
"Hudson","460","13708","New Jersey","4/26/20","10486","3222","34017","30.73"
"Hunterdon","18","536","New Jersey","4/26/20","407","129","34019","31.7"
"Mercer","137","3355","New Jersey","4/26/20","2395","960","34021","40.08"
"Middlesex","375","10642","New Jersey","4/26/20","8017","2625","34023","32.74"
"Monmouth","143","5671","New Jersey","4/26/20","4669","1002","34025","21.46"
"Morris","120","4976","New Jersey","4/26/20","4136","840","34027","20.31"
"Ocean","188","5962","New Jersey","4/26/20","4648","1314","34029","28.27"
"Passaic","407","11137","New Jersey","4/26/20","8288","2849","34031","34.38"
"Salem","9","181","New Jersey","4/26/20","116","65","34033","56.03"
"Somerset","109","3144","New Jersey","4/26/20","2384","760","34035","31.88"
"Sussex","28","855","New Jersey","4/26/20","659","196","34037","29.74"
"Union","321","11853","New Jersey","4/26/20","9609","2244","34039","23.35"
"Warren","27","778","New Jersey","4/26/20","592","186","34041","31.42"
"Bernalillo","21","688","New Mexico","4/26/20","542","146","35001","26.94"
"Catron","0","1","New Mexico","4/26/20","1","0","35003","0"
"Chaves","0","22","New Mexico","4/26/20","21","1","35005","4.76"
"Cibola","1","41","New Mexico","4/26/20","33","8","35006","24.24"
"Colfax","0","5","New Mexico","4/26/20","4","1","35007","25"
"Curry","0","13","New Mexico","4/26/20","10","3","35009","30"
"Dona Ana","7","116","New Mexico","4/26/20","69","47","35013","68.12"
"Eddy","1","13","New Mexico","4/26/20","9","4","35015","44.44"
"Grant","0","14","New Mexico","4/26/20","13","1","35017","7.69"
"Guadalupe","2","13","New Mexico","4/26/20","1","12","35019","1200"
"Harding","0","1","New Mexico","4/26/20","0","1","35021","1"
"Lea","1","10","New Mexico","4/26/20","2","8","35025","400"
"Lincoln","0","2","New Mexico","4/26/20","1","1","35027","100"
"Los Alamos","0","6","New Mexico","4/26/20","6","0","35028","0"
"Luna","0","3","New Mexico","4/26/20","3","0","35029","0"
"McKinley","51","720","New Mexico","4/26/20","363","357","35031","98.35"
"Otero","0","4","New Mexico","4/26/20","3","1","35035","33.33"
"Quay","0","4","New Mexico","4/26/20","2","2","35037","100"
"Rio Arriba","1","14","New Mexico","4/26/20","10","4","35039","40"
"Roosevelt","1","7","New Mexico","4/26/20","1","6","35041","600"
"San Juan","24","442","New Mexico","4/26/20","275","167","35045","60.73"
"San Miguel","0","2","New Mexico","4/26/20","2","0","35047","0"
"Sandoval","8","374","New Mexico","4/26/20","315","59","35043","18.73"
"Santa Fe","2","95","New Mexico","4/26/20","83","12","35049","14.46"
"Socorro","3","40","New Mexico","4/26/20","20","20","35053","100"
"Taos","0","17","New Mexico","4/26/20","15","2","35055","13.33"
"Torrance","0","14","New Mexico","4/26/20","12","2","35057","16.67"
"Union","0","3","New Mexico","4/26/20","0","3","35059","1"
"Valencia","2","42","New Mexico","4/26/20","29","13","35061","44.83"
"Albany","38","948","New York","4/26/20","682","266","36001","39"
"Allegany","1","35","New York","4/26/20","30","5","36003","16.67"
"Broome","9","257","New York","4/26/20","192","65","36007","33.85"
"Cattaraugus","2","45","New York","4/26/20","34","11","36009","32.35"
"Cayuga","2","47","New York","4/26/20","36","11","36011","30.56"
"Chautauqua","1","29","New York","4/26/20","25","4","36013","16"
"Chemung","5","106","New York","4/26/20","73","33","36015","45.21"
"Chenango","2","93","New York","4/26/20","78","15","36017","19.23"
"Clinton","1","57","New York","4/26/20","49","8","36019","16.33"
"Columbia","5","143","New York","4/26/20","107","36","36021","33.64"
"Cortland","0","28","New York","4/26/20","25","3","36023","12"
"Delaware","1","58","New York","4/26/20","49","9","36025","18.37"
"Dutchess","70","2729","New York","4/26/20","2240","489","36027","21.83"
"Erie","109","2954","New York","4/26/20","2192","762","36029","34.76"
"Essex","1","24","New York","4/26/20","18","6","36031","33.33"
"Franklin","0","14","New York","4/26/20","13","1","36033","7.69"
"Fulton","5","62","New York","4/26/20","27","35","36035","129.63"
"Genesee","4","144","New York","4/26/20","117","27","36037","23.08"
"Greene","4","110","New York","4/26/20","85","25","36039","29.41"
"Hamilton","0","3","New York","4/26/20","3","0","36041","0"
"Herkimer","1","57","New York","4/26/20","49","8","36043","16.33"
"Jefferson","1","60","New York","4/26/20","54","6","36045","11.11"
"Lewis","0","9","New York","4/26/20","8","1","36049","12.5"
"Livingston","3","60","New York","4/26/20","39","21","36051","53.85"
"Madison","1","123","New York","4/26/20","117","6","36053","5.13"
"Monroe","41","1316","New York","4/26/20","1032","284","36055","27.52"
"Montgomery","2","47","New York","4/26/20","35","12","36057","34.29"
"Nassau","644","34522","New York","4/26/20","30013","4509","36059","15.02"
"New York","3427","158258","New York","4/26/20","134267","23991","36061","17.87"
"Niagara","17","368","New York","4/26/20","246","122","36063","49.59"
"Oneida","16","384","New York","4/26/20","275","109","36065","39.64"
"Onondaga","8","692","New York","4/26/20","637","55","36067","8.63"
"Ontario","2","84","New York","4/26/20","70","14","36069","20"
"Orange","227","8106","New York","4/26/20","6514","1592","36071","24.44"
"Orleans","5","80","New York","4/26/20","46","34","36073","73.91"
"Oswego","2","61","New York","4/26/20","47","14","36075","29.79"
"Otsego","2","60","New York","4/26/20","48","12","36077","25"
"Putnam","18","904","New York","4/26/20","778","126","36079","16.2"
"Rensselaer","8","242","New York","4/26/20","186","56","36083","30.11"
"Rockland","270","11256","New York","4/26/20","9364","1892","36087","20.21"
"Saratoga","11","330","New York","4/26/20","251","79","36091","31.47"
"Schenectady","22","449","New York","4/26/20","295","154","36093","52.2"
"Schoharie","2","35","New York","4/26/20","20","15","36095","75"
"Schuyler","0","7","New York","4/26/20","8","-1","36097","-12.5"
"Seneca","3","38","New York","4/26/20","18","20","36099","111.11"
"St. Lawrence","9","167","New York","4/26/20","105","62","36089","59.05"
"Steuben","4","207","New York","4/26/20","181","26","36101","14.36"
"Suffolk","739","32059","New York","4/26/20","26888","5171","36103","19.23"
"Sullivan","27","724","New York","4/26/20","537","187","36105","34.82"
"Tioga","5","71","New York","4/26/20","35","36","36107","102.86"
"Tompkins","1","126","New York","4/26/20","119","7","36109","5.88"
"Ulster","33","1190","New York","4/26/20","960","230","36111","23.96"
"Warren","6","135","New York","4/26/20","96","39","36113","40.62"
"Washington","9","127","New York","4/26/20","63","64","36115","101.59"
"Wayne","2","65","New York","4/26/20","50","15","36117","30"
"Westchester","552","27664","New York","4/26/20","23803","3861","36119","16.22"
"Wyoming","2","59","New York","4/26/20","44","15","36121","34.09"
"Yates","1","17","New York","4/26/20","9","8","36123","88.89"
"Alamance","6","90","North Carolina","4/26/20","50","40","37001","80"
"Alexander","0","4","North Carolina","4/26/20","3","1","37003","33.33"
"Alleghany","0","2","North Carolina","4/26/20","2","0","37005","0"
"Anson","1","20","North Carolina","4/26/20","16","4","37007","25"
"Ashe","0","4","North Carolina","4/26/20","4","0","37009","0"
"Beaufort","1","20","North Carolina","4/26/20","14","6","37013","42.86"
"Bertie","2","37","North Carolina","4/26/20","21","16","37015","76.19"
"Bladen","1","10","North Carolina","4/26/20","2","8","37017","400"
"Brunswick","1","40","North Carolina","4/26/20","36","4","37019","11.11"
"Buncombe","1","52","North Carolina","4/26/20","47","5","37021","10.64"
"Burke","3","88","North Carolina","4/26/20","68","20","37023","29.41"
"Cabarrus","8","261","North Carolina","4/26/20","208","53","37025","25.48"
"Caldwell","1","30","North Carolina","4/26/20","23","7","37027","30.43"
"Carteret","0","27","North Carolina","4/26/20","24","3","37031","12.5"
"Caswell","1","16","North Carolina","4/26/20","7","9","37033","128.57"
"Catawba","1","52","North Carolina","4/26/20","43","9","37035","20.93"
"Chatham","17","240","North Carolina","4/26/20","119","121","37037","101.68"
"Cherokee","0","16","North Carolina","4/26/20","16","0","37039","0"
"Chowan","0","7","North Carolina","4/26/20","6","1","37041","16.67"
"Clay","0","6","North Carolina","4/26/20","5","1","37043","20"
"Cleveland","0","46","North Carolina","4/26/20","44","2","37045","4.55"
"Columbus","5","90","North Carolina","4/26/20","58","32","37047","55.17"
"Craven","1","39","North Carolina","4/26/20","34","5","37049","14.71"
"Cumberland","12","200","North Carolina","4/26/20","113","87","37051","76.99"
"Currituck","0","2","North Carolina","4/26/20","3","-1","37053","-33.33"
"Dare","0","15","North Carolina","4/26/20","15","0","37055","0"
"Davidson","9","156","North Carolina","4/26/20","94","62","37057","65.96"
"Davie","1","29","North Carolina","4/26/20","23","6","37059","26.09"
"Duplin","6","66","North Carolina","4/26/20","24","42","37061","175"
"Durham","21","555","North Carolina","4/26/20","409","146","37063","35.7"
"Edgecombe","3","78","North Carolina","4/26/20","58","20","37065","34.48"
"Forsyth","4","153","North Carolina","4/26/20","126","27","37067","21.43"
"Franklin","4","95","North Carolina","4/26/20","69","26","37069","37.68"
"Gaston","4","136","North Carolina","4/26/20","111","25","37071","22.52"
"Gates","0","7","North Carolina","4/26/20","4","3","37073","75"
"Granville","3","133","North Carolina","4/26/20","110","23","37077","20.91"
"Greene","0","15","North Carolina","4/26/20","14","1","37079","7.14"
"Guilford","20","314","North Carolina","4/26/20","176","138","37081","78.41"
"Halifax","3","53","North Carolina","4/26/20","32","21","37083","65.62"
"Harnett","10","128","North Carolina","4/26/20","58","70","37085","120.69"
"Haywood","0","5","North Carolina","4/26/20","5","0","37087","0"
"Henderson","5","158","North Carolina","4/26/20","120","38","37089","31.67"
"Hertford","3","27","North Carolina","4/26/20","9","18","37091","200"
"Hoke","4","49","North Carolina","4/26/20","23","26","37093","113.04"
"Hyde","0","1","North Carolina","4/26/20","0","1","37095","1"
"Iredell","3","99","North Carolina","4/26/20","81","18","37097","22.22"
"Jackson","1","9","North Carolina","4/26/20","5","4","37099","80"
"Johnston","2","135","North Carolina","4/26/20","123","12","37101","9.76"
"Jones","1","14","North Carolina","4/26/20","9","5","37103","55.56"
"Lee","10","104","North Carolina","4/26/20","34","70","37105","205.88"
"Lenoir","3","43","North Carolina","4/26/20","21","22","37107","104.76"
"Lincoln","1","25","North Carolina","4/26/20","19","6","37109","31.58"
"Macon","0","2","North Carolina","4/26/20","2","0","37113","0"
"Madison","0","1","North Carolina","4/26/20","0","1","37115","1"
"Martin","1","15","North Carolina","4/26/20","9","6","37117","66.67"
"McDowell","0","21","North Carolina","4/26/20","20","1","37111","5"
"Mecklenburg","43","1482","North Carolina","4/26/20","1183","299","37119","25.27"
"Mitchell","0","5","North Carolina","4/26/20","5","0","37121","0"
"Montgomery","0","21","North Carolina","4/26/20","18","3","37123","16.67"
"Moore","2","108","North Carolina","4/26/20","93","15","37125","16.13"
"Nash","4","88","North Carolina","4/26/20","61","27","37127","44.26"
"New Hanover","1","78","North Carolina","4/26/20","68","10","37129","14.71"
"Northampton","1","82","North Carolina","4/26/20","72","10","37131","13.89"
"Onslow","1","42","North Carolina","4/26/20","37","5","37133","13.51"
"Orange","3","208","North Carolina","4/26/20","187","21","37135","11.23"
"Pamlico","0","7","North Carolina","4/26/20","6","1","37137","16.67"
"Pasquotank","2","34","North Carolina","4/26/20","20","14","37139","70"
"Pender","1","12","North Carolina","4/26/20","7","5","37141","71.43"
"Perquimans","0","10","North Carolina","4/26/20","8","2","37143","25"
"Person","0","19","North Carolina","4/26/20","16","3","37145","18.75"
"Pitt","3","111","North Carolina","4/26/20","93","18","37147","19.35"
"Polk","0","12","North Carolina","4/26/20","10","2","37149","20"
"Randolph","8","128","North Carolina","4/26/20","74","54","37151","72.97"
"Richmond","2","36","North Carolina","4/26/20","19","17","37153","89.47"
"Robeson","10","97","North Carolina","4/26/20","25","72","37155","288"
"Rockingham","1","24","North Carolina","4/26/20","18","6","37157","33.33"
"Rowan","14","346","North Carolina","4/26/20","248","98","37159","39.52"
"Rutherford","6","118","North Carolina","4/26/20","75","43","37161","57.33"
"Sampson","2","39","North Carolina","4/26/20","22","17","37163","77.27"
"Scotland","1","22","North Carolina","4/26/20","12","10","37165","83.33"
"Stanly","1","28","North Carolina","4/26/20","20","8","37167","40"
"Stokes","0","11","North Carolina","4/26/20","10","1","37169","10"
"Surry","-1","12","North Carolina","4/26/20","17","-5","37171","-29.41"
"Transylvania","0","7","North Carolina","4/26/20","7","0","37175","0"
"Tyrrell","0","4","North Carolina","4/26/20","4","0","37177","0"
"Union","7","201","North Carolina","4/26/20","149","52","37179","34.9"
"Vance","3","51","North Carolina","4/26/20","32","19","37181","59.38"
"Wake","10","663","North Carolina","4/26/20","592","71","37183","11.99"
"Warren","0","4","North Carolina","4/26/20","3","1","37185","33.33"
"Washington","1","24","North Carolina","4/26/20","20","4","37187","20"
"Watauga","0","8","North Carolina","4/26/20","8","0","37189","0"
"Wayne","24","630","North Carolina","4/26/20","463","167","37191","36.07"
"Wilkes","2","21","North Carolina","4/26/20","4","17","37193","425"
"Wilson","6","151","North Carolina","4/26/20","112","39","37195","34.82"
"Yadkin","0","12","North Carolina","4/26/20","11","1","37197","9.09"
"Barnes","0","4","North Dakota","4/26/20","3","1","38003","33.33"
"Bowman","0","1","North Dakota","4/26/20","1","0","38011","0"
"Burke","0","3","North Dakota","4/26/20","2","1","38013","50"
"Burleigh","2","74","North Dakota","4/26/20","63","11","38015","17.46"
"Cass","26","397","North Dakota","4/26/20","212","185","38017","87.26"
"Divide","0","1","North Dakota","4/26/20","1","0","38023","0"
"Dunn","0","10","North Dakota","4/26/20","9","1","38025","11.11"
"Eddy","0","1","North Dakota","4/26/20","1","0","38027","0"
"Emmons","0","1","North Dakota","4/26/20","1","0","38029","0"
"Foster","0","1","North Dakota","4/26/20","1","0","38031","0"
"Grand Forks","9","195","North Dakota","4/26/20","133","62","38035","46.62"
"Grant","0","1","North Dakota","4/26/20","1","0","38037","0"
"McHenry","0","1","North Dakota","4/26/20","1","0","38049","0"
"McIntosh","0","1","North Dakota","4/26/20","1","0","38051","0"
"McKenzie","0","12","North Dakota","4/26/20","10","2","38053","20"
"McLean","0","3","North Dakota","4/26/20","3","0","38055","0"
"Morton","0","24","North Dakota","4/26/20","22","2","38059","9.09"
"Mountrail","0","33","North Dakota","4/26/20","30","3","38061","10"
"Nelson","0","1","North Dakota","4/26/20","1","0","38063","0"
"Oliver","0","1","North Dakota","4/26/20","1","0","38065","0"
"Pembina","0","1","North Dakota","4/26/20","0","1","38067","1"
"Pierce","0","2","North Dakota","4/26/20","2","0","38069","0"
"Ramsey","0","3","North Dakota","4/26/20","3","0","38071","0"
"Ransom","0","1","North Dakota","4/26/20","0","1","38073","1"
"Richland","0","7","North Dakota","4/26/20","5","2","38077","40"
"Rolette","0","1","North Dakota","4/26/20","1","0","38079","0"
"Sargent","0","1","North Dakota","4/26/20","1","0","38081","0"
"Sioux","0","1","North Dakota","4/26/20","1","0","38085","0"
"Slope","0","3","North Dakota","4/26/20","3","0","38087","0"
"Stark","0","41","North Dakota","4/26/20","39","2","38089","5.13"
"Stutsman","0","4","North Dakota","4/26/20","1","3","38093","300"
"Walsh","0","4","North Dakota","4/26/20","3","1","38099","33.33"
"Ward","0","21","North Dakota","4/26/20","20","1","38101","5"
"Wells","0","2","North Dakota","4/26/20","0","2","38103","1"
"Williams","0","10","North Dakota","4/26/20","9","1","38105","11.11"
"","0","14","Northern Mariana Islands","4/26/20","14","0",,"0"
"Adams","0","4","Ohio","4/26/20","3","1","39001","33.33"
"Allen","4","108","Ohio","4/26/20","79","29","39003","36.71"
"Ashland","0","6","Ohio","4/26/20","6","0","39005","0"
"Ashtabula","6","110","Ohio","4/26/20","66","44","39007","66.67"
"Athens","0","3","Ohio","4/26/20","3","0","39009","0"
"Auglaize","1","30","Ohio","4/26/20","22","8","39011","36.36"
"Belmont","5","106","Ohio","4/26/20","68","38","39013","55.88"
"Brown","0","11","Ohio","4/26/20","9","2","39015","22.22"
"Butler","8","225","Ohio","4/26/20","166","59","39017","35.54"
"Carroll","1","20","Ohio","4/26/20","15","5","39019","33.33"
"Champaign","1","12","Ohio","4/26/20","8","4","39021","50"
"Clark","1","33","Ohio","4/26/20","25","8","39023","32"
"Clermont","1","77","Ohio","4/26/20","72","5","39025","6.94"
"Clinton","0","28","Ohio","4/26/20","26","2","39027","7.69"
"Columbiana","8","223","Ohio","4/26/20","167","56","39029","33.53"
"Coshocton","0","16","Ohio","4/26/20","16","0","39031","0"
"Crawford","0","39","Ohio","4/26/20","41","-2","39033","-4.88"
"Cuyahoga","62","1902","Ohio","4/26/20","1466","436","39035","29.74"
"Darke","3","75","Ohio","4/26/20","56","19","39037","33.93"
"Defiance","1","19","Ohio","4/26/20","14","5","39039","35.71"
"Delaware","3","143","Ohio","4/26/20","123","20","39041","16.26"
"Erie","2","47","Ohio","4/26/20","33","14","39043","42.42"
"Fairfield","2","114","Ohio","4/26/20","97","17","39045","17.53"
"Fayette","0","13","Ohio","4/26/20","13","0","39047","0"
"Franklin","61","1942","Ohio","4/26/20","1513","429","39049","28.35"
"Fulton","0","19","Ohio","4/26/20","17","2","39051","11.76"
"Gallia","0","6","Ohio","4/26/20","6","0","39053","0"
"Geauga","5","137","Ohio","4/26/20","100","37","39055","37"
"Greene","1","43","Ohio","4/26/20","38","5","39057","13.16"
"Guernsey","1","15","Ohio","4/26/20","11","4","39059","36.36"
"Hamilton","41","1005","Ohio","4/26/20","718","287","39061","39.97"
"Hancock","1","34","Ohio","4/26/20","29","5","39063","17.24"
"Hardin","1","23","Ohio","4/26/20","17","6","39065","35.29"
"Harrison","0","4","Ohio","4/26/20","2","2","39067","100"
"Henry","0","4","Ohio","4/26/20","3","1","39069","33.33"
"Highland","0","9","Ohio","4/26/20","7","2","39071","28.57"
"Hocking","1","14","Ohio","4/26/20","4","10","39073","250"
"Holmes","0","5","Ohio","4/26/20","3","2","39075","66.67"
"Huron","2","28","Ohio","4/26/20","16","12","39077","75"
"Jackson","0","4","Ohio","4/26/20","5","-1","39079","-20"
"Jefferson","1","37","Ohio","4/26/20","28","9","39081","32.14"
"Knox","1","15","Ohio","4/26/20","11","4","39083","36.36"
"Lake","3","157","Ohio","4/26/20","133","24","39085","18.05"
"Lawrence","0","23","Ohio","4/26/20","21","2","39087","9.52"
"Licking","1","108","Ohio","4/26/20","102","6","39089","5.88"
"Logan","1","18","Ohio","4/26/20","13","5","39091","38.46"
"Lorain","12","377","Ohio","4/26/20","294","83","39093","28.23"
"Lucas","45","1104","Ohio","4/26/20","789","315","39095","39.92"
"Madison","3","51","Ohio","4/26/20","30","21","39097","70"
"Mahoning","21","737","Ohio","4/26/20","589","148","39099","25.13"
"Marion","49","2178","Ohio","4/26/20","1834","344","39101","18.76"
"Medina","4","160","Ohio","4/26/20","135","25","39103","18.52"
"Meigs","0","2","Ohio","4/26/20","2","0","39105","0"
"Mercer","1","18","Ohio","4/26/20","13","5","39107","38.46"
"Miami","1","135","Ohio","4/26/20","129","6","39109","4.65"
"Monroe","0","2","Ohio","4/26/20","2","0","39111","0"
"Montgomery","4","260","Ohio","4/26/20","232","28","39113","12.07"
"Morgan","0","4","Ohio","4/26/20","3","1","39115","33.33"
"Morrow","2","34","Ohio","4/26/20","20","14","39117","70"
"Muskingum","0","11","Ohio","4/26/20","8","3","39119","37.5"
"Noble","0","5","Ohio","4/26/20","6","-1","39121","-16.67"
"Ottawa","1","37","Ohio","4/26/20","27","10","39123","37.04"
"Paulding","0","8","Ohio","4/26/20","5","3","39125","60"
"Perry","1","13","Ohio","4/26/20","9","4","39127","44.44"
"Pickaway","169","1662","Ohio","4/26/20","477","1185","39129","248.43"
"Pike","0","3","Ohio","4/26/20","1","2","39131","200"
"Portage","6","220","Ohio","4/26/20","176","44","39133","25"
"Preble","1","25","Ohio","4/26/20","21","4","39135","19.05"
"Putnam","5","54","Ohio","4/26/20","18","36","39137","200"
"Richland","2","78","Ohio","4/26/20","65","13","39139","20"
"Ross","0","35","Ohio","4/26/20","36","-1","39141","-2.78"
"Sandusky","0","20","Ohio","4/26/20","18","2","39143","11.11"
"Scioto","0","6","Ohio","4/26/20","9","-3","39145","-33.33"
"Seneca","0","13","Ohio","4/26/20","12","1","39147","8.33"
"Shelby","0","30","Ohio","4/26/20","29","1","39149","3.45"
"Stark","12","310","Ohio","4/26/20","224","86","39151","38.39"
"Summit","19","485","Ohio","4/26/20","350","135","39153","38.57"
"Trumbull","8","293","Ohio","4/26/20","237","56","39155","23.63"
"Tuscarawas","3","50","Ohio","4/26/20","31","19","39157","61.29"
"Union","1","18","Ohio","4/26/20","12","6","39159","50"
"Van Wert","0","3","Ohio","4/26/20","3","0","39161","0"
"Warren","3","133","Ohio","4/26/20","112","21","39165","18.75"
"Washington","4","94","Ohio","4/26/20","65","29","39167","44.62"
"Wayne","4","104","Ohio","4/26/20","79","25","39169","31.65"
"Williams","3","29","Ohio","4/26/20","8","21","39171","262.5"
"Wood","7","133","Ohio","4/26/20","84","49","39173","58.33"
"Wyandot","1","24","Ohio","4/26/20","17","7","39175","41.18"
"Adair","2","55","Oklahoma","4/26/20","43","12","40001","27.91"
"Alfalfa","0","1","Oklahoma","4/26/20","1","0","40003","0"
"Atoka","0","1","Oklahoma","4/26/20","1","0","40005","0"
"Beaver","0","3","Oklahoma","4/26/20","1","2","40007","200"
"Beckham","0","5","Oklahoma","4/26/20","2","3","40009","150"
"Bryan","0","6","Oklahoma","4/26/20","5","1","40013","20"
"Caddo","1","58","Oklahoma","4/26/20","51","7","40015","13.73"
"Canadian","3","91","Oklahoma","4/26/20","73","18","40017","24.66"
"Carter","0","2","Oklahoma","4/26/20","1","1","40019","100"
"Cherokee","0","26","Oklahoma","4/26/20","24","2","40021","8.33"
"Choctaw","0","3","Oklahoma","4/26/20","3","0","40023","0"
"Cimarron","0","1","Oklahoma","4/26/20","0","1","40025","1"
"Cleveland","13","403","Oklahoma","4/26/20","313","90","40027","28.75"
"Comanche","2","79","Oklahoma","4/26/20","67","12","40031","17.91"
"Cotton","0","5","Oklahoma","4/26/20","5","0","40033","0"
"Craig","0","9","Oklahoma","4/26/20","8","1","40035","12.5"
"Creek","1","76","Oklahoma","4/26/20","68","8","40037","11.76"
"Custer","0","10","Oklahoma","4/26/20","9","1","40039","11.11"
"Delaware","1","90","Oklahoma","4/26/20","83","7","40041","8.43"
"Dewey","0","2","Oklahoma","4/26/20","2","0","40043","0"
"Garfield","0","11","Oklahoma","4/26/20","11","0","40047","0"
"Garvin","0","13","Oklahoma","4/26/20","10","3","40049","30"
"Grady","2","34","Oklahoma","4/26/20","20","14","40051","70"
"Grant","0","2","Oklahoma","4/26/20","2","0","40053","0"
"Greer","1","64","Oklahoma","4/26/20","55","9","40055","16.36"
"Harper","0","1","Oklahoma","4/26/20","1","0","40059","0"
"Haskell","0","5","Oklahoma","4/26/20","2","3","40061","150"
"Jackson","1","15","Oklahoma","4/26/20","6","9","40065","150"
"Jefferson","0","2","Oklahoma","4/26/20","1","1","40067","100"
"Johnston","0","3","Oklahoma","4/26/20","3","0","40069","0"
"Kay","0","47","Oklahoma","4/26/20","46","1","40071","2.17"
"Kingfisher","0","8","Oklahoma","4/26/20","6","2","40073","33.33"
"Kiowa","0","4","Oklahoma","4/26/20","3","1","40075","33.33"
"Latimer","0","5","Oklahoma","4/26/20","4","1","40077","25"
"Le Flore","0","9","Oklahoma","4/26/20","6","3","40079","50"
"Lincoln","0","10","Oklahoma","4/26/20","10","0","40081","0"
"Logan","1","13","Oklahoma","4/26/20","9","4","40083","44.44"
"Love","0","2","Oklahoma","4/26/20","2","0","40085","0"
"Major","0","2","Oklahoma","4/26/20","2","0","40093","0"
"Marshall","0","2","Oklahoma","4/26/20","2","0","40095","0"
"Mayes","0","21","Oklahoma","4/26/20","19","2","40097","10.53"
"McClain","4","30","Oklahoma","4/26/20","0","30","40087","1"
"McCurtain","1","8","Oklahoma","4/26/20","0","8","40089","1"
"McIntosh","0","2","Oklahoma","4/26/20","0","2","40091","1"
"Murray","0","1","Oklahoma","4/26/20","1","0","40099","0"
"Muskogee","0","26","Oklahoma","4/26/20","26","0","40101","0"
"Noble","0","6","Oklahoma","4/26/20","6","0","40103","0"
"Nowata","1","20","Oklahoma","4/26/20","13","7","40105","53.85"
"Okfuskee","0","1","Oklahoma","4/26/20","1","0","40107","0"
"Oklahoma","19","696","Oklahoma","4/26/20","560","136","40109","24.29"
"Okmulgee","0","16","Oklahoma","4/26/20","15","1","40111","6.67"
"Osage","1","72","Oklahoma","4/26/20","64","8","40113","12.5"
"Ottawa","0","29","Oklahoma","4/26/20","27","2","40115","7.41"
"Pawnee","0","29","Oklahoma","4/26/20","28","1","40117","3.57"
"Payne","1","44","Oklahoma","4/26/20","37","7","40119","18.92"
"Pittsburg","1","25","Oklahoma","4/26/20","17","8","40121","47.06"
"Pontotoc","0","10","Oklahoma","4/26/20","10","0","40123","0"
"Pottawatomie","1","40","Oklahoma","4/26/20","36","4","40125","11.11"
"Rogers","1","47","Oklahoma","4/26/20","38","9","40131","23.68"
"Seminole","0","8","Oklahoma","4/26/20","7","1","40133","14.29"
"Sequoyah","0","12","Oklahoma","4/26/20","10","2","40135","20"
"Stephens","1","20","Oklahoma","4/26/20","15","5","40137","33.33"
"Texas","9","73","Oklahoma","4/26/20","13","60","40139","461.54"
"Tillman","0","1","Oklahoma","4/26/20","2","-1","40141","-50"
"Tulsa","11","491","Oklahoma","4/26/20","411","80","40143","19.46"
"Wagoner","1","114","Oklahoma","4/26/20","108","6","40145","5.56"
"Washington","13","229","Oklahoma","4/26/20","140","89","40147","63.57"
"Washita","0","1","Oklahoma","4/26/20","0","1","40149","1"
"Woods","0","3","Oklahoma","4/26/20","1","2","40151","200"
"Woodward","0","1","Oklahoma","4/26/20","1","0","40153","0"
"Benton","0","29","Oregon","4/26/20","27","2","41003","7.41"
"Clackamas","6","204","Oregon","4/26/20","161","43","41005","26.71"
"Clatsop","0","6","Oregon","4/26/20","6","0","41007","0"
"Columbia","0","14","Oregon","4/26/20","14","0","41009","0"
"Coos","2","12","Oregon","4/26/20","1","11","41011","1100"
"Crook","0","1","Oregon","4/26/20","1","0","41013","0"
"Curry","0","4","Oregon","4/26/20","4","0","41015","0"
"Deschutes","1","73","Oregon","4/26/20","64","9","41017","14.06"
"Douglas","0","23","Oregon","4/26/20","22","1","41019","4.55"
"Grant","0","1","Oregon","4/26/20","1","0","41023","0"
"Hood River","0","5","Oregon","4/26/20","4","1","41027","25"
"Jackson","0","49","Oregon","4/26/20","49","0","41029","0"
"Jefferson","1","6","Oregon","4/26/20","1","5","41031","500"
"Josephine","0","20","Oregon","4/26/20","19","1","41033","5.26"
"Klamath","1","36","Oregon","4/26/20","30","6","41035","20"
"Lane","0","50","Oregon","4/26/20","48","2","41039","4.17"
"Lincoln","0","5","Oregon","4/26/20","4","1","41041","25"
"Linn","2","74","Oregon","4/26/20","59","15","41043","25.42"
"Malheur","0","6","Oregon","4/26/20","5","1","41045","20"
"Marion","11","436","Oregon","4/26/20","358","78","41047","21.79"
"Morrow","0","5","Oregon","4/26/20","5","0","41049","0"
"Multnomah","20","652","Oregon","4/26/20","514","138","41051","26.85"
"Polk","1","38","Oregon","4/26/20","32","6","41053","18.75"
"Sherman","0","1","Oregon","4/26/20","1","0","41055","0"
"Tillamook","0","6","Oregon","4/26/20","6","0","41057","0"
"Umatilla","1","36","Oregon","4/26/20","26","10","41059","38.46"
"Union","0","4","Oregon","4/26/20","4","0","41061","0"
"Wallowa","0","1","Oregon","4/26/20","1","0","41063","0"
"Wasco","0","12","Oregon","4/26/20","10","2","41065","20"
"Washington","10","466","Oregon","4/26/20","399","67","41067","16.79"
"Yamhill","0","36","Oregon","4/26/20","34","2","41071","5.88"
"Adams","5","117","Pennsylvania","4/26/20","80","37","42001","46.25"
"Allegheny","25","1211","Pennsylvania","4/26/20","1035","176","42003","17"
"Armstrong","1","46","Pennsylvania","4/26/20","38","8","42005","21.05"
"Beaver","11","366","Pennsylvania","4/26/20","288","78","42007","27.08"
"Bedford","1","21","Pennsylvania","4/26/20","15","6","42009","40"
"Berks","85","2491","Pennsylvania","4/26/20","1898","593","42011","31.24"
"Blair","1","21","Pennsylvania","4/26/20","13","8","42013","61.54"
"Bradford","0","28","Pennsylvania","4/26/20","25","3","42015","12"
"Bucks","106","2541","Pennsylvania","4/26/20","1797","744","42017","41.4"
"Butler","1","170","Pennsylvania","4/26/20","161","9","42019","5.59"
"Cambria","0","21","Pennsylvania","4/26/20","19","2","42021","10.53"
"Cameron","0","1","Pennsylvania","4/26/20","1","0","42023","0"
"Carbon","3","163","Pennsylvania","4/26/20","140","23","42025","16.43"
"Centre","1","81","Pennsylvania","4/26/20","73","8","42027","10.96"
"Chester","43","1177","Pennsylvania","4/26/20","877","300","42029","34.21"
"Clarion","1","22","Pennsylvania","4/26/20","18","4","42031","22.22"
"Clearfield","0","11","Pennsylvania","4/26/20","11","0","42033","0"
"Clinton","1","21","Pennsylvania","4/26/20","11","10","42035","90.91"
"Columbia","10","269","Pennsylvania","4/26/20","202","67","42037","33.17"
"Crawford","0","19","Pennsylvania","4/26/20","16","3","42039","18.75"
"Cumberland","12","267","Pennsylvania","4/26/20","182","85","42041","46.7"
"Dauphin","22","519","Pennsylvania","4/26/20","368","151","42043","41.03"
"Delaware","117","3281","Pennsylvania","4/26/20","2460","821","42045","33.37"
"Elk","0","3","Pennsylvania","4/26/20","2","1","42047","50"
"Erie","3","77","Pennsylvania","4/26/20","58","19","42049","32.76"
"Fayette","2","79","Pennsylvania","4/26/20","66","13","42051","19.7"
"Forest","0","7","Pennsylvania","4/26/20","7","0","42053","0"
"Franklin","13","205","Pennsylvania","4/26/20","111","94","42055","84.68"
"Fulton","0","3","Pennsylvania","4/26/20","2","1","42057","50"
"Greene","0","25","Pennsylvania","4/26/20","24","1","42059","4.17"
"Huntingdon","1","22","Pennsylvania","4/26/20","13","9","42061","69.23"
"Indiana","2","63","Pennsylvania","4/26/20","51","12","42063","23.53"
"Jefferson","0","4","Pennsylvania","4/26/20","2","2","42065","100"
"Juniata","1","78","Pennsylvania","4/26/20","70","8","42067","11.43"
"Lackawanna","22","793","Pennsylvania","4/26/20","636","157","42069","24.69"
"Lancaster","56","1577","Pennsylvania","4/26/20","1188","389","42071","32.74"
"Lawrence","0","61","Pennsylvania","4/26/20","59","2","42073","3.39"
"Lebanon","18","612","Pennsylvania","4/26/20","484","128","42075","26.45"
"Lehigh","57","2601","Pennsylvania","4/26/20","2203","398","42077","18.07"
"Luzerne","38","2008","Pennsylvania","4/26/20","1741","267","42079","15.34"
"Lycoming","3","55","Pennsylvania","4/26/20","37","18","42081","48.65"
"McKean","0","5","Pennsylvania","4/26/20","4","1","42083","25"
"Mercer","1","65","Pennsylvania","4/26/20","59","6","42085","10.17"
"Mifflin","1","27","Pennsylvania","4/26/20","20","7","42087","35"
"Monroe","15","1065","Pennsylvania","4/26/20","963","102","42089","10.59"
"Montgomery","117","3733","Pennsylvania","4/26/20","2913","820","42091","28.15"
"Montour","0","47","Pennsylvania","4/26/20","48","-1","42093","-2.08"
"Northampton","53","1813","Pennsylvania","4/26/20","1441","372","42095","25.82"
"Northumberland","3","90","Pennsylvania","4/26/20","67","23","42097","34.33"
"Perry","1","26","Pennsylvania","4/26/20","20","6","42099","30"
"Philadelphia","479","12566","Pennsylvania","4/26/20","9214","3352","42101","36.38"
"Pike","7","349","Pennsylvania","4/26/20","301","48","42103","15.95"
"Potter","0","4","Pennsylvania","4/26/20","4","0","42105","0"
"Schuylkill","9","321","Pennsylvania","4/26/20","261","60","42107","22.99"
"Snyder","1","33","Pennsylvania","4/26/20","27","6","42109","22.22"
"Somerset","1","25","Pennsylvania","4/26/20","18","7","42111","38.89"
"Sullivan","0","1","Pennsylvania","4/26/20","1","0","42113","0"
"Susquehanna","2","79","Pennsylvania","4/26/20","63","16","42115","25.4"
"Tioga","0","14","Pennsylvania","4/26/20","14","0","42117","0"
"Union","1","31","Pennsylvania","4/26/20","27","4","42119","14.81"
"Venango","0","7","Pennsylvania","4/26/20","6","1","42121","16.67"
"Warren","0","1","Pennsylvania","4/26/20","1","0","42123","0"
"Washington","3","101","Pennsylvania","4/26/20","82","19","42125","23.17"
"Wayne","1","92","Pennsylvania","4/26/20","84","8","42127","9.52"
"Westmoreland","13","374","Pennsylvania","4/26/20","284","90","42129","31.69"
"Wyoming","0","17","Pennsylvania","4/26/20","17","0","42131","0"
"York","16","593","Pennsylvania","4/26/20","481","112","42133","23.28"
"","23","1371","Puerto Rico","4/26/20","1213","158",,"13.03"
"Bristol","7","111","Rhode Island","4/26/20","59","52","44001","88.14"
"Kent","30","526","Rhode Island","4/26/20","316","210","44003","66.46"
"Newport","5","135","Rhode Island","4/26/20","103","32","44005","31.07"
"Providence","322","5266","Rhode Island","4/26/20","3014","2252","44007","74.72"
"Washington","15","292","Rhode Island","4/26/20","184","108","44009","58.7"
"Abbeville","1","27","South Carolina","4/26/20","17","10","45001","58.82"
"Aiken","3","89","South Carolina","4/26/20","69","20","45003","28.99"
"Allendale","0","8","South Carolina","4/26/20","6","2","45005","33.33"
"Anderson","2","145","South Carolina","4/26/20","132","13","45007","9.85"
"Bamberg","0","8","South Carolina","4/26/20","7","1","45009","14.29"
"Barnwell","1","15","South Carolina","4/26/20","5","10","45011","200"
"Beaufort","4","255","South Carolina","4/26/20","225","30","45013","13.33"
"Berkeley","7","181","South Carolina","4/26/20","132","49","45015","37.12"
"Calhoun","0","6","South Carolina","4/26/20","6","0","45017","0"
"Charleston","7","436","South Carolina","4/26/20","390","46","45019","11.79"
"Cherokee","0","14","South Carolina","4/26/20","13","1","45021","7.69"
"Chester","0","27","South Carolina","4/26/20","24","3","45023","12.5"
"Chesterfield","1","44","South Carolina","4/26/20","36","8","45025","22.22"
"Clarendon","10","181","South Carolina","4/26/20","112","69","45027","61.61"
"Colleton","0","26","South Carolina","4/26/20","23","3","45029","13.04"
"Darlington","6","104","South Carolina","4/26/20","64","40","45031","62.5"
"Dillon","3","41","South Carolina","4/26/20","20","21","45033","105"
"Dorchester","0","90","South Carolina","4/26/20","88","2","45035","2.27"
"Edgefield","2","24","South Carolina","4/26/20","12","12","45037","100"
"Fairfield","1","33","South Carolina","4/26/20","25","8","45039","32"
"Florence","16","265","South Carolina","4/26/20","150","115","45041","76.67"
"Georgetown","1","39","South Carolina","4/26/20","33","6","45043","18.18"
"Greenville","17","609","South Carolina","4/26/20","492","117","45045","23.78"
"Greenwood","1","44","South Carolina","4/26/20","36","8","45047","22.22"
"Hampton","0","21","South Carolina","4/26/20","21","0","45049","0"
"Horry","3","203","South Carolina","4/26/20","185","18","45051","9.73"
"Jasper","1","19","South Carolina","4/26/20","15","4","45053","26.67"
"Kershaw","3","218","South Carolina","4/26/20","197","21","45055","10.66"
"Lancaster","1","87","South Carolina","4/26/20","79","8","45057","10.13"
"Laurens","1","29","South Carolina","4/26/20","20","9","45059","45"
"Lee","1","51","South Carolina","4/26/20","42","9","45061","21.43"
"Lexington","8","329","South Carolina","4/26/20","273","56","45063","20.51"
"Marion","2","32","South Carolina","4/26/20","15","17","45067","113.33"
"Marlboro","2","40","South Carolina","4/26/20","28","12","45069","42.86"
"McCormick","0","6","South Carolina","4/26/20","6","0","45065","0"
"Newberry","0","23","South Carolina","4/26/20","21","2","45071","9.52"
"Oconee","1","22","South Carolina","4/26/20","17","5","45073","29.41"
"Orangeburg","3","61","South Carolina","4/26/20","43","18","45075","41.86"
"Pickens","1","49","South Carolina","4/26/20","39","10","45077","25.64"
"Richland","26","837","South Carolina","4/26/20","652","185","45079","28.37"
"Saluda","3","35","South Carolina","4/26/20","12","23","45081","191.67"
"Spartanburg","5","249","South Carolina","4/26/20","213","36","45083","16.9"
"Sumter","5","214","South Carolina","4/26/20","181","33","45085","18.23"
"Union","0","25","South Carolina","4/26/20","24","1","45087","4.17"
"Williamsburg","5","56","South Carolina","4/26/20","21","35","45089","166.67"
"York","4","181","South Carolina","4/26/20","156","25","45091","16.03"
"Aurora","0","1","South Dakota","4/26/20","1","0","46003","0"
"Beadle","0","21","South Dakota","4/26/20","21","0","46005","0"
"Bon Homme","0","4","South Dakota","4/26/20","4","0","46009","0"
"Brookings","0","11","South Dakota","4/26/20","9","2","46011","22.22"
"Brown","1","30","South Dakota","4/26/20","20","10","46013","50"
"Charles Mix","0","4","South Dakota","4/26/20","4","0","46023","0"
"Clark","0","1","South Dakota","4/26/20","1","0","46025","0"
"Clay","0","5","South Dakota","4/26/20","5","0","46027","0"
"Codington","0","14","South Dakota","4/26/20","13","1","46029","7.69"
"Corson","0","1","South Dakota","4/26/20","1","0","46031","0"
"Davison","0","5","South Dakota","4/26/20","3","2","46035","66.67"
"Deuel","0","1","South Dakota","4/26/20","1","0","46039","0"
"Fall River","0","1","South Dakota","4/26/20","1","0","46047","0"
"Faulk","0","1","South Dakota","4/26/20","1","0","46049","0"
"Hamlin","0","2","South Dakota","4/26/20","2","0","46057","0"
"Hand","0","1","South Dakota","4/26/20","0","1","46059","1"
"Hughes","0","7","South Dakota","4/26/20","5","2","46065","40"
"Hutchinson","0","3","South Dakota","4/26/20","2","1","46067","50"
"Hyde","0","1","South Dakota","4/26/20","1","0","46069","0"
"Jerauld","0","6","South Dakota","4/26/20","4","2","46073","50"
"Lake","0","4","South Dakota","4/26/20","3","1","46079","33.33"
"Lawrence","0","9","South Dakota","4/26/20","9","0","46081","0"
"Lincoln","5","128","South Dakota","4/26/20","90","38","46083","42.22"
"Lyman","0","2","South Dakota","4/26/20","2","0","46085","0"
"Marshall","0","1","South Dakota","4/26/20","1","0","46091","0"
"McCook","0","4","South Dakota","4/26/20","3","1","46087","33.33"
"McPherson","0","1","South Dakota","4/26/20","0","1","46089","1"
"Meade","0","1","South Dakota","4/26/20","1","0","46093","0"
"Miner","0","1","South Dakota","4/26/20","1","0","46097","0"
"Minnehaha","70","1854","South Dakota","4/26/20","1362","492","46099","36.12"
"Moody","0","3","South Dakota","4/26/20","1","2","46101","200"
"Oglala Lakota","0","1","South Dakota","4/26/20","1","0","46102","0"
"Pennington","0","12","South Dakota","4/26/20","10","2","46103","20"
"Roberts","0","4","South Dakota","4/26/20","4","0","46109","0"
"Sanborn","0","3","South Dakota","4/26/20","3","0","46111","0"
"Spink","0","3","South Dakota","4/26/20","3","0","46115","0"
"Stanley","0","1","South Dakota","4/26/20","0","1","46117","1"
"Sully","0","1","South Dakota","4/26/20","1","0","46119","0"
"Todd","0","1","South Dakota","4/26/20","1","0","46121","0"
"Turner","1","15","South Dakota","4/26/20","6","9","46125","150"
"Union","1","12","South Dakota","4/26/20","6","6","46127","100"
"Walworth","0","5","South Dakota","4/26/20","5","0","46129","0"
"Yankton","0","26","South Dakota","4/26/20","23","3","46135","13.04"
"Anderson","1","25","Tennessee","4/26/20","16","9","47001","56.25"
"Bedford","13","159","Tennessee","4/26/20","71","88","47003","123.94"
"Benton","0","6","Tennessee","4/26/20","4","2","47005","50"
"Bledsoe","83","588","Tennessee","4/26/20","9","579","47007","6433.33"
"Blount","1","53","Tennessee","4/26/20","46","7","47009","15.22"
"Bradley","1","43","Tennessee","4/26/20","37","6","47011","16.22"
"Campbell","0","14","Tennessee","4/26/20","12","2","47013","16.67"
"Cannon","0","10","Tennessee","4/26/20","8","2","47015","25"
"Carroll","0","16","Tennessee","4/26/20","15","1","47017","6.67"
"Carter","1","12","Tennessee","4/26/20","5","7","47019","140"
"Cheatham","2","36","Tennessee","4/26/20","22","14","47021","63.64"
"Chester","0","10","Tennessee","4/26/20","8","2","47023","25"
"Claiborne","0","5","Tennessee","4/26/20","5","0","47025","0"
"Clay","0","5","Tennessee","4/26/20","5","0","47027","0"
"Cocke","0","14","Tennessee","4/26/20","11","3","47029","27.27"
"Coffee","2","32","Tennessee","4/26/20","20","12","47031","60"
"Crockett","0","7","Tennessee","4/26/20","5","2","47033","40"
"Cumberland","1","67","Tennessee","4/26/20","57","10","47035","17.54"
"Davidson","85","2236","Tennessee","4/26/20","1638","598","47037","36.51"
"Decatur","0","4","Tennessee","4/26/20","4","0","47039","0"
"DeKalb","0","13","Tennessee","4/26/20","10","3","47041","30"
"Dickson","3","66","Tennessee","4/26/20","45","21","47043","46.67"
"Dyer","0","31","Tennessee","4/26/20","28","3","47045","10.71"
"Fayette","1","52","Tennessee","4/26/20","45","7","47047","15.56"
"Fentress","0","4","Tennessee","4/26/20","4","0","47049","0"
"Franklin","0","29","Tennessee","4/26/20","26","3","47051","11.54"
"Gibson","1","38","Tennessee","4/26/20","31","7","47053","22.58"
"Giles","0","5","Tennessee","4/26/20","5","0","47055","0"
"Grainger","0","4","Tennessee","4/26/20","4","0","47057","0"
"Greene","2","41","Tennessee","4/26/20","30","11","47059","36.67"
"Grundy","0","28","Tennessee","4/26/20","25","3","47061","12"
"Hamblen","1","15","Tennessee","4/26/20","8","7","47063","87.5"
"Hamilton","4","141","Tennessee","4/26/20","116","25","47065","21.55"
"Hardeman","1","11","Tennessee","4/26/20","7","4","47069","57.14"
"Hardin","0","5","Tennessee","4/26/20","4","1","47071","25"
"Hawkins","0","29","Tennessee","4/26/20","27","2","47073","7.41"
"Haywood","1","18","Tennessee","4/26/20","13","5","47075","38.46"
"Henderson","0","6","Tennessee","4/26/20","4","2","47077","50"
"Henry","0","11","Tennessee","4/26/20","9","2","47079","22.22"
"Hickman","6","41","Tennessee","4/26/20","2","39","47081","1950"
"Houston","0","4","Tennessee","4/26/20","4","0","47083","0"
"Humphreys","0","9","Tennessee","4/26/20","7","2","47085","28.57"
"Jackson","0","7","Tennessee","4/26/20","6","1","47087","16.67"
"Jefferson","0","18","Tennessee","4/26/20","15","3","47089","20"
"Johnson","0","2","Tennessee","4/26/20","2","0","47091","0"
"Knox","2","210","Tennessee","4/26/20","194","16","47093","8.25"
"Lake","6","48","Tennessee","4/26/20","4","44","47095","1100"
"Lauderdale","0","18","Tennessee","4/26/20","15","3","47097","20"
"Lawrence","0","16","Tennessee","4/26/20","15","1","47099","6.67"
"Lewis","0","2","Tennessee","4/26/20","2","0","47101","0"
"Lincoln","0","12","Tennessee","4/26/20","10","2","47103","20"
"Loudon","1","27","Tennessee","4/26/20","22","5","47105","22.73"
"Macon","1","38","Tennessee","4/26/20","33","5","47111","15.15"
"Madison","2","101","Tennessee","4/26/20","86","15","47113","17.44"
"Marion","0","28","Tennessee","4/26/20","28","0","47115","0"
"Marshall","1","22","Tennessee","4/26/20","16","6","47117","37.5"
"Maury","1","40","Tennessee","4/26/20","34","6","47119","17.65"
"McMinn","1","14","Tennessee","4/26/20","6","8","47107","133.33"
"McNairy","0","11","Tennessee","4/26/20","9","2","47109","22.22"
"Meigs","0","6","Tennessee","4/26/20","3","3","47121","100"
"Monroe","0","13","Tennessee","4/26/20","10","3","47123","30"
"Montgomery","2","136","Tennessee","4/26/20","119","17","47125","14.29"
"Moore","0","3","Tennessee","4/26/20","2","1","47127","50"
"Morgan","0","6","Tennessee","4/26/20","5","1","47129","20"
"Obion","0","12","Tennessee","4/26/20","9","3","47131","33.33"
"Out of TN","8","332","Tennessee","4/26/20","274","58","80047","21.17"
"Overton","0","7","Tennessee","4/26/20","7","0","47133","0"
"Perry","0","8","Tennessee","4/26/20","6","2","47135","33.33"
"Polk","0","7","Tennessee","4/26/20","5","2","47139","40"
"Putnam","2","109","Tennessee","4/26/20","95","14","47141","14.74"
"Rhea","0","3","Tennessee","4/26/20","2","1","47143","50"
"Roane","0","7","Tennessee","4/26/20","8","-1","47145","-12.5"
"Robertson","3","136","Tennessee","4/26/20","113","23","47147","20.35"
"Rutherford","14","405","Tennessee","4/26/20","309","96","47149","31.07"
"Scott","0","11","Tennessee","4/26/20","11","0","47151","0"
"Sequatchie","0","5","Tennessee","4/26/20","3","2","47153","66.67"
"Sevier","3","45","Tennessee","4/26/20","24","21","47155","87.5"
"Shelby","74","2296","Tennessee","4/26/20","1778","518","47157","29.13"
"Smith","1","19","Tennessee","4/26/20","13","6","47159","46.15"
"Stewart","0","7","Tennessee","4/26/20","6","1","47161","16.67"
"Sullivan","0","47","Tennessee","4/26/20","45","2","47163","4.44"
"Sumner","12","593","Tennessee","4/26/20","509","84","47165","16.5"
"Tipton","5","94","Tennessee","4/26/20","56","38","47167","67.86"
"Trousdale","4","48","Tennessee","4/26/20","22","26","47169","118.18"
"Unicoi","0","1","Tennessee","4/26/20","1","0","47171","0"
"Union","0","3","Tennessee","4/26/20","3","0","47173","0"
"Van Buren","0","2","Tennessee","4/26/20","1","1","47175","100"
"Warren","0","5","Tennessee","4/26/20","5","0","47177","0"
"Washington","1","52","Tennessee","4/26/20","46","6","47179","13.04"
"Wayne","0","2","Tennessee","4/26/20","2","0","47181","0"
"Weakley","2","19","Tennessee","4/26/20","8","11","47183","137.5"
"White","0","4","Tennessee","4/26/20","4","0","47185","0"
"Williamson","7","397","Tennessee","4/26/20","348","49","47187","14.08"
"Wilson","7","233","Tennessee","4/26/20","181","52","47189","28.73"
"Anderson","2","19","Texas","4/26/20","8","11","48001","137.5"
"Andrews","0","19","Texas","4/26/20","19","0","48003","0"
"Angelina","2","36","Texas","4/26/20","23","13","48005","56.52"
"Aransas","0","2","Texas","4/26/20","2","0","48007","0"
"Armstrong","0","2","Texas","4/26/20","1","1","48011","100"
"Atascosa","0","14","Texas","4/26/20","12","2","48013","16.67"
"Austin","0","12","Texas","4/26/20","12","0","48015","0"
"Bandera","0","6","Texas","4/26/20","4","2","48019","50"
"Bastrop","2","58","Texas","4/26/20","44","14","48021","31.82"
"Bee","0","6","Texas","4/26/20","5","1","48025","20"
"Bell","6","165","Texas","4/26/20","126","39","48027","30.95"
"Bexar","49","1334","Texas","4/26/20","992","342","48029","34.48"
"Blanco","0","6","Texas","4/26/20","5","1","48031","20"
"Bosque","0","4","Texas","4/26/20","1","3","48035","300"
"Bowie","2","68","Texas","4/26/20","57","11","48037","19.3"
"Brazoria","20","445","Texas","4/26/20","304","141","48039","46.38"
"Brazos","2","181","Texas","4/26/20","169","12","48041","7.1"
"Brooks","0","1","Texas","4/26/20","0","1","48047","1"
"Brown","1","17","Texas","4/26/20","13","4","48049","30.77"
"Burleson","0","11","Texas","4/26/20","9","2","48051","22.22"
"Burnet","1","14","Texas","4/26/20","8","6","48053","75"
"Caldwell","1","11","Texas","4/26/20","7","4","48055","57.14"
"Calhoun","1","26","Texas","4/26/20","21","5","48057","23.81"
"Callahan","0","1","Texas","4/26/20","1","0","48059","0"
"Cameron","10","366","Texas","4/26/20","298","68","48061","22.82"
"Camp","0","6","Texas","4/26/20","6","0","48063","0"
"Carson","0","1","Texas","4/26/20","1","0","48065","0"
"Cass","0","13","Texas","4/26/20","11","2","48067","18.18"
"Castro","0","13","Texas","4/26/20","11","2","48069","18.18"
"Chambers","1","41","Texas","4/26/20","35","6","48071","17.14"
"Cherokee","0","12","Texas","4/26/20","10","2","48073","20"
"Childress","0","1","Texas","4/26/20","1","0","48075","0"
"Clay","0","3","Texas","4/26/20","3","0","48077","0"
"Cochran","0","1","Texas","4/26/20","0","1","48079","1"
"Coleman","0","1","Texas","4/26/20","0","1","48083","1"
"Collin","19","654","Texas","4/26/20","522","132","48085","25.29"
"Colorado","0","10","Texas","4/26/20","8","2","48089","25"
"Comal","1","48","Texas","4/26/20","43","5","48091","11.63"
"Comanche","0","4","Texas","4/26/20","4","0","48093","0"
"Concho","0","1","Texas","4/26/20","1","0","48095","0"
"Cooke","0","4","Texas","4/26/20","4","0","48097","0"
"Coryell","4","105","Texas","4/26/20","75","30","48099","40"
"Crane","0","2","Texas","4/26/20","2","0","48103","0"
"Crosby","0","2","Texas","4/26/20","1","1","48107","100"
"Dallam","1","8","Texas","4/26/20","3","5","48111","166.67"
"Dallas","84","3014","Texas","4/26/20","2428","586","48113","24.14"
"Dawson","1","21","Texas","4/26/20","12","9","48115","75"
"Deaf Smith","1","21","Texas","4/26/20","12","9","48117","75"
"Delta","0","1","Texas","4/26/20","1","0","48119","0"
"Denton","16","702","Texas","4/26/20","592","110","48121","18.58"
"DeWitt","0","15","Texas","4/26/20","13","2","48123","15.38"
"Dickens","0","1","Texas","4/26/20","1","0","48125","0"
"Dimmit","0","1","Texas","4/26/20","1","0","48127","0"
"Donley","0","24","Texas","4/26/20","23","1","48129","4.35"
"Duval","0","2","Texas","4/26/20","1","1","48131","100"
"Eastland","0","3","Texas","4/26/20","3","0","48133","0"
"Ector","1","67","Texas","4/26/20","58","9","48135","15.52"
"El Paso","39","780","Texas","4/26/20","505","275","48141","54.46"
"Ellis","6","127","Texas","4/26/20","83","44","48139","53.01"
"Erath","0","13","Texas","4/26/20","13","0","48143","0"
"Falls","0","2","Texas","4/26/20","1","1","48145","100"
"Fannin","1","15","Texas","4/26/20","7","8","48147","114.29"
"Fayette","0","15","Texas","4/26/20","15","0","48149","0"
"Floyd","0","3","Texas","4/26/20","2","1","48153","50"
"Fort Bend","23","919","Texas","4/26/20","755","164","48157","21.72"
"Franklin","0","1","Texas","4/26/20","1","0","48159","0"
"Freestone","0","3","Texas","4/26/20","3","0","48161","0"
"Frio","0","3","Texas","4/26/20","1","2","48163","200"
"Gaines","0","2","Texas","4/26/20","2","0","48165","0"
"Galveston","13","539","Texas","4/26/20","450","89","48167","19.78"
"Gillespie","0","1","Texas","4/26/20","1","0","48171","0"
"Goliad","0","7","Texas","4/26/20","5","2","48175","40"
"Gonzales","1","12","Texas","4/26/20","2","10","48177","500"
"Gray","3","37","Texas","4/26/20","17","20","48179","117.65"
"Grayson","0","22","Texas","4/26/20","19","3","48181","15.79"
"Gregg","1","62","Texas","4/26/20","52","10","48183","19.23"
"Grimes","0","13","Texas","4/26/20","10","3","48185","30"
"Guadalupe","2","68","Texas","4/26/20","57","11","48187","19.3"
"Hale","1","19","Texas","4/26/20","12","7","48189","58.33"
"Hamilton","0","5","Texas","4/26/20","5","0","48193","0"
"Hansford","0","4","Texas","4/26/20","1","3","48195","300"
"Hardin","2","92","Texas","4/26/20","75","17","48199","22.67"
"Harris","115","5628","Texas","4/26/20","4823","805","48201","16.69"
"Harrison","4","71","Texas","4/26/20","44","27","48203","61.36"
"Hartley","0","4","Texas","4/26/20","1","3","48205","300"
"Hays","4","148","Texas","4/26/20","121","27","48209","22.31"
"Hemphill","0","1","Texas","4/26/20","1","0","48211","0"
"Henderson","2","24","Texas","4/26/20","13","11","48213","84.62"
"Hidalgo","7","303","Texas","4/26/20","255","48","48215","18.82"
"Hill","1","15","Texas","4/26/20","10","5","48217","50"
"Hockley","1","20","Texas","4/26/20","16","4","48219","25"
"Hood","0","17","Texas","4/26/20","17","0","48221","0"
"Hopkins","0","4","Texas","4/26/20","4","0","48223","0"
"Houston","0","6","Texas","4/26/20","3","3","48225","100"
"Howard","0","4","Texas","4/26/20","1","3","48227","300"
"Hunt","2","39","Texas","4/26/20","26","13","48231","50"
"Hutchinson","1","11","Texas","4/26/20","7","4","48233","57.14"
"Jack","0","4","Texas","4/26/20","3","1","48237","33.33"
"Jackson","0","6","Texas","4/26/20","4","2","48239","50"
"Jasper","1","14","Texas","4/26/20","9","5","48241","55.56"
"Jefferson","14","266","Texas","4/26/20","171","95","48245","55.56"
"Jim Hogg","0","1","Texas","4/26/20","0","1","48247","1"
"Jim Wells","0","3","Texas","4/26/20","2","1","48249","50"
"Johnson","2","57","Texas","4/26/20","44","13","48251","29.55"
"Jones","1","13","Texas","4/26/20","4","9","48253","225"
"Karnes","0","3","Texas","4/26/20","3","0","48255","0"
"Kaufman","4","71","Texas","4/26/20","42","29","48257","69.05"
"Kendall","0","16","Texas","4/26/20","14","2","48259","14.29"
"Kerr","0","6","Texas","4/26/20","4","2","48265","50"
"Kleberg","0","8","Texas","4/26/20","6","2","48273","33.33"
"Knox","0","1","Texas","4/26/20","1","0","48275","0"
"La Salle","0","1","Texas","4/26/20","1","0","48283","0"
"Lamar","0","8","Texas","4/26/20","7","1","48277","14.29"
"Lamb","0","2","Texas","4/26/20","2","0","48279","0"
"Lampasas","0","2","Texas","4/26/20","2","0","48281","0"
"Lavaca","0","5","Texas","4/26/20","4","1","48285","25"
"Lee","0","2","Texas","4/26/20","2","0","48287","0"
"Leon","0","5","Texas","4/26/20","5","0","48289","0"
"Liberty","1","38","Texas","4/26/20","32","6","48291","18.75"
"Limestone","0","11","Texas","4/26/20","11","0","48293","0"
"Live Oak","0","5","Texas","4/26/20","3","2","48297","66.67"
"Llano","0","3","Texas","4/26/20","3","0","48299","0"
"Lubbock","11","497","Texas","4/26/20","419","78","48303","18.62"
"Lynn","0","5","Texas","4/26/20","5","0","48305","0"
"Madison","0","2","Texas","4/26/20","2","0","48313","0"
"Marion","1","7","Texas","4/26/20","3","4","48315","133.33"
"Martin","0","2","Texas","4/26/20","2","0","48317","0"
"Mason","0","1","Texas","4/26/20","1","0","48319","0"
"Matagorda","1","59","Texas","4/26/20","51","8","48321","15.69"
"Maverick","1","16","Texas","4/26/20","12","4","48323","33.33"
"McCulloch","0","3","Texas","4/26/20","3","0","48307","0"
"McLennan","1","81","Texas","4/26/20","76","5","48309","6.58"
"Medina","1","19","Texas","4/26/20","15","4","48325","26.67"
"Midland","4","71","Texas","4/26/20","42","29","48329","69.05"
"Milam","0","13","Texas","4/26/20","11","2","48331","18.18"
"Mitchell","0","1","Texas","4/26/20","1","0","48335","0"
"Montague","0","6","Texas","4/26/20","5","1","48337","20"
"Montgomery","18","506","Texas","4/26/20","377","129","48339","34.22"
"Moore","21","252","Texas","4/26/20","106","146","48341","137.74"
"Morris","0","5","Texas","4/26/20","5","0","48343","0"
"Motley","0","1","Texas","4/26/20","1","0","48345","0"
"Nacogdoches","5","125","Texas","4/26/20","89","36","48347","40.45"
"Navarro","1","28","Texas","4/26/20","20","8","48349","40"
"Newton","0","2","Texas","4/26/20","2","0","48351","0"
"Nolan","0","1","Texas","4/26/20","0","1","48353","1"
"Nueces","1","94","Texas","4/26/20","90","4","48355","4.44"
"Ochiltree","1","5","Texas","4/26/20","0","5","48357","1"
"Oldham","0","3","Texas","4/26/20","3","0","48359","0"
"Orange","2","64","Texas","4/26/20","53","11","48361","20.75"
"Palo Pinto","0","7","Texas","4/26/20","7","0","48363","0"
"Panola","5","76","Texas","4/26/20","38","38","48365","100"
"Parker","0","24","Texas","4/26/20","21","3","48367","14.29"
"Parmer","0","4","Texas","4/26/20","1","3","48369","300"
"Pecos","0","8","Texas","4/26/20","5","3","48371","60"
"Polk","1","18","Texas","4/26/20","14","4","48373","28.57"
"Potter","28","326","Texas","4/26/20","130","196","48375","150.77"
"Rains","0","2","Texas","4/26/20","2","0","48379","0"
"Randall","9","164","Texas","4/26/20","103","61","48381","59.22"
"Red River","0","1","Texas","4/26/20","1","0","48387","0"
"Reeves","0","2","Texas","4/26/20","2","0","48389","0"
"Roberts","0","2","Texas","4/26/20","2","0","48393","0"
"Robertson","0","2","Texas","4/26/20","2","0","48395","0"
"Rockwall","1","51","Texas","4/26/20","41","10","48397","24.39"
"Rusk","1","32","Texas","4/26/20","28","4","48401","14.29"
"Sabine","0","1","Texas","4/26/20","1","0","48403","0"
"San Augustine","0","16","Texas","4/26/20","14","2","48405","14.29"
"San Jacinto","0","10","Texas","4/26/20","10","0","48407","0"
"San Patricio","1","12","Texas","4/26/20","8","4","48409","50"
"Scurry","0","2","Texas","4/26/20","2","0","48415","0"
"Shelby","5","97","Texas","4/26/20","60","37","48419","61.67"
"Sherman","1","12","Texas","4/26/20","7","5","48421","71.43"
"Smith","2","132","Texas","4/26/20","121","11","48423","9.09"
"Starr","0","7","Texas","4/26/20","7","0","48427","0"
"Stephens","0","1","Texas","4/26/20","1","0","48429","0"
"Swisher","1","9","Texas","4/26/20","4","5","48437","125"
"Tarrant","103","1947","Texas","4/26/20","1229","718","48439","58.42"
"Taylor","11","216","Texas","4/26/20","142","74","48441","52.11"
"Terry","0","10","Texas","4/26/20","10","0","48445","0"
"Titus","1","15","Texas","4/26/20","9","6","48449","66.67"
"Tom Green","0","43","Texas","4/26/20","41","2","48451","4.88"
"Travis","43","1396","Texas","4/26/20","1092","304","48453","27.84"
"Trinity","0","8","Texas","4/26/20","7","1","48455","14.29"
"Tyler","0","6","Texas","4/26/20","6","0","48457","0"
"Upshur","1","13","Texas","4/26/20","9","4","48459","44.44"
"Uvalde","0","6","Texas","4/26/20","6","0","48463","0"
"Val Verde","0","12","Texas","4/26/20","12","0","48465","0"
"Van Zandt","0","13","Texas","4/26/20","12","1","48467","8.33"
"Victoria","3","117","Texas","4/26/20","93","24","48469","25.81"
"Walker","12","164","Texas","4/26/20","77","87","48471","112.99"
"Waller","1","29","Texas","4/26/20","24","5","48473","20.83"
"Washington","9","113","Texas","4/26/20","52","61","48477","117.31"
"Webb","10","340","Texas","4/26/20","267","73","48479","27.34"
"Wharton","0","37","Texas","4/26/20","34","3","48481","8.82"
"Wheeler","1","5","Texas","4/26/20","0","5","48483","1"
"Wichita","0","62","Texas","4/26/20","59","3","48485","5.08"
"Wilbarger","0","1","Texas","4/26/20","1","0","48487","0"
"Willacy","1","13","Texas","4/26/20","8","5","48489","62.5"
"Williamson","9","211","Texas","4/26/20","151","60","48491","39.74"
"Wilson","1","29","Texas","4/26/20","21","8","48493","38.1"
"Winkler","0","3","Texas","4/26/20","3","0","48495","0"
"Wise","1","15","Texas","4/26/20","9","6","48497","66.67"
"Wood","0","7","Texas","4/26/20","6","1","48499","16.67"
"Yoakum","0","1","Texas","4/26/20","1","0","48501","0"
"Young","0","4","Texas","4/26/20","4","0","48503","0"
"Zapata","0","7","Texas","4/26/20","6","1","48505","16.67"
"Zavala","0","1","Texas","4/26/20","1","0","48507","0"
"Bear River","1","60","Utah","4/26/20","54","6","00000","11.11"
"Central Utah","1","21","Utah","4/26/20","15","6","00000","40"
"Davis","6","275","Utah","4/26/20","236","39","49011","16.53"
"Salt Lake","76","2144","Utah","4/26/20","1615","529","49035","32.76"
"San Juan","3","43","Utah","4/26/20","22","21","49037","95.45"
"Southeast Utah","1","12","Utah","4/26/20","6","6","00000","100"
"Southwest Utah","3","87","Utah","4/26/20","66","21","00000","31.82"
"Summit","6","357","Utah","4/26/20","318","39","49043","12.26"
"Tooele","2","54","Utah","4/26/20","42","12","49045","28.57"
"TriCounty","0","10","Utah","4/26/20","10","0","00000","0"
"Utah","46","777","Utah","4/26/20","455","322","49049","70.77"
"Wasatch","4","138","Utah","4/26/20","111","27","49051","24.32"
"Weber-Morgan","4","145","Utah","4/26/20","119","26","00000","21.85"
"Addison","0","61","Vermont","4/26/20","61","0","50001","0"
"Bennington","0","40","Vermont","4/26/20","37","3","50003","8.11"
"Caledonia","0","13","Vermont","4/26/20","12","1","50005","8.33"
"Chittenden","4","410","Vermont","4/26/20","385","25","50007","6.49"
"Essex","0","2","Vermont","4/26/20","2","0","50009","0"
"Franklin","0","91","Vermont","4/26/20","91","0","50011","0"
"Grand Isle","0","3","Vermont","4/26/20","3","0","50013","0"
"Lamoille","0","26","Vermont","4/26/20","23","3","50015","13.04"
"Orange","0","6","Vermont","4/26/20","5","1","50017","20"
"Orleans","0","9","Vermont","4/26/20","9","0","50019","0"
"Rutland","0","44","Vermont","4/26/20","43","1","50021","2.33"
"Washington","0","33","Vermont","4/26/20","32","1","50023","3.12"
"Windham","1","69","Vermont","4/26/20","63","6","50025","9.52"
"Windsor","0","39","Vermont","4/26/20","37","2","50027","5.41"
"","1","57","Virgin Islands","4/26/20","53","4",,"7.55"
"Accomack","21","187","Virginia","4/26/20","42","145","51001","345.24"
"Albemarle","3","76","Virginia","4/26/20","57","19","51003","33.33"
"Alexandria","30","591","Virginia","4/26/20","383","208","51510","54.31"
"Alleghany","0","5","Virginia","4/26/20","5","0","51005","0"
"Amelia","0","15","Virginia","4/26/20","14","1","51007","7.14"
"Amherst","0","9","Virginia","4/26/20","10","-1","51009","-10"
"Appomattox","1","17","Virginia","4/26/20","7","10","51011","142.86"
"Arlington","31","790","Virginia","4/26/20","575","215","51013","37.39"
"Augusta","2","36","Virginia","4/26/20","22","14","51015","63.64"
"Bedford","1","24","Virginia","4/26/20","18","6","51019","33.33"
"Botetourt","0","27","Virginia","4/26/20","24","3","51023","12.5"
"Bristol","0","1","Virginia","4/26/20","1","0","51520","0"
"Brunswick","0","14","Virginia","4/26/20","12","2","51025","16.67"
"Buchanan","0","13","Virginia","4/26/20","12","1","51027","8.33"
"Buckingham","1","35","Virginia","4/26/20","26","9","51029","34.62"
"Buena Vista","0","5","Virginia","4/26/20","5","0","51530","0"
"Campbell","0","11","Virginia","4/26/20","9","2","51031","22.22"
"Caroline","1","21","Virginia","4/26/20","13","8","51033","61.54"
"Carroll","0","3","Virginia","4/26/20","3","0","51035","0"
"Charles City","0","13","Virginia","4/26/20","11","2","51036","18.18"
"Charlotte","0","7","Virginia","4/26/20","8","-1","51037","-12.5"
"Charlottesville","1","49","Virginia","4/26/20","41","8","51540","19.51"
"Chesapeake","7","208","Virginia","4/26/20","162","46","51550","28.4"
"Chesterfield","21","457","Virginia","4/26/20","311","146","51041","46.95"
"Clarke","0","7","Virginia","4/26/20","6","1","51043","16.67"
"Colonial Heights","3","45","Virginia","4/26/20","23","22","51570","95.65"
"Covington","0","1","Virginia","4/26/20","1","0","51580","0"
"Craig","0","2","Virginia","4/26/20","2","0","51045","0"
"Culpeper","9","103","Virginia","4/26/20","43","60","51047","139.53"
"Cumberland","0","10","Virginia","4/26/20","10","0","51049","0"
"Danville","1","33","Virginia","4/26/20","27","6","51590","22.22"
"Dinwiddie","1","14","Virginia","4/26/20","7","7","51053","100"
"Emporia","2","18","Virginia","4/26/20","7","11","51595","157.14"
"Essex","1","6","Virginia","4/26/20","2","4","51057","200"
"Fairfax","154","2889","Virginia","4/26/20","1809","1080","51059","59.7"
"Fairfax City","2","26","Virginia","4/26/20","11","15","51600","136.36"
"Falls Church","4","26","Virginia","4/26/20","0","26","51610","1"
"Fauquier","7","87","Virginia","4/26/20","39","48","51061","123.08"
"Floyd","0","1","Virginia","4/26/20","1","0","51063","0"
"Fluvanna","1","72","Virginia","4/26/20","66","6","51065","9.09"
"Franklin","1","19","Virginia","4/26/20","15","4","51067","26.67"
"Franklin City","0","16","Virginia","4/26/20","15","1","51620","6.67"
"Frederick","2","93","Virginia","4/26/20","81","12","51069","14.81"
"Fredericksburg","1","23","Virginia","4/26/20","17","6","51630","35.29"
"Galax","0","4","Virginia","4/26/20","1","3","51640","300"
"Giles","0","4","Virginia","4/26/20","4","0","51071","0"
"Gloucester","0","22","Virginia","4/26/20","21","1","51073","4.76"
"Goochland","2","70","Virginia","4/26/20","55","15","51075","27.27"
"Greene","0","10","Virginia","4/26/20","8","2","51079","25"
"Greensville","2","30","Virginia","4/26/20","18","12","51081","66.67"
"Halifax","1","17","Virginia","4/26/20","8","9","51083","112.5"
"Hampton","3","104","Virginia","4/26/20","83","21","51650","25.3"
"Hanover","3","105","Virginia","4/26/20","84","21","51085","25"
"Harrisonburg","19","371","Virginia","4/26/20","236","135","51660","57.2"
"Henrico","30","792","Virginia","4/26/20","584","208","51087","35.62"
"Henry","1","14","Virginia","4/26/20","10","4","51089","40"
"Highland","0","1","Virginia","4/26/20","0","1","51091","1"
"Hopewell","1","22","Virginia","4/26/20","16","6","51670","37.5"
"Isle of Wight","1","93","Virginia","4/26/20","86","7","51093","8.14"
"James City","2","153","Virginia","4/26/20","141","12","51095","8.51"
"King and Queen","0","2","Virginia","4/26/20","2","0","51097","0"
"King George","1","27","Virginia","4/26/20","18","9","51099","50"
"King William","0","5","Virginia","4/26/20","2","3","51101","150"
"Lancaster","0","1","Virginia","4/26/20","1","0","51103","0"
"Lee","0","8","Virginia","4/26/20","7","1","51105","14.29"
"Lexington","0","3","Virginia","4/26/20","3","0","51678","0"
"Loudoun","24","596","Virginia","4/26/20","425","171","51107","40.24"
"Louisa","1","40","Virginia","4/26/20","33","7","51109","21.21"
"Lunenburg","0","4","Virginia","4/26/20","3","1","51111","33.33"
"Lynchburg","2","50","Virginia","4/26/20","38","12","51680","31.58"
"Madison","1","14","Virginia","4/26/20","8","6","51113","75"
"Manassas","9","158","Virginia","4/26/20","93","65","51683","69.89"
"Manassas Park","3","45","Virginia","4/26/20","25","20","51685","80"
"Mathews","0","4","Virginia","4/26/20","3","1","51115","33.33"
"Mecklenburg","4","94","Virginia","4/26/20","65","29","51117","44.62"
"Middlesex","0","4","Virginia","4/26/20","3","1","51119","33.33"
"Montgomery","1","51","Virginia","4/26/20","42","9","51121","21.43"
"Nelson","0","7","Virginia","4/26/20","5","2","51125","40"
"New Kent","0","20","Virginia","4/26/20","17","3","51127","17.65"
"Newport News","1","111","Virginia","4/26/20","102","9","51700","8.82"
"Norfolk","10","179","Virginia","4/26/20","111","68","51710","61.26"
"Northampton","2","24","Virginia","4/26/20","7","17","51131","242.86"
"Northumberland","0","8","Virginia","4/26/20","5","3","51133","60"
"Norton","0","2","Virginia","4/26/20","2","0","51720","0"
"Nottoway","0","11","Virginia","4/26/20","8","3","51135","37.5"
"Orange","1","26","Virginia","4/26/20","20","6","51137","30"
"Page","10","84","Virginia","4/26/20","13","71","51139","546.15"
"Patrick","0","2","Virginia","4/26/20","0","2","51141","1"
"Petersburg","1","27","Virginia","4/26/20","21","6","51730","28.57"
"Pittsylvania","1","11","Virginia","4/26/20","6","5","51143","83.33"
"Poquoson","0","6","Virginia","4/26/20","6","0","51735","0"
"Portsmouth","6","108","Virginia","4/26/20","65","43","51740","66.15"
"Powhatan","0","11","Virginia","4/26/20","9","2","51145","22.22"
"Prince Edward","3","41","Virginia","4/26/20","17","24","51147","141.18"
"Prince George","0","30","Virginia","4/26/20","28","2","51149","7.14"
"Prince William","75","1265","Virginia","4/26/20","742","523","51153","70.49"
"Pulaski","0","10","Virginia","4/26/20","8","2","51155","25"
"Radford","0","3","Virginia","4/26/20","1","2","51750","200"
"Rappahannock","0","2","Virginia","4/26/20","1","1","51157","100"
"Richmond","11","89","Virginia","4/26/20","9","80","51159","888.89"
"Richmond City","10","301","Virginia","4/26/20","231","70","51760","30.3"
"Roanoke","2","39","Virginia","4/26/20","22","17","51161","77.27"
"Roanoke City","1","33","Virginia","4/26/20","24","9","51770","37.5"
"Rockbridge","0","5","Virginia","4/26/20","5","0","51163","0"
"Rockingham","12","184","Virginia","4/26/20","100","84","51165","84"
"Russell","0","3","Virginia","4/26/20","2","1","51167","50"
"Salem","0","9","Virginia","4/26/20","6","3","51775","50"
"Scott","0","6","Virginia","4/26/20","4","2","51169","50"
"Shenandoah","5","74","Virginia","4/26/20","39","35","51171","89.74"
"Smyth","0","13","Virginia","4/26/20","12","1","51173","8.33"
"Southampton","14","115","Virginia","4/26/20","16","99","51175","618.75"
"Spotsylvania","5","107","Virginia","4/26/20","74","33","51177","44.59"
"Stafford","9","213","Virginia","4/26/20","152","61","51179","40.13"
"Staunton","1","10","Virginia","4/26/20","5","5","51790","100"
"Suffolk","8","147","Virginia","4/26/20","91","56","51800","61.54"
"Surry","0","4","Virginia","4/26/20","3","1","51181","33.33"
"Sussex","2","28","Virginia","4/26/20","11","17","51183","154.55"
"Tazewell","0","4","Virginia","4/26/20","4","0","51185","0"
"Virginia Beach","10","345","Virginia","4/26/20","273","72","51810","26.37"
"Warren","3","43","Virginia","4/26/20","24","19","51187","79.17"
"Washington","1","34","Virginia","4/26/20","29","5","51191","17.24"
"Waynesboro","0","10","Virginia","4/26/20","7","3","51820","42.86"
"Westmoreland","1","20","Virginia","4/26/20","10","10","51193","100"
"Williamsburg","-1","15","Virginia","4/26/20","19","-4","51830","-21.05"
"Winchester","1","33","Virginia","4/26/20","25","8","51840","32"
"Wise","0","20","Virginia","4/26/20","18","2","51195","11.11"
"Wythe","0","11","Virginia","4/26/20","10","1","51197","10"
"York","0","44","Virginia","4/26/20","44","0","51199","0"
"Adams","1","46","Washington","4/26/20","41","5","53001","12.2"
"Asotin","1","17","Washington","4/26/20","13","4","53003","30.77"
"Benton","13","405","Washington","4/26/20","313","92","53005","29.39"
"Chelan","3","91","Washington","4/26/20","73","18","53007","24.66"
"Clallam","0","15","Washington","4/26/20","15","0","53009","0"
"Clark","3","297","Washington","4/26/20","277","20","53011","7.22"
"Columbia","0","1","Washington","4/26/20","1","0","53013","0"
"Cowlitz","1","39","Washington","4/26/20","29","10","53015","34.48"
"Douglas","5","72","Washington","4/26/20","34","38","53017","111.76"
"Ferry","0","1","Washington","4/26/20","1","0","53019","0"
"Franklin","9","251","Washington","4/26/20","191","60","53021","31.41"
"Grant","1","150","Washington","4/26/20","143","7","53025","4.9"
"Grays Harbor","0","12","Washington","4/26/20","12","0","53027","0"
"Island","-1","160","Washington","4/26/20","166","-6","53029","-3.61"
"Jefferson","0","28","Washington","4/26/20","29","-1","53031","-3.45"
"King","98","5863","Washington","4/26/20","5174","689","53033","13.32"
"Kitsap","1","144","Washington","4/26/20","138","6","53035","4.35"
"Kittitas","0","14","Washington","4/26/20","14","0","53037","0"
"Klickitat","0","16","Washington","4/26/20","16","0","53039","0"
"Lewis","1","29","Washington","4/26/20","20","9","53041","45"
"Lincoln","0","2","Washington","4/26/20","2","0","53043","0"
"Mason","0","22","Washington","4/26/20","22","0","53045","0"
"Okanogan","1","19","Washington","4/26/20","15","4","53047","26.67"
"Pacific","0","4","Washington","4/26/20","1","3","53049","300"
"Pend Oreille","0","2","Washington","4/26/20","2","0","53051","0"
"Pierce","14","1244","Washington","4/26/20","1143","101","53053","8.84"
"San Juan","0","14","Washington","4/26/20","15","-1","53055","-6.67"
"Skagit","8","299","Washington","4/26/20","240","59","53057","24.58"
"Skamania","0","3","Washington","4/26/20","3","0","53059","0"
"Snohomish","24","2311","Washington","4/26/20","2143","168","53061","7.84"
"Spokane","6","347","Washington","4/26/20","307","40","53063","13.03"
"Stevens","0","9","Washington","4/26/20","8","1","53065","12.5"
"Thurston","1","100","Washington","4/26/20","93","7","53067","7.53"
"Wahkiakum","0","2","Washington","4/26/20","2","0","53069","0"
"Walla Walla","4","52","Washington","4/26/20","27","25","53071","92.59"
"Whatcom","2","288","Washington","4/26/20","277","11","53073","3.97"
"Whitman","0","14","Washington","4/26/20","15","-1","53075","-6.67"
"Yakima","30","1015","Washington","4/26/20","804","211","53077","26.24"
"Barbour","0","4","West Virginia","4/26/20","4","0","54001","0"
"Berkeley","3","131","West Virginia","4/26/20","109","22","54003","20.18"
"Boone","0","2","West Virginia","4/26/20","2","0","54005","0"
"Braxton","0","2","West Virginia","4/26/20","1","1","54007","100"
"Brooke","0","4","West Virginia","4/26/20","3","1","54009","33.33"
"Cabell","1","40","West Virginia","4/26/20","34","6","54011","17.65"
"Fayette","1","9","West Virginia","4/26/20","5","4","54019","80"
"Gilmer","0","2","West Virginia","4/26/20","0","2","54021","1"
"Grant","0","1","West Virginia","4/26/20","1","0","54023","0"
"Greenbrier","0","3","West Virginia","4/26/20","3","0","54025","0"
"Hampshire","0","7","West Virginia","4/26/20","6","1","54027","16.67"
"Hancock","0","8","West Virginia","4/26/20","7","1","54029","14.29"
"Hardy","0","3","West Virginia","4/26/20","3","0","54031","0"
"Harrison","0","30","West Virginia","4/26/20","30","0","54033","0"
"Jackson","4","127","West Virginia","4/26/20","100","27","54035","27"
"Jefferson","2","71","West Virginia","4/26/20","60","11","54037","18.33"
"Kanawha","4","153","West Virginia","4/26/20","127","26","54039","20.47"
"Lewis","0","3","West Virginia","4/26/20","2","1","54041","50"
"Lincoln","0","1","West Virginia","4/26/20","1","0","54043","0"
"Logan","1","12","West Virginia","4/26/20","8","4","54045","50"
"Marion","0","45","West Virginia","4/26/20","42","3","54049","7.14"
"Marshall","0","11","West Virginia","4/26/20","8","3","54051","37.5"
"Mason","0","11","West Virginia","4/26/20","11","0","54053","0"
"McDowell","0","6","West Virginia","4/26/20","6","0","54047","0"
"Mercer","0","9","West Virginia","4/26/20","8","1","54055","12.5"
"Mineral","1","15","West Virginia","4/26/20","8","7","54057","87.5"
"Mingo","0","2","West Virginia","4/26/20","2","0","54059","0"
"Monongalia","2","101","West Virginia","4/26/20","87","14","54061","16.09"
"Monroe","0","5","West Virginia","4/26/20","5","0","54063","0"
"Morgan","0","9","West Virginia","4/26/20","8","1","54065","12.5"
"Nicholas","0","6","West Virginia","4/26/20","4","2","54067","50"
"Ohio","1","26","West Virginia","4/26/20","22","4","54069","18.18"
"Pendleton","0","3","West Virginia","4/26/20","2","1","54071","50"
"Pleasants","0","2","West Virginia","4/26/20","1","1","54073","100"
"Preston","0","13","West Virginia","4/26/20","10","3","54077","30"
"Putnam","1","18","West Virginia","4/26/20","14","4","54079","28.57"
"Raleigh","0","9","West Virginia","4/26/20","7","2","54081","28.57"
"Randolph","0","4","West Virginia","4/26/20","4","0","54083","0"
"Roane","0","4","West Virginia","4/26/20","3","1","54087","33.33"
"Summers","0","1","West Virginia","4/26/20","1","0","54089","0"
"Taylor","0","6","West Virginia","4/26/20","5","1","54091","20"
"Tucker","0","4","West Virginia","4/26/20","4","0","54093","0"
"Tyler","0","3","West Virginia","4/26/20","3","0","54095","0"
"Upshur","0","4","West Virginia","4/26/20","4","0","54097","0"
"Wayne","1","82","West Virginia","4/26/20","78","4","54099","5.13"
"Wetzel","0","3","West Virginia","4/26/20","3","0","54103","0"
"Wirt","0","3","West Virginia","4/26/20","2","1","54105","50"
"Wood","1","36","West Virginia","4/26/20","31","5","54107","16.13"
"Wyoming","0","1","West Virginia","4/26/20","1","0","54109","0"
"Adams","0","4","Wisconsin","4/26/20","4","0","55001","0"
"Ashland","0","2","Wisconsin","4/26/20","2","0","55003","0"
"Barron","0","6","Wisconsin","4/26/20","6","0","55005","0"
"Bayfield","0","3","Wisconsin","4/26/20","3","0","55007","0"
"Brown","80","776","Wisconsin","4/26/20","215","561","55009","260.93"
"Buffalo","0","4","Wisconsin","4/26/20","4","0","55011","0"
"Calumet","0","7","Wisconsin","4/26/20","6","1","55015","16.67"
"Chippewa","0","20","Wisconsin","4/26/20","20","0","55017","0"
"Clark","0","19","Wisconsin","4/26/20","16","3","55019","18.75"
"Columbia","0","27","Wisconsin","4/26/20","27","0","55021","0"
"Crawford","0","3","Wisconsin","4/26/20","3","0","55023","0"
"Dane","6","405","Wisconsin","4/26/20","361","44","55025","12.19"
"Dodge","1","29","Wisconsin","4/26/20","19","10","55027","52.63"
"Door","0","10","Wisconsin","4/26/20","9","1","55029","11.11"
"Douglas","0","9","Wisconsin","4/26/20","8","1","55031","12.5"
"Dunn","0","9","Wisconsin","4/26/20","9","0","55033","0"
"Eau Claire","0","25","Wisconsin","4/26/20","22","3","55035","13.64"
"Florence","0","2","Wisconsin","4/26/20","2","0","55037","0"
"Fond du Lac","1","69","Wisconsin","4/26/20","62","7","55039","11.29"
"Grant","2","30","Wisconsin","4/26/20","18","12","55043","66.67"
"Green","0","11","Wisconsin","4/26/20","9","2","55045","22.22"
"Green Lake","0","1","Wisconsin","4/26/20","1","0","55047","0"
"Iowa","0","7","Wisconsin","4/26/20","6","1","55049","16.67"
"Iron","0","2","Wisconsin","4/26/20","2","0","55051","0"
"Jackson","0","12","Wisconsin","4/26/20","12","0","55053","0"
"Jefferson","1","39","Wisconsin","4/26/20","32","7","55055","21.88"
"Juneau","0","12","Wisconsin","4/26/20","10","2","55057","20"
"Kenosha","13","339","Wisconsin","4/26/20","248","91","55059","36.69"
"Kewaunee","0","10","Wisconsin","4/26/20","8","2","55061","25"
"La Crosse","0","26","Wisconsin","4/26/20","25","1","55063","4"
"Lafayette","0","4","Wisconsin","4/26/20","3","1","55065","33.33"
"Manitowoc","1","10","Wisconsin","4/26/20","6","4","55071","66.67"
"Marathon","0","18","Wisconsin","4/26/20","17","1","55073","5.88"
"Marinette","0","7","Wisconsin","4/26/20","5","2","55075","40"
"Marquette","0","3","Wisconsin","4/26/20","3","0","55077","0"
"Menominee","0","1","Wisconsin","4/26/20","1","0","55078","0"
"Milwaukee","68","2629","Wisconsin","4/26/20","2150","479","55079","22.28"
"Monroe","0","14","Wisconsin","4/26/20","13","1","55081","7.69"
"Oconto","0","7","Wisconsin","4/26/20","4","3","55083","75"
"Oneida","0","6","Wisconsin","4/26/20","6","0","55085","0"
"Outagamie","2","46","Wisconsin","4/26/20","35","11","55087","31.43"
"Ozaukee","1","85","Wisconsin","4/26/20","79","6","55089","7.59"
"Pierce","0","9","Wisconsin","4/26/20","7","2","55093","28.57"
"Polk","0","4","Wisconsin","4/26/20","4","0","55095","0"
"Portage","0","4","Wisconsin","4/26/20","4","0","55097","0"
"Price","0","1","Wisconsin","4/26/20","1","0","55099","0"
"Racine","15","270","Wisconsin","4/26/20","168","102","55101","60.71"
"Richland","0","11","Wisconsin","4/26/20","8","3","55103","37.5"
"Rock","11","151","Wisconsin","4/26/20","74","77","55105","104.05"
"Rusk","0","4","Wisconsin","4/26/20","4","0","55107","0"
"Sauk","1","40","Wisconsin","4/26/20","33","7","55111","21.21"
"Sawyer","0","3","Wisconsin","4/26/20","2","1","55113","50"
"Shawano","0","8","Wisconsin","4/26/20","6","2","55115","33.33"
"Sheboygan","1","45","Wisconsin","4/26/20","40","5","55117","12.5"
"St. Croix","0","13","Wisconsin","4/26/20","11","2","55109","18.18"
"Trempealeau","0","2","Wisconsin","4/26/20","1","1","55121","100"
"Vernon","0","1","Wisconsin","4/26/20","0","1","55123","1"
"Vilas","0","4","Wisconsin","4/26/20","4","0","55125","0"
"Walworth","7","135","Wisconsin","4/26/20","89","46","55127","51.69"
"Washburn","0","1","Wisconsin","4/26/20","1","0","55129","0"
"Washington","1","92","Wisconsin","4/26/20","84","8","55131","9.52"
"Waukesha","6","307","Wisconsin","4/26/20","265","42","55133","15.85"
"Waupaca","0","7","Wisconsin","4/26/20","4","3","55135","75"
"Waushara","0","2","Wisconsin","4/26/20","2","0","55137","0"
"Winnebago","1","48","Wisconsin","4/26/20","41","7","55139","17.07"
"Wood","0","2","Wisconsin","4/26/20","2","0","55141","0"
"Albany","0","6","Wyoming","4/26/20","6","0","56001","0"
"Big Horn","0","2","Wyoming","4/26/20","1","1","56003","100"
"Campbell","1","23","Wyoming","4/26/20","13","10","56005","76.92"
"Carbon","0","6","Wyoming","4/26/20","4","2","56007","50"
"Converse","1","16","Wyoming","4/26/20","9","7","56009","77.78"
"Crook","0","5","Wyoming","4/26/20","4","1","56011","25"
"Fremont","6","91","Wyoming","4/26/20","49","42","56013","85.71"
"Goshen","0","4","Wyoming","4/26/20","3","1","56015","33.33"
"Hot Springs","0","3","Wyoming","4/26/20","1","2","56017","200"
"Johnson","1","15","Wyoming","4/26/20","11","4","56019","36.36"
"Laramie","8","125","Wyoming","4/26/20","71","54","56021","76.06"
"Lincoln","1","9","Wyoming","4/26/20","5","4","56023","80"
"Natrona","2","49","Wyoming","4/26/20","38","11","56025","28.95"
"Niobrara","0","2","Wyoming","4/26/20","1","1","56027","100"
"Park","0","1","Wyoming","4/26/20","1","0","56029","0"
"Sheridan","1","16","Wyoming","4/26/20","12","4","56033","33.33"
"Sublette","0","3","Wyoming","4/26/20","1","2","56035","200"
"Sweetwater","1","16","Wyoming","4/26/20","10","6","56037","60"
"Teton","5","95","Wyoming","4/26/20","62","33","56039","53.23"
"Uinta","0","7","Wyoming","4/26/20","6","1","56041","16.67"
"Washakie","0","8","Wyoming","4/26/20","5","3","56043","60"
