"Locality","DailyAvgNewCasesPast7Days","TotalCases","State","Date","TotalCases7DaysAgo","NewCasesPast7Days","FIPS-Code","PercentIncreaseTotalCasesPast7Days"
"Autauga","1","40","Alabama","4/28/20","30","10","01001","33.33"
"Baldwin","7","171","Alabama","4/28/20","123","48","01003","39.02"
"Barbour","1","37","Alabama","4/28/20","28","9","01005","32.14"
"Bibb","1","42","Alabama","4/28/20","32","10","01007","31.25"
"Blount","1","34","Alabama","4/28/20","26","8","01009","30.77"
"Bullock","0","12","Alabama","4/28/20","11","1","01011","9.09"
"Butler","4","45","Alabama","4/28/20","15","30","01013","200"
"Calhoun","1","92","Alabama","4/28/20","83","9","01015","10.84"
"Chambers","5","291","Alabama","4/28/20","259","32","01017","12.36"
"Cherokee","0","15","Alabama","4/28/20","13","2","01019","15.38"
"Chilton","1","52","Alabama","4/28/20","44","8","01021","18.18"
"Choctaw","3","39","Alabama","4/28/20","18","21","01023","116.67"
"Clarke","1","28","Alabama","4/28/20","24","4","01025","16.67"
"Clay","0","19","Alabama","4/28/20","19","0","01027","0"
"Cleburne","0","12","Alabama","4/28/20","12","0","01029","0"
"Coffee","5","105","Alabama","4/28/20","68","37","01031","54.41"
"Colbert","2","27","Alabama","4/28/20","16","11","01033","68.75"
"Conecuh","0","9","Alabama","4/28/20","9","0","01035","0"
"Coosa","1","31","Alabama","4/28/20","24","7","01037","29.17"
"Covington","1","35","Alabama","4/28/20","26","9","01039","34.62"
"Crenshaw","1","16","Alabama","4/28/20","6","10","01041","166.67"
"Cullman","1","52","Alabama","4/28/20","45","7","01043","15.56"
"Dale","1","25","Alabama","4/28/20","21","4","01045","19.05"
"Dallas","1","37","Alabama","4/28/20","29","8","01047","27.59"
"DeKalb","4","76","Alabama","4/28/20","51","25","01049","49.02"
"Elmore","1","82","Alabama","4/28/20","73","9","01051","12.33"
"Escambia","1","27","Alabama","4/28/20","17","10","01053","58.82"
"Etowah","3","130","Alabama","4/28/20","109","21","01055","19.27"
"Fayette","0","5","Alabama","4/28/20","4","1","01057","25"
"Franklin","4","44","Alabama","4/28/20","18","26","01059","144.44"
"Geneva","1","8","Alabama","4/28/20","4","4","01061","100"
"Greene","2","47","Alabama","4/28/20","32","15","01063","46.88"
"Hale","1","41","Alabama","4/28/20","34","7","01065","20.59"
"Henry","0","22","Alabama","4/28/20","20","2","01067","10"
"Houston","2","84","Alabama","4/28/20","73","11","01069","15.07"
"Jackson","1","46","Alabama","4/28/20","41","5","01071","12.2"
"Jefferson","23","861","Alabama","4/28/20","698","163","01073","23.35"
"Lamar","0","10","Alabama","4/28/20","9","1","01075","11.11"
"Lauderdale","1","30","Alabama","4/28/20","25","5","01077","20"
"Lawrence","0","12","Alabama","4/28/20","10","2","01079","20"
"Lee","8","377","Alabama","4/28/20","319","58","01081","18.18"
"Limestone","1","44","Alabama","4/28/20","40","4","01083","10"
"Lowndes","3","53","Alabama","4/28/20","32","21","01085","65.62"
"Macon","1","35","Alabama","4/28/20","27","8","01087","29.63"
"Madison","3","222","Alabama","4/28/20","203","19","01089","9.36"
"Marengo","1","44","Alabama","4/28/20","35","9","01091","25.71"
"Marion","2","76","Alabama","4/28/20","65","11","01093","16.92"
"Marshall","17","313","Alabama","4/28/20","194","119","01095","61.34"
"Mobile","40","994","Alabama","4/28/20","714","280","01097","39.22"
"Monroe","0","12","Alabama","4/28/20","9","3","01099","33.33"
"Montgomery","8","302","Alabama","4/28/20","245","57","01101","23.27"
"Morgan","2","68","Alabama","4/28/20","51","17","01103","33.33"
"Perry","0","9","Alabama","4/28/20","9","0","01105","0"
"Pickens","1","47","Alabama","4/28/20","43","4","01107","9.3"
"Pike","3","65","Alabama","4/28/20","46","19","01109","41.3"
"Randolph","0","62","Alabama","4/28/20","59","3","01111","5.08"
"Russell","1","55","Alabama","4/28/20","48","7","01113","14.58"
"Shelby","7","319","Alabama","4/28/20","273","46","01117","16.85"
"St. Clair","2","70","Alabama","4/28/20","59","11","01115","18.64"
"Sumter","2","55","Alabama","4/28/20","44","11","01119","25"
"Talladega","1","59","Alabama","4/28/20","50","9","01121","18"
"Tallapoosa","7","279","Alabama","4/28/20","228","51","01123","22.37"
"Tuscaloosa","6","199","Alabama","4/28/20","158","41","01125","25.95"
"Walker","0","94","Alabama","4/28/20","91","3","01127","3.3"
"Washington","2","33","Alabama","4/28/20","17","16","01129","94.12"
"Wilcox","2","60","Alabama","4/28/20","49","11","01131","22.45"
"Winston","0","13","Alabama","4/28/20","10","3","01133","30"
"Anchorage","2","175","Alaska","4/28/20","160","15","02020","9.38"
"Bethel","0","1","Alaska","4/28/20","1","0","02050","0"
"Fairbanks North Star","0","81","Alaska","4/28/20","79","2","02090","2.53"
"Juneau","0","27","Alaska","4/28/20","26","1","02110","3.85"
"Kenai Peninsula","0","19","Alaska","4/28/20","19","0","02122","0"
"Ketchikan Gateway","0","16","Alaska","4/28/20","16","0","02130","0"
"Kodiak Island","0","1","Alaska","4/28/20","1","0","02150","0"
"Matanuska-Susitna","0","21","Alaska","4/28/20","19","2","02170","10.53"
"Nome","0","1","Alaska","4/28/20","1","0","02180","0"
"Petersburg","0","4","Alaska","4/28/20","3","1","02195","33.33"
"Prince of Wales-Hyder","0","2","Alaska","4/28/20","2","0","02198","0"
"Sitka","0","1","Alaska","4/28/20","0","1","02220","1"
"Southeast Fairbanks","0","1","Alaska","4/28/20","1","0","02240","0"
"Yukon-Koyukuk","0","1","Alaska","4/28/20","1","0","02290","0"
"Apache","22","380","Arizona","4/28/20","226","154","04001","68.14"
"Cochise","1","37","Arizona","4/28/20","29","8","04003","27.59"
"Coconino","14","439","Arizona","4/28/20","342","97","04005","28.36"
"Gila","0","11","Arizona","4/28/20","9","2","04007","22.22"
"Graham","1","9","Arizona","4/28/20","2","7","04009","350"
"Greenlee","0","2","Arizona","4/28/20","2","0","04011","0"
"La Paz","0","7","Arizona","4/28/20","6","1","04012","16.67"
"Maricopa","120","3578","Arizona","4/28/20","2738","840","04013","30.68"
"Mohave","6","99","Arizona","4/28/20","59","40","04015","67.8"
"Navajo","26","665","Arizona","4/28/20","485","180","04017","37.11"
"Pima","32","1188","Arizona","4/28/20","963","225","04019","23.36"
"Pinal","14","365","Arizona","4/28/20","268","97","04021","36.19"
"Santa Cruz","1","31","Arizona","4/28/20","23","8","04023","34.78"
"Yavapai","1","77","Arizona","4/28/20","72","5","04025","6.94"
"Yuma","5","67","Arizona","4/28/20","32","35","04027","109.38"
"Arkansas","0","2","Arkansas","4/28/20","2","0","05001","0"
"Ashley","0","13","Arkansas","4/28/20","12","1","05003","8.33"
"Baxter","0","5","Arkansas","4/28/20","5","0","05005","0"
"Benton","4","94","Arkansas","4/28/20","66","28","05007","42.42"
"Boone","0","5","Arkansas","4/28/20","3","2","05009","66.67"
"Bradley","0","8","Arkansas","4/28/20","7","1","05011","14.29"
"Carroll","0","5","Arkansas","4/28/20","2","3","05015","150"
"Chicot","0","9","Arkansas","4/28/20","7","2","05017","28.57"
"Clark","0","27","Arkansas","4/28/20","27","0","05019","0"
"Clay","0","3","Arkansas","4/28/20","1","2","05021","200"
"Cleburne","0","72","Arkansas","4/28/20","71","1","05023","1.41"
"Cleveland","0","10","Arkansas","4/28/20","8","2","05025","25"
"Columbia","1","12","Arkansas","4/28/20","5","7","05027","140"
"Conway","1","12","Arkansas","4/28/20","5","7","05029","140"
"Craighead","4","70","Arkansas","4/28/20","45","25","05031","55.56"
"Crawford","0","4","Arkansas","4/28/20","4","0","05033","0"
"Crittenden","5","177","Arkansas","4/28/20","145","32","05035","22.07"
"Cross","1","16","Arkansas","4/28/20","8","8","05037","100"
"Dallas","0","1","Arkansas","4/28/20","1","0","05039","0"
"Desha","1","16","Arkansas","4/28/20","7","9","05041","128.57"
"Drew","1","13","Arkansas","4/28/20","6","7","05043","116.67"
"Faulkner","2","75","Arkansas","4/28/20","62","13","05045","20.97"
"Franklin","0","2","Arkansas","4/28/20","1","1","05047","100"
"Fulton","0","1","Arkansas","4/28/20","0","1","05049","1"
"Garland","1","115","Arkansas","4/28/20","109","6","05051","5.5"
"Grant","0","12","Arkansas","4/28/20","11","1","05053","9.09"
"Greene","1","16","Arkansas","4/28/20","9","7","05055","77.78"
"Hempstead","0","6","Arkansas","4/28/20","5","1","05057","20"
"Hot Spring","1","15","Arkansas","4/28/20","8","7","05059","87.5"
"Howard","0","13","Arkansas","4/28/20","14","-1","05061","-7.14"
"Independence","0","9","Arkansas","4/28/20","8","1","05063","12.5"
"Izard","0","5","Arkansas","4/28/20","2","3","05065","150"
"Jackson","0","1","Arkansas","4/28/20","1","0","05067","0"
"Jefferson","5","162","Arkansas","4/28/20","126","36","05069","28.57"
"Johnson","1","29","Arkansas","4/28/20","22","7","05071","31.82"
"Lafayette","0","7","Arkansas","4/28/20","4","3","05073","75"
"Lawrence","3","45","Arkansas","4/28/20","26","19","05075","73.08"
"Lee","0","3","Arkansas","4/28/20","3","0","05077","0"
"Lincoln","71","755","Arkansas","4/28/20","258","497","05079","192.64"
"Logan","0","3","Arkansas","4/28/20","3","0","05083","0"
"Lonoke","2","40","Arkansas","4/28/20","26","14","05085","53.85"
"Madison","0","1","Arkansas","4/28/20","1","0","05087","0"
"Marion","0","1","Arkansas","4/28/20","1","0","05089","0"
"Miller","0","33","Arkansas","4/28/20","30","3","05091","10"
"Mississippi","1","14","Arkansas","4/28/20","9","5","05093","55.56"
"Monroe","0","4","Arkansas","4/28/20","4","0","05095","0"
"Montgomery","0","1","Arkansas","4/28/20","0","1","05097","1"
"Nevada","0","1","Arkansas","4/28/20","1","0","05099","0"
"Newton","0","3","Arkansas","4/28/20","2","1","05101","50"
"Ouachita","0","6","Arkansas","4/28/20","5","1","05103","20"
"Perry","0","6","Arkansas","4/28/20","3","3","05105","100"
"Phillips","0","5","Arkansas","4/28/20","4","1","05107","25"
"Pike","0","3","Arkansas","4/28/20","2","1","05109","50"
"Poinsett","1","18","Arkansas","4/28/20","10","8","05111","80"
"Polk","0","8","Arkansas","4/28/20","7","1","05113","14.29"
"Pope","1","42","Arkansas","4/28/20","35","7","05115","20"
"Prairie","0","2","Arkansas","4/28/20","2","0","05117","0"
"Pulaski","14","490","Arkansas","4/28/20","390","100","05119","25.64"
"Randolph","0","17","Arkansas","4/28/20","14","3","05121","21.43"
"Saline","2","57","Arkansas","4/28/20","45","12","05125","26.67"
"Scott","0","1","Arkansas","4/28/20","1","0","05127","0"
"Searcy","0","6","Arkansas","4/28/20","6","0","05129","0"
"Sebastian","0","12","Arkansas","4/28/20","11","1","05131","9.09"
"Sevier","0","11","Arkansas","4/28/20","10","1","05133","10"
"Sharp","1","6","Arkansas","4/28/20","2","4","05135","200"
"St. Francis","2","82","Arkansas","4/28/20","65","17","05123","26.15"
"Stone","0","7","Arkansas","4/28/20","7","0","05137","0"
"Union","2","43","Arkansas","4/28/20","26","17","05139","65.38"
"Van Buren","0","27","Arkansas","4/28/20","26","1","05141","3.85"
"Washington","3","77","Arkansas","4/28/20","59","18","05143","30.51"
"White","0","31","Arkansas","4/28/20","29","2","05145","6.9"
"Woodruff","0","1","Arkansas","4/28/20","1","0","05147","0"
"Yell","0","3","Arkansas","4/28/20","2","1","05149","50"
"Alameda","42","1533","California","4/28/20","1241","292","06001","23.53"
"Alpine","0","2","California","4/28/20","1","1","06003","100"
"Amador","0","8","California","4/28/20","7","1","06005","14.29"
"Butte","0","16","California","4/28/20","16","0","06007","0"
"Calaveras","0","13","California","4/28/20","12","1","06009","8.33"
"Colusa","0","3","California","4/28/20","3","0","06011","0"
"Contra Costa","13","842","California","4/28/20","749","93","06013","12.42"
"Del Norte","0","3","California","4/28/20","2","1","06015","50"
"El Dorado","1","44","California","4/28/20","38","6","06017","15.79"
"Fresno","21","498","California","4/28/20","351","147","06019","41.88"
"Glenn","0","5","California","4/28/20","4","1","06021","25"
"Humboldt","0","53","California","4/28/20","52","1","06023","1.92"
"Imperial","16","284","California","4/28/20","175","109","06025","62.29"
"Inyo","0","19","California","4/28/20","18","1","06027","5.56"
"Kern","25","847","California","4/28/20","671","176","06029","26.23"
"Kings","6","71","California","4/28/20","32","39","06031","121.88"
"Lake","0","6","California","4/28/20","6","0","06033","0"
"Los Angeles","835","20996","California","4/28/20","15153","5843","06037","38.56"
"Madera","1","44","California","4/28/20","36","8","06039","22.22"
"Marin","4","224","California","4/28/20","199","25","06041","12.56"
"Mariposa","0","1","California","4/28/20","0","1","06043","1"
"Mendocino","1","11","California","4/28/20","5","6","06045","120"
"Merced","3","116","California","4/28/20","92","24","06047","26.09"
"Mono","0","26","California","4/28/20","24","2","06051","8.33"
"Monterey","5","185","California","4/28/20","148","37","06053","25"
"Napa","3","66","California","4/28/20","48","18","06055","37.5"
"Nevada","0","39","California","4/28/20","38","1","06057","2.63"
"Orange","66","2151","California","4/28/20","1691","460","06059","27.2"
"Placer","2","145","California","4/28/20","133","12","06061","9.02"
"Plumas","0","4","California","4/28/20","4","0","06063","0"
"Riverside","127","3735","California","4/28/20","2847","888","06065","31.19"
"Sacramento","14","1053","California","4/28/20","954","99","06067","10.38"
"San Benito","1","48","California","4/28/20","44","4","06069","9.09"
"San Bernardino","48","1827","California","4/28/20","1489","338","06071","22.7"
"San Diego","117","3141","California","4/28/20","2325","816","06073","35.1"
"San Francisco","34","1468","California","4/28/20","1231","237","06075","19.25"
"San Joaquin","11","529","California","4/28/20","449","80","06077","17.82"
"San Luis Obispo","6","173","California","4/28/20","134","39","06079","29.1"
"San Mateo","23","1099","California","4/28/20","935","164","06081","17.54"
"Santa Barbara","8","473","California","4/28/20","416","57","06083","13.7"
"Santa Clara","29","2122","California","4/28/20","1922","200","06085","10.41"
"Santa Cruz","2","125","California","4/28/20","108","17","06087","15.74"
"Shasta","1","30","California","4/28/20","26","4","06089","15.38"
"Siskiyou","0","5","California","4/28/20","5","0","06093","0"
"Solano","10","249","California","4/28/20","180","69","06095","38.33"
"Sonoma","6","222","California","4/28/20","182","40","06097","21.98"
"Stanislaus","11","312","California","4/28/20","232","80","06099","34.48"
"Sutter","0","29","California","4/28/20","26","3","06101","11.54"
"Tehama","0","1","California","4/28/20","1","0","06103","0"
"Tulare","22","578","California","4/28/20","422","156","06107","36.97"
"Tuolumne","0","4","California","4/28/20","2","2","06109","100"
"Ventura","11","508","California","4/28/20","428","80","06111","18.69"
"Yolo","3","162","California","4/28/20","142","20","06113","14.08"
"Yuba","0","16","California","4/28/20","16","0","06115","0"
"Adams","62","1430","Colorado","4/28/20","996","434","08001","43.57"
"Alamosa","0","10","Colorado","4/28/20","9","1","08003","11.11"
"Arapahoe","95","2312","Colorado","4/28/20","1649","663","08005","40.21"
"Archuleta","0","8","Colorado","4/28/20","7","1","08007","14.29"
"Baca","0","10","Colorado","4/28/20","10","0","08009","0"
"Boulder","22","543","Colorado","4/28/20","390","153","08013","39.23"
"Broomfield","6","145","Colorado","4/28/20","106","39","08014","36.79"
"Chaffee","4","66","Colorado","4/28/20","38","28","08015","73.68"
"Clear Creek","0","13","Colorado","4/28/20","11","2","08019","18.18"
"Costilla","0","3","Colorado","4/28/20","3","0","08023","0"
"Crowley","0","2","Colorado","4/28/20","2","0","08025","0"
"Custer","0","2","Colorado","4/28/20","2","0","08027","0"
"Delta","1","34","Colorado","4/28/20","25","9","08029","36"
"Denver","112","2791","Colorado","4/28/20","2004","787","08031","39.27"
"Douglas","10","453","Colorado","4/28/20","384","69","08035","17.97"
"Eagle","8","540","Colorado","4/28/20","487","53","08037","10.88"
"El Paso","20","884","Colorado","4/28/20","744","140","08041","18.82"
"Elbert","0","27","Colorado","4/28/20","24","3","08039","12.5"
"Fremont","2","22","Colorado","4/28/20","11","11","08043","100"
"Garfield","3","89","Colorado","4/28/20","71","18","08045","25.35"
"Gilpin","0","1","Colorado","4/28/20","1","0","08047","0"
"Grand","0","5","Colorado","4/28/20","5","0","08049","0"
"Gunnison","6","161","Colorado","4/28/20","121","40","08051","33.06"
"Hinsdale","0","3","Colorado","4/28/20","3","0","08053","0"
"Huerfano","0","2","Colorado","4/28/20","1","1","08055","100"
"Jefferson","41","1298","Colorado","4/28/20","1011","287","08059","28.39"
"Kit Carson","0","20","Colorado","4/28/20","18","2","08063","11.11"
"La Plata","1","59","Colorado","4/28/20","51","8","08067","15.69"
"Lake","1","17","Colorado","4/28/20","8","9","08065","112.5"
"Larimer","12","334","Colorado","4/28/20","250","84","08069","33.6"
"Las Animas","0","3","Colorado","4/28/20","3","0","08071","0"
"Lincoln","0","3","Colorado","4/28/20","3","0","08073","0"
"Logan","35","266","Colorado","4/28/20","23","243","08075","1056.52"
"Mesa","1","42","Colorado","4/28/20","35","7","08077","20"
"Mineral","0","2","Colorado","4/28/20","2","0","08079","0"
"Moffat","0","6","Colorado","4/28/20","6","0","08081","0"
"Montezuma","0","15","Colorado","4/28/20","13","2","08083","15.38"
"Montrose","2","94","Colorado","4/28/20","80","14","08085","17.5"
"Morgan","23","344","Colorado","4/28/20","180","164","08087","91.11"
"Otero","0","8","Colorado","4/28/20","7","1","08089","14.29"
"Ouray","0","5","Colorado","4/28/20","5","0","08091","0"
"Park","1","11","Colorado","4/28/20","6","5","08093","83.33"
"Phillips","0","6","Colorado","4/28/20","5","1","08095","20"
"Pitkin","0","61","Colorado","4/28/20","58","3","08097","5.17"
"Prowers","0","1","Colorado","4/28/20","1","0","08099","0"
"Pueblo","6","136","Colorado","4/28/20","92","44","08101","47.83"
"Rio Blanco","0","1","Colorado","4/28/20","1","0","08103","0"
"Rio Grande","0","7","Colorado","4/28/20","7","0","08105","0"
"Routt","1","55","Colorado","4/28/20","51","4","08107","7.84"
"Saguache","0","3","Colorado","4/28/20","3","0","08109","0"
"San Miguel","0","19","Colorado","4/28/20","17","2","08113","11.76"
"Summit","4","119","Colorado","4/28/20","93","26","08117","27.96"
"Teller","0","28","Colorado","4/28/20","25","3","08119","12"
"Washington","0","7","Colorado","4/28/20","6","1","08121","16.67"
"Weld","63","1618","Colorado","4/28/20","1180","438","08123","37.12"
"Yuma","1","7","Colorado","4/28/20","3","4","08125","133.33"
"Fairfield","343","10874","Connecticut","4/28/20","8472","2402","09001","28.35"
"Hartford","182","5224","Connecticut","4/28/20","3951","1273","09003","32.22"
"Litchfield","37","900","Connecticut","4/28/20","643","257","09005","39.97"
"Middlesex","15","618","Connecticut","4/28/20","512","106","09007","20.7"
"New Haven","228","7089","Connecticut","4/28/20","5493","1596","09009","29.06"
"New London","23","530","Connecticut","4/28/20","369","161","09011","43.63"
"Tolland","17","422","Connecticut","4/28/20","305","117","09013","38.36"
"Windham","7","164","Connecticut","4/28/20","112","52","09015","46.43"
"Kent","38","728","Delaware","4/28/20","459","269","10001","58.61"
"New Castle","57","1701","Delaware","4/28/20","1303","398","10003","30.54"
"Sussex","139","2114","Delaware","4/28/20","1139","975","10005","85.6"
"","0","49","Diamond Princess","4/28/20","49","0",,"0"
"District of Columbia","128","3994","District of Columbia","4/28/20","3098","896","11001","28.92"
"Alachua","4","255","Florida","4/28/20","224","31","12001","13.84"
"Baker","0","20","Florida","4/28/20","17","3","12003","17.65"
"Bay","2","70","Florida","4/28/20","58","12","12005","20.69"
"Bradford","0","44","Florida","4/28/20","42","2","12007","4.76"
"Brevard","6","268","Florida","4/28/20","224","44","12009","19.64"
"Broward","97","4847","Florida","4/28/20","4168","679","12011","16.29"
"Calhoun","0","6","Florida","4/28/20","6","0","12013","0"
"Charlotte","11","219","Florida","4/28/20","143","76","12015","53.15"
"Citrus","1","97","Florida","4/28/20","92","5","12017","5.43"
"Clay","2","272","Florida","4/28/20","256","16","12019","6.25"
"Collier","13","568","Florida","4/28/20","477","91","12021","19.08"
"Columbia","2","55","Florida","4/28/20","43","12","12023","27.91"
"DeSoto","0","26","Florida","4/28/20","24","2","12027","8.33"
"Dixie","0","6","Florida","4/28/20","4","2","12029","50"
"Duval","13","1001","Florida","4/28/20","909","92","12031","10.12"
"Escambia","21","485","Florida","4/28/20","340","145","12033","42.65"
"Flagler","8","131","Florida","4/28/20","78","53","12035","67.95"
"Franklin","0","2","Florida","4/28/20","2","0","12037","0"
"Gadsden","5","94","Florida","4/28/20","57","37","12039","64.91"
"Gilchrist","0","4","Florida","4/28/20","4","0","12041","0"
"Glades","0","6","Florida","4/28/20","5","1","12043","20"
"Gulf","0","1","Florida","4/28/20","1","0","12045","0"
"Hamilton","0","6","Florida","4/28/20","4","2","12047","50"
"Hardee","1","14","Florida","4/28/20","4","10","12049","250"
"Hendry","4","72","Florida","4/28/20","46","26","12051","56.52"
"Hernando","1","89","Florida","4/28/20","84","5","12053","5.95"
"Highlands","1","81","Florida","4/28/20","71","10","12055","14.08"
"Hillsborough","14","1080","Florida","4/28/20","979","101","12057","10.32"
"Holmes","0","9","Florida","4/28/20","8","1","12059","12.5"
"Indian River","1","90","Florida","4/28/20","85","5","12061","5.88"
"Jackson","0","13","Florida","4/28/20","11","2","12063","18.18"
"Jefferson","0","28","Florida","4/28/20","26","2","12065","7.69"
"Lafayette","0","1","Florida","4/28/20","1","0","12067","0"
"Lake","2","226","Florida","4/28/20","213","13","12069","6.1"
"Lee","28","990","Florida","4/28/20","795","195","12071","24.53"
"Leon","4","213","Florida","4/28/20","186","27","12073","14.52"
"Levy","1","18","Florida","4/28/20","12","6","12075","50"
"Liberty","0","2","Florida","4/28/20","2","0","12077","0"
"Madison","3","49","Florida","4/28/20","26","23","12079","88.46"
"Manatee","17","563","Florida","4/28/20","443","120","12081","27.09"
"Marion","4","160","Florida","4/28/20","130","30","12083","23.08"
"Martin","4","185","Florida","4/28/20","160","25","12085","15.62"
"Miami-Dade","254","11831","Florida","4/28/20","10056","1775","12086","17.65"
"Monroe","1","79","Florida","4/28/20","73","6","12087","8.22"
"Nassau","1","53","Florida","4/28/20","46","7","12089","15.22"
"Okaloosa","3","152","Florida","4/28/20","134","18","12091","13.43"
"Okeechobee","0","10","Florida","4/28/20","8","2","12093","25"
"Orange","18","1363","Florida","4/28/20","1235","128","12095","10.36"
"Osceola","8","474","Florida","4/28/20","417","57","12097","13.67"
"Palm Beach","80","2877","Florida","4/28/20","2320","557","12099","24.01"
"Pasco","4","239","Florida","4/28/20","213","26","12101","12.21"
"Pinellas","11","709","Florida","4/28/20","632","77","12103","12.18"
"Polk","14","457","Florida","4/28/20","356","101","12105","28.37"
"Putnam","6","103","Florida","4/28/20","59","44","12107","74.58"
"Santa Rosa","2","151","Florida","4/28/20","139","12","12113","8.63"
"Sarasota","5","334","Florida","4/28/20","297","37","12115","12.46"
"Seminole","7","374","Florida","4/28/20","328","46","12117","14.02"
"St. Johns","2","207","Florida","4/28/20","194","13","12109","6.7"
"St. Lucie","5","239","Florida","4/28/20","206","33","12111","16.02"
"Sumter","2","177","Florida","4/28/20","163","14","12119","8.59"
"Suwannee","4","128","Florida","4/28/20","102","26","12121","25.49"
"Taylor","0","3","Florida","4/28/20","2","1","12123","50"
"Union","0","4","Florida","4/28/20","3","1","12125","33.33"
"Volusia","11","445","Florida","4/28/20","366","79","12127","21.58"
"Wakulla","1","22","Florida","4/28/20","15","7","12129","46.67"
"Walton","0","35","Florida","4/28/20","32","3","12131","9.38"
"Washington","0","12","Florida","4/28/20","9","3","12133","33.33"
"Appling","6","65","Georgia","4/28/20","21","44","13001","209.52"
"Atkinson","0","7","Georgia","4/28/20","5","2","13003","40"
"Bacon","0","22","Georgia","4/28/20","19","3","13005","15.79"
"Baker","0","21","Georgia","4/28/20","20","1","13007","5"
"Baldwin","10","202","Georgia","4/28/20","132","70","13009","53.03"
"Banks","0","18","Georgia","4/28/20","15","3","13011","20"
"Barrow","3","123","Georgia","4/28/20","99","24","13013","24.24"
"Bartow","6","298","Georgia","4/28/20","256","42","13015","16.41"
"Ben Hill","1","25","Georgia","4/28/20","19","6","13017","31.58"
"Berrien","1","18","Georgia","4/28/20","10","8","13019","80"
"Bibb","9","269","Georgia","4/28/20","203","66","13021","32.51"
"Bleckley","1","12","Georgia","4/28/20","5","7","13023","140"
"Brantley","0","22","Georgia","4/28/20","20","2","13025","10"
"Brooks","3","52","Georgia","4/28/20","30","22","13027","73.33"
"Bryan","2","49","Georgia","4/28/20","34","15","13029","44.12"
"Bulloch","0","34","Georgia","4/28/20","31","3","13031","9.68"
"Burke","3","74","Georgia","4/28/20","51","23","13033","45.1"
"Butts","7","129","Georgia","4/28/20","82","47","13035","57.32"
"Calhoun","4","87","Georgia","4/28/20","61","26","13037","42.62"
"Camden","1","31","Georgia","4/28/20","27","4","13039","14.81"
"Candler","0","7","Georgia","4/28/20","7","0","13043","0"
"Carroll","4","334","Georgia","4/28/20","307","27","13045","8.79"
"Catoosa","3","46","Georgia","4/28/20","26","20","13047","76.92"
"Charlton","0","9","Georgia","4/28/20","7","2","13049","28.57"
"Chatham","5","217","Georgia","4/28/20","185","32","13051","17.3"
"Chattahoochee","1","11","Georgia","4/28/20","7","4","13053","57.14"
"Chattooga","1","14","Georgia","4/28/20","10","4","13055","40"
"Cherokee","16","432","Georgia","4/28/20","322","110","13057","34.16"
"Clarke","4","142","Georgia","4/28/20","114","28","13059","24.56"
"Clay","0","20","Georgia","4/28/20","20","0","13061","0"
"Clayton","18","669","Georgia","4/28/20","546","123","13063","22.53"
"Clinch","0","8","Georgia","4/28/20","7","1","13065","14.29"
"Cobb","43","1515","Georgia","4/28/20","1215","300","13067","24.69"
"Coffee","5","121","Georgia","4/28/20","83","38","13069","45.78"
"Colquitt","4","179","Georgia","4/28/20","154","25","13071","16.23"
"Columbia","4","149","Georgia","4/28/20","120","29","13073","24.17"
"Cook","1","20","Georgia","4/28/20","13","7","13075","53.85"
"Coweta","3","191","Georgia","4/28/20","170","21","13077","12.35"
"Crawford","0","15","Georgia","4/28/20","14","1","13079","7.14"
"Crisp","5","159","Georgia","4/28/20","125","34","13081","27.2"
"Dade","0","14","Georgia","4/28/20","12","2","13083","16.67"
"Dawson","2","58","Georgia","4/28/20","45","13","13085","28.89"
"Decatur","1","66","Georgia","4/28/20","59","7","13087","11.86"
"DeKalb","50","1887","Georgia","4/28/20","1534","353","13089","23.01"
"Dodge","1","24","Georgia","4/28/20","19","5","13091","26.32"
"Dooly","7","119","Georgia","4/28/20","73","46","13093","63.01"
"Dougherty","6","1491","Georgia","4/28/20","1446","45","13095","3.11"
"Douglas","8","298","Georgia","4/28/20","244","54","13097","22.13"
"Early","4","202","Georgia","4/28/20","173","29","13099","16.76"
"Echols","0","5","Georgia","4/28/20","4","1","13101","25"
"Effingham","1","34","Georgia","4/28/20","29","5","13103","17.24"
"Elbert","2","19","Georgia","4/28/20","7","12","13105","171.43"
"Emanuel","1","20","Georgia","4/28/20","14","6","13107","42.86"
"Evans","0","4","Georgia","4/28/20","4","0","13109","0"
"Fannin","1","27","Georgia","4/28/20","19","8","13111","42.11"
"Fayette","4","171","Georgia","4/28/20","144","27","13113","18.75"
"Floyd","1","134","Georgia","4/28/20","127","7","13115","5.51"
"Forsyth","10","284","Georgia","4/28/20","213","71","13117","33.33"
"Franklin","1","17","Georgia","4/28/20","12","5","13119","41.67"
"Fulton","74","2727","Georgia","4/28/20","2208","519","13121","23.51"
"Gilmer","5","56","Georgia","4/28/20","18","38","13123","211.11"
"Glynn","1","55","Georgia","4/28/20","49","6","13127","12.24"
"Gordon","3","85","Georgia","4/28/20","66","19","13129","28.79"
"Grady","3","58","Georgia","4/28/20","34","24","13131","70.59"
"Greene","1","52","Georgia","4/28/20","45","7","13133","15.56"
"Gwinnett","54","1603","Georgia","4/28/20","1222","381","13135","31.18"
"Habersham","15","212","Georgia","4/28/20","107","105","13137","98.13"
"Hall","66","1183","Georgia","4/28/20","720","463","13139","64.31"
"Hancock","4","37","Georgia","4/28/20","10","27","13141","270"
"Haralson","1","27","Georgia","4/28/20","23","4","13143","17.39"
"Harris","2","57","Georgia","4/28/20","44","13","13145","29.55"
"Hart","0","9","Georgia","4/28/20","6","3","13147","50"
"Heard","0","10","Georgia","4/28/20","7","3","13149","42.86"
"Henry","15","487","Georgia","4/28/20","384","103","13151","26.82"
"Houston","5","219","Georgia","4/28/20","185","34","13153","18.38"
"Irwin","0","15","Georgia","4/28/20","15","0","13155","0"
"Jackson","3","78","Georgia","4/28/20","56","22","13157","39.29"
"Jasper","1","21","Georgia","4/28/20","17","4","13159","23.53"
"Jeff Davis","1","14","Georgia","4/28/20","7","7","13161","100"
"Jefferson","0","14","Georgia","4/28/20","11","3","13163","27.27"
"Jenkins","0","16","Georgia","4/28/20","13","3","13165","23.08"
"Johnson","1","39","Georgia","4/28/20","34","5","13167","14.71"
"Jones","1","28","Georgia","4/28/20","20","8","13169","40"
"Lamar","1","35","Georgia","4/28/20","29","6","13171","20.69"
"Lanier","0","8","Georgia","4/28/20","7","1","13173","14.29"
"Laurens","2","54","Georgia","4/28/20","43","11","13175","25.58"
"Lee","5","313","Georgia","4/28/20","277","36","13177","13"
"Liberty","0","37","Georgia","4/28/20","34","3","13179","8.82"
"Lincoln","0","11","Georgia","4/28/20","9","2","13181","22.22"
"Long","0","4","Georgia","4/28/20","2","2","13183","100"
"Lowndes","6","146","Georgia","4/28/20","105","41","13185","39.05"
"Lumpkin","2","37","Georgia","4/28/20","25","12","13187","48"
"Macon","3","75","Georgia","4/28/20","55","20","13193","36.36"
"Madison","1","23","Georgia","4/28/20","16","7","13195","43.75"
"Marion","2","40","Georgia","4/28/20","29","11","13197","37.93"
"McDuffie","1","44","Georgia","4/28/20","37","7","13189","18.92"
"McIntosh","0","4","Georgia","4/28/20","4","0","13191","0"
"Meriwether","1","53","Georgia","4/28/20","47","6","13199","12.77"
"Miller","1","29","Georgia","4/28/20","23","6","13201","26.09"
"Mitchell","11","293","Georgia","4/28/20","214","79","13205","36.92"
"Monroe","1","22","Georgia","4/28/20","15","7","13207","46.67"
"Montgomery","0","2","Georgia","4/28/20","2","0","13209","0"
"Morgan","0","24","Georgia","4/28/20","22","2","13211","9.09"
"Murray","1","27","Georgia","4/28/20","19","8","13213","42.11"
"Muscogee","8","291","Georgia","4/28/20","234","57","13215","24.36"
"Newton","6","181","Georgia","4/28/20","139","42","13217","30.22"
"Oconee","1","58","Georgia","4/28/20","53","5","13219","9.43"
"Oglethorpe","2","48","Georgia","4/28/20","34","14","13221","41.18"
"Out of GA","0","972","Georgia","4/28/20","970","2","80013","0.21"
"Paulding","4","172","Georgia","4/28/20","143","29","13223","20.28"
"Peach","1","44","Georgia","4/28/20","35","9","13225","25.71"
"Pickens","1","25","Georgia","4/28/20","18","7","13227","38.89"
"Pierce","0","54","Georgia","4/28/20","51","3","13229","5.88"
"Pike","1","39","Georgia","4/28/20","34","5","13231","14.71"
"Polk","2","49","Georgia","4/28/20","36","13","13233","36.11"
"Pulaski","1","25","Georgia","4/28/20","17","8","13235","47.06"
"Putnam","2","37","Georgia","4/28/20","26","11","13237","42.31"
"Quitman","0","5","Georgia","4/28/20","3","2","13239","66.67"
"Rabun","1","12","Georgia","4/28/20","8","4","13241","50"
"Randolph","1","156","Georgia","4/28/20","146","10","13243","6.85"
"Richmond","12","382","Georgia","4/28/20","295","87","13245","29.49"
"Rockdale","5","172","Georgia","4/28/20","140","32","13247","22.86"
"Schley","0","16","Georgia","4/28/20","16","0","13249","0"
"Screven","0","15","Georgia","4/28/20","12","3","13251","25"
"Seminole","1","30","Georgia","4/28/20","25","5","13253","20"
"Spalding","9","199","Georgia","4/28/20","136","63","13255","46.32"
"Stephens","4","71","Georgia","4/28/20","41","30","13257","73.17"
"Stewart","1","21","Georgia","4/28/20","17","4","13259","23.53"
"Sumter","5","370","Georgia","4/28/20","333","37","13261","11.11"
"Talbot","0","22","Georgia","4/28/20","20","2","13263","10"
"Tattnall","0","8","Georgia","4/28/20","5","3","13267","60"
"Taylor","1","17","Georgia","4/28/20","13","4","13269","30.77"
"Telfair","1","25","Georgia","4/28/20","15","10","13271","66.67"
"Terrell","2","170","Georgia","4/28/20","156","14","13273","8.97"
"Thomas","6","173","Georgia","4/28/20","133","40","13275","30.08"
"Tift","1","97","Georgia","4/28/20","93","4","13277","4.3"
"Toombs","1","28","Georgia","4/28/20","20","8","13279","40"
"Towns","1","21","Georgia","4/28/20","15","6","13281","40"
"Treutlen","0","3","Georgia","4/28/20","2","1","13283","50"
"Troup","5","141","Georgia","4/28/20","105","36","13285","34.29"
"Turner","1","66","Georgia","4/28/20","59","7","13287","11.86"
"Twiggs","0","7","Georgia","4/28/20","4","3","13289","75"
"Union","3","34","Georgia","4/28/20","15","19","13291","126.67"
"Upson","4","208","Georgia","4/28/20","179","29","13293","16.2"
"Walker","4","58","Georgia","4/28/20","28","30","13295","107.14"
"Walton","7","110","Georgia","4/28/20","64","46","13297","71.88"
"Ware","3","112","Georgia","4/28/20","92","20","13299","21.74"
"Warren","0","12","Georgia","4/28/20","10","2","13301","20"
"Washington","2","38","Georgia","4/28/20","25","13","13303","52"
"Wayne","0","12","Georgia","4/28/20","9","3","13305","33.33"
"Webster","0","10","Georgia","4/28/20","7","3","13307","42.86"
"Wheeler","0","4","Georgia","4/28/20","3","1","13309","33.33"
"White","4","56","Georgia","4/28/20","31","25","13311","80.65"
"Whitfield","4","75","Georgia","4/28/20","46","29","13313","63.04"
"Wilcox","6","89","Georgia","4/28/20","45","44","13315","97.78"
"Wilkes","1","23","Georgia","4/28/20","19","4","13317","21.05"
"Wilkinson","2","34","Georgia","4/28/20","22","12","13319","54.55"
"Worth","2","144","Georgia","4/28/20","129","15","13321","11.63"
"","0","103","Grand Princess","4/28/20","103","0",,"0"
"","1","141","Guam","4/28/20","136","5",,"3.68"
"Hawaii","1","70","Hawaii","4/28/20","64","6","15001","9.38"
"Honolulu","2","396","Hawaii","4/28/20","385","11","15003","2.86"
"Kauai","0","21","Hawaii","4/28/20","21","0","15007","0"
"Maui","1","115","Hawaii","4/28/20","110","5","15009","4.55"
"Out of HI","0","7","Hawaii","4/28/20","6","1","80015","16.67"
"Ada","7","662","Idaho","4/28/20","616","46","16001","7.47"
"Adams","0","3","Idaho","4/28/20","3","0","16003","0"
"Bannock","0","10","Idaho","4/28/20","8","2","16005","25"
"Bingham","0","3","Idaho","4/28/20","3","0","16011","0"
"Blaine","3","497","Idaho","4/28/20","478","19","16013","3.97"
"Bonner","0","4","Idaho","4/28/20","4","0","16017","0"
"Bonneville","0","27","Idaho","4/28/20","24","3","16019","12.5"
"Camas","0","1","Idaho","4/28/20","1","0","16025","0"
"Canyon","6","250","Idaho","4/28/20","207","43","16027","20.77"
"Caribou","0","1","Idaho","4/28/20","1","0","16029","0"
"Cassia","0","12","Idaho","4/28/20","11","1","16031","9.09"
"Custer","0","2","Idaho","4/28/20","2","0","16037","0"
"Elmore","1","30","Idaho","4/28/20","24","6","16039","25"
"Fremont","0","2","Idaho","4/28/20","2","0","16043","0"
"Gem","0","12","Idaho","4/28/20","10","2","16045","20"
"Gooding","0","9","Idaho","4/28/20","8","1","16047","12.5"
"Idaho","0","3","Idaho","4/28/20","3","0","16049","0"
"Jefferson","0","5","Idaho","4/28/20","5","0","16051","0"
"Jerome","1","48","Idaho","4/28/20","44","4","16053","9.09"
"Kootenai","1","61","Idaho","4/28/20","52","9","16055","17.31"
"Latah","0","5","Idaho","4/28/20","4","1","16057","25"
"Lemhi","0","1","Idaho","4/28/20","0","1","16059","1"
"Lincoln","1","24","Idaho","4/28/20","17","7","16063","41.18"
"Madison","0","9","Idaho","4/28/20","8","1","16065","12.5"
"Minidoka","0","11","Idaho","4/28/20","10","1","16067","10"
"Nez Perce","3","59","Idaho","4/28/20","40","19","16069","47.5"
"Owyhee","1","8","Idaho","4/28/20","4","4","16073","100"
"Payette","0","14","Idaho","4/28/20","11","3","16075","27.27"
"Power","0","2","Idaho","4/28/20","2","0","16077","0"
"Teton","0","9","Idaho","4/28/20","8","1","16081","12.5"
"Twin Falls","6","165","Idaho","4/28/20","123","42","16083","34.15"
"Valley","0","2","Idaho","4/28/20","2","0","16085","0"
"Washington","0","1","Idaho","4/28/20","1","0","16087","0"
"Adams","2","40","Illinois","4/28/20","29","11","17001","37.93"
"Alexander","0","3","Illinois","4/28/20","2","1","17003","50"
"Bond","0","5","Illinois","4/28/20","4","1","17005","25"
"Boone","7","81","Illinois","4/28/20","35","46","17007","131.43"
"Bureau","0","11","Illinois","4/28/20","8","3","17011","37.5"
"Calhoun","0","1","Illinois","4/28/20","1","0","17013","0"
"Carroll","0","9","Illinois","4/28/20","7","2","17015","28.57"
"Cass","3","27","Illinois","4/28/20","6","21","17017","350"
"Champaign","2","114","Illinois","4/28/20","97","17","17019","17.53"
"Christian","0","28","Illinois","4/28/20","26","2","17021","7.69"
"Clark","0","5","Illinois","4/28/20","4","1","17023","25"
"Clay","0","2","Illinois","4/28/20","1","1","17025","100"
"Clinton","6","90","Illinois","4/28/20","46","44","17027","95.65"
"Coles","1","22","Illinois","4/28/20","17","5","17029","29.41"
"Cook","1467","33449","Illinois","4/28/20","23181","10268","17031","44.29"
"Crawford","0","10","Illinois","4/28/20","7","3","17033","42.86"
"Cumberland","0","3","Illinois","4/28/20","2","1","17035","50"
"De Witt","0","2","Illinois","4/28/20","1","1","17039","100"
"DeKalb","4","82","Illinois","4/28/20","56","26","17037","46.43"
"Douglas","0","14","Illinois","4/28/20","12","2","17041","16.67"
"DuPage","125","2736","Illinois","4/28/20","1864","872","17043","46.78"
"Effingham","0","5","Illinois","4/28/20","5","0","17049","0"
"Fayette","0","16","Illinois","4/28/20","15","1","17051","6.67"
"Ford","0","8","Illinois","4/28/20","6","2","17053","33.33"
"Franklin","0","8","Illinois","4/28/20","6","2","17055","33.33"
"Fulton","0","3","Illinois","4/28/20","1","2","17057","200"
"Gallatin","0","2","Illinois","4/28/20","2","0","17059","0"
"Greene","0","3","Illinois","4/28/20","1","2","17061","200"
"Grundy","1","30","Illinois","4/28/20","26","4","17063","15.38"
"Hamilton","0","2","Illinois","4/28/20","2","0","17065","0"
"Hancock","0","5","Illinois","4/28/20","4","1","17067","25"
"Hardin","0","1","Illinois","4/28/20","0","1","17069","1"
"Henderson","0","4","Illinois","4/28/20","2","2","17071","100"
"Henry","1","38","Illinois","4/28/20","31","7","17073","22.58"
"Iroquois","1","20","Illinois","4/28/20","14","6","17075","42.86"
"Jackson","4","75","Illinois","4/28/20","48","27","17077","56.25"
"Jasper","1","44","Illinois","4/28/20","36","8","17079","22.22"
"Jefferson","7","81","Illinois","4/28/20","34","47","17081","138.24"
"Jersey","0","12","Illinois","4/28/20","10","2","17083","20"
"Jo Daviess","0","11","Illinois","4/28/20","12","-1","17085","-8.33"
"Johnson","0","4","Illinois","4/28/20","2","2","17087","100"
"Kane","89","1308","Illinois","4/28/20","684","624","17089","91.23"
"Kankakee","5","313","Illinois","4/28/20","278","35","17091","12.59"
"Kendall","13","235","Illinois","4/28/20","146","89","17093","60.96"
"Knox","4","36","Illinois","4/28/20","11","25","17095","227.27"
"Lake","129","3192","Illinois","4/28/20","2287","905","17097","39.57"
"LaSalle","2","49","Illinois","4/28/20","33","16","17099","48.48"
"Lawrence","0","3","Illinois","4/28/20","2","1","17101","50"
"Lee","1","22","Illinois","4/28/20","17","5","17103","29.41"
"Livingston","0","20","Illinois","4/28/20","18","2","17105","11.11"
"Logan","0","7","Illinois","4/28/20","4","3","17107","75"
"Macon","6","103","Illinois","4/28/20","60","43","17115","71.67"
"Macoupin","1","30","Illinois","4/28/20","22","8","17117","36.36"
"Madison","18","318","Illinois","4/28/20","190","128","17119","67.37"
"Marion","0","28","Illinois","4/28/20","25","3","17121","12"
"Marshall","0","4","Illinois","4/28/20","4","0","17123","0"
"Mason","1","10","Illinois","4/28/20","5","5","17125","100"
"Massac","0","4","Illinois","4/28/20","3","1","17127","33.33"
"McDonough","1","12","Illinois","4/28/20","3","9","17109","300"
"McHenry","26","552","Illinois","4/28/20","368","184","17111","50"
"McLean","1","94","Illinois","4/28/20","86","8","17113","9.3"
"Menard","1","7","Illinois","4/28/20","3","4","17129","133.33"
"Mercer","0","7","Illinois","4/28/20","5","2","17131","40"
"Monroe","2","67","Illinois","4/28/20","55","12","17133","21.82"
"Montgomery","1","24","Illinois","4/28/20","17","7","17135","41.18"
"Morgan","1","21","Illinois","4/28/20","13","8","17137","61.54"
"Moultrie","0","5","Illinois","4/28/20","2","3","17139","150"
"Ogle","7","110","Illinois","4/28/20","59","51","17141","86.44"
"Peoria","5","78","Illinois","4/28/20","44","34","17143","77.27"
"Perry","2","13","Illinois","4/28/20","1","12","17145","1200"
"Piatt","0","7","Illinois","4/28/20","7","0","17147","0"
"Pike","0","1","Illinois","4/28/20","1","0","17149","0"
"Pulaski","1","17","Illinois","4/28/20","10","7","17153","70"
"Randolph","9","126","Illinois","4/28/20","61","65","17157","106.56"
"Richland","0","3","Illinois","4/28/20","2","1","17159","50"
"Rock Island","18","342","Illinois","4/28/20","217","125","17161","57.6"
"Saline","0","3","Illinois","4/28/20","3","0","17165","0"
"Sangamon","13","159","Illinois","4/28/20","68","91","17167","133.82"
"Schuyler","0","1","Illinois","4/28/20","1","0","17169","0"
"Shelby","1","10","Illinois","4/28/20","4","6","17173","150"
"St. Clair","21","434","Illinois","4/28/20","289","145","17163","50.17"
"Stark","0","1","Illinois","4/28/20","1","0","17175","0"
"Stephenson","1","22","Illinois","4/28/20","13","9","17177","69.23"
"Tazewell","1","38","Illinois","4/28/20","30","8","17179","26.67"
"Union","0","8","Illinois","4/28/20","5","3","17181","60"
"Vermilion","1","16","Illinois","4/28/20","10","6","17183","60"
"Wabash","0","1","Illinois","4/28/20","1","0","17185","0"
"Warren","5","53","Illinois","4/28/20","15","38","17187","253.33"
"Washington","0","8","Illinois","4/28/20","7","1","17189","14.29"
"Wayne","0","2","Illinois","4/28/20","1","1","17191","100"
"White","0","2","Illinois","4/28/20","1","1","17193","100"
"Whiteside","5","76","Illinois","4/28/20","42","34","17195","80.95"
"Will","74","2254","Illinois","4/28/20","1736","518","17197","29.84"
"Williamson","2","28","Illinois","4/28/20","16","12","17199","75"
"Winnebago","23","365","Illinois","4/28/20","207","158","17201","76.33"
"Woodford","0","12","Illinois","4/28/20","11","1","17203","9.09"
"Adams","0","7","Indiana","4/28/20","7","0","18001","0"
"Allen","24","504","Indiana","4/28/20","336","168","18003","50"
"Bartholomew","14","238","Indiana","4/28/20","140","98","18005","70"
"Benton","0","7","Indiana","4/28/20","4","3","18007","75"
"Blackford","0","7","Indiana","4/28/20","6","1","18009","16.67"
"Boone","3","185","Indiana","4/28/20","161","24","18011","14.91"
"Brown","0","15","Indiana","4/28/20","14","1","18013","7.14"
"Carroll","1","18","Indiana","4/28/20","8","10","18015","125"
"Cass","142","1101","Indiana","4/28/20","107","994","18017","928.97"
"Clark","15","283","Indiana","4/28/20","181","102","18019","56.35"
"Clay","0","19","Indiana","4/28/20","19","0","18021","0"
"Clinton","2","35","Indiana","4/28/20","20","15","18023","75"
"Crawford","0","16","Indiana","4/28/20","13","3","18025","23.08"
"Daviess","1","46","Indiana","4/28/20","38","8","18027","21.05"
"Dearborn","3","90","Indiana","4/28/20","70","20","18029","28.57"
"Decatur","3","195","Indiana","4/28/20","171","24","18031","14.04"
"DeKalb","0","16","Indiana","4/28/20","13","3","18033","23.08"
"Delaware","5","152","Indiana","4/28/20","116","36","18035","31.03"
"Dubois","0","18","Indiana","4/28/20","16","2","18037","12.5"
"Elkhart","13","269","Indiana","4/28/20","179","90","18039","50.28"
"Fayette","1","26","Indiana","4/28/20","22","4","18041","18.18"
"Floyd","4","173","Indiana","4/28/20","142","31","18043","21.83"
"Fountain","0","10","Indiana","4/28/20","8","2","18045","25"
"Franklin","1","95","Indiana","4/28/20","91","4","18047","4.4"
"Fulton","3","26","Indiana","4/28/20","6","20","18049","333.33"
"Gibson","0","6","Indiana","4/28/20","5","1","18051","20"
"Grant","3","119","Indiana","4/28/20","97","22","18053","22.68"
"Greene","1","48","Indiana","4/28/20","44","4","18055","9.09"
"Hamilton","16","729","Indiana","4/28/20","615","114","18057","18.54"
"Hancock","8","204","Indiana","4/28/20","149","55","18059","36.91"
"Harrison","3","125","Indiana","4/28/20","103","22","18061","21.36"
"Hendricks","19","645","Indiana","4/28/20","511","134","18063","26.22"
"Henry","1","36","Indiana","4/28/20","28","8","18065","28.57"
"Howard","12","158","Indiana","4/28/20","71","87","18067","122.54"
"Huntington","0","9","Indiana","4/28/20","6","3","18069","50"
"Jackson","4","125","Indiana","4/28/20","98","27","18071","27.55"
"Jasper","2","40","Indiana","4/28/20","26","14","18073","53.85"
"Jay","0","12","Indiana","4/28/20","9","3","18075","33.33"
"Jefferson","1","26","Indiana","4/28/20","21","5","18077","23.81"
"Jennings","1","72","Indiana","4/28/20","64","8","18079","12.5"
"Johnson","14","548","Indiana","4/28/20","451","97","18081","21.51"
"Knox","0","20","Indiana","4/28/20","18","2","18083","11.11"
"Kosciusko","1","30","Indiana","4/28/20","22","8","18085","36.36"
"LaGrange","1","24","Indiana","4/28/20","18","6","18087","33.33"
"Lake","70","1715","Indiana","4/28/20","1227","488","18089","39.77"
"LaPorte","8","199","Indiana","4/28/20","140","59","18091","42.14"
"Lawrence","2","95","Indiana","4/28/20","83","12","18093","14.46"
"Madison","8","401","Indiana","4/28/20","346","55","18095","15.9"
"Marion","129","5080","Indiana","4/28/20","4176","904","18097","21.65"
"Marshall","1","28","Indiana","4/28/20","24","4","18099","16.67"
"Martin","0","7","Indiana","4/28/20","6","1","18101","16.67"
"Miami","10","96","Indiana","4/28/20","26","70","18103","269.23"
"Monroe","1","122","Indiana","4/28/20","115","7","18105","6.09"
"Montgomery","2","37","Indiana","4/28/20","26","11","18107","42.31"
"Morgan","2","136","Indiana","4/28/20","124","12","18109","9.68"
"Newton","2","46","Indiana","4/28/20","33","13","18111","39.39"
"Noble","3","58","Indiana","4/28/20","40","18","18113","45"
"Ohio","0","4","Indiana","4/28/20","2","2","18115","100"
"Orange","4","63","Indiana","4/28/20","34","29","18117","85.29"
"Owen","0","22","Indiana","4/28/20","22","0","18119","0"
"Parke","0","12","Indiana","4/28/20","9","3","18121","33.33"
"Perry","1","10","Indiana","4/28/20","6","4","18123","66.67"
"Pike","0","1","Indiana","4/28/20","1","0","18125","0"
"Porter","6","228","Indiana","4/28/20","183","45","18127","24.59"
"Posey","0","9","Indiana","4/28/20","8","1","18129","12.5"
"Pulaski","3","21","Indiana","4/28/20","1","20","18131","2000"
"Putnam","1","59","Indiana","4/28/20","53","6","18133","11.32"
"Randolph","0","15","Indiana","4/28/20","12","3","18135","25"
"Ripley","1","91","Indiana","4/28/20","83","8","18137","9.64"
"Rush","1","31","Indiana","4/28/20","22","9","18139","40.91"
"Scott","2","39","Indiana","4/28/20","25","14","18143","56"
"Shelby","10","191","Indiana","4/28/20","120","71","18145","59.17"
"Spencer","0","5","Indiana","4/28/20","5","0","18147","0"
"St. Joseph","23","602","Indiana","4/28/20","442","160","18141","36.2"
"Starke","1","15","Indiana","4/28/20","11","4","18149","36.36"
"Steuben","1","21","Indiana","4/28/20","17","4","18151","23.53"
"Sullivan","0","13","Indiana","4/28/20","10","3","18153","30"
"Switzerland","0","15","Indiana","4/28/20","13","2","18155","15.38"
"Tippecanoe","5","95","Indiana","4/28/20","59","36","18157","61.02"
"Tipton","1","18","Indiana","4/28/20","14","4","18159","28.57"
"Union","0","6","Indiana","4/28/20","6","0","18161","0"
"Vanderburgh","5","126","Indiana","4/28/20","88","38","18163","43.18"
"Vermillion","0","7","Indiana","4/28/20","6","1","18165","16.67"
"Vigo","0","62","Indiana","4/28/20","60","2","18167","3.33"
"Wabash","3","28","Indiana","4/28/20","10","18","18169","180"
"Warren","1","11","Indiana","4/28/20","7","4","18171","57.14"
"Warrick","2","84","Indiana","4/28/20","69","15","18173","21.74"
"Washington","1","41","Indiana","4/28/20","31","10","18175","32.26"
"Wayne","1","33","Indiana","4/28/20","28","5","18177","17.86"
"Wells","0","5","Indiana","4/28/20","6","-1","18179","-16.67"
"White","5","42","Indiana","4/28/20","8","34","18181","425"
"Whitley","0","16","Indiana","4/28/20","16","0","18183","0"
"Adair","0","1","Iowa","4/28/20","1","0","19001","0"
"Allamakee","6","86","Iowa","4/28/20","44","42","19005","95.45"
"Appanoose","0","2","Iowa","4/28/20","2","0","19007","0"
"Audubon","0","1","Iowa","4/28/20","1","0","19009","0"
"Benton","1","30","Iowa","4/28/20","24","6","19011","25"
"Black Hawk","82","941","Iowa","4/28/20","366","575","19013","157.1"
"Boone","0","8","Iowa","4/28/20","6","2","19015","33.33"
"Bremer","2","48","Iowa","4/28/20","32","16","19017","50"
"Buchanan","0","14","Iowa","4/28/20","11","3","19019","27.27"
"Buena Vista","0","4","Iowa","4/28/20","2","2","19021","100"
"Butler","1","8","Iowa","4/28/20","2","6","19023","300"
"Carroll","0","1","Iowa","4/28/20","1","0","19027","0"
"Cass","0","1","Iowa","4/28/20","1","0","19029","0"
"Cedar","0","29","Iowa","4/28/20","26","3","19031","11.54"
"Cerro Gordo","0","14","Iowa","4/28/20","14","0","19033","0"
"Cherokee","0","2","Iowa","4/28/20","1","1","19035","100"
"Chickasaw","0","4","Iowa","4/28/20","3","1","19037","33.33"
"Clarke","0","2","Iowa","4/28/20","2","0","19039","0"
"Clay","0","3","Iowa","4/28/20","3","0","19041","0"
"Clayton","1","12","Iowa","4/28/20","8","4","19043","50"
"Clinton","1","48","Iowa","4/28/20","44","4","19045","9.09"
"Crawford","2","19","Iowa","4/28/20","6","13","19047","216.67"
"Dallas","20","198","Iowa","4/28/20","55","143","19049","260"
"Delaware","0","4","Iowa","4/28/20","3","1","19055","33.33"
"Des Moines","1","17","Iowa","4/28/20","13","4","19057","30.77"
"Dickinson","1","6","Iowa","4/28/20","2","4","19059","200"
"Dubuque","6","88","Iowa","4/28/20","48","40","19061","83.33"
"Fayette","1","17","Iowa","4/28/20","7","10","19065","142.86"
"Franklin","0","2","Iowa","4/28/20","1","1","19069","100"
"Greene","0","2","Iowa","4/28/20","1","1","19073","100"
"Grundy","1","11","Iowa","4/28/20","6","5","19075","83.33"
"Guthrie","0","6","Iowa","4/28/20","4","2","19077","50"
"Hamilton","1","7","Iowa","4/28/20","2","5","19079","250"
"Hancock","0","3","Iowa","4/28/20","3","0","19081","0"
"Hardin","0","7","Iowa","4/28/20","4","3","19083","75"
"Harrison","0","15","Iowa","4/28/20","14","1","19085","7.14"
"Henry","0","32","Iowa","4/28/20","29","3","19087","10.34"
"Howard","0","7","Iowa","4/28/20","4","3","19089","75"
"Humboldt","0","4","Iowa","4/28/20","1","3","19091","300"
"Iowa","1","19","Iowa","4/28/20","13","6","19095","46.15"
"Jackson","0","5","Iowa","4/28/20","5","0","19097","0"
"Jasper","8","109","Iowa","4/28/20","53","56","19099","105.66"
"Jefferson","0","6","Iowa","4/28/20","7","-1","19101","-14.29"
"Johnson","11","448","Iowa","4/28/20","372","76","19103","20.43"
"Jones","0","19","Iowa","4/28/20","16","3","19105","18.75"
"Keokuk","0","2","Iowa","4/28/20","3","-1","19107","-33.33"
"Kossuth","0","1","Iowa","4/28/20","1","0","19109","0"
"Lee","1","7","Iowa","4/28/20","3","4","19111","133.33"
"Linn","25","632","Iowa","4/28/20","460","172","19113","37.39"
"Louisa","4","269","Iowa","4/28/20","242","27","19115","11.16"
"Lyon","1","11","Iowa","4/28/20","5","6","19119","120"
"Madison","0","4","Iowa","4/28/20","4","0","19121","0"
"Mahaska","0","9","Iowa","4/28/20","8","1","19123","12.5"
"Marion","0","8","Iowa","4/28/20","5","3","19125","60"
"Marshall","30","434","Iowa","4/28/20","224","210","19127","93.75"
"Mills","0","2","Iowa","4/28/20","2","0","19129","0"
"Mitchell","0","2","Iowa","4/28/20","2","0","19131","0"
"Monona","0","7","Iowa","4/28/20","7","0","19133","0"
"Montgomery","0","1","Iowa","4/28/20","1","0","19137","0"
"Muscatine","13","319","Iowa","4/28/20","230","89","19139","38.7"
"O'Brien","1","7","Iowa","4/28/20","3","4","19141","133.33"
"Osceola","1","8","Iowa","4/28/20","4","4","19143","100"
"Page","0","5","Iowa","4/28/20","4","1","19145","25"
"Plymouth","0","12","Iowa","4/28/20","9","3","19149","33.33"
"Pocahontas","0","1","Iowa","4/28/20","0","1","19151","1"
"Polk","57","813","Iowa","4/28/20","415","398","19153","95.9"
"Pottawattamie","1","28","Iowa","4/28/20","18","10","19155","55.56"
"Poweshiek","5","50","Iowa","4/28/20","14","36","19157","257.14"
"Scott","6","218","Iowa","4/28/20","179","39","19163","21.79"
"Shelby","0","9","Iowa","4/28/20","9","0","19165","0"
"Sioux","0","8","Iowa","4/28/20","7","1","19167","14.29"
"Story","1","26","Iowa","4/28/20","19","7","19169","36.84"
"Tama","6","263","Iowa","4/28/20","223","40","19171","17.94"
"Taylor","0","1","Iowa","4/28/20","1","0","19173","0"
"Union","0","1","Iowa","4/28/20","1","0","19175","0"
"Van Buren","0","8","Iowa","4/28/20","8","0","19177","0"
"Wapello","1","10","Iowa","4/28/20","6","4","19179","66.67"
"Warren","0","20","Iowa","4/28/20","20","0","19181","0"
"Washington","2","138","Iowa","4/28/20","124","14","19183","11.29"
"Webster","0","4","Iowa","4/28/20","3","1","19187","33.33"
"Winnebago","0","2","Iowa","4/28/20","2","0","19189","0"
"Winneshiek","1","15","Iowa","4/28/20","7","8","19191","114.29"
"Woodbury","88","695","Iowa","4/28/20","81","614","19193","758.02"
"Worth","0","1","Iowa","4/28/20","1","0","19195","0"
"Wright","0","2","Iowa","4/28/20","2","0","19197","0"
"Atchison","0","9","Kansas","4/28/20","6","3","20005","50"
"Barber","0","1","Kansas","4/28/20","1","0","20007","0"
"Barton","0","9","Kansas","4/28/20","9","0","20009","0"
"Bourbon","0","6","Kansas","4/28/20","7","-1","20011","-14.29"
"Butler","0","15","Kansas","4/28/20","12","3","20015","25"
"Chase","0","3","Kansas","4/28/20","1","2","20017","200"
"Chautauqua","0","4","Kansas","4/28/20","3","1","20019","33.33"
"Cherokee","0","7","Kansas","4/28/20","7","0","20021","0"
"Cheyenne","0","1","Kansas","4/28/20","0","1","20023","1"
"Clark","0","1","Kansas","4/28/20","0","1","20025","1"
"Clay","0","5","Kansas","4/28/20","5","0","20027","0"
"Cloud","0","3","Kansas","4/28/20","3","0","20029","0"
"Coffey","0","48","Kansas","4/28/20","47","1","20031","2.13"
"Cowley","0","3","Kansas","4/28/20","1","2","20035","200"
"Crawford","0","7","Kansas","4/28/20","6","1","20037","16.67"
"Dickinson","0","2","Kansas","4/28/20","1","1","20041","100"
"Doniphan","0","3","Kansas","4/28/20","3","0","20043","0"
"Douglas","1","49","Kansas","4/28/20","43","6","20045","13.95"
"Edwards","0","2","Kansas","4/28/20","1","1","20047","100"
"Ellis","0","8","Kansas","4/28/20","8","0","20051","0"
"Finney","33","270","Kansas","4/28/20","42","228","20055","542.86"
"Ford","51","544","Kansas","4/28/20","187","357","20057","190.91"
"Franklin","0","13","Kansas","4/28/20","12","1","20059","8.33"
"Geary","0","11","Kansas","4/28/20","9","2","20061","22.22"
"Gove","0","1","Kansas","4/28/20","1","0","20063","0"
"Grant","0","1","Kansas","4/28/20","0","1","20067","1"
"Gray","1","4","Kansas","4/28/20","0","4","20069","1"
"Greenwood","0","3","Kansas","4/28/20","2","1","20073","50"
"Hamilton","0","2","Kansas","4/28/20","1","1","20075","100"
"Harvey","0","6","Kansas","4/28/20","5","1","20079","20"
"Haskell","1","7","Kansas","4/28/20","1","6","20081","600"
"Jackson","0","2","Kansas","4/28/20","1","1","20085","100"
"Jefferson","0","8","Kansas","4/28/20","6","2","20087","33.33"
"Jewell","0","4","Kansas","4/28/20","4","0","20089","0"
"Johnson","9","446","Kansas","4/28/20","384","62","20091","16.15"
"Kearny","1","14","Kansas","4/28/20","4","10","20093","250"
"Kiowa","0","1","Kansas","4/28/20","0","1","20097","1"
"Labette","0","21","Kansas","4/28/20","20","1","20099","5"
"Leavenworth","7","187","Kansas","4/28/20","136","51","20103","37.5"
"Linn","0","6","Kansas","4/28/20","6","0","20107","0"
"Lyon","12","193","Kansas","4/28/20","111","82","20111","73.87"
"Marion","0","5","Kansas","4/28/20","5","0","20115","0"
"McPherson","0","20","Kansas","4/28/20","19","1","20113","5.26"
"Meade","0","2","Kansas","4/28/20","0","2","20119","1"
"Miami","0","5","Kansas","4/28/20","4","1","20121","25"
"Mitchell","0","2","Kansas","4/28/20","2","0","20123","0"
"Montgomery","1","16","Kansas","4/28/20","12","4","20125","33.33"
"Morris","0","3","Kansas","4/28/20","2","1","20127","50"
"Morton","0","3","Kansas","4/28/20","2","1","20129","50"
"Nemaha","0","1","Kansas","4/28/20","0","1","20131","1"
"Neosho","0","2","Kansas","4/28/20","2","0","20133","0"
"Osage","0","5","Kansas","4/28/20","4","1","20139","25"
"Osborne","0","2","Kansas","4/28/20","2","0","20141","0"
"Ottawa","0","3","Kansas","4/28/20","3","0","20143","0"
"Phillips","0","1","Kansas","4/28/20","1","0","20147","0"
"Pottawatomie","0","9","Kansas","4/28/20","6","3","20149","50"
"Pratt","0","1","Kansas","4/28/20","1","0","20151","0"
"Reno","2","27","Kansas","4/28/20","15","12","20155","80"
"Republic","0","4","Kansas","4/28/20","4","0","20157","0"
"Rice","0","3","Kansas","4/28/20","0","3","20159","1"
"Riley","2","47","Kansas","4/28/20","31","16","20161","51.61"
"Rooks","0","6","Kansas","4/28/20","4","2","20163","50"
"Saline","0","20","Kansas","4/28/20","17","3","20169","17.65"
"Scott","0","0","Kansas","4/28/20","1","-1","20171","-100"
"Sedgwick","10","354","Kansas","4/28/20","283","71","20173","25.09"
"Seward","50","444","Kansas","4/28/20","96","348","20175","362.5"
"Shawnee","2","108","Kansas","4/28/20","94","14","20177","14.89"
"Sheridan","0","2","Kansas","4/28/20","2","0","20179","0"
"Sherman","0","3","Kansas","4/28/20","1","2","20181","200"
"Smith","0","2","Kansas","4/28/20","2","0","20183","0"
"Stafford","0","1","Kansas","4/28/20","1","0","20185","0"
"Stanton","0","4","Kansas","4/28/20","4","0","20187","0"
"Stevens","1","8","Kansas","4/28/20","4","4","20189","100"
"Sumner","0","3","Kansas","4/28/20","3","0","20191","0"
"Wabaunsee","2","15","Kansas","4/28/20","2","13","20197","650"
"Wilson","0","1","Kansas","4/28/20","1","0","20205","0"
"Woodson","0","5","Kansas","4/28/20","5","0","20207","0"
"Wyandotte","22","585","Kansas","4/28/20","433","152","20209","35.1"
"Adair","4","79","Kentucky","4/28/20","54","25","21001","46.3"
"Allen","1","9","Kentucky","4/28/20","4","5","21003","125"
"Anderson","0","8","Kentucky","4/28/20","7","1","21005","14.29"
"Ballard","1","9","Kentucky","4/28/20","4","5","21007","125"
"Barren","1","15","Kentucky","4/28/20","7","8","21009","114.29"
"Bath","0","4","Kentucky","4/28/20","3","1","21011","33.33"
"Boone","6","125","Kentucky","4/28/20","86","39","21015","45.35"
"Bourbon","0","7","Kentucky","4/28/20","7","0","21017","0"
"Boyd","1","33","Kentucky","4/28/20","29","4","21019","13.79"
"Boyle","1","17","Kentucky","4/28/20","13","4","21021","30.77"
"Bracken","0","7","Kentucky","4/28/20","7","0","21023","0"
"Breathitt","0","2","Kentucky","4/28/20","1","1","21025","100"
"Breckinridge","0","8","Kentucky","4/28/20","6","2","21027","33.33"
"Bullitt","3","51","Kentucky","4/28/20","33","18","21029","54.55"
"Butler","6","113","Kentucky","4/28/20","74","39","21031","52.7"
"Caldwell","0","13","Kentucky","4/28/20","12","1","21033","8.33"
"Calloway","1","31","Kentucky","4/28/20","22","9","21035","40.91"
"Campbell","4","85","Kentucky","4/28/20","60","25","21037","41.67"
"Carlisle","0","2","Kentucky","4/28/20","0","2","21039","1"
"Carroll","0","2","Kentucky","4/28/20","2","0","21041","0"
"Carter","0","5","Kentucky","4/28/20","4","1","21043","25"
"Casey","0","1","Kentucky","4/28/20","1","0","21045","0"
"Christian","1","86","Kentucky","4/28/20","79","7","21047","8.86"
"Clark","0","19","Kentucky","4/28/20","19","0","21049","0"
"Clay","0","1","Kentucky","4/28/20","1","0","21051","0"
"Clinton","0","3","Kentucky","4/28/20","2","1","21053","50"
"Crittenden","0","4","Kentucky","4/28/20","3","1","21055","33.33"
"Cumberland","0","5","Kentucky","4/28/20","3","2","21057","66.67"
"Daviess","6","169","Kentucky","4/28/20","130","39","21059","30"
"Edmonson","1","17","Kentucky","4/28/20","7","10","21061","142.86"
"Fayette","3","242","Kentucky","4/28/20","219","23","21067","10.5"
"Fleming","0","2","Kentucky","4/28/20","2","0","21069","0"
"Floyd","1","12","Kentucky","4/28/20","4","8","21071","200"
"Franklin","0","16","Kentucky","4/28/20","13","3","21073","23.08"
"Fulton","0","1","Kentucky","4/28/20","1","0","21075","0"
"Gallatin","0","1","Kentucky","4/28/20","1","0","21077","0"
"Garrard","0","2","Kentucky","4/28/20","1","1","21079","100"
"Grant","0","20","Kentucky","4/28/20","17","3","21081","17.65"
"Graves","8","122","Kentucky","4/28/20","68","54","21083","79.41"
"Grayson","6","60","Kentucky","4/28/20","16","44","21085","275"
"Green","0","1","Kentucky","4/28/20","1","0","21087","0"
"Greenup","0","11","Kentucky","4/28/20","10","1","21089","10"
"Hancock","0","6","Kentucky","4/28/20","6","0","21091","0"
"Hardin","1","37","Kentucky","4/28/20","30","7","21093","23.33"
"Harrison","0","17","Kentucky","4/28/20","16","1","21097","6.25"
"Hart","0","2","Kentucky","4/28/20","2","0","21099","0"
"Henderson","3","58","Kentucky","4/28/20","36","22","21101","61.11"
"Henry","0","6","Kentucky","4/28/20","4","2","21103","50"
"Hickman","0","1","Kentucky","4/28/20","0","1","21105","1"
"Hopkins","7","191","Kentucky","4/28/20","144","47","21107","32.64"
"Jackson","0","59","Kentucky","4/28/20","57","2","21109","3.51"
"Jefferson","43","1224","Kentucky","4/28/20","925","299","21111","32.32"
"Jessamine","1","37","Kentucky","4/28/20","32","5","21113","15.62"
"Johnson","0","3","Kentucky","4/28/20","1","2","21115","200"
"Kenton","11","247","Kentucky","4/28/20","169","78","21117","46.15"
"Knott","0","3","Kentucky","4/28/20","3","0","21119","0"
"Knox","0","6","Kentucky","4/28/20","5","1","21121","20"
"Larue","0","5","Kentucky","4/28/20","5","0","21123","0"
"Laurel","0","14","Kentucky","4/28/20","14","0","21125","0"
"Lawrence","0","1","Kentucky","4/28/20","1","0","21127","0"
"Leslie","0","2","Kentucky","4/28/20","2","0","21131","0"
"Letcher","0","2","Kentucky","4/28/20","1","1","21133","100"
"Lewis","0","3","Kentucky","4/28/20","3","0","21135","0"
"Lincoln","0","5","Kentucky","4/28/20","4","1","21137","25"
"Livingston","0","4","Kentucky","4/28/20","1","3","21139","300"
"Logan","0","8","Kentucky","4/28/20","8","0","21141","0"
"Lyon","0","13","Kentucky","4/28/20","14","-1","21143","-7.14"
"Madison","1","29","Kentucky","4/28/20","21","8","21151","38.1"
"Marion","0","16","Kentucky","4/28/20","13","3","21155","23.08"
"Marshall","3","34","Kentucky","4/28/20","16","18","21157","112.5"
"Martin","0","3","Kentucky","4/28/20","3","0","21159","0"
"Mason","0","6","Kentucky","4/28/20","6","0","21161","0"
"McCracken","3","48","Kentucky","4/28/20","30","18","21145","60"
"McCreary","0","11","Kentucky","4/28/20","10","1","21147","10"
"McLean","1","12","Kentucky","4/28/20","8","4","21149","50"
"Meade","1","11","Kentucky","4/28/20","3","8","21163","266.67"
"Menifee","0","3","Kentucky","4/28/20","3","0","21165","0"
"Mercer","0","11","Kentucky","4/28/20","10","1","21167","10"
"Monroe","0","4","Kentucky","4/28/20","3","1","21171","33.33"
"Montgomery","0","11","Kentucky","4/28/20","9","2","21173","22.22"
"Morgan","0","1","Kentucky","4/28/20","1","0","21175","0"
"Muhlenberg","5","114","Kentucky","4/28/20","76","38","21177","50"
"Nelson","1","20","Kentucky","4/28/20","13","7","21179","53.85"
"Nicholas","0","1","Kentucky","4/28/20","1","0","21181","0"
"Ohio","3","40","Kentucky","4/28/20","17","23","21183","135.29"
"Oldham","1","28","Kentucky","4/28/20","24","4","21185","16.67"
"Owen","0","1","Kentucky","4/28/20","0","1","21187","1"
"Owsley","0","2","Kentucky","4/28/20","2","0","21189","0"
"Pendleton","0","6","Kentucky","4/28/20","5","1","21191","20"
"Perry","0","6","Kentucky","4/28/20","5","1","21193","20"
"Pike","1","11","Kentucky","4/28/20","6","5","21195","83.33"
"Powell","0","1","Kentucky","4/28/20","1","0","21197","0"
"Pulaski","1","43","Kentucky","4/28/20","36","7","21199","19.44"
"Rockcastle","0","11","Kentucky","4/28/20","11","0","21203","0"
"Rowan","0","2","Kentucky","4/28/20","2","0","21205","0"
"Russell","0","16","Kentucky","4/28/20","16","0","21207","0"
"Scott","0","24","Kentucky","4/28/20","22","2","21209","9.09"
"Shelby","1","28","Kentucky","4/28/20","24","4","21211","16.67"
"Simpson","0","24","Kentucky","4/28/20","22","2","21213","9.09"
"Spencer","0","10","Kentucky","4/28/20","9","1","21215","11.11"
"Taylor","1","8","Kentucky","4/28/20","4","4","21217","100"
"Todd","0","12","Kentucky","4/28/20","9","3","21219","33.33"
"Trigg","1","8","Kentucky","4/28/20","4","4","21221","100"
"Trimble","0","3","Kentucky","4/28/20","2","1","21223","50"
"Union","0","8","Kentucky","4/28/20","8","0","21225","0"
"Warren","22","263","Kentucky","4/28/20","112","151","21227","134.82"
"Washington","0","5","Kentucky","4/28/20","3","2","21229","66.67"
"Wayne","0","7","Kentucky","4/28/20","6","1","21231","16.67"
"Webster","1","21","Kentucky","4/28/20","13","8","21233","61.54"
"Whitley","0","11","Kentucky","4/28/20","8","3","21235","37.5"
"Woodford","0","17","Kentucky","4/28/20","18","-1","21239","-5.56"
"Acadia","2","130","Louisiana","4/28/20","114","16","22001","14.04"
"Allen","2","90","Louisiana","4/28/20","79","11","22003","13.92"
"Ascension","9","576","Louisiana","4/28/20","515","61","22005","11.84"
"Assumption","4","177","Louisiana","4/28/20","151","26","22007","17.22"
"Avoyelles","0","71","Louisiana","4/28/20","69","2","22009","2.9"
"Beauregard","0","37","Louisiana","4/28/20","36","1","22011","2.78"
"Bienville","1","73","Louisiana","4/28/20","66","7","22013","10.61"
"Bossier","5","277","Louisiana","4/28/20","241","36","22015","14.94"
"Caddo","27","1497","Louisiana","4/28/20","1310","187","22017","14.27"
"Calcasieu","6","377","Louisiana","4/28/20","334","43","22019","12.87"
"Caldwell","0","17","Louisiana","4/28/20","15","2","22021","13.33"
"Cameron","0","3","Louisiana","4/28/20","3","0","22023","0"
"Catahoula","0","25","Louisiana","4/28/20","24","1","22025","4.17"
"Claiborne","0","53","Louisiana","4/28/20","50","3","22027","6"
"Concordia","1","32","Louisiana","4/28/20","26","6","22029","23.08"
"De Soto","3","189","Louisiana","4/28/20","168","21","22031","12.5"
"East Baton Rouge","32","1787","Louisiana","4/28/20","1560","227","22033","14.55"
"East Carroll","1","8","Louisiana","4/28/20","1","7","22035","700"
"East Feliciana","2","118","Louisiana","4/28/20","101","17","22037","16.83"
"Evangeline","0","46","Louisiana","4/28/20","43","3","22039","6.98"
"Franklin","5","121","Louisiana","4/28/20","87","34","22041","39.08"
"Grant","0","12","Louisiana","4/28/20","12","0","22043","0"
"Iberia","7","247","Louisiana","4/28/20","195","52","22045","26.67"
"Iberville","23","443","Louisiana","4/28/20","281","162","22047","57.65"
"Jackson","2","30","Louisiana","4/28/20","15","15","22049","100"
"Jefferson","48","6135","Louisiana","4/28/20","5802","333","22051","5.74"
"Jefferson Davis","1","61","Louisiana","4/28/20","57","4","22053","7.02"
"Lafayette","2","446","Louisiana","4/28/20","429","17","22055","3.96"
"Lafourche","8","635","Louisiana","4/28/20","576","59","22057","10.24"
"LaSalle","1","21","Louisiana","4/28/20","14","7","22059","50"
"Lincoln","4","80","Louisiana","4/28/20","52","28","22061","53.85"
"Livingston","4","185","Louisiana","4/28/20","158","27","22063","17.09"
"Madison","0","7","Louisiana","4/28/20","4","3","22065","75"
"Morehouse","1","48","Louisiana","4/28/20","39","9","22067","23.08"
"Natchitoches","3","77","Louisiana","4/28/20","58","19","22069","32.76"
"Orleans","30","6380","Louisiana","4/28/20","6169","211","22071","3.42"
"Ouachita","17","651","Louisiana","4/28/20","532","119","22073","22.37"
"Plaquemines","1","168","Louisiana","4/28/20","164","4","22075","2.44"
"Pointe Coupee","3","98","Louisiana","4/28/20","80","18","22077","22.5"
"Rapides","6","255","Louisiana","4/28/20","213","42","22079","19.72"
"Red River","0","23","Louisiana","4/28/20","21","2","22081","9.52"
"Richland","2","53","Louisiana","4/28/20","38","15","22083","39.47"
"Sabine","0","16","Louisiana","4/28/20","14","2","22085","14.29"
"St. Bernard","3","452","Louisiana","4/28/20","428","24","22087","5.61"
"St. Charles","5","554","Louisiana","4/28/20","516","38","22089","7.36"
"St. Helena","1","28","Louisiana","4/28/20","21","7","22091","33.33"
"St. James","2","240","Louisiana","4/28/20","228","12","22093","5.26"
"St. John the Baptist","10","758","Louisiana","4/28/20","686","72","22095","10.5"
"St. Landry","5","170","Louisiana","4/28/20","136","34","22097","25"
"St. Martin","5","226","Louisiana","4/28/20","193","33","22099","17.1"
"St. Mary","3","182","Louisiana","4/28/20","160","22","22101","13.75"
"St. Tammany","17","1184","Louisiana","4/28/20","1067","117","22103","10.97"
"Tangipahoa","7","540","Louisiana","4/28/20","489","51","22105","10.43"
"Tensas","0","1","Louisiana","4/28/20","1","0","22107","0"
"Terrebonne","5","382","Louisiana","4/28/20","346","36","22109","10.4"
"Union","4","108","Louisiana","4/28/20","82","26","22111","31.71"
"Vermilion","0","35","Louisiana","4/28/20","33","2","22113","6.06"
"Vernon","0","16","Louisiana","4/28/20","14","2","22115","14.29"
"Washington","7","256","Louisiana","4/28/20","206","50","22117","24.27"
"Webster","1","85","Louisiana","4/28/20","79","6","22119","7.59"
"West Baton Rouge","1","94","Louisiana","4/28/20","90","4","22121","4.44"
"West Carroll","0","4","Louisiana","4/28/20","4","0","22123","0"
"West Feliciana","4","109","Louisiana","4/28/20","81","28","22125","34.57"
"Winn","1","26","Louisiana","4/28/20","19","7","22127","36.84"
"Androscoggin","1","42","Maine","4/28/20","36","6","23001","16.67"
"Aroostook","0","5","Maine","4/28/20","2","3","23003","150"
"Cumberland","11","466","Maine","4/28/20","386","80","23005","20.73"
"Franklin","2","27","Maine","4/28/20","13","14","23007","107.69"
"Hancock","1","10","Maine","4/28/20","6","4","23009","66.67"
"Kennebec","1","103","Maine","4/28/20","97","6","23011","6.19"
"Knox","0","15","Maine","4/28/20","13","2","23013","15.38"
"Lincoln","0","12","Maine","4/28/20","12","0","23015","0"
"Oxford","0","15","Maine","4/28/20","14","1","23017","7.14"
"Penobscot","2","57","Maine","4/28/20","46","11","23019","23.91"
"Piscataquis","0","1","Maine","4/28/20","1","0","23021","0"
"Sagadahoc","0","18","Maine","4/28/20","17","1","23023","5.88"
"Somerset","0","18","Maine","4/28/20","16","2","23025","12.5"
"Waldo","1","48","Maine","4/28/20","43","5","23027","11.63"
"Washington","0","2","Maine","4/28/20","2","0","23029","0"
"York","2","200","Maine","4/28/20","183","17","23031","9.29"
"Allegany","8","115","Maryland","4/28/20","56","59","24001","105.36"
"Anne Arundel","59","1571","Maryland","4/28/20","1157","414","24003","35.78"
"Baltimore","101","2631","Maryland","4/28/20","1925","706","24005","36.68"
"Baltimore City","62","1977","Maryland","4/28/20","1542","435","24510","28.21"
"Calvert","3","139","Maryland","4/28/20","116","23","24009","19.83"
"Caroline","4","69","Maryland","4/28/20","41","28","24011","68.29"
"Carroll","12","416","Maryland","4/28/20","330","86","24013","26.06"
"Cecil","4","163","Maryland","4/28/20","134","29","24015","21.64"
"Charles","20","539","Maryland","4/28/20","401","138","24017","34.41"
"Dorchester","4","52","Maryland","4/28/20","25","27","24019","108"
"Frederick","34","870","Maryland","4/28/20","632","238","24021","37.66"
"Garrett","0","4","Maryland","4/28/20","4","0","24023","0"
"Harford","18","358","Maryland","4/28/20","232","126","24025","54.31"
"Howard","34","802","Maryland","4/28/20","565","237","24027","41.95"
"Kent","6","73","Maryland","4/28/20","29","44","24029","151.72"
"Montgomery","176","4003","Maryland","4/28/20","2768","1235","24031","44.62"
"Prince George's","252","5496","Maryland","4/28/20","3734","1762","24033","47.19"
"Queen Anne's","4","55","Maryland","4/28/20","27","28","24035","103.7"
"Somerset","1","20","Maryland","4/28/20","11","9","24039","81.82"
"St. Mary's","5","145","Maryland","4/28/20","107","38","24037","35.51"
"Talbot","2","34","Maryland","4/28/20","22","12","24041","54.55"
"Washington","9","187","Maryland","4/28/20","126","61","24043","48.41"
"Wicomico","23","340","Maryland","4/28/20","176","164","24045","93.18"
"Worcester","3","54","Maryland","4/28/20","33","21","24047","63.64"
"Barnstable","23","843","Massachusetts","4/28/20","682","161","25001","23.61"
"Berkshire","4","437","Massachusetts","4/28/20","411","26","25003","6.33"
"Bristol","204","3318","Massachusetts","4/28/20","1888","1430","25005","75.74"
"Dukes and Nantucket","0","28","Massachusetts","4/28/20","25","3","00000","12"
"Essex","353","8094","Massachusetts","4/28/20","5621","2473","25009","44"
"Franklin","6","242","Massachusetts","4/28/20","197","45","25011","22.84"
"Hampden","146","3586","Massachusetts","4/28/20","2562","1024","25013","39.97"
"Hampshire","25","522","Massachusetts","4/28/20","348","174","25015","50"
"Middlesex","550","13603","Massachusetts","4/28/20","9756","3847","25017","39.43"
"Norfolk","222","5703","Massachusetts","4/28/20","4152","1551","25021","37.36"
"Plymouth","249","4823","Massachusetts","4/28/20","3083","1740","25023","56.44"
"Suffolk","501","12286","Massachusetts","4/28/20","8778","3508","25025","39.96"
"Worcester","240","5073","Massachusetts","4/28/20","3392","1681","25027","49.56"
"Alcona","0","7","Michigan","4/28/20","6","1","26001","16.67"
"Allegan","6","104","Michigan","4/28/20","65","39","26005","60"
"Alpena","5","74","Michigan","4/28/20","39","35","26007","89.74"
"Antrim","0","10","Michigan","4/28/20","10","0","26009","0"
"Arenac","1","22","Michigan","4/28/20","16","6","26011","37.5"
"Barry","1","41","Michigan","4/28/20","32","9","26015","28.12"
"Bay","8","158","Michigan","4/28/20","101","57","26017","56.44"
"Benzie","0","4","Michigan","4/28/20","4","0","26019","0"
"Berrien","9","334","Michigan","4/28/20","270","64","26021","23.7"
"Branch","2","58","Michigan","4/28/20","47","11","26023","23.4"
"Calhoun","9","236","Michigan","4/28/20","175","61","26025","34.86"
"Cass","1","36","Michigan","4/28/20","31","5","26027","16.13"
"Charlevoix","0","14","Michigan","4/28/20","13","1","26029","7.69"
"Cheboygan","0","22","Michigan","4/28/20","19","3","26031","15.79"
"Chippewa","0","3","Michigan","4/28/20","3","0","26033","0"
"Clare","0","11","Michigan","4/28/20","9","2","26035","22.22"
"Clinton","1","120","Michigan","4/28/20","110","10","26037","9.09"
"Crawford","3","55","Michigan","4/28/20","32","23","26039","71.88"
"Delta","0","14","Michigan","4/28/20","14","0","26041","0"
"Dickinson","0","3","Michigan","4/28/20","3","0","26043","0"
"Eaton","3","133","Michigan","4/28/20","113","20","26045","17.7"
"Emmet","0","25","Michigan","4/28/20","25","0","26047","0"
"Federal Correctional Institution (FCI)","4","82","Michigan","4/28/20","57","25","00000","43.86"
"Genesee","40","1632","Michigan","4/28/20","1350","282","26049","20.89"
"Gladwin","0","12","Michigan","4/28/20","9","3","26051","33.33"
"Gogebic","0","4","Michigan","4/28/20","4","0","26053","0"
"Grand Traverse","0","20","Michigan","4/28/20","20","0","26055","0"
"Gratiot","0","11","Michigan","4/28/20","9","2","26057","22.22"
"Hillsdale","3","120","Michigan","4/28/20","96","24","26059","25"
"Houghton","0","2","Michigan","4/28/20","2","0","26061","0"
"Huron","0","19","Michigan","4/28/20","16","3","26063","18.75"
"Ingham","14","445","Michigan","4/28/20","350","95","26065","27.14"
"Ionia","4","57","Michigan","4/28/20","28","29","26067","103.57"
"Iosco","6","59","Michigan","4/28/20","18","41","26069","227.78"
"Isabella","1","74","Michigan","4/28/20","68","6","26073","8.82"
"Jackson","9","360","Michigan","4/28/20","296","64","26075","21.62"
"Kalamazoo","20","360","Michigan","4/28/20","219","141","26077","64.38"
"Kalkaska","0","27","Michigan","4/28/20","27","0","26079","0"
"Kent","103","1427","Michigan","4/28/20","708","719","26081","101.55"
"Lake","0","3","Michigan","4/28/20","3","0","26085","0"
"Lapeer","3","176","Michigan","4/28/20","156","20","26087","12.82"
"Leelanau","0","9","Michigan","4/28/20","7","2","26089","28.57"
"Lenawee","4","113","Michigan","4/28/20","87","26","26091","29.89"
"Livingston","4","380","Michigan","4/28/20","350","30","26093","8.57"
"Luce","0","1","Michigan","4/28/20","1","0","26095","0"
"Mackinac","0","5","Michigan","4/28/20","4","1","26097","25"
"Macomb","118","5374","Michigan","4/28/20","4550","824","26099","18.11"
"Manistee","0","12","Michigan","4/28/20","12","0","26101","0"
"Marquette","1","43","Michigan","4/28/20","35","8","26103","22.86"
"Mason","1","10","Michigan","4/28/20","5","5","26105","100"
"Mecosta","0","18","Michigan","4/28/20","17","1","26107","5.88"
"Menominee","1","5","Michigan","4/28/20","1","4","26109","400"
"Michigan Department of Corrections (MDOC)","66","1074","Michigan","4/28/20","615","459","00000","74.63"
"Midland","2","84","Michigan","4/28/20","69","15","26111","21.74"
"Missaukee","1","20","Michigan","4/28/20","10","10","26113","100"
"Monroe","7","293","Michigan","4/28/20","247","46","26115","18.62"
"Montcalm","2","38","Michigan","4/28/20","27","11","26117","40.74"
"Montmorency","0","5","Michigan","4/28/20","4","1","26119","25"
"Muskegon","12","242","Michigan","4/28/20","160","82","26121","51.25"
"Newaygo","1","18","Michigan","4/28/20","12","6","26123","50"
"Oakland","126","7672","Michigan","4/28/20","6790","882","26125","12.99"
"Oceana","1","12","Michigan","4/28/20","4","8","26127","200"
"Ogemaw","1","15","Michigan","4/28/20","7","8","26129","114.29"
"Osceola","0","10","Michigan","4/28/20","10","0","26133","0"
"Oscoda","0","4","Michigan","4/28/20","4","0","26135","0"
"Otsego","2","105","Michigan","4/28/20","90","15","26137","16.67"
"Ottawa","12","244","Michigan","4/28/20","161","83","26139","51.55"
"Out of MI","-6","28","Michigan","4/28/20","69","-41","80026","-59.42"
"Presque Isle","1","11","Michigan","4/28/20","6","5","26141","83.33"
"Roscommon","0","16","Michigan","4/28/20","13","3","26143","23.08"
"Saginaw","26","617","Michigan","4/28/20","435","182","26145","41.84"
"Sanilac","0","35","Michigan","4/28/20","33","2","26151","6.06"
"Schoolcraft","0","3","Michigan","4/28/20","3","0","26153","0"
"Shiawassee","8","185","Michigan","4/28/20","132","53","26155","40.15"
"St. Clair","8","352","Michigan","4/28/20","296","56","26147","18.92"
"St. Joseph","1","31","Michigan","4/28/20","25","6","26149","24"
"Tuscola","4","96","Michigan","4/28/20","65","31","26157","47.69"
"Van Buren","1","56","Michigan","4/28/20","47","9","26159","19.15"
"Washtenaw","20","1142","Michigan","4/28/20","1000","142","26161","14.2"
"Wayne","337","16392","Michigan","4/28/20","14035","2357","26163","16.79"
"Wexford","0","11","Michigan","4/28/20","9","2","26165","22.22"
"Aitkin","0","1","Minnesota","4/28/20","1","0","27001","0"
"Anoka","13","186","Minnesota","4/28/20","97","89","27003","91.75"
"Becker","0","2","Minnesota","4/28/20","1","1","27005","100"
"Beltrami","0","6","Minnesota","4/28/20","5","1","27007","20"
"Benton","0","6","Minnesota","4/28/20","4","2","27009","50"
"Big Stone","0","2","Minnesota","4/28/20","1","1","27011","100"
"Blue Earth","1","33","Minnesota","4/28/20","24","9","27013","37.5"
"Brown","0","8","Minnesota","4/28/20","8","0","27015","0"
"Carlton","2","53","Minnesota","4/28/20","37","16","27017","43.24"
"Carver","1","19","Minnesota","4/28/20","14","5","27019","35.71"
"Cass","0","5","Minnesota","4/28/20","4","1","27021","25"
"Chippewa","0","2","Minnesota","4/28/20","1","1","27023","100"
"Chisago","0","9","Minnesota","4/28/20","7","2","27025","28.57"
"Clay","12","149","Minnesota","4/28/20","68","81","27027","119.12"
"Clearwater","0","2","Minnesota","4/28/20","3","-1","27029","-33.33"
"Cottonwood","1","11","Minnesota","4/28/20","6","5","27033","83.33"
"Crow Wing","0","20","Minnesota","4/28/20","20","0","27035","0"
"Dakota","4","156","Minnesota","4/28/20","127","29","27037","22.83"
"Dodge","0","19","Minnesota","4/28/20","18","1","27039","5.56"
"Douglas","0","2","Minnesota","4/28/20","2","0","27041","0"
"Faribault","0","4","Minnesota","4/28/20","4","0","27043","0"
"Fillmore","0","12","Minnesota","4/28/20","11","1","27045","9.09"
"Freeborn","0","34","Minnesota","4/28/20","33","1","27047","3.03"
"Goodhue","0","19","Minnesota","4/28/20","19","0","27049","0"
"Hennepin","73","1524","Minnesota","4/28/20","1013","511","27053","50.44"
"Houston","0","1","Minnesota","4/28/20","1","0","27055","0"
"Isanti","0","6","Minnesota","4/28/20","6","0","27059","0"
"Itasca","0","2","Minnesota","4/28/20","2","0","27061","0"
"Jackson","1","9","Minnesota","4/28/20","2","7","27063","350"
"Kandiyohi","9","64","Minnesota","4/28/20","3","61","27067","2033.33"
"Kittson","0","1","Minnesota","4/28/20","1","0","27069","0"
"Koochiching","0","1","Minnesota","4/28/20","1","0","27071","0"
"Lac qui Parle","0","1","Minnesota","4/28/20","1","0","27073","0"
"Le Sueur","0","24","Minnesota","4/28/20","22","2","27079","9.09"
"Lincoln","0","2","Minnesota","4/28/20","2","0","27081","0"
"Lyon","0","6","Minnesota","4/28/20","5","1","27083","20"
"Mahnomen","0","1","Minnesota","4/28/20","1","0","27087","0"
"Marshall","0","1","Minnesota","4/28/20","1","0","27089","0"
"Martin","2","52","Minnesota","4/28/20","41","11","27091","26.83"
"McLeod","0","4","Minnesota","4/28/20","3","1","27085","33.33"
"Meeker","1","9","Minnesota","4/28/20","3","6","27093","200"
"Mille Lacs","0","2","Minnesota","4/28/20","1","1","27095","100"
"Morrison","0","1","Minnesota","4/28/20","1","0","27097","0"
"Mower","0","28","Minnesota","4/28/20","26","2","27099","7.69"
"Murray","1","10","Minnesota","4/28/20","3","7","27101","233.33"
"Nicollet","0","9","Minnesota","4/28/20","7","2","27103","28.57"
"Nobles","54","477","Minnesota","4/28/20","101","376","27105","372.28"
"Norman","0","7","Minnesota","4/28/20","5","2","27107","40"
"Olmsted","8","251","Minnesota","4/28/20","198","53","27109","26.77"
"Otter Tail","0","8","Minnesota","4/28/20","6","2","27111","33.33"
"Pennington","0","1","Minnesota","4/28/20","1","0","27113","0"
"Pine","6","56","Minnesota","4/28/20","12","44","27115","366.67"
"Pipestone","0","2","Minnesota","4/28/20","2","0","27117","0"
"Polk","3","26","Minnesota","4/28/20","4","22","27119","550"
"Ramsey","15","317","Minnesota","4/28/20","215","102","27123","47.44"
"Red Lake","0","1","Minnesota","4/28/20","1","0","27125","0"
"Redwood","0","1","Minnesota","4/28/20","1","0","27127","0"
"Renville","0","3","Minnesota","4/28/20","3","0","27129","0"
"Rice","1","11","Minnesota","4/28/20","7","4","27131","57.14"
"Rock","0","8","Minnesota","4/28/20","5","3","27133","60"
"Roseau","0","1","Minnesota","4/28/20","1","0","27135","0"
"Scott","1","36","Minnesota","4/28/20","27","9","27139","33.33"
"Sherburne","1","19","Minnesota","4/28/20","13","6","27141","46.15"
"Sibley","0","2","Minnesota","4/28/20","1","1","27143","100"
"St. Louis","2","69","Minnesota","4/28/20","53","16","27137","30.19"
"Stearns","10","86","Minnesota","4/28/20","18","68","27145","377.78"
"Steele","1","14","Minnesota","4/28/20","9","5","27147","55.56"
"Swift","0","2","Minnesota","4/28/20","1","1","27151","100"
"Todd","0","4","Minnesota","4/28/20","3","1","27153","33.33"
"Traverse","0","2","Minnesota","4/28/20","2","0","27155","0"
"Wabasha","0","8","Minnesota","4/28/20","8","0","27157","0"
"Wadena","0","1","Minnesota","4/28/20","0","1","27159","1"
"Waseca","0","4","Minnesota","4/28/20","3","1","27161","33.33"
"Washington","3","117","Minnesota","4/28/20","98","19","27163","19.39"
"Watonwan","0","7","Minnesota","4/28/20","4","3","27165","75"
"Wilkin","0","12","Minnesota","4/28/20","9","3","27167","33.33"
"Winona","1","66","Minnesota","4/28/20","61","5","27169","8.2"
"Wright","1","35","Minnesota","4/28/20","27","8","27171","29.63"
"Yellow Medicine","0","3","Minnesota","4/28/20","3","0","27173","0"
"Adams","5","123","Mississippi","4/28/20","90","33","28001","36.67"
"Alcorn","0","10","Mississippi","4/28/20","7","3","28003","42.86"
"Amite","1","26","Mississippi","4/28/20","18","8","28005","44.44"
"Attala","6","89","Mississippi","4/28/20","49","40","28007","81.63"
"Benton","0","9","Mississippi","4/28/20","9","0","28009","0"
"Bolivar","2","101","Mississippi","4/28/20","86","15","28011","17.44"
"Calhoun","1","50","Mississippi","4/28/20","42","8","28013","19.05"
"Carroll","1","22","Mississippi","4/28/20","14","8","28015","57.14"
"Chickasaw","2","67","Mississippi","4/28/20","51","16","28017","31.37"
"Choctaw","0","13","Mississippi","4/28/20","13","0","28019","0"
"Claiborne","1","19","Mississippi","4/28/20","10","9","28021","90"
"Clarke","3","49","Mississippi","4/28/20","31","18","28023","58.06"
"Clay","1","33","Mississippi","4/28/20","27","6","28025","22.22"
"Coahoma","1","60","Mississippi","4/28/20","52","8","28027","15.38"
"Copiah","5","83","Mississippi","4/28/20","51","32","28029","62.75"
"Covington","2","54","Mississippi","4/28/20","37","17","28031","45.95"
"DeSoto","5","272","Mississippi","4/28/20","239","33","28033","13.81"
"Forrest","6","196","Mississippi","4/28/20","151","45","28035","29.8"
"Franklin","0","16","Mississippi","4/28/20","17","-1","28037","-5.88"
"George","0","12","Mississippi","4/28/20","10","2","28039","20"
"Greene","0","5","Mississippi","4/28/20","4","1","28041","25"
"Grenada","0","28","Mississippi","4/28/20","26","2","28043","7.69"
"Hancock","1","61","Mississippi","4/28/20","53","8","28045","15.09"
"Harrison","2","166","Mississippi","4/28/20","151","15","28047","9.93"
"Hinds","11","435","Mississippi","4/28/20","357","78","28049","21.85"
"Holmes","9","121","Mississippi","4/28/20","61","60","28051","98.36"
"Humphreys","1","18","Mississippi","4/28/20","13","5","28053","38.46"
"Itawamba","4","51","Mississippi","4/28/20","26","25","28057","96.15"
"Jackson","6","252","Mississippi","4/28/20","211","41","28059","19.43"
"Jasper","1","33","Mississippi","4/28/20","23","10","28061","43.48"
"Jefferson","2","16","Mississippi","4/28/20","5","11","28063","220"
"Jefferson Davis","2","29","Mississippi","4/28/20","12","17","28065","141.67"
"Jones","7","132","Mississippi","4/28/20","80","52","28067","65"
"Kemper","4","50","Mississippi","4/28/20","23","27","28069","117.39"
"Lafayette","3","88","Mississippi","4/28/20","68","20","28071","29.41"
"Lamar","3","94","Mississippi","4/28/20","76","18","28073","23.68"
"Lauderdale","12","318","Mississippi","4/28/20","232","86","28075","37.07"
"Lawrence","3","38","Mississippi","4/28/20","20","18","28077","90"
"Leake","11","179","Mississippi","4/28/20","99","80","28079","80.81"
"Lee","1","71","Mississippi","4/28/20","64","7","28081","10.94"
"Leflore","5","141","Mississippi","4/28/20","109","32","28083","29.36"
"Lincoln","4","136","Mississippi","4/28/20","109","27","28085","24.77"
"Lowndes","2","49","Mississippi","4/28/20","35","14","28087","40"
"Madison","10","212","Mississippi","4/28/20","144","68","28089","47.22"
"Marion","3","66","Mississippi","4/28/20","47","19","28091","40.43"
"Marshall","0","42","Mississippi","4/28/20","39","3","28093","7.69"
"Monroe","8","153","Mississippi","4/28/20","95","58","28095","61.05"
"Montgomery","0","19","Mississippi","4/28/20","17","2","28097","11.76"
"Neshoba","12","169","Mississippi","4/28/20","82","87","28099","106.1"
"Newton","6","73","Mississippi","4/28/20","32","41","28101","128.12"
"Noxubee","4","55","Mississippi","4/28/20","24","31","28103","129.17"
"Oktibbeha","1","48","Mississippi","4/28/20","44","4","28105","9.09"
"Panola","0","38","Mississippi","4/28/20","37","1","28107","2.7"
"Pearl River","3","154","Mississippi","4/28/20","134","20","28109","14.93"
"Perry","1","26","Mississippi","4/28/20","22","4","28111","18.18"
"Pike","3","142","Mississippi","4/28/20","118","24","28113","20.34"
"Pontotoc","0","18","Mississippi","4/28/20","18","0","28115","0"
"Prentiss","1","31","Mississippi","4/28/20","27","4","28117","14.81"
"Quitman","0","14","Mississippi","4/28/20","13","1","28119","7.69"
"Rankin","5","179","Mississippi","4/28/20","146","33","28121","22.6"
"Scott","18","281","Mississippi","4/28/20","158","123","28123","77.85"
"Sharkey","0","5","Mississippi","4/28/20","3","2","28125","66.67"
"Simpson","2","43","Mississippi","4/28/20","32","11","28127","34.38"
"Smith","2","66","Mississippi","4/28/20","50","16","28129","32"
"Stone","0","22","Mississippi","4/28/20","19","3","28131","15.79"
"Sunflower","1","52","Mississippi","4/28/20","48","4","28133","8.33"
"Tallahatchie","0","11","Mississippi","4/28/20","8","3","28135","37.5"
"Tate","1","39","Mississippi","4/28/20","34","5","28137","14.71"
"Tippah","1","53","Mississippi","4/28/20","49","4","28139","8.16"
"Tishomingo","0","7","Mississippi","4/28/20","4","3","28141","75"
"Tunica","0","35","Mississippi","4/28/20","33","2","28143","6.06"
"Union","1","16","Mississippi","4/28/20","12","4","28145","33.33"
"Walthall","1","30","Mississippi","4/28/20","24","6","28147","25"
"Warren","5","58","Mississippi","4/28/20","25","33","28149","132"
"Washington","1","77","Mississippi","4/28/20","71","6","28151","8.45"
"Wayne","1","19","Mississippi","4/28/20","12","7","28153","58.33"
"Webster","0","17","Mississippi","4/28/20","16","1","28155","6.25"
"Wilkinson","1","68","Mississippi","4/28/20","64","4","28157","6.25"
"Winston","1","41","Mississippi","4/28/20","34","7","28159","20.59"
"Yalobusha","0","19","Mississippi","4/28/20","17","2","28161","11.76"
"Yazoo","4","129","Mississippi","4/28/20","103","26","28163","25.24"
"Adair","0","12","Missouri","4/28/20","12","0","29001","0"
"Andrew","0","2","Missouri","4/28/20","1","1","29003","100"
"Atchison","0","2","Missouri","4/28/20","2","0","29005","0"
"Audrain","0","1","Missouri","4/28/20","1","0","29007","0"
"Barry","0","6","Missouri","4/28/20","5","1","29009","20"
"Bates","0","6","Missouri","4/28/20","6","0","29013","0"
"Benton","0","4","Missouri","4/28/20","3","1","29015","33.33"
"Bollinger","0","4","Missouri","4/28/20","3","1","29017","33.33"
"Boone","0","99","Missouri","4/28/20","96","3","29019","3.12"
"Buchanan","5","68","Missouri","4/28/20","33","35","29021","106.06"
"Butler","0","26","Missouri","4/28/20","24","2","29023","8.33"
"Caldwell","0","3","Missouri","4/28/20","2","1","29025","50"
"Callaway","0","22","Missouri","4/28/20","21","1","29027","4.76"
"Camden","0","35","Missouri","4/28/20","35","0","29029","0"
"Cape Girardeau","2","48","Missouri","4/28/20","37","11","29031","29.73"
"Carroll","0","3","Missouri","4/28/20","0","3","29033","1"
"Carter","0","3","Missouri","4/28/20","3","0","29035","0"
"Cass","1","61","Missouri","4/28/20","54","7","29037","12.96"
"Cedar","0","5","Missouri","4/28/20","5","0","29039","0"
"Chariton","0","5","Missouri","4/28/20","4","1","29041","25"
"Christian","0","19","Missouri","4/28/20","19","0","29043","0"
"Clark","0","1","Missouri","4/28/20","1","0","29045","0"
"Clay","1","69","Missouri","4/28/20","61","8","29047","13.11"
"Clinton","0","11","Missouri","4/28/20","11","0","29049","0"
"Cole","1","50","Missouri","4/28/20","46","4","29051","8.7"
"Cooper","0","7","Missouri","4/28/20","5","2","29053","40"
"Crawford","0","7","Missouri","4/28/20","5","2","29055","40"
"Dallas","0","2","Missouri","4/28/20","2","0","29059","0"
"Daviess","0","2","Missouri","4/28/20","2","0","29061","0"
"DeKalb","0","3","Missouri","4/28/20","3","0","29063","0"
"Dunklin","0","20","Missouri","4/28/20","19","1","29069","5.26"
"Franklin","1","110","Missouri","4/28/20","102","8","29071","7.84"
"Gasconade","0","2","Missouri","4/28/20","2","0","29073","0"
"Gentry","0","1","Missouri","4/28/20","1","0","29075","0"
"Greene","0","93","Missouri","4/28/20","92","1","29077","1.09"
"Harrison","0","6","Missouri","4/28/20","6","0","29081","0"
"Henry","0","8","Missouri","4/28/20","6","2","29083","33.33"
"Holt","0","1","Missouri","4/28/20","1","0","29087","0"
"Howard","0","2","Missouri","4/28/20","2","0","29089","0"
"Howell","0","5","Missouri","4/28/20","5","0","29091","0"
"Iron","0","2","Missouri","4/28/20","2","0","29093","0"
"Jackson","4","309","Missouri","4/28/20","279","30","29095","10.75"
"Jasper","-1","24","Missouri","4/28/20","29","-5","29097","-17.24"
"Jefferson","5","267","Missouri","4/28/20","231","36","29099","15.58"
"Johnson","0","54","Missouri","4/28/20","52","2","29101","3.85"
"Kansas City","10","511","Missouri","4/28/20","438","73","00000","16.67"
"Lafayette","1","35","Missouri","4/28/20","30","5","29107","16.67"
"Lewis","1","6","Missouri","4/28/20","1","5","29111","500"
"Lincoln","2","70","Missouri","4/28/20","59","11","29113","18.64"
"Linn","0","5","Missouri","4/28/20","5","0","29115","0"
"Livingston","0","2","Missouri","4/28/20","2","0","29117","0"
"Macon","0","2","Missouri","4/28/20","2","0","29121","0"
"Madison","0","1","Missouri","4/28/20","1","0","29123","0"
"Maries","0","2","Missouri","4/28/20","2","0","29125","0"
"Marion","0","5","Missouri","4/28/20","3","2","29127","66.67"
"McDonald","0","4","Missouri","4/28/20","4","0","29119","0"
"Miller","0","1","Missouri","4/28/20","1","0","29131","0"
"Mississippi","3","23","Missouri","4/28/20","0","23","29133","1"
"Moniteau","0","52","Missouri","4/28/20","53","-1","29135","-1.89"
"Montgomery","0","7","Missouri","4/28/20","7","0","29139","0"
"Morgan","0","3","Missouri","4/28/20","2","1","29141","50"
"New Madrid","0","9","Missouri","4/28/20","9","0","29143","0"
"Newton","0","10","Missouri","4/28/20","10","0","29145","0"
"Nodaway","0","3","Missouri","4/28/20","3","0","29147","0"
"Oregon","0","1","Missouri","4/28/20","1","0","29149","0"
"Osage","0","5","Missouri","4/28/20","5","0","29151","0"
"Pemiscot","1","21","Missouri","4/28/20","13","8","29155","61.54"
"Perry","0","41","Missouri","4/28/20","38","3","29157","7.89"
"Pettis","2","31","Missouri","4/28/20","14","17","29159","121.43"
"Phelps","0","2","Missouri","4/28/20","1","1","29161","100"
"Pike","0","9","Missouri","4/28/20","6","3","29163","50"
"Platte","1","31","Missouri","4/28/20","27","4","29165","14.81"
"Polk","0","1","Missouri","4/28/20","1","0","29167","0"
"Pulaski","0","33","Missouri","4/28/20","31","2","29169","6.45"
"Ralls","0","1","Missouri","4/28/20","1","0","29173","0"
"Randolph","0","8","Missouri","4/28/20","8","0","29175","0"
"Ray","1","12","Missouri","4/28/20","7","5","29177","71.43"
"Reynolds","0","2","Missouri","4/28/20","2","0","29179","0"
"Ripley","0","5","Missouri","4/28/20","3","2","29181","66.67"
"Saline","14","170","Missouri","4/28/20","72","98","29195","136.11"
"Scotland","0","4","Missouri","4/28/20","4","0","29199","0"
"Scott","1","62","Missouri","4/28/20","52","10","29201","19.23"
"Shelby","0","1","Missouri","4/28/20","1","0","29205","0"
"St. Charles","15","572","Missouri","4/28/20","469","103","29183","21.96"
"St. Clair","0","2","Missouri","4/28/20","2","0","29185","0"
"St. Francois","1","28","Missouri","4/28/20","24","4","29187","16.67"
"St. Louis","87","3106","Missouri","4/28/20","2499","607","29189","24.29"
"St. Louis City","28","1104","Missouri","4/28/20","908","196","29510","21.59"
"Ste. Genevieve","0","7","Missouri","4/28/20","7","0","29186","0"
"Stoddard","0","19","Missouri","4/28/20","19","0","29207","0"
"Stone","0","3","Missouri","4/28/20","3","0","29209","0"
"Taney","0","11","Missouri","4/28/20","9","2","29213","22.22"
"Vernon","0","4","Missouri","4/28/20","4","0","29217","0"
"Warren","0","22","Missouri","4/28/20","22","0","29219","0"
"Washington","0","8","Missouri","4/28/20","6","2","29221","33.33"
"Webster","0","13","Missouri","4/28/20","10","3","29225","30"
"Worth","0","1","Missouri","4/28/20","1","0","29227","0"
"Wright","0","9","Missouri","4/28/20","9","0","29229","0"
"Beaverhead","0","1","Montana","4/28/20","1","0","30001","0"
"Big Horn","0","3","Montana","4/28/20","3","0","30003","0"
"Broadwater","0","4","Montana","4/28/20","4","0","30007","0"
"Carbon","0","6","Montana","4/28/20","6","0","30009","0"
"Cascade","0","15","Montana","4/28/20","13","2","30013","15.38"
"Deer Lodge","0","3","Montana","4/28/20","3","0","30023","0"
"Flathead","0","37","Montana","4/28/20","37","0","30029","0"
"Gallatin","0","146","Montana","4/28/20","145","1","30031","0.69"
"Glacier","0","6","Montana","4/28/20","4","2","30035","50"
"Golden Valley","0","3","Montana","4/28/20","3","0","30037","0"
"Hill","0","1","Montana","4/28/20","1","0","30041","0"
"Jefferson","0","2","Montana","4/28/20","2","0","30043","0"
"Lake","0","5","Montana","4/28/20","5","0","30047","0"
"Lewis and Clark","0","16","Montana","4/28/20","16","0","30049","0"
"Liberty","0","1","Montana","4/28/20","1","0","30051","0"
"Lincoln","0","7","Montana","4/28/20","7","0","30053","0"
"Madison","0","8","Montana","4/28/20","8","0","30057","0"
"Meagher","0","1","Montana","4/28/20","1","0","30059","0"
"Missoula","0","39","Montana","4/28/20","38","1","30063","2.63"
"Musselshell","0","1","Montana","4/28/20","1","0","30065","0"
"Park","0","7","Montana","4/28/20","7","0","30067","0"
"Pondera","0","2","Montana","4/28/20","2","0","30073","0"
"Ravalli","0","5","Montana","4/28/20","5","0","30081","0"
"Richland","0","3","Montana","4/28/20","3","0","30083","0"
"Roosevelt","0","7","Montana","4/28/20","7","0","30085","0"
"Silver Bow","0","11","Montana","4/28/20","11","0","30093","0"
"Stillwater","0","1","Montana","4/28/20","1","0","30095","0"
"Toole","0","29","Montana","4/28/20","29","0","30101","0"
"Wheatland","0","1","Montana","4/28/20","0","1","30107","1"
"Yellowstone","1","80","Montana","4/28/20","73","7","30111","9.59"
"Adams","6","143","Nebraska","4/28/20","101","42","31001","41.58"
"Antelope","0","2","Nebraska","4/28/20","1","1","31003","100"
"Box Butte","0","1","Nebraska","4/28/20","1","0","31013","0"
"Buffalo","5","90","Nebraska","4/28/20","55","35","31019","63.64"
"Burt","0","2","Nebraska","4/28/20","1","1","31021","100"
"Butler","0","2","Nebraska","4/28/20","1","1","31023","100"
"Cass","0","4","Nebraska","4/28/20","4","0","31025","0"
"Cedar","0","2","Nebraska","4/28/20","0","2","31027","1"
"Cherry","0","1","Nebraska","4/28/20","1","0","31031","0"
"Cheyenne","0","6","Nebraska","4/28/20","4","2","31033","50"
"Clay","0","5","Nebraska","4/28/20","5","0","31035","0"
"Colfax","3","23","Nebraska","4/28/20","5","18","31037","360"
"Cuming","0","4","Nebraska","4/28/20","2","2","31039","100"
"Custer","0","22","Nebraska","4/28/20","20","2","31041","10"
"Dakota","76","608","Nebraska","4/28/20","73","535","31043","732.88"
"Dawson","34","410","Nebraska","4/28/20","175","235","31047","134.29"
"Dixon","0","3","Nebraska","4/28/20","1","2","31051","200"
"Dodge","5","50","Nebraska","4/28/20","18","32","31053","177.78"
"Douglas","27","484","Nebraska","4/28/20","296","188","31055","63.51"
"Fillmore","0","1","Nebraska","4/28/20","0","1","31059","1"
"Franklin","0","3","Nebraska","4/28/20","3","0","31061","0"
"Furnas","0","2","Nebraska","4/28/20","2","0","31065","0"
"Gage","1","33","Nebraska","4/28/20","28","5","31067","17.86"
"Gosper","0","8","Nebraska","4/28/20","6","2","31073","33.33"
"Greeley","0","2","Nebraska","4/28/20","0","2","31077","1"
"Hall","51","908","Nebraska","4/28/20","554","354","31079","63.9"
"Hamilton","3","41","Nebraska","4/28/20","22","19","31081","86.36"
"Howard","1","10","Nebraska","4/28/20","4","6","31093","150"
"Jefferson","0","3","Nebraska","4/28/20","0","3","31095","1"
"Johnson","0","4","Nebraska","4/28/20","2","2","31097","100"
"Kearney","0","4","Nebraska","4/28/20","4","0","31099","0"
"Kimball","0","9","Nebraska","4/28/20","9","0","31105","0"
"Knox","0","2","Nebraska","4/28/20","2","0","31107","0"
"Lancaster","9","158","Nebraska","4/28/20","92","66","31109","71.74"
"Lincoln","0","20","Nebraska","4/28/20","18","2","31111","11.11"
"Madison","12","95","Nebraska","4/28/20","14","81","31119","578.57"
"Merrick","0","11","Nebraska","4/28/20","9","2","31121","22.22"
"Morrill","0","1","Nebraska","4/28/20","1","0","31123","0"
"Nance","0","1","Nebraska","4/28/20","1","0","31125","0"
"Nemaha","0","1","Nebraska","4/28/20","1","0","31127","0"
"Otoe","0","1","Nebraska","4/28/20","1","0","31131","0"
"Phelps","0","2","Nebraska","4/28/20","1","1","31137","100"
"Pierce","0","1","Nebraska","4/28/20","1","0","31139","0"
"Platte","4","39","Nebraska","4/28/20","8","31","31141","387.5"
"Polk","0","5","Nebraska","4/28/20","6","-1","31143","-16.67"
"Red Willow","0","2","Nebraska","4/28/20","1","1","31145","100"
"Saline","11","87","Nebraska","4/28/20","11","76","31151","690.91"
"Sarpy","5","91","Nebraska","4/28/20","55","36","31153","65.45"
"Saunders","0","9","Nebraska","4/28/20","6","3","31155","50"
"Scotts Bluff","1","27","Nebraska","4/28/20","22","5","31157","22.73"
"Seward","0","7","Nebraska","4/28/20","4","3","31159","75"
"Sherman","0","1","Nebraska","4/28/20","0","1","31163","1"
"Stanton","0","2","Nebraska","4/28/20","2","0","31167","0"
"Thurston","0","3","Nebraska","4/28/20","0","3","31173","1"
"Valley","0","1","Nebraska","4/28/20","0","1","31175","1"
"Washington","0","22","Nebraska","4/28/20","21","1","31177","4.76"
"Wayne","0","1","Nebraska","4/28/20","1","0","31179","0"
"Webster","0","3","Nebraska","4/28/20","2","1","31181","50"
"York","1","11","Nebraska","4/28/20","7","4","31185","57.14"
"Carson City","2","44","Nevada","4/28/20","28","16","32510","57.14"
"Churchill","0","3","Nevada","4/28/20","3","0","32001","0"
"Clark","99","3793","Nevada","4/28/20","3099","694","32003","22.39"
"Douglas","1","19","Nevada","4/28/20","15","4","32005","26.67"
"Elko","0","15","Nevada","4/28/20","12","3","32007","25"
"Humboldt","0","37","Nevada","4/28/20","34","3","32013","8.82"
"Lander","1","7","Nevada","4/28/20","0","7","32015","1"
"Lyon","1","27","Nevada","4/28/20","18","9","32019","50"
"Mineral","1","4","Nevada","4/28/20","0","4","32021","1"
"Nye","1","35","Nevada","4/28/20","29","6","32023","20.69"
"Washoe","25","834","Nevada","4/28/20","662","172","32031","25.98"
"White Pine","0","3","Nevada","4/28/20","3","0","32033","0"
"Belknap","1","34","New Hampshire","4/28/20","28","6","33001","21.43"
"Carroll","0","31","New Hampshire","4/28/20","30","1","33003","3.33"
"Cheshire","1","40","New Hampshire","4/28/20","30","10","33005","33.33"
"Coos","0","2","New Hampshire","4/28/20","2","0","33007","0"
"Grafton","0","48","New Hampshire","4/28/20","45","3","33009","6.67"
"Hillsborough","39","896","New Hampshire","4/28/20","626","270","33011","43.13"
"Merrimack","6","144","New Hampshire","4/28/20","101","43","33013","42.57"
"Rockingham","24","664","New Hampshire","4/28/20","493","171","33015","34.69"
"Strafford","3","133","New Hampshire","4/28/20","111","22","33017","19.82"
"Sullivan","0","11","New Hampshire","4/28/20","10","1","33019","10"
"Atlantic","57","868","New Jersey","4/28/20","469","399","34001","85.07"
"Bergen","271","15251","New Jersey","4/28/20","13356","1895","34003","14.19"
"Burlington","111","2543","New Jersey","4/28/20","1765","778","34005","44.08"
"Camden","129","3285","New Jersey","4/28/20","2379","906","34007","38.08"
"Cape May","12","299","New Jersey","4/28/20","217","82","34009","37.79"
"Cumberland","43","659","New Jersey","4/28/20","360","299","34011","83.06"
"Essex","295","13190","New Jersey","4/28/20","11128","2062","34013","18.53"
"Gloucester","53","1179","New Jersey","4/28/20","808","371","34015","45.92"
"Hudson","441","14309","New Jersey","4/28/20","11221","3088","34017","27.52"
"Hunterdon","21","573","New Jersey","4/28/20","423","150","34019","35.46"
"Mercer","145","3605","New Jersey","4/28/20","2591","1014","34021","39.14"
"Middlesex","394","11102","New Jersey","4/28/20","8346","2756","34023","33.02"
"Monmouth","148","5826","New Jersey","4/28/20","4787","1039","34025","21.7"
"Morris","127","5128","New Jersey","4/28/20","4236","892","34027","21.06"
"Ocean","183","6151","New Jersey","4/28/20","4868","1283","34029","26.36"
"Passaic","468","11755","New Jersey","4/28/20","8479","3276","34031","38.64"
"Salem","14","219","New Jersey","4/28/20","120","99","34033","82.5"
"Somerset","113","3278","New Jersey","4/28/20","2488","790","34035","31.75"
"Sussex","28","882","New Jersey","4/28/20","688","194","34037","28.2"
"Union","317","12188","New Jersey","4/28/20","9972","2216","34039","22.22"
"Warren","34","848","New Jersey","4/28/20","613","235","34041","38.34"
"Bernalillo","25","738","New Mexico","4/28/20","566","172","35001","30.39"
"Catron","0","1","New Mexico","4/28/20","1","0","35003","0"
"Chaves","0","22","New Mexico","4/28/20","21","1","35005","4.76"
"Cibola","2","46","New Mexico","4/28/20","33","13","35006","39.39"
"Colfax","0","5","New Mexico","4/28/20","5","0","35007","0"
"Curry","0","13","New Mexico","4/28/20","10","3","35009","30"
"Dona Ana","8","129","New Mexico","4/28/20","73","56","35013","76.71"
"Eddy","0","12","New Mexico","4/28/20","10","2","35015","20"
"Grant","0","14","New Mexico","4/28/20","14","0","35017","0"
"Guadalupe","2","13","New Mexico","4/28/20","1","12","35019","1200"
"Harding","0","1","New Mexico","4/28/20","0","1","35021","1"
"Lea","1","10","New Mexico","4/28/20","2","8","35025","400"
"Lincoln","0","2","New Mexico","4/28/20","1","1","35027","100"
"Los Alamos","0","6","New Mexico","4/28/20","6","0","35028","0"
"Luna","0","3","New Mexico","4/28/20","3","0","35029","0"
"McKinley","58","820","New Mexico","4/28/20","416","404","35031","97.12"
"Otero","0","4","New Mexico","4/28/20","3","1","35035","33.33"
"Quay","0","4","New Mexico","4/28/20","3","1","35037","33.33"
"Rio Arriba","0","14","New Mexico","4/28/20","11","3","35039","27.27"
"Roosevelt","1","8","New Mexico","4/28/20","1","7","35041","700"
"San Juan","31","508","New Mexico","4/28/20","293","215","35045","73.38"
"San Miguel","0","2","New Mexico","4/28/20","2","0","35047","0"
"Sandoval","9","383","New Mexico","4/28/20","317","66","35043","20.82"
"Santa Fe","2","98","New Mexico","4/28/20","86","12","35049","13.95"
"Socorro","1","41","New Mexico","4/28/20","31","10","35053","32.26"
"Taos","0","17","New Mexico","4/28/20","16","1","35055","6.25"
"Torrance","0","15","New Mexico","4/28/20","13","2","35057","15.38"
"Union","0","3","New Mexico","4/28/20","0","3","35059","1"
"Valencia","1","42","New Mexico","4/28/20","33","9","35061","27.27"
"Albany","44","1009","New York","4/28/20","704","305","36001","43.32"
"Allegany","1","35","New York","4/28/20","30","5","36003","16.67"
"Broome","9","266","New York","4/28/20","205","61","36007","29.76"
"Cattaraugus","1","45","New York","4/28/20","35","10","36009","28.57"
"Cayuga","2","48","New York","4/28/20","36","12","36011","33.33"
"Chautauqua","1","30","New York","4/28/20","25","5","36013","20"
"Chemung","5","113","New York","4/28/20","75","38","36015","50.67"
"Chenango","2","95","New York","4/28/20","79","16","36017","20.25"
"Clinton","0","59","New York","4/28/20","56","3","36019","5.36"
"Columbia","5","154","New York","4/28/20","120","34","36021","28.33"
"Cortland","0","28","New York","4/28/20","25","3","36023","12"
"Delaware","0","59","New York","4/28/20","62","-3","36025","-4.84"
"Dutchess","69","2817","New York","4/28/20","2331","486","36027","20.85"
"Erie","115","3089","New York","4/28/20","2284","805","36029","35.25"
"Essex","1","26","New York","4/28/20","21","5","36031","23.81"
"Franklin","0","14","New York","4/28/20","13","1","36033","7.69"
"Fulton","6","66","New York","4/28/20","27","39","36035","144.44"
"Genesee","4","149","New York","4/28/20","121","28","36037","23.14"
"Greene","4","112","New York","4/28/20","87","25","36039","28.74"
"Hamilton","0","3","New York","4/28/20","3","0","36041","0"
"Herkimer","1","58","New York","4/28/20","50","8","36043","16"
"Jefferson","1","60","New York","4/28/20","54","6","36045","11.11"
"Lewis","0","9","New York","4/28/20","9","0","36049","0"
"Livingston","4","65","New York","4/28/20","39","26","36051","66.67"
"Madison","1","126","New York","4/28/20","117","9","36053","7.69"
"Monroe","43","1371","New York","4/28/20","1070","301","36055","28.13"
"Montgomery","2","49","New York","4/28/20","37","12","36057","32.43"
"Nassau","572","35085","New York","4/28/20","31079","4006","36059","12.89"
"New York","3284","162338","New York","4/28/20","139348","22990","36061","16.5"
"Niagara","18","386","New York","4/28/20","260","126","36063","48.46"
"Oneida","18","411","New York","4/28/20","284","127","36065","44.72"
"Onondaga","14","742","New York","4/28/20","646","96","36067","14.86"
"Ontario","3","90","New York","4/28/20","72","18","36069","25"
"Orange","192","8374","New York","4/28/20","7029","1345","36071","19.14"
"Orleans","4","80","New York","4/28/20","53","27","36073","50.94"
"Oswego","2","63","New York","4/28/20","52","11","36075","21.15"
"Otsego","2","65","New York","4/28/20","49","16","36077","32.65"
"Putnam","18","932","New York","4/28/20","807","125","36079","15.49"
"Rensselaer","9","250","New York","4/28/20","186","64","36083","34.41"
"Rockland","269","11453","New York","4/28/20","9568","1885","36087","19.7"
"Saratoga","10","343","New York","4/28/20","272","71","36091","26.1"
"Schenectady","19","469","New York","4/28/20","336","133","36093","39.58"
"Schoharie","3","38","New York","4/28/20","20","18","36095","90"
"Schuyler","0","7","New York","4/28/20","8","-1","36097","-12.5"
"Seneca","3","38","New York","4/28/20","18","20","36099","111.11"
"St. Lawrence","7","170","New York","4/28/20","120","50","36089","41.67"
"Steuben","2","210","New York","4/28/20","195","15","36101","7.69"
"Suffolk","575","32724","New York","4/28/20","28701","4023","36103","14.02"
"Sullivan","25","769","New York","4/28/20","592","177","36105","29.9"
"Tioga","6","82","New York","4/28/20","37","45","36107","121.62"
"Tompkins","0","126","New York","4/28/20","123","3","36109","2.44"
"Ulster","30","1230","New York","4/28/20","1018","212","36111","20.83"
"Warren","7","150","New York","4/28/20","102","48","36113","47.06"
"Washington","9","131","New York","4/28/20","68","63","36115","92.65"
"Wayne","3","70","New York","4/28/20","51","19","36117","37.25"
"Westchester","513","28245","New York","4/28/20","24656","3589","36119","14.56"
"Wyoming","3","63","New York","4/28/20","44","19","36121","43.18"
"Yates","1","17","New York","4/28/20","10","7","36123","70"
"Alamance","5","94","North Carolina","4/28/20","58","36","37001","62.07"
"Alexander","0","4","North Carolina","4/28/20","4","0","37003","0"
"Alleghany","0","2","North Carolina","4/28/20","2","0","37005","0"
"Anson","1","23","North Carolina","4/28/20","19","4","37007","21.05"
"Ashe","0","4","North Carolina","4/28/20","4","0","37009","0"
"Beaufort","1","20","North Carolina","4/28/20","15","5","37013","33.33"
"Bertie","2","38","North Carolina","4/28/20","25","13","37015","52"
"Bladen","1","13","North Carolina","4/28/20","4","9","37017","225"
"Brunswick","1","43","North Carolina","4/28/20","38","5","37019","13.16"
"Buncombe","1","55","North Carolina","4/28/20","48","7","37021","14.58"
"Burke","2","89","North Carolina","4/28/20","75","14","37023","18.67"
"Cabarrus","7","275","North Carolina","4/28/20","223","52","37025","23.32"
"Caldwell","1","33","North Carolina","4/28/20","23","10","37027","43.48"
"Camden","0","1","North Carolina","4/28/20","0","1","37029","1"
"Carteret","1","28","North Carolina","4/28/20","24","4","37031","16.67"
"Caswell","1","18","North Carolina","4/28/20","8","10","37033","125"
"Catawba","1","53","North Carolina","4/28/20","46","7","37035","15.22"
"Chatham","20","274","North Carolina","4/28/20","131","143","37037","109.16"
"Cherokee","0","16","North Carolina","4/28/20","18","-2","37039","-11.11"
"Chowan","0","7","North Carolina","4/28/20","6","1","37041","16.67"
"Clay","0","6","North Carolina","4/28/20","6","0","37043","0"
"Cleveland","0","47","North Carolina","4/28/20","44","3","37045","6.82"
"Columbus","6","103","North Carolina","4/28/20","61","42","37047","68.85"
"Craven","0","39","North Carolina","4/28/20","36","3","37049","8.33"
"Cumberland","14","224","North Carolina","4/28/20","127","97","37051","76.38"
"Currituck","0","2","North Carolina","4/28/20","3","-1","37053","-33.33"
"Dare","0","15","North Carolina","4/28/20","15","0","37055","0"
"Davidson","10","166","North Carolina","4/28/20","96","70","37057","72.92"
"Davie","1","29","North Carolina","4/28/20","24","5","37059","20.83"
"Duplin","6","74","North Carolina","4/28/20","32","42","37061","131.25"
"Durham","39","712","North Carolina","4/28/20","439","273","37063","62.19"
"Edgecombe","3","78","North Carolina","4/28/20","58","20","37065","34.48"
"Forsyth","7","183","North Carolina","4/28/20","131","52","37067","39.69"
"Franklin","4","102","North Carolina","4/28/20","74","28","37069","37.84"
"Gaston","3","139","North Carolina","4/28/20","120","19","37071","15.83"
"Gates","0","7","North Carolina","4/28/20","4","3","37073","75"
"Graham","0","1","North Carolina","4/28/20","0","1","37075","1"
"Granville","3","133","North Carolina","4/28/20","114","19","37077","16.67"
"Greene","0","15","North Carolina","4/28/20","14","1","37079","7.14"
"Guilford","21","345","North Carolina","4/28/20","201","144","37081","71.64"
"Halifax","2","52","North Carolina","4/28/20","36","16","37083","44.44"
"Harnett","12","145","North Carolina","4/28/20","62","83","37085","133.87"
"Haywood","0","6","North Carolina","4/28/20","5","1","37087","20"
"Henderson","4","159","North Carolina","4/28/20","129","30","37089","23.26"
"Hertford","3","32","North Carolina","4/28/20","10","22","37091","220"
"Hoke","6","67","North Carolina","4/28/20","25","42","37093","168"
"Hyde","0","1","North Carolina","4/28/20","0","1","37095","1"
"Iredell","2","104","North Carolina","4/28/20","88","16","37097","18.18"
"Jackson","1","10","North Carolina","4/28/20","5","5","37099","100"
"Johnston","3","145","North Carolina","4/28/20","123","22","37101","17.89"
"Jones","0","12","North Carolina","4/28/20","9","3","37103","33.33"
"Lee","12","127","North Carolina","4/28/20","45","82","37105","182.22"
"Lenoir","4","56","North Carolina","4/28/20","27","29","37107","107.41"
"Lincoln","0","25","North Carolina","4/28/20","22","3","37109","13.64"
"Macon","0","2","North Carolina","4/28/20","2","0","37113","0"
"Madison","0","1","North Carolina","4/28/20","0","1","37115","1"
"Martin","1","16","North Carolina","4/28/20","11","5","37117","45.45"
"McDowell","0","24","North Carolina","4/28/20","21","3","37111","14.29"
"Mecklenburg","38","1519","North Carolina","4/28/20","1255","264","37119","21.04"
"Mitchell","0","5","North Carolina","4/28/20","7","-2","37121","-28.57"
"Montgomery","2","32","North Carolina","4/28/20","18","14","37123","77.78"
"Moore","3","116","North Carolina","4/28/20","95","21","37125","22.11"
"Nash","2","84","North Carolina","4/28/20","67","17","37127","25.37"
"New Hanover","1","79","North Carolina","4/28/20","69","10","37129","14.49"
"Northampton","1","82","North Carolina","4/28/20","74","8","37131","10.81"
"Onslow","1","43","North Carolina","4/28/20","38","5","37133","13.16"
"Orange","3","209","North Carolina","4/28/20","189","20","37135","10.58"
"Pamlico","0","7","North Carolina","4/28/20","6","1","37137","16.67"
"Pasquotank","0","35","North Carolina","4/28/20","32","3","37139","9.38"
"Pender","0","11","North Carolina","4/28/20","9","2","37141","22.22"
"Perquimans","1","12","North Carolina","4/28/20","8","4","37143","50"
"Person","0","19","North Carolina","4/28/20","18","1","37145","5.56"
"Pitt","3","116","North Carolina","4/28/20","96","20","37147","20.83"
"Polk","1","17","North Carolina","4/28/20","10","7","37149","70"
"Randolph","11","154","North Carolina","4/28/20","78","76","37151","97.44"
"Richmond","3","42","North Carolina","4/28/20","20","22","37153","110"
"Robeson","10","106","North Carolina","4/28/20","34","72","37155","211.76"
"Rockingham","1","24","North Carolina","4/28/20","20","4","37157","20"
"Rowan","14","353","North Carolina","4/28/20","256","97","37159","37.89"
"Rutherford","5","121","North Carolina","4/28/20","84","37","37161","44.05"
"Sampson","3","44","North Carolina","4/28/20","22","22","37163","100"
"Scotland","2","24","North Carolina","4/28/20","13","11","37165","84.62"
"Stanly","1","29","North Carolina","4/28/20","21","8","37167","38.1"
"Stokes","0","11","North Carolina","4/28/20","10","1","37169","10"
"Surry","-1","12","North Carolina","4/28/20","17","-5","37171","-29.41"
"Transylvania","0","7","North Carolina","4/28/20","8","-1","37175","-12.5"
"Tyrrell","0","4","North Carolina","4/28/20","4","0","37177","0"
"Union","6","211","North Carolina","4/28/20","171","40","37179","23.39"
"Vance","7","80","North Carolina","4/28/20","34","46","37181","135.29"
"Wake","24","782","North Carolina","4/28/20","613","169","37183","27.57"
"Warren","0","6","North Carolina","4/28/20","3","3","37185","100"
"Washington","0","24","North Carolina","4/28/20","22","2","37187","9.09"
"Watauga","0","8","North Carolina","4/28/20","8","0","37189","0"
"Wayne","9","641","North Carolina","4/28/20","581","60","37191","10.33"
"Wilkes","2","22","North Carolina","4/28/20","5","17","37193","340"
"Wilson","5","155","North Carolina","4/28/20","118","37","37195","31.36"
"Yadkin","1","15","North Carolina","4/28/20","11","4","37197","36.36"
"Barnes","0","4","North Dakota","4/28/20","3","1","38003","33.33"
"Bowman","0","1","North Dakota","4/28/20","1","0","38011","0"
"Burke","0","3","North Dakota","4/28/20","2","1","38013","50"
"Burleigh","2","74","North Dakota","4/28/20","63","11","38015","17.46"
"Cass","31","472","North Dakota","4/28/20","255","217","38017","85.1"
"Divide","0","1","North Dakota","4/28/20","1","0","38023","0"
"Dunn","0","10","North Dakota","4/28/20","10","0","38025","0"
"Eddy","0","1","North Dakota","4/28/20","1","0","38027","0"
"Emmons","0","1","North Dakota","4/28/20","1","0","38029","0"
"Foster","0","1","North Dakota","4/28/20","1","0","38031","0"
"Grand Forks","13","234","North Dakota","4/28/20","143","91","38035","63.64"
"Grant","0","1","North Dakota","4/28/20","1","0","38037","0"
"McHenry","0","1","North Dakota","4/28/20","1","0","38049","0"
"McIntosh","0","1","North Dakota","4/28/20","1","0","38051","0"
"McKenzie","0","12","North Dakota","4/28/20","10","2","38053","20"
"McLean","0","3","North Dakota","4/28/20","3","0","38055","0"
"Morton","0","24","North Dakota","4/28/20","23","1","38059","4.35"
"Mountrail","1","35","North Dakota","4/28/20","31","4","38061","12.9"
"Nelson","0","1","North Dakota","4/28/20","1","0","38063","0"
"Oliver","0","1","North Dakota","4/28/20","1","0","38065","0"
"Pembina","0","1","North Dakota","4/28/20","0","1","38067","1"
"Pierce","0","2","North Dakota","4/28/20","2","0","38069","0"
"Ramsey","0","4","North Dakota","4/28/20","3","1","38071","33.33"
"Ransom","0","1","North Dakota","4/28/20","0","1","38073","1"
"Richland","0","7","North Dakota","4/28/20","5","2","38077","40"
"Rolette","0","1","North Dakota","4/28/20","1","0","38079","0"
"Sargent","0","1","North Dakota","4/28/20","1","0","38081","0"
"Sioux","0","1","North Dakota","4/28/20","2","-1","38085","-50"
"Slope","0","3","North Dakota","4/28/20","3","0","38087","0"
"Stark","1","44","North Dakota","4/28/20","39","5","38089","12.82"
"Stutsman","0","5","North Dakota","4/28/20","3","2","38093","66.67"
"Walsh","1","7","North Dakota","4/28/20","3","4","38099","133.33"
"Ward","0","21","North Dakota","4/28/20","20","1","38101","5"
"Wells","0","2","North Dakota","4/28/20","0","2","38103","1"
"Williams","0","10","North Dakota","4/28/20","9","1","38105","11.11"
"","0","14","Northern Mariana Islands","4/28/20","14","0",,"0"
"Adams","0","4","Ohio","4/28/20","3","1","39001","33.33"
"Allen","2","103","Ohio","4/28/20","88","15","39003","17.05"
"Ashland","0","6","Ohio","4/28/20","5","1","39005","20"
"Ashtabula","6","113","Ohio","4/28/20","70","43","39007","61.43"
"Athens","0","3","Ohio","4/28/20","3","0","39009","0"
"Auglaize","1","32","Ohio","4/28/20","23","9","39011","39.13"
"Belmont","5","118","Ohio","4/28/20","84","34","39013","40.48"
"Brown","0","11","Ohio","4/28/20","9","2","39015","22.22"
"Butler","10","254","Ohio","4/28/20","184","70","39017","38.04"
"Carroll","0","19","Ohio","4/28/20","16","3","39019","18.75"
"Champaign","1","14","Ohio","4/28/20","7","7","39021","100"
"Clark","3","48","Ohio","4/28/20","28","20","39023","71.43"
"Clermont","1","78","Ohio","4/28/20","74","4","39025","5.41"
"Clinton","0","28","Ohio","4/28/20","26","2","39027","7.69"
"Columbiana","7","235","Ohio","4/28/20","185","50","39029","27.03"
"Coshocton","0","17","Ohio","4/28/20","16","1","39031","6.25"
"Crawford","1","41","Ohio","4/28/20","37","4","39033","10.81"
"Cuyahoga","47","1984","Ohio","4/28/20","1653","331","39035","20.02"
"Darke","2","75","Ohio","4/28/20","58","17","39037","29.31"
"Defiance","1","20","Ohio","4/28/20","15","5","39039","33.33"
"Delaware","3","151","Ohio","4/28/20","127","24","39041","18.9"
"Erie","2","52","Ohio","4/28/20","37","15","39043","40.54"
"Fairfield","3","121","Ohio","4/28/20","101","20","39045","19.8"
"Fayette","0","15","Ohio","4/28/20","13","2","39047","15.38"
"Franklin","76","2090","Ohio","4/28/20","1557","533","39049","34.23"
"Fulton","1","20","Ohio","4/28/20","16","4","39051","25"
"Gallia","0","6","Ohio","4/28/20","6","0","39053","0"
"Geauga","5","148","Ohio","4/28/20","113","35","39055","30.97"
"Greene","1","45","Ohio","4/28/20","39","6","39057","15.38"
"Guernsey","0","15","Ohio","4/28/20","12","3","39059","25"
"Hamilton","46","1091","Ohio","4/28/20","768","323","39061","42.06"
"Hancock","1","37","Ohio","4/28/20","29","8","39063","27.59"
"Hardin","1","24","Ohio","4/28/20","20","4","39065","20"
"Harrison","0","4","Ohio","4/28/20","2","2","39067","100"
"Henry","0","5","Ohio","4/28/20","4","1","39069","25"
"Highland","0","10","Ohio","4/28/20","7","3","39071","42.86"
"Hocking","2","16","Ohio","4/28/20","5","11","39073","220"
"Holmes","0","5","Ohio","4/28/20","4","1","39075","25"
"Huron","1","30","Ohio","4/28/20","23","7","39077","30.43"
"Jackson","0","4","Ohio","4/28/20","4","0","39079","0"
"Jefferson","2","42","Ohio","4/28/20","31","11","39081","35.48"
"Knox","0","15","Ohio","4/28/20","13","2","39083","15.38"
"Lake","3","160","Ohio","4/28/20","139","21","39085","15.11"
"Lawrence","0","24","Ohio","4/28/20","23","1","39087","4.35"
"Licking","2","114","Ohio","4/28/20","102","12","39089","11.76"
"Logan","1","18","Ohio","4/28/20","13","5","39091","38.46"
"Lorain","12","406","Ohio","4/28/20","320","86","39093","26.88"
"Lucas","45","1166","Ohio","4/28/20","853","313","39095","36.69"
"Madison","4","56","Ohio","4/28/20","30","26","39097","86.67"
"Mahoning","23","784","Ohio","4/28/20","621","163","39099","26.25"
"Marion","8","2191","Ohio","4/28/20","2132","59","39101","2.77"
"Medina","3","162","Ohio","4/28/20","142","20","39103","14.08"
"Meigs","0","2","Ohio","4/28/20","2","0","39105","0"
"Mercer","1","18","Ohio","4/28/20","13","5","39107","38.46"
"Miami","0","136","Ohio","4/28/20","133","3","39109","2.26"
"Monroe","0","2","Ohio","4/28/20","2","0","39111","0"
"Montgomery","4","266","Ohio","4/28/20","237","29","39113","12.24"
"Morgan","0","4","Ohio","4/28/20","3","1","39115","33.33"
"Morrow","2","36","Ohio","4/28/20","24","12","39117","50"
"Muskingum","0","10","Ohio","4/28/20","9","1","39119","11.11"
"Noble","0","5","Ohio","4/28/20","3","2","39121","66.67"
"Ottawa","1","38","Ohio","4/28/20","32","6","39123","18.75"
"Paulding","0","8","Ohio","4/28/20","5","3","39125","60"
"Perry","0","13","Ohio","4/28/20","10","3","39127","30"
"Pickaway","10","1706","Ohio","4/28/20","1635","71","39129","4.34"
"Pike","0","3","Ohio","4/28/20","2","1","39131","50"
"Portage","6","226","Ohio","4/28/20","186","40","39133","21.51"
"Preble","0","25","Ohio","4/28/20","25","0","39135","0"
"Putnam","6","63","Ohio","4/28/20","22","41","39137","186.36"
"Richland","2","80","Ohio","4/28/20","66","14","39139","21.21"
"Ross","1","36","Ohio","4/28/20","30","6","39141","20"
"Sandusky","0","19","Ohio","4/28/20","17","2","39143","11.76"
"Scioto","0","6","Ohio","4/28/20","6","0","39145","0"
"Seneca","0","14","Ohio","4/28/20","11","3","39147","27.27"
"Shelby","0","30","Ohio","4/28/20","28","2","39149","7.14"
"Stark","10","324","Ohio","4/28/20","251","73","39151","29.08"
"Summit","22","542","Ohio","4/28/20","385","157","39153","40.78"
"Trumbull","6","299","Ohio","4/28/20","257","42","39155","16.34"
"Tuscarawas","4","59","Ohio","4/28/20","34","25","39157","73.53"
"Union","0","18","Ohio","4/28/20","16","2","39159","12.5"
"Van Wert","0","3","Ohio","4/28/20","3","0","39161","0"
"Vinton","0","3","Ohio","4/28/20","0","3","39163","1"
"Warren","2","131","Ohio","4/28/20","117","14","39165","11.97"
"Washington","4","95","Ohio","4/28/20","69","26","39167","37.68"
"Wayne","5","119","Ohio","4/28/20","82","37","39169","45.12"
"Williams","3","31","Ohio","4/28/20","8","23","39171","287.5"
"Wood","8","145","Ohio","4/28/20","92","53","39173","57.61"
"Wyandot","1","24","Ohio","4/28/20","20","4","39175","20"
"Adair","2","64","Oklahoma","4/28/20","47","17","40001","36.17"
"Alfalfa","0","1","Oklahoma","4/28/20","1","0","40003","0"
"Atoka","0","1","Oklahoma","4/28/20","1","0","40005","0"
"Beaver","1","5","Oklahoma","4/28/20","1","4","40007","400"
"Beckham","0","5","Oklahoma","4/28/20","2","3","40009","150"
"Bryan","0","8","Oklahoma","4/28/20","6","2","40013","33.33"
"Caddo","1","61","Oklahoma","4/28/20","52","9","40015","17.31"
"Canadian","3","96","Oklahoma","4/28/20","76","20","40017","26.32"
"Carter","0","2","Oklahoma","4/28/20","1","1","40019","100"
"Cherokee","0","26","Oklahoma","4/28/20","24","2","40021","8.33"
"Choctaw","0","3","Oklahoma","4/28/20","3","0","40023","0"
"Cimarron","0","1","Oklahoma","4/28/20","1","0","40025","0"
"Cleveland","9","410","Oklahoma","4/28/20","345","65","40027","18.84"
"Comanche","1","79","Oklahoma","4/28/20","72","7","40031","9.72"
"Cotton","0","5","Oklahoma","4/28/20","5","0","40033","0"
"Craig","0","10","Oklahoma","4/28/20","8","2","40035","25"
"Creek","1","76","Oklahoma","4/28/20","69","7","40037","10.14"
"Custer","0","10","Oklahoma","4/28/20","10","0","40039","0"
"Delaware","0","90","Oklahoma","4/28/20","87","3","40041","3.45"
"Dewey","0","2","Oklahoma","4/28/20","2","0","40043","0"
"Garfield","1","15","Oklahoma","4/28/20","11","4","40047","36.36"
"Garvin","0","13","Oklahoma","4/28/20","12","1","40049","8.33"
"Grady","2","35","Oklahoma","4/28/20","23","12","40051","52.17"
"Grant","0","2","Oklahoma","4/28/20","2","0","40053","0"
"Greer","1","64","Oklahoma","4/28/20","57","7","40055","12.28"
"Harper","0","1","Oklahoma","4/28/20","1","0","40059","0"
"Haskell","0","5","Oklahoma","4/28/20","3","2","40061","66.67"
"Jackson","1","15","Oklahoma","4/28/20","8","7","40065","87.5"
"Jefferson","0","2","Oklahoma","4/28/20","2","0","40067","0"
"Johnston","0","3","Oklahoma","4/28/20","3","0","40069","0"
"Kay","0","47","Oklahoma","4/28/20","46","1","40071","2.17"
"Kingfisher","0","8","Oklahoma","4/28/20","6","2","40073","33.33"
"Kiowa","0","4","Oklahoma","4/28/20","3","1","40075","33.33"
"Latimer","0","5","Oklahoma","4/28/20","4","1","40077","25"
"Le Flore","0","10","Oklahoma","4/28/20","7","3","40079","42.86"
"Lincoln","0","11","Oklahoma","4/28/20","10","1","40081","10"
"Logan","0","13","Oklahoma","4/28/20","10","3","40083","30"
"Love","0","2","Oklahoma","4/28/20","2","0","40085","0"
"Major","0","3","Oklahoma","4/28/20","2","1","40093","50"
"Marshall","0","2","Oklahoma","4/28/20","2","0","40095","0"
"Mayes","0","21","Oklahoma","4/28/20","19","2","40097","10.53"
"McClain","2","35","Oklahoma","4/28/20","23","12","40087","52.17"
"McCurtain","0","8","Oklahoma","4/28/20","8","0","40089","0"
"McIntosh","0","2","Oklahoma","4/28/20","2","0","40091","0"
"Murray","0","1","Oklahoma","4/28/20","1","0","40099","0"
"Muskogee","0","26","Oklahoma","4/28/20","26","0","40101","0"
"Noble","0","6","Oklahoma","4/28/20","6","0","40103","0"
"Nowata","1","20","Oklahoma","4/28/20","13","7","40105","53.85"
"Okfuskee","0","1","Oklahoma","4/28/20","1","0","40107","0"
"Oklahoma","20","729","Oklahoma","4/28/20","590","139","40109","23.56"
"Okmulgee","0","16","Oklahoma","4/28/20","15","1","40111","6.67"
"Osage","1","72","Oklahoma","4/28/20","65","7","40113","10.77"
"Ottawa","1","32","Oklahoma","4/28/20","27","5","40115","18.52"
"Pawnee","0","29","Oklahoma","4/28/20","28","1","40117","3.57"
"Payne","1","44","Oklahoma","4/28/20","39","5","40119","12.82"
"Pittsburg","1","27","Oklahoma","4/28/20","20","7","40121","35"
"Pontotoc","0","10","Oklahoma","4/28/20","10","0","40123","0"
"Pottawatomie","1","43","Oklahoma","4/28/20","36","7","40125","19.44"
"Pushmataha","0","1","Oklahoma","4/28/20","0","1","40127","1"
"Rogers","1","50","Oklahoma","4/28/20","40","10","40131","25"
"Seminole","0","10","Oklahoma","4/28/20","9","1","40133","11.11"
"Sequoyah","0","12","Oklahoma","4/28/20","10","2","40135","20"
"Stephens","0","22","Oklahoma","4/28/20","19","3","40137","15.79"
"Texas","11","107","Oklahoma","4/28/20","32","75","40139","234.38"
"Tillman","0","1","Oklahoma","4/28/20","1","0","40141","0"
"Tulsa","11","506","Oklahoma","4/28/20","432","74","40143","17.13"
"Wagoner","1","116","Oklahoma","4/28/20","112","4","40145","3.57"
"Washington","7","244","Oklahoma","4/28/20","192","52","40147","27.08"
"Woods","0","3","Oklahoma","4/28/20","3","0","40151","0"
"Woodward","0","1","Oklahoma","4/28/20","1","0","40153","0"
"Benton","0","29","Oregon","4/28/20","28","1","41003","3.57"
"Clackamas","5","205","Oregon","4/28/20","173","32","41005","18.5"
"Clatsop","0","6","Oregon","4/28/20","6","0","41007","0"
"Columbia","0","14","Oregon","4/28/20","14","0","41009","0"
"Coos","2","15","Oregon","4/28/20","2","13","41011","650"
"Crook","0","1","Oregon","4/28/20","1","0","41013","0"
"Curry","0","4","Oregon","4/28/20","4","0","41015","0"
"Deschutes","2","75","Oregon","4/28/20","64","11","41017","17.19"
"Douglas","0","23","Oregon","4/28/20","23","0","41019","0"
"Grant","0","1","Oregon","4/28/20","1","0","41023","0"
"Harney","0","1","Oregon","4/28/20","0","1","41025","1"
"Hood River","0","5","Oregon","4/28/20","4","1","41027","25"
"Jackson","0","49","Oregon","4/28/20","48","1","41029","2.08"
"Jefferson","1","6","Oregon","4/28/20","1","5","41031","500"
"Josephine","0","20","Oregon","4/28/20","19","1","41033","5.26"
"Klamath","1","37","Oregon","4/28/20","33","4","41035","12.12"
"Lane","0","50","Oregon","4/28/20","48","2","41039","4.17"
"Lincoln","0","5","Oregon","4/28/20","5","0","41041","0"
"Linn","3","81","Oregon","4/28/20","62","19","41043","30.65"
"Malheur","0","7","Oregon","4/28/20","5","2","41045","40"
"Marion","11","456","Oregon","4/28/20","381","75","41047","19.69"
"Morrow","0","6","Oregon","4/28/20","5","1","41049","20"
"Multnomah","19","677","Oregon","4/28/20","542","135","41051","24.91"
"Polk","1","38","Oregon","4/28/20","33","5","41053","15.15"
"Sherman","0","1","Oregon","4/28/20","1","0","41055","0"
"Tillamook","0","6","Oregon","4/28/20","6","0","41057","0"
"Umatilla","1","37","Oregon","4/28/20","29","8","41059","27.59"
"Union","0","4","Oregon","4/28/20","4","0","41061","0"
"Wallowa","0","1","Oregon","4/28/20","1","0","41063","0"
"Wasco","0","13","Oregon","4/28/20","11","2","41065","18.18"
"Washington","8","474","Oregon","4/28/20","415","59","41067","14.22"
"Yamhill","0","38","Oregon","4/28/20","35","3","41071","8.57"
"Adams","5","124","Pennsylvania","4/28/20","91","33","42001","36.26"
"Allegheny","25","1235","Pennsylvania","4/28/20","1059","176","42003","16.62"
"Armstrong","2","50","Pennsylvania","4/28/20","38","12","42005","31.58"
"Beaver","12","388","Pennsylvania","4/28/20","303","85","42007","28.05"
"Bedford","1","22","Pennsylvania","4/28/20","16","6","42009","37.5"
"Berks","88","2605","Pennsylvania","4/28/20","1988","617","42011","31.04"
"Blair","1","21","Pennsylvania","4/28/20","14","7","42013","50"
"Bradford","0","28","Pennsylvania","4/28/20","31","-3","42015","-9.68"
"Bucks","100","2675","Pennsylvania","4/28/20","1977","698","42017","35.31"
"Butler","2","174","Pennsylvania","4/28/20","162","12","42019","7.41"
"Cambria","0","22","Pennsylvania","4/28/20","20","2","42021","10"
"Cameron","0","1","Pennsylvania","4/28/20","1","0","42023","0"
"Carbon","3","169","Pennsylvania","4/28/20","150","19","42025","12.67"
"Centre","2","93","Pennsylvania","4/28/20","77","16","42027","20.78"
"Chester","45","1256","Pennsylvania","4/28/20","943","313","42029","33.19"
"Clarion","1","23","Pennsylvania","4/28/20","18","5","42031","27.78"
"Clearfield","0","11","Pennsylvania","4/28/20","11","0","42033","0"
"Clinton","3","29","Pennsylvania","4/28/20","11","18","42035","163.64"
"Columbia","8","279","Pennsylvania","4/28/20","225","54","42037","24"
"Crawford","0","19","Pennsylvania","4/28/20","17","2","42039","11.76"
"Cumberland","15","296","Pennsylvania","4/28/20","194","102","42041","52.58"
"Dauphin","22","553","Pennsylvania","4/28/20","400","153","42043","38.25"
"Delaware","116","3463","Pennsylvania","4/28/20","2654","809","42045","30.48"
"Elk","0","3","Pennsylvania","4/28/20","2","1","42047","50"
"Erie","4","86","Pennsylvania","4/28/20","60","26","42049","43.33"
"Fayette","1","79","Pennsylvania","4/28/20","69","10","42051","14.49"
"Forest","0","7","Pennsylvania","4/28/20","7","0","42053","0"
"Franklin","13","237","Pennsylvania","4/28/20","143","94","42055","65.73"
"Fulton","0","3","Pennsylvania","4/28/20","2","1","42057","50"
"Greene","0","26","Pennsylvania","4/28/20","25","1","42059","4"
"Huntingdon","2","26","Pennsylvania","4/28/20","13","13","42061","100"
"Indiana","1","62","Pennsylvania","4/28/20","55","7","42063","12.73"
"Jefferson","0","4","Pennsylvania","4/28/20","3","1","42065","33.33"
"Juniata","1","81","Pennsylvania","4/28/20","72","9","42067","12.5"
"Lackawanna","27","854","Pennsylvania","4/28/20","666","188","42069","28.23"
"Lancaster","55","1678","Pennsylvania","4/28/20","1295","383","42071","29.58"
"Lawrence","0","63","Pennsylvania","4/28/20","60","3","42073","5"
"Lebanon","16","635","Pennsylvania","4/28/20","525","110","42075","20.95"
"Lehigh","56","2685","Pennsylvania","4/28/20","2295","390","42077","16.99"
"Luzerne","40","2078","Pennsylvania","4/28/20","1800","278","42079","15.44"
"Lycoming","2","58","Pennsylvania","4/28/20","42","16","42081","38.1"
"McKean","0","5","Pennsylvania","4/28/20","5","0","42083","0"
"Mercer","1","66","Pennsylvania","4/28/20","59","7","42085","11.86"
"Mifflin","2","34","Pennsylvania","4/28/20","21","13","42087","61.9"
"Monroe","15","1097","Pennsylvania","4/28/20","995","102","42089","10.25"
"Montgomery","127","4043","Pennsylvania","4/28/20","3154","889","42091","28.19"
"Montour","0","47","Pennsylvania","4/28/20","47","0","42093","0"
"Northampton","61","1970","Pennsylvania","4/28/20","1544","426","42095","27.59"
"Northumberland","2","92","Pennsylvania","4/28/20","77","15","42097","19.48"
"Perry","1","27","Pennsylvania","4/28/20","20","7","42099","35"
"Philadelphia","488","13445","Pennsylvania","4/28/20","10028","3417","42101","34.07"
"Pike","7","362","Pennsylvania","4/28/20","314","48","42103","15.29"
"Potter","0","4","Pennsylvania","4/28/20","4","0","42105","0"
"Schuylkill","8","330","Pennsylvania","4/28/20","277","53","42107","19.13"
"Snyder","0","33","Pennsylvania","4/28/20","30","3","42109","10"
"Somerset","1","26","Pennsylvania","4/28/20","19","7","42111","36.84"
"Sullivan","0","1","Pennsylvania","4/28/20","1","0","42113","0"
"Susquehanna","2","82","Pennsylvania","4/28/20","71","11","42115","15.49"
"Tioga","0","14","Pennsylvania","4/28/20","15","-1","42117","-6.67"
"Union","1","33","Pennsylvania","4/28/20","29","4","42119","13.79"
"Venango","0","7","Pennsylvania","4/28/20","6","1","42121","16.67"
"Warren","0","1","Pennsylvania","4/28/20","2","-1","42123","-50"
"Washington","3","109","Pennsylvania","4/28/20","86","23","42125","26.74"
"Wayne","1","93","Pennsylvania","4/28/20","86","7","42127","8.14"
"Westmoreland","13","383","Pennsylvania","4/28/20","291","92","42129","31.62"
"Wyoming","0","18","Pennsylvania","4/28/20","17","1","42131","5.88"
"York","14","614","Pennsylvania","4/28/20","517","97","42133","18.76"
"","15","1400","Puerto Rico","4/28/20","1298","102",,"7.86"
"Bristol","7","115","Rhode Island","4/28/20","68","47","44001","69.12"
"Kent","27","574","Rhode Island","4/28/20","386","188","44003","48.7"
"Newport","4","138","Rhode Island","4/28/20","110","28","44005","25.45"
"Providence","256","5520","Rhode Island","4/28/20","3727","1793","44007","48.11"
"Washington","15","313","Rhode Island","4/28/20","209","104","44009","49.76"
"Abbeville","2","29","South Carolina","4/28/20","17","12","45001","70.59"
"Aiken","3","94","South Carolina","4/28/20","70","24","45003","34.29"
"Allendale","1","10","South Carolina","4/28/20","6","4","45005","66.67"
"Anderson","3","152","South Carolina","4/28/20","134","18","45007","13.43"
"Bamberg","0","9","South Carolina","4/28/20","7","2","45009","28.57"
"Barnwell","2","17","South Carolina","4/28/20","6","11","45011","183.33"
"Beaufort","5","259","South Carolina","4/28/20","225","34","45013","15.11"
"Berkeley","5","174","South Carolina","4/28/20","138","36","45015","26.09"
"Calhoun","0","6","South Carolina","4/28/20","6","0","45017","0"
"Charleston","7","438","South Carolina","4/28/20","391","47","45019","12.02"
"Cherokee","0","15","South Carolina","4/28/20","14","1","45021","7.14"
"Chester","0","27","South Carolina","4/28/20","25","2","45023","8"
"Chesterfield","2","47","South Carolina","4/28/20","36","11","45025","30.56"
"Clarendon","11","194","South Carolina","4/28/20","120","74","45027","61.67"
"Colleton","0","26","South Carolina","4/28/20","23","3","45029","13.04"
"Darlington","6","110","South Carolina","4/28/20","69","41","45031","59.42"
"Dillon","3","44","South Carolina","4/28/20","22","22","45033","100"
"Dorchester","1","91","South Carolina","4/28/20","83","8","45035","9.64"
"Edgefield","2","26","South Carolina","4/28/20","12","14","45037","116.67"
"Fairfield","1","33","South Carolina","4/28/20","25","8","45039","32"
"Florence","17","273","South Carolina","4/28/20","153","120","45041","78.43"
"Georgetown","1","40","South Carolina","4/28/20","34","6","45043","17.65"
"Greenville","23","661","South Carolina","4/28/20","498","163","45045","32.73"
"Greenwood","1","46","South Carolina","4/28/20","37","9","45047","24.32"
"Hampton","0","22","South Carolina","4/28/20","21","1","45049","4.76"
"Horry","4","211","South Carolina","4/28/20","185","26","45051","14.05"
"Jasper","1","19","South Carolina","4/28/20","15","4","45053","26.67"
"Kershaw","4","229","South Carolina","4/28/20","201","28","45055","13.93"
"Lancaster","2","90","South Carolina","4/28/20","79","11","45057","13.92"
"Laurens","3","38","South Carolina","4/28/20","20","18","45059","90"
"Lee","2","58","South Carolina","4/28/20","42","16","45061","38.1"
"Lexington","10","347","South Carolina","4/28/20","274","73","45063","26.64"
"Marion","2","32","South Carolina","4/28/20","15","17","45067","113.33"
"Marlboro","2","42","South Carolina","4/28/20","29","13","45069","44.83"
"McCormick","0","6","South Carolina","4/28/20","6","0","45065","0"
"Newberry","0","23","South Carolina","4/28/20","20","3","45071","15"
"Oconee","1","24","South Carolina","4/28/20","17","7","45073","41.18"
"Orangeburg","3","63","South Carolina","4/28/20","44","19","45075","43.18"
"Pickens","2","54","South Carolina","4/28/20","38","16","45077","42.11"
"Richland","30","864","South Carolina","4/28/20","657","207","45079","31.51"
"Saluda","4","41","South Carolina","4/28/20","12","29","45081","241.67"
"Spartanburg","6","258","South Carolina","4/28/20","219","39","45083","17.81"
"Sumter","5","220","South Carolina","4/28/20","185","35","45085","18.92"
"Union","0","25","South Carolina","4/28/20","24","1","45087","4.17"
"Williamsburg","5","60","South Carolina","4/28/20","26","34","45089","130.77"
"York","4","188","South Carolina","4/28/20","159","29","45091","18.24"
"Aurora","0","1","South Dakota","4/28/20","1","0","46003","0"
"Beadle","0","21","South Dakota","4/28/20","21","0","46005","0"
"Bon Homme","0","4","South Dakota","4/28/20","4","0","46009","0"
"Brookings","0","12","South Dakota","4/28/20","9","3","46011","33.33"
"Brown","1","30","South Dakota","4/28/20","20","10","46013","50"
"Buffalo","0","1","South Dakota","4/28/20","0","1","46017","1"
"Charles Mix","0","4","South Dakota","4/28/20","4","0","46023","0"
"Clark","0","1","South Dakota","4/28/20","1","0","46025","0"
"Clay","0","5","South Dakota","4/28/20","5","0","46027","0"
"Codington","0","14","South Dakota","4/28/20","13","1","46029","7.69"
"Corson","0","1","South Dakota","4/28/20","1","0","46031","0"
"Davison","0","5","South Dakota","4/28/20","4","1","46035","25"
"Deuel","0","1","South Dakota","4/28/20","1","0","46039","0"
"Douglas","0","1","South Dakota","4/28/20","0","1","46043","1"
"Fall River","0","1","South Dakota","4/28/20","1","0","46047","0"
"Faulk","0","1","South Dakota","4/28/20","1","0","46049","0"
"Hamlin","0","2","South Dakota","4/28/20","2","0","46057","0"
"Hand","0","1","South Dakota","4/28/20","0","1","46059","1"
"Hughes","0","7","South Dakota","4/28/20","5","2","46065","40"
"Hutchinson","0","3","South Dakota","4/28/20","2","1","46067","50"
"Hyde","0","1","South Dakota","4/28/20","1","0","46069","0"
"Jerauld","0","6","South Dakota","4/28/20","4","2","46073","50"
"Lake","0","4","South Dakota","4/28/20","3","1","46079","33.33"
"Lawrence","0","9","South Dakota","4/28/20","9","0","46081","0"
"Lincoln","5","133","South Dakota","4/28/20","99","34","46083","34.34"
"Lyman","0","2","South Dakota","4/28/20","2","0","46085","0"
"Marshall","0","1","South Dakota","4/28/20","1","0","46091","0"
"McCook","0","4","South Dakota","4/28/20","3","1","46087","33.33"
"McPherson","0","1","South Dakota","4/28/20","0","1","46089","1"
"Meade","0","1","South Dakota","4/28/20","1","0","46093","0"
"Miner","0","1","South Dakota","4/28/20","1","0","46097","0"
"Minnehaha","67","1939","South Dakota","4/28/20","1469","470","46099","31.99"
"Moody","0","3","South Dakota","4/28/20","2","1","46101","50"
"Oglala Lakota","0","1","South Dakota","4/28/20","1","0","46102","0"
"Pennington","0","12","South Dakota","4/28/20","11","1","46103","9.09"
"Roberts","0","4","South Dakota","4/28/20","4","0","46109","0"
"Sanborn","0","3","South Dakota","4/28/20","3","0","46111","0"
"Spink","0","3","South Dakota","4/28/20","3","0","46115","0"
"Stanley","1","6","South Dakota","4/28/20","0","6","46117","1"
"Sully","0","1","South Dakota","4/28/20","1","0","46119","0"
"Todd","0","1","South Dakota","4/28/20","1","0","46121","0"
"Turner","1","15","South Dakota","4/28/20","6","9","46125","150"
"Union","1","14","South Dakota","4/28/20","7","7","46127","100"
"Walworth","0","5","South Dakota","4/28/20","5","0","46129","0"
"Yankton","1","27","South Dakota","4/28/20","23","4","46135","17.39"
"Anderson","0","24","Tennessee","4/28/20","21","3","47001","14.29"
"Bedford","9","167","Tennessee","4/28/20","105","62","47003","59.05"
"Benton","0","6","Tennessee","4/28/20","4","2","47005","50"
"Bledsoe","83","589","Tennessee","4/28/20","11","578","47007","5254.55"
"Blount","1","55","Tennessee","4/28/20","46","9","47009","19.57"
"Bradley","1","46","Tennessee","4/28/20","37","9","47011","24.32"
"Campbell","0","14","Tennessee","4/28/20","13","1","47013","7.69"
"Cannon","0","11","Tennessee","4/28/20","8","3","47015","37.5"
"Carroll","1","18","Tennessee","4/28/20","14","4","47017","28.57"
"Carter","1","12","Tennessee","4/28/20","5","7","47019","140"
"Cheatham","3","42","Tennessee","4/28/20","22","20","47021","90.91"
"Chester","0","10","Tennessee","4/28/20","9","1","47023","11.11"
"Claiborne","0","5","Tennessee","4/28/20","5","0","47025","0"
"Clay","0","5","Tennessee","4/28/20","5","0","47027","0"
"Cocke","1","16","Tennessee","4/28/20","11","5","47029","45.45"
"Coffee","2","33","Tennessee","4/28/20","21","12","47031","57.14"
"Crockett","0","7","Tennessee","4/28/20","6","1","47033","16.67"
"Cumberland","2","70","Tennessee","4/28/20","59","11","47035","18.64"
"Davidson","95","2383","Tennessee","4/28/20","1719","664","47037","38.63"
"Decatur","0","4","Tennessee","4/28/20","4","0","47039","0"
"DeKalb","0","14","Tennessee","4/28/20","12","2","47041","16.67"
"Dickson","4","71","Tennessee","4/28/20","46","25","47043","54.35"
"Dyer","1","33","Tennessee","4/28/20","28","5","47045","17.86"
"Fayette","1","53","Tennessee","4/28/20","48","5","47047","10.42"
"Fentress","0","4","Tennessee","4/28/20","4","0","47049","0"
"Franklin","1","32","Tennessee","4/28/20","27","5","47051","18.52"
"Gibson","1","41","Tennessee","4/28/20","32","9","47053","28.12"
"Giles","0","5","Tennessee","4/28/20","6","-1","47055","-16.67"
"Grainger","0","5","Tennessee","4/28/20","4","1","47057","25"
"Greene","1","42","Tennessee","4/28/20","37","5","47059","13.51"
"Grundy","0","28","Tennessee","4/28/20","26","2","47061","7.69"
"Hamblen","1","17","Tennessee","4/28/20","13","4","47063","30.77"
"Hamilton","4","149","Tennessee","4/28/20","124","25","47065","20.16"
"Hardeman","0","11","Tennessee","4/28/20","8","3","47069","37.5"
"Hardin","0","5","Tennessee","4/28/20","4","1","47071","25"
"Hawkins","0","30","Tennessee","4/28/20","28","2","47073","7.14"
"Haywood","1","19","Tennessee","4/28/20","13","6","47075","46.15"
"Henderson","0","6","Tennessee","4/28/20","5","1","47077","20"
"Henry","0","11","Tennessee","4/28/20","9","2","47079","22.22"
"Hickman","6","43","Tennessee","4/28/20","3","40","47081","1333.33"
"Houston","0","4","Tennessee","4/28/20","4","0","47083","0"
"Humphreys","1","10","Tennessee","4/28/20","6","4","47085","66.67"
"Jackson","0","7","Tennessee","4/28/20","6","1","47087","16.67"
"Jefferson","0","18","Tennessee","4/28/20","16","2","47089","12.5"
"Johnson","0","3","Tennessee","4/28/20","2","1","47091","50"
"Knox","3","214","Tennessee","4/28/20","196","18","47093","9.18"
"Lake","7","50","Tennessee","4/28/20","4","46","47095","1150"
"Lauderdale","0","17","Tennessee","4/28/20","16","1","47097","6.25"
"Lawrence","0","17","Tennessee","4/28/20","16","1","47099","6.25"
"Lewis","0","2","Tennessee","4/28/20","2","0","47101","0"
"Lincoln","0","12","Tennessee","4/28/20","11","1","47103","9.09"
"Loudon","1","28","Tennessee","4/28/20","23","5","47105","21.74"
"Macon","1","39","Tennessee","4/28/20","34","5","47111","14.71"
"Madison","5","128","Tennessee","4/28/20","90","38","47113","42.22"
"Marion","0","28","Tennessee","4/28/20","28","0","47115","0"
"Marshall","0","22","Tennessee","4/28/20","22","0","47117","0"
"Maury","1","40","Tennessee","4/28/20","34","6","47119","17.65"
"McMinn","9","70","Tennessee","4/28/20","6","64","47107","1066.67"
"McNairy","0","11","Tennessee","4/28/20","9","2","47109","22.22"
"Meigs","0","6","Tennessee","4/28/20","3","3","47121","100"
"Monroe","0","14","Tennessee","4/28/20","11","3","47123","27.27"
"Montgomery","2","139","Tennessee","4/28/20","124","15","47125","12.1"
"Moore","0","3","Tennessee","4/28/20","2","1","47127","50"
"Morgan","0","6","Tennessee","4/28/20","5","1","47129","20"
"Obion","0","12","Tennessee","4/28/20","9","3","47131","33.33"
"Out of TN","-2","251","Tennessee","4/28/20","265","-14","80047","-5.28"
"Overton","0","8","Tennessee","4/28/20","7","1","47133","14.29"
"Perry","0","8","Tennessee","4/28/20","6","2","47135","33.33"
"Polk","0","8","Tennessee","4/28/20","5","3","47139","60"
"Putnam","3","115","Tennessee","4/28/20","95","20","47141","21.05"
"Rhea","0","3","Tennessee","4/28/20","3","0","47143","0"
"Roane","0","7","Tennessee","4/28/20","8","-1","47145","-12.5"
"Robertson","3","139","Tennessee","4/28/20","117","22","47147","18.8"
"Rutherford","14","434","Tennessee","4/28/20","338","96","47149","28.4"
"Scott","0","11","Tennessee","4/28/20","12","-1","47151","-8.33"
"Sequatchie","0","5","Tennessee","4/28/20","3","2","47153","66.67"
"Sevier","2","46","Tennessee","4/28/20","29","17","47155","58.62"
"Shelby","72","2376","Tennessee","4/28/20","1873","503","47157","26.86"
"Smith","1","20","Tennessee","4/28/20","14","6","47159","42.86"
"Stewart","0","7","Tennessee","4/28/20","6","1","47161","16.67"
"Sullivan","0","47","Tennessee","4/28/20","45","2","47163","4.44"
"Sumner","11","608","Tennessee","4/28/20","530","78","47165","14.72"
"Tipton","2","96","Tennessee","4/28/20","83","13","47167","15.66"
"Trousdale","4","50","Tennessee","4/28/20","23","27","47169","117.39"
"Unicoi","0","1","Tennessee","4/28/20","1","0","47171","0"
"Union","0","3","Tennessee","4/28/20","3","0","47173","0"
"Van Buren","0","2","Tennessee","4/28/20","1","1","47175","100"
"Warren","0","7","Tennessee","4/28/20","4","3","47177","75"
"Washington","1","54","Tennessee","4/28/20","46","8","47179","17.39"
"Wayne","0","4","Tennessee","4/28/20","2","2","47181","100"
"Weakley","1","18","Tennessee","4/28/20","8","10","47183","125"
"White","0","5","Tennessee","4/28/20","4","1","47185","25"
"Williamson","6","399","Tennessee","4/28/20","359","40","47187","11.14"
"Wilson","9","249","Tennessee","4/28/20","187","62","47189","33.16"
"Anderson","2","26","Texas","4/28/20","10","16","48001","160"
"Andrews","0","19","Texas","4/28/20","19","0","48003","0"
"Angelina","2","46","Texas","4/28/20","30","16","48005","53.33"
"Aransas","0","2","Texas","4/28/20","2","0","48007","0"
"Armstrong","0","2","Texas","4/28/20","1","1","48011","100"
"Atascosa","0","16","Texas","4/28/20","14","2","48013","14.29"
"Austin","0","12","Texas","4/28/20","12","0","48015","0"
"Bandera","0","6","Texas","4/28/20","4","2","48019","50"
"Bastrop","1","59","Texas","4/28/20","49","10","48021","20.41"
"Bee","0","5","Texas","4/28/20","5","0","48025","0"
"Bell","5","173","Texas","4/28/20","135","38","48027","28.15"
"Bexar","35","1275","Texas","4/28/20","1029","246","48029","23.91"
"Blanco","0","6","Texas","4/28/20","5","1","48031","20"
"Bosque","0","4","Texas","4/28/20","3","1","48035","33.33"
"Bowie","1","69","Texas","4/28/20","64","5","48037","7.81"
"Brazoria","19","464","Texas","4/28/20","333","131","48039","39.34"
"Brazos","2","182","Texas","4/28/20","170","12","48041","7.06"
"Brooks","0","1","Texas","4/28/20","0","1","48047","1"
"Brown","3","34","Texas","4/28/20","13","21","48049","161.54"
"Burleson","0","12","Texas","4/28/20","9","3","48051","33.33"
"Burnet","0","15","Texas","4/28/20","13","2","48053","15.38"
"Caldwell","0","11","Texas","4/28/20","9","2","48055","22.22"
"Calhoun","1","30","Texas","4/28/20","21","9","48057","42.86"
"Callahan","0","2","Texas","4/28/20","1","1","48059","100"
"Cameron","9","376","Texas","4/28/20","310","66","48061","21.29"
"Camp","0","6","Texas","4/28/20","6","0","48063","0"
"Carson","0","1","Texas","4/28/20","1","0","48065","0"
"Cass","0","13","Texas","4/28/20","13","0","48067","0"
"Castro","0","13","Texas","4/28/20","11","2","48069","18.18"
"Chambers","1","41","Texas","4/28/20","35","6","48071","17.14"
"Cherokee","1","14","Texas","4/28/20","10","4","48073","40"
"Childress","0","1","Texas","4/28/20","1","0","48075","0"
"Clay","0","3","Texas","4/28/20","3","0","48077","0"
"Cochran","0","1","Texas","4/28/20","0","1","48079","1"
"Coleman","0","1","Texas","4/28/20","0","1","48083","1"
"Collin","15","676","Texas","4/28/20","570","106","48085","18.6"
"Colorado","0","10","Texas","4/28/20","9","1","48089","11.11"
"Comal","1","49","Texas","4/28/20","43","6","48091","13.95"
"Comanche","0","4","Texas","4/28/20","4","0","48093","0"
"Concho","0","1","Texas","4/28/20","1","0","48095","0"
"Cooke","0","4","Texas","4/28/20","4","0","48097","0"
"Coryell","3","105","Texas","4/28/20","84","21","48099","25"
"Cottle","0","1","Texas","4/28/20","0","1","48101","1"
"Crane","0","2","Texas","4/28/20","2","0","48103","0"
"Crosby","0","2","Texas","4/28/20","1","1","48107","100"
"Dallam","1","8","Texas","4/28/20","3","5","48111","166.67"
"Dallas","104","3240","Texas","4/28/20","2512","728","48113","28.98"
"Dawson","1","21","Texas","4/28/20","14","7","48115","50"
"Deaf Smith","2","26","Texas","4/28/20","14","12","48117","85.71"
"Delta","0","1","Texas","4/28/20","1","0","48119","0"
"Denton","18","725","Texas","4/28/20","598","127","48121","21.24"
"DeWitt","0","15","Texas","4/28/20","14","1","48123","7.14"
"Dickens","0","1","Texas","4/28/20","1","0","48125","0"
"Dimmit","0","1","Texas","4/28/20","1","0","48127","0"
"Donley","0","24","Texas","4/28/20","24","0","48129","0"
"Duval","0","2","Texas","4/28/20","1","1","48131","100"
"Eastland","0","3","Texas","4/28/20","3","0","48133","0"
"Ector","2","76","Texas","4/28/20","60","16","48135","26.67"
"El Paso","41","829","Texas","4/28/20","540","289","48141","53.52"
"Ellis","5","133","Texas","4/28/20","100","33","48139","33"
"Erath","0","12","Texas","4/28/20","13","-1","48143","-7.69"
"Falls","0","3","Texas","4/28/20","1","2","48145","200"
"Fannin","1","17","Texas","4/28/20","9","8","48147","88.89"
"Fayette","0","15","Texas","4/28/20","15","0","48149","0"
"Floyd","0","3","Texas","4/28/20","2","1","48153","50"
"Fort Bend","21","957","Texas","4/28/20","808","149","48157","18.44"
"Franklin","0","1","Texas","4/28/20","1","0","48159","0"
"Freestone","0","3","Texas","4/28/20","3","0","48161","0"
"Frio","0","4","Texas","4/28/20","1","3","48163","300"
"Gaines","0","2","Texas","4/28/20","2","0","48165","0"
"Galveston","11","548","Texas","4/28/20","468","80","48167","17.09"
"Gillespie","0","1","Texas","4/28/20","1","0","48171","0"
"Goliad","0","7","Texas","4/28/20","6","1","48175","16.67"
"Gonzales","2","14","Texas","4/28/20","2","12","48177","600"
"Gray","3","38","Texas","4/28/20","20","18","48179","90"
"Grayson","1","24","Texas","4/28/20","19","5","48181","26.32"
"Gregg","2","69","Texas","4/28/20","52","17","48183","32.69"
"Grimes","1","16","Texas","4/28/20","10","6","48185","60"
"Guadalupe","1","69","Texas","4/28/20","60","9","48187","15"
"Hale","1","24","Texas","4/28/20","15","9","48189","60"
"Hamilton","0","5","Texas","4/28/20","5","0","48193","0"
"Hansford","1","5","Texas","4/28/20","1","4","48195","400"
"Hardin","1","96","Texas","4/28/20","88","8","48199","9.09"
"Harris","98","5827","Texas","4/28/20","5143","684","48201","13.3"
"Harrison","3","83","Texas","4/28/20","59","24","48203","40.68"
"Hartley","0","4","Texas","4/28/20","1","3","48205","300"
"Hays","4","155","Texas","4/28/20","128","27","48209","21.09"
"Hemphill","0","1","Texas","4/28/20","1","0","48211","0"
"Henderson","1","24","Texas","4/28/20","19","5","48213","26.32"
"Hidalgo","6","310","Texas","4/28/20","268","42","48215","15.67"
"Hill","1","15","Texas","4/28/20","11","4","48217","36.36"
"Hockley","1","20","Texas","4/28/20","16","4","48219","25"
"Hood","0","17","Texas","4/28/20","17","0","48221","0"
"Hopkins","0","4","Texas","4/28/20","4","0","48223","0"
"Houston","0","5","Texas","4/28/20","3","2","48225","66.67"
"Howard","0","4","Texas","4/28/20","1","3","48227","300"
"Hunt","1","44","Texas","4/28/20","35","9","48231","25.71"
"Hutchinson","1","13","Texas","4/28/20","9","4","48233","44.44"
"Jack","0","4","Texas","4/28/20","4","0","48237","0"
"Jackson","0","6","Texas","4/28/20","6","0","48239","0"
"Jasper","1","21","Texas","4/28/20","13","8","48241","61.54"
"Jefferson","13","288","Texas","4/28/20","196","92","48245","46.94"
"Jim Hogg","0","3","Texas","4/28/20","0","3","48247","1"
"Jim Wells","0","3","Texas","4/28/20","2","1","48249","50"
"Johnson","3","62","Texas","4/28/20","44","18","48251","40.91"
"Jones","1","13","Texas","4/28/20","4","9","48253","225"
"Karnes","0","3","Texas","4/28/20","3","0","48255","0"
"Kaufman","4","75","Texas","4/28/20","48","27","48257","56.25"
"Kendall","0","16","Texas","4/28/20","14","2","48259","14.29"
"Kerr","0","5","Texas","4/28/20","4","1","48265","25"
"Kleberg","0","9","Texas","4/28/20","6","3","48273","50"
"Knox","0","1","Texas","4/28/20","1","0","48275","0"
"La Salle","0","1","Texas","4/28/20","1","0","48283","0"
"Lamar","6","51","Texas","4/28/20","7","44","48277","628.57"
"Lamb","0","3","Texas","4/28/20","2","1","48279","50"
"Lampasas","0","3","Texas","4/28/20","2","1","48281","50"
"Lavaca","0","5","Texas","4/28/20","4","1","48285","25"
"Lee","0","2","Texas","4/28/20","2","0","48287","0"
"Leon","0","5","Texas","4/28/20","5","0","48289","0"
"Liberty","1","39","Texas","4/28/20","33","6","48291","18.18"
"Limestone","0","13","Texas","4/28/20","11","2","48293","18.18"
"Live Oak","0","5","Texas","4/28/20","3","2","48297","66.67"
"Llano","0","3","Texas","4/28/20","3","0","48299","0"
"Lubbock","8","504","Texas","4/28/20","445","59","48303","13.26"
"Lynn","0","5","Texas","4/28/20","5","0","48305","0"
"Madison","0","2","Texas","4/28/20","2","0","48313","0"
"Marion","0","9","Texas","4/28/20","6","3","48315","50"
"Martin","0","2","Texas","4/28/20","2","0","48317","0"
"Mason","1","5","Texas","4/28/20","1","4","48319","400"
"Matagorda","1","60","Texas","4/28/20","56","4","48321","7.14"
"Maverick","0","16","Texas","4/28/20","15","1","48323","6.67"
"McCulloch","0","3","Texas","4/28/20","3","0","48307","0"
"McLennan","1","87","Texas","4/28/20","77","10","48309","12.99"
"Medina","1","19","Texas","4/28/20","15","4","48325","26.67"
"Midland","1","74","Texas","4/28/20","64","10","48329","15.62"
"Milam","0","14","Texas","4/28/20","12","2","48331","16.67"
"Mitchell","0","1","Texas","4/28/20","1","0","48335","0"
"Montague","0","6","Texas","4/28/20","6","0","48337","0"
"Montgomery","24","562","Texas","4/28/20","393","169","48339","43"
"Moore","22","294","Texas","4/28/20","139","155","48341","111.51"
"Morris","0","5","Texas","4/28/20","5","0","48343","0"
"Motley","0","1","Texas","4/28/20","1","0","48345","0"
"Nacogdoches","6","141","Texas","4/28/20","96","45","48347","46.88"
"Navarro","1","28","Texas","4/28/20","23","5","48349","21.74"
"Newton","0","2","Texas","4/28/20","2","0","48351","0"
"Nolan","0","1","Texas","4/28/20","0","1","48353","1"
"Nueces","1","99","Texas","4/28/20","90","9","48355","10"
"Ochiltree","3","24","Texas","4/28/20","0","24","48357","1"
"Oldham","0","3","Texas","4/28/20","3","0","48359","0"
"Orange","1","64","Texas","4/28/20","58","6","48361","10.34"
"Palo Pinto","0","7","Texas","4/28/20","7","0","48363","0"
"Panola","4","80","Texas","4/28/20","55","25","48365","45.45"
"Parker","1","25","Texas","4/28/20","21","4","48367","19.05"
"Parmer","1","6","Texas","4/28/20","2","4","48369","200"
"Pecos","1","9","Texas","4/28/20","5","4","48371","80"
"Polk","0","18","Texas","4/28/20","15","3","48373","20"
"Potter","34","396","Texas","4/28/20","160","236","48375","147.5"
"Rains","0","2","Texas","4/28/20","2","0","48379","0"
"Randall","11","191","Texas","4/28/20","115","76","48381","66.09"
"Red River","0","1","Texas","4/28/20","1","0","48387","0"
"Reeves","0","5","Texas","4/28/20","2","3","48389","150"
"Roberts","0","2","Texas","4/28/20","2","0","48393","0"
"Robertson","0","2","Texas","4/28/20","2","0","48395","0"
"Rockwall","2","58","Texas","4/28/20","41","17","48397","41.46"
"Runnels","0","1","Texas","4/28/20","0","1","48399","1"
"Rusk","1","33","Texas","4/28/20","29","4","48401","13.79"
"Sabine","0","1","Texas","4/28/20","1","0","48403","0"
"San Augustine","0","16","Texas","4/28/20","14","2","48405","14.29"
"San Jacinto","0","9","Texas","4/28/20","10","-1","48407","-10"
"San Patricio","1","13","Texas","4/28/20","8","5","48409","62.5"
"Scurry","0","2","Texas","4/28/20","2","0","48415","0"
"Shelby","5","101","Texas","4/28/20","69","32","48419","46.38"
"Sherman","1","14","Texas","4/28/20","7","7","48421","100"
"Smith","2","139","Texas","4/28/20","124","15","48423","12.1"
"Starr","0","8","Texas","4/28/20","7","1","48427","14.29"
"Stephens","0","1","Texas","4/28/20","1","0","48429","0"
"Swisher","1","9","Texas","4/28/20","5","4","48437","80"
"Tarrant","98","2019","Texas","4/28/20","1333","686","48439","51.46"
"Taylor","16","255","Texas","4/28/20","144","111","48441","77.08"
"Terry","0","10","Texas","4/28/20","10","0","48445","0"
"Titus","1","15","Texas","4/28/20","11","4","48449","36.36"
"Tom Green","0","44","Texas","4/28/20","41","3","48451","7.32"
"Travis","41","1464","Texas","4/28/20","1174","290","48453","24.7"
"Trinity","0","8","Texas","4/28/20","8","0","48455","0"
"Tyler","0","6","Texas","4/28/20","6","0","48457","0"
"Upshur","0","13","Texas","4/28/20","10","3","48459","30"
"Uvalde","0","6","Texas","4/28/20","6","0","48463","0"
"Val Verde","0","13","Texas","4/28/20","12","1","48465","8.33"
"Van Zandt","0","14","Texas","4/28/20","13","1","48467","7.69"
"Victoria","5","127","Texas","4/28/20","95","32","48469","33.68"
"Walker","12","200","Texas","4/28/20","114","86","48471","75.44"
"Waller","1","31","Texas","4/28/20","24","7","48473","29.17"
"Washington","10","136","Texas","4/28/20","68","68","48477","100"
"Webb","9","346","Texas","4/28/20","281","65","48479","23.13"
"Wharton","0","36","Texas","4/28/20","36","0","48481","0"
"Wheeler","1","5","Texas","4/28/20","0","5","48483","1"
"Wichita","0","63","Texas","4/28/20","60","3","48485","5"
"Wilbarger","0","1","Texas","4/28/20","1","0","48487","0"
"Willacy","1","13","Texas","4/28/20","9","4","48489","44.44"
"Williamson","19","287","Texas","4/28/20","156","131","48491","83.97"
"Wilson","1","29","Texas","4/28/20","22","7","48493","31.82"
"Winkler","0","3","Texas","4/28/20","3","0","48495","0"
"Wise","0","15","Texas","4/28/20","12","3","48497","25"
"Wood","0","7","Texas","4/28/20","6","1","48499","16.67"
"Yoakum","0","1","Texas","4/28/20","1","0","48501","0"
"Young","0","4","Texas","4/28/20","4","0","48503","0"
"Zapata","0","7","Texas","4/28/20","6","1","48505","16.67"
"Zavala","0","1","Texas","4/28/20","1","0","48507","0"
"Bear River","1","60","Utah","4/28/20","55","5","00000","9.09"
"Central Utah","1","22","Utah","4/28/20","17","5","00000","29.41"
"Davis","5","278","Utah","4/28/20","243","35","49011","14.4"
"Salt Lake","77","2256","Utah","4/28/20","1714","542","49035","31.62"
"San Juan","2","45","Utah","4/28/20","34","11","49037","32.35"
"Southeast Utah","1","13","Utah","4/28/20","7","6","00000","85.71"
"Southwest Utah","3","91","Utah","4/28/20","70","21","00000","30"
"Summit","3","359","Utah","4/28/20","335","24","49043","7.16"
"Tooele","2","58","Utah","4/28/20","41","17","49045","41.46"
"TriCounty","0","11","Utah","4/28/20","10","1","00000","10"
"Utah","48","862","Utah","4/28/20","523","339","49049","64.82"
"Wasatch","3","142","Utah","4/28/20","122","20","49051","16.39"
"Weber-Morgan","3","148","Utah","4/28/20","126","22","00000","17.46"
"Addison","0","61","Vermont","4/28/20","61","0","50001","0"
"Bennington","1","44","Vermont","4/28/20","37","7","50003","18.92"
"Caledonia","0","13","Vermont","4/28/20","12","1","50005","8.33"
"Chittenden","4","416","Vermont","4/28/20","391","25","50007","6.39"
"Essex","0","2","Vermont","4/28/20","2","0","50009","0"
"Franklin","0","91","Vermont","4/28/20","92","-1","50011","-1.09"
"Grand Isle","0","3","Vermont","4/28/20","3","0","50013","0"
"Lamoille","0","26","Vermont","4/28/20","23","3","50015","13.04"
"Orange","0","7","Vermont","4/28/20","6","1","50017","16.67"
"Orleans","0","9","Vermont","4/28/20","9","0","50019","0"
"Rutland","0","44","Vermont","4/28/20","44","0","50021","0"
"Washington","0","32","Vermont","4/28/20","32","0","50023","0"
"Windham","1","71","Vermont","4/28/20","65","6","50025","9.23"
"Windsor","0","40","Vermont","4/28/20","38","2","50027","5.26"
"","1","57","Virgin Islands","4/28/20","53","4",,"7.55"
"Accomack","24","223","Virginia","4/28/20","52","171","51001","328.85"
"Albemarle","2","80","Virginia","4/28/20","66","14","51003","21.21"
"Alexandria","27","653","Virginia","4/28/20","462","191","51510","41.34"
"Alleghany","0","5","Virginia","4/28/20","5","0","51005","0"
"Amelia","0","15","Virginia","4/28/20","15","0","51007","0"
"Amherst","0","9","Virginia","4/28/20","10","-1","51009","-10"
"Appomattox","1","17","Virginia","4/28/20","7","10","51011","142.86"
"Arlington","34","865","Virginia","4/28/20","625","240","51013","38.4"
"Augusta","2","39","Virginia","4/28/20","28","11","51015","39.29"
"Bedford","1","25","Virginia","4/28/20","19","6","51019","31.58"
"Botetourt","0","27","Virginia","4/28/20","25","2","51023","8"
"Bristol","0","1","Virginia","4/28/20","1","0","51520","0"
"Brunswick","0","13","Virginia","4/28/20","12","1","51025","8.33"
"Buchanan","1","16","Virginia","4/28/20","12","4","51027","33.33"
"Buckingham","4","55","Virginia","4/28/20","27","28","51029","103.7"
"Buena Vista","0","5","Virginia","4/28/20","5","0","51530","0"
"Campbell","0","11","Virginia","4/28/20","10","1","51031","10"
"Caroline","1","22","Virginia","4/28/20","17","5","51033","29.41"
"Carroll","0","4","Virginia","4/28/20","3","1","51035","33.33"
"Charles City","0","13","Virginia","4/28/20","11","2","51036","18.18"
"Charlotte","0","7","Virginia","4/28/20","8","-1","51037","-12.5"
"Charlottesville","1","51","Virginia","4/28/20","41","10","51540","24.39"
"Chesapeake","6","220","Virginia","4/28/20","176","44","51550","25"
"Chesterfield","20","488","Virginia","4/28/20","346","142","51041","41.04"
"Clarke","0","7","Virginia","4/28/20","6","1","51043","16.67"
"Colonial Heights","2","47","Virginia","4/28/20","36","11","51570","30.56"
"Covington","0","1","Virginia","4/28/20","1","0","51580","0"
"Craig","0","2","Virginia","4/28/20","2","0","51045","0"
"Culpeper","9","126","Virginia","4/28/20","65","61","51047","93.85"
"Cumberland","0","11","Virginia","4/28/20","10","1","51049","10"
"Danville","1","33","Virginia","4/28/20","29","4","51590","13.79"
"Dinwiddie","1","15","Virginia","4/28/20","8","7","51053","87.5"
"Emporia","1","20","Virginia","4/28/20","12","8","51595","66.67"
"Essex","1","6","Virginia","4/28/20","2","4","51057","200"
"Fairfax","172","3278","Virginia","4/28/20","2077","1201","51059","57.82"
"Fairfax City","1","27","Virginia","4/28/20","22","5","51600","22.73"
"Falls Church","0","26","Virginia","4/28/20","24","2","51610","8.33"
"Fauquier","8","105","Virginia","4/28/20","49","56","51061","114.29"
"Floyd","0","1","Virginia","4/28/20","1","0","51063","0"
"Fluvanna","1","73","Virginia","4/28/20","68","5","51065","7.35"
"Franklin","1","20","Virginia","4/28/20","16","4","51067","25"
"Franklin City","1","18","Virginia","4/28/20","12","6","51620","50"
"Frederick","2","97","Virginia","4/28/20","83","14","51069","16.87"
"Fredericksburg","1","27","Virginia","4/28/20","17","10","51630","58.82"
"Galax","0","4","Virginia","4/28/20","1","3","51640","300"
"Giles","0","4","Virginia","4/28/20","4","0","51071","0"
"Gloucester","0","22","Virginia","4/28/20","21","1","51073","4.76"
"Goochland","2","74","Virginia","4/28/20","62","12","51075","19.35"
"Grayson","0","1","Virginia","4/28/20","0","1","51077","1"
"Greene","0","9","Virginia","4/28/20","8","1","51079","12.5"
"Greensville","2","36","Virginia","4/28/20","23","13","51081","56.52"
"Halifax","1","17","Virginia","4/28/20","12","5","51083","41.67"
"Hampton","2","108","Virginia","4/28/20","92","16","51650","17.39"
"Hanover","2","109","Virginia","4/28/20","93","16","51085","17.2"
"Harrisonburg","20","406","Virginia","4/28/20","264","142","51660","53.79"
"Henrico","31","835","Virginia","4/28/20","621","214","51087","34.46"
"Henry","1","16","Virginia","4/28/20","10","6","51089","60"
"Highland","0","2","Virginia","4/28/20","0","2","51091","1"
"Hopewell","1","24","Virginia","4/28/20","16","8","51670","50"
"Isle of Wight","1","96","Virginia","4/28/20","88","8","51093","9.09"
"James City","1","155","Virginia","4/28/20","146","9","51095","6.16"
"King and Queen","0","2","Virginia","4/28/20","2","0","51097","0"
"King George","2","30","Virginia","4/28/20","19","11","51099","57.89"
"King William","0","5","Virginia","4/28/20","2","3","51101","150"
"Lancaster","0","1","Virginia","4/28/20","1","0","51103","0"
"Lee","0","9","Virginia","4/28/20","7","2","51105","28.57"
"Lexington","0","3","Virginia","4/28/20","3","0","51678","0"
"Loudoun","31","688","Virginia","4/28/20","468","220","51107","47.01"
"Louisa","1","41","Virginia","4/28/20","35","6","51109","17.14"
"Lunenburg","0","4","Virginia","4/28/20","3","1","51111","33.33"
"Lynchburg","1","51","Virginia","4/28/20","43","8","51680","18.6"
"Madison","0","14","Virginia","4/28/20","12","2","51113","16.67"
"Manassas","9","175","Virginia","4/28/20","110","65","51683","59.09"
"Manassas Park","3","53","Virginia","4/28/20","31","22","51685","70.97"
"Martinsville","0","2","Virginia","4/28/20","0","2","51690","1"
"Mathews","0","4","Virginia","4/28/20","3","1","51115","33.33"
"Mecklenburg","5","100","Virginia","4/28/20","68","32","51117","47.06"
"Middlesex","0","4","Virginia","4/28/20","3","1","51119","33.33"
"Montgomery","1","54","Virginia","4/28/20","48","6","51121","12.5"
"Nelson","0","7","Virginia","4/28/20","6","1","51125","16.67"
"New Kent","0","21","Virginia","4/28/20","20","1","51127","5"
"Newport News","2","112","Virginia","4/28/20","101","11","51700","10.89"
"Norfolk","10","188","Virginia","4/28/20","118","70","51710","59.32"
"Northampton","4","35","Virginia","4/28/20","7","28","51131","400"
"Northumberland","0","8","Virginia","4/28/20","5","3","51133","60"
"Norton","0","2","Virginia","4/28/20","2","0","51720","0"
"Nottoway","0","11","Virginia","4/28/20","8","3","51135","37.5"
"Orange","1","27","Virginia","4/28/20","21","6","51137","28.57"
"Page","11","89","Virginia","4/28/20","14","75","51139","535.71"
"Patrick","0","2","Virginia","4/28/20","1","1","51141","100"
"Petersburg","1","30","Virginia","4/28/20","24","6","51730","25"
"Pittsylvania","1","11","Virginia","4/28/20","7","4","51143","57.14"
"Poquoson","0","6","Virginia","4/28/20","6","0","51735","0"
"Portsmouth","10","149","Virginia","4/28/20","82","67","51740","81.71"
"Powhatan","0","11","Virginia","4/28/20","8","3","51145","37.5"
"Prince Edward","3","41","Virginia","4/28/20","19","22","51147","115.79"
"Prince George","0","31","Virginia","4/28/20","28","3","51149","10.71"
"Prince William","83","1449","Virginia","4/28/20","867","582","51153","67.13"
"Pulaski","0","9","Virginia","4/28/20","8","1","51155","12.5"
"Radford","0","3","Virginia","4/28/20","1","2","51750","200"
"Rappahannock","0","3","Virginia","4/28/20","1","2","51157","200"
"Richmond","13","141","Virginia","4/28/20","53","88","51159","166.04"
"Richmond City","9","312","Virginia","4/28/20","246","66","51760","26.83"
"Roanoke","2","41","Virginia","4/28/20","25","16","51161","64"
"Roanoke City","1","35","Virginia","4/28/20","25","10","51770","40"
"Rockbridge","0","5","Virginia","4/28/20","5","0","51163","0"
"Rockingham","13","216","Virginia","4/28/20","122","94","51165","77.05"
"Russell","0","3","Virginia","4/28/20","2","1","51167","50"
"Salem","1","12","Virginia","4/28/20","6","6","51775","100"
"Scott","0","7","Virginia","4/28/20","5","2","51169","40"
"Shenandoah","5","79","Virginia","4/28/20","45","34","51171","75.56"
"Smyth","0","13","Virginia","4/28/20","13","0","51173","0"
"Southampton","14","115","Virginia","4/28/20","18","97","51175","538.89"
"Spotsylvania","7","126","Virginia","4/28/20","79","47","51177","59.49"
"Stafford","8","221","Virginia","4/28/20","164","57","51179","34.76"
"Staunton","0","11","Virginia","4/28/20","10","1","51790","10"
"Suffolk","6","152","Virginia","4/28/20","111","41","51800","36.94"
"Surry","0","4","Virginia","4/28/20","4","0","51181","0"
"Sussex","1","30","Virginia","4/28/20","23","7","51183","30.43"
"Tazewell","0","5","Virginia","4/28/20","4","1","51185","25"
"Virginia Beach","10","359","Virginia","4/28/20","288","71","51810","24.65"
"Warren","3","47","Virginia","4/28/20","26","21","51187","80.77"
"Washington","1","34","Virginia","4/28/20","29","5","51191","17.24"
"Waynesboro","0","11","Virginia","4/28/20","8","3","51820","37.5"
"Westmoreland","2","21","Virginia","4/28/20","10","11","51193","110"
"Williamsburg","0","18","Virginia","4/28/20","15","3","51830","20"
"Winchester","1","36","Virginia","4/28/20","27","9","51840","33.33"
"Wise","1","22","Virginia","4/28/20","18","4","51195","22.22"
"Wythe","0","11","Virginia","4/28/20","10","1","51197","10"
"York","0","45","Virginia","4/28/20","43","2","51199","4.65"
"Adams","0","46","Washington","4/28/20","43","3","53001","6.98"
"Asotin","1","17","Washington","4/28/20","13","4","53003","30.77"
"Benton","13","415","Washington","4/28/20","326","89","53005","27.3"
"Chelan","2","96","Washington","4/28/20","81","15","53007","18.52"
"Clallam","0","17","Washington","4/28/20","14","3","53009","21.43"
"Clark","1","313","Washington","4/28/20","306","7","53011","2.29"
"Columbia","0","1","Washington","4/28/20","1","0","53013","0"
"Cowlitz","1","39","Washington","4/28/20","32","7","53015","21.88"
"Douglas","2","75","Washington","4/28/20","59","16","53017","27.12"
"Ferry","0","1","Washington","4/28/20","1","0","53019","0"
"Franklin","10","265","Washington","4/28/20","192","73","53021","38.02"
"Grant","2","155","Washington","4/28/20","143","12","53025","8.39"
"Grays Harbor","0","12","Washington","4/28/20","12","0","53027","0"
"Island","0","168","Washington","4/28/20","166","2","53029","1.2"
"Jefferson","0","28","Washington","4/28/20","28","0","53031","0"
"King","101","6001","Washington","4/28/20","5293","708","53033","13.38"
"Kitsap","1","148","Washington","4/28/20","138","10","53035","7.25"
"Kittitas","0","15","Washington","4/28/20","14","1","53037","7.14"
"Klickitat","0","16","Washington","4/28/20","16","0","53039","0"
"Lewis","1","29","Washington","4/28/20","21","8","53041","38.1"
"Lincoln","0","2","Washington","4/28/20","2","0","53043","0"
"Mason","0","23","Washington","4/28/20","22","1","53045","4.55"
"Okanogan","1","21","Washington","4/28/20","14","7","53047","50"
"Pacific","0","4","Washington","4/28/20","3","1","53049","33.33"
"Pend Oreille","0","2","Washington","4/28/20","2","0","53051","0"
"Pierce","11","1293","Washington","4/28/20","1219","74","53053","6.07"
"San Juan","0","14","Washington","4/28/20","15","-1","53055","-6.67"
"Skagit","8","308","Washington","4/28/20","252","56","53057","22.22"
"Skamania","0","3","Washington","4/28/20","3","0","53059","0"
"Snohomish","25","2365","Washington","4/28/20","2189","176","53061","8.04"
"Spokane","5","350","Washington","4/28/20","315","35","53063","11.11"
"Stevens","0","9","Washington","4/28/20","8","1","53065","12.5"
"Thurston","1","100","Washington","4/28/20","94","6","53067","6.38"
"Wahkiakum","0","2","Washington","4/28/20","2","0","53069","0"
"Walla Walla","3","57","Washington","4/28/20","33","24","53071","72.73"
"Whatcom","2","293","Washington","4/28/20","280","13","53073","4.64"
"Whitman","0","14","Washington","4/28/20","13","1","53075","7.69"
"Yakima","25","1046","Washington","4/28/20","868","178","53077","20.51"
"Barbour","0","4","West Virginia","4/28/20","4","0","54001","0"
"Berkeley","4","141","West Virginia","4/28/20","113","28","54003","24.78"
"Boone","0","2","West Virginia","4/28/20","2","0","54005","0"
"Braxton","0","2","West Virginia","4/28/20","1","1","54007","100"
"Brooke","0","3","West Virginia","4/28/20","3","0","54009","0"
"Cabell","1","41","West Virginia","4/28/20","34","7","54011","20.59"
"Fayette","1","12","West Virginia","4/28/20","5","7","54019","140"
"Gilmer","0","2","West Virginia","4/28/20","0","2","54021","1"
"Grant","0","1","West Virginia","4/28/20","1","0","54023","0"
"Greenbrier","0","3","West Virginia","4/28/20","3","0","54025","0"
"Hampshire","0","7","West Virginia","4/28/20","6","1","54027","16.67"
"Hancock","0","8","West Virginia","4/28/20","7","1","54029","14.29"
"Hardy","0","4","West Virginia","4/28/20","3","1","54031","33.33"
"Harrison","0","30","West Virginia","4/28/20","30","0","54033","0"
"Jackson","4","129","West Virginia","4/28/20","101","28","54035","27.72"
"Jefferson","2","77","West Virginia","4/28/20","61","16","54037","26.23"
"Kanawha","3","157","West Virginia","4/28/20","133","24","54039","18.05"
"Lewis","0","4","West Virginia","4/28/20","2","2","54041","100"
"Lincoln","0","1","West Virginia","4/28/20","1","0","54043","0"
"Logan","1","12","West Virginia","4/28/20","8","4","54045","50"
"Marion","0","45","West Virginia","4/28/20","44","1","54049","2.27"
"Marshall","0","11","West Virginia","4/28/20","8","3","54051","37.5"
"Mason","0","12","West Virginia","4/28/20","11","1","54053","9.09"
"McDowell","0","6","West Virginia","4/28/20","6","0","54047","0"
"Mercer","0","9","West Virginia","4/28/20","8","1","54055","12.5"
"Mineral","1","15","West Virginia","4/28/20","8","7","54057","87.5"
"Mingo","0","2","West Virginia","4/28/20","2","0","54059","0"
"Monongalia","2","103","West Virginia","4/28/20","89","14","54061","15.73"
"Monroe","0","5","West Virginia","4/28/20","5","0","54063","0"
"Morgan","0","9","West Virginia","4/28/20","9","0","54065","0"
"Nicholas","0","6","West Virginia","4/28/20","4","2","54067","50"
"Ohio","1","26","West Virginia","4/28/20","22","4","54069","18.18"
"Pendleton","0","3","West Virginia","4/28/20","2","1","54071","50"
"Pleasants","0","2","West Virginia","4/28/20","2","0","54073","0"
"Pocahontas","0","2","West Virginia","4/28/20","0","2","54075","1"
"Preston","0","13","West Virginia","4/28/20","10","3","54077","30"
"Putnam","1","22","West Virginia","4/28/20","14","8","54079","57.14"
"Raleigh","0","8","West Virginia","4/28/20","7","1","54081","14.29"
"Randolph","0","4","West Virginia","4/28/20","4","0","54083","0"
"Roane","0","4","West Virginia","4/28/20","3","1","54087","33.33"
"Summers","0","1","West Virginia","4/28/20","1","0","54089","0"
"Taylor","0","6","West Virginia","4/28/20","5","1","54091","20"
"Tucker","0","4","West Virginia","4/28/20","4","0","54093","0"
"Tyler","0","3","West Virginia","4/28/20","3","0","54095","0"
"Upshur","0","4","West Virginia","4/28/20","4","0","54097","0"
"Wayne","1","84","West Virginia","4/28/20","78","6","54099","7.69"
"Wetzel","0","3","West Virginia","4/28/20","3","0","54103","0"
"Wirt","0","3","West Virginia","4/28/20","2","1","54105","50"
"Wood","1","39","West Virginia","4/28/20","31","8","54107","25.81"
"Wyoming","0","1","West Virginia","4/28/20","1","0","54109","0"
"Adams","0","4","Wisconsin","4/28/20","4","0","55001","0"
"Ashland","0","2","Wisconsin","4/28/20","2","0","55003","0"
"Barron","0","6","Wisconsin","4/28/20","6","0","55005","0"
"Bayfield","0","3","Wisconsin","4/28/20","3","0","55007","0"
"Brown","87","920","Wisconsin","4/28/20","314","606","55009","192.99"
"Buffalo","0","4","Wisconsin","4/28/20","4","0","55011","0"
"Calumet","1","10","Wisconsin","4/28/20","6","4","55015","66.67"
"Chippewa","0","21","Wisconsin","4/28/20","20","1","55017","5"
"Clark","0","20","Wisconsin","4/28/20","17","3","55019","17.65"
"Columbia","0","27","Wisconsin","4/28/20","27","0","55021","0"
"Crawford","0","3","Wisconsin","4/28/20","3","0","55023","0"
"Dane","5","417","Wisconsin","4/28/20","382","35","55025","9.16"
"Dodge","2","32","Wisconsin","4/28/20","19","13","55027","68.42"
"Door","0","12","Wisconsin","4/28/20","9","3","55029","33.33"
"Douglas","0","9","Wisconsin","4/28/20","8","1","55031","12.5"
"Dunn","0","9","Wisconsin","4/28/20","9","0","55033","0"
"Eau Claire","1","27","Wisconsin","4/28/20","22","5","55035","22.73"
"Florence","0","2","Wisconsin","4/28/20","2","0","55037","0"
"Fond du Lac","1","69","Wisconsin","4/28/20","65","4","55039","6.15"
"Grant","1","32","Wisconsin","4/28/20","23","9","55043","39.13"
"Green","0","11","Wisconsin","4/28/20","9","2","55045","22.22"
"Green Lake","0","2","Wisconsin","4/28/20","1","1","55047","100"
"Iowa","0","7","Wisconsin","4/28/20","7","0","55049","0"
"Iron","0","2","Wisconsin","4/28/20","2","0","55051","0"
"Jackson","0","12","Wisconsin","4/28/20","12","0","55053","0"
"Jefferson","1","42","Wisconsin","4/28/20","32","10","55055","31.25"
"Juneau","0","13","Wisconsin","4/28/20","10","3","55057","30"
"Kenosha","12","348","Wisconsin","4/28/20","264","84","55059","31.82"
"Kewaunee","0","11","Wisconsin","4/28/20","8","3","55061","37.5"
"La Crosse","0","27","Wisconsin","4/28/20","26","1","55063","3.85"
"Lafayette","0","4","Wisconsin","4/28/20","3","1","55065","33.33"
"Manitowoc","1","11","Wisconsin","4/28/20","7","4","55071","57.14"
"Marathon","0","17","Wisconsin","4/28/20","17","0","55073","0"
"Marinette","0","7","Wisconsin","4/28/20","6","1","55075","16.67"
"Marquette","0","3","Wisconsin","4/28/20","3","0","55077","0"
"Menominee","0","1","Wisconsin","4/28/20","1","0","55078","0"
"Milwaukee","70","2722","Wisconsin","4/28/20","2234","488","55079","21.84"
"Monroe","0","14","Wisconsin","4/28/20","13","1","55081","7.69"
"Oconto","0","8","Wisconsin","4/28/20","5","3","55083","60"
"Oneida","0","6","Wisconsin","4/28/20","6","0","55085","0"
"Outagamie","2","50","Wisconsin","4/28/20","35","15","55087","42.86"
"Ozaukee","1","86","Wisconsin","4/28/20","80","6","55089","7.5"
"Pierce","0","9","Wisconsin","4/28/20","8","1","55093","12.5"
"Polk","0","4","Wisconsin","4/28/20","4","0","55095","0"
"Portage","0","4","Wisconsin","4/28/20","4","0","55097","0"
"Price","0","1","Wisconsin","4/28/20","1","0","55099","0"
"Racine","18","308","Wisconsin","4/28/20","185","123","55101","66.49"
"Richland","0","11","Wisconsin","4/28/20","8","3","55103","37.5"
"Rock","14","178","Wisconsin","4/28/20","83","95","55105","114.46"
"Rusk","0","4","Wisconsin","4/28/20","4","0","55107","0"
"Sauk","1","44","Wisconsin","4/28/20","34","10","55111","29.41"
"Sawyer","0","3","Wisconsin","4/28/20","2","1","55113","50"
"Shawano","0","8","Wisconsin","4/28/20","6","2","55115","33.33"
"Sheboygan","0","46","Wisconsin","4/28/20","43","3","55117","6.98"
"St. Croix","0","13","Wisconsin","4/28/20","11","2","55109","18.18"
"Trempealeau","0","2","Wisconsin","4/28/20","1","1","55121","100"
"Vernon","0","1","Wisconsin","4/28/20","0","1","55123","1"
"Vilas","0","4","Wisconsin","4/28/20","4","0","55125","0"
"Walworth","7","139","Wisconsin","4/28/20","90","49","55127","54.44"
"Washburn","0","1","Wisconsin","4/28/20","1","0","55129","0"
"Washington","1","96","Wisconsin","4/28/20","87","9","55131","10.34"
"Waukesha","7","321","Wisconsin","4/28/20","274","47","55133","17.15"
"Waupaca","0","7","Wisconsin","4/28/20","4","3","55135","75"
"Waushara","0","2","Wisconsin","4/28/20","2","0","55137","0"
"Winnebago","1","48","Wisconsin","4/28/20","41","7","55139","17.07"
"Wood","0","2","Wisconsin","4/28/20","2","0","55141","0"
"Albany","0","8","Wyoming","4/28/20","6","2","56001","33.33"
"Big Horn","0","2","Wyoming","4/28/20","3","-1","56003","-33.33"
"Campbell","1","23","Wyoming","4/28/20","18","5","56005","27.78"
"Carbon","0","4","Wyoming","4/28/20","4","0","56007","0"
"Converse","1","21","Wyoming","4/28/20","15","6","56009","40"
"Crook","0","5","Wyoming","4/28/20","5","0","56011","0"
"Fremont","7","109","Wyoming","4/28/20","58","51","56013","87.93"
"Goshen","0","4","Wyoming","4/28/20","4","0","56015","0"
"Hot Springs","0","3","Wyoming","4/28/20","3","0","56017","0"
"Johnson","0","15","Wyoming","4/28/20","15","0","56019","0"
"Laramie","3","134","Wyoming","4/28/20","110","24","56021","21.82"
"Lincoln","0","9","Wyoming","4/28/20","9","0","56023","0"
"Natrona","0","49","Wyoming","4/28/20","48","1","56025","2.08"
"Niobrara","0","2","Wyoming","4/28/20","2","0","56027","0"
"Park","0","1","Wyoming","4/28/20","1","0","56029","0"
"Sheridan","0","16","Wyoming","4/28/20","16","0","56033","0"
"Sublette","0","3","Wyoming","4/28/20","3","0","56035","0"
"Sweetwater","0","16","Wyoming","4/28/20","16","0","56037","0"
"Teton","1","96","Wyoming","4/28/20","92","4","56039","4.35"
"Uinta","0","8","Wyoming","4/28/20","7","1","56041","14.29"
"Washakie","0","8","Wyoming","4/28/20","8","0","56043","0"
