"Locality","DailyAvgNewCasesPast7Days","TotalCases","State","Date","TotalCases7DaysAgo","NewCasesPast7Days","FIPS-Code","PercentIncreaseTotalCasesPast7Days"
"Autauga","1","28","Alabama","4/20/20","19","9","01001","47.37"
"Baldwin","6","117","Alabama","4/20/20","72","45","01003","62.5"
"Barbour","2","22","Alabama","4/20/20","10","12","01005","120"
"Bibb","2","32","Alabama","4/20/20","17","15","01007","88.24"
"Blount","1","22","Alabama","4/20/20","14","8","01009","57.14"
"Bullock","1","11","Alabama","4/20/20","5","6","01011","120"
"Butler","1","14","Alabama","4/20/20","8","6","01013","75"
"Calhoun","3","80","Alabama","4/20/20","61","19","01015","31.15"
"Chambers","6","257","Alabama","4/20/20","212","45","01017","21.23"
"Cherokee","0","12","Alabama","4/20/20","9","3","01019","33.33"
"Chilton","1","43","Alabama","4/20/20","33","10","01021","30.3"
"Choctaw","1","17","Alabama","4/20/20","10","7","01023","70"
"Clarke","1","24","Alabama","4/20/20","19","5","01025","26.32"
"Clay","1","19","Alabama","4/20/20","14","5","01027","35.71"
"Cleburne","0","12","Alabama","4/20/20","12","0","01029","0"
"Coffee","4","64","Alabama","4/20/20","36","28","01031","77.78"
"Colbert","1","16","Alabama","4/20/20","10","6","01033","60"
"Conecuh","1","9","Alabama","4/20/20","5","4","01035","80"
"Coosa","1","23","Alabama","4/20/20","18","5","01037","27.78"
"Covington","2","24","Alabama","4/20/20","13","11","01039","84.62"
"Crenshaw","0","6","Alabama","4/20/20","3","3","01041","100"
"Cullman","1","44","Alabama","4/20/20","39","5","01043","12.82"
"Dale","1","21","Alabama","4/20/20","12","9","01045","75"
"Dallas","2","26","Alabama","4/20/20","14","12","01047","85.71"
"DeKalb","3","46","Alabama","4/20/20","27","19","01049","70.37"
"Elmore","5","69","Alabama","4/20/20","35","34","01051","97.14"
"Escambia","1","16","Alabama","4/20/20","8","8","01053","100"
"Etowah","3","100","Alabama","4/20/20","77","23","01055","29.87"
"Fayette","0","3","Alabama","4/20/20","4","-1","01057","-25"
"Franklin","1","18","Alabama","4/20/20","10","8","01059","80"
"Geneva","0","4","Alabama","4/20/20","1","3","01061","300"
"Greene","2","32","Alabama","4/20/20","18","14","01063","77.78"
"Hale","2","31","Alabama","4/20/20","15","16","01065","106.67"
"Henry","1","18","Alabama","4/20/20","13","5","01067","38.46"
"Houston","3","70","Alabama","4/20/20","47","23","01069","48.94"
"Jackson","2","39","Alabama","4/20/20","26","13","01071","50"
"Jefferson","11","688","Alabama","4/20/20","612","76","01073","12.42"
"Lamar","0","9","Alabama","4/20/20","8","1","01075","12.5"
"Lauderdale","0","24","Alabama","4/20/20","22","2","01077","9.09"
"Lawrence","0","10","Alabama","4/20/20","8","2","01079","25"
"Lee","9","311","Alabama","4/20/20","250","61","01081","24.4"
"Limestone","0","40","Alabama","4/20/20","37","3","01083","8.11"
"Lowndes","2","31","Alabama","4/20/20","15","16","01085","106.67"
"Macon","2","26","Alabama","4/20/20","15","11","01087","73.33"
"Madison","2","202","Alabama","4/20/20","187","15","01089","8.02"
"Marengo","1","30","Alabama","4/20/20","22","8","01091","36.36"
"Marion","1","63","Alabama","4/20/20","56","7","01093","12.5"
"Marshall","9","167","Alabama","4/20/20","102","65","01095","63.73"
"Mobile","30","680","Alabama","4/20/20","468","212","01097","45.3"
"Monroe","0","9","Alabama","4/20/20","7","2","01099","28.57"
"Montgomery","14","231","Alabama","4/20/20","135","96","01101","71.11"
"Morgan","1","48","Alabama","4/20/20","42","6","01103","14.29"
"Perry","0","9","Alabama","4/20/20","6","3","01105","50"
"Pickens","2","40","Alabama","4/20/20","23","17","01107","73.91"
"Pike","3","41","Alabama","4/20/20","21","20","01109","95.24"
"Randolph","2","56","Alabama","4/20/20","40","16","01111","40"
"Russell","3","48","Alabama","4/20/20","27","21","01113","77.78"
"Shelby","6","273","Alabama","4/20/20","230","43","01117","18.7"
"St. Clair","2","57","Alabama","4/20/20","43","14","01115","32.56"
"Sumter","3","40","Alabama","4/20/20","21","19","01119","90.48"
"Talladega","1","47","Alabama","4/20/20","38","9","01121","23.68"
"Tallapoosa","13","193","Alabama","4/20/20","101","92","01123","91.09"
"Tuscaloosa","5","153","Alabama","4/20/20","121","32","01125","26.45"
"Walker","1","90","Alabama","4/20/20","84","6","01127","7.14"
"Washington","1","16","Alabama","4/20/20","12","4","01129","33.33"
"Wilcox","3","49","Alabama","4/20/20","31","18","01131","58.06"
"Winston","1","9","Alabama","4/20/20","4","5","01133","125"
"Anchorage","3","155","Alaska","4/20/20","131","24","02020","18.32"
"Bethel","0","1","Alaska","4/20/20","1","0","02050","0"
"Fairbanks North Star","0","79","Alaska","4/20/20","79","0","02090","0"
"Juneau","1","24","Alaska","4/20/20","17","7","02110","41.18"
"Kenai Peninsula","1","19","Alaska","4/20/20","15","4","02122","26.67"
"Ketchikan Gateway","0","15","Alaska","4/20/20","15","0","02130","0"
"Kodiak Island","0","1","Alaska","4/20/20","0","1","02150","1"
"Matanuska-Susitna","1","19","Alaska","4/20/20","14","5","02170","35.71"
"Nome","0","1","Alaska","4/20/20","0","1","02180","1"
"Petersburg","0","3","Alaska","4/20/20","2","1","02195","50"
"Prince of Wales-Hyder","0","2","Alaska","4/20/20","1","1","02198","100"
"Southeast Fairbanks","0","1","Alaska","4/20/20","1","0","02240","0"
"Yukon-Koyukuk","0","1","Alaska","4/20/20","1","0","02290","0"
"Apache","16","202","Arizona","4/20/20","89","113","04001","126.97"
"Cochise","2","28","Arizona","4/20/20","16","12","04003","75"
"Coconino","12","337","Arizona","4/20/20","253","84","04005","33.2"
"Gila","1","8","Arizona","4/20/20","3","5","04007","166.67"
"Graham","0","2","Arizona","4/20/20","2","0","04009","0"
"Greenlee","0","2","Arizona","4/20/20","2","0","04011","0"
"La Paz","0","5","Arizona","4/20/20","4","1","04012","25"
"Maricopa","88","2636","Arizona","4/20/20","2020","616","04013","30.5"
"Mohave","2","56","Arizona","4/20/20","40","16","04015","40"
"Navajo","18","473","Arizona","4/20/20","345","128","04017","37.1"
"Pima","39","941","Arizona","4/20/20","668","273","04019","40.87"
"Pinal","13","256","Arizona","4/20/20","168","88","04021","52.38"
"Santa Cruz","1","20","Arizona","4/20/20","10","10","04023","100"
"Yavapai","1","71","Arizona","4/20/20","65","6","04025","9.23"
"Yuma","2","31","Arizona","4/20/20","20","11","04027","55"
"Arkansas","0","2","Arkansas","4/20/20","2","0","05001","0"
"Ashley","0","12","Arkansas","4/20/20","11","1","05003","9.09"
"Baxter","0","5","Arkansas","4/20/20","4","1","05005","25"
"Benton","2","62","Arkansas","4/20/20","50","12","05007","24"
"Boone","0","3","Arkansas","4/20/20","3","0","05009","0"
"Bradley","0","7","Arkansas","4/20/20","7","0","05011","0"
"Carroll","0","2","Arkansas","4/20/20","2","0","05015","0"
"Chicot","0","7","Arkansas","4/20/20","5","2","05017","40"
"Clark","0","27","Arkansas","4/20/20","26","1","05019","3.85"
"Clay","0","1","Arkansas","4/20/20","1","0","05021","0"
"Cleburne","0","71","Arkansas","4/20/20","70","1","05023","1.43"
"Cleveland","0","8","Arkansas","4/20/20","8","0","05025","0"
"Columbia","0","5","Arkansas","4/20/20","3","2","05027","66.67"
"Conway","0","5","Arkansas","4/20/20","4","1","05029","25"
"Craighead","1","44","Arkansas","4/20/20","36","8","05031","22.22"
"Crawford","0","4","Arkansas","4/20/20","4","0","05033","0"
"Crittenden","6","142","Arkansas","4/20/20","103","39","05035","37.86"
"Cross","0","8","Arkansas","4/20/20","7","1","05037","14.29"
"Dallas","0","1","Arkansas","4/20/20","1","0","05039","0"
"Desha","0","7","Arkansas","4/20/20","6","1","05041","16.67"
"Drew","0","6","Arkansas","4/20/20","6","0","05043","0"
"Faulkner","1","62","Arkansas","4/20/20","57","5","05045","8.77"
"Franklin","0","1","Arkansas","4/20/20","1","0","05047","0"
"Garland","1","108","Arkansas","4/20/20","101","7","05051","6.93"
"Grant","0","11","Arkansas","4/20/20","10","1","05053","10"
"Greene","0","8","Arkansas","4/20/20","6","2","05055","33.33"
"Hempstead","0","5","Arkansas","4/20/20","5","0","05057","0"
"Hot Spring","0","8","Arkansas","4/20/20","8","0","05059","0"
"Howard","1","14","Arkansas","4/20/20","9","5","05061","55.56"
"Independence","0","8","Arkansas","4/20/20","6","2","05063","33.33"
"Izard","0","2","Arkansas","4/20/20","2","0","05065","0"
"Jackson","0","1","Arkansas","4/20/20","0","1","05067","1"
"Jefferson","4","126","Arkansas","4/20/20","100","26","05069","26"
"Johnson","1","22","Arkansas","4/20/20","13","9","05071","69.23"
"Lafayette","0","4","Arkansas","4/20/20","3","1","05073","33.33"
"Lawrence","2","26","Arkansas","4/20/20","11","15","05075","136.36"
"Lee","0","3","Arkansas","4/20/20","2","1","05077","50"
"Lincoln","29","258","Arkansas","4/20/20","56","202","05079","360.71"
"Logan","0","3","Arkansas","4/20/20","2","1","05083","50"
"Lonoke","0","26","Arkansas","4/20/20","29","-3","05085","-10.34"
"Madison","0","1","Arkansas","4/20/20","1","0","05087","0"
"Marion","0","1","Arkansas","4/20/20","1","0","05089","0"
"Miller","1","30","Arkansas","4/20/20","24","6","05091","25"
"Mississippi","0","9","Arkansas","4/20/20","7","2","05093","28.57"
"Monroe","0","4","Arkansas","4/20/20","2","2","05095","100"
"Nevada","0","1","Arkansas","4/20/20","1","0","05099","0"
"Newton","0","2","Arkansas","4/20/20","1","1","05101","100"
"Ouachita","0","5","Arkansas","4/20/20","5","0","05103","0"
"Perry","0","3","Arkansas","4/20/20","2","1","05105","50"
"Phillips","0","4","Arkansas","4/20/20","4","0","05107","0"
"Pike","0","2","Arkansas","4/20/20","2","0","05109","0"
"Poinsett","0","10","Arkansas","4/20/20","7","3","05111","42.86"
"Polk","0","7","Arkansas","4/20/20","6","1","05113","16.67"
"Pope","1","35","Arkansas","4/20/20","31","4","05115","12.9"
"Prairie","0","2","Arkansas","4/20/20","2","0","05117","0"
"Pulaski","16","388","Arkansas","4/20/20","273","115","05119","42.12"
"Randolph","1","14","Arkansas","4/20/20","8","6","05121","75"
"Saline","2","45","Arkansas","4/20/20","32","13","05125","40.62"
"Scott","0","1","Arkansas","4/20/20","1","0","05127","0"
"Searcy","0","6","Arkansas","4/20/20","6","0","05129","0"
"Sebastian","0","11","Arkansas","4/20/20","11","0","05131","0"
"Sevier","0","10","Arkansas","4/20/20","8","2","05133","25"
"Sharp","0","2","Arkansas","4/20/20","2","0","05135","0"
"St. Francis","4","65","Arkansas","4/20/20","34","31","05123","91.18"
"Stone","0","7","Arkansas","4/20/20","7","0","05137","0"
"Union","1","26","Arkansas","4/20/20","17","9","05139","52.94"
"Van Buren","0","26","Arkansas","4/20/20","26","0","05141","0"
"Washington","2","54","Arkansas","4/20/20","43","11","05143","25.58"
"White","0","29","Arkansas","4/20/20","28","1","05145","3.57"
"Woodruff","0","1","Arkansas","4/20/20","1","0","05147","0"
"Yell","0","2","Arkansas","4/20/20","1","1","05149","100"
"Alameda","44","1193","California","4/20/20","888","305","06001","34.35"
"Alpine","0","1","California","4/20/20","2","-1","06003","-50"
"Amador","0","7","California","4/20/20","7","0","06005","0"
"Butte","0","16","California","4/20/20","14","2","06007","14.29"
"Calaveras","1","12","California","4/20/20","8","4","06009","50"
"Colusa","0","3","California","4/20/20","3","0","06011","0"
"Contra Costa","22","707","California","4/20/20","552","155","06013","28.08"
"Del Norte","0","2","California","4/20/20","2","0","06015","0"
"El Dorado","1","36","California","4/20/20","32","4","06017","12.5"
"Fresno","16","315","California","4/20/20","201","114","06019","56.72"
"Glenn","0","4","California","4/20/20","3","1","06021","33.33"
"Humboldt","0","52","California","4/20/20","50","2","06023","4"
"Imperial","10","160","California","4/20/20","87","73","06025","83.91"
"Inyo","1","18","California","4/20/20","12","6","06027","50"
"Kern","30","643","California","4/20/20","436","207","06029","47.48"
"Kings","3","30","California","4/20/20","10","20","06031","200"
"Lake","0","6","California","4/20/20","4","2","06033","50"
"Los Angeles","627","13823","California","4/20/20","9433","4390","06037","46.54"
"Madera","0","34","California","4/20/20","33","1","06039","3.03"
"Marin","4","195","California","4/20/20","164","31","06041","18.9"
"Mendocino","0","5","California","4/20/20","4","1","06045","25"
"Merced","4","90","California","4/20/20","65","25","06047","38.46"
"Mono","0","24","California","4/20/20","23","1","06051","4.35"
"Monterey","8","141","California","4/20/20","87","54","06053","62.07"
"Napa","2","48","California","4/20/20","34","14","06055","41.18"
"Nevada","0","36","California","4/20/20","34","2","06057","5.88"
"Orange","56","1676","California","4/20/20","1283","393","06059","30.63"
"Placer","1","132","California","4/20/20","127","5","06061","3.94"
"Plumas","0","4","California","4/20/20","4","0","06063","0"
"Riverside","175","2847","California","4/20/20","1619","1228","06065","75.85"
"Sacramento","29","940","California","4/20/20","739","201","06067","27.2"
"San Benito","1","44","California","4/20/20","35","9","06069","25.71"
"San Bernardino","74","1406","California","4/20/20","887","519","06071","58.51"
"San Diego","66","2268","California","4/20/20","1804","464","06073","25.72"
"San Francisco","37","1216","California","4/20/20","957","259","06075","27.06"
"San Joaquin","19","428","California","4/20/20","293","135","06077","46.08"
"San Luis Obispo","2","132","California","4/20/20","117","15","06079","12.82"
"San Mateo","31","920","California","4/20/20","701","219","06081","31.24"
"Santa Barbara","18","394","California","4/20/20","267","127","06083","47.57"
"Santa Clara","37","1922","California","4/20/20","1666","256","06085","15.37"
"Santa Cruz","2","106","California","4/20/20","91","15","06087","16.48"
"Shasta","0","26","California","4/20/20","24","2","06089","8.33"
"Siskiyou","0","5","California","4/20/20","5","0","06093","0"
"Solano","8","180","California","4/20/20","121","59","06095","48.76"
"Sonoma","5","181","California","4/20/20","147","34","06097","23.13"
"Stanislaus","14","226","California","4/20/20","131","95","06099","72.52"
"Sutter","-2","26","California","4/20/20","37","-11","06101","-29.73"
"Tehama","0","1","California","4/20/20","1","0","06103","0"
"Tulare","23","422","California","4/20/20","264","158","06107","59.85"
"Tuolumne","0","2","California","4/20/20","1","1","06109","100"
"Ventura","16","428","California","4/20/20","314","114","06111","36.31"
"Yolo","6","137","California","4/20/20","93","44","06113","47.31"
"Yuba","0","16","California","4/20/20","15","1","06115","6.67"
"Adams","39","968","Colorado","4/20/20","693","275","08001","39.68"
"Alamosa","0","9","Colorado","4/20/20","7","2","08003","28.57"
"Arapahoe","66","1602","Colorado","4/20/20","1142","460","08005","40.28"
"Archuleta","0","7","Colorado","4/20/20","6","1","08007","16.67"
"Baca","0","10","Colorado","4/20/20","10","0","08009","0"
"Boulder","11","360","Colorado","4/20/20","284","76","08013","26.76"
"Broomfield","3","103","Colorado","4/20/20","81","22","08014","27.16"
"Chaffee","1","38","Colorado","4/20/20","28","10","08015","35.71"
"Clear Creek","0","11","Colorado","4/20/20","11","0","08019","0"
"Costilla","0","3","Colorado","4/20/20","3","0","08023","0"
"Crowley","0","2","Colorado","4/20/20","2","0","08025","0"
"Custer","0","2","Colorado","4/20/20","2","0","08027","0"
"Delta","3","25","Colorado","4/20/20","7","18","08029","257.14"
"Denver","76","1880","Colorado","4/20/20","1346","534","08031","39.67"
"Douglas","11","381","Colorado","4/20/20","304","77","08035","25.33"
"Eagle","4","486","Colorado","4/20/20","457","29","08037","6.35"
"El Paso","13","734","Colorado","4/20/20","641","93","08041","14.51"
"Elbert","1","24","Colorado","4/20/20","16","8","08039","50"
"Fremont","0","11","Colorado","4/20/20","8","3","08043","37.5"
"Garfield","2","71","Colorado","4/20/20","58","13","08045","22.41"
"Gilpin","0","1","Colorado","4/20/20","1","0","08047","0"
"Grand","0","4","Colorado","4/20/20","4","0","08049","0"
"Gunnison","3","117","Colorado","4/20/20","99","18","08051","18.18"
"Hinsdale","0","3","Colorado","4/20/20","2","1","08053","50"
"Huerfano","0","1","Colorado","4/20/20","1","0","08055","0"
"Jefferson","29","987","Colorado","4/20/20","787","200","08059","25.41"
"Kit Carson","1","18","Colorado","4/20/20","8","10","08063","125"
"La Plata","1","52","Colorado","4/20/20","44","8","08067","18.18"
"Lake","1","8","Colorado","4/20/20","4","4","08065","100"
"Larimer","7","245","Colorado","4/20/20","193","52","08069","26.94"
"Las Animas","0","3","Colorado","4/20/20","2","1","08071","50"
"Lincoln","0","3","Colorado","4/20/20","2","1","08073","50"
"Logan","1","22","Colorado","4/20/20","13","9","08075","69.23"
"Mesa","0","35","Colorado","4/20/20","35","0","08077","0"
"Mineral","0","2","Colorado","4/20/20","2","0","08079","0"
"Moffat","0","5","Colorado","4/20/20","3","2","08081","66.67"
"Montezuma","0","13","Colorado","4/20/20","12","1","08083","8.33"
"Montrose","3","80","Colorado","4/20/20","59","21","08085","35.59"
"Morgan","13","167","Colorado","4/20/20","75","92","08087","122.67"
"Otero","0","7","Colorado","4/20/20","5","2","08089","40"
"Ouray","0","5","Colorado","4/20/20","4","1","08091","25"
"Park","0","6","Colorado","4/20/20","6","0","08093","0"
"Phillips","0","5","Colorado","4/20/20","4","1","08095","25"
"Pitkin","1","57","Colorado","4/20/20","49","8","08097","16.33"
"Prowers","0","1","Colorado","4/20/20","1","0","08099","0"
"Pueblo","3","88","Colorado","4/20/20","64","24","08101","37.5"
"Rio Blanco","0","1","Colorado","4/20/20","1","0","08103","0"
"Rio Grande","0","7","Colorado","4/20/20","5","2","08105","40"
"Routt","1","49","Colorado","4/20/20","41","8","08107","19.51"
"Saguache","0","3","Colorado","4/20/20","3","0","08109","0"
"San Miguel","1","17","Colorado","4/20/20","12","5","08113","41.67"
"Summit","2","93","Colorado","4/20/20","77","16","08117","20.78"
"Teller","1","24","Colorado","4/20/20","15","9","08119","60"
"Washington","1","6","Colorado","4/20/20","2","4","08121","200"
"Weld","45","1121","Colorado","4/20/20","808","313","08123","38.74"
"Yuma","0","3","Colorado","4/20/20","2","1","08125","50"
"Fairfield","331","8320","Connecticut","4/20/20","6004","2316","09001","38.57"
"Hartford","226","3823","Connecticut","4/20/20","2243","1580","09003","70.44"
"Litchfield","28","639","Connecticut","4/20/20","446","193","09005","43.27"
"Middlesex","21","484","Connecticut","4/20/20","339","145","09007","42.77"
"New Haven","273","5272","Connecticut","4/20/20","3358","1914","09009","57"
"New London","19","356","Connecticut","4/20/20","222","134","09011","60.36"
"Tolland","15","299","Connecticut","4/20/20","195","104","09013","53.33"
"Windham","4","108","Connecticut","4/20/20","83","25","09015","30.12"
"Kent","20","430","Delaware","4/20/20","288","142","10001","49.31"
"New Castle","44","1229","Delaware","4/20/20","919","310","10003","33.73"
"Sussex","72","1055","Delaware","4/20/20","551","504","10005","91.47"
"","0","49","Diamond Princess","4/20/20","49","0",,"0"
"District of Columbia","139","2927","District of Columbia","4/20/20","1955","972","11001","49.72"
"Alachua","4","218","Florida","4/20/20","187","31","12001","16.58"
"Baker","0","17","Florida","4/20/20","17","0","12003","0"
"Bay","3","57","Florida","4/20/20","38","19","12005","50"
"Bradford","2","42","Florida","4/20/20","30","12","12007","40"
"Brevard","10","218","Florida","4/20/20","148","70","12009","47.3"
"Broward","129","4078","Florida","4/20/20","3177","901","12011","28.36"
"Calhoun","0","6","Florida","4/20/20","5","1","12013","20"
"Charlotte","3","139","Florida","4/20/20","119","20","12015","16.81"
"Citrus","2","86","Florida","4/20/20","72","14","12017","19.44"
"Clay","12","249","Florida","4/20/20","165","84","12019","50.91"
"Collier","13","470","Florida","4/20/20","376","94","12021","25"
"Columbia","2","40","Florida","4/20/20","27","13","12023","48.15"
"DeSoto","0","24","Florida","4/20/20","22","2","12027","9.09"
"Dixie","0","4","Florida","4/20/20","2","2","12029","100"
"Duval","29","896","Florida","4/20/20","691","205","12031","29.67"
"Escambia","11","315","Florida","4/20/20","241","74","12033","30.71"
"Flagler","4","76","Florida","4/20/20","45","31","12035","68.89"
"Franklin","0","2","Florida","4/20/20","2","0","12037","0"
"Gadsden","3","57","Florida","4/20/20","36","21","12039","58.33"
"Gilchrist","0","4","Florida","4/20/20","4","0","12041","0"
"Glades","0","5","Florida","4/20/20","5","0","12043","0"
"Gulf","0","1","Florida","4/20/20","1","0","12045","0"
"Hamilton","0","3","Florida","4/20/20","2","1","12047","50"
"Hardee","0","4","Florida","4/20/20","3","1","12049","33.33"
"Hendry","3","44","Florida","4/20/20","22","22","12051","100"
"Hernando","2","84","Florida","4/20/20","71","13","12053","18.31"
"Highlands","1","71","Florida","4/20/20","61","10","12055","16.39"
"Hillsborough","23","973","Florida","4/20/20","813","160","12057","19.68"
"Holmes","1","6","Florida","4/20/20","2","4","12059","200"
"Indian River","1","85","Florida","4/20/20","77","8","12061","10.39"
"Jackson","0","9","Florida","4/20/20","6","3","12063","50"
"Jefferson","2","26","Florida","4/20/20","12","14","12065","116.67"
"Lafayette","0","1","Florida","4/20/20","1","0","12067","0"
"Lake","7","211","Florida","4/20/20","162","49","12069","30.25"
"Lee","20","785","Florida","4/20/20","642","143","12071","22.27"
"Leon","5","184","Florida","4/20/20","150","34","12073","22.67"
"Levy","1","13","Florida","4/20/20","7","6","12075","85.71"
"Liberty","0","2","Florida","4/20/20","2","0","12077","0"
"Madison","1","23","Florida","4/20/20","14","9","12079","64.29"
"Manatee","26","433","Florida","4/20/20","252","181","12081","71.83"
"Marion","4","129","Florida","4/20/20","101","28","12083","27.72"
"Martin","4","155","Florida","4/20/20","129","26","12085","20.16"
"Miami-Dade","314","9657","Florida","4/20/20","7459","2198","12086","29.47"
"Monroe","1","73","Florida","4/20/20","64","9","12087","14.06"
"Nassau","2","46","Florida","4/20/20","34","12","12089","35.29"
"Okaloosa","4","131","Florida","4/20/20","103","28","12091","27.18"
"Okeechobee","0","7","Florida","4/20/20","5","2","12093","40"
"Orange","27","1216","Florida","4/20/20","1024","192","12095","18.75"
"Osceola","11","410","Florida","4/20/20","333","77","12097","23.12"
"Palm Beach","79","2260","Florida","4/20/20","1704","556","12099","32.63"
"Pasco","6","209","Florida","4/20/20","169","40","12101","23.67"
"Pinellas","18","607","Florida","4/20/20","479","128","12103","26.72"
"Polk","9","335","Florida","4/20/20","270","65","12105","24.07"
"Putnam","2","58","Florida","4/20/20","42","16","12107","38.1"
"Santa Rosa","4","140","Florida","4/20/20","113","27","12113","23.89"
"Sarasota","9","291","Florida","4/20/20","230","61","12115","26.52"
"Seminole","8","325","Florida","4/20/20","268","57","12117","21.27"
"St. Johns","2","192","Florida","4/20/20","176","16","12109","9.09"
"St. Lucie","6","204","Florida","4/20/20","161","43","12111","26.71"
"Sumter","6","153","Florida","4/20/20","112","41","12119","36.61"
"Suwannee","4","98","Florida","4/20/20","68","30","12121","44.12"
"Taylor","0","2","Florida","4/20/20","1","1","12123","100"
"Union","0","2","Florida","4/20/20","2","0","12125","0"
"Volusia","18","342","Florida","4/20/20","216","126","12127","58.33"
"Wakulla","0","15","Florida","4/20/20","12","3","12129","25"
"Walton","0","32","Florida","4/20/20","29","3","12131","10.34"
"Washington","0","6","Florida","4/20/20","4","2","12133","50"
"Appling","1","21","Georgia","4/20/20","11","10","13001","90.91"
"Atkinson","0","5","Georgia","4/20/20","2","3","13003","150"
"Bacon","1","19","Georgia","4/20/20","14","5","13005","35.71"
"Baker","1","20","Georgia","4/20/20","16","4","13007","25"
"Baldwin","11","130","Georgia","4/20/20","53","77","13009","145.28"
"Banks","1","15","Georgia","4/20/20","7","8","13011","114.29"
"Barrow","5","93","Georgia","4/20/20","55","38","13013","69.09"
"Bartow","6","255","Georgia","4/20/20","216","39","13015","18.06"
"Ben Hill","1","15","Georgia","4/20/20","8","7","13017","87.5"
"Berrien","1","10","Georgia","4/20/20","6","4","13019","66.67"
"Bibb","19","203","Georgia","4/20/20","72","131","13021","181.94"
"Bleckley","0","5","Georgia","4/20/20","3","2","13023","66.67"
"Brantley","1","20","Georgia","4/20/20","11","9","13025","81.82"
"Brooks","1","23","Georgia","4/20/20","19","4","13027","21.05"
"Bryan","1","35","Georgia","4/20/20","31","4","13029","12.9"
"Bulloch","2","30","Georgia","4/20/20","19","11","13031","57.89"
"Burke","3","48","Georgia","4/20/20","28","20","13033","71.43"
"Butts","7","80","Georgia","4/20/20","30","50","13035","166.67"
"Calhoun","2","61","Georgia","4/20/20","48","13","13037","27.08"
"Camden","1","27","Georgia","4/20/20","22","5","13039","22.73"
"Candler","0","7","Georgia","4/20/20","4","3","13043","75"
"Carroll","13","305","Georgia","4/20/20","214","91","13045","42.52"
"Catoosa","1","23","Georgia","4/20/20","13","10","13047","76.92"
"Charlton","0","6","Georgia","4/20/20","3","3","13049","100"
"Chatham","5","185","Georgia","4/20/20","152","33","13051","21.71"
"Chattahoochee","1","7","Georgia","4/20/20","3","4","13053","133.33"
"Chattooga","0","9","Georgia","4/20/20","7","2","13055","28.57"
"Cherokee","17","317","Georgia","4/20/20","198","119","13057","60.1"
"Clarke","4","114","Georgia","4/20/20","85","29","13059","34.12"
"Clay","1","20","Georgia","4/20/20","16","4","13061","25"
"Clayton","21","540","Georgia","4/20/20","391","149","13063","38.11"
"Clinch","0","7","Georgia","4/20/20","6","1","13065","16.67"
"Cobb","59","1196","Georgia","4/20/20","782","414","13067","52.94"
"Coffee","3","83","Georgia","4/20/20","60","23","13069","38.33"
"Colquitt","8","145","Georgia","4/20/20","88","57","13071","64.77"
"Columbia","7","116","Georgia","4/20/20","70","46","13073","65.71"
"Cook","1","13","Georgia","4/20/20","7","6","13075","85.71"
"Coweta","7","169","Georgia","4/20/20","119","50","13077","42.02"
"Crawford","2","14","Georgia","4/20/20","3","11","13079","366.67"
"Crisp","8","125","Georgia","4/20/20","71","54","13081","76.06"
"Dade","1","10","Georgia","4/20/20","2","8","13083","400"
"Dawson","2","45","Georgia","4/20/20","29","16","13085","55.17"
"Decatur","4","61","Georgia","4/20/20","36","25","13087","69.44"
"DeKalb","77","1521","Georgia","4/20/20","980","541","13089","55.2"
"Dodge","1","19","Georgia","4/20/20","14","5","13091","35.71"
"Dooly","3","71","Georgia","4/20/20","50","21","13093","42"
"Dougherty","31","1436","Georgia","4/20/20","1217","219","13095","18"
"Douglas","11","243","Georgia","4/20/20","167","76","13097","45.51"
"Early","7","173","Georgia","4/20/20","126","47","13099","37.3"
"Echols","0","4","Georgia","4/20/20","2","2","13101","100"
"Effingham","1","27","Georgia","4/20/20","22","5","13103","22.73"
"Elbert","1","7","Georgia","4/20/20","3","4","13105","133.33"
"Emanuel","1","14","Georgia","4/20/20","9","5","13107","55.56"
"Evans","0","3","Georgia","4/20/20","1","2","13109","200"
"Fannin","1","19","Georgia","4/20/20","9","10","13111","111.11"
"Fayette","5","143","Georgia","4/20/20","105","38","13113","36.19"
"Floyd","2","126","Georgia","4/20/20","111","15","13115","13.51"
"Forsyth","10","211","Georgia","4/20/20","138","73","13117","52.9"
"Franklin","1","12","Georgia","4/20/20","4","8","13119","200"
"Fulton","86","2198","Georgia","4/20/20","1598","600","13121","37.55"
"Gilmer","1","15","Georgia","4/20/20","7","8","13123","114.29"
"Glynn","2","49","Georgia","4/20/20","38","11","13127","28.95"
"Gordon","4","67","Georgia","4/20/20","39","28","13129","71.79"
"Grady","3","34","Georgia","4/20/20","15","19","13131","126.67"
"Greene","2","45","Georgia","4/20/20","29","16","13133","55.17"
"Gwinnett","63","1181","Georgia","4/20/20","739","442","13135","59.81"
"Habersham","12","99","Georgia","4/20/20","15","84","13137","560"
"Hall","59","702","Georgia","4/20/20","292","410","13139","140.41"
"Hancock","1","10","Georgia","4/20/20","3","7","13141","233.33"
"Haralson","1","22","Georgia","4/20/20","16","6","13143","37.5"
"Harris","3","45","Georgia","4/20/20","22","23","13145","104.55"
"Hart","0","6","Georgia","4/20/20","4","2","13147","50"
"Heard","0","7","Georgia","4/20/20","4","3","13149","75"
"Henry","15","382","Georgia","4/20/20","280","102","13151","36.43"
"Houston","8","182","Georgia","4/20/20","129","53","13153","41.09"
"Irwin","0","15","Georgia","4/20/20","12","3","13155","25"
"Jackson","4","55","Georgia","4/20/20","27","28","13157","103.7"
"Jasper","1","18","Georgia","4/20/20","8","10","13159","125"
"Jeff Davis","1","7","Georgia","4/20/20","1","6","13161","600"
"Jefferson","1","11","Georgia","4/20/20","7","4","13163","57.14"
"Jenkins","0","13","Georgia","4/20/20","10","3","13165","30"
"Johnson","2","34","Georgia","4/20/20","19","15","13167","78.95"
"Jones","1","20","Georgia","4/20/20","12","8","13169","66.67"
"Lamar","1","27","Georgia","4/20/20","18","9","13171","50"
"Lanier","0","7","Georgia","4/20/20","5","2","13173","40"
"Laurens","1","43","Georgia","4/20/20","35","8","13175","22.86"
"Lee","3","276","Georgia","4/20/20","253","23","13177","9.09"
"Liberty","2","34","Georgia","4/20/20","18","16","13179","88.89"
"Lincoln","0","9","Georgia","4/20/20","9","0","13181","0"
"Long","0","2","Georgia","4/20/20","1","1","13183","100"
"Lowndes","5","101","Georgia","4/20/20","65","36","13185","55.38"
"Lumpkin","2","24","Georgia","4/20/20","9","15","13187","166.67"
"Macon","4","53","Georgia","4/20/20","25","28","13193","112"
"Madison","1","15","Georgia","4/20/20","10","5","13195","50"
"Marion","3","29","Georgia","4/20/20","10","19","13197","190"
"McDuffie","2","37","Georgia","4/20/20","25","12","13189","48"
"McIntosh","0","4","Georgia","4/20/20","3","1","13191","33.33"
"Meriwether","3","46","Georgia","4/20/20","23","23","13199","100"
"Miller","2","23","Georgia","4/20/20","12","11","13201","91.67"
"Mitchell","9","210","Georgia","4/20/20","147","63","13205","42.86"
"Monroe","0","15","Georgia","4/20/20","12","3","13207","25"
"Montgomery","0","2","Georgia","4/20/20","2","0","13209","0"
"Morgan","1","22","Georgia","4/20/20","14","8","13211","57.14"
"Murray","0","18","Georgia","4/20/20","15","3","13213","20"
"Muscogee","10","229","Georgia","4/20/20","161","68","13215","42.24"
"Newton","7","139","Georgia","4/20/20","91","48","13217","52.75"
"Oconee","2","51","Georgia","4/20/20","39","12","13219","30.77"
"Oglethorpe","3","34","Georgia","4/20/20","13","21","13221","161.54"
"Out of GA","136","951","Georgia","4/20/20","0","951","80013","1"
"Paulding","7","141","Georgia","4/20/20","91","50","13223","54.95"
"Peach","2","35","Georgia","4/20/20","24","11","13225","45.83"
"Pickens","1","18","Georgia","4/20/20","11","7","13227","63.64"
"Pierce","1","51","Georgia","4/20/20","45","6","13229","13.33"
"Pike","2","33","Georgia","4/20/20","18","15","13231","83.33"
"Polk","2","36","Georgia","4/20/20","24","12","13233","50"
"Pulaski","1","18","Georgia","4/20/20","10","8","13235","80"
"Putnam","3","25","Georgia","4/20/20","7","18","13237","257.14"
"Quitman","0","3","Georgia","4/20/20","3","0","13239","0"
"Rabun","0","8","Georgia","4/20/20","6","2","13241","33.33"
"Randolph","4","145","Georgia","4/20/20","117","28","13243","23.93"
"Richmond","19","283","Georgia","4/20/20","147","136","13245","92.52"
"Rockdale","6","140","Georgia","4/20/20","100","40","13247","40"
"Schley","1","16","Georgia","4/20/20","12","4","13249","33.33"
"Screven","1","11","Georgia","4/20/20","7","4","13251","57.14"
"Seminole","1","25","Georgia","4/20/20","15","10","13253","66.67"
"Spalding","9","135","Georgia","4/20/20","75","60","13255","80"
"Stephens","3","40","Georgia","4/20/20","19","21","13257","110.53"
"Stewart","1","17","Georgia","4/20/20","8","9","13259","112.5"
"Sumter","12","332","Georgia","4/20/20","245","87","13261","35.51"
"Talbot","1","19","Georgia","4/20/20","9","10","13263","111.11"
"Tattnall","0","5","Georgia","4/20/20","5","0","13267","0"
"Taylor","1","13","Georgia","4/20/20","8","5","13269","62.5"
"Telfair","1","15","Georgia","4/20/20","9","6","13271","66.67"
"Terrell","5","150","Georgia","4/20/20","114","36","13273","31.58"
"Thomas","7","126","Georgia","4/20/20","78","48","13275","61.54"
"Tift","4","92","Georgia","4/20/20","62","30","13277","48.39"
"Toombs","1","20","Georgia","4/20/20","12","8","13279","66.67"
"Towns","2","15","Georgia","4/20/20","3","12","13281","400"
"Treutlen","0","2","Georgia","4/20/20","1","1","13283","100"
"Troup","6","100","Georgia","4/20/20","61","39","13285","63.93"
"Turner","3","59","Georgia","4/20/20","37","22","13287","59.46"
"Twiggs","0","4","Georgia","4/20/20","2","2","13289","100"
"Union","1","16","Georgia","4/20/20","7","9","13291","128.57"
"Upson","16","175","Georgia","4/20/20","61","114","13293","186.89"
"Walker","2","19","Georgia","4/20/20","6","13","13295","216.67"
"Walton","3","63","Georgia","4/20/20","44","19","13297","43.18"
"Ware","5","88","Georgia","4/20/20","56","32","13299","57.14"
"Warren","0","10","Georgia","4/20/20","7","3","13301","42.86"
"Washington","0","25","Georgia","4/20/20","23","2","13303","8.7"
"Wayne","1","8","Georgia","4/20/20","4","4","13305","100"
"Webster","0","6","Georgia","4/20/20","3","3","13307","100"
"Wheeler","0","3","Georgia","4/20/20","2","1","13309","50"
"White","3","30","Georgia","4/20/20","11","19","13311","172.73"
"Whitfield","3","45","Georgia","4/20/20","26","19","13313","73.08"
"Wilcox","3","44","Georgia","4/20/20","24","20","13315","83.33"
"Wilkes","2","18","Georgia","4/20/20","6","12","13317","200"
"Wilkinson","2","22","Georgia","4/20/20","11","11","13319","100"
"Worth","5","128","Georgia","4/20/20","91","37","13321","40.66"
"","0","103","Grand Princess","4/20/20","103","0",,"0"
"","0","136","Guam","4/20/20","133","3",,"2.26"
"Hawaii","3","64","Hawaii","4/20/20","40","24","15001","60"
"Honolulu","5","385","Hawaii","4/20/20","352","33","15003","9.38"
"Kauai","0","21","Hawaii","4/20/20","21","0","15007","0"
"Maui","3","108","Hawaii","4/20/20","86","22","15009","25.58"
"Out of HI","1","6","Hawaii","4/20/20","2","4","80015","200"
"Ada","12","598","Idaho","4/20/20","517","81","16001","15.67"
"Adams","0","1","Idaho","4/20/20","1","0","16003","0"
"Bannock","0","8","Idaho","4/20/20","5","3","16005","60"
"Bingham","0","3","Idaho","4/20/20","2","1","16011","50"
"Blaine","3","476","Idaho","4/20/20","454","22","16013","4.85"
"Bonner","0","4","Idaho","4/20/20","4","0","16017","0"
"Bonneville","2","24","Idaho","4/20/20","13","11","16019","84.62"
"Boundary","0","0","Idaho","4/20/20","1","-1","16021","-100"
"Camas","0","1","Idaho","4/20/20","1","0","16025","0"
"Canyon","5","187","Idaho","4/20/20","155","32","16027","20.65"
"Caribou","0","1","Idaho","4/20/20","1","0","16029","0"
"Cassia","0","10","Idaho","4/20/20","8","2","16031","25"
"Custer","0","2","Idaho","4/20/20","2","0","16037","0"
"Elmore","1","22","Idaho","4/20/20","16","6","16039","37.5"
"Fremont","0","2","Idaho","4/20/20","2","0","16043","0"
"Gem","0","10","Idaho","4/20/20","9","1","16045","11.11"
"Gooding","0","8","Idaho","4/20/20","5","3","16047","60"
"Idaho","0","3","Idaho","4/20/20","3","0","16049","0"
"Jefferson","0","5","Idaho","4/20/20","4","1","16051","25"
"Jerome","2","44","Idaho","4/20/20","29","15","16053","51.72"
"Kootenai","1","51","Idaho","4/20/20","45","6","16055","13.33"
"Latah","0","3","Idaho","4/20/20","3","0","16057","0"
"Lincoln","0","17","Idaho","4/20/20","15","2","16063","13.33"
"Madison","0","8","Idaho","4/20/20","5","3","16065","60"
"Minidoka","1","10","Idaho","4/20/20","5","5","16067","100"
"Nez Perce","2","30","Idaho","4/20/20","19","11","16069","57.89"
"Owyhee","0","4","Idaho","4/20/20","4","0","16073","0"
"Payette","0","10","Idaho","4/20/20","8","2","16075","25"
"Power","0","2","Idaho","4/20/20","2","0","16077","0"
"Teton","0","8","Idaho","4/20/20","6","2","16081","33.33"
"Twin Falls","5","117","Idaho","4/20/20","79","38","16083","48.1"
"Valley","0","2","Idaho","4/20/20","2","0","16085","0"
"Washington","0","1","Idaho","4/20/20","1","0","16087","0"
"Adams","1","34","Illinois","4/20/20","26","8","17001","30.77"
"Alexander","0","2","Illinois","4/20/20","0","2","17003","1"
"Bond","0","4","Illinois","4/20/20","4","0","17005","0"
"Boone","3","33","Illinois","4/20/20","13","20","17007","153.85"
"Bureau","0","8","Illinois","4/20/20","6","2","17011","33.33"
"Calhoun","0","1","Illinois","4/20/20","1","0","17013","0"
"Carroll","0","6","Illinois","4/20/20","5","1","17015","20"
"Champaign","1","95","Illinois","4/20/20","87","8","17019","9.2"
"Christian","0","27","Illinois","4/20/20","24","3","17021","12.5"
"Clark","0","4","Illinois","4/20/20","4","0","17023","0"
"Clay","0","1","Illinois","4/20/20","0","1","17025","1"
"Clinton","1","45","Illinois","4/20/20","39","6","17027","15.38"
"Coles","1","16","Illinois","4/20/20","6","10","17029","166.67"
"Cook","947","22101","Illinois","4/20/20","15474","6627","17031","42.83"
"Crawford","0","4","Illinois","4/20/20","4","0","17033","0"
"Cumberland","0","2","Illinois","4/20/20","2","0","17035","0"
"De Witt","0","1","Illinois","4/20/20","1","0","17039","0"
"DeKalb","3","55","Illinois","4/20/20","34","21","17037","61.76"
"Douglas","0","12","Illinois","4/20/20","11","1","17041","9.09"
"DuPage","77","1761","Illinois","4/20/20","1223","538","17043","43.99"
"Effingham","0","4","Illinois","4/20/20","3","1","17049","33.33"
"Fayette","1","15","Illinois","4/20/20","11","4","17051","36.36"
"Ford","0","6","Illinois","4/20/20","4","2","17053","50"
"Franklin","0","5","Illinois","4/20/20","4","1","17055","25"
"Fulton","0","1","Illinois","4/20/20","1","0","17057","0"
"Gallatin","0","2","Illinois","4/20/20","1","1","17059","100"
"Greene","0","1","Illinois","4/20/20","1","0","17061","0"
"Grundy","1","26","Illinois","4/20/20","21","5","17063","23.81"
"Hamilton","0","1","Illinois","4/20/20","0","1","17065","1"
"Hancock","0","3","Illinois","4/20/20","1","2","17067","200"
"Henderson","0","2","Illinois","4/20/20","0","2","17071","1"
"Henry","1","30","Illinois","4/20/20","23","7","17073","30.43"
"Iroquois","1","13","Illinois","4/20/20","9","4","17075","44.44"
"Jackson","1","44","Illinois","4/20/20","36","8","17077","22.22"
"Jasper","2","20","Illinois","4/20/20","3","17","17079","566.67"
"Jefferson","3","32","Illinois","4/20/20","8","24","17081","300"
"Jersey","0","8","Illinois","4/20/20","6","2","17083","33.33"
"Jo Daviess","0","12","Illinois","4/20/20","11","1","17085","9.09"
"Johnson","0","2","Illinois","4/20/20","1","1","17087","100"
"Kane","31","638","Illinois","4/20/20","421","217","17089","51.54"
"Kankakee","10","278","Illinois","4/20/20","210","68","17091","32.38"
"Kendall","3","138","Illinois","4/20/20","114","24","17093","21.05"
"Knox","1","10","Illinois","4/20/20","2","8","17095","400"
"Lake","100","2216","Illinois","4/20/20","1516","700","17097","46.17"
"LaSalle","1","30","Illinois","4/20/20","21","9","17099","42.86"
"Lawrence","0","2","Illinois","4/20/20","2","0","17101","0"
"Lee","0","17","Illinois","4/20/20","14","3","17103","21.43"
"Livingston","0","17","Illinois","4/20/20","17","0","17105","0"
"Logan","0","4","Illinois","4/20/20","4","0","17107","0"
"Macon","2","55","Illinois","4/20/20","42","13","17115","30.95"
"Macoupin","1","21","Illinois","4/20/20","16","5","17117","31.25"
"Madison","10","184","Illinois","4/20/20","115","69","17119","60"
"Marion","1","20","Illinois","4/20/20","13","7","17121","53.85"
"Marshall","0","4","Illinois","4/20/20","1","3","17123","300"
"Mason","0","5","Illinois","4/20/20","3","2","17125","66.67"
"Massac","0","3","Illinois","4/20/20","2","1","17127","50"
"McDonough","0","3","Illinois","4/20/20","2","1","17109","50"
"McHenry","15","351","Illinois","4/20/20","245","106","17111","43.27"
"McLean","1","86","Illinois","4/20/20","79","7","17113","8.86"
"Menard","0","3","Illinois","4/20/20","2","1","17129","50"
"Mercer","0","5","Illinois","4/20/20","2","3","17131","150"
"Monroe","1","54","Illinois","4/20/20","46","8","17133","17.39"
"Montgomery","1","16","Illinois","4/20/20","9","7","17135","77.78"
"Morgan","0","13","Illinois","4/20/20","10","3","17137","30"
"Moultrie","0","2","Illinois","4/20/20","2","0","17139","0"
"Ogle","5","58","Illinois","4/20/20","26","32","17141","123.08"
"Peoria","2","43","Illinois","4/20/20","31","12","17143","38.71"
"Perry","0","1","Illinois","4/20/20","1","0","17145","0"
"Piatt","0","7","Illinois","4/20/20","6","1","17147","16.67"
"Pike","0","1","Illinois","4/20/20","1","0","17149","0"
"Pulaski","1","9","Illinois","4/20/20","5","4","17153","80"
"Randolph","2","58","Illinois","4/20/20","41","17","17157","41.46"
"Richland","0","2","Illinois","4/20/20","1","1","17159","100"
"Rock Island","15","211","Illinois","4/20/20","105","106","17161","100.95"
"Saline","0","3","Illinois","4/20/20","3","0","17165","0"
"Sangamon","3","64","Illinois","4/20/20","44","20","17167","45.45"
"Schuyler","0","1","Illinois","4/20/20","1","0","17169","0"
"Shelby","0","4","Illinois","4/20/20","4","0","17173","0"
"St. Clair","11","276","Illinois","4/20/20","202","74","17163","36.63"
"Stark","0","1","Illinois","4/20/20","1","0","17175","0"
"Stephenson","1","12","Illinois","4/20/20","8","4","17177","50"
"Tazewell","1","26","Illinois","4/20/20","19","7","17179","36.84"
"Union","1","5","Illinois","4/20/20","0","5","17181","1"
"Vermilion","0","9","Illinois","4/20/20","8","1","17183","12.5"
"Wabash","0","1","Illinois","4/20/20","2","-1","17185","-50"
"Warren","2","15","Illinois","4/20/20","2","13","17187","650"
"Washington","1","7","Illinois","4/20/20","2","5","17189","250"
"Wayne","0","1","Illinois","4/20/20","0","1","17191","1"
"Whiteside","2","41","Illinois","4/20/20","28","13","17195","46.43"
"Will","58","1692","Illinois","4/20/20","1283","409","17197","31.88"
"Williamson","1","15","Illinois","4/20/20","10","5","17199","50"
"Winnebago","14","195","Illinois","4/20/20","99","96","17201","96.97"
"Woodford","0","11","Illinois","4/20/20","9","2","17203","22.22"
"Adams","0","7","Indiana","4/20/20","5","2","18001","40"
"Allen","24","327","Indiana","4/20/20","156","171","18003","109.62"
"Bartholomew","4","140","Indiana","4/20/20","110","30","18005","27.27"
"Benton","0","4","Indiana","4/20/20","2","2","18007","100"
"Blackford","0","6","Indiana","4/20/20","5","1","18009","20"
"Boone","6","154","Indiana","4/20/20","109","45","18011","41.28"
"Brown","0","14","Indiana","4/20/20","12","2","18013","16.67"
"Carroll","0","7","Indiana","4/20/20","5","2","18015","40"
"Cass","8","87","Indiana","4/20/20","28","59","18017","210.71"
"Clark","9","177","Indiana","4/20/20","117","60","18019","51.28"
"Clay","1","20","Indiana","4/20/20","12","8","18021","66.67"
"Clinton","1","19","Indiana","4/20/20","11","8","18023","72.73"
"Crawford","0","13","Indiana","4/20/20","12","1","18025","8.33"
"Daviess","3","34","Indiana","4/20/20","10","24","18027","240"
"Dearborn","-9","68","Indiana","4/20/20","129","-61","18029","-47.29"
"Decatur","6","168","Indiana","4/20/20","129","39","18031","30.23"
"DeKalb","-7","13","Indiana","4/20/20","60","-47","18033","-78.33"
"Delaware","6","114","Indiana","4/20/20","69","45","18035","65.22"
"Dubois","0","16","Indiana","4/20/20","13","3","18037","23.08"
"Elkhart","11","164","Indiana","4/20/20","89","75","18039","84.27"
"Fayette","0","22","Indiana","4/20/20","20","2","18041","10"
"Floyd","5","142","Indiana","4/20/20","108","34","18043","31.48"
"Fountain","1","8","Indiana","4/20/20","3","5","18045","166.67"
"Franklin","3","90","Indiana","4/20/20","69","21","18047","30.43"
"Fulton","0","6","Indiana","4/20/20","3","3","18049","100"
"Gibson","0","5","Indiana","4/20/20","4","1","18051","25"
"Grant","6","78","Indiana","4/20/20","37","41","18053","110.81"
"Greene","2","42","Indiana","4/20/20","25","17","18055","68"
"Hamilton","15","598","Indiana","4/20/20","490","108","18057","22.04"
"Hancock","5","151","Indiana","4/20/20","118","33","18059","27.97"
"Harrison","6","101","Indiana","4/20/20","58","43","18061","74.14"
"Hendricks","24","499","Indiana","4/20/20","330","169","18063","51.21"
"Henry","1","31","Indiana","4/20/20","23","8","18065","34.78"
"Howard","3","72","Indiana","4/20/20","50","22","18067","44"
"Huntington","0","6","Indiana","4/20/20","6","0","18069","0"
"Jackson","3","89","Indiana","4/20/20","70","19","18071","27.14"
"Jasper","1","25","Indiana","4/20/20","18","7","18073","38.89"
"Jay","0","10","Indiana","4/20/20","7","3","18075","42.86"
"Jefferson","1","20","Indiana","4/20/20","12","8","18077","66.67"
"Jennings","1","64","Indiana","4/20/20","56","8","18079","14.29"
"Johnson","14","426","Indiana","4/20/20","327","99","18081","30.28"
"Knox","0","18","Indiana","4/20/20","15","3","18083","20"
"Kosciusko","1","22","Indiana","4/20/20","18","4","18085","22.22"
"LaGrange","1","17","Indiana","4/20/20","13","4","18087","30.77"
"Lake","55","1182","Indiana","4/20/20","796","386","18089","48.49"
"LaPorte","15","140","Indiana","4/20/20","34","106","18091","311.76"
"Lawrence","1","81","Indiana","4/20/20","71","10","18093","14.08"
"Madison","11","340","Indiana","4/20/20","261","79","18095","30.27"
"Marion","149","4052","Indiana","4/20/20","3012","1040","18097","34.53"
"Marshall","1","24","Indiana","4/20/20","17","7","18099","41.18"
"Martin","0","6","Indiana","4/20/20","5","1","18101","20"
"Miami","1","22","Indiana","4/20/20","16","6","18103","37.5"
"Monroe","4","114","Indiana","4/20/20","87","27","18105","31.03"
"Montgomery","1","26","Indiana","4/20/20","22","4","18107","18.18"
"Morgan","2","119","Indiana","4/20/20","103","16","18109","15.53"
"Newton","1","31","Indiana","4/20/20","27","4","18111","14.81"
"Noble","3","38","Indiana","4/20/20","15","23","18113","153.33"
"Ohio","0","1","Indiana","4/20/20","1","0","18115","0"
"Orange","2","34","Indiana","4/20/20","18","16","18117","88.89"
"Owen","0","21","Indiana","4/20/20","19","2","18119","10.53"
"Parke","0","9","Indiana","4/20/20","7","2","18121","28.57"
"Perry","0","6","Indiana","4/20/20","3","3","18123","100"
"Pike","0","1","Indiana","4/20/20","1","0","18125","0"
"Porter","9","180","Indiana","4/20/20","120","60","18127","50"
"Posey","0","7","Indiana","4/20/20","5","2","18129","40"
"Pulaski","0","1","Indiana","4/20/20","1","0","18131","0"
"Putnam","3","51","Indiana","4/20/20","33","18","18133","54.55"
"Randolph","0","12","Indiana","4/20/20","11","1","18135","9.09"
"Ripley","-1","82","Indiana","4/20/20","86","-4","18137","-4.65"
"Rush","1","21","Indiana","4/20/20","17","4","18139","23.53"
"Scott","1","24","Indiana","4/20/20","17","7","18143","41.18"
"Shelby","5","111","Indiana","4/20/20","75","36","18145","48"
"Spencer","0","4","Indiana","4/20/20","3","1","18147","33.33"
"St. Joseph","31","412","Indiana","4/20/20","194","218","18141","112.37"
"Starke","0","11","Indiana","4/20/20","9","2","18149","22.22"
"Steuben","1","17","Indiana","4/20/20","12","5","18151","41.67"
"Sullivan","0","9","Indiana","4/20/20","6","3","18153","50"
"Switzerland","0","13","Indiana","4/20/20","12","1","18155","8.33"
"Tippecanoe","2","58","Indiana","4/20/20","45","13","18157","28.89"
"Tipton","0","13","Indiana","4/20/20","10","3","18159","30"
"Union","0","6","Indiana","4/20/20","9","-3","18161","-33.33"
"Vanderburgh","4","87","Indiana","4/20/20","57","30","18163","52.63"
"Vermillion","0","6","Indiana","4/20/20","3","3","18165","100"
"Vigo","2","58","Indiana","4/20/20","42","16","18167","38.1"
"Wabash","0","10","Indiana","4/20/20","7","3","18169","42.86"
"Warren","1","7","Indiana","4/20/20","3","4","18171","133.33"
"Warrick","3","59","Indiana","4/20/20","38","21","18173","55.26"
"Washington","1","31","Indiana","4/20/20","26","5","18175","19.23"
"Wayne","1","28","Indiana","4/20/20","19","9","18177","47.37"
"Wells","0","5","Indiana","4/20/20","4","1","18179","25"
"White","1","8","Indiana","4/20/20","4","4","18181","100"
"Whitley","0","16","Indiana","4/20/20","13","3","18183","23.08"
"Adair","0","1","Iowa","4/20/20","1","0","19001","0"
"Allamakee","2","40","Iowa","4/20/20","23","17","19005","73.91"
"Appanoose","0","2","Iowa","4/20/20","1","1","19007","100"
"Audubon","0","1","Iowa","4/20/20","1","0","19009","0"
"Benton","0","23","Iowa","4/20/20","20","3","19011","15"
"Black Hawk","28","259","Iowa","4/20/20","62","197","19013","317.74"
"Boone","0","6","Iowa","4/20/20","4","2","19015","50"
"Bremer","3","28","Iowa","4/20/20","4","24","19017","600"
"Buchanan","0","11","Iowa","4/20/20","8","3","19019","37.5"
"Buena Vista","0","2","Iowa","4/20/20","2","0","19021","0"
"Butler","0","1","Iowa","4/20/20","1","0","19023","0"
"Carroll","0","1","Iowa","4/20/20","1","0","19027","0"
"Cass","0","1","Iowa","4/20/20","1","0","19029","0"
"Cedar","1","26","Iowa","4/20/20","21","5","19031","23.81"
"Cerro Gordo","0","14","Iowa","4/20/20","13","1","19033","7.69"
"Chickasaw","0","3","Iowa","4/20/20","2","1","19037","50"
"Clarke","0","2","Iowa","4/20/20","2","0","19039","0"
"Clay","0","3","Iowa","4/20/20","2","1","19041","50"
"Clayton","0","7","Iowa","4/20/20","7","0","19043","0"
"Clinton","1","42","Iowa","4/20/20","33","9","19045","27.27"
"Crawford","0","6","Iowa","4/20/20","6","0","19047","0"
"Dallas","2","52","Iowa","4/20/20","36","16","19049","44.44"
"Delaware","0","2","Iowa","4/20/20","2","0","19055","0"
"Des Moines","1","13","Iowa","4/20/20","5","8","19057","160"
"Dickinson","0","1","Iowa","4/20/20","1","0","19059","0"
"Dubuque","2","46","Iowa","4/20/20","35","11","19061","31.43"
"Fayette","0","6","Iowa","4/20/20","5","1","19065","20"
"Franklin","0","1","Iowa","4/20/20","1","0","19069","0"
"Greene","0","1","Iowa","4/20/20","1","0","19073","0"
"Grundy","1","5","Iowa","4/20/20","1","4","19075","400"
"Guthrie","0","4","Iowa","4/20/20","1","3","19077","300"
"Hamilton","0","2","Iowa","4/20/20","2","0","19079","0"
"Hancock","0","3","Iowa","4/20/20","3","0","19081","0"
"Hardin","0","3","Iowa","4/20/20","2","1","19083","50"
"Harrison","0","14","Iowa","4/20/20","12","2","19085","16.67"
"Henry","1","27","Iowa","4/20/20","20","7","19087","35"
"Howard","0","4","Iowa","4/20/20","1","3","19089","300"
"Iowa","1","13","Iowa","4/20/20","7","6","19095","85.71"
"Jackson","0","5","Iowa","4/20/20","4","1","19097","25"
"Jasper","4","42","Iowa","4/20/20","12","30","19099","250"
"Jefferson","0","6","Iowa","4/20/20","4","2","19101","50"
"Johnson","13","303","Iowa","4/20/20","210","93","19103","44.29"
"Jones","1","15","Iowa","4/20/20","10","5","19105","50"
"Keokuk","0","3","Iowa","4/20/20","2","1","19107","50"
"Kossuth","0","1","Iowa","4/20/20","1","0","19109","0"
"Lee","0","3","Iowa","4/20/20","2","1","19111","50"
"Linn","22","409","Iowa","4/20/20","258","151","19113","58.53"
"Louisa","19","215","Iowa","4/20/20","79","136","19115","172.15"
"Lyon","0","5","Iowa","4/20/20","4","1","19119","25"
"Madison","0","3","Iowa","4/20/20","2","1","19121","50"
"Mahaska","0","8","Iowa","4/20/20","5","3","19123","60"
"Marion","0","5","Iowa","4/20/20","3","2","19125","66.67"
"Marshall","19","173","Iowa","4/20/20","37","136","19127","367.57"
"Mills","0","2","Iowa","4/20/20","2","0","19129","0"
"Mitchell","0","2","Iowa","4/20/20","2","0","19131","0"
"Monona","0","7","Iowa","4/20/20","6","1","19133","16.67"
"Montgomery","0","1","Iowa","4/20/20","1","0","19137","0"
"Muscatine","17","218","Iowa","4/20/20","102","116","19139","113.73"
"O'Brien","0","3","Iowa","4/20/20","3","0","19141","0"
"Osceola","0","3","Iowa","4/20/20","2","1","19143","50"
"Page","0","4","Iowa","4/20/20","3","1","19145","33.33"
"Plymouth","1","8","Iowa","4/20/20","4","4","19149","100"
"Polk","27","387","Iowa","4/20/20","195","192","19153","98.46"
"Pottawattamie","1","18","Iowa","4/20/20","12","6","19155","50"
"Poweshiek","1","13","Iowa","4/20/20","6","7","19157","116.67"
"Scott","8","171","Iowa","4/20/20","118","53","19163","44.92"
"Shelby","0","9","Iowa","4/20/20","6","3","19165","50"
"Sioux","0","7","Iowa","4/20/20","7","0","19167","0"
"Story","2","20","Iowa","4/20/20","8","12","19169","150"
"Tama","14","197","Iowa","4/20/20","101","96","19171","95.05"
"Taylor","0","1","Iowa","4/20/20","1","0","19173","0"
"Union","0","1","Iowa","4/20/20","1","0","19175","0"
"Van Buren","0","8","Iowa","4/20/20","8","0","19177","0"
"Wapello","0","6","Iowa","4/20/20","6","0","19179","0"
"Warren","1","20","Iowa","4/20/20","14","6","19181","42.86"
"Washington","5","121","Iowa","4/20/20","89","32","19183","35.96"
"Webster","0","4","Iowa","4/20/20","2","2","19187","100"
"Winnebago","0","2","Iowa","4/20/20","2","0","19189","0"
"Winneshiek","0","6","Iowa","4/20/20","5","1","19191","20"
"Woodbury","4","44","Iowa","4/20/20","19","25","19193","131.58"
"Worth","0","1","Iowa","4/20/20","1","0","19195","0"
"Wright","0","1","Iowa","4/20/20","1","0","19197","0"
"Anderson","0","0","Kansas","4/20/20","1","-1","20003","-100"
"Atchison","0","6","Kansas","4/20/20","3","3","20005","100"
"Barber","0","1","Kansas","4/20/20","1","0","20007","0"
"Barton","0","7","Kansas","4/20/20","4","3","20009","75"
"Bourbon","0","7","Kansas","4/20/20","7","0","20011","0"
"Butler","0","12","Kansas","4/20/20","9","3","20015","33.33"
"Chase","0","1","Kansas","4/20/20","0","1","20017","1"
"Chautauqua","0","3","Kansas","4/20/20","3","0","20019","0"
"Cherokee","0","7","Kansas","4/20/20","6","1","20021","16.67"
"Clay","1","5","Kansas","4/20/20","1","4","20027","400"
"Cloud","0","3","Kansas","4/20/20","3","0","20029","0"
"Coffey","1","47","Kansas","4/20/20","40","7","20031","17.5"
"Cowley","0","1","Kansas","4/20/20","1","0","20035","0"
"Crawford","0","6","Kansas","4/20/20","6","0","20037","0"
"Dickinson","0","1","Kansas","4/20/20","0","1","20041","1"
"Doniphan","0","1","Kansas","4/20/20","1","0","20043","0"
"Douglas","0","43","Kansas","4/20/20","40","3","20045","7.5"
"Edwards","0","1","Kansas","4/20/20","0","1","20047","1"
"Ellis","1","8","Kansas","4/20/20","2","6","20051","300"
"Finney","3","41","Kansas","4/20/20","17","24","20055","141.18"
"Ford","23","180","Kansas","4/20/20","16","164","20057","1025"
"Franklin","0","12","Kansas","4/20/20","12","0","20059","0"
"Geary","0","9","Kansas","4/20/20","8","1","20061","12.5"
"Gove","0","1","Kansas","4/20/20","1","0","20063","0"
"Gray","0","1","Kansas","4/20/20","0","1","20069","1"
"Greenwood","0","2","Kansas","4/20/20","1","1","20073","100"
"Hamilton","0","1","Kansas","4/20/20","1","0","20075","0"
"Harvey","0","5","Kansas","4/20/20","4","1","20079","25"
"Haskell","0","1","Kansas","4/20/20","0","1","20081","1"
"Jackson","0","1","Kansas","4/20/20","1","0","20085","0"
"Jefferson","0","6","Kansas","4/20/20","5","1","20087","20"
"Jewell","0","4","Kansas","4/20/20","3","1","20089","33.33"
"Johnson","10","377","Kansas","4/20/20","309","68","20091","22.01"
"Kearny","0","2","Kansas","4/20/20","1","1","20093","100"
"Labette","0","20","Kansas","4/20/20","18","2","20099","11.11"
"Leavenworth","6","135","Kansas","4/20/20","90","45","20103","50"
"Linn","0","6","Kansas","4/20/20","5","1","20107","20"
"Lyon","7","77","Kansas","4/20/20","30","47","20111","156.67"
"Marion","0","5","Kansas","4/20/20","4","1","20115","25"
"McPherson","1","17","Kansas","4/20/20","13","4","20113","30.77"
"Miami","0","4","Kansas","4/20/20","3","1","20121","33.33"
"Mitchell","0","2","Kansas","4/20/20","2","0","20123","0"
"Montgomery","0","12","Kansas","4/20/20","14","-2","20125","-14.29"
"Morris","0","2","Kansas","4/20/20","2","0","20127","0"
"Morton","0","2","Kansas","4/20/20","1","1","20129","100"
"Neosho","0","2","Kansas","4/20/20","2","0","20133","0"
"Osage","0","4","Kansas","4/20/20","4","0","20139","0"
"Osborne","0","2","Kansas","4/20/20","2","0","20141","0"
"Ottawa","0","3","Kansas","4/20/20","3","0","20143","0"
"Phillips","0","1","Kansas","4/20/20","1","0","20147","0"
"Pottawatomie","0","6","Kansas","4/20/20","5","1","20149","20"
"Pratt","0","1","Kansas","4/20/20","1","0","20151","0"
"Reno","0","15","Kansas","4/20/20","13","2","20155","15.38"
"Republic","0","4","Kansas","4/20/20","4","0","20157","0"
"Riley","1","29","Kansas","4/20/20","21","8","20161","38.1"
"Rooks","0","4","Kansas","4/20/20","2","2","20163","100"
"Saline","1","17","Kansas","4/20/20","10","7","20169","70"
"Scott","0","1","Kansas","4/20/20","1","0","20171","0"
"Sedgwick","7","250","Kansas","4/20/20","200","50","20173","25"
"Seward","10","79","Kansas","4/20/20","6","73","20175","1216.67"
"Shawnee","2","94","Kansas","4/20/20","78","16","20177","20.51"
"Sheridan","0","1","Kansas","4/20/20","0","1","20179","1"
"Sherman","0","1","Kansas","4/20/20","0","1","20181","1"
"Smith","0","2","Kansas","4/20/20","0","2","20183","1"
"Stafford","0","1","Kansas","4/20/20","1","0","20185","0"
"Stanton","0","4","Kansas","4/20/20","2","2","20187","100"
"Stevens","0","4","Kansas","4/20/20","2","2","20189","100"
"Sumner","0","3","Kansas","4/20/20","2","1","20191","50"
"Wabaunsee","0","2","Kansas","4/20/20","1","1","20197","100"
"Wilson","0","1","Kansas","4/20/20","0","1","20205","1"
"Woodson","0","5","Kansas","4/20/20","3","2","20207","66.67"
"Wyandotte","13","427","Kansas","4/20/20","337","90","20209","26.71"
"Adair","6","54","Kentucky","4/20/20","11","43","21001","390.91"
"Allen","0","4","Kentucky","4/20/20","4","0","21003","0"
"Anderson","0","6","Kentucky","4/20/20","3","3","21005","100"
"Ballard","0","4","Kentucky","4/20/20","1","3","21007","300"
"Barren","0","6","Kentucky","4/20/20","5","1","21009","20"
"Bath","0","3","Kentucky","4/20/20","2","1","21011","50"
"Boone","5","81","Kentucky","4/20/20","48","33","21015","68.75"
"Bourbon","0","7","Kentucky","4/20/20","4","3","21017","75"
"Boyd","0","29","Kentucky","4/20/20","26","3","21019","11.54"
"Boyle","0","13","Kentucky","4/20/20","13","0","21021","0"
"Bracken","0","7","Kentucky","4/20/20","6","1","21023","16.67"
"Breathitt","0","1","Kentucky","4/20/20","2","-1","21025","-50"
"Breckinridge","0","6","Kentucky","4/20/20","3","3","21027","100"
"Bullitt","1","33","Kentucky","4/20/20","27","6","21029","22.22"
"Butler","9","72","Kentucky","4/20/20","11","61","21031","554.55"
"Caldwell","0","11","Kentucky","4/20/20","10","1","21033","10"
"Calloway","1","21","Kentucky","4/20/20","14","7","21035","50"
"Campbell","2","58","Kentucky","4/20/20","47","11","21037","23.4"
"Carroll","0","2","Kentucky","4/20/20","2","0","21041","0"
"Carter","0","4","Kentucky","4/20/20","1","3","21043","300"
"Casey","0","1","Kentucky","4/20/20","0","1","21045","1"
"Christian","2","79","Kentucky","4/20/20","62","17","21047","27.42"
"Clark","0","18","Kentucky","4/20/20","17","1","21049","5.88"
"Clay","0","1","Kentucky","4/20/20","0","1","21051","1"
"Clinton","0","2","Kentucky","4/20/20","3","-1","21053","-33.33"
"Crittenden","0","3","Kentucky","4/20/20","3","0","21055","0"
"Cumberland","0","3","Kentucky","4/20/20","3","0","21057","0"
"Daviess","7","130","Kentucky","4/20/20","81","49","21059","60.49"
"Edmonson","0","7","Kentucky","4/20/20","6","1","21061","16.67"
"Fayette","6","219","Kentucky","4/20/20","179","40","21067","22.35"
"Fleming","0","2","Kentucky","4/20/20","1","1","21069","100"
"Floyd","0","4","Kentucky","4/20/20","1","3","21071","300"
"Franklin","0","13","Kentucky","4/20/20","10","3","21073","30"
"Fulton","0","1","Kentucky","4/20/20","0","1","21075","1"
"Gallatin","0","1","Kentucky","4/20/20","1","0","21077","0"
"Garrard","0","1","Kentucky","4/20/20","0","1","21079","1"
"Grant","0","16","Kentucky","4/20/20","13","3","21081","23.08"
"Graves","8","63","Kentucky","4/20/20","9","54","21083","600"
"Grayson","2","16","Kentucky","4/20/20","4","12","21085","300"
"Green","0","1","Kentucky","4/20/20","2","-1","21087","-50"
"Greenup","1","10","Kentucky","4/20/20","5","5","21089","100"
"Hancock","1","6","Kentucky","4/20/20","2","4","21091","200"
"Hardin","1","29","Kentucky","4/20/20","21","8","21093","38.1"
"Harrison","0","16","Kentucky","4/20/20","14","2","21097","14.29"
"Hart","0","2","Kentucky","4/20/20","1","1","21099","100"
"Henderson","1","33","Kentucky","4/20/20","29","4","21101","13.79"
"Henry","0","4","Kentucky","4/20/20","4","0","21103","0"
"Hopkins","4","112","Kentucky","4/20/20","87","25","21107","28.74"
"Jackson","7","57","Kentucky","4/20/20","5","52","21109","1040"
"Jefferson","45","867","Kentucky","4/20/20","550","317","21111","57.64"
"Jessamine","1","32","Kentucky","4/20/20","26","6","21113","23.08"
"Johnson","0","1","Kentucky","4/20/20","1","0","21115","0"
"Kenton","9","156","Kentucky","4/20/20","91","65","21117","71.43"
"Knott","0","3","Kentucky","4/20/20","1","2","21119","200"
"Knox","1","5","Kentucky","4/20/20","1","4","21121","400"
"Larue","0","5","Kentucky","4/20/20","3","2","21123","66.67"
"Laurel","1","13","Kentucky","4/20/20","9","4","21125","44.44"
"Lawrence","0","1","Kentucky","4/20/20","1","0","21127","0"
"Leslie","0","2","Kentucky","4/20/20","1","1","21131","100"
"Letcher","0","1","Kentucky","4/20/20","1","0","21133","0"
"Lewis","0","3","Kentucky","4/20/20","2","1","21135","50"
"Lincoln","0","4","Kentucky","4/20/20","1","3","21137","300"
"Livingston","0","1","Kentucky","4/20/20","0","1","21139","1"
"Logan","0","8","Kentucky","4/20/20","5","3","21141","60"
"Lyon","0","13","Kentucky","4/20/20","12","1","21143","8.33"
"Madison","0","21","Kentucky","4/20/20","18","3","21151","16.67"
"Marion","0","13","Kentucky","4/20/20","11","2","21155","18.18"
"Marshall","0","14","Kentucky","4/20/20","11","3","21157","27.27"
"Martin","0","2","Kentucky","4/20/20","4","-2","21159","-50"
"Mason","0","6","Kentucky","4/20/20","5","1","21161","20"
"McCracken","1","29","Kentucky","4/20/20","21","8","21145","38.1"
"McCreary","0","10","Kentucky","4/20/20","8","2","21147","25"
"McLean","0","8","Kentucky","4/20/20","7","1","21149","14.29"
"Meade","0","3","Kentucky","4/20/20","2","1","21163","50"
"Menifee","0","3","Kentucky","4/20/20","3","0","21165","0"
"Mercer","0","9","Kentucky","4/20/20","9","0","21167","0"
"Monroe","0","3","Kentucky","4/20/20","2","1","21171","50"
"Montgomery","0","9","Kentucky","4/20/20","8","1","21173","12.5"
"Morgan","0","1","Kentucky","4/20/20","0","1","21175","1"
"Muhlenberg","7","76","Kentucky","4/20/20","28","48","21177","171.43"
"Nelson","0","13","Kentucky","4/20/20","10","3","21179","30"
"Nicholas","0","1","Kentucky","4/20/20","1","0","21181","0"
"Ohio","1","17","Kentucky","4/20/20","8","9","21183","112.5"
"Oldham","1","22","Kentucky","4/20/20","16","6","21185","37.5"
"Owsley","0","2","Kentucky","4/20/20","0","2","21189","1"
"Pendleton","0","5","Kentucky","4/20/20","3","2","21191","66.67"
"Perry","0","4","Kentucky","4/20/20","3","1","21193","33.33"
"Pike","0","6","Kentucky","4/20/20","4","2","21195","50"
"Powell","0","1","Kentucky","4/20/20","2","-1","21197","-50"
"Pulaski","0","35","Kentucky","4/20/20","33","2","21199","6.06"
"Rockcastle","0","11","Kentucky","4/20/20","8","3","21203","37.5"
"Rowan","0","1","Kentucky","4/20/20","1","0","21205","0"
"Russell","1","15","Kentucky","4/20/20","8","7","21207","87.5"
"Scott","0","22","Kentucky","4/20/20","22","0","21209","0"
"Shelby","1","22","Kentucky","4/20/20","18","4","21211","22.22"
"Simpson","1","21","Kentucky","4/20/20","17","4","21213","23.53"
"Spencer","0","9","Kentucky","4/20/20","6","3","21215","50"
"Taylor","0","4","Kentucky","4/20/20","3","1","21217","33.33"
"Todd","0","9","Kentucky","4/20/20","6","3","21219","50"
"Trigg","1","4","Kentucky","4/20/20","0","4","21221","1"
"Trimble","0","2","Kentucky","4/20/20","2","0","21223","0"
"Union","0","8","Kentucky","4/20/20","5","3","21225","60"
"Warren","7","101","Kentucky","4/20/20","49","52","21227","106.12"
"Washington","0","3","Kentucky","4/20/20","3","0","21229","0"
"Wayne","0","6","Kentucky","4/20/20","4","2","21231","50"
"Webster","1","13","Kentucky","4/20/20","8","5","21233","62.5"
"Whitley","1","8","Kentucky","4/20/20","4","4","21235","100"
"Woodford","0","18","Kentucky","4/20/20","17","1","21239","5.88"
"Acadia","2","114","Louisiana","4/20/20","101","13","22001","12.87"
"Allen","1","79","Louisiana","4/20/20","74","5","22003","6.76"
"Ascension","11","512","Louisiana","4/20/20","432","80","22005","18.52"
"Assumption","4","146","Louisiana","4/20/20","120","26","22007","21.67"
"Avoyelles","1","69","Louisiana","4/20/20","64","5","22009","7.81"
"Beauregard","1","36","Louisiana","4/20/20","28","8","22011","28.57"
"Bienville","4","66","Louisiana","4/20/20","37","29","22013","78.38"
"Bossier","6","233","Louisiana","4/20/20","188","45","22015","23.94"
"Caddo","35","1276","Louisiana","4/20/20","1033","243","22017","23.52"
"Calcasieu","8","324","Louisiana","4/20/20","268","56","22019","20.9"
"Caldwell","0","15","Louisiana","4/20/20","18","-3","22021","-16.67"
"Cameron","0","3","Louisiana","4/20/20","2","1","22023","50"
"Catahoula","0","24","Louisiana","4/20/20","21","3","22025","14.29"
"Claiborne","1","50","Louisiana","4/20/20","41","9","22027","21.95"
"Concordia","1","26","Louisiana","4/20/20","19","7","22029","36.84"
"De Soto","5","158","Louisiana","4/20/20","125","33","22031","26.4"
"East Baton Rouge","37","1534","Louisiana","4/20/20","1273","261","22033","20.5"
"East Carroll","0","1","Louisiana","4/20/20","1","0","22035","0"
"East Feliciana","3","95","Louisiana","4/20/20","73","22","22037","30.14"
"Evangeline","1","43","Louisiana","4/20/20","38","5","22039","13.16"
"Franklin","5","83","Louisiana","4/20/20","49","34","22041","69.39"
"Grant","0","12","Louisiana","4/20/20","12","0","22043","0"
"Iberia","7","194","Louisiana","4/20/20","142","52","22045","36.62"
"Iberville","6","282","Louisiana","4/20/20","241","41","22047","17.01"
"Jackson","1","15","Louisiana","4/20/20","8","7","22049","87.5"
"Jefferson","96","5761","Louisiana","4/20/20","5088","673","22051","13.23"
"Jefferson Davis","1","55","Louisiana","4/20/20","47","8","22053","17.02"
"Lafayette","9","423","Louisiana","4/20/20","360","63","22055","17.5"
"Lafourche","13","573","Louisiana","4/20/20","481","92","22057","19.13"
"LaSalle","0","14","Louisiana","4/20/20","13","1","22059","7.69"
"Lincoln","2","51","Louisiana","4/20/20","39","12","22061","30.77"
"Livingston","4","149","Louisiana","4/20/20","122","27","22063","22.13"
"Madison","0","4","Louisiana","4/20/20","2","2","22065","100"
"Morehouse","1","38","Louisiana","4/20/20","32","6","22067","18.75"
"Natchitoches","2","58","Louisiana","4/20/20","41","17","22069","41.46"
"Orleans","71","6148","Louisiana","4/20/20","5651","497","22071","8.79"
"Ouachita","19","518","Louisiana","4/20/20","384","134","22073","34.9"
"Plaquemines","3","164","Louisiana","4/20/20","140","24","22075","17.14"
"Pointe Coupee","3","71","Louisiana","4/20/20","47","24","22077","51.06"
"Rapides","6","210","Louisiana","4/20/20","168","42","22079","25"
"Red River","1","21","Louisiana","4/20/20","12","9","22081","75"
"Richland","2","34","Louisiana","4/20/20","20","14","22083","70"
"Sabine","1","13","Louisiana","4/20/20","9","4","22085","44.44"
"St. Bernard","8","423","Louisiana","4/20/20","369","54","22087","14.63"
"St. Charles","14","508","Louisiana","4/20/20","410","98","22089","23.9"
"St. Helena","1","20","Louisiana","4/20/20","14","6","22091","42.86"
"St. James","2","222","Louisiana","4/20/20","207","15","22093","7.25"
"St. John the Baptist","16","669","Louisiana","4/20/20","556","113","22095","20.32"
"St. Landry","3","136","Louisiana","4/20/20","114","22","22097","19.3"
"St. Martin","4","193","Louisiana","4/20/20","162","31","22099","19.14"
"St. Mary","4","156","Louisiana","4/20/20","127","29","22101","22.83"
"St. Tammany","25","1057","Louisiana","4/20/20","881","176","22103","19.98"
"Tangipahoa","14","452","Louisiana","4/20/20","352","100","22105","28.41"
"Tensas","0","1","Louisiana","4/20/20","1","0","22107","0"
"Terrebonne","12","342","Louisiana","4/20/20","260","82","22109","31.54"
"Union","4","79","Louisiana","4/20/20","48","31","22111","64.58"
"Vermilion","1","33","Louisiana","4/20/20","26","7","22113","26.92"
"Vernon","0","14","Louisiana","4/20/20","14","0","22115","0"
"Washington","6","195","Louisiana","4/20/20","156","39","22117","25"
"Webster","2","78","Louisiana","4/20/20","65","13","22119","20"
"West Baton Rouge","3","90","Louisiana","4/20/20","72","18","22121","25"
"West Carroll","0","4","Louisiana","4/20/20","4","0","22123","0"
"West Feliciana","5","78","Louisiana","4/20/20","46","32","22125","69.57"
"Winn","1","19","Louisiana","4/20/20","12","7","22127","58.33"
"Androscoggin","1","35","Maine","4/20/20","28","7","23001","25"
"Aroostook","0","2","Maine","4/20/20","2","0","23003","0"
"Cumberland","12","380","Maine","4/20/20","299","81","23005","27.09"
"Franklin","1","13","Maine","4/20/20","8","5","23007","62.5"
"Hancock","0","6","Maine","4/20/20","5","1","23009","20"
"Kennebec","3","97","Maine","4/20/20","78","19","23011","24.36"
"Knox","0","12","Maine","4/20/20","12","0","23013","0"
"Lincoln","0","12","Maine","4/20/20","10","2","23015","20"
"Oxford","0","14","Maine","4/20/20","13","1","23017","7.69"
"Penobscot","1","44","Maine","4/20/20","34","10","23019","29.41"
"Piscataquis","0","1","Maine","4/20/20","0","1","23021","1"
"Sagadahoc","0","16","Maine","4/20/20","15","1","23023","6.67"
"Somerset","1","16","Maine","4/20/20","8","8","23025","100"
"Waldo","2","43","Maine","4/20/20","29","14","23027","48.28"
"Washington","0","2","Maine","4/20/20","1","1","23029","100"
"York","4","181","Maine","4/20/20","151","30","23031","19.87"
"Allegany","2","32","Maryland","4/20/20","15","17","24001","113.33"
"Anne Arundel","53","1098","Maryland","4/20/20","724","374","24003","51.66"
"Baltimore","73","1875","Maryland","4/20/20","1361","514","24005","37.77"
"Baltimore City","91","1511","Maryland","4/20/20","873","638","24510","73.08"
"Calvert","3","114","Maryland","4/20/20","94","20","24009","21.28"
"Caroline","3","39","Maryland","4/20/20","21","18","24011","85.71"
"Carroll","12","335","Maryland","4/20/20","250","85","24013","34"
"Cecil","7","134","Maryland","4/20/20","83","51","24015","61.45"
"Charles","17","392","Maryland","4/20/20","274","118","24017","43.07"
"Dorchester","2","23","Maryland","4/20/20","12","11","24019","91.67"
"Frederick","28","616","Maryland","4/20/20","417","199","24021","47.72"
"Garrett","0","4","Maryland","4/20/20","4","0","24023","0"
"Harford","12","226","Maryland","4/20/20","142","84","24025","59.15"
"Howard","22","538","Maryland","4/20/20","386","152","24027","39.38"
"Kent","2","28","Maryland","4/20/20","11","17","24029","154.55"
"Montgomery","127","2647","Maryland","4/20/20","1756","891","24031","50.74"
"Prince George's","197","3583","Maryland","4/20/20","2205","1378","24033","62.49"
"Queen Anne's","1","26","Maryland","4/20/20","19","7","24035","36.84"
"Somerset","1","11","Maryland","4/20/20","6","5","24039","83.33"
"St. Mary's","2","107","Maryland","4/20/20","95","12","24037","12.63"
"Talbot","1","22","Maryland","4/20/20","16","6","24041","37.5"
"Washington","4","123","Maryland","4/20/20","93","30","24043","32.26"
"Wicomico","15","166","Maryland","4/20/20","58","108","24045","186.21"
"Worcester","2","34","Maryland","4/20/20","21","13","24047","61.9"
"Barnstable","25","674","Massachusetts","4/20/20","502","172","25001","34.26"
"Berkshire","6","394","Massachusetts","4/20/20","355","39","25003","10.99"
"Bristol","60","1815","Massachusetts","4/20/20","1394","421","25005","30.2"
"Dukes and Nantucket","1","25","Massachusetts","4/20/20","21","4","00000","19.05"
"Essex","282","5385","Massachusetts","4/20/20","3413","1972","25009","57.78"
"Franklin","6","192","Massachusetts","4/20/20","148","44","25011","29.73"
"Hampden","110","2467","Massachusetts","4/20/20","1694","773","25013","45.63"
"Hampshire","17","343","Massachusetts","4/20/20","224","119","25015","53.12"
"Middlesex","486","9383","Massachusetts","4/20/20","5983","3400","25017","56.83"
"Norfolk","172","4045","Massachusetts","4/20/20","2838","1207","25021","42.53"
"Plymouth","125","3014","Massachusetts","4/20/20","2141","873","25023","40.78"
"Suffolk","406","8422","Massachusetts","4/20/20","5579","2843","25025","50.96"
"Worcester","157","3230","Massachusetts","4/20/20","2128","1102","25027","51.79"
"Alcona","1","6","Michigan","4/20/20","0","6","26001","1"
"Allegan","3","60","Michigan","4/20/20","38","22","26005","57.89"
"Alpena","3","19","Michigan","4/20/20","1","18","26007","1800"
"Antrim","0","10","Michigan","4/20/20","9","1","26009","11.11"
"Arenac","1","15","Michigan","4/20/20","5","10","26011","200"
"Barry","3","32","Michigan","4/20/20","14","18","26015","128.57"
"Bay","4","98","Michigan","4/20/20","67","31","26017","46.27"
"Benzie","1","4","Michigan","4/20/20","0","4","26019","1"
"Berrien","10","263","Michigan","4/20/20","192","71","26021","36.98"
"Branch","2","43","Michigan","4/20/20","32","11","26023","34.38"
"Calhoun","10","166","Michigan","4/20/20","94","72","26025","76.6"
"Cass","2","31","Michigan","4/20/20","18","13","26027","72.22"
"Charlevoix","0","13","Michigan","4/20/20","11","2","26029","18.18"
"Cheboygan","0","18","Michigan","4/20/20","16","2","26031","12.5"
"Chippewa","0","3","Michigan","4/20/20","0","3","26033","1"
"Clare","1","9","Michigan","4/20/20","4","5","26035","125"
"Clinton","2","109","Michigan","4/20/20","98","11","26037","11.22"
"Crawford","2","31","Michigan","4/20/20","14","17","26039","121.43"
"Delta","1","14","Michigan","4/20/20","10","4","26041","40"
"Dickinson","0","3","Michigan","4/20/20","3","0","26043","0"
"Eaton","3","101","Michigan","4/20/20","79","22","26045","27.85"
"Emmet","0","25","Michigan","4/20/20","25","0","26047","0"
"Federal Correctional Institution (FCI)","5","55","Michigan","4/20/20","21","34","00000","161.9"
"Genesee","41","1301","Michigan","4/20/20","1015","286","26049","28.18"
"Gladwin","1","9","Michigan","4/20/20","4","5","26051","125"
"Gogebic","0","4","Michigan","4/20/20","4","0","26053","0"
"Grand Traverse","0","20","Michigan","4/20/20","18","2","26055","11.11"
"Gratiot","0","9","Michigan","4/20/20","8","1","26057","12.5"
"Hillsdale","2","92","Michigan","4/20/20","78","14","26059","17.95"
"Houghton","0","2","Michigan","4/20/20","1","1","26061","100"
"Huron","1","16","Michigan","4/20/20","12","4","26063","33.33"
"Ingham","9","328","Michigan","4/20/20","263","65","26065","24.71"
"Ionia","1","25","Michigan","4/20/20","15","10","26067","66.67"
"Iosco","1","16","Michigan","4/20/20","6","10","26069","166.67"
"Isabella","2","66","Michigan","4/20/20","54","12","26073","22.22"
"Jackson","13","275","Michigan","4/20/20","185","90","26075","48.65"
"Kalamazoo","14","203","Michigan","4/20/20","104","99","26077","95.19"
"Kalkaska","1","27","Michigan","4/20/20","21","6","26079","28.57"
"Kent","40","626","Michigan","4/20/20","345","281","26081","81.45"
"Lake","0","3","Michigan","4/20/20","3","0","26085","0"
"Lapeer","6","153","Michigan","4/20/20","113","40","26087","35.4"
"Leelanau","0","7","Michigan","4/20/20","4","3","26089","75"
"Lenawee","3","81","Michigan","4/20/20","60","21","26091","35"
"Livingston","10","336","Michigan","4/20/20","265","71","26093","26.79"
"Luce","0","1","Michigan","4/20/20","1","0","26095","0"
"Mackinac","0","4","Michigan","4/20/20","4","0","26097","0"
"Macomb","144","4431","Michigan","4/20/20","3423","1008","26099","29.45"
"Manistee","0","12","Michigan","4/20/20","11","1","26101","9.09"
"Marquette","1","32","Michigan","4/20/20","24","8","26103","33.33"
"Mason","0","5","Michigan","4/20/20","3","2","26105","66.67"
"Mecosta","1","16","Michigan","4/20/20","12","4","26107","33.33"
"Menominee","0","1","Michigan","4/20/20","1","0","26109","0"
"Michigan Department of Corrections (MDOC)","27","561","Michigan","4/20/20","370","191","00000","51.62"
"Midland","3","68","Michigan","4/20/20","47","21","26111","44.68"
"Missaukee","1","9","Michigan","4/20/20","1","8","26113","800"
"Monroe","7","238","Michigan","4/20/20","191","47","26115","24.61"
"Montcalm","1","27","Michigan","4/20/20","23","4","26117","17.39"
"Montmorency","0","4","Michigan","4/20/20","1","3","26119","300"
"Muskegon","12","149","Michigan","4/20/20","68","81","26121","119.12"
"Newaygo","0","9","Michigan","4/20/20","8","1","26123","12.5"
"Oakland","175","6649","Michigan","4/20/20","5421","1228","26125","22.65"
"Oceana","0","3","Michigan","4/20/20","3","0","26127","0"
"Ogemaw","0","7","Michigan","4/20/20","5","2","26129","40"
"Osceola","0","9","Michigan","4/20/20","7","2","26133","28.57"
"Oscoda","0","4","Michigan","4/20/20","4","0","26135","0"
"Otsego","7","85","Michigan","4/20/20","38","47","26137","123.68"
"Ottawa","7","151","Michigan","4/20/20","100","51","26139","51"
"Out of MI","-11","69","Michigan","4/20/20","148","-79","80026","-53.38"
"Presque Isle","0","2","Michigan","4/20/20","2","0","26141","0"
"Roscommon","0","12","Michigan","4/20/20","10","2","26143","20"
"Saginaw","18","420","Michigan","4/20/20","293","127","26145","43.34"
"Sanilac","1","33","Michigan","4/20/20","24","9","26151","37.5"
"Schoolcraft","0","3","Michigan","4/20/20","3","0","26153","0"
"Shiawassee","9","120","Michigan","4/20/20","60","60","26155","100"
"St. Clair","7","287","Michigan","4/20/20","239","48","26147","20.08"
"St. Joseph","1","25","Michigan","4/20/20","21","4","26149","19.05"
"Tuscola","3","65","Michigan","4/20/20","47","18","26157","38.3"
"Van Buren","2","46","Michigan","4/20/20","30","16","26159","53.33"
"Washtenaw","23","976","Michigan","4/20/20","817","159","26161","19.46"
"Wayne","326","14027","Michigan","4/20/20","11746","2281","26163","19.42"
"Wexford","0","9","Michigan","4/20/20","9","0","26165","0"
"Aitkin","0","1","Minnesota","4/20/20","0","1","27001","1"
"Anoka","4","95","Minnesota","4/20/20","68","27","27003","39.71"
"Becker","0","1","Minnesota","4/20/20","2","-1","27005","-50"
"Beltrami","0","5","Minnesota","4/20/20","5","0","27007","0"
"Benton","0","4","Minnesota","4/20/20","1","3","27009","300"
"Big Stone","0","1","Minnesota","4/20/20","1","0","27011","0"
"Blue Earth","0","24","Minnesota","4/20/20","22","2","27013","9.09"
"Brown","0","7","Minnesota","4/20/20","7","0","27015","0"
"Carlton","2","37","Minnesota","4/20/20","25","12","27017","48"
"Carver","0","14","Minnesota","4/20/20","13","1","27019","7.69"
"Cass","0","4","Minnesota","4/20/20","4","0","27021","0"
"Chippewa","0","1","Minnesota","4/20/20","0","1","27023","1"
"Chisago","0","7","Minnesota","4/20/20","7","0","27025","0"
"Clay","3","62","Minnesota","4/20/20","40","22","27027","55"
"Clearwater","0","3","Minnesota","4/20/20","2","1","27029","50"
"Cottonwood","0","6","Minnesota","4/20/20","6","0","27033","0"
"Crow Wing","1","20","Minnesota","4/20/20","16","4","27035","25"
"Dakota","4","124","Minnesota","4/20/20","95","29","27037","30.53"
"Dodge","0","18","Minnesota","4/20/20","16","2","27039","12.5"
"Douglas","0","2","Minnesota","4/20/20","1","1","27041","100"
"Faribault","0","4","Minnesota","4/20/20","4","0","27043","0"
"Fillmore","0","11","Minnesota","4/20/20","10","1","27045","10"
"Freeborn","1","33","Minnesota","4/20/20","24","9","27047","37.5"
"Goodhue","0","19","Minnesota","4/20/20","17","2","27049","11.76"
"Hennepin","60","975","Minnesota","4/20/20","557","418","27053","75.04"
"Houston","0","1","Minnesota","4/20/20","1","0","27055","0"
"Isanti","0","6","Minnesota","4/20/20","4","2","27059","50"
"Itasca","0","2","Minnesota","4/20/20","2","0","27061","0"
"Jackson","0","2","Minnesota","4/20/20","1","1","27063","100"
"Kandiyohi","0","3","Minnesota","4/20/20","2","1","27067","50"
"Kittson","0","1","Minnesota","4/20/20","0","1","27069","1"
"Koochiching","0","1","Minnesota","4/20/20","1","0","27071","0"
"Lac qui Parle","0","1","Minnesota","4/20/20","1","0","27073","0"
"Le Sueur","0","22","Minnesota","4/20/20","21","1","27079","4.76"
"Lincoln","0","2","Minnesota","4/20/20","2","0","27081","0"
"Lyon","0","5","Minnesota","4/20/20","5","0","27083","0"
"Mahnomen","0","1","Minnesota","4/20/20","1","0","27087","0"
"Marshall","0","1","Minnesota","4/20/20","0","1","27089","1"
"Martin","0","41","Minnesota","4/20/20","38","3","27091","7.89"
"McLeod","0","3","Minnesota","4/20/20","2","1","27085","50"
"Meeker","0","3","Minnesota","4/20/20","2","1","27093","50"
"Mille Lacs","0","1","Minnesota","4/20/20","0","1","27095","1"
"Morrison","0","1","Minnesota","4/20/20","0","1","27097","1"
"Mower","0","26","Minnesota","4/20/20","25","1","27099","4"
"Murray","0","3","Minnesota","4/20/20","1","2","27101","200"
"Nicollet","0","7","Minnesota","4/20/20","6","1","27103","16.67"
"Nobles","11","76","Minnesota","4/20/20","1","75","27105","7500"
"Norman","1","5","Minnesota","4/20/20","0","5","27107","1"
"Olmsted","8","197","Minnesota","4/20/20","143","54","27109","37.76"
"Otter Tail","0","6","Minnesota","4/20/20","4","2","27111","50"
"Pine","1","11","Minnesota","4/20/20","5","6","27115","120"
"Pipestone","0","2","Minnesota","4/20/20","1","1","27117","100"
"Polk","0","3","Minnesota","4/20/20","1","2","27119","200"
"Ramsey","7","202","Minnesota","4/20/20","152","50","27123","32.89"
"Red Lake","0","2","Minnesota","4/20/20","1","1","27125","100"
"Redwood","0","1","Minnesota","4/20/20","1","0","27127","0"
"Renville","0","3","Minnesota","4/20/20","3","0","27129","0"
"Rice","0","7","Minnesota","4/20/20","4","3","27131","75"
"Rock","0","4","Minnesota","4/20/20","2","2","27133","100"
"Roseau","0","1","Minnesota","4/20/20","1","0","27135","0"
"Scott","1","27","Minnesota","4/20/20","20","7","27139","35"
"Sherburne","1","13","Minnesota","4/20/20","9","4","27141","44.44"
"Sibley","0","1","Minnesota","4/20/20","1","0","27143","0"
"St. Louis","2","52","Minnesota","4/20/20","38","14","27137","36.84"
"Stearns","1","17","Minnesota","4/20/20","7","10","27145","142.86"
"Steele","0","9","Minnesota","4/20/20","9","0","27147","0"
"Swift","0","1","Minnesota","4/20/20","1","0","27151","0"
"Todd","0","3","Minnesota","4/20/20","2","1","27153","50"
"Traverse","0","2","Minnesota","4/20/20","2","0","27155","0"
"Wabasha","0","8","Minnesota","4/20/20","6","2","27157","33.33"
"Waseca","0","3","Minnesota","4/20/20","3","0","27161","0"
"Washington","2","97","Minnesota","4/20/20","80","17","27163","21.25"
"Watonwan","0","4","Minnesota","4/20/20","4","0","27165","0"
"Wilkin","0","9","Minnesota","4/20/20","7","2","27167","28.57"
"Winona","4","61","Minnesota","4/20/20","30","31","27169","103.33"
"Wright","1","25","Minnesota","4/20/20","17","8","27171","47.06"
"Yellow Medicine","0","3","Minnesota","4/20/20","3","0","27173","0"
"Adams","4","83","Mississippi","4/20/20","57","26","28001","45.61"
"Alcorn","0","7","Mississippi","4/20/20","7","0","28003","0"
"Amite","0","17","Mississippi","4/20/20","14","3","28005","21.43"
"Attala","3","44","Mississippi","4/20/20","20","24","28007","120"
"Benton","0","8","Mississippi","4/20/20","5","3","28009","60"
"Bolivar","2","85","Mississippi","4/20/20","68","17","28011","25"
"Calhoun","3","42","Mississippi","4/20/20","24","18","28013","75"
"Carroll","1","14","Mississippi","4/20/20","8","6","28015","75"
"Chickasaw","2","45","Mississippi","4/20/20","30","15","28017","50"
"Choctaw","0","13","Mississippi","4/20/20","11","2","28019","18.18"
"Claiborne","0","10","Mississippi","4/20/20","7","3","28021","42.86"
"Clarke","2","29","Mississippi","4/20/20","15","14","28023","93.33"
"Clay","1","26","Mississippi","4/20/20","20","6","28025","30"
"Coahoma","2","49","Mississippi","4/20/20","38","11","28027","28.95"
"Copiah","2","46","Mississippi","4/20/20","31","15","28029","48.39"
"Covington","3","33","Mississippi","4/20/20","15","18","28031","120"
"DeSoto","9","238","Mississippi","4/20/20","178","60","28033","33.71"
"Forrest","6","147","Mississippi","4/20/20","105","42","28035","40"
"Franklin","1","16","Mississippi","4/20/20","10","6","28037","60"
"George","0","10","Mississippi","4/20/20","8","2","28039","25"
"Greene","0","3","Mississippi","4/20/20","2","1","28041","50"
"Grenada","2","26","Mississippi","4/20/20","11","15","28043","136.36"
"Hancock","2","53","Mississippi","4/20/20","40","13","28045","32.5"
"Harrison","5","145","Mississippi","4/20/20","112","33","28047","29.46"
"Hinds","13","347","Mississippi","4/20/20","259","88","28049","33.98"
"Holmes","2","60","Mississippi","4/20/20","46","14","28051","30.43"
"Humphreys","0","12","Mississippi","4/20/20","11","1","28053","9.09"
"Itawamba","2","26","Mississippi","4/20/20","9","17","28057","188.89"
"Jackson","9","209","Mississippi","4/20/20","147","62","28059","42.18"
"Jasper","1","23","Mississippi","4/20/20","14","9","28061","64.29"
"Jefferson","0","6","Mississippi","4/20/20","4","2","28063","50"
"Jefferson Davis","1","10","Mississippi","4/20/20","5","5","28065","100"
"Jones","5","74","Mississippi","4/20/20","37","37","28067","100"
"Kemper","1","21","Mississippi","4/20/20","14","7","28069","50"
"Lafayette","5","67","Mississippi","4/20/20","30","37","28071","123.33"
"Lamar","5","71","Mississippi","4/20/20","38","33","28073","86.84"
"Lauderdale","10","220","Mississippi","4/20/20","150","70","28075","46.67"
"Lawrence","2","17","Mississippi","4/20/20","6","11","28077","183.33"
"Leake","8","86","Mississippi","4/20/20","29","57","28079","196.55"
"Lee","2","63","Mississippi","4/20/20","46","17","28081","36.96"
"Leflore","8","105","Mississippi","4/20/20","48","57","28083","118.75"
"Lincoln","8","107","Mississippi","4/20/20","49","58","28085","118.37"
"Lowndes","1","34","Mississippi","4/20/20","25","9","28087","36"
"Madison","5","140","Mississippi","4/20/20","106","34","28089","32.08"
"Marion","4","47","Mississippi","4/20/20","21","26","28091","123.81"
"Marshall","1","38","Mississippi","4/20/20","34","4","28093","11.76"
"Monroe","5","75","Mississippi","4/20/20","37","38","28095","102.7"
"Montgomery","0","15","Mississippi","4/20/20","15","0","28097","0"
"Neshoba","6","73","Mississippi","4/20/20","34","39","28099","114.71"
"Newton","3","30","Mississippi","4/20/20","10","20","28101","200"
"Noxubee","2","22","Mississippi","4/20/20","6","16","28103","266.67"
"Oktibbeha","1","43","Mississippi","4/20/20","37","6","28105","16.22"
"Panola","2","36","Mississippi","4/20/20","23","13","28107","56.52"
"Pearl River","6","132","Mississippi","4/20/20","88","44","28109","50"
"Perry","0","22","Mississippi","4/20/20","19","3","28111","15.79"
"Pike","8","115","Mississippi","4/20/20","59","56","28113","94.92"
"Pontotoc","0","18","Mississippi","4/20/20","15","3","28115","20"
"Prentiss","2","25","Mississippi","4/20/20","14","11","28117","78.57"
"Quitman","0","13","Mississippi","4/20/20","12","1","28119","8.33"
"Rankin","6","141","Mississippi","4/20/20","100","41","28121","41"
"Scott","13","148","Mississippi","4/20/20","58","90","28123","155.17"
"Sharkey","0","3","Mississippi","4/20/20","3","0","28125","0"
"Simpson","3","28","Mississippi","4/20/20","7","21","28127","300"
"Smith","3","47","Mississippi","4/20/20","28","19","28129","67.86"
"Stone","1","19","Mississippi","4/20/20","11","8","28131","72.73"
"Sunflower","1","47","Mississippi","4/20/20","38","9","28133","23.68"
"Tallahatchie","1","8","Mississippi","4/20/20","4","4","28135","100"
"Tate","1","34","Mississippi","4/20/20","24","10","28137","41.67"
"Tippah","0","47","Mississippi","4/20/20","44","3","28139","6.82"
"Tishomingo","0","4","Mississippi","4/20/20","2","2","28141","100"
"Tunica","2","32","Mississippi","4/20/20","21","11","28143","52.38"
"Union","1","11","Mississippi","4/20/20","7","4","28145","57.14"
"Walthall","0","24","Mississippi","4/20/20","21","3","28147","14.29"
"Warren","1","22","Mississippi","4/20/20","14","8","28149","57.14"
"Washington","2","71","Mississippi","4/20/20","57","14","28151","24.56"
"Wayne","0","12","Mississippi","4/20/20","9","3","28153","33.33"
"Webster","0","15","Mississippi","4/20/20","14","1","28155","7.14"
"Wilkinson","2","61","Mississippi","4/20/20","49","12","28157","24.49"
"Winston","2","36","Mississippi","4/20/20","20","16","28159","80"
"Yalobusha","0","16","Mississippi","4/20/20","14","2","28161","14.29"
"Yazoo","4","95","Mississippi","4/20/20","64","31","28163","48.44"
"Adair","0","12","Missouri","4/20/20","11","1","29001","9.09"
"Andrew","0","1","Missouri","4/20/20","1","0","29003","0"
"Atchison","0","2","Missouri","4/20/20","1","1","29005","100"
"Barry","0","4","Missouri","4/20/20","2","2","29009","100"
"Bates","0","6","Missouri","4/20/20","6","0","29013","0"
"Benton","0","3","Missouri","4/20/20","3","0","29015","0"
"Bollinger","0","3","Missouri","4/20/20","3","0","29017","0"
"Boone","2","94","Missouri","4/20/20","82","12","29019","14.63"
"Buchanan","1","32","Missouri","4/20/20","22","10","29021","45.45"
"Butler","1","24","Missouri","4/20/20","16","8","29023","50"
"Caldwell","0","2","Missouri","4/20/20","1","1","29025","100"
"Callaway","0","21","Missouri","4/20/20","20","1","29027","5"
"Camden","1","33","Missouri","4/20/20","26","7","29029","26.92"
"Cape Girardeau","1","36","Missouri","4/20/20","30","6","29031","20"
"Carter","0","3","Missouri","4/20/20","3","0","29035","0"
"Cass","2","53","Missouri","4/20/20","42","11","29037","26.19"
"Cedar","0","5","Missouri","4/20/20","5","0","29039","0"
"Chariton","0","4","Missouri","4/20/20","4","0","29041","0"
"Christian","0","19","Missouri","4/20/20","17","2","29043","11.76"
"Clark","0","1","Missouri","4/20/20","1","0","29045","0"
"Clay","1","59","Missouri","4/20/20","51","8","29047","15.69"
"Clinton","0","11","Missouri","4/20/20","11","0","29049","0"
"Cole","1","46","Missouri","4/20/20","37","9","29051","24.32"
"Cooper","0","4","Missouri","4/20/20","4","0","29053","0"
"Crawford","0","6","Missouri","4/20/20","4","2","29055","50"
"Dallas","0","2","Missouri","4/20/20","2","0","29059","0"
"Daviess","0","2","Missouri","4/20/20","0","2","29061","1"
"DeKalb","0","3","Missouri","4/20/20","3","0","29063","0"
"Dunklin","0","19","Missouri","4/20/20","16","3","29069","18.75"
"Franklin","2","99","Missouri","4/20/20","84","15","29071","17.86"
"Gasconade","0","2","Missouri","4/20/20","2","0","29073","0"
"Gentry","0","1","Missouri","4/20/20","1","0","29075","0"
"Greene","2","90","Missouri","4/20/20","79","11","29077","13.92"
"Harrison","0","6","Missouri","4/20/20","6","0","29081","0"
"Henry","0","6","Missouri","4/20/20","4","2","29083","50"
"Holt","0","1","Missouri","4/20/20","0","1","29087","1"
"Howard","0","2","Missouri","4/20/20","2","0","29089","0"
"Howell","0","5","Missouri","4/20/20","4","1","29091","25"
"Iron","0","2","Missouri","4/20/20","1","1","29093","100"
"Jackson","7","271","Missouri","4/20/20","225","46","29095","20.44"
"Jasper","0","28","Missouri","4/20/20","25","3","29097","12"
"Jefferson","13","222","Missouri","4/20/20","129","93","29099","72.09"
"Johnson","1","50","Missouri","4/20/20","45","5","29101","11.11"
"Kansas City","13","420","Missouri","4/20/20","329","91","00000","27.66"
"Lafayette","0","30","Missouri","4/20/20","28","2","29107","7.14"
"Lincoln","4","56","Missouri","4/20/20","26","30","29113","115.38"
"Linn","0","5","Missouri","4/20/20","4","1","29115","25"
"Livingston","0","2","Missouri","4/20/20","1","1","29117","100"
"Macon","0","2","Missouri","4/20/20","2","0","29121","0"
"Madison","0","1","Missouri","4/20/20","1","0","29123","0"
"Maries","0","2","Missouri","4/20/20","2","0","29125","0"
"McDonald","0","4","Missouri","4/20/20","4","0","29119","0"
"Miller","0","1","Missouri","4/20/20","0","1","29131","1"
"Moniteau","5","39","Missouri","4/20/20","4","35","29135","875"
"Montgomery","0","7","Missouri","4/20/20","6","1","29139","16.67"
"Morgan","0","2","Missouri","4/20/20","1","1","29141","100"
"New Madrid","0","9","Missouri","4/20/20","8","1","29143","12.5"
"Newton","0","9","Missouri","4/20/20","8","1","29145","12.5"
"Nodaway","0","3","Missouri","4/20/20","2","1","29147","50"
"Oregon","0","1","Missouri","4/20/20","1","0","29149","0"
"Osage","0","4","Missouri","4/20/20","4","0","29151","0"
"Pemiscot","1","13","Missouri","4/20/20","8","5","29155","62.5"
"Perry","1","41","Missouri","4/20/20","36","5","29157","13.89"
"Pettis","1","13","Missouri","4/20/20","3","10","29159","333.33"
"Phelps","0","1","Missouri","4/20/20","1","0","29161","0"
"Pike","0","6","Missouri","4/20/20","6","0","29163","0"
"Platte","0","27","Missouri","4/20/20","25","2","29165","8"
"Polk","0","1","Missouri","4/20/20","1","0","29167","0"
"Pulaski","3","31","Missouri","4/20/20","11","20","29169","181.82"
"Ralls","0","1","Missouri","4/20/20","1","0","29173","0"
"Randolph","0","8","Missouri","4/20/20","8","0","29175","0"
"Ray","0","7","Missouri","4/20/20","7","0","29177","0"
"Reynolds","0","2","Missouri","4/20/20","2","0","29179","0"
"Ripley","0","4","Missouri","4/20/20","3","1","29181","33.33"
"Saline","6","67","Missouri","4/20/20","23","44","29195","191.3"
"Scotland","0","4","Missouri","4/20/20","3","1","29199","33.33"
"Scott","4","51","Missouri","4/20/20","24","27","29201","112.5"
"Shelby","0","1","Missouri","4/20/20","1","0","29205","0"
"St. Charles","11","458","Missouri","4/20/20","380","78","29183","20.53"
"St. Clair","0","2","Missouri","4/20/20","2","0","29185","0"
"St. Francois","0","24","Missouri","4/20/20","23","1","29187","4.35"
"St. Louis","72","2419","Missouri","4/20/20","1915","504","29189","26.32"
"St. Louis City","25","882","Missouri","4/20/20","706","176","29510","24.93"
"Ste. Genevieve","0","7","Missouri","4/20/20","7","0","29186","0"
"Stoddard","1","18","Missouri","4/20/20","11","7","29207","63.64"
"Stone","0","3","Missouri","4/20/20","3","0","29209","0"
"Taney","0","9","Missouri","4/20/20","8","1","29213","12.5"
"Vernon","0","4","Missouri","4/20/20","3","1","29217","33.33"
"Warren","1","22","Missouri","4/20/20","17","5","29219","29.41"
"Washington","1","5","Missouri","4/20/20","1","4","29221","400"
"Webster","1","10","Missouri","4/20/20","4","6","29225","150"
"Worth","0","1","Missouri","4/20/20","1","0","29227","0"
"Wright","0","9","Missouri","4/20/20","8","1","29229","12.5"
"Beaverhead","0","1","Montana","4/20/20","1","0","30001","0"
"Big Horn","0","3","Montana","4/20/20","1","2","30003","200"
"Broadwater","0","4","Montana","4/20/20","4","0","30007","0"
"Carbon","0","6","Montana","4/20/20","6","0","30009","0"
"Cascade","0","13","Montana","4/20/20","13","0","30013","0"
"Deer Lodge","0","3","Montana","4/20/20","3","0","30023","0"
"Flathead","0","37","Montana","4/20/20","36","1","30029","2.78"
"Gallatin","1","143","Montana","4/20/20","138","5","30031","3.62"
"Glacier","0","4","Montana","4/20/20","4","0","30035","0"
"Golden Valley","0","3","Montana","4/20/20","1","2","30037","200"
"Hill","0","1","Montana","4/20/20","1","0","30041","0"
"Jefferson","0","2","Montana","4/20/20","2","0","30043","0"
"Lake","0","5","Montana","4/20/20","5","0","30047","0"
"Lewis and Clark","0","16","Montana","4/20/20","16","0","30049","0"
"Liberty","0","1","Montana","4/20/20","1","0","30051","0"
"Lincoln","0","7","Montana","4/20/20","7","0","30053","0"
"Madison","0","8","Montana","4/20/20","8","0","30057","0"
"Meagher","0","1","Montana","4/20/20","1","0","30059","0"
"Missoula","1","38","Montana","4/20/20","30","8","30063","26.67"
"Musselshell","0","1","Montana","4/20/20","1","0","30065","0"
"Park","0","7","Montana","4/20/20","7","0","30067","0"
"Pondera","0","2","Montana","4/20/20","0","2","30073","1"
"Ravalli","0","5","Montana","4/20/20","5","0","30081","0"
"Richland","0","3","Montana","4/20/20","3","0","30083","0"
"Roosevelt","0","6","Montana","4/20/20","3","3","30085","100"
"Silver Bow","0","11","Montana","4/20/20","11","0","30093","0"
"Stillwater","0","1","Montana","4/20/20","1","0","30095","0"
"Toole","0","29","Montana","4/20/20","26","3","30101","11.54"
"Yellowstone","2","72","Montana","4/20/20","59","13","30111","22.03"
"Adams","7","100","Nebraska","4/20/20","54","46","31001","85.19"
"Antelope","0","1","Nebraska","4/20/20","1","0","31003","0"
"Box Butte","0","1","Nebraska","4/20/20","1","0","31013","0"
"Buffalo","3","55","Nebraska","4/20/20","36","19","31019","52.78"
"Burt","0","1","Nebraska","4/20/20","1","0","31021","0"
"Butler","0","1","Nebraska","4/20/20","0","1","31023","1"
"Cass","0","4","Nebraska","4/20/20","3","1","31025","33.33"
"Cherry","0","1","Nebraska","4/20/20","1","0","31031","0"
"Cheyenne","0","4","Nebraska","4/20/20","3","1","31033","33.33"
"Clay","0","4","Nebraska","4/20/20","2","2","31035","100"
"Colfax","0","5","Nebraska","4/20/20","4","1","31037","25"
"Cuming","0","2","Nebraska","4/20/20","2","0","31039","0"
"Custer","0","20","Nebraska","4/20/20","19","1","31041","5.26"
"Dakota","7","51","Nebraska","4/20/20","2","49","31043","2450"
"Dawson","23","172","Nebraska","4/20/20","13","159","31047","1223.08"
"Dixon","0","1","Nebraska","4/20/20","0","1","31051","1"
"Dodge","1","18","Nebraska","4/20/20","10","8","31053","80"
"Douglas","7","291","Nebraska","4/20/20","242","49","31055","20.25"
"Franklin","0","3","Nebraska","4/20/20","3","0","31061","0"
"Furnas","0","2","Nebraska","4/20/20","0","2","31065","1"
"Gage","0","28","Nebraska","4/20/20","26","2","31067","7.69"
"Gosper","1","6","Nebraska","4/20/20","1","5","31073","500"
"Hall","53","531","Nebraska","4/20/20","161","370","31079","229.81"
"Hamilton","1","20","Nebraska","4/20/20","11","9","31081","81.82"
"Howard","0","3","Nebraska","4/20/20","0","3","31093","1"
"Johnson","0","2","Nebraska","4/20/20","1","1","31097","100"
"Kearney","0","4","Nebraska","4/20/20","3","1","31099","33.33"
"Kimball","0","9","Nebraska","4/20/20","9","0","31105","0"
"Knox","0","2","Nebraska","4/20/20","2","0","31107","0"
"Lancaster","4","85","Nebraska","4/20/20","54","31","31109","57.41"
"Lincoln","0","18","Nebraska","4/20/20","17","1","31111","5.88"
"Madison","1","11","Nebraska","4/20/20","6","5","31119","83.33"
"Merrick","1","9","Nebraska","4/20/20","2","7","31121","350"
"Morrill","0","1","Nebraska","4/20/20","0","1","31123","1"
"Nance","0","1","Nebraska","4/20/20","0","1","31125","1"
"Nemaha","0","1","Nebraska","4/20/20","1","0","31127","0"
"Otoe","0","1","Nebraska","4/20/20","1","0","31131","0"
"Phelps","0","1","Nebraska","4/20/20","1","0","31137","0"
"Pierce","0","1","Nebraska","4/20/20","1","0","31139","0"
"Platte","0","7","Nebraska","4/20/20","6","1","31141","16.67"
"Polk","1","6","Nebraska","4/20/20","2","4","31143","200"
"Red Willow","0","1","Nebraska","4/20/20","0","1","31145","1"
"Saline","1","8","Nebraska","4/20/20","0","8","31151","1"
"Sarpy","2","55","Nebraska","4/20/20","41","14","31153","34.15"
"Saunders","0","6","Nebraska","4/20/20","6","0","31155","0"
"Scotts Bluff","1","22","Nebraska","4/20/20","14","8","31157","57.14"
"Seward","0","2","Nebraska","4/20/20","1","1","31159","100"
"Stanton","0","2","Nebraska","4/20/20","1","1","31167","100"
"Washington","0","21","Nebraska","4/20/20","20","1","31177","5"
"Wayne","0","1","Nebraska","4/20/20","1","0","31179","0"
"Webster","0","2","Nebraska","4/20/20","1","1","31181","100"
"York","0","7","Nebraska","4/20/20","4","3","31185","75"
"Carson City","1","28","Nevada","4/20/20","22","6","32510","27.27"
"Churchill","0","3","Nevada","4/20/20","0","3","32001","1"
"Clark","79","2998","Nevada","4/20/20","2444","554","32003","22.67"
"Douglas","1","15","Nevada","4/20/20","10","5","32005","50"
"Elko","0","12","Nevada","4/20/20","11","1","32007","9.09"
"Humboldt","1","27","Nevada","4/20/20","20","7","32013","35"
"Lincoln","0","0","Nevada","4/20/20","1","-1","32017","-100"
"Lyon","1","18","Nevada","4/20/20","10","8","32019","80"
"Nye","3","28","Nevada","4/20/20","10","18","32023","180"
"Washoe","29","662","Nevada","4/20/20","461","201","32031","43.6"
"White Pine","0","3","Nevada","4/20/20","1","2","32033","200"
"Belknap","1","26","New Hampshire","4/20/20","22","4","33001","18.18"
"Carroll","0","30","New Hampshire","4/20/20","28","2","33003","7.14"
"Cheshire","2","30","New Hampshire","4/20/20","19","11","33005","57.89"
"Coos","0","2","New Hampshire","4/20/20","2","0","33007","0"
"Grafton","0","45","New Hampshire","4/20/20","45","0","33009","0"
"Hillsborough","31","604","New Hampshire","4/20/20","385","219","33011","56.88"
"Merrimack","3","96","New Hampshire","4/20/20","73","23","33013","31.51"
"Rockingham","21","489","New Hampshire","4/20/20","345","144","33015","41.74"
"Strafford","7","111","New Hampshire","4/20/20","59","52","33017","88.14"
"Sullivan","1","10","New Hampshire","4/20/20","6","4","33019","66.67"
"Atlantic","20","410","New Jersey","4/20/20","267","143","34001","53.56"
"Bergen","417","13011","New Jersey","4/20/20","10092","2919","34003","28.92"
"Burlington","73","1663","New Jersey","4/20/20","1155","508","34005","43.98"
"Camden","122","2255","New Jersey","4/20/20","1401","854","34007","60.96"
"Cape May","7","212","New Jersey","4/20/20","164","48","34009","29.27"
"Cumberland","22","338","New Jersey","4/20/20","187","151","34011","80.75"
"Essex","442","10729","New Jersey","4/20/20","7634","3095","34013","40.54"
"Gloucester","29","770","New Jersey","4/20/20","566","204","34015","36.04"
"Hudson","467","11150","New Jersey","4/20/20","7879","3271","34017","41.52"
"Hunterdon","13","419","New Jersey","4/20/20","325","94","34019","28.92"
"Mercer","135","2591","New Jersey","4/20/20","1646","945","34021","57.41"
"Middlesex","337","8346","New Jersey","4/20/20","5987","2359","34023","39.4"
"Monmouth","130","4787","New Jersey","4/20/20","3875","912","34025","23.54"
"Morris","144","4236","New Jersey","4/20/20","3225","1011","34027","31.35"
"Ocean","182","4868","New Jersey","4/20/20","3593","1275","34029","35.49"
"Passaic","361","8479","New Jersey","4/20/20","5950","2529","34031","42.5"
"Salem","8","120","New Jersey","4/20/20","66","54","34033","81.82"
"Somerset","97","2488","New Jersey","4/20/20","1809","679","34035","37.53"
"Sussex","25","680","New Jersey","4/20/20","508","172","34037","33.86"
"Union","477","9972","New Jersey","4/20/20","6636","3336","34039","50.27"
"Warren","28","613","New Jersey","4/20/20","416","197","34041","47.36"
"Bernalillo","16","566","New Mexico","4/20/20","455","111","35001","24.4"
"Catron","0","1","New Mexico","4/20/20","1","0","35003","0"
"Chaves","0","21","New Mexico","4/20/20","19","2","35005","10.53"
"Cibola","1","33","New Mexico","4/20/20","25","8","35006","32"
"Colfax","0","5","New Mexico","4/20/20","2","3","35007","150"
"Curry","0","10","New Mexico","4/20/20","10","0","35009","0"
"Dona Ana","3","73","New Mexico","4/20/20","50","23","35013","46"
"Eddy","0","10","New Mexico","4/20/20","7","3","35015","42.86"
"Grant","1","14","New Mexico","4/20/20","9","5","35017","55.56"
"Guadalupe","0","1","New Mexico","4/20/20","0","1","35019","1"
"Lea","0","2","New Mexico","4/20/20","2","0","35025","0"
"Lincoln","0","1","New Mexico","4/20/20","1","0","35027","0"
"Los Alamos","0","6","New Mexico","4/20/20","5","1","35028","20"
"Luna","0","3","New Mexico","4/20/20","2","1","35029","50"
"McKinley","39","416","New Mexico","4/20/20","144","272","35031","188.89"
"Otero","0","3","New Mexico","4/20/20","4","-1","35035","-25"
"Quay","0","3","New Mexico","4/20/20","1","2","35037","200"
"Rio Arriba","1","11","New Mexico","4/20/20","7","4","35039","57.14"
"Roosevelt","0","1","New Mexico","4/20/20","1","0","35041","0"
"San Juan","20","293","New Mexico","4/20/20","151","142","35045","94.04"
"San Miguel","0","2","New Mexico","4/20/20","1","1","35047","100"
"Sandoval","12","317","New Mexico","4/20/20","235","82","35043","34.89"
"Santa Fe","2","86","New Mexico","4/20/20","75","11","35049","14.67"
"Socorro","3","31","New Mexico","4/20/20","12","19","35053","158.33"
"Taos","0","16","New Mexico","4/20/20","15","1","35055","6.67"
"Torrance","0","13","New Mexico","4/20/20","10","3","35057","30"
"Valencia","2","33","New Mexico","4/20/20","18","15","35061","83.33"
"Albany","27","687","New York","4/20/20","499","188","36001","37.68"
"Allegany","1","30","New York","4/20/20","26","4","36003","15.38"
"Broome","9","199","New York","4/20/20","133","66","36007","49.62"
"Cattaraugus","1","34","New York","4/20/20","28","6","36009","21.43"
"Cayuga","1","36","New York","4/20/20","31","5","36011","16.13"
"Chautauqua","0","25","New York","4/20/20","23","2","36013","8.7"
"Chemung","2","73","New York","4/20/20","60","13","36015","21.67"
"Chenango","2","78","New York","4/20/20","65","13","36017","20"
"Clinton","1","51","New York","4/20/20","44","7","36019","15.91"
"Columbia","3","111","New York","4/20/20","93","18","36021","19.35"
"Cortland","1","25","New York","4/20/20","21","4","36023","19.05"
"Delaware","1","49","New York","4/20/20","42","7","36025","16.67"
"Dutchess","58","2284","New York","4/20/20","1881","403","36027","21.42"
"Erie","76","2192","New York","4/20/20","1661","531","36029","31.97"
"Essex","1","20","New York","4/20/20","12","8","36031","66.67"
"Franklin","0","13","New York","4/20/20","12","1","36033","8.33"
"Fulton","1","27","New York","4/20/20","21","6","36035","28.57"
"Genesee","7","119","New York","4/20/20","71","48","36037","67.61"
"Greene","6","86","New York","4/20/20","45","41","36039","91.11"
"Hamilton","0","3","New York","4/20/20","3","0","36041","0"
"Herkimer","2","49","New York","4/20/20","38","11","36043","28.95"
"Jefferson","1","54","New York","4/20/20","46","8","36045","17.39"
"Lewis","0","9","New York","4/20/20","6","3","36049","50"
"Livingston","1","39","New York","4/20/20","34","5","36051","14.71"
"Madison","1","117","New York","4/20/20","110","7","36053","6.36"
"Monroe","33","1054","New York","4/20/20","823","231","36055","28.07"
"Montgomery","1","35","New York","4/20/20","29","6","36057","20.69"
"Nassau","903","30677","New York","4/20/20","24358","6319","36059","25.94"
"New York","4261","136591","New York","4/20/20","106763","29828","36061","27.94"
"Niagara","9","255","New York","4/20/20","194","61","36063","31.44"
"Oneida","10","279","New York","4/20/20","206","73","36065","35.44"
"Onondaga","18","646","New York","4/20/20","520","126","36067","24.23"
"Ontario","2","71","New York","4/20/20","57","14","36069","24.56"
"Orange","131","6514","New York","4/20/20","5598","916","36071","16.36"
"Orleans","3","46","New York","4/20/20","26","20","36073","76.92"
"Oswego","1","52","New York","4/20/20","42","10","36075","23.81"
"Otsego","1","49","New York","4/20/20","43","6","36077","13.95"
"Putnam","39","778","New York","4/20/20","507","271","36079","53.45"
"Rensselaer","10","186","New York","4/20/20","113","73","36083","64.6"
"Rockland","213","9457","New York","4/20/20","7965","1492","36087","18.73"
"Saratoga","8","254","New York","4/20/20","201","53","36091","26.37"
"Schenectady","13","295","New York","4/20/20","204","91","36093","44.61"
"Schoharie","1","20","New York","4/20/20","12","8","36095","66.67"
"Schuyler","0","8","New York","4/20/20","8","0","36097","0"
"Seneca","0","18","New York","4/20/20","16","2","36099","12.5"
"St. Lawrence","3","110","New York","4/20/20","89","21","36089","23.6"
"Steuben","7","195","New York","4/20/20","147","48","36101","32.65"
"Suffolk","926","28127","New York","4/20/20","21643","6484","36103","29.96"
"Sullivan","26","560","New York","4/20/20","380","180","36105","47.37"
"Tioga","2","37","New York","4/20/20","23","14","36107","60.87"
"Tompkins","1","119","New York","4/20/20","113","6","36109","5.31"
"Ulster","40","997","New York","4/20/20","716","281","36111","39.25"
"Warren","8","101","New York","4/20/20","48","53","36113","110.42"
"Washington","4","65","New York","4/20/20","37","28","36115","75.68"
"Wayne","1","50","New York","4/20/20","42","8","36117","19.05"
"Westchester","646","24306","New York","4/20/20","19786","4520","36119","22.84"
"Wyoming","2","44","New York","4/20/20","31","13","36121","41.94"
"Yates","1","10","New York","4/20/20","4","6","36123","150"
"Alamance","-3","50","North Carolina","4/20/20","68","-18","37001","-26.47"
"Alexander","0","3","North Carolina","4/20/20","2","1","37003","50"
"Alleghany","0","2","North Carolina","4/20/20","2","0","37005","0"
"Anson","1","18","North Carolina","4/20/20","10","8","37007","80"
"Ashe","0","4","North Carolina","4/20/20","4","0","37009","0"
"Beaufort","0","15","North Carolina","4/20/20","14","1","37013","7.14"
"Bertie","2","24","North Carolina","4/20/20","12","12","37015","100"
"Bladen","0","2","North Carolina","4/20/20","2","0","37017","0"
"Brunswick","0","36","North Carolina","4/20/20","35","1","37019","2.86"
"Buncombe","1","47","North Carolina","4/20/20","37","10","37021","27.03"
"Burke","1","70","North Carolina","4/20/20","61","9","37023","14.75"
"Cabarrus","7","212","North Carolina","4/20/20","165","47","37025","28.48"
"Caldwell","1","23","North Carolina","4/20/20","19","4","37027","21.05"
"Carteret","0","24","North Carolina","4/20/20","22","2","37031","9.09"
"Caswell","1","8","North Carolina","4/20/20","3","5","37033","166.67"
"Catawba","1","43","North Carolina","4/20/20","35","8","37035","22.86"
"Chatham","8","127","North Carolina","4/20/20","69","58","37037","84.06"
"Cherokee","1","16","North Carolina","4/20/20","11","5","37039","45.45"
"Chowan","0","6","North Carolina","4/20/20","3","3","37041","100"
"Clay","0","5","North Carolina","4/20/20","4","1","37043","25"
"Cleveland","1","44","North Carolina","4/20/20","39","5","37045","12.82"
"Columbus","3","59","North Carolina","4/20/20","37","22","37047","59.46"
"Craven","1","36","North Carolina","4/20/20","27","9","37049","33.33"
"Cumberland","4","113","North Carolina","4/20/20","84","29","37051","34.52"
"Currituck","0","3","North Carolina","4/20/20","3","0","37053","0"
"Dare","0","15","North Carolina","4/20/20","13","2","37055","15.38"
"Davidson","1","94","North Carolina","4/20/20","85","9","37057","10.59"
"Davie","0","23","North Carolina","4/20/20","22","1","37059","4.55"
"Duplin","2","26","North Carolina","4/20/20","15","11","37061","73.33"
"Durham","21","435","North Carolina","4/20/20","290","145","37063","50"
"Edgecombe","5","58","North Carolina","4/20/20","26","32","37065","123.08"
"Forsyth","1","126","North Carolina","4/20/20","117","9","37067","7.69"
"Franklin","1","71","North Carolina","4/20/20","67","4","37069","5.97"
"Gaston","4","112","North Carolina","4/20/20","86","26","37071","30.23"
"Gates","0","4","North Carolina","4/20/20","4","0","37073","0"
"Granville","3","112","North Carolina","4/20/20","93","19","37077","20.43"
"Greene","0","14","North Carolina","4/20/20","12","2","37079","16.67"
"Guilford","5","176","North Carolina","4/20/20","138","38","37081","27.54"
"Halifax","2","33","North Carolina","4/20/20","22","11","37083","50"
"Harnett","2","61","North Carolina","4/20/20","45","16","37085","35.56"
"Haywood","0","5","North Carolina","4/20/20","3","2","37087","66.67"
"Henderson","4","128","North Carolina","4/20/20","97","31","37089","31.96"
"Hertford","1","9","North Carolina","4/20/20","4","5","37091","125"
"Hoke","1","23","North Carolina","4/20/20","18","5","37093","27.78"
"Iredell","2","82","North Carolina","4/20/20","71","11","37097","15.49"
"Jackson","0","5","North Carolina","4/20/20","2","3","37099","150"
"Johnston","3","123","North Carolina","4/20/20","101","22","37101","21.78"
"Jones","0","9","North Carolina","4/20/20","7","2","37103","28.57"
"Lee","3","38","North Carolina","4/20/20","15","23","37105","153.33"
"Lenoir","1","21","North Carolina","4/20/20","15","6","37107","40"
"Lincoln","1","19","North Carolina","4/20/20","15","4","37109","26.67"
"Macon","0","2","North Carolina","4/20/20","2","0","37113","0"
"Martin","0","9","North Carolina","4/20/20","6","3","37117","50"
"McDowell","1","20","North Carolina","4/20/20","16","4","37111","25"
"Mecklenburg","37","1231","North Carolina","4/20/20","970","261","37119","26.91"
"Mitchell","0","5","North Carolina","4/20/20","4","1","37121","25"
"Montgomery","1","18","North Carolina","4/20/20","13","5","37123","38.46"
"Moore","1","93","North Carolina","4/20/20","84","9","37125","10.71"
"Nash","4","61","North Carolina","4/20/20","36","25","37127","69.44"
"New Hanover","1","68","North Carolina","4/20/20","61","7","37129","11.48"
"Northampton","1","72","North Carolina","4/20/20","62","10","37131","16.13"
"Onslow","0","37","North Carolina","4/20/20","34","3","37133","8.82"
"Orange","5","187","North Carolina","4/20/20","151","36","37135","23.84"
"Pamlico","0","6","North Carolina","4/20/20","6","0","37137","0"
"Pasquotank","2","32","North Carolina","4/20/20","15","17","37139","113.33"
"Pender","0","8","North Carolina","4/20/20","5","3","37141","60"
"Perquimans","1","8","North Carolina","4/20/20","4","4","37143","100"
"Person","1","16","North Carolina","4/20/20","8","8","37145","100"
"Pitt","4","93","North Carolina","4/20/20","65","28","37147","43.08"
"Polk","0","10","North Carolina","4/20/20","9","1","37149","11.11"
"Randolph","3","77","North Carolina","4/20/20","53","24","37151","45.28"
"Richmond","1","20","North Carolina","4/20/20","10","10","37153","100"
"Robeson","2","27","North Carolina","4/20/20","11","16","37155","145.45"
"Rockingham","1","19","North Carolina","4/20/20","14","5","37157","35.71"
"Rowan","7","250","North Carolina","4/20/20","204","46","37159","22.55"
"Rutherford","6","84","North Carolina","4/20/20","40","44","37161","110"
"Sampson","1","22","North Carolina","4/20/20","13","9","37163","69.23"
"Scotland","0","12","North Carolina","4/20/20","9","3","37165","33.33"
"Stanly","1","21","North Carolina","4/20/20","17","4","37167","23.53"
"Stokes","0","10","North Carolina","4/20/20","10","0","37169","0"
"Surry","1","17","North Carolina","4/20/20","10","7","37171","70"
"Transylvania","0","8","North Carolina","4/20/20","6","2","37175","33.33"
"Tyrrell","1","4","North Carolina","4/20/20","0","4","37177","1"
"Union","8","163","North Carolina","4/20/20","104","59","37179","56.73"
"Vance","2","33","North Carolina","4/20/20","19","14","37181","73.68"
"Wake","18","605","North Carolina","4/20/20","476","129","37183","27.1"
"Warren","0","3","North Carolina","4/20/20","3","0","37185","0"
"Washington","1","21","North Carolina","4/20/20","17","4","37187","23.53"
"Watauga","0","8","North Carolina","4/20/20","8","0","37189","0"
"Wayne","71","572","North Carolina","4/20/20","72","500","37191","694.44"
"Wilkes","0","4","North Carolina","4/20/20","4","0","37193","0"
"Wilson","7","116","North Carolina","4/20/20","70","46","37195","65.71"
"Yadkin","0","11","North Carolina","4/20/20","14","-3","37197","-21.43"
"Barnes","0","3","North Dakota","4/20/20","2","1","38003","50"
"Bowman","0","1","North Dakota","4/20/20","1","0","38011","0"
"Burke","0","2","North Dakota","4/20/20","2","0","38013","0"
"Burleigh","2","63","North Dakota","4/20/20","51","12","38015","23.53"
"Cass","19","246","North Dakota","4/20/20","116","130","38017","112.07"
"Divide","0","1","North Dakota","4/20/20","1","0","38023","0"
"Dunn","1","10","North Dakota","4/20/20","3","7","38025","233.33"
"Eddy","0","1","North Dakota","4/20/20","1","0","38027","0"
"Emmons","0","1","North Dakota","4/20/20","1","0","38029","0"
"Foster","0","1","North Dakota","4/20/20","1","0","38031","0"
"Grand Forks","18","138","North Dakota","4/20/20","11","127","38035","1154.55"
"Grant","0","1","North Dakota","4/20/20","1","0","38037","0"
"McHenry","0","1","North Dakota","4/20/20","1","0","38049","0"
"McIntosh","0","1","North Dakota","4/20/20","1","0","38051","0"
"McKenzie","0","10","North Dakota","4/20/20","8","2","38053","25"
"McLean","0","3","North Dakota","4/20/20","2","1","38055","50"
"Morton","0","22","North Dakota","4/20/20","20","2","38059","10"
"Mountrail","0","30","North Dakota","4/20/20","27","3","38061","11.11"
"Nelson","0","1","North Dakota","4/20/20","0","1","38063","1"
"Oliver","0","1","North Dakota","4/20/20","1","0","38065","0"
"Pierce","0","2","North Dakota","4/20/20","2","0","38069","0"
"Ramsey","0","3","North Dakota","4/20/20","3","0","38071","0"
"Richland","0","5","North Dakota","4/20/20","3","2","38077","66.67"
"Rolette","0","1","North Dakota","4/20/20","1","0","38079","0"
"Sargent","0","1","North Dakota","4/20/20","1","0","38081","0"
"Sioux","0","1","North Dakota","4/20/20","1","0","38085","0"
"Slope","0","3","North Dakota","4/20/20","3","0","38087","0"
"Stark","1","39","North Dakota","4/20/20","34","5","38089","14.71"
"Stutsman","0","3","North Dakota","4/20/20","1","2","38093","200"
"Walsh","0","3","North Dakota","4/20/20","3","0","38099","0"
"Ward","0","20","North Dakota","4/20/20","20","0","38101","0"
"Williams","0","9","North Dakota","4/20/20","8","1","38105","12.5"
"","0","14","Northern Mariana Islands","4/20/20","11","3",,"27.27"
"Adams","0","3","Ohio","4/20/20","3","0","39001","0"
"Allen","7","84","Ohio","4/20/20","37","47","39003","127.03"
"Ashland","0","5","Ohio","4/20/20","5","0","39005","0"
"Ashtabula","5","68","Ohio","4/20/20","31","37","39007","119.35"
"Athens","0","3","Ohio","4/20/20","3","0","39009","0"
"Auglaize","1","23","Ohio","4/20/20","14","9","39011","64.29"
"Belmont","3","73","Ohio","4/20/20","53","20","39013","37.74"
"Brown","1","9","Ohio","4/20/20","5","4","39015","80"
"Butler","8","180","Ohio","4/20/20","121","59","39017","48.76"
"Carroll","0","16","Ohio","4/20/20","14","2","39019","14.29"
"Champaign","0","8","Ohio","4/20/20","6","2","39021","33.33"
"Clark","1","26","Ohio","4/20/20","20","6","39023","30"
"Clermont","5","72","Ohio","4/20/20","39","33","39025","84.62"
"Clinton","1","26","Ohio","4/20/20","16","10","39027","62.5"
"Columbiana","10","182","Ohio","4/20/20","114","68","39029","59.65"
"Coshocton","0","16","Ohio","4/20/20","16","0","39031","0"
"Crawford","3","37","Ohio","4/20/20","17","20","39033","117.65"
"Cuyahoga","54","1577","Ohio","4/20/20","1197","380","39035","31.75"
"Darke","1","57","Ohio","4/20/20","49","8","39037","16.33"
"Defiance","0","15","Ohio","4/20/20","12","3","39039","25"
"Delaware","4","122","Ohio","4/20/20","96","26","39041","27.08"
"Erie","4","37","Ohio","4/20/20","12","25","39043","208.33"
"Fairfield","2","99","Ohio","4/20/20","84","15","39045","17.86"
"Fayette","0","13","Ohio","4/20/20","10","3","39047","30"
"Franklin","71","1510","Ohio","4/20/20","1012","498","39049","49.21"
"Fulton","1","16","Ohio","4/20/20","7","9","39051","128.57"
"Gallia","0","6","Ohio","4/20/20","8","-2","39053","-25"
"Geauga","5","105","Ohio","4/20/20","68","37","39055","54.41"
"Greene","1","39","Ohio","4/20/20","30","9","39057","30"
"Guernsey","1","12","Ohio","4/20/20","6","6","39059","100"
"Hamilton","25","735","Ohio","4/20/20","558","177","39061","31.72"
"Hancock","2","30","Ohio","4/20/20","19","11","39063","57.89"
"Hardin","1","17","Ohio","4/20/20","8","9","39065","112.5"
"Harrison","0","2","Ohio","4/20/20","0","2","39067","1"
"Henry","0","3","Ohio","4/20/20","1","2","39069","200"
"Highland","0","7","Ohio","4/20/20","7","0","39071","0"
"Hocking","0","4","Ohio","4/20/20","2","2","39073","100"
"Holmes","0","4","Ohio","4/20/20","3","1","39075","33.33"
"Huron","1","20","Ohio","4/20/20","14","6","39077","42.86"
"Jackson","0","4","Ohio","4/20/20","2","2","39079","100"
"Jefferson","1","30","Ohio","4/20/20","24","6","39081","25"
"Knox","0","13","Ohio","4/20/20","10","3","39083","30"
"Lake","3","135","Ohio","4/20/20","117","18","39085","15.38"
"Lawrence","1","21","Ohio","4/20/20","17","4","39087","23.53"
"Licking","2","100","Ohio","4/20/20","86","14","39089","16.28"
"Logan","1","13","Ohio","4/20/20","8","5","39091","62.5"
"Lorain","17","303","Ohio","4/20/20","184","119","39093","64.67"
"Lucas","44","823","Ohio","4/20/20","514","309","39095","60.12"
"Madison","1","30","Ohio","4/20/20","24","6","39097","25"
"Mahoning","23","604","Ohio","4/20/20","443","161","39099","36.34"
"Marion","283","2073","Ohio","4/20/20","91","1982","39101","2178.02"
"Medina","4","139","Ohio","4/20/20","112","27","39103","24.11"
"Meigs","0","2","Ohio","4/20/20","1","1","39105","100"
"Mercer","0","13","Ohio","4/20/20","13","0","39107","0"
"Miami","1","131","Ohio","4/20/20","121","10","39109","8.26"
"Monroe","0","2","Ohio","4/20/20","2","0","39111","0"
"Montgomery","5","235","Ohio","4/20/20","201","34","39113","16.92"
"Morgan","0","3","Ohio","4/20/20","2","1","39115","50"
"Morrow","2","23","Ohio","4/20/20","9","14","39117","155.56"
"Muskingum","0","9","Ohio","4/20/20","8","1","39119","12.5"
"Noble","0","4","Ohio","4/20/20","2","2","39121","100"
"Ottawa","3","29","Ohio","4/20/20","11","18","39123","163.64"
"Paulding","0","5","Ohio","4/20/20","5","0","39125","0"
"Perry","0","9","Ohio","4/20/20","8","1","39127","12.5"
"Pickaway","166","1246","Ohio","4/20/20","83","1163","39129","1401.2"
"Pike","0","2","Ohio","4/20/20","1","1","39131","100"
"Portage","5","180","Ohio","4/20/20","144","36","39133","25"
"Preble","1","24","Ohio","4/20/20","16","8","39135","50"
"Putnam","3","21","Ohio","4/20/20","1","20","39137","2000"
"Richland","3","64","Ohio","4/20/20","43","21","39139","48.84"
"Ross","1","29","Ohio","4/20/20","19","10","39141","52.63"
"Sandusky","1","17","Ohio","4/20/20","12","5","39143","41.67"
"Scioto","0","6","Ohio","4/20/20","4","2","39145","50"
"Seneca","1","13","Ohio","4/20/20","9","4","39147","44.44"
"Shelby","0","28","Ohio","4/20/20","27","1","39149","3.7"
"Stark","10","237","Ohio","4/20/20","167","70","39151","41.92"
"Summit","15","370","Ohio","4/20/20","262","108","39153","41.22"
"Trumbull","11","249","Ohio","4/20/20","174","75","39155","43.1"
"Tuscarawas","1","32","Ohio","4/20/20","28","4","39157","14.29"
"Union","0","13","Ohio","4/20/20","11","2","39159","18.18"
"Van Wert","0","3","Ohio","4/20/20","2","1","39161","50"
"Warren","6","116","Ohio","4/20/20","76","40","39165","52.63"
"Washington","3","65","Ohio","4/20/20","41","24","39167","58.54"
"Wayne","4","81","Ohio","4/20/20","54","27","39169","50"
"Williams","1","8","Ohio","4/20/20","3","5","39171","166.67"
"Wood","4","84","Ohio","4/20/20","54","30","39173","55.56"
"Wyandot","1","17","Ohio","4/20/20","12","5","39175","41.67"
"Adair","3","46","Oklahoma","4/20/20","27","19","40001","70.37"
"Alfalfa","0","1","Oklahoma","4/20/20","1","0","40003","0"
"Atoka","0","1","Oklahoma","4/20/20","1","0","40005","0"
"Beaver","0","1","Oklahoma","4/20/20","1","0","40007","0"
"Beckham","0","2","Oklahoma","4/20/20","1","1","40009","100"
"Bryan","0","5","Oklahoma","4/20/20","4","1","40013","25"
"Caddo","6","52","Oklahoma","4/20/20","9","43","40015","477.78"
"Canadian","3","75","Oklahoma","4/20/20","57","18","40017","31.58"
"Carter","0","1","Oklahoma","4/20/20","1","0","40019","0"
"Cherokee","1","24","Oklahoma","4/20/20","20","4","40021","20"
"Choctaw","0","3","Oklahoma","4/20/20","2","1","40023","50"
"Cleveland","8","324","Oklahoma","4/20/20","267","57","40027","21.35"
"Comanche","3","71","Oklahoma","4/20/20","51","20","40031","39.22"
"Cotton","0","5","Oklahoma","4/20/20","5","0","40033","0"
"Craig","0","8","Oklahoma","4/20/20","7","1","40035","14.29"
"Creek","2","68","Oklahoma","4/20/20","56","12","40037","21.43"
"Custer","1","10","Oklahoma","4/20/20","6","4","40039","66.67"
"Delaware","3","86","Oklahoma","4/20/20","63","23","40041","36.51"
"Dewey","0","2","Oklahoma","4/20/20","1","1","40043","100"
"Garfield","1","11","Oklahoma","4/20/20","7","4","40047","57.14"
"Garvin","0","11","Oklahoma","4/20/20","11","0","40049","0"
"Grady","2","23","Oklahoma","4/20/20","11","12","40051","109.09"
"Grant","0","2","Oklahoma","4/20/20","2","0","40053","0"
"Greer","1","57","Oklahoma","4/20/20","50","7","40055","14"
"Harper","0","1","Oklahoma","4/20/20","0","1","40059","1"
"Haskell","0","2","Oklahoma","4/20/20","0","2","40061","1"
"Jackson","0","6","Oklahoma","4/20/20","7","-1","40065","-14.29"
"Jefferson","0","1","Oklahoma","4/20/20","1","0","40067","0"
"Johnston","0","3","Oklahoma","4/20/20","0","3","40069","1"
"Kay","0","46","Oklahoma","4/20/20","45","1","40071","2.22"
"Kingfisher","0","6","Oklahoma","4/20/20","6","0","40073","0"
"Kiowa","0","3","Oklahoma","4/20/20","2","1","40075","50"
"Latimer","0","4","Oklahoma","4/20/20","4","0","40077","0"
"Le Flore","0","6","Oklahoma","4/20/20","3","3","40079","100"
"Lincoln","0","10","Oklahoma","4/20/20","10","0","40081","0"
"Logan","0","9","Oklahoma","4/20/20","7","2","40083","28.57"
"Love","0","2","Oklahoma","4/20/20","2","0","40085","0"
"Major","0","2","Oklahoma","4/20/20","1","1","40093","100"
"Marshall","0","2","Oklahoma","4/20/20","1","1","40095","100"
"Mayes","1","19","Oklahoma","4/20/20","15","4","40097","26.67"
"McClain","0","22","Oklahoma","4/20/20","19","3","40087","15.79"
"McCurtain","0","8","Oklahoma","4/20/20","6","2","40089","33.33"
"McIntosh","0","2","Oklahoma","4/20/20","1","1","40091","100"
"Murray","0","1","Oklahoma","4/20/20","0","1","40099","1"
"Muskogee","1","26","Oklahoma","4/20/20","22","4","40101","18.18"
"Noble","0","6","Oklahoma","4/20/20","6","0","40103","0"
"Nowata","0","13","Oklahoma","4/20/20","10","3","40105","30"
"Okfuskee","0","1","Oklahoma","4/20/20","1","0","40107","0"
"Oklahoma","17","574","Oklahoma","4/20/20","455","119","40109","26.15"
"Okmulgee","0","15","Oklahoma","4/20/20","14","1","40111","7.14"
"Osage","1","65","Oklahoma","4/20/20","56","9","40113","16.07"
"Ottawa","1","27","Oklahoma","4/20/20","23","4","40115","17.39"
"Pawnee","0","28","Oklahoma","4/20/20","27","1","40117","3.7"
"Payne","1","39","Oklahoma","4/20/20","29","10","40119","34.48"
"Pittsburg","1","18","Oklahoma","4/20/20","10","8","40121","80"
"Pontotoc","0","10","Oklahoma","4/20/20","10","0","40123","0"
"Pottawatomie","1","36","Oklahoma","4/20/20","26","10","40125","38.46"
"Rogers","2","38","Oklahoma","4/20/20","25","13","40131","52"
"Seminole","0","7","Oklahoma","4/20/20","7","0","40133","0"
"Sequoyah","0","10","Oklahoma","4/20/20","11","-1","40135","-9.09"
"Stephens","1","19","Oklahoma","4/20/20","15","4","40137","26.67"
"Texas","2","20","Oklahoma","4/20/20","5","15","40139","300"
"Tillman","0","2","Oklahoma","4/20/20","1","1","40141","100"
"Tulsa","12","422","Oklahoma","4/20/20","337","85","40143","25.22"
"Wagoner","5","108","Oklahoma","4/20/20","73","35","40145","47.95"
"Washington","5","148","Oklahoma","4/20/20","114","34","40147","29.82"
"Woods","0","3","Oklahoma","4/20/20","0","3","40151","1"
"Woodward","0","1","Oklahoma","4/20/20","1","0","40153","0"
"Benton","1","28","Oregon","4/20/20","23","5","41003","21.74"
"Clackamas","6","171","Oregon","4/20/20","132","39","41005","29.55"
"Clatsop","0","6","Oregon","4/20/20","6","0","41007","0"
"Columbia","0","14","Oregon","4/20/20","12","2","41009","16.67"
"Coos","0","1","Oregon","4/20/20","1","0","41011","0"
"Crook","0","1","Oregon","4/20/20","1","0","41013","0"
"Curry","0","4","Oregon","4/20/20","3","1","41015","33.33"
"Deschutes","1","64","Oregon","4/20/20","54","10","41017","18.52"
"Douglas","1","23","Oregon","4/20/20","16","7","41019","43.75"
"Grant","0","1","Oregon","4/20/20","1","0","41023","0"
"Hood River","0","4","Oregon","4/20/20","4","0","41027","0"
"Jackson","0","49","Oregon","4/20/20","47","2","41029","4.26"
"Jefferson","0","1","Oregon","4/20/20","0","1","41031","1"
"Josephine","0","19","Oregon","4/20/20","19","0","41033","0"
"Klamath","1","31","Oregon","4/20/20","25","6","41035","24"
"Lane","1","48","Oregon","4/20/20","41","7","41039","17.07"
"Lincoln","0","5","Oregon","4/20/20","4","1","41041","25"
"Linn","1","61","Oregon","4/20/20","52","9","41043","17.31"
"Malheur","0","5","Oregon","4/20/20","4","1","41045","25"
"Marion","13","371","Oregon","4/20/20","280","91","41047","32.5"
"Morrow","0","5","Oregon","4/20/20","5","0","41049","0"
"Multnomah","17","520","Oregon","4/20/20","398","122","41051","30.65"
"Polk","0","33","Oregon","4/20/20","30","3","41053","10"
"Sherman","0","1","Oregon","4/20/20","1","0","41055","0"
"Tillamook","0","6","Oregon","4/20/20","4","2","41057","50"
"Umatilla","2","27","Oregon","4/20/20","16","11","41059","68.75"
"Union","0","4","Oregon","4/20/20","4","0","41061","0"
"Wallowa","0","1","Oregon","4/20/20","1","0","41063","0"
"Wasco","0","10","Oregon","4/20/20","10","0","41065","0"
"Washington","7","408","Oregon","4/20/20","360","48","41067","13.33"
"Yamhill","1","35","Oregon","4/20/20","30","5","41071","16.67"
"Adams","4","85","Pennsylvania","4/20/20","56","29","42001","51.79"
"Allegheny","24","1042","Pennsylvania","4/20/20","876","166","42003","18.95"
"Armstrong","1","38","Pennsylvania","4/20/20","28","10","42005","35.71"
"Beaver","21","298","Pennsylvania","4/20/20","153","145","42007","94.77"
"Bedford","1","15","Pennsylvania","4/20/20","5","10","42009","200"
"Berks","114","1945","Pennsylvania","4/20/20","1150","795","42011","69.13"
"Blair","0","14","Pennsylvania","4/20/20","11","3","42013","27.27"
"Bradford","1","25","Pennsylvania","4/20/20","19","6","42015","31.58"
"Bucks","94","1886","Pennsylvania","4/20/20","1229","657","42017","53.46"
"Butler","3","161","Pennsylvania","4/20/20","143","18","42019","12.59"
"Cambria","1","19","Pennsylvania","4/20/20","14","5","42021","35.71"
"Cameron","0","1","Pennsylvania","4/20/20","1","0","42023","0"
"Carbon","6","144","Pennsylvania","4/20/20","102","42","42025","41.18"
"Centre","0","73","Pennsylvania","4/20/20","70","3","42027","4.29"
"Chester","46","915","Pennsylvania","4/20/20","593","322","42029","54.3"
"Clarion","0","18","Pennsylvania","4/20/20","16","2","42031","12.5"
"Clearfield","0","11","Pennsylvania","4/20/20","9","2","42033","22.22"
"Clinton","0","11","Pennsylvania","4/20/20","8","3","42035","37.5"
"Columbia","14","208","Pennsylvania","4/20/20","113","95","42037","84.07"
"Crawford","0","16","Pennsylvania","4/20/20","16","0","42039","0"
"Cumberland","9","186","Pennsylvania","4/20/20","122","64","42041","52.46"
"Dauphin","21","386","Pennsylvania","4/20/20","240","146","42043","60.83"
"Delaware","114","2545","Pennsylvania","4/20/20","1750","795","42045","45.43"
"Elk","0","2","Pennsylvania","4/20/20","2","0","42047","0"
"Erie","3","60","Pennsylvania","4/20/20","39","21","42049","53.85"
"Fayette","1","67","Pennsylvania","4/20/20","57","10","42051","17.54"
"Forest","0","7","Pennsylvania","4/20/20","5","2","42053","40"
"Franklin","7","115","Pennsylvania","4/20/20","66","49","42055","74.24"
"Fulton","0","2","Pennsylvania","4/20/20","1","1","42057","100"
"Greene","0","25","Pennsylvania","4/20/20","23","2","42059","8.7"
"Huntingdon","0","13","Pennsylvania","4/20/20","11","2","42061","18.18"
"Indiana","1","53","Pennsylvania","4/20/20","43","10","42063","23.26"
"Jefferson","0","3","Pennsylvania","4/20/20","2","1","42065","50"
"Juniata","5","72","Pennsylvania","4/20/20","39","33","42067","84.62"
"Lackawanna","27","646","Pennsylvania","4/20/20","459","187","42069","40.74"
"Lancaster","58","1236","Pennsylvania","4/20/20","828","408","42071","49.28"
"Lawrence","1","59","Pennsylvania","4/20/20","51","8","42073","15.69"
"Lebanon","31","502","Pennsylvania","4/20/20","284","218","42075","76.76"
"Lehigh","71","2245","Pennsylvania","4/20/20","1747","498","42077","28.51"
"Luzerne","46","1767","Pennsylvania","4/20/20","1446","321","42079","22.2"
"Lycoming","2","40","Pennsylvania","4/20/20","28","12","42081","42.86"
"McKean","0","4","Pennsylvania","4/20/20","3","1","42083","33.33"
"Mercer","2","59","Pennsylvania","4/20/20","43","16","42085","37.21"
"Mifflin","0","20","Pennsylvania","4/20/20","17","3","42087","17.65"
"Monroe","22","970","Pennsylvania","4/20/20","816","154","42089","18.87"
"Montgomery","108","3040","Pennsylvania","4/20/20","2285","755","42091","33.04"
"Montour","1","48","Pennsylvania","4/20/20","39","9","42093","23.08"
"Northampton","48","1469","Pennsylvania","4/20/20","1130","339","42095","30"
"Northumberland","5","73","Pennsylvania","4/20/20","40","33","42097","82.5"
"Perry","0","20","Pennsylvania","4/20/20","17","3","42099","17.65"
"Philadelphia","391","9553","Pennsylvania","4/20/20","6813","2740","42101","40.22"
"Pike","12","304","Pennsylvania","4/20/20","221","83","42103","37.56"
"Potter","0","4","Pennsylvania","4/20/20","4","0","42105","0"
"Schuylkill","11","267","Pennsylvania","4/20/20","192","75","42107","39.06"
"Snyder","1","28","Pennsylvania","4/20/20","23","5","42109","21.74"
"Somerset","1","19","Pennsylvania","4/20/20","13","6","42111","46.15"
"Sullivan","0","1","Pennsylvania","4/20/20","1","0","42113","0"
"Susquehanna","5","66","Pennsylvania","4/20/20","31","35","42115","112.9"
"Tioga","0","14","Pennsylvania","4/20/20","14","0","42117","0"
"Union","1","28","Pennsylvania","4/20/20","21","7","42119","33.33"
"Venango","0","6","Pennsylvania","4/20/20","6","0","42121","0"
"Warren","0","1","Pennsylvania","4/20/20","1","0","42123","0"
"Washington","2","83","Pennsylvania","4/20/20","69","14","42125","20.29"
"Wayne","3","85","Pennsylvania","4/20/20","67","18","42127","26.87"
"Westmoreland","8","286","Pennsylvania","4/20/20","228","58","42129","25.44"
"Wyoming","1","17","Pennsylvania","4/20/20","12","5","42131","41.67"
"York","23","493","Pennsylvania","4/20/20","331","162","42133","48.94"
"","50","1252","Puerto Rico","4/20/20","903","349",,"38.65"
"Bristol","4","67","Rhode Island","4/20/20","39","28","44001","71.79"
"Kent","28","366","Rhode Island","4/20/20","169","197","44003","116.57"
"Newport","5","107","Rhode Island","4/20/20","74","33","44005","44.59"
"Providence","316","3491","Rhode Island","4/20/20","1278","2213","44007","173.16"
"Washington","8","198","Rhode Island","4/20/20","140","58","44009","41.43"
"Abbeville","1","17","South Carolina","4/20/20","9","8","45001","88.89"
"Aiken","3","70","South Carolina","4/20/20","51","19","45003","37.25"
"Allendale","0","6","South Carolina","4/20/20","5","1","45005","20"
"Anderson","4","134","South Carolina","4/20/20","109","25","45007","22.94"
"Bamberg","0","7","South Carolina","4/20/20","7","0","45009","0"
"Barnwell","0","6","South Carolina","4/20/20","5","1","45011","20"
"Beaufort","4","225","South Carolina","4/20/20","194","31","45013","15.98"
"Berkeley","7","138","South Carolina","4/20/20","90","48","45015","53.33"
"Calhoun","0","6","South Carolina","4/20/20","6","0","45017","0"
"Charleston","6","391","South Carolina","4/20/20","351","40","45019","11.4"
"Cherokee","1","14","South Carolina","4/20/20","8","6","45021","75"
"Chester","1","25","South Carolina","4/20/20","20","5","45023","25"
"Chesterfield","2","36","South Carolina","4/20/20","23","13","45025","56.52"
"Clarendon","5","120","South Carolina","4/20/20","86","34","45027","39.53"
"Colleton","1","23","South Carolina","4/20/20","17","6","45029","35.29"
"Darlington","4","69","South Carolina","4/20/20","43","26","45031","60.47"
"Dillon","2","22","South Carolina","4/20/20","5","17","45033","340"
"Dorchester","2","88","South Carolina","4/20/20","73","15","45035","20.55"
"Edgefield","0","12","South Carolina","4/20/20","10","2","45037","20"
"Fairfield","0","25","South Carolina","4/20/20","23","2","45039","8.7"
"Florence","11","153","South Carolina","4/20/20","79","74","45041","93.67"
"Georgetown","0","34","South Carolina","4/20/20","31","3","45043","9.68"
"Greenville","22","498","South Carolina","4/20/20","346","152","45045","43.93"
"Greenwood","3","37","South Carolina","4/20/20","18","19","45047","105.56"
"Hampton","2","21","South Carolina","4/20/20","9","12","45049","133.33"
"Horry","5","185","South Carolina","4/20/20","147","38","45051","25.85"
"Jasper","0","15","South Carolina","4/20/20","12","3","45053","25"
"Kershaw","3","201","South Carolina","4/20/20","181","20","45055","11.05"
"Lancaster","2","79","South Carolina","4/20/20","66","13","45057","19.7"
"Laurens","1","20","South Carolina","4/20/20","14","6","45059","42.86"
"Lee","2","42","South Carolina","4/20/20","31","11","45061","35.48"
"Lexington","9","274","South Carolina","4/20/20","212","62","45063","29.25"
"Marion","1","15","South Carolina","4/20/20","7","8","45067","114.29"
"Marlboro","2","29","South Carolina","4/20/20","15","14","45069","93.33"
"McCormick","0","6","South Carolina","4/20/20","3","3","45065","100"
"Newberry","1","21","South Carolina","4/20/20","13","8","45071","61.54"
"Oconee","0","17","South Carolina","4/20/20","14","3","45073","21.43"
"Orangeburg","1","44","South Carolina","4/20/20","37","7","45075","18.92"
"Pickens","2","39","South Carolina","4/20/20","28","11","45077","39.29"
"Richland","23","657","South Carolina","4/20/20","494","163","45079","33"
"Saluda","1","12","South Carolina","4/20/20","6","6","45081","100"
"Spartanburg","6","219","South Carolina","4/20/20","174","45","45083","25.86"
"Sumter","5","185","South Carolina","4/20/20","148","37","45085","25"
"Union","0","24","South Carolina","4/20/20","22","2","45087","9.09"
"Williamsburg","2","26","South Carolina","4/20/20","15","11","45089","73.33"
"York","4","159","South Carolina","4/20/20","134","25","45091","18.66"
"Aurora","0","1","South Dakota","4/20/20","1","0","46003","0"
"Beadle","0","21","South Dakota","4/20/20","21","0","46005","0"
"Bon Homme","0","4","South Dakota","4/20/20","4","0","46009","0"
"Brookings","0","9","South Dakota","4/20/20","9","0","46011","0"
"Brown","1","20","South Dakota","4/20/20","14","6","46013","42.86"
"Brule","0","0","South Dakota","4/20/20","1","-1","46015","-100"
"Charles Mix","0","4","South Dakota","4/20/20","4","0","46023","0"
"Clark","0","1","South Dakota","4/20/20","1","0","46025","0"
"Clay","0","5","South Dakota","4/20/20","5","0","46027","0"
"Codington","0","13","South Dakota","4/20/20","12","1","46029","8.33"
"Corson","0","1","South Dakota","4/20/20","1","0","46031","0"
"Davison","0","3","South Dakota","4/20/20","3","0","46035","0"
"Deuel","0","1","South Dakota","4/20/20","1","0","46039","0"
"Fall River","0","1","South Dakota","4/20/20","1","0","46047","0"
"Faulk","0","1","South Dakota","4/20/20","1","0","46049","0"
"Hamlin","0","2","South Dakota","4/20/20","1","1","46057","100"
"Hughes","0","5","South Dakota","4/20/20","5","0","46065","0"
"Hutchinson","0","2","South Dakota","4/20/20","2","0","46067","0"
"Hyde","0","1","South Dakota","4/20/20","1","0","46069","0"
"Jerauld","0","4","South Dakota","4/20/20","3","1","46073","33.33"
"Lake","0","3","South Dakota","4/20/20","2","1","46079","50"
"Lawrence","0","9","South Dakota","4/20/20","9","0","46081","0"
"Lincoln","6","95","South Dakota","4/20/20","50","45","46083","90"
"Lyman","0","2","South Dakota","4/20/20","2","0","46085","0"
"Marshall","0","1","South Dakota","4/20/20","1","0","46091","0"
"McCook","0","3","South Dakota","4/20/20","2","1","46087","50"
"Meade","0","1","South Dakota","4/20/20","1","0","46093","0"
"Miner","0","1","South Dakota","4/20/20","1","0","46097","0"
"Minnehaha","107","1405","South Dakota","4/20/20","654","751","46099","114.83"
"Moody","0","1","South Dakota","4/20/20","0","1","46101","1"
"Oglala Lakota","0","1","South Dakota","4/20/20","1","0","46102","0"
"Pennington","0","11","South Dakota","4/20/20","9","2","46103","22.22"
"Roberts","0","4","South Dakota","4/20/20","4","0","46109","0"
"Sanborn","0","3","South Dakota","4/20/20","2","1","46111","50"
"Spink","0","3","South Dakota","4/20/20","3","0","46115","0"
"Sully","0","1","South Dakota","4/20/20","1","0","46119","0"
"Todd","0","1","South Dakota","4/20/20","1","0","46121","0"
"Turner","0","6","South Dakota","4/20/20","5","1","46125","20"
"Union","0","7","South Dakota","4/20/20","5","2","46127","40"
"Walworth","0","5","South Dakota","4/20/20","2","3","46129","150"
"Yankton","0","23","South Dakota","4/20/20","22","1","46135","4.55"
"Anderson","0","16","Tennessee","4/20/20","15","1","47001","6.67"
"Bedford","8","76","Tennessee","4/20/20","23","53","47003","230.43"
"Benton","0","4","Tennessee","4/20/20","4","0","47005","0"
"Bledsoe","0","10","Tennessee","4/20/20","8","2","47007","25"
"Blount","0","46","Tennessee","4/20/20","46","0","47009","0"
"Bradley","1","37","Tennessee","4/20/20","32","5","47011","15.62"
"Campbell","0","13","Tennessee","4/20/20","11","2","47013","18.18"
"Cannon","0","8","Tennessee","4/20/20","7","1","47015","14.29"
"Carroll","0","15","Tennessee","4/20/20","12","3","47017","25"
"Carter","0","5","Tennessee","4/20/20","3","2","47019","66.67"
"Cheatham","1","22","Tennessee","4/20/20","18","4","47021","22.22"
"Chester","0","8","Tennessee","4/20/20","5","3","47023","60"
"Claiborne","0","5","Tennessee","4/20/20","4","1","47025","25"
"Clay","0","5","Tennessee","4/20/20","4","1","47027","25"
"Cocke","1","11","Tennessee","4/20/20","5","6","47029","120"
"Coffee","1","20","Tennessee","4/20/20","11","9","47031","81.82"
"Crockett","1","6","Tennessee","4/20/20","0","6","47033","1"
"Cumberland","2","58","Tennessee","4/20/20","43","15","47035","34.88"
"Davidson","67","1675","Tennessee","4/20/20","1207","468","47037","38.77"
"Decatur","0","4","Tennessee","4/20/20","3","1","47039","33.33"
"DeKalb","0","12","Tennessee","4/20/20","10","2","47041","20"
"Dickson","2","46","Tennessee","4/20/20","30","16","47043","53.33"
"Dyer","1","28","Tennessee","4/20/20","22","6","47045","27.27"
"Fayette","1","46","Tennessee","4/20/20","36","10","47047","27.78"
"Fentress","0","4","Tennessee","4/20/20","2","2","47049","100"
"Franklin","1","27","Tennessee","4/20/20","21","6","47051","28.57"
"Gibson","2","31","Tennessee","4/20/20","20","11","47053","55"
"Giles","0","5","Tennessee","4/20/20","3","2","47055","66.67"
"Grainger","0","4","Tennessee","4/20/20","4","0","47057","0"
"Greene","1","35","Tennessee","4/20/20","27","8","47059","29.63"
"Grundy","0","25","Tennessee","4/20/20","23","2","47061","8.7"
"Hamblen","0","8","Tennessee","4/20/20","6","2","47063","33.33"
"Hamilton","1","118","Tennessee","4/20/20","109","9","47065","8.26"
"Hardeman","0","7","Tennessee","4/20/20","7","0","47069","0"
"Hardin","0","4","Tennessee","4/20/20","2","2","47071","100"
"Hawkins","0","27","Tennessee","4/20/20","24","3","47073","12.5"
"Haywood","0","13","Tennessee","4/20/20","12","1","47075","8.33"
"Henderson","0","4","Tennessee","4/20/20","2","2","47077","100"
"Henry","0","9","Tennessee","4/20/20","8","1","47079","12.5"
"Hickman","0","2","Tennessee","4/20/20","2","0","47081","0"
"Houston","0","4","Tennessee","4/20/20","3","1","47083","33.33"
"Humphreys","0","6","Tennessee","4/20/20","4","2","47085","50"
"Jackson","0","6","Tennessee","4/20/20","7","-1","47087","-14.29"
"Jefferson","0","16","Tennessee","4/20/20","16","0","47089","0"
"Johnson","0","2","Tennessee","4/20/20","2","0","47091","0"
"Knox","3","193","Tennessee","4/20/20","173","20","47093","11.56"
"Lake","0","4","Tennessee","4/20/20","4","0","47095","0"
"Lauderdale","1","16","Tennessee","4/20/20","9","7","47097","77.78"
"Lawrence","0","15","Tennessee","4/20/20","13","2","47099","15.38"
"Lewis","0","2","Tennessee","4/20/20","2","0","47101","0"
"Lincoln","0","10","Tennessee","4/20/20","9","1","47103","11.11"
"Loudon","1","23","Tennessee","4/20/20","16","7","47105","43.75"
"Macon","1","34","Tennessee","4/20/20","26","8","47111","30.77"
"Madison","3","87","Tennessee","4/20/20","68","19","47113","27.94"
"Marion","0","28","Tennessee","4/20/20","26","2","47115","7.69"
"Marshall","1","16","Tennessee","4/20/20","9","7","47117","77.78"
"Maury","0","34","Tennessee","4/20/20","33","1","47119","3.03"
"McMinn","0","6","Tennessee","4/20/20","5","1","47107","20"
"McNairy","0","9","Tennessee","4/20/20","9","0","47109","0"
"Meigs","0","3","Tennessee","4/20/20","3","0","47121","0"
"Monroe","0","11","Tennessee","4/20/20","8","3","47123","37.5"
"Montgomery","3","122","Tennessee","4/20/20","102","20","47125","19.61"
"Moore","0","2","Tennessee","4/20/20","0","2","47127","1"
"Morgan","0","5","Tennessee","4/20/20","5","0","47129","0"
"Obion","0","9","Tennessee","4/20/20","8","1","47131","12.5"
"Out of TN","2","273","Tennessee","4/20/20","260","13","80047","5"
"Overton","0","7","Tennessee","4/20/20","5","2","47133","40"
"Perry","0","6","Tennessee","4/20/20","4","2","47135","50"
"Polk","0","5","Tennessee","4/20/20","5","0","47139","0"
"Putnam","1","96","Tennessee","4/20/20","87","9","47141","10.34"
"Rhea","0","2","Tennessee","4/20/20","0","2","47143","1"
"Roane","0","8","Tennessee","4/20/20","5","3","47145","60"
"Robertson","4","116","Tennessee","4/20/20","88","28","47147","31.82"
"Rutherford","11","328","Tennessee","4/20/20","250","78","47149","31.2"
"Scott","0","11","Tennessee","4/20/20","9","2","47151","22.22"
"Sequatchie","0","3","Tennessee","4/20/20","3","0","47153","0"
"Sevier","1","26","Tennessee","4/20/20","22","4","47155","18.18"
"Shelby","73","1839","Tennessee","4/20/20","1331","508","47157","38.17"
"Smith","1","14","Tennessee","4/20/20","10","4","47159","40"
"Stewart","0","6","Tennessee","4/20/20","4","2","47161","50"
"Sullivan","0","45","Tennessee","4/20/20","42","3","47163","7.14"
"Sumner","9","518","Tennessee","4/20/20","454","64","47165","14.1"
"Tipton","5","83","Tennessee","4/20/20","50","33","47167","66"
"Trousdale","0","21","Tennessee","4/20/20","20","1","47169","5"
"Unicoi","0","1","Tennessee","4/20/20","1","0","47171","0"
"Union","0","3","Tennessee","4/20/20","3","0","47173","0"
"Van Buren","0","1","Tennessee","4/20/20","1","0","47175","0"
"Warren","0","5","Tennessee","4/20/20","4","1","47177","25"
"Washington","1","46","Tennessee","4/20/20","42","4","47179","9.52"
"Wayne","0","2","Tennessee","4/20/20","2","0","47181","0"
"Weakley","0","8","Tennessee","4/20/20","6","2","47183","33.33"
"White","0","4","Tennessee","4/20/20","4","0","47185","0"
"Williamson","6","357","Tennessee","4/20/20","318","39","47187","12.26"
"Wilson","6","185","Tennessee","4/20/20","143","42","47189","29.37"
"Anderson","1","8","Texas","4/20/20","3","5","48001","166.67"
"Andrews","1","19","Texas","4/20/20","12","7","48003","58.33"
"Angelina","1","23","Texas","4/20/20","16","7","48005","43.75"
"Aransas","0","2","Texas","4/20/20","2","0","48007","0"
"Armstrong","0","1","Texas","4/20/20","0","1","48011","1"
"Atascosa","0","12","Texas","4/20/20","9","3","48013","33.33"
"Austin","0","12","Texas","4/20/20","11","1","48015","9.09"
"Bandera","0","4","Texas","4/20/20","2","2","48019","100"
"Bastrop","2","44","Texas","4/20/20","27","17","48021","62.96"
"Bee","0","5","Texas","4/20/20","2","3","48025","150"
"Bell","4","126","Texas","4/20/20","101","25","48027","24.75"
"Bexar","35","1015","Texas","4/20/20","772","243","48029","31.48"
"Blanco","0","5","Texas","4/20/20","4","1","48031","25"
"Bosque","0","1","Texas","4/20/20","0","1","48035","1"
"Bowie","4","57","Texas","4/20/20","32","25","48037","78.12"
"Brazoria","11","315","Texas","4/20/20","237","78","48039","32.91"
"Brazos","4","170","Texas","4/20/20","143","27","48041","18.88"
"Brown","0","13","Texas","4/20/20","11","2","48049","18.18"
"Burleson","0","9","Texas","4/20/20","6","3","48051","50"
"Burnet","0","9","Texas","4/20/20","6","3","48053","50"
"Caldwell","0","8","Texas","4/20/20","6","2","48055","33.33"
"Calhoun","1","21","Texas","4/20/20","15","6","48057","40"
"Callahan","0","1","Texas","4/20/20","1","0","48059","0"
"Cameron","15","298","Texas","4/20/20","195","103","48061","52.82"
"Camp","0","6","Texas","4/20/20","3","3","48063","100"
"Carson","0","1","Texas","4/20/20","0","1","48065","1"
"Cass","1","11","Texas","4/20/20","5","6","48067","120"
"Castro","0","11","Texas","4/20/20","11","0","48069","0"
"Chambers","1","35","Texas","4/20/20","29","6","48071","20.69"
"Cherokee","1","10","Texas","4/20/20","6","4","48073","66.67"
"Childress","0","1","Texas","4/20/20","0","1","48075","1"
"Clay","0","3","Texas","4/20/20","2","1","48077","50"
"Collin","8","527","Texas","4/20/20","472","55","48085","11.65"
"Colorado","0","8","Texas","4/20/20","7","1","48089","14.29"
"Comal","1","43","Texas","4/20/20","38","5","48091","13.16"
"Comanche","0","4","Texas","4/20/20","3","1","48093","33.33"
"Concho","0","1","Texas","4/20/20","1","0","48095","0"
"Cooke","0","4","Texas","4/20/20","1","3","48097","300"
"Coryell","6","75","Texas","4/20/20","34","41","48099","120.59"
"Crane","0","2","Texas","4/20/20","2","0","48103","0"
"Crosby","0","1","Texas","4/20/20","1","0","48107","0"
"Dallam","0","3","Texas","4/20/20","1","2","48111","200"
"Dallas","103","2512","Texas","4/20/20","1788","724","48113","40.49"
"Dawson","1","13","Texas","4/20/20","8","5","48115","62.5"
"Deaf Smith","1","12","Texas","4/20/20","8","4","48117","50"
"Delta","0","1","Texas","4/20/20","1","0","48119","0"
"Denton","12","593","Texas","4/20/20","507","86","48121","16.96"
"DeWitt","1","13","Texas","4/20/20","9","4","48123","44.44"
"Dickens","0","1","Texas","4/20/20","2","-1","48125","-50"
"Dimmit","0","1","Texas","4/20/20","1","0","48127","0"
"Donley","0","23","Texas","4/20/20","22","1","48129","4.55"
"Duval","0","1","Texas","4/20/20","0","1","48131","1"
"Eastland","0","3","Texas","4/20/20","3","0","48133","0"
"Ector","2","58","Texas","4/20/20","43","15","48135","34.88"
"El Paso","34","531","Texas","4/20/20","292","239","48141","81.85"
"Ellis","3","90","Texas","4/20/20","66","24","48139","36.36"
"Erath","0","13","Texas","4/20/20","13","0","48143","0"
"Falls","0","1","Texas","4/20/20","1","0","48145","0"
"Fannin","0","8","Texas","4/20/20","5","3","48147","60"
"Fayette","1","15","Texas","4/20/20","10","5","48149","50"
"Floyd","0","2","Texas","4/20/20","1","1","48153","100"
"Fort Bend","34","783","Texas","4/20/20","543","240","48157","44.2"
"Franklin","0","1","Texas","4/20/20","1","0","48159","0"
"Freestone","0","3","Texas","4/20/20","0","3","48161","1"
"Frio","0","1","Texas","4/20/20","1","0","48163","0"
"Gaines","0","2","Texas","4/20/20","2","0","48165","0"
"Galveston","14","455","Texas","4/20/20","355","100","48167","28.17"
"Gillespie","0","1","Texas","4/20/20","1","0","48171","0"
"Goliad","0","5","Texas","4/20/20","4","1","48175","25"
"Gonzales","0","2","Texas","4/20/20","2","0","48177","0"
"Gray","1","17","Texas","4/20/20","13","4","48179","30.77"
"Grayson","0","19","Texas","4/20/20","17","2","48181","11.76"
"Gregg","2","52","Texas","4/20/20","40","12","48183","30"
"Grimes","0","10","Texas","4/20/20","7","3","48185","42.86"
"Guadalupe","1","58","Texas","4/20/20","49","9","48187","18.37"
"Hale","0","12","Texas","4/20/20","11","1","48189","9.09"
"Hamilton","0","5","Texas","4/20/20","3","2","48193","66.67"
"Hansford","0","1","Texas","4/20/20","1","0","48195","0"
"Hardin","2","75","Texas","4/20/20","61","14","48199","22.95"
"Harris","176","4977","Texas","4/20/20","3744","1233","48201","32.93"
"Harrison","4","47","Texas","4/20/20","16","31","48203","193.75"
"Hartley","0","1","Texas","4/20/20","0","1","48205","1"
"Hays","7","128","Texas","4/20/20","82","46","48209","56.1"
"Hemphill","0","1","Texas","4/20/20","1","0","48211","0"
"Henderson","0","13","Texas","4/20/20","10","3","48213","30"
"Hidalgo","10","261","Texas","4/20/20","190","71","48215","37.37"
"Hill","0","10","Texas","4/20/20","8","2","48217","25"
"Hockley","0","16","Texas","4/20/20","14","2","48219","14.29"
"Hood","1","17","Texas","4/20/20","13","4","48221","30.77"
"Hopkins","0","4","Texas","4/20/20","4","0","48223","0"
"Houston","0","3","Texas","4/20/20","0","3","48225","1"
"Howard","0","1","Texas","4/20/20","1","0","48227","0"
"Hunt","2","32","Texas","4/20/20","18","14","48231","77.78"
"Hutchinson","1","8","Texas","4/20/20","3","5","48233","166.67"
"Jack","0","3","Texas","4/20/20","1","2","48237","200"
"Jackson","0","4","Texas","4/20/20","4","0","48239","0"
"Jasper","0","9","Texas","4/20/20","7","2","48241","28.57"
"Jefferson","8","180","Texas","4/20/20","127","53","48245","41.73"
"Jim Wells","0","2","Texas","4/20/20","2","0","48249","0"
"Johnson","2","41","Texas","4/20/20","28","13","48251","46.43"
"Jones","0","4","Texas","4/20/20","2","2","48253","100"
"Karnes","0","3","Texas","4/20/20","2","1","48255","50"
"Kaufman","2","44","Texas","4/20/20","28","16","48257","57.14"
"Kendall","0","14","Texas","4/20/20","11","3","48259","27.27"
"Kerr","0","4","Texas","4/20/20","2","2","48265","100"
"Kleberg","1","6","Texas","4/20/20","2","4","48273","200"
"Knox","0","1","Texas","4/20/20","1","0","48275","0"
"La Salle","0","1","Texas","4/20/20","0","1","48283","1"
"Lamar","0","7","Texas","4/20/20","8","-1","48277","-12.5"
"Lamb","0","2","Texas","4/20/20","2","0","48279","0"
"Lampasas","0","2","Texas","4/20/20","2","0","48281","0"
"Lavaca","0","4","Texas","4/20/20","4","0","48285","0"
"Lee","0","2","Texas","4/20/20","2","0","48287","0"
"Leon","0","5","Texas","4/20/20","3","2","48289","66.67"
"Liberty","2","32","Texas","4/20/20","19","13","48291","68.42"
"Limestone","0","11","Texas","4/20/20","11","0","48293","0"
"Live Oak","0","3","Texas","4/20/20","3","0","48297","0"
"Llano","0","3","Texas","4/20/20","3","0","48299","0"
"Lubbock","18","430","Texas","4/20/20","307","123","48303","40.07"
"Lynn","0","5","Texas","4/20/20","5","0","48305","0"
"Madison","0","2","Texas","4/20/20","1","1","48313","100"
"Marion","0","3","Texas","4/20/20","0","3","48315","1"
"Martin","0","2","Texas","4/20/20","2","0","48317","0"
"Mason","0","1","Texas","4/20/20","1","0","48319","0"
"Matagorda","1","55","Texas","4/20/20","49","6","48321","12.24"
"Maverick","0","12","Texas","4/20/20","9","3","48323","33.33"
"McCulloch","0","3","Texas","4/20/20","3","0","48307","0"
"McLennan","1","76","Texas","4/20/20","71","5","48309","7.04"
"Medina","0","15","Texas","4/20/20","13","2","48325","15.38"
"Midland","2","43","Texas","4/20/20","32","11","48329","34.38"
"Milam","1","12","Texas","4/20/20","8","4","48331","50"
"Mitchell","0","1","Texas","4/20/20","1","0","48335","0"
"Montague","0","5","Texas","4/20/20","2","3","48337","150"
"Montgomery","16","377","Texas","4/20/20","266","111","48339","41.73"
"Moore","14","121","Texas","4/20/20","22","99","48341","450"
"Morris","0","5","Texas","4/20/20","3","2","48343","66.67"
"Motley","0","1","Texas","4/20/20","1","0","48345","0"
"Nacogdoches","6","91","Texas","4/20/20","48","43","48347","89.58"
"Navarro","1","20","Texas","4/20/20","12","8","48349","66.67"
"Newton","0","2","Texas","4/20/20","2","0","48351","0"
"Nueces","2","90","Texas","4/20/20","76","14","48355","18.42"
"Oldham","0","3","Texas","4/20/20","3","0","48359","0"
"Orange","1","53","Texas","4/20/20","44","9","48361","20.45"
"Palo Pinto","0","7","Texas","4/20/20","7","0","48363","0"
"Panola","4","38","Texas","4/20/20","13","25","48365","192.31"
"Parker","1","21","Texas","4/20/20","14","7","48367","50"
"Parmer","0","1","Texas","4/20/20","0","1","48369","1"
"Pecos","0","5","Texas","4/20/20","3","2","48371","66.67"
"Polk","1","14","Texas","4/20/20","9","5","48373","55.56"
"Potter","10","142","Texas","4/20/20","70","72","48375","102.86"
"Rains","0","2","Texas","4/20/20","1","1","48379","100"
"Randall","7","112","Texas","4/20/20","64","48","48381","75"
"Red River","0","1","Texas","4/20/20","0","1","48387","1"
"Reeves","0","2","Texas","4/20/20","2","0","48389","0"
"Roberts","0","2","Texas","4/20/20","0","2","48393","1"
"Robertson","0","2","Texas","4/20/20","2","0","48395","0"
"Rockwall","2","41","Texas","4/20/20","26","15","48397","57.69"
"Rusk","2","28","Texas","4/20/20","16","12","48401","75"
"Sabine","0","1","Texas","4/20/20","0","1","48403","1"
"San Augustine","1","14","Texas","4/20/20","9","5","48405","55.56"
"San Jacinto","0","10","Texas","4/20/20","7","3","48407","42.86"
"San Patricio","0","8","Texas","4/20/20","7","1","48409","14.29"
"Scurry","0","2","Texas","4/20/20","2","0","48415","0"
"Shelby","3","60","Texas","4/20/20","36","24","48419","66.67"
"Sherman","1","7","Texas","4/20/20","0","7","48421","1"
"Smith","4","121","Texas","4/20/20","96","25","48423","26.04"
"Starr","0","7","Texas","4/20/20","7","0","48427","0"
"Stephens","0","1","Texas","4/20/20","1","0","48429","0"
"Swisher","0","5","Texas","4/20/20","4","1","48437","25"
"Tarrant","52","1242","Texas","4/20/20","876","366","48439","41.78"
"Taylor","11","144","Texas","4/20/20","68","76","48441","111.76"
"Terry","0","10","Texas","4/20/20","10","0","48445","0"
"Titus","0","9","Texas","4/20/20","6","3","48449","50"
"Tom Green","0","41","Texas","4/20/20","39","2","48451","5.13"
"Travis","48","1108","Texas","4/20/20","774","334","48453","43.15"
"Trinity","1","7","Texas","4/20/20","3","4","48455","133.33"
"Tyler","0","6","Texas","4/20/20","4","2","48457","50"
"Upshur","0","9","Texas","4/20/20","8","1","48459","12.5"
"Uvalde","0","6","Texas","4/20/20","6","0","48463","0"
"Val Verde","0","12","Texas","4/20/20","12","0","48465","0"
"Van Zandt","0","12","Texas","4/20/20","10","2","48467","20"
"Victoria","2","93","Texas","4/20/20","81","12","48469","14.81"
"Walker","7","73","Texas","4/20/20","21","52","48471","247.62"
"Waller","1","24","Texas","4/20/20","16","8","48473","50"
"Washington","3","61","Texas","4/20/20","37","24","48477","64.86"
"Webb","12","280","Texas","4/20/20","196","84","48479","42.86"
"Wharton","1","34","Texas","4/20/20","27","7","48481","25.93"
"Wichita","1","60","Texas","4/20/20","56","4","48485","7.14"
"Wilbarger","0","1","Texas","4/20/20","0","1","48487","1"
"Willacy","0","8","Texas","4/20/20","5","3","48489","60"
"Williamson","5","155","Texas","4/20/20","117","38","48491","32.48"
"Wilson","1","21","Texas","4/20/20","11","10","48493","90.91"
"Winkler","0","3","Texas","4/20/20","1","2","48495","200"
"Wise","1","9","Texas","4/20/20","5","4","48497","80"
"Wood","0","6","Texas","4/20/20","5","1","48499","20"
"Yoakum","0","1","Texas","4/20/20","0","1","48501","1"
"Young","0","4","Texas","4/20/20","3","1","48503","33.33"
"Zapata","0","6","Texas","4/20/20","3","3","48505","100"
"Zavala","0","1","Texas","4/20/20","0","1","48507","1"
"Bear River","6","55","Utah","4/20/20","13","42","00000","323.08"
"Cache","-5","0","Utah","4/20/20","36","-36","49005","-100"
"Carbon","0","0","Utah","4/20/20","2","-2","49007","-100"
"Central Utah","2","17","Utah","4/20/20","0","17","00000","1"
"Davis","5","242","Utah","4/20/20","204","38","49011","18.63"
"Duchesne","0","0","Utah","4/20/20","3","-3","49013","-100"
"Emery","0","0","Utah","4/20/20","2","-2","49015","-100"
"Garfield","0","0","Utah","4/20/20","1","-1","49017","-100"
"Grand","0","0","Utah","4/20/20","1","-1","49019","-100"
"Iron","-2","0","Utah","4/20/20","15","-15","49021","-100"
"Kane","0","0","Utah","4/20/20","3","-3","49025","-100"
"Salt Lake","73","1671","Utah","4/20/20","1157","514","49035","44.43"
"San Juan","3","29","Utah","4/20/20","9","20","49037","222.22"
"Southeast Utah","1","7","Utah","4/20/20","0","7","00000","1"
"Southwest Utah","10","70","Utah","4/20/20","0","70","00000","1"
"Summit","4","331","Utah","4/20/20","306","25","49043","8.17"
"Tooele","1","41","Utah","4/20/20","34","7","49045","20.59"
"TriCounty","1","10","Utah","4/20/20","0","10","00000","1"
"Uintah","-1","0","Utah","4/20/20","6","-6","49047","-100"
"Utah","25","498","Utah","4/20/20","322","176","49049","54.66"
"Wasatch","2","118","Utah","4/20/20","103","15","49051","14.56"
"Washington","-6","0","Utah","4/20/20","43","-43","49053","-100"
"Weber-Morgan","3","124","Utah","4/20/20","103","21","00000","20.39"
"Addison","1","61","Vermont","4/20/20","56","5","50001","8.93"
"Bennington","1","37","Vermont","4/20/20","32","5","50003","15.62"
"Caledonia","0","12","Vermont","4/20/20","9","3","50005","33.33"
"Chittenden","2","385","Vermont","4/20/20","372","13","50007","3.49"
"Essex","0","2","Vermont","4/20/20","1","1","50009","100"
"Franklin","1","93","Vermont","4/20/20","83","10","50011","12.05"
"Grand Isle","0","3","Vermont","4/20/20","3","0","50013","0"
"Lamoille","0","23","Vermont","4/20/20","22","1","50015","4.55"
"Orange","0","5","Vermont","4/20/20","5","0","50017","0"
"Orleans","0","9","Vermont","4/20/20","8","1","50019","12.5"
"Rutland","1","43","Vermont","4/20/20","39","4","50021","10.26"
"Washington","1","32","Vermont","4/20/20","28","4","50023","14.29"
"Windham","1","63","Vermont","4/20/20","55","8","50025","14.55"
"Windsor","1","37","Vermont","4/20/20","27","10","50027","37.04"
"","0","53","Virgin Islands","4/20/20","51","2",,"3.92"
"Accomack","5","52","Virginia","4/20/20","15","37","51001","246.67"
"Albemarle","2","61","Virginia","4/20/20","49","12","51003","24.49"
"Alexandria","27","421","Virginia","4/20/20","235","186","51510","79.15"
"Alleghany","0","5","Virginia","4/20/20","4","1","51005","25"
"Amelia","1","14","Virginia","4/20/20","9","5","51007","55.56"
"Amherst","0","10","Virginia","4/20/20","10","0","51009","0"
"Appomattox","0","7","Virginia","4/20/20","7","0","51011","0"
"Arlington","29","593","Virginia","4/20/20","390","203","51013","52.05"
"Augusta","1","24","Virginia","4/20/20","17","7","51015","41.18"
"Bedford","0","18","Virginia","4/20/20","16","2","51019","12.5"
"Botetourt","0","24","Virginia","4/20/20","24","0","51023","0"
"Bristol","0","1","Virginia","4/20/20","1","0","51520","0"
"Brunswick","1","12","Virginia","4/20/20","3","9","51025","300"
"Buchanan","1","12","Virginia","4/20/20","2","10","51027","500"
"Buckingham","1","26","Virginia","4/20/20","16","10","51029","62.5"
"Buena Vista","0","5","Virginia","4/20/20","4","1","51530","25"
"Campbell","0","9","Virginia","4/20/20","10","-1","51031","-10"
"Caroline","1","14","Virginia","4/20/20","6","8","51033","133.33"
"Carroll","0","3","Virginia","4/20/20","3","0","51035","0"
"Charles City","0","11","Virginia","4/20/20","9","2","51036","22.22"
"Charlotte","1","8","Virginia","4/20/20","4","4","51037","100"
"Charlottesville","1","41","Virginia","4/20/20","33","8","51540","24.24"
"Chesapeake","6","166","Virginia","4/20/20","126","40","51550","31.75"
"Chesterfield","17","331","Virginia","4/20/20","211","120","51041","56.87"
"Clarke","0","6","Virginia","4/20/20","3","3","51043","100"
"Colonial Heights","2","26","Virginia","4/20/20","10","16","51570","160"
"Covington","0","1","Virginia","4/20/20","1","0","51580","0"
"Craig","0","2","Virginia","4/20/20","2","0","51045","0"
"Culpeper","4","51","Virginia","4/20/20","20","31","51047","155"
"Cumberland","0","10","Virginia","4/20/20","8","2","51049","25"
"Danville","1","28","Virginia","4/20/20","21","7","51590","33.33"
"Dinwiddie","0","8","Virginia","4/20/20","6","2","51053","33.33"
"Emporia","1","11","Virginia","4/20/20","7","4","51595","57.14"
"Essex","0","2","Virginia","4/20/20","0","2","51057","1"
"Fairfax","109","1925","Virginia","4/20/20","1164","761","51059","65.38"
"Fairfax City","3","21","Virginia","4/20/20","1","20","51600","2000"
"Falls Church","3","24","Virginia","4/20/20","2","22","51610","1100"
"Fauquier","2","41","Virginia","4/20/20","28","13","51061","46.43"
"Floyd","0","1","Virginia","4/20/20","1","0","51063","0"
"Fluvanna","6","68","Virginia","4/20/20","23","45","51065","195.65"
"Franklin","0","16","Virginia","4/20/20","14","2","51067","14.29"
"Franklin City","1","12","Virginia","4/20/20","7","5","51620","71.43"
"Frederick","2","81","Virginia","4/20/20","66","15","51069","22.73"
"Fredericksburg","1","17","Virginia","4/20/20","13","4","51630","30.77"
"Galax","0","1","Virginia","4/20/20","1","0","51640","0"
"Giles","0","4","Virginia","4/20/20","4","0","51071","0"
"Gloucester","0","21","Virginia","4/20/20","20","1","51073","5"
"Goochland","3","58","Virginia","4/20/20","38","20","51075","52.63"
"Greene","0","8","Virginia","4/20/20","5","3","51079","60"
"Greensville","2","21","Virginia","4/20/20","10","11","51081","110"
"Halifax","0","10","Virginia","4/20/20","7","3","51083","42.86"
"Hampton","3","90","Virginia","4/20/20","72","18","51650","25"
"Hanover","7","91","Virginia","4/20/20","39","52","51085","133.33"
"Harrisonburg","24","252","Virginia","4/20/20","87","165","51660","189.66"
"Henrico","29","598","Virginia","4/20/20","397","201","51087","50.63"
"Henry","0","10","Virginia","4/20/20","8","2","51089","25"
"Hopewell","0","16","Virginia","4/20/20","14","2","51670","14.29"
"Isle of Wight","8","86","Virginia","4/20/20","33","53","51093","160.61"
"James City","2","141","Virginia","4/20/20","126","15","51095","11.9"
"King and Queen","0","2","Virginia","4/20/20","2","0","51097","0"
"King George","1","18","Virginia","4/20/20","14","4","51099","28.57"
"King William","0","2","Virginia","4/20/20","2","0","51101","0"
"Lancaster","0","1","Virginia","4/20/20","1","0","51103","0"
"Lee","0","7","Virginia","4/20/20","7","0","51105","0"
"Lexington","0","3","Virginia","4/20/20","3","0","51678","0"
"Loudoun","17","446","Virginia","4/20/20","324","122","51107","37.65"
"Louisa","1","33","Virginia","4/20/20","27","6","51109","22.22"
"Lunenburg","0","3","Virginia","4/20/20","4","-1","51111","-25"
"Lynchburg","1","38","Virginia","4/20/20","33","5","51680","15.15"
"Madison","0","8","Virginia","4/20/20","6","2","51113","33.33"
"Manassas","8","96","Virginia","4/20/20","41","55","51683","134.15"
"Manassas Park","3","30","Virginia","4/20/20","10","20","51685","200"
"Mathews","0","3","Virginia","4/20/20","3","0","51115","0"
"Mecklenburg","1","65","Virginia","4/20/20","57","8","51117","14.04"
"Middlesex","0","3","Virginia","4/20/20","3","0","51119","0"
"Montgomery","2","44","Virginia","4/20/20","32","12","51121","37.5"
"Nelson","0","5","Virginia","4/20/20","5","0","51125","0"
"New Kent","1","18","Virginia","4/20/20","13","5","51127","38.46"
"Newport News","2","102","Virginia","4/20/20","88","14","51700","15.91"
"Norfolk","2","113","Virginia","4/20/20","99","14","51710","14.14"
"Northampton","0","7","Virginia","4/20/20","4","3","51131","75"
"Northumberland","0","5","Virginia","4/20/20","4","1","51133","25"
"Norton","0","2","Virginia","4/20/20","0","2","51720","1"
"Nottoway","0","8","Virginia","4/20/20","5","3","51135","60"
"Orange","1","21","Virginia","4/20/20","14","7","51137","50"
"Page","1","14","Virginia","4/20/20","6","8","51139","133.33"
"Petersburg","0","21","Virginia","4/20/20","19","2","51730","10.53"
"Pittsylvania","0","6","Virginia","4/20/20","4","2","51143","50"
"Poquoson","0","6","Virginia","4/20/20","6","0","51735","0"
"Portsmouth","2","65","Virginia","4/20/20","54","11","51740","20.37"
"Powhatan","0","8","Virginia","4/20/20","5","3","51145","60"
"Prince Edward","1","17","Virginia","4/20/20","13","4","51147","30.77"
"Prince George","0","28","Virginia","4/20/20","27","1","51149","3.7"
"Prince William","51","793","Virginia","4/20/20","434","359","51153","82.72"
"Pulaski","1","8","Virginia","4/20/20","4","4","51155","100"
"Radford","0","1","Virginia","4/20/20","1","0","51750","0"
"Rappahannock","0","1","Virginia","4/20/20","1","0","51157","0"
"Richmond","1","9","Virginia","4/20/20","5","4","51159","80"
"Richmond City","10","236","Virginia","4/20/20","167","69","51760","41.32"
"Roanoke","1","24","Virginia","4/20/20","18","6","51161","33.33"
"Roanoke City","0","24","Virginia","4/20/20","21","3","51770","14.29"
"Rockbridge","0","5","Virginia","4/20/20","3","2","51163","66.67"
"Rockingham","8","106","Virginia","4/20/20","49","57","51165","116.33"
"Russell","0","2","Virginia","4/20/20","1","1","51167","100"
"Salem","1","6","Virginia","4/20/20","1","5","51775","500"
"Scott","0","4","Virginia","4/20/20","3","1","51169","33.33"
"Shenandoah","3","41","Virginia","4/20/20","17","24","51171","141.18"
"Smyth","0","13","Virginia","4/20/20","11","2","51173","18.18"
"Southampton","2","17","Virginia","4/20/20","5","12","51175","240"
"Spotsylvania","4","77","Virginia","4/20/20","51","26","51177","50.98"
"Stafford","11","161","Virginia","4/20/20","87","74","51179","85.06"
"Staunton","1","8","Virginia","4/20/20","2","6","51790","300"
"Suffolk","6","92","Virginia","4/20/20","51","41","51800","80.39"
"Surry","0","4","Virginia","4/20/20","3","1","51181","33.33"
"Sussex","1","12","Virginia","4/20/20","8","4","51183","50"
"Tazewell","0","4","Virginia","4/20/20","4","0","51185","0"
"Virginia Beach","4","281","Virginia","4/20/20","251","30","51810","11.95"
"Warren","1","24","Virginia","4/20/20","17","7","51187","41.18"
"Washington","0","29","Virginia","4/20/20","28","1","51191","3.57"
"Waynesboro","0","8","Virginia","4/20/20","6","2","51820","33.33"
"Westmoreland","0","10","Virginia","4/20/20","8","2","51193","25"
"Williamsburg","0","19","Virginia","4/20/20","20","-1","51830","-5"
"Winchester","1","25","Virginia","4/20/20","20","5","51840","25"
"Wise","1","18","Virginia","4/20/20","13","5","51195","38.46"
"Wythe","0","10","Virginia","4/20/20","7","3","51197","42.86"
"York","2","44","Virginia","4/20/20","33","11","51199","33.33"
"Adams","1","41","Washington","4/20/20","37","4","53001","10.81"
"Asotin","1","13","Washington","4/20/20","5","8","53003","160"
"Benton","8","314","Washington","4/20/20","259","55","53005","21.24"
"Chelan","3","75","Washington","4/20/20","55","20","53007","36.36"
"Clallam","0","14","Washington","4/20/20","12","2","53009","16.67"
"Clark","8","296","Washington","4/20/20","239","57","53011","23.85"
"Columbia","0","1","Washington","4/20/20","1","0","53013","0"
"Cowlitz","1","32","Washington","4/20/20","25","7","53015","28"
"Douglas","2","32","Washington","4/20/20","18","14","53017","77.78"
"Ferry","0","1","Washington","4/20/20","1","0","53019","0"
"Franklin","10","191","Washington","4/20/20","122","69","53021","56.56"
"Grant","3","143","Washington","4/20/20","120","23","53025","19.17"
"Grays Harbor","0","12","Washington","4/20/20","11","1","53027","9.09"
"Island","1","166","Washington","4/20/20","158","8","53029","5.06"
"Jefferson","0","28","Washington","4/20/20","28","0","53031","0"
"King","107","5174","Washington","4/20/20","4426","748","53033","16.9"
"Kitsap","1","138","Washington","4/20/20","132","6","53035","4.55"
"Kittitas","0","14","Washington","4/20/20","14","0","53037","0"
"Klickitat","0","16","Washington","4/20/20","14","2","53039","14.29"
"Lewis","1","21","Washington","4/20/20","17","4","53041","23.53"
"Lincoln","0","2","Washington","4/20/20","2","0","53043","0"
"Mason","0","22","Washington","4/20/20","19","3","53045","15.79"
"Okanogan","0","14","Washington","4/20/20","15","-1","53047","-6.67"
"Pacific","0","3","Washington","4/20/20","1","2","53049","200"
"Pend Oreille","0","2","Washington","4/20/20","1","1","53051","100"
"Pierce","31","1188","Washington","4/20/20","969","219","53053","22.6"
"San Juan","0","15","Washington","4/20/20","13","2","53055","15.38"
"Skagit","8","245","Washington","4/20/20","191","54","53057","28.27"
"Skamania","0","3","Washington","4/20/20","3","0","53059","0"
"Snohomish","37","2163","Washington","4/20/20","1907","256","53061","13.42"
"Spokane","5","313","Washington","4/20/20","276","37","53063","13.41"
"Stevens","0","8","Washington","4/20/20","7","1","53065","14.29"
"Thurston","2","94","Washington","4/20/20","81","13","53067","16.05"
"Wahkiakum","0","2","Washington","4/20/20","2","0","53069","0"
"Walla Walla","2","33","Washington","4/20/20","21","12","53071","57.14"
"Whatcom","2","278","Washington","4/20/20","264","14","53073","5.3"
"Whitman","0","13","Washington","4/20/20","12","1","53075","8.33"
"Yakima","42","835","Washington","4/20/20","538","297","53077","55.2"
"Barbour","0","4","West Virginia","4/20/20","4","0","54001","0"
"Berkeley","3","111","West Virginia","4/20/20","92","19","54003","20.65"
"Boone","0","2","West Virginia","4/20/20","1","1","54005","100"
"Braxton","0","1","West Virginia","4/20/20","1","0","54007","0"
"Brooke","0","3","West Virginia","4/20/20","3","0","54009","0"
"Cabell","2","34","West Virginia","4/20/20","23","11","54011","47.83"
"Fayette","0","5","West Virginia","4/20/20","2","3","54019","150"
"Grant","0","1","West Virginia","4/20/20","1","0","54023","0"
"Greenbrier","0","3","West Virginia","4/20/20","3","0","54025","0"
"Hampshire","0","6","West Virginia","4/20/20","4","2","54027","50"
"Hancock","0","7","West Virginia","4/20/20","7","0","54029","0"
"Hardy","0","3","West Virginia","4/20/20","2","1","54031","50"
"Harrison","0","30","West Virginia","4/20/20","28","2","54033","7.14"
"Jackson","11","101","West Virginia","4/20/20","27","74","54035","274.07"
"Jefferson","2","61","West Virginia","4/20/20","49","12","54037","24.49"
"Kanawha","6","128","West Virginia","4/20/20","86","42","54039","48.84"
"Lewis","0","2","West Virginia","4/20/20","2","0","54041","0"
"Lincoln","0","1","West Virginia","4/20/20","0","1","54043","1"
"Logan","0","8","West Virginia","4/20/20","8","0","54045","0"
"Marion","1","44","West Virginia","4/20/20","34","10","54049","29.41"
"Marshall","0","8","West Virginia","4/20/20","6","2","54051","33.33"
"Mason","0","11","West Virginia","4/20/20","8","3","54053","37.5"
"McDowell","0","6","West Virginia","4/20/20","5","1","54047","20"
"Mercer","0","8","West Virginia","4/20/20","8","0","54055","0"
"Mineral","1","8","West Virginia","4/20/20","4","4","54057","100"
"Mingo","0","2","West Virginia","4/20/20","1","1","54059","100"
"Monongalia","1","90","West Virginia","4/20/20","83","7","54061","8.43"
"Monroe","1","5","West Virginia","4/20/20","1","4","54063","400"
"Morgan","0","9","West Virginia","4/20/20","6","3","54065","50"
"Nicholas","0","4","West Virginia","4/20/20","2","2","54067","100"
"Ohio","0","22","West Virginia","4/20/20","25","-3","54069","-12"
"Pendleton","0","2","West Virginia","4/20/20","1","1","54071","100"
"Pleasants","0","2","West Virginia","4/20/20","1","1","54073","100"
"Preston","1","10","West Virginia","4/20/20","6","4","54077","66.67"
"Putnam","0","14","West Virginia","4/20/20","11","3","54079","27.27"
"Raleigh","0","7","West Virginia","4/20/20","5","2","54081","40"
"Randolph","0","4","West Virginia","4/20/20","4","0","54083","0"
"Roane","0","3","West Virginia","4/20/20","2","1","54087","50"
"Summers","0","1","West Virginia","4/20/20","1","0","54089","0"
"Taylor","0","5","West Virginia","4/20/20","3","2","54091","66.67"
"Tucker","0","4","West Virginia","4/20/20","4","0","54093","0"
"Tyler","0","3","West Virginia","4/20/20","3","0","54095","0"
"Upshur","0","4","West Virginia","4/20/20","3","1","54097","33.33"
"Wayne","9","78","West Virginia","4/20/20","17","61","54099","358.82"
"Wetzel","0","3","West Virginia","4/20/20","3","0","54103","0"
"Wirt","0","2","West Virginia","4/20/20","2","0","54105","0"
"Wood","2","31","West Virginia","4/20/20","18","13","54107","72.22"
"Wyoming","0","1","West Virginia","4/20/20","1","0","54109","0"
"Adams","0","4","Wisconsin","4/20/20","3","1","55001","33.33"
"Ashland","0","2","Wisconsin","4/20/20","2","0","55003","0"
"Barron","0","6","Wisconsin","4/20/20","6","0","55005","0"
"Bayfield","0","3","Wisconsin","4/20/20","3","0","55007","0"
"Brown","30","285","Wisconsin","4/20/20","77","208","55009","270.13"
"Buffalo","0","4","Wisconsin","4/20/20","3","1","55011","33.33"
"Calumet","0","6","Wisconsin","4/20/20","5","1","55015","20"
"Chippewa","0","20","Wisconsin","4/20/20","20","0","55017","0"
"Clark","1","16","Wisconsin","4/20/20","8","8","55019","100"
"Columbia","0","27","Wisconsin","4/20/20","25","2","55021","8"
"Crawford","0","3","Wisconsin","4/20/20","3","0","55023","0"
"Dane","3","364","Wisconsin","4/20/20","340","24","55025","7.06"
"Dodge","0","19","Wisconsin","4/20/20","19","0","55027","0"
"Door","0","9","Wisconsin","4/20/20","9","0","55029","0"
"Douglas","0","8","Wisconsin","4/20/20","7","1","55031","14.29"
"Dunn","0","9","Wisconsin","4/20/20","9","0","55033","0"
"Eau Claire","0","22","Wisconsin","4/20/20","21","1","55035","4.76"
"Florence","0","2","Wisconsin","4/20/20","2","0","55037","0"
"Fond du Lac","1","65","Wisconsin","4/20/20","57","8","55039","14.04"
"Grant","2","23","Wisconsin","4/20/20","6","17","55043","283.33"
"Green","0","9","Wisconsin","4/20/20","9","0","55045","0"
"Green Lake","0","1","Wisconsin","4/20/20","1","0","55047","0"
"Iowa","0","6","Wisconsin","4/20/20","5","1","55049","20"
"Iron","0","2","Wisconsin","4/20/20","2","0","55051","0"
"Jackson","0","12","Wisconsin","4/20/20","10","2","55053","20"
"Jefferson","1","32","Wisconsin","4/20/20","24","8","55055","33.33"
"Juneau","0","10","Wisconsin","4/20/20","7","3","55057","42.86"
"Kenosha","11","257","Wisconsin","4/20/20","182","75","55059","41.21"
"Kewaunee","1","8","Wisconsin","4/20/20","4","4","55061","100"
"La Crosse","0","25","Wisconsin","4/20/20","25","0","55063","0"
"Lafayette","0","3","Wisconsin","4/20/20","3","0","55065","0"
"Manitowoc","1","7","Wisconsin","4/20/20","3","4","55071","133.33"
"Marathon","0","17","Wisconsin","4/20/20","14","3","55073","21.43"
"Marinette","0","5","Wisconsin","4/20/20","3","2","55075","66.67"
"Marquette","0","3","Wisconsin","4/20/20","2","1","55077","50"
"Menominee","0","1","Wisconsin","4/20/20","1","0","55078","0"
"Milwaukee","64","2191","Wisconsin","4/20/20","1743","448","55079","25.7"
"Monroe","1","13","Wisconsin","4/20/20","8","5","55081","62.5"
"Oconto","0","5","Wisconsin","4/20/20","3","2","55083","66.67"
"Oneida","0","6","Wisconsin","4/20/20","6","0","55085","0"
"Outagamie","1","35","Wisconsin","4/20/20","29","6","55087","20.69"
"Ozaukee","1","80","Wisconsin","4/20/20","72","8","55089","11.11"
"Pierce","0","7","Wisconsin","4/20/20","7","0","55093","0"
"Polk","0","4","Wisconsin","4/20/20","3","1","55095","33.33"
"Portage","0","4","Wisconsin","4/20/20","4","0","55097","0"
"Price","0","1","Wisconsin","4/20/20","1","0","55099","0"
"Racine","8","174","Wisconsin","4/20/20","117","57","55101","48.72"
"Richland","0","8","Wisconsin","4/20/20","5","3","55103","60"
"Rock","3","80","Wisconsin","4/20/20","60","20","55105","33.33"
"Rusk","0","4","Wisconsin","4/20/20","3","1","55107","33.33"
"Sauk","1","34","Wisconsin","4/20/20","26","8","55111","30.77"
"Sawyer","0","2","Wisconsin","4/20/20","1","1","55113","100"
"Shawano","0","6","Wisconsin","4/20/20","5","1","55115","20"
"Sheboygan","1","43","Wisconsin","4/20/20","36","7","55117","19.44"
"St. Croix","0","11","Wisconsin","4/20/20","10","1","55109","10"
"Trempealeau","0","1","Wisconsin","4/20/20","1","0","55121","0"
"Vilas","0","4","Wisconsin","4/20/20","4","0","55125","0"
"Walworth","7","86","Wisconsin","4/20/20","38","48","55127","126.32"
"Washburn","0","1","Wisconsin","4/20/20","0","1","55129","1"
"Washington","2","86","Wisconsin","4/20/20","73","13","55131","17.81"
"Waukesha","7","269","Wisconsin","4/20/20","218","51","55133","23.39"
"Waupaca","0","4","Wisconsin","4/20/20","4","0","55135","0"
"Waushara","0","2","Wisconsin","4/20/20","2","0","55137","0"
"Winnebago","2","41","Wisconsin","4/20/20","27","14","55139","51.85"
"Wood","0","2","Wisconsin","4/20/20","2","0","55141","0"
"Albany","0","6","Wyoming","4/20/20","5","1","56001","20"
"Big Horn","0","1","Wyoming","4/20/20","1","0","56003","0"
"Campbell","0","13","Wyoming","4/20/20","11","2","56005","18.18"
"Carbon","0","4","Wyoming","4/20/20","4","0","56007","0"
"Converse","0","9","Wyoming","4/20/20","8","1","56009","12.5"
"Crook","0","4","Wyoming","4/20/20","3","1","56011","33.33"
"Fremont","1","51","Wyoming","4/20/20","41","10","56013","24.39"
"Goshen","0","3","Wyoming","4/20/20","3","0","56015","0"
"Hot Springs","0","1","Wyoming","4/20/20","1","0","56017","0"
"Johnson","0","11","Wyoming","4/20/20","11","0","56019","0"
"Laramie","2","73","Wyoming","4/20/20","60","13","56021","21.67"
"Lincoln","0","5","Wyoming","4/20/20","5","0","56023","0"
"Natrona","1","38","Wyoming","4/20/20","33","5","56025","15.15"
"Niobrara","0","1","Wyoming","4/20/20","1","0","56027","0"
"Park","0","1","Wyoming","4/20/20","1","0","56029","0"
"Sheridan","0","12","Wyoming","4/20/20","12","0","56033","0"
"Sublette","0","1","Wyoming","4/20/20","1","0","56035","0"
"Sweetwater","0","10","Wyoming","4/20/20","9","1","56037","11.11"
"Teton","1","62","Wyoming","4/20/20","56","6","56039","10.71"
"Uinta","0","6","Wyoming","4/20/20","4","2","56041","50"
"Washakie","0","5","Wyoming","4/20/20","5","0","56043","0"
