"Locality","DailyAvgNewCasesPast7Days","TotalCases","State","Date","TotalCases7DaysAgo","NewCasesPast7Days","FIPS-Code","PercentIncreaseTotalCasesPast7Days"
"Autauga","2","44","Alabama","4/30/20","33","11","01001","33.33"
"Baldwin","4","174","Alabama","4/30/20","143","31","01003","21.68"
"Barbour","1","39","Alabama","4/30/20","30","9","01005","30"
"Bibb","1","42","Alabama","4/30/20","33","9","01007","27.27"
"Blount","1","37","Alabama","4/30/20","31","6","01009","19.35"
"Bullock","0","13","Alabama","4/30/20","12","1","01011","8.33"
"Butler","5","53","Alabama","4/30/20","19","34","01013","178.95"
"Calhoun","1","94","Alabama","4/30/20","88","6","01015","6.82"
"Chambers","3","295","Alabama","4/30/20","275","20","01017","7.27"
"Cherokee","0","15","Alabama","4/30/20","12","3","01019","25"
"Chilton","1","53","Alabama","4/30/20","47","6","01021","12.77"
"Choctaw","3","43","Alabama","4/30/20","22","21","01023","95.45"
"Clarke","1","32","Alabama","4/30/20","25","7","01025","28"
"Clay","0","21","Alabama","4/30/20","19","2","01027","10.53"
"Cleburne","0","12","Alabama","4/30/20","12","0","01029","0"
"Coffee","4","111","Alabama","4/30/20","80","31","01031","38.75"
"Colbert","1","29","Alabama","4/30/20","22","7","01033","31.82"
"Conecuh","0","9","Alabama","4/30/20","9","0","01035","0"
"Coosa","0","31","Alabama","4/30/20","28","3","01037","10.71"
"Covington","1","36","Alabama","4/30/20","29","7","01039","24.14"
"Crenshaw","2","19","Alabama","4/30/20","8","11","01041","137.5"
"Cullman","2","55","Alabama","4/30/20","44","11","01043","25"
"Dale","1","27","Alabama","4/30/20","22","5","01045","22.73"
"Dallas","2","41","Alabama","4/30/20","29","12","01047","41.38"
"DeKalb","2","77","Alabama","4/30/20","61","16","01049","26.23"
"Elmore","2","86","Alabama","4/30/20","74","12","01051","16.22"
"Escambia","1","28","Alabama","4/30/20","21","7","01053","33.33"
"Etowah","3","139","Alabama","4/30/20","120","19","01055","15.83"
"Fayette","0","6","Alabama","4/30/20","4","2","01057","50"
"Franklin","5","58","Alabama","4/30/20","25","33","01059","132"
"Geneva","0","9","Alabama","4/30/20","6","3","01061","50"
"Greene","2","55","Alabama","4/30/20","41","14","01063","34.15"
"Hale","1","47","Alabama","4/30/20","37","10","01065","27.03"
"Henry","0","24","Alabama","4/30/20","22","2","01067","9.09"
"Houston","2","90","Alabama","4/30/20","78","12","01069","15.38"
"Jackson","1","49","Alabama","4/30/20","43","6","01071","13.95"
"Jefferson","15","886","Alabama","4/30/20","778","108","01073","13.88"
"Lamar","0","11","Alabama","4/30/20","9","2","01075","22.22"
"Lauderdale","2","38","Alabama","4/30/20","25","13","01077","52"
"Lawrence","0","12","Alabama","4/30/20","12","0","01079","0"
"Lee","8","394","Alabama","4/30/20","340","54","01081","15.88"
"Limestone","1","44","Alabama","4/30/20","40","4","01083","10"
"Lowndes","4","65","Alabama","4/30/20","34","31","01085","91.18"
"Macon","1","37","Alabama","4/30/20","27","10","01087","37.04"
"Madison","3","227","Alabama","4/30/20","205","22","01089","10.73"
"Marengo","2","49","Alabama","4/30/20","38","11","01091","28.95"
"Marion","1","75","Alabama","4/30/20","67","8","01093","11.94"
"Marshall","8","317","Alabama","4/30/20","258","59","01095","22.87"
"Mobile","35","1058","Alabama","4/30/20","810","248","01097","30.62"
"Monroe","1","13","Alabama","4/30/20","9","4","01099","44.44"
"Montgomery","11","337","Alabama","4/30/20","263","74","01101","28.14"
"Morgan","3","68","Alabama","4/30/20","50","18","01103","36"
"Perry","0","9","Alabama","4/30/20","9","0","01105","0"
"Pickens","1","48","Alabama","4/30/20","44","4","01107","9.09"
"Pike","1","67","Alabama","4/30/20","57","10","01109","17.54"
"Randolph","1","62","Alabama","4/30/20","58","4","01111","6.9"
"Russell","0","57","Alabama","4/30/20","54","3","01113","5.56"
"Shelby","5","320","Alabama","4/30/20","283","37","01117","13.07"
"St. Clair","1","72","Alabama","4/30/20","62","10","01115","16.13"
"Sumter","2","64","Alabama","4/30/20","47","17","01119","36.17"
"Talladega","1","61","Alabama","4/30/20","53","8","01121","15.09"
"Tallapoosa","4","285","Alabama","4/30/20","254","31","01123","12.2"
"Tuscaloosa","5","208","Alabama","4/30/20","173","35","01125","20.23"
"Walker","1","96","Alabama","4/30/20","89","7","01127","7.87"
"Washington","2","34","Alabama","4/30/20","18","16","01129","88.89"
"Wilcox","2","66","Alabama","4/30/20","52","14","01131","26.92"
"Winston","1","15","Alabama","4/30/20","10","5","01133","50"
"Anchorage","2","179","Alaska","4/30/20","166","13","02020","7.83"
"Bethel","0","1","Alaska","4/30/20","1","0","02050","0"
"Fairbanks North Star","0","81","Alaska","4/30/20","79","2","02090","2.53"
"Juneau","0","27","Alaska","4/30/20","27","0","02110","0"
"Kenai Peninsula","0","19","Alaska","4/30/20","19","0","02122","0"
"Ketchikan Gateway","0","16","Alaska","4/30/20","16","0","02130","0"
"Kodiak Island","0","1","Alaska","4/30/20","1","0","02150","0"
"Matanuska-Susitna","0","21","Alaska","4/30/20","20","1","02170","5"
"Nome","0","1","Alaska","4/30/20","1","0","02180","0"
"Petersburg","0","4","Alaska","4/30/20","3","1","02195","33.33"
"Prince of Wales-Hyder","0","2","Alaska","4/30/20","2","0","02198","0"
"Sitka","0","1","Alaska","4/30/20","0","1","02220","1"
"Southeast Fairbanks","0","1","Alaska","4/30/20","1","0","02240","0"
"Yukon-Koyukuk","0","1","Alaska","4/30/20","1","0","02290","0"
"Apache","26","449","Arizona","4/30/20","268","181","04001","67.54"
"Cochise","1","39","Arizona","4/30/20","31","8","04003","25.81"
"Coconino","16","486","Arizona","4/30/20","372","114","04005","30.65"
"Gila","0","13","Arizona","4/30/20","12","1","04007","8.33"
"Graham","2","16","Arizona","4/30/20","4","12","04009","300"
"Greenlee","0","2","Arizona","4/30/20","2","0","04011","0"
"La Paz","1","14","Arizona","4/30/20","6","8","04012","133.33"
"Maricopa","143","3972","Arizona","4/30/20","2970","1002","04013","33.74"
"Mohave","7","117","Arizona","4/30/20","69","48","04015","69.57"
"Navajo","21","712","Arizona","4/30/20","564","148","04017","26.24"
"Pima","31","1241","Arizona","4/30/20","1026","215","04019","20.96"
"Pinal","13","397","Arizona","4/30/20","303","94","04021","31.02"
"Santa Cruz","1","33","Arizona","4/30/20","28","5","04023","17.86"
"Yavapai","1","79","Arizona","4/30/20","75","4","04025","5.33"
"Yuma","6","85","Arizona","4/30/20","42","43","04027","102.38"
"Arkansas","0","2","Arkansas","4/30/20","2","0","05001","0"
"Ashley","0","15","Arkansas","4/30/20","13","2","05003","15.38"
"Baxter","0","5","Arkansas","4/30/20","5","0","05005","0"
"Benton","5","102","Arkansas","4/30/20","70","32","05007","45.71"
"Boone","0","5","Arkansas","4/30/20","4","1","05009","25"
"Bradley","1","12","Arkansas","4/30/20","7","5","05011","71.43"
"Carroll","0","5","Arkansas","4/30/20","2","3","05015","150"
"Chicot","0","9","Arkansas","4/30/20","7","2","05017","28.57"
"Clark","0","30","Arkansas","4/30/20","27","3","05019","11.11"
"Clay","0","3","Arkansas","4/30/20","1","2","05021","200"
"Cleburne","0","73","Arkansas","4/30/20","71","2","05023","2.82"
"Cleveland","0","11","Arkansas","4/30/20","8","3","05025","37.5"
"Columbia","1","13","Arkansas","4/30/20","5","8","05027","160"
"Conway","1","13","Arkansas","4/30/20","8","5","05029","62.5"
"Craighead","3","74","Arkansas","4/30/20","55","19","05031","34.55"
"Crawford","0","4","Arkansas","4/30/20","4","0","05033","0"
"Crittenden","4","187","Arkansas","4/30/20","156","31","05035","19.87"
"Cross","1","17","Arkansas","4/30/20","11","6","05037","54.55"
"Dallas","0","1","Arkansas","4/30/20","1","0","05039","0"
"Desha","0","16","Arkansas","4/30/20","14","2","05041","14.29"
"Drew","1","16","Arkansas","4/30/20","10","6","05043","60"
"Faulkner","1","76","Arkansas","4/30/20","67","9","05045","13.43"
"Franklin","0","2","Arkansas","4/30/20","1","1","05047","100"
"Fulton","0","1","Arkansas","4/30/20","1","0","05049","0"
"Garland","1","116","Arkansas","4/30/20","109","7","05051","6.42"
"Grant","0","14","Arkansas","4/30/20","11","3","05053","27.27"
"Greene","0","16","Arkansas","4/30/20","13","3","05055","23.08"
"Hempstead","0","6","Arkansas","4/30/20","5","1","05057","20"
"Hot Spring","1","19","Arkansas","4/30/20","9","10","05059","111.11"
"Howard","0","13","Arkansas","4/30/20","13","0","05061","0"
"Independence","0","9","Arkansas","4/30/20","8","1","05063","12.5"
"Izard","0","5","Arkansas","4/30/20","2","3","05065","150"
"Jackson","0","1","Arkansas","4/30/20","1","0","05067","0"
"Jefferson","4","169","Arkansas","4/30/20","142","27","05069","19.01"
"Johnson","1","31","Arkansas","4/30/20","26","5","05071","19.23"
"Lafayette","0","7","Arkansas","4/30/20","6","1","05073","16.67"
"Lawrence","3","59","Arkansas","4/30/20","37","22","05075","59.46"
"Lee","0","3","Arkansas","4/30/20","3","0","05077","0"
"Lincoln","26","814","Arkansas","4/30/20","630","184","05079","29.21"
"Logan","0","3","Arkansas","4/30/20","3","0","05083","0"
"Lonoke","2","41","Arkansas","4/30/20","30","11","05085","36.67"
"Madison","0","1","Arkansas","4/30/20","1","0","05087","0"
"Marion","0","1","Arkansas","4/30/20","1","0","05089","0"
"Miller","0","34","Arkansas","4/30/20","31","3","05091","9.68"
"Mississippi","1","19","Arkansas","4/30/20","10","9","05093","90"
"Monroe","0","4","Arkansas","4/30/20","4","0","05095","0"
"Montgomery","0","1","Arkansas","4/30/20","0","1","05097","1"
"Nevada","0","1","Arkansas","4/30/20","1","0","05099","0"
"Newton","0","3","Arkansas","4/30/20","3","0","05101","0"
"Ouachita","0","6","Arkansas","4/30/20","5","1","05103","20"
"Perry","1","7","Arkansas","4/30/20","3","4","05105","133.33"
"Phillips","0","5","Arkansas","4/30/20","4","1","05107","25"
"Pike","0","3","Arkansas","4/30/20","3","0","05109","0"
"Poinsett","1","22","Arkansas","4/30/20","13","9","05111","69.23"
"Polk","0","8","Arkansas","4/30/20","7","1","05113","14.29"
"Pope","1","43","Arkansas","4/30/20","37","6","05115","16.22"
"Prairie","0","2","Arkansas","4/30/20","2","0","05117","0"
"Pulaski","13","518","Arkansas","4/30/20","427","91","05119","21.31"
"Randolph","0","17","Arkansas","4/30/20","14","3","05121","21.43"
"Saline","2","67","Arkansas","4/30/20","51","16","05125","31.37"
"Scott","0","1","Arkansas","4/30/20","1","0","05127","0"
"Searcy","0","6","Arkansas","4/30/20","6","0","05129","0"
"Sebastian","0","13","Arkansas","4/30/20","12","1","05131","8.33"
"Sevier","0","11","Arkansas","4/30/20","10","1","05133","10"
"Sharp","1","10","Arkansas","4/30/20","2","8","05135","400"
"St. Francis","2","83","Arkansas","4/30/20","69","14","05123","20.29"
"Stone","0","7","Arkansas","4/30/20","7","0","05137","0"
"Union","3","50","Arkansas","4/30/20","29","21","05139","72.41"
"Van Buren","0","28","Arkansas","4/30/20","26","2","05141","7.69"
"Washington","3","86","Arkansas","4/30/20","62","24","05143","38.71"
"White","1","34","Arkansas","4/30/20","29","5","05145","17.24"
"Woodruff","0","1","Arkansas","4/30/20","1","0","05147","0"
"Yell","0","3","Arkansas","4/30/20","3","0","05149","0"
"Alameda","36","1603","California","4/30/20","1352","251","06001","18.57"
"Alpine","0","2","California","4/30/20","2","0","06003","0"
"Amador","0","8","California","4/30/20","8","0","06005","0"
"Butte","0","16","California","4/30/20","16","0","06007","0"
"Calaveras","0","13","California","4/30/20","13","0","06009","0"
"Colusa","0","3","California","4/30/20","3","0","06011","0"
"Contra Costa","17","891","California","4/30/20","770","121","06013","15.71"
"Del Norte","0","3","California","4/30/20","2","1","06015","50"
"El Dorado","1","44","California","4/30/20","40","4","06017","10"
"Fresno","17","538","California","4/30/20","419","119","06019","28.4"
"Glenn","0","5","California","4/30/20","5","0","06021","0"
"Humboldt","0","54","California","4/30/20","52","2","06023","3.85"
"Imperial","12","319","California","4/30/20","232","87","06025","37.5"
"Inyo","0","19","California","4/30/20","19","0","06027","0"
"Kern","28","893","California","4/30/20","699","194","06029","27.75"
"Kings","9","96","California","4/30/20","35","61","06031","174.29"
"Lake","0","6","California","4/30/20","6","0","06033","0"
"Los Angeles","812","23220","California","4/30/20","17537","5683","06037","32.41"
"Madera","1","46","California","4/30/20","39","7","06039","17.95"
"Marin","4","235","California","4/30/20","209","26","06041","12.44"
"Mariposa","0","3","California","4/30/20","0","3","06043","1"
"Mendocino","1","12","California","4/30/20","5","7","06045","140"
"Merced","4","125","California","4/30/20","100","25","06047","25"
"Mono","0","26","California","4/30/20","24","2","06051","8.33"
"Monterey","7","206","California","4/30/20","154","52","06053","33.77"
"Napa","1","67","California","4/30/20","57","10","06055","17.54"
"Nevada","1","41","California","4/30/20","36","5","06057","13.89"
"Orange","81","2393","California","4/30/20","1827","566","06059","30.98"
"Placer","2","147","California","4/30/20","136","11","06061","8.09"
"Plumas","0","4","California","4/30/20","4","0","06063","0"
"Riverside","116","4031","California","4/30/20","3218","813","06065","25.26"
"Sacramento","13","1077","California","4/30/20","987","90","06067","9.12"
"San Benito","0","50","California","4/30/20","47","3","06069","6.38"
"San Bernardino","64","2058","California","4/30/20","1608","450","06071","27.99"
"San Diego","113","3432","California","4/30/20","2643","789","06073","29.85"
"San Francisco","28","1499","California","4/30/20","1302","197","06075","15.13"
"San Joaquin","8","543","California","4/30/20","487","56","06077","11.5"
"San Luis Obispo","5","184","California","4/30/20","149","35","06079","23.49"
"San Mateo","30","1177","California","4/30/20","966","211","06081","21.84"
"Santa Barbara","5","485","California","4/30/20","451","34","06083","7.54"
"Santa Clara","25","2163","California","4/30/20","1987","176","06085","8.86"
"Santa Cruz","2","131","California","4/30/20","114","17","06087","14.91"
"Shasta","0","31","California","4/30/20","28","3","06089","10.71"
"Siskiyou","0","5","California","4/30/20","5","0","06093","0"
"Solano","10","263","California","4/30/20","191","72","06095","37.7"
"Sonoma","5","232","California","4/30/20","194","38","06097","19.59"
"Stanislaus","13","339","California","4/30/20","251","88","06099","35.06"
"Sutter","-2","30","California","4/30/20","44","-14","06101","-31.82"
"Tehama","0","1","California","4/30/20","1","0","06103","0"
"Tulare","27","640","California","4/30/20","453","187","06107","41.28"
"Tuolumne","0","4","California","4/30/20","2","2","06109","100"
"Ventura","10","535","California","4/30/20","465","70","06111","15.05"
"Yolo","2","164","California","4/30/20","151","13","06113","8.61"
"Yuba","0","18","California","4/30/20","16","2","06115","12.5"
"Adams","72","1585","Colorado","4/30/20","1082","503","08001","46.49"
"Alamosa","0","10","Colorado","4/30/20","9","1","08003","11.11"
"Arapahoe","93","2472","Colorado","4/30/20","1824","648","08005","35.53"
"Archuleta","0","8","Colorado","4/30/20","8","0","08007","0"
"Baca","0","10","Colorado","4/30/20","10","0","08009","0"
"Boulder","22","580","Colorado","4/30/20","426","154","08013","36.15"
"Broomfield","5","150","Colorado","4/30/20","113","37","08014","32.74"
"Chaffee","2","66","Colorado","4/30/20","55","11","08015","20"
"Clear Creek","0","13","Colorado","4/30/20","12","1","08019","8.33"
"Costilla","0","3","Colorado","4/30/20","3","0","08023","0"
"Crowley","0","2","Colorado","4/30/20","2","0","08025","0"
"Custer","0","2","Colorado","4/30/20","2","0","08027","0"
"Delta","3","44","Colorado","4/30/20","25","19","08029","76"
"Denver","118","3001","Colorado","4/30/20","2172","829","08031","38.17"
"Douglas","11","478","Colorado","4/30/20","399","79","08035","19.8"
"Eagle","9","550","Colorado","4/30/20","489","61","08037","12.47"
"El Paso","19","932","Colorado","4/30/20","798","134","08041","16.79"
"Elbert","0","29","Colorado","4/30/20","26","3","08039","11.54"
"Fremont","0","22","Colorado","4/30/20","19","3","08043","15.79"
"Garfield","3","93","Colorado","4/30/20","74","19","08045","25.68"
"Gilpin","0","1","Colorado","4/30/20","1","0","08047","0"
"Grand","0","5","Colorado","4/30/20","5","0","08049","0"
"Gunnison","6","166","Colorado","4/30/20","121","45","08051","37.19"
"Hinsdale","0","3","Colorado","4/30/20","3","0","08053","0"
"Huerfano","0","2","Colorado","4/30/20","1","1","08055","100"
"Jefferson","38","1338","Colorado","4/30/20","1075","263","08059","24.47"
"Kit Carson","0","21","Colorado","4/30/20","18","3","08063","16.67"
"La Plata","1","62","Colorado","4/30/20","55","7","08067","12.73"
"Lake","1","18","Colorado","4/30/20","10","8","08065","80"
"Larimer","13","363","Colorado","4/30/20","274","89","08069","32.48"
"Las Animas","0","3","Colorado","4/30/20","3","0","08071","0"
"Lincoln","0","3","Colorado","4/30/20","3","0","08073","0"
"Logan","37","282","Colorado","4/30/20","24","258","08075","1075"
"Mesa","1","46","Colorado","4/30/20","37","9","08077","24.32"
"Mineral","0","2","Colorado","4/30/20","2","0","08079","0"
"Moffat","0","6","Colorado","4/30/20","6","0","08081","0"
"Montezuma","0","16","Colorado","4/30/20","15","1","08083","6.67"
"Montrose","2","96","Colorado","4/30/20","82","14","08085","17.07"
"Morgan","23","372","Colorado","4/30/20","214","158","08087","73.83"
"Otero","0","10","Colorado","4/30/20","7","3","08089","42.86"
"Ouray","0","5","Colorado","4/30/20","5","0","08091","0"
"Park","1","11","Colorado","4/30/20","6","5","08093","83.33"
"Phillips","0","6","Colorado","4/30/20","5","1","08095","20"
"Pitkin","1","65","Colorado","4/30/20","57","8","08097","14.04"
"Prowers","0","1","Colorado","4/30/20","1","0","08099","0"
"Pueblo","4","139","Colorado","4/30/20","108","31","08101","28.7"
"Rio Blanco","0","1","Colorado","4/30/20","1","0","08103","0"
"Rio Grande","0","7","Colorado","4/30/20","7","0","08105","0"
"Routt","1","56","Colorado","4/30/20","52","4","08107","7.69"
"Saguache","0","4","Colorado","4/30/20","3","1","08109","33.33"
"San Miguel","0","19","Colorado","4/30/20","17","2","08113","11.76"
"Summit","3","128","Colorado","4/30/20","105","23","08117","21.9"
"Teller","0","28","Colorado","4/30/20","25","3","08119","12"
"Washington","0","7","Colorado","4/30/20","6","1","08121","16.67"
"Weld","73","1776","Colorado","4/30/20","1263","513","08123","40.62"
"Yuma","0","8","Colorado","4/30/20","5","3","08125","60"
"Fairfield","184","11294","Connecticut","4/30/20","10008","1286","09001","12.85"
"Hartford","185","5601","Connecticut","4/30/20","4303","1298","09003","30.17"
"Litchfield","30","963","Connecticut","4/30/20","751","212","09005","28.23"
"Middlesex","16","657","Connecticut","4/30/20","545","112","09007","20.55"
"New Haven","210","7536","Connecticut","4/30/20","6064","1472","09009","24.27"
"New London","21","564","Connecticut","4/30/20","419","145","09011","34.61"
"Tolland","11","437","Connecticut","4/30/20","359","78","09013","21.73"
"Windham","8","186","Connecticut","4/30/20","129","57","09015","44.19"
"Kent","31","759","Delaware","4/30/20","539","220","10001","40.82"
"New Castle","49","1734","Delaware","4/30/20","1389","345","10003","24.84"
"Sussex","120","2216","Delaware","4/30/20","1377","839","10005","60.93"
"","0","49","Diamond Princess","4/30/20","49","0",,"0"
"District of Columbia","137","4323","District of Columbia","4/30/20","3361","962","11001","28.62"
"Alachua","5","267","Florida","4/30/20","231","36","12001","15.58"
"Baker","0","20","Florida","4/30/20","19","1","12003","5.26"
"Bay","2","72","Florida","4/30/20","60","12","12005","20"
"Bradford","1","46","Florida","4/30/20","42","4","12007","9.52"
"Brevard","7","285","Florida","4/30/20","235","50","12009","21.28"
"Broward","75","4953","Florida","4/30/20","4431","522","12011","11.78"
"Calhoun","0","8","Florida","4/30/20","6","2","12013","33.33"
"Charlotte","8","236","Florida","4/30/20","178","58","12015","32.58"
"Citrus","1","99","Florida","4/30/20","94","5","12017","5.32"
"Clay","1","273","Florida","4/30/20","264","9","12019","3.41"
"Collier","13","596","Florida","4/30/20","507","89","12021","17.55"
"Columbia","2","58","Florida","4/30/20","46","12","12023","26.09"
"DeSoto","1","29","Florida","4/30/20","24","5","12027","20.83"
"Dixie","0","7","Florida","4/30/20","4","3","12029","75"
"Duval","8","1012","Florida","4/30/20","956","56","12031","5.86"
"Escambia","12","506","Florida","4/30/20","420","86","12033","20.48"
"Flagler","4","133","Florida","4/30/20","106","27","12035","25.47"
"Franklin","0","2","Florida","4/30/20","2","0","12037","0"
"Gadsden","4","95","Florida","4/30/20","69","26","12039","37.68"
"Gilchrist","0","5","Florida","4/30/20","4","1","12041","25"
"Glades","0","6","Florida","4/30/20","5","1","12043","20"
"Gulf","0","1","Florida","4/30/20","1","0","12045","0"
"Hamilton","0","6","Florida","4/30/20","6","0","12047","0"
"Hardee","2","18","Florida","4/30/20","5","13","12049","260"
"Hendry","3","83","Florida","4/30/20","59","24","12051","40.68"
"Hernando","1","90","Florida","4/30/20","83","7","12053","8.43"
"Highlands","1","81","Florida","4/30/20","74","7","12055","9.46"
"Hillsborough","17","1124","Florida","4/30/20","1008","116","12057","11.51"
"Holmes","0","10","Florida","4/30/20","9","1","12059","11.11"
"Indian River","0","90","Florida","4/30/20","88","2","12061","2.27"
"Jackson","0","14","Florida","4/30/20","13","1","12063","7.69"
"Jefferson","0","28","Florida","4/30/20","26","2","12065","7.69"
"Lafayette","0","1","Florida","4/30/20","1","0","12067","0"
"Lake","1","227","Florida","4/30/20","217","10","12069","4.61"
"Lee","19","1021","Florida","4/30/20","887","134","12071","15.11"
"Leon","4","219","Florida","4/30/20","191","28","12073","14.66"
"Levy","1","19","Florida","4/30/20","13","6","12075","46.15"
"Liberty","0","3","Florida","4/30/20","2","1","12077","50"
"Madison","2","55","Florida","4/30/20","40","15","12079","37.5"
"Manatee","15","580","Florida","4/30/20","473","107","12081","22.62"
"Marion","4","175","Florida","4/30/20","145","30","12083","20.69"
"Martin","4","191","Florida","4/30/20","166","25","12085","15.06"
"Miami-Dade","211","12063","Florida","4/30/20","10588","1475","12086","13.93"
"Monroe","1","79","Florida","4/30/20","74","5","12087","6.76"
"Nassau","1","56","Florida","4/30/20","48","8","12089","16.67"
"Okaloosa","2","154","Florida","4/30/20","141","13","12091","9.22"
"Okeechobee","0","11","Florida","4/30/20","9","2","12093","22.22"
"Orange","16","1385","Florida","4/30/20","1274","111","12095","8.71"
"Osceola","4","478","Florida","4/30/20","449","29","12097","6.46"
"Palm Beach","58","2963","Florida","4/30/20","2554","409","12099","16.01"
"Pasco","4","249","Florida","4/30/20","221","28","12101","12.67"
"Pinellas","10","729","Florida","4/30/20","656","73","12103","11.13"
"Polk","15","483","Florida","4/30/20","379","104","12105","27.44"
"Putnam","4","106","Florida","4/30/20","75","31","12107","41.33"
"Santa Rosa","2","154","Florida","4/30/20","141","13","12113","9.22"
"Sarasota","6","352","Florida","4/30/20","310","42","12115","13.55"
"Seminole","6","379","Florida","4/30/20","340","39","12117","11.47"
"St. Johns","1","208","Florida","4/30/20","200","8","12109","4"
"St. Lucie","4","247","Florida","4/30/20","220","27","12111","12.27"
"Sumter","2","181","Florida","4/30/20","166","15","12119","9.04"
"Suwannee","3","130","Florida","4/30/20","106","24","12121","22.64"
"Taylor","0","3","Florida","4/30/20","3","0","12123","0"
"Union","0","4","Florida","4/30/20","3","1","12125","33.33"
"Volusia","5","452","Florida","4/30/20","420","32","12127","7.62"
"Wakulla","1","23","Florida","4/30/20","17","6","12129","35.29"
"Walton","1","38","Florida","4/30/20","34","4","12131","11.76"
"Washington","0","12","Florida","4/30/20","10","2","12133","20"
"Appling","3","70","Georgia","4/30/20","49","21","13001","42.86"
"Atkinson","0","8","Georgia","4/30/20","7","1","13003","14.29"
"Bacon","1","24","Georgia","4/30/20","20","4","13005","20"
"Baker","1","23","Georgia","4/30/20","19","4","13007","21.05"
"Baldwin","8","215","Georgia","4/30/20","161","54","13009","33.54"
"Banks","1","24","Georgia","4/30/20","17","7","13011","41.18"
"Barrow","4","133","Georgia","4/30/20","106","27","13013","25.47"
"Bartow","7","313","Georgia","4/30/20","264","49","13015","18.56"
"Ben Hill","1","25","Georgia","4/30/20","21","4","13017","19.05"
"Berrien","1","17","Georgia","4/30/20","12","5","13019","41.67"
"Bibb","10","305","Georgia","4/30/20","234","71","13021","30.34"
"Bleckley","1","16","Georgia","4/30/20","7","9","13023","128.57"
"Brantley","0","23","Georgia","4/30/20","20","3","13025","15"
"Brooks","3","58","Georgia","4/30/20","37","21","13027","56.76"
"Bryan","1","52","Georgia","4/30/20","43","9","13029","20.93"
"Bulloch","1","37","Georgia","4/30/20","33","4","13031","12.12"
"Burke","4","85","Georgia","4/30/20","60","25","13033","41.67"
"Butts","2","141","Georgia","4/30/20","126","15","13035","11.9"
"Calhoun","2","99","Georgia","4/30/20","82","17","13037","20.73"
"Camden","1","33","Georgia","4/30/20","28","5","13039","17.86"
"Candler","0","7","Georgia","4/30/20","7","0","13043","0"
"Carroll","6","358","Georgia","4/30/20","314","44","13045","14.01"
"Catoosa","0","47","Georgia","4/30/20","45","2","13047","4.44"
"Charlton","0","8","Georgia","4/30/20","7","1","13049","14.29"
"Chatham","4","226","Georgia","4/30/20","199","27","13051","13.57"
"Chattahoochee","1","12","Georgia","4/30/20","8","4","13053","50"
"Chattooga","1","16","Georgia","4/30/20","11","5","13055","45.45"
"Cherokee","15","467","Georgia","4/30/20","365","102","13057","27.95"
"Clarke","4","150","Georgia","4/30/20","122","28","13059","22.95"
"Clay","0","22","Georgia","4/30/20","20","2","13061","10"
"Clayton","14","713","Georgia","4/30/20","616","97","13063","15.75"
"Clinch","0","8","Georgia","4/30/20","7","1","13065","14.29"
"Cobb","41","1614","Georgia","4/30/20","1326","288","13067","21.72"
"Coffee","7","138","Georgia","4/30/20","91","47","13069","51.65"
"Colquitt","3","185","Georgia","4/30/20","163","22","13071","13.5"
"Columbia","4","160","Georgia","4/30/20","129","31","13073","24.03"
"Cook","1","23","Georgia","4/30/20","15","8","13075","53.33"
"Coweta","3","195","Georgia","4/30/20","177","18","13077","10.17"
"Crawford","0","15","Georgia","4/30/20","14","1","13079","7.14"
"Crisp","3","165","Georgia","4/30/20","141","24","13081","17.02"
"Dade","0","14","Georgia","4/30/20","15","-1","13083","-6.67"
"Dawson","2","61","Georgia","4/30/20","50","11","13085","22"
"Decatur","3","82","Georgia","4/30/20","61","21","13087","34.43"
"DeKalb","48","2026","Georgia","4/30/20","1689","337","13089","19.95"
"Dodge","1","26","Georgia","4/30/20","22","4","13091","18.18"
"Dooly","7","129","Georgia","4/30/20","81","48","13093","59.26"
"Dougherty","4","1505","Georgia","4/30/20","1478","27","13095","1.83"
"Douglas","7","319","Georgia","4/30/20","273","46","13097","16.85"
"Early","4","213","Georgia","4/30/20","185","28","13099","15.14"
"Echols","0","5","Georgia","4/30/20","5","0","13101","0"
"Effingham","0","35","Georgia","4/30/20","33","2","13103","6.06"
"Elbert","1","23","Georgia","4/30/20","14","9","13105","64.29"
"Emanuel","1","21","Georgia","4/30/20","17","4","13107","23.53"
"Evans","0","4","Georgia","4/30/20","4","0","13109","0"
"Fannin","1","29","Georgia","4/30/20","20","9","13111","45"
"Fayette","3","176","Georgia","4/30/20","156","20","13113","12.82"
"Floyd","2","144","Georgia","4/30/20","128","16","13115","12.5"
"Forsyth","9","298","Georgia","4/30/20","235","63","13117","26.81"
"Franklin","0","18","Georgia","4/30/20","16","2","13119","12.5"
"Fulton","54","2811","Georgia","4/30/20","2436","375","13121","15.39"
"Gilmer","6","68","Georgia","4/30/20","28","40","13123","142.86"
"Glynn","1","55","Georgia","4/30/20","51","4","13127","7.84"
"Gordon","3","92","Georgia","4/30/20","73","19","13129","26.03"
"Grady","2","63","Georgia","4/30/20","47","16","13131","34.04"
"Greene","1","54","Georgia","4/30/20","49","5","13133","10.2"
"Gwinnett","62","1787","Georgia","4/30/20","1351","436","13135","32.27"
"Habersham","15","257","Georgia","4/30/20","149","108","13137","72.48"
"Hall","53","1332","Georgia","4/30/20","963","369","13139","38.32"
"Hancock","4","45","Georgia","4/30/20","14","31","13141","221.43"
"Haralson","0","27","Georgia","4/30/20","26","1","13143","3.85"
"Harris","1","60","Georgia","4/30/20","55","5","13145","9.09"
"Hart","1","10","Georgia","4/30/20","6","4","13147","66.67"
"Heard","0","10","Georgia","4/30/20","9","1","13149","11.11"
"Henry","11","492","Georgia","4/30/20","413","79","13151","19.13"
"Houston","4","223","Georgia","4/30/20","194","29","13153","14.95"
"Irwin","0","15","Georgia","4/30/20","17","-2","13155","-11.76"
"Jackson","3","93","Georgia","4/30/20","69","24","13157","34.78"
"Jasper","0","21","Georgia","4/30/20","19","2","13159","10.53"
"Jeff Davis","1","17","Georgia","4/30/20","9","8","13161","88.89"
"Jefferson","0","14","Georgia","4/30/20","12","2","13163","16.67"
"Jenkins","0","16","Georgia","4/30/20","15","1","13165","6.67"
"Johnson","2","49","Georgia","4/30/20","38","11","13167","28.95"
"Jones","1","28","Georgia","4/30/20","24","4","13169","16.67"
"Lamar","1","38","Georgia","4/30/20","31","7","13171","22.58"
"Lanier","0","8","Georgia","4/30/20","7","1","13173","14.29"
"Laurens","2","60","Georgia","4/30/20","46","14","13175","30.43"
"Lee","3","318","Georgia","4/30/20","298","20","13177","6.71"
"Liberty","0","37","Georgia","4/30/20","35","2","13179","5.71"
"Lincoln","0","12","Georgia","4/30/20","10","2","13181","20"
"Long","0","5","Georgia","4/30/20","2","3","13183","150"
"Lowndes","4","155","Georgia","4/30/20","125","30","13185","24"
"Lumpkin","2","44","Georgia","4/30/20","28","16","13187","57.14"
"Macon","2","79","Georgia","4/30/20","66","13","13193","19.7"
"Madison","1","24","Georgia","4/30/20","19","5","13195","26.32"
"Marion","1","42","Georgia","4/30/20","34","8","13197","23.53"
"McDuffie","1","45","Georgia","4/30/20","39","6","13189","15.38"
"McIntosh","0","4","Georgia","4/30/20","4","0","13191","0"
"Meriwether","1","54","Georgia","4/30/20","49","5","13199","10.2"
"Miller","1","33","Georgia","4/30/20","26","7","13201","26.92"
"Mitchell","3","310","Georgia","4/30/20","290","20","13205","6.9"
"Monroe","1","23","Georgia","4/30/20","18","5","13207","27.78"
"Montgomery","0","2","Georgia","4/30/20","2","0","13209","0"
"Morgan","0","28","Georgia","4/30/20","25","3","13211","12"
"Murray","2","31","Georgia","4/30/20","19","12","13213","63.16"
"Muscogee","7","303","Georgia","4/30/20","256","47","13215","18.36"
"Newton","6","196","Georgia","4/30/20","153","43","13217","28.1"
"Oconee","1","64","Georgia","4/30/20","54","10","13219","18.52"
"Oglethorpe","2","48","Georgia","4/30/20","36","12","13221","33.33"
"Out of GA","-2","962","Georgia","4/30/20","978","-16","80013","-1.64"
"Paulding","6","188","Georgia","4/30/20","148","40","13223","27.03"
"Peach","1","46","Georgia","4/30/20","36","10","13225","27.78"
"Pickens","1","26","Georgia","4/30/20","19","7","13227","36.84"
"Pierce","1","55","Georgia","4/30/20","51","4","13229","7.84"
"Pike","0","40","Georgia","4/30/20","38","2","13231","5.26"
"Polk","3","57","Georgia","4/30/20","36","21","13233","58.33"
"Pulaski","1","30","Georgia","4/30/20","20","10","13235","50"
"Putnam","2","40","Georgia","4/30/20","29","11","13237","37.93"
"Quitman","0","4","Georgia","4/30/20","3","1","13239","33.33"
"Rabun","1","13","Georgia","4/30/20","9","4","13241","44.44"
"Randolph","1","159","Georgia","4/30/20","149","10","13243","6.71"
"Richmond","10","406","Georgia","4/30/20","335","71","13245","21.19"
"Rockdale","5","186","Georgia","4/30/20","151","35","13247","23.18"
"Schley","0","16","Georgia","4/30/20","16","0","13249","0"
"Screven","0","15","Georgia","4/30/20","14","1","13251","7.14"
"Seminole","0","29","Georgia","4/30/20","27","2","13253","7.41"
"Spalding","10","208","Georgia","4/30/20","140","68","13255","48.57"
"Stephens","4","78","Georgia","4/30/20","48","30","13257","62.5"
"Stewart","1","24","Georgia","4/30/20","17","7","13259","41.18"
"Sumter","5","380","Georgia","4/30/20","344","36","13261","10.47"
"Talbot","1","26","Georgia","4/30/20","21","5","13263","23.81"
"Tattnall","1","10","Georgia","4/30/20","6","4","13267","66.67"
"Taylor","0","17","Georgia","4/30/20","14","3","13269","21.43"
"Telfair","2","27","Georgia","4/30/20","16","11","13271","68.75"
"Terrell","3","183","Georgia","4/30/20","162","21","13273","12.96"
"Thomas","4","186","Georgia","4/30/20","158","28","13275","17.72"
"Tift","3","117","Georgia","4/30/20","98","19","13277","19.39"
"Toombs","1","31","Georgia","4/30/20","23","8","13279","34.78"
"Towns","0","21","Georgia","4/30/20","19","2","13281","10.53"
"Treutlen","0","3","Georgia","4/30/20","2","1","13283","50"
"Troup","4","148","Georgia","4/30/20","118","30","13285","25.42"
"Turner","1","68","Georgia","4/30/20","61","7","13287","11.48"
"Twiggs","0","8","Georgia","4/30/20","6","2","13289","33.33"
"Union","1","33","Georgia","4/30/20","25","8","13291","32"
"Upson","4","216","Georgia","4/30/20","191","25","13293","13.09"
"Walker","0","61","Georgia","4/30/20","59","2","13295","3.39"
"Walton","6","126","Georgia","4/30/20","81","45","13297","55.56"
"Ware","3","121","Georgia","4/30/20","100","21","13299","21"
"Warren","0","12","Georgia","4/30/20","12","0","13301","0"
"Washington","2","42","Georgia","4/30/20","28","14","13303","50"
"Wayne","0","13","Georgia","4/30/20","10","3","13305","30"
"Webster","0","10","Georgia","4/30/20","7","3","13307","42.86"
"Wheeler","0","4","Georgia","4/30/20","3","1","13309","33.33"
"White","3","59","Georgia","4/30/20","36","23","13311","63.89"
"Whitfield","6","103","Georgia","4/30/20","59","44","13313","74.58"
"Wilcox","4","90","Georgia","4/30/20","64","26","13315","40.62"
"Wilkes","0","25","Georgia","4/30/20","22","3","13317","13.64"
"Wilkinson","1","35","Georgia","4/30/20","27","8","13319","29.63"
"Worth","2","153","Georgia","4/30/20","142","11","13321","7.75"
"","0","103","Grand Princess","4/30/20","103","0",,"0"
"","1","145","Guam","4/30/20","139","6",,"4.32"
"Hawaii","1","73","Hawaii","4/30/20","68","5","15001","7.35"
"Honolulu","1","399","Hawaii","4/30/20","389","10","15003","2.57"
"Kauai","0","21","Hawaii","4/30/20","21","0","15007","0"
"Maui","1","116","Hawaii","4/30/20","112","4","15009","3.57"
"Out of HI","0","9","Hawaii","4/30/20","6","3","80015","50"
"Ada","5","671","Idaho","4/30/20","635","36","16001","5.67"
"Adams","0","3","Idaho","4/30/20","3","0","16003","0"
"Bannock","0","11","Idaho","4/30/20","8","3","16005","37.5"
"Bingham","0","4","Idaho","4/30/20","3","1","16011","33.33"
"Blaine","2","498","Idaho","4/30/20","485","13","16013","2.68"
"Bonner","0","4","Idaho","4/30/20","4","0","16017","0"
"Bonneville","0","28","Idaho","4/30/20","28","0","16019","0"
"Camas","0","1","Idaho","4/30/20","1","0","16025","0"
"Canyon","4","252","Idaho","4/30/20","222","30","16027","13.51"
"Caribou","0","1","Idaho","4/30/20","1","0","16029","0"
"Cassia","0","12","Idaho","4/30/20","12","0","16031","0"
"Custer","0","2","Idaho","4/30/20","2","0","16037","0"
"Elmore","0","30","Idaho","4/30/20","32","-2","16039","-6.25"
"Fremont","0","2","Idaho","4/30/20","2","0","16043","0"
"Gem","0","12","Idaho","4/30/20","11","1","16045","9.09"
"Gooding","0","11","Idaho","4/30/20","9","2","16047","22.22"
"Idaho","0","3","Idaho","4/30/20","3","0","16049","0"
"Jefferson","0","5","Idaho","4/30/20","5","0","16051","0"
"Jerome","1","51","Idaho","4/30/20","44","7","16053","15.91"
"Kootenai","0","61","Idaho","4/30/20","59","2","16055","3.39"
"Latah","0","5","Idaho","4/30/20","4","1","16057","25"
"Lemhi","0","1","Idaho","4/30/20","0","1","16059","1"
"Lincoln","1","27","Idaho","4/30/20","21","6","16063","28.57"
"Madison","0","10","Idaho","4/30/20","8","2","16065","25"
"Minidoka","0","11","Idaho","4/30/20","10","1","16067","10"
"Nez Perce","1","60","Idaho","4/30/20","55","5","16069","9.09"
"Owyhee","0","8","Idaho","4/30/20","6","2","16073","33.33"
"Payette","1","16","Idaho","4/30/20","11","5","16075","45.45"
"Power","0","2","Idaho","4/30/20","2","0","16077","0"
"Teton","0","9","Idaho","4/30/20","8","1","16081","12.5"
"Twin Falls","4","170","Idaho","4/30/20","139","31","16083","22.3"
"Valley","0","2","Idaho","4/30/20","2","0","16085","0"
"Washington","0","1","Idaho","4/30/20","1","0","16087","0"
"Adams","2","40","Illinois","4/30/20","29","11","17001","37.93"
"Alexander","0","3","Illinois","4/30/20","2","1","17003","50"
"Bond","0","6","Illinois","4/30/20","4","2","17005","50"
"Boone","6","98","Illinois","4/30/20","54","44","17007","81.48"
"Bureau","0","10","Illinois","4/30/20","8","2","17011","25"
"Calhoun","0","1","Illinois","4/30/20","1","0","17013","0"
"Carroll","0","9","Illinois","4/30/20","7","2","17015","28.57"
"Cass","4","33","Illinois","4/30/20","8","25","17017","312.5"
"Champaign","4","130","Illinois","4/30/20","99","31","17019","31.31"
"Christian","1","30","Illinois","4/30/20","26","4","17021","15.38"
"Clark","0","5","Illinois","4/30/20","4","1","17023","25"
"Clay","0","2","Illinois","4/30/20","2","0","17025","0"
"Clinton","8","106","Illinois","4/30/20","51","55","17027","107.84"
"Coles","1","22","Illinois","4/30/20","18","4","17029","22.22"
"Cook","1529","36513","Illinois","4/30/20","25811","10702","17031","41.46"
"Crawford","0","10","Illinois","4/30/20","10","0","17033","0"
"Cumberland","0","3","Illinois","4/30/20","2","1","17035","50"
"De Witt","0","3","Illinois","4/30/20","1","2","17039","200"
"DeKalb","6","95","Illinois","4/30/20","56","39","17037","69.64"
"Douglas","0","14","Illinois","4/30/20","12","2","17041","16.67"
"DuPage","148","3081","Illinois","4/30/20","2047","1034","17043","50.51"
"Effingham","0","5","Illinois","4/30/20","5","0","17049","0"
"Fayette","0","16","Illinois","4/30/20","15","1","17051","6.67"
"Ford","0","9","Illinois","4/30/20","8","1","17053","12.5"
"Franklin","0","8","Illinois","4/30/20","8","0","17055","0"
"Fulton","0","3","Illinois","4/30/20","1","2","17057","200"
"Gallatin","0","2","Illinois","4/30/20","2","0","17059","0"
"Greene","0","3","Illinois","4/30/20","2","1","17061","50"
"Grundy","1","35","Illinois","4/30/20","26","9","17063","34.62"
"Hamilton","0","2","Illinois","4/30/20","2","0","17065","0"
"Hancock","0","6","Illinois","4/30/20","4","2","17067","50"
"Hardin","0","1","Illinois","4/30/20","1","0","17069","0"
"Henderson","0","4","Illinois","4/30/20","3","1","17071","33.33"
"Henry","2","45","Illinois","4/30/20","33","12","17073","36.36"
"Iroquois","2","27","Illinois","4/30/20","14","13","17075","92.86"
"Jackson","8","107","Illinois","4/30/20","53","54","17077","101.89"
"Jasper","1","44","Illinois","4/30/20","40","4","17079","10"
"Jefferson","1","83","Illinois","4/30/20","77","6","17081","7.79"
"Jersey","0","12","Illinois","4/30/20","11","1","17083","9.09"
"Jo Daviess","0","13","Illinois","4/30/20","11","2","17085","18.18"
"Johnson","0","4","Illinois","4/30/20","3","1","17087","33.33"
"Kane","95","1526","Illinois","4/30/20","863","663","17089","76.83"
"Kankakee","7","338","Illinois","4/30/20","289","49","17091","16.96"
"Kendall","14","266","Illinois","4/30/20","171","95","17093","55.56"
"Knox","4","46","Illinois","4/30/20","21","25","17095","119.05"
"Lake","138","3509","Illinois","4/30/20","2540","969","17097","38.15"
"LaSalle","2","53","Illinois","4/30/20","39","14","17099","35.9"
"Lawrence","0","3","Illinois","4/30/20","2","1","17101","50"
"Lee","1","24","Illinois","4/30/20","18","6","17103","33.33"
"Livingston","0","20","Illinois","4/30/20","18","2","17105","11.11"
"Logan","0","7","Illinois","4/30/20","4","3","17107","75"
"Macon","1","106","Illinois","4/30/20","96","10","17115","10.42"
"Macoupin","1","30","Illinois","4/30/20","24","6","17117","25"
"Madison","14","333","Illinois","4/30/20","235","98","17119","41.7"
"Marion","1","33","Illinois","4/30/20","25","8","17121","32"
"Marshall","0","4","Illinois","4/30/20","4","0","17123","0"
"Mason","1","12","Illinois","4/30/20","6","6","17125","100"
"Massac","0","4","Illinois","4/30/20","3","1","17127","33.33"
"McDonough","2","18","Illinois","4/30/20","4","14","17109","350"
"McHenry","29","621","Illinois","4/30/20","419","202","17111","48.21"
"McLean","1","95","Illinois","4/30/20","87","8","17113","9.2"
"Menard","1","8","Illinois","4/30/20","4","4","17129","100"
"Mercer","0","8","Illinois","4/30/20","6","2","17131","33.33"
"Monroe","1","70","Illinois","4/30/20","60","10","17133","16.67"
"Montgomery","1","26","Illinois","4/30/20","21","5","17135","23.81"
"Morgan","1","22","Illinois","4/30/20","14","8","17137","57.14"
"Moultrie","0","5","Illinois","4/30/20","2","3","17139","150"
"Ogle","7","119","Illinois","4/30/20","71","48","17141","67.61"
"Peoria","5","86","Illinois","4/30/20","54","32","17143","59.26"
"Perry","3","21","Illinois","4/30/20","3","18","17145","600"
"Piatt","0","7","Illinois","4/30/20","7","0","17147","0"
"Pike","0","1","Illinois","4/30/20","1","0","17149","0"
"Pulaski","1","18","Illinois","4/30/20","13","5","17153","38.46"
"Randolph","13","156","Illinois","4/30/20","68","88","17157","129.41"
"Richland","0","3","Illinois","4/30/20","2","1","17159","50"
"Rock Island","19","377","Illinois","4/30/20","247","130","17161","52.63"
"Saline","0","3","Illinois","4/30/20","3","0","17165","0"
"Sangamon","15","178","Illinois","4/30/20","76","102","17167","134.21"
"Schuyler","0","2","Illinois","4/30/20","1","1","17169","100"
"Shelby","1","10","Illinois","4/30/20","5","5","17173","100"
"St. Clair","21","475","Illinois","4/30/20","330","145","17163","43.94"
"Stark","0","1","Illinois","4/30/20","1","0","17175","0"
"Stephenson","3","35","Illinois","4/30/20","13","22","17177","169.23"
"Tazewell","2","45","Illinois","4/30/20","30","15","17179","50"
"Union","2","17","Illinois","4/30/20","6","11","17181","183.33"
"Vermilion","1","17","Illinois","4/30/20","10","7","17183","70"
"Wabash","0","1","Illinois","4/30/20","1","0","17185","0"
"Warren","4","62","Illinois","4/30/20","31","31","17187","100"
"Washington","0","10","Illinois","4/30/20","7","3","17189","42.86"
"Wayne","0","2","Illinois","4/30/20","1","1","17191","100"
"White","0","2","Illinois","4/30/20","1","1","17193","100"
"Whiteside","5","84","Illinois","4/30/20","49","35","17195","71.43"
"Will","87","2492","Illinois","4/30/20","1885","607","17197","32.2"
"Williamson","2","31","Illinois","4/30/20","19","12","17199","63.16"
"Winnebago","27","442","Illinois","4/30/20","252","190","17201","75.4"
"Woodford","0","13","Illinois","4/30/20","11","2","17203","18.18"
"Adams","0","7","Indiana","4/30/20","7","0","18001","0"
"Allen","25","560","Indiana","4/30/20","387","173","18003","44.7"
"Bartholomew","12","250","Indiana","4/30/20","163","87","18005","53.37"
"Benton","0","8","Indiana","4/30/20","6","2","18007","33.33"
"Blackford","0","8","Indiana","4/30/20","6","2","18009","33.33"
"Boone","3","190","Indiana","4/30/20","172","18","18011","10.47"
"Brown","0","15","Indiana","4/30/20","15","0","18013","0"
"Carroll","2","22","Indiana","4/30/20","7","15","18015","214.29"
"Cass","138","1164","Indiana","4/30/20","199","965","18017","484.92"
"Clark","14","293","Indiana","4/30/20","195","98","18019","50.26"
"Clay","0","20","Indiana","4/30/20","19","1","18021","5.26"
"Clinton","2","38","Indiana","4/30/20","25","13","18023","52"
"Crawford","1","18","Indiana","4/30/20","14","4","18025","28.57"
"Daviess","1","47","Indiana","4/30/20","38","9","18027","23.68"
"Dearborn","4","104","Indiana","4/30/20","75","29","18029","38.67"
"Decatur","3","200","Indiana","4/30/20","182","18","18031","9.89"
"DeKalb","1","20","Indiana","4/30/20","14","6","18033","42.86"
"Delaware","7","176","Indiana","4/30/20","126","50","18035","39.68"
"Dubois","1","23","Indiana","4/30/20","16","7","18037","43.75"
"Elkhart","13","287","Indiana","4/30/20","196","91","18039","46.43"
"Fayette","1","28","Indiana","4/30/20","22","6","18041","27.27"
"Floyd","4","178","Indiana","4/30/20","152","26","18043","17.11"
"Fountain","0","11","Indiana","4/30/20","8","3","18045","37.5"
"Franklin","1","97","Indiana","4/30/20","92","5","18047","5.43"
"Fulton","3","27","Indiana","4/30/20","7","20","18049","285.71"
"Gibson","0","7","Indiana","4/30/20","6","1","18051","16.67"
"Grant","4","129","Indiana","4/30/20","102","27","18053","26.47"
"Greene","2","56","Indiana","4/30/20","44","12","18055","27.27"
"Hamilton","16","755","Indiana","4/30/20","645","110","18057","17.05"
"Hancock","8","218","Indiana","4/30/20","160","58","18059","36.25"
"Harrison","3","129","Indiana","4/30/20","108","21","18061","19.44"
"Hendricks","15","667","Indiana","4/30/20","565","102","18063","18.05"
"Henry","1","39","Indiana","4/30/20","30","9","18065","30"
"Howard","14","172","Indiana","4/30/20","76","96","18067","126.32"
"Huntington","0","9","Indiana","4/30/20","6","3","18069","50"
"Jackson","5","138","Indiana","4/30/20","100","38","18071","38"
"Jasper","3","46","Indiana","4/30/20","27","19","18073","70.37"
"Jay","1","15","Indiana","4/30/20","10","5","18075","50"
"Jefferson","1","26","Indiana","4/30/20","22","4","18077","18.18"
"Jennings","1","75","Indiana","4/30/20","67","8","18079","11.94"
"Johnson","14","579","Indiana","4/30/20","478","101","18081","21.13"
"Knox","0","20","Indiana","4/30/20","18","2","18083","11.11"
"Kosciusko","1","34","Indiana","4/30/20","24","10","18085","41.67"
"LaGrange","1","25","Indiana","4/30/20","19","6","18087","31.58"
"Lake","71","1846","Indiana","4/30/20","1346","500","18089","37.15"
"LaPorte","10","218","Indiana","4/30/20","148","70","18091","47.3"
"Lawrence","2","99","Indiana","4/30/20","86","13","18093","15.12"
"Madison","9","420","Indiana","4/30/20","359","61","18095","16.99"
"Marion","160","5530","Indiana","4/30/20","4408","1122","18097","25.45"
"Marshall","1","29","Indiana","4/30/20","25","4","18099","16"
"Martin","0","7","Indiana","4/30/20","6","1","18101","16.67"
"Miami","10","104","Indiana","4/30/20","31","73","18103","235.48"
"Monroe","1","123","Indiana","4/30/20","118","5","18105","4.24"
"Montgomery","5","67","Indiana","4/30/20","29","38","18107","131.03"
"Morgan","4","152","Indiana","4/30/20","125","27","18109","21.6"
"Newton","1","46","Indiana","4/30/20","40","6","18111","15"
"Noble","3","69","Indiana","4/30/20","47","22","18113","46.81"
"Ohio","0","4","Indiana","4/30/20","3","1","18115","33.33"
"Orange","5","76","Indiana","4/30/20","39","37","18117","94.87"
"Owen","0","23","Indiana","4/30/20","22","1","18119","4.55"
"Parke","0","12","Indiana","4/30/20","10","2","18121","20"
"Perry","1","10","Indiana","4/30/20","6","4","18123","66.67"
"Pike","0","1","Indiana","4/30/20","1","0","18125","0"
"Porter","6","238","Indiana","4/30/20","198","40","18127","20.2"
"Posey","0","11","Indiana","4/30/20","8","3","18129","37.5"
"Pulaski","3","23","Indiana","4/30/20","4","19","18131","475"
"Putnam","2","66","Indiana","4/30/20","54","12","18133","22.22"
"Randolph","0","15","Indiana","4/30/20","14","1","18135","7.14"
"Ripley","1","92","Indiana","4/30/20","87","5","18137","5.75"
"Rush","1","31","Indiana","4/30/20","21","10","18139","47.62"
"Scott","3","46","Indiana","4/30/20","28","18","18143","64.29"
"Shelby","8","201","Indiana","4/30/20","145","56","18145","38.62"
"Spencer","0","5","Indiana","4/30/20","5","0","18147","0"
"St. Joseph","23","633","Indiana","4/30/20","475","158","18141","33.26"
"Starke","0","16","Indiana","4/30/20","13","3","18149","23.08"
"Steuben","1","23","Indiana","4/30/20","18","5","18151","27.78"
"Sullivan","1","16","Indiana","4/30/20","10","6","18153","60"
"Switzerland","0","15","Indiana","4/30/20","14","1","18155","7.14"
"Tippecanoe","7","110","Indiana","4/30/20","62","48","18157","77.42"
"Tipton","1","18","Indiana","4/30/20","14","4","18159","28.57"
"Union","0","7","Indiana","4/30/20","6","1","18161","16.67"
"Vanderburgh","4","135","Indiana","4/30/20","104","31","18163","29.81"
"Vermillion","0","7","Indiana","4/30/20","7","0","18165","0"
"Vigo","1","64","Indiana","4/30/20","60","4","18167","6.67"
"Wabash","4","42","Indiana","4/30/20","12","30","18169","250"
"Warren","0","11","Indiana","4/30/20","8","3","18171","37.5"
"Warrick","3","96","Indiana","4/30/20","77","19","18173","24.68"
"Washington","1","43","Indiana","4/30/20","33","10","18175","30.3"
"Wayne","1","34","Indiana","4/30/20","30","4","18177","13.33"
"Wells","0","5","Indiana","4/30/20","5","0","18179","0"
"White","5","47","Indiana","4/30/20","12","35","18181","291.67"
"Whitley","0","19","Indiana","4/30/20","16","3","18183","18.75"
"Adair","0","1","Iowa","4/30/20","1","0","19001","0"
"Allamakee","6","89","Iowa","4/30/20","46","43","19005","93.48"
"Appanoose","0","2","Iowa","4/30/20","2","0","19007","0"
"Audubon","0","1","Iowa","4/30/20","1","0","19009","0"
"Benton","1","31","Iowa","4/30/20","24","7","19011","29.17"
"Black Hawk","103","1140","Iowa","4/30/20","420","720","19013","171.43"
"Boone","1","12","Iowa","4/30/20","6","6","19015","100"
"Bremer","2","51","Iowa","4/30/20","34","17","19017","50"
"Buchanan","1","17","Iowa","4/30/20","11","6","19019","54.55"
"Buena Vista","0","4","Iowa","4/30/20","3","1","19021","33.33"
"Butler","1","9","Iowa","4/30/20","2","7","19023","350"
"Carroll","0","2","Iowa","4/30/20","1","1","19027","100"
"Cass","0","1","Iowa","4/30/20","1","0","19029","0"
"Cedar","0","29","Iowa","4/30/20","27","2","19031","7.41"
"Cerro Gordo","0","14","Iowa","4/30/20","14","0","19033","0"
"Cherokee","0","2","Iowa","4/30/20","1","1","19035","100"
"Chickasaw","0","5","Iowa","4/30/20","3","2","19037","66.67"
"Clarke","0","2","Iowa","4/30/20","2","0","19039","0"
"Clay","0","4","Iowa","4/30/20","3","1","19041","33.33"
"Clayton","1","14","Iowa","4/30/20","8","6","19043","75"
"Clinton","1","48","Iowa","4/30/20","44","4","19045","9.09"
"Crawford","2","21","Iowa","4/30/20","6","15","19047","250"
"Dallas","36","318","Iowa","4/30/20","67","251","19049","374.63"
"Davis","0","1","Iowa","4/30/20","0","1","19051","1"
"Delaware","1","8","Iowa","4/30/20","3","5","19055","166.67"
"Des Moines","0","16","Iowa","4/30/20","13","3","19057","23.08"
"Dickinson","0","6","Iowa","4/30/20","3","3","19059","100"
"Dubuque","7","102","Iowa","4/30/20","52","50","19061","96.15"
"Fayette","2","20","Iowa","4/30/20","7","13","19065","185.71"
"Franklin","0","2","Iowa","4/30/20","1","1","19069","100"
"Greene","1","5","Iowa","4/30/20","1","4","19073","400"
"Grundy","1","11","Iowa","4/30/20","6","5","19075","83.33"
"Guthrie","1","12","Iowa","4/30/20","5","7","19077","140"
"Hamilton","1","7","Iowa","4/30/20","3","4","19079","133.33"
"Hancock","0","3","Iowa","4/30/20","3","0","19081","0"
"Hardin","1","8","Iowa","4/30/20","4","4","19083","100"
"Harrison","0","16","Iowa","4/30/20","15","1","19085","6.67"
"Henry","0","32","Iowa","4/30/20","30","2","19087","6.67"
"Howard","1","10","Iowa","4/30/20","4","6","19089","150"
"Humboldt","0","4","Iowa","4/30/20","2","2","19091","100"
"Iowa","1","19","Iowa","4/30/20","13","6","19095","46.15"
"Jackson","0","5","Iowa","4/30/20","5","0","19097","0"
"Jasper","11","130","Iowa","4/30/20","55","75","19099","136.36"
"Jefferson","0","6","Iowa","4/30/20","7","-1","19101","-14.29"
"Johnson","10","461","Iowa","4/30/20","391","70","19103","17.9"
"Jones","0","21","Iowa","4/30/20","18","3","19105","16.67"
"Keokuk","0","2","Iowa","4/30/20","3","-1","19107","-33.33"
"Kossuth","0","2","Iowa","4/30/20","1","1","19109","100"
"Lee","1","8","Iowa","4/30/20","3","5","19111","166.67"
"Linn","27","669","Iowa","4/30/20","479","190","19113","39.67"
"Louisa","3","269","Iowa","4/30/20","251","18","19115","7.17"
"Lyon","1","13","Iowa","4/30/20","5","8","19119","160"
"Madison","0","5","Iowa","4/30/20","3","2","19121","66.67"
"Mahaska","0","10","Iowa","4/30/20","8","2","19123","25"
"Marion","0","8","Iowa","4/30/20","5","3","19125","60"
"Marshall","33","467","Iowa","4/30/20","239","228","19127","95.4"
"Mills","0","2","Iowa","4/30/20","2","0","19129","0"
"Mitchell","0","2","Iowa","4/30/20","2","0","19131","0"
"Monona","0","7","Iowa","4/30/20","7","0","19133","0"
"Montgomery","0","1","Iowa","4/30/20","1","0","19137","0"
"Muscatine","12","336","Iowa","4/30/20","252","84","19139","33.33"
"O'Brien","1","8","Iowa","4/30/20","3","5","19141","166.67"
"Osceola","0","9","Iowa","4/30/20","6","3","19143","50"
"Page","0","6","Iowa","4/30/20","5","1","19145","20"
"Plymouth","0","12","Iowa","4/30/20","9","3","19149","33.33"
"Pocahontas","0","1","Iowa","4/30/20","0","1","19151","1"
"Polk","71","985","Iowa","4/30/20","486","499","19153","102.67"
"Pottawattamie","2","33","Iowa","4/30/20","18","15","19155","83.33"
"Poweshiek","5","56","Iowa","4/30/20","20","36","19157","180"
"Scott","5","226","Iowa","4/30/20","188","38","19163","20.21"
"Shelby","0","9","Iowa","4/30/20","9","0","19165","0"
"Sioux","0","9","Iowa","4/30/20","7","2","19167","28.57"
"Story","1","27","Iowa","4/30/20","22","5","19169","22.73"
"Tama","6","266","Iowa","4/30/20","225","41","19171","18.22"
"Taylor","0","1","Iowa","4/30/20","1","0","19173","0"
"Union","0","1","Iowa","4/30/20","1","0","19175","0"
"Van Buren","0","8","Iowa","4/30/20","8","0","19177","0"
"Wapello","1","10","Iowa","4/30/20","6","4","19179","66.67"
"Warren","1","22","Iowa","4/30/20","18","4","19181","22.22"
"Washington","2","141","Iowa","4/30/20","124","17","19183","13.71"
"Webster","0","5","Iowa","4/30/20","2","3","19187","150"
"Winnebago","0","2","Iowa","4/30/20","2","0","19189","0"
"Winneshiek","1","15","Iowa","4/30/20","9","6","19191","66.67"
"Woodbury","89","742","Iowa","4/30/20","120","622","19193","518.33"
"Worth","0","1","Iowa","4/30/20","1","0","19195","0"
"Wright","0","3","Iowa","4/30/20","2","1","19197","50"
"Atchison","0","9","Kansas","4/30/20","8","1","20005","12.5"
"Barber","0","1","Kansas","4/30/20","1","0","20007","0"
"Barton","0","9","Kansas","4/30/20","9","0","20009","0"
"Bourbon","0","6","Kansas","4/30/20","6","0","20011","0"
"Butler","0","16","Kansas","4/30/20","13","3","20015","23.08"
"Chase","0","3","Kansas","4/30/20","1","2","20017","200"
"Chautauqua","0","4","Kansas","4/30/20","3","1","20019","33.33"
"Cherokee","0","8","Kansas","4/30/20","7","1","20021","14.29"
"Cheyenne","0","2","Kansas","4/30/20","0","2","20023","1"
"Clark","0","1","Kansas","4/30/20","1","0","20025","0"
"Clay","0","4","Kansas","4/30/20","4","0","20027","0"
"Cloud","0","4","Kansas","4/30/20","3","1","20029","33.33"
"Coffey","0","48","Kansas","4/30/20","48","0","20031","0"
"Cowley","0","3","Kansas","4/30/20","1","2","20035","200"
"Crawford","0","8","Kansas","4/30/20","6","2","20037","33.33"
"Dickinson","0","2","Kansas","4/30/20","1","1","20041","100"
"Doniphan","0","3","Kansas","4/30/20","3","0","20043","0"
"Douglas","1","50","Kansas","4/30/20","44","6","20045","13.64"
"Edwards","0","3","Kansas","4/30/20","1","2","20047","200"
"Elk","0","1","Kansas","4/30/20","0","1","20049","1"
"Ellis","0","8","Kansas","4/30/20","8","0","20051","0"
"Finney","40","404","Kansas","4/30/20","127","277","20055","218.11"
"Ford","55","675","Kansas","4/30/20","288","387","20057","134.38"
"Franklin","0","14","Kansas","4/30/20","12","2","20059","16.67"
"Geary","0","11","Kansas","4/30/20","9","2","20061","22.22"
"Gove","0","1","Kansas","4/30/20","1","0","20063","0"
"Grant","1","4","Kansas","4/30/20","0","4","20067","1"
"Gray","0","4","Kansas","4/30/20","1","3","20069","300"
"Greenwood","0","3","Kansas","4/30/20","2","1","20073","50"
"Hamilton","0","2","Kansas","4/30/20","1","1","20075","100"
"Harper","0","1","Kansas","4/30/20","0","1","20077","1"
"Harvey","0","7","Kansas","4/30/20","5","2","20079","40"
"Haskell","0","7","Kansas","4/30/20","6","1","20081","16.67"
"Jackson","0","2","Kansas","4/30/20","1","1","20085","100"
"Jefferson","0","9","Kansas","4/30/20","7","2","20087","28.57"
"Jewell","0","4","Kansas","4/30/20","4","0","20089","0"
"Johnson","9","464","Kansas","4/30/20","403","61","20091","15.14"
"Kearny","1","16","Kansas","4/30/20","9","7","20093","77.78"
"Kiowa","0","1","Kansas","4/30/20","1","0","20097","0"
"Labette","0","22","Kansas","4/30/20","20","2","20099","10"
"Leavenworth","29","356","Kansas","4/30/20","154","202","20103","131.17"
"Linn","0","6","Kansas","4/30/20","6","0","20107","0"
"Lyon","9","218","Kansas","4/30/20","158","60","20111","37.97"
"Marion","0","5","Kansas","4/30/20","5","0","20115","0"
"McPherson","0","22","Kansas","4/30/20","20","2","20113","10"
"Meade","1","5","Kansas","4/30/20","0","5","20119","1"
"Miami","0","5","Kansas","4/30/20","4","1","20121","25"
"Mitchell","0","3","Kansas","4/30/20","2","1","20123","50"
"Montgomery","1","17","Kansas","4/30/20","13","4","20125","30.77"
"Morris","0","3","Kansas","4/30/20","3","0","20127","0"
"Morton","0","3","Kansas","4/30/20","2","1","20129","50"
"Nemaha","0","1","Kansas","4/30/20","0","1","20131","1"
"Neosho","0","2","Kansas","4/30/20","2","0","20133","0"
"Osage","0","5","Kansas","4/30/20","5","0","20139","0"
"Osborne","0","2","Kansas","4/30/20","2","0","20141","0"
"Ottawa","0","4","Kansas","4/30/20","3","1","20143","33.33"
"Phillips","0","1","Kansas","4/30/20","1","0","20147","0"
"Pottawatomie","1","13","Kansas","4/30/20","8","5","20149","62.5"
"Pratt","0","1","Kansas","4/30/20","1","0","20151","0"
"Reno","3","36","Kansas","4/30/20","17","19","20155","111.76"
"Republic","0","4","Kansas","4/30/20","4","0","20157","0"
"Rice","0","3","Kansas","4/30/20","1","2","20159","200"
"Riley","2","49","Kansas","4/30/20","37","12","20161","32.43"
"Rooks","0","6","Kansas","4/30/20","4","2","20163","50"
"Saline","1","21","Kansas","4/30/20","17","4","20169","23.53"
"Scott","0","0","Kansas","4/30/20","1","-1","20171","-100"
"Sedgwick","12","402","Kansas","4/30/20","316","86","20173","27.22"
"Seward","40","527","Kansas","4/30/20","249","278","20175","111.65"
"Shawnee","2","117","Kansas","4/30/20","100","17","20177","17"
"Sheridan","0","2","Kansas","4/30/20","2","0","20179","0"
"Sherman","0","4","Kansas","4/30/20","1","3","20181","300"
"Smith","0","2","Kansas","4/30/20","2","0","20183","0"
"Stafford","0","1","Kansas","4/30/20","1","0","20185","0"
"Stanton","0","6","Kansas","4/30/20","4","2","20187","50"
"Stevens","0","9","Kansas","4/30/20","6","3","20189","50"
"Sumner","0","3","Kansas","4/30/20","3","0","20191","0"
"Wabaunsee","2","21","Kansas","4/30/20","6","15","20197","250"
"Washington","0","1","Kansas","4/30/20","0","1","20201","1"
"Wilson","0","1","Kansas","4/30/20","1","0","20205","0"
"Woodson","0","5","Kansas","4/30/20","5","0","20207","0"
"Wyandotte","27","677","Kansas","4/30/20","490","187","20209","38.16"
"Adair","3","81","Kentucky","4/30/20","63","18","21001","28.57"
"Allen","1","13","Kentucky","4/30/20","5","8","21003","160"
"Anderson","0","8","Kentucky","4/30/20","7","1","21005","14.29"
"Ballard","1","9","Kentucky","4/30/20","4","5","21007","125"
"Barren","1","17","Kentucky","4/30/20","8","9","21009","112.5"
"Bath","0","4","Kentucky","4/30/20","3","1","21011","33.33"
"Boone","6","138","Kentucky","4/30/20","94","44","21015","46.81"
"Bourbon","0","8","Kentucky","4/30/20","6","2","21017","33.33"
"Boyd","0","31","Kentucky","4/30/20","30","1","21019","3.33"
"Boyle","1","17","Kentucky","4/30/20","13","4","21021","30.77"
"Bracken","0","7","Kentucky","4/30/20","7","0","21023","0"
"Breathitt","0","2","Kentucky","4/30/20","2","0","21025","0"
"Breckinridge","0","9","Kentucky","4/30/20","6","3","21027","50"
"Bullitt","2","53","Kentucky","4/30/20","36","17","21029","47.22"
"Butler","3","116","Kentucky","4/30/20","92","24","21031","26.09"
"Caldwell","0","13","Kentucky","4/30/20","12","1","21033","8.33"
"Calloway","1","34","Kentucky","4/30/20","24","10","21035","41.67"
"Campbell","4","89","Kentucky","4/30/20","64","25","21037","39.06"
"Carlisle","0","2","Kentucky","4/30/20","1","1","21039","100"
"Carroll","0","2","Kentucky","4/30/20","2","0","21041","0"
"Carter","0","5","Kentucky","4/30/20","4","1","21043","25"
"Casey","0","1","Kentucky","4/30/20","1","0","21045","0"
"Christian","0","86","Kentucky","4/30/20","86","0","21047","0"
"Clark","0","21","Kentucky","4/30/20","19","2","21049","10.53"
"Clay","0","1","Kentucky","4/30/20","1","0","21051","0"
"Clinton","0","3","Kentucky","4/30/20","2","1","21053","50"
"Crittenden","0","4","Kentucky","4/30/20","3","1","21055","33.33"
"Cumberland","0","5","Kentucky","4/30/20","4","1","21057","25"
"Daviess","8","188","Kentucky","4/30/20","133","55","21059","41.35"
"Edmonson","3","26","Kentucky","4/30/20","7","19","21061","271.43"
"Fayette","4","248","Kentucky","4/30/20","223","25","21067","11.21"
"Fleming","0","2","Kentucky","4/30/20","2","0","21069","0"
"Floyd","1","13","Kentucky","4/30/20","4","9","21071","225"
"Franklin","0","16","Kentucky","4/30/20","14","2","21073","14.29"
"Fulton","0","2","Kentucky","4/30/20","1","1","21075","100"
"Gallatin","0","1","Kentucky","4/30/20","1","0","21077","0"
"Garrard","0","2","Kentucky","4/30/20","1","1","21079","100"
"Grant","0","21","Kentucky","4/30/20","18","3","21081","16.67"
"Graves","7","131","Kentucky","4/30/20","84","47","21083","55.95"
"Grayson","6","65","Kentucky","4/30/20","25","40","21085","160"
"Green","0","1","Kentucky","4/30/20","1","0","21087","0"
"Greenup","0","11","Kentucky","4/30/20","10","1","21089","10"
"Hancock","0","6","Kentucky","4/30/20","6","0","21091","0"
"Hardin","1","40","Kentucky","4/30/20","32","8","21093","25"
"Harrison","0","17","Kentucky","4/30/20","17","0","21097","0"
"Hart","0","3","Kentucky","4/30/20","2","1","21099","50"
"Henderson","3","58","Kentucky","4/30/20","40","18","21101","45"
"Henry","0","6","Kentucky","4/30/20","3","3","21103","100"
"Hickman","0","1","Kentucky","4/30/20","2","-1","21105","-50"
"Hopkins","6","196","Kentucky","4/30/20","157","39","21107","24.84"
"Jackson","0","59","Kentucky","4/30/20","58","1","21109","1.72"
"Jefferson","43","1307","Kentucky","4/30/20","1008","299","21111","29.66"
"Jessamine","1","41","Kentucky","4/30/20","31","10","21113","32.26"
"Johnson","0","3","Kentucky","4/30/20","1","2","21115","200"
"Kenton","9","276","Kentucky","4/30/20","214","62","21117","28.97"
"Knott","0","4","Kentucky","4/30/20","4","0","21119","0"
"Knox","0","6","Kentucky","4/30/20","5","1","21121","20"
"Larue","0","5","Kentucky","4/30/20","5","0","21123","0"
"Laurel","1","17","Kentucky","4/30/20","13","4","21125","30.77"
"Lawrence","0","1","Kentucky","4/30/20","1","0","21127","0"
"Leslie","0","4","Kentucky","4/30/20","2","2","21131","100"
"Letcher","0","2","Kentucky","4/30/20","1","1","21133","100"
"Lewis","0","3","Kentucky","4/30/20","3","0","21135","0"
"Lincoln","0","5","Kentucky","4/30/20","4","1","21137","25"
"Livingston","0","4","Kentucky","4/30/20","1","3","21139","300"
"Logan","0","10","Kentucky","4/30/20","8","2","21141","25"
"Lyon","0","13","Kentucky","4/30/20","14","-1","21143","-7.14"
"Madison","1","28","Kentucky","4/30/20","23","5","21151","21.74"
"Marion","0","16","Kentucky","4/30/20","13","3","21155","23.08"
"Marshall","2","34","Kentucky","4/30/20","23","11","21157","47.83"
"Martin","0","3","Kentucky","4/30/20","3","0","21159","0"
"Mason","0","6","Kentucky","4/30/20","6","0","21161","0"
"McCracken","4","55","Kentucky","4/30/20","30","25","21145","83.33"
"McCreary","0","11","Kentucky","4/30/20","11","0","21147","0"
"McLean","1","15","Kentucky","4/30/20","9","6","21149","66.67"
"Meade","1","12","Kentucky","4/30/20","3","9","21163","300"
"Menifee","0","3","Kentucky","4/30/20","3","0","21165","0"
"Mercer","0","11","Kentucky","4/30/20","11","0","21167","0"
"Metcalfe","0","1","Kentucky","4/30/20","0","1","21169","1"
"Monroe","0","5","Kentucky","4/30/20","3","2","21171","66.67"
"Montgomery","0","11","Kentucky","4/30/20","9","2","21173","22.22"
"Morgan","0","1","Kentucky","4/30/20","1","0","21175","0"
"Muhlenberg","7","123","Kentucky","4/30/20","72","51","21177","70.83"
"Nelson","1","22","Kentucky","4/30/20","14","8","21179","57.14"
"Nicholas","0","1","Kentucky","4/30/20","1","0","21181","0"
"Ohio","2","39","Kentucky","4/30/20","26","13","21183","50"
"Oldham","1","29","Kentucky","4/30/20","24","5","21185","20.83"
"Owen","0","1","Kentucky","4/30/20","0","1","21187","1"
"Owsley","0","2","Kentucky","4/30/20","2","0","21189","0"
"Pendleton","0","6","Kentucky","4/30/20","5","1","21191","20"
"Perry","1","12","Kentucky","4/30/20","3","9","21193","300"
"Pike","1","11","Kentucky","4/30/20","6","5","21195","83.33"
"Powell","0","1","Kentucky","4/30/20","1","0","21197","0"
"Pulaski","1","43","Kentucky","4/30/20","38","5","21199","13.16"
"Rockcastle","0","11","Kentucky","4/30/20","11","0","21203","0"
"Rowan","0","2","Kentucky","4/30/20","2","0","21205","0"
"Russell","0","16","Kentucky","4/30/20","16","0","21207","0"
"Scott","0","24","Kentucky","4/30/20","22","2","21209","9.09"
"Shelby","1","30","Kentucky","4/30/20","23","7","21211","30.43"
"Simpson","1","27","Kentucky","4/30/20","22","5","21213","22.73"
"Spencer","1","13","Kentucky","4/30/20","9","4","21215","44.44"
"Taylor","1","8","Kentucky","4/30/20","4","4","21217","100"
"Todd","0","12","Kentucky","4/30/20","9","3","21219","33.33"
"Trigg","1","9","Kentucky","4/30/20","4","5","21221","125"
"Trimble","0","3","Kentucky","4/30/20","2","1","21223","50"
"Union","0","8","Kentucky","4/30/20","8","0","21225","0"
"Warren","29","332","Kentucky","4/30/20","130","202","21227","155.38"
"Washington","0","5","Kentucky","4/30/20","4","1","21229","25"
"Wayne","0","9","Kentucky","4/30/20","6","3","21231","50"
"Webster","1","22","Kentucky","4/30/20","16","6","21233","37.5"
"Whitley","0","11","Kentucky","4/30/20","10","1","21235","10"
"Woodford","0","18","Kentucky","4/30/20","19","-1","21239","-5.26"
"Acadia","2","130","Louisiana","4/30/20","117","13","22001","11.11"
"Allen","1","90","Louisiana","4/30/20","81","9","22003","11.11"
"Ascension","8","593","Louisiana","4/30/20","536","57","22005","10.63"
"Assumption","3","182","Louisiana","4/30/20","158","24","22007","15.19"
"Avoyelles","0","71","Louisiana","4/30/20","71","0","22009","0"
"Beauregard","1","39","Louisiana","4/30/20","35","4","22011","11.43"
"Bienville","1","77","Louisiana","4/30/20","69","8","22013","11.59"
"Bossier","4","286","Louisiana","4/30/20","255","31","22015","12.16"
"Caddo","22","1540","Louisiana","4/30/20","1389","151","22017","10.87"
"Calcasieu","5","389","Louisiana","4/30/20","352","37","22019","10.51"
"Caldwell","0","18","Louisiana","4/30/20","17","1","22021","5.88"
"Cameron","0","3","Louisiana","4/30/20","3","0","22023","0"
"Catahoula","2","36","Louisiana","4/30/20","24","12","22025","50"
"Claiborne","1","59","Louisiana","4/30/20","50","9","22027","18"
"Concordia","2","38","Louisiana","4/30/20","27","11","22029","40.74"
"De Soto","2","190","Louisiana","4/30/20","176","14","22031","7.95"
"East Baton Rouge","34","1874","Louisiana","4/30/20","1636","238","22033","14.55"
"East Carroll","1","9","Louisiana","4/30/20","5","4","22035","80"
"East Feliciana","2","122","Louisiana","4/30/20","106","16","22037","15.09"
"Evangeline","1","49","Louisiana","4/30/20","44","5","22039","11.36"
"Franklin","2","125","Louisiana","4/30/20","108","17","22041","15.74"
"Grant","0","13","Louisiana","4/30/20","11","2","22043","18.18"
"Iberia","4","257","Louisiana","4/30/20","228","29","22045","12.72"
"Iberville","22","450","Louisiana","4/30/20","299","151","22047","50.5"
"Jackson","2","34","Louisiana","4/30/20","21","13","22049","61.9"
"Jefferson","38","6197","Louisiana","4/30/20","5929","268","22051","4.52"
"Jefferson Davis","1","62","Louisiana","4/30/20","57","5","22053","8.77"
"Lafayette","2","455","Louisiana","4/30/20","439","16","22055","3.64"
"Lafourche","7","651","Louisiana","4/30/20","603","48","22057","7.96"
"LaSalle","1","23","Louisiana","4/30/20","15","8","22059","53.33"
"Lincoln","3","85","Louisiana","4/30/20","62","23","22061","37.1"
"Livingston","5","197","Louisiana","4/30/20","165","32","22063","19.39"
"Madison","0","7","Louisiana","4/30/20","5","2","22065","40"
"Morehouse","1","52","Louisiana","4/30/20","45","7","22067","15.56"
"Natchitoches","3","84","Louisiana","4/30/20","62","22","22069","35.48"
"Orleans","27","6452","Louisiana","4/30/20","6263","189","22071","3.02"
"Ouachita","18","706","Louisiana","4/30/20","579","127","22073","21.93"
"Plaquemines","2","177","Louisiana","4/30/20","165","12","22075","7.27"
"Pointe Coupee","2","99","Louisiana","4/30/20","86","13","22077","15.12"
"Rapides","6","265","Louisiana","4/30/20","220","45","22079","20.45"
"Red River","0","25","Louisiana","4/30/20","22","3","22081","13.64"
"Richland","2","58","Louisiana","4/30/20","45","13","22083","28.89"
"Sabine","1","17","Louisiana","4/30/20","13","4","22085","30.77"
"St. Bernard","4","464","Louisiana","4/30/20","435","29","22087","6.67"
"St. Charles","6","570","Louisiana","4/30/20","529","41","22089","7.75"
"St. Helena","1","28","Louisiana","4/30/20","23","5","22091","21.74"
"St. James","2","246","Louisiana","4/30/20","235","11","22093","4.68"
"St. John the Baptist","7","768","Louisiana","4/30/20","721","47","22095","6.52"
"St. Landry","4","180","Louisiana","4/30/20","154","26","22097","16.88"
"St. Martin","3","232","Louisiana","4/30/20","210","22","22099","10.48"
"St. Mary","3","191","Louisiana","4/30/20","168","23","22101","13.69"
"St. Tammany","16","1220","Louisiana","4/30/20","1111","109","22103","9.81"
"Tangipahoa","7","553","Louisiana","4/30/20","501","52","22105","10.38"
"Tensas","0","1","Louisiana","4/30/20","1","0","22107","0"
"Terrebonne","11","437","Louisiana","4/30/20","357","80","22109","22.41"
"Union","4","117","Louisiana","4/30/20","89","28","22111","31.46"
"Vermilion","0","35","Louisiana","4/30/20","33","2","22113","6.06"
"Vernon","0","16","Louisiana","4/30/20","14","2","22115","14.29"
"Washington","5","262","Louisiana","4/30/20","225","37","22117","16.44"
"Webster","1","85","Louisiana","4/30/20","81","4","22119","4.94"
"West Baton Rouge","1","98","Louisiana","4/30/20","90","8","22121","8.89"
"West Carroll","0","4","Louisiana","4/30/20","4","0","22123","0"
"West Feliciana","4","115","Louisiana","4/30/20","84","31","22125","36.9"
"Winn","2","32","Louisiana","4/30/20","19","13","22127","68.42"
"Androscoggin","2","48","Maine","4/30/20","37","11","23001","29.73"
"Aroostook","0","5","Maine","4/30/20","3","2","23003","66.67"
"Cumberland","10","486","Maine","4/30/20","414","72","23005","17.39"
"Franklin","2","27","Maine","4/30/20","14","13","23007","92.86"
"Hancock","0","10","Maine","4/30/20","8","2","23009","25"
"Kennebec","1","104","Maine","4/30/20","100","4","23011","4"
"Knox","0","16","Maine","4/30/20","13","3","23013","23.08"
"Lincoln","0","13","Maine","4/30/20","12","1","23015","8.33"
"Oxford","0","15","Maine","4/30/20","14","1","23017","7.14"
"Penobscot","4","78","Maine","4/30/20","49","29","23019","59.18"
"Piscataquis","0","1","Maine","4/30/20","1","0","23021","0"
"Sagadahoc","0","19","Maine","4/30/20","17","2","23023","11.76"
"Somerset","0","17","Maine","4/30/20","16","1","23025","6.25"
"Waldo","0","48","Maine","4/30/20","47","1","23027","2.13"
"Washington","0","2","Maine","4/30/20","2","0","23029","0"
"York","2","205","Maine","4/30/20","190","15","23031","7.89"
"Allegany","6","118","Maryland","4/30/20","77","41","24001","53.25"
"Anne Arundel","62","1725","Maryland","4/30/20","1294","431","24003","33.31"
"Baltimore","100","2831","Maryland","4/30/20","2132","699","24005","32.79"
"Baltimore City","57","2068","Maryland","4/30/20","1672","396","24510","23.68"
"Calvert","4","150","Maryland","4/30/20","121","29","24009","23.97"
"Caroline","3","71","Maryland","4/30/20","50","21","24011","42"
"Carroll","12","436","Maryland","4/30/20","355","81","24013","22.82"
"Cecil","4","167","Maryland","4/30/20","140","27","24015","19.29"
"Charles","17","564","Maryland","4/30/20","442","122","24017","27.6"
"Dorchester","3","51","Maryland","4/30/20","31","20","24019","64.52"
"Frederick","33","918","Maryland","4/30/20","690","228","24021","33.04"
"Garrett","0","4","Maryland","4/30/20","4","0","24023","0"
"Harford","19","414","Maryland","4/30/20","280","134","24025","47.86"
"Howard","36","867","Maryland","4/30/20","618","249","24027","40.29"
"Kent","2","79","Maryland","4/30/20","64","15","24029","23.44"
"Montgomery","177","4300","Maryland","4/30/20","3060","1240","24031","40.52"
"Prince George's","272","6043","Maryland","4/30/20","4141","1902","24033","45.93"
"Queen Anne's","3","52","Maryland","4/30/20","33","19","24035","57.58"
"Somerset","2","26","Maryland","4/30/20","12","14","24039","116.67"
"St. Mary's","5","150","Maryland","4/30/20","115","35","24037","30.43"
"Talbot","1","35","Maryland","4/30/20","25","10","24041","40"
"Washington","10","206","Maryland","4/30/20","139","67","24043","48.2"
"Wicomico","29","406","Maryland","4/30/20","203","203","24045","100"
"Worcester","3","61","Maryland","4/30/20","39","22","24047","56.41"
"Barnstable","24","886","Massachusetts","4/30/20","720","166","25001","23.06"
"Berkshire","3","449","Massachusetts","4/30/20","425","24","25003","5.65"
"Bristol","201","3631","Massachusetts","4/30/20","2222","1409","25005","63.41"
"Dukes and Nantucket","1","30","Massachusetts","4/30/20","25","5","00000","20"
"Essex","355","8813","Massachusetts","4/30/20","6325","2488","25009","39.34"
"Franklin","8","262","Massachusetts","4/30/20","208","54","25011","25.96"
"Hampden","135","3819","Massachusetts","4/30/20","2871","948","25013","33.02"
"Hampshire","26","560","Massachusetts","4/30/20","380","180","25015","47.37"
"Middlesex","506","14420","Massachusetts","4/30/20","10877","3543","25017","32.57"
"Norfolk","202","6054","Massachusetts","4/30/20","4641","1413","25021","30.45"
"Plymouth","230","5180","Massachusetts","4/30/20","3573","1607","25023","44.98"
"Suffolk","456","13051","Massachusetts","4/30/20","9859","3192","25025","32.38"
"Worcester","254","5630","Massachusetts","4/30/20","3854","1776","25027","46.08"
"Alcona","0","7","Michigan","4/30/20","6","1","26001","16.67"
"Allegan","6","120","Michigan","4/30/20","75","45","26005","60"
"Alpena","5","89","Michigan","4/30/20","52","37","26007","71.15"
"Antrim","0","11","Michigan","4/30/20","10","1","26009","10"
"Arenac","1","28","Michigan","4/30/20","18","10","26011","55.56"
"Barry","2","45","Michigan","4/30/20","34","11","26015","32.35"
"Bay","7","168","Michigan","4/30/20","119","49","26017","41.18"
"Benzie","0","6","Michigan","4/30/20","4","2","26019","50"
"Berrien","9","352","Michigan","4/30/20","289","63","26021","21.8"
"Branch","3","68","Michigan","4/30/20","49","19","26023","38.78"
"Calhoun","8","254","Michigan","4/30/20","200","54","26025","27"
"Cass","1","40","Michigan","4/30/20","32","8","26027","25"
"Charlevoix","0","14","Michigan","4/30/20","14","0","26029","0"
"Cheboygan","1","24","Michigan","4/30/20","19","5","26031","26.32"
"Chippewa","0","3","Michigan","4/30/20","2","1","26033","50"
"Clare","0","11","Michigan","4/30/20","10","1","26035","10"
"Clinton","3","128","Michigan","4/30/20","110","18","26037","16.36"
"Crawford","2","58","Michigan","4/30/20","47","11","26039","23.4"
"Delta","0","14","Michigan","4/30/20","13","1","26041","7.69"
"Dickinson","0","3","Michigan","4/30/20","3","0","26043","0"
"Eaton","3","148","Michigan","4/30/20","125","23","26045","18.4"
"Emmet","0","25","Michigan","4/30/20","25","0","26047","0"
"Federal Correctional Institution (FCI)","3","88","Michigan","4/30/20","66","22","00000","33.33"
"Genesee","37","1704","Michigan","4/30/20","1446","258","26049","17.84"
"Gladwin","1","15","Michigan","4/30/20","10","5","26051","50"
"Gogebic","0","4","Michigan","4/30/20","4","0","26053","0"
"Grand Traverse","0","20","Michigan","4/30/20","20","0","26055","0"
"Gratiot","1","15","Michigan","4/30/20","9","6","26057","66.67"
"Hillsdale","4","127","Michigan","4/30/20","100","27","26059","27"
"Houghton","0","2","Michigan","4/30/20","2","0","26061","0"
"Huron","1","24","Michigan","4/30/20","16","8","26063","50"
"Ingham","15","490","Michigan","4/30/20","387","103","26065","26.61"
"Ionia","7","82","Michigan","4/30/20","36","46","26067","127.78"
"Iosco","5","63","Michigan","4/30/20","25","38","26069","152"
"Isabella","1","76","Michigan","4/30/20","69","7","26073","10.14"
"Jackson","10","384","Michigan","4/30/20","315","69","26075","21.9"
"Kalamazoo","21","400","Michigan","4/30/20","251","149","26077","59.36"
"Kalkaska","0","27","Michigan","4/30/20","27","0","26079","0"
"Kent","101","1615","Michigan","4/30/20","907","708","26081","78.06"
"Lake","0","3","Michigan","4/30/20","3","0","26085","0"
"Lapeer","2","180","Michigan","4/30/20","167","13","26087","7.78"
"Leelanau","0","9","Michigan","4/30/20","8","1","26089","12.5"
"Lenawee","3","119","Michigan","4/30/20","100","19","26091","19"
"Livingston","5","393","Michigan","4/30/20","361","32","26093","8.86"
"Luce","0","1","Michigan","4/30/20","1","0","26095","0"
"Mackinac","0","6","Michigan","4/30/20","5","1","26097","20"
"Macomb","97","5556","Michigan","4/30/20","4876","680","26099","13.95"
"Manistee","0","12","Michigan","4/30/20","13","-1","26101","-7.69"
"Marquette","2","46","Michigan","4/30/20","35","11","26103","31.43"
"Mason","1","14","Michigan","4/30/20","8","6","26105","75"
"Mecosta","0","17","Michigan","4/30/20","16","1","26107","6.25"
"Menominee","0","5","Michigan","4/30/20","2","3","26109","150"
"Michigan Department of Corrections (MDOC)","99","1453","Michigan","4/30/20","759","694","00000","91.44"
"Midland","2","90","Michigan","4/30/20","74","16","26111","21.62"
"Missaukee","1","21","Michigan","4/30/20","16","5","26113","31.25"
"Monroe","6","306","Michigan","4/30/20","267","39","26115","14.61"
"Montcalm","2","42","Michigan","4/30/20","29","13","26117","44.83"
"Montmorency","0","5","Michigan","4/30/20","5","0","26119","0"
"Muskegon","12","276","Michigan","4/30/20","191","85","26121","44.5"
"Newaygo","1","24","Michigan","4/30/20","14","10","26123","71.43"
"Oakland","117","7998","Michigan","4/30/20","7176","822","26125","11.45"
"Oceana","1","13","Michigan","4/30/20","4","9","26127","225"
"Ogemaw","1","17","Michigan","4/30/20","9","8","26129","88.89"
"Osceola","0","10","Michigan","4/30/20","10","0","26133","0"
"Oscoda","0","5","Michigan","4/30/20","4","1","26135","25"
"Otsego","1","109","Michigan","4/30/20","100","9","26137","9"
"Ottawa","11","271","Michigan","4/30/20","193","78","26139","40.41"
"Out of MI","-1","32","Michigan","4/30/20","39","-7","80026","-17.95"
"Presque Isle","0","11","Michigan","4/30/20","8","3","26141","37.5"
"Roscommon","1","18","Michigan","4/30/20","13","5","26143","38.46"
"Saginaw","23","672","Michigan","4/30/20","509","163","26145","32.02"
"Sanilac","0","36","Michigan","4/30/20","35","1","26151","2.86"
"Schoolcraft","0","3","Michigan","4/30/20","3","0","26153","0"
"Shiawassee","8","193","Michigan","4/30/20","137","56","26155","40.88"
"St. Clair","6","371","Michigan","4/30/20","326","45","26147","13.8"
"St. Joseph","1","33","Michigan","4/30/20","27","6","26149","22.22"
"Tuscola","4","107","Michigan","4/30/20","78","29","26157","37.18"
"Van Buren","2","63","Michigan","4/30/20","48","15","26159","31.25"
"Washtenaw","18","1188","Michigan","4/30/20","1063","125","26161","11.76"
"Wayne","262","16986","Michigan","4/30/20","15154","1832","26163","12.09"
"Wexford","0","11","Michigan","4/30/20","9","2","26165","22.22"
"Aitkin","0","1","Minnesota","4/30/20","1","0","27001","0"
"Anoka","12","212","Minnesota","4/30/20","131","81","27003","61.83"
"Becker","0","2","Minnesota","4/30/20","2","0","27005","0"
"Beltrami","0","6","Minnesota","4/30/20","6","0","27007","0"
"Benton","2","15","Minnesota","4/30/20","4","11","27009","275"
"Big Stone","0","2","Minnesota","4/30/20","1","1","27011","100"
"Blue Earth","2","38","Minnesota","4/30/20","26","12","27013","46.15"
"Brown","0","8","Minnesota","4/30/20","8","0","27015","0"
"Carlton","3","59","Minnesota","4/30/20","38","21","27017","55.26"
"Carver","1","21","Minnesota","4/30/20","15","6","27019","40"
"Cass","0","5","Minnesota","4/30/20","5","0","27021","0"
"Chippewa","0","2","Minnesota","4/30/20","1","1","27023","100"
"Chisago","1","11","Minnesota","4/30/20","7","4","27025","57.14"
"Clay","10","157","Minnesota","4/30/20","84","73","27027","86.9"
"Clearwater","0","2","Minnesota","4/30/20","2","0","27029","0"
"Cottonwood","2","20","Minnesota","4/30/20","6","14","27033","233.33"
"Crow Wing","0","20","Minnesota","4/30/20","20","0","27035","0"
"Dakota","4","162","Minnesota","4/30/20","131","31","27037","23.66"
"Dodge","0","21","Minnesota","4/30/20","18","3","27039","16.67"
"Douglas","0","2","Minnesota","4/30/20","2","0","27041","0"
"Faribault","0","5","Minnesota","4/30/20","4","1","27043","25"
"Fillmore","0","12","Minnesota","4/30/20","12","0","27045","0"
"Freeborn","0","34","Minnesota","4/30/20","33","1","27047","3.03"
"Goodhue","0","19","Minnesota","4/30/20","19","0","27049","0"
"Hennepin","87","1738","Minnesota","4/30/20","1132","606","27053","53.53"
"Houston","0","1","Minnesota","4/30/20","1","0","27055","0"
"Isanti","0","6","Minnesota","4/30/20","6","0","27059","0"
"Itasca","0","5","Minnesota","4/30/20","2","3","27061","150"
"Jackson","1","14","Minnesota","4/30/20","5","9","27063","180"
"Kandiyohi","12","91","Minnesota","4/30/20","4","87","27067","2175"
"Kittson","0","1","Minnesota","4/30/20","1","0","27069","0"
"Koochiching","0","1","Minnesota","4/30/20","1","0","27071","0"
"Lac qui Parle","0","1","Minnesota","4/30/20","1","0","27073","0"
"Le Sueur","0","24","Minnesota","4/30/20","22","2","27079","9.09"
"Lincoln","0","3","Minnesota","4/30/20","2","1","27081","50"
"Lyon","0","7","Minnesota","4/30/20","6","1","27083","16.67"
"Mahnomen","0","2","Minnesota","4/30/20","1","1","27087","100"
"Marshall","0","1","Minnesota","4/30/20","1","0","27089","0"
"Martin","7","88","Minnesota","4/30/20","41","47","27091","114.63"
"McLeod","0","4","Minnesota","4/30/20","3","1","27085","33.33"
"Meeker","1","11","Minnesota","4/30/20","3","8","27093","266.67"
"Mille Lacs","0","2","Minnesota","4/30/20","1","1","27095","100"
"Morrison","1","5","Minnesota","4/30/20","1","4","27097","400"
"Mower","0","28","Minnesota","4/30/20","27","1","27099","3.7"
"Murray","1","13","Minnesota","4/30/20","4","9","27101","225"
"Nicollet","0","11","Minnesota","4/30/20","8","3","27103","37.5"
"Nobles","78","742","Minnesota","4/30/20","196","546","27105","278.57"
"Norman","0","8","Minnesota","4/30/20","6","2","27107","33.33"
"Olmsted","7","265","Minnesota","4/30/20","213","52","27109","24.41"
"Otter Tail","0","9","Minnesota","4/30/20","6","3","27111","50"
"Pennington","0","1","Minnesota","4/30/20","1","0","27113","0"
"Pine","4","56","Minnesota","4/30/20","26","30","27115","115.38"
"Pipestone","0","2","Minnesota","4/30/20","2","0","27117","0"
"Polk","1","27","Minnesota","4/30/20","19","8","27119","42.11"
"Ramsey","20","374","Minnesota","4/30/20","235","139","27123","59.15"
"Red Lake","0","1","Minnesota","4/30/20","1","0","27125","0"
"Redwood","0","2","Minnesota","4/30/20","1","1","27127","100"
"Renville","0","4","Minnesota","4/30/20","3","1","27129","33.33"
"Rice","1","14","Minnesota","4/30/20","8","6","27131","75"
"Rock","1","11","Minnesota","4/30/20","5","6","27133","120"
"Roseau","0","1","Minnesota","4/30/20","1","0","27135","0"
"Scott","2","44","Minnesota","4/30/20","29","15","27139","51.72"
"Sherburne","2","28","Minnesota","4/30/20","15","13","27141","86.67"
"Sibley","0","2","Minnesota","4/30/20","1","1","27143","100"
"St. Louis","2","71","Minnesota","4/30/20","58","13","27137","22.41"
"Stearns","35","267","Minnesota","4/30/20","25","242","27145","968"
"Steele","1","16","Minnesota","4/30/20","10","6","27147","60"
"Swift","0","2","Minnesota","4/30/20","1","1","27151","100"
"Todd","1","7","Minnesota","4/30/20","3","4","27153","133.33"
"Traverse","0","2","Minnesota","4/30/20","2","0","27155","0"
"Wabasha","0","8","Minnesota","4/30/20","8","0","27157","0"
"Wadena","0","1","Minnesota","4/30/20","0","1","27159","1"
"Waseca","0","4","Minnesota","4/30/20","3","1","27161","33.33"
"Washington","4","131","Minnesota","4/30/20","100","31","27163","31"
"Watonwan","1","11","Minnesota","4/30/20","4","7","27165","175"
"Wilkin","0","12","Minnesota","4/30/20","11","1","27167","9.09"
"Winona","1","66","Minnesota","4/30/20","62","4","27169","6.45"
"Wright","1","42","Minnesota","4/30/20","32","10","27171","31.25"
"Yellow Medicine","0","3","Minnesota","4/30/20","3","0","27173","0"
"Adams","5","133","Mississippi","4/30/20","101","32","28001","31.68"
"Alcorn","0","10","Mississippi","4/30/20","8","2","28003","25"
"Amite","1","29","Mississippi","4/30/20","24","5","28005","20.83"
"Attala","5","99","Mississippi","4/30/20","62","37","28007","59.68"
"Benton","0","11","Mississippi","4/30/20","9","2","28009","22.22"
"Bolivar","2","102","Mississippi","4/30/20","89","13","28011","14.61"
"Calhoun","1","50","Mississippi","4/30/20","43","7","28013","16.28"
"Carroll","3","38","Mississippi","4/30/20","15","23","28015","153.33"
"Chickasaw","2","68","Mississippi","4/30/20","52","16","28017","30.77"
"Choctaw","0","13","Mississippi","4/30/20","13","0","28019","0"
"Claiborne","1","22","Mississippi","4/30/20","12","10","28021","83.33"
"Clarke","2","54","Mississippi","4/30/20","37","17","28023","45.95"
"Clay","2","40","Mississippi","4/30/20","28","12","28025","42.86"
"Coahoma","1","61","Mississippi","4/30/20","53","8","28027","15.09"
"Copiah","5","96","Mississippi","4/30/20","59","37","28029","62.71"
"Covington","3","62","Mississippi","4/30/20","40","22","28031","55"
"DeSoto","4","282","Mississippi","4/30/20","252","30","28033","11.9"
"Forrest","6","207","Mississippi","4/30/20","164","43","28035","26.22"
"Franklin","0","16","Mississippi","4/30/20","17","-1","28037","-5.88"
"George","0","13","Mississippi","4/30/20","10","3","28039","30"
"Greene","0","5","Mississippi","4/30/20","4","1","28041","25"
"Grenada","0","28","Mississippi","4/30/20","27","1","28043","3.7"
"Hancock","1","62","Mississippi","4/30/20","55","7","28045","12.73"
"Harrison","3","174","Mississippi","4/30/20","152","22","28047","14.47"
"Hinds","12","470","Mississippi","4/30/20","383","87","28049","22.72"
"Holmes","7","133","Mississippi","4/30/20","83","50","28051","60.24"
"Humphreys","1","23","Mississippi","4/30/20","14","9","28053","64.29"
"Itawamba","4","57","Mississippi","4/30/20","30","27","28057","90"
"Jackson","4","259","Mississippi","4/30/20","228","31","28059","13.6"
"Jasper","2","42","Mississippi","4/30/20","27","15","28061","55.56"
"Jefferson","2","18","Mississippi","4/30/20","5","13","28063","260"
"Jefferson Davis","3","32","Mississippi","4/30/20","13","19","28065","146.15"
"Jones","7","143","Mississippi","4/30/20","94","49","28067","52.13"
"Kemper","4","57","Mississippi","4/30/20","27","30","28069","111.11"
"Lafayette","1","89","Mississippi","4/30/20","81","8","28071","9.88"
"Lamar","3","103","Mississippi","4/30/20","79","24","28073","30.38"
"Lauderdale","14","349","Mississippi","4/30/20","249","100","28075","40.16"
"Lawrence","3","45","Mississippi","4/30/20","25","20","28077","80"
"Leake","12","204","Mississippi","4/30/20","118","86","28079","72.88"
"Lee","0","69","Mississippi","4/30/20","66","3","28081","4.55"
"Leflore","4","148","Mississippi","4/30/20","119","29","28083","24.37"
"Lincoln","2","141","Mississippi","4/30/20","125","16","28085","12.8"
"Lowndes","3","54","Mississippi","4/30/20","36","18","28087","50"
"Madison","9","229","Mississippi","4/30/20","165","64","28089","38.79"
"Marion","3","72","Mississippi","4/30/20","53","19","28091","35.85"
"Marshall","0","43","Mississippi","4/30/20","40","3","28093","7.5"
"Monroe","7","157","Mississippi","4/30/20","109","48","28095","44.04"
"Montgomery","2","28","Mississippi","4/30/20","16","12","28097","75"
"Neshoba","12","187","Mississippi","4/30/20","102","85","28099","83.33"
"Newton","5","81","Mississippi","4/30/20","45","36","28101","80"
"Noxubee","5","66","Mississippi","4/30/20","29","37","28103","127.59"
"Oktibbeha","1","51","Mississippi","4/30/20","45","6","28105","13.33"
"Panola","0","39","Mississippi","4/30/20","38","1","28107","2.63"
"Pearl River","3","163","Mississippi","4/30/20","142","21","28109","14.79"
"Perry","1","27","Mississippi","4/30/20","23","4","28111","17.39"
"Pike","3","148","Mississippi","4/30/20","126","22","28113","17.46"
"Pontotoc","0","18","Mississippi","4/30/20","18","0","28115","0"
"Prentiss","0","32","Mississippi","4/30/20","29","3","28117","10.34"
"Quitman","0","14","Mississippi","4/30/20","14","0","28119","0"
"Rankin","5","186","Mississippi","4/30/20","153","33","28121","21.57"
"Scott","20","316","Mississippi","4/30/20","177","139","28123","78.53"
"Sharkey","0","5","Mississippi","4/30/20","4","1","28125","25"
"Simpson","2","46","Mississippi","4/30/20","33","13","28127","39.39"
"Smith","3","74","Mississippi","4/30/20","53","21","28129","39.62"
"Stone","0","22","Mississippi","4/30/20","22","0","28131","0"
"Sunflower","0","53","Mississippi","4/30/20","51","2","28133","3.92"
"Tallahatchie","0","11","Mississippi","4/30/20","9","2","28135","22.22"
"Tate","1","41","Mississippi","4/30/20","35","6","28137","17.14"
"Tippah","1","54","Mississippi","4/30/20","49","5","28139","10.2"
"Tishomingo","0","7","Mississippi","4/30/20","5","2","28141","40"
"Tunica","0","35","Mississippi","4/30/20","34","1","28143","2.94"
"Union","0","17","Mississippi","4/30/20","14","3","28145","21.43"
"Walthall","1","31","Mississippi","4/30/20","27","4","28147","14.81"
"Warren","5","68","Mississippi","4/30/20","32","36","28149","112.5"
"Washington","1","77","Mississippi","4/30/20","71","6","28151","8.45"
"Wayne","1","23","Mississippi","4/30/20","17","6","28153","35.29"
"Webster","0","18","Mississippi","4/30/20","16","2","28155","12.5"
"Wilkinson","1","69","Mississippi","4/30/20","65","4","28157","6.15"
"Winston","1","42","Mississippi","4/30/20","37","5","28159","13.51"
"Yalobusha","0","19","Mississippi","4/30/20","17","2","28161","11.76"
"Yazoo","4","135","Mississippi","4/30/20","110","25","28163","22.73"
"Adair","0","12","Missouri","4/30/20","12","0","29001","0"
"Andrew","0","2","Missouri","4/30/20","1","1","29003","100"
"Atchison","0","2","Missouri","4/30/20","2","0","29005","0"
"Audrain","0","1","Missouri","4/30/20","1","0","29007","0"
"Barry","0","6","Missouri","4/30/20","5","1","29009","20"
"Bates","0","6","Missouri","4/30/20","6","0","29013","0"
"Benton","1","8","Missouri","4/30/20","4","4","29015","100"
"Bollinger","0","4","Missouri","4/30/20","3","1","29017","33.33"
"Boone","0","100","Missouri","4/30/20","98","2","29019","2.04"
"Buchanan","6","87","Missouri","4/30/20","43","44","29021","102.33"
"Butler","0","26","Missouri","4/30/20","26","0","29023","0"
"Caldwell","0","3","Missouri","4/30/20","2","1","29025","50"
"Callaway","0","22","Missouri","4/30/20","21","1","29027","4.76"
"Camden","0","35","Missouri","4/30/20","35","0","29029","0"
"Cape Girardeau","1","49","Missouri","4/30/20","42","7","29031","16.67"
"Carroll","0","3","Missouri","4/30/20","1","2","29033","200"
"Carter","0","3","Missouri","4/30/20","3","0","29035","0"
"Cass","1","62","Missouri","4/30/20","55","7","29037","12.73"
"Cedar","0","5","Missouri","4/30/20","5","0","29039","0"
"Chariton","0","5","Missouri","4/30/20","4","1","29041","25"
"Christian","0","19","Missouri","4/30/20","19","0","29043","0"
"Clark","0","1","Missouri","4/30/20","1","0","29045","0"
"Clay","1","70","Missouri","4/30/20","62","8","29047","12.9"
"Clinton","0","11","Missouri","4/30/20","11","0","29049","0"
"Cole","1","51","Missouri","4/30/20","47","4","29051","8.51"
"Cooper","0","7","Missouri","4/30/20","5","2","29053","40"
"Crawford","0","8","Missouri","4/30/20","6","2","29055","33.33"
"Dallas","0","2","Missouri","4/30/20","2","0","29059","0"
"Daviess","0","2","Missouri","4/30/20","2","0","29061","0"
"DeKalb","0","3","Missouri","4/30/20","3","0","29063","0"
"Dunklin","0","21","Missouri","4/30/20","19","2","29069","10.53"
"Franklin","1","114","Missouri","4/30/20","105","9","29071","8.57"
"Gasconade","0","2","Missouri","4/30/20","2","0","29073","0"
"Gentry","0","1","Missouri","4/30/20","1","0","29075","0"
"Greene","1","96","Missouri","4/30/20","92","4","29077","4.35"
"Harrison","0","6","Missouri","4/30/20","6","0","29081","0"
"Henry","0","8","Missouri","4/30/20","6","2","29083","33.33"
"Holt","0","1","Missouri","4/30/20","1","0","29087","0"
"Howard","0","2","Missouri","4/30/20","2","0","29089","0"
"Howell","0","5","Missouri","4/30/20","5","0","29091","0"
"Iron","0","2","Missouri","4/30/20","2","0","29093","0"
"Jackson","4","315","Missouri","4/30/20","287","28","29095","9.76"
"Jasper","-1","24","Missouri","4/30/20","30","-6","29097","-20"
"Jefferson","4","274","Missouri","4/30/20","244","30","29099","12.3"
"Johnson","0","54","Missouri","4/30/20","52","2","29101","3.85"
"Kansas City","12","545","Missouri","4/30/20","461","84","00000","18.22"
"Lafayette","1","37","Missouri","4/30/20","33","4","29107","12.12"
"Lewis","0","6","Missouri","4/30/20","6","0","29111","0"
"Lincoln","2","70","Missouri","4/30/20","58","12","29113","20.69"
"Linn","0","5","Missouri","4/30/20","5","0","29115","0"
"Livingston","0","2","Missouri","4/30/20","2","0","29117","0"
"Macon","0","2","Missouri","4/30/20","2","0","29121","0"
"Madison","0","1","Missouri","4/30/20","1","0","29123","0"
"Maries","0","2","Missouri","4/30/20","2","0","29125","0"
"Marion","0","5","Missouri","4/30/20","4","1","29127","25"
"McDonald","0","4","Missouri","4/30/20","5","-1","29119","-20"
"Miller","0","1","Missouri","4/30/20","1","0","29131","0"
"Mississippi","4","29","Missouri","4/30/20","3","26","29133","866.67"
"Moniteau","-1","52","Missouri","4/30/20","59","-7","29135","-11.86"
"Montgomery","0","7","Missouri","4/30/20","7","0","29139","0"
"Morgan","0","3","Missouri","4/30/20","3","0","29141","0"
"New Madrid","0","9","Missouri","4/30/20","9","0","29143","0"
"Newton","0","10","Missouri","4/30/20","10","0","29145","0"
"Nodaway","0","3","Missouri","4/30/20","3","0","29147","0"
"Oregon","0","1","Missouri","4/30/20","1","0","29149","0"
"Osage","0","5","Missouri","4/30/20","5","0","29151","0"
"Pemiscot","1","28","Missouri","4/30/20","18","10","29155","55.56"
"Perry","1","43","Missouri","4/30/20","38","5","29157","13.16"
"Pettis","3","35","Missouri","4/30/20","16","19","29159","118.75"
"Phelps","0","2","Missouri","4/30/20","1","1","29161","100"
"Pike","1","11","Missouri","4/30/20","6","5","29163","83.33"
"Platte","1","32","Missouri","4/30/20","28","4","29165","14.29"
"Polk","0","1","Missouri","4/30/20","1","0","29167","0"
"Pulaski","1","34","Missouri","4/30/20","30","4","29169","13.33"
"Ralls","0","1","Missouri","4/30/20","1","0","29173","0"
"Randolph","0","8","Missouri","4/30/20","8","0","29175","0"
"Ray","0","12","Missouri","4/30/20","10","2","29177","20"
"Reynolds","0","2","Missouri","4/30/20","2","0","29179","0"
"Ripley","0","5","Missouri","4/30/20","4","1","29181","25"
"Saline","9","188","Missouri","4/30/20","123","65","29195","52.85"
"Scotland","0","4","Missouri","4/30/20","4","0","29199","0"
"Scott","1","64","Missouri","4/30/20","59","5","29201","8.47"
"Shelby","0","1","Missouri","4/30/20","1","0","29205","0"
"St. Charles","16","596","Missouri","4/30/20","487","109","29183","22.38"
"St. Clair","0","2","Missouri","4/30/20","2","0","29185","0"
"St. Francois","0","28","Missouri","4/30/20","26","2","29187","7.69"
"St. Louis","80","3274","Missouri","4/30/20","2712","562","29189","20.72"
"St. Louis City","26","1145","Missouri","4/30/20","966","179","29510","18.53"
"Ste. Genevieve","0","7","Missouri","4/30/20","7","0","29186","0"
"Stoddard","0","19","Missouri","4/30/20","19","0","29207","0"
"Stone","0","3","Missouri","4/30/20","3","0","29209","0"
"Taney","0","11","Missouri","4/30/20","10","1","29213","10"
"Vernon","0","4","Missouri","4/30/20","4","0","29217","0"
"Warren","0","22","Missouri","4/30/20","22","0","29219","0"
"Washington","0","8","Missouri","4/30/20","7","1","29221","14.29"
"Webster","0","15","Missouri","4/30/20","13","2","29225","15.38"
"Worth","0","1","Missouri","4/30/20","1","0","29227","0"
"Wright","0","10","Missouri","4/30/20","9","1","29229","11.11"
"Beaverhead","0","1","Montana","4/30/20","1","0","30001","0"
"Big Horn","0","3","Montana","4/30/20","3","0","30003","0"
"Broadwater","0","4","Montana","4/30/20","4","0","30007","0"
"Carbon","0","6","Montana","4/30/20","6","0","30009","0"
"Cascade","0","15","Montana","4/30/20","13","2","30013","15.38"
"Deer Lodge","0","3","Montana","4/30/20","3","0","30023","0"
"Fergus","0","1","Montana","4/30/20","0","1","30027","1"
"Flathead","0","37","Montana","4/30/20","37","0","30029","0"
"Gallatin","0","146","Montana","4/30/20","146","0","30031","0"
"Glacier","0","6","Montana","4/30/20","4","2","30035","50"
"Golden Valley","0","3","Montana","4/30/20","3","0","30037","0"
"Hill","0","1","Montana","4/30/20","1","0","30041","0"
"Jefferson","0","2","Montana","4/30/20","2","0","30043","0"
"Lake","0","5","Montana","4/30/20","5","0","30047","0"
"Lewis and Clark","0","16","Montana","4/30/20","16","0","30049","0"
"Liberty","0","1","Montana","4/30/20","1","0","30051","0"
"Lincoln","0","7","Montana","4/30/20","7","0","30053","0"
"Madison","0","8","Montana","4/30/20","8","0","30057","0"
"Meagher","0","1","Montana","4/30/20","1","0","30059","0"
"Missoula","0","39","Montana","4/30/20","39","0","30063","0"
"Musselshell","0","1","Montana","4/30/20","1","0","30065","0"
"Park","0","8","Montana","4/30/20","7","1","30067","14.29"
"Pondera","0","2","Montana","4/30/20","2","0","30073","0"
"Ravalli","0","5","Montana","4/30/20","5","0","30081","0"
"Richland","0","3","Montana","4/30/20","3","0","30083","0"
"Roosevelt","0","7","Montana","4/30/20","7","0","30085","0"
"Silver Bow","0","11","Montana","4/30/20","11","0","30093","0"
"Stillwater","0","1","Montana","4/30/20","1","0","30095","0"
"Toole","0","29","Montana","4/30/20","29","0","30101","0"
"Wheatland","0","1","Montana","4/30/20","0","1","30107","1"
"Yellowstone","1","80","Montana","4/30/20","76","4","30111","5.26"
"Adams","8","164","Nebraska","4/30/20","111","53","31001","47.75"
"Antelope","0","2","Nebraska","4/30/20","1","1","31003","100"
"Box Butte","0","1","Nebraska","4/30/20","1","0","31013","0"
"Buffalo","4","101","Nebraska","4/30/20","70","31","31019","44.29"
"Burt","0","3","Nebraska","4/30/20","1","2","31021","200"
"Butler","0","4","Nebraska","4/30/20","1","3","31023","300"
"Cass","0","5","Nebraska","4/30/20","4","1","31025","25"
"Cedar","1","4","Nebraska","4/30/20","0","4","31027","1"
"Cherry","0","1","Nebraska","4/30/20","1","0","31031","0"
"Cheyenne","0","6","Nebraska","4/30/20","5","1","31033","20"
"Clay","1","9","Nebraska","4/30/20","4","5","31035","125"
"Colfax","9","69","Nebraska","4/30/20","6","63","31037","1050"
"Cuming","0","6","Nebraska","4/30/20","3","3","31039","100"
"Custer","0","23","Nebraska","4/30/20","20","3","31041","15"
"Dakota","59","656","Nebraska","4/30/20","246","410","31043","166.67"
"Dawes","0","2","Nebraska","4/30/20","0","2","31045","1"
"Dawson","29","456","Nebraska","4/30/20","256","200","31047","78.12"
"Dixon","1","7","Nebraska","4/30/20","1","6","31051","600"
"Dodge","2","55","Nebraska","4/30/20","41","14","31053","34.15"
"Douglas","47","656","Nebraska","4/30/20","327","329","31055","100.61"
"Fillmore","0","1","Nebraska","4/30/20","1","0","31059","0"
"Franklin","0","5","Nebraska","4/30/20","3","2","31061","66.67"
"Frontier","0","1","Nebraska","4/30/20","0","1","31063","1"
"Furnas","0","3","Nebraska","4/30/20","2","1","31065","50"
"Gage","1","36","Nebraska","4/30/20","28","8","31067","28.57"
"Gosper","0","9","Nebraska","4/30/20","8","1","31073","12.5"
"Greeley","0","2","Nebraska","4/30/20","1","1","31077","100"
"Hall","54","1025","Nebraska","4/30/20","647","378","31079","58.42"
"Hamilton","2","42","Nebraska","4/30/20","28","14","31081","50"
"Hitchcock","0","1","Nebraska","4/30/20","0","1","31087","1"
"Howard","0","12","Nebraska","4/30/20","9","3","31093","33.33"
"Jefferson","1","4","Nebraska","4/30/20","0","4","31095","1"
"Johnson","0","4","Nebraska","4/30/20","2","2","31097","100"
"Kearney","0","4","Nebraska","4/30/20","4","0","31099","0"
"Kimball","0","9","Nebraska","4/30/20","9","0","31105","0"
"Knox","0","2","Nebraska","4/30/20","2","0","31107","0"
"Lancaster","19","240","Nebraska","4/30/20","106","134","31109","126.42"
"Lincoln","1","25","Nebraska","4/30/20","18","7","31111","38.89"
"Madison","10","115","Nebraska","4/30/20","44","71","31119","161.36"
"Merrick","0","12","Nebraska","4/30/20","9","3","31121","33.33"
"Morrill","0","1","Nebraska","4/30/20","1","0","31123","0"
"Nance","0","2","Nebraska","4/30/20","1","1","31125","100"
"Nemaha","0","1","Nebraska","4/30/20","1","0","31127","0"
"Otoe","0","1","Nebraska","4/30/20","1","0","31131","0"
"Phelps","1","5","Nebraska","4/30/20","1","4","31137","400"
"Pierce","0","1","Nebraska","4/30/20","1","0","31139","0"
"Platte","10","83","Nebraska","4/30/20","11","72","31141","654.55"
"Polk","0","7","Nebraska","4/30/20","6","1","31143","16.67"
"Red Willow","0","3","Nebraska","4/30/20","1","2","31145","200"
"Saline","16","129","Nebraska","4/30/20","20","109","31151","545"
"Sarpy","9","122","Nebraska","4/30/20","61","61","31153","100"
"Saunders","0","9","Nebraska","4/30/20","8","1","31155","12.5"
"Scotts Bluff","1","29","Nebraska","4/30/20","23","6","31157","26.09"
"Seward","0","8","Nebraska","4/30/20","5","3","31159","60"
"Sherman","0","1","Nebraska","4/30/20","0","1","31163","1"
"Stanton","0","5","Nebraska","4/30/20","2","3","31167","150"
"Thurston","0","4","Nebraska","4/30/20","1","3","31173","300"
"Valley","0","1","Nebraska","4/30/20","0","1","31175","1"
"Washington","0","22","Nebraska","4/30/20","21","1","31177","4.76"
"Wayne","0","1","Nebraska","4/30/20","1","0","31179","0"
"Webster","0","4","Nebraska","4/30/20","2","2","31181","100"
"York","1","12","Nebraska","4/30/20","7","5","31185","71.43"
"Carson City","2","45","Nevada","4/30/20","31","14","32510","45.16"
"Churchill","0","3","Nevada","4/30/20","3","0","32001","0"
"Clark","95","3979","Nevada","4/30/20","3314","665","32003","20.07"
"Douglas","0","19","Nevada","4/30/20","17","2","32005","11.76"
"Elko","0","15","Nevada","4/30/20","12","3","32007","25"
"Humboldt","1","41","Nevada","4/30/20","34","7","32013","20.59"
"Lander","1","7","Nevada","4/30/20","1","6","32015","600"
"Lyon","1","28","Nevada","4/30/20","20","8","32019","40"
"Mineral","0","4","Nevada","4/30/20","2","2","32021","100"
"Nye","1","36","Nevada","4/30/20","31","5","32023","16.13"
"Washoe","20","873","Nevada","4/30/20","736","137","32031","18.61"
"White Pine","0","3","Nevada","4/30/20","3","0","32033","0"
"Belknap","1","34","New Hampshire","4/30/20","28","6","33001","21.43"
"Carroll","0","31","New Hampshire","4/30/20","30","1","33003","3.33"
"Cheshire","1","40","New Hampshire","4/30/20","35","5","33005","14.29"
"Coos","0","2","New Hampshire","4/30/20","2","0","33007","0"
"Grafton","1","50","New Hampshire","4/30/20","46","4","33009","8.7"
"Hillsborough","35","964","New Hampshire","4/30/20","721","243","33011","33.7"
"Merrimack","9","177","New Hampshire","4/30/20","113","64","33013","56.64"
"Rockingham","20","692","New Hampshire","4/30/20","551","141","33015","25.59"
"Strafford","3","141","New Hampshire","4/30/20","123","18","33017","14.63"
"Sullivan","0","12","New Hampshire","4/30/20","10","2","33019","20"
"Atlantic","60","964","New Jersey","4/30/20","544","420","34001","77.21"
"Bergen","223","15610","New Jersey","4/30/20","14049","1561","34003","11.11"
"Burlington","103","2690","New Jersey","4/30/20","1969","721","34005","36.62"
"Camden","119","3519","New Jersey","4/30/20","2683","836","34007","31.16"
"Cape May","12","323","New Jersey","4/30/20","236","87","34009","36.86"
"Cumberland","43","723","New Jersey","4/30/20","424","299","34011","70.52"
"Essex","267","13682","New Jersey","4/30/20","11811","1871","34013","15.84"
"Gloucester","50","1251","New Jersey","4/30/20","899","352","34015","39.15"
"Hudson","319","14916","New Jersey","4/30/20","12681","2235","34017","17.62"
"Hunterdon","20","603","New Jersey","4/30/20","464","139","34019","29.96"
"Mercer","135","3937","New Jersey","4/30/20","2991","946","34021","31.63"
"Middlesex","312","11715","New Jersey","4/30/20","9530","2185","34023","22.93"
"Monmouth","114","6033","New Jersey","4/30/20","5238","795","34025","15.18"
"Morris","87","5287","New Jersey","4/30/20","4680","607","34027","12.97"
"Ocean","133","6375","New Jersey","4/30/20","5444","931","34029","17.1"
"Passaic","368","12449","New Jersey","4/30/20","9874","2575","34031","26.08"
"Salem","10","231","New Jersey","4/30/20","164","67","34033","40.85"
"Somerset","95","3464","New Jersey","4/30/20","2798","666","34035","23.8"
"Sussex","20","921","New Jersey","4/30/20","784","137","34037","17.47"
"Union","235","12578","New Jersey","4/30/20","10935","1643","34039","15.03"
"Warren","26","903","New Jersey","4/30/20","719","184","34041","25.59"
"Bernalillo","26","811","New Mexico","4/30/20","631","180","35001","28.53"
"Catron","0","1","New Mexico","4/30/20","1","0","35003","0"
"Chaves","0","22","New Mexico","4/30/20","22","0","35005","0"
"Cibola","2","52","New Mexico","4/30/20","38","14","35006","36.84"
"Colfax","0","5","New Mexico","4/30/20","5","0","35007","0"
"Curry","1","17","New Mexico","4/30/20","10","7","35009","70"
"Dona Ana","8","144","New Mexico","4/30/20","88","56","35013","63.64"
"Eddy","0","12","New Mexico","4/30/20","11","1","35015","9.09"
"Grant","0","14","New Mexico","4/30/20","14","0","35017","0"
"Guadalupe","2","14","New Mexico","4/30/20","3","11","35019","366.67"
"Harding","0","1","New Mexico","4/30/20","1","0","35021","0"
"Lea","0","10","New Mexico","4/30/20","8","2","35025","25"
"Lincoln","0","2","New Mexico","4/30/20","2","0","35027","0"
"Los Alamos","0","6","New Mexico","4/30/20","6","0","35028","0"
"Luna","0","5","New Mexico","4/30/20","3","2","35029","66.67"
"McKinley","65","1027","New Mexico","4/30/20","573","454","35031","79.23"
"Otero","0","5","New Mexico","4/30/20","5","0","35035","0"
"Quay","0","4","New Mexico","4/30/20","4","0","35037","0"
"Rio Arriba","0","14","New Mexico","4/30/20","11","3","35039","27.27"
"Roosevelt","1","9","New Mexico","4/30/20","4","5","35041","125"
"San Juan","33","621","New Mexico","4/30/20","390","231","35045","59.23"
"San Miguel","0","2","New Mexico","4/30/20","2","0","35047","0"
"Sandoval","6","389","New Mexico","4/30/20","345","44","35043","12.75"
"Santa Fe","1","100","New Mexico","4/30/20","96","4","35049","4.17"
"Sierra","0","1","New Mexico","4/30/20","0","1","35051","1"
"Socorro","1","42","New Mexico","4/30/20","38","4","35053","10.53"
"Taos","0","18","New Mexico","4/30/20","17","1","35055","5.88"
"Torrance","0","15","New Mexico","4/30/20","13","2","35057","15.38"
"Union","0","3","New Mexico","4/30/20","0","3","35059","1"
"Valencia","1","45","New Mexico","4/30/20","38","7","35061","18.42"
"Albany","58","1165","New York","4/30/20","758","407","36001","53.69"
"Allegany","1","35","New York","4/30/20","30","5","36003","16.67"
"Broome","9","284","New York","4/30/20","224","60","36007","26.79"
"Cattaraugus","1","47","New York","4/30/20","37","10","36009","27.03"
"Cayuga","2","48","New York","4/30/20","37","11","36011","29.73"
"Chautauqua","1","33","New York","4/30/20","26","7","36013","26.92"
"Chemung","7","122","New York","4/30/20","76","46","36015","60.53"
"Chenango","2","98","New York","4/30/20","82","16","36017","19.51"
"Clinton","1","59","New York","4/30/20","52","7","36019","13.46"
"Columbia","7","170","New York","4/30/20","123","47","36021","38.21"
"Cortland","0","28","New York","4/30/20","25","3","36023","12"
"Delaware","2","61","New York","4/30/20","50","11","36025","22"
"Dutchess","71","2954","New York","4/30/20","2460","494","36027","20.08"
"Erie","124","3319","New York","4/30/20","2450","869","36029","35.47"
"Essex","1","28","New York","4/30/20","22","6","36031","27.27"
"Franklin","0","15","New York","4/30/20","13","2","36033","15.38"
"Fulton","6","71","New York","4/30/20","28","43","36035","153.57"
"Genesee","4","153","New York","4/30/20","126","27","36037","21.43"
"Greene","6","131","New York","4/30/20","89","42","36039","47.19"
"Hamilton","0","3","New York","4/30/20","3","0","36041","0"
"Herkimer","1","58","New York","4/30/20","54","4","36043","7.41"
"Jefferson","1","61","New York","4/30/20","56","5","36045","8.93"
"Lewis","0","9","New York","4/30/20","9","0","36049","0"
"Livingston","4","69","New York","4/30/20","41","28","36051","68.29"
"Madison","4","131","New York","4/30/20","106","25","36053","23.58"
"Monroe","41","1441","New York","4/30/20","1152","289","36055","25.09"
"Montgomery","2","53","New York","4/30/20","39","14","36057","35.9"
"Nassau","533","35854","New York","4/30/20","32124","3730","36059","11.61"
"New York","3089","167478","New York","4/30/20","145855","21623","36061","14.82"
"Niagara","18","420","New York","4/30/20","295","125","36063","42.37"
"Oneida","17","439","New York","4/30/20","317","122","36065","38.49"
"Onondaga","33","832","New York","4/30/20","600","232","36067","38.67"
"Ontario","2","90","New York","4/30/20","73","17","36069","23.29"
"Orange","262","8650","New York","4/30/20","6816","1834","36071","26.91"
"Orleans","4","89","New York","4/30/20","59","30","36073","50.85"
"Oswego","2","63","New York","4/30/20","49","14","36075","28.57"
"Otsego","2","67","New York","4/30/20","50","17","36077","34"
"Putnam","51","970","New York","4/30/20","615","355","36079","57.72"
"Rensselaer","14","287","New York","4/30/20","191","96","36083","50.26"
"Rockland","269","11708","New York","4/30/20","9828","1880","36087","19.13"
"Saratoga","13","354","New York","4/30/20","265","89","36091","33.58"
"Schenectady","30","501","New York","4/30/20","288","213","36093","73.96"
"Schoharie","3","42","New York","4/30/20","21","21","36095","100"
"Schuyler","0","7","New York","4/30/20","7","0","36097","0"
"Seneca","3","39","New York","4/30/20","18","21","36099","116.67"
"St. Lawrence","5","173","New York","4/30/20","139","34","36089","24.46"
"Steuben","6","216","New York","4/30/20","171","45","36101","26.32"
"Suffolk","585","33664","New York","4/30/20","29567","4097","36103","13.86"
"Sullivan","37","838","New York","4/30/20","580","258","36105","44.48"
"Tioga","7","88","New York","4/30/20","40","48","36107","120"
"Tompkins","1","128","New York","4/30/20","119","9","36109","7.56"
"Ulster","48","1279","New York","4/30/20","942","337","36111","35.77"
"Warren","8","176","New York","4/30/20","119","57","36113","47.9"
"Washington","10","148","New York","4/30/20","80","68","36115","85"
"Wayne","3","71","New York","4/30/20","53","18","36117","33.96"
"Westchester","430","28970","New York","4/30/20","25959","3011","36119","11.6"
"Wyoming","4","67","New York","4/30/20","41","26","36121","63.41"
"Yates","1","18","New York","4/30/20","11","7","36123","63.64"
"Alamance","7","109","North Carolina","4/30/20","63","46","37001","73.02"
"Alexander","0","4","North Carolina","4/30/20","4","0","37003","0"
"Alleghany","0","3","North Carolina","4/30/20","2","1","37005","50"
"Anson","1","25","North Carolina","4/30/20","19","6","37007","31.58"
"Ashe","0","5","North Carolina","4/30/20","4","1","37009","25"
"Beaufort","1","22","North Carolina","4/30/20","16","6","37013","37.5"
"Bertie","2","44","North Carolina","4/30/20","31","13","37015","41.94"
"Bladen","2","21","North Carolina","4/30/20","5","16","37017","320"
"Brunswick","1","43","North Carolina","4/30/20","39","4","37019","10.26"
"Buncombe","3","68","North Carolina","4/30/20","49","19","37021","38.78"
"Burke","3","102","North Carolina","4/30/20","83","19","37023","22.89"
"Cabarrus","10","303","North Carolina","4/30/20","236","67","37025","28.39"
"Caldwell","1","34","North Carolina","4/30/20","26","8","37027","30.77"
"Camden","0","1","North Carolina","4/30/20","0","1","37029","1"
"Carteret","0","28","North Carolina","4/30/20","27","1","37031","3.7"
"Caswell","1","22","North Carolina","4/30/20","13","9","37033","69.23"
"Catawba","1","56","North Carolina","4/30/20","47","9","37035","19.15"
"Chatham","23","316","North Carolina","4/30/20","156","160","37037","102.56"
"Cherokee","0","16","North Carolina","4/30/20","16","0","37039","0"
"Chowan","0","7","North Carolina","4/30/20","6","1","37041","16.67"
"Clay","0","6","North Carolina","4/30/20","6","0","37043","0"
"Cleveland","0","47","North Carolina","4/30/20","45","2","37045","4.44"
"Columbus","11","153","North Carolina","4/30/20","76","77","37047","101.32"
"Craven","0","40","North Carolina","4/30/20","37","3","37049","8.11"
"Cumberland","12","238","North Carolina","4/30/20","154","84","37051","54.55"
"Currituck","0","5","North Carolina","4/30/20","2","3","37053","150"
"Dare","0","15","North Carolina","4/30/20","15","0","37055","0"
"Davidson","8","166","North Carolina","4/30/20","107","59","37057","55.14"
"Davie","1","30","North Carolina","4/30/20","24","6","37059","25"
"Duplin","7","92","North Carolina","4/30/20","41","51","37061","124.39"
"Durham","33","733","North Carolina","4/30/20","500","233","37063","46.6"
"Edgecombe","5","94","North Carolina","4/30/20","62","32","37065","51.61"
"Forsyth","14","242","North Carolina","4/30/20","143","99","37067","69.23"
"Franklin","4","104","North Carolina","4/30/20","77","27","37069","35.06"
"Gaston","2","140","North Carolina","4/30/20","126","14","37071","11.11"
"Gates","0","7","North Carolina","4/30/20","6","1","37073","16.67"
"Graham","0","2","North Carolina","4/30/20","0","2","37075","1"
"Granville","2","136","North Carolina","4/30/20","123","13","37077","10.57"
"Greene","0","16","North Carolina","4/30/20","14","2","37079","14.29"
"Guilford","20","381","North Carolina","4/30/20","240","141","37081","58.75"
"Halifax","3","58","North Carolina","4/30/20","40","18","37083","45"
"Harnett","12","156","North Carolina","4/30/20","74","82","37085","110.81"
"Haywood","1","10","North Carolina","4/30/20","5","5","37087","100"
"Henderson","7","192","North Carolina","4/30/20","145","47","37089","32.41"
"Hertford","3","37","North Carolina","4/30/20","14","23","37091","164.29"
"Hoke","7","80","North Carolina","4/30/20","34","46","37093","135.29"
"Hyde","0","1","North Carolina","4/30/20","0","1","37095","1"
"Iredell","3","112","North Carolina","4/30/20","94","18","37097","19.15"
"Jackson","1","15","North Carolina","4/30/20","5","10","37099","200"
"Johnston","5","158","North Carolina","4/30/20","125","33","37101","26.4"
"Jones","0","14","North Carolina","4/30/20","12","2","37103","16.67"
"Lee","15","169","North Carolina","4/30/20","65","104","37105","160"
"Lenoir","5","67","North Carolina","4/30/20","34","33","37107","97.06"
"Lincoln","0","27","North Carolina","4/30/20","25","2","37109","8"
"Macon","0","3","North Carolina","4/30/20","2","1","37113","50"
"Madison","0","1","North Carolina","4/30/20","0","1","37115","1"
"Martin","1","16","North Carolina","4/30/20","12","4","37117","33.33"
"McDowell","1","25","North Carolina","4/30/20","21","4","37111","19.05"
"Mecklenburg","36","1627","North Carolina","4/30/20","1377","250","37119","18.16"
"Mitchell","0","5","North Carolina","4/30/20","5","0","37121","0"
"Montgomery","3","38","North Carolina","4/30/20","19","19","37123","100"
"Moore","3","125","North Carolina","4/30/20","104","21","37125","20.19"
"Nash","3","92","North Carolina","4/30/20","74","18","37127","24.32"
"New Hanover","1","79","North Carolina","4/30/20","74","5","37129","6.76"
"Northampton","2","86","North Carolina","4/30/20","75","11","37131","14.67"
"Onslow","1","45","North Carolina","4/30/20","39","6","37133","15.38"
"Orange","3","217","North Carolina","4/30/20","199","18","37135","9.05"
"Pamlico","0","7","North Carolina","4/30/20","6","1","37137","16.67"
"Pasquotank","0","36","North Carolina","4/30/20","33","3","37139","9.09"
"Pender","0","13","North Carolina","4/30/20","11","2","37141","18.18"
"Perquimans","1","13","North Carolina","4/30/20","8","5","37143","62.5"
"Person","0","20","North Carolina","4/30/20","19","1","37145","5.26"
"Pitt","3","123","North Carolina","4/30/20","101","22","37147","21.78"
"Polk","1","20","North Carolina","4/30/20","11","9","37149","81.82"
"Randolph","15","205","North Carolina","4/30/20","97","108","37151","111.34"
"Richmond","3","47","North Carolina","4/30/20","28","19","37153","67.86"
"Robeson","16","162","North Carolina","4/30/20","53","109","37155","205.66"
"Rockingham","1","26","North Carolina","4/30/20","22","4","37157","18.18"
"Rowan","13","381","North Carolina","4/30/20","290","91","37159","31.38"
"Rutherford","7","139","North Carolina","4/30/20","92","47","37161","51.09"
"Sampson","5","63","North Carolina","4/30/20","25","38","37163","152"
"Scotland","1","24","North Carolina","4/30/20","16","8","37165","50"
"Stanly","1","29","North Carolina","4/30/20","24","5","37167","20.83"
"Stokes","0","11","North Carolina","4/30/20","11","0","37169","0"
"Surry","0","13","North Carolina","4/30/20","12","1","37171","8.33"
"Swain","0","3","North Carolina","4/30/20","0","3","37173","1"
"Transylvania","0","7","North Carolina","4/30/20","7","0","37175","0"
"Tyrrell","0","4","North Carolina","4/30/20","4","0","37177","0"
"Union","8","243","North Carolina","4/30/20","186","57","37179","30.65"
"Vance","7","88","North Carolina","4/30/20","38","50","37181","131.58"
"Wake","29","833","North Carolina","4/30/20","633","200","37183","31.6"
"Warren","1","10","North Carolina","4/30/20","3","7","37185","233.33"
"Washington","0","24","North Carolina","4/30/20","22","2","37187","9.09"
"Watauga","0","9","North Carolina","4/30/20","8","1","37189","12.5"
"Wayne","8","655","North Carolina","4/30/20","597","58","37191","9.72"
"Wilkes","4","33","North Carolina","4/30/20","8","25","37193","312.5"
"Wilson","5","165","North Carolina","4/30/20","130","35","37195","26.92"
"Yadkin","1","17","North Carolina","4/30/20","12","5","37197","41.67"
"Barnes","0","4","North Dakota","4/30/20","3","1","38003","33.33"
"Bowman","0","1","North Dakota","4/30/20","1","0","38011","0"
"Burke","0","3","North Dakota","4/30/20","3","0","38013","0"
"Burleigh","1","77","North Dakota","4/30/20","67","10","38015","14.93"
"Cass","32","513","North Dakota","4/30/20","290","223","38017","76.9"
"Divide","0","1","North Dakota","4/30/20","1","0","38023","0"
"Dunn","0","10","North Dakota","4/30/20","10","0","38025","0"
"Eddy","0","1","North Dakota","4/30/20","1","0","38027","0"
"Emmons","0","1","North Dakota","4/30/20","1","0","38029","0"
"Foster","0","1","North Dakota","4/30/20","1","0","38031","0"
"Grand Forks","14","258","North Dakota","4/30/20","162","96","38035","59.26"
"Grant","0","1","North Dakota","4/30/20","1","0","38037","0"
"McHenry","0","1","North Dakota","4/30/20","1","0","38049","0"
"McIntosh","0","1","North Dakota","4/30/20","1","0","38051","0"
"McKenzie","0","13","North Dakota","4/30/20","10","3","38053","30"
"McLean","0","3","North Dakota","4/30/20","3","0","38055","0"
"Morton","0","24","North Dakota","4/30/20","23","1","38059","4.35"
"Mountrail","0","35","North Dakota","4/30/20","33","2","38061","6.06"
"Nelson","0","1","North Dakota","4/30/20","1","0","38063","0"
"Oliver","0","1","North Dakota","4/30/20","1","0","38065","0"
"Pembina","0","3","North Dakota","4/30/20","0","3","38067","1"
"Pierce","0","2","North Dakota","4/30/20","2","0","38069","0"
"Ramsey","0","3","North Dakota","4/30/20","3","0","38071","0"
"Ransom","0","1","North Dakota","4/30/20","0","1","38073","1"
"Richland","0","7","North Dakota","4/30/20","7","0","38077","0"
"Rolette","0","1","North Dakota","4/30/20","1","0","38079","0"
"Sargent","0","1","North Dakota","4/30/20","1","0","38081","0"
"Sioux","0","1","North Dakota","4/30/20","1","0","38085","0"
"Slope","0","3","North Dakota","4/30/20","3","0","38087","0"
"Stark","1","49","North Dakota","4/30/20","40","9","38089","22.5"
"Stutsman","0","6","North Dakota","4/30/20","3","3","38093","100"
"Walsh","1","7","North Dakota","4/30/20","3","4","38099","133.33"
"Ward","0","21","North Dakota","4/30/20","21","0","38101","0"
"Wells","0","2","North Dakota","4/30/20","1","1","38103","100"
"Williams","0","10","North Dakota","4/30/20","9","1","38105","11.11"
"","0","14","Northern Mariana Islands","4/30/20","14","0",,"0"
"Adams","0","4","Ohio","4/30/20","4","0","39001","0"
"Allen","3","121","Ohio","4/30/20","100","21","39003","21"
"Ashland","0","7","Ohio","4/30/20","5","2","39005","40"
"Ashtabula","4","126","Ohio","4/30/20","98","28","39007","28.57"
"Athens","0","3","Ohio","4/30/20","4","-1","39009","-25"
"Auglaize","0","32","Ohio","4/30/20","29","3","39011","10.34"
"Belmont","7","144","Ohio","4/30/20","95","49","39013","51.58"
"Brown","0","11","Ohio","4/30/20","11","0","39015","0"
"Butler","11","281","Ohio","4/30/20","201","80","39017","39.8"
"Carroll","0","21","Ohio","4/30/20","18","3","39019","16.67"
"Champaign","1","14","Ohio","4/30/20","8","6","39021","75"
"Clark","4","57","Ohio","4/30/20","29","28","39023","96.55"
"Clermont","2","88","Ohio","4/30/20","76","12","39025","15.79"
"Clinton","0","29","Ohio","4/30/20","27","2","39027","7.41"
"Columbiana","6","253","Ohio","4/30/20","208","45","39029","21.63"
"Coshocton","0","17","Ohio","4/30/20","16","1","39031","6.25"
"Crawford","1","45","Ohio","4/30/20","37","8","39033","21.62"
"Cuyahoga","51","2126","Ohio","4/30/20","1768","358","39035","20.25"
"Darke","2","76","Ohio","4/30/20","62","14","39037","22.58"
"Defiance","0","20","Ohio","4/30/20","17","3","39039","17.65"
"Delaware","4","160","Ohio","4/30/20","132","28","39041","21.21"
"Erie","2","56","Ohio","4/30/20","43","13","39043","30.23"
"Fairfield","4","137","Ohio","4/30/20","109","28","39045","25.69"
"Fayette","0","15","Ohio","4/30/20","13","2","39047","15.38"
"Franklin","110","2441","Ohio","4/30/20","1673","768","39049","45.91"
"Fulton","1","22","Ohio","4/30/20","18","4","39051","22.22"
"Gallia","0","6","Ohio","4/30/20","6","0","39053","0"
"Geauga","5","154","Ohio","4/30/20","119","35","39055","29.41"
"Greene","1","46","Ohio","4/30/20","40","6","39057","15"
"Guernsey","0","15","Ohio","4/30/20","15","0","39059","0"
"Hamilton","50","1218","Ohio","4/30/20","868","350","39061","40.32"
"Hancock","1","37","Ohio","4/30/20","32","5","39063","15.62"
"Hardin","1","25","Ohio","4/30/20","20","5","39065","25"
"Harrison","0","4","Ohio","4/30/20","2","2","39067","100"
"Henry","0","5","Ohio","4/30/20","4","1","39069","25"
"Highland","0","11","Ohio","4/30/20","8","3","39071","37.5"
"Hocking","2","18","Ohio","4/30/20","5","13","39073","260"
"Holmes","0","6","Ohio","4/30/20","5","1","39075","20"
"Huron","1","29","Ohio","4/30/20","24","5","39077","20.83"
"Jackson","0","4","Ohio","4/30/20","4","0","39079","0"
"Jefferson","1","43","Ohio","4/30/20","33","10","39081","30.3"
"Knox","0","16","Ohio","4/30/20","14","2","39083","14.29"
"Lake","3","168","Ohio","4/30/20","148","20","39085","13.51"
"Lawrence","0","24","Ohio","4/30/20","22","2","39087","9.09"
"Licking","2","118","Ohio","4/30/20","104","14","39089","13.46"
"Logan","0","18","Ohio","4/30/20","15","3","39091","20"
"Lorain","15","452","Ohio","4/30/20","344","108","39093","31.4"
"Lucas","45","1251","Ohio","4/30/20","936","315","39095","33.65"
"Madison","4","63","Ohio","4/30/20","38","25","39097","65.79"
"Mahoning","23","828","Ohio","4/30/20","666","162","39099","24.32"
"Marion","5","2196","Ohio","4/30/20","2161","35","39101","1.62"
"Medina","3","167","Ohio","4/30/20","148","19","39103","12.84"
"Meigs","0","2","Ohio","4/30/20","2","0","39105","0"
"Mercer","1","21","Ohio","4/30/20","16","5","39107","31.25"
"Miami","1","139","Ohio","4/30/20","134","5","39109","3.73"
"Monroe","0","3","Ohio","4/30/20","2","1","39111","50"
"Montgomery","5","285","Ohio","4/30/20","250","35","39113","14"
"Morgan","0","4","Ohio","4/30/20","4","0","39115","0"
"Morrow","2","42","Ohio","4/30/20","25","17","39117","68"
"Muskingum","0","12","Ohio","4/30/20","10","2","39119","20"
"Noble","0","5","Ohio","4/30/20","3","2","39121","66.67"
"Ottawa","1","38","Ohio","4/30/20","34","4","39123","11.76"
"Paulding","0","8","Ohio","4/30/20","7","1","39125","14.29"
"Perry","0","12","Ohio","4/30/20","11","1","39127","9.09"
"Pickaway","10","1732","Ohio","4/30/20","1661","71","39129","4.27"
"Pike","0","3","Ohio","4/30/20","2","1","39131","50"
"Portage","4","236","Ohio","4/30/20","206","30","39133","14.56"
"Preble","0","27","Ohio","4/30/20","25","2","39135","8"
"Putnam","3","67","Ohio","4/30/20","47","20","39137","42.55"
"Richland","2","81","Ohio","4/30/20","70","11","39139","15.71"
"Ross","1","39","Ohio","4/30/20","30","9","39141","30"
"Sandusky","1","27","Ohio","4/30/20","20","7","39143","35"
"Scioto","1","10","Ohio","4/30/20","6","4","39145","66.67"
"Seneca","0","14","Ohio","4/30/20","11","3","39147","27.27"
"Shelby","0","30","Ohio","4/30/20","30","0","39149","0"
"Stark","8","347","Ohio","4/30/20","290","57","39151","19.66"
"Summit","23","608","Ohio","4/30/20","447","161","39153","36.02"
"Trumbull","5","308","Ohio","4/30/20","272","36","39155","13.24"
"Tuscarawas","5","74","Ohio","4/30/20","42","32","39157","76.19"
"Union","1","22","Ohio","4/30/20","16","6","39159","37.5"
"Van Wert","0","3","Ohio","4/30/20","3","0","39161","0"
"Vinton","1","6","Ohio","4/30/20","0","6","39163","1"
"Warren","3","146","Ohio","4/30/20","124","22","39165","17.74"
"Washington","3","98","Ohio","4/30/20","75","23","39167","30.67"
"Wayne","6","128","Ohio","4/30/20","88","40","39169","45.45"
"Williams","2","34","Ohio","4/30/20","23","11","39171","47.83"
"Wood","8","164","Ohio","4/30/20","105","59","39173","56.19"
"Wyandot","0","24","Ohio","4/30/20","21","3","39175","14.29"
"Adair","2","64","Oklahoma","4/30/20","50","14","40001","28"
"Alfalfa","0","1","Oklahoma","4/30/20","1","0","40003","0"
"Atoka","0","1","Oklahoma","4/30/20","1","0","40005","0"
"Beaver","1","8","Oklahoma","4/30/20","1","7","40007","700"
"Beckham","0","5","Oklahoma","4/30/20","2","3","40009","150"
"Bryan","0","8","Oklahoma","4/30/20","6","2","40013","33.33"
"Caddo","1","62","Oklahoma","4/30/20","53","9","40015","16.98"
"Canadian","2","98","Oklahoma","4/30/20","86","12","40017","13.95"
"Carter","0","3","Oklahoma","4/30/20","2","1","40019","50"
"Cherokee","0","27","Oklahoma","4/30/20","25","2","40021","8"
"Choctaw","0","3","Oklahoma","4/30/20","3","0","40023","0"
"Cimarron","0","1","Oklahoma","4/30/20","1","0","40025","0"
"Cleveland","4","419","Oklahoma","4/30/20","388","31","40027","7.99"
"Comanche","1","80","Oklahoma","4/30/20","75","5","40031","6.67"
"Cotton","0","5","Oklahoma","4/30/20","5","0","40033","0"
"Craig","0","10","Oklahoma","4/30/20","9","1","40035","11.11"
"Creek","1","77","Oklahoma","4/30/20","71","6","40037","8.45"
"Custer","0","10","Oklahoma","4/30/20","10","0","40039","0"
"Delaware","0","90","Oklahoma","4/30/20","89","1","40041","1.12"
"Dewey","0","2","Oklahoma","4/30/20","2","0","40043","0"
"Garfield","1","17","Oklahoma","4/30/20","11","6","40047","54.55"
"Garvin","0","13","Oklahoma","4/30/20","13","0","40049","0"
"Grady","1","36","Oklahoma","4/30/20","31","5","40051","16.13"
"Grant","0","2","Oklahoma","4/30/20","2","0","40053","0"
"Greer","0","65","Oklahoma","4/30/20","63","2","40055","3.17"
"Harper","0","1","Oklahoma","4/30/20","1","0","40059","0"
"Haskell","0","4","Oklahoma","4/30/20","3","1","40061","33.33"
"Jackson","0","15","Oklahoma","4/30/20","13","2","40065","15.38"
"Jefferson","0","2","Oklahoma","4/30/20","2","0","40067","0"
"Johnston","0","3","Oklahoma","4/30/20","3","0","40069","0"
"Kay","0","47","Oklahoma","4/30/20","47","0","40071","0"
"Kingfisher","0","8","Oklahoma","4/30/20","6","2","40073","33.33"
"Kiowa","0","5","Oklahoma","4/30/20","4","1","40075","25"
"Latimer","0","5","Oklahoma","4/30/20","4","1","40077","25"
"Le Flore","0","11","Oklahoma","4/30/20","8","3","40079","37.5"
"Lincoln","0","13","Oklahoma","4/30/20","10","3","40081","30"
"Logan","1","15","Oklahoma","4/30/20","11","4","40083","36.36"
"Love","0","2","Oklahoma","4/30/20","2","0","40085","0"
"Major","0","3","Oklahoma","4/30/20","2","1","40093","50"
"Marshall","0","2","Oklahoma","4/30/20","2","0","40095","0"
"Mayes","0","22","Oklahoma","4/30/20","19","3","40097","15.79"
"McClain","4","53","Oklahoma","4/30/20","28","25","40087","89.29"
"McCurtain","0","8","Oklahoma","4/30/20","8","0","40089","0"
"McIntosh","0","2","Oklahoma","4/30/20","2","0","40091","0"
"Murray","0","1","Oklahoma","4/30/20","1","0","40099","0"
"Muskogee","0","27","Oklahoma","4/30/20","26","1","40101","3.85"
"Noble","0","6","Oklahoma","4/30/20","6","0","40103","0"
"Nowata","1","21","Oklahoma","4/30/20","16","5","40105","31.25"
"Okfuskee","0","1","Oklahoma","4/30/20","1","0","40107","0"
"Oklahoma","20","773","Oklahoma","4/30/20","634","139","40109","21.92"
"Okmulgee","0","16","Oklahoma","4/30/20","16","0","40111","0"
"Osage","1","75","Oklahoma","4/30/20","68","7","40113","10.29"
"Ottawa","0","31","Oklahoma","4/30/20","29","2","40115","6.9"
"Pawnee","0","29","Oklahoma","4/30/20","28","1","40117","3.57"
"Payne","1","44","Oklahoma","4/30/20","40","4","40119","10"
"Pittsburg","1","29","Oklahoma","4/30/20","22","7","40121","31.82"
"Pontotoc","0","10","Oklahoma","4/30/20","10","0","40123","0"
"Pottawatomie","1","45","Oklahoma","4/30/20","38","7","40125","18.42"
"Pushmataha","0","1","Oklahoma","4/30/20","0","1","40127","1"
"Rogers","2","59","Oklahoma","4/30/20","44","15","40131","34.09"
"Seminole","0","10","Oklahoma","4/30/20","8","2","40133","25"
"Sequoyah","0","12","Oklahoma","4/30/20","10","2","40135","20"
"Stephens","0","22","Oklahoma","4/30/20","19","3","40137","15.79"
"Texas","12","131","Oklahoma","4/30/20","46","85","40139","184.78"
"Tillman","0","1","Oklahoma","4/30/20","1","0","40141","0"
"Tulsa","16","567","Oklahoma","4/30/20","454","113","40143","24.89"
"Wagoner","1","119","Oklahoma","4/30/20","112","7","40145","6.25"
"Washington","7","256","Oklahoma","4/30/20","208","48","40147","23.08"
"Woods","0","3","Oklahoma","4/30/20","3","0","40151","0"
"Woodward","0","1","Oklahoma","4/30/20","2","-1","40153","-50"
"Benton","0","30","Oregon","4/30/20","27","3","41003","11.11"
"Clackamas","3","214","Oregon","4/30/20","191","23","41005","12.04"
"Clatsop","0","6","Oregon","4/30/20","6","0","41007","0"
"Columbia","0","14","Oregon","4/30/20","14","0","41009","0"
"Coos","2","20","Oregon","4/30/20","4","16","41011","400"
"Crook","0","1","Oregon","4/30/20","1","0","41013","0"
"Curry","0","4","Oregon","4/30/20","4","0","41015","0"
"Deschutes","1","76","Oregon","4/30/20","70","6","41017","8.57"
"Douglas","0","23","Oregon","4/30/20","24","-1","41019","-4.17"
"Grant","0","1","Oregon","4/30/20","1","0","41023","0"
"Harney","0","1","Oregon","4/30/20","0","1","41025","1"
"Hood River","0","6","Oregon","4/30/20","5","1","41027","20"
"Jackson","0","49","Oregon","4/30/20","48","1","41029","2.08"
"Jefferson","1","10","Oregon","4/30/20","2","8","41031","400"
"Josephine","0","20","Oregon","4/30/20","19","1","41033","5.26"
"Klamath","0","38","Oregon","4/30/20","36","2","41035","5.56"
"Lane","0","50","Oregon","4/30/20","48","2","41039","4.17"
"Lincoln","0","5","Oregon","4/30/20","5","0","41041","0"
"Linn","3","86","Oregon","4/30/20","67","19","41043","28.36"
"Malheur","0","8","Oregon","4/30/20","6","2","41045","33.33"
"Marion","13","491","Oregon","4/30/20","397","94","41047","23.68"
"Morrow","0","6","Oregon","4/30/20","5","1","41049","20"
"Multnomah","18","707","Oregon","4/30/20","582","125","41051","21.48"
"Polk","1","39","Oregon","4/30/20","33","6","41053","18.18"
"Sherman","0","1","Oregon","4/30/20","1","0","41055","0"
"Tillamook","0","6","Oregon","4/30/20","6","0","41057","0"
"Umatilla","3","50","Oregon","4/30/20","30","20","41059","66.67"
"Union","0","4","Oregon","4/30/20","4","0","41061","0"
"Wallowa","0","1","Oregon","4/30/20","1","0","41063","0"
"Wasco","0","13","Oregon","4/30/20","12","1","41065","8.33"
"Washington","7","491","Oregon","4/30/20","443","48","41067","10.84"
"Yamhill","1","39","Oregon","4/30/20","35","4","41071","11.43"
"Adams","6","137","Pennsylvania","4/30/20","95","42","42001","44.21"
"Allegheny","20","1289","Pennsylvania","4/30/20","1149","140","42003","12.18"
"Armstrong","1","51","Pennsylvania","4/30/20","43","8","42005","18.6"
"Beaver","12","405","Pennsylvania","4/30/20","319","86","42007","26.96"
"Bedford","1","24","Pennsylvania","4/30/20","20","4","42009","20"
"Berks","69","2698","Pennsylvania","4/30/20","2212","486","42011","21.97"
"Blair","1","23","Pennsylvania","4/30/20","15","8","42013","53.33"
"Bradford","0","31","Pennsylvania","4/30/20","28","3","42015","10.71"
"Bucks","84","2907","Pennsylvania","4/30/20","2321","586","42017","25.25"
"Butler","2","178","Pennsylvania","4/30/20","164","14","42019","8.54"
"Cambria","1","28","Pennsylvania","4/30/20","20","8","42021","40"
"Cameron","0","1","Pennsylvania","4/30/20","1","0","42023","0"
"Carbon","3","175","Pennsylvania","4/30/20","155","20","42025","12.9"
"Centre","3","96","Pennsylvania","4/30/20","76","20","42027","26.32"
"Chester","55","1375","Pennsylvania","4/30/20","989","386","42029","39.03"
"Clarion","0","23","Pennsylvania","4/30/20","20","3","42031","15"
"Clearfield","1","16","Pennsylvania","4/30/20","11","5","42033","45.45"
"Clinton","2","31","Pennsylvania","4/30/20","14","17","42035","121.43"
"Columbia","5","283","Pennsylvania","4/30/20","245","38","42037","15.51"
"Crawford","0","19","Pennsylvania","4/30/20","19","0","42039","0"
"Cumberland","16","343","Pennsylvania","4/30/20","229","114","42041","49.78"
"Dauphin","20","584","Pennsylvania","4/30/20","445","139","42043","31.24"
"Delaware","113","3696","Pennsylvania","4/30/20","2902","794","42045","27.36"
"Elk","0","3","Pennsylvania","4/30/20","2","1","42047","50"
"Erie","3","87","Pennsylvania","4/30/20","68","19","42049","27.94"
"Fayette","1","80","Pennsylvania","4/30/20","71","9","42051","12.68"
"Forest","0","7","Pennsylvania","4/30/20","7","0","42053","0"
"Franklin","19","284","Pennsylvania","4/30/20","151","133","42055","88.08"
"Fulton","0","5","Pennsylvania","4/30/20","2","3","42057","150"
"Greene","0","26","Pennsylvania","4/30/20","25","1","42059","4"
"Huntingdon","3","38","Pennsylvania","4/30/20","20","18","42061","90"
"Indiana","1","63","Pennsylvania","4/30/20","59","4","42063","6.78"
"Jefferson","0","4","Pennsylvania","4/30/20","4","0","42065","0"
"Juniata","1","83","Pennsylvania","4/30/20","77","6","42067","7.79"
"Lackawanna","29","913","Pennsylvania","4/30/20","707","206","42069","29.14"
"Lancaster","58","1765","Pennsylvania","4/30/20","1359","406","42071","29.87"
"Lawrence","1","65","Pennsylvania","4/30/20","61","4","42073","6.56"
"Lebanon","19","676","Pennsylvania","4/30/20","544","132","42075","24.26"
"Lehigh","54","2796","Pennsylvania","4/30/20","2418","378","42077","15.63"
"Luzerne","38","2143","Pennsylvania","4/30/20","1880","263","42079","13.99"
"Lycoming","3","68","Pennsylvania","4/30/20","44","24","42081","54.55"
"McKean","0","6","Pennsylvania","4/30/20","5","1","42083","20"
"Mercer","1","65","Pennsylvania","4/30/20","60","5","42085","8.33"
"Mifflin","2","38","Pennsylvania","4/30/20","24","14","42087","58.33"
"Monroe","15","1127","Pennsylvania","4/30/20","1024","103","42089","10.06"
"Montgomery","130","4307","Pennsylvania","4/30/20","3395","912","42091","26.86"
"Montour","0","47","Pennsylvania","4/30/20","47","0","42093","0"
"Northampton","56","2050","Pennsylvania","4/30/20","1656","394","42095","23.79"
"Northumberland","2","93","Pennsylvania","4/30/20","82","11","42097","13.41"
"Perry","1","30","Pennsylvania","4/30/20","23","7","42099","30.43"
"Philadelphia","463","14468","Pennsylvania","4/30/20","11226","3242","42101","28.88"
"Pike","7","378","Pennsylvania","4/30/20","327","51","42103","15.6"
"Potter","0","4","Pennsylvania","4/30/20","4","0","42105","0"
"Schuylkill","11","368","Pennsylvania","4/30/20","290","78","42107","26.9"
"Snyder","0","33","Pennsylvania","4/30/20","31","2","42109","6.45"
"Somerset","1","26","Pennsylvania","4/30/20","20","6","42111","30"
"Sullivan","0","1","Pennsylvania","4/30/20","1","0","42113","0"
"Susquehanna","2","84","Pennsylvania","4/30/20","72","12","42115","16.67"
"Tioga","0","16","Pennsylvania","4/30/20","14","2","42117","14.29"
"Union","1","36","Pennsylvania","4/30/20","30","6","42119","20"
"Venango","0","7","Pennsylvania","4/30/20","7","0","42121","0"
"Warren","0","1","Pennsylvania","4/30/20","1","0","42123","0"
"Washington","3","115","Pennsylvania","4/30/20","92","23","42125","25"
"Wayne","2","100","Pennsylvania","4/30/20","87","13","42127","14.94"
"Westmoreland","12","391","Pennsylvania","4/30/20","307","84","42129","27.36"
"Wyoming","0","20","Pennsylvania","4/30/20","17","3","42131","17.65"
"York","14","641","Pennsylvania","4/30/20","546","95","42133","17.4"
"","18","1539","Puerto Rico","4/30/20","1416","123",,"8.69"
"Bristol","7","143","Rhode Island","4/30/20","95","48","44001","50.53"
"Kent","27","622","Rhode Island","4/30/20","432","190","44003","43.98"
"Newport","5","149","Rhode Island","4/30/20","117","32","44005","27.35"
"Providence","277","6290","Rhode Island","4/30/20","4350","1940","44007","44.6"
"Washington","11","330","Rhode Island","4/30/20","256","74","44009","28.91"
"Abbeville","1","31","South Carolina","4/30/20","23","8","45001","34.78"
"Aiken","2","99","South Carolina","4/30/20","84","15","45003","17.86"
"Allendale","0","10","South Carolina","4/30/20","7","3","45005","42.86"
"Anderson","3","160","South Carolina","4/30/20","137","23","45007","16.79"
"Bamberg","0","10","South Carolina","4/30/20","7","3","45009","42.86"
"Barnwell","1","20","South Carolina","4/30/20","10","10","45011","100"
"Beaufort","3","263","South Carolina","4/30/20","241","22","45013","9.13"
"Berkeley","4","180","South Carolina","4/30/20","152","28","45015","18.42"
"Calhoun","0","7","South Carolina","4/30/20","6","1","45017","16.67"
"Charleston","5","444","South Carolina","4/30/20","412","32","45019","7.77"
"Cherokee","1","17","South Carolina","4/30/20","13","4","45021","30.77"
"Chester","1","30","South Carolina","4/30/20","26","4","45023","15.38"
"Chesterfield","2","51","South Carolina","4/30/20","39","12","45025","30.77"
"Clarendon","8","210","South Carolina","4/30/20","151","59","45027","39.07"
"Colleton","1","27","South Carolina","4/30/20","23","4","45029","17.39"
"Darlington","5","126","South Carolina","4/30/20","92","34","45031","36.96"
"Dillon","3","52","South Carolina","4/30/20","28","24","45033","85.71"
"Dorchester","2","97","South Carolina","4/30/20","84","13","45035","15.48"
"Edgefield","1","29","South Carolina","4/30/20","21","8","45037","38.1"
"Fairfield","1","36","South Carolina","4/30/20","27","9","45039","33.33"
"Florence","16","304","South Carolina","4/30/20","195","109","45041","55.9"
"Georgetown","1","43","South Carolina","4/30/20","36","7","45043","19.44"
"Greenville","23","722","South Carolina","4/30/20","558","164","45045","29.39"
"Greenwood","1","49","South Carolina","4/30/20","41","8","45047","19.51"
"Hampton","0","23","South Carolina","4/30/20","21","2","45049","9.52"
"Horry","3","215","South Carolina","4/30/20","196","19","45051","9.69"
"Jasper","1","19","South Carolina","4/30/20","15","4","45053","26.67"
"Kershaw","4","237","South Carolina","4/30/20","208","29","45055","13.94"
"Lancaster","2","96","South Carolina","4/30/20","79","17","45057","21.52"
"Laurens","3","39","South Carolina","4/30/20","21","18","45059","85.71"
"Lee","3","63","South Carolina","4/30/20","45","18","45061","40"
"Lexington","10","361","South Carolina","4/30/20","294","67","45063","22.79"
"Marion","2","34","South Carolina","4/30/20","22","12","45067","54.55"
"Marlboro","2","45","South Carolina","4/30/20","33","12","45069","36.36"
"McCormick","0","6","South Carolina","4/30/20","6","0","45065","0"
"Newberry","1","26","South Carolina","4/30/20","21","5","45071","23.81"
"Oconee","1","24","South Carolina","4/30/20","20","4","45073","20"
"Orangeburg","3","72","South Carolina","4/30/20","52","20","45075","38.46"
"Pickens","1","54","South Carolina","4/30/20","44","10","45077","22.73"
"Richland","23","899","South Carolina","4/30/20","736","163","45079","22.15"
"Saluda","4","47","South Carolina","4/30/20","19","28","45081","147.37"
"Spartanburg","7","287","South Carolina","4/30/20","237","50","45083","21.1"
"Sumter","3","228","South Carolina","4/30/20","207","21","45085","10.14"
"Union","0","26","South Carolina","4/30/20","24","2","45087","8.33"
"Williamsburg","5","67","South Carolina","4/30/20","33","34","45089","103.03"
"York","6","210","South Carolina","4/30/20","171","39","45091","22.81"
"Aurora","0","1","South Dakota","4/30/20","1","0","46003","0"
"Beadle","0","21","South Dakota","4/30/20","21","0","46005","0"
"Bon Homme","0","4","South Dakota","4/30/20","4","0","46009","0"
"Brookings","1","13","South Dakota","4/30/20","9","4","46011","44.44"
"Brown","2","39","South Dakota","4/30/20","28","11","46013","39.29"
"Buffalo","0","1","South Dakota","4/30/20","0","1","46017","1"
"Charles Mix","0","5","South Dakota","4/30/20","4","1","46023","25"
"Clark","0","1","South Dakota","4/30/20","1","0","46025","0"
"Clay","0","6","South Dakota","4/30/20","5","1","46027","20"
"Codington","0","14","South Dakota","4/30/20","13","1","46029","7.69"
"Corson","0","1","South Dakota","4/30/20","1","0","46031","0"
"Davison","0","5","South Dakota","4/30/20","5","0","46035","0"
"Day","0","1","South Dakota","4/30/20","0","1","46037","1"
"Deuel","0","1","South Dakota","4/30/20","1","0","46039","0"
"Douglas","0","1","South Dakota","4/30/20","0","1","46043","1"
"Fall River","0","1","South Dakota","4/30/20","1","0","46047","0"
"Faulk","0","1","South Dakota","4/30/20","1","0","46049","0"
"Hamlin","0","2","South Dakota","4/30/20","2","0","46057","0"
"Hand","0","1","South Dakota","4/30/20","0","1","46059","1"
"Hughes","0","8","South Dakota","4/30/20","7","1","46065","14.29"
"Hutchinson","0","3","South Dakota","4/30/20","2","1","46067","50"
"Hyde","0","1","South Dakota","4/30/20","1","0","46069","0"
"Jerauld","0","6","South Dakota","4/30/20","5","1","46073","20"
"Lake","0","4","South Dakota","4/30/20","3","1","46079","33.33"
"Lawrence","0","9","South Dakota","4/30/20","9","0","46081","0"
"Lincoln","5","147","South Dakota","4/30/20","110","37","46083","33.64"
"Lyman","0","3","South Dakota","4/30/20","2","1","46085","50"
"Marshall","0","1","South Dakota","4/30/20","1","0","46091","0"
"McCook","0","4","South Dakota","4/30/20","4","0","46087","0"
"McPherson","0","1","South Dakota","4/30/20","0","1","46089","1"
"Meade","0","1","South Dakota","4/30/20","1","0","46093","0"
"Miner","0","1","South Dakota","4/30/20","1","0","46097","0"
"Minnehaha","57","2038","South Dakota","4/30/20","1636","402","46099","24.57"
"Moody","0","5","South Dakota","4/30/20","2","3","46101","150"
"Oglala Lakota","0","1","South Dakota","4/30/20","1","0","46102","0"
"Pennington","0","12","South Dakota","4/30/20","11","1","46103","9.09"
"Roberts","0","4","South Dakota","4/30/20","4","0","46109","0"
"Sanborn","0","3","South Dakota","4/30/20","3","0","46111","0"
"Spink","0","3","South Dakota","4/30/20","3","0","46115","0"
"Stanley","1","7","South Dakota","4/30/20","0","7","46117","1"
"Sully","0","1","South Dakota","4/30/20","1","0","46119","0"
"Todd","0","1","South Dakota","4/30/20","1","0","46121","0"
"Turner","1","17","South Dakota","4/30/20","13","4","46125","30.77"
"Union","1","18","South Dakota","4/30/20","8","10","46127","125"
"Walworth","0","5","South Dakota","4/30/20","5","0","46129","0"
"Yankton","0","26","South Dakota","4/30/20","25","1","46135","4"
"Anderson","1","28","Tennessee","4/30/20","23","5","47001","21.74"
"Bedford","6","173","Tennessee","4/30/20","130","43","47003","33.08"
"Benton","0","6","Tennessee","4/30/20","5","1","47005","20"
"Bledsoe","35","594","Tennessee","4/30/20","351","243","47007","69.23"
"Blount","1","56","Tennessee","4/30/20","48","8","47009","16.67"
"Bradley","2","49","Tennessee","4/30/20","38","11","47011","28.95"
"Campbell","0","15","Tennessee","4/30/20","13","2","47013","15.38"
"Cannon","0","12","Tennessee","4/30/20","10","2","47015","20"
"Carroll","1","18","Tennessee","4/30/20","14","4","47017","28.57"
"Carter","1","12","Tennessee","4/30/20","6","6","47019","100"
"Cheatham","3","46","Tennessee","4/30/20","28","18","47021","64.29"
"Chester","0","10","Tennessee","4/30/20","10","0","47023","0"
"Claiborne","0","5","Tennessee","4/30/20","5","0","47025","0"
"Clay","0","5","Tennessee","4/30/20","5","0","47027","0"
"Cocke","0","16","Tennessee","4/30/20","14","2","47029","14.29"
"Coffee","2","36","Tennessee","4/30/20","25","11","47031","44"
"Crockett","0","7","Tennessee","4/30/20","6","1","47033","16.67"
"Cumberland","2","74","Tennessee","4/30/20","61","13","47035","21.31"
"Davidson","97","2612","Tennessee","4/30/20","1934","678","47037","35.06"
"Decatur","0","4","Tennessee","4/30/20","4","0","47039","0"
"DeKalb","1","15","Tennessee","4/30/20","10","5","47041","50"
"Dickson","2","72","Tennessee","4/30/20","56","16","47043","28.57"
"Dyer","1","34","Tennessee","4/30/20","30","4","47045","13.33"
"Fayette","1","56","Tennessee","4/30/20","48","8","47047","16.67"
"Fentress","0","4","Tennessee","4/30/20","4","0","47049","0"
"Franklin","1","36","Tennessee","4/30/20","28","8","47051","28.57"
"Gibson","2","43","Tennessee","4/30/20","32","11","47053","34.38"
"Giles","0","8","Tennessee","4/30/20","6","2","47055","33.33"
"Grainger","0","5","Tennessee","4/30/20","4","1","47057","25"
"Greene","1","44","Tennessee","4/30/20","38","6","47059","15.79"
"Grundy","0","28","Tennessee","4/30/20","27","1","47061","3.7"
"Hamblen","1","18","Tennessee","4/30/20","14","4","47063","28.57"
"Hamilton","4","156","Tennessee","4/30/20","129","27","47065","20.93"
"Hardeman","1","14","Tennessee","4/30/20","8","6","47069","75"
"Hardin","0","5","Tennessee","4/30/20","4","1","47071","25"
"Hawkins","0","30","Tennessee","4/30/20","28","2","47073","7.14"
"Haywood","1","20","Tennessee","4/30/20","14","6","47075","42.86"
"Henderson","0","7","Tennessee","4/30/20","5","2","47077","40"
"Henry","0","13","Tennessee","4/30/20","11","2","47079","18.18"
"Hickman","4","44","Tennessee","4/30/20","16","28","47081","175"
"Houston","0","5","Tennessee","4/30/20","4","1","47083","25"
"Humphreys","0","10","Tennessee","4/30/20","7","3","47085","42.86"
"Jackson","0","7","Tennessee","4/30/20","6","1","47087","16.67"
"Jefferson","0","19","Tennessee","4/30/20","16","3","47089","18.75"
"Johnson","0","3","Tennessee","4/30/20","2","1","47091","50"
"Knox","4","228","Tennessee","4/30/20","203","25","47093","12.32"
"Lake","5","55","Tennessee","4/30/20","20","35","47095","175"
"Lauderdale","1","21","Tennessee","4/30/20","16","5","47097","31.25"
"Lawrence","0","17","Tennessee","4/30/20","16","1","47099","6.25"
"Lewis","0","2","Tennessee","4/30/20","2","0","47101","0"
"Lincoln","0","13","Tennessee","4/30/20","11","2","47103","18.18"
"Loudon","1","33","Tennessee","4/30/20","24","9","47105","37.5"
"Macon","1","40","Tennessee","4/30/20","35","5","47111","14.29"
"Madison","6","135","Tennessee","4/30/20","96","39","47113","40.62"
"Marion","0","29","Tennessee","4/30/20","28","1","47115","3.57"
"Marshall","0","22","Tennessee","4/30/20","22","0","47117","0"
"Maury","1","42","Tennessee","4/30/20","35","7","47119","20"
"McMinn","12","92","Tennessee","4/30/20","6","86","47107","1433.33"
"McNairy","0","11","Tennessee","4/30/20","10","1","47109","10"
"Meigs","0","8","Tennessee","4/30/20","5","3","47121","60"
"Monroe","1","20","Tennessee","4/30/20","12","8","47123","66.67"
"Montgomery","2","146","Tennessee","4/30/20","130","16","47125","12.31"
"Moore","0","3","Tennessee","4/30/20","3","0","47127","0"
"Morgan","0","6","Tennessee","4/30/20","5","1","47129","20"
"Obion","0","13","Tennessee","4/30/20","12","1","47131","8.33"
"Out of TN","-3","254","Tennessee","4/30/20","277","-23","80047","-8.3"
"Overton","0","8","Tennessee","4/30/20","7","1","47133","14.29"
"Perry","0","9","Tennessee","4/30/20","8","1","47135","12.5"
"Polk","0","8","Tennessee","4/30/20","7","1","47139","14.29"
"Putnam","3","121","Tennessee","4/30/20","101","20","47141","19.8"
"Rhea","0","5","Tennessee","4/30/20","4","1","47143","25"
"Roane","0","7","Tennessee","4/30/20","8","-1","47145","-12.5"
"Robertson","3","148","Tennessee","4/30/20","126","22","47147","17.46"
"Rutherford","17","474","Tennessee","4/30/20","352","122","47149","34.66"
"Scott","0","11","Tennessee","4/30/20","11","0","47151","0"
"Sequatchie","0","5","Tennessee","4/30/20","3","2","47153","66.67"
"Sevier","2","49","Tennessee","4/30/20","34","15","47155","44.12"
"Shelby","79","2507","Tennessee","4/30/20","1953","554","47157","28.37"
"Smith","0","21","Tennessee","4/30/20","18","3","47159","16.67"
"Stewart","0","7","Tennessee","4/30/20","7","0","47161","0"
"Sullivan","0","49","Tennessee","4/30/20","47","2","47163","4.26"
"Sumner","10","623","Tennessee","4/30/20","556","67","47165","12.05"
"Tipton","2","98","Tennessee","4/30/20","87","11","47167","12.64"
"Trousdale","14","123","Tennessee","4/30/20","27","96","47169","355.56"
"Unicoi","0","1","Tennessee","4/30/20","1","0","47171","0"
"Union","0","3","Tennessee","4/30/20","3","0","47173","0"
"Van Buren","0","2","Tennessee","4/30/20","1","1","47175","100"
"Warren","0","7","Tennessee","4/30/20","4","3","47177","75"
"Washington","1","54","Tennessee","4/30/20","46","8","47179","17.39"
"Wayne","0","4","Tennessee","4/30/20","2","2","47181","100"
"Weakley","2","23","Tennessee","4/30/20","9","14","47183","155.56"
"White","0","7","Tennessee","4/30/20","4","3","47185","75"
"Williamson","6","411","Tennessee","4/30/20","369","42","47187","11.38"
"Wilson","8","253","Tennessee","4/30/20","196","57","47189","29.08"
"Anderson","2","29","Texas","4/30/20","16","13","48001","81.25"
"Andrews","0","19","Texas","4/30/20","19","0","48003","0"
"Angelina","3","53","Texas","4/30/20","33","20","48005","60.61"
"Aransas","0","2","Texas","4/30/20","2","0","48007","0"
"Armstrong","0","2","Texas","4/30/20","1","1","48011","100"
"Atascosa","1","19","Texas","4/30/20","14","5","48013","35.71"
"Austin","0","13","Texas","4/30/20","12","1","48015","8.33"
"Bandera","0","6","Texas","4/30/20","4","2","48019","50"
"Bastrop","3","73","Texas","4/30/20","53","20","48021","37.74"
"Bee","0","6","Texas","4/30/20","6","0","48025","0"
"Bell","5","189","Texas","4/30/20","153","36","48027","23.53"
"Bexar","30","1374","Texas","4/30/20","1167","207","48029","17.74"
"Blanco","0","6","Texas","4/30/20","6","0","48031","0"
"Bosque","0","4","Texas","4/30/20","3","1","48035","33.33"
"Bowie","1","70","Texas","4/30/20","66","4","48037","6.06"
"Brazoria","13","485","Texas","4/30/20","392","93","48039","23.72"
"Brazos","2","193","Texas","4/30/20","177","16","48041","9.04"
"Brooks","0","1","Texas","4/30/20","1","0","48047","0"
"Brown","3","36","Texas","4/30/20","17","19","48049","111.76"
"Burleson","0","12","Texas","4/30/20","11","1","48051","9.09"
"Burnet","1","19","Texas","4/30/20","14","5","48053","35.71"
"Caldwell","1","14","Texas","4/30/20","10","4","48055","40"
"Calhoun","1","30","Texas","4/30/20","23","7","48057","30.43"
"Callahan","0","2","Texas","4/30/20","1","1","48059","100"
"Cameron","10","401","Texas","4/30/20","333","68","48061","20.42"
"Camp","0","6","Texas","4/30/20","6","0","48063","0"
"Carson","0","2","Texas","4/30/20","1","1","48065","100"
"Cass","0","13","Texas","4/30/20","13","0","48067","0"
"Castro","0","13","Texas","4/30/20","13","0","48069","0"
"Chambers","0","41","Texas","4/30/20","41","0","48071","0"
"Cherokee","0","14","Texas","4/30/20","12","2","48073","16.67"
"Childress","0","1","Texas","4/30/20","1","0","48075","0"
"Clay","0","3","Texas","4/30/20","3","0","48077","0"
"Cochran","0","1","Texas","4/30/20","1","0","48079","0"
"Coleman","0","1","Texas","4/30/20","0","1","48083","1"
"Collin","14","710","Texas","4/30/20","609","101","48085","16.58"
"Colorado","0","10","Texas","4/30/20","10","0","48089","0"
"Comal","1","54","Texas","4/30/20","47","7","48091","14.89"
"Comanche","0","4","Texas","4/30/20","4","0","48093","0"
"Concho","0","1","Texas","4/30/20","1","0","48095","0"
"Cooke","1","8","Texas","4/30/20","4","4","48097","100"
"Coryell","10","155","Texas","4/30/20","86","69","48099","80.23"
"Cottle","0","2","Texas","4/30/20","0","2","48101","1"
"Crane","0","2","Texas","4/30/20","2","0","48103","0"
"Crosby","0","2","Texas","4/30/20","1","1","48107","100"
"Dallam","1","10","Texas","4/30/20","3","7","48111","233.33"
"Dallas","110","3531","Texas","4/30/20","2763","768","48113","27.8"
"Dawson","1","24","Texas","4/30/20","18","6","48115","33.33"
"Deaf Smith","2","31","Texas","4/30/20","17","14","48117","82.35"
"Delta","0","1","Texas","4/30/20","1","0","48119","0"
"Denton","12","748","Texas","4/30/20","661","87","48121","13.16"
"DeWitt","0","15","Texas","4/30/20","14","1","48123","7.14"
"Dickens","0","1","Texas","4/30/20","1","0","48125","0"
"Dimmit","0","1","Texas","4/30/20","1","0","48127","0"
"Donley","0","24","Texas","4/30/20","24","0","48129","0"
"Duval","0","2","Texas","4/30/20","1","1","48131","100"
"Eastland","0","3","Texas","4/30/20","3","0","48133","0"
"Ector","3","81","Texas","4/30/20","62","19","48135","30.65"
"El Paso","30","887","Texas","4/30/20","674","213","48141","31.6"
"Ellis","5","148","Texas","4/30/20","111","37","48139","33.33"
"Erath","0","12","Texas","4/30/20","13","-1","48143","-7.69"
"Falls","0","4","Texas","4/30/20","1","3","48145","300"
"Fannin","1","18","Texas","4/30/20","13","5","48147","38.46"
"Fayette","0","15","Texas","4/30/20","15","0","48149","0"
"Floyd","0","3","Texas","4/30/20","3","0","48153","0"
"Fort Bend","18","1018","Texas","4/30/20","889","129","48157","14.51"
"Franklin","0","1","Texas","4/30/20","1","0","48159","0"
"Freestone","0","3","Texas","4/30/20","3","0","48161","0"
"Frio","1","7","Texas","4/30/20","1","6","48163","600"
"Gaines","0","2","Texas","4/30/20","2","0","48165","0"
"Galveston","9","572","Texas","4/30/20","507","65","48167","12.82"
"Garza","0","1","Texas","4/30/20","0","1","48169","1"
"Gillespie","0","1","Texas","4/30/20","1","0","48171","0"
"Glasscock","0","1","Texas","4/30/20","0","1","48173","1"
"Goliad","0","7","Texas","4/30/20","6","1","48175","16.67"
"Gonzales","2","20","Texas","4/30/20","4","16","48177","400"
"Gray","3","47","Texas","4/30/20","27","20","48179","74.07"
"Grayson","2","31","Texas","4/30/20","19","12","48181","63.16"
"Gregg","2","73","Texas","4/30/20","59","14","48183","23.73"
"Grimes","1","19","Texas","4/30/20","10","9","48185","90"
"Guadalupe","2","80","Texas","4/30/20","64","16","48187","25"
"Hale","1","25","Texas","4/30/20","16","9","48189","56.25"
"Hamilton","0","5","Texas","4/30/20","5","0","48193","0"
"Hansford","1","6","Texas","4/30/20","2","4","48195","200"
"Hardin","1","99","Texas","4/30/20","92","7","48199","7.61"
"Harris","147","6356","Texas","4/30/20","5330","1026","48201","19.25"
"Harrison","6","102","Texas","4/30/20","63","39","48203","61.9"
"Hartley","0","4","Texas","4/30/20","2","2","48205","100"
"Hays","3","165","Texas","4/30/20","147","18","48209","12.24"
"Hemphill","0","1","Texas","4/30/20","1","0","48211","0"
"Henderson","0","25","Texas","4/30/20","22","3","48213","13.64"
"Hidalgo","6","324","Texas","4/30/20","281","43","48215","15.3"
"Hill","0","16","Texas","4/30/20","14","2","48217","14.29"
"Hockley","0","20","Texas","4/30/20","18","2","48219","11.11"
"Hood","0","19","Texas","4/30/20","17","2","48221","11.76"
"Hopkins","0","4","Texas","4/30/20","4","0","48223","0"
"Houston","0","5","Texas","4/30/20","4","1","48225","25"
"Howard","0","4","Texas","4/30/20","2","2","48227","100"
"Hunt","1","44","Texas","4/30/20","38","6","48231","15.79"
"Hutchinson","1","14","Texas","4/30/20","9","5","48233","55.56"
"Jack","0","4","Texas","4/30/20","4","0","48237","0"
"Jackson","0","6","Texas","4/30/20","6","0","48239","0"
"Jasper","1","22","Texas","4/30/20","14","8","48241","57.14"
"Jefferson","9","305","Texas","4/30/20","240","65","48245","27.08"
"Jim Hogg","0","3","Texas","4/30/20","1","2","48247","200"
"Jim Wells","0","3","Texas","4/30/20","2","1","48249","50"
"Johnson","3","69","Texas","4/30/20","50","19","48251","38"
"Jones","5","37","Texas","4/30/20","4","33","48253","825"
"Karnes","0","3","Texas","4/30/20","3","0","48255","0"
"Kaufman","4","86","Texas","4/30/20","58","28","48257","48.28"
"Kendall","0","16","Texas","4/30/20","15","1","48259","6.67"
"Kerr","0","5","Texas","4/30/20","5","0","48265","0"
"Kleberg","0","9","Texas","4/30/20","7","2","48273","28.57"
"Knox","0","1","Texas","4/30/20","1","0","48275","0"
"La Salle","0","1","Texas","4/30/20","1","0","48283","0"
"Lamar","6","51","Texas","4/30/20","8","43","48277","537.5"
"Lamb","0","3","Texas","4/30/20","2","1","48279","50"
"Lampasas","0","3","Texas","4/30/20","2","1","48281","50"
"Lavaca","0","6","Texas","4/30/20","5","1","48285","20"
"Lee","0","2","Texas","4/30/20","2","0","48287","0"
"Leon","0","5","Texas","4/30/20","5","0","48289","0"
"Liberty","1","42","Texas","4/30/20","37","5","48291","13.51"
"Limestone","0","13","Texas","4/30/20","11","2","48293","18.18"
"Lipscomb","0","2","Texas","4/30/20","0","2","48295","1"
"Live Oak","0","5","Texas","4/30/20","5","0","48297","0"
"Llano","0","3","Texas","4/30/20","3","0","48299","0"
"Lubbock","5","516","Texas","4/30/20","481","35","48303","7.28"
"Lynn","0","5","Texas","4/30/20","5","0","48305","0"
"Madison","0","2","Texas","4/30/20","2","0","48313","0"
"Marion","1","13","Texas","4/30/20","6","7","48315","116.67"
"Martin","0","2","Texas","4/30/20","2","0","48317","0"
"Mason","2","15","Texas","4/30/20","1","14","48319","1400"
"Matagorda","0","60","Texas","4/30/20","57","3","48321","5.26"
"Maverick","1","24","Texas","4/30/20","15","9","48323","60"
"McCulloch","0","3","Texas","4/30/20","3","0","48307","0"
"McLennan","1","88","Texas","4/30/20","81","7","48309","8.64"
"Medina","0","20","Texas","4/30/20","17","3","48325","17.65"
"Midland","1","76","Texas","4/30/20","67","9","48329","13.43"
"Milam","0","16","Texas","4/30/20","13","3","48331","23.08"
"Mitchell","0","1","Texas","4/30/20","1","0","48335","0"
"Montague","0","6","Texas","4/30/20","6","0","48337","0"
"Montgomery","19","602","Texas","4/30/20","467","135","48339","28.91"
"Moore","22","327","Texas","4/30/20","172","155","48341","90.12"
"Morris","0","5","Texas","4/30/20","5","0","48343","0"
"Motley","0","1","Texas","4/30/20","1","0","48345","0"
"Nacogdoches","7","157","Texas","4/30/20","111","46","48347","41.44"
"Navarro","1","30","Texas","4/30/20","25","5","48349","20"
"Newton","0","2","Texas","4/30/20","2","0","48351","0"
"Nolan","0","1","Texas","4/30/20","0","1","48353","1"
"Nueces","1","99","Texas","4/30/20","91","8","48355","8.79"
"Ochiltree","4","25","Texas","4/30/20","0","25","48357","1"
"Oldham","0","3","Texas","4/30/20","3","0","48359","0"
"Orange","1","70","Texas","4/30/20","63","7","48361","11.11"
"Palo Pinto","0","7","Texas","4/30/20","7","0","48363","0"
"Panola","5","107","Texas","4/30/20","75","32","48365","42.67"
"Parker","1","30","Texas","4/30/20","22","8","48367","36.36"
"Parmer","0","6","Texas","4/30/20","3","3","48369","100"
"Pecos","0","9","Texas","4/30/20","6","3","48371","50"
"Polk","0","19","Texas","4/30/20","18","1","48373","5.56"
"Potter","42","499","Texas","4/30/20","204","295","48375","144.61"
"Rains","0","2","Texas","4/30/20","2","0","48379","0"
"Randall","13","213","Texas","4/30/20","125","88","48381","70.4"
"Red River","0","1","Texas","4/30/20","1","0","48387","0"
"Reeves","0","5","Texas","4/30/20","2","3","48389","150"
"Roberts","0","2","Texas","4/30/20","2","0","48393","0"
"Robertson","0","4","Texas","4/30/20","2","2","48395","100"
"Rockwall","4","75","Texas","4/30/20","48","27","48397","56.25"
"Runnels","0","1","Texas","4/30/20","0","1","48399","1"
"Rusk","1","35","Texas","4/30/20","30","5","48401","16.67"
"Sabine","0","1","Texas","4/30/20","1","0","48403","0"
"San Augustine","0","16","Texas","4/30/20","15","1","48405","6.67"
"San Jacinto","0","9","Texas","4/30/20","10","-1","48407","-10"
"San Patricio","0","13","Texas","4/30/20","11","2","48409","18.18"
"Scurry","0","2","Texas","4/30/20","2","0","48415","0"
"Shelby","3","106","Texas","4/30/20","85","21","48419","24.71"
"Sherman","1","15","Texas","4/30/20","10","5","48421","50"
"Smith","2","142","Texas","4/30/20","131","11","48423","8.4"
"Starr","0","9","Texas","4/30/20","7","2","48427","28.57"
"Stephens","0","1","Texas","4/30/20","1","0","48429","0"
"Swisher","0","9","Texas","4/30/20","6","3","48437","50"
"Tarrant","98","2246","Texas","4/30/20","1559","687","48439","44.07"
"Taylor","14","291","Texas","4/30/20","191","100","48441","52.36"
"Terry","0","11","Texas","4/30/20","10","1","48445","10"
"Titus","1","16","Texas","4/30/20","12","4","48449","33.33"
"Tom Green","1","49","Texas","4/30/20","41","8","48451","19.51"
"Travis","49","1654","Texas","4/30/20","1312","342","48453","26.07"
"Trinity","0","8","Texas","4/30/20","8","0","48455","0"
"Tyler","0","6","Texas","4/30/20","6","0","48457","0"
"Upshur","0","14","Texas","4/30/20","12","2","48459","16.67"
"Uvalde","0","6","Texas","4/30/20","6","0","48463","0"
"Val Verde","0","13","Texas","4/30/20","12","1","48465","8.33"
"Van Zandt","0","14","Texas","4/30/20","13","1","48467","7.69"
"Victoria","4","132","Texas","4/30/20","105","27","48469","25.71"
"Walker","16","245","Texas","4/30/20","136","109","48471","80.15"
"Waller","1","32","Texas","4/30/20","27","5","48473","18.52"
"Washington","9","142","Texas","4/30/20","78","64","48477","82.05"
"Webb","5","358","Texas","4/30/20","321","37","48479","11.53"
"Wharton","0","37","Texas","4/30/20","36","1","48481","2.78"
"Wheeler","1","7","Texas","4/30/20","1","6","48483","600"
"Wichita","0","65","Texas","4/30/20","62","3","48485","4.84"
"Wilbarger","0","1","Texas","4/30/20","1","0","48487","0"
"Willacy","0","13","Texas","4/30/20","10","3","48489","30"
"Williamson","19","301","Texas","4/30/20","167","134","48491","80.24"
"Wilson","1","32","Texas","4/30/20","25","7","48493","28"
"Winkler","0","3","Texas","4/30/20","3","0","48495","0"
"Wise","0","17","Texas","4/30/20","14","3","48497","21.43"
"Wood","0","8","Texas","4/30/20","7","1","48499","14.29"
"Yoakum","0","1","Texas","4/30/20","1","0","48501","0"
"Young","0","4","Texas","4/30/20","4","0","48503","0"
"Zapata","0","7","Texas","4/30/20","7","0","48505","0"
"Zavala","0","1","Texas","4/30/20","1","0","48507","0"
"Bear River","1","60","Utah","4/30/20","56","4","00000","7.14"
"Central Utah","0","23","Utah","4/30/20","21","2","00000","9.52"
"Davis","4","285","Utah","4/30/20","254","31","49011","12.2"
"Salt Lake","78","2438","Utah","4/30/20","1889","549","49035","29.06"
"San Juan","1","46","Utah","4/30/20","37","9","49037","24.32"
"Southeast Utah","1","12","Utah","4/30/20","7","5","00000","71.43"
"Southwest Utah","3","98","Utah","4/30/20","76","22","00000","28.95"
"Summit","4","369","Utah","4/30/20","343","26","49043","7.58"
"Tooele","3","65","Utah","4/30/20","46","19","49045","41.3"
"TriCounty","1","13","Utah","4/30/20","9","4","00000","44.44"
"Utah","49","957","Utah","4/30/20","611","346","49049","56.63"
"Wasatch","3","148","Utah","4/30/20","127","21","49051","16.54"
"Weber-Morgan","3","158","Utah","4/30/20","136","22","00000","16.18"
"Addison","0","61","Vermont","4/30/20","61","0","50001","0"
"Bennington","1","44","Vermont","4/30/20","37","7","50003","18.92"
"Caledonia","0","13","Vermont","4/30/20","12","1","50005","8.33"
"Chittenden","3","418","Vermont","4/30/20","395","23","50007","5.82"
"Essex","0","2","Vermont","4/30/20","2","0","50009","0"
"Franklin","0","91","Vermont","4/30/20","90","1","50011","1.11"
"Grand Isle","0","3","Vermont","4/30/20","3","0","50013","0"
"Lamoille","0","26","Vermont","4/30/20","25","1","50015","4"
"Orange","0","7","Vermont","4/30/20","6","1","50017","16.67"
"Orleans","0","9","Vermont","4/30/20","9","0","50019","0"
"Rutland","0","45","Vermont","4/30/20","44","1","50021","2.27"
"Washington","0","33","Vermont","4/30/20","33","0","50023","0"
"Windham","1","71","Vermont","4/30/20","67","4","50025","5.97"
"Windsor","0","40","Vermont","4/30/20","38","2","50027","5.26"
"","2","66","Virgin Islands","4/30/20","54","12",,"22.22"
"Accomack","27","264","Virginia","4/30/20","76","188","51001","247.37"
"Albemarle","5","103","Virginia","4/30/20","71","32","51003","45.07"
"Alexandria","35","754","Virginia","4/30/20","512","242","51510","47.27"
"Alleghany","0","6","Virginia","4/30/20","5","1","51005","20"
"Amelia","0","15","Virginia","4/30/20","15","0","51007","0"
"Amherst","0","12","Virginia","4/30/20","9","3","51009","33.33"
"Appomattox","1","20","Virginia","4/30/20","12","8","51011","66.67"
"Arlington","40","967","Virginia","4/30/20","686","281","51013","40.96"
"Augusta","1","43","Virginia","4/30/20","33","10","51015","30.3"
"Bedford","1","30","Virginia","4/30/20","21","9","51019","42.86"
"Botetourt","0","28","Virginia","4/30/20","26","2","51023","7.69"
"Bristol","0","1","Virginia","4/30/20","1","0","51520","0"
"Brunswick","0","14","Virginia","4/30/20","13","1","51025","7.69"
"Buchanan","1","16","Virginia","4/30/20","12","4","51027","33.33"
"Buckingham","4","58","Virginia","4/30/20","31","27","51029","87.1"
"Buena Vista","0","6","Virginia","4/30/20","5","1","51530","20"
"Campbell","0","12","Virginia","4/30/20","10","2","51031","20"
"Caroline","1","27","Virginia","4/30/20","21","6","51033","28.57"
"Carroll","1","11","Virginia","4/30/20","3","8","51035","266.67"
"Charles City","0","13","Virginia","4/30/20","12","1","51036","8.33"
"Charlotte","0","7","Virginia","4/30/20","8","-1","51037","-12.5"
"Charlottesville","2","56","Virginia","4/30/20","44","12","51540","27.27"
"Chesapeake","8","242","Virginia","4/30/20","186","56","51550","30.11"
"Chesterfield","18","531","Virginia","4/30/20","402","129","51041","32.09"
"Clarke","0","8","Virginia","4/30/20","7","1","51043","14.29"
"Colonial Heights","2","54","Virginia","4/30/20","41","13","51570","31.71"
"Covington","0","1","Virginia","4/30/20","1","0","51580","0"
"Craig","0","3","Virginia","4/30/20","2","1","51045","50"
"Culpeper","8","141","Virginia","4/30/20","84","57","51047","67.86"
"Cumberland","0","13","Virginia","4/30/20","10","3","51049","30"
"Danville","1","35","Virginia","4/30/20","31","4","51590","12.9"
"Dinwiddie","1","16","Virginia","4/30/20","12","4","51053","33.33"
"Emporia","1","23","Virginia","4/30/20","18","5","51595","27.78"
"Essex","1","7","Virginia","4/30/20","3","4","51057","133.33"
"Fairfax","178","3611","Virginia","4/30/20","2362","1249","51059","52.88"
"Fairfax City","0","27","Virginia","4/30/20","26","1","51600","3.85"
"Falls Church","0","26","Virginia","4/30/20","25","1","51610","4"
"Fauquier","7","111","Virginia","4/30/20","64","47","51061","73.44"
"Floyd","0","2","Virginia","4/30/20","1","1","51063","100"
"Fluvanna","0","73","Virginia","4/30/20","72","1","51065","1.39"
"Franklin","1","21","Virginia","4/30/20","17","4","51067","23.53"
"Franklin City","1","20","Virginia","4/30/20","15","5","51620","33.33"
"Frederick","3","105","Virginia","4/30/20","87","18","51069","20.69"
"Fredericksburg","2","33","Virginia","4/30/20","20","13","51630","65"
"Galax","0","4","Virginia","4/30/20","1","3","51640","300"
"Giles","0","4","Virginia","4/30/20","4","0","51071","0"
"Gloucester","0","23","Virginia","4/30/20","21","2","51073","9.52"
"Goochland","2","76","Virginia","4/30/20","63","13","51075","20.63"
"Grayson","0","2","Virginia","4/30/20","0","2","51077","1"
"Greene","0","10","Virginia","4/30/20","10","0","51079","0"
"Greensville","1","39","Virginia","4/30/20","30","9","51081","30"
"Halifax","1","18","Virginia","4/30/20","13","5","51083","38.46"
"Hampton","2","115","Virginia","4/30/20","99","16","51650","16.16"
"Hanover","3","118","Virginia","4/30/20","99","19","51085","19.19"
"Harrisonburg","11","426","Virginia","4/30/20","346","80","51660","23.12"
"Henrico","23","876","Virginia","4/30/20","718","158","51087","22.01"
"Henry","1","16","Virginia","4/30/20","10","6","51089","60"
"Highland","0","2","Virginia","4/30/20","1","1","51091","100"
"Hopewell","1","24","Virginia","4/30/20","19","5","51670","26.32"
"Isle of Wight","1","99","Virginia","4/30/20","91","8","51093","8.79"
"James City","1","158","Virginia","4/30/20","149","9","51095","6.04"
"King and Queen","0","2","Virginia","4/30/20","2","0","51097","0"
"King George","2","32","Virginia","4/30/20","21","11","51099","52.38"
"King William","0","5","Virginia","4/30/20","3","2","51101","66.67"
"Lancaster","0","2","Virginia","4/30/20","1","1","51103","100"
"Lee","0","9","Virginia","4/30/20","7","2","51105","28.57"
"Lexington","0","3","Virginia","4/30/20","3","0","51678","0"
"Loudoun","35","746","Virginia","4/30/20","498","248","51107","49.8"
"Louisa","1","43","Virginia","4/30/20","38","5","51109","13.16"
"Lunenburg","0","4","Virginia","4/30/20","3","1","51111","33.33"
"Lynchburg","1","53","Virginia","4/30/20","47","6","51680","12.77"
"Madison","0","14","Virginia","4/30/20","14","0","51113","0"
"Manassas","13","216","Virginia","4/30/20","127","89","51683","70.08"
"Manassas Park","3","61","Virginia","4/30/20","38","23","51685","60.53"
"Martinsville","0","2","Virginia","4/30/20","0","2","51690","1"
"Mathews","0","4","Virginia","4/30/20","3","1","51115","33.33"
"Mecklenburg","4","100","Virginia","4/30/20","71","29","51117","40.85"
"Middlesex","1","8","Virginia","4/30/20","3","5","51119","166.67"
"Montgomery","1","56","Virginia","4/30/20","50","6","51121","12"
"Nelson","0","8","Virginia","4/30/20","7","1","51125","14.29"
"New Kent","0","23","Virginia","4/30/20","20","3","51127","15"
"Newport News","2","118","Virginia","4/30/20","105","13","51700","12.38"
"Norfolk","9","198","Virginia","4/30/20","136","62","51710","45.59"
"Northampton","7","64","Virginia","4/30/20","12","52","51131","433.33"
"Northumberland","0","9","Virginia","4/30/20","6","3","51133","50"
"Norton","0","2","Virginia","4/30/20","2","0","51720","0"
"Nottoway","1","12","Virginia","4/30/20","8","4","51135","50"
"Orange","1","31","Virginia","4/30/20","22","9","51137","40.91"
"Page","11","100","Virginia","4/30/20","22","78","51139","354.55"
"Patrick","0","2","Virginia","4/30/20","1","1","51141","100"
"Petersburg","1","31","Virginia","4/30/20","27","4","51730","14.81"
"Pittsylvania","0","13","Virginia","4/30/20","11","2","51143","18.18"
"Poquoson","0","6","Virginia","4/30/20","6","0","51735","0"
"Portsmouth","9","158","Virginia","4/30/20","98","60","51740","61.22"
"Powhatan","1","13","Virginia","4/30/20","9","4","51145","44.44"
"Prince Edward","3","49","Virginia","4/30/20","29","20","51147","68.97"
"Prince George","1","33","Virginia","4/30/20","29","4","51149","13.79"
"Prince William","88","1645","Virginia","4/30/20","1027","618","51153","60.18"
"Pulaski","0","9","Virginia","4/30/20","9","0","51155","0"
"Radford","0","3","Virginia","4/30/20","2","1","51750","50"
"Rappahannock","1","5","Virginia","4/30/20","1","4","51157","400"
"Richmond","11","144","Virginia","4/30/20","66","78","51159","118.18"
"Richmond City","11","339","Virginia","4/30/20","259","80","51760","30.89"
"Roanoke","2","51","Virginia","4/30/20","34","17","51161","50"
"Roanoke City","6","73","Virginia","4/30/20","28","45","51770","160.71"
"Rockbridge","0","6","Virginia","4/30/20","5","1","51163","20"
"Rockingham","11","240","Virginia","4/30/20","163","77","51165","47.24"
"Russell","0","3","Virginia","4/30/20","2","1","51167","50"
"Salem","3","26","Virginia","4/30/20","8","18","51775","225"
"Scott","0","7","Virginia","4/30/20","5","2","51169","40"
"Shenandoah","7","108","Virginia","4/30/20","58","50","51171","86.21"
"Smyth","0","13","Virginia","4/30/20","13","0","51173","0"
"Southampton","8","125","Virginia","4/30/20","71","54","51175","76.06"
"Spotsylvania","7","143","Virginia","4/30/20","94","49","51177","52.13"
"Stafford","9","240","Virginia","4/30/20","180","60","51179","33.33"
"Staunton","0","12","Virginia","4/30/20","10","2","51790","20"
"Suffolk","5","169","Virginia","4/30/20","136","33","51800","24.26"
"Surry","0","4","Virginia","4/30/20","4","0","51181","0"
"Sussex","1","31","Virginia","4/30/20","25","6","51183","24"
"Tazewell","0","6","Virginia","4/30/20","4","2","51185","50"
"Virginia Beach","8","385","Virginia","4/30/20","328","57","51810","17.38"
"Warren","3","52","Virginia","4/30/20","30","22","51187","73.33"
"Washington","1","36","Virginia","4/30/20","30","6","51191","20"
"Waynesboro","0","11","Virginia","4/30/20","9","2","51820","22.22"
"Westmoreland","1","21","Virginia","4/30/20","14","7","51193","50"
"Williamsburg","1","18","Virginia","4/30/20","14","4","51830","28.57"
"Winchester","1","37","Virginia","4/30/20","30","7","51840","23.33"
"Wise","0","22","Virginia","4/30/20","20","2","51195","10"
"Wythe","0","11","Virginia","4/30/20","11","0","51197","0"
"York","0","46","Virginia","4/30/20","43","3","51199","6.98"
"Adams","0","47","Washington","4/30/20","45","2","53001","4.44"
"Asotin","0","18","Washington","4/30/20","16","2","53003","12.5"
"Benton","9","430","Washington","4/30/20","365","65","53005","17.81"
"Chelan","3","108","Washington","4/30/20","88","20","53007","22.73"
"Clallam","1","18","Washington","4/30/20","14","4","53009","28.57"
"Clark","4","321","Washington","4/30/20","291","30","53011","10.31"
"Columbia","0","1","Washington","4/30/20","1","0","53013","0"
"Cowlitz","1","45","Washington","4/30/20","35","10","53015","28.57"
"Douglas","2","78","Washington","4/30/20","63","15","53017","23.81"
"Ferry","0","1","Washington","4/30/20","1","0","53019","0"
"Franklin","7","279","Washington","4/30/20","233","46","53021","19.74"
"Grant","2","159","Washington","4/30/20","146","13","53025","8.9"
"Grays Harbor","0","12","Washington","4/30/20","12","0","53027","0"
"Island","1","168","Washington","4/30/20","160","8","53029","5"
"Jefferson","0","28","Washington","4/30/20","28","0","53031","0"
"King","96","6207","Washington","4/30/20","5532","675","53033","12.2"
"Kitsap","1","149","Washington","4/30/20","144","5","53035","3.47"
"Kittitas","0","14","Washington","4/30/20","14","0","53037","0"
"Klickitat","0","17","Washington","4/30/20","16","1","53039","6.25"
"Lewis","1","29","Washington","4/30/20","22","7","53041","31.82"
"Lincoln","0","2","Washington","4/30/20","2","0","53043","0"
"Mason","0","23","Washington","4/30/20","22","1","53045","4.55"
"Okanogan","1","22","Washington","4/30/20","16","6","53047","37.5"
"Pacific","0","4","Washington","4/30/20","4","0","53049","0"
"Pend Oreille","0","2","Washington","4/30/20","2","0","53051","0"
"Pierce","19","1322","Washington","4/30/20","1192","130","53053","10.91"
"San Juan","0","14","Washington","4/30/20","14","0","53055","0"
"Skagit","7","329","Washington","4/30/20","280","49","53057","17.5"
"Skamania","0","3","Washington","4/30/20","3","0","53059","0"
"Snohomish","31","2433","Washington","4/30/20","2216","217","53061","9.79"
"Spokane","5","357","Washington","4/30/20","320","37","53063","11.56"
"Stevens","0","9","Washington","4/30/20","9","0","53065","0"
"Thurston","1","105","Washington","4/30/20","96","9","53067","9.38"
"Wahkiakum","0","2","Washington","4/30/20","2","0","53069","0"
"Walla Walla","4","67","Washington","4/30/20","41","26","53071","63.41"
"Whatcom","3","302","Washington","4/30/20","282","20","53073","7.09"
"Whitman","0","14","Washington","4/30/20","13","1","53075","7.69"
"Yakima","36","1128","Washington","4/30/20","879","249","53077","28.33"
"Barbour","0","5","West Virginia","4/30/20","4","1","54001","25"
"Berkeley","3","145","West Virginia","4/30/20","127","18","54003","14.17"
"Boone","0","3","West Virginia","4/30/20","2","1","54005","50"
"Braxton","0","2","West Virginia","4/30/20","1","1","54007","100"
"Brooke","0","3","West Virginia","4/30/20","3","0","54009","0"
"Cabell","1","42","West Virginia","4/30/20","38","4","54011","10.53"
"Fayette","1","13","West Virginia","4/30/20","8","5","54019","62.5"
"Gilmer","0","2","West Virginia","4/30/20","0","2","54021","1"
"Grant","0","1","West Virginia","4/30/20","1","0","54023","0"
"Greenbrier","0","3","West Virginia","4/30/20","3","0","54025","0"
"Hampshire","0","7","West Virginia","4/30/20","7","0","54027","0"
"Hancock","0","10","West Virginia","4/30/20","7","3","54029","42.86"
"Hardy","0","5","West Virginia","4/30/20","3","2","54031","66.67"
"Harrison","0","30","West Virginia","4/30/20","30","0","54033","0"
"Jackson","3","130","West Virginia","4/30/20","112","18","54035","16.07"
"Jefferson","2","79","West Virginia","4/30/20","67","12","54037","17.91"
"Kanawha","3","160","West Virginia","4/30/20","142","18","54039","12.68"
"Lewis","0","4","West Virginia","4/30/20","3","1","54041","33.33"
"Lincoln","0","2","West Virginia","4/30/20","1","1","54043","100"
"Logan","0","13","West Virginia","4/30/20","11","2","54045","18.18"
"Marion","0","45","West Virginia","4/30/20","44","1","54049","2.27"
"Marshall","1","12","West Virginia","4/30/20","8","4","54051","50"
"Mason","0","12","West Virginia","4/30/20","11","1","54053","9.09"
"McDowell","0","6","West Virginia","4/30/20","6","0","54047","0"
"Mercer","0","10","West Virginia","4/30/20","9","1","54055","11.11"
"Mineral","1","17","West Virginia","4/30/20","11","6","54057","54.55"
"Mingo","0","2","West Virginia","4/30/20","2","0","54059","0"
"Monongalia","2","102","West Virginia","4/30/20","89","13","54061","14.61"
"Monroe","0","5","West Virginia","4/30/20","5","0","54063","0"
"Morgan","1","11","West Virginia","4/30/20","7","4","54065","57.14"
"Nicholas","0","6","West Virginia","4/30/20","5","1","54067","20"
"Ohio","0","27","West Virginia","4/30/20","24","3","54069","12.5"
"Pendleton","0","3","West Virginia","4/30/20","1","2","54071","200"
"Pleasants","0","2","West Virginia","4/30/20","2","0","54073","0"
"Pocahontas","0","2","West Virginia","4/30/20","0","2","54075","1"
"Preston","0","13","West Virginia","4/30/20","12","1","54077","8.33"
"Putnam","1","25","West Virginia","4/30/20","19","6","54079","31.58"
"Raleigh","0","8","West Virginia","4/30/20","8","0","54081","0"
"Randolph","0","4","West Virginia","4/30/20","4","0","54083","0"
"Roane","0","6","West Virginia","4/30/20","4","2","54087","50"
"Summers","0","1","West Virginia","4/30/20","1","0","54089","0"
"Taylor","0","6","West Virginia","4/30/20","5","1","54091","20"
"Tucker","0","4","West Virginia","4/30/20","4","0","54093","0"
"Tyler","0","3","West Virginia","4/30/20","3","0","54095","0"
"Upshur","0","4","West Virginia","4/30/20","4","0","54097","0"
"Wayne","1","85","West Virginia","4/30/20","81","4","54099","4.94"
"Wetzel","0","3","West Virginia","4/30/20","3","0","54103","0"
"Wirt","0","3","West Virginia","4/30/20","3","0","54105","0"
"Wood","0","38","West Virginia","4/30/20","35","3","54107","8.57"
"Wyoming","0","1","West Virginia","4/30/20","1","0","54109","0"
"Adams","0","4","Wisconsin","4/30/20","4","0","55001","0"
"Ashland","0","2","Wisconsin","4/30/20","2","0","55003","0"
"Barron","0","6","Wisconsin","4/30/20","6","0","55005","0"
"Bayfield","0","3","Wisconsin","4/30/20","3","0","55007","0"
"Brown","86","1057","Wisconsin","4/30/20","455","602","55009","132.31"
"Buffalo","0","4","Wisconsin","4/30/20","4","0","55011","0"
"Calumet","1","13","Wisconsin","4/30/20","6","7","55015","116.67"
"Chippewa","0","22","Wisconsin","4/30/20","20","2","55017","10"
"Clark","0","20","Wisconsin","4/30/20","18","2","55019","11.11"
"Columbia","0","27","Wisconsin","4/30/20","27","0","55021","0"
"Crawford","0","3","Wisconsin","4/30/20","3","0","55023","0"
"Dane","6","428","Wisconsin","4/30/20","387","41","55025","10.59"
"Dodge","2","33","Wisconsin","4/30/20","20","13","55027","65"
"Door","0","12","Wisconsin","4/30/20","9","3","55029","33.33"
"Douglas","0","9","Wisconsin","4/30/20","9","0","55031","0"
"Dunn","0","9","Wisconsin","4/30/20","9","0","55033","0"
"Eau Claire","1","28","Wisconsin","4/30/20","23","5","55035","21.74"
"Florence","0","2","Wisconsin","4/30/20","2","0","55037","0"
"Fond du Lac","0","69","Wisconsin","4/30/20","66","3","55039","4.55"
"Grant","2","37","Wisconsin","4/30/20","26","11","55043","42.31"
"Green","0","12","Wisconsin","4/30/20","10","2","55045","20"
"Green Lake","0","2","Wisconsin","4/30/20","1","1","55047","100"
"Iowa","0","7","Wisconsin","4/30/20","7","0","55049","0"
"Iron","0","2","Wisconsin","4/30/20","2","0","55051","0"
"Jackson","0","12","Wisconsin","4/30/20","12","0","55053","0"
"Jefferson","1","45","Wisconsin","4/30/20","37","8","55055","21.62"
"Juneau","1","17","Wisconsin","4/30/20","11","6","55057","54.55"
"Kenosha","14","391","Wisconsin","4/30/20","294","97","55059","32.99"
"Kewaunee","1","14","Wisconsin","4/30/20","10","4","55061","40"
"La Crosse","0","28","Wisconsin","4/30/20","25","3","55063","12"
"Lafayette","0","4","Wisconsin","4/30/20","4","0","55065","0"
"Manitowoc","1","11","Wisconsin","4/30/20","7","4","55071","57.14"
"Marathon","0","18","Wisconsin","4/30/20","17","1","55073","5.88"
"Marinette","0","8","Wisconsin","4/30/20","8","0","55075","0"
"Marquette","0","3","Wisconsin","4/30/20","3","0","55077","0"
"Menominee","0","1","Wisconsin","4/30/20","1","0","55078","0"
"Milwaukee","80","2940","Wisconsin","4/30/20","2382","558","55079","23.43"
"Monroe","0","14","Wisconsin","4/30/20","14","0","55081","0"
"Oconto","1","10","Wisconsin","4/30/20","5","5","55083","100"
"Oneida","0","6","Wisconsin","4/30/20","6","0","55085","0"
"Outagamie","2","54","Wisconsin","4/30/20","38","16","55087","42.11"
"Ozaukee","1","88","Wisconsin","4/30/20","80","8","55089","10"
"Pierce","0","10","Wisconsin","4/30/20","8","2","55093","25"
"Polk","0","4","Wisconsin","4/30/20","4","0","55095","0"
"Portage","0","5","Wisconsin","4/30/20","4","1","55097","25"
"Price","0","1","Wisconsin","4/30/20","1","0","55099","0"
"Racine","20","355","Wisconsin","4/30/20","215","140","55101","65.12"
"Richland","0","12","Wisconsin","4/30/20","10","2","55103","20"
"Rock","14","198","Wisconsin","4/30/20","99","99","55105","100"
"Rusk","0","4","Wisconsin","4/30/20","4","0","55107","0"
"Sauk","1","45","Wisconsin","4/30/20","37","8","55111","21.62"
"Sawyer","0","3","Wisconsin","4/30/20","2","1","55113","50"
"Shawano","1","10","Wisconsin","4/30/20","6","4","55115","66.67"
"Sheboygan","0","47","Wisconsin","4/30/20","44","3","55117","6.82"
"St. Croix","0","16","Wisconsin","4/30/20","13","3","55109","23.08"
"Trempealeau","0","3","Wisconsin","4/30/20","1","2","55121","200"
"Vernon","0","1","Wisconsin","4/30/20","0","1","55123","1"
"Vilas","0","4","Wisconsin","4/30/20","4","0","55125","0"
"Walworth","9","161","Wisconsin","4/30/20","100","61","55127","61"
"Washburn","0","1","Wisconsin","4/30/20","1","0","55129","0"
"Washington","1","98","Wisconsin","4/30/20","90","8","55131","8.89"
"Waukesha","8","336","Wisconsin","4/30/20","280","56","55133","20"
"Waupaca","0","8","Wisconsin","4/30/20","6","2","55135","33.33"
"Waushara","0","2","Wisconsin","4/30/20","2","0","55137","0"
"Winnebago","1","53","Wisconsin","4/30/20","46","7","55139","15.22"
"Wood","0","2","Wisconsin","4/30/20","2","0","55141","0"
"Albany","0","8","Wyoming","4/30/20","6","2","56001","33.33"
"Big Horn","0","3","Wyoming","4/30/20","2","1","56003","50"
"Campbell","1","24","Wyoming","4/30/20","18","6","56005","33.33"
"Carbon","0","4","Wyoming","4/30/20","4","0","56007","0"
"Converse","1","22","Wyoming","4/30/20","16","6","56009","37.5"
"Crook","0","5","Wyoming","4/30/20","5","0","56011","0"
"Fremont","8","116","Wyoming","4/30/20","59","57","56013","96.61"
"Goshen","0","4","Wyoming","4/30/20","4","0","56015","0"
"Hot Springs","0","3","Wyoming","4/30/20","3","0","56017","0"
"Johnson","0","15","Wyoming","4/30/20","15","0","56019","0"
"Laramie","4","145","Wyoming","4/30/20","117","28","56021","23.93"
"Lincoln","0","9","Wyoming","4/30/20","9","0","56023","0"
"Natrona","0","49","Wyoming","4/30/20","49","0","56025","0"
"Niobrara","0","2","Wyoming","4/30/20","2","0","56027","0"
"Park","0","1","Wyoming","4/30/20","1","0","56029","0"
"Sheridan","0","16","Wyoming","4/30/20","16","0","56033","0"
"Sublette","0","3","Wyoming","4/30/20","3","0","56035","0"
"Sweetwater","0","18","Wyoming","4/30/20","16","2","56037","12.5"
"Teton","0","96","Wyoming","4/30/20","93","3","56039","3.23"
"Uinta","0","8","Wyoming","4/30/20","7","1","56041","14.29"
"Washakie","0","8","Wyoming","4/30/20","8","0","56043","0"
