"Locality","DailyAvgNewCasesPast7Days","TotalCases","State","Date","TotalCases7DaysAgo","NewCasesPast7Days","FIPS-Code","PercentIncreaseTotalCasesPast7Days"
"Autauga","2","53","Alabama","5/5/20","40","13","01001","32.5"
"Baldwin","3","189","Alabama","5/5/20","171","18","01003","10.53"
"Barbour","1","47","Alabama","5/5/20","37","10","01005","27.03"
"Bibb","0","43","Alabama","5/5/20","42","1","01007","2.38"
"Blount","1","40","Alabama","5/5/20","34","6","01009","17.65"
"Bullock","1","18","Alabama","5/5/20","12","6","01011","50"
"Butler","11","120","Alabama","5/5/20","45","75","01013","166.67"
"Calhoun","3","114","Alabama","5/5/20","92","22","01015","23.91"
"Chambers","2","304","Alabama","5/5/20","291","13","01017","4.47"
"Cherokee","0","17","Alabama","5/5/20","15","2","01019","13.33"
"Chilton","1","60","Alabama","5/5/20","52","8","01021","15.38"
"Choctaw","2","54","Alabama","5/5/20","39","15","01023","38.46"
"Clarke","2","43","Alabama","5/5/20","28","15","01025","53.57"
"Clay","1","24","Alabama","5/5/20","19","5","01027","26.32"
"Cleburne","0","13","Alabama","5/5/20","12","1","01029","8.33"
"Coffee","4","134","Alabama","5/5/20","105","29","01031","27.62"
"Colbert","2","42","Alabama","5/5/20","27","15","01033","55.56"
"Conecuh","0","9","Alabama","5/5/20","9","0","01035","0"
"Coosa","0","31","Alabama","5/5/20","31","0","01037","0"
"Covington","2","46","Alabama","5/5/20","35","11","01039","31.43"
"Crenshaw","1","26","Alabama","5/5/20","16","10","01041","62.5"
"Cullman","1","58","Alabama","5/5/20","52","6","01043","11.54"
"Dale","1","34","Alabama","5/5/20","25","9","01045","36"
"Dallas","4","68","Alabama","5/5/20","37","31","01047","83.78"
"DeKalb","3","99","Alabama","5/5/20","76","23","01049","30.26"
"Elmore","6","121","Alabama","5/5/20","82","39","01051","47.56"
"Escambia","1","31","Alabama","5/5/20","27","4","01053","14.81"
"Etowah","3","152","Alabama","5/5/20","130","22","01055","16.92"
"Fayette","0","6","Alabama","5/5/20","5","1","01057","20"
"Franklin","15","152","Alabama","5/5/20","44","108","01059","245.45"
"Geneva","0","11","Alabama","5/5/20","8","3","01061","37.5"
"Greene","2","61","Alabama","5/5/20","47","14","01063","29.79"
"Hale","3","59","Alabama","5/5/20","41","18","01065","43.9"
"Henry","1","27","Alabama","5/5/20","22","5","01067","22.73"
"Houston","2","98","Alabama","5/5/20","84","14","01069","16.67"
"Jackson","1","53","Alabama","5/5/20","46","7","01071","15.22"
"Jefferson","23","1020","Alabama","5/5/20","861","159","01073","18.47"
"Lamar","0","13","Alabama","5/5/20","10","3","01075","30"
"Lauderdale","5","68","Alabama","5/5/20","30","38","01077","126.67"
"Lawrence","1","16","Alabama","5/5/20","12","4","01079","33.33"
"Lee","4","408","Alabama","5/5/20","377","31","01081","8.22"
"Limestone","1","48","Alabama","5/5/20","44","4","01083","9.09"
"Lowndes","4","80","Alabama","5/5/20","53","27","01085","50.94"
"Macon","1","41","Alabama","5/5/20","35","6","01087","17.14"
"Madison","2","238","Alabama","5/5/20","222","16","01089","7.21"
"Marengo","3","68","Alabama","5/5/20","44","24","01091","54.55"
"Marion","2","90","Alabama","5/5/20","76","14","01093","18.42"
"Marshall","18","439","Alabama","5/5/20","313","126","01095","40.26"
"Mobile","39","1265","Alabama","5/5/20","994","271","01097","27.26"
"Monroe","0","13","Alabama","5/5/20","12","1","01099","8.33"
"Montgomery","22","456","Alabama","5/5/20","302","154","01101","50.99"
"Morgan","1","78","Alabama","5/5/20","68","10","01103","14.71"
"Perry","1","16","Alabama","5/5/20","9","7","01105","77.78"
"Pickens","1","57","Alabama","5/5/20","47","10","01107","21.28"
"Pike","2","82","Alabama","5/5/20","65","17","01109","26.15"
"Randolph","3","82","Alabama","5/5/20","62","20","01111","32.26"
"Russell","1","63","Alabama","5/5/20","55","8","01113","14.55"
"Shelby","2","335","Alabama","5/5/20","319","16","01117","5.02"
"St. Clair","1","76","Alabama","5/5/20","70","6","01115","8.57"
"Sumter","4","85","Alabama","5/5/20","55","30","01119","54.55"
"Talladega","1","67","Alabama","5/5/20","59","8","01121","13.56"
"Tallapoosa","3","303","Alabama","5/5/20","279","24","01123","8.6"
"Tuscaloosa","6","243","Alabama","5/5/20","199","44","01125","22.11"
"Walker","1","100","Alabama","5/5/20","94","6","01127","6.38"
"Washington","1","42","Alabama","5/5/20","33","9","01129","27.27"
"Wilcox","2","72","Alabama","5/5/20","60","12","01131","20"
"Winston","0","16","Alabama","5/5/20","13","3","01133","23.08"
"Anchorage","2","190","Alaska","5/5/20","175","15","02020","8.57"
"Bethel","0","1","Alaska","5/5/20","1","0","02050","0"
"Fairbanks North Star","0","83","Alaska","5/5/20","81","2","02090","2.47"
"Juneau","0","27","Alaska","5/5/20","27","0","02110","0"
"Kenai Peninsula","0","22","Alaska","5/5/20","19","3","02122","15.79"
"Ketchikan Gateway","0","16","Alaska","5/5/20","16","0","02130","0"
"Kodiak Island","0","1","Alaska","5/5/20","1","0","02150","0"
"Matanuska-Susitna","0","21","Alaska","5/5/20","21","0","02170","0"
"Nome","0","1","Alaska","5/5/20","1","0","02180","0"
"Petersburg","0","4","Alaska","5/5/20","4","0","02195","0"
"Prince of Wales-Hyder","0","2","Alaska","5/5/20","2","0","02198","0"
"Sitka","0","1","Alaska","5/5/20","1","0","02220","0"
"Southeast Fairbanks","0","1","Alaska","5/5/20","1","0","02240","0"
"Yukon-Koyukuk","0","1","Alaska","5/5/20","1","0","02290","0"
"Apache","28","576","Arizona","5/5/20","380","196","04001","51.58"
"Cochise","0","39","Arizona","5/5/20","37","2","04003","5.41"
"Coconino","17","561","Arizona","5/5/20","439","122","04005","27.79"
"Gila","0","14","Arizona","5/5/20","11","3","04007","27.27"
"Graham","1","19","Arizona","5/5/20","9","10","04009","111.11"
"Greenlee","0","2","Arizona","5/5/20","2","0","04011","0"
"La Paz","1","16","Arizona","5/5/20","7","9","04012","128.57"
"Maricopa","193","4929","Arizona","5/5/20","3578","1351","04013","37.76"
"Mohave","7","147","Arizona","5/5/20","99","48","04015","48.48"
"Navajo","29","869","Arizona","5/5/20","665","204","04017","30.68"
"Pima","27","1379","Arizona","5/5/20","1188","191","04019","16.08"
"Pinal","16","478","Arizona","5/5/20","365","113","04021","30.96"
"Santa Cruz","1","35","Arizona","5/5/20","31","4","04023","12.9"
"Yavapai","7","126","Arizona","5/5/20","77","49","04025","63.64"
"Yuma","7","115","Arizona","5/5/20","67","48","04027","71.64"
"Arkansas","0","2","Arkansas","5/5/20","2","0","05001","0"
"Ashley","0","15","Arkansas","5/5/20","13","2","05003","15.38"
"Baxter","0","5","Arkansas","5/5/20","5","0","05005","0"
"Benton","2","110","Arkansas","5/5/20","94","16","05007","17.02"
"Boone","0","4","Arkansas","5/5/20","5","-1","05009","-20"
"Bradley","0","11","Arkansas","5/5/20","8","3","05011","37.5"
"Carroll","0","6","Arkansas","5/5/20","5","1","05015","20"
"Chicot","0","9","Arkansas","5/5/20","9","0","05017","0"
"Clark","1","32","Arkansas","5/5/20","27","5","05019","18.52"
"Clay","0","3","Arkansas","5/5/20","3","0","05021","0"
"Cleburne","0","72","Arkansas","5/5/20","72","0","05023","0"
"Cleveland","0","11","Arkansas","5/5/20","10","1","05025","10"
"Columbia","0","13","Arkansas","5/5/20","12","1","05027","8.33"
"Conway","0","13","Arkansas","5/5/20","12","1","05029","8.33"
"Craighead","2","85","Arkansas","5/5/20","70","15","05031","21.43"
"Crawford","0","4","Arkansas","5/5/20","4","0","05033","0"
"Crittenden","3","197","Arkansas","5/5/20","177","20","05035","11.3"
"Cross","1","25","Arkansas","5/5/20","16","9","05037","56.25"
"Dallas","0","1","Arkansas","5/5/20","1","0","05039","0"
"Desha","0","16","Arkansas","5/5/20","16","0","05041","0"
"Drew","0","16","Arkansas","5/5/20","13","3","05043","23.08"
"Faulkner","0","77","Arkansas","5/5/20","75","2","05045","2.67"
"Franklin","0","2","Arkansas","5/5/20","2","0","05047","0"
"Fulton","0","3","Arkansas","5/5/20","1","2","05049","200"
"Garland","0","117","Arkansas","5/5/20","115","2","05051","1.74"
"Grant","0","14","Arkansas","5/5/20","12","2","05053","16.67"
"Greene","1","21","Arkansas","5/5/20","16","5","05055","31.25"
"Hempstead","0","7","Arkansas","5/5/20","6","1","05057","16.67"
"Hot Spring","1","20","Arkansas","5/5/20","15","5","05059","33.33"
"Howard","0","14","Arkansas","5/5/20","13","1","05061","7.69"
"Independence","0","11","Arkansas","5/5/20","9","2","05063","22.22"
"Izard","1","10","Arkansas","5/5/20","5","5","05065","100"
"Jackson","0","1","Arkansas","5/5/20","1","0","05067","0"
"Jefferson","5","199","Arkansas","5/5/20","162","37","05069","22.84"
"Johnson","0","31","Arkansas","5/5/20","29","2","05071","6.9"
"Lafayette","0","8","Arkansas","5/5/20","7","1","05073","14.29"
"Lawrence","3","67","Arkansas","5/5/20","45","22","05075","48.89"
"Lee","0","4","Arkansas","5/5/20","3","1","05077","33.33"
"Lincoln","14","853","Arkansas","5/5/20","755","98","05079","12.98"
"Logan","0","2","Arkansas","5/5/20","3","-1","05083","-33.33"
"Lonoke","1","44","Arkansas","5/5/20","40","4","05085","10"
"Madison","0","1","Arkansas","5/5/20","1","0","05087","0"
"Marion","0","1","Arkansas","5/5/20","1","0","05089","0"
"Miller","0","35","Arkansas","5/5/20","33","2","05091","6.06"
"Mississippi","4","41","Arkansas","5/5/20","14","27","05093","192.86"
"Monroe","0","4","Arkansas","5/5/20","4","0","05095","0"
"Montgomery","0","1","Arkansas","5/5/20","1","0","05097","0"
"Nevada","0","2","Arkansas","5/5/20","1","1","05099","100"
"Newton","0","3","Arkansas","5/5/20","3","0","05101","0"
"Ouachita","0","7","Arkansas","5/5/20","6","1","05103","16.67"
"Perry","0","7","Arkansas","5/5/20","6","1","05105","16.67"
"Phillips","0","5","Arkansas","5/5/20","5","0","05107","0"
"Pike","0","3","Arkansas","5/5/20","3","0","05109","0"
"Poinsett","1","25","Arkansas","5/5/20","18","7","05111","38.89"
"Polk","0","7","Arkansas","5/5/20","8","-1","05113","-12.5"
"Pope","0","45","Arkansas","5/5/20","42","3","05115","7.14"
"Prairie","0","2","Arkansas","5/5/20","2","0","05117","0"
"Pulaski","11","565","Arkansas","5/5/20","490","75","05119","15.31"
"Randolph","0","19","Arkansas","5/5/20","17","2","05121","11.76"
"Saline","1","67","Arkansas","5/5/20","57","10","05125","17.54"
"Scott","0","1","Arkansas","5/5/20","1","0","05127","0"
"Searcy","0","6","Arkansas","5/5/20","6","0","05129","0"
"Sebastian","0","13","Arkansas","5/5/20","12","1","05131","8.33"
"Sevier","0","14","Arkansas","5/5/20","11","3","05133","27.27"
"Sharp","0","7","Arkansas","5/5/20","6","1","05135","16.67"
"St. Francis","2","95","Arkansas","5/5/20","82","13","05123","15.85"
"Stone","0","8","Arkansas","5/5/20","7","1","05137","14.29"
"Union","3","62","Arkansas","5/5/20","43","19","05139","44.19"
"Van Buren","0","28","Arkansas","5/5/20","27","1","05141","3.7"
"Washington","2","91","Arkansas","5/5/20","77","14","05143","18.18"
"White","1","35","Arkansas","5/5/20","31","4","05145","12.9"
"Woodruff","0","1","Arkansas","5/5/20","1","0","05147","0"
"Yell","0","6","Arkansas","5/5/20","3","3","05149","100"
"Alameda","39","1809","California","5/5/20","1533","276","06001","18"
"Alpine","0","2","California","5/5/20","2","0","06003","0"
"Amador","0","8","California","5/5/20","8","0","06005","0"
"Butte","0","17","California","5/5/20","16","1","06007","6.25"
"Calaveras","0","13","California","5/5/20","13","0","06009","0"
"Colusa","0","3","California","5/5/20","3","0","06011","0"
"Contra Costa","18","969","California","5/5/20","842","127","06013","15.08"
"Del Norte","0","3","California","5/5/20","3","0","06015","0"
"El Dorado","1","53","California","5/5/20","44","9","06017","20.45"
"Fresno","25","672","California","5/5/20","498","174","06019","34.94"
"Glenn","0","5","California","5/5/20","5","0","06021","0"
"Humboldt","0","54","California","5/5/20","53","1","06023","1.89"
"Imperial","17","400","California","5/5/20","284","116","06025","40.85"
"Inyo","0","19","California","5/5/20","19","0","06027","0"
"Kern","28","1045","California","5/5/20","847","198","06029","23.38"
"Kings","18","198","California","5/5/20","71","127","06031","178.87"
"Lake","0","8","California","5/5/20","6","2","06033","33.33"
"Los Angeles","977","27836","California","5/5/20","20996","6840","06037","32.58"
"Madera","1","54","California","5/5/20","44","10","06039","22.73"
"Marin","2","241","California","5/5/20","224","17","06041","7.59"
"Mariposa","2","14","California","5/5/20","1","13","06043","1300"
"Mendocino","0","12","California","5/5/20","11","1","06045","9.09"
"Merced","4","147","California","5/5/20","116","31","06047","26.72"
"Mono","0","26","California","5/5/20","26","0","06051","0"
"Monterey","7","237","California","5/5/20","185","52","06053","28.11"
"Napa","1","75","California","5/5/20","66","9","06055","13.64"
"Nevada","0","41","California","5/5/20","39","2","06057","5.13"
"Orange","103","2873","California","5/5/20","2151","722","06059","33.57"
"Placer","2","162","California","5/5/20","145","17","06061","11.72"
"Plumas","0","4","California","5/5/20","4","0","06063","0"
"Riverside","103","4454","California","5/5/20","3735","719","06065","19.25"
"Sacramento","11","1133","California","5/5/20","1053","80","06067","7.6"
"San Benito","1","52","California","5/5/20","48","4","06069","8.33"
"San Bernardino","72","2329","California","5/5/20","1827","502","06071","27.48"
"San Diego","126","4020","California","5/5/20","3141","879","06073","27.98"
"San Francisco","37","1728","California","5/5/20","1468","260","06075","17.71"
"San Joaquin","7","578","California","5/5/20","529","49","06077","9.26"
"San Luis Obispo","4","204","California","5/5/20","173","31","06079","17.92"
"San Mateo","31","1315","California","5/5/20","1099","216","06081","19.65"
"Santa Barbara","8","526","California","5/5/20","473","53","06083","11.21"
"Santa Clara","19","2255","California","5/5/20","2122","133","06085","6.27"
"Santa Cruz","2","138","California","5/5/20","125","13","06087","10.4"
"Shasta","0","31","California","5/5/20","30","1","06089","3.33"
"Siskiyou","0","5","California","5/5/20","5","0","06093","0"
"Solano","10","320","California","5/5/20","249","71","06095","28.51"
"Sonoma","6","261","California","5/5/20","222","39","06097","17.57"
"Stanislaus","17","428","California","5/5/20","312","116","06099","37.18"
"Sutter","0","31","California","5/5/20","29","2","06101","6.9"
"Tehama","0","1","California","5/5/20","1","0","06103","0"
"Tulare","40","858","California","5/5/20","578","280","06107","48.44"
"Tuolumne","0","4","California","5/5/20","4","0","06109","0"
"Ventura","12","595","California","5/5/20","508","87","06111","17.13"
"Yolo","1","171","California","5/5/20","162","9","06113","5.56"
"Yuba","0","19","California","5/5/20","16","3","06115","18.75"
"Adams","65","1883","Colorado","5/5/20","1430","453","08001","31.68"
"Alamosa","1","14","Colorado","5/5/20","10","4","08003","40"
"Arapahoe","82","2883","Colorado","5/5/20","2312","571","08005","24.7"
"Archuleta","0","8","Colorado","5/5/20","8","0","08007","0"
"Baca","0","12","Colorado","5/5/20","10","2","08009","20"
"Boulder","20","685","Colorado","5/5/20","543","142","08013","26.15"
"Broomfield","5","178","Colorado","5/5/20","145","33","08014","22.76"
"Chaffee","0","68","Colorado","5/5/20","66","2","08015","3.03"
"Clear Creek","0","13","Colorado","5/5/20","13","0","08019","0"
"Costilla","0","3","Colorado","5/5/20","3","0","08023","0"
"Crowley","0","4","Colorado","5/5/20","2","2","08025","100"
"Custer","0","2","Colorado","5/5/20","2","0","08027","0"
"Delta","3","52","Colorado","5/5/20","34","18","08029","52.94"
"Denver","108","3546","Colorado","5/5/20","2791","755","08031","27.05"
"Douglas","13","543","Colorado","5/5/20","453","90","08035","19.87"
"Eagle","1","547","Colorado","5/5/20","540","7","08037","1.3"
"El Paso","21","1028","Colorado","5/5/20","884","144","08041","16.29"
"Elbert","1","36","Colorado","5/5/20","27","9","08039","33.33"
"Fremont","0","22","Colorado","5/5/20","22","0","08043","0"
"Garfield","1","99","Colorado","5/5/20","89","10","08045","11.24"
"Gilpin","0","1","Colorado","5/5/20","1","0","08047","0"
"Grand","0","5","Colorado","5/5/20","5","0","08049","0"
"Gunnison","1","168","Colorado","5/5/20","161","7","08051","4.35"
"Hinsdale","0","3","Colorado","5/5/20","3","0","08053","0"
"Huerfano","0","2","Colorado","5/5/20","2","0","08055","0"
"Jefferson","24","1466","Colorado","5/5/20","1298","168","08059","12.94"
"Kit Carson","0","22","Colorado","5/5/20","20","2","08063","10"
"La Plata","1","63","Colorado","5/5/20","59","4","08067","6.78"
"Lake","1","21","Colorado","5/5/20","17","4","08065","23.53"
"Larimer","11","409","Colorado","5/5/20","334","75","08069","22.46"
"Las Animas","0","4","Colorado","5/5/20","3","1","08071","33.33"
"Lincoln","0","3","Colorado","5/5/20","3","0","08073","0"
"Logan","4","292","Colorado","5/5/20","266","26","08075","9.77"
"Mesa","1","49","Colorado","5/5/20","42","7","08077","16.67"
"Mineral","0","2","Colorado","5/5/20","2","0","08079","0"
"Moffat","0","6","Colorado","5/5/20","6","0","08081","0"
"Montezuma","0","18","Colorado","5/5/20","15","3","08083","20"
"Montrose","2","107","Colorado","5/5/20","94","13","08085","13.83"
"Morgan","11","422","Colorado","5/5/20","344","78","08087","22.67"
"Otero","0","10","Colorado","5/5/20","8","2","08089","25"
"Ouray","0","5","Colorado","5/5/20","5","0","08091","0"
"Park","0","14","Colorado","5/5/20","11","3","08093","27.27"
"Phillips","0","5","Colorado","5/5/20","6","-1","08095","-16.67"
"Pitkin","-1","52","Colorado","5/5/20","61","-9","08097","-14.75"
"Prowers","0","3","Colorado","5/5/20","1","2","08099","200"
"Pueblo","3","158","Colorado","5/5/20","136","22","08101","16.18"
"Rio Blanco","0","1","Colorado","5/5/20","1","0","08103","0"
"Rio Grande","0","7","Colorado","5/5/20","7","0","08105","0"
"Routt","0","58","Colorado","5/5/20","55","3","08107","5.45"
"Saguache","0","3","Colorado","5/5/20","3","0","08109","0"
"San Miguel","0","20","Colorado","5/5/20","19","1","08113","5.26"
"Summit","5","151","Colorado","5/5/20","119","32","08117","26.89"
"Teller","0","29","Colorado","5/5/20","28","1","08119","3.57"
"Washington","0","9","Colorado","5/5/20","7","2","08121","28.57"
"Weld","48","1955","Colorado","5/5/20","1618","337","08123","20.83"
"Yuma","0","9","Colorado","5/5/20","7","2","08125","28.57"
"Fairfield","212","12360","Connecticut","5/5/20","10874","1486","09001","13.67"
"Hartford","161","6351","Connecticut","5/5/20","5224","1127","09003","21.57"
"Litchfield","24","1065","Connecticut","5/5/20","900","165","09005","18.33"
"Middlesex","17","734","Connecticut","5/5/20","618","116","09007","18.77"
"New Haven","178","8337","Connecticut","5/5/20","7089","1248","09009","17.6"
"New London","22","681","Connecticut","5/5/20","530","151","09011","28.49"
"Tolland","11","502","Connecticut","5/5/20","422","80","09013","18.96"
"Windham","8","223","Connecticut","5/5/20","164","59","09015","35.98"
"Kent","17","847","Delaware","5/5/20","728","119","10001","16.35"
"New Castle","40","1979","Delaware","5/5/20","1701","278","10003","16.34"
"Sussex","58","2520","Delaware","5/5/20","2114","406","10005","19.21"
"","0","49","Diamond Princess","5/5/20","49","0",,"0"
"District of Columbia","190","5322","District of Columbia","5/5/20","3994","1328","11001","33.25"
"Alachua","5","289","Florida","5/5/20","255","34","12001","13.33"
"Baker","0","22","Florida","5/5/20","20","2","12003","10"
"Bay","1","76","Florida","5/5/20","70","6","12005","8.57"
"Bradford","1","48","Florida","5/5/20","44","4","12007","9.09"
"Brevard","7","319","Florida","5/5/20","268","51","12009","19.03"
"Broward","92","5492","Florida","5/5/20","4847","645","12011","13.31"
"Calhoun","1","15","Florida","5/5/20","6","9","12013","150"
"Charlotte","7","269","Florida","5/5/20","219","50","12015","22.83"
"Citrus","0","100","Florida","5/5/20","97","3","12017","3.09"
"Clay","2","287","Florida","5/5/20","272","15","12019","5.51"
"Collier","13","656","Florida","5/5/20","568","88","12021","15.49"
"Columbia","6","96","Florida","5/5/20","55","41","12023","74.55"
"DeSoto","2","40","Florida","5/5/20","26","14","12027","53.85"
"Dixie","1","10","Florida","5/5/20","6","4","12029","66.67"
"Duval","12","1084","Florida","5/5/20","1001","83","12031","8.29"
"Escambia","16","598","Florida","5/5/20","485","113","12033","23.3"
"Flagler","1","141","Florida","5/5/20","131","10","12035","7.63"
"Franklin","0","2","Florida","5/5/20","2","0","12037","0"
"Gadsden","3","115","Florida","5/5/20","94","21","12039","22.34"
"Gilchrist","0","6","Florida","5/5/20","4","2","12041","50"
"Glades","0","6","Florida","5/5/20","6","0","12043","0"
"Gulf","0","1","Florida","5/5/20","1","0","12045","0"
"Hamilton","0","7","Florida","5/5/20","6","1","12047","16.67"
"Hardee","3","34","Florida","5/5/20","14","20","12049","142.86"
"Hendry","6","115","Florida","5/5/20","72","43","12051","59.72"
"Hernando","1","96","Florida","5/5/20","89","7","12053","7.87"
"Highlands","1","88","Florida","5/5/20","81","7","12055","8.64"
"Hillsborough","35","1324","Florida","5/5/20","1080","244","12057","22.59"
"Holmes","0","10","Florida","5/5/20","9","1","12059","11.11"
"Indian River","1","99","Florida","5/5/20","90","9","12061","10"
"Jackson","0","15","Florida","5/5/20","13","2","12063","15.38"
"Jefferson","0","28","Florida","5/5/20","28","0","12065","0"
"Lafayette","0","3","Florida","5/5/20","1","2","12067","200"
"Lake","1","235","Florida","5/5/20","226","9","12069","3.98"
"Lee","24","1160","Florida","5/5/20","990","170","12071","17.17"
"Leon","4","243","Florida","5/5/20","213","30","12073","14.08"
"Levy","0","20","Florida","5/5/20","18","2","12075","11.11"
"Liberty","8","60","Florida","5/5/20","2","58","12077","2900"
"Madison","2","61","Florida","5/5/20","49","12","12079","24.49"
"Manatee","17","684","Florida","5/5/20","563","121","12081","21.49"
"Marion","5","193","Florida","5/5/20","160","33","12083","20.62"
"Martin","5","218","Florida","5/5/20","185","33","12085","17.84"
"Miami-Dade","199","13224","Florida","5/5/20","11831","1393","12086","11.77"
"Monroe","0","80","Florida","5/5/20","79","1","12087","1.27"
"Nassau","1","59","Florida","5/5/20","53","6","12089","11.32"
"Okaloosa","1","161","Florida","5/5/20","152","9","12091","5.92"
"Okeechobee","1","17","Florida","5/5/20","10","7","12093","70"
"Orange","12","1446","Florida","5/5/20","1363","83","12095","6.09"
"Osceola","6","514","Florida","5/5/20","474","40","12097","8.44"
"Palm Beach","73","3390","Florida","5/5/20","2877","513","12099","17.83"
"Pasco","6","284","Florida","5/5/20","239","45","12101","18.83"
"Pinellas","11","788","Florida","5/5/20","709","79","12103","11.14"
"Polk","13","547","Florida","5/5/20","457","90","12105","19.69"
"Putnam","2","120","Florida","5/5/20","103","17","12107","16.5"
"Santa Rosa","1","158","Florida","5/5/20","151","7","12113","4.64"
"Sarasota","9","395","Florida","5/5/20","334","61","12115","18.26"
"Seminole","4","403","Florida","5/5/20","374","29","12117","7.75"
"St. Johns","1","214","Florida","5/5/20","207","7","12109","3.38"
"St. Lucie","3","259","Florida","5/5/20","239","20","12111","8.37"
"Sumter","8","236","Florida","5/5/20","177","59","12119","33.33"
"Suwannee","2","142","Florida","5/5/20","128","14","12121","10.94"
"Taylor","0","3","Florida","5/5/20","3","0","12123","0"
"Union","0","5","Florida","5/5/20","4","1","12125","25"
"Volusia","11","521","Florida","5/5/20","445","76","12127","17.08"
"Wakulla","1","29","Florida","5/5/20","22","7","12129","31.82"
"Walton","2","50","Florida","5/5/20","35","15","12131","42.86"
"Washington","0","12","Florida","5/5/20","12","0","12133","0"
"Appling","2","77","Georgia","5/5/20","65","12","13001","18.46"
"Atkinson","1","14","Georgia","5/5/20","7","7","13003","100"
"Bacon","1","28","Georgia","5/5/20","22","6","13005","27.27"
"Baker","1","26","Georgia","5/5/20","21","5","13007","23.81"
"Baldwin","8","260","Georgia","5/5/20","202","58","13009","28.71"
"Banks","2","29","Georgia","5/5/20","18","11","13011","61.11"
"Barrow","8","177","Georgia","5/5/20","123","54","13013","43.9"
"Bartow","7","350","Georgia","5/5/20","298","52","13015","17.45"
"Ben Hill","1","29","Georgia","5/5/20","25","4","13017","16"
"Berrien","0","17","Georgia","5/5/20","18","-1","13019","-5.56"
"Bibb","12","351","Georgia","5/5/20","269","82","13021","30.48"
"Bleckley","1","21","Georgia","5/5/20","12","9","13023","75"
"Brantley","0","22","Georgia","5/5/20","22","0","13025","0"
"Brooks","2","63","Georgia","5/5/20","52","11","13027","21.15"
"Bryan","1","56","Georgia","5/5/20","49","7","13029","14.29"
"Bulloch","1","43","Georgia","5/5/20","34","9","13031","26.47"
"Burke","2","88","Georgia","5/5/20","74","14","13033","18.92"
"Butts","4","158","Georgia","5/5/20","129","29","13035","22.48"
"Calhoun","3","107","Georgia","5/5/20","87","20","13037","22.99"
"Camden","0","34","Georgia","5/5/20","31","3","13039","9.68"
"Candler","0","7","Georgia","5/5/20","7","0","13043","0"
"Carroll","8","387","Georgia","5/5/20","334","53","13045","15.87"
"Catoosa","1","52","Georgia","5/5/20","46","6","13047","13.04"
"Charlton","1","13","Georgia","5/5/20","9","4","13049","44.44"
"Chatham","7","267","Georgia","5/5/20","217","50","13051","23.04"
"Chattahoochee","0","13","Georgia","5/5/20","11","2","13053","18.18"
"Chattooga","0","15","Georgia","5/5/20","14","1","13055","7.14"
"Cherokee","12","517","Georgia","5/5/20","432","85","13057","19.68"
"Clarke","4","168","Georgia","5/5/20","142","26","13059","18.31"
"Clay","1","25","Georgia","5/5/20","20","5","13061","25"
"Clayton","21","813","Georgia","5/5/20","669","144","13063","21.52"
"Clinch","1","15","Georgia","5/5/20","8","7","13065","87.5"
"Cobb","53","1886","Georgia","5/5/20","1515","371","13067","24.49"
"Coffee","5","154","Georgia","5/5/20","121","33","13069","27.27"
"Colquitt","2","194","Georgia","5/5/20","179","15","13071","8.38"
"Columbia","3","169","Georgia","5/5/20","149","20","13073","13.42"
"Cook","1","28","Georgia","5/5/20","20","8","13075","40"
"Coweta","8","244","Georgia","5/5/20","191","53","13077","27.75"
"Crawford","1","19","Georgia","5/5/20","15","4","13079","26.67"
"Crisp","2","175","Georgia","5/5/20","159","16","13081","10.06"
"Dade","0","16","Georgia","5/5/20","14","2","13083","14.29"
"Dawson","1","67","Georgia","5/5/20","58","9","13085","15.52"
"Decatur","4","96","Georgia","5/5/20","66","30","13087","45.45"
"DeKalb","57","2284","Georgia","5/5/20","1887","397","13089","21.04"
"Dodge","1","31","Georgia","5/5/20","24","7","13091","29.17"
"Dooly","2","132","Georgia","5/5/20","119","13","13093","10.92"
"Dougherty","8","1550","Georgia","5/5/20","1491","59","13095","3.96"
"Douglas","8","353","Georgia","5/5/20","298","55","13097","18.46"
"Early","3","223","Georgia","5/5/20","202","21","13099","10.4"
"Echols","0","5","Georgia","5/5/20","5","0","13101","0"
"Effingham","1","38","Georgia","5/5/20","34","4","13103","11.76"
"Elbert","2","32","Georgia","5/5/20","19","13","13105","68.42"
"Emanuel","0","22","Georgia","5/5/20","20","2","13107","10"
"Evans","0","5","Georgia","5/5/20","4","1","13109","25"
"Fannin","1","32","Georgia","5/5/20","27","5","13111","18.52"
"Fayette","3","189","Georgia","5/5/20","171","18","13113","10.53"
"Floyd","2","151","Georgia","5/5/20","134","17","13115","12.69"
"Forsyth","9","347","Georgia","5/5/20","284","63","13117","22.18"
"Franklin","1","24","Georgia","5/5/20","17","7","13119","41.18"
"Fulton","62","3164","Georgia","5/5/20","2727","437","13121","16.02"
"Gilmer","3","77","Georgia","5/5/20","56","21","13123","37.5"
"Glynn","1","60","Georgia","5/5/20","55","5","13127","9.09"
"Gordon","5","117","Georgia","5/5/20","85","32","13129","37.65"
"Grady","1","63","Georgia","5/5/20","58","5","13131","8.62"
"Greene","1","57","Georgia","5/5/20","52","5","13133","9.62"
"Gwinnett","71","2102","Georgia","5/5/20","1603","499","13135","31.13"
"Habersham","21","362","Georgia","5/5/20","212","150","13137","70.75"
"Hall","95","1846","Georgia","5/5/20","1183","663","13139","56.04"
"Hancock","4","67","Georgia","5/5/20","37","30","13141","81.08"
"Haralson","0","30","Georgia","5/5/20","27","3","13143","11.11"
"Harris","0","60","Georgia","5/5/20","57","3","13145","5.26"
"Hart","1","13","Georgia","5/5/20","9","4","13147","44.44"
"Heard","1","14","Georgia","5/5/20","10","4","13149","40"
"Henry","6","528","Georgia","5/5/20","487","41","13151","8.42"
"Houston","7","267","Georgia","5/5/20","219","48","13153","21.92"
"Irwin","1","19","Georgia","5/5/20","15","4","13155","26.67"
"Jackson","5","116","Georgia","5/5/20","78","38","13157","48.72"
"Jasper","1","25","Georgia","5/5/20","21","4","13159","19.05"
"Jeff Davis","1","22","Georgia","5/5/20","14","8","13161","57.14"
"Jefferson","0","16","Georgia","5/5/20","14","2","13163","14.29"
"Jenkins","0","17","Georgia","5/5/20","16","1","13165","6.25"
"Johnson","4","64","Georgia","5/5/20","39","25","13167","64.1"
"Jones","0","31","Georgia","5/5/20","28","3","13169","10.71"
"Lamar","1","39","Georgia","5/5/20","35","4","13171","11.43"
"Lanier","0","10","Georgia","5/5/20","8","2","13173","25"
"Laurens","2","68","Georgia","5/5/20","54","14","13175","25.93"
"Lee","3","333","Georgia","5/5/20","313","20","13177","6.39"
"Liberty","0","37","Georgia","5/5/20","37","0","13179","0"
"Lincoln","0","12","Georgia","5/5/20","11","1","13181","9.09"
"Long","0","5","Georgia","5/5/20","4","1","13183","25"
"Lowndes","3","166","Georgia","5/5/20","146","20","13185","13.7"
"Lumpkin","5","69","Georgia","5/5/20","37","32","13187","86.49"
"Macon","1","81","Georgia","5/5/20","75","6","13193","8"
"Madison","1","27","Georgia","5/5/20","23","4","13195","17.39"
"Marion","0","37","Georgia","5/5/20","40","-3","13197","-7.5"
"McDuffie","1","49","Georgia","5/5/20","44","5","13189","11.36"
"McIntosh","0","6","Georgia","5/5/20","4","2","13191","50"
"Meriwether","1","57","Georgia","5/5/20","53","4","13199","7.55"
"Miller","0","32","Georgia","5/5/20","29","3","13201","10.34"
"Mitchell","5","331","Georgia","5/5/20","293","38","13205","12.97"
"Monroe","1","30","Georgia","5/5/20","22","8","13207","36.36"
"Montgomery","0","2","Georgia","5/5/20","2","0","13209","0"
"Morgan","1","30","Georgia","5/5/20","24","6","13211","25"
"Murray","1","34","Georgia","5/5/20","27","7","13213","25.93"
"Muscogee","7","342","Georgia","5/5/20","291","51","13215","17.53"
"Newton","6","222","Georgia","5/5/20","181","41","13217","22.65"
"Oconee","1","67","Georgia","5/5/20","58","9","13219","15.52"
"Oglethorpe","1","52","Georgia","5/5/20","48","4","13221","8.33"
"Out of GA","10","1043","Georgia","5/5/20","972","71","80013","7.3"
"Paulding","5","209","Georgia","5/5/20","172","37","13223","21.51"
"Peach","2","60","Georgia","5/5/20","44","16","13225","36.36"
"Pickens","0","28","Georgia","5/5/20","25","3","13227","12"
"Pierce","0","57","Georgia","5/5/20","54","3","13229","5.56"
"Pike","0","40","Georgia","5/5/20","39","1","13231","2.56"
"Polk","2","61","Georgia","5/5/20","49","12","13233","24.49"
"Pulaski","1","33","Georgia","5/5/20","25","8","13235","32"
"Putnam","2","49","Georgia","5/5/20","37","12","13237","32.43"
"Quitman","0","6","Georgia","5/5/20","5","1","13239","20"
"Rabun","0","13","Georgia","5/5/20","12","1","13241","8.33"
"Randolph","1","165","Georgia","5/5/20","156","9","13243","5.77"
"Richmond","6","424","Georgia","5/5/20","382","42","13245","10.99"
"Rockdale","5","204","Georgia","5/5/20","172","32","13247","18.6"
"Schley","0","16","Georgia","5/5/20","16","0","13249","0"
"Screven","0","16","Georgia","5/5/20","15","1","13251","6.67"
"Seminole","0","31","Georgia","5/5/20","30","1","13253","3.33"
"Spalding","3","222","Georgia","5/5/20","199","23","13255","11.56"
"Stephens","3","90","Georgia","5/5/20","71","19","13257","26.76"
"Stewart","1","25","Georgia","5/5/20","21","4","13259","19.05"
"Sumter","3","392","Georgia","5/5/20","370","22","13261","5.95"
"Talbot","0","25","Georgia","5/5/20","22","3","13263","13.64"
"Taliaferro","0","1","Georgia","5/5/20","0","1","13265","1"
"Tattnall","0","9","Georgia","5/5/20","8","1","13267","12.5"
"Taylor","0","18","Georgia","5/5/20","17","1","13269","5.88"
"Telfair","0","28","Georgia","5/5/20","25","3","13271","12"
"Terrell","3","191","Georgia","5/5/20","170","21","13273","12.35"
"Thomas","4","204","Georgia","5/5/20","173","31","13275","17.92"
"Tift","5","132","Georgia","5/5/20","97","35","13277","36.08"
"Toombs","1","34","Georgia","5/5/20","28","6","13279","21.43"
"Towns","0","20","Georgia","5/5/20","21","-1","13281","-4.76"
"Treutlen","0","3","Georgia","5/5/20","3","0","13283","0"
"Troup","3","163","Georgia","5/5/20","141","22","13285","15.6"
"Turner","1","70","Georgia","5/5/20","66","4","13287","6.06"
"Twiggs","0","8","Georgia","5/5/20","7","1","13289","14.29"
"Union","0","32","Georgia","5/5/20","34","-2","13291","-5.88"
"Upson","5","243","Georgia","5/5/20","208","35","13293","16.83"
"Walker","0","61","Georgia","5/5/20","58","3","13295","5.17"
"Walton","4","139","Georgia","5/5/20","110","29","13297","26.36"
"Ware","4","142","Georgia","5/5/20","112","30","13299","26.79"
"Warren","0","13","Georgia","5/5/20","12","1","13301","8.33"
"Washington","1","43","Georgia","5/5/20","38","5","13303","13.16"
"Wayne","0","13","Georgia","5/5/20","12","1","13305","8.33"
"Webster","0","10","Georgia","5/5/20","10","0","13307","0"
"Wheeler","0","5","Georgia","5/5/20","4","1","13309","25"
"White","4","83","Georgia","5/5/20","56","27","13311","48.21"
"Whitfield","8","131","Georgia","5/5/20","75","56","13313","74.67"
"Wilcox","0","90","Georgia","5/5/20","89","1","13315","1.12"
"Wilkes","0","26","Georgia","5/5/20","23","3","13317","13.04"
"Wilkinson","0","35","Georgia","5/5/20","34","1","13319","2.94"
"Worth","4","173","Georgia","5/5/20","144","29","13321","20.14"
"","0","103","Grand Princess","5/5/20","103","0",,"0"
"","1","145","Guam","5/5/20","141","4",,"2.84"
"Hawaii","1","74","Hawaii","5/5/20","70","4","15001","5.71"
"Honolulu","1","404","Hawaii","5/5/20","396","8","15003","2.02"
"Kauai","0","21","Hawaii","5/5/20","21","0","15007","0"
"Maui","0","116","Hawaii","5/5/20","115","1","15009","0.87"
"Out of HI","0","10","Hawaii","5/5/20","7","3","80015","42.86"
"Ada","7","713","Idaho","5/5/20","662","51","16001","7.7"
"Adams","0","3","Idaho","5/5/20","3","0","16003","0"
"Bannock","0","11","Idaho","5/5/20","10","1","16005","10"
"Bingham","0","4","Idaho","5/5/20","3","1","16011","33.33"
"Blaine","0","499","Idaho","5/5/20","497","2","16013","0.4"
"Bonner","0","4","Idaho","5/5/20","4","0","16017","0"
"Bonneville","0","28","Idaho","5/5/20","27","1","16019","3.7"
"Camas","0","1","Idaho","5/5/20","1","0","16025","0"
"Canyon","2","266","Idaho","5/5/20","250","16","16027","6.4"
"Caribou","0","1","Idaho","5/5/20","1","0","16029","0"
"Cassia","0","13","Idaho","5/5/20","12","1","16031","8.33"
"Custer","0","2","Idaho","5/5/20","2","0","16037","0"
"Elmore","0","30","Idaho","5/5/20","30","0","16039","0"
"Fremont","0","3","Idaho","5/5/20","2","1","16043","50"
"Gem","0","14","Idaho","5/5/20","12","2","16045","16.67"
"Gooding","1","13","Idaho","5/5/20","9","4","16047","44.44"
"Idaho","0","3","Idaho","5/5/20","3","0","16049","0"
"Jefferson","0","5","Idaho","5/5/20","5","0","16051","0"
"Jerome","2","61","Idaho","5/5/20","48","13","16053","27.08"
"Kootenai","0","62","Idaho","5/5/20","61","1","16055","1.64"
"Latah","0","5","Idaho","5/5/20","5","0","16057","0"
"Lemhi","0","1","Idaho","5/5/20","1","0","16059","0"
"Lincoln","1","29","Idaho","5/5/20","24","5","16063","20.83"
"Madison","1","13","Idaho","5/5/20","9","4","16065","44.44"
"Minidoka","0","11","Idaho","5/5/20","11","0","16067","0"
"Nez Perce","2","74","Idaho","5/5/20","59","15","16069","25.42"
"Owyhee","0","8","Idaho","5/5/20","8","0","16073","0"
"Payette","0","17","Idaho","5/5/20","14","3","16075","21.43"
"Power","0","2","Idaho","5/5/20","2","0","16077","0"
"Teton","0","10","Idaho","5/5/20","9","1","16081","11.11"
"Twin Falls","8","218","Idaho","5/5/20","165","53","16083","32.12"
"Valley","0","2","Idaho","5/5/20","2","0","16085","0"
"Washington","0","1","Idaho","5/5/20","1","0","16087","0"
"Adams","0","40","Illinois","5/5/20","40","0","17001","0"
"Alexander","0","4","Illinois","5/5/20","3","1","17003","33.33"
"Bond","0","7","Illinois","5/5/20","5","2","17005","40"
"Boone","9","146","Illinois","5/5/20","81","65","17007","80.25"
"Brown","0","2","Illinois","5/5/20","0","2","17009","1"
"Bureau","0","12","Illinois","5/5/20","11","1","17011","9.09"
"Calhoun","0","1","Illinois","5/5/20","1","0","17013","0"
"Carroll","0","10","Illinois","5/5/20","9","1","17015","11.11"
"Cass","2","42","Illinois","5/5/20","27","15","17017","55.56"
"Champaign","14","212","Illinois","5/5/20","114","98","17019","85.96"
"Christian","0","28","Illinois","5/5/20","28","0","17021","0"
"Clark","0","5","Illinois","5/5/20","5","0","17023","0"
"Clay","0","2","Illinois","5/5/20","2","0","17025","0"
"Clinton","4","115","Illinois","5/5/20","90","25","17027","27.78"
"Coles","0","22","Illinois","5/5/20","22","0","17029","0"
"Cook","1682","45223","Illinois","5/5/20","33449","11774","17031","35.2"
"Crawford","0","8","Illinois","5/5/20","10","-2","17033","-20"
"Cumberland","0","4","Illinois","5/5/20","3","1","17035","33.33"
"De Witt","0","3","Illinois","5/5/20","2","1","17039","50"
"DeKalb","7","132","Illinois","5/5/20","82","50","17037","60.98"
"Douglas","1","20","Illinois","5/5/20","14","6","17041","42.86"
"DuPage","169","3918","Illinois","5/5/20","2736","1182","17043","43.2"
"Effingham","0","5","Illinois","5/5/20","5","0","17049","0"
"Fayette","0","16","Illinois","5/5/20","16","0","17051","0"
"Ford","0","11","Illinois","5/5/20","8","3","17053","37.5"
"Franklin","0","10","Illinois","5/5/20","8","2","17055","25"
"Fulton","0","3","Illinois","5/5/20","3","0","17057","0"
"Gallatin","0","2","Illinois","5/5/20","2","0","17059","0"
"Greene","0","3","Illinois","5/5/20","3","0","17061","0"
"Grundy","2","47","Illinois","5/5/20","30","17","17063","56.67"
"Hamilton","0","2","Illinois","5/5/20","2","0","17065","0"
"Hancock","1","9","Illinois","5/5/20","5","4","17067","80"
"Hardin","0","1","Illinois","5/5/20","1","0","17069","0"
"Henderson","0","4","Illinois","5/5/20","4","0","17071","0"
"Henry","2","53","Illinois","5/5/20","38","15","17073","39.47"
"Iroquois","4","47","Illinois","5/5/20","20","27","17075","135"
"Jackson","10","146","Illinois","5/5/20","75","71","17077","94.67"
"Jasper","1","48","Illinois","5/5/20","44","4","17079","9.09"
"Jefferson","1","86","Illinois","5/5/20","81","5","17081","6.17"
"Jersey","0","14","Illinois","5/5/20","12","2","17083","16.67"
"Jo Daviess","0","14","Illinois","5/5/20","11","3","17085","27.27"
"Johnson","0","4","Illinois","5/5/20","4","0","17087","0"
"Kane","128","2206","Illinois","5/5/20","1308","898","17089","68.65"
"Kankakee","11","393","Illinois","5/5/20","313","80","17091","25.56"
"Kendall","14","334","Illinois","5/5/20","235","99","17093","42.13"
"Knox","3","56","Illinois","5/5/20","36","20","17095","55.56"
"Lake","168","4370","Illinois","5/5/20","3192","1178","17097","36.9"
"LaSalle","3","69","Illinois","5/5/20","49","20","17099","40.82"
"Lawrence","0","3","Illinois","5/5/20","3","0","17101","0"
"Lee","3","41","Illinois","5/5/20","22","19","17103","86.36"
"Livingston","0","23","Illinois","5/5/20","20","3","17105","15"
"Logan","0","7","Illinois","5/5/20","7","0","17107","0"
"Macon","3","126","Illinois","5/5/20","103","23","17115","22.33"
"Macoupin","1","36","Illinois","5/5/20","30","6","17117","20"
"Madison","7","369","Illinois","5/5/20","318","51","17119","16.04"
"Marion","1","36","Illinois","5/5/20","28","8","17121","28.57"
"Marshall","0","4","Illinois","5/5/20","4","0","17123","0"
"Mason","1","14","Illinois","5/5/20","10","4","17125","40"
"Massac","0","4","Illinois","5/5/20","4","0","17127","0"
"McDonough","4","37","Illinois","5/5/20","12","25","17109","208.33"
"McHenry","36","802","Illinois","5/5/20","552","250","17111","45.29"
"McLean","1","103","Illinois","5/5/20","94","9","17113","9.57"
"Menard","1","15","Illinois","5/5/20","7","8","17129","114.29"
"Mercer","0","10","Illinois","5/5/20","7","3","17131","42.86"
"Monroe","1","74","Illinois","5/5/20","67","7","17133","10.45"
"Montgomery","1","30","Illinois","5/5/20","24","6","17135","25"
"Morgan","1","26","Illinois","5/5/20","21","5","17137","23.81"
"Moultrie","0","6","Illinois","5/5/20","5","1","17139","20"
"Ogle","3","133","Illinois","5/5/20","110","23","17141","20.91"
"Peoria","5","113","Illinois","5/5/20","78","35","17143","44.87"
"Perry","3","32","Illinois","5/5/20","13","19","17145","146.15"
"Piatt","0","7","Illinois","5/5/20","7","0","17147","0"
"Pike","0","1","Illinois","5/5/20","1","0","17149","0"
"Pulaski","0","20","Illinois","5/5/20","17","3","17153","17.65"
"Randolph","8","183","Illinois","5/5/20","126","57","17157","45.24"
"Richland","0","3","Illinois","5/5/20","3","0","17159","0"
"Rock Island","16","454","Illinois","5/5/20","342","112","17161","32.75"
"Saline","0","4","Illinois","5/5/20","3","1","17165","33.33"
"Sangamon","8","216","Illinois","5/5/20","159","57","17167","35.85"
"Schuyler","0","2","Illinois","5/5/20","1","1","17169","100"
"Shelby","0","10","Illinois","5/5/20","10","0","17173","0"
"St. Clair","21","579","Illinois","5/5/20","434","145","17163","33.41"
"Stark","0","1","Illinois","5/5/20","1","0","17175","0"
"Stephenson","7","70","Illinois","5/5/20","22","48","17177","218.18"
"Tazewell","1","48","Illinois","5/5/20","38","10","17179","26.32"
"Union","3","32","Illinois","5/5/20","8","24","17181","300"
"Vermilion","1","23","Illinois","5/5/20","16","7","17183","43.75"
"Wabash","0","1","Illinois","5/5/20","1","0","17185","0"
"Warren","5","85","Illinois","5/5/20","53","32","17187","60.38"
"Washington","1","14","Illinois","5/5/20","8","6","17189","75"
"Wayne","0","2","Illinois","5/5/20","2","0","17191","0"
"White","0","2","Illinois","5/5/20","2","0","17193","0"
"Whiteside","3","94","Illinois","5/5/20","76","18","17195","23.68"
"Will","128","3150","Illinois","5/5/20","2254","896","17197","39.75"
"Williamson","1","37","Illinois","5/5/20","28","9","17199","32.14"
"Winnebago","41","649","Illinois","5/5/20","365","284","17201","77.81"
"Woodford","0","13","Illinois","5/5/20","12","1","17203","8.33"
"Adams","0","9","Indiana","5/5/20","7","2","18001","28.57"
"Allen","27","695","Indiana","5/5/20","504","191","18003","37.9"
"Bartholomew","8","297","Indiana","5/5/20","238","59","18005","24.79"
"Benton","0","10","Indiana","5/5/20","7","3","18007","42.86"
"Blackford","0","10","Indiana","5/5/20","7","3","18009","42.86"
"Boone","3","207","Indiana","5/5/20","185","22","18011","11.89"
"Brown","0","18","Indiana","5/5/20","15","3","18013","20"
"Carroll","6","63","Indiana","5/5/20","18","45","18015","250"
"Cass","44","1406","Indiana","5/5/20","1101","305","18017","27.7"
"Clark","8","339","Indiana","5/5/20","283","56","18019","19.79"
"Clay","0","22","Indiana","5/5/20","19","3","18021","15.79"
"Clinton","4","65","Indiana","5/5/20","35","30","18023","85.71"
"Crawford","0","19","Indiana","5/5/20","16","3","18025","18.75"
"Daviess","1","52","Indiana","5/5/20","46","6","18027","13.04"
"Dearborn","7","138","Indiana","5/5/20","90","48","18029","53.33"
"Decatur","1","205","Indiana","5/5/20","195","10","18031","5.13"
"DeKalb","1","22","Indiana","5/5/20","16","6","18033","37.5"
"Delaware","8","209","Indiana","5/5/20","152","57","18035","37.5"
"Dubois","1","27","Indiana","5/5/20","18","9","18037","50"
"Elkhart","10","342","Indiana","5/5/20","269","73","18039","27.14"
"Fayette","1","30","Indiana","5/5/20","26","4","18041","15.38"
"Floyd","6","212","Indiana","5/5/20","173","39","18043","22.54"
"Fountain","1","14","Indiana","5/5/20","10","4","18045","40"
"Franklin","1","99","Indiana","5/5/20","95","4","18047","4.21"
"Fulton","1","34","Indiana","5/5/20","26","8","18049","30.77"
"Gibson","0","7","Indiana","5/5/20","6","1","18051","16.67"
"Grant","4","146","Indiana","5/5/20","119","27","18053","22.69"
"Greene","7","97","Indiana","5/5/20","48","49","18055","102.08"
"Hamilton","19","859","Indiana","5/5/20","729","130","18057","17.83"
"Hancock","4","233","Indiana","5/5/20","204","29","18059","14.22"
"Harrison","2","138","Indiana","5/5/20","125","13","18061","10.4"
"Hendricks","20","785","Indiana","5/5/20","645","140","18063","21.71"
"Henry","2","47","Indiana","5/5/20","36","11","18065","30.56"
"Howard","8","211","Indiana","5/5/20","158","53","18067","33.54"
"Huntington","0","11","Indiana","5/5/20","9","2","18069","22.22"
"Jackson","8","183","Indiana","5/5/20","125","58","18071","46.4"
"Jasper","0","37","Indiana","5/5/20","40","-3","18073","-7.5"
"Jay","1","18","Indiana","5/5/20","12","6","18075","50"
"Jefferson","1","30","Indiana","5/5/20","26","4","18077","15.38"
"Jennings","2","86","Indiana","5/5/20","72","14","18079","19.44"
"Johnson","26","730","Indiana","5/5/20","548","182","18081","33.21"
"Knox","0","20","Indiana","5/5/20","20","0","18083","0"
"Kosciusko","1","38","Indiana","5/5/20","30","8","18085","26.67"
"LaGrange","1","33","Indiana","5/5/20","24","9","18087","37.5"
"Lake","64","2161","Indiana","5/5/20","1715","446","18089","26.01"
"LaPorte","10","268","Indiana","5/5/20","199","69","18091","34.67"
"Lawrence","2","109","Indiana","5/5/20","95","14","18093","14.74"
"Madison","7","452","Indiana","5/5/20","401","51","18095","12.72"
"Marion","191","6419","Indiana","5/5/20","5080","1339","18097","26.36"
"Marshall","1","32","Indiana","5/5/20","28","4","18099","14.29"
"Martin","0","7","Indiana","5/5/20","7","0","18101","0"
"Miami","3","120","Indiana","5/5/20","96","24","18103","25"
"Monroe","1","132","Indiana","5/5/20","122","10","18105","8.2"
"Montgomery","10","106","Indiana","5/5/20","37","69","18107","186.49"
"Morgan","5","171","Indiana","5/5/20","136","35","18109","25.74"
"Newton","2","61","Indiana","5/5/20","46","15","18111","32.61"
"Noble","9","122","Indiana","5/5/20","58","64","18113","110.34"
"Ohio","0","6","Indiana","5/5/20","4","2","18115","50"
"Orange","6","106","Indiana","5/5/20","63","43","18117","68.25"
"Owen","0","24","Indiana","5/5/20","22","2","18119","9.09"
"Parke","0","13","Indiana","5/5/20","12","1","18121","8.33"
"Perry","0","11","Indiana","5/5/20","10","1","18123","10"
"Pike","0","2","Indiana","5/5/20","1","1","18125","100"
"Porter","5","266","Indiana","5/5/20","228","38","18127","16.67"
"Posey","1","14","Indiana","5/5/20","9","5","18129","55.56"
"Pulaski","1","29","Indiana","5/5/20","21","8","18131","38.1"
"Putnam","3","80","Indiana","5/5/20","59","21","18133","35.59"
"Randolph","0","17","Indiana","5/5/20","15","2","18135","13.33"
"Ripley","1","98","Indiana","5/5/20","91","7","18137","7.69"
"Rush","1","36","Indiana","5/5/20","31","5","18139","16.13"
"Scott","2","54","Indiana","5/5/20","39","15","18143","38.46"
"Shelby","5","229","Indiana","5/5/20","191","38","18145","19.9"
"Spencer","0","5","Indiana","5/5/20","5","0","18147","0"
"St. Joseph","12","687","Indiana","5/5/20","602","85","18141","14.12"
"Starke","0","17","Indiana","5/5/20","15","2","18149","13.33"
"Steuben","4","51","Indiana","5/5/20","21","30","18151","142.86"
"Sullivan","0","16","Indiana","5/5/20","13","3","18153","23.08"
"Switzerland","0","15","Indiana","5/5/20","15","0","18155","0"
"Tippecanoe","14","190","Indiana","5/5/20","95","95","18157","100"
"Tipton","0","20","Indiana","5/5/20","18","2","18159","11.11"
"Union","0","7","Indiana","5/5/20","6","1","18161","16.67"
"Vanderburgh","4","153","Indiana","5/5/20","126","27","18163","21.43"
"Vermillion","0","7","Indiana","5/5/20","7","0","18165","0"
"Vigo","1","71","Indiana","5/5/20","62","9","18167","14.52"
"Wabash","5","63","Indiana","5/5/20","28","35","18169","125"
"Warren","0","12","Indiana","5/5/20","11","1","18171","9.09"
"Warrick","3","106","Indiana","5/5/20","84","22","18173","26.19"
"Washington","1","45","Indiana","5/5/20","41","4","18175","9.76"
"Wayne","1","41","Indiana","5/5/20","33","8","18177","24.24"
"Wells","0","7","Indiana","5/5/20","5","2","18179","40"
"White","8","100","Indiana","5/5/20","42","58","18181","138.1"
"Whitley","1","22","Indiana","5/5/20","16","6","18183","37.5"
"Adair","0","2","Iowa","5/5/20","1","1","19001","100"
"Allamakee","2","98","Iowa","5/5/20","86","12","19005","13.95"
"Appanoose","0","4","Iowa","5/5/20","2","2","19007","100"
"Audubon","1","8","Iowa","5/5/20","1","7","19009","700"
"Benton","1","34","Iowa","5/5/20","30","4","19011","13.33"
"Black Hawk","62","1378","Iowa","5/5/20","941","437","19013","46.44"
"Boone","3","28","Iowa","5/5/20","8","20","19015","250"
"Bremer","1","55","Iowa","5/5/20","48","7","19017","14.58"
"Buchanan","1","22","Iowa","5/5/20","14","8","19019","57.14"
"Buena Vista","2","15","Iowa","5/5/20","4","11","19021","275"
"Butler","0","10","Iowa","5/5/20","8","2","19023","25"
"Calhoun","0","1","Iowa","5/5/20","0","1","19025","1"
"Carroll","1","5","Iowa","5/5/20","1","4","19027","400"
"Cass","0","1","Iowa","5/5/20","1","0","19029","0"
"Cedar","1","35","Iowa","5/5/20","29","6","19031","20.69"
"Cerro Gordo","0","14","Iowa","5/5/20","14","0","19033","0"
"Cherokee","0","4","Iowa","5/5/20","2","2","19035","100"
"Chickasaw","0","6","Iowa","5/5/20","4","2","19037","50"
"Clarke","0","3","Iowa","5/5/20","2","1","19039","50"
"Clay","1","7","Iowa","5/5/20","3","4","19041","133.33"
"Clayton","1","18","Iowa","5/5/20","12","6","19043","50"
"Clinton","0","51","Iowa","5/5/20","48","3","19045","6.25"
"Crawford","11","96","Iowa","5/5/20","19","77","19047","405.26"
"Dallas","59","613","Iowa","5/5/20","198","415","19049","209.6"
"Davis","1","4","Iowa","5/5/20","0","4","19051","1"
"Delaware","1","8","Iowa","5/5/20","4","4","19055","100"
"Des Moines","1","21","Iowa","5/5/20","17","4","19057","23.53"
"Dickinson","0","6","Iowa","5/5/20","6","0","19059","0"
"Dubuque","10","156","Iowa","5/5/20","88","68","19061","77.27"
"Fayette","1","23","Iowa","5/5/20","17","6","19065","35.29"
"Floyd","0","1","Iowa","5/5/20","0","1","19067","1"
"Franklin","0","5","Iowa","5/5/20","2","3","19069","150"
"Greene","1","11","Iowa","5/5/20","2","9","19073","450"
"Grundy","1","17","Iowa","5/5/20","11","6","19075","54.55"
"Guthrie","4","31","Iowa","5/5/20","6","25","19077","416.67"
"Hamilton","0","7","Iowa","5/5/20","7","0","19079","0"
"Hancock","0","3","Iowa","5/5/20","3","0","19081","0"
"Hardin","0","9","Iowa","5/5/20","7","2","19083","28.57"
"Harrison","0","17","Iowa","5/5/20","15","2","19085","13.33"
"Henry","1","37","Iowa","5/5/20","32","5","19087","15.62"
"Howard","1","12","Iowa","5/5/20","7","5","19089","71.43"
"Humboldt","0","4","Iowa","5/5/20","4","0","19091","0"
"Iowa","0","22","Iowa","5/5/20","19","3","19095","15.79"
"Jackson","0","5","Iowa","5/5/20","5","0","19097","0"
"Jasper","16","219","Iowa","5/5/20","109","110","19099","100.92"
"Jefferson","0","6","Iowa","5/5/20","6","0","19101","0"
"Johnson","10","518","Iowa","5/5/20","448","70","19103","15.62"
"Jones","1","25","Iowa","5/5/20","19","6","19105","31.58"
"Keokuk","0","3","Iowa","5/5/20","2","1","19107","50"
"Kossuth","0","2","Iowa","5/5/20","1","1","19109","100"
"Lee","1","16","Iowa","5/5/20","7","9","19111","128.57"
"Linn","19","767","Iowa","5/5/20","632","135","19113","21.36"
"Louisa","1","279","Iowa","5/5/20","269","10","19115","3.72"
"Lyon","1","15","Iowa","5/5/20","11","4","19119","36.36"
"Madison","1","9","Iowa","5/5/20","4","5","19121","125"
"Mahaska","1","18","Iowa","5/5/20","9","9","19123","100"
"Marion","1","12","Iowa","5/5/20","8","4","19125","50"
"Marshall","30","647","Iowa","5/5/20","434","213","19127","49.08"
"Mills","0","3","Iowa","5/5/20","2","1","19129","50"
"Mitchell","0","3","Iowa","5/5/20","2","1","19131","50"
"Monona","0","10","Iowa","5/5/20","7","3","19133","42.86"
"Monroe","0","1","Iowa","5/5/20","0","1","19135","1"
"Montgomery","0","1","Iowa","5/5/20","1","0","19137","0"
"Muscatine","14","415","Iowa","5/5/20","319","96","19139","30.09"
"O'Brien","1","11","Iowa","5/5/20","7","4","19141","57.14"
"Osceola","1","13","Iowa","5/5/20","8","5","19143","62.5"
"Page","1","9","Iowa","5/5/20","5","4","19145","80"
"Plymouth","3","33","Iowa","5/5/20","12","21","19149","175"
"Pocahontas","0","3","Iowa","5/5/20","1","2","19151","200"
"Polk","138","1778","Iowa","5/5/20","813","965","19153","118.7"
"Pottawattamie","5","61","Iowa","5/5/20","28","33","19155","117.86"
"Poweshiek","3","73","Iowa","5/5/20","50","23","19157","46"
"Sac","0","1","Iowa","5/5/20","0","1","19161","1"
"Scott","5","255","Iowa","5/5/20","218","37","19163","16.97"
"Shelby","1","14","Iowa","5/5/20","9","5","19165","55.56"
"Sioux","2","24","Iowa","5/5/20","8","16","19167","200"
"Story","2","39","Iowa","5/5/20","26","13","19169","50"
"Tama","5","297","Iowa","5/5/20","263","34","19171","12.93"
"Taylor","0","1","Iowa","5/5/20","1","0","19173","0"
"Union","0","1","Iowa","5/5/20","1","0","19175","0"
"Van Buren","0","8","Iowa","5/5/20","8","0","19177","0"
"Wapello","14","108","Iowa","5/5/20","10","98","19179","980"
"Warren","1","28","Iowa","5/5/20","20","8","19181","40"
"Washington","2","149","Iowa","5/5/20","138","11","19183","7.97"
"Wayne","0","1","Iowa","5/5/20","0","1","19185","1"
"Webster","0","6","Iowa","5/5/20","4","2","19187","50"
"Winnebago","0","3","Iowa","5/5/20","2","1","19189","50"
"Winneshiek","0","18","Iowa","5/5/20","15","3","19191","20"
"Woodbury","86","1296","Iowa","5/5/20","695","601","19193","86.47"
"Worth","0","1","Iowa","5/5/20","1","0","19195","0"
"Wright","0","4","Iowa","5/5/20","2","2","19197","100"
"Atchison","0","12","Kansas","5/5/20","9","3","20005","33.33"
"Barber","0","1","Kansas","5/5/20","1","0","20007","0"
"Barton","0","9","Kansas","5/5/20","9","0","20009","0"
"Bourbon","0","6","Kansas","5/5/20","6","0","20011","0"
"Brown","0","1","Kansas","5/5/20","0","1","20013","1"
"Butler","0","14","Kansas","5/5/20","15","-1","20015","-6.67"
"Chase","0","3","Kansas","5/5/20","3","0","20017","0"
"Chautauqua","0","4","Kansas","5/5/20","4","0","20019","0"
"Cherokee","0","8","Kansas","5/5/20","7","1","20021","14.29"
"Cheyenne","0","2","Kansas","5/5/20","1","1","20023","100"
"Clark","1","8","Kansas","5/5/20","1","7","20025","700"
"Clay","0","5","Kansas","5/5/20","5","0","20027","0"
"Cloud","0","4","Kansas","5/5/20","3","1","20029","33.33"
"Coffey","0","49","Kansas","5/5/20","48","1","20031","2.08"
"Cowley","0","3","Kansas","5/5/20","3","0","20035","0"
"Crawford","0","8","Kansas","5/5/20","7","1","20037","14.29"
"Dickinson","0","2","Kansas","5/5/20","2","0","20041","0"
"Doniphan","0","4","Kansas","5/5/20","3","1","20043","33.33"
"Douglas","0","51","Kansas","5/5/20","49","2","20045","4.08"
"Edwards","0","4","Kansas","5/5/20","2","2","20047","100"
"Ellis","0","8","Kansas","5/5/20","8","0","20051","0"
"Ellsworth","0","1","Kansas","5/5/20","0","1","20053","1"
"Finney","56","659","Kansas","5/5/20","270","389","20055","144.07"
"Ford","46","869","Kansas","5/5/20","544","325","20057","59.74"
"Franklin","1","19","Kansas","5/5/20","13","6","20059","46.15"
"Geary","0","11","Kansas","5/5/20","11","0","20061","0"
"Gove","0","1","Kansas","5/5/20","1","0","20063","0"
"Grant","1","7","Kansas","5/5/20","1","6","20067","600"
"Gray","0","6","Kansas","5/5/20","4","2","20069","50"
"Greenwood","0","3","Kansas","5/5/20","3","0","20073","0"
"Hamilton","0","4","Kansas","5/5/20","2","2","20075","100"
"Harper","0","1","Kansas","5/5/20","0","1","20077","1"
"Harvey","0","9","Kansas","5/5/20","6","3","20079","50"
"Haskell","0","8","Kansas","5/5/20","7","1","20081","14.29"
"Jackson","0","2","Kansas","5/5/20","2","0","20085","0"
"Jefferson","0","10","Kansas","5/5/20","8","2","20087","25"
"Jewell","0","4","Kansas","5/5/20","4","0","20089","0"
"Johnson","10","513","Kansas","5/5/20","446","67","20091","15.02"
"Kearny","1","23","Kansas","5/5/20","14","9","20093","64.29"
"Kiowa","0","2","Kansas","5/5/20","1","1","20097","100"
"Labette","0","22","Kansas","5/5/20","21","1","20099","4.76"
"Leavenworth","59","602","Kansas","5/5/20","187","415","20103","221.93"
"Linn","0","6","Kansas","5/5/20","6","0","20107","0"
"Lyon","10","265","Kansas","5/5/20","193","72","20111","37.31"
"Marion","0","5","Kansas","5/5/20","5","0","20115","0"
"McPherson","0","23","Kansas","5/5/20","20","3","20113","15"
"Meade","1","12","Kansas","5/5/20","2","10","20119","500"
"Miami","0","5","Kansas","5/5/20","5","0","20121","0"
"Mitchell","0","3","Kansas","5/5/20","2","1","20123","50"
"Montgomery","1","20","Kansas","5/5/20","16","4","20125","25"
"Morris","0","3","Kansas","5/5/20","3","0","20127","0"
"Morton","0","3","Kansas","5/5/20","3","0","20129","0"
"Nemaha","0","1","Kansas","5/5/20","1","0","20131","0"
"Neosho","0","2","Kansas","5/5/20","2","0","20133","0"
"Norton","0","2","Kansas","5/5/20","0","2","20137","1"
"Osage","0","5","Kansas","5/5/20","5","0","20139","0"
"Osborne","0","2","Kansas","5/5/20","2","0","20141","0"
"Ottawa","0","4","Kansas","5/5/20","3","1","20143","33.33"
"Phillips","0","1","Kansas","5/5/20","1","0","20147","0"
"Pottawatomie","1","15","Kansas","5/5/20","9","6","20149","66.67"
"Pratt","0","1","Kansas","5/5/20","1","0","20151","0"
"Reno","2","40","Kansas","5/5/20","27","13","20155","48.15"
"Republic","0","4","Kansas","5/5/20","4","0","20157","0"
"Rice","0","3","Kansas","5/5/20","3","0","20159","0"
"Riley","1","55","Kansas","5/5/20","47","8","20161","17.02"
"Rooks","0","6","Kansas","5/5/20","6","0","20163","0"
"Saline","0","21","Kansas","5/5/20","20","1","20169","5"
"Scott","0","2","Kansas","5/5/20","0","2","20171","1"
"Sedgwick","12","439","Kansas","5/5/20","354","85","20173","24.01"
"Seward","25","622","Kansas","5/5/20","444","178","20175","40.09"
"Shawnee","4","133","Kansas","5/5/20","108","25","20177","23.15"
"Sheridan","0","2","Kansas","5/5/20","2","0","20179","0"
"Sherman","0","5","Kansas","5/5/20","3","2","20181","66.67"
"Smith","0","2","Kansas","5/5/20","2","0","20183","0"
"Stafford","0","1","Kansas","5/5/20","1","0","20185","0"
"Stanton","0","7","Kansas","5/5/20","4","3","20187","75"
"Stevens","1","12","Kansas","5/5/20","8","4","20189","50"
"Sumner","0","4","Kansas","5/5/20","3","1","20191","33.33"
"Wabaunsee","2","27","Kansas","5/5/20","15","12","20197","80"
"Wilson","0","1","Kansas","5/5/20","1","0","20205","0"
"Woodson","0","6","Kansas","5/5/20","5","1","20207","20"
"Wyandotte","44","896","Kansas","5/5/20","585","311","20209","53.16"
"Adair","0","81","Kentucky","5/5/20","79","2","21001","2.53"
"Allen","1","16","Kentucky","5/5/20","9","7","21003","77.78"
"Anderson","0","9","Kentucky","5/5/20","8","1","21005","12.5"
"Ballard","0","8","Kentucky","5/5/20","9","-1","21007","-11.11"
"Barren","1","22","Kentucky","5/5/20","15","7","21009","46.67"
"Bath","0","4","Kentucky","5/5/20","4","0","21011","0"
"Boone","9","191","Kentucky","5/5/20","125","66","21015","52.8"
"Bourbon","0","8","Kentucky","5/5/20","7","1","21017","14.29"
"Boyd","0","31","Kentucky","5/5/20","33","-2","21019","-6.06"
"Boyle","0","17","Kentucky","5/5/20","17","0","21021","0"
"Bracken","0","9","Kentucky","5/5/20","7","2","21023","28.57"
"Breathitt","0","2","Kentucky","5/5/20","2","0","21025","0"
"Breckinridge","0","9","Kentucky","5/5/20","8","1","21027","12.5"
"Bullitt","2","68","Kentucky","5/5/20","51","17","21029","33.33"
"Butler","10","181","Kentucky","5/5/20","113","68","21031","60.18"
"Caldwell","0","12","Kentucky","5/5/20","13","-1","21033","-7.69"
"Calloway","1","35","Kentucky","5/5/20","31","4","21035","12.9"
"Campbell","3","103","Kentucky","5/5/20","85","18","21037","21.18"
"Carlisle","0","2","Kentucky","5/5/20","2","0","21039","0"
"Carroll","0","2","Kentucky","5/5/20","2","0","21041","0"
"Carter","0","6","Kentucky","5/5/20","5","1","21043","20"
"Casey","0","1","Kentucky","5/5/20","1","0","21045","0"
"Christian","1","91","Kentucky","5/5/20","86","5","21047","5.81"
"Clark","0","20","Kentucky","5/5/20","19","1","21049","5.26"
"Clay","0","1","Kentucky","5/5/20","1","0","21051","0"
"Clinton","0","3","Kentucky","5/5/20","3","0","21053","0"
"Crittenden","0","4","Kentucky","5/5/20","4","0","21055","0"
"Cumberland","0","5","Kentucky","5/5/20","5","0","21057","0"
"Daviess","10","242","Kentucky","5/5/20","169","73","21059","43.2"
"Edmonson","3","36","Kentucky","5/5/20","17","19","21061","111.76"
"Fayette","8","298","Kentucky","5/5/20","242","56","21067","23.14"
"Fleming","0","2","Kentucky","5/5/20","2","0","21069","0"
"Floyd","0","12","Kentucky","5/5/20","12","0","21071","0"
"Franklin","0","16","Kentucky","5/5/20","16","0","21073","0"
"Fulton","0","1","Kentucky","5/5/20","1","0","21075","0"
"Gallatin","0","1","Kentucky","5/5/20","1","0","21077","0"
"Garrard","0","2","Kentucky","5/5/20","2","0","21079","0"
"Grant","1","26","Kentucky","5/5/20","20","6","21081","30"
"Graves","3","143","Kentucky","5/5/20","122","21","21083","17.21"
"Grayson","4","91","Kentucky","5/5/20","60","31","21085","51.67"
"Green","0","1","Kentucky","5/5/20","1","0","21087","0"
"Greenup","0","12","Kentucky","5/5/20","11","1","21089","9.09"
"Hancock","0","6","Kentucky","5/5/20","6","0","21091","0"
"Hardin","2","52","Kentucky","5/5/20","37","15","21093","40.54"
"Harrison","0","18","Kentucky","5/5/20","17","1","21097","5.88"
"Hart","1","8","Kentucky","5/5/20","2","6","21099","300"
"Henderson","2","73","Kentucky","5/5/20","58","15","21101","25.86"
"Henry","0","8","Kentucky","5/5/20","6","2","21103","33.33"
"Hickman","1","5","Kentucky","5/5/20","1","4","21105","400"
"Hopkins","2","204","Kentucky","5/5/20","191","13","21107","6.81"
"Jackson","0","60","Kentucky","5/5/20","59","1","21109","1.69"
"Jefferson","39","1497","Kentucky","5/5/20","1224","273","21111","22.3"
"Jessamine","0","40","Kentucky","5/5/20","37","3","21113","8.11"
"Johnson","0","3","Kentucky","5/5/20","3","0","21115","0"
"Kenton","13","340","Kentucky","5/5/20","247","93","21117","37.65"
"Knott","0","4","Kentucky","5/5/20","3","1","21119","33.33"
"Knox","0","8","Kentucky","5/5/20","6","2","21121","33.33"
"Larue","0","5","Kentucky","5/5/20","5","0","21123","0"
"Laurel","1","19","Kentucky","5/5/20","14","5","21125","35.71"
"Lawrence","0","1","Kentucky","5/5/20","1","0","21127","0"
"Leslie","0","4","Kentucky","5/5/20","2","2","21131","100"
"Letcher","0","3","Kentucky","5/5/20","2","1","21133","50"
"Lewis","0","3","Kentucky","5/5/20","3","0","21135","0"
"Lincoln","0","5","Kentucky","5/5/20","5","0","21137","0"
"Livingston","0","6","Kentucky","5/5/20","4","2","21139","50"
"Logan","1","15","Kentucky","5/5/20","8","7","21141","87.5"
"Lyon","0","13","Kentucky","5/5/20","13","0","21143","0"
"Madison","0","31","Kentucky","5/5/20","29","2","21151","6.9"
"Marion","0","17","Kentucky","5/5/20","16","1","21155","6.25"
"Marshall","0","33","Kentucky","5/5/20","34","-1","21157","-2.94"
"Martin","0","3","Kentucky","5/5/20","3","0","21159","0"
"Mason","0","6","Kentucky","5/5/20","6","0","21161","0"
"McCracken","2","63","Kentucky","5/5/20","48","15","21145","31.25"
"McCreary","0","11","Kentucky","5/5/20","11","0","21147","0"
"McLean","1","16","Kentucky","5/5/20","12","4","21149","33.33"
"Meade","1","15","Kentucky","5/5/20","11","4","21163","36.36"
"Menifee","0","3","Kentucky","5/5/20","3","0","21165","0"
"Mercer","0","11","Kentucky","5/5/20","11","0","21167","0"
"Metcalfe","0","1","Kentucky","5/5/20","0","1","21169","1"
"Monroe","0","6","Kentucky","5/5/20","4","2","21171","50"
"Montgomery","0","11","Kentucky","5/5/20","11","0","21173","0"
"Morgan","0","1","Kentucky","5/5/20","1","0","21175","0"
"Muhlenberg","47","442","Kentucky","5/5/20","114","328","21177","287.72"
"Nelson","1","24","Kentucky","5/5/20","20","4","21179","20"
"Nicholas","0","1","Kentucky","5/5/20","1","0","21181","0"
"Ohio","3","62","Kentucky","5/5/20","40","22","21183","55"
"Oldham","1","36","Kentucky","5/5/20","28","8","21185","28.57"
"Owen","0","1","Kentucky","5/5/20","1","0","21187","0"
"Owsley","0","2","Kentucky","5/5/20","2","0","21189","0"
"Pendleton","0","5","Kentucky","5/5/20","6","-1","21191","-16.67"
"Perry","1","14","Kentucky","5/5/20","6","8","21193","133.33"
"Pike","0","13","Kentucky","5/5/20","11","2","21195","18.18"
"Powell","0","1","Kentucky","5/5/20","1","0","21197","0"
"Pulaski","0","43","Kentucky","5/5/20","43","0","21199","0"
"Rockcastle","0","12","Kentucky","5/5/20","11","1","21203","9.09"
"Rowan","0","2","Kentucky","5/5/20","2","0","21205","0"
"Russell","0","17","Kentucky","5/5/20","16","1","21207","6.25"
"Scott","0","25","Kentucky","5/5/20","24","1","21209","4.17"
"Shelby","1","33","Kentucky","5/5/20","28","5","21211","17.86"
"Simpson","1","31","Kentucky","5/5/20","24","7","21213","29.17"
"Spencer","1","15","Kentucky","5/5/20","10","5","21215","50"
"Taylor","0","8","Kentucky","5/5/20","8","0","21217","0"
"Todd","0","13","Kentucky","5/5/20","12","1","21219","8.33"
"Trigg","0","9","Kentucky","5/5/20","8","1","21221","12.5"
"Trimble","0","3","Kentucky","5/5/20","3","0","21223","0"
"Union","0","9","Kentucky","5/5/20","8","1","21225","12.5"
"Warren","23","426","Kentucky","5/5/20","263","163","21227","61.98"
"Washington","0","5","Kentucky","5/5/20","5","0","21229","0"
"Wayne","0","8","Kentucky","5/5/20","7","1","21231","14.29"
"Webster","1","25","Kentucky","5/5/20","21","4","21233","19.05"
"Whitley","0","11","Kentucky","5/5/20","11","0","21235","0"
"Woodford","0","17","Kentucky","5/5/20","17","0","21239","0"
"Acadia","1","136","Louisiana","5/5/20","130","6","22001","4.62"
"Allen","0","90","Louisiana","5/5/20","90","0","22003","0"
"Ascension","12","657","Louisiana","5/5/20","576","81","22005","14.06"
"Assumption","4","202","Louisiana","5/5/20","177","25","22007","14.12"
"Avoyelles","0","73","Louisiana","5/5/20","71","2","22009","2.82"
"Beauregard","1","43","Louisiana","5/5/20","37","6","22011","16.22"
"Bienville","1","78","Louisiana","5/5/20","73","5","22013","6.85"
"Bossier","3","300","Louisiana","5/5/20","277","23","22015","8.3"
"Caddo","20","1639","Louisiana","5/5/20","1497","142","22017","9.49"
"Calcasieu","13","470","Louisiana","5/5/20","377","93","22019","24.67"
"Caldwell","3","40","Louisiana","5/5/20","17","23","22021","135.29"
"Cameron","0","3","Louisiana","5/5/20","3","0","22023","0"
"Catahoula","3","46","Louisiana","5/5/20","25","21","22025","84"
"Claiborne","1","58","Louisiana","5/5/20","53","5","22027","9.43"
"Concordia","1","41","Louisiana","5/5/20","32","9","22029","28.12"
"De Soto","2","202","Louisiana","5/5/20","189","13","22031","6.88"
"East Baton Rouge","55","2175","Louisiana","5/5/20","1787","388","22033","21.71"
"East Carroll","0","9","Louisiana","5/5/20","8","1","22035","12.5"
"East Feliciana","2","131","Louisiana","5/5/20","118","13","22037","11.02"
"Evangeline","2","63","Louisiana","5/5/20","46","17","22039","36.96"
"Franklin","3","140","Louisiana","5/5/20","121","19","22041","15.7"
"Grant","1","17","Louisiana","5/5/20","12","5","22043","41.67"
"Iberia","4","274","Louisiana","5/5/20","247","27","22045","10.93"
"Iberville","6","484","Louisiana","5/5/20","443","41","22047","9.26"
"Jackson","3","48","Louisiana","5/5/20","30","18","22049","60"
"Jefferson","51","6491","Louisiana","5/5/20","6135","356","22051","5.8"
"Jefferson Davis","1","65","Louisiana","5/5/20","61","4","22053","6.56"
"Lafayette","4","473","Louisiana","5/5/20","446","27","22055","6.05"
"Lafourche","7","686","Louisiana","5/5/20","635","51","22057","8.03"
"LaSalle","1","27","Louisiana","5/5/20","21","6","22059","28.57"
"Lincoln","2","96","Louisiana","5/5/20","80","16","22061","20"
"Livingston","9","247","Louisiana","5/5/20","185","62","22063","33.51"
"Madison","0","8","Louisiana","5/5/20","7","1","22065","14.29"
"Morehouse","1","55","Louisiana","5/5/20","48","7","22067","14.58"
"Natchitoches","2","90","Louisiana","5/5/20","77","13","22069","16.88"
"Orleans","28","6575","Louisiana","5/5/20","6380","195","22071","3.06"
"Ouachita","20","793","Louisiana","5/5/20","651","142","22073","21.81"
"Plaquemines","2","181","Louisiana","5/5/20","168","13","22075","7.74"
"Pointe Coupee","2","114","Louisiana","5/5/20","98","16","22077","16.33"
"Rapides","8","308","Louisiana","5/5/20","255","53","22079","20.78"
"Red River","2","34","Louisiana","5/5/20","23","11","22081","47.83"
"Richland","4","84","Louisiana","5/5/20","53","31","22083","58.49"
"Sabine","0","17","Louisiana","5/5/20","16","1","22085","6.25"
"St. Bernard","7","502","Louisiana","5/5/20","452","50","22087","11.06"
"St. Charles","5","589","Louisiana","5/5/20","554","35","22089","6.32"
"St. Helena","1","32","Louisiana","5/5/20","28","4","22091","14.29"
"St. James","2","254","Louisiana","5/5/20","240","14","22093","5.83"
"St. John the Baptist","3","782","Louisiana","5/5/20","758","24","22095","3.17"
"St. Landry","4","198","Louisiana","5/5/20","170","28","22097","16.47"
"St. Martin","3","247","Louisiana","5/5/20","226","21","22099","9.29"
"St. Mary","4","212","Louisiana","5/5/20","182","30","22101","16.48"
"St. Tammany","26","1369","Louisiana","5/5/20","1184","185","22103","15.62"
"Tangipahoa","9","605","Louisiana","5/5/20","540","65","22105","12.04"
"Tensas","0","2","Louisiana","5/5/20","1","1","22107","100"
"Terrebonne","12","469","Louisiana","5/5/20","382","87","22109","22.77"
"Union","5","144","Louisiana","5/5/20","108","36","22111","33.33"
"Vermilion","1","40","Louisiana","5/5/20","35","5","22113","14.29"
"Vernon","0","17","Louisiana","5/5/20","16","1","22115","6.25"
"Washington","5","292","Louisiana","5/5/20","256","36","22117","14.06"
"Webster","1","95","Louisiana","5/5/20","85","10","22119","11.76"
"West Baton Rouge","3","115","Louisiana","5/5/20","94","21","22121","22.34"
"West Carroll","0","4","Louisiana","5/5/20","4","0","22123","0"
"West Feliciana","7","156","Louisiana","5/5/20","109","47","22125","43.12"
"Winn","3","46","Louisiana","5/5/20","26","20","22127","76.92"
"Androscoggin","3","62","Maine","5/5/20","42","20","23001","47.62"
"Aroostook","0","6","Maine","5/5/20","5","1","23003","20"
"Cumberland","15","571","Maine","5/5/20","466","105","23005","22.53"
"Franklin","0","29","Maine","5/5/20","27","2","23007","7.41"
"Hancock","0","10","Maine","5/5/20","10","0","23009","0"
"Kennebec","0","105","Maine","5/5/20","103","2","23011","1.94"
"Knox","0","16","Maine","5/5/20","15","1","23013","6.67"
"Lincoln","0","13","Maine","5/5/20","12","1","23015","8.33"
"Oxford","0","15","Maine","5/5/20","15","0","23017","0"
"Penobscot","4","85","Maine","5/5/20","57","28","23019","49.12"
"Piscataquis","0","1","Maine","5/5/20","1","0","23021","0"
"Sagadahoc","0","19","Maine","5/5/20","18","1","23023","5.56"
"Somerset","0","17","Maine","5/5/20","18","-1","23025","-5.56"
"Waldo","0","49","Maine","5/5/20","48","1","23027","2.08"
"Washington","0","2","Maine","5/5/20","2","0","23029","0"
"York","4","226","Maine","5/5/20","200","26","23031","13"
"Allegany","2","129","Maryland","5/5/20","115","14","24001","12.17"
"Anne Arundel","68","2045","Maryland","5/5/20","1571","474","24003","30.17"
"Baltimore","114","3430","Maryland","5/5/20","2631","799","24005","30.37"
"Baltimore City","90","2609","Maryland","5/5/20","1977","632","24510","31.97"
"Calvert","5","174","Maryland","5/5/20","139","35","24009","25.18"
"Caroline","4","99","Maryland","5/5/20","69","30","24011","43.48"
"Carroll","14","513","Maryland","5/5/20","416","97","24013","23.32"
"Cecil","5","195","Maryland","5/5/20","163","32","24015","19.63"
"Charles","17","660","Maryland","5/5/20","539","121","24017","22.45"
"Dorchester","3","76","Maryland","5/5/20","52","24","24019","46.15"
"Frederick","29","1071","Maryland","5/5/20","870","201","24021","23.1"
"Garrett","0","4","Maryland","5/5/20","4","0","24023","0"
"Harford","20","499","Maryland","5/5/20","358","141","24025","39.39"
"Howard","30","1010","Maryland","5/5/20","802","208","24027","25.94"
"Kent","3","95","Maryland","5/5/20","73","22","24029","30.14"
"Montgomery","220","5541","Maryland","5/5/20","4003","1538","24031","38.42"
"Prince George's","334","7831","Maryland","5/5/20","5496","2335","24033","42.49"
"Queen Anne's","1","65","Maryland","5/5/20","55","10","24035","18.18"
"Somerset","2","37","Maryland","5/5/20","20","17","24039","85"
"St. Mary's","4","170","Maryland","5/5/20","145","25","24037","17.24"
"Talbot","2","45","Maryland","5/5/20","34","11","24041","32.35"
"Washington","7","238","Maryland","5/5/20","187","51","24043","27.27"
"Wicomico","23","500","Maryland","5/5/20","340","160","24045","47.06"
"Worcester","4","81","Maryland","5/5/20","54","27","24047","50"
"Barnstable","24","1008","Massachusetts","5/5/20","843","165","25001","19.57"
"Berkshire","4","464","Massachusetts","5/5/20","437","27","25003","6.18"
"Bristol","141","4304","Massachusetts","5/5/20","3318","986","25005","29.72"
"Dukes and Nantucket","1","34","Massachusetts","5/5/20","28","6","00000","21.43"
"Essex","294","10154","Massachusetts","5/5/20","8094","2060","25009","25.45"
"Franklin","6","281","Massachusetts","5/5/20","242","39","25011","16.12"
"Hampden","97","4262","Massachusetts","5/5/20","3586","676","25013","18.85"
"Hampshire","10","591","Massachusetts","5/5/20","522","69","25015","13.22"
"Middlesex","380","16264","Massachusetts","5/5/20","13603","2661","25017","19.56"
"Norfolk","140","6685","Massachusetts","5/5/20","5703","982","25021","17.22"
"Plymouth","153","5891","Massachusetts","5/5/20","4823","1068","25023","22.14"
"Suffolk","300","14389","Massachusetts","5/5/20","12286","2103","25025","17.12"
"Worcester","232","6698","Massachusetts","5/5/20","5073","1625","25027","32.03"
"Alcona","0","7","Michigan","5/5/20","7","0","26001","0"
"Allegan","6","147","Michigan","5/5/20","104","43","26005","41.35"
"Alpena","3","92","Michigan","5/5/20","74","18","26007","24.32"
"Antrim","0","11","Michigan","5/5/20","10","1","26009","10"
"Arenac","1","32","Michigan","5/5/20","22","10","26011","45.45"
"Baraga","0","1","Michigan","5/5/20","0","1","26013","1"
"Barry","2","52","Michigan","5/5/20","41","11","26015","26.83"
"Bay","5","193","Michigan","5/5/20","158","35","26017","22.15"
"Benzie","0","4","Michigan","5/5/20","4","0","26019","0"
"Berrien","13","422","Michigan","5/5/20","334","88","26021","26.35"
"Branch","2","75","Michigan","5/5/20","58","17","26023","29.31"
"Calhoun","6","275","Michigan","5/5/20","236","39","26025","16.53"
"Cass","1","45","Michigan","5/5/20","36","9","26027","25"
"Charlevoix","0","14","Michigan","5/5/20","14","0","26029","0"
"Cheboygan","0","24","Michigan","5/5/20","22","2","26031","9.09"
"Chippewa","0","3","Michigan","5/5/20","3","0","26033","0"
"Clare","0","11","Michigan","5/5/20","11","0","26035","0"
"Clinton","2","133","Michigan","5/5/20","120","13","26037","10.83"
"Crawford","1","60","Michigan","5/5/20","55","5","26039","9.09"
"Delta","0","15","Michigan","5/5/20","14","1","26041","7.14"
"Dickinson","0","3","Michigan","5/5/20","3","0","26043","0"
"Eaton","3","157","Michigan","5/5/20","133","24","26045","18.05"
"Emmet","0","25","Michigan","5/5/20","25","0","26047","0"
"Federal Correctional Institution (FCI)","2","98","Michigan","5/5/20","82","16","00000","19.51"
"Genesee","27","1822","Michigan","5/5/20","1632","190","26049","11.64"
"Gladwin","0","14","Michigan","5/5/20","12","2","26051","16.67"
"Gogebic","0","5","Michigan","5/5/20","4","1","26053","25"
"Grand Traverse","0","21","Michigan","5/5/20","20","1","26055","5"
"Gratiot","2","28","Michigan","5/5/20","11","17","26057","154.55"
"Hillsdale","3","139","Michigan","5/5/20","120","19","26059","15.83"
"Houghton","0","2","Michigan","5/5/20","2","0","26061","0"
"Huron","2","32","Michigan","5/5/20","19","13","26063","68.42"
"Ingham","13","539","Michigan","5/5/20","445","94","26065","21.12"
"Ionia","6","102","Michigan","5/5/20","57","45","26067","78.95"
"Iosco","1","63","Michigan","5/5/20","59","4","26069","6.78"
"Isabella","0","76","Michigan","5/5/20","74","2","26073","2.7"
"Jackson","4","388","Michigan","5/5/20","360","28","26075","7.78"
"Kalamazoo","24","527","Michigan","5/5/20","360","167","26077","46.39"
"Kalkaska","0","28","Michigan","5/5/20","27","1","26079","3.7"
"Kent","91","2063","Michigan","5/5/20","1427","636","26081","44.57"
"Lake","0","3","Michigan","5/5/20","3","0","26085","0"
"Lapeer","1","183","Michigan","5/5/20","176","7","26087","3.98"
"Leelanau","0","9","Michigan","5/5/20","9","0","26089","0"
"Lenawee","4","139","Michigan","5/5/20","113","26","26091","23.01"
"Livingston","6","422","Michigan","5/5/20","380","42","26093","11.05"
"Luce","0","1","Michigan","5/5/20","1","0","26095","0"
"Mackinac","0","6","Michigan","5/5/20","5","1","26097","20"
"Macomb","68","5847","Michigan","5/5/20","5374","473","26099","8.8"
"Manistee","0","12","Michigan","5/5/20","12","0","26101","0"
"Marquette","1","50","Michigan","5/5/20","43","7","26103","16.28"
"Mason","1","16","Michigan","5/5/20","10","6","26105","60"
"Mecosta","0","17","Michigan","5/5/20","18","-1","26107","-5.56"
"Menominee","0","6","Michigan","5/5/20","5","1","26109","20"
"Michigan Department of Corrections (MDOC)","118","1898","Michigan","5/5/20","1074","824","00000","76.72"
"Midland","1","91","Michigan","5/5/20","84","7","26111","8.33"
"Missaukee","0","22","Michigan","5/5/20","20","2","26113","10"
"Monroe","8","351","Michigan","5/5/20","293","58","26115","19.8"
"Montcalm","1","48","Michigan","5/5/20","38","10","26117","26.32"
"Montmorency","0","5","Michigan","5/5/20","5","0","26119","0"
"Muskegon","11","318","Michigan","5/5/20","242","76","26121","31.4"
"Newaygo","2","34","Michigan","5/5/20","18","16","26123","88.89"
"Oakland","102","8389","Michigan","5/5/20","7672","717","26125","9.35"
"Oceana","2","25","Michigan","5/5/20","12","13","26127","108.33"
"Ogemaw","1","19","Michigan","5/5/20","15","4","26129","26.67"
"Osceola","0","10","Michigan","5/5/20","10","0","26133","0"
"Oscoda","0","6","Michigan","5/5/20","4","2","26135","50"
"Otsego","1","112","Michigan","5/5/20","105","7","26137","6.67"
"Ottawa","20","385","Michigan","5/5/20","244","141","26139","57.79"
"Out of MI","5","64","Michigan","5/5/20","28","36","80026","128.57"
"Presque Isle","0","11","Michigan","5/5/20","11","0","26141","0"
"Roscommon","1","20","Michigan","5/5/20","16","4","26143","25"
"Saginaw","19","753","Michigan","5/5/20","617","136","26145","22.04"
"Sanilac","0","37","Michigan","5/5/20","35","2","26151","5.71"
"Schoolcraft","0","3","Michigan","5/5/20","3","0","26153","0"
"Shiawassee","3","204","Michigan","5/5/20","185","19","26155","10.27"
"St. Clair","5","390","Michigan","5/5/20","352","38","26147","10.8"
"St. Joseph","2","44","Michigan","5/5/20","31","13","26149","41.94"
"Tuscola","3","119","Michigan","5/5/20","96","23","26157","23.96"
"Van Buren","4","85","Michigan","5/5/20","56","29","26159","51.79"
"Washtenaw","14","1242","Michigan","5/5/20","1142","100","26161","8.76"
"Wayne","193","17746","Michigan","5/5/20","16392","1354","26163","8.26"
"Wexford","0","11","Michigan","5/5/20","11","0","26165","0"
"Aitkin","0","1","Minnesota","5/5/20","1","0","27001","0"
"Anoka","23","344","Minnesota","5/5/20","186","158","27003","84.95"
"Becker","2","15","Minnesota","5/5/20","2","13","27005","650"
"Beltrami","0","6","Minnesota","5/5/20","6","0","27007","0"
"Benton","6","48","Minnesota","5/5/20","6","42","27009","700"
"Big Stone","0","2","Minnesota","5/5/20","2","0","27011","0"
"Blue Earth","3","51","Minnesota","5/5/20","33","18","27013","54.55"
"Brown","0","9","Minnesota","5/5/20","8","1","27015","12.5"
"Carlton","1","60","Minnesota","5/5/20","53","7","27017","13.21"
"Carver","3","39","Minnesota","5/5/20","19","20","27019","105.26"
"Cass","0","7","Minnesota","5/5/20","5","2","27021","40"
"Chippewa","0","3","Minnesota","5/5/20","2","1","27023","50"
"Chisago","1","13","Minnesota","5/5/20","9","4","27025","44.44"
"Clay","7","201","Minnesota","5/5/20","149","52","27027","34.9"
"Clearwater","0","2","Minnesota","5/5/20","2","0","27029","0"
"Cottonwood","4","41","Minnesota","5/5/20","11","30","27033","272.73"
"Crow Wing","0","21","Minnesota","5/5/20","20","1","27035","5"
"Dakota","12","241","Minnesota","5/5/20","156","85","27037","54.49"
"Dodge","0","21","Minnesota","5/5/20","19","2","27039","10.53"
"Douglas","1","10","Minnesota","5/5/20","2","8","27041","400"
"Faribault","0","7","Minnesota","5/5/20","4","3","27043","75"
"Fillmore","0","12","Minnesota","5/5/20","12","0","27045","0"
"Freeborn","0","37","Minnesota","5/5/20","34","3","27047","8.82"
"Goodhue","1","23","Minnesota","5/5/20","19","4","27049","21.05"
"Grant","0","1","Minnesota","5/5/20","0","1","27051","1"
"Hennepin","142","2519","Minnesota","5/5/20","1524","995","27053","65.29"
"Houston","0","1","Minnesota","5/5/20","1","0","27055","0"
"Isanti","0","6","Minnesota","5/5/20","6","0","27059","0"
"Itasca","2","13","Minnesota","5/5/20","2","11","27061","550"
"Jackson","2","25","Minnesota","5/5/20","9","16","27063","177.78"
"Kanabec","0","2","Minnesota","5/5/20","0","2","27065","1"
"Kandiyohi","19","200","Minnesota","5/5/20","64","136","27067","212.5"
"Kittson","0","1","Minnesota","5/5/20","1","0","27069","0"
"Koochiching","0","1","Minnesota","5/5/20","1","0","27071","0"
"Lac qui Parle","0","2","Minnesota","5/5/20","1","1","27073","100"
"Le Sueur","0","26","Minnesota","5/5/20","24","2","27079","8.33"
"Lincoln","0","3","Minnesota","5/5/20","2","1","27081","50"
"Lyon","1","10","Minnesota","5/5/20","6","4","27083","66.67"
"Mahnomen","0","2","Minnesota","5/5/20","1","1","27087","100"
"Marshall","1","7","Minnesota","5/5/20","1","6","27089","600"
"Martin","8","110","Minnesota","5/5/20","52","58","27091","111.54"
"McLeod","0","5","Minnesota","5/5/20","4","1","27085","25"
"Meeker","1","17","Minnesota","5/5/20","9","8","27093","88.89"
"Mille Lacs","0","4","Minnesota","5/5/20","2","2","27095","100"
"Morrison","1","7","Minnesota","5/5/20","1","6","27097","600"
"Mower","1","33","Minnesota","5/5/20","28","5","27099","17.86"
"Murray","1","20","Minnesota","5/5/20","10","10","27101","100"
"Nicollet","1","16","Minnesota","5/5/20","9","7","27103","77.78"
"Nobles","85","1069","Minnesota","5/5/20","477","592","27105","124.11"
"Norman","0","9","Minnesota","5/5/20","7","2","27107","28.57"
"Olmsted","9","313","Minnesota","5/5/20","251","62","27109","24.7"
"Otter Tail","2","19","Minnesota","5/5/20","8","11","27111","137.5"
"Pennington","0","1","Minnesota","5/5/20","1","0","27113","0"
"Pine","1","60","Minnesota","5/5/20","56","4","27115","7.14"
"Pipestone","0","4","Minnesota","5/5/20","2","2","27117","100"
"Polk","2","42","Minnesota","5/5/20","26","16","27119","61.54"
"Pope","0","1","Minnesota","5/5/20","0","1","27121","1"
"Ramsey","38","583","Minnesota","5/5/20","317","266","27123","83.91"
"Red Lake","0","1","Minnesota","5/5/20","1","0","27125","0"
"Redwood","0","3","Minnesota","5/5/20","1","2","27127","200"
"Renville","0","5","Minnesota","5/5/20","3","2","27129","66.67"
"Rice","3","30","Minnesota","5/5/20","11","19","27131","172.73"
"Rock","1","18","Minnesota","5/5/20","8","10","27133","125"
"Roseau","0","1","Minnesota","5/5/20","1","0","27135","0"
"Scott","5","74","Minnesota","5/5/20","36","38","27139","105.56"
"Sherburne","7","71","Minnesota","5/5/20","19","52","27141","273.68"
"Sibley","0","2","Minnesota","5/5/20","2","0","27143","0"
"St. Louis","2","81","Minnesota","5/5/20","69","12","27137","17.39"
"Stearns","104","815","Minnesota","5/5/20","86","729","27145","847.67"
"Steele","2","25","Minnesota","5/5/20","14","11","27147","78.57"
"Swift","0","2","Minnesota","5/5/20","2","0","27151","0"
"Todd","2","15","Minnesota","5/5/20","4","11","27153","275"
"Traverse","0","2","Minnesota","5/5/20","2","0","27155","0"
"Wabasha","0","10","Minnesota","5/5/20","8","2","27157","25"
"Wadena","0","3","Minnesota","5/5/20","1","2","27159","200"
"Waseca","0","6","Minnesota","5/5/20","4","2","27161","50"
"Washington","6","162","Minnesota","5/5/20","117","45","27163","38.46"
"Watonwan","1","15","Minnesota","5/5/20","7","8","27165","114.29"
"Wilkin","0","11","Minnesota","5/5/20","12","-1","27167","-8.33"
"Winona","0","68","Minnesota","5/5/20","66","2","27169","3.03"
"Wright","4","60","Minnesota","5/5/20","35","25","27171","71.43"
"Yellow Medicine","0","3","Minnesota","5/5/20","3","0","27173","0"
"Adams","4","151","Mississippi","5/5/20","123","28","28001","22.76"
"Alcorn","0","10","Mississippi","5/5/20","10","0","28003","0"
"Amite","1","32","Mississippi","5/5/20","26","6","28005","23.08"
"Attala","7","137","Mississippi","5/5/20","89","48","28007","53.93"
"Benton","0","12","Mississippi","5/5/20","9","3","28009","33.33"
"Bolivar","2","112","Mississippi","5/5/20","101","11","28011","10.89"
"Calhoun","1","58","Mississippi","5/5/20","50","8","28013","16"
"Carroll","13","111","Mississippi","5/5/20","22","89","28015","404.55"
"Chickasaw","2","80","Mississippi","5/5/20","67","13","28017","19.4"
"Choctaw","0","14","Mississippi","5/5/20","13","1","28019","7.69"
"Claiborne","2","33","Mississippi","5/5/20","19","14","28021","73.68"
"Clarke","3","67","Mississippi","5/5/20","49","18","28023","36.73"
"Clay","3","57","Mississippi","5/5/20","33","24","28025","72.73"
"Coahoma","1","70","Mississippi","5/5/20","60","10","28027","16.67"
"Copiah","6","126","Mississippi","5/5/20","83","43","28029","51.81"
"Covington","4","84","Mississippi","5/5/20","54","30","28031","55.56"
"DeSoto","5","308","Mississippi","5/5/20","272","36","28033","13.24"
"Forrest","9","259","Mississippi","5/5/20","196","63","28035","32.14"
"Franklin","0","17","Mississippi","5/5/20","16","1","28037","6.25"
"George","0","14","Mississippi","5/5/20","12","2","28039","16.67"
"Greene","0","6","Mississippi","5/5/20","5","1","28041","20"
"Grenada","1","36","Mississippi","5/5/20","28","8","28043","28.57"
"Hancock","1","68","Mississippi","5/5/20","61","7","28045","11.48"
"Harrison","3","186","Mississippi","5/5/20","166","20","28047","12.05"
"Hinds","19","565","Mississippi","5/5/20","435","130","28049","29.89"
"Holmes","7","168","Mississippi","5/5/20","121","47","28051","38.84"
"Humphreys","1","26","Mississippi","5/5/20","18","8","28053","44.44"
"Itawamba","2","64","Mississippi","5/5/20","51","13","28057","25.49"
"Jackson","3","270","Mississippi","5/5/20","252","18","28059","7.14"
"Jasper","4","64","Mississippi","5/5/20","33","31","28061","93.94"
"Jefferson","1","24","Mississippi","5/5/20","16","8","28063","50"
"Jefferson Davis","2","45","Mississippi","5/5/20","29","16","28065","55.17"
"Jones","9","193","Mississippi","5/5/20","132","61","28067","46.21"
"Kemper","4","79","Mississippi","5/5/20","50","29","28069","58"
"Lafayette","1","96","Mississippi","5/5/20","88","8","28071","9.09"
"Lamar","4","125","Mississippi","5/5/20","94","31","28073","32.98"
"Lauderdale","17","436","Mississippi","5/5/20","318","118","28075","37.11"
"Lawrence","3","57","Mississippi","5/5/20","38","19","28077","50"
"Leake","11","257","Mississippi","5/5/20","179","78","28079","43.58"
"Lee","1","75","Mississippi","5/5/20","71","4","28081","5.63"
"Leflore","5","175","Mississippi","5/5/20","141","34","28083","24.11"
"Lincoln","3","155","Mississippi","5/5/20","136","19","28085","13.97"
"Lowndes","2","65","Mississippi","5/5/20","49","16","28087","32.65"
"Madison","12","298","Mississippi","5/5/20","212","86","28089","40.57"
"Marion","1","76","Mississippi","5/5/20","66","10","28091","15.15"
"Marshall","1","48","Mississippi","5/5/20","42","6","28093","14.29"
"Monroe","3","177","Mississippi","5/5/20","153","24","28095","15.69"
"Montgomery","4","47","Mississippi","5/5/20","19","28","28097","147.37"
"Neshoba","11","243","Mississippi","5/5/20","169","74","28099","43.79"
"Newton","5","106","Mississippi","5/5/20","73","33","28101","45.21"
"Noxubee","5","92","Mississippi","5/5/20","55","37","28103","67.27"
"Oktibbeha","1","57","Mississippi","5/5/20","48","9","28105","18.75"
"Panola","0","40","Mississippi","5/5/20","38","2","28107","5.26"
"Pearl River","4","183","Mississippi","5/5/20","154","29","28109","18.83"
"Perry","1","31","Mississippi","5/5/20","26","5","28111","19.23"
"Pike","3","160","Mississippi","5/5/20","142","18","28113","12.68"
"Pontotoc","1","22","Mississippi","5/5/20","18","4","28115","22.22"
"Prentiss","0","33","Mississippi","5/5/20","31","2","28117","6.45"
"Quitman","0","16","Mississippi","5/5/20","14","2","28119","14.29"
"Rankin","6","221","Mississippi","5/5/20","179","42","28121","23.46"
"Scott","18","404","Mississippi","5/5/20","281","123","28123","43.77"
"Sharkey","0","5","Mississippi","5/5/20","5","0","28125","0"
"Simpson","1","53","Mississippi","5/5/20","43","10","28127","23.26"
"Smith","3","86","Mississippi","5/5/20","66","20","28129","30.3"
"Stone","0","22","Mississippi","5/5/20","22","0","28131","0"
"Sunflower","1","60","Mississippi","5/5/20","52","8","28133","15.38"
"Tallahatchie","0","12","Mississippi","5/5/20","11","1","28135","9.09"
"Tate","1","45","Mississippi","5/5/20","39","6","28137","15.38"
"Tippah","1","58","Mississippi","5/5/20","53","5","28139","9.43"
"Tishomingo","0","8","Mississippi","5/5/20","7","1","28141","14.29"
"Tunica","0","36","Mississippi","5/5/20","35","1","28143","2.86"
"Union","3","36","Mississippi","5/5/20","16","20","28145","125"
"Walthall","1","35","Mississippi","5/5/20","30","5","28147","16.67"
"Warren","4","88","Mississippi","5/5/20","58","30","28149","51.72"
"Washington","0","78","Mississippi","5/5/20","77","1","28151","1.3"
"Wayne","1","25","Mississippi","5/5/20","19","6","28153","31.58"
"Webster","1","21","Mississippi","5/5/20","17","4","28155","23.53"
"Wilkinson","0","71","Mississippi","5/5/20","68","3","28157","4.41"
"Winston","2","52","Mississippi","5/5/20","41","11","28159","26.83"
"Yalobusha","0","21","Mississippi","5/5/20","19","2","28161","10.53"
"Yazoo","4","154","Mississippi","5/5/20","129","25","28163","19.38"
"Adair","0","12","Missouri","5/5/20","12","0","29001","0"
"Andrew","1","6","Missouri","5/5/20","2","4","29003","200"
"Atchison","0","2","Missouri","5/5/20","2","0","29005","0"
"Audrain","0","1","Missouri","5/5/20","1","0","29007","0"
"Barry","0","5","Missouri","5/5/20","6","-1","29009","-16.67"
"Bates","0","6","Missouri","5/5/20","6","0","29013","0"
"Benton","1","8","Missouri","5/5/20","4","4","29015","100"
"Bollinger","0","4","Missouri","5/5/20","4","0","29017","0"
"Boone","0","97","Missouri","5/5/20","99","-2","29019","-2.02"
"Buchanan","43","369","Missouri","5/5/20","68","301","29021","442.65"
"Butler","0","26","Missouri","5/5/20","26","0","29023","0"
"Caldwell","0","3","Missouri","5/5/20","3","0","29025","0"
"Callaway","0","23","Missouri","5/5/20","22","1","29027","4.55"
"Camden","0","35","Missouri","5/5/20","35","0","29029","0"
"Cape Girardeau","0","49","Missouri","5/5/20","48","1","29031","2.08"
"Carroll","0","2","Missouri","5/5/20","3","-1","29033","-33.33"
"Carter","0","3","Missouri","5/5/20","3","0","29035","0"
"Cass","0","64","Missouri","5/5/20","61","3","29037","4.92"
"Cedar","0","5","Missouri","5/5/20","5","0","29039","0"
"Chariton","0","5","Missouri","5/5/20","5","0","29041","0"
"Christian","0","19","Missouri","5/5/20","19","0","29043","0"
"Clark","0","1","Missouri","5/5/20","1","0","29045","0"
"Clay","2","84","Missouri","5/5/20","69","15","29047","21.74"
"Clinton","0","11","Missouri","5/5/20","11","0","29049","0"
"Cole","0","52","Missouri","5/5/20","50","2","29051","4"
"Cooper","0","9","Missouri","5/5/20","7","2","29053","28.57"
"Crawford","0","8","Missouri","5/5/20","7","1","29055","14.29"
"Dallas","0","2","Missouri","5/5/20","2","0","29059","0"
"Daviess","0","3","Missouri","5/5/20","2","1","29061","50"
"DeKalb","0","3","Missouri","5/5/20","3","0","29063","0"
"Dunklin","1","24","Missouri","5/5/20","20","4","29069","20"
"Franklin","2","127","Missouri","5/5/20","110","17","29071","15.45"
"Gasconade","0","2","Missouri","5/5/20","2","0","29073","0"
"Gentry","0","1","Missouri","5/5/20","1","0","29075","0"
"Greene","1","99","Missouri","5/5/20","93","6","29077","6.45"
"Harrison","0","6","Missouri","5/5/20","6","0","29081","0"
"Henry","0","8","Missouri","5/5/20","8","0","29083","0"
"Holt","0","1","Missouri","5/5/20","1","0","29087","0"
"Howard","0","2","Missouri","5/5/20","2","0","29089","0"
"Howell","0","5","Missouri","5/5/20","5","0","29091","0"
"Iron","0","2","Missouri","5/5/20","2","0","29093","0"
"Jackson","5","347","Missouri","5/5/20","309","38","29095","12.3"
"Jasper","0","24","Missouri","5/5/20","24","0","29097","0"
"Jefferson","4","293","Missouri","5/5/20","267","26","29099","9.74"
"Johnson","1","60","Missouri","5/5/20","54","6","29101","11.11"
"Kansas City","25","683","Missouri","5/5/20","511","172","00000","33.66"
"Lafayette","2","47","Missouri","5/5/20","35","12","29107","34.29"
"Lawrence","0","1","Missouri","5/5/20","0","1","29109","1"
"Lewis","0","6","Missouri","5/5/20","6","0","29111","0"
"Lincoln","1","74","Missouri","5/5/20","70","4","29113","5.71"
"Linn","0","5","Missouri","5/5/20","5","0","29115","0"
"Livingston","0","3","Missouri","5/5/20","2","1","29117","50"
"Macon","0","2","Missouri","5/5/20","2","0","29121","0"
"Madison","0","2","Missouri","5/5/20","1","1","29123","100"
"Maries","0","2","Missouri","5/5/20","2","0","29125","0"
"Marion","0","4","Missouri","5/5/20","5","-1","29127","-20"
"McDonald","0","4","Missouri","5/5/20","4","0","29119","0"
"Miller","0","2","Missouri","5/5/20","1","1","29131","100"
"Mississippi","1","29","Missouri","5/5/20","23","6","29133","26.09"
"Moniteau","0","51","Missouri","5/5/20","52","-1","29135","-1.92"
"Montgomery","0","7","Missouri","5/5/20","7","0","29139","0"
"Morgan","0","5","Missouri","5/5/20","3","2","29141","66.67"
"New Madrid","0","11","Missouri","5/5/20","9","2","29143","22.22"
"Newton","0","11","Missouri","5/5/20","10","1","29145","10"
"Nodaway","0","4","Missouri","5/5/20","3","1","29147","33.33"
"Oregon","0","2","Missouri","5/5/20","1","1","29149","100"
"Osage","0","5","Missouri","5/5/20","5","0","29151","0"
"Pemiscot","4","46","Missouri","5/5/20","21","25","29155","119.05"
"Perry","0","43","Missouri","5/5/20","41","2","29157","4.88"
"Pettis","3","53","Missouri","5/5/20","31","22","29159","70.97"
"Phelps","0","3","Missouri","5/5/20","2","1","29161","50"
"Pike","0","11","Missouri","5/5/20","9","2","29163","22.22"
"Platte","1","36","Missouri","5/5/20","31","5","29165","16.13"
"Polk","0","1","Missouri","5/5/20","1","0","29167","0"
"Pulaski","0","36","Missouri","5/5/20","33","3","29169","9.09"
"Ralls","0","1","Missouri","5/5/20","1","0","29173","0"
"Randolph","0","8","Missouri","5/5/20","8","0","29175","0"
"Ray","0","12","Missouri","5/5/20","12","0","29177","0"
"Reynolds","0","2","Missouri","5/5/20","2","0","29179","0"
"Ripley","0","5","Missouri","5/5/20","5","0","29181","0"
"Saline","5","206","Missouri","5/5/20","170","36","29195","21.18"
"Scotland","0","4","Missouri","5/5/20","4","0","29199","0"
"Scott","2","75","Missouri","5/5/20","62","13","29201","20.97"
"Shelby","0","1","Missouri","5/5/20","1","0","29205","0"
"St. Charles","8","626","Missouri","5/5/20","572","54","29183","9.44"
"St. Clair","0","2","Missouri","5/5/20","2","0","29185","0"
"St. Francois","0","29","Missouri","5/5/20","28","1","29187","3.57"
"St. Louis","77","3643","Missouri","5/5/20","3106","537","29189","17.29"
"St. Louis City","37","1362","Missouri","5/5/20","1104","258","29510","23.37"
"Ste. Genevieve","0","9","Missouri","5/5/20","7","2","29186","28.57"
"Stoddard","0","22","Missouri","5/5/20","19","3","29207","15.79"
"Stone","0","3","Missouri","5/5/20","3","0","29209","0"
"Sullivan","0","1","Missouri","5/5/20","0","1","29211","1"
"Taney","0","12","Missouri","5/5/20","11","1","29213","9.09"
"Vernon","0","4","Missouri","5/5/20","4","0","29217","0"
"Warren","1","26","Missouri","5/5/20","22","4","29219","18.18"
"Washington","0","9","Missouri","5/5/20","8","1","29221","12.5"
"Webster","0","15","Missouri","5/5/20","13","2","29225","15.38"
"Worth","0","1","Missouri","5/5/20","1","0","29227","0"
"Wright","0","10","Missouri","5/5/20","9","1","29229","11.11"
"Beaverhead","0","1","Montana","5/5/20","1","0","30001","0"
"Big Horn","0","3","Montana","5/5/20","3","0","30003","0"
"Broadwater","0","4","Montana","5/5/20","4","0","30007","0"
"Carbon","0","6","Montana","5/5/20","6","0","30009","0"
"Cascade","0","16","Montana","5/5/20","15","1","30013","6.67"
"Deer Lodge","0","3","Montana","5/5/20","3","0","30023","0"
"Flathead","0","37","Montana","5/5/20","37","0","30029","0"
"Gallatin","0","146","Montana","5/5/20","146","0","30031","0"
"Glacier","0","6","Montana","5/5/20","6","0","30035","0"
"Golden Valley","0","3","Montana","5/5/20","3","0","30037","0"
"Hill","0","1","Montana","5/5/20","1","0","30041","0"
"Jefferson","0","2","Montana","5/5/20","2","0","30043","0"
"Lake","0","5","Montana","5/5/20","5","0","30047","0"
"Lewis and Clark","0","16","Montana","5/5/20","16","0","30049","0"
"Liberty","0","1","Montana","5/5/20","1","0","30051","0"
"Lincoln","0","7","Montana","5/5/20","7","0","30053","0"
"Madison","0","8","Montana","5/5/20","8","0","30057","0"
"Meagher","0","1","Montana","5/5/20","1","0","30059","0"
"Missoula","0","39","Montana","5/5/20","39","0","30063","0"
"Musselshell","0","1","Montana","5/5/20","1","0","30065","0"
"Park","0","8","Montana","5/5/20","7","1","30067","14.29"
"Pondera","0","2","Montana","5/5/20","2","0","30073","0"
"Ravalli","0","5","Montana","5/5/20","5","0","30081","0"
"Richland","0","3","Montana","5/5/20","3","0","30083","0"
"Roosevelt","0","7","Montana","5/5/20","7","0","30085","0"
"Silver Bow","0","11","Montana","5/5/20","11","0","30093","0"
"Stillwater","0","1","Montana","5/5/20","1","0","30095","0"
"Toole","0","29","Montana","5/5/20","29","0","30101","0"
"Wheatland","0","1","Montana","5/5/20","1","0","30107","0"
"Yellowstone","0","83","Montana","5/5/20","80","3","30111","3.75"
"Adams","9","204","Nebraska","5/5/20","143","61","31001","42.66"
"Antelope","0","4","Nebraska","5/5/20","2","2","31003","100"
"Boone","0","2","Nebraska","5/5/20","0","2","31011","1"
"Box Butte","0","1","Nebraska","5/5/20","1","0","31013","0"
"Buffalo","4","116","Nebraska","5/5/20","90","26","31019","28.89"
"Burt","0","5","Nebraska","5/5/20","2","3","31021","150"
"Butler","1","8","Nebraska","5/5/20","2","6","31023","300"
"Cass","0","6","Nebraska","5/5/20","4","2","31025","50"
"Cedar","0","4","Nebraska","5/5/20","2","2","31027","100"
"Cherry","0","1","Nebraska","5/5/20","1","0","31031","0"
"Cheyenne","0","7","Nebraska","5/5/20","6","1","31033","16.67"
"Clay","1","13","Nebraska","5/5/20","5","8","31035","160"
"Colfax","33","255","Nebraska","5/5/20","23","232","31037","1008.7"
"Cuming","1","10","Nebraska","5/5/20","4","6","31039","150"
"Custer","1","26","Nebraska","5/5/20","22","4","31041","18.18"
"Dakota","53","980","Nebraska","5/5/20","608","372","31043","61.18"
"Dawson","30","617","Nebraska","5/5/20","410","207","31047","50.49"
"Dixon","2","14","Nebraska","5/5/20","3","11","31051","366.67"
"Dodge","11","124","Nebraska","5/5/20","50","74","31053","148"
"Douglas","81","1049","Nebraska","5/5/20","484","565","31055","116.74"
"Fillmore","0","3","Nebraska","5/5/20","1","2","31059","200"
"Franklin","0","5","Nebraska","5/5/20","3","2","31061","66.67"
"Frontier","0","1","Nebraska","5/5/20","0","1","31063","1"
"Furnas","0","4","Nebraska","5/5/20","2","2","31065","100"
"Gage","1","39","Nebraska","5/5/20","33","6","31067","18.18"
"Gosper","1","12","Nebraska","5/5/20","8","4","31073","50"
"Greeley","0","2","Nebraska","5/5/20","2","0","31077","0"
"Hall","54","1284","Nebraska","5/5/20","908","376","31079","41.41"
"Hamilton","1","45","Nebraska","5/5/20","41","4","31081","9.76"
"Hitchcock","0","1","Nebraska","5/5/20","0","1","31087","1"
"Holt","0","1","Nebraska","5/5/20","0","1","31089","1"
"Howard","1","17","Nebraska","5/5/20","10","7","31093","70"
"Jefferson","0","4","Nebraska","5/5/20","3","1","31095","33.33"
"Johnson","0","4","Nebraska","5/5/20","4","0","31097","0"
"Kearney","0","5","Nebraska","5/5/20","4","1","31099","25"
"Keith","0","1","Nebraska","5/5/20","0","1","31101","1"
"Kimball","0","9","Nebraska","5/5/20","9","0","31105","0"
"Knox","0","4","Nebraska","5/5/20","2","2","31107","100"
"Lancaster","40","441","Nebraska","5/5/20","158","283","31109","179.11"
"Lincoln","2","33","Nebraska","5/5/20","20","13","31111","65"
"Madison","13","184","Nebraska","5/5/20","95","89","31119","93.68"
"Merrick","1","19","Nebraska","5/5/20","11","8","31121","72.73"
"Morrill","0","3","Nebraska","5/5/20","1","2","31123","200"
"Nance","0","4","Nebraska","5/5/20","1","3","31125","300"
"Nemaha","0","1","Nebraska","5/5/20","1","0","31127","0"
"Otoe","0","3","Nebraska","5/5/20","1","2","31131","200"
"Phelps","1","6","Nebraska","5/5/20","2","4","31137","200"
"Pierce","0","2","Nebraska","5/5/20","1","1","31139","100"
"Platte","24","205","Nebraska","5/5/20","39","166","31141","425.64"
"Polk","1","9","Nebraska","5/5/20","5","4","31143","80"
"Red Willow","0","4","Nebraska","5/5/20","2","2","31145","100"
"Saline","28","285","Nebraska","5/5/20","87","198","31151","227.59"
"Sarpy","11","168","Nebraska","5/5/20","91","77","31153","84.62"
"Saunders","0","11","Nebraska","5/5/20","9","2","31155","22.22"
"Scotts Bluff","1","34","Nebraska","5/5/20","27","7","31157","25.93"
"Seward","1","13","Nebraska","5/5/20","7","6","31159","85.71"
"Sherman","0","2","Nebraska","5/5/20","1","1","31163","100"
"Stanton","1","8","Nebraska","5/5/20","2","6","31167","300"
"Thurston","1","7","Nebraska","5/5/20","3","4","31173","133.33"
"Valley","0","1","Nebraska","5/5/20","1","0","31175","0"
"Washington","0","22","Nebraska","5/5/20","22","0","31177","0"
"Wayne","0","1","Nebraska","5/5/20","1","0","31179","0"
"Webster","0","5","Nebraska","5/5/20","3","2","31181","66.67"
"York","1","15","Nebraska","5/5/20","11","4","31185","36.36"
"Carson City","1","51","Nevada","5/5/20","44","7","32510","15.91"
"Churchill","0","3","Nevada","5/5/20","3","0","32001","0"
"Clark","88","4408","Nevada","5/5/20","3793","615","32003","16.21"
"Douglas","0","22","Nevada","5/5/20","19","3","32005","15.79"
"Elko","0","15","Nevada","5/5/20","15","0","32007","0"
"Humboldt","2","53","Nevada","5/5/20","37","16","32013","43.24"
"Lander","1","13","Nevada","5/5/20","7","6","32015","85.71"
"Lyon","1","35","Nevada","5/5/20","27","8","32019","29.63"
"Mineral","0","4","Nevada","5/5/20","4","0","32021","0"
"Nye","1","39","Nevada","5/5/20","35","4","32023","11.43"
"Washoe","26","1014","Nevada","5/5/20","834","180","32031","21.58"
"White Pine","0","3","Nevada","5/5/20","3","0","32033","0"
"Belknap","1","40","New Hampshire","5/5/20","34","6","33001","17.65"
"Carroll","0","34","New Hampshire","5/5/20","31","3","33003","9.68"
"Cheshire","0","41","New Hampshire","5/5/20","40","1","33005","2.5"
"Coos","0","2","New Hampshire","5/5/20","2","0","33007","0"
"Grafton","1","54","New Hampshire","5/5/20","48","6","33009","12.5"
"Hillsborough","41","1181","New Hampshire","5/5/20","896","285","33011","31.81"
"Merrimack","9","206","New Hampshire","5/5/20","144","62","33013","43.06"
"Rockingham","32","888","New Hampshire","5/5/20","664","224","33015","33.73"
"Strafford","4","163","New Hampshire","5/5/20","133","30","33017","22.56"
"Sullivan","0","12","New Hampshire","5/5/20","11","1","33019","9.09"
"Atlantic","46","1190","New Jersey","5/5/20","868","322","34001","37.1"
"Bergen","173","16460","New Jersey","5/5/20","15251","1209","34003","7.93"
"Burlington","95","3207","New Jersey","5/5/20","2543","664","34005","26.11"
"Camden","138","4251","New Jersey","5/5/20","3285","966","34007","29.41"
"Cape May","10","369","New Jersey","5/5/20","299","70","34009","23.41"
"Cumberland","47","985","New Jersey","5/5/20","659","326","34011","49.47"
"Essex","236","14840","New Jersey","5/5/20","13190","1650","34013","12.51"
"Gloucester","41","1467","New Jersey","5/5/20","1179","288","34015","24.43"
"Hudson","256","16099","New Jersey","5/5/20","14309","1790","34017","12.51"
"Hunterdon","15","679","New Jersey","5/5/20","573","106","34019","18.5"
"Mercer","163","4743","New Jersey","5/5/20","3605","1138","34021","31.57"
"Middlesex","291","13142","New Jersey","5/5/20","11102","2040","34023","18.38"
"Monmouth","95","6490","New Jersey","5/5/20","5826","664","34025","11.4"
"Morris","71","5625","New Jersey","5/5/20","5128","497","34027","9.69"
"Ocean","130","7060","New Jersey","5/5/20","6151","909","34029","14.78"
"Passaic","292","13797","New Jersey","5/5/20","11755","2042","34031","17.37"
"Salem","18","347","New Jersey","5/5/20","219","128","34033","58.45"
"Somerset","77","3820","New Jersey","5/5/20","3278","542","34035","16.53"
"Sussex","15","987","New Jersey","5/5/20","882","105","34037","11.9"
"Union","188","13503","New Jersey","5/5/20","12188","1315","34039","10.79"
"Warren","19","982","New Jersey","5/5/20","848","134","34041","15.8"
"Bernalillo","32","963","New Mexico","5/5/20","738","225","35001","30.49"
"Catron","0","1","New Mexico","5/5/20","1","0","35003","0"
"Chaves","0","25","New Mexico","5/5/20","22","3","35005","13.64"
"Cibola","4","74","New Mexico","5/5/20","46","28","35006","60.87"
"Colfax","0","5","New Mexico","5/5/20","5","0","35007","0"
"Curry","1","20","New Mexico","5/5/20","13","7","35009","53.85"
"De Baca","0","1","New Mexico","5/5/20","0","1","35011","1"
"Dona Ana","6","173","New Mexico","5/5/20","129","44","35013","34.11"
"Eddy","0","13","New Mexico","5/5/20","12","1","35015","8.33"
"Grant","0","15","New Mexico","5/5/20","14","1","35017","7.14"
"Guadalupe","0","15","New Mexico","5/5/20","13","2","35019","15.38"
"Harding","0","1","New Mexico","5/5/20","1","0","35021","0"
"Lea","0","12","New Mexico","5/5/20","10","2","35025","20"
"Lincoln","0","2","New Mexico","5/5/20","2","0","35027","0"
"Los Alamos","0","6","New Mexico","5/5/20","6","0","35028","0"
"Luna","1","7","New Mexico","5/5/20","3","4","35029","133.33"
"McKinley","65","1274","New Mexico","5/5/20","820","454","35031","55.37"
"Otero","1","8","New Mexico","5/5/20","4","4","35035","100"
"Quay","0","4","New Mexico","5/5/20","4","0","35037","0"
"Rio Arriba","1","24","New Mexico","5/5/20","14","10","35039","71.43"
"Roosevelt","0","10","New Mexico","5/5/20","8","2","35041","25"
"San Juan","43","806","New Mexico","5/5/20","508","298","35045","58.66"
"San Miguel","0","3","New Mexico","5/5/20","2","1","35047","50"
"Sandoval","6","426","New Mexico","5/5/20","383","43","35043","11.23"
"Santa Fe","1","108","New Mexico","5/5/20","98","10","35049","10.2"
"Sierra","0","1","New Mexico","5/5/20","0","1","35051","1"
"Socorro","1","48","New Mexico","5/5/20","41","7","35053","17.07"
"Taos","0","20","New Mexico","5/5/20","17","3","35055","17.65"
"Torrance","0","17","New Mexico","5/5/20","15","2","35057","13.33"
"Union","0","3","New Mexico","5/5/20","3","0","35059","0"
"Valencia","2","53","New Mexico","5/5/20","42","11","35061","26.19"
"Albany","41","1294","New York","5/5/20","1009","285","36001","28.25"
"Allegany","0","35","New York","5/5/20","35","0","36003","0"
"Broome","10","338","New York","5/5/20","266","72","36007","27.07"
"Cattaraugus","1","53","New York","5/5/20","45","8","36009","17.78"
"Cayuga","0","51","New York","5/5/20","48","3","36011","6.25"
"Chautauqua","1","37","New York","5/5/20","30","7","36013","23.33"
"Chemung","2","126","New York","5/5/20","113","13","36015","11.5"
"Chenango","1","100","New York","5/5/20","95","5","36017","5.26"
"Clinton","1","69","New York","5/5/20","59","10","36019","16.95"
"Columbia","11","229","New York","5/5/20","154","75","36021","48.7"
"Cortland","0","28","New York","5/5/20","28","0","36023","0"
"Delaware","0","62","New York","5/5/20","59","3","36025","5.08"
"Dutchess","48","3151","New York","5/5/20","2817","334","36027","11.86"
"Erie","115","3891","New York","5/5/20","3089","802","36029","25.96"
"Essex","1","30","New York","5/5/20","26","4","36031","15.38"
"Franklin","0","16","New York","5/5/20","14","2","36033","14.29"
"Fulton","4","97","New York","5/5/20","66","31","36035","46.97"
"Genesee","1","159","New York","5/5/20","149","10","36037","6.71"
"Greene","8","166","New York","5/5/20","112","54","36039","48.21"
"Hamilton","0","3","New York","5/5/20","3","0","36041","0"
"Herkimer","1","67","New York","5/5/20","58","9","36043","15.52"
"Jefferson","0","63","New York","5/5/20","60","3","36045","5"
"Lewis","0","9","New York","5/5/20","9","0","36049","0"
"Livingston","3","86","New York","5/5/20","65","21","36051","32.31"
"Madison","14","223","New York","5/5/20","126","97","36053","76.98"
"Monroe","36","1623","New York","5/5/20","1371","252","36055","18.38"
"Montgomery","2","61","New York","5/5/20","49","12","36057","24.49"
"Nassau","295","37152","New York","5/5/20","35085","2067","36059","5.89"
"New York","2077","176874","New York","5/5/20","162338","14536","36061","8.95"
"Niagara","17","508","New York","5/5/20","386","122","36063","31.61"
"Oneida","23","574","New York","5/5/20","411","163","36065","39.66"
"Onondaga","37","1002","New York","5/5/20","742","260","36067","35.04"
"Ontario","1","97","New York","5/5/20","90","7","36069","7.78"
"Orange","110","9144","New York","5/5/20","8374","770","36071","9.2"
"Orleans","3","99","New York","5/5/20","80","19","36073","23.75"
"Oswego","1","68","New York","5/5/20","63","5","36075","7.94"
"Otsego","0","67","New York","5/5/20","65","2","36077","3.08"
"Putnam","14","1031","New York","5/5/20","932","99","36079","10.62"
"Rensselaer","13","339","New York","5/5/20","250","89","36083","35.6"
"Rockland","99","12144","New York","5/5/20","11453","691","36087","6.03"
"Saratoga","4","368","New York","5/5/20","343","25","36091","7.29"
"Schenectady","10","537","New York","5/5/20","469","68","36093","14.5"
"Schoharie","1","45","New York","5/5/20","38","7","36095","18.42"
"Schuyler","0","7","New York","5/5/20","7","0","36097","0"
"Seneca","1","46","New York","5/5/20","38","8","36099","21.05"
"St. Lawrence","1","178","New York","5/5/20","170","8","36089","4.71"
"Steuben","2","221","New York","5/5/20","210","11","36101","5.24"
"Suffolk","364","35275","New York","5/5/20","32724","2551","36103","7.8"
"Sullivan","31","984","New York","5/5/20","769","215","36105","27.96"
"Tioga","1","92","New York","5/5/20","82","10","36107","12.2"
"Tompkins","0","129","New York","5/5/20","126","3","36109","2.38"
"Ulster","18","1357","New York","5/5/20","1230","127","36111","10.33"
"Warren","6","192","New York","5/5/20","150","42","36113","28"
"Washington","8","188","New York","5/5/20","131","57","36115","43.51"
"Wayne","1","78","New York","5/5/20","70","8","36117","11.43"
"Westchester","285","30240","New York","5/5/20","28245","1995","36119","7.06"
"Wyoming","1","70","New York","5/5/20","63","7","36121","11.11"
"Yates","0","19","New York","5/5/20","17","2","36123","11.76"
"Alamance","5","128","North Carolina","5/5/20","94","34","37001","36.17"
"Alexander","0","5","North Carolina","5/5/20","4","1","37003","25"
"Alleghany","1","6","North Carolina","5/5/20","2","4","37005","200"
"Anson","1","30","North Carolina","5/5/20","23","7","37007","30.43"
"Ashe","0","5","North Carolina","5/5/20","4","1","37009","25"
"Beaufort","0","22","North Carolina","5/5/20","20","2","37013","10"
"Bertie","2","51","North Carolina","5/5/20","38","13","37015","34.21"
"Bladen","3","34","North Carolina","5/5/20","13","21","37017","161.54"
"Brunswick","1","50","North Carolina","5/5/20","43","7","37019","16.28"
"Buncombe","3","78","North Carolina","5/5/20","55","23","37021","41.82"
"Burke","4","117","North Carolina","5/5/20","89","28","37023","31.46"
"Cabarrus","6","320","North Carolina","5/5/20","275","45","37025","16.36"
"Caldwell","2","45","North Carolina","5/5/20","33","12","37027","36.36"
"Camden","0","2","North Carolina","5/5/20","1","1","37029","100"
"Carteret","0","29","North Carolina","5/5/20","28","1","37031","3.57"
"Caswell","2","34","North Carolina","5/5/20","18","16","37033","88.89"
"Catawba","2","65","North Carolina","5/5/20","53","12","37035","22.64"
"Chatham","18","403","North Carolina","5/5/20","274","129","37037","47.08"
"Cherokee","0","19","North Carolina","5/5/20","16","3","37039","18.75"
"Chowan","0","7","North Carolina","5/5/20","7","0","37041","0"
"Clay","0","6","North Carolina","5/5/20","6","0","37043","0"
"Cleveland","0","48","North Carolina","5/5/20","47","1","37045","2.13"
"Columbus","9","167","North Carolina","5/5/20","103","64","37047","62.14"
"Craven","1","44","North Carolina","5/5/20","39","5","37049","12.82"
"Cumberland","14","320","North Carolina","5/5/20","224","96","37051","42.86"
"Currituck","0","5","North Carolina","5/5/20","2","3","37053","150"
"Dare","0","18","North Carolina","5/5/20","15","3","37055","20"
"Davidson","2","183","North Carolina","5/5/20","166","17","37057","10.24"
"Davie","0","31","North Carolina","5/5/20","29","2","37059","6.9"
"Duplin","8","132","North Carolina","5/5/20","74","58","37061","78.38"
"Durham","13","800","North Carolina","5/5/20","712","88","37063","12.36"
"Edgecombe","6","123","North Carolina","5/5/20","78","45","37065","57.69"
"Forsyth","15","287","North Carolina","5/5/20","183","104","37067","56.83"
"Franklin","1","106","North Carolina","5/5/20","102","4","37069","3.92"
"Gaston","2","152","North Carolina","5/5/20","139","13","37071","9.35"
"Gates","0","9","North Carolina","5/5/20","7","2","37073","28.57"
"Graham","0","2","North Carolina","5/5/20","1","1","37075","100"
"Granville","4","160","North Carolina","5/5/20","133","27","37077","20.3"
"Greene","1","22","North Carolina","5/5/20","15","7","37079","46.67"
"Guilford","17","464","North Carolina","5/5/20","345","119","37081","34.49"
"Halifax","2","69","North Carolina","5/5/20","52","17","37083","32.69"
"Harnett","6","188","North Carolina","5/5/20","145","43","37085","29.66"
"Haywood","2","18","North Carolina","5/5/20","6","12","37087","200"
"Henderson","7","210","North Carolina","5/5/20","159","51","37089","32.08"
"Hertford","2","45","North Carolina","5/5/20","32","13","37091","40.62"
"Hoke","5","101","North Carolina","5/5/20","67","34","37093","50.75"
"Hyde","0","1","North Carolina","5/5/20","1","0","37095","0"
"Iredell","4","131","North Carolina","5/5/20","104","27","37097","25.96"
"Jackson","1","20","North Carolina","5/5/20","10","10","37099","100"
"Johnston","6","187","North Carolina","5/5/20","145","42","37101","28.97"
"Jones","1","18","North Carolina","5/5/20","12","6","37103","50"
"Lee","11","207","North Carolina","5/5/20","127","80","37105","62.99"
"Lenoir","5","92","North Carolina","5/5/20","56","36","37107","64.29"
"Lincoln","1","35","North Carolina","5/5/20","25","10","37109","40"
"Macon","0","3","North Carolina","5/5/20","2","1","37113","50"
"Madison","0","1","North Carolina","5/5/20","1","0","37115","0"
"Martin","1","21","North Carolina","5/5/20","16","5","37117","31.25"
"McDowell","1","28","North Carolina","5/5/20","24","4","37111","16.67"
"Mecklenburg","38","1787","North Carolina","5/5/20","1519","268","37119","17.64"
"Mitchell","0","5","North Carolina","5/5/20","5","0","37121","0"
"Montgomery","1","38","North Carolina","5/5/20","32","6","37123","18.75"
"Moore","4","147","North Carolina","5/5/20","116","31","37125","26.72"
"Nash","3","103","North Carolina","5/5/20","84","19","37127","22.62"
"New Hanover","2","91","North Carolina","5/5/20","79","12","37129","15.19"
"Northampton","2","93","North Carolina","5/5/20","82","11","37131","13.41"
"Onslow","1","51","North Carolina","5/5/20","43","8","37133","18.6"
"Orange","3","230","North Carolina","5/5/20","209","21","37135","10.05"
"Pamlico","0","8","North Carolina","5/5/20","7","1","37137","14.29"
"Pasquotank","0","38","North Carolina","5/5/20","35","3","37139","8.57"
"Pender","1","17","North Carolina","5/5/20","11","6","37141","54.55"
"Perquimans","0","14","North Carolina","5/5/20","12","2","37143","16.67"
"Person","1","23","North Carolina","5/5/20","19","4","37145","21.05"
"Pitt","4","144","North Carolina","5/5/20","116","28","37147","24.14"
"Polk","1","26","North Carolina","5/5/20","17","9","37149","52.94"
"Randolph","14","255","North Carolina","5/5/20","154","101","37151","65.58"
"Richmond","3","61","North Carolina","5/5/20","42","19","37153","45.24"
"Robeson","25","281","North Carolina","5/5/20","106","175","37155","165.09"
"Rockingham","1","30","North Carolina","5/5/20","24","6","37157","25"
"Rowan","9","417","North Carolina","5/5/20","353","64","37159","18.13"
"Rutherford","4","147","North Carolina","5/5/20","121","26","37161","21.49"
"Sampson","8","100","North Carolina","5/5/20","44","56","37163","127.27"
"Scotland","1","30","North Carolina","5/5/20","24","6","37165","25"
"Stanly","0","30","North Carolina","5/5/20","29","1","37167","3.45"
"Stokes","0","11","North Carolina","5/5/20","11","0","37169","0"
"Surry","1","20","North Carolina","5/5/20","12","8","37171","66.67"
"Swain","1","4","North Carolina","5/5/20","0","4","37173","1"
"Transylvania","0","8","North Carolina","5/5/20","7","1","37175","14.29"
"Tyrrell","0","4","North Carolina","5/5/20","4","0","37177","0"
"Union","9","271","North Carolina","5/5/20","211","60","37179","28.44"
"Vance","6","119","North Carolina","5/5/20","80","39","37181","48.75"
"Wake","21","928","North Carolina","5/5/20","782","146","37183","18.67"
"Warren","2","17","North Carolina","5/5/20","6","11","37185","183.33"
"Washington","0","25","North Carolina","5/5/20","24","1","37187","4.17"
"Watauga","0","9","North Carolina","5/5/20","8","1","37189","12.5"
"Wayne","7","688","North Carolina","5/5/20","641","47","37191","7.33"
"Wilkes","15","128","North Carolina","5/5/20","22","106","37193","481.82"
"Wilson","4","182","North Carolina","5/5/20","155","27","37195","17.42"
"Yadkin","1","25","North Carolina","5/5/20","15","10","37197","66.67"
"Yancey","0","1","North Carolina","5/5/20","0","1","37199","1"
"Barnes","0","4","North Dakota","5/5/20","4","0","38003","0"
"Bowman","0","1","North Dakota","5/5/20","1","0","38011","0"
"Burke","0","5","North Dakota","5/5/20","3","2","38013","66.67"
"Burleigh","3","92","North Dakota","5/5/20","74","18","38015","24.32"
"Cass","24","643","North Dakota","5/5/20","472","171","38017","36.23"
"Divide","0","1","North Dakota","5/5/20","1","0","38023","0"
"Dunn","0","11","North Dakota","5/5/20","10","1","38025","10"
"Eddy","0","1","North Dakota","5/5/20","1","0","38027","0"
"Emmons","0","1","North Dakota","5/5/20","1","0","38029","0"
"Foster","0","1","North Dakota","5/5/20","1","0","38031","0"
"Grand Forks","5","270","North Dakota","5/5/20","234","36","38035","15.38"
"Grant","0","1","North Dakota","5/5/20","1","0","38037","0"
"McHenry","0","1","North Dakota","5/5/20","1","0","38049","0"
"McIntosh","0","1","North Dakota","5/5/20","1","0","38051","0"
"McKenzie","0","13","North Dakota","5/5/20","12","1","38053","8.33"
"McLean","0","5","North Dakota","5/5/20","3","2","38055","66.67"
"Mercer","0","3","North Dakota","5/5/20","0","3","38057","1"
"Morton","2","35","North Dakota","5/5/20","24","11","38059","45.83"
"Mountrail","0","35","North Dakota","5/5/20","35","0","38061","0"
"Nelson","0","1","North Dakota","5/5/20","1","0","38063","0"
"Oliver","0","1","North Dakota","5/5/20","1","0","38065","0"
"Pembina","0","4","North Dakota","5/5/20","1","3","38067","300"
"Pierce","0","2","North Dakota","5/5/20","2","0","38069","0"
"Ramsey","0","3","North Dakota","5/5/20","4","-1","38071","-25"
"Ransom","0","1","North Dakota","5/5/20","1","0","38073","0"
"Renville","0","1","North Dakota","5/5/20","0","1","38075","1"
"Richland","0","7","North Dakota","5/5/20","7","0","38077","0"
"Rolette","0","1","North Dakota","5/5/20","1","0","38079","0"
"Sargent","0","1","North Dakota","5/5/20","1","0","38081","0"
"Sioux","0","1","North Dakota","5/5/20","1","0","38085","0"
"Slope","0","3","North Dakota","5/5/20","3","0","38087","0"
"Stark","2","57","North Dakota","5/5/20","44","13","38089","29.55"
"Stutsman","1","12","North Dakota","5/5/20","5","7","38093","140"
"Walsh","0","7","North Dakota","5/5/20","7","0","38099","0"
"Ward","1","25","North Dakota","5/5/20","21","4","38101","19.05"
"Wells","0","2","North Dakota","5/5/20","2","0","38103","0"
"Williams","0","13","North Dakota","5/5/20","10","3","38105","30"
"","0","14","Northern Mariana Islands","5/5/20","14","0",,"0"
"Adams","0","5","Ohio","5/5/20","4","1","39001","25"
"Allen","5","135","Ohio","5/5/20","103","32","39003","31.07"
"Ashland","0","9","Ohio","5/5/20","6","3","39005","50"
"Ashtabula","7","160","Ohio","5/5/20","113","47","39007","41.59"
"Athens","0","4","Ohio","5/5/20","3","1","39009","33.33"
"Auglaize","1","36","Ohio","5/5/20","32","4","39011","12.5"
"Belmont","9","181","Ohio","5/5/20","118","63","39013","53.39"
"Brown","0","13","Ohio","5/5/20","11","2","39015","18.18"
"Butler","13","346","Ohio","5/5/20","254","92","39017","36.22"
"Carroll","0","21","Ohio","5/5/20","19","2","39019","10.53"
"Champaign","0","15","Ohio","5/5/20","14","1","39021","7.14"
"Clark","3","69","Ohio","5/5/20","48","21","39023","43.75"
"Clermont","4","109","Ohio","5/5/20","78","31","39025","39.74"
"Clinton","0","31","Ohio","5/5/20","28","3","39027","10.71"
"Columbiana","8","292","Ohio","5/5/20","235","57","39029","24.26"
"Coshocton","0","17","Ohio","5/5/20","17","0","39031","0"
"Crawford","2","57","Ohio","5/5/20","41","16","39033","39.02"
"Cuyahoga","63","2428","Ohio","5/5/20","1984","444","39035","22.38"
"Darke","0","77","Ohio","5/5/20","75","2","39037","2.67"
"Defiance","0","21","Ohio","5/5/20","20","1","39039","5"
"Delaware","5","184","Ohio","5/5/20","151","33","39041","21.85"
"Erie","2","67","Ohio","5/5/20","52","15","39043","28.85"
"Fairfield","5","155","Ohio","5/5/20","121","34","39045","28.1"
"Fayette","1","21","Ohio","5/5/20","15","6","39047","40"
"Franklin","144","3097","Ohio","5/5/20","2090","1007","39049","48.18"
"Fulton","1","29","Ohio","5/5/20","20","9","39051","45"
"Gallia","0","6","Ohio","5/5/20","6","0","39053","0"
"Geauga","3","172","Ohio","5/5/20","148","24","39055","16.22"
"Greene","1","50","Ohio","5/5/20","45","5","39057","11.11"
"Guernsey","1","19","Ohio","5/5/20","15","4","39059","26.67"
"Hamilton","56","1480","Ohio","5/5/20","1091","389","39061","35.66"
"Hancock","0","39","Ohio","5/5/20","37","2","39063","5.41"
"Hardin","0","26","Ohio","5/5/20","24","2","39065","8.33"
"Harrison","0","6","Ohio","5/5/20","4","2","39067","50"
"Henry","0","6","Ohio","5/5/20","5","1","39069","20"
"Highland","0","11","Ohio","5/5/20","10","1","39071","10"
"Hocking","0","19","Ohio","5/5/20","16","3","39073","18.75"
"Holmes","0","6","Ohio","5/5/20","5","1","39075","20"
"Huron","0","33","Ohio","5/5/20","30","3","39077","10"
"Jackson","0","6","Ohio","5/5/20","4","2","39079","50"
"Jefferson","1","46","Ohio","5/5/20","42","4","39081","9.52"
"Knox","1","19","Ohio","5/5/20","15","4","39083","26.67"
"Lake","2","176","Ohio","5/5/20","160","16","39085","10"
"Lawrence","0","24","Ohio","5/5/20","24","0","39087","0"
"Licking","3","133","Ohio","5/5/20","114","19","39089","16.67"
"Logan","0","19","Ohio","5/5/20","18","1","39091","5.56"
"Lorain","15","510","Ohio","5/5/20","406","104","39093","25.62"
"Lucas","45","1478","Ohio","5/5/20","1166","312","39095","26.76"
"Madison","2","73","Ohio","5/5/20","56","17","39097","30.36"
"Mahoning","31","998","Ohio","5/5/20","784","214","39099","27.3"
"Marion","21","2335","Ohio","5/5/20","2191","144","39101","6.57"
"Medina","2","177","Ohio","5/5/20","162","15","39103","9.26"
"Meigs","0","3","Ohio","5/5/20","2","1","39105","50"
"Mercer","3","38","Ohio","5/5/20","18","20","39107","111.11"
"Miami","1","144","Ohio","5/5/20","136","8","39109","5.88"
"Monroe","0","4","Ohio","5/5/20","2","2","39111","100"
"Montgomery","9","328","Ohio","5/5/20","266","62","39113","23.31"
"Morgan","0","5","Ohio","5/5/20","4","1","39115","25"
"Morrow","7","83","Ohio","5/5/20","36","47","39117","130.56"
"Muskingum","2","21","Ohio","5/5/20","10","11","39119","110"
"Noble","0","5","Ohio","5/5/20","5","0","39121","0"
"Ottawa","1","44","Ohio","5/5/20","38","6","39123","15.79"
"Paulding","0","8","Ohio","5/5/20","8","0","39125","0"
"Perry","0","13","Ohio","5/5/20","13","0","39127","0"
"Pickaway","18","1831","Ohio","5/5/20","1706","125","39129","7.33"
"Pike","0","4","Ohio","5/5/20","3","1","39131","33.33"
"Portage","4","254","Ohio","5/5/20","226","28","39133","12.39"
"Preble","0","27","Ohio","5/5/20","25","2","39135","8"
"Putnam","1","71","Ohio","5/5/20","63","8","39137","12.7"
"Richland","2","91","Ohio","5/5/20","80","11","39139","13.75"
"Ross","1","42","Ohio","5/5/20","36","6","39141","16.67"
"Sandusky","3","41","Ohio","5/5/20","19","22","39143","115.79"
"Scioto","1","13","Ohio","5/5/20","6","7","39145","116.67"
"Seneca","0","14","Ohio","5/5/20","14","0","39147","0"
"Shelby","0","30","Ohio","5/5/20","30","0","39149","0"
"Stark","13","414","Ohio","5/5/20","324","90","39151","27.78"
"Summit","30","751","Ohio","5/5/20","542","209","39153","38.56"
"Trumbull","8","356","Ohio","5/5/20","299","57","39155","19.06"
"Tuscarawas","11","133","Ohio","5/5/20","59","74","39157","125.42"
"Union","1","26","Ohio","5/5/20","18","8","39159","44.44"
"Van Wert","0","3","Ohio","5/5/20","3","0","39161","0"
"Vinton","1","8","Ohio","5/5/20","3","5","39163","166.67"
"Warren","7","178","Ohio","5/5/20","131","47","39165","35.88"
"Washington","1","105","Ohio","5/5/20","95","10","39167","10.53"
"Wayne","7","166","Ohio","5/5/20","119","47","39169","39.5"
"Williams","2","42","Ohio","5/5/20","31","11","39171","35.48"
"Wood","8","203","Ohio","5/5/20","145","58","39173","40"
"Wyandot","0","24","Ohio","5/5/20","24","0","39175","0"
"Adair","0","66","Oklahoma","5/5/20","64","2","40001","3.12"
"Alfalfa","0","1","Oklahoma","5/5/20","1","0","40003","0"
"Atoka","0","1","Oklahoma","5/5/20","1","0","40005","0"
"Beaver","1","15","Oklahoma","5/5/20","5","10","40007","200"
"Beckham","0","6","Oklahoma","5/5/20","5","1","40009","20"
"Blaine","0","2","Oklahoma","5/5/20","0","2","40011","1"
"Bryan","0","9","Oklahoma","5/5/20","8","1","40013","12.5"
"Caddo","2","77","Oklahoma","5/5/20","61","16","40015","26.23"
"Canadian","1","103","Oklahoma","5/5/20","96","7","40017","7.29"
"Carter","0","5","Oklahoma","5/5/20","2","3","40019","150"
"Cherokee","0","29","Oklahoma","5/5/20","26","3","40021","11.54"
"Choctaw","0","3","Oklahoma","5/5/20","3","0","40023","0"
"Cimarron","0","1","Oklahoma","5/5/20","1","0","40025","0"
"Cleveland","4","439","Oklahoma","5/5/20","410","29","40027","7.07"
"Comanche","4","104","Oklahoma","5/5/20","79","25","40031","31.65"
"Cotton","0","5","Oklahoma","5/5/20","5","0","40033","0"
"Craig","0","12","Oklahoma","5/5/20","10","2","40035","20"
"Creek","1","80","Oklahoma","5/5/20","76","4","40037","5.26"
"Custer","0","11","Oklahoma","5/5/20","10","1","40039","10"
"Delaware","0","92","Oklahoma","5/5/20","90","2","40041","2.22"
"Dewey","0","2","Oklahoma","5/5/20","2","0","40043","0"
"Garfield","1","21","Oklahoma","5/5/20","15","6","40047","40"
"Garvin","0","14","Oklahoma","5/5/20","13","1","40049","7.69"
"Grady","1","40","Oklahoma","5/5/20","35","5","40051","14.29"
"Grant","0","2","Oklahoma","5/5/20","2","0","40053","0"
"Greer","0","65","Oklahoma","5/5/20","64","1","40055","1.56"
"Harper","0","1","Oklahoma","5/5/20","1","0","40059","0"
"Haskell","0","5","Oklahoma","5/5/20","5","0","40061","0"
"Jackson","0","18","Oklahoma","5/5/20","15","3","40065","20"
"Jefferson","0","2","Oklahoma","5/5/20","2","0","40067","0"
"Johnston","0","3","Oklahoma","5/5/20","3","0","40069","0"
"Kay","0","48","Oklahoma","5/5/20","47","1","40071","2.13"
"Kingfisher","0","8","Oklahoma","5/5/20","8","0","40073","0"
"Kiowa","0","5","Oklahoma","5/5/20","4","1","40075","25"
"Latimer","0","5","Oklahoma","5/5/20","5","0","40077","0"
"Le Flore","0","13","Oklahoma","5/5/20","10","3","40079","30"
"Lincoln","1","16","Oklahoma","5/5/20","11","5","40081","45.45"
"Logan","1","17","Oklahoma","5/5/20","13","4","40083","30.77"
"Love","0","2","Oklahoma","5/5/20","2","0","40085","0"
"Major","0","4","Oklahoma","5/5/20","3","1","40093","33.33"
"Marshall","0","2","Oklahoma","5/5/20","2","0","40095","0"
"Mayes","0","24","Oklahoma","5/5/20","21","3","40097","14.29"
"McClain","7","84","Oklahoma","5/5/20","35","49","40087","140"
"McCurtain","0","8","Oklahoma","5/5/20","8","0","40089","0"
"McIntosh","0","3","Oklahoma","5/5/20","2","1","40091","50"
"Murray","0","2","Oklahoma","5/5/20","1","1","40099","100"
"Muskogee","0","27","Oklahoma","5/5/20","26","1","40101","3.85"
"Noble","0","6","Oklahoma","5/5/20","6","0","40103","0"
"Nowata","0","21","Oklahoma","5/5/20","20","1","40105","5"
"Okfuskee","0","1","Oklahoma","5/5/20","1","0","40107","0"
"Oklahoma","18","853","Oklahoma","5/5/20","729","124","40109","17.01"
"Okmulgee","0","16","Oklahoma","5/5/20","16","0","40111","0"
"Osage","1","78","Oklahoma","5/5/20","72","6","40113","8.33"
"Ottawa","0","34","Oklahoma","5/5/20","32","2","40115","6.25"
"Pawnee","0","29","Oklahoma","5/5/20","29","0","40117","0"
"Payne","0","44","Oklahoma","5/5/20","44","0","40119","0"
"Pittsburg","2","39","Oklahoma","5/5/20","27","12","40121","44.44"
"Pontotoc","0","10","Oklahoma","5/5/20","10","0","40123","0"
"Pottawatomie","1","52","Oklahoma","5/5/20","43","9","40125","20.93"
"Pushmataha","0","1","Oklahoma","5/5/20","1","0","40127","0"
"Rogers","3","68","Oklahoma","5/5/20","50","18","40131","36"
"Seminole","1","19","Oklahoma","5/5/20","10","9","40133","90"
"Sequoyah","0","12","Oklahoma","5/5/20","12","0","40135","0"
"Stephens","0","22","Oklahoma","5/5/20","22","0","40137","0"
"Texas","21","252","Oklahoma","5/5/20","107","145","40139","135.51"
"Tillman","2","15","Oklahoma","5/5/20","1","14","40141","1400"
"Tulsa","20","645","Oklahoma","5/5/20","506","139","40143","27.47"
"Wagoner","1","123","Oklahoma","5/5/20","116","7","40145","6.03"
"Washington","5","281","Oklahoma","5/5/20","244","37","40147","15.16"
"Woods","0","3","Oklahoma","5/5/20","3","0","40151","0"
"Woodward","0","1","Oklahoma","5/5/20","1","0","40153","0"
"Benton","1","39","Oregon","5/5/20","29","10","41003","34.48"
"Clackamas","4","231","Oregon","5/5/20","205","26","41005","12.68"
"Clatsop","2","17","Oregon","5/5/20","6","11","41007","183.33"
"Columbia","0","14","Oregon","5/5/20","14","0","41009","0"
"Coos","2","28","Oregon","5/5/20","15","13","41011","86.67"
"Crook","0","1","Oregon","5/5/20","1","0","41013","0"
"Curry","0","4","Oregon","5/5/20","4","0","41015","0"
"Deschutes","1","80","Oregon","5/5/20","75","5","41017","6.67"
"Douglas","0","24","Oregon","5/5/20","23","1","41019","4.35"
"Grant","0","1","Oregon","5/5/20","1","0","41023","0"
"Harney","0","1","Oregon","5/5/20","1","0","41025","0"
"Hood River","1","11","Oregon","5/5/20","5","6","41027","120"
"Jackson","0","49","Oregon","5/5/20","49","0","41029","0"
"Jefferson","1","14","Oregon","5/5/20","6","8","41031","133.33"
"Josephine","1","24","Oregon","5/5/20","20","4","41033","20"
"Klamath","0","39","Oregon","5/5/20","37","2","41035","5.41"
"Lane","1","55","Oregon","5/5/20","50","5","41039","10"
"Lincoln","0","5","Oregon","5/5/20","5","0","41041","0"
"Linn","2","98","Oregon","5/5/20","81","17","41043","20.99"
"Malheur","1","13","Oregon","5/5/20","7","6","41045","85.71"
"Marion","17","574","Oregon","5/5/20","456","118","41047","25.88"
"Morrow","1","10","Oregon","5/5/20","6","4","41049","66.67"
"Multnomah","13","769","Oregon","5/5/20","677","92","41051","13.59"
"Polk","4","68","Oregon","5/5/20","38","30","41053","78.95"
"Sherman","0","1","Oregon","5/5/20","1","0","41055","0"
"Tillamook","0","6","Oregon","5/5/20","6","0","41057","0"
"Umatilla","5","73","Oregon","5/5/20","37","36","41059","97.3"
"Union","0","4","Oregon","5/5/20","4","0","41061","0"
"Wallowa","0","1","Oregon","5/5/20","1","0","41063","0"
"Wasco","0","13","Oregon","5/5/20","13","0","41065","0"
"Washington","8","531","Oregon","5/5/20","474","57","41067","12.03"
"Yamhill","0","41","Oregon","5/5/20","38","3","41071","7.89"
"Adams","3","148","Pennsylvania","5/5/20","124","24","42001","19.35"
"Allegheny","20","1375","Pennsylvania","5/5/20","1235","140","42003","11.34"
"Armstrong","0","53","Pennsylvania","5/5/20","50","3","42005","6"
"Beaver","11","466","Pennsylvania","5/5/20","388","78","42007","20.1"
"Bedford","1","26","Pennsylvania","5/5/20","22","4","42009","18.18"
"Berks","57","3004","Pennsylvania","5/5/20","2605","399","42011","15.32"
"Blair","1","25","Pennsylvania","5/5/20","21","4","42013","19.05"
"Bradford","1","35","Pennsylvania","5/5/20","28","7","42015","25"
"Bucks","119","3505","Pennsylvania","5/5/20","2675","830","42017","31.03"
"Butler","1","184","Pennsylvania","5/5/20","174","10","42019","5.75"
"Cambria","2","34","Pennsylvania","5/5/20","22","12","42021","54.55"
"Cameron","0","2","Pennsylvania","5/5/20","1","1","42023","100"
"Carbon","2","185","Pennsylvania","5/5/20","169","16","42025","9.47"
"Centre","2","106","Pennsylvania","5/5/20","93","13","42027","13.98"
"Chester","49","1601","Pennsylvania","5/5/20","1256","345","42029","27.47"
"Clarion","0","23","Pennsylvania","5/5/20","23","0","42031","0"
"Clearfield","1","21","Pennsylvania","5/5/20","11","10","42033","90.91"
"Clinton","1","33","Pennsylvania","5/5/20","29","4","42035","13.79"
"Columbia","3","298","Pennsylvania","5/5/20","279","19","42037","6.81"
"Crawford","0","19","Pennsylvania","5/5/20","19","0","42039","0"
"Cumberland","12","382","Pennsylvania","5/5/20","296","86","42041","29.05"
"Dauphin","20","695","Pennsylvania","5/5/20","553","142","42043","25.68"
"Delaware","115","4269","Pennsylvania","5/5/20","3463","806","42045","23.27"
"Elk","0","4","Pennsylvania","5/5/20","3","1","42047","33.33"
"Erie","1","93","Pennsylvania","5/5/20","86","7","42049","8.14"
"Fayette","1","84","Pennsylvania","5/5/20","79","5","42051","6.33"
"Forest","0","7","Pennsylvania","5/5/20","7","0","42053","0"
"Franklin","23","396","Pennsylvania","5/5/20","237","159","42055","67.09"
"Fulton","1","7","Pennsylvania","5/5/20","3","4","42057","133.33"
"Greene","0","27","Pennsylvania","5/5/20","26","1","42059","3.85"
"Huntingdon","5","59","Pennsylvania","5/5/20","26","33","42061","126.92"
"Indiana","2","74","Pennsylvania","5/5/20","62","12","42063","19.35"
"Jefferson","0","6","Pennsylvania","5/5/20","4","2","42065","50"
"Juniata","1","86","Pennsylvania","5/5/20","81","5","42067","6.17"
"Lackawanna","26","1038","Pennsylvania","5/5/20","854","184","42069","21.55"
"Lancaster","49","2018","Pennsylvania","5/5/20","1678","340","42071","20.26"
"Lawrence","1","67","Pennsylvania","5/5/20","63","4","42073","6.35"
"Lebanon","19","766","Pennsylvania","5/5/20","635","131","42075","20.63"
"Lehigh","45","2999","Pennsylvania","5/5/20","2685","314","42077","11.69"
"Luzerne","29","2280","Pennsylvania","5/5/20","2078","202","42079","9.72"
"Lycoming","4","86","Pennsylvania","5/5/20","58","28","42081","48.28"
"McKean","0","6","Pennsylvania","5/5/20","5","1","42083","20"
"Mercer","0","67","Pennsylvania","5/5/20","66","1","42085","1.52"
"Mifflin","1","42","Pennsylvania","5/5/20","34","8","42087","23.53"
"Monroe","13","1186","Pennsylvania","5/5/20","1097","89","42089","8.11"
"Montgomery","92","4687","Pennsylvania","5/5/20","4043","644","42091","15.93"
"Montour","0","50","Pennsylvania","5/5/20","47","3","42093","6.38"
"Northampton","44","2279","Pennsylvania","5/5/20","1970","309","42095","15.69"
"Northumberland","2","107","Pennsylvania","5/5/20","92","15","42097","16.3"
"Perry","1","34","Pennsylvania","5/5/20","27","7","42099","25.93"
"Philadelphia","424","16410","Pennsylvania","5/5/20","13445","2965","42101","22.05"
"Pike","7","412","Pennsylvania","5/5/20","362","50","42103","13.81"
"Potter","0","4","Pennsylvania","5/5/20","4","0","42105","0"
"Schuylkill","11","405","Pennsylvania","5/5/20","330","75","42107","22.73"
"Snyder","0","33","Pennsylvania","5/5/20","33","0","42109","0"
"Somerset","1","30","Pennsylvania","5/5/20","26","4","42111","15.38"
"Sullivan","0","1","Pennsylvania","5/5/20","1","0","42113","0"
"Susquehanna","1","86","Pennsylvania","5/5/20","82","4","42115","4.88"
"Tioga","0","16","Pennsylvania","5/5/20","14","2","42117","14.29"
"Union","1","38","Pennsylvania","5/5/20","33","5","42119","15.15"
"Venango","0","7","Pennsylvania","5/5/20","7","0","42121","0"
"Warren","0","1","Pennsylvania","5/5/20","1","0","42123","0"
"Washington","2","120","Pennsylvania","5/5/20","109","11","42125","10.09"
"Wayne","2","109","Pennsylvania","5/5/20","93","16","42127","17.2"
"Westmoreland","3","405","Pennsylvania","5/5/20","383","22","42129","5.74"
"Wyoming","1","27","Pennsylvania","5/5/20","18","9","42131","50"
"York","15","716","Pennsylvania","5/5/20","614","102","42133","16.61"
"","75","1924","Puerto Rico","5/5/20","1400","524",,"37.43"
"Bristol","6","154","Rhode Island","5/5/20","115","39","44001","33.91"
"Kent","18","703","Rhode Island","5/5/20","574","129","44003","22.47"
"Newport","3","161","Rhode Island","5/5/20","138","23","44005","16.67"
"Providence","231","7138","Rhode Island","5/5/20","5520","1618","44007","29.31"
"Washington","7","363","Rhode Island","5/5/20","313","50","44009","15.97"
"Abbeville","1","33","South Carolina","5/5/20","29","4","45001","13.79"
"Aiken","2","108","South Carolina","5/5/20","94","14","45003","14.89"
"Allendale","1","18","South Carolina","5/5/20","10","8","45005","80"
"Anderson","3","172","South Carolina","5/5/20","152","20","45007","13.16"
"Bamberg","1","13","South Carolina","5/5/20","9","4","45009","44.44"
"Barnwell","1","27","South Carolina","5/5/20","17","10","45011","58.82"
"Beaufort","2","270","South Carolina","5/5/20","259","11","45013","4.25"
"Berkeley","2","188","South Carolina","5/5/20","174","14","45015","8.05"
"Calhoun","0","7","South Carolina","5/5/20","6","1","45017","16.67"
"Charleston","4","463","South Carolina","5/5/20","438","25","45019","5.71"
"Cherokee","0","18","South Carolina","5/5/20","15","3","45021","20"
"Chester","1","35","South Carolina","5/5/20","27","8","45023","29.63"
"Chesterfield","2","61","South Carolina","5/5/20","47","14","45025","29.79"
"Clarendon","6","237","South Carolina","5/5/20","194","43","45027","22.16"
"Colleton","1","32","South Carolina","5/5/20","26","6","45029","23.08"
"Darlington","6","149","South Carolina","5/5/20","110","39","45031","35.45"
"Dillon","4","74","South Carolina","5/5/20","44","30","45033","68.18"
"Dorchester","1","101","South Carolina","5/5/20","91","10","45035","10.99"
"Edgefield","1","32","South Carolina","5/5/20","26","6","45037","23.08"
"Fairfield","5","71","South Carolina","5/5/20","33","38","45039","115.15"
"Florence","11","353","South Carolina","5/5/20","273","80","45041","29.3"
"Georgetown","1","46","South Carolina","5/5/20","40","6","45043","15"
"Greenville","19","796","South Carolina","5/5/20","661","135","45045","20.42"
"Greenwood","2","57","South Carolina","5/5/20","46","11","45047","23.91"
"Hampton","1","26","South Carolina","5/5/20","22","4","45049","18.18"
"Horry","4","236","South Carolina","5/5/20","211","25","45051","11.85"
"Jasper","0","21","South Carolina","5/5/20","19","2","45053","10.53"
"Kershaw","3","247","South Carolina","5/5/20","229","18","45055","7.86"
"Lancaster","1","96","South Carolina","5/5/20","90","6","45057","6.67"
"Laurens","1","42","South Carolina","5/5/20","38","4","45059","10.53"
"Lee","2","69","South Carolina","5/5/20","58","11","45061","18.97"
"Lexington","13","440","South Carolina","5/5/20","347","93","45063","26.8"
"Marion","1","41","South Carolina","5/5/20","32","9","45067","28.12"
"Marlboro","2","54","South Carolina","5/5/20","42","12","45069","28.57"
"McCormick","0","7","South Carolina","5/5/20","6","1","45065","16.67"
"Newberry","1","31","South Carolina","5/5/20","23","8","45071","34.78"
"Oconee","1","29","South Carolina","5/5/20","24","5","45073","20.83"
"Orangeburg","4","94","South Carolina","5/5/20","63","31","45075","49.21"
"Pickens","1","61","South Carolina","5/5/20","54","7","45077","12.96"
"Richland","18","990","South Carolina","5/5/20","864","126","45079","14.58"
"Saluda","4","70","South Carolina","5/5/20","41","29","45081","70.73"
"Spartanburg","8","317","South Carolina","5/5/20","258","59","45083","22.87"
"Sumter","7","270","South Carolina","5/5/20","220","50","45085","22.73"
"Union","0","26","South Carolina","5/5/20","25","1","45087","4"
"Williamsburg","5","94","South Carolina","5/5/20","60","34","45089","56.67"
"York","4","219","South Carolina","5/5/20","188","31","45091","16.49"
"Aurora","0","1","South Dakota","5/5/20","1","0","46003","0"
"Beadle","0","21","South Dakota","5/5/20","21","0","46005","0"
"Bon Homme","0","4","South Dakota","5/5/20","4","0","46009","0"
"Brookings","0","13","South Dakota","5/5/20","12","1","46011","8.33"
"Brown","6","71","South Dakota","5/5/20","30","41","46013","136.67"
"Buffalo","0","1","South Dakota","5/5/20","1","0","46017","0"
"Charles Mix","0","5","South Dakota","5/5/20","4","1","46023","25"
"Clark","0","1","South Dakota","5/5/20","1","0","46025","0"
"Clay","0","7","South Dakota","5/5/20","5","2","46027","40"
"Codington","0","15","South Dakota","5/5/20","14","1","46029","7.14"
"Corson","0","1","South Dakota","5/5/20","1","0","46031","0"
"Davison","0","7","South Dakota","5/5/20","5","2","46035","40"
"Day","1","8","South Dakota","5/5/20","0","8","46037","1"
"Deuel","0","1","South Dakota","5/5/20","1","0","46039","0"
"Dewey","0","1","South Dakota","5/5/20","0","1","46041","1"
"Douglas","0","1","South Dakota","5/5/20","1","0","46043","0"
"Fall River","0","2","South Dakota","5/5/20","1","1","46047","100"
"Faulk","0","1","South Dakota","5/5/20","1","0","46049","0"
"Hamlin","0","2","South Dakota","5/5/20","2","0","46057","0"
"Hand","0","1","South Dakota","5/5/20","1","0","46059","0"
"Hughes","1","13","South Dakota","5/5/20","7","6","46065","85.71"
"Hutchinson","0","3","South Dakota","5/5/20","3","0","46067","0"
"Hyde","0","1","South Dakota","5/5/20","1","0","46069","0"
"Jerauld","0","6","South Dakota","5/5/20","6","0","46073","0"
"Lake","0","4","South Dakota","5/5/20","4","0","46079","0"
"Lawrence","0","9","South Dakota","5/5/20","9","0","46081","0"
"Lincoln","4","164","South Dakota","5/5/20","133","31","46083","23.31"
"Lyman","0","3","South Dakota","5/5/20","2","1","46085","50"
"Marshall","0","1","South Dakota","5/5/20","1","0","46091","0"
"McCook","0","4","South Dakota","5/5/20","4","0","46087","0"
"McPherson","0","1","South Dakota","5/5/20","1","0","46089","0"
"Meade","0","2","South Dakota","5/5/20","1","1","46093","100"
"Miner","0","1","South Dakota","5/5/20","1","0","46097","0"
"Minnehaha","37","2195","South Dakota","5/5/20","1939","256","46099","13.2"
"Moody","0","6","South Dakota","5/5/20","3","3","46101","100"
"Oglala Lakota","0","1","South Dakota","5/5/20","1","0","46102","0"
"Pennington","1","16","South Dakota","5/5/20","12","4","46103","33.33"
"Roberts","1","10","South Dakota","5/5/20","4","6","46109","150"
"Sanborn","0","3","South Dakota","5/5/20","3","0","46111","0"
"Spink","0","3","South Dakota","5/5/20","3","0","46115","0"
"Stanley","0","8","South Dakota","5/5/20","6","2","46117","33.33"
"Sully","0","1","South Dakota","5/5/20","1","0","46119","0"
"Todd","1","6","South Dakota","5/5/20","1","5","46121","500"
"Turner","0","17","South Dakota","5/5/20","15","2","46125","13.33"
"Union","5","46","South Dakota","5/5/20","14","32","46127","228.57"
"Walworth","0","5","South Dakota","5/5/20","5","0","46129","0"
"Yankton","0","28","South Dakota","5/5/20","27","1","46135","3.7"
"Anderson","1","29","Tennessee","5/5/20","24","5","47001","20.83"
"Bedford","5","201","Tennessee","5/5/20","167","34","47003","20.36"
"Benton","0","6","Tennessee","5/5/20","6","0","47005","0"
"Bledsoe","2","601","Tennessee","5/5/20","589","12","47007","2.04"
"Blount","3","73","Tennessee","5/5/20","55","18","47009","32.73"
"Bradley","2","59","Tennessee","5/5/20","46","13","47011","28.26"
"Campbell","0","17","Tennessee","5/5/20","14","3","47013","21.43"
"Cannon","0","12","Tennessee","5/5/20","11","1","47015","9.09"
"Carroll","1","22","Tennessee","5/5/20","18","4","47017","22.22"
"Carter","1","16","Tennessee","5/5/20","12","4","47019","33.33"
"Cheatham","2","57","Tennessee","5/5/20","42","15","47021","35.71"
"Chester","0","10","Tennessee","5/5/20","10","0","47023","0"
"Claiborne","0","6","Tennessee","5/5/20","5","1","47025","20"
"Clay","0","5","Tennessee","5/5/20","5","0","47027","0"
"Cocke","0","19","Tennessee","5/5/20","16","3","47029","18.75"
"Coffee","2","45","Tennessee","5/5/20","33","12","47031","36.36"
"Crockett","0","9","Tennessee","5/5/20","7","2","47033","28.57"
"Cumberland","2","84","Tennessee","5/5/20","70","14","47035","20"
"Davidson","93","3033","Tennessee","5/5/20","2383","650","47037","27.28"
"Decatur","0","4","Tennessee","5/5/20","4","0","47039","0"
"DeKalb","2","25","Tennessee","5/5/20","14","11","47041","78.57"
"Dickson","2","84","Tennessee","5/5/20","71","13","47043","18.31"
"Dyer","1","40","Tennessee","5/5/20","33","7","47045","21.21"
"Fayette","2","69","Tennessee","5/5/20","53","16","47047","30.19"
"Fentress","0","5","Tennessee","5/5/20","4","1","47049","25"
"Franklin","1","36","Tennessee","5/5/20","32","4","47051","12.5"
"Gibson","2","53","Tennessee","5/5/20","41","12","47053","29.27"
"Giles","0","8","Tennessee","5/5/20","5","3","47055","60"
"Grainger","0","7","Tennessee","5/5/20","5","2","47057","40"
"Greene","0","43","Tennessee","5/5/20","42","1","47059","2.38"
"Grundy","0","28","Tennessee","5/5/20","28","0","47061","0"
"Hamblen","1","23","Tennessee","5/5/20","17","6","47063","35.29"
"Hamilton","5","184","Tennessee","5/5/20","149","35","47065","23.49"
"Hardeman","1","20","Tennessee","5/5/20","11","9","47069","81.82"
"Hardin","0","7","Tennessee","5/5/20","5","2","47071","40"
"Hawkins","0","31","Tennessee","5/5/20","30","1","47073","3.33"
"Haywood","1","27","Tennessee","5/5/20","19","8","47075","42.11"
"Henderson","1","10","Tennessee","5/5/20","6","4","47077","66.67"
"Henry","0","13","Tennessee","5/5/20","11","2","47079","18.18"
"Hickman","1","47","Tennessee","5/5/20","43","4","47081","9.3"
"Houston","0","6","Tennessee","5/5/20","4","2","47083","50"
"Humphreys","0","11","Tennessee","5/5/20","10","1","47085","10"
"Jackson","0","7","Tennessee","5/5/20","7","0","47087","0"
"Jefferson","1","27","Tennessee","5/5/20","18","9","47089","50"
"Johnson","0","5","Tennessee","5/5/20","3","2","47091","66.67"
"Knox","5","251","Tennessee","5/5/20","214","37","47093","17.29"
"Lake","1","58","Tennessee","5/5/20","50","8","47095","16"
"Lauderdale","1","25","Tennessee","5/5/20","17","8","47097","47.06"
"Lawrence","0","17","Tennessee","5/5/20","17","0","47099","0"
"Lewis","0","2","Tennessee","5/5/20","2","0","47101","0"
"Lincoln","1","16","Tennessee","5/5/20","12","4","47103","33.33"
"Loudon","2","39","Tennessee","5/5/20","28","11","47105","39.29"
"Macon","2","53","Tennessee","5/5/20","39","14","47111","35.9"
"Madison","2","140","Tennessee","5/5/20","128","12","47113","9.38"
"Marion","0","29","Tennessee","5/5/20","28","1","47115","3.57"
"Marshall","0","24","Tennessee","5/5/20","22","2","47117","9.09"
"Maury","1","49","Tennessee","5/5/20","40","9","47119","22.5"
"McMinn","5","106","Tennessee","5/5/20","70","36","47107","51.43"
"McNairy","0","11","Tennessee","5/5/20","11","0","47109","0"
"Meigs","1","10","Tennessee","5/5/20","6","4","47121","66.67"
"Monroe","3","32","Tennessee","5/5/20","14","18","47123","128.57"
"Montgomery","2","151","Tennessee","5/5/20","139","12","47125","8.63"
"Moore","0","3","Tennessee","5/5/20","3","0","47127","0"
"Morgan","0","6","Tennessee","5/5/20","6","0","47129","0"
"Obion","1","16","Tennessee","5/5/20","12","4","47131","33.33"
"Out of TN","15","356","Tennessee","5/5/20","251","105","80047","41.83"
"Overton","0","10","Tennessee","5/5/20","8","2","47133","25"
"Perry","1","12","Tennessee","5/5/20","8","4","47135","50"
"Polk","1","12","Tennessee","5/5/20","8","4","47139","50"
"Putnam","6","160","Tennessee","5/5/20","115","45","47141","39.13"
"Rhea","0","6","Tennessee","5/5/20","3","3","47143","100"
"Roane","0","8","Tennessee","5/5/20","7","1","47145","14.29"
"Robertson","7","185","Tennessee","5/5/20","139","46","47147","33.09"
"Rutherford","27","620","Tennessee","5/5/20","434","186","47149","42.86"
"Scott","0","12","Tennessee","5/5/20","11","1","47151","9.09"
"Sequatchie","0","5","Tennessee","5/5/20","5","0","47153","0"
"Sevier","2","60","Tennessee","5/5/20","46","14","47155","30.43"
"Shelby","75","2901","Tennessee","5/5/20","2376","525","47157","22.1"
"Smith","0","23","Tennessee","5/5/20","20","3","47159","15"
"Stewart","0","7","Tennessee","5/5/20","7","0","47161","0"
"Sullivan","2","59","Tennessee","5/5/20","47","12","47163","25.53"
"Sumner","8","665","Tennessee","5/5/20","608","57","47165","9.38"
"Tipton","8","149","Tennessee","5/5/20","96","53","47167","55.21"
"Trousdale","186","1352","Tennessee","5/5/20","50","1302","47169","2604"
"Unicoi","0","2","Tennessee","5/5/20","1","1","47171","100"
"Union","0","3","Tennessee","5/5/20","3","0","47173","0"
"Van Buren","0","2","Tennessee","5/5/20","2","0","47175","0"
"Warren","0","8","Tennessee","5/5/20","7","1","47177","14.29"
"Washington","1","58","Tennessee","5/5/20","54","4","47179","7.41"
"Wayne","0","4","Tennessee","5/5/20","4","0","47181","0"
"Weakley","1","25","Tennessee","5/5/20","18","7","47183","38.89"
"White","1","15","Tennessee","5/5/20","5","10","47185","200"
"Williamson","6","439","Tennessee","5/5/20","399","40","47187","10.03"
"Wilson","5","281","Tennessee","5/5/20","249","32","47189","12.85"
"Anderson","2","38","Texas","5/5/20","26","12","48001","46.15"
"Andrews","0","21","Texas","5/5/20","19","2","48003","10.53"
"Angelina","5","79","Texas","5/5/20","46","33","48005","71.74"
"Aransas","0","2","Texas","5/5/20","2","0","48007","0"
"Armstrong","0","2","Texas","5/5/20","2","0","48011","0"
"Atascosa","0","19","Texas","5/5/20","16","3","48013","18.75"
"Austin","0","13","Texas","5/5/20","12","1","48015","8.33"
"Bailey","0","1","Texas","5/5/20","0","1","48017","1"
"Bandera","0","6","Texas","5/5/20","6","0","48019","0"
"Bastrop","6","98","Texas","5/5/20","59","39","48021","66.1"
"Bee","0","6","Texas","5/5/20","5","1","48025","20"
"Bell","5","210","Texas","5/5/20","173","37","48027","21.39"
"Bexar","54","1652","Texas","5/5/20","1275","377","48029","29.57"
"Blanco","0","6","Texas","5/5/20","6","0","48031","0"
"Bosque","0","5","Texas","5/5/20","4","1","48035","25"
"Bowie","1","79","Texas","5/5/20","69","10","48037","14.49"
"Brazoria","15","566","Texas","5/5/20","464","102","48039","21.98"
"Brazos","4","209","Texas","5/5/20","182","27","48041","14.84"
"Brewster","0","1","Texas","5/5/20","0","1","48043","1"
"Briscoe","0","1","Texas","5/5/20","0","1","48045","1"
"Brooks","0","1","Texas","5/5/20","1","0","48047","0"
"Brown","1","38","Texas","5/5/20","34","4","48049","11.76"
"Burleson","0","14","Texas","5/5/20","12","2","48051","16.67"
"Burnet","1","24","Texas","5/5/20","15","9","48053","60"
"Caldwell","2","23","Texas","5/5/20","11","12","48055","109.09"
"Calhoun","1","34","Texas","5/5/20","30","4","48057","13.33"
"Callahan","0","2","Texas","5/5/20","2","0","48059","0"
"Cameron","10","443","Texas","5/5/20","376","67","48061","17.82"
"Camp","0","7","Texas","5/5/20","6","1","48063","16.67"
"Carson","0","3","Texas","5/5/20","1","2","48065","200"
"Cass","0","16","Texas","5/5/20","13","3","48067","23.08"
"Castro","1","18","Texas","5/5/20","13","5","48069","38.46"
"Chambers","1","45","Texas","5/5/20","41","4","48071","9.76"
"Cherokee","1","19","Texas","5/5/20","14","5","48073","35.71"
"Childress","0","1","Texas","5/5/20","1","0","48075","0"
"Clay","0","3","Texas","5/5/20","3","0","48077","0"
"Cochran","0","1","Texas","5/5/20","1","0","48079","0"
"Coke","0","1","Texas","5/5/20","0","1","48081","1"
"Coleman","0","1","Texas","5/5/20","1","0","48083","0"
"Collin","18","804","Texas","5/5/20","676","128","48085","18.93"
"Collingsworth","0","1","Texas","5/5/20","0","1","48087","1"
"Colorado","0","10","Texas","5/5/20","10","0","48089","0"
"Comal","1","58","Texas","5/5/20","49","9","48091","18.37"
"Comanche","0","3","Texas","5/5/20","4","-1","48093","-25"
"Concho","0","1","Texas","5/5/20","1","0","48095","0"
"Cooke","1","9","Texas","5/5/20","4","5","48097","125"
"Coryell","11","180","Texas","5/5/20","105","75","48099","71.43"
"Cottle","0","3","Texas","5/5/20","1","2","48101","200"
"Crane","0","2","Texas","5/5/20","2","0","48103","0"
"Crosby","0","2","Texas","5/5/20","2","0","48107","0"
"Dallam","1","12","Texas","5/5/20","8","4","48111","50"
"Dallas","198","4623","Texas","5/5/20","3240","1383","48113","42.69"
"Dawson","1","29","Texas","5/5/20","21","8","48115","38.1"
"Deaf Smith","2","38","Texas","5/5/20","26","12","48117","46.15"
"Delta","0","1","Texas","5/5/20","1","0","48119","0"
"Denton","12","806","Texas","5/5/20","725","81","48121","11.17"
"DeWitt","0","15","Texas","5/5/20","15","0","48123","0"
"Dickens","0","1","Texas","5/5/20","1","0","48125","0"
"Dimmit","0","1","Texas","5/5/20","1","0","48127","0"
"Donley","0","25","Texas","5/5/20","24","1","48129","4.17"
"Duval","0","3","Texas","5/5/20","2","1","48131","50"
"Eastland","0","3","Texas","5/5/20","3","0","48133","0"
"Ector","1","84","Texas","5/5/20","76","8","48135","10.53"
"El Paso","29","1029","Texas","5/5/20","829","200","48141","24.13"
"Ellis","6","176","Texas","5/5/20","133","43","48139","32.33"
"Erath","0","12","Texas","5/5/20","12","0","48143","0"
"Falls","0","6","Texas","5/5/20","3","3","48145","100"
"Fannin","0","20","Texas","5/5/20","17","3","48147","17.65"
"Fayette","0","17","Texas","5/5/20","15","2","48149","13.33"
"Floyd","0","4","Texas","5/5/20","3","1","48153","33.33"
"Fort Bend","33","1187","Texas","5/5/20","957","230","48157","24.03"
"Franklin","0","2","Texas","5/5/20","1","1","48159","100"
"Freestone","1","7","Texas","5/5/20","3","4","48161","133.33"
"Frio","1","10","Texas","5/5/20","4","6","48163","150"
"Gaines","0","3","Texas","5/5/20","2","1","48165","50"
"Galveston","14","648","Texas","5/5/20","548","100","48167","18.25"
"Garza","0","3","Texas","5/5/20","0","3","48169","1"
"Gillespie","0","4","Texas","5/5/20","1","3","48171","300"
"Glasscock","0","1","Texas","5/5/20","0","1","48173","1"
"Goliad","0","7","Texas","5/5/20","7","0","48175","0"
"Gonzales","2","31","Texas","5/5/20","14","17","48177","121.43"
"Gray","4","68","Texas","5/5/20","38","30","48179","78.95"
"Grayson","4","53","Texas","5/5/20","24","29","48181","120.83"
"Gregg","4","97","Texas","5/5/20","69","28","48183","40.58"
"Grimes","1","22","Texas","5/5/20","16","6","48185","37.5"
"Guadalupe","3","87","Texas","5/5/20","69","18","48187","26.09"
"Hale","1","29","Texas","5/5/20","24","5","48189","20.83"
"Hamilton","0","5","Texas","5/5/20","5","0","48193","0"
"Hansford","1","11","Texas","5/5/20","5","6","48195","120"
"Hardin","2","112","Texas","5/5/20","96","16","48199","16.67"
"Harris","186","7128","Texas","5/5/20","5827","1301","48201","22.33"
"Harrison","9","149","Texas","5/5/20","83","66","48203","79.52"
"Hartley","0","7","Texas","5/5/20","4","3","48205","75"
"Hays","3","176","Texas","5/5/20","155","21","48209","13.55"
"Hemphill","0","1","Texas","5/5/20","1","0","48211","0"
"Henderson","1","32","Texas","5/5/20","24","8","48213","33.33"
"Hidalgo","6","353","Texas","5/5/20","310","43","48215","13.87"
"Hill","0","18","Texas","5/5/20","15","3","48217","20"
"Hockley","0","20","Texas","5/5/20","20","0","48219","0"
"Hood","0","20","Texas","5/5/20","17","3","48221","17.65"
"Hopkins","0","6","Texas","5/5/20","4","2","48223","50"
"Houston","0","8","Texas","5/5/20","5","3","48225","60"
"Howard","0","5","Texas","5/5/20","4","1","48227","25"
"Hunt","1","52","Texas","5/5/20","44","8","48231","18.18"
"Hutchinson","1","19","Texas","5/5/20","13","6","48233","46.15"
"Jack","0","4","Texas","5/5/20","4","0","48237","0"
"Jackson","1","14","Texas","5/5/20","6","8","48239","133.33"
"Jasper","0","18","Texas","5/5/20","21","-3","48241","-14.29"
"Jefferson","6","333","Texas","5/5/20","288","45","48245","15.62"
"Jim Hogg","0","3","Texas","5/5/20","3","0","48247","0"
"Jim Wells","0","5","Texas","5/5/20","3","2","48249","66.67"
"Johnson","4","87","Texas","5/5/20","62","25","48251","40.32"
"Jones","9","78","Texas","5/5/20","13","65","48253","500"
"Karnes","0","3","Texas","5/5/20","3","0","48255","0"
"Kaufman","3","96","Texas","5/5/20","75","21","48257","28"
"Kendall","0","17","Texas","5/5/20","16","1","48259","6.25"
"Kerr","0","5","Texas","5/5/20","5","0","48265","0"
"Kleberg","0","10","Texas","5/5/20","9","1","48273","11.11"
"Knox","0","1","Texas","5/5/20","1","0","48275","0"
"La Salle","0","1","Texas","5/5/20","1","0","48283","0"
"Lamar","3","69","Texas","5/5/20","51","18","48277","35.29"
"Lamb","0","4","Texas","5/5/20","3","1","48279","33.33"
"Lampasas","0","5","Texas","5/5/20","3","2","48281","66.67"
"Lavaca","0","6","Texas","5/5/20","5","1","48285","20"
"Lee","0","2","Texas","5/5/20","2","0","48287","0"
"Leon","0","7","Texas","5/5/20","5","2","48289","40"
"Liberty","1","46","Texas","5/5/20","39","7","48291","17.95"
"Limestone","0","13","Texas","5/5/20","13","0","48293","0"
"Lipscomb","0","2","Texas","5/5/20","0","2","48295","1"
"Live Oak","0","5","Texas","5/5/20","5","0","48297","0"
"Llano","0","3","Texas","5/5/20","3","0","48299","0"
"Lubbock","8","560","Texas","5/5/20","504","56","48303","11.11"
"Lynn","0","5","Texas","5/5/20","5","0","48305","0"
"Madison","0","1","Texas","5/5/20","2","-1","48313","-50"
"Marion","1","15","Texas","5/5/20","9","6","48315","66.67"
"Martin","0","3","Texas","5/5/20","2","1","48317","50"
"Mason","3","26","Texas","5/5/20","5","21","48319","420"
"Matagorda","1","64","Texas","5/5/20","60","4","48321","6.67"
"Maverick","1","26","Texas","5/5/20","16","10","48323","62.5"
"McCulloch","0","3","Texas","5/5/20","3","0","48307","0"
"McLennan","1","91","Texas","5/5/20","87","4","48309","4.6"
"Medina","0","20","Texas","5/5/20","19","1","48325","5.26"
"Midland","2","90","Texas","5/5/20","74","16","48329","21.62"
"Milam","1","18","Texas","5/5/20","14","4","48331","28.57"
"Mitchell","0","1","Texas","5/5/20","1","0","48335","0"
"Montague","0","8","Texas","5/5/20","6","2","48337","33.33"
"Montgomery","14","662","Texas","5/5/20","562","100","48339","17.79"
"Moore","20","434","Texas","5/5/20","294","140","48341","47.62"
"Morris","1","9","Texas","5/5/20","5","4","48343","80"
"Motley","0","1","Texas","5/5/20","1","0","48345","0"
"Nacogdoches","7","187","Texas","5/5/20","141","46","48347","32.62"
"Navarro","0","31","Texas","5/5/20","28","3","48349","10.71"
"Newton","0","2","Texas","5/5/20","2","0","48351","0"
"Nolan","0","2","Texas","5/5/20","1","1","48353","100"
"Nueces","2","113","Texas","5/5/20","99","14","48355","14.14"
"Ochiltree","0","25","Texas","5/5/20","24","1","48357","4.17"
"Oldham","0","3","Texas","5/5/20","3","0","48359","0"
"Orange","2","77","Texas","5/5/20","64","13","48361","20.31"
"Palo Pinto","0","8","Texas","5/5/20","7","1","48363","14.29"
"Panola","8","135","Texas","5/5/20","80","55","48365","68.75"
"Parker","2","40","Texas","5/5/20","25","15","48367","60"
"Parmer","1","13","Texas","5/5/20","6","7","48369","116.67"
"Pecos","1","13","Texas","5/5/20","9","4","48371","44.44"
"Polk","2","30","Texas","5/5/20","18","12","48373","66.67"
"Potter","69","876","Texas","5/5/20","396","480","48375","121.21"
"Rains","0","2","Texas","5/5/20","2","0","48379","0"
"Randall","15","296","Texas","5/5/20","191","105","48381","54.97"
"Red River","0","1","Texas","5/5/20","1","0","48387","0"
"Reeves","0","5","Texas","5/5/20","5","0","48389","0"
"Refugio","0","1","Texas","5/5/20","0","1","48391","1"
"Roberts","0","2","Texas","5/5/20","2","0","48393","0"
"Robertson","0","4","Texas","5/5/20","2","2","48395","100"
"Rockwall","5","91","Texas","5/5/20","58","33","48397","56.9"
"Runnels","0","2","Texas","5/5/20","1","1","48399","100"
"Rusk","1","38","Texas","5/5/20","33","5","48401","15.15"
"Sabine","0","1","Texas","5/5/20","1","0","48403","0"
"San Augustine","0","19","Texas","5/5/20","16","3","48405","18.75"
"San Jacinto","0","10","Texas","5/5/20","9","1","48407","11.11"
"San Patricio","0","13","Texas","5/5/20","13","0","48409","0"
"Scurry","0","2","Texas","5/5/20","2","0","48415","0"
"Shelby","4","129","Texas","5/5/20","101","28","48419","27.72"
"Sherman","1","18","Texas","5/5/20","14","4","48421","28.57"
"Smith","2","155","Texas","5/5/20","139","16","48423","11.51"
"Starr","0","10","Texas","5/5/20","8","2","48427","25"
"Stephens","0","1","Texas","5/5/20","1","0","48429","0"
"Swisher","0","10","Texas","5/5/20","9","1","48437","11.11"
"Tarrant","86","2624","Texas","5/5/20","2019","605","48439","29.97"
"Taylor","14","356","Texas","5/5/20","255","101","48441","39.61"
"Terry","0","12","Texas","5/5/20","10","2","48445","20"
"Titus","1","21","Texas","5/5/20","15","6","48449","40"
"Tom Green","5","79","Texas","5/5/20","44","35","48451","79.55"
"Travis","59","1876","Texas","5/5/20","1464","412","48453","28.14"
"Trinity","0","9","Texas","5/5/20","8","1","48455","12.5"
"Tyler","0","7","Texas","5/5/20","6","1","48457","16.67"
"Upshur","0","15","Texas","5/5/20","13","2","48459","15.38"
"Uvalde","0","6","Texas","5/5/20","6","0","48463","0"
"Val Verde","0","13","Texas","5/5/20","13","0","48465","0"
"Van Zandt","0","16","Texas","5/5/20","14","2","48467","14.29"
"Victoria","2","143","Texas","5/5/20","127","16","48469","12.6"
"Walker","14","298","Texas","5/5/20","200","98","48471","49"
"Waller","0","33","Texas","5/5/20","31","2","48473","6.45"
"Washington","2","147","Texas","5/5/20","136","11","48477","8.09"
"Webb","7","396","Texas","5/5/20","346","50","48479","14.45"
"Wharton","1","40","Texas","5/5/20","36","4","48481","11.11"
"Wheeler","1","11","Texas","5/5/20","5","6","48483","120"
"Wichita","1","68","Texas","5/5/20","63","5","48485","7.94"
"Wilbarger","0","1","Texas","5/5/20","1","0","48487","0"
"Willacy","0","13","Texas","5/5/20","13","0","48489","0"
"Williamson","7","333","Texas","5/5/20","287","46","48491","16.03"
"Wilson","1","34","Texas","5/5/20","29","5","48493","17.24"
"Winkler","0","3","Texas","5/5/20","3","0","48495","0"
"Wise","2","27","Texas","5/5/20","15","12","48497","80"
"Wood","1","11","Texas","5/5/20","7","4","48499","57.14"
"Yoakum","0","2","Texas","5/5/20","1","1","48501","100"
"Young","0","4","Texas","5/5/20","4","0","48503","0"
"Zapata","0","7","Texas","5/5/20","7","0","48505","0"
"Zavala","0","1","Texas","5/5/20","1","0","48507","0"
"Bear River","0","62","Utah","5/5/20","60","2","00000","3.33"
"Central Utah","0","25","Utah","5/5/20","22","3","00000","13.64"
"Davis","3","302","Utah","5/5/20","278","24","49011","8.63"
"Salt Lake","82","2832","Utah","5/5/20","2256","576","49035","25.53"
"San Juan","11","119","Utah","5/5/20","45","74","49037","164.44"
"Southeast Utah","0","12","Utah","5/5/20","13","-1","00000","-7.69"
"Southwest Utah","4","121","Utah","5/5/20","91","30","00000","32.97"
"Summit","3","382","Utah","5/5/20","359","23","49043","6.41"
"Tooele","2","70","Utah","5/5/20","58","12","49045","20.69"
"TriCounty","0","14","Utah","5/5/20","11","3","00000","27.27"
"Utah","44","1171","Utah","5/5/20","862","309","49049","35.85"
"Wasatch","3","166","Utah","5/5/20","142","24","49051","16.9"
"Weber-Morgan","4","173","Utah","5/5/20","148","25","00000","16.89"
"Addison","0","61","Vermont","5/5/20","61","0","50001","0"
"Bennington","1","54","Vermont","5/5/20","44","10","50003","22.73"
"Caledonia","0","14","Vermont","5/5/20","13","1","50005","7.69"
"Chittenden","1","425","Vermont","5/5/20","416","9","50007","2.16"
"Essex","0","2","Vermont","5/5/20","2","0","50009","0"
"Franklin","1","99","Vermont","5/5/20","91","8","50011","8.79"
"Grand Isle","0","4","Vermont","5/5/20","3","1","50013","33.33"
"Lamoille","0","26","Vermont","5/5/20","26","0","50015","0"
"Orange","0","8","Vermont","5/5/20","7","1","50017","14.29"
"Orleans","0","9","Vermont","5/5/20","9","0","50019","0"
"Rutland","1","50","Vermont","5/5/20","44","6","50021","13.64"
"Washington","0","35","Vermont","5/5/20","32","3","50023","9.38"
"Windham","0","73","Vermont","5/5/20","71","2","50025","2.82"
"Windsor","0","43","Vermont","5/5/20","40","3","50027","7.5"
"","1","66","Virgin Islands","5/5/20","57","9",,"15.79"
"Accomack","29","429","Virginia","5/5/20","223","206","51001","92.38"
"Albemarle","4","110","Virginia","5/5/20","80","30","51003","37.5"
"Alexandria","47","983","Virginia","5/5/20","653","330","51510","50.54"
"Alleghany","0","6","Virginia","5/5/20","5","1","51005","20"
"Amelia","0","18","Virginia","5/5/20","15","3","51007","20"
"Amherst","1","15","Virginia","5/5/20","9","6","51009","66.67"
"Appomattox","1","21","Virginia","5/5/20","17","4","51011","23.53"
"Arlington","43","1169","Virginia","5/5/20","865","304","51013","35.14"
"Augusta","1","47","Virginia","5/5/20","39","8","51015","20.51"
"Bedford","2","36","Virginia","5/5/20","25","11","51019","44"
"Botetourt","0","29","Virginia","5/5/20","27","2","51023","7.41"
"Bristol","0","2","Virginia","5/5/20","1","1","51520","100"
"Brunswick","0","15","Virginia","5/5/20","13","2","51025","15.38"
"Buchanan","0","16","Virginia","5/5/20","16","0","51027","0"
"Buckingham","17","171","Virginia","5/5/20","55","116","51029","210.91"
"Buena Vista","0","6","Virginia","5/5/20","5","1","51530","20"
"Campbell","0","13","Virginia","5/5/20","11","2","51031","18.18"
"Caroline","2","34","Virginia","5/5/20","22","12","51033","54.55"
"Carroll","2","19","Virginia","5/5/20","4","15","51035","375"
"Charles City","1","17","Virginia","5/5/20","13","4","51036","30.77"
"Charlotte","1","11","Virginia","5/5/20","7","4","51037","57.14"
"Charlottesville","2","64","Virginia","5/5/20","51","13","51540","25.49"
"Chesapeake","10","293","Virginia","5/5/20","220","73","51550","33.18"
"Chesterfield","23","646","Virginia","5/5/20","488","158","51041","32.38"
"Clarke","1","12","Virginia","5/5/20","7","5","51043","71.43"
"Colonial Heights","2","58","Virginia","5/5/20","47","11","51570","23.4"
"Covington","0","1","Virginia","5/5/20","1","0","51580","0"
"Craig","0","4","Virginia","5/5/20","2","2","51045","100"
"Culpeper","11","201","Virginia","5/5/20","126","75","51047","59.52"
"Cumberland","0","12","Virginia","5/5/20","11","1","51049","9.09"
"Danville","1","37","Virginia","5/5/20","33","4","51590","12.12"
"Dinwiddie","1","25","Virginia","5/5/20","15","10","51053","66.67"
"Emporia","4","46","Virginia","5/5/20","20","26","51595","130"
"Essex","2","17","Virginia","5/5/20","6","11","51057","183.33"
"Fairfax","222","4834","Virginia","5/5/20","3278","1556","51059","47.47"
"Fairfax City","1","33","Virginia","5/5/20","27","6","51600","22.22"
"Falls Church","1","36","Virginia","5/5/20","26","10","51610","38.46"
"Fauquier","6","147","Virginia","5/5/20","105","42","51061","40"
"Floyd","0","3","Virginia","5/5/20","1","2","51063","200"
"Fluvanna","0","76","Virginia","5/5/20","73","3","51065","4.11"
"Franklin","0","23","Virginia","5/5/20","20","3","51067","15"
"Franklin City","1","23","Virginia","5/5/20","18","5","51620","27.78"
"Frederick","5","132","Virginia","5/5/20","97","35","51069","36.08"
"Fredericksburg","3","45","Virginia","5/5/20","27","18","51630","66.67"
"Galax","3","25","Virginia","5/5/20","4","21","51640","525"
"Giles","0","4","Virginia","5/5/20","4","0","51071","0"
"Gloucester","1","26","Virginia","5/5/20","22","4","51073","18.18"
"Goochland","1","80","Virginia","5/5/20","74","6","51075","8.11"
"Grayson","1","5","Virginia","5/5/20","1","4","51077","400"
"Greene","1","13","Virginia","5/5/20","9","4","51079","44.44"
"Greensville","1","41","Virginia","5/5/20","36","5","51081","13.89"
"Halifax","0","18","Virginia","5/5/20","17","1","51083","5.88"
"Hampton","3","128","Virginia","5/5/20","108","20","51650","18.52"
"Hanover","5","145","Virginia","5/5/20","109","36","51085","33.03"
"Harrisonburg","17","525","Virginia","5/5/20","406","119","51660","29.31"
"Henrico","21","985","Virginia","5/5/20","835","150","51087","17.96"
"Henry","0","19","Virginia","5/5/20","16","3","51089","18.75"
"Highland","0","2","Virginia","5/5/20","2","0","51091","0"
"Hopewell","1","31","Virginia","5/5/20","24","7","51670","29.17"
"Isle of Wight","1","100","Virginia","5/5/20","96","4","51093","4.17"
"James City","2","166","Virginia","5/5/20","155","11","51095","7.1"
"King and Queen","0","3","Virginia","5/5/20","2","1","51097","50"
"King George","1","36","Virginia","5/5/20","30","6","51099","20"
"King William","1","10","Virginia","5/5/20","5","5","51101","100"
"Lancaster","1","5","Virginia","5/5/20","1","4","51103","400"
"Lee","0","10","Virginia","5/5/20","9","1","51105","11.11"
"Lexington","0","5","Virginia","5/5/20","3","2","51678","66.67"
"Loudoun","44","998","Virginia","5/5/20","688","310","51107","45.06"
"Louisa","1","50","Virginia","5/5/20","41","9","51109","21.95"
"Lunenburg","0","4","Virginia","5/5/20","4","0","51111","0"
"Lynchburg","2","65","Virginia","5/5/20","51","14","51680","27.45"
"Madison","0","17","Virginia","5/5/20","14","3","51113","21.43"
"Manassas","16","289","Virginia","5/5/20","175","114","51683","65.14"
"Manassas Park","6","96","Virginia","5/5/20","53","43","51685","81.13"
"Martinsville","0","2","Virginia","5/5/20","2","0","51690","0"
"Mathews","0","4","Virginia","5/5/20","4","0","51115","0"
"Mecklenburg","1","106","Virginia","5/5/20","100","6","51117","6"
"Middlesex","0","7","Virginia","5/5/20","4","3","51119","75"
"Montgomery","1","61","Virginia","5/5/20","54","7","51121","12.96"
"Nelson","0","9","Virginia","5/5/20","7","2","51125","28.57"
"New Kent","1","26","Virginia","5/5/20","21","5","51127","23.81"
"Newport News","3","133","Virginia","5/5/20","112","21","51700","18.75"
"Norfolk","9","251","Virginia","5/5/20","188","63","51710","33.51"
"Northampton","15","140","Virginia","5/5/20","35","105","51131","300"
"Northumberland","0","9","Virginia","5/5/20","8","1","51133","12.5"
"Norton","0","2","Virginia","5/5/20","2","0","51720","0"
"Nottoway","0","14","Virginia","5/5/20","11","3","51135","27.27"
"Orange","2","41","Virginia","5/5/20","27","14","51137","51.85"
"Page","3","113","Virginia","5/5/20","89","24","51139","26.97"
"Patrick","0","2","Virginia","5/5/20","2","0","51141","0"
"Petersburg","1","40","Virginia","5/5/20","30","10","51730","33.33"
"Pittsylvania","1","16","Virginia","5/5/20","11","5","51143","45.45"
"Poquoson","0","7","Virginia","5/5/20","6","1","51735","16.67"
"Portsmouth","5","187","Virginia","5/5/20","149","38","51740","25.5"
"Powhatan","1","15","Virginia","5/5/20","11","4","51145","36.36"
"Prince Edward","2","58","Virginia","5/5/20","41","17","51147","41.46"
"Prince George","1","40","Virginia","5/5/20","31","9","51149","29.03"
"Prince William","111","2223","Virginia","5/5/20","1449","774","51153","53.42"
"Pulaski","0","9","Virginia","5/5/20","9","0","51155","0"
"Radford","0","3","Virginia","5/5/20","3","0","51750","0"
"Rappahannock","0","6","Virginia","5/5/20","3","3","51157","100"
"Richmond","0","143","Virginia","5/5/20","141","2","51159","1.42"
"Richmond City","18","438","Virginia","5/5/20","312","126","51760","40.38"
"Roanoke","2","57","Virginia","5/5/20","41","16","51161","39.02"
"Roanoke City","7","82","Virginia","5/5/20","35","47","51770","134.29"
"Rockbridge","0","8","Virginia","5/5/20","5","3","51163","60"
"Rockingham","9","282","Virginia","5/5/20","216","66","51165","30.56"
"Russell","0","5","Virginia","5/5/20","3","2","51167","66.67"
"Salem","3","31","Virginia","5/5/20","12","19","51775","158.33"
"Scott","0","7","Virginia","5/5/20","7","0","51169","0"
"Shenandoah","12","165","Virginia","5/5/20","79","86","51171","108.86"
"Smyth","0","13","Virginia","5/5/20","13","0","51173","0"
"Southampton","2","128","Virginia","5/5/20","115","13","51175","11.3"
"Spotsylvania","11","206","Virginia","5/5/20","126","80","51177","63.49"
"Stafford","12","308","Virginia","5/5/20","221","87","51179","39.37"
"Staunton","0","13","Virginia","5/5/20","11","2","51790","18.18"
"Suffolk","8","205","Virginia","5/5/20","152","53","51800","34.87"
"Surry","0","4","Virginia","5/5/20","4","0","51181","0"
"Sussex","0","32","Virginia","5/5/20","30","2","51183","6.67"
"Tazewell","0","6","Virginia","5/5/20","5","1","51185","20"
"Virginia Beach","12","445","Virginia","5/5/20","359","86","51810","23.96"
"Warren","3","68","Virginia","5/5/20","47","21","51187","44.68"
"Washington","1","40","Virginia","5/5/20","34","6","51191","17.65"
"Waynesboro","1","16","Virginia","5/5/20","11","5","51820","45.45"
"Westmoreland","1","30","Virginia","5/5/20","21","9","51193","42.86"
"Williamsburg","1","27","Virginia","5/5/20","18","9","51830","50"
"Winchester","3","56","Virginia","5/5/20","36","20","51840","55.56"
"Wise","0","22","Virginia","5/5/20","22","0","51195","0"
"Wythe","0","12","Virginia","5/5/20","11","1","51197","9.09"
"York","0","48","Virginia","5/5/20","45","3","51199","6.67"
"Adams","0","48","Washington","5/5/20","46","2","53001","4.35"
"Asotin","0","18","Washington","5/5/20","17","1","53003","5.88"
"Benton","17","537","Washington","5/5/20","415","122","53005","29.4"
"Chelan","4","125","Washington","5/5/20","96","29","53007","30.21"
"Clallam","0","19","Washington","5/5/20","17","2","53009","11.76"
"Clark","3","337","Washington","5/5/20","313","24","53011","7.67"
"Columbia","0","1","Washington","5/5/20","1","0","53013","0"
"Cowlitz","3","60","Washington","5/5/20","39","21","53015","53.85"
"Douglas","1","84","Washington","5/5/20","75","9","53017","12"
"Ferry","0","1","Washington","5/5/20","1","0","53019","0"
"Franklin","16","379","Washington","5/5/20","265","114","53021","43.02"
"Grant","4","180","Washington","5/5/20","155","25","53025","16.13"
"Grays Harbor","0","12","Washington","5/5/20","12","0","53027","0"
"Island","0","168","Washington","5/5/20","168","0","53029","0"
"Jefferson","0","28","Washington","5/5/20","28","0","53031","0"
"King","89","6621","Washington","5/5/20","6001","620","53033","10.33"
"Kitsap","0","150","Washington","5/5/20","148","2","53035","1.35"
"Kittitas","0","14","Washington","5/5/20","15","-1","53037","-6.67"
"Klickitat","0","17","Washington","5/5/20","16","1","53039","6.25"
"Lewis","0","29","Washington","5/5/20","29","0","53041","0"
"Lincoln","0","2","Washington","5/5/20","2","0","53043","0"
"Mason","0","26","Washington","5/5/20","23","3","53045","13.04"
"Okanogan","0","21","Washington","5/5/20","21","0","53047","0"
"Pacific","0","4","Washington","5/5/20","4","0","53049","0"
"Pend Oreille","0","2","Washington","5/5/20","2","0","53051","0"
"Pierce","20","1433","Washington","5/5/20","1293","140","53053","10.83"
"San Juan","0","14","Washington","5/5/20","14","0","53055","0"
"Skagit","8","364","Washington","5/5/20","308","56","53057","18.18"
"Skamania","0","3","Washington","5/5/20","3","0","53059","0"
"Snohomish","26","2549","Washington","5/5/20","2365","184","53061","7.78"
"Spokane","3","373","Washington","5/5/20","350","23","53063","6.57"
"Stevens","0","9","Washington","5/5/20","9","0","53065","0"
"Thurston","2","113","Washington","5/5/20","100","13","53067","13"
"Wahkiakum","0","2","Washington","5/5/20","2","0","53069","0"
"Walla Walla","5","93","Washington","5/5/20","57","36","53071","63.16"
"Whatcom","4","318","Washington","5/5/20","293","25","53073","8.53"
"Whitman","0","14","Washington","5/5/20","14","0","53075","0"
"Yakima","49","1389","Washington","5/5/20","1046","343","53077","32.79"
"Barbour","0","6","West Virginia","5/5/20","4","2","54001","50"
"Berkeley","4","166","West Virginia","5/5/20","141","25","54003","17.73"
"Boone","1","6","West Virginia","5/5/20","2","4","54005","200"
"Braxton","0","2","West Virginia","5/5/20","2","0","54007","0"
"Brooke","0","3","West Virginia","5/5/20","3","0","54009","0"
"Cabell","0","44","West Virginia","5/5/20","41","3","54011","7.32"
"Fayette","1","20","West Virginia","5/5/20","12","8","54019","66.67"
"Gilmer","0","3","West Virginia","5/5/20","2","1","54021","50"
"Grant","0","3","West Virginia","5/5/20","1","2","54023","200"
"Greenbrier","1","7","West Virginia","5/5/20","3","4","54025","133.33"
"Hampshire","0","8","West Virginia","5/5/20","7","1","54027","14.29"
"Hancock","0","11","West Virginia","5/5/20","8","3","54029","37.5"
"Hardy","1","9","West Virginia","5/5/20","4","5","54031","125"
"Harrison","0","31","West Virginia","5/5/20","30","1","54033","3.33"
"Jackson","1","135","West Virginia","5/5/20","129","6","54035","4.65"
"Jefferson","1","83","West Virginia","5/5/20","77","6","54037","7.79"
"Kanawha","2","170","West Virginia","5/5/20","157","13","54039","8.28"
"Lewis","0","4","West Virginia","5/5/20","4","0","54041","0"
"Lincoln","0","2","West Virginia","5/5/20","1","1","54043","100"
"Logan","0","14","West Virginia","5/5/20","12","2","54045","16.67"
"Marion","0","46","West Virginia","5/5/20","45","1","54049","2.22"
"Marshall","1","19","West Virginia","5/5/20","11","8","54051","72.73"
"Mason","0","12","West Virginia","5/5/20","12","0","54053","0"
"McDowell","0","6","West Virginia","5/5/20","6","0","54047","0"
"Mercer","0","11","West Virginia","5/5/20","9","2","54055","22.22"
"Mineral","0","18","West Virginia","5/5/20","15","3","54057","20"
"Mingo","0","2","West Virginia","5/5/20","2","0","54059","0"
"Monongalia","1","108","West Virginia","5/5/20","103","5","54061","4.85"
"Monroe","0","6","West Virginia","5/5/20","5","1","54063","20"
"Morgan","1","14","West Virginia","5/5/20","9","5","54065","55.56"
"Nicholas","0","8","West Virginia","5/5/20","6","2","54067","33.33"
"Ohio","1","34","West Virginia","5/5/20","26","8","54069","30.77"
"Pendleton","0","5","West Virginia","5/5/20","3","2","54071","66.67"
"Pleasants","0","2","West Virginia","5/5/20","2","0","54073","0"
"Pocahontas","0","2","West Virginia","5/5/20","2","0","54075","0"
"Preston","0","13","West Virginia","5/5/20","13","0","54077","0"
"Putnam","1","29","West Virginia","5/5/20","22","7","54079","31.82"
"Raleigh","0","10","West Virginia","5/5/20","8","2","54081","25"
"Randolph","0","5","West Virginia","5/5/20","4","1","54083","25"
"Ritchie","0","1","West Virginia","5/5/20","0","1","54085","1"
"Roane","0","6","West Virginia","5/5/20","4","2","54087","50"
"Summers","0","1","West Virginia","5/5/20","1","0","54089","0"
"Taylor","0","9","West Virginia","5/5/20","6","3","54091","50"
"Tucker","0","4","West Virginia","5/5/20","4","0","54093","0"
"Tyler","0","3","West Virginia","5/5/20","3","0","54095","0"
"Upshur","0","5","West Virginia","5/5/20","4","1","54097","25"
"Wayne","1","91","West Virginia","5/5/20","84","7","54099","8.33"
"Wetzel","0","3","West Virginia","5/5/20","3","0","54103","0"
"Wirt","0","3","West Virginia","5/5/20","3","0","54105","0"
"Wood","0","42","West Virginia","5/5/20","39","3","54107","7.69"
"Wyoming","0","1","West Virginia","5/5/20","1","0","54109","0"
"Adams","0","4","Wisconsin","5/5/20","4","0","55001","0"
"Ashland","0","2","Wisconsin","5/5/20","2","0","55003","0"
"Barron","0","7","Wisconsin","5/5/20","6","1","55005","16.67"
"Bayfield","0","3","Wisconsin","5/5/20","3","0","55007","0"
"Brown","89","1545","Wisconsin","5/5/20","920","625","55009","67.93"
"Buffalo","0","6","Wisconsin","5/5/20","4","2","55011","50"
"Calumet","1","20","Wisconsin","5/5/20","10","10","55015","100"
"Chippewa","1","25","Wisconsin","5/5/20","21","4","55017","19.05"
"Clark","0","21","Wisconsin","5/5/20","20","1","55019","5"
"Columbia","1","32","Wisconsin","5/5/20","27","5","55021","18.52"
"Crawford","1","7","Wisconsin","5/5/20","3","4","55023","133.33"
"Dane","4","443","Wisconsin","5/5/20","417","26","55025","6.24"
"Dodge","1","40","Wisconsin","5/5/20","32","8","55027","25"
"Door","1","18","Wisconsin","5/5/20","12","6","55029","50"
"Douglas","0","9","Wisconsin","5/5/20","9","0","55031","0"
"Dunn","1","13","Wisconsin","5/5/20","9","4","55033","44.44"
"Eau Claire","2","42","Wisconsin","5/5/20","27","15","55035","55.56"
"Florence","0","2","Wisconsin","5/5/20","2","0","55037","0"
"Fond du Lac","1","77","Wisconsin","5/5/20","69","8","55039","11.59"
"Grant","3","55","Wisconsin","5/5/20","32","23","55043","71.88"
"Green","1","20","Wisconsin","5/5/20","11","9","55045","81.82"
"Green Lake","0","5","Wisconsin","5/5/20","2","3","55047","150"
"Iowa","0","7","Wisconsin","5/5/20","7","0","55049","0"
"Iron","0","2","Wisconsin","5/5/20","2","0","55051","0"
"Jackson","0","12","Wisconsin","5/5/20","12","0","55053","0"
"Jefferson","1","46","Wisconsin","5/5/20","42","4","55055","9.52"
"Juneau","1","18","Wisconsin","5/5/20","13","5","55057","38.46"
"Kenosha","32","571","Wisconsin","5/5/20","348","223","55059","64.08"
"Kewaunee","2","22","Wisconsin","5/5/20","11","11","55061","100"
"La Crosse","1","32","Wisconsin","5/5/20","27","5","55063","18.52"
"Lafayette","0","6","Wisconsin","5/5/20","4","2","55065","50"
"Lincoln","0","1","Wisconsin","5/5/20","0","1","55069","1"
"Manitowoc","1","16","Wisconsin","5/5/20","11","5","55071","45.45"
"Marathon","1","21","Wisconsin","5/5/20","17","4","55073","23.53"
"Marinette","1","11","Wisconsin","5/5/20","7","4","55075","57.14"
"Marquette","0","3","Wisconsin","5/5/20","3","0","55077","0"
"Menominee","0","1","Wisconsin","5/5/20","1","0","55078","0"
"Milwaukee","90","3353","Wisconsin","5/5/20","2722","631","55079","23.18"
"Monroe","0","14","Wisconsin","5/5/20","14","0","55081","0"
"Oconto","2","20","Wisconsin","5/5/20","8","12","55083","150"
"Oneida","0","6","Wisconsin","5/5/20","6","0","55085","0"
"Outagamie","4","77","Wisconsin","5/5/20","50","27","55087","54"
"Ozaukee","1","95","Wisconsin","5/5/20","86","9","55089","10.47"
"Pierce","0","11","Wisconsin","5/5/20","9","2","55093","22.22"
"Polk","0","4","Wisconsin","5/5/20","4","0","55095","0"
"Portage","0","7","Wisconsin","5/5/20","4","3","55097","75"
"Price","0","1","Wisconsin","5/5/20","1","0","55099","0"
"Racine","32","535","Wisconsin","5/5/20","308","227","55101","73.7"
"Richland","0","13","Wisconsin","5/5/20","11","2","55103","18.18"
"Rock","18","301","Wisconsin","5/5/20","178","123","55105","69.1"
"Rusk","0","4","Wisconsin","5/5/20","4","0","55107","0"
"Sauk","3","67","Wisconsin","5/5/20","44","23","55111","52.27"
"Sawyer","0","4","Wisconsin","5/5/20","3","1","55113","33.33"
"Shawano","1","17","Wisconsin","5/5/20","8","9","55115","112.5"
"Sheboygan","1","55","Wisconsin","5/5/20","46","9","55117","19.57"
"St. Croix","1","21","Wisconsin","5/5/20","13","8","55109","61.54"
"Trempealeau","0","4","Wisconsin","5/5/20","2","2","55121","100"
"Vernon","0","2","Wisconsin","5/5/20","1","1","55123","100"
"Vilas","0","4","Wisconsin","5/5/20","4","0","55125","0"
"Walworth","10","212","Wisconsin","5/5/20","139","73","55127","52.52"
"Washburn","0","1","Wisconsin","5/5/20","1","0","55129","0"
"Washington","1","106","Wisconsin","5/5/20","96","10","55131","10.42"
"Waukesha","7","368","Wisconsin","5/5/20","321","47","55133","14.64"
"Waupaca","0","10","Wisconsin","5/5/20","7","3","55135","42.86"
"Waushara","0","4","Wisconsin","5/5/20","2","2","55137","100"
"Winnebago","5","83","Wisconsin","5/5/20","48","35","55139","72.92"
"Wood","0","2","Wisconsin","5/5/20","2","0","55141","0"
"Albany","0","8","Wyoming","5/5/20","8","0","56001","0"
"Big Horn","0","3","Wyoming","5/5/20","2","1","56003","50"
"Campbell","0","24","Wyoming","5/5/20","23","1","56005","4.35"
"Carbon","0","5","Wyoming","5/5/20","4","1","56007","25"
"Converse","0","23","Wyoming","5/5/20","21","2","56009","9.52"
"Crook","0","5","Wyoming","5/5/20","5","0","56011","0"
"Fremont","4","140","Wyoming","5/5/20","109","31","56013","28.44"
"Goshen","0","4","Wyoming","5/5/20","4","0","56015","0"
"Hot Springs","0","3","Wyoming","5/5/20","3","0","56017","0"
"Johnson","0","15","Wyoming","5/5/20","15","0","56019","0"
"Laramie","4","162","Wyoming","5/5/20","134","28","56021","20.9"
"Lincoln","0","10","Wyoming","5/5/20","9","1","56023","11.11"
"Natrona","0","48","Wyoming","5/5/20","49","-1","56025","-2.04"
"Niobrara","0","2","Wyoming","5/5/20","2","0","56027","0"
"Park","0","1","Wyoming","5/5/20","1","0","56029","0"
"Sheridan","0","16","Wyoming","5/5/20","16","0","56033","0"
"Sublette","0","3","Wyoming","5/5/20","3","0","56035","0"
"Sweetwater","0","18","Wyoming","5/5/20","16","2","56037","12.5"
"Teton","0","98","Wyoming","5/5/20","96","2","56039","2.08"
"Uinta","0","8","Wyoming","5/5/20","8","0","56041","0"
"Washakie","0","8","Wyoming","5/5/20","8","0","56043","0"
