"Locality","DailyAvgNewCasesPast7Days","TotalCases","State","Date","TotalCases7DaysAgo","NewCasesPast7Days","FIPS-Code","PercentIncreaseTotalCasesPast7Days"
"Autauga","2","48","Alabama","5/3/20","37","11","01001","29.73"
"Baldwin","4","187","Alabama","5/3/20","161","26","01003","16.15"
"Barbour","2","45","Alabama","5/3/20","33","12","01005","36.36"
"Bibb","1","43","Alabama","5/3/20","38","5","01007","13.16"
"Blount","1","40","Alabama","5/3/20","34","6","01009","17.65"
"Bullock","0","14","Alabama","5/3/20","12","2","01011","16.67"
"Butler","10","105","Alabama","5/3/20","32","73","01013","228.12"
"Calhoun","2","105","Alabama","5/3/20","91","14","01015","15.38"
"Chambers","2","300","Alabama","5/3/20","285","15","01017","5.26"
"Cherokee","0","16","Alabama","5/3/20","14","2","01019","14.29"
"Chilton","1","57","Alabama","5/3/20","51","6","01021","11.76"
"Choctaw","2","49","Alabama","5/3/20","32","17","01023","53.12"
"Clarke","2","42","Alabama","5/3/20","25","17","01025","68"
"Clay","0","22","Alabama","5/3/20","19","3","01027","15.79"
"Cleburne","0","12","Alabama","5/3/20","12","0","01029","0"
"Coffee","5","130","Alabama","5/3/20","95","35","01031","36.84"
"Colbert","3","41","Alabama","5/3/20","23","18","01033","78.26"
"Conecuh","0","9","Alabama","5/3/20","9","0","01035","0"
"Coosa","0","30","Alabama","5/3/20","29","1","01037","3.45"
"Covington","2","45","Alabama","5/3/20","33","12","01039","36.36"
"Crenshaw","2","23","Alabama","5/3/20","11","12","01041","109.09"
"Cullman","1","58","Alabama","5/3/20","50","8","01043","16"
"Dale","1","34","Alabama","5/3/20","25","9","01045","36"
"Dallas","4","59","Alabama","5/3/20","33","26","01047","78.79"
"DeKalb","1","79","Alabama","5/3/20","70","9","01049","12.86"
"Elmore","3","103","Alabama","5/3/20","79","24","01051","30.38"
"Escambia","1","31","Alabama","5/3/20","25","6","01053","24"
"Etowah","3","143","Alabama","5/3/20","125","18","01055","14.4"
"Fayette","0","6","Alabama","5/3/20","5","1","01057","20"
"Franklin","13","132","Alabama","5/3/20","41","91","01059","221.95"
"Geneva","0","10","Alabama","5/3/20","8","2","01061","25"
"Greene","2","58","Alabama","5/3/20","46","12","01063","26.09"
"Hale","2","52","Alabama","5/3/20","41","11","01065","26.83"
"Henry","1","27","Alabama","5/3/20","22","5","01067","22.73"
"Houston","3","95","Alabama","5/3/20","77","18","01069","23.38"
"Jackson","1","50","Alabama","5/3/20","45","5","01071","11.11"
"Jefferson","19","969","Alabama","5/3/20","839","130","01073","15.49"
"Lamar","0","11","Alabama","5/3/20","10","1","01075","10"
"Lauderdale","4","61","Alabama","5/3/20","31","30","01077","96.77"
"Lawrence","0","14","Alabama","5/3/20","12","2","01079","16.67"
"Lee","5","400","Alabama","5/3/20","365","35","01081","9.59"
"Limestone","1","45","Alabama","5/3/20","41","4","01083","9.76"
"Lowndes","5","71","Alabama","5/3/20","38","33","01085","86.84"
"Macon","1","40","Alabama","5/3/20","34","6","01087","17.65"
"Madison","3","234","Alabama","5/3/20","211","23","01089","10.9"
"Marengo","2","58","Alabama","5/3/20","41","17","01091","41.46"
"Marion","1","83","Alabama","5/3/20","74","9","01093","12.16"
"Marshall","5","342","Alabama","5/3/20","307","35","01095","11.4"
"Mobile","40","1198","Alabama","5/3/20","917","281","01097","30.64"
"Monroe","0","13","Alabama","5/3/20","12","1","01099","8.33"
"Montgomery","17","409","Alabama","5/3/20","289","120","01101","41.52"
"Morgan","1","74","Alabama","5/3/20","64","10","01103","15.62"
"Perry","1","15","Alabama","5/3/20","9","6","01105","66.67"
"Pickens","1","55","Alabama","5/3/20","48","7","01107","14.58"
"Pike","2","75","Alabama","5/3/20","62","13","01109","20.97"
"Randolph","2","77","Alabama","5/3/20","60","17","01111","28.33"
"Russell","1","61","Alabama","5/3/20","53","8","01113","15.09"
"Shelby","2","327","Alabama","5/3/20","311","16","01117","5.14"
"St. Clair","2","76","Alabama","5/3/20","64","12","01115","18.75"
"Sumter","3","77","Alabama","5/3/20","53","24","01119","45.28"
"Talladega","1","65","Alabama","5/3/20","57","8","01121","14.04"
"Tallapoosa","3","295","Alabama","5/3/20","274","21","01123","7.66"
"Tuscaloosa","4","218","Alabama","5/3/20","192","26","01125","13.54"
"Walker","1","99","Alabama","5/3/20","92","7","01127","7.61"
"Washington","2","38","Alabama","5/3/20","26","12","01129","46.15"
"Wilcox","2","72","Alabama","5/3/20","56","16","01131","28.57"
"Winston","1","16","Alabama","5/3/20","11","5","01133","45.45"
"Anchorage","3","187","Alaska","5/3/20","168","19","02020","11.31"
"Bethel","0","1","Alaska","5/3/20","1","0","02050","0"
"Fairbanks North Star","0","83","Alaska","5/3/20","80","3","02090","3.75"
"Juneau","0","27","Alaska","5/3/20","27","0","02110","0"
"Kenai Peninsula","0","22","Alaska","5/3/20","19","3","02122","15.79"
"Ketchikan Gateway","0","16","Alaska","5/3/20","16","0","02130","0"
"Kodiak Island","0","1","Alaska","5/3/20","1","0","02150","0"
"Matanuska-Susitna","0","21","Alaska","5/3/20","20","1","02170","5"
"Nome","0","1","Alaska","5/3/20","1","0","02180","0"
"Petersburg","0","4","Alaska","5/3/20","3","1","02195","33.33"
"Prince of Wales-Hyder","0","2","Alaska","5/3/20","2","0","02198","0"
"Sitka","0","1","Alaska","5/3/20","0","1","02220","1"
"Southeast Fairbanks","0","1","Alaska","5/3/20","1","0","02240","0"
"Yukon-Koyukuk","0","1","Alaska","5/3/20","1","0","02290","0"
"Apache","27","526","Arizona","5/3/20","336","190","04001","56.55"
"Cochise","0","39","Arizona","5/3/20","36","3","04003","8.33"
"Coconino","15","527","Arizona","5/3/20","420","107","04005","25.48"
"Gila","0","14","Arizona","5/3/20","11","3","04007","27.27"
"Graham","2","18","Arizona","5/3/20","7","11","04009","157.14"
"Greenlee","0","2","Arizona","5/3/20","2","0","04011","0"
"La Paz","1","14","Arizona","5/3/20","7","7","04012","100"
"Maricopa","175","4585","Arizona","5/3/20","3359","1226","04013","36.5"
"Mohave","7","135","Arizona","5/3/20","88","47","04015","53.41"
"Navajo","22","777","Arizona","5/3/20","625","152","04017","24.32"
"Pima","27","1326","Arizona","5/3/20","1136","190","04019","16.73"
"Pinal","16","456","Arizona","5/3/20","342","114","04021","33.33"
"Santa Cruz","1","34","Arizona","5/3/20","30","4","04023","13.33"
"Yavapai","2","89","Arizona","5/3/20","76","13","04025","17.11"
"Yuma","6","98","Arizona","5/3/20","59","39","04027","66.1"
"Arkansas","0","3","Arkansas","5/3/20","2","1","05001","50"
"Ashley","0","16","Arkansas","5/3/20","13","3","05003","23.08"
"Baxter","0","5","Arkansas","5/3/20","5","0","05005","0"
"Benton","3","112","Arkansas","5/3/20","93","19","05007","20.43"
"Boone","0","4","Arkansas","5/3/20","5","-1","05009","-20"
"Bradley","0","11","Arkansas","5/3/20","8","3","05011","37.5"
"Carroll","0","6","Arkansas","5/3/20","4","2","05015","50"
"Chicot","0","9","Arkansas","5/3/20","9","0","05017","0"
"Clark","0","31","Arkansas","5/3/20","28","3","05019","10.71"
"Clay","0","3","Arkansas","5/3/20","2","1","05021","50"
"Cleburne","0","73","Arkansas","5/3/20","72","1","05023","1.39"
"Cleveland","0","11","Arkansas","5/3/20","10","1","05025","10"
"Columbia","1","13","Arkansas","5/3/20","6","7","05027","116.67"
"Conway","0","13","Arkansas","5/3/20","11","2","05029","18.18"
"Craighead","3","81","Arkansas","5/3/20","62","19","05031","30.65"
"Crawford","0","5","Arkansas","5/3/20","4","1","05033","25"
"Crittenden","4","197","Arkansas","5/3/20","171","26","05035","15.2"
"Cross","1","24","Arkansas","5/3/20","16","8","05037","50"
"Dallas","0","1","Arkansas","5/3/20","1","0","05039","0"
"Desha","0","16","Arkansas","5/3/20","16","0","05041","0"
"Drew","0","16","Arkansas","5/3/20","13","3","05043","23.08"
"Faulkner","1","77","Arkansas","5/3/20","73","4","05045","5.48"
"Franklin","0","2","Arkansas","5/3/20","1","1","05047","100"
"Fulton","0","1","Arkansas","5/3/20","1","0","05049","0"
"Garland","1","118","Arkansas","5/3/20","111","7","05051","6.31"
"Grant","0","14","Arkansas","5/3/20","11","3","05053","27.27"
"Greene","0","19","Arkansas","5/3/20","16","3","05055","18.75"
"Hempstead","0","6","Arkansas","5/3/20","5","1","05057","20"
"Hot Spring","1","20","Arkansas","5/3/20","10","10","05059","100"
"Howard","0","13","Arkansas","5/3/20","13","0","05061","0"
"Independence","0","10","Arkansas","5/3/20","9","1","05063","11.11"
"Izard","1","9","Arkansas","5/3/20","5","4","05065","80"
"Jackson","0","1","Arkansas","5/3/20","1","0","05067","0"
"Jefferson","4","184","Arkansas","5/3/20","153","31","05069","20.26"
"Johnson","0","31","Arkansas","5/3/20","29","2","05071","6.9"
"Lafayette","0","8","Arkansas","5/3/20","6","2","05073","33.33"
"Lawrence","3","66","Arkansas","5/3/20","42","24","05075","57.14"
"Lee","0","3","Arkansas","5/3/20","3","0","05077","0"
"Lincoln","14","822","Arkansas","5/3/20","727","95","05079","13.07"
"Logan","0","3","Arkansas","5/3/20","3","0","05083","0"
"Lonoke","1","43","Arkansas","5/3/20","38","5","05085","13.16"
"Madison","0","1","Arkansas","5/3/20","1","0","05087","0"
"Marion","0","1","Arkansas","5/3/20","1","0","05089","0"
"Miller","0","35","Arkansas","5/3/20","32","3","05091","9.38"
"Mississippi","1","20","Arkansas","5/3/20","11","9","05093","81.82"
"Monroe","0","4","Arkansas","5/3/20","4","0","05095","0"
"Montgomery","0","1","Arkansas","5/3/20","0","1","05097","1"
"Nevada","0","1","Arkansas","5/3/20","1","0","05099","0"
"Newton","0","3","Arkansas","5/3/20","3","0","05101","0"
"Ouachita","0","7","Arkansas","5/3/20","5","2","05103","40"
"Perry","0","7","Arkansas","5/3/20","6","1","05105","16.67"
"Phillips","0","6","Arkansas","5/3/20","4","2","05107","50"
"Pike","0","3","Arkansas","5/3/20","3","0","05109","0"
"Poinsett","1","23","Arkansas","5/3/20","16","7","05111","43.75"
"Polk","0","8","Arkansas","5/3/20","7","1","05113","14.29"
"Pope","0","44","Arkansas","5/3/20","41","3","05115","7.32"
"Prairie","0","2","Arkansas","5/3/20","2","0","05117","0"
"Pulaski","10","550","Arkansas","5/3/20","478","72","05119","15.06"
"Randolph","0","18","Arkansas","5/3/20","16","2","05121","12.5"
"Saline","2","68","Arkansas","5/3/20","55","13","05125","23.64"
"Scott","0","1","Arkansas","5/3/20","1","0","05127","0"
"Searcy","0","6","Arkansas","5/3/20","6","0","05129","0"
"Sebastian","0","13","Arkansas","5/3/20","12","1","05131","8.33"
"Sevier","0","12","Arkansas","5/3/20","11","1","05133","9.09"
"Sharp","1","9","Arkansas","5/3/20","2","7","05135","350"
"St. Francis","2","93","Arkansas","5/3/20","80","13","05123","16.25"
"Stone","0","8","Arkansas","5/3/20","7","1","05137","14.29"
"Union","4","60","Arkansas","5/3/20","33","27","05139","81.82"
"Van Buren","0","28","Arkansas","5/3/20","27","1","05141","3.7"
"Washington","2","90","Arkansas","5/3/20","77","13","05143","16.88"
"White","1","35","Arkansas","5/3/20","31","4","05145","12.9"
"Woodruff","0","1","Arkansas","5/3/20","1","0","05147","0"
"Yell","0","5","Arkansas","5/3/20","3","2","05149","66.67"
"Alameda","40","1749","California","5/3/20","1470","279","06001","18.98"
"Alpine","0","2","California","5/3/20","2","0","06003","0"
"Amador","0","8","California","5/3/20","8","0","06005","0"
"Butte","0","16","California","5/3/20","16","0","06007","0"
"Calaveras","0","13","California","5/3/20","13","0","06009","0"
"Colusa","0","3","California","5/3/20","3","0","06011","0"
"Contra Costa","18","945","California","5/3/20","817","128","06013","15.67"
"Del Norte","0","3","California","5/3/20","3","0","06015","0"
"El Dorado","1","47","California","5/3/20","42","5","06017","11.9"
"Fresno","25","633","California","5/3/20","458","175","06019","38.21"
"Glenn","0","5","California","5/3/20","5","0","06021","0"
"Humboldt","0","54","California","5/3/20","53","1","06023","1.89"
"Imperial","15","358","California","5/3/20","251","107","06025","42.63"
"Inyo","0","19","California","5/3/20","19","0","06027","0"
"Kern","28","1005","California","5/3/20","809","196","06029","24.23"
"Kings","15","158","California","5/3/20","52","106","06031","203.85"
"Lake","0","7","California","5/3/20","6","1","06033","16.67"
"Los Angeles","876","25699","California","5/3/20","19567","6132","06037","31.34"
"Madera","2","51","California","5/3/20","40","11","06039","27.5"
"Marin","2","240","California","5/3/20","223","17","06041","7.62"
"Mariposa","2","13","California","5/3/20","0","13","06043","1"
"Mendocino","0","12","California","5/3/20","11","1","06045","9.09"
"Merced","5","140","California","5/3/20","103","37","06047","35.92"
"Mono","0","26","California","5/3/20","24","2","06051","8.33"
"Monterey","7","235","California","5/3/20","183","52","06053","28.42"
"Napa","1","70","California","5/3/20","60","10","06055","16.67"
"Nevada","1","41","California","5/3/20","37","4","06057","10.81"
"Orange","96","2743","California","5/3/20","2074","669","06059","32.26"
"Placer","3","159","California","5/3/20","141","18","06061","12.77"
"Plumas","0","4","California","5/3/20","4","0","06063","0"
"Riverside","88","4180","California","5/3/20","3563","617","06065","17.32"
"Sacramento","11","1117","California","5/3/20","1037","80","06067","7.71"
"San Benito","1","51","California","5/3/20","47","4","06069","8.51"
"San Bernardino","64","2182","California","5/3/20","1732","450","06071","25.98"
"San Diego","141","3927","California","5/3/20","2943","984","06073","33.44"
"San Francisco","28","1602","California","5/3/20","1408","194","06075","13.78"
"San Joaquin","8","570","California","5/3/20","512","58","06077","11.33"
"San Luis Obispo","5","201","California","5/3/20","166","35","06079","21.08"
"San Mateo","31","1233","California","5/3/20","1019","214","06081","21"
"Santa Barbara","6","514","California","5/3/20","469","45","06083","9.59"
"Santa Clara","21","2231","California","5/3/20","2084","147","06085","7.05"
"Santa Cruz","2","137","California","5/3/20","120","17","06087","14.17"
"Shasta","0","31","California","5/3/20","30","1","06089","3.33"
"Siskiyou","0","5","California","5/3/20","5","0","06093","0"
"Solano","10","266","California","5/3/20","199","67","06095","33.67"
"Sonoma","5","252","California","5/3/20","218","34","06097","15.6"
"Stanislaus","18","411","California","5/3/20","286","125","06099","43.71"
"Sutter","-2","31","California","5/3/20","45","-14","06101","-31.11"
"Tehama","0","1","California","5/3/20","1","0","06103","0"
"Tulare","34","743","California","5/3/20","504","239","06107","47.42"
"Tuolumne","0","4","California","5/3/20","3","1","06109","33.33"
"Ventura","10","566","California","5/3/20","496","70","06111","14.11"
"Yolo","1","171","California","5/3/20","161","10","06113","6.21"
"Yuba","0","19","California","5/3/20","16","3","06115","18.75"
"Adams","62","1780","Colorado","5/3/20","1348","432","08001","32.05"
"Alamosa","0","12","Colorado","5/3/20","10","2","08003","20"
"Arapahoe","78","2706","Colorado","5/3/20","2160","546","08005","25.28"
"Archuleta","0","8","Colorado","5/3/20","8","0","08007","0"
"Baca","0","12","Colorado","5/3/20","10","2","08009","20"
"Boulder","23","661","Colorado","5/3/20","500","161","08013","32.2"
"Broomfield","4","165","Colorado","5/3/20","139","26","08014","18.71"
"Chaffee","0","67","Colorado","5/3/20","66","1","08015","1.52"
"Clear Creek","0","13","Colorado","5/3/20","13","0","08019","0"
"Costilla","0","3","Colorado","5/3/20","3","0","08023","0"
"Crowley","0","4","Colorado","5/3/20","2","2","08025","100"
"Custer","0","2","Colorado","5/3/20","2","0","08027","0"
"Delta","3","50","Colorado","5/3/20","27","23","08029","85.19"
"Denver","109","3345","Colorado","5/3/20","2583","762","08031","29.5"
"Douglas","12","526","Colorado","5/3/20","439","87","08035","19.82"
"Eagle","3","551","Colorado","5/3/20","533","18","08037","3.38"
"El Paso","18","994","Colorado","5/3/20","867","127","08041","14.65"
"Elbert","1","31","Colorado","5/3/20","27","4","08039","14.81"
"Fremont","0","22","Colorado","5/3/20","22","0","08043","0"
"Garfield","1","97","Colorado","5/3/20","87","10","08045","11.49"
"Gilpin","0","1","Colorado","5/3/20","1","0","08047","0"
"Grand","0","5","Colorado","5/3/20","5","0","08049","0"
"Gunnison","1","165","Colorado","5/3/20","158","7","08051","4.43"
"Hinsdale","0","3","Colorado","5/3/20","3","0","08053","0"
"Huerfano","0","2","Colorado","5/3/20","2","0","08055","0"
"Jefferson","20","1405","Colorado","5/3/20","1265","140","08059","11.07"
"Kit Carson","0","21","Colorado","5/3/20","20","1","08063","5"
"La Plata","1","63","Colorado","5/3/20","59","4","08067","6.78"
"Lake","0","20","Colorado","5/3/20","17","3","08065","17.65"
"Larimer","12","395","Colorado","5/3/20","312","83","08069","26.6"
"Las Animas","0","3","Colorado","5/3/20","3","0","08071","0"
"Lincoln","0","3","Colorado","5/3/20","4","-1","08073","-25"
"Logan","6","291","Colorado","5/3/20","248","43","08075","17.34"
"Mesa","1","47","Colorado","5/3/20","38","9","08077","23.68"
"Mineral","0","2","Colorado","5/3/20","2","0","08079","0"
"Moffat","0","6","Colorado","5/3/20","6","0","08081","0"
"Montezuma","0","17","Colorado","5/3/20","15","2","08083","13.33"
"Montrose","2","105","Colorado","5/3/20","90","15","08085","16.67"
"Morgan","20","399","Colorado","5/3/20","259","140","08087","54.05"
"Otero","0","10","Colorado","5/3/20","8","2","08089","25"
"Ouray","0","5","Colorado","5/3/20","5","0","08091","0"
"Park","1","14","Colorado","5/3/20","7","7","08093","100"
"Phillips","0","5","Colorado","5/3/20","5","0","08095","0"
"Pitkin","-1","51","Colorado","5/3/20","61","-10","08097","-16.39"
"Prowers","0","1","Colorado","5/3/20","1","0","08099","0"
"Pueblo","4","158","Colorado","5/3/20","131","27","08101","20.61"
"Rio Blanco","0","1","Colorado","5/3/20","1","0","08103","0"
"Rio Grande","0","7","Colorado","5/3/20","7","0","08105","0"
"Routt","0","56","Colorado","5/3/20","54","2","08107","3.7"
"Saguache","0","3","Colorado","5/3/20","3","0","08109","0"
"San Juan","0","0","Colorado","5/3/20","1","-1","08111","-100"
"San Miguel","0","19","Colorado","5/3/20","19","0","08113","0"
"Summit","6","144","Colorado","5/3/20","105","39","08117","37.14"
"Teller","0","28","Colorado","5/3/20","27","1","08119","3.7"
"Washington","0","8","Colorado","5/3/20","6","2","08121","33.33"
"Weld","58","1872","Colorado","5/3/20","1469","403","08123","27.43"
"Yuma","0","9","Colorado","5/3/20","6","3","08125","50"
"Fairfield","182","11801","Connecticut","5/3/20","10529","1272","09001","12.08"
"Hartford","160","6112","Connecticut","5/3/20","4989","1123","09003","22.51"
"Litchfield","25","1036","Connecticut","5/3/20","864","172","09005","19.91"
"Middlesex","17","707","Connecticut","5/3/20","588","119","09007","20.24"
"New Haven","187","8024","Connecticut","5/3/20","6715","1309","09009","19.49"
"New London","18","623","Connecticut","5/3/20","498","125","09011","25.1"
"Tolland","8","461","Connecticut","5/3/20","407","54","09013","13.27"
"Windham","8","211","Connecticut","5/3/20","157","54","09015","34.39"
"Kent","28","821","Delaware","5/3/20","625","196","10001","31.36"
"New Castle","43","1903","Delaware","5/3/20","1599","304","10003","19.01"
"Sussex","94","2461","Delaware","5/3/20","1801","660","10005","36.65"
"","0","49","Diamond Princess","5/3/20","49","0",,"0"
"District of Columbia","168","5016","District of Columbia","5/3/20","3841","1175","11001","30.59"
"Alachua","5","286","Florida","5/3/20","251","35","12001","13.94"
"Baker","0","22","Florida","5/3/20","20","2","12003","10"
"Bay","2","76","Florida","5/3/20","65","11","12005","16.92"
"Bradford","1","48","Florida","5/3/20","43","5","12007","11.63"
"Brevard","8","308","Florida","5/3/20","252","56","12009","22.22"
"Broward","83","5312","Florida","5/3/20","4729","583","12011","12.33"
"Calhoun","1","15","Florida","5/3/20","6","9","12013","150"
"Charlotte","7","249","Florida","5/3/20","203","46","12015","22.66"
"Citrus","0","99","Florida","5/3/20","97","2","12017","2.06"
"Clay","2","279","Florida","5/3/20","267","12","12019","4.49"
"Collier","13","640","Florida","5/3/20","552","88","12021","15.94"
"Columbia","6","92","Florida","5/3/20","49","43","12023","87.76"
"DeSoto","1","32","Florida","5/3/20","24","8","12027","33.33"
"Dixie","0","9","Florida","5/3/20","6","3","12029","50"
"Duval","9","1045","Florida","5/3/20","984","61","12031","6.2"
"Escambia","19","593","Florida","5/3/20","457","136","12033","29.76"
"Flagler","3","140","Florida","5/3/20","121","19","12035","15.7"
"Franklin","0","2","Florida","5/3/20","2","0","12037","0"
"Gadsden","4","107","Florida","5/3/20","81","26","12039","32.1"
"Gilchrist","0","6","Florida","5/3/20","4","2","12041","50"
"Glades","0","6","Florida","5/3/20","6","0","12043","0"
"Gulf","0","1","Florida","5/3/20","1","0","12045","0"
"Hamilton","0","7","Florida","5/3/20","6","1","12047","16.67"
"Hardee","3","32","Florida","5/3/20","10","22","12049","220"
"Hendry","5","101","Florida","5/3/20","65","36","12051","55.38"
"Hernando","1","94","Florida","5/3/20","89","5","12053","5.62"
"Highlands","1","85","Florida","5/3/20","76","9","12055","11.84"
"Hillsborough","33","1281","Florida","5/3/20","1048","233","12057","22.23"
"Holmes","0","10","Florida","5/3/20","9","1","12059","11.11"
"Indian River","1","97","Florida","5/3/20","89","8","12061","8.99"
"Jackson","0","15","Florida","5/3/20","13","2","12063","15.38"
"Jefferson","0","28","Florida","5/3/20","27","1","12065","3.7"
"Lafayette","0","2","Florida","5/3/20","1","1","12067","100"
"Lake","2","234","Florida","5/3/20","222","12","12069","5.41"
"Lee","22","1118","Florida","5/3/20","961","157","12071","16.34"
"Leon","3","234","Florida","5/3/20","210","24","12073","11.43"
"Levy","1","19","Florida","5/3/20","13","6","12075","46.15"
"Liberty","8","60","Florida","5/3/20","2","58","12077","2900"
"Madison","2","60","Florida","5/3/20","43","17","12079","39.53"
"Manatee","16","619","Florida","5/3/20","508","111","12081","21.85"
"Marion","5","184","Florida","5/3/20","151","33","12083","21.85"
"Martin","4","202","Florida","5/3/20","174","28","12085","16.09"
"Miami-Dade","203","12775","Florida","5/3/20","11351","1424","12086","12.55"
"Monroe","0","80","Florida","5/3/20","78","2","12087","2.56"
"Nassau","1","59","Florida","5/3/20","53","6","12089","11.32"
"Okaloosa","2","160","Florida","5/3/20","149","11","12091","7.38"
"Okeechobee","1","14","Florida","5/3/20","9","5","12093","55.56"
"Orange","16","1434","Florida","5/3/20","1322","112","12095","8.47"
"Osceola","7","509","Florida","5/3/20","463","46","12097","9.94"
"Palm Beach","62","3130","Florida","5/3/20","2697","433","12099","16.05"
"Pasco","6","278","Florida","5/3/20","233","45","12101","19.31"
"Pinellas","11","766","Florida","5/3/20","687","79","12103","11.5"
"Polk","16","523","Florida","5/3/20","410","113","12105","27.56"
"Putnam","5","120","Florida","5/3/20","87","33","12107","37.93"
"Santa Rosa","1","157","Florida","5/3/20","149","8","12113","5.37"
"Sarasota","8","377","Florida","5/3/20","321","56","12115","17.45"
"Seminole","5","394","Florida","5/3/20","357","37","12117","10.36"
"St. Johns","1","211","Florida","5/3/20","204","7","12109","3.43"
"St. Lucie","4","257","Florida","5/3/20","228","29","12111","12.72"
"Sumter","8","226","Florida","5/3/20","171","55","12119","32.16"
"Suwannee","4","141","Florida","5/3/20","116","25","12121","21.55"
"Taylor","0","3","Florida","5/3/20","3","0","12123","0"
"Union","0","5","Florida","5/3/20","4","1","12125","25"
"Volusia","11","513","Florida","5/3/20","434","79","12127","18.2"
"Wakulla","0","24","Florida","5/3/20","21","3","12129","14.29"
"Walton","2","49","Florida","5/3/20","35","14","12131","40"
"Washington","0","12","Florida","5/3/20","12","0","12133","0"
"Appling","2","72","Georgia","5/3/20","56","16","13001","28.57"
"Atkinson","1","11","Georgia","5/3/20","7","4","13003","57.14"
"Bacon","1","27","Georgia","5/3/20","21","6","13005","28.57"
"Baker","1","23","Georgia","5/3/20","19","4","13007","21.05"
"Baldwin","7","233","Georgia","5/3/20","181","52","13009","28.73"
"Banks","2","31","Georgia","5/3/20","18","13","13011","72.22"
"Barrow","7","159","Georgia","5/3/20","108","51","13013","47.22"
"Bartow","6","325","Georgia","5/3/20","286","39","13015","13.64"
"Ben Hill","1","29","Georgia","5/3/20","23","6","13017","26.09"
"Berrien","0","17","Georgia","5/3/20","16","1","13019","6.25"
"Bibb","11","323","Georgia","5/3/20","248","75","13021","30.24"
"Bleckley","2","20","Georgia","5/3/20","9","11","13023","122.22"
"Brantley","0","22","Georgia","5/3/20","21","1","13025","4.76"
"Brooks","3","60","Georgia","5/3/20","39","21","13027","53.85"
"Bryan","1","54","Georgia","5/3/20","47","7","13029","14.89"
"Bulloch","1","42","Georgia","5/3/20","34","8","13031","23.53"
"Burke","1","86","Georgia","5/3/20","77","9","13033","11.69"
"Butts","3","150","Georgia","5/3/20","126","24","13035","19.05"
"Calhoun","3","107","Georgia","5/3/20","86","21","13037","24.42"
"Camden","1","35","Georgia","5/3/20","28","7","13039","25"
"Candler","0","7","Georgia","5/3/20","8","-1","13043","-12.5"
"Carroll","9","386","Georgia","5/3/20","326","60","13045","18.4"
"Catoosa","0","46","Georgia","5/3/20","46","0","13047","0"
"Charlton","1","12","Georgia","5/3/20","7","5","13049","71.43"
"Chatham","4","234","Georgia","5/3/20","206","28","13051","13.59"
"Chattahoochee","1","13","Georgia","5/3/20","8","5","13053","62.5"
"Chattooga","0","15","Georgia","5/3/20","13","2","13055","15.38"
"Cherokee","17","490","Georgia","5/3/20","374","116","13057","31.02"
"Clarke","5","156","Georgia","5/3/20","123","33","13059","26.83"
"Clay","1","25","Georgia","5/3/20","20","5","13061","25"
"Clayton","22","793","Georgia","5/3/20","641","152","13063","23.71"
"Clinch","0","9","Georgia","5/3/20","7","2","13065","28.57"
"Cobb","49","1768","Georgia","5/3/20","1428","340","13067","23.81"
"Coffee","6","146","Georgia","5/3/20","107","39","13069","36.45"
"Colquitt","3","188","Georgia","5/3/20","165","23","13071","13.94"
"Columbia","3","164","Georgia","5/3/20","143","21","13073","14.69"
"Cook","1","27","Georgia","5/3/20","17","10","13075","58.82"
"Coweta","6","230","Georgia","5/3/20","188","42","13077","22.34"
"Crawford","1","18","Georgia","5/3/20","14","4","13079","28.57"
"Crisp","2","169","Georgia","5/3/20","153","16","13081","10.46"
"Dade","0","15","Georgia","5/3/20","16","-1","13083","-6.25"
"Dawson","2","66","Georgia","5/3/20","51","15","13085","29.41"
"Decatur","4","91","Georgia","5/3/20","60","31","13087","51.67"
"DeKalb","55","2183","Georgia","5/3/20","1800","383","13089","21.28"
"Dodge","1","29","Georgia","5/3/20","23","6","13091","26.09"
"Dooly","3","132","Georgia","5/3/20","112","20","13093","17.86"
"Dougherty","9","1536","Georgia","5/3/20","1470","66","13095","4.49"
"Douglas","9","341","Georgia","5/3/20","278","63","13097","22.66"
"Early","3","219","Georgia","5/3/20","198","21","13099","10.61"
"Echols","0","5","Georgia","5/3/20","5","0","13101","0"
"Effingham","0","36","Georgia","5/3/20","34","2","13103","5.88"
"Elbert","2","31","Georgia","5/3/20","19","12","13105","63.16"
"Emanuel","0","21","Georgia","5/3/20","19","2","13107","10.53"
"Evans","0","5","Georgia","5/3/20","4","1","13109","25"
"Fannin","1","31","Georgia","5/3/20","23","8","13111","34.78"
"Fayette","3","183","Georgia","5/3/20","161","22","13113","13.66"
"Floyd","2","145","Georgia","5/3/20","133","12","13115","9.02"
"Forsyth","11","332","Georgia","5/3/20","252","80","13117","31.75"
"Franklin","1","21","Georgia","5/3/20","17","4","13119","23.53"
"Fulton","62","2979","Georgia","5/3/20","2545","434","13121","17.05"
"Gilmer","4","73","Georgia","5/3/20","46","27","13123","58.7"
"Glynn","1","59","Georgia","5/3/20","51","8","13127","15.69"
"Gordon","5","113","Georgia","5/3/20","81","32","13129","39.51"
"Grady","2","64","Georgia","5/3/20","48","16","13131","33.33"
"Greene","0","54","Georgia","5/3/20","53","1","13133","1.89"
"Gwinnett","67","1976","Georgia","5/3/20","1504","472","13135","31.38"
"Habersham","25","343","Georgia","5/3/20","171","172","13137","100.58"
"Hall","95","1700","Georgia","5/3/20","1033","667","13139","64.57"
"Hancock","6","61","Georgia","5/3/20","18","43","13141","238.89"
"Haralson","0","29","Georgia","5/3/20","26","3","13143","11.54"
"Harris","1","61","Georgia","5/3/20","56","5","13145","8.93"
"Hart","1","11","Georgia","5/3/20","6","5","13147","83.33"
"Heard","1","14","Georgia","5/3/20","9","5","13149","55.56"
"Henry","10","520","Georgia","5/3/20","451","69","13151","15.3"
"Houston","5","242","Georgia","5/3/20","209","33","13153","15.79"
"Irwin","0","16","Georgia","5/3/20","15","1","13155","6.67"
"Jackson","5","108","Georgia","5/3/20","73","35","13157","47.95"
"Jasper","1","24","Georgia","5/3/20","20","4","13159","20"
"Jeff Davis","2","22","Georgia","5/3/20","11","11","13161","100"
"Jefferson","0","15","Georgia","5/3/20","14","1","13163","7.14"
"Jenkins","0","17","Georgia","5/3/20","16","1","13165","6.25"
"Johnson","3","59","Georgia","5/3/20","36","23","13167","63.89"
"Jones","0","29","Georgia","5/3/20","26","3","13169","11.54"
"Lamar","1","40","Georgia","5/3/20","33","7","13171","21.21"
"Lanier","0","9","Georgia","5/3/20","8","1","13173","12.5"
"Laurens","2","64","Georgia","5/3/20","52","12","13175","23.08"
"Lee","4","328","Georgia","5/3/20","302","26","13177","8.61"
"Liberty","0","38","Georgia","5/3/20","35","3","13179","8.57"
"Lincoln","0","12","Georgia","5/3/20","10","2","13181","20"
"Long","0","5","Georgia","5/3/20","3","2","13183","66.67"
"Lowndes","4","157","Georgia","5/3/20","131","26","13185","19.85"
"Lumpkin","5","63","Georgia","5/3/20","29","34","13187","117.24"
"Macon","2","81","Georgia","5/3/20","70","11","13193","15.71"
"Madison","0","25","Georgia","5/3/20","22","3","13195","13.64"
"Marion","1","42","Georgia","5/3/20","38","4","13197","10.53"
"McDuffie","0","45","Georgia","5/3/20","43","2","13189","4.65"
"McIntosh","0","6","Georgia","5/3/20","4","2","13191","50"
"Meriwether","1","54","Georgia","5/3/20","49","5","13199","10.2"
"Miller","1","33","Georgia","5/3/20","29","4","13201","13.79"
"Mitchell","4","319","Georgia","5/3/20","290","29","13205","10"
"Monroe","1","24","Georgia","5/3/20","20","4","13207","20"
"Montgomery","0","2","Georgia","5/3/20","2","0","13209","0"
"Morgan","1","28","Georgia","5/3/20","23","5","13211","21.74"
"Murray","1","33","Georgia","5/3/20","24","9","13213","37.5"
"Muscogee","8","328","Georgia","5/3/20","275","53","13215","19.27"
"Newton","6","208","Georgia","5/3/20","167","41","13217","24.55"
"Oconee","2","65","Georgia","5/3/20","53","12","13219","22.64"
"Oglethorpe","0","50","Georgia","5/3/20","47","3","13221","6.38"
"Out of GA","5","1054","Georgia","5/3/20","1022","32","80013","3.13"
"Paulding","5","195","Georgia","5/3/20","160","35","13223","21.88"
"Peach","3","55","Georgia","5/3/20","37","18","13225","48.65"
"Pickens","1","29","Georgia","5/3/20","21","8","13227","38.1"
"Pierce","0","52","Georgia","5/3/20","52","0","13229","0"
"Pike","0","40","Georgia","5/3/20","39","1","13231","2.56"
"Polk","2","59","Georgia","5/3/20","46","13","13233","28.26"
"Pulaski","2","32","Georgia","5/3/20","20","12","13235","60"
"Putnam","1","41","Georgia","5/3/20","31","10","13237","32.26"
"Quitman","1","8","Georgia","5/3/20","3","5","13239","166.67"
"Rabun","1","13","Georgia","5/3/20","9","4","13241","44.44"
"Randolph","1","163","Georgia","5/3/20","153","10","13243","6.54"
"Richmond","8","417","Georgia","5/3/20","360","57","13245","15.83"
"Rockdale","5","195","Georgia","5/3/20","161","34","13247","21.12"
"Schley","0","16","Georgia","5/3/20","16","0","13249","0"
"Screven","0","15","Georgia","5/3/20","14","1","13251","7.14"
"Seminole","1","31","Georgia","5/3/20","27","4","13253","14.81"
"Spalding","4","219","Georgia","5/3/20","190","29","13255","15.26"
"Stephens","2","87","Georgia","5/3/20","70","17","13257","24.29"
"Stewart","1","25","Georgia","5/3/20","17","8","13259","47.06"
"Sumter","5","388","Georgia","5/3/20","356","32","13261","8.99"
"Talbot","1","26","Georgia","5/3/20","21","5","13263","23.81"
"Taliaferro","0","1","Georgia","5/3/20","0","1","13265","1"
"Tattnall","0","9","Georgia","5/3/20","7","2","13267","28.57"
"Taylor","0","18","Georgia","5/3/20","16","2","13269","12.5"
"Telfair","0","28","Georgia","5/3/20","26","2","13271","7.69"
"Terrell","3","186","Georgia","5/3/20","165","21","13273","12.73"
"Thomas","5","192","Georgia","5/3/20","158","34","13275","21.52"
"Tift","4","127","Georgia","5/3/20","102","25","13277","24.51"
"Toombs","1","34","Georgia","5/3/20","27","7","13279","25.93"
"Towns","0","20","Georgia","5/3/20","20","0","13281","0"
"Treutlen","0","3","Georgia","5/3/20","2","1","13283","50"
"Troup","4","154","Georgia","5/3/20","126","28","13285","22.22"
"Turner","1","69","Georgia","5/3/20","63","6","13287","9.52"
"Twiggs","0","8","Georgia","5/3/20","7","1","13289","14.29"
"Union","0","31","Georgia","5/3/20","32","-1","13291","-3.12"
"Upson","5","230","Georgia","5/3/20","197","33","13293","16.75"
"Walker","-1","51","Georgia","5/3/20","59","-8","13295","-13.56"
"Walton","5","133","Georgia","5/3/20","97","36","13297","37.11"
"Ware","3","130","Georgia","5/3/20","107","23","13299","21.5"
"Warren","0","13","Georgia","5/3/20","12","1","13301","8.33"
"Washington","1","44","Georgia","5/3/20","34","10","13303","29.41"
"Wayne","0","13","Georgia","5/3/20","11","2","13305","18.18"
"Webster","0","10","Georgia","5/3/20","8","2","13307","25"
"Wheeler","0","5","Georgia","5/3/20","3","2","13309","66.67"
"White","6","78","Georgia","5/3/20","38","40","13311","105.26"
"Whitfield","8","120","Georgia","5/3/20","63","57","13313","90.48"
"Wilcox","3","90","Georgia","5/3/20","68","22","13315","32.35"
"Wilkes","0","25","Georgia","5/3/20","23","2","13317","8.7"
"Wilkinson","1","35","Georgia","5/3/20","31","4","13319","12.9"
"Worth","3","162","Georgia","5/3/20","141","21","13321","14.89"
"","0","103","Grand Princess","5/3/20","103","0",,"0"
"","1","145","Guam","5/3/20","141","4",,"2.84"
"Hawaii","1","74","Hawaii","5/3/20","70","4","15001","5.71"
"Honolulu","1","400","Hawaii","5/3/20","396","4","15003","1.01"
"Kauai","0","21","Hawaii","5/3/20","21","0","15007","0"
"Maui","1","116","Hawaii","5/3/20","112","4","15009","3.57"
"Out of HI","0","9","Hawaii","5/3/20","7","2","80015","28.57"
"Ada","8","705","Idaho","5/3/20","650","55","16001","8.46"
"Adams","0","3","Idaho","5/3/20","3","0","16003","0"
"Bannock","0","11","Idaho","5/3/20","8","3","16005","37.5"
"Bingham","0","4","Idaho","5/3/20","3","1","16011","33.33"
"Blaine","1","497","Idaho","5/3/20","492","5","16013","1.02"
"Bonner","0","4","Idaho","5/3/20","4","0","16017","0"
"Bonneville","0","28","Idaho","5/3/20","28","0","16019","0"
"Camas","0","1","Idaho","5/3/20","1","0","16025","0"
"Canyon","4","258","Idaho","5/3/20","233","25","16027","10.73"
"Caribou","0","1","Idaho","5/3/20","1","0","16029","0"
"Cassia","0","13","Idaho","5/3/20","12","1","16031","8.33"
"Custer","0","2","Idaho","5/3/20","2","0","16037","0"
"Elmore","0","30","Idaho","5/3/20","29","1","16039","3.45"
"Fremont","0","2","Idaho","5/3/20","2","0","16043","0"
"Gem","0","13","Idaho","5/3/20","12","1","16045","8.33"
"Gooding","0","12","Idaho","5/3/20","9","3","16047","33.33"
"Idaho","0","3","Idaho","5/3/20","3","0","16049","0"
"Jefferson","0","5","Idaho","5/3/20","5","0","16051","0"
"Jerome","1","55","Idaho","5/3/20","46","9","16053","19.57"
"Kootenai","0","62","Idaho","5/3/20","61","1","16055","1.64"
"Latah","0","5","Idaho","5/3/20","4","1","16057","25"
"Lemhi","0","1","Idaho","5/3/20","1","0","16059","0"
"Lincoln","1","29","Idaho","5/3/20","22","7","16063","31.82"
"Madison","1","12","Idaho","5/3/20","8","4","16065","50"
"Minidoka","0","11","Idaho","5/3/20","10","1","16067","10"
"Nez Perce","0","60","Idaho","5/3/20","58","2","16069","3.45"
"Owyhee","0","8","Idaho","5/3/20","8","0","16073","0"
"Payette","0","16","Idaho","5/3/20","13","3","16075","23.08"
"Power","0","2","Idaho","5/3/20","2","0","16077","0"
"Teton","0","9","Idaho","5/3/20","8","1","16081","12.5"
"Twin Falls","6","196","Idaho","5/3/20","156","40","16083","25.64"
"Valley","0","2","Idaho","5/3/20","2","0","16085","0"
"Washington","0","1","Idaho","5/3/20","1","0","16087","0"
"Adams","1","40","Illinois","5/3/20","32","8","17001","25"
"Alexander","0","4","Illinois","5/3/20","3","1","17003","33.33"
"Bond","0","6","Illinois","5/3/20","5","1","17005","20"
"Boone","9","138","Illinois","5/3/20","76","62","17007","81.58"
"Brown","0","1","Illinois","5/3/20","0","1","17009","1"
"Bureau","0","12","Illinois","5/3/20","10","2","17011","20"
"Calhoun","0","1","Illinois","5/3/20","1","0","17013","0"
"Carroll","0","10","Illinois","5/3/20","9","1","17015","11.11"
"Cass","2","40","Illinois","5/3/20","27","13","17017","48.15"
"Champaign","10","177","Illinois","5/3/20","105","72","17019","68.57"
"Christian","0","28","Illinois","5/3/20","28","0","17021","0"
"Clark","0","5","Illinois","5/3/20","4","1","17023","25"
"Clay","0","2","Illinois","5/3/20","2","0","17025","0"
"Clinton","4","112","Illinois","5/3/20","84","28","17027","33.33"
"Coles","0","22","Illinois","5/3/20","22","0","17029","0"
"Cook","1679","42324","Illinois","5/3/20","30574","11750","17031","38.43"
"Crawford","0","10","Illinois","5/3/20","10","0","17033","0"
"Cumberland","0","3","Illinois","5/3/20","3","0","17035","0"
"De Witt","0","3","Illinois","5/3/20","1","2","17039","200"
"DeKalb","8","125","Illinois","5/3/20","71","54","17037","76.06"
"Douglas","1","20","Illinois","5/3/20","13","7","17041","53.85"
"DuPage","167","3611","Illinois","5/3/20","2443","1168","17043","47.81"
"Effingham","0","6","Illinois","5/3/20","5","1","17049","20"
"Fayette","0","16","Illinois","5/3/20","16","0","17051","0"
"Ford","0","9","Illinois","5/3/20","8","1","17053","12.5"
"Franklin","0","10","Illinois","5/3/20","8","2","17055","25"
"Fulton","0","3","Illinois","5/3/20","3","0","17057","0"
"Gallatin","0","2","Illinois","5/3/20","2","0","17059","0"
"Greene","0","3","Illinois","5/3/20","2","1","17061","50"
"Grundy","2","43","Illinois","5/3/20","30","13","17063","43.33"
"Hamilton","0","2","Illinois","5/3/20","2","0","17065","0"
"Hancock","1","8","Illinois","5/3/20","4","4","17067","100"
"Hardin","0","1","Illinois","5/3/20","1","0","17069","0"
"Henderson","0","5","Illinois","5/3/20","4","1","17071","25"
"Henry","2","50","Illinois","5/3/20","36","14","17073","38.89"
"Iroquois","3","38","Illinois","5/3/20","18","20","17075","111.11"
"Jackson","10","139","Illinois","5/3/20","67","72","17077","107.46"
"Jasper","0","45","Illinois","5/3/20","42","3","17079","7.14"
"Jefferson","0","86","Illinois","5/3/20","83","3","17081","3.61"
"Jersey","0","13","Illinois","5/3/20","12","1","17083","8.33"
"Jo Daviess","0","13","Illinois","5/3/20","11","2","17085","18.18"
"Johnson","0","4","Illinois","5/3/20","4","0","17087","0"
"Kane","118","1935","Illinois","5/3/20","1109","826","17089","74.48"
"Kankakee","8","358","Illinois","5/3/20","304","54","17091","17.76"
"Kendall","14","305","Illinois","5/3/20","208","97","17093","46.63"
"Knox","2","51","Illinois","5/3/20","36","15","17095","41.67"
"Lake","167","4161","Illinois","5/3/20","2990","1171","17097","39.16"
"LaSalle","3","67","Illinois","5/3/20","44","23","17099","52.27"
"Lawrence","0","4","Illinois","5/3/20","3","1","17101","33.33"
"Lee","1","25","Illinois","5/3/20","19","6","17103","31.58"
"Livingston","1","24","Illinois","5/3/20","20","4","17105","20"
"Logan","0","7","Illinois","5/3/20","4","3","17107","75"
"Macon","3","122","Illinois","5/3/20","102","20","17115","19.61"
"Macoupin","1","32","Illinois","5/3/20","28","4","17117","14.29"
"Madison","9","365","Illinois","5/3/20","305","60","17119","19.67"
"Marion","1","34","Illinois","5/3/20","26","8","17121","30.77"
"Marshall","0","4","Illinois","5/3/20","4","0","17123","0"
"Mason","1","13","Illinois","5/3/20","6","7","17125","116.67"
"Massac","0","4","Illinois","5/3/20","4","0","17127","0"
"McDonough","4","35","Illinois","5/3/20","6","29","17109","483.33"
"McHenry","32","738","Illinois","5/3/20","513","225","17111","43.86"
"McLean","2","99","Illinois","5/3/20","88","11","17113","12.5"
"Menard","2","15","Illinois","5/3/20","4","11","17129","275"
"Mercer","0","8","Illinois","5/3/20","7","1","17131","14.29"
"Monroe","2","75","Illinois","5/3/20","64","11","17133","17.19"
"Montgomery","1","28","Illinois","5/3/20","23","5","17135","21.74"
"Morgan","1","24","Illinois","5/3/20","16","8","17137","50"
"Moultrie","0","5","Illinois","5/3/20","4","1","17139","25"
"Ogle","6","129","Illinois","5/3/20","87","42","17141","48.28"
"Peoria","6","106","Illinois","5/3/20","65","41","17143","63.08"
"Perry","4","34","Illinois","5/3/20","8","26","17145","325"
"Piatt","0","7","Illinois","5/3/20","7","0","17147","0"
"Pike","0","1","Illinois","5/3/20","1","0","17149","0"
"Pulaski","1","20","Illinois","5/3/20","15","5","17153","33.33"
"Randolph","11","179","Illinois","5/3/20","104","75","17157","72.12"
"Richland","0","3","Illinois","5/3/20","3","0","17159","0"
"Rock Island","19","436","Illinois","5/3/20","304","132","17161","43.42"
"Saline","0","4","Illinois","5/3/20","3","1","17165","33.33"
"Sangamon","15","208","Illinois","5/3/20","104","104","17167","100"
"Schuyler","0","1","Illinois","5/3/20","1","0","17169","0"
"Shelby","0","10","Illinois","5/3/20","10","0","17173","0"
"St. Clair","21","537","Illinois","5/3/20","391","146","17163","37.34"
"Stark","0","1","Illinois","5/3/20","1","0","17175","0"
"Stephenson","7","63","Illinois","5/3/20","16","47","17177","293.75"
"Tazewell","2","47","Illinois","5/3/20","36","11","17179","30.56"
"Union","3","28","Illinois","5/3/20","8","20","17181","250"
"Vermilion","1","18","Illinois","5/3/20","11","7","17183","63.64"
"Wabash","0","1","Illinois","5/3/20","1","0","17185","0"
"Warren","4","78","Illinois","5/3/20","49","29","17187","59.18"
"Washington","1","13","Illinois","5/3/20","8","5","17189","62.5"
"Wayne","0","2","Illinois","5/3/20","2","0","17191","0"
"White","0","2","Illinois","5/3/20","1","1","17193","100"
"Whiteside","4","92","Illinois","5/3/20","62","30","17195","48.39"
"Will","106","2868","Illinois","5/3/20","2126","742","17197","34.9"
"Williamson","1","34","Illinois","5/3/20","25","9","17199","36"
"Winnebago","37","579","Illinois","5/3/20","318","261","17201","82.08"
"Woodford","0","13","Illinois","5/3/20","11","2","17203","18.18"
"Adams","0","8","Indiana","5/3/20","8","0","18001","0"
"Allen","26","619","Indiana","5/3/20","439","180","18003","41"
"Bartholomew","9","268","Indiana","5/3/20","206","62","18005","30.1"
"Benton","1","11","Indiana","5/3/20","6","5","18007","83.33"
"Blackford","0","9","Indiana","5/3/20","7","2","18009","28.57"
"Boone","2","198","Indiana","5/3/20","182","16","18011","8.79"
"Brown","0","18","Indiana","5/3/20","15","3","18013","20"
"Carroll","4","41","Indiana","5/3/20","13","28","18015","215.38"
"Cass","101","1293","Indiana","5/3/20","586","707","18017","120.65"
"Clark","15","331","Indiana","5/3/20","227","104","18019","45.81"
"Clay","0","22","Indiana","5/3/20","19","3","18021","15.79"
"Clinton","4","56","Indiana","5/3/20","31","25","18023","80.65"
"Crawford","0","18","Indiana","5/3/20","16","2","18025","12.5"
"Daviess","1","51","Indiana","5/3/20","43","8","18027","18.6"
"Dearborn","7","135","Indiana","5/3/20","84","51","18029","60.71"
"Decatur","1","202","Indiana","5/3/20","194","8","18031","4.12"
"DeKalb","1","22","Indiana","5/3/20","15","7","18033","46.67"
"Delaware","8","200","Indiana","5/3/20","146","54","18035","36.99"
"Dubois","1","25","Indiana","5/3/20","17","8","18037","47.06"
"Elkhart","9","311","Indiana","5/3/20","245","66","18039","26.94"
"Fayette","1","29","Indiana","5/3/20","25","4","18041","16"
"Floyd","6","203","Indiana","5/3/20","164","39","18043","23.78"
"Fountain","1","13","Indiana","5/3/20","9","4","18045","44.44"
"Franklin","0","97","Indiana","5/3/20","94","3","18047","3.19"
"Fulton","3","33","Indiana","5/3/20","13","20","18049","153.85"
"Gibson","0","7","Indiana","5/3/20","6","1","18051","16.67"
"Grant","4","144","Indiana","5/3/20","114","30","18053","26.32"
"Greene","7","96","Indiana","5/3/20","47","49","18055","104.26"
"Hamilton","17","824","Indiana","5/3/20","704","120","18057","17.05"
"Hancock","7","230","Indiana","5/3/20","178","52","18059","29.21"
"Harrison","3","138","Indiana","5/3/20","118","20","18061","16.95"
"Hendricks","17","764","Indiana","5/3/20","644","120","18063","18.63"
"Henry","2","44","Indiana","5/3/20","33","11","18065","33.33"
"Howard","11","191","Indiana","5/3/20","117","74","18067","63.25"
"Huntington","1","11","Indiana","5/3/20","7","4","18069","57.14"
"Jackson","7","165","Indiana","5/3/20","114","51","18071","44.74"
"Jasper","1","36","Indiana","5/3/20","28","8","18073","28.57"
"Jay","1","16","Indiana","5/3/20","11","5","18075","45.45"
"Jefferson","1","30","Indiana","5/3/20","22","8","18077","36.36"
"Jennings","1","82","Indiana","5/3/20","72","10","18079","13.89"
"Johnson","25","706","Indiana","5/3/20","533","173","18081","32.46"
"Knox","0","20","Indiana","5/3/20","20","0","18083","0"
"Kosciusko","1","36","Indiana","5/3/20","29","7","18085","24.14"
"LaGrange","1","28","Indiana","5/3/20","22","6","18087","27.27"
"Lake","72","2036","Indiana","5/3/20","1533","503","18089","32.81"
"LaPorte","9","251","Indiana","5/3/20","188","63","18091","33.51"
"Lawrence","2","105","Indiana","5/3/20","92","13","18093","14.13"
"Madison","6","439","Indiana","5/3/20","394","45","18095","11.42"
"Marion","197","6176","Indiana","5/3/20","4796","1380","18097","28.77"
"Marshall","1","31","Indiana","5/3/20","27","4","18099","14.81"
"Martin","0","7","Indiana","5/3/20","7","0","18101","0"
"Miami","7","115","Indiana","5/3/20","65","50","18103","76.92"
"Monroe","1","130","Indiana","5/3/20","120","10","18105","8.33"
"Montgomery","10","100","Indiana","5/3/20","33","67","18107","203.03"
"Morgan","5","163","Indiana","5/3/20","131","32","18109","24.43"
"Newton","2","61","Indiana","5/3/20","46","15","18111","32.61"
"Noble","4","83","Indiana","5/3/20","54","29","18113","53.7"
"Ohio","0","5","Indiana","5/3/20","3","2","18115","66.67"
"Orange","6","104","Indiana","5/3/20","60","44","18117","73.33"
"Owen","0","24","Indiana","5/3/20","22","2","18119","9.09"
"Parke","0","12","Indiana","5/3/20","12","0","18121","0"
"Perry","1","11","Indiana","5/3/20","6","5","18123","83.33"
"Pike","0","2","Indiana","5/3/20","1","1","18125","100"
"Porter","6","252","Indiana","5/3/20","212","40","18127","18.87"
"Posey","0","12","Indiana","5/3/20","9","3","18129","33.33"
"Pulaski","2","29","Indiana","5/3/20","13","16","18131","123.08"
"Putnam","3","76","Indiana","5/3/20","58","18","18133","31.03"
"Randolph","0","16","Indiana","5/3/20","14","2","18135","14.29"
"Ripley","1","94","Indiana","5/3/20","89","5","18137","5.62"
"Rush","1","34","Indiana","5/3/20","29","5","18139","17.24"
"Scott","2","52","Indiana","5/3/20","37","15","18143","40.54"
"Shelby","6","222","Indiana","5/3/20","180","42","18145","23.33"
"Spencer","0","5","Indiana","5/3/20","5","0","18147","0"
"St. Joseph","12","658","Indiana","5/3/20","576","82","18141","14.24"
"Starke","0","17","Indiana","5/3/20","15","2","18149","13.33"
"Steuben","1","26","Indiana","5/3/20","21","5","18151","23.81"
"Sullivan","0","16","Indiana","5/3/20","13","3","18153","23.08"
"Switzerland","0","15","Indiana","5/3/20","14","1","18155","7.14"
"Tippecanoe","12","156","Indiana","5/3/20","75","81","18157","108"
"Tipton","0","20","Indiana","5/3/20","17","3","18159","17.65"
"Union","0","7","Indiana","5/3/20","6","1","18161","16.67"
"Vanderburgh","5","151","Indiana","5/3/20","117","34","18163","29.06"
"Vermillion","0","7","Indiana","5/3/20","7","0","18165","0"
"Vigo","1","67","Indiana","5/3/20","62","5","18167","8.06"
"Wabash","6","60","Indiana","5/3/20","19","41","18169","215.79"
"Warren","0","11","Indiana","5/3/20","11","0","18171","0"
"Warrick","3","101","Indiana","5/3/20","82","19","18173","23.17"
"Washington","1","45","Indiana","5/3/20","40","5","18175","12.5"
"Wayne","1","38","Indiana","5/3/20","31","7","18177","22.58"
"Wells","0","7","Indiana","5/3/20","5","2","18179","40"
"White","8","82","Indiana","5/3/20","26","56","18181","215.38"
"Whitley","1","21","Indiana","5/3/20","16","5","18183","31.25"
"Adair","0","1","Iowa","5/3/20","1","0","19001","0"
"Allamakee","4","98","Iowa","5/3/20","68","30","19005","44.12"
"Appanoose","0","3","Iowa","5/3/20","2","1","19007","50"
"Audubon","1","5","Iowa","5/3/20","1","4","19009","400"
"Benton","1","33","Iowa","5/3/20","27","6","19011","22.22"
"Black Hawk","85","1306","Iowa","5/3/20","714","592","19013","82.91"
"Boone","2","23","Iowa","5/3/20","7","16","19015","228.57"
"Bremer","2","53","Iowa","5/3/20","41","12","19017","29.27"
"Buchanan","1","20","Iowa","5/3/20","12","8","19019","66.67"
"Buena Vista","1","8","Iowa","5/3/20","4","4","19021","100"
"Butler","1","9","Iowa","5/3/20","4","5","19023","125"
"Calhoun","0","1","Iowa","5/3/20","0","1","19025","1"
"Carroll","1","5","Iowa","5/3/20","1","4","19027","400"
"Cass","0","1","Iowa","5/3/20","1","0","19029","0"
"Cedar","0","31","Iowa","5/3/20","28","3","19031","10.71"
"Cerro Gordo","0","14","Iowa","5/3/20","14","0","19033","0"
"Cherokee","0","4","Iowa","5/3/20","2","2","19035","100"
"Chickasaw","0","5","Iowa","5/3/20","4","1","19037","25"
"Clarke","0","3","Iowa","5/3/20","2","1","19039","50"
"Clay","0","5","Iowa","5/3/20","3","2","19041","66.67"
"Clayton","0","15","Iowa","5/3/20","12","3","19043","25"
"Clinton","0","50","Iowa","5/3/20","47","3","19045","6.38"
"Crawford","5","51","Iowa","5/3/20","14","37","19047","264.29"
"Dallas","53","537","Iowa","5/3/20","169","368","19049","217.75"
"Davis","0","1","Iowa","5/3/20","0","1","19051","1"
"Decatur","0","1","Iowa","5/3/20","0","1","19053","1"
"Delaware","1","10","Iowa","5/3/20","4","6","19055","150"
"Des Moines","0","18","Iowa","5/3/20","16","2","19057","12.5"
"Dickinson","0","6","Iowa","5/3/20","5","1","19059","20"
"Dubuque","8","136","Iowa","5/3/20","80","56","19061","70"
"Emmet","0","0","Iowa","5/3/20","1","-1","19063","-100"
"Fayette","1","22","Iowa","5/3/20","15","7","19065","46.67"
"Floyd","0","1","Iowa","5/3/20","0","1","19067","1"
"Franklin","0","3","Iowa","5/3/20","2","1","19069","50"
"Greene","1","11","Iowa","5/3/20","1","10","19073","1000"
"Grundy","1","15","Iowa","5/3/20","8","7","19075","87.5"
"Guthrie","2","22","Iowa","5/3/20","6","16","19077","266.67"
"Hamilton","0","7","Iowa","5/3/20","7","0","19079","0"
"Hancock","0","3","Iowa","5/3/20","3","0","19081","0"
"Hardin","0","9","Iowa","5/3/20","6","3","19083","50"
"Harrison","0","16","Iowa","5/3/20","15","1","19085","6.67"
"Henry","0","33","Iowa","5/3/20","31","2","19087","6.45"
"Howard","1","10","Iowa","5/3/20","6","4","19089","66.67"
"Humboldt","0","4","Iowa","5/3/20","4","0","19091","0"
"Iowa","1","21","Iowa","5/3/20","17","4","19095","23.53"
"Jackson","0","6","Iowa","5/3/20","5","1","19097","20"
"Jasper","16","193","Iowa","5/3/20","83","110","19099","132.53"
"Jefferson","0","6","Iowa","5/3/20","6","0","19101","0"
"Johnson","10","498","Iowa","5/3/20","426","72","19103","16.9"
"Jones","1","24","Iowa","5/3/20","18","6","19105","33.33"
"Keokuk","0","3","Iowa","5/3/20","2","1","19107","50"
"Kossuth","0","2","Iowa","5/3/20","1","1","19109","100"
"Lee","1","13","Iowa","5/3/20","5","8","19111","160"
"Linn","23","731","Iowa","5/3/20","573","158","19113","27.57"
"Louisa","2","277","Iowa","5/3/20","266","11","19115","4.14"
"Lyon","1","14","Iowa","5/3/20","7","7","19119","100"
"Madison","1","9","Iowa","5/3/20","3","6","19121","200"
"Mahaska","1","16","Iowa","5/3/20","9","7","19123","77.78"
"Marion","1","12","Iowa","5/3/20","7","5","19125","71.43"
"Marshall","32","603","Iowa","5/3/20","380","223","19127","58.68"
"Mills","0","3","Iowa","5/3/20","2","1","19129","50"
"Mitchell","0","3","Iowa","5/3/20","2","1","19131","50"
"Monona","0","10","Iowa","5/3/20","7","3","19133","42.86"
"Monroe","0","1","Iowa","5/3/20","0","1","19135","1"
"Montgomery","0","1","Iowa","5/3/20","1","0","19137","0"
"Muscatine","10","372","Iowa","5/3/20","305","67","19139","21.97"
"O'Brien","1","11","Iowa","5/3/20","5","6","19141","120"
"Osceola","1","13","Iowa","5/3/20","7","6","19143","85.71"
"Page","0","8","Iowa","5/3/20","5","3","19145","60"
"Plymouth","2","23","Iowa","5/3/20","11","12","19149","109.09"
"Pocahontas","0","3","Iowa","5/3/20","0","3","19151","1"
"Polk","106","1476","Iowa","5/3/20","732","744","19153","101.64"
"Pottawattamie","3","44","Iowa","5/3/20","25","19","19155","76"
"Poweshiek","3","68","Iowa","5/3/20","50","18","19157","36"
"Sac","0","1","Iowa","5/3/20","0","1","19161","1"
"Scott","5","241","Iowa","5/3/20","208","33","19163","15.87"
"Shelby","0","12","Iowa","5/3/20","9","3","19165","33.33"
"Sioux","1","17","Iowa","5/3/20","7","10","19167","142.86"
"Story","1","33","Iowa","5/3/20","23","10","19169","43.48"
"Tama","3","286","Iowa","5/3/20","263","23","19171","8.75"
"Taylor","0","1","Iowa","5/3/20","1","0","19173","0"
"Union","0","1","Iowa","5/3/20","1","0","19175","0"
"Van Buren","0","8","Iowa","5/3/20","8","0","19177","0"
"Wapello","7","61","Iowa","5/3/20","9","52","19179","577.78"
"Warren","1","26","Iowa","5/3/20","19","7","19181","36.84"
"Washington","2","148","Iowa","5/3/20","132","16","19183","12.12"
"Wayne","0","1","Iowa","5/3/20","0","1","19185","1"
"Webster","0","6","Iowa","5/3/20","4","2","19187","50"
"Winnebago","0","2","Iowa","5/3/20","2","0","19189","0"
"Winneshiek","-1","18","Iowa","5/3/20","24","-6","19191","-25"
"Woodbury","100","1112","Iowa","5/3/20","409","703","19193","171.88"
"Worth","0","1","Iowa","5/3/20","1","0","19195","0"
"Wright","0","3","Iowa","5/3/20","2","1","19197","50"
"Atchison","0","11","Kansas","5/3/20","9","2","20005","22.22"
"Barber","0","1","Kansas","5/3/20","1","0","20007","0"
"Barton","0","9","Kansas","5/3/20","9","0","20009","0"
"Bourbon","0","6","Kansas","5/3/20","6","0","20011","0"
"Brown","0","1","Kansas","5/3/20","0","1","20013","1"
"Butler","0","14","Kansas","5/3/20","13","1","20015","7.69"
"Chase","0","3","Kansas","5/3/20","1","2","20017","200"
"Chautauqua","0","4","Kansas","5/3/20","3","1","20019","33.33"
"Cherokee","0","8","Kansas","5/3/20","7","1","20021","14.29"
"Cheyenne","0","2","Kansas","5/3/20","0","2","20023","1"
"Clark","0","1","Kansas","5/3/20","1","0","20025","0"
"Clay","0","4","Kansas","5/3/20","4","0","20027","0"
"Cloud","0","4","Kansas","5/3/20","3","1","20029","33.33"
"Coffey","0","49","Kansas","5/3/20","48","1","20031","2.08"
"Cowley","0","3","Kansas","5/3/20","2","1","20035","50"
"Crawford","0","8","Kansas","5/3/20","7","1","20037","14.29"
"Dickinson","0","2","Kansas","5/3/20","2","0","20041","0"
"Doniphan","0","4","Kansas","5/3/20","3","1","20043","33.33"
"Douglas","0","51","Kansas","5/3/20","48","3","20045","6.25"
"Edwards","0","4","Kansas","5/3/20","1","3","20047","300"
"Ellis","0","8","Kansas","5/3/20","8","0","20051","0"
"Finney","50","550","Kansas","5/3/20","202","348","20055","172.28"
"Ford","51","815","Kansas","5/3/20","459","356","20057","77.56"
"Franklin","1","17","Kansas","5/3/20","12","5","20059","41.67"
"Geary","0","11","Kansas","5/3/20","10","1","20061","10"
"Gove","0","1","Kansas","5/3/20","1","0","20063","0"
"Grant","1","7","Kansas","5/3/20","1","6","20067","600"
"Gray","0","5","Kansas","5/3/20","2","3","20069","150"
"Greenwood","0","3","Kansas","5/3/20","3","0","20073","0"
"Hamilton","0","4","Kansas","5/3/20","2","2","20075","100"
"Harper","0","1","Kansas","5/3/20","0","1","20077","1"
"Harvey","0","8","Kansas","5/3/20","5","3","20079","60"
"Haskell","0","7","Kansas","5/3/20","7","0","20081","0"
"Jackson","0","2","Kansas","5/3/20","2","0","20085","0"
"Jefferson","0","10","Kansas","5/3/20","8","2","20087","25"
"Jewell","0","4","Kansas","5/3/20","4","0","20089","0"
"Johnson","10","498","Kansas","5/3/20","430","68","20091","15.81"
"Kearny","1","19","Kansas","5/3/20","11","8","20093","72.73"
"Kiowa","0","2","Kansas","5/3/20","1","1","20097","100"
"Labette","0","22","Kansas","5/3/20","21","1","20099","4.76"
"Leavenworth","46","498","Kansas","5/3/20","177","321","20103","181.36"
"Linn","0","6","Kansas","5/3/20","6","0","20107","0"
"Lyon","10","248","Kansas","5/3/20","176","72","20111","40.91"
"Marion","0","5","Kansas","5/3/20","5","0","20115","0"
"McPherson","0","23","Kansas","5/3/20","20","3","20113","15"
"Meade","1","10","Kansas","5/3/20","2","8","20119","400"
"Miami","0","5","Kansas","5/3/20","5","0","20121","0"
"Mitchell","0","3","Kansas","5/3/20","2","1","20123","50"
"Montgomery","0","18","Kansas","5/3/20","16","2","20125","12.5"
"Morris","0","3","Kansas","5/3/20","3","0","20127","0"
"Morton","0","3","Kansas","5/3/20","2","1","20129","50"
"Nemaha","0","1","Kansas","5/3/20","0","1","20131","1"
"Neosho","0","2","Kansas","5/3/20","2","0","20133","0"
"Norton","0","2","Kansas","5/3/20","0","2","20137","1"
"Osage","0","5","Kansas","5/3/20","5","0","20139","0"
"Osborne","0","2","Kansas","5/3/20","2","0","20141","0"
"Ottawa","0","4","Kansas","5/3/20","3","1","20143","33.33"
"Phillips","0","1","Kansas","5/3/20","1","0","20147","0"
"Pottawatomie","1","15","Kansas","5/3/20","9","6","20149","66.67"
"Pratt","0","1","Kansas","5/3/20","1","0","20151","0"
"Reno","2","41","Kansas","5/3/20","26","15","20155","57.69"
"Republic","0","4","Kansas","5/3/20","4","0","20157","0"
"Rice","0","3","Kansas","5/3/20","3","0","20159","0"
"Riley","1","54","Kansas","5/3/20","44","10","20161","22.73"
"Rooks","0","6","Kansas","5/3/20","6","0","20163","0"
"Saline","0","21","Kansas","5/3/20","19","2","20169","10.53"
"Scott","0","1","Kansas","5/3/20","1","0","20171","0"
"Sedgwick","13","426","Kansas","5/3/20","338","88","20173","26.04"
"Seward","30","547","Kansas","5/3/20","336","211","20175","62.8"
"Shawnee","4","127","Kansas","5/3/20","101","26","20177","25.74"
"Sheridan","0","2","Kansas","5/3/20","2","0","20179","0"
"Sherman","0","5","Kansas","5/3/20","3","2","20181","66.67"
"Smith","0","2","Kansas","5/3/20","2","0","20183","0"
"Stafford","0","1","Kansas","5/3/20","1","0","20185","0"
"Stanton","0","6","Kansas","5/3/20","4","2","20187","50"
"Stevens","1","11","Kansas","5/3/20","6","5","20189","83.33"
"Sumner","0","4","Kansas","5/3/20","3","1","20191","33.33"
"Wabaunsee","2","24","Kansas","5/3/20","13","11","20197","84.62"
"Wilson","0","1","Kansas","5/3/20","1","0","20205","0"
"Woodson","0","6","Kansas","5/3/20","5","1","20207","20"
"Wyandotte","37","826","Kansas","5/3/20","565","261","20209","46.19"
"Adair","0","81","Kentucky","5/3/20","83","-2","21001","-2.41"
"Allen","1","14","Kentucky","5/3/20","7","7","21003","100"
"Anderson","0","9","Kentucky","5/3/20","8","1","21005","12.5"
"Ballard","0","10","Kentucky","5/3/20","7","3","21007","42.86"
"Barren","1","18","Kentucky","5/3/20","13","5","21009","38.46"
"Bath","0","4","Kentucky","5/3/20","4","0","21011","0"
"Boone","8","170","Kentucky","5/3/20","113","57","21015","50.44"
"Bourbon","0","8","Kentucky","5/3/20","7","1","21017","14.29"
"Boyd","0","31","Kentucky","5/3/20","33","-2","21019","-6.06"
"Boyle","0","17","Kentucky","5/3/20","17","0","21021","0"
"Bracken","0","9","Kentucky","5/3/20","7","2","21023","28.57"
"Breathitt","0","2","Kentucky","5/3/20","2","0","21025","0"
"Breckinridge","0","9","Kentucky","5/3/20","8","1","21027","12.5"
"Bullitt","1","56","Kentucky","5/3/20","48","8","21029","16.67"
"Butler","6","143","Kentucky","5/3/20","104","39","21031","37.5"
"Caldwell","0","12","Kentucky","5/3/20","13","-1","21033","-7.69"
"Calloway","1","35","Kentucky","5/3/20","31","4","21035","12.9"
"Campbell","2","95","Kentucky","5/3/20","79","16","21037","20.25"
"Carlisle","0","2","Kentucky","5/3/20","1","1","21039","100"
"Carroll","0","2","Kentucky","5/3/20","2","0","21041","0"
"Carter","0","6","Kentucky","5/3/20","4","2","21043","50"
"Casey","0","1","Kentucky","5/3/20","1","0","21045","0"
"Christian","1","90","Kentucky","5/3/20","85","5","21047","5.88"
"Clark","0","20","Kentucky","5/3/20","19","1","21049","5.26"
"Clay","0","1","Kentucky","5/3/20","1","0","21051","0"
"Clinton","0","3","Kentucky","5/3/20","2","1","21053","50"
"Crittenden","0","4","Kentucky","5/3/20","3","1","21055","33.33"
"Cumberland","0","5","Kentucky","5/3/20","5","0","21057","0"
"Daviess","9","217","Kentucky","5/3/20","154","63","21059","40.91"
"Edmonson","2","26","Kentucky","5/3/20","15","11","21061","73.33"
"Fayette","7","287","Kentucky","5/3/20","238","49","21067","20.59"
"Fleming","0","2","Kentucky","5/3/20","2","0","21069","0"
"Floyd","0","12","Kentucky","5/3/20","10","2","21071","20"
"Franklin","0","17","Kentucky","5/3/20","16","1","21073","6.25"
"Fulton","0","2","Kentucky","5/3/20","1","1","21075","100"
"Gallatin","0","1","Kentucky","5/3/20","1","0","21077","0"
"Garrard","0","2","Kentucky","5/3/20","2","0","21079","0"
"Grant","1","25","Kentucky","5/3/20","18","7","21081","38.89"
"Graves","3","138","Kentucky","5/3/20","114","24","21083","21.05"
"Grayson","3","79","Kentucky","5/3/20","60","19","21085","31.67"
"Green","0","1","Kentucky","5/3/20","1","0","21087","0"
"Greenup","0","12","Kentucky","5/3/20","11","1","21089","9.09"
"Hancock","0","6","Kentucky","5/3/20","6","0","21091","0"
"Hardin","2","48","Kentucky","5/3/20","35","13","21093","37.14"
"Harrison","0","17","Kentucky","5/3/20","18","-1","21097","-5.56"
"Hart","0","4","Kentucky","5/3/20","2","2","21099","100"
"Henderson","3","65","Kentucky","5/3/20","45","20","21101","44.44"
"Henry","0","8","Kentucky","5/3/20","6","2","21103","33.33"
"Hickman","0","1","Kentucky","5/3/20","1","0","21105","0"
"Hopkins","3","206","Kentucky","5/3/20","183","23","21107","12.57"
"Jackson","0","59","Kentucky","5/3/20","60","-1","21109","-1.67"
"Jefferson","40","1403","Kentucky","5/3/20","1120","283","21111","25.27"
"Jessamine","1","40","Kentucky","5/3/20","34","6","21113","17.65"
"Johnson","0","3","Kentucky","5/3/20","2","1","21115","50"
"Kenton","12","308","Kentucky","5/3/20","227","81","21117","35.68"
"Knott","0","4","Kentucky","5/3/20","3","1","21119","33.33"
"Knox","0","6","Kentucky","5/3/20","5","1","21121","20"
"Larue","0","5","Kentucky","5/3/20","5","0","21123","0"
"Laurel","0","17","Kentucky","5/3/20","14","3","21125","21.43"
"Lawrence","0","1","Kentucky","5/3/20","1","0","21127","0"
"Leslie","0","4","Kentucky","5/3/20","2","2","21131","100"
"Letcher","0","3","Kentucky","5/3/20","2","1","21133","50"
"Lewis","0","3","Kentucky","5/3/20","3","0","21135","0"
"Lincoln","0","5","Kentucky","5/3/20","4","1","21137","25"
"Livingston","1","6","Kentucky","5/3/20","1","5","21139","500"
"Logan","1","13","Kentucky","5/3/20","8","5","21141","62.5"
"Lyon","0","13","Kentucky","5/3/20","14","-1","21143","-7.14"
"Madison","0","29","Kentucky","5/3/20","29","0","21151","0"
"Marion","0","17","Kentucky","5/3/20","15","2","21155","13.33"
"Marshall","0","34","Kentucky","5/3/20","31","3","21157","9.68"
"Martin","0","3","Kentucky","5/3/20","3","0","21159","0"
"Mason","0","6","Kentucky","5/3/20","6","0","21161","0"
"McCracken","2","59","Kentucky","5/3/20","43","16","21145","37.21"
"McCreary","0","11","Kentucky","5/3/20","11","0","21147","0"
"McLean","1","16","Kentucky","5/3/20","12","4","21149","33.33"
"Meade","1","14","Kentucky","5/3/20","7","7","21163","100"
"Menifee","0","3","Kentucky","5/3/20","3","0","21165","0"
"Mercer","0","11","Kentucky","5/3/20","11","0","21167","0"
"Metcalfe","0","1","Kentucky","5/3/20","0","1","21169","1"
"Monroe","0","6","Kentucky","5/3/20","4","2","21171","50"
"Montgomery","0","12","Kentucky","5/3/20","10","2","21173","20"
"Morgan","0","1","Kentucky","5/3/20","1","0","21175","0"
"Muhlenberg","3","132","Kentucky","5/3/20","111","21","21177","18.92"
"Nelson","1","24","Kentucky","5/3/20","19","5","21179","26.32"
"Nicholas","0","1","Kentucky","5/3/20","1","0","21181","0"
"Ohio","2","51","Kentucky","5/3/20","38","13","21183","34.21"
"Oldham","1","33","Kentucky","5/3/20","27","6","21185","22.22"
"Owen","0","1","Kentucky","5/3/20","0","1","21187","1"
"Owsley","0","2","Kentucky","5/3/20","3","-1","21189","-33.33"
"Pendleton","0","5","Kentucky","5/3/20","5","0","21191","0"
"Perry","1","14","Kentucky","5/3/20","6","8","21193","133.33"
"Pike","1","13","Kentucky","5/3/20","9","4","21195","44.44"
"Powell","0","1","Kentucky","5/3/20","1","0","21197","0"
"Pulaski","0","43","Kentucky","5/3/20","41","2","21199","4.88"
"Rockcastle","0","10","Kentucky","5/3/20","11","-1","21203","-9.09"
"Rowan","0","2","Kentucky","5/3/20","2","0","21205","0"
"Russell","0","16","Kentucky","5/3/20","16","0","21207","0"
"Scott","0","24","Kentucky","5/3/20","25","-1","21209","-4"
"Shelby","1","32","Kentucky","5/3/20","28","4","21211","14.29"
"Simpson","1","29","Kentucky","5/3/20","24","5","21213","20.83"
"Spencer","0","13","Kentucky","5/3/20","10","3","21215","30"
"Taylor","0","8","Kentucky","5/3/20","6","2","21217","33.33"
"Todd","0","12","Kentucky","5/3/20","11","1","21219","9.09"
"Trigg","1","9","Kentucky","5/3/20","5","4","21221","80"
"Trimble","0","3","Kentucky","5/3/20","3","0","21223","0"
"Union","0","8","Kentucky","5/3/20","8","0","21225","0"
"Warren","21","369","Kentucky","5/3/20","219","150","21227","68.49"
"Washington","0","5","Kentucky","5/3/20","5","0","21229","0"
"Wayne","0","7","Kentucky","5/3/20","6","1","21231","16.67"
"Webster","0","23","Kentucky","5/3/20","20","3","21233","15"
"Whitley","0","11","Kentucky","5/3/20","11","0","21235","0"
"Woodford","0","18","Kentucky","5/3/20","19","-1","21239","-5.26"
"Acadia","1","134","Louisiana","5/3/20","130","4","22001","3.08"
"Allen","1","90","Louisiana","5/3/20","82","8","22003","9.76"
"Ascension","11","644","Louisiana","5/3/20","568","76","22005","13.38"
"Assumption","3","197","Louisiana","5/3/20","173","24","22007","13.87"
"Avoyelles","1","74","Louisiana","5/3/20","69","5","22009","7.25"
"Beauregard","1","43","Louisiana","5/3/20","35","8","22011","22.86"
"Bienville","1","76","Louisiana","5/3/20","72","4","22013","5.56"
"Bossier","4","295","Louisiana","5/3/20","270","25","22015","9.26"
"Caddo","23","1610","Louisiana","5/3/20","1448","162","22017","11.19"
"Calcasieu","13","455","Louisiana","5/3/20","363","92","22019","25.34"
"Caldwell","2","31","Louisiana","5/3/20","17","14","22021","82.35"
"Cameron","0","3","Louisiana","5/3/20","3","0","22023","0"
"Catahoula","3","45","Louisiana","5/3/20","25","20","22025","80"
"Claiborne","1","58","Louisiana","5/3/20","52","6","22027","11.54"
"Concordia","1","39","Louisiana","5/3/20","30","9","22029","30"
"De Soto","2","198","Louisiana","5/3/20","185","13","22031","7.03"
"East Baton Rouge","50","2086","Louisiana","5/3/20","1739","347","22033","19.95"
"East Carroll","0","9","Louisiana","5/3/20","6","3","22035","50"
"East Feliciana","3","129","Louisiana","5/3/20","108","21","22037","19.44"
"Evangeline","2","59","Louisiana","5/3/20","45","14","22039","31.11"
"Franklin","2","131","Louisiana","5/3/20","116","15","22041","12.93"
"Grant","1","15","Louisiana","5/3/20","11","4","22043","36.36"
"Iberia","3","267","Louisiana","5/3/20","243","24","22045","9.88"
"Iberville","6","476","Louisiana","5/3/20","433","43","22047","9.93"
"Jackson","2","42","Louisiana","5/3/20","25","17","22049","68"
"Jefferson","47","6388","Louisiana","5/3/20","6059","329","22051","5.43"
"Jefferson Davis","1","64","Louisiana","5/3/20","59","5","22053","8.47"
"Lafayette","3","466","Louisiana","5/3/20","443","23","22055","5.19"
"Lafourche","6","669","Louisiana","5/3/20","624","45","22057","7.21"
"LaSalle","1","26","Louisiana","5/3/20","19","7","22059","36.84"
"Lincoln","3","90","Louisiana","5/3/20","72","18","22061","25"
"Livingston","8","238","Louisiana","5/3/20","182","56","22063","30.77"
"Madison","0","8","Louisiana","5/3/20","7","1","22065","14.29"
"Morehouse","1","55","Louisiana","5/3/20","46","9","22067","19.57"
"Natchitoches","2","87","Louisiana","5/3/20","73","14","22069","19.18"
"Orleans","28","6538","Louisiana","5/3/20","6342","196","22071","3.09"
"Ouachita","21","770","Louisiana","5/3/20","622","148","22073","23.79"
"Plaquemines","2","180","Louisiana","5/3/20","168","12","22075","7.14"
"Pointe Coupee","2","103","Louisiana","5/3/20","89","14","22077","15.73"
"Rapides","5","281","Louisiana","5/3/20","247","34","22079","13.77"
"Red River","1","32","Louisiana","5/3/20","22","10","22081","45.45"
"Richland","4","74","Louisiana","5/3/20","48","26","22083","54.17"
"Sabine","1","17","Louisiana","5/3/20","13","4","22085","30.77"
"St. Bernard","4","475","Louisiana","5/3/20","446","29","22087","6.5"
"St. Charles","6","582","Louisiana","5/3/20","542","40","22089","7.38"
"St. Helena","0","30","Louisiana","5/3/20","27","3","22091","11.11"
"St. James","2","250","Louisiana","5/3/20","239","11","22093","4.6"
"St. John the Baptist","3","772","Louisiana","5/3/20","749","23","22095","3.07"
"St. Landry","3","186","Louisiana","5/3/20","163","23","22097","14.11"
"St. Martin","3","244","Louisiana","5/3/20","221","23","22099","10.41"
"St. Mary","4","205","Louisiana","5/3/20","179","26","22101","14.53"
"St. Tammany","23","1325","Louisiana","5/3/20","1162","163","22103","14.03"
"Tangipahoa","8","584","Louisiana","5/3/20","528","56","22105","10.61"
"Tensas","0","2","Louisiana","5/3/20","1","1","22107","100"
"Terrebonne","13","459","Louisiana","5/3/20","371","88","22109","23.72"
"Union","5","135","Louisiana","5/3/20","102","33","22111","32.35"
"Vermilion","1","38","Louisiana","5/3/20","34","4","22113","11.76"
"Vernon","0","16","Louisiana","5/3/20","16","0","22115","0"
"Washington","6","285","Louisiana","5/3/20","245","40","22117","16.33"
"Webster","1","92","Louisiana","5/3/20","83","9","22119","10.84"
"West Baton Rouge","3","110","Louisiana","5/3/20","91","19","22121","20.88"
"West Carroll","0","4","Louisiana","5/3/20","4","0","22123","0"
"West Feliciana","7","149","Louisiana","5/3/20","103","46","22125","44.66"
"Winn","3","42","Louisiana","5/3/20","20","22","22127","110"
"Androscoggin","2","56","Maine","5/3/20","42","14","23001","33.33"
"Aroostook","0","5","Maine","5/3/20","4","1","23003","25"
"Cumberland","14","549","Maine","5/3/20","454","95","23005","20.93"
"Franklin","0","29","Maine","5/3/20","27","2","23007","7.41"
"Hancock","0","10","Maine","5/3/20","9","1","23009","11.11"
"Kennebec","1","105","Maine","5/3/20","101","4","23011","3.96"
"Knox","0","16","Maine","5/3/20","14","2","23013","14.29"
"Lincoln","0","13","Maine","5/3/20","12","1","23015","8.33"
"Oxford","0","15","Maine","5/3/20","15","0","23017","0"
"Penobscot","4","84","Maine","5/3/20","53","31","23019","58.49"
"Piscataquis","0","1","Maine","5/3/20","1","0","23021","0"
"Sagadahoc","0","19","Maine","5/3/20","18","1","23023","5.56"
"Somerset","0","17","Maine","5/3/20","17","0","23025","0"
"Waldo","0","49","Maine","5/3/20","48","1","23027","2.08"
"Washington","0","2","Maine","5/3/20","2","0","23029","0"
"York","3","215","Maine","5/3/20","196","19","23031","9.69"
"Allegany","2","124","Maryland","5/3/20","113","11","24001","9.73"
"Anne Arundel","64","1959","Maryland","5/3/20","1510","449","24003","29.74"
"Baltimore","113","3301","Maryland","5/3/20","2509","792","24005","31.57"
"Baltimore City","65","2319","Maryland","5/3/20","1866","453","24510","24.28"
"Calvert","4","162","Maryland","5/3/20","134","28","24009","20.9"
"Caroline","5","95","Maryland","5/3/20","63","32","24011","50.79"
"Carroll","15","494","Maryland","5/3/20","391","103","24013","26.34"
"Cecil","5","188","Maryland","5/3/20","154","34","24015","22.08"
"Charles","19","637","Maryland","5/3/20","504","133","24017","26.39"
"Dorchester","4","71","Maryland","5/3/20","46","25","24019","54.35"
"Frederick","24","1004","Maryland","5/3/20","834","170","24021","20.38"
"Garrett","0","4","Maryland","5/3/20","4","0","24023","0"
"Harford","23","479","Maryland","5/3/20","319","160","24025","50.16"
"Howard","37","969","Maryland","5/3/20","707","262","24027","37.06"
"Kent","3","91","Maryland","5/3/20","68","23","24029","33.82"
"Montgomery","215","5150","Maryland","5/3/20","3645","1505","24031","41.29"
"Prince George's","335","7333","Maryland","5/3/20","4987","2346","24033","47.04"
"Queen Anne's","1","60","Maryland","5/3/20","53","7","24035","13.21"
"Somerset","2","33","Maryland","5/3/20","16","17","24039","106.25"
"St. Mary's","5","165","Maryland","5/3/20","133","32","24037","24.06"
"Talbot","1","44","Maryland","5/3/20","34","10","24041","29.41"
"Washington","8","232","Maryland","5/3/20","173","59","24043","34.1"
"Wicomico","29","473","Maryland","5/3/20","270","203","24045","75.19"
"Worcester","4","75","Maryland","5/3/20","48","27","24047","56.25"
"Barnstable","28","981","Massachusetts","5/3/20","787","194","25001","24.65"
"Berkshire","3","458","Massachusetts","5/3/20","435","23","25003","5.29"
"Bristol","159","4083","Massachusetts","5/3/20","2967","1116","25005","37.61"
"Dukes and Nantucket","1","34","Massachusetts","5/3/20","27","7","00000","25.93"
"Essex","300","9705","Massachusetts","5/3/20","7606","2099","25009","27.6"
"Franklin","6","275","Massachusetts","5/3/20","231","44","25011","19.05"
"Hampden","113","4121","Massachusetts","5/3/20","3332","789","25013","23.68"
"Hampshire","19","573","Massachusetts","5/3/20","440","133","25015","30.23"
"Middlesex","398","15614","Massachusetts","5/3/20","12826","2788","25017","21.74"
"Norfolk","152","6472","Massachusetts","5/3/20","5407","1065","25021","19.7"
"Plymouth","154","5643","Massachusetts","5/3/20","4562","1081","25023","23.7"
"Suffolk","327","13963","Massachusetts","5/3/20","11674","2289","25025","19.61"
"Worcester","249","6382","Massachusetts","5/3/20","4642","1740","25027","37.48"
"Alcona","0","7","Michigan","5/3/20","6","1","26001","16.67"
"Allegan","7","138","Michigan","5/3/20","88","50","26005","56.82"
"Alpena","3","90","Michigan","5/3/20","67","23","26007","34.33"
"Antrim","0","11","Michigan","5/3/20","11","0","26009","0"
"Arenac","2","32","Michigan","5/3/20","20","12","26011","60"
"Baraga","0","1","Michigan","5/3/20","0","1","26013","1"
"Barry","2","50","Michigan","5/3/20","39","11","26015","28.21"
"Bay","7","185","Michigan","5/3/20","136","49","26017","36.03"
"Benzie","0","4","Michigan","5/3/20","4","0","26019","0"
"Berrien","13","406","Michigan","5/3/20","317","89","26021","28.08"
"Branch","3","73","Michigan","5/3/20","53","20","26023","37.74"
"Calhoun","6","266","Michigan","5/3/20","225","41","26025","18.22"
"Cass","1","41","Michigan","5/3/20","35","6","26027","17.14"
"Charlevoix","0","14","Michigan","5/3/20","14","0","26029","0"
"Cheboygan","0","24","Michigan","5/3/20","22","2","26031","9.09"
"Chippewa","0","3","Michigan","5/3/20","3","0","26033","0"
"Clare","0","11","Michigan","5/3/20","10","1","26035","10"
"Clinton","2","129","Michigan","5/3/20","115","14","26037","12.17"
"Crawford","1","60","Michigan","5/3/20","50","10","26039","20"
"Delta","0","14","Michigan","5/3/20","13","1","26041","7.69"
"Dickinson","0","4","Michigan","5/3/20","3","1","26043","33.33"
"Eaton","4","154","Michigan","5/3/20","129","25","26045","19.38"
"Emmet","0","25","Michigan","5/3/20","25","0","26047","0"
"Federal Correctional Institution (FCI)","2","95","Michigan","5/3/20","81","14","00000","17.28"
"Genesee","31","1767","Michigan","5/3/20","1551","216","26049","13.93"
"Gladwin","0","14","Michigan","5/3/20","11","3","26051","27.27"
"Gogebic","0","4","Michigan","5/3/20","4","0","26053","0"
"Grand Traverse","0","20","Michigan","5/3/20","20","0","26055","0"
"Gratiot","3","28","Michigan","5/3/20","9","19","26057","211.11"
"Hillsdale","3","133","Michigan","5/3/20","115","18","26059","15.65"
"Houghton","0","2","Michigan","5/3/20","2","0","26061","0"
"Huron","1","29","Michigan","5/3/20","19","10","26063","52.63"
"Ingham","15","526","Michigan","5/3/20","424","102","26065","24.06"
"Ionia","7","98","Michigan","5/3/20","47","51","26067","108.51"
"Iosco","3","63","Michigan","5/3/20","43","20","26069","46.51"
"Isabella","1","76","Michigan","5/3/20","70","6","26073","8.57"
"Jackson","5","382","Michigan","5/3/20","345","37","26075","10.72"
"Kalamazoo","25","492","Michigan","5/3/20","319","173","26077","54.23"
"Kalkaska","0","28","Michigan","5/3/20","27","1","26079","3.7"
"Kent","113","1929","Michigan","5/3/20","1139","790","26081","69.36"
"Lake","0","3","Michigan","5/3/20","3","0","26085","0"
"Lapeer","1","181","Michigan","5/3/20","175","6","26087","3.43"
"Leelanau","0","9","Michigan","5/3/20","9","0","26089","0"
"Lenawee","4","133","Michigan","5/3/20","104","29","26091","27.88"
"Livingston","8","420","Michigan","5/3/20","366","54","26093","14.75"
"Luce","0","1","Michigan","5/3/20","1","0","26095","0"
"Mackinac","0","6","Michigan","5/3/20","5","1","26097","20"
"Macomb","83","5807","Michigan","5/3/20","5228","579","26099","11.07"
"Manistee","0","12","Michigan","5/3/20","12","0","26101","0"
"Marquette","1","50","Michigan","5/3/20","42","8","26103","19.05"
"Mason","1","15","Michigan","5/3/20","8","7","26105","87.5"
"Mecosta","0","17","Michigan","5/3/20","17","0","26107","0"
"Menominee","0","5","Michigan","5/3/20","3","2","26109","66.67"
"Michigan Department of Corrections (MDOC)","116","1844","Michigan","5/3/20","1031","813","00000","78.86"
"Midland","2","91","Michigan","5/3/20","79","12","26111","15.19"
"Missaukee","0","22","Michigan","5/3/20","19","3","26113","15.79"
"Monroe","7","333","Michigan","5/3/20","287","46","26115","16.03"
"Montcalm","2","46","Michigan","5/3/20","33","13","26117","39.39"
"Montmorency","0","5","Michigan","5/3/20","5","0","26119","0"
"Muskegon","11","305","Michigan","5/3/20","228","77","26121","33.77"
"Newaygo","2","28","Michigan","5/3/20","17","11","26123","64.71"
"Oakland","108","8295","Michigan","5/3/20","7537","758","26125","10.06"
"Oceana","2","20","Michigan","5/3/20","9","11","26127","122.22"
"Ogemaw","1","18","Michigan","5/3/20","13","5","26129","38.46"
"Osceola","0","10","Michigan","5/3/20","10","0","26133","0"
"Oscoda","0","6","Michigan","5/3/20","4","2","26135","50"
"Otsego","1","110","Michigan","5/3/20","104","6","26137","5.77"
"Ottawa","21","359","Michigan","5/3/20","213","146","26139","68.54"
"Out of MI","-1","18","Michigan","5/3/20","27","-9","80026","-33.33"
"Presque Isle","0","11","Michigan","5/3/20","10","1","26141","10"
"Roscommon","1","19","Michigan","5/3/20","15","4","26143","26.67"
"Saginaw","24","731","Michigan","5/3/20","564","167","26145","29.61"
"Sanilac","0","38","Michigan","5/3/20","35","3","26151","8.57"
"Schoolcraft","0","3","Michigan","5/3/20","3","0","26153","0"
"Shiawassee","8","198","Michigan","5/3/20","142","56","26155","39.44"
"St. Clair","5","379","Michigan","5/3/20","345","34","26147","9.86"
"St. Joseph","1","37","Michigan","5/3/20","29","8","26149","27.59"
"Tuscola","4","115","Michigan","5/3/20","84","31","26157","36.9"
"Van Buren","4","77","Michigan","5/3/20","48","29","26159","60.42"
"Washtenaw","17","1228","Michigan","5/3/20","1108","120","26161","10.83"
"Wayne","236","17593","Michigan","5/3/20","15944","1649","26163","10.34"
"Wexford","0","11","Michigan","5/3/20","10","1","26165","10"
"Aitkin","0","1","Minnesota","5/3/20","1","0","27001","0"
"Anoka","17","281","Minnesota","5/3/20","165","116","27003","70.3"
"Becker","1","10","Minnesota","5/3/20","2","8","27005","400"
"Beltrami","0","6","Minnesota","5/3/20","6","0","27007","0"
"Benton","4","32","Minnesota","5/3/20","4","28","27009","700"
"Big Stone","0","2","Minnesota","5/3/20","2","0","27011","0"
"Blue Earth","2","46","Minnesota","5/3/20","29","17","27013","58.62"
"Brown","0","8","Minnesota","5/3/20","8","0","27015","0"
"Carlton","1","60","Minnesota","5/3/20","51","9","27017","17.65"
"Carver","1","26","Minnesota","5/3/20","17","9","27019","52.94"
"Cass","0","7","Minnesota","5/3/20","5","2","27021","40"
"Chippewa","0","3","Minnesota","5/3/20","2","1","27023","50"
"Chisago","1","13","Minnesota","5/3/20","7","6","27025","85.71"
"Clay","7","176","Minnesota","5/3/20","125","51","27027","40.8"
"Clearwater","0","2","Minnesota","5/3/20","2","0","27029","0"
"Cottonwood","3","28","Minnesota","5/3/20","6","22","27033","366.67"
"Crow Wing","0","21","Minnesota","5/3/20","20","1","27035","5"
"Dakota","8","202","Minnesota","5/3/20","143","59","27037","41.26"
"Dodge","0","22","Minnesota","5/3/20","19","3","27039","15.79"
"Douglas","0","3","Minnesota","5/3/20","2","1","27041","50"
"Faribault","0","6","Minnesota","5/3/20","4","2","27043","50"
"Fillmore","0","13","Minnesota","5/3/20","12","1","27045","8.33"
"Freeborn","0","35","Minnesota","5/3/20","33","2","27047","6.06"
"Goodhue","0","21","Minnesota","5/3/20","19","2","27049","10.53"
"Grant","0","1","Minnesota","5/3/20","0","1","27051","1"
"Hennepin","117","2151","Minnesota","5/3/20","1332","819","27053","61.49"
"Houston","0","1","Minnesota","5/3/20","1","0","27055","0"
"Isanti","0","6","Minnesota","5/3/20","6","0","27059","0"
"Itasca","1","11","Minnesota","5/3/20","2","9","27061","450"
"Jackson","2","18","Minnesota","5/3/20","7","11","27063","157.14"
"Kanabec","0","1","Minnesota","5/3/20","0","1","27065","1"
"Kandiyohi","19","167","Minnesota","5/3/20","35","132","27067","377.14"
"Kittson","0","1","Minnesota","5/3/20","1","0","27069","0"
"Koochiching","0","1","Minnesota","5/3/20","1","0","27071","0"
"Lac qui Parle","0","1","Minnesota","5/3/20","1","0","27073","0"
"Le Sueur","1","26","Minnesota","5/3/20","22","4","27079","18.18"
"Lincoln","0","3","Minnesota","5/3/20","2","1","27081","50"
"Lyon","0","9","Minnesota","5/3/20","6","3","27083","50"
"Mahnomen","0","2","Minnesota","5/3/20","1","1","27087","100"
"Marshall","1","5","Minnesota","5/3/20","1","4","27089","400"
"Martin","9","109","Minnesota","5/3/20","43","66","27091","153.49"
"McLeod","0","4","Minnesota","5/3/20","3","1","27085","33.33"
"Meeker","1","15","Minnesota","5/3/20","6","9","27093","150"
"Mille Lacs","0","2","Minnesota","5/3/20","1","1","27095","100"
"Morrison","1","6","Minnesota","5/3/20","1","5","27097","500"
"Mower","0","28","Minnesota","5/3/20","28","0","27099","0"
"Murray","1","17","Minnesota","5/3/20","8","9","27101","112.5"
"Nicollet","1","15","Minnesota","5/3/20","9","6","27103","66.67"
"Nobles","84","940","Minnesota","5/3/20","352","588","27105","167.05"
"Norman","0","8","Minnesota","5/3/20","7","1","27107","14.29"
"Olmsted","8","293","Minnesota","5/3/20","239","54","27109","22.59"
"Otter Tail","1","17","Minnesota","5/3/20","8","9","27111","112.5"
"Pennington","0","1","Minnesota","5/3/20","1","0","27113","0"
"Pine","1","58","Minnesota","5/3/20","52","6","27115","11.54"
"Pipestone","0","3","Minnesota","5/3/20","2","1","27117","50"
"Polk","3","41","Minnesota","5/3/20","23","18","27119","78.26"
"Ramsey","31","493","Minnesota","5/3/20","278","215","27123","77.34"
"Red Lake","0","1","Minnesota","5/3/20","1","0","27125","0"
"Redwood","0","3","Minnesota","5/3/20","1","2","27127","200"
"Renville","0","5","Minnesota","5/3/20","3","2","27129","66.67"
"Rice","2","20","Minnesota","5/3/20","9","11","27131","122.22"
"Rock","2","16","Minnesota","5/3/20","5","11","27133","220"
"Roseau","0","1","Minnesota","5/3/20","1","0","27135","0"
"Scott","4","58","Minnesota","5/3/20","32","26","27139","81.25"
"Sherburne","5","54","Minnesota","5/3/20","16","38","27141","237.5"
"Sibley","0","2","Minnesota","5/3/20","1","1","27143","100"
"St. Louis","2","75","Minnesota","5/3/20","61","14","27137","22.95"
"Stearns","79","589","Minnesota","5/3/20","38","551","27145","1450"
"Steele","1","21","Minnesota","5/3/20","12","9","27147","75"
"Swift","0","2","Minnesota","5/3/20","1","1","27151","100"
"Todd","1","8","Minnesota","5/3/20","3","5","27153","166.67"
"Traverse","0","2","Minnesota","5/3/20","2","0","27155","0"
"Wabasha","0","10","Minnesota","5/3/20","8","2","27157","25"
"Wadena","0","1","Minnesota","5/3/20","0","1","27159","1"
"Waseca","0","6","Minnesota","5/3/20","3","3","27161","100"
"Washington","5","146","Minnesota","5/3/20","113","33","27163","29.2"
"Watonwan","1","14","Minnesota","5/3/20","7","7","27165","100"
"Wilkin","0","11","Minnesota","5/3/20","11","0","27167","0"
"Winona","0","67","Minnesota","5/3/20","66","1","27169","1.52"
"Wright","2","50","Minnesota","5/3/20","33","17","27171","51.52"
"Yellow Medicine","0","3","Minnesota","5/3/20","3","0","27173","0"
"Adams","5","148","Mississippi","5/3/20","113","35","28001","30.97"
"Alcorn","0","10","Mississippi","5/3/20","9","1","28003","11.11"
"Amite","1","28","Mississippi","5/3/20","23","5","28005","21.74"
"Attala","5","117","Mississippi","5/3/20","82","35","28007","42.68"
"Benton","0","12","Mississippi","5/3/20","9","3","28009","33.33"
"Bolivar","2","107","Mississippi","5/3/20","96","11","28011","11.46"
"Calhoun","1","55","Mississippi","5/3/20","50","5","28013","10"
"Carroll","6","62","Mississippi","5/3/20","18","44","28015","244.44"
"Chickasaw","2","76","Mississippi","5/3/20","63","13","28017","20.63"
"Choctaw","0","13","Mississippi","5/3/20","13","0","28019","0"
"Claiborne","1","28","Mississippi","5/3/20","19","9","28021","47.37"
"Clarke","2","61","Mississippi","5/3/20","46","15","28023","32.61"
"Clay","2","48","Mississippi","5/3/20","31","17","28025","54.84"
"Coahoma","2","69","Mississippi","5/3/20","56","13","28027","23.21"
"Copiah","6","116","Mississippi","5/3/20","71","45","28029","63.38"
"Covington","2","66","Mississippi","5/3/20","50","16","28031","32"
"DeSoto","5","298","Mississippi","5/3/20","261","37","28033","14.18"
"Forrest","6","232","Mississippi","5/3/20","190","42","28035","22.11"
"Franklin","0","17","Mississippi","5/3/20","16","1","28037","6.25"
"George","0","14","Mississippi","5/3/20","11","3","28039","27.27"
"Greene","0","5","Mississippi","5/3/20","4","1","28041","25"
"Grenada","1","34","Mississippi","5/3/20","27","7","28043","25.93"
"Hancock","1","68","Mississippi","5/3/20","60","8","28045","13.33"
"Harrison","3","181","Mississippi","5/3/20","158","23","28047","14.56"
"Hinds","13","507","Mississippi","5/3/20","415","92","28049","22.17"
"Holmes","8","161","Mississippi","5/3/20","105","56","28051","53.33"
"Humphreys","1","24","Mississippi","5/3/20","14","10","28053","71.43"
"Itawamba","4","63","Mississippi","5/3/20","37","26","28057","70.27"
"Jackson","4","267","Mississippi","5/3/20","238","29","28059","12.18"
"Jasper","3","55","Mississippi","5/3/20","31","24","28061","77.42"
"Jefferson","2","22","Mississippi","5/3/20","9","13","28063","144.44"
"Jefferson Davis","2","40","Mississippi","5/3/20","25","15","28065","60"
"Jones","8","172","Mississippi","5/3/20","118","54","28067","45.76"
"Kemper","5","76","Mississippi","5/3/20","43","33","28069","76.74"
"Lafayette","0","91","Mississippi","5/3/20","88","3","28071","3.41"
"Lamar","4","117","Mississippi","5/3/20","89","28","28073","31.46"
"Lauderdale","12","380","Mississippi","5/3/20","295","85","28075","28.81"
"Lawrence","2","50","Mississippi","5/3/20","35","15","28077","42.86"
"Leake","11","233","Mississippi","5/3/20","158","75","28079","47.47"
"Lee","0","71","Mississippi","5/3/20","72","-1","28081","-1.39"
"Leflore","5","168","Mississippi","5/3/20","136","32","28083","23.53"
"Lincoln","2","151","Mississippi","5/3/20","136","15","28085","11.03"
"Lowndes","3","60","Mississippi","5/3/20","41","19","28087","46.34"
"Madison","11","272","Mississippi","5/3/20","194","78","28089","40.21"
"Marion","2","75","Mississippi","5/3/20","58","17","28091","29.31"
"Marshall","1","47","Mississippi","5/3/20","41","6","28093","14.63"
"Monroe","6","175","Mississippi","5/3/20","134","41","28095","30.6"
"Montgomery","2","32","Mississippi","5/3/20","19","13","28097","68.42"
"Neshoba","9","214","Mississippi","5/3/20","153","61","28099","39.87"
"Newton","5","93","Mississippi","5/3/20","61","32","28101","52.46"
"Noxubee","5","79","Mississippi","5/3/20","46","33","28103","71.74"
"Oktibbeha","1","52","Mississippi","5/3/20","46","6","28105","13.04"
"Panola","0","40","Mississippi","5/3/20","37","3","28107","8.11"
"Pearl River","4","177","Mississippi","5/3/20","152","25","28109","16.45"
"Perry","0","29","Mississippi","5/3/20","26","3","28111","11.54"
"Pike","3","155","Mississippi","5/3/20","136","19","28113","13.97"
"Pontotoc","1","22","Mississippi","5/3/20","18","4","28115","22.22"
"Prentiss","0","32","Mississippi","5/3/20","30","2","28117","6.67"
"Quitman","0","15","Mississippi","5/3/20","14","1","28119","7.14"
"Rankin","5","200","Mississippi","5/3/20","167","33","28121","19.76"
"Scott","16","358","Mississippi","5/3/20","249","109","28123","43.78"
"Sharkey","0","5","Mississippi","5/3/20","4","1","28125","25"
"Simpson","1","48","Mississippi","5/3/20","40","8","28127","20"
"Smith","3","79","Mississippi","5/3/20","60","19","28129","31.67"
"Stone","0","22","Mississippi","5/3/20","22","0","28131","0"
"Sunflower","1","56","Mississippi","5/3/20","51","5","28133","9.8"
"Tallahatchie","0","12","Mississippi","5/3/20","11","1","28135","9.09"
"Tate","1","43","Mississippi","5/3/20","38","5","28137","13.16"
"Tippah","1","57","Mississippi","5/3/20","52","5","28139","9.62"
"Tishomingo","0","8","Mississippi","5/3/20","7","1","28141","14.29"
"Tunica","0","36","Mississippi","5/3/20","35","1","28143","2.86"
"Union","2","27","Mississippi","5/3/20","15","12","28145","80"
"Walthall","1","33","Mississippi","5/3/20","28","5","28147","17.86"
"Warren","5","81","Mississippi","5/3/20","47","34","28149","72.34"
"Washington","0","77","Mississippi","5/3/20","78","-1","28151","-1.28"
"Wayne","1","24","Mississippi","5/3/20","19","5","28153","26.32"
"Webster","0","19","Mississippi","5/3/20","16","3","28155","18.75"
"Wilkinson","0","69","Mississippi","5/3/20","68","1","28157","1.47"
"Winston","1","47","Mississippi","5/3/20","38","9","28159","23.68"
"Yalobusha","0","20","Mississippi","5/3/20","18","2","28161","11.11"
"Yazoo","4","147","Mississippi","5/3/20","122","25","28163","20.49"
"Adair","0","12","Missouri","5/3/20","12","0","29001","0"
"Andrew","1","5","Missouri","5/3/20","1","4","29003","400"
"Atchison","0","2","Missouri","5/3/20","2","0","29005","0"
"Audrain","0","1","Missouri","5/3/20","1","0","29007","0"
"Barry","0","6","Missouri","5/3/20","6","0","29009","0"
"Bates","0","6","Missouri","5/3/20","6","0","29013","0"
"Benton","1","8","Missouri","5/3/20","4","4","29015","100"
"Bollinger","0","4","Missouri","5/3/20","4","0","29017","0"
"Boone","1","102","Missouri","5/3/20","98","4","29019","4.08"
"Buchanan","25","229","Missouri","5/3/20","57","172","29021","301.75"
"Butler","0","26","Missouri","5/3/20","26","0","29023","0"
"Caldwell","0","3","Missouri","5/3/20","2","1","29025","50"
"Callaway","0","23","Missouri","5/3/20","21","2","29027","9.52"
"Camden","0","35","Missouri","5/3/20","35","0","29029","0"
"Cape Girardeau","0","49","Missouri","5/3/20","47","2","29031","4.26"
"Carroll","0","3","Missouri","5/3/20","3","0","29033","0"
"Carter","0","3","Missouri","5/3/20","3","0","29035","0"
"Cass","1","63","Missouri","5/3/20","58","5","29037","8.62"
"Cedar","0","5","Missouri","5/3/20","5","0","29039","0"
"Chariton","0","5","Missouri","5/3/20","5","0","29041","0"
"Christian","0","19","Missouri","5/3/20","19","0","29043","0"
"Clark","0","1","Missouri","5/3/20","1","0","29045","0"
"Clay","1","76","Missouri","5/3/20","67","9","29047","13.43"
"Clinton","0","11","Missouri","5/3/20","11","0","29049","0"
"Cole","1","54","Missouri","5/3/20","50","4","29051","8"
"Cooper","0","9","Missouri","5/3/20","7","2","29053","28.57"
"Crawford","0","8","Missouri","5/3/20","7","1","29055","14.29"
"Dallas","0","2","Missouri","5/3/20","2","0","29059","0"
"Daviess","0","3","Missouri","5/3/20","2","1","29061","50"
"DeKalb","0","3","Missouri","5/3/20","3","0","29063","0"
"Dunklin","0","23","Missouri","5/3/20","20","3","29069","15"
"Franklin","2","122","Missouri","5/3/20","106","16","29071","15.09"
"Gasconade","0","3","Missouri","5/3/20","2","1","29073","50"
"Gentry","0","1","Missouri","5/3/20","1","0","29075","0"
"Greene","1","97","Missouri","5/3/20","93","4","29077","4.3"
"Harrison","0","6","Missouri","5/3/20","6","0","29081","0"
"Henry","0","7","Missouri","5/3/20","8","-1","29083","-12.5"
"Holt","0","1","Missouri","5/3/20","1","0","29087","0"
"Howard","0","2","Missouri","5/3/20","2","0","29089","0"
"Howell","0","5","Missouri","5/3/20","5","0","29091","0"
"Iron","0","2","Missouri","5/3/20","2","0","29093","0"
"Jackson","5","342","Missouri","5/3/20","307","35","29095","11.4"
"Jasper","0","25","Missouri","5/3/20","24","1","29097","4.17"
"Jefferson","4","285","Missouri","5/3/20","258","27","29099","10.47"
"Johnson","1","59","Missouri","5/3/20","53","6","29101","11.32"
"Kansas City","17","609","Missouri","5/3/20","493","116","00000","23.53"
"Lafayette","1","42","Missouri","5/3/20","35","7","29107","20"
"Lewis","0","6","Missouri","5/3/20","6","0","29111","0"
"Lincoln","0","70","Missouri","5/3/20","68","2","29113","2.94"
"Linn","0","5","Missouri","5/3/20","5","0","29115","0"
"Livingston","0","2","Missouri","5/3/20","2","0","29117","0"
"Macon","0","2","Missouri","5/3/20","2","0","29121","0"
"Madison","0","1","Missouri","5/3/20","1","0","29123","0"
"Maries","0","2","Missouri","5/3/20","2","0","29125","0"
"Marion","0","5","Missouri","5/3/20","5","0","29127","0"
"McDonald","0","4","Missouri","5/3/20","4","0","29119","0"
"Miller","0","2","Missouri","5/3/20","1","1","29131","100"
"Mississippi","1","29","Missouri","5/3/20","23","6","29133","26.09"
"Moniteau","-1","52","Missouri","5/3/20","59","-7","29135","-11.86"
"Montgomery","0","7","Missouri","5/3/20","7","0","29139","0"
"Morgan","0","5","Missouri","5/3/20","3","2","29141","66.67"
"New Madrid","0","10","Missouri","5/3/20","9","1","29143","11.11"
"Newton","0","10","Missouri","5/3/20","10","0","29145","0"
"Nodaway","0","4","Missouri","5/3/20","3","1","29147","33.33"
"Oregon","0","2","Missouri","5/3/20","1","1","29149","100"
"Osage","0","5","Missouri","5/3/20","5","0","29151","0"
"Pemiscot","2","32","Missouri","5/3/20","18","14","29155","77.78"
"Perry","0","43","Missouri","5/3/20","41","2","29157","4.88"
"Pettis","2","43","Missouri","5/3/20","27","16","29159","59.26"
"Phelps","0","2","Missouri","5/3/20","2","0","29161","0"
"Pike","0","11","Missouri","5/3/20","8","3","29163","37.5"
"Platte","0","34","Missouri","5/3/20","31","3","29165","9.68"
"Polk","0","1","Missouri","5/3/20","1","0","29167","0"
"Pulaski","0","36","Missouri","5/3/20","33","3","29169","9.09"
"Ralls","0","1","Missouri","5/3/20","1","0","29173","0"
"Randolph","0","8","Missouri","5/3/20","8","0","29175","0"
"Ray","0","12","Missouri","5/3/20","11","1","29177","9.09"
"Reynolds","0","2","Missouri","5/3/20","2","0","29179","0"
"Ripley","0","5","Missouri","5/3/20","5","0","29181","0"
"Saline","5","199","Missouri","5/3/20","162","37","29195","22.84"
"Scotland","0","4","Missouri","5/3/20","4","0","29199","0"
"Scott","2","76","Missouri","5/3/20","61","15","29201","24.59"
"Shelby","0","1","Missouri","5/3/20","1","0","29205","0"
"St. Charles","12","608","Missouri","5/3/20","526","82","29183","15.59"
"St. Clair","0","2","Missouri","5/3/20","2","0","29185","0"
"St. Francois","0","28","Missouri","5/3/20","28","0","29187","0"
"St. Louis","79","3527","Missouri","5/3/20","2972","555","29189","18.67"
"St. Louis City","38","1304","Missouri","5/3/20","1037","267","29510","25.75"
"Ste. Genevieve","0","8","Missouri","5/3/20","7","1","29186","14.29"
"Stoddard","0","20","Missouri","5/3/20","19","1","29207","5.26"
"Stone","0","3","Missouri","5/3/20","3","0","29209","0"
"Taney","0","12","Missouri","5/3/20","10","2","29213","20"
"Vernon","0","4","Missouri","5/3/20","4","0","29217","0"
"Warren","0","22","Missouri","5/3/20","22","0","29219","0"
"Washington","0","8","Missouri","5/3/20","8","0","29221","0"
"Webster","0","15","Missouri","5/3/20","13","2","29225","15.38"
"Worth","0","1","Missouri","5/3/20","1","0","29227","0"
"Wright","0","10","Missouri","5/3/20","9","1","29229","11.11"
"Beaverhead","0","1","Montana","5/3/20","1","0","30001","0"
"Big Horn","0","3","Montana","5/3/20","3","0","30003","0"
"Broadwater","0","4","Montana","5/3/20","4","0","30007","0"
"Carbon","0","6","Montana","5/3/20","6","0","30009","0"
"Cascade","0","15","Montana","5/3/20","14","1","30013","7.14"
"Deer Lodge","0","3","Montana","5/3/20","3","0","30023","0"
"Fergus","0","1","Montana","5/3/20","0","1","30027","1"
"Flathead","0","37","Montana","5/3/20","37","0","30029","0"
"Gallatin","0","146","Montana","5/3/20","146","0","30031","0"
"Glacier","0","6","Montana","5/3/20","6","0","30035","0"
"Golden Valley","0","3","Montana","5/3/20","3","0","30037","0"
"Hill","0","1","Montana","5/3/20","1","0","30041","0"
"Jefferson","0","2","Montana","5/3/20","2","0","30043","0"
"Lake","0","5","Montana","5/3/20","5","0","30047","0"
"Lewis and Clark","0","16","Montana","5/3/20","16","0","30049","0"
"Liberty","0","1","Montana","5/3/20","1","0","30051","0"
"Lincoln","0","7","Montana","5/3/20","7","0","30053","0"
"Madison","0","8","Montana","5/3/20","8","0","30057","0"
"Meagher","0","1","Montana","5/3/20","1","0","30059","0"
"Missoula","0","39","Montana","5/3/20","39","0","30063","0"
"Musselshell","0","1","Montana","5/3/20","1","0","30065","0"
"Park","0","8","Montana","5/3/20","7","1","30067","14.29"
"Pondera","0","2","Montana","5/3/20","2","0","30073","0"
"Ravalli","0","5","Montana","5/3/20","5","0","30081","0"
"Richland","0","3","Montana","5/3/20","3","0","30083","0"
"Roosevelt","0","7","Montana","5/3/20","7","0","30085","0"
"Silver Bow","0","11","Montana","5/3/20","11","0","30093","0"
"Stillwater","0","1","Montana","5/3/20","1","0","30095","0"
"Toole","0","29","Montana","5/3/20","29","0","30101","0"
"Wheatland","0","1","Montana","5/3/20","1","0","30107","0"
"Yellowstone","1","82","Montana","5/3/20","78","4","30111","5.13"
"Adams","11","203","Nebraska","5/3/20","129","74","31001","57.36"
"Antelope","0","3","Nebraska","5/3/20","2","1","31003","50"
"Box Butte","0","1","Nebraska","5/3/20","1","0","31013","0"
"Buffalo","4","114","Nebraska","5/3/20","86","28","31019","32.56"
"Burt","0","5","Nebraska","5/3/20","2","3","31021","150"
"Butler","1","6","Nebraska","5/3/20","2","4","31023","200"
"Cass","0","6","Nebraska","5/3/20","4","2","31025","50"
"Cedar","1","4","Nebraska","5/3/20","0","4","31027","1"
"Cherry","0","1","Nebraska","5/3/20","1","0","31031","0"
"Cheyenne","0","7","Nebraska","5/3/20","5","2","31033","40"
"Clay","1","12","Nebraska","5/3/20","4","8","31035","200"
"Colfax","20","161","Nebraska","5/3/20","20","141","31037","705"
"Cuming","1","7","Nebraska","5/3/20","3","4","31039","133.33"
"Custer","1","26","Nebraska","5/3/20","22","4","31041","18.18"
"Dakota","82","980","Nebraska","5/3/20","403","577","31043","143.18"
"Dawes","0","0","Nebraska","5/3/20","2","-2","31045","-100"
"Dawson","25","543","Nebraska","5/3/20","367","176","31047","47.96"
"Dixon","2","13","Nebraska","5/3/20","2","11","31051","550"
"Dodge","9","111","Nebraska","5/3/20","45","66","31053","146.67"
"Douglas","66","878","Nebraska","5/3/20","419","459","31055","109.55"
"Fillmore","0","2","Nebraska","5/3/20","1","1","31059","100"
"Franklin","0","5","Nebraska","5/3/20","3","2","31061","66.67"
"Frontier","0","1","Nebraska","5/3/20","0","1","31063","1"
"Furnas","0","4","Nebraska","5/3/20","2","2","31065","100"
"Gage","1","38","Nebraska","5/3/20","29","9","31067","31.03"
"Gosper","0","11","Nebraska","5/3/20","8","3","31073","37.5"
"Greeley","0","2","Nebraska","5/3/20","1","1","31077","100"
"Hall","54","1256","Nebraska","5/3/20","876","380","31079","43.38"
"Hamilton","0","45","Nebraska","5/3/20","46","-1","31081","-2.17"
"Hitchcock","0","1","Nebraska","5/3/20","0","1","31087","1"
"Holt","0","1","Nebraska","5/3/20","0","1","31089","1"
"Howard","1","17","Nebraska","5/3/20","12","5","31093","41.67"
"Jefferson","0","4","Nebraska","5/3/20","1","3","31095","300"
"Johnson","0","4","Nebraska","5/3/20","4","0","31097","0"
"Kearney","0","4","Nebraska","5/3/20","4","0","31099","0"
"Keith","0","1","Nebraska","5/3/20","0","1","31101","1"
"Kimball","0","9","Nebraska","5/3/20","9","0","31105","0"
"Knox","0","2","Nebraska","5/3/20","2","0","31107","0"
"Lancaster","27","330","Nebraska","5/3/20","140","190","31109","135.71"
"Lincoln","2","33","Nebraska","5/3/20","20","13","31111","65"
"Madison","12","149","Nebraska","5/3/20","65","84","31119","129.23"
"Merrick","1","19","Nebraska","5/3/20","10","9","31121","90"
"Morrill","0","1","Nebraska","5/3/20","1","0","31123","0"
"Nance","0","3","Nebraska","5/3/20","1","2","31125","200"
"Nemaha","0","1","Nebraska","5/3/20","1","0","31127","0"
"Otoe","0","2","Nebraska","5/3/20","1","1","31131","100"
"Phelps","1","6","Nebraska","5/3/20","1","5","31137","500"
"Pierce","0","1","Nebraska","5/3/20","1","0","31139","0"
"Platte","19","157","Nebraska","5/3/20","27","130","31141","481.48"
"Polk","1","9","Nebraska","5/3/20","5","4","31143","80"
"Red Willow","0","3","Nebraska","5/3/20","1","2","31145","200"
"Saline","22","212","Nebraska","5/3/20","60","152","31151","253.33"
"Sarpy","8","142","Nebraska","5/3/20","87","55","31153","63.22"
"Saunders","0","9","Nebraska","5/3/20","9","0","31155","0"
"Scotts Bluff","1","34","Nebraska","5/3/20","27","7","31157","25.93"
"Seward","0","8","Nebraska","5/3/20","6","2","31159","33.33"
"Sherman","0","2","Nebraska","5/3/20","1","1","31163","100"
"Stanton","0","5","Nebraska","5/3/20","2","3","31167","150"
"Thurston","1","6","Nebraska","5/3/20","1","5","31173","500"
"Valley","0","1","Nebraska","5/3/20","0","1","31175","1"
"Washington","0","22","Nebraska","5/3/20","22","0","31177","0"
"Wayne","0","1","Nebraska","5/3/20","1","0","31179","0"
"Webster","0","5","Nebraska","5/3/20","3","2","31181","66.67"
"York","0","12","Nebraska","5/3/20","10","2","31185","20"
"Carson City","2","48","Nevada","5/3/20","37","11","32510","29.73"
"Churchill","0","3","Nevada","5/3/20","3","0","32001","0"
"Clark","87","4274","Nevada","5/3/20","3665","609","32003","16.62"
"Douglas","0","21","Nevada","5/3/20","19","2","32005","10.53"
"Elko","0","15","Nevada","5/3/20","12","3","32007","25"
"Humboldt","2","49","Nevada","5/3/20","36","13","32013","36.11"
"Lander","1","7","Nevada","5/3/20","1","6","32015","600"
"Lyon","1","34","Nevada","5/3/20","26","8","32019","30.77"
"Mineral","0","4","Nevada","5/3/20","2","2","32021","100"
"Nye","1","37","Nevada","5/3/20","31","6","32023","19.35"
"Washoe","25","977","Nevada","5/3/20","804","173","32031","21.52"
"White Pine","0","3","Nevada","5/3/20","3","0","32033","0"
"Belknap","1","39","New Hampshire","5/3/20","31","8","33001","25.81"
"Carroll","0","32","New Hampshire","5/3/20","30","2","33003","6.67"
"Cheshire","1","40","New Hampshire","5/3/20","36","4","33005","11.11"
"Coos","0","2","New Hampshire","5/3/20","2","0","33007","0"
"Grafton","1","53","New Hampshire","5/3/20","48","5","33009","10.42"
"Hillsborough","41","1109","New Hampshire","5/3/20","824","285","33011","34.59"
"Merrimack","10","195","New Hampshire","5/3/20","126","69","33013","54.76"
"Rockingham","35","862","New Hampshire","5/3/20","619","243","33015","39.26"
"Strafford","3","155","New Hampshire","5/3/20","132","23","33017","17.42"
"Sullivan","0","12","New Hampshire","5/3/20","11","1","33019","9.09"
"Atlantic","62","1075","New Jersey","5/3/20","638","437","34001","68.5"
"Bergen","174","16185","New Jersey","5/3/20","14965","1220","34003","8.15"
"Burlington","101","3043","New Jersey","5/3/20","2333","710","34005","30.43"
"Camden","141","3973","New Jersey","5/3/20","2983","990","34007","33.19"
"Cape May","9","344","New Jersey","5/3/20","281","63","34009","22.42"
"Cumberland","52","881","New Jersey","5/3/20","520","361","34011","69.42"
"Essex","237","14521","New Jersey","5/3/20","12863","1658","34013","12.89"
"Gloucester","58","1384","New Jersey","5/3/20","976","408","34015","41.8"
"Hudson","294","15769","New Jersey","5/3/20","13708","2061","34017","15.04"
"Hunterdon","18","661","New Jersey","5/3/20","536","125","34019","23.32"
"Mercer","164","4504","New Jersey","5/3/20","3355","1149","34021","34.25"
"Middlesex","279","12597","New Jersey","5/3/20","10642","1955","34023","18.37"
"Monmouth","88","6290","New Jersey","5/3/20","5671","619","34025","10.92"
"Morris","77","5517","New Jersey","5/3/20","4976","541","34027","10.87"
"Ocean","130","6871","New Jersey","5/3/20","5962","909","34029","15.25"
"Passaic","318","13364","New Jersey","5/3/20","11137","2227","34031","20"
"Salem","13","270","New Jersey","5/3/20","181","89","34033","49.17"
"Somerset","80","3703","New Jersey","5/3/20","3144","559","34035","17.78"
"Sussex","16","969","New Jersey","5/3/20","855","114","34037","13.33"
"Union","196","13225","New Jersey","5/3/20","11853","1372","34039","11.58"
"Warren","26","957","New Jersey","5/3/20","778","179","34041","23.01"
"Bernalillo","33","920","New Mexico","5/3/20","688","232","35001","33.72"
"Catron","0","1","New Mexico","5/3/20","1","0","35003","0"
"Chaves","0","23","New Mexico","5/3/20","22","1","35005","4.55"
"Cibola","4","68","New Mexico","5/3/20","41","27","35006","65.85"
"Colfax","0","5","New Mexico","5/3/20","5","0","35007","0"
"Curry","1","18","New Mexico","5/3/20","13","5","35009","38.46"
"Dona Ana","6","159","New Mexico","5/3/20","116","43","35013","37.07"
"Eddy","0","13","New Mexico","5/3/20","13","0","35015","0"
"Grant","0","16","New Mexico","5/3/20","14","2","35017","14.29"
"Guadalupe","0","15","New Mexico","5/3/20","13","2","35019","15.38"
"Harding","0","1","New Mexico","5/3/20","1","0","35021","0"
"Lea","0","12","New Mexico","5/3/20","10","2","35025","20"
"Lincoln","0","2","New Mexico","5/3/20","2","0","35027","0"
"Los Alamos","0","6","New Mexico","5/3/20","6","0","35028","0"
"Luna","1","7","New Mexico","5/3/20","3","4","35029","133.33"
"McKinley","61","1144","New Mexico","5/3/20","720","424","35031","58.89"
"Otero","0","6","New Mexico","5/3/20","4","2","35035","50"
"Quay","0","4","New Mexico","5/3/20","4","0","35037","0"
"Rio Arriba","1","24","New Mexico","5/3/20","14","10","35039","71.43"
"Roosevelt","0","10","New Mexico","5/3/20","7","3","35041","42.86"
"San Juan","42","736","New Mexico","5/3/20","442","294","35045","66.52"
"San Miguel","0","2","New Mexico","5/3/20","2","0","35047","0"
"Sandoval","6","416","New Mexico","5/3/20","374","42","35043","11.23"
"Santa Fe","2","107","New Mexico","5/3/20","95","12","35049","12.63"
"Sierra","0","1","New Mexico","5/3/20","0","1","35051","1"
"Socorro","1","45","New Mexico","5/3/20","40","5","35053","12.5"
"Taos","0","20","New Mexico","5/3/20","17","3","35055","17.65"
"Torrance","0","16","New Mexico","5/3/20","14","2","35057","14.29"
"Union","0","3","New Mexico","5/3/20","3","0","35059","0"
"Valencia","1","50","New Mexico","5/3/20","42","8","35061","19.05"
"Albany","44","1258","New York","5/3/20","948","310","36001","32.7"
"Allegany","0","35","New York","5/3/20","35","0","36003","0"
"Broome","10","327","New York","5/3/20","257","70","36007","27.24"
"Cattaraugus","1","53","New York","5/3/20","45","8","36009","17.78"
"Cayuga","1","51","New York","5/3/20","47","4","36011","8.51"
"Chautauqua","1","36","New York","5/3/20","29","7","36013","24.14"
"Chemung","3","125","New York","5/3/20","106","19","36015","17.92"
"Chenango","1","99","New York","5/3/20","93","6","36017","6.45"
"Clinton","1","66","New York","5/3/20","57","9","36019","15.79"
"Columbia","9","209","New York","5/3/20","143","66","36021","46.15"
"Cortland","0","28","New York","5/3/20","28","0","36023","0"
"Delaware","0","61","New York","5/3/20","58","3","36025","5.17"
"Dutchess","51","3086","New York","5/3/20","2729","357","36027","13.08"
"Erie","108","3710","New York","5/3/20","2954","756","36029","25.59"
"Essex","1","29","New York","5/3/20","24","5","36031","20.83"
"Franklin","0","15","New York","5/3/20","14","1","36033","7.14"
"Fulton","3","82","New York","5/3/20","62","20","36035","32.26"
"Genesee","2","155","New York","5/3/20","144","11","36037","7.64"
"Greene","6","151","New York","5/3/20","110","41","36039","37.27"
"Hamilton","0","3","New York","5/3/20","3","0","36041","0"
"Herkimer","1","62","New York","5/3/20","57","5","36043","8.77"
"Jefferson","0","62","New York","5/3/20","60","2","36045","3.33"
"Lewis","0","9","New York","5/3/20","9","0","36049","0"
"Livingston","3","83","New York","5/3/20","60","23","36051","38.33"
"Madison","4","151","New York","5/3/20","123","28","36053","22.76"
"Monroe","36","1566","New York","5/3/20","1316","250","36055","19"
"Montgomery","1","56","New York","5/3/20","47","9","36057","19.15"
"Nassau","323","36780","New York","5/3/20","34522","2258","36059","6.54"
"New York","2296","174331","New York","5/3/20","158258","16073","36061","10.16"
"Niagara","15","474","New York","5/3/20","368","106","36063","28.8"
"Oneida","15","489","New York","5/3/20","384","105","36065","27.34"
"Onondaga","37","952","New York","5/3/20","692","260","36067","37.57"
"Ontario","2","95","New York","5/3/20","84","11","36069","13.1"
"Orange","123","8967","New York","5/3/20","8106","861","36071","10.62"
"Orleans","2","97","New York","5/3/20","80","17","36073","21.25"
"Oswego","1","66","New York","5/3/20","61","5","36075","8.2"
"Otsego","1","67","New York","5/3/20","60","7","36077","11.67"
"Putnam","16","1013","New York","5/3/20","904","109","36079","12.06"
"Rensselaer","11","322","New York","5/3/20","242","80","36083","33.06"
"Rockland","110","12025","New York","5/3/20","11256","769","36087","6.83"
"Saratoga","5","363","New York","5/3/20","330","33","36091","10"
"Schenectady","11","527","New York","5/3/20","449","78","36093","17.37"
"Schoharie","1","45","New York","5/3/20","35","10","36095","28.57"
"Schuyler","0","7","New York","5/3/20","7","0","36097","0"
"Seneca","1","45","New York","5/3/20","38","7","36099","18.42"
"St. Lawrence","1","177","New York","5/3/20","167","10","36089","5.99"
"Steuben","2","218","New York","5/3/20","207","11","36101","5.31"
"Suffolk","399","34855","New York","5/3/20","32059","2796","36103","8.72"
"Sullivan","32","951","New York","5/3/20","724","227","36105","31.35"
"Tioga","3","90","New York","5/3/20","71","19","36107","26.76"
"Tompkins","0","129","New York","5/3/20","126","3","36109","2.38"
"Ulster","22","1341","New York","5/3/20","1190","151","36111","12.69"
"Warren","8","188","New York","5/3/20","135","53","36113","39.26"
"Washington","8","186","New York","5/3/20","127","59","36115","46.46"
"Wayne","1","75","New York","5/3/20","65","10","36117","15.38"
"Westchester","317","29884","New York","5/3/20","27664","2220","36119","8.02"
"Wyoming","1","69","New York","5/3/20","59","10","36121","16.95"
"Yates","0","19","New York","5/3/20","17","2","36123","11.76"
"Alamance","5","124","North Carolina","5/3/20","90","34","37001","37.78"
"Alexander","0","4","North Carolina","5/3/20","4","0","37003","0"
"Alleghany","1","6","North Carolina","5/3/20","2","4","37005","200"
"Anson","1","30","North Carolina","5/3/20","20","10","37007","50"
"Ashe","0","5","North Carolina","5/3/20","4","1","37009","25"
"Beaufort","0","22","North Carolina","5/3/20","20","2","37013","10"
"Bertie","1","47","North Carolina","5/3/20","37","10","37015","27.03"
"Bladen","2","27","North Carolina","5/3/20","10","17","37017","170"
"Brunswick","1","44","North Carolina","5/3/20","40","4","37019","10"
"Buncombe","3","73","North Carolina","5/3/20","52","21","37021","40.38"
"Burke","3","110","North Carolina","5/3/20","88","22","37023","25"
"Cabarrus","7","313","North Carolina","5/3/20","261","52","37025","19.92"
"Caldwell","1","36","North Carolina","5/3/20","30","6","37027","20"
"Camden","0","2","North Carolina","5/3/20","0","2","37029","1"
"Carteret","0","29","North Carolina","5/3/20","27","2","37031","7.41"
"Caswell","2","32","North Carolina","5/3/20","16","16","37033","100"
"Catawba","1","56","North Carolina","5/3/20","52","4","37035","7.69"
"Chatham","20","378","North Carolina","5/3/20","240","138","37037","57.5"
"Cherokee","0","19","North Carolina","5/3/20","16","3","37039","18.75"
"Chowan","0","7","North Carolina","5/3/20","7","0","37041","0"
"Clay","0","6","North Carolina","5/3/20","6","0","37043","0"
"Cleveland","0","47","North Carolina","5/3/20","46","1","37045","2.17"
"Columbus","11","166","North Carolina","5/3/20","90","76","37047","84.44"
"Craven","0","42","North Carolina","5/3/20","39","3","37049","7.69"
"Cumberland","13","289","North Carolina","5/3/20","200","89","37051","44.5"
"Currituck","0","5","North Carolina","5/3/20","2","3","37053","150"
"Dare","0","15","North Carolina","5/3/20","15","0","37055","0"
"Davidson","3","180","North Carolina","5/3/20","156","24","37057","15.38"
"Davie","0","31","North Carolina","5/3/20","29","2","37059","6.9"
"Duplin","7","115","North Carolina","5/3/20","66","49","37061","74.24"
"Durham","30","767","North Carolina","5/3/20","555","212","37063","38.2"
"Edgecombe","4","105","North Carolina","5/3/20","78","27","37065","34.62"
"Forsyth","16","267","North Carolina","5/3/20","153","114","37067","74.51"
"Franklin","1","105","North Carolina","5/3/20","95","10","37069","10.53"
"Gaston","2","150","North Carolina","5/3/20","136","14","37071","10.29"
"Gates","0","9","North Carolina","5/3/20","7","2","37073","28.57"
"Graham","0","2","North Carolina","5/3/20","0","2","37075","1"
"Granville","4","159","North Carolina","5/3/20","133","26","37077","19.55"
"Greene","1","19","North Carolina","5/3/20","15","4","37079","26.67"
"Guilford","18","439","North Carolina","5/3/20","314","125","37081","39.81"
"Halifax","1","62","North Carolina","5/3/20","53","9","37083","16.98"
"Harnett","7","174","North Carolina","5/3/20","128","46","37085","35.94"
"Haywood","1","12","North Carolina","5/3/20","5","7","37087","140"
"Henderson","6","201","North Carolina","5/3/20","158","43","37089","27.22"
"Hertford","2","42","North Carolina","5/3/20","27","15","37091","55.56"
"Hoke","7","97","North Carolina","5/3/20","49","48","37093","97.96"
"Hyde","0","1","North Carolina","5/3/20","1","0","37095","0"
"Iredell","3","119","North Carolina","5/3/20","99","20","37097","20.2"
"Jackson","1","16","North Carolina","5/3/20","9","7","37099","77.78"
"Johnston","6","174","North Carolina","5/3/20","135","39","37101","28.89"
"Jones","1","18","North Carolina","5/3/20","14","4","37103","28.57"
"Lee","13","198","North Carolina","5/3/20","104","94","37105","90.38"
"Lenoir","6","82","North Carolina","5/3/20","43","39","37107","90.7"
"Lincoln","0","28","North Carolina","5/3/20","25","3","37109","12"
"Macon","0","3","North Carolina","5/3/20","2","1","37113","50"
"Madison","0","1","North Carolina","5/3/20","1","0","37115","0"
"Martin","1","20","North Carolina","5/3/20","15","5","37117","33.33"
"McDowell","1","27","North Carolina","5/3/20","21","6","37111","28.57"
"Mecklenburg","35","1724","North Carolina","5/3/20","1482","242","37119","16.33"
"Mitchell","0","5","North Carolina","5/3/20","5","0","37121","0"
"Montgomery","2","38","North Carolina","5/3/20","21","17","37123","80.95"
"Moore","2","125","North Carolina","5/3/20","108","17","37125","15.74"
"Nash","2","99","North Carolina","5/3/20","88","11","37127","12.5"
"New Hanover","0","79","North Carolina","5/3/20","78","1","37129","1.28"
"Northampton","1","89","North Carolina","5/3/20","82","7","37131","8.54"
"Onslow","1","51","North Carolina","5/3/20","42","9","37133","21.43"
"Orange","3","226","North Carolina","5/3/20","208","18","37135","8.65"
"Pamlico","0","8","North Carolina","5/3/20","7","1","37137","14.29"
"Pasquotank","0","37","North Carolina","5/3/20","34","3","37139","8.82"
"Pender","1","16","North Carolina","5/3/20","12","4","37141","33.33"
"Perquimans","1","14","North Carolina","5/3/20","10","4","37143","40"
"Person","1","23","North Carolina","5/3/20","19","4","37145","21.05"
"Pitt","3","129","North Carolina","5/3/20","111","18","37147","16.22"
"Polk","2","25","North Carolina","5/3/20","12","13","37149","108.33"
"Randolph","16","238","North Carolina","5/3/20","128","110","37151","85.94"
"Richmond","3","57","North Carolina","5/3/20","36","21","37153","58.33"
"Robeson","15","201","North Carolina","5/3/20","97","104","37155","107.22"
"Rockingham","0","26","North Carolina","5/3/20","24","2","37157","8.33"
"Rowan","6","388","North Carolina","5/3/20","346","42","37159","12.14"
"Rutherford","4","145","North Carolina","5/3/20","118","27","37161","22.88"
"Sampson","7","88","North Carolina","5/3/20","39","49","37163","125.64"
"Scotland","1","29","North Carolina","5/3/20","22","7","37165","31.82"
"Stanly","0","29","North Carolina","5/3/20","28","1","37167","3.57"
"Stokes","0","11","North Carolina","5/3/20","11","0","37169","0"
"Surry","1","17","North Carolina","5/3/20","12","5","37171","41.67"
"Swain","1","4","North Carolina","5/3/20","0","4","37173","1"
"Transylvania","0","8","North Carolina","5/3/20","7","1","37175","14.29"
"Tyrrell","0","4","North Carolina","5/3/20","4","0","37177","0"
"Union","9","263","North Carolina","5/3/20","201","62","37179","30.85"
"Vance","9","113","North Carolina","5/3/20","51","62","37181","121.57"
"Wake","32","887","North Carolina","5/3/20","663","224","37183","33.79"
"Warren","2","16","North Carolina","5/3/20","4","12","37185","300"
"Washington","0","24","North Carolina","5/3/20","24","0","37187","0"
"Watauga","0","9","North Carolina","5/3/20","8","1","37189","12.5"
"Wayne","7","677","North Carolina","5/3/20","630","47","37191","7.46"
"Wilkes","10","92","North Carolina","5/3/20","21","71","37193","338.1"
"Wilson","3","175","North Carolina","5/3/20","151","24","37195","15.89"
"Yadkin","2","23","North Carolina","5/3/20","12","11","37197","91.67"
"Yancey","0","1","North Carolina","5/3/20","0","1","37199","1"
"Barnes","0","4","North Dakota","5/3/20","4","0","38003","0"
"Bowman","0","1","North Dakota","5/3/20","1","0","38011","0"
"Burke","0","3","North Dakota","5/3/20","3","0","38013","0"
"Burleigh","1","80","North Dakota","5/3/20","74","6","38015","8.11"
"Cass","30","605","North Dakota","5/3/20","397","208","38017","52.39"
"Divide","0","1","North Dakota","5/3/20","1","0","38023","0"
"Dunn","0","11","North Dakota","5/3/20","10","1","38025","10"
"Eddy","0","1","North Dakota","5/3/20","1","0","38027","0"
"Emmons","0","1","North Dakota","5/3/20","1","0","38029","0"
"Foster","0","1","North Dakota","5/3/20","1","0","38031","0"
"Grand Forks","10","267","North Dakota","5/3/20","195","72","38035","36.92"
"Grant","0","1","North Dakota","5/3/20","1","0","38037","0"
"McHenry","0","1","North Dakota","5/3/20","1","0","38049","0"
"McIntosh","0","1","North Dakota","5/3/20","1","0","38051","0"
"McKenzie","0","13","North Dakota","5/3/20","12","1","38053","8.33"
"McLean","0","5","North Dakota","5/3/20","3","2","38055","66.67"
"Morton","0","24","North Dakota","5/3/20","24","0","38059","0"
"Mountrail","0","35","North Dakota","5/3/20","33","2","38061","6.06"
"Nelson","0","1","North Dakota","5/3/20","1","0","38063","0"
"Oliver","0","1","North Dakota","5/3/20","1","0","38065","0"
"Pembina","0","3","North Dakota","5/3/20","1","2","38067","200"
"Pierce","0","2","North Dakota","5/3/20","2","0","38069","0"
"Ramsey","0","3","North Dakota","5/3/20","3","0","38071","0"
"Ransom","0","1","North Dakota","5/3/20","1","0","38073","0"
"Renville","0","1","North Dakota","5/3/20","0","1","38075","1"
"Richland","0","7","North Dakota","5/3/20","7","0","38077","0"
"Rolette","0","1","North Dakota","5/3/20","1","0","38079","0"
"Sargent","0","1","North Dakota","5/3/20","1","0","38081","0"
"Sioux","0","1","North Dakota","5/3/20","1","0","38085","0"
"Slope","0","3","North Dakota","5/3/20","3","0","38087","0"
"Stark","2","55","North Dakota","5/3/20","41","14","38089","34.15"
"Stutsman","1","11","North Dakota","5/3/20","4","7","38093","175"
"Walsh","0","7","North Dakota","5/3/20","4","3","38099","75"
"Ward","1","25","North Dakota","5/3/20","21","4","38101","19.05"
"Wells","0","2","North Dakota","5/3/20","2","0","38103","0"
"Williams","0","11","North Dakota","5/3/20","10","1","38105","10"
"","0","14","Northern Mariana Islands","5/3/20","14","0",,"0"
"Adams","0","5","Ohio","5/3/20","4","1","39001","25"
"Allen","2","124","Ohio","5/3/20","108","16","39003","14.81"
"Ashland","0","9","Ohio","5/3/20","6","3","39005","50"
"Ashtabula","5","146","Ohio","5/3/20","110","36","39007","32.73"
"Athens","0","4","Ohio","5/3/20","3","1","39009","33.33"
"Auglaize","1","35","Ohio","5/3/20","30","5","39011","16.67"
"Belmont","8","163","Ohio","5/3/20","106","57","39013","53.77"
"Brown","0","11","Ohio","5/3/20","11","0","39015","0"
"Butler","15","328","Ohio","5/3/20","225","103","39017","45.78"
"Carroll","0","21","Ohio","5/3/20","20","1","39019","5"
"Champaign","0","15","Ohio","5/3/20","12","3","39021","25"
"Clark","5","67","Ohio","5/3/20","33","34","39023","103.03"
"Clermont","3","101","Ohio","5/3/20","77","24","39025","31.17"
"Clinton","0","31","Ohio","5/3/20","28","3","39027","10.71"
"Columbiana","8","278","Ohio","5/3/20","223","55","39029","24.66"
"Coshocton","0","17","Ohio","5/3/20","16","1","39031","6.25"
"Crawford","2","52","Ohio","5/3/20","39","13","39033","33.33"
"Cuyahoga","62","2338","Ohio","5/3/20","1902","436","39035","22.92"
"Darke","0","77","Ohio","5/3/20","75","2","39037","2.67"
"Defiance","0","20","Ohio","5/3/20","19","1","39039","5.26"
"Delaware","5","175","Ohio","5/3/20","143","32","39041","22.38"
"Erie","2","58","Ohio","5/3/20","47","11","39043","23.4"
"Fairfield","5","150","Ohio","5/3/20","114","36","39045","31.58"
"Fayette","1","20","Ohio","5/3/20","13","7","39047","53.85"
"Franklin","138","2905","Ohio","5/3/20","1942","963","39049","49.59"
"Fulton","1","24","Ohio","5/3/20","19","5","39051","26.32"
"Gallia","0","6","Ohio","5/3/20","6","0","39053","0"
"Geauga","4","163","Ohio","5/3/20","137","26","39055","18.98"
"Greene","1","48","Ohio","5/3/20","43","5","39057","11.63"
"Guernsey","1","19","Ohio","5/3/20","15","4","39059","26.67"
"Hamilton","54","1380","Ohio","5/3/20","1005","375","39061","37.31"
"Hancock","1","38","Ohio","5/3/20","34","4","39063","11.76"
"Hardin","0","26","Ohio","5/3/20","23","3","39065","13.04"
"Harrison","0","6","Ohio","5/3/20","4","2","39067","50"
"Henry","0","5","Ohio","5/3/20","4","1","39069","25"
"Highland","0","10","Ohio","5/3/20","9","1","39071","11.11"
"Hocking","1","19","Ohio","5/3/20","14","5","39073","35.71"
"Holmes","0","6","Ohio","5/3/20","5","1","39075","20"
"Huron","0","31","Ohio","5/3/20","28","3","39077","10.71"
"Jackson","0","5","Ohio","5/3/20","4","1","39079","25"
"Jefferson","1","45","Ohio","5/3/20","37","8","39081","21.62"
"Knox","0","18","Ohio","5/3/20","15","3","39083","20"
"Lake","2","172","Ohio","5/3/20","157","15","39085","9.55"
"Lawrence","0","25","Ohio","5/3/20","23","2","39087","8.7"
"Licking","2","125","Ohio","5/3/20","108","17","39089","15.74"
"Logan","0","19","Ohio","5/3/20","18","1","39091","5.56"
"Lorain","16","490","Ohio","5/3/20","377","113","39093","29.97"
"Lucas","39","1376","Ohio","5/3/20","1104","272","39095","24.64"
"Madison","2","67","Ohio","5/3/20","51","16","39097","31.37"
"Mahoning","29","937","Ohio","5/3/20","737","200","39099","27.14"
"Marion","22","2329","Ohio","5/3/20","2178","151","39101","6.93"
"Medina","2","172","Ohio","5/3/20","160","12","39103","7.5"
"Meigs","0","3","Ohio","5/3/20","2","1","39105","50"
"Mercer","2","29","Ohio","5/3/20","18","11","39107","61.11"
"Miami","1","143","Ohio","5/3/20","135","8","39109","5.93"
"Monroe","0","3","Ohio","5/3/20","2","1","39111","50"
"Montgomery","8","316","Ohio","5/3/20","260","56","39113","21.54"
"Morgan","0","4","Ohio","5/3/20","4","0","39115","0"
"Morrow","6","75","Ohio","5/3/20","34","41","39117","120.59"
"Muskingum","1","17","Ohio","5/3/20","11","6","39119","54.55"
"Noble","0","5","Ohio","5/3/20","5","0","39121","0"
"Ottawa","0","40","Ohio","5/3/20","37","3","39123","8.11"
"Paulding","0","8","Ohio","5/3/20","8","0","39125","0"
"Perry","0","13","Ohio","5/3/20","13","0","39127","0"
"Pickaway","10","1729","Ohio","5/3/20","1662","67","39129","4.03"
"Pike","0","3","Ohio","5/3/20","3","0","39131","0"
"Portage","4","247","Ohio","5/3/20","220","27","39133","12.27"
"Preble","0","27","Ohio","5/3/20","25","2","39135","8"
"Putnam","2","69","Ohio","5/3/20","54","15","39137","27.78"
"Richland","2","90","Ohio","5/3/20","78","12","39139","15.38"
"Ross","1","41","Ohio","5/3/20","35","6","39141","17.14"
"Sandusky","2","34","Ohio","5/3/20","20","14","39143","70"
"Scioto","1","12","Ohio","5/3/20","6","6","39145","100"
"Seneca","0","14","Ohio","5/3/20","13","1","39147","7.69"
"Shelby","0","30","Ohio","5/3/20","30","0","39149","0"
"Stark","13","398","Ohio","5/3/20","310","88","39151","28.39"
"Summit","31","701","Ohio","5/3/20","485","216","39153","44.54"
"Trumbull","5","331","Ohio","5/3/20","293","38","39155","12.97"
"Tuscarawas","10","118","Ohio","5/3/20","50","68","39157","136"
"Union","1","24","Ohio","5/3/20","18","6","39159","33.33"
"Van Wert","0","3","Ohio","5/3/20","3","0","39161","0"
"Vinton","1","6","Ohio","5/3/20","0","6","39163","1"
"Warren","5","168","Ohio","5/3/20","133","35","39165","26.32"
"Washington","1","102","Ohio","5/3/20","94","8","39167","8.51"
"Wayne","7","153","Ohio","5/3/20","104","49","39169","47.12"
"Williams","1","36","Ohio","5/3/20","29","7","39171","24.14"
"Wood","8","187","Ohio","5/3/20","133","54","39173","40.6"
"Wyandot","0","24","Ohio","5/3/20","24","0","39175","0"
"Adair","1","65","Oklahoma","5/3/20","55","10","40001","18.18"
"Alfalfa","0","1","Oklahoma","5/3/20","1","0","40003","0"
"Atoka","0","1","Oklahoma","5/3/20","1","0","40005","0"
"Beaver","2","14","Oklahoma","5/3/20","3","11","40007","366.67"
"Beckham","0","5","Oklahoma","5/3/20","5","0","40009","0"
"Bryan","0","9","Oklahoma","5/3/20","6","3","40013","50"
"Caddo","2","69","Oklahoma","5/3/20","58","11","40015","18.97"
"Canadian","1","100","Oklahoma","5/3/20","91","9","40017","9.89"
"Carter","0","4","Oklahoma","5/3/20","2","2","40019","100"
"Cherokee","0","27","Oklahoma","5/3/20","26","1","40021","3.85"
"Choctaw","0","3","Oklahoma","5/3/20","3","0","40023","0"
"Cimarron","0","1","Oklahoma","5/3/20","1","0","40025","0"
"Cleveland","4","432","Oklahoma","5/3/20","403","29","40027","7.2"
"Comanche","3","98","Oklahoma","5/3/20","79","19","40031","24.05"
"Cotton","0","5","Oklahoma","5/3/20","5","0","40033","0"
"Craig","0","11","Oklahoma","5/3/20","9","2","40035","22.22"
"Creek","1","80","Oklahoma","5/3/20","76","4","40037","5.26"
"Custer","0","11","Oklahoma","5/3/20","10","1","40039","10"
"Delaware","0","91","Oklahoma","5/3/20","90","1","40041","1.11"
"Dewey","0","2","Oklahoma","5/3/20","2","0","40043","0"
"Garfield","1","19","Oklahoma","5/3/20","11","8","40047","72.73"
"Garvin","0","14","Oklahoma","5/3/20","13","1","40049","7.69"
"Grady","1","39","Oklahoma","5/3/20","34","5","40051","14.71"
"Grant","0","2","Oklahoma","5/3/20","2","0","40053","0"
"Greer","0","65","Oklahoma","5/3/20","64","1","40055","1.56"
"Harper","0","1","Oklahoma","5/3/20","1","0","40059","0"
"Haskell","0","5","Oklahoma","5/3/20","5","0","40061","0"
"Jackson","0","17","Oklahoma","5/3/20","15","2","40065","13.33"
"Jefferson","0","2","Oklahoma","5/3/20","2","0","40067","0"
"Johnston","0","3","Oklahoma","5/3/20","3","0","40069","0"
"Kay","0","47","Oklahoma","5/3/20","47","0","40071","0"
"Kingfisher","0","8","Oklahoma","5/3/20","8","0","40073","0"
"Kiowa","0","5","Oklahoma","5/3/20","4","1","40075","25"
"Latimer","0","5","Oklahoma","5/3/20","5","0","40077","0"
"Le Flore","1","13","Oklahoma","5/3/20","9","4","40079","44.44"
"Lincoln","1","14","Oklahoma","5/3/20","10","4","40081","40"
"Logan","0","16","Oklahoma","5/3/20","13","3","40083","23.08"
"Love","0","2","Oklahoma","5/3/20","2","0","40085","0"
"Major","0","3","Oklahoma","5/3/20","2","1","40093","50"
"Marshall","0","2","Oklahoma","5/3/20","2","0","40095","0"
"Mayes","0","24","Oklahoma","5/3/20","21","3","40097","14.29"
"McClain","7","77","Oklahoma","5/3/20","30","47","40087","156.67"
"McCurtain","0","8","Oklahoma","5/3/20","8","0","40089","0"
"McIntosh","0","2","Oklahoma","5/3/20","2","0","40091","0"
"Murray","0","2","Oklahoma","5/3/20","1","1","40099","100"
"Muskogee","0","27","Oklahoma","5/3/20","26","1","40101","3.85"
"Noble","0","6","Oklahoma","5/3/20","6","0","40103","0"
"Nowata","0","21","Oklahoma","5/3/20","20","1","40105","5"
"Okfuskee","0","1","Oklahoma","5/3/20","1","0","40107","0"
"Oklahoma","20","838","Oklahoma","5/3/20","696","142","40109","20.4"
"Okmulgee","0","16","Oklahoma","5/3/20","16","0","40111","0"
"Osage","1","76","Oklahoma","5/3/20","72","4","40113","5.56"
"Ottawa","1","34","Oklahoma","5/3/20","29","5","40115","17.24"
"Pawnee","0","29","Oklahoma","5/3/20","29","0","40117","0"
"Payne","0","44","Oklahoma","5/3/20","44","0","40119","0"
"Pittsburg","2","39","Oklahoma","5/3/20","25","14","40121","56"
"Pontotoc","0","10","Oklahoma","5/3/20","10","0","40123","0"
"Pottawatomie","2","52","Oklahoma","5/3/20","40","12","40125","30"
"Pushmataha","0","1","Oklahoma","5/3/20","0","1","40127","1"
"Rogers","3","66","Oklahoma","5/3/20","47","19","40131","40.43"
"Seminole","1","12","Oklahoma","5/3/20","8","4","40133","50"
"Sequoyah","0","12","Oklahoma","5/3/20","12","0","40135","0"
"Stephens","0","22","Oklahoma","5/3/20","20","2","40137","10"
"Texas","18","201","Oklahoma","5/3/20","73","128","40139","175.34"
"Tillman","2","14","Oklahoma","5/3/20","1","13","40141","1300"
"Tulsa","20","628","Oklahoma","5/3/20","491","137","40143","27.9"
"Wagoner","1","122","Oklahoma","5/3/20","114","8","40145","7.02"
"Washington","6","273","Oklahoma","5/3/20","229","44","40147","19.21"
"Washita","0","0","Oklahoma","5/3/20","1","-1","40149","-100"
"Woods","0","3","Oklahoma","5/3/20","3","0","40151","0"
"Woodward","0","1","Oklahoma","5/3/20","1","0","40153","0"
"Benton","0","32","Oregon","5/3/20","29","3","41003","10.34"
"Clackamas","3","225","Oregon","5/3/20","204","21","41005","10.29"
"Clatsop","0","7","Oregon","5/3/20","6","1","41007","16.67"
"Columbia","0","14","Oregon","5/3/20","14","0","41009","0"
"Coos","2","25","Oregon","5/3/20","12","13","41011","108.33"
"Crook","0","1","Oregon","5/3/20","1","0","41013","0"
"Curry","0","4","Oregon","5/3/20","4","0","41015","0"
"Deschutes","1","78","Oregon","5/3/20","73","5","41017","6.85"
"Douglas","0","24","Oregon","5/3/20","23","1","41019","4.35"
"Grant","0","1","Oregon","5/3/20","1","0","41023","0"
"Harney","0","1","Oregon","5/3/20","0","1","41025","1"
"Hood River","1","9","Oregon","5/3/20","5","4","41027","80"
"Jackson","0","49","Oregon","5/3/20","49","0","41029","0"
"Jefferson","1","13","Oregon","5/3/20","6","7","41031","116.67"
"Josephine","0","22","Oregon","5/3/20","20","2","41033","10"
"Klamath","0","39","Oregon","5/3/20","36","3","41035","8.33"
"Lane","1","54","Oregon","5/3/20","50","4","41039","8"
"Lincoln","0","5","Oregon","5/3/20","5","0","41041","0"
"Linn","2","87","Oregon","5/3/20","74","13","41043","17.57"
"Malheur","1","13","Oregon","5/3/20","6","7","41045","116.67"
"Marion","15","544","Oregon","5/3/20","436","108","41047","24.77"
"Morrow","1","9","Oregon","5/3/20","5","4","41049","80"
"Multnomah","12","739","Oregon","5/3/20","652","87","41051","13.34"
"Polk","0","41","Oregon","5/3/20","38","3","41053","7.89"
"Sherman","0","1","Oregon","5/3/20","1","0","41055","0"
"Tillamook","0","6","Oregon","5/3/20","6","0","41057","0"
"Umatilla","4","64","Oregon","5/3/20","36","28","41059","77.78"
"Union","0","4","Oregon","5/3/20","4","0","41061","0"
"Wallowa","0","1","Oregon","5/3/20","1","0","41063","0"
"Wasco","0","13","Oregon","5/3/20","12","1","41065","8.33"
"Washington","7","516","Oregon","5/3/20","466","50","41067","10.73"
"Yamhill","0","39","Oregon","5/3/20","36","3","41071","8.33"
"Adams","4","145","Pennsylvania","5/3/20","117","28","42001","23.93"
"Allegheny","19","1345","Pennsylvania","5/3/20","1211","134","42003","11.07"
"Armstrong","1","52","Pennsylvania","5/3/20","46","6","42005","13.04"
"Beaver","10","435","Pennsylvania","5/3/20","366","69","42007","18.85"
"Bedford","0","24","Pennsylvania","5/3/20","21","3","42009","14.29"
"Berks","56","2886","Pennsylvania","5/3/20","2491","395","42011","15.86"
"Blair","0","24","Pennsylvania","5/3/20","21","3","42013","14.29"
"Bradford","1","35","Pennsylvania","5/3/20","28","7","42015","25"
"Bucks","106","3286","Pennsylvania","5/3/20","2541","745","42017","29.32"
"Butler","1","180","Pennsylvania","5/3/20","170","10","42019","5.88"
"Cambria","2","33","Pennsylvania","5/3/20","21","12","42021","57.14"
"Cameron","0","1","Pennsylvania","5/3/20","1","0","42023","0"
"Carbon","3","183","Pennsylvania","5/3/20","163","20","42025","12.27"
"Centre","3","102","Pennsylvania","5/3/20","81","21","42027","25.93"
"Chester","46","1502","Pennsylvania","5/3/20","1177","325","42029","27.61"
"Clarion","0","23","Pennsylvania","5/3/20","22","1","42031","4.55"
"Clearfield","1","21","Pennsylvania","5/3/20","11","10","42033","90.91"
"Clinton","2","32","Pennsylvania","5/3/20","21","11","42035","52.38"
"Columbia","3","291","Pennsylvania","5/3/20","269","22","42037","8.18"
"Crawford","0","19","Pennsylvania","5/3/20","19","0","42039","0"
"Cumberland","15","373","Pennsylvania","5/3/20","267","106","42041","39.7"
"Dauphin","16","634","Pennsylvania","5/3/20","519","115","42043","22.16"
"Delaware","119","4113","Pennsylvania","5/3/20","3281","832","42045","25.36"
"Elk","0","4","Pennsylvania","5/3/20","3","1","42047","33.33"
"Erie","2","91","Pennsylvania","5/3/20","77","14","42049","18.18"
"Fayette","1","83","Pennsylvania","5/3/20","79","4","42051","5.06"
"Forest","0","7","Pennsylvania","5/3/20","7","0","42053","0"
"Franklin","21","351","Pennsylvania","5/3/20","205","146","42055","71.22"
"Fulton","0","6","Pennsylvania","5/3/20","3","3","42057","100"
"Greene","0","27","Pennsylvania","5/3/20","25","2","42059","8"
"Huntingdon","5","56","Pennsylvania","5/3/20","22","34","42061","154.55"
"Indiana","1","69","Pennsylvania","5/3/20","63","6","42063","9.52"
"Jefferson","0","6","Pennsylvania","5/3/20","4","2","42065","50"
"Juniata","1","86","Pennsylvania","5/3/20","78","8","42067","10.26"
"Lackawanna","29","999","Pennsylvania","5/3/20","793","206","42069","25.98"
"Lancaster","51","1936","Pennsylvania","5/3/20","1577","359","42071","22.76"
"Lawrence","1","65","Pennsylvania","5/3/20","61","4","42073","6.56"
"Lebanon","18","735","Pennsylvania","5/3/20","612","123","42075","20.1"
"Lehigh","46","2924","Pennsylvania","5/3/20","2601","323","42077","12.42"
"Luzerne","33","2240","Pennsylvania","5/3/20","2008","232","42079","11.55"
"Lycoming","4","85","Pennsylvania","5/3/20","55","30","42081","54.55"
"McKean","0","6","Pennsylvania","5/3/20","5","1","42083","20"
"Mercer","0","66","Pennsylvania","5/3/20","65","1","42085","1.54"
"Mifflin","2","39","Pennsylvania","5/3/20","27","12","42087","44.44"
"Monroe","15","1172","Pennsylvania","5/3/20","1065","107","42089","10.05"
"Montgomery","117","4552","Pennsylvania","5/3/20","3733","819","42091","21.94"
"Montour","0","50","Pennsylvania","5/3/20","47","3","42093","6.38"
"Northampton","57","2214","Pennsylvania","5/3/20","1813","401","42095","22.12"
"Northumberland","1","99","Pennsylvania","5/3/20","90","9","42097","10"
"Perry","1","34","Pennsylvania","5/3/20","26","8","42099","30.77"
"Philadelphia","367","15137","Pennsylvania","5/3/20","12566","2571","42101","20.46"
"Pike","8","405","Pennsylvania","5/3/20","349","56","42103","16.05"
"Potter","0","4","Pennsylvania","5/3/20","4","0","42105","0"
"Schuylkill","11","395","Pennsylvania","5/3/20","321","74","42107","23.05"
"Snyder","0","33","Pennsylvania","5/3/20","33","0","42109","0"
"Somerset","1","29","Pennsylvania","5/3/20","25","4","42111","16"
"Sullivan","0","1","Pennsylvania","5/3/20","1","0","42113","0"
"Susquehanna","1","85","Pennsylvania","5/3/20","79","6","42115","7.59"
"Tioga","0","16","Pennsylvania","5/3/20","14","2","42117","14.29"
"Union","1","38","Pennsylvania","5/3/20","31","7","42119","22.58"
"Venango","0","7","Pennsylvania","5/3/20","7","0","42121","0"
"Warren","0","1","Pennsylvania","5/3/20","1","0","42123","0"
"Washington","3","119","Pennsylvania","5/3/20","101","18","42125","17.82"
"Wayne","2","109","Pennsylvania","5/3/20","92","17","42127","18.48"
"Westmoreland","4","401","Pennsylvania","5/3/20","374","27","42129","7.22"
"Wyoming","1","25","Pennsylvania","5/3/20","17","8","42131","47.06"
"York","12","679","Pennsylvania","5/3/20","593","86","42133","14.5"
"","62","1808","Puerto Rico","5/3/20","1371","437",,"31.87"
"Bristol","6","152","Rhode Island","5/3/20","111","41","44001","36.94"
"Kent","24","697","Rhode Island","5/3/20","526","171","44003","32.51"
"Newport","3","158","Rhode Island","5/3/20","135","23","44005","17.04"
"Providence","252","7028","Rhode Island","5/3/20","5266","1762","44007","33.46"
"Washington","9","356","Rhode Island","5/3/20","292","64","44009","21.92"
"Abbeville","1","33","South Carolina","5/3/20","27","6","45001","22.22"
"Aiken","3","108","South Carolina","5/3/20","89","19","45003","21.35"
"Allendale","1","12","South Carolina","5/3/20","8","4","45005","50"
"Anderson","4","171","South Carolina","5/3/20","145","26","45007","17.93"
"Bamberg","1","12","South Carolina","5/3/20","8","4","45009","50"
"Barnwell","1","25","South Carolina","5/3/20","15","10","45011","66.67"
"Beaufort","2","270","South Carolina","5/3/20","255","15","45013","5.88"
"Berkeley","1","186","South Carolina","5/3/20","181","5","45015","2.76"
"Calhoun","0","7","South Carolina","5/3/20","6","1","45017","16.67"
"Charleston","3","457","South Carolina","5/3/20","436","21","45019","4.82"
"Cherokee","0","17","South Carolina","5/3/20","14","3","45021","21.43"
"Chester","1","34","South Carolina","5/3/20","27","7","45023","25.93"
"Chesterfield","2","59","South Carolina","5/3/20","44","15","45025","34.09"
"Clarendon","7","229","South Carolina","5/3/20","181","48","45027","26.52"
"Colleton","1","32","South Carolina","5/3/20","26","6","45029","23.08"
"Darlington","5","140","South Carolina","5/3/20","104","36","45031","34.62"
"Dillon","4","72","South Carolina","5/3/20","41","31","45033","75.61"
"Dorchester","2","101","South Carolina","5/3/20","90","11","45035","12.22"
"Edgefield","1","32","South Carolina","5/3/20","24","8","45037","33.33"
"Fairfield","5","68","South Carolina","5/3/20","33","35","45039","106.06"
"Florence","10","336","South Carolina","5/3/20","265","71","45041","26.79"
"Georgetown","1","45","South Carolina","5/3/20","39","6","45043","15.38"
"Greenville","21","757","South Carolina","5/3/20","609","148","45045","24.3"
"Greenwood","2","55","South Carolina","5/3/20","44","11","45047","25"
"Hampton","1","26","South Carolina","5/3/20","21","5","45049","23.81"
"Horry","3","226","South Carolina","5/3/20","203","23","45051","11.33"
"Jasper","0","21","South Carolina","5/3/20","19","2","45053","10.53"
"Kershaw","4","245","South Carolina","5/3/20","218","27","45055","12.39"
"Lancaster","2","101","South Carolina","5/3/20","87","14","45057","16.09"
"Laurens","2","40","South Carolina","5/3/20","29","11","45059","37.93"
"Lee","2","68","South Carolina","5/3/20","51","17","45061","33.33"
"Lexington","13","420","South Carolina","5/3/20","329","91","45063","27.66"
"Marion","1","37","South Carolina","5/3/20","32","5","45067","15.62"
"Marlboro","1","50","South Carolina","5/3/20","40","10","45069","25"
"McCormick","0","6","South Carolina","5/3/20","6","0","45065","0"
"Newberry","1","30","South Carolina","5/3/20","23","7","45071","30.43"
"Oconee","1","26","South Carolina","5/3/20","22","4","45073","18.18"
"Orangeburg","4","87","South Carolina","5/3/20","61","26","45075","42.62"
"Pickens","1","58","South Carolina","5/3/20","49","9","45077","18.37"
"Richland","18","964","South Carolina","5/3/20","837","127","45079","15.17"
"Saluda","5","67","South Carolina","5/3/20","35","32","45081","91.43"
"Spartanburg","8","308","South Carolina","5/3/20","249","59","45083","23.69"
"Sumter","5","251","South Carolina","5/3/20","214","37","45085","17.29"
"Union","0","26","South Carolina","5/3/20","25","1","45087","4"
"Williamsburg","5","90","South Carolina","5/3/20","56","34","45089","60.71"
"York","6","221","South Carolina","5/3/20","181","40","45091","22.1"
"Aurora","0","1","South Dakota","5/3/20","1","0","46003","0"
"Beadle","0","21","South Dakota","5/3/20","21","0","46005","0"
"Bon Homme","0","4","South Dakota","5/3/20","4","0","46009","0"
"Brookings","0","13","South Dakota","5/3/20","11","2","46011","18.18"
"Brown","4","59","South Dakota","5/3/20","30","29","46013","96.67"
"Buffalo","0","1","South Dakota","5/3/20","0","1","46017","1"
"Charles Mix","0","5","South Dakota","5/3/20","4","1","46023","25"
"Clark","0","1","South Dakota","5/3/20","1","0","46025","0"
"Clay","0","7","South Dakota","5/3/20","5","2","46027","40"
"Codington","0","14","South Dakota","5/3/20","14","0","46029","0"
"Corson","0","1","South Dakota","5/3/20","1","0","46031","0"
"Davison","0","6","South Dakota","5/3/20","5","1","46035","20"
"Day","1","8","South Dakota","5/3/20","0","8","46037","1"
"Deuel","0","1","South Dakota","5/3/20","1","0","46039","0"
"Dewey","0","1","South Dakota","5/3/20","0","1","46041","1"
"Douglas","0","1","South Dakota","5/3/20","0","1","46043","1"
"Fall River","0","2","South Dakota","5/3/20","1","1","46047","100"
"Faulk","0","1","South Dakota","5/3/20","1","0","46049","0"
"Hamlin","0","2","South Dakota","5/3/20","2","0","46057","0"
"Hand","0","1","South Dakota","5/3/20","1","0","46059","0"
"Hughes","1","13","South Dakota","5/3/20","7","6","46065","85.71"
"Hutchinson","0","3","South Dakota","5/3/20","3","0","46067","0"
"Hyde","0","1","South Dakota","5/3/20","1","0","46069","0"
"Jerauld","0","6","South Dakota","5/3/20","6","0","46073","0"
"Lake","0","4","South Dakota","5/3/20","4","0","46079","0"
"Lawrence","0","9","South Dakota","5/3/20","9","0","46081","0"
"Lincoln","5","162","South Dakota","5/3/20","128","34","46083","26.56"
"Lyman","0","3","South Dakota","5/3/20","2","1","46085","50"
"Marshall","0","1","South Dakota","5/3/20","1","0","46091","0"
"McCook","0","4","South Dakota","5/3/20","4","0","46087","0"
"McPherson","0","1","South Dakota","5/3/20","1","0","46089","0"
"Meade","0","1","South Dakota","5/3/20","1","0","46093","0"
"Miner","0","1","South Dakota","5/3/20","1","0","46097","0"
"Minnehaha","41","2142","South Dakota","5/3/20","1854","288","46099","15.53"
"Moody","0","6","South Dakota","5/3/20","3","3","46101","100"
"Oglala Lakota","0","1","South Dakota","5/3/20","1","0","46102","0"
"Pennington","0","14","South Dakota","5/3/20","12","2","46103","16.67"
"Roberts","1","10","South Dakota","5/3/20","4","6","46109","150"
"Sanborn","0","3","South Dakota","5/3/20","3","0","46111","0"
"Spink","0","3","South Dakota","5/3/20","3","0","46115","0"
"Stanley","1","8","South Dakota","5/3/20","1","7","46117","700"
"Sully","0","1","South Dakota","5/3/20","1","0","46119","0"
"Todd","0","3","South Dakota","5/3/20","1","2","46121","200"
"Turner","0","17","South Dakota","5/3/20","15","2","46125","13.33"
"Union","3","31","South Dakota","5/3/20","12","19","46127","158.33"
"Walworth","0","5","South Dakota","5/3/20","5","0","46129","0"
"Yankton","0","28","South Dakota","5/3/20","26","2","46135","7.69"
"Anderson","0","28","Tennessee","5/3/20","25","3","47001","12"
"Bedford","6","200","Tennessee","5/3/20","159","41","47003","25.79"
"Benton","0","6","Tennessee","5/3/20","6","0","47005","0"
"Bledsoe","1","598","Tennessee","5/3/20","588","10","47007","1.7"
"Blount","1","63","Tennessee","5/3/20","53","10","47009","18.87"
"Bradley","1","53","Tennessee","5/3/20","43","10","47011","23.26"
"Campbell","0","16","Tennessee","5/3/20","14","2","47013","14.29"
"Cannon","0","12","Tennessee","5/3/20","10","2","47015","20"
"Carroll","0","18","Tennessee","5/3/20","16","2","47017","12.5"
"Carter","0","14","Tennessee","5/3/20","12","2","47019","16.67"
"Cheatham","2","53","Tennessee","5/3/20","36","17","47021","47.22"
"Chester","0","10","Tennessee","5/3/20","10","0","47023","0"
"Claiborne","0","5","Tennessee","5/3/20","5","0","47025","0"
"Clay","0","5","Tennessee","5/3/20","5","0","47027","0"
"Cocke","0","16","Tennessee","5/3/20","14","2","47029","14.29"
"Coffee","1","41","Tennessee","5/3/20","32","9","47031","28.12"
"Crockett","0","7","Tennessee","5/3/20","7","0","47033","0"
"Cumberland","2","80","Tennessee","5/3/20","67","13","47035","19.4"
"Davidson","95","2904","Tennessee","5/3/20","2236","668","47037","29.87"
"Decatur","0","4","Tennessee","5/3/20","4","0","47039","0"
"DeKalb","1","21","Tennessee","5/3/20","13","8","47041","61.54"
"Dickson","2","80","Tennessee","5/3/20","66","14","47043","21.21"
"Dyer","1","36","Tennessee","5/3/20","31","5","47045","16.13"
"Fayette","2","63","Tennessee","5/3/20","52","11","47047","21.15"
"Fentress","0","4","Tennessee","5/3/20","4","0","47049","0"
"Franklin","1","36","Tennessee","5/3/20","29","7","47051","24.14"
"Gibson","2","50","Tennessee","5/3/20","38","12","47053","31.58"
"Giles","0","8","Tennessee","5/3/20","5","3","47055","60"
"Grainger","0","6","Tennessee","5/3/20","4","2","47057","50"
"Greene","0","43","Tennessee","5/3/20","41","2","47059","4.88"
"Grundy","0","28","Tennessee","5/3/20","28","0","47061","0"
"Hamblen","1","19","Tennessee","5/3/20","15","4","47063","26.67"
"Hamilton","4","172","Tennessee","5/3/20","141","31","47065","21.99"
"Hardeman","1","19","Tennessee","5/3/20","11","8","47069","72.73"
"Hardin","0","7","Tennessee","5/3/20","5","2","47071","40"
"Hawkins","0","30","Tennessee","5/3/20","29","1","47073","3.45"
"Haywood","1","25","Tennessee","5/3/20","18","7","47075","38.89"
"Henderson","0","9","Tennessee","5/3/20","6","3","47077","50"
"Henry","0","13","Tennessee","5/3/20","11","2","47079","18.18"
"Hickman","1","45","Tennessee","5/3/20","41","4","47081","9.76"
"Houston","0","5","Tennessee","5/3/20","4","1","47083","25"
"Humphreys","0","11","Tennessee","5/3/20","9","2","47085","22.22"
"Jackson","0","7","Tennessee","5/3/20","7","0","47087","0"
"Jefferson","1","24","Tennessee","5/3/20","18","6","47089","33.33"
"Johnson","0","3","Tennessee","5/3/20","2","1","47091","50"
"Knox","5","243","Tennessee","5/3/20","210","33","47093","15.71"
"Lake","1","57","Tennessee","5/3/20","48","9","47095","18.75"
"Lauderdale","1","24","Tennessee","5/3/20","18","6","47097","33.33"
"Lawrence","0","17","Tennessee","5/3/20","16","1","47099","6.25"
"Lewis","0","2","Tennessee","5/3/20","2","0","47101","0"
"Lincoln","0","14","Tennessee","5/3/20","12","2","47103","16.67"
"Loudon","1","37","Tennessee","5/3/20","27","10","47105","37.04"
"Macon","2","50","Tennessee","5/3/20","38","12","47111","31.58"
"Madison","6","140","Tennessee","5/3/20","101","39","47113","38.61"
"Marion","0","29","Tennessee","5/3/20","28","1","47115","3.57"
"Marshall","0","23","Tennessee","5/3/20","22","1","47117","4.55"
"Maury","1","44","Tennessee","5/3/20","40","4","47119","10"
"McMinn","12","100","Tennessee","5/3/20","14","86","47107","614.29"
"McNairy","0","11","Tennessee","5/3/20","11","0","47109","0"
"Meigs","0","9","Tennessee","5/3/20","6","3","47121","50"
"Monroe","1","21","Tennessee","5/3/20","13","8","47123","61.54"
"Montgomery","2","148","Tennessee","5/3/20","136","12","47125","8.82"
"Moore","0","3","Tennessee","5/3/20","3","0","47127","0"
"Morgan","0","6","Tennessee","5/3/20","6","0","47129","0"
"Obion","0","15","Tennessee","5/3/20","12","3","47131","25"
"Out of TN","-3","311","Tennessee","5/3/20","332","-21","80047","-6.33"
"Overton","0","9","Tennessee","5/3/20","7","2","47133","28.57"
"Perry","1","12","Tennessee","5/3/20","8","4","47135","50"
"Polk","1","11","Tennessee","5/3/20","7","4","47139","57.14"
"Putnam","4","136","Tennessee","5/3/20","109","27","47141","24.77"
"Rhea","0","5","Tennessee","5/3/20","3","2","47143","66.67"
"Roane","0","7","Tennessee","5/3/20","7","0","47145","0"
"Robertson","6","179","Tennessee","5/3/20","136","43","47147","31.62"
"Rutherford","25","579","Tennessee","5/3/20","405","174","47149","42.96"
"Scott","0","11","Tennessee","5/3/20","11","0","47151","0"
"Sequatchie","0","5","Tennessee","5/3/20","5","0","47153","0"
"Sevier","1","51","Tennessee","5/3/20","45","6","47155","13.33"
"Shelby","74","2815","Tennessee","5/3/20","2296","519","47157","22.6"
"Smith","0","22","Tennessee","5/3/20","19","3","47159","15.79"
"Stewart","0","7","Tennessee","5/3/20","7","0","47161","0"
"Sullivan","1","51","Tennessee","5/3/20","47","4","47163","8.51"
"Sumner","9","653","Tennessee","5/3/20","593","60","47165","10.12"
"Tipton","7","146","Tennessee","5/3/20","94","52","47167","55.32"
"Trousdale","185","1346","Tennessee","5/3/20","48","1298","47169","2704.17"
"Unicoi","0","2","Tennessee","5/3/20","1","1","47171","100"
"Union","0","3","Tennessee","5/3/20","3","0","47173","0"
"Van Buren","0","2","Tennessee","5/3/20","2","0","47175","0"
"Warren","0","8","Tennessee","5/3/20","5","3","47177","60"
"Washington","1","57","Tennessee","5/3/20","52","5","47179","9.62"
"Wayne","0","4","Tennessee","5/3/20","2","2","47181","100"
"Weakley","1","23","Tennessee","5/3/20","19","4","47183","21.05"
"White","1","14","Tennessee","5/3/20","4","10","47185","250"
"Williamson","4","427","Tennessee","5/3/20","397","30","47187","7.56"
"Wilson","6","273","Tennessee","5/3/20","233","40","47189","17.17"
"Anderson","2","32","Texas","5/3/20","19","13","48001","68.42"
"Andrews","0","21","Texas","5/3/20","19","2","48003","10.53"
"Angelina","3","55","Texas","5/3/20","36","19","48005","52.78"
"Aransas","0","2","Texas","5/3/20","2","0","48007","0"
"Armstrong","0","2","Texas","5/3/20","2","0","48011","0"
"Atascosa","1","19","Texas","5/3/20","14","5","48013","35.71"
"Austin","0","13","Texas","5/3/20","12","1","48015","8.33"
"Bandera","0","6","Texas","5/3/20","6","0","48019","0"
"Bastrop","4","86","Texas","5/3/20","58","28","48021","48.28"
"Bee","0","6","Texas","5/3/20","6","0","48025","0"
"Bell","4","194","Texas","5/3/20","165","29","48027","17.58"
"Bexar","36","1585","Texas","5/3/20","1334","251","48029","18.82"
"Blanco","0","6","Texas","5/3/20","6","0","48031","0"
"Bosque","0","4","Texas","5/3/20","4","0","48035","0"
"Bowie","1","76","Texas","5/3/20","68","8","48037","11.76"
"Brazoria","14","542","Texas","5/3/20","445","97","48039","21.8"
"Brazos","4","208","Texas","5/3/20","181","27","48041","14.92"
"Brewster","0","1","Texas","5/3/20","0","1","48043","1"
"Briscoe","0","1","Texas","5/3/20","0","1","48045","1"
"Brooks","0","1","Texas","5/3/20","1","0","48047","0"
"Brown","3","36","Texas","5/3/20","17","19","48049","111.76"
"Burleson","0","14","Texas","5/3/20","11","3","48051","27.27"
"Burnet","1","20","Texas","5/3/20","14","6","48053","42.86"
"Caldwell","1","20","Texas","5/3/20","11","9","48055","81.82"
"Calhoun","1","32","Texas","5/3/20","26","6","48057","23.08"
"Callahan","0","2","Texas","5/3/20","1","1","48059","100"
"Cameron","9","432","Texas","5/3/20","366","66","48061","18.03"
"Camp","0","7","Texas","5/3/20","6","1","48063","16.67"
"Carson","0","3","Texas","5/3/20","1","2","48065","200"
"Cass","0","15","Texas","5/3/20","13","2","48067","15.38"
"Castro","0","15","Texas","5/3/20","13","2","48069","15.38"
"Chambers","0","44","Texas","5/3/20","41","3","48071","7.32"
"Cherokee","1","17","Texas","5/3/20","12","5","48073","41.67"
"Childress","0","1","Texas","5/3/20","1","0","48075","0"
"Clay","0","3","Texas","5/3/20","3","0","48077","0"
"Cochran","0","1","Texas","5/3/20","1","0","48079","0"
"Coleman","0","1","Texas","5/3/20","1","0","48083","0"
"Collin","19","784","Texas","5/3/20","654","130","48085","19.88"
"Colorado","0","11","Texas","5/3/20","10","1","48089","10"
"Comal","1","58","Texas","5/3/20","48","10","48091","20.83"
"Comanche","0","3","Texas","5/3/20","4","-1","48093","-25"
"Concho","0","1","Texas","5/3/20","1","0","48095","0"
"Cooke","1","8","Texas","5/3/20","4","4","48097","100"
"Coryell","8","162","Texas","5/3/20","105","57","48099","54.29"
"Cottle","0","2","Texas","5/3/20","0","2","48101","1"
"Crane","0","2","Texas","5/3/20","2","0","48103","0"
"Crosby","0","2","Texas","5/3/20","2","0","48107","0"
"Dallam","1","12","Texas","5/3/20","8","4","48111","50"
"Dallas","160","4133","Texas","5/3/20","3014","1119","48113","37.13"
"Dawson","1","26","Texas","5/3/20","21","5","48115","23.81"
"Deaf Smith","2","35","Texas","5/3/20","21","14","48117","66.67"
"Delta","0","1","Texas","5/3/20","1","0","48119","0"
"Denton","14","799","Texas","5/3/20","702","97","48121","13.82"
"DeWitt","0","15","Texas","5/3/20","15","0","48123","0"
"Dickens","0","1","Texas","5/3/20","1","0","48125","0"
"Dimmit","0","1","Texas","5/3/20","1","0","48127","0"
"Donley","0","25","Texas","5/3/20","24","1","48129","4.17"
"Duval","0","3","Texas","5/3/20","2","1","48131","50"
"Eastland","0","3","Texas","5/3/20","3","0","48133","0"
"Ector","2","81","Texas","5/3/20","67","14","48135","20.9"
"El Paso","29","986","Texas","5/3/20","780","206","48141","26.41"
"Ellis","6","166","Texas","5/3/20","127","39","48139","30.71"
"Erath","0","12","Texas","5/3/20","13","-1","48143","-7.69"
"Falls","0","4","Texas","5/3/20","2","2","48145","100"
"Fannin","1","19","Texas","5/3/20","15","4","48147","26.67"
"Fayette","0","15","Texas","5/3/20","15","0","48149","0"
"Floyd","0","3","Texas","5/3/20","3","0","48153","0"
"Fort Bend","31","1133","Texas","5/3/20","919","214","48157","23.29"
"Franklin","0","2","Texas","5/3/20","1","1","48159","100"
"Freestone","1","7","Texas","5/3/20","3","4","48161","133.33"
"Frio","1","10","Texas","5/3/20","3","7","48163","233.33"
"Gaines","0","2","Texas","5/3/20","2","0","48165","0"
"Galveston","13","629","Texas","5/3/20","539","90","48167","16.7"
"Garza","0","3","Texas","5/3/20","0","3","48169","1"
"Gillespie","0","3","Texas","5/3/20","1","2","48171","200"
"Glasscock","0","1","Texas","5/3/20","0","1","48173","1"
"Goliad","0","7","Texas","5/3/20","7","0","48175","0"
"Gonzales","2","27","Texas","5/3/20","12","15","48177","125"
"Gray","3","58","Texas","5/3/20","37","21","48179","56.76"
"Grayson","3","41","Texas","5/3/20","22","19","48181","86.36"
"Gregg","4","87","Texas","5/3/20","62","25","48183","40.32"
"Grimes","1","22","Texas","5/3/20","13","9","48185","69.23"
"Guadalupe","2","85","Texas","5/3/20","68","17","48187","25"
"Hale","1","29","Texas","5/3/20","19","10","48189","52.63"
"Hamilton","0","5","Texas","5/3/20","5","0","48193","0"
"Hansford","0","7","Texas","5/3/20","4","3","48195","75"
"Hardin","2","103","Texas","5/3/20","92","11","48199","11.96"
"Harris","173","6838","Texas","5/3/20","5628","1210","48201","21.5"
"Harrison","10","140","Texas","5/3/20","71","69","48203","97.18"
"Hartley","0","5","Texas","5/3/20","4","1","48205","25"
"Hays","3","167","Texas","5/3/20","148","19","48209","12.84"
"Hemphill","0","1","Texas","5/3/20","1","0","48211","0"
"Henderson","1","28","Texas","5/3/20","24","4","48213","16.67"
"Hidalgo","5","340","Texas","5/3/20","303","37","48215","12.21"
"Hill","0","17","Texas","5/3/20","15","2","48217","13.33"
"Hockley","0","20","Texas","5/3/20","20","0","48219","0"
"Hood","0","20","Texas","5/3/20","17","3","48221","17.65"
"Hopkins","0","6","Texas","5/3/20","4","2","48223","50"
"Houston","0","7","Texas","5/3/20","6","1","48225","16.67"
"Howard","0","4","Texas","5/3/20","4","0","48227","0"
"Hunt","1","49","Texas","5/3/20","39","10","48231","25.64"
"Hutchinson","1","16","Texas","5/3/20","11","5","48233","45.45"
"Jack","0","4","Texas","5/3/20","4","0","48237","0"
"Jackson","1","14","Texas","5/3/20","6","8","48239","133.33"
"Jasper","1","18","Texas","5/3/20","14","4","48241","28.57"
"Jefferson","8","319","Texas","5/3/20","266","53","48245","19.92"
"Jim Hogg","0","3","Texas","5/3/20","1","2","48247","200"
"Jim Wells","0","5","Texas","5/3/20","3","2","48249","66.67"
"Johnson","4","82","Texas","5/3/20","57","25","48251","43.86"
"Jones","7","62","Texas","5/3/20","13","49","48253","376.92"
"Karnes","0","3","Texas","5/3/20","3","0","48255","0"
"Kaufman","2","87","Texas","5/3/20","71","16","48257","22.54"
"Kendall","0","16","Texas","5/3/20","16","0","48259","0"
"Kerr","0","5","Texas","5/3/20","6","-1","48265","-16.67"
"Kleberg","0","10","Texas","5/3/20","8","2","48273","25"
"Knox","0","1","Texas","5/3/20","1","0","48275","0"
"La Salle","0","1","Texas","5/3/20","1","0","48283","0"
"Lamar","8","67","Texas","5/3/20","8","59","48277","737.5"
"Lamb","0","4","Texas","5/3/20","2","2","48279","100"
"Lampasas","0","4","Texas","5/3/20","2","2","48281","100"
"Lavaca","0","6","Texas","5/3/20","5","1","48285","20"
"Lee","0","2","Texas","5/3/20","2","0","48287","0"
"Leon","0","6","Texas","5/3/20","5","1","48289","20"
"Liberty","1","45","Texas","5/3/20","38","7","48291","18.42"
"Limestone","0","13","Texas","5/3/20","11","2","48293","18.18"
"Lipscomb","0","2","Texas","5/3/20","0","2","48295","1"
"Live Oak","0","5","Texas","5/3/20","5","0","48297","0"
"Llano","0","3","Texas","5/3/20","3","0","48299","0"
"Lubbock","7","549","Texas","5/3/20","497","52","48303","10.46"
"Lynn","0","5","Texas","5/3/20","5","0","48305","0"
"Madison","0","1","Texas","5/3/20","2","-1","48313","-50"
"Marion","1","15","Texas","5/3/20","7","8","48315","114.29"
"Martin","0","2","Texas","5/3/20","2","0","48317","0"
"Mason","3","24","Texas","5/3/20","1","23","48319","2300"
"Matagorda","0","62","Texas","5/3/20","59","3","48321","5.08"
"Maverick","1","26","Texas","5/3/20","16","10","48323","62.5"
"McCulloch","0","3","Texas","5/3/20","3","0","48307","0"
"McLennan","1","91","Texas","5/3/20","81","10","48309","12.35"
"Medina","0","20","Texas","5/3/20","19","1","48325","5.26"
"Midland","2","82","Texas","5/3/20","71","11","48329","15.49"
"Milam","1","17","Texas","5/3/20","13","4","48331","30.77"
"Mitchell","0","1","Texas","5/3/20","1","0","48335","0"
"Montague","0","6","Texas","5/3/20","6","0","48337","0"
"Montgomery","18","634","Texas","5/3/20","506","128","48339","25.3"
"Moore","21","399","Texas","5/3/20","252","147","48341","58.33"
"Morris","1","9","Texas","5/3/20","5","4","48343","80"
"Motley","0","1","Texas","5/3/20","1","0","48345","0"
"Nacogdoches","7","172","Texas","5/3/20","125","47","48347","37.6"
"Navarro","0","31","Texas","5/3/20","28","3","48349","10.71"
"Newton","0","2","Texas","5/3/20","2","0","48351","0"
"Nolan","0","2","Texas","5/3/20","1","1","48353","100"
"Nueces","2","107","Texas","5/3/20","94","13","48355","13.83"
"Ochiltree","2","19","Texas","5/3/20","5","14","48357","280"
"Oldham","0","3","Texas","5/3/20","3","0","48359","0"
"Orange","1","71","Texas","5/3/20","64","7","48361","10.94"
"Palo Pinto","0","8","Texas","5/3/20","7","1","48363","14.29"
"Panola","8","133","Texas","5/3/20","76","57","48365","75"
"Parker","2","35","Texas","5/3/20","24","11","48367","45.83"
"Parmer","1","8","Texas","5/3/20","4","4","48369","100"
"Pecos","0","10","Texas","5/3/20","8","2","48371","25"
"Polk","0","20","Texas","5/3/20","18","2","48373","11.11"
"Potter","63","766","Texas","5/3/20","326","440","48375","134.97"
"Rains","0","2","Texas","5/3/20","2","0","48379","0"
"Randall","15","270","Texas","5/3/20","164","106","48381","64.63"
"Red River","0","1","Texas","5/3/20","1","0","48387","0"
"Reeves","0","5","Texas","5/3/20","2","3","48389","150"
"Roberts","0","2","Texas","5/3/20","2","0","48393","0"
"Robertson","0","4","Texas","5/3/20","2","2","48395","100"
"Rockwall","5","85","Texas","5/3/20","51","34","48397","66.67"
"Runnels","0","2","Texas","5/3/20","0","2","48399","1"
"Rusk","1","36","Texas","5/3/20","32","4","48401","12.5"
"Sabine","0","1","Texas","5/3/20","1","0","48403","0"
"San Augustine","0","19","Texas","5/3/20","16","3","48405","18.75"
"San Jacinto","0","10","Texas","5/3/20","10","0","48407","0"
"San Patricio","0","12","Texas","5/3/20","12","0","48409","0"
"Scurry","0","2","Texas","5/3/20","2","0","48415","0"
"Shelby","3","117","Texas","5/3/20","97","20","48419","20.62"
"Sherman","1","18","Texas","5/3/20","12","6","48421","50"
"Smith","2","146","Texas","5/3/20","132","14","48423","10.61"
"Starr","0","9","Texas","5/3/20","7","2","48427","28.57"
"Stephens","0","1","Texas","5/3/20","1","0","48429","0"
"Swisher","0","9","Texas","5/3/20","9","0","48437","0"
"Tarrant","79","2503","Texas","5/3/20","1947","556","48439","28.56"
"Taylor","19","348","Texas","5/3/20","216","132","48441","61.11"
"Terry","0","11","Texas","5/3/20","10","1","48445","10"
"Titus","1","20","Texas","5/3/20","15","5","48449","33.33"
"Tom Green","5","78","Texas","5/3/20","43","35","48451","81.4"
"Travis","51","1756","Texas","5/3/20","1396","360","48453","25.79"
"Trinity","0","8","Texas","5/3/20","8","0","48455","0"
"Tyler","0","6","Texas","5/3/20","6","0","48457","0"
"Upshur","0","15","Texas","5/3/20","13","2","48459","15.38"
"Uvalde","0","6","Texas","5/3/20","6","0","48463","0"
"Val Verde","0","13","Texas","5/3/20","12","1","48465","8.33"
"Van Zandt","0","16","Texas","5/3/20","13","3","48467","23.08"
"Victoria","3","139","Texas","5/3/20","117","22","48469","18.8"
"Walker","19","298","Texas","5/3/20","164","134","48471","81.71"
"Waller","1","33","Texas","5/3/20","29","4","48473","13.79"
"Washington","5","145","Texas","5/3/20","113","32","48477","28.32"
"Webb","6","385","Texas","5/3/20","340","45","48479","13.24"
"Wharton","0","37","Texas","5/3/20","37","0","48481","0"
"Wheeler","1","9","Texas","5/3/20","5","4","48483","80"
"Wichita","0","65","Texas","5/3/20","62","3","48485","4.84"
"Wilbarger","0","1","Texas","5/3/20","1","0","48487","0"
"Willacy","0","13","Texas","5/3/20","13","0","48489","0"
"Williamson","16","323","Texas","5/3/20","211","112","48491","53.08"
"Wilson","1","33","Texas","5/3/20","29","4","48493","13.79"
"Winkler","0","3","Texas","5/3/20","3","0","48495","0"
"Wise","1","24","Texas","5/3/20","15","9","48497","60"
"Wood","0","10","Texas","5/3/20","7","3","48499","42.86"
"Yoakum","0","1","Texas","5/3/20","1","0","48501","0"
"Young","0","4","Texas","5/3/20","4","0","48503","0"
"Zapata","0","7","Texas","5/3/20","7","0","48505","0"
"Zavala","0","1","Texas","5/3/20","1","0","48507","0"
"Bear River","0","62","Utah","5/3/20","60","2","00000","3.33"
"Central Utah","0","24","Utah","5/3/20","21","3","00000","14.29"
"Davis","4","300","Utah","5/3/20","275","25","49011","9.09"
"Salt Lake","80","2707","Utah","5/3/20","2144","563","49035","26.26"
"San Juan","8","100","Utah","5/3/20","43","57","49037","132.56"
"Southeast Utah","0","11","Utah","5/3/20","12","-1","00000","-8.33"
"Southwest Utah","3","111","Utah","5/3/20","87","24","00000","27.59"
"Summit","3","376","Utah","5/3/20","357","19","49043","5.32"
"Tooele","2","71","Utah","5/3/20","54","17","49045","31.48"
"TriCounty","1","14","Utah","5/3/20","10","4","00000","40"
"Utah","42","1073","Utah","5/3/20","777","296","49049","38.1"
"Wasatch","3","159","Utah","5/3/20","138","21","49051","15.22"
"Weber-Morgan","3","167","Utah","5/3/20","145","22","00000","15.17"
"Addison","0","61","Vermont","5/3/20","61","0","50001","0"
"Bennington","2","51","Vermont","5/3/20","40","11","50003","27.5"
"Caledonia","0","14","Vermont","5/3/20","13","1","50005","7.69"
"Chittenden","2","423","Vermont","5/3/20","410","13","50007","3.17"
"Essex","0","2","Vermont","5/3/20","2","0","50009","0"
"Franklin","1","99","Vermont","5/3/20","91","8","50011","8.79"
"Grand Isle","0","4","Vermont","5/3/20","3","1","50013","33.33"
"Lamoille","0","25","Vermont","5/3/20","26","-1","50015","-3.85"
"Orange","0","7","Vermont","5/3/20","6","1","50017","16.67"
"Orleans","0","9","Vermont","5/3/20","9","0","50019","0"
"Rutland","1","49","Vermont","5/3/20","44","5","50021","11.36"
"Washington","0","35","Vermont","5/3/20","33","2","50023","6.06"
"Windham","0","72","Vermont","5/3/20","69","3","50025","4.35"
"Windsor","0","42","Vermont","5/3/20","39","3","50027","7.69"
"","1","66","Virgin Islands","5/3/20","57","9",,"15.79"
"Accomack","30","400","Virginia","5/3/20","187","213","51001","113.9"
"Albemarle","5","108","Virginia","5/3/20","76","32","51003","42.11"
"Alexandria","44","899","Virginia","5/3/20","591","308","51510","52.12"
"Alleghany","0","6","Virginia","5/3/20","5","1","51005","20"
"Amelia","0","16","Virginia","5/3/20","15","1","51007","6.67"
"Amherst","1","14","Virginia","5/3/20","9","5","51009","55.56"
"Appomattox","1","21","Virginia","5/3/20","17","4","51011","23.53"
"Arlington","45","1106","Virginia","5/3/20","790","316","51013","40"
"Augusta","1","46","Virginia","5/3/20","36","10","51015","27.78"
"Bedford","1","34","Virginia","5/3/20","24","10","51019","41.67"
"Botetourt","0","28","Virginia","5/3/20","27","1","51023","3.7"
"Bristol","0","2","Virginia","5/3/20","1","1","51520","100"
"Brunswick","0","15","Virginia","5/3/20","14","1","51025","7.14"
"Buchanan","0","16","Virginia","5/3/20","13","3","51027","23.08"
"Buckingham","15","137","Virginia","5/3/20","35","102","51029","291.43"
"Buena Vista","0","6","Virginia","5/3/20","5","1","51530","20"
"Campbell","0","13","Virginia","5/3/20","11","2","51031","18.18"
"Caroline","1","31","Virginia","5/3/20","21","10","51033","47.62"
"Carroll","2","15","Virginia","5/3/20","3","12","51035","400"
"Charles City","1","17","Virginia","5/3/20","13","4","51036","30.77"
"Charlotte","0","9","Virginia","5/3/20","7","2","51037","28.57"
"Charlottesville","2","63","Virginia","5/3/20","49","14","51540","28.57"
"Chesapeake","10","279","Virginia","5/3/20","208","71","51550","34.13"
"Chesterfield","21","601","Virginia","5/3/20","457","144","51041","31.51"
"Clarke","0","10","Virginia","5/3/20","7","3","51043","42.86"
"Colonial Heights","2","57","Virginia","5/3/20","45","12","51570","26.67"
"Covington","0","1","Virginia","5/3/20","1","0","51580","0"
"Craig","0","3","Virginia","5/3/20","2","1","51045","50"
"Culpeper","13","191","Virginia","5/3/20","103","88","51047","85.44"
"Cumberland","0","12","Virginia","5/3/20","10","2","51049","20"
"Danville","1","37","Virginia","5/3/20","33","4","51590","12.12"
"Dinwiddie","1","18","Virginia","5/3/20","14","4","51053","28.57"
"Emporia","1","24","Virginia","5/3/20","18","6","51595","33.33"
"Essex","1","11","Virginia","5/3/20","6","5","51057","83.33"
"Fairfax","207","4340","Virginia","5/3/20","2889","1451","51059","50.22"
"Fairfax City","1","32","Virginia","5/3/20","26","6","51600","23.08"
"Falls Church","1","35","Virginia","5/3/20","26","9","51610","34.62"
"Fauquier","7","133","Virginia","5/3/20","87","46","51061","52.87"
"Floyd","0","3","Virginia","5/3/20","1","2","51063","200"
"Fluvanna","1","76","Virginia","5/3/20","72","4","51065","5.56"
"Franklin","1","23","Virginia","5/3/20","19","4","51067","21.05"
"Franklin City","1","23","Virginia","5/3/20","16","7","51620","43.75"
"Frederick","4","121","Virginia","5/3/20","93","28","51069","30.11"
"Fredericksburg","2","39","Virginia","5/3/20","23","16","51630","69.57"
"Galax","1","12","Virginia","5/3/20","4","8","51640","200"
"Giles","0","4","Virginia","5/3/20","4","0","51071","0"
"Gloucester","0","25","Virginia","5/3/20","22","3","51073","13.64"
"Goochland","1","79","Virginia","5/3/20","70","9","51075","12.86"
"Grayson","0","2","Virginia","5/3/20","0","2","51077","1"
"Greene","0","10","Virginia","5/3/20","10","0","51079","0"
"Greensville","1","39","Virginia","5/3/20","30","9","51081","30"
"Halifax","0","19","Virginia","5/3/20","17","2","51083","11.76"
"Hampton","3","123","Virginia","5/3/20","104","19","51650","18.27"
"Hanover","5","137","Virginia","5/3/20","105","32","51085","30.48"
"Harrisonburg","15","478","Virginia","5/3/20","371","107","51660","28.84"
"Henrico","23","954","Virginia","5/3/20","792","162","51087","20.45"
"Henry","1","19","Virginia","5/3/20","14","5","51089","35.71"
"Highland","0","2","Virginia","5/3/20","1","1","51091","100"
"Hopewell","1","27","Virginia","5/3/20","22","5","51670","22.73"
"Isle of Wight","1","99","Virginia","5/3/20","93","6","51093","6.45"
"James City","1","163","Virginia","5/3/20","153","10","51095","6.54"
"King and Queen","0","3","Virginia","5/3/20","2","1","51097","50"
"King George","1","35","Virginia","5/3/20","27","8","51099","29.63"
"King William","1","9","Virginia","5/3/20","5","4","51101","80"
"Lancaster","0","4","Virginia","5/3/20","1","3","51103","300"
"Lee","0","10","Virginia","5/3/20","8","2","51105","25"
"Lexington","0","6","Virginia","5/3/20","3","3","51678","100"
"Loudoun","48","931","Virginia","5/3/20","596","335","51107","56.21"
"Louisa","1","46","Virginia","5/3/20","40","6","51109","15"
"Lunenburg","0","4","Virginia","5/3/20","4","0","51111","0"
"Lynchburg","2","64","Virginia","5/3/20","50","14","51680","28"
"Madison","0","15","Virginia","5/3/20","14","1","51113","7.14"
"Manassas","15","266","Virginia","5/3/20","158","108","51683","68.35"
"Manassas Park","5","82","Virginia","5/3/20","45","37","51685","82.22"
"Martinsville","0","2","Virginia","5/3/20","0","2","51690","1"
"Mathews","0","4","Virginia","5/3/20","4","0","51115","0"
"Mecklenburg","2","106","Virginia","5/3/20","94","12","51117","12.77"
"Middlesex","0","7","Virginia","5/3/20","4","3","51119","75"
"Montgomery","1","56","Virginia","5/3/20","51","5","51121","9.8"
"Nelson","0","8","Virginia","5/3/20","7","1","51125","14.29"
"New Kent","1","25","Virginia","5/3/20","20","5","51127","25"
"Newport News","2","125","Virginia","5/3/20","111","14","51700","12.61"
"Norfolk","6","221","Virginia","5/3/20","179","42","51710","23.46"
"Northampton","16","134","Virginia","5/3/20","24","110","51131","458.33"
"Northumberland","0","9","Virginia","5/3/20","8","1","51133","12.5"
"Norton","0","2","Virginia","5/3/20","2","0","51720","0"
"Nottoway","0","13","Virginia","5/3/20","11","2","51135","18.18"
"Orange","2","37","Virginia","5/3/20","26","11","51137","42.31"
"Page","4","109","Virginia","5/3/20","84","25","51139","29.76"
"Patrick","0","2","Virginia","5/3/20","2","0","51141","0"
"Petersburg","1","35","Virginia","5/3/20","27","8","51730","29.63"
"Pittsylvania","0","14","Virginia","5/3/20","11","3","51143","27.27"
"Poquoson","0","6","Virginia","5/3/20","6","0","51735","0"
"Portsmouth","11","183","Virginia","5/3/20","108","75","51740","69.44"
"Powhatan","1","15","Virginia","5/3/20","11","4","51145","36.36"
"Prince Edward","2","55","Virginia","5/3/20","41","14","51147","34.15"
"Prince George","1","35","Virginia","5/3/20","30","5","51149","16.67"
"Prince William","109","2026","Virginia","5/3/20","1265","761","51153","60.16"
"Pulaski","0","9","Virginia","5/3/20","10","-1","51155","-10"
"Radford","0","3","Virginia","5/3/20","3","0","51750","0"
"Rappahannock","1","6","Virginia","5/3/20","2","4","51157","200"
"Richmond","8","145","Virginia","5/3/20","89","56","51159","62.92"
"Richmond City","15","403","Virginia","5/3/20","301","102","51760","33.89"
"Roanoke","3","57","Virginia","5/3/20","39","18","51161","46.15"
"Roanoke City","7","81","Virginia","5/3/20","33","48","51770","145.45"
"Rockbridge","0","7","Virginia","5/3/20","5","2","51163","40"
"Rockingham","12","265","Virginia","5/3/20","184","81","51165","44.02"
"Russell","0","5","Virginia","5/3/20","3","2","51167","66.67"
"Salem","2","26","Virginia","5/3/20","9","17","51775","188.89"
"Scott","0","7","Virginia","5/3/20","6","1","51169","16.67"
"Shenandoah","10","145","Virginia","5/3/20","74","71","51171","95.95"
"Smyth","0","13","Virginia","5/3/20","13","0","51173","0"
"Southampton","2","127","Virginia","5/3/20","115","12","51175","10.43"
"Spotsylvania","11","186","Virginia","5/3/20","107","79","51177","73.83"
"Stafford","8","271","Virginia","5/3/20","213","58","51179","27.23"
"Staunton","0","13","Virginia","5/3/20","10","3","51790","30"
"Suffolk","6","190","Virginia","5/3/20","147","43","51800","29.25"
"Surry","0","4","Virginia","5/3/20","4","0","51181","0"
"Sussex","0","31","Virginia","5/3/20","28","3","51183","10.71"
"Tazewell","0","6","Virginia","5/3/20","4","2","51185","50"
"Virginia Beach","10","413","Virginia","5/3/20","345","68","51810","19.71"
"Warren","3","61","Virginia","5/3/20","43","18","51187","41.86"
"Washington","1","39","Virginia","5/3/20","34","5","51191","14.71"
"Waynesboro","1","14","Virginia","5/3/20","10","4","51820","40"
"Westmoreland","1","26","Virginia","5/3/20","20","6","51193","30"
"Williamsburg","1","22","Virginia","5/3/20","15","7","51830","46.67"
"Winchester","2","49","Virginia","5/3/20","33","16","51840","48.48"
"Wise","0","22","Virginia","5/3/20","20","2","51195","10"
"Wythe","0","12","Virginia","5/3/20","11","1","51197","9.09"
"York","0","47","Virginia","5/3/20","44","3","51199","6.82"
"Adams","0","48","Washington","5/3/20","46","2","53001","4.35"
"Asotin","0","18","Washington","5/3/20","17","1","53003","5.88"
"Benton","16","518","Washington","5/3/20","405","113","53005","27.9"
"Chelan","4","118","Washington","5/3/20","91","27","53007","29.67"
"Clallam","1","19","Washington","5/3/20","15","4","53009","26.67"
"Clark","4","328","Washington","5/3/20","297","31","53011","10.44"
"Columbia","0","1","Washington","5/3/20","1","0","53013","0"
"Cowlitz","2","53","Washington","5/3/20","39","14","53015","35.9"
"Douglas","1","82","Washington","5/3/20","72","10","53017","13.89"
"Ferry","0","1","Washington","5/3/20","1","0","53019","0"
"Franklin","16","363","Washington","5/3/20","251","112","53021","44.62"
"Grant","3","170","Washington","5/3/20","150","20","53025","13.33"
"Grays Harbor","0","12","Washington","5/3/20","12","0","53027","0"
"Island","1","169","Washington","5/3/20","160","9","53029","5.62"
"Jefferson","0","28","Washington","5/3/20","28","0","53031","0"
"King","84","6449","Washington","5/3/20","5863","586","53033","9.99"
"Kitsap","1","150","Washington","5/3/20","144","6","53035","4.17"
"Kittitas","0","15","Washington","5/3/20","14","1","53037","7.14"
"Klickitat","0","18","Washington","5/3/20","16","2","53039","12.5"
"Lewis","0","29","Washington","5/3/20","29","0","53041","0"
"Lincoln","0","2","Washington","5/3/20","2","0","53043","0"
"Mason","1","26","Washington","5/3/20","22","4","53045","18.18"
"Okanogan","0","21","Washington","5/3/20","19","2","53047","10.53"
"Pacific","0","4","Washington","5/3/20","4","0","53049","0"
"Pend Oreille","0","2","Washington","5/3/20","2","0","53051","0"
"Pierce","21","1393","Washington","5/3/20","1244","149","53053","11.98"
"San Juan","0","14","Washington","5/3/20","14","0","53055","0"
"Skagit","8","354","Washington","5/3/20","299","55","53057","18.39"
"Skamania","0","3","Washington","5/3/20","3","0","53059","0"
"Snohomish","28","2509","Washington","5/3/20","2311","198","53061","8.57"
"Spokane","3","369","Washington","5/3/20","347","22","53063","6.34"
"Stevens","0","9","Washington","5/3/20","9","0","53065","0"
"Thurston","2","111","Washington","5/3/20","100","11","53067","11"
"Wahkiakum","0","2","Washington","5/3/20","2","0","53069","0"
"Walla Walla","5","88","Washington","5/3/20","52","36","53071","69.23"
"Whatcom","4","316","Washington","5/3/20","288","28","53073","9.72"
"Whitman","0","14","Washington","5/3/20","14","0","53075","0"
"Yakima","40","1296","Washington","5/3/20","1015","281","53077","27.68"
"Barbour","0","5","West Virginia","5/3/20","4","1","54001","25"
"Berkeley","4","159","West Virginia","5/3/20","131","28","54003","21.37"
"Boone","1","6","West Virginia","5/3/20","2","4","54005","200"
"Braxton","0","2","West Virginia","5/3/20","2","0","54007","0"
"Brooke","0","3","West Virginia","5/3/20","4","-1","54009","-25"
"Cabell","1","44","West Virginia","5/3/20","40","4","54011","10"
"Fayette","1","15","West Virginia","5/3/20","9","6","54019","66.67"
"Gilmer","0","2","West Virginia","5/3/20","2","0","54021","0"
"Grant","0","1","West Virginia","5/3/20","1","0","54023","0"
"Greenbrier","0","6","West Virginia","5/3/20","3","3","54025","100"
"Hampshire","0","7","West Virginia","5/3/20","7","0","54027","0"
"Hancock","0","11","West Virginia","5/3/20","8","3","54029","37.5"
"Hardy","1","7","West Virginia","5/3/20","3","4","54031","133.33"
"Harrison","0","31","West Virginia","5/3/20","30","1","54033","3.33"
"Jackson","0","130","West Virginia","5/3/20","127","3","54035","2.36"
"Jefferson","1","81","West Virginia","5/3/20","71","10","54037","14.08"
"Kanawha","2","167","West Virginia","5/3/20","153","14","54039","9.15"
"Lewis","0","4","West Virginia","5/3/20","3","1","54041","33.33"
"Lincoln","0","2","West Virginia","5/3/20","1","1","54043","100"
"Logan","0","13","West Virginia","5/3/20","12","1","54045","8.33"
"Marion","0","46","West Virginia","5/3/20","45","1","54049","2.22"
"Marshall","1","16","West Virginia","5/3/20","11","5","54051","45.45"
"Mason","0","12","West Virginia","5/3/20","11","1","54053","9.09"
"McDowell","0","6","West Virginia","5/3/20","6","0","54047","0"
"Mercer","0","10","West Virginia","5/3/20","9","1","54055","11.11"
"Mineral","0","18","West Virginia","5/3/20","15","3","54057","20"
"Mingo","0","2","West Virginia","5/3/20","2","0","54059","0"
"Monongalia","1","105","West Virginia","5/3/20","101","4","54061","3.96"
"Monroe","0","5","West Virginia","5/3/20","5","0","54063","0"
"Morgan","1","13","West Virginia","5/3/20","9","4","54065","44.44"
"Nicholas","0","6","West Virginia","5/3/20","6","0","54067","0"
"Ohio","1","33","West Virginia","5/3/20","26","7","54069","26.92"
"Pendleton","0","3","West Virginia","5/3/20","3","0","54071","0"
"Pleasants","0","2","West Virginia","5/3/20","2","0","54073","0"
"Pocahontas","0","2","West Virginia","5/3/20","0","2","54075","1"
"Preston","0","13","West Virginia","5/3/20","13","0","54077","0"
"Putnam","1","28","West Virginia","5/3/20","18","10","54079","55.56"
"Raleigh","0","11","West Virginia","5/3/20","9","2","54081","22.22"
"Randolph","0","4","West Virginia","5/3/20","4","0","54083","0"
"Ritchie","0","1","West Virginia","5/3/20","0","1","54085","1"
"Roane","0","7","West Virginia","5/3/20","4","3","54087","75"
"Summers","0","1","West Virginia","5/3/20","1","0","54089","0"
"Taylor","0","7","West Virginia","5/3/20","6","1","54091","16.67"
"Tucker","0","4","West Virginia","5/3/20","4","0","54093","0"
"Tyler","0","3","West Virginia","5/3/20","3","0","54095","0"
"Upshur","0","4","West Virginia","5/3/20","4","0","54097","0"
"Wayne","1","89","West Virginia","5/3/20","82","7","54099","8.54"
"Wetzel","0","3","West Virginia","5/3/20","3","0","54103","0"
"Wirt","0","3","West Virginia","5/3/20","3","0","54105","0"
"Wood","1","41","West Virginia","5/3/20","36","5","54107","13.89"
"Wyoming","0","1","West Virginia","5/3/20","1","0","54109","0"
"Adams","0","4","Wisconsin","5/3/20","4","0","55001","0"
"Ashland","0","2","Wisconsin","5/3/20","2","0","55003","0"
"Barron","0","7","Wisconsin","5/3/20","6","1","55005","16.67"
"Bayfield","0","3","Wisconsin","5/3/20","3","0","55007","0"
"Brown","83","1358","Wisconsin","5/3/20","776","582","55009","75"
"Buffalo","0","4","Wisconsin","5/3/20","4","0","55011","0"
"Calumet","2","18","Wisconsin","5/3/20","7","11","55015","157.14"
"Chippewa","1","25","Wisconsin","5/3/20","20","5","55017","25"
"Clark","0","21","Wisconsin","5/3/20","19","2","55019","10.53"
"Columbia","0","29","Wisconsin","5/3/20","27","2","55021","7.41"
"Crawford","0","5","Wisconsin","5/3/20","3","2","55023","66.67"
"Dane","4","436","Wisconsin","5/3/20","405","31","55025","7.65"
"Dodge","1","38","Wisconsin","5/3/20","29","9","55027","31.03"
"Door","1","15","Wisconsin","5/3/20","10","5","55029","50"
"Douglas","0","9","Wisconsin","5/3/20","9","0","55031","0"
"Dunn","0","12","Wisconsin","5/3/20","9","3","55033","33.33"
"Eau Claire","2","36","Wisconsin","5/3/20","25","11","55035","44"
"Florence","0","2","Wisconsin","5/3/20","2","0","55037","0"
"Fond du Lac","1","73","Wisconsin","5/3/20","69","4","55039","5.8"
"Grant","3","48","Wisconsin","5/3/20","30","18","55043","60"
"Green","1","15","Wisconsin","5/3/20","11","4","55045","36.36"
"Green Lake","0","3","Wisconsin","5/3/20","1","2","55047","200"
"Iowa","0","7","Wisconsin","5/3/20","7","0","55049","0"
"Iron","0","2","Wisconsin","5/3/20","2","0","55051","0"
"Jackson","0","12","Wisconsin","5/3/20","12","0","55053","0"
"Jefferson","1","46","Wisconsin","5/3/20","39","7","55055","17.95"
"Juneau","1","18","Wisconsin","5/3/20","12","6","55057","50"
"Kenosha","28","534","Wisconsin","5/3/20","339","195","55059","57.52"
"Kewaunee","1","18","Wisconsin","5/3/20","10","8","55061","80"
"La Crosse","0","29","Wisconsin","5/3/20","26","3","55063","11.54"
"Lafayette","0","6","Wisconsin","5/3/20","4","2","55065","50"
"Lincoln","0","1","Wisconsin","5/3/20","0","1","55069","1"
"Manitowoc","0","13","Wisconsin","5/3/20","10","3","55071","30"
"Marathon","0","19","Wisconsin","5/3/20","18","1","55073","5.56"
"Marinette","1","11","Wisconsin","5/3/20","7","4","55075","57.14"
"Marquette","0","3","Wisconsin","5/3/20","3","0","55077","0"
"Menominee","0","1","Wisconsin","5/3/20","1","0","55078","0"
"Milwaukee","88","3244","Wisconsin","5/3/20","2629","615","55079","23.39"
"Monroe","0","14","Wisconsin","5/3/20","14","0","55081","0"
"Oconto","2","18","Wisconsin","5/3/20","7","11","55083","157.14"
"Oneida","0","6","Wisconsin","5/3/20","6","0","55085","0"
"Outagamie","3","68","Wisconsin","5/3/20","46","22","55087","47.83"
"Ozaukee","1","92","Wisconsin","5/3/20","85","7","55089","8.24"
"Pierce","0","10","Wisconsin","5/3/20","9","1","55093","11.11"
"Polk","0","4","Wisconsin","5/3/20","4","0","55095","0"
"Portage","0","6","Wisconsin","5/3/20","4","2","55097","50"
"Price","0","1","Wisconsin","5/3/20","1","0","55099","0"
"Racine","24","435","Wisconsin","5/3/20","270","165","55101","61.11"
"Richland","0","13","Wisconsin","5/3/20","11","2","55103","18.18"
"Rock","16","262","Wisconsin","5/3/20","151","111","55105","73.51"
"Rusk","0","4","Wisconsin","5/3/20","4","0","55107","0"
"Sauk","4","65","Wisconsin","5/3/20","40","25","55111","62.5"
"Sawyer","0","3","Wisconsin","5/3/20","3","0","55113","0"
"Shawano","1","16","Wisconsin","5/3/20","8","8","55115","100"
"Sheboygan","1","52","Wisconsin","5/3/20","45","7","55117","15.56"
"St. Croix","1","18","Wisconsin","5/3/20","13","5","55109","38.46"
"Trempealeau","0","3","Wisconsin","5/3/20","2","1","55121","50"
"Vernon","0","1","Wisconsin","5/3/20","1","0","55123","0"
"Vilas","0","4","Wisconsin","5/3/20","4","0","55125","0"
"Walworth","9","197","Wisconsin","5/3/20","135","62","55127","45.93"
"Washburn","0","1","Wisconsin","5/3/20","1","0","55129","0"
"Washington","1","101","Wisconsin","5/3/20","92","9","55131","9.78"
"Waukesha","8","360","Wisconsin","5/3/20","307","53","55133","17.26"
"Waupaca","0","10","Wisconsin","5/3/20","7","3","55135","42.86"
"Waushara","0","2","Wisconsin","5/3/20","2","0","55137","0"
"Winnebago","3","69","Wisconsin","5/3/20","48","21","55139","43.75"
"Wood","0","2","Wisconsin","5/3/20","2","0","55141","0"
"Albany","0","8","Wyoming","5/3/20","6","2","56001","33.33"
"Big Horn","0","3","Wyoming","5/3/20","2","1","56003","50"
"Campbell","0","24","Wyoming","5/3/20","23","1","56005","4.35"
"Carbon","0","5","Wyoming","5/3/20","6","-1","56007","-16.67"
"Converse","1","23","Wyoming","5/3/20","16","7","56009","43.75"
"Crook","0","5","Wyoming","5/3/20","5","0","56011","0"
"Fremont","6","131","Wyoming","5/3/20","91","40","56013","43.96"
"Goshen","0","4","Wyoming","5/3/20","4","0","56015","0"
"Hot Springs","0","3","Wyoming","5/3/20","3","0","56017","0"
"Johnson","0","15","Wyoming","5/3/20","15","0","56019","0"
"Laramie","4","154","Wyoming","5/3/20","125","29","56021","23.2"
"Lincoln","0","9","Wyoming","5/3/20","9","0","56023","0"
"Natrona","0","48","Wyoming","5/3/20","49","-1","56025","-2.04"
"Niobrara","0","2","Wyoming","5/3/20","2","0","56027","0"
"Park","0","1","Wyoming","5/3/20","1","0","56029","0"
"Sheridan","0","16","Wyoming","5/3/20","16","0","56033","0"
"Sublette","0","3","Wyoming","5/3/20","3","0","56035","0"
"Sweetwater","0","18","Wyoming","5/3/20","16","2","56037","12.5"
"Teton","0","98","Wyoming","5/3/20","95","3","56039","3.16"
"Uinta","0","8","Wyoming","5/3/20","7","1","56041","14.29"
"Washakie","0","8","Wyoming","5/3/20","8","0","56043","0"
