"Locality","DailyAvgNewCasesPast7Days","TotalCases","State","Date","TotalCases7DaysAgo","NewCasesPast7Days","FIPS-Code","PercentIncreaseTotalCasesPast7Days"
"Autauga","1","42","Alabama","5/1/20","36","6","01001","16.67"
"Baldwin","4","175","Alabama","5/1/20","147","28","01003","19.05"
"Barbour","1","42","Alabama","5/1/20","32","10","01005","31.25"
"Bibb","1","42","Alabama","5/1/20","34","8","01007","23.53"
"Blount","1","39","Alabama","5/1/20","31","8","01009","25.81"
"Bullock","0","14","Alabama","5/1/20","12","2","01011","16.67"
"Butler","6","65","Alabama","5/1/20","21","44","01013","209.52"
"Calhoun","1","93","Alabama","5/1/20","89","4","01015","4.49"
"Chambers","1","290","Alabama","5/1/20","282","8","01017","2.84"
"Cherokee","0","15","Alabama","5/1/20","12","3","01019","25"
"Chilton","0","52","Alabama","5/1/20","49","3","01021","6.12"
"Choctaw","3","49","Alabama","5/1/20","25","24","01023","96"
"Clarke","1","34","Alabama","5/1/20","24","10","01025","41.67"
"Clay","0","21","Alabama","5/1/20","19","2","01027","10.53"
"Cleburne","0","12","Alabama","5/1/20","12","0","01029","0"
"Coffee","4","117","Alabama","5/1/20","87","30","01031","34.48"
"Colbert","1","33","Alabama","5/1/20","23","10","01033","43.48"
"Conecuh","0","9","Alabama","5/1/20","9","0","01035","0"
"Coosa","0","29","Alabama","5/1/20","29","0","01037","0"
"Covington","1","38","Alabama","5/1/20","31","7","01039","22.58"
"Crenshaw","1","19","Alabama","5/1/20","10","9","01041","90"
"Cullman","1","57","Alabama","5/1/20","47","10","01043","21.28"
"Dale","1","27","Alabama","5/1/20","23","4","01045","17.39"
"Dallas","1","42","Alabama","5/1/20","32","10","01047","31.25"
"DeKalb","2","76","Alabama","5/1/20","61","15","01049","24.59"
"Elmore","2","88","Alabama","5/1/20","74","14","01051","18.92"
"Escambia","1","29","Alabama","5/1/20","22","7","01053","31.82"
"Etowah","3","139","Alabama","5/1/20","121","18","01055","14.88"
"Fayette","0","6","Alabama","5/1/20","4","2","01057","50"
"Franklin","7","78","Alabama","5/1/20","32","46","01059","143.75"
"Geneva","0","9","Alabama","5/1/20","6","3","01061","50"
"Greene","1","54","Alabama","5/1/20","44","10","01063","22.73"
"Hale","2","50","Alabama","5/1/20","39","11","01065","28.21"
"Henry","0","24","Alabama","5/1/20","22","2","01067","9.09"
"Houston","2","90","Alabama","5/1/20","76","14","01069","18.42"
"Jackson","1","49","Alabama","5/1/20","45","4","01071","8.89"
"Jefferson","19","929","Alabama","5/1/20","797","132","01073","16.56"
"Lamar","0","11","Alabama","5/1/20","10","1","01075","10"
"Lauderdale","4","50","Alabama","5/1/20","25","25","01077","100"
"Lawrence","0","13","Alabama","5/1/20","12","1","01079","8.33"
"Lee","6","391","Alabama","5/1/20","351","40","01081","11.4"
"Limestone","0","44","Alabama","5/1/20","41","3","01083","7.32"
"Lowndes","4","67","Alabama","5/1/20","36","31","01085","86.11"
"Macon","1","37","Alabama","5/1/20","29","8","01087","27.59"
"Madison","3","225","Alabama","5/1/20","202","23","01089","11.39"
"Marengo","2","52","Alabama","5/1/20","39","13","01091","33.33"
"Marion","1","78","Alabama","5/1/20","69","9","01093","13.04"
"Marshall","9","328","Alabama","5/1/20","267","61","01095","22.85"
"Mobile","36","1099","Alabama","5/1/20","845","254","01097","30.06"
"Monroe","0","13","Alabama","5/1/20","11","2","01099","18.18"
"Montgomery","12","355","Alabama","5/1/20","274","81","01101","29.56"
"Morgan","2","71","Alabama","5/1/20","55","16","01103","29.09"
"Perry","0","10","Alabama","5/1/20","9","1","01105","11.11"
"Pickens","1","50","Alabama","5/1/20","45","5","01107","11.11"
"Pike","2","69","Alabama","5/1/20","58","11","01109","18.97"
"Randolph","0","62","Alabama","5/1/20","60","2","01111","3.33"
"Russell","1","60","Alabama","5/1/20","53","7","01113","13.21"
"Shelby","4","320","Alabama","5/1/20","294","26","01117","8.84"
"St. Clair","1","73","Alabama","5/1/20","63","10","01115","15.87"
"Sumter","2","68","Alabama","5/1/20","51","17","01119","33.33"
"Talladega","1","61","Alabama","5/1/20","54","7","01121","12.96"
"Tallapoosa","4","286","Alabama","5/1/20","261","25","01123","9.58"
"Tuscaloosa","4","210","Alabama","5/1/20","182","28","01125","15.38"
"Walker","1","97","Alabama","5/1/20","89","8","01127","8.99"
"Washington","2","35","Alabama","5/1/20","19","16","01129","84.21"
"Wilcox","2","67","Alabama","5/1/20","53","14","01131","26.42"
"Winston","1","15","Alabama","5/1/20","10","5","01133","50"
"Anchorage","2","185","Alaska","5/1/20","168","17","02020","10.12"
"Bethel","0","1","Alaska","5/1/20","1","0","02050","0"
"Fairbanks North Star","0","82","Alaska","5/1/20","79","3","02090","3.8"
"Juneau","0","27","Alaska","5/1/20","27","0","02110","0"
"Kenai Peninsula","0","21","Alaska","5/1/20","19","2","02122","10.53"
"Ketchikan Gateway","0","16","Alaska","5/1/20","16","0","02130","0"
"Kodiak Island","0","1","Alaska","5/1/20","1","0","02150","0"
"Matanuska-Susitna","0","21","Alaska","5/1/20","20","1","02170","5"
"Nome","0","1","Alaska","5/1/20","1","0","02180","0"
"Petersburg","0","4","Alaska","5/1/20","3","1","02195","33.33"
"Prince of Wales-Hyder","0","2","Alaska","5/1/20","2","0","02198","0"
"Sitka","0","1","Alaska","5/1/20","0","1","02220","1"
"Southeast Fairbanks","0","1","Alaska","5/1/20","1","0","02240","0"
"Yukon-Koyukuk","0","1","Alaska","5/1/20","1","0","02290","0"
"Apache","26","478","Arizona","5/1/20","296","182","04001","61.49"
"Cochise","1","39","Arizona","5/1/20","34","5","04003","14.71"
"Coconino","15","498","Arizona","5/1/20","391","107","04005","27.37"
"Gila","0","13","Arizona","5/1/20","11","2","04007","18.18"
"Graham","1","17","Arizona","5/1/20","7","10","04009","142.86"
"Greenlee","0","2","Arizona","5/1/20","2","0","04011","0"
"La Paz","1","15","Arizona","5/1/20","8","7","04012","87.5"
"Maricopa","149","4156","Arizona","5/1/20","3116","1040","04013","33.38"
"Mohave","7","122","Arizona","5/1/20","73","49","04015","67.12"
"Navajo","23","741","Arizona","5/1/20","583","158","04017","27.1"
"Pima","30","1267","Arizona","5/1/20","1060","207","04019","19.53"
"Pinal","14","417","Arizona","5/1/20","317","100","04021","31.55"
"Santa Cruz","0","33","Arizona","5/1/20","30","3","04023","10"
"Yavapai","1","82","Arizona","5/1/20","75","7","04025","9.33"
"Yuma","7","89","Arizona","5/1/20","42","47","04027","111.9"
"Arkansas","0","2","Arkansas","5/1/20","2","0","05001","0"
"Ashley","0","16","Arkansas","5/1/20","13","3","05003","23.08"
"Baxter","0","5","Arkansas","5/1/20","5","0","05005","0"
"Benton","4","107","Arkansas","5/1/20","77","30","05007","38.96"
"Boone","0","5","Arkansas","5/1/20","4","1","05009","25"
"Bradley","1","12","Arkansas","5/1/20","7","5","05011","71.43"
"Carroll","0","5","Arkansas","5/1/20","3","2","05015","66.67"
"Chicot","0","9","Arkansas","5/1/20","7","2","05017","28.57"
"Clark","0","30","Arkansas","5/1/20","28","2","05019","7.14"
"Clay","0","3","Arkansas","5/1/20","1","2","05021","200"
"Cleburne","0","73","Arkansas","5/1/20","72","1","05023","1.39"
"Cleveland","0","11","Arkansas","5/1/20","8","3","05025","37.5"
"Columbia","1","13","Arkansas","5/1/20","6","7","05027","116.67"
"Conway","0","13","Arkansas","5/1/20","10","3","05029","30"
"Craighead","3","80","Arkansas","5/1/20","58","22","05031","37.93"
"Crawford","0","4","Arkansas","5/1/20","4","0","05033","0"
"Crittenden","3","188","Arkansas","5/1/20","167","21","05035","12.57"
"Cross","1","21","Arkansas","5/1/20","11","10","05037","90.91"
"Dallas","0","1","Arkansas","5/1/20","1","0","05039","0"
"Desha","0","16","Arkansas","5/1/20","16","0","05041","0"
"Drew","0","16","Arkansas","5/1/20","13","3","05043","23.08"
"Faulkner","1","76","Arkansas","5/1/20","67","9","05045","13.43"
"Franklin","0","2","Arkansas","5/1/20","1","1","05047","100"
"Fulton","0","1","Arkansas","5/1/20","1","0","05049","0"
"Garland","1","117","Arkansas","5/1/20","110","7","05051","6.36"
"Grant","0","14","Arkansas","5/1/20","11","3","05053","27.27"
"Greene","0","16","Arkansas","5/1/20","14","2","05055","14.29"
"Hempstead","0","6","Arkansas","5/1/20","5","1","05057","20"
"Hot Spring","1","19","Arkansas","5/1/20","9","10","05059","111.11"
"Howard","0","13","Arkansas","5/1/20","13","0","05061","0"
"Independence","0","10","Arkansas","5/1/20","9","1","05063","11.11"
"Izard","0","6","Arkansas","5/1/20","3","3","05065","100"
"Jackson","0","1","Arkansas","5/1/20","1","0","05067","0"
"Jefferson","5","177","Arkansas","5/1/20","145","32","05069","22.07"
"Johnson","1","31","Arkansas","5/1/20","26","5","05071","19.23"
"Lafayette","0","8","Arkansas","5/1/20","6","2","05073","33.33"
"Lawrence","3","59","Arkansas","5/1/20","38","21","05075","55.26"
"Lee","0","3","Arkansas","5/1/20","3","0","05077","0"
"Lincoln","16","816","Arkansas","5/1/20","707","109","05079","15.42"
"Logan","0","3","Arkansas","5/1/20","3","0","05083","0"
"Lonoke","1","41","Arkansas","5/1/20","31","10","05085","32.26"
"Madison","0","1","Arkansas","5/1/20","1","0","05087","0"
"Marion","0","1","Arkansas","5/1/20","1","0","05089","0"
"Miller","0","34","Arkansas","5/1/20","32","2","05091","6.25"
"Mississippi","1","20","Arkansas","5/1/20","10","10","05093","100"
"Monroe","0","4","Arkansas","5/1/20","4","0","05095","0"
"Montgomery","0","1","Arkansas","5/1/20","0","1","05097","1"
"Nevada","0","1","Arkansas","5/1/20","1","0","05099","0"
"Newton","0","3","Arkansas","5/1/20","3","0","05101","0"
"Ouachita","0","7","Arkansas","5/1/20","5","2","05103","40"
"Perry","0","7","Arkansas","5/1/20","6","1","05105","16.67"
"Phillips","0","5","Arkansas","5/1/20","4","1","05107","25"
"Pike","0","3","Arkansas","5/1/20","3","0","05109","0"
"Poinsett","1","23","Arkansas","5/1/20","14","9","05111","64.29"
"Polk","0","8","Arkansas","5/1/20","7","1","05113","14.29"
"Pope","1","43","Arkansas","5/1/20","37","6","05115","16.22"
"Prairie","0","2","Arkansas","5/1/20","2","0","05117","0"
"Pulaski","12","527","Arkansas","5/1/20","440","87","05119","19.77"
"Randolph","0","18","Arkansas","5/1/20","15","3","05121","20"
"Saline","2","67","Arkansas","5/1/20","54","13","05125","24.07"
"Scott","0","1","Arkansas","5/1/20","1","0","05127","0"
"Searcy","0","6","Arkansas","5/1/20","6","0","05129","0"
"Sebastian","0","13","Arkansas","5/1/20","12","1","05131","8.33"
"Sevier","0","12","Arkansas","5/1/20","10","2","05133","20"
"Sharp","1","10","Arkansas","5/1/20","2","8","05135","400"
"St. Francis","1","84","Arkansas","5/1/20","74","10","05123","13.51"
"Stone","0","7","Arkansas","5/1/20","7","0","05137","0"
"Union","3","54","Arkansas","5/1/20","30","24","05139","80"
"Van Buren","0","28","Arkansas","5/1/20","26","2","05141","7.69"
"Washington","2","87","Arkansas","5/1/20","71","16","05143","22.54"
"White","1","34","Arkansas","5/1/20","30","4","05145","13.33"
"Woodruff","0","1","Arkansas","5/1/20","1","0","05147","0"
"Yell","0","3","Arkansas","5/1/20","3","0","05149","0"
"Alameda","33","1636","California","5/1/20","1403","233","06001","16.61"
"Alpine","0","2","California","5/1/20","2","0","06003","0"
"Amador","0","8","California","5/1/20","8","0","06005","0"
"Butte","0","16","California","5/1/20","16","0","06007","0"
"Calaveras","0","13","California","5/1/20","13","0","06009","0"
"Colusa","0","3","California","5/1/20","3","0","06011","0"
"Contra Costa","17","907","California","5/1/20","786","121","06013","15.39"
"Del Norte","0","3","California","5/1/20","2","1","06015","50"
"El Dorado","1","47","California","5/1/20","42","5","06017","11.9"
"Fresno","25","615","California","5/1/20","443","172","06019","38.83"
"Glenn","0","5","California","5/1/20","5","0","06021","0"
"Humboldt","0","54","California","5/1/20","53","1","06023","1.89"
"Imperial","12","333","California","5/1/20","251","82","06025","32.67"
"Inyo","0","19","California","5/1/20","19","0","06027","0"
"Kern","29","939","California","5/1/20","735","204","06029","27.76"
"Kings","11","123","California","5/1/20","47","76","06031","161.7"
"Lake","0","7","California","5/1/20","6","1","06033","16.67"
"Los Angeles","817","24262","California","5/1/20","18545","5717","06037","30.83"
"Madera","1","46","California","5/1/20","39","7","06039","17.95"
"Marin","4","237","California","5/1/20","212","25","06041","11.79"
"Mariposa","2","13","California","5/1/20","0","13","06043","1"
"Mendocino","0","12","California","5/1/20","11","1","06045","9.09"
"Merced","5","134","California","5/1/20","102","32","06047","31.37"
"Mono","0","26","California","5/1/20","24","2","06051","8.33"
"Monterey","6","213","California","5/1/20","169","44","06053","26.04"
"Napa","1","68","California","5/1/20","58","10","06055","17.24"
"Nevada","1","41","California","5/1/20","37","4","06057","10.81"
"Orange","99","2537","California","5/1/20","1845","692","06059","37.51"
"Placer","2","150","California","5/1/20","139","11","06061","7.91"
"Plumas","0","4","California","5/1/20","4","0","06063","0"
"Riverside","109","4079","California","5/1/20","3315","764","06065","23.05"
"Sacramento","10","1090","California","5/1/20","1019","71","06067","6.97"
"San Benito","1","51","California","5/1/20","47","4","06069","8.51"
"San Bernardino","64","2113","California","5/1/20","1666","447","06071","26.83"
"San Diego","105","3564","California","5/1/20","2826","738","06073","26.11"
"San Francisco","26","1523","California","5/1/20","1340","183","06075","13.66"
"San Joaquin","9","557","California","5/1/20","495","62","06077","12.53"
"San Luis Obispo","4","188","California","5/1/20","163","25","06079","15.34"
"San Mateo","30","1197","California","5/1/20","989","208","06081","21.03"
"Santa Barbara","7","506","California","5/1/20","460","46","06083","10"
"Santa Clara","23","2179","California","5/1/20","2018","161","06085","7.98"
"Santa Cruz","2","132","California","5/1/20","115","17","06087","14.78"
"Shasta","0","31","California","5/1/20","30","1","06089","3.33"
"Siskiyou","0","5","California","5/1/20","5","0","06093","0"
"Solano","10","266","California","5/1/20","199","67","06095","33.67"
"Sonoma","4","244","California","5/1/20","217","27","06097","12.44"
"Stanislaus","17","380","California","5/1/20","264","116","06099","43.94"
"Sutter","-2","31","California","5/1/20","44","-13","06101","-29.55"
"Tehama","0","1","California","5/1/20","1","0","06103","0"
"Tulare","30","680","California","5/1/20","472","208","06107","44.07"
"Tuolumne","0","4","California","5/1/20","2","2","06109","100"
"Ventura","10","544","California","5/1/20","476","68","06111","14.29"
"Yolo","2","169","California","5/1/20","157","12","06113","7.64"
"Yuba","0","19","California","5/1/20","16","3","06115","18.75"
"Adams","59","1665","Colorado","5/1/20","1252","413","08001","32.99"
"Alamosa","0","10","Colorado","5/1/20","10","0","08003","0"
"Arapahoe","75","2557","Colorado","5/1/20","2030","527","08005","25.96"
"Archuleta","0","8","Colorado","5/1/20","8","0","08007","0"
"Baca","0","10","Colorado","5/1/20","10","0","08009","0"
"Boulder","21","618","Colorado","5/1/20","470","148","08013","31.49"
"Broomfield","4","157","Colorado","5/1/20","126","31","08014","24.6"
"Chaffee","0","67","Colorado","5/1/20","66","1","08015","1.52"
"Clear Creek","0","13","Colorado","5/1/20","13","0","08019","0"
"Costilla","0","3","Colorado","5/1/20","3","0","08023","0"
"Crowley","0","3","Colorado","5/1/20","2","1","08025","50"
"Custer","0","2","Colorado","5/1/20","2","0","08027","0"
"Delta","3","46","Colorado","5/1/20","26","20","08029","76.92"
"Denver","101","3092","Colorado","5/1/20","2385","707","08031","29.64"
"Douglas","13","502","Colorado","5/1/20","414","88","08035","21.26"
"Eagle","6","550","Colorado","5/1/20","506","44","08037","8.7"
"El Paso","16","964","Colorado","5/1/20","853","111","08041","13.01"
"Elbert","0","30","Colorado","5/1/20","27","3","08039","11.11"
"Fremont","0","22","Colorado","5/1/20","19","3","08043","15.79"
"Garfield","2","93","Colorado","5/1/20","81","12","08045","14.81"
"Gilpin","0","1","Colorado","5/1/20","1","0","08047","0"
"Grand","0","5","Colorado","5/1/20","5","0","08049","0"
"Gunnison","6","166","Colorado","5/1/20","123","43","08051","34.96"
"Hinsdale","0","3","Colorado","5/1/20","3","0","08053","0"
"Huerfano","0","2","Colorado","5/1/20","1","1","08055","100"
"Jefferson","31","1373","Colorado","5/1/20","1157","216","08059","18.67"
"Kit Carson","0","21","Colorado","5/1/20","19","2","08063","10.53"
"La Plata","1","63","Colorado","5/1/20","56","7","08067","12.5"
"Lake","1","19","Colorado","5/1/20","12","7","08065","58.33"
"Larimer","12","377","Colorado","5/1/20","291","86","08069","29.55"
"Las Animas","0","3","Colorado","5/1/20","3","0","08071","0"
"Lincoln","0","3","Colorado","5/1/20","3","0","08073","0"
"Logan","36","282","Colorado","5/1/20","31","251","08075","809.68"
"Mesa","1","47","Colorado","5/1/20","37","10","08077","27.03"
"Mineral","0","2","Colorado","5/1/20","2","0","08079","0"
"Moffat","0","6","Colorado","5/1/20","6","0","08081","0"
"Montezuma","0","16","Colorado","5/1/20","15","1","08083","6.67"
"Montrose","2","98","Colorado","5/1/20","83","15","08085","18.07"
"Morgan","22","384","Colorado","5/1/20","232","152","08087","65.52"
"Otero","0","10","Colorado","5/1/20","8","2","08089","25"
"Ouray","0","5","Colorado","5/1/20","5","0","08091","0"
"Park","1","13","Colorado","5/1/20","7","6","08093","85.71"
"Phillips","0","6","Colorado","5/1/20","5","1","08095","20"
"Pitkin","1","65","Colorado","5/1/20","59","6","08097","10.17"
"Prowers","0","1","Colorado","5/1/20","1","0","08099","0"
"Pueblo","4","146","Colorado","5/1/20","117","29","08101","24.79"
"Rio Blanco","0","1","Colorado","5/1/20","1","0","08103","0"
"Rio Grande","0","7","Colorado","5/1/20","7","0","08105","0"
"Routt","1","56","Colorado","5/1/20","52","4","08107","7.69"
"Saguache","0","4","Colorado","5/1/20","3","1","08109","33.33"
"San Miguel","0","19","Colorado","5/1/20","17","2","08113","11.76"
"Summit","5","130","Colorado","5/1/20","97","33","08117","34.02"
"Teller","0","28","Colorado","5/1/20","26","2","08119","7.69"
"Washington","0","7","Colorado","5/1/20","6","1","08121","16.67"
"Weld","64","1802","Colorado","5/1/20","1353","449","08123","33.19"
"Yuma","0","9","Colorado","5/1/20","6","3","08125","50"
"Fairfield","198","11612","Connecticut","5/1/20","10227","1385","09001","13.54"
"Hartford","194","5931","Connecticut","5/1/20","4570","1361","09003","29.78"
"Litchfield","29","1014","Connecticut","5/1/20","808","206","09005","25.5"
"Middlesex","18","687","Connecticut","5/1/20","561","126","09007","22.46"
"New Haven","231","7900","Connecticut","5/1/20","6286","1614","09009","25.68"
"New London","22","603","Connecticut","5/1/20","448","155","09011","34.6"
"Tolland","10","446","Connecticut","5/1/20","375","71","09013","18.93"
"Windham","9","200","Connecticut","5/1/20","139","61","09015","43.88"
"Kent","31","773","Delaware","5/1/20","558","215","10001","38.53"
"New Castle","49","1829","Delaware","5/1/20","1486","343","10003","23.08"
"Sussex","128","2292","Delaware","5/1/20","1394","898","10005","64.42"
"","0","49","Diamond Princess","5/1/20","49","0",,"0"
"District of Columbia","161","4658","District of Columbia","5/1/20","3528","1130","11001","32.03"
"Alachua","4","273","Florida","5/1/20","244","29","12001","11.89"
"Baker","0","22","Florida","5/1/20","20","2","12003","10"
"Bay","1","72","Florida","5/1/20","63","9","12005","14.29"
"Bradford","1","47","Florida","5/1/20","42","5","12007","11.9"
"Brevard","6","289","Florida","5/1/20","247","42","12009","17"
"Broward","79","5144","Florida","5/1/20","4591","553","12011","12.05"
"Calhoun","0","8","Florida","5/1/20","6","2","12013","33.33"
"Charlotte","7","245","Florida","5/1/20","199","46","12015","23.12"
"Citrus","1","99","Florida","5/1/20","95","4","12017","4.21"
"Clay","1","276","Florida","5/1/20","266","10","12019","3.76"
"Collier","12","610","Florida","5/1/20","526","84","12021","15.97"
"Columbia","3","64","Florida","5/1/20","46","18","12023","39.13"
"DeSoto","1","30","Florida","5/1/20","24","6","12027","25"
"Dixie","0","7","Florida","5/1/20","5","2","12029","40"
"Duval","10","1025","Florida","5/1/20","955","70","12031","7.33"
"Escambia","14","532","Florida","5/1/20","434","98","12033","22.58"
"Flagler","4","134","Florida","5/1/20","106","28","12035","26.42"
"Franklin","0","2","Florida","5/1/20","2","0","12037","0"
"Gadsden","3","103","Florida","5/1/20","79","24","12039","30.38"
"Gilchrist","0","5","Florida","5/1/20","4","1","12041","25"
"Glades","0","6","Florida","5/1/20","5","1","12043","20"
"Gulf","0","1","Florida","5/1/20","1","0","12045","0"
"Hamilton","0","7","Florida","5/1/20","6","1","12047","16.67"
"Hardee","2","22","Florida","5/1/20","9","13","12049","144.44"
"Hendry","4","92","Florida","5/1/20","64","28","12051","43.75"
"Hernando","1","92","Florida","5/1/20","86","6","12053","6.98"
"Highlands","1","84","Florida","5/1/20","76","8","12055","10.53"
"Hillsborough","20","1163","Florida","5/1/20","1022","141","12057","13.8"
"Holmes","0","10","Florida","5/1/20","9","1","12059","11.11"
"Indian River","0","91","Florida","5/1/20","89","2","12061","2.25"
"Jackson","0","14","Florida","5/1/20","13","1","12063","7.69"
"Jefferson","0","28","Florida","5/1/20","27","1","12065","3.7"
"Lafayette","0","2","Florida","5/1/20","1","1","12067","100"
"Lake","2","233","Florida","5/1/20","219","14","12069","6.39"
"Lee","18","1067","Florida","5/1/20","940","127","12071","13.51"
"Leon","3","226","Florida","5/1/20","207","19","12073","9.18"
"Levy","1","19","Florida","5/1/20","13","6","12075","46.15"
"Liberty","1","6","Florida","5/1/20","2","4","12077","200"
"Madison","2","58","Florida","5/1/20","41","17","12079","41.46"
"Manatee","14","591","Florida","5/1/20","491","100","12081","20.37"
"Marion","4","178","Florida","5/1/20","148","30","12083","20.27"
"Martin","4","197","Florida","5/1/20","169","28","12085","16.57"
"Miami-Dade","209","12389","Florida","5/1/20","10926","1463","12086","13.39"
"Monroe","0","79","Florida","5/1/20","77","2","12087","2.6"
"Nassau","1","57","Florida","5/1/20","49","8","12089","16.33"
"Okaloosa","2","156","Florida","5/1/20","145","11","12091","7.59"
"Okeechobee","0","12","Florida","5/1/20","9","3","12093","33.33"
"Orange","18","1413","Florida","5/1/20","1290","123","12095","9.53"
"Osceola","4","486","Florida","5/1/20","461","25","12097","5.42"
"Palm Beach","63","3041","Florida","5/1/20","2600","441","12099","16.96"
"Pasco","3","252","Florida","5/1/20","230","22","12101","9.57"
"Pinellas","11","748","Florida","5/1/20","673","75","12103","11.14"
"Polk","15","500","Florida","5/1/20","393","107","12105","27.23"
"Putnam","4","108","Florida","5/1/20","81","27","12107","33.33"
"Santa Rosa","2","158","Florida","5/1/20","143","15","12113","10.49"
"Sarasota","7","365","Florida","5/1/20","314","51","12115","16.24"
"Seminole","5","385","Florida","5/1/20","348","37","12117","10.63"
"St. Johns","1","210","Florida","5/1/20","203","7","12109","3.45"
"St. Lucie","4","249","Florida","5/1/20","223","26","12111","11.66"
"Sumter","7","217","Florida","5/1/20","167","50","12119","29.94"
"Suwannee","5","139","Florida","5/1/20","107","32","12121","29.91"
"Taylor","0","3","Florida","5/1/20","3","0","12123","0"
"Union","0","5","Florida","5/1/20","4","1","12125","25"
"Volusia","10","500","Florida","5/1/20","428","72","12127","16.82"
"Wakulla","1","24","Florida","5/1/20","20","4","12129","20"
"Walton","0","38","Florida","5/1/20","35","3","12131","8.57"
"Washington","0","12","Florida","5/1/20","12","0","12133","0"
"Appling","3","72","Georgia","5/1/20","53","19","13001","35.85"
"Atkinson","0","9","Georgia","5/1/20","7","2","13003","28.57"
"Bacon","1","25","Georgia","5/1/20","20","5","13005","25"
"Baker","1","23","Georgia","5/1/20","19","4","13007","21.05"
"Baldwin","8","226","Georgia","5/1/20","169","57","13009","33.73"
"Banks","1","25","Georgia","5/1/20","18","7","13011","38.89"
"Barrow","4","141","Georgia","5/1/20","111","30","13013","27.03"
"Bartow","7","323","Georgia","5/1/20","273","50","13015","18.32"
"Ben Hill","1","26","Georgia","5/1/20","21","5","13017","23.81"
"Berrien","0","17","Georgia","5/1/20","14","3","13019","21.43"
"Bibb","10","312","Georgia","5/1/20","244","68","13021","27.87"
"Bleckley","1","19","Georgia","5/1/20","9","10","13023","111.11"
"Brantley","0","23","Georgia","5/1/20","20","3","13025","15"
"Brooks","3","59","Georgia","5/1/20","39","20","13027","51.28"
"Bryan","1","54","Georgia","5/1/20","47","7","13029","14.89"
"Bulloch","1","40","Georgia","5/1/20","34","6","13031","17.65"
"Burke","2","86","Georgia","5/1/20","71","15","13033","21.13"
"Butts","4","153","Georgia","5/1/20","125","28","13035","22.4"
"Calhoun","3","103","Georgia","5/1/20","84","19","13037","22.62"
"Camden","1","33","Georgia","5/1/20","28","5","13039","17.86"
"Candler","0","7","Georgia","5/1/20","7","0","13043","0"
"Carroll","8","375","Georgia","5/1/20","320","55","13045","17.19"
"Catoosa","0","48","Georgia","5/1/20","46","2","13047","4.35"
"Charlton","1","11","Georgia","5/1/20","7","4","13049","57.14"
"Chatham","4","230","Georgia","5/1/20","205","25","13051","12.2"
"Chattahoochee","1","12","Georgia","5/1/20","8","4","13053","50"
"Chattooga","0","16","Georgia","5/1/20","13","3","13055","23.08"
"Cherokee","15","474","Georgia","5/1/20","367","107","13057","29.16"
"Clarke","4","155","Georgia","5/1/20","127","28","13059","22.05"
"Clay","0","23","Georgia","5/1/20","20","3","13061","15"
"Clayton","14","727","Georgia","5/1/20","629","98","13063","15.58"
"Clinch","0","8","Georgia","5/1/20","7","1","13065","14.29"
"Cobb","44","1677","Georgia","5/1/20","1368","309","13067","22.59"
"Coffee","6","141","Georgia","5/1/20","100","41","13069","41"
"Colquitt","3","187","Georgia","5/1/20","165","22","13071","13.33"
"Columbia","4","162","Georgia","5/1/20","137","25","13073","18.25"
"Cook","1","25","Georgia","5/1/20","15","10","13075","66.67"
"Coweta","3","211","Georgia","5/1/20","187","24","13077","12.83"
"Crawford","0","17","Georgia","5/1/20","14","3","13079","21.43"
"Crisp","3","167","Georgia","5/1/20","149","18","13081","12.08"
"Dade","0","16","Georgia","5/1/20","16","0","13083","0"
"Dawson","1","61","Georgia","5/1/20","51","10","13085","19.61"
"Decatur","4","87","Georgia","5/1/20","59","28","13087","47.46"
"DeKalb","50","2072","Georgia","5/1/20","1721","351","13089","20.4"
"Dodge","1","28","Georgia","5/1/20","22","6","13091","27.27"
"Dooly","3","129","Georgia","5/1/20","106","23","13093","21.7"
"Dougherty","9","1530","Georgia","5/1/20","1465","65","13095","4.44"
"Douglas","8","329","Georgia","5/1/20","276","53","13097","19.2"
"Early","4","214","Georgia","5/1/20","188","26","13099","13.83"
"Echols","0","5","Georgia","5/1/20","5","0","13101","0"
"Effingham","0","36","Georgia","5/1/20","34","2","13103","5.88"
"Elbert","1","24","Georgia","5/1/20","15","9","13105","60"
"Emanuel","0","21","Georgia","5/1/20","19","2","13107","10.53"
"Evans","0","5","Georgia","5/1/20","4","1","13109","25"
"Fannin","1","30","Georgia","5/1/20","21","9","13111","42.86"
"Fayette","3","178","Georgia","5/1/20","158","20","13113","12.66"
"Floyd","2","145","Georgia","5/1/20","131","14","13115","10.69"
"Forsyth","10","308","Georgia","5/1/20","241","67","13117","27.8"
"Franklin","0","19","Georgia","5/1/20","16","3","13119","18.75"
"Fulton","55","2882","Georgia","5/1/20","2500","382","13121","15.28"
"Gilmer","5","69","Georgia","5/1/20","31","38","13123","122.58"
"Glynn","1","58","Georgia","5/1/20","52","6","13127","11.54"
"Gordon","5","113","Georgia","5/1/20","75","38","13129","50.67"
"Grady","2","64","Georgia","5/1/20","48","16","13131","33.33"
"Greene","1","55","Georgia","5/1/20","51","4","13133","7.84"
"Gwinnett","66","1846","Georgia","5/1/20","1382","464","13135","33.57"
"Habersham","23","327","Georgia","5/1/20","165","162","13137","98.18"
"Hall","66","1482","Georgia","5/1/20","1022","460","13139","45.01"
"Hancock","5","51","Georgia","5/1/20","16","35","13141","218.75"
"Haralson","0","29","Georgia","5/1/20","26","3","13143","11.54"
"Harris","1","61","Georgia","5/1/20","55","6","13145","10.91"
"Hart","1","11","Georgia","5/1/20","6","5","13147","83.33"
"Heard","0","11","Georgia","5/1/20","9","2","13149","22.22"
"Henry","10","492","Georgia","5/1/20","419","73","13151","17.42"
"Houston","4","234","Georgia","5/1/20","204","30","13153","14.71"
"Irwin","0","15","Georgia","5/1/20","15","0","13155","0"
"Jackson","3","97","Georgia","5/1/20","75","22","13157","29.33"
"Jasper","0","22","Georgia","5/1/20","20","2","13159","10"
"Jeff Davis","1","20","Georgia","5/1/20","10","10","13161","100"
"Jefferson","0","14","Georgia","5/1/20","13","1","13163","7.69"
"Jenkins","0","16","Georgia","5/1/20","15","1","13165","6.67"
"Johnson","2","51","Georgia","5/1/20","36","15","13167","41.67"
"Jones","1","29","Georgia","5/1/20","24","5","13169","20.83"
"Lamar","1","39","Georgia","5/1/20","31","8","13171","25.81"
"Lanier","0","9","Georgia","5/1/20","8","1","13173","12.5"
"Laurens","2","62","Georgia","5/1/20","50","12","13175","24"
"Lee","4","322","Georgia","5/1/20","297","25","13177","8.42"
"Liberty","0","37","Georgia","5/1/20","35","2","13179","5.71"
"Lincoln","0","12","Georgia","5/1/20","10","2","13181","20"
"Long","0","5","Georgia","5/1/20","2","3","13183","150"
"Lowndes","4","156","Georgia","5/1/20","129","27","13185","20.93"
"Lumpkin","2","46","Georgia","5/1/20","29","17","13187","58.62"
"Macon","2","81","Georgia","5/1/20","67","14","13193","20.9"
"Madison","0","24","Georgia","5/1/20","21","3","13195","14.29"
"Marion","1","42","Georgia","5/1/20","35","7","13197","20"
"McDuffie","1","45","Georgia","5/1/20","39","6","13189","15.38"
"McIntosh","0","6","Georgia","5/1/20","4","2","13191","50"
"Meriwether","1","54","Georgia","5/1/20","49","5","13199","10.2"
"Miller","1","33","Georgia","5/1/20","24","9","13201","37.5"
"Mitchell","4","318","Georgia","5/1/20","288","30","13205","10.42"
"Monroe","1","24","Georgia","5/1/20","19","5","13207","26.32"
"Montgomery","0","3","Georgia","5/1/20","2","1","13209","50"
"Morgan","0","27","Georgia","5/1/20","25","2","13211","8"
"Murray","1","32","Georgia","5/1/20","22","10","13213","45.45"
"Muscogee","8","316","Georgia","5/1/20","259","57","13215","22.01"
"Newton","6","200","Georgia","5/1/20","158","42","13217","26.58"
"Oconee","2","66","Georgia","5/1/20","54","12","13219","22.22"
"Oglethorpe","0","49","Georgia","5/1/20","48","1","13221","2.08"
"Out of GA","22","1068","Georgia","5/1/20","916","152","80013","16.59"
"Paulding","5","190","Georgia","5/1/20","156","34","13223","21.79"
"Peach","2","52","Georgia","5/1/20","37","15","13225","40.54"
"Pickens","1","25","Georgia","5/1/20","20","5","13227","25"
"Pierce","0","55","Georgia","5/1/20","52","3","13229","5.77"
"Pike","0","40","Georgia","5/1/20","38","2","13231","5.26"
"Polk","2","59","Georgia","5/1/20","42","17","13233","40.48"
"Pulaski","2","31","Georgia","5/1/20","20","11","13235","55"
"Putnam","2","42","Georgia","5/1/20","31","11","13237","35.48"
"Quitman","0","5","Georgia","5/1/20","3","2","13239","66.67"
"Rabun","1","14","Georgia","5/1/20","9","5","13241","55.56"
"Randolph","1","161","Georgia","5/1/20","152","9","13243","5.92"
"Richmond","8","412","Georgia","5/1/20","353","59","13245","16.71"
"Rockdale","5","191","Georgia","5/1/20","158","33","13247","20.89"
"Schley","0","16","Georgia","5/1/20","16","0","13249","0"
"Screven","0","15","Georgia","5/1/20","14","1","13251","7.14"
"Seminole","0","30","Georgia","5/1/20","27","3","13253","11.11"
"Spalding","10","214","Georgia","5/1/20","144","70","13255","48.61"
"Stephens","4","81","Georgia","5/1/20","55","26","13257","47.27"
"Stewart","1","25","Georgia","5/1/20","17","8","13259","47.06"
"Sumter","5","382","Georgia","5/1/20","348","34","13261","9.77"
"Talbot","1","26","Georgia","5/1/20","21","5","13263","23.81"
"Tattnall","0","9","Georgia","5/1/20","6","3","13267","50"
"Taylor","0","17","Georgia","5/1/20","14","3","13269","21.43"
"Telfair","1","28","Georgia","5/1/20","20","8","13271","40"
"Terrell","3","184","Georgia","5/1/20","165","19","13273","11.52"
"Thomas","5","190","Georgia","5/1/20","157","33","13275","21.02"
"Tift","3","122","Georgia","5/1/20","98","24","13277","24.49"
"Toombs","1","31","Georgia","5/1/20","26","5","13279","19.23"
"Towns","0","22","Georgia","5/1/20","20","2","13281","10"
"Treutlen","0","3","Georgia","5/1/20","2","1","13283","50"
"Troup","4","150","Georgia","5/1/20","122","28","13285","22.95"
"Turner","1","68","Georgia","5/1/20","62","6","13287","9.68"
"Twiggs","0","8","Georgia","5/1/20","7","1","13289","14.29"
"Union","1","33","Georgia","5/1/20","27","6","13291","22.22"
"Upson","4","224","Georgia","5/1/20","193","31","13293","16.06"
"Walker","0","60","Georgia","5/1/20","59","1","13295","1.69"
"Walton","5","129","Georgia","5/1/20","92","37","13297","40.22"
"Ware","4","128","Georgia","5/1/20","103","25","13299","24.27"
"Warren","0","12","Georgia","5/1/20","12","0","13301","0"
"Washington","1","43","Georgia","5/1/20","33","10","13303","30.3"
"Wayne","0","13","Georgia","5/1/20","11","2","13305","18.18"
"Webster","0","10","Georgia","5/1/20","7","3","13307","42.86"
"Wheeler","0","5","Georgia","5/1/20","3","2","13309","66.67"
"White","4","63","Georgia","5/1/20","38","25","13311","65.79"
"Whitfield","7","111","Georgia","5/1/20","62","49","13313","79.03"
"Wilcox","3","90","Georgia","5/1/20","68","22","13315","32.35"
"Wilkes","0","25","Georgia","5/1/20","22","3","13317","13.64"
"Wilkinson","1","35","Georgia","5/1/20","29","6","13319","20.69"
"Worth","3","159","Georgia","5/1/20","138","21","13321","15.22"
"","0","103","Grand Princess","5/1/20","103","0",,"0"
"","1","145","Guam","5/1/20","141","4",,"2.84"
"Hawaii","1","73","Hawaii","5/1/20","69","4","15001","5.8"
"Honolulu","1","400","Hawaii","5/1/20","392","8","15003","2.04"
"Kauai","0","21","Hawaii","5/1/20","21","0","15007","0"
"Maui","0","116","Hawaii","5/1/20","113","3","15009","2.65"
"Out of HI","0","9","Hawaii","5/1/20","6","3","80015","50"
"Ada","6","681","Idaho","5/1/20","642","39","16001","6.07"
"Adams","0","3","Idaho","5/1/20","3","0","16003","0"
"Bannock","0","11","Idaho","5/1/20","8","3","16005","37.5"
"Bingham","0","4","Idaho","5/1/20","3","1","16011","33.33"
"Blaine","1","497","Idaho","5/1/20","489","8","16013","1.64"
"Bonner","0","4","Idaho","5/1/20","4","0","16017","0"
"Bonneville","0","28","Idaho","5/1/20","28","0","16019","0"
"Camas","0","1","Idaho","5/1/20","1","0","16025","0"
"Canyon","4","255","Idaho","5/1/20","226","29","16027","12.83"
"Caribou","0","1","Idaho","5/1/20","1","0","16029","0"
"Cassia","0","13","Idaho","5/1/20","12","1","16031","8.33"
"Custer","0","2","Idaho","5/1/20","2","0","16037","0"
"Elmore","0","30","Idaho","5/1/20","32","-2","16039","-6.25"
"Fremont","0","2","Idaho","5/1/20","2","0","16043","0"
"Gem","0","13","Idaho","5/1/20","11","2","16045","18.18"
"Gooding","0","12","Idaho","5/1/20","9","3","16047","33.33"
"Idaho","0","3","Idaho","5/1/20","3","0","16049","0"
"Jefferson","0","5","Idaho","5/1/20","5","0","16051","0"
"Jerome","1","54","Idaho","5/1/20","45","9","16053","20"
"Kootenai","0","62","Idaho","5/1/20","59","3","16055","5.08"
"Latah","0","5","Idaho","5/1/20","4","1","16057","25"
"Lemhi","0","1","Idaho","5/1/20","0","1","16059","1"
"Lincoln","1","27","Idaho","5/1/20","21","6","16063","28.57"
"Madison","0","11","Idaho","5/1/20","8","3","16065","37.5"
"Minidoka","0","11","Idaho","5/1/20","10","1","16067","10"
"Nez Perce","0","60","Idaho","5/1/20","58","2","16069","3.45"
"Owyhee","0","8","Idaho","5/1/20","8","0","16073","0"
"Payette","0","16","Idaho","5/1/20","13","3","16075","23.08"
"Power","0","2","Idaho","5/1/20","2","0","16077","0"
"Teton","0","9","Idaho","5/1/20","8","1","16081","12.5"
"Twin Falls","5","181","Idaho","5/1/20","149","32","16083","21.48"
"Valley","0","2","Idaho","5/1/20","2","0","16085","0"
"Washington","0","1","Idaho","5/1/20","2","-1","16087","-50"
"Adams","1","40","Illinois","5/1/20","32","8","17001","25"
"Alexander","0","3","Illinois","5/1/20","2","1","17003","50"
"Bond","0","6","Illinois","5/1/20","4","2","17005","50"
"Boone","8","113","Illinois","5/1/20","60","53","17007","88.33"
"Brown","0","1","Illinois","5/1/20","0","1","17009","1"
"Bureau","0","10","Illinois","5/1/20","9","1","17011","11.11"
"Calhoun","0","1","Illinois","5/1/20","1","0","17013","0"
"Carroll","0","9","Illinois","5/1/20","7","2","17015","28.57"
"Cass","2","34","Illinois","5/1/20","17","17","17017","100"
"Champaign","6","143","Illinois","5/1/20","102","41","17019","40.2"
"Christian","0","29","Illinois","5/1/20","27","2","17021","7.41"
"Clark","0","5","Illinois","5/1/20","4","1","17023","25"
"Clay","0","2","Illinois","5/1/20","2","0","17025","0"
"Clinton","5","110","Illinois","5/1/20","73","37","17027","50.68"
"Coles","0","22","Illinois","5/1/20","22","0","17029","0"
"Cook","1579","38668","Illinois","5/1/20","27616","11052","17031","40.02"
"Crawford","0","10","Illinois","5/1/20","10","0","17033","0"
"Cumberland","0","3","Illinois","5/1/20","2","1","17035","50"
"De Witt","0","3","Illinois","5/1/20","1","2","17039","200"
"DeKalb","5","105","Illinois","5/1/20","68","37","17037","54.41"
"Douglas","1","16","Illinois","5/1/20","12","4","17041","33.33"
"DuPage","148","3256","Illinois","5/1/20","2219","1037","17043","46.73"
"Effingham","0","5","Illinois","5/1/20","5","0","17049","0"
"Fayette","0","16","Illinois","5/1/20","16","0","17051","0"
"Ford","0","9","Illinois","5/1/20","7","2","17053","28.57"
"Franklin","0","8","Illinois","5/1/20","8","0","17055","0"
"Fulton","0","3","Illinois","5/1/20","3","0","17057","0"
"Gallatin","0","2","Illinois","5/1/20","2","0","17059","0"
"Greene","0","3","Illinois","5/1/20","2","1","17061","50"
"Grundy","1","37","Illinois","5/1/20","28","9","17063","32.14"
"Hamilton","0","2","Illinois","5/1/20","2","0","17065","0"
"Hancock","0","6","Illinois","5/1/20","4","2","17067","50"
"Hardin","0","1","Illinois","5/1/20","1","0","17069","0"
"Henderson","0","5","Illinois","5/1/20","4","1","17071","25"
"Henry","2","49","Illinois","5/1/20","36","13","17073","36.11"
"Iroquois","2","31","Illinois","5/1/20","15","16","17075","106.67"
"Jackson","9","120","Illinois","5/1/20","56","64","17077","114.29"
"Jasper","0","44","Illinois","5/1/20","41","3","17079","7.32"
"Jefferson","1","85","Illinois","5/1/20","80","5","17081","6.25"
"Jersey","0","12","Illinois","5/1/20","12","0","17083","0"
"Jo Daviess","0","13","Illinois","5/1/20","11","2","17085","18.18"
"Johnson","0","4","Illinois","5/1/20","3","1","17087","33.33"
"Kane","102","1677","Illinois","5/1/20","962","715","17089","74.32"
"Kankakee","8","350","Illinois","5/1/20","297","53","17091","17.85"
"Kendall","13","281","Illinois","5/1/20","191","90","17093","47.12"
"Knox","3","47","Illinois","5/1/20","24","23","17095","95.83"
"Lake","150","3766","Illinois","5/1/20","2717","1049","17097","38.61"
"LaSalle","2","54","Illinois","5/1/20","42","12","17099","28.57"
"Lawrence","0","3","Illinois","5/1/20","2","1","17101","50"
"Lee","1","23","Illinois","5/1/20","18","5","17103","27.78"
"Livingston","0","20","Illinois","5/1/20","18","2","17105","11.11"
"Logan","0","7","Illinois","5/1/20","4","3","17107","75"
"Macon","1","109","Illinois","5/1/20","99","10","17115","10.1"
"Macoupin","1","31","Illinois","5/1/20","25","6","17117","24"
"Madison","10","335","Illinois","5/1/20","268","67","17119","25"
"Marion","1","34","Illinois","5/1/20","26","8","17121","30.77"
"Marshall","0","4","Illinois","5/1/20","4","0","17123","0"
"Mason","1","12","Illinois","5/1/20","6","6","17125","100"
"Massac","0","4","Illinois","5/1/20","3","1","17127","33.33"
"McDonough","2","18","Illinois","5/1/20","5","13","17109","260"
"McHenry","30","666","Illinois","5/1/20","459","207","17111","45.1"
"McLean","1","97","Illinois","5/1/20","87","10","17113","11.49"
"Menard","1","9","Illinois","5/1/20","4","5","17129","125"
"Mercer","0","8","Illinois","5/1/20","7","1","17131","14.29"
"Monroe","1","71","Illinois","5/1/20","62","9","17133","14.52"
"Montgomery","0","26","Illinois","5/1/20","23","3","17135","13.04"
"Morgan","1","24","Illinois","5/1/20","15","9","17137","60"
"Moultrie","0","5","Illinois","5/1/20","4","1","17139","25"
"Ogle","7","122","Illinois","5/1/20","75","47","17141","62.67"
"Peoria","5","93","Illinois","5/1/20","56","37","17143","66.07"
"Perry","3","24","Illinois","5/1/20","3","21","17145","700"
"Piatt","0","7","Illinois","5/1/20","7","0","17147","0"
"Pike","0","1","Illinois","5/1/20","1","0","17149","0"
"Pulaski","1","20","Illinois","5/1/20","15","5","17153","33.33"
"Randolph","12","164","Illinois","5/1/20","79","85","17157","107.59"
"Richland","0","3","Illinois","5/1/20","3","0","17159","0"
"Rock Island","17","389","Illinois","5/1/20","270","119","17161","44.07"
"Saline","0","3","Illinois","5/1/20","3","0","17165","0"
"Sangamon","16","195","Illinois","5/1/20","81","114","17167","140.74"
"Schuyler","0","1","Illinois","5/1/20","1","0","17169","0"
"Shelby","0","10","Illinois","5/1/20","10","0","17173","0"
"St. Clair","20","492","Illinois","5/1/20","350","142","17163","40.57"
"Stark","0","1","Illinois","5/1/20","1","0","17175","0"
"Stephenson","5","45","Illinois","5/1/20","13","32","17177","246.15"
"Tazewell","1","41","Illinois","5/1/20","34","7","17179","20.59"
"Union","2","19","Illinois","5/1/20","7","12","17181","171.43"
"Vermilion","1","17","Illinois","5/1/20","11","6","17183","54.55"
"Wabash","0","1","Illinois","5/1/20","1","0","17185","0"
"Warren","5","70","Illinois","5/1/20","37","33","17187","89.19"
"Washington","0","10","Illinois","5/1/20","7","3","17189","42.86"
"Wayne","0","2","Illinois","5/1/20","2","0","17191","0"
"White","0","2","Illinois","5/1/20","1","1","17193","100"
"Whiteside","5","87","Illinois","5/1/20","53","34","17195","64.15"
"Will","87","2617","Illinois","5/1/20","2009","608","17197","30.26"
"Williamson","1","32","Illinois","5/1/20","22","10","17199","45.45"
"Winnebago","29","485","Illinois","5/1/20","279","206","17201","73.84"
"Woodford","0","14","Illinois","5/1/20","11","3","17203","27.27"
"Adams","0","7","Indiana","5/1/20","7","0","18001","0"
"Allen","27","588","Indiana","5/1/20","400","188","18003","47"
"Bartholomew","12","261","Indiana","5/1/20","175","86","18005","49.14"
"Benton","0","8","Indiana","5/1/20","5","3","18007","60"
"Blackford","0","8","Indiana","5/1/20","7","1","18009","14.29"
"Boone","2","189","Indiana","5/1/20","177","12","18011","6.78"
"Brown","0","16","Indiana","5/1/20","15","1","18013","6.67"
"Carroll","2","24","Indiana","5/1/20","8","16","18015","200"
"Cass","137","1214","Indiana","5/1/20","255","959","18017","376.08"
"Clark","16","316","Indiana","5/1/20","207","109","18019","52.66"
"Clay","0","20","Indiana","5/1/20","19","1","18021","5.26"
"Clinton","3","45","Indiana","5/1/20","26","19","18023","73.08"
"Crawford","0","17","Indiana","5/1/20","16","1","18025","6.25"
"Daviess","1","47","Indiana","5/1/20","42","5","18027","11.9"
"Dearborn","6","117","Indiana","5/1/20","77","40","18029","51.95"
"Decatur","1","200","Indiana","5/1/20","191","9","18031","4.71"
"DeKalb","1","20","Indiana","5/1/20","14","6","18033","42.86"
"Delaware","7","182","Indiana","5/1/20","132","50","18035","37.88"
"Dubois","1","23","Indiana","5/1/20","17","6","18037","35.29"
"Elkhart","12","293","Indiana","5/1/20","211","82","18039","38.86"
"Fayette","1","28","Indiana","5/1/20","23","5","18041","21.74"
"Floyd","3","182","Indiana","5/1/20","162","20","18043","12.35"
"Fountain","0","12","Indiana","5/1/20","9","3","18045","33.33"
"Franklin","1","97","Indiana","5/1/20","92","5","18047","5.43"
"Fulton","3","30","Indiana","5/1/20","7","23","18049","328.57"
"Gibson","0","7","Indiana","5/1/20","6","1","18051","16.67"
"Grant","4","138","Indiana","5/1/20","112","26","18053","23.21"
"Greene","6","90","Indiana","5/1/20","45","45","18055","100"
"Hamilton","18","794","Indiana","5/1/20","670","124","18057","18.51"
"Hancock","8","227","Indiana","5/1/20","171","56","18059","32.75"
"Harrison","3","129","Indiana","5/1/20","111","18","18061","16.22"
"Hendricks","17","701","Indiana","5/1/20","582","119","18063","20.45"
"Henry","1","40","Indiana","5/1/20","31","9","18065","29.03"
"Howard","14","176","Indiana","5/1/20","81","95","18067","117.28"
"Huntington","0","9","Indiana","5/1/20","6","3","18069","50"
"Jackson","8","157","Indiana","5/1/20","101","56","18071","55.45"
"Jasper","0","33","Indiana","5/1/20","34","-1","18073","-2.94"
"Jay","1","16","Indiana","5/1/20","10","6","18075","60"
"Jefferson","1","29","Indiana","5/1/20","22","7","18077","31.82"
"Jennings","1","78","Indiana","5/1/20","68","10","18079","14.71"
"Johnson","15","616","Indiana","5/1/20","511","105","18081","20.55"
"Knox","0","20","Indiana","5/1/20","19","1","18083","5.26"
"Kosciusko","2","36","Indiana","5/1/20","25","11","18085","44"
"LaGrange","1","25","Indiana","5/1/20","19","6","18087","31.58"
"Lake","69","1929","Indiana","5/1/20","1445","484","18089","33.49"
"LaPorte","11","224","Indiana","5/1/20","149","75","18091","50.34"
"Lawrence","2","99","Indiana","5/1/20","87","12","18093","13.79"
"Madison","7","428","Indiana","5/1/20","379","49","18095","12.93"
"Marion","174","5754","Indiana","5/1/20","4537","1217","18097","26.82"
"Marshall","1","30","Indiana","5/1/20","25","5","18099","20"
"Martin","0","7","Indiana","5/1/20","7","0","18101","0"
"Miami","10","107","Indiana","5/1/20","38","69","18103","181.58"
"Monroe","1","126","Indiana","5/1/20","118","8","18105","6.78"
"Montgomery","8","88","Indiana","5/1/20","29","59","18107","203.45"
"Morgan","4","156","Indiana","5/1/20","128","28","18109","21.88"
"Newton","3","60","Indiana","5/1/20","40","20","18111","50"
"Noble","3","71","Indiana","5/1/20","51","20","18113","39.22"
"Ohio","0","4","Indiana","5/1/20","3","1","18115","33.33"
"Orange","6","101","Indiana","5/1/20","56","45","18117","80.36"
"Owen","0","23","Indiana","5/1/20","22","1","18119","4.55"
"Parke","0","12","Indiana","5/1/20","11","1","18121","9.09"
"Perry","1","10","Indiana","5/1/20","6","4","18123","66.67"
"Pike","0","2","Indiana","5/1/20","1","1","18125","100"
"Porter","5","240","Indiana","5/1/20","204","36","18127","17.65"
"Posey","1","12","Indiana","5/1/20","8","4","18129","50"
"Pulaski","3","25","Indiana","5/1/20","7","18","18131","257.14"
"Putnam","2","71","Indiana","5/1/20","56","15","18133","26.79"
"Randolph","0","15","Indiana","5/1/20","13","2","18135","15.38"
"Ripley","1","93","Indiana","5/1/20","87","6","18137","6.9"
"Rush","1","32","Indiana","5/1/20","26","6","18139","23.08"
"Scott","2","47","Indiana","5/1/20","33","14","18143","42.42"
"Shelby","8","213","Indiana","5/1/20","154","59","18145","38.31"
"Spencer","0","5","Indiana","5/1/20","5","0","18147","0"
"St. Joseph","18","642","Indiana","5/1/20","515","127","18141","24.66"
"Starke","0","16","Indiana","5/1/20","13","3","18149","23.08"
"Steuben","1","25","Indiana","5/1/20","20","5","18151","25"
"Sullivan","1","16","Indiana","5/1/20","12","4","18153","33.33"
"Switzerland","0","15","Indiana","5/1/20","14","1","18155","7.14"
"Tippecanoe","7","115","Indiana","5/1/20","64","51","18157","79.69"
"Tipton","0","20","Indiana","5/1/20","17","3","18159","17.65"
"Union","0","7","Indiana","5/1/20","7","0","18161","0"
"Vanderburgh","6","143","Indiana","5/1/20","104","39","18163","37.5"
"Vermillion","0","7","Indiana","5/1/20","7","0","18165","0"
"Vigo","0","64","Indiana","5/1/20","62","2","18167","3.23"
"Wabash","6","51","Indiana","5/1/20","12","39","18169","325"
"Warren","0","11","Indiana","5/1/20","11","0","18171","0"
"Warrick","2","94","Indiana","5/1/20","78","16","18173","20.51"
"Washington","1","44","Indiana","5/1/20","36","8","18175","22.22"
"Wayne","1","35","Indiana","5/1/20","31","4","18177","12.9"
"Wells","0","5","Indiana","5/1/20","5","0","18179","0"
"White","5","51","Indiana","5/1/20","14","37","18181","264.29"
"Whitley","1","20","Indiana","5/1/20","16","4","18183","25"
"Adair","0","1","Iowa","5/1/20","1","0","19001","0"
"Allamakee","6","90","Iowa","5/1/20","50","40","19005","80"
"Appanoose","0","3","Iowa","5/1/20","2","1","19007","50"
"Audubon","0","2","Iowa","5/1/20","1","1","19009","100"
"Benton","1","31","Iowa","5/1/20","25","6","19011","24"
"Black Hawk","95","1195","Iowa","5/1/20","530","665","19013","125.47"
"Boone","1","16","Iowa","5/1/20","6","10","19015","166.67"
"Bremer","2","51","Iowa","5/1/20","35","16","19017","45.71"
"Buchanan","1","18","Iowa","5/1/20","13","5","19019","38.46"
"Buena Vista","0","6","Iowa","5/1/20","3","3","19021","100"
"Butler","1","9","Iowa","5/1/20","2","7","19023","350"
"Calhoun","0","1","Iowa","5/1/20","0","1","19025","1"
"Carroll","0","2","Iowa","5/1/20","1","1","19027","100"
"Cass","0","1","Iowa","5/1/20","1","0","19029","0"
"Cedar","0","30","Iowa","5/1/20","28","2","19031","7.14"
"Cerro Gordo","0","14","Iowa","5/1/20","14","0","19033","0"
"Cherokee","0","2","Iowa","5/1/20","2","0","19035","0"
"Chickasaw","0","5","Iowa","5/1/20","3","2","19037","66.67"
"Clarke","0","2","Iowa","5/1/20","2","0","19039","0"
"Clay","0","4","Iowa","5/1/20","3","1","19041","33.33"
"Clayton","1","17","Iowa","5/1/20","9","8","19043","88.89"
"Clinton","0","49","Iowa","5/1/20","47","2","19045","4.26"
"Crawford","2","24","Iowa","5/1/20","8","16","19047","200"
"Dallas","44","408","Iowa","5/1/20","99","309","19049","312.12"
"Davis","0","1","Iowa","5/1/20","0","1","19051","1"
"Decatur","0","1","Iowa","5/1/20","0","1","19053","1"
"Delaware","1","8","Iowa","5/1/20","3","5","19055","166.67"
"Des Moines","0","16","Iowa","5/1/20","14","2","19057","14.29"
"Dickinson","0","6","Iowa","5/1/20","4","2","19059","50"
"Dubuque","7","109","Iowa","5/1/20","62","47","19061","75.81"
"Fayette","2","21","Iowa","5/1/20","10","11","19065","110"
"Floyd","0","1","Iowa","5/1/20","0","1","19067","1"
"Franklin","0","3","Iowa","5/1/20","1","2","19069","200"
"Greene","1","7","Iowa","5/1/20","1","6","19073","600"
"Grundy","1","11","Iowa","5/1/20","7","4","19075","57.14"
"Guthrie","1","13","Iowa","5/1/20","5","8","19077","160"
"Hamilton","0","7","Iowa","5/1/20","7","0","19079","0"
"Hancock","0","3","Iowa","5/1/20","3","0","19081","0"
"Hardin","1","9","Iowa","5/1/20","4","5","19083","125"
"Harrison","0","16","Iowa","5/1/20","15","1","19085","6.67"
"Henry","0","32","Iowa","5/1/20","31","1","19087","3.23"
"Howard","1","10","Iowa","5/1/20","4","6","19089","150"
"Humboldt","0","4","Iowa","5/1/20","4","0","19091","0"
"Iowa","1","20","Iowa","5/1/20","14","6","19095","42.86"
"Jackson","0","5","Iowa","5/1/20","5","0","19097","0"
"Jasper","12","155","Iowa","5/1/20","73","82","19099","112.33"
"Jefferson","0","6","Iowa","5/1/20","6","0","19101","0"
"Johnson","9","475","Iowa","5/1/20","410","65","19103","15.85"
"Jones","1","22","Iowa","5/1/20","18","4","19105","22.22"
"Keokuk","0","3","Iowa","5/1/20","3","0","19107","0"
"Kossuth","0","2","Iowa","5/1/20","1","1","19109","100"
"Lee","1","9","Iowa","5/1/20","4","5","19111","125"
"Linn","23","673","Iowa","5/1/20","509","164","19113","32.22"
"Louisa","2","274","Iowa","5/1/20","259","15","19115","5.79"
"Lyon","1","13","Iowa","5/1/20","5","8","19119","160"
"Madison","1","8","Iowa","5/1/20","3","5","19121","166.67"
"Mahaska","1","14","Iowa","5/1/20","8","6","19123","75"
"Marion","1","10","Iowa","5/1/20","6","4","19125","66.67"
"Marshall","33","500","Iowa","5/1/20","271","229","19127","84.5"
"Mills","0","2","Iowa","5/1/20","2","0","19129","0"
"Mitchell","0","3","Iowa","5/1/20","2","1","19131","50"
"Monona","0","9","Iowa","5/1/20","7","2","19133","28.57"
"Montgomery","0","1","Iowa","5/1/20","1","0","19137","0"
"Muscatine","11","346","Iowa","5/1/20","270","76","19139","28.15"
"O'Brien","1","9","Iowa","5/1/20","5","4","19141","80"
"Osceola","1","10","Iowa","5/1/20","6","4","19143","66.67"
"Page","0","7","Iowa","5/1/20","5","2","19145","40"
"Plymouth","1","14","Iowa","5/1/20","8","6","19149","75"
"Pocahontas","0","3","Iowa","5/1/20","0","3","19151","1"
"Polk","86","1176","Iowa","5/1/20","575","601","19153","104.52"
"Pottawattamie","2","37","Iowa","5/1/20","20","17","19155","85"
"Poweshiek","3","57","Iowa","5/1/20","39","18","19157","46.15"
"Sac","0","1","Iowa","5/1/20","0","1","19161","1"
"Scott","5","230","Iowa","5/1/20","196","34","19163","17.35"
"Shelby","0","9","Iowa","5/1/20","9","0","19165","0"
"Sioux","1","11","Iowa","5/1/20","7","4","19167","57.14"
"Story","1","31","Iowa","5/1/20","22","9","19169","40.91"
"Tama","5","270","Iowa","5/1/20","236","34","19171","14.41"
"Taylor","0","1","Iowa","5/1/20","1","0","19173","0"
"Union","0","1","Iowa","5/1/20","1","0","19175","0"
"Van Buren","0","8","Iowa","5/1/20","8","0","19177","0"
"Wapello","1","17","Iowa","5/1/20","7","10","19179","142.86"
"Warren","1","25","Iowa","5/1/20","19","6","19181","31.58"
"Washington","2","144","Iowa","5/1/20","131","13","19183","9.92"
"Wayne","0","1","Iowa","5/1/20","0","1","19185","1"
"Webster","0","5","Iowa","5/1/20","4","1","19187","25"
"Winnebago","0","2","Iowa","5/1/20","2","0","19189","0"
"Winneshiek","1","17","Iowa","5/1/20","11","6","19191","54.55"
"Woodbury","105","922","Iowa","5/1/20","189","733","19193","387.83"
"Worth","0","1","Iowa","5/1/20","1","0","19195","0"
"Wright","0","3","Iowa","5/1/20","2","1","19197","50"
"Atchison","0","10","Kansas","5/1/20","8","2","20005","25"
"Barber","0","1","Kansas","5/1/20","1","0","20007","0"
"Barton","0","9","Kansas","5/1/20","9","0","20009","0"
"Bourbon","0","6","Kansas","5/1/20","6","0","20011","0"
"Butler","0","14","Kansas","5/1/20","13","1","20015","7.69"
"Chase","0","3","Kansas","5/1/20","1","2","20017","200"
"Chautauqua","0","4","Kansas","5/1/20","3","1","20019","33.33"
"Cherokee","0","8","Kansas","5/1/20","7","1","20021","14.29"
"Cheyenne","0","2","Kansas","5/1/20","0","2","20023","1"
"Clark","0","1","Kansas","5/1/20","1","0","20025","0"
"Clay","0","4","Kansas","5/1/20","4","0","20027","0"
"Cloud","0","4","Kansas","5/1/20","3","1","20029","33.33"
"Coffey","0","48","Kansas","5/1/20","48","0","20031","0"
"Cowley","0","3","Kansas","5/1/20","2","1","20035","50"
"Crawford","0","8","Kansas","5/1/20","6","2","20037","33.33"
"Dickinson","0","2","Kansas","5/1/20","1","1","20041","100"
"Doniphan","0","3","Kansas","5/1/20","3","0","20043","0"
"Douglas","1","51","Kansas","5/1/20","46","5","20045","10.87"
"Edwards","0","4","Kansas","5/1/20","1","3","20047","300"
"Elk","0","1","Kansas","5/1/20","0","1","20049","1"
"Ellis","0","8","Kansas","5/1/20","8","0","20051","0"
"Finney","49","503","Kansas","5/1/20","162","341","20055","210.49"
"Ford","50","702","Kansas","5/1/20","350","352","20057","100.57"
"Franklin","0","14","Kansas","5/1/20","12","2","20059","16.67"
"Geary","0","11","Kansas","5/1/20","9","2","20061","22.22"
"Gove","0","1","Kansas","5/1/20","1","0","20063","0"
"Grant","1","5","Kansas","5/1/20","1","4","20067","400"
"Gray","0","5","Kansas","5/1/20","2","3","20069","150"
"Greenwood","0","3","Kansas","5/1/20","3","0","20073","0"
"Hamilton","0","2","Kansas","5/1/20","1","1","20075","100"
"Harper","0","1","Kansas","5/1/20","0","1","20077","1"
"Harvey","0","7","Kansas","5/1/20","5","2","20079","40"
"Haskell","0","7","Kansas","5/1/20","6","1","20081","16.67"
"Jackson","0","2","Kansas","5/1/20","1","1","20085","100"
"Jefferson","0","9","Kansas","5/1/20","8","1","20087","12.5"
"Jewell","0","4","Kansas","5/1/20","4","0","20089","0"
"Johnson","8","471","Kansas","5/1/20","417","54","20091","12.95"
"Kearny","1","19","Kansas","5/1/20","10","9","20093","90"
"Kiowa","0","1","Kansas","5/1/20","1","0","20097","0"
"Labette","0","22","Kansas","5/1/20","21","1","20099","4.76"
"Leavenworth","31","372","Kansas","5/1/20","154","218","20103","141.56"
"Linn","0","6","Kansas","5/1/20","6","0","20107","0"
"Lyon","8","230","Kansas","5/1/20","174","56","20111","32.18"
"Marion","0","5","Kansas","5/1/20","5","0","20115","0"
"McPherson","0","22","Kansas","5/1/20","20","2","20113","10"
"Meade","1","6","Kansas","5/1/20","1","5","20119","500"
"Miami","0","5","Kansas","5/1/20","4","1","20121","25"
"Mitchell","0","3","Kansas","5/1/20","2","1","20123","50"
"Montgomery","1","17","Kansas","5/1/20","13","4","20125","30.77"
"Morris","0","3","Kansas","5/1/20","3","0","20127","0"
"Morton","0","3","Kansas","5/1/20","2","1","20129","50"
"Nemaha","0","1","Kansas","5/1/20","0","1","20131","1"
"Neosho","0","2","Kansas","5/1/20","2","0","20133","0"
"Norton","0","1","Kansas","5/1/20","0","1","20137","1"
"Osage","0","5","Kansas","5/1/20","5","0","20139","0"
"Osborne","0","2","Kansas","5/1/20","2","0","20141","0"
"Ottawa","0","4","Kansas","5/1/20","3","1","20143","33.33"
"Phillips","0","1","Kansas","5/1/20","1","0","20147","0"
"Pottawatomie","1","13","Kansas","5/1/20","8","5","20149","62.5"
"Pratt","0","1","Kansas","5/1/20","1","0","20151","0"
"Reno","2","39","Kansas","5/1/20","24","15","20155","62.5"
"Republic","0","4","Kansas","5/1/20","4","0","20157","0"
"Rice","0","3","Kansas","5/1/20","3","0","20159","0"
"Riley","2","51","Kansas","5/1/20","40","11","20161","27.5"
"Rooks","0","6","Kansas","5/1/20","4","2","20163","50"
"Saline","0","21","Kansas","5/1/20","18","3","20169","16.67"
"Scott","0","1","Kansas","5/1/20","1","0","20171","0"
"Sedgwick","12","408","Kansas","5/1/20","323","85","20173","26.32"
"Seward","34","528","Kansas","5/1/20","291","237","20175","81.44"
"Shawnee","3","121","Kansas","5/1/20","100","21","20177","21"
"Sheridan","0","2","Kansas","5/1/20","2","0","20179","0"
"Sherman","0","4","Kansas","5/1/20","3","1","20181","33.33"
"Smith","0","2","Kansas","5/1/20","2","0","20183","0"
"Stafford","0","1","Kansas","5/1/20","1","0","20185","0"
"Stanton","0","6","Kansas","5/1/20","4","2","20187","50"
"Stevens","0","9","Kansas","5/1/20","6","3","20189","50"
"Sumner","0","3","Kansas","5/1/20","3","0","20191","0"
"Wabaunsee","2","22","Kansas","5/1/20","6","16","20197","266.67"
"Washington","0","1","Kansas","5/1/20","0","1","20201","1"
"Wilson","0","1","Kansas","5/1/20","1","0","20205","0"
"Woodson","0","6","Kansas","5/1/20","5","1","20207","20"
"Wyandotte","26","710","Kansas","5/1/20","527","183","20209","34.72"
"Adair","0","81","Kentucky","5/1/20","80","1","21001","1.25"
"Allen","1","14","Kentucky","5/1/20","6","8","21003","133.33"
"Anderson","0","8","Kentucky","5/1/20","7","1","21005","14.29"
"Ballard","1","10","Kentucky","5/1/20","5","5","21007","100"
"Barren","1","17","Kentucky","5/1/20","9","8","21009","88.89"
"Bath","0","4","Kentucky","5/1/20","3","1","21011","33.33"
"Boone","7","144","Kentucky","5/1/20","98","46","21015","46.94"
"Bourbon","0","8","Kentucky","5/1/20","7","1","21017","14.29"
"Boyd","0","31","Kentucky","5/1/20","31","0","21019","0"
"Boyle","0","17","Kentucky","5/1/20","17","0","21021","0"
"Bracken","0","9","Kentucky","5/1/20","7","2","21023","28.57"
"Breathitt","0","2","Kentucky","5/1/20","2","0","21025","0"
"Breckinridge","0","9","Kentucky","5/1/20","7","2","21027","28.57"
"Bullitt","2","55","Kentucky","5/1/20","40","15","21029","37.5"
"Butler","6","141","Kentucky","5/1/20","98","43","21031","43.88"
"Caldwell","0","13","Kentucky","5/1/20","13","0","21033","0"
"Calloway","1","34","Kentucky","5/1/20","26","8","21035","30.77"
"Campbell","3","92","Kentucky","5/1/20","70","22","21037","31.43"
"Carlisle","0","2","Kentucky","5/1/20","1","1","21039","100"
"Carroll","0","2","Kentucky","5/1/20","2","0","21041","0"
"Carter","0","5","Kentucky","5/1/20","4","1","21043","25"
"Casey","0","1","Kentucky","5/1/20","1","0","21045","0"
"Christian","0","88","Kentucky","5/1/20","85","3","21047","3.53"
"Clark","0","21","Kentucky","5/1/20","19","2","21049","10.53"
"Clay","0","1","Kentucky","5/1/20","1","0","21051","0"
"Clinton","0","3","Kentucky","5/1/20","2","1","21053","50"
"Crittenden","0","4","Kentucky","5/1/20","3","1","21055","33.33"
"Cumberland","0","5","Kentucky","5/1/20","4","1","21057","25"
"Daviess","7","194","Kentucky","5/1/20","145","49","21059","33.79"
"Edmonson","2","26","Kentucky","5/1/20","11","15","21061","136.36"
"Fayette","4","254","Kentucky","5/1/20","226","28","21067","12.39"
"Fleming","0","2","Kentucky","5/1/20","2","0","21069","0"
"Floyd","1","14","Kentucky","5/1/20","6","8","21071","133.33"
"Franklin","0","16","Kentucky","5/1/20","15","1","21073","6.67"
"Fulton","0","2","Kentucky","5/1/20","1","1","21075","100"
"Gallatin","0","1","Kentucky","5/1/20","1","0","21077","0"
"Garrard","0","2","Kentucky","5/1/20","1","1","21079","100"
"Grant","0","21","Kentucky","5/1/20","18","3","21081","16.67"
"Graves","7","137","Kentucky","5/1/20","89","48","21083","53.93"
"Grayson","5","69","Kentucky","5/1/20","37","32","21085","86.49"
"Green","0","1","Kentucky","5/1/20","1","0","21087","0"
"Greenup","0","11","Kentucky","5/1/20","10","1","21089","10"
"Hancock","0","6","Kentucky","5/1/20","6","0","21091","0"
"Hardin","2","44","Kentucky","5/1/20","32","12","21093","37.5"
"Harrison","0","17","Kentucky","5/1/20","18","-1","21097","-5.56"
"Hart","0","4","Kentucky","5/1/20","2","2","21099","100"
"Henderson","3","62","Kentucky","5/1/20","44","18","21101","40.91"
"Henry","0","6","Kentucky","5/1/20","3","3","21103","100"
"Hickman","0","1","Kentucky","5/1/20","2","-1","21105","-50"
"Hopkins","4","201","Kentucky","5/1/20","170","31","21107","18.24"
"Jackson","0","59","Kentucky","5/1/20","58","1","21109","1.72"
"Jefferson","33","1352","Kentucky","5/1/20","1121","231","21111","20.61"
"Jessamine","1","41","Kentucky","5/1/20","31","10","21113","32.26"
"Johnson","0","3","Kentucky","5/1/20","1","2","21115","200"
"Kenton","9","286","Kentucky","5/1/20","223","63","21117","28.25"
"Knott","0","4","Kentucky","5/1/20","3","1","21119","33.33"
"Knox","0","6","Kentucky","5/1/20","5","1","21121","20"
"Larue","0","5","Kentucky","5/1/20","5","0","21123","0"
"Laurel","1","17","Kentucky","5/1/20","13","4","21125","30.77"
"Lawrence","0","1","Kentucky","5/1/20","1","0","21127","0"
"Leslie","0","4","Kentucky","5/1/20","2","2","21131","100"
"Letcher","0","2","Kentucky","5/1/20","1","1","21133","100"
"Lewis","0","3","Kentucky","5/1/20","3","0","21135","0"
"Lincoln","0","5","Kentucky","5/1/20","4","1","21137","25"
"Livingston","1","5","Kentucky","5/1/20","1","4","21139","400"
"Logan","0","11","Kentucky","5/1/20","8","3","21141","37.5"
"Lyon","0","13","Kentucky","5/1/20","14","-1","21143","-7.14"
"Madison","0","29","Kentucky","5/1/20","26","3","21151","11.54"
"Marion","1","17","Kentucky","5/1/20","13","4","21155","30.77"
"Marshall","2","34","Kentucky","5/1/20","23","11","21157","47.83"
"Martin","0","3","Kentucky","5/1/20","3","0","21159","0"
"Mason","0","6","Kentucky","5/1/20","6","0","21161","0"
"McCracken","4","58","Kentucky","5/1/20","31","27","21145","87.1"
"McCreary","0","11","Kentucky","5/1/20","11","0","21147","0"
"McLean","1","15","Kentucky","5/1/20","10","5","21149","50"
"Meade","1","12","Kentucky","5/1/20","4","8","21163","200"
"Menifee","0","3","Kentucky","5/1/20","3","0","21165","0"
"Mercer","0","11","Kentucky","5/1/20","11","0","21167","0"
"Metcalfe","0","1","Kentucky","5/1/20","0","1","21169","1"
"Monroe","0","5","Kentucky","5/1/20","3","2","21171","66.67"
"Montgomery","0","12","Kentucky","5/1/20","10","2","21173","20"
"Morgan","0","1","Kentucky","5/1/20","1","0","21175","0"
"Muhlenberg","5","125","Kentucky","5/1/20","91","34","21177","37.36"
"Nelson","1","23","Kentucky","5/1/20","17","6","21179","35.29"
"Nicholas","0","1","Kentucky","5/1/20","1","0","21181","0"
"Ohio","2","49","Kentucky","5/1/20","34","15","21183","44.12"
"Oldham","1","32","Kentucky","5/1/20","24","8","21185","33.33"
"Owen","0","1","Kentucky","5/1/20","0","1","21187","1"
"Owsley","0","2","Kentucky","5/1/20","3","-1","21189","-33.33"
"Pendleton","0","6","Kentucky","5/1/20","5","1","21191","20"
"Perry","1","13","Kentucky","5/1/20","3","10","21193","333.33"
"Pike","1","13","Kentucky","5/1/20","8","5","21195","62.5"
"Powell","0","1","Kentucky","5/1/20","1","0","21197","0"
"Pulaski","1","43","Kentucky","5/1/20","39","4","21199","10.26"
"Rockcastle","0","11","Kentucky","5/1/20","11","0","21203","0"
"Rowan","0","2","Kentucky","5/1/20","2","0","21205","0"
"Russell","0","16","Kentucky","5/1/20","16","0","21207","0"
"Scott","0","24","Kentucky","5/1/20","23","1","21209","4.35"
"Shelby","1","30","Kentucky","5/1/20","26","4","21211","15.38"
"Simpson","1","28","Kentucky","5/1/20","22","6","21213","27.27"
"Spencer","1","13","Kentucky","5/1/20","9","4","21215","44.44"
"Taylor","0","8","Kentucky","5/1/20","5","3","21217","60"
"Todd","0","12","Kentucky","5/1/20","10","2","21219","20"
"Trigg","1","9","Kentucky","5/1/20","4","5","21221","125"
"Trimble","0","3","Kentucky","5/1/20","2","1","21223","50"
"Union","0","8","Kentucky","5/1/20","8","0","21225","0"
"Warren","26","344","Kentucky","5/1/20","165","179","21227","108.48"
"Washington","0","5","Kentucky","5/1/20","4","1","21229","25"
"Wayne","0","9","Kentucky","5/1/20","6","3","21231","50"
"Webster","1","22","Kentucky","5/1/20","16","6","21233","37.5"
"Whitley","0","11","Kentucky","5/1/20","10","1","21235","10"
"Woodford","0","18","Kentucky","5/1/20","19","-1","21239","-5.26"
"Acadia","1","133","Louisiana","5/1/20","129","4","22001","3.1"
"Allen","1","90","Louisiana","5/1/20","81","9","22003","11.11"
"Ascension","11","627","Louisiana","5/1/20","551","76","22005","13.79"
"Assumption","3","189","Louisiana","5/1/20","166","23","22007","13.86"
"Avoyelles","1","73","Louisiana","5/1/20","69","4","22009","5.8"
"Beauregard","1","42","Louisiana","5/1/20","35","7","22011","20"
"Bienville","1","77","Louisiana","5/1/20","69","8","22013","11.59"
"Bossier","4","287","Louisiana","5/1/20","258","29","22015","11.24"
"Caddo","25","1579","Louisiana","5/1/20","1407","172","22017","12.22"
"Calcasieu","12","437","Louisiana","5/1/20","356","81","22019","22.75"
"Caldwell","0","20","Louisiana","5/1/20","17","3","22021","17.65"
"Cameron","0","3","Louisiana","5/1/20","3","0","22023","0"
"Catahoula","2","40","Louisiana","5/1/20","25","15","22025","60"
"Claiborne","1","59","Louisiana","5/1/20","52","7","22027","13.46"
"Concordia","2","39","Louisiana","5/1/20","28","11","22029","39.29"
"De Soto","2","194","Louisiana","5/1/20","180","14","22031","7.78"
"East Baton Rouge","42","1989","Louisiana","5/1/20","1697","292","22033","17.21"
"East Carroll","0","9","Louisiana","5/1/20","6","3","22035","50"
"East Feliciana","3","128","Louisiana","5/1/20","105","23","22037","21.9"
"Evangeline","1","51","Louisiana","5/1/20","44","7","22039","15.91"
"Franklin","3","130","Louisiana","5/1/20","108","22","22041","20.37"
"Grant","0","14","Louisiana","5/1/20","11","3","22043","27.27"
"Iberia","4","261","Louisiana","5/1/20","231","30","22045","12.99"
"Iberville","17","459","Louisiana","5/1/20","339","120","22047","35.4"
"Jackson","3","40","Louisiana","5/1/20","22","18","22049","81.82"
"Jefferson","46","6305","Louisiana","5/1/20","5985","320","22051","5.35"
"Jefferson Davis","1","63","Louisiana","5/1/20","57","6","22053","10.53"
"Lafayette","3","463","Louisiana","5/1/20","440","23","22055","5.23"
"Lafourche","8","661","Louisiana","5/1/20","607","54","22057","8.9"
"LaSalle","1","26","Louisiana","5/1/20","17","9","22059","52.94"
"Lincoln","3","85","Louisiana","5/1/20","64","21","22061","32.81"
"Livingston","8","229","Louisiana","5/1/20","172","57","22063","33.14"
"Madison","0","7","Louisiana","5/1/20","5","2","22065","40"
"Morehouse","1","52","Louisiana","5/1/20","46","6","22067","13.04"
"Natchitoches","3","86","Louisiana","5/1/20","65","21","22069","32.31"
"Orleans","30","6495","Louisiana","5/1/20","6286","209","22071","3.32"
"Ouachita","19","730","Louisiana","5/1/20","598","132","22073","22.07"
"Plaquemines","2","179","Louisiana","5/1/20","166","13","22075","7.83"
"Pointe Coupee","2","104","Louisiana","5/1/20","88","16","22077","18.18"
"Rapides","6","270","Louisiana","5/1/20","228","42","22079","18.42"
"Red River","1","29","Louisiana","5/1/20","22","7","22081","31.82"
"Richland","3","66","Louisiana","5/1/20","47","19","22083","40.43"
"Sabine","1","17","Louisiana","5/1/20","13","4","22085","30.77"
"St. Bernard","4","469","Louisiana","5/1/20","440","29","22087","6.59"
"St. Charles","5","573","Louisiana","5/1/20","536","37","22089","6.9"
"St. Helena","1","28","Louisiana","5/1/20","23","5","22091","21.74"
"St. James","1","247","Louisiana","5/1/20","237","10","22093","4.22"
"St. John the Baptist","5","771","Louisiana","5/1/20","736","35","22095","4.76"
"St. Landry","3","181","Louisiana","5/1/20","157","24","22097","15.29"
"St. Martin","3","241","Louisiana","5/1/20","218","23","22099","10.55"
"St. Mary","3","193","Louisiana","5/1/20","171","22","22101","12.87"
"St. Tammany","20","1270","Louisiana","5/1/20","1131","139","22103","12.29"
"Tangipahoa","8","565","Louisiana","5/1/20","508","57","22105","11.22"
"Tensas","0","1","Louisiana","5/1/20","1","0","22107","0"
"Terrebonne","12","450","Louisiana","5/1/20","363","87","22109","23.97"
"Union","4","125","Louisiana","5/1/20","95","30","22111","31.58"
"Vermilion","1","37","Louisiana","5/1/20","33","4","22113","12.12"
"Vernon","0","16","Louisiana","5/1/20","15","1","22115","6.67"
"Washington","6","273","Louisiana","5/1/20","232","41","22117","17.67"
"Webster","2","92","Louisiana","5/1/20","80","12","22119","15"
"West Baton Rouge","2","108","Louisiana","5/1/20","93","15","22121","16.13"
"West Carroll","0","4","Louisiana","5/1/20","4","0","22123","0"
"West Feliciana","6","129","Louisiana","5/1/20","89","40","22125","44.94"
"Winn","3","38","Louisiana","5/1/20","20","18","22127","90"
"Androscoggin","2","52","Maine","5/1/20","38","14","23001","36.84"
"Aroostook","0","5","Maine","5/1/20","4","1","23003","25"
"Cumberland","11","504","Maine","5/1/20","426","78","23005","18.31"
"Franklin","0","28","Maine","5/1/20","26","2","23007","7.69"
"Hancock","0","10","Maine","5/1/20","8","2","23009","25"
"Kennebec","1","104","Maine","5/1/20","100","4","23011","4"
"Knox","0","16","Maine","5/1/20","13","3","23013","23.08"
"Lincoln","0","14","Maine","5/1/20","12","2","23015","16.67"
"Oxford","0","15","Maine","5/1/20","14","1","23017","7.14"
"Penobscot","4","79","Maine","5/1/20","50","29","23019","58"
"Piscataquis","0","1","Maine","5/1/20","1","0","23021","0"
"Sagadahoc","0","19","Maine","5/1/20","17","2","23023","11.76"
"Somerset","0","17","Maine","5/1/20","16","1","23025","6.25"
"Waldo","0","49","Maine","5/1/20","47","2","23027","4.26"
"Washington","0","2","Maine","5/1/20","2","0","23029","0"
"York","2","208","Maine","5/1/20","191","17","23031","8.9"
"Allegany","4","118","Maryland","5/1/20","90","28","24001","31.11"
"Anne Arundel","62","1807","Maryland","5/1/20","1373","434","24003","31.61"
"Baltimore","111","3013","Maryland","5/1/20","2234","779","24005","34.87"
"Baltimore City","62","2162","Maryland","5/1/20","1728","434","24510","25.12"
"Calvert","5","161","Maryland","5/1/20","125","36","24009","28.8"
"Caroline","3","74","Maryland","5/1/20","55","19","24011","34.55"
"Carroll","13","460","Maryland","5/1/20","372","88","24013","23.66"
"Cecil","5","176","Maryland","5/1/20","144","32","24015","22.22"
"Charles","22","611","Maryland","5/1/20","459","152","24017","33.12"
"Dorchester","3","54","Maryland","5/1/20","32","22","24019","68.75"
"Frederick","25","942","Maryland","5/1/20","765","177","24021","23.14"
"Garrett","0","4","Maryland","5/1/20","4","0","24023","0"
"Harford","21","437","Maryland","5/1/20","289","148","24025","51.21"
"Howard","36","896","Maryland","5/1/20","642","254","24027","39.56"
"Kent","3","86","Maryland","5/1/20","67","19","24029","28.36"
"Montgomery","218","4754","Maryland","5/1/20","3227","1527","24031","47.32"
"Prince George's","333","6735","Maryland","5/1/20","4403","2332","24033","52.96"
"Queen Anne's","1","52","Maryland","5/1/20","43","9","24035","20.93"
"Somerset","2","30","Maryland","5/1/20","13","17","24039","130.77"
"St. Mary's","6","159","Maryland","5/1/20","119","40","24037","33.61"
"Talbot","2","35","Maryland","5/1/20","23","12","24041","52.17"
"Washington","10","216","Maryland","5/1/20","143","73","24043","51.05"
"Wicomico","29","425","Maryland","5/1/20","222","203","24045","91.44"
"Worcester","3","65","Maryland","5/1/20","44","21","24047","47.73"
"Barnstable","24","930","Massachusetts","5/1/20","760","170","25001","22.37"
"Berkshire","3","451","Massachusetts","5/1/20","432","19","25003","4.4"
"Bristol","158","3848","Massachusetts","5/1/20","2739","1109","25005","40.49"
"Dukes and Nantucket","1","31","Massachusetts","5/1/20","26","5","00000","19.23"
"Essex","318","9178","Massachusetts","5/1/20","6952","2226","25009","32.02"
"Franklin","6","265","Massachusetts","5/1/20","222","43","25011","19.37"
"Hampden","121","3943","Massachusetts","5/1/20","3096","847","25013","27.36"
"Hampshire","18","532","Massachusetts","5/1/20","409","123","25015","30.07"
"Middlesex","427","14829","Massachusetts","5/1/20","11843","2986","25017","25.21"
"Norfolk","164","6231","Massachusetts","5/1/20","5084","1147","25021","22.56"
"Plymouth","167","5371","Massachusetts","5/1/20","4204","1167","25023","27.76"
"Suffolk","374","13468","Massachusetts","5/1/20","10847","2621","25025","24.16"
"Worcester","227","5874","Massachusetts","5/1/20","4285","1589","25027","37.08"
"Alcona","0","7","Michigan","5/1/20","7","0","26001","0"
"Allegan","7","128","Michigan","5/1/20","79","49","26005","62.03"
"Alpena","3","89","Michigan","5/1/20","67","22","26007","32.84"
"Antrim","0","11","Michigan","5/1/20","10","1","26009","10"
"Arenac","2","30","Michigan","5/1/20","19","11","26011","57.89"
"Baraga","0","1","Michigan","5/1/20","0","1","26013","1"
"Barry","2","47","Michigan","5/1/20","36","11","26015","30.56"
"Bay","7","178","Michigan","5/1/20","126","52","26017","41.27"
"Benzie","0","4","Michigan","5/1/20","4","0","26019","0"
"Berrien","8","369","Michigan","5/1/20","312","57","26021","18.27"
"Branch","3","69","Michigan","5/1/20","51","18","26023","35.29"
"Calhoun","6","258","Michigan","5/1/20","213","45","26025","21.13"
"Cass","1","39","Michigan","5/1/20","34","5","26027","14.71"
"Charlevoix","0","14","Michigan","5/1/20","14","0","26029","0"
"Cheboygan","1","24","Michigan","5/1/20","20","4","26031","20"
"Chippewa","0","3","Michigan","5/1/20","3","0","26033","0"
"Clare","0","11","Michigan","5/1/20","10","1","26035","10"
"Clinton","2","128","Michigan","5/1/20","111","17","26037","15.32"
"Crawford","1","57","Michigan","5/1/20","50","7","26039","14"
"Delta","0","14","Michigan","5/1/20","13","1","26041","7.69"
"Dickinson","0","3","Michigan","5/1/20","3","0","26043","0"
"Eaton","3","150","Michigan","5/1/20","128","22","26045","17.19"
"Emmet","0","25","Michigan","5/1/20","25","0","26047","0"
"Federal Correctional Institution (FCI)","3","90","Michigan","5/1/20","68","22","00000","32.35"
"Genesee","32","1726","Michigan","5/1/20","1505","221","26049","14.68"
"Gladwin","1","16","Michigan","5/1/20","10","6","26051","60"
"Gogebic","0","4","Michigan","5/1/20","4","0","26053","0"
"Grand Traverse","0","20","Michigan","5/1/20","20","0","26055","0"
"Gratiot","2","23","Michigan","5/1/20","9","14","26057","155.56"
"Hillsdale","3","129","Michigan","5/1/20","111","18","26059","16.22"
"Houghton","0","2","Michigan","5/1/20","2","0","26061","0"
"Huron","1","26","Michigan","5/1/20","16","10","26063","62.5"
"Ingham","13","503","Michigan","5/1/20","409","94","26065","22.98"
"Ionia","6","86","Michigan","5/1/20","41","45","26067","109.76"
"Iosco","3","62","Michigan","5/1/20","38","24","26069","63.16"
"Isabella","1","75","Michigan","5/1/20","70","5","26073","7.14"
"Jackson","10","401","Michigan","5/1/20","331","70","26075","21.15"
"Kalamazoo","21","441","Michigan","5/1/20","293","148","26077","50.51"
"Kalkaska","0","28","Michigan","5/1/20","27","1","26079","3.7"
"Kent","106","1741","Michigan","5/1/20","1001","740","26081","73.93"
"Lake","0","3","Michigan","5/1/20","3","0","26085","0"
"Lapeer","1","181","Michigan","5/1/20","172","9","26087","5.23"
"Leelanau","0","9","Michigan","5/1/20","8","1","26089","12.5"
"Lenawee","3","124","Michigan","5/1/20","100","24","26091","24"
"Livingston","6","401","Michigan","5/1/20","361","40","26093","11.08"
"Luce","0","1","Michigan","5/1/20","1","0","26095","0"
"Mackinac","0","6","Michigan","5/1/20","5","1","26097","20"
"Macomb","89","5670","Michigan","5/1/20","5045","625","26099","12.39"
"Manistee","0","12","Michigan","5/1/20","13","-1","26101","-7.69"
"Marquette","2","50","Michigan","5/1/20","39","11","26103","28.21"
"Mason","1","13","Michigan","5/1/20","8","5","26105","62.5"
"Mecosta","0","17","Michigan","5/1/20","17","0","26107","0"
"Menominee","0","5","Michigan","5/1/20","2","3","26109","150"
"Michigan Department of Corrections (MDOC)","84","1560","Michigan","5/1/20","973","587","00000","60.33"
"Midland","2","89","Michigan","5/1/20","74","15","26111","20.27"
"Missaukee","1","22","Michigan","5/1/20","18","4","26113","22.22"
"Monroe","6","317","Michigan","5/1/20","274","43","26115","15.69"
"Montcalm","2","42","Michigan","5/1/20","29","13","26117","44.83"
"Montmorency","0","5","Michigan","5/1/20","6","-1","26119","-16.67"
"Muskegon","12","288","Michigan","5/1/20","204","84","26121","41.18"
"Newaygo","2","26","Michigan","5/1/20","15","11","26123","73.33"
"Oakland","115","8184","Michigan","5/1/20","7378","806","26125","10.92"
"Oceana","1","15","Michigan","5/1/20","8","7","26127","87.5"
"Ogemaw","1","18","Michigan","5/1/20","9","9","26129","100"
"Osceola","0","10","Michigan","5/1/20","10","0","26133","0"
"Oscoda","0","5","Michigan","5/1/20","4","1","26135","25"
"Otsego","1","109","Michigan","5/1/20","101","8","26137","7.92"
"Ottawa","13","291","Michigan","5/1/20","199","92","26139","46.23"
"Out of MI","-4","8","Michigan","5/1/20","39","-31","80026","-79.49"
"Presque Isle","0","11","Michigan","5/1/20","9","2","26141","22.22"
"Roscommon","1","18","Michigan","5/1/20","14","4","26143","28.57"
"Saginaw","22","693","Michigan","5/1/20","539","154","26145","28.57"
"Sanilac","0","37","Michigan","5/1/20","35","2","26151","5.71"
"Schoolcraft","0","3","Michigan","5/1/20","3","0","26153","0"
"Shiawassee","8","197","Michigan","5/1/20","142","55","26155","38.73"
"St. Clair","5","375","Michigan","5/1/20","337","38","26147","11.28"
"St. Joseph","1","34","Michigan","5/1/20","27","7","26149","25.93"
"Tuscola","4","108","Michigan","5/1/20","80","28","26157","35"
"Van Buren","3","68","Michigan","5/1/20","47","21","26159","44.68"
"Washtenaw","18","1205","Michigan","5/1/20","1080","125","26161","11.57"
"Wayne","235","17235","Michigan","5/1/20","15593","1642","26163","10.53"
"Wexford","0","11","Michigan","5/1/20","10","1","26165","10"
"Aitkin","0","1","Minnesota","5/1/20","1","0","27001","0"
"Anoka","13","231","Minnesota","5/1/20","142","89","27003","62.68"
"Becker","0","5","Minnesota","5/1/20","2","3","27005","150"
"Beltrami","0","6","Minnesota","5/1/20","6","0","27007","0"
"Benton","2","21","Minnesota","5/1/20","4","17","27009","425"
"Big Stone","0","2","Minnesota","5/1/20","1","1","27011","100"
"Blue Earth","2","38","Minnesota","5/1/20","27","11","27013","40.74"
"Brown","0","8","Minnesota","5/1/20","8","0","27015","0"
"Carlton","2","59","Minnesota","5/1/20","46","13","27017","28.26"
"Carver","1","21","Minnesota","5/1/20","15","6","27019","40"
"Cass","0","5","Minnesota","5/1/20","5","0","27021","0"
"Chippewa","0","2","Minnesota","5/1/20","1","1","27023","100"
"Chisago","1","12","Minnesota","5/1/20","7","5","27025","71.43"
"Clay","9","165","Minnesota","5/1/20","100","65","27027","65"
"Clearwater","0","2","Minnesota","5/1/20","2","0","27029","0"
"Cottonwood","2","23","Minnesota","5/1/20","6","17","27033","283.33"
"Crow Wing","0","21","Minnesota","5/1/20","20","1","27035","5"
"Dakota","5","171","Minnesota","5/1/20","136","35","27037","25.74"
"Dodge","1","22","Minnesota","5/1/20","18","4","27039","22.22"
"Douglas","0","2","Minnesota","5/1/20","2","0","27041","0"
"Faribault","0","5","Minnesota","5/1/20","4","1","27043","25"
"Fillmore","0","12","Minnesota","5/1/20","12","0","27045","0"
"Freeborn","0","35","Minnesota","5/1/20","33","2","27047","6.06"
"Goodhue","0","19","Minnesota","5/1/20","19","0","27049","0"
"Hennepin","90","1829","Minnesota","5/1/20","1200","629","27053","52.42"
"Houston","0","1","Minnesota","5/1/20","1","0","27055","0"
"Isanti","0","6","Minnesota","5/1/20","6","0","27059","0"
"Itasca","1","6","Minnesota","5/1/20","2","4","27061","200"
"Jackson","1","16","Minnesota","5/1/20","6","10","27063","166.67"
"Kanabec","0","1","Minnesota","5/1/20","0","1","27065","1"
"Kandiyohi","18","135","Minnesota","5/1/20","12","123","27067","1025"
"Kittson","0","1","Minnesota","5/1/20","1","0","27069","0"
"Koochiching","0","1","Minnesota","5/1/20","1","0","27071","0"
"Lac qui Parle","0","1","Minnesota","5/1/20","1","0","27073","0"
"Le Sueur","0","25","Minnesota","5/1/20","22","3","27079","13.64"
"Lincoln","0","3","Minnesota","5/1/20","2","1","27081","50"
"Lyon","0","7","Minnesota","5/1/20","6","1","27083","16.67"
"Mahnomen","0","2","Minnesota","5/1/20","1","1","27087","100"
"Marshall","0","2","Minnesota","5/1/20","1","1","27089","100"
"Martin","10","111","Minnesota","5/1/20","41","70","27091","170.73"
"McLeod","0","4","Minnesota","5/1/20","3","1","27085","33.33"
"Meeker","2","14","Minnesota","5/1/20","3","11","27093","366.67"
"Mille Lacs","0","2","Minnesota","5/1/20","1","1","27095","100"
"Morrison","1","6","Minnesota","5/1/20","1","5","27097","500"
"Mower","0","28","Minnesota","5/1/20","28","0","27099","0"
"Murray","2","16","Minnesota","5/1/20","5","11","27101","220"
"Nicollet","1","13","Minnesota","5/1/20","8","5","27103","62.5"
"Nobles","87","866","Minnesota","5/1/20","258","608","27105","235.66"
"Norman","0","8","Minnesota","5/1/20","7","1","27107","14.29"
"Olmsted","7","269","Minnesota","5/1/20","219","50","27109","22.83"
"Otter Tail","1","14","Minnesota","5/1/20","6","8","27111","133.33"
"Pennington","0","1","Minnesota","5/1/20","1","0","27113","0"
"Pine","2","58","Minnesota","5/1/20","43","15","27115","34.88"
"Pipestone","0","2","Minnesota","5/1/20","2","0","27117","0"
"Polk","2","32","Minnesota","5/1/20","19","13","27119","68.42"
"Ramsey","23","405","Minnesota","5/1/20","247","158","27123","63.97"
"Red Lake","0","1","Minnesota","5/1/20","1","0","27125","0"
"Redwood","0","3","Minnesota","5/1/20","1","2","27127","200"
"Renville","0","4","Minnesota","5/1/20","3","1","27129","33.33"
"Rice","1","14","Minnesota","5/1/20","9","5","27131","55.56"
"Rock","1","12","Minnesota","5/1/20","5","7","27133","140"
"Roseau","0","1","Minnesota","5/1/20","1","0","27135","0"
"Scott","2","46","Minnesota","5/1/20","30","16","27139","53.33"
"Sherburne","3","39","Minnesota","5/1/20","15","24","27141","160"
"Sibley","0","2","Minnesota","5/1/20","1","1","27143","100"
"St. Louis","2","73","Minnesota","5/1/20","59","14","27137","23.73"
"Stearns","57","435","Minnesota","5/1/20","33","402","27145","1218.18"
"Steele","1","18","Minnesota","5/1/20","11","7","27147","63.64"
"Swift","0","2","Minnesota","5/1/20","1","1","27151","100"
"Todd","1","7","Minnesota","5/1/20","3","4","27153","133.33"
"Traverse","0","2","Minnesota","5/1/20","2","0","27155","0"
"Wabasha","0","9","Minnesota","5/1/20","8","1","27157","12.5"
"Wadena","0","1","Minnesota","5/1/20","0","1","27159","1"
"Waseca","0","4","Minnesota","5/1/20","3","1","27161","33.33"
"Washington","4","133","Minnesota","5/1/20","107","26","27163","24.3"
"Watonwan","1","14","Minnesota","5/1/20","5","9","27165","180"
"Wilkin","0","12","Minnesota","5/1/20","11","1","27167","9.09"
"Winona","0","66","Minnesota","5/1/20","64","2","27169","3.12"
"Wright","2","43","Minnesota","5/1/20","32","11","27171","34.38"
"Yellow Medicine","0","3","Minnesota","5/1/20","3","0","27173","0"
"Adams","6","148","Mississippi","5/1/20","104","44","28001","42.31"
"Alcorn","0","10","Mississippi","5/1/20","9","1","28003","11.11"
"Amite","1","29","Mississippi","5/1/20","23","6","28005","26.09"
"Attala","6","109","Mississippi","5/1/20","68","41","28007","60.29"
"Benton","0","12","Mississippi","5/1/20","9","3","28009","33.33"
"Bolivar","2","102","Mississippi","5/1/20","90","12","28011","13.33"
"Calhoun","1","52","Mississippi","5/1/20","46","6","28013","13.04"
"Carroll","6","58","Mississippi","5/1/20","15","43","28015","286.67"
"Chickasaw","3","75","Mississippi","5/1/20","53","22","28017","41.51"
"Choctaw","0","13","Mississippi","5/1/20","13","0","28019","0"
"Claiborne","1","23","Mississippi","5/1/20","13","10","28021","76.92"
"Clarke","2","55","Mississippi","5/1/20","43","12","28023","27.91"
"Clay","2","42","Mississippi","5/1/20","29","13","28025","44.83"
"Coahoma","1","64","Mississippi","5/1/20","54","10","28027","18.52"
"Copiah","6","108","Mississippi","5/1/20","65","43","28029","66.15"
"Covington","3","67","Mississippi","5/1/20","43","24","28031","55.81"
"DeSoto","5","293","Mississippi","5/1/20","256","37","28033","14.45"
"Forrest","6","219","Mississippi","5/1/20","174","45","28035","25.86"
"Franklin","0","16","Mississippi","5/1/20","16","0","28037","0"
"George","0","14","Mississippi","5/1/20","11","3","28039","27.27"
"Greene","0","5","Mississippi","5/1/20","4","1","28041","25"
"Grenada","1","32","Mississippi","5/1/20","27","5","28043","18.52"
"Hancock","1","62","Mississippi","5/1/20","56","6","28045","10.71"
"Harrison","3","177","Mississippi","5/1/20","157","20","28047","12.74"
"Hinds","14","496","Mississippi","5/1/20","401","95","28049","23.69"
"Holmes","9","153","Mississippi","5/1/20","92","61","28051","66.3"
"Humphreys","1","24","Mississippi","5/1/20","14","10","28053","71.43"
"Itawamba","4","59","Mississippi","5/1/20","32","27","28057","84.38"
"Jackson","5","267","Mississippi","5/1/20","235","32","28059","13.62"
"Jasper","3","48","Mississippi","5/1/20","29","19","28061","65.52"
"Jefferson","2","20","Mississippi","5/1/20","5","15","28063","300"
"Jefferson Davis","2","35","Mississippi","5/1/20","19","16","28065","84.21"
"Jones","8","159","Mississippi","5/1/20","104","55","28067","52.88"
"Kemper","5","64","Mississippi","5/1/20","31","33","28069","106.45"
"Lafayette","1","89","Mississippi","5/1/20","83","6","28071","7.23"
"Lamar","4","111","Mississippi","5/1/20","82","29","28073","35.37"
"Lauderdale","14","365","Mississippi","5/1/20","268","97","28075","36.19"
"Lawrence","3","46","Mississippi","5/1/20","26","20","28077","76.92"
"Leake","12","219","Mississippi","5/1/20","136","83","28079","61.03"
"Lee","0","71","Mississippi","5/1/20","70","1","28081","1.43"
"Leflore","6","164","Mississippi","5/1/20","124","40","28083","32.26"
"Lincoln","2","143","Mississippi","5/1/20","132","11","28085","8.33"
"Lowndes","3","58","Mississippi","5/1/20","38","20","28087","52.63"
"Madison","10","251","Mississippi","5/1/20","178","73","28089","41.01"
"Marion","3","75","Mississippi","5/1/20","55","20","28091","36.36"
"Marshall","1","44","Mississippi","5/1/20","40","4","28093","10"
"Monroe","6","161","Mississippi","5/1/20","117","44","28095","37.61"
"Montgomery","2","29","Mississippi","5/1/20","17","12","28097","70.59"
"Neshoba","13","205","Mississippi","5/1/20","116","89","28099","76.72"
"Newton","5","87","Mississippi","5/1/20","51","36","28101","70.59"
"Noxubee","5","73","Mississippi","5/1/20","35","38","28103","108.57"
"Oktibbeha","1","51","Mississippi","5/1/20","46","5","28105","10.87"
"Panola","0","39","Mississippi","5/1/20","38","1","28107","2.63"
"Pearl River","4","175","Mississippi","5/1/20","144","31","28109","21.53"
"Perry","1","27","Mississippi","5/1/20","23","4","28111","17.39"
"Pike","3","149","Mississippi","5/1/20","127","22","28113","17.32"
"Pontotoc","0","18","Mississippi","5/1/20","18","0","28115","0"
"Prentiss","0","32","Mississippi","5/1/20","29","3","28117","10.34"
"Quitman","0","15","Mississippi","5/1/20","14","1","28119","7.14"
"Rankin","6","194","Mississippi","5/1/20","154","40","28121","25.97"
"Scott","20","339","Mississippi","5/1/20","200","139","28123","69.5"
"Sharkey","0","5","Mississippi","5/1/20","4","1","28125","25"
"Simpson","2","47","Mississippi","5/1/20","36","11","28127","30.56"
"Smith","3","76","Mississippi","5/1/20","55","21","28129","38.18"
"Stone","0","22","Mississippi","5/1/20","22","0","28131","0"
"Sunflower","1","55","Mississippi","5/1/20","51","4","28133","7.84"
"Tallahatchie","0","11","Mississippi","5/1/20","11","0","28135","0"
"Tate","1","42","Mississippi","5/1/20","38","4","28137","10.53"
"Tippah","1","56","Mississippi","5/1/20","50","6","28139","12"
"Tishomingo","0","7","Mississippi","5/1/20","7","0","28141","0"
"Tunica","0","35","Mississippi","5/1/20","34","1","28143","2.94"
"Union","1","19","Mississippi","5/1/20","14","5","28145","35.71"
"Walthall","1","32","Mississippi","5/1/20","27","5","28147","18.52"
"Warren","5","74","Mississippi","5/1/20","39","35","28149","89.74"
"Washington","0","77","Mississippi","5/1/20","74","3","28151","4.05"
"Wayne","1","23","Mississippi","5/1/20","16","7","28153","43.75"
"Webster","0","19","Mississippi","5/1/20","17","2","28155","11.76"
"Wilkinson","0","69","Mississippi","5/1/20","66","3","28157","4.55"
"Winston","1","44","Mississippi","5/1/20","38","6","28159","15.79"
"Yalobusha","0","20","Mississippi","5/1/20","17","3","28161","17.65"
"Yazoo","3","139","Mississippi","5/1/20","117","22","28163","18.8"
"Adair","0","12","Missouri","5/1/20","12","0","29001","0"
"Andrew","0","3","Missouri","5/1/20","1","2","29003","200"
"Atchison","0","2","Missouri","5/1/20","2","0","29005","0"
"Audrain","0","1","Missouri","5/1/20","1","0","29007","0"
"Barry","0","6","Missouri","5/1/20","5","1","29009","20"
"Bates","0","6","Missouri","5/1/20","6","0","29013","0"
"Benton","1","8","Missouri","5/1/20","4","4","29015","100"
"Bollinger","0","4","Missouri","5/1/20","4","0","29017","0"
"Boone","0","102","Missouri","5/1/20","99","3","29019","3.03"
"Buchanan","13","141","Missouri","5/1/20","48","93","29021","193.75"
"Butler","0","25","Missouri","5/1/20","25","0","29023","0"
"Caldwell","0","3","Missouri","5/1/20","2","1","29025","50"
"Callaway","0","22","Missouri","5/1/20","21","1","29027","4.76"
"Camden","0","35","Missouri","5/1/20","35","0","29029","0"
"Cape Girardeau","1","49","Missouri","5/1/20","43","6","29031","13.95"
"Carroll","0","3","Missouri","5/1/20","3","0","29033","0"
"Carter","0","3","Missouri","5/1/20","3","0","29035","0"
"Cass","1","63","Missouri","5/1/20","55","8","29037","14.55"
"Cedar","0","5","Missouri","5/1/20","5","0","29039","0"
"Chariton","0","5","Missouri","5/1/20","5","0","29041","0"
"Christian","0","19","Missouri","5/1/20","19","0","29043","0"
"Clark","0","1","Missouri","5/1/20","1","0","29045","0"
"Clay","1","72","Missouri","5/1/20","63","9","29047","14.29"
"Clinton","0","11","Missouri","5/1/20","11","0","29049","0"
"Cole","0","51","Missouri","5/1/20","49","2","29051","4.08"
"Cooper","0","9","Missouri","5/1/20","7","2","29053","28.57"
"Crawford","0","8","Missouri","5/1/20","7","1","29055","14.29"
"Dallas","0","2","Missouri","5/1/20","2","0","29059","0"
"Daviess","0","2","Missouri","5/1/20","2","0","29061","0"
"DeKalb","0","3","Missouri","5/1/20","3","0","29063","0"
"Dunklin","0","21","Missouri","5/1/20","19","2","29069","10.53"
"Franklin","1","114","Missouri","5/1/20","106","8","29071","7.55"
"Gasconade","0","3","Missouri","5/1/20","2","1","29073","50"
"Gentry","0","1","Missouri","5/1/20","1","0","29075","0"
"Greene","0","96","Missouri","5/1/20","93","3","29077","3.23"
"Harrison","0","6","Missouri","5/1/20","6","0","29081","0"
"Henry","0","8","Missouri","5/1/20","6","2","29083","33.33"
"Holt","0","1","Missouri","5/1/20","1","0","29087","0"
"Howard","0","2","Missouri","5/1/20","2","0","29089","0"
"Howell","0","5","Missouri","5/1/20","5","0","29091","0"
"Iron","0","2","Missouri","5/1/20","2","0","29093","0"
"Jackson","4","328","Missouri","5/1/20","300","28","29095","9.33"
"Jasper","0","24","Missouri","5/1/20","24","0","29097","0"
"Jefferson","4","277","Missouri","5/1/20","251","26","29099","10.36"
"Johnson","0","55","Missouri","5/1/20","53","2","29101","3.77"
"Kansas City","15","578","Missouri","5/1/20","475","103","00000","21.68"
"Lafayette","1","38","Missouri","5/1/20","33","5","29107","15.15"
"Lewis","0","6","Missouri","5/1/20","6","0","29111","0"
"Lincoln","1","70","Missouri","5/1/20","60","10","29113","16.67"
"Linn","0","5","Missouri","5/1/20","5","0","29115","0"
"Livingston","0","2","Missouri","5/1/20","2","0","29117","0"
"Macon","0","2","Missouri","5/1/20","2","0","29121","0"
"Madison","0","1","Missouri","5/1/20","1","0","29123","0"
"Maries","0","2","Missouri","5/1/20","2","0","29125","0"
"Marion","0","5","Missouri","5/1/20","4","1","29127","25"
"McDonald","0","4","Missouri","5/1/20","4","0","29119","0"
"Miller","0","1","Missouri","5/1/20","1","0","29131","0"
"Mississippi","4","29","Missouri","5/1/20","3","26","29133","866.67"
"Moniteau","-1","52","Missouri","5/1/20","59","-7","29135","-11.86"
"Montgomery","0","7","Missouri","5/1/20","7","0","29139","0"
"Morgan","0","4","Missouri","5/1/20","3","1","29141","33.33"
"New Madrid","0","9","Missouri","5/1/20","9","0","29143","0"
"Newton","0","10","Missouri","5/1/20","10","0","29145","0"
"Nodaway","0","3","Missouri","5/1/20","3","0","29147","0"
"Oregon","0","1","Missouri","5/1/20","1","0","29149","0"
"Osage","0","5","Missouri","5/1/20","5","0","29151","0"
"Pemiscot","2","32","Missouri","5/1/20","18","14","29155","77.78"
"Perry","1","43","Missouri","5/1/20","39","4","29157","10.26"
"Pettis","2","36","Missouri","5/1/20","25","11","29159","44"
"Phelps","0","2","Missouri","5/1/20","1","1","29161","100"
"Pike","1","11","Missouri","5/1/20","6","5","29163","83.33"
"Platte","0","32","Missouri","5/1/20","30","2","29165","6.67"
"Polk","0","1","Missouri","5/1/20","1","0","29167","0"
"Pulaski","0","36","Missouri","5/1/20","33","3","29169","9.09"
"Ralls","0","1","Missouri","5/1/20","1","0","29173","0"
"Randolph","0","8","Missouri","5/1/20","8","0","29175","0"
"Ray","0","12","Missouri","5/1/20","10","2","29177","20"
"Reynolds","0","2","Missouri","5/1/20","2","0","29179","0"
"Ripley","0","5","Missouri","5/1/20","4","1","29181","25"
"Saline","7","192","Missouri","5/1/20","142","50","29195","35.21"
"Scotland","0","4","Missouri","5/1/20","4","0","29199","0"
"Scott","1","70","Missouri","5/1/20","60","10","29201","16.67"
"Shelby","0","1","Missouri","5/1/20","1","0","29205","0"
"St. Charles","11","591","Missouri","5/1/20","516","75","29183","14.53"
"St. Clair","0","2","Missouri","5/1/20","2","0","29185","0"
"St. Francois","0","28","Missouri","5/1/20","26","2","29187","7.69"
"St. Louis","81","3376","Missouri","5/1/20","2808","568","29189","20.23"
"St. Louis City","21","1150","Missouri","5/1/20","1000","150","29510","15"
"Ste. Genevieve","0","8","Missouri","5/1/20","7","1","29186","14.29"
"Stoddard","0","20","Missouri","5/1/20","19","1","29207","5.26"
"Stone","0","3","Missouri","5/1/20","3","0","29209","0"
"Taney","0","11","Missouri","5/1/20","10","1","29213","10"
"Vernon","0","4","Missouri","5/1/20","4","0","29217","0"
"Warren","0","22","Missouri","5/1/20","22","0","29219","0"
"Washington","0","8","Missouri","5/1/20","8","0","29221","0"
"Webster","0","15","Missouri","5/1/20","13","2","29225","15.38"
"Worth","0","1","Missouri","5/1/20","1","0","29227","0"
"Wright","0","10","Missouri","5/1/20","9","1","29229","11.11"
"Beaverhead","0","1","Montana","5/1/20","1","0","30001","0"
"Big Horn","0","3","Montana","5/1/20","3","0","30003","0"
"Broadwater","0","4","Montana","5/1/20","4","0","30007","0"
"Carbon","0","6","Montana","5/1/20","6","0","30009","0"
"Cascade","0","15","Montana","5/1/20","13","2","30013","15.38"
"Deer Lodge","0","3","Montana","5/1/20","3","0","30023","0"
"Fergus","0","1","Montana","5/1/20","0","1","30027","1"
"Flathead","0","37","Montana","5/1/20","37","0","30029","0"
"Gallatin","0","146","Montana","5/1/20","146","0","30031","0"
"Glacier","0","6","Montana","5/1/20","4","2","30035","50"
"Golden Valley","0","3","Montana","5/1/20","3","0","30037","0"
"Hill","0","1","Montana","5/1/20","1","0","30041","0"
"Jefferson","0","2","Montana","5/1/20","2","0","30043","0"
"Lake","0","5","Montana","5/1/20","5","0","30047","0"
"Lewis and Clark","0","16","Montana","5/1/20","16","0","30049","0"
"Liberty","0","1","Montana","5/1/20","1","0","30051","0"
"Lincoln","0","7","Montana","5/1/20","7","0","30053","0"
"Madison","0","8","Montana","5/1/20","8","0","30057","0"
"Meagher","0","1","Montana","5/1/20","1","0","30059","0"
"Missoula","0","39","Montana","5/1/20","39","0","30063","0"
"Musselshell","0","1","Montana","5/1/20","1","0","30065","0"
"Park","0","8","Montana","5/1/20","7","1","30067","14.29"
"Pondera","0","2","Montana","5/1/20","2","0","30073","0"
"Ravalli","0","5","Montana","5/1/20","5","0","30081","0"
"Richland","0","3","Montana","5/1/20","3","0","30083","0"
"Roosevelt","0","7","Montana","5/1/20","7","0","30085","0"
"Silver Bow","0","11","Montana","5/1/20","11","0","30093","0"
"Stillwater","0","1","Montana","5/1/20","1","0","30095","0"
"Toole","0","29","Montana","5/1/20","29","0","30101","0"
"Wheatland","0","1","Montana","5/1/20","1","0","30107","0"
"Yellowstone","0","80","Montana","5/1/20","77","3","30111","3.9"
"Adams","10","187","Nebraska","5/1/20","120","67","31001","55.83"
"Antelope","0","3","Nebraska","5/1/20","1","2","31003","200"
"Box Butte","0","1","Nebraska","5/1/20","1","0","31013","0"
"Buffalo","5","111","Nebraska","5/1/20","75","36","31019","48"
"Burt","0","3","Nebraska","5/1/20","1","2","31021","200"
"Butler","1","5","Nebraska","5/1/20","1","4","31023","400"
"Cass","0","5","Nebraska","5/1/20","4","1","31025","25"
"Cedar","1","4","Nebraska","5/1/20","0","4","31027","1"
"Cherry","0","1","Nebraska","5/1/20","1","0","31031","0"
"Cheyenne","0","6","Nebraska","5/1/20","5","1","31033","20"
"Clay","1","10","Nebraska","5/1/20","4","6","31035","150"
"Colfax","15","116","Nebraska","5/1/20","9","107","31037","1188.89"
"Cuming","0","6","Nebraska","5/1/20","3","3","31039","100"
"Custer","1","24","Nebraska","5/1/20","20","4","31041","20"
"Dakota","99","942","Nebraska","5/1/20","246","696","31043","282.93"
"Dawson","28","503","Nebraska","5/1/20","307","196","31047","63.84"
"Dixon","1","7","Nebraska","5/1/20","1","6","31051","600"
"Dodge","2","60","Nebraska","5/1/20","43","17","31053","39.53"
"Douglas","55","744","Nebraska","5/1/20","362","382","31055","105.52"
"Fillmore","0","1","Nebraska","5/1/20","1","0","31059","0"
"Franklin","0","5","Nebraska","5/1/20","3","2","31061","66.67"
"Frontier","0","1","Nebraska","5/1/20","0","1","31063","1"
"Furnas","0","3","Nebraska","5/1/20","2","1","31065","50"
"Gage","1","38","Nebraska","5/1/20","29","9","31067","31.03"
"Gosper","0","10","Nebraska","5/1/20","8","2","31073","25"
"Greeley","0","2","Nebraska","5/1/20","1","1","31077","100"
"Hall","54","1111","Nebraska","5/1/20","734","377","31079","51.36"
"Hamilton","2","44","Nebraska","5/1/20","32","12","31081","37.5"
"Hitchcock","0","1","Nebraska","5/1/20","0","1","31087","1"
"Howard","1","15","Nebraska","5/1/20","9","6","31093","66.67"
"Jefferson","1","4","Nebraska","5/1/20","0","4","31095","1"
"Johnson","0","4","Nebraska","5/1/20","2","2","31097","100"
"Kearney","0","4","Nebraska","5/1/20","4","0","31099","0"
"Kimball","0","9","Nebraska","5/1/20","9","0","31105","0"
"Knox","0","2","Nebraska","5/1/20","2","0","31107","0"
"Lancaster","24","280","Nebraska","5/1/20","114","166","31109","145.61"
"Lincoln","2","30","Nebraska","5/1/20","18","12","31111","66.67"
"Madison","12","132","Nebraska","5/1/20","47","85","31119","180.85"
"Merrick","0","13","Nebraska","5/1/20","10","3","31121","30"
"Morrill","0","1","Nebraska","5/1/20","1","0","31123","0"
"Nance","0","2","Nebraska","5/1/20","1","1","31125","100"
"Nemaha","0","1","Nebraska","5/1/20","1","0","31127","0"
"Otoe","0","2","Nebraska","5/1/20","1","1","31131","100"
"Phelps","1","6","Nebraska","5/1/20","1","5","31137","500"
"Pierce","0","1","Nebraska","5/1/20","1","0","31139","0"
"Platte","14","110","Nebraska","5/1/20","12","98","31141","816.67"
"Polk","1","9","Nebraska","5/1/20","5","4","31143","80"
"Red Willow","0","3","Nebraska","5/1/20","1","2","31145","200"
"Saline","24","194","Nebraska","5/1/20","26","168","31151","646.15"
"Sarpy","9","133","Nebraska","5/1/20","70","63","31153","90"
"Saunders","0","9","Nebraska","5/1/20","8","1","31155","12.5"
"Scotts Bluff","1","29","Nebraska","5/1/20","23","6","31157","26.09"
"Seward","0","8","Nebraska","5/1/20","6","2","31159","33.33"
"Sherman","0","2","Nebraska","5/1/20","1","1","31163","100"
"Stanton","0","5","Nebraska","5/1/20","2","3","31167","150"
"Thurston","1","5","Nebraska","5/1/20","0","5","31173","1"
"Valley","0","1","Nebraska","5/1/20","0","1","31175","1"
"Washington","0","22","Nebraska","5/1/20","22","0","31177","0"
"Wayne","0","1","Nebraska","5/1/20","1","0","31179","0"
"Webster","0","5","Nebraska","5/1/20","3","2","31181","66.67"
"York","0","12","Nebraska","5/1/20","9","3","31185","33.33"
"Carson City","2","47","Nevada","5/1/20","31","16","32510","51.61"
"Churchill","0","3","Nevada","5/1/20","3","0","32001","0"
"Clark","96","4118","Nevada","5/1/20","3443","675","32003","19.6"
"Douglas","0","20","Nevada","5/1/20","17","3","32005","17.65"
"Elko","0","15","Nevada","5/1/20","12","3","32007","25"
"Humboldt","1","44","Nevada","5/1/20","34","10","32013","29.41"
"Lander","1","7","Nevada","5/1/20","1","6","32015","600"
"Lyon","1","29","Nevada","5/1/20","20","9","32019","45"
"Mineral","0","4","Nevada","5/1/20","2","2","32021","100"
"Nye","1","37","Nevada","5/1/20","31","6","32023","19.35"
"Washoe","26","921","Nevada","5/1/20","736","185","32031","25.14"
"White Pine","0","3","Nevada","5/1/20","3","0","32033","0"
"Belknap","1","37","New Hampshire","5/1/20","30","7","33001","23.33"
"Carroll","0","32","New Hampshire","5/1/20","30","2","33003","6.67"
"Cheshire","1","40","New Hampshire","5/1/20","35","5","33005","14.29"
"Coos","0","2","New Hampshire","5/1/20","2","0","33007","0"
"Grafton","1","51","New Hampshire","5/1/20","47","4","33009","8.51"
"Hillsborough","37","1012","New Hampshire","5/1/20","753","259","33011","34.4"
"Merrimack","10","185","New Hampshire","5/1/20","115","70","33013","60.87"
"Rockingham","30","779","New Hampshire","5/1/20","568","211","33015","37.15"
"Strafford","3","145","New Hampshire","5/1/20","126","19","33017","15.08"
"Sullivan","0","12","New Hampshire","5/1/20","11","1","33019","9.09"
"Atlantic","64","1012","New Jersey","5/1/20","566","446","34001","78.8"
"Bergen","210","15830","New Jersey","5/1/20","14363","1467","34003","10.21"
"Burlington","102","2769","New Jersey","5/1/20","2054","715","34005","34.81"
"Camden","128","3646","New Jersey","5/1/20","2750","896","34007","32.58"
"Cape May","12","334","New Jersey","5/1/20","247","87","34009","35.22"
"Cumberland","40","746","New Jersey","5/1/20","466","280","34011","60.09"
"Essex","269","13994","New Jersey","5/1/20","12110","1884","34013","15.56"
"Gloucester","51","1282","New Jersey","5/1/20","923","359","34015","38.89"
"Hudson","305","15148","New Jersey","5/1/20","13011","2137","34017","16.42"
"Hunterdon","17","608","New Jersey","5/1/20","490","118","34019","24.08"
"Mercer","142","4077","New Jersey","5/1/20","3086","991","34021","32.11"
"Middlesex","308","11947","New Jersey","5/1/20","9789","2158","34023","22.05"
"Monmouth","109","6132","New Jersey","5/1/20","5368","764","34025","14.23"
"Morris","91","5354","New Jersey","5/1/20","4716","638","34027","13.53"
"Ocean","128","6505","New Jersey","5/1/20","5612","893","34029","15.91"
"Passaic","360","12814","New Jersey","5/1/20","10291","2523","34031","24.52"
"Salem","10","237","New Jersey","5/1/20","169","68","34033","40.24"
"Somerset","88","3537","New Jersey","5/1/20","2921","616","34035","21.09"
"Sussex","20","936","New Jersey","5/1/20","795","141","34037","17.74"
"Union","224","12779","New Jersey","5/1/20","11208","1571","34039","14.02"
"Warren","27","920","New Jersey","5/1/20","729","191","34041","26.2"
"Bernalillo","26","830","New Mexico","5/1/20","651","179","35001","27.5"
"Catron","0","1","New Mexico","5/1/20","1","0","35003","0"
"Chaves","0","23","New Mexico","5/1/20","22","1","35005","4.55"
"Cibola","4","63","New Mexico","5/1/20","38","25","35006","65.79"
"Colfax","0","5","New Mexico","5/1/20","5","0","35007","0"
"Curry","1","17","New Mexico","5/1/20","10","7","35009","70"
"Dona Ana","8","147","New Mexico","5/1/20","94","53","35013","56.38"
"Eddy","0","12","New Mexico","5/1/20","11","1","35015","9.09"
"Grant","0","14","New Mexico","5/1/20","14","0","35017","0"
"Guadalupe","1","14","New Mexico","5/1/20","7","7","35019","100"
"Harding","0","1","New Mexico","5/1/20","1","0","35021","0"
"Lea","0","10","New Mexico","5/1/20","10","0","35025","0"
"Lincoln","0","2","New Mexico","5/1/20","2","0","35027","0"
"Los Alamos","0","6","New Mexico","5/1/20","6","0","35028","0"
"Luna","0","5","New Mexico","5/1/20","3","2","35029","66.67"
"McKinley","61","1064","New Mexico","5/1/20","639","425","35031","66.51"
"Otero","0","5","New Mexico","5/1/20","4","1","35035","25"
"Quay","0","4","New Mexico","5/1/20","4","0","35037","0"
"Rio Arriba","1","18","New Mexico","5/1/20","12","6","35039","50"
"Roosevelt","1","9","New Mexico","5/1/20","4","5","35041","125"
"San Juan","31","637","New Mexico","5/1/20","420","217","35045","51.67"
"San Miguel","0","2","New Mexico","5/1/20","2","0","35047","0"
"Sandoval","6","396","New Mexico","5/1/20","357","39","35043","10.92"
"Santa Fe","1","100","New Mexico","5/1/20","94","6","35049","6.38"
"Sierra","0","1","New Mexico","5/1/20","0","1","35051","1"
"Socorro","1","43","New Mexico","5/1/20","39","4","35053","10.26"
"Taos","0","19","New Mexico","5/1/20","17","2","35055","11.76"
"Torrance","0","15","New Mexico","5/1/20","13","2","35057","15.38"
"Union","0","3","New Mexico","5/1/20","0","3","35059","1"
"Valencia","1","47","New Mexico","5/1/20","41","6","35061","14.63"
"Albany","57","1204","New York","5/1/20","805","399","36001","49.57"
"Allegany","1","35","New York","5/1/20","31","4","36003","12.9"
"Broome","10","299","New York","5/1/20","232","67","36007","28.88"
"Cattaraugus","1","49","New York","5/1/20","39","10","36009","25.64"
"Cayuga","2","51","New York","5/1/20","39","12","36011","30.77"
"Chautauqua","1","35","New York","5/1/20","27","8","36013","29.63"
"Chemung","6","123","New York","5/1/20","79","44","36015","55.7"
"Chenango","2","99","New York","5/1/20","84","15","36017","17.86"
"Clinton","1","61","New York","5/1/20","53","8","36019","15.09"
"Columbia","10","202","New York","5/1/20","129","73","36021","56.59"
"Cortland","0","28","New York","5/1/20","25","3","36023","12"
"Delaware","1","61","New York","5/1/20","51","10","36025","19.61"
"Dutchess","69","3002","New York","5/1/20","2517","485","36027","19.27"
"Erie","125","3481","New York","5/1/20","2603","878","36029","33.73"
"Essex","1","28","New York","5/1/20","22","6","36031","27.27"
"Franklin","0","15","New York","5/1/20","13","2","36033","15.38"
"Fulton","7","75","New York","5/1/20","29","46","36035","158.62"
"Genesee","4","154","New York","5/1/20","127","27","36037","21.26"
"Greene","7","139","New York","5/1/20","90","49","36039","54.44"
"Hamilton","0","3","New York","5/1/20","3","0","36041","0"
"Herkimer","1","60","New York","5/1/20","56","4","36043","7.14"
"Jefferson","0","61","New York","5/1/20","58","3","36045","5.17"
"Lewis","0","9","New York","5/1/20","9","0","36049","0"
"Livingston","4","73","New York","5/1/20","44","29","36051","65.91"
"Madison","5","139","New York","5/1/20","106","33","36053","31.13"
"Monroe","40","1478","New York","5/1/20","1199","279","36055","23.27"
"Montgomery","2","54","New York","5/1/20","39","15","36057","38.46"
"Nassau","485","36161","New York","5/1/20","32765","3396","36059","10.36"
"New York","2745","169690","New York","5/1/20","150473","19217","36061","12.77"
"Niagara","15","440","New York","5/1/20","332","108","36063","32.53"
"Oneida","18","451","New York","5/1/20","323","128","36065","39.63"
"Onondaga","32","860","New York","5/1/20","639","221","36067","34.59"
"Ontario","3","91","New York","5/1/20","73","18","36069","24.66"
"Orange","228","8751","New York","5/1/20","7155","1596","36071","22.31"
"Orleans","5","92","New York","5/1/20","60","32","36073","53.33"
"Oswego","2","64","New York","5/1/20","51","13","36075","25.49"
"Otsego","2","67","New York","5/1/20","50","17","36077","34"
"Putnam","53","990","New York","5/1/20","619","371","36079","59.94"
"Rensselaer","14","298","New York","5/1/20","198","100","36083","50.51"
"Rockland","246","11812","New York","5/1/20","10091","1721","36087","17.05"
"Saratoga","11","358","New York","5/1/20","278","80","36091","28.78"
"Schenectady","31","514","New York","5/1/20","297","217","36093","73.06"
"Schoharie","3","43","New York","5/1/20","21","22","36095","104.76"
"Schuyler","0","7","New York","5/1/20","7","0","36097","0"
"Seneca","3","41","New York","5/1/20","18","23","36099","127.78"
"St. Lawrence","5","176","New York","5/1/20","144","32","36089","22.22"
"Steuben","6","216","New York","5/1/20","171","45","36101","26.32"
"Suffolk","490","34037","New York","5/1/20","30606","3431","36103","11.21"
"Sullivan","36","880","New York","5/1/20","628","252","36105","40.13"
"Tioga","7","90","New York","5/1/20","40","50","36107","125"
"Tompkins","1","128","New York","5/1/20","121","7","36109","5.79"
"Ulster","46","1298","New York","5/1/20","976","322","36111","32.99"
"Warren","9","182","New York","5/1/20","122","60","36113","49.18"
"Washington","12","170","New York","5/1/20","83","87","36115","104.82"
"Wayne","3","71","New York","5/1/20","53","18","36117","33.96"
"Westchester","371","29232","New York","5/1/20","26633","2599","36119","9.76"
"Wyoming","4","68","New York","5/1/20","43","25","36121","58.14"
"Yates","1","18","New York","5/1/20","11","7","36123","63.64"
"Alamance","5","109","North Carolina","5/1/20","73","36","37001","49.32"
"Alexander","0","4","North Carolina","5/1/20","4","0","37003","0"
"Alleghany","0","4","North Carolina","5/1/20","2","2","37005","100"
"Anson","1","27","North Carolina","5/1/20","20","7","37007","35"
"Ashe","0","5","North Carolina","5/1/20","4","1","37009","25"
"Beaufort","1","22","North Carolina","5/1/20","16","6","37013","37.5"
"Bertie","1","44","North Carolina","5/1/20","34","10","37015","29.41"
"Bladen","3","25","North Carolina","5/1/20","6","19","37017","316.67"
"Brunswick","1","43","North Carolina","5/1/20","39","4","37019","10.26"
"Buncombe","2","69","North Carolina","5/1/20","52","17","37021","32.69"
"Burke","3","106","North Carolina","5/1/20","83","23","37023","27.71"
"Cabarrus","8","308","North Carolina","5/1/20","249","59","37025","23.69"
"Caldwell","1","34","North Carolina","5/1/20","27","7","37027","25.93"
"Camden","0","1","North Carolina","5/1/20","0","1","37029","1"
"Carteret","0","29","North Carolina","5/1/20","27","2","37031","7.41"
"Caswell","1","24","North Carolina","5/1/20","14","10","37033","71.43"
"Catawba","1","56","North Carolina","5/1/20","49","7","37035","14.29"
"Chatham","23","343","North Carolina","5/1/20","179","164","37037","91.62"
"Cherokee","0","16","North Carolina","5/1/20","16","0","37039","0"
"Chowan","0","7","North Carolina","5/1/20","6","1","37041","16.67"
"Clay","0","6","North Carolina","5/1/20","6","0","37043","0"
"Cleveland","0","47","North Carolina","5/1/20","46","1","37045","2.17"
"Columbus","9","153","North Carolina","5/1/20","87","66","37047","75.86"
"Craven","0","42","North Carolina","5/1/20","39","3","37049","7.69"
"Cumberland","14","286","North Carolina","5/1/20","189","97","37051","51.32"
"Currituck","0","5","North Carolina","5/1/20","2","3","37053","150"
"Dare","0","15","North Carolina","5/1/20","15","0","37055","0"
"Davidson","8","166","North Carolina","5/1/20","113","53","37057","46.9"
"Davie","0","31","North Carolina","5/1/20","29","2","37059","6.9"
"Duplin","7","103","North Carolina","5/1/20","51","52","37061","101.96"
"Durham","29","741","North Carolina","5/1/20","541","200","37063","36.97"
"Edgecombe","4","96","North Carolina","5/1/20","67","29","37065","43.28"
"Forsyth","14","245","North Carolina","5/1/20","146","99","37067","67.81"
"Franklin","2","104","North Carolina","5/1/20","87","17","37069","19.54"
"Gaston","3","150","North Carolina","5/1/20","127","23","37071","18.11"
"Gates","0","7","North Carolina","5/1/20","6","1","37073","16.67"
"Graham","0","2","North Carolina","5/1/20","0","2","37075","1"
"Granville","2","139","North Carolina","5/1/20","123","16","37077","13.01"
"Greene","0","17","North Carolina","5/1/20","15","2","37079","13.33"
"Guilford","20","415","North Carolina","5/1/20","275","140","37081","50.91"
"Halifax","3","58","North Carolina","5/1/20","40","18","37083","45"
"Harnett","12","164","North Carolina","5/1/20","77","87","37085","112.99"
"Haywood","1","10","North Carolina","5/1/20","5","5","37087","100"
"Henderson","6","195","North Carolina","5/1/20","156","39","37089","25"
"Hertford","3","39","North Carolina","5/1/20","17","22","37091","129.41"
"Hoke","6","82","North Carolina","5/1/20","40","42","37093","105"
"Hyde","0","1","North Carolina","5/1/20","0","1","37095","1"
"Iredell","2","112","North Carolina","5/1/20","98","14","37097","14.29"
"Jackson","1","15","North Carolina","5/1/20","5","10","37099","200"
"Johnston","4","159","North Carolina","5/1/20","128","31","37101","24.22"
"Jones","0","15","North Carolina","5/1/20","12","3","37103","25"
"Lee","11","169","North Carolina","5/1/20","92","77","37105","83.7"
"Lenoir","4","68","North Carolina","5/1/20","37","31","37107","83.78"
"Lincoln","0","27","North Carolina","5/1/20","25","2","37109","8"
"Macon","0","3","North Carolina","5/1/20","2","1","37113","50"
"Madison","0","1","North Carolina","5/1/20","0","1","37115","1"
"Martin","0","16","North Carolina","5/1/20","13","3","37117","23.08"
"McDowell","1","25","North Carolina","5/1/20","21","4","37111","19.05"
"Mecklenburg","35","1651","North Carolina","5/1/20","1407","244","37119","17.34"
"Mitchell","0","5","North Carolina","5/1/20","5","0","37121","0"
"Montgomery","2","38","North Carolina","5/1/20","21","17","37123","80.95"
"Moore","3","125","North Carolina","5/1/20","104","21","37125","20.19"
"Nash","3","97","North Carolina","5/1/20","74","23","37127","31.08"
"New Hanover","0","79","North Carolina","5/1/20","76","3","37129","3.95"
"Northampton","1","87","North Carolina","5/1/20","79","8","37131","10.13"
"Onslow","1","46","North Carolina","5/1/20","40","6","37133","15"
"Orange","3","219","North Carolina","5/1/20","200","19","37135","9.5"
"Pamlico","0","7","North Carolina","5/1/20","7","0","37137","0"
"Pasquotank","0","36","North Carolina","5/1/20","34","2","37139","5.88"
"Pender","0","13","North Carolina","5/1/20","11","2","37141","18.18"
"Perquimans","1","14","North Carolina","5/1/20","10","4","37143","40"
"Person","0","21","North Carolina","5/1/20","19","2","37145","10.53"
"Pitt","3","124","North Carolina","5/1/20","104","20","37147","19.23"
"Polk","1","23","North Carolina","5/1/20","13","10","37149","76.92"
"Randolph","15","209","North Carolina","5/1/20","107","102","37151","95.33"
"Richmond","3","48","North Carolina","5/1/20","30","18","37153","60"
"Robeson","13","175","North Carolina","5/1/20","85","90","37155","105.88"
"Rockingham","1","26","North Carolina","5/1/20","22","4","37157","18.18"
"Rowan","8","382","North Carolina","5/1/20","323","59","37159","18.27"
"Rutherford","5","140","North Carolina","5/1/20","105","35","37161","33.33"
"Sampson","5","65","North Carolina","5/1/20","31","34","37163","109.68"
"Scotland","1","26","North Carolina","5/1/20","17","9","37165","52.94"
"Stanly","1","29","North Carolina","5/1/20","24","5","37167","20.83"
"Stokes","0","11","North Carolina","5/1/20","11","0","37169","0"
"Surry","0","13","North Carolina","5/1/20","12","1","37171","8.33"
"Swain","0","3","North Carolina","5/1/20","0","3","37173","1"
"Transylvania","0","7","North Carolina","5/1/20","7","0","37175","0"
"Tyrrell","0","4","North Carolina","5/1/20","4","0","37177","0"
"Union","9","254","North Carolina","5/1/20","190","64","37179","33.68"
"Vance","9","103","North Carolina","5/1/20","40","63","37181","157.5"
"Wake","31","855","North Carolina","5/1/20","640","215","37183","33.59"
"Warren","2","15","North Carolina","5/1/20","3","12","37185","400"
"Washington","0","24","North Carolina","5/1/20","23","1","37187","4.35"
"Watauga","0","9","North Carolina","5/1/20","8","1","37189","12.5"
"Wayne","8","658","North Carolina","5/1/20","603","55","37191","9.12"
"Wilkes","4","42","North Carolina","5/1/20","11","31","37193","281.82"
"Wilson","3","165","North Carolina","5/1/20","146","19","37195","13.01"
"Yadkin","1","17","North Carolina","5/1/20","12","5","37197","41.67"
"Barnes","0","4","North Dakota","5/1/20","3","1","38003","33.33"
"Bowman","0","1","North Dakota","5/1/20","1","0","38011","0"
"Burke","0","3","North Dakota","5/1/20","3","0","38013","0"
"Burleigh","2","79","North Dakota","5/1/20","68","11","38015","16.18"
"Cass","32","542","North Dakota","5/1/20","318","224","38017","70.44"
"Divide","0","1","North Dakota","5/1/20","1","0","38023","0"
"Dunn","0","10","North Dakota","5/1/20","10","0","38025","0"
"Eddy","0","1","North Dakota","5/1/20","1","0","38027","0"
"Emmons","0","1","North Dakota","5/1/20","1","0","38029","0"
"Foster","0","1","North Dakota","5/1/20","1","0","38031","0"
"Grand Forks","13","262","North Dakota","5/1/20","170","92","38035","54.12"
"Grant","0","1","North Dakota","5/1/20","1","0","38037","0"
"McHenry","0","1","North Dakota","5/1/20","1","0","38049","0"
"McIntosh","0","1","North Dakota","5/1/20","1","0","38051","0"
"McKenzie","0","13","North Dakota","5/1/20","10","3","38053","30"
"McLean","0","3","North Dakota","5/1/20","3","0","38055","0"
"Morton","0","24","North Dakota","5/1/20","23","1","38059","4.35"
"Mountrail","0","35","North Dakota","5/1/20","33","2","38061","6.06"
"Nelson","0","1","North Dakota","5/1/20","1","0","38063","0"
"Oliver","0","1","North Dakota","5/1/20","1","0","38065","0"
"Pembina","0","3","North Dakota","5/1/20","0","3","38067","1"
"Pierce","0","2","North Dakota","5/1/20","2","0","38069","0"
"Ramsey","0","3","North Dakota","5/1/20","3","0","38071","0"
"Ransom","0","1","North Dakota","5/1/20","0","1","38073","1"
"Renville","0","1","North Dakota","5/1/20","0","1","38075","1"
"Richland","0","7","North Dakota","5/1/20","7","0","38077","0"
"Rolette","0","1","North Dakota","5/1/20","1","0","38079","0"
"Sargent","0","1","North Dakota","5/1/20","1","0","38081","0"
"Sioux","0","1","North Dakota","5/1/20","1","0","38085","0"
"Slope","0","3","North Dakota","5/1/20","3","0","38087","0"
"Stark","2","52","North Dakota","5/1/20","40","12","38089","30"
"Stutsman","1","7","North Dakota","5/1/20","3","4","38093","133.33"
"Walsh","0","7","North Dakota","5/1/20","4","3","38099","75"
"Ward","0","21","North Dakota","5/1/20","21","0","38101","0"
"Wells","0","2","North Dakota","5/1/20","1","1","38103","100"
"Williams","0","10","North Dakota","5/1/20","10","0","38105","0"
"","0","14","Northern Mariana Islands","5/1/20","14","0",,"0"
"Adams","0","5","Ohio","5/1/20","4","1","39001","25"
"Allen","2","121","Ohio","5/1/20","108","13","39003","12.04"
"Ashland","0","7","Ohio","5/1/20","5","2","39005","40"
"Ashtabula","5","136","Ohio","5/1/20","103","33","39007","32.04"
"Athens","0","4","Ohio","5/1/20","3","1","39009","33.33"
"Auglaize","1","33","Ohio","5/1/20","29","4","39011","13.79"
"Belmont","8","153","Ohio","5/1/20","98","55","39013","56.12"
"Brown","0","11","Ohio","5/1/20","11","0","39015","0"
"Butler","13","296","Ohio","5/1/20","208","88","39017","42.31"
"Carroll","0","21","Ohio","5/1/20","19","2","39019","10.53"
"Champaign","1","14","Ohio","5/1/20","8","6","39021","75"
"Clark","4","57","Ohio","5/1/20","30","27","39023","90"
"Clermont","2","93","Ohio","5/1/20","77","16","39025","20.78"
"Clinton","1","31","Ohio","5/1/20","27","4","39027","14.81"
"Columbiana","8","267","Ohio","5/1/20","214","53","39029","24.77"
"Coshocton","0","17","Ohio","5/1/20","16","1","39031","6.25"
"Crawford","1","48","Ohio","5/1/20","38","10","39033","26.32"
"Cuyahoga","57","2217","Ohio","5/1/20","1817","400","39035","22.01"
"Darke","0","76","Ohio","5/1/20","74","2","39037","2.7"
"Defiance","0","20","Ohio","5/1/20","18","2","39039","11.11"
"Delaware","4","163","Ohio","5/1/20","137","26","39041","18.98"
"Erie","2","56","Ohio","5/1/20","44","12","39043","27.27"
"Fairfield","4","138","Ohio","5/1/20","108","30","39045","27.78"
"Fayette","0","16","Ohio","5/1/20","13","3","39047","23.08"
"Franklin","117","2589","Ohio","5/1/20","1768","821","39049","46.44"
"Fulton","1","24","Ohio","5/1/20","18","6","39051","33.33"
"Gallia","0","6","Ohio","5/1/20","6","0","39053","0"
"Geauga","4","155","Ohio","5/1/20","126","29","39055","23.02"
"Greene","1","46","Ohio","5/1/20","40","6","39057","15"
"Guernsey","0","15","Ohio","5/1/20","15","0","39059","0"
"Hamilton","52","1297","Ohio","5/1/20","932","365","39061","39.16"
"Hancock","0","37","Ohio","5/1/20","34","3","39063","8.82"
"Hardin","1","25","Ohio","5/1/20","21","4","39065","19.05"
"Harrison","0","4","Ohio","5/1/20","2","2","39067","100"
"Henry","0","5","Ohio","5/1/20","4","1","39069","25"
"Highland","0","10","Ohio","5/1/20","8","2","39071","25"
"Hocking","2","18","Ohio","5/1/20","6","12","39073","200"
"Holmes","0","6","Ohio","5/1/20","5","1","39075","20"
"Huron","1","29","Ohio","5/1/20","25","4","39077","16"
"Jackson","0","4","Ohio","5/1/20","4","0","39079","0"
"Jefferson","1","43","Ohio","5/1/20","33","10","39081","30.3"
"Knox","0","16","Ohio","5/1/20","15","1","39083","6.67"
"Lake","2","170","Ohio","5/1/20","154","16","39085","10.39"
"Lawrence","0","24","Ohio","5/1/20","22","2","39087","9.09"
"Licking","2","121","Ohio","5/1/20","105","16","39089","15.24"
"Logan","0","18","Ohio","5/1/20","16","2","39091","12.5"
"Lorain","15","471","Ohio","5/1/20","366","105","39093","28.69"
"Lucas","45","1297","Ohio","5/1/20","985","312","39095","31.68"
"Madison","2","64","Ohio","5/1/20","47","17","39097","36.17"
"Mahoning","24","853","Ohio","5/1/20","688","165","39099","23.98"
"Marion","15","2276","Ohio","5/1/20","2169","107","39101","4.93"
"Medina","3","171","Ohio","5/1/20","149","22","39103","14.77"
"Meigs","0","2","Ohio","5/1/20","2","0","39105","0"
"Mercer","1","26","Ohio","5/1/20","16","10","39107","62.5"
"Miami","1","142","Ohio","5/1/20","134","8","39109","5.97"
"Monroe","0","3","Ohio","5/1/20","2","1","39111","50"
"Montgomery","6","293","Ohio","5/1/20","251","42","39113","16.73"
"Morgan","0","4","Ohio","5/1/20","4","0","39115","0"
"Morrow","3","45","Ohio","5/1/20","26","19","39117","73.08"
"Muskingum","0","15","Ohio","5/1/20","12","3","39119","25"
"Noble","0","5","Ohio","5/1/20","4","1","39121","25"
"Ottawa","1","40","Ohio","5/1/20","35","5","39123","14.29"
"Paulding","0","8","Ohio","5/1/20","8","0","39125","0"
"Perry","0","12","Ohio","5/1/20","12","0","39127","0"
"Pickaway","10","1731","Ohio","5/1/20","1659","72","39129","4.34"
"Pike","0","3","Ohio","5/1/20","2","1","39131","50"
"Portage","3","237","Ohio","5/1/20","213","24","39133","11.27"
"Preble","0","27","Ohio","5/1/20","25","2","39135","8"
"Putnam","3","68","Ohio","5/1/20","49","19","39137","38.78"
"Richland","2","85","Ohio","5/1/20","73","12","39139","16.44"
"Ross","1","39","Ohio","5/1/20","35","4","39141","11.43"
"Sandusky","1","28","Ohio","5/1/20","20","8","39143","40"
"Scioto","1","11","Ohio","5/1/20","6","5","39145","83.33"
"Seneca","0","14","Ohio","5/1/20","12","2","39147","16.67"
"Shelby","0","30","Ohio","5/1/20","30","0","39149","0"
"Stark","10","363","Ohio","5/1/20","294","69","39151","23.47"
"Summit","26","639","Ohio","5/1/20","460","179","39153","38.91"
"Trumbull","6","318","Ohio","5/1/20","278","40","39155","14.39"
"Tuscarawas","7","94","Ohio","5/1/20","42","52","39157","123.81"
"Union","1","22","Ohio","5/1/20","17","5","39159","29.41"
"Van Wert","0","3","Ohio","5/1/20","3","0","39161","0"
"Vinton","1","6","Ohio","5/1/20","0","6","39163","1"
"Warren","5","160","Ohio","5/1/20","128","32","39165","25"
"Washington","3","99","Ohio","5/1/20","80","19","39167","23.75"
"Wayne","7","143","Ohio","5/1/20","91","52","39169","57.14"
"Williams","1","36","Ohio","5/1/20","28","8","39171","28.57"
"Wood","7","174","Ohio","5/1/20","122","52","39173","42.62"
"Wyandot","0","24","Ohio","5/1/20","24","0","39175","0"
"Adair","2","65","Oklahoma","5/1/20","53","12","40001","22.64"
"Alfalfa","0","1","Oklahoma","5/1/20","1","0","40003","0"
"Atoka","0","1","Oklahoma","5/1/20","1","0","40005","0"
"Beaver","1","9","Oklahoma","5/1/20","2","7","40007","350"
"Beckham","0","5","Oklahoma","5/1/20","2","3","40009","150"
"Bryan","0","8","Oklahoma","5/1/20","6","2","40013","33.33"
"Caddo","2","64","Oklahoma","5/1/20","53","11","40015","20.75"
"Canadian","1","98","Oklahoma","5/1/20","88","10","40017","11.36"
"Carter","0","3","Oklahoma","5/1/20","2","1","40019","50"
"Cherokee","0","27","Oklahoma","5/1/20","26","1","40021","3.85"
"Choctaw","0","3","Oklahoma","5/1/20","3","0","40023","0"
"Cimarron","0","1","Oklahoma","5/1/20","1","0","40025","0"
"Cleveland","5","426","Oklahoma","5/1/20","393","33","40027","8.4"
"Comanche","1","81","Oklahoma","5/1/20","76","5","40031","6.58"
"Cotton","0","5","Oklahoma","5/1/20","5","0","40033","0"
"Craig","0","11","Oklahoma","5/1/20","9","2","40035","22.22"
"Creek","1","80","Oklahoma","5/1/20","72","8","40037","11.11"
"Custer","0","10","Oklahoma","5/1/20","10","0","40039","0"
"Delaware","0","91","Oklahoma","5/1/20","90","1","40041","1.11"
"Dewey","0","2","Oklahoma","5/1/20","2","0","40043","0"
"Garfield","1","17","Oklahoma","5/1/20","11","6","40047","54.55"
"Garvin","0","14","Oklahoma","5/1/20","13","1","40049","7.69"
"Grady","1","36","Oklahoma","5/1/20","31","5","40051","16.13"
"Grant","0","2","Oklahoma","5/1/20","2","0","40053","0"
"Greer","0","65","Oklahoma","5/1/20","64","1","40055","1.56"
"Harper","0","1","Oklahoma","5/1/20","1","0","40059","0"
"Haskell","0","4","Oklahoma","5/1/20","3","1","40061","33.33"
"Jackson","0","16","Oklahoma","5/1/20","13","3","40065","23.08"
"Jefferson","0","2","Oklahoma","5/1/20","2","0","40067","0"
"Johnston","0","3","Oklahoma","5/1/20","3","0","40069","0"
"Kay","0","47","Oklahoma","5/1/20","47","0","40071","0"
"Kingfisher","0","8","Oklahoma","5/1/20","7","1","40073","14.29"
"Kiowa","0","5","Oklahoma","5/1/20","4","1","40075","25"
"Latimer","0","5","Oklahoma","5/1/20","4","1","40077","25"
"Le Flore","0","11","Oklahoma","5/1/20","9","2","40079","22.22"
"Lincoln","0","12","Oklahoma","5/1/20","10","2","40081","20"
"Logan","1","16","Oklahoma","5/1/20","12","4","40083","33.33"
"Love","0","2","Oklahoma","5/1/20","2","0","40085","0"
"Major","0","3","Oklahoma","5/1/20","2","1","40093","50"
"Marshall","0","2","Oklahoma","5/1/20","2","0","40095","0"
"Mayes","1","24","Oklahoma","5/1/20","19","5","40097","26.32"
"McClain","6","74","Oklahoma","5/1/20","30","44","40087","146.67"
"McCurtain","0","8","Oklahoma","5/1/20","8","0","40089","0"
"McIntosh","0","2","Oklahoma","5/1/20","2","0","40091","0"
"Murray","0","1","Oklahoma","5/1/20","1","0","40099","0"
"Muskogee","0","27","Oklahoma","5/1/20","26","1","40101","3.85"
"Noble","0","6","Oklahoma","5/1/20","6","0","40103","0"
"Nowata","1","21","Oklahoma","5/1/20","17","4","40105","23.53"
"Okfuskee","0","1","Oklahoma","5/1/20","1","0","40107","0"
"Oklahoma","21","816","Oklahoma","5/1/20","670","146","40109","21.79"
"Okmulgee","0","16","Oklahoma","5/1/20","16","0","40111","0"
"Osage","1","76","Oklahoma","5/1/20","71","5","40113","7.04"
"Ottawa","1","34","Oklahoma","5/1/20","29","5","40115","17.24"
"Pawnee","0","29","Oklahoma","5/1/20","28","1","40117","3.57"
"Payne","0","44","Oklahoma","5/1/20","43","1","40119","2.33"
"Pittsburg","1","32","Oklahoma","5/1/20","22","10","40121","45.45"
"Pontotoc","0","10","Oklahoma","5/1/20","10","0","40123","0"
"Pottawatomie","1","48","Oklahoma","5/1/20","40","8","40125","20"
"Pushmataha","0","1","Oklahoma","5/1/20","0","1","40127","1"
"Rogers","2","60","Oklahoma","5/1/20","45","15","40131","33.33"
"Seminole","0","11","Oklahoma","5/1/20","8","3","40133","37.5"
"Sequoyah","0","12","Oklahoma","5/1/20","11","1","40135","9.09"
"Stephens","0","22","Oklahoma","5/1/20","19","3","40137","15.79"
"Texas","11","138","Oklahoma","5/1/20","59","79","40139","133.9"
"Tillman","0","2","Oklahoma","5/1/20","1","1","40141","100"
"Tulsa","17","584","Oklahoma","5/1/20","467","117","40143","25.05"
"Wagoner","1","120","Oklahoma","5/1/20","114","6","40145","5.26"
"Washington","7","263","Oklahoma","5/1/20","216","47","40147","21.76"
"Washita","0","0","Oklahoma","5/1/20","1","-1","40149","-100"
"Woods","0","3","Oklahoma","5/1/20","3","0","40151","0"
"Woodward","0","1","Oklahoma","5/1/20","1","0","40153","0"
"Benton","1","32","Oregon","5/1/20","27","5","41003","18.52"
"Clackamas","4","222","Oregon","5/1/20","196","26","41005","13.27"
"Clatsop","0","7","Oregon","5/1/20","6","1","41007","16.67"
"Columbia","0","14","Oregon","5/1/20","14","0","41009","0"
"Coos","2","21","Oregon","5/1/20","4","17","41011","425"
"Crook","0","1","Oregon","5/1/20","1","0","41013","0"
"Curry","0","4","Oregon","5/1/20","4","0","41015","0"
"Deschutes","1","76","Oregon","5/1/20","70","6","41017","8.57"
"Douglas","0","24","Oregon","5/1/20","23","1","41019","4.35"
"Grant","0","1","Oregon","5/1/20","1","0","41023","0"
"Harney","0","1","Oregon","5/1/20","0","1","41025","1"
"Hood River","0","6","Oregon","5/1/20","5","1","41027","20"
"Jackson","0","49","Oregon","5/1/20","48","1","41029","2.08"
"Jefferson","1","10","Oregon","5/1/20","2","8","41031","400"
"Josephine","0","21","Oregon","5/1/20","19","2","41033","10.53"
"Klamath","0","39","Oregon","5/1/20","36","3","41035","8.33"
"Lane","0","50","Oregon","5/1/20","50","0","41039","0"
"Lincoln","0","5","Oregon","5/1/20","5","0","41041","0"
"Linn","3","87","Oregon","5/1/20","67","20","41043","29.85"
"Malheur","1","10","Oregon","5/1/20","6","4","41045","66.67"
"Marion","13","508","Oregon","5/1/20","417","91","41047","21.82"
"Morrow","0","8","Oregon","5/1/20","5","3","41049","60"
"Multnomah","18","720","Oregon","5/1/20","596","124","41051","20.81"
"Polk","1","42","Oregon","5/1/20","33","9","41053","27.27"
"Sherman","0","1","Oregon","5/1/20","1","0","41055","0"
"Tillamook","0","6","Oregon","5/1/20","6","0","41057","0"
"Umatilla","4","57","Oregon","5/1/20","32","25","41059","78.12"
"Union","0","4","Oregon","5/1/20","4","0","41061","0"
"Wallowa","0","1","Oregon","5/1/20","1","0","41063","0"
"Wasco","0","13","Oregon","5/1/20","12","1","41065","8.33"
"Washington","7","500","Oregon","5/1/20","451","49","41067","10.86"
"Yamhill","1","39","Oregon","5/1/20","35","4","41071","11.43"
"Adams","4","140","Pennsylvania","5/1/20","110","30","42001","27.27"
"Allegheny","20","1319","Pennsylvania","5/1/20","1177","142","42003","12.06"
"Armstrong","1","52","Pennsylvania","5/1/20","43","9","42005","20.93"
"Beaver","13","426","Pennsylvania","5/1/20","337","89","42007","26.41"
"Bedford","0","24","Pennsylvania","5/1/20","21","3","42009","14.29"
"Berks","58","2748","Pennsylvania","5/1/20","2339","409","42011","17.49"
"Blair","1","23","Pennsylvania","5/1/20","19","4","42013","21.05"
"Bradford","1","33","Pennsylvania","5/1/20","28","5","42015","17.86"
"Bucks","86","3070","Pennsylvania","5/1/20","2469","601","42017","24.34"
"Butler","2","180","Pennsylvania","5/1/20","168","12","42019","7.14"
"Cambria","2","31","Pennsylvania","5/1/20","20","11","42021","55"
"Cameron","0","1","Pennsylvania","5/1/20","1","0","42023","0"
"Carbon","3","181","Pennsylvania","5/1/20","160","21","42025","13.12"
"Centre","3","96","Pennsylvania","5/1/20","77","19","42027","24.68"
"Chester","53","1432","Pennsylvania","5/1/20","1064","368","42029","34.59"
"Clarion","0","23","Pennsylvania","5/1/20","22","1","42031","4.55"
"Clearfield","1","16","Pennsylvania","5/1/20","11","5","42033","45.45"
"Clinton","2","32","Pennsylvania","5/1/20","17","15","42035","88.24"
"Columbia","5","289","Pennsylvania","5/1/20","252","37","42037","14.68"
"Crawford","0","19","Pennsylvania","5/1/20","19","0","42039","0"
"Cumberland","16","349","Pennsylvania","5/1/20","240","109","42041","45.42"
"Dauphin","19","601","Pennsylvania","5/1/20","468","133","42043","28.42"
"Delaware","113","3848","Pennsylvania","5/1/20","3055","793","42045","25.96"
"Elk","0","3","Pennsylvania","5/1/20","2","1","42047","50"
"Erie","2","87","Pennsylvania","5/1/20","72","15","42049","20.83"
"Fayette","1","81","Pennsylvania","5/1/20","75","6","42051","8"
"Forest","0","7","Pennsylvania","5/1/20","7","0","42053","0"
"Franklin","21","313","Pennsylvania","5/1/20","164","149","42055","90.85"
"Fulton","0","5","Pennsylvania","5/1/20","2","3","42057","150"
"Greene","0","26","Pennsylvania","5/1/20","25","1","42059","4"
"Huntingdon","3","40","Pennsylvania","5/1/20","20","20","42061","100"
"Indiana","0","63","Pennsylvania","5/1/20","62","1","42063","1.61"
"Jefferson","0","4","Pennsylvania","5/1/20","4","0","42065","0"
"Juniata","1","84","Pennsylvania","5/1/20","77","7","42067","9.09"
"Lackawanna","28","934","Pennsylvania","5/1/20","735","199","42069","27.07"
"Lancaster","53","1820","Pennsylvania","5/1/20","1451","369","42071","25.43"
"Lawrence","1","65","Pennsylvania","5/1/20","61","4","42073","6.56"
"Lebanon","17","694","Pennsylvania","5/1/20","575","119","42075","20.7"
"Lehigh","53","2850","Pennsylvania","5/1/20","2478","372","42077","15.01"
"Luzerne","36","2173","Pennsylvania","5/1/20","1921","252","42079","13.12"
"Lycoming","3","71","Pennsylvania","5/1/20","48","23","42081","47.92"
"McKean","0","6","Pennsylvania","5/1/20","5","1","42083","20"
"Mercer","0","65","Pennsylvania","5/1/20","64","1","42085","1.56"
"Mifflin","2","37","Pennsylvania","5/1/20","26","11","42087","42.31"
"Monroe","16","1147","Pennsylvania","5/1/20","1037","110","42089","10.61"
"Montgomery","126","4406","Pennsylvania","5/1/20","3525","881","42091","24.99"
"Montour","0","48","Pennsylvania","5/1/20","47","1","42093","2.13"
"Northampton","55","2103","Pennsylvania","5/1/20","1716","387","42095","22.55"
"Northumberland","2","95","Pennsylvania","5/1/20","84","11","42097","13.1"
"Perry","1","32","Pennsylvania","5/1/20","25","7","42099","28"
"Philadelphia","466","15137","Pennsylvania","5/1/20","11877","3260","42101","27.45"
"Pike","6","383","Pennsylvania","5/1/20","338","45","42103","13.31"
"Potter","0","4","Pennsylvania","5/1/20","4","0","42105","0"
"Schuylkill","11","375","Pennsylvania","5/1/20","300","75","42107","25"
"Snyder","0","33","Pennsylvania","5/1/20","31","2","42109","6.45"
"Somerset","1","26","Pennsylvania","5/1/20","22","4","42111","18.18"
"Sullivan","0","1","Pennsylvania","5/1/20","1","0","42113","0"
"Susquehanna","1","84","Pennsylvania","5/1/20","76","8","42115","10.53"
"Tioga","0","16","Pennsylvania","5/1/20","14","2","42117","14.29"
"Union","1","37","Pennsylvania","5/1/20","31","6","42119","19.35"
"Venango","0","7","Pennsylvania","5/1/20","7","0","42121","0"
"Warren","0","1","Pennsylvania","5/1/20","1","0","42123","0"
"Washington","3","116","Pennsylvania","5/1/20","96","20","42125","20.83"
"Wayne","2","102","Pennsylvania","5/1/20","88","14","42127","15.91"
"Westmoreland","11","393","Pennsylvania","5/1/20","317","76","42129","23.97"
"Wyoming","1","21","Pennsylvania","5/1/20","17","4","42131","23.53"
"York","13","651","Pennsylvania","5/1/20","563","88","42133","15.63"
"","43","1575","Puerto Rico","5/1/20","1276","299",,"23.43"
"Bristol","6","142","Rhode Island","5/1/20","102","40","44001","39.22"
"Kent","25","638","Rhode Island","5/1/20","466","172","44003","36.91"
"Newport","4","155","Rhode Island","5/1/20","124","31","44005","25"
"Providence","282","6579","Rhode Island","5/1/20","4603","1976","44007","42.93"
"Washington","10","344","Rhode Island","5/1/20","272","72","44009","26.47"
"Abbeville","1","31","South Carolina","5/1/20","24","7","45001","29.17"
"Aiken","2","101","South Carolina","5/1/20","86","15","45003","17.44"
"Allendale","0","11","South Carolina","5/1/20","8","3","45005","37.5"
"Anderson","3","164","South Carolina","5/1/20","140","24","45007","17.14"
"Bamberg","0","10","South Carolina","5/1/20","7","3","45009","42.86"
"Barnwell","2","21","South Carolina","5/1/20","10","11","45011","110"
"Beaufort","4","269","South Carolina","5/1/20","244","25","45013","10.25"
"Berkeley","3","183","South Carolina","5/1/20","162","21","45015","12.96"
"Calhoun","0","7","South Carolina","5/1/20","6","1","45017","16.67"
"Charleston","5","452","South Carolina","5/1/20","416","36","45019","8.65"
"Cherokee","1","17","South Carolina","5/1/20","13","4","45021","30.77"
"Chester","1","30","South Carolina","5/1/20","26","4","45023","15.38"
"Chesterfield","3","58","South Carolina","5/1/20","40","18","45025","45"
"Clarendon","7","214","South Carolina","5/1/20","163","51","45027","31.29"
"Colleton","1","33","South Carolina","5/1/20","24","9","45029","37.5"
"Darlington","4","130","South Carolina","5/1/20","99","31","45031","31.31"
"Dillon","3","54","South Carolina","5/1/20","34","20","45033","58.82"
"Dorchester","2","100","South Carolina","5/1/20","84","16","45035","19.05"
"Edgefield","1","29","South Carolina","5/1/20","22","7","45037","31.82"
"Fairfield","1","36","South Carolina","5/1/20","28","8","45039","28.57"
"Florence","14","325","South Carolina","5/1/20","225","100","45041","44.44"
"Georgetown","1","43","South Carolina","5/1/20","37","6","45043","16.22"
"Greenville","25","730","South Carolina","5/1/20","557","173","45045","31.06"
"Greenwood","1","49","South Carolina","5/1/20","42","7","45047","16.67"
"Hampton","1","26","South Carolina","5/1/20","21","5","45049","23.81"
"Horry","4","223","South Carolina","5/1/20","198","25","45051","12.63"
"Jasper","1","21","South Carolina","5/1/20","17","4","45053","23.53"
"Kershaw","4","237","South Carolina","5/1/20","211","26","45055","12.32"
"Lancaster","3","99","South Carolina","5/1/20","80","19","45057","23.75"
"Laurens","3","40","South Carolina","5/1/20","21","19","45059","90.48"
"Lee","2","65","South Carolina","5/1/20","48","17","45061","35.42"
"Lexington","10","370","South Carolina","5/1/20","302","68","45063","22.52"
"Marion","2","36","South Carolina","5/1/20","24","12","45067","50"
"Marlboro","2","46","South Carolina","5/1/20","35","11","45069","31.43"
"McCormick","0","6","South Carolina","5/1/20","6","0","45065","0"
"Newberry","1","27","South Carolina","5/1/20","22","5","45071","22.73"
"Oconee","1","24","South Carolina","5/1/20","20","4","45073","20"
"Orangeburg","3","77","South Carolina","5/1/20","53","24","45075","45.28"
"Pickens","2","57","South Carolina","5/1/20","44","13","45077","29.55"
"Richland","21","913","South Carolina","5/1/20","766","147","45079","19.19"
"Saluda","4","52","South Carolina","5/1/20","23","29","45081","126.09"
"Spartanburg","8","295","South Carolina","5/1/20","238","57","45083","23.95"
"Sumter","3","230","South Carolina","5/1/20","209","21","45085","10.05"
"Union","0","26","South Carolina","5/1/20","25","1","45087","4"
"Williamsburg","5","76","South Carolina","5/1/20","38","38","45089","100"
"York","6","215","South Carolina","5/1/20","172","43","45091","25"
"Aurora","0","1","South Dakota","5/1/20","1","0","46003","0"
"Beadle","0","21","South Dakota","5/1/20","21","0","46005","0"
"Bon Homme","0","4","South Dakota","5/1/20","4","0","46009","0"
"Brookings","1","13","South Dakota","5/1/20","9","4","46011","44.44"
"Brown","2","42","South Dakota","5/1/20","28","14","46013","50"
"Buffalo","0","1","South Dakota","5/1/20","0","1","46017","1"
"Charles Mix","0","5","South Dakota","5/1/20","4","1","46023","25"
"Clark","0","1","South Dakota","5/1/20","1","0","46025","0"
"Clay","0","6","South Dakota","5/1/20","5","1","46027","20"
"Codington","0","14","South Dakota","5/1/20","14","0","46029","0"
"Corson","0","1","South Dakota","5/1/20","1","0","46031","0"
"Davison","0","5","South Dakota","5/1/20","5","0","46035","0"
"Day","1","4","South Dakota","5/1/20","0","4","46037","1"
"Deuel","0","1","South Dakota","5/1/20","1","0","46039","0"
"Dewey","0","1","South Dakota","5/1/20","0","1","46041","1"
"Douglas","0","1","South Dakota","5/1/20","0","1","46043","1"
"Fall River","0","1","South Dakota","5/1/20","1","0","46047","0"
"Faulk","0","1","South Dakota","5/1/20","1","0","46049","0"
"Hamlin","0","2","South Dakota","5/1/20","2","0","46057","0"
"Hand","0","1","South Dakota","5/1/20","0","1","46059","1"
"Hughes","0","9","South Dakota","5/1/20","7","2","46065","28.57"
"Hutchinson","0","3","South Dakota","5/1/20","2","1","46067","50"
"Hyde","0","1","South Dakota","5/1/20","1","0","46069","0"
"Jerauld","0","6","South Dakota","5/1/20","6","0","46073","0"
"Lake","0","4","South Dakota","5/1/20","4","0","46079","0"
"Lawrence","0","9","South Dakota","5/1/20","9","0","46081","0"
"Lincoln","5","153","South Dakota","5/1/20","116","37","46083","31.9"
"Lyman","0","3","South Dakota","5/1/20","2","1","46085","50"
"Marshall","0","1","South Dakota","5/1/20","1","0","46091","0"
"McCook","0","4","South Dakota","5/1/20","4","0","46087","0"
"McPherson","0","1","South Dakota","5/1/20","0","1","46089","1"
"Meade","0","1","South Dakota","5/1/20","1","0","46093","0"
"Miner","0","1","South Dakota","5/1/20","1","0","46097","0"
"Minnehaha","55","2089","South Dakota","5/1/20","1707","382","46099","22.38"
"Moody","0","5","South Dakota","5/1/20","2","3","46101","150"
"Oglala Lakota","0","1","South Dakota","5/1/20","1","0","46102","0"
"Pennington","0","13","South Dakota","5/1/20","11","2","46103","18.18"
"Roberts","1","8","South Dakota","5/1/20","4","4","46109","100"
"Sanborn","0","3","South Dakota","5/1/20","3","0","46111","0"
"Spink","0","3","South Dakota","5/1/20","3","0","46115","0"
"Stanley","1","8","South Dakota","5/1/20","1","7","46117","700"
"Sully","0","1","South Dakota","5/1/20","1","0","46119","0"
"Todd","0","2","South Dakota","5/1/20","1","1","46121","100"
"Turner","1","17","South Dakota","5/1/20","13","4","46125","30.77"
"Union","1","21","South Dakota","5/1/20","11","10","46127","90.91"
"Walworth","0","5","South Dakota","5/1/20","5","0","46129","0"
"Yankton","0","27","South Dakota","5/1/20","25","2","46135","8"
"Anderson","1","28","Tennessee","5/1/20","24","4","47001","16.67"
"Bedford","7","184","Tennessee","5/1/20","138","46","47003","33.33"
"Benton","0","5","Tennessee","5/1/20","5","0","47005","0"
"Bledsoe","1","595","Tennessee","5/1/20","585","10","47007","1.71"
"Blount","1","58","Tennessee","5/1/20","49","9","47009","18.37"
"Bradley","2","52","Tennessee","5/1/20","40","12","47011","30"
"Campbell","0","16","Tennessee","5/1/20","13","3","47013","23.08"
"Cannon","0","12","Tennessee","5/1/20","10","2","47015","20"
"Carroll","1","18","Tennessee","5/1/20","14","4","47017","28.57"
"Carter","1","13","Tennessee","5/1/20","7","6","47019","85.71"
"Cheatham","2","48","Tennessee","5/1/20","32","16","47021","50"
"Chester","0","10","Tennessee","5/1/20","10","0","47023","0"
"Claiborne","0","5","Tennessee","5/1/20","5","0","47025","0"
"Clay","0","5","Tennessee","5/1/20","5","0","47027","0"
"Cocke","0","16","Tennessee","5/1/20","14","2","47029","14.29"
"Coffee","1","36","Tennessee","5/1/20","27","9","47031","33.33"
"Crockett","0","7","Tennessee","5/1/20","6","1","47033","16.67"
"Cumberland","1","74","Tennessee","5/1/20","67","7","47035","10.45"
"Davidson","92","2652","Tennessee","5/1/20","2011","641","47037","31.87"
"Decatur","0","4","Tennessee","5/1/20","4","0","47039","0"
"DeKalb","1","17","Tennessee","5/1/20","12","5","47041","41.67"
"Dickson","2","74","Tennessee","5/1/20","63","11","47043","17.46"
"Dyer","1","36","Tennessee","5/1/20","30","6","47045","20"
"Fayette","2","59","Tennessee","5/1/20","48","11","47047","22.92"
"Fentress","0","4","Tennessee","5/1/20","4","0","47049","0"
"Franklin","1","36","Tennessee","5/1/20","29","7","47051","24.14"
"Gibson","2","45","Tennessee","5/1/20","34","11","47053","32.35"
"Giles","0","8","Tennessee","5/1/20","6","2","47055","33.33"
"Grainger","0","6","Tennessee","5/1/20","4","2","47057","50"
"Greene","0","44","Tennessee","5/1/20","41","3","47059","7.32"
"Grundy","0","28","Tennessee","5/1/20","28","0","47061","0"
"Hamblen","1","18","Tennessee","5/1/20","14","4","47063","28.57"
"Hamilton","4","160","Tennessee","5/1/20","133","27","47065","20.3"
"Hardeman","1","16","Tennessee","5/1/20","9","7","47069","77.78"
"Hardin","0","5","Tennessee","5/1/20","4","1","47071","25"
"Hawkins","0","30","Tennessee","5/1/20","28","2","47073","7.14"
"Haywood","1","23","Tennessee","5/1/20","15","8","47075","53.33"
"Henderson","0","7","Tennessee","5/1/20","5","2","47077","40"
"Henry","0","13","Tennessee","5/1/20","11","2","47079","18.18"
"Hickman","3","44","Tennessee","5/1/20","20","24","47081","120"
"Houston","0","5","Tennessee","5/1/20","4","1","47083","25"
"Humphreys","1","11","Tennessee","5/1/20","7","4","47085","57.14"
"Jackson","0","7","Tennessee","5/1/20","7","0","47087","0"
"Jefferson","0","20","Tennessee","5/1/20","17","3","47089","17.65"
"Johnson","0","3","Tennessee","5/1/20","2","1","47091","50"
"Knox","4","233","Tennessee","5/1/20","204","29","47093","14.22"
"Lake","1","55","Tennessee","5/1/20","46","9","47095","19.57"
"Lauderdale","1","21","Tennessee","5/1/20","17","4","47097","23.53"
"Lawrence","0","17","Tennessee","5/1/20","16","1","47099","6.25"
"Lewis","0","2","Tennessee","5/1/20","2","0","47101","0"
"Lincoln","0","14","Tennessee","5/1/20","11","3","47103","27.27"
"Loudon","1","32","Tennessee","5/1/20","25","7","47105","28"
"Macon","1","41","Tennessee","5/1/20","35","6","47111","17.14"
"Madison","5","136","Tennessee","5/1/20","98","38","47113","38.78"
"Marion","0","29","Tennessee","5/1/20","28","1","47115","3.57"
"Marshall","0","23","Tennessee","5/1/20","22","1","47117","4.55"
"Maury","1","44","Tennessee","5/1/20","36","8","47119","22.22"
"McMinn","12","94","Tennessee","5/1/20","7","87","47107","1242.86"
"McNairy","0","11","Tennessee","5/1/20","11","0","47109","0"
"Meigs","1","9","Tennessee","5/1/20","5","4","47121","80"
"Monroe","1","21","Tennessee","5/1/20","12","9","47123","75"
"Montgomery","2","146","Tennessee","5/1/20","132","14","47125","10.61"
"Moore","0","3","Tennessee","5/1/20","3","0","47127","0"
"Morgan","0","6","Tennessee","5/1/20","5","1","47129","20"
"Obion","0","14","Tennessee","5/1/20","12","2","47131","16.67"
"Out of TN","0","258","Tennessee","5/1/20","260","-2","80047","-0.77"
"Overton","0","8","Tennessee","5/1/20","7","1","47133","14.29"
"Perry","1","12","Tennessee","5/1/20","8","4","47135","50"
"Polk","0","8","Tennessee","5/1/20","6","2","47139","33.33"
"Putnam","3","122","Tennessee","5/1/20","101","21","47141","20.79"
"Rhea","0","5","Tennessee","5/1/20","4","1","47143","25"
"Roane","0","7","Tennessee","5/1/20","8","-1","47145","-12.5"
"Robertson","5","157","Tennessee","5/1/20","125","32","47147","25.6"
"Rutherford","20","502","Tennessee","5/1/20","364","138","47149","37.91"
"Scott","0","11","Tennessee","5/1/20","11","0","47151","0"
"Sequatchie","0","5","Tennessee","5/1/20","3","2","47153","66.67"
"Sevier","2","49","Tennessee","5/1/20","35","14","47155","40"
"Shelby","85","2599","Tennessee","5/1/20","2001","598","47157","29.89"
"Smith","0","22","Tennessee","5/1/20","19","3","47159","15.79"
"Stewart","0","7","Tennessee","5/1/20","6","1","47161","16.67"
"Sullivan","0","49","Tennessee","5/1/20","47","2","47163","4.26"
"Sumner","8","632","Tennessee","5/1/20","573","59","47165","10.3"
"Tipton","1","98","Tennessee","5/1/20","88","10","47167","11.36"
"Trousdale","142","1020","Tennessee","5/1/20","29","991","47169","3417.24"
"Unicoi","0","2","Tennessee","5/1/20","1","1","47171","100"
"Union","0","3","Tennessee","5/1/20","3","0","47173","0"
"Van Buren","0","2","Tennessee","5/1/20","1","1","47175","100"
"Warren","0","8","Tennessee","5/1/20","5","3","47177","60"
"Washington","1","55","Tennessee","5/1/20","46","9","47179","19.57"
"Wayne","0","4","Tennessee","5/1/20","2","2","47181","100"
"Weakley","2","23","Tennessee","5/1/20","10","13","47183","130"
"White","0","7","Tennessee","5/1/20","4","3","47185","75"
"Williamson","6","416","Tennessee","5/1/20","377","39","47187","10.34"
"Wilson","9","259","Tennessee","5/1/20","197","62","47189","31.47"
"Anderson","2","32","Texas","5/1/20","18","14","48001","77.78"
"Andrews","0","20","Texas","5/1/20","19","1","48003","5.26"
"Angelina","3","54","Texas","5/1/20","33","21","48005","63.64"
"Aransas","0","2","Texas","5/1/20","2","0","48007","0"
"Armstrong","0","2","Texas","5/1/20","1","1","48011","100"
"Atascosa","1","19","Texas","5/1/20","14","5","48013","35.71"
"Austin","0","13","Texas","5/1/20","12","1","48015","8.33"
"Bandera","0","6","Texas","5/1/20","4","2","48019","50"
"Bastrop","4","82","Texas","5/1/20","57","25","48021","43.86"
"Bee","0","6","Texas","5/1/20","6","0","48025","0"
"Bell","4","189","Texas","5/1/20","161","28","48027","17.39"
"Bexar","6","1374","Texas","5/1/20","1334","40","48029","3"
"Blanco","0","6","Texas","5/1/20","6","0","48031","0"
"Bosque","0","4","Texas","5/1/20","3","1","48035","33.33"
"Bowie","1","74","Texas","5/1/20","67","7","48037","10.45"
"Brazoria","13","509","Texas","5/1/20","417","92","48039","22.06"
"Brazos","3","202","Texas","5/1/20","181","21","48041","11.6"
"Brewster","0","1","Texas","5/1/20","0","1","48043","1"
"Brooks","0","1","Texas","5/1/20","1","0","48047","0"
"Brown","3","36","Texas","5/1/20","17","19","48049","111.76"
"Burleson","0","13","Texas","5/1/20","11","2","48051","18.18"
"Burnet","1","19","Texas","5/1/20","14","5","48053","35.71"
"Caldwell","1","14","Texas","5/1/20","10","4","48055","40"
"Calhoun","1","30","Texas","5/1/20","23","7","48057","30.43"
"Callahan","0","2","Texas","5/1/20","1","1","48059","100"
"Cameron","10","412","Texas","5/1/20","344","68","48061","19.77"
"Camp","0","6","Texas","5/1/20","6","0","48063","0"
"Carson","0","2","Texas","5/1/20","1","1","48065","100"
"Cass","0","14","Texas","5/1/20","13","1","48067","7.69"
"Castro","0","15","Texas","5/1/20","13","2","48069","15.38"
"Chambers","0","42","Texas","5/1/20","41","1","48071","2.44"
"Cherokee","1","16","Texas","5/1/20","12","4","48073","33.33"
"Childress","0","1","Texas","5/1/20","1","0","48075","0"
"Clay","0","3","Texas","5/1/20","3","0","48077","0"
"Cochran","0","1","Texas","5/1/20","1","0","48079","0"
"Coleman","0","1","Texas","5/1/20","1","0","48083","0"
"Collin","12","724","Texas","5/1/20","639","85","48085","13.3"
"Colorado","0","11","Texas","5/1/20","10","1","48089","10"
"Comal","1","55","Texas","5/1/20","48","7","48091","14.58"
"Comanche","0","3","Texas","5/1/20","4","-1","48093","-25"
"Concho","0","1","Texas","5/1/20","1","0","48095","0"
"Cooke","0","7","Texas","5/1/20","4","3","48097","75"
"Coryell","8","158","Texas","5/1/20","103","55","48099","53.4"
"Cottle","0","2","Texas","5/1/20","0","2","48101","1"
"Crane","0","2","Texas","5/1/20","2","0","48103","0"
"Crosby","0","2","Texas","5/1/20","2","0","48107","0"
"Dallam","1","10","Texas","5/1/20","4","6","48111","150"
"Dallas","126","3718","Texas","5/1/20","2834","884","48113","31.19"
"Dawson","1","24","Texas","5/1/20","18","6","48115","33.33"
"Deaf Smith","1","31","Texas","5/1/20","21","10","48117","47.62"
"Delta","0","1","Texas","5/1/20","1","0","48119","0"
"Denton","12","765","Texas","5/1/20","680","85","48121","12.5"
"DeWitt","0","15","Texas","5/1/20","14","1","48123","7.14"
"Dickens","0","1","Texas","5/1/20","1","0","48125","0"
"Dimmit","0","1","Texas","5/1/20","1","0","48127","0"
"Donley","0","24","Texas","5/1/20","24","0","48129","0"
"Duval","0","2","Texas","5/1/20","1","1","48131","100"
"Eastland","0","3","Texas","5/1/20","3","0","48133","0"
"Ector","2","78","Texas","5/1/20","67","11","48135","16.42"
"El Paso","31","924","Texas","5/1/20","706","218","48141","30.88"
"Ellis","4","148","Texas","5/1/20","121","27","48139","22.31"
"Erath","0","12","Texas","5/1/20","13","-1","48143","-7.69"
"Falls","0","4","Texas","5/1/20","1","3","48145","300"
"Fannin","1","18","Texas","5/1/20","13","5","48147","38.46"
"Fayette","0","15","Texas","5/1/20","15","0","48149","0"
"Floyd","0","3","Texas","5/1/20","3","0","48153","0"
"Fort Bend","23","1052","Texas","5/1/20","889","163","48157","18.34"
"Franklin","0","1","Texas","5/1/20","1","0","48159","0"
"Freestone","0","5","Texas","5/1/20","3","2","48161","66.67"
"Frio","1","7","Texas","5/1/20","1","6","48163","600"
"Gaines","0","2","Texas","5/1/20","2","0","48165","0"
"Galveston","10","595","Texas","5/1/20","522","73","48167","13.98"
"Garza","0","1","Texas","5/1/20","0","1","48169","1"
"Gillespie","0","2","Texas","5/1/20","1","1","48171","100"
"Glasscock","0","1","Texas","5/1/20","0","1","48173","1"
"Goliad","0","7","Texas","5/1/20","6","1","48175","16.67"
"Gonzales","2","21","Texas","5/1/20","4","17","48177","425"
"Gray","4","58","Texas","5/1/20","32","26","48179","81.25"
"Grayson","2","34","Texas","5/1/20","19","15","48181","78.95"
"Gregg","3","80","Texas","5/1/20","59","21","48183","35.59"
"Grimes","1","19","Texas","5/1/20","13","6","48185","46.15"
"Guadalupe","2","81","Texas","5/1/20","64","17","48187","26.56"
"Hale","1","25","Texas","5/1/20","19","6","48189","31.58"
"Hamilton","0","5","Texas","5/1/20","5","0","48193","0"
"Hansford","1","6","Texas","5/1/20","2","4","48195","200"
"Hardin","1","100","Texas","5/1/20","92","8","48199","8.7"
"Harris","153","6551","Texas","5/1/20","5482","1069","48201","19.5"
"Harrison","6","113","Texas","5/1/20","69","44","48203","63.77"
"Hartley","0","5","Texas","5/1/20","4","1","48205","25"
"Hays","3","165","Texas","5/1/20","147","18","48209","12.24"
"Hemphill","0","1","Texas","5/1/20","1","0","48211","0"
"Henderson","0","25","Texas","5/1/20","22","3","48213","13.64"
"Hidalgo","6","334","Texas","5/1/20","290","44","48215","15.17"
"Hill","0","16","Texas","5/1/20","15","1","48217","6.67"
"Hockley","0","21","Texas","5/1/20","19","2","48219","10.53"
"Hood","0","19","Texas","5/1/20","17","2","48221","11.76"
"Hopkins","0","4","Texas","5/1/20","4","0","48223","0"
"Houston","0","6","Texas","5/1/20","6","0","48225","0"
"Howard","0","4","Texas","5/1/20","4","0","48227","0"
"Hunt","1","47","Texas","5/1/20","38","9","48231","23.68"
"Hutchinson","1","14","Texas","5/1/20","10","4","48233","40"
"Jack","0","4","Texas","5/1/20","4","0","48237","0"
"Jackson","0","8","Texas","5/1/20","6","2","48239","33.33"
"Jasper","0","16","Texas","5/1/20","14","2","48241","14.29"
"Jefferson","10","307","Texas","5/1/20","240","67","48245","27.92"
"Jim Hogg","0","3","Texas","5/1/20","1","2","48247","200"
"Jim Wells","0","3","Texas","5/1/20","2","1","48249","50"
"Johnson","2","69","Texas","5/1/20","54","15","48251","27.78"
"Jones","4","37","Texas","5/1/20","7","30","48253","428.57"
"Karnes","0","3","Texas","5/1/20","3","0","48255","0"
"Kaufman","3","86","Texas","5/1/20","62","24","48257","38.71"
"Kendall","0","16","Texas","5/1/20","15","1","48259","6.67"
"Kerr","0","5","Texas","5/1/20","5","0","48265","0"
"Kleberg","0","8","Texas","5/1/20","7","1","48273","14.29"
"Knox","0","1","Texas","5/1/20","1","0","48275","0"
"La Salle","0","1","Texas","5/1/20","1","0","48283","0"
"Lamar","8","61","Texas","5/1/20","8","53","48277","662.5"
"Lamb","0","3","Texas","5/1/20","2","1","48279","50"
"Lampasas","0","3","Texas","5/1/20","2","1","48281","50"
"Lavaca","0","6","Texas","5/1/20","5","1","48285","20"
"Lee","0","2","Texas","5/1/20","2","0","48287","0"
"Leon","0","6","Texas","5/1/20","5","1","48289","20"
"Liberty","1","43","Texas","5/1/20","37","6","48291","16.22"
"Limestone","0","12","Texas","5/1/20","11","1","48293","9.09"
"Lipscomb","0","2","Texas","5/1/20","0","2","48295","1"
"Live Oak","0","5","Texas","5/1/20","5","0","48297","0"
"Llano","0","3","Texas","5/1/20","3","0","48299","0"
"Lubbock","6","535","Texas","5/1/20","494","41","48303","8.3"
"Lynn","0","5","Texas","5/1/20","5","0","48305","0"
"Madison","0","1","Texas","5/1/20","2","-1","48313","-50"
"Marion","1","14","Texas","5/1/20","6","8","48315","133.33"
"Martin","0","2","Texas","5/1/20","2","0","48317","0"
"Mason","3","21","Texas","5/1/20","1","20","48319","2000"
"Matagorda","0","60","Texas","5/1/20","59","1","48321","1.69"
"Maverick","1","24","Texas","5/1/20","15","9","48323","60"
"McCulloch","0","3","Texas","5/1/20","3","0","48307","0"
"McLennan","1","89","Texas","5/1/20","81","8","48309","9.88"
"Medina","0","20","Texas","5/1/20","17","3","48325","17.65"
"Midland","1","79","Texas","5/1/20","69","10","48329","14.49"
"Milam","0","16","Texas","5/1/20","13","3","48331","23.08"
"Mitchell","0","1","Texas","5/1/20","1","0","48335","0"
"Montague","0","6","Texas","5/1/20","6","0","48337","0"
"Montgomery","19","629","Texas","5/1/20","496","133","48339","26.81"
"Moore","23","350","Texas","5/1/20","186","164","48341","88.17"
"Morris","0","5","Texas","5/1/20","5","0","48343","0"
"Motley","0","1","Texas","5/1/20","1","0","48345","0"
"Nacogdoches","6","160","Texas","5/1/20","115","45","48347","39.13"
"Navarro","1","31","Texas","5/1/20","26","5","48349","19.23"
"Newton","0","2","Texas","5/1/20","2","0","48351","0"
"Nolan","0","1","Texas","5/1/20","1","0","48353","0"
"Nueces","2","102","Texas","5/1/20","91","11","48355","12.09"
"Ochiltree","3","19","Texas","5/1/20","1","18","48357","1800"
"Oldham","0","3","Texas","5/1/20","3","0","48359","0"
"Orange","1","71","Texas","5/1/20","63","8","48361","12.7"
"Palo Pinto","0","7","Texas","5/1/20","7","0","48363","0"
"Panola","8","128","Texas","5/1/20","75","53","48365","70.67"
"Parker","1","30","Texas","5/1/20","23","7","48367","30.43"
"Parmer","1","8","Texas","5/1/20","4","4","48369","100"
"Pecos","1","11","Texas","5/1/20","6","5","48371","83.33"
"Polk","0","20","Texas","5/1/20","18","2","48373","11.11"
"Potter","50","572","Texas","5/1/20","221","351","48375","158.82"
"Rains","0","2","Texas","5/1/20","2","0","48379","0"
"Randall","14","234","Texas","5/1/20","137","97","48381","70.8"
"Red River","0","1","Texas","5/1/20","1","0","48387","0"
"Reeves","0","5","Texas","5/1/20","2","3","48389","150"
"Roberts","0","2","Texas","5/1/20","2","0","48393","0"
"Robertson","0","4","Texas","5/1/20","2","2","48395","100"
"Rockwall","4","75","Texas","5/1/20","49","26","48397","53.06"
"Runnels","0","1","Texas","5/1/20","0","1","48399","1"
"Rusk","1","36","Texas","5/1/20","30","6","48401","20"
"Sabine","0","1","Texas","5/1/20","1","0","48403","0"
"San Augustine","0","19","Texas","5/1/20","16","3","48405","18.75"
"San Jacinto","0","9","Texas","5/1/20","10","-1","48407","-10"
"San Patricio","0","12","Texas","5/1/20","11","1","48409","9.09"
"Scurry","0","2","Texas","5/1/20","2","0","48415","0"
"Shelby","4","117","Texas","5/1/20","86","31","48419","36.05"
"Sherman","1","17","Texas","5/1/20","10","7","48421","70"
"Smith","2","144","Texas","5/1/20","131","13","48423","9.92"
"Starr","0","9","Texas","5/1/20","7","2","48427","28.57"
"Stephens","0","1","Texas","5/1/20","1","0","48429","0"
"Swisher","0","9","Texas","5/1/20","7","2","48437","28.57"
"Tarrant","77","2246","Texas","5/1/20","1706","540","48439","31.65"
"Taylor","17","319","Texas","5/1/20","203","116","48441","57.14"
"Terry","0","11","Texas","5/1/20","10","1","48445","10"
"Titus","0","17","Texas","5/1/20","15","2","48449","13.33"
"Tom Green","2","53","Texas","5/1/20","42","11","48451","26.19"
"Travis","43","1683","Texas","5/1/20","1379","304","48453","22.04"
"Trinity","0","8","Texas","5/1/20","8","0","48455","0"
"Tyler","0","6","Texas","5/1/20","6","0","48457","0"
"Upshur","0","15","Texas","5/1/20","13","2","48459","15.38"
"Uvalde","0","6","Texas","5/1/20","6","0","48463","0"
"Val Verde","0","13","Texas","5/1/20","12","1","48465","8.33"
"Van Zandt","0","15","Texas","5/1/20","13","2","48467","15.38"
"Victoria","5","137","Texas","5/1/20","105","32","48469","30.48"
"Walker","17","269","Texas","5/1/20","151","118","48471","78.15"
"Waller","1","33","Texas","5/1/20","27","6","48473","22.22"
"Washington","9","144","Texas","5/1/20","78","66","48477","84.62"
"Webb","6","363","Texas","5/1/20","321","42","48479","13.08"
"Wharton","0","37","Texas","5/1/20","36","1","48481","2.78"
"Wheeler","1","7","Texas","5/1/20","3","4","48483","133.33"
"Wichita","0","65","Texas","5/1/20","62","3","48485","4.84"
"Wilbarger","0","1","Texas","5/1/20","1","0","48487","0"
"Willacy","0","13","Texas","5/1/20","10","3","48489","30"
"Williamson","18","306","Texas","5/1/20","182","124","48491","68.13"
"Wilson","1","32","Texas","5/1/20","25","7","48493","28"
"Winkler","0","3","Texas","5/1/20","3","0","48495","0"
"Wise","0","17","Texas","5/1/20","14","3","48497","21.43"
"Wood","0","9","Texas","5/1/20","7","2","48499","28.57"
"Yoakum","0","1","Texas","5/1/20","1","0","48501","0"
"Young","0","4","Texas","5/1/20","4","0","48503","0"
"Zapata","0","7","Texas","5/1/20","7","0","48505","0"
"Zavala","0","1","Texas","5/1/20","1","0","48507","0"
"Bear River","0","61","Utah","5/1/20","59","2","00000","3.39"
"Central Utah","0","23","Utah","5/1/20","21","2","00000","9.52"
"Davis","5","293","Utah","5/1/20","256","37","49011","14.45"
"Salt Lake","79","2526","Utah","5/1/20","1975","551","49035","27.9"
"San Juan","1","47","Utah","5/1/20","37","10","49037","27.03"
"Southeast Utah","1","13","Utah","5/1/20","8","5","00000","62.5"
"Southwest Utah","3","101","Utah","5/1/20","81","20","00000","24.69"
"Summit","3","373","Utah","5/1/20","351","22","49043","6.27"
"Tooele","3","68","Utah","5/1/20","47","21","49045","44.68"
"TriCounty","1","13","Utah","5/1/20","9","4","00000","44.44"
"Utah","46","993","Utah","5/1/20","669","324","49049","48.43"
"Wasatch","4","155","Utah","5/1/20","129","26","49051","20.16"
"Weber-Morgan","3","162","Utah","5/1/20","140","22","00000","15.71"
"Addison","0","61","Vermont","5/1/20","61","0","50001","0"
"Bennington","1","47","Vermont","5/1/20","38","9","50003","23.68"
"Caledonia","0","14","Vermont","5/1/20","12","2","50005","16.67"
"Chittenden","3","419","Vermont","5/1/20","396","23","50007","5.81"
"Essex","0","2","Vermont","5/1/20","2","0","50009","0"
"Franklin","1","98","Vermont","5/1/20","90","8","50011","8.89"
"Grand Isle","0","3","Vermont","5/1/20","3","0","50013","0"
"Lamoille","0","26","Vermont","5/1/20","25","1","50015","4"
"Orange","0","7","Vermont","5/1/20","6","1","50017","16.67"
"Orleans","0","9","Vermont","5/1/20","9","0","50019","0"
"Rutland","0","46","Vermont","5/1/20","44","2","50021","4.55"
"Washington","0","33","Vermont","5/1/20","33","0","50023","0"
"Windham","1","71","Vermont","5/1/20","67","4","50025","5.97"
"Windsor","0","40","Vermont","5/1/20","38","2","50027","5.26"
"","2","66","Virgin Islands","5/1/20","54","12",,"22.22"
"Accomack","29","303","Virginia","5/1/20","100","203","51001","203"
"Albemarle","4","103","Virginia","5/1/20","72","31","51003","43.06"
"Alexandria","36","802","Virginia","5/1/20","547","255","51510","46.62"
"Alleghany","0","6","Virginia","5/1/20","5","1","51005","20"
"Amelia","0","16","Virginia","5/1/20","15","1","51007","6.67"
"Amherst","1","13","Virginia","5/1/20","9","4","51009","44.44"
"Appomattox","1","20","Virginia","5/1/20","12","8","51011","66.67"
"Arlington","40","1004","Virginia","5/1/20","722","282","51013","39.06"
"Augusta","1","44","Virginia","5/1/20","34","10","51015","29.41"
"Bedford","1","33","Virginia","5/1/20","23","10","51019","43.48"
"Botetourt","0","28","Virginia","5/1/20","27","1","51023","3.7"
"Bristol","0","1","Virginia","5/1/20","1","0","51520","0"
"Brunswick","0","14","Virginia","5/1/20","14","0","51025","0"
"Buchanan","1","16","Virginia","5/1/20","12","4","51027","33.33"
"Buckingham","9","94","Virginia","5/1/20","31","63","51029","203.23"
"Buena Vista","0","6","Virginia","5/1/20","5","1","51530","20"
"Campbell","0","12","Virginia","5/1/20","10","2","51031","20"
"Caroline","2","32","Virginia","5/1/20","21","11","51033","52.38"
"Carroll","1","12","Virginia","5/1/20","3","9","51035","300"
"Charles City","0","13","Virginia","5/1/20","12","1","51036","8.33"
"Charlotte","0","8","Virginia","5/1/20","8","0","51037","0"
"Charlottesville","2","58","Virginia","5/1/20","45","13","51540","28.89"
"Chesapeake","8","256","Virginia","5/1/20","197","59","51550","29.95"
"Chesterfield","19","557","Virginia","5/1/20","423","134","51041","31.68"
"Clarke","0","9","Virginia","5/1/20","7","2","51043","28.57"
"Colonial Heights","2","54","Virginia","5/1/20","41","13","51570","31.71"
"Covington","0","1","Virginia","5/1/20","1","0","51580","0"
"Craig","0","3","Virginia","5/1/20","2","1","51045","50"
"Culpeper","10","162","Virginia","5/1/20","90","72","51047","80"
"Cumberland","0","13","Virginia","5/1/20","10","3","51049","30"
"Danville","1","35","Virginia","5/1/20","31","4","51590","12.9"
"Dinwiddie","1","16","Virginia","5/1/20","12","4","51053","33.33"
"Emporia","1","23","Virginia","5/1/20","18","5","51595","27.78"
"Essex","1","8","Virginia","5/1/20","3","5","51057","166.67"
"Fairfax","195","3897","Virginia","5/1/20","2534","1363","51059","53.79"
"Fairfax City","0","29","Virginia","5/1/20","26","3","51600","11.54"
"Falls Church","0","26","Virginia","5/1/20","24","2","51610","8.33"
"Fauquier","8","128","Virginia","5/1/20","73","55","51061","75.34"
"Floyd","0","3","Virginia","5/1/20","1","2","51063","200"
"Fluvanna","0","74","Virginia","5/1/20","72","2","51065","2.78"
"Franklin","0","21","Virginia","5/1/20","19","2","51067","10.53"
"Franklin City","1","23","Virginia","5/1/20","15","8","51620","53.33"
"Frederick","4","115","Virginia","5/1/20","87","28","51069","32.18"
"Fredericksburg","2","34","Virginia","5/1/20","21","13","51630","61.9"
"Galax","1","9","Virginia","5/1/20","1","8","51640","800"
"Giles","0","4","Virginia","5/1/20","4","0","51071","0"
"Gloucester","0","24","Virginia","5/1/20","21","3","51073","14.29"
"Goochland","1","78","Virginia","5/1/20","69","9","51075","13.04"
"Grayson","0","2","Virginia","5/1/20","0","2","51077","1"
"Greene","0","10","Virginia","5/1/20","10","0","51079","0"
"Greensville","1","39","Virginia","5/1/20","30","9","51081","30"
"Halifax","0","18","Virginia","5/1/20","16","2","51083","12.5"
"Hampton","3","119","Virginia","5/1/20","99","20","51650","20.2"
"Hanover","5","132","Virginia","5/1/20","100","32","51085","32"
"Harrisonburg","14","456","Virginia","5/1/20","355","101","51660","28.45"
"Henrico","24","898","Virginia","5/1/20","729","169","51087","23.18"
"Henry","1","16","Virginia","5/1/20","12","4","51089","33.33"
"Highland","0","2","Virginia","5/1/20","1","1","51091","100"
"Hopewell","1","25","Virginia","5/1/20","19","6","51670","31.58"
"Isle of Wight","1","99","Virginia","5/1/20","91","8","51093","8.79"
"James City","1","160","Virginia","5/1/20","150","10","51095","6.67"
"King and Queen","0","2","Virginia","5/1/20","2","0","51097","0"
"King George","2","34","Virginia","5/1/20","23","11","51099","47.83"
"King William","0","5","Virginia","5/1/20","3","2","51101","66.67"
"Lancaster","0","3","Virginia","5/1/20","1","2","51103","200"
"Lee","0","10","Virginia","5/1/20","8","2","51105","25"
"Lexington","0","4","Virginia","5/1/20","3","1","51678","33.33"
"Loudoun","43","832","Virginia","5/1/20","529","303","51107","57.28"
"Louisa","1","45","Virginia","5/1/20","38","7","51109","18.42"
"Lunenburg","0","4","Virginia","5/1/20","3","1","51111","33.33"
"Lynchburg","1","58","Virginia","5/1/20","48","10","51680","20.83"
"Madison","0","14","Virginia","5/1/20","14","0","51113","0"
"Manassas","12","222","Virginia","5/1/20","137","85","51683","62.04"
"Manassas Park","3","68","Virginia","5/1/20","44","24","51685","54.55"
"Martinsville","0","2","Virginia","5/1/20","0","2","51690","1"
"Mathews","0","4","Virginia","5/1/20","3","1","51115","33.33"
"Mecklenburg","4","103","Virginia","5/1/20","74","29","51117","39.19"
"Middlesex","1","7","Virginia","5/1/20","3","4","51119","133.33"
"Montgomery","1","56","Virginia","5/1/20","50","6","51121","12"
"Nelson","0","8","Virginia","5/1/20","7","1","51125","14.29"
"New Kent","0","23","Virginia","5/1/20","20","3","51127","15"
"Newport News","2","120","Virginia","5/1/20","107","13","51700","12.15"
"Norfolk","9","204","Virginia","5/1/20","141","63","51710","44.68"
"Northampton","10","82","Virginia","5/1/20","15","67","51131","446.67"
"Northumberland","0","9","Virginia","5/1/20","6","3","51133","50"
"Norton","0","2","Virginia","5/1/20","2","0","51720","0"
"Nottoway","0","13","Virginia","5/1/20","10","3","51135","30"
"Orange","2","36","Virginia","5/1/20","22","14","51137","63.64"
"Page","11","104","Virginia","5/1/20","30","74","51139","246.67"
"Patrick","0","2","Virginia","5/1/20","2","0","51141","0"
"Petersburg","1","33","Virginia","5/1/20","27","6","51730","22.22"
"Pittsylvania","0","13","Virginia","5/1/20","11","2","51143","18.18"
"Poquoson","0","6","Virginia","5/1/20","6","0","51735","0"
"Portsmouth","10","170","Virginia","5/1/20","100","70","51740","70"
"Powhatan","1","14","Virginia","5/1/20","9","5","51145","55.56"
"Prince Edward","2","51","Virginia","5/1/20","34","17","51147","50"
"Prince George","1","34","Virginia","5/1/20","29","5","51149","17.24"
"Prince William","96","1781","Virginia","5/1/20","1110","671","51153","60.45"
"Pulaski","0","9","Virginia","5/1/20","10","-1","51155","-10"
"Radford","0","3","Virginia","5/1/20","2","1","51750","50"
"Rappahannock","1","5","Virginia","5/1/20","1","4","51157","400"
"Richmond","11","142","Virginia","5/1/20","66","76","51159","115.15"
"Richmond City","14","364","Virginia","5/1/20","267","97","51760","36.33"
"Roanoke","2","53","Virginia","5/1/20","39","14","51161","35.9"
"Roanoke City","7","80","Virginia","5/1/20","33","47","51770","142.42"
"Rockbridge","0","7","Virginia","5/1/20","5","2","51163","40"
"Rockingham","10","249","Virginia","5/1/20","176","73","51165","41.48"
"Russell","0","4","Virginia","5/1/20","2","2","51167","100"
"Salem","3","26","Virginia","5/1/20","8","18","51775","225"
"Scott","0","7","Virginia","5/1/20","5","2","51169","40"
"Shenandoah","8","120","Virginia","5/1/20","65","55","51171","84.62"
"Smyth","0","13","Virginia","5/1/20","13","0","51173","0"
"Southampton","7","125","Virginia","5/1/20","75","50","51175","66.67"
"Spotsylvania","8","155","Virginia","5/1/20","97","58","51177","59.79"
"Stafford","8","251","Virginia","5/1/20","193","58","51179","30.05"
"Staunton","0","12","Virginia","5/1/20","10","2","51790","20"
"Suffolk","5","175","Virginia","5/1/20","138","37","51800","26.81"
"Surry","0","4","Virginia","5/1/20","4","0","51181","0"
"Sussex","0","31","Virginia","5/1/20","28","3","51183","10.71"
"Tazewell","0","6","Virginia","5/1/20","4","2","51185","50"
"Virginia Beach","9","396","Virginia","5/1/20","331","65","51810","19.64"
"Warren","3","57","Virginia","5/1/20","36","21","51187","58.33"
"Washington","1","38","Virginia","5/1/20","30","8","51191","26.67"
"Waynesboro","0","13","Virginia","5/1/20","10","3","51820","30"
"Westmoreland","1","23","Virginia","5/1/20","14","9","51193","64.29"
"Williamsburg","1","20","Virginia","5/1/20","14","6","51830","42.86"
"Winchester","1","41","Virginia","5/1/20","31","10","51840","32.26"
"Wise","0","22","Virginia","5/1/20","20","2","51195","10"
"Wythe","0","11","Virginia","5/1/20","11","0","51197","0"
"York","0","46","Virginia","5/1/20","43","3","51199","6.98"
"Adams","0","47","Washington","5/1/20","45","2","53001","4.44"
"Asotin","0","18","Washington","5/1/20","16","2","53003","12.5"
"Benton","11","461","Washington","5/1/20","383","78","53005","20.37"
"Chelan","3","113","Washington","5/1/20","89","24","53007","26.97"
"Clallam","1","18","Washington","5/1/20","14","4","53009","28.57"
"Clark","5","327","Washington","5/1/20","293","34","53011","11.6"
"Columbia","0","1","Washington","5/1/20","1","0","53013","0"
"Cowlitz","2","47","Washington","5/1/20","36","11","53015","30.56"
"Douglas","1","79","Washington","5/1/20","69","10","53017","14.49"
"Ferry","0","1","Washington","5/1/20","1","0","53019","0"
"Franklin","10","309","Washington","5/1/20","239","70","53021","29.29"
"Grant","2","163","Washington","5/1/20","149","14","53025","9.4"
"Grays Harbor","0","12","Washington","5/1/20","12","0","53027","0"
"Island","1","169","Washington","5/1/20","160","9","53029","5.62"
"Jefferson","0","28","Washington","5/1/20","28","0","53031","0"
"King","91","6274","Washington","5/1/20","5637","637","53033","11.3"
"Kitsap","1","150","Washington","5/1/20","143","7","53035","4.9"
"Kittitas","0","15","Washington","5/1/20","14","1","53037","7.14"
"Klickitat","0","17","Washington","5/1/20","16","1","53039","6.25"
"Lewis","1","29","Washington","5/1/20","25","4","53041","16"
"Lincoln","0","2","Washington","5/1/20","2","0","53043","0"
"Mason","0","25","Washington","5/1/20","22","3","53045","13.64"
"Okanogan","1","21","Washington","5/1/20","16","5","53047","31.25"
"Pacific","0","4","Washington","5/1/20","4","0","53049","0"
"Pend Oreille","0","2","Washington","5/1/20","2","0","53051","0"
"Pierce","18","1339","Washington","5/1/20","1212","127","53053","10.48"
"San Juan","0","14","Washington","5/1/20","14","0","53055","0"
"Skagit","8","337","Washington","5/1/20","283","54","53057","19.08"
"Skamania","0","3","Washington","5/1/20","3","0","53059","0"
"Snohomish","30","2453","Washington","5/1/20","2243","210","53061","9.36"
"Spokane","5","367","Washington","5/1/20","330","37","53063","11.21"
"Stevens","0","9","Washington","5/1/20","9","0","53065","0"
"Thurston","1","106","Washington","5/1/20","98","8","53067","8.16"
"Wahkiakum","0","2","Washington","5/1/20","2","0","53069","0"
"Walla Walla","4","76","Washington","5/1/20","48","28","53071","58.33"
"Whatcom","3","305","Washington","5/1/20","282","23","53073","8.16"
"Whitman","0","14","Washington","5/1/20","14","0","53075","0"
"Yakima","40","1203","Washington","5/1/20","923","280","53077","30.34"
"Barbour","0","5","West Virginia","5/1/20","4","1","54001","25"
"Berkeley","3","153","West Virginia","5/1/20","129","24","54003","18.6"
"Boone","1","6","West Virginia","5/1/20","2","4","54005","200"
"Braxton","0","2","West Virginia","5/1/20","1","1","54007","100"
"Brooke","0","3","West Virginia","5/1/20","3","0","54009","0"
"Cabell","1","43","West Virginia","5/1/20","38","5","54011","13.16"
"Fayette","1","14","West Virginia","5/1/20","9","5","54019","55.56"
"Gilmer","0","2","West Virginia","5/1/20","0","2","54021","1"
"Grant","0","1","West Virginia","5/1/20","1","0","54023","0"
"Greenbrier","0","3","West Virginia","5/1/20","3","0","54025","0"
"Hampshire","0","7","West Virginia","5/1/20","7","0","54027","0"
"Hancock","0","10","West Virginia","5/1/20","7","3","54029","42.86"
"Hardy","0","6","West Virginia","5/1/20","3","3","54031","100"
"Harrison","0","30","West Virginia","5/1/20","30","0","54033","0"
"Jackson","2","130","West Virginia","5/1/20","116","14","54035","12.07"
"Jefferson","1","79","West Virginia","5/1/20","70","9","54037","12.86"
"Kanawha","2","161","West Virginia","5/1/20","147","14","54039","9.52"
"Lewis","0","4","West Virginia","5/1/20","3","1","54041","33.33"
"Lincoln","0","2","West Virginia","5/1/20","1","1","54043","100"
"Logan","0","13","West Virginia","5/1/20","11","2","54045","18.18"
"Marion","0","46","West Virginia","5/1/20","44","2","54049","4.55"
"Marshall","1","13","West Virginia","5/1/20","9","4","54051","44.44"
"Mason","0","12","West Virginia","5/1/20","11","1","54053","9.09"
"McDowell","0","6","West Virginia","5/1/20","6","0","54047","0"
"Mercer","0","10","West Virginia","5/1/20","9","1","54055","11.11"
"Mineral","1","18","West Virginia","5/1/20","12","6","54057","50"
"Mingo","0","2","West Virginia","5/1/20","2","0","54059","0"
"Monongalia","1","102","West Virginia","5/1/20","97","5","54061","5.15"
"Monroe","0","5","West Virginia","5/1/20","5","0","54063","0"
"Morgan","0","12","West Virginia","5/1/20","9","3","54065","33.33"
"Nicholas","0","6","West Virginia","5/1/20","6","0","54067","0"
"Ohio","1","29","West Virginia","5/1/20","25","4","54069","16"
"Pendleton","0","3","West Virginia","5/1/20","3","0","54071","0"
"Pleasants","0","2","West Virginia","5/1/20","2","0","54073","0"
"Pocahontas","0","2","West Virginia","5/1/20","0","2","54075","1"
"Preston","0","13","West Virginia","5/1/20","12","1","54077","8.33"
"Putnam","2","27","West Virginia","5/1/20","16","11","54079","68.75"
"Raleigh","0","9","West Virginia","5/1/20","9","0","54081","0"
"Randolph","0","4","West Virginia","5/1/20","4","0","54083","0"
"Roane","0","6","West Virginia","5/1/20","3","3","54087","100"
"Summers","0","1","West Virginia","5/1/20","1","0","54089","0"
"Taylor","0","6","West Virginia","5/1/20","5","1","54091","20"
"Tucker","0","4","West Virginia","5/1/20","4","0","54093","0"
"Tyler","0","3","West Virginia","5/1/20","3","0","54095","0"
"Upshur","0","4","West Virginia","5/1/20","4","0","54097","0"
"Wayne","1","86","West Virginia","5/1/20","81","5","54099","6.17"
"Wetzel","0","3","West Virginia","5/1/20","3","0","54103","0"
"Wirt","0","3","West Virginia","5/1/20","3","0","54105","0"
"Wood","1","40","West Virginia","5/1/20","36","4","54107","11.11"
"Wyoming","0","1","West Virginia","5/1/20","1","0","54109","0"
"Adams","0","4","Wisconsin","5/1/20","4","0","55001","0"
"Ashland","0","2","Wisconsin","5/1/20","2","0","55003","0"
"Barron","0","6","Wisconsin","5/1/20","6","0","55005","0"
"Bayfield","0","3","Wisconsin","5/1/20","3","0","55007","0"
"Brown","81","1175","Wisconsin","5/1/20","605","570","55009","94.21"
"Buffalo","0","4","Wisconsin","5/1/20","4","0","55011","0"
"Calumet","1","14","Wisconsin","5/1/20","7","7","55015","100"
"Chippewa","0","23","Wisconsin","5/1/20","20","3","55017","15"
"Clark","0","20","Wisconsin","5/1/20","19","1","55019","5.26"
"Columbia","0","28","Wisconsin","5/1/20","27","1","55021","3.7"
"Crawford","0","3","Wisconsin","5/1/20","3","0","55023","0"
"Dane","5","430","Wisconsin","5/1/20","395","35","55025","8.86"
"Dodge","2","36","Wisconsin","5/1/20","21","15","55027","71.43"
"Door","0","12","Wisconsin","5/1/20","9","3","55029","33.33"
"Douglas","0","9","Wisconsin","5/1/20","9","0","55031","0"
"Dunn","0","9","Wisconsin","5/1/20","9","0","55033","0"
"Eau Claire","1","28","Wisconsin","5/1/20","23","5","55035","21.74"
"Florence","0","2","Wisconsin","5/1/20","2","0","55037","0"
"Fond du Lac","1","71","Wisconsin","5/1/20","67","4","55039","5.97"
"Grant","2","41","Wisconsin","5/1/20","27","14","55043","51.85"
"Green","0","13","Wisconsin","5/1/20","10","3","55045","30"
"Green Lake","0","3","Wisconsin","5/1/20","1","2","55047","200"
"Iowa","0","7","Wisconsin","5/1/20","7","0","55049","0"
"Iron","0","2","Wisconsin","5/1/20","2","0","55051","0"
"Jackson","0","13","Wisconsin","5/1/20","12","1","55053","8.33"
"Jefferson","1","46","Wisconsin","5/1/20","38","8","55055","21.05"
"Juneau","1","17","Wisconsin","5/1/20","11","6","55057","54.55"
"Kenosha","23","477","Wisconsin","5/1/20","314","163","55059","51.91"
"Kewaunee","1","13","Wisconsin","5/1/20","9","4","55061","44.44"
"La Crosse","0","28","Wisconsin","5/1/20","25","3","55063","12"
"Lafayette","0","6","Wisconsin","5/1/20","4","2","55065","50"
"Lincoln","0","1","Wisconsin","5/1/20","0","1","55069","1"
"Manitowoc","0","11","Wisconsin","5/1/20","9","2","55071","22.22"
"Marathon","0","18","Wisconsin","5/1/20","17","1","55073","5.88"
"Marinette","0","10","Wisconsin","5/1/20","8","2","55075","25"
"Marquette","0","3","Wisconsin","5/1/20","3","0","55077","0"
"Menominee","0","1","Wisconsin","5/1/20","1","0","55078","0"
"Milwaukee","88","3044","Wisconsin","5/1/20","2431","613","55079","25.22"
"Monroe","0","14","Wisconsin","5/1/20","14","0","55081","0"
"Oconto","1","14","Wisconsin","5/1/20","5","9","55083","180"
"Oneida","0","6","Wisconsin","5/1/20","6","0","55085","0"
"Outagamie","3","62","Wisconsin","5/1/20","43","19","55087","44.19"
"Ozaukee","1","88","Wisconsin","5/1/20","80","8","55089","10"
"Pierce","0","10","Wisconsin","5/1/20","8","2","55093","25"
"Polk","0","4","Wisconsin","5/1/20","4","0","55095","0"
"Portage","0","5","Wisconsin","5/1/20","4","1","55097","25"
"Price","0","1","Wisconsin","5/1/20","1","0","55099","0"
"Racine","23","393","Wisconsin","5/1/20","229","164","55101","71.62"
"Richland","0","12","Wisconsin","5/1/20","10","2","55103","20"
"Rock","15","222","Wisconsin","5/1/20","120","102","55105","85"
"Rusk","0","4","Wisconsin","5/1/20","4","0","55107","0"
"Sauk","3","58","Wisconsin","5/1/20","38","20","55111","52.63"
"Sawyer","0","3","Wisconsin","5/1/20","2","1","55113","50"
"Shawano","1","15","Wisconsin","5/1/20","8","7","55115","87.5"
"Sheboygan","1","49","Wisconsin","5/1/20","45","4","55117","8.89"
"St. Croix","0","16","Wisconsin","5/1/20","13","3","55109","23.08"
"Trempealeau","0","3","Wisconsin","5/1/20","2","1","55121","50"
"Vernon","0","1","Wisconsin","5/1/20","1","0","55123","0"
"Vilas","0","4","Wisconsin","5/1/20","4","0","55125","0"
"Walworth","8","171","Wisconsin","5/1/20","113","58","55127","51.33"
"Washburn","0","1","Wisconsin","5/1/20","1","0","55129","0"
"Washington","1","99","Wisconsin","5/1/20","91","8","55131","8.79"
"Waukesha","9","350","Wisconsin","5/1/20","289","61","55133","21.11"
"Waupaca","0","10","Wisconsin","5/1/20","7","3","55135","42.86"
"Waushara","0","2","Wisconsin","5/1/20","2","0","55137","0"
"Winnebago","2","62","Wisconsin","5/1/20","46","16","55139","34.78"
"Wood","0","2","Wisconsin","5/1/20","2","0","55141","0"
"Albany","0","8","Wyoming","5/1/20","6","2","56001","33.33"
"Big Horn","0","3","Wyoming","5/1/20","2","1","56003","50"
"Campbell","1","24","Wyoming","5/1/20","20","4","56005","20"
"Carbon","0","5","Wyoming","5/1/20","4","1","56007","25"
"Converse","1","22","Wyoming","5/1/20","16","6","56009","37.5"
"Crook","0","5","Wyoming","5/1/20","5","0","56011","0"
"Fremont","7","120","Wyoming","5/1/20","72","48","56013","66.67"
"Goshen","0","4","Wyoming","5/1/20","4","0","56015","0"
"Hot Springs","0","3","Wyoming","5/1/20","3","0","56017","0"
"Johnson","0","15","Wyoming","5/1/20","15","0","56019","0"
"Laramie","4","147","Wyoming","5/1/20","120","27","56021","22.5"
"Lincoln","0","9","Wyoming","5/1/20","9","0","56023","0"
"Natrona","0","49","Wyoming","5/1/20","49","0","56025","0"
"Niobrara","0","2","Wyoming","5/1/20","2","0","56027","0"
"Park","0","1","Wyoming","5/1/20","1","0","56029","0"
"Sheridan","0","16","Wyoming","5/1/20","16","0","56033","0"
"Sublette","0","3","Wyoming","5/1/20","3","0","56035","0"
"Sweetwater","0","18","Wyoming","5/1/20","16","2","56037","12.5"
"Teton","0","96","Wyoming","5/1/20","95","1","56039","1.05"
"Uinta","0","8","Wyoming","5/1/20","7","1","56041","14.29"
"Washakie","0","8","Wyoming","5/1/20","8","0","56043","0"
