"Locality","DailyAvgNewCasesPast7Days","TotalCases","State","Date","TotalCases7DaysAgo","NewCasesPast7Days","FIPS-Code","PercentIncreaseTotalCasesPast7Days"
"Autauga","1","45","Alabama","5/2/20","36","9","01001","25"
"Baldwin","5","181","Alabama","5/2/20","147","34","01003","23.13"
"Barbour","2","43","Alabama","5/2/20","32","11","01005","34.38"
"Bibb","1","42","Alabama","5/2/20","34","8","01007","23.53"
"Blount","1","40","Alabama","5/2/20","31","9","01009","29.03"
"Bullock","0","14","Alabama","5/2/20","12","2","01011","16.67"
"Butler","10","92","Alabama","5/2/20","21","71","01013","338.1"
"Calhoun","1","98","Alabama","5/2/20","89","9","01015","10.11"
"Chambers","2","294","Alabama","5/2/20","282","12","01017","4.26"
"Cherokee","0","15","Alabama","5/2/20","12","3","01019","25"
"Chilton","1","54","Alabama","5/2/20","49","5","01021","10.2"
"Choctaw","3","49","Alabama","5/2/20","25","24","01023","96"
"Clarke","2","38","Alabama","5/2/20","24","14","01025","58.33"
"Clay","0","21","Alabama","5/2/20","19","2","01027","10.53"
"Cleburne","0","12","Alabama","5/2/20","12","0","01029","0"
"Coffee","4","118","Alabama","5/2/20","87","31","01031","35.63"
"Colbert","2","37","Alabama","5/2/20","23","14","01033","60.87"
"Conecuh","0","9","Alabama","5/2/20","9","0","01035","0"
"Coosa","0","30","Alabama","5/2/20","29","1","01037","3.45"
"Covington","2","43","Alabama","5/2/20","31","12","01039","38.71"
"Crenshaw","2","21","Alabama","5/2/20","10","11","01041","110"
"Cullman","1","57","Alabama","5/2/20","47","10","01043","21.28"
"Dale","1","28","Alabama","5/2/20","23","5","01045","21.74"
"Dallas","2","49","Alabama","5/2/20","32","17","01047","53.12"
"DeKalb","2","77","Alabama","5/2/20","61","16","01049","26.23"
"Elmore","3","93","Alabama","5/2/20","74","19","01051","25.68"
"Escambia","1","30","Alabama","5/2/20","22","8","01053","36.36"
"Etowah","3","141","Alabama","5/2/20","121","20","01055","16.53"
"Fayette","0","6","Alabama","5/2/20","4","2","01057","50"
"Franklin","10","100","Alabama","5/2/20","32","68","01059","212.5"
"Geneva","1","10","Alabama","5/2/20","6","4","01061","66.67"
"Greene","2","55","Alabama","5/2/20","44","11","01063","25"
"Hale","2","52","Alabama","5/2/20","39","13","01065","33.33"
"Henry","1","26","Alabama","5/2/20","22","4","01067","18.18"
"Houston","2","93","Alabama","5/2/20","76","17","01069","22.37"
"Jackson","1","50","Alabama","5/2/20","45","5","01071","11.11"
"Jefferson","21","946","Alabama","5/2/20","797","149","01073","18.7"
"Lamar","0","11","Alabama","5/2/20","10","1","01075","10"
"Lauderdale","4","56","Alabama","5/2/20","25","31","01077","124"
"Lawrence","0","13","Alabama","5/2/20","12","1","01079","8.33"
"Lee","7","397","Alabama","5/2/20","351","46","01081","13.11"
"Limestone","0","44","Alabama","5/2/20","41","3","01083","7.32"
"Lowndes","5","70","Alabama","5/2/20","36","34","01085","94.44"
"Macon","1","38","Alabama","5/2/20","29","9","01087","31.03"
"Madison","4","233","Alabama","5/2/20","202","31","01089","15.35"
"Marengo","2","56","Alabama","5/2/20","39","17","01091","43.59"
"Marion","2","82","Alabama","5/2/20","69","13","01093","18.84"
"Marshall","10","334","Alabama","5/2/20","267","67","01095","25.09"
"Mobile","47","1172","Alabama","5/2/20","845","327","01097","38.7"
"Monroe","0","13","Alabama","5/2/20","11","2","01099","18.18"
"Montgomery","15","379","Alabama","5/2/20","274","105","01101","38.32"
"Morgan","3","73","Alabama","5/2/20","55","18","01103","32.73"
"Perry","0","10","Alabama","5/2/20","9","1","01105","11.11"
"Pickens","1","54","Alabama","5/2/20","45","9","01107","20"
"Pike","2","73","Alabama","5/2/20","58","15","01109","25.86"
"Randolph","2","74","Alabama","5/2/20","60","14","01111","23.33"
"Russell","1","60","Alabama","5/2/20","53","7","01113","13.21"
"Shelby","4","324","Alabama","5/2/20","294","30","01117","10.2"
"St. Clair","1","73","Alabama","5/2/20","63","10","01115","15.87"
"Sumter","3","72","Alabama","5/2/20","51","21","01119","41.18"
"Talladega","1","64","Alabama","5/2/20","54","10","01121","18.52"
"Tallapoosa","4","290","Alabama","5/2/20","261","29","01123","11.11"
"Tuscaloosa","5","216","Alabama","5/2/20","182","34","01125","18.68"
"Walker","1","97","Alabama","5/2/20","89","8","01127","8.99"
"Washington","3","37","Alabama","5/2/20","19","18","01129","94.74"
"Wilcox","3","71","Alabama","5/2/20","53","18","01131","33.96"
"Winston","1","16","Alabama","5/2/20","10","6","01133","60"
"Anchorage","2","185","Alaska","5/2/20","168","17","02020","10.12"
"Bethel","0","1","Alaska","5/2/20","1","0","02050","0"
"Fairbanks North Star","1","83","Alaska","5/2/20","79","4","02090","5.06"
"Juneau","0","27","Alaska","5/2/20","27","0","02110","0"
"Kenai Peninsula","0","21","Alaska","5/2/20","19","2","02122","10.53"
"Ketchikan Gateway","0","16","Alaska","5/2/20","16","0","02130","0"
"Kodiak Island","0","1","Alaska","5/2/20","1","0","02150","0"
"Matanuska-Susitna","0","21","Alaska","5/2/20","20","1","02170","5"
"Nome","0","1","Alaska","5/2/20","1","0","02180","0"
"Petersburg","0","4","Alaska","5/2/20","3","1","02195","33.33"
"Prince of Wales-Hyder","0","2","Alaska","5/2/20","2","0","02198","0"
"Sitka","0","1","Alaska","5/2/20","0","1","02220","1"
"Southeast Fairbanks","0","1","Alaska","5/2/20","1","0","02240","0"
"Yukon-Koyukuk","0","1","Alaska","5/2/20","1","0","02290","0"
"Apache","28","507","Arizona","5/2/20","314","193","04001","61.46"
"Cochise","0","39","Arizona","5/2/20","36","3","04003","8.33"
"Coconino","16","512","Arizona","5/2/20","402","110","04005","27.36"
"Gila","0","14","Arizona","5/2/20","11","3","04007","27.27"
"Graham","2","17","Arizona","5/2/20","6","11","04009","183.33"
"Greenlee","0","2","Arizona","5/2/20","2","0","04011","0"
"La Paz","1","14","Arizona","5/2/20","7","7","04012","100"
"Maricopa","170","4421","Arizona","5/2/20","3234","1187","04013","36.7"
"Mohave","7","127","Arizona","5/2/20","81","46","04015","56.79"
"Navajo","22","766","Arizona","5/2/20","612","154","04017","25.16"
"Pima","30","1300","Arizona","5/2/20","1090","210","04019","19.27"
"Pinal","15","435","Arizona","5/2/20","332","103","04021","31.02"
"Santa Cruz","1","34","Arizona","5/2/20","30","4","04023","13.33"
"Yavapai","2","87","Arizona","5/2/20","76","11","04025","14.47"
"Yuma","5","89","Arizona","5/2/20","53","36","04027","67.92"
"Arkansas","0","2","Arkansas","5/2/20","2","0","05001","0"
"Ashley","0","16","Arkansas","5/2/20","13","3","05003","23.08"
"Baxter","0","5","Arkansas","5/2/20","5","0","05005","0"
"Benton","5","112","Arkansas","5/2/20","79","33","05007","41.77"
"Boone","0","4","Arkansas","5/2/20","4","0","05009","0"
"Bradley","1","11","Arkansas","5/2/20","7","4","05011","57.14"
"Carroll","0","6","Arkansas","5/2/20","4","2","05015","50"
"Chicot","0","9","Arkansas","5/2/20","8","1","05017","12.5"
"Clark","0","31","Arkansas","5/2/20","29","2","05019","6.9"
"Clay","0","3","Arkansas","5/2/20","2","1","05021","50"
"Cleburne","0","73","Arkansas","5/2/20","72","1","05023","1.39"
"Cleveland","0","11","Arkansas","5/2/20","9","2","05025","22.22"
"Columbia","1","13","Arkansas","5/2/20","6","7","05027","116.67"
"Conway","0","13","Arkansas","5/2/20","10","3","05029","30"
"Craighead","3","81","Arkansas","5/2/20","62","19","05031","30.65"
"Crawford","0","5","Arkansas","5/2/20","4","1","05033","25"
"Crittenden","3","193","Arkansas","5/2/20","169","24","05035","14.2"
"Cross","1","21","Arkansas","5/2/20","11","10","05037","90.91"
"Dallas","0","1","Arkansas","5/2/20","1","0","05039","0"
"Desha","0","16","Arkansas","5/2/20","16","0","05041","0"
"Drew","0","15","Arkansas","5/2/20","13","2","05043","15.38"
"Faulkner","1","76","Arkansas","5/2/20","70","6","05045","8.57"
"Franklin","0","2","Arkansas","5/2/20","1","1","05047","100"
"Fulton","0","1","Arkansas","5/2/20","1","0","05049","0"
"Garland","1","117","Arkansas","5/2/20","111","6","05051","5.41"
"Grant","0","14","Arkansas","5/2/20","11","3","05053","27.27"
"Greene","0","16","Arkansas","5/2/20","14","2","05055","14.29"
"Hempstead","0","6","Arkansas","5/2/20","5","1","05057","20"
"Hot Spring","1","19","Arkansas","5/2/20","9","10","05059","111.11"
"Howard","0","13","Arkansas","5/2/20","13","0","05061","0"
"Independence","0","10","Arkansas","5/2/20","9","1","05063","11.11"
"Izard","0","6","Arkansas","5/2/20","3","3","05065","100"
"Jackson","0","1","Arkansas","5/2/20","1","0","05067","0"
"Jefferson","4","178","Arkansas","5/2/20","149","29","05069","19.46"
"Johnson","1","31","Arkansas","5/2/20","26","5","05071","19.23"
"Lafayette","0","8","Arkansas","5/2/20","6","2","05073","33.33"
"Lawrence","3","60","Arkansas","5/2/20","41","19","05075","46.34"
"Lee","0","3","Arkansas","5/2/20","3","0","05077","0"
"Lincoln","14","817","Arkansas","5/2/20","721","96","05079","13.31"
"Logan","0","3","Arkansas","5/2/20","3","0","05083","0"
"Lonoke","1","41","Arkansas","5/2/20","33","8","05085","24.24"
"Madison","0","1","Arkansas","5/2/20","1","0","05087","0"
"Marion","0","1","Arkansas","5/2/20","1","0","05089","0"
"Miller","0","34","Arkansas","5/2/20","32","2","05091","6.25"
"Mississippi","1","20","Arkansas","5/2/20","11","9","05093","81.82"
"Monroe","0","4","Arkansas","5/2/20","4","0","05095","0"
"Montgomery","0","1","Arkansas","5/2/20","0","1","05097","1"
"Nevada","0","1","Arkansas","5/2/20","1","0","05099","0"
"Newton","0","3","Arkansas","5/2/20","3","0","05101","0"
"Ouachita","0","7","Arkansas","5/2/20","5","2","05103","40"
"Perry","0","7","Arkansas","5/2/20","6","1","05105","16.67"
"Phillips","0","5","Arkansas","5/2/20","4","1","05107","25"
"Pike","0","3","Arkansas","5/2/20","3","0","05109","0"
"Poinsett","1","23","Arkansas","5/2/20","14","9","05111","64.29"
"Polk","0","7","Arkansas","5/2/20","7","0","05113","0"
"Pope","1","44","Arkansas","5/2/20","37","7","05115","18.92"
"Prairie","0","2","Arkansas","5/2/20","2","0","05117","0"
"Pulaski","10","539","Arkansas","5/2/20","471","68","05119","14.44"
"Randolph","0","18","Arkansas","5/2/20","15","3","05121","20"
"Saline","2","67","Arkansas","5/2/20","54","13","05125","24.07"
"Scott","0","1","Arkansas","5/2/20","1","0","05127","0"
"Searcy","0","6","Arkansas","5/2/20","6","0","05129","0"
"Sebastian","0","13","Arkansas","5/2/20","12","1","05131","8.33"
"Sevier","0","12","Arkansas","5/2/20","11","1","05133","9.09"
"Sharp","1","9","Arkansas","5/2/20","2","7","05135","350"
"St. Francis","2","87","Arkansas","5/2/20","75","12","05123","16"
"Stone","0","8","Arkansas","5/2/20","7","1","05137","14.29"
"Union","3","54","Arkansas","5/2/20","32","22","05139","68.75"
"Van Buren","0","28","Arkansas","5/2/20","27","1","05141","3.7"
"Washington","2","87","Arkansas","5/2/20","74","13","05143","17.57"
"White","0","34","Arkansas","5/2/20","31","3","05145","9.68"
"Woodruff","0","1","Arkansas","5/2/20","1","0","05147","0"
"Yell","0","4","Arkansas","5/2/20","3","1","05149","33.33"
"Alameda","38","1706","California","5/2/20","1439","267","06001","18.55"
"Alpine","0","2","California","5/2/20","2","0","06003","0"
"Amador","0","8","California","5/2/20","8","0","06005","0"
"Butte","0","16","California","5/2/20","16","0","06007","0"
"Calaveras","0","13","California","5/2/20","13","0","06009","0"
"Colusa","0","3","California","5/2/20","3","0","06011","0"
"Contra Costa","18","934","California","5/2/20","805","129","06013","16.02"
"Del Norte","0","3","California","5/2/20","2","1","06015","50"
"El Dorado","1","47","California","5/2/20","42","5","06017","11.9"
"Fresno","25","615","California","5/2/20","443","172","06019","38.83"
"Glenn","0","5","California","5/2/20","5","0","06021","0"
"Humboldt","0","54","California","5/2/20","53","1","06023","1.89"
"Imperial","15","358","California","5/2/20","251","107","06025","42.63"
"Inyo","0","19","California","5/2/20","19","0","06027","0"
"Kern","31","969","California","5/2/20","755","214","06029","28.34"
"Kings","14","146","California","5/2/20","47","99","06031","210.64"
"Lake","0","7","California","5/2/20","6","1","06033","16.67"
"Los Angeles","823","24894","California","5/2/20","19133","5761","06037","30.11"
"Madera","1","46","California","5/2/20","39","7","06039","17.95"
"Marin","4","239","California","5/2/20","212","27","06041","12.74"
"Mariposa","2","13","California","5/2/20","0","13","06043","1"
"Mendocino","0","12","California","5/2/20","11","1","06045","9.09"
"Merced","5","140","California","5/2/20","102","38","06047","37.25"
"Mono","0","26","California","5/2/20","24","2","06051","8.33"
"Monterey","8","222","California","5/2/20","169","53","06053","31.36"
"Napa","1","70","California","5/2/20","60","10","06055","16.67"
"Nevada","1","41","California","5/2/20","37","4","06057","10.81"
"Orange","95","2636","California","5/2/20","1969","667","06059","33.88"
"Placer","3","159","California","5/2/20","139","20","06061","14.39"
"Plumas","0","4","California","5/2/20","4","0","06063","0"
"Riverside","109","4079","California","5/2/20","3315","764","06065","23.05"
"Sacramento","13","1107","California","5/2/20","1019","88","06067","8.64"
"San Benito","1","51","California","5/2/20","47","4","06069","8.51"
"San Bernardino","74","2182","California","5/2/20","1666","516","06071","30.97"
"San Diego","110","3711","California","5/2/20","2943","768","06073","26.1"
"San Francisco","27","1543","California","5/2/20","1354","189","06075","13.96"
"San Joaquin","8","560","California","5/2/20","505","55","06077","10.89"
"San Luis Obispo","4","196","California","5/2/20","165","31","06079","18.79"
"San Mateo","31","1233","California","5/2/20","1019","214","06081","21"
"Santa Barbara","5","506","California","5/2/20","469","37","06083","7.89"
"Santa Clara","24","2205","California","5/2/20","2040","165","06085","8.09"
"Santa Cruz","3","134","California","5/2/20","115","19","06087","16.52"
"Shasta","0","31","California","5/2/20","30","1","06089","3.33"
"Siskiyou","0","5","California","5/2/20","5","0","06093","0"
"Solano","10","266","California","5/2/20","199","67","06095","33.67"
"Sonoma","4","248","California","5/2/20","217","31","06097","14.29"
"Stanislaus","17","380","California","5/2/20","264","116","06099","43.94"
"Sutter","-2","31","California","5/2/20","44","-13","06101","-29.55"
"Tehama","0","1","California","5/2/20","1","0","06103","0"
"Tulare","33","720","California","5/2/20","491","229","06107","46.64"
"Tuolumne","0","4","California","5/2/20","3","1","06109","33.33"
"Ventura","12","559","California","5/2/20","476","83","06111","17.44"
"Yolo","2","169","California","5/2/20","157","12","06113","7.64"
"Yuba","0","19","California","5/2/20","16","3","06115","18.75"
"Adams","61","1730","Colorado","5/2/20","1302","428","08001","32.87"
"Alamosa","0","11","Colorado","5/2/20","10","1","08003","10"
"Arapahoe","77","2625","Colorado","5/2/20","2083","542","08005","26.02"
"Archuleta","0","8","Colorado","5/2/20","8","0","08007","0"
"Baca","0","10","Colorado","5/2/20","10","0","08009","0"
"Boulder","21","646","Colorado","5/2/20","497","149","08013","29.98"
"Broomfield","4","163","Colorado","5/2/20","135","28","08014","20.74"
"Chaffee","0","67","Colorado","5/2/20","66","1","08015","1.52"
"Clear Creek","0","13","Colorado","5/2/20","13","0","08019","0"
"Costilla","0","3","Colorado","5/2/20","3","0","08023","0"
"Crowley","0","3","Colorado","5/2/20","2","1","08025","50"
"Custer","0","2","Colorado","5/2/20","2","0","08027","0"
"Delta","3","48","Colorado","5/2/20","26","22","08029","84.62"
"Denver","105","3222","Colorado","5/2/20","2487","735","08031","29.55"
"Douglas","13","518","Colorado","5/2/20","425","93","08035","21.88"
"Eagle","5","546","Colorado","5/2/20","512","34","08037","6.64"
"El Paso","18","988","Colorado","5/2/20","862","126","08041","14.62"
"Elbert","1","31","Colorado","5/2/20","27","4","08039","14.81"
"Fremont","0","22","Colorado","5/2/20","20","2","08043","10"
"Garfield","2","95","Colorado","5/2/20","83","12","08045","14.46"
"Gilpin","0","1","Colorado","5/2/20","1","0","08047","0"
"Grand","0","5","Colorado","5/2/20","5","0","08049","0"
"Gunnison","2","165","Colorado","5/2/20","151","14","08051","9.27"
"Hinsdale","0","3","Colorado","5/2/20","3","0","08053","0"
"Huerfano","0","2","Colorado","5/2/20","2","0","08055","0"
"Jefferson","21","1384","Colorado","5/2/20","1236","148","08059","11.97"
"Kit Carson","0","21","Colorado","5/2/20","19","2","08063","10.53"
"La Plata","1","63","Colorado","5/2/20","59","4","08067","6.78"
"Lake","1","20","Colorado","5/2/20","16","4","08065","25"
"Larimer","12","384","Colorado","5/2/20","303","81","08069","26.73"
"Las Animas","0","3","Colorado","5/2/20","3","0","08071","0"
"Lincoln","0","3","Colorado","5/2/20","4","-1","08073","-25"
"Logan","11","288","Colorado","5/2/20","213","75","08075","35.21"
"Mesa","1","47","Colorado","5/2/20","38","9","08077","23.68"
"Mineral","0","2","Colorado","5/2/20","2","0","08079","0"
"Moffat","0","6","Colorado","5/2/20","6","0","08081","0"
"Montezuma","0","16","Colorado","5/2/20","15","1","08083","6.67"
"Montrose","2","102","Colorado","5/2/20","87","15","08085","17.24"
"Morgan","21","395","Colorado","5/2/20","249","146","08087","58.63"
"Otero","0","10","Colorado","5/2/20","8","2","08089","25"
"Ouray","0","5","Colorado","5/2/20","5","0","08091","0"
"Park","1","14","Colorado","5/2/20","7","7","08093","100"
"Phillips","0","5","Colorado","5/2/20","5","0","08095","0"
"Pitkin","-1","51","Colorado","5/2/20","59","-8","08097","-13.56"
"Prowers","0","1","Colorado","5/2/20","1","0","08099","0"
"Pueblo","4","150","Colorado","5/2/20","121","29","08101","23.97"
"Rio Blanco","0","1","Colorado","5/2/20","1","0","08103","0"
"Rio Grande","0","7","Colorado","5/2/20","7","0","08105","0"
"Routt","1","56","Colorado","5/2/20","52","4","08107","7.69"
"Saguache","0","3","Colorado","5/2/20","3","0","08109","0"
"San Miguel","0","19","Colorado","5/2/20","17","2","08113","11.76"
"Summit","6","136","Colorado","5/2/20","97","39","08117","40.21"
"Teller","0","28","Colorado","5/2/20","27","1","08119","3.7"
"Washington","0","8","Colorado","5/2/20","6","2","08121","33.33"
"Weld","58","1836","Colorado","5/2/20","1430","406","08123","28.39"
"Yuma","0","8","Colorado","5/2/20","6","2","08125","33.33"
"Fairfield","204","11801","Connecticut","5/2/20","10373","1428","09001","13.77"
"Hartford","193","6112","Connecticut","5/2/20","4761","1351","09003","28.38"
"Litchfield","29","1036","Connecticut","5/2/20","834","202","09005","24.22"
"Middlesex","19","707","Connecticut","5/2/20","576","131","09007","22.74"
"New Haven","216","8024","Connecticut","5/2/20","6509","1515","09009","23.28"
"New London","21","623","Connecticut","5/2/20","473","150","09011","31.71"
"Tolland","11","461","Connecticut","5/2/20","384","77","09013","20.05"
"Windham","9","211","Connecticut","5/2/20","151","60","09015","39.74"
"Kent","31","793","Delaware","5/2/20","579","214","10001","36.96"
"New Castle","51","1864","Delaware","5/2/20","1504","360","10003","23.94"
"Sussex","124","2359","Delaware","5/2/20","1490","869","10005","58.32"
"","0","49","Diamond Princess","5/2/20","49","0",,"0"
"District of Columbia","157","4797","District of Columbia","5/2/20","3699","1098","11001","29.68"
"Alachua","4","275","Florida","5/2/20","245","30","12001","12.24"
"Baker","0","22","Florida","5/2/20","20","2","12003","10"
"Bay","2","75","Florida","5/2/20","63","12","12005","19.05"
"Bradford","1","48","Florida","5/2/20","42","6","12007","14.29"
"Brevard","7","297","Florida","5/2/20","250","47","12009","18.8"
"Broward","85","5257","Florida","5/2/20","4659","598","12011","12.84"
"Calhoun","1","14","Florida","5/2/20","6","8","12013","133.33"
"Charlotte","6","244","Florida","5/2/20","202","42","12015","20.79"
"Citrus","1","99","Florida","5/2/20","95","4","12017","4.21"
"Clay","2","278","Florida","5/2/20","267","11","12019","4.12"
"Collier","13","628","Florida","5/2/20","535","93","12021","17.38"
"Columbia","3","68","Florida","5/2/20","47","21","12023","44.68"
"DeSoto","1","31","Florida","5/2/20","24","7","12027","29.17"
"Dixie","0","7","Florida","5/2/20","6","1","12029","16.67"
"Duval","10","1038","Florida","5/2/20","965","73","12031","7.56"
"Escambia","14","538","Florida","5/2/20","442","96","12033","21.72"
"Flagler","3","138","Florida","5/2/20","116","22","12035","18.97"
"Franklin","0","2","Florida","5/2/20","2","0","12037","0"
"Gadsden","4","105","Florida","5/2/20","80","25","12039","31.25"
"Gilchrist","0","5","Florida","5/2/20","4","1","12041","25"
"Glades","0","6","Florida","5/2/20","5","1","12043","20"
"Gulf","0","1","Florida","5/2/20","1","0","12045","0"
"Hamilton","0","7","Florida","5/2/20","6","1","12047","16.67"
"Hardee","3","29","Florida","5/2/20","10","19","12049","190"
"Hendry","5","96","Florida","5/2/20","64","32","12051","50"
"Hernando","0","92","Florida","5/2/20","89","3","12053","3.37"
"Highlands","1","86","Florida","5/2/20","76","10","12055","13.16"
"Hillsborough","28","1240","Florida","5/2/20","1041","199","12057","19.12"
"Holmes","0","10","Florida","5/2/20","9","1","12059","11.11"
"Indian River","0","92","Florida","5/2/20","89","3","12061","3.37"
"Jackson","0","14","Florida","5/2/20","13","1","12063","7.69"
"Jefferson","0","28","Florida","5/2/20","27","1","12065","3.7"
"Lafayette","0","2","Florida","5/2/20","1","1","12067","100"
"Lake","2","234","Florida","5/2/20","221","13","12069","5.88"
"Lee","20","1085","Florida","5/2/20","944","141","12071","14.94"
"Leon","4","233","Florida","5/2/20","208","25","12073","12.02"
"Levy","1","19","Florida","5/2/20","13","6","12075","46.15"
"Liberty","1","8","Florida","5/2/20","2","6","12077","300"
"Madison","2","58","Florida","5/2/20","41","17","12079","41.46"
"Manatee","16","607","Florida","5/2/20","497","110","12081","22.13"
"Marion","5","182","Florida","5/2/20","150","32","12083","21.33"
"Martin","4","199","Florida","5/2/20","169","30","12085","17.75"
"Miami-Dade","232","12632","Florida","5/2/20","11005","1627","12086","14.78"
"Monroe","0","80","Florida","5/2/20","77","3","12087","3.9"
"Nassau","1","58","Florida","5/2/20","50","8","12089","16"
"Okaloosa","1","158","Florida","5/2/20","149","9","12091","6.04"
"Okeechobee","1","13","Florida","5/2/20","9","4","12093","44.44"
"Orange","17","1422","Florida","5/2/20","1304","118","12095","9.05"
"Osceola","6","504","Florida","5/2/20","463","41","12097","8.86"
"Palm Beach","67","3080","Florida","5/2/20","2614","466","12099","17.83"
"Pasco","6","275","Florida","5/2/20","233","42","12101","18.03"
"Pinellas","11","757","Florida","5/2/20","677","80","12103","11.82"
"Polk","16","514","Florida","5/2/20","400","114","12105","28.5"
"Putnam","5","117","Florida","5/2/20","83","34","12107","40.96"
"Santa Rosa","1","157","Florida","5/2/20","147","10","12113","6.8"
"Sarasota","8","372","Florida","5/2/20","318","54","12115","16.98"
"Seminole","6","395","Florida","5/2/20","351","44","12117","12.54"
"St. Johns","1","212","Florida","5/2/20","203","9","12109","4.43"
"St. Lucie","4","254","Florida","5/2/20","225","29","12111","12.89"
"Sumter","7","221","Florida","5/2/20","169","52","12119","30.77"
"Suwannee","5","141","Florida","5/2/20","109","32","12121","29.36"
"Taylor","0","3","Florida","5/2/20","3","0","12123","0"
"Union","0","5","Florida","5/2/20","4","1","12125","25"
"Volusia","11","509","Florida","5/2/20","432","77","12127","17.82"
"Wakulla","0","23","Florida","5/2/20","20","3","12129","15"
"Walton","1","43","Florida","5/2/20","35","8","12131","22.86"
"Washington","0","12","Florida","5/2/20","12","0","12133","0"
"Appling","3","72","Georgia","5/2/20","54","18","13001","33.33"
"Atkinson","1","11","Georgia","5/2/20","7","4","13003","57.14"
"Bacon","1","26","Georgia","5/2/20","21","5","13005","23.81"
"Baker","1","23","Georgia","5/2/20","19","4","13007","21.05"
"Baldwin","7","229","Georgia","5/2/20","180","49","13009","27.22"
"Banks","2","31","Georgia","5/2/20","18","13","13011","72.22"
"Barrow","6","155","Georgia","5/2/20","111","44","13013","39.64"
"Bartow","6","324","Georgia","5/2/20","283","41","13015","14.49"
"Ben Hill","1","28","Georgia","5/2/20","23","5","13017","21.74"
"Berrien","0","17","Georgia","5/2/20","16","1","13019","6.25"
"Bibb","10","319","Georgia","5/2/20","247","72","13021","29.15"
"Bleckley","2","20","Georgia","5/2/20","9","11","13023","122.22"
"Brantley","0","23","Georgia","5/2/20","21","2","13025","9.52"
"Brooks","3","59","Georgia","5/2/20","39","20","13027","51.28"
"Bryan","1","54","Georgia","5/2/20","47","7","13029","14.89"
"Bulloch","1","42","Georgia","5/2/20","34","8","13031","23.53"
"Burke","2","86","Georgia","5/2/20","71","15","13033","21.13"
"Butts","4","151","Georgia","5/2/20","125","26","13035","20.8"
"Calhoun","2","103","Georgia","5/2/20","86","17","13037","19.77"
"Camden","1","34","Georgia","5/2/20","28","6","13039","21.43"
"Candler","0","7","Georgia","5/2/20","7","0","13043","0"
"Carroll","8","383","Georgia","5/2/20","325","58","13045","17.85"
"Catoosa","1","51","Georgia","5/2/20","46","5","13047","10.87"
"Charlton","1","11","Georgia","5/2/20","7","4","13049","57.14"
"Chatham","3","230","Georgia","5/2/20","206","24","13051","11.65"
"Chattahoochee","1","12","Georgia","5/2/20","8","4","13053","50"
"Chattooga","0","16","Georgia","5/2/20","13","3","13055","23.08"
"Cherokee","16","482","Georgia","5/2/20","371","111","13057","29.92"
"Clarke","4","156","Georgia","5/2/20","127","29","13059","22.83"
"Clay","1","25","Georgia","5/2/20","20","5","13061","25"
"Clayton","19","777","Georgia","5/2/20","642","135","13063","21.03"
"Clinch","0","9","Georgia","5/2/20","7","2","13065","28.57"
"Cobb","51","1749","Georgia","5/2/20","1395","354","13067","25.38"
"Coffee","6","144","Georgia","5/2/20","103","41","13069","39.81"
"Colquitt","3","188","Georgia","5/2/20","166","22","13071","13.25"
"Columbia","4","163","Georgia","5/2/20","138","25","13073","18.12"
"Cook","1","25","Georgia","5/2/20","16","9","13075","56.25"
"Coweta","4","213","Georgia","5/2/20","187","26","13077","13.9"
"Crawford","1","18","Georgia","5/2/20","14","4","13079","28.57"
"Crisp","2","167","Georgia","5/2/20","151","16","13081","10.6"
"Dade","0","16","Georgia","5/2/20","16","0","13083","0"
"Dawson","2","66","Georgia","5/2/20","51","15","13085","29.41"
"Decatur","4","90","Georgia","5/2/20","60","30","13087","50"
"DeKalb","51","2148","Georgia","5/2/20","1788","360","13089","20.13"
"Dodge","1","29","Georgia","5/2/20","23","6","13091","26.09"
"Dooly","3","131","Georgia","5/2/20","108","23","13093","21.3"
"Dougherty","9","1534","Georgia","5/2/20","1470","64","13095","4.35"
"Douglas","8","335","Georgia","5/2/20","276","59","13097","21.38"
"Early","3","214","Georgia","5/2/20","194","20","13099","10.31"
"Echols","0","5","Georgia","5/2/20","5","0","13101","0"
"Effingham","0","36","Georgia","5/2/20","34","2","13103","5.88"
"Elbert","2","27","Georgia","5/2/20","16","11","13105","68.75"
"Emanuel","0","21","Georgia","5/2/20","19","2","13107","10.53"
"Evans","0","5","Georgia","5/2/20","4","1","13109","25"
"Fannin","1","31","Georgia","5/2/20","21","10","13111","47.62"
"Fayette","3","181","Georgia","5/2/20","161","20","13113","12.42"
"Floyd","2","145","Georgia","5/2/20","133","12","13115","9.02"
"Forsyth","12","331","Georgia","5/2/20","249","82","13117","32.93"
"Franklin","0","20","Georgia","5/2/20","17","3","13119","17.65"
"Fulton","55","2928","Georgia","5/2/20","2543","385","13121","15.14"
"Gilmer","5","73","Georgia","5/2/20","36","37","13123","102.78"
"Glynn","1","59","Georgia","5/2/20","51","8","13127","15.69"
"Gordon","5","113","Georgia","5/2/20","81","32","13129","39.51"
"Grady","2","64","Georgia","5/2/20","48","16","13131","33.33"
"Greene","0","56","Georgia","5/2/20","53","3","13133","5.66"
"Gwinnett","68","1934","Georgia","5/2/20","1460","474","13135","32.47"
"Habersham","25","344","Georgia","5/2/20","170","174","13137","102.35"
"Hall","95","1694","Georgia","5/2/20","1032","662","13139","64.15"
"Hancock","6","58","Georgia","5/2/20","17","41","13141","241.18"
"Haralson","0","29","Georgia","5/2/20","26","3","13143","11.54"
"Harris","1","61","Georgia","5/2/20","55","6","13145","10.91"
"Hart","1","11","Georgia","5/2/20","6","5","13147","83.33"
"Heard","0","11","Georgia","5/2/20","9","2","13149","22.22"
"Henry","11","512","Georgia","5/2/20","436","76","13151","17.43"
"Houston","4","237","Georgia","5/2/20","206","31","13153","15.05"
"Irwin","0","16","Georgia","5/2/20","15","1","13155","6.67"
"Jackson","5","108","Georgia","5/2/20","75","33","13157","44"
"Jasper","0","23","Georgia","5/2/20","20","3","13159","15"
"Jeff Davis","1","20","Georgia","5/2/20","11","9","13161","81.82"
"Jefferson","0","15","Georgia","5/2/20","13","2","13163","15.38"
"Jenkins","0","16","Georgia","5/2/20","16","0","13165","0"
"Johnson","3","59","Georgia","5/2/20","36","23","13167","63.89"
"Jones","0","29","Georgia","5/2/20","26","3","13169","11.54"
"Lamar","1","40","Georgia","5/2/20","33","7","13171","21.21"
"Lanier","0","9","Georgia","5/2/20","8","1","13173","12.5"
"Laurens","2","64","Georgia","5/2/20","52","12","13175","23.08"
"Lee","4","327","Georgia","5/2/20","299","28","13177","9.36"
"Liberty","0","37","Georgia","5/2/20","35","2","13179","5.71"
"Lincoln","0","12","Georgia","5/2/20","10","2","13181","20"
"Long","0","5","Georgia","5/2/20","3","2","13183","66.67"
"Lowndes","4","158","Georgia","5/2/20","131","27","13185","20.61"
"Lumpkin","5","63","Georgia","5/2/20","29","34","13187","117.24"
"Macon","2","81","Georgia","5/2/20","68","13","13193","19.12"
"Madison","0","24","Georgia","5/2/20","23","1","13195","4.35"
"Marion","1","42","Georgia","5/2/20","38","4","13197","10.53"
"McDuffie","0","45","Georgia","5/2/20","43","2","13189","4.65"
"McIntosh","0","6","Georgia","5/2/20","4","2","13191","50"
"Meriwether","1","54","Georgia","5/2/20","49","5","13199","10.2"
"Miller","1","33","Georgia","5/2/20","28","5","13201","17.86"
"Mitchell","4","319","Georgia","5/2/20","288","31","13205","10.76"
"Monroe","1","24","Georgia","5/2/20","19","5","13207","26.32"
"Montgomery","0","2","Georgia","5/2/20","2","0","13209","0"
"Morgan","0","27","Georgia","5/2/20","25","2","13211","8"
"Murray","1","33","Georgia","5/2/20","24","9","13213","37.5"
"Muscogee","7","320","Georgia","5/2/20","270","50","13215","18.52"
"Newton","6","205","Georgia","5/2/20","166","39","13217","23.49"
"Oconee","1","65","Georgia","5/2/20","55","10","13219","18.18"
"Oglethorpe","0","50","Georgia","5/2/20","48","2","13221","4.17"
"Out of GA","10","1062","Georgia","5/2/20","991","71","80013","7.16"
"Paulding","5","194","Georgia","5/2/20","159","35","13223","22.01"
"Peach","3","56","Georgia","5/2/20","37","19","13225","51.35"
"Pickens","1","27","Georgia","5/2/20","20","7","13227","35"
"Pierce","0","53","Georgia","5/2/20","52","1","13229","1.92"
"Pike","0","40","Georgia","5/2/20","39","1","13231","2.56"
"Polk","2","59","Georgia","5/2/20","45","14","13233","31.11"
"Pulaski","2","31","Georgia","5/2/20","20","11","13235","55"
"Putnam","2","42","Georgia","5/2/20","31","11","13237","35.48"
"Quitman","0","5","Georgia","5/2/20","3","2","13239","66.67"
"Rabun","1","13","Georgia","5/2/20","9","4","13241","44.44"
"Randolph","1","163","Georgia","5/2/20","153","10","13243","6.54"
"Richmond","9","415","Georgia","5/2/20","355","60","13245","16.9"
"Rockdale","5","194","Georgia","5/2/20","162","32","13247","19.75"
"Schley","0","16","Georgia","5/2/20","16","0","13249","0"
"Screven","0","15","Georgia","5/2/20","14","1","13251","7.14"
"Seminole","0","30","Georgia","5/2/20","27","3","13253","11.11"
"Spalding","4","215","Georgia","5/2/20","189","26","13255","13.76"
"Stephens","4","87","Georgia","5/2/20","56","31","13257","55.36"
"Stewart","1","25","Georgia","5/2/20","17","8","13259","47.06"
"Sumter","5","385","Georgia","5/2/20","350","35","13261","10"
"Talbot","1","26","Georgia","5/2/20","21","5","13263","23.81"
"Tattnall","0","9","Georgia","5/2/20","6","3","13267","50"
"Taylor","0","18","Georgia","5/2/20","16","2","13269","12.5"
"Telfair","0","28","Georgia","5/2/20","26","2","13271","7.69"
"Terrell","3","185","Georgia","5/2/20","165","20","13273","12.12"
"Thomas","5","191","Georgia","5/2/20","157","34","13275","21.66"
"Tift","4","126","Georgia","5/2/20","100","26","13277","26"
"Toombs","1","32","Georgia","5/2/20","27","5","13279","18.52"
"Towns","0","20","Georgia","5/2/20","20","0","13281","0"
"Treutlen","0","3","Georgia","5/2/20","2","1","13283","50"
"Troup","5","154","Georgia","5/2/20","122","32","13285","26.23"
"Turner","1","69","Georgia","5/2/20","62","7","13287","11.29"
"Twiggs","0","8","Georgia","5/2/20","8","0","13289","0"
"Union","0","31","Georgia","5/2/20","28","3","13291","10.71"
"Upson","4","225","Georgia","5/2/20","196","29","13293","14.8"
"Walker","0","60","Georgia","5/2/20","59","1","13295","1.69"
"Walton","5","132","Georgia","5/2/20","97","35","13297","36.08"
"Ware","3","129","Georgia","5/2/20","105","24","13299","22.86"
"Warren","0","13","Georgia","5/2/20","12","1","13301","8.33"
"Washington","1","44","Georgia","5/2/20","34","10","13303","29.41"
"Wayne","0","13","Georgia","5/2/20","11","2","13305","18.18"
"Webster","0","10","Georgia","5/2/20","7","3","13307","42.86"
"Wheeler","0","5","Georgia","5/2/20","3","2","13309","66.67"
"White","6","78","Georgia","5/2/20","38","40","13311","105.26"
"Whitfield","8","118","Georgia","5/2/20","63","55","13313","87.3"
"Wilcox","3","90","Georgia","5/2/20","68","22","13315","32.35"
"Wilkes","0","25","Georgia","5/2/20","22","3","13317","13.64"
"Wilkinson","1","35","Georgia","5/2/20","30","5","13319","16.67"
"Worth","3","162","Georgia","5/2/20","140","22","13321","15.71"
"","0","103","Grand Princess","5/2/20","103","0",,"0"
"","1","145","Guam","5/2/20","141","4",,"2.84"
"Hawaii","1","73","Hawaii","5/2/20","69","4","15001","5.8"
"Honolulu","1","400","Hawaii","5/2/20","395","5","15003","1.27"
"Kauai","0","21","Hawaii","5/2/20","21","0","15007","0"
"Maui","1","117","Hawaii","5/2/20","113","4","15009","3.54"
"Out of HI","0","9","Hawaii","5/2/20","7","2","80015","28.57"
"Ada","8","705","Idaho","5/2/20","650","55","16001","8.46"
"Adams","0","3","Idaho","5/2/20","3","0","16003","0"
"Bannock","0","11","Idaho","5/2/20","8","3","16005","37.5"
"Bingham","0","4","Idaho","5/2/20","3","1","16011","33.33"
"Blaine","1","497","Idaho","5/2/20","490","7","16013","1.43"
"Bonner","0","4","Idaho","5/2/20","4","0","16017","0"
"Bonneville","0","28","Idaho","5/2/20","28","0","16019","0"
"Camas","0","1","Idaho","5/2/20","1","0","16025","0"
"Canyon","4","258","Idaho","5/2/20","231","27","16027","11.69"
"Caribou","0","1","Idaho","5/2/20","1","0","16029","0"
"Cassia","0","13","Idaho","5/2/20","12","1","16031","8.33"
"Custer","0","2","Idaho","5/2/20","2","0","16037","0"
"Elmore","0","30","Idaho","5/2/20","29","1","16039","3.45"
"Fremont","0","2","Idaho","5/2/20","2","0","16043","0"
"Gem","0","13","Idaho","5/2/20","12","1","16045","8.33"
"Gooding","0","12","Idaho","5/2/20","9","3","16047","33.33"
"Idaho","0","3","Idaho","5/2/20","3","0","16049","0"
"Jefferson","0","5","Idaho","5/2/20","5","0","16051","0"
"Jerome","1","55","Idaho","5/2/20","46","9","16053","19.57"
"Kootenai","0","62","Idaho","5/2/20","59","3","16055","5.08"
"Latah","0","5","Idaho","5/2/20","4","1","16057","25"
"Lemhi","0","1","Idaho","5/2/20","1","0","16059","0"
"Lincoln","1","29","Idaho","5/2/20","22","7","16063","31.82"
"Madison","1","12","Idaho","5/2/20","8","4","16065","50"
"Minidoka","0","11","Idaho","5/2/20","10","1","16067","10"
"Nez Perce","0","60","Idaho","5/2/20","58","2","16069","3.45"
"Owyhee","0","8","Idaho","5/2/20","8","0","16073","0"
"Payette","0","16","Idaho","5/2/20","13","3","16075","23.08"
"Power","0","2","Idaho","5/2/20","2","0","16077","0"
"Teton","0","9","Idaho","5/2/20","8","1","16081","12.5"
"Twin Falls","6","196","Idaho","5/2/20","152","44","16083","28.95"
"Valley","0","2","Idaho","5/2/20","2","0","16085","0"
"Washington","0","1","Idaho","5/2/20","1","0","16087","0"
"Adams","1","40","Illinois","5/2/20","32","8","17001","25"
"Alexander","0","4","Illinois","5/2/20","2","2","17003","100"
"Bond","0","6","Illinois","5/2/20","5","1","17005","20"
"Boone","8","129","Illinois","5/2/20","71","58","17007","81.69"
"Brown","0","1","Illinois","5/2/20","0","1","17009","1"
"Bureau","0","11","Illinois","5/2/20","9","2","17011","22.22"
"Calhoun","0","1","Illinois","5/2/20","1","0","17013","0"
"Carroll","0","9","Illinois","5/2/20","9","0","17015","0"
"Cass","3","40","Illinois","5/2/20","21","19","17017","90.48"
"Champaign","8","156","Illinois","5/2/20","102","54","17019","52.94"
"Christian","0","28","Illinois","5/2/20","28","0","17021","0"
"Clark","0","6","Illinois","5/2/20","4","2","17023","50"
"Clay","0","2","Illinois","5/2/20","2","0","17025","0"
"Clinton","4","110","Illinois","5/2/20","82","28","17027","34.15"
"Coles","0","22","Illinois","5/2/20","22","0","17029","0"
"Cook","1596","40227","Illinois","5/2/20","29058","11169","17031","38.44"
"Crawford","0","10","Illinois","5/2/20","10","0","17033","0"
"Cumberland","0","3","Illinois","5/2/20","3","0","17035","0"
"De Witt","0","3","Illinois","5/2/20","1","2","17039","200"
"DeKalb","6","114","Illinois","5/2/20","71","43","17037","60.56"
"Douglas","1","19","Illinois","5/2/20","12","7","17041","58.33"
"DuPage","160","3432","Illinois","5/2/20","2311","1121","17043","48.51"
"Effingham","0","6","Illinois","5/2/20","5","1","17049","20"
"Fayette","0","16","Illinois","5/2/20","16","0","17051","0"
"Ford","0","9","Illinois","5/2/20","8","1","17053","12.5"
"Franklin","0","9","Illinois","5/2/20","8","1","17055","12.5"
"Fulton","0","3","Illinois","5/2/20","2","1","17057","50"
"Gallatin","0","2","Illinois","5/2/20","2","0","17059","0"
"Greene","0","3","Illinois","5/2/20","2","1","17061","50"
"Grundy","2","41","Illinois","5/2/20","28","13","17063","46.43"
"Hamilton","0","2","Illinois","5/2/20","2","0","17065","0"
"Hancock","1","8","Illinois","5/2/20","4","4","17067","100"
"Hardin","0","1","Illinois","5/2/20","1","0","17069","0"
"Henderson","0","5","Illinois","5/2/20","4","1","17071","25"
"Henry","2","50","Illinois","5/2/20","36","14","17073","38.89"
"Iroquois","3","37","Illinois","5/2/20","16","21","17075","131.25"
"Jackson","10","125","Illinois","5/2/20","56","69","17077","123.21"
"Jasper","0","45","Illinois","5/2/20","42","3","17079","7.14"
"Jefferson","1","84","Illinois","5/2/20","80","4","17081","5"
"Jersey","0","13","Illinois","5/2/20","12","1","17083","8.33"
"Jo Daviess","0","13","Illinois","5/2/20","11","2","17085","18.18"
"Johnson","0","4","Illinois","5/2/20","3","1","17087","33.33"
"Kane","108","1803","Illinois","5/2/20","1049","754","17089","71.88"
"Kankakee","8","358","Illinois","5/2/20","299","59","17091","19.73"
"Kendall","13","291","Illinois","5/2/20","203","88","17093","43.35"
"Knox","3","51","Illinois","5/2/20","31","20","17095","64.52"
"Lake","157","3975","Illinois","5/2/20","2879","1096","17097","38.07"
"LaSalle","3","65","Illinois","5/2/20","43","22","17099","51.16"
"Lawrence","0","3","Illinois","5/2/20","3","0","17101","0"
"Lee","1","23","Illinois","5/2/20","19","4","17103","21.05"
"Livingston","0","21","Illinois","5/2/20","20","1","17105","5"
"Logan","0","7","Illinois","5/2/20","4","3","17107","75"
"Macon","3","119","Illinois","5/2/20","100","19","17115","19"
"Macoupin","1","32","Illinois","5/2/20","28","4","17117","14.29"
"Madison","8","337","Illinois","5/2/20","280","57","17119","20.36"
"Marion","1","34","Illinois","5/2/20","26","8","17121","30.77"
"Marshall","0","4","Illinois","5/2/20","4","0","17123","0"
"Mason","1","12","Illinois","5/2/20","6","6","17125","100"
"Massac","0","4","Illinois","5/2/20","3","1","17127","33.33"
"McDonough","3","26","Illinois","5/2/20","5","21","17109","420"
"McHenry","27","693","Illinois","5/2/20","502","191","17111","38.05"
"McLean","2","99","Illinois","5/2/20","88","11","17113","12.5"
"Menard","1","12","Illinois","5/2/20","4","8","17129","200"
"Mercer","0","8","Illinois","5/2/20","7","1","17131","14.29"
"Monroe","1","71","Illinois","5/2/20","63","8","17133","12.7"
"Montgomery","1","27","Illinois","5/2/20","23","4","17135","17.39"
"Morgan","1","24","Illinois","5/2/20","15","9","17137","60"
"Moultrie","0","5","Illinois","5/2/20","4","1","17139","25"
"Ogle","5","122","Illinois","5/2/20","85","37","17141","43.53"
"Peoria","6","101","Illinois","5/2/20","60","41","17143","68.33"
"Perry","3","31","Illinois","5/2/20","7","24","17145","342.86"
"Piatt","0","7","Illinois","5/2/20","7","0","17147","0"
"Pike","0","1","Illinois","5/2/20","1","0","17149","0"
"Pulaski","1","20","Illinois","5/2/20","15","5","17153","33.33"
"Randolph","12","166","Illinois","5/2/20","79","87","17157","110.13"
"Richland","0","3","Illinois","5/2/20","3","0","17159","0"
"Rock Island","17","412","Illinois","5/2/20","293","119","17161","40.61"
"Saline","0","3","Illinois","5/2/20","3","0","17165","0"
"Sangamon","16","207","Illinois","5/2/20","95","112","17167","117.89"
"Schuyler","0","1","Illinois","5/2/20","1","0","17169","0"
"Shelby","0","10","Illinois","5/2/20","9","1","17173","11.11"
"St. Clair","21","507","Illinois","5/2/20","363","144","17163","39.67"
"Stark","0","1","Illinois","5/2/20","1","0","17175","0"
"Stephenson","5","53","Illinois","5/2/20","16","37","17177","231.25"
"Tazewell","1","43","Illinois","5/2/20","36","7","17179","19.44"
"Union","2","21","Illinois","5/2/20","7","14","17181","200"
"Vermilion","1","18","Illinois","5/2/20","11","7","17183","63.64"
"Wabash","0","1","Illinois","5/2/20","1","0","17185","0"
"Warren","4","75","Illinois","5/2/20","44","31","17187","70.45"
"Washington","1","13","Illinois","5/2/20","7","6","17189","85.71"
"Wayne","0","2","Illinois","5/2/20","2","0","17191","0"
"White","0","2","Illinois","5/2/20","1","1","17193","100"
"Whiteside","5","92","Illinois","5/2/20","59","33","17195","55.93"
"Will","105","2796","Illinois","5/2/20","2060","736","17197","35.73"
"Williamson","1","32","Illinois","5/2/20","22","10","17199","45.45"
"Winnebago","31","521","Illinois","5/2/20","302","219","17201","72.52"
"Woodford","0","13","Illinois","5/2/20","11","2","17203","18.18"
"Adams","0","8","Indiana","5/2/20","7","1","18001","14.29"
"Allen","25","600","Indiana","5/2/20","427","173","18003","40.52"
"Bartholomew","10","266","Indiana","5/2/20","198","68","18005","34.34"
"Benton","0","9","Indiana","5/2/20","6","3","18007","50"
"Blackford","0","9","Indiana","5/2/20","7","2","18009","28.57"
"Boone","2","198","Indiana","5/2/20","182","16","18011","8.79"
"Brown","0","17","Indiana","5/2/20","15","2","18013","13.33"
"Carroll","2","25","Indiana","5/2/20","9","16","18015","177.78"
"Cass","130","1224","Indiana","5/2/20","315","909","18017","288.57"
"Clark","15","329","Indiana","5/2/20","223","106","18019","47.53"
"Clay","0","22","Indiana","5/2/20","19","3","18021","15.79"
"Clinton","2","47","Indiana","5/2/20","30","17","18023","56.67"
"Crawford","0","18","Indiana","5/2/20","16","2","18025","12.5"
"Daviess","1","50","Indiana","5/2/20","43","7","18027","16.28"
"Dearborn","5","119","Indiana","5/2/20","84","35","18029","41.67"
"Decatur","1","201","Indiana","5/2/20","194","7","18031","3.61"
"DeKalb","1","21","Indiana","5/2/20","15","6","18033","40"
"Delaware","8","198","Indiana","5/2/20","144","54","18035","37.5"
"Dubois","1","24","Indiana","5/2/20","17","7","18037","41.18"
"Elkhart","8","295","Indiana","5/2/20","238","57","18039","23.95"
"Fayette","0","28","Indiana","5/2/20","25","3","18041","12"
"Floyd","5","200","Indiana","5/2/20","163","37","18043","22.7"
"Fountain","0","12","Indiana","5/2/20","9","3","18045","33.33"
"Franklin","0","97","Indiana","5/2/20","94","3","18047","3.19"
"Fulton","3","31","Indiana","5/2/20","10","21","18049","210"
"Gibson","0","7","Indiana","5/2/20","6","1","18051","16.67"
"Grant","4","143","Indiana","5/2/20","113","30","18053","26.55"
"Greene","7","95","Indiana","5/2/20","46","49","18055","106.52"
"Hamilton","16","810","Indiana","5/2/20","699","111","18057","15.88"
"Hancock","7","229","Indiana","5/2/20","177","52","18059","29.38"
"Harrison","3","135","Indiana","5/2/20","115","20","18061","17.39"
"Hendricks","19","745","Indiana","5/2/20","611","134","18063","21.93"
"Henry","2","43","Indiana","5/2/20","32","11","18065","34.38"
"Howard","15","185","Indiana","5/2/20","83","102","18067","122.89"
"Huntington","1","10","Indiana","5/2/20","6","4","18069","66.67"
"Jackson","8","163","Indiana","5/2/20","108","55","18071","50.93"
"Jasper","0","33","Indiana","5/2/20","34","-1","18073","-2.94"
"Jay","1","16","Indiana","5/2/20","11","5","18075","45.45"
"Jefferson","1","30","Indiana","5/2/20","22","8","18077","36.36"
"Jennings","1","81","Indiana","5/2/20","71","10","18079","14.08"
"Johnson","20","668","Indiana","5/2/20","530","138","18081","26.04"
"Knox","0","20","Indiana","5/2/20","20","0","18083","0"
"Kosciusko","1","36","Indiana","5/2/20","27","9","18085","33.33"
"LaGrange","1","27","Indiana","5/2/20","21","6","18087","28.57"
"Lake","68","1993","Indiana","5/2/20","1515","478","18089","31.55"
"LaPorte","10","229","Indiana","5/2/20","156","73","18091","46.79"
"Lawrence","2","105","Indiana","5/2/20","92","13","18093","14.13"
"Madison","6","434","Indiana","5/2/20","395","39","18095","9.87"
"Marion","179","5983","Indiana","5/2/20","4727","1256","18097","26.57"
"Marshall","1","30","Indiana","5/2/20","26","4","18099","15.38"
"Martin","0","7","Indiana","5/2/20","7","0","18101","0"
"Miami","10","109","Indiana","5/2/20","42","67","18103","159.52"
"Monroe","1","130","Indiana","5/2/20","120","10","18105","8.33"
"Montgomery","9","96","Indiana","5/2/20","30","66","18107","220"
"Morgan","4","160","Indiana","5/2/20","133","27","18109","20.3"
"Newton","2","61","Indiana","5/2/20","44","17","18111","38.64"
"Noble","5","84","Indiana","5/2/20","51","33","18113","64.71"
"Ohio","0","4","Indiana","5/2/20","3","1","18115","33.33"
"Orange","7","104","Indiana","5/2/20","57","47","18117","82.46"
"Owen","0","24","Indiana","5/2/20","22","2","18119","9.09"
"Parke","0","12","Indiana","5/2/20","12","0","18121","0"
"Perry","1","11","Indiana","5/2/20","6","5","18123","83.33"
"Pike","0","2","Indiana","5/2/20","1","1","18125","100"
"Porter","6","250","Indiana","5/2/20","210","40","18127","19.05"
"Posey","0","12","Indiana","5/2/20","9","3","18129","33.33"
"Pulaski","2","26","Indiana","5/2/20","9","17","18131","188.89"
"Putnam","2","71","Indiana","5/2/20","58","13","18133","22.41"
"Randolph","0","15","Indiana","5/2/20","14","1","18135","7.14"
"Ripley","1","94","Indiana","5/2/20","89","5","18137","5.62"
"Rush","1","33","Indiana","5/2/20","28","5","18139","17.86"
"Scott","2","51","Indiana","5/2/20","36","15","18143","41.67"
"Shelby","6","218","Indiana","5/2/20","176","42","18145","23.86"
"Spencer","0","5","Indiana","5/2/20","5","0","18147","0"
"St. Joseph","13","645","Indiana","5/2/20","553","92","18141","16.64"
"Starke","0","16","Indiana","5/2/20","13","3","18149","23.08"
"Steuben","1","26","Indiana","5/2/20","21","5","18151","23.81"
"Sullivan","1","16","Indiana","5/2/20","12","4","18153","33.33"
"Switzerland","0","15","Indiana","5/2/20","14","1","18155","7.14"
"Tippecanoe","7","120","Indiana","5/2/20","71","49","18157","69.01"
"Tipton","0","20","Indiana","5/2/20","17","3","18159","17.65"
"Union","0","7","Indiana","5/2/20","7","0","18161","0"
"Vanderburgh","5","147","Indiana","5/2/20","113","34","18163","30.09"
"Vermillion","0","7","Indiana","5/2/20","7","0","18165","0"
"Vigo","1","67","Indiana","5/2/20","62","5","18167","8.06"
"Wabash","6","55","Indiana","5/2/20","12","43","18169","358.33"
"Warren","0","11","Indiana","5/2/20","11","0","18171","0"
"Warrick","3","101","Indiana","5/2/20","80","21","18173","26.25"
"Washington","1","44","Indiana","5/2/20","40","4","18175","10"
"Wayne","1","37","Indiana","5/2/20","31","6","18177","19.35"
"Wells","0","6","Indiana","5/2/20","6","0","18179","0"
"White","6","57","Indiana","5/2/20","18","39","18181","216.67"
"Whitley","1","21","Indiana","5/2/20","16","5","18183","31.25"
"Adair","0","1","Iowa","5/2/20","1","0","19001","0"
"Allamakee","5","93","Iowa","5/2/20","56","37","19005","66.07"
"Appanoose","0","3","Iowa","5/2/20","2","1","19007","50"
"Audubon","0","2","Iowa","5/2/20","1","1","19009","100"
"Benton","1","32","Iowa","5/2/20","26","6","19011","23.08"
"Black Hawk","81","1255","Iowa","5/2/20","691","564","19013","81.62"
"Boone","2","23","Iowa","5/2/20","6","17","19015","283.33"
"Bremer","2","52","Iowa","5/2/20","38","14","19017","36.84"
"Buchanan","1","19","Iowa","5/2/20","12","7","19019","58.33"
"Buena Vista","0","6","Iowa","5/2/20","3","3","19021","100"
"Butler","1","9","Iowa","5/2/20","4","5","19023","125"
"Calhoun","0","1","Iowa","5/2/20","0","1","19025","1"
"Carroll","0","3","Iowa","5/2/20","1","2","19027","200"
"Cass","0","1","Iowa","5/2/20","1","0","19029","0"
"Cedar","0","31","Iowa","5/2/20","28","3","19031","10.71"
"Cerro Gordo","0","14","Iowa","5/2/20","14","0","19033","0"
"Cherokee","0","3","Iowa","5/2/20","2","1","19035","50"
"Chickasaw","0","5","Iowa","5/2/20","4","1","19037","25"
"Clarke","0","2","Iowa","5/2/20","2","0","19039","0"
"Clay","0","4","Iowa","5/2/20","3","1","19041","33.33"
"Clayton","1","18","Iowa","5/2/20","11","7","19043","63.64"
"Clinton","0","50","Iowa","5/2/20","47","3","19045","6.38"
"Crawford","3","31","Iowa","5/2/20","10","21","19047","210"
"Dallas","55","515","Iowa","5/2/20","130","385","19049","296.15"
"Davis","0","1","Iowa","5/2/20","0","1","19051","1"
"Decatur","0","1","Iowa","5/2/20","0","1","19053","1"
"Delaware","1","10","Iowa","5/2/20","4","6","19055","150"
"Des Moines","0","16","Iowa","5/2/20","16","0","19057","0"
"Dickinson","0","6","Iowa","5/2/20","5","1","19059","20"
"Dubuque","8","125","Iowa","5/2/20","70","55","19061","78.57"
"Fayette","1","22","Iowa","5/2/20","12","10","19065","83.33"
"Floyd","0","1","Iowa","5/2/20","0","1","19067","1"
"Franklin","0","3","Iowa","5/2/20","2","1","19069","50"
"Greene","1","10","Iowa","5/2/20","1","9","19073","900"
"Grundy","1","15","Iowa","5/2/20","8","7","19075","87.5"
"Guthrie","2","19","Iowa","5/2/20","6","13","19077","216.67"
"Hamilton","0","7","Iowa","5/2/20","7","0","19079","0"
"Hancock","0","3","Iowa","5/2/20","3","0","19081","0"
"Hardin","1","9","Iowa","5/2/20","5","4","19083","80"
"Harrison","0","16","Iowa","5/2/20","15","1","19085","6.67"
"Henry","0","32","Iowa","5/2/20","31","1","19087","3.23"
"Howard","1","10","Iowa","5/2/20","4","6","19089","150"
"Humboldt","0","4","Iowa","5/2/20","4","0","19091","0"
"Iowa","1","20","Iowa","5/2/20","16","4","19095","25"
"Jackson","0","5","Iowa","5/2/20","5","0","19097","0"
"Jasper","14","175","Iowa","5/2/20","78","97","19099","124.36"
"Jefferson","0","6","Iowa","5/2/20","6","0","19101","0"
"Johnson","10","487","Iowa","5/2/20","418","69","19103","16.51"
"Jones","1","24","Iowa","5/2/20","18","6","19105","33.33"
"Keokuk","0","3","Iowa","5/2/20","4","-1","19107","-25"
"Kossuth","0","2","Iowa","5/2/20","1","1","19109","100"
"Lee","1","12","Iowa","5/2/20","4","8","19111","200"
"Linn","22","705","Iowa","5/2/20","548","157","19113","28.65"
"Louisa","2","277","Iowa","5/2/20","261","16","19115","6.13"
"Lyon","1","13","Iowa","5/2/20","6","7","19119","116.67"
"Madison","1","8","Iowa","5/2/20","3","5","19121","166.67"
"Mahaska","1","16","Iowa","5/2/20","8","8","19123","100"
"Marion","1","12","Iowa","5/2/20","6","6","19125","100"
"Marshall","29","545","Iowa","5/2/20","345","200","19127","57.97"
"Mills","0","3","Iowa","5/2/20","2","1","19129","50"
"Mitchell","0","3","Iowa","5/2/20","2","1","19131","50"
"Monona","0","10","Iowa","5/2/20","7","3","19133","42.86"
"Montgomery","0","1","Iowa","5/2/20","1","0","19137","0"
"Muscatine","9","360","Iowa","5/2/20","295","65","19139","22.03"
"O'Brien","1","10","Iowa","5/2/20","4","6","19141","150"
"Osceola","0","10","Iowa","5/2/20","7","3","19143","42.86"
"Page","0","8","Iowa","5/2/20","5","3","19145","60"
"Plymouth","1","17","Iowa","5/2/20","11","6","19149","54.55"
"Pocahontas","0","3","Iowa","5/2/20","0","3","19151","1"
"Polk","99","1350","Iowa","5/2/20","660","690","19153","104.55"
"Pottawattamie","3","41","Iowa","5/2/20","20","21","19155","105"
"Poweshiek","2","61","Iowa","5/2/20","50","11","19157","22"
"Sac","0","1","Iowa","5/2/20","0","1","19161","1"
"Scott","4","236","Iowa","5/2/20","206","30","19163","14.56"
"Shelby","0","9","Iowa","5/2/20","9","0","19165","0"
"Sioux","1","11","Iowa","5/2/20","7","4","19167","57.14"
"Story","1","32","Iowa","5/2/20","22","10","19169","45.45"
"Tama","2","278","Iowa","5/2/20","261","17","19171","6.51"
"Taylor","0","1","Iowa","5/2/20","1","0","19173","0"
"Union","0","1","Iowa","5/2/20","1","0","19175","0"
"Van Buren","0","8","Iowa","5/2/20","8","0","19177","0"
"Wapello","3","27","Iowa","5/2/20","7","20","19179","285.71"
"Warren","1","25","Iowa","5/2/20","19","6","19181","31.58"
"Washington","2","145","Iowa","5/2/20","132","13","19183","9.85"
"Wayne","0","1","Iowa","5/2/20","0","1","19185","1"
"Webster","0","6","Iowa","5/2/20","4","2","19187","50"
"Winnebago","0","2","Iowa","5/2/20","2","0","19189","0"
"Winneshiek","1","17","Iowa","5/2/20","12","5","19191","41.67"
"Woodbury","108","1074","Iowa","5/2/20","316","758","19193","239.87"
"Worth","0","1","Iowa","5/2/20","1","0","19195","0"
"Wright","0","3","Iowa","5/2/20","2","1","19197","50"
"Atchison","0","10","Kansas","5/2/20","8","2","20005","25"
"Barber","0","1","Kansas","5/2/20","1","0","20007","0"
"Barton","0","9","Kansas","5/2/20","9","0","20009","0"
"Bourbon","0","6","Kansas","5/2/20","6","0","20011","0"
"Butler","0","14","Kansas","5/2/20","13","1","20015","7.69"
"Chase","0","3","Kansas","5/2/20","1","2","20017","200"
"Chautauqua","0","4","Kansas","5/2/20","3","1","20019","33.33"
"Cherokee","0","8","Kansas","5/2/20","7","1","20021","14.29"
"Cheyenne","0","2","Kansas","5/2/20","0","2","20023","1"
"Clark","0","1","Kansas","5/2/20","1","0","20025","0"
"Clay","0","4","Kansas","5/2/20","4","0","20027","0"
"Cloud","0","4","Kansas","5/2/20","3","1","20029","33.33"
"Coffey","0","48","Kansas","5/2/20","48","0","20031","0"
"Cowley","0","3","Kansas","5/2/20","2","1","20035","50"
"Crawford","0","8","Kansas","5/2/20","6","2","20037","33.33"
"Dickinson","0","2","Kansas","5/2/20","1","1","20041","100"
"Doniphan","0","4","Kansas","5/2/20","3","1","20043","33.33"
"Douglas","0","51","Kansas","5/2/20","48","3","20045","6.25"
"Edwards","0","4","Kansas","5/2/20","1","3","20047","300"
"Ellis","0","8","Kansas","5/2/20","8","0","20051","0"
"Finney","55","550","Kansas","5/2/20","162","388","20055","239.51"
"Ford","50","770","Kansas","5/2/20","419","351","20057","83.77"
"Franklin","1","16","Kansas","5/2/20","12","4","20059","33.33"
"Geary","0","11","Kansas","5/2/20","10","1","20061","10"
"Gove","0","1","Kansas","5/2/20","1","0","20063","0"
"Grant","1","5","Kansas","5/2/20","1","4","20067","400"
"Gray","0","5","Kansas","5/2/20","2","3","20069","150"
"Greenwood","0","3","Kansas","5/2/20","3","0","20073","0"
"Hamilton","0","4","Kansas","5/2/20","2","2","20075","100"
"Harper","0","1","Kansas","5/2/20","0","1","20077","1"
"Harvey","0","8","Kansas","5/2/20","5","3","20079","60"
"Haskell","0","7","Kansas","5/2/20","7","0","20081","0"
"Jackson","0","2","Kansas","5/2/20","1","1","20085","100"
"Jefferson","0","10","Kansas","5/2/20","8","2","20087","25"
"Jewell","0","4","Kansas","5/2/20","4","0","20089","0"
"Johnson","9","486","Kansas","5/2/20","424","62","20091","14.62"
"Kearny","1","19","Kansas","5/2/20","11","8","20093","72.73"
"Kiowa","0","1","Kansas","5/2/20","1","0","20097","0"
"Labette","0","22","Kansas","5/2/20","21","1","20099","4.76"
"Leavenworth","31","386","Kansas","5/2/20","169","217","20103","128.4"
"Linn","0","6","Kansas","5/2/20","6","0","20107","0"
"Lyon","10","245","Kansas","5/2/20","176","69","20111","39.2"
"Marion","0","5","Kansas","5/2/20","5","0","20115","0"
"McPherson","0","22","Kansas","5/2/20","20","2","20113","10"
"Meade","1","10","Kansas","5/2/20","1","9","20119","900"
"Miami","0","5","Kansas","5/2/20","5","0","20121","0"
"Mitchell","0","3","Kansas","5/2/20","2","1","20123","50"
"Montgomery","0","17","Kansas","5/2/20","16","1","20125","6.25"
"Morris","0","3","Kansas","5/2/20","3","0","20127","0"
"Morton","0","3","Kansas","5/2/20","2","1","20129","50"
"Nemaha","0","1","Kansas","5/2/20","0","1","20131","1"
"Neosho","0","2","Kansas","5/2/20","2","0","20133","0"
"Norton","0","1","Kansas","5/2/20","0","1","20137","1"
"Osage","0","5","Kansas","5/2/20","5","0","20139","0"
"Osborne","0","2","Kansas","5/2/20","2","0","20141","0"
"Ottawa","0","4","Kansas","5/2/20","3","1","20143","33.33"
"Phillips","0","1","Kansas","5/2/20","1","0","20147","0"
"Pottawatomie","1","13","Kansas","5/2/20","9","4","20149","44.44"
"Pratt","0","1","Kansas","5/2/20","1","0","20151","0"
"Reno","2","40","Kansas","5/2/20","24","16","20155","66.67"
"Republic","0","4","Kansas","5/2/20","4","0","20157","0"
"Rice","0","3","Kansas","5/2/20","3","0","20159","0"
"Riley","1","52","Kansas","5/2/20","43","9","20161","20.93"
"Rooks","0","6","Kansas","5/2/20","5","1","20163","20"
"Saline","0","21","Kansas","5/2/20","19","2","20169","10.53"
"Scott","0","1","Kansas","5/2/20","1","0","20171","0"
"Sedgwick","12","418","Kansas","5/2/20","334","84","20173","25.15"
"Seward","32","539","Kansas","5/2/20","314","225","20175","71.66"
"Shawnee","4","126","Kansas","5/2/20","101","25","20177","24.75"
"Sheridan","0","2","Kansas","5/2/20","2","0","20179","0"
"Sherman","0","5","Kansas","5/2/20","3","2","20181","66.67"
"Smith","0","2","Kansas","5/2/20","2","0","20183","0"
"Stafford","0","1","Kansas","5/2/20","1","0","20185","0"
"Stanton","0","6","Kansas","5/2/20","4","2","20187","50"
"Stevens","1","10","Kansas","5/2/20","6","4","20189","66.67"
"Sumner","0","3","Kansas","5/2/20","3","0","20191","0"
"Wabaunsee","2","23","Kansas","5/2/20","10","13","20197","130"
"Wilson","0","1","Kansas","5/2/20","1","0","20205","0"
"Woodson","0","6","Kansas","5/2/20","5","1","20207","20"
"Wyandotte","30","762","Kansas","5/2/20","555","207","20209","37.3"
"Adair","0","81","Kentucky","5/2/20","83","-2","21001","-2.41"
"Allen","1","14","Kentucky","5/2/20","7","7","21003","100"
"Anderson","0","8","Kentucky","5/2/20","7","1","21005","14.29"
"Ballard","1","10","Kentucky","5/2/20","5","5","21007","100"
"Barren","1","17","Kentucky","5/2/20","13","4","21009","30.77"
"Bath","0","4","Kentucky","5/2/20","4","0","21011","0"
"Boone","6","144","Kentucky","5/2/20","103","41","21015","39.81"
"Bourbon","0","8","Kentucky","5/2/20","7","1","21017","14.29"
"Boyd","0","31","Kentucky","5/2/20","33","-2","21019","-6.06"
"Boyle","0","17","Kentucky","5/2/20","17","0","21021","0"
"Bracken","0","9","Kentucky","5/2/20","7","2","21023","28.57"
"Breathitt","0","2","Kentucky","5/2/20","2","0","21025","0"
"Breckinridge","0","9","Kentucky","5/2/20","7","2","21027","28.57"
"Bullitt","2","55","Kentucky","5/2/20","43","12","21029","27.91"
"Butler","5","141","Kentucky","5/2/20","103","38","21031","36.89"
"Caldwell","0","12","Kentucky","5/2/20","13","-1","21033","-7.69"
"Calloway","1","34","Kentucky","5/2/20","29","5","21035","17.24"
"Campbell","3","92","Kentucky","5/2/20","73","19","21037","26.03"
"Carlisle","0","2","Kentucky","5/2/20","1","1","21039","100"
"Carroll","0","2","Kentucky","5/2/20","2","0","21041","0"
"Carter","0","5","Kentucky","5/2/20","4","1","21043","25"
"Casey","0","1","Kentucky","5/2/20","1","0","21045","0"
"Christian","0","88","Kentucky","5/2/20","85","3","21047","3.53"
"Clark","0","21","Kentucky","5/2/20","19","2","21049","10.53"
"Clay","0","1","Kentucky","5/2/20","1","0","21051","0"
"Clinton","0","3","Kentucky","5/2/20","2","1","21053","50"
"Crittenden","0","4","Kentucky","5/2/20","3","1","21055","33.33"
"Cumberland","0","5","Kentucky","5/2/20","4","1","21057","25"
"Daviess","7","194","Kentucky","5/2/20","147","47","21059","31.97"
"Edmonson","2","26","Kentucky","5/2/20","13","13","21061","100"
"Fayette","3","254","Kentucky","5/2/20","235","19","21067","8.09"
"Fleming","0","2","Kentucky","5/2/20","2","0","21069","0"
"Floyd","1","14","Kentucky","5/2/20","6","8","21071","133.33"
"Franklin","0","16","Kentucky","5/2/20","15","1","21073","6.67"
"Fulton","0","2","Kentucky","5/2/20","1","1","21075","100"
"Gallatin","0","1","Kentucky","5/2/20","1","0","21077","0"
"Garrard","0","2","Kentucky","5/2/20","2","0","21079","0"
"Grant","0","21","Kentucky","5/2/20","18","3","21081","16.67"
"Graves","4","137","Kentucky","5/2/20","109","28","21083","25.69"
"Grayson","4","69","Kentucky","5/2/20","42","27","21085","64.29"
"Green","0","1","Kentucky","5/2/20","1","0","21087","0"
"Greenup","0","11","Kentucky","5/2/20","11","0","21089","0"
"Hancock","0","6","Kentucky","5/2/20","6","0","21091","0"
"Hardin","1","44","Kentucky","5/2/20","34","10","21093","29.41"
"Harrison","0","17","Kentucky","5/2/20","18","-1","21097","-5.56"
"Hart","0","4","Kentucky","5/2/20","2","2","21099","100"
"Henderson","2","62","Kentucky","5/2/20","45","17","21101","37.78"
"Henry","0","6","Kentucky","5/2/20","4","2","21103","50"
"Hickman","0","1","Kentucky","5/2/20","2","-1","21105","-50"
"Hopkins","4","201","Kentucky","5/2/20","174","27","21107","15.52"
"Jackson","0","59","Kentucky","5/2/20","58","1","21109","1.72"
"Jefferson","33","1352","Kentucky","5/2/20","1121","231","21111","20.61"
"Jessamine","1","40","Kentucky","5/2/20","32","8","21113","25"
"Johnson","0","3","Kentucky","5/2/20","1","2","21115","200"
"Kenton","9","286","Kentucky","5/2/20","226","60","21117","26.55"
"Knott","0","4","Kentucky","5/2/20","3","1","21119","33.33"
"Knox","0","6","Kentucky","5/2/20","5","1","21121","20"
"Larue","0","5","Kentucky","5/2/20","5","0","21123","0"
"Laurel","0","17","Kentucky","5/2/20","14","3","21125","21.43"
"Lawrence","0","1","Kentucky","5/2/20","1","0","21127","0"
"Leslie","0","4","Kentucky","5/2/20","2","2","21131","100"
"Letcher","0","2","Kentucky","5/2/20","1","1","21133","100"
"Lewis","0","3","Kentucky","5/2/20","3","0","21135","0"
"Lincoln","0","5","Kentucky","5/2/20","4","1","21137","25"
"Livingston","1","5","Kentucky","5/2/20","1","4","21139","400"
"Logan","0","11","Kentucky","5/2/20","8","3","21141","37.5"
"Lyon","0","13","Kentucky","5/2/20","14","-1","21143","-7.14"
"Madison","0","29","Kentucky","5/2/20","27","2","21151","7.41"
"Marion","0","17","Kentucky","5/2/20","14","3","21155","21.43"
"Marshall","1","34","Kentucky","5/2/20","27","7","21157","25.93"
"Martin","0","3","Kentucky","5/2/20","3","0","21159","0"
"Mason","0","6","Kentucky","5/2/20","6","0","21161","0"
"McCracken","3","58","Kentucky","5/2/20","34","24","21145","70.59"
"McCreary","0","11","Kentucky","5/2/20","11","0","21147","0"
"McLean","1","15","Kentucky","5/2/20","11","4","21149","36.36"
"Meade","1","12","Kentucky","5/2/20","6","6","21163","100"
"Menifee","0","3","Kentucky","5/2/20","3","0","21165","0"
"Mercer","0","11","Kentucky","5/2/20","11","0","21167","0"
"Metcalfe","0","1","Kentucky","5/2/20","0","1","21169","1"
"Monroe","0","5","Kentucky","5/2/20","3","2","21171","66.67"
"Montgomery","0","12","Kentucky","5/2/20","10","2","21173","20"
"Morgan","0","1","Kentucky","5/2/20","1","0","21175","0"
"Muhlenberg","4","125","Kentucky","5/2/20","96","29","21177","30.21"
"Nelson","1","23","Kentucky","5/2/20","17","6","21179","35.29"
"Nicholas","0","1","Kentucky","5/2/20","1","0","21181","0"
"Ohio","2","49","Kentucky","5/2/20","38","11","21183","28.95"
"Oldham","1","32","Kentucky","5/2/20","24","8","21185","33.33"
"Owen","0","1","Kentucky","5/2/20","0","1","21187","1"
"Owsley","0","2","Kentucky","5/2/20","3","-1","21189","-33.33"
"Pendleton","0","5","Kentucky","5/2/20","5","0","21191","0"
"Perry","1","13","Kentucky","5/2/20","6","7","21193","116.67"
"Pike","1","13","Kentucky","5/2/20","8","5","21195","62.5"
"Powell","0","1","Kentucky","5/2/20","1","0","21197","0"
"Pulaski","0","43","Kentucky","5/2/20","41","2","21199","4.88"
"Rockcastle","0","10","Kentucky","5/2/20","11","-1","21203","-9.09"
"Rowan","0","2","Kentucky","5/2/20","2","0","21205","0"
"Russell","0","16","Kentucky","5/2/20","16","0","21207","0"
"Scott","0","24","Kentucky","5/2/20","23","1","21209","4.35"
"Shelby","1","30","Kentucky","5/2/20","26","4","21211","15.38"
"Simpson","1","28","Kentucky","5/2/20","23","5","21213","21.74"
"Spencer","0","13","Kentucky","5/2/20","10","3","21215","30"
"Taylor","0","8","Kentucky","5/2/20","6","2","21217","33.33"
"Todd","0","12","Kentucky","5/2/20","10","2","21219","20"
"Trigg","1","9","Kentucky","5/2/20","5","4","21221","80"
"Trimble","0","3","Kentucky","5/2/20","2","1","21223","50"
"Union","0","8","Kentucky","5/2/20","8","0","21225","0"
"Warren","23","344","Kentucky","5/2/20","184","160","21227","86.96"
"Washington","0","5","Kentucky","5/2/20","5","0","21229","0"
"Wayne","0","7","Kentucky","5/2/20","6","1","21231","16.67"
"Webster","0","22","Kentucky","5/2/20","19","3","21233","15.79"
"Whitley","0","11","Kentucky","5/2/20","10","1","21235","10"
"Woodford","0","18","Kentucky","5/2/20","19","-1","21239","-5.26"
"Acadia","0","133","Louisiana","5/2/20","130","3","22001","2.31"
"Allen","1","90","Louisiana","5/2/20","82","8","22003","9.76"
"Ascension","11","636","Louisiana","5/2/20","557","79","22005","14.18"
"Assumption","3","194","Louisiana","5/2/20","172","22","22007","12.79"
"Avoyelles","0","72","Louisiana","5/2/20","69","3","22009","4.35"
"Beauregard","1","42","Louisiana","5/2/20","35","7","22011","20"
"Bienville","1","76","Louisiana","5/2/20","70","6","22013","8.57"
"Bossier","4","292","Louisiana","5/2/20","265","27","22015","10.19"
"Caddo","24","1601","Louisiana","5/2/20","1432","169","22017","11.8"
"Calcasieu","13","449","Louisiana","5/2/20","360","89","22019","24.72"
"Caldwell","0","20","Louisiana","5/2/20","17","3","22021","17.65"
"Cameron","0","3","Louisiana","5/2/20","3","0","22023","0"
"Catahoula","3","44","Louisiana","5/2/20","25","19","22025","76"
"Claiborne","1","59","Louisiana","5/2/20","52","7","22027","13.46"
"Concordia","1","39","Louisiana","5/2/20","30","9","22029","30"
"De Soto","2","198","Louisiana","5/2/20","184","14","22031","7.61"
"East Baton Rouge","48","2054","Louisiana","5/2/20","1720","334","22033","19.42"
"East Carroll","0","9","Louisiana","5/2/20","6","3","22035","50"
"East Feliciana","3","128","Louisiana","5/2/20","107","21","22037","19.63"
"Evangeline","2","59","Louisiana","5/2/20","45","14","22039","31.11"
"Franklin","3","131","Louisiana","5/2/20","113","18","22041","15.93"
"Grant","1","15","Louisiana","5/2/20","11","4","22043","36.36"
"Iberia","4","265","Louisiana","5/2/20","240","25","22045","10.42"
"Iberville","6","472","Louisiana","5/2/20","433","39","22047","9.01"
"Jackson","2","40","Louisiana","5/2/20","25","15","22049","60"
"Jefferson","51","6362","Louisiana","5/2/20","6007","355","22051","5.91"
"Jefferson Davis","1","64","Louisiana","5/2/20","59","5","22053","8.47"
"Lafayette","3","464","Louisiana","5/2/20","442","22","22055","4.98"
"Lafourche","8","666","Louisiana","5/2/20","610","56","22057","9.18"
"LaSalle","1","26","Louisiana","5/2/20","18","8","22059","44.44"
"Lincoln","3","88","Louisiana","5/2/20","69","19","22061","27.54"
"Livingston","8","235","Louisiana","5/2/20","177","58","22063","32.77"
"Madison","0","8","Louisiana","5/2/20","7","1","22065","14.29"
"Morehouse","1","54","Louisiana","5/2/20","46","8","22067","17.39"
"Natchitoches","2","87","Louisiana","5/2/20","73","14","22069","19.18"
"Orleans","32","6524","Louisiana","5/2/20","6297","227","22071","3.6"
"Ouachita","21","755","Louisiana","5/2/20","609","146","22073","23.97"
"Plaquemines","2","180","Louisiana","5/2/20","168","12","22075","7.14"
"Pointe Coupee","2","101","Louisiana","5/2/20","89","12","22077","13.48"
"Rapides","5","273","Louisiana","5/2/20","239","34","22079","14.23"
"Red River","1","32","Louisiana","5/2/20","22","10","22081","45.45"
"Richland","4","73","Louisiana","5/2/20","48","25","22083","52.08"
"Sabine","1","17","Louisiana","5/2/20","13","4","22085","30.77"
"St. Bernard","4","474","Louisiana","5/2/20","443","31","22087","7"
"St. Charles","5","577","Louisiana","5/2/20","540","37","22089","6.85"
"St. Helena","0","30","Louisiana","5/2/20","27","3","22091","11.11"
"St. James","1","247","Louisiana","5/2/20","237","10","22093","4.22"
"St. John the Baptist","4","772","Louisiana","5/2/20","747","25","22095","3.35"
"St. Landry","3","185","Louisiana","5/2/20","163","22","22097","13.5"
"St. Martin","4","244","Louisiana","5/2/20","219","25","22099","11.42"
"St. Mary","3","199","Louisiana","5/2/20","178","21","22101","11.8"
"St. Tammany","26","1321","Louisiana","5/2/20","1138","183","22103","16.08"
"Tangipahoa","8","584","Louisiana","5/2/20","526","58","22105","11.03"
"Tensas","0","2","Louisiana","5/2/20","1","1","22107","100"
"Terrebonne","13","456","Louisiana","5/2/20","366","90","22109","24.59"
"Union","4","131","Louisiana","5/2/20","102","29","22111","28.43"
"Vermilion","1","38","Louisiana","5/2/20","34","4","22113","11.76"
"Vernon","0","16","Louisiana","5/2/20","16","0","22115","0"
"Washington","6","282","Louisiana","5/2/20","241","41","22117","17.01"
"Webster","1","92","Louisiana","5/2/20","82","10","22119","12.2"
"West Baton Rouge","3","110","Louisiana","5/2/20","92","18","22121","19.57"
"West Carroll","0","4","Louisiana","5/2/20","4","0","22123","0"
"West Feliciana","6","142","Louisiana","5/2/20","97","45","22125","46.39"
"Winn","3","41","Louisiana","5/2/20","20","21","22127","105"
"Androscoggin","2","54","Maine","5/2/20","38","16","23001","42.11"
"Aroostook","0","5","Maine","5/2/20","4","1","23003","25"
"Cumberland","14","527","Maine","5/2/20","426","101","23005","23.71"
"Franklin","0","28","Maine","5/2/20","26","2","23007","7.69"
"Hancock","0","10","Maine","5/2/20","8","2","23009","25"
"Kennebec","1","104","Maine","5/2/20","100","4","23011","4"
"Knox","0","16","Maine","5/2/20","13","3","23013","23.08"
"Lincoln","0","14","Maine","5/2/20","12","2","23015","16.67"
"Oxford","0","15","Maine","5/2/20","14","1","23017","7.14"
"Penobscot","5","82","Maine","5/2/20","50","32","23019","64"
"Piscataquis","0","1","Maine","5/2/20","1","0","23021","0"
"Sagadahoc","0","19","Maine","5/2/20","17","2","23023","11.76"
"Somerset","0","17","Maine","5/2/20","16","1","23025","6.25"
"Waldo","0","49","Maine","5/2/20","47","2","23027","4.26"
"Washington","0","2","Maine","5/2/20","2","0","23029","0"
"York","3","210","Maine","5/2/20","191","19","23031","9.95"
"Allegany","2","121","Maryland","5/2/20","105","16","24001","15.24"
"Anne Arundel","65","1885","Maryland","5/2/20","1430","455","24003","31.82"
"Baltimore","114","3183","Maryland","5/2/20","2387","796","24005","33.35"
"Baltimore City","64","2237","Maryland","5/2/20","1791","446","24510","24.9"
"Calvert","4","160","Maryland","5/2/20","130","30","24009","23.08"
"Caroline","3","79","Maryland","5/2/20","61","18","24011","29.51"
"Carroll","14","480","Maryland","5/2/20","384","96","24013","25"
"Cecil","6","187","Maryland","5/2/20","146","41","24015","28.08"
"Charles","20","622","Maryland","5/2/20","483","139","24017","28.78"
"Dorchester","3","59","Maryland","5/2/20","38","21","24019","55.26"
"Frederick","23","976","Maryland","5/2/20","814","162","24021","19.9"
"Garrett","0","4","Maryland","5/2/20","4","0","24023","0"
"Harford","24","468","Maryland","5/2/20","302","166","24025","54.97"
"Howard","35","931","Maryland","5/2/20","686","245","24027","35.71"
"Kent","2","80","Maryland","5/2/20","67","13","24029","19.4"
"Montgomery","205","4919","Maryland","5/2/20","3483","1436","24031","41.23"
"Prince George's","321","7041","Maryland","5/2/20","4795","2246","24033","46.84"
"Queen Anne's","1","57","Maryland","5/2/20","52","5","24035","9.62"
"Somerset","3","32","Maryland","5/2/20","14","18","24039","128.57"
"St. Mary's","6","164","Maryland","5/2/20","124","40","24037","32.26"
"Talbot","2","39","Maryland","5/2/20","28","11","24041","39.29"
"Washington","10","225","Maryland","5/2/20","154","71","24043","46.1"
"Wicomico","30","452","Maryland","5/2/20","242","210","24045","86.78"
"Worcester","4","72","Maryland","5/2/20","46","26","24047","56.52"
"Barnstable","29","970","Massachusetts","5/2/20","770","200","25001","25.97"
"Berkshire","3","455","Massachusetts","5/2/20","432","23","25003","5.32"
"Bristol","158","3975","Massachusetts","5/2/20","2872","1103","25005","38.41"
"Dukes and Nantucket","1","31","Massachusetts","5/2/20","26","5","00000","19.23"
"Essex","314","9522","Massachusetts","5/2/20","7327","2195","25009","29.96"
"Franklin","5","268","Massachusetts","5/2/20","230","38","25011","16.52"
"Hampden","112","4053","Massachusetts","5/2/20","3266","787","25013","24.1"
"Hampshire","20","563","Massachusetts","5/2/20","425","138","25015","32.47"
"Middlesex","408","15281","Massachusetts","5/2/20","12426","2855","25017","22.98"
"Norfolk","155","6370","Massachusetts","5/2/20","5288","1082","25021","20.46"
"Plymouth","157","5536","Massachusetts","5/2/20","4435","1101","25023","24.83"
"Suffolk","348","13784","Massachusetts","5/2/20","11346","2438","25025","21.49"
"Worcester","242","6220","Massachusetts","5/2/20","4529","1691","25027","37.34"
"Alcona","0","8","Michigan","5/2/20","7","1","26001","14.29"
"Allegan","7","133","Michigan","5/2/20","84","49","26005","58.33"
"Alpena","3","89","Michigan","5/2/20","67","22","26007","32.84"
"Antrim","0","11","Michigan","5/2/20","11","0","26009","0"
"Arenac","2","33","Michigan","5/2/20","19","14","26011","73.68"
"Baraga","0","1","Michigan","5/2/20","0","1","26013","1"
"Barry","2","50","Michigan","5/2/20","38","12","26015","31.58"
"Bay","7","186","Michigan","5/2/20","134","52","26017","38.81"
"Benzie","0","5","Michigan","5/2/20","4","1","26019","25"
"Berrien","12","400","Michigan","5/2/20","315","85","26021","26.98"
"Branch","3","71","Michigan","5/2/20","52","19","26023","36.54"
"Calhoun","7","263","Michigan","5/2/20","214","49","26025","22.9"
"Cass","1","42","Michigan","5/2/20","35","7","26027","20"
"Charlevoix","0","14","Michigan","5/2/20","14","0","26029","0"
"Cheboygan","0","24","Michigan","5/2/20","22","2","26031","9.09"
"Chippewa","0","3","Michigan","5/2/20","3","0","26033","0"
"Clare","0","11","Michigan","5/2/20","10","1","26035","10"
"Clinton","2","128","Michigan","5/2/20","112","16","26037","14.29"
"Crawford","2","61","Michigan","5/2/20","50","11","26039","22"
"Delta","0","14","Michigan","5/2/20","13","1","26041","7.69"
"Dickinson","0","3","Michigan","5/2/20","3","0","26043","0"
"Eaton","4","153","Michigan","5/2/20","128","25","26045","19.53"
"Emmet","0","25","Michigan","5/2/20","25","0","26047","0"
"Federal Correctional Institution (FCI)","3","93","Michigan","5/2/20","74","19","00000","25.68"
"Genesee","31","1751","Michigan","5/2/20","1533","218","26049","14.22"
"Gladwin","1","14","Michigan","5/2/20","10","4","26051","40"
"Gogebic","0","4","Michigan","5/2/20","4","0","26053","0"
"Grand Traverse","0","20","Michigan","5/2/20","20","0","26055","0"
"Gratiot","2","25","Michigan","5/2/20","9","16","26057","177.78"
"Hillsdale","3","134","Michigan","5/2/20","111","23","26059","20.72"
"Houghton","0","2","Michigan","5/2/20","2","0","26061","0"
"Huron","2","28","Michigan","5/2/20","17","11","26063","64.71"
"Ingham","15","517","Michigan","5/2/20","413","104","26065","25.18"
"Ionia","7","94","Michigan","5/2/20","45","49","26067","108.89"
"Iosco","4","63","Michigan","5/2/20","38","25","26069","65.79"
"Isabella","1","76","Michigan","5/2/20","70","6","26073","8.57"
"Jackson","6","384","Michigan","5/2/20","341","43","26075","12.61"
"Kalamazoo","24","478","Michigan","5/2/20","307","171","26077","55.7"
"Kalkaska","0","28","Michigan","5/2/20","27","1","26079","3.7"
"Kent","115","1838","Michigan","5/2/20","1030","808","26081","78.45"
"Lake","0","3","Michigan","5/2/20","3","0","26085","0"
"Lapeer","1","181","Michigan","5/2/20","173","8","26087","4.62"
"Leelanau","0","9","Michigan","5/2/20","9","0","26089","0"
"Lenawee","4","131","Michigan","5/2/20","104","27","26091","25.96"
"Livingston","7","411","Michigan","5/2/20","364","47","26093","12.91"
"Luce","0","1","Michigan","5/2/20","1","0","26095","0"
"Mackinac","0","6","Michigan","5/2/20","5","1","26097","20"
"Macomb","79","5716","Michigan","5/2/20","5163","553","26099","10.71"
"Manistee","0","12","Michigan","5/2/20","13","-1","26101","-7.69"
"Marquette","1","51","Michigan","5/2/20","41","10","26103","24.39"
"Mason","1","15","Michigan","5/2/20","8","7","26105","87.5"
"Mecosta","0","17","Michigan","5/2/20","17","0","26107","0"
"Menominee","0","5","Michigan","5/2/20","3","2","26109","66.67"
"Michigan Department of Corrections (MDOC)","114","1825","Michigan","5/2/20","1026","799","00000","77.88"
"Midland","2","91","Michigan","5/2/20","77","14","26111","18.18"
"Missaukee","0","22","Michigan","5/2/20","19","3","26113","15.79"
"Monroe","6","324","Michigan","5/2/20","281","43","26115","15.3"
"Montcalm","2","47","Michigan","5/2/20","30","17","26117","56.67"
"Montmorency","0","5","Michigan","5/2/20","6","-1","26119","-16.67"
"Muskegon","13","301","Michigan","5/2/20","213","88","26121","41.31"
"Newaygo","2","28","Michigan","5/2/20","16","12","26123","75"
"Oakland","110","8245","Michigan","5/2/20","7472","773","26125","10.35"
"Oceana","1","18","Michigan","5/2/20","8","10","26127","125"
"Ogemaw","1","19","Michigan","5/2/20","9","10","26129","111.11"
"Osceola","0","10","Michigan","5/2/20","10","0","26133","0"
"Oscoda","0","6","Michigan","5/2/20","4","2","26135","50"
"Otsego","1","110","Michigan","5/2/20","101","9","26137","8.91"
"Ottawa","13","298","Michigan","5/2/20","205","93","26139","45.37"
"Out of MI","0","16","Michigan","5/2/20","19","-3","80026","-15.79"
"Presque Isle","0","11","Michigan","5/2/20","10","1","26141","10"
"Roscommon","1","19","Michigan","5/2/20","15","4","26143","26.67"
"Saginaw","23","710","Michigan","5/2/20","550","160","26145","29.09"
"Sanilac","0","37","Michigan","5/2/20","35","2","26151","5.71"
"Schoolcraft","0","3","Michigan","5/2/20","3","0","26153","0"
"Shiawassee","8","198","Michigan","5/2/20","142","56","26155","39.44"
"St. Clair","6","380","Michigan","5/2/20","340","40","26147","11.76"
"St. Joseph","2","39","Michigan","5/2/20","27","12","26149","44.44"
"Tuscola","5","115","Michigan","5/2/20","83","32","26157","38.55"
"Van Buren","4","73","Michigan","5/2/20","47","26","26159","55.32"
"Washtenaw","15","1216","Michigan","5/2/20","1108","108","26161","9.75"
"Wayne","257","17396","Michigan","5/2/20","15599","1797","26163","11.52"
"Wexford","0","11","Michigan","5/2/20","10","1","26165","10"
"Aitkin","0","1","Minnesota","5/2/20","1","0","27001","0"
"Anoka","16","260","Minnesota","5/2/20","150","110","27003","73.33"
"Becker","1","10","Minnesota","5/2/20","2","8","27005","400"
"Beltrami","0","6","Minnesota","5/2/20","6","0","27007","0"
"Benton","4","29","Minnesota","5/2/20","4","25","27009","625"
"Big Stone","0","2","Minnesota","5/2/20","2","0","27011","0"
"Blue Earth","2","41","Minnesota","5/2/20","27","14","27013","51.85"
"Brown","0","8","Minnesota","5/2/20","8","0","27015","0"
"Carlton","2","59","Minnesota","5/2/20","47","12","27017","25.53"
"Carver","1","25","Minnesota","5/2/20","16","9","27019","56.25"
"Cass","0","7","Minnesota","5/2/20","5","2","27021","40"
"Chippewa","0","2","Minnesota","5/2/20","2","0","27023","0"
"Chisago","1","13","Minnesota","5/2/20","7","6","27025","85.71"
"Clay","11","189","Minnesota","5/2/20","113","76","27027","67.26"
"Clearwater","0","2","Minnesota","5/2/20","2","0","27029","0"
"Cottonwood","3","27","Minnesota","5/2/20","6","21","27033","350"
"Crow Wing","0","21","Minnesota","5/2/20","20","1","27035","5"
"Dakota","7","189","Minnesota","5/2/20","138","51","27037","36.96"
"Dodge","0","22","Minnesota","5/2/20","19","3","27039","15.79"
"Douglas","0","3","Minnesota","5/2/20","2","1","27041","50"
"Faribault","0","6","Minnesota","5/2/20","4","2","27043","50"
"Fillmore","0","13","Minnesota","5/2/20","12","1","27045","8.33"
"Freeborn","0","35","Minnesota","5/2/20","33","2","27047","6.06"
"Goodhue","0","21","Minnesota","5/2/20","19","2","27049","10.53"
"Grant","0","1","Minnesota","5/2/20","0","1","27051","1"
"Hennepin","99","1980","Minnesota","5/2/20","1287","693","27053","53.85"
"Houston","0","1","Minnesota","5/2/20","1","0","27055","0"
"Isanti","0","6","Minnesota","5/2/20","7","-1","27059","-14.29"
"Itasca","1","7","Minnesota","5/2/20","2","5","27061","250"
"Jackson","2","18","Minnesota","5/2/20","7","11","27063","157.14"
"Kanabec","0","1","Minnesota","5/2/20","0","1","27065","1"
"Kandiyohi","17","145","Minnesota","5/2/20","28","117","27067","417.86"
"Kittson","0","1","Minnesota","5/2/20","1","0","27069","0"
"Koochiching","0","1","Minnesota","5/2/20","1","0","27071","0"
"Lac qui Parle","0","1","Minnesota","5/2/20","1","0","27073","0"
"Le Sueur","0","25","Minnesota","5/2/20","22","3","27079","13.64"
"Lincoln","0","3","Minnesota","5/2/20","2","1","27081","50"
"Lyon","0","8","Minnesota","5/2/20","6","2","27083","33.33"
"Mahnomen","0","2","Minnesota","5/2/20","1","1","27087","100"
"Marshall","0","3","Minnesota","5/2/20","1","2","27089","200"
"Martin","10","110","Minnesota","5/2/20","42","68","27091","161.9"
"McLeod","0","4","Minnesota","5/2/20","3","1","27085","33.33"
"Meeker","1","14","Minnesota","5/2/20","4","10","27093","250"
"Mille Lacs","0","2","Minnesota","5/2/20","1","1","27095","100"
"Morrison","1","6","Minnesota","5/2/20","1","5","27097","500"
"Mower","0","28","Minnesota","5/2/20","28","0","27099","0"
"Murray","1","16","Minnesota","5/2/20","8","8","27101","100"
"Nicollet","1","15","Minnesota","5/2/20","9","6","27103","66.67"
"Nobles","82","899","Minnesota","5/2/20","325","574","27105","176.62"
"Norman","0","8","Minnesota","5/2/20","7","1","27107","14.29"
"Olmsted","6","282","Minnesota","5/2/20","238","44","27109","18.49"
"Otter Tail","1","17","Minnesota","5/2/20","8","9","27111","112.5"
"Pennington","0","1","Minnesota","5/2/20","1","0","27113","0"
"Pine","2","58","Minnesota","5/2/20","45","13","27115","28.89"
"Pipestone","0","3","Minnesota","5/2/20","2","1","27117","50"
"Polk","2","36","Minnesota","5/2/20","20","16","27119","80"
"Ramsey","27","453","Minnesota","5/2/20","261","192","27123","73.56"
"Red Lake","0","1","Minnesota","5/2/20","1","0","27125","0"
"Redwood","0","3","Minnesota","5/2/20","1","2","27127","200"
"Renville","0","5","Minnesota","5/2/20","3","2","27129","66.67"
"Rice","1","18","Minnesota","5/2/20","9","9","27131","100"
"Rock","2","16","Minnesota","5/2/20","5","11","27133","220"
"Roseau","0","1","Minnesota","5/2/20","1","0","27135","0"
"Scott","3","52","Minnesota","5/2/20","32","20","27139","62.5"
"Sherburne","5","50","Minnesota","5/2/20","15","35","27141","233.33"
"Sibley","0","2","Minnesota","5/2/20","1","1","27143","100"
"St. Louis","2","74","Minnesota","5/2/20","61","13","27137","21.31"
"Stearns","70","531","Minnesota","5/2/20","38","493","27145","1297.37"
"Steele","1","20","Minnesota","5/2/20","12","8","27147","66.67"
"Swift","0","2","Minnesota","5/2/20","1","1","27151","100"
"Todd","1","8","Minnesota","5/2/20","3","5","27153","166.67"
"Traverse","0","2","Minnesota","5/2/20","2","0","27155","0"
"Wabasha","0","10","Minnesota","5/2/20","8","2","27157","25"
"Wadena","0","1","Minnesota","5/2/20","0","1","27159","1"
"Waseca","0","5","Minnesota","5/2/20","3","2","27161","66.67"
"Washington","4","142","Minnesota","5/2/20","112","30","27163","26.79"
"Watonwan","1","14","Minnesota","5/2/20","5","9","27165","180"
"Wilkin","0","11","Minnesota","5/2/20","11","0","27167","0"
"Winona","0","67","Minnesota","5/2/20","66","1","27169","1.52"
"Wright","2","48","Minnesota","5/2/20","33","15","27171","45.45"
"Yellow Medicine","0","3","Minnesota","5/2/20","3","0","27173","0"
"Adams","6","149","Mississippi","5/2/20","109","40","28001","36.7"
"Alcorn","0","10","Mississippi","5/2/20","9","1","28003","11.11"
"Amite","1","28","Mississippi","5/2/20","23","5","28005","21.74"
"Attala","5","117","Mississippi","5/2/20","80","37","28007","46.25"
"Benton","0","12","Mississippi","5/2/20","9","3","28009","33.33"
"Bolivar","2","105","Mississippi","5/2/20","94","11","28011","11.7"
"Calhoun","1","54","Mississippi","5/2/20","48","6","28013","12.5"
"Carroll","6","60","Mississippi","5/2/20","15","45","28015","300"
"Chickasaw","3","76","Mississippi","5/2/20","56","20","28017","35.71"
"Choctaw","0","13","Mississippi","5/2/20","13","0","28019","0"
"Claiborne","1","27","Mississippi","5/2/20","18","9","28021","50"
"Clarke","2","58","Mississippi","5/2/20","44","14","28023","31.82"
"Clay","2","47","Mississippi","5/2/20","32","15","28025","46.88"
"Coahoma","2","66","Mississippi","5/2/20","54","12","28027","22.22"
"Copiah","7","114","Mississippi","5/2/20","68","46","28029","67.65"
"Covington","3","67","Mississippi","5/2/20","45","22","28031","48.89"
"DeSoto","4","294","Mississippi","5/2/20","263","31","28033","11.79"
"Forrest","6","226","Mississippi","5/2/20","181","45","28035","24.86"
"Franklin","0","16","Mississippi","5/2/20","16","0","28037","0"
"George","0","14","Mississippi","5/2/20","11","3","28039","27.27"
"Greene","0","5","Mississippi","5/2/20","4","1","28041","25"
"Grenada","1","34","Mississippi","5/2/20","27","7","28043","25.93"
"Hancock","1","67","Mississippi","5/2/20","59","8","28045","13.56"
"Harrison","3","181","Mississippi","5/2/20","158","23","28047","14.56"
"Hinds","13","505","Mississippi","5/2/20","412","93","28049","22.57"
"Holmes","8","159","Mississippi","5/2/20","100","59","28051","59"
"Humphreys","2","25","Mississippi","5/2/20","14","11","28053","78.57"
"Itawamba","4","62","Mississippi","5/2/20","33","29","28057","87.88"
"Jackson","4","267","Mississippi","5/2/20","237","30","28059","12.66"
"Jasper","3","54","Mississippi","5/2/20","32","22","28061","68.75"
"Jefferson","2","21","Mississippi","5/2/20","8","13","28063","162.5"
"Jefferson Davis","2","38","Mississippi","5/2/20","22","16","28065","72.73"
"Jones","7","168","Mississippi","5/2/20","116","52","28067","44.83"
"Kemper","4","67","Mississippi","5/2/20","40","27","28069","67.5"
"Lafayette","0","89","Mississippi","5/2/20","87","2","28071","2.3"
"Lamar","4","114","Mississippi","5/2/20","85","29","28073","34.12"
"Lauderdale","13","378","Mississippi","5/2/20","284","94","28075","33.1"
"Lawrence","3","50","Mississippi","5/2/20","30","20","28077","66.67"
"Leake","11","229","Mississippi","5/2/20","149","80","28079","53.69"
"Lee","0","71","Mississippi","5/2/20","72","-1","28081","-1.39"
"Leflore","5","165","Mississippi","5/2/20","131","34","28083","25.95"
"Lincoln","2","150","Mississippi","5/2/20","136","14","28085","10.29"
"Lowndes","2","58","Mississippi","5/2/20","41","17","28087","41.46"
"Madison","12","268","Mississippi","5/2/20","186","82","28089","44.09"
"Marion","3","75","Mississippi","5/2/20","57","18","28091","31.58"
"Marshall","1","45","Mississippi","5/2/20","41","4","28093","9.76"
"Monroe","7","173","Mississippi","5/2/20","123","50","28095","40.65"
"Montgomery","2","32","Mississippi","5/2/20","18","14","28097","77.78"
"Neshoba","13","212","Mississippi","5/2/20","119","93","28099","78.15"
"Newton","4","88","Mississippi","5/2/20","58","30","28101","51.72"
"Noxubee","5","79","Mississippi","5/2/20","45","34","28103","75.56"
"Oktibbeha","1","52","Mississippi","5/2/20","46","6","28105","13.04"
"Panola","0","39","Mississippi","5/2/20","36","3","28107","8.33"
"Pearl River","4","176","Mississippi","5/2/20","148","28","28109","18.92"
"Perry","0","27","Mississippi","5/2/20","25","2","28111","8"
"Pike","3","153","Mississippi","5/2/20","133","20","28113","15.04"
"Pontotoc","0","20","Mississippi","5/2/20","18","2","28115","11.11"
"Prentiss","0","32","Mississippi","5/2/20","29","3","28117","10.34"
"Quitman","0","15","Mississippi","5/2/20","14","1","28119","7.14"
"Rankin","5","197","Mississippi","5/2/20","162","35","28121","21.6"
"Scott","16","354","Mississippi","5/2/20","240","114","28123","47.5"
"Sharkey","0","5","Mississippi","5/2/20","4","1","28125","25"
"Simpson","1","47","Mississippi","5/2/20","38","9","28127","23.68"
"Smith","3","78","Mississippi","5/2/20","58","20","28129","34.48"
"Stone","0","22","Mississippi","5/2/20","22","0","28131","0"
"Sunflower","1","55","Mississippi","5/2/20","51","4","28133","7.84"
"Tallahatchie","0","12","Mississippi","5/2/20","11","1","28135","9.09"
"Tate","0","41","Mississippi","5/2/20","38","3","28137","7.89"
"Tippah","1","56","Mississippi","5/2/20","51","5","28139","9.8"
"Tishomingo","0","8","Mississippi","5/2/20","7","1","28141","14.29"
"Tunica","0","35","Mississippi","5/2/20","34","1","28143","2.94"
"Union","2","25","Mississippi","5/2/20","14","11","28145","78.57"
"Walthall","1","32","Mississippi","5/2/20","27","5","28147","18.52"
"Warren","5","78","Mississippi","5/2/20","45","33","28149","73.33"
"Washington","0","77","Mississippi","5/2/20","77","0","28151","0"
"Wayne","1","24","Mississippi","5/2/20","19","5","28153","26.32"
"Webster","0","19","Mississippi","5/2/20","16","3","28155","18.75"
"Wilkinson","0","69","Mississippi","5/2/20","68","1","28157","1.47"
"Winston","1","47","Mississippi","5/2/20","38","9","28159","23.68"
"Yalobusha","0","20","Mississippi","5/2/20","17","3","28161","17.65"
"Yazoo","3","144","Mississippi","5/2/20","120","24","28163","20"
"Adair","0","12","Missouri","5/2/20","12","0","29001","0"
"Andrew","0","3","Missouri","5/2/20","1","2","29003","200"
"Atchison","0","2","Missouri","5/2/20","2","0","29005","0"
"Audrain","0","1","Missouri","5/2/20","1","0","29007","0"
"Barry","0","6","Missouri","5/2/20","6","0","29009","0"
"Bates","0","6","Missouri","5/2/20","6","0","29013","0"
"Benton","1","8","Missouri","5/2/20","4","4","29015","100"
"Bollinger","0","4","Missouri","5/2/20","4","0","29017","0"
"Boone","1","102","Missouri","5/2/20","98","4","29019","4.08"
"Buchanan","20","185","Missouri","5/2/20","48","137","29021","285.42"
"Butler","0","26","Missouri","5/2/20","25","1","29023","4"
"Caldwell","0","3","Missouri","5/2/20","2","1","29025","50"
"Callaway","0","23","Missouri","5/2/20","21","2","29027","9.52"
"Camden","0","35","Missouri","5/2/20","35","0","29029","0"
"Cape Girardeau","1","49","Missouri","5/2/20","43","6","29031","13.95"
"Carroll","0","3","Missouri","5/2/20","3","0","29033","0"
"Carter","0","3","Missouri","5/2/20","3","0","29035","0"
"Cass","1","63","Missouri","5/2/20","58","5","29037","8.62"
"Cedar","0","5","Missouri","5/2/20","5","0","29039","0"
"Chariton","0","5","Missouri","5/2/20","5","0","29041","0"
"Christian","0","19","Missouri","5/2/20","19","0","29043","0"
"Clark","0","1","Missouri","5/2/20","1","0","29045","0"
"Clay","1","75","Missouri","5/2/20","65","10","29047","15.38"
"Clinton","0","11","Missouri","5/2/20","11","0","29049","0"
"Cole","0","53","Missouri","5/2/20","50","3","29051","6"
"Cooper","0","9","Missouri","5/2/20","7","2","29053","28.57"
"Crawford","0","8","Missouri","5/2/20","7","1","29055","14.29"
"Dallas","0","2","Missouri","5/2/20","2","0","29059","0"
"Daviess","0","3","Missouri","5/2/20","2","1","29061","50"
"DeKalb","0","3","Missouri","5/2/20","3","0","29063","0"
"Dunklin","0","22","Missouri","5/2/20","19","3","29069","15.79"
"Franklin","2","119","Missouri","5/2/20","106","13","29071","12.26"
"Gasconade","0","3","Missouri","5/2/20","2","1","29073","50"
"Gentry","0","1","Missouri","5/2/20","1","0","29075","0"
"Greene","1","97","Missouri","5/2/20","93","4","29077","4.3"
"Harrison","0","6","Missouri","5/2/20","6","0","29081","0"
"Henry","0","7","Missouri","5/2/20","6","1","29083","16.67"
"Holt","0","1","Missouri","5/2/20","1","0","29087","0"
"Howard","0","2","Missouri","5/2/20","2","0","29089","0"
"Howell","0","5","Missouri","5/2/20","5","0","29091","0"
"Iron","0","2","Missouri","5/2/20","2","0","29093","0"
"Jackson","5","339","Missouri","5/2/20","303","36","29095","11.88"
"Jasper","0","25","Missouri","5/2/20","24","1","29097","4.17"
"Jefferson","4","279","Missouri","5/2/20","253","26","29099","10.28"
"Johnson","1","57","Missouri","5/2/20","53","4","29101","7.55"
"Kansas City","16","597","Missouri","5/2/20","486","111","00000","22.84"
"Lafayette","1","39","Missouri","5/2/20","33","6","29107","18.18"
"Lewis","0","6","Missouri","5/2/20","6","0","29111","0"
"Lincoln","0","70","Missouri","5/2/20","67","3","29113","4.48"
"Linn","0","5","Missouri","5/2/20","5","0","29115","0"
"Livingston","0","2","Missouri","5/2/20","2","0","29117","0"
"Macon","0","2","Missouri","5/2/20","2","0","29121","0"
"Madison","0","1","Missouri","5/2/20","1","0","29123","0"
"Maries","0","2","Missouri","5/2/20","2","0","29125","0"
"Marion","0","5","Missouri","5/2/20","4","1","29127","25"
"McDonald","0","4","Missouri","5/2/20","4","0","29119","0"
"Miller","0","2","Missouri","5/2/20","1","1","29131","100"
"Mississippi","1","29","Missouri","5/2/20","23","6","29133","26.09"
"Moniteau","-1","52","Missouri","5/2/20","59","-7","29135","-11.86"
"Montgomery","0","7","Missouri","5/2/20","7","0","29139","0"
"Morgan","0","5","Missouri","5/2/20","3","2","29141","66.67"
"New Madrid","0","10","Missouri","5/2/20","9","1","29143","11.11"
"Newton","0","10","Missouri","5/2/20","10","0","29145","0"
"Nodaway","0","4","Missouri","5/2/20","3","1","29147","33.33"
"Oregon","0","2","Missouri","5/2/20","1","1","29149","100"
"Osage","0","5","Missouri","5/2/20","5","0","29151","0"
"Pemiscot","2","32","Missouri","5/2/20","18","14","29155","77.78"
"Perry","1","43","Missouri","5/2/20","39","4","29157","10.26"
"Pettis","2","41","Missouri","5/2/20","25","16","29159","64"
"Phelps","0","2","Missouri","5/2/20","1","1","29161","100"
"Pike","1","11","Missouri","5/2/20","7","4","29163","57.14"
"Platte","0","34","Missouri","5/2/20","31","3","29165","9.68"
"Polk","0","1","Missouri","5/2/20","1","0","29167","0"
"Pulaski","0","36","Missouri","5/2/20","33","3","29169","9.09"
"Ralls","0","1","Missouri","5/2/20","1","0","29173","0"
"Randolph","0","8","Missouri","5/2/20","8","0","29175","0"
"Ray","0","12","Missouri","5/2/20","10","2","29177","20"
"Reynolds","0","2","Missouri","5/2/20","2","0","29179","0"
"Ripley","0","5","Missouri","5/2/20","5","0","29181","0"
"Saline","7","195","Missouri","5/2/20","143","52","29195","36.36"
"Scotland","0","4","Missouri","5/2/20","4","0","29199","0"
"Scott","2","76","Missouri","5/2/20","60","16","29201","26.67"
"Shelby","0","1","Missouri","5/2/20","1","0","29205","0"
"St. Charles","12","608","Missouri","5/2/20","524","84","29183","16.03"
"St. Clair","0","2","Missouri","5/2/20","2","0","29185","0"
"St. Francois","0","28","Missouri","5/2/20","26","2","29187","7.69"
"St. Louis","79","3445","Missouri","5/2/20","2893","552","29189","19.08"
"St. Louis City","27","1207","Missouri","5/2/20","1019","188","29510","18.45"
"Ste. Genevieve","0","8","Missouri","5/2/20","7","1","29186","14.29"
"Stoddard","0","20","Missouri","5/2/20","19","1","29207","5.26"
"Stone","0","3","Missouri","5/2/20","3","0","29209","0"
"Taney","0","12","Missouri","5/2/20","10","2","29213","20"
"Vernon","0","4","Missouri","5/2/20","4","0","29217","0"
"Warren","0","22","Missouri","5/2/20","22","0","29219","0"
"Washington","0","8","Missouri","5/2/20","8","0","29221","0"
"Webster","0","15","Missouri","5/2/20","13","2","29225","15.38"
"Worth","0","1","Missouri","5/2/20","1","0","29227","0"
"Wright","0","10","Missouri","5/2/20","9","1","29229","11.11"
"Beaverhead","0","1","Montana","5/2/20","1","0","30001","0"
"Big Horn","0","3","Montana","5/2/20","3","0","30003","0"
"Broadwater","0","4","Montana","5/2/20","4","0","30007","0"
"Carbon","0","6","Montana","5/2/20","6","0","30009","0"
"Cascade","0","15","Montana","5/2/20","14","1","30013","7.14"
"Deer Lodge","0","3","Montana","5/2/20","3","0","30023","0"
"Fergus","0","1","Montana","5/2/20","0","1","30027","1"
"Flathead","0","37","Montana","5/2/20","37","0","30029","0"
"Gallatin","0","146","Montana","5/2/20","146","0","30031","0"
"Glacier","0","6","Montana","5/2/20","4","2","30035","50"
"Golden Valley","0","3","Montana","5/2/20","3","0","30037","0"
"Hill","0","1","Montana","5/2/20","1","0","30041","0"
"Jefferson","0","2","Montana","5/2/20","2","0","30043","0"
"Lake","0","5","Montana","5/2/20","5","0","30047","0"
"Lewis and Clark","0","16","Montana","5/2/20","16","0","30049","0"
"Liberty","0","1","Montana","5/2/20","1","0","30051","0"
"Lincoln","0","7","Montana","5/2/20","7","0","30053","0"
"Madison","0","8","Montana","5/2/20","8","0","30057","0"
"Meagher","0","1","Montana","5/2/20","1","0","30059","0"
"Missoula","0","39","Montana","5/2/20","39","0","30063","0"
"Musselshell","0","1","Montana","5/2/20","1","0","30065","0"
"Park","0","8","Montana","5/2/20","7","1","30067","14.29"
"Pondera","0","2","Montana","5/2/20","2","0","30073","0"
"Ravalli","0","5","Montana","5/2/20","5","0","30081","0"
"Richland","0","3","Montana","5/2/20","3","0","30083","0"
"Roosevelt","0","7","Montana","5/2/20","7","0","30085","0"
"Silver Bow","0","11","Montana","5/2/20","11","0","30093","0"
"Stillwater","0","1","Montana","5/2/20","1","0","30095","0"
"Toole","0","29","Montana","5/2/20","29","0","30101","0"
"Wheatland","0","1","Montana","5/2/20","1","0","30107","0"
"Yellowstone","1","82","Montana","5/2/20","77","5","30111","6.49"
"Adams","11","202","Nebraska","5/2/20","125","77","31001","61.6"
"Antelope","0","3","Nebraska","5/2/20","2","1","31003","50"
"Box Butte","0","1","Nebraska","5/2/20","1","0","31013","0"
"Buffalo","4","113","Nebraska","5/2/20","85","28","31019","32.94"
"Burt","0","4","Nebraska","5/2/20","1","3","31021","300"
"Butler","1","6","Nebraska","5/2/20","1","5","31023","500"
"Cass","0","6","Nebraska","5/2/20","4","2","31025","50"
"Cedar","1","4","Nebraska","5/2/20","0","4","31027","1"
"Cherry","0","1","Nebraska","5/2/20","1","0","31031","0"
"Cheyenne","0","7","Nebraska","5/2/20","5","2","31033","40"
"Clay","1","11","Nebraska","5/2/20","5","6","31035","120"
"Colfax","21","153","Nebraska","5/2/20","9","144","31037","1600"
"Cuming","1","7","Nebraska","5/2/20","3","4","31039","133.33"
"Custer","1","25","Nebraska","5/2/20","21","4","31041","19.05"
"Dakota","87","942","Nebraska","5/2/20","332","610","31043","183.73"
"Dawson","24","518","Nebraska","5/2/20","352","166","31047","47.16"
"Dixon","1","12","Nebraska","5/2/20","2","10","31051","500"
"Dodge","4","73","Nebraska","5/2/20","45","28","31053","62.22"
"Douglas","63","825","Nebraska","5/2/20","382","443","31055","115.97"
"Fillmore","0","2","Nebraska","5/2/20","1","1","31059","100"
"Franklin","0","5","Nebraska","5/2/20","3","2","31061","66.67"
"Frontier","0","1","Nebraska","5/2/20","0","1","31063","1"
"Furnas","0","4","Nebraska","5/2/20","2","2","31065","100"
"Gage","1","38","Nebraska","5/2/20","29","9","31067","31.03"
"Gosper","0","11","Nebraska","5/2/20","8","3","31073","37.5"
"Greeley","0","2","Nebraska","5/2/20","1","1","31077","100"
"Hall","52","1160","Nebraska","5/2/20","797","363","31079","45.55"
"Hamilton","0","44","Nebraska","5/2/20","46","-2","31081","-4.35"
"Hitchcock","0","1","Nebraska","5/2/20","0","1","31087","1"
"Hooker","0","1","Nebraska","5/2/20","0","1","31091","1"
"Howard","1","16","Nebraska","5/2/20","11","5","31093","45.45"
"Jefferson","1","4","Nebraska","5/2/20","0","4","31095","1"
"Johnson","0","4","Nebraska","5/2/20","2","2","31097","100"
"Kearney","0","4","Nebraska","5/2/20","4","0","31099","0"
"Keith","0","1","Nebraska","5/2/20","0","1","31101","1"
"Kimball","0","9","Nebraska","5/2/20","9","0","31105","0"
"Knox","0","2","Nebraska","5/2/20","2","0","31107","0"
"Lancaster","25","298","Nebraska","5/2/20","120","178","31109","148.33"
"Lincoln","2","33","Nebraska","5/2/20","20","13","31111","65"
"Madison","13","148","Nebraska","5/2/20","55","93","31119","169.09"
"Merrick","1","16","Nebraska","5/2/20","10","6","31121","60"
"Morrill","0","1","Nebraska","5/2/20","1","0","31123","0"
"Nance","0","3","Nebraska","5/2/20","1","2","31125","200"
"Nemaha","0","1","Nebraska","5/2/20","1","0","31127","0"
"Otoe","0","2","Nebraska","5/2/20","1","1","31131","100"
"Phelps","1","6","Nebraska","5/2/20","1","5","31137","500"
"Pierce","0","1","Nebraska","5/2/20","1","0","31139","0"
"Platte","17","138","Nebraska","5/2/20","16","122","31141","762.5"
"Polk","1","10","Nebraska","5/2/20","5","5","31143","100"
"Red Willow","0","3","Nebraska","5/2/20","1","2","31145","200"
"Saline","23","196","Nebraska","5/2/20","38","158","31151","415.79"
"Sarpy","9","137","Nebraska","5/2/20","77","60","31153","77.92"
"Saunders","0","9","Nebraska","5/2/20","9","0","31155","0"
"Scotts Bluff","1","31","Nebraska","5/2/20","26","5","31157","19.23"
"Seward","0","8","Nebraska","5/2/20","6","2","31159","33.33"
"Sherman","0","2","Nebraska","5/2/20","1","1","31163","100"
"Stanton","0","5","Nebraska","5/2/20","2","3","31167","150"
"Thurston","1","6","Nebraska","5/2/20","1","5","31173","500"
"Valley","0","1","Nebraska","5/2/20","0","1","31175","1"
"Washington","0","22","Nebraska","5/2/20","22","0","31177","0"
"Wayne","0","1","Nebraska","5/2/20","1","0","31179","0"
"Webster","0","5","Nebraska","5/2/20","3","2","31181","66.67"
"York","0","12","Nebraska","5/2/20","9","3","31185","33.33"
"Carson City","2","48","Nevada","5/2/20","34","14","32510","41.18"
"Churchill","0","3","Nevada","5/2/20","3","0","32001","0"
"Clark","94","4225","Nevada","5/2/20","3570","655","32003","18.35"
"Douglas","0","21","Nevada","5/2/20","18","3","32005","16.67"
"Elko","0","15","Nevada","5/2/20","12","3","32007","25"
"Humboldt","1","44","Nevada","5/2/20","35","9","32013","25.71"
"Lander","1","7","Nevada","5/2/20","1","6","32015","600"
"Lyon","1","33","Nevada","5/2/20","23","10","32019","43.48"
"Mineral","0","4","Nevada","5/2/20","2","2","32021","100"
"Nye","1","37","Nevada","5/2/20","31","6","32023","19.35"
"Washoe","23","949","Nevada","5/2/20","791","158","32031","19.97"
"White Pine","0","3","Nevada","5/2/20","3","0","32033","0"
"Belknap","1","38","New Hampshire","5/2/20","31","7","33001","22.58"
"Carroll","0","32","New Hampshire","5/2/20","30","2","33003","6.67"
"Cheshire","1","40","New Hampshire","5/2/20","36","4","33005","11.11"
"Coos","0","2","New Hampshire","5/2/20","2","0","33007","0"
"Grafton","1","51","New Hampshire","5/2/20","47","4","33009","8.51"
"Hillsborough","40","1058","New Hampshire","5/2/20","780","278","33011","35.64"
"Merrimack","8","185","New Hampshire","5/2/20","129","56","33013","43.41"
"Rockingham","34","828","New Hampshire","5/2/20","593","235","33015","39.63"
"Strafford","3","149","New Hampshire","5/2/20","129","20","33017","15.5"
"Sullivan","0","12","New Hampshire","5/2/20","11","1","33019","9.09"
"Atlantic","65","1050","New Jersey","5/2/20","596","454","34001","76.17"
"Bergen","177","15974","New Jersey","5/2/20","14738","1236","34003","8.39"
"Burlington","104","2879","New Jersey","5/2/20","2153","726","34005","33.72"
"Camden","129","3773","New Jersey","5/2/20","2870","903","34007","31.46"
"Cape May","11","337","New Jersey","5/2/20","261","76","34009","29.12"
"Cumberland","44","809","New Jersey","5/2/20","504","305","34011","60.52"
"Essex","247","14248","New Jersey","5/2/20","12520","1728","34013","13.8"
"Gloucester","55","1334","New Jersey","5/2/20","949","385","34015","40.57"
"Hudson","291","15401","New Jersey","5/2/20","13367","2034","34017","15.22"
"Hunterdon","17","622","New Jersey","5/2/20","505","117","34019","23.17"
"Mercer","147","4271","New Jersey","5/2/20","3245","1026","34021","31.62"
"Middlesex","305","12213","New Jersey","5/2/20","10075","2138","34023","21.22"
"Monmouth","97","6198","New Jersey","5/2/20","5521","677","34025","12.26"
"Morris","84","5406","New Jersey","5/2/20","4821","585","34027","12.13"
"Ocean","126","6692","New Jersey","5/2/20","5811","881","34029","15.16"
"Passaic","335","13082","New Jersey","5/2/20","10738","2344","34031","21.83"
"Salem","12","261","New Jersey","5/2/20","177","84","34033","47.46"
"Somerset","82","3605","New Jersey","5/2/20","3030","575","34035","18.98"
"Sussex","20","949","New Jersey","5/2/20","812","137","34037","16.87"
"Union","210","12996","New Jersey","5/2/20","11523","1473","34039","12.78"
"Warren","27","941","New Jersey","5/2/20","750","191","34041","25.47"
"Bernalillo","30","883","New Mexico","5/2/20","670","213","35001","31.79"
"Catron","0","1","New Mexico","5/2/20","1","0","35003","0"
"Chaves","0","23","New Mexico","5/2/20","22","1","35005","4.55"
"Cibola","3","63","New Mexico","5/2/20","39","24","35006","61.54"
"Colfax","0","5","New Mexico","5/2/20","5","0","35007","0"
"Curry","1","18","New Mexico","5/2/20","11","7","35009","63.64"
"Dona Ana","6","153","New Mexico","5/2/20","110","43","35013","39.09"
"Eddy","0","13","New Mexico","5/2/20","11","2","35015","18.18"
"Grant","0","15","New Mexico","5/2/20","14","1","35017","7.14"
"Guadalupe","0","14","New Mexico","5/2/20","12","2","35019","16.67"
"Harding","0","1","New Mexico","5/2/20","1","0","35021","0"
"Lea","0","12","New Mexico","5/2/20","10","2","35025","20"
"Lincoln","0","2","New Mexico","5/2/20","2","0","35027","0"
"Los Alamos","0","6","New Mexico","5/2/20","6","0","35028","0"
"Luna","0","6","New Mexico","5/2/20","3","3","35029","100"
"McKinley","58","1116","New Mexico","5/2/20","708","408","35031","57.63"
"Otero","0","6","New Mexico","5/2/20","4","2","35035","50"
"Quay","0","4","New Mexico","5/2/20","4","0","35037","0"
"Rio Arriba","1","22","New Mexico","5/2/20","12","10","35039","83.33"
"Roosevelt","0","9","New Mexico","5/2/20","6","3","35041","50"
"San Juan","39","710","New Mexico","5/2/20","435","275","35045","63.22"
"San Miguel","0","2","New Mexico","5/2/20","2","0","35047","0"
"Sandoval","6","410","New Mexico","5/2/20","365","45","35043","12.33"
"Santa Fe","2","107","New Mexico","5/2/20","95","12","35049","12.63"
"Sierra","0","1","New Mexico","5/2/20","0","1","35051","1"
"Socorro","0","43","New Mexico","5/2/20","40","3","35053","7.5"
"Taos","0","19","New Mexico","5/2/20","17","2","35055","11.76"
"Torrance","0","16","New Mexico","5/2/20","13","3","35057","23.08"
"Union","0","3","New Mexico","5/2/20","1","2","35059","200"
"Valencia","1","49","New Mexico","5/2/20","41","8","35061","19.51"
"Albany","48","1238","New York","5/2/20","899","339","36001","37.71"
"Allegany","0","35","New York","5/2/20","35","0","36003","0"
"Broome","8","305","New York","5/2/20","251","54","36007","21.51"
"Cattaraugus","1","50","New York","5/2/20","45","5","36009","11.11"
"Cayuga","1","51","New York","5/2/20","47","4","36011","8.51"
"Chautauqua","1","35","New York","5/2/20","27","8","36013","29.63"
"Chemung","3","124","New York","5/2/20","103","21","36015","20.39"
"Chenango","1","99","New York","5/2/20","91","8","36017","8.79"
"Clinton","1","62","New York","5/2/20","54","8","36019","14.81"
"Columbia","9","205","New York","5/2/20","140","65","36021","46.43"
"Cortland","0","28","New York","5/2/20","28","0","36023","0"
"Delaware","0","61","New York","5/2/20","58","3","36025","5.17"
"Dutchess","56","3049","New York","5/2/20","2660","389","36027","14.62"
"Erie","118","3598","New York","5/2/20","2773","825","36029","29.75"
"Essex","1","28","New York","5/2/20","24","4","36031","16.67"
"Franklin","0","15","New York","5/2/20","14","1","36033","7.14"
"Fulton","3","79","New York","5/2/20","61","18","36035","29.51"
"Genesee","2","155","New York","5/2/20","141","14","36037","9.93"
"Greene","5","142","New York","5/2/20","107","35","36039","32.71"
"Hamilton","0","3","New York","5/2/20","3","0","36041","0"
"Herkimer","1","61","New York","5/2/20","56","5","36043","8.93"
"Jefferson","0","62","New York","5/2/20","59","3","36045","5.08"
"Lewis","0","9","New York","5/2/20","9","0","36049","0"
"Livingston","3","76","New York","5/2/20","58","18","36051","31.03"
"Madison","4","149","New York","5/2/20","121","28","36053","23.14"
"Monroe","36","1534","New York","5/2/20","1285","249","36055","19.38"
"Montgomery","1","54","New York","5/2/20","46","8","36057","17.39"
"Nassau","389","36519","New York","5/2/20","33798","2721","36059","8.05"
"New York","2463","172354","New York","5/2/20","155113","17241","36061","11.12"
"Niagara","16","457","New York","5/2/20","344","113","36063","32.85"
"Oneida","16","474","New York","5/2/20","364","110","36065","30.22"
"Onondaga","34","903","New York","5/2/20","664","239","36067","35.99"
"Ontario","1","92","New York","5/2/20","82","10","36069","12.2"
"Orange","134","8910","New York","5/2/20","7973","937","36071","11.75"
"Orleans","3","93","New York","5/2/20","75","18","36073","24"
"Oswego","1","66","New York","5/2/20","57","9","36075","15.79"
"Otsego","1","67","New York","5/2/20","60","7","36077","11.67"
"Putnam","17","1003","New York","5/2/20","885","118","36079","13.33"
"Rensselaer","13","311","New York","5/2/20","221","90","36083","40.72"
"Rockland","122","11945","New York","5/2/20","11091","854","36087","7.7"
"Saratoga","6","361","New York","5/2/20","320","41","36091","12.81"
"Schenectady","13","521","New York","5/2/20","431","90","36093","20.88"
"Schoharie","1","43","New York","5/2/20","33","10","36095","30.3"
"Schuyler","0","7","New York","5/2/20","7","0","36097","0"
"Seneca","1","42","New York","5/2/20","36","6","36099","16.67"
"St. Lawrence","3","176","New York","5/2/20","156","20","36089","12.82"
"Steuben","2","217","New York","5/2/20","204","13","36101","6.37"
"Suffolk","444","34478","New York","5/2/20","31368","3110","36103","9.91"
"Sullivan","35","931","New York","5/2/20","689","242","36105","35.12"
"Tioga","3","90","New York","5/2/20","71","19","36107","26.76"
"Tompkins","0","128","New York","5/2/20","126","2","36109","1.59"
"Ulster","23","1327","New York","5/2/20","1166","161","36111","13.81"
"Warren","8","185","New York","5/2/20","132","53","36113","40.15"
"Washington","10","184","New York","5/2/20","113","71","36115","62.83"
"Wayne","1","73","New York","5/2/20","65","8","36117","12.31"
"Westchester","342","29626","New York","5/2/20","27231","2395","36119","8.8"
"Wyoming","2","69","New York","5/2/20","57","12","36121","21.05"
"Yates","0","18","New York","5/2/20","16","2","36123","12.5"
"Alamance","6","121","North Carolina","5/2/20","77","44","37001","57.14"
"Alexander","0","4","North Carolina","5/2/20","4","0","37003","0"
"Alleghany","1","6","North Carolina","5/2/20","2","4","37005","200"
"Anson","1","29","North Carolina","5/2/20","20","9","37007","45"
"Ashe","0","5","North Carolina","5/2/20","4","1","37009","25"
"Beaufort","-1","22","North Carolina","5/2/20","31","-9","37013","-29.03"
"Bertie","1","47","North Carolina","5/2/20","40","7","37015","17.5"
"Bladen","3","27","North Carolina","5/2/20","7","20","37017","285.71"
"Brunswick","1","44","North Carolina","5/2/20","39","5","37019","12.82"
"Buncombe","3","72","North Carolina","5/2/20","52","20","37021","38.46"
"Burke","3","110","North Carolina","5/2/20","86","24","37023","27.91"
"Cabarrus","9","310","North Carolina","5/2/20","249","61","37025","24.5"
"Caldwell","1","34","North Carolina","5/2/20","30","4","37027","13.33"
"Camden","0","2","North Carolina","5/2/20","0","2","37029","1"
"Carteret","0","29","North Carolina","5/2/20","27","2","37031","7.41"
"Caswell","2","30","North Carolina","5/2/20","15","15","37033","100"
"Catawba","1","56","North Carolina","5/2/20","50","6","37035","12"
"Chatham","23","375","North Carolina","5/2/20","211","164","37037","77.73"
"Cherokee","0","16","North Carolina","5/2/20","16","0","37039","0"
"Chowan","0","7","North Carolina","5/2/20","9","-2","37041","-22.22"
"Clay","0","6","North Carolina","5/2/20","6","0","37043","0"
"Cleveland","0","47","North Carolina","5/2/20","46","1","37045","2.17"
"Columbus","11","164","North Carolina","5/2/20","87","77","37047","88.51"
"Craven","0","42","North Carolina","5/2/20","39","3","37049","7.69"
"Cumberland","13","289","North Carolina","5/2/20","199","90","37051","45.23"
"Currituck","0","5","North Carolina","5/2/20","2","3","37053","150"
"Dare","0","15","North Carolina","5/2/20","15","0","37055","0"
"Davidson","9","180","North Carolina","5/2/20","120","60","37057","50"
"Davie","0","31","North Carolina","5/2/20","29","2","37059","6.9"
"Duplin","7","113","North Carolina","5/2/20","61","52","37061","85.25"
"Durham","30","755","North Carolina","5/2/20","546","209","37063","38.28"
"Edgecombe","3","98","North Carolina","5/2/20","77","21","37065","27.27"
"Forsyth","16","266","North Carolina","5/2/20","152","114","37067","75"
"Franklin","2","104","North Carolina","5/2/20","92","12","37069","13.04"
"Gaston","3","150","North Carolina","5/2/20","132","18","37071","13.64"
"Gates","0","9","North Carolina","5/2/20","7","2","37073","28.57"
"Graham","0","2","North Carolina","5/2/20","0","2","37075","1"
"Granville","4","157","North Carolina","5/2/20","126","31","37077","24.6"
"Greene","0","19","North Carolina","5/2/20","16","3","37079","18.75"
"Guilford","19","437","North Carolina","5/2/20","304","133","37081","43.75"
"Halifax","1","62","North Carolina","5/2/20","53","9","37083","16.98"
"Harnett","8","173","North Carolina","5/2/20","119","54","37085","45.38"
"Haywood","1","12","North Carolina","5/2/20","5","7","37087","140"
"Henderson","6","201","North Carolina","5/2/20","156","45","37089","28.85"
"Hertford","1","40","North Carolina","5/2/20","32","8","37091","25"
"Hoke","7","97","North Carolina","5/2/20","46","51","37093","110.87"
"Hyde","0","1","North Carolina","5/2/20","1","0","37095","0"
"Iredell","3","119","North Carolina","5/2/20","98","21","37097","21.43"
"Jackson","2","16","North Carolina","5/2/20","5","11","37099","220"
"Johnston","5","164","North Carolina","5/2/20","130","34","37101","26.15"
"Jones","1","17","North Carolina","5/2/20","12","5","37103","41.67"
"Lee","14","197","North Carolina","5/2/20","101","96","37105","95.05"
"Lenoir","5","82","North Carolina","5/2/20","47","35","37107","74.47"
"Lincoln","0","28","North Carolina","5/2/20","25","3","37109","12"
"Macon","0","3","North Carolina","5/2/20","2","1","37113","50"
"Madison","0","1","North Carolina","5/2/20","1","0","37115","0"
"Martin","0","18","North Carolina","5/2/20","16","2","37117","12.5"
"McDowell","1","25","North Carolina","5/2/20","21","4","37111","19.05"
"Mecklenburg","36","1699","North Carolina","5/2/20","1450","249","37119","17.17"
"Mitchell","0","5","North Carolina","5/2/20","5","0","37121","0"
"Montgomery","2","38","North Carolina","5/2/20","21","17","37123","80.95"
"Moore","2","125","North Carolina","5/2/20","108","17","37125","15.74"
"Nash","3","99","North Carolina","5/2/20","80","19","37127","23.75"
"New Hanover","0","79","North Carolina","5/2/20","76","3","37129","3.95"
"Northampton","1","89","North Carolina","5/2/20","83","6","37131","7.23"
"Onslow","1","51","North Carolina","5/2/20","44","7","37133","15.91"
"Orange","2","223","North Carolina","5/2/20","209","14","37135","6.7"
"Pamlico","0","8","North Carolina","5/2/20","7","1","37137","14.29"
"Pasquotank","0","36","North Carolina","5/2/20","34","2","37139","5.88"
"Pender","1","16","North Carolina","5/2/20","11","5","37141","45.45"
"Perquimans","1","14","North Carolina","5/2/20","10","4","37143","40"
"Person","0","22","North Carolina","5/2/20","19","3","37145","15.79"
"Pitt","-2","128","North Carolina","5/2/20","143","-15","37147","-10.49"
"Polk","1","23","North Carolina","5/2/20","13","10","37149","76.92"
"Randolph","16","228","North Carolina","5/2/20","118","110","37151","93.22"
"Richmond","3","55","North Carolina","5/2/20","36","19","37153","52.78"
"Robeson","16","201","North Carolina","5/2/20","92","109","37155","118.48"
"Rockingham","0","26","North Carolina","5/2/20","23","3","37157","13.04"
"Rowan","7","388","North Carolina","5/2/20","342","46","37159","13.45"
"Rutherford","5","142","North Carolina","5/2/20","108","34","37161","31.48"
"Sampson","7","83","North Carolina","5/2/20","36","47","37163","130.56"
"Scotland","1","29","North Carolina","5/2/20","21","8","37165","38.1"
"Stanly","0","29","North Carolina","5/2/20","28","1","37167","3.57"
"Stokes","0","11","North Carolina","5/2/20","11","0","37169","0"
"Surry","1","17","North Carolina","5/2/20","12","5","37171","41.67"
"Swain","1","4","North Carolina","5/2/20","0","4","37173","1"
"Transylvania","0","8","North Carolina","5/2/20","7","1","37175","14.29"
"Tyrrell","0","4","North Carolina","5/2/20","5","-1","37177","-20"
"Union","9","257","North Carolina","5/2/20","195","62","37179","31.79"
"Vance","10","113","North Carolina","5/2/20","41","72","37181","175.61"
"Wake","31","870","North Carolina","5/2/20","651","219","37183","33.64"
"Warren","2","15","North Carolina","5/2/20","4","11","37185","275"
"Washington","0","24","North Carolina","5/2/20","25","-1","37187","-4"
"Watauga","0","9","North Carolina","5/2/20","8","1","37189","12.5"
"Wayne","8","674","North Carolina","5/2/20","618","56","37191","9.06"
"Wilkes","6","59","North Carolina","5/2/20","18","41","37193","227.78"
"Wilson","4","173","North Carolina","5/2/20","148","25","37195","16.89"
"Yadkin","2","23","North Carolina","5/2/20","12","11","37197","91.67"
"Barnes","0","4","North Dakota","5/2/20","4","0","38003","0"
"Bowman","0","1","North Dakota","5/2/20","1","0","38011","0"
"Burke","0","3","North Dakota","5/2/20","3","0","38013","0"
"Burleigh","1","80","North Dakota","5/2/20","74","6","38015","8.11"
"Cass","31","572","North Dakota","5/2/20","357","215","38017","60.22"
"Divide","0","1","North Dakota","5/2/20","1","0","38023","0"
"Dunn","0","11","North Dakota","5/2/20","10","1","38025","10"
"Eddy","0","1","North Dakota","5/2/20","1","0","38027","0"
"Emmons","0","1","North Dakota","5/2/20","1","0","38029","0"
"Foster","0","1","North Dakota","5/2/20","1","0","38031","0"
"Grand Forks","13","265","North Dakota","5/2/20","173","92","38035","53.18"
"Grant","0","1","North Dakota","5/2/20","1","0","38037","0"
"McHenry","0","1","North Dakota","5/2/20","1","0","38049","0"
"McIntosh","0","1","North Dakota","5/2/20","1","0","38051","0"
"McKenzie","0","13","North Dakota","5/2/20","12","1","38053","8.33"
"McLean","0","5","North Dakota","5/2/20","3","2","38055","66.67"
"Morton","0","24","North Dakota","5/2/20","24","0","38059","0"
"Mountrail","0","35","North Dakota","5/2/20","33","2","38061","6.06"
"Nelson","0","1","North Dakota","5/2/20","1","0","38063","0"
"Oliver","0","1","North Dakota","5/2/20","1","0","38065","0"
"Pembina","0","3","North Dakota","5/2/20","1","2","38067","200"
"Pierce","0","2","North Dakota","5/2/20","2","0","38069","0"
"Ramsey","0","3","North Dakota","5/2/20","3","0","38071","0"
"Ransom","0","1","North Dakota","5/2/20","0","1","38073","1"
"Renville","0","1","North Dakota","5/2/20","0","1","38075","1"
"Richland","0","7","North Dakota","5/2/20","7","0","38077","0"
"Rolette","0","1","North Dakota","5/2/20","1","0","38079","0"
"Sargent","0","1","North Dakota","5/2/20","1","0","38081","0"
"Sioux","0","1","North Dakota","5/2/20","1","0","38085","0"
"Slope","0","3","North Dakota","5/2/20","3","0","38087","0"
"Stark","2","54","North Dakota","5/2/20","40","14","38089","35"
"Stutsman","1","10","North Dakota","5/2/20","4","6","38093","150"
"Walsh","0","7","North Dakota","5/2/20","4","3","38099","75"
"Ward","1","25","North Dakota","5/2/20","21","4","38101","19.05"
"Wells","0","2","North Dakota","5/2/20","2","0","38103","0"
"Williams","0","10","North Dakota","5/2/20","10","0","38105","0"
"","0","14","Northern Mariana Islands","5/2/20","14","0",,"0"
"Adams","0","5","Ohio","5/2/20","4","1","39001","25"
"Allen","2","123","Ohio","5/2/20","108","15","39003","13.89"
"Ashland","0","8","Ohio","5/2/20","5","3","39005","60"
"Ashtabula","5","142","Ohio","5/2/20","107","35","39007","32.71"
"Athens","0","4","Ohio","5/2/20","3","1","39009","33.33"
"Auglaize","1","34","Ohio","5/2/20","30","4","39011","13.33"
"Belmont","8","156","Ohio","5/2/20","101","55","39013","54.46"
"Brown","0","11","Ohio","5/2/20","11","0","39015","0"
"Butler","15","318","Ohio","5/2/20","216","102","39017","47.22"
"Carroll","0","21","Ohio","5/2/20","20","1","39019","5"
"Champaign","0","14","Ohio","5/2/20","12","2","39021","16.67"
"Clark","4","63","Ohio","5/2/20","32","31","39023","96.88"
"Clermont","3","99","Ohio","5/2/20","77","22","39025","28.57"
"Clinton","1","31","Ohio","5/2/20","27","4","39027","14.81"
"Columbiana","8","274","Ohio","5/2/20","219","55","39029","25.11"
"Coshocton","0","17","Ohio","5/2/20","16","1","39031","6.25"
"Crawford","2","50","Ohio","5/2/20","39","11","39033","28.21"
"Cuyahoga","63","2305","Ohio","5/2/20","1867","438","39035","23.46"
"Darke","0","76","Ohio","5/2/20","75","1","39037","1.33"
"Defiance","0","20","Ohio","5/2/20","19","1","39039","5.26"
"Delaware","4","168","Ohio","5/2/20","138","30","39041","21.74"
"Erie","2","58","Ohio","5/2/20","47","11","39043","23.4"
"Fairfield","4","140","Ohio","5/2/20","110","30","39045","27.27"
"Fayette","1","17","Ohio","5/2/20","13","4","39047","30.77"
"Franklin","123","2698","Ohio","5/2/20","1839","859","39049","46.71"
"Fulton","1","24","Ohio","5/2/20","19","5","39051","26.32"
"Gallia","0","6","Ohio","5/2/20","6","0","39053","0"
"Geauga","4","159","Ohio","5/2/20","128","31","39055","24.22"
"Greene","1","48","Ohio","5/2/20","41","7","39057","17.07"
"Guernsey","0","16","Ohio","5/2/20","15","1","39059","6.67"
"Hamilton","54","1353","Ohio","5/2/20","975","378","39061","38.77"
"Hancock","1","38","Ohio","5/2/20","34","4","39063","11.76"
"Hardin","0","26","Ohio","5/2/20","23","3","39065","13.04"
"Harrison","0","5","Ohio","5/2/20","2","3","39067","150"
"Henry","0","5","Ohio","5/2/20","4","1","39069","25"
"Highland","0","10","Ohio","5/2/20","8","2","39071","25"
"Hocking","1","19","Ohio","5/2/20","11","8","39073","72.73"
"Holmes","0","6","Ohio","5/2/20","5","1","39075","20"
"Huron","1","31","Ohio","5/2/20","27","4","39077","14.81"
"Jackson","0","4","Ohio","5/2/20","4","0","39079","0"
"Jefferson","1","43","Ohio","5/2/20","35","8","39081","22.86"
"Knox","0","18","Ohio","5/2/20","15","3","39083","20"
"Lake","2","170","Ohio","5/2/20","157","13","39085","8.28"
"Lawrence","0","25","Ohio","5/2/20","22","3","39087","13.64"
"Licking","2","122","Ohio","5/2/20","108","14","39089","12.96"
"Logan","0","19","Ohio","5/2/20","18","1","39091","5.56"
"Lorain","15","480","Ohio","5/2/20","374","106","39093","28.34"
"Lucas","43","1331","Ohio","5/2/20","1033","298","39095","28.85"
"Madison","2","64","Ohio","5/2/20","51","13","39097","25.49"
"Mahoning","23","883","Ohio","5/2/20","721","162","39099","22.47"
"Marion","17","2294","Ohio","5/2/20","2172","122","39101","5.62"
"Medina","3","172","Ohio","5/2/20","153","19","39103","12.42"
"Meigs","0","2","Ohio","5/2/20","2","0","39105","0"
"Mercer","1","28","Ohio","5/2/20","18","10","39107","55.56"
"Miami","1","143","Ohio","5/2/20","135","8","39109","5.93"
"Monroe","0","4","Ohio","5/2/20","2","2","39111","100"
"Montgomery","8","311","Ohio","5/2/20","256","55","39113","21.48"
"Morgan","0","4","Ohio","5/2/20","4","0","39115","0"
"Morrow","7","75","Ohio","5/2/20","26","49","39117","188.46"
"Muskingum","1","17","Ohio","5/2/20","11","6","39119","54.55"
"Noble","0","5","Ohio","5/2/20","4","1","39121","25"
"Ottawa","0","40","Ohio","5/2/20","37","3","39123","8.11"
"Paulding","0","8","Ohio","5/2/20","8","0","39125","0"
"Perry","0","13","Ohio","5/2/20","12","1","39127","8.33"
"Pickaway","9","1724","Ohio","5/2/20","1662","62","39129","3.73"
"Pike","0","3","Ohio","5/2/20","3","0","39131","0"
"Portage","4","243","Ohio","5/2/20","214","29","39133","13.55"
"Preble","0","27","Ohio","5/2/20","25","2","39135","8"
"Putnam","3","69","Ohio","5/2/20","51","18","39137","35.29"
"Richland","2","89","Ohio","5/2/20","77","12","39139","15.58"
"Ross","1","40","Ohio","5/2/20","35","5","39141","14.29"
"Sandusky","2","32","Ohio","5/2/20","20","12","39143","60"
"Scioto","1","11","Ohio","5/2/20","6","5","39145","83.33"
"Seneca","0","14","Ohio","5/2/20","12","2","39147","16.67"
"Shelby","0","30","Ohio","5/2/20","30","0","39149","0"
"Stark","11","379","Ohio","5/2/20","303","76","39151","25.08"
"Summit","29","679","Ohio","5/2/20","475","204","39153","42.95"
"Trumbull","5","324","Ohio","5/2/20","287","37","39155","12.89"
"Tuscarawas","9","109","Ohio","5/2/20","48","61","39157","127.08"
"Union","1","22","Ohio","5/2/20","18","4","39159","22.22"
"Van Wert","0","3","Ohio","5/2/20","3","0","39161","0"
"Vinton","1","6","Ohio","5/2/20","0","6","39163","1"
"Warren","5","166","Ohio","5/2/20","131","35","39165","26.72"
"Washington","1","100","Ohio","5/2/20","93","7","39167","7.53"
"Wayne","7","149","Ohio","5/2/20","100","49","39169","49"
"Williams","1","36","Ohio","5/2/20","27","9","39171","33.33"
"Wood","7","183","Ohio","5/2/20","132","51","39173","38.64"
"Wyandot","0","24","Ohio","5/2/20","24","0","39175","0"
"Adair","2","65","Oklahoma","5/2/20","54","11","40001","20.37"
"Alfalfa","0","1","Oklahoma","5/2/20","1","0","40003","0"
"Atoka","0","1","Oklahoma","5/2/20","1","0","40005","0"
"Beaver","2","13","Oklahoma","5/2/20","2","11","40007","550"
"Beckham","0","5","Oklahoma","5/2/20","3","2","40009","66.67"
"Bryan","0","9","Oklahoma","5/2/20","6","3","40013","50"
"Caddo","2","64","Oklahoma","5/2/20","53","11","40015","20.75"
"Canadian","1","98","Oklahoma","5/2/20","90","8","40017","8.89"
"Carter","0","3","Oklahoma","5/2/20","2","1","40019","50"
"Cherokee","0","27","Oklahoma","5/2/20","26","1","40021","3.85"
"Choctaw","0","3","Oklahoma","5/2/20","3","0","40023","0"
"Cimarron","0","1","Oklahoma","5/2/20","1","0","40025","0"
"Cleveland","4","430","Oklahoma","5/2/20","400","30","40027","7.5"
"Comanche","1","84","Oklahoma","5/2/20","76","8","40031","10.53"
"Cotton","0","5","Oklahoma","5/2/20","5","0","40033","0"
"Craig","0","11","Oklahoma","5/2/20","9","2","40035","22.22"
"Creek","1","80","Oklahoma","5/2/20","73","7","40037","9.59"
"Custer","0","10","Oklahoma","5/2/20","10","0","40039","0"
"Delaware","0","91","Oklahoma","5/2/20","90","1","40041","1.11"
"Dewey","0","2","Oklahoma","5/2/20","2","0","40043","0"
"Garfield","1","18","Oklahoma","5/2/20","11","7","40047","63.64"
"Garvin","0","14","Oklahoma","5/2/20","13","1","40049","7.69"
"Grady","1","38","Oklahoma","5/2/20","34","4","40051","11.76"
"Grant","0","2","Oklahoma","5/2/20","2","0","40053","0"
"Greer","0","65","Oklahoma","5/2/20","64","1","40055","1.56"
"Harper","0","1","Oklahoma","5/2/20","1","0","40059","0"
"Haskell","0","5","Oklahoma","5/2/20","3","2","40061","66.67"
"Jackson","0","16","Oklahoma","5/2/20","14","2","40065","14.29"
"Jefferson","0","2","Oklahoma","5/2/20","2","0","40067","0"
"Johnston","0","3","Oklahoma","5/2/20","4","-1","40069","-25"
"Kay","0","47","Oklahoma","5/2/20","47","0","40071","0"
"Kingfisher","0","8","Oklahoma","5/2/20","7","1","40073","14.29"
"Kiowa","0","5","Oklahoma","5/2/20","4","1","40075","25"
"Latimer","0","5","Oklahoma","5/2/20","4","1","40077","25"
"Le Flore","1","13","Oklahoma","5/2/20","9","4","40079","44.44"
"Lincoln","1","14","Oklahoma","5/2/20","10","4","40081","40"
"Logan","1","16","Oklahoma","5/2/20","12","4","40083","33.33"
"Love","0","2","Oklahoma","5/2/20","2","0","40085","0"
"Major","0","3","Oklahoma","5/2/20","2","1","40093","50"
"Marshall","0","2","Oklahoma","5/2/20","2","0","40095","0"
"Mayes","0","24","Oklahoma","5/2/20","21","3","40097","14.29"
"McClain","6","74","Oklahoma","5/2/20","30","44","40087","146.67"
"McCurtain","0","8","Oklahoma","5/2/20","8","0","40089","0"
"McIntosh","0","2","Oklahoma","5/2/20","2","0","40091","0"
"Murray","0","2","Oklahoma","5/2/20","1","1","40099","100"
"Muskogee","0","27","Oklahoma","5/2/20","26","1","40101","3.85"
"Noble","0","6","Oklahoma","5/2/20","6","0","40103","0"
"Nowata","0","21","Oklahoma","5/2/20","19","2","40105","10.53"
"Okfuskee","0","1","Oklahoma","5/2/20","1","0","40107","0"
"Oklahoma","18","822","Oklahoma","5/2/20","694","128","40109","18.44"
"Okmulgee","0","16","Oklahoma","5/2/20","16","0","40111","0"
"Osage","1","76","Oklahoma","5/2/20","71","5","40113","7.04"
"Ottawa","1","34","Oklahoma","5/2/20","29","5","40115","17.24"
"Pawnee","0","29","Oklahoma","5/2/20","28","1","40117","3.57"
"Payne","0","44","Oklahoma","5/2/20","43","1","40119","2.33"
"Pittsburg","2","35","Oklahoma","5/2/20","21","14","40121","66.67"
"Pontotoc","0","10","Oklahoma","5/2/20","10","0","40123","0"
"Pottawatomie","2","51","Oklahoma","5/2/20","40","11","40125","27.5"
"Pushmataha","0","1","Oklahoma","5/2/20","0","1","40127","1"
"Rogers","3","65","Oklahoma","5/2/20","46","19","40131","41.3"
"Seminole","1","12","Oklahoma","5/2/20","8","4","40133","50"
"Sequoyah","0","12","Oklahoma","5/2/20","11","1","40135","9.09"
"Stephens","0","22","Oklahoma","5/2/20","20","2","40137","10"
"Texas","15","172","Oklahoma","5/2/20","68","104","40139","152.94"
"Tillman","0","2","Oklahoma","5/2/20","1","1","40141","100"
"Tulsa","18","607","Oklahoma","5/2/20","479","128","40143","26.72"
"Wagoner","1","122","Oklahoma","5/2/20","114","8","40145","7.02"
"Washington","7","268","Oklahoma","5/2/20","222","46","40147","20.72"
"Washita","0","0","Oklahoma","5/2/20","1","-1","40149","-100"
"Woods","0","3","Oklahoma","5/2/20","3","0","40151","0"
"Woodward","0","1","Oklahoma","5/2/20","1","0","40153","0"
"Benton","1","32","Oregon","5/2/20","28","4","41003","14.29"
"Clackamas","3","224","Oregon","5/2/20","201","23","41005","11.44"
"Clatsop","0","7","Oregon","5/2/20","6","1","41007","16.67"
"Columbia","0","14","Oregon","5/2/20","14","0","41009","0"
"Coos","2","21","Oregon","5/2/20","8","13","41011","162.5"
"Crook","0","1","Oregon","5/2/20","1","0","41013","0"
"Curry","0","4","Oregon","5/2/20","4","0","41015","0"
"Deschutes","1","78","Oregon","5/2/20","71","7","41017","9.86"
"Douglas","0","24","Oregon","5/2/20","23","1","41019","4.35"
"Grant","0","1","Oregon","5/2/20","1","0","41023","0"
"Harney","0","1","Oregon","5/2/20","0","1","41025","1"
"Hood River","0","7","Oregon","5/2/20","5","2","41027","40"
"Jackson","0","49","Oregon","5/2/20","49","0","41029","0"
"Jefferson","1","13","Oregon","5/2/20","5","8","41031","160"
"Josephine","0","21","Oregon","5/2/20","19","2","41033","10.53"
"Klamath","0","39","Oregon","5/2/20","36","3","41035","8.33"
"Lane","1","54","Oregon","5/2/20","50","4","41039","8"
"Lincoln","0","5","Oregon","5/2/20","5","0","41041","0"
"Linn","2","87","Oregon","5/2/20","71","16","41043","22.54"
"Malheur","1","12","Oregon","5/2/20","6","6","41045","100"
"Marion","13","523","Oregon","5/2/20","432","91","41047","21.06"
"Morrow","1","9","Oregon","5/2/20","5","4","41049","80"
"Multnomah","16","734","Oregon","5/2/20","623","111","41051","17.82"
"Polk","1","41","Oregon","5/2/20","37","4","41053","10.81"
"Sherman","0","1","Oregon","5/2/20","1","0","41055","0"
"Tillamook","0","6","Oregon","5/2/20","6","0","41057","0"
"Umatilla","4","61","Oregon","5/2/20","35","26","41059","74.29"
"Union","0","4","Oregon","5/2/20","4","0","41061","0"
"Wallowa","0","1","Oregon","5/2/20","1","0","41063","0"
"Wasco","0","13","Oregon","5/2/20","12","1","41065","8.33"
"Washington","7","509","Oregon","5/2/20","459","50","41067","10.89"
"Yamhill","1","39","Oregon","5/2/20","35","4","41071","11.43"
"Adams","4","141","Pennsylvania","5/2/20","113","28","42001","24.78"
"Allegheny","19","1333","Pennsylvania","5/2/20","1198","135","42003","11.27"
"Armstrong","1","52","Pennsylvania","5/2/20","46","6","42005","13.04"
"Beaver","11","435","Pennsylvania","5/2/20","359","76","42007","21.17"
"Bedford","0","24","Pennsylvania","5/2/20","21","3","42009","14.29"
"Berks","58","2810","Pennsylvania","5/2/20","2406","404","42011","16.79"
"Blair","0","23","Pennsylvania","5/2/20","21","2","42013","9.52"
"Bradford","1","35","Pennsylvania","5/2/20","28","7","42015","25"
"Bucks","92","3182","Pennsylvania","5/2/20","2541","641","42017","25.23"
"Butler","2","180","Pennsylvania","5/2/20","168","12","42019","7.14"
"Cambria","2","32","Pennsylvania","5/2/20","21","11","42021","52.38"
"Cameron","0","1","Pennsylvania","5/2/20","1","0","42023","0"
"Carbon","3","182","Pennsylvania","5/2/20","162","20","42025","12.35"
"Centre","2","96","Pennsylvania","5/2/20","81","15","42027","18.52"
"Chester","48","1469","Pennsylvania","5/2/20","1134","335","42029","29.54"
"Clarion","0","23","Pennsylvania","5/2/20","22","1","42031","4.55"
"Clearfield","1","16","Pennsylvania","5/2/20","11","5","42033","45.45"
"Clinton","2","34","Pennsylvania","5/2/20","18","16","42035","88.89"
"Columbia","5","290","Pennsylvania","5/2/20","257","33","42037","12.84"
"Crawford","0","19","Pennsylvania","5/2/20","19","0","42039","0"
"Cumberland","16","365","Pennsylvania","5/2/20","250","115","42041","46"
"Dauphin","18","617","Pennsylvania","5/2/20","492","125","42043","25.41"
"Delaware","120","3999","Pennsylvania","5/2/20","3161","838","42045","26.51"
"Elk","0","4","Pennsylvania","5/2/20","2","2","42047","100"
"Erie","2","90","Pennsylvania","5/2/20","79","11","42049","13.92"
"Fayette","0","82","Pennsylvania","5/2/20","79","3","42051","3.8"
"Forest","0","7","Pennsylvania","5/2/20","7","0","42053","0"
"Franklin","21","325","Pennsylvania","5/2/20","181","144","42055","79.56"
"Fulton","0","6","Pennsylvania","5/2/20","3","3","42057","100"
"Greene","0","27","Pennsylvania","5/2/20","25","2","42059","8"
"Huntingdon","4","48","Pennsylvania","5/2/20","22","26","42061","118.18"
"Indiana","0","63","Pennsylvania","5/2/20","63","0","42063","0"
"Jefferson","0","6","Pennsylvania","5/2/20","4","2","42065","50"
"Juniata","1","84","Pennsylvania","5/2/20","77","7","42067","9.09"
"Lackawanna","28","968","Pennsylvania","5/2/20","772","196","42069","25.39"
"Lancaster","58","1904","Pennsylvania","5/2/20","1501","403","42071","26.85"
"Lawrence","1","65","Pennsylvania","5/2/20","61","4","42073","6.56"
"Lebanon","17","710","Pennsylvania","5/2/20","592","118","42075","19.93"
"Lehigh","49","2896","Pennsylvania","5/2/20","2551","345","42077","13.52"
"Luzerne","36","2211","Pennsylvania","5/2/20","1962","249","42079","12.69"
"Lycoming","4","81","Pennsylvania","5/2/20","53","28","42081","52.83"
"McKean","0","6","Pennsylvania","5/2/20","5","1","42083","20"
"Mercer","0","66","Pennsylvania","5/2/20","64","2","42085","3.12"
"Mifflin","2","38","Pennsylvania","5/2/20","26","12","42087","46.15"
"Monroe","16","1165","Pennsylvania","5/2/20","1054","111","42089","10.53"
"Montgomery","123","4487","Pennsylvania","5/2/20","3627","860","42091","23.71"
"Montour","0","49","Pennsylvania","5/2/20","47","2","42093","4.26"
"Northampton","57","2182","Pennsylvania","5/2/20","1780","402","42095","22.58"
"Northumberland","2","98","Pennsylvania","5/2/20","87","11","42097","12.64"
"Perry","1","33","Pennsylvania","5/2/20","26","7","42099","26.92"
"Philadelphia","466","15137","Pennsylvania","5/2/20","11877","3260","42101","27.45"
"Pike","7","394","Pennsylvania","5/2/20","347","47","42103","13.54"
"Potter","0","4","Pennsylvania","5/2/20","4","0","42105","0"
"Schuylkill","10","384","Pennsylvania","5/2/20","311","73","42107","23.47"
"Snyder","0","33","Pennsylvania","5/2/20","32","1","42109","3.12"
"Somerset","1","29","Pennsylvania","5/2/20","25","4","42111","16"
"Sullivan","0","1","Pennsylvania","5/2/20","1","0","42113","0"
"Susquehanna","1","84","Pennsylvania","5/2/20","77","7","42115","9.09"
"Tioga","0","16","Pennsylvania","5/2/20","14","2","42117","14.29"
"Union","1","38","Pennsylvania","5/2/20","31","7","42119","22.58"
"Venango","0","7","Pennsylvania","5/2/20","7","0","42121","0"
"Warren","0","1","Pennsylvania","5/2/20","1","0","42123","0"
"Washington","3","118","Pennsylvania","5/2/20","99","19","42125","19.19"
"Wayne","2","104","Pennsylvania","5/2/20","92","12","42127","13.04"
"Westmoreland","5","396","Pennsylvania","5/2/20","360","36","42129","10"
"Wyoming","1","25","Pennsylvania","5/2/20","17","8","42131","47.06"
"York","12","664","Pennsylvania","5/2/20","578","86","42133","14.88"
"","64","1757","Puerto Rico","5/2/20","1307","450",,"34.43"
"Bristol","5","144","Rhode Island","5/2/20","107","37","44001","34.58"
"Kent","26","675","Rhode Island","5/2/20","496","179","44003","36.09"
"Newport","4","156","Rhode Island","5/2/20","130","26","44005","20"
"Providence","272","6822","Rhode Island","5/2/20","4916","1906","44007","38.77"
"Washington","10","350","Rhode Island","5/2/20","282","68","44009","24.11"
"Abbeville","1","31","South Carolina","5/2/20","24","7","45001","29.17"
"Aiken","2","105","South Carolina","5/2/20","89","16","45003","17.98"
"Allendale","0","11","South Carolina","5/2/20","8","3","45005","37.5"
"Anderson","4","169","South Carolina","5/2/20","138","31","45007","22.46"
"Bamberg","1","12","South Carolina","5/2/20","7","5","45009","71.43"
"Barnwell","1","24","South Carolina","5/2/20","14","10","45011","71.43"
"Beaufort","2","269","South Carolina","5/2/20","253","16","45013","6.32"
"Berkeley","1","185","South Carolina","5/2/20","181","4","45015","2.21"
"Calhoun","0","7","South Carolina","5/2/20","6","1","45017","16.67"
"Charleston","5","456","South Carolina","5/2/20","424","32","45019","7.55"
"Cherokee","0","17","South Carolina","5/2/20","14","3","45021","21.43"
"Chester","1","32","South Carolina","5/2/20","27","5","45023","18.52"
"Chesterfield","2","59","South Carolina","5/2/20","44","15","45025","34.09"
"Clarendon","7","218","South Carolina","5/2/20","172","46","45027","26.74"
"Colleton","1","32","South Carolina","5/2/20","26","6","45029","23.08"
"Darlington","5","135","South Carolina","5/2/20","103","32","45031","31.07"
"Dillon","5","67","South Carolina","5/2/20","35","32","45033","91.43"
"Dorchester","2","100","South Carolina","5/2/20","86","14","45035","16.28"
"Edgefield","1","31","South Carolina","5/2/20","23","8","45037","34.78"
"Fairfield","2","42","South Carolina","5/2/20","29","13","45039","44.83"
"Florence","12","329","South Carolina","5/2/20","242","87","45041","35.95"
"Georgetown","1","44","South Carolina","5/2/20","39","5","45043","12.82"
"Greenville","26","749","South Carolina","5/2/20","564","185","45045","32.8"
"Greenwood","1","53","South Carolina","5/2/20","43","10","45047","23.26"
"Hampton","1","26","South Carolina","5/2/20","21","5","45049","23.81"
"Horry","3","223","South Carolina","5/2/20","201","22","45051","10.95"
"Jasper","1","21","South Carolina","5/2/20","17","4","45053","23.53"
"Kershaw","4","243","South Carolina","5/2/20","215","28","45055","13.02"
"Lancaster","2","100","South Carolina","5/2/20","85","15","45057","17.65"
"Laurens","3","40","South Carolina","5/2/20","22","18","45059","81.82"
"Lee","2","68","South Carolina","5/2/20","51","17","45061","33.33"
"Lexington","14","414","South Carolina","5/2/20","317","97","45063","30.6"
"Marion","1","37","South Carolina","5/2/20","29","8","45067","27.59"
"Marlboro","2","49","South Carolina","5/2/20","38","11","45069","28.95"
"McCormick","0","6","South Carolina","5/2/20","6","0","45065","0"
"Newberry","1","28","South Carolina","5/2/20","22","6","45071","27.27"
"Oconee","1","25","South Carolina","5/2/20","20","5","45073","25"
"Orangeburg","4","81","South Carolina","5/2/20","56","25","45075","44.64"
"Pickens","2","58","South Carolina","5/2/20","44","14","45077","31.82"
"Richland","23","946","South Carolina","5/2/20","787","159","45079","20.2"
"Saluda","5","64","South Carolina","5/2/20","28","36","45081","128.57"
"Spartanburg","8","302","South Carolina","5/2/20","243","59","45083","24.28"
"Sumter","5","248","South Carolina","5/2/20","213","35","45085","16.43"
"Union","0","26","South Carolina","5/2/20","25","1","45087","4"
"Williamsburg","6","88","South Carolina","5/2/20","45","43","45089","95.56"
"York","6","219","South Carolina","5/2/20","177","42","45091","23.73"
"Aurora","0","1","South Dakota","5/2/20","1","0","46003","0"
"Beadle","0","21","South Dakota","5/2/20","21","0","46005","0"
"Bon Homme","0","4","South Dakota","5/2/20","4","0","46009","0"
"Brookings","0","13","South Dakota","5/2/20","11","2","46011","18.18"
"Brown","3","51","South Dakota","5/2/20","30","21","46013","70"
"Buffalo","0","1","South Dakota","5/2/20","0","1","46017","1"
"Charles Mix","0","5","South Dakota","5/2/20","4","1","46023","25"
"Clark","0","1","South Dakota","5/2/20","1","0","46025","0"
"Clay","0","6","South Dakota","5/2/20","5","1","46027","20"
"Codington","0","14","South Dakota","5/2/20","14","0","46029","0"
"Corson","0","1","South Dakota","5/2/20","1","0","46031","0"
"Davison","0","6","South Dakota","5/2/20","5","1","46035","20"
"Day","1","8","South Dakota","5/2/20","0","8","46037","1"
"Deuel","0","1","South Dakota","5/2/20","1","0","46039","0"
"Dewey","0","1","South Dakota","5/2/20","0","1","46041","1"
"Douglas","0","1","South Dakota","5/2/20","0","1","46043","1"
"Fall River","0","1","South Dakota","5/2/20","1","0","46047","0"
"Faulk","0","1","South Dakota","5/2/20","1","0","46049","0"
"Hamlin","0","2","South Dakota","5/2/20","2","0","46057","0"
"Hand","0","1","South Dakota","5/2/20","0","1","46059","1"
"Hughes","1","13","South Dakota","5/2/20","7","6","46065","85.71"
"Hutchinson","0","3","South Dakota","5/2/20","2","1","46067","50"
"Hyde","0","1","South Dakota","5/2/20","1","0","46069","0"
"Jerauld","0","6","South Dakota","5/2/20","6","0","46073","0"
"Lake","0","4","South Dakota","5/2/20","4","0","46079","0"
"Lawrence","0","9","South Dakota","5/2/20","9","0","46081","0"
"Lincoln","4","156","South Dakota","5/2/20","125","31","46083","24.8"
"Lyman","0","3","South Dakota","5/2/20","2","1","46085","50"
"Marshall","0","1","South Dakota","5/2/20","1","0","46091","0"
"McCook","0","4","South Dakota","5/2/20","4","0","46087","0"
"McPherson","0","1","South Dakota","5/2/20","1","0","46089","0"
"Meade","0","1","South Dakota","5/2/20","1","0","46093","0"
"Miner","0","1","South Dakota","5/2/20","1","0","46097","0"
"Minnehaha","47","2123","South Dakota","5/2/20","1796","327","46099","18.21"
"Moody","0","5","South Dakota","5/2/20","2","3","46101","150"
"Oglala Lakota","0","1","South Dakota","5/2/20","1","0","46102","0"
"Pennington","0","13","South Dakota","5/2/20","11","2","46103","18.18"
"Roberts","1","9","South Dakota","5/2/20","4","5","46109","125"
"Sanborn","0","3","South Dakota","5/2/20","3","0","46111","0"
"Spink","0","3","South Dakota","5/2/20","3","0","46115","0"
"Stanley","1","8","South Dakota","5/2/20","1","7","46117","700"
"Sully","0","1","South Dakota","5/2/20","1","0","46119","0"
"Todd","0","3","South Dakota","5/2/20","1","2","46121","200"
"Turner","0","17","South Dakota","5/2/20","15","2","46125","13.33"
"Union","2","27","South Dakota","5/2/20","12","15","46127","125"
"Walworth","0","5","South Dakota","5/2/20","5","0","46129","0"
"Yankton","0","27","South Dakota","5/2/20","26","1","46135","3.85"
"Anderson","1","28","Tennessee","5/2/20","24","4","47001","16.67"
"Bedford","6","193","Tennessee","5/2/20","150","43","47003","28.67"
"Benton","0","6","Tennessee","5/2/20","6","0","47005","0"
"Bledsoe","1","596","Tennessee","5/2/20","586","10","47007","1.71"
"Blount","1","63","Tennessee","5/2/20","53","10","47009","18.87"
"Bradley","2","52","Tennessee","5/2/20","41","11","47011","26.83"
"Campbell","0","16","Tennessee","5/2/20","13","3","47013","23.08"
"Cannon","0","12","Tennessee","5/2/20","10","2","47015","20"
"Carroll","0","18","Tennessee","5/2/20","16","2","47017","12.5"
"Carter","1","14","Tennessee","5/2/20","10","4","47019","40"
"Cheatham","2","48","Tennessee","5/2/20","36","12","47021","33.33"
"Chester","0","10","Tennessee","5/2/20","10","0","47023","0"
"Claiborne","0","5","Tennessee","5/2/20","5","0","47025","0"
"Clay","0","5","Tennessee","5/2/20","5","0","47027","0"
"Cocke","0","16","Tennessee","5/2/20","14","2","47029","14.29"
"Coffee","1","38","Tennessee","5/2/20","31","7","47031","22.58"
"Crockett","0","7","Tennessee","5/2/20","7","0","47033","0"
"Cumberland","1","74","Tennessee","5/2/20","66","8","47035","12.12"
"Davidson","91","2773","Tennessee","5/2/20","2136","637","47037","29.82"
"Decatur","0","4","Tennessee","5/2/20","4","0","47039","0"
"DeKalb","1","18","Tennessee","5/2/20","11","7","47041","63.64"
"Dickson","2","77","Tennessee","5/2/20","64","13","47043","20.31"
"Dyer","1","36","Tennessee","5/2/20","31","5","47045","16.13"
"Fayette","1","59","Tennessee","5/2/20","51","8","47047","15.69"
"Fentress","0","4","Tennessee","5/2/20","4","0","47049","0"
"Franklin","1","36","Tennessee","5/2/20","29","7","47051","24.14"
"Gibson","2","48","Tennessee","5/2/20","35","13","47053","37.14"
"Giles","0","8","Tennessee","5/2/20","5","3","47055","60"
"Grainger","0","6","Tennessee","5/2/20","4","2","47057","50"
"Greene","0","43","Tennessee","5/2/20","41","2","47059","4.88"
"Grundy","0","28","Tennessee","5/2/20","28","0","47061","0"
"Hamblen","1","18","Tennessee","5/2/20","14","4","47063","28.57"
"Hamilton","4","168","Tennessee","5/2/20","140","28","47065","20"
"Hardeman","1","17","Tennessee","5/2/20","11","6","47069","54.55"
"Hardin","0","5","Tennessee","5/2/20","5","0","47071","0"
"Hawkins","0","30","Tennessee","5/2/20","29","1","47073","3.45"
"Haywood","1","23","Tennessee","5/2/20","17","6","47075","35.29"
"Henderson","1","9","Tennessee","5/2/20","5","4","47077","80"
"Henry","0","13","Tennessee","5/2/20","11","2","47079","18.18"
"Hickman","1","44","Tennessee","5/2/20","40","4","47081","10"
"Houston","0","5","Tennessee","5/2/20","4","1","47083","25"
"Humphreys","0","11","Tennessee","5/2/20","9","2","47085","22.22"
"Jackson","0","7","Tennessee","5/2/20","7","0","47087","0"
"Jefferson","1","22","Tennessee","5/2/20","17","5","47089","29.41"
"Johnson","0","3","Tennessee","5/2/20","2","1","47091","50"
"Knox","4","236","Tennessee","5/2/20","210","26","47093","12.38"
"Lake","1","55","Tennessee","5/2/20","48","7","47095","14.58"
"Lauderdale","1","21","Tennessee","5/2/20","16","5","47097","31.25"
"Lawrence","0","17","Tennessee","5/2/20","16","1","47099","6.25"
"Lewis","0","2","Tennessee","5/2/20","2","0","47101","0"
"Lincoln","0","14","Tennessee","5/2/20","12","2","47103","16.67"
"Loudon","2","37","Tennessee","5/2/20","25","12","47105","48"
"Macon","1","44","Tennessee","5/2/20","37","7","47111","18.92"
"Madison","6","138","Tennessee","5/2/20","99","39","47113","39.39"
"Marion","0","29","Tennessee","5/2/20","28","1","47115","3.57"
"Marshall","0","23","Tennessee","5/2/20","22","1","47117","4.55"
"Maury","1","44","Tennessee","5/2/20","38","6","47119","15.79"
"McMinn","12","97","Tennessee","5/2/20","10","87","47107","870"
"McNairy","0","11","Tennessee","5/2/20","11","0","47109","0"
"Meigs","1","9","Tennessee","5/2/20","5","4","47121","80"
"Monroe","1","22","Tennessee","5/2/20","12","10","47123","83.33"
"Montgomery","2","148","Tennessee","5/2/20","134","14","47125","10.45"
"Moore","0","3","Tennessee","5/2/20","3","0","47127","0"
"Morgan","0","6","Tennessee","5/2/20","6","0","47129","0"
"Obion","0","15","Tennessee","5/2/20","12","3","47131","25"
"Out of TN","-1","302","Tennessee","5/2/20","307","-5","80047","-1.63"
"Overton","0","9","Tennessee","5/2/20","7","2","47133","28.57"
"Perry","1","12","Tennessee","5/2/20","8","4","47135","50"
"Polk","1","11","Tennessee","5/2/20","6","5","47139","83.33"
"Putnam","4","136","Tennessee","5/2/20","106","30","47141","28.3"
"Rhea","0","5","Tennessee","5/2/20","3","2","47143","66.67"
"Roane","0","7","Tennessee","5/2/20","7","0","47145","0"
"Robertson","6","168","Tennessee","5/2/20","127","41","47147","32.28"
"Rutherford","23","547","Tennessee","5/2/20","387","160","47149","41.34"
"Scott","0","11","Tennessee","5/2/20","11","0","47151","0"
"Sequatchie","0","5","Tennessee","5/2/20","4","1","47153","25"
"Sevier","1","49","Tennessee","5/2/20","42","7","47155","16.67"
"Shelby","84","2672","Tennessee","5/2/20","2086","586","47157","28.09"
"Smith","0","22","Tennessee","5/2/20","19","3","47159","15.79"
"Stewart","0","7","Tennessee","5/2/20","6","1","47161","16.67"
"Sullivan","0","49","Tennessee","5/2/20","48","1","47163","2.08"
"Sumner","8","640","Tennessee","5/2/20","584","56","47165","9.59"
"Tipton","1","99","Tennessee","5/2/20","91","8","47167","8.79"
"Trousdale","185","1344","Tennessee","5/2/20","47","1297","47169","2759.57"
"Unicoi","0","2","Tennessee","5/2/20","1","1","47171","100"
"Union","0","3","Tennessee","5/2/20","3","0","47173","0"
"Van Buren","0","2","Tennessee","5/2/20","2","0","47175","0"
"Warren","0","8","Tennessee","5/2/20","5","3","47177","60"
"Washington","1","57","Tennessee","5/2/20","49","8","47179","16.33"
"Wayne","0","4","Tennessee","5/2/20","2","2","47181","100"
"Weakley","1","23","Tennessee","5/2/20","16","7","47183","43.75"
"White","0","7","Tennessee","5/2/20","4","3","47185","75"
"Williamson","5","419","Tennessee","5/2/20","381","38","47187","9.97"
"Wilson","10","268","Tennessee","5/2/20","199","69","47189","34.67"
"Anderson","2","32","Texas","5/2/20","18","14","48001","77.78"
"Andrews","0","20","Texas","5/2/20","19","1","48003","5.26"
"Angelina","3","55","Texas","5/2/20","36","19","48005","52.78"
"Aransas","0","2","Texas","5/2/20","2","0","48007","0"
"Armstrong","0","2","Texas","5/2/20","2","0","48011","0"
"Atascosa","1","19","Texas","5/2/20","14","5","48013","35.71"
"Austin","0","13","Texas","5/2/20","12","1","48015","8.33"
"Bandera","0","6","Texas","5/2/20","4","2","48019","50"
"Bastrop","4","83","Texas","5/2/20","57","26","48021","45.61"
"Bee","0","6","Texas","5/2/20","6","0","48025","0"
"Bell","4","193","Texas","5/2/20","165","28","48027","16.97"
"Bexar","20","1477","Texas","5/2/20","1334","143","48029","10.72"
"Blanco","0","6","Texas","5/2/20","6","0","48031","0"
"Bosque","0","4","Texas","5/2/20","3","1","48035","33.33"
"Bowie","1","76","Texas","5/2/20","67","9","48037","13.43"
"Brazoria","17","537","Texas","5/2/20","417","120","48039","28.78"
"Brazos","4","208","Texas","5/2/20","181","27","48041","14.92"
"Brewster","0","1","Texas","5/2/20","0","1","48043","1"
"Briscoe","0","1","Texas","5/2/20","0","1","48045","1"
"Brooks","0","1","Texas","5/2/20","1","0","48047","0"
"Brown","3","36","Texas","5/2/20","17","19","48049","111.76"
"Burleson","0","14","Texas","5/2/20","11","3","48051","27.27"
"Burnet","1","20","Texas","5/2/20","14","6","48053","42.86"
"Caldwell","1","20","Texas","5/2/20","10","10","48055","100"
"Calhoun","1","31","Texas","5/2/20","26","5","48057","19.23"
"Callahan","0","2","Texas","5/2/20","1","1","48059","100"
"Cameron","10","421","Texas","5/2/20","354","67","48061","18.93"
"Camp","0","6","Texas","5/2/20","6","0","48063","0"
"Carson","0","2","Texas","5/2/20","1","1","48065","100"
"Cass","0","15","Texas","5/2/20","13","2","48067","15.38"
"Castro","0","15","Texas","5/2/20","13","2","48069","15.38"
"Chambers","0","43","Texas","5/2/20","41","2","48071","4.88"
"Cherokee","1","17","Texas","5/2/20","12","5","48073","41.67"
"Childress","0","1","Texas","5/2/20","1","0","48075","0"
"Clay","0","3","Texas","5/2/20","3","0","48077","0"
"Cochran","0","1","Texas","5/2/20","1","0","48079","0"
"Coleman","0","1","Texas","5/2/20","1","0","48083","0"
"Collin","18","766","Texas","5/2/20","639","127","48085","19.87"
"Colorado","0","11","Texas","5/2/20","10","1","48089","10"
"Comal","1","58","Texas","5/2/20","48","10","48091","20.83"
"Comanche","0","3","Texas","5/2/20","4","-1","48093","-25"
"Concho","0","1","Texas","5/2/20","1","0","48095","0"
"Cooke","1","8","Texas","5/2/20","4","4","48097","100"
"Coryell","8","160","Texas","5/2/20","104","56","48099","53.85"
"Cottle","0","2","Texas","5/2/20","0","2","48101","1"
"Crane","0","2","Texas","5/2/20","2","0","48103","0"
"Crosby","0","2","Texas","5/2/20","2","0","48107","0"
"Dallam","1","12","Texas","5/2/20","8","4","48111","50"
"Dallas","141","3899","Texas","5/2/20","2909","990","48113","34.03"
"Dawson","1","26","Texas","5/2/20","18","8","48115","44.44"
"Deaf Smith","2","34","Texas","5/2/20","21","13","48117","61.9"
"Delta","0","1","Texas","5/2/20","1","0","48119","0"
"Denton","15","786","Texas","5/2/20","680","106","48121","15.59"
"DeWitt","0","15","Texas","5/2/20","15","0","48123","0"
"Dickens","0","1","Texas","5/2/20","1","0","48125","0"
"Dimmit","0","1","Texas","5/2/20","1","0","48127","0"
"Donley","0","25","Texas","5/2/20","24","1","48129","4.17"
"Duval","0","3","Texas","5/2/20","2","1","48131","50"
"Eastland","0","3","Texas","5/2/20","3","0","48133","0"
"Ector","2","78","Texas","5/2/20","67","11","48135","16.42"
"El Paso","36","961","Texas","5/2/20","706","255","48141","36.12"
"Ellis","6","166","Texas","5/2/20","127","39","48139","30.71"
"Erath","0","12","Texas","5/2/20","13","-1","48143","-7.69"
"Falls","0","4","Texas","5/2/20","1","3","48145","300"
"Fannin","1","19","Texas","5/2/20","15","4","48147","26.67"
"Fayette","0","15","Texas","5/2/20","15","0","48149","0"
"Floyd","0","3","Texas","5/2/20","3","0","48153","0"
"Fort Bend","25","1079","Texas","5/2/20","905","174","48157","19.23"
"Franklin","0","2","Texas","5/2/20","1","1","48159","100"
"Freestone","0","6","Texas","5/2/20","3","3","48161","100"
"Frio","1","8","Texas","5/2/20","3","5","48163","166.67"
"Gaines","0","2","Texas","5/2/20","2","0","48165","0"
"Galveston","13","614","Texas","5/2/20","522","92","48167","17.62"
"Garza","0","3","Texas","5/2/20","0","3","48169","1"
"Gillespie","0","3","Texas","5/2/20","1","2","48171","200"
"Glasscock","0","1","Texas","5/2/20","0","1","48173","1"
"Goliad","0","7","Texas","5/2/20","6","1","48175","16.67"
"Gonzales","2","23","Texas","5/2/20","8","15","48177","187.5"
"Gray","3","58","Texas","5/2/20","35","23","48179","65.71"
"Grayson","2","38","Texas","5/2/20","22","16","48181","72.73"
"Gregg","4","87","Texas","5/2/20","59","28","48183","47.46"
"Grimes","1","21","Texas","5/2/20","13","8","48185","61.54"
"Guadalupe","3","85","Texas","5/2/20","67","18","48187","26.87"
"Hale","1","26","Texas","5/2/20","19","7","48189","36.84"
"Hamilton","0","5","Texas","5/2/20","5","0","48193","0"
"Hansford","0","6","Texas","5/2/20","4","2","48195","50"
"Hardin","2","103","Texas","5/2/20","92","11","48199","11.96"
"Harris","175","6708","Texas","5/2/20","5482","1226","48201","22.36"
"Harrison","7","121","Texas","5/2/20","69","52","48203","75.36"
"Hartley","0","5","Texas","5/2/20","4","1","48205","25"
"Hays","3","167","Texas","5/2/20","148","19","48209","12.84"
"Hemphill","0","1","Texas","5/2/20","1","0","48211","0"
"Henderson","1","28","Texas","5/2/20","22","6","48213","27.27"
"Hidalgo","6","339","Texas","5/2/20","299","40","48215","13.38"
"Hill","0","16","Texas","5/2/20","15","1","48217","6.67"
"Hockley","0","20","Texas","5/2/20","20","0","48219","0"
"Hood","0","20","Texas","5/2/20","17","3","48221","17.65"
"Hopkins","0","6","Texas","5/2/20","4","2","48223","50"
"Houston","0","7","Texas","5/2/20","6","1","48225","16.67"
"Howard","0","4","Texas","5/2/20","4","0","48227","0"
"Hunt","1","48","Texas","5/2/20","38","10","48231","26.32"
"Hutchinson","0","14","Texas","5/2/20","11","3","48233","27.27"
"Jack","0","4","Texas","5/2/20","4","0","48237","0"
"Jackson","1","10","Texas","5/2/20","6","4","48239","66.67"
"Jasper","1","18","Texas","5/2/20","14","4","48241","28.57"
"Jefferson","11","318","Texas","5/2/20","243","75","48245","30.86"
"Jim Hogg","0","3","Texas","5/2/20","1","2","48247","200"
"Jim Wells","0","4","Texas","5/2/20","3","1","48249","33.33"
"Johnson","4","82","Texas","5/2/20","57","25","48251","43.86"
"Jones","7","62","Texas","5/2/20","13","49","48253","376.92"
"Karnes","0","3","Texas","5/2/20","3","0","48255","0"
"Kaufman","2","87","Texas","5/2/20","71","16","48257","22.54"
"Kendall","0","16","Texas","5/2/20","16","0","48259","0"
"Kerr","0","5","Texas","5/2/20","5","0","48265","0"
"Kleberg","0","10","Texas","5/2/20","8","2","48273","25"
"Knox","0","1","Texas","5/2/20","1","0","48275","0"
"La Salle","0","1","Texas","5/2/20","1","0","48283","0"
"Lamar","8","67","Texas","5/2/20","8","59","48277","737.5"
"Lamb","0","4","Texas","5/2/20","2","2","48279","100"
"Lampasas","0","4","Texas","5/2/20","2","2","48281","100"
"Lavaca","0","6","Texas","5/2/20","5","1","48285","20"
"Lee","0","2","Texas","5/2/20","2","0","48287","0"
"Leon","0","6","Texas","5/2/20","5","1","48289","20"
"Liberty","1","45","Texas","5/2/20","38","7","48291","18.42"
"Limestone","0","13","Texas","5/2/20","11","2","48293","18.18"
"Lipscomb","0","2","Texas","5/2/20","0","2","48295","1"
"Live Oak","0","5","Texas","5/2/20","5","0","48297","0"
"Llano","0","3","Texas","5/2/20","3","0","48299","0"
"Lubbock","7","543","Texas","5/2/20","494","49","48303","9.92"
"Lynn","0","5","Texas","5/2/20","5","0","48305","0"
"Madison","0","1","Texas","5/2/20","2","-1","48313","-50"
"Marion","1","14","Texas","5/2/20","6","8","48315","133.33"
"Martin","0","2","Texas","5/2/20","2","0","48317","0"
"Mason","3","24","Texas","5/2/20","1","23","48319","2300"
"Matagorda","0","62","Texas","5/2/20","59","3","48321","5.08"
"Maverick","1","24","Texas","5/2/20","16","8","48323","50"
"McCulloch","0","3","Texas","5/2/20","3","0","48307","0"
"McLennan","1","91","Texas","5/2/20","81","10","48309","12.35"
"Medina","0","20","Texas","5/2/20","19","1","48325","5.26"
"Midland","2","82","Texas","5/2/20","70","12","48329","17.14"
"Milam","0","16","Texas","5/2/20","13","3","48331","23.08"
"Mitchell","0","1","Texas","5/2/20","1","0","48335","0"
"Montague","0","6","Texas","5/2/20","6","0","48337","0"
"Montgomery","18","634","Texas","5/2/20","506","128","48339","25.3"
"Moore","24","363","Texas","5/2/20","192","171","48341","89.06"
"Morris","0","8","Texas","5/2/20","5","3","48343","60"
"Motley","0","1","Texas","5/2/20","1","0","48345","0"
"Nacogdoches","8","172","Texas","5/2/20","115","57","48347","49.57"
"Navarro","0","31","Texas","5/2/20","28","3","48349","10.71"
"Newton","0","2","Texas","5/2/20","2","0","48351","0"
"Nolan","0","2","Texas","5/2/20","1","1","48353","100"
"Nueces","2","106","Texas","5/2/20","92","14","48355","15.22"
"Ochiltree","2","19","Texas","5/2/20","5","14","48357","280"
"Oldham","0","3","Texas","5/2/20","3","0","48359","0"
"Orange","1","71","Texas","5/2/20","64","7","48361","10.94"
"Palo Pinto","0","8","Texas","5/2/20","7","1","48363","14.29"
"Panola","8","133","Texas","5/2/20","75","58","48365","77.33"
"Parker","2","35","Texas","5/2/20","24","11","48367","45.83"
"Parmer","1","8","Texas","5/2/20","4","4","48369","100"
"Pecos","0","10","Texas","5/2/20","8","2","48371","25"
"Polk","0","20","Texas","5/2/20","18","2","48373","11.11"
"Potter","58","684","Texas","5/2/20","280","404","48375","144.29"
"Rains","0","2","Texas","5/2/20","2","0","48379","0"
"Randall","15","256","Texas","5/2/20","149","107","48381","71.81"
"Red River","0","1","Texas","5/2/20","1","0","48387","0"
"Reeves","0","5","Texas","5/2/20","2","3","48389","150"
"Roberts","0","2","Texas","5/2/20","2","0","48393","0"
"Robertson","0","4","Texas","5/2/20","2","2","48395","100"
"Rockwall","5","85","Texas","5/2/20","51","34","48397","66.67"
"Runnels","0","2","Texas","5/2/20","0","2","48399","1"
"Rusk","1","36","Texas","5/2/20","30","6","48401","20"
"Sabine","0","1","Texas","5/2/20","1","0","48403","0"
"San Augustine","0","19","Texas","5/2/20","16","3","48405","18.75"
"San Jacinto","0","10","Texas","5/2/20","10","0","48407","0"
"San Patricio","0","12","Texas","5/2/20","12","0","48409","0"
"Scurry","0","2","Texas","5/2/20","2","0","48415","0"
"Shelby","4","117","Texas","5/2/20","86","31","48419","36.05"
"Sherman","1","17","Texas","5/2/20","11","6","48421","54.55"
"Smith","2","146","Texas","5/2/20","131","15","48423","11.45"
"Starr","0","9","Texas","5/2/20","7","2","48427","28.57"
"Stephens","0","1","Texas","5/2/20","1","0","48429","0"
"Swisher","0","9","Texas","5/2/20","7","2","48437","28.57"
"Tarrant","79","2388","Texas","5/2/20","1836","552","48439","30.07"
"Taylor","18","327","Texas","5/2/20","203","124","48441","61.08"
"Terry","0","11","Texas","5/2/20","10","1","48445","10"
"Titus","0","17","Texas","5/2/20","15","2","48449","13.33"
"Tom Green","2","53","Texas","5/2/20","42","11","48451","26.19"
"Travis","48","1714","Texas","5/2/20","1379","335","48453","24.29"
"Trinity","0","8","Texas","5/2/20","8","0","48455","0"
"Tyler","0","6","Texas","5/2/20","6","0","48457","0"
"Upshur","0","15","Texas","5/2/20","13","2","48459","15.38"
"Uvalde","0","6","Texas","5/2/20","6","0","48463","0"
"Val Verde","0","13","Texas","5/2/20","12","1","48465","8.33"
"Van Zandt","0","16","Texas","5/2/20","13","3","48467","23.08"
"Victoria","4","139","Texas","5/2/20","114","25","48469","21.93"
"Walker","15","269","Texas","5/2/20","164","105","48471","64.02"
"Waller","1","33","Texas","5/2/20","28","5","48473","17.86"
"Washington","6","145","Texas","5/2/20","103","42","48477","40.78"
"Webb","4","368","Texas","5/2/20","338","30","48479","8.88"
"Wharton","0","37","Texas","5/2/20","36","1","48481","2.78"
"Wheeler","1","8","Texas","5/2/20","3","5","48483","166.67"
"Wichita","0","65","Texas","5/2/20","62","3","48485","4.84"
"Wilbarger","0","1","Texas","5/2/20","1","0","48487","0"
"Willacy","0","13","Texas","5/2/20","13","0","48489","0"
"Williamson","15","313","Texas","5/2/20","206","107","48491","51.94"
"Wilson","1","33","Texas","5/2/20","26","7","48493","26.92"
"Winkler","0","3","Texas","5/2/20","3","0","48495","0"
"Wise","1","24","Texas","5/2/20","15","9","48497","60"
"Wood","0","10","Texas","5/2/20","7","3","48499","42.86"
"Yoakum","0","1","Texas","5/2/20","1","0","48501","0"
"Young","0","4","Texas","5/2/20","4","0","48503","0"
"Zapata","0","7","Texas","5/2/20","7","0","48505","0"
"Zavala","0","1","Texas","5/2/20","1","0","48507","0"
"Bear River","0","61","Utah","5/2/20","58","3","00000","5.17"
"Central Utah","0","23","Utah","5/2/20","21","2","00000","9.52"
"Davis","4","296","Utah","5/2/20","268","28","49011","10.45"
"Salt Lake","80","2609","Utah","5/2/20","2051","558","49035","27.21"
"San Juan","5","78","Utah","5/2/20","40","38","49037","95"
"Southeast Utah","1","15","Utah","5/2/20","11","4","00000","36.36"
"Southwest Utah","3","103","Utah","5/2/20","83","20","00000","24.1"
"Summit","3","375","Utah","5/2/20","355","20","49043","5.63"
"Tooele","2","69","Utah","5/2/20","52","17","49045","32.69"
"TriCounty","1","13","Utah","5/2/20","9","4","00000","44.44"
"Utah","42","1021","Utah","5/2/20","725","296","49049","40.83"
"Wasatch","3","156","Utah","5/2/20","132","24","49051","18.18"
"Weber-Morgan","3","166","Utah","5/2/20","143","23","00000","16.08"
"Addison","0","61","Vermont","5/2/20","61","0","50001","0"
"Bennington","1","47","Vermont","5/2/20","39","8","50003","20.51"
"Caledonia","0","14","Vermont","5/2/20","13","1","50005","7.69"
"Chittenden","2","422","Vermont","5/2/20","405","17","50007","4.2"
"Essex","0","2","Vermont","5/2/20","2","0","50009","0"
"Franklin","1","98","Vermont","5/2/20","90","8","50011","8.89"
"Grand Isle","0","3","Vermont","5/2/20","3","0","50013","0"
"Lamoille","0","26","Vermont","5/2/20","26","0","50015","0"
"Orange","0","7","Vermont","5/2/20","6","1","50017","16.67"
"Orleans","0","9","Vermont","5/2/20","9","0","50019","0"
"Rutland","1","49","Vermont","5/2/20","44","5","50021","11.36"
"Washington","0","33","Vermont","5/2/20","33","0","50023","0"
"Windham","0","71","Vermont","5/2/20","68","3","50025","4.41"
"Windsor","0","41","Vermont","5/2/20","39","2","50027","5.13"
"","2","66","Virgin Islands","5/2/20","55","11",,"20"
"Accomack","30","353","Virginia","5/2/20","146","207","51001","141.78"
"Albemarle","5","105","Virginia","5/2/20","73","32","51003","43.84"
"Alexandria","39","848","Virginia","5/2/20","575","273","51510","47.48"
"Alleghany","0","6","Virginia","5/2/20","5","1","51005","20"
"Amelia","0","16","Virginia","5/2/20","15","1","51007","6.67"
"Amherst","1","13","Virginia","5/2/20","9","4","51009","44.44"
"Appomattox","1","21","Virginia","5/2/20","12","9","51011","75"
"Arlington","40","1044","Virginia","5/2/20","764","280","51013","36.65"
"Augusta","1","45","Virginia","5/2/20","36","9","51015","25"
"Bedford","1","34","Virginia","5/2/20","24","10","51019","41.67"
"Botetourt","0","28","Virginia","5/2/20","27","1","51023","3.7"
"Bristol","0","1","Virginia","5/2/20","1","0","51520","0"
"Brunswick","0","15","Virginia","5/2/20","14","1","51025","7.14"
"Buchanan","0","16","Virginia","5/2/20","13","3","51027","23.08"
"Buckingham","15","137","Virginia","5/2/20","34","103","51029","302.94"
"Buena Vista","0","6","Virginia","5/2/20","5","1","51530","20"
"Campbell","0","13","Virginia","5/2/20","10","3","51031","30"
"Caroline","2","32","Virginia","5/2/20","21","11","51033","52.38"
"Carroll","1","13","Virginia","5/2/20","3","10","51035","333.33"
"Charles City","0","13","Virginia","5/2/20","12","1","51036","8.33"
"Charlotte","0","9","Virginia","5/2/20","7","2","51037","28.57"
"Charlottesville","1","58","Virginia","5/2/20","48","10","51540","20.83"
"Chesapeake","9","263","Virginia","5/2/20","200","63","51550","31.5"
"Chesterfield","22","593","Virginia","5/2/20","440","153","51041","34.77"
"Clarke","0","10","Virginia","5/2/20","7","3","51043","42.86"
"Colonial Heights","2","57","Virginia","5/2/20","43","14","51570","32.56"
"Covington","0","1","Virginia","5/2/20","1","0","51580","0"
"Craig","0","3","Virginia","5/2/20","2","1","51045","50"
"Culpeper","12","177","Virginia","5/2/20","95","82","51047","86.32"
"Cumberland","0","13","Virginia","5/2/20","10","3","51049","30"
"Danville","1","37","Virginia","5/2/20","32","5","51590","15.62"
"Dinwiddie","1","18","Virginia","5/2/20","12","6","51053","50"
"Emporia","1","23","Virginia","5/2/20","18","5","51595","27.78"
"Essex","1","8","Virginia","5/2/20","4","4","51057","100"
"Fairfax","186","4046","Virginia","5/2/20","2745","1301","51059","47.4"
"Fairfax City","0","29","Virginia","5/2/20","26","3","51600","11.54"
"Falls Church","0","26","Virginia","5/2/20","26","0","51610","0"
"Fauquier","7","128","Virginia","5/2/20","80","48","51061","60"
"Floyd","0","3","Virginia","5/2/20","1","2","51063","200"
"Fluvanna","1","76","Virginia","5/2/20","72","4","51065","5.56"
"Franklin","0","22","Virginia","5/2/20","19","3","51067","15.79"
"Franklin City","1","23","Virginia","5/2/20","16","7","51620","43.75"
"Frederick","3","115","Virginia","5/2/20","93","22","51069","23.66"
"Fredericksburg","2","37","Virginia","5/2/20","23","14","51630","60.87"
"Galax","1","10","Virginia","5/2/20","1","9","51640","900"
"Giles","0","4","Virginia","5/2/20","4","0","51071","0"
"Gloucester","0","24","Virginia","5/2/20","22","2","51073","9.09"
"Goochland","1","78","Virginia","5/2/20","69","9","51075","13.04"
"Grayson","0","2","Virginia","5/2/20","0","2","51077","1"
"Greene","0","10","Virginia","5/2/20","10","0","51079","0"
"Greensville","1","39","Virginia","5/2/20","30","9","51081","30"
"Halifax","0","19","Virginia","5/2/20","16","3","51083","18.75"
"Hampton","3","122","Virginia","5/2/20","101","21","51650","20.79"
"Hanover","4","133","Virginia","5/2/20","103","30","51085","29.13"
"Harrisonburg","14","470","Virginia","5/2/20","370","100","51660","27.03"
"Henrico","23","926","Virginia","5/2/20","764","162","51087","21.2"
"Henry","1","19","Virginia","5/2/20","13","6","51089","46.15"
"Highland","0","2","Virginia","5/2/20","1","1","51091","100"
"Hopewell","1","27","Virginia","5/2/20","21","6","51670","28.57"
"Isle of Wight","1","99","Virginia","5/2/20","91","8","51093","8.79"
"James City","1","161","Virginia","5/2/20","151","10","51095","6.62"
"King and Queen","0","3","Virginia","5/2/20","2","1","51097","50"
"King George","1","34","Virginia","5/2/20","25","9","51099","36"
"King William","1","9","Virginia","5/2/20","5","4","51101","80"
"Lancaster","0","3","Virginia","5/2/20","1","2","51103","200"
"Lee","0","10","Virginia","5/2/20","8","2","51105","25"
"Lexington","0","5","Virginia","5/2/20","3","2","51678","66.67"
"Loudoun","45","881","Virginia","5/2/20","564","317","51107","56.21"
"Louisa","1","46","Virginia","5/2/20","39","7","51109","17.95"
"Lunenburg","0","4","Virginia","5/2/20","4","0","51111","0"
"Lynchburg","2","62","Virginia","5/2/20","48","14","51680","29.17"
"Madison","0","15","Virginia","5/2/20","14","1","51113","7.14"
"Manassas","15","258","Virginia","5/2/20","154","104","51683","67.53"
"Manassas Park","5","76","Virginia","5/2/20","44","32","51685","72.73"
"Martinsville","0","2","Virginia","5/2/20","0","2","51690","1"
"Mathews","0","4","Virginia","5/2/20","4","0","51115","0"
"Mecklenburg","3","104","Virginia","5/2/20","85","19","51117","22.35"
"Middlesex","0","7","Virginia","5/2/20","4","3","51119","75"
"Montgomery","1","56","Virginia","5/2/20","51","5","51121","9.8"
"Nelson","0","8","Virginia","5/2/20","7","1","51125","14.29"
"New Kent","0","23","Virginia","5/2/20","20","3","51127","15"
"Newport News","2","123","Virginia","5/2/20","109","14","51700","12.84"
"Norfolk","6","211","Virginia","5/2/20","169","42","51710","24.85"
"Northampton","11","94","Virginia","5/2/20","20","74","51131","370"
"Northumberland","0","9","Virginia","5/2/20","8","1","51133","12.5"
"Norton","0","2","Virginia","5/2/20","2","0","51720","0"
"Nottoway","0","13","Virginia","5/2/20","11","2","51135","18.18"
"Orange","2","37","Virginia","5/2/20","25","12","51137","48"
"Page","4","107","Virginia","5/2/20","82","25","51139","30.49"
"Patrick","0","2","Virginia","5/2/20","2","0","51141","0"
"Petersburg","1","35","Virginia","5/2/20","27","8","51730","29.63"
"Pittsylvania","0","14","Virginia","5/2/20","11","3","51143","27.27"
"Poquoson","0","6","Virginia","5/2/20","6","0","51735","0"
"Portsmouth","10","173","Virginia","5/2/20","103","70","51740","67.96"
"Powhatan","0","14","Virginia","5/2/20","11","3","51145","27.27"
"Prince Edward","3","55","Virginia","5/2/20","37","18","51147","48.65"
"Prince George","1","35","Virginia","5/2/20","30","5","51149","16.67"
"Prince William","102","1900","Virginia","5/2/20","1184","716","51153","60.47"
"Pulaski","0","9","Virginia","5/2/20","10","-1","51155","-10"
"Radford","0","3","Virginia","5/2/20","3","0","51750","0"
"Rappahannock","1","6","Virginia","5/2/20","2","4","51157","200"
"Richmond","9","143","Virginia","5/2/20","79","64","51159","81.01"
"Richmond City","14","382","Virginia","5/2/20","287","95","51760","33.1"
"Roanoke","2","54","Virginia","5/2/20","39","15","51161","38.46"
"Roanoke City","7","80","Virginia","5/2/20","33","47","51770","142.42"
"Rockbridge","0","7","Virginia","5/2/20","5","2","51163","40"
"Rockingham","11","259","Virginia","5/2/20","184","75","51165","40.76"
"Russell","0","5","Virginia","5/2/20","3","2","51167","66.67"
"Salem","3","26","Virginia","5/2/20","8","18","51775","225"
"Scott","0","7","Virginia","5/2/20","5","2","51169","40"
"Shenandoah","9","134","Virginia","5/2/20","72","62","51171","86.11"
"Smyth","0","13","Virginia","5/2/20","13","0","51173","0"
"Southampton","7","125","Virginia","5/2/20","75","50","51175","66.67"
"Spotsylvania","10","174","Virginia","5/2/20","101","73","51177","72.28"
"Stafford","9","262","Virginia","5/2/20","198","64","51179","32.32"
"Staunton","0","13","Virginia","5/2/20","10","3","51790","30"
"Suffolk","5","178","Virginia","5/2/20","141","37","51800","26.24"
"Surry","0","4","Virginia","5/2/20","4","0","51181","0"
"Sussex","0","31","Virginia","5/2/20","28","3","51183","10.71"
"Tazewell","0","6","Virginia","5/2/20","4","2","51185","50"
"Virginia Beach","11","413","Virginia","5/2/20","335","78","51810","23.28"
"Warren","3","61","Virginia","5/2/20","42","19","51187","45.24"
"Washington","1","39","Virginia","5/2/20","30","9","51191","30"
"Waynesboro","1","14","Virginia","5/2/20","10","4","51820","40"
"Westmoreland","1","25","Virginia","5/2/20","17","8","51193","47.06"
"Williamsburg","1","21","Virginia","5/2/20","15","6","51830","40"
"Winchester","2","46","Virginia","5/2/20","33","13","51840","39.39"
"Wise","0","22","Virginia","5/2/20","20","2","51195","10"
"Wythe","0","11","Virginia","5/2/20","11","0","51197","0"
"York","0","46","Virginia","5/2/20","44","2","51199","4.55"
"Adams","0","48","Washington","5/2/20","46","2","53001","4.35"
"Asotin","0","18","Washington","5/2/20","17","1","53003","5.88"
"Benton","14","494","Washington","5/2/20","399","95","53005","23.81"
"Chelan","3","114","Washington","5/2/20","90","24","53007","26.67"
"Clallam","0","18","Washington","5/2/20","15","3","53009","20"
"Clark","5","328","Washington","5/2/20","296","32","53011","10.81"
"Columbia","0","1","Washington","5/2/20","1","0","53013","0"
"Cowlitz","2","53","Washington","5/2/20","39","14","53015","35.9"
"Douglas","2","82","Washington","5/2/20","70","12","53017","17.14"
"Ferry","0","1","Washington","5/2/20","1","0","53019","0"
"Franklin","14","348","Washington","5/2/20","250","98","53021","39.2"
"Grant","3","169","Washington","5/2/20","150","19","53025","12.67"
"Grays Harbor","0","12","Washington","5/2/20","12","0","53027","0"
"Island","1","169","Washington","5/2/20","161","8","53029","4.97"
"Jefferson","0","28","Washington","5/2/20","28","0","53031","0"
"King","87","6351","Washington","5/2/20","5739","612","53033","10.66"
"Kitsap","1","150","Washington","5/2/20","144","6","53035","4.17"
"Kittitas","0","15","Washington","5/2/20","14","1","53037","7.14"
"Klickitat","0","17","Washington","5/2/20","16","1","53039","6.25"
"Lewis","0","29","Washington","5/2/20","29","0","53041","0"
"Lincoln","0","2","Washington","5/2/20","2","0","53043","0"
"Mason","0","25","Washington","5/2/20","22","3","53045","13.64"
"Okanogan","1","21","Washington","5/2/20","17","4","53047","23.53"
"Pacific","0","4","Washington","5/2/20","4","0","53049","0"
"Pend Oreille","0","2","Washington","5/2/20","2","0","53051","0"
"Pierce","20","1376","Washington","5/2/20","1235","141","53053","11.42"
"San Juan","0","14","Washington","5/2/20","14","0","53055","0"
"Skagit","8","345","Washington","5/2/20","287","58","53057","20.21"
"Skamania","0","3","Washington","5/2/20","3","0","53059","0"
"Snohomish","28","2493","Washington","5/2/20","2297","196","53061","8.53"
"Spokane","3","366","Washington","5/2/20","345","21","53063","6.09"
"Stevens","0","9","Washington","5/2/20","10","-1","53065","-10"
"Thurston","1","111","Washington","5/2/20","101","10","53067","9.9"
"Wahkiakum","0","2","Washington","5/2/20","2","0","53069","0"
"Walla Walla","5","87","Washington","5/2/20","50","37","53071","74"
"Whatcom","4","312","Washington","5/2/20","284","28","53073","9.86"
"Whitman","0","14","Washington","5/2/20","14","0","53075","0"
"Yakima","42","1272","Washington","5/2/20","976","296","53077","30.33"
"Barbour","0","5","West Virginia","5/2/20","4","1","54001","25"
"Berkeley","4","156","West Virginia","5/2/20","129","27","54003","20.93"
"Boone","1","6","West Virginia","5/2/20","2","4","54005","200"
"Braxton","0","2","West Virginia","5/2/20","1","1","54007","100"
"Brooke","0","3","West Virginia","5/2/20","3","0","54009","0"
"Cabell","1","44","West Virginia","5/2/20","38","6","54011","15.79"
"Fayette","1","14","West Virginia","5/2/20","9","5","54019","55.56"
"Gilmer","0","2","West Virginia","5/2/20","0","2","54021","1"
"Grant","0","1","West Virginia","5/2/20","1","0","54023","0"
"Greenbrier","0","5","West Virginia","5/2/20","3","2","54025","66.67"
"Hampshire","0","7","West Virginia","5/2/20","7","0","54027","0"
"Hancock","1","11","West Virginia","5/2/20","7","4","54029","57.14"
"Hardy","1","7","West Virginia","5/2/20","3","4","54031","133.33"
"Harrison","0","30","West Virginia","5/2/20","30","0","54033","0"
"Jackson","2","130","West Virginia","5/2/20","116","14","54035","12.07"
"Jefferson","1","79","West Virginia","5/2/20","70","9","54037","12.86"
"Kanawha","3","168","West Virginia","5/2/20","147","21","54039","14.29"
"Lewis","0","4","West Virginia","5/2/20","3","1","54041","33.33"
"Lincoln","0","2","West Virginia","5/2/20","1","1","54043","100"
"Logan","0","13","West Virginia","5/2/20","11","2","54045","18.18"
"Marion","0","46","West Virginia","5/2/20","44","2","54049","4.55"
"Marshall","1","15","West Virginia","5/2/20","9","6","54051","66.67"
"Mason","0","12","West Virginia","5/2/20","11","1","54053","9.09"
"McDowell","0","6","West Virginia","5/2/20","6","0","54047","0"
"Mercer","0","10","West Virginia","5/2/20","9","1","54055","11.11"
"Mineral","1","18","West Virginia","5/2/20","12","6","54057","50"
"Mingo","0","2","West Virginia","5/2/20","2","0","54059","0"
"Monongalia","1","105","West Virginia","5/2/20","97","8","54061","8.25"
"Monroe","0","5","West Virginia","5/2/20","5","0","54063","0"
"Morgan","1","13","West Virginia","5/2/20","9","4","54065","44.44"
"Nicholas","0","6","West Virginia","5/2/20","6","0","54067","0"
"Ohio","1","33","West Virginia","5/2/20","25","8","54069","32"
"Pendleton","0","3","West Virginia","5/2/20","3","0","54071","0"
"Pleasants","0","2","West Virginia","5/2/20","2","0","54073","0"
"Pocahontas","0","2","West Virginia","5/2/20","0","2","54075","1"
"Preston","0","13","West Virginia","5/2/20","12","1","54077","8.33"
"Putnam","2","27","West Virginia","5/2/20","16","11","54079","68.75"
"Raleigh","0","10","West Virginia","5/2/20","9","1","54081","11.11"
"Randolph","0","4","West Virginia","5/2/20","4","0","54083","0"
"Roane","1","7","West Virginia","5/2/20","3","4","54087","133.33"
"Summers","0","1","West Virginia","5/2/20","1","0","54089","0"
"Taylor","0","7","West Virginia","5/2/20","5","2","54091","40"
"Tucker","0","4","West Virginia","5/2/20","4","0","54093","0"
"Tyler","0","3","West Virginia","5/2/20","3","0","54095","0"
"Upshur","0","4","West Virginia","5/2/20","4","0","54097","0"
"Wayne","1","90","West Virginia","5/2/20","81","9","54099","11.11"
"Wetzel","0","3","West Virginia","5/2/20","3","0","54103","0"
"Wirt","0","3","West Virginia","5/2/20","3","0","54105","0"
"Wood","1","41","West Virginia","5/2/20","36","5","54107","13.89"
"Wyoming","0","1","West Virginia","5/2/20","1","0","54109","0"
"Adams","0","4","Wisconsin","5/2/20","4","0","55001","0"
"Ashland","0","2","Wisconsin","5/2/20","2","0","55003","0"
"Barron","0","7","Wisconsin","5/2/20","6","1","55005","16.67"
"Bayfield","0","3","Wisconsin","5/2/20","3","0","55007","0"
"Brown","79","1272","Wisconsin","5/2/20","720","552","55009","76.67"
"Buffalo","0","4","Wisconsin","5/2/20","4","0","55011","0"
"Calumet","1","16","Wisconsin","5/2/20","7","9","55015","128.57"
"Chippewa","0","23","Wisconsin","5/2/20","20","3","55017","15"
"Clark","0","20","Wisconsin","5/2/20","19","1","55019","5.26"
"Columbia","0","29","Wisconsin","5/2/20","27","2","55021","7.41"
"Crawford","0","4","Wisconsin","5/2/20","3","1","55023","33.33"
"Dane","5","433","Wisconsin","5/2/20","401","32","55025","7.98"
"Dodge","2","38","Wisconsin","5/2/20","23","15","55027","65.22"
"Door","1","14","Wisconsin","5/2/20","10","4","55029","40"
"Douglas","0","9","Wisconsin","5/2/20","9","0","55031","0"
"Dunn","0","10","Wisconsin","5/2/20","9","1","55033","11.11"
"Eau Claire","1","34","Wisconsin","5/2/20","24","10","55035","41.67"
"Florence","0","2","Wisconsin","5/2/20","2","0","55037","0"
"Fond du Lac","1","73","Wisconsin","5/2/20","67","6","55039","8.96"
"Grant","2","43","Wisconsin","5/2/20","28","15","55043","53.57"
"Green","0","13","Wisconsin","5/2/20","11","2","55045","18.18"
"Green Lake","0","3","Wisconsin","5/2/20","1","2","55047","200"
"Iowa","0","7","Wisconsin","5/2/20","7","0","55049","0"
"Iron","0","2","Wisconsin","5/2/20","2","0","55051","0"
"Jackson","0","12","Wisconsin","5/2/20","12","0","55053","0"
"Jefferson","1","46","Wisconsin","5/2/20","39","7","55055","17.95"
"Juneau","1","18","Wisconsin","5/2/20","12","6","55057","50"
"Kenosha","27","521","Wisconsin","5/2/20","329","192","55059","58.36"
"Kewaunee","1","15","Wisconsin","5/2/20","10","5","55061","50"
"La Crosse","0","29","Wisconsin","5/2/20","26","3","55063","11.54"
"Lafayette","0","6","Wisconsin","5/2/20","4","2","55065","50"
"Lincoln","0","1","Wisconsin","5/2/20","0","1","55069","1"
"Manitowoc","1","13","Wisconsin","5/2/20","9","4","55071","44.44"
"Marathon","0","19","Wisconsin","5/2/20","18","1","55073","5.56"
"Marinette","0","10","Wisconsin","5/2/20","7","3","55075","42.86"
"Marquette","0","3","Wisconsin","5/2/20","3","0","55077","0"
"Menominee","0","1","Wisconsin","5/2/20","1","0","55078","0"
"Milwaukee","89","3147","Wisconsin","5/2/20","2525","622","55079","24.63"
"Monroe","0","14","Wisconsin","5/2/20","14","0","55081","0"
"Oconto","1","15","Wisconsin","5/2/20","6","9","55083","150"
"Oneida","0","6","Wisconsin","5/2/20","6","0","55085","0"
"Outagamie","3","63","Wisconsin","5/2/20","43","20","55087","46.51"
"Ozaukee","1","89","Wisconsin","5/2/20","82","7","55089","8.54"
"Pierce","0","10","Wisconsin","5/2/20","8","2","55093","25"
"Polk","0","4","Wisconsin","5/2/20","4","0","55095","0"
"Portage","0","6","Wisconsin","5/2/20","4","2","55097","50"
"Price","0","1","Wisconsin","5/2/20","1","0","55099","0"
"Racine","22","408","Wisconsin","5/2/20","255","153","55101","60"
"Richland","0","12","Wisconsin","5/2/20","10","2","55103","20"
"Rock","13","243","Wisconsin","5/2/20","151","92","55105","60.93"
"Rusk","0","4","Wisconsin","5/2/20","4","0","55107","0"
"Sauk","4","64","Wisconsin","5/2/20","38","26","55111","68.42"
"Sawyer","0","3","Wisconsin","5/2/20","2","1","55113","50"
"Shawano","1","16","Wisconsin","5/2/20","8","8","55115","100"
"Sheboygan","1","51","Wisconsin","5/2/20","44","7","55117","15.91"
"St. Croix","0","16","Wisconsin","5/2/20","13","3","55109","23.08"
"Trempealeau","0","3","Wisconsin","5/2/20","2","1","55121","50"
"Vernon","0","1","Wisconsin","5/2/20","1","0","55123","0"
"Vilas","0","4","Wisconsin","5/2/20","4","0","55125","0"
"Walworth","7","183","Wisconsin","5/2/20","132","51","55127","38.64"
"Washburn","0","1","Wisconsin","5/2/20","1","0","55129","0"
"Washington","1","100","Wisconsin","5/2/20","92","8","55131","8.7"
"Waukesha","8","356","Wisconsin","5/2/20","299","57","55133","19.06"
"Waupaca","0","10","Wisconsin","5/2/20","7","3","55135","42.86"
"Waushara","0","2","Wisconsin","5/2/20","2","0","55137","0"
"Winnebago","3","67","Wisconsin","5/2/20","48","19","55139","39.58"
"Wood","0","2","Wisconsin","5/2/20","2","0","55141","0"
"Albany","0","8","Wyoming","5/2/20","6","2","56001","33.33"
"Big Horn","0","3","Wyoming","5/2/20","2","1","56003","50"
"Campbell","0","24","Wyoming","5/2/20","23","1","56005","4.35"
"Carbon","0","5","Wyoming","5/2/20","4","1","56007","25"
"Converse","1","23","Wyoming","5/2/20","16","7","56009","43.75"
"Crook","0","5","Wyoming","5/2/20","5","0","56011","0"
"Fremont","6","128","Wyoming","5/2/20","83","45","56013","54.22"
"Goshen","0","4","Wyoming","5/2/20","4","0","56015","0"
"Hot Springs","0","3","Wyoming","5/2/20","3","0","56017","0"
"Johnson","0","15","Wyoming","5/2/20","15","0","56019","0"
"Laramie","4","151","Wyoming","5/2/20","124","27","56021","21.77"
"Lincoln","0","9","Wyoming","5/2/20","9","0","56023","0"
"Natrona","0","48","Wyoming","5/2/20","49","-1","56025","-2.04"
"Niobrara","0","2","Wyoming","5/2/20","2","0","56027","0"
"Park","0","1","Wyoming","5/2/20","1","0","56029","0"
"Sheridan","0","16","Wyoming","5/2/20","16","0","56033","0"
"Sublette","0","3","Wyoming","5/2/20","3","0","56035","0"
"Sweetwater","0","18","Wyoming","5/2/20","16","2","56037","12.5"
"Teton","0","97","Wyoming","5/2/20","95","2","56039","2.11"
"Uinta","0","8","Wyoming","5/2/20","7","1","56041","14.29"
"Washakie","0","8","Wyoming","5/2/20","8","0","56043","0"
