"Locality","DailyAvgNewCasesPast7Days","TotalCases","State","Date","TotalCases7DaysAgo","NewCasesPast7Days","FIPS-Code","PercentIncreaseTotalCasesPast7Days"
"Autauga","2","53","Alabama","5/4/20","39","14","01001","35.9"
"Baldwin","3","188","Alabama","5/4/20","168","20","01003","11.9"
"Barbour","1","45","Alabama","5/4/20","35","10","01005","28.57"
"Bibb","0","42","Alabama","5/4/20","42","0","01007","0"
"Blount","1","40","Alabama","5/4/20","34","6","01009","17.65"
"Bullock","1","16","Alabama","5/4/20","12","4","01011","33.33"
"Butler","11","114","Alabama","5/4/20","34","80","01013","235.29"
"Calhoun","2","105","Alabama","5/4/20","90","15","01015","16.67"
"Chambers","2","302","Alabama","5/4/20","289","13","01017","4.5"
"Cherokee","0","16","Alabama","5/4/20","14","2","01019","14.29"
"Chilton","1","58","Alabama","5/4/20","51","7","01021","13.73"
"Choctaw","2","51","Alabama","5/4/20","39","12","01023","30.77"
"Clarke","2","43","Alabama","5/4/20","27","16","01025","59.26"
"Clay","0","22","Alabama","5/4/20","19","3","01027","15.79"
"Cleburne","0","12","Alabama","5/4/20","12","0","01029","0"
"Coffee","5","134","Alabama","5/4/20","98","36","01031","36.73"
"Colbert","3","41","Alabama","5/4/20","23","18","01033","78.26"
"Conecuh","0","9","Alabama","5/4/20","9","0","01035","0"
"Coosa","0","30","Alabama","5/4/20","30","0","01037","0"
"Covington","2","45","Alabama","5/4/20","34","11","01039","32.35"
"Crenshaw","2","25","Alabama","5/4/20","12","13","01041","108.33"
"Cullman","1","58","Alabama","5/4/20","52","6","01043","11.54"
"Dale","1","34","Alabama","5/4/20","25","9","01045","36"
"Dallas","4","65","Alabama","5/4/20","37","28","01047","75.68"
"DeKalb","2","90","Alabama","5/4/20","74","16","01049","21.62"
"Elmore","5","111","Alabama","5/4/20","79","32","01051","40.51"
"Escambia","1","32","Alabama","5/4/20","26","6","01053","23.08"
"Etowah","3","146","Alabama","5/4/20","126","20","01055","15.87"
"Fayette","0","6","Alabama","5/4/20","5","1","01057","20"
"Franklin","13","136","Alabama","5/4/20","43","93","01059","216.28"
"Geneva","0","11","Alabama","5/4/20","8","3","01061","37.5"
"Greene","2","61","Alabama","5/4/20","46","15","01063","32.61"
"Hale","2","56","Alabama","5/4/20","41","15","01065","36.59"
"Henry","1","27","Alabama","5/4/20","22","5","01067","22.73"
"Houston","3","97","Alabama","5/4/20","79","18","01069","22.78"
"Jackson","1","50","Alabama","5/4/20","45","5","01071","11.11"
"Jefferson","22","992","Alabama","5/4/20","839","153","01073","18.24"
"Lamar","0","12","Alabama","5/4/20","10","2","01075","20"
"Lauderdale","5","63","Alabama","5/4/20","31","32","01077","103.23"
"Lawrence","0","14","Alabama","5/4/20","12","2","01079","16.67"
"Lee","5","403","Alabama","5/4/20","368","35","01081","9.51"
"Limestone","1","47","Alabama","5/4/20","42","5","01083","11.9"
"Lowndes","5","75","Alabama","5/4/20","39","36","01085","92.31"
"Macon","1","40","Alabama","5/4/20","34","6","01087","17.65"
"Madison","3","237","Alabama","5/4/20","214","23","01089","10.75"
"Marengo","3","66","Alabama","5/4/20","43","23","01091","53.49"
"Marion","1","85","Alabama","5/4/20","75","10","01093","13.33"
"Marshall","6","355","Alabama","5/4/20","310","45","01095","14.52"
"Mobile","40","1222","Alabama","5/4/20","942","280","01097","29.72"
"Monroe","0","13","Alabama","5/4/20","11","2","01099","18.18"
"Montgomery","21","438","Alabama","5/4/20","292","146","01101","50"
"Morgan","2","76","Alabama","5/4/20","65","11","01103","16.92"
"Perry","1","16","Alabama","5/4/20","9","7","01105","77.78"
"Pickens","1","56","Alabama","5/4/20","47","9","01107","19.15"
"Pike","2","79","Alabama","5/4/20","65","14","01109","21.54"
"Randolph","3","79","Alabama","5/4/20","61","18","01111","29.51"
"Russell","1","63","Alabama","5/4/20","53","10","01113","18.87"
"Shelby","1","328","Alabama","5/4/20","318","10","01117","3.14"
"St. Clair","1","76","Alabama","5/4/20","68","8","01115","11.76"
"Sumter","4","81","Alabama","5/4/20","55","26","01119","47.27"
"Talladega","1","64","Alabama","5/4/20","58","6","01121","10.34"
"Tallapoosa","3","298","Alabama","5/4/20","275","23","01123","8.36"
"Tuscaloosa","6","237","Alabama","5/4/20","195","42","01125","21.54"
"Walker","1","100","Alabama","5/4/20","93","7","01127","7.53"
"Washington","2","38","Alabama","5/4/20","27","11","01129","40.74"
"Wilcox","2","72","Alabama","5/4/20","58","14","01131","24.14"
"Winston","1","16","Alabama","5/4/20","11","5","01133","45.45"
"Anchorage","3","189","Alaska","5/4/20","171","18","02020","10.53"
"Bethel","0","1","Alaska","5/4/20","1","0","02050","0"
"Fairbanks North Star","0","83","Alaska","5/4/20","80","3","02090","3.75"
"Juneau","0","27","Alaska","5/4/20","27","0","02110","0"
"Kenai Peninsula","0","22","Alaska","5/4/20","19","3","02122","15.79"
"Ketchikan Gateway","0","16","Alaska","5/4/20","16","0","02130","0"
"Kodiak Island","0","1","Alaska","5/4/20","1","0","02150","0"
"Matanuska-Susitna","0","21","Alaska","5/4/20","21","0","02170","0"
"Nome","0","1","Alaska","5/4/20","1","0","02180","0"
"Petersburg","0","4","Alaska","5/4/20","3","1","02195","33.33"
"Prince of Wales-Hyder","0","2","Alaska","5/4/20","2","0","02198","0"
"Sitka","0","1","Alaska","5/4/20","1","0","02220","0"
"Southeast Fairbanks","0","1","Alaska","5/4/20","1","0","02240","0"
"Yukon-Koyukuk","0","1","Alaska","5/4/20","1","0","02290","0"
"Apache","27","549","Arizona","5/4/20","362","187","04001","51.66"
"Cochise","0","39","Arizona","5/4/20","36","3","04003","8.33"
"Coconino","16","540","Arizona","5/4/20","425","115","04005","27.06"
"Gila","0","14","Arizona","5/4/20","11","3","04007","27.27"
"Graham","1","18","Arizona","5/4/20","9","9","04009","100"
"Greenlee","0","2","Arizona","5/4/20","2","0","04011","0"
"La Paz","1","14","Arizona","5/4/20","7","7","04012","100"
"Maricopa","185","4751","Arizona","5/4/20","3457","1294","04013","37.43"
"Mohave","6","141","Arizona","5/4/20","96","45","04015","46.88"
"Navajo","25","800","Arizona","5/4/20","628","172","04017","27.39"
"Pima","26","1346","Arizona","5/4/20","1164","182","04019","15.64"
"Pinal","16","468","Arizona","5/4/20","359","109","04021","30.36"
"Santa Cruz","1","34","Arizona","5/4/20","30","4","04023","13.33"
"Yavapai","2","93","Arizona","5/4/20","77","16","04025","20.78"
"Yuma","8","115","Arizona","5/4/20","62","53","04027","85.48"
"Arkansas","0","3","Arkansas","5/4/20","2","1","05001","50"
"Ashley","0","16","Arkansas","5/4/20","13","3","05003","23.08"
"Baxter","0","5","Arkansas","5/4/20","5","0","05005","0"
"Benton","3","112","Arkansas","5/4/20","94","18","05007","19.15"
"Boone","0","4","Arkansas","5/4/20","5","-1","05009","-20"
"Bradley","0","11","Arkansas","5/4/20","8","3","05011","37.5"
"Carroll","0","6","Arkansas","5/4/20","4","2","05015","50"
"Chicot","0","9","Arkansas","5/4/20","9","0","05017","0"
"Clark","1","32","Arkansas","5/4/20","27","5","05019","18.52"
"Clay","0","3","Arkansas","5/4/20","2","1","05021","50"
"Cleburne","0","73","Arkansas","5/4/20","72","1","05023","1.39"
"Cleveland","0","11","Arkansas","5/4/20","10","1","05025","10"
"Columbia","1","13","Arkansas","5/4/20","9","4","05027","44.44"
"Conway","0","13","Arkansas","5/4/20","12","1","05029","8.33"
"Craighead","2","84","Arkansas","5/4/20","68","16","05031","23.53"
"Crawford","0","5","Arkansas","5/4/20","4","1","05033","25"
"Crittenden","3","196","Arkansas","5/4/20","174","22","05035","12.64"
"Cross","1","25","Arkansas","5/4/20","16","9","05037","56.25"
"Dallas","0","1","Arkansas","5/4/20","1","0","05039","0"
"Desha","0","16","Arkansas","5/4/20","16","0","05041","0"
"Drew","0","16","Arkansas","5/4/20","13","3","05043","23.08"
"Faulkner","0","77","Arkansas","5/4/20","75","2","05045","2.67"
"Franklin","0","2","Arkansas","5/4/20","2","0","05047","0"
"Fulton","0","1","Arkansas","5/4/20","1","0","05049","0"
"Garland","0","117","Arkansas","5/4/20","114","3","05051","2.63"
"Grant","0","14","Arkansas","5/4/20","12","2","05053","16.67"
"Greene","0","19","Arkansas","5/4/20","16","3","05055","18.75"
"Hempstead","0","7","Arkansas","5/4/20","5","2","05057","40"
"Hot Spring","1","20","Arkansas","5/4/20","10","10","05059","100"
"Howard","0","14","Arkansas","5/4/20","13","1","05061","7.69"
"Independence","0","11","Arkansas","5/4/20","9","2","05063","22.22"
"Izard","1","9","Arkansas","5/4/20","5","4","05065","80"
"Jackson","0","1","Arkansas","5/4/20","1","0","05067","0"
"Jefferson","5","195","Arkansas","5/4/20","160","35","05069","21.88"
"Johnson","0","31","Arkansas","5/4/20","30","1","05071","3.33"
"Lafayette","0","8","Arkansas","5/4/20","7","1","05073","14.29"
"Lawrence","3","67","Arkansas","5/4/20","43","24","05075","55.81"
"Lee","0","3","Arkansas","5/4/20","3","0","05077","0"
"Lincoln","13","842","Arkansas","5/4/20","754","88","05079","11.67"
"Logan","0","3","Arkansas","5/4/20","3","0","05083","0"
"Lonoke","1","44","Arkansas","5/4/20","39","5","05085","12.82"
"Madison","0","1","Arkansas","5/4/20","1","0","05087","0"
"Marion","0","1","Arkansas","5/4/20","1","0","05089","0"
"Miller","0","35","Arkansas","5/4/20","33","2","05091","6.06"
"Mississippi","1","23","Arkansas","5/4/20","13","10","05093","76.92"
"Monroe","0","4","Arkansas","5/4/20","4","0","05095","0"
"Montgomery","0","1","Arkansas","5/4/20","0","1","05097","1"
"Nevada","0","2","Arkansas","5/4/20","1","1","05099","100"
"Newton","0","3","Arkansas","5/4/20","3","0","05101","0"
"Ouachita","0","7","Arkansas","5/4/20","6","1","05103","16.67"
"Perry","0","7","Arkansas","5/4/20","6","1","05105","16.67"
"Phillips","0","6","Arkansas","5/4/20","5","1","05107","20"
"Pike","0","3","Arkansas","5/4/20","3","0","05109","0"
"Poinsett","1","23","Arkansas","5/4/20","18","5","05111","27.78"
"Polk","0","8","Arkansas","5/4/20","8","0","05113","0"
"Pope","0","44","Arkansas","5/4/20","42","2","05115","4.76"
"Prairie","0","2","Arkansas","5/4/20","2","0","05117","0"
"Pulaski","10","551","Arkansas","5/4/20","484","67","05119","13.84"
"Randolph","0","19","Arkansas","5/4/20","16","3","05121","18.75"
"Saline","2","68","Arkansas","5/4/20","56","12","05125","21.43"
"Scott","0","1","Arkansas","5/4/20","1","0","05127","0"
"Searcy","0","6","Arkansas","5/4/20","6","0","05129","0"
"Sebastian","0","13","Arkansas","5/4/20","12","1","05131","8.33"
"Sevier","0","13","Arkansas","5/4/20","11","2","05133","18.18"
"Sharp","1","9","Arkansas","5/4/20","3","6","05135","200"
"St. Francis","2","95","Arkansas","5/4/20","81","14","05123","17.28"
"Stone","0","8","Arkansas","5/4/20","7","1","05137","14.29"
"Union","3","62","Arkansas","5/4/20","38","24","05139","63.16"
"Van Buren","0","28","Arkansas","5/4/20","27","1","05141","3.7"
"Washington","2","91","Arkansas","5/4/20","77","14","05143","18.18"
"White","1","35","Arkansas","5/4/20","31","4","05145","12.9"
"Woodruff","0","1","Arkansas","5/4/20","1","0","05147","0"
"Yell","0","6","Arkansas","5/4/20","3","3","05149","100"
"Alameda","39","1776","California","5/4/20","1500","276","06001","18.4"
"Alpine","0","2","California","5/4/20","2","0","06003","0"
"Amador","0","8","California","5/4/20","8","0","06005","0"
"Butte","0","17","California","5/4/20","16","1","06007","6.25"
"Calaveras","0","13","California","5/4/20","13","0","06009","0"
"Colusa","0","3","California","5/4/20","3","0","06011","0"
"Contra Costa","18","947","California","5/4/20","820","127","06013","15.49"
"Del Norte","0","3","California","5/4/20","3","0","06015","0"
"El Dorado","1","47","California","5/4/20","42","5","06017","11.9"
"Fresno","25","633","California","5/4/20","458","175","06019","38.21"
"Glenn","0","5","California","5/4/20","5","0","06021","0"
"Humboldt","0","54","California","5/4/20","53","1","06023","1.89"
"Imperial","12","368","California","5/4/20","281","87","06025","30.96"
"Inyo","0","19","California","5/4/20","19","0","06027","0"
"Kern","27","1016","California","5/4/20","828","188","06029","22.71"
"Kings","15","172","California","5/4/20","67","105","06031","156.72"
"Lake","0","7","California","5/4/20","6","1","06033","16.67"
"Los Angeles","829","26225","California","5/4/20","20423","5802","06037","28.41"
"Madera","1","51","California","5/4/20","41","10","06039","24.39"
"Marin","2","240","California","5/4/20","224","16","06041","7.14"
"Mariposa","2","14","California","5/4/20","0","14","06043","1"
"Mendocino","0","12","California","5/4/20","11","1","06045","9.09"
"Merced","5","143","California","5/4/20","108","35","06047","32.41"
"Mono","0","26","California","5/4/20","24","2","06051","8.33"
"Monterey","7","235","California","5/4/20","183","52","06053","28.42"
"Napa","1","74","California","5/4/20","64","10","06055","15.62"
"Nevada","1","41","California","5/4/20","37","4","06057","10.81"
"Orange","99","2819","California","5/4/20","2126","693","06059","32.6"
"Placer","3","162","California","5/4/20","143","19","06061","13.29"
"Plumas","0","4","California","5/4/20","4","0","06063","0"
"Riverside","102","4354","California","5/4/20","3643","711","06065","19.52"
"Sacramento","12","1127","California","5/4/20","1045","82","06067","7.85"
"San Benito","1","51","California","5/4/20","47","4","06069","8.51"
"San Bernardino","59","2182","California","5/4/20","1772","410","06071","23.14"
"San Diego","126","3927","California","5/4/20","3043","884","06073","29.05"
"San Francisco","29","1624","California","5/4/20","1424","200","06075","14.04"
"San Joaquin","7","574","California","5/4/20","528","46","06077","8.71"
"San Luis Obispo","5","202","California","5/4/20","169","33","06079","19.53"
"San Mateo","29","1281","California","5/4/20","1080","201","06081","18.61"
"Santa Barbara","6","514","California","5/4/20","471","43","06083","9.13"
"Santa Clara","20","2244","California","5/4/20","2105","139","06085","6.6"
"Santa Cruz","2","137","California","5/4/20","124","13","06087","10.48"
"Shasta","0","31","California","5/4/20","30","1","06089","3.33"
"Siskiyou","0","5","California","5/4/20","5","0","06093","0"
"Solano","10","267","California","5/4/20","199","68","06095","34.17"
"Sonoma","5","257","California","5/4/20","220","37","06097","16.82"
"Stanislaus","17","411","California","5/4/20","294","117","06099","39.8"
"Sutter","-2","31","California","5/4/20","45","-14","06101","-31.11"
"Tehama","0","1","California","5/4/20","1","0","06103","0"
"Tulare","32","757","California","5/4/20","532","225","06107","42.29"
"Tuolumne","0","4","California","5/4/20","3","1","06109","33.33"
"Ventura","11","577","California","5/4/20","497","80","06111","16.1"
"Yolo","1","171","California","5/4/20","161","10","06113","6.21"
"Yuba","0","19","California","5/4/20","16","3","06115","18.75"
"Adams","61","1815","Colorado","5/4/20","1391","424","08001","30.48"
"Alamosa","1","14","Colorado","5/4/20","10","4","08003","40"
"Arapahoe","72","2758","Colorado","5/4/20","2252","506","08005","22.47"
"Archuleta","0","8","Colorado","5/4/20","8","0","08007","0"
"Baca","0","12","Colorado","5/4/20","10","2","08009","20"
"Boulder","23","679","Colorado","5/4/20","515","164","08013","31.84"
"Broomfield","4","167","Colorado","5/4/20","141","26","08014","18.44"
"Chaffee","0","67","Colorado","5/4/20","66","1","08015","1.52"
"Clear Creek","0","13","Colorado","5/4/20","13","0","08019","0"
"Costilla","0","3","Colorado","5/4/20","3","0","08023","0"
"Crowley","0","4","Colorado","5/4/20","2","2","08025","100"
"Custer","0","2","Colorado","5/4/20","2","0","08027","0"
"Delta","3","51","Colorado","5/4/20","33","18","08029","54.55"
"Denver","107","3428","Colorado","5/4/20","2682","746","08031","27.82"
"Douglas","12","531","Colorado","5/4/20","449","82","08035","18.26"
"Eagle","2","552","Colorado","5/4/20","535","17","08037","3.18"
"El Paso","18","1005","Colorado","5/4/20","879","126","08041","14.33"
"Elbert","1","32","Colorado","5/4/20","27","5","08039","18.52"
"Fremont","0","22","Colorado","5/4/20","22","0","08043","0"
"Garfield","1","97","Colorado","5/4/20","88","9","08045","10.23"
"Gilpin","0","1","Colorado","5/4/20","1","0","08047","0"
"Grand","0","5","Colorado","5/4/20","5","0","08049","0"
"Gunnison","1","168","Colorado","5/4/20","158","10","08051","6.33"
"Hinsdale","0","3","Colorado","5/4/20","3","0","08053","0"
"Huerfano","0","2","Colorado","5/4/20","2","0","08055","0"
"Jefferson","22","1431","Colorado","5/4/20","1276","155","08059","12.15"
"Kit Carson","0","21","Colorado","5/4/20","20","1","08063","5"
"La Plata","1","63","Colorado","5/4/20","59","4","08067","6.78"
"Lake","1","21","Colorado","5/4/20","17","4","08065","23.53"
"Larimer","11","395","Colorado","5/4/20","321","74","08069","23.05"
"Las Animas","0","3","Colorado","5/4/20","3","0","08071","0"
"Lincoln","0","3","Colorado","5/4/20","3","0","08073","0"
"Logan","5","291","Colorado","5/4/20","259","32","08075","12.36"
"Mesa","1","47","Colorado","5/4/20","40","7","08077","17.5"
"Mineral","0","2","Colorado","5/4/20","2","0","08079","0"
"Moffat","0","6","Colorado","5/4/20","6","0","08081","0"
"Montezuma","0","18","Colorado","5/4/20","15","3","08083","20"
"Montrose","2","106","Colorado","5/4/20","92","14","08085","15.22"
"Morgan","16","413","Colorado","5/4/20","298","115","08087","38.59"
"Otero","0","10","Colorado","5/4/20","8","2","08089","25"
"Ouray","0","5","Colorado","5/4/20","5","0","08091","0"
"Park","1","14","Colorado","5/4/20","7","7","08093","100"
"Phillips","0","5","Colorado","5/4/20","6","-1","08095","-16.67"
"Pitkin","-1","51","Colorado","5/4/20","61","-10","08097","-16.39"
"Prowers","0","1","Colorado","5/4/20","1","0","08099","0"
"Pueblo","3","158","Colorado","5/4/20","134","24","08101","17.91"
"Rio Blanco","0","1","Colorado","5/4/20","1","0","08103","0"
"Rio Grande","0","7","Colorado","5/4/20","7","0","08105","0"
"Routt","0","56","Colorado","5/4/20","54","2","08107","3.7"
"Saguache","0","3","Colorado","5/4/20","3","0","08109","0"
"San Miguel","0","20","Colorado","5/4/20","19","1","08113","5.26"
"Summit","5","144","Colorado","5/4/20","106","38","08117","35.85"
"Teller","0","28","Colorado","5/4/20","27","1","08119","3.7"
"Washington","0","8","Colorado","5/4/20","6","2","08121","33.33"
"Weld","50","1897","Colorado","5/4/20","1544","353","08123","22.86"
"Yuma","0","9","Colorado","5/4/20","6","3","08125","50"
"Fairfield","212","12245","Connecticut","5/4/20","10763","1482","09001","13.77"
"Hartford","145","6173","Connecticut","5/4/20","5157","1016","09003","19.7"
"Litchfield","22","1047","Connecticut","5/4/20","892","155","09005","17.38"
"Middlesex","15","713","Connecticut","5/4/20","609","104","09007","17.08"
"New Haven","160","8110","Connecticut","5/4/20","6993","1117","09009","15.97"
"New London","18","641","Connecticut","5/4/20","516","125","09011","24.22"
"Tolland","6","464","Connecticut","5/4/20","419","45","09013","10.74"
"Windham","8","217","Connecticut","5/4/20","164","53","09015","32.32"
"Kent","26","833","Delaware","5/4/20","652","181","10001","27.76"
"New Castle","44","1934","Delaware","5/4/20","1629","305","10003","18.72"
"Sussex","90","2497","Delaware","5/4/20","1870","627","10005","33.53"
"","0","49","Diamond Princess","5/4/20","49","0",,"0"
"District of Columbia","183","5170","District of Columbia","5/4/20","3892","1278","11001","32.84"
"Alachua","5","289","Florida","5/4/20","254","35","12001","13.78"
"Baker","0","22","Florida","5/4/20","20","2","12003","10"
"Bay","1","76","Florida","5/4/20","68","8","12005","11.76"
"Bradford","1","48","Florida","5/4/20","44","4","12007","9.09"
"Brevard","6","310","Florida","5/4/20","266","44","12009","16.54"
"Broward","84","5383","Florida","5/4/20","4794","589","12011","12.29"
"Calhoun","1","15","Florida","5/4/20","6","9","12013","150"
"Charlotte","7","257","Florida","5/4/20","211","46","12015","21.8"
"Citrus","0","99","Florida","5/4/20","97","2","12017","2.06"
"Clay","2","285","Florida","5/4/20","271","14","12019","5.17"
"Collier","13","653","Florida","5/4/20","562","91","12021","16.19"
"Columbia","6","96","Florida","5/4/20","53","43","12023","81.13"
"DeSoto","2","39","Florida","5/4/20","25","14","12027","56"
"Dixie","1","10","Florida","5/4/20","5","5","12029","100"
"Duval","12","1072","Florida","5/4/20","990","82","12031","8.28"
"Escambia","18","595","Florida","5/4/20","470","125","12033","26.6"
"Flagler","2","140","Florida","5/4/20","127","13","12035","10.24"
"Franklin","0","2","Florida","5/4/20","2","0","12037","0"
"Gadsden","4","113","Florida","5/4/20","87","26","12039","29.89"
"Gilchrist","0","6","Florida","5/4/20","4","2","12041","50"
"Glades","0","6","Florida","5/4/20","6","0","12043","0"
"Gulf","0","1","Florida","5/4/20","1","0","12045","0"
"Hamilton","0","7","Florida","5/4/20","6","1","12047","16.67"
"Hardee","3","33","Florida","5/4/20","13","20","12049","153.85"
"Hendry","6","111","Florida","5/4/20","68","43","12051","63.24"
"Hernando","1","96","Florida","5/4/20","89","7","12053","7.87"
"Highlands","1","87","Florida","5/4/20","80","7","12055","8.75"
"Hillsborough","34","1300","Florida","5/4/20","1062","238","12057","22.41"
"Holmes","0","10","Florida","5/4/20","9","1","12059","11.11"
"Indian River","1","98","Florida","5/4/20","90","8","12061","8.89"
"Jackson","0","15","Florida","5/4/20","13","2","12063","15.38"
"Jefferson","0","28","Florida","5/4/20","28","0","12065","0"
"Lafayette","0","2","Florida","5/4/20","1","1","12067","100"
"Lake","2","235","Florida","5/4/20","223","12","12069","5.38"
"Lee","24","1138","Florida","5/4/20","971","167","12071","17.2"
"Leon","4","243","Florida","5/4/20","212","31","12073","14.62"
"Levy","1","20","Florida","5/4/20","13","7","12075","53.85"
"Liberty","8","60","Florida","5/4/20","2","58","12077","2900"
"Madison","2","61","Florida","5/4/20","44","17","12079","38.64"
"Manatee","15","636","Florida","5/4/20","533","103","12081","19.32"
"Marion","5","184","Florida","5/4/20","151","33","12083","21.85"
"Martin","5","215","Florida","5/4/20","183","32","12085","17.49"
"Miami-Dade","217","13092","Florida","5/4/20","11570","1522","12086","13.15"
"Monroe","0","80","Florida","5/4/20","79","1","12087","1.27"
"Nassau","1","59","Florida","5/4/20","53","6","12089","11.32"
"Okaloosa","2","160","Florida","5/4/20","149","11","12091","7.38"
"Okeechobee","1","18","Florida","5/4/20","10","8","12093","80"
"Orange","14","1438","Florida","5/4/20","1339","99","12095","7.39"
"Osceola","7","516","Florida","5/4/20","470","46","12097","9.79"
"Palm Beach","78","3311","Florida","5/4/20","2763","548","12099","19.83"
"Pasco","6","282","Florida","5/4/20","237","45","12101","18.99"
"Pinellas","12","784","Florida","5/4/20","698","86","12103","12.32"
"Polk","14","536","Florida","5/4/20","441","95","12105","21.54"
"Putnam","5","121","Florida","5/4/20","87","34","12107","39.08"
"Santa Rosa","1","158","Florida","5/4/20","150","8","12113","5.33"
"Sarasota","9","385","Florida","5/4/20","323","62","12115","19.2"
"Seminole","4","396","Florida","5/4/20","367","29","12117","7.9"
"St. Johns","1","211","Florida","5/4/20","204","7","12109","3.43"
"St. Lucie","3","260","Florida","5/4/20","236","24","12111","10.17"
"Sumter","9","233","Florida","5/4/20","173","60","12119","34.68"
"Suwannee","3","141","Florida","5/4/20","118","23","12121","19.49"
"Taylor","0","3","Florida","5/4/20","3","0","12123","0"
"Union","0","5","Florida","5/4/20","4","1","12125","25"
"Volusia","11","514","Florida","5/4/20","440","74","12127","16.82"
"Wakulla","0","24","Florida","5/4/20","22","2","12129","9.09"
"Walton","2","50","Florida","5/4/20","35","15","12131","42.86"
"Washington","0","12","Florida","5/4/20","12","0","12133","0"
"Appling","2","74","Georgia","5/4/20","60","14","13001","23.33"
"Atkinson","1","12","Georgia","5/4/20","7","5","13003","71.43"
"Bacon","1","28","Georgia","5/4/20","22","6","13005","27.27"
"Baker","1","26","Georgia","5/4/20","21","5","13007","23.81"
"Baldwin","7","239","Georgia","5/4/20","193","46","13009","23.83"
"Banks","2","29","Georgia","5/4/20","17","12","13011","70.59"
"Barrow","8","167","Georgia","5/4/20","113","54","13013","47.79"
"Bartow","7","341","Georgia","5/4/20","289","52","13015","17.99"
"Ben Hill","1","29","Georgia","5/4/20","24","5","13017","20.83"
"Berrien","0","17","Georgia","5/4/20","15","2","13019","13.33"
"Bibb","13","347","Georgia","5/4/20","256","91","13021","35.55"
"Bleckley","2","21","Georgia","5/4/20","9","12","13023","133.33"
"Brantley","0","22","Georgia","5/4/20","21","1","13025","4.76"
"Brooks","1","61","Georgia","5/4/20","52","9","13027","17.31"
"Bryan","1","55","Georgia","5/4/20","48","7","13029","14.58"
"Bulloch","1","43","Georgia","5/4/20","34","9","13031","26.47"
"Burke","1","87","Georgia","5/4/20","77","10","13033","12.99"
"Butts","4","152","Georgia","5/4/20","126","26","13035","20.63"
"Calhoun","3","107","Georgia","5/4/20","87","20","13037","22.99"
"Camden","0","33","Georgia","5/4/20","30","3","13039","10"
"Candler","0","7","Georgia","5/4/20","8","-1","13043","-12.5"
"Carroll","8","382","Georgia","5/4/20","329","53","13045","16.11"
"Catoosa","1","51","Georgia","5/4/20","46","5","13047","10.87"
"Charlton","1","12","Georgia","5/4/20","8","4","13049","50"
"Chatham","5","246","Georgia","5/4/20","208","38","13051","18.27"
"Chattahoochee","1","13","Georgia","5/4/20","9","4","13053","44.44"
"Chattooga","0","15","Georgia","5/4/20","14","1","13055","7.14"
"Cherokee","17","509","Georgia","5/4/20","393","116","13057","29.52"
"Clarke","3","161","Georgia","5/4/20","140","21","13059","15"
"Clay","1","25","Georgia","5/4/20","20","5","13061","25"
"Clayton","22","804","Georgia","5/4/20","649","155","13063","23.88"
"Clinch","0","9","Georgia","5/4/20","7","2","13065","28.57"
"Cobb","51","1840","Georgia","5/4/20","1483","357","13067","24.07"
"Coffee","6","149","Georgia","5/4/20","109","40","13069","36.7"
"Colquitt","3","192","Georgia","5/4/20","172","20","13071","11.63"
"Columbia","3","168","Georgia","5/4/20","145","23","13073","15.86"
"Cook","2","28","Georgia","5/4/20","17","11","13075","64.71"
"Coweta","7","242","Georgia","5/4/20","190","52","13077","27.37"
"Crawford","1","18","Georgia","5/4/20","14","4","13079","28.57"
"Crisp","2","171","Georgia","5/4/20","157","14","13081","8.92"
"Dade","0","16","Georgia","5/4/20","17","-1","13083","-5.88"
"Dawson","2","67","Georgia","5/4/20","53","14","13085","26.42"
"Decatur","4","94","Georgia","5/4/20","64","30","13087","46.88"
"DeKalb","58","2259","Georgia","5/4/20","1855","404","13089","21.78"
"Dodge","1","30","Georgia","5/4/20","24","6","13091","25"
"Dooly","2","133","Georgia","5/4/20","119","14","13093","11.76"
"Dougherty","9","1543","Georgia","5/4/20","1480","63","13095","4.26"
"Douglas","8","343","Georgia","5/4/20","284","59","13097","20.77"
"Early","3","221","Georgia","5/4/20","202","19","13099","9.41"
"Echols","0","5","Georgia","5/4/20","5","0","13101","0"
"Effingham","0","36","Georgia","5/4/20","34","2","13103","5.88"
"Elbert","2","31","Georgia","5/4/20","19","12","13105","63.16"
"Emanuel","0","22","Georgia","5/4/20","20","2","13107","10"
"Evans","0","5","Georgia","5/4/20","4","1","13109","25"
"Fannin","1","32","Georgia","5/4/20","24","8","13111","33.33"
"Fayette","3","187","Georgia","5/4/20","169","18","13113","10.65"
"Floyd","2","150","Georgia","5/4/20","134","16","13115","11.94"
"Forsyth","10","341","Georgia","5/4/20","271","70","13117","25.83"
"Franklin","1","22","Georgia","5/4/20","17","5","13119","29.41"
"Fulton","55","3065","Georgia","5/4/20","2680","385","13121","14.37"
"Gilmer","3","77","Georgia","5/4/20","54","23","13123","42.59"
"Glynn","1","59","Georgia","5/4/20","51","8","13127","15.69"
"Gordon","5","116","Georgia","5/4/20","81","35","13129","43.21"
"Grady","1","63","Georgia","5/4/20","54","9","13131","16.67"
"Greene","0","57","Georgia","5/4/20","54","3","13133","5.56"
"Gwinnett","73","2056","Georgia","5/4/20","1545","511","13135","33.07"
"Habersham","23","355","Georgia","5/4/20","193","162","13137","83.94"
"Hall","97","1776","Georgia","5/4/20","1098","678","13139","61.75"
"Hancock","6","64","Georgia","5/4/20","25","39","13141","156"
"Haralson","0","29","Georgia","5/4/20","27","2","13143","7.41"
"Harris","0","59","Georgia","5/4/20","57","2","13145","3.51"
"Hart","0","12","Georgia","5/4/20","9","3","13147","33.33"
"Heard","0","13","Georgia","5/4/20","10","3","13149","30"
"Henry","8","520","Georgia","5/4/20","464","56","13151","12.07"
"Houston","7","262","Georgia","5/4/20","215","47","13153","21.86"
"Irwin","0","18","Georgia","5/4/20","15","3","13155","20"
"Jackson","5","111","Georgia","5/4/20","77","34","13157","44.16"
"Jasper","1","25","Georgia","5/4/20","20","5","13159","25"
"Jeff Davis","1","22","Georgia","5/4/20","14","8","13161","57.14"
"Jefferson","0","15","Georgia","5/4/20","14","1","13163","7.14"
"Jenkins","0","17","Georgia","5/4/20","16","1","13165","6.25"
"Johnson","3","63","Georgia","5/4/20","39","24","13167","61.54"
"Jones","0","29","Georgia","5/4/20","27","2","13169","7.41"
"Lamar","1","39","Georgia","5/4/20","34","5","13171","14.71"
"Lanier","0","10","Georgia","5/4/20","8","2","13173","25"
"Laurens","2","67","Georgia","5/4/20","54","13","13175","24.07"
"Lee","3","329","Georgia","5/4/20","307","22","13177","7.17"
"Liberty","0","37","Georgia","5/4/20","35","2","13179","5.71"
"Lincoln","0","12","Georgia","5/4/20","10","2","13181","20"
"Long","0","5","Georgia","5/4/20","4","1","13183","25"
"Lowndes","3","162","Georgia","5/4/20","139","23","13185","16.55"
"Lumpkin","5","67","Georgia","5/4/20","32","35","13187","109.38"
"Macon","1","81","Georgia","5/4/20","73","8","13193","10.96"
"Madison","1","26","Georgia","5/4/20","22","4","13195","18.18"
"Marion","0","39","Georgia","5/4/20","40","-1","13197","-2.5"
"McDuffie","0","47","Georgia","5/4/20","44","3","13189","6.82"
"McIntosh","0","6","Georgia","5/4/20","4","2","13191","50"
"Meriwether","1","56","Georgia","5/4/20","49","7","13199","14.29"
"Miller","0","32","Georgia","5/4/20","29","3","13201","10.34"
"Mitchell","5","326","Georgia","5/4/20","293","33","13205","11.26"
"Monroe","0","25","Georgia","5/4/20","22","3","13207","13.64"
"Montgomery","0","2","Georgia","5/4/20","2","0","13209","0"
"Morgan","1","29","Georgia","5/4/20","25","4","13211","16"
"Murray","1","34","Georgia","5/4/20","25","9","13213","36"
"Muscogee","8","337","Georgia","5/4/20","283","54","13215","19.08"
"Newton","6","215","Georgia","5/4/20","173","42","13217","24.28"
"Oconee","1","65","Georgia","5/4/20","57","8","13219","14.04"
"Oglethorpe","0","50","Georgia","5/4/20","48","2","13221","4.17"
"Out of GA","8","1084","Georgia","5/4/20","1027","57","80013","5.55"
"Paulding","6","207","Georgia","5/4/20","166","41","13223","24.7"
"Peach","3","59","Georgia","5/4/20","39","20","13225","51.28"
"Pickens","1","29","Georgia","5/4/20","21","8","13227","38.1"
"Pierce","0","53","Georgia","5/4/20","54","-1","13229","-1.85"
"Pike","0","40","Georgia","5/4/20","39","1","13231","2.56"
"Polk","2","60","Georgia","5/4/20","49","11","13233","22.45"
"Pulaski","1","33","Georgia","5/4/20","24","9","13235","37.5"
"Putnam","1","46","Georgia","5/4/20","37","9","13237","24.32"
"Quitman","0","6","Georgia","5/4/20","4","2","13239","50"
"Rabun","0","13","Georgia","5/4/20","10","3","13241","30"
"Randolph","1","164","Georgia","5/4/20","156","8","13243","5.13"
"Richmond","6","422","Georgia","5/4/20","377","45","13245","11.94"
"Rockdale","5","199","Georgia","5/4/20","166","33","13247","19.88"
"Schley","0","16","Georgia","5/4/20","16","0","13249","0"
"Screven","0","15","Georgia","5/4/20","14","1","13251","7.14"
"Seminole","0","31","Georgia","5/4/20","29","2","13253","6.9"
"Spalding","3","219","Georgia","5/4/20","197","22","13255","11.17"
"Stephens","2","88","Georgia","5/4/20","73","15","13257","20.55"
"Stewart","1","25","Georgia","5/4/20","18","7","13259","38.89"
"Sumter","4","391","Georgia","5/4/20","362","29","13261","8.01"
"Talbot","1","25","Georgia","5/4/20","21","4","13263","19.05"
"Taliaferro","0","1","Georgia","5/4/20","0","1","13265","1"
"Tattnall","0","9","Georgia","5/4/20","7","2","13267","28.57"
"Taylor","0","18","Georgia","5/4/20","17","1","13269","5.88"
"Telfair","0","28","Georgia","5/4/20","25","3","13271","12"
"Terrell","3","189","Georgia","5/4/20","167","22","13273","13.17"
"Thomas","5","196","Georgia","5/4/20","162","34","13275","20.99"
"Tift","5","132","Georgia","5/4/20","100","32","13277","32"
"Toombs","1","34","Georgia","5/4/20","28","6","13279","21.43"
"Towns","0","19","Georgia","5/4/20","20","-1","13281","-5"
"Treutlen","0","3","Georgia","5/4/20","2","1","13283","50"
"Troup","3","159","Georgia","5/4/20","138","21","13285","15.22"
"Turner","1","69","Georgia","5/4/20","64","5","13287","7.81"
"Twiggs","0","8","Georgia","5/4/20","7","1","13289","14.29"
"Union","0","31","Georgia","5/4/20","32","-1","13291","-3.12"
"Upson","5","240","Georgia","5/4/20","203","37","13293","18.23"
"Walker","0","61","Georgia","5/4/20","59","2","13295","3.39"
"Walton","5","136","Georgia","5/4/20","100","36","13297","36"
"Ware","3","133","Georgia","5/4/20","112","21","13299","18.75"
"Warren","0","13","Georgia","5/4/20","12","1","13301","8.33"
"Washington","1","43","Georgia","5/4/20","37","6","13303","16.22"
"Wayne","0","13","Georgia","5/4/20","12","1","13305","8.33"
"Webster","0","10","Georgia","5/4/20","10","0","13307","0"
"Wheeler","0","5","Georgia","5/4/20","4","1","13309","25"
"White","4","79","Georgia","5/4/20","48","31","13311","64.58"
"Whitfield","8","126","Georgia","5/4/20","69","57","13313","82.61"
"Wilcox","3","90","Georgia","5/4/20","72","18","13315","25"
"Wilkes","0","25","Georgia","5/4/20","23","2","13317","8.7"
"Wilkinson","1","36","Georgia","5/4/20","32","4","13319","12.5"
"Worth","3","167","Georgia","5/4/20","143","24","13321","16.78"
"","0","103","Grand Princess","5/4/20","103","0",,"0"
"","1","145","Guam","5/4/20","141","4",,"2.84"
"Hawaii","1","75","Hawaii","5/4/20","70","5","15001","7.14"
"Honolulu","1","400","Hawaii","5/4/20","396","4","15003","1.01"
"Kauai","0","21","Hawaii","5/4/20","21","0","15007","0"
"Maui","0","116","Hawaii","5/4/20","113","3","15009","2.65"
"Out of HI","0","9","Hawaii","5/4/20","7","2","80015","28.57"
"Ada","9","710","Idaho","5/4/20","650","60","16001","9.23"
"Adams","0","3","Idaho","5/4/20","3","0","16003","0"
"Bannock","0","11","Idaho","5/4/20","8","3","16005","37.5"
"Bingham","0","4","Idaho","5/4/20","3","1","16011","33.33"
"Blaine","1","498","Idaho","5/4/20","492","6","16013","1.22"
"Bonner","0","4","Idaho","5/4/20","4","0","16017","0"
"Bonneville","0","28","Idaho","5/4/20","28","0","16019","0"
"Camas","0","1","Idaho","5/4/20","1","0","16025","0"
"Canyon","5","266","Idaho","5/4/20","233","33","16027","14.16"
"Caribou","0","1","Idaho","5/4/20","1","0","16029","0"
"Cassia","0","13","Idaho","5/4/20","12","1","16031","8.33"
"Custer","0","2","Idaho","5/4/20","2","0","16037","0"
"Elmore","0","30","Idaho","5/4/20","29","1","16039","3.45"
"Fremont","0","2","Idaho","5/4/20","2","0","16043","0"
"Gem","0","14","Idaho","5/4/20","12","2","16045","16.67"
"Gooding","1","13","Idaho","5/4/20","9","4","16047","44.44"
"Idaho","0","3","Idaho","5/4/20","3","0","16049","0"
"Jefferson","0","5","Idaho","5/4/20","5","0","16051","0"
"Jerome","2","57","Idaho","5/4/20","46","11","16053","23.91"
"Kootenai","0","62","Idaho","5/4/20","61","1","16055","1.64"
"Latah","0","5","Idaho","5/4/20","4","1","16057","25"
"Lemhi","0","1","Idaho","5/4/20","1","0","16059","0"
"Lincoln","1","29","Idaho","5/4/20","22","7","16063","31.82"
"Madison","1","12","Idaho","5/4/20","8","4","16065","50"
"Minidoka","0","11","Idaho","5/4/20","10","1","16067","10"
"Nez Perce","2","74","Idaho","5/4/20","58","16","16069","27.59"
"Owyhee","0","8","Idaho","5/4/20","8","0","16073","0"
"Payette","1","17","Idaho","5/4/20","13","4","16075","30.77"
"Power","0","2","Idaho","5/4/20","2","0","16077","0"
"Teton","0","9","Idaho","5/4/20","8","1","16081","12.5"
"Twin Falls","7","208","Idaho","5/4/20","156","52","16083","33.33"
"Valley","0","2","Idaho","5/4/20","2","0","16085","0"
"Washington","0","1","Idaho","5/4/20","1","0","16087","0"
"Adams","1","40","Illinois","5/4/20","33","7","17001","21.21"
"Alexander","0","4","Illinois","5/4/20","3","1","17003","33.33"
"Bond","0","6","Illinois","5/4/20","5","1","17005","20"
"Boone","9","144","Illinois","5/4/20","79","65","17007","82.28"
"Brown","0","2","Illinois","5/4/20","0","2","17009","1"
"Bureau","0","12","Illinois","5/4/20","10","2","17011","20"
"Calhoun","0","1","Illinois","5/4/20","1","0","17013","0"
"Carroll","0","10","Illinois","5/4/20","9","1","17015","11.11"
"Cass","2","40","Illinois","5/4/20","25","15","17017","60"
"Champaign","11","182","Illinois","5/4/20","107","75","17019","70.09"
"Christian","0","28","Illinois","5/4/20","28","0","17021","0"
"Clark","0","5","Illinois","5/4/20","4","1","17023","25"
"Clay","0","2","Illinois","5/4/20","2","0","17025","0"
"Clinton","4","114","Illinois","5/4/20","85","29","17027","34.12"
"Coles","0","22","Illinois","5/4/20","22","0","17029","0"
"Cook","1680","43715","Illinois","5/4/20","31953","11762","17031","36.81"
"Crawford","0","8","Illinois","5/4/20","10","-2","17033","-20"
"Cumberland","0","4","Illinois","5/4/20","3","1","17035","33.33"
"De Witt","0","3","Illinois","5/4/20","1","2","17039","200"
"DeKalb","8","130","Illinois","5/4/20","76","54","17037","71.05"
"Douglas","1","20","Illinois","5/4/20","14","6","17041","42.86"
"DuPage","168","3803","Illinois","5/4/20","2628","1175","17043","44.71"
"Effingham","0","5","Illinois","5/4/20","5","0","17049","0"
"Fayette","0","16","Illinois","5/4/20","16","0","17051","0"
"Ford","0","9","Illinois","5/4/20","8","1","17053","12.5"
"Franklin","0","9","Illinois","5/4/20","8","1","17055","12.5"
"Fulton","0","4","Illinois","5/4/20","3","1","17057","33.33"
"Gallatin","0","2","Illinois","5/4/20","2","0","17059","0"
"Greene","0","3","Illinois","5/4/20","2","1","17061","50"
"Grundy","2","46","Illinois","5/4/20","30","16","17063","53.33"
"Hamilton","0","2","Illinois","5/4/20","2","0","17065","0"
"Hancock","1","9","Illinois","5/4/20","5","4","17067","80"
"Hardin","0","1","Illinois","5/4/20","1","0","17069","0"
"Henderson","0","4","Illinois","5/4/20","4","0","17071","0"
"Henry","2","53","Illinois","5/4/20","36","17","17073","47.22"
"Iroquois","3","42","Illinois","5/4/20","18","24","17075","133.33"
"Jackson","10","140","Illinois","5/4/20","68","72","17077","105.88"
"Jasper","1","48","Illinois","5/4/20","42","6","17079","14.29"
"Jefferson","1","87","Illinois","5/4/20","83","4","17081","4.82"
"Jersey","0","14","Illinois","5/4/20","12","2","17083","16.67"
"Jo Daviess","0","14","Illinois","5/4/20","11","3","17085","27.27"
"Johnson","0","4","Illinois","5/4/20","4","0","17087","0"
"Kane","133","2115","Illinois","5/4/20","1185","930","17089","78.48"
"Kankakee","11","383","Illinois","5/4/20","309","74","17091","23.95"
"Kendall","15","326","Illinois","5/4/20","218","108","17093","49.54"
"Knox","3","56","Illinois","5/4/20","36","20","17095","55.56"
"Lake","167","4252","Illinois","5/4/20","3080","1172","17097","38.05"
"LaSalle","3","70","Illinois","5/4/20","46","24","17099","52.17"
"Lawrence","0","4","Illinois","5/4/20","3","1","17101","33.33"
"Lee","1","25","Illinois","5/4/20","20","5","17103","25"
"Livingston","0","23","Illinois","5/4/20","20","3","17105","15"
"Logan","0","7","Illinois","5/4/20","4","3","17107","75"
"Macon","3","124","Illinois","5/4/20","103","21","17115","20.39"
"Macoupin","1","34","Illinois","5/4/20","30","4","17117","13.33"
"Madison","8","365","Illinois","5/4/20","306","59","17119","19.28"
"Marion","1","35","Illinois","5/4/20","26","9","17121","34.62"
"Marshall","0","4","Illinois","5/4/20","4","0","17123","0"
"Mason","1","14","Illinois","5/4/20","7","7","17125","100"
"Massac","0","4","Illinois","5/4/20","4","0","17127","0"
"McDonough","4","36","Illinois","5/4/20","7","29","17109","414.29"
"McHenry","36","790","Illinois","5/4/20","538","252","17111","46.84"
"McLean","2","103","Illinois","5/4/20","92","11","17113","11.96"
"Menard","1","14","Illinois","5/4/20","4","10","17129","250"
"Mercer","0","10","Illinois","5/4/20","7","3","17131","42.86"
"Monroe","1","73","Illinois","5/4/20","64","9","17133","14.06"
"Montgomery","1","29","Illinois","5/4/20","23","6","17135","26.09"
"Morgan","1","24","Illinois","5/4/20","18","6","17137","33.33"
"Moultrie","0","5","Illinois","5/4/20","4","1","17139","25"
"Ogle","4","132","Illinois","5/4/20","105","27","17141","25.71"
"Peoria","6","107","Illinois","5/4/20","68","39","17143","57.35"
"Perry","4","34","Illinois","5/4/20","9","25","17145","277.78"
"Piatt","0","7","Illinois","5/4/20","7","0","17147","0"
"Pike","0","1","Illinois","5/4/20","1","0","17149","0"
"Pulaski","0","20","Illinois","5/4/20","17","3","17153","17.65"
"Randolph","10","182","Illinois","5/4/20","109","73","17157","66.97"
"Richland","0","3","Illinois","5/4/20","3","0","17159","0"
"Rock Island","18","452","Illinois","5/4/20","323","129","17161","39.94"
"Saline","0","4","Illinois","5/4/20","3","1","17165","33.33"
"Sangamon","14","212","Illinois","5/4/20","113","99","17167","87.61"
"Schuyler","0","1","Illinois","5/4/20","1","0","17169","0"
"Shelby","0","10","Illinois","5/4/20","10","0","17173","0"
"St. Clair","21","551","Illinois","5/4/20","403","148","17163","36.72"
"Stark","0","1","Illinois","5/4/20","1","0","17175","0"
"Stephenson","8","71","Illinois","5/4/20","16","55","17177","343.75"
"Tazewell","1","45","Illinois","5/4/20","37","8","17179","21.62"
"Union","3","30","Illinois","5/4/20","8","22","17181","275"
"Vermilion","1","21","Illinois","5/4/20","14","7","17183","50"
"Wabash","0","1","Illinois","5/4/20","1","0","17185","0"
"Warren","5","85","Illinois","5/4/20","50","35","17187","70"
"Washington","1","13","Illinois","5/4/20","8","5","17189","62.5"
"Wayne","0","2","Illinois","5/4/20","2","0","17191","0"
"White","0","2","Illinois","5/4/20","1","1","17193","100"
"Whiteside","4","92","Illinois","5/4/20","67","25","17195","37.31"
"Will","128","3066","Illinois","5/4/20","2173","893","17197","41.1"
"Williamson","1","35","Illinois","5/4/20","25","10","17199","40"
"Winnebago","42","638","Illinois","5/4/20","343","295","17201","86.01"
"Woodford","0","13","Illinois","5/4/20","11","2","17203","18.18"
"Adams","0","8","Indiana","5/4/20","7","1","18001","14.29"
"Allen","25","664","Indiana","5/4/20","486","178","18003","36.63"
"Bartholomew","5","269","Indiana","5/4/20","232","37","18005","15.95"
"Benton","1","11","Indiana","5/4/20","6","5","18007","83.33"
"Blackford","0","9","Indiana","5/4/20","7","2","18009","28.57"
"Boone","2","199","Indiana","5/4/20","183","16","18011","8.74"
"Brown","0","18","Indiana","5/4/20","15","3","18013","20"
"Carroll","5","56","Indiana","5/4/20","18","38","18015","211.11"
"Cass","49","1371","Indiana","5/4/20","1025","346","18017","33.76"
"Clark","8","334","Indiana","5/4/20","277","57","18019","20.58"
"Clay","0","22","Indiana","5/4/20","19","3","18021","15.79"
"Clinton","5","64","Indiana","5/4/20","32","32","18023","100"
"Crawford","0","18","Indiana","5/4/20","16","2","18025","12.5"
"Daviess","1","52","Indiana","5/4/20","45","7","18027","15.56"
"Dearborn","7","137","Indiana","5/4/20","85","52","18029","61.18"
"Decatur","1","202","Indiana","5/4/20","194","8","18031","4.12"
"DeKalb","1","22","Indiana","5/4/20","15","7","18033","46.67"
"Delaware","8","200","Indiana","5/4/20","147","53","18035","36.05"
"Dubois","1","25","Indiana","5/4/20","18","7","18037","38.89"
"Elkhart","11","321","Indiana","5/4/20","247","74","18039","29.96"
"Fayette","1","30","Indiana","5/4/20","25","5","18041","20"
"Floyd","6","204","Indiana","5/4/20","164","40","18043","24.39"
"Fountain","1","14","Indiana","5/4/20","9","5","18045","55.56"
"Franklin","1","99","Indiana","5/4/20","94","5","18047","5.32"
"Fulton","1","33","Indiana","5/4/20","23","10","18049","43.48"
"Gibson","0","7","Indiana","5/4/20","6","1","18051","16.67"
"Grant","4","146","Indiana","5/4/20","117","29","18053","24.79"
"Greene","7","96","Indiana","5/4/20","47","49","18055","104.26"
"Hamilton","18","845","Indiana","5/4/20","720","125","18057","17.36"
"Hancock","7","231","Indiana","5/4/20","183","48","18059","26.23"
"Harrison","2","138","Indiana","5/4/20","121","17","18061","14.05"
"Hendricks","19","774","Indiana","5/4/20","643","131","18063","20.37"
"Henry","2","48","Indiana","5/4/20","34","14","18065","41.18"
"Howard","7","202","Indiana","5/4/20","152","50","18067","32.89"
"Huntington","0","11","Indiana","5/4/20","9","2","18069","22.22"
"Jackson","7","166","Indiana","5/4/20","118","48","18071","40.68"
"Jasper","1","36","Indiana","5/4/20","29","7","18073","24.14"
"Jay","1","18","Indiana","5/4/20","12","6","18075","50"
"Jefferson","1","30","Indiana","5/4/20","26","4","18077","15.38"
"Jennings","1","82","Indiana","5/4/20","72","10","18079","13.89"
"Johnson","26","718","Indiana","5/4/20","538","180","18081","33.46"
"Knox","0","20","Indiana","5/4/20","20","0","18083","0"
"Kosciusko","1","37","Indiana","5/4/20","29","8","18085","27.59"
"LaGrange","1","30","Indiana","5/4/20","23","7","18087","30.43"
"Lake","73","2098","Indiana","5/4/20","1586","512","18089","32.28"
"LaPorte","9","254","Indiana","5/4/20","192","62","18091","32.29"
"Lawrence","2","108","Indiana","5/4/20","93","15","18093","16.13"
"Madison","8","450","Indiana","5/4/20","396","54","18095","13.64"
"Marion","200","6327","Indiana","5/4/20","4926","1401","18097","28.44"
"Marshall","0","31","Indiana","5/4/20","29","2","18099","6.9"
"Martin","0","7","Indiana","5/4/20","7","0","18101","0"
"Miami","4","119","Indiana","5/4/20","93","26","18103","27.96"
"Monroe","2","131","Indiana","5/4/20","120","11","18105","9.17"
"Montgomery","10","102","Indiana","5/4/20","35","67","18107","191.43"
"Morgan","5","168","Indiana","5/4/20","132","36","18109","27.27"
"Newton","2","62","Indiana","5/4/20","46","16","18111","34.78"
"Noble","4","86","Indiana","5/4/20","56","30","18113","53.57"
"Ohio","0","6","Indiana","5/4/20","3","3","18115","100"
"Orange","6","105","Indiana","5/4/20","60","45","18117","75"
"Owen","0","25","Indiana","5/4/20","22","3","18119","13.64"
"Parke","0","12","Indiana","5/4/20","12","0","18121","0"
"Perry","0","11","Indiana","5/4/20","8","3","18123","37.5"
"Pike","0","2","Indiana","5/4/20","1","1","18125","100"
"Porter","6","258","Indiana","5/4/20","215","43","18127","20"
"Posey","1","13","Indiana","5/4/20","9","4","18129","44.44"
"Pulaski","2","29","Indiana","5/4/20","18","11","18131","61.11"
"Putnam","3","78","Indiana","5/4/20","58","20","18133","34.48"
"Randolph","0","16","Indiana","5/4/20","14","2","18135","14.29"
"Ripley","1","97","Indiana","5/4/20","90","7","18137","7.78"
"Rush","1","35","Indiana","5/4/20","30","5","18139","16.67"
"Scott","2","52","Indiana","5/4/20","38","14","18143","36.84"
"Shelby","6","224","Indiana","5/4/20","184","40","18145","21.74"
"Spencer","0","5","Indiana","5/4/20","5","0","18147","0"
"St. Joseph","12","668","Indiana","5/4/20","586","82","18141","13.99"
"Starke","0","17","Indiana","5/4/20","15","2","18149","13.33"
"Steuben","3","41","Indiana","5/4/20","21","20","18151","95.24"
"Sullivan","0","16","Indiana","5/4/20","13","3","18153","23.08"
"Switzerland","0","15","Indiana","5/4/20","14","1","18155","7.14"
"Tippecanoe","13","181","Indiana","5/4/20","90","91","18157","101.11"
"Tipton","0","20","Indiana","5/4/20","18","2","18159","11.11"
"Union","0","7","Indiana","5/4/20","6","1","18161","16.67"
"Vanderburgh","4","150","Indiana","5/4/20","119","31","18163","26.05"
"Vermillion","0","7","Indiana","5/4/20","7","0","18165","0"
"Vigo","1","69","Indiana","5/4/20","62","7","18167","11.29"
"Wabash","6","63","Indiana","5/4/20","22","41","18169","186.36"
"Warren","0","11","Indiana","5/4/20","11","0","18171","0"
"Warrick","3","103","Indiana","5/4/20","83","20","18173","24.1"
"Washington","1","45","Indiana","5/4/20","40","5","18175","12.5"
"Wayne","1","39","Indiana","5/4/20","33","6","18177","18.18"
"Wells","0","7","Indiana","5/4/20","5","2","18179","40"
"White","9","99","Indiana","5/4/20","34","65","18181","191.18"
"Whitley","1","21","Indiana","5/4/20","16","5","18183","31.25"
"Adair","0","1","Iowa","5/4/20","1","0","19001","0"
"Allamakee","4","99","Iowa","5/4/20","72","27","19005","37.5"
"Appanoose","0","4","Iowa","5/4/20","2","2","19007","100"
"Audubon","1","5","Iowa","5/4/20","1","4","19009","400"
"Benton","1","34","Iowa","5/4/20","27","7","19011","25.93"
"Black Hawk","74","1361","Iowa","5/4/20","844","517","19013","61.26"
"Boone","3","28","Iowa","5/4/20","7","21","19015","300"
"Bremer","1","55","Iowa","5/4/20","45","10","19017","22.22"
"Buchanan","1","20","Iowa","5/4/20","12","8","19019","66.67"
"Buena Vista","1","11","Iowa","5/4/20","4","7","19021","175"
"Butler","0","9","Iowa","5/4/20","8","1","19023","12.5"
"Calhoun","0","1","Iowa","5/4/20","0","1","19025","1"
"Carroll","1","5","Iowa","5/4/20","1","4","19027","400"
"Cass","0","1","Iowa","5/4/20","1","0","19029","0"
"Cedar","1","33","Iowa","5/4/20","28","5","19031","17.86"
"Cerro Gordo","0","14","Iowa","5/4/20","14","0","19033","0"
"Cherokee","0","4","Iowa","5/4/20","2","2","19035","100"
"Chickasaw","0","5","Iowa","5/4/20","4","1","19037","25"
"Clarke","0","3","Iowa","5/4/20","2","1","19039","50"
"Clay","0","6","Iowa","5/4/20","3","3","19041","100"
"Clayton","1","17","Iowa","5/4/20","13","4","19043","30.77"
"Clinton","0","50","Iowa","5/4/20","48","2","19045","4.17"
"Crawford","9","78","Iowa","5/4/20","14","64","19047","457.14"
"Dallas","57","578","Iowa","5/4/20","179","399","19049","222.91"
"Davis","0","2","Iowa","5/4/20","0","2","19051","1"
"Delaware","0","5","Iowa","5/4/20","4","1","19055","25"
"Des Moines","0","19","Iowa","5/4/20","17","2","19057","11.76"
"Dickinson","0","6","Iowa","5/4/20","5","1","19059","20"
"Dubuque","9","152","Iowa","5/4/20","87","65","19061","74.71"
"Fayette","1","23","Iowa","5/4/20","16","7","19065","43.75"
"Floyd","0","1","Iowa","5/4/20","0","1","19067","1"
"Franklin","0","3","Iowa","5/4/20","2","1","19069","50"
"Greene","1","11","Iowa","5/4/20","2","9","19073","450"
"Grundy","1","16","Iowa","5/4/20","9","7","19075","77.78"
"Guthrie","3","29","Iowa","5/4/20","6","23","19077","383.33"
"Hamilton","0","7","Iowa","5/4/20","7","0","19079","0"
"Hancock","0","3","Iowa","5/4/20","3","0","19081","0"
"Hardin","0","9","Iowa","5/4/20","7","2","19083","28.57"
"Harrison","0","16","Iowa","5/4/20","15","1","19085","6.67"
"Henry","0","34","Iowa","5/4/20","32","2","19087","6.25"
"Howard","1","12","Iowa","5/4/20","6","6","19089","100"
"Humboldt","0","4","Iowa","5/4/20","4","0","19091","0"
"Iowa","1","22","Iowa","5/4/20","18","4","19095","22.22"
"Jackson","0","5","Iowa","5/4/20","5","0","19097","0"
"Jasper","17","210","Iowa","5/4/20","91","119","19099","130.77"
"Jefferson","0","6","Iowa","5/4/20","6","0","19101","0"
"Johnson","10","505","Iowa","5/4/20","437","68","19103","15.56"
"Jones","1","24","Iowa","5/4/20","19","5","19105","26.32"
"Keokuk","0","3","Iowa","5/4/20","2","1","19107","50"
"Kossuth","0","2","Iowa","5/4/20","1","1","19109","100"
"Lee","1","14","Iowa","5/4/20","5","9","19111","180"
"Linn","21","757","Iowa","5/4/20","613","144","19113","23.49"
"Louisa","1","277","Iowa","5/4/20","267","10","19115","3.75"
"Lyon","1","15","Iowa","5/4/20","9","6","19119","66.67"
"Madison","1","9","Iowa","5/4/20","3","6","19121","200"
"Mahaska","1","17","Iowa","5/4/20","9","8","19123","88.89"
"Marion","1","12","Iowa","5/4/20","7","5","19125","71.43"
"Marshall","32","630","Iowa","5/4/20","408","222","19127","54.41"
"Mills","0","3","Iowa","5/4/20","3","0","19129","0"
"Mitchell","0","3","Iowa","5/4/20","2","1","19131","50"
"Monona","0","10","Iowa","5/4/20","7","3","19133","42.86"
"Monroe","0","1","Iowa","5/4/20","0","1","19135","1"
"Montgomery","0","1","Iowa","5/4/20","1","0","19137","0"
"Muscatine","11","387","Iowa","5/4/20","311","76","19139","24.44"
"O'Brien","1","11","Iowa","5/4/20","6","5","19141","83.33"
"Osceola","1","13","Iowa","5/4/20","8","5","19143","62.5"
"Page","1","9","Iowa","5/4/20","5","4","19145","80"
"Plymouth","2","27","Iowa","5/4/20","10","17","19149","170"
"Pocahontas","0","3","Iowa","5/4/20","1","2","19151","200"
"Polk","129","1661","Iowa","5/4/20","756","905","19153","119.71"
"Pottawattamie","3","49","Iowa","5/4/20","27","22","19155","81.48"
"Poweshiek","3","73","Iowa","5/4/20","50","23","19157","46"
"Sac","0","1","Iowa","5/4/20","0","1","19161","1"
"Scott","4","245","Iowa","5/4/20","216","29","19163","13.43"
"Shelby","0","12","Iowa","5/4/20","9","3","19165","33.33"
"Sioux","2","23","Iowa","5/4/20","7","16","19167","228.57"
"Story","2","38","Iowa","5/4/20","25","13","19169","52"
"Tama","5","292","Iowa","5/4/20","259","33","19171","12.74"
"Taylor","0","1","Iowa","5/4/20","1","0","19173","0"
"Union","0","1","Iowa","5/4/20","1","0","19175","0"
"Van Buren","0","8","Iowa","5/4/20","8","0","19177","0"
"Wapello","12","94","Iowa","5/4/20","10","84","19179","840"
"Warren","1","27","Iowa","5/4/20","20","7","19181","35"
"Washington","2","149","Iowa","5/4/20","136","13","19183","9.56"
"Wayne","0","1","Iowa","5/4/20","0","1","19185","1"
"Webster","0","6","Iowa","5/4/20","4","2","19187","50"
"Winnebago","0","3","Iowa","5/4/20","2","1","19189","50"
"Winneshiek","-1","18","Iowa","5/4/20","24","-6","19191","-25"
"Woodbury","94","1152","Iowa","5/4/20","495","657","19193","132.73"
"Worth","0","1","Iowa","5/4/20","1","0","19195","0"
"Wright","0","3","Iowa","5/4/20","2","1","19197","50"
"Atchison","0","11","Kansas","5/4/20","9","2","20005","22.22"
"Barber","0","1","Kansas","5/4/20","1","0","20007","0"
"Barton","0","9","Kansas","5/4/20","9","0","20009","0"
"Bourbon","0","6","Kansas","5/4/20","6","0","20011","0"
"Brown","0","1","Kansas","5/4/20","0","1","20013","1"
"Butler","0","14","Kansas","5/4/20","14","0","20015","0"
"Chase","0","3","Kansas","5/4/20","1","2","20017","200"
"Chautauqua","0","4","Kansas","5/4/20","3","1","20019","33.33"
"Cherokee","0","8","Kansas","5/4/20","7","1","20021","14.29"
"Cheyenne","0","2","Kansas","5/4/20","0","2","20023","1"
"Clark","0","2","Kansas","5/4/20","1","1","20025","100"
"Clay","0","4","Kansas","5/4/20","4","0","20027","0"
"Cloud","0","4","Kansas","5/4/20","3","1","20029","33.33"
"Coffey","0","49","Kansas","5/4/20","48","1","20031","2.08"
"Cowley","0","3","Kansas","5/4/20","3","0","20035","0"
"Crawford","0","8","Kansas","5/4/20","7","1","20037","14.29"
"Dickinson","0","2","Kansas","5/4/20","2","0","20041","0"
"Doniphan","0","4","Kansas","5/4/20","3","1","20043","33.33"
"Douglas","0","51","Kansas","5/4/20","49","2","20045","4.08"
"Edwards","0","4","Kansas","5/4/20","2","2","20047","100"
"Ellis","0","8","Kansas","5/4/20","8","0","20051","0"
"Finney","50","586","Kansas","5/4/20","238","348","20055","146.22"
"Ford","45","832","Kansas","5/4/20","516","316","20057","61.24"
"Franklin","1","19","Kansas","5/4/20","12","7","20059","58.33"
"Geary","0","11","Kansas","5/4/20","10","1","20061","10"
"Gove","0","1","Kansas","5/4/20","1","0","20063","0"
"Grant","1","7","Kansas","5/4/20","1","6","20067","600"
"Gray","0","6","Kansas","5/4/20","3","3","20069","100"
"Greenwood","0","3","Kansas","5/4/20","3","0","20073","0"
"Hamilton","0","4","Kansas","5/4/20","2","2","20075","100"
"Harper","0","1","Kansas","5/4/20","0","1","20077","1"
"Harvey","0","8","Kansas","5/4/20","6","2","20079","33.33"
"Haskell","0","8","Kansas","5/4/20","7","1","20081","14.29"
"Jackson","0","2","Kansas","5/4/20","2","0","20085","0"
"Jefferson","0","10","Kansas","5/4/20","8","2","20087","25"
"Jewell","0","4","Kansas","5/4/20","4","0","20089","0"
"Johnson","9","504","Kansas","5/4/20","440","64","20091","14.55"
"Kearny","1","21","Kansas","5/4/20","12","9","20093","75"
"Kiowa","0","2","Kansas","5/4/20","1","1","20097","100"
"Labette","0","22","Kansas","5/4/20","21","1","20099","4.76"
"Leavenworth","49","529","Kansas","5/4/20","184","345","20103","187.5"
"Linn","0","6","Kansas","5/4/20","6","0","20107","0"
"Lyon","11","255","Kansas","5/4/20","177","78","20111","44.07"
"Marion","0","5","Kansas","5/4/20","5","0","20115","0"
"McPherson","0","23","Kansas","5/4/20","20","3","20113","15"
"Meade","1","11","Kansas","5/4/20","2","9","20119","450"
"Miami","0","5","Kansas","5/4/20","5","0","20121","0"
"Mitchell","0","3","Kansas","5/4/20","2","1","20123","50"
"Montgomery","0","19","Kansas","5/4/20","16","3","20125","18.75"
"Morris","0","3","Kansas","5/4/20","3","0","20127","0"
"Morton","0","3","Kansas","5/4/20","2","1","20129","50"
"Nemaha","0","1","Kansas","5/4/20","1","0","20131","0"
"Neosho","0","2","Kansas","5/4/20","2","0","20133","0"
"Norton","0","2","Kansas","5/4/20","0","2","20137","1"
"Osage","0","5","Kansas","5/4/20","5","0","20139","0"
"Osborne","0","2","Kansas","5/4/20","2","0","20141","0"
"Ottawa","0","4","Kansas","5/4/20","3","1","20143","33.33"
"Phillips","0","1","Kansas","5/4/20","1","0","20147","0"
"Pottawatomie","1","15","Kansas","5/4/20","9","6","20149","66.67"
"Pratt","0","1","Kansas","5/4/20","1","0","20151","0"
"Reno","2","40","Kansas","5/4/20","27","13","20155","48.15"
"Republic","0","4","Kansas","5/4/20","4","0","20157","0"
"Rice","0","3","Kansas","5/4/20","3","0","20159","0"
"Riley","1","55","Kansas","5/4/20","45","10","20161","22.22"
"Rooks","0","6","Kansas","5/4/20","6","0","20163","0"
"Saline","0","21","Kansas","5/4/20","20","1","20169","5"
"Scott","0","1","Kansas","5/4/20","1","0","20171","0"
"Sedgwick","14","436","Kansas","5/4/20","339","97","20173","28.61"
"Seward","29","599","Kansas","5/4/20","393","206","20175","52.42"
"Shawnee","3","128","Kansas","5/4/20","106","22","20177","20.75"
"Sheridan","0","2","Kansas","5/4/20","2","0","20179","0"
"Sherman","0","5","Kansas","5/4/20","3","2","20181","66.67"
"Smith","0","2","Kansas","5/4/20","2","0","20183","0"
"Stafford","0","1","Kansas","5/4/20","1","0","20185","0"
"Stanton","0","7","Kansas","5/4/20","4","3","20187","75"
"Stevens","1","12","Kansas","5/4/20","7","5","20189","71.43"
"Sumner","0","4","Kansas","5/4/20","3","1","20191","33.33"
"Wabaunsee","2","27","Kansas","5/4/20","15","12","20197","80"
"Wilson","0","1","Kansas","5/4/20","1","0","20205","0"
"Woodson","0","6","Kansas","5/4/20","5","1","20207","20"
"Wyandotte","44","879","Kansas","5/4/20","573","306","20209","53.4"
"Adair","1","81","Kentucky","5/4/20","77","4","21001","5.19"
"Allen","1","14","Kentucky","5/4/20","8","6","21003","75"
"Anderson","0","9","Kentucky","5/4/20","8","1","21005","12.5"
"Ballard","0","8","Kentucky","5/4/20","7","1","21007","14.29"
"Barren","1","20","Kentucky","5/4/20","15","5","21009","33.33"
"Bath","0","4","Kentucky","5/4/20","4","0","21011","0"
"Boone","8","171","Kentucky","5/4/20","116","55","21015","47.41"
"Bourbon","0","9","Kentucky","5/4/20","7","2","21017","28.57"
"Boyd","0","31","Kentucky","5/4/20","33","-2","21019","-6.06"
"Boyle","0","17","Kentucky","5/4/20","17","0","21021","0"
"Bracken","0","9","Kentucky","5/4/20","7","2","21023","28.57"
"Breathitt","0","2","Kentucky","5/4/20","2","0","21025","0"
"Breckinridge","0","9","Kentucky","5/4/20","8","1","21027","12.5"
"Bullitt","1","56","Kentucky","5/4/20","50","6","21029","12"
"Butler","9","167","Kentucky","5/4/20","103","64","21031","62.14"
"Caldwell","0","12","Kentucky","5/4/20","13","-1","21033","-7.69"
"Calloway","1","35","Kentucky","5/4/20","31","4","21035","12.9"
"Campbell","2","97","Kentucky","5/4/20","81","16","21037","19.75"
"Carlisle","0","2","Kentucky","5/4/20","2","0","21039","0"
"Carroll","0","2","Kentucky","5/4/20","2","0","21041","0"
"Carter","0","6","Kentucky","5/4/20","4","2","21043","50"
"Casey","0","1","Kentucky","5/4/20","1","0","21045","0"
"Christian","1","90","Kentucky","5/4/20","86","4","21047","4.65"
"Clark","0","20","Kentucky","5/4/20","19","1","21049","5.26"
"Clay","0","1","Kentucky","5/4/20","1","0","21051","0"
"Clinton","0","3","Kentucky","5/4/20","2","1","21053","50"
"Crittenden","0","4","Kentucky","5/4/20","3","1","21055","33.33"
"Cumberland","0","5","Kentucky","5/4/20","5","0","21057","0"
"Daviess","9","223","Kentucky","5/4/20","157","66","21059","42.04"
"Edmonson","1","26","Kentucky","5/4/20","17","9","21061","52.94"
"Fayette","8","295","Kentucky","5/4/20","239","56","21067","23.43"
"Fleming","0","2","Kentucky","5/4/20","2","0","21069","0"
"Floyd","0","12","Kentucky","5/4/20","10","2","21071","20"
"Franklin","0","17","Kentucky","5/4/20","16","1","21073","6.25"
"Fulton","0","1","Kentucky","5/4/20","1","0","21075","0"
"Gallatin","0","1","Kentucky","5/4/20","1","0","21077","0"
"Garrard","0","2","Kentucky","5/4/20","2","0","21079","0"
"Grant","1","25","Kentucky","5/4/20","18","7","21081","38.89"
"Graves","3","141","Kentucky","5/4/20","119","22","21083","18.49"
"Grayson","3","84","Kentucky","5/4/20","60","24","21085","40"
"Green","0","1","Kentucky","5/4/20","1","0","21087","0"
"Greenup","0","12","Kentucky","5/4/20","11","1","21089","9.09"
"Hancock","0","6","Kentucky","5/4/20","6","0","21091","0"
"Hardin","2","49","Kentucky","5/4/20","37","12","21093","32.43"
"Harrison","0","18","Kentucky","5/4/20","17","1","21097","5.88"
"Hart","1","6","Kentucky","5/4/20","2","4","21099","200"
"Henderson","3","67","Kentucky","5/4/20","49","18","21101","36.73"
"Henry","0","8","Kentucky","5/4/20","6","2","21103","33.33"
"Hickman","0","4","Kentucky","5/4/20","1","3","21105","300"
"Hopkins","2","203","Kentucky","5/4/20","187","16","21107","8.56"
"Jackson","0","59","Kentucky","5/4/20","60","-1","21109","-1.67"
"Jefferson","40","1419","Kentucky","5/4/20","1140","279","21111","24.47"
"Jessamine","1","40","Kentucky","5/4/20","34","6","21113","17.65"
"Johnson","0","3","Kentucky","5/4/20","2","1","21115","50"
"Kenton","12","317","Kentucky","5/4/20","230","87","21117","37.83"
"Knott","0","4","Kentucky","5/4/20","3","1","21119","33.33"
"Knox","0","6","Kentucky","5/4/20","6","0","21121","0"
"Larue","0","5","Kentucky","5/4/20","5","0","21123","0"
"Laurel","0","17","Kentucky","5/4/20","14","3","21125","21.43"
"Lawrence","0","1","Kentucky","5/4/20","1","0","21127","0"
"Leslie","0","4","Kentucky","5/4/20","2","2","21131","100"
"Letcher","0","3","Kentucky","5/4/20","2","1","21133","50"
"Lewis","0","3","Kentucky","5/4/20","3","0","21135","0"
"Lincoln","0","5","Kentucky","5/4/20","4","1","21137","25"
"Livingston","0","6","Kentucky","5/4/20","4","2","21139","50"
"Logan","1","14","Kentucky","5/4/20","8","6","21141","75"
"Lyon","0","13","Kentucky","5/4/20","14","-1","21143","-7.14"
"Madison","0","30","Kentucky","5/4/20","29","1","21151","3.45"
"Marion","0","17","Kentucky","5/4/20","16","1","21155","6.25"
"Marshall","0","33","Kentucky","5/4/20","33","0","21157","0"
"Martin","0","3","Kentucky","5/4/20","3","0","21159","0"
"Mason","0","6","Kentucky","5/4/20","6","0","21161","0"
"McCracken","3","62","Kentucky","5/4/20","44","18","21145","40.91"
"McCreary","0","11","Kentucky","5/4/20","11","0","21147","0"
"McLean","1","16","Kentucky","5/4/20","12","4","21149","33.33"
"Meade","1","15","Kentucky","5/4/20","9","6","21163","66.67"
"Menifee","0","3","Kentucky","5/4/20","3","0","21165","0"
"Mercer","0","11","Kentucky","5/4/20","11","0","21167","0"
"Metcalfe","0","1","Kentucky","5/4/20","0","1","21169","1"
"Monroe","0","6","Kentucky","5/4/20","4","2","21171","50"
"Montgomery","0","11","Kentucky","5/4/20","10","1","21173","10"
"Morgan","0","1","Kentucky","5/4/20","1","0","21175","0"
"Muhlenberg","3","132","Kentucky","5/4/20","111","21","21177","18.92"
"Nelson","1","24","Kentucky","5/4/20","19","5","21179","26.32"
"Nicholas","0","1","Kentucky","5/4/20","1","0","21181","0"
"Ohio","2","53","Kentucky","5/4/20","38","15","21183","39.47"
"Oldham","1","33","Kentucky","5/4/20","27","6","21185","22.22"
"Owen","0","1","Kentucky","5/4/20","0","1","21187","1"
"Owsley","0","2","Kentucky","5/4/20","2","0","21189","0"
"Pendleton","0","5","Kentucky","5/4/20","6","-1","21191","-16.67"
"Perry","1","14","Kentucky","5/4/20","6","8","21193","133.33"
"Pike","1","13","Kentucky","5/4/20","9","4","21195","44.44"
"Powell","0","1","Kentucky","5/4/20","1","0","21197","0"
"Pulaski","0","43","Kentucky","5/4/20","41","2","21199","4.88"
"Rockcastle","0","11","Kentucky","5/4/20","11","0","21203","0"
"Rowan","0","2","Kentucky","5/4/20","2","0","21205","0"
"Russell","0","16","Kentucky","5/4/20","16","0","21207","0"
"Scott","0","24","Kentucky","5/4/20","24","0","21209","0"
"Shelby","0","31","Kentucky","5/4/20","28","3","21211","10.71"
"Simpson","1","28","Kentucky","5/4/20","24","4","21213","16.67"
"Spencer","1","14","Kentucky","5/4/20","10","4","21215","40"
"Taylor","0","8","Kentucky","5/4/20","6","2","21217","33.33"
"Todd","0","12","Kentucky","5/4/20","11","1","21219","9.09"
"Trigg","1","9","Kentucky","5/4/20","5","4","21221","80"
"Trimble","0","3","Kentucky","5/4/20","3","0","21223","0"
"Union","0","8","Kentucky","5/4/20","8","0","21225","0"
"Warren","24","400","Kentucky","5/4/20","234","166","21227","70.94"
"Washington","0","5","Kentucky","5/4/20","5","0","21229","0"
"Wayne","0","8","Kentucky","5/4/20","6","2","21231","33.33"
"Webster","1","24","Kentucky","5/4/20","19","5","21233","26.32"
"Whitley","0","11","Kentucky","5/4/20","11","0","21235","0"
"Woodford","0","18","Kentucky","5/4/20","19","-1","21239","-5.26"
"Acadia","1","134","Louisiana","5/4/20","130","4","22001","3.08"
"Allen","0","90","Louisiana","5/4/20","87","3","22003","3.45"
"Ascension","10","647","Louisiana","5/4/20","574","73","22005","12.72"
"Assumption","4","201","Louisiana","5/4/20","175","26","22007","14.86"
"Avoyelles","1","74","Louisiana","5/4/20","69","5","22009","7.25"
"Beauregard","1","43","Louisiana","5/4/20","36","7","22011","19.44"
"Bienville","1","78","Louisiana","5/4/20","73","5","22013","6.85"
"Bossier","4","300","Louisiana","5/4/20","274","26","22015","9.49"
"Caddo","23","1629","Louisiana","5/4/20","1470","159","22017","10.82"
"Calcasieu","14","464","Louisiana","5/4/20","369","95","22019","25.75"
"Caldwell","3","39","Louisiana","5/4/20","17","22","22021","129.41"
"Cameron","0","3","Louisiana","5/4/20","3","0","22023","0"
"Catahoula","3","46","Louisiana","5/4/20","25","21","22025","84"
"Claiborne","1","58","Louisiana","5/4/20","52","6","22027","11.54"
"Concordia","1","40","Louisiana","5/4/20","31","9","22029","29.03"
"De Soto","2","202","Louisiana","5/4/20","187","15","22031","8.02"
"East Baton Rouge","51","2131","Louisiana","5/4/20","1771","360","22033","20.33"
"East Carroll","0","8","Louisiana","5/4/20","6","2","22035","33.33"
"East Feliciana","2","130","Louisiana","5/4/20","116","14","22037","12.07"
"Evangeline","2","60","Louisiana","5/4/20","45","15","22039","33.33"
"Franklin","3","139","Louisiana","5/4/20","119","20","22041","16.81"
"Grant","1","17","Louisiana","5/4/20","12","5","22043","41.67"
"Iberia","4","270","Louisiana","5/4/20","245","25","22045","10.2"
"Iberville","6","482","Louisiana","5/4/20","442","40","22047","9.05"
"Jackson","2","47","Louisiana","5/4/20","30","17","22049","56.67"
"Jefferson","46","6426","Louisiana","5/4/20","6104","322","22051","5.28"
"Jefferson Davis","1","65","Louisiana","5/4/20","61","4","22053","6.56"
"Lafayette","4","468","Louisiana","5/4/20","443","25","22055","5.64"
"Lafourche","7","681","Louisiana","5/4/20","632","49","22057","7.75"
"LaSalle","1","27","Louisiana","5/4/20","21","6","22059","28.57"
"Lincoln","2","94","Louisiana","5/4/20","79","15","22061","18.99"
"Livingston","9","243","Louisiana","5/4/20","183","60","22063","32.79"
"Madison","0","8","Louisiana","5/4/20","7","1","22065","14.29"
"Morehouse","1","55","Louisiana","5/4/20","48","7","22067","14.58"
"Natchitoches","2","90","Louisiana","5/4/20","77","13","22069","16.88"
"Orleans","27","6557","Louisiana","5/4/20","6365","192","22071","3.02"
"Ouachita","20","785","Louisiana","5/4/20","645","140","22073","21.71"
"Plaquemines","2","181","Louisiana","5/4/20","168","13","22075","7.74"
"Pointe Coupee","2","108","Louisiana","5/4/20","94","14","22077","14.89"
"Rapides","7","300","Louisiana","5/4/20","249","51","22079","20.48"
"Red River","2","33","Louisiana","5/4/20","22","11","22081","50"
"Richland","4","82","Louisiana","5/4/20","52","30","22083","57.69"
"Sabine","1","17","Louisiana","5/4/20","13","4","22085","30.77"
"St. Bernard","4","480","Louisiana","5/4/20","449","31","22087","6.9"
"St. Charles","5","584","Louisiana","5/4/20","549","35","22089","6.38"
"St. Helena","1","31","Louisiana","5/4/20","27","4","22091","14.81"
"St. James","2","253","Louisiana","5/4/20","239","14","22093","5.86"
"St. John the Baptist","4","777","Louisiana","5/4/20","751","26","22095","3.46"
"St. Landry","3","191","Louisiana","5/4/20","167","24","22097","14.37"
"St. Martin","3","244","Louisiana","5/4/20","223","21","22099","9.42"
"St. Mary","4","209","Louisiana","5/4/20","181","28","22101","15.47"
"St. Tammany","24","1341","Louisiana","5/4/20","1172","169","22103","14.42"
"Tangipahoa","8","588","Louisiana","5/4/20","535","53","22105","9.91"
"Tensas","0","2","Louisiana","5/4/20","1","1","22107","100"
"Terrebonne","13","466","Louisiana","5/4/20","375","91","22109","24.27"
"Union","6","143","Louisiana","5/4/20","103","40","22111","38.83"
"Vermilion","0","38","Louisiana","5/4/20","35","3","22113","8.57"
"Vernon","0","16","Louisiana","5/4/20","16","0","22115","0"
"Washington","5","291","Louisiana","5/4/20","253","38","22117","15.02"
"Webster","1","92","Louisiana","5/4/20","83","9","22119","10.84"
"West Baton Rouge","2","111","Louisiana","5/4/20","94","17","22121","18.09"
"West Carroll","0","4","Louisiana","5/4/20","4","0","22123","0"
"West Feliciana","7","153","Louisiana","5/4/20","104","49","22125","47.12"
"Winn","3","44","Louisiana","5/4/20","22","22","22127","100"
"Androscoggin","3","60","Maine","5/4/20","42","18","23001","42.86"
"Aroostook","0","5","Maine","5/4/20","4","1","23003","25"
"Cumberland","14","558","Maine","5/4/20","459","99","23005","21.57"
"Franklin","0","29","Maine","5/4/20","27","2","23007","7.41"
"Hancock","0","10","Maine","5/4/20","9","1","23009","11.11"
"Kennebec","0","105","Maine","5/4/20","102","3","23011","2.94"
"Knox","0","16","Maine","5/4/20","14","2","23013","14.29"
"Lincoln","0","13","Maine","5/4/20","12","1","23015","8.33"
"Oxford","0","15","Maine","5/4/20","15","0","23017","0"
"Penobscot","4","85","Maine","5/4/20","55","30","23019","54.55"
"Piscataquis","0","1","Maine","5/4/20","1","0","23021","0"
"Sagadahoc","0","19","Maine","5/4/20","18","1","23023","5.56"
"Somerset","0","17","Maine","5/4/20","17","0","23025","0"
"Waldo","0","49","Maine","5/4/20","48","1","23027","2.08"
"Washington","0","2","Maine","5/4/20","2","0","23029","0"
"York","3","219","Maine","5/4/20","196","23","23031","11.73"
"Allegany","2","126","Maryland","5/4/20","114","12","24001","10.53"
"Anne Arundel","68","2018","Maryland","5/4/20","1544","474","24003","30.7"
"Baltimore","129","3448","Maryland","5/4/20","2548","900","24005","35.32"
"Baltimore City","68","2411","Maryland","5/4/20","1933","478","24510","24.73"
"Calvert","5","171","Maryland","5/4/20","138","33","24009","23.91"
"Caroline","4","98","Maryland","5/4/20","68","30","24011","44.12"
"Carroll","15","506","Maryland","5/4/20","403","103","24013","25.56"
"Cecil","4","194","Maryland","5/4/20","163","31","24015","19.02"
"Charles","17","651","Maryland","5/4/20","529","122","24017","23.06"
"Dorchester","3","75","Maryland","5/4/20","51","24","24019","47.06"
"Frederick","25","1038","Maryland","5/4/20","865","173","24021","20"
"Garrett","0","4","Maryland","5/4/20","4","0","24023","0"
"Harford","20","491","Maryland","5/4/20","352","139","24025","39.49"
"Howard","31","992","Maryland","5/4/20","778","214","24027","27.51"
"Kent","4","95","Maryland","5/4/20","70","25","24029","35.71"
"Montgomery","220","5384","Maryland","5/4/20","3843","1541","24031","40.1"
"Prince George's","334","7598","Maryland","5/4/20","5263","2335","24033","44.37"
"Queen Anne's","1","63","Maryland","5/4/20","54","9","24035","16.67"
"Somerset","2","35","Maryland","5/4/20","19","16","24039","84.21"
"St. Mary's","3","168","Maryland","5/4/20","144","24","24037","16.67"
"Talbot","2","45","Maryland","5/4/20","34","11","24041","32.35"
"Washington","8","237","Maryland","5/4/20","181","56","24043","30.94"
"Wicomico","21","480","Maryland","5/4/20","336","144","24045","42.86"
"Worcester","4","80","Maryland","5/4/20","53","27","24047","50.94"
"Barnstable","26","997","Massachusetts","5/4/20","813","184","25001","22.63"
"Berkshire","4","460","Massachusetts","5/4/20","435","25","25003","5.75"
"Bristol","151","4169","Massachusetts","5/4/20","3113","1056","25005","33.92"
"Dukes and Nantucket","1","34","Massachusetts","5/4/20","27","7","00000","25.93"
"Essex","302","9941","Massachusetts","5/4/20","7827","2114","25009","27.01"
"Franklin","6","279","Massachusetts","5/4/20","236","43","25011","18.22"
"Hampden","107","4171","Massachusetts","5/4/20","3420","751","25013","21.96"
"Hampshire","18","579","Massachusetts","5/4/20","456","123","25015","26.97"
"Middlesex","412","16020","Massachusetts","5/4/20","13133","2887","25017","21.98"
"Norfolk","152","6588","Massachusetts","5/4/20","5521","1067","25021","19.33"
"Plymouth","153","5747","Massachusetts","5/4/20","4675","1072","25023","22.93"
"Suffolk","303","14141","Massachusetts","5/4/20","12019","2122","25025","17.66"
"Worcester","250","6567","Massachusetts","5/4/20","4815","1752","25027","36.39"
"Alcona","0","7","Michigan","5/4/20","7","0","26001","0"
"Allegan","7","142","Michigan","5/4/20","91","51","26005","56.04"
"Alpena","3","90","Michigan","5/4/20","67","23","26007","34.33"
"Antrim","0","11","Michigan","5/4/20","10","1","26009","10"
"Arenac","2","32","Michigan","5/4/20","19","13","26011","68.42"
"Baraga","0","1","Michigan","5/4/20","0","1","26013","1"
"Barry","1","50","Michigan","5/4/20","41","9","26015","21.95"
"Bay","7","191","Michigan","5/4/20","143","48","26017","33.57"
"Benzie","0","4","Michigan","5/4/20","4","0","26019","0"
"Berrien","13","411","Michigan","5/4/20","319","92","26021","28.84"
"Branch","2","71","Michigan","5/4/20","55","16","26023","29.09"
"Calhoun","6","273","Michigan","5/4/20","228","45","26025","19.74"
"Cass","1","44","Michigan","5/4/20","36","8","26027","22.22"
"Charlevoix","0","14","Michigan","5/4/20","14","0","26029","0"
"Cheboygan","0","24","Michigan","5/4/20","22","2","26031","9.09"
"Chippewa","0","3","Michigan","5/4/20","3","0","26033","0"
"Clare","0","11","Michigan","5/4/20","11","0","26035","0"
"Clinton","2","132","Michigan","5/4/20","118","14","26037","11.86"
"Crawford","1","60","Michigan","5/4/20","54","6","26039","11.11"
"Delta","0","14","Michigan","5/4/20","14","0","26041","0"
"Dickinson","0","3","Michigan","5/4/20","3","0","26043","0"
"Eaton","4","156","Michigan","5/4/20","130","26","26045","20"
"Emmet","0","25","Michigan","5/4/20","25","0","26047","0"
"Federal Correctional Institution (FCI)","2","95","Michigan","5/4/20","81","14","00000","17.28"
"Genesee","31","1788","Michigan","5/4/20","1572","216","26049","13.74"
"Gladwin","0","14","Michigan","5/4/20","11","3","26051","27.27"
"Gogebic","0","5","Michigan","5/4/20","4","1","26053","25"
"Grand Traverse","0","21","Michigan","5/4/20","20","1","26055","5"
"Gratiot","2","27","Michigan","5/4/20","11","16","26057","145.45"
"Hillsdale","2","133","Michigan","5/4/20","116","17","26059","14.66"
"Houghton","0","2","Michigan","5/4/20","2","0","26061","0"
"Huron","2","31","Michigan","5/4/20","19","12","26063","63.16"
"Ingham","14","527","Michigan","5/4/20","431","96","26065","22.27"
"Ionia","7","98","Michigan","5/4/20","51","47","26067","92.16"
"Iosco","2","63","Michigan","5/4/20","52","11","26069","21.15"
"Isabella","1","76","Michigan","5/4/20","72","4","26073","5.56"
"Jackson","4","384","Michigan","5/4/20","359","25","26075","6.96"
"Kalamazoo","26","516","Michigan","5/4/20","331","185","26077","55.89"
"Kalkaska","0","28","Michigan","5/4/20","27","1","26079","3.7"
"Kent","112","2000","Michigan","5/4/20","1215","785","26081","64.61"
"Lake","0","3","Michigan","5/4/20","3","0","26085","0"
"Lapeer","1","181","Michigan","5/4/20","174","7","26087","4.02"
"Leelanau","0","9","Michigan","5/4/20","9","0","26089","0"
"Lenawee","4","136","Michigan","5/4/20","107","29","26091","27.1"
"Livingston","6","416","Michigan","5/4/20","371","45","26093","12.13"
"Luce","0","1","Michigan","5/4/20","1","0","26095","0"
"Mackinac","0","6","Michigan","5/4/20","5","1","26097","20"
"Macomb","73","5788","Michigan","5/4/20","5276","512","26099","9.7"
"Manistee","0","12","Michigan","5/4/20","12","0","26101","0"
"Marquette","1","50","Michigan","5/4/20","42","8","26103","19.05"
"Mason","1","15","Michigan","5/4/20","8","7","26105","87.5"
"Mecosta","0","17","Michigan","5/4/20","17","0","26107","0"
"Menominee","0","6","Michigan","5/4/20","3","3","26109","100"
"Michigan Department of Corrections (MDOC)","117","1870","Michigan","5/4/20","1048","822","00000","78.44"
"Midland","1","91","Michigan","5/4/20","83","8","26111","9.64"
"Missaukee","0","22","Michigan","5/4/20","19","3","26113","15.79"
"Monroe","8","343","Michigan","5/4/20","290","53","26115","18.28"
"Montcalm","2","47","Michigan","5/4/20","33","14","26117","42.42"
"Montmorency","0","5","Michigan","5/4/20","5","0","26119","0"
"Muskegon","11","313","Michigan","5/4/20","234","79","26121","33.76"
"Newaygo","2","31","Michigan","5/4/20","16","15","26123","93.75"
"Oakland","112","8324","Michigan","5/4/20","7542","782","26125","10.37"
"Oceana","2","23","Michigan","5/4/20","11","12","26127","109.09"
"Ogemaw","1","19","Michigan","5/4/20","14","5","26129","35.71"
"Osceola","0","10","Michigan","5/4/20","10","0","26133","0"
"Oscoda","0","6","Michigan","5/4/20","4","2","26135","50"
"Otsego","1","111","Michigan","5/4/20","104","7","26137","6.73"
"Ottawa","19","360","Michigan","5/4/20","225","135","26139","60"
"Out of MI","0","22","Michigan","5/4/20","20","2","80026","10"
"Presque Isle","0","11","Michigan","5/4/20","11","0","26141","0"
"Roscommon","1","20","Michigan","5/4/20","15","5","26143","33.33"
"Saginaw","21","739","Michigan","5/4/20","593","146","26145","24.62"
"Sanilac","0","37","Michigan","5/4/20","35","2","26151","5.71"
"Schoolcraft","0","3","Michigan","5/4/20","3","0","26153","0"
"Shiawassee","3","200","Michigan","5/4/20","178","22","26155","12.36"
"St. Clair","5","384","Michigan","5/4/20","347","37","26147","10.66"
"St. Joseph","2","43","Michigan","5/4/20","30","13","26149","43.33"
"Tuscola","3","115","Michigan","5/4/20","92","23","26157","25"
"Van Buren","5","83","Michigan","5/4/20","49","34","26159","69.39"
"Washtenaw","18","1237","Michigan","5/4/20","1113","124","26161","11.14"
"Wayne","223","17640","Michigan","5/4/20","16078","1562","26163","9.72"
"Wexford","0","11","Michigan","5/4/20","11","0","26165","0"
"Aitkin","0","1","Minnesota","5/4/20","1","0","27001","0"
"Anoka","19","299","Minnesota","5/4/20","168","131","27003","77.98"
"Becker","2","13","Minnesota","5/4/20","2","11","27005","550"
"Beltrami","0","6","Minnesota","5/4/20","6","0","27007","0"
"Benton","4","35","Minnesota","5/4/20","4","31","27009","775"
"Big Stone","0","2","Minnesota","5/4/20","2","0","27011","0"
"Blue Earth","3","50","Minnesota","5/4/20","30","20","27013","66.67"
"Brown","0","9","Minnesota","5/4/20","8","1","27015","12.5"
"Carlton","1","60","Minnesota","5/4/20","52","8","27017","15.38"
"Carver","1","27","Minnesota","5/4/20","17","10","27019","58.82"
"Cass","0","7","Minnesota","5/4/20","5","2","27021","40"
"Chippewa","0","3","Minnesota","5/4/20","2","1","27023","50"
"Chisago","1","13","Minnesota","5/4/20","7","6","27025","85.71"
"Clay","8","190","Minnesota","5/4/20","131","59","27027","45.04"
"Clearwater","0","2","Minnesota","5/4/20","2","0","27029","0"
"Cottonwood","4","37","Minnesota","5/4/20","9","28","27033","311.11"
"Crow Wing","0","21","Minnesota","5/4/20","20","1","27035","5"
"Dakota","10","215","Minnesota","5/4/20","144","71","27037","49.31"
"Dodge","0","21","Minnesota","5/4/20","19","2","27039","10.53"
"Douglas","1","7","Minnesota","5/4/20","2","5","27041","250"
"Faribault","0","7","Minnesota","5/4/20","4","3","27043","75"
"Fillmore","0","13","Minnesota","5/4/20","12","1","27045","8.33"
"Freeborn","0","36","Minnesota","5/4/20","33","3","27047","9.09"
"Goodhue","1","23","Minnesota","5/4/20","19","4","27049","21.05"
"Grant","0","1","Minnesota","5/4/20","0","1","27051","1"
"Hennepin","126","2298","Minnesota","5/4/20","1416","882","27053","62.29"
"Houston","0","1","Minnesota","5/4/20","1","0","27055","0"
"Isanti","0","6","Minnesota","5/4/20","6","0","27059","0"
"Itasca","1","12","Minnesota","5/4/20","2","10","27061","500"
"Jackson","2","24","Minnesota","5/4/20","8","16","27063","200"
"Kanabec","0","1","Minnesota","5/4/20","0","1","27065","1"
"Kandiyohi","21","188","Minnesota","5/4/20","39","149","27067","382.05"
"Kittson","0","1","Minnesota","5/4/20","1","0","27069","0"
"Koochiching","0","1","Minnesota","5/4/20","1","0","27071","0"
"Lac qui Parle","0","2","Minnesota","5/4/20","1","1","27073","100"
"Le Sueur","0","26","Minnesota","5/4/20","23","3","27079","13.04"
"Lincoln","0","3","Minnesota","5/4/20","2","1","27081","50"
"Lyon","0","9","Minnesota","5/4/20","6","3","27083","50"
"Mahnomen","0","2","Minnesota","5/4/20","1","1","27087","100"
"Marshall","1","7","Minnesota","5/4/20","1","6","27089","600"
"Martin","9","108","Minnesota","5/4/20","43","65","27091","151.16"
"McLeod","0","4","Minnesota","5/4/20","4","0","27085","0"
"Meeker","2","17","Minnesota","5/4/20","6","11","27093","183.33"
"Mille Lacs","0","3","Minnesota","5/4/20","1","2","27095","200"
"Morrison","1","6","Minnesota","5/4/20","1","5","27097","500"
"Mower","1","32","Minnesota","5/4/20","28","4","27099","14.29"
"Murray","1","17","Minnesota","5/4/20","10","7","27101","70"
"Nicollet","1","16","Minnesota","5/4/20","9","7","27103","77.78"
"Nobles","87","1011","Minnesota","5/4/20","399","612","27105","153.38"
"Norman","0","9","Minnesota","5/4/20","7","2","27107","28.57"
"Olmsted","8","305","Minnesota","5/4/20","246","59","27109","23.98"
"Otter Tail","1","18","Minnesota","5/4/20","8","10","27111","125"
"Pennington","0","1","Minnesota","5/4/20","1","0","27113","0"
"Pine","1","60","Minnesota","5/4/20","56","4","27115","7.14"
"Pipestone","0","4","Minnesota","5/4/20","2","2","27117","100"
"Polk","3","42","Minnesota","5/4/20","24","18","27119","75"
"Ramsey","34","535","Minnesota","5/4/20","297","238","27123","80.13"
"Red Lake","0","1","Minnesota","5/4/20","1","0","27125","0"
"Redwood","0","3","Minnesota","5/4/20","1","2","27127","200"
"Renville","0","5","Minnesota","5/4/20","3","2","27129","66.67"
"Rice","2","24","Minnesota","5/4/20","10","14","27131","140"
"Rock","1","16","Minnesota","5/4/20","6","10","27133","166.67"
"Roseau","0","1","Minnesota","5/4/20","1","0","27135","0"
"Scott","4","63","Minnesota","5/4/20","35","28","27139","80"
"Sherburne","6","61","Minnesota","5/4/20","16","45","27141","281.25"
"Sibley","0","2","Minnesota","5/4/20","1","1","27143","100"
"St. Louis","2","79","Minnesota","5/4/20","67","12","27137","17.91"
"Stearns","96","728","Minnesota","5/4/20","55","673","27145","1223.64"
"Steele","1","24","Minnesota","5/4/20","14","10","27147","71.43"
"Swift","0","2","Minnesota","5/4/20","1","1","27151","100"
"Todd","2","15","Minnesota","5/4/20","3","12","27153","400"
"Traverse","0","2","Minnesota","5/4/20","2","0","27155","0"
"Wabasha","0","10","Minnesota","5/4/20","8","2","27157","25"
"Wadena","0","2","Minnesota","5/4/20","0","2","27159","1"
"Waseca","0","6","Minnesota","5/4/20","3","3","27161","100"
"Washington","5","152","Minnesota","5/4/20","114","38","27163","33.33"
"Watonwan","1","15","Minnesota","5/4/20","7","8","27165","114.29"
"Wilkin","0","11","Minnesota","5/4/20","11","0","27167","0"
"Winona","0","67","Minnesota","5/4/20","66","1","27169","1.52"
"Wright","3","54","Minnesota","5/4/20","34","20","27171","58.82"
"Yellow Medicine","0","3","Minnesota","5/4/20","3","0","27173","0"
"Adams","5","149","Mississippi","5/4/20","116","33","28001","28.45"
"Alcorn","0","10","Mississippi","5/4/20","8","2","28003","25"
"Amite","1","30","Mississippi","5/4/20","26","4","28005","15.38"
"Attala","6","128","Mississippi","5/4/20","86","42","28007","48.84"
"Benton","0","12","Mississippi","5/4/20","9","3","28009","33.33"
"Bolivar","1","110","Mississippi","5/4/20","101","9","28011","8.91"
"Calhoun","1","56","Mississippi","5/4/20","50","6","28013","12"
"Carroll","8","77","Mississippi","5/4/20","20","57","28015","285"
"Chickasaw","2","78","Mississippi","5/4/20","64","14","28017","21.88"
"Choctaw","0","14","Mississippi","5/4/20","13","1","28019","7.69"
"Claiborne","2","30","Mississippi","5/4/20","19","11","28021","57.89"
"Clarke","2","62","Mississippi","5/4/20","47","15","28023","31.91"
"Clay","3","52","Mississippi","5/4/20","31","21","28025","67.74"
"Coahoma","2","70","Mississippi","5/4/20","58","12","28027","20.69"
"Copiah","6","124","Mississippi","5/4/20","79","45","28029","56.96"
"Covington","3","74","Mississippi","5/4/20","51","23","28031","45.1"
"DeSoto","5","304","Mississippi","5/4/20","266","38","28033","14.29"
"Forrest","8","248","Mississippi","5/4/20","190","58","28035","30.53"
"Franklin","0","18","Mississippi","5/4/20","17","1","28037","5.88"
"George","0","14","Mississippi","5/4/20","11","3","28039","27.27"
"Greene","0","6","Mississippi","5/4/20","4","2","28041","50"
"Grenada","1","35","Mississippi","5/4/20","27","8","28043","29.63"
"Hancock","1","68","Mississippi","5/4/20","60","8","28045","13.33"
"Harrison","4","184","Mississippi","5/4/20","159","25","28047","15.72"
"Hinds","17","542","Mississippi","5/4/20","421","121","28049","28.74"
"Holmes","8","168","Mississippi","5/4/20","114","54","28051","47.37"
"Humphreys","1","25","Mississippi","5/4/20","18","7","28053","38.89"
"Itawamba","2","64","Mississippi","5/4/20","49","15","28057","30.61"
"Jackson","4","267","Mississippi","5/4/20","240","27","28059","11.25"
"Jasper","4","62","Mississippi","5/4/20","32","30","28061","93.75"
"Jefferson","2","23","Mississippi","5/4/20","12","11","28063","91.67"
"Jefferson Davis","2","43","Mississippi","5/4/20","27","16","28065","59.26"
"Jones","8","185","Mississippi","5/4/20","130","55","28067","42.31"
"Kemper","4","79","Mississippi","5/4/20","49","30","28069","61.22"
"Lafayette","1","93","Mississippi","5/4/20","88","5","28071","5.68"
"Lamar","4","121","Mississippi","5/4/20","92","29","28073","31.52"
"Lauderdale","18","432","Mississippi","5/4/20","304","128","28075","42.11"
"Lawrence","2","53","Mississippi","5/4/20","36","17","28077","47.22"
"Leake","12","247","Mississippi","5/4/20","161","86","28079","53.42"
"Lee","0","72","Mississippi","5/4/20","70","2","28081","2.86"
"Leflore","5","174","Mississippi","5/4/20","137","37","28083","27.01"
"Lincoln","3","154","Mississippi","5/4/20","136","18","28085","13.24"
"Lowndes","2","61","Mississippi","5/4/20","45","16","28087","35.56"
"Madison","11","286","Mississippi","5/4/20","208","78","28089","37.5"
"Marion","2","75","Mississippi","5/4/20","58","17","28091","29.31"
"Marshall","1","48","Mississippi","5/4/20","41","7","28093","17.07"
"Monroe","4","175","Mississippi","5/4/20","144","31","28095","21.53"
"Montgomery","2","35","Mississippi","5/4/20","19","16","28097","84.21"
"Neshoba","9","222","Mississippi","5/4/20","156","66","28099","42.31"
"Newton","4","93","Mississippi","5/4/20","64","29","28101","45.31"
"Noxubee","5","88","Mississippi","5/4/20","52","36","28103","69.23"
"Oktibbeha","1","54","Mississippi","5/4/20","46","8","28105","17.39"
"Panola","0","40","Mississippi","5/4/20","38","2","28107","5.26"
"Pearl River","4","181","Mississippi","5/4/20","153","28","28109","18.3"
"Perry","1","31","Mississippi","5/4/20","26","5","28111","19.23"
"Pike","3","155","Mississippi","5/4/20","136","19","28113","13.97"
"Pontotoc","1","22","Mississippi","5/4/20","18","4","28115","22.22"
"Prentiss","0","32","Mississippi","5/4/20","32","0","28117","0"
"Quitman","0","16","Mississippi","5/4/20","14","2","28119","14.29"
"Rankin","5","207","Mississippi","5/4/20","171","36","28121","21.05"
"Scott","16","369","Mississippi","5/4/20","258","111","28123","43.02"
"Sharkey","0","5","Mississippi","5/4/20","5","0","28125","0"
"Simpson","1","49","Mississippi","5/4/20","40","9","28127","22.5"
"Smith","2","81","Mississippi","5/4/20","65","16","28129","24.62"
"Stone","0","22","Mississippi","5/4/20","22","0","28131","0"
"Sunflower","1","57","Mississippi","5/4/20","52","5","28133","9.62"
"Tallahatchie","0","12","Mississippi","5/4/20","11","1","28135","9.09"
"Tate","1","45","Mississippi","5/4/20","38","7","28137","18.42"
"Tippah","1","58","Mississippi","5/4/20","52","6","28139","11.54"
"Tishomingo","0","8","Mississippi","5/4/20","8","0","28141","0"
"Tunica","0","36","Mississippi","5/4/20","35","1","28143","2.86"
"Union","2","30","Mississippi","5/4/20","15","15","28145","100"
"Walthall","1","33","Mississippi","5/4/20","29","4","28147","13.79"
"Warren","5","83","Mississippi","5/4/20","50","33","28149","66"
"Washington","0","77","Mississippi","5/4/20","77","0","28151","0"
"Wayne","1","24","Mississippi","5/4/20","19","5","28153","26.32"
"Webster","1","20","Mississippi","5/4/20","16","4","28155","25"
"Wilkinson","0","70","Mississippi","5/4/20","68","2","28157","2.94"
"Winston","1","49","Mississippi","5/4/20","40","9","28159","22.5"
"Yalobusha","0","20","Mississippi","5/4/20","19","1","28161","5.26"
"Yazoo","4","151","Mississippi","5/4/20","126","25","28163","19.84"
"Adair","0","12","Missouri","5/4/20","12","0","29001","0"
"Andrew","1","6","Missouri","5/4/20","2","4","29003","200"
"Atchison","0","2","Missouri","5/4/20","2","0","29005","0"
"Audrain","0","1","Missouri","5/4/20","1","0","29007","0"
"Barry","0","6","Missouri","5/4/20","6","0","29009","0"
"Bates","0","6","Missouri","5/4/20","6","0","29013","0"
"Benton","1","8","Missouri","5/4/20","4","4","29015","100"
"Bollinger","0","4","Missouri","5/4/20","4","0","29017","0"
"Boone","0","97","Missouri","5/4/20","98","-1","29019","-1.02"
"Buchanan","40","341","Missouri","5/4/20","63","278","29021","441.27"
"Butler","0","26","Missouri","5/4/20","26","0","29023","0"
"Caldwell","0","3","Missouri","5/4/20","3","0","29025","0"
"Callaway","0","23","Missouri","5/4/20","20","3","29027","15"
"Camden","0","35","Missouri","5/4/20","35","0","29029","0"
"Cape Girardeau","0","49","Missouri","5/4/20","48","1","29031","2.08"
"Carroll","0","3","Missouri","5/4/20","3","0","29033","0"
"Carter","0","3","Missouri","5/4/20","3","0","29035","0"
"Cass","1","63","Missouri","5/4/20","58","5","29037","8.62"
"Cedar","0","5","Missouri","5/4/20","5","0","29039","0"
"Chariton","0","5","Missouri","5/4/20","5","0","29041","0"
"Christian","0","19","Missouri","5/4/20","19","0","29043","0"
"Clark","0","1","Missouri","5/4/20","1","0","29045","0"
"Clay","2","80","Missouri","5/4/20","68","12","29047","17.65"
"Clinton","0","11","Missouri","5/4/20","11","0","29049","0"
"Cole","1","54","Missouri","5/4/20","50","4","29051","8"
"Cooper","0","9","Missouri","5/4/20","7","2","29053","28.57"
"Crawford","0","8","Missouri","5/4/20","7","1","29055","14.29"
"Dallas","0","2","Missouri","5/4/20","2","0","29059","0"
"Daviess","0","3","Missouri","5/4/20","2","1","29061","50"
"DeKalb","0","3","Missouri","5/4/20","3","0","29063","0"
"Dunklin","0","23","Missouri","5/4/20","20","3","29069","15"
"Franklin","3","125","Missouri","5/4/20","106","19","29071","17.92"
"Gasconade","0","3","Missouri","5/4/20","2","1","29073","50"
"Gentry","0","1","Missouri","5/4/20","1","0","29075","0"
"Greene","1","99","Missouri","5/4/20","93","6","29077","6.45"
"Harrison","0","6","Missouri","5/4/20","6","0","29081","0"
"Henry","0","7","Missouri","5/4/20","8","-1","29083","-12.5"
"Holt","0","1","Missouri","5/4/20","1","0","29087","0"
"Howard","0","2","Missouri","5/4/20","2","0","29089","0"
"Howell","0","5","Missouri","5/4/20","5","0","29091","0"
"Iron","0","2","Missouri","5/4/20","2","0","29093","0"
"Jackson","4","335","Missouri","5/4/20","309","26","29095","8.41"
"Jasper","0","25","Missouri","5/4/20","24","1","29097","4.17"
"Jefferson","3","290","Missouri","5/4/20","266","24","29099","9.02"
"Johnson","1","59","Missouri","5/4/20","54","5","29101","9.26"
"Kansas City","23","659","Missouri","5/4/20","500","159","00000","31.8"
"Lafayette","1","45","Missouri","5/4/20","35","10","29107","28.57"
"Lewis","0","6","Missouri","5/4/20","6","0","29111","0"
"Lincoln","1","74","Missouri","5/4/20","68","6","29113","8.82"
"Linn","0","5","Missouri","5/4/20","5","0","29115","0"
"Livingston","0","2","Missouri","5/4/20","2","0","29117","0"
"Macon","0","2","Missouri","5/4/20","2","0","29121","0"
"Madison","0","1","Missouri","5/4/20","1","0","29123","0"
"Maries","0","2","Missouri","5/4/20","2","0","29125","0"
"Marion","0","5","Missouri","5/4/20","5","0","29127","0"
"McDonald","0","4","Missouri","5/4/20","4","0","29119","0"
"Miller","0","2","Missouri","5/4/20","1","1","29131","100"
"Mississippi","1","29","Missouri","5/4/20","23","6","29133","26.09"
"Moniteau","0","52","Missouri","5/4/20","52","0","29135","0"
"Montgomery","0","7","Missouri","5/4/20","7","0","29139","0"
"Morgan","0","5","Missouri","5/4/20","3","2","29141","66.67"
"New Madrid","0","11","Missouri","5/4/20","9","2","29143","22.22"
"Newton","0","10","Missouri","5/4/20","10","0","29145","0"
"Nodaway","0","4","Missouri","5/4/20","3","1","29147","33.33"
"Oregon","0","2","Missouri","5/4/20","1","1","29149","100"
"Osage","0","5","Missouri","5/4/20","5","0","29151","0"
"Pemiscot","3","40","Missouri","5/4/20","19","21","29155","110.53"
"Perry","0","43","Missouri","5/4/20","41","2","29157","4.88"
"Pettis","3","48","Missouri","5/4/20","27","21","29159","77.78"
"Phelps","0","2","Missouri","5/4/20","2","0","29161","0"
"Pike","0","11","Missouri","5/4/20","9","2","29163","22.22"
"Platte","0","34","Missouri","5/4/20","31","3","29165","9.68"
"Polk","0","1","Missouri","5/4/20","1","0","29167","0"
"Pulaski","0","36","Missouri","5/4/20","33","3","29169","9.09"
"Ralls","0","1","Missouri","5/4/20","1","0","29173","0"
"Randolph","0","8","Missouri","5/4/20","8","0","29175","0"
"Ray","0","12","Missouri","5/4/20","11","1","29177","9.09"
"Reynolds","0","2","Missouri","5/4/20","2","0","29179","0"
"Ripley","0","5","Missouri","5/4/20","5","0","29181","0"
"Saline","5","204","Missouri","5/4/20","168","36","29195","21.43"
"Scotland","0","4","Missouri","5/4/20","4","0","29199","0"
"Scott","2","76","Missouri","5/4/20","61","15","29201","24.59"
"Shelby","0","1","Missouri","5/4/20","1","0","29205","0"
"St. Charles","6","612","Missouri","5/4/20","572","40","29183","6.99"
"St. Clair","0","2","Missouri","5/4/20","2","0","29185","0"
"St. Francois","0","28","Missouri","5/4/20","28","0","29187","0"
"St. Louis","77","3573","Missouri","5/4/20","3037","536","29189","17.65"
"St. Louis City","40","1346","Missouri","5/4/20","1067","279","29510","26.15"
"Ste. Genevieve","0","9","Missouri","5/4/20","7","2","29186","28.57"
"Stoddard","0","21","Missouri","5/4/20","19","2","29207","10.53"
"Stone","0","3","Missouri","5/4/20","3","0","29209","0"
"Taney","0","12","Missouri","5/4/20","10","2","29213","20"
"Vernon","0","4","Missouri","5/4/20","4","0","29217","0"
"Warren","0","22","Missouri","5/4/20","22","0","29219","0"
"Washington","0","9","Missouri","5/4/20","8","1","29221","12.5"
"Webster","0","15","Missouri","5/4/20","13","2","29225","15.38"
"Worth","0","1","Missouri","5/4/20","1","0","29227","0"
"Wright","0","10","Missouri","5/4/20","9","1","29229","11.11"
"Beaverhead","0","1","Montana","5/4/20","1","0","30001","0"
"Big Horn","0","3","Montana","5/4/20","3","0","30003","0"
"Broadwater","0","4","Montana","5/4/20","4","0","30007","0"
"Carbon","0","6","Montana","5/4/20","6","0","30009","0"
"Cascade","0","16","Montana","5/4/20","14","2","30013","14.29"
"Deer Lodge","0","3","Montana","5/4/20","3","0","30023","0"
"Fergus","0","1","Montana","5/4/20","0","1","30027","1"
"Flathead","0","37","Montana","5/4/20","37","0","30029","0"
"Gallatin","0","146","Montana","5/4/20","146","0","30031","0"
"Glacier","0","6","Montana","5/4/20","6","0","30035","0"
"Golden Valley","0","3","Montana","5/4/20","3","0","30037","0"
"Hill","0","1","Montana","5/4/20","1","0","30041","0"
"Jefferson","0","2","Montana","5/4/20","2","0","30043","0"
"Lake","0","5","Montana","5/4/20","5","0","30047","0"
"Lewis and Clark","0","16","Montana","5/4/20","16","0","30049","0"
"Liberty","0","1","Montana","5/4/20","1","0","30051","0"
"Lincoln","0","7","Montana","5/4/20","7","0","30053","0"
"Madison","0","8","Montana","5/4/20","8","0","30057","0"
"Meagher","0","1","Montana","5/4/20","1","0","30059","0"
"Missoula","0","39","Montana","5/4/20","39","0","30063","0"
"Musselshell","0","1","Montana","5/4/20","1","0","30065","0"
"Park","0","8","Montana","5/4/20","7","1","30067","14.29"
"Pondera","0","2","Montana","5/4/20","2","0","30073","0"
"Ravalli","0","5","Montana","5/4/20","5","0","30081","0"
"Richland","0","3","Montana","5/4/20","3","0","30083","0"
"Roosevelt","0","7","Montana","5/4/20","7","0","30085","0"
"Silver Bow","0","11","Montana","5/4/20","11","0","30093","0"
"Stillwater","0","1","Montana","5/4/20","1","0","30095","0"
"Toole","0","29","Montana","5/4/20","29","0","30101","0"
"Wheatland","0","1","Montana","5/4/20","1","0","30107","0"
"Yellowstone","1","83","Montana","5/4/20","79","4","30111","5.06"
"Adams","9","204","Nebraska","5/4/20","141","63","31001","44.68"
"Antelope","0","4","Nebraska","5/4/20","2","2","31003","100"
"Box Butte","0","1","Nebraska","5/4/20","1","0","31013","0"
"Buffalo","4","116","Nebraska","5/4/20","91","25","31019","27.47"
"Burt","0","5","Nebraska","5/4/20","2","3","31021","150"
"Butler","1","7","Nebraska","5/4/20","1","6","31023","600"
"Cass","0","6","Nebraska","5/4/20","4","2","31025","50"
"Cedar","0","4","Nebraska","5/4/20","2","2","31027","100"
"Cherry","0","1","Nebraska","5/4/20","1","0","31031","0"
"Cheyenne","0","7","Nebraska","5/4/20","6","1","31033","16.67"
"Clay","1","13","Nebraska","5/4/20","5","8","31035","160"
"Colfax","31","241","Nebraska","5/4/20","22","219","31037","995.45"
"Cuming","1","9","Nebraska","5/4/20","4","5","31039","125"
"Custer","1","26","Nebraska","5/4/20","22","4","31041","18.18"
"Dakota","74","980","Nebraska","5/4/20","459","521","31043","113.51"
"Dawson","20","552","Nebraska","5/4/20","409","143","31047","34.96"
"Dixon","2","14","Nebraska","5/4/20","3","11","31051","366.67"
"Dodge","10","119","Nebraska","5/4/20","50","69","31053","138"
"Douglas","67","944","Nebraska","5/4/20","476","468","31055","98.32"
"Fillmore","0","2","Nebraska","5/4/20","1","1","31059","100"
"Franklin","0","5","Nebraska","5/4/20","3","2","31061","66.67"
"Frontier","0","1","Nebraska","5/4/20","0","1","31063","1"
"Furnas","0","4","Nebraska","5/4/20","2","2","31065","100"
"Gage","1","39","Nebraska","5/4/20","33","6","31067","18.18"
"Gosper","0","11","Nebraska","5/4/20","8","3","31073","37.5"
"Greeley","0","2","Nebraska","5/4/20","2","0","31077","0"
"Hall","53","1281","Nebraska","5/4/20","908","373","31079","41.08"
"Hamilton","1","45","Nebraska","5/4/20","41","4","31081","9.76"
"Hitchcock","0","1","Nebraska","5/4/20","0","1","31087","1"
"Holt","0","1","Nebraska","5/4/20","0","1","31089","1"
"Howard","1","17","Nebraska","5/4/20","10","7","31093","70"
"Jefferson","0","4","Nebraska","5/4/20","2","2","31095","100"
"Johnson","0","4","Nebraska","5/4/20","4","0","31097","0"
"Kearney","0","4","Nebraska","5/4/20","4","0","31099","0"
"Keith","0","1","Nebraska","5/4/20","0","1","31101","1"
"Kimball","0","9","Nebraska","5/4/20","9","0","31105","0"
"Knox","0","2","Nebraska","5/4/20","2","0","31107","0"
"Lancaster","33","390","Nebraska","5/4/20","157","233","31109","148.41"
"Lincoln","2","33","Nebraska","5/4/20","20","13","31111","65"
"Madison","9","157","Nebraska","5/4/20","91","66","31119","72.53"
"Merrick","1","19","Nebraska","5/4/20","11","8","31121","72.73"
"Morrill","0","3","Nebraska","5/4/20","1","2","31123","200"
"Nance","0","4","Nebraska","5/4/20","1","3","31125","300"
"Nemaha","0","1","Nebraska","5/4/20","1","0","31127","0"
"Otoe","0","3","Nebraska","5/4/20","1","2","31131","200"
"Phelps","1","6","Nebraska","5/4/20","2","4","31137","200"
"Pierce","0","2","Nebraska","5/4/20","1","1","31139","100"
"Platte","21","185","Nebraska","5/4/20","38","147","31141","386.84"
"Polk","1","9","Nebraska","5/4/20","5","4","31143","80"
"Red Willow","0","4","Nebraska","5/4/20","2","2","31145","100"
"Saline","25","264","Nebraska","5/4/20","87","177","31151","203.45"
"Sarpy","10","158","Nebraska","5/4/20","91","67","31153","73.63"
"Saunders","0","11","Nebraska","5/4/20","9","2","31155","22.22"
"Scotts Bluff","1","34","Nebraska","5/4/20","27","7","31157","25.93"
"Seward","1","11","Nebraska","5/4/20","7","4","31159","57.14"
"Sherman","0","2","Nebraska","5/4/20","1","1","31163","100"
"Stanton","1","7","Nebraska","5/4/20","2","5","31167","250"
"Thurston","1","6","Nebraska","5/4/20","1","5","31173","500"
"Valley","0","1","Nebraska","5/4/20","1","0","31175","0"
"Washington","0","23","Nebraska","5/4/20","22","1","31177","4.55"
"Wayne","0","1","Nebraska","5/4/20","1","0","31179","0"
"Webster","0","5","Nebraska","5/4/20","3","2","31181","66.67"
"York","0","12","Nebraska","5/4/20","11","1","31185","9.09"
"Carson City","1","48","Nevada","5/4/20","39","9","32510","23.08"
"Churchill","0","3","Nevada","5/4/20","3","0","32001","0"
"Clark","99","4411","Nevada","5/4/20","3717","694","32003","18.67"
"Douglas","0","21","Nevada","5/4/20","19","2","32005","10.53"
"Elko","0","15","Nevada","5/4/20","15","0","32007","0"
"Humboldt","2","50","Nevada","5/4/20","36","14","32013","38.89"
"Lander","2","13","Nevada","5/4/20","1","12","32015","1200"
"Lyon","1","35","Nevada","5/4/20","26","9","32019","34.62"
"Mineral","0","4","Nevada","5/4/20","2","2","32021","100"
"Nye","1","39","Nevada","5/4/20","35","4","32023","11.43"
"Washoe","26","988","Nevada","5/4/20","804","184","32031","22.89"
"White Pine","0","3","Nevada","5/4/20","3","0","32033","0"
"Belknap","1","40","New Hampshire","5/4/20","35","5","33001","14.29"
"Carroll","0","33","New Hampshire","5/4/20","31","2","33003","6.45"
"Cheshire","0","40","New Hampshire","5/4/20","38","2","33005","5.26"
"Coos","0","2","New Hampshire","5/4/20","2","0","33007","0"
"Grafton","1","53","New Hampshire","5/4/20","48","5","33009","10.42"
"Hillsborough","43","1157","New Hampshire","5/4/20","859","298","33011","34.69"
"Merrimack","10","200","New Hampshire","5/4/20","128","72","33013","56.25"
"Rockingham","34","878","New Hampshire","5/4/20","643","235","33015","36.55"
"Strafford","4","158","New Hampshire","5/4/20","132","26","33017","19.7"
"Sullivan","0","12","New Hampshire","5/4/20","11","1","33019","9.09"
"Atlantic","55","1135","New Jersey","5/4/20","749","386","34001","51.54"
"Bergen","168","16282","New Jersey","5/4/20","15104","1178","34003","7.8"
"Burlington","99","3100","New Jersey","5/4/20","2407","693","34005","28.79"
"Camden","136","4073","New Jersey","5/4/20","3124","949","34007","30.38"
"Cape May","11","355","New Jersey","5/4/20","281","74","34009","26.33"
"Cumberland","49","940","New Jersey","5/4/20","595","345","34011","57.98"
"Essex","225","14621","New Jersey","5/4/20","13047","1574","34013","12.06"
"Gloucester","46","1433","New Jersey","5/4/20","1111","322","34015","28.98"
"Hudson","279","15881","New Jersey","5/4/20","13925","1956","34017","14.05"
"Hunterdon","14","665","New Jersey","5/4/20","564","101","34019","17.91"
"Mercer","166","4594","New Jersey","5/4/20","3433","1161","34021","33.82"
"Middlesex","286","12768","New Jersey","5/4/20","10767","2001","34023","18.58"
"Monmouth","88","6378","New Jersey","5/4/20","5759","619","34025","10.75"
"Morris","74","5549","New Jersey","5/4/20","5030","519","34027","10.32"
"Ocean","136","6974","New Jersey","5/4/20","6024","950","34029","15.77"
"Passaic","307","13496","New Jersey","5/4/20","11349","2147","34031","18.92"
"Salem","14","312","New Jersey","5/4/20","212","100","34033","47.17"
"Somerset","78","3753","New Jersey","5/4/20","3204","549","34035","17.13"
"Sussex","16","979","New Jersey","5/4/20","864","115","34037","13.31"
"Union","192","13357","New Jersey","5/4/20","12011","1346","34039","11.21"
"Warren","24","977","New Jersey","5/4/20","810","167","34041","20.62"
"Bernalillo","36","944","New Mexico","5/4/20","694","250","35001","36.02"
"Catron","0","1","New Mexico","5/4/20","1","0","35003","0"
"Chaves","0","24","New Mexico","5/4/20","22","2","35005","9.09"
"Cibola","4","69","New Mexico","5/4/20","41","28","35006","68.29"
"Colfax","0","5","New Mexico","5/4/20","5","0","35007","0"
"Curry","1","19","New Mexico","5/4/20","13","6","35009","46.15"
"De Baca","0","1","New Mexico","5/4/20","0","1","35011","1"
"Dona Ana","6","170","New Mexico","5/4/20","126","44","35013","34.92"
"Eddy","0","13","New Mexico","5/4/20","13","0","35015","0"
"Grant","0","15","New Mexico","5/4/20","14","1","35017","7.14"
"Guadalupe","0","15","New Mexico","5/4/20","13","2","35019","15.38"
"Harding","0","1","New Mexico","5/4/20","1","0","35021","0"
"Lea","0","12","New Mexico","5/4/20","10","2","35025","20"
"Lincoln","0","2","New Mexico","5/4/20","2","0","35027","0"
"Los Alamos","0","6","New Mexico","5/4/20","6","0","35028","0"
"Luna","1","7","New Mexico","5/4/20","3","4","35029","133.33"
"McKinley","65","1233","New Mexico","5/4/20","778","455","35031","58.48"
"Otero","1","8","New Mexico","5/4/20","4","4","35035","100"
"Quay","0","4","New Mexico","5/4/20","4","0","35037","0"
"Rio Arriba","1","24","New Mexico","5/4/20","14","10","35039","71.43"
"Roosevelt","0","10","New Mexico","5/4/20","7","3","35041","42.86"
"San Juan","45","781","New Mexico","5/4/20","463","318","35045","68.68"
"San Miguel","0","2","New Mexico","5/4/20","2","0","35047","0"
"Sandoval","6","421","New Mexico","5/4/20","378","43","35043","11.38"
"Santa Fe","2","108","New Mexico","5/4/20","95","13","35049","13.68"
"Sierra","0","1","New Mexico","5/4/20","0","1","35051","1"
"Socorro","1","46","New Mexico","5/4/20","40","6","35053","15"
"Taos","0","20","New Mexico","5/4/20","17","3","35055","17.65"
"Torrance","0","16","New Mexico","5/4/20","14","2","35057","14.29"
"Union","0","3","New Mexico","5/4/20","3","0","35059","0"
"Valencia","1","50","New Mexico","5/4/20","42","8","35061","19.05"
"Albany","44","1287","New York","5/4/20","979","308","36001","31.46"
"Allegany","0","35","New York","5/4/20","35","0","36003","0"
"Broome","10","334","New York","5/4/20","261","73","36007","27.97"
"Cattaraugus","1","53","New York","5/4/20","45","8","36009","17.78"
"Cayuga","0","51","New York","5/4/20","48","3","36011","6.25"
"Chautauqua","1","37","New York","5/4/20","30","7","36013","23.33"
"Chemung","3","126","New York","5/4/20","108","18","36015","16.67"
"Chenango","1","100","New York","5/4/20","95","5","36017","5.26"
"Clinton","1","68","New York","5/4/20","59","9","36019","15.25"
"Columbia","10","213","New York","5/4/20","146","67","36021","45.89"
"Cortland","0","28","New York","5/4/20","28","0","36023","0"
"Delaware","1","62","New York","5/4/20","58","4","36025","6.9"
"Dutchess","48","3131","New York","5/4/20","2793","338","36027","12.1"
"Erie","112","3802","New York","5/4/20","3021","781","36029","25.85"
"Essex","1","29","New York","5/4/20","24","5","36031","20.83"
"Franklin","0","16","New York","5/4/20","14","2","36033","14.29"
"Fulton","3","84","New York","5/4/20","62","22","36035","35.48"
"Genesee","2","159","New York","5/4/20","148","11","36037","7.43"
"Greene","6","154","New York","5/4/20","111","43","36039","38.74"
"Hamilton","0","3","New York","5/4/20","3","0","36041","0"
"Herkimer","1","63","New York","5/4/20","58","5","36043","8.62"
"Jefferson","0","63","New York","5/4/20","60","3","36045","5"
"Lewis","0","9","New York","5/4/20","9","0","36049","0"
"Livingston","3","85","New York","5/4/20","62","23","36051","37.1"
"Madison","13","217","New York","5/4/20","124","93","36053","75"
"Monroe","38","1595","New York","5/4/20","1331","264","36055","19.83"
"Montgomery","1","56","New York","5/4/20","47","9","36057","19.15"
"Nassau","300","36965","New York","5/4/20","34865","2100","36059","6.02"
"New York","2166","175651","New York","5/4/20","160489","15162","36061","9.45"
"Niagara","16","493","New York","5/4/20","378","115","36063","30.42"
"Oneida","22","550","New York","5/4/20","397","153","36065","38.54"
"Onondaga","35","971","New York","5/4/20","726","245","36067","33.75"
"Ontario","1","96","New York","5/4/20","86","10","36069","11.63"
"Orange","111","9015","New York","5/4/20","8238","777","36071","9.43"
"Orleans","2","97","New York","5/4/20","80","17","36073","21.25"
"Oswego","1","67","New York","5/4/20","61","6","36075","9.84"
"Otsego","1","67","New York","5/4/20","62","5","36077","8.06"
"Putnam","14","1026","New York","5/4/20","925","101","36079","10.92"
"Rensselaer","13","337","New York","5/4/20","246","91","36083","36.99"
"Rockland","104","12095","New York","5/4/20","11366","729","36087","6.41"
"Saratoga","4","367","New York","5/4/20","336","31","36091","9.23"
"Schenectady","11","535","New York","5/4/20","457","78","36093","17.07"
"Schoharie","1","45","New York","5/4/20","35","10","36095","28.57"
"Schuyler","0","7","New York","5/4/20","7","0","36097","0"
"Seneca","1","45","New York","5/4/20","38","7","36099","18.42"
"St. Lawrence","1","178","New York","5/4/20","169","9","36089","5.33"
"Steuben","1","219","New York","5/4/20","209","10","36101","4.78"
"Suffolk","372","35077","New York","5/4/20","32470","2607","36103","8.03"
"Sullivan","33","976","New York","5/4/20","748","228","36105","30.48"
"Tioga","3","90","New York","5/4/20","71","19","36107","26.76"
"Tompkins","0","129","New York","5/4/20","126","3","36109","2.38"
"Ulster","19","1354","New York","5/4/20","1219","135","36111","11.07"
"Warren","6","192","New York","5/4/20","147","45","36113","30.61"
"Washington","8","188","New York","5/4/20","130","58","36115","44.62"
"Wayne","1","76","New York","5/4/20","69","7","36117","10.14"
"Westchester","299","30097","New York","5/4/20","28007","2090","36119","7.46"
"Wyoming","1","69","New York","5/4/20","63","6","36121","9.52"
"Yates","0","19","New York","5/4/20","17","2","36123","11.76"
"Alamance","5","128","North Carolina","5/4/20","91","37","37001","40.66"
"Alexander","0","4","North Carolina","5/4/20","4","0","37003","0"
"Alleghany","1","6","North Carolina","5/4/20","2","4","37005","200"
"Anson","1","30","North Carolina","5/4/20","22","8","37007","36.36"
"Ashe","0","5","North Carolina","5/4/20","4","1","37009","25"
"Beaufort","0","22","North Carolina","5/4/20","20","2","37013","10"
"Bertie","1","48","North Carolina","5/4/20","38","10","37015","26.32"
"Bladen","3","29","North Carolina","5/4/20","10","19","37017","190"
"Brunswick","1","47","North Carolina","5/4/20","40","7","37019","17.5"
"Buncombe","3","77","North Carolina","5/4/20","54","23","37021","42.59"
"Burke","3","112","North Carolina","5/4/20","88","24","37023","27.27"
"Cabarrus","8","317","North Carolina","5/4/20","264","53","37025","20.08"
"Caldwell","1","38","North Carolina","5/4/20","31","7","37027","22.58"
"Camden","0","2","North Carolina","5/4/20","1","1","37029","100"
"Carteret","0","29","North Carolina","5/4/20","28","1","37031","3.57"
"Caswell","2","32","North Carolina","5/4/20","18","14","37033","77.78"
"Catawba","1","60","North Carolina","5/4/20","53","7","37035","13.21"
"Chatham","17","383","North Carolina","5/4/20","262","121","37037","46.18"
"Cherokee","0","19","North Carolina","5/4/20","16","3","37039","18.75"
"Chowan","0","7","North Carolina","5/4/20","7","0","37041","0"
"Clay","0","6","North Carolina","5/4/20","6","0","37043","0"
"Cleveland","0","47","North Carolina","5/4/20","47","0","37045","0"
"Columbus","10","167","North Carolina","5/4/20","94","73","37047","77.66"
"Craven","1","44","North Carolina","5/4/20","39","5","37049","12.82"
"Cumberland","13","289","North Carolina","5/4/20","200","89","37051","44.5"
"Currituck","0","5","North Carolina","5/4/20","2","3","37053","150"
"Dare","0","15","North Carolina","5/4/20","15","0","37055","0"
"Davidson","3","180","North Carolina","5/4/20","156","24","37057","15.38"
"Davie","0","31","North Carolina","5/4/20","29","2","37059","6.9"
"Duplin","7","120","North Carolina","5/4/20","72","48","37061","66.67"
"Durham","30","767","North Carolina","5/4/20","555","212","37063","38.2"
"Edgecombe","5","113","North Carolina","5/4/20","78","35","37065","44.87"
"Forsyth","16","271","North Carolina","5/4/20","156","115","37067","73.72"
"Franklin","1","105","North Carolina","5/4/20","100","5","37069","5"
"Gaston","2","152","North Carolina","5/4/20","139","13","37071","9.35"
"Gates","0","9","North Carolina","5/4/20","7","2","37073","28.57"
"Graham","0","2","North Carolina","5/4/20","0","2","37075","1"
"Granville","-11","160","North Carolina","5/4/20","240","-80","37077","-33.33"
"Greene","1","22","North Carolina","5/4/20","15","7","37079","46.67"
"Guilford","18","443","North Carolina","5/4/20","314","129","37081","41.08"
"Halifax","1","64","North Carolina","5/4/20","56","8","37083","14.29"
"Harnett","6","182","North Carolina","5/4/20","137","45","37085","32.85"
"Haywood","2","17","North Carolina","5/4/20","6","11","37087","183.33"
"Henderson","6","203","North Carolina","5/4/20","159","44","37089","27.67"
"Hertford","2","44","North Carolina","5/4/20","28","16","37091","57.14"
"Hoke","5","97","North Carolina","5/4/20","61","36","37093","59.02"
"Hyde","0","1","North Carolina","5/4/20","1","0","37095","0"
"Iredell","2","120","North Carolina","5/4/20","104","16","37097","15.38"
"Jackson","1","16","North Carolina","5/4/20","9","7","37099","77.78"
"Johnston","5","174","North Carolina","5/4/20","139","35","37101","25.18"
"Jones","1","18","North Carolina","5/4/20","12","6","37103","50"
"Lee","11","202","North Carolina","5/4/20","125","77","37105","61.6"
"Lenoir","6","84","North Carolina","5/4/20","45","39","37107","86.67"
"Lincoln","1","32","North Carolina","5/4/20","25","7","37109","28"
"Macon","0","3","North Carolina","5/4/20","2","1","37113","50"
"Madison","0","1","North Carolina","5/4/20","1","0","37115","0"
"Martin","1","21","North Carolina","5/4/20","15","6","37117","40"
"McDowell","0","27","North Carolina","5/4/20","24","3","37111","12.5"
"Mecklenburg","35","1734","North Carolina","5/4/20","1492","242","37119","16.22"
"Mitchell","0","5","North Carolina","5/4/20","5","0","37121","0"
"Montgomery","1","38","North Carolina","5/4/20","32","6","37123","18.75"
"Moore","3","140","North Carolina","5/4/20","116","24","37125","20.69"
"Nash","2","100","North Carolina","5/4/20","85","15","37127","17.65"
"New Hanover","1","89","North Carolina","5/4/20","79","10","37129","12.66"
"Northampton","1","92","North Carolina","5/4/20","82","10","37131","12.2"
"Onslow","1","51","North Carolina","5/4/20","43","8","37133","18.6"
"Orange","3","229","North Carolina","5/4/20","208","21","37135","10.1"
"Pamlico","0","8","North Carolina","5/4/20","7","1","37137","14.29"
"Pasquotank","0","37","North Carolina","5/4/20","34","3","37139","8.82"
"Pender","1","17","North Carolina","5/4/20","12","5","37141","41.67"
"Perquimans","0","14","North Carolina","5/4/20","11","3","37143","27.27"
"Person","1","23","North Carolina","5/4/20","19","4","37145","21.05"
"Pitt","3","135","North Carolina","5/4/20","111","24","37147","21.62"
"Polk","1","25","North Carolina","5/4/20","17","8","37149","47.06"
"Randolph","13","242","North Carolina","5/4/20","154","88","37151","57.14"
"Richmond","3","58","North Carolina","5/4/20","36","22","37153","61.11"
"Robeson","14","204","North Carolina","5/4/20","104","100","37155","96.15"
"Rockingham","0","27","North Carolina","5/4/20","24","3","37157","12.5"
"Rowan","6","392","North Carolina","5/4/20","352","40","37159","11.36"
"Rutherford","4","147","North Carolina","5/4/20","121","26","37161","21.49"
"Sampson","7","88","North Carolina","5/4/20","39","49","37163","125.64"
"Scotland","1","30","North Carolina","5/4/20","23","7","37165","30.43"
"Stanly","0","30","North Carolina","5/4/20","29","1","37167","3.45"
"Stokes","0","11","North Carolina","5/4/20","11","0","37169","0"
"Surry","1","17","North Carolina","5/4/20","12","5","37171","41.67"
"Swain","1","4","North Carolina","5/4/20","0","4","37173","1"
"Transylvania","0","8","North Carolina","5/4/20","7","1","37175","14.29"
"Tyrrell","0","4","North Carolina","5/4/20","4","0","37177","0"
"Union","8","263","North Carolina","5/4/20","205","58","37179","28.29"
"Vance","5","113","North Carolina","5/4/20","80","33","37181","41.25"
"Wake","20","891","North Carolina","5/4/20","752","139","37183","18.48"
"Warren","2","17","North Carolina","5/4/20","4","13","37185","325"
"Washington","0","25","North Carolina","5/4/20","24","1","37187","4.17"
"Watauga","0","9","North Carolina","5/4/20","8","1","37189","12.5"
"Wayne","7","685","North Carolina","5/4/20","635","50","37191","7.87"
"Wilkes","13","115","North Carolina","5/4/20","21","94","37193","447.62"
"Wilson","4","180","North Carolina","5/4/20","151","29","37195","19.21"
"Yadkin","2","24","North Carolina","5/4/20","12","12","37197","100"
"Yancey","0","1","North Carolina","5/4/20","0","1","37199","1"
"Barnes","0","4","North Dakota","5/4/20","4","0","38003","0"
"Bowman","0","1","North Dakota","5/4/20","1","0","38011","0"
"Burke","0","3","North Dakota","5/4/20","3","0","38013","0"
"Burleigh","1","83","North Dakota","5/4/20","74","9","38015","12.16"
"Cass","28","630","North Dakota","5/4/20","431","199","38017","46.17"
"Divide","0","1","North Dakota","5/4/20","1","0","38023","0"
"Dunn","0","11","North Dakota","5/4/20","10","1","38025","10"
"Eddy","0","1","North Dakota","5/4/20","1","0","38027","0"
"Emmons","0","1","North Dakota","5/4/20","1","0","38029","0"
"Foster","0","1","North Dakota","5/4/20","1","0","38031","0"
"Grand Forks","5","269","North Dakota","5/4/20","231","38","38035","16.45"
"Grant","0","1","North Dakota","5/4/20","1","0","38037","0"
"McHenry","0","1","North Dakota","5/4/20","1","0","38049","0"
"McIntosh","0","1","North Dakota","5/4/20","1","0","38051","0"
"McKenzie","0","13","North Dakota","5/4/20","12","1","38053","8.33"
"McLean","0","5","North Dakota","5/4/20","3","2","38055","66.67"
"Morton","0","26","North Dakota","5/4/20","24","2","38059","8.33"
"Mountrail","0","35","North Dakota","5/4/20","34","1","38061","2.94"
"Nelson","0","1","North Dakota","5/4/20","1","0","38063","0"
"Oliver","0","1","North Dakota","5/4/20","1","0","38065","0"
"Pembina","0","3","North Dakota","5/4/20","1","2","38067","200"
"Pierce","0","2","North Dakota","5/4/20","2","0","38069","0"
"Ramsey","0","3","North Dakota","5/4/20","4","-1","38071","-25"
"Ransom","0","1","North Dakota","5/4/20","1","0","38073","0"
"Renville","0","1","North Dakota","5/4/20","0","1","38075","1"
"Richland","0","7","North Dakota","5/4/20","7","0","38077","0"
"Rolette","0","1","North Dakota","5/4/20","1","0","38079","0"
"Sargent","0","1","North Dakota","5/4/20","1","0","38081","0"
"Sioux","0","1","North Dakota","5/4/20","1","0","38085","0"
"Slope","0","3","North Dakota","5/4/20","3","0","38087","0"
"Stark","2","57","North Dakota","5/4/20","41","16","38089","39.02"
"Stutsman","1","11","North Dakota","5/4/20","4","7","38093","175"
"Walsh","0","7","North Dakota","5/4/20","7","0","38099","0"
"Ward","1","25","North Dakota","5/4/20","21","4","38101","19.05"
"Wells","0","2","North Dakota","5/4/20","2","0","38103","0"
"Williams","0","11","North Dakota","5/4/20","10","1","38105","10"
"","0","14","Northern Mariana Islands","5/4/20","14","0",,"0"
"Adams","0","5","Ohio","5/4/20","4","1","39001","25"
"Allen","4","133","Ohio","5/4/20","103","30","39003","29.13"
"Ashland","0","9","Ohio","5/4/20","6","3","39005","50"
"Ashtabula","6","149","Ohio","5/4/20","110","39","39007","35.45"
"Athens","0","4","Ohio","5/4/20","3","1","39009","33.33"
"Auglaize","1","35","Ohio","5/4/20","31","4","39011","12.9"
"Belmont","9","174","Ohio","5/4/20","114","60","39013","52.63"
"Brown","0","12","Ohio","5/4/20","11","1","39015","9.09"
"Butler","14","334","Ohio","5/4/20","234","100","39017","42.74"
"Carroll","0","21","Ohio","5/4/20","19","2","39019","10.53"
"Champaign","0","14","Ohio","5/4/20","12","2","39021","16.67"
"Clark","4","70","Ohio","5/4/20","43","27","39023","62.79"
"Clermont","4","103","Ohio","5/4/20","76","27","39025","35.53"
"Clinton","0","31","Ohio","5/4/20","28","3","39027","10.71"
"Columbiana","8","287","Ohio","5/4/20","228","59","39029","25.88"
"Coshocton","0","17","Ohio","5/4/20","16","1","39031","6.25"
"Crawford","2","56","Ohio","5/4/20","41","15","39033","36.59"
"Cuyahoga","66","2398","Ohio","5/4/20","1938","460","39035","23.74"
"Darke","0","77","Ohio","5/4/20","75","2","39037","2.67"
"Defiance","0","20","Ohio","5/4/20","19","1","39039","5.26"
"Delaware","4","179","Ohio","5/4/20","148","31","39041","20.95"
"Erie","2","60","Ohio","5/4/20","49","11","39043","22.45"
"Fairfield","5","152","Ohio","5/4/20","116","36","39045","31.03"
"Fayette","1","20","Ohio","5/4/20","14","6","39047","42.86"
"Franklin","140","2988","Ohio","5/4/20","2005","983","39049","49.03"
"Fulton","1","26","Ohio","5/4/20","19","7","39051","36.84"
"Gallia","0","6","Ohio","5/4/20","6","0","39053","0"
"Geauga","3","169","Ohio","5/4/20","146","23","39055","15.75"
"Greene","1","49","Ohio","5/4/20","45","4","39057","8.89"
"Guernsey","1","19","Ohio","5/4/20","15","4","39059","26.67"
"Hamilton","55","1434","Ohio","5/4/20","1048","386","39061","36.83"
"Hancock","1","39","Ohio","5/4/20","35","4","39063","11.43"
"Hardin","1","26","Ohio","5/4/20","22","4","39065","18.18"
"Harrison","0","6","Ohio","5/4/20","4","2","39067","50"
"Henry","0","5","Ohio","5/4/20","4","1","39069","25"
"Highland","0","11","Ohio","5/4/20","10","1","39071","10"
"Hocking","0","19","Ohio","5/4/20","16","3","39073","18.75"
"Holmes","0","6","Ohio","5/4/20","5","1","39075","20"
"Huron","0","32","Ohio","5/4/20","29","3","39077","10.34"
"Jackson","0","5","Ohio","5/4/20","4","1","39079","25"
"Jefferson","1","45","Ohio","5/4/20","39","6","39081","15.38"
"Knox","1","19","Ohio","5/4/20","15","4","39083","26.67"
"Lake","2","173","Ohio","5/4/20","158","15","39085","9.49"
"Lawrence","0","24","Ohio","5/4/20","24","0","39087","0"
"Licking","3","130","Ohio","5/4/20","110","20","39089","18.18"
"Logan","0","19","Ohio","5/4/20","18","1","39091","5.56"
"Lorain","15","503","Ohio","5/4/20","395","108","39093","27.34"
"Lucas","43","1429","Ohio","5/4/20","1130","299","39095","26.46"
"Madison","3","71","Ohio","5/4/20","52","19","39097","36.54"
"Mahoning","28","961","Ohio","5/4/20","764","197","39099","25.79"
"Marion","21","2332","Ohio","5/4/20","2188","144","39101","6.58"
"Medina","2","175","Ohio","5/4/20","159","16","39103","10.06"
"Meigs","0","3","Ohio","5/4/20","2","1","39105","50"
"Mercer","2","33","Ohio","5/4/20","18","15","39107","83.33"
"Miami","1","144","Ohio","5/4/20","136","8","39109","5.88"
"Monroe","0","4","Ohio","5/4/20","2","2","39111","100"
"Montgomery","8","320","Ohio","5/4/20","262","58","39113","22.14"
"Morgan","0","5","Ohio","5/4/20","4","1","39115","25"
"Morrow","6","75","Ohio","5/4/20","34","41","39117","120.59"
"Muskingum","1","18","Ohio","5/4/20","11","7","39119","63.64"
"Noble","0","5","Ohio","5/4/20","5","0","39121","0"
"Ottawa","0","40","Ohio","5/4/20","37","3","39123","8.11"
"Paulding","0","8","Ohio","5/4/20","8","0","39125","0"
"Perry","0","13","Ohio","5/4/20","12","1","39127","8.33"
"Pickaway","19","1828","Ohio","5/4/20","1698","130","39129","7.66"
"Pike","0","3","Ohio","5/4/20","3","0","39131","0"
"Portage","4","251","Ohio","5/4/20","221","30","39133","13.57"
"Preble","0","27","Ohio","5/4/20","25","2","39135","8"
"Putnam","2","71","Ohio","5/4/20","54","17","39137","31.48"
"Richland","2","90","Ohio","5/4/20","76","14","39139","18.42"
"Ross","1","41","Ohio","5/4/20","36","5","39141","13.89"
"Sandusky","2","36","Ohio","5/4/20","19","17","39143","89.47"
"Scioto","1","12","Ohio","5/4/20","6","6","39145","100"
"Seneca","0","14","Ohio","5/4/20","14","0","39147","0"
"Shelby","0","30","Ohio","5/4/20","30","0","39149","0"
"Stark","13","405","Ohio","5/4/20","312","93","39151","29.81"
"Summit","31","716","Ohio","5/4/20","500","216","39153","43.2"
"Trumbull","7","347","Ohio","5/4/20","295","52","39155","17.63"
"Tuscarawas","10","126","Ohio","5/4/20","57","69","39157","121.05"
"Union","1","25","Ohio","5/4/20","18","7","39159","38.89"
"Van Wert","0","3","Ohio","5/4/20","3","0","39161","0"
"Vinton","1","6","Ohio","5/4/20","0","6","39163","1"
"Warren","7","172","Ohio","5/4/20","124","48","39165","38.71"
"Washington","1","103","Ohio","5/4/20","94","9","39167","9.57"
"Wayne","7","161","Ohio","5/4/20","114","47","39169","41.23"
"Williams","2","41","Ohio","5/4/20","29","12","39171","41.38"
"Wood","8","193","Ohio","5/4/20","139","54","39173","38.85"
"Wyandot","0","24","Ohio","5/4/20","24","0","39175","0"
"Adair","1","65","Oklahoma","5/4/20","55","10","40001","18.18"
"Alfalfa","0","1","Oklahoma","5/4/20","1","0","40003","0"
"Atoka","0","1","Oklahoma","5/4/20","1","0","40005","0"
"Beaver","2","14","Oklahoma","5/4/20","3","11","40007","366.67"
"Beckham","0","6","Oklahoma","5/4/20","5","1","40009","20"
"Blaine","0","1","Oklahoma","5/4/20","0","1","40011","1"
"Bryan","0","9","Oklahoma","5/4/20","6","3","40013","50"
"Caddo","2","72","Oklahoma","5/4/20","58","14","40015","24.14"
"Canadian","2","102","Oklahoma","5/4/20","91","11","40017","12.09"
"Carter","0","4","Oklahoma","5/4/20","2","2","40019","100"
"Cherokee","0","27","Oklahoma","5/4/20","26","1","40021","3.85"
"Choctaw","0","3","Oklahoma","5/4/20","3","0","40023","0"
"Cimarron","0","1","Oklahoma","5/4/20","1","0","40025","0"
"Cleveland","5","436","Oklahoma","5/4/20","404","32","40027","7.92"
"Comanche","3","102","Oklahoma","5/4/20","79","23","40031","29.11"
"Cotton","0","5","Oklahoma","5/4/20","5","0","40033","0"
"Craig","0","12","Oklahoma","5/4/20","9","3","40035","33.33"
"Creek","1","80","Oklahoma","5/4/20","76","4","40037","5.26"
"Custer","0","11","Oklahoma","5/4/20","10","1","40039","10"
"Delaware","0","91","Oklahoma","5/4/20","90","1","40041","1.11"
"Dewey","0","2","Oklahoma","5/4/20","2","0","40043","0"
"Garfield","1","19","Oklahoma","5/4/20","11","8","40047","72.73"
"Garvin","0","14","Oklahoma","5/4/20","13","1","40049","7.69"
"Grady","1","40","Oklahoma","5/4/20","34","6","40051","17.65"
"Grant","0","2","Oklahoma","5/4/20","2","0","40053","0"
"Greer","0","65","Oklahoma","5/4/20","64","1","40055","1.56"
"Harper","0","1","Oklahoma","5/4/20","1","0","40059","0"
"Haskell","0","5","Oklahoma","5/4/20","5","0","40061","0"
"Jackson","0","17","Oklahoma","5/4/20","15","2","40065","13.33"
"Jefferson","0","2","Oklahoma","5/4/20","2","0","40067","0"
"Johnston","0","3","Oklahoma","5/4/20","3","0","40069","0"
"Kay","0","47","Oklahoma","5/4/20","47","0","40071","0"
"Kingfisher","0","8","Oklahoma","5/4/20","8","0","40073","0"
"Kiowa","0","5","Oklahoma","5/4/20","4","1","40075","25"
"Latimer","0","5","Oklahoma","5/4/20","5","0","40077","0"
"Le Flore","0","13","Oklahoma","5/4/20","10","3","40079","30"
"Lincoln","0","14","Oklahoma","5/4/20","11","3","40081","27.27"
"Logan","0","16","Oklahoma","5/4/20","13","3","40083","23.08"
"Love","0","2","Oklahoma","5/4/20","2","0","40085","0"
"Major","0","3","Oklahoma","5/4/20","2","1","40093","50"
"Marshall","0","2","Oklahoma","5/4/20","2","0","40095","0"
"Mayes","0","24","Oklahoma","5/4/20","21","3","40097","14.29"
"McClain","7","77","Oklahoma","5/4/20","30","47","40087","156.67"
"McCurtain","0","8","Oklahoma","5/4/20","8","0","40089","0"
"McIntosh","0","3","Oklahoma","5/4/20","2","1","40091","50"
"Murray","0","2","Oklahoma","5/4/20","1","1","40099","100"
"Muskogee","0","27","Oklahoma","5/4/20","26","1","40101","3.85"
"Noble","0","6","Oklahoma","5/4/20","6","0","40103","0"
"Nowata","0","21","Oklahoma","5/4/20","20","1","40105","5"
"Okfuskee","0","1","Oklahoma","5/4/20","1","0","40107","0"
"Oklahoma","20","841","Oklahoma","5/4/20","703","138","40109","19.63"
"Okmulgee","0","16","Oklahoma","5/4/20","16","0","40111","0"
"Osage","1","78","Oklahoma","5/4/20","72","6","40113","8.33"
"Ottawa","1","34","Oklahoma","5/4/20","29","5","40115","17.24"
"Pawnee","0","29","Oklahoma","5/4/20","29","0","40117","0"
"Payne","0","44","Oklahoma","5/4/20","44","0","40119","0"
"Pittsburg","2","38","Oklahoma","5/4/20","25","13","40121","52"
"Pontotoc","0","10","Oklahoma","5/4/20","10","0","40123","0"
"Pottawatomie","1","52","Oklahoma","5/4/20","42","10","40125","23.81"
"Pushmataha","0","1","Oklahoma","5/4/20","1","0","40127","0"
"Rogers","3","67","Oklahoma","5/4/20","47","20","40131","42.55"
"Seminole","1","12","Oklahoma","5/4/20","8","4","40133","50"
"Sequoyah","0","12","Oklahoma","5/4/20","12","0","40135","0"
"Stephens","0","22","Oklahoma","5/4/20","20","2","40137","10"
"Texas","22","236","Oklahoma","5/4/20","85","151","40139","177.65"
"Tillman","2","14","Oklahoma","5/4/20","1","13","40141","1300"
"Tulsa","21","639","Oklahoma","5/4/20","490","149","40143","30.41"
"Wagoner","1","122","Oklahoma","5/4/20","115","7","40145","6.09"
"Washington","6","276","Oklahoma","5/4/20","231","45","40147","19.48"
"Washita","0","0","Oklahoma","5/4/20","1","-1","40149","-100"
"Woods","0","3","Oklahoma","5/4/20","3","0","40151","0"
"Woodward","0","1","Oklahoma","5/4/20","1","0","40153","0"
"Benton","1","36","Oregon","5/4/20","29","7","41003","24.14"
"Clackamas","3","226","Oregon","5/4/20","204","22","41005","10.78"
"Clatsop","0","8","Oregon","5/4/20","6","2","41007","33.33"
"Columbia","0","14","Oregon","5/4/20","14","0","41009","0"
"Coos","2","27","Oregon","5/4/20","14","13","41011","92.86"
"Crook","0","1","Oregon","5/4/20","1","0","41013","0"
"Curry","0","4","Oregon","5/4/20","4","0","41015","0"
"Deschutes","1","79","Oregon","5/4/20","75","4","41017","5.33"
"Douglas","0","24","Oregon","5/4/20","23","1","41019","4.35"
"Grant","0","1","Oregon","5/4/20","1","0","41023","0"
"Harney","0","1","Oregon","5/4/20","0","1","41025","1"
"Hood River","1","10","Oregon","5/4/20","5","5","41027","100"
"Jackson","0","49","Oregon","5/4/20","49","0","41029","0"
"Jefferson","1","14","Oregon","5/4/20","6","8","41031","133.33"
"Josephine","0","22","Oregon","5/4/20","20","2","41033","10"
"Klamath","0","39","Oregon","5/4/20","36","3","41035","8.33"
"Lane","1","55","Oregon","5/4/20","50","5","41039","10"
"Lincoln","0","5","Oregon","5/4/20","5","0","41041","0"
"Linn","3","97","Oregon","5/4/20","79","18","41043","22.78"
"Malheur","1","13","Oregon","5/4/20","7","6","41045","85.71"
"Marion","16","561","Oregon","5/4/20","447","114","41047","25.5"
"Morrow","1","9","Oregon","5/4/20","5","4","41049","80"
"Multnomah","13","754","Oregon","5/4/20","664","90","41051","13.55"
"Polk","2","49","Oregon","5/4/20","38","11","41053","28.95"
"Sherman","0","1","Oregon","5/4/20","1","0","41055","0"
"Tillamook","0","6","Oregon","5/4/20","6","0","41057","0"
"Umatilla","5","70","Oregon","5/4/20","36","34","41059","94.44"
"Union","0","4","Oregon","5/4/20","4","0","41061","0"
"Wallowa","0","1","Oregon","5/4/20","1","0","41063","0"
"Wasco","0","13","Oregon","5/4/20","12","1","41065","8.33"
"Washington","7","526","Oregon","5/4/20","475","51","41067","10.74"
"Yamhill","0","40","Oregon","5/4/20","37","3","41071","8.11"
"Adams","4","148","Pennsylvania","5/4/20","122","26","42001","21.31"
"Allegheny","20","1365","Pennsylvania","5/4/20","1224","141","42003","11.52"
"Armstrong","1","52","Pennsylvania","5/4/20","47","5","42005","10.64"
"Beaver","10","458","Pennsylvania","5/4/20","387","71","42007","18.35"
"Bedford","0","24","Pennsylvania","5/4/20","21","3","42009","14.29"
"Berks","60","2948","Pennsylvania","5/4/20","2526","422","42011","16.71"
"Blair","1","25","Pennsylvania","5/4/20","21","4","42013","19.05"
"Bradford","1","35","Pennsylvania","5/4/20","28","7","42015","25"
"Bucks","110","3356","Pennsylvania","5/4/20","2585","771","42017","29.83"
"Butler","1","180","Pennsylvania","5/4/20","170","10","42019","5.88"
"Cambria","2","34","Pennsylvania","5/4/20","21","13","42021","61.9"
"Cameron","0","1","Pennsylvania","5/4/20","1","0","42023","0"
"Carbon","3","185","Pennsylvania","5/4/20","164","21","42025","12.8"
"Centre","3","105","Pennsylvania","5/4/20","87","18","42027","20.69"
"Chester","49","1560","Pennsylvania","5/4/20","1214","346","42029","28.5"
"Clarion","0","23","Pennsylvania","5/4/20","22","1","42031","4.55"
"Clearfield","1","21","Pennsylvania","5/4/20","11","10","42033","90.91"
"Clinton","1","33","Pennsylvania","5/4/20","25","8","42035","32"
"Columbia","3","296","Pennsylvania","5/4/20","277","19","42037","6.86"
"Crawford","0","19","Pennsylvania","5/4/20","19","0","42039","0"
"Cumberland","13","375","Pennsylvania","5/4/20","282","93","42041","32.98"
"Dauphin","18","652","Pennsylvania","5/4/20","529","123","42043","23.25"
"Delaware","120","4198","Pennsylvania","5/4/20","3361","837","42045","24.9"
"Elk","0","4","Pennsylvania","5/4/20","3","1","42047","33.33"
"Erie","1","91","Pennsylvania","5/4/20","82","9","42049","10.98"
"Fayette","1","83","Pennsylvania","5/4/20","79","4","42051","5.06"
"Forest","0","7","Pennsylvania","5/4/20","7","0","42053","0"
"Franklin","21","377","Pennsylvania","5/4/20","227","150","42055","66.08"
"Fulton","0","6","Pennsylvania","5/4/20","3","3","42057","100"
"Greene","0","27","Pennsylvania","5/4/20","25","2","42059","8"
"Huntingdon","5","57","Pennsylvania","5/4/20","24","33","42061","137.5"
"Indiana","1","70","Pennsylvania","5/4/20","63","7","42063","11.11"
"Jefferson","0","6","Pennsylvania","5/4/20","4","2","42065","50"
"Juniata","1","86","Pennsylvania","5/4/20","79","7","42067","8.86"
"Lackawanna","26","1017","Pennsylvania","5/4/20","833","184","42069","22.09"
"Lancaster","51","1991","Pennsylvania","5/4/20","1633","358","42071","21.92"
"Lawrence","0","65","Pennsylvania","5/4/20","63","2","42073","3.17"
"Lebanon","19","756","Pennsylvania","5/4/20","621","135","42075","21.74"
"Lehigh","47","2963","Pennsylvania","5/4/20","2636","327","42077","12.41"
"Luzerne","31","2255","Pennsylvania","5/4/20","2035","220","42079","10.81"
"Lycoming","4","86","Pennsylvania","5/4/20","57","29","42081","50.88"
"McKean","0","6","Pennsylvania","5/4/20","5","1","42083","20"
"Mercer","0","66","Pennsylvania","5/4/20","65","1","42085","1.54"
"Mifflin","1","39","Pennsylvania","5/4/20","30","9","42087","30"
"Monroe","13","1173","Pennsylvania","5/4/20","1083","90","42089","8.31"
"Montgomery","118","4645","Pennsylvania","5/4/20","3817","828","42091","21.69"
"Montour","0","50","Pennsylvania","5/4/20","48","2","42093","4.17"
"Northampton","58","2240","Pennsylvania","5/4/20","1834","406","42095","22.14"
"Northumberland","1","100","Pennsylvania","5/4/20","90","10","42097","11.11"
"Perry","1","34","Pennsylvania","5/4/20","26","8","42099","30.77"
"Philadelphia","453","16040","Pennsylvania","5/4/20","12868","3172","42101","24.65"
"Pike","8","408","Pennsylvania","5/4/20","352","56","42103","15.91"
"Potter","0","4","Pennsylvania","5/4/20","4","0","42105","0"
"Schuylkill","11","398","Pennsylvania","5/4/20","324","74","42107","22.84"
"Snyder","0","33","Pennsylvania","5/4/20","33","0","42109","0"
"Somerset","1","30","Pennsylvania","5/4/20","25","5","42111","20"
"Sullivan","0","1","Pennsylvania","5/4/20","1","0","42113","0"
"Susquehanna","1","86","Pennsylvania","5/4/20","81","5","42115","6.17"
"Tioga","0","16","Pennsylvania","5/4/20","14","2","42117","14.29"
"Union","1","38","Pennsylvania","5/4/20","31","7","42119","22.58"
"Venango","0","7","Pennsylvania","5/4/20","7","0","42121","0"
"Warren","0","1","Pennsylvania","5/4/20","1","0","42123","0"
"Washington","2","120","Pennsylvania","5/4/20","107","13","42125","12.15"
"Wayne","2","109","Pennsylvania","5/4/20","93","16","42127","17.2"
"Westmoreland","4","403","Pennsylvania","5/4/20","377","26","42129","6.9"
"Wyoming","1","27","Pennsylvania","5/4/20","18","9","42131","50"
"York","14","702","Pennsylvania","5/4/20","606","96","42133","15.84"
"","65","1843","Puerto Rico","5/4/20","1389","454",,"32.69"
"Bristol","6","154","Rhode Island","5/4/20","115","39","44001","33.91"
"Kent","20","703","Rhode Island","5/4/20","565","138","44003","24.42"
"Newport","3","161","Rhode Island","5/4/20","138","23","44005","16.67"
"Providence","244","7138","Rhode Island","5/4/20","5427","1711","44007","31.53"
"Washington","9","363","Rhode Island","5/4/20","303","60","44009","19.8"
"Abbeville","1","33","South Carolina","5/4/20","29","4","45001","13.79"
"Aiken","2","108","South Carolina","5/4/20","92","16","45003","17.39"
"Allendale","1","14","South Carolina","5/4/20","8","6","45005","75"
"Anderson","3","171","South Carolina","5/4/20","149","22","45007","14.77"
"Bamberg","1","13","South Carolina","5/4/20","8","5","45009","62.5"
"Barnwell","1","25","South Carolina","5/4/20","15","10","45011","66.67"
"Beaufort","2","269","South Carolina","5/4/20","254","15","45013","5.91"
"Berkeley","3","190","South Carolina","5/4/20","171","19","45015","11.11"
"Calhoun","0","7","South Carolina","5/4/20","6","1","45017","16.67"
"Charleston","4","464","South Carolina","5/4/20","435","29","45019","6.67"
"Cherokee","0","18","South Carolina","5/4/20","15","3","45021","20"
"Chester","1","34","South Carolina","5/4/20","27","7","45023","25.93"
"Chesterfield","2","60","South Carolina","5/4/20","46","14","45025","30.43"
"Clarendon","7","232","South Carolina","5/4/20","185","47","45027","25.41"
"Colleton","1","32","South Carolina","5/4/20","26","6","45029","23.08"
"Darlington","5","144","South Carolina","5/4/20","107","37","45031","34.58"
"Dillon","4","74","South Carolina","5/4/20","44","30","45033","68.18"
"Dorchester","1","100","South Carolina","5/4/20","92","8","45035","8.7"
"Edgefield","1","32","South Carolina","5/4/20","25","7","45037","28"
"Fairfield","5","68","South Carolina","5/4/20","33","35","45039","106.06"
"Florence","11","348","South Carolina","5/4/20","268","80","45041","29.85"
"Georgetown","1","46","South Carolina","5/4/20","39","7","45043","17.95"
"Greenville","20","788","South Carolina","5/4/20","649","139","45045","21.42"
"Greenwood","1","55","South Carolina","5/4/20","45","10","45047","22.22"
"Hampton","1","26","South Carolina","5/4/20","22","4","45049","18.18"
"Horry","3","230","South Carolina","5/4/20","209","21","45051","10.05"
"Jasper","0","21","South Carolina","5/4/20","19","2","45053","10.53"
"Kershaw","3","245","South Carolina","5/4/20","223","22","45055","9.87"
"Lancaster","2","99","South Carolina","5/4/20","88","11","45057","12.5"
"Laurens","1","41","South Carolina","5/4/20","35","6","45059","17.14"
"Lee","2","68","South Carolina","5/4/20","55","13","45061","23.64"
"Lexington","14","432","South Carolina","5/4/20","334","98","45063","29.34"
"Marion","1","40","South Carolina","5/4/20","33","7","45067","21.21"
"Marlboro","2","52","South Carolina","5/4/20","41","11","45069","26.83"
"McCormick","0","7","South Carolina","5/4/20","6","1","45065","16.67"
"Newberry","1","30","South Carolina","5/4/20","23","7","45071","30.43"
"Oconee","0","27","South Carolina","5/4/20","24","3","45073","12.5"
"Orangeburg","5","92","South Carolina","5/4/20","60","32","45075","53.33"
"Pickens","1","59","South Carolina","5/4/20","53","6","45077","11.32"
"Richland","20","977","South Carolina","5/4/20","840","137","45079","16.31"
"Saluda","4","68","South Carolina","5/4/20","40","28","45081","70"
"Spartanburg","9","315","South Carolina","5/4/20","255","60","45083","23.53"
"Sumter","7","264","South Carolina","5/4/20","215","49","45085","22.79"
"Union","0","26","South Carolina","5/4/20","25","1","45087","4"
"Williamsburg","5","91","South Carolina","5/4/20","59","32","45089","54.24"
"York","5","222","South Carolina","5/4/20","186","36","45091","19.35"
"Aurora","0","1","South Dakota","5/4/20","1","0","46003","0"
"Beadle","0","21","South Dakota","5/4/20","21","0","46005","0"
"Bon Homme","0","4","South Dakota","5/4/20","4","0","46009","0"
"Brookings","0","13","South Dakota","5/4/20","12","1","46011","8.33"
"Brown","5","65","South Dakota","5/4/20","30","35","46013","116.67"
"Buffalo","0","1","South Dakota","5/4/20","0","1","46017","1"
"Charles Mix","0","5","South Dakota","5/4/20","4","1","46023","25"
"Clark","0","1","South Dakota","5/4/20","1","0","46025","0"
"Clay","0","7","South Dakota","5/4/20","5","2","46027","40"
"Codington","0","15","South Dakota","5/4/20","14","1","46029","7.14"
"Corson","0","1","South Dakota","5/4/20","1","0","46031","0"
"Davison","0","6","South Dakota","5/4/20","5","1","46035","20"
"Day","1","8","South Dakota","5/4/20","0","8","46037","1"
"Deuel","0","1","South Dakota","5/4/20","1","0","46039","0"
"Dewey","0","1","South Dakota","5/4/20","0","1","46041","1"
"Douglas","0","1","South Dakota","5/4/20","0","1","46043","1"
"Fall River","0","2","South Dakota","5/4/20","1","1","46047","100"
"Faulk","0","1","South Dakota","5/4/20","1","0","46049","0"
"Hamlin","0","2","South Dakota","5/4/20","2","0","46057","0"
"Hand","0","1","South Dakota","5/4/20","1","0","46059","0"
"Hughes","1","13","South Dakota","5/4/20","7","6","46065","85.71"
"Hutchinson","0","3","South Dakota","5/4/20","3","0","46067","0"
"Hyde","0","1","South Dakota","5/4/20","1","0","46069","0"
"Jerauld","0","6","South Dakota","5/4/20","6","0","46073","0"
"Lake","0","4","South Dakota","5/4/20","4","0","46079","0"
"Lawrence","0","9","South Dakota","5/4/20","9","0","46081","0"
"Lincoln","5","163","South Dakota","5/4/20","131","32","46083","24.43"
"Lyman","0","3","South Dakota","5/4/20","2","1","46085","50"
"Marshall","0","1","South Dakota","5/4/20","1","0","46091","0"
"McCook","0","4","South Dakota","5/4/20","4","0","46087","0"
"McPherson","0","1","South Dakota","5/4/20","1","0","46089","0"
"Meade","0","1","South Dakota","5/4/20","1","0","46093","0"
"Miner","0","1","South Dakota","5/4/20","1","0","46097","0"
"Minnehaha","41","2170","South Dakota","5/4/20","1880","290","46099","15.43"
"Moody","0","6","South Dakota","5/4/20","3","3","46101","100"
"Oglala Lakota","0","1","South Dakota","5/4/20","1","0","46102","0"
"Pennington","0","14","South Dakota","5/4/20","12","2","46103","16.67"
"Roberts","1","10","South Dakota","5/4/20","4","6","46109","150"
"Sanborn","0","3","South Dakota","5/4/20","3","0","46111","0"
"Spink","0","3","South Dakota","5/4/20","3","0","46115","0"
"Stanley","1","8","South Dakota","5/4/20","2","6","46117","300"
"Sully","0","1","South Dakota","5/4/20","1","0","46119","0"
"Todd","0","3","South Dakota","5/4/20","1","2","46121","200"
"Turner","0","17","South Dakota","5/4/20","15","2","46125","13.33"
"Union","3","32","South Dakota","5/4/20","12","20","46127","166.67"
"Walworth","0","5","South Dakota","5/4/20","5","0","46129","0"
"Yankton","0","28","South Dakota","5/4/20","27","1","46135","3.7"
"Anderson","1","30","Tennessee","5/4/20","24","6","47001","25"
"Bedford","5","200","Tennessee","5/4/20","165","35","47003","21.21"
"Benton","0","6","Tennessee","5/4/20","6","0","47005","0"
"Bledsoe","1","598","Tennessee","5/4/20","588","10","47007","1.7"
"Blount","2","70","Tennessee","5/4/20","54","16","47009","29.63"
"Bradley","2","56","Tennessee","5/4/20","45","11","47011","24.44"
"Campbell","0","17","Tennessee","5/4/20","14","3","47013","21.43"
"Cannon","0","12","Tennessee","5/4/20","11","1","47015","9.09"
"Carroll","1","23","Tennessee","5/4/20","16","7","47017","43.75"
"Carter","0","14","Tennessee","5/4/20","12","2","47019","16.67"
"Cheatham","2","56","Tennessee","5/4/20","39","17","47021","43.59"
"Chester","0","10","Tennessee","5/4/20","10","0","47023","0"
"Claiborne","0","5","Tennessee","5/4/20","5","0","47025","0"
"Clay","0","5","Tennessee","5/4/20","5","0","47027","0"
"Cocke","1","19","Tennessee","5/4/20","14","5","47029","35.71"
"Coffee","2","44","Tennessee","5/4/20","33","11","47031","33.33"
"Crockett","0","9","Tennessee","5/4/20","6","3","47033","50"
"Cumberland","2","84","Tennessee","5/4/20","68","16","47035","23.53"
"Davidson","94","2999","Tennessee","5/4/20","2338","661","47037","28.27"
"Decatur","0","4","Tennessee","5/4/20","4","0","47039","0"
"DeKalb","2","25","Tennessee","5/4/20","14","11","47041","78.57"
"Dickson","2","82","Tennessee","5/4/20","70","12","47043","17.14"
"Dyer","1","39","Tennessee","5/4/20","32","7","47045","21.88"
"Fayette","2","68","Tennessee","5/4/20","52","16","47047","30.77"
"Fentress","0","5","Tennessee","5/4/20","4","1","47049","25"
"Franklin","1","36","Tennessee","5/4/20","29","7","47051","24.14"
"Gibson","2","53","Tennessee","5/4/20","41","12","47053","29.27"
"Giles","0","8","Tennessee","5/4/20","5","3","47055","60"
"Grainger","0","7","Tennessee","5/4/20","6","1","47057","16.67"
"Greene","0","43","Tennessee","5/4/20","41","2","47059","4.88"
"Grundy","0","28","Tennessee","5/4/20","28","0","47061","0"
"Hamblen","1","22","Tennessee","5/4/20","16","6","47063","37.5"
"Hamilton","5","180","Tennessee","5/4/20","146","34","47065","23.29"
"Hardeman","1","20","Tennessee","5/4/20","11","9","47069","81.82"
"Hardin","0","7","Tennessee","5/4/20","5","2","47071","40"
"Hawkins","0","31","Tennessee","5/4/20","29","2","47073","6.9"
"Haywood","1","27","Tennessee","5/4/20","19","8","47075","42.11"
"Henderson","0","9","Tennessee","5/4/20","6","3","47077","50"
"Henry","0","13","Tennessee","5/4/20","11","2","47079","18.18"
"Hickman","0","45","Tennessee","5/4/20","42","3","47081","7.14"
"Houston","0","5","Tennessee","5/4/20","4","1","47083","25"
"Humphreys","0","11","Tennessee","5/4/20","10","1","47085","10"
"Jackson","0","7","Tennessee","5/4/20","7","0","47087","0"
"Jefferson","1","28","Tennessee","5/4/20","18","10","47089","55.56"
"Johnson","0","5","Tennessee","5/4/20","3","2","47091","66.67"
"Knox","5","249","Tennessee","5/4/20","214","35","47093","16.36"
"Lake","1","58","Tennessee","5/4/20","49","9","47095","18.37"
"Lauderdale","1","25","Tennessee","5/4/20","17","8","47097","47.06"
"Lawrence","0","17","Tennessee","5/4/20","17","0","47099","0"
"Lewis","0","2","Tennessee","5/4/20","2","0","47101","0"
"Lincoln","1","16","Tennessee","5/4/20","12","4","47103","33.33"
"Loudon","2","39","Tennessee","5/4/20","27","12","47105","44.44"
"Macon","2","53","Tennessee","5/4/20","39","14","47111","35.9"
"Madison","5","142","Tennessee","5/4/20","104","38","47113","36.54"
"Marion","0","29","Tennessee","5/4/20","28","1","47115","3.57"
"Marshall","0","24","Tennessee","5/4/20","22","2","47117","9.09"
"Maury","1","49","Tennessee","5/4/20","41","8","47119","19.51"
"McMinn","5","103","Tennessee","5/4/20","65","38","47107","58.46"
"McNairy","0","11","Tennessee","5/4/20","11","0","47109","0"
"Meigs","1","10","Tennessee","5/4/20","6","4","47121","66.67"
"Monroe","2","29","Tennessee","5/4/20","15","14","47123","93.33"
"Montgomery","2","149","Tennessee","5/4/20","138","11","47125","7.97"
"Moore","0","3","Tennessee","5/4/20","3","0","47127","0"
"Morgan","0","6","Tennessee","5/4/20","6","0","47129","0"
"Obion","1","17","Tennessee","5/4/20","12","5","47131","41.67"
"Out of TN","9","347","Tennessee","5/4/20","283","64","80047","22.61"
"Overton","0","9","Tennessee","5/4/20","8","1","47133","12.5"
"Perry","1","12","Tennessee","5/4/20","8","4","47135","50"
"Polk","1","12","Tennessee","5/4/20","7","5","47139","71.43"
"Putnam","4","139","Tennessee","5/4/20","114","25","47141","21.93"
"Rhea","0","5","Tennessee","5/4/20","3","2","47143","66.67"
"Roane","0","8","Tennessee","5/4/20","7","1","47145","14.29"
"Robertson","7","184","Tennessee","5/4/20","138","46","47147","33.33"
"Rutherford","26","603","Tennessee","5/4/20","423","180","47149","42.55"
"Scott","0","12","Tennessee","5/4/20","11","1","47151","9.09"
"Sequatchie","0","5","Tennessee","5/4/20","5","0","47153","0"
"Sevier","2","58","Tennessee","5/4/20","46","12","47155","26.09"
"Shelby","79","2878","Tennessee","5/4/20","2327","551","47157","23.68"
"Smith","1","24","Tennessee","5/4/20","19","5","47159","26.32"
"Stewart","0","8","Tennessee","5/4/20","7","1","47161","14.29"
"Sullivan","1","57","Tennessee","5/4/20","47","10","47163","21.28"
"Sumner","9","663","Tennessee","5/4/20","603","60","47165","9.95"
"Tipton","8","148","Tennessee","5/4/20","95","53","47167","55.79"
"Trousdale","186","1348","Tennessee","5/4/20","48","1300","47169","2708.33"
"Unicoi","0","2","Tennessee","5/4/20","1","1","47171","100"
"Union","0","3","Tennessee","5/4/20","3","0","47173","0"
"Van Buren","0","2","Tennessee","5/4/20","2","0","47175","0"
"Warren","0","8","Tennessee","5/4/20","7","1","47177","14.29"
"Washington","0","57","Tennessee","5/4/20","54","3","47179","5.56"
"Wayne","0","4","Tennessee","5/4/20","2","2","47181","100"
"Weakley","1","24","Tennessee","5/4/20","18","6","47183","33.33"
"White","2","15","Tennessee","5/4/20","4","11","47185","275"
"Williamson","5","431","Tennessee","5/4/20","399","32","47187","8.02"
"Wilson","4","276","Tennessee","5/4/20","246","30","47189","12.2"
"Anderson","2","34","Texas","5/4/20","23","11","48001","47.83"
"Andrews","0","21","Texas","5/4/20","19","2","48003","10.53"
"Angelina","3","55","Texas","5/4/20","36","19","48005","52.78"
"Aransas","0","2","Texas","5/4/20","2","0","48007","0"
"Armstrong","0","2","Texas","5/4/20","2","0","48011","0"
"Atascosa","1","19","Texas","5/4/20","14","5","48013","35.71"
"Austin","0","13","Texas","5/4/20","12","1","48015","8.33"
"Bandera","0","6","Texas","5/4/20","6","0","48019","0"
"Bastrop","4","89","Texas","5/4/20","59","30","48021","50.85"
"Bee","0","6","Texas","5/4/20","6","0","48025","0"
"Bell","4","194","Texas","5/4/20","165","29","48027","17.58"
"Bexar","36","1585","Texas","5/4/20","1334","251","48029","18.82"
"Blanco","0","6","Texas","5/4/20","6","0","48031","0"
"Bosque","0","4","Texas","5/4/20","4","0","48035","0"
"Bowie","1","76","Texas","5/4/20","68","8","48037","11.76"
"Brazoria","15","551","Texas","5/4/20","449","102","48039","22.72"
"Brazos","4","208","Texas","5/4/20","182","26","48041","14.29"
"Brewster","0","1","Texas","5/4/20","0","1","48043","1"
"Briscoe","0","1","Texas","5/4/20","0","1","48045","1"
"Brooks","0","1","Texas","5/4/20","1","0","48047","0"
"Brown","1","36","Texas","5/4/20","28","8","48049","28.57"
"Burleson","0","14","Texas","5/4/20","11","3","48051","27.27"
"Burnet","1","23","Texas","5/4/20","15","8","48053","53.33"
"Caldwell","1","21","Texas","5/4/20","11","10","48055","90.91"
"Calhoun","1","33","Texas","5/4/20","29","4","48057","13.79"
"Callahan","0","2","Texas","5/4/20","1","1","48059","100"
"Cameron","9","432","Texas","5/4/20","366","66","48061","18.03"
"Camp","0","7","Texas","5/4/20","6","1","48063","16.67"
"Carson","0","3","Texas","5/4/20","1","2","48065","200"
"Cass","0","15","Texas","5/4/20","13","2","48067","15.38"
"Castro","1","18","Texas","5/4/20","13","5","48069","38.46"
"Chambers","1","45","Texas","5/4/20","41","4","48071","9.76"
"Cherokee","1","17","Texas","5/4/20","12","5","48073","41.67"
"Childress","0","1","Texas","5/4/20","1","0","48075","0"
"Clay","0","3","Texas","5/4/20","3","0","48077","0"
"Cochran","0","1","Texas","5/4/20","1","0","48079","0"
"Coleman","0","1","Texas","5/4/20","1","0","48083","0"
"Collin","18","789","Texas","5/4/20","663","126","48085","19"
"Colorado","0","10","Texas","5/4/20","10","0","48089","0"
"Comal","1","58","Texas","5/4/20","48","10","48091","20.83"
"Comanche","0","3","Texas","5/4/20","4","-1","48093","-25"
"Concho","0","1","Texas","5/4/20","1","0","48095","0"
"Cooke","1","9","Texas","5/4/20","4","5","48097","125"
"Coryell","8","162","Texas","5/4/20","105","57","48099","54.29"
"Cottle","0","2","Texas","5/4/20","1","1","48101","100"
"Crane","0","2","Texas","5/4/20","2","0","48103","0"
"Crosby","0","2","Texas","5/4/20","2","0","48107","0"
"Dallam","1","13","Texas","5/4/20","8","5","48111","62.5"
"Dallas","194","4370","Texas","5/4/20","3014","1356","48113","44.99"
"Dawson","1","26","Texas","5/4/20","21","5","48115","23.81"
"Deaf Smith","2","37","Texas","5/4/20","25","12","48117","48"
"Delta","0","1","Texas","5/4/20","1","0","48119","0"
"Denton","13","803","Texas","5/4/20","713","90","48121","12.62"
"DeWitt","0","15","Texas","5/4/20","15","0","48123","0"
"Dickens","0","1","Texas","5/4/20","1","0","48125","0"
"Dimmit","0","1","Texas","5/4/20","1","0","48127","0"
"Donley","0","25","Texas","5/4/20","24","1","48129","4.17"
"Duval","0","3","Texas","5/4/20","2","1","48131","50"
"Eastland","0","3","Texas","5/4/20","3","0","48133","0"
"Ector","2","84","Texas","5/4/20","70","14","48135","20"
"El Paso","28","998","Texas","5/4/20","802","196","48141","24.44"
"Ellis","5","169","Texas","5/4/20","133","36","48139","27.07"
"Erath","0","12","Texas","5/4/20","13","-1","48143","-7.69"
"Falls","0","4","Texas","5/4/20","3","1","48145","33.33"
"Fannin","1","20","Texas","5/4/20","16","4","48147","25"
"Fayette","0","15","Texas","5/4/20","15","0","48149","0"
"Floyd","0","3","Texas","5/4/20","3","0","48153","0"
"Fort Bend","33","1183","Texas","5/4/20","952","231","48157","24.26"
"Franklin","0","2","Texas","5/4/20","1","1","48159","100"
"Freestone","1","7","Texas","5/4/20","3","4","48161","133.33"
"Frio","1","10","Texas","5/4/20","3","7","48163","233.33"
"Gaines","0","2","Texas","5/4/20","2","0","48165","0"
"Galveston","14","636","Texas","5/4/20","541","95","48167","17.56"
"Garza","0","3","Texas","5/4/20","0","3","48169","1"
"Gillespie","0","4","Texas","5/4/20","1","3","48171","300"
"Glasscock","0","1","Texas","5/4/20","0","1","48173","1"
"Goliad","0","7","Texas","5/4/20","7","0","48175","0"
"Gonzales","3","30","Texas","5/4/20","12","18","48177","150"
"Gray","4","67","Texas","5/4/20","37","30","48179","81.08"
"Grayson","4","49","Texas","5/4/20","23","26","48181","113.04"
"Gregg","3","87","Texas","5/4/20","66","21","48183","31.82"
"Grimes","1","22","Texas","5/4/20","15","7","48185","46.67"
"Guadalupe","2","86","Texas","5/4/20","69","17","48187","24.64"
"Hale","1","29","Texas","5/4/20","19","10","48189","52.63"
"Hamilton","0","5","Texas","5/4/20","5","0","48193","0"
"Hansford","0","7","Texas","5/4/20","4","3","48195","75"
"Hardin","2","103","Texas","5/4/20","92","11","48199","11.96"
"Harris","191","6967","Texas","5/4/20","5628","1339","48201","23.79"
"Harrison","8","140","Texas","5/4/20","86","54","48203","62.79"
"Hartley","0","5","Texas","5/4/20","4","1","48205","25"
"Hays","3","168","Texas","5/4/20","148","20","48209","13.51"
"Hemphill","0","1","Texas","5/4/20","1","0","48211","0"
"Henderson","1","28","Texas","5/4/20","24","4","48213","16.67"
"Hidalgo","5","341","Texas","5/4/20","308","33","48215","10.71"
"Hill","0","17","Texas","5/4/20","15","2","48217","13.33"
"Hockley","0","20","Texas","5/4/20","20","0","48219","0"
"Hood","0","20","Texas","5/4/20","17","3","48221","17.65"
"Hopkins","0","6","Texas","5/4/20","4","2","48223","50"
"Houston","0","7","Texas","5/4/20","6","1","48225","16.67"
"Howard","0","4","Texas","5/4/20","4","0","48227","0"
"Hunt","1","49","Texas","5/4/20","41","8","48231","19.51"
"Hutchinson","0","16","Texas","5/4/20","13","3","48233","23.08"
"Jack","0","4","Texas","5/4/20","4","0","48237","0"
"Jackson","1","14","Texas","5/4/20","6","8","48239","133.33"
"Jasper","1","18","Texas","5/4/20","14","4","48241","28.57"
"Jefferson","8","325","Texas","5/4/20","268","57","48245","21.27"
"Jim Hogg","0","3","Texas","5/4/20","1","2","48247","200"
"Jim Wells","0","5","Texas","5/4/20","3","2","48249","66.67"
"Johnson","4","83","Texas","5/4/20","58","25","48251","43.1"
"Jones","9","78","Texas","5/4/20","13","65","48253","500"
"Karnes","0","3","Texas","5/4/20","3","0","48255","0"
"Kaufman","2","90","Texas","5/4/20","74","16","48257","21.62"
"Kendall","0","16","Texas","5/4/20","16","0","48259","0"
"Kerr","0","5","Texas","5/4/20","6","-1","48265","-16.67"
"Kleberg","0","10","Texas","5/4/20","9","1","48273","11.11"
"Knox","0","1","Texas","5/4/20","1","0","48275","0"
"La Salle","0","1","Texas","5/4/20","1","0","48283","0"
"Lamar","8","67","Texas","5/4/20","8","59","48277","737.5"
"Lamb","0","4","Texas","5/4/20","3","1","48279","33.33"
"Lampasas","0","4","Texas","5/4/20","2","2","48281","100"
"Lavaca","0","6","Texas","5/4/20","5","1","48285","20"
"Lee","0","2","Texas","5/4/20","2","0","48287","0"
"Leon","0","6","Texas","5/4/20","5","1","48289","20"
"Liberty","1","45","Texas","5/4/20","38","7","48291","18.42"
"Limestone","0","13","Texas","5/4/20","12","1","48293","8.33"
"Lipscomb","0","2","Texas","5/4/20","0","2","48295","1"
"Live Oak","0","5","Texas","5/4/20","5","0","48297","0"
"Llano","0","3","Texas","5/4/20","3","0","48299","0"
"Lubbock","8","553","Texas","5/4/20","499","54","48303","10.82"
"Lynn","0","5","Texas","5/4/20","5","0","48305","0"
"Madison","0","1","Texas","5/4/20","2","-1","48313","-50"
"Marion","1","15","Texas","5/4/20","9","6","48315","66.67"
"Martin","0","2","Texas","5/4/20","2","0","48317","0"
"Mason","3","24","Texas","5/4/20","5","19","48319","380"
"Matagorda","1","64","Texas","5/4/20","59","5","48321","8.47"
"Maverick","1","26","Texas","5/4/20","16","10","48323","62.5"
"McCulloch","0","3","Texas","5/4/20","3","0","48307","0"
"McLennan","1","91","Texas","5/4/20","82","9","48309","10.98"
"Medina","0","20","Texas","5/4/20","19","1","48325","5.26"
"Midland","2","89","Texas","5/4/20","73","16","48329","21.92"
"Milam","1","18","Texas","5/4/20","13","5","48331","38.46"
"Mitchell","0","1","Texas","5/4/20","1","0","48335","0"
"Montague","0","7","Texas","5/4/20","6","1","48337","16.67"
"Montgomery","16","640","Texas","5/4/20","530","110","48339","20.75"
"Moore","18","399","Texas","5/4/20","272","127","48341","46.69"
"Morris","1","9","Texas","5/4/20","5","4","48343","80"
"Motley","0","1","Texas","5/4/20","1","0","48345","0"
"Nacogdoches","7","174","Texas","5/4/20","125","49","48347","39.2"
"Navarro","0","31","Texas","5/4/20","28","3","48349","10.71"
"Newton","0","2","Texas","5/4/20","2","0","48351","0"
"Nolan","0","2","Texas","5/4/20","1","1","48353","100"
"Nueces","2","107","Texas","5/4/20","94","13","48355","13.83"
"Ochiltree","2","19","Texas","5/4/20","5","14","48357","280"
"Oldham","0","3","Texas","5/4/20","3","0","48359","0"
"Orange","1","71","Texas","5/4/20","64","7","48361","10.94"
"Palo Pinto","0","8","Texas","5/4/20","7","1","48363","14.29"
"Panola","8","135","Texas","5/4/20","78","57","48365","73.08"
"Parker","2","39","Texas","5/4/20","24","15","48367","62.5"
"Parmer","1","13","Texas","5/4/20","4","9","48369","225"
"Pecos","0","10","Texas","5/4/20","9","1","48371","11.11"
"Polk","0","20","Texas","5/4/20","18","2","48373","11.11"
"Potter","69","818","Texas","5/4/20","333","485","48375","145.65"
"Rains","0","2","Texas","5/4/20","2","0","48379","0"
"Randall","15","279","Texas","5/4/20","172","107","48381","62.21"
"Red River","0","1","Texas","5/4/20","1","0","48387","0"
"Reeves","0","5","Texas","5/4/20","2","3","48389","150"
"Refugio","0","1","Texas","5/4/20","0","1","48391","1"
"Roberts","0","2","Texas","5/4/20","2","0","48393","0"
"Robertson","0","4","Texas","5/4/20","2","2","48395","100"
"Rockwall","5","88","Texas","5/4/20","56","32","48397","57.14"
"Runnels","0","2","Texas","5/4/20","0","2","48399","1"
"Rusk","1","36","Texas","5/4/20","32","4","48401","12.5"
"Sabine","0","1","Texas","5/4/20","1","0","48403","0"
"San Augustine","0","19","Texas","5/4/20","16","3","48405","18.75"
"San Jacinto","0","10","Texas","5/4/20","10","0","48407","0"
"San Patricio","0","13","Texas","5/4/20","12","1","48409","8.33"
"Scurry","0","2","Texas","5/4/20","2","0","48415","0"
"Shelby","3","117","Texas","5/4/20","98","19","48419","19.39"
"Sherman","1","18","Texas","5/4/20","14","4","48421","28.57"
"Smith","2","146","Texas","5/4/20","134","12","48423","8.96"
"Starr","0","9","Texas","5/4/20","7","2","48427","28.57"
"Stephens","0","1","Texas","5/4/20","1","0","48429","0"
"Swisher","0","9","Texas","5/4/20","9","0","48437","0"
"Tarrant","91","2584","Texas","5/4/20","1947","637","48439","32.72"
"Taylor","18","349","Texas","5/4/20","222","127","48441","57.21"
"Terry","0","11","Texas","5/4/20","10","1","48445","10"
"Titus","1","20","Texas","5/4/20","15","5","48449","33.33"
"Tom Green","5","79","Texas","5/4/20","44","35","48451","79.55"
"Travis","58","1816","Texas","5/4/20","1412","404","48453","28.61"
"Trinity","0","8","Texas","5/4/20","8","0","48455","0"
"Tyler","0","6","Texas","5/4/20","6","0","48457","0"
"Upshur","0","15","Texas","5/4/20","13","2","48459","15.38"
"Uvalde","0","6","Texas","5/4/20","6","0","48463","0"
"Val Verde","0","13","Texas","5/4/20","13","0","48465","0"
"Van Zandt","0","16","Texas","5/4/20","13","3","48467","23.08"
"Victoria","3","139","Texas","5/4/20","121","18","48469","14.88"
"Walker","15","298","Texas","5/4/20","192","106","48471","55.21"
"Waller","1","33","Texas","5/4/20","29","4","48473","13.79"
"Washington","5","145","Texas","5/4/20","113","32","48477","28.32"
"Webb","7","391","Texas","5/4/20","345","46","48479","13.33"
"Wharton","0","39","Texas","5/4/20","37","2","48481","5.41"
"Wheeler","1","9","Texas","5/4/20","5","4","48483","80"
"Wichita","0","65","Texas","5/4/20","62","3","48485","4.84"
"Wilbarger","0","1","Texas","5/4/20","1","0","48487","0"
"Willacy","0","13","Texas","5/4/20","13","0","48489","0"
"Williamson","9","328","Texas","5/4/20","262","66","48491","25.19"
"Wilson","1","33","Texas","5/4/20","29","4","48493","13.79"
"Winkler","0","3","Texas","5/4/20","3","0","48495","0"
"Wise","2","26","Texas","5/4/20","15","11","48497","73.33"
"Wood","0","10","Texas","5/4/20","7","3","48499","42.86"
"Yoakum","0","1","Texas","5/4/20","1","0","48501","0"
"Young","0","4","Texas","5/4/20","4","0","48503","0"
"Zapata","0","7","Texas","5/4/20","7","0","48505","0"
"Zavala","0","1","Texas","5/4/20","1","0","48507","0"
"Bear River","0","62","Utah","5/4/20","60","2","00000","3.33"
"Central Utah","0","25","Utah","5/4/20","22","3","00000","13.64"
"Davis","3","299","Utah","5/4/20","276","23","49011","8.33"
"Salt Lake","83","2769","Utah","5/4/20","2190","579","49035","26.44"
"San Juan","10","116","Utah","5/4/20","45","71","49037","157.78"
"Southeast Utah","0","11","Utah","5/4/20","13","-2","00000","-15.38"
"Southwest Utah","4","119","Utah","5/4/20","89","30","00000","33.71"
"Summit","3","377","Utah","5/4/20","358","19","49043","5.31"
"Tooele","2","71","Utah","5/4/20","56","15","49045","26.79"
"TriCounty","0","14","Utah","5/4/20","11","3","00000","27.27"
"Utah","42","1122","Utah","5/4/20","828","294","49049","35.51"
"Wasatch","4","165","Utah","5/4/20","140","25","49051","17.86"
"Weber-Morgan","3","167","Utah","5/4/20","148","19","00000","12.84"
"Addison","0","61","Vermont","5/4/20","61","0","50001","0"
"Bennington","2","51","Vermont","5/4/20","40","11","50003","27.5"
"Caledonia","0","14","Vermont","5/4/20","13","1","50005","7.69"
"Chittenden","2","425","Vermont","5/4/20","414","11","50007","2.66"
"Essex","0","2","Vermont","5/4/20","2","0","50009","0"
"Franklin","1","99","Vermont","5/4/20","91","8","50011","8.79"
"Grand Isle","0","4","Vermont","5/4/20","3","1","50013","33.33"
"Lamoille","0","26","Vermont","5/4/20","26","0","50015","0"
"Orange","0","8","Vermont","5/4/20","7","1","50017","14.29"
"Orleans","0","9","Vermont","5/4/20","9","0","50019","0"
"Rutland","1","49","Vermont","5/4/20","44","5","50021","11.36"
"Washington","0","35","Vermont","5/4/20","32","3","50023","9.38"
"Windham","0","72","Vermont","5/4/20","70","2","50025","2.86"
"Windsor","0","43","Vermont","5/4/20","40","3","50027","7.5"
"","1","66","Virgin Islands","5/4/20","57","9",,"15.79"
"Accomack","33","425","Virginia","5/4/20","195","230","51001","117.95"
"Albemarle","5","110","Virginia","5/4/20","77","33","51003","42.86"
"Alexandria","45","940","Virginia","5/4/20","627","313","51510","49.92"
"Alleghany","0","6","Virginia","5/4/20","5","1","51005","20"
"Amelia","0","16","Virginia","5/4/20","15","1","51007","6.67"
"Amherst","1","14","Virginia","5/4/20","9","5","51009","55.56"
"Appomattox","1","21","Virginia","5/4/20","17","4","51011","23.53"
"Arlington","43","1139","Virginia","5/4/20","836","303","51013","36.24"
"Augusta","2","47","Virginia","5/4/20","36","11","51015","30.56"
"Bedford","1","35","Virginia","5/4/20","25","10","51019","40"
"Botetourt","0","28","Virginia","5/4/20","27","1","51023","3.7"
"Bristol","0","2","Virginia","5/4/20","1","1","51520","100"
"Brunswick","0","15","Virginia","5/4/20","14","1","51025","7.14"
"Buchanan","0","16","Virginia","5/4/20","14","2","51027","14.29"
"Buckingham","13","137","Virginia","5/4/20","45","92","51029","204.44"
"Buena Vista","0","6","Virginia","5/4/20","5","1","51530","20"
"Campbell","0","13","Virginia","5/4/20","11","2","51031","18.18"
"Caroline","2","32","Virginia","5/4/20","21","11","51033","52.38"
"Carroll","2","19","Virginia","5/4/20","4","15","51035","375"
"Charles City","1","17","Virginia","5/4/20","13","4","51036","30.77"
"Charlotte","0","10","Virginia","5/4/20","7","3","51037","42.86"
"Charlottesville","2","63","Virginia","5/4/20","50","13","51540","26"
"Chesapeake","10","284","Virginia","5/4/20","214","70","51550","32.71"
"Chesterfield","21","601","Virginia","5/4/20","457","144","51041","31.51"
"Clarke","0","10","Virginia","5/4/20","7","3","51043","42.86"
"Colonial Heights","2","57","Virginia","5/4/20","45","12","51570","26.67"
"Covington","0","1","Virginia","5/4/20","1","0","51580","0"
"Craig","0","3","Virginia","5/4/20","2","1","51045","50"
"Culpeper","12","196","Virginia","5/4/20","113","83","51047","73.45"
"Cumberland","0","12","Virginia","5/4/20","10","2","51049","20"
"Danville","1","37","Virginia","5/4/20","33","4","51590","12.12"
"Dinwiddie","1","23","Virginia","5/4/20","15","8","51053","53.33"
"Emporia","4","46","Virginia","5/4/20","20","26","51595","130"
"Essex","1","16","Virginia","5/4/20","6","10","51057","166.67"
"Fairfax","230","4615","Virginia","5/4/20","3002","1613","51059","53.73"
"Fairfax City","1","33","Virginia","5/4/20","27","6","51600","22.22"
"Falls Church","1","36","Virginia","5/4/20","26","10","51610","38.46"
"Fauquier","6","140","Virginia","5/4/20","96","44","51061","45.83"
"Floyd","0","3","Virginia","5/4/20","1","2","51063","200"
"Fluvanna","0","76","Virginia","5/4/20","73","3","51065","4.11"
"Franklin","1","23","Virginia","5/4/20","19","4","51067","21.05"
"Franklin City","1","23","Virginia","5/4/20","16","7","51620","43.75"
"Frederick","4","126","Virginia","5/4/20","95","31","51069","32.63"
"Fredericksburg","3","45","Virginia","5/4/20","24","21","51630","87.5"
"Galax","3","25","Virginia","5/4/20","4","21","51640","525"
"Giles","0","4","Virginia","5/4/20","4","0","51071","0"
"Gloucester","1","27","Virginia","5/4/20","22","5","51073","22.73"
"Goochland","1","80","Virginia","5/4/20","72","8","51075","11.11"
"Grayson","1","4","Virginia","5/4/20","0","4","51077","1"
"Greene","0","12","Virginia","5/4/20","10","2","51079","20"
"Greensville","1","41","Virginia","5/4/20","36","5","51081","13.89"
"Halifax","0","19","Virginia","5/4/20","17","2","51083","11.76"
"Hampton","3","128","Virginia","5/4/20","108","20","51650","18.52"
"Hanover","5","141","Virginia","5/4/20","108","33","51085","30.56"
"Harrisonburg","16","497","Virginia","5/4/20","383","114","51660","29.77"
"Henrico","21","964","Virginia","5/4/20","817","147","51087","17.99"
"Henry","1","19","Virginia","5/4/20","15","4","51089","26.67"
"Highland","0","2","Virginia","5/4/20","1","1","51091","100"
"Hopewell","1","31","Virginia","5/4/20","24","7","51670","29.17"
"Isle of Wight","1","99","Virginia","5/4/20","93","6","51093","6.45"
"James City","2","167","Virginia","5/4/20","154","13","51095","8.44"
"King and Queen","0","3","Virginia","5/4/20","2","1","51097","50"
"King George","1","35","Virginia","5/4/20","28","7","51099","25"
"King William","1","9","Virginia","5/4/20","5","4","51101","80"
"Lancaster","1","5","Virginia","5/4/20","1","4","51103","400"
"Lee","0","10","Virginia","5/4/20","8","2","51105","25"
"Lexington","0","6","Virginia","5/4/20","3","3","51678","100"
"Loudoun","48","961","Virginia","5/4/20","628","333","51107","53.03"
"Louisa","1","49","Virginia","5/4/20","41","8","51109","19.51"
"Lunenburg","0","4","Virginia","5/4/20","4","0","51111","0"
"Lynchburg","2","64","Virginia","5/4/20","51","13","51680","25.49"
"Madison","0","16","Virginia","5/4/20","14","2","51113","14.29"
"Manassas","15","273","Virginia","5/4/20","165","108","51683","65.45"
"Manassas Park","5","88","Virginia","5/4/20","50","38","51685","76"
"Martinsville","0","2","Virginia","5/4/20","0","2","51690","1"
"Mathews","0","4","Virginia","5/4/20","4","0","51115","0"
"Mecklenburg","1","106","Virginia","5/4/20","98","8","51117","8.16"
"Middlesex","0","7","Virginia","5/4/20","4","3","51119","75"
"Montgomery","1","59","Virginia","5/4/20","54","5","51121","9.26"
"Nelson","0","9","Virginia","5/4/20","7","2","51125","28.57"
"New Kent","1","26","Virginia","5/4/20","20","6","51127","30"
"Newport News","3","132","Virginia","5/4/20","112","20","51700","17.86"
"Norfolk","8","239","Virginia","5/4/20","184","55","51710","29.89"
"Northampton","16","139","Virginia","5/4/20","28","111","51131","396.43"
"Northumberland","0","9","Virginia","5/4/20","8","1","51133","12.5"
"Norton","0","2","Virginia","5/4/20","2","0","51720","0"
"Nottoway","0","14","Virginia","5/4/20","11","3","51135","27.27"
"Orange","2","39","Virginia","5/4/20","26","13","51137","50"
"Page","4","113","Virginia","5/4/20","87","26","51139","29.89"
"Patrick","0","2","Virginia","5/4/20","2","0","51141","0"
"Petersburg","1","39","Virginia","5/4/20","30","9","51730","30"
"Pittsylvania","1","15","Virginia","5/4/20","11","4","51143","36.36"
"Poquoson","0","6","Virginia","5/4/20","6","0","51735","0"
"Portsmouth","10","183","Virginia","5/4/20","114","69","51740","60.53"
"Powhatan","1","15","Virginia","5/4/20","11","4","51145","36.36"
"Prince Edward","2","55","Virginia","5/4/20","41","14","51147","34.15"
"Prince George","1","40","Virginia","5/4/20","31","9","51149","29.03"
"Prince William","113","2146","Virginia","5/4/20","1353","793","51153","58.61"
"Pulaski","0","9","Virginia","5/4/20","10","-1","51155","-10"
"Radford","0","3","Virginia","5/4/20","3","0","51750","0"
"Rappahannock","1","6","Virginia","5/4/20","2","4","51157","200"
"Richmond","2","145","Virginia","5/4/20","132","13","51159","9.85"
"Richmond City","16","419","Virginia","5/4/20","304","115","51760","37.83"
"Roanoke","2","57","Virginia","5/4/20","41","16","51161","39.02"
"Roanoke City","7","81","Virginia","5/4/20","33","48","51770","145.45"
"Rockbridge","0","7","Virginia","5/4/20","5","2","51163","40"
"Rockingham","11","269","Virginia","5/4/20","193","76","51165","39.38"
"Russell","0","5","Virginia","5/4/20","3","2","51167","66.67"
"Salem","2","27","Virginia","5/4/20","11","16","51775","145.45"
"Scott","0","7","Virginia","5/4/20","6","1","51169","16.67"
"Shenandoah","10","149","Virginia","5/4/20","78","71","51171","91.03"
"Smyth","0","13","Virginia","5/4/20","13","0","51173","0"
"Southampton","2","127","Virginia","5/4/20","115","12","51175","10.43"
"Spotsylvania","11","195","Virginia","5/4/20","119","76","51177","63.87"
"Stafford","10","288","Virginia","5/4/20","218","70","51179","32.11"
"Staunton","0","13","Virginia","5/4/20","10","3","51790","30"
"Suffolk","6","190","Virginia","5/4/20","147","43","51800","29.25"
"Surry","0","4","Virginia","5/4/20","4","0","51181","0"
"Sussex","0","32","Virginia","5/4/20","30","2","51183","6.67"
"Tazewell","0","6","Virginia","5/4/20","5","1","51185","20"
"Virginia Beach","12","439","Virginia","5/4/20","355","84","51810","23.66"
"Warren","3","63","Virginia","5/4/20","44","19","51187","43.18"
"Washington","1","39","Virginia","5/4/20","34","5","51191","14.71"
"Waynesboro","0","14","Virginia","5/4/20","11","3","51820","27.27"
"Westmoreland","2","31","Virginia","5/4/20","20","11","51193","55"
"Williamsburg","1","23","Virginia","5/4/20","15","8","51830","53.33"
"Winchester","2","50","Virginia","5/4/20","33","17","51840","51.52"
"Wise","0","22","Virginia","5/4/20","21","1","51195","4.76"
"Wythe","0","12","Virginia","5/4/20","11","1","51197","9.09"
"York","0","47","Virginia","5/4/20","44","3","51199","6.82"
"Adams","0","48","Washington","5/4/20","46","2","53001","4.35"
"Asotin","0","18","Washington","5/4/20","17","1","53003","5.88"
"Benton","18","532","Washington","5/4/20","409","123","53005","30.07"
"Chelan","4","120","Washington","5/4/20","93","27","53007","29.03"
"Clallam","0","18","Washington","5/4/20","15","3","53009","20"
"Clark","4","336","Washington","5/4/20","308","28","53011","9.09"
"Columbia","0","1","Washington","5/4/20","1","0","53013","0"
"Cowlitz","3","59","Washington","5/4/20","39","20","53015","51.28"
"Douglas","1","84","Washington","5/4/20","75","9","53017","12"
"Ferry","0","1","Washington","5/4/20","1","0","53019","0"
"Franklin","17","377","Washington","5/4/20","256","121","53021","47.27"
"Grant","4","180","Washington","5/4/20","152","28","53025","18.42"
"Grays Harbor","0","12","Washington","5/4/20","12","0","53027","0"
"Island","1","169","Washington","5/4/20","164","5","53029","3.05"
"Jefferson","0","28","Washington","5/4/20","28","0","53031","0"
"King","86","6545","Washington","5/4/20","5945","600","53033","10.09"
"Kitsap","0","150","Washington","5/4/20","147","3","53035","2.04"
"Kittitas","0","14","Washington","5/4/20","14","0","53037","0"
"Klickitat","0","18","Washington","5/4/20","16","2","53039","12.5"
"Lewis","0","29","Washington","5/4/20","29","0","53041","0"
"Lincoln","0","2","Washington","5/4/20","2","0","53043","0"
"Mason","0","26","Washington","5/4/20","23","3","53045","13.04"
"Okanogan","0","21","Washington","5/4/20","20","1","53047","5"
"Pacific","0","4","Washington","5/4/20","4","0","53049","0"
"Pend Oreille","0","2","Washington","5/4/20","2","0","53051","0"
"Pierce","22","1414","Washington","5/4/20","1263","151","53053","11.96"
"San Juan","0","14","Washington","5/4/20","14","0","53055","0"
"Skagit","7","357","Washington","5/4/20","305","52","53057","17.05"
"Skamania","0","3","Washington","5/4/20","3","0","53059","0"
"Snohomish","29","2537","Washington","5/4/20","2332","205","53061","8.79"
"Spokane","4","372","Washington","5/4/20","347","25","53063","7.2"
"Stevens","0","9","Washington","5/4/20","9","0","53065","0"
"Thurston","2","113","Washington","5/4/20","100","13","53067","13"
"Wahkiakum","0","2","Washington","5/4/20","2","0","53069","0"
"Walla Walla","5","92","Washington","5/4/20","55","37","53071","67.27"
"Whatcom","4","317","Washington","5/4/20","287","30","53073","10.45"
"Whitman","0","14","Washington","5/4/20","14","0","53075","0"
"Yakima","48","1372","Washington","5/4/20","1034","338","53077","32.69"
"Barbour","0","5","West Virginia","5/4/20","4","1","54001","25"
"Berkeley","5","166","West Virginia","5/4/20","133","33","54003","24.81"
"Boone","1","6","West Virginia","5/4/20","2","4","54005","200"
"Braxton","0","2","West Virginia","5/4/20","2","0","54007","0"
"Brooke","0","3","West Virginia","5/4/20","4","-1","54009","-25"
"Cabell","0","44","West Virginia","5/4/20","41","3","54011","7.32"
"Fayette","1","16","West Virginia","5/4/20","10","6","54019","60"
"Gilmer","0","3","West Virginia","5/4/20","2","1","54021","50"
"Grant","0","3","West Virginia","5/4/20","1","2","54023","200"
"Greenbrier","1","7","West Virginia","5/4/20","3","4","54025","133.33"
"Hampshire","0","8","West Virginia","5/4/20","7","1","54027","14.29"
"Hancock","0","11","West Virginia","5/4/20","8","3","54029","37.5"
"Hardy","1","9","West Virginia","5/4/20","3","6","54031","200"
"Harrison","0","31","West Virginia","5/4/20","30","1","54033","3.33"
"Jackson","1","135","West Virginia","5/4/20","127","8","54035","6.3"
"Jefferson","1","82","West Virginia","5/4/20","72","10","54037","13.89"
"Kanawha","2","168","West Virginia","5/4/20","155","13","54039","8.39"
"Lewis","0","4","West Virginia","5/4/20","4","0","54041","0"
"Lincoln","0","2","West Virginia","5/4/20","1","1","54043","100"
"Logan","0","13","West Virginia","5/4/20","12","1","54045","8.33"
"Marion","0","46","West Virginia","5/4/20","45","1","54049","2.22"
"Marshall","1","19","West Virginia","5/4/20","11","8","54051","72.73"
"Mason","0","12","West Virginia","5/4/20","11","1","54053","9.09"
"McDowell","0","6","West Virginia","5/4/20","6","0","54047","0"
"Mercer","0","11","West Virginia","5/4/20","9","2","54055","22.22"
"Mineral","0","18","West Virginia","5/4/20","15","3","54057","20"
"Mingo","0","2","West Virginia","5/4/20","2","0","54059","0"
"Monongalia","1","107","West Virginia","5/4/20","102","5","54061","4.9"
"Monroe","0","5","West Virginia","5/4/20","5","0","54063","0"
"Morgan","1","13","West Virginia","5/4/20","9","4","54065","44.44"
"Nicholas","0","6","West Virginia","5/4/20","6","0","54067","0"
"Ohio","1","33","West Virginia","5/4/20","26","7","54069","26.92"
"Pendleton","0","3","West Virginia","5/4/20","3","0","54071","0"
"Pleasants","0","2","West Virginia","5/4/20","2","0","54073","0"
"Pocahontas","0","2","West Virginia","5/4/20","1","1","54075","100"
"Preston","0","13","West Virginia","5/4/20","13","0","54077","0"
"Putnam","2","29","West Virginia","5/4/20","18","11","54079","61.11"
"Raleigh","0","10","West Virginia","5/4/20","8","2","54081","25"
"Randolph","0","4","West Virginia","5/4/20","4","0","54083","0"
"Ritchie","0","1","West Virginia","5/4/20","0","1","54085","1"
"Roane","0","6","West Virginia","5/4/20","4","2","54087","50"
"Summers","0","1","West Virginia","5/4/20","1","0","54089","0"
"Taylor","0","7","West Virginia","5/4/20","6","1","54091","16.67"
"Tucker","0","4","West Virginia","5/4/20","4","0","54093","0"
"Tyler","0","3","West Virginia","5/4/20","3","0","54095","0"
"Upshur","0","5","West Virginia","5/4/20","4","1","54097","25"
"Wayne","1","90","West Virginia","5/4/20","82","8","54099","9.76"
"Wetzel","0","3","West Virginia","5/4/20","3","0","54103","0"
"Wirt","0","3","West Virginia","5/4/20","3","0","54105","0"
"Wood","1","41","West Virginia","5/4/20","35","6","54107","17.14"
"Wyoming","0","1","West Virginia","5/4/20","1","0","54109","0"
"Adams","0","4","Wisconsin","5/4/20","4","0","55001","0"
"Ashland","0","2","Wisconsin","5/4/20","2","0","55003","0"
"Barron","0","7","Wisconsin","5/4/20","6","1","55005","16.67"
"Bayfield","0","3","Wisconsin","5/4/20","3","0","55007","0"
"Brown","85","1448","Wisconsin","5/4/20","853","595","55009","69.75"
"Buffalo","0","5","Wisconsin","5/4/20","4","1","55011","25"
"Calumet","1","19","Wisconsin","5/4/20","9","10","55015","111.11"
"Chippewa","1","25","Wisconsin","5/4/20","20","5","55017","25"
"Clark","0","21","Wisconsin","5/4/20","19","2","55019","10.53"
"Columbia","0","30","Wisconsin","5/4/20","27","3","55021","11.11"
"Crawford","0","6","Wisconsin","5/4/20","3","3","55023","100"
"Dane","4","441","Wisconsin","5/4/20","412","29","55025","7.04"
"Dodge","1","39","Wisconsin","5/4/20","30","9","55027","30"
"Door","1","15","Wisconsin","5/4/20","10","5","55029","50"
"Douglas","0","9","Wisconsin","5/4/20","9","0","55031","0"
"Dunn","0","12","Wisconsin","5/4/20","9","3","55033","33.33"
"Eau Claire","2","41","Wisconsin","5/4/20","25","16","55035","64"
"Florence","0","2","Wisconsin","5/4/20","2","0","55037","0"
"Fond du Lac","1","75","Wisconsin","5/4/20","69","6","55039","8.7"
"Grant","2","48","Wisconsin","5/4/20","31","17","55043","54.84"
"Green","1","16","Wisconsin","5/4/20","11","5","55045","45.45"
"Green Lake","0","5","Wisconsin","5/4/20","2","3","55047","150"
"Iowa","0","7","Wisconsin","5/4/20","7","0","55049","0"
"Iron","0","2","Wisconsin","5/4/20","2","0","55051","0"
"Jackson","0","12","Wisconsin","5/4/20","12","0","55053","0"
"Jefferson","1","46","Wisconsin","5/4/20","39","7","55055","17.95"
"Juneau","1","18","Wisconsin","5/4/20","13","5","55057","38.46"
"Kenosha","29","546","Wisconsin","5/4/20","340","206","55059","60.59"
"Kewaunee","2","22","Wisconsin","5/4/20","10","12","55061","120"
"La Crosse","1","31","Wisconsin","5/4/20","26","5","55063","19.23"
"Lafayette","0","6","Wisconsin","5/4/20","4","2","55065","50"
"Lincoln","0","1","Wisconsin","5/4/20","0","1","55069","1"
"Manitowoc","0","14","Wisconsin","5/4/20","11","3","55071","27.27"
"Marathon","0","19","Wisconsin","5/4/20","17","2","55073","11.76"
"Marinette","1","11","Wisconsin","5/4/20","7","4","55075","57.14"
"Marquette","0","3","Wisconsin","5/4/20","3","0","55077","0"
"Menominee","0","1","Wisconsin","5/4/20","1","0","55078","0"
"Milwaukee","89","3296","Wisconsin","5/4/20","2674","622","55079","23.26"
"Monroe","0","14","Wisconsin","5/4/20","14","0","55081","0"
"Oconto","1","18","Wisconsin","5/4/20","8","10","55083","125"
"Oneida","0","6","Wisconsin","5/4/20","6","0","55085","0"
"Outagamie","4","73","Wisconsin","5/4/20","47","26","55087","55.32"
"Ozaukee","1","94","Wisconsin","5/4/20","86","8","55089","9.3"
"Pierce","0","10","Wisconsin","5/4/20","9","1","55093","11.11"
"Polk","0","4","Wisconsin","5/4/20","4","0","55095","0"
"Portage","0","7","Wisconsin","5/4/20","4","3","55097","75"
"Price","0","1","Wisconsin","5/4/20","1","0","55099","0"
"Racine","26","457","Wisconsin","5/4/20","273","184","55101","67.4"
"Richland","0","13","Wisconsin","5/4/20","11","2","55103","18.18"
"Rock","18","289","Wisconsin","5/4/20","164","125","55105","76.22"
"Rusk","0","4","Wisconsin","5/4/20","4","0","55107","0"
"Sauk","3","66","Wisconsin","5/4/20","42","24","55111","57.14"
"Sawyer","0","4","Wisconsin","5/4/20","3","1","55113","33.33"
"Shawano","1","16","Wisconsin","5/4/20","8","8","55115","100"
"Sheboygan","1","53","Wisconsin","5/4/20","46","7","55117","15.22"
"St. Croix","1","20","Wisconsin","5/4/20","13","7","55109","53.85"
"Trempealeau","0","4","Wisconsin","5/4/20","2","2","55121","100"
"Vernon","0","2","Wisconsin","5/4/20","1","1","55123","100"
"Vilas","0","4","Wisconsin","5/4/20","4","0","55125","0"
"Walworth","10","211","Wisconsin","5/4/20","138","73","55127","52.9"
"Washburn","0","1","Wisconsin","5/4/20","1","0","55129","0"
"Washington","1","104","Wisconsin","5/4/20","94","10","55131","10.64"
"Waukesha","8","367","Wisconsin","5/4/20","313","54","55133","17.25"
"Waupaca","0","10","Wisconsin","5/4/20","7","3","55135","42.86"
"Waushara","0","2","Wisconsin","5/4/20","2","0","55137","0"
"Winnebago","3","72","Wisconsin","5/4/20","48","24","55139","50"
"Wood","0","2","Wisconsin","5/4/20","2","0","55141","0"
"Albany","0","8","Wyoming","5/4/20","7","1","56001","14.29"
"Big Horn","0","3","Wyoming","5/4/20","2","1","56003","50"
"Campbell","0","24","Wyoming","5/4/20","23","1","56005","4.35"
"Carbon","0","5","Wyoming","5/4/20","4","1","56007","25"
"Converse","1","23","Wyoming","5/4/20","17","6","56009","35.29"
"Crook","0","5","Wyoming","5/4/20","5","0","56011","0"
"Fremont","4","137","Wyoming","5/4/20","106","31","56013","29.25"
"Goshen","0","4","Wyoming","5/4/20","4","0","56015","0"
"Hot Springs","0","3","Wyoming","5/4/20","3","0","56017","0"
"Johnson","0","15","Wyoming","5/4/20","15","0","56019","0"
"Laramie","4","158","Wyoming","5/4/20","128","30","56021","23.44"
"Lincoln","0","9","Wyoming","5/4/20","9","0","56023","0"
"Natrona","0","48","Wyoming","5/4/20","49","-1","56025","-2.04"
"Niobrara","0","2","Wyoming","5/4/20","2","0","56027","0"
"Park","0","1","Wyoming","5/4/20","1","0","56029","0"
"Sheridan","0","16","Wyoming","5/4/20","16","0","56033","0"
"Sublette","0","3","Wyoming","5/4/20","3","0","56035","0"
"Sweetwater","0","18","Wyoming","5/4/20","16","2","56037","12.5"
"Teton","0","98","Wyoming","5/4/20","95","3","56039","3.16"
"Uinta","0","8","Wyoming","5/4/20","7","1","56041","14.29"
"Washakie","0","8","Wyoming","5/4/20","8","0","56043","0"
