"Locality","DailyAvgNewCasesPast7Days","TotalCases","State","Date","TotalCases7DaysAgo","NewCasesPast7Days","FIPS-Code","PercentIncreaseTotalCasesPast7Days"
"Autauga","2","58","Alabama","5/6/20","43","15","01001","34.88"
"Baldwin","3","196","Alabama","5/6/20","174","22","01003","12.64"
"Barbour","1","47","Alabama","5/6/20","37","10","01005","27.03"
"Bibb","0","43","Alabama","5/6/20","42","1","01007","2.38"
"Blount","1","42","Alabama","5/6/20","36","6","01009","16.67"
"Bullock","1","18","Alabama","5/6/20","12","6","01011","50"
"Butler","11","130","Alabama","5/6/20","50","80","01013","160"
"Calhoun","3","114","Alabama","5/6/20","93","21","01015","22.58"
"Chambers","2","306","Alabama","5/6/20","293","13","01017","4.44"
"Cherokee","0","18","Alabama","5/6/20","15","3","01019","20"
"Chilton","1","61","Alabama","5/6/20","53","8","01021","15.09"
"Choctaw","2","54","Alabama","5/6/20","39","15","01023","38.46"
"Clarke","2","45","Alabama","5/6/20","30","15","01025","50"
"Clay","1","25","Alabama","5/6/20","21","4","01027","19.05"
"Cleburne","0","13","Alabama","5/6/20","12","1","01029","8.33"
"Coffee","4","138","Alabama","5/6/20","107","31","01031","28.97"
"Colbert","2","44","Alabama","5/6/20","27","17","01033","62.96"
"Conecuh","0","9","Alabama","5/6/20","9","0","01035","0"
"Coosa","0","31","Alabama","5/6/20","31","0","01037","0"
"Covington","1","46","Alabama","5/6/20","36","10","01039","27.78"
"Crenshaw","2","28","Alabama","5/6/20","17","11","01041","64.71"
"Cullman","1","59","Alabama","5/6/20","55","4","01043","7.27"
"Dale","1","34","Alabama","5/6/20","25","9","01045","36"
"Dallas","6","76","Alabama","5/6/20","37","39","01047","105.41"
"DeKalb","5","109","Alabama","5/6/20","77","32","01049","41.56"
"Elmore","5","121","Alabama","5/6/20","84","37","01051","44.05"
"Escambia","0","30","Alabama","5/6/20","27","3","01053","11.11"
"Etowah","3","158","Alabama","5/6/20","139","19","01055","13.67"
"Fayette","0","6","Alabama","5/6/20","6","0","01057","0"
"Franklin","17","164","Alabama","5/6/20","45","119","01059","264.44"
"Geneva","0","11","Alabama","5/6/20","9","2","01061","22.22"
"Greene","2","64","Alabama","5/6/20","50","14","01063","28"
"Hale","2","60","Alabama","5/6/20","43","17","01065","39.53"
"Henry","1","27","Alabama","5/6/20","23","4","01067","17.39"
"Houston","2","99","Alabama","5/6/20","87","12","01069","13.79"
"Jackson","1","53","Alabama","5/6/20","47","6","01071","12.77"
"Jefferson","24","1048","Alabama","5/6/20","880","168","01073","19.09"
"Lamar","0","13","Alabama","5/6/20","10","3","01075","30"
"Lauderdale","6","71","Alabama","5/6/20","31","40","01077","129.03"
"Lawrence","1","17","Alabama","5/6/20","12","5","01079","41.67"
"Lee","3","410","Alabama","5/6/20","386","24","01081","6.22"
"Limestone","1","49","Alabama","5/6/20","44","5","01083","11.36"
"Lowndes","4","82","Alabama","5/6/20","57","25","01085","43.86"
"Macon","1","42","Alabama","5/6/20","36","6","01087","16.67"
"Madison","2","238","Alabama","5/6/20","224","14","01089","6.25"
"Marengo","3","68","Alabama","5/6/20","46","22","01091","47.83"
"Marion","2","92","Alabama","5/6/20","76","16","01093","21.05"
"Marshall","22","470","Alabama","5/6/20","316","154","01095","48.73"
"Mobile","40","1311","Alabama","5/6/20","1033","278","01097","26.91"
"Monroe","0","15","Alabama","5/6/20","12","3","01099","25"
"Montgomery","23","477","Alabama","5/6/20","316","161","01101","50.95"
"Morgan","2","81","Alabama","5/6/20","68","13","01103","19.12"
"Perry","1","16","Alabama","5/6/20","9","7","01105","77.78"
"Pickens","1","58","Alabama","5/6/20","48","10","01107","20.83"
"Pike","2","84","Alabama","5/6/20","67","17","01109","25.37"
"Randolph","4","91","Alabama","5/6/20","62","29","01111","46.77"
"Russell","2","66","Alabama","5/6/20","55","11","01113","20"
"Shelby","3","339","Alabama","5/6/20","320","19","01117","5.94"
"St. Clair","1","77","Alabama","5/6/20","70","7","01115","10"
"Sumter","4","87","Alabama","5/6/20","56","31","01119","55.36"
"Talladega","1","67","Alabama","5/6/20","59","8","01121","13.56"
"Tallapoosa","3","304","Alabama","5/6/20","282","22","01123","7.8"
"Tuscaloosa","7","248","Alabama","5/6/20","202","46","01125","22.77"
"Walker","1","101","Alabama","5/6/20","95","6","01127","6.32"
"Washington","1","42","Alabama","5/6/20","34","8","01129","23.53"
"Wilcox","2","73","Alabama","5/6/20","62","11","01131","17.74"
"Winston","1","17","Alabama","5/6/20","13","4","01133","30.77"
"Anchorage","2","190","Alaska","5/6/20","179","11","02020","6.15"
"Bethel","0","1","Alaska","5/6/20","1","0","02050","0"
"Fairbanks North Star","0","83","Alaska","5/6/20","81","2","02090","2.47"
"Juneau","0","27","Alaska","5/6/20","27","0","02110","0"
"Kenai Peninsula","0","22","Alaska","5/6/20","19","3","02122","15.79"
"Ketchikan Gateway","0","16","Alaska","5/6/20","16","0","02130","0"
"Kodiak Island","0","1","Alaska","5/6/20","1","0","02150","0"
"Matanuska-Susitna","0","21","Alaska","5/6/20","21","0","02170","0"
"Nome","0","1","Alaska","5/6/20","1","0","02180","0"
"Petersburg","0","4","Alaska","5/6/20","4","0","02195","0"
"Prince of Wales-Hyder","0","2","Alaska","5/6/20","2","0","02198","0"
"Sitka","0","1","Alaska","5/6/20","1","0","02220","0"
"Southeast Fairbanks","0","2","Alaska","5/6/20","1","1","02240","100"
"Yukon-Koyukuk","0","1","Alaska","5/6/20","1","0","02290","0"
"Apache","31","612","Arizona","5/6/20","392","220","04001","56.12"
"Cochise","0","40","Arizona","5/6/20","38","2","04003","5.26"
"Coconino","19","588","Arizona","5/6/20","453","135","04005","29.8"
"Gila","0","15","Arizona","5/6/20","12","3","04007","25"
"Graham","1","19","Arizona","5/6/20","10","9","04009","90"
"Greenlee","0","2","Arizona","5/6/20","2","0","04011","0"
"La Paz","1","18","Arizona","5/6/20","8","10","04012","125"
"Maricopa","202","5138","Arizona","5/6/20","3723","1415","04013","38.01"
"Mohave","6","150","Arizona","5/6/20","105","45","04015","42.86"
"Navajo","30","892","Arizona","5/6/20","682","210","04017","30.79"
"Pima","30","1425","Arizona","5/6/20","1215","210","04019","17.28"
"Pinal","16","497","Arizona","5/6/20","387","110","04021","28.42"
"Santa Cruz","1","37","Arizona","5/6/20","31","6","04023","19.35"
"Yavapai","9","140","Arizona","5/6/20","79","61","04025","77.22"
"Yuma","9","134","Arizona","5/6/20","72","62","04027","86.11"
"Arkansas","0","2","Arkansas","5/6/20","2","0","05001","0"
"Ashley","1","17","Arkansas","5/6/20","13","4","05003","30.77"
"Baxter","0","5","Arkansas","5/6/20","5","0","05005","0"
"Benton","1","111","Arkansas","5/6/20","101","10","05007","9.9"
"Boone","0","4","Arkansas","5/6/20","5","-1","05009","-20"
"Bradley","0","11","Arkansas","5/6/20","11","0","05011","0"
"Carroll","0","6","Arkansas","5/6/20","5","1","05015","20"
"Chicot","0","10","Arkansas","5/6/20","9","1","05017","11.11"
"Clark","1","32","Arkansas","5/6/20","27","5","05019","18.52"
"Clay","0","3","Arkansas","5/6/20","3","0","05021","0"
"Cleburne","0","72","Arkansas","5/6/20","73","-1","05023","-1.37"
"Cleveland","0","11","Arkansas","5/6/20","10","1","05025","10"
"Columbia","0","15","Arkansas","5/6/20","12","3","05027","25"
"Conway","0","13","Arkansas","5/6/20","13","0","05029","0"
"Craighead","2","88","Arkansas","5/6/20","73","15","05031","20.55"
"Crawford","0","4","Arkansas","5/6/20","4","0","05033","0"
"Crittenden","3","202","Arkansas","5/6/20","180","22","05035","12.22"
"Cross","2","27","Arkansas","5/6/20","16","11","05037","68.75"
"Dallas","0","1","Arkansas","5/6/20","1","0","05039","0"
"Desha","0","17","Arkansas","5/6/20","16","1","05041","6.25"
"Drew","1","19","Arkansas","5/6/20","14","5","05043","35.71"
"Faulkner","0","78","Arkansas","5/6/20","76","2","05045","2.63"
"Franklin","0","2","Arkansas","5/6/20","2","0","05047","0"
"Fulton","0","3","Arkansas","5/6/20","1","2","05049","200"
"Garland","0","117","Arkansas","5/6/20","115","2","05051","1.74"
"Grant","0","14","Arkansas","5/6/20","13","1","05053","7.69"
"Greene","1","21","Arkansas","5/6/20","16","5","05055","31.25"
"Hempstead","0","7","Arkansas","5/6/20","6","1","05057","16.67"
"Hot Spring","1","22","Arkansas","5/6/20","16","6","05059","37.5"
"Howard","0","14","Arkansas","5/6/20","13","1","05061","7.69"
"Independence","0","11","Arkansas","5/6/20","9","2","05063","22.22"
"Izard","1","11","Arkansas","5/6/20","5","6","05065","120"
"Jackson","0","1","Arkansas","5/6/20","1","0","05067","0"
"Jefferson","7","217","Arkansas","5/6/20","168","49","05069","29.17"
"Johnson","0","31","Arkansas","5/6/20","29","2","05071","6.9"
"Lafayette","0","9","Arkansas","5/6/20","7","2","05073","28.57"
"Lawrence","3","69","Arkansas","5/6/20","46","23","05075","50"
"Lee","0","4","Arkansas","5/6/20","3","1","05077","33.33"
"Lincoln","18","883","Arkansas","5/6/20","756","127","05079","16.8"
"Logan","0","3","Arkansas","5/6/20","3","0","05083","0"
"Lonoke","0","44","Arkansas","5/6/20","41","3","05085","7.32"
"Madison","0","1","Arkansas","5/6/20","1","0","05087","0"
"Marion","0","1","Arkansas","5/6/20","1","0","05089","0"
"Miller","0","35","Arkansas","5/6/20","33","2","05091","6.06"
"Mississippi","4","42","Arkansas","5/6/20","15","27","05093","180"
"Monroe","0","4","Arkansas","5/6/20","4","0","05095","0"
"Montgomery","0","1","Arkansas","5/6/20","1","0","05097","0"
"Nevada","0","2","Arkansas","5/6/20","1","1","05099","100"
"Newton","0","3","Arkansas","5/6/20","3","0","05101","0"
"Ouachita","0","7","Arkansas","5/6/20","6","1","05103","16.67"
"Perry","0","7","Arkansas","5/6/20","6","1","05105","16.67"
"Phillips","0","5","Arkansas","5/6/20","5","0","05107","0"
"Pike","0","3","Arkansas","5/6/20","3","0","05109","0"
"Poinsett","1","25","Arkansas","5/6/20","19","6","05111","31.58"
"Polk","0","7","Arkansas","5/6/20","8","-1","05113","-12.5"
"Pope","0","46","Arkansas","5/6/20","43","3","05115","6.98"
"Prairie","0","2","Arkansas","5/6/20","2","0","05117","0"
"Pulaski","11","576","Arkansas","5/6/20","500","76","05119","15.2"
"Randolph","1","21","Arkansas","5/6/20","17","4","05121","23.53"
"Saline","1","67","Arkansas","5/6/20","59","8","05125","13.56"
"Scott","0","1","Arkansas","5/6/20","1","0","05127","0"
"Searcy","0","6","Arkansas","5/6/20","6","0","05129","0"
"Sebastian","0","14","Arkansas","5/6/20","12","2","05131","16.67"
"Sevier","0","14","Arkansas","5/6/20","11","3","05133","27.27"
"Sharp","0","7","Arkansas","5/6/20","6","1","05135","16.67"
"St. Francis","2","98","Arkansas","5/6/20","83","15","05123","18.07"
"Stone","0","8","Arkansas","5/6/20","7","1","05137","14.29"
"Union","3","67","Arkansas","5/6/20","44","23","05139","52.27"
"Van Buren","0","28","Arkansas","5/6/20","28","0","05141","0"
"Washington","1","94","Arkansas","5/6/20","84","10","05143","11.9"
"White","0","35","Arkansas","5/6/20","33","2","05145","6.06"
"Woodruff","0","1","Arkansas","5/6/20","1","0","05147","0"
"Yell","1","7","Arkansas","5/6/20","3","4","05149","133.33"
"Alameda","42","1863","California","5/6/20","1568","295","06001","18.81"
"Alpine","0","2","California","5/6/20","2","0","06003","0"
"Amador","0","8","California","5/6/20","8","0","06005","0"
"Butte","0","18","California","5/6/20","16","2","06007","12.5"
"Calaveras","0","13","California","5/6/20","13","0","06009","0"
"Colusa","0","3","California","5/6/20","3","0","06011","0"
"Contra Costa","18","985","California","5/6/20","862","123","06013","14.27"
"Del Norte","0","3","California","5/6/20","3","0","06015","0"
"El Dorado","1","54","California","5/6/20","44","10","06017","22.73"
"Fresno","34","777","California","5/6/20","538","239","06019","44.42"
"Glenn","0","5","California","5/6/20","5","0","06021","0"
"Humboldt","0","55","California","5/6/20","54","1","06023","1.85"
"Imperial","14","419","California","5/6/20","319","100","06025","31.35"
"Inyo","0","19","California","5/6/20","19","0","06027","0"
"Kern","30","1073","California","5/6/20","866","207","06029","23.9"
"Kings","22","233","California","5/6/20","79","154","06031","194.94"
"Lake","0","8","California","5/6/20","6","2","06033","33.33"
"Los Angeles","883","28665","California","5/6/20","22485","6180","06037","27.48"
"Madera","1","55","California","5/6/20","46","9","06039","19.57"
"Marin","3","247","California","5/6/20","226","21","06041","9.29"
"Mariposa","2","15","California","5/6/20","1","14","06043","1400"
"Mendocino","0","12","California","5/6/20","12","0","06045","0"
"Merced","5","152","California","5/6/20","118","34","06047","28.81"
"Mono","0","27","California","5/6/20","26","1","06051","3.85"
"Monterey","7","241","California","5/6/20","191","50","06053","26.18"
"Napa","2","78","California","5/6/20","67","11","06055","16.42"
"Nevada","0","41","California","5/6/20","41","0","06057","0"
"Orange","107","3004","California","5/6/20","2252","752","06059","33.39"
"Placer","3","163","California","5/6/20","145","18","06061","12.41"
"Plumas","0","4","California","5/6/20","4","0","06063","0"
"Riverside","104","4672","California","5/6/20","3942","730","06065","18.52"
"Sacramento","11","1142","California","5/6/20","1068","74","06067","6.93"
"San Benito","0","53","California","5/6/20","50","3","06069","6"
"San Bernardino","72","2432","California","5/6/20","1928","504","06071","26.14"
"San Diego","127","4319","California","5/6/20","3432","887","06073","25.84"
"San Francisco","38","1754","California","5/6/20","1490","264","06075","17.72"
"San Joaquin","6","579","California","5/6/20","540","39","06077","7.22"
"San Luis Obispo","4","208","California","5/6/20","181","27","06079","14.92"
"San Mateo","29","1341","California","5/6/20","1136","205","06081","18.05"
"Santa Barbara","18","613","California","5/6/20","485","128","06083","26.39"
"Santa Clara","19","2268","California","5/6/20","2134","134","06085","6.28"
"Santa Cruz","2","138","California","5/6/20","127","11","06087","8.66"
"Shasta","0","31","California","5/6/20","31","0","06089","0"
"Siskiyou","0","5","California","5/6/20","5","0","06093","0"
"Solano","12","337","California","5/6/20","254","83","06095","32.68"
"Sonoma","6","272","California","5/6/20","228","44","06097","19.3"
"Stanislaus","17","461","California","5/6/20","339","122","06099","35.99"
"Sutter","0","31","California","5/6/20","30","1","06101","3.33"
"Tehama","0","1","California","5/6/20","1","0","06103","0"
"Tulare","41","916","California","5/6/20","626","290","06107","46.33"
"Tuolumne","0","2","California","5/6/20","4","-2","06109","-50"
"Ventura","13","608","California","5/6/20","517","91","06111","17.6"
"Yolo","1","172","California","5/6/20","163","9","06113","5.52"
"Yuba","0","19","California","5/6/20","17","2","06115","11.76"
"Adams","66","1952","Colorado","5/6/20","1490","462","08001","31.01"
"Alamosa","2","22","Colorado","5/6/20","10","12","08003","120"
"Arapahoe","84","2977","Colorado","5/6/20","2389","588","08005","24.61"
"Archuleta","0","8","Colorado","5/6/20","8","0","08007","0"
"Baca","0","12","Colorado","5/6/20","10","2","08009","20"
"Boulder","19","700","Colorado","5/6/20","565","135","08013","23.89"
"Broomfield","5","180","Colorado","5/6/20","147","33","08014","22.45"
"Chaffee","0","68","Colorado","5/6/20","66","2","08015","3.03"
"Clear Creek","0","13","Colorado","5/6/20","13","0","08019","0"
"Costilla","0","3","Colorado","5/6/20","3","0","08023","0"
"Crowley","0","4","Colorado","5/6/20","2","2","08025","100"
"Custer","0","2","Colorado","5/6/20","2","0","08027","0"
"Delta","1","52","Colorado","5/6/20","43","9","08029","20.93"
"Denver","112","3674","Colorado","5/6/20","2890","784","08031","27.13"
"Douglas","13","556","Colorado","5/6/20","468","88","08035","18.8"
"Eagle","1","552","Colorado","5/6/20","546","6","08037","1.1"
"El Paso","21","1055","Colorado","5/6/20","907","148","08041","16.32"
"Elbert","1","37","Colorado","5/6/20","28","9","08039","32.14"
"Fremont","0","22","Colorado","5/6/20","22","0","08043","0"
"Garfield","1","99","Colorado","5/6/20","91","8","08045","8.79"
"Gilpin","0","1","Colorado","5/6/20","1","0","08047","0"
"Grand","0","5","Colorado","5/6/20","5","0","08049","0"
"Gunnison","2","172","Colorado","5/6/20","161","11","08051","6.83"
"Hinsdale","0","3","Colorado","5/6/20","3","0","08053","0"
"Huerfano","0","2","Colorado","5/6/20","2","0","08055","0"
"Jefferson","28","1507","Colorado","5/6/20","1314","193","08059","14.69"
"Kit Carson","1","24","Colorado","5/6/20","20","4","08063","20"
"La Plata","0","63","Colorado","5/6/20","62","1","08067","1.61"
"Lake","1","21","Colorado","5/6/20","17","4","08065","23.53"
"Larimer","10","415","Colorado","5/6/20","348","67","08069","19.25"
"Las Animas","0","4","Colorado","5/6/20","3","1","08071","33.33"
"Lincoln","0","3","Colorado","5/6/20","3","0","08073","0"
"Logan","4","295","Colorado","5/6/20","270","25","08075","9.26"
"Mesa","1","50","Colorado","5/6/20","44","6","08077","13.64"
"Mineral","0","2","Colorado","5/6/20","2","0","08079","0"
"Moffat","0","6","Colorado","5/6/20","6","0","08081","0"
"Montezuma","0","19","Colorado","5/6/20","16","3","08083","18.75"
"Montrose","2","110","Colorado","5/6/20","96","14","08085","14.58"
"Morgan","12","439","Colorado","5/6/20","358","81","08087","22.63"
"Otero","0","10","Colorado","5/6/20","8","2","08089","25"
"Ouray","0","5","Colorado","5/6/20","5","0","08091","0"
"Park","1","15","Colorado","5/6/20","11","4","08093","36.36"
"Phillips","0","6","Colorado","5/6/20","6","0","08095","0"
"Pitkin","-1","53","Colorado","5/6/20","62","-9","08097","-14.52"
"Prowers","1","8","Colorado","5/6/20","1","7","08099","700"
"Pueblo","4","161","Colorado","5/6/20","136","25","08101","18.38"
"Rio Blanco","0","1","Colorado","5/6/20","1","0","08103","0"
"Rio Grande","0","7","Colorado","5/6/20","7","0","08105","0"
"Routt","1","58","Colorado","5/6/20","54","4","08107","7.41"
"Saguache","0","3","Colorado","5/6/20","4","-1","08109","-25"
"San Juan","0","1","Colorado","5/6/20","0","1","08111","1"
"San Miguel","0","20","Colorado","5/6/20","19","1","08113","5.26"
"Summit","5","155","Colorado","5/6/20","121","34","08117","28.1"
"Teller","0","30","Colorado","5/6/20","28","2","08119","7.14"
"Washington","0","9","Colorado","5/6/20","7","2","08121","28.57"
"Weld","41","1988","Colorado","5/6/20","1704","284","08123","16.67"
"Yuma","0","9","Colorado","5/6/20","8","1","08125","12.5"
"Fairfield","210","12455","Connecticut","5/6/20","10985","1470","09001","13.38"
"Hartford","163","6530","Connecticut","5/6/20","5388","1142","09003","21.2"
"Litchfield","24","1085","Connecticut","5/6/20","919","166","09005","18.06"
"Middlesex","16","742","Connecticut","5/6/20","631","111","09007","17.59"
"New Haven","173","8419","Connecticut","5/6/20","7205","1214","09009","16.85"
"New London","23","704","Connecticut","5/6/20","540","164","09011","30.37"
"Tolland","12","513","Connecticut","5/6/20","427","86","09013","20.14"
"Windham","11","242","Connecticut","5/6/20","165","77","09015","46.67"
"Kent","21","891","Delaware","5/6/20","743","148","10001","19.92"
"New Castle","53","2087","Delaware","5/6/20","1717","370","10003","21.55"
"Sussex","85","2764","Delaware","5/6/20","2169","595","10005","27.43"
"","0","49","Diamond Princess","5/6/20","49","0",,"0"
"District of Columbia","194","5461","District of Columbia","5/6/20","4106","1355","11001","33"
"Alachua","5","295","Florida","5/6/20","262","33","12001","12.6"
"Baker","0","22","Florida","5/6/20","20","2","12003","10"
"Bay","1","76","Florida","5/6/20","70","6","12005","8.57"
"Bradford","0","48","Florida","5/6/20","46","2","12007","4.35"
"Brevard","7","320","Florida","5/6/20","270","50","12009","18.52"
"Broward","94","5553","Florida","5/6/20","4898","655","12011","13.37"
"Calhoun","2","19","Florida","5/6/20","8","11","12013","137.5"
"Charlotte","10","294","Florida","5/6/20","223","71","12015","31.84"
"Citrus","1","101","Florida","5/6/20","97","4","12017","4.12"
"Clay","2","288","Florida","5/6/20","272","16","12019","5.88"
"Collier","14","677","Florida","5/6/20","581","96","12021","16.52"
"Columbia","6","96","Florida","5/6/20","57","39","12023","68.42"
"DeSoto","2","42","Florida","5/6/20","28","14","12027","50"
"Dixie","1","10","Florida","5/6/20","6","4","12029","66.67"
"Duval","10","1077","Florida","5/6/20","1007","70","12031","6.95"
"Escambia","15","604","Florida","5/6/20","496","108","12033","21.77"
"Flagler","1","142","Florida","5/6/20","133","9","12035","6.77"
"Franklin","0","2","Florida","5/6/20","2","0","12037","0"
"Gadsden","4","120","Florida","5/6/20","94","26","12039","27.66"
"Gilchrist","0","6","Florida","5/6/20","4","2","12041","50"
"Glades","0","6","Florida","5/6/20","6","0","12043","0"
"Gulf","0","1","Florida","5/6/20","1","0","12045","0"
"Hamilton","0","7","Florida","5/6/20","6","1","12047","16.67"
"Hardee","3","34","Florida","5/6/20","16","18","12049","112.5"
"Hendry","6","120","Florida","5/6/20","80","40","12051","50"
"Hernando","1","97","Florida","5/6/20","89","8","12053","8.99"
"Highlands","1","87","Florida","5/6/20","81","6","12055","7.41"
"Hillsborough","32","1331","Florida","5/6/20","1105","226","12057","20.45"
"Holmes","0","10","Florida","5/6/20","9","1","12059","11.11"
"Indian River","1","99","Florida","5/6/20","90","9","12061","10"
"Jackson","1","23","Florida","5/6/20","14","9","12063","64.29"
"Jefferson","0","28","Florida","5/6/20","28","0","12065","0"
"Lafayette","0","3","Florida","5/6/20","1","2","12067","200"
"Lake","1","236","Florida","5/6/20","227","9","12069","3.96"
"Lee","25","1176","Florida","5/6/20","1003","173","12071","17.25"
"Leon","4","243","Florida","5/6/20","214","29","12073","13.55"
"Levy","0","20","Florida","5/6/20","18","2","12075","11.11"
"Liberty","10","70","Florida","5/6/20","3","67","12077","2233.33"
"Madison","2","61","Florida","5/6/20","49","12","12079","24.49"
"Manatee","22","722","Florida","5/6/20","567","155","12081","27.34"
"Marion","4","196","Florida","5/6/20","165","31","12083","18.79"
"Martin","5","224","Florida","5/6/20","186","38","12085","20.43"
"Miami-Dade","206","13371","Florida","5/6/20","11927","1444","12086","12.11"
"Monroe","0","80","Florida","5/6/20","78","2","12087","2.56"
"Nassau","1","60","Florida","5/6/20","56","4","12089","7.14"
"Okaloosa","1","162","Florida","5/6/20","153","9","12091","5.88"
"Okeechobee","1","18","Florida","5/6/20","10","8","12093","80"
"Orange","13","1460","Florida","5/6/20","1371","89","12095","6.49"
"Osceola","7","529","Florida","5/6/20","479","50","12097","10.44"
"Palm Beach","81","3480","Florida","5/6/20","2911","569","12099","19.55"
"Pasco","6","285","Florida","5/6/20","241","44","12101","18.26"
"Pinellas","12","801","Florida","5/6/20","718","83","12103","11.56"
"Polk","14","564","Florida","5/6/20","468","96","12105","20.51"
"Putnam","2","120","Florida","5/6/20","103","17","12107","16.5"
"Santa Rosa","1","158","Florida","5/6/20","153","5","12113","3.27"
"Sarasota","10","405","Florida","5/6/20","338","67","12115","19.82"
"Seminole","5","408","Florida","5/6/20","373","35","12117","9.38"
"St. Johns","1","216","Florida","5/6/20","207","9","12109","4.35"
"St. Lucie","4","265","Florida","5/6/20","239","26","12111","10.88"
"Sumter","8","234","Florida","5/6/20","176","58","12119","32.95"
"Suwannee","2","143","Florida","5/6/20","129","14","12121","10.85"
"Taylor","0","3","Florida","5/6/20","3","0","12123","0"
"Union","0","5","Florida","5/6/20","4","1","12125","25"
"Volusia","11","526","Florida","5/6/20","448","78","12127","17.41"
"Wakulla","1","29","Florida","5/6/20","22","7","12129","31.82"
"Walton","2","51","Florida","5/6/20","35","16","12131","45.71"
"Washington","0","12","Florida","5/6/20","12","0","12133","0"
"Appling","2","78","Georgia","5/6/20","65","13","13001","20"
"Atkinson","1","17","Georgia","5/6/20","7","10","13003","142.86"
"Bacon","1","29","Georgia","5/6/20","22","7","13005","31.82"
"Baker","1","28","Georgia","5/6/20","22","6","13007","27.27"
"Baldwin","8","263","Georgia","5/6/20","210","53","13009","25.24"
"Banks","2","32","Georgia","5/6/20","20","12","13011","60"
"Barrow","9","197","Georgia","5/6/20","131","66","13013","50.38"
"Bartow","7","359","Georgia","5/6/20","308","51","13015","16.56"
"Ben Hill","2","36","Georgia","5/6/20","25","11","13017","44"
"Berrien","0","19","Georgia","5/6/20","18","1","13019","5.56"
"Bibb","9","367","Georgia","5/6/20","302","65","13021","21.52"
"Bleckley","1","21","Georgia","5/6/20","12","9","13023","75"
"Brantley","0","22","Georgia","5/6/20","22","0","13025","0"
"Brooks","1","64","Georgia","5/6/20","55","9","13027","16.36"
"Bryan","1","57","Georgia","5/6/20","51","6","13029","11.76"
"Bulloch","1","42","Georgia","5/6/20","36","6","13031","16.67"
"Burke","1","89","Georgia","5/6/20","84","5","13033","5.95"
"Butts","4","163","Georgia","5/6/20","134","29","13035","21.64"
"Calhoun","3","109","Georgia","5/6/20","90","19","13037","21.11"
"Camden","0","34","Georgia","5/6/20","32","2","13039","6.25"
"Candler","0","7","Georgia","5/6/20","7","0","13043","0"
"Carroll","6","391","Georgia","5/6/20","346","45","13045","13.01"
"Catoosa","1","52","Georgia","5/6/20","47","5","13047","10.64"
"Charlton","1","13","Georgia","5/6/20","9","4","13049","44.44"
"Chatham","9","282","Georgia","5/6/20","221","61","13051","27.6"
"Chattahoochee","0","12","Georgia","5/6/20","11","1","13053","9.09"
"Chattooga","0","15","Georgia","5/6/20","16","-1","13055","-6.25"
"Cherokee","13","544","Georgia","5/6/20","456","88","13057","19.3"
"Clarke","4","174","Georgia","5/6/20","144","30","13059","20.83"
"Clay","1","27","Georgia","5/6/20","21","6","13061","28.57"
"Clayton","23","849","Georgia","5/6/20","691","158","13063","22.87"
"Clinch","1","16","Georgia","5/6/20","8","8","13065","100"
"Cobb","61","1999","Georgia","5/6/20","1571","428","13067","27.24"
"Coffee","5","159","Georgia","5/6/20","127","32","13069","25.2"
"Colquitt","2","198","Georgia","5/6/20","182","16","13071","8.79"
"Columbia","2","170","Georgia","5/6/20","155","15","13073","9.68"
"Cook","1","31","Georgia","5/6/20","22","9","13075","40.91"
"Coweta","7","247","Georgia","5/6/20","195","52","13077","26.67"
"Crawford","1","19","Georgia","5/6/20","15","4","13079","26.67"
"Crisp","2","178","Georgia","5/6/20","163","15","13081","9.2"
"Dade","0","17","Georgia","5/6/20","14","3","13083","21.43"
"Dawson","2","72","Georgia","5/6/20","59","13","13085","22.03"
"Decatur","4","105","Georgia","5/6/20","80","25","13087","31.25"
"DeKalb","55","2357","Georgia","5/6/20","1970","387","13089","19.64"
"Dodge","1","32","Georgia","5/6/20","26","6","13091","23.08"
"Dooly","2","133","Georgia","5/6/20","122","11","13093","9.02"
"Dougherty","8","1555","Georgia","5/6/20","1499","56","13095","3.74"
"Douglas","7","363","Georgia","5/6/20","311","52","13097","16.72"
"Early","1","221","Georgia","5/6/20","214","7","13099","3.27"
"Echols","0","5","Georgia","5/6/20","5","0","13101","0"
"Effingham","1","38","Georgia","5/6/20","34","4","13103","11.76"
"Elbert","2","33","Georgia","5/6/20","22","11","13105","50"
"Emanuel","0","22","Georgia","5/6/20","21","1","13107","4.76"
"Evans","0","5","Georgia","5/6/20","4","1","13109","25"
"Fannin","1","33","Georgia","5/6/20","28","5","13111","17.86"
"Fayette","2","188","Georgia","5/6/20","174","14","13113","8.05"
"Floyd","2","152","Georgia","5/6/20","139","13","13115","9.35"
"Forsyth","9","356","Georgia","5/6/20","290","66","13117","22.76"
"Franklin","1","25","Georgia","5/6/20","17","8","13119","47.06"
"Fulton","69","3251","Georgia","5/6/20","2770","481","13121","17.36"
"Gilmer","3","83","Georgia","5/6/20","64","19","13123","29.69"
"Glynn","2","68","Georgia","5/6/20","55","13","13127","23.64"
"Gordon","4","118","Georgia","5/6/20","89","29","13129","32.58"
"Grady","2","75","Georgia","5/6/20","63","12","13131","19.05"
"Greene","0","55","Georgia","5/6/20","54","1","13133","1.85"
"Gwinnett","72","2222","Georgia","5/6/20","1720","502","13135","29.19"
"Habersham","21","376","Georgia","5/6/20","231","145","13137","62.77"
"Hall","96","1914","Georgia","5/6/20","1242","672","13139","54.11"
"Hancock","10","110","Georgia","5/6/20","40","70","13141","175"
"Haralson","0","31","Georgia","5/6/20","28","3","13143","10.71"
"Harris","0","60","Georgia","5/6/20","59","1","13145","1.69"
"Hart","1","15","Georgia","5/6/20","10","5","13147","50"
"Heard","1","14","Georgia","5/6/20","9","5","13149","55.56"
"Henry","8","546","Georgia","5/6/20","492","54","13151","10.98"
"Houston","8","274","Georgia","5/6/20","221","53","13153","23.98"
"Irwin","1","20","Georgia","5/6/20","15","5","13155","33.33"
"Jackson","5","117","Georgia","5/6/20","84","33","13157","39.29"
"Jasper","1","26","Georgia","5/6/20","22","4","13159","18.18"
"Jeff Davis","1","22","Georgia","5/6/20","15","7","13161","46.67"
"Jefferson","0","17","Georgia","5/6/20","14","3","13163","21.43"
"Jenkins","0","17","Georgia","5/6/20","16","1","13165","6.25"
"Johnson","4","64","Georgia","5/6/20","39","25","13167","64.1"
"Jones","0","31","Georgia","5/6/20","28","3","13169","10.71"
"Lamar","0","39","Georgia","5/6/20","37","2","13171","5.41"
"Lanier","0","10","Georgia","5/6/20","8","2","13173","25"
"Laurens","2","70","Georgia","5/6/20","54","16","13175","29.63"
"Lee","3","338","Georgia","5/6/20","314","24","13177","7.64"
"Liberty","0","39","Georgia","5/6/20","37","2","13179","5.41"
"Lincoln","0","12","Georgia","5/6/20","12","0","13181","0"
"Long","0","5","Georgia","5/6/20","4","1","13183","25"
"Lowndes","3","170","Georgia","5/6/20","152","18","13185","11.84"
"Lumpkin","5","72","Georgia","5/6/20","40","32","13187","80"
"Macon","1","81","Georgia","5/6/20","75","6","13193","8"
"Madison","0","27","Georgia","5/6/20","24","3","13195","12.5"
"Marion","-1","37","Georgia","5/6/20","42","-5","13197","-11.9"
"McDuffie","1","50","Georgia","5/6/20","44","6","13189","13.64"
"McIntosh","0","5","Georgia","5/6/20","4","1","13191","25"
"Meriwether","1","59","Georgia","5/6/20","54","5","13199","9.26"
"Miller","0","30","Georgia","5/6/20","31","-1","13201","-3.23"
"Mitchell","4","336","Georgia","5/6/20","306","30","13205","9.8"
"Monroe","1","33","Georgia","5/6/20","23","10","13207","43.48"
"Montgomery","0","2","Georgia","5/6/20","2","0","13209","0"
"Morgan","0","30","Georgia","5/6/20","28","2","13211","7.14"
"Murray","1","35","Georgia","5/6/20","29","6","13213","20.69"
"Muscogee","8","348","Georgia","5/6/20","294","54","13215","18.37"
"Newton","6","232","Georgia","5/6/20","188","44","13217","23.4"
"Oconee","1","67","Georgia","5/6/20","59","8","13219","13.56"
"Oglethorpe","0","51","Georgia","5/6/20","49","2","13221","4.08"
"Out of GA","0","1017","Georgia","5/6/20","1018","-1","80013","-0.1"
"Paulding","5","212","Georgia","5/6/20","175","37","13223","21.14"
"Peach","2","61","Georgia","5/6/20","45","16","13225","35.56"
"Pickens","0","29","Georgia","5/6/20","26","3","13227","11.54"
"Pierce","1","58","Georgia","5/6/20","54","4","13229","7.41"
"Pike","0","40","Georgia","5/6/20","39","1","13231","2.56"
"Polk","1","64","Georgia","5/6/20","56","8","13233","14.29"
"Pulaski","1","33","Georgia","5/6/20","27","6","13235","22.22"
"Putnam","2","51","Georgia","5/6/20","37","14","13237","37.84"
"Quitman","0","6","Georgia","5/6/20","5","1","13239","20"
"Rabun","0","13","Georgia","5/6/20","12","1","13241","8.33"
"Randolph","1","167","Georgia","5/6/20","159","8","13243","5.03"
"Richmond","6","429","Georgia","5/6/20","389","40","13245","10.28"
"Rockdale","6","223","Georgia","5/6/20","178","45","13247","25.28"
"Schley","0","15","Georgia","5/6/20","16","-1","13249","-6.25"
"Screven","0","16","Georgia","5/6/20","15","1","13251","6.67"
"Seminole","0","32","Georgia","5/6/20","30","2","13253","6.67"
"Spalding","3","223","Georgia","5/6/20","205","18","13255","8.78"
"Stephens","3","91","Georgia","5/6/20","72","19","13257","26.39"
"Stewart","0","26","Georgia","5/6/20","23","3","13259","13.04"
"Sumter","1","385","Georgia","5/6/20","378","7","13261","1.85"
"Talbot","0","24","Georgia","5/6/20","24","0","13263","0"
"Taliaferro","0","1","Georgia","5/6/20","0","1","13265","1"
"Tattnall","0","9","Georgia","5/6/20","10","-1","13267","-10"
"Taylor","0","18","Georgia","5/6/20","17","1","13269","5.88"
"Telfair","0","28","Georgia","5/6/20","25","3","13271","12"
"Terrell","2","193","Georgia","5/6/20","177","16","13273","9.04"
"Thomas","6","219","Georgia","5/6/20","178","41","13275","23.03"
"Tift","4","136","Georgia","5/6/20","110","26","13277","23.64"
"Toombs","1","37","Georgia","5/6/20","30","7","13279","23.33"
"Towns","0","20","Georgia","5/6/20","21","-1","13281","-4.76"
"Treutlen","0","4","Georgia","5/6/20","3","1","13283","33.33"
"Troup","3","168","Georgia","5/6/20","145","23","13285","15.86"
"Turner","1","71","Georgia","5/6/20","67","4","13287","5.97"
"Twiggs","0","8","Georgia","5/6/20","8","0","13289","0"
"Union","0","32","Georgia","5/6/20","34","-2","13291","-5.88"
"Upson","5","245","Georgia","5/6/20","211","34","13293","16.11"
"Walker","0","61","Georgia","5/6/20","60","1","13295","1.67"
"Walton","3","143","Georgia","5/6/20","120","23","13297","19.17"
"Ware","4","145","Georgia","5/6/20","115","30","13299","26.09"
"Warren","0","13","Georgia","5/6/20","12","1","13301","8.33"
"Washington","1","46","Georgia","5/6/20","38","8","13303","21.05"
"Wayne","0","13","Georgia","5/6/20","12","1","13305","8.33"
"Webster","0","10","Georgia","5/6/20","10","0","13307","0"
"Wheeler","0","5","Georgia","5/6/20","4","1","13309","25"
"White","3","83","Georgia","5/6/20","59","24","13311","40.68"
"Whitfield","8","135","Georgia","5/6/20","79","56","13313","70.89"
"Wilcox","0","90","Georgia","5/6/20","89","1","13315","1.12"
"Wilkes","0","26","Georgia","5/6/20","24","2","13317","8.33"
"Wilkinson","1","41","Georgia","5/6/20","34","7","13319","20.59"
"Worth","4","175","Georgia","5/6/20","149","26","13321","17.45"
"","0","103","Grand Princess","5/6/20","103","0",,"0"
"","1","149","Guam","5/6/20","141","8",,"5.67"
"Hawaii","1","74","Hawaii","5/6/20","70","4","15001","5.71"
"Honolulu","1","405","Hawaii","5/6/20","399","6","15003","1.5"
"Kauai","0","21","Hawaii","5/6/20","21","0","15007","0"
"Maui","0","116","Hawaii","5/6/20","115","1","15009","0.87"
"Out of HI","0","10","Hawaii","5/6/20","8","2","80015","25"
"Ada","8","717","Idaho","5/6/20","662","55","16001","8.31"
"Adams","0","3","Idaho","5/6/20","3","0","16003","0"
"Bannock","0","12","Idaho","5/6/20","10","2","16005","20"
"Bingham","0","4","Idaho","5/6/20","3","1","16011","33.33"
"Blaine","0","499","Idaho","5/6/20","497","2","16013","0.4"
"Bonner","0","4","Idaho","5/6/20","4","0","16017","0"
"Bonneville","0","28","Idaho","5/6/20","27","1","16019","3.7"
"Camas","0","1","Idaho","5/6/20","1","0","16025","0"
"Canyon","3","270","Idaho","5/6/20","250","20","16027","8"
"Caribou","0","1","Idaho","5/6/20","1","0","16029","0"
"Cassia","0","13","Idaho","5/6/20","12","1","16031","8.33"
"Custer","0","2","Idaho","5/6/20","2","0","16037","0"
"Elmore","0","31","Idaho","5/6/20","30","1","16039","3.33"
"Fremont","0","3","Idaho","5/6/20","2","1","16043","50"
"Gem","0","14","Idaho","5/6/20","12","2","16045","16.67"
"Gooding","1","14","Idaho","5/6/20","9","5","16047","55.56"
"Idaho","0","3","Idaho","5/6/20","3","0","16049","0"
"Jefferson","0","5","Idaho","5/6/20","5","0","16051","0"
"Jerome","2","64","Idaho","5/6/20","48","16","16053","33.33"
"Kootenai","0","62","Idaho","5/6/20","61","1","16055","1.64"
"Latah","0","5","Idaho","5/6/20","5","0","16057","0"
"Lemhi","0","1","Idaho","5/6/20","1","0","16059","0"
"Lincoln","1","29","Idaho","5/6/20","24","5","16063","20.83"
"Madison","1","13","Idaho","5/6/20","9","4","16065","44.44"
"Minidoka","0","11","Idaho","5/6/20","11","0","16067","0"
"Nez Perce","3","78","Idaho","5/6/20","59","19","16069","32.2"
"Owyhee","0","8","Idaho","5/6/20","8","0","16073","0"
"Payette","0","17","Idaho","5/6/20","14","3","16075","21.43"
"Power","0","2","Idaho","5/6/20","2","0","16077","0"
"Teton","0","10","Idaho","5/6/20","9","1","16081","11.11"
"Twin Falls","9","231","Idaho","5/6/20","165","66","16083","40"
"Valley","0","2","Idaho","5/6/20","2","0","16085","0"
"Washington","0","1","Idaho","5/6/20","1","0","16087","0"
"Adams","0","40","Illinois","5/6/20","40","0","17001","0"
"Alexander","0","6","Illinois","5/6/20","3","3","17003","100"
"Bond","0","8","Illinois","5/6/20","6","2","17005","33.33"
"Boone","9","155","Illinois","5/6/20","89","66","17007","74.16"
"Brown","1","6","Illinois","5/6/20","0","6","17009","1"
"Bureau","0","12","Illinois","5/6/20","11","1","17011","9.09"
"Calhoun","0","1","Illinois","5/6/20","1","0","17013","0"
"Carroll","0","10","Illinois","5/6/20","9","1","17015","11.11"
"Cass","3","48","Illinois","5/6/20","29","19","17017","65.52"
"Champaign","13","212","Illinois","5/6/20","120","92","17019","76.67"
"Christian","0","28","Illinois","5/6/20","30","-2","17021","-6.67"
"Clark","0","5","Illinois","5/6/20","5","0","17023","0"
"Clay","0","2","Illinois","5/6/20","2","0","17025","0"
"Clinton","2","116","Illinois","5/6/20","101","15","17027","14.85"
"Coles","0","22","Illinois","5/6/20","22","0","17029","0"
"Cook","1687","46689","Illinois","5/6/20","34880","11809","17031","33.86"
"Crawford","0","10","Illinois","5/6/20","10","0","17033","0"
"Cumberland","0","4","Illinois","5/6/20","3","1","17035","33.33"
"De Witt","0","3","Illinois","5/6/20","3","0","17039","0"
"DeKalb","7","141","Illinois","5/6/20","90","51","17037","56.67"
"Douglas","1","20","Illinois","5/6/20","14","6","17041","42.86"
"DuPage","169","4056","Illinois","5/6/20","2870","1186","17043","41.32"
"Effingham","0","5","Illinois","5/6/20","6","-1","17049","-16.67"
"Fayette","0","16","Illinois","5/6/20","16","0","17051","0"
"Ford","0","11","Illinois","5/6/20","10","1","17053","10"
"Franklin","0","10","Illinois","5/6/20","8","2","17055","25"
"Fulton","0","3","Illinois","5/6/20","3","0","17057","0"
"Gallatin","0","2","Illinois","5/6/20","2","0","17059","0"
"Greene","0","3","Illinois","5/6/20","3","0","17061","0"
"Grundy","2","48","Illinois","5/6/20","32","16","17063","50"
"Hamilton","0","2","Illinois","5/6/20","2","0","17065","0"
"Hancock","1","10","Illinois","5/6/20","5","5","17067","100"
"Hardin","0","1","Illinois","5/6/20","1","0","17069","0"
"Henderson","0","5","Illinois","5/6/20","4","1","17071","25"
"Henry","2","54","Illinois","5/6/20","39","15","17073","38.46"
"Iroquois","5","62","Illinois","5/6/20","25","37","17075","148"
"Jackson","10","154","Illinois","5/6/20","82","72","17077","87.8"
"Jasper","0","46","Illinois","5/6/20","44","2","17079","4.55"
"Jefferson","1","86","Illinois","5/6/20","81","5","17081","6.17"
"Jersey","0","15","Illinois","5/6/20","12","3","17083","25"
"Jo Daviess","0","14","Illinois","5/6/20","12","2","17085","16.67"
"Johnson","0","4","Illinois","5/6/20","4","0","17087","0"
"Kane","131","2331","Illinois","5/6/20","1412","919","17089","65.08"
"Kankakee","13","416","Illinois","5/6/20","326","90","17091","27.61"
"Kendall","13","346","Illinois","5/6/20","255","91","17093","35.69"
"Knox","3","61","Illinois","5/6/20","41","20","17095","48.78"
"Lake","164","4529","Illinois","5/6/20","3382","1147","17097","33.91"
"LaSalle","5","84","Illinois","5/6/20","49","35","17099","71.43"
"Lawrence","0","3","Illinois","5/6/20","3","0","17101","0"
"Lee","4","49","Illinois","5/6/20","23","26","17103","113.04"
"Livingston","0","23","Illinois","5/6/20","20","3","17105","15"
"Logan","0","7","Illinois","5/6/20","7","0","17107","0"
"Macon","3","129","Illinois","5/6/20","105","24","17115","22.86"
"Macoupin","1","39","Illinois","5/6/20","30","9","17117","30"
"Madison","7","374","Illinois","5/6/20","324","50","17119","15.43"
"Marion","1","38","Illinois","5/6/20","29","9","17121","31.03"
"Marshall","0","4","Illinois","5/6/20","4","0","17123","0"
"Mason","1","15","Illinois","5/6/20","11","4","17125","36.36"
"Massac","0","4","Illinois","5/6/20","4","0","17127","0"
"McDonough","4","42","Illinois","5/6/20","13","29","17109","223.08"
"McHenry","32","814","Illinois","5/6/20","588","226","17111","38.44"
"McLean","2","108","Illinois","5/6/20","94","14","17113","14.89"
"Menard","1","16","Illinois","5/6/20","7","9","17129","128.57"
"Mercer","0","10","Illinois","5/6/20","7","3","17131","42.86"
"Monroe","1","74","Illinois","5/6/20","69","5","17133","7.25"
"Montgomery","1","33","Illinois","5/6/20","25","8","17135","32"
"Morgan","1","26","Illinois","5/6/20","22","4","17137","18.18"
"Moultrie","0","6","Illinois","5/6/20","5","1","17139","20"
"Ogle","4","137","Illinois","5/6/20","111","26","17141","23.42"
"Out of IL","10","68","Illinois","5/6/20","0","68","80017","1"
"Peoria","6","126","Illinois","5/6/20","85","41","17143","48.24"
"Perry","2","35","Illinois","5/6/20","18","17","17145","94.44"
"Piatt","0","7","Illinois","5/6/20","7","0","17147","0"
"Pike","0","1","Illinois","5/6/20","1","0","17149","0"
"Pulaski","1","23","Illinois","5/6/20","17","6","17153","35.29"
"Randolph","9","203","Illinois","5/6/20","138","65","17157","47.1"
"Richland","0","3","Illinois","5/6/20","3","0","17159","0"
"Rock Island","14","465","Illinois","5/6/20","369","96","17161","26.02"
"Saline","0","4","Illinois","5/6/20","3","1","17165","33.33"
"Sangamon","9","231","Illinois","5/6/20","169","62","17167","36.69"
"Schuyler","0","2","Illinois","5/6/20","1","1","17169","100"
"Shelby","0","10","Illinois","5/6/20","10","0","17173","0"
"St. Clair","23","601","Illinois","5/6/20","442","159","17163","35.97"
"Stark","0","1","Illinois","5/6/20","1","0","17175","0"
"Stephenson","6","72","Illinois","5/6/20","29","43","17177","148.28"
"Tazewell","2","53","Illinois","5/6/20","40","13","17179","32.5"
"Union","5","48","Illinois","5/6/20","11","37","17181","336.36"
"Vermilion","1","22","Illinois","5/6/20","16","6","17183","37.5"
"Wabash","0","1","Illinois","5/6/20","1","0","17185","0"
"Warren","5","88","Illinois","5/6/20","56","32","17187","57.14"
"Washington","1","15","Illinois","5/6/20","10","5","17189","50"
"Wayne","0","2","Illinois","5/6/20","2","0","17191","0"
"White","0","2","Illinois","5/6/20","2","0","17193","0"
"Whiteside","3","98","Illinois","5/6/20","76","22","17195","28.95"
"Will","138","3332","Illinois","5/6/20","2369","963","17197","40.65"
"Williamson","2","40","Illinois","5/6/20","29","11","17199","37.93"
"Winnebago","43","696","Illinois","5/6/20","392","304","17201","77.55"
"Woodford","0","15","Illinois","5/6/20","12","3","17203","25"
"Adams","0","8","Indiana","5/6/20","7","1","18001","14.29"
"Allen","27","718","Indiana","5/6/20","528","190","18003","35.98"
"Bartholomew","10","314","Indiana","5/6/20","241","73","18005","30.29"
"Benton","0","10","Indiana","5/6/20","8","2","18007","25"
"Blackford","1","12","Indiana","5/6/20","8","4","18009","50"
"Boone","3","207","Indiana","5/6/20","186","21","18011","11.29"
"Brown","1","21","Indiana","5/6/20","15","6","18013","40"
"Carroll","6","65","Indiana","5/6/20","21","44","18015","209.52"
"Cass","45","1442","Indiana","5/6/20","1125","317","18017","28.18"
"Clark","8","347","Indiana","5/6/20","288","59","18019","20.49"
"Clay","1","23","Indiana","5/6/20","19","4","18021","21.05"
"Clinton","5","70","Indiana","5/6/20","36","34","18023","94.44"
"Crawford","0","19","Indiana","5/6/20","18","1","18025","5.56"
"Daviess","1","52","Indiana","5/6/20","47","5","18027","10.64"
"Dearborn","5","140","Indiana","5/6/20","103","37","18029","35.92"
"Decatur","1","206","Indiana","5/6/20","199","7","18031","3.52"
"DeKalb","1","23","Indiana","5/6/20","18","5","18033","27.78"
"Delaware","8","212","Indiana","5/6/20","156","56","18035","35.9"
"Dubois","1","30","Indiana","5/6/20","21","9","18037","42.86"
"Elkhart","11","361","Indiana","5/6/20","281","80","18039","28.47"
"Fayette","1","33","Indiana","5/6/20","28","5","18041","17.86"
"Floyd","6","218","Indiana","5/6/20","174","44","18043","25.29"
"Fountain","1","14","Indiana","5/6/20","10","4","18045","40"
"Franklin","1","101","Indiana","5/6/20","96","5","18047","5.21"
"Fulton","1","34","Indiana","5/6/20","26","8","18049","30.77"
"Gibson","0","7","Indiana","5/6/20","6","1","18051","16.67"
"Grant","4","149","Indiana","5/6/20","120","29","18053","24.17"
"Greene","7","101","Indiana","5/6/20","55","46","18055","83.64"
"Hamilton","19","882","Indiana","5/6/20","746","136","18057","18.23"
"Hancock","3","236","Indiana","5/6/20","213","23","18059","10.8"
"Harrison","3","145","Indiana","5/6/20","127","18","18061","14.17"
"Hendricks","32","883","Indiana","5/6/20","658","225","18063","34.19"
"Henry","1","47","Indiana","5/6/20","37","10","18065","27.03"
"Howard","7","220","Indiana","5/6/20","169","51","18067","30.18"
"Huntington","0","12","Indiana","5/6/20","9","3","18069","33.33"
"Jackson","9","188","Indiana","5/6/20","128","60","18071","46.88"
"Jasper","-1","37","Indiana","5/6/20","45","-8","18073","-17.78"
"Jay","1","18","Indiana","5/6/20","14","4","18075","28.57"
"Jefferson","1","30","Indiana","5/6/20","26","4","18077","15.38"
"Jennings","2","87","Indiana","5/6/20","74","13","18079","17.57"
"Johnson","26","746","Indiana","5/6/20","563","183","18081","32.5"
"Knox","0","20","Indiana","5/6/20","20","0","18083","0"
"Kosciusko","1","39","Indiana","5/6/20","33","6","18085","18.18"
"LaGrange","2","36","Indiana","5/6/20","24","12","18087","50"
"Lake","64","2233","Indiana","5/6/20","1786","447","18089","25.03"
"LaPorte","11","284","Indiana","5/6/20","209","75","18091","35.89"
"Lawrence","2","111","Indiana","5/6/20","94","17","18093","18.09"
"Madison","8","462","Indiana","5/6/20","409","53","18095","12.96"
"Marion","205","6730","Indiana","5/6/20","5295","1435","18097","27.1"
"Marshall","0","31","Indiana","5/6/20","28","3","18099","10.71"
"Martin","0","7","Indiana","5/6/20","7","0","18101","0"
"Miami","3","121","Indiana","5/6/20","100","21","18103","21"
"Monroe","2","135","Indiana","5/6/20","122","13","18105","10.66"
"Montgomery","10","110","Indiana","5/6/20","40","70","18107","175"
"Morgan","5","176","Indiana","5/6/20","140","36","18109","25.71"
"Newton","2","61","Indiana","5/6/20","46","15","18111","32.61"
"Noble","8","123","Indiana","5/6/20","68","55","18113","80.88"
"Ohio","0","7","Indiana","5/6/20","4","3","18115","75"
"Orange","6","107","Indiana","5/6/20","64","43","18117","67.19"
"Owen","0","24","Indiana","5/6/20","22","2","18119","9.09"
"Parke","0","13","Indiana","5/6/20","12","1","18121","8.33"
"Perry","0","11","Indiana","5/6/20","10","1","18123","10"
"Pike","0","2","Indiana","5/6/20","1","1","18125","100"
"Porter","7","281","Indiana","5/6/20","232","49","18127","21.12"
"Posey","1","14","Indiana","5/6/20","9","5","18129","55.56"
"Pulaski","1","31","Indiana","5/6/20","23","8","18131","34.78"
"Putnam","2","80","Indiana","5/6/20","63","17","18133","26.98"
"Randolph","0","18","Indiana","5/6/20","15","3","18135","20"
"Ripley","1","99","Indiana","5/6/20","92","7","18137","7.61"
"Rush","1","37","Indiana","5/6/20","31","6","18139","19.35"
"Scott","2","54","Indiana","5/6/20","41","13","18143","31.71"
"Shelby","7","241","Indiana","5/6/20","194","47","18145","24.23"
"Spencer","0","6","Indiana","5/6/20","5","1","18147","20"
"St. Joseph","13","714","Indiana","5/6/20","620","94","18141","15.16"
"Starke","0","17","Indiana","5/6/20","16","1","18149","6.25"
"Steuben","5","59","Indiana","5/6/20","22","37","18151","168.18"
"Sullivan","0","16","Indiana","5/6/20","16","0","18153","0"
"Switzerland","0","15","Indiana","5/6/20","15","0","18155","0"
"Tippecanoe","14","197","Indiana","5/6/20","102","95","18157","93.14"
"Tipton","0","20","Indiana","5/6/20","18","2","18159","11.11"
"Union","0","8","Indiana","5/6/20","7","1","18161","14.29"
"Vanderburgh","5","163","Indiana","5/6/20","131","32","18163","24.43"
"Vermillion","0","7","Indiana","5/6/20","7","0","18165","0"
"Vigo","2","73","Indiana","5/6/20","62","11","18167","17.74"
"Wabash","4","63","Indiana","5/6/20","38","25","18169","65.79"
"Warren","0","12","Indiana","5/6/20","11","1","18171","9.09"
"Warrick","3","110","Indiana","5/6/20","88","22","18173","25"
"Washington","1","45","Indiana","5/6/20","41","4","18175","9.76"
"Wayne","1","44","Indiana","5/6/20","36","8","18177","22.22"
"Wells","0","7","Indiana","5/6/20","5","2","18179","40"
"White","9","106","Indiana","5/6/20","43","63","18181","146.51"
"Whitley","1","22","Indiana","5/6/20","16","6","18183","37.5"
"Adair","0","3","Iowa","5/6/20","1","2","19001","200"
"Allamakee","1","98","Iowa","5/6/20","88","10","19005","11.36"
"Appanoose","0","4","Iowa","5/6/20","2","2","19007","100"
"Audubon","1","8","Iowa","5/6/20","1","7","19009","700"
"Benton","1","34","Iowa","5/6/20","30","4","19011","13.33"
"Black Hawk","45","1396","Iowa","5/6/20","1082","314","19013","29.02"
"Boone","3","29","Iowa","5/6/20","10","19","19015","190"
"Bremer","1","55","Iowa","5/6/20","50","5","19017","10"
"Buchanan","1","22","Iowa","5/6/20","16","6","19019","37.5"
"Buena Vista","2","16","Iowa","5/6/20","4","12","19021","300"
"Butler","0","10","Iowa","5/6/20","8","2","19023","25"
"Calhoun","0","1","Iowa","5/6/20","0","1","19025","1"
"Carroll","1","5","Iowa","5/6/20","1","4","19027","400"
"Cass","0","1","Iowa","5/6/20","1","0","19029","0"
"Cedar","1","38","Iowa","5/6/20","29","9","19031","31.03"
"Cerro Gordo","0","14","Iowa","5/6/20","14","0","19033","0"
"Cherokee","0","4","Iowa","5/6/20","2","2","19035","100"
"Chickasaw","0","6","Iowa","5/6/20","5","1","19037","20"
"Clarke","0","3","Iowa","5/6/20","2","1","19039","50"
"Clay","1","7","Iowa","5/6/20","3","4","19041","133.33"
"Clayton","1","18","Iowa","5/6/20","12","6","19043","50"
"Clinton","0","51","Iowa","5/6/20","48","3","19045","6.25"
"Crawford","12","103","Iowa","5/6/20","21","82","19047","390.48"
"Dallas","53","626","Iowa","5/6/20","258","368","19049","142.64"
"Davis","1","5","Iowa","5/6/20","1","4","19051","400"
"Delaware","1","8","Iowa","5/6/20","4","4","19055","100"
"Des Moines","1","24","Iowa","5/6/20","17","7","19057","41.18"
"Dickinson","0","6","Iowa","5/6/20","6","0","19059","0"
"Dubuque","9","162","Iowa","5/6/20","97","65","19061","67.01"
"Fayette","1","24","Iowa","5/6/20","20","4","19065","20"
"Floyd","0","2","Iowa","5/6/20","0","2","19067","1"
"Franklin","1","6","Iowa","5/6/20","2","4","19069","200"
"Greene","1","11","Iowa","5/6/20","2","9","19073","450"
"Grundy","1","17","Iowa","5/6/20","11","6","19075","54.55"
"Guthrie","3","31","Iowa","5/6/20","10","21","19077","210"
"Hamilton","0","7","Iowa","5/6/20","7","0","19079","0"
"Hancock","0","3","Iowa","5/6/20","3","0","19081","0"
"Hardin","0","9","Iowa","5/6/20","7","2","19083","28.57"
"Harrison","0","17","Iowa","5/6/20","16","1","19085","6.25"
"Henry","1","40","Iowa","5/6/20","32","8","19087","25"
"Howard","0","12","Iowa","5/6/20","10","2","19089","20"
"Humboldt","0","4","Iowa","5/6/20","4","0","19091","0"
"Iowa","1","24","Iowa","5/6/20","19","5","19095","26.32"
"Jackson","0","5","Iowa","5/6/20","5","0","19097","0"
"Jasper","13","220","Iowa","5/6/20","130","90","19099","69.23"
"Jefferson","0","6","Iowa","5/6/20","6","0","19101","0"
"Johnson","11","530","Iowa","5/6/20","453","77","19103","17"
"Jones","1","25","Iowa","5/6/20","20","5","19105","25"
"Keokuk","0","3","Iowa","5/6/20","2","1","19107","50"
"Kossuth","0","2","Iowa","5/6/20","1","1","19109","100"
"Lee","1","16","Iowa","5/6/20","8","8","19111","100"
"Linn","17","770","Iowa","5/6/20","652","118","19113","18.1"
"Louisa","1","279","Iowa","5/6/20","269","10","19115","3.72"
"Lyon","1","15","Iowa","5/6/20","11","4","19119","36.36"
"Madison","1","10","Iowa","5/6/20","5","5","19121","100"
"Mahaska","1","19","Iowa","5/6/20","9","10","19123","111.11"
"Marion","1","12","Iowa","5/6/20","8","4","19125","50"
"Marshall","28","655","Iowa","5/6/20","459","196","19127","42.7"
"Mills","0","5","Iowa","5/6/20","2","3","19129","150"
"Mitchell","0","3","Iowa","5/6/20","2","1","19131","50"
"Monona","1","11","Iowa","5/6/20","7","4","19133","57.14"
"Monroe","0","1","Iowa","5/6/20","0","1","19135","1"
"Montgomery","0","1","Iowa","5/6/20","1","0","19137","0"
"Muscatine","15","435","Iowa","5/6/20","329","106","19139","32.22"
"O'Brien","1","11","Iowa","5/6/20","7","4","19141","57.14"
"Osceola","1","13","Iowa","5/6/20","8","5","19143","62.5"
"Page","1","9","Iowa","5/6/20","5","4","19145","80"
"Plymouth","3","34","Iowa","5/6/20","12","22","19149","183.33"
"Pocahontas","0","3","Iowa","5/6/20","1","2","19151","200"
"Polk","139","1875","Iowa","5/6/20","905","970","19153","107.18"
"Pottawattamie","5","63","Iowa","5/6/20","30","33","19155","110"
"Poweshiek","3","73","Iowa","5/6/20","55","18","19157","32.73"
"Sac","0","2","Iowa","5/6/20","0","2","19161","1"
"Scott","5","260","Iowa","5/6/20","222","38","19163","17.12"
"Shelby","1","13","Iowa","5/6/20","9","4","19165","44.44"
"Sioux","2","25","Iowa","5/6/20","8","17","19167","212.5"
"Story","2","40","Iowa","5/6/20","27","13","19169","48.15"
"Tama","6","303","Iowa","5/6/20","264","39","19171","14.77"
"Taylor","0","1","Iowa","5/6/20","1","0","19173","0"
"Union","0","1","Iowa","5/6/20","1","0","19175","0"
"Van Buren","0","8","Iowa","5/6/20","8","0","19177","0"
"Wapello","16","125","Iowa","5/6/20","10","115","19179","1150"
"Warren","2","34","Iowa","5/6/20","21","13","19181","61.9"
"Washington","2","152","Iowa","5/6/20","139","13","19183","9.35"
"Wayne","0","1","Iowa","5/6/20","0","1","19185","1"
"Webster","0","8","Iowa","5/6/20","5","3","19187","60"
"Winnebago","0","3","Iowa","5/6/20","2","1","19189","50"
"Winneshiek","0","18","Iowa","5/6/20","15","3","19191","20"
"Woodbury","85","1323","Iowa","5/6/20","728","595","19193","81.73"
"Worth","0","1","Iowa","5/6/20","1","0","19195","0"
"Wright","0","5","Iowa","5/6/20","4","1","19197","25"
"Atchison","0","12","Kansas","5/6/20","9","3","20005","33.33"
"Barber","0","1","Kansas","5/6/20","1","0","20007","0"
"Barton","0","12","Kansas","5/6/20","9","3","20009","33.33"
"Bourbon","0","6","Kansas","5/6/20","6","0","20011","0"
"Brown","0","1","Kansas","5/6/20","0","1","20013","1"
"Butler","0","14","Kansas","5/6/20","16","-2","20015","-12.5"
"Chase","0","3","Kansas","5/6/20","3","0","20017","0"
"Chautauqua","0","4","Kansas","5/6/20","4","0","20019","0"
"Cherokee","0","8","Kansas","5/6/20","8","0","20021","0"
"Cheyenne","0","2","Kansas","5/6/20","2","0","20023","0"
"Clark","1","9","Kansas","5/6/20","1","8","20025","800"
"Clay","0","4","Kansas","5/6/20","4","0","20027","0"
"Cloud","0","4","Kansas","5/6/20","4","0","20029","0"
"Coffey","0","50","Kansas","5/6/20","48","2","20031","4.17"
"Cowley","0","3","Kansas","5/6/20","3","0","20035","0"
"Crawford","0","8","Kansas","5/6/20","7","1","20037","14.29"
"Dickinson","0","2","Kansas","5/6/20","2","0","20041","0"
"Doniphan","0","4","Kansas","5/6/20","3","1","20043","33.33"
"Douglas","1","56","Kansas","5/6/20","49","7","20045","14.29"
"Edwards","0","4","Kansas","5/6/20","3","1","20047","33.33"
"Elk","0","0","Kansas","5/6/20","1","-1","20049","-100"
"Ellis","0","8","Kansas","5/6/20","8","0","20051","0"
"Ellsworth","0","1","Kansas","5/6/20","0","1","20053","1"
"Finney","67","740","Kansas","5/6/20","270","470","20055","174.07"
"Ford","40","880","Kansas","5/6/20","600","280","20057","46.67"
"Franklin","1","20","Kansas","5/6/20","13","7","20059","53.85"
"Geary","0","13","Kansas","5/6/20","11","2","20061","18.18"
"Gove","0","1","Kansas","5/6/20","1","0","20063","0"
"Grant","1","8","Kansas","5/6/20","2","6","20067","300"
"Gray","0","6","Kansas","5/6/20","4","2","20069","50"
"Greenwood","0","3","Kansas","5/6/20","3","0","20073","0"
"Hamilton","0","4","Kansas","5/6/20","2","2","20075","100"
"Harper","0","1","Kansas","5/6/20","0","1","20077","1"
"Harvey","0","9","Kansas","5/6/20","6","3","20079","50"
"Haskell","0","8","Kansas","5/6/20","7","1","20081","14.29"
"Jackson","0","2","Kansas","5/6/20","2","0","20085","0"
"Jefferson","0","11","Kansas","5/6/20","9","2","20087","22.22"
"Jewell","0","4","Kansas","5/6/20","4","0","20089","0"
"Johnson","10","521","Kansas","5/6/20","454","67","20091","14.76"
"Kearny","1","24","Kansas","5/6/20","14","10","20093","71.43"
"Kiowa","0","2","Kansas","5/6/20","1","1","20097","100"
"Labette","0","22","Kansas","5/6/20","22","0","20099","0"
"Leavenworth","84","783","Kansas","5/6/20","197","586","20103","297.46"
"Linn","0","6","Kansas","5/6/20","6","0","20107","0"
"Lyon","10","271","Kansas","5/6/20","201","70","20111","34.83"
"Marion","0","5","Kansas","5/6/20","5","0","20115","0"
"McPherson","1","25","Kansas","5/6/20","20","5","20113","25"
"Meade","1","13","Kansas","5/6/20","3","10","20119","333.33"
"Miami","0","5","Kansas","5/6/20","5","0","20121","0"
"Mitchell","0","3","Kansas","5/6/20","3","0","20123","0"
"Montgomery","1","20","Kansas","5/6/20","16","4","20125","25"
"Morris","0","3","Kansas","5/6/20","3","0","20127","0"
"Morton","0","3","Kansas","5/6/20","3","0","20129","0"
"Nemaha","0","1","Kansas","5/6/20","1","0","20131","0"
"Neosho","0","2","Kansas","5/6/20","3","-1","20133","-33.33"
"Norton","0","2","Kansas","5/6/20","0","2","20137","1"
"Osage","0","5","Kansas","5/6/20","5","0","20139","0"
"Osborne","0","2","Kansas","5/6/20","2","0","20141","0"
"Ottawa","0","4","Kansas","5/6/20","4","0","20143","0"
"Phillips","0","1","Kansas","5/6/20","1","0","20147","0"
"Pottawatomie","1","15","Kansas","5/6/20","10","5","20149","50"
"Pratt","0","1","Kansas","5/6/20","1","0","20151","0"
"Reno","1","40","Kansas","5/6/20","35","5","20155","14.29"
"Republic","0","4","Kansas","5/6/20","4","0","20157","0"
"Rice","0","3","Kansas","5/6/20","3","0","20159","0"
"Riley","1","55","Kansas","5/6/20","47","8","20161","17.02"
"Rooks","0","6","Kansas","5/6/20","6","0","20163","0"
"Saline","0","21","Kansas","5/6/20","21","0","20169","0"
"Scott","0","2","Kansas","5/6/20","0","2","20171","1"
"Sedgwick","11","441","Kansas","5/6/20","366","75","20173","20.49"
"Seward","24","640","Kansas","5/6/20","472","168","20175","35.59"
"Shawnee","4","137","Kansas","5/6/20","112","25","20177","22.32"
"Sheridan","0","2","Kansas","5/6/20","2","0","20179","0"
"Sherman","0","5","Kansas","5/6/20","3","2","20181","66.67"
"Smith","0","2","Kansas","5/6/20","2","0","20183","0"
"Stafford","0","1","Kansas","5/6/20","1","0","20185","0"
"Stanton","0","7","Kansas","5/6/20","6","1","20187","16.67"
"Stevens","1","14","Kansas","5/6/20","8","6","20189","75"
"Sumner","0","4","Kansas","5/6/20","3","1","20191","33.33"
"Wabaunsee","1","27","Kansas","5/6/20","18","9","20197","50"
"Wilson","0","1","Kansas","5/6/20","1","0","20205","0"
"Woodson","0","6","Kansas","5/6/20","5","1","20207","20"
"Wyandotte","42","910","Kansas","5/6/20","619","291","20209","47.01"
"Adair","0","82","Kentucky","5/6/20","79","3","21001","3.8"
"Allen","1","19","Kentucky","5/6/20","12","7","21003","58.33"
"Anderson","0","9","Kentucky","5/6/20","8","1","21005","12.5"
"Ballard","0","8","Kentucky","5/6/20","9","-1","21007","-11.11"
"Barren","1","22","Kentucky","5/6/20","16","6","21009","37.5"
"Bath","0","4","Kentucky","5/6/20","4","0","21011","0"
"Boone","10","196","Kentucky","5/6/20","125","71","21015","56.8"
"Bourbon","0","8","Kentucky","5/6/20","7","1","21017","14.29"
"Boyd","0","31","Kentucky","5/6/20","33","-2","21019","-6.06"
"Boyle","0","16","Kentucky","5/6/20","17","-1","21021","-5.88"
"Bracken","0","9","Kentucky","5/6/20","7","2","21023","28.57"
"Breathitt","0","2","Kentucky","5/6/20","2","0","21025","0"
"Breckinridge","0","11","Kentucky","5/6/20","9","2","21027","22.22"
"Bullitt","3","72","Kentucky","5/6/20","51","21","21029","41.18"
"Butler","10","183","Kentucky","5/6/20","114","69","21031","60.53"
"Caldwell","0","12","Kentucky","5/6/20","13","-1","21033","-7.69"
"Calloway","1","35","Kentucky","5/6/20","31","4","21035","12.9"
"Campbell","3","107","Kentucky","5/6/20","86","21","21037","24.42"
"Carlisle","0","2","Kentucky","5/6/20","2","0","21039","0"
"Carroll","0","2","Kentucky","5/6/20","2","0","21041","0"
"Carter","0","6","Kentucky","5/6/20","5","1","21043","20"
"Casey","0","1","Kentucky","5/6/20","1","0","21045","0"
"Christian","1","92","Kentucky","5/6/20","86","6","21047","6.98"
"Clark","0","20","Kentucky","5/6/20","20","0","21049","0"
"Clay","0","1","Kentucky","5/6/20","1","0","21051","0"
"Clinton","0","3","Kentucky","5/6/20","3","0","21053","0"
"Crittenden","0","4","Kentucky","5/6/20","4","0","21055","0"
"Cumberland","0","5","Kentucky","5/6/20","5","0","21057","0"
"Daviess","9","247","Kentucky","5/6/20","182","65","21059","35.71"
"Edmonson","3","38","Kentucky","5/6/20","19","19","21061","100"
"Fayette","9","306","Kentucky","5/6/20","246","60","21067","24.39"
"Fleming","0","2","Kentucky","5/6/20","2","0","21069","0"
"Floyd","0","12","Kentucky","5/6/20","13","-1","21071","-7.69"
"Franklin","0","16","Kentucky","5/6/20","16","0","21073","0"
"Fulton","0","1","Kentucky","5/6/20","1","0","21075","0"
"Gallatin","0","1","Kentucky","5/6/20","1","0","21077","0"
"Garrard","0","2","Kentucky","5/6/20","2","0","21079","0"
"Grant","1","27","Kentucky","5/6/20","20","7","21081","35"
"Graves","3","142","Kentucky","5/6/20","124","18","21083","14.52"
"Grayson","4","90","Kentucky","5/6/20","62","28","21085","45.16"
"Green","0","1","Kentucky","5/6/20","1","0","21087","0"
"Greenup","0","12","Kentucky","5/6/20","11","1","21089","9.09"
"Hancock","0","6","Kentucky","5/6/20","6","0","21091","0"
"Hardin","3","55","Kentucky","5/6/20","37","18","21093","48.65"
"Harrison","0","18","Kentucky","5/6/20","17","1","21097","5.88"
"Hart","1","8","Kentucky","5/6/20","3","5","21099","166.67"
"Henderson","2","72","Kentucky","5/6/20","58","14","21101","24.14"
"Henry","0","8","Kentucky","5/6/20","6","2","21103","33.33"
"Hickman","1","5","Kentucky","5/6/20","1","4","21105","400"
"Hopkins","3","211","Kentucky","5/6/20","192","19","21107","9.9"
"Jackson","0","60","Kentucky","5/6/20","59","1","21109","1.69"
"Jefferson","36","1535","Kentucky","5/6/20","1281","254","21111","19.83"
"Jessamine","0","40","Kentucky","5/6/20","40","0","21113","0"
"Johnson","0","3","Kentucky","5/6/20","3","0","21115","0"
"Kenton","15","353","Kentucky","5/6/20","248","105","21117","42.34"
"Knott","0","4","Kentucky","5/6/20","3","1","21119","33.33"
"Knox","0","6","Kentucky","5/6/20","6","0","21121","0"
"Larue","0","6","Kentucky","5/6/20","5","1","21123","20"
"Laurel","1","20","Kentucky","5/6/20","15","5","21125","33.33"
"Lawrence","0","1","Kentucky","5/6/20","1","0","21127","0"
"Leslie","0","4","Kentucky","5/6/20","2","2","21131","100"
"Letcher","0","3","Kentucky","5/6/20","2","1","21133","50"
"Lewis","0","3","Kentucky","5/6/20","3","0","21135","0"
"Lincoln","0","6","Kentucky","5/6/20","5","1","21137","20"
"Livingston","0","6","Kentucky","5/6/20","4","2","21139","50"
"Logan","1","15","Kentucky","5/6/20","8","7","21141","87.5"
"Lyon","0","13","Kentucky","5/6/20","13","0","21143","0"
"Madison","0","31","Kentucky","5/6/20","29","2","21151","6.9"
"Marion","0","17","Kentucky","5/6/20","16","1","21155","6.25"
"Marshall","0","33","Kentucky","5/6/20","34","-1","21157","-2.94"
"Martin","0","3","Kentucky","5/6/20","3","0","21159","0"
"Mason","0","6","Kentucky","5/6/20","6","0","21161","0"
"McCracken","2","65","Kentucky","5/6/20","48","17","21145","35.42"
"McCreary","0","11","Kentucky","5/6/20","11","0","21147","0"
"McLean","0","16","Kentucky","5/6/20","13","3","21149","23.08"
"Meade","1","17","Kentucky","5/6/20","11","6","21163","54.55"
"Menifee","0","3","Kentucky","5/6/20","3","0","21165","0"
"Mercer","0","10","Kentucky","5/6/20","11","-1","21167","-9.09"
"Metcalfe","0","1","Kentucky","5/6/20","1","0","21169","0"
"Monroe","0","6","Kentucky","5/6/20","5","1","21171","20"
"Montgomery","0","11","Kentucky","5/6/20","11","0","21173","0"
"Morgan","0","1","Kentucky","5/6/20","1","0","21175","0"
"Muhlenberg","47","446","Kentucky","5/6/20","116","330","21177","284.48"
"Nelson","0","24","Kentucky","5/6/20","21","3","21179","14.29"
"Nicholas","0","1","Kentucky","5/6/20","1","0","21181","0"
"Ohio","3","62","Kentucky","5/6/20","40","22","21183","55"
"Oldham","1","35","Kentucky","5/6/20","29","6","21185","20.69"
"Owen","0","1","Kentucky","5/6/20","1","0","21187","0"
"Owsley","0","2","Kentucky","5/6/20","2","0","21189","0"
"Pendleton","0","5","Kentucky","5/6/20","6","-1","21191","-16.67"
"Perry","1","14","Kentucky","5/6/20","6","8","21193","133.33"
"Pike","0","14","Kentucky","5/6/20","11","3","21195","27.27"
"Powell","0","1","Kentucky","5/6/20","1","0","21197","0"
"Pulaski","0","43","Kentucky","5/6/20","43","0","21199","0"
"Rockcastle","0","13","Kentucky","5/6/20","11","2","21203","18.18"
"Rowan","0","2","Kentucky","5/6/20","2","0","21205","0"
"Russell","0","17","Kentucky","5/6/20","16","1","21207","6.25"
"Scott","0","24","Kentucky","5/6/20","24","0","21209","0"
"Shelby","1","34","Kentucky","5/6/20","28","6","21211","21.43"
"Simpson","1","31","Kentucky","5/6/20","27","4","21213","14.81"
"Spencer","1","16","Kentucky","5/6/20","12","4","21215","33.33"
"Taylor","0","8","Kentucky","5/6/20","8","0","21217","0"
"Todd","0","13","Kentucky","5/6/20","12","1","21219","8.33"
"Trigg","0","9","Kentucky","5/6/20","9","0","21221","0"
"Trimble","0","3","Kentucky","5/6/20","3","0","21223","0"
"Union","0","10","Kentucky","5/6/20","8","2","21225","25"
"Warren","19","447","Kentucky","5/6/20","313","134","21227","42.81"
"Washington","0","5","Kentucky","5/6/20","5","0","21229","0"
"Wayne","0","8","Kentucky","5/6/20","9","-1","21231","-11.11"
"Webster","1","26","Kentucky","5/6/20","21","5","21233","23.81"
"Whitley","0","11","Kentucky","5/6/20","11","0","21235","0"
"Woodford","0","17","Kentucky","5/6/20","18","-1","21239","-5.56"
"Acadia","1","140","Louisiana","5/6/20","130","10","22001","7.69"
"Allen","0","90","Louisiana","5/6/20","90","0","22003","0"
"Ascension","11","664","Louisiana","5/6/20","587","77","22005","13.12"
"Assumption","4","203","Louisiana","5/6/20","178","25","22007","14.04"
"Avoyelles","0","74","Louisiana","5/6/20","71","3","22009","4.23"
"Beauregard","1","44","Louisiana","5/6/20","37","7","22011","18.92"
"Bienville","1","78","Louisiana","5/6/20","74","4","22013","5.41"
"Bossier","3","303","Louisiana","5/6/20","285","18","22015","6.32"
"Caddo","20","1667","Louisiana","5/6/20","1525","142","22017","9.31"
"Calcasieu","13","475","Louisiana","5/6/20","386","89","22019","23.06"
"Caldwell","3","41","Louisiana","5/6/20","18","23","22021","127.78"
"Cameron","0","3","Louisiana","5/6/20","3","0","22023","0"
"Catahoula","2","46","Louisiana","5/6/20","35","11","22025","31.43"
"Claiborne","1","58","Louisiana","5/6/20","54","4","22027","7.41"
"Concordia","1","42","Louisiana","5/6/20","36","6","22029","16.67"
"De Soto","2","205","Louisiana","5/6/20","191","14","22031","7.33"
"East Baton Rouge","56","2224","Louisiana","5/6/20","1830","394","22033","21.53"
"East Carroll","0","11","Louisiana","5/6/20","8","3","22035","37.5"
"East Feliciana","2","132","Louisiana","5/6/20","119","13","22037","10.92"
"Evangeline","2","63","Louisiana","5/6/20","49","14","22039","28.57"
"Franklin","3","146","Louisiana","5/6/20","123","23","22041","18.7"
"Grant","1","17","Louisiana","5/6/20","12","5","22043","41.67"
"Iberia","4","278","Louisiana","5/6/20","248","30","22045","12.1"
"Iberville","6","489","Louisiana","5/6/20","448","41","22047","9.15"
"Jackson","3","56","Louisiana","5/6/20","34","22","22049","64.71"
"Jefferson","54","6554","Louisiana","5/6/20","6173","381","22051","6.17"
"Jefferson Davis","1","66","Louisiana","5/6/20","62","4","22053","6.45"
"Lafayette","4","477","Louisiana","5/6/20","451","26","22055","5.76"
"Lafourche","6","692","Louisiana","5/6/20","651","41","22057","6.3"
"LaSalle","1","29","Louisiana","5/6/20","22","7","22059","31.82"
"Lincoln","2","99","Louisiana","5/6/20","83","16","22061","19.28"
"Livingston","11","266","Louisiana","5/6/20","190","76","22063","40"
"Madison","0","8","Louisiana","5/6/20","7","1","22065","14.29"
"Morehouse","1","55","Louisiana","5/6/20","51","4","22067","7.84"
"Natchitoches","2","91","Louisiana","5/6/20","79","12","22069","15.19"
"Orleans","27","6608","Louisiana","5/6/20","6420","188","22071","2.93"
"Ouachita","19","806","Louisiana","5/6/20","671","135","22073","20.12"
"Plaquemines","2","183","Louisiana","5/6/20","172","11","22075","6.4"
"Pointe Coupee","3","117","Louisiana","5/6/20","98","19","22077","19.39"
"Rapides","8","316","Louisiana","5/6/20","259","57","22079","22.01"
"Red River","1","34","Louisiana","5/6/20","24","10","22081","41.67"
"Richland","4","86","Louisiana","5/6/20","56","30","22083","53.57"
"Sabine","0","17","Louisiana","5/6/20","16","1","22085","6.25"
"St. Bernard","6","505","Louisiana","5/6/20","461","44","22087","9.54"
"St. Charles","4","590","Louisiana","5/6/20","563","27","22089","4.8"
"St. Helena","1","32","Louisiana","5/6/20","28","4","22091","14.29"
"St. James","2","256","Louisiana","5/6/20","243","13","22093","5.35"
"St. John the Baptist","4","790","Louisiana","5/6/20","765","25","22095","3.27"
"St. Landry","4","202","Louisiana","5/6/20","172","30","22097","17.44"
"St. Martin","3","252","Louisiana","5/6/20","228","24","22099","10.53"
"St. Mary","4","215","Louisiana","5/6/20","185","30","22101","16.22"
"St. Tammany","29","1406","Louisiana","5/6/20","1205","201","22103","16.68"
"Tangipahoa","12","631","Louisiana","5/6/20","549","82","22105","14.94"
"Tensas","0","2","Louisiana","5/6/20","1","1","22107","100"
"Terrebonne","12","476","Louisiana","5/6/20","389","87","22109","22.37"
"Union","5","148","Louisiana","5/6/20","114","34","22111","29.82"
"Vermilion","1","40","Louisiana","5/6/20","35","5","22113","14.29"
"Vernon","0","17","Louisiana","5/6/20","16","1","22115","6.25"
"Washington","5","298","Louisiana","5/6/20","261","37","22117","14.18"
"Webster","2","96","Louisiana","5/6/20","85","11","22119","12.94"
"West Baton Rouge","3","118","Louisiana","5/6/20","96","22","22121","22.92"
"West Carroll","0","4","Louisiana","5/6/20","4","0","22123","0"
"West Feliciana","7","158","Louisiana","5/6/20","111","47","22125","42.34"
"Winn","2","47","Louisiana","5/6/20","32","15","22127","46.88"
"Androscoggin","3","67","Maine","5/6/20","43","24","23001","55.81"
"Aroostook","0","6","Maine","5/6/20","5","1","23003","20"
"Cumberland","16","583","Maine","5/6/20","472","111","23005","23.52"
"Franklin","0","29","Maine","5/6/20","27","2","23007","7.41"
"Hancock","0","10","Maine","5/6/20","10","0","23009","0"
"Kennebec","0","106","Maine","5/6/20","104","2","23011","1.92"
"Knox","0","17","Maine","5/6/20","16","1","23013","6.25"
"Lincoln","0","14","Maine","5/6/20","12","2","23015","16.67"
"Oxford","0","16","Maine","5/6/20","15","1","23017","6.67"
"Penobscot","4","87","Maine","5/6/20","59","28","23019","47.46"
"Piscataquis","0","1","Maine","5/6/20","1","0","23021","0"
"Sagadahoc","0","20","Maine","5/6/20","19","1","23023","5.26"
"Somerset","0","17","Maine","5/6/20","18","-1","23025","-5.56"
"Waldo","0","49","Maine","5/6/20","48","1","23027","2.08"
"Washington","0","2","Maine","5/6/20","2","0","23029","0"
"York","4","230","Maine","5/6/20","203","27","23031","13.3"
"Allegany","2","129","Maryland","5/6/20","116","13","24001","11.21"
"Anne Arundel","60","2085","Maryland","5/6/20","1662","423","24003","25.45"
"Baltimore","112","3527","Maryland","5/6/20","2740","787","24005","28.72"
"Baltimore City","105","2752","Maryland","5/6/20","2014","738","24510","36.64"
"Calvert","6","184","Maryland","5/6/20","142","42","24009","29.58"
"Caroline","5","101","Maryland","5/6/20","69","32","24011","46.38"
"Carroll","14","521","Maryland","5/6/20","421","100","24013","23.75"
"Cecil","5","200","Maryland","5/6/20","164","36","24015","21.95"
"Charles","17","670","Maryland","5/6/20","551","119","24017","21.6"
"Dorchester","4","79","Maryland","5/6/20","51","28","24019","54.9"
"Frederick","31","1108","Maryland","5/6/20","893","215","24021","24.08"
"Garrett","0","4","Maryland","5/6/20","4","0","24023","0"
"Harford","23","532","Maryland","5/6/20","371","161","24025","43.4"
"Howard","33","1061","Maryland","5/6/20","831","230","24027","27.68"
"Kent","3","94","Maryland","5/6/20","73","21","24029","28.77"
"Montgomery","234","5790","Maryland","5/6/20","4152","1638","24031","39.45"
"Prince George's","342","8135","Maryland","5/6/20","5738","2397","24033","41.77"
"Queen Anne's","2","67","Maryland","5/6/20","55","12","24035","21.82"
"Somerset","3","39","Maryland","5/6/20","21","18","24039","85.71"
"St. Mary's","6","186","Maryland","5/6/20","145","41","24037","28.28"
"Talbot","2","45","Maryland","5/6/20","34","11","24041","32.35"
"Washington","8","251","Maryland","5/6/20","197","54","24043","27.41"
"Wicomico","24","517","Maryland","5/6/20","350","167","24045","47.71"
"Worcester","4","86","Maryland","5/6/20","55","31","24047","56.36"
"Barnstable","25","1039","Massachusetts","5/6/20","866","173","25001","19.98"
"Berkshire","3","469","Massachusetts","5/6/20","447","22","25003","4.92"
"Bristol","140","4457","Massachusetts","5/6/20","3478","979","25005","28.15"
"Dukes and Nantucket","1","36","Massachusetts","5/6/20","29","7","00000","24.14"
"Essex","289","10533","Massachusetts","5/6/20","8509","2024","25009","23.79"
"Franklin","4","284","Massachusetts","5/6/20","257","27","25011","10.51"
"Hampden","92","4383","Massachusetts","5/6/20","3738","645","25013","17.26"
"Hampshire","8","599","Massachusetts","5/6/20","544","55","25015","10.11"
"Middlesex","378","16643","Massachusetts","5/6/20","13996","2647","25017","18.91"
"Norfolk","143","6847","Massachusetts","5/6/20","5843","1004","25021","17.18"
"Plymouth","158","6060","Massachusetts","5/6/20","4956","1104","25023","22.28"
"Suffolk","290","14722","Massachusetts","5/6/20","12693","2029","25025","15.99"
"Worcester","247","7105","Massachusetts","5/6/20","5377","1728","25027","32.14"
"Alcona","0","7","Michigan","5/6/20","7","0","26001","0"
"Allegan","5","151","Michigan","5/6/20","114","37","26005","32.46"
"Alpena","1","93","Michigan","5/6/20","83","10","26007","12.05"
"Antrim","0","11","Michigan","5/6/20","11","0","26009","0"
"Arenac","1","31","Michigan","5/6/20","22","9","26011","40.91"
"Baraga","0","1","Michigan","5/6/20","0","1","26013","1"
"Barry","1","52","Michigan","5/6/20","44","8","26015","18.18"
"Bay","6","207","Michigan","5/6/20","167","40","26017","23.95"
"Benzie","0","4","Michigan","5/6/20","6","-2","26019","-33.33"
"Berrien","15","453","Michigan","5/6/20","346","107","26021","30.92"
"Branch","2","77","Michigan","5/6/20","61","16","26023","26.23"
"Calhoun","5","279","Michigan","5/6/20","245","34","26025","13.88"
"Cass","1","46","Michigan","5/6/20","38","8","26027","21.05"
"Charlevoix","0","15","Michigan","5/6/20","14","1","26029","7.14"
"Cheboygan","0","24","Michigan","5/6/20","22","2","26031","9.09"
"Chippewa","0","3","Michigan","5/6/20","3","0","26033","0"
"Clare","0","12","Michigan","5/6/20","11","1","26035","9.09"
"Clinton","2","136","Michigan","5/6/20","123","13","26037","10.57"
"Crawford","0","60","Michigan","5/6/20","58","2","26039","3.45"
"Delta","0","15","Michigan","5/6/20","14","1","26041","7.14"
"Dickinson","0","4","Michigan","5/6/20","3","1","26043","33.33"
"Eaton","3","163","Michigan","5/6/20","139","24","26045","17.27"
"Emmet","0","25","Michigan","5/6/20","25","0","26047","0"
"Federal Correctional Institution (FCI)","3","104","Michigan","5/6/20","86","18","00000","20.93"
"Genesee","29","1873","Michigan","5/6/20","1671","202","26049","12.09"
"Gladwin","0","15","Michigan","5/6/20","16","-1","26051","-6.25"
"Gogebic","0","4","Michigan","5/6/20","4","0","26053","0"
"Grand Traverse","0","21","Michigan","5/6/20","20","1","26055","5"
"Gratiot","2","29","Michigan","5/6/20","14","15","26057","107.14"
"Hillsdale","2","140","Michigan","5/6/20","123","17","26059","13.82"
"Houghton","0","2","Michigan","5/6/20","2","0","26061","0"
"Huron","2","35","Michigan","5/6/20","22","13","26063","59.09"
"Ingham","14","561","Michigan","5/6/20","465","96","26065","20.65"
"Ionia","6","107","Michigan","5/6/20","65","42","26067","64.62"
"Iosco","1","64","Michigan","5/6/20","58","6","26069","10.34"
"Isabella","0","76","Michigan","5/6/20","75","1","26073","1.33"
"Jackson","3","394","Michigan","5/6/20","370","24","26075","6.49"
"Kalamazoo","28","577","Michigan","5/6/20","382","195","26077","51.05"
"Kalkaska","0","28","Michigan","5/6/20","27","1","26079","3.7"
"Kent","92","2169","Michigan","5/6/20","1523","646","26081","42.42"
"Lake","0","3","Michigan","5/6/20","3","0","26085","0"
"Lapeer","1","184","Michigan","5/6/20","177","7","26087","3.95"
"Leelanau","0","9","Michigan","5/6/20","10","-1","26089","-10"
"Lenawee","4","143","Michigan","5/6/20","117","26","26091","22.22"
"Livingston","5","428","Michigan","5/6/20","390","38","26093","9.74"
"Luce","0","1","Michigan","5/6/20","1","0","26095","0"
"Mackinac","0","6","Michigan","5/6/20","6","0","26097","0"
"Macomb","60","5892","Michigan","5/6/20","5471","421","26099","7.7"
"Manistee","0","12","Michigan","5/6/20","12","0","26101","0"
"Marquette","1","51","Michigan","5/6/20","45","6","26103","13.33"
"Mason","1","17","Michigan","5/6/20","11","6","26105","54.55"
"Mecosta","0","18","Michigan","5/6/20","17","1","26107","5.88"
"Menominee","0","6","Michigan","5/6/20","5","1","26109","20"
"Michigan Department of Corrections (MDOC)","96","1936","Michigan","5/6/20","1264","672","00000","53.16"
"Midland","1","92","Michigan","5/6/20","87","5","26111","5.75"
"Missaukee","0","22","Michigan","5/6/20","20","2","26113","10"
"Monroe","11","379","Michigan","5/6/20","302","77","26115","25.5"
"Montcalm","1","48","Michigan","5/6/20","39","9","26117","23.08"
"Montmorency","0","5","Michigan","5/6/20","5","0","26119","0"
"Muskegon","10","335","Michigan","5/6/20","262","73","26121","27.86"
"Newaygo","2","35","Michigan","5/6/20","24","11","26123","45.83"
"Oakland","90","8482","Michigan","5/6/20","7852","630","26125","8.02"
"Oceana","2","26","Michigan","5/6/20","13","13","26127","100"
"Ogemaw","0","19","Michigan","5/6/20","16","3","26129","18.75"
"Osceola","0","10","Michigan","5/6/20","10","0","26133","0"
"Oscoda","0","6","Michigan","5/6/20","4","2","26135","50"
"Otsego","1","113","Michigan","5/6/20","107","6","26137","5.61"
"Ottawa","21","408","Michigan","5/6/20","258","150","26139","58.14"
"Out of MI","4","64","Michigan","5/6/20","39","25","80026","64.1"
"Presque Isle","0","11","Michigan","5/6/20","12","-1","26141","-8.33"
"Roscommon","0","20","Michigan","5/6/20","17","3","26143","17.65"
"Saginaw","19","771","Michigan","5/6/20","640","131","26145","20.47"
"Sanilac","1","39","Michigan","5/6/20","35","4","26151","11.43"
"Schoolcraft","0","3","Michigan","5/6/20","3","0","26153","0"
"Shiawassee","4","211","Michigan","5/6/20","185","26","26155","14.05"
"St. Clair","5","390","Michigan","5/6/20","356","34","26147","9.55"
"St. Joseph","2","45","Michigan","5/6/20","31","14","26149","45.16"
"Tuscola","3","120","Michigan","5/6/20","100","20","26157","20"
"Van Buren","4","85","Michigan","5/6/20","60","25","26159","41.67"
"Washtenaw","13","1249","Michigan","5/6/20","1159","90","26161","7.77"
"Wayne","176","17952","Michigan","5/6/20","16723","1229","26163","7.35"
"Wexford","0","11","Michigan","5/6/20","12","-1","26165","-8.33"
"Aitkin","0","1","Minnesota","5/6/20","1","0","27001","0"
"Anoka","27","382","Minnesota","5/6/20","196","186","27003","94.9"
"Becker","2","16","Minnesota","5/6/20","2","14","27005","700"
"Beltrami","0","6","Minnesota","5/6/20","6","0","27007","0"
"Benton","7","59","Minnesota","5/6/20","10","49","27009","490"
"Big Stone","0","2","Minnesota","5/6/20","2","0","27011","0"
"Blue Earth","3","53","Minnesota","5/6/20","34","19","27013","55.88"
"Brown","0","9","Minnesota","5/6/20","8","1","27015","12.5"
"Carlton","1","61","Minnesota","5/6/20","55","6","27017","10.91"
"Carver","4","51","Minnesota","5/6/20","20","31","27019","155"
"Cass","0","7","Minnesota","5/6/20","5","2","27021","40"
"Chippewa","0","4","Minnesota","5/6/20","2","2","27023","100"
"Chisago","1","14","Minnesota","5/6/20","10","4","27025","40"
"Clay","9","215","Minnesota","5/6/20","152","63","27027","41.45"
"Clearwater","0","2","Minnesota","5/6/20","2","0","27029","0"
"Cottonwood","3","42","Minnesota","5/6/20","20","22","27033","110"
"Crow Wing","0","21","Minnesota","5/6/20","20","1","27035","5"
"Dakota","19","292","Minnesota","5/6/20","157","135","27037","85.99"
"Dodge","0","21","Minnesota","5/6/20","19","2","27039","10.53"
"Douglas","1","12","Minnesota","5/6/20","2","10","27041","500"
"Faribault","0","8","Minnesota","5/6/20","5","3","27043","60"
"Fillmore","0","12","Minnesota","5/6/20","12","0","27045","0"
"Freeborn","1","38","Minnesota","5/6/20","34","4","27047","11.76"
"Goodhue","1","23","Minnesota","5/6/20","19","4","27049","21.05"
"Grant","0","1","Minnesota","5/6/20","0","1","27051","1"
"Hennepin","162","2764","Minnesota","5/6/20","1633","1131","27053","69.26"
"Houston","0","1","Minnesota","5/6/20","1","0","27055","0"
"Isanti","0","7","Minnesota","5/6/20","6","1","27059","16.67"
"Itasca","3","24","Minnesota","5/6/20","3","21","27061","700"
"Jackson","2","25","Minnesota","5/6/20","12","13","27063","108.33"
"Kanabec","0","2","Minnesota","5/6/20","0","2","27065","1"
"Kandiyohi","18","211","Minnesota","5/6/20","88","123","27067","139.77"
"Kittson","0","1","Minnesota","5/6/20","1","0","27069","0"
"Koochiching","0","1","Minnesota","5/6/20","1","0","27071","0"
"Lac qui Parle","0","2","Minnesota","5/6/20","1","1","27073","100"
"Le Sueur","0","26","Minnesota","5/6/20","24","2","27079","8.33"
"Lincoln","0","3","Minnesota","5/6/20","3","0","27081","0"
"Lyon","1","11","Minnesota","5/6/20","6","5","27083","83.33"
"Mahnomen","0","2","Minnesota","5/6/20","1","1","27087","100"
"Marshall","1","7","Minnesota","5/6/20","1","6","27089","600"
"Martin","6","111","Minnesota","5/6/20","70","41","27091","58.57"
"McLeod","0","6","Minnesota","5/6/20","4","2","27085","50"
"Meeker","1","18","Minnesota","5/6/20","9","9","27093","100"
"Mille Lacs","0","5","Minnesota","5/6/20","2","3","27095","150"
"Morrison","1","9","Minnesota","5/6/20","2","7","27097","350"
"Mower","1","35","Minnesota","5/6/20","28","7","27099","25"
"Murray","1","20","Minnesota","5/6/20","11","9","27101","81.82"
"Nicollet","1","17","Minnesota","5/6/20","9","8","27103","88.89"
"Nobles","67","1082","Minnesota","5/6/20","615","467","27105","75.93"
"Norman","0","9","Minnesota","5/6/20","8","1","27107","12.5"
"Olmsted","9","322","Minnesota","5/6/20","256","66","27109","25.78"
"Otter Tail","2","19","Minnesota","5/6/20","8","11","27111","137.5"
"Pennington","0","1","Minnesota","5/6/20","1","0","27113","0"
"Pine","1","61","Minnesota","5/6/20","56","5","27115","8.93"
"Pipestone","0","4","Minnesota","5/6/20","2","2","27117","100"
"Polk","2","43","Minnesota","5/6/20","27","16","27119","59.26"
"Pope","0","1","Minnesota","5/6/20","0","1","27121","1"
"Ramsey","46","656","Minnesota","5/6/20","332","324","27123","97.59"
"Red Lake","0","1","Minnesota","5/6/20","1","0","27125","0"
"Redwood","0","3","Minnesota","5/6/20","1","2","27127","200"
"Renville","0","6","Minnesota","5/6/20","4","2","27129","50"
"Rice","3","30","Minnesota","5/6/20","12","18","27131","150"
"Rock","1","18","Minnesota","5/6/20","9","9","27133","100"
"Roseau","0","1","Minnesota","5/6/20","1","0","27135","0"
"Scott","7","90","Minnesota","5/6/20","41","49","27139","119.51"
"Sherburne","8","80","Minnesota","5/6/20","26","54","27141","207.69"
"Sibley","0","2","Minnesota","5/6/20","2","0","27143","0"
"St. Louis","2","86","Minnesota","5/6/20","71","15","27137","21.13"
"Stearns","116","975","Minnesota","5/6/20","166","809","27145","487.35"
"Steele","2","29","Minnesota","5/6/20","15","14","27147","93.33"
"Swift","0","2","Minnesota","5/6/20","2","0","27151","0"
"Todd","2","18","Minnesota","5/6/20","7","11","27153","157.14"
"Traverse","0","2","Minnesota","5/6/20","2","0","27155","0"
"Wabasha","0","10","Minnesota","5/6/20","8","2","27157","25"
"Wadena","0","3","Minnesota","5/6/20","1","2","27159","200"
"Waseca","0","7","Minnesota","5/6/20","4","3","27161","75"
"Washington","9","181","Minnesota","5/6/20","120","61","27163","50.83"
"Watonwan","1","15","Minnesota","5/6/20","9","6","27165","66.67"
"Wilkin","0","11","Minnesota","5/6/20","12","-1","27167","-8.33"
"Winona","0","68","Minnesota","5/6/20","66","2","27169","3.03"
"Wright","4","69","Minnesota","5/6/20","40","29","27171","72.5"
"Yellow Medicine","0","3","Minnesota","5/6/20","3","0","27173","0"
"Adams","4","154","Mississippi","5/6/20","129","25","28001","19.38"
"Alcorn","0","10","Mississippi","5/6/20","10","0","28003","0"
"Amite","1","32","Mississippi","5/6/20","26","6","28005","23.08"
"Attala","9","159","Mississippi","5/6/20","94","65","28007","69.15"
"Benton","0","12","Mississippi","5/6/20","9","3","28009","33.33"
"Bolivar","2","115","Mississippi","5/6/20","101","14","28011","13.86"
"Calhoun","1","57","Mississippi","5/6/20","51","6","28013","11.76"
"Carroll","11","102","Mississippi","5/6/20","25","77","28015","308"
"Chickasaw","2","83","Mississippi","5/6/20","68","15","28017","22.06"
"Choctaw","0","14","Mississippi","5/6/20","13","1","28019","7.69"
"Claiborne","2","33","Mississippi","5/6/20","20","13","28021","65"
"Clarke","2","68","Mississippi","5/6/20","53","15","28023","28.3"
"Clay","3","58","Mississippi","5/6/20","34","24","28025","70.59"
"Coahoma","1","70","Mississippi","5/6/20","61","9","28027","14.75"
"Copiah","7","137","Mississippi","5/6/20","88","49","28029","55.68"
"Covington","4","82","Mississippi","5/6/20","55","27","28031","49.09"
"DeSoto","5","310","Mississippi","5/6/20","277","33","28033","11.91"
"Forrest","11","273","Mississippi","5/6/20","198","75","28035","37.88"
"Franklin","0","17","Mississippi","5/6/20","16","1","28037","6.25"
"George","0","15","Mississippi","5/6/20","13","2","28039","15.38"
"Greene","0","6","Mississippi","5/6/20","5","1","28041","20"
"Grenada","2","41","Mississippi","5/6/20","28","13","28043","46.43"
"Hancock","1","68","Mississippi","5/6/20","61","7","28045","11.48"
"Harrison","2","187","Mississippi","5/6/20","171","16","28047","9.36"
"Hinds","20","588","Mississippi","5/6/20","450","138","28049","30.67"
"Holmes","7","176","Mississippi","5/6/20","129","47","28051","36.43"
"Humphreys","1","27","Mississippi","5/6/20","22","5","28053","22.73"
"Itawamba","2","65","Mississippi","5/6/20","51","14","28057","27.45"
"Jackson","2","271","Mississippi","5/6/20","255","16","28059","6.27"
"Jasper","5","66","Mississippi","5/6/20","34","32","28061","94.12"
"Jefferson","0","26","Mississippi","5/6/20","23","3","28063","13.04"
"Jefferson Davis","2","45","Mississippi","5/6/20","31","14","28065","45.16"
"Jones","9","199","Mississippi","5/6/20","136","63","28067","46.32"
"Kemper","3","80","Mississippi","5/6/20","56","24","28069","42.86"
"Lafayette","1","96","Mississippi","5/6/20","88","8","28071","9.09"
"Lamar","4","127","Mississippi","5/6/20","102","25","28073","24.51"
"Lauderdale","16","448","Mississippi","5/6/20","334","114","28075","34.13"
"Lawrence","3","61","Mississippi","5/6/20","42","19","28077","45.24"
"Leake","10","257","Mississippi","5/6/20","190","67","28079","35.26"
"Lee","0","73","Mississippi","5/6/20","70","3","28081","4.29"
"Leflore","5","177","Mississippi","5/6/20","145","32","28083","22.07"
"Lincoln","4","166","Mississippi","5/6/20","141","25","28085","17.73"
"Lowndes","2","64","Mississippi","5/6/20","49","15","28087","30.61"
"Madison","13","318","Mississippi","5/6/20","224","94","28089","41.96"
"Marion","1","77","Mississippi","5/6/20","69","8","28091","11.59"
"Marshall","1","49","Mississippi","5/6/20","42","7","28093","16.67"
"Monroe","3","178","Mississippi","5/6/20","157","21","28095","13.38"
"Montgomery","4","51","Mississippi","5/6/20","20","31","28097","155"
"Neshoba","11","254","Mississippi","5/6/20","174","80","28099","45.98"
"Newton","5","113","Mississippi","5/6/20","78","35","28101","44.87"
"Noxubee","4","92","Mississippi","5/6/20","61","31","28103","50.82"
"Oktibbeha","1","59","Mississippi","5/6/20","49","10","28105","20.41"
"Panola","1","42","Mississippi","5/6/20","38","4","28107","10.53"
"Pearl River","4","183","Mississippi","5/6/20","157","26","28109","16.56"
"Perry","1","32","Mississippi","5/6/20","26","6","28111","23.08"
"Pike","2","159","Mississippi","5/6/20","143","16","28113","11.19"
"Pontotoc","1","22","Mississippi","5/6/20","18","4","28115","22.22"
"Prentiss","0","33","Mississippi","5/6/20","32","1","28117","3.12"
"Quitman","0","16","Mississippi","5/6/20","14","2","28119","14.29"
"Rankin","6","226","Mississippi","5/6/20","182","44","28121","24.18"
"Scott","16","410","Mississippi","5/6/20","296","114","28123","38.51"
"Sharkey","0","5","Mississippi","5/6/20","5","0","28125","0"
"Simpson","1","55","Mississippi","5/6/20","45","10","28127","22.22"
"Smith","3","92","Mississippi","5/6/20","73","19","28129","26.03"
"Stone","0","23","Mississippi","5/6/20","22","1","28131","4.55"
"Sunflower","1","61","Mississippi","5/6/20","53","8","28133","15.09"
"Tallahatchie","0","12","Mississippi","5/6/20","11","1","28135","9.09"
"Tate","1","45","Mississippi","5/6/20","41","4","28137","9.76"
"Tippah","1","61","Mississippi","5/6/20","53","8","28139","15.09"
"Tishomingo","0","8","Mississippi","5/6/20","7","1","28141","14.29"
"Tunica","0","37","Mississippi","5/6/20","35","2","28143","5.71"
"Union","3","40","Mississippi","5/6/20","16","24","28145","150"
"Walthall","1","36","Mississippi","5/6/20","30","6","28147","20"
"Warren","4","90","Mississippi","5/6/20","65","25","28149","38.46"
"Washington","0","80","Mississippi","5/6/20","77","3","28151","3.9"
"Wayne","1","26","Mississippi","5/6/20","20","6","28153","30"
"Webster","1","21","Mississippi","5/6/20","17","4","28155","23.53"
"Wilkinson","0","72","Mississippi","5/6/20","69","3","28157","4.35"
"Winston","1","53","Mississippi","5/6/20","43","10","28159","23.26"
"Yalobusha","1","23","Mississippi","5/6/20","19","4","28161","21.05"
"Yazoo","3","155","Mississippi","5/6/20","134","21","28163","15.67"
"Adair","0","12","Missouri","5/6/20","12","0","29001","0"
"Andrew","1","6","Missouri","5/6/20","2","4","29003","200"
"Atchison","0","2","Missouri","5/6/20","2","0","29005","0"
"Audrain","0","1","Missouri","5/6/20","1","0","29007","0"
"Barry","0","5","Missouri","5/6/20","6","-1","29009","-16.67"
"Bates","0","6","Missouri","5/6/20","6","0","29013","0"
"Benton","1","8","Missouri","5/6/20","4","4","29015","100"
"Bollinger","0","4","Missouri","5/6/20","4","0","29017","0"
"Boone","0","98","Missouri","5/6/20","99","-1","29019","-1.01"
"Buchanan","44","386","Missouri","5/6/20","76","310","29021","407.89"
"Butler","0","26","Missouri","5/6/20","26","0","29023","0"
"Caldwell","0","3","Missouri","5/6/20","3","0","29025","0"
"Callaway","0","23","Missouri","5/6/20","22","1","29027","4.55"
"Camden","0","35","Missouri","5/6/20","35","0","29029","0"
"Cape Girardeau","0","49","Missouri","5/6/20","49","0","29031","0"
"Carroll","0","2","Missouri","5/6/20","3","-1","29033","-33.33"
"Carter","0","3","Missouri","5/6/20","3","0","29035","0"
"Cass","0","64","Missouri","5/6/20","61","3","29037","4.92"
"Cedar","0","7","Missouri","5/6/20","5","2","29039","40"
"Chariton","0","5","Missouri","5/6/20","5","0","29041","0"
"Christian","0","19","Missouri","5/6/20","19","0","29043","0"
"Clark","0","1","Missouri","5/6/20","1","0","29045","0"
"Clay","2","85","Missouri","5/6/20","69","16","29047","23.19"
"Clinton","0","13","Missouri","5/6/20","11","2","29049","18.18"
"Cole","0","53","Missouri","5/6/20","50","3","29051","6"
"Cooper","0","9","Missouri","5/6/20","7","2","29053","28.57"
"Crawford","0","8","Missouri","5/6/20","7","1","29055","14.29"
"Dallas","0","2","Missouri","5/6/20","2","0","29059","0"
"Daviess","0","3","Missouri","5/6/20","2","1","29061","50"
"DeKalb","0","3","Missouri","5/6/20","3","0","29063","0"
"Dunklin","0","23","Missouri","5/6/20","21","2","29069","9.52"
"Franklin","3","132","Missouri","5/6/20","112","20","29071","17.86"
"Gasconade","0","2","Missouri","5/6/20","2","0","29073","0"
"Gentry","0","1","Missouri","5/6/20","1","0","29075","0"
"Greene","1","99","Missouri","5/6/20","95","4","29077","4.21"
"Harrison","0","6","Missouri","5/6/20","6","0","29081","0"
"Henry","0","8","Missouri","5/6/20","8","0","29083","0"
"Holt","0","1","Missouri","5/6/20","1","0","29087","0"
"Howard","0","2","Missouri","5/6/20","2","0","29089","0"
"Howell","0","5","Missouri","5/6/20","5","0","29091","0"
"Iron","0","2","Missouri","5/6/20","2","0","29093","0"
"Jackson","7","362","Missouri","5/6/20","313","49","29095","15.65"
"Jasper","0","24","Missouri","5/6/20","24","0","29097","0"
"Jefferson","4","301","Missouri","5/6/20","273","28","29099","10.26"
"Johnson","1","60","Missouri","5/6/20","54","6","29101","11.11"
"Kansas City","27","706","Missouri","5/6/20","520","186","00000","35.77"
"Lafayette","2","50","Missouri","5/6/20","36","14","29107","38.89"
"Lawrence","0","1","Missouri","5/6/20","0","1","29109","1"
"Lewis","0","6","Missouri","5/6/20","6","0","29111","0"
"Lincoln","0","74","Missouri","5/6/20","71","3","29113","4.23"
"Linn","0","5","Missouri","5/6/20","5","0","29115","0"
"Livingston","0","4","Missouri","5/6/20","2","2","29117","100"
"Macon","0","2","Missouri","5/6/20","2","0","29121","0"
"Madison","0","2","Missouri","5/6/20","1","1","29123","100"
"Maries","0","2","Missouri","5/6/20","2","0","29125","0"
"Marion","0","5","Missouri","5/6/20","5","0","29127","0"
"McDonald","0","4","Missouri","5/6/20","4","0","29119","0"
"Miller","0","2","Missouri","5/6/20","1","1","29131","100"
"Mississippi","1","32","Missouri","5/6/20","23","9","29133","39.13"
"Moniteau","0","51","Missouri","5/6/20","52","-1","29135","-1.92"
"Montgomery","0","7","Missouri","5/6/20","7","0","29139","0"
"Morgan","0","6","Missouri","5/6/20","3","3","29141","100"
"New Madrid","0","11","Missouri","5/6/20","9","2","29143","22.22"
"Newton","0","11","Missouri","5/6/20","10","1","29145","10"
"Nodaway","0","5","Missouri","5/6/20","3","2","29147","66.67"
"Oregon","0","2","Missouri","5/6/20","1","1","29149","100"
"Osage","0","5","Missouri","5/6/20","5","0","29151","0"
"Pemiscot","3","48","Missouri","5/6/20","25","23","29155","92"
"Perry","0","44","Missouri","5/6/20","43","1","29157","2.33"
"Pettis","3","55","Missouri","5/6/20","34","21","29159","61.76"
"Phelps","0","3","Missouri","5/6/20","2","1","29161","50"
"Pike","0","12","Missouri","5/6/20","10","2","29163","20"
"Platte","1","36","Missouri","5/6/20","32","4","29165","12.5"
"Polk","0","1","Missouri","5/6/20","1","0","29167","0"
"Pulaski","0","36","Missouri","5/6/20","34","2","29169","5.88"
"Ralls","0","1","Missouri","5/6/20","1","0","29173","0"
"Randolph","0","8","Missouri","5/6/20","8","0","29175","0"
"Ray","0","12","Missouri","5/6/20","12","0","29177","0"
"Reynolds","0","2","Missouri","5/6/20","2","0","29179","0"
"Ripley","0","5","Missouri","5/6/20","5","0","29181","0"
"Saline","3","208","Missouri","5/6/20","188","20","29195","10.64"
"Scotland","0","4","Missouri","5/6/20","4","0","29199","0"
"Scott","2","76","Missouri","5/6/20","63","13","29201","20.63"
"Shelby","0","1","Missouri","5/6/20","1","0","29205","0"
"St. Charles","5","631","Missouri","5/6/20","596","35","29183","5.87"
"St. Clair","0","2","Missouri","5/6/20","2","0","29185","0"
"St. Francois","0","29","Missouri","5/6/20","28","1","29187","3.57"
"St. Louis","87","3772","Missouri","5/6/20","3161","611","29189","19.33"
"St. Louis City","37","1384","Missouri","5/6/20","1126","258","29510","22.91"
"Ste. Genevieve","0","9","Missouri","5/6/20","7","2","29186","28.57"
"Stoddard","1","24","Missouri","5/6/20","19","5","29207","26.32"
"Stone","0","3","Missouri","5/6/20","3","0","29209","0"
"Sullivan","0","1","Missouri","5/6/20","0","1","29211","1"
"Taney","0","12","Missouri","5/6/20","11","1","29213","9.09"
"Vernon","0","5","Missouri","5/6/20","4","1","29217","25"
"Warren","1","26","Missouri","5/6/20","22","4","29219","18.18"
"Washington","0","9","Missouri","5/6/20","8","1","29221","12.5"
"Webster","0","15","Missouri","5/6/20","15","0","29225","0"
"Worth","0","1","Missouri","5/6/20","1","0","29227","0"
"Wright","0","10","Missouri","5/6/20","10","0","29229","0"
"Beaverhead","0","1","Montana","5/6/20","1","0","30001","0"
"Big Horn","0","3","Montana","5/6/20","3","0","30003","0"
"Broadwater","0","4","Montana","5/6/20","4","0","30007","0"
"Carbon","0","6","Montana","5/6/20","6","0","30009","0"
"Cascade","0","16","Montana","5/6/20","15","1","30013","6.67"
"Deer Lodge","0","3","Montana","5/6/20","3","0","30023","0"
"Flathead","0","37","Montana","5/6/20","37","0","30029","0"
"Gallatin","0","146","Montana","5/6/20","146","0","30031","0"
"Glacier","0","6","Montana","5/6/20","6","0","30035","0"
"Golden Valley","0","3","Montana","5/6/20","3","0","30037","0"
"Hill","0","1","Montana","5/6/20","1","0","30041","0"
"Jefferson","0","2","Montana","5/6/20","2","0","30043","0"
"Lake","0","5","Montana","5/6/20","5","0","30047","0"
"Lewis and Clark","0","16","Montana","5/6/20","16","0","30049","0"
"Liberty","0","1","Montana","5/6/20","1","0","30051","0"
"Lincoln","0","7","Montana","5/6/20","7","0","30053","0"
"Madison","0","8","Montana","5/6/20","8","0","30057","0"
"Meagher","0","1","Montana","5/6/20","1","0","30059","0"
"Missoula","0","39","Montana","5/6/20","39","0","30063","0"
"Musselshell","0","1","Montana","5/6/20","1","0","30065","0"
"Park","0","8","Montana","5/6/20","7","1","30067","14.29"
"Pondera","0","2","Montana","5/6/20","2","0","30073","0"
"Ravalli","0","5","Montana","5/6/20","5","0","30081","0"
"Richland","0","3","Montana","5/6/20","3","0","30083","0"
"Roosevelt","0","7","Montana","5/6/20","7","0","30085","0"
"Silver Bow","0","11","Montana","5/6/20","11","0","30093","0"
"Stillwater","0","1","Montana","5/6/20","1","0","30095","0"
"Toole","0","29","Montana","5/6/20","29","0","30101","0"
"Wheatland","0","1","Montana","5/6/20","1","0","30107","0"
"Yellowstone","0","83","Montana","5/6/20","80","3","30111","3.75"
"Adams","9","212","Nebraska","5/6/20","147","65","31001","44.22"
"Antelope","0","4","Nebraska","5/6/20","2","2","31003","100"
"Boone","0","2","Nebraska","5/6/20","0","2","31011","1"
"Box Butte","0","1","Nebraska","5/6/20","1","0","31013","0"
"Buffalo","3","116","Nebraska","5/6/20","97","19","31019","19.59"
"Burt","0","5","Nebraska","5/6/20","2","3","31021","150"
"Butler","1","10","Nebraska","5/6/20","2","8","31023","400"
"Cass","0","7","Nebraska","5/6/20","5","2","31025","40"
"Cedar","0","4","Nebraska","5/6/20","2","2","31027","100"
"Cherry","0","1","Nebraska","5/6/20","1","0","31031","0"
"Cheyenne","0","7","Nebraska","5/6/20","6","1","31033","16.67"
"Clay","0","10","Nebraska","5/6/20","9","1","31035","11.11"
"Colfax","35","292","Nebraska","5/6/20","44","248","31037","563.64"
"Cuming","1","10","Nebraska","5/6/20","5","5","31039","100"
"Custer","1","26","Nebraska","5/6/20","22","4","31041","18.18"
"Dakota","53","980","Nebraska","5/6/20","608","372","31043","61.18"
"Dawson","36","676","Nebraska","5/6/20","424","252","31047","59.43"
"Dixon","1","14","Nebraska","5/6/20","5","9","31051","180"
"Dodge","10","126","Nebraska","5/6/20","53","73","31053","137.74"
"Douglas","76","1113","Nebraska","5/6/20","580","533","31055","91.9"
"Fillmore","0","3","Nebraska","5/6/20","1","2","31059","200"
"Franklin","0","5","Nebraska","5/6/20","3","2","31061","66.67"
"Frontier","0","1","Nebraska","5/6/20","0","1","31063","1"
"Furnas","0","4","Nebraska","5/6/20","3","1","31065","33.33"
"Gage","1","39","Nebraska","5/6/20","35","4","31067","11.43"
"Gosper","0","12","Nebraska","5/6/20","9","3","31073","33.33"
"Greeley","0","2","Nebraska","5/6/20","2","0","31077","0"
"Hall","49","1287","Nebraska","5/6/20","943","344","31079","36.48"
"Hamilton","1","45","Nebraska","5/6/20","41","4","31081","9.76"
"Hitchcock","0","1","Nebraska","5/6/20","0","1","31087","1"
"Holt","0","1","Nebraska","5/6/20","0","1","31089","1"
"Howard","1","19","Nebraska","5/6/20","12","7","31093","58.33"
"Jefferson","0","4","Nebraska","5/6/20","3","1","31095","33.33"
"Johnson","0","4","Nebraska","5/6/20","4","0","31097","0"
"Kearney","0","6","Nebraska","5/6/20","4","2","31099","50"
"Keith","0","1","Nebraska","5/6/20","0","1","31101","1"
"Kimball","0","9","Nebraska","5/6/20","9","0","31105","0"
"Knox","0","5","Nebraska","5/6/20","2","3","31107","150"
"Lancaster","35","452","Nebraska","5/6/20","204","248","31109","121.57"
"Lincoln","2","36","Nebraska","5/6/20","23","13","31111","56.52"
"Madison","17","226","Nebraska","5/6/20","109","117","31119","107.34"
"McPherson","1","10","Nebraska","5/6/20","0","10","31117","1"
"Merrick","1","20","Nebraska","5/6/20","12","8","31121","66.67"
"Morrill","1","7","Nebraska","5/6/20","1","6","31123","600"
"Nance","0","4","Nebraska","5/6/20","1","3","31125","300"
"Nemaha","0","1","Nebraska","5/6/20","1","0","31127","0"
"Otoe","0","3","Nebraska","5/6/20","1","2","31131","200"
"Phelps","1","6","Nebraska","5/6/20","2","4","31137","200"
"Pierce","0","1","Nebraska","5/6/20","1","0","31139","0"
"Platte","28","260","Nebraska","5/6/20","66","194","31141","293.94"
"Polk","0","9","Nebraska","5/6/20","7","2","31143","28.57"
"Red Willow","0","5","Nebraska","5/6/20","2","3","31145","150"
"Saline","25","285","Nebraska","5/6/20","107","178","31151","166.36"
"Sarpy","10","180","Nebraska","5/6/20","113","67","31153","59.29"
"Saunders","0","10","Nebraska","5/6/20","9","1","31155","11.11"
"Scotts Bluff","1","35","Nebraska","5/6/20","29","6","31157","20.69"
"Seward","1","13","Nebraska","5/6/20","7","6","31159","85.71"
"Sherman","0","2","Nebraska","5/6/20","1","1","31163","100"
"Stanton","1","8","Nebraska","5/6/20","4","4","31167","100"
"Thomas","0","1","Nebraska","5/6/20","0","1","31171","1"
"Thurston","0","7","Nebraska","5/6/20","4","3","31173","75"
"Valley","0","1","Nebraska","5/6/20","1","0","31175","0"
"Washington","0","22","Nebraska","5/6/20","22","0","31177","0"
"Wayne","0","1","Nebraska","5/6/20","1","0","31179","0"
"Webster","0","5","Nebraska","5/6/20","3","2","31181","66.67"
"York","1","15","Nebraska","5/6/20","11","4","31185","36.36"
"Carson City","1","51","Nevada","5/6/20","44","7","32510","15.91"
"Churchill","0","3","Nevada","5/6/20","3","0","32001","0"
"Clark","83","4473","Nevada","5/6/20","3891","582","32003","14.96"
"Douglas","0","22","Nevada","5/6/20","19","3","32005","15.79"
"Elko","0","15","Nevada","5/6/20","15","0","32007","0"
"Humboldt","3","58","Nevada","5/6/20","38","20","32013","52.63"
"Lander","1","14","Nevada","5/6/20","7","7","32015","100"
"Lincoln","0","1","Nevada","5/6/20","0","1","32017","1"
"Lyon","1","36","Nevada","5/6/20","27","9","32019","33.33"
"Mineral","0","4","Nevada","5/6/20","4","0","32021","0"
"Nye","1","39","Nevada","5/6/20","35","4","32023","11.43"
"Washoe","25","1022","Nevada","5/6/20","848","174","32031","20.52"
"White Pine","0","3","Nevada","5/6/20","3","0","32033","0"
"Belknap","1","41","New Hampshire","5/6/20","34","7","33001","20.59"
"Carroll","0","34","New Hampshire","5/6/20","31","3","33003","9.68"
"Cheshire","0","41","New Hampshire","5/6/20","40","1","33005","2.5"
"Coos","0","2","New Hampshire","5/6/20","2","0","33007","0"
"Grafton","1","54","New Hampshire","5/6/20","48","6","33009","12.5"
"Hillsborough","46","1252","New Hampshire","5/6/20","931","321","33011","34.48"
"Merrimack","10","213","New Hampshire","5/6/20","145","68","33013","46.9"
"Rockingham","33","903","New Hampshire","5/6/20","670","233","33015","34.78"
"Strafford","4","168","New Hampshire","5/6/20","139","29","33017","20.86"
"Sullivan","0","13","New Hampshire","5/6/20","11","2","33019","18.18"
"Atlantic","48","1246","New Jersey","5/6/20","908","338","34001","37.22"
"Bergen","153","16520","New Jersey","5/6/20","15446","1074","34003","6.95"
"Burlington","90","3235","New Jersey","5/6/20","2606","629","34005","24.14"
"Camden","132","4307","New Jersey","5/6/20","3385","922","34007","27.24"
"Cape May","10","378","New Jersey","5/6/20","305","73","34009","23.93"
"Cumberland","53","1059","New Jersey","5/6/20","687","372","34011","54.15"
"Essex","215","14951","New Jersey","5/6/20","13445","1506","34013","11.2"
"Gloucester","42","1499","New Jersey","5/6/20","1208","291","34015","24.09"
"Hudson","229","16197","New Jersey","5/6/20","14596","1601","34017","10.97"
"Hunterdon","14","682","New Jersey","5/6/20","583","99","34019","16.98"
"Mercer","162","4860","New Jersey","5/6/20","3725","1135","34021","30.47"
"Middlesex","260","13254","New Jersey","5/6/20","11436","1818","34023","15.9"
"Monmouth","92","6552","New Jersey","5/6/20","5907","645","34025","10.92"
"Morris","63","5655","New Jersey","5/6/20","5213","442","34027","8.48"
"Ocean","125","7125","New Jersey","5/6/20","6253","872","34029","13.95"
"Passaic","255","13971","New Jersey","5/6/20","12185","1786","34031","14.66"
"Salem","18","353","New Jersey","5/6/20","227","126","34033","55.51"
"Somerset","70","3860","New Jersey","5/6/20","3372","488","34035","14.47"
"Sussex","14","995","New Jersey","5/6/20","900","95","34037","10.56"
"Union","175","13604","New Jersey","5/6/20","12380","1224","34039","9.89"
"Warren","16","993","New Jersey","5/6/20","880","113","34041","12.84"
"Bernalillo","31","981","New Mexico","5/6/20","765","216","35001","28.24"
"Catron","0","2","New Mexico","5/6/20","1","1","35003","100"
"Chaves","0","25","New Mexico","5/6/20","22","3","35005","13.64"
"Cibola","5","82","New Mexico","5/6/20","47","35","35006","74.47"
"Colfax","0","5","New Mexico","5/6/20","5","0","35007","0"
"Curry","1","23","New Mexico","5/6/20","13","10","35009","76.92"
"De Baca","0","1","New Mexico","5/6/20","0","1","35011","1"
"Dona Ana","7","180","New Mexico","5/6/20","130","50","35013","38.46"
"Eddy","0","13","New Mexico","5/6/20","12","1","35015","8.33"
"Grant","0","15","New Mexico","5/6/20","14","1","35017","7.14"
"Guadalupe","0","15","New Mexico","5/6/20","14","1","35019","7.14"
"Harding","0","1","New Mexico","5/6/20","1","0","35021","0"
"Lea","1","14","New Mexico","5/6/20","10","4","35025","40"
"Lincoln","0","2","New Mexico","5/6/20","2","0","35027","0"
"Los Alamos","0","6","New Mexico","5/6/20","6","0","35028","0"
"Luna","0","7","New Mexico","5/6/20","4","3","35029","75"
"McKinley","55","1337","New Mexico","5/6/20","953","384","35031","40.29"
"Otero","1","9","New Mexico","5/6/20","5","4","35035","80"
"Quay","0","4","New Mexico","5/6/20","4","0","35037","0"
"Rio Arriba","1","24","New Mexico","5/6/20","14","10","35039","71.43"
"Roosevelt","0","11","New Mexico","5/6/20","8","3","35041","37.5"
"San Juan","38","844","New Mexico","5/6/20","576","268","35045","46.53"
"San Miguel","0","4","New Mexico","5/6/20","2","2","35047","100"
"Sandoval","7","432","New Mexico","5/6/20","385","47","35043","12.21"
"Santa Fe","2","110","New Mexico","5/6/20","98","12","35049","12.24"
"Sierra","0","1","New Mexico","5/6/20","1","0","35051","0"
"Socorro","1","48","New Mexico","5/6/20","42","6","35053","14.29"
"Taos","0","20","New Mexico","5/6/20","17","3","35055","17.65"
"Torrance","0","17","New Mexico","5/6/20","15","2","35057","13.33"
"Union","0","3","New Mexico","5/6/20","3","0","35059","0"
"Valencia","2","55","New Mexico","5/6/20","44","11","35061","25"
"Albany","36","1321","New York","5/6/20","1067","254","36001","23.81"
"Allegany","0","35","New York","5/6/20","35","0","36003","0"
"Broome","10","345","New York","5/6/20","273","72","36007","26.37"
"Cattaraugus","1","54","New York","5/6/20","47","7","36009","14.89"
"Cayuga","0","51","New York","5/6/20","48","3","36011","6.25"
"Chautauqua","1","38","New York","5/6/20","31","7","36013","22.58"
"Chemung","1","128","New York","5/6/20","119","9","36015","7.56"
"Chenango","1","102","New York","5/6/20","96","6","36017","6.25"
"Clinton","1","69","New York","5/6/20","59","10","36019","16.95"
"Columbia","18","291","New York","5/6/20","165","126","36021","76.36"
"Cortland","0","28","New York","5/6/20","28","0","36023","0"
"Delaware","0","62","New York","5/6/20","60","2","36025","3.33"
"Dutchess","44","3192","New York","5/6/20","2881","311","36027","10.79"
"Erie","116","4008","New York","5/6/20","3196","812","36029","25.41"
"Essex","0","30","New York","5/6/20","27","3","36031","11.11"
"Franklin","0","16","New York","5/6/20","15","1","36033","6.67"
"Fulton","5","100","New York","5/6/20","67","33","36035","49.25"
"Genesee","1","162","New York","5/6/20","152","10","36037","6.58"
"Greene","11","188","New York","5/6/20","114","74","36039","64.91"
"Hamilton","0","5","New York","5/6/20","3","2","36041","66.67"
"Herkimer","1","68","New York","5/6/20","58","10","36043","17.24"
"Jefferson","0","63","New York","5/6/20","60","3","36045","5"
"Lewis","0","9","New York","5/6/20","9","0","36049","0"
"Livingston","3","89","New York","5/6/20","67","22","36051","32.84"
"Madison","15","231","New York","5/6/20","126","105","36053","83.33"
"Monroe","36","1655","New York","5/6/20","1404","251","36055","17.88"
"Montgomery","2","63","New York","5/6/20","51","12","36057","23.53"
"Nassau","264","37350","New York","5/6/20","35505","1845","36059","5.2"
"New York","1930","178351","New York","5/6/20","164841","13510","36061","8.2"
"Niagara","21","549","New York","5/6/20","401","148","36063","36.91"
"Oneida","22","579","New York","5/6/20","422","157","36065","37.2"
"Onondaga","39","1056","New York","5/6/20","782","274","36067","35.04"
"Ontario","1","99","New York","5/6/20","90","9","36069","10"
"Orange","104","9215","New York","5/6/20","8488","727","36071","8.57"
"Orleans","3","103","New York","5/6/20","85","18","36073","21.18"
"Oswego","1","70","New York","5/6/20","63","7","36075","11.11"
"Otsego","0","67","New York","5/6/20","66","1","36077","1.52"
"Putnam","13","1040","New York","5/6/20","946","94","36079","9.94"
"Rensselaer","12","347","New York","5/6/20","262","85","36083","32.44"
"Rockland","88","12204","New York","5/6/20","11586","618","36087","5.33"
"Saratoga","4","371","New York","5/6/20","346","25","36091","7.23"
"Schenectady","10","551","New York","5/6/20","479","72","36093","15.03"
"Schoharie","1","45","New York","5/6/20","39","6","36095","15.38"
"Schuyler","0","7","New York","5/6/20","7","0","36097","0"
"Seneca","1","46","New York","5/6/20","38","8","36099","21.05"
"St. Lawrence","1","180","New York","5/6/20","170","10","36089","5.88"
"Steuben","1","223","New York","5/6/20","214","9","36101","4.21"
"Suffolk","325","35543","New York","5/6/20","33265","2278","36103","6.85"
"Sullivan","26","996","New York","5/6/20","811","185","36105","22.81"
"Tioga","2","96","New York","5/6/20","84","12","36107","14.29"
"Tompkins","0","129","New York","5/6/20","127","2","36109","1.57"
"Ulster","19","1383","New York","5/6/20","1252","131","36111","10.46"
"Warren","6","193","New York","5/6/20","152","41","36113","26.97"
"Washington","8","189","New York","5/6/20","134","55","36115","41.04"
"Wayne","1","78","New York","5/6/20","70","8","36117","11.43"
"Westchester","257","30426","New York","5/6/20","28626","1800","36119","6.29"
"Wyoming","1","70","New York","5/6/20","65","5","36121","7.69"
"Yates","0","19","New York","5/6/20","17","2","36123","11.76"
"Alamance","5","128","North Carolina","5/6/20","96","32","37001","33.33"
"Alexander","0","6","North Carolina","5/6/20","4","2","37003","50"
"Alleghany","1","7","North Carolina","5/6/20","2","5","37005","250"
"Anson","1","31","North Carolina","5/6/20","24","7","37007","29.17"
"Ashe","0","5","North Carolina","5/6/20","5","0","37009","0"
"Beaufort","0","22","North Carolina","5/6/20","22","0","37013","0"
"Bertie","2","53","North Carolina","5/6/20","38","15","37015","39.47"
"Bladen","3","40","North Carolina","5/6/20","20","20","37017","100"
"Brunswick","1","50","North Carolina","5/6/20","43","7","37019","16.28"
"Buncombe","3","79","North Carolina","5/6/20","60","19","37021","31.67"
"Burke","3","117","North Carolina","5/6/20","97","20","37023","20.62"
"Cabarrus","7","326","North Carolina","5/6/20","275","51","37025","18.55"
"Caldwell","2","45","North Carolina","5/6/20","33","12","37027","36.36"
"Camden","0","2","North Carolina","5/6/20","1","1","37029","100"
"Carteret","0","29","North Carolina","5/6/20","28","1","37031","3.57"
"Caswell","2","36","North Carolina","5/6/20","19","17","37033","89.47"
"Catawba","1","65","North Carolina","5/6/20","56","9","37035","16.07"
"Chatham","18","412","North Carolina","5/6/20","287","125","37037","43.55"
"Cherokee","0","19","North Carolina","5/6/20","16","3","37039","18.75"
"Chowan","0","7","North Carolina","5/6/20","7","0","37041","0"
"Clay","0","6","North Carolina","5/6/20","6","0","37043","0"
"Cleveland","0","48","North Carolina","5/6/20","47","1","37045","2.13"
"Columbus","11","177","North Carolina","5/6/20","103","74","37047","71.84"
"Craven","1","44","North Carolina","5/6/20","39","5","37049","12.82"
"Cumberland","15","330","North Carolina","5/6/20","224","106","37051","47.32"
"Currituck","0","5","North Carolina","5/6/20","5","0","37053","0"
"Dare","0","18","North Carolina","5/6/20","15","3","37055","20"
"Davidson","4","191","North Carolina","5/6/20","166","25","37057","15.06"
"Davie","0","31","North Carolina","5/6/20","29","2","37059","6.9"
"Duplin","10","146","North Carolina","5/6/20","78","68","37061","87.18"
"Durham","13","818","North Carolina","5/6/20","724","94","37063","12.98"
"Edgecombe","7","128","North Carolina","5/6/20","81","47","37065","58.02"
"Forsyth","17","329","North Carolina","5/6/20","210","119","37067","56.67"
"Franklin","1","106","North Carolina","5/6/20","102","4","37069","3.92"
"Gaston","2","155","North Carolina","5/6/20","140","15","37071","10.71"
"Gates","0","10","North Carolina","5/6/20","7","3","37073","42.86"
"Graham","0","2","North Carolina","5/6/20","1","1","37075","100"
"Granville","4","161","North Carolina","5/6/20","136","25","37077","18.38"
"Greene","1","22","North Carolina","5/6/20","15","7","37079","46.67"
"Guilford","24","527","North Carolina","5/6/20","358","169","37081","47.21"
"Halifax","2","73","North Carolina","5/6/20","58","15","37083","25.86"
"Harnett","6","192","North Carolina","5/6/20","151","41","37085","27.15"
"Haywood","2","18","North Carolina","5/6/20","7","11","37087","157.14"
"Henderson","7","213","North Carolina","5/6/20","162","51","37089","31.48"
"Hertford","2","46","North Carolina","5/6/20","34","12","37091","35.29"
"Hoke","4","103","North Carolina","5/6/20","72","31","37093","43.06"
"Hyde","0","1","North Carolina","5/6/20","1","0","37095","0"
"Iredell","4","138","North Carolina","5/6/20","108","30","37097","27.78"
"Jackson","1","20","North Carolina","5/6/20","15","5","37099","33.33"
"Johnston","6","189","North Carolina","5/6/20","149","40","37101","26.85"
"Jones","1","19","North Carolina","5/6/20","12","7","37103","58.33"
"Lee","12","228","North Carolina","5/6/20","142","86","37105","60.56"
"Lenoir","5","95","North Carolina","5/6/20","60","35","37107","58.33"
"Lincoln","1","37","North Carolina","5/6/20","27","10","37109","37.04"
"Macon","0","3","North Carolina","5/6/20","2","1","37113","50"
"Madison","0","1","North Carolina","5/6/20","1","0","37115","0"
"Martin","1","25","North Carolina","5/6/20","16","9","37117","56.25"
"McDowell","0","28","North Carolina","5/6/20","25","3","37111","12"
"Mecklenburg","43","1870","North Carolina","5/6/20","1567","303","37119","19.34"
"Mitchell","0","5","North Carolina","5/6/20","5","0","37121","0"
"Montgomery","1","41","North Carolina","5/6/20","37","4","37123","10.81"
"Moore","3","148","North Carolina","5/6/20","125","23","37125","18.4"
"Nash","3","106","North Carolina","5/6/20","88","18","37127","20.45"
"New Hanover","3","97","North Carolina","5/6/20","79","18","37129","22.78"
"Northampton","2","93","North Carolina","5/6/20","82","11","37131","13.41"
"Onslow","1","52","North Carolina","5/6/20","43","9","37133","20.93"
"Orange","2","230","North Carolina","5/6/20","217","13","37135","5.99"
"Pamlico","0","8","North Carolina","5/6/20","7","1","37137","14.29"
"Pasquotank","0","38","North Carolina","5/6/20","36","2","37139","5.56"
"Pender","1","19","North Carolina","5/6/20","11","8","37141","72.73"
"Perquimans","0","14","North Carolina","5/6/20","13","1","37143","7.69"
"Person","0","23","North Carolina","5/6/20","20","3","37145","15"
"Pitt","4","147","North Carolina","5/6/20","120","27","37147","22.5"
"Polk","1","27","North Carolina","5/6/20","19","8","37149","42.11"
"Randolph","17","285","North Carolina","5/6/20","168","117","37151","69.64"
"Richmond","3","65","North Carolina","5/6/20","42","23","37153","54.76"
"Robeson","23","323","North Carolina","5/6/20","162","161","37155","99.38"
"Rockingham","1","34","North Carolina","5/6/20","25","9","37157","36"
"Rowan","10","439","North Carolina","5/6/20","366","73","37159","19.95"
"Rutherford","3","147","North Carolina","5/6/20","125","22","37161","17.6"
"Sampson","8","108","North Carolina","5/6/20","51","57","37163","111.76"
"Scotland","1","32","North Carolina","5/6/20","24","8","37165","33.33"
"Stanly","0","30","North Carolina","5/6/20","29","1","37167","3.45"
"Stokes","0","11","North Carolina","5/6/20","11","0","37169","0"
"Surry","1","20","North Carolina","5/6/20","13","7","37171","53.85"
"Swain","0","4","North Carolina","5/6/20","3","1","37173","33.33"
"Transylvania","0","8","North Carolina","5/6/20","7","1","37175","14.29"
"Tyrrell","0","4","North Carolina","5/6/20","4","0","37177","0"
"Union","7","278","North Carolina","5/6/20","228","50","37179","21.93"
"Vance","5","120","North Carolina","5/6/20","84","36","37181","42.86"
"Wake","21","958","North Carolina","5/6/20","814","144","37183","17.69"
"Warren","1","18","North Carolina","5/6/20","9","9","37185","100"
"Washington","0","25","North Carolina","5/6/20","24","1","37187","4.17"
"Watauga","0","9","North Carolina","5/6/20","8","1","37189","12.5"
"Wayne","5","688","North Carolina","5/6/20","651","37","37191","5.68"
"Wilkes","17","147","North Carolina","5/6/20","26","121","37193","465.38"
"Wilson","5","192","North Carolina","5/6/20","159","33","37195","20.75"
"Yadkin","1","27","North Carolina","5/6/20","17","10","37197","58.82"
"Yancey","0","1","North Carolina","5/6/20","0","1","37199","1"
"Barnes","0","4","North Dakota","5/6/20","4","0","38003","0"
"Bowman","0","1","North Dakota","5/6/20","1","0","38011","0"
"Burke","0","5","North Dakota","5/6/20","3","2","38013","66.67"
"Burleigh","4","102","North Dakota","5/6/20","76","26","38015","34.21"
"Cass","28","686","North Dakota","5/6/20","492","194","38017","39.43"
"Divide","0","1","North Dakota","5/6/20","1","0","38023","0"
"Dunn","0","11","North Dakota","5/6/20","10","1","38025","10"
"Eddy","0","1","North Dakota","5/6/20","1","0","38027","0"
"Emmons","0","1","North Dakota","5/6/20","1","0","38029","0"
"Foster","0","1","North Dakota","5/6/20","1","0","38031","0"
"Grand Forks","3","271","North Dakota","5/6/20","251","20","38035","7.97"
"Grant","0","1","North Dakota","5/6/20","1","0","38037","0"
"McHenry","0","1","North Dakota","5/6/20","1","0","38049","0"
"McIntosh","0","1","North Dakota","5/6/20","1","0","38051","0"
"McKenzie","0","13","North Dakota","5/6/20","13","0","38053","0"
"McLean","0","5","North Dakota","5/6/20","3","2","38055","66.67"
"Mercer","0","3","North Dakota","5/6/20","0","3","38057","1"
"Morton","2","35","North Dakota","5/6/20","24","11","38059","45.83"
"Mountrail","0","36","North Dakota","5/6/20","35","1","38061","2.86"
"Nelson","0","1","North Dakota","5/6/20","1","0","38063","0"
"Oliver","0","1","North Dakota","5/6/20","1","0","38065","0"
"Pembina","0","4","North Dakota","5/6/20","1","3","38067","300"
"Pierce","0","2","North Dakota","5/6/20","2","0","38069","0"
"Ramsey","0","3","North Dakota","5/6/20","3","0","38071","0"
"Ransom","0","2","North Dakota","5/6/20","1","1","38073","100"
"Renville","0","1","North Dakota","5/6/20","0","1","38075","1"
"Richland","0","7","North Dakota","5/6/20","7","0","38077","0"
"Rolette","0","1","North Dakota","5/6/20","1","0","38079","0"
"Sargent","0","2","North Dakota","5/6/20","1","1","38081","100"
"Sioux","0","1","North Dakota","5/6/20","1","0","38085","0"
"Slope","0","3","North Dakota","5/6/20","3","0","38087","0"
"Stark","2","57","North Dakota","5/6/20","46","11","38089","23.91"
"Stutsman","1","12","North Dakota","5/6/20","6","6","38093","100"
"Walsh","0","7","North Dakota","5/6/20","7","0","38099","0"
"Ward","1","25","North Dakota","5/6/20","21","4","38101","19.05"
"Wells","0","2","North Dakota","5/6/20","2","0","38103","0"
"Williams","0","13","North Dakota","5/6/20","10","3","38105","30"
"","0","15","Northern Mariana Islands","5/6/20","14","1",,"7.14"
"Adams","0","5","Ohio","5/6/20","5","0","39001","0"
"Allen","3","139","Ohio","5/6/20","116","23","39003","19.83"
"Ashland","1","12","Ohio","5/6/20","6","6","39005","100"
"Ashtabula","7","165","Ohio","5/6/20","116","49","39007","42.24"
"Athens","0","4","Ohio","5/6/20","3","1","39009","33.33"
"Auglaize","1","36","Ohio","5/6/20","32","4","39011","12.5"
"Belmont","10","201","Ohio","5/6/20","128","73","39013","57.03"
"Brown","0","13","Ohio","5/6/20","11","2","39015","18.18"
"Butler","14","361","Ohio","5/6/20","261","100","39017","38.31"
"Carroll","0","21","Ohio","5/6/20","19","2","39019","10.53"
"Champaign","0","15","Ohio","5/6/20","14","1","39021","7.14"
"Clark","3","71","Ohio","5/6/20","51","20","39023","39.22"
"Clermont","4","110","Ohio","5/6/20","81","29","39025","35.8"
"Clinton","0","31","Ohio","5/6/20","29","2","39027","6.9"
"Columbiana","7","297","Ohio","5/6/20","247","50","39029","20.24"
"Coshocton","0","17","Ohio","5/6/20","17","0","39031","0"
"Crawford","2","60","Ohio","5/6/20","45","15","39033","33.33"
"Cuyahoga","73","2542","Ohio","5/6/20","2030","512","39035","25.22"
"Darke","0","79","Ohio","5/6/20","76","3","39037","3.95"
"Defiance","0","21","Ohio","5/6/20","20","1","39039","5"
"Delaware","5","190","Ohio","5/6/20","153","37","39041","24.18"
"Erie","2","71","Ohio","5/6/20","54","17","39043","31.48"
"Fairfield","4","158","Ohio","5/6/20","129","29","39045","22.48"
"Fayette","1","21","Ohio","5/6/20","15","6","39047","40"
"Franklin","146","3237","Ohio","5/6/20","2216","1021","39049","46.07"
"Fulton","1","30","Ohio","5/6/20","21","9","39051","42.86"
"Gallia","0","6","Ohio","5/6/20","6","0","39053","0"
"Geauga","4","181","Ohio","5/6/20","153","28","39055","18.3"
"Greene","1","50","Ohio","5/6/20","46","4","39057","8.7"
"Guernsey","1","20","Ohio","5/6/20","15","5","39059","33.33"
"Hamilton","54","1527","Ohio","5/6/20","1150","377","39061","32.78"
"Hancock","0","39","Ohio","5/6/20","37","2","39063","5.41"
"Hardin","0","26","Ohio","5/6/20","24","2","39065","8.33"
"Harrison","0","6","Ohio","5/6/20","4","2","39067","50"
"Henry","0","6","Ohio","5/6/20","5","1","39069","20"
"Highland","0","11","Ohio","5/6/20","11","0","39071","0"
"Hocking","1","20","Ohio","5/6/20","16","4","39073","25"
"Holmes","0","6","Ohio","5/6/20","5","1","39075","20"
"Huron","1","34","Ohio","5/6/20","30","4","39077","13.33"
"Jackson","0","7","Ohio","5/6/20","4","3","39079","75"
"Jefferson","1","48","Ohio","5/6/20","43","5","39081","11.63"
"Knox","1","20","Ohio","5/6/20","16","4","39083","25"
"Lake","2","180","Ohio","5/6/20","165","15","39085","9.09"
"Lawrence","0","24","Ohio","5/6/20","24","0","39087","0"
"Licking","3","137","Ohio","5/6/20","115","22","39089","19.13"
"Logan","0","19","Ohio","5/6/20","18","1","39091","5.56"
"Lorain","14","518","Ohio","5/6/20","418","100","39093","23.92"
"Lucas","46","1527","Ohio","5/6/20","1208","319","39095","26.41"
"Madison","2","73","Ohio","5/6/20","60","13","39097","21.67"
"Mahoning","31","1024","Ohio","5/6/20","804","220","39099","27.36"
"Marion","22","2347","Ohio","5/6/20","2196","151","39101","6.88"
"Medina","3","184","Ohio","5/6/20","165","19","39103","11.52"
"Meigs","0","3","Ohio","5/6/20","2","1","39105","50"
"Mercer","3","42","Ohio","5/6/20","18","24","39107","133.33"
"Miami","1","144","Ohio","5/6/20","138","6","39109","4.35"
"Monroe","0","4","Ohio","5/6/20","3","1","39111","33.33"
"Montgomery","8","332","Ohio","5/6/20","279","53","39113","19"
"Morgan","0","5","Ohio","5/6/20","4","1","39115","25"
"Morrow","6","83","Ohio","5/6/20","41","42","39117","102.44"
"Muskingum","2","22","Ohio","5/6/20","10","12","39119","120"
"Noble","0","6","Ohio","5/6/20","5","1","39121","20"
"Ottawa","1","44","Ohio","5/6/20","37","7","39123","18.92"
"Paulding","0","8","Ohio","5/6/20","8","0","39125","0"
"Perry","0","13","Ohio","5/6/20","12","1","39127","8.33"
"Pickaway","16","1836","Ohio","5/6/20","1722","114","39129","6.62"
"Pike","0","4","Ohio","5/6/20","3","1","39131","33.33"
"Portage","5","262","Ohio","5/6/20","230","32","39133","13.91"
"Preble","0","27","Ohio","5/6/20","27","0","39135","0"
"Putnam","1","71","Ohio","5/6/20","64","7","39137","10.94"
"Richland","2","92","Ohio","5/6/20","80","12","39139","15"
"Ross","1","42","Ohio","5/6/20","37","5","39141","13.51"
"Sandusky","2","40","Ohio","5/6/20","23","17","39143","73.91"
"Scioto","1","13","Ohio","5/6/20","8","5","39145","62.5"
"Seneca","0","14","Ohio","5/6/20","14","0","39147","0"
"Shelby","0","30","Ohio","5/6/20","30","0","39149","0"
"Stark","13","427","Ohio","5/6/20","333","94","39151","28.23"
"Summit","29","787","Ohio","5/6/20","584","203","39153","34.76"
"Trumbull","8","363","Ohio","5/6/20","305","58","39155","19.02"
"Tuscarawas","12","144","Ohio","5/6/20","60","84","39157","140"
"Union","1","26","Ohio","5/6/20","19","7","39159","36.84"
"Van Wert","0","3","Ohio","5/6/20","3","0","39161","0"
"Vinton","0","8","Ohio","5/6/20","5","3","39163","60"
"Warren","6","179","Ohio","5/6/20","134","45","39165","33.58"
"Washington","2","106","Ohio","5/6/20","95","11","39167","11.58"
"Wayne","7","173","Ohio","5/6/20","125","48","39169","38.4"
"Williams","1","42","Ohio","5/6/20","33","9","39171","27.27"
"Wood","8","210","Ohio","5/6/20","154","56","39173","36.36"
"Wyandot","0","24","Ohio","5/6/20","25","-1","39175","-4"
"Adair","1","68","Oklahoma","5/6/20","64","4","40001","6.25"
"Alfalfa","0","1","Oklahoma","5/6/20","1","0","40003","0"
"Atoka","0","1","Oklahoma","5/6/20","1","0","40005","0"
"Beaver","1","15","Oklahoma","5/6/20","5","10","40007","200"
"Beckham","0","6","Oklahoma","5/6/20","5","1","40009","20"
"Blaine","0","2","Oklahoma","5/6/20","0","2","40011","1"
"Bryan","1","12","Oklahoma","5/6/20","8","4","40013","50"
"Caddo","2","77","Oklahoma","5/6/20","61","16","40015","26.23"
"Canadian","1","103","Oklahoma","5/6/20","97","6","40017","6.19"
"Carter","0","5","Oklahoma","5/6/20","2","3","40019","150"
"Cherokee","0","29","Oklahoma","5/6/20","27","2","40021","7.41"
"Choctaw","0","3","Oklahoma","5/6/20","3","0","40023","0"
"Cimarron","0","1","Oklahoma","5/6/20","1","0","40025","0"
"Cleveland","4","447","Oklahoma","5/6/20","417","30","40027","7.19"
"Comanche","5","113","Oklahoma","5/6/20","79","34","40031","43.04"
"Cotton","0","5","Oklahoma","5/6/20","5","0","40033","0"
"Craig","0","13","Oklahoma","5/6/20","10","3","40035","30"
"Creek","1","81","Oklahoma","5/6/20","77","4","40037","5.19"
"Custer","0","11","Oklahoma","5/6/20","10","1","40039","10"
"Delaware","0","92","Oklahoma","5/6/20","90","2","40041","2.22"
"Dewey","0","2","Oklahoma","5/6/20","2","0","40043","0"
"Garfield","1","21","Oklahoma","5/6/20","15","6","40047","40"
"Garvin","0","14","Oklahoma","5/6/20","13","1","40049","7.69"
"Grady","1","41","Oklahoma","5/6/20","35","6","40051","17.14"
"Grant","0","2","Oklahoma","5/6/20","2","0","40053","0"
"Greer","0","65","Oklahoma","5/6/20","64","1","40055","1.56"
"Harper","0","1","Oklahoma","5/6/20","1","0","40059","0"
"Haskell","0","5","Oklahoma","5/6/20","4","1","40061","25"
"Jackson","1","19","Oklahoma","5/6/20","15","4","40065","26.67"
"Jefferson","0","2","Oklahoma","5/6/20","2","0","40067","0"
"Johnston","0","3","Oklahoma","5/6/20","3","0","40069","0"
"Kay","0","48","Oklahoma","5/6/20","47","1","40071","2.13"
"Kingfisher","0","8","Oklahoma","5/6/20","8","0","40073","0"
"Kiowa","0","5","Oklahoma","5/6/20","4","1","40075","25"
"Latimer","0","5","Oklahoma","5/6/20","5","0","40077","0"
"Le Flore","0","13","Oklahoma","5/6/20","10","3","40079","30"
"Lincoln","1","16","Oklahoma","5/6/20","12","4","40081","33.33"
"Logan","0","17","Oklahoma","5/6/20","14","3","40083","21.43"
"Love","0","2","Oklahoma","5/6/20","2","0","40085","0"
"Major","0","4","Oklahoma","5/6/20","3","1","40093","33.33"
"Marshall","0","2","Oklahoma","5/6/20","2","0","40095","0"
"Mayes","0","24","Oklahoma","5/6/20","21","3","40097","14.29"
"McClain","7","84","Oklahoma","5/6/20","35","49","40087","140"
"McCurtain","0","8","Oklahoma","5/6/20","8","0","40089","0"
"McIntosh","0","4","Oklahoma","5/6/20","2","2","40091","100"
"Murray","0","2","Oklahoma","5/6/20","1","1","40099","100"
"Muskogee","0","27","Oklahoma","5/6/20","26","1","40101","3.85"
"Noble","0","7","Oklahoma","5/6/20","6","1","40103","16.67"
"Nowata","0","21","Oklahoma","5/6/20","21","0","40105","0"
"Okfuskee","0","1","Oklahoma","5/6/20","1","0","40107","0"
"Oklahoma","18","868","Oklahoma","5/6/20","743","125","40109","16.82"
"Okmulgee","0","16","Oklahoma","5/6/20","16","0","40111","0"
"Osage","1","77","Oklahoma","5/6/20","73","4","40113","5.48"
"Ottawa","0","34","Oklahoma","5/6/20","31","3","40115","9.68"
"Pawnee","0","29","Oklahoma","5/6/20","29","0","40117","0"
"Payne","0","44","Oklahoma","5/6/20","44","0","40119","0"
"Pittsburg","2","39","Oklahoma","5/6/20","28","11","40121","39.29"
"Pontotoc","0","10","Oklahoma","5/6/20","10","0","40123","0"
"Pottawatomie","1","52","Oklahoma","5/6/20","43","9","40125","20.93"
"Pushmataha","0","1","Oklahoma","5/6/20","1","0","40127","0"
"Rogers","2","68","Oklahoma","5/6/20","52","16","40131","30.77"
"Seminole","1","19","Oklahoma","5/6/20","10","9","40133","90"
"Sequoyah","0","13","Oklahoma","5/6/20","12","1","40135","8.33"
"Stephens","0","22","Oklahoma","5/6/20","22","0","40137","0"
"Texas","22","274","Oklahoma","5/6/20","119","155","40139","130.25"
"Tillman","2","15","Oklahoma","5/6/20","1","14","40141","1400"
"Tulsa","19","653","Oklahoma","5/6/20","522","131","40143","25.1"
"Wagoner","1","123","Oklahoma","5/6/20","118","5","40145","4.24"
"Washington","5","283","Oklahoma","5/6/20","248","35","40147","14.11"
"Woods","0","3","Oklahoma","5/6/20","3","0","40151","0"
"Woodward","0","1","Oklahoma","5/6/20","1","0","40153","0"
"Baker","0","1","Oregon","5/6/20","0","1","41001","1"
"Benton","2","40","Oregon","5/6/20","29","11","41003","37.93"
"Clackamas","4","235","Oregon","5/6/20","206","29","41005","14.08"
"Clatsop","2","17","Oregon","5/6/20","6","11","41007","183.33"
"Columbia","0","15","Oregon","5/6/20","14","1","41009","7.14"
"Coos","2","28","Oregon","5/6/20","15","13","41011","86.67"
"Crook","0","1","Oregon","5/6/20","1","0","41013","0"
"Curry","0","4","Oregon","5/6/20","4","0","41015","0"
"Deschutes","1","81","Oregon","5/6/20","75","6","41017","8"
"Douglas","0","24","Oregon","5/6/20","23","1","41019","4.35"
"Grant","0","1","Oregon","5/6/20","1","0","41023","0"
"Harney","0","1","Oregon","5/6/20","1","0","41025","0"
"Hood River","1","11","Oregon","5/6/20","6","5","41027","83.33"
"Jackson","0","49","Oregon","5/6/20","49","0","41029","0"
"Jefferson","1","18","Oregon","5/6/20","10","8","41031","80"
"Josephine","1","24","Oregon","5/6/20","20","4","41033","20"
"Klamath","0","39","Oregon","5/6/20","37","2","41035","5.41"
"Lane","1","57","Oregon","5/6/20","50","7","41039","14"
"Lincoln","0","6","Oregon","5/6/20","5","1","41041","20"
"Linn","2","99","Oregon","5/6/20","82","17","41043","20.73"
"Malheur","1","13","Oregon","5/6/20","7","6","41045","85.71"
"Marion","17","592","Oregon","5/6/20","474","118","41047","24.89"
"Morrow","1","10","Oregon","5/6/20","6","4","41049","66.67"
"Multnomah","14","793","Oregon","5/6/20","696","97","41051","13.94"
"Polk","5","75","Oregon","5/6/20","39","36","41053","92.31"
"Sherman","0","1","Oregon","5/6/20","1","0","41055","0"
"Tillamook","0","6","Oregon","5/6/20","6","0","41057","0"
"Umatilla","5","77","Oregon","5/6/20","45","32","41059","71.11"
"Union","0","4","Oregon","5/6/20","4","0","41061","0"
"Wallowa","0","1","Oregon","5/6/20","1","0","41063","0"
"Wasco","0","14","Oregon","5/6/20","13","1","41065","7.69"
"Washington","8","537","Oregon","5/6/20","481","56","41067","11.64"
"Yamhill","0","42","Oregon","5/6/20","39","3","41071","7.69"
"Adams","3","148","Pennsylvania","5/6/20","130","18","42001","13.85"
"Allegheny","17","1394","Pennsylvania","5/6/20","1273","121","42003","9.51"
"Armstrong","1","55","Pennsylvania","5/6/20","50","5","42005","10"
"Beaver","11","471","Pennsylvania","5/6/20","392","79","42007","20.15"
"Bedford","0","27","Pennsylvania","5/6/20","24","3","42009","12.5"
"Berks","59","3048","Pennsylvania","5/6/20","2637","411","42011","15.59"
"Blair","0","25","Pennsylvania","5/6/20","23","2","42013","8.7"
"Bradford","1","36","Pennsylvania","5/6/20","29","7","42015","24.14"
"Bucks","105","3508","Pennsylvania","5/6/20","2776","732","42017","26.37"
"Butler","1","185","Pennsylvania","5/6/20","175","10","42019","5.71"
"Cambria","1","35","Pennsylvania","5/6/20","25","10","42021","40"
"Cameron","0","2","Pennsylvania","5/6/20","1","1","42023","100"
"Carbon","2","186","Pennsylvania","5/6/20","170","16","42025","9.41"
"Centre","3","113","Pennsylvania","5/6/20","95","18","42027","18.95"
"Chester","47","1636","Pennsylvania","5/6/20","1304","332","42029","25.46"
"Clarion","0","23","Pennsylvania","5/6/20","23","0","42031","0"
"Clearfield","1","21","Pennsylvania","5/6/20","14","7","42033","50"
"Clinton","1","34","Pennsylvania","5/6/20","30","4","42035","13.33"
"Columbia","3","302","Pennsylvania","5/6/20","283","19","42037","6.71"
"Crawford","0","20","Pennsylvania","5/6/20","19","1","42039","5.26"
"Cumberland","9","386","Pennsylvania","5/6/20","324","62","42041","19.14"
"Dauphin","22","711","Pennsylvania","5/6/20","558","153","42043","27.42"
"Delaware","108","4373","Pennsylvania","5/6/20","3619","754","42045","20.83"
"Elk","0","4","Pennsylvania","5/6/20","3","1","42047","33.33"
"Erie","1","95","Pennsylvania","5/6/20","87","8","42049","9.2"
"Fayette","1","84","Pennsylvania","5/6/20","80","4","42051","5"
"Forest","0","7","Pennsylvania","5/6/20","7","0","42053","0"
"Franklin","20","406","Pennsylvania","5/6/20","264","142","42055","53.79"
"Fulton","0","7","Pennsylvania","5/6/20","5","2","42057","40"
"Greene","0","27","Pennsylvania","5/6/20","26","1","42059","3.85"
"Huntingdon","4","60","Pennsylvania","5/6/20","29","31","42061","106.9"
"Indiana","2","75","Pennsylvania","5/6/20","63","12","42063","19.05"
"Jefferson","0","7","Pennsylvania","5/6/20","4","3","42065","75"
"Juniata","1","86","Pennsylvania","5/6/20","82","4","42067","4.88"
"Lackawanna","29","1076","Pennsylvania","5/6/20","873","203","42069","23.25"
"Lancaster","48","2041","Pennsylvania","5/6/20","1703","338","42071","19.85"
"Lawrence","1","68","Pennsylvania","5/6/20","64","4","42073","6.25"
"Lebanon","18","774","Pennsylvania","5/6/20","648","126","42075","19.44"
"Lehigh","49","3063","Pennsylvania","5/6/20","2719","344","42077","12.65"
"Luzerne","28","2306","Pennsylvania","5/6/20","2111","195","42079","9.24"
"Lycoming","4","90","Pennsylvania","5/6/20","61","29","42081","47.54"
"McKean","0","6","Pennsylvania","5/6/20","6","0","42083","0"
"Mercer","1","69","Pennsylvania","5/6/20","65","4","42085","6.15"
"Mifflin","1","45","Pennsylvania","5/6/20","36","9","42087","25"
"Monroe","11","1190","Pennsylvania","5/6/20","1111","79","42089","7.11"
"Montgomery","93","4827","Pennsylvania","5/6/20","4177","650","42091","15.56"
"Montour","0","50","Pennsylvania","5/6/20","47","3","42093","6.38"
"Northampton","44","2313","Pennsylvania","5/6/20","2008","305","42095","15.19"
"Northumberland","3","111","Pennsylvania","5/6/20","92","19","42097","20.65"
"Perry","1","34","Pennsylvania","5/6/20","30","4","42099","13.33"
"Philadelphia","413","16697","Pennsylvania","5/6/20","13803","2894","42101","20.97"
"Pike","7","415","Pennsylvania","5/6/20","369","46","42103","12.47"
"Potter","0","4","Pennsylvania","5/6/20","4","0","42105","0"
"Schuylkill","11","419","Pennsylvania","5/6/20","343","76","42107","22.16"
"Snyder","0","33","Pennsylvania","5/6/20","33","0","42109","0"
"Somerset","1","32","Pennsylvania","5/6/20","26","6","42111","23.08"
"Sullivan","0","1","Pennsylvania","5/6/20","1","0","42113","0"
"Susquehanna","1","87","Pennsylvania","5/6/20","81","6","42115","7.41"
"Tioga","0","16","Pennsylvania","5/6/20","14","2","42117","14.29"
"Union","1","39","Pennsylvania","5/6/20","33","6","42119","18.18"
"Venango","0","7","Pennsylvania","5/6/20","7","0","42121","0"
"Warren","0","1","Pennsylvania","5/6/20","1","0","42123","0"
"Washington","1","121","Pennsylvania","5/6/20","113","8","42125","7.08"
"Wayne","2","110","Pennsylvania","5/6/20","95","15","42127","15.79"
"Westmoreland","3","409","Pennsylvania","5/6/20","386","23","42129","5.96"
"Wyoming","1","27","Pennsylvania","5/6/20","19","8","42131","42.11"
"York","14","722","Pennsylvania","5/6/20","624","98","42133","15.71"
"","76","1968","Puerto Rico","5/6/20","1433","535",,"37.33"
"Bristol","1","154","Rhode Island","5/6/20","145","9","44001","6.21"
"Kent","15","703","Rhode Island","5/6/20","598","105","44003","17.56"
"Newport","2","161","Rhode Island","5/6/20","148","13","44005","8.78"
"Providence","167","7138","Rhode Island","5/6/20","5967","1171","44007","19.62"
"Washington","6","363","Rhode Island","5/6/20","324","39","44009","12.04"
"Abbeville","1","33","South Carolina","5/6/20","29","4","45001","13.79"
"Aiken","2","108","South Carolina","5/6/20","97","11","45003","11.34"
"Allendale","1","18","South Carolina","5/6/20","10","8","45005","80"
"Anderson","2","173","South Carolina","5/6/20","157","16","45007","10.19"
"Bamberg","1","14","South Carolina","5/6/20","9","5","45009","55.56"
"Barnwell","2","28","South Carolina","5/6/20","17","11","45011","64.71"
"Beaufort","1","269","South Carolina","5/6/20","262","7","45013","2.67"
"Berkeley","2","189","South Carolina","5/6/20","174","15","45015","8.62"
"Calhoun","0","7","South Carolina","5/6/20","6","1","45017","16.67"
"Charleston","3","464","South Carolina","5/6/20","441","23","45019","5.22"
"Cherokee","1","19","South Carolina","5/6/20","15","4","45021","26.67"
"Chester","1","34","South Carolina","5/6/20","27","7","45023","25.93"
"Chesterfield","2","65","South Carolina","5/6/20","48","17","45025","35.42"
"Clarendon","7","248","South Carolina","5/6/20","201","47","45027","23.38"
"Colleton","1","32","South Carolina","5/6/20","26","6","45029","23.08"
"Darlington","5","151","South Carolina","5/6/20","114","37","45031","32.46"
"Dillon","4","74","South Carolina","5/6/20","47","27","45033","57.45"
"Dorchester","1","103","South Carolina","5/6/20","94","9","45035","9.57"
"Edgefield","1","35","South Carolina","5/6/20","29","6","45037","20.69"
"Fairfield","6","74","South Carolina","5/6/20","34","40","45039","117.65"
"Florence","10","358","South Carolina","5/6/20","288","70","45041","24.31"
"Georgetown","1","48","South Carolina","5/6/20","40","8","45043","20"
"Greenville","16","803","South Carolina","5/6/20","689","114","45045","16.55"
"Greenwood","2","61","South Carolina","5/6/20","46","15","45047","32.61"
"Hampton","1","27","South Carolina","5/6/20","23","4","45049","17.39"
"Horry","4","238","South Carolina","5/6/20","211","27","45051","12.8"
"Jasper","0","21","South Carolina","5/6/20","19","2","45053","10.53"
"Kershaw","2","245","South Carolina","5/6/20","234","11","45055","4.7"
"Lancaster","1","99","South Carolina","5/6/20","93","6","45057","6.45"
"Laurens","1","42","South Carolina","5/6/20","38","4","45059","10.53"
"Lee","2","70","South Carolina","5/6/20","58","12","45061","20.69"
"Lexington","12","442","South Carolina","5/6/20","358","84","45063","23.46"
"Marion","1","41","South Carolina","5/6/20","32","9","45067","28.12"
"Marlboro","2","54","South Carolina","5/6/20","43","11","45069","25.58"
"McCormick","0","7","South Carolina","5/6/20","6","1","45065","16.67"
"Newberry","1","31","South Carolina","5/6/20","24","7","45071","29.17"
"Oconee","1","31","South Carolina","5/6/20","24","7","45073","29.17"
"Orangeburg","4","95","South Carolina","5/6/20","68","27","45075","39.71"
"Pickens","1","61","South Carolina","5/6/20","54","7","45077","12.96"
"Richland","19","1014","South Carolina","5/6/20","884","130","45079","14.71"
"Saluda","5","73","South Carolina","5/6/20","41","32","45081","78.05"
"Spartanburg","8","318","South Carolina","5/6/20","262","56","45083","21.37"
"Sumter","7","271","South Carolina","5/6/20","223","48","45085","21.52"
"Union","0","26","South Carolina","5/6/20","25","1","45087","4"
"Williamsburg","5","100","South Carolina","5/6/20","65","35","45089","53.85"
"York","4","222","South Carolina","5/6/20","197","25","45091","12.69"
"Aurora","0","1","South Dakota","5/6/20","1","0","46003","0"
"Beadle","0","21","South Dakota","5/6/20","21","0","46005","0"
"Bon Homme","0","4","South Dakota","5/6/20","4","0","46009","0"
"Brookings","0","14","South Dakota","5/6/20","12","2","46011","16.67"
"Brown","6","76","South Dakota","5/6/20","32","44","46013","137.5"
"Buffalo","0","1","South Dakota","5/6/20","1","0","46017","0"
"Charles Mix","0","5","South Dakota","5/6/20","5","0","46023","0"
"Clark","0","1","South Dakota","5/6/20","1","0","46025","0"
"Clay","0","7","South Dakota","5/6/20","6","1","46027","16.67"
"Codington","0","15","South Dakota","5/6/20","14","1","46029","7.14"
"Corson","0","1","South Dakota","5/6/20","1","0","46031","0"
"Davison","0","7","South Dakota","5/6/20","5","2","46035","40"
"Day","1","10","South Dakota","5/6/20","1","9","46037","900"
"Deuel","0","1","South Dakota","5/6/20","1","0","46039","0"
"Dewey","0","1","South Dakota","5/6/20","0","1","46041","1"
"Douglas","0","1","South Dakota","5/6/20","1","0","46043","0"
"Fall River","0","2","South Dakota","5/6/20","1","1","46047","100"
"Faulk","0","1","South Dakota","5/6/20","1","0","46049","0"
"Grant","0","2","South Dakota","5/6/20","0","2","46051","1"
"Hamlin","0","2","South Dakota","5/6/20","2","0","46057","0"
"Hand","0","1","South Dakota","5/6/20","1","0","46059","0"
"Hughes","1","13","South Dakota","5/6/20","7","6","46065","85.71"
"Hutchinson","0","3","South Dakota","5/6/20","3","0","46067","0"
"Hyde","0","1","South Dakota","5/6/20","1","0","46069","0"
"Jerauld","0","6","South Dakota","5/6/20","6","0","46073","0"
"Lake","0","4","South Dakota","5/6/20","4","0","46079","0"
"Lawrence","0","9","South Dakota","5/6/20","9","0","46081","0"
"Lincoln","5","170","South Dakota","5/6/20","138","32","46083","23.19"
"Lyman","0","3","South Dakota","5/6/20","3","0","46085","0"
"Marshall","0","1","South Dakota","5/6/20","1","0","46091","0"
"McCook","0","4","South Dakota","5/6/20","4","0","46087","0"
"McPherson","0","1","South Dakota","5/6/20","1","0","46089","0"
"Meade","0","2","South Dakota","5/6/20","1","1","46093","100"
"Miner","0","1","South Dakota","5/6/20","1","0","46097","0"
"Minnehaha","35","2231","South Dakota","5/6/20","1984","247","46099","12.45"
"Moody","0","7","South Dakota","5/6/20","5","2","46101","40"
"Oglala Lakota","0","2","South Dakota","5/6/20","1","1","46102","100"
"Pennington","1","16","South Dakota","5/6/20","12","4","46103","33.33"
"Roberts","1","11","South Dakota","5/6/20","4","7","46109","175"
"Sanborn","0","3","South Dakota","5/6/20","3","0","46111","0"
"Spink","0","3","South Dakota","5/6/20","3","0","46115","0"
"Stanley","0","8","South Dakota","5/6/20","6","2","46117","33.33"
"Sully","0","1","South Dakota","5/6/20","1","0","46119","0"
"Todd","1","7","South Dakota","5/6/20","1","6","46121","600"
"Turner","0","18","South Dakota","5/6/20","15","3","46125","20"
"Union","4","46","South Dakota","5/6/20","17","29","46127","170.59"
"Walworth","0","5","South Dakota","5/6/20","5","0","46129","0"
"Yankton","0","29","South Dakota","5/6/20","26","3","46135","11.54"
"Ziebach","0","1","South Dakota","5/6/20","0","1","46137","1"
"Anderson","0","29","Tennessee","5/6/20","27","2","47001","7.41"
"Bedford","6","212","Tennessee","5/6/20","169","43","47003","25.44"
"Benton","0","7","Tennessee","5/6/20","6","1","47005","16.67"
"Bledsoe","1","601","Tennessee","5/6/20","592","9","47007","1.52"
"Blount","2","69","Tennessee","5/6/20","55","14","47009","25.45"
"Bradley","2","61","Tennessee","5/6/20","48","13","47011","27.08"
"Campbell","0","16","Tennessee","5/6/20","14","2","47013","14.29"
"Cannon","0","12","Tennessee","5/6/20","11","1","47015","9.09"
"Carroll","0","18","Tennessee","5/6/20","18","0","47017","0"
"Carter","1","16","Tennessee","5/6/20","12","4","47019","33.33"
"Cheatham","2","58","Tennessee","5/6/20","42","16","47021","38.1"
"Chester","0","10","Tennessee","5/6/20","10","0","47023","0"
"Claiborne","0","6","Tennessee","5/6/20","5","1","47025","20"
"Clay","0","6","Tennessee","5/6/20","5","1","47027","20"
"Cocke","0","16","Tennessee","5/6/20","16","0","47029","0"
"Coffee","1","45","Tennessee","5/6/20","35","10","47031","28.57"
"Crockett","0","7","Tennessee","5/6/20","7","0","47033","0"
"Cumberland","2","85","Tennessee","5/6/20","74","11","47035","14.86"
"Davidson","96","3128","Tennessee","5/6/20","2454","674","47037","27.47"
"Decatur","0","4","Tennessee","5/6/20","4","0","47039","0"
"DeKalb","2","25","Tennessee","5/6/20","14","11","47041","78.57"
"Dickson","2","84","Tennessee","5/6/20","72","12","47043","16.67"
"Dyer","1","38","Tennessee","5/6/20","34","4","47045","11.76"
"Fayette","3","73","Tennessee","5/6/20","53","20","47047","37.74"
"Fentress","0","5","Tennessee","5/6/20","4","1","47049","25"
"Franklin","0","36","Tennessee","5/6/20","34","2","47051","5.88"
"Gibson","1","50","Tennessee","5/6/20","44","6","47053","13.64"
"Giles","0","9","Tennessee","5/6/20","7","2","47055","28.57"
"Grainger","0","6","Tennessee","5/6/20","5","1","47057","20"
"Greene","0","43","Tennessee","5/6/20","43","0","47059","0"
"Grundy","0","28","Tennessee","5/6/20","28","0","47061","0"
"Hamblen","0","19","Tennessee","5/6/20","17","2","47063","11.76"
"Hamilton","6","196","Tennessee","5/6/20","152","44","47065","28.95"
"Hardeman","2","22","Tennessee","5/6/20","11","11","47069","100"
"Hardin","0","7","Tennessee","5/6/20","5","2","47071","40"
"Hawkins","0","31","Tennessee","5/6/20","30","1","47073","3.33"
"Haywood","1","26","Tennessee","5/6/20","19","7","47075","36.84"
"Henderson","1","10","Tennessee","5/6/20","6","4","47077","66.67"
"Henry","0","13","Tennessee","5/6/20","11","2","47079","18.18"
"Hickman","1","47","Tennessee","5/6/20","43","4","47081","9.3"
"Houston","0","6","Tennessee","5/6/20","5","1","47083","20"
"Humphreys","0","11","Tennessee","5/6/20","10","1","47085","10"
"Jackson","0","7","Tennessee","5/6/20","7","0","47087","0"
"Jefferson","1","26","Tennessee","5/6/20","18","8","47089","44.44"
"Johnson","1","7","Tennessee","5/6/20","3","4","47091","133.33"
"Knox","4","252","Tennessee","5/6/20","221","31","47093","14.03"
"Lake","1","59","Tennessee","5/6/20","53","6","47095","11.32"
"Lauderdale","1","25","Tennessee","5/6/20","19","6","47097","31.58"
"Lawrence","0","17","Tennessee","5/6/20","17","0","47099","0"
"Lewis","0","2","Tennessee","5/6/20","2","0","47101","0"
"Lincoln","0","16","Tennessee","5/6/20","13","3","47103","23.08"
"Loudon","1","39","Tennessee","5/6/20","32","7","47105","21.88"
"Macon","2","54","Tennessee","5/6/20","39","15","47111","38.46"
"Madison","2","144","Tennessee","5/6/20","131","13","47113","9.92"
"Marion","0","29","Tennessee","5/6/20","28","1","47115","3.57"
"Marshall","0","23","Tennessee","5/6/20","22","1","47117","4.55"
"Maury","1","51","Tennessee","5/6/20","42","9","47119","21.43"
"McMinn","3","107","Tennessee","5/6/20","89","18","47107","20.22"
"McNairy","0","11","Tennessee","5/6/20","11","0","47109","0"
"Meigs","0","11","Tennessee","5/6/20","8","3","47121","37.5"
"Monroe","1","26","Tennessee","5/6/20","16","10","47123","62.5"
"Montgomery","2","153","Tennessee","5/6/20","141","12","47125","8.51"
"Moore","0","3","Tennessee","5/6/20","3","0","47127","0"
"Morgan","0","6","Tennessee","5/6/20","6","0","47129","0"
"Obion","0","15","Tennessee","5/6/20","12","3","47131","25"
"Out of TN","16","344","Tennessee","5/6/20","234","110","80047","47.01"
"Overton","0","10","Tennessee","5/6/20","8","2","47133","25"
"Perry","1","13","Tennessee","5/6/20","8","5","47135","62.5"
"Polk","1","12","Tennessee","5/6/20","7","5","47139","71.43"
"Putnam","6","162","Tennessee","5/6/20","119","43","47141","36.13"
"Rhea","0","6","Tennessee","5/6/20","4","2","47143","50"
"Roane","0","7","Tennessee","5/6/20","7","0","47145","0"
"Robertson","7","186","Tennessee","5/6/20","139","47","47147","33.81"
"Rutherford","30","655","Tennessee","5/6/20","448","207","47149","46.21"
"Scott","0","11","Tennessee","5/6/20","11","0","47151","0"
"Sequatchie","0","7","Tennessee","5/6/20","5","2","47153","40"
"Sevier","2","60","Tennessee","5/6/20","48","12","47155","25"
"Shelby","83","3010","Tennessee","5/6/20","2432","578","47157","23.77"
"Smith","0","23","Tennessee","5/6/20","20","3","47159","15"
"Stewart","0","7","Tennessee","5/6/20","7","0","47161","0"
"Sullivan","1","52","Tennessee","5/6/20","48","4","47163","8.33"
"Sumner","7","671","Tennessee","5/6/20","619","52","47165","8.4"
"Tipton","8","155","Tennessee","5/6/20","98","57","47167","58.16"
"Trousdale","176","1355","Tennessee","5/6/20","122","1233","47169","1010.66"
"Unicoi","0","2","Tennessee","5/6/20","1","1","47171","100"
"Union","0","3","Tennessee","5/6/20","3","0","47173","0"
"Van Buren","0","2","Tennessee","5/6/20","2","0","47175","0"
"Warren","0","10","Tennessee","5/6/20","7","3","47177","42.86"
"Washington","1","59","Tennessee","5/6/20","54","5","47179","9.26"
"Wayne","0","4","Tennessee","5/6/20","4","0","47181","0"
"Weakley","0","24","Tennessee","5/6/20","21","3","47183","14.29"
"White","1","15","Tennessee","5/6/20","6","9","47185","150"
"Williamson","4","436","Tennessee","5/6/20","408","28","47187","6.86"
"Wilson","5","287","Tennessee","5/6/20","250","37","47189","14.8"
"Anderson","2","40","Texas","5/6/20","29","11","48001","37.93"
"Andrews","0","21","Texas","5/6/20","19","2","48003","10.53"
"Angelina","5","86","Texas","5/6/20","49","37","48005","75.51"
"Aransas","0","2","Texas","5/6/20","2","0","48007","0"
"Armstrong","0","2","Texas","5/6/20","2","0","48011","0"
"Atascosa","1","21","Texas","5/6/20","16","5","48013","31.25"
"Austin","0","14","Texas","5/6/20","13","1","48015","7.69"
"Bailey","0","2","Texas","5/6/20","0","2","48017","1"
"Bandera","0","6","Texas","5/6/20","6","0","48019","0"
"Bastrop","5","100","Texas","5/6/20","67","33","48021","49.25"
"Bee","0","6","Texas","5/6/20","5","1","48025","20"
"Bell","4","210","Texas","5/6/20","180","30","48027","16.67"
"Bexar","53","1677","Texas","5/6/20","1307","370","48029","28.31"
"Blanco","0","6","Texas","5/6/20","6","0","48031","0"
"Bosque","0","5","Texas","5/6/20","4","1","48035","25"
"Bowie","1","76","Texas","5/6/20","69","7","48037","10.14"
"Brazoria","16","588","Texas","5/6/20","476","112","48039","23.53"
"Brazos","4","219","Texas","5/6/20","188","31","48041","16.49"
"Brewster","0","1","Texas","5/6/20","0","1","48043","1"
"Briscoe","0","1","Texas","5/6/20","0","1","48045","1"
"Brooks","0","1","Texas","5/6/20","1","0","48047","0"
"Brown","1","38","Texas","5/6/20","34","4","48049","11.76"
"Burleson","0","14","Texas","5/6/20","12","2","48051","16.67"
"Burnet","1","24","Texas","5/6/20","16","8","48053","50"
"Caldwell","2","24","Texas","5/6/20","11","13","48055","118.18"
"Calhoun","1","34","Texas","5/6/20","30","4","48057","13.33"
"Callahan","0","2","Texas","5/6/20","2","0","48059","0"
"Cameron","10","454","Texas","5/6/20","387","67","48061","17.31"
"Camp","0","7","Texas","5/6/20","6","1","48063","16.67"
"Carson","0","3","Texas","5/6/20","2","1","48065","50"
"Cass","1","17","Texas","5/6/20","13","4","48067","30.77"
"Castro","1","20","Texas","5/6/20","13","7","48069","53.85"
"Chambers","1","45","Texas","5/6/20","41","4","48071","9.76"
"Cherokee","1","20","Texas","5/6/20","14","6","48073","42.86"
"Childress","0","1","Texas","5/6/20","1","0","48075","0"
"Clay","0","3","Texas","5/6/20","3","0","48077","0"
"Cochran","0","1","Texas","5/6/20","1","0","48079","0"
"Coke","0","1","Texas","5/6/20","0","1","48081","1"
"Coleman","0","1","Texas","5/6/20","1","0","48083","0"
"Collin","19","828","Texas","5/6/20","692","136","48085","19.65"
"Collingsworth","0","1","Texas","5/6/20","0","1","48087","1"
"Colorado","0","12","Texas","5/6/20","10","2","48089","20"
"Comal","1","59","Texas","5/6/20","52","7","48091","13.46"
"Comanche","0","3","Texas","5/6/20","4","-1","48093","-25"
"Concho","0","1","Texas","5/6/20","1","0","48095","0"
"Cooke","0","11","Texas","5/6/20","8","3","48097","37.5"
"Coryell","12","190","Texas","5/6/20","105","85","48099","80.95"
"Cottle","0","3","Texas","5/6/20","2","1","48101","50"
"Crane","0","2","Texas","5/6/20","2","0","48103","0"
"Crosby","0","2","Texas","5/6/20","2","0","48107","0"
"Dallam","0","11","Texas","5/6/20","10","1","48111","10"
"Dallas","233","4869","Texas","5/6/20","3240","1629","48113","50.28"
"Dawson","1","30","Texas","5/6/20","21","9","48115","42.86"
"Deaf Smith","2","41","Texas","5/6/20","26","15","48117","57.69"
"Delta","0","1","Texas","5/6/20","1","0","48119","0"
"Denton","13","832","Texas","5/6/20","738","94","48121","12.74"
"DeWitt","0","15","Texas","5/6/20","15","0","48123","0"
"Dickens","0","1","Texas","5/6/20","1","0","48125","0"
"Dimmit","0","1","Texas","5/6/20","1","0","48127","0"
"Donley","0","25","Texas","5/6/20","24","1","48129","4.17"
"Duval","0","3","Texas","5/6/20","2","1","48131","50"
"Eastland","0","3","Texas","5/6/20","3","0","48133","0"
"Ector","1","85","Texas","5/6/20","78","7","48135","8.97"
"El Paso","32","1080","Texas","5/6/20","857","223","48141","26.02"
"Ellis","6","184","Texas","5/6/20","143","41","48139","28.67"
"Erath","0","13","Texas","5/6/20","12","1","48143","8.33"
"Falls","0","6","Texas","5/6/20","4","2","48145","50"
"Fannin","1","22","Texas","5/6/20","18","4","48147","22.22"
"Fayette","0","17","Texas","5/6/20","15","2","48149","13.33"
"Floyd","0","4","Texas","5/6/20","3","1","48153","33.33"
"Fort Bend","39","1245","Texas","5/6/20","973","272","48157","27.95"
"Franklin","0","3","Texas","5/6/20","1","2","48159","200"
"Freestone","1","7","Texas","5/6/20","3","4","48161","133.33"
"Frio","0","10","Texas","5/6/20","7","3","48163","42.86"
"Gaines","0","3","Texas","5/6/20","2","1","48165","50"
"Galveston","15","659","Texas","5/6/20","554","105","48167","18.95"
"Garza","0","3","Texas","5/6/20","0","3","48169","1"
"Gillespie","0","4","Texas","5/6/20","1","3","48171","300"
"Glasscock","0","1","Texas","5/6/20","0","1","48173","1"
"Goliad","0","7","Texas","5/6/20","7","0","48175","0"
"Gonzales","2","31","Texas","5/6/20","18","13","48177","72.22"
"Gray","4","71","Texas","5/6/20","42","29","48179","69.05"
"Grayson","4","58","Texas","5/6/20","27","31","48181","114.81"
"Gregg","5","107","Texas","5/6/20","69","38","48183","55.07"
"Grimes","1","25","Texas","5/6/20","16","9","48185","56.25"
"Guadalupe","1","88","Texas","5/6/20","80","8","48187","10"
"Hale","1","31","Texas","5/6/20","24","7","48189","29.17"
"Hamilton","0","5","Texas","5/6/20","5","0","48193","0"
"Hansford","1","11","Texas","5/6/20","5","6","48195","120"
"Hardin","2","112","Texas","5/6/20","99","13","48199","13.13"
"Harris","155","7244","Texas","5/6/20","6161","1083","48201","17.58"
"Harrison","11","160","Texas","5/6/20","84","76","48203","90.48"
"Hartley","0","7","Texas","5/6/20","4","3","48205","75"
"Hays","2","176","Texas","5/6/20","161","15","48209","9.32"
"Hemphill","0","1","Texas","5/6/20","1","0","48211","0"
"Henderson","1","33","Texas","5/6/20","24","9","48213","37.5"
"Hidalgo","5","353","Texas","5/6/20","315","38","48215","12.06"
"Hill","0","18","Texas","5/6/20","16","2","48217","12.5"
"Hockley","0","20","Texas","5/6/20","20","0","48219","0"
"Hood","0","20","Texas","5/6/20","18","2","48221","11.11"
"Hopkins","0","6","Texas","5/6/20","4","2","48223","50"
"Houston","1","9","Texas","5/6/20","5","4","48225","80"
"Howard","0","6","Texas","5/6/20","4","2","48227","50"
"Hunt","1","54","Texas","5/6/20","44","10","48231","22.73"
"Hutchinson","1","20","Texas","5/6/20","13","7","48233","53.85"
"Jack","0","4","Texas","5/6/20","4","0","48237","0"
"Jackson","1","14","Texas","5/6/20","6","8","48239","133.33"
"Jasper","0","18","Texas","5/6/20","21","-3","48241","-14.29"
"Jefferson","5","335","Texas","5/6/20","298","37","48245","12.42"
"Jim Hogg","0","3","Texas","5/6/20","3","0","48247","0"
"Jim Wells","0","5","Texas","5/6/20","3","2","48249","66.67"
"Johnson","4","95","Texas","5/6/20","67","28","48251","41.79"
"Jones","7","84","Texas","5/6/20","37","47","48253","127.03"
"Karnes","0","3","Texas","5/6/20","3","0","48255","0"
"Kaufman","3","101","Texas","5/6/20","83","18","48257","21.69"
"Kendall","0","17","Texas","5/6/20","16","1","48259","6.25"
"Kerr","0","6","Texas","5/6/20","5","1","48265","20"
"Kleberg","0","10","Texas","5/6/20","9","1","48273","11.11"
"Knox","0","1","Texas","5/6/20","1","0","48275","0"
"La Salle","0","1","Texas","5/6/20","1","0","48283","0"
"Lamar","3","71","Texas","5/6/20","51","20","48277","39.22"
"Lamb","0","4","Texas","5/6/20","3","1","48279","33.33"
"Lampasas","0","5","Texas","5/6/20","3","2","48281","66.67"
"Lavaca","0","6","Texas","5/6/20","5","1","48285","20"
"Lee","0","2","Texas","5/6/20","2","0","48287","0"
"Leon","0","7","Texas","5/6/20","5","2","48289","40"
"Liberty","1","47","Texas","5/6/20","41","6","48291","14.63"
"Limestone","0","13","Texas","5/6/20","13","0","48293","0"
"Lipscomb","0","2","Texas","5/6/20","2","0","48295","0"
"Live Oak","0","5","Texas","5/6/20","5","0","48297","0"
"Llano","0","3","Texas","5/6/20","3","0","48299","0"
"Lubbock","9","567","Texas","5/6/20","507","60","48303","11.83"
"Lynn","0","5","Texas","5/6/20","5","0","48305","0"
"Madison","0","1","Texas","5/6/20","2","-1","48313","-50"
"Marion","1","15","Texas","5/6/20","9","6","48315","66.67"
"Martin","0","3","Texas","5/6/20","2","1","48317","50"
"Mason","2","27","Texas","5/6/20","15","12","48319","80"
"Matagorda","1","64","Texas","5/6/20","60","4","48321","6.67"
"Maverick","1","26","Texas","5/6/20","16","10","48323","62.5"
"McCulloch","0","3","Texas","5/6/20","3","0","48307","0"
"McLennan","1","92","Texas","5/6/20","87","5","48309","5.75"
"Medina","0","20","Texas","5/6/20","19","1","48325","5.26"
"Midland","2","91","Texas","5/6/20","75","16","48329","21.33"
"Milam","1","18","Texas","5/6/20","14","4","48331","28.57"
"Mitchell","0","1","Texas","5/6/20","1","0","48335","0"
"Montague","0","9","Texas","5/6/20","6","3","48337","50"
"Montgomery","16","672","Texas","5/6/20","562","110","48339","19.57"
"Moore","22","448","Texas","5/6/20","295","153","48341","51.86"
"Morris","1","9","Texas","5/6/20","5","4","48343","80"
"Motley","0","1","Texas","5/6/20","1","0","48345","0"
"Nacogdoches","7","189","Texas","5/6/20","141","48","48347","34.04"
"Navarro","0","33","Texas","5/6/20","30","3","48349","10"
"Newton","0","4","Texas","5/6/20","2","2","48351","100"
"Nolan","0","2","Texas","5/6/20","1","1","48353","100"
"Nueces","2","114","Texas","5/6/20","99","15","48355","15.15"
"Ochiltree","0","26","Texas","5/6/20","25","1","48357","4"
"Oldham","0","3","Texas","5/6/20","3","0","48359","0"
"Orange","1","79","Texas","5/6/20","70","9","48361","12.86"
"Palo Pinto","0","9","Texas","5/6/20","7","2","48363","28.57"
"Panola","8","136","Texas","5/6/20","80","56","48365","70"
"Parker","2","41","Texas","5/6/20","30","11","48367","36.67"
"Parmer","1","14","Texas","5/6/20","6","8","48369","133.33"
"Pecos","1","14","Texas","5/6/20","9","5","48371","55.56"
"Polk","2","30","Texas","5/6/20","19","11","48373","57.89"
"Potter","68","907","Texas","5/6/20","430","477","48375","110.93"
"Rains","0","2","Texas","5/6/20","2","0","48379","0"
"Randall","16","310","Texas","5/6/20","200","110","48381","55"
"Red River","0","1","Texas","5/6/20","1","0","48387","0"
"Reeves","0","5","Texas","5/6/20","5","0","48389","0"
"Refugio","0","1","Texas","5/6/20","0","1","48391","1"
"Roberts","0","2","Texas","5/6/20","2","0","48393","0"
"Robertson","0","4","Texas","5/6/20","4","0","48395","0"
"Rockwall","3","95","Texas","5/6/20","75","20","48397","26.67"
"Runnels","0","2","Texas","5/6/20","1","1","48399","100"
"Rusk","1","39","Texas","5/6/20","33","6","48401","18.18"
"Sabine","0","1","Texas","5/6/20","1","0","48403","0"
"San Augustine","1","21","Texas","5/6/20","16","5","48405","31.25"
"San Jacinto","0","10","Texas","5/6/20","9","1","48407","11.11"
"San Patricio","0","14","Texas","5/6/20","13","1","48409","7.69"
"Scurry","0","2","Texas","5/6/20","2","0","48415","0"
"Shelby","4","131","Texas","5/6/20","101","30","48419","29.7"
"Sherman","1","18","Texas","5/6/20","14","4","48421","28.57"
"Smith","2","156","Texas","5/6/20","139","17","48423","12.23"
"Starr","0","10","Texas","5/6/20","9","1","48427","11.11"
"Stephens","0","1","Texas","5/6/20","1","0","48429","0"
"Swisher","0","11","Texas","5/6/20","9","2","48437","22.22"
"Tarrant","85","2686","Texas","5/6/20","2088","598","48439","28.64"
"Taylor","14","378","Texas","5/6/20","277","101","48441","36.46"
"Terry","0","12","Texas","5/6/20","10","2","48445","20"
"Titus","1","23","Texas","5/6/20","15","8","48449","53.33"
"Tom Green","6","83","Texas","5/6/20","44","39","48451","88.64"
"Travis","58","1946","Texas","5/6/20","1539","407","48453","26.45"
"Trinity","0","10","Texas","5/6/20","8","2","48455","25"
"Tyler","0","7","Texas","5/6/20","6","1","48457","16.67"
"Upshur","0","16","Texas","5/6/20","13","3","48459","23.08"
"Uvalde","0","6","Texas","5/6/20","6","0","48463","0"
"Val Verde","0","13","Texas","5/6/20","13","0","48465","0"
"Van Zandt","1","18","Texas","5/6/20","14","4","48467","28.57"
"Victoria","3","146","Texas","5/6/20","127","19","48469","14.96"
"Walker","13","303","Texas","5/6/20","212","91","48471","42.92"
"Waller","1","36","Texas","5/6/20","31","5","48473","16.13"
"Washington","1","150","Texas","5/6/20","140","10","48477","7.14"
"Webb","7","400","Texas","5/6/20","349","51","48479","14.61"
"Wharton","1","40","Texas","5/6/20","36","4","48481","11.11"
"Wheeler","1","12","Texas","5/6/20","7","5","48483","71.43"
"Wichita","1","70","Texas","5/6/20","64","6","48485","9.38"
"Wilbarger","0","2","Texas","5/6/20","1","1","48487","100"
"Willacy","0","13","Texas","5/6/20","13","0","48489","0"
"Williamson","8","341","Texas","5/6/20","287","54","48491","18.82"
"Wilson","0","34","Texas","5/6/20","31","3","48493","9.68"
"Winkler","0","3","Texas","5/6/20","3","0","48495","0"
"Wise","2","28","Texas","5/6/20","17","11","48497","64.71"
"Wood","1","11","Texas","5/6/20","7","4","48499","57.14"
"Yoakum","0","2","Texas","5/6/20","1","1","48501","100"
"Young","0","4","Texas","5/6/20","4","0","48503","0"
"Zapata","0","7","Texas","5/6/20","7","0","48505","0"
"Zavala","0","1","Texas","5/6/20","1","0","48507","0"
"Bear River","1","64","Utah","5/6/20","60","4","00000","6.67"
"Central Utah","1","26","Utah","5/6/20","22","4","00000","18.18"
"Davis","4","308","Utah","5/6/20","283","25","49011","8.83"
"Salt Lake","81","2912","Utah","5/6/20","2348","564","49035","24.02"
"San Juan","12","126","Utah","5/6/20","45","81","49037","180"
"Southeast Utah","0","12","Utah","5/6/20","14","-2","00000","-14.29"
"Southwest Utah","5","128","Utah","5/6/20","93","35","00000","37.63"
"Summit","3","382","Utah","5/6/20","361","21","49043","5.82"
"Tooele","1","70","Utah","5/6/20","63","7","49045","11.11"
"TriCounty","0","14","Utah","5/6/20","11","3","00000","27.27"
"Utah","44","1210","Utah","5/6/20","899","311","49049","34.59"
"Wasatch","3","170","Utah","5/6/20","147","23","49051","15.65"
"Weber-Morgan","3","173","Utah","5/6/20","151","22","00000","14.57"
"Addison","0","61","Vermont","5/6/20","61","0","50001","0"
"Bennington","1","53","Vermont","5/6/20","44","9","50003","20.45"
"Caledonia","0","14","Vermont","5/6/20","13","1","50005","7.69"
"Chittenden","1","426","Vermont","5/6/20","416","10","50007","2.4"
"Essex","0","2","Vermont","5/6/20","2","0","50009","0"
"Franklin","1","99","Vermont","5/6/20","91","8","50011","8.79"
"Grand Isle","0","4","Vermont","5/6/20","3","1","50013","33.33"
"Lamoille","0","26","Vermont","5/6/20","26","0","50015","0"
"Orange","0","8","Vermont","5/6/20","7","1","50017","14.29"
"Orleans","0","9","Vermont","5/6/20","9","0","50019","0"
"Rutland","1","49","Vermont","5/6/20","44","5","50021","11.36"
"Washington","1","36","Vermont","5/6/20","32","4","50023","12.5"
"Windham","0","73","Vermont","5/6/20","71","2","50025","2.82"
"Windsor","1","44","Vermont","5/6/20","40","4","50027","10"
"","1","66","Virgin Islands","5/6/20","57","9",,"15.79"
"Accomack","29","433","Virginia","5/6/20","229","204","51001","89.08"
"Albemarle","4","111","Virginia","5/6/20","81","30","51003","37.04"
"Alexandria","46","1022","Virginia","5/6/20","700","322","51510","46"
"Alleghany","0","6","Virginia","5/6/20","6","0","51005","0"
"Amelia","0","18","Virginia","5/6/20","15","3","51007","20"
"Amherst","1","15","Virginia","5/6/20","11","4","51009","36.36"
"Appomattox","0","21","Virginia","5/6/20","18","3","51011","16.67"
"Arlington","41","1200","Virginia","5/6/20","912","288","51013","31.58"
"Augusta","2","54","Virginia","5/6/20","41","13","51015","31.71"
"Bedford","1","37","Virginia","5/6/20","27","10","51019","37.04"
"Botetourt","0","30","Virginia","5/6/20","28","2","51023","7.14"
"Bristol","0","2","Virginia","5/6/20","1","1","51520","100"
"Brunswick","0","15","Virginia","5/6/20","14","1","51025","7.14"
"Buchanan","0","16","Virginia","5/6/20","16","0","51027","0"
"Buckingham","21","201","Virginia","5/6/20","55","146","51029","265.45"
"Buena Vista","0","8","Virginia","5/6/20","5","3","51530","60"
"Campbell","0","13","Virginia","5/6/20","12","1","51031","8.33"
"Caroline","1","35","Virginia","5/6/20","25","10","51033","40"
"Carroll","2","21","Virginia","5/6/20","9","12","51035","133.33"
"Charles City","1","17","Virginia","5/6/20","13","4","51036","30.77"
"Charlotte","1","11","Virginia","5/6/20","7","4","51037","57.14"
"Charlottesville","2","63","Virginia","5/6/20","52","11","51540","21.15"
"Chesapeake","11","306","Virginia","5/6/20","232","74","51550","31.9"
"Chesterfield","26","681","Virginia","5/6/20","501","180","51041","35.93"
"Clarke","1","15","Virginia","5/6/20","8","7","51043","87.5"
"Colonial Heights","2","62","Virginia","5/6/20","49","13","51570","26.53"
"Covington","0","0","Virginia","5/6/20","1","-1","51580","-100"
"Craig","0","4","Virginia","5/6/20","2","2","51045","100"
"Culpeper","11","209","Virginia","5/6/20","129","80","51047","62.02"
"Cumberland","0","12","Virginia","5/6/20","11","1","51049","9.09"
"Danville","1","38","Virginia","5/6/20","34","4","51590","11.76"
"Dinwiddie","1","25","Virginia","5/6/20","15","10","51053","66.67"
"Emporia","3","46","Virginia","5/6/20","22","24","51595","109.09"
"Essex","2","17","Virginia","5/6/20","6","11","51057","183.33"
"Fairfax","224","5016","Virginia","5/6/20","3448","1568","51059","45.48"
"Fairfax City","1","34","Virginia","5/6/20","27","7","51600","25.93"
"Falls Church","1","36","Virginia","5/6/20","26","10","51610","38.46"
"Fauquier","6","148","Virginia","5/6/20","109","39","51061","35.78"
"Floyd","0","3","Virginia","5/6/20","2","1","51063","50"
"Fluvanna","0","76","Virginia","5/6/20","73","3","51065","4.11"
"Franklin","0","23","Virginia","5/6/20","21","2","51067","9.52"
"Franklin City","1","23","Virginia","5/6/20","19","4","51620","21.05"
"Frederick","6","144","Virginia","5/6/20","101","43","51069","42.57"
"Fredericksburg","3","48","Virginia","5/6/20","28","20","51630","71.43"
"Galax","4","31","Virginia","5/6/20","4","27","51640","675"
"Giles","0","4","Virginia","5/6/20","4","0","51071","0"
"Gloucester","0","26","Virginia","5/6/20","23","3","51073","13.04"
"Goochland","1","81","Virginia","5/6/20","74","7","51075","9.46"
"Grayson","1","5","Virginia","5/6/20","1","4","51077","400"
"Greene","0","13","Virginia","5/6/20","10","3","51079","30"
"Greensville","1","43","Virginia","5/6/20","38","5","51081","13.16"
"Halifax","0","18","Virginia","5/6/20","17","1","51083","5.88"
"Hampton","3","131","Virginia","5/6/20","109","22","51650","20.18"
"Hanover","6","153","Virginia","5/6/20","113","40","51085","35.4"
"Harrisonburg","19","544","Virginia","5/6/20","411","133","51660","32.36"
"Henrico","22","1000","Virginia","5/6/20","846","154","51087","18.2"
"Henry","1","20","Virginia","5/6/20","16","4","51089","25"
"Highland","0","2","Virginia","5/6/20","2","0","51091","0"
"Hopewell","1","33","Virginia","5/6/20","24","9","51670","37.5"
"Isle of Wight","1","101","Virginia","5/6/20","96","5","51093","5.21"
"James City","2","166","Virginia","5/6/20","155","11","51095","7.1"
"King and Queen","0","3","Virginia","5/6/20","2","1","51097","50"
"King George","1","38","Virginia","5/6/20","30","8","51099","26.67"
"King William","1","11","Virginia","5/6/20","5","6","51101","120"
"Lancaster","1","5","Virginia","5/6/20","1","4","51103","400"
"Lee","0","10","Virginia","5/6/20","9","1","51105","11.11"
"Lexington","0","5","Virginia","5/6/20","3","2","51678","66.67"
"Loudoun","43","1025","Virginia","5/6/20","727","298","51107","40.99"
"Louisa","1","50","Virginia","5/6/20","41","9","51109","21.95"
"Lunenburg","0","4","Virginia","5/6/20","4","0","51111","0"
"Lynchburg","2","68","Virginia","5/6/20","52","16","51680","30.77"
"Madison","1","18","Virginia","5/6/20","14","4","51113","28.57"
"Manassas","16","310","Virginia","5/6/20","196","114","51683","58.16"
"Manassas Park","6","101","Virginia","5/6/20","60","41","51685","68.33"
"Martinsville","0","2","Virginia","5/6/20","2","0","51690","0"
"Mathews","0","4","Virginia","5/6/20","4","0","51115","0"
"Mecklenburg","1","107","Virginia","5/6/20","100","7","51117","7"
"Middlesex","0","7","Virginia","5/6/20","4","3","51119","75"
"Montgomery","1","61","Virginia","5/6/20","55","6","51121","10.91"
"Nelson","0","9","Virginia","5/6/20","7","2","51125","28.57"
"New Kent","0","26","Virginia","5/6/20","23","3","51127","13.04"
"Newport News","3","134","Virginia","5/6/20","114","20","51700","17.54"
"Norfolk","9","257","Virginia","5/6/20","192","65","51710","33.85"
"Northampton","15","143","Virginia","5/6/20","36","107","51131","297.22"
"Northumberland","0","9","Virginia","5/6/20","8","1","51133","12.5"
"Norton","0","2","Virginia","5/6/20","2","0","51720","0"
"Nottoway","0","14","Virginia","5/6/20","12","2","51135","16.67"
"Orange","2","42","Virginia","5/6/20","27","15","51137","55.56"
"Page","4","120","Virginia","5/6/20","91","29","51139","31.87"
"Patrick","0","3","Virginia","5/6/20","2","1","51141","50"
"Petersburg","2","42","Virginia","5/6/20","31","11","51730","35.48"
"Pittsylvania","1","17","Virginia","5/6/20","12","5","51143","41.67"
"Poquoson","0","7","Virginia","5/6/20","6","1","51735","16.67"
"Portsmouth","6","189","Virginia","5/6/20","150","39","51740","26"
"Powhatan","1","16","Virginia","5/6/20","12","4","51145","33.33"
"Prince Edward","2","62","Virginia","5/6/20","46","16","51147","34.78"
"Prince George","1","40","Virginia","5/6/20","33","7","51149","21.21"
"Prince William","111","2304","Virginia","5/6/20","1527","777","51153","50.88"
"Pulaski","0","9","Virginia","5/6/20","9","0","51155","0"
"Radford","0","3","Virginia","5/6/20","3","0","51750","0"
"Rappahannock","0","6","Virginia","5/6/20","3","3","51157","100"
"Richmond","0","144","Virginia","5/6/20","143","1","51159","0.7"
"Richmond City","19","453","Virginia","5/6/20","323","130","51760","40.25"
"Roanoke","2","59","Virginia","5/6/20","47","12","51161","25.53"
"Roanoke City","4","84","Virginia","5/6/20","57","27","51770","47.37"
"Rockbridge","0","8","Virginia","5/6/20","5","3","51163","60"
"Rockingham","12","302","Virginia","5/6/20","220","82","51165","37.27"
"Russell","0","6","Virginia","5/6/20","3","3","51167","100"
"Salem","2","30","Virginia","5/6/20","16","14","51775","87.5"
"Scott","0","7","Virginia","5/6/20","7","0","51169","0"
"Shenandoah","14","190","Virginia","5/6/20","95","95","51171","100"
"Smyth","0","13","Virginia","5/6/20","13","0","51173","0"
"Southampton","2","128","Virginia","5/6/20","115","13","51175","11.3"
"Spotsylvania","13","223","Virginia","5/6/20","131","92","51177","70.23"
"Stafford","14","321","Virginia","5/6/20","225","96","51179","42.67"
"Staunton","0","14","Virginia","5/6/20","12","2","51790","16.67"
"Suffolk","8","207","Virginia","5/6/20","154","53","51800","34.42"
"Surry","0","4","Virginia","5/6/20","4","0","51181","0"
"Sussex","0","32","Virginia","5/6/20","30","2","51183","6.67"
"Tazewell","0","6","Virginia","5/6/20","6","0","51185","0"
"Virginia Beach","12","449","Virginia","5/6/20","365","84","51810","23.01"
"Warren","3","71","Virginia","5/6/20","51","20","51187","39.22"
"Washington","1","41","Virginia","5/6/20","36","5","51191","13.89"
"Waynesboro","1","20","Virginia","5/6/20","11","9","51820","81.82"
"Westmoreland","1","31","Virginia","5/6/20","22","9","51193","40.91"
"Williamsburg","2","29","Virginia","5/6/20","18","11","51830","61.11"
"Winchester","3","60","Virginia","5/6/20","36","24","51840","66.67"
"Wise","0","22","Virginia","5/6/20","22","0","51195","0"
"Wythe","0","12","Virginia","5/6/20","11","1","51197","9.09"
"York","1","50","Virginia","5/6/20","45","5","51199","11.11"
"Adams","0","49","Washington","5/6/20","47","2","53001","4.26"
"Asotin","0","18","Washington","5/6/20","17","1","53003","5.88"
"Benton","18","548","Washington","5/6/20","422","126","53005","29.86"
"Chelan","6","137","Washington","5/6/20","98","39","53007","39.8"
"Clallam","0","19","Washington","5/6/20","18","1","53009","5.56"
"Clark","3","341","Washington","5/6/20","317","24","53011","7.57"
"Columbia","0","1","Washington","5/6/20","1","0","53013","0"
"Cowlitz","3","62","Washington","5/6/20","41","21","53015","51.22"
"Douglas","3","95","Washington","5/6/20","77","18","53017","23.38"
"Ferry","0","1","Washington","5/6/20","1","0","53019","0"
"Franklin","16","387","Washington","5/6/20","276","111","53021","40.22"
"Grant","3","179","Washington","5/6/20","155","24","53025","15.48"
"Grays Harbor","0","12","Washington","5/6/20","12","0","53027","0"
"Island","1","172","Washington","5/6/20","168","4","53029","2.38"
"Jefferson","0","28","Washington","5/6/20","28","0","53031","0"
"King","86","6704","Washington","5/6/20","6103","601","53033","9.85"
"Kitsap","0","151","Washington","5/6/20","148","3","53035","2.03"
"Kittitas","0","15","Washington","5/6/20","14","1","53037","7.14"
"Klickitat","0","18","Washington","5/6/20","16","2","53039","12.5"
"Lewis","0","29","Washington","5/6/20","29","0","53041","0"
"Lincoln","0","2","Washington","5/6/20","2","0","53043","0"
"Mason","0","26","Washington","5/6/20","23","3","53045","13.04"
"Okanogan","0","21","Washington","5/6/20","21","0","53047","0"
"Pacific","0","4","Washington","5/6/20","4","0","53049","0"
"Pend Oreille","0","2","Washington","5/6/20","2","0","53051","0"
"Pierce","21","1454","Washington","5/6/20","1306","148","53053","11.33"
"San Juan","0","14","Washington","5/6/20","14","0","53055","0"
"Skagit","8","379","Washington","5/6/20","322","57","53057","17.7"
"Skamania","0","3","Washington","5/6/20","3","0","53059","0"
"Snohomish","28","2584","Washington","5/6/20","2389","195","53061","8.16"
"Spokane","4","379","Washington","5/6/20","353","26","53063","7.37"
"Stevens","0","9","Washington","5/6/20","9","0","53065","0"
"Thurston","2","116","Washington","5/6/20","104","12","53067","11.54"
"Wahkiakum","0","2","Washington","5/6/20","2","0","53069","0"
"Walla Walla","5","96","Washington","5/6/20","62","34","53071","54.84"
"Whatcom","4","324","Washington","5/6/20","294","30","53073","10.2"
"Whitman","0","14","Washington","5/6/20","14","0","53075","0"
"Yakima","52","1449","Washington","5/6/20","1082","367","53077","33.92"
"Barbour","0","6","West Virginia","5/6/20","4","2","54001","50"
"Berkeley","3","166","West Virginia","5/6/20","143","23","54003","16.08"
"Boone","0","6","West Virginia","5/6/20","3","3","54005","100"
"Braxton","0","2","West Virginia","5/6/20","2","0","54007","0"
"Brooke","0","3","West Virginia","5/6/20","3","0","54009","0"
"Cabell","0","44","West Virginia","5/6/20","42","2","54011","4.76"
"Fayette","1","20","West Virginia","5/6/20","12","8","54019","66.67"
"Gilmer","0","3","West Virginia","5/6/20","2","1","54021","50"
"Grant","0","3","West Virginia","5/6/20","1","2","54023","200"
"Greenbrier","1","7","West Virginia","5/6/20","3","4","54025","133.33"
"Hampshire","0","8","West Virginia","5/6/20","7","1","54027","14.29"
"Hancock","0","11","West Virginia","5/6/20","9","2","54029","22.22"
"Hardy","1","9","West Virginia","5/6/20","5","4","54031","80"
"Harrison","0","31","West Virginia","5/6/20","30","1","54033","3.33"
"Jackson","1","134","West Virginia","5/6/20","129","5","54035","3.88"
"Jefferson","1","83","West Virginia","5/6/20","77","6","54037","7.79"
"Kanawha","2","170","West Virginia","5/6/20","157","13","54039","8.28"
"Lewis","0","4","West Virginia","5/6/20","4","0","54041","0"
"Lincoln","0","2","West Virginia","5/6/20","1","1","54043","100"
"Logan","0","14","West Virginia","5/6/20","12","2","54045","16.67"
"Marion","0","46","West Virginia","5/6/20","45","1","54049","2.22"
"Marshall","1","19","West Virginia","5/6/20","11","8","54051","72.73"
"Mason","0","12","West Virginia","5/6/20","12","0","54053","0"
"McDowell","0","6","West Virginia","5/6/20","6","0","54047","0"
"Mercer","0","11","West Virginia","5/6/20","10","1","54055","10"
"Mineral","0","18","West Virginia","5/6/20","15","3","54057","20"
"Mingo","0","2","West Virginia","5/6/20","2","0","54059","0"
"Monongalia","1","108","West Virginia","5/6/20","103","5","54061","4.85"
"Monroe","0","6","West Virginia","5/6/20","5","1","54063","20"
"Morgan","1","14","West Virginia","5/6/20","10","4","54065","40"
"Nicholas","0","8","West Virginia","5/6/20","6","2","54067","33.33"
"Ohio","1","34","West Virginia","5/6/20","27","7","54069","25.93"
"Pendleton","0","5","West Virginia","5/6/20","3","2","54071","66.67"
"Pleasants","0","2","West Virginia","5/6/20","2","0","54073","0"
"Pocahontas","0","2","West Virginia","5/6/20","2","0","54075","0"
"Preston","0","13","West Virginia","5/6/20","13","0","54077","0"
"Putnam","0","27","West Virginia","5/6/20","25","2","54079","8"
"Raleigh","0","9","West Virginia","5/6/20","8","1","54081","12.5"
"Randolph","0","5","West Virginia","5/6/20","4","1","54083","25"
"Ritchie","0","1","West Virginia","5/6/20","0","1","54085","1"
"Roane","0","6","West Virginia","5/6/20","6","0","54087","0"
"Summers","0","1","West Virginia","5/6/20","1","0","54089","0"
"Taylor","0","9","West Virginia","5/6/20","6","3","54091","50"
"Tucker","0","4","West Virginia","5/6/20","4","0","54093","0"
"Tyler","0","3","West Virginia","5/6/20","3","0","54095","0"
"Upshur","0","5","West Virginia","5/6/20","4","1","54097","25"
"Wayne","1","91","West Virginia","5/6/20","85","6","54099","7.06"
"Wetzel","0","3","West Virginia","5/6/20","3","0","54103","0"
"Wirt","0","3","West Virginia","5/6/20","3","0","54105","0"
"Wood","0","42","West Virginia","5/6/20","39","3","54107","7.69"
"Wyoming","0","1","West Virginia","5/6/20","1","0","54109","0"
"Adams","0","4","Wisconsin","5/6/20","4","0","55001","0"
"Ashland","0","2","Wisconsin","5/6/20","2","0","55003","0"
"Barron","0","7","Wisconsin","5/6/20","6","1","55005","16.67"
"Bayfield","0","3","Wisconsin","5/6/20","3","0","55007","0"
"Brown","97","1653","Wisconsin","5/6/20","971","682","55009","70.24"
"Buffalo","0","6","Wisconsin","5/6/20","4","2","55011","50"
"Calumet","1","20","Wisconsin","5/6/20","12","8","55015","66.67"
"Chippewa","1","27","Wisconsin","5/6/20","21","6","55017","28.57"
"Clark","0","22","Wisconsin","5/6/20","20","2","55019","10"
"Columbia","1","32","Wisconsin","5/6/20","27","5","55021","18.52"
"Crawford","1","7","Wisconsin","5/6/20","3","4","55023","133.33"
"Dane","3","445","Wisconsin","5/6/20","424","21","55025","4.95"
"Dodge","1","42","Wisconsin","5/6/20","33","9","55027","27.27"
"Door","1","18","Wisconsin","5/6/20","12","6","55029","50"
"Douglas","0","10","Wisconsin","5/6/20","9","1","55031","11.11"
"Dunn","1","13","Wisconsin","5/6/20","9","4","55033","44.44"
"Eau Claire","3","45","Wisconsin","5/6/20","27","18","55035","66.67"
"Florence","0","2","Wisconsin","5/6/20","2","0","55037","0"
"Fond du Lac","2","83","Wisconsin","5/6/20","69","14","55039","20.29"
"Forest","0","1","Wisconsin","5/6/20","0","1","55041","1"
"Grant","4","60","Wisconsin","5/6/20","35","25","55043","71.43"
"Green","1","20","Wisconsin","5/6/20","11","9","55045","81.82"
"Green Lake","0","5","Wisconsin","5/6/20","2","3","55047","150"
"Iowa","0","10","Wisconsin","5/6/20","7","3","55049","42.86"
"Iron","0","2","Wisconsin","5/6/20","2","0","55051","0"
"Jackson","0","12","Wisconsin","5/6/20","12","0","55053","0"
"Jefferson","0","47","Wisconsin","5/6/20","45","2","55055","4.44"
"Juneau","1","19","Wisconsin","5/6/20","14","5","55057","35.71"
"Kenosha","31","580","Wisconsin","5/6/20","363","217","55059","59.78"
"Kewaunee","2","25","Wisconsin","5/6/20","14","11","55061","78.57"
"La Crosse","1","32","Wisconsin","5/6/20","27","5","55063","18.52"
"Lafayette","1","8","Wisconsin","5/6/20","4","4","55065","100"
"Lincoln","0","1","Wisconsin","5/6/20","0","1","55069","1"
"Manitowoc","1","17","Wisconsin","5/6/20","11","6","55071","54.55"
"Marathon","1","21","Wisconsin","5/6/20","17","4","55073","23.53"
"Marinette","1","13","Wisconsin","5/6/20","7","6","55075","85.71"
"Marquette","0","3","Wisconsin","5/6/20","3","0","55077","0"
"Menominee","0","1","Wisconsin","5/6/20","1","0","55078","0"
"Milwaukee","93","3469","Wisconsin","5/6/20","2815","654","55079","23.23"
"Monroe","0","14","Wisconsin","5/6/20","14","0","55081","0"
"Oconto","2","23","Wisconsin","5/6/20","8","15","55083","187.5"
"Oneida","0","6","Wisconsin","5/6/20","6","0","55085","0"
"Outagamie","4","83","Wisconsin","5/6/20","54","29","55087","53.7"
"Ozaukee","1","95","Wisconsin","5/6/20","86","9","55089","10.47"
"Pierce","0","11","Wisconsin","5/6/20","10","1","55093","10"
"Polk","0","5","Wisconsin","5/6/20","4","1","55095","25"
"Portage","0","7","Wisconsin","5/6/20","5","2","55097","40"
"Price","0","1","Wisconsin","5/6/20","1","0","55099","0"
"Racine","35","559","Wisconsin","5/6/20","317","242","55101","76.34"
"Richland","0","13","Wisconsin","5/6/20","11","2","55103","18.18"
"Rock","18","311","Wisconsin","5/6/20","183","128","55105","69.95"
"Rusk","0","4","Wisconsin","5/6/20","4","0","55107","0"
"Sauk","4","70","Wisconsin","5/6/20","44","26","55111","59.09"
"Sawyer","0","4","Wisconsin","5/6/20","3","1","55113","33.33"
"Shawano","1","17","Wisconsin","5/6/20","10","7","55115","70"
"Sheboygan","2","59","Wisconsin","5/6/20","46","13","55117","28.26"
"St. Croix","1","23","Wisconsin","5/6/20","13","10","55109","76.92"
"Trempealeau","0","5","Wisconsin","5/6/20","2","3","55121","150"
"Vernon","0","2","Wisconsin","5/6/20","1","1","55123","100"
"Vilas","0","4","Wisconsin","5/6/20","4","0","55125","0"
"Walworth","8","215","Wisconsin","5/6/20","156","59","55127","37.82"
"Washburn","0","1","Wisconsin","5/6/20","1","0","55129","0"
"Washington","1","107","Wisconsin","5/6/20","97","10","55131","10.31"
"Waukesha","6","374","Wisconsin","5/6/20","329","45","55133","13.68"
"Waupaca","0","10","Wisconsin","5/6/20","8","2","55135","25"
"Waushara","0","4","Wisconsin","5/6/20","2","2","55137","100"
"Winnebago","5","85","Wisconsin","5/6/20","51","34","55139","66.67"
"Wood","0","2","Wisconsin","5/6/20","2","0","55141","0"
"Albany","0","8","Wyoming","5/6/20","8","0","56001","0"
"Big Horn","0","3","Wyoming","5/6/20","3","0","56003","0"
"Campbell","0","25","Wyoming","5/6/20","23","2","56005","8.7"
"Carbon","0","5","Wyoming","5/6/20","4","1","56007","25"
"Converse","0","23","Wyoming","5/6/20","22","1","56009","4.55"
"Crook","0","5","Wyoming","5/6/20","5","0","56011","0"
"Fremont","8","164","Wyoming","5/6/20","110","54","56013","49.09"
"Goshen","0","4","Wyoming","5/6/20","4","0","56015","0"
"Hot Springs","0","3","Wyoming","5/6/20","3","0","56017","0"
"Johnson","0","15","Wyoming","5/6/20","15","0","56019","0"
"Laramie","3","163","Wyoming","5/6/20","139","24","56021","17.27"
"Lincoln","0","10","Wyoming","5/6/20","9","1","56023","11.11"
"Natrona","0","48","Wyoming","5/6/20","49","-1","56025","-2.04"
"Niobrara","0","2","Wyoming","5/6/20","2","0","56027","0"
"Park","0","1","Wyoming","5/6/20","1","0","56029","0"
"Sheridan","0","16","Wyoming","5/6/20","16","0","56033","0"
"Sublette","0","3","Wyoming","5/6/20","3","0","56035","0"
"Sweetwater","0","19","Wyoming","5/6/20","17","2","56037","11.76"
"Teton","0","98","Wyoming","5/6/20","96","2","56039","2.08"
"Uinta","0","8","Wyoming","5/6/20","8","0","56041","0"
"Washakie","0","8","Wyoming","5/6/20","8","0","56043","0"
