"Locality","DailyAvgNewCasesPast7Days","TotalCases","State","Date","TotalCases7DaysAgo","NewCasesPast7Days","FIPS-Code","PercentIncreaseTotalCasesPast7Days"
"Autauga","4","67","Alabama","5/8/20","42","25","01001","59.52"
"Baldwin","5","208","Alabama","5/8/20","175","33","01003","18.86"
"Barbour","2","53","Alabama","5/8/20","42","11","01005","26.19"
"Bibb","0","44","Alabama","5/8/20","42","2","01007","4.76"
"Blount","1","44","Alabama","5/8/20","39","5","01009","12.82"
"Bullock","1","21","Alabama","5/8/20","14","7","01011","50"
"Butler","14","162","Alabama","5/8/20","65","97","01013","149.23"
"Calhoun","4","123","Alabama","5/8/20","93","30","01015","32.26"
"Chambers","3","311","Alabama","5/8/20","290","21","01017","7.24"
"Cherokee","1","21","Alabama","5/8/20","15","6","01019","40"
"Chilton","2","63","Alabama","5/8/20","52","11","01021","21.15"
"Choctaw","1","59","Alabama","5/8/20","49","10","01023","20.41"
"Clarke","3","53","Alabama","5/8/20","34","19","01025","55.88"
"Clay","1","26","Alabama","5/8/20","21","5","01027","23.81"
"Cleburne","0","13","Alabama","5/8/20","12","1","01029","8.33"
"Coffee","4","143","Alabama","5/8/20","117","26","01031","22.22"
"Colbert","4","63","Alabama","5/8/20","33","30","01033","90.91"
"Conecuh","0","12","Alabama","5/8/20","9","3","01035","33.33"
"Coosa","0","31","Alabama","5/8/20","29","2","01037","6.9"
"Covington","2","50","Alabama","5/8/20","38","12","01039","31.58"
"Crenshaw","2","33","Alabama","5/8/20","19","14","01041","73.68"
"Cullman","1","62","Alabama","5/8/20","57","5","01043","8.77"
"Dale","2","40","Alabama","5/8/20","27","13","01045","48.15"
"Dallas","8","95","Alabama","5/8/20","42","53","01047","126.19"
"DeKalb","9","136","Alabama","5/8/20","76","60","01049","78.95"
"Elmore","6","130","Alabama","5/8/20","88","42","01051","47.73"
"Escambia","1","35","Alabama","5/8/20","29","6","01053","20.69"
"Etowah","4","166","Alabama","5/8/20","139","27","01055","19.42"
"Fayette","0","7","Alabama","5/8/20","6","1","01057","16.67"
"Franklin","18","202","Alabama","5/8/20","78","124","01059","158.97"
"Geneva","0","12","Alabama","5/8/20","9","3","01061","33.33"
"Greene","2","70","Alabama","5/8/20","54","16","01063","29.63"
"Hale","2","62","Alabama","5/8/20","50","12","01065","24"
"Henry","0","27","Alabama","5/8/20","24","3","01067","12.5"
"Houston","2","102","Alabama","5/8/20","90","12","01069","13.33"
"Jackson","1","59","Alabama","5/8/20","49","10","01071","20.41"
"Jefferson","24","1094","Alabama","5/8/20","929","165","01073","17.76"
"Lamar","0","13","Alabama","5/8/20","11","2","01075","18.18"
"Lauderdale","5","87","Alabama","5/8/20","50","37","01077","74"
"Lawrence","1","21","Alabama","5/8/20","13","8","01079","61.54"
"Lee","4","419","Alabama","5/8/20","391","28","01081","7.16"
"Limestone","2","55","Alabama","5/8/20","44","11","01083","25"
"Lowndes","3","88","Alabama","5/8/20","67","21","01085","31.34"
"Macon","1","44","Alabama","5/8/20","37","7","01087","18.92"
"Madison","3","244","Alabama","5/8/20","225","19","01089","8.44"
"Marengo","3","76","Alabama","5/8/20","52","24","01091","46.15"
"Marion","2","95","Alabama","5/8/20","78","17","01093","21.79"
"Marshall","28","525","Alabama","5/8/20","328","197","01095","60.06"
"Mobile","44","1407","Alabama","5/8/20","1099","308","01097","28.03"
"Monroe","0","15","Alabama","5/8/20","13","2","01099","15.38"
"Montgomery","25","533","Alabama","5/8/20","355","178","01101","50.14"
"Morgan","2","87","Alabama","5/8/20","71","16","01103","22.54"
"Perry","1","18","Alabama","5/8/20","10","8","01105","80"
"Pickens","2","63","Alabama","5/8/20","50","13","01107","26"
"Pike","3","87","Alabama","5/8/20","69","18","01109","26.09"
"Randolph","5","100","Alabama","5/8/20","62","38","01111","61.29"
"Russell","2","73","Alabama","5/8/20","60","13","01113","21.67"
"Shelby","5","358","Alabama","5/8/20","320","38","01117","11.88"
"St. Clair","1","79","Alabama","5/8/20","73","6","01115","8.22"
"Sumter","4","93","Alabama","5/8/20","68","25","01119","36.76"
"Talladega","2","72","Alabama","5/8/20","61","11","01121","18.03"
"Tallapoosa","4","315","Alabama","5/8/20","286","29","01123","10.14"
"Tuscaloosa","8","269","Alabama","5/8/20","210","59","01125","28.1"
"Walker","1","105","Alabama","5/8/20","97","8","01127","8.25"
"Washington","2","48","Alabama","5/8/20","35","13","01129","37.14"
"Wilcox","1","77","Alabama","5/8/20","67","10","01131","14.93"
"Winston","1","20","Alabama","5/8/20","15","5","01133","33.33"
"Anchorage","1","194","Alaska","5/8/20","185","9","02020","4.86"
"Bethel","0","1","Alaska","5/8/20","1","0","02050","0"
"Fairbanks North Star","0","83","Alaska","5/8/20","82","1","02090","1.22"
"Juneau","0","27","Alaska","5/8/20","27","0","02110","0"
"Kenai Peninsula","0","23","Alaska","5/8/20","21","2","02122","9.52"
"Ketchikan Gateway","0","16","Alaska","5/8/20","16","0","02130","0"
"Kodiak Island","0","1","Alaska","5/8/20","1","0","02150","0"
"Matanuska-Susitna","0","21","Alaska","5/8/20","21","0","02170","0"
"Nome","0","1","Alaska","5/8/20","1","0","02180","0"
"Petersburg","0","4","Alaska","5/8/20","4","0","02195","0"
"Prince of Wales-Hyder","0","2","Alaska","5/8/20","2","0","02198","0"
"Sitka","0","1","Alaska","5/8/20","1","0","02220","0"
"Southeast Fairbanks","0","2","Alaska","5/8/20","1","1","02240","100"
"Yukon-Koyukuk","0","1","Alaska","5/8/20","1","0","02290","0"
"Apache","28","671","Arizona","5/8/20","478","193","04001","40.38"
"Cochise","0","41","Arizona","5/8/20","39","2","04003","5.13"
"Coconino","23","659","Arizona","5/8/20","498","161","04005","32.33"
"Gila","1","19","Arizona","5/8/20","13","6","04007","46.15"
"Graham","0","18","Arizona","5/8/20","17","1","04009","5.88"
"Greenlee","0","2","Arizona","5/8/20","2","0","04011","0"
"La Paz","1","22","Arizona","5/8/20","15","7","04012","46.67"
"Maricopa","196","5525","Arizona","5/8/20","4156","1369","04013","32.94"
"Mohave","7","171","Arizona","5/8/20","122","49","04015","40.16"
"Navajo","29","945","Arizona","5/8/20","741","204","04017","27.53"
"Pima","36","1520","Arizona","5/8/20","1267","253","04019","19.97"
"Pinal","21","566","Arizona","5/8/20","417","149","04021","35.73"
"Santa Cruz","1","38","Arizona","5/8/20","33","5","04023","15.15"
"Yavapai","13","170","Arizona","5/8/20","82","88","04025","107.32"
"Yuma","10","159","Arizona","5/8/20","89","70","04027","78.65"
"Arkansas","0","2","Arkansas","5/8/20","2","0","05001","0"
"Ashley","0","17","Arkansas","5/8/20","16","1","05003","6.25"
"Baxter","0","5","Arkansas","5/8/20","5","0","05005","0"
"Benton","1","116","Arkansas","5/8/20","107","9","05007","8.41"
"Boone","0","4","Arkansas","5/8/20","5","-1","05009","-20"
"Bradley","0","11","Arkansas","5/8/20","12","-1","05011","-8.33"
"Carroll","0","6","Arkansas","5/8/20","5","1","05015","20"
"Chicot","0","10","Arkansas","5/8/20","9","1","05017","11.11"
"Clark","0","32","Arkansas","5/8/20","30","2","05019","6.67"
"Clay","0","3","Arkansas","5/8/20","3","0","05021","0"
"Cleburne","0","72","Arkansas","5/8/20","73","-1","05023","-1.37"
"Cleveland","0","13","Arkansas","5/8/20","11","2","05025","18.18"
"Columbia","0","15","Arkansas","5/8/20","13","2","05027","15.38"
"Conway","0","13","Arkansas","5/8/20","13","0","05029","0"
"Craighead","2","92","Arkansas","5/8/20","80","12","05031","15"
"Crawford","0","5","Arkansas","5/8/20","4","1","05033","25"
"Crittenden","2","205","Arkansas","5/8/20","188","17","05035","9.04"
"Cross","1","27","Arkansas","5/8/20","21","6","05037","28.57"
"Dallas","0","1","Arkansas","5/8/20","1","0","05039","0"
"Desha","0","16","Arkansas","5/8/20","16","0","05041","0"
"Drew","0","19","Arkansas","5/8/20","16","3","05043","18.75"
"Faulkner","1","81","Arkansas","5/8/20","76","5","05045","6.58"
"Franklin","0","2","Arkansas","5/8/20","2","0","05047","0"
"Fulton","0","3","Arkansas","5/8/20","1","2","05049","200"
"Garland","0","118","Arkansas","5/8/20","117","1","05051","0.85"
"Grant","0","15","Arkansas","5/8/20","14","1","05053","7.14"
"Greene","1","22","Arkansas","5/8/20","16","6","05055","37.5"
"Hempstead","0","7","Arkansas","5/8/20","6","1","05057","16.67"
"Hot Spring","0","22","Arkansas","5/8/20","19","3","05059","15.79"
"Howard","0","14","Arkansas","5/8/20","13","1","05061","7.69"
"Independence","0","12","Arkansas","5/8/20","10","2","05063","20"
"Izard","1","11","Arkansas","5/8/20","6","5","05065","83.33"
"Jackson","0","1","Arkansas","5/8/20","1","0","05067","0"
"Jefferson","7","226","Arkansas","5/8/20","177","49","05069","27.68"
"Johnson","0","34","Arkansas","5/8/20","31","3","05071","9.68"
"Lafayette","0","9","Arkansas","5/8/20","8","1","05073","12.5"
"Lawrence","1","69","Arkansas","5/8/20","59","10","05075","16.95"
"Lee","0","4","Arkansas","5/8/20","3","1","05077","33.33"
"Lincoln","13","907","Arkansas","5/8/20","816","91","05079","11.15"
"Logan","0","3","Arkansas","5/8/20","3","0","05083","0"
"Lonoke","0","44","Arkansas","5/8/20","41","3","05085","7.32"
"Madison","0","1","Arkansas","5/8/20","1","0","05087","0"
"Marion","0","1","Arkansas","5/8/20","1","0","05089","0"
"Miller","0","36","Arkansas","5/8/20","34","2","05091","5.88"
"Mississippi","4","47","Arkansas","5/8/20","20","27","05093","135"
"Monroe","0","4","Arkansas","5/8/20","4","0","05095","0"
"Montgomery","0","1","Arkansas","5/8/20","1","0","05097","0"
"Nevada","0","3","Arkansas","5/8/20","1","2","05099","200"
"Newton","0","3","Arkansas","5/8/20","3","0","05101","0"
"Ouachita","0","8","Arkansas","5/8/20","7","1","05103","14.29"
"Perry","0","7","Arkansas","5/8/20","7","0","05105","0"
"Phillips","0","4","Arkansas","5/8/20","5","-1","05107","-20"
"Pike","0","3","Arkansas","5/8/20","3","0","05109","0"
"Poinsett","0","25","Arkansas","5/8/20","23","2","05111","8.7"
"Polk","0","7","Arkansas","5/8/20","8","-1","05113","-12.5"
"Pope","1","47","Arkansas","5/8/20","43","4","05115","9.3"
"Prairie","0","2","Arkansas","5/8/20","2","0","05117","0"
"Pulaski","11","603","Arkansas","5/8/20","527","76","05119","14.42"
"Randolph","0","21","Arkansas","5/8/20","18","3","05121","16.67"
"Saline","1","72","Arkansas","5/8/20","67","5","05125","7.46"
"Scott","0","1","Arkansas","5/8/20","1","0","05127","0"
"Searcy","0","6","Arkansas","5/8/20","6","0","05129","0"
"Sebastian","0","14","Arkansas","5/8/20","13","1","05131","7.69"
"Sevier","1","16","Arkansas","5/8/20","12","4","05133","33.33"
"Sharp","0","8","Arkansas","5/8/20","10","-2","05135","-20"
"St. Francis","3","108","Arkansas","5/8/20","84","24","05123","28.57"
"Stone","0","8","Arkansas","5/8/20","7","1","05137","14.29"
"Union","3","73","Arkansas","5/8/20","54","19","05139","35.19"
"Van Buren","0","28","Arkansas","5/8/20","28","0","05141","0"
"Washington","3","105","Arkansas","5/8/20","87","18","05143","20.69"
"White","0","35","Arkansas","5/8/20","34","1","05145","2.94"
"Woodruff","0","1","Arkansas","5/8/20","1","0","05147","0"
"Yell","1","7","Arkansas","5/8/20","3","4","05149","133.33"
"Alameda","46","1961","California","5/8/20","1636","325","06001","19.87"
"Alpine","0","2","California","5/8/20","2","0","06003","0"
"Amador","0","8","California","5/8/20","8","0","06005","0"
"Butte","0","18","California","5/8/20","16","2","06007","12.5"
"Calaveras","0","13","California","5/8/20","13","0","06009","0"
"Colusa","0","3","California","5/8/20","3","0","06011","0"
"Contra Costa","15","1014","California","5/8/20","907","107","06013","11.8"
"Del Norte","0","3","California","5/8/20","3","0","06015","0"
"El Dorado","1","54","California","5/8/20","47","7","06017","14.89"
"Fresno","28","813","California","5/8/20","615","198","06019","32.2"
"Glenn","0","6","California","5/8/20","5","1","06021","20"
"Humboldt","0","55","California","5/8/20","54","1","06023","1.85"
"Imperial","26","512","California","5/8/20","333","179","06025","53.75"
"Inyo","0","19","California","5/8/20","19","0","06027","0"
"Kern","32","1166","California","5/8/20","939","227","06029","24.17"
"Kings","17","244","California","5/8/20","123","121","06031","98.37"
"Lake","0","8","California","5/8/20","7","1","06033","14.29"
"Los Angeles","865","30319","California","5/8/20","24262","6057","06037","24.96"
"Madera","2","62","California","5/8/20","46","16","06039","34.78"
"Marin","3","255","California","5/8/20","237","18","06041","7.59"
"Mariposa","0","15","California","5/8/20","13","2","06043","15.38"
"Mendocino","0","12","California","5/8/20","12","0","06045","0"
"Merced","3","157","California","5/8/20","134","23","06047","17.16"
"Mono","0","28","California","5/8/20","26","2","06051","7.69"
"Monterey","5","250","California","5/8/20","213","37","06053","17.37"
"Napa","1","78","California","5/8/20","68","10","06055","14.71"
"Nevada","0","41","California","5/8/20","41","0","06057","0"
"Orange","100","3240","California","5/8/20","2537","703","06059","27.71"
"Placer","2","165","California","5/8/20","150","15","06061","10"
"Plumas","0","4","California","5/8/20","4","0","06063","0"
"Riverside","97","4756","California","5/8/20","4079","677","06065","16.6"
"Sacramento","10","1160","California","5/8/20","1090","70","06067","6.42"
"San Benito","0","54","California","5/8/20","51","3","06069","5.88"
"San Bernardino","74","2629","California","5/8/20","2113","516","06071","24.42"
"San Diego","124","4429","California","5/8/20","3564","865","06073","24.27"
"San Francisco","47","1853","California","5/8/20","1523","330","06075","21.67"
"San Joaquin","6","597","California","5/8/20","557","40","06077","7.18"
"San Luis Obispo","3","211","California","5/8/20","188","23","06079","12.23"
"San Mateo","29","1397","California","5/8/20","1197","200","06081","16.71"
"Santa Barbara","31","722","California","5/8/20","506","216","06083","42.69"
"Santa Clara","16","2290","California","5/8/20","2179","111","06085","5.09"
"Santa Cruz","1","140","California","5/8/20","132","8","06087","6.06"
"Shasta","0","31","California","5/8/20","31","0","06089","0"
"Siskiyou","0","5","California","5/8/20","5","0","06093","0"
"Solano","11","342","California","5/8/20","266","76","06095","28.57"
"Sonoma","7","292","California","5/8/20","244","48","06097","19.67"
"Stanislaus","14","476","California","5/8/20","380","96","06099","25.26"
"Sutter","0","31","California","5/8/20","31","0","06101","0"
"Tehama","0","1","California","5/8/20","1","0","06103","0"
"Tulare","48","1013","California","5/8/20","680","333","06107","48.97"
"Tuolumne","0","2","California","5/8/20","4","-2","06109","-50"
"Ventura","12","631","California","5/8/20","544","87","06111","15.99"
"Yolo","0","172","California","5/8/20","169","3","06113","1.78"
"Yuba","0","20","California","5/8/20","19","1","06115","5.26"
"Adams","65","2117","Colorado","5/8/20","1665","452","08001","27.15"
"Alamosa","2","25","Colorado","5/8/20","10","15","08003","150"
"Arapahoe","84","3148","Colorado","5/8/20","2557","591","08005","23.11"
"Archuleta","0","8","Colorado","5/8/20","8","0","08007","0"
"Baca","0","12","Colorado","5/8/20","10","2","08009","20"
"Boulder","18","743","Colorado","5/8/20","618","125","08013","20.23"
"Broomfield","5","191","Colorado","5/8/20","157","34","08014","21.66"
"Chaffee","0","68","Colorado","5/8/20","67","1","08015","1.49"
"Cheyenne","0","2","Colorado","5/8/20","0","2","08017","1"
"Clear Creek","0","14","Colorado","5/8/20","13","1","08019","7.69"
"Conejos","0","1","Colorado","5/8/20","0","1","08021","1"
"Costilla","0","3","Colorado","5/8/20","3","0","08023","0"
"Crowley","3","25","Colorado","5/8/20","3","22","08025","733.33"
"Custer","0","2","Colorado","5/8/20","2","0","08027","0"
"Delta","1","54","Colorado","5/8/20","46","8","08029","17.39"
"Denver","114","3892","Colorado","5/8/20","3092","800","08031","25.87"
"Douglas","12","584","Colorado","5/8/20","502","82","08035","16.33"
"Eagle","1","555","Colorado","5/8/20","550","5","08037","0.91"
"El Paso","19","1097","Colorado","5/8/20","964","133","08041","13.8"
"Elbert","1","39","Colorado","5/8/20","30","9","08039","30"
"Fremont","0","23","Colorado","5/8/20","22","1","08043","4.55"
"Garfield","1","102","Colorado","5/8/20","93","9","08045","9.68"
"Gilpin","0","1","Colorado","5/8/20","1","0","08047","0"
"Grand","0","5","Colorado","5/8/20","5","0","08049","0"
"Gunnison","1","173","Colorado","5/8/20","166","7","08051","4.22"
"Hinsdale","0","3","Colorado","5/8/20","3","0","08053","0"
"Huerfano","0","3","Colorado","5/8/20","2","1","08055","50"
"Jefferson","29","1574","Colorado","5/8/20","1373","201","08059","14.64"
"Kit Carson","0","24","Colorado","5/8/20","21","3","08063","14.29"
"La Plata","0","64","Colorado","5/8/20","63","1","08067","1.59"
"Lake","1","23","Colorado","5/8/20","19","4","08065","21.05"
"Larimer","9","437","Colorado","5/8/20","377","60","08069","15.92"
"Las Animas","0","4","Colorado","5/8/20","3","1","08071","33.33"
"Lincoln","0","3","Colorado","5/8/20","3","0","08073","0"
"Logan","10","350","Colorado","5/8/20","282","68","08075","24.11"
"Mesa","0","50","Colorado","5/8/20","47","3","08077","6.38"
"Mineral","0","2","Colorado","5/8/20","2","0","08079","0"
"Moffat","0","6","Colorado","5/8/20","6","0","08081","0"
"Montezuma","1","23","Colorado","5/8/20","16","7","08083","43.75"
"Montrose","3","121","Colorado","5/8/20","98","23","08085","23.47"
"Morgan","11","463","Colorado","5/8/20","384","79","08087","20.57"
"Otero","0","10","Colorado","5/8/20","10","0","08089","0"
"Ouray","0","6","Colorado","5/8/20","5","1","08091","20"
"Park","0","15","Colorado","5/8/20","13","2","08093","15.38"
"Phillips","0","7","Colorado","5/8/20","6","1","08095","16.67"
"Pitkin","-2","54","Colorado","5/8/20","65","-11","08097","-16.92"
"Prowers","1","8","Colorado","5/8/20","1","7","08099","700"
"Pueblo","3","170","Colorado","5/8/20","146","24","08101","16.44"
"Rio Blanco","0","1","Colorado","5/8/20","1","0","08103","0"
"Rio Grande","0","7","Colorado","5/8/20","7","0","08105","0"
"Routt","0","58","Colorado","5/8/20","56","2","08107","3.57"
"Saguache","0","4","Colorado","5/8/20","4","0","08109","0"
"San Juan","0","1","Colorado","5/8/20","0","1","08111","1"
"San Miguel","0","20","Colorado","5/8/20","19","1","08113","5.26"
"Summit","4","156","Colorado","5/8/20","130","26","08117","20"
"Teller","0","30","Colorado","5/8/20","28","2","08119","7.14"
"Washington","0","9","Colorado","5/8/20","7","2","08121","28.57"
"Weld","41","2087","Colorado","5/8/20","1802","285","08123","15.82"
"Yuma","0","10","Colorado","5/8/20","9","1","08125","11.11"
"Fairfield","181","12879","Connecticut","5/8/20","11612","1267","09001","10.91"
"Hartford","139","6904","Connecticut","5/8/20","5931","973","09003","16.41"
"Litchfield","17","1130","Connecticut","5/8/20","1014","116","09005","11.44"
"Middlesex","13","775","Connecticut","5/8/20","687","88","09007","12.81"
"New Haven","141","8887","Connecticut","5/8/20","7900","987","09009","12.49"
"New London","22","755","Connecticut","5/8/20","603","152","09011","25.21"
"Tolland","12","530","Connecticut","5/8/20","446","84","09013","18.83"
"Windham","7","249","Connecticut","5/8/20","200","49","09015","24.5"
"Kent","27","963","Delaware","5/8/20","773","190","10001","24.58"
"New Castle","51","2184","Delaware","5/8/20","1829","355","10003","19.41"
"Sussex","92","2936","Delaware","5/8/20","2292","644","10005","28.1"
"","0","49","Diamond Princess","5/8/20","49","0",,"0"
"District of Columbia","177","5899","District of Columbia","5/8/20","4658","1241","11001","26.64"
"Alachua","5","306","Florida","5/8/20","273","33","12001","12.09"
"Baker","0","24","Florida","5/8/20","22","2","12003","9.09"
"Bay","1","76","Florida","5/8/20","72","4","12005","5.56"
"Bradford","0","48","Florida","5/8/20","47","1","12007","2.13"
"Brevard","5","326","Florida","5/8/20","289","37","12009","12.8"
"Broward","78","5688","Florida","5/8/20","5144","544","12011","10.58"
"Calhoun","2","24","Florida","5/8/20","8","16","12013","200"
"Charlotte","10","312","Florida","5/8/20","245","67","12015","27.35"
"Citrus","0","102","Florida","5/8/20","99","3","12017","3.03"
"Clay","2","293","Florida","5/8/20","276","17","12019","6.16"
"Collier","15","712","Florida","5/8/20","610","102","12021","16.72"
"Columbia","5","102","Florida","5/8/20","64","38","12023","59.38"
"DeSoto","2","42","Florida","5/8/20","30","12","12027","40"
"Dixie","1","12","Florida","5/8/20","7","5","12029","71.43"
"Duval","9","1088","Florida","5/8/20","1025","63","12031","6.15"
"Escambia","12","618","Florida","5/8/20","532","86","12033","16.17"
"Flagler","2","147","Florida","5/8/20","134","13","12035","9.7"
"Franklin","0","2","Florida","5/8/20","2","0","12037","0"
"Gadsden","3","123","Florida","5/8/20","103","20","12039","19.42"
"Gilchrist","0","6","Florida","5/8/20","5","1","12041","20"
"Glades","0","6","Florida","5/8/20","6","0","12043","0"
"Gulf","0","1","Florida","5/8/20","1","0","12045","0"
"Hamilton","0","8","Florida","5/8/20","7","1","12047","14.29"
"Hardee","2","35","Florida","5/8/20","22","13","12049","59.09"
"Hendry","6","133","Florida","5/8/20","92","41","12051","44.57"
"Hernando","1","98","Florida","5/8/20","92","6","12053","6.52"
"Highlands","1","93","Florida","5/8/20","84","9","12055","10.71"
"Hillsborough","30","1371","Florida","5/8/20","1163","208","12057","17.88"
"Holmes","0","10","Florida","5/8/20","10","0","12059","0"
"Indian River","1","100","Florida","5/8/20","91","9","12061","9.89"
"Jackson","9","74","Florida","5/8/20","14","60","12063","428.57"
"Jefferson","0","28","Florida","5/8/20","28","0","12065","0"
"Lafayette","0","3","Florida","5/8/20","2","1","12067","50"
"Lake","1","237","Florida","5/8/20","233","4","12069","1.72"
"Lee","22","1219","Florida","5/8/20","1067","152","12071","14.25"
"Leon","3","249","Florida","5/8/20","226","23","12073","10.18"
"Levy","0","20","Florida","5/8/20","19","1","12075","5.26"
"Liberty","27","196","Florida","5/8/20","6","190","12077","3166.67"
"Madison","0","61","Florida","5/8/20","58","3","12079","5.17"
"Manatee","22","742","Florida","5/8/20","591","151","12081","25.55"
"Marion","3","202","Florida","5/8/20","178","24","12083","13.48"
"Martin","7","243","Florida","5/8/20","197","46","12085","23.35"
"Miami-Dade","182","13664","Florida","5/8/20","12389","1275","12086","10.29"
"Monroe","0","80","Florida","5/8/20","79","1","12087","1.27"
"Nassau","0","60","Florida","5/8/20","57","3","12089","5.26"
"Okaloosa","1","165","Florida","5/8/20","156","9","12091","5.77"
"Okeechobee","2","23","Florida","5/8/20","12","11","12093","91.67"
"Orange","9","1478","Florida","5/8/20","1413","65","12095","4.6"
"Osceola","10","554","Florida","5/8/20","486","68","12097","13.99"
"Palm Beach","82","3615","Florida","5/8/20","3041","574","12099","18.88"
"Pasco","6","291","Florida","5/8/20","252","39","12101","15.48"
"Pinellas","11","828","Florida","5/8/20","748","80","12103","10.7"
"Polk","14","601","Florida","5/8/20","500","101","12105","20.2"
"Putnam","2","120","Florida","5/8/20","108","12","12107","11.11"
"Santa Rosa","1","162","Florida","5/8/20","158","4","12113","2.53"
"Sarasota","7","416","Florida","5/8/20","365","51","12115","13.97"
"Seminole","4","410","Florida","5/8/20","385","25","12117","6.49"
"St. Johns","2","223","Florida","5/8/20","210","13","12109","6.19"
"St. Lucie","4","275","Florida","5/8/20","249","26","12111","10.44"
"Sumter","3","239","Florida","5/8/20","217","22","12119","10.14"
"Suwannee","1","145","Florida","5/8/20","139","6","12121","4.32"
"Taylor","0","3","Florida","5/8/20","3","0","12123","0"
"Union","0","5","Florida","5/8/20","5","0","12125","0"
"Volusia","5","537","Florida","5/8/20","500","37","12127","7.4"
"Wakulla","1","29","Florida","5/8/20","24","5","12129","20.83"
"Walton","2","51","Florida","5/8/20","38","13","12131","34.21"
"Washington","0","12","Florida","5/8/20","12","0","12133","0"
"Appling","2","89","Georgia","5/8/20","72","17","13001","23.61"
"Atkinson","2","20","Georgia","5/8/20","9","11","13003","122.22"
"Bacon","1","35","Georgia","5/8/20","25","10","13005","40"
"Baker","1","31","Georgia","5/8/20","23","8","13007","34.78"
"Baldwin","6","271","Georgia","5/8/20","226","45","13009","19.91"
"Banks","1","35","Georgia","5/8/20","25","10","13011","40"
"Barrow","7","192","Georgia","5/8/20","141","51","13013","36.17"
"Bartow","5","361","Georgia","5/8/20","323","38","13015","11.76"
"Ben Hill","2","39","Georgia","5/8/20","26","13","13017","50"
"Berrien","0","19","Georgia","5/8/20","17","2","13019","11.76"
"Bibb","10","384","Georgia","5/8/20","312","72","13021","23.08"
"Bleckley","1","26","Georgia","5/8/20","19","7","13023","36.84"
"Brantley","0","23","Georgia","5/8/20","23","0","13025","0"
"Brooks","1","64","Georgia","5/8/20","59","5","13027","8.47"
"Bryan","1","59","Georgia","5/8/20","54","5","13029","9.26"
"Bulloch","0","42","Georgia","5/8/20","40","2","13031","5"
"Burke","2","101","Georgia","5/8/20","86","15","13033","17.44"
"Butts","3","171","Georgia","5/8/20","153","18","13035","11.76"
"Calhoun","1","113","Georgia","5/8/20","103","10","13037","9.71"
"Camden","0","35","Georgia","5/8/20","33","2","13039","6.06"
"Candler","0","7","Georgia","5/8/20","7","0","13043","0"
"Carroll","2","390","Georgia","5/8/20","375","15","13045","4"
"Catoosa","1","52","Georgia","5/8/20","48","4","13047","8.33"
"Charlton","1","17","Georgia","5/8/20","11","6","13049","54.55"
"Chatham","9","291","Georgia","5/8/20","230","61","13051","26.52"
"Chattahoochee","0","12","Georgia","5/8/20","12","0","13053","0"
"Chattooga","0","16","Georgia","5/8/20","16","0","13055","0"
"Cherokee","15","578","Georgia","5/8/20","474","104","13057","21.94"
"Clarke","4","180","Georgia","5/8/20","155","25","13059","16.13"
"Clay","1","27","Georgia","5/8/20","23","4","13061","17.39"
"Clayton","23","888","Georgia","5/8/20","727","161","13063","22.15"
"Clinch","1","16","Georgia","5/8/20","8","8","13065","100"
"Cobb","56","2072","Georgia","5/8/20","1677","395","13067","23.55"
"Coffee","4","171","Georgia","5/8/20","141","30","13069","21.28"
"Colquitt","2","202","Georgia","5/8/20","187","15","13071","8.02"
"Columbia","2","178","Georgia","5/8/20","162","16","13073","9.88"
"Cook","1","31","Georgia","5/8/20","25","6","13075","24"
"Coweta","7","257","Georgia","5/8/20","211","46","13077","21.8"
"Crawford","0","19","Georgia","5/8/20","17","2","13079","11.76"
"Crisp","2","182","Georgia","5/8/20","167","15","13081","8.98"
"Dade","0","16","Georgia","5/8/20","16","0","13083","0"
"Dawson","2","75","Georgia","5/8/20","61","14","13085","22.95"
"Decatur","3","109","Georgia","5/8/20","87","22","13087","25.29"
"DeKalb","53","2445","Georgia","5/8/20","2072","373","13089","18"
"Dodge","1","32","Georgia","5/8/20","28","4","13091","14.29"
"Dooly","2","140","Georgia","5/8/20","129","11","13093","8.53"
"Dougherty","8","1583","Georgia","5/8/20","1530","53","13095","3.46"
"Douglas","10","398","Georgia","5/8/20","329","69","13097","20.97"
"Early","1","224","Georgia","5/8/20","214","10","13099","4.67"
"Echols","0","6","Georgia","5/8/20","5","1","13101","20"
"Effingham","0","37","Georgia","5/8/20","36","1","13103","2.78"
"Elbert","2","37","Georgia","5/8/20","24","13","13105","54.17"
"Emanuel","0","23","Georgia","5/8/20","21","2","13107","9.52"
"Evans","0","5","Georgia","5/8/20","5","0","13109","0"
"Fannin","1","34","Georgia","5/8/20","30","4","13111","13.33"
"Fayette","2","190","Georgia","5/8/20","178","12","13113","6.74"
"Floyd","1","155","Georgia","5/8/20","145","10","13115","6.9"
"Forsyth","8","364","Georgia","5/8/20","308","56","13117","18.18"
"Franklin","1","26","Georgia","5/8/20","19","7","13119","36.84"
"Fulton","62","3317","Georgia","5/8/20","2882","435","13121","15.09"
"Gilmer","3","89","Georgia","5/8/20","69","20","13123","28.99"
"Glascock","0","1","Georgia","5/8/20","0","1","13125","1"
"Glynn","2","72","Georgia","5/8/20","58","14","13127","24.14"
"Gordon","1","121","Georgia","5/8/20","113","8","13129","7.08"
"Grady","3","83","Georgia","5/8/20","64","19","13131","29.69"
"Greene","0","57","Georgia","5/8/20","55","2","13133","3.64"
"Gwinnett","68","2323","Georgia","5/8/20","1846","477","13135","25.84"
"Habersham","8","386","Georgia","5/8/20","327","59","13137","18.04"
"Hall","74","1997","Georgia","5/8/20","1482","515","13139","34.75"
"Hancock","10","119","Georgia","5/8/20","51","68","13141","133.33"
"Haralson","0","32","Georgia","5/8/20","29","3","13143","10.34"
"Harris","0","62","Georgia","5/8/20","61","1","13145","1.64"
"Hart","1","15","Georgia","5/8/20","11","4","13147","36.36"
"Heard","0","14","Georgia","5/8/20","11","3","13149","27.27"
"Henry","11","566","Georgia","5/8/20","492","74","13151","15.04"
"Houston","7","284","Georgia","5/8/20","234","50","13153","21.37"
"Irwin","1","21","Georgia","5/8/20","15","6","13155","40"
"Jackson","4","122","Georgia","5/8/20","97","25","13157","25.77"
"Jasper","1","26","Georgia","5/8/20","22","4","13159","18.18"
"Jeff Davis","1","24","Georgia","5/8/20","20","4","13161","20"
"Jefferson","0","17","Georgia","5/8/20","14","3","13163","21.43"
"Jenkins","0","17","Georgia","5/8/20","16","1","13165","6.25"
"Johnson","2","65","Georgia","5/8/20","51","14","13167","27.45"
"Jones","0","31","Georgia","5/8/20","29","2","13169","6.9"
"Lamar","0","39","Georgia","5/8/20","39","0","13171","0"
"Lanier","0","10","Georgia","5/8/20","9","1","13173","11.11"
"Laurens","2","77","Georgia","5/8/20","62","15","13175","24.19"
"Lee","2","339","Georgia","5/8/20","322","17","13177","5.28"
"Liberty","1","43","Georgia","5/8/20","37","6","13179","16.22"
"Lincoln","0","12","Georgia","5/8/20","12","0","13181","0"
"Long","0","5","Georgia","5/8/20","5","0","13183","0"
"Lowndes","4","183","Georgia","5/8/20","156","27","13185","17.31"
"Lumpkin","4","76","Georgia","5/8/20","46","30","13187","65.22"
"Macon","0","81","Georgia","5/8/20","81","0","13193","0"
"Madison","1","28","Georgia","5/8/20","24","4","13195","16.67"
"Marion","0","39","Georgia","5/8/20","42","-3","13197","-7.14"
"McDuffie","1","50","Georgia","5/8/20","45","5","13189","11.11"
"McIntosh","0","6","Georgia","5/8/20","6","0","13191","0"
"Meriwether","1","62","Georgia","5/8/20","54","8","13199","14.81"
"Miller","0","31","Georgia","5/8/20","33","-2","13201","-6.06"
"Mitchell","3","341","Georgia","5/8/20","318","23","13205","7.23"
"Monroe","1","34","Georgia","5/8/20","24","10","13207","41.67"
"Montgomery","0","4","Georgia","5/8/20","3","1","13209","33.33"
"Morgan","0","30","Georgia","5/8/20","27","3","13211","11.11"
"Murray","2","45","Georgia","5/8/20","32","13","13213","40.62"
"Muscogee","7","363","Georgia","5/8/20","316","47","13215","14.87"
"Newton","6","240","Georgia","5/8/20","200","40","13217","20"
"Oconee","0","66","Georgia","5/8/20","66","0","13219","0"
"Oglethorpe","1","56","Georgia","5/8/20","49","7","13221","14.29"
"Out of GA","3","1088","Georgia","5/8/20","1068","20","80013","1.87"
"Paulding","4","221","Georgia","5/8/20","190","31","13223","16.32"
"Peach","1","62","Georgia","5/8/20","52","10","13225","19.23"
"Pickens","1","32","Georgia","5/8/20","25","7","13227","28"
"Pierce","1","59","Georgia","5/8/20","55","4","13229","7.27"
"Pike","0","41","Georgia","5/8/20","40","1","13231","2.5"
"Polk","1","65","Georgia","5/8/20","59","6","13233","10.17"
"Pulaski","1","35","Georgia","5/8/20","31","4","13235","12.9"
"Putnam","2","54","Georgia","5/8/20","42","12","13237","28.57"
"Quitman","0","6","Georgia","5/8/20","5","1","13239","20"
"Rabun","0","13","Georgia","5/8/20","14","-1","13241","-7.14"
"Randolph","1","167","Georgia","5/8/20","161","6","13243","3.73"
"Richmond","4","441","Georgia","5/8/20","412","29","13245","7.04"
"Rockdale","5","228","Georgia","5/8/20","191","37","13247","19.37"
"Schley","0","15","Georgia","5/8/20","16","-1","13249","-6.25"
"Screven","0","17","Georgia","5/8/20","15","2","13251","13.33"
"Seminole","1","34","Georgia","5/8/20","30","4","13253","13.33"
"Spalding","2","227","Georgia","5/8/20","214","13","13255","6.07"
"Stephens","1","91","Georgia","5/8/20","81","10","13257","12.35"
"Stewart","1","30","Georgia","5/8/20","25","5","13259","20"
"Sumter","1","391","Georgia","5/8/20","382","9","13261","2.36"
"Talbot","0","26","Georgia","5/8/20","26","0","13263","0"
"Taliaferro","0","1","Georgia","5/8/20","0","1","13265","1"
"Tattnall","0","9","Georgia","5/8/20","9","0","13267","0"
"Taylor","0","18","Georgia","5/8/20","17","1","13269","5.88"
"Telfair","0","28","Georgia","5/8/20","28","0","13271","0"
"Terrell","2","198","Georgia","5/8/20","184","14","13273","7.61"
"Thomas","7","239","Georgia","5/8/20","190","49","13275","25.79"
"Tift","3","145","Georgia","5/8/20","122","23","13277","18.85"
"Toombs","1","39","Georgia","5/8/20","31","8","13279","25.81"
"Towns","0","20","Georgia","5/8/20","22","-2","13281","-9.09"
"Treutlen","0","5","Georgia","5/8/20","3","2","13283","66.67"
"Troup","4","176","Georgia","5/8/20","150","26","13285","17.33"
"Turner","1","74","Georgia","5/8/20","68","6","13287","8.82"
"Twiggs","0","8","Georgia","5/8/20","8","0","13289","0"
"Union","0","34","Georgia","5/8/20","33","1","13291","3.03"
"Upson","3","247","Georgia","5/8/20","224","23","13293","10.27"
"Walker","0","62","Georgia","5/8/20","60","2","13295","3.33"
"Walton","3","148","Georgia","5/8/20","129","19","13297","14.73"
"Ware","4","155","Georgia","5/8/20","128","27","13299","21.09"
"Warren","0","15","Georgia","5/8/20","12","3","13301","25"
"Washington","1","53","Georgia","5/8/20","43","10","13303","23.26"
"Wayne","0","13","Georgia","5/8/20","13","0","13305","0"
"Webster","0","10","Georgia","5/8/20","10","0","13307","0"
"Wheeler","0","5","Georgia","5/8/20","5","0","13309","0"
"White","3","86","Georgia","5/8/20","63","23","13311","36.51"
"Whitfield","4","140","Georgia","5/8/20","111","29","13313","26.13"
"Wilcox","1","94","Georgia","5/8/20","90","4","13315","4.44"
"Wilkes","0","26","Georgia","5/8/20","25","1","13317","4"
"Wilkinson","1","40","Georgia","5/8/20","35","5","13319","14.29"
"Worth","3","180","Georgia","5/8/20","159","21","13321","13.21"
"","0","103","Grand Princess","5/8/20","103","0",,"0"
"","1","151","Guam","5/8/20","145","6",,"4.14"
"Hawaii","0","74","Hawaii","5/8/20","73","1","15001","1.37"
"Honolulu","1","408","Hawaii","5/8/20","400","8","15003","2"
"Kauai","0","21","Hawaii","5/8/20","21","0","15007","0"
"Maui","0","116","Hawaii","5/8/20","116","0","15009","0"
"Out of HI","0","10","Hawaii","5/8/20","9","1","80015","11.11"
"Ada","6","721","Idaho","5/8/20","681","40","16001","5.87"
"Adams","0","3","Idaho","5/8/20","3","0","16003","0"
"Bannock","0","12","Idaho","5/8/20","11","1","16005","9.09"
"Bingham","0","4","Idaho","5/8/20","4","0","16011","0"
"Blaine","0","499","Idaho","5/8/20","497","2","16013","0.4"
"Bonner","0","4","Idaho","5/8/20","4","0","16017","0"
"Bonneville","0","28","Idaho","5/8/20","28","0","16019","0"
"Camas","0","1","Idaho","5/8/20","1","0","16025","0"
"Canyon","2","272","Idaho","5/8/20","255","17","16027","6.67"
"Caribou","0","1","Idaho","5/8/20","1","0","16029","0"
"Cassia","0","13","Idaho","5/8/20","13","0","16031","0"
"Custer","0","2","Idaho","5/8/20","2","0","16037","0"
"Elmore","0","31","Idaho","5/8/20","30","1","16039","3.33"
"Fremont","0","3","Idaho","5/8/20","2","1","16043","50"
"Gem","0","14","Idaho","5/8/20","13","1","16045","7.69"
"Gooding","1","16","Idaho","5/8/20","12","4","16047","33.33"
"Idaho","0","3","Idaho","5/8/20","3","0","16049","0"
"Jefferson","0","5","Idaho","5/8/20","5","0","16051","0"
"Jerome","2","65","Idaho","5/8/20","54","11","16053","20.37"
"Kootenai","0","62","Idaho","5/8/20","62","0","16055","0"
"Latah","0","5","Idaho","5/8/20","5","0","16057","0"
"Lemhi","0","1","Idaho","5/8/20","1","0","16059","0"
"Lincoln","0","29","Idaho","5/8/20","27","2","16063","7.41"
"Madison","1","16","Idaho","5/8/20","11","5","16065","45.45"
"Minidoka","0","11","Idaho","5/8/20","11","0","16067","0"
"Nez Perce","3","78","Idaho","5/8/20","60","18","16069","30"
"Owyhee","0","8","Idaho","5/8/20","8","0","16073","0"
"Payette","0","17","Idaho","5/8/20","16","1","16075","6.25"
"Power","0","2","Idaho","5/8/20","2","0","16077","0"
"Teton","0","10","Idaho","5/8/20","9","1","16081","11.11"
"Twin Falls","8","239","Idaho","5/8/20","181","58","16083","32.04"
"Valley","0","2","Idaho","5/8/20","2","0","16085","0"
"Washington","0","1","Idaho","5/8/20","1","0","16087","0"
"Adams","0","41","Illinois","5/8/20","40","1","17001","2.5"
"Alexander","0","6","Illinois","5/8/20","3","3","17003","100"
"Bond","0","8","Illinois","5/8/20","6","2","17005","33.33"
"Boone","9","177","Illinois","5/8/20","113","64","17007","56.64"
"Brown","1","6","Illinois","5/8/20","1","5","17009","500"
"Bureau","0","13","Illinois","5/8/20","10","3","17011","30"
"Calhoun","0","1","Illinois","5/8/20","1","0","17013","0"
"Carroll","0","10","Illinois","5/8/20","9","1","17015","11.11"
"Cass","3","52","Illinois","5/8/20","34","18","17017","52.94"
"Champaign","15","247","Illinois","5/8/20","143","104","17019","72.73"
"Christian","0","29","Illinois","5/8/20","29","0","17021","0"
"Clark","0","5","Illinois","5/8/20","5","0","17023","0"
"Clay","0","2","Illinois","5/8/20","2","0","17025","0"
"Clinton","2","125","Illinois","5/8/20","110","15","17027","13.64"
"Coles","0","22","Illinois","5/8/20","22","0","17029","0"
"Cook","1653","50236","Illinois","5/8/20","38668","11568","17031","29.92"
"Crawford","0","10","Illinois","5/8/20","10","0","17033","0"
"Cumberland","0","4","Illinois","5/8/20","3","1","17035","33.33"
"De Witt","0","3","Illinois","5/8/20","3","0","17039","0"
"DeKalb","8","160","Illinois","5/8/20","105","55","17037","52.38"
"Douglas","1","20","Illinois","5/8/20","16","4","17041","25"
"DuPage","160","4374","Illinois","5/8/20","3256","1118","17043","34.34"
"Effingham","0","5","Illinois","5/8/20","5","0","17049","0"
"Fayette","0","17","Illinois","5/8/20","16","1","17051","6.25"
"Ford","0","12","Illinois","5/8/20","9","3","17053","33.33"
"Franklin","0","10","Illinois","5/8/20","8","2","17055","25"
"Fulton","0","3","Illinois","5/8/20","3","0","17057","0"
"Gallatin","0","2","Illinois","5/8/20","2","0","17059","0"
"Greene","0","4","Illinois","5/8/20","3","1","17061","33.33"
"Grundy","3","55","Illinois","5/8/20","37","18","17063","48.65"
"Hamilton","0","2","Illinois","5/8/20","2","0","17065","0"
"Hancock","1","11","Illinois","5/8/20","6","5","17067","83.33"
"Hardin","0","1","Illinois","5/8/20","1","0","17069","0"
"Henderson","0","6","Illinois","5/8/20","5","1","17071","20"
"Henry","1","59","Illinois","5/8/20","49","10","17073","20.41"
"Iroquois","8","84","Illinois","5/8/20","31","53","17075","170.97"
"Jackson","6","161","Illinois","5/8/20","120","41","17077","34.17"
"Jasper","0","46","Illinois","5/8/20","44","2","17079","4.55"
"Jefferson","1","89","Illinois","5/8/20","85","4","17081","4.71"
"Jersey","1","16","Illinois","5/8/20","12","4","17083","33.33"
"Jo Daviess","0","16","Illinois","5/8/20","13","3","17085","23.08"
"Johnson","0","4","Illinois","5/8/20","4","0","17087","0"
"Kane","142","2668","Illinois","5/8/20","1677","991","17089","59.09"
"Kankakee","15","458","Illinois","5/8/20","350","108","17091","30.86"
"Kendall","13","373","Illinois","5/8/20","281","92","17093","32.74"
"Knox","3","69","Illinois","5/8/20","47","22","17095","46.81"
"Lake","174","4985","Illinois","5/8/20","3766","1219","17097","32.37"
"LaSalle","6","93","Illinois","5/8/20","54","39","17099","72.22"
"Lawrence","0","3","Illinois","5/8/20","3","0","17101","0"
"Lee","6","63","Illinois","5/8/20","23","40","17103","173.91"
"Livingston","1","24","Illinois","5/8/20","20","4","17105","20"
"Logan","0","9","Illinois","5/8/20","7","2","17107","28.57"
"Macon","4","138","Illinois","5/8/20","109","29","17115","26.61"
"Macoupin","1","38","Illinois","5/8/20","31","7","17117","22.58"
"Madison","9","401","Illinois","5/8/20","335","66","17119","19.7"
"Marion","1","41","Illinois","5/8/20","34","7","17121","20.59"
"Marshall","0","4","Illinois","5/8/20","4","0","17123","0"
"Mason","0","15","Illinois","5/8/20","12","3","17125","25"
"Massac","0","6","Illinois","5/8/20","4","2","17127","50"
"McDonough","4","48","Illinois","5/8/20","18","30","17109","166.67"
"McHenry","33","897","Illinois","5/8/20","666","231","17111","34.68"
"McLean","2","112","Illinois","5/8/20","97","15","17113","15.46"
"Menard","1","17","Illinois","5/8/20","9","8","17129","88.89"
"Mercer","0","11","Illinois","5/8/20","8","3","17131","37.5"
"Monroe","1","79","Illinois","5/8/20","71","8","17133","11.27"
"Montgomery","1","34","Illinois","5/8/20","26","8","17135","30.77"
"Morgan","1","28","Illinois","5/8/20","24","4","17137","16.67"
"Moultrie","0","6","Illinois","5/8/20","5","1","17139","20"
"Ogle","3","141","Illinois","5/8/20","122","19","17141","15.57"
"Out of IL","10","72","Illinois","5/8/20","0","72","80017","1"
"Peoria","6","132","Illinois","5/8/20","93","39","17143","41.94"
"Perry","2","36","Illinois","5/8/20","24","12","17145","50"
"Piatt","0","7","Illinois","5/8/20","7","0","17147","0"
"Pike","0","1","Illinois","5/8/20","1","0","17149","0"
"Pope","0","1","Illinois","5/8/20","0","1","17151","1"
"Pulaski","1","25","Illinois","5/8/20","20","5","17153","25"
"Randolph","7","211","Illinois","5/8/20","164","47","17157","28.66"
"Richland","0","3","Illinois","5/8/20","3","0","17159","0"
"Rock Island","16","498","Illinois","5/8/20","389","109","17161","28.02"
"Saline","0","5","Illinois","5/8/20","3","2","17165","66.67"
"Sangamon","8","253","Illinois","5/8/20","195","58","17167","29.74"
"Schuyler","1","5","Illinois","5/8/20","1","4","17169","400"
"Shelby","0","10","Illinois","5/8/20","10","0","17173","0"
"St. Clair","22","648","Illinois","5/8/20","492","156","17163","31.71"
"Stark","0","1","Illinois","5/8/20","1","0","17175","0"
"Stephenson","6","84","Illinois","5/8/20","45","39","17177","86.67"
"Tazewell","2","58","Illinois","5/8/20","41","17","17179","41.46"
"Union","6","58","Illinois","5/8/20","19","39","17181","205.26"
"Vermilion","1","25","Illinois","5/8/20","17","8","17183","47.06"
"Wabash","0","1","Illinois","5/8/20","1","0","17185","0"
"Warren","3","93","Illinois","5/8/20","70","23","17187","32.86"
"Washington","1","14","Illinois","5/8/20","10","4","17189","40"
"Wayne","0","3","Illinois","5/8/20","2","1","17191","50"
"White","0","2","Illinois","5/8/20","2","0","17193","0"
"Whiteside","2","101","Illinois","5/8/20","87","14","17195","16.09"
"Will","135","3561","Illinois","5/8/20","2617","944","17197","36.07"
"Williamson","2","44","Illinois","5/8/20","32","12","17199","37.5"
"Winnebago","49","830","Illinois","5/8/20","485","345","17201","71.13"
"Woodford","0","15","Illinois","5/8/20","14","1","17203","7.14"
"Adams","0","8","Indiana","5/8/20","7","1","18001","14.29"
"Allen","28","781","Indiana","5/8/20","588","193","18003","32.82"
"Bartholomew","10","331","Indiana","5/8/20","261","70","18005","26.82"
"Benton","1","12","Indiana","5/8/20","8","4","18007","50"
"Blackford","1","13","Indiana","5/8/20","8","5","18009","62.5"
"Boone","4","214","Indiana","5/8/20","189","25","18011","13.23"
"Brown","1","25","Indiana","5/8/20","16","9","18013","56.25"
"Carroll","7","70","Indiana","5/8/20","24","46","18015","191.67"
"Cass","40","1497","Indiana","5/8/20","1214","283","18017","23.31"
"Clark","6","358","Indiana","5/8/20","316","42","18019","13.29"
"Clay","1","24","Indiana","5/8/20","20","4","18021","20"
"Clinton","5","80","Indiana","5/8/20","45","35","18023","77.78"
"Crawford","0","20","Indiana","5/8/20","17","3","18025","17.65"
"Daviess","1","54","Indiana","5/8/20","47","7","18027","14.89"
"Dearborn","4","146","Indiana","5/8/20","117","29","18029","24.79"
"Decatur","1","210","Indiana","5/8/20","200","10","18031","5"
"DeKalb","0","23","Indiana","5/8/20","20","3","18033","15"
"Delaware","5","214","Indiana","5/8/20","182","32","18035","17.58"
"Dubois","2","38","Indiana","5/8/20","23","15","18037","65.22"
"Elkhart","17","410","Indiana","5/8/20","293","117","18039","39.93"
"Fayette","1","34","Indiana","5/8/20","28","6","18041","21.43"
"Floyd","6","226","Indiana","5/8/20","182","44","18043","24.18"
"Fountain","0","14","Indiana","5/8/20","12","2","18045","16.67"
"Franklin","1","104","Indiana","5/8/20","97","7","18047","7.22"
"Fulton","1","34","Indiana","5/8/20","30","4","18049","13.33"
"Gibson","0","7","Indiana","5/8/20","7","0","18051","0"
"Grant","2","151","Indiana","5/8/20","138","13","18053","9.42"
"Greene","8","146","Indiana","5/8/20","90","56","18055","62.22"
"Hamilton","15","902","Indiana","5/8/20","794","108","18057","13.6"
"Hancock","3","246","Indiana","5/8/20","227","19","18059","8.37"
"Harrison","3","153","Indiana","5/8/20","129","24","18061","18.6"
"Hendricks","32","927","Indiana","5/8/20","701","226","18063","32.24"
"Henry","4","70","Indiana","5/8/20","40","30","18065","75"
"Howard","8","234","Indiana","5/8/20","176","58","18067","32.95"
"Huntington","1","13","Indiana","5/8/20","9","4","18069","44.44"
"Jackson","13","251","Indiana","5/8/20","157","94","18071","59.87"
"Jasper","0","36","Indiana","5/8/20","33","3","18073","9.09"
"Jay","0","18","Indiana","5/8/20","16","2","18075","12.5"
"Jefferson","1","34","Indiana","5/8/20","29","5","18077","17.24"
"Jennings","2","93","Indiana","5/8/20","78","15","18079","19.23"
"Johnson","22","769","Indiana","5/8/20","616","153","18081","24.84"
"Knox","0","20","Indiana","5/8/20","20","0","18083","0"
"Kosciusko","0","39","Indiana","5/8/20","36","3","18085","8.33"
"LaGrange","2","36","Indiana","5/8/20","25","11","18087","44"
"Lake","61","2359","Indiana","5/8/20","1929","430","18089","22.29"
"LaPorte","12","307","Indiana","5/8/20","224","83","18091","37.05"
"Lawrence","2","115","Indiana","5/8/20","99","16","18093","16.16"
"Madison","7","479","Indiana","5/8/20","428","51","18095","11.92"
"Marion","189","7078","Indiana","5/8/20","5754","1324","18097","23.01"
"Marshall","0","31","Indiana","5/8/20","30","1","18099","3.33"
"Martin","0","7","Indiana","5/8/20","7","0","18101","0"
"Miami","2","122","Indiana","5/8/20","107","15","18103","14.02"
"Monroe","2","141","Indiana","5/8/20","126","15","18105","11.9"
"Montgomery","4","114","Indiana","5/8/20","88","26","18107","29.55"
"Morgan","4","182","Indiana","5/8/20","156","26","18109","16.67"
"Newton","1","64","Indiana","5/8/20","60","4","18111","6.67"
"Noble","8","127","Indiana","5/8/20","71","56","18113","78.87"
"Ohio","0","7","Indiana","5/8/20","4","3","18115","75"
"Orange","1","108","Indiana","5/8/20","101","7","18117","6.93"
"Owen","0","26","Indiana","5/8/20","23","3","18119","13.04"
"Parke","0","14","Indiana","5/8/20","12","2","18121","16.67"
"Perry","1","14","Indiana","5/8/20","10","4","18123","40"
"Pike","0","2","Indiana","5/8/20","2","0","18125","0"
"Porter","9","303","Indiana","5/8/20","240","63","18127","26.25"
"Posey","0","15","Indiana","5/8/20","12","3","18129","25"
"Pulaski","1","33","Indiana","5/8/20","25","8","18131","32"
"Putnam","2","84","Indiana","5/8/20","71","13","18133","18.31"
"Randolph","1","21","Indiana","5/8/20","15","6","18135","40"
"Ripley","1","98","Indiana","5/8/20","93","5","18137","5.38"
"Rush","1","37","Indiana","5/8/20","32","5","18139","15.62"
"Scott","4","73","Indiana","5/8/20","47","26","18143","55.32"
"Shelby","5","250","Indiana","5/8/20","213","37","18145","17.37"
"Spencer","0","7","Indiana","5/8/20","5","2","18147","40"
"St. Joseph","19","773","Indiana","5/8/20","642","131","18141","20.4"
"Starke","1","21","Indiana","5/8/20","16","5","18149","31.25"
"Steuben","5","63","Indiana","5/8/20","25","38","18151","152"
"Sullivan","0","19","Indiana","5/8/20","16","3","18153","18.75"
"Switzerland","0","15","Indiana","5/8/20","15","0","18155","0"
"Tippecanoe","13","207","Indiana","5/8/20","115","92","18157","80"
"Tipton","0","20","Indiana","5/8/20","20","0","18159","0"
"Union","0","8","Indiana","5/8/20","7","1","18161","14.29"
"Vanderburgh","5","175","Indiana","5/8/20","143","32","18163","22.38"
"Vermillion","0","7","Indiana","5/8/20","7","0","18165","0"
"Vigo","1","74","Indiana","5/8/20","64","10","18167","15.62"
"Wabash","2","64","Indiana","5/8/20","51","13","18169","25.49"
"Warren","0","12","Indiana","5/8/20","11","1","18171","9.09"
"Warrick","4","119","Indiana","5/8/20","94","25","18173","26.6"
"Washington","0","45","Indiana","5/8/20","44","1","18175","2.27"
"Wayne","2","51","Indiana","5/8/20","35","16","18177","45.71"
"Wells","1","9","Indiana","5/8/20","5","4","18179","80"
"White","13","139","Indiana","5/8/20","51","88","18181","172.55"
"Whitley","0","22","Indiana","5/8/20","20","2","18183","10"
"Adair","0","3","Iowa","5/8/20","1","2","19001","200"
"Allamakee","2","101","Iowa","5/8/20","90","11","19005","12.22"
"Appanoose","0","6","Iowa","5/8/20","3","3","19007","100"
"Audubon","1","9","Iowa","5/8/20","2","7","19009","350"
"Benton","0","34","Iowa","5/8/20","31","3","19011","9.68"
"Black Hawk","38","1463","Iowa","5/8/20","1195","268","19013","22.43"
"Boone","2","33","Iowa","5/8/20","16","17","19015","106.25"
"Bremer","1","57","Iowa","5/8/20","51","6","19017","11.76"
"Buchanan","1","23","Iowa","5/8/20","18","5","19019","27.78"
"Buena Vista","4","32","Iowa","5/8/20","6","26","19021","433.33"
"Butler","0","12","Iowa","5/8/20","9","3","19023","33.33"
"Calhoun","0","1","Iowa","5/8/20","1","0","19025","0"
"Carroll","1","6","Iowa","5/8/20","2","4","19027","200"
"Cass","0","1","Iowa","5/8/20","1","0","19029","0"
"Cedar","1","39","Iowa","5/8/20","30","9","19031","30"
"Cerro Gordo","0","14","Iowa","5/8/20","14","0","19033","0"
"Cherokee","0","4","Iowa","5/8/20","2","2","19035","100"
"Chickasaw","0","6","Iowa","5/8/20","5","1","19037","20"
"Clarke","0","5","Iowa","5/8/20","2","3","19039","150"
"Clay","1","9","Iowa","5/8/20","4","5","19041","125"
"Clayton","1","21","Iowa","5/8/20","17","4","19043","23.53"
"Clinton","1","53","Iowa","5/8/20","49","4","19045","8.16"
"Crawford","18","149","Iowa","5/8/20","24","125","19047","520.83"
"Dallas","35","654","Iowa","5/8/20","408","246","19049","60.29"
"Davis","1","8","Iowa","5/8/20","1","7","19051","700"
"Decatur","0","0","Iowa","5/8/20","1","-1","19053","-100"
"Delaware","0","7","Iowa","5/8/20","8","-1","19055","-12.5"
"Des Moines","2","31","Iowa","5/8/20","16","15","19057","93.75"
"Dickinson","0","6","Iowa","5/8/20","6","0","19059","0"
"Dubuque","10","181","Iowa","5/8/20","109","72","19061","66.06"
"Fayette","0","24","Iowa","5/8/20","21","3","19065","14.29"
"Floyd","0","2","Iowa","5/8/20","1","1","19067","100"
"Franklin","1","7","Iowa","5/8/20","3","4","19069","133.33"
"Fremont","0","1","Iowa","5/8/20","0","1","19071","1"
"Greene","1","13","Iowa","5/8/20","7","6","19073","85.71"
"Grundy","1","17","Iowa","5/8/20","11","6","19075","54.55"
"Guthrie","3","32","Iowa","5/8/20","13","19","19077","146.15"
"Hamilton","0","9","Iowa","5/8/20","7","2","19079","28.57"
"Hancock","0","3","Iowa","5/8/20","3","0","19081","0"
"Hardin","0","12","Iowa","5/8/20","9","3","19083","33.33"
"Harrison","0","17","Iowa","5/8/20","16","1","19085","6.25"
"Henry","1","42","Iowa","5/8/20","32","10","19087","31.25"
"Howard","0","12","Iowa","5/8/20","10","2","19089","20"
"Humboldt","0","6","Iowa","5/8/20","4","2","19091","50"
"Iowa","1","27","Iowa","5/8/20","20","7","19095","35"
"Jackson","0","7","Iowa","5/8/20","5","2","19097","40"
"Jasper","11","235","Iowa","5/8/20","155","80","19099","51.61"
"Jefferson","0","6","Iowa","5/8/20","6","0","19101","0"
"Johnson","10","546","Iowa","5/8/20","475","71","19103","14.95"
"Jones","1","31","Iowa","5/8/20","22","9","19105","40.91"
"Keokuk","1","7","Iowa","5/8/20","3","4","19107","133.33"
"Kossuth","0","2","Iowa","5/8/20","2","0","19109","0"
"Lee","1","18","Iowa","5/8/20","9","9","19111","100"
"Linn","20","813","Iowa","5/8/20","673","140","19113","20.8"
"Louisa","1","281","Iowa","5/8/20","274","7","19115","2.55"
"Lyon","0","16","Iowa","5/8/20","13","3","19119","23.08"
"Madison","0","10","Iowa","5/8/20","8","2","19121","25"
"Mahaska","1","20","Iowa","5/8/20","14","6","19123","42.86"
"Marion","0","13","Iowa","5/8/20","10","3","19125","30"
"Marshall","29","701","Iowa","5/8/20","500","201","19127","40.2"
"Mills","1","7","Iowa","5/8/20","2","5","19129","250"
"Mitchell","0","3","Iowa","5/8/20","3","0","19131","0"
"Monona","0","11","Iowa","5/8/20","9","2","19133","22.22"
"Monroe","0","2","Iowa","5/8/20","0","2","19135","1"
"Montgomery","0","3","Iowa","5/8/20","1","2","19137","200"
"Muscatine","14","446","Iowa","5/8/20","346","100","19139","28.9"
"O'Brien","1","13","Iowa","5/8/20","9","4","19141","44.44"
"Osceola","1","18","Iowa","5/8/20","10","8","19143","80"
"Page","0","10","Iowa","5/8/20","7","3","19145","42.86"
"Palo Alto","0","1","Iowa","5/8/20","0","1","19147","1"
"Plymouth","5","48","Iowa","5/8/20","14","34","19149","242.86"
"Pocahontas","0","3","Iowa","5/8/20","3","0","19151","0"
"Polk","139","2150","Iowa","5/8/20","1176","974","19153","82.82"
"Pottawattamie","6","76","Iowa","5/8/20","37","39","19155","105.41"
"Poweshiek","3","78","Iowa","5/8/20","57","21","19157","36.84"
"Sac","0","2","Iowa","5/8/20","1","1","19161","100"
"Scott","7","276","Iowa","5/8/20","230","46","19163","20"
"Shelby","1","16","Iowa","5/8/20","9","7","19165","77.78"
"Sioux","4","37","Iowa","5/8/20","11","26","19167","236.36"
"Story","3","54","Iowa","5/8/20","31","23","19169","74.19"
"Tama","7","322","Iowa","5/8/20","270","52","19171","19.26"
"Taylor","0","1","Iowa","5/8/20","1","0","19173","0"
"Union","0","1","Iowa","5/8/20","1","0","19175","0"
"Van Buren","0","8","Iowa","5/8/20","8","0","19177","0"
"Wapello","25","192","Iowa","5/8/20","17","175","19179","1029.41"
"Warren","2","39","Iowa","5/8/20","25","14","19181","56"
"Washington","2","155","Iowa","5/8/20","144","11","19183","7.64"
"Wayne","0","1","Iowa","5/8/20","1","0","19185","0"
"Webster","1","9","Iowa","5/8/20","5","4","19187","80"
"Winnebago","0","3","Iowa","5/8/20","2","1","19189","50"
"Winneshiek","0","18","Iowa","5/8/20","17","1","19191","5.88"
"Woodbury","87","1532","Iowa","5/8/20","922","610","19193","66.16"
"Worth","0","1","Iowa","5/8/20","1","0","19195","0"
"Wright","0","6","Iowa","5/8/20","3","3","19197","100"
"Atchison","0","12","Kansas","5/8/20","10","2","20005","20"
"Barber","0","1","Kansas","5/8/20","1","0","20007","0"
"Barton","1","17","Kansas","5/8/20","9","8","20009","88.89"
"Bourbon","0","6","Kansas","5/8/20","6","0","20011","0"
"Brown","0","1","Kansas","5/8/20","0","1","20013","1"
"Butler","0","14","Kansas","5/8/20","14","0","20015","0"
"Chase","0","3","Kansas","5/8/20","3","0","20017","0"
"Chautauqua","0","4","Kansas","5/8/20","4","0","20019","0"
"Cherokee","0","8","Kansas","5/8/20","8","0","20021","0"
"Cheyenne","0","2","Kansas","5/8/20","2","0","20023","0"
"Clark","2","17","Kansas","5/8/20","1","16","20025","1600"
"Clay","0","4","Kansas","5/8/20","4","0","20027","0"
"Cloud","0","4","Kansas","5/8/20","4","0","20029","0"
"Coffey","0","50","Kansas","5/8/20","48","2","20031","4.17"
"Cowley","0","3","Kansas","5/8/20","3","0","20035","0"
"Crawford","0","8","Kansas","5/8/20","8","0","20037","0"
"Dickinson","0","2","Kansas","5/8/20","2","0","20041","0"
"Doniphan","1","7","Kansas","5/8/20","3","4","20043","133.33"
"Douglas","1","56","Kansas","5/8/20","51","5","20045","9.8"
"Edwards","0","4","Kansas","5/8/20","4","0","20047","0"
"Elk","0","0","Kansas","5/8/20","1","-1","20049","-100"
"Ellis","0","8","Kansas","5/8/20","8","0","20051","0"
"Ellsworth","0","2","Kansas","5/8/20","0","2","20053","1"
"Finney","51","861","Kansas","5/8/20","503","358","20055","71.17"
"Ford","46","1024","Kansas","5/8/20","702","322","20057","45.87"
"Franklin","1","20","Kansas","5/8/20","14","6","20059","42.86"
"Geary","0","14","Kansas","5/8/20","11","3","20061","27.27"
"Gove","0","1","Kansas","5/8/20","1","0","20063","0"
"Grant","1","11","Kansas","5/8/20","5","6","20067","120"
"Gray","0","7","Kansas","5/8/20","5","2","20069","40"
"Greenwood","0","3","Kansas","5/8/20","3","0","20073","0"
"Hamilton","1","7","Kansas","5/8/20","2","5","20075","250"
"Harper","0","1","Kansas","5/8/20","1","0","20077","0"
"Harvey","0","9","Kansas","5/8/20","7","2","20079","28.57"
"Haskell","1","14","Kansas","5/8/20","7","7","20081","100"
"Jackson","0","2","Kansas","5/8/20","2","0","20085","0"
"Jefferson","0","12","Kansas","5/8/20","9","3","20087","33.33"
"Jewell","0","4","Kansas","5/8/20","4","0","20089","0"
"Johnson","15","576","Kansas","5/8/20","471","105","20091","22.29"
"Kearny","1","28","Kansas","5/8/20","19","9","20093","47.37"
"Kiowa","0","2","Kansas","5/8/20","1","1","20097","100"
"Labette","0","22","Kansas","5/8/20","22","0","20099","0"
"Leavenworth","76","906","Kansas","5/8/20","372","534","20103","143.55"
"Linn","0","6","Kansas","5/8/20","6","0","20107","0"
"Lyon","9","294","Kansas","5/8/20","230","64","20111","27.83"
"Marion","0","5","Kansas","5/8/20","5","0","20115","0"
"McPherson","0","25","Kansas","5/8/20","22","3","20113","13.64"
"Meade","2","21","Kansas","5/8/20","6","15","20119","250"
"Miami","0","5","Kansas","5/8/20","5","0","20121","0"
"Mitchell","0","3","Kansas","5/8/20","3","0","20123","0"
"Montgomery","1","21","Kansas","5/8/20","17","4","20125","23.53"
"Morris","0","3","Kansas","5/8/20","3","0","20127","0"
"Morton","0","3","Kansas","5/8/20","3","0","20129","0"
"Nemaha","0","1","Kansas","5/8/20","1","0","20131","0"
"Neosho","0","2","Kansas","5/8/20","2","0","20133","0"
"Norton","0","2","Kansas","5/8/20","1","1","20137","100"
"Osage","0","5","Kansas","5/8/20","5","0","20139","0"
"Osborne","0","2","Kansas","5/8/20","2","0","20141","0"
"Ottawa","0","4","Kansas","5/8/20","4","0","20143","0"
"Phillips","0","1","Kansas","5/8/20","1","0","20147","0"
"Pottawatomie","0","16","Kansas","5/8/20","13","3","20149","23.08"
"Pratt","0","1","Kansas","5/8/20","1","0","20151","0"
"Reno","0","41","Kansas","5/8/20","39","2","20155","5.13"
"Republic","0","4","Kansas","5/8/20","4","0","20157","0"
"Rice","0","3","Kansas","5/8/20","3","0","20159","0"
"Riley","1","57","Kansas","5/8/20","51","6","20161","11.76"
"Rooks","0","6","Kansas","5/8/20","6","0","20163","0"
"Saline","0","21","Kansas","5/8/20","21","0","20169","0"
"Scott","0","3","Kansas","5/8/20","1","2","20171","200"
"Sedgwick","7","457","Kansas","5/8/20","408","49","20173","12.01"
"Seward","21","678","Kansas","5/8/20","528","150","20175","28.41"
"Shawnee","4","149","Kansas","5/8/20","121","28","20177","23.14"
"Sheridan","0","2","Kansas","5/8/20","2","0","20179","0"
"Sherman","0","5","Kansas","5/8/20","4","1","20181","25"
"Smith","0","2","Kansas","5/8/20","2","0","20183","0"
"Stafford","0","1","Kansas","5/8/20","1","0","20185","0"
"Stanton","0","9","Kansas","5/8/20","6","3","20187","50"
"Stevens","1","14","Kansas","5/8/20","9","5","20189","55.56"
"Sumner","0","4","Kansas","5/8/20","3","1","20191","33.33"
"Wabaunsee","1","27","Kansas","5/8/20","22","5","20197","22.73"
"Washington","0","0","Kansas","5/8/20","1","-1","20201","-100"
"Wilson","0","1","Kansas","5/8/20","1","0","20205","0"
"Woodson","0","6","Kansas","5/8/20","6","0","20207","0"
"Wyandotte","41","1000","Kansas","5/8/20","710","290","20209","40.85"
"Adair","0","84","Kentucky","5/8/20","81","3","21001","3.7"
"Allen","2","25","Kentucky","5/8/20","14","11","21003","78.57"
"Anderson","0","9","Kentucky","5/8/20","8","1","21005","12.5"
"Ballard","0","8","Kentucky","5/8/20","10","-2","21007","-20"
"Barren","1","24","Kentucky","5/8/20","17","7","21009","41.18"
"Bath","0","4","Kentucky","5/8/20","4","0","21011","0"
"Boone","8","203","Kentucky","5/8/20","144","59","21015","40.97"
"Bourbon","0","8","Kentucky","5/8/20","8","0","21017","0"
"Boyd","0","32","Kentucky","5/8/20","31","1","21019","3.23"
"Boyle","0","16","Kentucky","5/8/20","17","-1","21021","-5.88"
"Bracken","0","10","Kentucky","5/8/20","9","1","21023","11.11"
"Breathitt","0","2","Kentucky","5/8/20","2","0","21025","0"
"Breckinridge","1","13","Kentucky","5/8/20","9","4","21027","44.44"
"Bullitt","3","79","Kentucky","5/8/20","55","24","21029","43.64"
"Butler","7","192","Kentucky","5/8/20","141","51","21031","36.17"
"Caldwell","0","12","Kentucky","5/8/20","13","-1","21033","-7.69"
"Calloway","0","36","Kentucky","5/8/20","34","2","21035","5.88"
"Campbell","3","114","Kentucky","5/8/20","92","22","21037","23.91"
"Carlisle","0","3","Kentucky","5/8/20","2","1","21039","50"
"Carroll","0","2","Kentucky","5/8/20","2","0","21041","0"
"Carter","0","6","Kentucky","5/8/20","5","1","21043","20"
"Casey","0","1","Kentucky","5/8/20","1","0","21045","0"
"Christian","1","93","Kentucky","5/8/20","88","5","21047","5.68"
"Clark","0","20","Kentucky","5/8/20","21","-1","21049","-4.76"
"Clay","0","2","Kentucky","5/8/20","1","1","21051","100"
"Clinton","0","3","Kentucky","5/8/20","3","0","21053","0"
"Crittenden","0","4","Kentucky","5/8/20","4","0","21055","0"
"Cumberland","0","5","Kentucky","5/8/20","5","0","21057","0"
"Daviess","9","260","Kentucky","5/8/20","194","66","21059","34.02"
"Edmonson","3","45","Kentucky","5/8/20","26","19","21061","73.08"
"Fayette","13","342","Kentucky","5/8/20","254","88","21067","34.65"
"Fleming","0","2","Kentucky","5/8/20","2","0","21069","0"
"Floyd","0","15","Kentucky","5/8/20","14","1","21071","7.14"
"Franklin","0","16","Kentucky","5/8/20","16","0","21073","0"
"Fulton","0","1","Kentucky","5/8/20","2","-1","21075","-50"
"Gallatin","0","1","Kentucky","5/8/20","1","0","21077","0"
"Garrard","0","3","Kentucky","5/8/20","2","1","21079","50"
"Grant","1","29","Kentucky","5/8/20","21","8","21081","38.1"
"Graves","1","146","Kentucky","5/8/20","137","9","21083","6.57"
"Grayson","3","93","Kentucky","5/8/20","69","24","21085","34.78"
"Green","0","1","Kentucky","5/8/20","1","0","21087","0"
"Greenup","0","12","Kentucky","5/8/20","11","1","21089","9.09"
"Hancock","0","6","Kentucky","5/8/20","6","0","21091","0"
"Hardin","2","61","Kentucky","5/8/20","44","17","21093","38.64"
"Harlan","0","1","Kentucky","5/8/20","0","1","21095","1"
"Harrison","0","18","Kentucky","5/8/20","17","1","21097","5.88"
"Hart","1","8","Kentucky","5/8/20","4","4","21099","100"
"Henderson","2","75","Kentucky","5/8/20","62","13","21101","20.97"
"Henry","0","8","Kentucky","5/8/20","6","2","21103","33.33"
"Hickman","1","5","Kentucky","5/8/20","1","4","21105","400"
"Hopkins","2","213","Kentucky","5/8/20","201","12","21107","5.97"
"Jackson","0","56","Kentucky","5/8/20","59","-3","21109","-5.08"
"Jefferson","37","1610","Kentucky","5/8/20","1352","258","21111","19.08"
"Jessamine","0","41","Kentucky","5/8/20","41","0","21113","0"
"Johnson","0","4","Kentucky","5/8/20","3","1","21115","33.33"
"Kenton","12","372","Kentucky","5/8/20","286","86","21117","30.07"
"Knott","0","4","Kentucky","5/8/20","4","0","21119","0"
"Knox","0","6","Kentucky","5/8/20","6","0","21121","0"
"Larue","0","6","Kentucky","5/8/20","5","1","21123","20"
"Laurel","1","21","Kentucky","5/8/20","17","4","21125","23.53"
"Lawrence","0","1","Kentucky","5/8/20","1","0","21127","0"
"Leslie","0","5","Kentucky","5/8/20","4","1","21131","25"
"Letcher","0","3","Kentucky","5/8/20","2","1","21133","50"
"Lewis","0","5","Kentucky","5/8/20","3","2","21135","66.67"
"Lincoln","0","5","Kentucky","5/8/20","5","0","21137","0"
"Livingston","0","6","Kentucky","5/8/20","5","1","21139","20"
"Logan","3","35","Kentucky","5/8/20","11","24","21141","218.18"
"Lyon","0","14","Kentucky","5/8/20","13","1","21143","7.69"
"Madison","1","33","Kentucky","5/8/20","29","4","21151","13.79"
"Marion","0","17","Kentucky","5/8/20","17","0","21155","0"
"Marshall","0","33","Kentucky","5/8/20","34","-1","21157","-2.94"
"Martin","0","3","Kentucky","5/8/20","3","0","21159","0"
"Mason","0","6","Kentucky","5/8/20","6","0","21161","0"
"McCracken","1","68","Kentucky","5/8/20","58","10","21145","17.24"
"McCreary","0","11","Kentucky","5/8/20","11","0","21147","0"
"McLean","0","16","Kentucky","5/8/20","15","1","21149","6.67"
"Meade","1","18","Kentucky","5/8/20","12","6","21163","50"
"Menifee","0","3","Kentucky","5/8/20","3","0","21165","0"
"Mercer","0","11","Kentucky","5/8/20","11","0","21167","0"
"Metcalfe","0","2","Kentucky","5/8/20","1","1","21169","100"
"Monroe","0","6","Kentucky","5/8/20","5","1","21171","20"
"Montgomery","0","11","Kentucky","5/8/20","12","-1","21173","-8.33"
"Morgan","0","1","Kentucky","5/8/20","1","0","21175","0"
"Muhlenberg","47","452","Kentucky","5/8/20","125","327","21177","261.6"
"Nelson","1","29","Kentucky","5/8/20","23","6","21179","26.09"
"Nicholas","0","1","Kentucky","5/8/20","1","0","21181","0"
"Ohio","2","65","Kentucky","5/8/20","49","16","21183","32.65"
"Oldham","1","37","Kentucky","5/8/20","32","5","21185","15.62"
"Owen","0","1","Kentucky","5/8/20","1","0","21187","0"
"Owsley","0","2","Kentucky","5/8/20","2","0","21189","0"
"Pendleton","0","5","Kentucky","5/8/20","6","-1","21191","-16.67"
"Perry","0","14","Kentucky","5/8/20","13","1","21193","7.69"
"Pike","0","15","Kentucky","5/8/20","13","2","21195","15.38"
"Powell","0","1","Kentucky","5/8/20","1","0","21197","0"
"Pulaski","0","43","Kentucky","5/8/20","43","0","21199","0"
"Rockcastle","0","13","Kentucky","5/8/20","11","2","21203","18.18"
"Rowan","0","3","Kentucky","5/8/20","2","1","21205","50"
"Russell","0","18","Kentucky","5/8/20","16","2","21207","12.5"
"Scott","1","32","Kentucky","5/8/20","24","8","21209","33.33"
"Shelby","2","44","Kentucky","5/8/20","30","14","21211","46.67"
"Simpson","1","32","Kentucky","5/8/20","28","4","21213","14.29"
"Spencer","0","16","Kentucky","5/8/20","13","3","21215","23.08"
"Taylor","0","9","Kentucky","5/8/20","8","1","21217","12.5"
"Todd","0","13","Kentucky","5/8/20","12","1","21219","8.33"
"Trigg","0","9","Kentucky","5/8/20","9","0","21221","0"
"Trimble","0","3","Kentucky","5/8/20","3","0","21223","0"
"Union","0","10","Kentucky","5/8/20","8","2","21225","25"
"Warren","24","512","Kentucky","5/8/20","344","168","21227","48.84"
"Washington","0","5","Kentucky","5/8/20","5","0","21229","0"
"Wayne","0","8","Kentucky","5/8/20","9","-1","21231","-11.11"
"Webster","1","26","Kentucky","5/8/20","22","4","21233","18.18"
"Whitley","0","11","Kentucky","5/8/20","11","0","21235","0"
"Woodford","0","17","Kentucky","5/8/20","18","-1","21239","-5.56"
"Acadia","1","142","Louisiana","5/8/20","133","9","22001","6.77"
"Allen","0","90","Louisiana","5/8/20","90","0","22003","0"
"Ascension","7","675","Louisiana","5/8/20","627","48","22005","7.66"
"Assumption","2","206","Louisiana","5/8/20","189","17","22007","8.99"
"Avoyelles","0","74","Louisiana","5/8/20","73","1","22009","1.37"
"Beauregard","0","44","Louisiana","5/8/20","42","2","22011","4.76"
"Bienville","0","77","Louisiana","5/8/20","77","0","22013","0"
"Bossier","3","308","Louisiana","5/8/20","287","21","22015","7.32"
"Caddo","19","1712","Louisiana","5/8/20","1579","133","22017","8.42"
"Calcasieu","6","481","Louisiana","5/8/20","437","44","22019","10.07"
"Caldwell","4","47","Louisiana","5/8/20","20","27","22021","135"
"Cameron","0","3","Louisiana","5/8/20","3","0","22023","0"
"Catahoula","3","59","Louisiana","5/8/20","40","19","22025","47.5"
"Claiborne","0","58","Louisiana","5/8/20","59","-1","22027","-1.69"
"Concordia","1","43","Louisiana","5/8/20","39","4","22029","10.26"
"De Soto","2","208","Louisiana","5/8/20","194","14","22031","7.22"
"East Baton Rouge","42","2284","Louisiana","5/8/20","1989","295","22033","14.83"
"East Carroll","1","15","Louisiana","5/8/20","9","6","22035","66.67"
"East Feliciana","1","133","Louisiana","5/8/20","128","5","22037","3.91"
"Evangeline","2","67","Louisiana","5/8/20","51","16","22039","31.37"
"Franklin","2","146","Louisiana","5/8/20","130","16","22041","12.31"
"Grant","0","17","Louisiana","5/8/20","14","3","22043","21.43"
"Iberia","3","283","Louisiana","5/8/20","261","22","22045","8.43"
"Iberville","5","493","Louisiana","5/8/20","459","34","22047","7.41"
"Jackson","3","58","Louisiana","5/8/20","40","18","22049","45"
"Jefferson","44","6610","Louisiana","5/8/20","6305","305","22051","4.84"
"Jefferson Davis","0","66","Louisiana","5/8/20","63","3","22053","4.76"
"Lafayette","3","481","Louisiana","5/8/20","463","18","22055","3.89"
"Lafourche","5","698","Louisiana","5/8/20","661","37","22057","5.6"
"LaSalle","1","31","Louisiana","5/8/20","26","5","22059","19.23"
"Lincoln","3","103","Louisiana","5/8/20","85","18","22061","21.18"
"Livingston","6","268","Louisiana","5/8/20","229","39","22063","17.03"
"Madison","0","8","Louisiana","5/8/20","7","1","22065","14.29"
"Morehouse","1","57","Louisiana","5/8/20","52","5","22067","9.62"
"Natchitoches","1","92","Louisiana","5/8/20","86","6","22069","6.98"
"Orleans","21","6645","Louisiana","5/8/20","6495","150","22071","2.31"
"Ouachita","13","820","Louisiana","5/8/20","730","90","22073","12.33"
"Plaquemines","1","185","Louisiana","5/8/20","179","6","22075","3.35"
"Pointe Coupee","3","125","Louisiana","5/8/20","104","21","22077","20.19"
"Rapides","10","338","Louisiana","5/8/20","270","68","22079","25.19"
"Red River","1","34","Louisiana","5/8/20","29","5","22081","17.24"
"Richland","4","95","Louisiana","5/8/20","66","29","22083","43.94"
"Sabine","0","17","Louisiana","5/8/20","17","0","22085","0"
"St. Bernard","6","508","Louisiana","5/8/20","469","39","22087","8.32"
"St. Charles","3","593","Louisiana","5/8/20","573","20","22089","3.49"
"St. Helena","1","32","Louisiana","5/8/20","28","4","22091","14.29"
"St. James","1","257","Louisiana","5/8/20","247","10","22093","4.05"
"St. John the Baptist","3","791","Louisiana","5/8/20","771","20","22095","2.59"
"St. Landry","3","204","Louisiana","5/8/20","181","23","22097","12.71"
"St. Martin","2","255","Louisiana","5/8/20","241","14","22099","5.81"
"St. Mary","4","224","Louisiana","5/8/20","193","31","22101","16.06"
"St. Tammany","21","1416","Louisiana","5/8/20","1270","146","22103","11.5"
"Tangipahoa","11","645","Louisiana","5/8/20","565","80","22105","14.16"
"Tensas","0","3","Louisiana","5/8/20","1","2","22107","200"
"Terrebonne","7","501","Louisiana","5/8/20","450","51","22109","11.33"
"Union","4","153","Louisiana","5/8/20","125","28","22111","22.4"
"Vermilion","0","40","Louisiana","5/8/20","37","3","22113","8.11"
"Vernon","0","17","Louisiana","5/8/20","16","1","22115","6.25"
"Washington","6","312","Louisiana","5/8/20","273","39","22117","14.29"
"Webster","1","97","Louisiana","5/8/20","92","5","22119","5.43"
"West Baton Rouge","2","119","Louisiana","5/8/20","108","11","22121","10.19"
"West Carroll","0","4","Louisiana","5/8/20","4","0","22123","0"
"West Feliciana","7","176","Louisiana","5/8/20","129","47","22125","36.43"
"Winn","2","49","Louisiana","5/8/20","38","11","22127","28.95"
"Androscoggin","4","78","Maine","5/8/20","52","26","23001","50"
"Aroostook","0","6","Maine","5/8/20","5","1","23003","20"
"Cumberland","22","658","Maine","5/8/20","504","154","23005","30.56"
"Franklin","0","31","Maine","5/8/20","28","3","23007","10.71"
"Hancock","0","10","Maine","5/8/20","10","0","23009","0"
"Kennebec","1","108","Maine","5/8/20","104","4","23011","3.85"
"Knox","0","18","Maine","5/8/20","16","2","23013","12.5"
"Lincoln","0","15","Maine","5/8/20","14","1","23015","7.14"
"Oxford","0","17","Maine","5/8/20","15","2","23017","13.33"
"Penobscot","1","89","Maine","5/8/20","79","10","23019","12.66"
"Piscataquis","0","1","Maine","5/8/20","1","0","23021","0"
"Sagadahoc","0","20","Maine","5/8/20","19","1","23023","5.26"
"Somerset","0","17","Maine","5/8/20","17","0","23025","0"
"Waldo","0","49","Maine","5/8/20","49","0","23027","0"
"Washington","0","2","Maine","5/8/20","2","0","23029","0"
"York","6","249","Maine","5/8/20","208","41","23031","19.71"
"Allegany","4","143","Maryland","5/8/20","118","25","24001","21.19"
"Anne Arundel","69","2290","Maryland","5/8/20","1807","483","24003","26.73"
"Baltimore","107","3763","Maryland","5/8/20","3013","750","24005","24.89"
"Baltimore City","111","2941","Maryland","5/8/20","2162","779","24510","36.03"
"Calvert","4","191","Maryland","5/8/20","161","30","24009","18.63"
"Caroline","5","107","Maryland","5/8/20","74","33","24011","44.59"
"Carroll","12","542","Maryland","5/8/20","460","82","24013","17.83"
"Cecil","5","211","Maryland","5/8/20","176","35","24015","19.89"
"Charles","15","716","Maryland","5/8/20","611","105","24017","17.18"
"Dorchester","5","86","Maryland","5/8/20","54","32","24019","59.26"
"Frederick","34","1182","Maryland","5/8/20","942","240","24021","25.48"
"Garrett","0","5","Maryland","5/8/20","4","1","24023","25"
"Harford","19","572","Maryland","5/8/20","437","135","24025","30.89"
"Howard","35","1138","Maryland","5/8/20","896","242","24027","27.01"
"Kent","2","98","Maryland","5/8/20","86","12","24029","13.95"
"Montgomery","223","6316","Maryland","5/8/20","4754","1562","24031","32.86"
"Prince George's","309","8901","Maryland","5/8/20","6735","2166","24033","32.16"
"Queen Anne's","3","70","Maryland","5/8/20","52","18","24035","34.62"
"Somerset","2","41","Maryland","5/8/20","30","11","24039","36.67"
"St. Mary's","7","207","Maryland","5/8/20","159","48","24037","30.19"
"Talbot","3","55","Maryland","5/8/20","35","20","24041","57.14"
"Washington","6","259","Maryland","5/8/20","216","43","24043","19.91"
"Wicomico","18","553","Maryland","5/8/20","425","128","24045","30.12"
"Worcester","5","98","Maryland","5/8/20","65","33","24047","50.77"
"Barnstable","23","1088","Massachusetts","5/8/20","930","158","25001","16.99"
"Berkshire","4","482","Massachusetts","5/8/20","451","31","25003","6.87"
"Bristol","129","4754","Massachusetts","5/8/20","3848","906","25005","23.54"
"Dukes and Nantucket","1","37","Massachusetts","5/8/20","31","6","00000","19.35"
"Essex","290","11207","Massachusetts","5/8/20","9178","2029","25009","22.11"
"Franklin","4","295","Massachusetts","5/8/20","265","30","25011","11.32"
"Hampden","94","4598","Massachusetts","5/8/20","3943","655","25013","16.61"
"Hampshire","20","674","Massachusetts","5/8/20","532","142","25015","26.69"
"Middlesex","365","17386","Massachusetts","5/8/20","14829","2557","25017","17.24"
"Norfolk","121","7080","Massachusetts","5/8/20","6231","849","25021","13.63"
"Plymouth","145","6384","Massachusetts","5/8/20","5371","1013","25023","18.86"
"Suffolk","253","15237","Massachusetts","5/8/20","13468","1769","25025","13.13"
"Worcester","237","7536","Massachusetts","5/8/20","5874","1662","25027","28.29"
"Alcona","0","7","Michigan","5/8/20","7","0","26001","0"
"Allegan","4","157","Michigan","5/8/20","128","29","26005","22.66"
"Alpena","1","93","Michigan","5/8/20","89","4","26007","4.49"
"Antrim","0","11","Michigan","5/8/20","11","0","26009","0"
"Arenac","0","31","Michigan","5/8/20","30","1","26011","3.33"
"Baraga","0","1","Michigan","5/8/20","1","0","26013","0"
"Barry","1","57","Michigan","5/8/20","47","10","26015","21.28"
"Bay","5","216","Michigan","5/8/20","178","38","26017","21.35"
"Benzie","0","4","Michigan","5/8/20","4","0","26019","0"
"Berrien","18","492","Michigan","5/8/20","369","123","26021","33.33"
"Branch","2","81","Michigan","5/8/20","69","12","26023","17.39"
"Calhoun","4","285","Michigan","5/8/20","258","27","26025","10.47"
"Cass","2","50","Michigan","5/8/20","39","11","26027","28.21"
"Charlevoix","0","14","Michigan","5/8/20","14","0","26029","0"
"Cheboygan","0","24","Michigan","5/8/20","24","0","26031","0"
"Chippewa","0","3","Michigan","5/8/20","3","0","26033","0"
"Clare","0","12","Michigan","5/8/20","11","1","26035","9.09"
"Clinton","2","142","Michigan","5/8/20","128","14","26037","10.94"
"Crawford","0","60","Michigan","5/8/20","57","3","26039","5.26"
"Delta","0","16","Michigan","5/8/20","14","2","26041","14.29"
"Dickinson","0","5","Michigan","5/8/20","3","2","26043","66.67"
"Eaton","4","176","Michigan","5/8/20","150","26","26045","17.33"
"Emmet","0","25","Michigan","5/8/20","25","0","26047","0"
"Federal Correctional Institution (FCI)","3","109","Michigan","5/8/20","90","19","00000","21.11"
"Genesee","30","1933","Michigan","5/8/20","1726","207","26049","11.99"
"Gladwin","0","16","Michigan","5/8/20","16","0","26051","0"
"Gogebic","0","4","Michigan","5/8/20","4","0","26053","0"
"Grand Traverse","0","21","Michigan","5/8/20","20","1","26055","5"
"Gratiot","1","30","Michigan","5/8/20","23","7","26057","30.43"
"Hillsdale","3","153","Michigan","5/8/20","129","24","26059","18.6"
"Houghton","0","2","Michigan","5/8/20","2","0","26061","0"
"Huron","2","41","Michigan","5/8/20","26","15","26063","57.69"
"Ingham","12","587","Michigan","5/8/20","503","84","26065","16.7"
"Ionia","4","113","Michigan","5/8/20","86","27","26067","31.4"
"Iosco","1","66","Michigan","5/8/20","62","4","26069","6.45"
"Isabella","0","76","Michigan","5/8/20","75","1","26073","1.33"
"Jackson","0","402","Michigan","5/8/20","401","1","26075","0.25"
"Kalamazoo","25","613","Michigan","5/8/20","441","172","26077","39"
"Kalkaska","0","28","Michigan","5/8/20","28","0","26079","0"
"Kent","79","2292","Michigan","5/8/20","1741","551","26081","31.65"
"Lake","0","3","Michigan","5/8/20","3","0","26085","0"
"Lapeer","0","184","Michigan","5/8/20","181","3","26087","1.66"
"Leelanau","0","9","Michigan","5/8/20","9","0","26089","0"
"Lenawee","5","156","Michigan","5/8/20","124","32","26091","25.81"
"Livingston","6","443","Michigan","5/8/20","401","42","26093","10.47"
"Luce","0","1","Michigan","5/8/20","1","0","26095","0"
"Mackinac","0","6","Michigan","5/8/20","6","0","26097","0"
"Macomb","51","6030","Michigan","5/8/20","5670","360","26099","6.35"
"Manistee","0","12","Michigan","5/8/20","12","0","26101","0"
"Marquette","0","51","Michigan","5/8/20","50","1","26103","2"
"Mason","1","21","Michigan","5/8/20","13","8","26105","61.54"
"Mecosta","0","19","Michigan","5/8/20","17","2","26107","11.76"
"Menominee","0","6","Michigan","5/8/20","5","1","26109","20"
"Michigan Department of Corrections (MDOC)","81","2124","Michigan","5/8/20","1560","564","00000","36.15"
"Midland","1","96","Michigan","5/8/20","89","7","26111","7.87"
"Missaukee","0","22","Michigan","5/8/20","22","0","26113","0"
"Monroe","13","408","Michigan","5/8/20","317","91","26115","28.71"
"Montcalm","1","49","Michigan","5/8/20","42","7","26117","16.67"
"Montmorency","0","5","Michigan","5/8/20","5","0","26119","0"
"Muskegon","8","344","Michigan","5/8/20","288","56","26121","19.44"
"Newaygo","2","37","Michigan","5/8/20","26","11","26123","42.31"
"Oakland","70","8672","Michigan","5/8/20","8184","488","26125","5.96"
"Oceana","2","30","Michigan","5/8/20","15","15","26127","100"
"Ogemaw","0","20","Michigan","5/8/20","18","2","26129","11.11"
"Osceola","0","11","Michigan","5/8/20","10","1","26133","10"
"Oscoda","0","7","Michigan","5/8/20","5","2","26135","40"
"Otsego","1","113","Michigan","5/8/20","109","4","26137","3.67"
"Ottawa","23","455","Michigan","5/8/20","291","164","26139","56.36"
"Out of MI","0","7","Michigan","5/8/20","8","-1","80026","-12.5"
"Presque Isle","0","11","Michigan","5/8/20","11","0","26141","0"
"Roscommon","1","22","Michigan","5/8/20","18","4","26143","22.22"
"Saginaw","14","791","Michigan","5/8/20","693","98","26145","14.14"
"Sanilac","0","39","Michigan","5/8/20","37","2","26151","5.41"
"Schoolcraft","0","4","Michigan","5/8/20","3","1","26153","33.33"
"Shiawassee","3","217","Michigan","5/8/20","197","20","26155","10.15"
"St. Clair","4","404","Michigan","5/8/20","375","29","26147","7.73"
"St. Joseph","3","52","Michigan","5/8/20","34","18","26149","52.94"
"Tuscola","3","132","Michigan","5/8/20","108","24","26157","22.22"
"Van Buren","4","98","Michigan","5/8/20","68","30","26159","44.12"
"Washtenaw","11","1282","Michigan","5/8/20","1205","77","26161","6.39"
"Wayne","144","18246","Michigan","5/8/20","17235","1011","26163","5.87"
"Wexford","0","12","Michigan","5/8/20","11","1","26165","9.09"
"Aitkin","0","2","Minnesota","5/8/20","1","1","27001","100"
"Anoka","35","477","Minnesota","5/8/20","231","246","27003","106.49"
"Becker","2","22","Minnesota","5/8/20","5","17","27005","340"
"Beltrami","0","6","Minnesota","5/8/20","6","0","27007","0"
"Benton","8","76","Minnesota","5/8/20","21","55","27009","261.9"
"Big Stone","0","2","Minnesota","5/8/20","2","0","27011","0"
"Blue Earth","2","55","Minnesota","5/8/20","38","17","27013","44.74"
"Brown","0","9","Minnesota","5/8/20","8","1","27015","12.5"
"Carlton","1","64","Minnesota","5/8/20","59","5","27017","8.47"
"Carver","7","69","Minnesota","5/8/20","21","48","27019","228.57"
"Cass","0","7","Minnesota","5/8/20","5","2","27021","40"
"Chippewa","0","5","Minnesota","5/8/20","2","3","27023","150"
"Chisago","1","18","Minnesota","5/8/20","12","6","27025","50"
"Clay","9","229","Minnesota","5/8/20","165","64","27027","38.79"
"Clearwater","0","2","Minnesota","5/8/20","2","0","27029","0"
"Cottonwood","3","43","Minnesota","5/8/20","23","20","27033","86.96"
"Crow Wing","0","24","Minnesota","5/8/20","21","3","27035","14.29"
"Dakota","28","364","Minnesota","5/8/20","171","193","27037","112.87"
"Dodge","0","24","Minnesota","5/8/20","22","2","27039","9.09"
"Douglas","2","15","Minnesota","5/8/20","2","13","27041","650"
"Faribault","0","7","Minnesota","5/8/20","5","2","27043","40"
"Fillmore","0","12","Minnesota","5/8/20","12","0","27045","0"
"Freeborn","1","41","Minnesota","5/8/20","35","6","27047","17.14"
"Goodhue","1","25","Minnesota","5/8/20","19","6","27049","31.58"
"Grant","0","2","Minnesota","5/8/20","0","2","27051","1"
"Hennepin","189","3153","Minnesota","5/8/20","1829","1324","27053","72.39"
"Houston","0","2","Minnesota","5/8/20","1","1","27055","100"
"Isanti","0","7","Minnesota","5/8/20","6","1","27059","16.67"
"Itasca","3","24","Minnesota","5/8/20","6","18","27061","300"
"Jackson","2","29","Minnesota","5/8/20","16","13","27063","81.25"
"Kanabec","1","5","Minnesota","5/8/20","1","4","27065","400"
"Kandiyohi","18","261","Minnesota","5/8/20","135","126","27067","93.33"
"Kittson","0","1","Minnesota","5/8/20","1","0","27069","0"
"Koochiching","0","1","Minnesota","5/8/20","1","0","27071","0"
"Lac qui Parle","0","2","Minnesota","5/8/20","1","1","27073","100"
"Lake","0","1","Minnesota","5/8/20","0","1","27075","1"
"Le Sueur","0","28","Minnesota","5/8/20","25","3","27079","12"
"Lincoln","0","3","Minnesota","5/8/20","3","0","27081","0"
"Lyon","1","16","Minnesota","5/8/20","7","9","27083","128.57"
"Mahnomen","0","2","Minnesota","5/8/20","2","0","27087","0"
"Marshall","1","8","Minnesota","5/8/20","2","6","27089","300"
"Martin","0","111","Minnesota","5/8/20","111","0","27091","0"
"McLeod","1","8","Minnesota","5/8/20","4","4","27085","100"
"Meeker","1","20","Minnesota","5/8/20","14","6","27093","42.86"
"Mille Lacs","1","6","Minnesota","5/8/20","2","4","27095","200"
"Morrison","1","12","Minnesota","5/8/20","6","6","27097","100"
"Mower","1","37","Minnesota","5/8/20","28","9","27099","32.14"
"Murray","1","26","Minnesota","5/8/20","16","10","27101","62.5"
"Nicollet","1","18","Minnesota","5/8/20","13","5","27103","38.46"
"Nobles","44","1177","Minnesota","5/8/20","866","311","27105","35.91"
"Norman","0","9","Minnesota","5/8/20","8","1","27107","12.5"
"Olmsted","12","351","Minnesota","5/8/20","269","82","27109","30.48"
"Otter Tail","1","21","Minnesota","5/8/20","14","7","27111","50"
"Pennington","0","1","Minnesota","5/8/20","1","0","27113","0"
"Pine","0","61","Minnesota","5/8/20","58","3","27115","5.17"
"Pipestone","1","6","Minnesota","5/8/20","2","4","27117","200"
"Polk","2","45","Minnesota","5/8/20","32","13","27119","40.62"
"Pope","1","5","Minnesota","5/8/20","0","5","27121","1"
"Ramsey","56","800","Minnesota","5/8/20","405","395","27123","97.53"
"Red Lake","0","1","Minnesota","5/8/20","1","0","27125","0"
"Redwood","0","3","Minnesota","5/8/20","3","0","27127","0"
"Renville","0","6","Minnesota","5/8/20","4","2","27129","50"
"Rice","10","81","Minnesota","5/8/20","14","67","27131","478.57"
"Rock","1","19","Minnesota","5/8/20","12","7","27133","58.33"
"Roseau","0","1","Minnesota","5/8/20","1","0","27135","0"
"Scott","11","121","Minnesota","5/8/20","46","75","27139","163.04"
"Sherburne","8","95","Minnesota","5/8/20","39","56","27141","143.59"
"Sibley","0","3","Minnesota","5/8/20","2","1","27143","50"
"St. Louis","2","90","Minnesota","5/8/20","73","17","27137","23.29"
"Stearns","120","1274","Minnesota","5/8/20","435","839","27145","192.87"
"Steele","4","45","Minnesota","5/8/20","18","27","27147","150"
"Stevens","0","1","Minnesota","5/8/20","0","1","27149","1"
"Swift","0","3","Minnesota","5/8/20","2","1","27151","50"
"Todd","3","29","Minnesota","5/8/20","7","22","27153","314.29"
"Traverse","0","3","Minnesota","5/8/20","2","1","27155","50"
"Wabasha","1","13","Minnesota","5/8/20","9","4","27157","44.44"
"Wadena","0","4","Minnesota","5/8/20","1","3","27159","300"
"Waseca","1","13","Minnesota","5/8/20","4","9","27161","225"
"Washington","11","211","Minnesota","5/8/20","133","78","27163","58.65"
"Watonwan","1","19","Minnesota","5/8/20","14","5","27165","35.71"
"Wilkin","0","11","Minnesota","5/8/20","12","-1","27167","-8.33"
"Winona","0","68","Minnesota","5/8/20","66","2","27169","3.03"
"Wright","6","83","Minnesota","5/8/20","43","40","27171","93.02"
"Yellow Medicine","0","3","Minnesota","5/8/20","3","0","27173","0"
"Adams","1","157","Mississippi","5/8/20","148","9","28001","6.08"
"Alcorn","0","10","Mississippi","5/8/20","10","0","28003","0"
"Amite","1","33","Mississippi","5/8/20","29","4","28005","13.79"
"Attala","10","182","Mississippi","5/8/20","109","73","28007","66.97"
"Benton","0","13","Mississippi","5/8/20","12","1","28009","8.33"
"Bolivar","2","118","Mississippi","5/8/20","102","16","28011","15.69"
"Calhoun","1","57","Mississippi","5/8/20","52","5","28013","9.62"
"Carroll","6","97","Mississippi","5/8/20","58","39","28015","67.24"
"Chickasaw","2","88","Mississippi","5/8/20","75","13","28017","17.33"
"Choctaw","0","15","Mississippi","5/8/20","13","2","28019","15.38"
"Claiborne","2","37","Mississippi","5/8/20","23","14","28021","60.87"
"Clarke","3","77","Mississippi","5/8/20","55","22","28023","40"
"Clay","3","64","Mississippi","5/8/20","42","22","28025","52.38"
"Coahoma","1","71","Mississippi","5/8/20","64","7","28027","10.94"
"Copiah","6","152","Mississippi","5/8/20","108","44","28029","40.74"
"Covington","3","88","Mississippi","5/8/20","67","21","28031","31.34"
"DeSoto","5","325","Mississippi","5/8/20","293","32","28033","10.92"
"Forrest","11","294","Mississippi","5/8/20","219","75","28035","34.25"
"Franklin","0","17","Mississippi","5/8/20","16","1","28037","6.25"
"George","0","15","Mississippi","5/8/20","14","1","28039","7.14"
"Greene","0","6","Mississippi","5/8/20","5","1","28041","20"
"Grenada","2","45","Mississippi","5/8/20","32","13","28043","40.62"
"Hancock","1","72","Mississippi","5/8/20","62","10","28045","16.13"
"Harrison","2","193","Mississippi","5/8/20","177","16","28047","9.04"
"Hinds","23","657","Mississippi","5/8/20","496","161","28049","32.46"
"Holmes","6","196","Mississippi","5/8/20","153","43","28051","28.1"
"Humphreys","1","28","Mississippi","5/8/20","24","4","28053","16.67"
"Itawamba","1","67","Mississippi","5/8/20","59","8","28057","13.56"
"Jackson","1","273","Mississippi","5/8/20","267","6","28059","2.25"
"Jasper","5","84","Mississippi","5/8/20","48","36","28061","75"
"Jefferson","1","30","Mississippi","5/8/20","20","10","28063","50"
"Jefferson Davis","2","51","Mississippi","5/8/20","35","16","28065","45.71"
"Jones","9","223","Mississippi","5/8/20","159","64","28067","40.25"
"Kemper","4","89","Mississippi","5/8/20","64","25","28069","39.06"
"Lafayette","1","98","Mississippi","5/8/20","89","9","28071","10.11"
"Lamar","4","141","Mississippi","5/8/20","111","30","28073","27.03"
"Lauderdale","14","463","Mississippi","5/8/20","365","98","28075","26.85"
"Lawrence","2","63","Mississippi","5/8/20","46","17","28077","36.96"
"Leake","10","286","Mississippi","5/8/20","219","67","28079","30.59"
"Lee","1","77","Mississippi","5/8/20","71","6","28081","8.45"
"Leflore","3","182","Mississippi","5/8/20","164","18","28083","10.98"
"Lincoln","5","179","Mississippi","5/8/20","143","36","28085","25.17"
"Lowndes","2","73","Mississippi","5/8/20","58","15","28087","25.86"
"Madison","22","404","Mississippi","5/8/20","251","153","28089","60.96"
"Marion","1","82","Mississippi","5/8/20","75","7","28091","9.33"
"Marshall","1","52","Mississippi","5/8/20","44","8","28093","18.18"
"Monroe","4","191","Mississippi","5/8/20","161","30","28095","18.63"
"Montgomery","5","65","Mississippi","5/8/20","29","36","28097","124.14"
"Neshoba","12","287","Mississippi","5/8/20","205","82","28099","40"
"Newton","6","130","Mississippi","5/8/20","87","43","28101","49.43"
"Noxubee","4","100","Mississippi","5/8/20","73","27","28103","36.99"
"Oktibbeha","3","73","Mississippi","5/8/20","51","22","28105","43.14"
"Panola","1","43","Mississippi","5/8/20","39","4","28107","10.26"
"Pearl River","2","189","Mississippi","5/8/20","175","14","28109","8"
"Perry","1","32","Mississippi","5/8/20","27","5","28111","18.52"
"Pike","2","163","Mississippi","5/8/20","149","14","28113","9.4"
"Pontotoc","1","22","Mississippi","5/8/20","18","4","28115","22.22"
"Prentiss","0","33","Mississippi","5/8/20","32","1","28117","3.12"
"Quitman","0","16","Mississippi","5/8/20","15","1","28119","6.67"
"Rankin","6","238","Mississippi","5/8/20","194","44","28121","22.68"
"Scott","14","438","Mississippi","5/8/20","339","99","28123","29.2"
"Sharkey","0","5","Mississippi","5/8/20","5","0","28125","0"
"Simpson","2","60","Mississippi","5/8/20","47","13","28127","27.66"
"Smith","3","99","Mississippi","5/8/20","76","23","28129","30.26"
"Stone","0","23","Mississippi","5/8/20","22","1","28131","4.55"
"Sunflower","1","63","Mississippi","5/8/20","55","8","28133","14.55"
"Tallahatchie","0","12","Mississippi","5/8/20","11","1","28135","9.09"
"Tate","1","49","Mississippi","5/8/20","42","7","28137","16.67"
"Tippah","1","63","Mississippi","5/8/20","56","7","28139","12.5"
"Tishomingo","0","9","Mississippi","5/8/20","7","2","28141","28.57"
"Tunica","0","38","Mississippi","5/8/20","35","3","28143","8.57"
"Union","3","42","Mississippi","5/8/20","19","23","28145","121.05"
"Walthall","1","37","Mississippi","5/8/20","32","5","28147","15.62"
"Warren","3","94","Mississippi","5/8/20","74","20","28149","27.03"
"Washington","0","80","Mississippi","5/8/20","77","3","28151","3.9"
"Wayne","1","27","Mississippi","5/8/20","23","4","28153","17.39"
"Webster","0","21","Mississippi","5/8/20","19","2","28155","10.53"
"Wilkinson","1","74","Mississippi","5/8/20","69","5","28157","7.25"
"Winston","2","61","Mississippi","5/8/20","44","17","28159","38.64"
"Yalobusha","1","27","Mississippi","5/8/20","20","7","28161","35"
"Yazoo","3","162","Mississippi","5/8/20","139","23","28163","16.55"
"Adair","0","12","Missouri","5/8/20","12","0","29001","0"
"Andrew","0","6","Missouri","5/8/20","3","3","29003","100"
"Atchison","0","2","Missouri","5/8/20","2","0","29005","0"
"Audrain","0","1","Missouri","5/8/20","1","0","29007","0"
"Barry","0","6","Missouri","5/8/20","6","0","29009","0"
"Bates","0","6","Missouri","5/8/20","6","0","29013","0"
"Benton","0","8","Missouri","5/8/20","8","0","29015","0"
"Bollinger","0","4","Missouri","5/8/20","4","0","29017","0"
"Boone","-1","98","Missouri","5/8/20","102","-4","29019","-3.92"
"Buchanan","38","409","Missouri","5/8/20","141","268","29021","190.07"
"Butler","0","26","Missouri","5/8/20","25","1","29023","4"
"Caldwell","0","3","Missouri","5/8/20","3","0","29025","0"
"Callaway","0","23","Missouri","5/8/20","22","1","29027","4.55"
"Camden","0","35","Missouri","5/8/20","35","0","29029","0"
"Cape Girardeau","0","49","Missouri","5/8/20","49","0","29031","0"
"Carroll","0","3","Missouri","5/8/20","3","0","29033","0"
"Carter","0","3","Missouri","5/8/20","3","0","29035","0"
"Cass","0","65","Missouri","5/8/20","63","2","29037","3.17"
"Cedar","1","9","Missouri","5/8/20","5","4","29039","80"
"Chariton","0","5","Missouri","5/8/20","5","0","29041","0"
"Christian","0","20","Missouri","5/8/20","19","1","29043","5.26"
"Clark","0","1","Missouri","5/8/20","1","0","29045","0"
"Clay","3","90","Missouri","5/8/20","72","18","29047","25"
"Clinton","0","14","Missouri","5/8/20","11","3","29049","27.27"
"Cole","0","54","Missouri","5/8/20","51","3","29051","5.88"
"Cooper","0","9","Missouri","5/8/20","9","0","29053","0"
"Crawford","0","8","Missouri","5/8/20","8","0","29055","0"
"Dallas","0","2","Missouri","5/8/20","2","0","29059","0"
"Daviess","0","3","Missouri","5/8/20","2","1","29061","50"
"DeKalb","0","4","Missouri","5/8/20","3","1","29063","33.33"
"Dunklin","0","24","Missouri","5/8/20","21","3","29069","14.29"
"Franklin","2","129","Missouri","5/8/20","114","15","29071","13.16"
"Gasconade","0","2","Missouri","5/8/20","3","-1","29073","-33.33"
"Gentry","0","1","Missouri","5/8/20","1","0","29075","0"
"Greene","1","103","Missouri","5/8/20","96","7","29077","7.29"
"Harrison","0","6","Missouri","5/8/20","6","0","29081","0"
"Henry","0","9","Missouri","5/8/20","8","1","29083","12.5"
"Holt","0","1","Missouri","5/8/20","1","0","29087","0"
"Howard","0","3","Missouri","5/8/20","2","1","29089","50"
"Howell","0","5","Missouri","5/8/20","5","0","29091","0"
"Iron","0","2","Missouri","5/8/20","2","0","29093","0"
"Jackson","7","380","Missouri","5/8/20","328","52","29095","15.85"
"Jasper","0","24","Missouri","5/8/20","24","0","29097","0"
"Jefferson","4","307","Missouri","5/8/20","277","30","29099","10.83"
"Johnson","1","62","Missouri","5/8/20","55","7","29101","12.73"
"Kansas City","23","739","Missouri","5/8/20","578","161","00000","27.85"
"Lafayette","3","59","Missouri","5/8/20","38","21","29107","55.26"
"Lawrence","1","7","Missouri","5/8/20","0","7","29109","1"
"Lewis","0","6","Missouri","5/8/20","6","0","29111","0"
"Lincoln","1","77","Missouri","5/8/20","70","7","29113","10"
"Linn","0","5","Missouri","5/8/20","5","0","29115","0"
"Livingston","0","3","Missouri","5/8/20","2","1","29117","50"
"Macon","0","2","Missouri","5/8/20","2","0","29121","0"
"Madison","0","2","Missouri","5/8/20","1","1","29123","100"
"Maries","0","2","Missouri","5/8/20","2","0","29125","0"
"Marion","0","5","Missouri","5/8/20","5","0","29127","0"
"McDonald","0","4","Missouri","5/8/20","4","0","29119","0"
"Miller","0","3","Missouri","5/8/20","1","2","29131","200"
"Mississippi","3","49","Missouri","5/8/20","29","20","29133","68.97"
"Moniteau","-1","43","Missouri","5/8/20","52","-9","29135","-17.31"
"Montgomery","0","7","Missouri","5/8/20","7","0","29139","0"
"Morgan","0","7","Missouri","5/8/20","4","3","29141","75"
"New Madrid","0","11","Missouri","5/8/20","9","2","29143","22.22"
"Newton","0","11","Missouri","5/8/20","10","1","29145","10"
"Nodaway","0","5","Missouri","5/8/20","3","2","29147","66.67"
"Oregon","0","2","Missouri","5/8/20","1","1","29149","100"
"Osage","0","5","Missouri","5/8/20","5","0","29151","0"
"Pemiscot","4","57","Missouri","5/8/20","32","25","29155","78.12"
"Perry","0","45","Missouri","5/8/20","43","2","29157","4.65"
"Pettis","3","57","Missouri","5/8/20","36","21","29159","58.33"
"Phelps","0","2","Missouri","5/8/20","2","0","29161","0"
"Pike","0","13","Missouri","5/8/20","11","2","29163","18.18"
"Platte","1","39","Missouri","5/8/20","32","7","29165","21.88"
"Polk","0","1","Missouri","5/8/20","1","0","29167","0"
"Pulaski","0","36","Missouri","5/8/20","36","0","29169","0"
"Ralls","0","1","Missouri","5/8/20","1","0","29173","0"
"Randolph","0","8","Missouri","5/8/20","8","0","29175","0"
"Ray","0","12","Missouri","5/8/20","12","0","29177","0"
"Reynolds","0","2","Missouri","5/8/20","2","0","29179","0"
"Ripley","0","5","Missouri","5/8/20","5","0","29181","0"
"Saline","3","214","Missouri","5/8/20","192","22","29195","11.46"
"Scotland","0","4","Missouri","5/8/20","4","0","29199","0"
"Scott","1","78","Missouri","5/8/20","70","8","29201","11.43"
"Shelby","0","1","Missouri","5/8/20","1","0","29205","0"
"St. Charles","9","655","Missouri","5/8/20","591","64","29183","10.83"
"St. Clair","0","2","Missouri","5/8/20","2","0","29185","0"
"St. Francois","0","29","Missouri","5/8/20","28","1","29187","3.57"
"St. Louis","73","3888","Missouri","5/8/20","3376","512","29189","15.17"
"St. Louis City","46","1474","Missouri","5/8/20","1150","324","29510","28.17"
"Ste. Genevieve","0","8","Missouri","5/8/20","8","0","29186","0"
"Stoddard","1","24","Missouri","5/8/20","20","4","29207","20"
"Stone","0","3","Missouri","5/8/20","3","0","29209","0"
"Sullivan","0","1","Missouri","5/8/20","0","1","29211","1"
"Taney","0","12","Missouri","5/8/20","11","1","29213","9.09"
"Vernon","0","4","Missouri","5/8/20","4","0","29217","0"
"Warren","1","28","Missouri","5/8/20","22","6","29219","27.27"
"Washington","0","9","Missouri","5/8/20","8","1","29221","12.5"
"Webster","0","16","Missouri","5/8/20","15","1","29225","6.67"
"Worth","0","1","Missouri","5/8/20","1","0","29227","0"
"Wright","0","10","Missouri","5/8/20","10","0","29229","0"
"Beaverhead","0","1","Montana","5/8/20","1","0","30001","0"
"Big Horn","0","3","Montana","5/8/20","3","0","30003","0"
"Broadwater","0","4","Montana","5/8/20","4","0","30007","0"
"Carbon","0","6","Montana","5/8/20","6","0","30009","0"
"Cascade","0","16","Montana","5/8/20","15","1","30013","6.67"
"Deer Lodge","0","3","Montana","5/8/20","3","0","30023","0"
"Fergus","0","0","Montana","5/8/20","1","-1","30027","-100"
"Flathead","0","37","Montana","5/8/20","37","0","30029","0"
"Gallatin","0","148","Montana","5/8/20","146","2","30031","1.37"
"Glacier","0","6","Montana","5/8/20","6","0","30035","0"
"Golden Valley","0","3","Montana","5/8/20","3","0","30037","0"
"Hill","0","1","Montana","5/8/20","1","0","30041","0"
"Jefferson","0","2","Montana","5/8/20","2","0","30043","0"
"Lake","0","5","Montana","5/8/20","5","0","30047","0"
"Lewis and Clark","0","16","Montana","5/8/20","16","0","30049","0"
"Liberty","0","1","Montana","5/8/20","1","0","30051","0"
"Lincoln","0","7","Montana","5/8/20","7","0","30053","0"
"Madison","0","8","Montana","5/8/20","8","0","30057","0"
"Meagher","0","1","Montana","5/8/20","1","0","30059","0"
"Missoula","0","39","Montana","5/8/20","39","0","30063","0"
"Musselshell","0","1","Montana","5/8/20","1","0","30065","0"
"Park","0","8","Montana","5/8/20","8","0","30067","0"
"Pondera","0","2","Montana","5/8/20","2","0","30073","0"
"Ravalli","0","5","Montana","5/8/20","5","0","30081","0"
"Richland","0","3","Montana","5/8/20","3","0","30083","0"
"Roosevelt","0","7","Montana","5/8/20","7","0","30085","0"
"Silver Bow","0","11","Montana","5/8/20","11","0","30093","0"
"Stillwater","0","1","Montana","5/8/20","1","0","30095","0"
"Toole","0","29","Montana","5/8/20","29","0","30101","0"
"Wheatland","0","1","Montana","5/8/20","1","0","30107","0"
"Yellowstone","0","83","Montana","5/8/20","80","3","30111","3.75"
"Adams","4","218","Nebraska","5/8/20","187","31","31001","16.58"
"Antelope","0","5","Nebraska","5/8/20","3","2","31003","66.67"
"Boone","0","2","Nebraska","5/8/20","0","2","31011","1"
"Box Butte","0","1","Nebraska","5/8/20","1","0","31013","0"
"Buffalo","1","119","Nebraska","5/8/20","111","8","31019","7.21"
"Burt","0","5","Nebraska","5/8/20","3","2","31021","66.67"
"Butler","1","15","Nebraska","5/8/20","5","10","31023","200"
"Cass","1","9","Nebraska","5/8/20","5","4","31025","80"
"Cedar","0","5","Nebraska","5/8/20","4","1","31027","25"
"Cherry","0","1","Nebraska","5/8/20","1","0","31031","0"
"Cheyenne","0","8","Nebraska","5/8/20","6","2","31033","33.33"
"Clay","0","11","Nebraska","5/8/20","10","1","31035","10"
"Colfax","39","391","Nebraska","5/8/20","116","275","31037","237.07"
"Cuming","1","10","Nebraska","5/8/20","6","4","31039","66.67"
"Custer","0","27","Nebraska","5/8/20","24","3","31041","12.5"
"Dakota","54","1323","Nebraska","5/8/20","942","381","31043","40.45"
"Dawson","25","680","Nebraska","5/8/20","503","177","31047","35.19"
"Dixon","2","23","Nebraska","5/8/20","7","16","31051","228.57"
"Dodge","11","139","Nebraska","5/8/20","60","79","31053","131.67"
"Douglas","85","1342","Nebraska","5/8/20","744","598","31055","80.38"
"Fillmore","0","3","Nebraska","5/8/20","1","2","31059","200"
"Franklin","0","5","Nebraska","5/8/20","5","0","31061","0"
"Frontier","0","1","Nebraska","5/8/20","1","0","31063","0"
"Furnas","0","4","Nebraska","5/8/20","3","1","31065","33.33"
"Gage","0","40","Nebraska","5/8/20","38","2","31067","5.26"
"Gosper","0","12","Nebraska","5/8/20","10","2","31073","20"
"Greeley","0","2","Nebraska","5/8/20","2","0","31077","0"
"Hall","29","1311","Nebraska","5/8/20","1111","200","31079","18"
"Hamilton","0","45","Nebraska","5/8/20","44","1","31081","2.27"
"Hitchcock","0","1","Nebraska","5/8/20","1","0","31087","0"
"Holt","0","1","Nebraska","5/8/20","0","1","31089","1"
"Howard","1","21","Nebraska","5/8/20","15","6","31093","40"
"Jefferson","0","4","Nebraska","5/8/20","4","0","31095","0"
"Johnson","0","5","Nebraska","5/8/20","4","1","31097","25"
"Kearney","0","6","Nebraska","5/8/20","4","2","31099","50"
"Keith","0","2","Nebraska","5/8/20","0","2","31101","1"
"Kimball","0","9","Nebraska","5/8/20","9","0","31105","0"
"Knox","0","5","Nebraska","5/8/20","2","3","31107","150"
"Lancaster","38","547","Nebraska","5/8/20","280","267","31109","95.36"
"Lincoln","1","39","Nebraska","5/8/20","30","9","31111","30"
"Madison","16","243","Nebraska","5/8/20","132","111","31119","84.09"
"Merrick","1","21","Nebraska","5/8/20","13","8","31121","61.54"
"Morrill","1","8","Nebraska","5/8/20","1","7","31123","700"
"Nance","0","4","Nebraska","5/8/20","2","2","31125","100"
"Nemaha","0","1","Nebraska","5/8/20","1","0","31127","0"
"Otoe","0","2","Nebraska","5/8/20","2","0","31131","0"
"Phelps","0","8","Nebraska","5/8/20","6","2","31137","33.33"
"Pierce","0","1","Nebraska","5/8/20","1","0","31139","0"
"Platte","31","324","Nebraska","5/8/20","110","214","31141","194.55"
"Polk","0","9","Nebraska","5/8/20","9","0","31143","0"
"Red Willow","0","5","Nebraska","5/8/20","3","2","31145","66.67"
"Saline","18","320","Nebraska","5/8/20","194","126","31151","64.95"
"Sarpy","12","218","Nebraska","5/8/20","133","85","31153","63.91"
"Saunders","0","11","Nebraska","5/8/20","9","2","31155","22.22"
"Scotts Bluff","1","39","Nebraska","5/8/20","29","10","31157","34.48"
"Seward","1","16","Nebraska","5/8/20","8","8","31159","100"
"Sherman","0","2","Nebraska","5/8/20","2","0","31163","0"
"Stanton","0","8","Nebraska","5/8/20","5","3","31167","60"
"Thomas","0","1","Nebraska","5/8/20","0","1","31171","1"
"Thurston","1","12","Nebraska","5/8/20","5","7","31173","140"
"Valley","0","1","Nebraska","5/8/20","1","0","31175","0"
"Washington","0","22","Nebraska","5/8/20","22","0","31177","0"
"Wayne","0","1","Nebraska","5/8/20","1","0","31179","0"
"Webster","0","5","Nebraska","5/8/20","5","0","31181","0"
"York","0","15","Nebraska","5/8/20","12","3","31185","25"
"Carson City","1","51","Nevada","5/8/20","47","4","32510","8.51"
"Churchill","0","3","Nevada","5/8/20","3","0","32001","0"
"Clark","65","4573","Nevada","5/8/20","4118","455","32003","11.05"
"Douglas","0","23","Nevada","5/8/20","20","3","32005","15"
"Elko","0","15","Nevada","5/8/20","15","0","32007","0"
"Humboldt","2","58","Nevada","5/8/20","44","14","32013","31.82"
"Lander","1","14","Nevada","5/8/20","7","7","32015","100"
"Lincoln","0","1","Nevada","5/8/20","0","1","32017","1"
"Lyon","1","37","Nevada","5/8/20","29","8","32019","27.59"
"Mineral","0","4","Nevada","5/8/20","4","0","32021","0"
"Nye","1","44","Nevada","5/8/20","37","7","32023","18.92"
"Washoe","21","1065","Nevada","5/8/20","921","144","32031","15.64"
"White Pine","0","3","Nevada","5/8/20","3","0","32033","0"
"Belknap","1","42","New Hampshire","5/8/20","37","5","33001","13.51"
"Carroll","1","36","New Hampshire","5/8/20","32","4","33003","12.5"
"Cheshire","0","43","New Hampshire","5/8/20","40","3","33005","7.5"
"Coos","0","2","New Hampshire","5/8/20","2","0","33007","0"
"Grafton","1","56","New Hampshire","5/8/20","51","5","33009","9.8"
"Hillsborough","52","1375","New Hampshire","5/8/20","1012","363","33011","35.87"
"Merrimack","6","227","New Hampshire","5/8/20","185","42","33013","22.7"
"Rockingham","24","949","New Hampshire","5/8/20","779","170","33015","21.82"
"Strafford","4","175","New Hampshire","5/8/20","145","30","33017","20.69"
"Sullivan","0","14","New Hampshire","5/8/20","12","2","33019","16.67"
"Atlantic","59","1423","New Jersey","5/8/20","1012","411","34001","40.61"
"Bergen","126","16709","New Jersey","5/8/20","15830","879","34003","5.55"
"Burlington","95","3431","New Jersey","5/8/20","2769","662","34005","23.91"
"Camden","139","4619","New Jersey","5/8/20","3646","973","34007","26.69"
"Cape May","13","424","New Jersey","5/8/20","334","90","34009","26.95"
"Cumberland","54","1124","New Jersey","5/8/20","746","378","34011","50.67"
"Essex","194","15350","New Jersey","5/8/20","13994","1356","34013","9.69"
"Gloucester","44","1593","New Jersey","5/8/20","1282","311","34015","24.26"
"Hudson","317","17365","New Jersey","5/8/20","15148","2217","34017","14.64"
"Hunterdon","13","701","New Jersey","5/8/20","608","93","34019","15.3"
"Mercer","148","5111","New Jersey","5/8/20","4077","1034","34021","25.36"
"Middlesex","239","13617","New Jersey","5/8/20","11947","1670","34023","13.98"
"Monmouth","89","6752","New Jersey","5/8/20","6132","620","34025","10.11"
"Morris","59","5767","New Jersey","5/8/20","5354","413","34027","7.71"
"Ocean","110","7277","New Jersey","5/8/20","6505","772","34029","11.87"
"Passaic","209","14280","New Jersey","5/8/20","12814","1466","34031","11.44"
"Salem","18","363","New Jersey","5/8/20","237","126","34033","53.16"
"Somerset","62","3968","New Jersey","5/8/20","3537","431","34035","12.19"
"Sussex","11","1015","New Jersey","5/8/20","936","79","34037","8.44"
"Union","163","13917","New Jersey","5/8/20","12779","1138","34039","8.91"
"Warren","16","1034","New Jersey","5/8/20","920","114","34041","12.39"
"Bernalillo","29","1030","New Mexico","5/8/20","830","200","35001","24.1"
"Catron","0","2","New Mexico","5/8/20","1","1","35003","100"
"Chaves","1","27","New Mexico","5/8/20","23","4","35005","17.39"
"Cibola","3","85","New Mexico","5/8/20","63","22","35006","34.92"
"Colfax","0","5","New Mexico","5/8/20","5","0","35007","0"
"Curry","2","28","New Mexico","5/8/20","17","11","35009","64.71"
"Dona Ana","8","206","New Mexico","5/8/20","147","59","35013","40.14"
"Eddy","0","14","New Mexico","5/8/20","12","2","35015","16.67"
"Grant","0","15","New Mexico","5/8/20","14","1","35017","7.14"
"Guadalupe","0","15","New Mexico","5/8/20","14","1","35019","7.14"
"Harding","0","1","New Mexico","5/8/20","1","0","35021","0"
"Lea","1","14","New Mexico","5/8/20","10","4","35025","40"
"Lincoln","0","2","New Mexico","5/8/20","2","0","35027","0"
"Los Alamos","0","6","New Mexico","5/8/20","6","0","35028","0"
"Luna","0","7","New Mexico","5/8/20","5","2","35029","40"
"McKinley","57","1460","New Mexico","5/8/20","1064","396","35031","37.22"
"Otero","1","15","New Mexico","5/8/20","5","10","35035","200"
"Quay","0","4","New Mexico","5/8/20","4","0","35037","0"
"Rio Arriba","1","27","New Mexico","5/8/20","18","9","35039","50"
"Roosevelt","0","11","New Mexico","5/8/20","9","2","35041","22.22"
"San Juan","50","989","New Mexico","5/8/20","637","352","35045","55.26"
"San Miguel","0","5","New Mexico","5/8/20","2","3","35047","150"
"Sandoval","8","451","New Mexico","5/8/20","396","55","35043","13.89"
"Santa Fe","1","110","New Mexico","5/8/20","100","10","35049","10"
"Sierra","0","1","New Mexico","5/8/20","1","0","35051","0"
"Socorro","1","48","New Mexico","5/8/20","43","5","35053","11.63"
"Taos","0","20","New Mexico","5/8/20","19","1","35055","5.26"
"Torrance","0","17","New Mexico","5/8/20","15","2","35057","13.33"
"Union","0","3","New Mexico","5/8/20","3","0","35059","0"
"Valencia","1","55","New Mexico","5/8/20","47","8","35061","17.02"
"Albany","26","1384","New York","5/8/20","1204","180","36001","14.95"
"Allegany","0","35","New York","5/8/20","35","0","36003","0"
"Broome","9","364","New York","5/8/20","299","65","36007","21.74"
"Cattaraugus","1","59","New York","5/8/20","49","10","36009","20.41"
"Cayuga","0","52","New York","5/8/20","51","1","36011","1.96"
"Chautauqua","1","40","New York","5/8/20","35","5","36013","14.29"
"Chemung","1","130","New York","5/8/20","123","7","36015","5.69"
"Chenango","1","105","New York","5/8/20","99","6","36017","6.06"
"Clinton","2","74","New York","5/8/20","61","13","36019","21.31"
"Columbia","15","304","New York","5/8/20","202","102","36021","50.5"
"Cortland","0","29","New York","5/8/20","28","1","36023","3.57"
"Delaware","0","63","New York","5/8/20","61","2","36025","3.28"
"Dutchess","39","3277","New York","5/8/20","3002","275","36027","9.16"
"Erie","111","4255","New York","5/8/20","3481","774","36029","22.23"
"Essex","0","31","New York","5/8/20","28","3","36031","10.71"
"Franklin","0","17","New York","5/8/20","15","2","36033","13.33"
"Fulton","4","103","New York","5/8/20","75","28","36035","37.33"
"Genesee","2","169","New York","5/8/20","154","15","36037","9.74"
"Greene","9","199","New York","5/8/20","139","60","36039","43.17"
"Hamilton","0","5","New York","5/8/20","3","2","36041","66.67"
"Herkimer","2","76","New York","5/8/20","60","16","36043","26.67"
"Jefferson","1","66","New York","5/8/20","61","5","36045","8.2"
"Lewis","0","10","New York","5/8/20","9","1","36049","11.11"
"Livingston","4","100","New York","5/8/20","73","27","36051","36.99"
"Madison","16","249","New York","5/8/20","139","110","36053","79.14"
"Monroe","37","1735","New York","5/8/20","1478","257","36055","17.39"
"Montgomery","1","64","New York","5/8/20","54","10","36057","18.52"
"Nassau","236","37812","New York","5/8/20","36161","1651","36059","4.57"
"New York","1728","181783","New York","5/8/20","169690","12093","36061","7.13"
"Niagara","24","605","New York","5/8/20","440","165","36063","37.5"
"Oneida","24","620","New York","5/8/20","451","169","36065","37.47"
"Onondaga","44","1169","New York","5/8/20","860","309","36067","35.93"
"Ontario","2","104","New York","5/8/20","91","13","36069","14.29"
"Orange","93","9402","New York","5/8/20","8751","651","36071","7.44"
"Orleans","4","121","New York","5/8/20","92","29","36073","31.52"
"Oswego","1","72","New York","5/8/20","64","8","36075","12.5"
"Otsego","0","67","New York","5/8/20","67","0","36077","0"
"Putnam","12","1074","New York","5/8/20","990","84","36079","8.48"
"Rensselaer","12","380","New York","5/8/20","298","82","36083","27.52"
"Rockland","77","12349","New York","5/8/20","11812","537","36087","4.55"
"Saratoga","4","388","New York","5/8/20","358","30","36091","8.38"
"Schenectady","6","558","New York","5/8/20","514","44","36093","8.56"
"Schoharie","0","45","New York","5/8/20","43","2","36095","4.65"
"Schuyler","0","7","New York","5/8/20","7","0","36097","0"
"Seneca","1","46","New York","5/8/20","41","5","36099","12.2"
"St. Lawrence","2","187","New York","5/8/20","176","11","36089","6.25"
"Steuben","1","225","New York","5/8/20","216","9","36101","4.17"
"Suffolk","312","36223","New York","5/8/20","34037","2186","36103","6.42"
"Sullivan","23","1039","New York","5/8/20","880","159","36105","18.07"
"Tioga","1","99","New York","5/8/20","90","9","36107","10"
"Tompkins","0","131","New York","5/8/20","128","3","36109","2.34"
"Ulster","19","1429","New York","5/8/20","1298","131","36111","10.09"
"Warren","2","199","New York","5/8/20","182","17","36113","9.34"
"Washington","4","201","New York","5/8/20","170","31","36115","18.24"
"Wayne","1","79","New York","5/8/20","71","8","36117","11.27"
"Westchester","239","30905","New York","5/8/20","29232","1673","36119","5.72"
"Wyoming","1","73","New York","5/8/20","68","5","36121","7.35"
"Yates","0","20","New York","5/8/20","18","2","36123","11.11"
"Alamance","6","149","North Carolina","5/8/20","109","40","37001","36.7"
"Alexander","1","8","North Carolina","5/8/20","4","4","37003","100"
"Alleghany","0","7","North Carolina","5/8/20","4","3","37005","75"
"Anson","1","37","North Carolina","5/8/20","27","10","37007","37.04"
"Ashe","0","7","North Carolina","5/8/20","5","2","37009","40"
"Beaufort","0","24","North Carolina","5/8/20","22","2","37013","9.09"
"Bertie","2","58","North Carolina","5/8/20","44","14","37015","31.82"
"Bladen","4","50","North Carolina","5/8/20","25","25","37017","100"
"Brunswick","1","50","North Carolina","5/8/20","43","7","37019","16.28"
"Buncombe","3","88","North Carolina","5/8/20","69","19","37021","27.54"
"Burke","3","128","North Carolina","5/8/20","106","22","37023","20.75"
"Cabarrus","4","338","North Carolina","5/8/20","308","30","37025","9.74"
"Caldwell","3","52","North Carolina","5/8/20","34","18","37027","52.94"
"Camden","0","2","North Carolina","5/8/20","1","1","37029","100"
"Carteret","0","29","North Carolina","5/8/20","29","0","37031","0"
"Caswell","2","38","North Carolina","5/8/20","24","14","37033","58.33"
"Catawba","2","67","North Carolina","5/8/20","56","11","37035","19.64"
"Chatham","13","435","North Carolina","5/8/20","343","92","37037","26.82"
"Cherokee","0","19","North Carolina","5/8/20","16","3","37039","18.75"
"Chowan","0","8","North Carolina","5/8/20","7","1","37041","14.29"
"Clay","0","6","North Carolina","5/8/20","6","0","37043","0"
"Cleveland","0","50","North Carolina","5/8/20","47","3","37045","6.38"
"Columbus","5","186","North Carolina","5/8/20","153","33","37047","21.57"
"Craven","1","49","North Carolina","5/8/20","42","7","37049","16.67"
"Cumberland","10","356","North Carolina","5/8/20","286","70","37051","24.48"
"Currituck","1","9","North Carolina","5/8/20","5","4","37053","80"
"Dare","0","18","North Carolina","5/8/20","15","3","37055","20"
"Davidson","5","199","North Carolina","5/8/20","166","33","37057","19.88"
"Davie","0","31","North Carolina","5/8/20","31","0","37059","0"
"Duplin","11","180","North Carolina","5/8/20","103","77","37061","74.76"
"Durham","19","872","North Carolina","5/8/20","741","131","37063","17.68"
"Edgecombe","6","139","North Carolina","5/8/20","96","43","37065","44.79"
"Forsyth","15","353","North Carolina","5/8/20","245","108","37067","44.08"
"Franklin","1","111","North Carolina","5/8/20","104","7","37069","6.73"
"Gaston","2","161","North Carolina","5/8/20","150","11","37071","7.33"
"Gates","0","10","North Carolina","5/8/20","7","3","37073","42.86"
"Graham","0","2","North Carolina","5/8/20","2","0","37075","0"
"Granville","4","164","North Carolina","5/8/20","139","25","37077","17.99"
"Greene","2","34","North Carolina","5/8/20","17","17","37079","100"
"Guilford","20","553","North Carolina","5/8/20","415","138","37081","33.25"
"Halifax","3","82","North Carolina","5/8/20","58","24","37083","41.38"
"Harnett","6","207","North Carolina","5/8/20","164","43","37085","26.22"
"Haywood","1","18","North Carolina","5/8/20","10","8","37087","80"
"Henderson","3","218","North Carolina","5/8/20","195","23","37089","11.79"
"Hertford","1","46","North Carolina","5/8/20","39","7","37091","17.95"
"Hoke","5","117","North Carolina","5/8/20","82","35","37093","42.68"
"Hyde","0","1","North Carolina","5/8/20","1","0","37095","0"
"Iredell","4","141","North Carolina","5/8/20","112","29","37097","25.89"
"Jackson","1","21","North Carolina","5/8/20","15","6","37099","40"
"Johnston","5","191","North Carolina","5/8/20","159","32","37101","20.13"
"Jones","1","19","North Carolina","5/8/20","15","4","37103","26.67"
"Lee","10","238","North Carolina","5/8/20","169","69","37105","40.83"
"Lenoir","5","105","North Carolina","5/8/20","68","37","37107","54.41"
"Lincoln","2","39","North Carolina","5/8/20","27","12","37109","44.44"
"Macon","0","3","North Carolina","5/8/20","3","0","37113","0"
"Madison","0","1","North Carolina","5/8/20","1","0","37115","0"
"Martin","2","28","North Carolina","5/8/20","16","12","37117","75"
"McDowell","1","29","North Carolina","5/8/20","25","4","37111","16"
"Mecklenburg","48","1989","North Carolina","5/8/20","1651","338","37119","20.47"
"Mitchell","0","5","North Carolina","5/8/20","5","0","37121","0"
"Montgomery","1","43","North Carolina","5/8/20","38","5","37123","13.16"
"Moore","3","148","North Carolina","5/8/20","125","23","37125","18.4"
"Nash","3","116","North Carolina","5/8/20","97","19","37127","19.59"
"New Hanover","3","97","North Carolina","5/8/20","79","18","37129","22.78"
"Northampton","2","102","North Carolina","5/8/20","87","15","37131","17.24"
"Onslow","1","53","North Carolina","5/8/20","46","7","37133","15.22"
"Orange","4","244","North Carolina","5/8/20","219","25","37135","11.42"
"Pamlico","0","8","North Carolina","5/8/20","7","1","37137","14.29"
"Pasquotank","6","75","North Carolina","5/8/20","36","39","37139","108.33"
"Pender","1","23","North Carolina","5/8/20","13","10","37141","76.92"
"Perquimans","0","14","North Carolina","5/8/20","14","0","37143","0"
"Person","1","29","North Carolina","5/8/20","21","8","37145","38.1"
"Pitt","5","160","North Carolina","5/8/20","124","36","37147","29.03"
"Polk","1","31","North Carolina","5/8/20","23","8","37149","34.78"
"Randolph","14","307","North Carolina","5/8/20","209","98","37151","46.89"
"Richmond","5","81","North Carolina","5/8/20","48","33","37153","68.75"
"Robeson","22","327","North Carolina","5/8/20","175","152","37155","86.86"
"Rockingham","2","38","North Carolina","5/8/20","26","12","37157","46.15"
"Rowan","12","467","North Carolina","5/8/20","382","85","37159","22.25"
"Rutherford","1","149","North Carolina","5/8/20","140","9","37161","6.43"
"Sampson","10","136","North Carolina","5/8/20","65","71","37163","109.23"
"Scotland","1","36","North Carolina","5/8/20","26","10","37165","38.46"
"Stanly","0","30","North Carolina","5/8/20","29","1","37167","3.45"
"Stokes","0","11","North Carolina","5/8/20","11","0","37169","0"
"Surry","2","30","North Carolina","5/8/20","13","17","37171","130.77"
"Swain","0","5","North Carolina","5/8/20","3","2","37173","66.67"
"Transylvania","0","8","North Carolina","5/8/20","7","1","37175","14.29"
"Tyrrell","0","4","North Carolina","5/8/20","4","0","37177","0"
"Union","4","284","North Carolina","5/8/20","254","30","37179","11.81"
"Vance","7","153","North Carolina","5/8/20","103","50","37181","48.54"
"Wake","22","1008","North Carolina","5/8/20","855","153","37183","17.89"
"Warren","1","22","North Carolina","5/8/20","15","7","37185","46.67"
"Washington","0","25","North Carolina","5/8/20","24","1","37187","4.17"
"Watauga","0","9","North Carolina","5/8/20","9","0","37189","0"
"Wayne","8","715","North Carolina","5/8/20","658","57","37191","8.66"
"Wilkes","22","198","North Carolina","5/8/20","42","156","37193","371.43"
"Wilson","5","199","North Carolina","5/8/20","165","34","37195","20.61"
"Yadkin","3","39","North Carolina","5/8/20","17","22","37197","129.41"
"Yancey","1","7","North Carolina","5/8/20","0","7","37199","1"
"Barnes","0","4","North Dakota","5/8/20","4","0","38003","0"
"Benson","0","2","North Dakota","5/8/20","0","2","38005","1"
"Bowman","0","1","North Dakota","5/8/20","1","0","38011","0"
"Burke","0","5","North Dakota","5/8/20","3","2","38013","66.67"
"Burleigh","3","103","North Dakota","5/8/20","79","24","38015","30.38"
"Cass","30","752","North Dakota","5/8/20","542","210","38017","38.75"
"Divide","0","1","North Dakota","5/8/20","1","0","38023","0"
"Dunn","0","11","North Dakota","5/8/20","10","1","38025","10"
"Eddy","0","1","North Dakota","5/8/20","1","0","38027","0"
"Emmons","0","1","North Dakota","5/8/20","1","0","38029","0"
"Foster","0","1","North Dakota","5/8/20","1","0","38031","0"
"Grand Forks","3","282","North Dakota","5/8/20","262","20","38035","7.63"
"Grant","0","1","North Dakota","5/8/20","1","0","38037","0"
"McHenry","0","1","North Dakota","5/8/20","1","0","38049","0"
"McIntosh","0","1","North Dakota","5/8/20","1","0","38051","0"
"McKenzie","0","15","North Dakota","5/8/20","13","2","38053","15.38"
"McLean","0","5","North Dakota","5/8/20","3","2","38055","66.67"
"Mercer","0","3","North Dakota","5/8/20","0","3","38057","1"
"Morton","2","35","North Dakota","5/8/20","24","11","38059","45.83"
"Mountrail","0","37","North Dakota","5/8/20","35","2","38061","5.71"
"Nelson","0","1","North Dakota","5/8/20","1","0","38063","0"
"Oliver","0","1","North Dakota","5/8/20","1","0","38065","0"
"Pembina","0","6","North Dakota","5/8/20","3","3","38067","100"
"Pierce","0","3","North Dakota","5/8/20","2","1","38069","50"
"Ramsey","0","5","North Dakota","5/8/20","3","2","38071","66.67"
"Ransom","0","2","North Dakota","5/8/20","1","1","38073","100"
"Renville","0","1","North Dakota","5/8/20","1","0","38075","0"
"Richland","0","8","North Dakota","5/8/20","7","1","38077","14.29"
"Rolette","0","2","North Dakota","5/8/20","1","1","38079","100"
"Sargent","0","3","North Dakota","5/8/20","1","2","38081","200"
"Sioux","0","1","North Dakota","5/8/20","1","0","38085","0"
"Slope","0","3","North Dakota","5/8/20","3","0","38087","0"
"Stark","1","60","North Dakota","5/8/20","52","8","38089","15.38"
"Stutsman","1","12","North Dakota","5/8/20","7","5","38093","71.43"
"Traill","0","1","North Dakota","5/8/20","0","1","38097","1"
"Walsh","0","8","North Dakota","5/8/20","7","1","38099","14.29"
"Ward","1","26","North Dakota","5/8/20","21","5","38101","23.81"
"Wells","0","2","North Dakota","5/8/20","2","0","38103","0"
"Williams","1","18","North Dakota","5/8/20","10","8","38105","80"
"","0","15","Northern Mariana Islands","5/8/20","14","1",,"7.14"
"Adams","0","5","Ohio","5/8/20","5","0","39001","0"
"Allen","3","139","Ohio","5/8/20","121","18","39003","14.88"
"Ashland","1","12","Ohio","5/8/20","7","5","39005","71.43"
"Ashtabula","5","172","Ohio","5/8/20","136","36","39007","26.47"
"Athens","0","4","Ohio","5/8/20","4","0","39009","0"
"Auglaize","1","42","Ohio","5/8/20","33","9","39011","27.27"
"Belmont","9","216","Ohio","5/8/20","153","63","39013","41.18"
"Brown","1","16","Ohio","5/8/20","11","5","39015","45.45"
"Butler","15","404","Ohio","5/8/20","296","108","39017","36.49"
"Carroll","0","23","Ohio","5/8/20","21","2","39019","9.52"
"Champaign","0","16","Ohio","5/8/20","14","2","39021","14.29"
"Clark","3","80","Ohio","5/8/20","57","23","39023","40.35"
"Clermont","4","120","Ohio","5/8/20","93","27","39025","29.03"
"Clinton","0","33","Ohio","5/8/20","31","2","39027","6.45"
"Columbiana","7","313","Ohio","5/8/20","267","46","39029","17.23"
"Coshocton","0","19","Ohio","5/8/20","17","2","39031","11.76"
"Crawford","3","69","Ohio","5/8/20","48","21","39033","43.75"
"Cuyahoga","64","2668","Ohio","5/8/20","2217","451","39035","20.34"
"Darke","1","82","Ohio","5/8/20","76","6","39037","7.89"
"Defiance","0","21","Ohio","5/8/20","20","1","39039","5"
"Delaware","5","199","Ohio","5/8/20","163","36","39041","22.09"
"Erie","3","78","Ohio","5/8/20","56","22","39043","39.29"
"Fairfield","5","171","Ohio","5/8/20","138","33","39045","23.91"
"Fayette","1","23","Ohio","5/8/20","16","7","39047","43.75"
"Franklin","147","3615","Ohio","5/8/20","2589","1026","39049","39.63"
"Fulton","1","30","Ohio","5/8/20","24","6","39051","25"
"Gallia","0","6","Ohio","5/8/20","6","0","39053","0"
"Geauga","5","187","Ohio","5/8/20","155","32","39055","20.65"
"Greene","1","52","Ohio","5/8/20","46","6","39057","13.04"
"Guernsey","1","20","Ohio","5/8/20","15","5","39059","33.33"
"Hamilton","52","1664","Ohio","5/8/20","1297","367","39061","28.3"
"Hancock","0","39","Ohio","5/8/20","37","2","39063","5.41"
"Hardin","0","27","Ohio","5/8/20","25","2","39065","8"
"Harrison","0","6","Ohio","5/8/20","4","2","39067","50"
"Henry","0","8","Ohio","5/8/20","5","3","39069","60"
"Highland","0","11","Ohio","5/8/20","10","1","39071","10"
"Hocking","0","20","Ohio","5/8/20","18","2","39073","11.11"
"Holmes","0","7","Ohio","5/8/20","6","1","39075","16.67"
"Huron","1","37","Ohio","5/8/20","29","8","39077","27.59"
"Jackson","0","7","Ohio","5/8/20","4","3","39079","75"
"Jefferson","1","50","Ohio","5/8/20","43","7","39081","16.28"
"Knox","1","20","Ohio","5/8/20","16","4","39083","25"
"Lake","3","192","Ohio","5/8/20","170","22","39085","12.94"
"Lawrence","0","24","Ohio","5/8/20","24","0","39087","0"
"Licking","4","150","Ohio","5/8/20","121","29","39089","23.97"
"Logan","1","23","Ohio","5/8/20","18","5","39091","27.78"
"Lorain","9","537","Ohio","5/8/20","471","66","39093","14.01"
"Lucas","53","1665","Ohio","5/8/20","1297","368","39095","28.37"
"Madison","2","78","Ohio","5/8/20","64","14","39097","21.88"
"Mahoning","33","1087","Ohio","5/8/20","853","234","39099","27.43"
"Marion","13","2366","Ohio","5/8/20","2276","90","39101","3.95"
"Medina","3","190","Ohio","5/8/20","171","19","39103","11.11"
"Meigs","0","3","Ohio","5/8/20","2","1","39105","50"
"Mercer","5","62","Ohio","5/8/20","26","36","39107","138.46"
"Miami","5","176","Ohio","5/8/20","142","34","39109","23.94"
"Monroe","1","8","Ohio","5/8/20","3","5","39111","166.67"
"Montgomery","9","356","Ohio","5/8/20","293","63","39113","21.5"
"Morgan","0","5","Ohio","5/8/20","4","1","39115","25"
"Morrow","6","84","Ohio","5/8/20","45","39","39117","86.67"
"Muskingum","1","24","Ohio","5/8/20","15","9","39119","60"
"Noble","0","5","Ohio","5/8/20","5","0","39121","0"
"Ottawa","1","45","Ohio","5/8/20","40","5","39123","12.5"
"Paulding","0","8","Ohio","5/8/20","8","0","39125","0"
"Perry","0","13","Ohio","5/8/20","12","1","39127","8.33"
"Pickaway","16","1842","Ohio","5/8/20","1731","111","39129","6.41"
"Pike","0","4","Ohio","5/8/20","3","1","39131","33.33"
"Portage","5","272","Ohio","5/8/20","237","35","39133","14.77"
"Preble","0","27","Ohio","5/8/20","27","0","39135","0"
"Putnam","1","75","Ohio","5/8/20","68","7","39137","10.29"
"Richland","3","103","Ohio","5/8/20","85","18","39139","21.18"
"Ross","1","49","Ohio","5/8/20","39","10","39141","25.64"
"Sandusky","3","47","Ohio","5/8/20","28","19","39143","67.86"
"Scioto","0","13","Ohio","5/8/20","11","2","39145","18.18"
"Seneca","0","14","Ohio","5/8/20","14","0","39147","0"
"Shelby","0","31","Ohio","5/8/20","30","1","39149","3.33"
"Stark","14","464","Ohio","5/8/20","363","101","39151","27.82"
"Summit","33","867","Ohio","5/8/20","639","228","39153","35.68"
"Trumbull","11","392","Ohio","5/8/20","318","74","39155","23.27"
"Tuscarawas","11","168","Ohio","5/8/20","94","74","39157","78.72"
"Union","1","28","Ohio","5/8/20","22","6","39159","27.27"
"Van Wert","0","3","Ohio","5/8/20","3","0","39161","0"
"Vinton","1","10","Ohio","5/8/20","6","4","39163","66.67"
"Warren","4","191","Ohio","5/8/20","160","31","39165","19.38"
"Washington","2","111","Ohio","5/8/20","99","12","39167","12.12"
"Wayne","6","183","Ohio","5/8/20","143","40","39169","27.97"
"Williams","1","44","Ohio","5/8/20","36","8","39171","22.22"
"Wood","7","220","Ohio","5/8/20","174","46","39173","26.44"
"Wyandot","0","26","Ohio","5/8/20","24","2","39175","8.33"
"Adair","1","72","Oklahoma","5/8/20","65","7","40001","10.77"
"Alfalfa","0","1","Oklahoma","5/8/20","1","0","40003","0"
"Atoka","0","1","Oklahoma","5/8/20","1","0","40005","0"
"Beaver","1","19","Oklahoma","5/8/20","9","10","40007","111.11"
"Beckham","0","6","Oklahoma","5/8/20","5","1","40009","20"
"Blaine","0","2","Oklahoma","5/8/20","0","2","40011","1"
"Bryan","1","12","Oklahoma","5/8/20","8","4","40013","50"
"Caddo","5","97","Oklahoma","5/8/20","64","33","40015","51.56"
"Canadian","1","107","Oklahoma","5/8/20","98","9","40017","9.18"
"Carter","0","6","Oklahoma","5/8/20","3","3","40019","100"
"Cherokee","0","30","Oklahoma","5/8/20","27","3","40021","11.11"
"Choctaw","0","3","Oklahoma","5/8/20","3","0","40023","0"
"Cimarron","0","1","Oklahoma","5/8/20","1","0","40025","0"
"Cleveland","4","453","Oklahoma","5/8/20","426","27","40027","6.34"
"Comanche","5","116","Oklahoma","5/8/20","81","35","40031","43.21"
"Cotton","0","5","Oklahoma","5/8/20","5","0","40033","0"
"Craig","0","13","Oklahoma","5/8/20","11","2","40035","18.18"
"Creek","0","82","Oklahoma","5/8/20","80","2","40037","2.5"
"Custer","0","11","Oklahoma","5/8/20","10","1","40039","10"
"Delaware","0","92","Oklahoma","5/8/20","91","1","40041","1.1"
"Dewey","0","2","Oklahoma","5/8/20","2","0","40043","0"
"Garfield","1","22","Oklahoma","5/8/20","17","5","40047","29.41"
"Garvin","0","14","Oklahoma","5/8/20","14","0","40049","0"
"Grady","1","42","Oklahoma","5/8/20","36","6","40051","16.67"
"Grant","0","2","Oklahoma","5/8/20","2","0","40053","0"
"Greer","0","65","Oklahoma","5/8/20","65","0","40055","0"
"Harper","0","1","Oklahoma","5/8/20","1","0","40059","0"
"Haskell","0","5","Oklahoma","5/8/20","4","1","40061","25"
"Jackson","0","19","Oklahoma","5/8/20","16","3","40065","18.75"
"Jefferson","0","3","Oklahoma","5/8/20","2","1","40067","50"
"Johnston","0","3","Oklahoma","5/8/20","3","0","40069","0"
"Kay","0","48","Oklahoma","5/8/20","47","1","40071","2.13"
"Kingfisher","0","8","Oklahoma","5/8/20","8","0","40073","0"
"Kiowa","0","6","Oklahoma","5/8/20","5","1","40075","20"
"Latimer","0","5","Oklahoma","5/8/20","5","0","40077","0"
"Le Flore","0","13","Oklahoma","5/8/20","11","2","40079","18.18"
"Lincoln","1","17","Oklahoma","5/8/20","12","5","40081","41.67"
"Logan","0","18","Oklahoma","5/8/20","16","2","40083","12.5"
"Love","0","3","Oklahoma","5/8/20","2","1","40085","50"
"Major","0","5","Oklahoma","5/8/20","3","2","40093","66.67"
"Marshall","0","2","Oklahoma","5/8/20","2","0","40095","0"
"Mayes","0","24","Oklahoma","5/8/20","24","0","40097","0"
"McClain","2","85","Oklahoma","5/8/20","74","11","40087","14.86"
"McCurtain","0","8","Oklahoma","5/8/20","8","0","40089","0"
"McIntosh","0","5","Oklahoma","5/8/20","2","3","40091","150"
"Murray","0","2","Oklahoma","5/8/20","1","1","40099","100"
"Muskogee","0","28","Oklahoma","5/8/20","27","1","40101","3.7"
"Noble","0","7","Oklahoma","5/8/20","6","1","40103","16.67"
"Nowata","0","22","Oklahoma","5/8/20","21","1","40105","4.76"
"Okfuskee","0","1","Oklahoma","5/8/20","1","0","40107","0"
"Oklahoma","13","905","Oklahoma","5/8/20","816","89","40109","10.91"
"Okmulgee","0","16","Oklahoma","5/8/20","16","0","40111","0"
"Osage","1","85","Oklahoma","5/8/20","76","9","40113","11.84"
"Ottawa","0","34","Oklahoma","5/8/20","34","0","40115","0"
"Pawnee","0","29","Oklahoma","5/8/20","29","0","40117","0"
"Payne","0","45","Oklahoma","5/8/20","44","1","40119","2.27"
"Pittsburg","1","39","Oklahoma","5/8/20","32","7","40121","21.88"
"Pontotoc","0","10","Oklahoma","5/8/20","10","0","40123","0"
"Pottawatomie","1","54","Oklahoma","5/8/20","48","6","40125","12.5"
"Pushmataha","0","1","Oklahoma","5/8/20","1","0","40127","0"
"Rogers","1","70","Oklahoma","5/8/20","60","10","40131","16.67"
"Seminole","1","20","Oklahoma","5/8/20","11","9","40133","81.82"
"Sequoyah","0","13","Oklahoma","5/8/20","12","1","40135","8.33"
"Stephens","0","22","Oklahoma","5/8/20","22","0","40137","0"
"Texas","29","343","Oklahoma","5/8/20","138","205","40139","148.55"
"Tillman","2","19","Oklahoma","5/8/20","2","17","40141","850"
"Tulsa","14","684","Oklahoma","5/8/20","584","100","40143","17.12"
"Wagoner","1","126","Oklahoma","5/8/20","120","6","40145","5"
"Washington","4","291","Oklahoma","5/8/20","263","28","40147","10.65"
"Woods","0","3","Oklahoma","5/8/20","3","0","40151","0"
"Woodward","0","1","Oklahoma","5/8/20","1","0","40153","0"
"Baker","0","1","Oregon","5/8/20","0","1","41001","1"
"Benton","2","43","Oregon","5/8/20","32","11","41003","34.38"
"Clackamas","4","250","Oregon","5/8/20","222","28","41005","12.61"
"Clatsop","3","27","Oregon","5/8/20","7","20","41007","285.71"
"Columbia","0","15","Oregon","5/8/20","14","1","41009","7.14"
"Coos","1","29","Oregon","5/8/20","21","8","41011","38.1"
"Crook","0","1","Oregon","5/8/20","1","0","41013","0"
"Curry","0","4","Oregon","5/8/20","4","0","41015","0"
"Deschutes","1","84","Oregon","5/8/20","76","8","41017","10.53"
"Douglas","0","24","Oregon","5/8/20","24","0","41019","0"
"Grant","0","1","Oregon","5/8/20","1","0","41023","0"
"Harney","0","1","Oregon","5/8/20","1","0","41025","0"
"Hood River","1","11","Oregon","5/8/20","6","5","41027","83.33"
"Jackson","0","49","Oregon","5/8/20","49","0","41029","0"
"Jefferson","2","22","Oregon","5/8/20","10","12","41031","120"
"Josephine","0","24","Oregon","5/8/20","21","3","41033","14.29"
"Klamath","0","39","Oregon","5/8/20","39","0","41035","0"
"Lane","1","59","Oregon","5/8/20","50","9","41039","18"
"Lincoln","0","6","Oregon","5/8/20","5","1","41041","20"
"Linn","2","100","Oregon","5/8/20","87","13","41043","14.94"
"Malheur","0","13","Oregon","5/8/20","10","3","41045","30"
"Marion","17","626","Oregon","5/8/20","508","118","41047","23.23"
"Morrow","1","12","Oregon","5/8/20","8","4","41049","50"
"Multnomah","17","839","Oregon","5/8/20","720","119","41051","16.53"
"Polk","5","80","Oregon","5/8/20","42","38","41053","90.48"
"Sherman","0","1","Oregon","5/8/20","1","0","41055","0"
"Tillamook","0","6","Oregon","5/8/20","6","0","41057","0"
"Umatilla","3","80","Oregon","5/8/20","57","23","41059","40.35"
"Union","0","4","Oregon","5/8/20","4","0","41061","0"
"Wallowa","0","1","Oregon","5/8/20","1","0","41063","0"
"Wasco","0","15","Oregon","5/8/20","13","2","41065","15.38"
"Washington","8","556","Oregon","5/8/20","500","56","41067","11.2"
"Yamhill","1","45","Oregon","5/8/20","39","6","41071","15.38"
"Adams","2","154","Pennsylvania","5/8/20","140","14","42001","10"
"Allegheny","19","1455","Pennsylvania","5/8/20","1319","136","42003","10.31"
"Armstrong","0","55","Pennsylvania","5/8/20","52","3","42005","5.77"
"Beaver","8","479","Pennsylvania","5/8/20","426","53","42007","12.44"
"Bedford","1","28","Pennsylvania","5/8/20","24","4","42009","16.67"
"Berks","63","3190","Pennsylvania","5/8/20","2748","442","42011","16.08"
"Blair","1","28","Pennsylvania","5/8/20","23","5","42013","21.74"
"Bradford","1","37","Pennsylvania","5/8/20","33","4","42015","12.12"
"Bucks","97","3750","Pennsylvania","5/8/20","3070","680","42017","22.15"
"Butler","2","192","Pennsylvania","5/8/20","180","12","42019","6.67"
"Cambria","1","40","Pennsylvania","5/8/20","31","9","42021","29.03"
"Cameron","0","2","Pennsylvania","5/8/20","1","1","42023","100"
"Carbon","2","192","Pennsylvania","5/8/20","181","11","42025","6.08"
"Centre","3","117","Pennsylvania","5/8/20","96","21","42027","21.88"
"Chester","42","1728","Pennsylvania","5/8/20","1432","296","42029","20.67"
"Clarion","0","23","Pennsylvania","5/8/20","23","0","42031","0"
"Clearfield","1","24","Pennsylvania","5/8/20","16","8","42033","50"
"Clinton","1","37","Pennsylvania","5/8/20","32","5","42035","15.62"
"Columbia","3","307","Pennsylvania","5/8/20","289","18","42037","6.23"
"Crawford","0","20","Pennsylvania","5/8/20","19","1","42039","5.26"
"Cumberland","9","414","Pennsylvania","5/8/20","349","65","42041","18.62"
"Dauphin","23","764","Pennsylvania","5/8/20","601","163","42043","27.12"
"Delaware","119","4680","Pennsylvania","5/8/20","3848","832","42045","21.62"
"Elk","0","5","Pennsylvania","5/8/20","3","2","42047","66.67"
"Erie","4","113","Pennsylvania","5/8/20","87","26","42049","29.89"
"Fayette","0","84","Pennsylvania","5/8/20","81","3","42051","3.7"
"Forest","0","7","Pennsylvania","5/8/20","7","0","42053","0"
"Franklin","20","452","Pennsylvania","5/8/20","313","139","42055","44.41"
"Fulton","0","7","Pennsylvania","5/8/20","5","2","42057","40"
"Greene","0","27","Pennsylvania","5/8/20","26","1","42059","3.85"
"Huntingdon","11","117","Pennsylvania","5/8/20","40","77","42061","192.5"
"Indiana","2","75","Pennsylvania","5/8/20","63","12","42063","19.05"
"Jefferson","0","7","Pennsylvania","5/8/20","4","3","42065","75"
"Juniata","1","93","Pennsylvania","5/8/20","84","9","42067","10.71"
"Lackawanna","26","1114","Pennsylvania","5/8/20","934","180","42069","19.27"
"Lancaster","43","2122","Pennsylvania","5/8/20","1820","302","42071","16.59"
"Lawrence","1","69","Pennsylvania","5/8/20","65","4","42073","6.15"
"Lebanon","15","797","Pennsylvania","5/8/20","694","103","42075","14.84"
"Lehigh","41","3140","Pennsylvania","5/8/20","2850","290","42077","10.18"
"Luzerne","25","2347","Pennsylvania","5/8/20","2173","174","42079","8.01"
"Lycoming","5","109","Pennsylvania","5/8/20","71","38","42081","53.52"
"McKean","0","6","Pennsylvania","5/8/20","6","0","42083","0"
"Mercer","1","70","Pennsylvania","5/8/20","65","5","42085","7.69"
"Mifflin","2","50","Pennsylvania","5/8/20","37","13","42087","35.14"
"Monroe","7","1198","Pennsylvania","5/8/20","1147","51","42089","4.45"
"Montgomery","90","5037","Pennsylvania","5/8/20","4406","631","42091","14.32"
"Montour","0","50","Pennsylvania","5/8/20","48","2","42093","4.17"
"Northampton","41","2390","Pennsylvania","5/8/20","2103","287","42095","13.65"
"Northumberland","3","118","Pennsylvania","5/8/20","95","23","42097","24.21"
"Perry","0","34","Pennsylvania","5/8/20","32","2","42099","6.25"
"Philadelphia","340","17517","Pennsylvania","5/8/20","15137","2380","42101","15.72"
"Pike","6","422","Pennsylvania","5/8/20","383","39","42103","10.18"
"Potter","0","4","Pennsylvania","5/8/20","4","0","42105","0"
"Schuylkill","8","430","Pennsylvania","5/8/20","375","55","42107","14.67"
"Snyder","0","33","Pennsylvania","5/8/20","33","0","42109","0"
"Somerset","1","32","Pennsylvania","5/8/20","26","6","42111","23.08"
"Sullivan","0","1","Pennsylvania","5/8/20","1","0","42113","0"
"Susquehanna","0","86","Pennsylvania","5/8/20","84","2","42115","2.38"
"Tioga","0","16","Pennsylvania","5/8/20","16","0","42117","0"
"Union","0","40","Pennsylvania","5/8/20","37","3","42119","8.11"
"Venango","0","7","Pennsylvania","5/8/20","7","0","42121","0"
"Warren","0","1","Pennsylvania","5/8/20","1","0","42123","0"
"Washington","1","121","Pennsylvania","5/8/20","116","5","42125","4.31"
"Wayne","2","113","Pennsylvania","5/8/20","102","11","42127","10.78"
"Westmoreland","3","413","Pennsylvania","5/8/20","393","20","42129","5.09"
"Wyoming","1","28","Pennsylvania","5/8/20","21","7","42131","33.33"
"York","15","753","Pennsylvania","5/8/20","651","102","42133","15.67"
"","83","2156","Puerto Rico","5/8/20","1575","581",,"36.89"
"Bristol","2","154","Rhode Island","5/8/20","142","12","44001","8.45"
"Kent","9","703","Rhode Island","5/8/20","638","65","44003","10.19"
"Newport","1","161","Rhode Island","5/8/20","155","6","44005","3.87"
"Providence","80","7138","Rhode Island","5/8/20","6579","559","44007","8.5"
"Washington","3","363","Rhode Island","5/8/20","344","19","44009","5.52"
"Abbeville","0","34","South Carolina","5/8/20","31","3","45001","9.68"
"Aiken","2","112","South Carolina","5/8/20","101","11","45003","10.89"
"Allendale","2","23","South Carolina","5/8/20","11","12","45005","109.09"
"Anderson","2","181","South Carolina","5/8/20","164","17","45007","10.37"
"Bamberg","1","14","South Carolina","5/8/20","10","4","45009","40"
"Barnwell","2","32","South Carolina","5/8/20","21","11","45011","52.38"
"Beaufort","1","273","South Carolina","5/8/20","269","4","45013","1.49"
"Berkeley","1","191","South Carolina","5/8/20","183","8","45015","4.37"
"Calhoun","0","7","South Carolina","5/8/20","7","0","45017","0"
"Charleston","4","481","South Carolina","5/8/20","452","29","45019","6.42"
"Cherokee","1","21","South Carolina","5/8/20","17","4","45021","23.53"
"Chester","1","39","South Carolina","5/8/20","30","9","45023","30"
"Chesterfield","2","72","South Carolina","5/8/20","58","14","45025","24.14"
"Clarendon","6","258","South Carolina","5/8/20","214","44","45027","20.56"
"Colleton","0","32","South Carolina","5/8/20","33","-1","45029","-3.03"
"Darlington","6","171","South Carolina","5/8/20","130","41","45031","31.54"
"Dillon","4","84","South Carolina","5/8/20","54","30","45033","55.56"
"Dorchester","1","105","South Carolina","5/8/20","100","5","45035","5"
"Edgefield","1","36","South Carolina","5/8/20","29","7","45037","24.14"
"Fairfield","6","76","South Carolina","5/8/20","36","40","45039","111.11"
"Florence","11","399","South Carolina","5/8/20","325","74","45041","22.77"
"Georgetown","1","49","South Carolina","5/8/20","43","6","45043","13.95"
"Greenville","20","869","South Carolina","5/8/20","730","139","45045","19.04"
"Greenwood","2","62","South Carolina","5/8/20","49","13","45047","26.53"
"Hampton","0","27","South Carolina","5/8/20","26","1","45049","3.85"
"Horry","4","251","South Carolina","5/8/20","223","28","45051","12.56"
"Jasper","0","21","South Carolina","5/8/20","21","0","45053","0"
"Kershaw","2","250","South Carolina","5/8/20","237","13","45055","5.49"
"Lancaster","1","103","South Carolina","5/8/20","99","4","45057","4.04"
"Laurens","1","46","South Carolina","5/8/20","40","6","45059","15"
"Lee","4","92","South Carolina","5/8/20","65","27","45061","41.54"
"Lexington","14","465","South Carolina","5/8/20","370","95","45063","25.68"
"Marion","1","44","South Carolina","5/8/20","36","8","45067","22.22"
"Marlboro","2","57","South Carolina","5/8/20","46","11","45069","23.91"
"McCormick","0","7","South Carolina","5/8/20","6","1","45065","16.67"
"Newberry","1","32","South Carolina","5/8/20","27","5","45071","18.52"
"Oconee","2","36","South Carolina","5/8/20","24","12","45073","50"
"Orangeburg","3","99","South Carolina","5/8/20","77","22","45075","28.57"
"Pickens","1","63","South Carolina","5/8/20","57","6","45077","10.53"
"Richland","21","1057","South Carolina","5/8/20","913","144","45079","15.77"
"Saluda","5","84","South Carolina","5/8/20","52","32","45081","61.54"
"Spartanburg","5","333","South Carolina","5/8/20","295","38","45083","12.88"
"Sumter","7","281","South Carolina","5/8/20","230","51","45085","22.17"
"Union","0","29","South Carolina","5/8/20","26","3","45087","11.54"
"Williamsburg","9","136","South Carolina","5/8/20","76","60","45089","78.95"
"York","3","233","South Carolina","5/8/20","215","18","45091","8.37"
"Aurora","0","1","South Dakota","5/8/20","1","0","46003","0"
"Beadle","0","21","South Dakota","5/8/20","21","0","46005","0"
"Bon Homme","0","4","South Dakota","5/8/20","4","0","46009","0"
"Brookings","0","14","South Dakota","5/8/20","13","1","46011","7.69"
"Brown","9","107","South Dakota","5/8/20","42","65","46013","154.76"
"Buffalo","0","1","South Dakota","5/8/20","1","0","46017","0"
"Charles Mix","0","5","South Dakota","5/8/20","5","0","46023","0"
"Clark","0","2","South Dakota","5/8/20","1","1","46025","100"
"Clay","0","9","South Dakota","5/8/20","6","3","46027","50"
"Codington","0","15","South Dakota","5/8/20","14","1","46029","7.14"
"Corson","0","1","South Dakota","5/8/20","1","0","46031","0"
"Davison","0","7","South Dakota","5/8/20","5","2","46035","40"
"Day","1","10","South Dakota","5/8/20","4","6","46037","150"
"Deuel","0","1","South Dakota","5/8/20","1","0","46039","0"
"Dewey","0","1","South Dakota","5/8/20","1","0","46041","0"
"Douglas","0","1","South Dakota","5/8/20","1","0","46043","0"
"Fall River","0","2","South Dakota","5/8/20","1","1","46047","100"
"Faulk","0","1","South Dakota","5/8/20","1","0","46049","0"
"Grant","0","2","South Dakota","5/8/20","0","2","46051","1"
"Hamlin","0","2","South Dakota","5/8/20","2","0","46057","0"
"Hand","0","1","South Dakota","5/8/20","1","0","46059","0"
"Hughes","1","15","South Dakota","5/8/20","9","6","46065","66.67"
"Hutchinson","0","3","South Dakota","5/8/20","3","0","46067","0"
"Hyde","0","1","South Dakota","5/8/20","1","0","46069","0"
"Jerauld","0","6","South Dakota","5/8/20","6","0","46073","0"
"Lake","0","5","South Dakota","5/8/20","4","1","46079","25"
"Lawrence","0","9","South Dakota","5/8/20","9","0","46081","0"
"Lincoln","4","180","South Dakota","5/8/20","153","27","46083","17.65"
"Lyman","0","3","South Dakota","5/8/20","3","0","46085","0"
"Marshall","0","1","South Dakota","5/8/20","1","0","46091","0"
"McCook","0","4","South Dakota","5/8/20","4","0","46087","0"
"McPherson","0","1","South Dakota","5/8/20","1","0","46089","0"
"Meade","0","3","South Dakota","5/8/20","1","2","46093","200"
"Miner","0","1","South Dakota","5/8/20","1","0","46097","0"
"Minnehaha","64","2535","South Dakota","5/8/20","2089","446","46099","21.35"
"Moody","1","14","South Dakota","5/8/20","5","9","46101","180"
"Oglala Lakota","0","1","South Dakota","5/8/20","1","0","46102","0"
"Pennington","1","18","South Dakota","5/8/20","13","5","46103","38.46"
"Roberts","0","11","South Dakota","5/8/20","8","3","46109","37.5"
"Sanborn","0","3","South Dakota","5/8/20","3","0","46111","0"
"Spink","0","3","South Dakota","5/8/20","3","0","46115","0"
"Stanley","0","8","South Dakota","5/8/20","8","0","46117","0"
"Sully","0","1","South Dakota","5/8/20","1","0","46119","0"
"Todd","1","8","South Dakota","5/8/20","2","6","46121","300"
"Turner","0","18","South Dakota","5/8/20","17","1","46125","5.88"
"Union","4","50","South Dakota","5/8/20","21","29","46127","138.1"
"Walworth","0","5","South Dakota","5/8/20","5","0","46129","0"
"Yankton","0","29","South Dakota","5/8/20","27","2","46135","7.41"
"Ziebach","0","1","South Dakota","5/8/20","0","1","46137","1"
"Anderson","0","31","Tennessee","5/8/20","28","3","47001","10.71"
"Bedford","5","222","Tennessee","5/8/20","184","38","47003","20.65"
"Benton","0","7","Tennessee","5/8/20","5","2","47005","40"
"Bledsoe","1","604","Tennessee","5/8/20","595","9","47007","1.51"
"Blount","2","69","Tennessee","5/8/20","58","11","47009","18.97"
"Bradley","2","68","Tennessee","5/8/20","52","16","47011","30.77"
"Campbell","0","16","Tennessee","5/8/20","16","0","47013","0"
"Cannon","0","13","Tennessee","5/8/20","12","1","47015","8.33"
"Carroll","0","19","Tennessee","5/8/20","18","1","47017","5.56"
"Carter","1","18","Tennessee","5/8/20","13","5","47019","38.46"
"Cheatham","2","59","Tennessee","5/8/20","48","11","47021","22.92"
"Chester","0","12","Tennessee","5/8/20","10","2","47023","20"
"Claiborne","0","7","Tennessee","5/8/20","5","2","47025","40"
"Clay","0","6","Tennessee","5/8/20","5","1","47027","20"
"Cocke","0","17","Tennessee","5/8/20","16","1","47029","6.25"
"Coffee","2","48","Tennessee","5/8/20","36","12","47031","33.33"
"Crockett","0","7","Tennessee","5/8/20","7","0","47033","0"
"Cumberland","1","84","Tennessee","5/8/20","74","10","47035","13.51"
"Davidson","93","3300","Tennessee","5/8/20","2652","648","47037","24.43"
"Decatur","0","4","Tennessee","5/8/20","4","0","47039","0"
"DeKalb","1","26","Tennessee","5/8/20","17","9","47041","52.94"
"Dickson","2","85","Tennessee","5/8/20","74","11","47043","14.86"
"Dyer","1","41","Tennessee","5/8/20","36","5","47045","13.89"
"Fayette","2","75","Tennessee","5/8/20","59","16","47047","27.12"
"Fentress","0","5","Tennessee","5/8/20","4","1","47049","25"
"Franklin","0","38","Tennessee","5/8/20","36","2","47051","5.56"
"Gibson","1","52","Tennessee","5/8/20","45","7","47053","15.56"
"Giles","0","9","Tennessee","5/8/20","8","1","47055","12.5"
"Grainger","0","6","Tennessee","5/8/20","6","0","47057","0"
"Greene","0","43","Tennessee","5/8/20","44","-1","47059","-2.27"
"Grundy","0","30","Tennessee","5/8/20","28","2","47061","7.14"
"Hamblen","0","21","Tennessee","5/8/20","18","3","47063","16.67"
"Hamilton","10","229","Tennessee","5/8/20","160","69","47065","43.12"
"Hardeman","7","64","Tennessee","5/8/20","16","48","47069","300"
"Hardin","0","7","Tennessee","5/8/20","5","2","47071","40"
"Hawkins","0","31","Tennessee","5/8/20","30","1","47073","3.33"
"Haywood","0","26","Tennessee","5/8/20","23","3","47075","13.04"
"Henderson","0","10","Tennessee","5/8/20","7","3","47077","42.86"
"Henry","0","14","Tennessee","5/8/20","13","1","47079","7.69"
"Hickman","1","48","Tennessee","5/8/20","44","4","47081","9.09"
"Houston","0","6","Tennessee","5/8/20","5","1","47083","20"
"Humphreys","0","11","Tennessee","5/8/20","11","0","47085","0"
"Jackson","0","8","Tennessee","5/8/20","7","1","47087","14.29"
"Jefferson","1","26","Tennessee","5/8/20","20","6","47089","30"
"Johnson","0","5","Tennessee","5/8/20","3","2","47091","66.67"
"Knox","3","255","Tennessee","5/8/20","233","22","47093","9.44"
"Lake","1","59","Tennessee","5/8/20","55","4","47095","7.27"
"Lauderdale","1","25","Tennessee","5/8/20","21","4","47097","19.05"
"Lawrence","0","19","Tennessee","5/8/20","17","2","47099","11.76"
"Lewis","0","2","Tennessee","5/8/20","2","0","47101","0"
"Lincoln","0","16","Tennessee","5/8/20","14","2","47103","14.29"
"Loudon","1","39","Tennessee","5/8/20","32","7","47105","21.88"
"Macon","2","57","Tennessee","5/8/20","41","16","47111","39.02"
"Madison","2","148","Tennessee","5/8/20","136","12","47113","8.82"
"Marion","0","29","Tennessee","5/8/20","29","0","47115","0"
"Marshall","0","24","Tennessee","5/8/20","23","1","47117","4.35"
"Maury","1","52","Tennessee","5/8/20","44","8","47119","18.18"
"McMinn","3","113","Tennessee","5/8/20","94","19","47107","20.21"
"McNairy","0","11","Tennessee","5/8/20","11","0","47109","0"
"Meigs","1","18","Tennessee","5/8/20","9","9","47121","100"
"Monroe","1","29","Tennessee","5/8/20","21","8","47123","38.1"
"Montgomery","2","161","Tennessee","5/8/20","146","15","47125","10.27"
"Moore","0","3","Tennessee","5/8/20","3","0","47127","0"
"Morgan","0","6","Tennessee","5/8/20","6","0","47129","0"
"Obion","0","16","Tennessee","5/8/20","14","2","47131","14.29"
"Out of TN","16","371","Tennessee","5/8/20","258","113","80047","43.8"
"Overton","0","11","Tennessee","5/8/20","8","3","47133","37.5"
"Perry","0","13","Tennessee","5/8/20","12","1","47135","8.33"
"Polk","1","12","Tennessee","5/8/20","8","4","47139","50"
"Putnam","6","166","Tennessee","5/8/20","122","44","47141","36.07"
"Rhea","0","6","Tennessee","5/8/20","5","1","47143","20"
"Roane","0","8","Tennessee","5/8/20","7","1","47145","14.29"
"Robertson","7","207","Tennessee","5/8/20","157","50","47147","31.85"
"Rutherford","26","685","Tennessee","5/8/20","502","183","47149","36.45"
"Scott","0","11","Tennessee","5/8/20","11","0","47151","0"
"Sequatchie","0","6","Tennessee","5/8/20","5","1","47153","20"
"Sevier","2","65","Tennessee","5/8/20","49","16","47155","32.65"
"Shelby","73","3108","Tennessee","5/8/20","2599","509","47157","19.58"
"Smith","0","24","Tennessee","5/8/20","22","2","47159","9.09"
"Stewart","0","7","Tennessee","5/8/20","7","0","47161","0"
"Sullivan","1","54","Tennessee","5/8/20","49","5","47163","10.2"
"Sumner","7","683","Tennessee","5/8/20","632","51","47165","8.07"
"Tipton","9","158","Tennessee","5/8/20","98","60","47167","61.22"
"Trousdale","48","1355","Tennessee","5/8/20","1020","335","47169","32.84"
"Unicoi","0","2","Tennessee","5/8/20","2","0","47171","0"
"Union","0","3","Tennessee","5/8/20","3","0","47173","0"
"Van Buren","0","2","Tennessee","5/8/20","2","0","47175","0"
"Warren","0","10","Tennessee","5/8/20","8","2","47177","25"
"Washington","1","60","Tennessee","5/8/20","55","5","47179","9.09"
"Wayne","0","4","Tennessee","5/8/20","4","0","47181","0"
"Weakley","0","24","Tennessee","5/8/20","23","1","47183","4.35"
"White","1","16","Tennessee","5/8/20","7","9","47185","128.57"
"Williamson","4","441","Tennessee","5/8/20","416","25","47187","6.01"
"Wilson","4","290","Tennessee","5/8/20","259","31","47189","11.97"
"Anderson","1","41","Texas","5/8/20","32","9","48001","28.12"
"Andrews","0","21","Texas","5/8/20","20","1","48003","5"
"Angelina","7","100","Texas","5/8/20","54","46","48005","85.19"
"Aransas","0","2","Texas","5/8/20","2","0","48007","0"
"Armstrong","0","2","Texas","5/8/20","2","0","48011","0"
"Atascosa","0","22","Texas","5/8/20","19","3","48013","15.79"
"Austin","0","14","Texas","5/8/20","13","1","48015","7.69"
"Bailey","0","2","Texas","5/8/20","0","2","48017","1"
"Bandera","0","6","Texas","5/8/20","6","0","48019","0"
"Bastrop","3","106","Texas","5/8/20","82","24","48021","29.27"
"Bee","0","6","Texas","5/8/20","6","0","48025","0"
"Bell","4","218","Texas","5/8/20","189","29","48027","15.34"
"Bexar","62","1805","Texas","5/8/20","1374","431","48029","31.37"
"Blanco","0","6","Texas","5/8/20","6","0","48031","0"
"Bosque","0","5","Texas","5/8/20","4","1","48035","25"
"Bowie","0","76","Texas","5/8/20","74","2","48037","2.7"
"Brazoria","15","613","Texas","5/8/20","509","104","48039","20.43"
"Brazos","8","256","Texas","5/8/20","202","54","48041","26.73"
"Brewster","0","1","Texas","5/8/20","1","0","48043","0"
"Briscoe","0","1","Texas","5/8/20","0","1","48045","1"
"Brooks","0","1","Texas","5/8/20","1","0","48047","0"
"Brown","0","38","Texas","5/8/20","36","2","48049","5.56"
"Burleson","0","15","Texas","5/8/20","13","2","48051","15.38"
"Burnet","1","25","Texas","5/8/20","19","6","48053","31.58"
"Caldwell","2","25","Texas","5/8/20","14","11","48055","78.57"
"Calhoun","1","36","Texas","5/8/20","30","6","48057","20"
"Callahan","1","6","Texas","5/8/20","2","4","48059","200"
"Cameron","10","483","Texas","5/8/20","412","71","48061","17.23"
"Camp","0","7","Texas","5/8/20","6","1","48063","16.67"
"Carson","0","3","Texas","5/8/20","2","1","48065","50"
"Cass","0","17","Texas","5/8/20","14","3","48067","21.43"
"Castro","1","22","Texas","5/8/20","15","7","48069","46.67"
"Chambers","1","47","Texas","5/8/20","42","5","48071","11.9"
"Cherokee","1","20","Texas","5/8/20","16","4","48073","25"
"Childress","0","1","Texas","5/8/20","1","0","48075","0"
"Clay","0","3","Texas","5/8/20","3","0","48077","0"
"Cochran","0","1","Texas","5/8/20","1","0","48079","0"
"Coke","0","1","Texas","5/8/20","0","1","48081","1"
"Coleman","0","2","Texas","5/8/20","1","1","48083","100"
"Collin","19","857","Texas","5/8/20","724","133","48085","18.37"
"Collingsworth","0","1","Texas","5/8/20","0","1","48087","1"
"Colorado","0","13","Texas","5/8/20","11","2","48089","18.18"
"Comal","1","65","Texas","5/8/20","55","10","48091","18.18"
"Comanche","0","3","Texas","5/8/20","3","0","48093","0"
"Concho","0","1","Texas","5/8/20","1","0","48095","0"
"Cooke","1","11","Texas","5/8/20","7","4","48097","57.14"
"Coryell","7","205","Texas","5/8/20","158","47","48099","29.75"
"Cottle","0","3","Texas","5/8/20","2","1","48101","50"
"Crane","0","2","Texas","5/8/20","2","0","48103","0"
"Crosby","0","2","Texas","5/8/20","2","0","48107","0"
"Dallam","0","11","Texas","5/8/20","10","1","48111","10"
"Dallas","236","5369","Texas","5/8/20","3718","1651","48113","44.41"
"Dawson","1","30","Texas","5/8/20","24","6","48115","25"
"Deaf Smith","2","46","Texas","5/8/20","31","15","48117","48.39"
"Delta","0","1","Texas","5/8/20","1","0","48119","0"
"Denton","15","872","Texas","5/8/20","765","107","48121","13.99"
"DeWitt","0","15","Texas","5/8/20","15","0","48123","0"
"Dickens","0","1","Texas","5/8/20","1","0","48125","0"
"Dimmit","0","1","Texas","5/8/20","1","0","48127","0"
"Donley","0","25","Texas","5/8/20","24","1","48129","4.17"
"Duval","0","3","Texas","5/8/20","2","1","48131","50"
"Eastland","0","3","Texas","5/8/20","3","0","48133","0"
"Ector","2","94","Texas","5/8/20","78","16","48135","20.51"
"El Paso","38","1190","Texas","5/8/20","924","266","48141","28.79"
"Ellis","6","193","Texas","5/8/20","148","45","48139","30.41"
"Erath","0","14","Texas","5/8/20","12","2","48143","16.67"
"Falls","0","6","Texas","5/8/20","4","2","48145","50"
"Fannin","1","23","Texas","5/8/20","18","5","48147","27.78"
"Fayette","1","21","Texas","5/8/20","15","6","48149","40"
"Floyd","0","4","Texas","5/8/20","3","1","48153","33.33"
"Fort Bend","40","1332","Texas","5/8/20","1052","280","48157","26.62"
"Franklin","0","3","Texas","5/8/20","1","2","48159","200"
"Freestone","0","7","Texas","5/8/20","5","2","48161","40"
"Frio","3","25","Texas","5/8/20","7","18","48163","257.14"
"Gaines","0","3","Texas","5/8/20","2","1","48165","50"
"Galveston","11","672","Texas","5/8/20","595","77","48167","12.94"
"Garza","0","3","Texas","5/8/20","1","2","48169","200"
"Gillespie","0","4","Texas","5/8/20","2","2","48171","100"
"Glasscock","0","1","Texas","5/8/20","1","0","48173","0"
"Goliad","0","7","Texas","5/8/20","7","0","48175","0"
"Gonzales","1","31","Texas","5/8/20","21","10","48177","47.62"
"Gray","2","73","Texas","5/8/20","58","15","48179","25.86"
"Grayson","6","78","Texas","5/8/20","34","44","48181","129.41"
"Gregg","5","117","Texas","5/8/20","80","37","48183","46.25"
"Grimes","3","37","Texas","5/8/20","19","18","48185","94.74"
"Guadalupe","2","92","Texas","5/8/20","81","11","48187","13.58"
"Hale","2","37","Texas","5/8/20","25","12","48189","48"
"Hamilton","0","6","Texas","5/8/20","5","1","48193","20"
"Hansford","1","12","Texas","5/8/20","6","6","48195","100"
"Hardin","2","113","Texas","5/8/20","100","13","48199","13"
"Harris","149","7594","Texas","5/8/20","6551","1043","48201","15.92"
"Harrison","10","180","Texas","5/8/20","113","67","48203","59.29"
"Hartley","0","7","Texas","5/8/20","5","2","48205","40"
"Hays","4","195","Texas","5/8/20","165","30","48209","18.18"
"Hemphill","0","1","Texas","5/8/20","1","0","48211","0"
"Henderson","2","36","Texas","5/8/20","25","11","48213","44"
"Hidalgo","5","368","Texas","5/8/20","334","34","48215","10.18"
"Hill","0","19","Texas","5/8/20","16","3","48217","18.75"
"Hockley","0","20","Texas","5/8/20","21","-1","48219","-4.76"
"Hood","0","22","Texas","5/8/20","19","3","48221","15.79"
"Hopkins","0","7","Texas","5/8/20","4","3","48223","75"
"Houston","1","10","Texas","5/8/20","6","4","48225","66.67"
"Howard","0","6","Texas","5/8/20","4","2","48227","50"
"Hunt","1","56","Texas","5/8/20","47","9","48231","19.15"
"Hutchinson","1","19","Texas","5/8/20","14","5","48233","35.71"
"Jack","0","4","Texas","5/8/20","4","0","48237","0"
"Jackson","1","14","Texas","5/8/20","8","6","48239","75"
"Jasper","0","19","Texas","5/8/20","16","3","48241","18.75"
"Jefferson","7","353","Texas","5/8/20","307","46","48245","14.98"
"Jim Hogg","0","3","Texas","5/8/20","3","0","48247","0"
"Jim Wells","0","5","Texas","5/8/20","3","2","48249","66.67"
"Johnson","4","99","Texas","5/8/20","69","30","48251","43.48"
"Jones","7","87","Texas","5/8/20","37","50","48253","135.14"
"Karnes","0","3","Texas","5/8/20","3","0","48255","0"
"Kaufman","4","111","Texas","5/8/20","86","25","48257","29.07"
"Kendall","0","18","Texas","5/8/20","16","2","48259","12.5"
"Kerr","0","7","Texas","5/8/20","5","2","48265","40"
"Kimble","0","1","Texas","5/8/20","0","1","48267","1"
"Kleberg","0","10","Texas","5/8/20","8","2","48273","25"
"Knox","0","1","Texas","5/8/20","1","0","48275","0"
"La Salle","0","1","Texas","5/8/20","1","0","48283","0"
"Lamar","2","77","Texas","5/8/20","61","16","48277","26.23"
"Lamb","0","5","Texas","5/8/20","3","2","48279","66.67"
"Lampasas","0","6","Texas","5/8/20","3","3","48281","100"
"Lavaca","0","6","Texas","5/8/20","6","0","48285","0"
"Lee","0","4","Texas","5/8/20","2","2","48287","100"
"Leon","0","9","Texas","5/8/20","6","3","48289","50"
"Liberty","1","49","Texas","5/8/20","43","6","48291","13.95"
"Limestone","0","13","Texas","5/8/20","12","1","48293","8.33"
"Lipscomb","0","2","Texas","5/8/20","2","0","48295","0"
"Live Oak","0","5","Texas","5/8/20","5","0","48297","0"
"Llano","0","3","Texas","5/8/20","3","0","48299","0"
"Lubbock","7","582","Texas","5/8/20","535","47","48303","8.79"
"Lynn","0","5","Texas","5/8/20","5","0","48305","0"
"Madison","0","3","Texas","5/8/20","1","2","48313","200"
"Marion","0","16","Texas","5/8/20","14","2","48315","14.29"
"Martin","0","3","Texas","5/8/20","2","1","48317","50"
"Mason","1","28","Texas","5/8/20","21","7","48319","33.33"
"Matagorda","1","64","Texas","5/8/20","60","4","48321","6.67"
"Maverick","0","26","Texas","5/8/20","24","2","48323","8.33"
"McCulloch","0","3","Texas","5/8/20","3","0","48307","0"
"McLennan","1","94","Texas","5/8/20","89","5","48309","5.62"
"Medina","0","22","Texas","5/8/20","20","2","48325","10"
"Midland","3","100","Texas","5/8/20","79","21","48329","26.58"
"Milam","0","18","Texas","5/8/20","16","2","48331","12.5"
"Mitchell","0","1","Texas","5/8/20","1","0","48335","0"
"Montague","0","9","Texas","5/8/20","6","3","48337","50"
"Montgomery","10","699","Texas","5/8/20","629","70","48339","11.13"
"Moore","20","487","Texas","5/8/20","350","137","48341","39.14"
"Morris","1","9","Texas","5/8/20","5","4","48343","80"
"Motley","0","1","Texas","5/8/20","1","0","48345","0"
"Nacogdoches","6","202","Texas","5/8/20","160","42","48347","26.25"
"Navarro","1","36","Texas","5/8/20","31","5","48349","16.13"
"Newton","0","4","Texas","5/8/20","2","2","48351","100"
"Nolan","0","2","Texas","5/8/20","1","1","48353","100"
"Nueces","3","123","Texas","5/8/20","102","21","48355","20.59"
"Ochiltree","1","29","Texas","5/8/20","19","10","48357","52.63"
"Oldham","0","3","Texas","5/8/20","3","0","48359","0"
"Orange","1","81","Texas","5/8/20","71","10","48361","14.08"
"Palo Pinto","0","9","Texas","5/8/20","7","2","48363","28.57"
"Panola","6","168","Texas","5/8/20","128","40","48365","31.25"
"Parker","2","44","Texas","5/8/20","30","14","48367","46.67"
"Parmer","1","17","Texas","5/8/20","8","9","48369","112.5"
"Pecos","0","14","Texas","5/8/20","11","3","48371","27.27"
"Polk","2","35","Texas","5/8/20","20","15","48373","75"
"Potter","65","1027","Texas","5/8/20","572","455","48375","79.55"
"Rains","0","2","Texas","5/8/20","2","0","48379","0"
"Randall","16","343","Texas","5/8/20","234","109","48381","46.58"
"Red River","0","3","Texas","5/8/20","1","2","48387","200"
"Reeves","0","7","Texas","5/8/20","5","2","48389","40"
"Refugio","0","1","Texas","5/8/20","0","1","48391","1"
"Roberts","0","2","Texas","5/8/20","2","0","48393","0"
"Robertson","0","5","Texas","5/8/20","4","1","48395","25"
"Rockwall","4","100","Texas","5/8/20","75","25","48397","33.33"
"Runnels","0","2","Texas","5/8/20","1","1","48399","100"
"Rusk","1","40","Texas","5/8/20","36","4","48401","11.11"
"Sabine","0","2","Texas","5/8/20","1","1","48403","100"
"San Augustine","0","21","Texas","5/8/20","19","2","48405","10.53"
"San Jacinto","0","10","Texas","5/8/20","9","1","48407","11.11"
"San Patricio","1","16","Texas","5/8/20","12","4","48409","33.33"
"Scurry","0","2","Texas","5/8/20","2","0","48415","0"
"Shackelford","0","1","Texas","5/8/20","0","1","48417","1"
"Shelby","5","149","Texas","5/8/20","117","32","48419","27.35"
"Sherman","0","20","Texas","5/8/20","17","3","48421","17.65"
"Smith","4","170","Texas","5/8/20","144","26","48423","18.06"
"Starr","1","14","Texas","5/8/20","9","5","48427","55.56"
"Stephens","0","1","Texas","5/8/20","1","0","48429","0"
"Swisher","0","11","Texas","5/8/20","9","2","48437","22.22"
"Tarrant","101","2956","Texas","5/8/20","2246","710","48439","31.61"
"Taylor","-16","207","Texas","5/8/20","319","-112","48441","-35.11"
"Terry","0","12","Texas","5/8/20","11","1","48445","9.09"
"Titus","2","29","Texas","5/8/20","17","12","48449","70.59"
"Tom Green","4","84","Texas","5/8/20","53","31","48451","58.49"
"Travis","55","2071","Texas","5/8/20","1683","388","48453","23.05"
"Trinity","0","11","Texas","5/8/20","8","3","48455","37.5"
"Tyler","0","7","Texas","5/8/20","6","1","48457","16.67"
"Upshur","0","17","Texas","5/8/20","15","2","48459","13.33"
"Uvalde","0","7","Texas","5/8/20","6","1","48463","16.67"
"Val Verde","0","13","Texas","5/8/20","13","0","48465","0"
"Van Zandt","0","18","Texas","5/8/20","15","3","48467","20"
"Victoria","1","146","Texas","5/8/20","137","9","48469","6.57"
"Walker","9","332","Texas","5/8/20","269","63","48471","23.42"
"Waller","1","37","Texas","5/8/20","33","4","48473","12.12"
"Washington","2","156","Texas","5/8/20","144","12","48477","8.33"
"Webb","7","414","Texas","5/8/20","363","51","48479","14.05"
"Wharton","1","41","Texas","5/8/20","37","4","48481","10.81"
"Wheeler","1","13","Texas","5/8/20","7","6","48483","85.71"
"Wichita","1","71","Texas","5/8/20","65","6","48485","9.23"
"Wilbarger","0","2","Texas","5/8/20","1","1","48487","100"
"Willacy","0","14","Texas","5/8/20","13","1","48489","7.69"
"Williamson","8","361","Texas","5/8/20","306","55","48491","17.97"
"Wilson","0","34","Texas","5/8/20","32","2","48493","6.25"
"Winkler","0","3","Texas","5/8/20","3","0","48495","0"
"Wise","2","28","Texas","5/8/20","17","11","48497","64.71"
"Wood","1","13","Texas","5/8/20","9","4","48499","44.44"
"Yoakum","0","2","Texas","5/8/20","1","1","48501","100"
"Young","0","4","Texas","5/8/20","4","0","48503","0"
"Zapata","0","7","Texas","5/8/20","7","0","48505","0"
"Zavala","0","1","Texas","5/8/20","1","0","48507","0"
"Bear River","1","66","Utah","5/8/20","61","5","00000","8.2"
"Central Utah","1","27","Utah","5/8/20","23","4","00000","17.39"
"Davis","4","321","Utah","5/8/20","293","28","49011","9.56"
"Salt Lake","83","3104","Utah","5/8/20","2526","578","49035","22.88"
"San Juan","13","135","Utah","5/8/20","47","88","49037","187.23"
"Southeast Utah","0","13","Utah","5/8/20","13","0","00000","0"
"Southwest Utah","5","138","Utah","5/8/20","101","37","00000","36.63"
"Summit","2","384","Utah","5/8/20","373","11","49043","2.95"
"Tooele","1","72","Utah","5/8/20","68","4","49045","5.88"
"TriCounty","0","14","Utah","5/8/20","13","1","00000","7.69"
"Utah","42","1288","Utah","5/8/20","993","295","49049","29.71"
"Wasatch","3","173","Utah","5/8/20","155","18","49051","11.61"
"Weber-Morgan","3","184","Utah","5/8/20","162","22","00000","13.58"
"Addison","0","62","Vermont","5/8/20","61","1","50001","1.64"
"Bennington","1","54","Vermont","5/8/20","47","7","50003","14.89"
"Caledonia","0","14","Vermont","5/8/20","14","0","50005","0"
"Chittenden","2","431","Vermont","5/8/20","419","12","50007","2.86"
"Essex","0","2","Vermont","5/8/20","2","0","50009","0"
"Franklin","0","99","Vermont","5/8/20","98","1","50011","1.02"
"Grand Isle","0","4","Vermont","5/8/20","3","1","50013","33.33"
"Lamoille","0","26","Vermont","5/8/20","26","0","50015","0"
"Orange","0","8","Vermont","5/8/20","7","1","50017","14.29"
"Orleans","0","9","Vermont","5/8/20","9","0","50019","0"
"Rutland","1","50","Vermont","5/8/20","46","4","50021","8.7"
"Washington","1","37","Vermont","5/8/20","33","4","50023","12.12"
"Windham","0","73","Vermont","5/8/20","71","2","50025","2.82"
"Windsor","1","46","Vermont","5/8/20","40","6","50027","15"
"","0","68","Virgin Islands","5/8/20","66","2",,"3.03"
"Accomack","23","463","Virginia","5/8/20","303","160","51001","52.81"
"Albemarle","2","116","Virginia","5/8/20","103","13","51003","12.62"
"Alexandria","44","1110","Virginia","5/8/20","802","308","51510","38.4"
"Alleghany","0","6","Virginia","5/8/20","6","0","51005","0"
"Amelia","0","17","Virginia","5/8/20","16","1","51007","6.25"
"Amherst","0","15","Virginia","5/8/20","13","2","51009","15.38"
"Appomattox","0","21","Virginia","5/8/20","20","1","51011","5"
"Arlington","40","1281","Virginia","5/8/20","1004","277","51013","27.59"
"Augusta","2","55","Virginia","5/8/20","44","11","51015","25"
"Bedford","1","37","Virginia","5/8/20","33","4","51019","12.12"
"Botetourt","0","30","Virginia","5/8/20","28","2","51023","7.14"
"Bristol","0","2","Virginia","5/8/20","1","1","51520","100"
"Brunswick","0","17","Virginia","5/8/20","14","3","51025","21.43"
"Buchanan","0","16","Virginia","5/8/20","16","0","51027","0"
"Buckingham","19","225","Virginia","5/8/20","94","131","51029","139.36"
"Buena Vista","0","8","Virginia","5/8/20","6","2","51530","33.33"
"Campbell","0","13","Virginia","5/8/20","12","1","51031","8.33"
"Caroline","1","37","Virginia","5/8/20","32","5","51033","15.62"
"Carroll","2","26","Virginia","5/8/20","12","14","51035","116.67"
"Charles City","1","19","Virginia","5/8/20","13","6","51036","46.15"
"Charlotte","0","11","Virginia","5/8/20","8","3","51037","37.5"
"Charlottesville","1","66","Virginia","5/8/20","58","8","51540","13.79"
"Chesapeake","9","316","Virginia","5/8/20","256","60","51550","23.44"
"Chesterfield","26","741","Virginia","5/8/20","557","184","51041","33.03"
"Clarke","1","16","Virginia","5/8/20","9","7","51043","77.78"
"Colonial Heights","2","65","Virginia","5/8/20","54","11","51570","20.37"
"Covington","0","0","Virginia","5/8/20","1","-1","51580","-100"
"Craig","0","4","Virginia","5/8/20","3","1","51045","33.33"
"Culpeper","11","239","Virginia","5/8/20","162","77","51047","47.53"
"Cumberland","0","13","Virginia","5/8/20","13","0","51049","0"
"Danville","1","39","Virginia","5/8/20","35","4","51590","11.43"
"Dinwiddie","1","25","Virginia","5/8/20","16","9","51053","56.25"
"Emporia","3","47","Virginia","5/8/20","23","24","51595","104.35"
"Essex","1","18","Virginia","5/8/20","8","10","51057","125"
"Fairfax","206","5338","Virginia","5/8/20","3897","1441","51059","36.98"
"Fairfax City","1","39","Virginia","5/8/20","29","10","51600","34.48"
"Falls Church","2","37","Virginia","5/8/20","26","11","51610","42.31"
"Fauquier","4","153","Virginia","5/8/20","128","25","51061","19.53"
"Floyd","0","3","Virginia","5/8/20","3","0","51063","0"
"Fluvanna","1","78","Virginia","5/8/20","74","4","51065","5.41"
"Franklin","1","25","Virginia","5/8/20","21","4","51067","19.05"
"Franklin City","0","23","Virginia","5/8/20","23","0","51620","0"
"Frederick","5","150","Virginia","5/8/20","115","35","51069","30.43"
"Fredericksburg","3","55","Virginia","5/8/20","34","21","51630","61.76"
"Galax","3","33","Virginia","5/8/20","9","24","51640","266.67"
"Giles","0","4","Virginia","5/8/20","4","0","51071","0"
"Gloucester","0","27","Virginia","5/8/20","24","3","51073","12.5"
"Goochland","0","81","Virginia","5/8/20","78","3","51075","3.85"
"Grayson","0","5","Virginia","5/8/20","2","3","51077","150"
"Greene","1","14","Virginia","5/8/20","10","4","51079","40"
"Greensville","1","44","Virginia","5/8/20","39","5","51081","12.82"
"Halifax","0","20","Virginia","5/8/20","18","2","51083","11.11"
"Hampton","2","135","Virginia","5/8/20","119","16","51650","13.45"
"Hanover","3","155","Virginia","5/8/20","132","23","51085","17.42"
"Harrisonburg","17","574","Virginia","5/8/20","456","118","51660","25.88"
"Henrico","19","1032","Virginia","5/8/20","898","134","51087","14.92"
"Henry","1","21","Virginia","5/8/20","16","5","51089","31.25"
"Highland","0","2","Virginia","5/8/20","2","0","51091","0"
"Hopewell","1","33","Virginia","5/8/20","25","8","51670","32"
"Isle of Wight","1","105","Virginia","5/8/20","99","6","51093","6.06"
"James City","1","170","Virginia","5/8/20","160","10","51095","6.25"
"King and Queen","0","4","Virginia","5/8/20","2","2","51097","100"
"King George","1","38","Virginia","5/8/20","34","4","51099","11.76"
"King William","1","11","Virginia","5/8/20","5","6","51101","120"
"Lancaster","0","6","Virginia","5/8/20","3","3","51103","100"
"Lee","0","10","Virginia","5/8/20","10","0","51105","0"
"Lexington","0","5","Virginia","5/8/20","4","1","51678","25"
"Loudoun","34","1070","Virginia","5/8/20","832","238","51107","28.61"
"Louisa","1","53","Virginia","5/8/20","45","8","51109","17.78"
"Lunenburg","0","5","Virginia","5/8/20","4","1","51111","25"
"Lynchburg","1","68","Virginia","5/8/20","58","10","51680","17.24"
"Madison","1","20","Virginia","5/8/20","14","6","51113","42.86"
"Manassas","19","355","Virginia","5/8/20","222","133","51683","59.91"
"Manassas Park","7","114","Virginia","5/8/20","68","46","51685","67.65"
"Martinsville","0","2","Virginia","5/8/20","2","0","51690","0"
"Mathews","0","4","Virginia","5/8/20","4","0","51115","0"
"Mecklenburg","1","111","Virginia","5/8/20","103","8","51117","7.77"
"Middlesex","0","10","Virginia","5/8/20","7","3","51119","42.86"
"Montgomery","1","61","Virginia","5/8/20","56","5","51121","8.93"
"Nelson","0","10","Virginia","5/8/20","8","2","51125","25"
"New Kent","0","26","Virginia","5/8/20","23","3","51127","13.04"
"Newport News","3","144","Virginia","5/8/20","120","24","51700","20"
"Norfolk","10","274","Virginia","5/8/20","204","70","51710","34.31"
"Northampton","10","149","Virginia","5/8/20","82","67","51131","81.71"
"Northumberland","0","9","Virginia","5/8/20","9","0","51133","0"
"Norton","0","2","Virginia","5/8/20","2","0","51720","0"
"Nottoway","0","14","Virginia","5/8/20","13","1","51135","7.69"
"Orange","1","43","Virginia","5/8/20","36","7","51137","19.44"
"Page","3","123","Virginia","5/8/20","104","19","51139","18.27"
"Patrick","0","4","Virginia","5/8/20","2","2","51141","100"
"Petersburg","1","41","Virginia","5/8/20","33","8","51730","24.24"
"Pittsylvania","1","17","Virginia","5/8/20","13","4","51143","30.77"
"Poquoson","0","7","Virginia","5/8/20","6","1","51735","16.67"
"Portsmouth","3","194","Virginia","5/8/20","170","24","51740","14.12"
"Powhatan","1","18","Virginia","5/8/20","14","4","51145","28.57"
"Prince Edward","2","65","Virginia","5/8/20","51","14","51147","27.45"
"Prince George","1","42","Virginia","5/8/20","34","8","51149","23.53"
"Prince William","99","2474","Virginia","5/8/20","1781","693","51153","38.91"
"Pulaski","0","9","Virginia","5/8/20","9","0","51155","0"
"Radford","0","3","Virginia","5/8/20","3","0","51750","0"
"Rappahannock","0","6","Virginia","5/8/20","5","1","51157","20"
"Richmond","6","187","Virginia","5/8/20","142","45","51159","31.69"
"Richmond City","19","494","Virginia","5/8/20","364","130","51760","35.71"
"Roanoke","1","62","Virginia","5/8/20","53","9","51161","16.98"
"Roanoke City","2","91","Virginia","5/8/20","80","11","51770","13.75"
"Rockbridge","0","8","Virginia","5/8/20","7","1","51163","14.29"
"Rockingham","10","320","Virginia","5/8/20","249","71","51165","28.51"
"Russell","0","6","Virginia","5/8/20","4","2","51167","50"
"Salem","1","30","Virginia","5/8/20","26","4","51775","15.38"
"Scott","0","7","Virginia","5/8/20","7","0","51169","0"
"Shenandoah","17","236","Virginia","5/8/20","120","116","51171","96.67"
"Smyth","0","13","Virginia","5/8/20","13","0","51173","0"
"Southampton","1","129","Virginia","5/8/20","125","4","51175","3.2"
"Spotsylvania","11","233","Virginia","5/8/20","155","78","51177","50.32"
"Stafford","13","344","Virginia","5/8/20","251","93","51179","37.05"
"Staunton","0","15","Virginia","5/8/20","12","3","51790","25"
"Suffolk","5","209","Virginia","5/8/20","175","34","51800","19.43"
"Surry","0","4","Virginia","5/8/20","4","0","51181","0"
"Sussex","0","32","Virginia","5/8/20","31","1","51183","3.23"
"Tazewell","0","6","Virginia","5/8/20","6","0","51185","0"
"Virginia Beach","10","469","Virginia","5/8/20","396","73","51810","18.43"
"Warren","3","78","Virginia","5/8/20","57","21","51187","36.84"
"Washington","1","42","Virginia","5/8/20","38","4","51191","10.53"
"Waynesboro","1","20","Virginia","5/8/20","13","7","51820","53.85"
"Westmoreland","2","35","Virginia","5/8/20","23","12","51193","52.17"
"Williamsburg","2","31","Virginia","5/8/20","20","11","51830","55"
"Winchester","3","61","Virginia","5/8/20","41","20","51840","48.78"
"Wise","0","22","Virginia","5/8/20","22","0","51195","0"
"Wythe","0","12","Virginia","5/8/20","11","1","51197","9.09"
"York","1","55","Virginia","5/8/20","46","9","51199","19.57"
"Adams","0","49","Washington","5/8/20","47","2","53001","4.26"
"Asotin","0","18","Washington","5/8/20","18","0","53003","0"
"Benton","14","559","Washington","5/8/20","461","98","53005","21.26"
"Chelan","4","140","Washington","5/8/20","113","27","53007","23.89"
"Clallam","0","19","Washington","5/8/20","18","1","53009","5.56"
"Clark","3","347","Washington","5/8/20","327","20","53011","6.12"
"Columbia","0","1","Washington","5/8/20","1","0","53013","0"
"Cowlitz","2","64","Washington","5/8/20","47","17","53015","36.17"
"Douglas","3","102","Washington","5/8/20","79","23","53017","29.11"
"Ferry","0","1","Washington","5/8/20","1","0","53019","0"
"Franklin","14","404","Washington","5/8/20","309","95","53021","30.74"
"Grant","2","180","Washington","5/8/20","163","17","53025","10.43"
"Grays Harbor","0","13","Washington","5/8/20","12","1","53027","8.33"
"Island","0","172","Washington","5/8/20","169","3","53029","1.78"
"Jefferson","0","28","Washington","5/8/20","28","0","53031","0"
"King","84","6863","Washington","5/8/20","6274","589","53033","9.39"
"Kitsap","1","154","Washington","5/8/20","150","4","53035","2.67"
"Kittitas","0","15","Washington","5/8/20","15","0","53037","0"
"Klickitat","0","19","Washington","5/8/20","17","2","53039","11.76"
"Lewis","0","30","Washington","5/8/20","29","1","53041","3.45"
"Lincoln","0","2","Washington","5/8/20","2","0","53043","0"
"Mason","0","28","Washington","5/8/20","25","3","53045","12"
"Okanogan","0","21","Washington","5/8/20","21","0","53047","0"
"Pacific","1","8","Washington","5/8/20","4","4","53049","100"
"Pend Oreille","0","2","Washington","5/8/20","2","0","53051","0"
"Pierce","24","1510","Washington","5/8/20","1339","171","53053","12.77"
"San Juan","0","14","Washington","5/8/20","14","0","53055","0"
"Skagit","8","391","Washington","5/8/20","337","54","53057","16.02"
"Skamania","0","3","Washington","5/8/20","3","0","53059","0"
"Snohomish","26","2634","Washington","5/8/20","2453","181","53061","7.38"
"Spokane","2","381","Washington","5/8/20","367","14","53063","3.81"
"Stevens","0","9","Washington","5/8/20","9","0","53065","0"
"Thurston","1","115","Washington","5/8/20","106","9","53067","8.49"
"Wahkiakum","0","3","Washington","5/8/20","2","1","53069","50"
"Walla Walla","3","97","Washington","5/8/20","76","21","53071","27.63"
"Whatcom","3","329","Washington","5/8/20","305","24","53073","7.87"
"Whitman","0","15","Washington","5/8/20","14","1","53075","7.14"
"Yakima","54","1579","Washington","5/8/20","1203","376","53077","31.26"
"Barbour","0","7","West Virginia","5/8/20","5","2","54001","40"
"Berkeley","4","184","West Virginia","5/8/20","153","31","54003","20.26"
"Boone","0","8","West Virginia","5/8/20","6","2","54005","33.33"
"Braxton","0","2","West Virginia","5/8/20","2","0","54007","0"
"Brooke","0","3","West Virginia","5/8/20","3","0","54009","0"
"Cabell","1","48","West Virginia","5/8/20","43","5","54011","11.63"
"Clay","0","2","West Virginia","5/8/20","0","2","54015","1"
"Fayette","2","30","West Virginia","5/8/20","14","16","54019","114.29"
"Gilmer","0","4","West Virginia","5/8/20","2","2","54021","100"
"Grant","0","3","West Virginia","5/8/20","1","2","54023","200"
"Greenbrier","1","8","West Virginia","5/8/20","3","5","54025","166.67"
"Hampshire","0","8","West Virginia","5/8/20","7","1","54027","14.29"
"Hancock","0","12","West Virginia","5/8/20","10","2","54029","20"
"Hardy","1","15","West Virginia","5/8/20","6","9","54031","150"
"Harrison","0","33","West Virginia","5/8/20","30","3","54033","10"
"Jackson","1","136","West Virginia","5/8/20","130","6","54035","4.62"
"Jefferson","1","87","West Virginia","5/8/20","79","8","54037","10.13"
"Kanawha","3","180","West Virginia","5/8/20","161","19","54039","11.8"
"Lewis","0","4","West Virginia","5/8/20","4","0","54041","0"
"Lincoln","0","4","West Virginia","5/8/20","2","2","54043","100"
"Logan","0","13","West Virginia","5/8/20","13","0","54045","0"
"Marion","0","46","West Virginia","5/8/20","46","0","54049","0"
"Marshall","1","20","West Virginia","5/8/20","13","7","54051","53.85"
"Mason","0","13","West Virginia","5/8/20","12","1","54053","8.33"
"McDowell","0","6","West Virginia","5/8/20","6","0","54047","0"
"Mercer","0","11","West Virginia","5/8/20","10","1","54055","10"
"Mineral","0","20","West Virginia","5/8/20","18","2","54057","11.11"
"Mingo","0","2","West Virginia","5/8/20","2","0","54059","0"
"Monongalia","1","111","West Virginia","5/8/20","102","9","54061","8.82"
"Monroe","0","6","West Virginia","5/8/20","5","1","54063","20"
"Morgan","1","16","West Virginia","5/8/20","12","4","54065","33.33"
"Nicholas","0","8","West Virginia","5/8/20","6","2","54067","33.33"
"Ohio","1","35","West Virginia","5/8/20","29","6","54069","20.69"
"Pendleton","0","5","West Virginia","5/8/20","3","2","54071","66.67"
"Pleasants","0","2","West Virginia","5/8/20","2","0","54073","0"
"Pocahontas","0","2","West Virginia","5/8/20","2","0","54075","0"
"Preston","0","14","West Virginia","5/8/20","13","1","54077","7.69"
"Putnam","0","27","West Virginia","5/8/20","27","0","54079","0"
"Raleigh","0","9","West Virginia","5/8/20","9","0","54081","0"
"Randolph","0","5","West Virginia","5/8/20","4","1","54083","25"
"Ritchie","0","1","West Virginia","5/8/20","0","1","54085","1"
"Roane","0","8","West Virginia","5/8/20","6","2","54087","33.33"
"Summers","0","1","West Virginia","5/8/20","1","0","54089","0"
"Taylor","0","8","West Virginia","5/8/20","6","2","54091","33.33"
"Tucker","0","4","West Virginia","5/8/20","4","0","54093","0"
"Tyler","0","3","West Virginia","5/8/20","3","0","54095","0"
"Upshur","0","5","West Virginia","5/8/20","4","1","54097","25"
"Wayne","1","93","West Virginia","5/8/20","86","7","54099","8.14"
"Wetzel","0","4","West Virginia","5/8/20","3","1","54103","33.33"
"Wirt","0","3","West Virginia","5/8/20","3","0","54105","0"
"Wood","0","43","West Virginia","5/8/20","40","3","54107","7.5"
"Wyoming","0","1","West Virginia","5/8/20","1","0","54109","0"
"Adams","0","4","Wisconsin","5/8/20","4","0","55001","0"
"Ashland","0","2","Wisconsin","5/8/20","2","0","55003","0"
"Barron","1","10","Wisconsin","5/8/20","6","4","55005","66.67"
"Bayfield","0","3","Wisconsin","5/8/20","3","0","55007","0"
"Brown","86","1777","Wisconsin","5/8/20","1175","602","55009","51.23"
"Buffalo","0","5","Wisconsin","5/8/20","4","1","55011","25"
"Calumet","3","34","Wisconsin","5/8/20","14","20","55015","142.86"
"Chippewa","1","27","Wisconsin","5/8/20","23","4","55017","17.39"
"Clark","0","23","Wisconsin","5/8/20","20","3","55019","15"
"Columbia","1","32","Wisconsin","5/8/20","28","4","55021","14.29"
"Crawford","2","16","Wisconsin","5/8/20","3","13","55023","433.33"
"Dane","4","455","Wisconsin","5/8/20","430","25","55025","5.81"
"Dodge","2","51","Wisconsin","5/8/20","36","15","55027","41.67"
"Door","1","18","Wisconsin","5/8/20","12","6","55029","50"
"Douglas","0","10","Wisconsin","5/8/20","9","1","55031","11.11"
"Dunn","1","14","Wisconsin","5/8/20","9","5","55033","55.56"
"Eau Claire","3","50","Wisconsin","5/8/20","28","22","55035","78.57"
"Florence","0","2","Wisconsin","5/8/20","2","0","55037","0"
"Fond du Lac","2","85","Wisconsin","5/8/20","71","14","55039","19.72"
"Forest","0","1","Wisconsin","5/8/20","0","1","55041","1"
"Grant","4","66","Wisconsin","5/8/20","41","25","55043","60.98"
"Green","1","23","Wisconsin","5/8/20","13","10","55045","76.92"
"Green Lake","0","6","Wisconsin","5/8/20","3","3","55047","100"
"Iowa","0","10","Wisconsin","5/8/20","7","3","55049","42.86"
"Iron","0","2","Wisconsin","5/8/20","2","0","55051","0"
"Jackson","0","12","Wisconsin","5/8/20","13","-1","55053","-7.69"
"Jefferson","1","50","Wisconsin","5/8/20","46","4","55055","8.7"
"Juneau","1","21","Wisconsin","5/8/20","17","4","55057","23.53"
"Kenosha","21","627","Wisconsin","5/8/20","477","150","55059","31.45"
"Kewaunee","2","26","Wisconsin","5/8/20","13","13","55061","100"
"La Crosse","1","32","Wisconsin","5/8/20","28","4","55063","14.29"
"Lafayette","0","9","Wisconsin","5/8/20","6","3","55065","50"
"Lincoln","0","1","Wisconsin","5/8/20","1","0","55069","0"
"Manitowoc","1","17","Wisconsin","5/8/20","11","6","55071","54.55"
"Marathon","1","22","Wisconsin","5/8/20","18","4","55073","22.22"
"Marinette","1","15","Wisconsin","5/8/20","10","5","55075","50"
"Marquette","0","3","Wisconsin","5/8/20","3","0","55077","0"
"Menominee","0","2","Wisconsin","5/8/20","1","1","55078","100"
"Milwaukee","97","3722","Wisconsin","5/8/20","3044","678","55079","22.27"
"Monroe","0","14","Wisconsin","5/8/20","14","0","55081","0"
"Oconto","2","27","Wisconsin","5/8/20","14","13","55083","92.86"
"Oneida","0","7","Wisconsin","5/8/20","6","1","55085","16.67"
"Outagamie","6","105","Wisconsin","5/8/20","62","43","55087","69.35"
"Ozaukee","2","101","Wisconsin","5/8/20","88","13","55089","14.77"
"Pierce","0","12","Wisconsin","5/8/20","10","2","55093","20"
"Polk","0","5","Wisconsin","5/8/20","4","1","55095","25"
"Portage","0","7","Wisconsin","5/8/20","5","2","55097","40"
"Price","0","1","Wisconsin","5/8/20","1","0","55099","0"
"Racine","34","634","Wisconsin","5/8/20","393","241","55101","61.32"
"Richland","0","13","Wisconsin","5/8/20","12","1","55103","8.33"
"Rock","17","343","Wisconsin","5/8/20","222","121","55105","54.5"
"Rusk","0","4","Wisconsin","5/8/20","4","0","55107","0"
"Sauk","2","69","Wisconsin","5/8/20","58","11","55111","18.97"
"Sawyer","0","4","Wisconsin","5/8/20","3","1","55113","33.33"
"Shawano","1","20","Wisconsin","5/8/20","15","5","55115","33.33"
"Sheboygan","2","65","Wisconsin","5/8/20","49","16","55117","32.65"
"St. Croix","1","26","Wisconsin","5/8/20","16","10","55109","62.5"
"Trempealeau","0","5","Wisconsin","5/8/20","3","2","55121","66.67"
"Vernon","0","3","Wisconsin","5/8/20","1","2","55123","200"
"Vilas","0","4","Wisconsin","5/8/20","4","0","55125","0"
"Walworth","8","226","Wisconsin","5/8/20","171","55","55127","32.16"
"Washburn","0","1","Wisconsin","5/8/20","1","0","55129","0"
"Washington","2","114","Wisconsin","5/8/20","99","15","55131","15.15"
"Waukesha","5","387","Wisconsin","5/8/20","350","37","55133","10.57"
"Waupaca","0","11","Wisconsin","5/8/20","10","1","55135","10"
"Waushara","0","4","Wisconsin","5/8/20","2","2","55137","100"
"Winnebago","4","91","Wisconsin","5/8/20","62","29","55139","46.77"
"Wood","0","2","Wisconsin","5/8/20","2","0","55141","0"
"Albany","0","8","Wyoming","5/8/20","8","0","56001","0"
"Big Horn","0","3","Wyoming","5/8/20","3","0","56003","0"
"Campbell","0","25","Wyoming","5/8/20","24","1","56005","4.17"
"Carbon","0","5","Wyoming","5/8/20","5","0","56007","0"
"Converse","0","23","Wyoming","5/8/20","22","1","56009","4.55"
"Crook","0","5","Wyoming","5/8/20","5","0","56011","0"
"Fremont","8","175","Wyoming","5/8/20","120","55","56013","45.83"
"Goshen","0","5","Wyoming","5/8/20","4","1","56015","25"
"Hot Springs","0","3","Wyoming","5/8/20","3","0","56017","0"
"Johnson","0","15","Wyoming","5/8/20","15","0","56019","0"
"Laramie","2","163","Wyoming","5/8/20","147","16","56021","10.88"
"Lincoln","0","10","Wyoming","5/8/20","9","1","56023","11.11"
"Natrona","0","48","Wyoming","5/8/20","49","-1","56025","-2.04"
"Niobrara","0","2","Wyoming","5/8/20","2","0","56027","0"
"Park","0","1","Wyoming","5/8/20","1","0","56029","0"
"Sheridan","0","16","Wyoming","5/8/20","16","0","56033","0"
"Sublette","0","3","Wyoming","5/8/20","3","0","56035","0"
"Sweetwater","0","19","Wyoming","5/8/20","18","1","56037","5.56"
"Teton","0","98","Wyoming","5/8/20","96","2","56039","2.08"
"Uinta","0","9","Wyoming","5/8/20","8","1","56041","12.5"
"Washakie","0","8","Wyoming","5/8/20","8","0","56043","0"
