"Locality","DailyAvgNewCasesPast7Days","TotalCases","State","Date","TotalCases7DaysAgo","NewCasesPast7Days","FIPS-Code","PercentIncreaseTotalCasesPast7Days"
"Autauga","3","68","Alabama","5/9/20","45","23","01001","51.11"
"Baldwin","5","216","Alabama","5/9/20","181","35","01003","19.34"
"Barbour","2","58","Alabama","5/9/20","43","15","01005","34.88"
"Bibb","0","45","Alabama","5/9/20","42","3","01007","7.14"
"Blount","1","44","Alabama","5/9/20","40","4","01009","10"
"Bullock","1","22","Alabama","5/9/20","14","8","01011","57.14"
"Butler","12","178","Alabama","5/9/20","92","86","01013","93.48"
"Calhoun","4","124","Alabama","5/9/20","98","26","01015","26.53"
"Chambers","3","314","Alabama","5/9/20","294","20","01017","6.8"
"Cherokee","1","22","Alabama","5/9/20","15","7","01019","46.67"
"Chilton","1","64","Alabama","5/9/20","54","10","01021","18.52"
"Choctaw","2","61","Alabama","5/9/20","49","12","01023","24.49"
"Clarke","2","52","Alabama","5/9/20","38","14","01025","36.84"
"Clay","1","26","Alabama","5/9/20","21","5","01027","23.81"
"Cleburne","0","13","Alabama","5/9/20","12","1","01029","8.33"
"Coffee","4","146","Alabama","5/9/20","118","28","01031","23.73"
"Colbert","4","64","Alabama","5/9/20","37","27","01033","72.97"
"Conecuh","1","13","Alabama","5/9/20","9","4","01035","44.44"
"Coosa","0","31","Alabama","5/9/20","30","1","01037","3.33"
"Covington","1","50","Alabama","5/9/20","43","7","01039","16.28"
"Crenshaw","2","38","Alabama","5/9/20","21","17","01041","80.95"
"Cullman","1","63","Alabama","5/9/20","57","6","01043","10.53"
"Dale","2","43","Alabama","5/9/20","28","15","01045","53.57"
"Dallas","8","102","Alabama","5/9/20","49","53","01047","108.16"
"DeKalb","9","142","Alabama","5/9/20","77","65","01049","84.42"
"Elmore","6","135","Alabama","5/9/20","93","42","01051","45.16"
"Escambia","1","36","Alabama","5/9/20","30","6","01053","20"
"Etowah","4","170","Alabama","5/9/20","141","29","01055","20.57"
"Fayette","0","7","Alabama","5/9/20","6","1","01057","16.67"
"Franklin","17","216","Alabama","5/9/20","100","116","01059","116"
"Geneva","0","13","Alabama","5/9/20","10","3","01061","30"
"Greene","2","70","Alabama","5/9/20","55","15","01063","27.27"
"Hale","2","66","Alabama","5/9/20","52","14","01065","26.92"
"Henry","0","28","Alabama","5/9/20","26","2","01067","7.69"
"Houston","2","104","Alabama","5/9/20","93","11","01069","11.83"
"Jackson","1","59","Alabama","5/9/20","50","9","01071","18"
"Jefferson","23","1109","Alabama","5/9/20","946","163","01073","17.23"
"Lamar","0","13","Alabama","5/9/20","11","2","01075","18.18"
"Lauderdale","5","88","Alabama","5/9/20","56","32","01077","57.14"
"Lawrence","1","22","Alabama","5/9/20","13","9","01079","69.23"
"Lee","4","422","Alabama","5/9/20","397","25","01081","6.3"
"Limestone","2","57","Alabama","5/9/20","44","13","01083","29.55"
"Lowndes","4","96","Alabama","5/9/20","70","26","01085","37.14"
"Macon","1","47","Alabama","5/9/20","38","9","01087","23.68"
"Madison","2","247","Alabama","5/9/20","233","14","01089","6.01"
"Marengo","3","77","Alabama","5/9/20","56","21","01091","37.5"
"Marion","2","96","Alabama","5/9/20","82","14","01093","17.07"
"Marshall","30","543","Alabama","5/9/20","334","209","01095","62.57"
"Mobile","40","1452","Alabama","5/9/20","1172","280","01097","23.89"
"Monroe","0","15","Alabama","5/9/20","13","2","01099","15.38"
"Montgomery","28","576","Alabama","5/9/20","379","197","01101","51.98"
"Morgan","3","92","Alabama","5/9/20","73","19","01103","26.03"
"Perry","1","19","Alabama","5/9/20","10","9","01105","90"
"Pickens","2","65","Alabama","5/9/20","54","11","01107","20.37"
"Pike","2","89","Alabama","5/9/20","73","16","01109","21.92"
"Randolph","4","102","Alabama","5/9/20","74","28","01111","37.84"
"Russell","2","77","Alabama","5/9/20","60","17","01113","28.33"
"Shelby","5","362","Alabama","5/9/20","324","38","01117","11.73"
"St. Clair","1","81","Alabama","5/9/20","73","8","01115","10.96"
"Sumter","4","98","Alabama","5/9/20","72","26","01119","36.11"
"Talladega","1","73","Alabama","5/9/20","64","9","01121","14.06"
"Tallapoosa","4","316","Alabama","5/9/20","290","26","01123","8.97"
"Tuscaloosa","8","274","Alabama","5/9/20","216","58","01125","26.85"
"Walker","1","106","Alabama","5/9/20","97","9","01127","9.28"
"Washington","2","51","Alabama","5/9/20","37","14","01129","37.84"
"Wilcox","1","80","Alabama","5/9/20","71","9","01131","12.68"
"Winston","1","20","Alabama","5/9/20","16","4","01133","25"
"Anchorage","1","194","Alaska","5/9/20","185","9","02020","4.86"
"Bethel","0","1","Alaska","5/9/20","1","0","02050","0"
"Fairbanks North Star","0","83","Alaska","5/9/20","83","0","02090","0"
"Juneau","0","27","Alaska","5/9/20","27","0","02110","0"
"Kenai Peninsula","0","24","Alaska","5/9/20","21","3","02122","14.29"
"Ketchikan Gateway","0","16","Alaska","5/9/20","16","0","02130","0"
"Kodiak Island","0","1","Alaska","5/9/20","1","0","02150","0"
"Matanuska-Susitna","0","21","Alaska","5/9/20","21","0","02170","0"
"Nome","0","1","Alaska","5/9/20","1","0","02180","0"
"Petersburg","0","4","Alaska","5/9/20","4","0","02195","0"
"Prince of Wales-Hyder","0","2","Alaska","5/9/20","2","0","02198","0"
"Sitka","0","1","Alaska","5/9/20","1","0","02220","0"
"Southeast Fairbanks","0","2","Alaska","5/9/20","1","1","02240","100"
"Yukon-Koyukuk","0","1","Alaska","5/9/20","1","0","02290","0"
"Apache","29","710","Arizona","5/9/20","507","203","04001","40.04"
"Cochise","0","41","Arizona","5/9/20","39","2","04003","5.13"
"Coconino","24","679","Arizona","5/9/20","512","167","04005","32.62"
"Gila","1","19","Arizona","5/9/20","14","5","04007","35.71"
"Graham","0","19","Arizona","5/9/20","17","2","04009","11.76"
"Greenlee","0","2","Arizona","5/9/20","2","0","04011","0"
"La Paz","1","22","Arizona","5/9/20","14","8","04012","57.14"
"Maricopa","194","5779","Arizona","5/9/20","4421","1358","04013","30.72"
"Mohave","7","178","Arizona","5/9/20","127","51","04015","40.16"
"Navajo","31","981","Arizona","5/9/20","766","215","04017","28.07"
"Pima","36","1554","Arizona","5/9/20","1300","254","04019","19.54"
"Pinal","21","585","Arizona","5/9/20","435","150","04021","34.48"
"Santa Cruz","1","40","Arizona","5/9/20","34","6","04023","17.65"
"Yavapai","13","175","Arizona","5/9/20","87","88","04025","101.15"
"Yuma","12","176","Arizona","5/9/20","89","87","04027","97.75"
"Arkansas","0","2","Arkansas","5/9/20","2","0","05001","0"
"Ashley","0","17","Arkansas","5/9/20","16","1","05003","6.25"
"Baxter","0","5","Arkansas","5/9/20","5","0","05005","0"
"Benton","1","116","Arkansas","5/9/20","112","4","05007","3.57"
"Boone","0","4","Arkansas","5/9/20","4","0","05009","0"
"Bradley","0","11","Arkansas","5/9/20","11","0","05011","0"
"Carroll","0","6","Arkansas","5/9/20","6","0","05015","0"
"Chicot","0","10","Arkansas","5/9/20","9","1","05017","11.11"
"Clark","0","32","Arkansas","5/9/20","31","1","05019","3.23"
"Clay","0","3","Arkansas","5/9/20","3","0","05021","0"
"Cleburne","0","72","Arkansas","5/9/20","73","-1","05023","-1.37"
"Cleveland","0","13","Arkansas","5/9/20","11","2","05025","18.18"
"Columbia","0","15","Arkansas","5/9/20","13","2","05027","15.38"
"Conway","0","13","Arkansas","5/9/20","13","0","05029","0"
"Craighead","2","92","Arkansas","5/9/20","81","11","05031","13.58"
"Crawford","0","5","Arkansas","5/9/20","5","0","05033","0"
"Crittenden","2","205","Arkansas","5/9/20","193","12","05035","6.22"
"Cross","1","27","Arkansas","5/9/20","21","6","05037","28.57"
"Dallas","0","1","Arkansas","5/9/20","1","0","05039","0"
"Desha","0","16","Arkansas","5/9/20","16","0","05041","0"
"Drew","1","19","Arkansas","5/9/20","15","4","05043","26.67"
"Faulkner","1","81","Arkansas","5/9/20","76","5","05045","6.58"
"Franklin","0","2","Arkansas","5/9/20","2","0","05047","0"
"Fulton","0","3","Arkansas","5/9/20","1","2","05049","200"
"Garland","0","118","Arkansas","5/9/20","117","1","05051","0.85"
"Grant","0","15","Arkansas","5/9/20","14","1","05053","7.14"
"Greene","1","22","Arkansas","5/9/20","16","6","05055","37.5"
"Hempstead","0","7","Arkansas","5/9/20","6","1","05057","16.67"
"Hot Spring","0","22","Arkansas","5/9/20","19","3","05059","15.79"
"Howard","0","14","Arkansas","5/9/20","13","1","05061","7.69"
"Independence","0","12","Arkansas","5/9/20","10","2","05063","20"
"Izard","1","11","Arkansas","5/9/20","6","5","05065","83.33"
"Jackson","0","1","Arkansas","5/9/20","1","0","05067","0"
"Jefferson","7","226","Arkansas","5/9/20","178","48","05069","26.97"
"Johnson","0","34","Arkansas","5/9/20","31","3","05071","9.68"
"Lafayette","0","9","Arkansas","5/9/20","8","1","05073","12.5"
"Lawrence","1","69","Arkansas","5/9/20","60","9","05075","15"
"Lee","0","4","Arkansas","5/9/20","3","1","05077","33.33"
"Lincoln","13","907","Arkansas","5/9/20","817","90","05079","11.02"
"Logan","0","3","Arkansas","5/9/20","3","0","05083","0"
"Lonoke","0","44","Arkansas","5/9/20","41","3","05085","7.32"
"Madison","0","1","Arkansas","5/9/20","1","0","05087","0"
"Marion","0","1","Arkansas","5/9/20","1","0","05089","0"
"Miller","0","36","Arkansas","5/9/20","34","2","05091","5.88"
"Mississippi","4","47","Arkansas","5/9/20","20","27","05093","135"
"Monroe","0","4","Arkansas","5/9/20","4","0","05095","0"
"Montgomery","0","1","Arkansas","5/9/20","1","0","05097","0"
"Nevada","0","3","Arkansas","5/9/20","1","2","05099","200"
"Newton","0","3","Arkansas","5/9/20","3","0","05101","0"
"Ouachita","0","8","Arkansas","5/9/20","7","1","05103","14.29"
"Perry","0","7","Arkansas","5/9/20","7","0","05105","0"
"Phillips","0","4","Arkansas","5/9/20","5","-1","05107","-20"
"Pike","0","3","Arkansas","5/9/20","3","0","05109","0"
"Poinsett","0","25","Arkansas","5/9/20","23","2","05111","8.7"
"Polk","0","7","Arkansas","5/9/20","7","0","05113","0"
"Pope","0","47","Arkansas","5/9/20","44","3","05115","6.82"
"Prairie","0","2","Arkansas","5/9/20","2","0","05117","0"
"Pulaski","9","603","Arkansas","5/9/20","539","64","05119","11.87"
"Randolph","0","21","Arkansas","5/9/20","18","3","05121","16.67"
"Saline","1","72","Arkansas","5/9/20","67","5","05125","7.46"
"Scott","0","1","Arkansas","5/9/20","1","0","05127","0"
"Searcy","0","6","Arkansas","5/9/20","6","0","05129","0"
"Sebastian","0","14","Arkansas","5/9/20","13","1","05131","7.69"
"Sevier","1","16","Arkansas","5/9/20","12","4","05133","33.33"
"Sharp","0","8","Arkansas","5/9/20","9","-1","05135","-11.11"
"St. Francis","3","108","Arkansas","5/9/20","87","21","05123","24.14"
"Stone","0","8","Arkansas","5/9/20","8","0","05137","0"
"Union","3","73","Arkansas","5/9/20","54","19","05139","35.19"
"Van Buren","0","28","Arkansas","5/9/20","28","0","05141","0"
"Washington","3","105","Arkansas","5/9/20","87","18","05143","20.69"
"White","0","35","Arkansas","5/9/20","34","1","05145","2.94"
"Woodruff","0","1","Arkansas","5/9/20","1","0","05147","0"
"Yell","0","7","Arkansas","5/9/20","4","3","05149","75"
"Alameda","45","2023","California","5/9/20","1706","317","06001","18.58"
"Alpine","0","2","California","5/9/20","2","0","06003","0"
"Amador","0","8","California","5/9/20","8","0","06005","0"
"Butte","0","18","California","5/9/20","16","2","06007","12.5"
"Calaveras","0","13","California","5/9/20","13","0","06009","0"
"Colusa","0","3","California","5/9/20","3","0","06011","0"
"Contra Costa","15","1036","California","5/9/20","934","102","06013","10.92"
"Del Norte","0","3","California","5/9/20","3","0","06015","0"
"El Dorado","1","54","California","5/9/20","47","7","06017","14.89"
"Fresno","32","841","California","5/9/20","615","226","06019","36.75"
"Glenn","0","6","California","5/9/20","5","1","06021","20"
"Humboldt","0","55","California","5/9/20","54","1","06023","1.85"
"Imperial","22","512","California","5/9/20","358","154","06025","43.02"
"Inyo","0","19","California","5/9/20","19","0","06027","0"
"Kern","37","1228","California","5/9/20","969","259","06029","26.73"
"Kings","17","265","California","5/9/20","146","119","06031","81.51"
"Lake","0","8","California","5/9/20","7","1","06033","14.29"
"Los Angeles","907","31241","California","5/9/20","24894","6347","06037","25.5"
"Madera","3","66","California","5/9/20","46","20","06039","43.48"
"Marin","3","257","California","5/9/20","239","18","06041","7.53"
"Mariposa","0","15","California","5/9/20","13","2","06043","15.38"
"Mendocino","0","12","California","5/9/20","12","0","06045","0"
"Merced","3","163","California","5/9/20","140","23","06047","16.43"
"Mono","0","29","California","5/9/20","26","3","06051","11.54"
"Monterey","6","267","California","5/9/20","222","45","06053","20.27"
"Napa","1","78","California","5/9/20","70","8","06055","11.43"
"Nevada","0","41","California","5/9/20","41","0","06057","0"
"Orange","106","3380","California","5/9/20","2636","744","06059","28.22"
"Placer","1","168","California","5/9/20","159","9","06061","5.66"
"Plumas","0","4","California","5/9/20","4","0","06063","0"
"Riverside","130","4992","California","5/9/20","4079","913","06065","22.38"
"Sacramento","8","1165","California","5/9/20","1107","58","06067","5.24"
"San Benito","1","55","California","5/9/20","51","4","06069","7.84"
"San Bernardino","103","2902","California","5/9/20","2182","720","06071","33"
"San Diego","136","4662","California","5/9/20","3711","951","06073","25.63"
"San Francisco","50","1891","California","5/9/20","1543","348","06075","22.55"
"San Joaquin","6","605","California","5/9/20","560","45","06077","8.04"
"San Luis Obispo","3","214","California","5/9/20","196","18","06079","9.18"
"San Mateo","27","1425","California","5/9/20","1233","192","06081","15.57"
"Santa Barbara","106","1250","California","5/9/20","506","744","06083","147.04"
"Santa Clara","15","2307","California","5/9/20","2205","102","06085","4.63"
"Santa Cruz","1","141","California","5/9/20","134","7","06087","5.22"
"Shasta","0","31","California","5/9/20","31","0","06089","0"
"Siskiyou","0","5","California","5/9/20","5","0","06093","0"
"Solano","12","351","California","5/9/20","266","85","06095","31.95"
"Sonoma","7","300","California","5/9/20","248","52","06097","20.97"
"Stanislaus","15","488","California","5/9/20","380","108","06099","28.42"
"Sutter","0","32","California","5/9/20","31","1","06101","3.23"
"Tehama","0","1","California","5/9/20","1","0","06103","0"
"Trinity","0","1","California","5/9/20","0","1","06105","1"
"Tulare","51","1079","California","5/9/20","720","359","06107","49.86"
"Tuolumne","0","2","California","5/9/20","4","-2","06109","-50"
"Ventura","13","652","California","5/9/20","559","93","06111","16.64"
"Yolo","0","172","California","5/9/20","169","3","06113","1.78"
"Yuba","0","20","California","5/9/20","19","1","06115","5.26"
"Adams","68","2205","Colorado","5/9/20","1730","475","08001","27.46"
"Alamosa","2","25","Colorado","5/9/20","11","14","08003","127.27"
"Arapahoe","86","3228","Colorado","5/9/20","2625","603","08005","22.97"
"Archuleta","0","8","Colorado","5/9/20","8","0","08007","0"
"Baca","0","12","Colorado","5/9/20","10","2","08009","20"
"Boulder","16","757","Colorado","5/9/20","646","111","08013","17.18"
"Broomfield","5","195","Colorado","5/9/20","163","32","08014","19.63"
"Chaffee","0","68","Colorado","5/9/20","67","1","08015","1.49"
"Cheyenne","1","4","Colorado","5/9/20","0","4","08017","1"
"Clear Creek","0","14","Colorado","5/9/20","13","1","08019","7.69"
"Conejos","0","1","Colorado","5/9/20","0","1","08021","1"
"Costilla","0","3","Colorado","5/9/20","3","0","08023","0"
"Crowley","5","39","Colorado","5/9/20","3","36","08025","1200"
"Custer","0","2","Colorado","5/9/20","2","0","08027","0"
"Delta","1","54","Colorado","5/9/20","48","6","08029","12.5"
"Denver","111","4001","Colorado","5/9/20","3222","779","08031","24.18"
"Douglas","10","591","Colorado","5/9/20","518","73","08035","14.09"
"Eagle","2","558","Colorado","5/9/20","546","12","08037","2.2"
"El Paso","17","1109","Colorado","5/9/20","988","121","08041","12.25"
"Elbert","1","39","Colorado","5/9/20","31","8","08039","25.81"
"Fremont","0","23","Colorado","5/9/20","22","1","08043","4.55"
"Garfield","1","103","Colorado","5/9/20","95","8","08045","8.42"
"Gilpin","0","3","Colorado","5/9/20","1","2","08047","200"
"Grand","0","5","Colorado","5/9/20","5","0","08049","0"
"Gunnison","1","173","Colorado","5/9/20","165","8","08051","4.85"
"Hinsdale","0","3","Colorado","5/9/20","3","0","08053","0"
"Huerfano","0","3","Colorado","5/9/20","2","1","08055","50"
"Jefferson","35","1627","Colorado","5/9/20","1384","243","08059","17.56"
"Kit Carson","1","26","Colorado","5/9/20","21","5","08063","23.81"
"La Plata","0","65","Colorado","5/9/20","63","2","08067","3.17"
"Lake","0","23","Colorado","5/9/20","20","3","08065","15"
"Larimer","9","444","Colorado","5/9/20","384","60","08069","15.62"
"Las Animas","0","4","Colorado","5/9/20","3","1","08071","33.33"
"Lincoln","0","3","Colorado","5/9/20","3","0","08073","0"
"Logan","14","389","Colorado","5/9/20","288","101","08075","35.07"
"Mesa","1","51","Colorado","5/9/20","47","4","08077","8.51"
"Mineral","0","2","Colorado","5/9/20","2","0","08079","0"
"Moffat","0","6","Colorado","5/9/20","6","0","08081","0"
"Montezuma","1","23","Colorado","5/9/20","16","7","08083","43.75"
"Montrose","3","122","Colorado","5/9/20","102","20","08085","19.61"
"Morgan","13","485","Colorado","5/9/20","395","90","08087","22.78"
"Otero","0","10","Colorado","5/9/20","10","0","08089","0"
"Ouray","0","6","Colorado","5/9/20","5","1","08091","20"
"Park","0","15","Colorado","5/9/20","14","1","08093","7.14"
"Phillips","0","8","Colorado","5/9/20","5","3","08095","60"
"Pitkin","0","54","Colorado","5/9/20","51","3","08097","5.88"
"Prowers","1","8","Colorado","5/9/20","1","7","08099","700"
"Pueblo","4","176","Colorado","5/9/20","150","26","08101","17.33"
"Rio Blanco","0","1","Colorado","5/9/20","1","0","08103","0"
"Rio Grande","0","7","Colorado","5/9/20","7","0","08105","0"
"Routt","0","58","Colorado","5/9/20","56","2","08107","3.57"
"Saguache","0","5","Colorado","5/9/20","3","2","08109","66.67"
"San Juan","0","1","Colorado","5/9/20","0","1","08111","1"
"San Miguel","0","20","Colorado","5/9/20","19","1","08113","5.26"
"Summit","4","162","Colorado","5/9/20","136","26","08117","19.12"
"Teller","0","30","Colorado","5/9/20","28","2","08119","7.14"
"Washington","0","9","Colorado","5/9/20","8","1","08121","12.5"
"Weld","41","2120","Colorado","5/9/20","1836","284","08123","15.47"
"Yuma","0","10","Colorado","5/9/20","8","2","08125","25"
"Fairfield","176","13030","Connecticut","5/9/20","11801","1229","09001","10.41"
"Hartford","142","7105","Connecticut","5/9/20","6112","993","09003","16.25"
"Litchfield","15","1142","Connecticut","5/9/20","1036","106","09005","10.23"
"Middlesex","12","789","Connecticut","5/9/20","707","82","09007","11.6"
"New Haven","152","9091","Connecticut","5/9/20","8024","1067","09009","13.3"
"New London","22","775","Connecticut","5/9/20","623","152","09011","24.4"
"Tolland","11","540","Connecticut","5/9/20","461","79","09013","17.14"
"Windham","8","266","Connecticut","5/9/20","211","55","09015","26.07"
"Kent","27","985","Delaware","5/9/20","793","192","10001","24.21"
"New Castle","59","2275","Delaware","5/9/20","1864","411","10003","22.05"
"Sussex","90","2990","Delaware","5/9/20","2359","631","10005","26.75"
"","0","49","Diamond Princess","5/9/20","49","0",,"0"
"District of Columbia","186","6102","District of Columbia","5/9/20","4797","1305","11001","27.2"
"Alachua","5","308","Florida","5/9/20","275","33","12001","12"
"Baker","0","24","Florida","5/9/20","22","2","12003","9.09"
"Bay","0","76","Florida","5/9/20","75","1","12005","1.33"
"Bradford","0","48","Florida","5/9/20","48","0","12007","0"
"Brevard","4","328","Florida","5/9/20","297","31","12009","10.44"
"Broward","75","5780","Florida","5/9/20","5257","523","12011","9.95"
"Calhoun","2","27","Florida","5/9/20","14","13","12013","92.86"
"Charlotte","10","317","Florida","5/9/20","244","73","12015","29.92"
"Citrus","1","104","Florida","5/9/20","99","5","12017","5.05"
"Clay","3","299","Florida","5/9/20","278","21","12019","7.55"
"Collier","15","734","Florida","5/9/20","628","106","12021","16.88"
"Columbia","5","102","Florida","5/9/20","68","34","12023","50"
"DeSoto","2","47","Florida","5/9/20","31","16","12027","51.61"
"Dixie","1","13","Florida","5/9/20","7","6","12029","85.71"
"Duval","14","1134","Florida","5/9/20","1038","96","12031","9.25"
"Escambia","14","634","Florida","5/9/20","538","96","12033","17.84"
"Flagler","1","147","Florida","5/9/20","138","9","12035","6.52"
"Franklin","0","2","Florida","5/9/20","2","0","12037","0"
"Gadsden","3","128","Florida","5/9/20","105","23","12039","21.9"
"Gilchrist","0","6","Florida","5/9/20","5","1","12041","20"
"Glades","0","7","Florida","5/9/20","6","1","12043","16.67"
"Gulf","0","1","Florida","5/9/20","1","0","12045","0"
"Hamilton","0","8","Florida","5/9/20","7","1","12047","14.29"
"Hardee","1","36","Florida","5/9/20","29","7","12049","24.14"
"Hendry","6","136","Florida","5/9/20","96","40","12051","41.67"
"Hernando","1","98","Florida","5/9/20","92","6","12053","6.52"
"Highlands","1","96","Florida","5/9/20","86","10","12055","11.63"
"Hillsborough","23","1400","Florida","5/9/20","1240","160","12057","12.9"
"Holmes","0","10","Florida","5/9/20","10","0","12059","0"
"Indian River","1","100","Florida","5/9/20","92","8","12061","8.7"
"Jackson","8","72","Florida","5/9/20","14","58","12063","414.29"
"Jefferson","0","28","Florida","5/9/20","28","0","12065","0"
"Lafayette","0","3","Florida","5/9/20","2","1","12067","50"
"Lake","1","240","Florida","5/9/20","234","6","12069","2.56"
"Lee","23","1249","Florida","5/9/20","1085","164","12071","15.12"
"Leon","3","252","Florida","5/9/20","233","19","12073","8.15"
"Levy","0","20","Florida","5/9/20","19","1","12075","5.26"
"Liberty","27","196","Florida","5/9/20","8","188","12077","2350"
"Madison","0","61","Florida","5/9/20","58","3","12079","5.17"
"Manatee","21","756","Florida","5/9/20","607","149","12081","24.55"
"Marion","4","210","Florida","5/9/20","182","28","12083","15.38"
"Martin","7","245","Florida","5/9/20","199","46","12085","23.12"
"Miami-Dade","173","13841","Florida","5/9/20","12632","1209","12086","9.57"
"Monroe","1","89","Florida","5/9/20","80","9","12087","11.25"
"Nassau","0","60","Florida","5/9/20","58","2","12089","3.45"
"Okaloosa","1","168","Florida","5/9/20","158","10","12091","6.33"
"Okeechobee","1","23","Florida","5/9/20","13","10","12093","76.92"
"Orange","12","1505","Florida","5/9/20","1422","83","12095","5.84"
"Osceola","9","564","Florida","5/9/20","504","60","12097","11.9"
"Palm Beach","103","3798","Florida","5/9/20","3080","718","12099","23.31"
"Pasco","3","293","Florida","5/9/20","275","18","12101","6.55"
"Pinellas","13","848","Florida","5/9/20","757","91","12103","12.02"
"Polk","16","623","Florida","5/9/20","514","109","12105","21.21"
"Putnam","1","125","Florida","5/9/20","117","8","12107","6.84"
"Santa Rosa","2","172","Florida","5/9/20","157","15","12113","9.55"
"Sarasota","7","418","Florida","5/9/20","372","46","12115","12.37"
"Seminole","2","411","Florida","5/9/20","395","16","12117","4.05"
"St. Johns","1","222","Florida","5/9/20","212","10","12109","4.72"
"St. Lucie","4","280","Florida","5/9/20","254","26","12111","10.24"
"Sumter","3","240","Florida","5/9/20","221","19","12119","8.6"
"Suwannee","1","145","Florida","5/9/20","141","4","12121","2.84"
"Taylor","0","3","Florida","5/9/20","3","0","12123","0"
"Union","0","6","Florida","5/9/20","5","1","12125","20"
"Volusia","4","540","Florida","5/9/20","509","31","12127","6.09"
"Wakulla","1","29","Florida","5/9/20","23","6","12129","26.09"
"Walton","2","55","Florida","5/9/20","43","12","12131","27.91"
"Washington","0","12","Florida","5/9/20","12","0","12133","0"
"Appling","3","92","Georgia","5/9/20","72","20","13001","27.78"
"Atkinson","1","20","Georgia","5/9/20","11","9","13003","81.82"
"Bacon","2","41","Georgia","5/9/20","26","15","13005","57.69"
"Baker","1","31","Georgia","5/9/20","23","8","13007","34.78"
"Baldwin","6","270","Georgia","5/9/20","229","41","13009","17.9"
"Banks","1","36","Georgia","5/9/20","31","5","13011","16.13"
"Barrow","6","194","Georgia","5/9/20","155","39","13013","25.16"
"Bartow","5","361","Georgia","5/9/20","324","37","13015","11.42"
"Ben Hill","2","39","Georgia","5/9/20","28","11","13017","39.29"
"Berrien","0","19","Georgia","5/9/20","17","2","13019","11.76"
"Bibb","7","365","Georgia","5/9/20","319","46","13021","14.42"
"Bleckley","1","28","Georgia","5/9/20","20","8","13023","40"
"Brantley","0","24","Georgia","5/9/20","23","1","13025","4.35"
"Brooks","1","64","Georgia","5/9/20","59","5","13027","8.47"
"Bryan","1","59","Georgia","5/9/20","54","5","13029","9.26"
"Bulloch","0","42","Georgia","5/9/20","42","0","13031","0"
"Burke","2","103","Georgia","5/9/20","86","17","13033","19.77"
"Butts","3","172","Georgia","5/9/20","151","21","13035","13.91"
"Calhoun","2","116","Georgia","5/9/20","103","13","13037","12.62"
"Camden","0","36","Georgia","5/9/20","34","2","13039","5.88"
"Candler","0","8","Georgia","5/9/20","7","1","13043","14.29"
"Carroll","1","393","Georgia","5/9/20","383","10","13045","2.61"
"Catoosa","0","53","Georgia","5/9/20","51","2","13047","3.92"
"Charlton","1","17","Georgia","5/9/20","11","6","13049","54.55"
"Chatham","10","299","Georgia","5/9/20","230","69","13051","30"
"Chattahoochee","0","12","Georgia","5/9/20","12","0","13053","0"
"Chattooga","0","16","Georgia","5/9/20","16","0","13055","0"
"Cherokee","16","593","Georgia","5/9/20","482","111","13057","23.03"
"Clarke","4","182","Georgia","5/9/20","156","26","13059","16.67"
"Clay","0","27","Georgia","5/9/20","25","2","13061","8"
"Clayton","18","901","Georgia","5/9/20","777","124","13063","15.96"
"Clinch","1","17","Georgia","5/9/20","9","8","13065","88.89"
"Cobb","54","2128","Georgia","5/9/20","1749","379","13067","21.67"
"Coffee","4","175","Georgia","5/9/20","144","31","13069","21.53"
"Colquitt","3","207","Georgia","5/9/20","188","19","13071","10.11"
"Columbia","2","179","Georgia","5/9/20","163","16","13073","9.82"
"Cook","1","31","Georgia","5/9/20","25","6","13075","24"
"Coweta","7","265","Georgia","5/9/20","213","52","13077","24.41"
"Crawford","0","19","Georgia","5/9/20","18","1","13079","5.56"
"Crisp","2","182","Georgia","5/9/20","167","15","13081","8.98"
"Dade","0","16","Georgia","5/9/20","16","0","13083","0"
"Dawson","1","75","Georgia","5/9/20","66","9","13085","13.64"
"Decatur","3","109","Georgia","5/9/20","90","19","13087","21.11"
"DeKalb","49","2489","Georgia","5/9/20","2148","341","13089","15.88"
"Dodge","0","32","Georgia","5/9/20","29","3","13091","10.34"
"Dooly","1","141","Georgia","5/9/20","131","10","13093","7.63"
"Dougherty","8","1587","Georgia","5/9/20","1534","53","13095","3.46"
"Douglas","9","400","Georgia","5/9/20","335","65","13097","19.4"
"Early","2","226","Georgia","5/9/20","214","12","13099","5.61"
"Echols","0","6","Georgia","5/9/20","5","1","13101","20"
"Effingham","0","37","Georgia","5/9/20","36","1","13103","2.78"
"Elbert","2","39","Georgia","5/9/20","27","12","13105","44.44"
"Emanuel","0","23","Georgia","5/9/20","21","2","13107","9.52"
"Evans","0","5","Georgia","5/9/20","5","0","13109","0"
"Fannin","0","34","Georgia","5/9/20","31","3","13111","9.68"
"Fayette","2","195","Georgia","5/9/20","181","14","13113","7.73"
"Floyd","2","157","Georgia","5/9/20","145","12","13115","8.28"
"Forsyth","5","366","Georgia","5/9/20","331","35","13117","10.57"
"Franklin","1","26","Georgia","5/9/20","20","6","13119","30"
"Fulton","65","3385","Georgia","5/9/20","2928","457","13121","15.61"
"Gilmer","3","95","Georgia","5/9/20","73","22","13123","30.14"
"Glascock","0","1","Georgia","5/9/20","0","1","13125","1"
"Glynn","2","72","Georgia","5/9/20","59","13","13127","22.03"
"Gordon","1","121","Georgia","5/9/20","113","8","13129","7.08"
"Grady","3","83","Georgia","5/9/20","64","19","13131","29.69"
"Greene","0","57","Georgia","5/9/20","56","1","13133","1.79"
"Gwinnett","67","2403","Georgia","5/9/20","1934","469","13135","24.25"
"Habersham","6","386","Georgia","5/9/20","344","42","13137","12.21"
"Hall","44","2002","Georgia","5/9/20","1694","308","13139","18.18"
"Hancock","10","127","Georgia","5/9/20","58","69","13141","118.97"
"Haralson","0","32","Georgia","5/9/20","29","3","13143","10.34"
"Harris","1","65","Georgia","5/9/20","61","4","13145","6.56"
"Hart","1","16","Georgia","5/9/20","11","5","13147","45.45"
"Heard","0","14","Georgia","5/9/20","11","3","13149","27.27"
"Henry","12","593","Georgia","5/9/20","512","81","13151","15.82"
"Houston","7","283","Georgia","5/9/20","237","46","13153","19.41"
"Irwin","1","21","Georgia","5/9/20","16","5","13155","31.25"
"Jackson","2","123","Georgia","5/9/20","108","15","13157","13.89"
"Jasper","0","25","Georgia","5/9/20","23","2","13159","8.7"
"Jeff Davis","1","24","Georgia","5/9/20","20","4","13161","20"
"Jefferson","0","17","Georgia","5/9/20","15","2","13163","13.33"
"Jenkins","0","17","Georgia","5/9/20","16","1","13165","6.25"
"Johnson","1","66","Georgia","5/9/20","59","7","13167","11.86"
"Jones","0","30","Georgia","5/9/20","29","1","13169","3.45"
"Lamar","0","39","Georgia","5/9/20","40","-1","13171","-2.5"
"Lanier","0","10","Georgia","5/9/20","9","1","13173","11.11"
"Laurens","2","80","Georgia","5/9/20","64","16","13175","25"
"Lee","2","339","Georgia","5/9/20","327","12","13177","3.67"
"Liberty","1","43","Georgia","5/9/20","37","6","13179","16.22"
"Lincoln","0","12","Georgia","5/9/20","12","0","13181","0"
"Long","0","5","Georgia","5/9/20","5","0","13183","0"
"Lowndes","4","184","Georgia","5/9/20","158","26","13185","16.46"
"Lumpkin","2","76","Georgia","5/9/20","63","13","13187","20.63"
"Macon","0","82","Georgia","5/9/20","81","1","13193","1.23"
"Madison","1","29","Georgia","5/9/20","24","5","13195","20.83"
"Marion","0","39","Georgia","5/9/20","42","-3","13197","-7.14"
"McDuffie","1","50","Georgia","5/9/20","45","5","13189","11.11"
"McIntosh","0","7","Georgia","5/9/20","6","1","13191","16.67"
"Meriwether","2","65","Georgia","5/9/20","54","11","13199","20.37"
"Miller","0","32","Georgia","5/9/20","33","-1","13201","-3.03"
"Mitchell","4","350","Georgia","5/9/20","319","31","13205","9.72"
"Monroe","1","34","Georgia","5/9/20","24","10","13207","41.67"
"Montgomery","0","4","Georgia","5/9/20","2","2","13209","100"
"Morgan","1","32","Georgia","5/9/20","27","5","13211","18.52"
"Murray","2","46","Georgia","5/9/20","33","13","13213","39.39"
"Muscogee","6","364","Georgia","5/9/20","320","44","13215","13.75"
"Newton","7","252","Georgia","5/9/20","205","47","13217","22.93"
"Oconee","0","66","Georgia","5/9/20","65","1","13219","1.54"
"Oglethorpe","1","56","Georgia","5/9/20","50","6","13221","12"
"Out of GA","7","1108","Georgia","5/9/20","1062","46","80013","4.33"
"Paulding","4","222","Georgia","5/9/20","194","28","13223","14.43"
"Peach","1","62","Georgia","5/9/20","56","6","13225","10.71"
"Pickens","1","33","Georgia","5/9/20","27","6","13227","22.22"
"Pierce","2","65","Georgia","5/9/20","53","12","13229","22.64"
"Pike","0","41","Georgia","5/9/20","40","1","13231","2.5"
"Polk","1","65","Georgia","5/9/20","59","6","13233","10.17"
"Pulaski","0","34","Georgia","5/9/20","31","3","13235","9.68"
"Putnam","2","55","Georgia","5/9/20","42","13","13237","30.95"
"Quitman","0","6","Georgia","5/9/20","5","1","13239","20"
"Rabun","0","14","Georgia","5/9/20","13","1","13241","7.69"
"Randolph","1","168","Georgia","5/9/20","163","5","13243","3.07"
"Richmond","4","444","Georgia","5/9/20","415","29","13245","6.99"
"Rockdale","5","230","Georgia","5/9/20","194","36","13247","18.56"
"Schley","0","15","Georgia","5/9/20","16","-1","13249","-6.25"
"Screven","0","17","Georgia","5/9/20","15","2","13251","13.33"
"Seminole","1","34","Georgia","5/9/20","30","4","13253","13.33"
"Spalding","2","232","Georgia","5/9/20","215","17","13255","7.91"
"Stephens","1","91","Georgia","5/9/20","87","4","13257","4.6"
"Stewart","1","31","Georgia","5/9/20","25","6","13259","24"
"Sumter","2","399","Georgia","5/9/20","385","14","13261","3.64"
"Talbot","0","27","Georgia","5/9/20","26","1","13263","3.85"
"Taliaferro","0","1","Georgia","5/9/20","0","1","13265","1"
"Tattnall","0","9","Georgia","5/9/20","9","0","13267","0"
"Taylor","0","18","Georgia","5/9/20","18","0","13269","0"
"Telfair","0","28","Georgia","5/9/20","28","0","13271","0"
"Terrell","2","198","Georgia","5/9/20","185","13","13273","7.03"
"Thomas","7","242","Georgia","5/9/20","191","51","13275","26.7"
"Tift","4","152","Georgia","5/9/20","126","26","13277","20.63"
"Toombs","1","40","Georgia","5/9/20","32","8","13279","25"
"Towns","0","20","Georgia","5/9/20","20","0","13281","0"
"Treutlen","0","5","Georgia","5/9/20","3","2","13283","66.67"
"Troup","4","185","Georgia","5/9/20","154","31","13285","20.13"
"Turner","1","78","Georgia","5/9/20","69","9","13287","13.04"
"Twiggs","0","8","Georgia","5/9/20","8","0","13289","0"
"Union","0","34","Georgia","5/9/20","31","3","13291","9.68"
"Upson","3","249","Georgia","5/9/20","225","24","13293","10.67"
"Walker","1","64","Georgia","5/9/20","60","4","13295","6.67"
"Walton","3","151","Georgia","5/9/20","132","19","13297","14.39"
"Ware","4","155","Georgia","5/9/20","129","26","13299","20.16"
"Warren","0","14","Georgia","5/9/20","13","1","13301","7.69"
"Washington","1","53","Georgia","5/9/20","44","9","13303","20.45"
"Wayne","0","13","Georgia","5/9/20","13","0","13305","0"
"Webster","0","10","Georgia","5/9/20","10","0","13307","0"
"Wheeler","0","5","Georgia","5/9/20","5","0","13309","0"
"White","1","88","Georgia","5/9/20","78","10","13311","12.82"
"Whitfield","4","149","Georgia","5/9/20","118","31","13313","26.27"
"Wilcox","1","95","Georgia","5/9/20","90","5","13315","5.56"
"Wilkes","0","27","Georgia","5/9/20","25","2","13317","8"
"Wilkinson","1","39","Georgia","5/9/20","35","4","13319","11.43"
"Worth","3","182","Georgia","5/9/20","162","20","13321","12.35"
"","0","103","Grand Princess","5/9/20","103","0",,"0"
"","1","151","Guam","5/9/20","145","6",,"4.14"
"Hawaii","0","75","Hawaii","5/9/20","73","2","15001","2.74"
"Honolulu","1","407","Hawaii","5/9/20","400","7","15003","1.75"
"Kauai","0","21","Hawaii","5/9/20","21","0","15007","0"
"Maui","0","117","Hawaii","5/9/20","117","0","15009","0"
"Out of HI","0","11","Hawaii","5/9/20","9","2","80015","22.22"
"Ada","4","731","Idaho","5/9/20","705","26","16001","3.69"
"Adams","0","3","Idaho","5/9/20","3","0","16003","0"
"Bannock","0","12","Idaho","5/9/20","11","1","16005","9.09"
"Bingham","0","4","Idaho","5/9/20","4","0","16011","0"
"Blaine","0","499","Idaho","5/9/20","497","2","16013","0.4"
"Bonner","0","4","Idaho","5/9/20","4","0","16017","0"
"Bonneville","0","30","Idaho","5/9/20","28","2","16019","7.14"
"Camas","0","1","Idaho","5/9/20","1","0","16025","0"
"Canyon","2","272","Idaho","5/9/20","258","14","16027","5.43"
"Caribou","0","1","Idaho","5/9/20","1","0","16029","0"
"Cassia","0","14","Idaho","5/9/20","13","1","16031","7.69"
"Custer","0","2","Idaho","5/9/20","2","0","16037","0"
"Elmore","0","31","Idaho","5/9/20","30","1","16039","3.33"
"Fremont","0","3","Idaho","5/9/20","2","1","16043","50"
"Gem","0","16","Idaho","5/9/20","13","3","16045","23.08"
"Gooding","1","16","Idaho","5/9/20","12","4","16047","33.33"
"Idaho","0","3","Idaho","5/9/20","3","0","16049","0"
"Jefferson","0","5","Idaho","5/9/20","5","0","16051","0"
"Jerome","2","67","Idaho","5/9/20","55","12","16053","21.82"
"Kootenai","0","63","Idaho","5/9/20","62","1","16055","1.61"
"Latah","0","5","Idaho","5/9/20","5","0","16057","0"
"Lemhi","0","1","Idaho","5/9/20","1","0","16059","0"
"Lincoln","0","29","Idaho","5/9/20","29","0","16063","0"
"Madison","1","16","Idaho","5/9/20","12","4","16065","33.33"
"Minidoka","0","11","Idaho","5/9/20","11","0","16067","0"
"Nez Perce","3","78","Idaho","5/9/20","60","18","16069","30"
"Owyhee","0","8","Idaho","5/9/20","8","0","16073","0"
"Payette","0","17","Idaho","5/9/20","16","1","16075","6.25"
"Power","0","2","Idaho","5/9/20","2","0","16077","0"
"Teton","0","10","Idaho","5/9/20","9","1","16081","11.11"
"Twin Falls","7","248","Idaho","5/9/20","196","52","16083","26.53"
"Valley","0","2","Idaho","5/9/20","2","0","16085","0"
"Washington","0","1","Idaho","5/9/20","1","0","16087","0"
"Adams","0","41","Illinois","5/9/20","40","1","17001","2.5"
"Alexander","0","6","Illinois","5/9/20","4","2","17003","50"
"Bond","0","8","Illinois","5/9/20","6","2","17005","33.33"
"Boone","8","185","Illinois","5/9/20","129","56","17007","43.41"
"Brown","1","8","Illinois","5/9/20","1","7","17009","700"
"Bureau","0","12","Illinois","5/9/20","11","1","17011","9.09"
"Calhoun","0","1","Illinois","5/9/20","1","0","17013","0"
"Carroll","0","10","Illinois","5/9/20","9","1","17015","11.11"
"Cass","2","56","Illinois","5/9/20","40","16","17017","40"
"Champaign","14","256","Illinois","5/9/20","156","100","17019","64.1"
"Christian","0","29","Illinois","5/9/20","28","1","17021","3.57"
"Clark","0","7","Illinois","5/9/20","6","1","17023","16.67"
"Clay","0","2","Illinois","5/9/20","2","0","17025","0"
"Clinton","2","126","Illinois","5/9/20","110","16","17027","14.55"
"Coles","0","23","Illinois","5/9/20","22","1","17029","4.55"
"Cook","1635","51674","Illinois","5/9/20","40227","11447","17031","28.46"
"Crawford","0","10","Illinois","5/9/20","10","0","17033","0"
"Cumberland","0","4","Illinois","5/9/20","3","1","17035","33.33"
"De Witt","0","3","Illinois","5/9/20","3","0","17039","0"
"DeKalb","8","170","Illinois","5/9/20","114","56","17037","49.12"
"Douglas","0","20","Illinois","5/9/20","19","1","17041","5.26"
"DuPage","152","4493","Illinois","5/9/20","3432","1061","17043","30.91"
"Effingham","0","6","Illinois","5/9/20","6","0","17049","0"
"Fayette","0","17","Illinois","5/9/20","16","1","17051","6.25"
"Ford","1","13","Illinois","5/9/20","9","4","17053","44.44"
"Franklin","0","10","Illinois","5/9/20","9","1","17055","11.11"
"Fulton","0","3","Illinois","5/9/20","3","0","17057","0"
"Gallatin","0","2","Illinois","5/9/20","2","0","17059","0"
"Greene","0","4","Illinois","5/9/20","3","1","17061","33.33"
"Grundy","2","58","Illinois","5/9/20","41","17","17063","41.46"
"Hamilton","0","2","Illinois","5/9/20","2","0","17065","0"
"Hancock","0","11","Illinois","5/9/20","8","3","17067","37.5"
"Hardin","0","1","Illinois","5/9/20","1","0","17069","0"
"Henderson","0","6","Illinois","5/9/20","5","1","17071","20"
"Henry","1","58","Illinois","5/9/20","50","8","17073","16"
"Iroquois","7","89","Illinois","5/9/20","37","52","17075","140.54"
"Jackson","5","162","Illinois","5/9/20","125","37","17077","29.6"
"Jasper","0","46","Illinois","5/9/20","45","1","17079","2.22"
"Jefferson","1","94","Illinois","5/9/20","84","10","17081","11.9"
"Jersey","0","16","Illinois","5/9/20","13","3","17083","23.08"
"Jo Daviess","1","18","Illinois","5/9/20","13","5","17085","38.46"
"Johnson","0","4","Illinois","5/9/20","4","0","17087","0"
"Kane","145","2818","Illinois","5/9/20","1803","1015","17089","56.3"
"Kankakee","17","479","Illinois","5/9/20","358","121","17091","33.8"
"Kendall","14","388","Illinois","5/9/20","291","97","17093","33.33"
"Knox","3","71","Illinois","5/9/20","51","20","17095","39.22"
"Lake","175","5199","Illinois","5/9/20","3975","1224","17097","30.79"
"LaSalle","5","102","Illinois","5/9/20","65","37","17099","56.92"
"Lawrence","0","4","Illinois","5/9/20","3","1","17101","33.33"
"Lee","6","63","Illinois","5/9/20","23","40","17103","173.91"
"Livingston","0","24","Illinois","5/9/20","21","3","17105","14.29"
"Logan","0","9","Illinois","5/9/20","7","2","17107","28.57"
"Macon","3","140","Illinois","5/9/20","119","21","17115","17.65"
"Macoupin","1","38","Illinois","5/9/20","32","6","17117","18.75"
"Madison","11","414","Illinois","5/9/20","337","77","17119","22.85"
"Marion","1","43","Illinois","5/9/20","34","9","17121","26.47"
"Marshall","0","4","Illinois","5/9/20","4","0","17123","0"
"Mason","0","15","Illinois","5/9/20","12","3","17125","25"
"Massac","0","6","Illinois","5/9/20","4","2","17127","50"
"McDonough","3","49","Illinois","5/9/20","26","23","17109","88.46"
"McHenry","35","936","Illinois","5/9/20","693","243","17111","35.06"
"McLean","2","115","Illinois","5/9/20","99","16","17113","16.16"
"Menard","1","17","Illinois","5/9/20","12","5","17129","41.67"
"Mercer","0","11","Illinois","5/9/20","8","3","17131","37.5"
"Monroe","1","79","Illinois","5/9/20","71","8","17133","11.27"
"Montgomery","1","34","Illinois","5/9/20","27","7","17135","25.93"
"Morgan","1","30","Illinois","5/9/20","24","6","17137","25"
"Moultrie","0","6","Illinois","5/9/20","5","1","17139","20"
"Ogle","4","148","Illinois","5/9/20","122","26","17141","21.31"
"Out of IL","11","77","Illinois","5/9/20","0","77","80017","1"
"Peoria","5","136","Illinois","5/9/20","101","35","17143","34.65"
"Perry","1","36","Illinois","5/9/20","31","5","17145","16.13"
"Piatt","0","7","Illinois","5/9/20","7","0","17147","0"
"Pike","0","1","Illinois","5/9/20","1","0","17149","0"
"Pope","0","1","Illinois","5/9/20","0","1","17151","1"
"Pulaski","1","27","Illinois","5/9/20","20","7","17153","35"
"Randolph","7","217","Illinois","5/9/20","166","51","17157","30.72"
"Richland","0","3","Illinois","5/9/20","3","0","17159","0"
"Rock Island","14","507","Illinois","5/9/20","412","95","17161","23.06"
"Saline","0","5","Illinois","5/9/20","3","2","17165","66.67"
"Sangamon","7","256","Illinois","5/9/20","207","49","17167","23.67"
"Schuyler","1","7","Illinois","5/9/20","1","6","17169","600"
"Shelby","0","10","Illinois","5/9/20","10","0","17173","0"
"St. Clair","26","689","Illinois","5/9/20","507","182","17163","35.9"
"Stark","0","1","Illinois","5/9/20","1","0","17175","0"
"Stephenson","5","88","Illinois","5/9/20","53","35","17177","66.04"
"Tazewell","2","59","Illinois","5/9/20","43","16","17179","37.21"
"Union","6","62","Illinois","5/9/20","21","41","17181","195.24"
"Vermilion","1","25","Illinois","5/9/20","18","7","17183","38.89"
"Wabash","0","1","Illinois","5/9/20","1","0","17185","0"
"Warren","3","97","Illinois","5/9/20","75","22","17187","29.33"
"Washington","0","15","Illinois","5/9/20","13","2","17189","15.38"
"Wayne","0","3","Illinois","5/9/20","2","1","17191","50"
"White","0","2","Illinois","5/9/20","2","0","17193","0"
"Whiteside","1","102","Illinois","5/9/20","92","10","17195","10.87"
"Will","120","3636","Illinois","5/9/20","2796","840","17197","30.04"
"Williamson","2","44","Illinois","5/9/20","32","12","17199","37.5"
"Winnebago","51","877","Illinois","5/9/20","521","356","17201","68.33"
"Woodford","0","15","Illinois","5/9/20","13","2","17203","15.38"
"Adams","0","8","Indiana","5/9/20","8","0","18001","0"
"Allen","29","800","Indiana","5/9/20","600","200","18003","33.33"
"Bartholomew","11","342","Indiana","5/9/20","266","76","18005","28.57"
"Benton","0","12","Indiana","5/9/20","9","3","18007","33.33"
"Blackford","1","13","Indiana","5/9/20","9","4","18009","44.44"
"Boone","3","219","Indiana","5/9/20","198","21","18011","10.61"
"Brown","1","25","Indiana","5/9/20","17","8","18013","47.06"
"Carroll","7","71","Indiana","5/9/20","25","46","18015","184"
"Cass","40","1507","Indiana","5/9/20","1224","283","18017","23.12"
"Clark","6","374","Indiana","5/9/20","329","45","18019","13.68"
"Clay","0","24","Indiana","5/9/20","22","2","18021","9.09"
"Clinton","5","85","Indiana","5/9/20","47","38","18023","80.85"
"Crawford","0","20","Indiana","5/9/20","18","2","18025","11.11"
"Daviess","1","54","Indiana","5/9/20","50","4","18027","8"
"Dearborn","4","148","Indiana","5/9/20","119","29","18029","24.37"
"Decatur","2","212","Indiana","5/9/20","201","11","18031","5.47"
"DeKalb","0","23","Indiana","5/9/20","21","2","18033","9.52"
"Delaware","3","219","Indiana","5/9/20","198","21","18035","10.61"
"Dubois","3","42","Indiana","5/9/20","24","18","18037","75"
"Elkhart","20","436","Indiana","5/9/20","295","141","18039","47.8"
"Fayette","1","36","Indiana","5/9/20","28","8","18041","28.57"
"Floyd","4","230","Indiana","5/9/20","200","30","18043","15"
"Fountain","0","15","Indiana","5/9/20","12","3","18045","25"
"Franklin","1","104","Indiana","5/9/20","97","7","18047","7.22"
"Fulton","1","36","Indiana","5/9/20","31","5","18049","16.13"
"Gibson","0","7","Indiana","5/9/20","7","0","18051","0"
"Grant","1","153","Indiana","5/9/20","143","10","18053","6.99"
"Greene","7","147","Indiana","5/9/20","95","52","18055","54.74"
"Hamilton","16","920","Indiana","5/9/20","810","110","18057","13.58"
"Hancock","5","264","Indiana","5/9/20","229","35","18059","15.28"
"Harrison","3","156","Indiana","5/9/20","135","21","18061","15.56"
"Hendricks","29","951","Indiana","5/9/20","745","206","18063","27.65"
"Henry","4","72","Indiana","5/9/20","43","29","18065","67.44"
"Howard","8","242","Indiana","5/9/20","185","57","18067","30.81"
"Huntington","0","13","Indiana","5/9/20","10","3","18069","30"
"Jackson","16","274","Indiana","5/9/20","163","111","18071","68.1"
"Jasper","1","37","Indiana","5/9/20","33","4","18073","12.12"
"Jay","1","21","Indiana","5/9/20","16","5","18075","31.25"
"Jefferson","1","34","Indiana","5/9/20","30","4","18077","13.33"
"Jennings","2","95","Indiana","5/9/20","81","14","18079","17.28"
"Johnson","17","790","Indiana","5/9/20","668","122","18081","18.26"
"Knox","0","20","Indiana","5/9/20","20","0","18083","0"
"Kosciusko","0","39","Indiana","5/9/20","36","3","18085","8.33"
"LaGrange","1","37","Indiana","5/9/20","27","10","18087","37.04"
"Lake","57","2392","Indiana","5/9/20","1993","399","18089","20.02"
"LaPorte","13","321","Indiana","5/9/20","229","92","18091","40.17"
"Lawrence","2","116","Indiana","5/9/20","105","11","18093","10.48"
"Madison","9","497","Indiana","5/9/20","434","63","18095","14.52"
"Marion","180","7245","Indiana","5/9/20","5983","1262","18097","21.09"
"Marshall","0","32","Indiana","5/9/20","30","2","18099","6.67"
"Martin","0","7","Indiana","5/9/20","7","0","18101","0"
"Miami","2","123","Indiana","5/9/20","109","14","18103","12.84"
"Monroe","2","142","Indiana","5/9/20","130","12","18105","9.23"
"Montgomery","4","125","Indiana","5/9/20","96","29","18107","30.21"
"Morgan","5","194","Indiana","5/9/20","160","34","18109","21.25"
"Newton","0","64","Indiana","5/9/20","61","3","18111","4.92"
"Noble","6","128","Indiana","5/9/20","84","44","18113","52.38"
"Ohio","1","9","Indiana","5/9/20","4","5","18115","125"
"Orange","1","113","Indiana","5/9/20","104","9","18117","8.65"
"Owen","1","28","Indiana","5/9/20","24","4","18119","16.67"
"Parke","1","16","Indiana","5/9/20","12","4","18121","33.33"
"Perry","1","16","Indiana","5/9/20","11","5","18123","45.45"
"Pike","0","2","Indiana","5/9/20","2","0","18125","0"
"Porter","8","308","Indiana","5/9/20","250","58","18127","23.2"
"Posey","0","15","Indiana","5/9/20","12","3","18129","25"
"Pulaski","1","34","Indiana","5/9/20","26","8","18131","30.77"
"Putnam","2","85","Indiana","5/9/20","71","14","18133","19.72"
"Randolph","1","21","Indiana","5/9/20","15","6","18135","40"
"Ripley","1","98","Indiana","5/9/20","94","4","18137","4.26"
"Rush","1","37","Indiana","5/9/20","33","4","18139","12.12"
"Scott","4","79","Indiana","5/9/20","51","28","18143","54.9"
"Shelby","5","255","Indiana","5/9/20","218","37","18145","16.97"
"Spencer","0","7","Indiana","5/9/20","5","2","18147","40"
"St. Joseph","20","785","Indiana","5/9/20","645","140","18141","21.71"
"Starke","1","21","Indiana","5/9/20","16","5","18149","31.25"
"Steuben","5","62","Indiana","5/9/20","26","36","18151","138.46"
"Sullivan","1","20","Indiana","5/9/20","16","4","18153","25"
"Switzerland","0","14","Indiana","5/9/20","15","-1","18155","-6.67"
"Tippecanoe","15","225","Indiana","5/9/20","120","105","18157","87.5"
"Tipton","0","21","Indiana","5/9/20","20","1","18159","5"
"Union","0","8","Indiana","5/9/20","7","1","18161","14.29"
"Vanderburgh","5","182","Indiana","5/9/20","147","35","18163","23.81"
"Vermillion","0","7","Indiana","5/9/20","7","0","18165","0"
"Vigo","1","77","Indiana","5/9/20","67","10","18167","14.93"
"Wabash","1","64","Indiana","5/9/20","55","9","18169","16.36"
"Warren","0","12","Indiana","5/9/20","11","1","18171","9.09"
"Warrick","3","121","Indiana","5/9/20","101","20","18173","19.8"
"Washington","1","48","Indiana","5/9/20","44","4","18175","9.09"
"Wayne","2","52","Indiana","5/9/20","37","15","18177","40.54"
"Wells","1","10","Indiana","5/9/20","6","4","18179","66.67"
"White","13","145","Indiana","5/9/20","57","88","18181","154.39"
"Whitley","0","22","Indiana","5/9/20","21","1","18183","4.76"
"Adair","0","3","Iowa","5/9/20","1","2","19001","200"
"Allamakee","1","101","Iowa","5/9/20","93","8","19005","8.6"
"Appanoose","0","6","Iowa","5/9/20","3","3","19007","100"
"Audubon","1","9","Iowa","5/9/20","2","7","19009","350"
"Benton","0","34","Iowa","5/9/20","32","2","19011","6.25"
"Black Hawk","32","1477","Iowa","5/9/20","1255","222","19013","17.69"
"Boone","2","34","Iowa","5/9/20","23","11","19015","47.83"
"Bremer","1","58","Iowa","5/9/20","52","6","19017","11.54"
"Buchanan","1","23","Iowa","5/9/20","19","4","19019","21.05"
"Buena Vista","3","30","Iowa","5/9/20","6","24","19021","400"
"Butler","0","12","Iowa","5/9/20","9","3","19023","33.33"
"Calhoun","0","1","Iowa","5/9/20","1","0","19025","0"
"Carroll","0","6","Iowa","5/9/20","3","3","19027","100"
"Cass","0","1","Iowa","5/9/20","1","0","19029","0"
"Cedar","1","40","Iowa","5/9/20","31","9","19031","29.03"
"Cerro Gordo","0","15","Iowa","5/9/20","14","1","19033","7.14"
"Cherokee","0","4","Iowa","5/9/20","3","1","19035","33.33"
"Chickasaw","0","6","Iowa","5/9/20","5","1","19037","20"
"Clarke","0","5","Iowa","5/9/20","2","3","19039","150"
"Clay","1","9","Iowa","5/9/20","4","5","19041","125"
"Clayton","1","22","Iowa","5/9/20","18","4","19043","22.22"
"Clinton","1","55","Iowa","5/9/20","50","5","19045","10"
"Crawford","21","175","Iowa","5/9/20","31","144","19047","464.52"
"Dallas","21","660","Iowa","5/9/20","515","145","19049","28.16"
"Davis","1","9","Iowa","5/9/20","1","8","19051","800"
"Decatur","0","0","Iowa","5/9/20","1","-1","19053","-100"
"Delaware","0","7","Iowa","5/9/20","10","-3","19055","-30"
"Des Moines","3","37","Iowa","5/9/20","16","21","19057","131.25"
"Dickinson","0","6","Iowa","5/9/20","6","0","19059","0"
"Dubuque","9","188","Iowa","5/9/20","125","63","19061","50.4"
"Fayette","0","24","Iowa","5/9/20","22","2","19065","9.09"
"Floyd","0","3","Iowa","5/9/20","1","2","19067","200"
"Franklin","0","6","Iowa","5/9/20","3","3","19069","100"
"Fremont","0","1","Iowa","5/9/20","0","1","19071","1"
"Greene","0","13","Iowa","5/9/20","10","3","19073","30"
"Grundy","0","15","Iowa","5/9/20","15","0","19075","0"
"Guthrie","2","33","Iowa","5/9/20","19","14","19077","73.68"
"Hamilton","0","9","Iowa","5/9/20","7","2","19079","28.57"
"Hancock","0","3","Iowa","5/9/20","3","0","19081","0"
"Hardin","0","12","Iowa","5/9/20","9","3","19083","33.33"
"Harrison","0","17","Iowa","5/9/20","16","1","19085","6.25"
"Henry","2","43","Iowa","5/9/20","32","11","19087","34.38"
"Howard","0","12","Iowa","5/9/20","10","2","19089","20"
"Humboldt","0","6","Iowa","5/9/20","4","2","19091","50"
"Iowa","1","27","Iowa","5/9/20","20","7","19095","35"
"Jackson","0","7","Iowa","5/9/20","5","2","19097","40"
"Jasper","9","238","Iowa","5/9/20","175","63","19099","36"
"Jefferson","0","6","Iowa","5/9/20","6","0","19101","0"
"Johnson","9","549","Iowa","5/9/20","487","62","19103","12.73"
"Jones","1","31","Iowa","5/9/20","24","7","19105","29.17"
"Keokuk","1","7","Iowa","5/9/20","3","4","19107","133.33"
"Kossuth","0","2","Iowa","5/9/20","2","0","19109","0"
"Lee","1","18","Iowa","5/9/20","12","6","19111","50"
"Linn","16","819","Iowa","5/9/20","705","114","19113","16.17"
"Louisa","1","282","Iowa","5/9/20","277","5","19115","1.81"
"Lyon","0","16","Iowa","5/9/20","13","3","19119","23.08"
"Madison","0","11","Iowa","5/9/20","8","3","19121","37.5"
"Mahaska","1","20","Iowa","5/9/20","16","4","19123","25"
"Marion","0","13","Iowa","5/9/20","12","1","19125","8.33"
"Marshall","22","702","Iowa","5/9/20","545","157","19127","28.81"
"Mills","1","8","Iowa","5/9/20","3","5","19129","166.67"
"Mitchell","0","3","Iowa","5/9/20","3","0","19131","0"
"Monona","0","12","Iowa","5/9/20","10","2","19133","20"
"Monroe","1","4","Iowa","5/9/20","0","4","19135","1"
"Montgomery","0","4","Iowa","5/9/20","1","3","19137","300"
"Muscatine","16","471","Iowa","5/9/20","360","111","19139","30.83"
"O'Brien","1","15","Iowa","5/9/20","10","5","19141","50"
"Osceola","1","19","Iowa","5/9/20","10","9","19143","90"
"Page","0","9","Iowa","5/9/20","8","1","19145","12.5"
"Palo Alto","0","1","Iowa","5/9/20","0","1","19147","1"
"Plymouth","5","51","Iowa","5/9/20","17","34","19149","200"
"Pocahontas","0","3","Iowa","5/9/20","3","0","19151","0"
"Polk","121","2194","Iowa","5/9/20","1350","844","19153","62.52"
"Pottawattamie","6","82","Iowa","5/9/20","41","41","19155","100"
"Poweshiek","3","79","Iowa","5/9/20","61","18","19157","29.51"
"Sac","0","2","Iowa","5/9/20","1","1","19161","100"
"Scott","6","279","Iowa","5/9/20","236","43","19163","18.22"
"Shelby","1","18","Iowa","5/9/20","9","9","19165","100"
"Sioux","4","42","Iowa","5/9/20","11","31","19167","281.82"
"Story","3","55","Iowa","5/9/20","32","23","19169","71.88"
"Tama","7","327","Iowa","5/9/20","278","49","19171","17.63"
"Taylor","0","1","Iowa","5/9/20","1","0","19173","0"
"Union","0","1","Iowa","5/9/20","1","0","19175","0"
"Van Buren","0","8","Iowa","5/9/20","8","0","19177","0"
"Wapello","26","212","Iowa","5/9/20","27","185","19179","685.19"
"Warren","2","42","Iowa","5/9/20","25","17","19181","68"
"Washington","2","156","Iowa","5/9/20","145","11","19183","7.59"
"Wayne","0","1","Iowa","5/9/20","1","0","19185","0"
"Webster","0","9","Iowa","5/9/20","6","3","19187","50"
"Winnebago","0","3","Iowa","5/9/20","2","1","19189","50"
"Winneshiek","0","18","Iowa","5/9/20","17","1","19191","5.88"
"Woodbury","69","1554","Iowa","5/9/20","1074","480","19193","44.69"
"Worth","0","1","Iowa","5/9/20","1","0","19195","0"
"Wright","0","6","Iowa","5/9/20","3","3","19197","100"
"Atchison","0","12","Kansas","5/9/20","10","2","20005","20"
"Barber","0","1","Kansas","5/9/20","1","0","20007","0"
"Barton","1","19","Kansas","5/9/20","9","10","20009","111.11"
"Bourbon","0","6","Kansas","5/9/20","6","0","20011","0"
"Brown","0","1","Kansas","5/9/20","0","1","20013","1"
"Butler","0","14","Kansas","5/9/20","14","0","20015","0"
"Chase","0","3","Kansas","5/9/20","3","0","20017","0"
"Chautauqua","0","4","Kansas","5/9/20","4","0","20019","0"
"Cherokee","0","8","Kansas","5/9/20","8","0","20021","0"
"Cheyenne","0","2","Kansas","5/9/20","2","0","20023","0"
"Clark","2","17","Kansas","5/9/20","1","16","20025","1600"
"Clay","0","4","Kansas","5/9/20","4","0","20027","0"
"Cloud","0","4","Kansas","5/9/20","4","0","20029","0"
"Coffey","0","50","Kansas","5/9/20","48","2","20031","4.17"
"Cowley","0","3","Kansas","5/9/20","3","0","20035","0"
"Crawford","0","8","Kansas","5/9/20","8","0","20037","0"
"Dickinson","0","2","Kansas","5/9/20","2","0","20041","0"
"Doniphan","0","7","Kansas","5/9/20","4","3","20043","75"
"Douglas","1","56","Kansas","5/9/20","51","5","20045","9.8"
"Edwards","0","4","Kansas","5/9/20","4","0","20047","0"
"Ellis","0","8","Kansas","5/9/20","8","0","20051","0"
"Ellsworth","0","2","Kansas","5/9/20","0","2","20053","1"
"Finney","50","902","Kansas","5/9/20","550","352","20055","64"
"Ford","42","1061","Kansas","5/9/20","770","291","20057","37.79"
"Franklin","1","20","Kansas","5/9/20","16","4","20059","25"
"Geary","0","14","Kansas","5/9/20","11","3","20061","27.27"
"Gove","0","1","Kansas","5/9/20","1","0","20063","0"
"Grant","1","11","Kansas","5/9/20","5","6","20067","120"
"Gray","0","7","Kansas","5/9/20","5","2","20069","40"
"Greenwood","0","3","Kansas","5/9/20","3","0","20073","0"
"Hamilton","1","8","Kansas","5/9/20","4","4","20075","100"
"Harper","0","1","Kansas","5/9/20","1","0","20077","0"
"Harvey","0","9","Kansas","5/9/20","8","1","20079","12.5"
"Haskell","1","15","Kansas","5/9/20","7","8","20081","114.29"
"Jackson","0","3","Kansas","5/9/20","2","1","20085","50"
"Jefferson","0","12","Kansas","5/9/20","10","2","20087","20"
"Jewell","0","4","Kansas","5/9/20","4","0","20089","0"
"Johnson","14","583","Kansas","5/9/20","486","97","20091","19.96"
"Kearny","2","30","Kansas","5/9/20","19","11","20093","57.89"
"Kiowa","0","2","Kansas","5/9/20","1","1","20097","100"
"Labette","0","22","Kansas","5/9/20","22","0","20099","0"
"Leavenworth","75","908","Kansas","5/9/20","386","522","20103","135.23"
"Linn","0","6","Kansas","5/9/20","6","0","20107","0"
"Lyon","8","298","Kansas","5/9/20","245","53","20111","21.63"
"Marion","0","5","Kansas","5/9/20","5","0","20115","0"
"McPherson","0","25","Kansas","5/9/20","22","3","20113","13.64"
"Meade","2","21","Kansas","5/9/20","10","11","20119","110"
"Miami","0","6","Kansas","5/9/20","5","1","20121","20"
"Mitchell","0","3","Kansas","5/9/20","3","0","20123","0"
"Montgomery","1","21","Kansas","5/9/20","17","4","20125","23.53"
"Morris","0","3","Kansas","5/9/20","3","0","20127","0"
"Morton","0","3","Kansas","5/9/20","3","0","20129","0"
"Nemaha","0","1","Kansas","5/9/20","1","0","20131","0"
"Neosho","0","2","Kansas","5/9/20","2","0","20133","0"
"Norton","0","2","Kansas","5/9/20","1","1","20137","100"
"Osage","0","5","Kansas","5/9/20","5","0","20139","0"
"Osborne","0","2","Kansas","5/9/20","2","0","20141","0"
"Ottawa","0","4","Kansas","5/9/20","4","0","20143","0"
"Phillips","0","1","Kansas","5/9/20","1","0","20147","0"
"Pottawatomie","0","16","Kansas","5/9/20","13","3","20149","23.08"
"Pratt","0","1","Kansas","5/9/20","1","0","20151","0"
"Reno","0","41","Kansas","5/9/20","40","1","20155","2.5"
"Republic","0","4","Kansas","5/9/20","4","0","20157","0"
"Rice","0","3","Kansas","5/9/20","3","0","20159","0"
"Riley","1","57","Kansas","5/9/20","52","5","20161","9.62"
"Rooks","0","6","Kansas","5/9/20","6","0","20163","0"
"Saline","0","21","Kansas","5/9/20","21","0","20169","0"
"Scott","0","3","Kansas","5/9/20","1","2","20171","200"
"Sedgwick","6","458","Kansas","5/9/20","418","40","20173","9.57"
"Seward","20","681","Kansas","5/9/20","539","142","20175","26.35"
"Shawnee","5","160","Kansas","5/9/20","126","34","20177","26.98"
"Sheridan","0","2","Kansas","5/9/20","2","0","20179","0"
"Sherman","0","5","Kansas","5/9/20","5","0","20181","0"
"Smith","0","2","Kansas","5/9/20","2","0","20183","0"
"Stafford","0","1","Kansas","5/9/20","1","0","20185","0"
"Stanton","0","9","Kansas","5/9/20","6","3","20187","50"
"Stevens","1","17","Kansas","5/9/20","10","7","20189","70"
"Sumner","0","4","Kansas","5/9/20","3","1","20191","33.33"
"Wabaunsee","1","27","Kansas","5/9/20","23","4","20197","17.39"
"Wilson","0","1","Kansas","5/9/20","1","0","20205","0"
"Woodson","0","6","Kansas","5/9/20","6","0","20207","0"
"Wyandotte","40","1045","Kansas","5/9/20","762","283","20209","37.14"
"Adair","1","86","Kentucky","5/9/20","81","5","21001","6.17"
"Allen","2","25","Kentucky","5/9/20","14","11","21003","78.57"
"Anderson","0","9","Kentucky","5/9/20","8","1","21005","12.5"
"Ballard","0","8","Kentucky","5/9/20","10","-2","21007","-20"
"Barren","2","28","Kentucky","5/9/20","17","11","21009","64.71"
"Bath","0","5","Kentucky","5/9/20","4","1","21011","25"
"Boone","9","210","Kentucky","5/9/20","144","66","21015","45.83"
"Bourbon","0","8","Kentucky","5/9/20","8","0","21017","0"
"Boyd","0","32","Kentucky","5/9/20","31","1","21019","3.23"
"Boyle","0","17","Kentucky","5/9/20","17","0","21021","0"
"Bracken","0","10","Kentucky","5/9/20","9","1","21023","11.11"
"Breathitt","0","2","Kentucky","5/9/20","2","0","21025","0"
"Breckinridge","1","13","Kentucky","5/9/20","9","4","21027","44.44"
"Bullitt","4","82","Kentucky","5/9/20","55","27","21029","49.09"
"Butler","8","195","Kentucky","5/9/20","141","54","21031","38.3"
"Caldwell","0","12","Kentucky","5/9/20","12","0","21033","0"
"Calloway","0","37","Kentucky","5/9/20","34","3","21035","8.82"
"Campbell","3","115","Kentucky","5/9/20","92","23","21037","25"
"Carlisle","0","3","Kentucky","5/9/20","2","1","21039","50"
"Carroll","0","2","Kentucky","5/9/20","2","0","21041","0"
"Carter","0","6","Kentucky","5/9/20","5","1","21043","20"
"Casey","0","1","Kentucky","5/9/20","1","0","21045","0"
"Christian","1","93","Kentucky","5/9/20","88","5","21047","5.68"
"Clark","0","20","Kentucky","5/9/20","21","-1","21049","-4.76"
"Clay","0","2","Kentucky","5/9/20","1","1","21051","100"
"Clinton","0","3","Kentucky","5/9/20","3","0","21053","0"
"Crittenden","0","4","Kentucky","5/9/20","4","0","21055","0"
"Cumberland","0","5","Kentucky","5/9/20","5","0","21057","0"
"Daviess","9","260","Kentucky","5/9/20","194","66","21059","34.02"
"Edmonson","3","45","Kentucky","5/9/20","26","19","21061","73.08"
"Fayette","16","368","Kentucky","5/9/20","254","114","21067","44.88"
"Fleming","0","1","Kentucky","5/9/20","2","-1","21069","-50"
"Floyd","0","15","Kentucky","5/9/20","14","1","21071","7.14"
"Franklin","0","17","Kentucky","5/9/20","16","1","21073","6.25"
"Fulton","0","1","Kentucky","5/9/20","2","-1","21075","-50"
"Gallatin","0","1","Kentucky","5/9/20","1","0","21077","0"
"Garrard","0","3","Kentucky","5/9/20","2","1","21079","50"
"Grant","1","30","Kentucky","5/9/20","21","9","21081","42.86"
"Graves","2","148","Kentucky","5/9/20","137","11","21083","8.03"
"Grayson","4","95","Kentucky","5/9/20","69","26","21085","37.68"
"Green","0","1","Kentucky","5/9/20","1","0","21087","0"
"Greenup","0","12","Kentucky","5/9/20","11","1","21089","9.09"
"Hancock","0","6","Kentucky","5/9/20","6","0","21091","0"
"Hardin","2","61","Kentucky","5/9/20","44","17","21093","38.64"
"Harlan","0","1","Kentucky","5/9/20","0","1","21095","1"
"Harrison","0","19","Kentucky","5/9/20","17","2","21097","11.76"
"Hart","1","8","Kentucky","5/9/20","4","4","21099","100"
"Henderson","2","77","Kentucky","5/9/20","62","15","21101","24.19"
"Henry","0","9","Kentucky","5/9/20","6","3","21103","50"
"Hickman","1","5","Kentucky","5/9/20","1","4","21105","400"
"Hopkins","2","214","Kentucky","5/9/20","201","13","21107","6.47"
"Jackson","0","56","Kentucky","5/9/20","59","-3","21109","-5.08"
"Jefferson","41","1642","Kentucky","5/9/20","1352","290","21111","21.45"
"Jessamine","1","46","Kentucky","5/9/20","40","6","21113","15"
"Johnson","0","5","Kentucky","5/9/20","3","2","21115","66.67"
"Kenton","14","383","Kentucky","5/9/20","286","97","21117","33.92"
"Knott","0","4","Kentucky","5/9/20","4","0","21119","0"
"Knox","0","7","Kentucky","5/9/20","6","1","21121","16.67"
"Larue","0","6","Kentucky","5/9/20","5","1","21123","20"
"Laurel","1","22","Kentucky","5/9/20","17","5","21125","29.41"
"Lawrence","0","1","Kentucky","5/9/20","1","0","21127","0"
"Leslie","0","5","Kentucky","5/9/20","4","1","21131","25"
"Letcher","0","3","Kentucky","5/9/20","2","1","21133","50"
"Lewis","0","5","Kentucky","5/9/20","3","2","21135","66.67"
"Lincoln","0","5","Kentucky","5/9/20","5","0","21137","0"
"Livingston","0","6","Kentucky","5/9/20","5","1","21139","20"
"Logan","5","46","Kentucky","5/9/20","11","35","21141","318.18"
"Lyon","0","14","Kentucky","5/9/20","13","1","21143","7.69"
"Madison","1","34","Kentucky","5/9/20","29","5","21151","17.24"
"Marion","0","17","Kentucky","5/9/20","17","0","21155","0"
"Marshall","0","34","Kentucky","5/9/20","34","0","21157","0"
"Martin","0","3","Kentucky","5/9/20","3","0","21159","0"
"Mason","0","7","Kentucky","5/9/20","6","1","21161","16.67"
"McCracken","2","69","Kentucky","5/9/20","58","11","21145","18.97"
"McCreary","0","12","Kentucky","5/9/20","11","1","21147","9.09"
"McLean","0","16","Kentucky","5/9/20","15","1","21149","6.67"
"Meade","1","18","Kentucky","5/9/20","12","6","21163","50"
"Menifee","0","3","Kentucky","5/9/20","3","0","21165","0"
"Mercer","0","11","Kentucky","5/9/20","11","0","21167","0"
"Metcalfe","0","2","Kentucky","5/9/20","1","1","21169","100"
"Monroe","0","6","Kentucky","5/9/20","5","1","21171","20"
"Montgomery","0","11","Kentucky","5/9/20","12","-1","21173","-8.33"
"Morgan","0","1","Kentucky","5/9/20","1","0","21175","0"
"Muhlenberg","47","453","Kentucky","5/9/20","125","328","21177","262.4"
"Nelson","1","30","Kentucky","5/9/20","23","7","21179","30.43"
"Nicholas","0","1","Kentucky","5/9/20","1","0","21181","0"
"Ohio","3","68","Kentucky","5/9/20","49","19","21183","38.78"
"Oldham","1","38","Kentucky","5/9/20","32","6","21185","18.75"
"Owen","0","1","Kentucky","5/9/20","1","0","21187","0"
"Owsley","0","2","Kentucky","5/9/20","2","0","21189","0"
"Pendleton","0","5","Kentucky","5/9/20","5","0","21191","0"
"Perry","0","14","Kentucky","5/9/20","13","1","21193","7.69"
"Pike","0","15","Kentucky","5/9/20","13","2","21195","15.38"
"Powell","0","1","Kentucky","5/9/20","1","0","21197","0"
"Pulaski","0","43","Kentucky","5/9/20","43","0","21199","0"
"Rockcastle","0","13","Kentucky","5/9/20","10","3","21203","30"
"Rowan","0","3","Kentucky","5/9/20","2","1","21205","50"
"Russell","0","18","Kentucky","5/9/20","16","2","21207","12.5"
"Scott","1","32","Kentucky","5/9/20","24","8","21209","33.33"
"Shelby","3","49","Kentucky","5/9/20","30","19","21211","63.33"
"Simpson","1","32","Kentucky","5/9/20","28","4","21213","14.29"
"Spencer","0","16","Kentucky","5/9/20","13","3","21215","23.08"
"Taylor","0","9","Kentucky","5/9/20","8","1","21217","12.5"
"Todd","0","14","Kentucky","5/9/20","12","2","21219","16.67"
"Trigg","0","9","Kentucky","5/9/20","9","0","21221","0"
"Trimble","0","3","Kentucky","5/9/20","3","0","21223","0"
"Union","0","10","Kentucky","5/9/20","8","2","21225","25"
"Warren","27","530","Kentucky","5/9/20","344","186","21227","54.07"
"Washington","0","5","Kentucky","5/9/20","5","0","21229","0"
"Wayne","0","8","Kentucky","5/9/20","7","1","21231","14.29"
"Webster","1","26","Kentucky","5/9/20","22","4","21233","18.18"
"Whitley","0","11","Kentucky","5/9/20","11","0","21235","0"
"Woodford","0","17","Kentucky","5/9/20","18","-1","21239","-5.56"
"Acadia","3","151","Louisiana","5/9/20","133","18","22001","13.53"
"Allen","0","90","Louisiana","5/9/20","90","0","22003","0"
"Ascension","8","689","Louisiana","5/9/20","636","53","22005","8.33"
"Assumption","2","208","Louisiana","5/9/20","194","14","22007","7.22"
"Avoyelles","0","74","Louisiana","5/9/20","72","2","22009","2.78"
"Beauregard","1","46","Louisiana","5/9/20","42","4","22011","9.52"
"Bienville","0","77","Louisiana","5/9/20","76","1","22013","1.32"
"Bossier","3","310","Louisiana","5/9/20","292","18","22015","6.16"
"Caddo","20","1743","Louisiana","5/9/20","1601","142","22017","8.87"
"Calcasieu","6","490","Louisiana","5/9/20","449","41","22019","9.13"
"Caldwell","4","48","Louisiana","5/9/20","20","28","22021","140"
"Cameron","0","3","Louisiana","5/9/20","3","0","22023","0"
"Catahoula","6","83","Louisiana","5/9/20","44","39","22025","88.64"
"Claiborne","0","59","Louisiana","5/9/20","59","0","22027","0"
"Concordia","1","43","Louisiana","5/9/20","39","4","22029","10.26"
"De Soto","2","213","Louisiana","5/9/20","198","15","22031","7.58"
"East Baton Rouge","42","2348","Louisiana","5/9/20","2054","294","22033","14.31"
"East Carroll","1","17","Louisiana","5/9/20","9","8","22035","88.89"
"East Feliciana","1","136","Louisiana","5/9/20","128","8","22037","6.25"
"Evangeline","1","67","Louisiana","5/9/20","59","8","22039","13.56"
"Franklin","8","188","Louisiana","5/9/20","131","57","22041","43.51"
"Grant","0","18","Louisiana","5/9/20","15","3","22043","20"
"Iberia","3","285","Louisiana","5/9/20","265","20","22045","7.55"
"Iberville","3","495","Louisiana","5/9/20","472","23","22047","4.87"
"Jackson","3","59","Louisiana","5/9/20","40","19","22049","47.5"
"Jefferson","45","6679","Louisiana","5/9/20","6362","317","22051","4.98"
"Jefferson Davis","0","67","Louisiana","5/9/20","64","3","22053","4.69"
"Lafayette","5","498","Louisiana","5/9/20","464","34","22055","7.33"
"Lafourche","6","706","Louisiana","5/9/20","666","40","22057","6.01"
"LaSalle","1","33","Louisiana","5/9/20","26","7","22059","26.92"
"Lincoln","3","106","Louisiana","5/9/20","88","18","22061","20.45"
"Livingston","6","277","Louisiana","5/9/20","235","42","22063","17.87"
"Madison","1","12","Louisiana","5/9/20","8","4","22065","50"
"Morehouse","1","60","Louisiana","5/9/20","54","6","22067","11.11"
"Natchitoches","2","98","Louisiana","5/9/20","87","11","22069","12.64"
"Orleans","21","6674","Louisiana","5/9/20","6524","150","22071","2.3"
"Ouachita","12","836","Louisiana","5/9/20","755","81","22073","10.73"
"Plaquemines","1","189","Louisiana","5/9/20","180","9","22075","5"
"Pointe Coupee","4","126","Louisiana","5/9/20","101","25","22077","24.75"
"Rapides","11","351","Louisiana","5/9/20","273","78","22079","28.57"
"Red River","1","36","Louisiana","5/9/20","32","4","22081","12.5"
"Richland","4","99","Louisiana","5/9/20","73","26","22083","35.62"
"Sabine","0","17","Louisiana","5/9/20","17","0","22085","0"
"St. Bernard","5","512","Louisiana","5/9/20","474","38","22087","8.02"
"St. Charles","2","593","Louisiana","5/9/20","577","16","22089","2.77"
"St. Helena","1","35","Louisiana","5/9/20","30","5","22091","16.67"
"St. James","1","257","Louisiana","5/9/20","247","10","22093","4.05"
"St. John the Baptist","4","801","Louisiana","5/9/20","772","29","22095","3.76"
"St. Landry","4","211","Louisiana","5/9/20","185","26","22097","14.05"
"St. Martin","2","257","Louisiana","5/9/20","244","13","22099","5.33"
"St. Mary","6","242","Louisiana","5/9/20","199","43","22101","21.61"
"St. Tammany","18","1447","Louisiana","5/9/20","1321","126","22103","9.54"
"Tangipahoa","10","652","Louisiana","5/9/20","584","68","22105","11.64"
"Tensas","1","6","Louisiana","5/9/20","2","4","22107","200"
"Terrebonne","10","523","Louisiana","5/9/20","456","67","22109","14.69"
"Union","4","162","Louisiana","5/9/20","131","31","22111","23.66"
"Vermilion","0","41","Louisiana","5/9/20","38","3","22113","7.89"
"Vernon","0","18","Louisiana","5/9/20","16","2","22115","12.5"
"Washington","8","335","Louisiana","5/9/20","282","53","22117","18.79"
"Webster","1","97","Louisiana","5/9/20","92","5","22119","5.43"
"West Baton Rouge","2","122","Louisiana","5/9/20","110","12","22121","10.91"
"West Carroll","0","4","Louisiana","5/9/20","4","0","22123","0"
"West Feliciana","6","183","Louisiana","5/9/20","142","41","22125","28.87"
"Winn","1","51","Louisiana","5/9/20","41","10","22127","24.39"
"Androscoggin","4","82","Maine","5/9/20","54","28","23001","51.85"
"Aroostook","0","6","Maine","5/9/20","5","1","23003","20"
"Cumberland","23","685","Maine","5/9/20","527","158","23005","29.98"
"Franklin","0","31","Maine","5/9/20","28","3","23007","10.71"
"Hancock","0","10","Maine","5/9/20","10","0","23009","0"
"Kennebec","1","109","Maine","5/9/20","104","5","23011","4.81"
"Knox","0","18","Maine","5/9/20","16","2","23013","12.5"
"Lincoln","0","15","Maine","5/9/20","14","1","23015","7.14"
"Oxford","0","17","Maine","5/9/20","15","2","23017","13.33"
"Penobscot","1","89","Maine","5/9/20","82","7","23019","8.54"
"Piscataquis","0","1","Maine","5/9/20","1","0","23021","0"
"Sagadahoc","0","20","Maine","5/9/20","19","1","23023","5.26"
"Somerset","0","17","Maine","5/9/20","17","0","23025","0"
"Waldo","0","49","Maine","5/9/20","49","0","23027","0"
"Washington","0","2","Maine","5/9/20","2","0","23029","0"
"York","7","256","Maine","5/9/20","210","46","23031","21.9"
"Allegany","3","144","Maryland","5/9/20","121","23","24001","19.01"
"Anne Arundel","70","2372","Maryland","5/9/20","1885","487","24003","25.84"
"Baltimore","79","3737","Maryland","5/9/20","3183","554","24005","17.4"
"Baltimore City","139","3208","Maryland","5/9/20","2237","971","24510","43.41"
"Calvert","6","202","Maryland","5/9/20","160","42","24009","26.25"
"Caroline","4","110","Maryland","5/9/20","79","31","24011","39.24"
"Carroll","10","551","Maryland","5/9/20","480","71","24013","14.79"
"Cecil","5","219","Maryland","5/9/20","187","32","24015","17.11"
"Charles","15","729","Maryland","5/9/20","622","107","24017","17.2"
"Dorchester","5","91","Maryland","5/9/20","59","32","24019","54.24"
"Frederick","34","1213","Maryland","5/9/20","976","237","24021","24.28"
"Garrett","0","6","Maryland","5/9/20","4","2","24023","50"
"Harford","17","589","Maryland","5/9/20","468","121","24025","25.85"
"Howard","34","1170","Maryland","5/9/20","931","239","24027","25.67"
"Kent","3","102","Maryland","5/9/20","80","22","24029","27.5"
"Montgomery","234","6555","Maryland","5/9/20","4919","1636","24031","33.26"
"Prince George's","309","9205","Maryland","5/9/20","7041","2164","24033","30.73"
"Queen Anne's","2","72","Maryland","5/9/20","57","15","24035","26.32"
"Somerset","1","42","Maryland","5/9/20","32","10","24039","31.25"
"St. Mary's","10","234","Maryland","5/9/20","164","70","24037","42.68"
"Talbot","3","58","Maryland","5/9/20","39","19","24041","48.72"
"Washington","6","265","Maryland","5/9/20","225","40","24043","17.78"
"Wicomico","15","558","Maryland","5/9/20","452","106","24045","23.45"
"Worcester","4","102","Maryland","5/9/20","72","30","24047","41.67"
"Barnstable","20","1112","Massachusetts","5/9/20","970","142","25001","14.64"
"Berkshire","4","483","Massachusetts","5/9/20","455","28","25003","6.15"
"Bristol","137","4934","Massachusetts","5/9/20","3975","959","25005","24.13"
"Dukes and Nantucket","1","39","Massachusetts","5/9/20","31","8","00000","25.81"
"Essex","272","11429","Massachusetts","5/9/20","9522","1907","25009","20.03"
"Franklin","5","301","Massachusetts","5/9/20","268","33","25011","12.31"
"Hampden","96","4725","Massachusetts","5/9/20","4053","672","25013","16.58"
"Hampshire","17","679","Massachusetts","5/9/20","563","116","25015","20.6"
"Middlesex","345","17694","Massachusetts","5/9/20","15281","2413","25017","15.79"
"Norfolk","115","7172","Massachusetts","5/9/20","6370","802","25021","12.59"
"Plymouth","138","6504","Massachusetts","5/9/20","5536","968","25023","17.49"
"Suffolk","234","15423","Massachusetts","5/9/20","13784","1639","25025","11.89"
"Worcester","218","7743","Massachusetts","5/9/20","6220","1523","25027","24.49"
"Alcona","0","7","Michigan","5/9/20","8","-1","26001","-12.5"
"Allegan","4","163","Michigan","5/9/20","133","30","26005","22.56"
"Alpena","1","94","Michigan","5/9/20","89","5","26007","5.62"
"Antrim","0","11","Michigan","5/9/20","11","0","26009","0"
"Arenac","0","31","Michigan","5/9/20","33","-2","26011","-6.06"
"Baraga","0","1","Michigan","5/9/20","1","0","26013","0"
"Barry","2","62","Michigan","5/9/20","50","12","26015","24"
"Bay","5","220","Michigan","5/9/20","186","34","26017","18.28"
"Benzie","0","4","Michigan","5/9/20","5","-1","26019","-20"
"Berrien","14","501","Michigan","5/9/20","400","101","26021","25.25"
"Branch","2","84","Michigan","5/9/20","71","13","26023","18.31"
"Calhoun","4","289","Michigan","5/9/20","263","26","26025","9.89"
"Cass","1","52","Michigan","5/9/20","42","10","26027","23.81"
"Charlevoix","0","14","Michigan","5/9/20","14","0","26029","0"
"Cheboygan","0","24","Michigan","5/9/20","24","0","26031","0"
"Chippewa","0","3","Michigan","5/9/20","3","0","26033","0"
"Clare","0","12","Michigan","5/9/20","11","1","26035","9.09"
"Clinton","2","143","Michigan","5/9/20","128","15","26037","11.72"
"Crawford","0","61","Michigan","5/9/20","61","0","26039","0"
"Delta","0","15","Michigan","5/9/20","14","1","26041","7.14"
"Dickinson","0","5","Michigan","5/9/20","3","2","26043","66.67"
"Eaton","3","175","Michigan","5/9/20","153","22","26045","14.38"
"Emmet","0","25","Michigan","5/9/20","25","0","26047","0"
"Federal Correctional Institution (FCI)","2","110","Michigan","5/9/20","93","17","00000","18.28"
"Genesee","30","1959","Michigan","5/9/20","1751","208","26049","11.88"
"Gladwin","0","16","Michigan","5/9/20","14","2","26051","14.29"
"Gogebic","0","4","Michigan","5/9/20","4","0","26053","0"
"Grand Traverse","0","21","Michigan","5/9/20","20","1","26055","5"
"Gratiot","1","33","Michigan","5/9/20","25","8","26057","32"
"Hillsdale","3","153","Michigan","5/9/20","134","19","26059","14.18"
"Houghton","0","2","Michigan","5/9/20","2","0","26061","0"
"Huron","2","41","Michigan","5/9/20","28","13","26063","46.43"
"Ingham","12","601","Michigan","5/9/20","517","84","26065","16.25"
"Ionia","3","117","Michigan","5/9/20","94","23","26067","24.47"
"Iosco","0","66","Michigan","5/9/20","63","3","26069","4.76"
"Isabella","0","76","Michigan","5/9/20","76","0","26073","0"
"Jackson","4","410","Michigan","5/9/20","384","26","26075","6.77"
"Kalamazoo","22","631","Michigan","5/9/20","478","153","26077","32.01"
"Kalkaska","0","28","Michigan","5/9/20","28","0","26079","0"
"Kent","77","2374","Michigan","5/9/20","1838","536","26081","29.16"
"Lake","0","3","Michigan","5/9/20","3","0","26085","0"
"Lapeer","1","185","Michigan","5/9/20","181","4","26087","2.21"
"Leelanau","0","9","Michigan","5/9/20","9","0","26089","0"
"Lenawee","4","157","Michigan","5/9/20","131","26","26091","19.85"
"Livingston","5","447","Michigan","5/9/20","411","36","26093","8.76"
"Luce","0","1","Michigan","5/9/20","1","0","26095","0"
"Mackinac","0","6","Michigan","5/9/20","6","0","26097","0"
"Macomb","54","6093","Michigan","5/9/20","5716","377","26099","6.6"
"Manistee","0","12","Michigan","5/9/20","12","0","26101","0"
"Marquette","0","51","Michigan","5/9/20","51","0","26103","0"
"Mason","1","22","Michigan","5/9/20","15","7","26105","46.67"
"Mecosta","0","19","Michigan","5/9/20","17","2","26107","11.76"
"Menominee","0","6","Michigan","5/9/20","5","1","26109","20"
"Michigan Department of Corrections (MDOC)","44","2136","Michigan","5/9/20","1825","311","00000","17.04"
"Midland","1","97","Michigan","5/9/20","91","6","26111","6.59"
"Missaukee","0","22","Michigan","5/9/20","22","0","26113","0"
"Monroe","13","412","Michigan","5/9/20","324","88","26115","27.16"
"Montcalm","0","49","Michigan","5/9/20","47","2","26117","4.26"
"Montmorency","0","5","Michigan","5/9/20","5","0","26119","0"
"Muskegon","8","354","Michigan","5/9/20","301","53","26121","17.61"
"Newaygo","1","37","Michigan","5/9/20","28","9","26123","32.14"
"Oakland","69","8730","Michigan","5/9/20","8245","485","26125","5.88"
"Oceana","2","31","Michigan","5/9/20","18","13","26127","72.22"
"Ogemaw","0","20","Michigan","5/9/20","19","1","26129","5.26"
"Osceola","0","11","Michigan","5/9/20","10","1","26133","10"
"Oscoda","0","7","Michigan","5/9/20","6","1","26135","16.67"
"Otsego","1","115","Michigan","5/9/20","110","5","26137","4.55"
"Ottawa","25","475","Michigan","5/9/20","298","177","26139","59.4"
"Out of MI","1","21","Michigan","5/9/20","16","5","80026","31.25"
"Presque Isle","0","11","Michigan","5/9/20","11","0","26141","0"
"Roscommon","0","22","Michigan","5/9/20","19","3","26143","15.79"
"Saginaw","12","793","Michigan","5/9/20","710","83","26145","11.69"
"Sanilac","0","38","Michigan","5/9/20","37","1","26151","2.7"
"Schoolcraft","0","4","Michigan","5/9/20","3","1","26153","33.33"
"Shiawassee","3","219","Michigan","5/9/20","198","21","26155","10.61"
"St. Clair","4","405","Michigan","5/9/20","380","25","26147","6.58"
"St. Joseph","4","66","Michigan","5/9/20","39","27","26149","69.23"
"Tuscola","3","133","Michigan","5/9/20","115","18","26157","15.65"
"Van Buren","4","101","Michigan","5/9/20","73","28","26159","38.36"
"Washtenaw","12","1299","Michigan","5/9/20","1216","83","26161","6.83"
"Wayne","142","18390","Michigan","5/9/20","17396","994","26163","5.71"
"Wexford","0","12","Michigan","5/9/20","11","1","26165","9.09"
"Aitkin","0","2","Minnesota","5/9/20","1","1","27001","100"
"Anoka","37","518","Minnesota","5/9/20","260","258","27003","99.23"
"Becker","2","25","Minnesota","5/9/20","10","15","27005","150"
"Beltrami","0","6","Minnesota","5/9/20","6","0","27007","0"
"Benton","8","87","Minnesota","5/9/20","29","58","27009","200"
"Big Stone","0","2","Minnesota","5/9/20","2","0","27011","0"
"Blue Earth","3","64","Minnesota","5/9/20","41","23","27013","56.1"
"Brown","0","9","Minnesota","5/9/20","8","1","27015","12.5"
"Carlton","1","64","Minnesota","5/9/20","59","5","27017","8.47"
"Carver","8","78","Minnesota","5/9/20","25","53","27019","212"
"Cass","0","8","Minnesota","5/9/20","7","1","27021","14.29"
"Chippewa","0","5","Minnesota","5/9/20","2","3","27023","150"
"Chisago","1","19","Minnesota","5/9/20","13","6","27025","46.15"
"Clay","6","233","Minnesota","5/9/20","189","44","27027","23.28"
"Clearwater","0","2","Minnesota","5/9/20","2","0","27029","0"
"Cottonwood","3","45","Minnesota","5/9/20","27","18","27033","66.67"
"Crow Wing","0","24","Minnesota","5/9/20","21","3","27035","14.29"
"Dakota","31","408","Minnesota","5/9/20","189","219","27037","115.87"
"Dodge","0","24","Minnesota","5/9/20","22","2","27039","9.09"
"Douglas","2","15","Minnesota","5/9/20","3","12","27041","400"
"Faribault","1","10","Minnesota","5/9/20","6","4","27043","66.67"
"Fillmore","0","12","Minnesota","5/9/20","13","-1","27045","-7.69"
"Freeborn","1","43","Minnesota","5/9/20","35","8","27047","22.86"
"Goodhue","1","25","Minnesota","5/9/20","21","4","27049","19.05"
"Grant","0","2","Minnesota","5/9/20","1","1","27051","100"
"Hennepin","200","3379","Minnesota","5/9/20","1980","1399","27053","70.66"
"Houston","0","2","Minnesota","5/9/20","1","1","27055","100"
"Isanti","0","7","Minnesota","5/9/20","6","1","27059","16.67"
"Itasca","3","25","Minnesota","5/9/20","7","18","27061","257.14"
"Jackson","2","31","Minnesota","5/9/20","18","13","27063","72.22"
"Kanabec","1","9","Minnesota","5/9/20","1","8","27065","800"
"Kandiyohi","19","276","Minnesota","5/9/20","145","131","27067","90.34"
"Kittson","0","1","Minnesota","5/9/20","1","0","27069","0"
"Koochiching","0","1","Minnesota","5/9/20","1","0","27071","0"
"Lac qui Parle","0","2","Minnesota","5/9/20","1","1","27073","100"
"Lake","0","1","Minnesota","5/9/20","0","1","27075","1"
"Le Sueur","0","28","Minnesota","5/9/20","25","3","27079","12"
"Lincoln","0","3","Minnesota","5/9/20","3","0","27081","0"
"Lyon","1","17","Minnesota","5/9/20","8","9","27083","112.5"
"Mahnomen","0","2","Minnesota","5/9/20","2","0","27087","0"
"Marshall","1","8","Minnesota","5/9/20","3","5","27089","166.67"
"Martin","0","112","Minnesota","5/9/20","110","2","27091","1.82"
"McLeod","1","8","Minnesota","5/9/20","4","4","27085","100"
"Meeker","1","21","Minnesota","5/9/20","14","7","27093","50"
"Mille Lacs","1","7","Minnesota","5/9/20","2","5","27095","250"
"Morrison","1","13","Minnesota","5/9/20","6","7","27097","116.67"
"Mower","2","42","Minnesota","5/9/20","28","14","27099","50"
"Murray","2","27","Minnesota","5/9/20","16","11","27101","68.75"
"Nicollet","1","21","Minnesota","5/9/20","15","6","27103","40"
"Nobles","47","1230","Minnesota","5/9/20","899","331","27105","36.82"
"Norman","0","9","Minnesota","5/9/20","8","1","27107","12.5"
"Olmsted","12","363","Minnesota","5/9/20","282","81","27109","28.72"
"Otter Tail","1","23","Minnesota","5/9/20","17","6","27111","35.29"
"Pennington","0","1","Minnesota","5/9/20","1","0","27113","0"
"Pine","2","69","Minnesota","5/9/20","58","11","27115","18.97"
"Pipestone","1","7","Minnesota","5/9/20","3","4","27117","133.33"
"Polk","2","48","Minnesota","5/9/20","36","12","27119","33.33"
"Pope","1","5","Minnesota","5/9/20","0","5","27121","1"
"Ramsey","60","875","Minnesota","5/9/20","453","422","27123","93.16"
"Red Lake","0","1","Minnesota","5/9/20","1","0","27125","0"
"Redwood","0","3","Minnesota","5/9/20","3","0","27127","0"
"Renville","0","6","Minnesota","5/9/20","5","1","27129","20"
"Rice","12","102","Minnesota","5/9/20","18","84","27131","466.67"
"Rock","0","19","Minnesota","5/9/20","16","3","27133","18.75"
"Roseau","0","1","Minnesota","5/9/20","1","0","27135","0"
"Scott","11","129","Minnesota","5/9/20","52","77","27139","148.08"
"Sherburne","8","107","Minnesota","5/9/20","50","57","27141","114"
"Sibley","0","3","Minnesota","5/9/20","2","1","27143","50"
"St. Louis","2","91","Minnesota","5/9/20","74","17","27137","22.97"
"Stearns","117","1348","Minnesota","5/9/20","531","817","27145","153.86"
"Steele","5","58","Minnesota","5/9/20","20","38","27147","190"
"Stevens","0","1","Minnesota","5/9/20","0","1","27149","1"
"Swift","0","3","Minnesota","5/9/20","2","1","27151","50"
"Todd","4","33","Minnesota","5/9/20","8","25","27153","312.5"
"Traverse","0","3","Minnesota","5/9/20","2","1","27155","50"
"Wabasha","0","13","Minnesota","5/9/20","10","3","27157","30"
"Wadena","0","4","Minnesota","5/9/20","1","3","27159","300"
"Waseca","2","16","Minnesota","5/9/20","5","11","27161","220"
"Washington","13","231","Minnesota","5/9/20","142","89","27163","62.68"
"Watonwan","1","22","Minnesota","5/9/20","14","8","27165","57.14"
"Wilkin","0","11","Minnesota","5/9/20","11","0","27167","0"
"Winona","0","70","Minnesota","5/9/20","67","3","27169","4.48"
"Wright","6","92","Minnesota","5/9/20","48","44","27171","91.67"
"Yellow Medicine","0","3","Minnesota","5/9/20","3","0","27173","0"
"Adams","1","158","Mississippi","5/9/20","149","9","28001","6.04"
"Alcorn","0","10","Mississippi","5/9/20","10","0","28003","0"
"Amite","1","34","Mississippi","5/9/20","28","6","28005","21.43"
"Attala","11","191","Mississippi","5/9/20","117","74","28007","63.25"
"Benton","0","13","Mississippi","5/9/20","12","1","28009","8.33"
"Bolivar","2","119","Mississippi","5/9/20","105","14","28011","13.33"
"Calhoun","0","57","Mississippi","5/9/20","54","3","28013","5.56"
"Carroll","6","101","Mississippi","5/9/20","60","41","28015","68.33"
"Chickasaw","2","92","Mississippi","5/9/20","76","16","28017","21.05"
"Choctaw","0","15","Mississippi","5/9/20","13","2","28019","15.38"
"Claiborne","2","41","Mississippi","5/9/20","27","14","28021","51.85"
"Clarke","3","79","Mississippi","5/9/20","58","21","28023","36.21"
"Clay","3","65","Mississippi","5/9/20","47","18","28025","38.3"
"Coahoma","1","71","Mississippi","5/9/20","66","5","28027","7.58"
"Copiah","6","157","Mississippi","5/9/20","114","43","28029","37.72"
"Covington","3","89","Mississippi","5/9/20","67","22","28031","32.84"
"DeSoto","6","333","Mississippi","5/9/20","294","39","28033","13.27"
"Forrest","12","309","Mississippi","5/9/20","226","83","28035","36.73"
"Franklin","0","17","Mississippi","5/9/20","16","1","28037","6.25"
"George","0","15","Mississippi","5/9/20","14","1","28039","7.14"
"Greene","0","6","Mississippi","5/9/20","5","1","28041","20"
"Grenada","2","47","Mississippi","5/9/20","34","13","28043","38.24"
"Hancock","1","73","Mississippi","5/9/20","67","6","28045","8.96"
"Harrison","2","198","Mississippi","5/9/20","181","17","28047","9.39"
"Hinds","23","663","Mississippi","5/9/20","505","158","28049","31.29"
"Holmes","7","206","Mississippi","5/9/20","159","47","28051","29.56"
"Humphreys","1","30","Mississippi","5/9/20","25","5","28053","20"
"Itawamba","1","68","Mississippi","5/9/20","62","6","28057","9.68"
"Jackson","1","275","Mississippi","5/9/20","267","8","28059","3"
"Jasper","5","86","Mississippi","5/9/20","54","32","28061","59.26"
"Jefferson","1","30","Mississippi","5/9/20","21","9","28063","42.86"
"Jefferson Davis","2","53","Mississippi","5/9/20","38","15","28065","39.47"
"Jones","11","243","Mississippi","5/9/20","168","75","28067","44.64"
"Kemper","3","91","Mississippi","5/9/20","67","24","28069","35.82"
"Lafayette","1","98","Mississippi","5/9/20","89","9","28071","10.11"
"Lamar","4","145","Mississippi","5/9/20","114","31","28073","27.19"
"Lauderdale","13","471","Mississippi","5/9/20","378","93","28075","24.6"
"Lawrence","2","64","Mississippi","5/9/20","50","14","28077","28"
"Leake","10","299","Mississippi","5/9/20","229","70","28079","30.57"
"Lee","1","78","Mississippi","5/9/20","71","7","28081","9.86"
"Leflore","3","185","Mississippi","5/9/20","165","20","28083","12.12"
"Lincoln","5","184","Mississippi","5/9/20","150","34","28085","22.67"
"Lowndes","3","79","Mississippi","5/9/20","58","21","28087","36.21"
"Madison","22","422","Mississippi","5/9/20","268","154","28089","57.46"
"Marion","1","83","Mississippi","5/9/20","75","8","28091","10.67"
"Marshall","1","55","Mississippi","5/9/20","45","10","28093","22.22"
"Monroe","4","200","Mississippi","5/9/20","173","27","28095","15.61"
"Montgomery","5","67","Mississippi","5/9/20","32","35","28097","109.38"
"Neshoba","14","307","Mississippi","5/9/20","212","95","28099","44.81"
"Newton","7","137","Mississippi","5/9/20","88","49","28101","55.68"
"Noxubee","3","102","Mississippi","5/9/20","79","23","28103","29.11"
"Oktibbeha","5","86","Mississippi","5/9/20","52","34","28105","65.38"
"Panola","1","43","Mississippi","5/9/20","39","4","28107","10.26"
"Pearl River","2","190","Mississippi","5/9/20","176","14","28109","7.95"
"Perry","1","34","Mississippi","5/9/20","27","7","28111","25.93"
"Pike","2","168","Mississippi","5/9/20","153","15","28113","9.8"
"Pontotoc","1","24","Mississippi","5/9/20","20","4","28115","20"
"Prentiss","0","35","Mississippi","5/9/20","32","3","28117","9.38"
"Quitman","0","16","Mississippi","5/9/20","15","1","28119","6.67"
"Rankin","7","248","Mississippi","5/9/20","197","51","28121","25.89"
"Scott","14","454","Mississippi","5/9/20","354","100","28123","28.25"
"Sharkey","0","5","Mississippi","5/9/20","5","0","28125","0"
"Simpson","2","61","Mississippi","5/9/20","47","14","28127","29.79"
"Smith","3","100","Mississippi","5/9/20","78","22","28129","28.21"
"Stone","0","24","Mississippi","5/9/20","22","2","28131","9.09"
"Sunflower","1","63","Mississippi","5/9/20","55","8","28133","14.55"
"Tallahatchie","0","12","Mississippi","5/9/20","12","0","28135","0"
"Tate","1","50","Mississippi","5/9/20","41","9","28137","21.95"
"Tippah","1","65","Mississippi","5/9/20","56","9","28139","16.07"
"Tishomingo","0","10","Mississippi","5/9/20","8","2","28141","25"
"Tunica","0","38","Mississippi","5/9/20","35","3","28143","8.57"
"Union","3","48","Mississippi","5/9/20","25","23","28145","92"
"Walthall","1","37","Mississippi","5/9/20","32","5","28147","15.62"
"Warren","3","98","Mississippi","5/9/20","78","20","28149","25.64"
"Washington","1","82","Mississippi","5/9/20","77","5","28151","6.49"
"Wayne","0","27","Mississippi","5/9/20","24","3","28153","12.5"
"Webster","0","21","Mississippi","5/9/20","19","2","28155","10.53"
"Wilkinson","1","75","Mississippi","5/9/20","69","6","28157","8.7"
"Winston","2","61","Mississippi","5/9/20","47","14","28159","29.79"
"Yalobusha","1","30","Mississippi","5/9/20","20","10","28161","50"
"Yazoo","3","162","Mississippi","5/9/20","144","18","28163","12.5"
"Adair","0","12","Missouri","5/9/20","12","0","29001","0"
"Andrew","1","7","Missouri","5/9/20","3","4","29003","133.33"
"Atchison","0","2","Missouri","5/9/20","2","0","29005","0"
"Audrain","0","1","Missouri","5/9/20","1","0","29007","0"
"Barry","0","6","Missouri","5/9/20","6","0","29009","0"
"Bates","0","6","Missouri","5/9/20","6","0","29013","0"
"Benton","0","8","Missouri","5/9/20","8","0","29015","0"
"Bollinger","0","4","Missouri","5/9/20","4","0","29017","0"
"Boone","-1","98","Missouri","5/9/20","102","-4","29019","-3.92"
"Buchanan","35","432","Missouri","5/9/20","185","247","29021","133.51"
"Butler","0","26","Missouri","5/9/20","26","0","29023","0"
"Caldwell","0","3","Missouri","5/9/20","3","0","29025","0"
"Callaway","0","23","Missouri","5/9/20","23","0","29027","0"
"Camden","0","35","Missouri","5/9/20","35","0","29029","0"
"Cape Girardeau","0","49","Missouri","5/9/20","49","0","29031","0"
"Carroll","0","3","Missouri","5/9/20","3","0","29033","0"
"Carter","0","3","Missouri","5/9/20","3","0","29035","0"
"Cass","1","69","Missouri","5/9/20","63","6","29037","9.52"
"Cedar","1","9","Missouri","5/9/20","5","4","29039","80"
"Chariton","0","5","Missouri","5/9/20","5","0","29041","0"
"Christian","0","20","Missouri","5/9/20","19","1","29043","5.26"
"Clark","0","1","Missouri","5/9/20","1","0","29045","0"
"Clay","3","96","Missouri","5/9/20","75","21","29047","28"
"Clinton","0","14","Missouri","5/9/20","11","3","29049","27.27"
"Cole","0","54","Missouri","5/9/20","53","1","29051","1.89"
"Cooper","0","9","Missouri","5/9/20","9","0","29053","0"
"Crawford","0","8","Missouri","5/9/20","8","0","29055","0"
"Dallas","0","2","Missouri","5/9/20","2","0","29059","0"
"Daviess","0","3","Missouri","5/9/20","3","0","29061","0"
"DeKalb","0","4","Missouri","5/9/20","3","1","29063","33.33"
"Dunklin","0","24","Missouri","5/9/20","22","2","29069","9.09"
"Franklin","1","129","Missouri","5/9/20","119","10","29071","8.4"
"Gasconade","0","2","Missouri","5/9/20","3","-1","29073","-33.33"
"Gentry","0","1","Missouri","5/9/20","1","0","29075","0"
"Greene","1","103","Missouri","5/9/20","97","6","29077","6.19"
"Harrison","0","6","Missouri","5/9/20","6","0","29081","0"
"Henry","0","9","Missouri","5/9/20","7","2","29083","28.57"
"Holt","0","1","Missouri","5/9/20","1","0","29087","0"
"Howard","0","3","Missouri","5/9/20","2","1","29089","50"
"Howell","0","5","Missouri","5/9/20","5","0","29091","0"
"Iron","0","2","Missouri","5/9/20","2","0","29093","0"
"Jackson","7","390","Missouri","5/9/20","339","51","29095","15.04"
"Jasper","0","28","Missouri","5/9/20","25","3","29097","12"
"Jefferson","4","309","Missouri","5/9/20","279","30","29099","10.75"
"Johnson","1","63","Missouri","5/9/20","57","6","29101","10.53"
"Kansas City","22","752","Missouri","5/9/20","597","155","00000","25.96"
"Laclede","0","1","Missouri","5/9/20","0","1","29105","1"
"Lafayette","3","60","Missouri","5/9/20","39","21","29107","53.85"
"Lawrence","1","7","Missouri","5/9/20","0","7","29109","1"
"Lewis","0","6","Missouri","5/9/20","6","0","29111","0"
"Lincoln","1","77","Missouri","5/9/20","70","7","29113","10"
"Linn","0","5","Missouri","5/9/20","5","0","29115","0"
"Livingston","0","3","Missouri","5/9/20","2","1","29117","50"
"Macon","0","2","Missouri","5/9/20","2","0","29121","0"
"Madison","0","3","Missouri","5/9/20","1","2","29123","200"
"Maries","0","2","Missouri","5/9/20","2","0","29125","0"
"Marion","0","5","Missouri","5/9/20","5","0","29127","0"
"McDonald","0","4","Missouri","5/9/20","4","0","29119","0"
"Miller","0","3","Missouri","5/9/20","2","1","29131","50"
"Mississippi","3","49","Missouri","5/9/20","29","20","29133","68.97"
"Moniteau","-1","44","Missouri","5/9/20","52","-8","29135","-15.38"
"Montgomery","0","7","Missouri","5/9/20","7","0","29139","0"
"Morgan","0","7","Missouri","5/9/20","5","2","29141","40"
"New Madrid","0","12","Missouri","5/9/20","10","2","29143","20"
"Newton","0","11","Missouri","5/9/20","10","1","29145","10"
"Nodaway","0","5","Missouri","5/9/20","4","1","29147","25"
"Oregon","0","2","Missouri","5/9/20","2","0","29149","0"
"Osage","0","5","Missouri","5/9/20","5","0","29151","0"
"Pemiscot","4","57","Missouri","5/9/20","32","25","29155","78.12"
"Perry","0","45","Missouri","5/9/20","43","2","29157","4.65"
"Pettis","3","64","Missouri","5/9/20","41","23","29159","56.1"
"Phelps","0","2","Missouri","5/9/20","2","0","29161","0"
"Pike","0","13","Missouri","5/9/20","11","2","29163","18.18"
"Platte","1","40","Missouri","5/9/20","34","6","29165","17.65"
"Polk","0","1","Missouri","5/9/20","1","0","29167","0"
"Pulaski","0","36","Missouri","5/9/20","36","0","29169","0"
"Ralls","0","1","Missouri","5/9/20","1","0","29173","0"
"Randolph","0","8","Missouri","5/9/20","8","0","29175","0"
"Ray","0","12","Missouri","5/9/20","12","0","29177","0"
"Reynolds","0","2","Missouri","5/9/20","2","0","29179","0"
"Ripley","0","5","Missouri","5/9/20","5","0","29181","0"
"Saline","3","215","Missouri","5/9/20","195","20","29195","10.26"
"Scotland","0","4","Missouri","5/9/20","4","0","29199","0"
"Scott","0","79","Missouri","5/9/20","76","3","29201","3.95"
"Shelby","0","1","Missouri","5/9/20","1","0","29205","0"
"St. Charles","8","663","Missouri","5/9/20","608","55","29183","9.05"
"St. Clair","0","2","Missouri","5/9/20","2","0","29185","0"
"St. Francois","1","33","Missouri","5/9/20","28","5","29187","17.86"
"St. Louis","71","3941","Missouri","5/9/20","3445","496","29189","14.4"
"St. Louis City","40","1484","Missouri","5/9/20","1207","277","29510","22.95"
"Ste. Genevieve","0","8","Missouri","5/9/20","8","0","29186","0"
"Stoddard","1","29","Missouri","5/9/20","20","9","29207","45"
"Stone","0","3","Missouri","5/9/20","3","0","29209","0"
"Sullivan","0","1","Missouri","5/9/20","0","1","29211","1"
"Taney","0","12","Missouri","5/9/20","12","0","29213","0"
"Vernon","0","4","Missouri","5/9/20","4","0","29217","0"
"Warren","1","28","Missouri","5/9/20","22","6","29219","27.27"
"Washington","0","9","Missouri","5/9/20","8","1","29221","12.5"
"Webster","0","16","Missouri","5/9/20","15","1","29225","6.67"
"Worth","0","1","Missouri","5/9/20","1","0","29227","0"
"Wright","0","10","Missouri","5/9/20","10","0","29229","0"
"Beaverhead","0","1","Montana","5/9/20","1","0","30001","0"
"Big Horn","0","3","Montana","5/9/20","3","0","30003","0"
"Broadwater","0","4","Montana","5/9/20","4","0","30007","0"
"Carbon","0","6","Montana","5/9/20","6","0","30009","0"
"Cascade","0","16","Montana","5/9/20","15","1","30013","6.67"
"Deer Lodge","0","3","Montana","5/9/20","3","0","30023","0"
"Fergus","0","0","Montana","5/9/20","1","-1","30027","-100"
"Flathead","0","37","Montana","5/9/20","37","0","30029","0"
"Gallatin","0","149","Montana","5/9/20","146","3","30031","2.05"
"Glacier","0","6","Montana","5/9/20","6","0","30035","0"
"Golden Valley","0","3","Montana","5/9/20","3","0","30037","0"
"Hill","0","1","Montana","5/9/20","1","0","30041","0"
"Jefferson","0","2","Montana","5/9/20","2","0","30043","0"
"Lake","0","5","Montana","5/9/20","5","0","30047","0"
"Lewis and Clark","0","16","Montana","5/9/20","16","0","30049","0"
"Liberty","0","1","Montana","5/9/20","1","0","30051","0"
"Lincoln","0","7","Montana","5/9/20","7","0","30053","0"
"Madison","0","8","Montana","5/9/20","8","0","30057","0"
"Meagher","0","1","Montana","5/9/20","1","0","30059","0"
"Missoula","0","39","Montana","5/9/20","39","0","30063","0"
"Musselshell","0","1","Montana","5/9/20","1","0","30065","0"
"Park","0","8","Montana","5/9/20","8","0","30067","0"
"Pondera","0","2","Montana","5/9/20","2","0","30073","0"
"Ravalli","0","5","Montana","5/9/20","5","0","30081","0"
"Richland","0","3","Montana","5/9/20","3","0","30083","0"
"Roosevelt","0","7","Montana","5/9/20","7","0","30085","0"
"Silver Bow","0","11","Montana","5/9/20","11","0","30093","0"
"Stillwater","0","1","Montana","5/9/20","1","0","30095","0"
"Toole","0","29","Montana","5/9/20","29","0","30101","0"
"Wheatland","0","1","Montana","5/9/20","1","0","30107","0"
"Yellowstone","0","82","Montana","5/9/20","82","0","30111","0"
"Adams","3","223","Nebraska","5/9/20","202","21","31001","10.4"
"Antelope","0","5","Nebraska","5/9/20","3","2","31003","66.67"
"Boone","0","2","Nebraska","5/9/20","0","2","31011","1"
"Box Butte","0","1","Nebraska","5/9/20","1","0","31013","0"
"Buffalo","1","121","Nebraska","5/9/20","113","8","31019","7.08"
"Burt","0","6","Nebraska","5/9/20","4","2","31021","50"
"Butler","1","16","Nebraska","5/9/20","6","10","31023","166.67"
"Cass","1","11","Nebraska","5/9/20","6","5","31025","83.33"
"Cedar","0","5","Nebraska","5/9/20","4","1","31027","25"
"Cherry","0","1","Nebraska","5/9/20","1","0","31031","0"
"Cheyenne","0","8","Nebraska","5/9/20","7","1","31033","14.29"
"Clay","0","11","Nebraska","5/9/20","11","0","31035","0"
"Colfax","37","413","Nebraska","5/9/20","153","260","31037","169.93"
"Cuming","1","12","Nebraska","5/9/20","7","5","31039","71.43"
"Custer","0","27","Nebraska","5/9/20","25","2","31041","8"
"Dakota","57","1342","Nebraska","5/9/20","942","400","31043","42.46"
"Dawes","0","1","Nebraska","5/9/20","0","1","31045","1"
"Dawson","27","705","Nebraska","5/9/20","518","187","31047","36.1"
"Dixon","2","24","Nebraska","5/9/20","12","12","31051","100"
"Dodge","11","147","Nebraska","5/9/20","73","74","31053","101.37"
"Douglas","97","1501","Nebraska","5/9/20","825","676","31055","81.94"
"Fillmore","0","3","Nebraska","5/9/20","2","1","31059","50"
"Franklin","0","5","Nebraska","5/9/20","5","0","31061","0"
"Frontier","0","1","Nebraska","5/9/20","1","0","31063","0"
"Furnas","0","4","Nebraska","5/9/20","4","0","31065","0"
"Gage","0","40","Nebraska","5/9/20","38","2","31067","5.26"
"Gosper","0","12","Nebraska","5/9/20","11","1","31073","9.09"
"Greeley","0","2","Nebraska","5/9/20","2","0","31077","0"
"Hall","24","1325","Nebraska","5/9/20","1160","165","31079","14.22"
"Hamilton","0","45","Nebraska","5/9/20","44","1","31081","2.27"
"Hitchcock","0","1","Nebraska","5/9/20","1","0","31087","0"
"Holt","0","1","Nebraska","5/9/20","0","1","31089","1"
"Hooker","0","0","Nebraska","5/9/20","1","-1","31091","-100"
"Howard","1","21","Nebraska","5/9/20","16","5","31093","31.25"
"Jefferson","0","4","Nebraska","5/9/20","4","0","31095","0"
"Johnson","0","5","Nebraska","5/9/20","4","1","31097","25"
"Kearney","0","6","Nebraska","5/9/20","4","2","31099","50"
"Keith","0","2","Nebraska","5/9/20","1","1","31101","100"
"Kimball","0","9","Nebraska","5/9/20","9","0","31105","0"
"Knox","0","5","Nebraska","5/9/20","2","3","31107","150"
"Lancaster","42","595","Nebraska","5/9/20","298","297","31109","99.66"
"Lincoln","1","39","Nebraska","5/9/20","33","6","31111","18.18"
"Madison","14","249","Nebraska","5/9/20","148","101","31119","68.24"
"Merrick","1","21","Nebraska","5/9/20","16","5","31121","31.25"
"Morrill","1","9","Nebraska","5/9/20","1","8","31123","800"
"Nance","0","4","Nebraska","5/9/20","3","1","31125","33.33"
"Nemaha","0","1","Nebraska","5/9/20","1","0","31127","0"
"Otoe","0","2","Nebraska","5/9/20","2","0","31131","0"
"Phelps","1","10","Nebraska","5/9/20","6","4","31137","66.67"
"Pierce","0","1","Nebraska","5/9/20","1","0","31139","0"
"Platte","31","353","Nebraska","5/9/20","138","215","31141","155.8"
"Polk","0","9","Nebraska","5/9/20","10","-1","31143","-10"
"Red Willow","0","5","Nebraska","5/9/20","3","2","31145","66.67"
"Saline","22","349","Nebraska","5/9/20","196","153","31151","78.06"
"Sarpy","14","234","Nebraska","5/9/20","137","97","31153","70.8"
"Saunders","0","11","Nebraska","5/9/20","9","2","31155","22.22"
"Scotts Bluff","1","41","Nebraska","5/9/20","31","10","31157","32.26"
"Seward","1","17","Nebraska","5/9/20","8","9","31159","112.5"
"Sherman","0","2","Nebraska","5/9/20","2","0","31163","0"
"Stanton","0","8","Nebraska","5/9/20","5","3","31167","60"
"Thomas","0","1","Nebraska","5/9/20","0","1","31171","1"
"Thurston","1","12","Nebraska","5/9/20","6","6","31173","100"
"Valley","0","1","Nebraska","5/9/20","1","0","31175","0"
"Washington","0","22","Nebraska","5/9/20","22","0","31177","0"
"Wayne","0","2","Nebraska","5/9/20","1","1","31179","100"
"Webster","0","5","Nebraska","5/9/20","5","0","31181","0"
"York","1","17","Nebraska","5/9/20","12","5","31185","41.67"
"Carson City","1","52","Nevada","5/9/20","48","4","32510","8.33"
"Churchill","0","3","Nevada","5/9/20","3","0","32001","0"
"Clark","68","4704","Nevada","5/9/20","4225","479","32003","11.34"
"Douglas","0","24","Nevada","5/9/20","21","3","32005","14.29"
"Elko","0","15","Nevada","5/9/20","15","0","32007","0"
"Humboldt","3","65","Nevada","5/9/20","44","21","32013","47.73"
"Lander","1","17","Nevada","5/9/20","7","10","32015","142.86"
"Lincoln","0","1","Nevada","5/9/20","0","1","32017","1"
"Lyon","1","40","Nevada","5/9/20","33","7","32019","21.21"
"Mineral","0","4","Nevada","5/9/20","4","0","32021","0"
"Nye","1","44","Nevada","5/9/20","37","7","32023","18.92"
"Washoe","18","1077","Nevada","5/9/20","949","128","32031","13.49"
"White Pine","0","3","Nevada","5/9/20","3","0","32033","0"
"Belknap","1","44","New Hampshire","5/9/20","38","6","33001","15.79"
"Carroll","1","36","New Hampshire","5/9/20","32","4","33003","12.5"
"Cheshire","0","43","New Hampshire","5/9/20","40","3","33005","7.5"
"Coos","0","2","New Hampshire","5/9/20","2","0","33007","0"
"Grafton","1","55","New Hampshire","5/9/20","51","4","33009","7.84"
"Hillsborough","49","1404","New Hampshire","5/9/20","1058","346","33011","32.7"
"Merrimack","7","234","New Hampshire","5/9/20","185","49","33013","26.49"
"Rockingham","19","964","New Hampshire","5/9/20","828","136","33015","16.43"
"Strafford","5","183","New Hampshire","5/9/20","149","34","33017","22.82"
"Sullivan","0","14","New Hampshire","5/9/20","12","2","33019","16.67"
"Atlantic","63","1494","New Jersey","5/9/20","1050","444","34001","42.29"
"Bergen","119","16804","New Jersey","5/9/20","15974","830","34003","5.2"
"Burlington","93","3531","New Jersey","5/9/20","2879","652","34005","22.65"
"Camden","141","4758","New Jersey","5/9/20","3773","985","34007","26.11"
"Cape May","15","442","New Jersey","5/9/20","337","105","34009","31.16"
"Cumberland","62","1245","New Jersey","5/9/20","809","436","34011","53.89"
"Essex","185","15544","New Jersey","5/9/20","14248","1296","34013","9.1"
"Gloucester","42","1631","New Jersey","5/9/20","1334","297","34015","22.26"
"Hudson","281","17365","New Jersey","5/9/20","15401","1964","34017","12.75"
"Hunterdon","12","706","New Jersey","5/9/20","622","84","34019","13.5"
"Mercer","137","5233","New Jersey","5/9/20","4271","962","34021","22.52"
"Middlesex","221","13759","New Jersey","5/9/20","12213","1546","34023","12.66"
"Monmouth","88","6815","New Jersey","5/9/20","6198","617","34025","9.95"
"Morris","61","5833","New Jersey","5/9/20","5406","427","34027","7.9"
"Ocean","96","7366","New Jersey","5/9/20","6692","674","34029","10.07"
"Passaic","192","14428","New Jersey","5/9/20","13082","1346","34031","10.29"
"Salem","20","400","New Jersey","5/9/20","261","139","34033","53.26"
"Somerset","56","3996","New Jersey","5/9/20","3605","391","34035","10.85"
"Sussex","11","1023","New Jersey","5/9/20","949","74","34037","7.8"
"Union","141","13984","New Jersey","5/9/20","12996","988","34039","7.6"
"Warren","14","1040","New Jersey","5/9/20","941","99","34041","10.52"
"Bernalillo","24","1050","New Mexico","5/9/20","883","167","35001","18.91"
"Catron","0","2","New Mexico","5/9/20","1","1","35003","100"
"Chaves","1","27","New Mexico","5/9/20","23","4","35005","17.39"
"Cibola","3","86","New Mexico","5/9/20","63","23","35006","36.51"
"Colfax","0","5","New Mexico","5/9/20","5","0","35007","0"
"Curry","2","29","New Mexico","5/9/20","18","11","35009","61.11"
"Dona Ana","7","201","New Mexico","5/9/20","153","48","35013","31.37"
"Eddy","0","14","New Mexico","5/9/20","13","1","35015","7.69"
"Grant","0","15","New Mexico","5/9/20","15","0","35017","0"
"Guadalupe","0","15","New Mexico","5/9/20","14","1","35019","7.14"
"Harding","0","1","New Mexico","5/9/20","1","0","35021","0"
"Lea","0","14","New Mexico","5/9/20","12","2","35025","16.67"
"Lincoln","0","2","New Mexico","5/9/20","2","0","35027","0"
"Los Alamos","0","6","New Mexico","5/9/20","6","0","35028","0"
"Luna","0","7","New Mexico","5/9/20","6","1","35029","16.67"
"McKinley","56","1508","New Mexico","5/9/20","1116","392","35031","35.13"
"Otero","0","7","New Mexico","5/9/20","6","1","35035","16.67"
"Quay","0","4","New Mexico","5/9/20","4","0","35037","0"
"Rio Arriba","1","27","New Mexico","5/9/20","22","5","35039","22.73"
"Roosevelt","0","11","New Mexico","5/9/20","9","2","35041","22.22"
"San Juan","44","1015","New Mexico","5/9/20","710","305","35045","42.96"
"San Miguel","1","6","New Mexico","5/9/20","2","4","35047","200"
"Sandoval","6","452","New Mexico","5/9/20","410","42","35043","10.24"
"Santa Fe","0","110","New Mexico","5/9/20","107","3","35049","2.8"
"Sierra","0","1","New Mexico","5/9/20","1","0","35051","0"
"Socorro","1","48","New Mexico","5/9/20","43","5","35053","11.63"
"Taos","0","20","New Mexico","5/9/20","19","1","35055","5.26"
"Torrance","0","18","New Mexico","5/9/20","16","2","35057","12.5"
"Union","0","3","New Mexico","5/9/20","3","0","35059","0"
"Valencia","1","55","New Mexico","5/9/20","49","6","35061","12.24"
"Albany","25","1416","New York","5/9/20","1238","178","36001","14.38"
"Allegany","0","35","New York","5/9/20","35","0","36003","0"
"Broome","10","372","New York","5/9/20","305","67","36007","21.97"
"Cattaraugus","1","60","New York","5/9/20","50","10","36009","20"
"Cayuga","0","53","New York","5/9/20","51","2","36011","3.92"
"Chautauqua","1","40","New York","5/9/20","35","5","36013","14.29"
"Chemung","1","131","New York","5/9/20","124","7","36015","5.65"
"Chenango","1","109","New York","5/9/20","99","10","36017","10.1"
"Clinton","2","76","New York","5/9/20","62","14","36019","22.58"
"Columbia","14","304","New York","5/9/20","205","99","36021","48.29"
"Cortland","0","29","New York","5/9/20","28","1","36023","3.57"
"Delaware","0","63","New York","5/9/20","61","2","36025","3.28"
"Dutchess","39","3319","New York","5/9/20","3049","270","36027","8.86"
"Erie","106","4337","New York","5/9/20","3598","739","36029","20.54"
"Essex","0","31","New York","5/9/20","28","3","36031","10.71"
"Franklin","0","17","New York","5/9/20","15","2","36033","13.33"
"Fulton","4","104","New York","5/9/20","79","25","36035","31.65"
"Genesee","2","170","New York","5/9/20","155","15","36037","9.68"
"Greene","9","204","New York","5/9/20","142","62","36039","43.66"
"Hamilton","0","5","New York","5/9/20","3","2","36041","66.67"
"Herkimer","2","77","New York","5/9/20","61","16","36043","26.23"
"Jefferson","1","67","New York","5/9/20","62","5","36045","8.06"
"Lewis","0","11","New York","5/9/20","9","2","36049","22.22"
"Livingston","4","101","New York","5/9/20","76","25","36051","32.89"
"Madison","14","250","New York","5/9/20","149","101","36053","67.79"
"Monroe","34","1775","New York","5/9/20","1534","241","36055","15.71"
"Montgomery","2","66","New York","5/9/20","54","12","36057","22.22"
"Nassau","216","38028","New York","5/9/20","36519","1509","36059","4.13"
"New York","1562","183289","New York","5/9/20","172354","10935","36061","6.34"
"Niagara","24","627","New York","5/9/20","457","170","36063","37.2"
"Oneida","23","638","New York","5/9/20","474","164","36065","34.6"
"Onondaga","45","1218","New York","5/9/20","903","315","36067","34.88"
"Ontario","2","104","New York","5/9/20","92","12","36069","13.04"
"Orange","82","9486","New York","5/9/20","8910","576","36071","6.46"
"Orleans","4","122","New York","5/9/20","93","29","36073","31.18"
"Oswego","1","75","New York","5/9/20","66","9","36075","13.64"
"Otsego","0","67","New York","5/9/20","67","0","36077","0"
"Putnam","11","1080","New York","5/9/20","1003","77","36079","7.68"
"Rensselaer","14","407","New York","5/9/20","311","96","36083","30.87"
"Rockland","65","12400","New York","5/9/20","11945","455","36087","3.81"
"Saratoga","5","399","New York","5/9/20","361","38","36091","10.53"
"Schenectady","7","571","New York","5/9/20","521","50","36093","9.6"
"Schoharie","0","46","New York","5/9/20","43","3","36095","6.98"
"Schuyler","0","7","New York","5/9/20","7","0","36097","0"
"Seneca","1","48","New York","5/9/20","42","6","36099","14.29"
"St. Lawrence","2","187","New York","5/9/20","176","11","36089","6.25"
"Steuben","1","226","New York","5/9/20","217","9","36101","4.15"
"Suffolk","283","36461","New York","5/9/20","34478","1983","36103","5.75"
"Sullivan","20","1071","New York","5/9/20","931","140","36105","15.04"
"Tioga","2","104","New York","5/9/20","90","14","36107","15.56"
"Tompkins","1","132","New York","5/9/20","128","4","36109","3.12"
"Ulster","16","1440","New York","5/9/20","1327","113","36111","8.52"
"Warren","2","202","New York","5/9/20","185","17","36113","9.19"
"Washington","3","204","New York","5/9/20","184","20","36115","10.87"
"Wayne","1","79","New York","5/9/20","73","6","36117","8.22"
"Westchester","209","31087","New York","5/9/20","29626","1461","36119","4.93"
"Wyoming","1","75","New York","5/9/20","69","6","36121","8.7"
"Yates","0","20","New York","5/9/20","18","2","36123","11.11"
"Alamance","4","152","North Carolina","5/9/20","121","31","37001","25.62"
"Alexander","1","10","North Carolina","5/9/20","4","6","37003","150"
"Alleghany","0","7","North Carolina","5/9/20","6","1","37005","16.67"
"Anson","1","38","North Carolina","5/9/20","29","9","37007","31.03"
"Ashe","0","8","North Carolina","5/9/20","5","3","37009","60"
"Beaufort","0","24","North Carolina","5/9/20","22","2","37013","9.09"
"Bertie","2","60","North Carolina","5/9/20","47","13","37015","27.66"
"Bladen","3","51","North Carolina","5/9/20","27","24","37017","88.89"
"Brunswick","1","50","North Carolina","5/9/20","44","6","37019","13.64"
"Buncombe","3","92","North Carolina","5/9/20","72","20","37021","27.78"
"Burke","3","131","North Carolina","5/9/20","110","21","37023","19.09"
"Cabarrus","4","341","North Carolina","5/9/20","310","31","37025","10"
"Caldwell","4","59","North Carolina","5/9/20","34","25","37027","73.53"
"Camden","0","2","North Carolina","5/9/20","2","0","37029","0"
"Carteret","0","32","North Carolina","5/9/20","29","3","37031","10.34"
"Caswell","1","38","North Carolina","5/9/20","30","8","37033","26.67"
"Catawba","3","78","North Carolina","5/9/20","56","22","37035","39.29"
"Chatham","10","447","North Carolina","5/9/20","375","72","37037","19.2"
"Cherokee","2","27","North Carolina","5/9/20","16","11","37039","68.75"
"Chowan","0","10","North Carolina","5/9/20","7","3","37041","42.86"
"Clay","0","8","North Carolina","5/9/20","6","2","37043","33.33"
"Cleveland","0","50","North Carolina","5/9/20","47","3","37045","6.38"
"Columbus","5","196","North Carolina","5/9/20","164","32","37047","19.51"
"Craven","1","51","North Carolina","5/9/20","42","9","37049","21.43"
"Cumberland","10","356","North Carolina","5/9/20","289","67","37051","23.18"
"Currituck","1","9","North Carolina","5/9/20","5","4","37053","80"
"Dare","0","18","North Carolina","5/9/20","15","3","37055","20"
"Davidson","3","201","North Carolina","5/9/20","180","21","37057","11.67"
"Davie","0","32","North Carolina","5/9/20","31","1","37059","3.23"
"Duplin","16","225","North Carolina","5/9/20","113","112","37061","99.12"
"Durham","17","876","North Carolina","5/9/20","755","121","37063","16.03"
"Edgecombe","8","151","North Carolina","5/9/20","98","53","37065","54.08"
"Forsyth","15","369","North Carolina","5/9/20","266","103","37067","38.72"
"Franklin","1","111","North Carolina","5/9/20","104","7","37069","6.73"
"Gaston","3","168","North Carolina","5/9/20","150","18","37071","12"
"Gates","0","11","North Carolina","5/9/20","9","2","37073","22.22"
"Graham","0","2","North Carolina","5/9/20","2","0","37075","0"
"Granville","1","164","North Carolina","5/9/20","157","7","37077","4.46"
"Greene","2","34","North Carolina","5/9/20","19","15","37079","78.95"
"Guilford","20","574","North Carolina","5/9/20","437","137","37081","31.35"
"Halifax","3","85","North Carolina","5/9/20","62","23","37083","37.1"
"Harnett","6","212","North Carolina","5/9/20","173","39","37085","22.54"
"Haywood","1","18","North Carolina","5/9/20","12","6","37087","50"
"Henderson","3","224","North Carolina","5/9/20","201","23","37089","11.44"
"Hertford","1","48","North Carolina","5/9/20","40","8","37091","20"
"Hoke","3","120","North Carolina","5/9/20","97","23","37093","23.71"
"Hyde","0","1","North Carolina","5/9/20","1","0","37095","0"
"Iredell","4","147","North Carolina","5/9/20","119","28","37097","23.53"
"Jackson","1","21","North Carolina","5/9/20","16","5","37099","31.25"
"Johnston","5","201","North Carolina","5/9/20","164","37","37101","22.56"
"Jones","0","19","North Carolina","5/9/20","17","2","37103","11.76"
"Lee","7","246","North Carolina","5/9/20","197","49","37105","24.87"
"Lenoir","4","113","North Carolina","5/9/20","82","31","37107","37.8"
"Lincoln","2","39","North Carolina","5/9/20","28","11","37109","39.29"
"Macon","0","3","North Carolina","5/9/20","3","0","37113","0"
"Madison","0","1","North Carolina","5/9/20","1","0","37115","0"
"Martin","2","29","North Carolina","5/9/20","18","11","37117","61.11"
"McDowell","1","29","North Carolina","5/9/20","25","4","37111","16"
"Mecklenburg","49","2043","North Carolina","5/9/20","1699","344","37119","20.25"
"Mitchell","0","5","North Carolina","5/9/20","5","0","37121","0"
"Montgomery","1","43","North Carolina","5/9/20","38","5","37123","13.16"
"Moore","3","148","North Carolina","5/9/20","125","23","37125","18.4"
"Nash","3","118","North Carolina","5/9/20","99","19","37127","19.19"
"New Hanover","3","97","North Carolina","5/9/20","79","18","37129","22.78"
"Northampton","2","102","North Carolina","5/9/20","89","13","37131","14.61"
"Onslow","0","54","North Carolina","5/9/20","51","3","37133","5.88"
"Orange","4","248","North Carolina","5/9/20","223","25","37135","11.21"
"Pamlico","0","8","North Carolina","5/9/20","8","0","37137","0"
"Pasquotank","6","81","North Carolina","5/9/20","36","45","37139","125"
"Pender","3","36","North Carolina","5/9/20","16","20","37141","125"
"Perquimans","0","17","North Carolina","5/9/20","14","3","37143","21.43"
"Person","1","30","North Carolina","5/9/20","22","8","37145","36.36"
"Pitt","5","162","North Carolina","5/9/20","128","34","37147","26.56"
"Polk","1","31","North Carolina","5/9/20","23","8","37149","34.78"
"Randolph","13","317","North Carolina","5/9/20","228","89","37151","39.04"
"Richmond","5","89","North Carolina","5/9/20","55","34","37153","61.82"
"Robeson","23","365","North Carolina","5/9/20","201","164","37155","81.59"
"Rockingham","2","39","North Carolina","5/9/20","26","13","37157","50"
"Rowan","13","480","North Carolina","5/9/20","388","92","37159","23.71"
"Rutherford","1","152","North Carolina","5/9/20","142","10","37161","7.04"
"Sampson","9","145","North Carolina","5/9/20","83","62","37163","74.7"
"Scotland","1","36","North Carolina","5/9/20","29","7","37165","24.14"
"Stanly","0","30","North Carolina","5/9/20","29","1","37167","3.45"
"Stokes","0","11","North Carolina","5/9/20","11","0","37169","0"
"Surry","2","33","North Carolina","5/9/20","17","16","37171","94.12"
"Swain","0","5","North Carolina","5/9/20","4","1","37173","25"
"Transylvania","0","8","North Carolina","5/9/20","8","0","37175","0"
"Tyrrell","0","4","North Carolina","5/9/20","4","0","37177","0"
"Union","5","294","North Carolina","5/9/20","257","37","37179","14.4"
"Vance","7","161","North Carolina","5/9/20","113","48","37181","42.48"
"Wake","22","1022","North Carolina","5/9/20","870","152","37183","17.47"
"Warren","1","23","North Carolina","5/9/20","15","8","37185","53.33"
"Washington","0","25","North Carolina","5/9/20","24","1","37187","4.17"
"Watauga","0","9","North Carolina","5/9/20","9","0","37189","0"
"Wayne","7","726","North Carolina","5/9/20","674","52","37191","7.72"
"Wilkes","20","202","North Carolina","5/9/20","59","143","37193","242.37"
"Wilson","4","203","North Carolina","5/9/20","173","30","37195","17.34"
"Yadkin","4","49","North Carolina","5/9/20","23","26","37197","113.04"
"Yancey","1","8","North Carolina","5/9/20","0","8","37199","1"
"Barnes","0","4","North Dakota","5/9/20","4","0","38003","0"
"Benson","0","2","North Dakota","5/9/20","0","2","38005","1"
"Bowman","0","1","North Dakota","5/9/20","1","0","38011","0"
"Burke","0","5","North Dakota","5/9/20","3","2","38013","66.67"
"Burleigh","3","103","North Dakota","5/9/20","80","23","38015","28.75"
"Cass","30","781","North Dakota","5/9/20","572","209","38017","36.54"
"Divide","0","1","North Dakota","5/9/20","1","0","38023","0"
"Dunn","0","11","North Dakota","5/9/20","11","0","38025","0"
"Eddy","0","1","North Dakota","5/9/20","1","0","38027","0"
"Emmons","0","1","North Dakota","5/9/20","1","0","38029","0"
"Foster","0","1","North Dakota","5/9/20","1","0","38031","0"
"Grand Forks","3","284","North Dakota","5/9/20","265","19","38035","7.17"
"Grant","0","1","North Dakota","5/9/20","1","0","38037","0"
"McHenry","0","2","North Dakota","5/9/20","1","1","38049","100"
"McIntosh","0","1","North Dakota","5/9/20","1","0","38051","0"
"McKenzie","0","15","North Dakota","5/9/20","13","2","38053","15.38"
"McLean","0","5","North Dakota","5/9/20","5","0","38055","0"
"Mercer","0","3","North Dakota","5/9/20","0","3","38057","1"
"Morton","2","35","North Dakota","5/9/20","24","11","38059","45.83"
"Mountrail","0","37","North Dakota","5/9/20","35","2","38061","5.71"
"Nelson","0","1","North Dakota","5/9/20","1","0","38063","0"
"Oliver","0","1","North Dakota","5/9/20","1","0","38065","0"
"Pembina","0","6","North Dakota","5/9/20","3","3","38067","100"
"Pierce","0","3","North Dakota","5/9/20","2","1","38069","50"
"Ramsey","1","7","North Dakota","5/9/20","3","4","38071","133.33"
"Ransom","0","3","North Dakota","5/9/20","1","2","38073","200"
"Renville","0","1","North Dakota","5/9/20","1","0","38075","0"
"Richland","0","8","North Dakota","5/9/20","7","1","38077","14.29"
"Rolette","0","3","North Dakota","5/9/20","1","2","38079","200"
"Sargent","0","3","North Dakota","5/9/20","1","2","38081","200"
"Sioux","0","1","North Dakota","5/9/20","1","0","38085","0"
"Slope","0","3","North Dakota","5/9/20","3","0","38087","0"
"Stark","1","61","North Dakota","5/9/20","54","7","38089","12.96"
"Stutsman","0","13","North Dakota","5/9/20","10","3","38093","30"
"Traill","0","1","North Dakota","5/9/20","0","1","38097","1"
"Walsh","0","8","North Dakota","5/9/20","7","1","38099","14.29"
"Ward","0","27","North Dakota","5/9/20","25","2","38101","8"
"Wells","0","2","North Dakota","5/9/20","2","0","38103","0"
"Williams","1","18","North Dakota","5/9/20","10","8","38105","80"
"","0","16","Northern Mariana Islands","5/9/20","14","2",,"14.29"
"Adams","0","6","Ohio","5/9/20","5","1","39001","20"
"Allen","3","144","Ohio","5/9/20","123","21","39003","17.07"
"Ashland","1","14","Ohio","5/9/20","8","6","39005","75"
"Ashtabula","7","190","Ohio","5/9/20","142","48","39007","33.8"
"Athens","0","5","Ohio","5/9/20","4","1","39009","25"
"Auglaize","1","42","Ohio","5/9/20","34","8","39011","23.53"
"Belmont","10","229","Ohio","5/9/20","156","73","39013","46.79"
"Brown","1","16","Ohio","5/9/20","11","5","39015","45.45"
"Butler","17","436","Ohio","5/9/20","318","118","39017","37.11"
"Carroll","0","23","Ohio","5/9/20","21","2","39019","9.52"
"Champaign","0","17","Ohio","5/9/20","14","3","39021","21.43"
"Clark","4","90","Ohio","5/9/20","63","27","39023","42.86"
"Clermont","3","122","Ohio","5/9/20","99","23","39025","23.23"
"Clinton","0","33","Ohio","5/9/20","31","2","39027","6.45"
"Columbiana","6","319","Ohio","5/9/20","274","45","39029","16.42"
"Coshocton","0","19","Ohio","5/9/20","17","2","39031","11.76"
"Crawford","3","71","Ohio","5/9/20","50","21","39033","42"
"Cuyahoga","64","2755","Ohio","5/9/20","2305","450","39035","19.52"
"Darke","1","84","Ohio","5/9/20","76","8","39037","10.53"
"Defiance","1","26","Ohio","5/9/20","20","6","39039","30"
"Delaware","6","211","Ohio","5/9/20","168","43","39041","25.6"
"Erie","3","79","Ohio","5/9/20","58","21","39043","36.21"
"Fairfield","5","177","Ohio","5/9/20","140","37","39045","26.43"
"Fayette","1","27","Ohio","5/9/20","17","10","39047","58.82"
"Franklin","145","3710","Ohio","5/9/20","2698","1012","39049","37.51"
"Fulton","1","30","Ohio","5/9/20","24","6","39051","25"
"Gallia","0","6","Ohio","5/9/20","6","0","39053","0"
"Geauga","4","189","Ohio","5/9/20","159","30","39055","18.87"
"Greene","1","53","Ohio","5/9/20","48","5","39057","10.42"
"Guernsey","1","21","Ohio","5/9/20","16","5","39059","31.25"
"Hamilton","54","1731","Ohio","5/9/20","1353","378","39061","27.94"
"Hancock","0","39","Ohio","5/9/20","38","1","39063","2.63"
"Hardin","0","27","Ohio","5/9/20","26","1","39065","3.85"
"Harrison","0","6","Ohio","5/9/20","5","1","39067","20"
"Henry","0","8","Ohio","5/9/20","5","3","39069","60"
"Highland","0","12","Ohio","5/9/20","10","2","39071","20"
"Hocking","0","20","Ohio","5/9/20","19","1","39073","5.26"
"Holmes","0","7","Ohio","5/9/20","6","1","39075","16.67"
"Huron","1","38","Ohio","5/9/20","31","7","39077","22.58"
"Jackson","0","7","Ohio","5/9/20","4","3","39079","75"
"Jefferson","2","54","Ohio","5/9/20","43","11","39081","25.58"
"Knox","0","20","Ohio","5/9/20","18","2","39083","11.11"
"Lake","3","194","Ohio","5/9/20","170","24","39085","14.12"
"Lawrence","0","24","Ohio","5/9/20","25","-1","39087","-4"
"Licking","6","162","Ohio","5/9/20","122","40","39089","32.79"
"Logan","1","23","Ohio","5/9/20","19","4","39091","21.05"
"Lorain","9","543","Ohio","5/9/20","480","63","39093","13.12"
"Lucas","54","1710","Ohio","5/9/20","1331","379","39095","28.47"
"Madison","2","81","Ohio","5/9/20","64","17","39097","26.56"
"Mahoning","32","1104","Ohio","5/9/20","883","221","39099","25.03"
"Marion","12","2381","Ohio","5/9/20","2294","87","39101","3.79"
"Medina","3","193","Ohio","5/9/20","172","21","39103","12.21"
"Meigs","0","3","Ohio","5/9/20","2","1","39105","50"
"Mercer","5","66","Ohio","5/9/20","28","38","39107","135.71"
"Miami","14","244","Ohio","5/9/20","143","101","39109","70.63"
"Monroe","1","8","Ohio","5/9/20","4","4","39111","100"
"Montgomery","8","369","Ohio","5/9/20","311","58","39113","18.65"
"Morgan","0","5","Ohio","5/9/20","4","1","39115","25"
"Morrow","1","84","Ohio","5/9/20","75","9","39117","12"
"Muskingum","1","25","Ohio","5/9/20","17","8","39119","47.06"
"Noble","0","6","Ohio","5/9/20","5","1","39121","20"
"Ottawa","1","46","Ohio","5/9/20","40","6","39123","15"
"Paulding","0","9","Ohio","5/9/20","8","1","39125","12.5"
"Perry","0","13","Ohio","5/9/20","13","0","39127","0"
"Pickaway","17","1844","Ohio","5/9/20","1724","120","39129","6.96"
"Pike","0","5","Ohio","5/9/20","3","2","39131","66.67"
"Portage","4","274","Ohio","5/9/20","243","31","39133","12.76"
"Preble","0","28","Ohio","5/9/20","27","1","39135","3.7"
"Putnam","1","76","Ohio","5/9/20","69","7","39137","10.14"
"Richland","3","113","Ohio","5/9/20","89","24","39139","26.97"
"Ross","1","48","Ohio","5/9/20","40","8","39141","20"
"Sandusky","2","48","Ohio","5/9/20","32","16","39143","50"
"Scioto","0","13","Ohio","5/9/20","11","2","39145","18.18"
"Seneca","0","14","Ohio","5/9/20","14","0","39147","0"
"Shelby","0","31","Ohio","5/9/20","30","1","39149","3.33"
"Stark","14","479","Ohio","5/9/20","379","100","39151","26.39"
"Summit","29","880","Ohio","5/9/20","679","201","39153","29.6"
"Trumbull","11","404","Ohio","5/9/20","324","80","39155","24.69"
"Tuscarawas","12","196","Ohio","5/9/20","109","87","39157","79.82"
"Union","1","28","Ohio","5/9/20","22","6","39159","27.27"
"Van Wert","0","3","Ohio","5/9/20","3","0","39161","0"
"Vinton","1","11","Ohio","5/9/20","6","5","39163","83.33"
"Warren","5","202","Ohio","5/9/20","166","36","39165","21.69"
"Washington","2","113","Ohio","5/9/20","100","13","39167","13"
"Wayne","6","188","Ohio","5/9/20","149","39","39169","26.17"
"Williams","1","44","Ohio","5/9/20","36","8","39171","22.22"
"Wood","6","222","Ohio","5/9/20","183","39","39173","21.31"
"Wyandot","0","27","Ohio","5/9/20","24","3","39175","12.5"
"Adair","1","74","Oklahoma","5/9/20","65","9","40001","13.85"
"Alfalfa","0","1","Oklahoma","5/9/20","1","0","40003","0"
"Atoka","0","1","Oklahoma","5/9/20","1","0","40005","0"
"Beaver","1","20","Oklahoma","5/9/20","13","7","40007","53.85"
"Beckham","0","6","Oklahoma","5/9/20","5","1","40009","20"
"Blaine","0","2","Oklahoma","5/9/20","0","2","40011","1"
"Bryan","0","12","Oklahoma","5/9/20","9","3","40013","33.33"
"Caddo","5","100","Oklahoma","5/9/20","64","36","40015","56.25"
"Canadian","2","110","Oklahoma","5/9/20","98","12","40017","12.24"
"Carter","0","6","Oklahoma","5/9/20","3","3","40019","100"
"Cherokee","0","30","Oklahoma","5/9/20","27","3","40021","11.11"
"Choctaw","0","3","Oklahoma","5/9/20","3","0","40023","0"
"Cimarron","0","1","Oklahoma","5/9/20","1","0","40025","0"
"Cleveland","4","455","Oklahoma","5/9/20","430","25","40027","5.81"
"Comanche","6","124","Oklahoma","5/9/20","84","40","40031","47.62"
"Cotton","0","5","Oklahoma","5/9/20","5","0","40033","0"
"Craig","0","13","Oklahoma","5/9/20","11","2","40035","18.18"
"Creek","0","82","Oklahoma","5/9/20","80","2","40037","2.5"
"Custer","0","11","Oklahoma","5/9/20","10","1","40039","10"
"Delaware","0","92","Oklahoma","5/9/20","91","1","40041","1.1"
"Dewey","0","2","Oklahoma","5/9/20","2","0","40043","0"
"Garfield","1","22","Oklahoma","5/9/20","18","4","40047","22.22"
"Garvin","0","14","Oklahoma","5/9/20","14","0","40049","0"
"Grady","1","45","Oklahoma","5/9/20","38","7","40051","18.42"
"Grant","0","2","Oklahoma","5/9/20","2","0","40053","0"
"Greer","0","65","Oklahoma","5/9/20","65","0","40055","0"
"Harper","0","1","Oklahoma","5/9/20","1","0","40059","0"
"Haskell","0","5","Oklahoma","5/9/20","5","0","40061","0"
"Jackson","0","19","Oklahoma","5/9/20","16","3","40065","18.75"
"Jefferson","0","3","Oklahoma","5/9/20","2","1","40067","50"
"Johnston","0","3","Oklahoma","5/9/20","3","0","40069","0"
"Kay","0","48","Oklahoma","5/9/20","47","1","40071","2.13"
"Kingfisher","0","8","Oklahoma","5/9/20","8","0","40073","0"
"Kiowa","0","7","Oklahoma","5/9/20","5","2","40075","40"
"Latimer","0","5","Oklahoma","5/9/20","5","0","40077","0"
"Le Flore","0","13","Oklahoma","5/9/20","13","0","40079","0"
"Lincoln","0","17","Oklahoma","5/9/20","14","3","40081","21.43"
"Logan","0","18","Oklahoma","5/9/20","16","2","40083","12.5"
"Love","0","3","Oklahoma","5/9/20","2","1","40085","50"
"Major","0","5","Oklahoma","5/9/20","3","2","40093","66.67"
"Marshall","0","2","Oklahoma","5/9/20","2","0","40095","0"
"Mayes","0","24","Oklahoma","5/9/20","24","0","40097","0"
"McClain","2","85","Oklahoma","5/9/20","74","11","40087","14.86"
"McCurtain","0","8","Oklahoma","5/9/20","8","0","40089","0"
"McIntosh","0","5","Oklahoma","5/9/20","2","3","40091","150"
"Murray","0","2","Oklahoma","5/9/20","2","0","40099","0"
"Muskogee","0","29","Oklahoma","5/9/20","27","2","40101","7.41"
"Noble","0","7","Oklahoma","5/9/20","6","1","40103","16.67"
"Nowata","0","22","Oklahoma","5/9/20","21","1","40105","4.76"
"Okfuskee","0","1","Oklahoma","5/9/20","1","0","40107","0"
"Oklahoma","15","927","Oklahoma","5/9/20","822","105","40109","12.77"
"Okmulgee","0","16","Oklahoma","5/9/20","16","0","40111","0"
"Osage","2","88","Oklahoma","5/9/20","76","12","40113","15.79"
"Ottawa","0","34","Oklahoma","5/9/20","34","0","40115","0"
"Pawnee","0","29","Oklahoma","5/9/20","29","0","40117","0"
"Payne","0","45","Oklahoma","5/9/20","44","1","40119","2.27"
"Pittsburg","1","39","Oklahoma","5/9/20","35","4","40121","11.43"
"Pontotoc","0","10","Oklahoma","5/9/20","10","0","40123","0"
"Pottawatomie","0","54","Oklahoma","5/9/20","51","3","40125","5.88"
"Pushmataha","0","1","Oklahoma","5/9/20","1","0","40127","0"
"Rogers","1","70","Oklahoma","5/9/20","65","5","40131","7.69"
"Seminole","1","20","Oklahoma","5/9/20","12","8","40133","66.67"
"Sequoyah","0","13","Oklahoma","5/9/20","12","1","40135","8.33"
"Stephens","0","22","Oklahoma","5/9/20","22","0","40137","0"
"Texas","25","345","Oklahoma","5/9/20","172","173","40139","100.58"
"Tillman","2","19","Oklahoma","5/9/20","2","17","40141","850"
"Tulsa","13","695","Oklahoma","5/9/20","607","88","40143","14.5"
"Wagoner","0","125","Oklahoma","5/9/20","122","3","40145","2.46"
"Washington","4","296","Oklahoma","5/9/20","268","28","40147","10.45"
"Woods","0","3","Oklahoma","5/9/20","3","0","40151","0"
"Woodward","0","1","Oklahoma","5/9/20","1","0","40153","0"
"Baker","0","1","Oregon","5/9/20","0","1","41001","1"
"Benton","2","44","Oregon","5/9/20","32","12","41003","37.5"
"Clackamas","5","256","Oregon","5/9/20","224","32","41005","14.29"
"Clatsop","3","28","Oregon","5/9/20","7","21","41007","300"
"Columbia","0","15","Oregon","5/9/20","14","1","41009","7.14"
"Coos","1","30","Oregon","5/9/20","21","9","41011","42.86"
"Crook","0","1","Oregon","5/9/20","1","0","41013","0"
"Curry","0","4","Oregon","5/9/20","4","0","41015","0"
"Deschutes","1","85","Oregon","5/9/20","78","7","41017","8.97"
"Douglas","0","24","Oregon","5/9/20","24","0","41019","0"
"Grant","0","1","Oregon","5/9/20","1","0","41023","0"
"Harney","0","1","Oregon","5/9/20","1","0","41025","0"
"Hood River","1","12","Oregon","5/9/20","7","5","41027","71.43"
"Jackson","0","49","Oregon","5/9/20","49","0","41029","0"
"Jefferson","2","24","Oregon","5/9/20","13","11","41031","84.62"
"Josephine","0","24","Oregon","5/9/20","21","3","41033","14.29"
"Klamath","0","39","Oregon","5/9/20","39","0","41035","0"
"Lane","1","60","Oregon","5/9/20","54","6","41039","11.11"
"Lincoln","0","6","Oregon","5/9/20","5","1","41041","20"
"Linn","2","102","Oregon","5/9/20","87","15","41043","17.24"
"Malheur","0","14","Oregon","5/9/20","12","2","41045","16.67"
"Marion","20","663","Oregon","5/9/20","523","140","41047","26.77"
"Morrow","0","12","Oregon","5/9/20","9","3","41049","33.33"
"Multnomah","18","863","Oregon","5/9/20","734","129","41051","17.57"
"Polk","6","82","Oregon","5/9/20","41","41","41053","100"
"Sherman","0","1","Oregon","5/9/20","1","0","41055","0"
"Tillamook","0","6","Oregon","5/9/20","6","0","41057","0"
"Umatilla","3","84","Oregon","5/9/20","61","23","41059","37.7"
"Union","0","4","Oregon","5/9/20","4","0","41061","0"
"Wallowa","0","1","Oregon","5/9/20","1","0","41063","0"
"Wasco","0","15","Oregon","5/9/20","13","2","41065","15.38"
"Washington","8","562","Oregon","5/9/20","509","53","41067","10.41"
"Yamhill","1","47","Oregon","5/9/20","39","8","41071","20.51"
"Adams","2","156","Pennsylvania","5/9/20","141","15","42001","10.64"
"Allegheny","22","1486","Pennsylvania","5/9/20","1333","153","42003","11.48"
"Armstrong","0","55","Pennsylvania","5/9/20","52","3","42005","5.77"
"Beaver","7","482","Pennsylvania","5/9/20","435","47","42007","10.8"
"Bedford","1","29","Pennsylvania","5/9/20","24","5","42009","20.83"
"Berks","64","3257","Pennsylvania","5/9/20","2810","447","42011","15.91"
"Blair","1","28","Pennsylvania","5/9/20","23","5","42013","21.74"
"Bradford","0","38","Pennsylvania","5/9/20","35","3","42015","8.57"
"Bucks","96","3852","Pennsylvania","5/9/20","3182","670","42017","21.06"
"Butler","2","194","Pennsylvania","5/9/20","180","14","42019","7.78"
"Cambria","1","42","Pennsylvania","5/9/20","32","10","42021","31.25"
"Cameron","0","2","Pennsylvania","5/9/20","1","1","42023","100"
"Carbon","2","195","Pennsylvania","5/9/20","182","13","42025","7.14"
"Centre","3","117","Pennsylvania","5/9/20","96","21","42027","21.88"
"Chester","44","1774","Pennsylvania","5/9/20","1469","305","42029","20.76"
"Clarion","0","23","Pennsylvania","5/9/20","23","0","42031","0"
"Clearfield","1","24","Pennsylvania","5/9/20","16","8","42033","50"
"Clinton","1","41","Pennsylvania","5/9/20","34","7","42035","20.59"
"Columbia","5","323","Pennsylvania","5/9/20","290","33","42037","11.38"
"Crawford","0","20","Pennsylvania","5/9/20","19","1","42039","5.26"
"Cumberland","9","425","Pennsylvania","5/9/20","365","60","42041","16.44"
"Dauphin","26","797","Pennsylvania","5/9/20","617","180","42043","29.17"
"Delaware","120","4836","Pennsylvania","5/9/20","3999","837","42045","20.93"
"Elk","0","5","Pennsylvania","5/9/20","4","1","42047","25"
"Erie","4","120","Pennsylvania","5/9/20","90","30","42049","33.33"
"Fayette","0","85","Pennsylvania","5/9/20","82","3","42051","3.66"
"Forest","0","7","Pennsylvania","5/9/20","7","0","42053","0"
"Franklin","22","478","Pennsylvania","5/9/20","325","153","42055","47.08"
"Fulton","0","8","Pennsylvania","5/9/20","6","2","42057","33.33"
"Greene","0","27","Pennsylvania","5/9/20","27","0","42059","0"
"Huntingdon","10","119","Pennsylvania","5/9/20","48","71","42061","147.92"
"Indiana","2","76","Pennsylvania","5/9/20","63","13","42063","20.63"
"Jefferson","0","7","Pennsylvania","5/9/20","6","1","42065","16.67"
"Juniata","1","93","Pennsylvania","5/9/20","84","9","42067","10.71"
"Lackawanna","24","1134","Pennsylvania","5/9/20","968","166","42069","17.15"
"Lancaster","40","2185","Pennsylvania","5/9/20","1904","281","42071","14.76"
"Lawrence","1","69","Pennsylvania","5/9/20","65","4","42073","6.15"
"Lebanon","14","805","Pennsylvania","5/9/20","710","95","42075","13.38"
"Lehigh","39","3169","Pennsylvania","5/9/20","2896","273","42077","9.43"
"Luzerne","21","2356","Pennsylvania","5/9/20","2211","145","42079","6.56"
"Lycoming","7","127","Pennsylvania","5/9/20","81","46","42081","56.79"
"McKean","0","6","Pennsylvania","5/9/20","6","0","42083","0"
"Mercer","1","73","Pennsylvania","5/9/20","66","7","42085","10.61"
"Mifflin","2","50","Pennsylvania","5/9/20","38","12","42087","31.58"
"Monroe","6","1206","Pennsylvania","5/9/20","1165","41","42089","3.52"
"Montgomery","90","5116","Pennsylvania","5/9/20","4487","629","42091","14.02"
"Montour","0","49","Pennsylvania","5/9/20","49","0","42093","0"
"Northampton","35","2429","Pennsylvania","5/9/20","2182","247","42095","11.32"
"Northumberland","3","119","Pennsylvania","5/9/20","98","21","42097","21.43"
"Perry","0","34","Pennsylvania","5/9/20","33","1","42099","3.03"
"Philadelphia","392","17881","Pennsylvania","5/9/20","15137","2744","42101","18.13"
"Pike","5","427","Pennsylvania","5/9/20","394","33","42103","8.38"
"Potter","0","4","Pennsylvania","5/9/20","4","0","42105","0"
"Schuylkill","8","437","Pennsylvania","5/9/20","384","53","42107","13.8"
"Snyder","0","33","Pennsylvania","5/9/20","33","0","42109","0"
"Somerset","0","32","Pennsylvania","5/9/20","29","3","42111","10.34"
"Sullivan","0","1","Pennsylvania","5/9/20","1","0","42113","0"
"Susquehanna","0","81","Pennsylvania","5/9/20","84","-3","42115","-3.57"
"Tioga","0","16","Pennsylvania","5/9/20","16","0","42117","0"
"Union","0","40","Pennsylvania","5/9/20","38","2","42119","5.26"
"Venango","0","7","Pennsylvania","5/9/20","7","0","42121","0"
"Warren","0","1","Pennsylvania","5/9/20","1","0","42123","0"
"Washington","1","124","Pennsylvania","5/9/20","118","6","42125","5.08"
"Wayne","2","116","Pennsylvania","5/9/20","104","12","42127","11.54"
"Westmoreland","3","415","Pennsylvania","5/9/20","396","19","42129","4.8"
"Wyoming","1","30","Pennsylvania","5/9/20","25","5","42131","20"
"York","15","767","Pennsylvania","5/9/20","664","103","42133","15.51"
"","59","2173","Puerto Rico","5/9/20","1757","416",,"23.68"
"Bristol","1","154","Rhode Island","5/9/20","144","10","44001","6.94"
"Kent","4","703","Rhode Island","5/9/20","675","28","44003","4.15"
"Newport","1","161","Rhode Island","5/9/20","156","5","44005","3.21"
"Providence","45","7138","Rhode Island","5/9/20","6822","316","44007","4.63"
"Washington","2","363","Rhode Island","5/9/20","350","13","44009","3.71"
"Abbeville","0","34","South Carolina","5/9/20","31","3","45001","9.68"
"Aiken","2","116","South Carolina","5/9/20","105","11","45003","10.48"
"Allendale","2","24","South Carolina","5/9/20","11","13","45005","118.18"
"Anderson","2","184","South Carolina","5/9/20","169","15","45007","8.88"
"Bamberg","0","15","South Carolina","5/9/20","12","3","45009","25"
"Barnwell","1","33","South Carolina","5/9/20","24","9","45011","37.5"
"Beaufort","1","273","South Carolina","5/9/20","269","4","45013","1.49"
"Berkeley","1","192","South Carolina","5/9/20","185","7","45015","3.78"
"Calhoun","0","8","South Carolina","5/9/20","7","1","45017","14.29"
"Charleston","4","482","South Carolina","5/9/20","456","26","45019","5.7"
"Cherokee","1","22","South Carolina","5/9/20","17","5","45021","29.41"
"Chester","1","39","South Carolina","5/9/20","32","7","45023","21.88"
"Chesterfield","2","75","South Carolina","5/9/20","59","16","45025","27.12"
"Clarendon","6","262","South Carolina","5/9/20","218","44","45027","20.18"
"Colleton","0","32","South Carolina","5/9/20","32","0","45029","0"
"Darlington","5","173","South Carolina","5/9/20","135","38","45031","28.15"
"Dillon","3","88","South Carolina","5/9/20","67","21","45033","31.34"
"Dorchester","1","105","South Carolina","5/9/20","100","5","45035","5"
"Edgefield","1","39","South Carolina","5/9/20","31","8","45037","25.81"
"Fairfield","5","80","South Carolina","5/9/20","42","38","45039","90.48"
"Florence","12","412","South Carolina","5/9/20","329","83","45041","25.23"
"Georgetown","1","50","South Carolina","5/9/20","44","6","45043","13.64"
"Greenville","23","912","South Carolina","5/9/20","749","163","45045","21.76"
"Greenwood","1","62","South Carolina","5/9/20","53","9","45047","16.98"
"Hampton","0","27","South Carolina","5/9/20","26","1","45049","3.85"
"Horry","5","256","South Carolina","5/9/20","223","33","45051","14.8"
"Jasper","0","23","South Carolina","5/9/20","21","2","45053","9.52"
"Kershaw","1","253","South Carolina","5/9/20","243","10","45055","4.12"
"Lancaster","1","104","South Carolina","5/9/20","100","4","45057","4"
"Laurens","1","46","South Carolina","5/9/20","40","6","45059","15"
"Lee","4","99","South Carolina","5/9/20","68","31","45061","45.59"
"Lexington","8","472","South Carolina","5/9/20","414","58","45063","14.01"
"Marion","1","47","South Carolina","5/9/20","37","10","45067","27.03"
"Marlboro","1","57","South Carolina","5/9/20","49","8","45069","16.33"
"McCormick","0","7","South Carolina","5/9/20","6","1","45065","16.67"
"Newberry","0","31","South Carolina","5/9/20","28","3","45071","10.71"
"Oconee","2","37","South Carolina","5/9/20","25","12","45073","48"
"Orangeburg","3","99","South Carolina","5/9/20","81","18","45075","22.22"
"Pickens","1","68","South Carolina","5/9/20","58","10","45077","17.24"
"Richland","19","1082","South Carolina","5/9/20","946","136","45079","14.38"
"Saluda","3","86","South Carolina","5/9/20","64","22","45081","34.38"
"Spartanburg","5","336","South Carolina","5/9/20","302","34","45083","11.26"
"Sumter","5","286","South Carolina","5/9/20","248","38","45085","15.32"
"Union","1","30","South Carolina","5/9/20","26","4","45087","15.38"
"Williamsburg","7","136","South Carolina","5/9/20","88","48","45089","54.55"
"York","3","237","South Carolina","5/9/20","219","18","45091","8.22"
"Aurora","0","1","South Dakota","5/9/20","1","0","46003","0"
"Beadle","0","21","South Dakota","5/9/20","21","0","46005","0"
"Bon Homme","0","4","South Dakota","5/9/20","4","0","46009","0"
"Brookings","0","14","South Dakota","5/9/20","13","1","46011","7.69"
"Brown","8","110","South Dakota","5/9/20","51","59","46013","115.69"
"Buffalo","0","1","South Dakota","5/9/20","1","0","46017","0"
"Charles Mix","0","5","South Dakota","5/9/20","5","0","46023","0"
"Clark","0","2","South Dakota","5/9/20","1","1","46025","100"
"Clay","0","9","South Dakota","5/9/20","6","3","46027","50"
"Codington","0","15","South Dakota","5/9/20","14","1","46029","7.14"
"Corson","0","1","South Dakota","5/9/20","1","0","46031","0"
"Davison","0","7","South Dakota","5/9/20","6","1","46035","16.67"
"Day","0","10","South Dakota","5/9/20","8","2","46037","25"
"Deuel","0","1","South Dakota","5/9/20","1","0","46039","0"
"Dewey","0","0","South Dakota","5/9/20","1","-1","46041","-100"
"Douglas","0","1","South Dakota","5/9/20","1","0","46043","0"
"Fall River","0","2","South Dakota","5/9/20","1","1","46047","100"
"Faulk","0","1","South Dakota","5/9/20","1","0","46049","0"
"Grant","0","2","South Dakota","5/9/20","0","2","46051","1"
"Hamlin","0","2","South Dakota","5/9/20","2","0","46057","0"
"Hand","0","1","South Dakota","5/9/20","1","0","46059","0"
"Hughes","0","15","South Dakota","5/9/20","13","2","46065","15.38"
"Hutchinson","0","3","South Dakota","5/9/20","3","0","46067","0"
"Hyde","0","1","South Dakota","5/9/20","1","0","46069","0"
"Jerauld","0","6","South Dakota","5/9/20","6","0","46073","0"
"Lake","0","5","South Dakota","5/9/20","4","1","46079","25"
"Lawrence","0","9","South Dakota","5/9/20","9","0","46081","0"
"Lincoln","4","186","South Dakota","5/9/20","156","30","46083","19.23"
"Lyman","0","3","South Dakota","5/9/20","3","0","46085","0"
"Marshall","0","1","South Dakota","5/9/20","1","0","46091","0"
"McCook","0","4","South Dakota","5/9/20","4","0","46087","0"
"McPherson","0","1","South Dakota","5/9/20","1","0","46089","0"
"Meade","0","3","South Dakota","5/9/20","1","2","46093","200"
"Miner","0","1","South Dakota","5/9/20","1","0","46097","0"
"Minnehaha","92","2767","South Dakota","5/9/20","2123","644","46099","30.33"
"Moody","1","14","South Dakota","5/9/20","5","9","46101","180"
"Oglala Lakota","0","1","South Dakota","5/9/20","1","0","46102","0"
"Pennington","1","19","South Dakota","5/9/20","13","6","46103","46.15"
"Roberts","1","13","South Dakota","5/9/20","9","4","46109","44.44"
"Sanborn","0","3","South Dakota","5/9/20","3","0","46111","0"
"Spink","0","4","South Dakota","5/9/20","3","1","46115","33.33"
"Stanley","0","9","South Dakota","5/9/20","8","1","46117","12.5"
"Sully","0","1","South Dakota","5/9/20","1","0","46119","0"
"Todd","1","8","South Dakota","5/9/20","3","5","46121","166.67"
"Turner","0","18","South Dakota","5/9/20","17","1","46125","5.88"
"Union","4","53","South Dakota","5/9/20","27","26","46127","96.3"
"Walworth","0","5","South Dakota","5/9/20","5","0","46129","0"
"Yankton","0","29","South Dakota","5/9/20","27","2","46135","7.41"
"Ziebach","0","1","South Dakota","5/9/20","0","1","46137","1"
"Anderson","0","31","Tennessee","5/9/20","28","3","47001","10.71"
"Bedford","5","231","Tennessee","5/9/20","193","38","47003","19.69"
"Benton","0","6","Tennessee","5/9/20","6","0","47005","0"
"Bledsoe","1","604","Tennessee","5/9/20","596","8","47007","1.34"
"Blount","1","71","Tennessee","5/9/20","63","8","47009","12.7"
"Bradley","2","69","Tennessee","5/9/20","52","17","47011","32.69"
"Campbell","0","16","Tennessee","5/9/20","16","0","47013","0"
"Cannon","0","13","Tennessee","5/9/20","12","1","47015","8.33"
"Carroll","0","18","Tennessee","5/9/20","18","0","47017","0"
"Carter","1","18","Tennessee","5/9/20","14","4","47019","28.57"
"Cheatham","2","61","Tennessee","5/9/20","48","13","47021","27.08"
"Chester","0","12","Tennessee","5/9/20","10","2","47023","20"
"Claiborne","0","7","Tennessee","5/9/20","5","2","47025","40"
"Clay","0","6","Tennessee","5/9/20","5","1","47027","20"
"Cocke","0","17","Tennessee","5/9/20","16","1","47029","6.25"
"Coffee","2","52","Tennessee","5/9/20","38","14","47031","36.84"
"Crockett","0","9","Tennessee","5/9/20","7","2","47033","28.57"
"Cumberland","2","85","Tennessee","5/9/20","74","11","47035","14.86"
"Davidson","84","3358","Tennessee","5/9/20","2773","585","47037","21.1"
"Decatur","0","4","Tennessee","5/9/20","4","0","47039","0"
"DeKalb","1","27","Tennessee","5/9/20","18","9","47041","50"
"Dickson","1","85","Tennessee","5/9/20","77","8","47043","10.39"
"Dyer","1","41","Tennessee","5/9/20","36","5","47045","13.89"
"Fayette","3","77","Tennessee","5/9/20","59","18","47047","30.51"
"Fentress","0","6","Tennessee","5/9/20","4","2","47049","50"
"Franklin","1","40","Tennessee","5/9/20","36","4","47051","11.11"
"Gibson","1","53","Tennessee","5/9/20","48","5","47053","10.42"
"Giles","0","9","Tennessee","5/9/20","8","1","47055","12.5"
"Grainger","0","6","Tennessee","5/9/20","6","0","47057","0"
"Greene","0","44","Tennessee","5/9/20","43","1","47059","2.33"
"Grundy","0","30","Tennessee","5/9/20","28","2","47061","7.14"
"Hamblen","0","21","Tennessee","5/9/20","18","3","47063","16.67"
"Hamilton","9","232","Tennessee","5/9/20","168","64","47065","38.1"
"Hardeman","14","116","Tennessee","5/9/20","17","99","47069","582.35"
"Hardin","0","7","Tennessee","5/9/20","5","2","47071","40"
"Hawkins","0","31","Tennessee","5/9/20","30","1","47073","3.33"
"Haywood","0","26","Tennessee","5/9/20","23","3","47075","13.04"
"Henderson","0","10","Tennessee","5/9/20","9","1","47077","11.11"
"Henry","0","15","Tennessee","5/9/20","13","2","47079","15.38"
"Hickman","1","49","Tennessee","5/9/20","44","5","47081","11.36"
"Houston","0","6","Tennessee","5/9/20","5","1","47083","20"
"Humphreys","0","11","Tennessee","5/9/20","11","0","47085","0"
"Jackson","0","8","Tennessee","5/9/20","7","1","47087","14.29"
"Jefferson","1","26","Tennessee","5/9/20","22","4","47089","18.18"
"Johnson","0","5","Tennessee","5/9/20","3","2","47091","66.67"
"Knox","4","262","Tennessee","5/9/20","236","26","47093","11.02"
"Lake","1","59","Tennessee","5/9/20","55","4","47095","7.27"
"Lauderdale","1","26","Tennessee","5/9/20","21","5","47097","23.81"
"Lawrence","0","20","Tennessee","5/9/20","17","3","47099","17.65"
"Lewis","0","2","Tennessee","5/9/20","2","0","47101","0"
"Lincoln","0","16","Tennessee","5/9/20","14","2","47103","14.29"
"Loudon","0","39","Tennessee","5/9/20","37","2","47105","5.41"
"Macon","2","58","Tennessee","5/9/20","44","14","47111","31.82"
"Madison","2","150","Tennessee","5/9/20","138","12","47113","8.7"
"Marion","0","29","Tennessee","5/9/20","29","0","47115","0"
"Marshall","0","24","Tennessee","5/9/20","23","1","47117","4.35"
"Maury","2","55","Tennessee","5/9/20","44","11","47119","25"
"McMinn","3","116","Tennessee","5/9/20","97","19","47107","19.59"
"McNairy","0","11","Tennessee","5/9/20","11","0","47109","0"
"Meigs","2","22","Tennessee","5/9/20","9","13","47121","144.44"
"Monroe","1","30","Tennessee","5/9/20","22","8","47123","36.36"
"Montgomery","3","172","Tennessee","5/9/20","148","24","47125","16.22"
"Moore","0","3","Tennessee","5/9/20","3","0","47127","0"
"Morgan","1","10","Tennessee","5/9/20","6","4","47129","66.67"
"Obion","0","16","Tennessee","5/9/20","15","1","47131","6.67"
"Out of TN","9","366","Tennessee","5/9/20","302","64","80047","21.19"
"Overton","0","11","Tennessee","5/9/20","9","2","47133","22.22"
"Perry","0","13","Tennessee","5/9/20","12","1","47135","8.33"
"Polk","0","12","Tennessee","5/9/20","11","1","47139","9.09"
"Putnam","4","166","Tennessee","5/9/20","136","30","47141","22.06"
"Rhea","0","6","Tennessee","5/9/20","5","1","47143","20"
"Roane","0","8","Tennessee","5/9/20","7","1","47145","14.29"
"Robertson","7","219","Tennessee","5/9/20","168","51","47147","30.36"
"Rutherford","25","720","Tennessee","5/9/20","547","173","47149","31.63"
"Scott","0","11","Tennessee","5/9/20","11","0","47151","0"
"Sequatchie","0","6","Tennessee","5/9/20","5","1","47153","20"
"Sevier","2","65","Tennessee","5/9/20","49","16","47155","32.65"
"Shelby","74","3189","Tennessee","5/9/20","2672","517","47157","19.35"
"Smith","0","24","Tennessee","5/9/20","22","2","47159","9.09"
"Stewart","0","7","Tennessee","5/9/20","7","0","47161","0"
"Sullivan","1","54","Tennessee","5/9/20","49","5","47163","10.2"
"Sumner","8","693","Tennessee","5/9/20","640","53","47165","8.28"
"Tipton","8","158","Tennessee","5/9/20","99","59","47167","59.6"
"Trousdale","2","1357","Tennessee","5/9/20","1344","13","47169","0.97"
"Unicoi","0","2","Tennessee","5/9/20","2","0","47171","0"
"Union","0","3","Tennessee","5/9/20","3","0","47173","0"
"Van Buren","0","2","Tennessee","5/9/20","2","0","47175","0"
"Warren","1","12","Tennessee","5/9/20","8","4","47177","50"
"Washington","1","61","Tennessee","5/9/20","57","4","47179","7.02"
"Wayne","0","3","Tennessee","5/9/20","4","-1","47181","-25"
"Weakley","0","24","Tennessee","5/9/20","23","1","47183","4.35"
"White","1","16","Tennessee","5/9/20","7","9","47185","128.57"
"Williamson","3","441","Tennessee","5/9/20","419","22","47187","5.25"
"Wilson","4","297","Tennessee","5/9/20","268","29","47189","10.82"
"Anderson","1","41","Texas","5/9/20","32","9","48001","28.12"
"Andrews","0","21","Texas","5/9/20","20","1","48003","5"
"Angelina","6","100","Texas","5/9/20","55","45","48005","81.82"
"Aransas","0","2","Texas","5/9/20","2","0","48007","0"
"Armstrong","0","2","Texas","5/9/20","2","0","48011","0"
"Atascosa","0","22","Texas","5/9/20","19","3","48013","15.79"
"Austin","0","15","Texas","5/9/20","13","2","48015","15.38"
"Bailey","0","2","Texas","5/9/20","0","2","48017","1"
"Bandera","0","6","Texas","5/9/20","6","0","48019","0"
"Bastrop","4","108","Texas","5/9/20","83","25","48021","30.12"
"Bee","0","6","Texas","5/9/20","6","0","48025","0"
"Bell","4","220","Texas","5/9/20","193","27","48027","13.99"
"Bexar","47","1805","Texas","5/9/20","1477","328","48029","22.21"
"Blanco","0","6","Texas","5/9/20","6","0","48031","0"
"Bosque","0","5","Texas","5/9/20","4","1","48035","25"
"Bowie","0","76","Texas","5/9/20","76","0","48037","0"
"Brazoria","15","644","Texas","5/9/20","537","107","48039","19.93"
"Brazos","7","256","Texas","5/9/20","208","48","48041","23.08"
"Brewster","0","1","Texas","5/9/20","1","0","48043","0"
"Briscoe","0","1","Texas","5/9/20","1","0","48045","0"
"Brooks","0","1","Texas","5/9/20","1","0","48047","0"
"Brown","0","38","Texas","5/9/20","36","2","48049","5.56"
"Burleson","0","15","Texas","5/9/20","14","1","48051","7.14"
"Burnet","1","26","Texas","5/9/20","20","6","48053","30"
"Caldwell","1","26","Texas","5/9/20","20","6","48055","30"
"Calhoun","1","36","Texas","5/9/20","31","5","48057","16.13"
"Callahan","1","6","Texas","5/9/20","2","4","48059","200"
"Cameron","10","494","Texas","5/9/20","421","73","48061","17.34"
"Camp","0","7","Texas","5/9/20","6","1","48063","16.67"
"Carson","0","3","Texas","5/9/20","2","1","48065","50"
"Cass","0","17","Texas","5/9/20","15","2","48067","13.33"
"Castro","1","22","Texas","5/9/20","15","7","48069","46.67"
"Chambers","1","48","Texas","5/9/20","43","5","48071","11.63"
"Cherokee","0","20","Texas","5/9/20","17","3","48073","17.65"
"Childress","0","1","Texas","5/9/20","1","0","48075","0"
"Clay","0","3","Texas","5/9/20","3","0","48077","0"
"Cochran","0","1","Texas","5/9/20","1","0","48079","0"
"Coke","0","1","Texas","5/9/20","0","1","48081","1"
"Coleman","0","2","Texas","5/9/20","1","1","48083","100"
"Collin","17","887","Texas","5/9/20","766","121","48085","15.8"
"Collingsworth","0","1","Texas","5/9/20","0","1","48087","1"
"Colorado","1","16","Texas","5/9/20","11","5","48089","45.45"
"Comal","1","65","Texas","5/9/20","58","7","48091","12.07"
"Comanche","0","3","Texas","5/9/20","3","0","48093","0"
"Concho","0","1","Texas","5/9/20","1","0","48095","0"
"Cooke","1","12","Texas","5/9/20","8","4","48097","50"
"Coryell","7","207","Texas","5/9/20","160","47","48099","29.38"
"Cottle","0","4","Texas","5/9/20","2","2","48101","100"
"Crane","0","2","Texas","5/9/20","2","0","48103","0"
"Crosby","0","2","Texas","5/9/20","2","0","48107","0"
"Dallam","0","13","Texas","5/9/20","12","1","48111","8.33"
"Dallas","246","5619","Texas","5/9/20","3899","1720","48113","44.11"
"Dawson","1","30","Texas","5/9/20","26","4","48115","15.38"
"Deaf Smith","2","46","Texas","5/9/20","34","12","48117","35.29"
"Delta","0","1","Texas","5/9/20","1","0","48119","0"
"Denton","17","902","Texas","5/9/20","786","116","48121","14.76"
"DeWitt","0","15","Texas","5/9/20","15","0","48123","0"
"Dickens","0","1","Texas","5/9/20","1","0","48125","0"
"Dimmit","0","1","Texas","5/9/20","1","0","48127","0"
"Donley","0","25","Texas","5/9/20","25","0","48129","0"
"Duval","0","5","Texas","5/9/20","3","2","48131","66.67"
"Eastland","0","3","Texas","5/9/20","3","0","48133","0"
"Ector","2","95","Texas","5/9/20","78","17","48135","21.79"
"El Paso","45","1276","Texas","5/9/20","961","315","48141","32.78"
"Ellis","5","202","Texas","5/9/20","166","36","48139","21.69"
"Erath","0","14","Texas","5/9/20","12","2","48143","16.67"
"Falls","0","6","Texas","5/9/20","4","2","48145","50"
"Fannin","1","23","Texas","5/9/20","19","4","48147","21.05"
"Fayette","1","24","Texas","5/9/20","15","9","48149","60"
"Floyd","0","4","Texas","5/9/20","3","1","48153","33.33"
"Fort Bend","40","1357","Texas","5/9/20","1079","278","48157","25.76"
"Franklin","0","3","Texas","5/9/20","2","1","48159","50"
"Freestone","0","7","Texas","5/9/20","6","1","48161","16.67"
"Frio","4","34","Texas","5/9/20","8","26","48163","325"
"Gaines","0","3","Texas","5/9/20","2","1","48165","50"
"Galveston","9","676","Texas","5/9/20","614","62","48167","10.1"
"Garza","0","3","Texas","5/9/20","3","0","48169","0"
"Gillespie","0","4","Texas","5/9/20","3","1","48171","33.33"
"Glasscock","0","1","Texas","5/9/20","1","0","48173","0"
"Goliad","0","7","Texas","5/9/20","7","0","48175","0"
"Gonzales","2","40","Texas","5/9/20","23","17","48177","73.91"
"Gray","2","73","Texas","5/9/20","58","15","48179","25.86"
"Grayson","6","83","Texas","5/9/20","38","45","48181","118.42"
"Gregg","4","117","Texas","5/9/20","87","30","48183","34.48"
"Grimes","3","42","Texas","5/9/20","21","21","48185","100"
"Guadalupe","1","92","Texas","5/9/20","85","7","48187","8.24"
"Hale","2","37","Texas","5/9/20","26","11","48189","42.31"
"Hamilton","0","6","Texas","5/9/20","5","1","48193","20"
"Hansford","1","12","Texas","5/9/20","6","6","48195","100"
"Hardin","1","113","Texas","5/9/20","103","10","48199","9.71"
"Harris","156","7803","Texas","5/9/20","6708","1095","48201","16.32"
"Harrison","8","180","Texas","5/9/20","121","59","48203","48.76"
"Hartley","0","8","Texas","5/9/20","5","3","48205","60"
"Hays","5","203","Texas","5/9/20","167","36","48209","21.56"
"Hemphill","0","1","Texas","5/9/20","1","0","48211","0"
"Henderson","1","36","Texas","5/9/20","28","8","48213","28.57"
"Hidalgo","5","377","Texas","5/9/20","339","38","48215","11.21"
"Hill","0","19","Texas","5/9/20","16","3","48217","18.75"
"Hockley","0","20","Texas","5/9/20","20","0","48219","0"
"Hood","0","22","Texas","5/9/20","20","2","48221","10"
"Hopkins","0","7","Texas","5/9/20","6","1","48223","16.67"
"Houston","0","10","Texas","5/9/20","7","3","48225","42.86"
"Howard","0","6","Texas","5/9/20","4","2","48227","50"
"Hunt","1","57","Texas","5/9/20","48","9","48231","18.75"
"Hutchinson","1","20","Texas","5/9/20","14","6","48233","42.86"
"Jack","0","4","Texas","5/9/20","4","0","48237","0"
"Jackson","1","14","Texas","5/9/20","10","4","48239","40"
"Jasper","0","19","Texas","5/9/20","18","1","48241","5.56"
"Jefferson","6","360","Texas","5/9/20","318","42","48245","13.21"
"Jim Hogg","0","3","Texas","5/9/20","3","0","48247","0"
"Jim Wells","0","6","Texas","5/9/20","4","2","48249","50"
"Johnson","3","100","Texas","5/9/20","82","18","48251","21.95"
"Jones","4","92","Texas","5/9/20","62","30","48253","48.39"
"Karnes","0","3","Texas","5/9/20","3","0","48255","0"
"Kaufman","4","116","Texas","5/9/20","87","29","48257","33.33"
"Kendall","0","19","Texas","5/9/20","16","3","48259","18.75"
"Kerr","1","9","Texas","5/9/20","5","4","48265","80"
"Kimble","0","1","Texas","5/9/20","0","1","48267","1"
"Kleberg","0","10","Texas","5/9/20","10","0","48273","0"
"Knox","0","1","Texas","5/9/20","1","0","48275","0"
"La Salle","0","2","Texas","5/9/20","1","1","48283","100"
"Lamar","1","77","Texas","5/9/20","67","10","48277","14.93"
"Lamb","0","5","Texas","5/9/20","4","1","48279","25"
"Lampasas","1","8","Texas","5/9/20","4","4","48281","100"
"Lavaca","0","6","Texas","5/9/20","6","0","48285","0"
"Lee","0","5","Texas","5/9/20","2","3","48287","150"
"Leon","0","9","Texas","5/9/20","6","3","48289","50"
"Liberty","2","62","Texas","5/9/20","45","17","48291","37.78"
"Limestone","0","14","Texas","5/9/20","13","1","48293","7.69"
"Lipscomb","0","2","Texas","5/9/20","2","0","48295","0"
"Live Oak","0","5","Texas","5/9/20","5","0","48297","0"
"Llano","0","3","Texas","5/9/20","3","0","48299","0"
"Lubbock","6","583","Texas","5/9/20","543","40","48303","7.37"
"Lynn","0","5","Texas","5/9/20","5","0","48305","0"
"Madison","0","3","Texas","5/9/20","1","2","48313","200"
"Marion","0","16","Texas","5/9/20","14","2","48315","14.29"
"Martin","0","3","Texas","5/9/20","2","1","48317","50"
"Mason","1","28","Texas","5/9/20","24","4","48319","16.67"
"Matagorda","0","64","Texas","5/9/20","62","2","48321","3.23"
"Maverick","1","31","Texas","5/9/20","24","7","48323","29.17"
"McCulloch","0","3","Texas","5/9/20","3","0","48307","0"
"McLennan","0","94","Texas","5/9/20","91","3","48309","3.3"
"Medina","0","22","Texas","5/9/20","20","2","48325","10"
"Midland","3","101","Texas","5/9/20","82","19","48329","23.17"
"Milam","1","20","Texas","5/9/20","16","4","48331","25"
"Mitchell","0","1","Texas","5/9/20","1","0","48335","0"
"Montague","0","9","Texas","5/9/20","6","3","48337","50"
"Montgomery","9","699","Texas","5/9/20","634","65","48339","10.25"
"Moore","19","494","Texas","5/9/20","363","131","48341","36.09"
"Morris","0","9","Texas","5/9/20","8","1","48343","12.5"
"Motley","0","1","Texas","5/9/20","1","0","48345","0"
"Nacogdoches","4","202","Texas","5/9/20","172","30","48347","17.44"
"Navarro","1","36","Texas","5/9/20","31","5","48349","16.13"
"Newton","0","4","Texas","5/9/20","2","2","48351","100"
"Nolan","0","2","Texas","5/9/20","2","0","48353","0"
"Nueces","3","128","Texas","5/9/20","106","22","48355","20.75"
"Ochiltree","1","29","Texas","5/9/20","19","10","48357","52.63"
"Oldham","0","3","Texas","5/9/20","3","0","48359","0"
"Orange","2","85","Texas","5/9/20","71","14","48361","19.72"
"Palo Pinto","0","9","Texas","5/9/20","8","1","48363","12.5"
"Panola","5","168","Texas","5/9/20","133","35","48365","26.32"
"Parker","1","45","Texas","5/9/20","35","10","48367","28.57"
"Parmer","2","19","Texas","5/9/20","8","11","48369","137.5"
"Pecos","1","15","Texas","5/9/20","10","5","48371","50"
"Polk","2","35","Texas","5/9/20","20","15","48373","75"
"Potter","60","1101","Texas","5/9/20","684","417","48375","60.96"
"Rains","0","2","Texas","5/9/20","2","0","48379","0"
"Randall","14","355","Texas","5/9/20","256","99","48381","38.67"
"Red River","0","3","Texas","5/9/20","1","2","48387","200"
"Reeves","0","7","Texas","5/9/20","5","2","48389","40"
"Refugio","0","1","Texas","5/9/20","0","1","48391","1"
"Roberts","0","2","Texas","5/9/20","2","0","48393","0"
"Robertson","0","5","Texas","5/9/20","4","1","48395","25"
"Rockwall","2","100","Texas","5/9/20","85","15","48397","17.65"
"Runnels","0","2","Texas","5/9/20","2","0","48399","0"
"Rusk","1","40","Texas","5/9/20","36","4","48401","11.11"
"Sabine","0","2","Texas","5/9/20","1","1","48403","100"
"San Augustine","0","21","Texas","5/9/20","19","2","48405","10.53"
"San Jacinto","0","10","Texas","5/9/20","10","0","48407","0"
"San Patricio","1","18","Texas","5/9/20","12","6","48409","50"
"Scurry","0","2","Texas","5/9/20","2","0","48415","0"
"Shackelford","0","1","Texas","5/9/20","0","1","48417","1"
"Shelby","5","149","Texas","5/9/20","117","32","48419","27.35"
"Sherman","0","20","Texas","5/9/20","17","3","48421","17.65"
"Smith","3","170","Texas","5/9/20","146","24","48423","16.44"
"Starr","1","14","Texas","5/9/20","9","5","48427","55.56"
"Stephens","0","1","Texas","5/9/20","1","0","48429","0"
"Swisher","0","11","Texas","5/9/20","9","2","48437","22.22"
"Tarrant","106","3127","Texas","5/9/20","2388","739","48439","30.95"
"Taylor","-17","208","Texas","5/9/20","327","-119","48441","-36.39"
"Terry","0","12","Texas","5/9/20","11","1","48445","9.09"
"Titus","2","29","Texas","5/9/20","17","12","48449","70.59"
"Tom Green","4","84","Texas","5/9/20","53","31","48451","58.49"
"Travis","54","2095","Texas","5/9/20","1714","381","48453","22.23"
"Trinity","0","11","Texas","5/9/20","8","3","48455","37.5"
"Tyler","0","7","Texas","5/9/20","6","1","48457","16.67"
"Upshur","0","17","Texas","5/9/20","15","2","48459","13.33"
"Uvalde","0","7","Texas","5/9/20","6","1","48463","16.67"
"Val Verde","0","13","Texas","5/9/20","13","0","48465","0"
"Van Zandt","0","18","Texas","5/9/20","16","2","48467","12.5"
"Victoria","1","148","Texas","5/9/20","139","9","48469","6.47"
"Walker","10","337","Texas","5/9/20","269","68","48471","25.28"
"Waller","1","38","Texas","5/9/20","33","5","48473","15.15"
"Washington","3","164","Texas","5/9/20","145","19","48477","13.1"
"Webb","8","424","Texas","5/9/20","368","56","48479","15.22"
"Wharton","1","41","Texas","5/9/20","37","4","48481","10.81"
"Wheeler","1","13","Texas","5/9/20","8","5","48483","62.5"
"Wichita","1","74","Texas","5/9/20","65","9","48485","13.85"
"Wilbarger","0","2","Texas","5/9/20","1","1","48487","100"
"Willacy","0","14","Texas","5/9/20","13","1","48489","7.69"
"Williamson","8","368","Texas","5/9/20","313","55","48491","17.57"
"Wilson","0","34","Texas","5/9/20","33","1","48493","3.03"
"Winkler","0","3","Texas","5/9/20","3","0","48495","0"
"Wise","1","30","Texas","5/9/20","24","6","48497","25"
"Wood","0","13","Texas","5/9/20","10","3","48499","30"
"Yoakum","0","2","Texas","5/9/20","1","1","48501","100"
"Young","0","4","Texas","5/9/20","4","0","48503","0"
"Zapata","0","7","Texas","5/9/20","7","0","48505","0"
"Zavala","0","2","Texas","5/9/20","1","1","48507","100"
"Bear River","1","71","Utah","5/9/20","61","10","00000","16.39"
"Central Utah","1","27","Utah","5/9/20","23","4","00000","17.39"
"Davis","4","327","Utah","5/9/20","296","31","49011","10.47"
"Salt Lake","85","3206","Utah","5/9/20","2609","597","49035","22.88"
"San Juan","10","145","Utah","5/9/20","78","67","49037","85.9"
"Southeast Utah","0","13","Utah","5/9/20","15","-2","00000","-13.33"
"Southwest Utah","7","155","Utah","5/9/20","103","52","00000","50.49"
"Summit","1","385","Utah","5/9/20","375","10","49043","2.67"
"Tooele","1","76","Utah","5/9/20","69","7","49045","10.14"
"TriCounty","0","16","Utah","5/9/20","13","3","00000","23.08"
"Utah","42","1318","Utah","5/9/20","1021","297","49049","29.09"
"Wasatch","3","176","Utah","5/9/20","156","20","49051","12.82"
"Weber-Morgan","3","188","Utah","5/9/20","166","22","00000","13.25"
"Addison","0","62","Vermont","5/9/20","61","1","50001","1.64"
"Bennington","1","56","Vermont","5/9/20","47","9","50003","19.15"
"Caledonia","0","14","Vermont","5/9/20","14","0","50005","0"
"Chittenden","1","431","Vermont","5/9/20","422","9","50007","2.13"
"Essex","0","2","Vermont","5/9/20","2","0","50009","0"
"Franklin","0","99","Vermont","5/9/20","98","1","50011","1.02"
"Grand Isle","0","4","Vermont","5/9/20","3","1","50013","33.33"
"Lamoille","0","26","Vermont","5/9/20","26","0","50015","0"
"Orange","0","8","Vermont","5/9/20","7","1","50017","14.29"
"Orleans","0","9","Vermont","5/9/20","9","0","50019","0"
"Rutland","0","49","Vermont","5/9/20","49","0","50021","0"
"Washington","1","37","Vermont","5/9/20","33","4","50023","12.12"
"Windham","0","74","Vermont","5/9/20","71","3","50025","4.23"
"Windsor","1","46","Vermont","5/9/20","41","5","50027","12.2"
"","0","68","Virgin Islands","5/9/20","66","2",,"3.03"
"Accomack","20","496","Virginia","5/9/20","353","143","51001","40.51"
"Albemarle","2","119","Virginia","5/9/20","105","14","51003","13.33"
"Alexandria","42","1142","Virginia","5/9/20","848","294","51510","34.67"
"Alleghany","0","6","Virginia","5/9/20","6","0","51005","0"
"Amelia","0","17","Virginia","5/9/20","16","1","51007","6.25"
"Amherst","0","15","Virginia","5/9/20","13","2","51009","15.38"
"Appomattox","0","22","Virginia","5/9/20","21","1","51011","4.76"
"Arlington","41","1332","Virginia","5/9/20","1044","288","51013","27.59"
"Augusta","3","64","Virginia","5/9/20","45","19","51015","42.22"
"Bedford","1","38","Virginia","5/9/20","34","4","51019","11.76"
"Botetourt","0","29","Virginia","5/9/20","28","1","51023","3.57"
"Bristol","0","2","Virginia","5/9/20","1","1","51520","100"
"Brunswick","0","17","Virginia","5/9/20","15","2","51025","13.33"
"Buchanan","0","16","Virginia","5/9/20","16","0","51027","0"
"Buckingham","16","246","Virginia","5/9/20","137","109","51029","79.56"
"Buena Vista","0","8","Virginia","5/9/20","6","2","51530","33.33"
"Campbell","0","13","Virginia","5/9/20","13","0","51031","0"
"Caroline","1","38","Virginia","5/9/20","32","6","51033","18.75"
"Carroll","2","28","Virginia","5/9/20","13","15","51035","115.38"
"Charles City","1","21","Virginia","5/9/20","13","8","51036","61.54"
"Charlotte","0","12","Virginia","5/9/20","9","3","51037","33.33"
"Charlottesville","1","66","Virginia","5/9/20","58","8","51540","13.79"
"Chesapeake","9","325","Virginia","5/9/20","263","62","51550","23.57"
"Chesterfield","25","765","Virginia","5/9/20","593","172","51041","29.01"
"Clarke","1","16","Virginia","5/9/20","10","6","51043","60"
"Colonial Heights","1","65","Virginia","5/9/20","57","8","51570","14.04"
"Covington","0","1","Virginia","5/9/20","1","0","51580","0"
"Craig","0","4","Virginia","5/9/20","3","1","51045","33.33"
"Culpeper","11","253","Virginia","5/9/20","177","76","51047","42.94"
"Cumberland","0","13","Virginia","5/9/20","13","0","51049","0"
"Danville","0","39","Virginia","5/9/20","37","2","51590","5.41"
"Dinwiddie","1","25","Virginia","5/9/20","18","7","51053","38.89"
"Emporia","3","47","Virginia","5/9/20","23","24","51595","104.35"
"Essex","2","22","Virginia","5/9/20","8","14","51057","175"
"Fairfax","223","5610","Virginia","5/9/20","4046","1564","51059","38.66"
"Fairfax City","1","39","Virginia","5/9/20","29","10","51600","34.48"
"Falls Church","2","37","Virginia","5/9/20","26","11","51610","42.31"
"Fauquier","6","168","Virginia","5/9/20","128","40","51061","31.25"
"Floyd","0","3","Virginia","5/9/20","3","0","51063","0"
"Fluvanna","0","79","Virginia","5/9/20","76","3","51065","3.95"
"Franklin","1","26","Virginia","5/9/20","22","4","51067","18.18"
"Franklin City","0","25","Virginia","5/9/20","23","2","51620","8.7"
"Frederick","7","162","Virginia","5/9/20","115","47","51069","40.87"
"Fredericksburg","3","58","Virginia","5/9/20","37","21","51630","56.76"
"Galax","3","34","Virginia","5/9/20","10","24","51640","240"
"Giles","1","8","Virginia","5/9/20","4","4","51071","100"
"Gloucester","0","27","Virginia","5/9/20","24","3","51073","12.5"
"Goochland","0","81","Virginia","5/9/20","78","3","51075","3.85"
"Grayson","0","5","Virginia","5/9/20","2","3","51077","150"
"Greene","1","14","Virginia","5/9/20","10","4","51079","40"
"Greensville","1","44","Virginia","5/9/20","39","5","51081","12.82"
"Halifax","0","22","Virginia","5/9/20","19","3","51083","15.79"
"Hampton","2","138","Virginia","5/9/20","122","16","51650","13.11"
"Hanover","4","163","Virginia","5/9/20","133","30","51085","22.56"
"Harrisonburg","15","578","Virginia","5/9/20","470","108","51660","22.98"
"Henrico","18","1054","Virginia","5/9/20","926","128","51087","13.82"
"Henry","0","22","Virginia","5/9/20","19","3","51089","15.79"
"Highland","0","2","Virginia","5/9/20","2","0","51091","0"
"Hopewell","1","33","Virginia","5/9/20","27","6","51670","22.22"
"Isle of Wight","1","108","Virginia","5/9/20","99","9","51093","9.09"
"James City","1","169","Virginia","5/9/20","161","8","51095","4.97"
"King and Queen","0","5","Virginia","5/9/20","3","2","51097","66.67"
"King George","1","38","Virginia","5/9/20","34","4","51099","11.76"
"King William","0","11","Virginia","5/9/20","9","2","51101","22.22"
"Lancaster","0","6","Virginia","5/9/20","3","3","51103","100"
"Lee","0","10","Virginia","5/9/20","10","0","51105","0"
"Lexington","0","4","Virginia","5/9/20","5","-1","51678","-20"
"Loudoun","35","1127","Virginia","5/9/20","881","246","51107","27.92"
"Louisa","1","55","Virginia","5/9/20","46","9","51109","19.57"
"Lunenburg","0","6","Virginia","5/9/20","4","2","51111","50"
"Lynchburg","1","68","Virginia","5/9/20","62","6","51680","9.68"
"Madison","1","20","Virginia","5/9/20","15","5","51113","33.33"
"Manassas","14","358","Virginia","5/9/20","258","100","51683","38.76"
"Manassas Park","6","116","Virginia","5/9/20","76","40","51685","52.63"
"Martinsville","0","2","Virginia","5/9/20","2","0","51690","0"
"Mathews","0","5","Virginia","5/9/20","4","1","51115","25"
"Mecklenburg","2","118","Virginia","5/9/20","104","14","51117","13.46"
"Middlesex","0","10","Virginia","5/9/20","7","3","51119","42.86"
"Montgomery","1","64","Virginia","5/9/20","56","8","51121","14.29"
"Nelson","0","10","Virginia","5/9/20","8","2","51125","25"
"New Kent","0","26","Virginia","5/9/20","23","3","51127","13.04"
"Newport News","4","152","Virginia","5/9/20","123","29","51700","23.58"
"Norfolk","11","290","Virginia","5/9/20","211","79","51710","37.44"
"Northampton","9","159","Virginia","5/9/20","94","65","51131","69.15"
"Northumberland","0","9","Virginia","5/9/20","9","0","51133","0"
"Norton","0","2","Virginia","5/9/20","2","0","51720","0"
"Nottoway","0","14","Virginia","5/9/20","13","1","51135","7.69"
"Orange","1","44","Virginia","5/9/20","37","7","51137","18.92"
"Page","3","128","Virginia","5/9/20","107","21","51139","19.63"
"Patrick","0","4","Virginia","5/9/20","2","2","51141","100"
"Petersburg","1","41","Virginia","5/9/20","35","6","51730","17.14"
"Pittsylvania","0","17","Virginia","5/9/20","14","3","51143","21.43"
"Poquoson","0","7","Virginia","5/9/20","6","1","51735","16.67"
"Portsmouth","4","202","Virginia","5/9/20","173","29","51740","16.76"
"Powhatan","1","18","Virginia","5/9/20","14","4","51145","28.57"
"Prince Edward","2","66","Virginia","5/9/20","55","11","51147","20"
"Prince George","1","42","Virginia","5/9/20","35","7","51149","20"
"Prince William","93","2548","Virginia","5/9/20","1900","648","51153","34.11"
"Pulaski","0","9","Virginia","5/9/20","9","0","51155","0"
"Radford","0","3","Virginia","5/9/20","3","0","51750","0"
"Rappahannock","0","7","Virginia","5/9/20","6","1","51157","16.67"
"Richmond","6","188","Virginia","5/9/20","143","45","51159","31.47"
"Richmond City","19","512","Virginia","5/9/20","382","130","51760","34.03"
"Roanoke","1","62","Virginia","5/9/20","54","8","51161","14.81"
"Roanoke City","2","93","Virginia","5/9/20","80","13","51770","16.25"
"Rockbridge","0","9","Virginia","5/9/20","7","2","51163","28.57"
"Rockingham","11","339","Virginia","5/9/20","259","80","51165","30.89"
"Russell","0","6","Virginia","5/9/20","5","1","51167","20"
"Salem","1","31","Virginia","5/9/20","26","5","51775","19.23"
"Scott","0","7","Virginia","5/9/20","7","0","51169","0"
"Shenandoah","15","242","Virginia","5/9/20","134","108","51171","80.6"
"Smyth","0","13","Virginia","5/9/20","13","0","51173","0"
"Southampton","1","131","Virginia","5/9/20","125","6","51175","4.8"
"Spotsylvania","9","239","Virginia","5/9/20","174","65","51177","37.36"
"Stafford","13","354","Virginia","5/9/20","262","92","51179","35.11"
"Staunton","0","15","Virginia","5/9/20","13","2","51790","15.38"
"Suffolk","5","215","Virginia","5/9/20","178","37","51800","20.79"
"Surry","0","5","Virginia","5/9/20","4","1","51181","25"
"Sussex","0","32","Virginia","5/9/20","31","1","51183","3.23"
"Tazewell","0","6","Virginia","5/9/20","6","0","51185","0"
"Virginia Beach","9","478","Virginia","5/9/20","413","65","51810","15.74"
"Warren","3","82","Virginia","5/9/20","61","21","51187","34.43"
"Washington","0","42","Virginia","5/9/20","39","3","51191","7.69"
"Waynesboro","1","21","Virginia","5/9/20","14","7","51820","50"
"Westmoreland","2","37","Virginia","5/9/20","25","12","51193","48"
"Williamsburg","1","31","Virginia","5/9/20","21","10","51830","47.62"
"Winchester","3","64","Virginia","5/9/20","46","18","51840","39.13"
"Wise","0","22","Virginia","5/9/20","22","0","51195","0"
"Wythe","0","13","Virginia","5/9/20","11","2","51197","18.18"
"York","1","55","Virginia","5/9/20","46","9","51199","19.57"
"Adams","0","49","Washington","5/9/20","48","1","53001","2.08"
"Asotin","0","18","Washington","5/9/20","18","0","53003","0"
"Benton","12","575","Washington","5/9/20","494","81","53005","16.4"
"Chelan","4","143","Washington","5/9/20","114","29","53007","25.44"
"Clallam","0","19","Washington","5/9/20","18","1","53009","5.56"
"Clark","3","346","Washington","5/9/20","328","18","53011","5.49"
"Columbia","0","1","Washington","5/9/20","1","0","53013","0"
"Cowlitz","2","65","Washington","5/9/20","53","12","53015","22.64"
"Douglas","4","107","Washington","5/9/20","82","25","53017","30.49"
"Ferry","0","1","Washington","5/9/20","1","0","53019","0"
"Franklin","9","408","Washington","5/9/20","348","60","53021","17.24"
"Grant","2","181","Washington","5/9/20","169","12","53025","7.1"
"Grays Harbor","0","14","Washington","5/9/20","12","2","53027","16.67"
"Island","1","173","Washington","5/9/20","169","4","53029","2.37"
"Jefferson","0","29","Washington","5/9/20","28","1","53031","3.57"
"King","85","6947","Washington","5/9/20","6351","596","53033","9.38"
"Kitsap","1","155","Washington","5/9/20","150","5","53035","3.33"
"Kittitas","0","17","Washington","5/9/20","15","2","53037","13.33"
"Klickitat","0","19","Washington","5/9/20","17","2","53039","11.76"
"Lewis","0","30","Washington","5/9/20","29","1","53041","3.45"
"Lincoln","0","2","Washington","5/9/20","2","0","53043","0"
"Mason","0","28","Washington","5/9/20","25","3","53045","12"
"Okanogan","0","22","Washington","5/9/20","21","1","53047","4.76"
"Pacific","1","9","Washington","5/9/20","4","5","53049","125"
"Pend Oreille","0","2","Washington","5/9/20","2","0","53051","0"
"Pierce","23","1539","Washington","5/9/20","1376","163","53053","11.85"
"San Juan","0","15","Washington","5/9/20","14","1","53055","7.14"
"Skagit","7","397","Washington","5/9/20","345","52","53057","15.07"
"Skamania","0","3","Washington","5/9/20","3","0","53059","0"
"Snohomish","24","2664","Washington","5/9/20","2493","171","53061","6.86"
"Spokane","2","381","Washington","5/9/20","366","15","53063","4.1"
"Stevens","0","9","Washington","5/9/20","9","0","53065","0"
"Thurston","1","117","Washington","5/9/20","111","6","53067","5.41"
"Wahkiakum","0","3","Washington","5/9/20","2","1","53069","50"
"Walla Walla","2","99","Washington","5/9/20","87","12","53071","13.79"
"Whatcom","3","330","Washington","5/9/20","312","18","53073","5.77"
"Whitman","0","15","Washington","5/9/20","14","1","53075","7.14"
"Yakima","59","1686","Washington","5/9/20","1272","414","53077","32.55"
"Barbour","0","7","West Virginia","5/9/20","5","2","54001","40"
"Berkeley","4","184","West Virginia","5/9/20","156","28","54003","17.95"
"Boone","0","8","West Virginia","5/9/20","6","2","54005","33.33"
"Braxton","0","2","West Virginia","5/9/20","2","0","54007","0"
"Brooke","0","3","West Virginia","5/9/20","3","0","54009","0"
"Cabell","1","48","West Virginia","5/9/20","44","4","54011","9.09"
"Clay","0","2","West Virginia","5/9/20","0","2","54015","1"
"Fayette","2","30","West Virginia","5/9/20","14","16","54019","114.29"
"Gilmer","0","4","West Virginia","5/9/20","2","2","54021","100"
"Grant","0","3","West Virginia","5/9/20","1","2","54023","200"
"Greenbrier","0","8","West Virginia","5/9/20","5","3","54025","60"
"Hampshire","0","8","West Virginia","5/9/20","7","1","54027","14.29"
"Hancock","0","12","West Virginia","5/9/20","11","1","54029","9.09"
"Hardy","1","15","West Virginia","5/9/20","7","8","54031","114.29"
"Harrison","0","33","West Virginia","5/9/20","30","3","54033","10"
"Jackson","1","136","West Virginia","5/9/20","130","6","54035","4.62"
"Jefferson","1","87","West Virginia","5/9/20","79","8","54037","10.13"
"Kanawha","2","180","West Virginia","5/9/20","168","12","54039","7.14"
"Lewis","0","4","West Virginia","5/9/20","4","0","54041","0"
"Lincoln","0","4","West Virginia","5/9/20","2","2","54043","100"
"Logan","0","13","West Virginia","5/9/20","13","0","54045","0"
"Marion","0","46","West Virginia","5/9/20","46","0","54049","0"
"Marshall","1","20","West Virginia","5/9/20","15","5","54051","33.33"
"Mason","0","13","West Virginia","5/9/20","12","1","54053","8.33"
"McDowell","0","6","West Virginia","5/9/20","6","0","54047","0"
"Mercer","0","11","West Virginia","5/9/20","10","1","54055","10"
"Mineral","0","20","West Virginia","5/9/20","18","2","54057","11.11"
"Mingo","0","2","West Virginia","5/9/20","2","0","54059","0"
"Monongalia","1","111","West Virginia","5/9/20","105","6","54061","5.71"
"Monroe","0","6","West Virginia","5/9/20","5","1","54063","20"
"Morgan","0","16","West Virginia","5/9/20","13","3","54065","23.08"
"Nicholas","0","8","West Virginia","5/9/20","6","2","54067","33.33"
"Ohio","0","35","West Virginia","5/9/20","33","2","54069","6.06"
"Pendleton","0","5","West Virginia","5/9/20","3","2","54071","66.67"
"Pleasants","0","2","West Virginia","5/9/20","2","0","54073","0"
"Pocahontas","0","2","West Virginia","5/9/20","2","0","54075","0"
"Preston","0","14","West Virginia","5/9/20","13","1","54077","7.69"
"Putnam","0","27","West Virginia","5/9/20","27","0","54079","0"
"Raleigh","0","9","West Virginia","5/9/20","10","-1","54081","-10"
"Randolph","0","5","West Virginia","5/9/20","4","1","54083","25"
"Ritchie","0","1","West Virginia","5/9/20","0","1","54085","1"
"Roane","0","8","West Virginia","5/9/20","7","1","54087","14.29"
"Summers","0","1","West Virginia","5/9/20","1","0","54089","0"
"Taylor","0","8","West Virginia","5/9/20","7","1","54091","14.29"
"Tucker","0","4","West Virginia","5/9/20","4","0","54093","0"
"Tyler","0","3","West Virginia","5/9/20","3","0","54095","0"
"Upshur","0","5","West Virginia","5/9/20","4","1","54097","25"
"Wayne","0","93","West Virginia","5/9/20","90","3","54099","3.33"
"Wetzel","0","4","West Virginia","5/9/20","3","1","54103","33.33"
"Wirt","0","3","West Virginia","5/9/20","3","0","54105","0"
"Wood","0","43","West Virginia","5/9/20","41","2","54107","4.88"
"Wyoming","0","1","West Virginia","5/9/20","1","0","54109","0"
"Adams","0","4","Wisconsin","5/9/20","4","0","55001","0"
"Ashland","0","2","Wisconsin","5/9/20","2","0","55003","0"
"Barron","0","10","Wisconsin","5/9/20","7","3","55005","42.86"
"Bayfield","0","3","Wisconsin","5/9/20","3","0","55007","0"
"Brown","80","1834","Wisconsin","5/9/20","1272","562","55009","44.18"
"Buffalo","0","5","Wisconsin","5/9/20","4","1","55011","25"
"Calumet","3","35","Wisconsin","5/9/20","16","19","55015","118.75"
"Chippewa","1","29","Wisconsin","5/9/20","23","6","55017","26.09"
"Clark","1","24","Wisconsin","5/9/20","20","4","55019","20"
"Columbia","0","32","Wisconsin","5/9/20","29","3","55021","10.34"
"Crawford","2","17","Wisconsin","5/9/20","4","13","55023","325"
"Dane","5","465","Wisconsin","5/9/20","433","32","55025","7.39"
"Dodge","2","55","Wisconsin","5/9/20","38","17","55027","44.74"
"Door","1","20","Wisconsin","5/9/20","14","6","55029","42.86"
"Douglas","0","11","Wisconsin","5/9/20","9","2","55031","22.22"
"Dunn","1","14","Wisconsin","5/9/20","10","4","55033","40"
"Eau Claire","3","54","Wisconsin","5/9/20","34","20","55035","58.82"
"Florence","0","2","Wisconsin","5/9/20","2","0","55037","0"
"Fond du Lac","2","86","Wisconsin","5/9/20","73","13","55039","17.81"
"Forest","0","1","Wisconsin","5/9/20","0","1","55041","1"
"Grant","3","67","Wisconsin","5/9/20","43","24","55043","55.81"
"Green","3","33","Wisconsin","5/9/20","13","20","55045","153.85"
"Green Lake","1","7","Wisconsin","5/9/20","3","4","55047","133.33"
"Iowa","0","10","Wisconsin","5/9/20","7","3","55049","42.86"
"Iron","0","2","Wisconsin","5/9/20","2","0","55051","0"
"Jackson","0","12","Wisconsin","5/9/20","12","0","55053","0"
"Jefferson","1","50","Wisconsin","5/9/20","46","4","55055","8.7"
"Juneau","0","21","Wisconsin","5/9/20","18","3","55057","16.67"
"Kenosha","19","651","Wisconsin","5/9/20","521","130","55059","24.95"
"Kewaunee","2","28","Wisconsin","5/9/20","15","13","55061","86.67"
"La Crosse","0","32","Wisconsin","5/9/20","29","3","55063","10.34"
"Lafayette","1","13","Wisconsin","5/9/20","6","7","55065","116.67"
"Lincoln","0","1","Wisconsin","5/9/20","1","0","55069","0"
"Manitowoc","1","19","Wisconsin","5/9/20","13","6","55071","46.15"
"Marathon","1","24","Wisconsin","5/9/20","19","5","55073","26.32"
"Marinette","1","16","Wisconsin","5/9/20","10","6","55075","60"
"Marquette","0","3","Wisconsin","5/9/20","3","0","55077","0"
"Menominee","0","2","Wisconsin","5/9/20","1","1","55078","100"
"Milwaukee","101","3854","Wisconsin","5/9/20","3147","707","55079","22.47"
"Monroe","0","14","Wisconsin","5/9/20","14","0","55081","0"
"Oconto","2","28","Wisconsin","5/9/20","15","13","55083","86.67"
"Oneida","0","7","Wisconsin","5/9/20","6","1","55085","16.67"
"Outagamie","7","111","Wisconsin","5/9/20","63","48","55087","76.19"
"Ozaukee","2","104","Wisconsin","5/9/20","89","15","55089","16.85"
"Pierce","0","12","Wisconsin","5/9/20","10","2","55093","20"
"Polk","0","5","Wisconsin","5/9/20","4","1","55095","25"
"Portage","0","7","Wisconsin","5/9/20","6","1","55097","16.67"
"Price","0","1","Wisconsin","5/9/20","1","0","55099","0"
"Racine","39","680","Wisconsin","5/9/20","408","272","55101","66.67"
"Richland","0","13","Wisconsin","5/9/20","12","1","55103","8.33"
"Rock","15","347","Wisconsin","5/9/20","243","104","55105","42.8"
"Rusk","0","4","Wisconsin","5/9/20","4","0","55107","0"
"Sauk","1","71","Wisconsin","5/9/20","64","7","55111","10.94"
"Sawyer","0","4","Wisconsin","5/9/20","3","1","55113","33.33"
"Shawano","1","20","Wisconsin","5/9/20","16","4","55115","25"
"Sheboygan","2","65","Wisconsin","5/9/20","51","14","55117","27.45"
"St. Croix","2","27","Wisconsin","5/9/20","16","11","55109","68.75"
"Trempealeau","0","5","Wisconsin","5/9/20","3","2","55121","66.67"
"Vernon","0","3","Wisconsin","5/9/20","1","2","55123","200"
"Vilas","0","4","Wisconsin","5/9/20","4","0","55125","0"
"Walworth","7","229","Wisconsin","5/9/20","183","46","55127","25.14"
"Washburn","0","1","Wisconsin","5/9/20","1","0","55129","0"
"Washington","2","116","Wisconsin","5/9/20","100","16","55131","16"
"Waukesha","6","396","Wisconsin","5/9/20","356","40","55133","11.24"
"Waupaca","0","13","Wisconsin","5/9/20","10","3","55135","30"
"Waushara","0","4","Wisconsin","5/9/20","2","2","55137","100"
"Winnebago","4","98","Wisconsin","5/9/20","67","31","55139","46.27"
"Wood","0","2","Wisconsin","5/9/20","2","0","55141","0"
"Albany","0","8","Wyoming","5/9/20","8","0","56001","0"
"Big Horn","0","3","Wyoming","5/9/20","3","0","56003","0"
"Campbell","1","29","Wyoming","5/9/20","24","5","56005","20.83"
"Carbon","0","5","Wyoming","5/9/20","5","0","56007","0"
"Converse","0","23","Wyoming","5/9/20","23","0","56009","0"
"Crook","0","5","Wyoming","5/9/20","5","0","56011","0"
"Fremont","7","180","Wyoming","5/9/20","128","52","56013","40.62"
"Goshen","0","5","Wyoming","5/9/20","4","1","56015","25"
"Hot Springs","0","3","Wyoming","5/9/20","3","0","56017","0"
"Johnson","0","15","Wyoming","5/9/20","15","0","56019","0"
"Laramie","2","163","Wyoming","5/9/20","151","12","56021","7.95"
"Lincoln","0","10","Wyoming","5/9/20","9","1","56023","11.11"
"Natrona","0","48","Wyoming","5/9/20","48","0","56025","0"
"Niobrara","0","2","Wyoming","5/9/20","2","0","56027","0"
"Park","0","1","Wyoming","5/9/20","1","0","56029","0"
"Sheridan","0","16","Wyoming","5/9/20","16","0","56033","0"
"Sublette","0","3","Wyoming","5/9/20","3","0","56035","0"
"Sweetwater","0","19","Wyoming","5/9/20","18","1","56037","5.56"
"Teton","0","98","Wyoming","5/9/20","97","1","56039","1.03"
"Uinta","0","9","Wyoming","5/9/20","8","1","56041","12.5"
"Washakie","0","8","Wyoming","5/9/20","8","0","56043","0"
