"Locality","DailyAvgNewCasesPast7Days","TotalCases","State","Date","TotalCases7DaysAgo","NewCasesPast7Days","FIPS-Code","PercentIncreaseTotalCasesPast7Days"
"Autauga","5","110","Alabama","5/17/20","74","36","01001","48.65"
"Baldwin","5","254","Alabama","5/17/20","222","32","01003","14.41"
"Barbour","3","81","Alabama","5/17/20","59","22","01005","37.29"
"Bibb","1","50","Alabama","5/17/20","46","4","01007","8.7"
"Blount","0","46","Alabama","5/17/20","44","2","01009","4.55"
"Bullock","2","35","Alabama","5/17/20","23","12","01011","52.17"
"Butler","12","272","Alabama","5/17/20","189","83","01013","43.92"
"Calhoun","1","130","Alabama","5/17/20","124","6","01015","4.84"
"Chambers","2","328","Alabama","5/17/20","316","12","01017","3.8"
"Cherokee","1","27","Alabama","5/17/20","22","5","01019","22.73"
"Chilton","2","77","Alabama","5/17/20","65","12","01021","18.46"
"Choctaw","3","84","Alabama","5/17/20","66","18","01023","27.27"
"Clarke","3","74","Alabama","5/17/20","56","18","01025","32.14"
"Clay","0","27","Alabama","5/17/20","26","1","01027","3.85"
"Cleburne","0","13","Alabama","5/17/20","13","0","01029","0"
"Coffee","3","166","Alabama","5/17/20","146","20","01031","13.7"
"Colbert","4","91","Alabama","5/17/20","66","25","01033","37.88"
"Conecuh","1","18","Alabama","5/17/20","13","5","01035","38.46"
"Coosa","0","34","Alabama","5/17/20","31","3","01037","9.68"
"Covington","1","57","Alabama","5/17/20","53","4","01039","7.55"
"Crenshaw","2","53","Alabama","5/17/20","41","12","01041","29.27"
"Cullman","1","69","Alabama","5/17/20","65","4","01043","6.15"
"Dale","2","60","Alabama","5/17/20","43","17","01045","39.53"
"Dallas","5","146","Alabama","5/17/20","108","38","01047","35.19"
"DeKalb","6","192","Alabama","5/17/20","147","45","01049","30.61"
"Elmore","6","192","Alabama","5/17/20","150","42","01051","28"
"Escambia","0","39","Alabama","5/17/20","36","3","01053","8.33"
"Etowah","3","204","Alabama","5/17/20","182","22","01055","12.09"
"Fayette","0","9","Alabama","5/17/20","7","2","01057","28.57"
"Franklin","15","334","Alabama","5/17/20","226","108","01059","47.79"
"Geneva","1","20","Alabama","5/17/20","13","7","01061","53.85"
"Greene","2","81","Alabama","5/17/20","70","11","01063","15.71"
"Hale","2","85","Alabama","5/17/20","69","16","01065","23.19"
"Henry","2","39","Alabama","5/17/20","28","11","01067","39.29"
"Houston","4","132","Alabama","5/17/20","107","25","01069","23.36"
"Jackson","0","63","Alabama","5/17/20","60","3","01071","5"
"Jefferson","30","1333","Alabama","5/17/20","1121","212","01073","18.91"
"Lamar","0","15","Alabama","5/17/20","13","2","01075","15.38"
"Lauderdale","3","113","Alabama","5/17/20","92","21","01077","22.83"
"Lawrence","1","29","Alabama","5/17/20","25","4","01079","16"
"Lee","3","449","Alabama","5/17/20","425","24","01081","5.65"
"Limestone","1","64","Alabama","5/17/20","57","7","01083","12.28"
"Lowndes","4","128","Alabama","5/17/20","99","29","01085","29.29"
"Macon","1","55","Alabama","5/17/20","47","8","01087","17.02"
"Madison","4","275","Alabama","5/17/20","247","28","01089","11.34"
"Marengo","3","103","Alabama","5/17/20","80","23","01091","28.75"
"Marion","1","101","Alabama","5/17/20","96","5","01093","5.21"
"Marshall","9","624","Alabama","5/17/20","558","66","01095","11.83"
"Mobile","34","1701","Alabama","5/17/20","1461","240","01097","16.43"
"Monroe","1","20","Alabama","5/17/20","15","5","01099","33.33"
"Montgomery","31","823","Alabama","5/17/20","608","215","01101","35.36"
"Morgan","3","111","Alabama","5/17/20","93","18","01103","19.35"
"Perry","0","20","Alabama","5/17/20","19","1","01105","5.26"
"Pickens","2","78","Alabama","5/17/20","67","11","01107","16.42"
"Pike","2","106","Alabama","5/17/20","93","13","01109","13.98"
"Randolph","2","120","Alabama","5/17/20","104","16","01111","15.38"
"Russell","3","100","Alabama","5/17/20","79","21","01113","26.58"
"Shelby","5","399","Alabama","5/17/20","367","32","01117","8.72"
"St. Clair","1","90","Alabama","5/17/20","82","8","01115","9.76"
"Sumter","4","127","Alabama","5/17/20","100","27","01119","27"
"Talladega","1","78","Alabama","5/17/20","73","5","01121","6.85"
"Tallapoosa","5","358","Alabama","5/17/20","323","35","01123","10.84"
"Tuscaloosa","10","345","Alabama","5/17/20","278","67","01125","24.1"
"Walker","3","126","Alabama","5/17/20","106","20","01127","18.87"
"Washington","1","60","Alabama","5/17/20","53","7","01129","13.21"
"Wilcox","2","94","Alabama","5/17/20","81","13","01131","16.05"
"Winston","2","34","Alabama","5/17/20","21","13","01133","61.9"
"Anchorage","1","199","Alaska","5/17/20","194","5","02020","2.58"
"Bethel","0","1","Alaska","5/17/20","1","0","02050","0"
"Fairbanks North Star","0","84","Alaska","5/17/20","84","0","02090","0"
"Juneau","0","29","Alaska","5/17/20","27","2","02110","7.41"
"Kenai Peninsula","0","24","Alaska","5/17/20","24","0","02122","0"
"Ketchikan Gateway","0","16","Alaska","5/17/20","16","0","02130","0"
"Kodiak Island","0","1","Alaska","5/17/20","1","0","02150","0"
"Matanuska-Susitna","0","21","Alaska","5/17/20","21","0","02170","0"
"Nome","0","1","Alaska","5/17/20","1","0","02180","0"
"Petersburg","0","4","Alaska","5/17/20","4","0","02195","0"
"Prince of Wales-Hyder","0","2","Alaska","5/17/20","2","0","02198","0"
"Sitka","0","1","Alaska","5/17/20","1","0","02220","0"
"Southeast Fairbanks","0","3","Alaska","5/17/20","2","1","02240","50"
"Yukon-Koyukuk","0","1","Alaska","5/17/20","1","0","02290","0"
"Apache","38","981","Arizona","5/17/20","716","265","04001","37.01"
"Cochise","1","46","Arizona","5/17/20","41","5","04003","12.2"
"Coconino","24","866","Arizona","5/17/20","699","167","04005","23.89"
"Gila","0","22","Arizona","5/17/20","19","3","04007","15.79"
"Graham","0","20","Arizona","5/17/20","19","1","04009","5.26"
"Greenlee","0","2","Arizona","5/17/20","2","0","04011","0"
"La Paz","2","38","Arizona","5/17/20","23","15","04012","65.22"
"Maricopa","202","7240","Arizona","5/17/20","5827","1413","04013","24.25"
"Mohave","8","250","Arizona","5/17/20","193","57","04015","29.53"
"Navajo","41","1273","Arizona","5/17/20","983","290","04017","29.5"
"Pima","33","1814","Arizona","5/17/20","1585","229","04019","14.45"
"Pinal","13","693","Arizona","5/17/20","600","93","04021","15.5"
"Santa Cruz","4","75","Arizona","5/17/20","44","31","04023","70.45"
"Yavapai","12","262","Arizona","5/17/20","177","85","04025","48.02"
"Yuma","25","363","Arizona","5/17/20","191","172","04027","90.05"
"Arkansas","0","2","Arkansas","5/17/20","2","0","05001","0"
"Ashley","0","18","Arkansas","5/17/20","18","0","05003","0"
"Baxter","0","6","Arkansas","5/17/20","5","1","05005","20"
"Benton","4","149","Arkansas","5/17/20","123","26","05007","21.14"
"Boone","0","4","Arkansas","5/17/20","4","0","05009","0"
"Bradley","1","15","Arkansas","5/17/20","11","4","05011","36.36"
"Carroll","0","5","Arkansas","5/17/20","6","-1","05015","-16.67"
"Chicot","0","10","Arkansas","5/17/20","10","0","05017","0"
"Clark","0","35","Arkansas","5/17/20","33","2","05019","6.06"
"Clay","0","3","Arkansas","5/17/20","3","0","05021","0"
"Cleburne","0","72","Arkansas","5/17/20","72","0","05023","0"
"Cleveland","0","16","Arkansas","5/17/20","13","3","05025","23.08"
"Columbia","0","15","Arkansas","5/17/20","15","0","05027","0"
"Conway","0","14","Arkansas","5/17/20","13","1","05029","7.69"
"Craighead","6","140","Arkansas","5/17/20","97","43","05031","44.33"
"Crawford","1","11","Arkansas","5/17/20","5","6","05033","120"
"Crittenden","3","234","Arkansas","5/17/20","210","24","05035","11.43"
"Cross","1","35","Arkansas","5/17/20","29","6","05037","20.69"
"Dallas","0","1","Arkansas","5/17/20","1","0","05039","0"
"Desha","0","18","Arkansas","5/17/20","16","2","05041","12.5"
"Drew","0","19","Arkansas","5/17/20","19","0","05043","0"
"Faulkner","2","93","Arkansas","5/17/20","82","11","05045","13.41"
"Franklin","0","2","Arkansas","5/17/20","2","0","05047","0"
"Fulton","0","4","Arkansas","5/17/20","3","1","05049","33.33"
"Garland","1","129","Arkansas","5/17/20","119","10","05051","8.4"
"Grant","0","16","Arkansas","5/17/20","15","1","05053","6.67"
"Greene","0","24","Arkansas","5/17/20","23","1","05055","4.35"
"Hempstead","0","9","Arkansas","5/17/20","7","2","05057","28.57"
"Hot Spring","0","29","Arkansas","5/17/20","26","3","05059","11.54"
"Howard","0","14","Arkansas","5/17/20","14","0","05061","0"
"Independence","1","25","Arkansas","5/17/20","17","8","05063","47.06"
"Izard","0","13","Arkansas","5/17/20","11","2","05065","18.18"
"Jackson","0","1","Arkansas","5/17/20","1","0","05067","0"
"Jefferson","37","491","Arkansas","5/17/20","234","257","05069","109.83"
"Johnson","0","35","Arkansas","5/17/20","34","1","05071","2.94"
"Lafayette","0","9","Arkansas","5/17/20","9","0","05073","0"
"Lawrence","0","73","Arkansas","5/17/20","70","3","05075","4.29"
"Lee","1","11","Arkansas","5/17/20","5","6","05077","120"
"Lincoln","3","955","Arkansas","5/17/20","937","18","05079","1.92"
"Little River","0","1","Arkansas","5/17/20","0","1","05081","1"
"Logan","0","4","Arkansas","5/17/20","3","1","05083","33.33"
"Lonoke","0","45","Arkansas","5/17/20","45","0","05085","0"
"Madison","0","1","Arkansas","5/17/20","1","0","05087","0"
"Marion","0","1","Arkansas","5/17/20","1","0","05089","0"
"Miller","1","42","Arkansas","5/17/20","36","6","05091","16.67"
"Mississippi","1","61","Arkansas","5/17/20","52","9","05093","17.31"
"Monroe","0","5","Arkansas","5/17/20","5","0","05095","0"
"Montgomery","0","1","Arkansas","5/17/20","1","0","05097","0"
"Nevada","0","4","Arkansas","5/17/20","3","1","05099","33.33"
"Newton","0","3","Arkansas","5/17/20","3","0","05101","0"
"Ouachita","0","10","Arkansas","5/17/20","9","1","05103","11.11"
"Perry","1","12","Arkansas","5/17/20","8","4","05105","50"
"Phillips","0","5","Arkansas","5/17/20","4","1","05107","25"
"Pike","0","3","Arkansas","5/17/20","3","0","05109","0"
"Poinsett","0","26","Arkansas","5/17/20","25","1","05111","4"
"Polk","0","8","Arkansas","5/17/20","7","1","05113","14.29"
"Pope","4","73","Arkansas","5/17/20","47","26","05115","55.32"
"Prairie","0","2","Arkansas","5/17/20","2","0","05117","0"
"Pulaski","8","686","Arkansas","5/17/20","627","59","05119","9.41"
"Randolph","0","22","Arkansas","5/17/20","21","1","05121","4.76"
"Saline","1","82","Arkansas","5/17/20","73","9","05125","12.33"
"Scott","0","1","Arkansas","5/17/20","1","0","05127","0"
"Searcy","0","6","Arkansas","5/17/20","6","0","05129","0"
"Sebastian","0","16","Arkansas","5/17/20","15","1","05131","6.67"
"Sevier","1","28","Arkansas","5/17/20","18","10","05133","55.56"
"Sharp","4","37","Arkansas","5/17/20","11","26","05135","236.36"
"St. Francis","9","341","Arkansas","5/17/20","278","63","05123","22.66"
"Stone","0","8","Arkansas","5/17/20","8","0","05137","0"
"Union","4","107","Arkansas","5/17/20","76","31","05139","40.79"
"Van Buren","0","28","Arkansas","5/17/20","28","0","05141","0"
"Washington","5","143","Arkansas","5/17/20","110","33","05143","30"
"White","0","36","Arkansas","5/17/20","36","0","05145","0"
"Woodruff","0","1","Arkansas","5/17/20","1","0","05147","0"
"Yell","2","23","Arkansas","5/17/20","7","16","05149","228.57"
"Alameda","47","2392","California","5/17/20","2064","328","06001","15.89"
"Alpine","0","2","California","5/17/20","2","0","06003","0"
"Amador","0","9","California","5/17/20","8","1","06005","12.5"
"Butte","1","22","California","5/17/20","18","4","06007","22.22"
"Calaveras","0","13","California","5/17/20","13","0","06009","0"
"Colusa","0","3","California","5/17/20","3","0","06011","0"
"Contra Costa","14","1146","California","5/17/20","1048","98","06013","9.35"
"Del Norte","1","8","California","5/17/20","3","5","06015","166.67"
"El Dorado","1","64","California","5/17/20","54","10","06017","18.52"
"Fresno","44","1192","California","5/17/20","885","307","06019","34.69"
"Glenn","0","9","California","5/17/20","6","3","06021","50"
"Humboldt","3","77","California","5/17/20","57","20","06023","35.09"
"Imperial","39","786","California","5/17/20","512","274","06025","53.52"
"Inyo","0","19","California","5/17/20","19","0","06027","0"
"Kern","37","1515","California","5/17/20","1254","261","06029","20.81"
"Kings","18","399","California","5/17/20","275","124","06031","45.09"
"Lake","0","8","California","5/17/20","8","0","06033","0"
"Los Angeles","901","38011","California","5/17/20","31703","6308","06037","19.9"
"Madera","1","71","California","5/17/20","67","4","06039","5.97"
"Marin","8","317","California","5/17/20","259","58","06041","22.39"
"Mariposa","0","15","California","5/17/20","15","0","06043","0"
"Mendocino","0","14","California","5/17/20","12","2","06045","16.67"
"Merced","5","200","California","5/17/20","163","37","06047","22.7"
"Mono","1","34","California","5/17/20","29","5","06051","17.24"
"Monterey","9","341","California","5/17/20","279","62","06053","22.22"
"Napa","2","90","California","5/17/20","79","11","06055","13.92"
"Nevada","0","41","California","5/17/20","41","0","06057","0"
"Orange","125","4376","California","5/17/20","3502","874","06059","24.96"
"Placer","1","175","California","5/17/20","169","6","06061","3.55"
"Plumas","0","4","California","5/17/20","4","0","06063","0"
"Riverside","89","5618","California","5/17/20","4992","626","06065","12.54"
"Sacramento","10","1237","California","5/17/20","1167","70","06067","6"
"San Benito","1","61","California","5/17/20","55","6","06069","10.91"
"San Bernardino","87","3511","California","5/17/20","2902","609","06071","20.99"
"San Diego","151","5836","California","5/17/20","4776","1060","06073","22.19"
"San Francisco","21","2091","California","5/17/20","1943","148","06075","7.62"
"San Joaquin","11","689","California","5/17/20","612","77","06077","12.58"
"San Luis Obispo","3","243","California","5/17/20","220","23","06079","10.45"
"San Mateo","25","1602","California","5/17/20","1425","177","06081","12.42"
"Santa Barbara","32","1474","California","5/17/20","1250","224","06083","17.92"
"Santa Clara","16","2453","California","5/17/20","2339","114","06085","4.87"
"Santa Cruz","3","159","California","5/17/20","141","18","06087","12.77"
"Shasta","0","34","California","5/17/20","31","3","06089","9.68"
"Siskiyou","0","5","California","5/17/20","5","0","06093","0"
"Solano","8","410","California","5/17/20","351","59","06095","16.81"
"Sonoma","9","373","California","5/17/20","309","64","06097","20.71"
"Stanislaus","11","571","California","5/17/20","496","75","06099","15.12"
"Sutter","1","38","California","5/17/20","33","5","06101","15.15"
"Tehama","0","2","California","5/17/20","1","1","06103","100"
"Trinity","0","1","California","5/17/20","1","0","06105","0"
"Tulare","41","1430","California","5/17/20","1140","290","06107","25.44"
"Tuolumne","0","2","California","5/17/20","2","0","06109","0"
"Ventura","14","764","California","5/17/20","666","98","06111","14.71"
"Yolo","2","184","California","5/17/20","172","12","06113","6.98"
"Yuba","1","25","California","5/17/20","20","5","06115","25"
"Adams","53","2613","Colorado","5/17/20","2242","371","08001","16.55"
"Alamosa","2","41","Colorado","5/17/20","25","16","08003","64"
"Arapahoe","62","3703","Colorado","5/17/20","3272","431","08005","13.17"
"Archuleta","0","8","Colorado","5/17/20","8","0","08007","0"
"Baca","0","12","Colorado","5/17/20","12","0","08009","0"
"Bent","0","1","Colorado","5/17/20","1","0","08011","0"
"Boulder","11","844","Colorado","5/17/20","767","77","08013","10.04"
"Broomfield","2","211","Colorado","5/17/20","198","13","08014","6.57"
"Chaffee","0","69","Colorado","5/17/20","68","1","08015","1.47"
"Cheyenne","0","5","Colorado","5/17/20","4","1","08017","25"
"Clear Creek","0","16","Colorado","5/17/20","14","2","08019","14.29"
"Conejos","0","1","Colorado","5/17/20","1","0","08021","0"
"Costilla","0","4","Colorado","5/17/20","3","1","08023","33.33"
"Crowley","0","39","Colorado","5/17/20","39","0","08025","0"
"Custer","0","2","Colorado","5/17/20","2","0","08027","0"
"Delta","0","55","Colorado","5/17/20","55","0","08029","0"
"Denver","84","4656","Colorado","5/17/20","4070","586","08031","14.4"
"Douglas","6","640","Colorado","5/17/20","601","39","08035","6.49"
"Eagle","2","570","Colorado","5/17/20","558","12","08037","2.15"
"El Paso","27","1314","Colorado","5/17/20","1124","190","08041","16.9"
"Elbert","1","45","Colorado","5/17/20","39","6","08039","15.38"
"Fremont","0","25","Colorado","5/17/20","23","2","08043","8.7"
"Garfield","2","115","Colorado","5/17/20","104","11","08045","10.58"
"Gilpin","0","4","Colorado","5/17/20","3","1","08047","33.33"
"Grand","0","5","Colorado","5/17/20","5","0","08049","0"
"Gunnison","1","183","Colorado","5/17/20","173","10","08051","5.78"
"Hinsdale","0","3","Colorado","5/17/20","3","0","08053","0"
"Huerfano","0","3","Colorado","5/17/20","3","0","08055","0"
"Jefferson","26","1831","Colorado","5/17/20","1649","182","08059","11.04"
"Kit Carson","0","26","Colorado","5/17/20","26","0","08063","0"
"La Plata","0","68","Colorado","5/17/20","65","3","08067","4.62"
"Lake","0","26","Colorado","5/17/20","23","3","08065","13.04"
"Larimer","6","489","Colorado","5/17/20","448","41","08069","9.15"
"Las Animas","0","4","Colorado","5/17/20","4","0","08071","0"
"Lincoln","0","3","Colorado","5/17/20","3","0","08073","0"
"Logan","12","487","Colorado","5/17/20","401","86","08075","21.45"
"Mesa","0","50","Colorado","5/17/20","51","-1","08077","-1.96"
"Mineral","0","2","Colorado","5/17/20","2","0","08079","0"
"Moffat","0","6","Colorado","5/17/20","6","0","08081","0"
"Montezuma","1","27","Colorado","5/17/20","23","4","08083","17.39"
"Montrose","2","136","Colorado","5/17/20","124","12","08085","9.68"
"Morgan","8","561","Colorado","5/17/20","508","53","08087","10.43"
"Otero","0","11","Colorado","5/17/20","10","1","08089","10"
"Ouray","0","7","Colorado","5/17/20","6","1","08091","16.67"
"Park","0","16","Colorado","5/17/20","15","1","08093","6.67"
"Phillips","0","10","Colorado","5/17/20","8","2","08095","25"
"Pitkin","0","56","Colorado","5/17/20","54","2","08097","3.7"
"Prowers","0","10","Colorado","5/17/20","9","1","08099","11.11"
"Pueblo","3","204","Colorado","5/17/20","182","22","08101","12.09"
"Rio Blanco","0","1","Colorado","5/17/20","1","0","08103","0"
"Rio Grande","0","8","Colorado","5/17/20","7","1","08105","14.29"
"Routt","0","59","Colorado","5/17/20","58","1","08107","1.72"
"Saguache","2","16","Colorado","5/17/20","5","11","08109","220"
"San Juan","0","1","Colorado","5/17/20","1","0","08111","0"
"San Miguel","0","22","Colorado","5/17/20","20","2","08113","10"
"Summit","3","183","Colorado","5/17/20","165","18","08117","10.91"
"Teller","0","31","Colorado","5/17/20","31","0","08119","0"
"Washington","0","10","Colorado","5/17/20","9","1","08121","11.11"
"Weld","22","2295","Colorado","5/17/20","2139","156","08123","7.29"
"Yuma","0","12","Colorado","5/17/20","11","1","08125","9.09"
"Fairfield","145","14248","Connecticut","5/17/20","13236","1012","09001","7.65"
"Hartford","209","8723","Connecticut","5/17/20","7263","1460","09003","20.1"
"Litchfield","17","1269","Connecticut","5/17/20","1153","116","09005","10.06"
"Middlesex","16","909","Connecticut","5/17/20","798","111","09007","13.91"
"New Haven","136","10159","Connecticut","5/17/20","9209","950","09009","10.32"
"New London","13","873","Connecticut","5/17/20","782","91","09011","11.64"
"Tolland","25","715","Connecticut","5/17/20","543","172","09013","31.68"
"Windham","6","313","Connecticut","5/17/20","270","43","09015","15.93"
"Kent","30","1197","Delaware","5/17/20","985","212","10001","21.52"
"New Castle","58","2682","Delaware","5/17/20","2275","407","10003","17.89"
"Sussex","107","3739","Delaware","5/17/20","2990","749","10005","25.05"
"","0","49","Diamond Princess","5/17/20","49","0",,"0"
"District of Columbia","122","7123","District of Columbia","5/17/20","6272","851","11001","13.57"
"Alachua","3","332","Florida","5/17/20","312","20","12001","6.41"
"Baker","0","26","Florida","5/17/20","25","1","12003","4"
"Bay","1","84","Florida","5/17/20","76","8","12005","10.53"
"Bradford","0","49","Florida","5/17/20","48","1","12007","2.08"
"Brevard","5","365","Florida","5/17/20","328","37","12009","11.28"
"Broward","55","6243","Florida","5/17/20","5858","385","12011","6.57"
"Calhoun","2","40","Florida","5/17/20","27","13","12013","48.15"
"Charlotte","7","380","Florida","5/17/20","329","51","12015","15.5"
"Citrus","1","112","Florida","5/17/20","106","6","12017","5.66"
"Clay","2","317","Florida","5/17/20","300","17","12019","5.67"
"Collier","28","948","Florida","5/17/20","752","196","12021","26.06"
"Columbia","1","111","Florida","5/17/20","103","8","12023","7.77"
"DeSoto","3","66","Florida","5/17/20","47","19","12027","40.43"
"Dixie","1","22","Florida","5/17/20","13","9","12029","69.23"
"Duval","17","1284","Florida","5/17/20","1164","120","12031","10.31"
"Escambia","7","689","Florida","5/17/20","638","51","12033","7.99"
"Flagler","1","156","Florida","5/17/20","147","9","12035","6.12"
"Franklin","0","2","Florida","5/17/20","2","0","12037","0"
"Gadsden","14","223","Florida","5/17/20","128","95","12039","74.22"
"Gilchrist","0","7","Florida","5/17/20","6","1","12041","16.67"
"Glades","0","9","Florida","5/17/20","7","2","12043","28.57"
"Gulf","0","1","Florida","5/17/20","1","0","12045","0"
"Hamilton","18","147","Florida","5/17/20","18","129","12047","716.67"
"Hardee","1","40","Florida","5/17/20","36","4","12049","11.11"
"Hendry","9","211","Florida","5/17/20","145","66","12051","45.52"
"Hernando","1","109","Florida","5/17/20","100","9","12053","9"
"Highlands","1","104","Florida","5/17/20","98","6","12055","6.12"
"Hillsborough","26","1614","Florida","5/17/20","1432","182","12057","12.71"
"Holmes","0","10","Florida","5/17/20","10","0","12059","0"
"Indian River","1","106","Florida","5/17/20","100","6","12061","6"
"Jackson","5","129","Florida","5/17/20","91","38","12063","41.76"
"Jefferson","0","28","Florida","5/17/20","28","0","12065","0"
"Lafayette","0","6","Florida","5/17/20","3","3","12067","100"
"Lake","1","252","Florida","5/17/20","242","10","12069","4.13"
"Lee","27","1456","Florida","5/17/20","1268","188","12071","14.83"
"Leon","4","280","Florida","5/17/20","254","26","12073","10.24"
"Levy","1","25","Florida","5/17/20","20","5","12075","25"
"Liberty","0","199","Florida","5/17/20","198","1","12077","0.51"
"Madison","0","63","Florida","5/17/20","61","2","12079","3.28"
"Manatee","10","849","Florida","5/17/20","776","73","12081","9.41"
"Marion","2","222","Florida","5/17/20","208","14","12083","6.73"
"Martin","9","321","Florida","5/17/20","255","66","12085","25.88"
"Miami-Dade","236","15658","Florida","5/17/20","14007","1651","12086","11.79"
"Monroe","2","100","Florida","5/17/20","88","12","12087","13.64"
"Nassau","1","66","Florida","5/17/20","60","6","12089","10"
"Okaloosa","1","177","Florida","5/17/20","169","8","12091","4.73"
"Okeechobee","1","35","Florida","5/17/20","28","7","12093","25"
"Orange","21","1655","Florida","5/17/20","1505","150","12095","9.97"
"Osceola","7","622","Florida","5/17/20","572","50","12097","8.74"
"Palm Beach","93","4524","Florida","5/17/20","3870","654","12099","16.9"
"Pasco","3","316","Florida","5/17/20","297","19","12101","6.4"
"Pinellas","23","1022","Florida","5/17/20","861","161","12103","18.7"
"Polk","14","736","Florida","5/17/20","636","100","12105","15.72"
"Putnam","1","131","Florida","5/17/20","126","5","12107","3.97"
"Santa Rosa","1","183","Florida","5/17/20","173","10","12113","5.78"
"Sarasota","12","508","Florida","5/17/20","426","82","12115","19.25"
"Seminole","2","432","Florida","5/17/20","415","17","12117","4.1"
"St. Johns","1","231","Florida","5/17/20","222","9","12109","4.05"
"St. Lucie","6","323","Florida","5/17/20","282","41","12111","14.54"
"Sumter","1","251","Florida","5/17/20","244","7","12119","2.87"
"Suwannee","2","158","Florida","5/17/20","146","12","12121","8.22"
"Taylor","0","3","Florida","5/17/20","3","0","12123","0"
"Union","3","25","Florida","5/17/20","6","19","12125","316.67"
"Volusia","7","594","Florida","5/17/20","548","46","12127","8.39"
"Wakulla","0","32","Florida","5/17/20","29","3","12129","10.34"
"Walton","2","77","Florida","5/17/20","61","16","12131","26.23"
"Washington","0","13","Florida","5/17/20","12","1","12133","8.33"
"Appling","2","108","Georgia","5/17/20","93","15","13001","16.13"
"Atkinson","0","20","Georgia","5/17/20","20","0","13003","0"
"Bacon","2","60","Georgia","5/17/20","43","17","13005","39.53"
"Baker","0","33","Georgia","5/17/20","31","2","13007","6.45"
"Baldwin","2","287","Georgia","5/17/20","271","16","13009","5.9"
"Banks","1","43","Georgia","5/17/20","36","7","13011","19.44"
"Barrow","9","257","Georgia","5/17/20","193","64","13013","33.16"
"Bartow","3","385","Georgia","5/17/20","363","22","13015","6.06"
"Ben Hill","1","45","Georgia","5/17/20","39","6","13017","15.38"
"Berrien","0","20","Georgia","5/17/20","19","1","13019","5.26"
"Bibb","4","396","Georgia","5/17/20","367","29","13021","7.9"
"Bleckley","1","34","Georgia","5/17/20","29","5","13023","17.24"
"Brantley","2","38","Georgia","5/17/20","25","13","13025","52"
"Brooks","0","63","Georgia","5/17/20","64","-1","13027","-1.56"
"Bryan","0","61","Georgia","5/17/20","60","1","13029","1.67"
"Bulloch","0","45","Georgia","5/17/20","43","2","13031","4.65"
"Burke","1","112","Georgia","5/17/20","107","5","13033","4.67"
"Butts","2","197","Georgia","5/17/20","180","17","13035","9.44"
"Calhoun","1","123","Georgia","5/17/20","117","6","13037","5.13"
"Camden","1","47","Georgia","5/17/20","37","10","13039","27.03"
"Candler","0","10","Georgia","5/17/20","9","1","13043","11.11"
"Carroll","2","408","Georgia","5/17/20","395","13","13045","3.29"
"Catoosa","3","71","Georgia","5/17/20","53","18","13047","33.96"
"Charlton","1","26","Georgia","5/17/20","17","9","13049","52.94"
"Chatham","7","355","Georgia","5/17/20","303","52","13051","17.16"
"Chattahoochee","1","19","Georgia","5/17/20","12","7","13053","58.33"
"Chattooga","0","15","Georgia","5/17/20","16","-1","13055","-6.25"
"Cherokee","15","714","Georgia","5/17/20","607","107","13057","17.63"
"Clarke","1","195","Georgia","5/17/20","186","9","13059","4.84"
"Clay","0","30","Georgia","5/17/20","27","3","13061","11.11"
"Clayton","12","1008","Georgia","5/17/20","925","83","13063","8.97"
"Clinch","3","41","Georgia","5/17/20","17","24","13065","141.18"
"Cobb","33","2406","Georgia","5/17/20","2175","231","13067","10.62"
"Coffee","3","193","Georgia","5/17/20","175","18","13069","10.29"
"Colquitt","6","246","Georgia","5/17/20","207","39","13071","18.84"
"Columbia","3","205","Georgia","5/17/20","183","22","13073","12.02"
"Cook","0","32","Georgia","5/17/20","32","0","13075","0"
"Coweta","1","284","Georgia","5/17/20","276","8","13077","2.9"
"Crawford","0","19","Georgia","5/17/20","18","1","13079","5.56"
"Crisp","1","193","Georgia","5/17/20","185","8","13081","4.32"
"Dade","0","20","Georgia","5/17/20","17","3","13083","17.65"
"Dawson","0","84","Georgia","5/17/20","81","3","13085","3.7"
"Decatur","1","116","Georgia","5/17/20","109","7","13087","6.42"
"DeKalb","38","2802","Georgia","5/17/20","2535","267","13089","10.53"
"Dodge","1","39","Georgia","5/17/20","32","7","13091","21.88"
"Dooly","2","157","Georgia","5/17/20","146","11","13093","7.53"
"Dougherty","10","1661","Georgia","5/17/20","1593","68","13095","4.27"
"Douglas","5","437","Georgia","5/17/20","405","32","13097","7.9"
"Early","1","233","Georgia","5/17/20","226","7","13099","3.1"
"Echols","1","15","Georgia","5/17/20","6","9","13101","150"
"Effingham","1","42","Georgia","5/17/20","38","4","13103","10.53"
"Elbert","1","46","Georgia","5/17/20","42","4","13105","9.52"
"Emanuel","0","26","Georgia","5/17/20","23","3","13107","13.04"
"Evans","0","4","Georgia","5/17/20","5","-1","13109","-20"
"Fannin","0","36","Georgia","5/17/20","34","2","13111","5.88"
"Fayette","1","207","Georgia","5/17/20","199","8","13113","4.02"
"Floyd","3","180","Georgia","5/17/20","157","23","13115","14.65"
"Forsyth","2","399","Georgia","5/17/20","388","11","13117","2.84"
"Franklin","1","33","Georgia","5/17/20","26","7","13119","26.92"
"Fulton","36","3761","Georgia","5/17/20","3508","253","13121","7.21"
"Gilmer","2","109","Georgia","5/17/20","97","12","13123","12.37"
"Glascock","0","1","Georgia","5/17/20","1","0","13125","0"
"Glynn","0","75","Georgia","5/17/20","73","2","13127","2.74"
"Gordon","1","128","Georgia","5/17/20","122","6","13129","4.92"
"Grady","1","90","Georgia","5/17/20","83","7","13131","8.43"
"Greene","0","57","Georgia","5/17/20","56","1","13133","1.79"
"Gwinnett","21","2594","Georgia","5/17/20","2447","147","13135","6.01"
"Habersham","5","420","Georgia","5/17/20","386","34","13137","8.81"
"Hall","20","2152","Georgia","5/17/20","2012","140","13139","6.96"
"Hancock","4","159","Georgia","5/17/20","128","31","13141","24.22"
"Haralson","0","34","Georgia","5/17/20","32","2","13143","6.25"
"Harris","1","74","Georgia","5/17/20","66","8","13145","12.12"
"Hart","0","20","Georgia","5/17/20","17","3","13147","17.65"
"Heard","0","17","Georgia","5/17/20","14","3","13149","21.43"
"Henry","4","630","Georgia","5/17/20","604","26","13151","4.3"
"Houston","4","314","Georgia","5/17/20","286","28","13153","9.79"
"Irwin","0","22","Georgia","5/17/20","21","1","13155","4.76"
"Jackson","1","127","Georgia","5/17/20","123","4","13157","3.25"
"Jasper","0","26","Georgia","5/17/20","25","1","13159","4"
"Jeff Davis","0","24","Georgia","5/17/20","24","0","13161","0"
"Jefferson","1","22","Georgia","5/17/20","17","5","13163","29.41"
"Jenkins","0","16","Georgia","5/17/20","17","-1","13165","-5.88"
"Johnson","1","71","Georgia","5/17/20","66","5","13167","7.58"
"Jones","0","30","Georgia","5/17/20","31","-1","13169","-3.23"
"Lamar","0","41","Georgia","5/17/20","40","1","13171","2.5"
"Lanier","0","12","Georgia","5/17/20","11","1","13173","9.09"
"Laurens","2","94","Georgia","5/17/20","80","14","13175","17.5"
"Lee","0","342","Georgia","5/17/20","340","2","13177","0.59"
"Liberty","0","46","Georgia","5/17/20","44","2","13179","4.55"
"Lincoln","0","12","Georgia","5/17/20","12","0","13181","0"
"Long","0","6","Georgia","5/17/20","5","1","13183","20"
"Lowndes","3","203","Georgia","5/17/20","185","18","13185","9.73"
"Lumpkin","1","82","Georgia","5/17/20","76","6","13187","7.89"
"Macon","1","91","Georgia","5/17/20","85","6","13193","7.06"
"Madison","0","29","Georgia","5/17/20","29","0","13195","0"
"Marion","0","40","Georgia","5/17/20","40","0","13197","0"
"McDuffie","1","55","Georgia","5/17/20","51","4","13189","7.84"
"McIntosh","0","10","Georgia","5/17/20","7","3","13191","42.86"
"Meriwether","1","72","Georgia","5/17/20","65","7","13199","10.77"
"Miller","1","37","Georgia","5/17/20","32","5","13201","15.62"
"Mitchell","5","388","Georgia","5/17/20","352","36","13205","10.23"
"Monroe","9","95","Georgia","5/17/20","34","61","13207","179.41"
"Montgomery","1","8","Georgia","5/17/20","4","4","13209","100"
"Morgan","0","33","Georgia","5/17/20","33","0","13211","0"
"Murray","2","60","Georgia","5/17/20","47","13","13213","27.66"
"Muscogee","8","424","Georgia","5/17/20","371","53","13215","14.29"
"Newton","0","259","Georgia","5/17/20","258","1","13217","0.39"
"Oconee","2","79","Georgia","5/17/20","67","12","13219","17.91"
"Oglethorpe","0","55","Georgia","5/17/20","56","-1","13221","-1.79"
"Out of GA","16","1601","Georgia","5/17/20","1490","111","80013","7.45"
"Paulding","3","241","Georgia","5/17/20","223","18","13223","8.07"
"Peach","1","69","Georgia","5/17/20","63","6","13225","9.52"
"Pickens","0","35","Georgia","5/17/20","33","2","13227","6.06"
"Pierce","1","71","Georgia","5/17/20","67","4","13229","5.97"
"Pike","0","44","Georgia","5/17/20","44","0","13231","0"
"Polk","2","79","Georgia","5/17/20","66","13","13233","19.7"
"Pulaski","0","36","Georgia","5/17/20","34","2","13235","5.88"
"Putnam","3","77","Georgia","5/17/20","55","22","13237","40"
"Quitman","0","8","Georgia","5/17/20","6","2","13239","33.33"
"Rabun","0","15","Georgia","5/17/20","14","1","13241","7.14"
"Randolph","0","169","Georgia","5/17/20","168","1","13243","0.6"
"Richmond","6","490","Georgia","5/17/20","447","43","13245","9.62"
"Rockdale","1","249","Georgia","5/17/20","239","10","13247","4.18"
"Schley","0","16","Georgia","5/17/20","15","1","13249","6.67"
"Screven","0","19","Georgia","5/17/20","17","2","13251","11.76"
"Seminole","1","40","Georgia","5/17/20","34","6","13253","17.65"
"Spalding","1","239","Georgia","5/17/20","235","4","13255","1.7"
"Stephens","2","107","Georgia","5/17/20","91","16","13257","17.58"
"Stewart","1","37","Georgia","5/17/20","31","6","13259","19.35"
"Sumter","2","415","Georgia","5/17/20","400","15","13261","3.75"
"Talbot","0","28","Georgia","5/17/20","27","1","13263","3.7"
"Taliaferro","0","1","Georgia","5/17/20","1","0","13265","0"
"Tattnall","0","11","Georgia","5/17/20","9","2","13267","22.22"
"Taylor","0","22","Georgia","5/17/20","20","2","13269","10"
"Telfair","0","29","Georgia","5/17/20","28","1","13271","3.57"
"Terrell","0","199","Georgia","5/17/20","198","1","13273","0.51"
"Thomas","6","283","Georgia","5/17/20","242","41","13275","16.94"
"Tift","4","181","Georgia","5/17/20","156","25","13277","16.03"
"Toombs","1","44","Georgia","5/17/20","40","4","13279","10"
"Towns","0","21","Georgia","5/17/20","20","1","13281","5"
"Treutlen","0","8","Georgia","5/17/20","5","3","13283","60"
"Troup","2","200","Georgia","5/17/20","186","14","13285","7.53"
"Turner","0","81","Georgia","5/17/20","78","3","13287","3.85"
"Twiggs","0","9","Georgia","5/17/20","8","1","13289","12.5"
"Union","0","36","Georgia","5/17/20","34","2","13291","5.88"
"Upson","1","260","Georgia","5/17/20","250","10","13293","4"
"Walker","1","74","Georgia","5/17/20","65","9","13295","13.85"
"Walton","1","158","Georgia","5/17/20","152","6","13297","3.95"
"Ware","1","171","Georgia","5/17/20","165","6","13299","3.64"
"Warren","0","16","Georgia","5/17/20","15","1","13301","6.67"
"Washington","1","63","Georgia","5/17/20","57","6","13303","10.53"
"Wayne","0","14","Georgia","5/17/20","13","1","13305","7.69"
"Webster","0","11","Georgia","5/17/20","10","1","13307","10"
"Wheeler","0","7","Georgia","5/17/20","5","2","13309","40"
"White","0","89","Georgia","5/17/20","88","1","13311","1.14"
"Whitfield","4","180","Georgia","5/17/20","154","26","13313","16.88"
"Wilcox","0","95","Georgia","5/17/20","95","0","13315","0"
"Wilkes","0","28","Georgia","5/17/20","27","1","13317","3.7"
"Wilkinson","1","45","Georgia","5/17/20","40","5","13319","12.5"
"Worth","2","196","Georgia","5/17/20","183","13","13321","7.1"
"","0","103","Grand Princess","5/17/20","103","0",,"0"
"","0","154","Guam","5/17/20","151","3",,"1.99"
"Hawaii","0","77","Hawaii","5/17/20","75","2","15001","2.67"
"Honolulu","1","415","Hawaii","5/17/20","408","7","15003","1.72"
"Kauai","0","21","Hawaii","5/17/20","21","0","15007","0"
"Maui","0","117","Hawaii","5/17/20","117","0","15009","0"
"Out of HI","0","10","Hawaii","5/17/20","11","-1","80015","-9.09"
"Ada","6","773","Idaho","5/17/20","733","40","16001","5.46"
"Adams","0","3","Idaho","5/17/20","3","0","16003","0"
"Bannock","0","14","Idaho","5/17/20","12","2","16005","16.67"
"Bingham","0","6","Idaho","5/17/20","4","2","16011","50"
"Blaine","1","508","Idaho","5/17/20","503","5","16013","0.99"
"Bonner","0","4","Idaho","5/17/20","4","0","16017","0"
"Bonneville","0","33","Idaho","5/17/20","30","3","16019","10"
"Camas","0","1","Idaho","5/17/20","1","0","16025","0"
"Canyon","1","277","Idaho","5/17/20","272","5","16027","1.84"
"Caribou","0","1","Idaho","5/17/20","1","0","16029","0"
"Cassia","0","18","Idaho","5/17/20","15","3","16031","20"
"Custer","0","2","Idaho","5/17/20","2","0","16037","0"
"Elmore","0","31","Idaho","5/17/20","31","0","16039","0"
"Fremont","0","3","Idaho","5/17/20","3","0","16043","0"
"Gem","0","16","Idaho","5/17/20","16","0","16045","0"
"Gooding","1","25","Idaho","5/17/20","17","8","16047","47.06"
"Idaho","0","3","Idaho","5/17/20","3","0","16049","0"
"Jefferson","0","7","Idaho","5/17/20","5","2","16051","40"
"Jerome","3","95","Idaho","5/17/20","71","24","16053","33.8"
"Kootenai","0","65","Idaho","5/17/20","63","2","16055","3.17"
"Latah","0","6","Idaho","5/17/20","5","1","16057","20"
"Lemhi","0","1","Idaho","5/17/20","1","0","16059","0"
"Lincoln","0","29","Idaho","5/17/20","29","0","16063","0"
"Madison","0","19","Idaho","5/17/20","17","2","16065","11.76"
"Minidoka","1","15","Idaho","5/17/20","11","4","16067","36.36"
"Nez Perce","0","79","Idaho","5/17/20","78","1","16069","1.28"
"Owyhee","0","8","Idaho","5/17/20","8","0","16073","0"
"Payette","0","20","Idaho","5/17/20","17","3","16075","17.65"
"Power","0","3","Idaho","5/17/20","2","1","16077","50"
"Teton","0","11","Idaho","5/17/20","11","0","16081","0"
"Twin Falls","8","318","Idaho","5/17/20","259","59","16083","22.78"
"Valley","0","2","Idaho","5/17/20","2","0","16085","0"
"Washington","3","23","Idaho","5/17/20","1","22","16087","2200"
"Adams","0","42","Illinois","5/17/20","41","1","17001","2.44"
"Alexander","0","8","Illinois","5/17/20","7","1","17003","14.29"
"Bond","0","11","Illinois","5/17/20","8","3","17005","37.5"
"Boone","14","290","Illinois","5/17/20","193","97","17007","50.26"
"Brown","0","10","Illinois","5/17/20","8","2","17009","25"
"Bureau","0","15","Illinois","5/17/20","14","1","17011","7.14"
"Calhoun","0","1","Illinois","5/17/20","1","0","17013","0"
"Carroll","0","14","Illinois","5/17/20","11","3","17015","27.27"
"Cass","1","64","Illinois","5/17/20","56","8","17017","14.29"
"Champaign","20","401","Illinois","5/17/20","263","138","17019","52.47"
"Christian","0","31","Illinois","5/17/20","29","2","17021","6.9"
"Clark","0","9","Illinois","5/17/20","8","1","17023","12.5"
"Clay","0","2","Illinois","5/17/20","2","0","17025","0"
"Clinton","5","161","Illinois","5/17/20","126","35","17027","27.78"
"Coles","8","81","Illinois","5/17/20","24","57","17029","237.5"
"Cook","1366","62218","Illinois","5/17/20","52655","9563","17031","18.16"
"Crawford","0","11","Illinois","5/17/20","10","1","17033","10"
"Cumberland","1","8","Illinois","5/17/20","4","4","17035","100"
"De Witt","0","4","Illinois","5/17/20","3","1","17039","33.33"
"DeKalb","11","251","Illinois","5/17/20","177","74","17037","41.81"
"Douglas","0","23","Illinois","5/17/20","20","3","17041","15"
"DuPage","186","5904","Illinois","5/17/20","4603","1301","17043","28.26"
"Edwards","0","2","Illinois","5/17/20","0","2","17047","1"
"Effingham","0","6","Illinois","5/17/20","6","0","17049","0"
"Fayette","0","19","Illinois","5/17/20","17","2","17051","11.76"
"Ford","0","17","Illinois","5/17/20","14","3","17053","21.43"
"Franklin","0","11","Illinois","5/17/20","10","1","17055","10"
"Fulton","1","8","Illinois","5/17/20","3","5","17057","166.67"
"Gallatin","0","2","Illinois","5/17/20","2","0","17059","0"
"Greene","0","4","Illinois","5/17/20","4","0","17061","0"
"Grundy","2","74","Illinois","5/17/20","58","16","17063","27.59"
"Hamilton","0","2","Illinois","5/17/20","2","0","17065","0"
"Hancock","0","12","Illinois","5/17/20","12","0","17067","0"
"Hardin","0","1","Illinois","5/17/20","1","0","17069","0"
"Henderson","0","8","Illinois","5/17/20","6","2","17071","33.33"
"Henry","1","64","Illinois","5/17/20","58","6","17073","10.34"
"Iroquois","3","117","Illinois","5/17/20","96","21","17075","21.88"
"Jackson","2","181","Illinois","5/17/20","167","14","17077","8.38"
"Jasper","0","45","Illinois","5/17/20","46","-1","17079","-2.17"
"Jefferson","0","98","Illinois","5/17/20","97","1","17081","1.03"
"Jersey","0","18","Illinois","5/17/20","17","1","17083","5.88"
"Jo Daviess","0","18","Illinois","5/17/20","18","0","17085","0"
"Johnson","0","7","Illinois","5/17/20","4","3","17087","75"
"Kane","199","4396","Illinois","5/17/20","3003","1393","17089","46.39"
"Kankakee","18","669","Illinois","5/17/20","540","129","17091","23.89"
"Kendall","20","563","Illinois","5/17/20","421","142","17093","33.73"
"Knox","2","87","Illinois","5/17/20","73","14","17095","19.18"
"Lake","178","6489","Illinois","5/17/20","5245","1244","17097","23.72"
"LaSalle","2","120","Illinois","5/17/20","105","15","17099","14.29"
"Lawrence","0","4","Illinois","5/17/20","4","0","17101","0"
"Lee","2","74","Illinois","5/17/20","63","11","17103","17.46"
"Livingston","0","26","Illinois","5/17/20","24","2","17105","8.33"
"Logan","0","10","Illinois","5/17/20","9","1","17107","11.11"
"Macon","3","165","Illinois","5/17/20","144","21","17115","14.58"
"Macoupin","0","41","Illinois","5/17/20","38","3","17117","7.89"
"Madison","9","490","Illinois","5/17/20","427","63","17119","14.75"
"Marion","1","48","Illinois","5/17/20","44","4","17121","9.09"
"Marshall","0","5","Illinois","5/17/20","4","1","17123","25"
"Mason","0","16","Illinois","5/17/20","15","1","17125","6.67"
"Massac","0","6","Illinois","5/17/20","6","0","17127","0"
"McDonough","2","64","Illinois","5/17/20","49","15","17109","30.61"
"McHenry","33","1179","Illinois","5/17/20","945","234","17111","24.76"
"McLean","8","170","Illinois","5/17/20","117","53","17113","45.3"
"Menard","0","17","Illinois","5/17/20","17","0","17129","0"
"Mercer","0","14","Illinois","5/17/20","12","2","17131","16.67"
"Monroe","1","87","Illinois","5/17/20","79","8","17133","10.13"
"Montgomery","1","38","Illinois","5/17/20","34","4","17135","11.76"
"Morgan","1","36","Illinois","5/17/20","30","6","17137","20"
"Moultrie","0","9","Illinois","5/17/20","6","3","17139","50"
"Ogle","3","170","Illinois","5/17/20","149","21","17141","14.09"
"Out of IL","1","84","Illinois","5/17/20","79","5","80017","6.33"
"Peoria","3","159","Illinois","5/17/20","139","20","17143","14.39"
"Perry","0","39","Illinois","5/17/20","38","1","17145","2.63"
"Piatt","0","9","Illinois","5/17/20","7","2","17147","28.57"
"Pike","0","1","Illinois","5/17/20","1","0","17149","0"
"Pope","0","1","Illinois","5/17/20","1","0","17151","0"
"Pulaski","2","40","Illinois","5/17/20","27","13","17153","48.15"
"Putnam","0","2","Illinois","5/17/20","0","2","17155","1"
"Randolph","2","236","Illinois","5/17/20","220","16","17157","7.27"
"Richland","0","3","Illinois","5/17/20","3","0","17159","0"
"Rock Island","9","577","Illinois","5/17/20","515","62","17161","12.04"
"Saline","0","6","Illinois","5/17/20","5","1","17165","20"
"Sangamon","7","307","Illinois","5/17/20","258","49","17167","18.99"
"Schuyler","0","7","Illinois","5/17/20","7","0","17169","0"
"Shelby","0","13","Illinois","5/17/20","10","3","17173","30"
"St. Clair","13","805","Illinois","5/17/20","711","94","17163","13.22"
"Stark","0","1","Illinois","5/17/20","1","0","17175","0"
"Stephenson","8","150","Illinois","5/17/20","97","53","17177","54.64"
"Tazewell","1","63","Illinois","5/17/20","59","4","17179","6.78"
"Union","8","122","Illinois","5/17/20","63","59","17181","93.65"
"Vermilion","1","30","Illinois","5/17/20","25","5","17183","20"
"Wabash","0","1","Illinois","5/17/20","1","0","17185","0"
"Warren","1","108","Illinois","5/17/20","102","6","17187","5.88"
"Washington","0","17","Illinois","5/17/20","15","2","17189","13.33"
"Wayne","1","9","Illinois","5/17/20","3","6","17191","200"
"White","0","2","Illinois","5/17/20","2","0","17193","0"
"Whiteside","3","122","Illinois","5/17/20","104","18","17195","17.31"
"Will","101","4388","Illinois","5/17/20","3684","704","17197","19.11"
"Williamson","1","52","Illinois","5/17/20","44","8","17199","18.18"
"Winnebago","82","1490","Illinois","5/17/20","917","573","17201","62.49"
"Woodford","0","14","Illinois","5/17/20","15","-1","17203","-6.67"
"Adams","0","9","Indiana","5/17/20","8","1","18001","12.5"
"Allen","26","996","Indiana","5/17/20","816","180","18003","22.06"
"Bartholomew","11","420","Indiana","5/17/20","346","74","18005","21.39"
"Benton","1","21","Indiana","5/17/20","12","9","18007","75"
"Blackford","0","14","Indiana","5/17/20","14","0","18009","0"
"Boone","5","258","Indiana","5/17/20","223","35","18011","15.7"
"Brown","1","31","Indiana","5/17/20","26","5","18013","19.23"
"Carroll","1","79","Indiana","5/17/20","71","8","18015","11.27"
"Cass","5","1553","Indiana","5/17/20","1520","33","18017","2.17"
"Clark","4","406","Indiana","5/17/20","377","29","18019","7.69"
"Clay","1","30","Indiana","5/17/20","24","6","18021","25"
"Clinton","7","134","Indiana","5/17/20","88","46","18023","52.27"
"Crawford","0","22","Indiana","5/17/20","20","2","18025","10"
"Daviess","1","64","Indiana","5/17/20","54","10","18027","18.52"
"Dearborn","1","158","Indiana","5/17/20","150","8","18029","5.33"
"Decatur","1","220","Indiana","5/17/20","212","8","18031","3.77"
"DeKalb","0","26","Indiana","5/17/20","23","3","18033","13.04"
"Delaware","7","277","Indiana","5/17/20","225","52","18035","23.11"
"Dubois","10","115","Indiana","5/17/20","45","70","18037","155.56"
"Elkhart","26","668","Indiana","5/17/20","484","184","18039","38.02"
"Fayette","1","42","Indiana","5/17/20","36","6","18041","16.67"
"Floyd","9","297","Indiana","5/17/20","232","65","18043","28.02"
"Fountain","0","18","Indiana","5/17/20","16","2","18045","12.5"
"Franklin","0","106","Indiana","5/17/20","104","2","18047","1.92"
"Fulton","1","43","Indiana","5/17/20","36","7","18049","19.44"
"Gibson","0","10","Indiana","5/17/20","8","2","18051","25"
"Grant","1","163","Indiana","5/17/20","153","10","18053","6.54"
"Greene","2","158","Indiana","5/17/20","147","11","18055","7.48"
"Hamilton","14","1021","Indiana","5/17/20","925","96","18057","10.38"
"Hancock","4","291","Indiana","5/17/20","264","27","18059","10.23"
"Harrison","2","170","Indiana","5/17/20","157","13","18061","8.28"
"Hendricks","11","1032","Indiana","5/17/20","958","74","18063","7.72"
"Henry","6","125","Indiana","5/17/20","81","44","18065","54.32"
"Howard","6","285","Indiana","5/17/20","245","40","18067","16.33"
"Huntington","1","21","Indiana","5/17/20","14","7","18069","50"
"Jackson","7","327","Indiana","5/17/20","278","49","18071","17.63"
"Jasper","1","43","Indiana","5/17/20","39","4","18073","10.26"
"Jay","1","29","Indiana","5/17/20","22","7","18075","31.82"
"Jefferson","0","35","Indiana","5/17/20","35","0","18077","0"
"Jennings","3","116","Indiana","5/17/20","96","20","18079","20.83"
"Johnson","26","992","Indiana","5/17/20","807","185","18081","22.92"
"Knox","0","22","Indiana","5/17/20","21","1","18083","4.76"
"Kosciusko","2","56","Indiana","5/17/20","41","15","18085","36.59"
"LaGrange","2","49","Indiana","5/17/20","38","11","18087","28.95"
"Lake","57","2843","Indiana","5/17/20","2445","398","18089","16.28"
"LaPorte","5","358","Indiana","5/17/20","324","34","18091","10.49"
"Lawrence","2","133","Indiana","5/17/20","116","17","18093","14.66"
"Madison","6","543","Indiana","5/17/20","503","40","18095","7.95"
"Marion","138","8303","Indiana","5/17/20","7336","967","18097","13.18"
"Marshall","1","43","Indiana","5/17/20","33","10","18099","30.3"
"Martin","0","7","Indiana","5/17/20","7","0","18101","0"
"Miami","1","130","Indiana","5/17/20","125","5","18103","4"
"Monroe","1","150","Indiana","5/17/20","143","7","18105","4.9"
"Montgomery","7","173","Indiana","5/17/20","127","46","18107","36.22"
"Morgan","7","244","Indiana","5/17/20","197","47","18109","23.86"
"Newton","1","71","Indiana","5/17/20","64","7","18111","10.94"
"Noble","3","152","Indiana","5/17/20","132","20","18113","15.15"
"Ohio","0","12","Indiana","5/17/20","9","3","18115","33.33"
"Orange","1","122","Indiana","5/17/20","114","8","18117","7.02"
"Owen","0","27","Indiana","5/17/20","28","-1","18119","-3.57"
"Parke","0","18","Indiana","5/17/20","17","1","18121","5.88"
"Perry","0","19","Indiana","5/17/20","17","2","18123","11.76"
"Pike","0","5","Indiana","5/17/20","3","2","18125","66.67"
"Porter","12","394","Indiana","5/17/20","313","81","18127","25.88"
"Posey","0","16","Indiana","5/17/20","15","1","18129","6.67"
"Pulaski","0","34","Indiana","5/17/20","34","0","18131","0"
"Putnam","5","120","Indiana","5/17/20","84","36","18133","42.86"
"Randolph","2","32","Indiana","5/17/20","21","11","18135","52.38"
"Ripley","1","107","Indiana","5/17/20","101","6","18137","5.94"
"Rush","1","41","Indiana","5/17/20","37","4","18139","10.81"
"Scott","2","96","Indiana","5/17/20","81","15","18143","18.52"
"Shelby","4","287","Indiana","5/17/20","261","26","18145","9.96"
"Spencer","1","11","Indiana","5/17/20","7","4","18147","57.14"
"St. Joseph","23","971","Indiana","5/17/20","810","161","18141","19.88"
"Starke","1","28","Indiana","5/17/20","21","7","18149","33.33"
"Steuben","0","65","Indiana","5/17/20","62","3","18151","4.84"
"Sullivan","1","29","Indiana","5/17/20","20","9","18153","45"
"Switzerland","0","16","Indiana","5/17/20","14","2","18155","14.29"
"Tippecanoe","10","303","Indiana","5/17/20","233","70","18157","30.04"
"Tipton","0","21","Indiana","5/17/20","21","0","18159","0"
"Union","0","8","Indiana","5/17/20","8","0","18161","0"
"Vanderburgh","3","207","Indiana","5/17/20","185","22","18163","11.89"
"Vermillion","0","7","Indiana","5/17/20","7","0","18165","0"
"Vigo","5","113","Indiana","5/17/20","80","33","18167","41.25"
"Wabash","1","71","Indiana","5/17/20","64","7","18169","10.94"
"Warren","0","12","Indiana","5/17/20","12","0","18171","0"
"Warrick","4","150","Indiana","5/17/20","123","27","18173","21.95"
"Washington","0","50","Indiana","5/17/20","48","2","18175","4.17"
"Wayne","1","61","Indiana","5/17/20","53","8","18177","15.09"
"Wells","1","16","Indiana","5/17/20","10","6","18179","60"
"White","4","179","Indiana","5/17/20","148","31","18181","20.95"
"Whitley","1","28","Indiana","5/17/20","22","6","18183","27.27"
"Adair","0","5","Iowa","5/17/20","3","2","19001","66.67"
"Adams","0","1","Iowa","5/17/20","0","1","19003","1"
"Allamakee","0","114","Iowa","5/17/20","111","3","19005","2.7"
"Appanoose","0","8","Iowa","5/17/20","6","2","19007","33.33"
"Audubon","0","11","Iowa","5/17/20","10","1","19009","10"
"Benton","0","36","Iowa","5/17/20","35","1","19011","2.86"
"Black Hawk","13","1587","Iowa","5/17/20","1493","94","19013","6.3"
"Boone","1","42","Iowa","5/17/20","34","8","19015","23.53"
"Bremer","1","64","Iowa","5/17/20","58","6","19017","10.34"
"Buchanan","0","26","Iowa","5/17/20","23","3","19019","13.04"
"Buena Vista","10","102","Iowa","5/17/20","31","71","19021","229.03"
"Butler","0","14","Iowa","5/17/20","12","2","19023","16.67"
"Calhoun","0","1","Iowa","5/17/20","1","0","19025","0"
"Carroll","0","8","Iowa","5/17/20","6","2","19027","33.33"
"Cass","0","2","Iowa","5/17/20","1","1","19029","100"
"Cedar","0","42","Iowa","5/17/20","42","0","19031","0"
"Cerro Gordo","1","18","Iowa","5/17/20","14","4","19033","28.57"
"Cherokee","1","9","Iowa","5/17/20","4","5","19035","125"
"Chickasaw","0","7","Iowa","5/17/20","6","1","19037","16.67"
"Clarke","2","17","Iowa","5/17/20","6","11","19039","183.33"
"Clay","0","9","Iowa","5/17/20","9","0","19041","0"
"Clayton","1","28","Iowa","5/17/20","23","5","19043","21.74"
"Clinton","1","61","Iowa","5/17/20","56","5","19045","8.93"
"Crawford","29","380","Iowa","5/17/20","176","204","19047","115.91"
"Dallas","14","776","Iowa","5/17/20","676","100","19049","14.79"
"Davis","1","13","Iowa","5/17/20","9","4","19051","44.44"
"Delaware","0","12","Iowa","5/17/20","9","3","19055","33.33"
"Des Moines","0","37","Iowa","5/17/20","39","-2","19057","-5.13"
"Dickinson","0","6","Iowa","5/17/20","6","0","19059","0"
"Dubuque","10","264","Iowa","5/17/20","191","73","19061","38.22"
"Emmet","0","1","Iowa","5/17/20","0","1","19063","1"
"Fayette","0","25","Iowa","5/17/20","24","1","19065","4.17"
"Floyd","1","11","Iowa","5/17/20","4","7","19067","175"
"Franklin","0","7","Iowa","5/17/20","6","1","19069","16.67"
"Fremont","0","3","Iowa","5/17/20","1","2","19071","200"
"Greene","0","13","Iowa","5/17/20","13","0","19073","0"
"Grundy","0","17","Iowa","5/17/20","15","2","19075","13.33"
"Guthrie","1","37","Iowa","5/17/20","33","4","19077","12.12"
"Hamilton","0","11","Iowa","5/17/20","10","1","19079","10"
"Hancock","0","5","Iowa","5/17/20","3","2","19081","66.67"
"Hardin","0","12","Iowa","5/17/20","12","0","19083","0"
"Harrison","0","17","Iowa","5/17/20","17","0","19085","0"
"Henry","1","47","Iowa","5/17/20","43","4","19087","9.3"
"Howard","0","12","Iowa","5/17/20","12","0","19089","0"
"Humboldt","0","7","Iowa","5/17/20","7","0","19091","0"
"Ida","0","3","Iowa","5/17/20","0","3","19093","1"
"Iowa","1","29","Iowa","5/17/20","24","5","19095","20.83"
"Jackson","0","8","Iowa","5/17/20","7","1","19097","14.29"
"Jasper","1","247","Iowa","5/17/20","238","9","19099","3.78"
"Jefferson","1","12","Iowa","5/17/20","6","6","19101","100"
"Johnson","3","569","Iowa","5/17/20","551","18","19103","3.27"
"Jones","1","36","Iowa","5/17/20","31","5","19105","16.13"
"Keokuk","1","11","Iowa","5/17/20","7","4","19107","57.14"
"Kossuth","0","3","Iowa","5/17/20","2","1","19109","50"
"Lee","0","18","Iowa","5/17/20","18","0","19111","0"
"Linn","10","896","Iowa","5/17/20","827","69","19113","8.34"
"Louisa","4","307","Iowa","5/17/20","282","25","19115","8.87"
"Lucas","0","1","Iowa","5/17/20","0","1","19117","1"
"Lyon","0","19","Iowa","5/17/20","16","3","19119","18.75"
"Madison","1","16","Iowa","5/17/20","11","5","19121","45.45"
"Mahaska","1","24","Iowa","5/17/20","20","4","19123","20"
"Marion","1","21","Iowa","5/17/20","13","8","19125","61.54"
"Marshall","10","794","Iowa","5/17/20","721","73","19127","10.12"
"Mills","0","10","Iowa","5/17/20","8","2","19129","25"
"Mitchell","0","4","Iowa","5/17/20","3","1","19131","33.33"
"Monona","0","15","Iowa","5/17/20","12","3","19133","25"
"Monroe","2","19","Iowa","5/17/20","4","15","19135","375"
"Montgomery","0","6","Iowa","5/17/20","4","2","19137","50"
"Muscatine","6","532","Iowa","5/17/20","488","44","19139","9.02"
"O'Brien","1","22","Iowa","5/17/20","15","7","19141","46.67"
"Osceola","1","26","Iowa","5/17/20","19","7","19143","36.84"
"Page","0","10","Iowa","5/17/20","10","0","19145","0"
"Palo Alto","0","2","Iowa","5/17/20","1","1","19147","100"
"Plymouth","3","83","Iowa","5/17/20","59","24","19149","40.68"
"Pocahontas","0","3","Iowa","5/17/20","3","0","19151","0"
"Polk","98","2922","Iowa","5/17/20","2238","684","19153","30.56"
"Pottawattamie","11","161","Iowa","5/17/20","85","76","19155","89.41"
"Poweshiek","1","86","Iowa","5/17/20","79","7","19157","8.86"
"Sac","0","4","Iowa","5/17/20","2","2","19161","100"
"Scott","4","307","Iowa","5/17/20","280","27","19163","9.64"
"Shelby","0","21","Iowa","5/17/20","19","2","19165","10.53"
"Sioux","7","135","Iowa","5/17/20","84","51","19167","60.71"
"Story","2","75","Iowa","5/17/20","58","17","19169","29.31"
"Tama","4","356","Iowa","5/17/20","329","27","19171","8.21"
"Taylor","0","2","Iowa","5/17/20","1","1","19173","100"
"Union","0","2","Iowa","5/17/20","1","1","19175","100"
"Van Buren","0","8","Iowa","5/17/20","8","0","19177","0"
"Wapello","23","379","Iowa","5/17/20","218","161","19179","73.85"
"Warren","4","72","Iowa","5/17/20","42","30","19181","71.43"
"Washington","2","172","Iowa","5/17/20","159","13","19183","8.18"
"Wayne","0","1","Iowa","5/17/20","1","0","19185","0"
"Webster","1","13","Iowa","5/17/20","9","4","19187","44.44"
"Winnebago","0","6","Iowa","5/17/20","3","3","19189","100"
"Winneshiek","0","18","Iowa","5/17/20","18","0","19191","0"
"Woodbury","84","2215","Iowa","5/17/20","1627","588","19193","36.14"
"Worth","0","3","Iowa","5/17/20","2","1","19195","50"
"Wright","1","14","Iowa","5/17/20","6","8","19197","133.33"
"Anderson","0","1","Kansas","5/17/20","1","0","20003","0"
"Atchison","0","15","Kansas","5/17/20","13","2","20005","15.38"
"Barber","0","1","Kansas","5/17/20","1","0","20007","0"
"Barton","1","31","Kansas","5/17/20","21","10","20009","47.62"
"Bourbon","0","6","Kansas","5/17/20","6","0","20011","0"
"Brown","0","3","Kansas","5/17/20","1","2","20013","200"
"Butler","1","18","Kansas","5/17/20","14","4","20015","28.57"
"Chase","0","3","Kansas","5/17/20","3","0","20017","0"
"Chautauqua","0","4","Kansas","5/17/20","4","0","20019","0"
"Cherokee","0","8","Kansas","5/17/20","8","0","20021","0"
"Cheyenne","0","2","Kansas","5/17/20","2","0","20023","0"
"Clark","0","20","Kansas","5/17/20","17","3","20025","17.65"
"Clay","0","4","Kansas","5/17/20","4","0","20027","0"
"Cloud","0","4","Kansas","5/17/20","4","0","20029","0"
"Coffey","0","50","Kansas","5/17/20","50","0","20031","0"
"Cowley","0","4","Kansas","5/17/20","3","1","20035","33.33"
"Crawford","0","8","Kansas","5/17/20","8","0","20037","0"
"Dickinson","0","2","Kansas","5/17/20","2","0","20041","0"
"Doniphan","0","9","Kansas","5/17/20","8","1","20043","12.5"
"Douglas","1","60","Kansas","5/17/20","56","4","20045","7.14"
"Edwards","0","4","Kansas","5/17/20","4","0","20047","0"
"Ellis","0","8","Kansas","5/17/20","8","0","20051","0"
"Ellsworth","0","2","Kansas","5/17/20","2","0","20053","0"
"Finney","47","1234","Kansas","5/17/20","902","332","20055","36.81"
"Ford","30","1311","Kansas","5/17/20","1099","212","20057","19.29"
"Franklin","1","32","Kansas","5/17/20","23","9","20059","39.13"
"Geary","0","14","Kansas","5/17/20","14","0","20061","0"
"Gove","0","1","Kansas","5/17/20","1","0","20063","0"
"Grant","1","16","Kansas","5/17/20","11","5","20067","45.45"
"Gray","1","12","Kansas","5/17/20","7","5","20069","71.43"
"Greenwood","0","3","Kansas","5/17/20","3","0","20073","0"
"Hamilton","0","9","Kansas","5/17/20","8","1","20075","12.5"
"Harper","0","1","Kansas","5/17/20","1","0","20077","0"
"Harvey","0","10","Kansas","5/17/20","9","1","20079","11.11"
"Haskell","0","16","Kansas","5/17/20","16","0","20081","0"
"Jackson","3","25","Kansas","5/17/20","4","21","20085","525"
"Jefferson","1","19","Kansas","5/17/20","12","7","20087","58.33"
"Jewell","0","4","Kansas","5/17/20","4","0","20089","0"
"Johnson","8","646","Kansas","5/17/20","591","55","20091","9.31"
"Kearny","1","36","Kansas","5/17/20","30","6","20093","20"
"Kiowa","0","2","Kansas","5/17/20","2","0","20097","0"
"Labette","0","22","Kansas","5/17/20","22","0","20099","0"
"Leavenworth","6","958","Kansas","5/17/20","918","40","20103","4.36"
"Linn","0","6","Kansas","5/17/20","6","0","20107","0"
"Lyon","1","310","Kansas","5/17/20","302","8","20111","2.65"
"Marion","0","5","Kansas","5/17/20","5","0","20115","0"
"McPherson","0","26","Kansas","5/17/20","25","1","20113","4"
"Meade","0","22","Kansas","5/17/20","21","1","20119","4.76"
"Miami","0","6","Kansas","5/17/20","6","0","20121","0"
"Mitchell","0","3","Kansas","5/17/20","3","0","20123","0"
"Montgomery","0","20","Kansas","5/17/20","21","-1","20125","-4.76"
"Morris","0","3","Kansas","5/17/20","3","0","20127","0"
"Morton","0","4","Kansas","5/17/20","3","1","20129","33.33"
"Nemaha","0","1","Kansas","5/17/20","1","0","20131","0"
"Neosho","0","2","Kansas","5/17/20","2","0","20133","0"
"Norton","0","2","Kansas","5/17/20","2","0","20137","0"
"Osage","0","6","Kansas","5/17/20","5","1","20139","20"
"Osborne","0","2","Kansas","5/17/20","2","0","20141","0"
"Ottawa","0","4","Kansas","5/17/20","4","0","20143","0"
"Phillips","0","2","Kansas","5/17/20","1","1","20147","100"
"Pottawatomie","0","19","Kansas","5/17/20","19","0","20149","0"
"Pratt","0","1","Kansas","5/17/20","1","0","20151","0"
"Reno","0","41","Kansas","5/17/20","41","0","20155","0"
"Republic","0","4","Kansas","5/17/20","4","0","20157","0"
"Rice","0","4","Kansas","5/17/20","3","1","20159","33.33"
"Riley","0","60","Kansas","5/17/20","58","2","20161","3.45"
"Rooks","0","6","Kansas","5/17/20","6","0","20163","0"
"Saline","0","24","Kansas","5/17/20","21","3","20169","14.29"
"Scott","1","12","Kansas","5/17/20","3","9","20171","300"
"Sedgwick","10","535","Kansas","5/17/20","468","67","20173","14.32"
"Seward","10","758","Kansas","5/17/20","686","72","20175","10.5"
"Shawnee","4","185","Kansas","5/17/20","160","25","20177","15.62"
"Sheridan","0","2","Kansas","5/17/20","2","0","20179","0"
"Sherman","0","6","Kansas","5/17/20","5","1","20181","20"
"Smith","0","2","Kansas","5/17/20","2","0","20183","0"
"Stafford","0","1","Kansas","5/17/20","1","0","20185","0"
"Stanton","0","9","Kansas","5/17/20","9","0","20187","0"
"Stevens","1","26","Kansas","5/17/20","17","9","20189","52.94"
"Sumner","0","6","Kansas","5/17/20","4","2","20191","50"
"Wabaunsee","0","28","Kansas","5/17/20","27","1","20197","3.7"
"Wichita","0","1","Kansas","5/17/20","0","1","20203","1"
"Wilson","0","1","Kansas","5/17/20","1","0","20205","0"
"Woodson","0","6","Kansas","5/17/20","6","0","20207","0"
"Wyandotte","11","1154","Kansas","5/17/20","1078","76","20209","7.05"
"Adair","1","92","Kentucky","5/17/20","86","6","21001","6.98"
"Allen","2","38","Kentucky","5/17/20","25","13","21003","52"
"Anderson","0","10","Kentucky","5/17/20","9","1","21005","11.11"
"Ballard","0","10","Kentucky","5/17/20","8","2","21007","25"
"Barren","1","34","Kentucky","5/17/20","28","6","21009","21.43"
"Bath","0","7","Kentucky","5/17/20","5","2","21011","40"
"Boone","15","316","Kentucky","5/17/20","210","106","21015","50.48"
"Bourbon","0","8","Kentucky","5/17/20","8","0","21017","0"
"Boyd","1","38","Kentucky","5/17/20","32","6","21019","18.75"
"Boyle","0","18","Kentucky","5/17/20","17","1","21021","5.88"
"Bracken","0","9","Kentucky","5/17/20","10","-1","21023","-10"
"Breathitt","0","2","Kentucky","5/17/20","2","0","21025","0"
"Breckinridge","0","14","Kentucky","5/17/20","13","1","21027","7.69"
"Bullitt","2","93","Kentucky","5/17/20","82","11","21029","13.41"
"Butler","3","217","Kentucky","5/17/20","195","22","21031","11.28"
"Caldwell","0","12","Kentucky","5/17/20","12","0","21033","0"
"Calloway","1","46","Kentucky","5/17/20","37","9","21035","24.32"
"Campbell","2","131","Kentucky","5/17/20","115","16","21037","13.91"
"Carlisle","0","3","Kentucky","5/17/20","3","0","21039","0"
"Carroll","0","2","Kentucky","5/17/20","2","0","21041","0"
"Carter","0","8","Kentucky","5/17/20","6","2","21043","33.33"
"Casey","0","2","Kentucky","5/17/20","1","1","21045","100"
"Christian","0","95","Kentucky","5/17/20","93","2","21047","2.15"
"Clark","0","20","Kentucky","5/17/20","20","0","21049","0"
"Clay","0","2","Kentucky","5/17/20","2","0","21051","0"
"Clinton","0","3","Kentucky","5/17/20","3","0","21053","0"
"Crittenden","0","4","Kentucky","5/17/20","4","0","21055","0"
"Cumberland","0","5","Kentucky","5/17/20","5","0","21057","0"
"Daviess","4","287","Kentucky","5/17/20","260","27","21059","10.38"
"Edmonson","1","50","Kentucky","5/17/20","45","5","21061","11.11"
"Fayette","26","550","Kentucky","5/17/20","368","182","21067","49.46"
"Fleming","0","1","Kentucky","5/17/20","1","0","21069","0"
"Floyd","0","16","Kentucky","5/17/20","15","1","21071","6.67"
"Franklin","0","20","Kentucky","5/17/20","17","3","21073","17.65"
"Fulton","0","1","Kentucky","5/17/20","1","0","21075","0"
"Gallatin","0","2","Kentucky","5/17/20","1","1","21077","100"
"Garrard","0","4","Kentucky","5/17/20","3","1","21079","33.33"
"Grant","0","32","Kentucky","5/17/20","30","2","21081","6.67"
"Graves","1","152","Kentucky","5/17/20","148","4","21083","2.7"
"Grayson","1","103","Kentucky","5/17/20","95","8","21085","8.42"
"Green","0","1","Kentucky","5/17/20","1","0","21087","0"
"Greenup","0","13","Kentucky","5/17/20","12","1","21089","8.33"
"Hancock","0","7","Kentucky","5/17/20","6","1","21091","16.67"
"Hardin","2","73","Kentucky","5/17/20","61","12","21093","19.67"
"Harlan","0","1","Kentucky","5/17/20","1","0","21095","0"
"Harrison","0","19","Kentucky","5/17/20","19","0","21097","0"
"Hart","1","15","Kentucky","5/17/20","8","7","21099","87.5"
"Henderson","1","87","Kentucky","5/17/20","77","10","21101","12.99"
"Henry","0","12","Kentucky","5/17/20","9","3","21103","33.33"
"Hickman","0","5","Kentucky","5/17/20","5","0","21105","0"
"Hopkins","0","215","Kentucky","5/17/20","214","1","21107","0.47"
"Jackson","0","57","Kentucky","5/17/20","56","1","21109","1.79"
"Jefferson","32","1865","Kentucky","5/17/20","1642","223","21111","13.58"
"Jessamine","1","50","Kentucky","5/17/20","46","4","21113","8.7"
"Johnson","0","5","Kentucky","5/17/20","5","0","21115","0"
"Kenton","9","444","Kentucky","5/17/20","383","61","21117","15.93"
"Knott","0","4","Kentucky","5/17/20","4","0","21119","0"
"Knox","0","8","Kentucky","5/17/20","7","1","21121","14.29"
"Larue","0","6","Kentucky","5/17/20","6","0","21123","0"
"Laurel","0","21","Kentucky","5/17/20","22","-1","21125","-4.55"
"Lawrence","0","1","Kentucky","5/17/20","1","0","21127","0"
"Leslie","0","6","Kentucky","5/17/20","5","1","21131","20"
"Letcher","0","5","Kentucky","5/17/20","3","2","21133","66.67"
"Lewis","0","8","Kentucky","5/17/20","5","3","21135","60"
"Lincoln","0","7","Kentucky","5/17/20","5","2","21137","40"
"Livingston","0","7","Kentucky","5/17/20","6","1","21139","16.67"
"Logan","6","87","Kentucky","5/17/20","46","41","21141","89.13"
"Lyon","0","14","Kentucky","5/17/20","14","0","21143","0"
"Madison","1","43","Kentucky","5/17/20","34","9","21151","26.47"
"Magoffin","0","1","Kentucky","5/17/20","0","1","21153","1"
"Marion","0","17","Kentucky","5/17/20","17","0","21155","0"
"Marshall","0","35","Kentucky","5/17/20","34","1","21157","2.94"
"Martin","0","3","Kentucky","5/17/20","3","0","21159","0"
"Mason","0","8","Kentucky","5/17/20","7","1","21161","14.29"
"McCracken","2","81","Kentucky","5/17/20","69","12","21145","17.39"
"McCreary","0","13","Kentucky","5/17/20","12","1","21147","8.33"
"McLean","0","19","Kentucky","5/17/20","16","3","21149","18.75"
"Meade","0","20","Kentucky","5/17/20","18","2","21163","11.11"
"Menifee","0","3","Kentucky","5/17/20","3","0","21165","0"
"Mercer","0","12","Kentucky","5/17/20","11","1","21167","9.09"
"Metcalfe","0","3","Kentucky","5/17/20","2","1","21169","50"
"Monroe","0","6","Kentucky","5/17/20","6","0","21171","0"
"Montgomery","1","16","Kentucky","5/17/20","11","5","21173","45.45"
"Morgan","0","1","Kentucky","5/17/20","1","0","21175","0"
"Muhlenberg","2","465","Kentucky","5/17/20","453","12","21177","2.65"
"Nelson","0","32","Kentucky","5/17/20","30","2","21179","6.67"
"Nicholas","0","1","Kentucky","5/17/20","1","0","21181","0"
"Ohio","6","113","Kentucky","5/17/20","68","45","21183","66.18"
"Oldham","2","55","Kentucky","5/17/20","38","17","21185","44.74"
"Owen","0","1","Kentucky","5/17/20","1","0","21187","0"
"Owsley","0","2","Kentucky","5/17/20","2","0","21189","0"
"Pendleton","0","6","Kentucky","5/17/20","5","1","21191","20"
"Perry","1","19","Kentucky","5/17/20","14","5","21193","35.71"
"Pike","2","28","Kentucky","5/17/20","15","13","21195","86.67"
"Powell","0","1","Kentucky","5/17/20","1","0","21197","0"
"Pulaski","1","49","Kentucky","5/17/20","43","6","21199","13.95"
"Rockcastle","0","12","Kentucky","5/17/20","13","-1","21203","-7.69"
"Rowan","0","6","Kentucky","5/17/20","3","3","21205","100"
"Russell","1","23","Kentucky","5/17/20","18","5","21207","27.78"
"Scott","0","34","Kentucky","5/17/20","32","2","21209","6.25"
"Shelby","4","75","Kentucky","5/17/20","49","26","21211","53.06"
"Simpson","1","37","Kentucky","5/17/20","32","5","21213","15.62"
"Spencer","0","16","Kentucky","5/17/20","16","0","21215","0"
"Taylor","0","9","Kentucky","5/17/20","9","0","21217","0"
"Todd","0","17","Kentucky","5/17/20","14","3","21219","21.43"
"Trigg","0","9","Kentucky","5/17/20","9","0","21221","0"
"Trimble","0","3","Kentucky","5/17/20","3","0","21223","0"
"Union","0","10","Kentucky","5/17/20","10","0","21225","0"
"Warren","35","776","Kentucky","5/17/20","530","246","21227","46.42"
"Washington","0","6","Kentucky","5/17/20","5","1","21229","20"
"Wayne","0","8","Kentucky","5/17/20","8","0","21231","0"
"Webster","1","32","Kentucky","5/17/20","26","6","21233","23.08"
"Whitley","0","12","Kentucky","5/17/20","11","1","21235","9.09"
"Woodford","0","19","Kentucky","5/17/20","17","2","21239","11.76"
"Acadia","7","198","Louisiana","5/17/20","148","50","22001","33.78"
"Allen","1","100","Louisiana","5/17/20","90","10","22003","11.11"
"Ascension","9","756","Louisiana","5/17/20","694","62","22005","8.93"
"Assumption","0","230","Louisiana","5/17/20","228","2","22007","0.88"
"Avoyelles","3","92","Louisiana","5/17/20","74","18","22009","24.32"
"Beauregard","1","52","Louisiana","5/17/20","46","6","22011","13.04"
"Bienville","1","83","Louisiana","5/17/20","77","6","22013","7.79"
"Bossier","5","344","Louisiana","5/17/20","310","34","22015","10.97"
"Caddo","18","1877","Louisiana","5/17/20","1751","126","22017","7.2"
"Calcasieu","3","517","Louisiana","5/17/20","493","24","22019","4.87"
"Caldwell","0","50","Louisiana","5/17/20","48","2","22021","4.17"
"Cameron","0","3","Louisiana","5/17/20","3","0","22023","0"
"Catahoula","3","106","Louisiana","5/17/20","85","21","22025","24.71"
"Claiborne","0","58","Louisiana","5/17/20","59","-1","22027","-1.69"
"Concordia","2","57","Louisiana","5/17/20","43","14","22029","32.56"
"De Soto","1","222","Louisiana","5/17/20","214","8","22031","3.74"
"East Baton Rouge","94","3034","Louisiana","5/17/20","2374","660","22033","27.8"
"East Carroll","2","34","Louisiana","5/17/20","17","17","22035","100"
"East Feliciana","6","176","Louisiana","5/17/20","135","41","22037","30.37"
"Evangeline","0","66","Louisiana","5/17/20","67","-1","22039","-1.49"
"Franklin","10","273","Louisiana","5/17/20","206","67","22041","32.52"
"Grant","0","21","Louisiana","5/17/20","18","3","22043","16.67"
"Iberia","10","353","Louisiana","5/17/20","285","68","22045","23.86"
"Iberville","4","526","Louisiana","5/17/20","499","27","22047","5.41"
"Jackson","1","69","Louisiana","5/17/20","64","5","22049","7.81"
"Jefferson","47","7039","Louisiana","5/17/20","6709","330","22051","4.92"
"Jefferson Davis","0","69","Louisiana","5/17/20","67","2","22053","2.99"
"Lafayette","13","590","Louisiana","5/17/20","501","89","22055","17.76"
"Lafourche","4","742","Louisiana","5/17/20","711","31","22057","4.36"
"LaSalle","1","40","Louisiana","5/17/20","33","7","22059","21.21"
"Lincoln","2","121","Louisiana","5/17/20","106","15","22061","14.15"
"Livingston","10","348","Louisiana","5/17/20","278","70","22063","25.18"
"Madison","2","24","Louisiana","5/17/20","12","12","22065","100"
"Morehouse","4","91","Louisiana","5/17/20","62","29","22067","46.77"
"Natchitoches","0","101","Louisiana","5/17/20","100","1","22069","1"
"Orleans","18","6809","Louisiana","5/17/20","6682","127","22071","1.9"
"Ouachita","15","946","Louisiana","5/17/20","842","104","22073","12.35"
"Plaquemines","1","194","Louisiana","5/17/20","190","4","22075","2.11"
"Pointe Coupee","6","168","Louisiana","5/17/20","126","42","22077","33.33"
"Rapides","16","474","Louisiana","5/17/20","362","112","22079","30.94"
"Red River","1","42","Louisiana","5/17/20","36","6","22081","16.67"
"Richland","1","106","Louisiana","5/17/20","100","6","22083","6"
"Sabine","2","29","Louisiana","5/17/20","17","12","22085","70.59"
"St. Bernard","0","512","Louisiana","5/17/20","513","-1","22087","-0.19"
"St. Charles","3","613","Louisiana","5/17/20","594","19","22089","3.2"
"St. Helena","1","41","Louisiana","5/17/20","35","6","22091","17.14"
"St. James","4","283","Louisiana","5/17/20","257","26","22093","10.12"
"St. John the Baptist","4","829","Louisiana","5/17/20","801","28","22095","3.5"
"St. Landry","2","231","Louisiana","5/17/20","215","16","22097","7.44"
"St. Martin","2","274","Louisiana","5/17/20","257","17","22099","6.61"
"St. Mary","4","274","Louisiana","5/17/20","245","29","22101","11.84"
"St. Tammany","12","1539","Louisiana","5/17/20","1452","87","22103","5.99"
"Tangipahoa","11","729","Louisiana","5/17/20","654","75","22105","11.47"
"Tensas","0","5","Louisiana","5/17/20","6","-1","22107","-16.67"
"Terrebonne","9","585","Louisiana","5/17/20","523","62","22109","11.85"
"Union","11","242","Louisiana","5/17/20","165","77","22111","46.67"
"Vermilion","0","44","Louisiana","5/17/20","41","3","22113","7.32"
"Vernon","0","20","Louisiana","5/17/20","18","2","22115","11.11"
"Washington","4","365","Louisiana","5/17/20","337","28","22117","8.31"
"Webster","2","113","Louisiana","5/17/20","98","15","22119","15.31"
"West Baton Rouge","4","148","Louisiana","5/17/20","123","25","22121","20.33"
"West Carroll","1","13","Louisiana","5/17/20","4","9","22123","225"
"West Feliciana","0","186","Louisiana","5/17/20","184","2","22125","1.09"
"Winn","5","84","Louisiana","5/17/20","52","32","22127","61.54"
"Androscoggin","7","131","Maine","5/17/20","84","47","23001","55.95"
"Aroostook","0","7","Maine","5/17/20","6","1","23003","16.67"
"Cumberland","19","837","Maine","5/17/20","702","135","23005","19.23"
"Franklin","0","33","Maine","5/17/20","31","2","23007","6.45"
"Hancock","0","11","Maine","5/17/20","10","1","23009","10"
"Kennebec","2","121","Maine","5/17/20","109","12","23011","11.01"
"Knox","0","20","Maine","5/17/20","18","2","23013","11.11"
"Lincoln","0","17","Maine","5/17/20","15","2","23015","13.33"
"Oxford","0","17","Maine","5/17/20","17","0","23017","0"
"Penobscot","0","93","Maine","5/17/20","90","3","23019","3.33"
"Piscataquis","0","1","Maine","5/17/20","1","0","23021","0"
"Sagadahoc","1","27","Maine","5/17/20","21","6","23023","28.57"
"Somerset","0","20","Maine","5/17/20","17","3","23025","17.65"
"Waldo","0","50","Maine","5/17/20","49","1","23027","2.04"
"Washington","0","5","Maine","5/17/20","2","3","23029","150"
"York","5","295","Maine","5/17/20","261","34","23031","13.03"
"Allegany","2","161","Maryland","5/17/20","146","15","24001","10.27"
"Anne Arundel","56","2856","Maryland","5/17/20","2463","393","24003","15.96"
"Baltimore","109","4624","Maryland","5/17/20","3862","762","24005","19.73"
"Baltimore City","69","3798","Maryland","5/17/20","3317","481","24510","14.5"
"Calvert","5","241","Maryland","5/17/20","206","35","24009","16.99"
"Caroline","8","191","Maryland","5/17/20","133","58","24011","43.61"
"Carroll","12","646","Maryland","5/17/20","560","86","24013","15.36"
"Cecil","9","308","Maryland","5/17/20","242","66","24015","27.27"
"Charles","16","859","Maryland","5/17/20","748","111","24017","14.84"
"Dorchester","2","111","Maryland","5/17/20","95","16","24019","16.84"
"Frederick","25","1423","Maryland","5/17/20","1251","172","24021","13.75"
"Garrett","0","6","Maryland","5/17/20","6","0","24023","0"
"Harford","12","687","Maryland","5/17/20","605","82","24025","13.55"
"Howard","25","1378","Maryland","5/17/20","1205","173","24027","14.36"
"Kent","3","137","Maryland","5/17/20","113","24","24029","21.24"
"Montgomery","206","8206","Maryland","5/17/20","6762","1444","24031","21.35"
"Prince George's","260","11316","Maryland","5/17/20","9496","1820","24033","19.17"
"Queen Anne's","6","125","Maryland","5/17/20","80","45","24035","56.25"
"Somerset","2","57","Maryland","5/17/20","43","14","24039","32.56"
"St. Mary's","10","313","Maryland","5/17/20","241","72","24037","29.88"
"Talbot","1","68","Maryland","5/17/20","60","8","24041","13.33"
"Washington","9","338","Maryland","5/17/20","276","62","24043","22.46"
"Wicomico","35","818","Maryland","5/17/20","571","247","24045","43.26"
"Worcester","4","137","Maryland","5/17/20","106","31","24047","29.25"
"Barnstable","14","1224","Massachusetts","5/17/20","1129","95","25001","8.41"
"Berkshire","4","513","Massachusetts","5/17/20","486","27","25003","5.56"
"Bristol","139","5994","Massachusetts","5/17/20","5023","971","25005","19.33"
"Dukes and Nantucket","1","45","Massachusetts","5/17/20","40","5","00000","12.5"
"Essex","170","12767","Massachusetts","5/17/20","11576","1191","25009","10.29"
"Franklin","2","318","Massachusetts","5/17/20","301","17","25011","5.65"
"Hampden","73","5303","Massachusetts","5/17/20","4793","510","25013","10.64"
"Hampshire","14","792","Massachusetts","5/17/20","696","96","25015","13.79"
"Middlesex","243","19696","Massachusetts","5/17/20","17996","1700","25017","9.45"
"Norfolk","87","7852","Massachusetts","5/17/20","7246","606","25021","8.36"
"Plymouth","104","7308","Massachusetts","5/17/20","6582","726","25023","11.03"
"Suffolk","189","16917","Massachusetts","5/17/20","15591","1326","25025","8.5"
"Worcester","220","9421","Massachusetts","5/17/20","7880","1541","25027","19.56"
"Alcona","0","9","Michigan","5/17/20","7","2","26001","28.57"
"Allegan","4","210","Michigan","5/17/20","179","31","26005","17.32"
"Alpena","1","98","Michigan","5/17/20","94","4","26007","4.26"
"Antrim","0","12","Michigan","5/17/20","11","1","26009","9.09"
"Arenac","0","34","Michigan","5/17/20","31","3","26011","9.68"
"Baraga","0","1","Michigan","5/17/20","1","0","26013","0"
"Barry","1","69","Michigan","5/17/20","61","8","26015","13.11"
"Bay","8","277","Michigan","5/17/20","223","54","26017","24.22"
"Benzie","0","4","Michigan","5/17/20","4","0","26019","0"
"Berrien","20","645","Michigan","5/17/20","508","137","26021","26.97"
"Branch","3","102","Michigan","5/17/20","84","18","26023","21.43"
"Calhoun","6","336","Michigan","5/17/20","291","45","26025","15.46"
"Cass","3","70","Michigan","5/17/20","52","18","26027","34.62"
"Charlevoix","0","17","Michigan","5/17/20","14","3","26029","21.43"
"Cheboygan","0","24","Michigan","5/17/20","24","0","26031","0"
"Chippewa","0","3","Michigan","5/17/20","3","0","26033","0"
"Clare","0","15","Michigan","5/17/20","12","3","26035","25"
"Clinton","2","154","Michigan","5/17/20","142","12","26037","8.45"
"Crawford","0","61","Michigan","5/17/20","61","0","26039","0"
"Delta","0","16","Michigan","5/17/20","15","1","26041","6.67"
"Dickinson","0","5","Michigan","5/17/20","5","0","26043","0"
"Eaton","3","194","Michigan","5/17/20","175","19","26045","10.86"
"Emmet","0","25","Michigan","5/17/20","25","0","26047","0"
"Federal Correctional Institution (FCI)","1","117","Michigan","5/17/20","110","7","00000","6.36"
"Genesee","28","2170","Michigan","5/17/20","1971","199","26049","10.1"
"Gladwin","0","17","Michigan","5/17/20","17","0","26051","0"
"Gogebic","0","5","Michigan","5/17/20","4","1","26053","25"
"Grand Traverse","0","24","Michigan","5/17/20","21","3","26055","14.29"
"Gratiot","2","47","Michigan","5/17/20","35","12","26057","34.29"
"Hillsdale","2","171","Michigan","5/17/20","154","17","26059","11.04"
"Houghton","0","2","Michigan","5/17/20","2","0","26061","0"
"Huron","1","51","Michigan","5/17/20","42","9","26063","21.43"
"Ingham","11","681","Michigan","5/17/20","607","74","26065","12.19"
"Ionia","2","130","Michigan","5/17/20","118","12","26067","10.17"
"Iosco","1","73","Michigan","5/17/20","67","6","26069","8.96"
"Isabella","0","77","Michigan","5/17/20","77","0","26073","0"
"Jackson","3","436","Michigan","5/17/20","414","22","26075","5.31"
"Kalamazoo","15","748","Michigan","5/17/20","641","107","26077","16.69"
"Kalkaska","0","28","Michigan","5/17/20","29","-1","26079","-3.45"
"Kent","82","3023","Michigan","5/17/20","2448","575","26081","23.49"
"Lake","0","4","Michigan","5/17/20","3","1","26085","33.33"
"Lapeer","2","197","Michigan","5/17/20","186","11","26087","5.91"
"Leelanau","0","10","Michigan","5/17/20","9","1","26089","11.11"
"Lenawee","2","168","Michigan","5/17/20","157","11","26091","7.01"
"Livingston","2","462","Michigan","5/17/20","448","14","26093","3.12"
"Luce","0","2","Michigan","5/17/20","1","1","26095","100"
"Mackinac","0","6","Michigan","5/17/20","6","0","26097","0"
"Macomb","48","6452","Michigan","5/17/20","6118","334","26099","5.46"
"Manistee","0","12","Michigan","5/17/20","12","0","26101","0"
"Marquette","0","52","Michigan","5/17/20","51","1","26103","1.96"
"Mason","1","31","Michigan","5/17/20","24","7","26105","29.17"
"Mecosta","0","21","Michigan","5/17/20","19","2","26107","10.53"
"Menominee","0","8","Michigan","5/17/20","6","2","26109","33.33"
"Michigan Department of Corrections (MDOC)","69","2624","Michigan","5/17/20","2139","485","00000","22.67"
"Midland","1","103","Michigan","5/17/20","98","5","26111","5.1"
"Missaukee","0","22","Michigan","5/17/20","22","0","26113","0"
"Monroe","6","462","Michigan","5/17/20","417","45","26115","10.79"
"Montcalm","1","57","Michigan","5/17/20","49","8","26117","16.33"
"Montmorency","0","5","Michigan","5/17/20","5","0","26119","0"
"Muskegon","17","489","Michigan","5/17/20","367","122","26121","33.24"
"Newaygo","2","48","Michigan","5/17/20","37","11","26123","29.73"
"Oakland","110","9555","Michigan","5/17/20","8787","768","26125","8.74"
"Oceana","3","58","Michigan","5/17/20","36","22","26127","61.11"
"Ogemaw","0","23","Michigan","5/17/20","20","3","26129","15"
"Osceola","0","12","Michigan","5/17/20","11","1","26133","9.09"
"Oscoda","0","8","Michigan","5/17/20","7","1","26135","14.29"
"Otsego","0","117","Michigan","5/17/20","115","2","26137","1.74"
"Ottawa","16","587","Michigan","5/17/20","476","111","26139","23.32"
"Out of MI","9","88","Michigan","5/17/20","22","66","80026","300"
"Presque Isle","0","11","Michigan","5/17/20","11","0","26141","0"
"Roscommon","0","23","Michigan","5/17/20","22","1","26143","4.55"
"Saginaw","18","931","Michigan","5/17/20","804","127","26145","15.8"
"Sanilac","0","40","Michigan","5/17/20","38","2","26151","5.26"
"Schoolcraft","0","4","Michigan","5/17/20","4","0","26153","0"
"Shiawassee","3","242","Michigan","5/17/20","220","22","26155","10"
"St. Clair","8","463","Michigan","5/17/20","410","53","26147","12.93"
"St. Joseph","3","88","Michigan","5/17/20","67","21","26149","31.34"
"Tuscola","5","173","Michigan","5/17/20","136","37","26157","27.21"
"Van Buren","4","132","Michigan","5/17/20","105","27","26159","25.71"
"Washtenaw","11","1384","Michigan","5/17/20","1306","78","26161","5.97"
"Wayne","155","19592","Michigan","5/17/20","18506","1086","26163","5.87"
"Wexford","0","13","Michigan","5/17/20","13","0","26165","0"
"Aitkin","0","3","Minnesota","5/17/20","2","1","27001","50"
"Anoka","39","821","Minnesota","5/17/20","549","272","27003","49.54"
"Becker","1","33","Minnesota","5/17/20","25","8","27005","32"
"Beltrami","0","9","Minnesota","5/17/20","6","3","27007","50"
"Benton","6","131","Minnesota","5/17/20","92","39","27009","42.39"
"Big Stone","0","2","Minnesota","5/17/20","2","0","27011","0"
"Blue Earth","3","83","Minnesota","5/17/20","65","18","27013","27.69"
"Brown","0","10","Minnesota","5/17/20","9","1","27015","11.11"
"Carlton","0","66","Minnesota","5/17/20","64","2","27017","3.12"
"Carver","4","113","Minnesota","5/17/20","82","31","27019","37.8"
"Cass","0","9","Minnesota","5/17/20","8","1","27021","12.5"
"Chippewa","3","30","Minnesota","5/17/20","6","24","27023","400"
"Chisago","2","34","Minnesota","5/17/20","20","14","27025","70"
"Clay","8","293","Minnesota","5/17/20","235","58","27027","24.68"
"Clearwater","0","2","Minnesota","5/17/20","2","0","27029","0"
"Cottonwood","1","56","Minnesota","5/17/20","46","10","27033","21.74"
"Crow Wing","0","25","Minnesota","5/17/20","23","2","27035","8.7"
"Dakota","45","742","Minnesota","5/17/20","430","312","27037","72.56"
"Dodge","1","35","Minnesota","5/17/20","26","9","27039","34.62"
"Douglas","0","18","Minnesota","5/17/20","16","2","27041","12.5"
"Faribault","0","10","Minnesota","5/17/20","12","-2","27043","-16.67"
"Fillmore","1","17","Minnesota","5/17/20","13","4","27045","30.77"
"Freeborn","2","61","Minnesota","5/17/20","44","17","27047","38.64"
"Goodhue","1","33","Minnesota","5/17/20","25","8","27049","32"
"Grant","0","2","Minnesota","5/17/20","2","0","27051","0"
"Hennepin","229","5158","Minnesota","5/17/20","3558","1600","27053","44.97"
"Houston","0","2","Minnesota","5/17/20","2","0","27055","0"
"Isanti","2","20","Minnesota","5/17/20","7","13","27059","185.71"
"Itasca","3","46","Minnesota","5/17/20","28","18","27061","64.29"
"Jackson","1","36","Minnesota","5/17/20","32","4","27063","12.5"
"Kanabec","0","9","Minnesota","5/17/20","9","0","27065","0"
"Kandiyohi","18","412","Minnesota","5/17/20","284","128","27067","45.07"
"Kittson","0","1","Minnesota","5/17/20","1","0","27069","0"
"Koochiching","0","3","Minnesota","5/17/20","1","2","27071","200"
"Lac qui Parle","0","2","Minnesota","5/17/20","2","0","27073","0"
"Lake","0","1","Minnesota","5/17/20","1","0","27075","0"
"Le Sueur","1","35","Minnesota","5/17/20","29","6","27079","20.69"
"Lincoln","0","4","Minnesota","5/17/20","3","1","27081","33.33"
"Lyon","1","26","Minnesota","5/17/20","17","9","27083","52.94"
"Mahnomen","0","5","Minnesota","5/17/20","3","2","27087","66.67"
"Marshall","0","8","Minnesota","5/17/20","8","0","27089","0"
"Martin","1","118","Minnesota","5/17/20","112","6","27091","5.36"
"McLeod","1","18","Minnesota","5/17/20","12","6","27085","50"
"Meeker","2","34","Minnesota","5/17/20","21","13","27093","61.9"
"Mille Lacs","0","10","Minnesota","5/17/20","7","3","27095","42.86"
"Morrison","2","25","Minnesota","5/17/20","14","11","27097","78.57"
"Mower","2","58","Minnesota","5/17/20","45","13","27099","28.89"
"Murray","0","31","Minnesota","5/17/20","29","2","27101","6.9"
"Nicollet","2","37","Minnesota","5/17/20","21","16","27103","76.19"
"Nobles","15","1361","Minnesota","5/17/20","1255","106","27105","8.45"
"Norman","0","11","Minnesota","5/17/20","10","1","27107","10"
"Olmsted","11","448","Minnesota","5/17/20","368","80","27109","21.74"
"Otter Tail","2","38","Minnesota","5/17/20","23","15","27111","65.22"
"Pennington","0","1","Minnesota","5/17/20","1","0","27113","0"
"Pine","1","83","Minnesota","5/17/20","73","10","27115","13.7"
"Pipestone","0","9","Minnesota","5/17/20","7","2","27117","28.57"
"Polk","0","55","Minnesota","5/17/20","52","3","27119","5.77"
"Pope","0","5","Minnesota","5/17/20","5","0","27121","0"
"Ramsey","87","1530","Minnesota","5/17/20","920","610","27123","66.3"
"Red Lake","0","3","Minnesota","5/17/20","2","1","27125","50"
"Redwood","0","3","Minnesota","5/17/20","3","0","27127","0"
"Renville","0","5","Minnesota","5/17/20","6","-1","27129","-16.67"
"Rice","18","240","Minnesota","5/17/20","114","126","27131","110.53"
"Rock","0","20","Minnesota","5/17/20","19","1","27133","5.26"
"Roseau","0","1","Minnesota","5/17/20","1","0","27135","0"
"Scott","14","238","Minnesota","5/17/20","140","98","27139","70"
"Sherburne","6","150","Minnesota","5/17/20","109","41","27141","37.61"
"Sibley","1","9","Minnesota","5/17/20","4","5","27143","125"
"St. Louis","1","102","Minnesota","5/17/20","92","10","27137","10.87"
"Stearns","44","1713","Minnesota","5/17/20","1405","308","27145","21.92"
"Steele","6","105","Minnesota","5/17/20","60","45","27147","75"
"Stevens","0","0","Minnesota","5/17/20","1","-1","27149","-100"
"Swift","1","13","Minnesota","5/17/20","5","8","27151","160"
"Todd","3","60","Minnesota","5/17/20","36","24","27153","66.67"
"Traverse","0","3","Minnesota","5/17/20","3","0","27155","0"
"Wabasha","0","16","Minnesota","5/17/20","13","3","27157","23.08"
"Wadena","0","5","Minnesota","5/17/20","4","1","27159","25"
"Waseca","1","20","Minnesota","5/17/20","16","4","27161","25"
"Washington","17","363","Minnesota","5/17/20","247","116","27163","46.96"
"Watonwan","3","41","Minnesota","5/17/20","22","19","27165","86.36"
"Wilkin","0","11","Minnesota","5/17/20","11","0","27167","0"
"Winona","1","75","Minnesota","5/17/20","71","4","27169","5.63"
"Wright","9","162","Minnesota","5/17/20","102","60","27171","58.82"
"Yellow Medicine","0","3","Minnesota","5/17/20","3","0","27173","0"
"Adams","2","172","Mississippi","5/17/20","159","13","28001","8.18"
"Alcorn","0","12","Mississippi","5/17/20","10","2","28003","20"
"Amite","1","46","Mississippi","5/17/20","38","8","28005","21.05"
"Attala","8","249","Mississippi","5/17/20","190","59","28007","31.05"
"Benton","0","13","Mississippi","5/17/20","13","0","28009","0"
"Bolivar","2","129","Mississippi","5/17/20","118","11","28011","9.32"
"Calhoun","0","58","Mississippi","5/17/20","57","1","28013","1.75"
"Carroll","1","110","Mississippi","5/17/20","103","7","28015","6.8"
"Chickasaw","3","115","Mississippi","5/17/20","92","23","28017","25"
"Choctaw","1","22","Mississippi","5/17/20","16","6","28019","37.5"
"Claiborne","1","49","Mississippi","5/17/20","41","8","28021","19.51"
"Clarke","3","101","Mississippi","5/17/20","81","20","28023","24.69"
"Clay","2","79","Mississippi","5/17/20","66","13","28025","19.7"
"Coahoma","1","76","Mississippi","5/17/20","71","5","28027","7.04"
"Copiah","6","201","Mississippi","5/17/20","162","39","28029","24.07"
"Covington","2","105","Mississippi","5/17/20","90","15","28031","16.67"
"DeSoto","8","386","Mississippi","5/17/20","331","55","28033","16.62"
"Forrest","17","431","Mississippi","5/17/20","314","117","28035","37.26"
"Franklin","0","21","Mississippi","5/17/20","19","2","28037","10.53"
"George","0","17","Mississippi","5/17/20","15","2","28039","13.33"
"Greene","0","7","Mississippi","5/17/20","6","1","28041","16.67"
"Grenada","1","59","Mississippi","5/17/20","51","8","28043","15.69"
"Hancock","1","80","Mississippi","5/17/20","74","6","28045","8.11"
"Harrison","2","215","Mississippi","5/17/20","198","17","28047","8.59"
"Hinds","15","773","Mississippi","5/17/20","670","103","28049","15.37"
"Holmes","11","293","Mississippi","5/17/20","213","80","28051","37.56"
"Humphreys","2","45","Mississippi","5/17/20","30","15","28053","50"
"Itawamba","1","78","Mississippi","5/17/20","68","10","28057","14.71"
"Jackson","2","286","Mississippi","5/17/20","275","11","28059","4"
"Jasper","4","111","Mississippi","5/17/20","86","25","28061","29.07"
"Jefferson","1","37","Mississippi","5/17/20","30","7","28063","23.33"
"Jefferson Davis","2","68","Mississippi","5/17/20","53","15","28065","28.3"
"Jones","13","337","Mississippi","5/17/20","247","90","28067","36.44"
"Kemper","1","100","Mississippi","5/17/20","92","8","28069","8.7"
"Lafayette","2","109","Mississippi","5/17/20","98","11","28071","11.22"
"Lamar","3","175","Mississippi","5/17/20","152","23","28073","15.13"
"Lauderdale","15","585","Mississippi","5/17/20","482","103","28075","21.37"
"Lawrence","2","78","Mississippi","5/17/20","66","12","28077","18.18"
"Leake","8","353","Mississippi","5/17/20","299","54","28079","18.06"
"Lee","2","93","Mississippi","5/17/20","77","16","28081","20.78"
"Leflore","2","200","Mississippi","5/17/20","185","15","28083","8.11"
"Lincoln","4","217","Mississippi","5/17/20","186","31","28085","16.67"
"Lowndes","6","122","Mississippi","5/17/20","83","39","28087","46.99"
"Madison","15","533","Mississippi","5/17/20","431","102","28089","23.67"
"Marion","1","89","Mississippi","5/17/20","81","8","28091","9.88"
"Marshall","2","66","Mississippi","5/17/20","55","11","28093","20"
"Monroe","3","222","Mississippi","5/17/20","199","23","28095","11.56"
"Montgomery","0","72","Mississippi","5/17/20","69","3","28097","4.35"
"Neshoba","13","405","Mississippi","5/17/20","315","90","28099","28.57"
"Newton","7","187","Mississippi","5/17/20","138","49","28101","35.51"
"Noxubee","5","134","Mississippi","5/17/20","102","32","28103","31.37"
"Oktibbeha","2","104","Mississippi","5/17/20","89","15","28105","16.85"
"Panola","1","50","Mississippi","5/17/20","43","7","28107","16.28"
"Pearl River","1","195","Mississippi","5/17/20","189","6","28109","3.17"
"Perry","0","36","Mississippi","5/17/20","34","2","28111","5.88"
"Pike","1","176","Mississippi","5/17/20","168","8","28113","4.76"
"Pontotoc","0","25","Mississippi","5/17/20","24","1","28115","4.17"
"Prentiss","0","36","Mississippi","5/17/20","36","0","28117","0"
"Quitman","1","21","Mississippi","5/17/20","17","4","28119","23.53"
"Rankin","5","285","Mississippi","5/17/20","250","35","28121","14"
"Scott","10","524","Mississippi","5/17/20","457","67","28123","14.66"
"Sharkey","0","6","Mississippi","5/17/20","5","1","28125","20"
"Simpson","2","76","Mississippi","5/17/20","61","15","28127","24.59"
"Smith","2","112","Mississippi","5/17/20","100","12","28129","12"
"Stone","0","24","Mississippi","5/17/20","24","0","28131","0"
"Sunflower","1","68","Mississippi","5/17/20","63","5","28133","7.94"
"Tallahatchie","1","19","Mississippi","5/17/20","12","7","28135","58.33"
"Tate","1","57","Mississippi","5/17/20","50","7","28137","14"
"Tippah","1","69","Mississippi","5/17/20","65","4","28139","6.15"
"Tishomingo","1","14","Mississippi","5/17/20","10","4","28141","40"
"Tunica","1","44","Mississippi","5/17/20","38","6","28143","15.79"
"Union","2","60","Mississippi","5/17/20","47","13","28145","27.66"
"Walthall","1","46","Mississippi","5/17/20","39","7","28147","17.95"
"Warren","2","133","Mississippi","5/17/20","117","16","28149","13.68"
"Washington","5","115","Mississippi","5/17/20","82","33","28151","40.24"
"Wayne","2","39","Mississippi","5/17/20","27","12","28153","44.44"
"Webster","0","23","Mississippi","5/17/20","22","1","28155","4.55"
"Wilkinson","0","78","Mississippi","5/17/20","77","1","28157","1.3"
"Winston","3","81","Mississippi","5/17/20","63","18","28159","28.57"
"Yalobusha","6","71","Mississippi","5/17/20","31","40","28161","129.03"
"Yazoo","3","188","Mississippi","5/17/20","164","24","28163","14.63"
"Adair","2","26","Missouri","5/17/20","12","14","29001","116.67"
"Andrew","1","15","Missouri","5/17/20","8","7","29003","87.5"
"Atchison","0","2","Missouri","5/17/20","2","0","29005","0"
"Audrain","0","2","Missouri","5/17/20","2","0","29007","0"
"Barry","0","6","Missouri","5/17/20","6","0","29009","0"
"Bates","0","7","Missouri","5/17/20","6","1","29013","16.67"
"Benton","0","9","Missouri","5/17/20","8","1","29015","12.5"
"Bollinger","0","4","Missouri","5/17/20","4","0","29017","0"
"Boone","1","104","Missouri","5/17/20","100","4","29019","4"
"Buchanan","9","506","Missouri","5/17/20","442","64","29021","14.48"
"Butler","0","28","Missouri","5/17/20","27","1","29023","3.7"
"Caldwell","0","3","Missouri","5/17/20","3","0","29025","0"
"Callaway","0","23","Missouri","5/17/20","23","0","29027","0"
"Camden","0","36","Missouri","5/17/20","36","0","29029","0"
"Cape Girardeau","0","54","Missouri","5/17/20","51","3","29031","5.88"
"Carroll","1","7","Missouri","5/17/20","3","4","29033","133.33"
"Carter","0","3","Missouri","5/17/20","3","0","29035","0"
"Cass","0","72","Missouri","5/17/20","69","3","29037","4.35"
"Cedar","0","9","Missouri","5/17/20","9","0","29039","0"
"Chariton","0","6","Missouri","5/17/20","5","1","29041","20"
"Christian","0","21","Missouri","5/17/20","20","1","29043","5"
"Clark","0","1","Missouri","5/17/20","1","0","29045","0"
"Clay","3","116","Missouri","5/17/20","96","20","29047","20.83"
"Clinton","0","17","Missouri","5/17/20","14","3","29049","21.43"
"Cole","0","56","Missouri","5/17/20","56","0","29051","0"
"Cooper","0","9","Missouri","5/17/20","9","0","29053","0"
"Crawford","0","9","Missouri","5/17/20","8","1","29055","12.5"
"Dallas","0","2","Missouri","5/17/20","2","0","29059","0"
"Daviess","0","3","Missouri","5/17/20","3","0","29061","0"
"DeKalb","0","4","Missouri","5/17/20","4","0","29063","0"
"Dunklin","0","25","Missouri","5/17/20","24","1","29069","4.17"
"Franklin","1","134","Missouri","5/17/20","129","5","29071","3.88"
"Gasconade","0","2","Missouri","5/17/20","2","0","29073","0"
"Gentry","0","3","Missouri","5/17/20","1","2","29075","200"
"Greene","0","105","Missouri","5/17/20","103","2","29077","1.94"
"Harrison","0","7","Missouri","5/17/20","6","1","29081","16.67"
"Henry","0","9","Missouri","5/17/20","9","0","29083","0"
"Holt","0","1","Missouri","5/17/20","1","0","29087","0"
"Howard","0","3","Missouri","5/17/20","3","0","29089","0"
"Howell","0","5","Missouri","5/17/20","5","0","29091","0"
"Iron","0","2","Missouri","5/17/20","2","0","29093","0"
"Jackson","7","446","Missouri","5/17/20","398","48","29095","12.06"
"Jasper","0","29","Missouri","5/17/20","28","1","29097","3.57"
"Jefferson","3","328","Missouri","5/17/20","309","19","29099","6.15"
"Johnson","1","71","Missouri","5/17/20","63","8","29101","12.7"
"Kansas City","18","895","Missouri","5/17/20","767","128","00000","16.69"
"Laclede","0","3","Missouri","5/17/20","2","1","29105","50"
"Lafayette","1","68","Missouri","5/17/20","62","6","29107","9.68"
"Lawrence","0","7","Missouri","5/17/20","7","0","29109","0"
"Lewis","0","7","Missouri","5/17/20","6","1","29111","16.67"
"Lincoln","4","105","Missouri","5/17/20","77","28","29113","36.36"
"Linn","0","5","Missouri","5/17/20","5","0","29115","0"
"Livingston","0","3","Missouri","5/17/20","3","0","29117","0"
"Macon","0","2","Missouri","5/17/20","2","0","29121","0"
"Madison","0","3","Missouri","5/17/20","3","0","29123","0"
"Maries","0","2","Missouri","5/17/20","2","0","29125","0"
"Marion","0","5","Missouri","5/17/20","5","0","29127","0"
"McDonald","0","7","Missouri","5/17/20","4","3","29119","75"
"Miller","0","4","Missouri","5/17/20","3","1","29131","33.33"
"Mississippi","0","49","Missouri","5/17/20","49","0","29133","0"
"Moniteau","0","44","Missouri","5/17/20","44","0","29135","0"
"Montgomery","0","7","Missouri","5/17/20","7","0","29139","0"
"Morgan","0","8","Missouri","5/17/20","7","1","29141","14.29"
"New Madrid","0","14","Missouri","5/17/20","12","2","29143","16.67"
"Newton","0","13","Missouri","5/17/20","11","2","29145","18.18"
"Nodaway","0","5","Missouri","5/17/20","5","0","29147","0"
"Oregon","0","2","Missouri","5/17/20","2","0","29149","0"
"Osage","0","5","Missouri","5/17/20","5","0","29151","0"
"Pemiscot","1","68","Missouri","5/17/20","63","5","29155","7.94"
"Perry","0","46","Missouri","5/17/20","45","1","29157","2.22"
"Pettis","1","69","Missouri","5/17/20","64","5","29159","7.81"
"Phelps","0","2","Missouri","5/17/20","2","0","29161","0"
"Pike","0","14","Missouri","5/17/20","13","1","29163","7.69"
"Platte","2","54","Missouri","5/17/20","41","13","29165","31.71"
"Polk","0","2","Missouri","5/17/20","1","1","29167","100"
"Pulaski","0","35","Missouri","5/17/20","36","-1","29169","-2.78"
"Ralls","0","2","Missouri","5/17/20","1","1","29173","100"
"Randolph","0","8","Missouri","5/17/20","8","0","29175","0"
"Ray","0","13","Missouri","5/17/20","12","1","29177","8.33"
"Reynolds","0","2","Missouri","5/17/20","2","0","29179","0"
"Ripley","0","6","Missouri","5/17/20","5","1","29181","20"
"Saline","5","251","Missouri","5/17/20","219","32","29195","14.61"
"Scotland","0","4","Missouri","5/17/20","4","0","29199","0"
"Scott","1","87","Missouri","5/17/20","80","7","29201","8.75"
"Shelby","0","1","Missouri","5/17/20","1","0","29205","0"
"St. Charles","4","695","Missouri","5/17/20","665","30","29183","4.51"
"St. Clair","0","2","Missouri","5/17/20","2","0","29185","0"
"St. Francois","0","33","Missouri","5/17/20","33","0","29187","0"
"St. Louis","54","4350","Missouri","5/17/20","3969","381","29189","9.6"
"St. Louis City","20","1654","Missouri","5/17/20","1513","141","29510","9.32"
"Ste. Genevieve","0","8","Missouri","5/17/20","8","0","29186","0"
"Stoddard","3","51","Missouri","5/17/20","29","22","29207","75.86"
"Stone","0","3","Missouri","5/17/20","3","0","29209","0"
"Sullivan","5","36","Missouri","5/17/20","1","35","29211","3500"
"Taney","0","12","Missouri","5/17/20","12","0","29213","0"
"Vernon","0","5","Missouri","5/17/20","4","1","29217","25"
"Warren","0","28","Missouri","5/17/20","28","0","29219","0"
"Washington","0","9","Missouri","5/17/20","9","0","29221","0"
"Webster","0","16","Missouri","5/17/20","16","0","29225","0"
"Worth","0","2","Missouri","5/17/20","1","1","29227","100"
"Wright","0","10","Missouri","5/17/20","10","0","29229","0"
"Beaverhead","0","1","Montana","5/17/20","1","0","30001","0"
"Big Horn","1","8","Montana","5/17/20","3","5","30003","166.67"
"Broadwater","0","4","Montana","5/17/20","4","0","30007","0"
"Carbon","0","6","Montana","5/17/20","6","0","30009","0"
"Cascade","0","17","Montana","5/17/20","16","1","30013","6.25"
"Deer Lodge","0","3","Montana","5/17/20","3","0","30023","0"
"Flathead","0","37","Montana","5/17/20","37","0","30029","0"
"Gallatin","0","149","Montana","5/17/20","149","0","30031","0"
"Glacier","0","6","Montana","5/17/20","6","0","30035","0"
"Golden Valley","0","3","Montana","5/17/20","3","0","30037","0"
"Hill","0","1","Montana","5/17/20","1","0","30041","0"
"Jefferson","0","3","Montana","5/17/20","2","1","30043","50"
"Lake","0","5","Montana","5/17/20","5","0","30047","0"
"Lewis and Clark","0","16","Montana","5/17/20","16","0","30049","0"
"Liberty","0","1","Montana","5/17/20","1","0","30051","0"
"Lincoln","0","7","Montana","5/17/20","7","0","30053","0"
"Madison","0","8","Montana","5/17/20","8","0","30057","0"
"Meagher","0","1","Montana","5/17/20","1","0","30059","0"
"Missoula","0","39","Montana","5/17/20","39","0","30063","0"
"Musselshell","0","1","Montana","5/17/20","1","0","30065","0"
"Park","0","8","Montana","5/17/20","8","0","30067","0"
"Pondera","0","2","Montana","5/17/20","2","0","30073","0"
"Ravalli","0","5","Montana","5/17/20","5","0","30081","0"
"Richland","0","3","Montana","5/17/20","3","0","30083","0"
"Roosevelt","0","7","Montana","5/17/20","7","0","30085","0"
"Silver Bow","0","11","Montana","5/17/20","11","0","30093","0"
"Stillwater","0","1","Montana","5/17/20","1","0","30095","0"
"Toole","0","29","Montana","5/17/20","29","0","30101","0"
"Wheatland","0","1","Montana","5/17/20","1","0","30107","0"
"Yellowstone","0","85","Montana","5/17/20","82","3","30111","3.66"
"Adams","4","252","Nebraska","5/17/20","223","29","31001","13"
"Antelope","0","5","Nebraska","5/17/20","5","0","31003","0"
"Boone","0","3","Nebraska","5/17/20","2","1","31011","50"
"Box Butte","0","1","Nebraska","5/17/20","1","0","31013","0"
"Buffalo","2","136","Nebraska","5/17/20","121","15","31019","12.4"
"Burt","0","5","Nebraska","5/17/20","6","-1","31021","-16.67"
"Butler","2","29","Nebraska","5/17/20","16","13","31023","81.25"
"Cass","1","18","Nebraska","5/17/20","11","7","31025","63.64"
"Cedar","0","6","Nebraska","5/17/20","6","0","31027","0"
"Cherry","0","1","Nebraska","5/17/20","1","0","31031","0"
"Cheyenne","0","9","Nebraska","5/17/20","8","1","31033","12.5"
"Clay","1","18","Nebraska","5/17/20","11","7","31035","63.64"
"Colfax","15","516","Nebraska","5/17/20","411","105","31037","25.55"
"Cuming","0","17","Nebraska","5/17/20","14","3","31039","21.43"
"Custer","0","29","Nebraska","5/17/20","27","2","31041","7.41"
"Dakota","16","1458","Nebraska","5/17/20","1348","110","31043","8.16"
"Dawes","0","1","Nebraska","5/17/20","1","0","31045","0"
"Dawson","14","805","Nebraska","5/17/20","707","98","31047","13.86"
"Dixon","0","27","Nebraska","5/17/20","24","3","31051","12.5"
"Dodge","14","242","Nebraska","5/17/20","147","95","31053","64.63"
"Douglas","116","2362","Nebraska","5/17/20","1551","811","31055","52.29"
"Fillmore","0","4","Nebraska","5/17/20","3","1","31059","33.33"
"Franklin","0","5","Nebraska","5/17/20","5","0","31061","0"
"Frontier","0","1","Nebraska","5/17/20","1","0","31063","0"
"Furnas","0","6","Nebraska","5/17/20","4","2","31065","50"
"Gage","0","41","Nebraska","5/17/20","41","0","31067","0"
"Gosper","0","13","Nebraska","5/17/20","12","1","31073","8.33"
"Greeley","0","2","Nebraska","5/17/20","2","0","31077","0"
"Hall","15","1430","Nebraska","5/17/20","1328","102","31079","7.68"
"Hamilton","1","50","Nebraska","5/17/20","46","4","31081","8.7"
"Hitchcock","0","1","Nebraska","5/17/20","1","0","31087","0"
"Holt","0","1","Nebraska","5/17/20","1","0","31089","0"
"Howard","2","36","Nebraska","5/17/20","21","15","31093","71.43"
"Jefferson","0","6","Nebraska","5/17/20","4","2","31095","50"
"Johnson","0","7","Nebraska","5/17/20","5","2","31097","40"
"Kearney","1","11","Nebraska","5/17/20","6","5","31099","83.33"
"Keith","0","2","Nebraska","5/17/20","2","0","31101","0"
"Kimball","0","9","Nebraska","5/17/20","9","0","31105","0"
"Knox","0","8","Nebraska","5/17/20","6","2","31107","33.33"
"Lancaster","29","800","Nebraska","5/17/20","595","205","31109","34.45"
"Lincoln","1","44","Nebraska","5/17/20","39","5","31111","12.82"
"Madison","3","271","Nebraska","5/17/20","251","20","31119","7.97"
"Merrick","1","29","Nebraska","5/17/20","21","8","31121","38.1"
"Morrill","0","10","Nebraska","5/17/20","9","1","31123","11.11"
"Nance","0","4","Nebraska","5/17/20","4","0","31125","0"
"Nemaha","0","2","Nebraska","5/17/20","1","1","31127","100"
"Nuckolls","0","1","Nebraska","5/17/20","0","1","31129","1"
"Otoe","1","6","Nebraska","5/17/20","2","4","31131","200"
"Phelps","0","13","Nebraska","5/17/20","10","3","31137","30"
"Pierce","0","1","Nebraska","5/17/20","1","0","31139","0"
"Platte","13","451","Nebraska","5/17/20","361","90","31141","24.93"
"Polk","0","9","Nebraska","5/17/20","9","0","31143","0"
"Red Willow","0","5","Nebraska","5/17/20","5","0","31145","0"
"Richardson","0","1","Nebraska","5/17/20","0","1","31147","1"
"Saline","9","413","Nebraska","5/17/20","349","64","31151","18.34"
"Sarpy","15","342","Nebraska","5/17/20","236","106","31153","44.92"
"Saunders","1","20","Nebraska","5/17/20","11","9","31155","81.82"
"Scotts Bluff","2","54","Nebraska","5/17/20","41","13","31157","31.71"
"Seward","1","25","Nebraska","5/17/20","17","8","31159","47.06"
"Sherman","0","2","Nebraska","5/17/20","2","0","31163","0"
"Stanton","1","15","Nebraska","5/17/20","8","7","31167","87.5"
"Thomas","0","1","Nebraska","5/17/20","1","0","31171","0"
"Thurston","1","19","Nebraska","5/17/20","13","6","31173","46.15"
"Valley","0","3","Nebraska","5/17/20","1","2","31175","200"
"Washington","0","24","Nebraska","5/17/20","22","2","31177","9.09"
"Wayne","0","4","Nebraska","5/17/20","2","2","31179","100"
"Webster","0","5","Nebraska","5/17/20","5","0","31181","0"
"York","2","30","Nebraska","5/17/20","17","13","31185","76.47"
"Carson City","2","71","Nevada","5/17/20","55","16","32510","29.09"
"Churchill","0","5","Nevada","5/17/20","3","2","32001","66.67"
"Clark","88","5366","Nevada","5/17/20","4750","616","32003","12.97"
"Douglas","0","25","Nevada","5/17/20","24","1","32005","4.17"
"Elko","1","20","Nevada","5/17/20","15","5","32007","33.33"
"Humboldt","1","71","Nevada","5/17/20","67","4","32013","5.97"
"Lander","0","19","Nevada","5/17/20","17","2","32015","11.76"
"Lincoln","0","2","Nevada","5/17/20","1","1","32017","100"
"Lyon","1","47","Nevada","5/17/20","42","5","32019","11.9"
"Mineral","0","4","Nevada","5/17/20","4","0","32021","0"
"Nye","2","58","Nevada","5/17/20","44","14","32023","31.82"
"Storey","0","1","Nevada","5/17/20","0","1","32029","1"
"Washoe","23","1256","Nevada","5/17/20","1095","161","32031","14.7"
"White Pine","0","4","Nevada","5/17/20","3","1","32033","33.33"
"Belknap","1","53","New Hampshire","5/17/20","46","7","33001","15.22"
"Carroll","1","44","New Hampshire","5/17/20","37","7","33003","18.92"
"Cheshire","1","47","New Hampshire","5/17/20","43","4","33005","9.3"
"Coos","0","4","New Hampshire","5/17/20","2","2","33007","100"
"Grafton","1","61","New Hampshire","5/17/20","56","5","33009","8.93"
"Hillsborough","44","1747","New Hampshire","5/17/20","1438","309","33011","21.49"
"Merrimack","6","278","New Hampshire","5/17/20","237","41","33013","17.3"
"Rockingham","18","1104","New Hampshire","5/17/20","978","126","33015","12.88"
"Strafford","6","232","New Hampshire","5/17/20","192","40","33017","20.83"
"Sullivan","0","16","New Hampshire","5/17/20","14","2","33019","14.29"
"Atlantic","35","1758","New Jersey","5/17/20","1510","248","34001","16.42"
"Bergen","62","17361","New Jersey","5/17/20","16929","432","34003","2.55"
"Burlington","52","3937","New Jersey","5/17/20","3574","363","34005","10.16"
"Camden","84","5455","New Jersey","5/17/20","4870","585","34007","12.01"
"Cape May","6","503","New Jersey","5/17/20","458","45","34009","9.83"
"Cumberland","46","1608","New Jersey","5/17/20","1287","321","34011","24.94"
"Essex","80","16204","New Jersey","5/17/20","15646","558","34013","3.57"
"Gloucester","25","1832","New Jersey","5/17/20","1654","178","34015","10.76"
"Hudson","141","18498","New Jersey","5/17/20","17513","985","34017","5.62"
"Hunterdon","13","808","New Jersey","5/17/20","714","94","34019","13.17"
"Mercer","73","5825","New Jersey","5/17/20","5317","508","34021","9.55"
"Middlesex","104","14668","New Jersey","5/17/20","13937","731","34023","5.25"
"Monmouth","64","7339","New Jersey","5/17/20","6894","445","34025","6.45"
"Morris","26","6036","New Jersey","5/17/20","5854","182","34027","3.11"
"Ocean","64","7913","New Jersey","5/17/20","7462","451","34029","6.04"
"Passaic","95","15205","New Jersey","5/17/20","14543","662","34031","4.55"
"Salem","7","459","New Jersey","5/17/20","411","48","34033","11.68"
"Somerset","29","4255","New Jersey","5/17/20","4054","201","34035","4.96"
"Sussex","5","1060","New Jersey","5/17/20","1026","34","34037","3.31"
"Union","92","14702","New Jersey","5/17/20","14057","645","34039","4.59"
"Warren","5","1078","New Jersey","5/17/20","1044","34","34041","3.26"
"Bernalillo","20","1210","New Mexico","5/17/20","1073","137","35001","12.77"
"Catron","0","2","New Mexico","5/17/20","2","0","35003","0"
"Chaves","0","30","New Mexico","5/17/20","27","3","35005","11.11"
"Cibola","2","102","New Mexico","5/17/20","86","16","35006","18.6"
"Colfax","0","5","New Mexico","5/17/20","5","0","35007","0"
"Curry","2","41","New Mexico","5/17/20","29","12","35009","41.38"
"Dona Ana","10","294","New Mexico","5/17/20","221","73","35013","33.03"
"Eddy","0","17","New Mexico","5/17/20","14","3","35015","21.43"
"Grant","0","16","New Mexico","5/17/20","15","1","35017","6.67"
"Guadalupe","1","19","New Mexico","5/17/20","15","4","35019","26.67"
"Harding","0","1","New Mexico","5/17/20","1","0","35021","0"
"Lea","0","16","New Mexico","5/17/20","15","1","35025","6.67"
"Lincoln","0","3","New Mexico","5/17/20","2","1","35027","50"
"Los Alamos","0","6","New Mexico","5/17/20","6","0","35028","0"
"Luna","0","8","New Mexico","5/17/20","7","1","35029","14.29"
"McKinley","52","1888","New Mexico","5/17/20","1522","366","35031","24.05"
"Otero","0","8","New Mexico","5/17/20","8","0","35035","0"
"Quay","0","5","New Mexico","5/17/20","4","1","35037","25"
"Rio Arriba","1","31","New Mexico","5/17/20","27","4","35039","14.81"
"Roosevelt","2","26","New Mexico","5/17/20","11","15","35041","136.36"
"San Juan","44","1344","New Mexico","5/17/20","1034","310","35045","29.98"
"San Miguel","1","10","New Mexico","5/17/20","6","4","35047","66.67"
"Sandoval","5","493","New Mexico","5/17/20","458","35","35043","7.64"
"Santa Fe","2","123","New Mexico","5/17/20","111","12","35049","10.81"
"Sierra","0","1","New Mexico","5/17/20","1","0","35051","0"
"Socorro","0","49","New Mexico","5/17/20","48","1","35053","2.08"
"Taos","0","22","New Mexico","5/17/20","20","2","35055","10"
"Torrance","0","18","New Mexico","5/17/20","18","0","35057","0"
"Union","0","3","New Mexico","5/17/20","3","0","35059","0"
"Valencia","2","66","New Mexico","5/17/20","55","11","35061","20"
"Albany","21","1579","New York","5/17/20","1432","147","36001","10.27"
"Allegany","1","44","New York","5/17/20","36","8","36003","22.22"
"Broome","6","414","New York","5/17/20","373","41","36007","10.99"
"Cattaraugus","1","65","New York","5/17/20","60","5","36009","8.33"
"Cayuga","1","63","New York","5/17/20","58","5","36011","8.62"
"Chautauqua","1","48","New York","5/17/20","41","7","36013","17.07"
"Chemung","0","134","New York","5/17/20","131","3","36015","2.29"
"Chenango","1","117","New York","5/17/20","109","8","36017","7.34"
"Clinton","2","92","New York","5/17/20","76","16","36019","21.05"
"Columbia","4","340","New York","5/17/20","312","28","36021","8.97"
"Cortland","1","34","New York","5/17/20","29","5","36023","17.24"
"Delaware","1","69","New York","5/17/20","64","5","36025","7.81"
"Dutchess","26","3543","New York","5/17/20","3359","184","36027","5.48"
"Erie","72","4954","New York","5/17/20","4453","501","36029","11.25"
"Essex","0","33","New York","5/17/20","32","1","36031","3.12"
"Franklin","0","18","New York","5/17/20","17","1","36033","5.88"
"Fulton","9","171","New York","5/17/20","107","64","36035","59.81"
"Genesee","1","180","New York","5/17/20","172","8","36037","4.65"
"Greene","1","212","New York","5/17/20","206","6","36039","2.91"
"Hamilton","0","5","New York","5/17/20","5","0","36041","0"
"Herkimer","2","91","New York","5/17/20","79","12","36043","15.19"
"Jefferson","0","71","New York","5/17/20","68","3","36045","4.41"
"Lewis","1","16","New York","5/17/20","11","5","36049","45.45"
"Livingston","1","110","New York","5/17/20","102","8","36051","7.84"
"Madison","1","258","New York","5/17/20","251","7","36053","2.79"
"Monroe","62","2258","New York","5/17/20","1821","437","36055","24"
"Montgomery","1","75","New York","5/17/20","67","8","36057","11.94"
"Nassau","131","39136","New York","5/17/20","38217","919","36059","2.4"
"New York","1168","192593","New York","5/17/20","184417","8176","36061","4.43"
"Niagara","21","792","New York","5/17/20","643","149","36063","23.17"
"Oneida","14","760","New York","5/17/20","660","100","36065","15.15"
"Onondaga","34","1501","New York","5/17/20","1265","236","36067","18.66"
"Ontario","6","146","New York","5/17/20","106","40","36069","37.74"
"Orange","57","9943","New York","5/17/20","9543","400","36071","4.19"
"Orleans","6","167","New York","5/17/20","126","41","36073","32.54"
"Oswego","1","84","New York","5/17/20","75","9","36075","12"
"Otsego","0","67","New York","5/17/20","67","0","36077","0"
"Putnam","7","1136","New York","5/17/20","1089","47","36079","4.32"
"Rensselaer","4","439","New York","5/17/20","409","30","36083","7.33"
"Rockland","44","12758","New York","5/17/20","12451","307","36087","2.47"
"Saratoga","4","428","New York","5/17/20","402","26","36091","6.47"
"Schenectady","7","620","New York","5/17/20","571","49","36093","8.58"
"Schoharie","0","47","New York","5/17/20","46","1","36095","2.17"
"Schuyler","0","9","New York","5/17/20","7","2","36097","28.57"
"Seneca","0","51","New York","5/17/20","49","2","36099","4.08"
"St. Lawrence","1","192","New York","5/17/20","187","5","36089","2.67"
"Steuben","1","234","New York","5/17/20","227","7","36101","3.08"
"Suffolk","202","38117","New York","5/17/20","36702","1415","36103","3.86"
"Sullivan","20","1231","New York","5/17/20","1093","138","36105","12.63"
"Tioga","1","113","New York","5/17/20","105","8","36107","7.62"
"Tompkins","1","139","New York","5/17/20","132","7","36109","5.3"
"Ulster","15","1552","New York","5/17/20","1450","102","36111","7.03"
"Warren","4","232","New York","5/17/20","207","25","36113","12.08"
"Washington","2","219","New York","5/17/20","206","13","36115","6.31"
"Wayne","2","96","New York","5/17/20","80","16","36117","20"
"Westchester","133","32224","New York","5/17/20","31294","930","36119","2.97"
"Wyoming","0","78","New York","5/17/20","77","1","36121","1.3"
"Yates","0","23","New York","5/17/20","21","2","36123","9.52"
"Alamance","6","217","North Carolina","5/17/20","173","44","37001","25.43"
"Alexander","1","21","North Carolina","5/17/20","12","9","37003","75"
"Alleghany","0","11","North Carolina","5/17/20","8","3","37005","37.5"
"Anson","2","49","North Carolina","5/17/20","38","11","37007","28.95"
"Ashe","2","27","North Carolina","5/17/20","13","14","37009","107.69"
"Beaufort","1","30","North Carolina","5/17/20","25","5","37013","20"
"Bertie","4","87","North Carolina","5/17/20","61","26","37015","42.62"
"Bladen","3","71","North Carolina","5/17/20","52","19","37017","36.54"
"Brunswick","1","55","North Carolina","5/17/20","50","5","37019","10"
"Buncombe","10","168","North Carolina","5/17/20","100","68","37021","68"
"Burke","8","195","North Carolina","5/17/20","136","59","37023","43.38"
"Cabarrus","4","380","North Carolina","5/17/20","352","28","37025","7.95"
"Caldwell","3","83","North Carolina","5/17/20","60","23","37027","38.33"
"Camden","0","2","North Carolina","5/17/20","2","0","37029","0"
"Carteret","1","36","North Carolina","5/17/20","32","4","37031","12.5"
"Caswell","1","43","North Carolina","5/17/20","39","4","37033","10.26"
"Catawba","3","100","North Carolina","5/17/20","82","18","37035","21.95"
"Chatham","7","507","North Carolina","5/17/20","455","52","37037","11.43"
"Cherokee","0","27","North Carolina","5/17/20","27","0","37039","0"
"Chowan","0","14","North Carolina","5/17/20","11","3","37041","27.27"
"Clay","0","8","North Carolina","5/17/20","8","0","37043","0"
"Cleveland","1","54","North Carolina","5/17/20","50","4","37045","8"
"Columbus","5","241","North Carolina","5/17/20","203","38","37047","18.72"
"Craven","10","125","North Carolina","5/17/20","54","71","37049","131.48"
"Cumberland","14","468","North Carolina","5/17/20","368","100","37051","27.17"
"Currituck","0","11","North Carolina","5/17/20","9","2","37053","22.22"
"Dare","0","21","North Carolina","5/17/20","19","2","37055","10.53"
"Davidson","12","288","North Carolina","5/17/20","202","86","37057","42.57"
"Davie","2","46","North Carolina","5/17/20","35","11","37059","31.43"
"Duplin","21","388","North Carolina","5/17/20","242","146","37061","60.33"
"Durham","16","1000","North Carolina","5/17/20","886","114","37063","12.87"
"Edgecombe","2","170","North Carolina","5/17/20","153","17","37065","11.11"
"Forsyth","38","651","North Carolina","5/17/20","386","265","37067","68.65"
"Franklin","2","122","North Carolina","5/17/20","111","11","37069","9.91"
"Gaston","4","203","North Carolina","5/17/20","178","25","37071","14.04"
"Gates","0","14","North Carolina","5/17/20","11","3","37073","27.27"
"Graham","0","2","North Carolina","5/17/20","2","0","37075","0"
"Granville","4","196","North Carolina","5/17/20","165","31","37077","18.79"
"Greene","2","45","North Carolina","5/17/20","34","11","37079","32.35"
"Guilford","36","846","North Carolina","5/17/20","592","254","37081","42.91"
"Halifax","2","107","North Carolina","5/17/20","91","16","37083","17.58"
"Harnett","4","246","North Carolina","5/17/20","217","29","37085","13.36"
"Haywood","1","25","North Carolina","5/17/20","18","7","37087","38.89"
"Henderson","8","283","North Carolina","5/17/20","226","57","37089","25.22"
"Hertford","0","52","North Carolina","5/17/20","49","3","37091","6.12"
"Hoke","4","149","North Carolina","5/17/20","120","29","37093","24.17"
"Hyde","0","1","North Carolina","5/17/20","1","0","37095","0"
"Iredell","5","188","North Carolina","5/17/20","151","37","37097","24.5"
"Jackson","0","24","North Carolina","5/17/20","22","2","37099","9.09"
"Johnston","6","247","North Carolina","5/17/20","205","42","37101","20.49"
"Jones","0","21","North Carolina","5/17/20","18","3","37103","16.67"
"Lee","7","317","North Carolina","5/17/20","268","49","37105","18.28"
"Lenoir","5","153","North Carolina","5/17/20","118","35","37107","29.66"
"Lincoln","1","48","North Carolina","5/17/20","40","8","37109","20"
"Macon","0","4","North Carolina","5/17/20","3","1","37113","33.33"
"Madison","0","2","North Carolina","5/17/20","1","1","37115","100"
"Martin","1","35","North Carolina","5/17/20","29","6","37117","20.69"
"McDowell","0","30","North Carolina","5/17/20","30","0","37111","0"
"Mecklenburg","74","2591","North Carolina","5/17/20","2074","517","37119","24.93"
"Mitchell","0","8","North Carolina","5/17/20","5","3","37121","60"
"Montgomery","2","56","North Carolina","5/17/20","45","11","37123","24.44"
"Moore","2","164","North Carolina","5/17/20","151","13","37125","8.61"
"Nash","4","149","North Carolina","5/17/20","123","26","37127","21.14"
"New Hanover","3","127","North Carolina","5/17/20","107","20","37129","18.69"
"Northampton","2","129","North Carolina","5/17/20","118","11","37131","9.32"
"Onslow","3","71","North Carolina","5/17/20","53","18","37133","33.96"
"Orange","3","275","North Carolina","5/17/20","252","23","37135","9.13"
"Pamlico","0","8","North Carolina","5/17/20","8","0","37137","0"
"Pasquotank","1","88","North Carolina","5/17/20","82","6","37139","7.32"
"Pender","1","45","North Carolina","5/17/20","39","6","37141","15.38"
"Perquimans","1","23","North Carolina","5/17/20","17","6","37143","35.29"
"Person","0","32","North Carolina","5/17/20","30","2","37145","6.67"
"Pitt","6","207","North Carolina","5/17/20","165","42","37147","25.45"
"Polk","0","32","North Carolina","5/17/20","31","1","37149","3.23"
"Randolph","17","455","North Carolina","5/17/20","338","117","37151","34.62"
"Richmond","3","112","North Carolina","5/17/20","90","22","37153","24.44"
"Robeson","20","531","North Carolina","5/17/20","388","143","37155","36.86"
"Rockingham","1","46","North Carolina","5/17/20","40","6","37157","15"
"Rowan","6","526","North Carolina","5/17/20","483","43","37159","8.9"
"Rutherford","0","153","North Carolina","5/17/20","152","1","37161","0.66"
"Sampson","13","244","North Carolina","5/17/20","156","88","37163","56.41"
"Scotland","2","52","North Carolina","5/17/20","40","12","37165","30"
"Stanly","0","32","North Carolina","5/17/20","30","2","37167","6.67"
"Stokes","3","30","North Carolina","5/17/20","11","19","37169","172.73"
"Surry","7","89","North Carolina","5/17/20","41","48","37171","117.07"
"Swain","0","6","North Carolina","5/17/20","5","1","37173","20"
"Transylvania","0","7","North Carolina","5/17/20","7","0","37175","0"
"Tyrrell","0","4","North Carolina","5/17/20","4","0","37177","0"
"Union","8","352","North Carolina","5/17/20","297","55","37179","18.52"
"Vance","5","195","North Carolina","5/17/20","161","34","37181","21.12"
"Wake","25","1212","North Carolina","5/17/20","1038","174","37183","16.76"
"Warren","1","29","North Carolina","5/17/20","23","6","37185","26.09"
"Washington","0","26","North Carolina","5/17/20","25","1","37187","4"
"Watauga","0","9","North Carolina","5/17/20","9","0","37189","0"
"Wayne","13","832","North Carolina","5/17/20","743","89","37191","11.98"
"Wilkes","26","423","North Carolina","5/17/20","239","184","37193","76.99"
"Wilson","4","238","North Carolina","5/17/20","212","26","37195","12.26"
"Yadkin","7","103","North Carolina","5/17/20","54","49","37197","90.74"
"Yancey","0","8","North Carolina","5/17/20","9","-1","37199","-11.11"
"Barnes","0","4","North Dakota","5/17/20","4","0","38003","0"
"Benson","0","1","North Dakota","5/17/20","2","-1","38005","-50"
"Bowman","0","1","North Dakota","5/17/20","1","0","38011","0"
"Burke","0","5","North Dakota","5/17/20","5","0","38013","0"
"Burleigh","1","113","North Dakota","5/17/20","103","10","38015","9.71"
"Cass","49","1147","North Dakota","5/17/20","805","342","38017","42.48"
"Divide","0","1","North Dakota","5/17/20","1","0","38023","0"
"Dunn","0","11","North Dakota","5/17/20","11","0","38025","0"
"Eddy","0","2","North Dakota","5/17/20","1","1","38027","100"
"Emmons","0","1","North Dakota","5/17/20","1","0","38029","0"
"Foster","0","1","North Dakota","5/17/20","1","0","38031","0"
"Grand Forks","5","317","North Dakota","5/17/20","285","32","38035","11.23"
"Grant","0","2","North Dakota","5/17/20","1","1","38037","100"
"McHenry","0","2","North Dakota","5/17/20","2","0","38049","0"
"McIntosh","0","1","North Dakota","5/17/20","1","0","38051","0"
"McKenzie","0","15","North Dakota","5/17/20","15","0","38053","0"
"McLean","0","6","North Dakota","5/17/20","5","1","38055","20"
"Mercer","0","4","North Dakota","5/17/20","3","1","38057","33.33"
"Morton","1","40","North Dakota","5/17/20","36","4","38059","11.11"
"Mountrail","1","42","North Dakota","5/17/20","37","5","38061","13.51"
"Nelson","0","1","North Dakota","5/17/20","1","0","38063","0"
"Oliver","0","1","North Dakota","5/17/20","1","0","38065","0"
"Pembina","0","6","North Dakota","5/17/20","6","0","38067","0"
"Pierce","0","3","North Dakota","5/17/20","3","0","38069","0"
"Ramsey","0","7","North Dakota","5/17/20","7","0","38071","0"
"Ransom","0","4","North Dakota","5/17/20","3","1","38073","33.33"
"Renville","0","1","North Dakota","5/17/20","1","0","38075","0"
"Richland","0","9","North Dakota","5/17/20","9","0","38077","0"
"Rolette","0","4","North Dakota","5/17/20","3","1","38079","33.33"
"Sargent","0","3","North Dakota","5/17/20","3","0","38081","0"
"Sioux","0","1","North Dakota","5/17/20","1","0","38085","0"
"Slope","0","3","North Dakota","5/17/20","3","0","38087","0"
"Stark","0","61","North Dakota","5/17/20","61","0","38089","0"
"Steele","0","1","North Dakota","5/17/20","0","1","38091","1"
"Stutsman","0","16","North Dakota","5/17/20","13","3","38093","23.08"
"Traill","0","2","North Dakota","5/17/20","1","1","38097","100"
"Walsh","0","10","North Dakota","5/17/20","8","2","38099","25"
"Ward","0","28","North Dakota","5/17/20","27","1","38101","3.7"
"Wells","0","2","North Dakota","5/17/20","2","0","38103","0"
"Williams","0","21","North Dakota","5/17/20","18","3","38105","16.67"
"","1","21","Northern Mariana Islands","5/17/20","16","5",,"31.25"
"Adams","0","8","Ohio","5/17/20","6","2","39001","33.33"
"Allen","3","167","Ohio","5/17/20","144","23","39003","15.97"
"Ashland","0","15","Ohio","5/17/20","14","1","39005","7.14"
"Ashtabula","6","232","Ohio","5/17/20","192","40","39007","20.83"
"Athens","0","8","Ohio","5/17/20","6","2","39009","33.33"
"Auglaize","2","54","Ohio","5/17/20","42","12","39011","28.57"
"Belmont","13","328","Ohio","5/17/20","234","94","39013","40.17"
"Brown","1","22","Ohio","5/17/20","17","5","39015","29.41"
"Butler","20","591","Ohio","5/17/20","452","139","39017","30.75"
"Carroll","0","25","Ohio","5/17/20","23","2","39019","8.7"
"Champaign","1","23","Ohio","5/17/20","18","5","39021","27.78"
"Clark","7","139","Ohio","5/17/20","93","46","39023","49.46"
"Clermont","4","152","Ohio","5/17/20","123","29","39025","23.58"
"Clinton","1","39","Ohio","5/17/20","34","5","39027","14.71"
"Columbiana","14","420","Ohio","5/17/20","325","95","39029","29.23"
"Coshocton","0","19","Ohio","5/17/20","19","0","39031","0"
"Crawford","3","94","Ohio","5/17/20","72","22","39033","30.56"
"Cuyahoga","75","3321","Ohio","5/17/20","2795","526","39035","18.82"
"Darke","5","118","Ohio","5/17/20","84","34","39037","40.48"
"Defiance","0","25","Ohio","5/17/20","26","-1","39039","-3.85"
"Delaware","5","258","Ohio","5/17/20","220","38","39041","17.27"
"Erie","3","102","Ohio","5/17/20","80","22","39043","27.5"
"Fairfield","4","205","Ohio","5/17/20","177","28","39045","15.82"
"Fayette","1","31","Ohio","5/17/20","26","5","39047","19.23"
"Franklin","102","4493","Ohio","5/17/20","3777","716","39049","18.96"
"Fulton","0","34","Ohio","5/17/20","31","3","39051","9.68"
"Gallia","0","7","Ohio","5/17/20","6","1","39053","16.67"
"Geauga","4","220","Ohio","5/17/20","189","31","39055","16.4"
"Greene","2","75","Ohio","5/17/20","59","16","39057","27.12"
"Guernsey","0","24","Ohio","5/17/20","21","3","39059","14.29"
"Hamilton","41","2047","Ohio","5/17/20","1757","290","39061","16.51"
"Hancock","1","45","Ohio","5/17/20","39","6","39063","15.38"
"Hardin","0","30","Ohio","5/17/20","28","2","39065","7.14"
"Harrison","0","9","Ohio","5/17/20","6","3","39067","50"
"Henry","0","10","Ohio","5/17/20","8","2","39069","25"
"Highland","1","16","Ohio","5/17/20","12","4","39071","33.33"
"Hocking","6","61","Ohio","5/17/20","20","41","39073","205"
"Holmes","0","11","Ohio","5/17/20","8","3","39075","37.5"
"Huron","0","41","Ohio","5/17/20","38","3","39077","7.89"
"Jackson","0","11","Ohio","5/17/20","8","3","39079","37.5"
"Jefferson","1","61","Ohio","5/17/20","54","7","39081","12.96"
"Knox","0","22","Ohio","5/17/20","20","2","39083","10"
"Lake","4","224","Ohio","5/17/20","197","27","39085","13.71"
"Lawrence","0","27","Ohio","5/17/20","25","2","39087","8"
"Licking","3","185","Ohio","5/17/20","162","23","39089","14.2"
"Logan","0","23","Ohio","5/17/20","23","0","39091","0"
"Lorain","7","595","Ohio","5/17/20","548","47","39093","8.58"
"Lucas","29","1960","Ohio","5/17/20","1757","203","39095","11.55"
"Madison","2","98","Ohio","5/17/20","83","15","39097","18.07"
"Mahoning","13","1212","Ohio","5/17/20","1119","93","39099","8.31"
"Marion","16","2500","Ohio","5/17/20","2387","113","39101","4.73"
"Medina","3","216","Ohio","5/17/20","194","22","39103","11.34"
"Meigs","0","3","Ohio","5/17/20","3","0","39105","0"
"Mercer","9","133","Ohio","5/17/20","67","66","39107","98.51"
"Miami","9","332","Ohio","5/17/20","268","64","39109","23.88"
"Monroe","6","55","Ohio","5/17/20","10","45","39111","450"
"Montgomery","16","504","Ohio","5/17/20","390","114","39113","29.23"
"Morgan","0","5","Ohio","5/17/20","5","0","39115","0"
"Morrow","2","97","Ohio","5/17/20","84","13","39117","15.48"
"Muskingum","1","35","Ohio","5/17/20","25","10","39119","40"
"Noble","0","5","Ohio","5/17/20","5","0","39121","0"
"Ottawa","3","65","Ohio","5/17/20","46","19","39123","41.3"
"Paulding","0","11","Ohio","5/17/20","9","2","39125","22.22"
"Perry","0","15","Ohio","5/17/20","14","1","39127","7.14"
"Pickaway","25","2018","Ohio","5/17/20","1845","173","39129","9.38"
"Pike","0","5","Ohio","5/17/20","5","0","39131","0"
"Portage","2","292","Ohio","5/17/20","276","16","39133","5.8"
"Preble","0","29","Ohio","5/17/20","28","1","39135","3.57"
"Putnam","1","82","Ohio","5/17/20","76","6","39137","7.89"
"Richland","6","159","Ohio","5/17/20","118","41","39139","34.75"
"Ross","1","58","Ohio","5/17/20","51","7","39141","13.73"
"Sandusky","1","56","Ohio","5/17/20","49","7","39143","14.29"
"Scioto","0","14","Ohio","5/17/20","13","1","39145","7.69"
"Seneca","0","15","Ohio","5/17/20","14","1","39147","7.14"
"Shelby","0","34","Ohio","5/17/20","31","3","39149","9.68"
"Stark","8","558","Ohio","5/17/20","500","58","39151","11.6"
"Summit","16","1004","Ohio","5/17/20","892","112","39153","12.56"
"Trumbull","6","450","Ohio","5/17/20","406","44","39155","10.84"
"Tuscarawas","8","264","Ohio","5/17/20","211","53","39157","25.12"
"Union","1","35","Ohio","5/17/20","28","7","39159","25"
"Van Wert","0","4","Ohio","5/17/20","3","1","39161","33.33"
"Vinton","1","16","Ohio","5/17/20","11","5","39163","45.45"
"Warren","10","275","Ohio","5/17/20","206","69","39165","33.5"
"Washington","0","116","Ohio","5/17/20","114","2","39167","1.75"
"Wayne","2","201","Ohio","5/17/20","186","15","39169","8.06"
"Williams","0","47","Ohio","5/17/20","44","3","39171","6.82"
"Wood","4","249","Ohio","5/17/20","224","25","39173","11.16"
"Wyandot","0","29","Ohio","5/17/20","26","3","39175","11.54"
"Adair","0","75","Oklahoma","5/17/20","74","1","40001","1.35"
"Alfalfa","0","1","Oklahoma","5/17/20","1","0","40003","0"
"Atoka","0","1","Oklahoma","5/17/20","1","0","40005","0"
"Beaver","0","23","Oklahoma","5/17/20","20","3","40007","15"
"Beckham","0","6","Oklahoma","5/17/20","6","0","40009","0"
"Blaine","0","3","Oklahoma","5/17/20","3","0","40011","0"
"Bryan","0","14","Oklahoma","5/17/20","12","2","40013","16.67"
"Caddo","1","114","Oklahoma","5/17/20","108","6","40015","5.56"
"Canadian","1","117","Oklahoma","5/17/20","111","6","40017","5.41"
"Carter","0","9","Oklahoma","5/17/20","6","3","40019","50"
"Cherokee","0","29","Oklahoma","5/17/20","30","-1","40021","-3.33"
"Choctaw","0","4","Oklahoma","5/17/20","3","1","40023","33.33"
"Cimarron","0","1","Oklahoma","5/17/20","1","0","40025","0"
"Cleveland","2","468","Oklahoma","5/17/20","456","12","40027","2.63"
"Comanche","14","224","Oklahoma","5/17/20","124","100","40031","80.65"
"Cotton","0","5","Oklahoma","5/17/20","5","0","40033","0"
"Craig","0","14","Oklahoma","5/17/20","13","1","40035","7.69"
"Creek","0","84","Oklahoma","5/17/20","82","2","40037","2.44"
"Custer","0","12","Oklahoma","5/17/20","11","1","40039","9.09"
"Delaware","0","95","Oklahoma","5/17/20","92","3","40041","3.26"
"Dewey","0","2","Oklahoma","5/17/20","2","0","40043","0"
"Garfield","0","23","Oklahoma","5/17/20","22","1","40047","4.55"
"Garvin","0","15","Oklahoma","5/17/20","15","0","40049","0"
"Grady","3","64","Oklahoma","5/17/20","45","19","40051","42.22"
"Grant","0","2","Oklahoma","5/17/20","2","0","40053","0"
"Greer","0","66","Oklahoma","5/17/20","65","1","40055","1.54"
"Harper","0","1","Oklahoma","5/17/20","1","0","40059","0"
"Haskell","0","5","Oklahoma","5/17/20","5","0","40061","0"
"Jackson","0","21","Oklahoma","5/17/20","19","2","40065","10.53"
"Jefferson","0","3","Oklahoma","5/17/20","3","0","40067","0"
"Johnston","0","3","Oklahoma","5/17/20","3","0","40069","0"
"Kay","0","49","Oklahoma","5/17/20","48","1","40071","2.08"
"Kingfisher","0","10","Oklahoma","5/17/20","8","2","40073","25"
"Kiowa","0","6","Oklahoma","5/17/20","7","-1","40075","-14.29"
"Latimer","0","6","Oklahoma","5/17/20","5","1","40077","20"
"Le Flore","0","13","Oklahoma","5/17/20","13","0","40079","0"
"Lincoln","0","18","Oklahoma","5/17/20","17","1","40081","5.88"
"Logan","0","18","Oklahoma","5/17/20","18","0","40083","0"
"Love","0","3","Oklahoma","5/17/20","3","0","40085","0"
"Major","0","6","Oklahoma","5/17/20","5","1","40093","20"
"Marshall","0","4","Oklahoma","5/17/20","2","2","40095","100"
"Mayes","1","28","Oklahoma","5/17/20","24","4","40097","16.67"
"McClain","0","86","Oklahoma","5/17/20","85","1","40087","1.18"
"McCurtain","0","11","Oklahoma","5/17/20","8","3","40089","37.5"
"McIntosh","1","10","Oklahoma","5/17/20","5","5","40091","100"
"Murray","0","2","Oklahoma","5/17/20","2","0","40099","0"
"Muskogee","0","30","Oklahoma","5/17/20","29","1","40101","3.45"
"Noble","0","7","Oklahoma","5/17/20","7","0","40103","0"
"Nowata","0","23","Oklahoma","5/17/20","22","1","40105","4.55"
"Okfuskee","0","2","Oklahoma","5/17/20","1","1","40107","100"
"Oklahoma","18","1074","Oklahoma","5/17/20","945","129","40109","13.65"
"Okmulgee","0","18","Oklahoma","5/17/20","16","2","40111","12.5"
"Osage","0","91","Oklahoma","5/17/20","88","3","40113","3.41"
"Ottawa","0","35","Oklahoma","5/17/20","34","1","40115","2.94"
"Pawnee","0","29","Oklahoma","5/17/20","29","0","40117","0"
"Payne","0","45","Oklahoma","5/17/20","45","0","40119","0"
"Pittsburg","0","38","Oklahoma","5/17/20","39","-1","40121","-2.56"
"Pontotoc","0","11","Oklahoma","5/17/20","10","1","40123","10"
"Pottawatomie","0","57","Oklahoma","5/17/20","54","3","40125","5.56"
"Pushmataha","0","1","Oklahoma","5/17/20","1","0","40127","0"
"Rogers","0","72","Oklahoma","5/17/20","70","2","40131","2.86"
"Seminole","0","21","Oklahoma","5/17/20","21","0","40133","0"
"Sequoyah","0","14","Oklahoma","5/17/20","14","0","40135","0"
"Stephens","0","24","Oklahoma","5/17/20","22","2","40137","9.09"
"Texas","42","696","Oklahoma","5/17/20","403","293","40139","72.7"
"Tillman","0","22","Oklahoma","5/17/20","19","3","40141","15.79"
"Tulsa","12","781","Oklahoma","5/17/20","700","81","40143","11.57"
"Wagoner","1","137","Oklahoma","5/17/20","129","8","40145","6.2"
"Washington","1","303","Oklahoma","5/17/20","296","7","40147","2.36"
"Washita","0","1","Oklahoma","5/17/20","0","1","40149","1"
"Woods","0","3","Oklahoma","5/17/20","3","0","40151","0"
"Woodward","0","1","Oklahoma","5/17/20","1","0","40153","0"
"Baker","0","1","Oregon","5/17/20","1","0","41001","0"
"Benton","1","51","Oregon","5/17/20","47","4","41003","8.51"
"Clackamas","2","281","Oregon","5/17/20","266","15","41005","5.64"
"Clatsop","1","37","Oregon","5/17/20","29","8","41007","27.59"
"Columbia","0","16","Oregon","5/17/20","15","1","41009","6.67"
"Coos","0","30","Oregon","5/17/20","30","0","41011","0"
"Crook","0","1","Oregon","5/17/20","1","0","41013","0"
"Curry","0","4","Oregon","5/17/20","4","0","41015","0"
"Deschutes","1","96","Oregon","5/17/20","86","10","41017","11.63"
"Douglas","0","25","Oregon","5/17/20","24","1","41019","4.17"
"Grant","0","1","Oregon","5/17/20","1","0","41023","0"
"Harney","0","1","Oregon","5/17/20","1","0","41025","0"
"Hood River","0","14","Oregon","5/17/20","13","1","41027","7.69"
"Jackson","0","50","Oregon","5/17/20","49","1","41029","2.04"
"Jefferson","0","24","Oregon","5/17/20","24","0","41031","0"
"Josephine","0","25","Oregon","5/17/20","24","1","41033","4.17"
"Klamath","0","41","Oregon","5/17/20","39","2","41035","5.13"
"Lane","1","64","Oregon","5/17/20","60","4","41039","6.67"
"Lincoln","0","8","Oregon","5/17/20","6","2","41041","33.33"
"Linn","1","109","Oregon","5/17/20","102","7","41043","6.86"
"Malheur","1","19","Oregon","5/17/20","14","5","41045","35.71"
"Marion","21","827","Oregon","5/17/20","677","150","41047","22.16"
"Morrow","0","12","Oregon","5/17/20","12","0","41049","0"
"Multnomah","14","984","Oregon","5/17/20","885","99","41051","11.19"
"Polk","1","93","Oregon","5/17/20","84","9","41053","10.71"
"Sherman","0","1","Oregon","5/17/20","1","0","41055","0"
"Tillamook","0","6","Oregon","5/17/20","6","0","41057","0"
"Umatilla","1","93","Oregon","5/17/20","85","8","41059","9.41"
"Union","0","5","Oregon","5/17/20","4","1","41061","25"
"Wallowa","0","1","Oregon","5/17/20","1","0","41063","0"
"Wasco","0","18","Oregon","5/17/20","15","3","41065","20"
"Washington","8","628","Oregon","5/17/20","573","55","41067","9.6"
"Yamhill","1","57","Oregon","5/17/20","49","8","41071","16.33"
"Adams","4","189","Pennsylvania","5/17/20","159","30","42001","18.87"
"Allegheny","14","1603","Pennsylvania","5/17/20","1503","100","42003","6.65"
"Armstrong","0","58","Pennsylvania","5/17/20","55","3","42005","5.45"
"Beaver","4","517","Pennsylvania","5/17/20","491","26","42007","5.3"
"Bedford","0","32","Pennsylvania","5/17/20","29","3","42009","10.34"
"Berks","44","3677","Pennsylvania","5/17/20","3371","306","42011","9.08"
"Blair","1","38","Pennsylvania","5/17/20","28","10","42013","35.71"
"Bradford","0","41","Pennsylvania","5/17/20","38","3","42015","7.89"
"Bucks","68","4439","Pennsylvania","5/17/20","3966","473","42017","11.93"
"Butler","1","203","Pennsylvania","5/17/20","195","8","42019","4.1"
"Cambria","1","54","Pennsylvania","5/17/20","44","10","42021","22.73"
"Cameron","0","2","Pennsylvania","5/17/20","2","0","42023","0"
"Carbon","2","214","Pennsylvania","5/17/20","198","16","42025","8.08"
"Centre","2","131","Pennsylvania","5/17/20","119","12","42027","10.08"
"Chester","36","2118","Pennsylvania","5/17/20","1865","253","42029","13.57"
"Clarion","0","24","Pennsylvania","5/17/20","23","1","42031","4.35"
"Clearfield","1","33","Pennsylvania","5/17/20","25","8","42033","32"
"Clinton","0","44","Pennsylvania","5/17/20","41","3","42035","7.32"
"Columbia","2","336","Pennsylvania","5/17/20","324","12","42037","3.7"
"Crawford","0","21","Pennsylvania","5/17/20","20","1","42039","5"
"Cumberland","13","522","Pennsylvania","5/17/20","434","88","42041","20.28"
"Dauphin","20","963","Pennsylvania","5/17/20","823","140","42043","17.01"
"Delaware","92","5619","Pennsylvania","5/17/20","4976","643","42045","12.92"
"Elk","0","6","Pennsylvania","5/17/20","5","1","42047","20"
"Erie","2","137","Pennsylvania","5/17/20","124","13","42049","10.48"
"Fayette","1","89","Pennsylvania","5/17/20","85","4","42051","4.71"
"Forest","0","7","Pennsylvania","5/17/20","7","0","42053","0"
"Franklin","18","621","Pennsylvania","5/17/20","493","128","42055","25.96"
"Fulton","0","11","Pennsylvania","5/17/20","8","3","42057","37.5"
"Greene","0","27","Pennsylvania","5/17/20","27","0","42059","0"
"Huntingdon","5","214","Pennsylvania","5/17/20","181","33","42061","18.23"
"Indiana","1","84","Pennsylvania","5/17/20","76","8","42063","10.53"
"Jefferson","0","7","Pennsylvania","5/17/20","7","0","42065","0"
"Juniata","0","94","Pennsylvania","5/17/20","93","1","42067","1.08"
"Lackawanna","25","1344","Pennsylvania","5/17/20","1172","172","42069","14.68"
"Lancaster","41","2508","Pennsylvania","5/17/20","2223","285","42071","12.82"
"Lawrence","0","72","Pennsylvania","5/17/20","70","2","42073","2.86"
"Lebanon","9","874","Pennsylvania","5/17/20","811","63","42075","7.77"
"Lehigh","33","3470","Pennsylvania","5/17/20","3241","229","42077","7.07"
"Luzerne","16","2526","Pennsylvania","5/17/20","2416","110","42079","4.55"
"Lycoming","2","147","Pennsylvania","5/17/20","131","16","42081","12.21"
"McKean","1","11","Pennsylvania","5/17/20","6","5","42083","83.33"
"Mercer","3","91","Pennsylvania","5/17/20","73","18","42085","24.66"
"Mifflin","1","57","Pennsylvania","5/17/20","52","5","42087","9.62"
"Monroe","5","1254","Pennsylvania","5/17/20","1218","36","42089","2.96"
"Montgomery","87","5872","Pennsylvania","5/17/20","5260","612","42091","11.63"
"Montour","0","50","Pennsylvania","5/17/20","49","1","42093","2.04"
"Northampton","36","2703","Pennsylvania","5/17/20","2453","250","42095","10.19"
"Northumberland","2","141","Pennsylvania","5/17/20","124","17","42097","13.71"
"Perry","1","40","Pennsylvania","5/17/20","35","5","42099","14.29"
"Philadelphia","199","19606","Pennsylvania","5/17/20","18211","1395","42101","7.66"
"Pike","4","460","Pennsylvania","5/17/20","432","28","42103","6.48"
"Potter","0","4","Pennsylvania","5/17/20","4","0","42105","0"
"Schuylkill","11","525","Pennsylvania","5/17/20","451","74","42107","16.41"
"Snyder","0","33","Pennsylvania","5/17/20","33","0","42109","0"
"Somerset","0","33","Pennsylvania","5/17/20","32","1","42111","3.12"
"Sullivan","0","2","Pennsylvania","5/17/20","1","1","42113","100"
"Susquehanna","0","83","Pennsylvania","5/17/20","81","2","42115","2.47"
"Tioga","0","16","Pennsylvania","5/17/20","16","0","42117","0"
"Union","1","47","Pennsylvania","5/17/20","40","7","42119","17.5"
"Venango","0","8","Pennsylvania","5/17/20","7","1","42121","14.29"
"Warren","0","2","Pennsylvania","5/17/20","1","1","42123","100"
"Washington","1","131","Pennsylvania","5/17/20","124","7","42125","5.65"
"Wayne","-1","108","Pennsylvania","5/17/20","117","-9","42127","-7.69"
"Westmoreland","1","427","Pennsylvania","5/17/20","417","10","42129","2.4"
"Wyoming","0","29","Pennsylvania","5/17/20","30","-1","42131","-3.33"
"York","11","851","Pennsylvania","5/17/20","773","78","42133","10.09"
"","64","2646","Puerto Rico","5/17/20","2198","448",,"20.38"
"Bristol","3","172","Rhode Island","5/17/20","154","18","44001","11.69"
"Kent","26","883","Rhode Island","5/17/20","703","180","44003","25.6"
"Newport","5","197","Rhode Island","5/17/20","161","36","44005","22.36"
"Providence","282","9112","Rhode Island","5/17/20","7138","1974","44007","27.65"
"Washington","9","425","Rhode Island","5/17/20","363","62","44009","17.08"
"Abbeville","0","35","South Carolina","5/17/20","34","1","45001","2.94"
"Aiken","5","154","South Carolina","5/17/20","118","36","45003","30.51"
"Allendale","1","33","South Carolina","5/17/20","25","8","45005","32"
"Anderson","3","207","South Carolina","5/17/20","185","22","45007","11.89"
"Bamberg","0","17","South Carolina","5/17/20","16","1","45009","6.25"
"Barnwell","1","40","South Carolina","5/17/20","33","7","45011","21.21"
"Beaufort","2","292","South Carolina","5/17/20","279","13","45013","4.66"
"Berkeley","1","201","South Carolina","5/17/20","192","9","45015","4.69"
"Calhoun","0","9","South Carolina","5/17/20","8","1","45017","12.5"
"Charleston","4","507","South Carolina","5/17/20","481","26","45019","5.41"
"Cherokee","0","23","South Carolina","5/17/20","22","1","45021","4.55"
"Chester","1","42","South Carolina","5/17/20","38","4","45023","10.53"
"Chesterfield","2","96","South Carolina","5/17/20","79","17","45025","21.52"
"Clarendon","3","286","South Carolina","5/17/20","263","23","45027","8.75"
"Colleton","3","52","South Carolina","5/17/20","32","20","45029","62.5"
"Darlington","6","218","South Carolina","5/17/20","174","44","45031","25.29"
"Dillon","5","129","South Carolina","5/17/20","95","34","45033","35.79"
"Dorchester","1","113","South Carolina","5/17/20","106","7","45035","6.6"
"Edgefield","1","44","South Carolina","5/17/20","39","5","45037","12.82"
"Fairfield","6","122","South Carolina","5/17/20","80","42","45039","52.5"
"Florence","14","524","South Carolina","5/17/20","424","100","45041","23.58"
"Georgetown","0","52","South Carolina","5/17/20","50","2","45043","4"
"Greenville","23","1095","South Carolina","5/17/20","933","162","45045","17.36"
"Greenwood","1","69","South Carolina","5/17/20","62","7","45047","11.29"
"Hampton","0","29","South Carolina","5/17/20","28","1","45049","3.57"
"Horry","5","298","South Carolina","5/17/20","262","36","45051","13.74"
"Jasper","0","26","South Carolina","5/17/20","25","1","45053","4"
"Kershaw","2","265","South Carolina","5/17/20","253","12","45055","4.74"
"Lancaster","0","111","South Carolina","5/17/20","110","1","45057","0.91"
"Laurens","1","57","South Carolina","5/17/20","47","10","45059","21.28"
"Lee","8","164","South Carolina","5/17/20","106","58","45061","54.72"
"Lexington","5","516","South Carolina","5/17/20","478","38","45063","7.95"
"Marion","0","51","South Carolina","5/17/20","48","3","45067","6.25"
"Marlboro","2","73","South Carolina","5/17/20","57","16","45069","28.07"
"McCormick","0","7","South Carolina","5/17/20","7","0","45065","0"
"Newberry","0","31","South Carolina","5/17/20","31","0","45071","0"
"Oconee","1","41","South Carolina","5/17/20","37","4","45073","10.81"
"Orangeburg","2","112","South Carolina","5/17/20","101","11","45075","10.89"
"Pickens","3","93","South Carolina","5/17/20","73","20","45077","27.4"
"Richland","20","1238","South Carolina","5/17/20","1100","138","45079","12.55"
"Saluda","5","122","South Carolina","5/17/20","87","35","45081","40.23"
"Spartanburg","8","399","South Carolina","5/17/20","343","56","45083","16.33"
"Sumter","5","321","South Carolina","5/17/20","287","34","45085","11.85"
"Union","0","31","South Carolina","5/17/20","30","1","45087","3.33"
"Williamsburg","6","178","South Carolina","5/17/20","137","41","45089","29.93"
"York","8","293","South Carolina","5/17/20","238","55","45091","23.11"
"Aurora","0","3","South Dakota","5/17/20","2","1","46003","50"
"Beadle","1","31","South Dakota","5/17/20","21","10","46005","47.62"
"Bon Homme","0","4","South Dakota","5/17/20","4","0","46009","0"
"Brookings","0","14","South Dakota","5/17/20","14","0","46011","0"
"Brown","11","196","South Dakota","5/17/20","120","76","46013","63.33"
"Buffalo","0","1","South Dakota","5/17/20","1","0","46017","0"
"Charles Mix","1","9","South Dakota","5/17/20","5","4","46023","80"
"Clark","0","4","South Dakota","5/17/20","2","2","46025","100"
"Clay","1","15","South Dakota","5/17/20","9","6","46027","66.67"
"Codington","0","17","South Dakota","5/17/20","15","2","46029","13.33"
"Corson","0","3","South Dakota","5/17/20","1","2","46031","200"
"Davison","0","9","South Dakota","5/17/20","7","2","46035","28.57"
"Day","0","11","South Dakota","5/17/20","10","1","46037","10"
"Deuel","0","1","South Dakota","5/17/20","1","0","46039","0"
"Douglas","0","1","South Dakota","5/17/20","1","0","46043","0"
"Fall River","0","2","South Dakota","5/17/20","2","0","46047","0"
"Faulk","0","1","South Dakota","5/17/20","1","0","46049","0"
"Grant","1","9","South Dakota","5/17/20","3","6","46051","200"
"Hamlin","0","3","South Dakota","5/17/20","2","1","46057","50"
"Hand","0","1","South Dakota","5/17/20","1","0","46059","0"
"Hughes","0","16","South Dakota","5/17/20","15","1","46065","6.67"
"Hutchinson","0","3","South Dakota","5/17/20","3","0","46067","0"
"Hyde","0","1","South Dakota","5/17/20","1","0","46069","0"
"Jerauld","0","6","South Dakota","5/17/20","6","0","46073","0"
"Lake","0","5","South Dakota","5/17/20","5","0","46079","0"
"Lawrence","0","9","South Dakota","5/17/20","9","0","46081","0"
"Lincoln","2","200","South Dakota","5/17/20","188","12","46083","6.38"
"Lyman","0","4","South Dakota","5/17/20","3","1","46085","33.33"
"Marshall","0","1","South Dakota","5/17/20","1","0","46091","0"
"McCook","0","5","South Dakota","5/17/20","4","1","46087","25"
"McPherson","0","1","South Dakota","5/17/20","1","0","46089","0"
"Meade","0","5","South Dakota","5/17/20","3","2","46093","66.67"
"Miner","0","1","South Dakota","5/17/20","1","0","46097","0"
"Minnehaha","38","3135","South Dakota","5/17/20","2867","268","46099","9.35"
"Moody","0","17","South Dakota","5/17/20","14","3","46101","21.43"
"Oglala Lakota","1","10","South Dakota","5/17/20","1","9","46102","900"
"Pennington","4","52","South Dakota","5/17/20","26","26","46103","100"
"Roberts","1","19","South Dakota","5/17/20","14","5","46109","35.71"
"Sanborn","0","5","South Dakota","5/17/20","3","2","46111","66.67"
"Spink","0","4","South Dakota","5/17/20","4","0","46115","0"
"Stanley","0","9","South Dakota","5/17/20","9","0","46117","0"
"Sully","0","1","South Dakota","5/17/20","1","0","46119","0"
"Todd","1","16","South Dakota","5/17/20","9","7","46121","77.78"
"Tripp","0","2","South Dakota","5/17/20","0","2","46123","1"
"Turner","0","19","South Dakota","5/17/20","18","1","46125","5.56"
"Union","1","60","South Dakota","5/17/20","53","7","46127","13.21"
"Walworth","0","5","South Dakota","5/17/20","5","0","46129","0"
"Yankton","1","40","South Dakota","5/17/20","30","10","46135","33.33"
"Ziebach","0","1","South Dakota","5/17/20","1","0","46137","0"
"Anderson","1","36","Tennessee","5/17/20","31","5","47001","16.13"
"Bedford","2","252","Tennessee","5/17/20","237","15","47003","6.33"
"Benton","0","6","Tennessee","5/17/20","6","0","47005","0"
"Bledsoe","0","607","Tennessee","5/17/20","604","3","47007","0.5"
"Blount","1","75","Tennessee","5/17/20","71","4","47009","5.63"
"Bradley","2","82","Tennessee","5/17/20","69","13","47011","18.84"
"Campbell","0","17","Tennessee","5/17/20","17","0","47013","0"
"Cannon","0","13","Tennessee","5/17/20","13","0","47015","0"
"Carroll","1","25","Tennessee","5/17/20","19","6","47017","31.58"
"Carter","0","19","Tennessee","5/17/20","18","1","47019","5.56"
"Cheatham","4","88","Tennessee","5/17/20","63","25","47021","39.68"
"Chester","0","12","Tennessee","5/17/20","12","0","47023","0"
"Claiborne","0","7","Tennessee","5/17/20","7","0","47025","0"
"Clay","0","6","Tennessee","5/17/20","6","0","47027","0"
"Cocke","0","20","Tennessee","5/17/20","17","3","47029","17.65"
"Coffee","1","60","Tennessee","5/17/20","53","7","47031","13.21"
"Crockett","1","13","Tennessee","5/17/20","9","4","47033","44.44"
"Cumberland","1","89","Tennessee","5/17/20","85","4","47035","4.71"
"Davidson","70","3893","Tennessee","5/17/20","3401","492","47037","14.47"
"Decatur","0","5","Tennessee","5/17/20","4","1","47039","25"
"DeKalb","0","29","Tennessee","5/17/20","27","2","47041","7.41"
"Dickson","1","92","Tennessee","5/17/20","86","6","47043","6.98"
"Dyer","0","44","Tennessee","5/17/20","41","3","47045","7.32"
"Fayette","2","90","Tennessee","5/17/20","79","11","47047","13.92"
"Fentress","0","6","Tennessee","5/17/20","6","0","47049","0"
"Franklin","0","43","Tennessee","5/17/20","40","3","47051","7.5"
"Gibson","1","58","Tennessee","5/17/20","54","4","47053","7.41"
"Giles","0","10","Tennessee","5/17/20","9","1","47055","11.11"
"Grainger","0","6","Tennessee","5/17/20","6","0","47057","0"
"Greene","0","46","Tennessee","5/17/20","46","0","47059","0"
"Grundy","0","30","Tennessee","5/17/20","30","0","47061","0"
"Hamblen","1","25","Tennessee","5/17/20","21","4","47063","19.05"
"Hamilton","16","347","Tennessee","5/17/20","233","114","47065","48.93"
"Hardeman","4","182","Tennessee","5/17/20","151","31","47069","20.53"
"Hardin","0","9","Tennessee","5/17/20","8","1","47071","12.5"
"Hawkins","0","31","Tennessee","5/17/20","31","0","47073","0"
"Haywood","0","29","Tennessee","5/17/20","26","3","47075","11.54"
"Henderson","0","12","Tennessee","5/17/20","10","2","47077","20"
"Henry","0","17","Tennessee","5/17/20","15","2","47079","13.33"
"Hickman","0","52","Tennessee","5/17/20","52","0","47081","0"
"Houston","0","6","Tennessee","5/17/20","6","0","47083","0"
"Humphreys","0","12","Tennessee","5/17/20","12","0","47085","0"
"Jackson","0","11","Tennessee","5/17/20","10","1","47087","10"
"Jefferson","0","26","Tennessee","5/17/20","26","0","47089","0"
"Johnson","1","15","Tennessee","5/17/20","5","10","47091","200"
"Knox","6","303","Tennessee","5/17/20","263","40","47093","15.21"
"Lake","49","404","Tennessee","5/17/20","59","345","47095","584.75"
"Lauderdale","3","44","Tennessee","5/17/20","26","18","47097","69.23"
"Lawrence","0","21","Tennessee","5/17/20","20","1","47099","5"
"Lewis","0","2","Tennessee","5/17/20","2","0","47101","0"
"Lincoln","0","16","Tennessee","5/17/20","16","0","47103","0"
"Loudon","1","48","Tennessee","5/17/20","41","7","47105","17.07"
"Macon","3","81","Tennessee","5/17/20","58","23","47111","39.66"
"Madison","2","163","Tennessee","5/17/20","151","12","47113","7.95"
"Marion","0","32","Tennessee","5/17/20","29","3","47115","10.34"
"Marshall","0","26","Tennessee","5/17/20","24","2","47117","8.33"
"Maury","1","63","Tennessee","5/17/20","55","8","47119","14.55"
"McMinn","1","123","Tennessee","5/17/20","117","6","47107","5.13"
"McNairy","0","12","Tennessee","5/17/20","11","1","47109","9.09"
"Meigs","0","22","Tennessee","5/17/20","22","0","47121","0"
"Monroe","2","41","Tennessee","5/17/20","28","13","47123","46.43"
"Montgomery","5","206","Tennessee","5/17/20","174","32","47125","18.39"
"Moore","0","3","Tennessee","5/17/20","3","0","47127","0"
"Morgan","0","12","Tennessee","5/17/20","12","0","47129","0"
"Obion","0","19","Tennessee","5/17/20","16","3","47131","18.75"
"Out of TN","-5","340","Tennessee","5/17/20","375","-35","80047","-9.33"
"Overton","0","14","Tennessee","5/17/20","11","3","47133","27.27"
"Perry","0","13","Tennessee","5/17/20","13","0","47135","0"
"Pickett","0","1","Tennessee","5/17/20","1","0","47137","0"
"Polk","0","13","Tennessee","5/17/20","12","1","47139","8.33"
"Putnam","9","235","Tennessee","5/17/20","175","60","47141","34.29"
"Rhea","0","7","Tennessee","5/17/20","6","1","47143","16.67"
"Roane","0","8","Tennessee","5/17/20","8","0","47145","0"
"Robertson","8","274","Tennessee","5/17/20","218","56","47147","25.69"
"Rutherford","17","847","Tennessee","5/17/20","725","122","47149","16.83"
"Scott","0","11","Tennessee","5/17/20","11","0","47151","0"
"Sequatchie","1","10","Tennessee","5/17/20","6","4","47153","66.67"
"Sevier","0","68","Tennessee","5/17/20","65","3","47155","4.62"
"Shelby","67","3726","Tennessee","5/17/20","3260","466","47157","14.29"
"Smith","0","24","Tennessee","5/17/20","24","0","47159","0"
"Stewart","0","7","Tennessee","5/17/20","7","0","47161","0"
"Sullivan","0","57","Tennessee","5/17/20","54","3","47163","5.56"
"Sumner","6","739","Tennessee","5/17/20","698","41","47165","5.87"
"Tipton","35","403","Tennessee","5/17/20","159","244","47167","153.46"
"Trousdale","4","1383","Tennessee","5/17/20","1357","26","47169","1.92"
"Unicoi","0","3","Tennessee","5/17/20","3","0","47171","0"
"Union","0","4","Tennessee","5/17/20","3","1","47173","33.33"
"Van Buren","0","3","Tennessee","5/17/20","2","1","47175","50"
"Warren","0","15","Tennessee","5/17/20","12","3","47177","25"
"Washington","1","66","Tennessee","5/17/20","61","5","47179","8.2"
"Wayne","9","63","Tennessee","5/17/20","3","60","47181","2000"
"Weakley","0","24","Tennessee","5/17/20","24","0","47183","0"
"White","0","18","Tennessee","5/17/20","16","2","47185","12.5"
"Williamson","4","471","Tennessee","5/17/20","443","28","47187","6.32"
"Wilson","3","318","Tennessee","5/17/20","300","18","47189","6"
"Anderson","2","54","Texas","5/17/20","41","13","48001","31.71"
"Andrews","0","22","Texas","5/17/20","21","1","48003","4.76"
"Angelina","6","139","Texas","5/17/20","100","39","48005","39"
"Aransas","0","3","Texas","5/17/20","2","1","48007","50"
"Archer","0","1","Texas","5/17/20","0","1","48009","1"
"Armstrong","0","2","Texas","5/17/20","2","0","48011","0"
"Atascosa","1","30","Texas","5/17/20","22","8","48013","36.36"
"Austin","1","19","Texas","5/17/20","15","4","48015","26.67"
"Bailey","0","6","Texas","5/17/20","3","3","48017","100"
"Bandera","0","6","Texas","5/17/20","6","0","48019","0"
"Bastrop","3","132","Texas","5/17/20","109","23","48021","21.1"
"Bee","0","6","Texas","5/17/20","6","0","48025","0"
"Bell","4","248","Texas","5/17/20","220","28","48027","12.73"
"Bexar","41","2120","Texas","5/17/20","1835","285","48029","15.53"
"Blanco","0","6","Texas","5/17/20","6","0","48031","0"
"Bosque","0","6","Texas","5/17/20","5","1","48035","20"
"Bowie","8","133","Texas","5/17/20","76","57","48037","75"
"Brazoria","10","727","Texas","5/17/20","656","71","48039","10.82"
"Brazos","8","318","Texas","5/17/20","265","53","48041","20"
"Brewster","0","1","Texas","5/17/20","1","0","48043","0"
"Briscoe","0","1","Texas","5/17/20","1","0","48045","0"
"Brooks","0","1","Texas","5/17/20","1","0","48047","0"
"Brown","2","51","Texas","5/17/20","38","13","48049","34.21"
"Burleson","0","18","Texas","5/17/20","15","3","48051","20"
"Burnet","0","28","Texas","5/17/20","26","2","48053","7.69"
"Caldwell","1","36","Texas","5/17/20","27","9","48055","33.33"
"Calhoun","0","36","Texas","5/17/20","36","0","48057","0"
"Callahan","0","8","Texas","5/17/20","6","2","48059","33.33"
"Cameron","15","619","Texas","5/17/20","512","107","48061","20.9"
"Camp","2","21","Texas","5/17/20","7","14","48063","200"
"Carson","0","4","Texas","5/17/20","3","1","48065","33.33"
"Cass","0","19","Texas","5/17/20","20","-1","48067","-5"
"Castro","1","27","Texas","5/17/20","23","4","48069","17.39"
"Chambers","1","53","Texas","5/17/20","49","4","48071","8.16"
"Cherokee","2","34","Texas","5/17/20","20","14","48073","70"
"Childress","0","2","Texas","5/17/20","2","0","48075","0"
"Clay","0","3","Texas","5/17/20","3","0","48077","0"
"Cochran","0","1","Texas","5/17/20","1","0","48079","0"
"Coke","0","1","Texas","5/17/20","1","0","48081","0"
"Coleman","0","2","Texas","5/17/20","2","0","48083","0"
"Collin","14","1016","Texas","5/17/20","918","98","48085","10.68"
"Collingsworth","0","4","Texas","5/17/20","4","0","48087","0"
"Colorado","0","18","Texas","5/17/20","16","2","48089","12.5"
"Comal","1","70","Texas","5/17/20","65","5","48091","7.69"
"Comanche","0","3","Texas","5/17/20","3","0","48093","0"
"Concho","0","1","Texas","5/17/20","1","0","48095","0"
"Cooke","0","13","Texas","5/17/20","12","1","48097","8.33"
"Coryell","2","224","Texas","5/17/20","208","16","48099","7.69"
"Cottle","0","4","Texas","5/17/20","4","0","48101","0"
"Crane","0","2","Texas","5/17/20","2","0","48103","0"
"Crosby","0","3","Texas","5/17/20","2","1","48107","50"
"Dallam","1","22","Texas","5/17/20","13","9","48111","69.23"
"Dallas","226","7455","Texas","5/17/20","5870","1585","48113","27"
"Dawson","1","38","Texas","5/17/20","30","8","48115","26.67"
"Deaf Smith","9","122","Texas","5/17/20","59","63","48117","106.78"
"Delta","0","1","Texas","5/17/20","1","0","48119","0"
"Denton","20","1051","Texas","5/17/20","914","137","48121","14.99"
"DeWitt","0","17","Texas","5/17/20","15","2","48123","13.33"
"Dickens","0","1","Texas","5/17/20","1","0","48125","0"
"Dimmit","0","1","Texas","5/17/20","1","0","48127","0"
"Donley","0","25","Texas","5/17/20","26","-1","48129","-3.85"
"Duval","0","5","Texas","5/17/20","5","0","48131","0"
"Eastland","0","5","Texas","5/17/20","3","2","48133","66.67"
"Ector","3","114","Texas","5/17/20","95","19","48135","20"
"El Paso","58","1726","Texas","5/17/20","1322","404","48141","30.56"
"Ellis","6","247","Texas","5/17/20","202","45","48139","22.28"
"Erath","0","15","Texas","5/17/20","14","1","48143","7.14"
"Falls","0","6","Texas","5/17/20","6","0","48145","0"
"Fannin","0","25","Texas","5/17/20","23","2","48147","8.7"
"Fayette","1","29","Texas","5/17/20","25","4","48149","16"
"Fisher","0","1","Texas","5/17/20","0","1","48151","1"
"Floyd","0","4","Texas","5/17/20","4","0","48153","0"
"Fort Bend","27","1558","Texas","5/17/20","1370","188","48157","13.72"
"Franklin","0","5","Texas","5/17/20","3","2","48159","66.67"
"Freestone","0","7","Texas","5/17/20","7","0","48161","0"
"Frio","0","35","Texas","5/17/20","34","1","48163","2.94"
"Gaines","0","5","Texas","5/17/20","3","2","48165","66.67"
"Galveston","3","701","Texas","5/17/20","680","21","48167","3.09"
"Garza","0","4","Texas","5/17/20","3","1","48169","33.33"
"Gillespie","0","4","Texas","5/17/20","4","0","48171","0"
"Glasscock","0","1","Texas","5/17/20","1","0","48173","0"
"Goliad","0","7","Texas","5/17/20","7","0","48175","0"
"Gonzales","4","79","Texas","5/17/20","53","26","48177","49.06"
"Gray","2","91","Texas","5/17/20","75","16","48179","21.33"
"Grayson","8","147","Texas","5/17/20","89","58","48181","65.17"
"Gregg","7","170","Texas","5/17/20","118","52","48183","44.07"
"Grimes","3","65","Texas","5/17/20","42","23","48185","54.76"
"Guadalupe","2","110","Texas","5/17/20","95","15","48187","15.79"
"Hale","1","44","Texas","5/17/20","37","7","48189","18.92"
"Hamilton","0","7","Texas","5/17/20","6","1","48193","16.67"
"Hansford","1","16","Texas","5/17/20","12","4","48195","33.33"
"Hardin","0","117","Texas","5/17/20","115","2","48199","1.74"
"Harris","227","9465","Texas","5/17/20","7878","1587","48201","20.14"
"Harrison","2","202","Texas","5/17/20","186","16","48203","8.6"
"Hartley","0","9","Texas","5/17/20","8","1","48205","12.5"
"Haskell","0","1","Texas","5/17/20","0","1","48207","1"
"Hays","2","219","Texas","5/17/20","203","16","48209","7.88"
"Hemphill","0","1","Texas","5/17/20","1","0","48211","0"
"Henderson","1","48","Texas","5/17/20","41","7","48213","17.07"
"Hidalgo","5","425","Texas","5/17/20","387","38","48215","9.82"
"Hill","0","22","Texas","5/17/20","19","3","48217","15.79"
"Hockley","0","23","Texas","5/17/20","20","3","48219","15"
"Hood","0","22","Texas","5/17/20","22","0","48221","0"
"Hopkins","0","8","Texas","5/17/20","8","0","48223","0"
"Houston","9","76","Texas","5/17/20","13","63","48225","484.62"
"Howard","0","6","Texas","5/17/20","6","0","48227","0"
"Hunt","1","66","Texas","5/17/20","57","9","48231","15.79"
"Hutchinson","1","25","Texas","5/17/20","21","4","48233","19.05"
"Jack","0","4","Texas","5/17/20","4","0","48237","0"
"Jackson","0","15","Texas","5/17/20","14","1","48239","7.14"
"Jasper","1","23","Texas","5/17/20","19","4","48241","21.05"
"Jefferson","9","436","Texas","5/17/20","376","60","48245","15.96"
"Jim Hogg","0","4","Texas","5/17/20","3","1","48247","33.33"
"Jim Wells","0","8","Texas","5/17/20","7","1","48249","14.29"
"Johnson","3","123","Texas","5/17/20","100","23","48251","23"
"Jones","3","112","Texas","5/17/20","92","20","48253","21.74"
"Karnes","0","3","Texas","5/17/20","3","0","48255","0"
"Kaufman","4","147","Texas","5/17/20","116","31","48257","26.72"
"Kendall","0","21","Texas","5/17/20","19","2","48259","10.53"
"Kerr","0","10","Texas","5/17/20","9","1","48265","11.11"
"Kimble","0","1","Texas","5/17/20","1","0","48267","0"
"Kleberg","0","14","Texas","5/17/20","11","3","48273","27.27"
"Knox","0","1","Texas","5/17/20","1","0","48275","0"
"La Salle","0","4","Texas","5/17/20","2","2","48283","100"
"Lamar","4","116","Texas","5/17/20","89","27","48277","30.34"
"Lamb","1","11","Texas","5/17/20","7","4","48279","57.14"
"Lampasas","0","8","Texas","5/17/20","8","0","48281","0"
"Lavaca","0","8","Texas","5/17/20","6","2","48285","33.33"
"Lee","0","6","Texas","5/17/20","5","1","48287","20"
"Leon","0","9","Texas","5/17/20","9","0","48289","0"
"Liberty","2","75","Texas","5/17/20","64","11","48291","17.19"
"Limestone","0","15","Texas","5/17/20","15","0","48293","0"
"Lipscomb","0","2","Texas","5/17/20","2","0","48295","0"
"Live Oak","0","6","Texas","5/17/20","5","1","48297","20"
"Llano","0","3","Texas","5/17/20","3","0","48299","0"
"Lubbock","4","619","Texas","5/17/20","589","30","48303","5.09"
"Lynn","0","5","Texas","5/17/20","5","0","48305","0"
"Madison","1","8","Texas","5/17/20","3","5","48313","166.67"
"Marion","0","15","Texas","5/17/20","16","-1","48315","-6.25"
"Martin","0","3","Texas","5/17/20","3","0","48317","0"
"Mason","0","31","Texas","5/17/20","28","3","48319","10.71"
"Matagorda","0","65","Texas","5/17/20","64","1","48321","1.56"
"Maverick","6","74","Texas","5/17/20","31","43","48323","138.71"
"McCulloch","0","3","Texas","5/17/20","3","0","48307","0"
"McLennan","0","97","Texas","5/17/20","94","3","48309","3.19"
"Medina","3","50","Texas","5/17/20","31","19","48325","61.29"
"Midland","3","120","Texas","5/17/20","101","19","48329","18.81"
"Milam","1","24","Texas","5/17/20","20","4","48331","20"
"Mills","0","1","Texas","5/17/20","0","1","48333","1"
"Mitchell","0","1","Texas","5/17/20","1","0","48335","0"
"Montague","0","9","Texas","5/17/20","9","0","48337","0"
"Montgomery","14","798","Texas","5/17/20","699","99","48339","14.16"
"Moore","4","552","Texas","5/17/20","527","25","48341","4.74"
"Morris","0","11","Texas","5/17/20","9","2","48343","22.22"
"Motley","0","1","Texas","5/17/20","1","0","48345","0"
"Nacogdoches","5","238","Texas","5/17/20","206","32","48347","15.53"
"Navarro","0","38","Texas","5/17/20","36","2","48349","5.56"
"Newton","0","4","Texas","5/17/20","4","0","48351","0"
"Nolan","0","2","Texas","5/17/20","2","0","48353","0"
"Nueces","15","233","Texas","5/17/20","129","104","48355","80.62"
"Ochiltree","2","40","Texas","5/17/20","29","11","48357","37.93"
"Oldham","0","4","Texas","5/17/20","3","1","48359","33.33"
"Orange","0","87","Texas","5/17/20","85","2","48361","2.35"
"Palo Pinto","0","9","Texas","5/17/20","9","0","48363","0"
"Panola","1","175","Texas","5/17/20","168","7","48365","4.17"
"Parker","2","57","Texas","5/17/20","45","12","48367","26.67"
"Parmer","1","26","Texas","5/17/20","19","7","48369","36.84"
"Pecos","1","20","Texas","5/17/20","15","5","48371","33.33"
"Polk","2","47","Texas","5/17/20","35","12","48373","34.29"
"Potter","144","2129","Texas","5/17/20","1124","1005","48375","89.41"
"Rains","0","2","Texas","5/17/20","2","0","48379","0"
"Randall","35","602","Texas","5/17/20","358","244","48381","68.16"
"Red River","4","35","Texas","5/17/20","9","26","48387","288.89"
"Reeves","0","7","Texas","5/17/20","7","0","48389","0"
"Refugio","0","3","Texas","5/17/20","1","2","48391","200"
"Roberts","0","2","Texas","5/17/20","2","0","48393","0"
"Robertson","0","6","Texas","5/17/20","5","1","48395","20"
"Rockwall","5","138","Texas","5/17/20","100","38","48397","38"
"Runnels","0","2","Texas","5/17/20","2","0","48399","0"
"Rusk","0","42","Texas","5/17/20","40","2","48401","5"
"Sabine","0","3","Texas","5/17/20","2","1","48403","50"
"San Augustine","0","22","Texas","5/17/20","21","1","48405","4.76"
"San Jacinto","0","12","Texas","5/17/20","11","1","48407","9.09"
"San Patricio","1","26","Texas","5/17/20","20","6","48409","30"
"Scurry","0","2","Texas","5/17/20","2","0","48415","0"
"Shackelford","0","1","Texas","5/17/20","1","0","48417","0"
"Shelby","3","175","Texas","5/17/20","152","23","48419","15.13"
"Sherman","0","23","Texas","5/17/20","23","0","48421","0"
"Smith","2","189","Texas","5/17/20","174","15","48423","8.62"
"Starr","0","17","Texas","5/17/20","14","3","48427","21.43"
"Stephens","0","2","Texas","5/17/20","1","1","48429","100"
"Swisher","0","14","Texas","5/17/20","12","2","48437","16.67"
"Tarrant","163","4350","Texas","5/17/20","3210","1140","48439","35.51"
"Taylor","1","217","Texas","5/17/20","208","9","48441","4.33"
"Terry","0","12","Texas","5/17/20","12","0","48445","0"
"Titus","9","96","Texas","5/17/20","35","61","48449","174.29"
"Tom Green","0","86","Texas","5/17/20","84","2","48451","2.38"
"Travis","43","2425","Texas","5/17/20","2127","298","48453","14.01"
"Trinity","0","11","Texas","5/17/20","11","0","48455","0"
"Tyler","0","9","Texas","5/17/20","7","2","48457","28.57"
"Upshur","0","18","Texas","5/17/20","17","1","48459","5.88"
"Uvalde","0","6","Texas","5/17/20","6","0","48463","0"
"Val Verde","0","13","Texas","5/17/20","13","0","48465","0"
"Van Zandt","1","22","Texas","5/17/20","18","4","48467","22.22"
"Victoria","1","154","Texas","5/17/20","150","4","48469","2.67"
"Walker","12","421","Texas","5/17/20","340","81","48471","23.82"
"Waller","0","40","Texas","5/17/20","38","2","48473","5.26"
"Washington","2","181","Texas","5/17/20","164","17","48477","10.37"
"Webb","6","477","Texas","5/17/20","434","43","48479","9.91"
"Wharton","0","42","Texas","5/17/20","41","1","48481","2.44"
"Wheeler","0","14","Texas","5/17/20","14","0","48483","0"
"Wichita","0","78","Texas","5/17/20","75","3","48485","4"
"Wilbarger","0","5","Texas","5/17/20","2","3","48487","150"
"Willacy","0","14","Texas","5/17/20","14","0","48489","0"
"Williamson","15","481","Texas","5/17/20","377","104","48491","27.59"
"Wilson","0","36","Texas","5/17/20","35","1","48493","2.86"
"Winkler","0","3","Texas","5/17/20","3","0","48495","0"
"Wise","1","36","Texas","5/17/20","30","6","48497","20"
"Wood","1","18","Texas","5/17/20","14","4","48499","28.57"
"Yoakum","0","2","Texas","5/17/20","2","0","48501","0"
"Young","0","4","Texas","5/17/20","4","0","48503","0"
"Zapata","0","7","Texas","5/17/20","7","0","48505","0"
"Zavala","1","9","Texas","5/17/20","2","7","48507","350"
"Bear River","1","88","Utah","5/17/20","78","10","00000","12.82"
"Central Utah","0","30","Utah","5/17/20","28","2","00000","7.14"
"Davis","5","368","Utah","5/17/20","336","32","49011","9.52"
"Salt Lake","85","3883","Utah","5/17/20","3291","592","49035","17.99"
"San Juan","7","198","Utah","5/17/20","147","51","49037","34.69"
"Southeast Utah","0","14","Utah","5/17/20","13","1","00000","7.69"
"Southwest Utah","8","219","Utah","5/17/20","164","55","00000","33.54"
"Summit","2","401","Utah","5/17/20","385","16","49043","4.16"
"Tooele","2","93","Utah","5/17/20","77","16","49045","20.78"
"TriCounty","0","19","Utah","5/17/20","16","3","00000","18.75"
"Utah","22","1497","Utah","5/17/20","1346","151","49049","11.22"
"Wasatch","4","202","Utah","5/17/20","176","26","49051","14.77"
"Weber-Morgan","5","226","Utah","5/17/20","194","32","00000","16.49"
"Addison","0","62","Vermont","5/17/20","62","0","50001","0"
"Bennington","0","60","Vermont","5/17/20","61","-1","50003","-1.64"
"Caledonia","0","14","Vermont","5/17/20","14","0","50005","0"
"Chittenden","1","439","Vermont","5/17/20","432","7","50007","1.62"
"Essex","0","2","Vermont","5/17/20","2","0","50009","0"
"Franklin","0","99","Vermont","5/17/20","99","0","50011","0"
"Grand Isle","0","4","Vermont","5/17/20","4","0","50013","0"
"Lamoille","0","27","Vermont","5/17/20","26","1","50015","3.85"
"Orange","0","8","Vermont","5/17/20","8","0","50017","0"
"Orleans","0","9","Vermont","5/17/20","9","0","50019","0"
"Rutland","0","50","Vermont","5/17/20","49","1","50021","2.04"
"Washington","0","38","Vermont","5/17/20","38","0","50023","0"
"Windham","0","76","Vermont","5/17/20","74","2","50025","2.7"
"Windsor","0","47","Vermont","5/17/20","45","2","50027","4.44"
"","0","69","Virgin Islands","5/17/20","69","0",,"0"
"Accomack","26","688","Virginia","5/17/20","508","180","51001","35.43"
"Albemarle","3","138","Virginia","5/17/20","120","18","51003","15"
"Alexandria","40","1476","Virginia","5/17/20","1193","283","51510","23.72"
"Alleghany","0","7","Virginia","5/17/20","6","1","51005","16.67"
"Amelia","0","18","Virginia","5/17/20","17","1","51007","5.88"
"Amherst","1","25","Virginia","5/17/20","15","10","51009","66.67"
"Appomattox","0","23","Virginia","5/17/20","22","1","51011","4.55"
"Arlington","32","1590","Virginia","5/17/20","1368","222","51013","16.23"
"Augusta","3","84","Virginia","5/17/20","64","20","51015","31.25"
"Bedford","0","40","Virginia","5/17/20","38","2","51019","5.26"
"Botetourt","0","31","Virginia","5/17/20","29","2","51023","6.9"
"Bristol","0","3","Virginia","5/17/20","3","0","51520","0"
"Brunswick","0","20","Virginia","5/17/20","18","2","51025","11.11"
"Buchanan","0","16","Virginia","5/17/20","16","0","51027","0"
"Buckingham","24","411","Virginia","5/17/20","246","165","51029","67.07"
"Buena Vista","0","8","Virginia","5/17/20","8","0","51530","0"
"Campbell","0","13","Virginia","5/17/20","13","0","51031","0"
"Caroline","1","42","Virginia","5/17/20","38","4","51033","10.53"
"Carroll","2","48","Virginia","5/17/20","33","15","51035","45.45"
"Charles City","0","22","Virginia","5/17/20","21","1","51036","4.76"
"Charlotte","0","11","Virginia","5/17/20","11","0","51037","0"
"Charlottesville","1","71","Virginia","5/17/20","66","5","51540","7.58"
"Chesapeake","8","384","Virginia","5/17/20","328","56","51550","17.07"
"Chesterfield","29","988","Virginia","5/17/20","787","201","51041","25.54"
"Clarke","0","19","Virginia","5/17/20","16","3","51043","18.75"
"Colonial Heights","1","76","Virginia","5/17/20","66","10","51570","15.15"
"Covington","0","2","Virginia","5/17/20","1","1","51580","100"
"Craig","0","4","Virginia","5/17/20","4","0","51045","0"
"Culpeper","16","374","Virginia","5/17/20","264","110","51047","41.67"
"Cumberland","1","23","Virginia","5/17/20","13","10","51049","76.92"
"Danville","1","44","Virginia","5/17/20","38","6","51590","15.79"
"Dinwiddie","1","36","Virginia","5/17/20","27","9","51053","33.33"
"Emporia","1","52","Virginia","5/17/20","48","4","51595","8.33"
"Essex","1","31","Virginia","5/17/20","23","8","51057","34.78"
"Fairfax","250","7643","Virginia","5/17/20","5892","1751","51059","29.72"
"Fairfax City","1","47","Virginia","5/17/20","39","8","51600","20.51"
"Falls Church","1","44","Virginia","5/17/20","37","7","51610","18.92"
"Fauquier","6","213","Virginia","5/17/20","172","41","51061","23.84"
"Floyd","0","4","Virginia","5/17/20","3","1","51063","33.33"
"Fluvanna","0","81","Virginia","5/17/20","79","2","51065","2.53"
"Franklin","0","30","Virginia","5/17/20","27","3","51067","11.11"
"Franklin City","0","29","Virginia","5/17/20","26","3","51620","11.54"
"Frederick","7","211","Virginia","5/17/20","164","47","51069","28.66"
"Fredericksburg","5","93","Virginia","5/17/20","61","32","51630","52.46"
"Galax","5","80","Virginia","5/17/20","45","35","51640","77.78"
"Giles","0","5","Virginia","5/17/20","8","-3","51071","-37.5"
"Gloucester","0","28","Virginia","5/17/20","27","1","51073","3.7"
"Goochland","1","87","Virginia","5/17/20","81","6","51075","7.41"
"Grayson","1","21","Virginia","5/17/20","12","9","51077","75"
"Greene","1","19","Virginia","5/17/20","15","4","51079","26.67"
"Greensville","1","50","Virginia","5/17/20","46","4","51081","8.7"
"Halifax","1","27","Virginia","5/17/20","22","5","51083","22.73"
"Hampton","2","161","Virginia","5/17/20","144","17","51650","11.81"
"Hanover","7","220","Virginia","5/17/20","170","50","51085","29.41"
"Harrisonburg","8","632","Virginia","5/17/20","579","53","51660","9.15"
"Henrico","26","1252","Virginia","5/17/20","1067","185","51087","17.34"
"Henry","2","36","Virginia","5/17/20","22","14","51089","63.64"
"Highland","0","2","Virginia","5/17/20","2","0","51091","0"
"Hopewell","2","51","Virginia","5/17/20","37","14","51670","37.84"
"Isle of Wight","1","115","Virginia","5/17/20","110","5","51093","4.55"
"James City","2","186","Virginia","5/17/20","173","13","51095","7.51"
"King and Queen","0","7","Virginia","5/17/20","5","2","51097","40"
"King George","1","48","Virginia","5/17/20","41","7","51099","17.07"
"King William","0","14","Virginia","5/17/20","11","3","51101","27.27"
"Lancaster","0","7","Virginia","5/17/20","6","1","51103","16.67"
"Lee","0","10","Virginia","5/17/20","10","0","51105","0"
"Lexington","0","6","Virginia","5/17/20","4","2","51678","50"
"Loudoun","41","1446","Virginia","5/17/20","1159","287","51107","24.76"
"Louisa","1","59","Virginia","5/17/20","55","4","51109","7.27"
"Lunenburg","0","7","Virginia","5/17/20","6","1","51111","16.67"
"Lynchburg","1","73","Virginia","5/17/20","68","5","51680","7.35"
"Madison","0","24","Virginia","5/17/20","21","3","51113","14.29"
"Manassas","30","594","Virginia","5/17/20","381","213","51683","55.91"
"Manassas Park","10","187","Virginia","5/17/20","120","67","51685","55.83"
"Martinsville","0","5","Virginia","5/17/20","2","3","51690","150"
"Mathews","0","5","Virginia","5/17/20","5","0","51115","0"
"Mecklenburg","6","167","Virginia","5/17/20","122","45","51117","36.89"
"Middlesex","0","12","Virginia","5/17/20","10","2","51119","20"
"Montgomery","0","66","Virginia","5/17/20","65","1","51121","1.54"
"Nelson","0","12","Virginia","5/17/20","10","2","51125","20"
"New Kent","0","26","Virginia","5/17/20","26","0","51127","0"
"Newport News","5","193","Virginia","5/17/20","159","34","51700","21.38"
"Norfolk","7","350","Virginia","5/17/20","304","46","51710","15.13"
"Northampton","5","198","Virginia","5/17/20","163","35","51131","21.47"
"Northumberland","1","18","Virginia","5/17/20","10","8","51133","80"
"Norton","0","2","Virginia","5/17/20","2","0","51720","0"
"Nottoway","0","16","Virginia","5/17/20","14","2","51135","14.29"
"Orange","1","56","Virginia","5/17/20","46","10","51137","21.74"
"Page","5","161","Virginia","5/17/20","128","33","51139","25.78"
"Patrick","0","6","Virginia","5/17/20","4","2","51141","50"
"Petersburg","2","58","Virginia","5/17/20","45","13","51730","28.89"
"Pittsylvania","1","24","Virginia","5/17/20","17","7","51143","41.18"
"Poquoson","0","7","Virginia","5/17/20","7","0","51735","0"
"Portsmouth","3","225","Virginia","5/17/20","202","23","51740","11.39"
"Powhatan","1","24","Virginia","5/17/20","18","6","51145","33.33"
"Prince Edward","1","73","Virginia","5/17/20","66","7","51147","10.61"
"Prince George","1","49","Virginia","5/17/20","44","5","51149","11.36"
"Prince William","132","3666","Virginia","5/17/20","2740","926","51153","33.8"
"Pulaski","0","10","Virginia","5/17/20","9","1","51155","11.11"
"Radford","0","3","Virginia","5/17/20","3","0","51750","0"
"Rappahannock","1","12","Virginia","5/17/20","8","4","51157","50"
"Richmond","10","261","Virginia","5/17/20","189","72","51159","38.1"
"Richmond City","33","758","Virginia","5/17/20","530","228","51760","43.02"
"Roanoke","3","85","Virginia","5/17/20","62","23","51161","37.1"
"Roanoke City","4","120","Virginia","5/17/20","93","27","51770","29.03"
"Rockbridge","0","11","Virginia","5/17/20","9","2","51163","22.22"
"Rockingham","6","389","Virginia","5/17/20","344","45","51165","13.08"
"Russell","0","8","Virginia","5/17/20","6","2","51167","33.33"
"Salem","0","32","Virginia","5/17/20","31","1","51775","3.23"
"Scott","0","7","Virginia","5/17/20","7","0","51169","0"
"Shenandoah","8","303","Virginia","5/17/20","245","58","51171","23.67"
"Smyth","0","15","Virginia","5/17/20","13","2","51173","15.38"
"Southampton","1","135","Virginia","5/17/20","131","4","51175","3.05"
"Spotsylvania","9","312","Virginia","5/17/20","248","64","51177","25.81"
"Stafford","13","467","Virginia","5/17/20","374","93","51179","24.87"
"Staunton","3","34","Virginia","5/17/20","15","19","51790","126.67"
"Suffolk","7","264","Virginia","5/17/20","215","49","51800","22.79"
"Surry","0","6","Virginia","5/17/20","5","1","51181","20"
"Sussex","7","80","Virginia","5/17/20","33","47","51183","142.42"
"Tazewell","0","6","Virginia","5/17/20","7","-1","51185","-14.29"
"Virginia Beach","8","548","Virginia","5/17/20","491","57","51810","11.61"
"Warren","2","99","Virginia","5/17/20","85","14","51187","16.47"
"Washington","0","49","Virginia","5/17/20","49","0","51191","0"
"Waynesboro","0","22","Virginia","5/17/20","21","1","51820","4.76"
"Westmoreland","1","42","Virginia","5/17/20","38","4","51193","10.53"
"Williamsburg","1","43","Virginia","5/17/20","39","4","51830","10.26"
"Winchester","2","80","Virginia","5/17/20","66","14","51840","21.21"
"Wise","0","23","Virginia","5/17/20","22","1","51195","4.55"
"Wythe","0","16","Virginia","5/17/20","13","3","51197","23.08"
"York","1","62","Virginia","5/17/20","56","6","51199","10.71"
"Adams","0","50","Washington","5/17/20","49","1","53001","2.04"
"Asotin","0","18","Washington","5/17/20","18","0","53003","0"
"Benton","8","633","Washington","5/17/20","577","56","53005","9.71"
"Chelan","4","176","Washington","5/17/20","148","28","53007","18.92"
"Clallam","0","21","Washington","5/17/20","19","2","53009","10.53"
"Clark","5","388","Washington","5/17/20","351","37","53011","10.54"
"Columbia","0","1","Washington","5/17/20","1","0","53013","0"
"Cowlitz","0","68","Washington","5/17/20","66","2","53015","3.03"
"Douglas","2","126","Washington","5/17/20","112","14","53017","12.5"
"Ferry","0","1","Washington","5/17/20","1","0","53019","0"
"Franklin","5","444","Washington","5/17/20","412","32","53021","7.77"
"Grant","1","186","Washington","5/17/20","181","5","53025","2.76"
"Grays Harbor","0","15","Washington","5/17/20","13","2","53027","15.38"
"Island","0","176","Washington","5/17/20","174","2","53029","1.15"
"Jefferson","0","30","Washington","5/17/20","29","1","53031","3.45"
"King","66","7472","Washington","5/17/20","7007","465","53033","6.64"
"Kitsap","1","160","Washington","5/17/20","155","5","53035","3.23"
"Kittitas","5","52","Washington","5/17/20","18","34","53037","188.89"
"Klickitat","1","24","Washington","5/17/20","19","5","53039","26.32"
"Lewis","1","34","Washington","5/17/20","30","4","53041","13.33"
"Lincoln","0","2","Washington","5/17/20","2","0","53043","0"
"Mason","0","31","Washington","5/17/20","28","3","53045","10.71"
"Okanogan","2","40","Washington","5/17/20","25","15","53047","60"
"Pacific","0","9","Washington","5/17/20","9","0","53049","0"
"Pend Oreille","0","2","Washington","5/17/20","2","0","53051","0"
"Pierce","17","1680","Washington","5/17/20","1562","118","53053","7.55"
"San Juan","0","15","Washington","5/17/20","15","0","53055","0"
"Skagit","3","425","Washington","5/17/20","401","24","53057","5.99"
"Skamania","0","3","Washington","5/17/20","3","0","53059","0"
"Snohomish","15","2784","Washington","5/17/20","2681","103","53061","3.84"
"Spokane","3","400","Washington","5/17/20","382","18","53063","4.71"
"Stevens","0","9","Washington","5/17/20","9","0","53065","0"
"Thurston","0","124","Washington","5/17/20","121","3","53067","2.48"
"Wahkiakum","0","4","Washington","5/17/20","3","1","53069","33.33"
"Walla Walla","1","107","Washington","5/17/20","99","8","53071","8.08"
"Whatcom","3","353","Washington","5/17/20","333","20","53073","6.01"
"Whitman","0","16","Washington","5/17/20","15","1","53075","6.67"
"Yakima","67","2253","Washington","5/17/20","1781","472","53077","26.5"
"Barbour","0","7","West Virginia","5/17/20","7","0","54001","0"
"Berkeley","3","210","West Virginia","5/17/20","188","22","54003","11.7"
"Boone","0","9","West Virginia","5/17/20","9","0","54005","0"
"Braxton","0","2","West Virginia","5/17/20","2","0","54007","0"
"Brooke","0","3","West Virginia","5/17/20","3","0","54009","0"
"Cabell","1","57","West Virginia","5/17/20","52","5","54011","9.62"
"Calhoun","0","2","West Virginia","5/17/20","0","2","54013","1"
"Clay","0","2","West Virginia","5/17/20","2","0","54015","0"
"Fayette","0","38","West Virginia","5/17/20","35","3","54019","8.57"
"Gilmer","0","8","West Virginia","5/17/20","8","0","54021","0"
"Grant","0","6","West Virginia","5/17/20","3","3","54023","100"
"Greenbrier","0","9","West Virginia","5/17/20","8","1","54025","12.5"
"Hampshire","0","12","West Virginia","5/17/20","9","3","54027","33.33"
"Hancock","0","12","West Virginia","5/17/20","12","0","54029","0"
"Hardy","1","25","West Virginia","5/17/20","16","9","54031","56.25"
"Harrison","0","35","West Virginia","5/17/20","33","2","54033","6.06"
"Jackson","0","136","West Virginia","5/17/20","136","0","54035","0"
"Jefferson","2","100","West Virginia","5/17/20","88","12","54037","13.64"
"Kanawha","3","207","West Virginia","5/17/20","183","24","54039","13.11"
"Lewis","0","5","West Virginia","5/17/20","4","1","54041","25"
"Lincoln","0","5","West Virginia","5/17/20","5","0","54043","0"
"Logan","0","15","West Virginia","5/17/20","13","2","54045","15.38"
"Marion","0","48","West Virginia","5/17/20","46","2","54049","4.35"
"Marshall","0","24","West Virginia","5/17/20","22","2","54051","9.09"
"Mason","0","15","West Virginia","5/17/20","13","2","54053","15.38"
"McDowell","0","6","West Virginia","5/17/20","6","0","54047","0"
"Mercer","0","12","West Virginia","5/17/20","11","1","54055","9.09"
"Mineral","1","28","West Virginia","5/17/20","23","5","54057","21.74"
"Mingo","0","4","West Virginia","5/17/20","2","2","54059","100"
"Monongalia","0","117","West Virginia","5/17/20","114","3","54061","2.63"
"Monroe","0","6","West Virginia","5/17/20","6","0","54063","0"
"Morgan","0","17","West Virginia","5/17/20","16","1","54065","6.25"
"Nicholas","0","9","West Virginia","5/17/20","8","1","54067","12.5"
"Ohio","0","38","West Virginia","5/17/20","37","1","54069","2.7"
"Pendleton","0","5","West Virginia","5/17/20","5","0","54071","0"
"Pleasants","0","2","West Virginia","5/17/20","2","0","54073","0"
"Pocahontas","1","8","West Virginia","5/17/20","2","6","54075","300"
"Preston","0","15","West Virginia","5/17/20","14","1","54077","7.14"
"Putnam","0","29","West Virginia","5/17/20","27","2","54079","7.41"
"Raleigh","0","10","West Virginia","5/17/20","9","1","54081","11.11"
"Randolph","0","7","West Virginia","5/17/20","5","2","54083","40"
"Ritchie","0","1","West Virginia","5/17/20","1","0","54085","0"
"Roane","0","9","West Virginia","5/17/20","8","1","54087","12.5"
"Summers","0","1","West Virginia","5/17/20","1","0","54089","0"
"Taylor","0","8","West Virginia","5/17/20","8","0","54091","0"
"Tucker","0","4","West Virginia","5/17/20","4","0","54093","0"
"Tyler","0","3","West Virginia","5/17/20","3","0","54095","0"
"Upshur","0","6","West Virginia","5/17/20","5","1","54097","20"
"Wayne","0","96","West Virginia","5/17/20","93","3","54099","3.23"
"Wetzel","0","7","West Virginia","5/17/20","6","1","54103","16.67"
"Wirt","0","3","West Virginia","5/17/20","3","0","54105","0"
"Wood","1","47","West Virginia","5/17/20","43","4","54107","9.3"
"Wyoming","0","2","West Virginia","5/17/20","1","1","54109","100"
"Adams","0","4","Wisconsin","5/17/20","4","0","55001","0"
"Ashland","0","2","Wisconsin","5/17/20","2","0","55003","0"
"Barron","0","11","Wisconsin","5/17/20","12","-1","55005","-8.33"
"Bayfield","0","3","Wisconsin","5/17/20","3","0","55007","0"
"Brown","28","2096","Wisconsin","5/17/20","1897","199","55009","10.49"
"Buffalo","0","5","Wisconsin","5/17/20","5","0","55011","0"
"Burnett","0","1","Wisconsin","5/17/20","0","1","55013","1"
"Calumet","2","57","Wisconsin","5/17/20","40","17","55015","42.5"
"Chippewa","1","39","Wisconsin","5/17/20","29","10","55017","34.48"
"Clark","1","28","Wisconsin","5/17/20","24","4","55019","16.67"
"Columbia","1","36","Wisconsin","5/17/20","32","4","55021","12.5"
"Crawford","1","22","Wisconsin","5/17/20","17","5","55023","29.41"
"Dane","9","537","Wisconsin","5/17/20","472","65","55025","13.77"
"Dodge","5","105","Wisconsin","5/17/20","67","38","55027","56.72"
"Door","2","33","Wisconsin","5/17/20","21","12","55029","57.14"
"Douglas","0","12","Wisconsin","5/17/20","11","1","55031","9.09"
"Dunn","1","21","Wisconsin","5/17/20","14","7","55033","50"
"Eau Claire","2","66","Wisconsin","5/17/20","54","12","55035","22.22"
"Florence","0","2","Wisconsin","5/17/20","2","0","55037","0"
"Fond du Lac","7","139","Wisconsin","5/17/20","93","46","55039","49.46"
"Forest","1","9","Wisconsin","5/17/20","3","6","55041","200"
"Grant","1","72","Wisconsin","5/17/20","68","4","55043","5.88"
"Green","2","44","Wisconsin","5/17/20","33","11","55045","33.33"
"Green Lake","0","11","Wisconsin","5/17/20","8","3","55047","37.5"
"Iowa","0","11","Wisconsin","5/17/20","10","1","55049","10"
"Iron","0","2","Wisconsin","5/17/20","2","0","55051","0"
"Jackson","0","15","Wisconsin","5/17/20","14","1","55053","7.14"
"Jefferson","1","60","Wisconsin","5/17/20","50","10","55055","20"
"Juneau","0","21","Wisconsin","5/17/20","21","0","55057","0"
"Kenosha","22","838","Wisconsin","5/17/20","682","156","55059","22.87"
"Kewaunee","0","30","Wisconsin","5/17/20","29","1","55061","3.45"
"La Crosse","2","45","Wisconsin","5/17/20","33","12","55063","36.36"
"Lafayette","0","16","Wisconsin","5/17/20","13","3","55065","23.08"
"Lincoln","0","3","Wisconsin","5/17/20","1","2","55069","200"
"Manitowoc","0","22","Wisconsin","5/17/20","19","3","55071","15.79"
"Marathon","1","33","Wisconsin","5/17/20","24","9","55073","37.5"
"Marinette","1","24","Wisconsin","5/17/20","16","8","55075","50"
"Marquette","0","3","Wisconsin","5/17/20","3","0","55077","0"
"Menominee","0","2","Wisconsin","5/17/20","2","0","55078","0"
"Milwaukee","142","4945","Wisconsin","5/17/20","3952","993","55079","25.13"
"Monroe","0","15","Wisconsin","5/17/20","14","1","55081","7.14"
"Oconto","0","30","Wisconsin","5/17/20","27","3","55083","11.11"
"Oneida","0","7","Wisconsin","5/17/20","7","0","55085","0"
"Outagamie","4","139","Wisconsin","5/17/20","112","27","55087","24.11"
"Ozaukee","2","122","Wisconsin","5/17/20","105","17","55089","16.19"
"Pepin","0","1","Wisconsin","5/17/20","0","1","55091","1"
"Pierce","1","20","Wisconsin","5/17/20","12","8","55093","66.67"
"Polk","0","6","Wisconsin","5/17/20","5","1","55095","20"
"Portage","0","7","Wisconsin","5/17/20","7","0","55097","0"
"Price","0","1","Wisconsin","5/17/20","1","0","55099","0"
"Racine","45","1017","Wisconsin","5/17/20","704","313","55101","44.46"
"Richland","0","14","Wisconsin","5/17/20","13","1","55103","7.69"
"Rock","11","429","Wisconsin","5/17/20","354","75","55105","21.19"
"Rusk","0","4","Wisconsin","5/17/20","4","0","55107","0"
"Sauk","1","77","Wisconsin","5/17/20","71","6","55111","8.45"
"Sawyer","0","4","Wisconsin","5/17/20","4","0","55113","0"
"Shawano","1","31","Wisconsin","5/17/20","22","9","55115","40.91"
"Sheboygan","0","69","Wisconsin","5/17/20","66","3","55117","4.55"
"St. Croix","2","44","Wisconsin","5/17/20","27","17","55109","62.96"
"Trempealeau","1","10","Wisconsin","5/17/20","5","5","55121","100"
"Vernon","1","11","Wisconsin","5/17/20","3","8","55123","266.67"
"Vilas","0","4","Wisconsin","5/17/20","4","0","55125","0"
"Walworth","6","280","Wisconsin","5/17/20","235","45","55127","19.15"
"Washburn","0","1","Wisconsin","5/17/20","1","0","55129","0"
"Washington","4","148","Wisconsin","5/17/20","117","31","55131","26.5"
"Waukesha","11","476","Wisconsin","5/17/20","400","76","55133","19"
"Waupaca","1","17","Wisconsin","5/17/20","13","4","55135","30.77"
"Waushara","0","5","Wisconsin","5/17/20","4","1","55137","25"
"Winnebago","4","123","Wisconsin","5/17/20","98","25","55139","25.51"
"Wood","1","6","Wisconsin","5/17/20","2","4","55141","200"
"Albany","0","9","Wyoming","5/17/20","8","1","56001","12.5"
"Big Horn","0","3","Wyoming","5/17/20","3","0","56003","0"
"Campbell","0","29","Wyoming","5/17/20","29","0","56005","0"
"Carbon","1","14","Wyoming","5/17/20","5","9","56007","180"
"Converse","0","23","Wyoming","5/17/20","23","0","56009","0"
"Crook","0","5","Wyoming","5/17/20","5","0","56011","0"
"Fremont","5","223","Wyoming","5/17/20","187","36","56013","19.25"
"Goshen","0","5","Wyoming","5/17/20","5","0","56015","0"
"Hot Springs","0","6","Wyoming","5/17/20","3","3","56017","100"
"Johnson","0","15","Wyoming","5/17/20","15","0","56019","0"
"Laramie","2","181","Wyoming","5/17/20","164","17","56021","10.37"
"Lincoln","0","14","Wyoming","5/17/20","11","3","56023","27.27"
"Natrona","1","56","Wyoming","5/17/20","48","8","56025","16.67"
"Niobrara","0","2","Wyoming","5/17/20","2","0","56027","0"
"Park","0","1","Wyoming","5/17/20","1","0","56029","0"
"Sheridan","0","16","Wyoming","5/17/20","16","0","56033","0"
"Sublette","0","3","Wyoming","5/17/20","3","0","56035","0"
"Sweetwater","1","23","Wyoming","5/17/20","19","4","56037","21.05"
"Teton","0","100","Wyoming","5/17/20","98","2","56039","2.04"
"Uinta","0","10","Wyoming","5/17/20","9","1","56041","11.11"
"Washakie","1","16","Wyoming","5/17/20","8","8","56043","100"
