"Locality","DailyAvgNewCasesPast7Days","TotalCases","State","Date","TotalCases7DaysAgo","NewCasesPast7Days","FIPS-Code","PercentIncreaseTotalCasesPast7Days"
"Autauga","5","103","Alabama","5/15/20","67","36","01001","53.73"
"Baldwin","5","244","Alabama","5/15/20","208","36","01003","17.31"
"Barbour","4","79","Alabama","5/15/20","53","26","01005","49.06"
"Bibb","1","49","Alabama","5/15/20","44","5","01007","11.36"
"Blount","0","45","Alabama","5/15/20","44","1","01009","2.27"
"Bullock","2","32","Alabama","5/15/20","21","11","01011","52.38"
"Butler","14","258","Alabama","5/15/20","162","96","01013","59.26"
"Calhoun","1","129","Alabama","5/15/20","123","6","01015","4.88"
"Chambers","2","326","Alabama","5/15/20","311","15","01017","4.82"
"Cherokee","1","26","Alabama","5/15/20","21","5","01019","23.81"
"Chilton","2","75","Alabama","5/15/20","63","12","01021","19.05"
"Choctaw","3","81","Alabama","5/15/20","59","22","01023","37.29"
"Clarke","2","70","Alabama","5/15/20","53","17","01025","32.08"
"Clay","0","27","Alabama","5/15/20","26","1","01027","3.85"
"Cleburne","0","13","Alabama","5/15/20","13","0","01029","0"
"Coffee","3","162","Alabama","5/15/20","143","19","01031","13.29"
"Colbert","3","83","Alabama","5/15/20","63","20","01033","31.75"
"Conecuh","1","18","Alabama","5/15/20","12","6","01035","50"
"Coosa","0","34","Alabama","5/15/20","31","3","01037","9.68"
"Covington","1","56","Alabama","5/15/20","50","6","01039","12"
"Crenshaw","3","53","Alabama","5/15/20","33","20","01041","60.61"
"Cullman","1","68","Alabama","5/15/20","62","6","01043","9.68"
"Dale","2","57","Alabama","5/15/20","40","17","01045","42.5"
"Dallas","6","137","Alabama","5/15/20","95","42","01047","44.21"
"DeKalb","8","190","Alabama","5/15/20","136","54","01049","39.71"
"Elmore","7","178","Alabama","5/15/20","130","48","01051","36.92"
"Escambia","1","39","Alabama","5/15/20","35","4","01053","11.43"
"Etowah","5","199","Alabama","5/15/20","166","33","01055","19.88"
"Fayette","0","9","Alabama","5/15/20","7","2","01057","28.57"
"Franklin","15","309","Alabama","5/15/20","202","107","01059","52.97"
"Geneva","1","19","Alabama","5/15/20","12","7","01061","58.33"
"Greene","1","79","Alabama","5/15/20","70","9","01063","12.86"
"Hale","2","79","Alabama","5/15/20","62","17","01065","27.42"
"Henry","1","37","Alabama","5/15/20","27","10","01067","37.04"
"Houston","4","129","Alabama","5/15/20","102","27","01069","26.47"
"Jackson","0","61","Alabama","5/15/20","59","2","01071","3.39"
"Jefferson","23","1258","Alabama","5/15/20","1094","164","01073","14.99"
"Lamar","0","14","Alabama","5/15/20","13","1","01075","7.69"
"Lauderdale","3","110","Alabama","5/15/20","87","23","01077","26.44"
"Lawrence","1","29","Alabama","5/15/20","21","8","01079","38.1"
"Lee","4","444","Alabama","5/15/20","419","25","01081","5.97"
"Limestone","1","64","Alabama","5/15/20","55","9","01083","16.36"
"Lowndes","5","122","Alabama","5/15/20","88","34","01085","38.64"
"Macon","2","55","Alabama","5/15/20","44","11","01087","25"
"Madison","4","274","Alabama","5/15/20","244","30","01089","12.3"
"Marengo","4","101","Alabama","5/15/20","76","25","01091","32.89"
"Marion","1","101","Alabama","5/15/20","95","6","01093","6.32"
"Marshall","12","612","Alabama","5/15/20","525","87","01095","16.57"
"Mobile","35","1653","Alabama","5/15/20","1407","246","01097","17.48"
"Monroe","0","18","Alabama","5/15/20","15","3","01099","20"
"Montgomery","36","787","Alabama","5/15/20","533","254","01101","47.65"
"Morgan","3","109","Alabama","5/15/20","87","22","01103","25.29"
"Perry","0","20","Alabama","5/15/20","18","2","01105","11.11"
"Pickens","1","73","Alabama","5/15/20","63","10","01107","15.87"
"Pike","3","105","Alabama","5/15/20","87","18","01109","20.69"
"Randolph","3","119","Alabama","5/15/20","100","19","01111","19"
"Russell","3","96","Alabama","5/15/20","73","23","01113","31.51"
"Shelby","5","391","Alabama","5/15/20","358","33","01117","9.22"
"St. Clair","1","88","Alabama","5/15/20","79","9","01115","11.39"
"Sumter","4","120","Alabama","5/15/20","93","27","01119","29.03"
"Talladega","0","75","Alabama","5/15/20","72","3","01121","4.17"
"Tallapoosa","5","351","Alabama","5/15/20","315","36","01123","11.43"
"Tuscaloosa","9","332","Alabama","5/15/20","269","63","01125","23.42"
"Walker","2","119","Alabama","5/15/20","105","14","01127","13.33"
"Washington","2","60","Alabama","5/15/20","48","12","01129","25"
"Wilcox","2","92","Alabama","5/15/20","77","15","01131","19.48"
"Winston","1","28","Alabama","5/15/20","20","8","01133","40"
"Anchorage","1","199","Alaska","5/15/20","194","5","02020","2.58"
"Bethel","0","1","Alaska","5/15/20","1","0","02050","0"
"Fairbanks North Star","0","84","Alaska","5/15/20","83","1","02090","1.2"
"Juneau","0","29","Alaska","5/15/20","27","2","02110","7.41"
"Kenai Peninsula","0","24","Alaska","5/15/20","23","1","02122","4.35"
"Ketchikan Gateway","0","16","Alaska","5/15/20","16","0","02130","0"
"Kodiak Island","0","1","Alaska","5/15/20","1","0","02150","0"
"Matanuska-Susitna","0","21","Alaska","5/15/20","21","0","02170","0"
"Nome","0","1","Alaska","5/15/20","1","0","02180","0"
"Petersburg","0","4","Alaska","5/15/20","4","0","02195","0"
"Prince of Wales-Hyder","0","2","Alaska","5/15/20","2","0","02198","0"
"Sitka","0","1","Alaska","5/15/20","1","0","02220","0"
"Southeast Fairbanks","0","3","Alaska","5/15/20","2","1","02240","50"
"Yukon-Koyukuk","0","1","Alaska","5/15/20","1","0","02290","0"
"Apache","37","927","Arizona","5/15/20","671","256","04001","38.15"
"Cochise","1","45","Arizona","5/15/20","41","4","04003","9.76"
"Coconino","23","823","Arizona","5/15/20","659","164","04005","24.89"
"Gila","0","22","Arizona","5/15/20","19","3","04007","15.79"
"Graham","0","21","Arizona","5/15/20","18","3","04009","16.67"
"Greenlee","0","2","Arizona","5/15/20","2","0","04011","0"
"La Paz","2","36","Arizona","5/15/20","22","14","04012","63.64"
"Maricopa","185","6821","Arizona","5/15/20","5525","1296","04013","23.46"
"Mohave","10","242","Arizona","5/15/20","171","71","04015","41.52"
"Navajo","33","1177","Arizona","5/15/20","945","232","04017","24.55"
"Pima","33","1750","Arizona","5/15/20","1520","230","04019","15.13"
"Pinal","15","670","Arizona","5/15/20","566","104","04021","18.37"
"Santa Cruz","4","69","Arizona","5/15/20","38","31","04023","81.58"
"Yavapai","12","254","Arizona","5/15/20","170","84","04025","49.41"
"Yuma","22","310","Arizona","5/15/20","159","151","04027","94.97"
"Arkansas","0","2","Arkansas","5/15/20","2","0","05001","0"
"Ashley","0","18","Arkansas","5/15/20","17","1","05003","5.88"
"Baxter","0","6","Arkansas","5/15/20","5","1","05005","20"
"Benton","3","139","Arkansas","5/15/20","116","23","05007","19.83"
"Boone","0","4","Arkansas","5/15/20","4","0","05009","0"
"Bradley","0","13","Arkansas","5/15/20","11","2","05011","18.18"
"Carroll","0","6","Arkansas","5/15/20","6","0","05015","0"
"Chicot","0","10","Arkansas","5/15/20","10","0","05017","0"
"Clark","0","35","Arkansas","5/15/20","32","3","05019","9.38"
"Clay","0","3","Arkansas","5/15/20","3","0","05021","0"
"Cleburne","0","72","Arkansas","5/15/20","72","0","05023","0"
"Cleveland","0","16","Arkansas","5/15/20","13","3","05025","23.08"
"Columbia","0","15","Arkansas","5/15/20","15","0","05027","0"
"Conway","0","14","Arkansas","5/15/20","13","1","05029","7.69"
"Craighead","5","130","Arkansas","5/15/20","92","38","05031","41.3"
"Crawford","1","9","Arkansas","5/15/20","5","4","05033","80"
"Crittenden","3","229","Arkansas","5/15/20","205","24","05035","11.71"
"Cross","1","35","Arkansas","5/15/20","27","8","05037","29.63"
"Dallas","0","1","Arkansas","5/15/20","1","0","05039","0"
"Desha","0","18","Arkansas","5/15/20","16","2","05041","12.5"
"Drew","0","19","Arkansas","5/15/20","19","0","05043","0"
"Faulkner","1","88","Arkansas","5/15/20","81","7","05045","8.64"
"Franklin","0","2","Arkansas","5/15/20","2","0","05047","0"
"Fulton","0","3","Arkansas","5/15/20","3","0","05049","0"
"Garland","1","127","Arkansas","5/15/20","118","9","05051","7.63"
"Grant","0","16","Arkansas","5/15/20","15","1","05053","6.67"
"Greene","0","24","Arkansas","5/15/20","22","2","05055","9.09"
"Hempstead","0","9","Arkansas","5/15/20","7","2","05057","28.57"
"Hot Spring","1","29","Arkansas","5/15/20","22","7","05059","31.82"
"Howard","0","14","Arkansas","5/15/20","14","0","05061","0"
"Independence","2","23","Arkansas","5/15/20","12","11","05063","91.67"
"Izard","0","13","Arkansas","5/15/20","11","2","05065","18.18"
"Jackson","0","1","Arkansas","5/15/20","1","0","05067","0"
"Jefferson","12","310","Arkansas","5/15/20","226","84","05069","37.17"
"Johnson","0","35","Arkansas","5/15/20","34","1","05071","2.94"
"Lafayette","0","9","Arkansas","5/15/20","9","0","05073","0"
"Lawrence","0","72","Arkansas","5/15/20","69","3","05075","4.35"
"Lee","1","10","Arkansas","5/15/20","4","6","05077","150"
"Lincoln","6","952","Arkansas","5/15/20","907","45","05079","4.96"
"Logan","0","4","Arkansas","5/15/20","3","1","05083","33.33"
"Lonoke","0","45","Arkansas","5/15/20","44","1","05085","2.27"
"Madison","0","1","Arkansas","5/15/20","1","0","05087","0"
"Marion","0","1","Arkansas","5/15/20","1","0","05089","0"
"Miller","1","42","Arkansas","5/15/20","36","6","05091","16.67"
"Mississippi","2","58","Arkansas","5/15/20","47","11","05093","23.4"
"Monroe","0","5","Arkansas","5/15/20","4","1","05095","25"
"Montgomery","0","1","Arkansas","5/15/20","1","0","05097","0"
"Nevada","0","4","Arkansas","5/15/20","3","1","05099","33.33"
"Newton","0","3","Arkansas","5/15/20","3","0","05101","0"
"Ouachita","0","9","Arkansas","5/15/20","8","1","05103","12.5"
"Perry","1","12","Arkansas","5/15/20","7","5","05105","71.43"
"Phillips","0","4","Arkansas","5/15/20","4","0","05107","0"
"Pike","0","3","Arkansas","5/15/20","3","0","05109","0"
"Poinsett","0","25","Arkansas","5/15/20","25","0","05111","0"
"Polk","0","7","Arkansas","5/15/20","7","0","05113","0"
"Pope","2","61","Arkansas","5/15/20","47","14","05115","29.79"
"Prairie","0","2","Arkansas","5/15/20","2","0","05117","0"
"Pulaski","9","669","Arkansas","5/15/20","603","66","05119","10.95"
"Randolph","0","22","Arkansas","5/15/20","21","1","05121","4.76"
"Saline","1","80","Arkansas","5/15/20","72","8","05125","11.11"
"Scott","0","1","Arkansas","5/15/20","1","0","05127","0"
"Searcy","0","6","Arkansas","5/15/20","6","0","05129","0"
"Sebastian","0","15","Arkansas","5/15/20","14","1","05131","7.14"
"Sevier","1","25","Arkansas","5/15/20","16","9","05133","56.25"
"Sharp","4","37","Arkansas","5/15/20","8","29","05135","362.5"
"St. Francis","32","333","Arkansas","5/15/20","108","225","05123","208.33"
"Stone","0","8","Arkansas","5/15/20","8","0","05137","0"
"Union","5","105","Arkansas","5/15/20","73","32","05139","43.84"
"Van Buren","0","28","Arkansas","5/15/20","28","0","05141","0"
"Washington","4","131","Arkansas","5/15/20","105","26","05143","24.76"
"White","0","36","Arkansas","5/15/20","35","1","05145","2.86"
"Woodruff","0","1","Arkansas","5/15/20","1","0","05147","0"
"Yell","0","9","Arkansas","5/15/20","7","2","05149","28.57"
"Alameda","58","2367","California","5/15/20","1961","406","06001","20.7"
"Alpine","0","2","California","5/15/20","2","0","06003","0"
"Amador","0","9","California","5/15/20","8","1","06005","12.5"
"Butte","1","22","California","5/15/20","18","4","06007","22.22"
"Calaveras","0","13","California","5/15/20","13","0","06009","0"
"Colusa","0","3","California","5/15/20","3","0","06011","0"
"Contra Costa","12","1100","California","5/15/20","1014","86","06013","8.48"
"Del Norte","0","4","California","5/15/20","3","1","06015","33.33"
"El Dorado","1","64","California","5/15/20","54","10","06017","18.52"
"Fresno","37","1074","California","5/15/20","813","261","06019","32.1"
"Glenn","0","9","California","5/15/20","6","3","06021","50"
"Humboldt","2","68","California","5/15/20","55","13","06023","23.64"
"Imperial","39","786","California","5/15/20","512","274","06025","53.52"
"Inyo","0","19","California","5/15/20","19","0","06027","0"
"Kern","37","1428","California","5/15/20","1166","262","06029","22.47"
"Kings","16","358","California","5/15/20","244","114","06031","46.72"
"Lake","0","8","California","5/15/20","8","0","06033","0"
"Los Angeles","857","36316","California","5/15/20","30319","5997","06037","19.78"
"Madera","1","69","California","5/15/20","62","7","06039","11.29"
"Marin","3","279","California","5/15/20","255","24","06041","9.41"
"Mariposa","0","15","California","5/15/20","15","0","06043","0"
"Mendocino","0","13","California","5/15/20","12","1","06045","8.33"
"Merced","5","189","California","5/15/20","157","32","06047","20.38"
"Mono","1","33","California","5/15/20","28","5","06051","17.86"
"Monterey","10","317","California","5/15/20","250","67","06053","26.8"
"Napa","1","83","California","5/15/20","78","5","06055","6.41"
"Nevada","0","41","California","5/15/20","41","0","06057","0"
"Orange","126","4125","California","5/15/20","3240","885","06059","27.31"
"Placer","1","174","California","5/15/20","165","9","06061","5.45"
"Plumas","0","4","California","5/15/20","4","0","06063","0"
"Riverside","123","5618","California","5/15/20","4756","862","06065","18.12"
"Sacramento","7","1211","California","5/15/20","1160","51","06067","4.4"
"San Benito","1","59","California","5/15/20","54","5","06069","9.26"
"San Bernardino","97","3311","California","5/15/20","2629","682","06071","25.94"
"San Diego","137","5391","California","5/15/20","4429","962","06073","21.72"
"San Francisco","25","2026","California","5/15/20","1853","173","06075","9.34"
"San Joaquin","9","659","California","5/15/20","597","62","06077","10.39"
"San Luis Obispo","4","240","California","5/15/20","211","29","06079","13.74"
"San Mateo","25","1575","California","5/15/20","1397","178","06081","12.74"
"Santa Barbara","95","1387","California","5/15/20","722","665","06083","92.11"
"Santa Clara","14","2391","California","5/15/20","2290","101","06085","4.41"
"Santa Cruz","1","149","California","5/15/20","140","9","06087","6.43"
"Shasta","0","33","California","5/15/20","31","2","06089","6.45"
"Siskiyou","0","5","California","5/15/20","5","0","06093","0"
"Solano","9","408","California","5/15/20","342","66","06095","19.3"
"Sonoma","8","351","California","5/15/20","292","59","06097","20.21"
"Stanislaus","9","537","California","5/15/20","476","61","06099","12.82"
"Sutter","1","37","California","5/15/20","31","6","06101","19.35"
"Tehama","0","1","California","5/15/20","1","0","06103","0"
"Trinity","0","1","California","5/15/20","0","1","06105","1"
"Tulare","46","1338","California","5/15/20","1013","325","06107","32.08"
"Tuolumne","0","2","California","5/15/20","2","0","06109","0"
"Ventura","19","764","California","5/15/20","631","133","06111","21.08"
"Yolo","1","182","California","5/15/20","172","10","06113","5.81"
"Yuba","1","25","California","5/15/20","20","5","06115","25"
"Adams","58","2520","Colorado","5/15/20","2117","403","08001","19.04"
"Alamosa","2","38","Colorado","5/15/20","25","13","08003","52"
"Arapahoe","62","3583","Colorado","5/15/20","3148","435","08005","13.82"
"Archuleta","0","8","Colorado","5/15/20","8","0","08007","0"
"Baca","0","12","Colorado","5/15/20","12","0","08009","0"
"Bent","0","1","Colorado","5/15/20","0","1","08011","1"
"Boulder","12","825","Colorado","5/15/20","743","82","08013","11.04"
"Broomfield","2","207","Colorado","5/15/20","191","16","08014","8.38"
"Chaffee","0","69","Colorado","5/15/20","68","1","08015","1.47"
"Cheyenne","0","5","Colorado","5/15/20","2","3","08017","150"
"Clear Creek","0","15","Colorado","5/15/20","14","1","08019","7.14"
"Conejos","0","1","Colorado","5/15/20","1","0","08021","0"
"Costilla","0","4","Colorado","5/15/20","3","1","08023","33.33"
"Crowley","2","39","Colorado","5/15/20","25","14","08025","56"
"Custer","0","2","Colorado","5/15/20","2","0","08027","0"
"Delta","0","54","Colorado","5/15/20","54","0","08029","0"
"Denver","80","4452","Colorado","5/15/20","3892","560","08031","14.39"
"Douglas","7","632","Colorado","5/15/20","584","48","08035","8.22"
"Eagle","2","566","Colorado","5/15/20","555","11","08037","1.98"
"El Paso","22","1251","Colorado","5/15/20","1097","154","08041","14.04"
"Elbert","0","42","Colorado","5/15/20","39","3","08039","7.69"
"Fremont","0","25","Colorado","5/15/20","23","2","08043","8.7"
"Garfield","2","113","Colorado","5/15/20","102","11","08045","10.78"
"Gilpin","0","3","Colorado","5/15/20","1","2","08047","200"
"Grand","0","5","Colorado","5/15/20","5","0","08049","0"
"Gunnison","1","182","Colorado","5/15/20","173","9","08051","5.2"
"Hinsdale","0","3","Colorado","5/15/20","3","0","08053","0"
"Huerfano","0","3","Colorado","5/15/20","3","0","08055","0"
"Jefferson","29","1775","Colorado","5/15/20","1574","201","08059","12.77"
"Kit Carson","0","26","Colorado","5/15/20","24","2","08063","8.33"
"La Plata","0","66","Colorado","5/15/20","64","2","08067","3.12"
"Lake","0","24","Colorado","5/15/20","23","1","08065","4.35"
"Larimer","5","472","Colorado","5/15/20","437","35","08069","8.01"
"Las Animas","0","4","Colorado","5/15/20","4","0","08071","0"
"Lincoln","0","3","Colorado","5/15/20","3","0","08073","0"
"Logan","19","483","Colorado","5/15/20","350","133","08075","38"
"Mesa","0","50","Colorado","5/15/20","50","0","08077","0"
"Mineral","0","2","Colorado","5/15/20","2","0","08079","0"
"Moffat","0","6","Colorado","5/15/20","6","0","08081","0"
"Montezuma","0","26","Colorado","5/15/20","23","3","08083","13.04"
"Montrose","1","131","Colorado","5/15/20","121","10","08085","8.26"
"Morgan","11","542","Colorado","5/15/20","463","79","08087","17.06"
"Otero","0","11","Colorado","5/15/20","10","1","08089","10"
"Ouray","0","7","Colorado","5/15/20","6","1","08091","16.67"
"Park","0","16","Colorado","5/15/20","15","1","08093","6.67"
"Phillips","0","10","Colorado","5/15/20","7","3","08095","42.86"
"Pitkin","0","56","Colorado","5/15/20","54","2","08097","3.7"
"Prowers","0","10","Colorado","5/15/20","8","2","08099","25"
"Pueblo","4","195","Colorado","5/15/20","170","25","08101","14.71"
"Rio Blanco","0","1","Colorado","5/15/20","1","0","08103","0"
"Rio Grande","0","7","Colorado","5/15/20","7","0","08105","0"
"Routt","0","59","Colorado","5/15/20","58","1","08107","1.72"
"Saguache","2","16","Colorado","5/15/20","4","12","08109","300"
"San Juan","0","1","Colorado","5/15/20","1","0","08111","0"
"San Miguel","0","22","Colorado","5/15/20","20","2","08113","10"
"Summit","3","178","Colorado","5/15/20","156","22","08117","14.1"
"Teller","0","31","Colorado","5/15/20","30","1","08119","3.33"
"Washington","0","9","Colorado","5/15/20","9","0","08121","0"
"Weld","25","2260","Colorado","5/15/20","2087","173","08123","8.29"
"Yuma","0","12","Colorado","5/15/20","10","2","08125","20"
"Fairfield","161","14009","Connecticut","5/15/20","12879","1130","09001","8.77"
"Hartford","175","8126","Connecticut","5/15/20","6904","1222","09003","17.7"
"Litchfield","13","1218","Connecticut","5/15/20","1130","88","09005","7.79"
"Middlesex","16","885","Connecticut","5/15/20","775","110","09007","14.19"
"New Haven","142","9881","Connecticut","5/15/20","8887","994","09009","11.18"
"New London","13","844","Connecticut","5/15/20","755","89","09011","11.79"
"Tolland","8","583","Connecticut","5/15/20","530","53","09013","10"
"Windham","7","301","Connecticut","5/15/20","249","52","09015","20.88"
"Kent","26","1146","Delaware","5/15/20","963","183","10001","19"
"New Castle","62","2619","Delaware","5/15/20","2184","435","10003","19.92"
"Sussex","90","3565","Delaware","5/15/20","2936","629","10005","21.42"
"","0","49","Diamond Princess","5/15/20","49","0",,"0"
"District of Columbia","139","6871","District of Columbia","5/15/20","5899","972","11001","16.48"
"Alachua","3","330","Florida","5/15/20","306","24","12001","7.84"
"Baker","0","26","Florida","5/15/20","24","2","12003","8.33"
"Bay","1","80","Florida","5/15/20","76","4","12005","5.26"
"Bradford","0","49","Florida","5/15/20","48","1","12007","2.08"
"Brevard","4","356","Florida","5/15/20","326","30","12009","9.2"
"Broward","64","6133","Florida","5/15/20","5688","445","12011","7.82"
"Calhoun","2","38","Florida","5/15/20","24","14","12013","58.33"
"Charlotte","8","367","Florida","5/15/20","312","55","12015","17.63"
"Citrus","1","110","Florida","5/15/20","102","8","12017","7.84"
"Clay","2","308","Florida","5/15/20","293","15","12019","5.12"
"Collier","29","915","Florida","5/15/20","712","203","12021","28.51"
"Columbia","1","108","Florida","5/15/20","102","6","12023","5.88"
"DeSoto","3","61","Florida","5/15/20","42","19","12027","45.24"
"Dixie","1","22","Florida","5/15/20","12","10","12029","83.33"
"Duval","23","1252","Florida","5/15/20","1088","164","12031","15.07"
"Escambia","9","682","Florida","5/15/20","618","64","12033","10.36"
"Flagler","1","153","Florida","5/15/20","147","6","12035","4.08"
"Franklin","0","2","Florida","5/15/20","2","0","12037","0"
"Gadsden","8","180","Florida","5/15/20","123","57","12039","46.34"
"Gilchrist","0","7","Florida","5/15/20","6","1","12041","16.67"
"Glades","1","10","Florida","5/15/20","6","4","12043","66.67"
"Gulf","0","1","Florida","5/15/20","1","0","12045","0"
"Hamilton","19","144","Florida","5/15/20","8","136","12047","1700"
"Hardee","1","39","Florida","5/15/20","35","4","12049","11.43"
"Hendry","7","180","Florida","5/15/20","133","47","12051","35.34"
"Hernando","1","105","Florida","5/15/20","98","7","12053","7.14"
"Highlands","1","103","Florida","5/15/20","93","10","12055","10.75"
"Hillsborough","28","1568","Florida","5/15/20","1371","197","12057","14.37"
"Holmes","0","11","Florida","5/15/20","10","1","12059","10"
"Indian River","1","104","Florida","5/15/20","100","4","12061","4"
"Jackson","7","125","Florida","5/15/20","74","51","12063","68.92"
"Jefferson","0","28","Florida","5/15/20","28","0","12065","0"
"Lafayette","0","5","Florida","5/15/20","3","2","12067","66.67"
"Lake","2","249","Florida","5/15/20","237","12","12069","5.06"
"Lee","24","1385","Florida","5/15/20","1219","166","12071","13.62"
"Leon","4","276","Florida","5/15/20","249","27","12073","10.84"
"Levy","1","24","Florida","5/15/20","20","4","12075","20"
"Liberty","0","199","Florida","5/15/20","196","3","12077","1.53"
"Madison","0","62","Florida","5/15/20","61","1","12079","1.64"
"Manatee","12","826","Florida","5/15/20","742","84","12081","11.32"
"Marion","2","218","Florida","5/15/20","202","16","12083","7.92"
"Martin","7","294","Florida","5/15/20","243","51","12085","20.99"
"Miami-Dade","192","15011","Florida","5/15/20","13664","1347","12086","9.86"
"Monroe","2","95","Florida","5/15/20","80","15","12087","18.75"
"Nassau","1","65","Florida","5/15/20","60","5","12089","8.33"
"Okaloosa","1","174","Florida","5/15/20","165","9","12091","5.45"
"Okeechobee","1","33","Florida","5/15/20","23","10","12093","43.48"
"Orange","20","1615","Florida","5/15/20","1478","137","12095","9.27"
"Osceola","8","608","Florida","5/15/20","554","54","12097","9.75"
"Palm Beach","111","4391","Florida","5/15/20","3615","776","12099","21.47"
"Pasco","3","313","Florida","5/15/20","291","22","12101","7.56"
"Pinellas","24","997","Florida","5/15/20","828","169","12103","20.41"
"Polk","16","716","Florida","5/15/20","601","115","12105","19.13"
"Putnam","1","127","Florida","5/15/20","120","7","12107","5.83"
"Santa Rosa","3","182","Florida","5/15/20","162","20","12113","12.35"
"Sarasota","11","496","Florida","5/15/20","416","80","12115","19.23"
"Seminole","3","429","Florida","5/15/20","410","19","12117","4.63"
"St. Johns","1","231","Florida","5/15/20","223","8","12109","3.59"
"St. Lucie","5","313","Florida","5/15/20","275","38","12111","13.82"
"Sumter","2","250","Florida","5/15/20","239","11","12119","4.6"
"Suwannee","1","151","Florida","5/15/20","145","6","12121","4.14"
"Taylor","0","3","Florida","5/15/20","3","0","12123","0"
"Union","1","14","Florida","5/15/20","5","9","12125","180"
"Volusia","8","590","Florida","5/15/20","537","53","12127","9.87"
"Wakulla","0","31","Florida","5/15/20","29","2","12129","6.9"
"Walton","4","76","Florida","5/15/20","51","25","12131","49.02"
"Washington","0","14","Florida","5/15/20","12","2","12133","16.67"
"Appling","3","108","Georgia","5/15/20","89","19","13001","21.35"
"Atkinson","0","20","Georgia","5/15/20","20","0","13003","0"
"Bacon","3","59","Georgia","5/15/20","35","24","13005","68.57"
"Baker","0","33","Georgia","5/15/20","31","2","13007","6.45"
"Baldwin","2","282","Georgia","5/15/20","271","11","13009","4.06"
"Banks","1","43","Georgia","5/15/20","35","8","13011","22.86"
"Barrow","9","258","Georgia","5/15/20","192","66","13013","34.38"
"Bartow","3","385","Georgia","5/15/20","361","24","13015","6.65"
"Ben Hill","1","45","Georgia","5/15/20","39","6","13017","15.38"
"Berrien","0","20","Georgia","5/15/20","19","1","13019","5.26"
"Bibb","1","391","Georgia","5/15/20","384","7","13021","1.82"
"Bleckley","1","33","Georgia","5/15/20","26","7","13023","26.92"
"Brantley","2","35","Georgia","5/15/20","23","12","13025","52.17"
"Brooks","0","64","Georgia","5/15/20","64","0","13027","0"
"Bryan","0","61","Georgia","5/15/20","59","2","13029","3.39"
"Bulloch","0","45","Georgia","5/15/20","42","3","13031","7.14"
"Burke","2","112","Georgia","5/15/20","101","11","13033","10.89"
"Butts","4","196","Georgia","5/15/20","171","25","13035","14.62"
"Calhoun","2","124","Georgia","5/15/20","113","11","13037","9.73"
"Camden","2","46","Georgia","5/15/20","35","11","13039","31.43"
"Candler","0","10","Georgia","5/15/20","7","3","13043","42.86"
"Carroll","3","408","Georgia","5/15/20","390","18","13045","4.62"
"Catoosa","3","71","Georgia","5/15/20","52","19","13047","36.54"
"Charlton","1","26","Georgia","5/15/20","17","9","13049","52.94"
"Chatham","9","353","Georgia","5/15/20","291","62","13051","21.31"
"Chattahoochee","1","19","Georgia","5/15/20","12","7","13053","58.33"
"Chattooga","0","15","Georgia","5/15/20","16","-1","13055","-6.25"
"Cherokee","17","695","Georgia","5/15/20","578","117","13057","20.24"
"Clarke","2","197","Georgia","5/15/20","180","17","13059","9.44"
"Clay","0","28","Georgia","5/15/20","27","1","13061","3.7"
"Clayton","16","999","Georgia","5/15/20","888","111","13063","12.5"
"Clinch","3","40","Georgia","5/15/20","16","24","13065","150"
"Cobb","46","2395","Georgia","5/15/20","2072","323","13067","15.59"
"Coffee","3","192","Georgia","5/15/20","171","21","13069","12.28"
"Colquitt","6","245","Georgia","5/15/20","202","43","13071","21.29"
"Columbia","3","202","Georgia","5/15/20","178","24","13073","13.48"
"Cook","0","32","Georgia","5/15/20","31","1","13075","3.23"
"Coweta","4","282","Georgia","5/15/20","257","25","13077","9.73"
"Crawford","0","19","Georgia","5/15/20","19","0","13079","0"
"Crisp","2","193","Georgia","5/15/20","182","11","13081","6.04"
"Dade","1","20","Georgia","5/15/20","16","4","13083","25"
"Dawson","1","84","Georgia","5/15/20","75","9","13085","12"
"Decatur","1","116","Georgia","5/15/20","109","7","13087","6.42"
"DeKalb","44","2751","Georgia","5/15/20","2445","306","13089","12.52"
"Dodge","1","38","Georgia","5/15/20","32","6","13091","18.75"
"Dooly","2","155","Georgia","5/15/20","140","15","13093","10.71"
"Dougherty","11","1662","Georgia","5/15/20","1583","79","13095","4.99"
"Douglas","5","433","Georgia","5/15/20","398","35","13097","8.79"
"Early","1","233","Georgia","5/15/20","224","9","13099","4.02"
"Echols","1","15","Georgia","5/15/20","6","9","13101","150"
"Effingham","0","38","Georgia","5/15/20","37","1","13103","2.7"
"Elbert","1","46","Georgia","5/15/20","37","9","13105","24.32"
"Emanuel","0","25","Georgia","5/15/20","23","2","13107","8.7"
"Evans","0","4","Georgia","5/15/20","5","-1","13109","-20"
"Fannin","0","36","Georgia","5/15/20","34","2","13111","5.88"
"Fayette","2","205","Georgia","5/15/20","190","15","13113","7.89"
"Floyd","2","172","Georgia","5/15/20","155","17","13115","10.97"
"Forsyth","5","397","Georgia","5/15/20","364","33","13117","9.07"
"Franklin","1","31","Georgia","5/15/20","26","5","13119","19.23"
"Fulton","55","3703","Georgia","5/15/20","3317","386","13121","11.64"
"Gilmer","2","105","Georgia","5/15/20","89","16","13123","17.98"
"Glascock","0","1","Georgia","5/15/20","1","0","13125","0"
"Glynn","1","77","Georgia","5/15/20","72","5","13127","6.94"
"Gordon","1","125","Georgia","5/15/20","121","4","13129","3.31"
"Grady","1","90","Georgia","5/15/20","83","7","13131","8.43"
"Greene","0","57","Georgia","5/15/20","57","0","13133","0"
"Gwinnett","39","2597","Georgia","5/15/20","2323","274","13135","11.8"
"Habersham","4","411","Georgia","5/15/20","386","25","13137","6.48"
"Hall","20","2140","Georgia","5/15/20","1997","143","13139","7.16"
"Hancock","4","149","Georgia","5/15/20","119","30","13141","25.21"
"Haralson","0","34","Georgia","5/15/20","32","2","13143","6.25"
"Harris","2","75","Georgia","5/15/20","62","13","13145","20.97"
"Hart","1","19","Georgia","5/15/20","15","4","13147","26.67"
"Heard","0","17","Georgia","5/15/20","14","3","13149","21.43"
"Henry","9","628","Georgia","5/15/20","566","62","13151","10.95"
"Houston","4","314","Georgia","5/15/20","284","30","13153","10.56"
"Irwin","0","22","Georgia","5/15/20","21","1","13155","4.76"
"Jackson","1","127","Georgia","5/15/20","122","5","13157","4.1"
"Jasper","0","26","Georgia","5/15/20","26","0","13159","0"
"Jeff Davis","0","24","Georgia","5/15/20","24","0","13161","0"
"Jefferson","1","22","Georgia","5/15/20","17","5","13163","29.41"
"Jenkins","0","16","Georgia","5/15/20","17","-1","13165","-5.88"
"Johnson","1","71","Georgia","5/15/20","65","6","13167","9.23"
"Jones","0","30","Georgia","5/15/20","31","-1","13169","-3.23"
"Lamar","0","41","Georgia","5/15/20","39","2","13171","5.13"
"Lanier","0","12","Georgia","5/15/20","10","2","13173","20"
"Laurens","1","87","Georgia","5/15/20","77","10","13175","12.99"
"Lee","1","344","Georgia","5/15/20","339","5","13177","1.47"
"Liberty","0","45","Georgia","5/15/20","43","2","13179","4.65"
"Lincoln","0","12","Georgia","5/15/20","12","0","13181","0"
"Long","0","6","Georgia","5/15/20","5","1","13183","20"
"Lowndes","3","202","Georgia","5/15/20","183","19","13185","10.38"
"Lumpkin","1","82","Georgia","5/15/20","76","6","13187","7.89"
"Macon","1","90","Georgia","5/15/20","81","9","13193","11.11"
"Madison","0","29","Georgia","5/15/20","28","1","13195","3.57"
"Marion","0","39","Georgia","5/15/20","39","0","13197","0"
"McDuffie","0","53","Georgia","5/15/20","50","3","13189","6"
"McIntosh","0","9","Georgia","5/15/20","6","3","13191","50"
"Meriwether","2","73","Georgia","5/15/20","62","11","13199","17.74"
"Miller","1","38","Georgia","5/15/20","31","7","13201","22.58"
"Mitchell","7","388","Georgia","5/15/20","341","47","13205","13.78"
"Monroe","2","47","Georgia","5/15/20","34","13","13207","38.24"
"Montgomery","1","8","Georgia","5/15/20","4","4","13209","100"
"Morgan","0","33","Georgia","5/15/20","30","3","13211","10"
"Murray","2","59","Georgia","5/15/20","45","14","13213","31.11"
"Muscogee","9","424","Georgia","5/15/20","363","61","13215","16.8"
"Newton","3","262","Georgia","5/15/20","240","22","13217","9.17"
"Oconee","2","80","Georgia","5/15/20","66","14","13219","21.21"
"Oglethorpe","0","55","Georgia","5/15/20","56","-1","13221","-1.79"
"Out of GA","63","1530","Georgia","5/15/20","1088","442","80013","40.62"
"Paulding","3","240","Georgia","5/15/20","221","19","13223","8.6"
"Peach","1","71","Georgia","5/15/20","62","9","13225","14.52"
"Pickens","0","35","Georgia","5/15/20","32","3","13227","9.38"
"Pierce","1","69","Georgia","5/15/20","59","10","13229","16.95"
"Pike","0","44","Georgia","5/15/20","41","3","13231","7.32"
"Polk","2","78","Georgia","5/15/20","65","13","13233","20"
"Pulaski","0","36","Georgia","5/15/20","35","1","13235","2.86"
"Putnam","1","62","Georgia","5/15/20","54","8","13237","14.81"
"Quitman","0","8","Georgia","5/15/20","6","2","13239","33.33"
"Rabun","0","14","Georgia","5/15/20","13","1","13241","7.69"
"Randolph","0","169","Georgia","5/15/20","167","2","13243","1.2"
"Richmond","7","490","Georgia","5/15/20","441","49","13245","11.11"
"Rockdale","3","249","Georgia","5/15/20","228","21","13247","9.21"
"Schley","0","15","Georgia","5/15/20","15","0","13249","0"
"Screven","0","18","Georgia","5/15/20","17","1","13251","5.88"
"Seminole","1","40","Georgia","5/15/20","34","6","13253","17.65"
"Spalding","2","239","Georgia","5/15/20","227","12","13255","5.29"
"Stephens","1","97","Georgia","5/15/20","91","6","13257","6.59"
"Stewart","1","37","Georgia","5/15/20","30","7","13259","23.33"
"Sumter","3","413","Georgia","5/15/20","391","22","13261","5.63"
"Talbot","0","28","Georgia","5/15/20","26","2","13263","7.69"
"Taliaferro","0","1","Georgia","5/15/20","1","0","13265","0"
"Tattnall","0","11","Georgia","5/15/20","9","2","13267","22.22"
"Taylor","1","22","Georgia","5/15/20","18","4","13269","22.22"
"Telfair","0","29","Georgia","5/15/20","28","1","13271","3.57"
"Terrell","0","199","Georgia","5/15/20","198","1","13273","0.51"
"Thomas","6","281","Georgia","5/15/20","239","42","13275","17.57"
"Tift","4","175","Georgia","5/15/20","145","30","13277","20.69"
"Toombs","1","43","Georgia","5/15/20","39","4","13279","10.26"
"Towns","0","21","Georgia","5/15/20","20","1","13281","5"
"Treutlen","0","7","Georgia","5/15/20","5","2","13283","40"
"Troup","3","195","Georgia","5/15/20","176","19","13285","10.8"
"Turner","1","81","Georgia","5/15/20","74","7","13287","9.46"
"Twiggs","0","9","Georgia","5/15/20","8","1","13289","12.5"
"Union","0","36","Georgia","5/15/20","34","2","13291","5.88"
"Upson","1","257","Georgia","5/15/20","247","10","13293","4.05"
"Walker","2","74","Georgia","5/15/20","62","12","13295","19.35"
"Walton","1","158","Georgia","5/15/20","148","10","13297","6.76"
"Ware","2","170","Georgia","5/15/20","155","15","13299","9.68"
"Warren","0","16","Georgia","5/15/20","15","1","13301","6.67"
"Washington","1","63","Georgia","5/15/20","53","10","13303","18.87"
"Wayne","0","14","Georgia","5/15/20","13","1","13305","7.69"
"Webster","0","11","Georgia","5/15/20","10","1","13307","10"
"Wheeler","0","7","Georgia","5/15/20","5","2","13309","40"
"White","0","89","Georgia","5/15/20","86","3","13311","3.49"
"Whitfield","5","177","Georgia","5/15/20","140","37","13313","26.43"
"Wilcox","0","95","Georgia","5/15/20","94","1","13315","1.06"
"Wilkes","0","28","Georgia","5/15/20","26","2","13317","7.69"
"Wilkinson","0","42","Georgia","5/15/20","40","2","13319","5"
"Worth","2","195","Georgia","5/15/20","180","15","13321","8.33"
"","0","103","Grand Princess","5/15/20","103","0",,"0"
"","0","154","Guam","5/15/20","151","3",,"1.99"
"Hawaii","0","76","Hawaii","5/15/20","74","2","15001","2.7"
"Honolulu","1","414","Hawaii","5/15/20","408","6","15003","1.47"
"Kauai","0","21","Hawaii","5/15/20","21","0","15007","0"
"Maui","0","117","Hawaii","5/15/20","116","1","15009","0.86"
"Out of HI","0","10","Hawaii","5/15/20","10","0","80015","0"
"Ada","5","759","Idaho","5/15/20","721","38","16001","5.27"
"Adams","0","3","Idaho","5/15/20","3","0","16003","0"
"Bannock","0","13","Idaho","5/15/20","12","1","16005","8.33"
"Bingham","0","6","Idaho","5/15/20","4","2","16011","50"
"Blaine","1","507","Idaho","5/15/20","499","8","16013","1.6"
"Bonner","0","4","Idaho","5/15/20","4","0","16017","0"
"Bonneville","0","30","Idaho","5/15/20","28","2","16019","7.14"
"Camas","0","1","Idaho","5/15/20","1","0","16025","0"
"Canyon","1","276","Idaho","5/15/20","272","4","16027","1.47"
"Caribou","0","1","Idaho","5/15/20","1","0","16029","0"
"Cassia","0","16","Idaho","5/15/20","13","3","16031","23.08"
"Custer","0","2","Idaho","5/15/20","2","0","16037","0"
"Elmore","0","31","Idaho","5/15/20","31","0","16039","0"
"Fremont","0","3","Idaho","5/15/20","3","0","16043","0"
"Gem","0","16","Idaho","5/15/20","14","2","16045","14.29"
"Gooding","1","22","Idaho","5/15/20","16","6","16047","37.5"
"Idaho","0","3","Idaho","5/15/20","3","0","16049","0"
"Jefferson","0","5","Idaho","5/15/20","5","0","16051","0"
"Jerome","3","87","Idaho","5/15/20","65","22","16053","33.85"
"Kootenai","0","64","Idaho","5/15/20","62","2","16055","3.23"
"Latah","0","6","Idaho","5/15/20","5","1","16057","20"
"Lemhi","0","1","Idaho","5/15/20","1","0","16059","0"
"Lincoln","0","29","Idaho","5/15/20","29","0","16063","0"
"Madison","0","18","Idaho","5/15/20","16","2","16065","12.5"
"Minidoka","1","15","Idaho","5/15/20","11","4","16067","36.36"
"Nez Perce","0","79","Idaho","5/15/20","78","1","16069","1.28"
"Owyhee","0","8","Idaho","5/15/20","8","0","16073","0"
"Payette","0","19","Idaho","5/15/20","17","2","16075","11.76"
"Power","0","3","Idaho","5/15/20","2","1","16077","50"
"Teton","0","11","Idaho","5/15/20","10","1","16081","10"
"Twin Falls","8","298","Idaho","5/15/20","239","59","16083","24.69"
"Valley","0","2","Idaho","5/15/20","2","0","16085","0"
"Washington","2","13","Idaho","5/15/20","1","12","16087","1200"
"Adams","0","42","Illinois","5/15/20","41","1","17001","2.44"
"Alexander","0","8","Illinois","5/15/20","6","2","17003","33.33"
"Bond","0","11","Illinois","5/15/20","8","3","17005","37.5"
"Boone","14","274","Illinois","5/15/20","177","97","17007","54.8"
"Brown","0","9","Illinois","5/15/20","6","3","17009","50"
"Bureau","0","15","Illinois","5/15/20","13","2","17011","15.38"
"Calhoun","0","1","Illinois","5/15/20","1","0","17013","0"
"Carroll","0","12","Illinois","5/15/20","10","2","17015","20"
"Cass","2","67","Illinois","5/15/20","52","15","17017","28.85"
"Champaign","14","344","Illinois","5/15/20","247","97","17019","39.27"
"Christian","0","30","Illinois","5/15/20","29","1","17021","3.45"
"Clark","1","9","Illinois","5/15/20","5","4","17023","80"
"Clay","0","2","Illinois","5/15/20","2","0","17025","0"
"Clinton","5","159","Illinois","5/15/20","125","34","17027","27.2"
"Coles","6","67","Illinois","5/15/20","22","45","17029","204.55"
"Cook","1381","59905","Illinois","5/15/20","50236","9669","17031","19.25"
"Crawford","0","11","Illinois","5/15/20","10","1","17033","10"
"Cumberland","1","8","Illinois","5/15/20","4","4","17035","100"
"De Witt","0","4","Illinois","5/15/20","3","1","17039","33.33"
"DeKalb","10","229","Illinois","5/15/20","160","69","17037","43.12"
"Douglas","0","22","Illinois","5/15/20","20","2","17041","10"
"DuPage","180","5634","Illinois","5/15/20","4374","1260","17043","28.81"
"Edgar","0","1","Illinois","5/15/20","0","1","17045","1"
"Edwards","0","2","Illinois","5/15/20","0","2","17047","1"
"Effingham","0","6","Illinois","5/15/20","5","1","17049","20"
"Fayette","0","19","Illinois","5/15/20","17","2","17051","11.76"
"Ford","1","16","Illinois","5/15/20","12","4","17053","33.33"
"Franklin","0","11","Illinois","5/15/20","10","1","17055","10"
"Fulton","0","6","Illinois","5/15/20","3","3","17057","100"
"Gallatin","0","2","Illinois","5/15/20","2","0","17059","0"
"Greene","0","4","Illinois","5/15/20","4","0","17061","0"
"Grundy","3","73","Illinois","5/15/20","55","18","17063","32.73"
"Hamilton","0","2","Illinois","5/15/20","2","0","17065","0"
"Hancock","0","12","Illinois","5/15/20","11","1","17067","9.09"
"Hardin","0","1","Illinois","5/15/20","1","0","17069","0"
"Henderson","0","7","Illinois","5/15/20","6","1","17071","16.67"
"Henry","1","64","Illinois","5/15/20","59","5","17073","8.47"
"Iroquois","4","111","Illinois","5/15/20","84","27","17075","32.14"
"Jackson","2","177","Illinois","5/15/20","161","16","17077","9.94"
"Jasper","0","45","Illinois","5/15/20","46","-1","17079","-2.17"
"Jefferson","1","98","Illinois","5/15/20","89","9","17081","10.11"
"Jersey","0","18","Illinois","5/15/20","16","2","17083","12.5"
"Jo Daviess","0","18","Illinois","5/15/20","16","2","17085","12.5"
"Johnson","0","7","Illinois","5/15/20","4","3","17087","75"
"Kane","213","4159","Illinois","5/15/20","2668","1491","17089","55.88"
"Kankakee","27","647","Illinois","5/15/20","458","189","17091","41.27"
"Kendall","23","531","Illinois","5/15/20","373","158","17093","42.36"
"Knox","2","84","Illinois","5/15/20","69","15","17095","21.74"
"Lake","167","6157","Illinois","5/15/20","4985","1172","17097","23.51"
"LaSalle","3","117","Illinois","5/15/20","93","24","17099","25.81"
"Lawrence","0","4","Illinois","5/15/20","3","1","17101","33.33"
"Lee","1","73","Illinois","5/15/20","63","10","17103","15.87"
"Livingston","0","25","Illinois","5/15/20","24","1","17105","4.17"
"Logan","0","10","Illinois","5/15/20","9","1","17107","11.11"
"Macon","3","159","Illinois","5/15/20","138","21","17115","15.22"
"Macoupin","0","41","Illinois","5/15/20","38","3","17117","7.89"
"Madison","9","464","Illinois","5/15/20","401","63","17119","15.71"
"Marion","1","47","Illinois","5/15/20","41","6","17121","14.63"
"Marshall","0","5","Illinois","5/15/20","4","1","17123","25"
"Mason","0","16","Illinois","5/15/20","15","1","17125","6.67"
"Massac","0","6","Illinois","5/15/20","6","0","17127","0"
"McDonough","1","58","Illinois","5/15/20","48","10","17109","20.83"
"McHenry","32","1123","Illinois","5/15/20","897","226","17111","25.2"
"McLean","3","132","Illinois","5/15/20","112","20","17113","17.86"
"Menard","0","17","Illinois","5/15/20","17","0","17129","0"
"Mercer","0","14","Illinois","5/15/20","11","3","17131","27.27"
"Monroe","1","83","Illinois","5/15/20","79","4","17133","5.06"
"Montgomery","0","36","Illinois","5/15/20","34","2","17135","5.88"
"Morgan","1","35","Illinois","5/15/20","28","7","17137","25"
"Moultrie","0","7","Illinois","5/15/20","6","1","17139","16.67"
"Ogle","3","165","Illinois","5/15/20","141","24","17141","17.02"
"Out of IL","2","86","Illinois","5/15/20","72","14","80017","19.44"
"Peoria","3","156","Illinois","5/15/20","132","24","17143","18.18"
"Perry","0","38","Illinois","5/15/20","36","2","17145","5.56"
"Piatt","0","8","Illinois","5/15/20","7","1","17147","14.29"
"Pike","0","1","Illinois","5/15/20","1","0","17149","0"
"Pope","0","1","Illinois","5/15/20","1","0","17151","0"
"Pulaski","2","40","Illinois","5/15/20","25","15","17153","60"
"Randolph","3","234","Illinois","5/15/20","211","23","17157","10.9"
"Richland","0","3","Illinois","5/15/20","3","0","17159","0"
"Rock Island","9","563","Illinois","5/15/20","498","65","17161","13.05"
"Saline","0","6","Illinois","5/15/20","5","1","17165","20"
"Sangamon","7","299","Illinois","5/15/20","253","46","17167","18.18"
"Schuyler","0","7","Illinois","5/15/20","5","2","17169","40"
"Shelby","0","12","Illinois","5/15/20","10","2","17173","20"
"St. Clair","17","765","Illinois","5/15/20","648","117","17163","18.06"
"Stark","0","1","Illinois","5/15/20","1","0","17175","0"
"Stephenson","7","135","Illinois","5/15/20","84","51","17177","60.71"
"Tazewell","1","62","Illinois","5/15/20","58","4","17179","6.9"
"Union","8","117","Illinois","5/15/20","58","59","17181","101.72"
"Vermilion","1","29","Illinois","5/15/20","25","4","17183","16"
"Wabash","0","1","Illinois","5/15/20","1","0","17185","0"
"Warren","2","105","Illinois","5/15/20","93","12","17187","12.9"
"Washington","0","17","Illinois","5/15/20","14","3","17189","21.43"
"Wayne","1","8","Illinois","5/15/20","3","5","17191","166.67"
"White","0","2","Illinois","5/15/20","2","0","17193","0"
"Whiteside","2","113","Illinois","5/15/20","101","12","17195","11.88"
"Will","102","4277","Illinois","5/15/20","3561","716","17197","20.11"
"Williamson","1","51","Illinois","5/15/20","44","7","17199","15.91"
"Winnebago","80","1390","Illinois","5/15/20","830","560","17201","67.47"
"Woodford","0","14","Illinois","5/15/20","15","-1","17203","-6.67"
"Adams","0","9","Indiana","5/15/20","8","1","18001","12.5"
"Allen","25","955","Indiana","5/15/20","781","174","18003","22.28"
"Bartholomew","9","394","Indiana","5/15/20","331","63","18005","19.03"
"Benton","1","21","Indiana","5/15/20","12","9","18007","75"
"Blackford","0","14","Indiana","5/15/20","13","1","18009","7.69"
"Boone","5","252","Indiana","5/15/20","214","38","18011","17.76"
"Brown","1","29","Indiana","5/15/20","25","4","18013","16"
"Carroll","1","77","Indiana","5/15/20","70","7","18015","10"
"Cass","8","1551","Indiana","5/15/20","1497","54","18017","3.61"
"Clark","6","399","Indiana","5/15/20","358","41","18019","11.45"
"Clay","1","28","Indiana","5/15/20","24","4","18021","16.67"
"Clinton","5","118","Indiana","5/15/20","80","38","18023","47.5"
"Crawford","0","22","Indiana","5/15/20","20","2","18025","10"
"Daviess","1","59","Indiana","5/15/20","54","5","18027","9.26"
"Dearborn","2","157","Indiana","5/15/20","146","11","18029","7.53"
"Decatur","1","216","Indiana","5/15/20","210","6","18031","2.86"
"DeKalb","0","25","Indiana","5/15/20","23","2","18033","8.7"
"Delaware","6","254","Indiana","5/15/20","214","40","18035","18.69"
"Dubois","5","70","Indiana","5/15/20","38","32","18037","84.21"
"Elkhart","28","609","Indiana","5/15/20","410","199","18039","48.54"
"Fayette","1","40","Indiana","5/15/20","34","6","18041","17.65"
"Floyd","4","254","Indiana","5/15/20","226","28","18043","12.39"
"Fountain","0","16","Indiana","5/15/20","14","2","18045","14.29"
"Franklin","0","107","Indiana","5/15/20","104","3","18047","2.88"
"Fulton","1","39","Indiana","5/15/20","34","5","18049","14.71"
"Gibson","0","9","Indiana","5/15/20","7","2","18051","28.57"
"Grant","1","157","Indiana","5/15/20","151","6","18053","3.97"
"Greene","1","154","Indiana","5/15/20","146","8","18055","5.48"
"Hamilton","11","977","Indiana","5/15/20","902","75","18057","8.31"
"Hancock","5","282","Indiana","5/15/20","246","36","18059","14.63"
"Harrison","2","168","Indiana","5/15/20","153","15","18061","9.8"
"Hendricks","12","1012","Indiana","5/15/20","927","85","18063","9.17"
"Henry","5","107","Indiana","5/15/20","70","37","18065","52.86"
"Howard","4","262","Indiana","5/15/20","234","28","18067","11.97"
"Huntington","1","19","Indiana","5/15/20","13","6","18069","46.15"
"Jackson","9","313","Indiana","5/15/20","251","62","18071","24.7"
"Jasper","1","42","Indiana","5/15/20","36","6","18073","16.67"
"Jay","1","25","Indiana","5/15/20","18","7","18075","38.89"
"Jefferson","0","35","Indiana","5/15/20","34","1","18077","2.94"
"Jennings","3","111","Indiana","5/15/20","93","18","18079","19.35"
"Johnson","27","959","Indiana","5/15/20","769","190","18081","24.71"
"Knox","0","22","Indiana","5/15/20","20","2","18083","10"
"Kosciusko","2","55","Indiana","5/15/20","39","16","18085","41.03"
"LaGrange","2","48","Indiana","5/15/20","36","12","18087","33.33"
"Lake","55","2747","Indiana","5/15/20","2359","388","18089","16.45"
"LaPorte","6","352","Indiana","5/15/20","307","45","18091","14.66"
"Lawrence","2","127","Indiana","5/15/20","115","12","18093","10.43"
"Madison","8","535","Indiana","5/15/20","479","56","18095","11.69"
"Marion","131","7995","Indiana","5/15/20","7078","917","18097","12.96"
"Marshall","1","39","Indiana","5/15/20","31","8","18099","25.81"
"Martin","0","7","Indiana","5/15/20","7","0","18101","0"
"Miami","1","129","Indiana","5/15/20","122","7","18103","5.74"
"Monroe","0","144","Indiana","5/15/20","141","3","18105","2.13"
"Montgomery","7","160","Indiana","5/15/20","114","46","18107","40.35"
"Morgan","8","240","Indiana","5/15/20","182","58","18109","31.87"
"Newton","1","71","Indiana","5/15/20","64","7","18111","10.94"
"Noble","3","147","Indiana","5/15/20","127","20","18113","15.75"
"Ohio","1","11","Indiana","5/15/20","7","4","18115","57.14"
"Orange","2","120","Indiana","5/15/20","108","12","18117","11.11"
"Owen","0","27","Indiana","5/15/20","26","1","18119","3.85"
"Parke","0","17","Indiana","5/15/20","14","3","18121","21.43"
"Perry","1","19","Indiana","5/15/20","14","5","18123","35.71"
"Pike","0","3","Indiana","5/15/20","2","1","18125","50"
"Porter","11","381","Indiana","5/15/20","303","78","18127","25.74"
"Posey","0","16","Indiana","5/15/20","15","1","18129","6.67"
"Pulaski","0","34","Indiana","5/15/20","33","1","18131","3.03"
"Putnam","2","95","Indiana","5/15/20","84","11","18133","13.1"
"Randolph","1","29","Indiana","5/15/20","21","8","18135","38.1"
"Ripley","1","106","Indiana","5/15/20","98","8","18137","8.16"
"Rush","0","40","Indiana","5/15/20","37","3","18139","8.11"
"Scott","2","90","Indiana","5/15/20","73","17","18143","23.29"
"Shelby","4","278","Indiana","5/15/20","250","28","18145","11.2"
"Spencer","0","7","Indiana","5/15/20","7","0","18147","0"
"St. Joseph","21","921","Indiana","5/15/20","773","148","18141","19.15"
"Starke","1","26","Indiana","5/15/20","21","5","18149","23.81"
"Steuben","1","67","Indiana","5/15/20","63","4","18151","6.35"
"Sullivan","1","25","Indiana","5/15/20","19","6","18153","31.58"
"Switzerland","0","15","Indiana","5/15/20","15","0","18155","0"
"Tippecanoe","11","281","Indiana","5/15/20","207","74","18157","35.75"
"Tipton","0","21","Indiana","5/15/20","20","1","18159","5"
"Union","0","8","Indiana","5/15/20","8","0","18161","0"
"Vanderburgh","4","201","Indiana","5/15/20","175","26","18163","14.86"
"Vermillion","0","7","Indiana","5/15/20","7","0","18165","0"
"Vigo","4","103","Indiana","5/15/20","74","29","18167","39.19"
"Wabash","1","69","Indiana","5/15/20","64","5","18169","7.81"
"Warren","0","12","Indiana","5/15/20","12","0","18171","0"
"Warrick","4","145","Indiana","5/15/20","119","26","18173","21.85"
"Washington","1","50","Indiana","5/15/20","45","5","18175","11.11"
"Wayne","1","60","Indiana","5/15/20","51","9","18177","17.65"
"Wells","1","15","Indiana","5/15/20","9","6","18179","66.67"
"White","4","164","Indiana","5/15/20","139","25","18181","17.99"
"Whitley","1","28","Indiana","5/15/20","22","6","18183","27.27"
"Adair","0","4","Iowa","5/15/20","3","1","19001","33.33"
"Allamakee","2","116","Iowa","5/15/20","101","15","19005","14.85"
"Appanoose","0","7","Iowa","5/15/20","6","1","19007","16.67"
"Audubon","0","11","Iowa","5/15/20","9","2","19009","22.22"
"Benton","0","37","Iowa","5/15/20","34","3","19011","8.82"
"Black Hawk","12","1548","Iowa","5/15/20","1463","85","19013","5.81"
"Boone","1","41","Iowa","5/15/20","33","8","19015","24.24"
"Bremer","1","63","Iowa","5/15/20","57","6","19017","10.53"
"Buchanan","0","26","Iowa","5/15/20","23","3","19019","13.04"
"Buena Vista","7","83","Iowa","5/15/20","32","51","19021","159.38"
"Butler","0","13","Iowa","5/15/20","12","1","19023","8.33"
"Calhoun","0","1","Iowa","5/15/20","1","0","19025","0"
"Carroll","0","8","Iowa","5/15/20","6","2","19027","33.33"
"Cass","0","1","Iowa","5/15/20","1","0","19029","0"
"Cedar","0","42","Iowa","5/15/20","39","3","19031","7.69"
"Cerro Gordo","0","15","Iowa","5/15/20","14","1","19033","7.14"
"Cherokee","1","8","Iowa","5/15/20","4","4","19035","100"
"Chickasaw","0","7","Iowa","5/15/20","6","1","19037","16.67"
"Clarke","1","11","Iowa","5/15/20","5","6","19039","120"
"Clay","0","10","Iowa","5/15/20","9","1","19041","11.11"
"Clayton","1","28","Iowa","5/15/20","21","7","19043","33.33"
"Clinton","1","60","Iowa","5/15/20","53","7","19045","13.21"
"Crawford","27","336","Iowa","5/15/20","149","187","19047","125.5"
"Dallas","15","757","Iowa","5/15/20","654","103","19049","15.75"
"Davis","1","13","Iowa","5/15/20","8","5","19051","62.5"
"Delaware","1","11","Iowa","5/15/20","7","4","19055","57.14"
"Des Moines","1","39","Iowa","5/15/20","31","8","19057","25.81"
"Dickinson","0","6","Iowa","5/15/20","6","0","19059","0"
"Dubuque","10","249","Iowa","5/15/20","181","68","19061","37.57"
"Emmet","0","1","Iowa","5/15/20","0","1","19063","1"
"Fayette","0","25","Iowa","5/15/20","24","1","19065","4.17"
"Floyd","1","10","Iowa","5/15/20","2","8","19067","400"
"Franklin","0","7","Iowa","5/15/20","7","0","19069","0"
"Fremont","0","3","Iowa","5/15/20","1","2","19071","200"
"Greene","0","13","Iowa","5/15/20","13","0","19073","0"
"Grundy","0","17","Iowa","5/15/20","17","0","19075","0"
"Guthrie","1","37","Iowa","5/15/20","32","5","19077","15.62"
"Hamilton","0","11","Iowa","5/15/20","9","2","19079","22.22"
"Hancock","0","3","Iowa","5/15/20","3","0","19081","0"
"Hardin","0","11","Iowa","5/15/20","12","-1","19083","-8.33"
"Harrison","0","17","Iowa","5/15/20","17","0","19085","0"
"Henry","0","44","Iowa","5/15/20","42","2","19087","4.76"
"Howard","0","12","Iowa","5/15/20","12","0","19089","0"
"Humboldt","0","7","Iowa","5/15/20","6","1","19091","16.67"
"Ida","1","4","Iowa","5/15/20","0","4","19093","1"
"Iowa","0","27","Iowa","5/15/20","27","0","19095","0"
"Jackson","0","8","Iowa","5/15/20","7","1","19097","14.29"
"Jasper","1","241","Iowa","5/15/20","235","6","19099","2.55"
"Jefferson","1","10","Iowa","5/15/20","6","4","19101","66.67"
"Johnson","3","565","Iowa","5/15/20","546","19","19103","3.48"
"Jones","1","36","Iowa","5/15/20","31","5","19105","16.13"
"Keokuk","0","9","Iowa","5/15/20","7","2","19107","28.57"
"Kossuth","0","2","Iowa","5/15/20","2","0","19109","0"
"Lee","0","18","Iowa","5/15/20","18","0","19111","0"
"Linn","10","882","Iowa","5/15/20","813","69","19113","8.49"
"Louisa","3","304","Iowa","5/15/20","281","23","19115","8.19"
"Lyon","0","16","Iowa","5/15/20","16","0","19119","0"
"Madison","1","14","Iowa","5/15/20","10","4","19121","40"
"Mahaska","0","22","Iowa","5/15/20","20","2","19123","10"
"Marion","1","19","Iowa","5/15/20","13","6","19125","46.15"
"Marshall","10","771","Iowa","5/15/20","701","70","19127","9.99"
"Mills","0","9","Iowa","5/15/20","7","2","19129","28.57"
"Mitchell","0","4","Iowa","5/15/20","3","1","19131","33.33"
"Monona","1","15","Iowa","5/15/20","11","4","19133","36.36"
"Monroe","2","18","Iowa","5/15/20","2","16","19135","800"
"Montgomery","0","5","Iowa","5/15/20","3","2","19137","66.67"
"Muscatine","10","519","Iowa","5/15/20","446","73","19139","16.37"
"O'Brien","1","20","Iowa","5/15/20","13","7","19141","53.85"
"Osceola","1","25","Iowa","5/15/20","18","7","19143","38.89"
"Page","0","10","Iowa","5/15/20","10","0","19145","0"
"Palo Alto","0","1","Iowa","5/15/20","1","0","19147","0"
"Plymouth","4","78","Iowa","5/15/20","48","30","19149","62.5"
"Pocahontas","0","3","Iowa","5/15/20","3","0","19151","0"
"Polk","88","2767","Iowa","5/15/20","2150","617","19153","28.7"
"Pottawattamie","11","151","Iowa","5/15/20","76","75","19155","98.68"
"Poweshiek","1","83","Iowa","5/15/20","78","5","19157","6.41"
"Sac","0","4","Iowa","5/15/20","2","2","19161","100"
"Scott","3","297","Iowa","5/15/20","276","21","19163","7.61"
"Shelby","1","20","Iowa","5/15/20","16","4","19165","25"
"Sioux","13","126","Iowa","5/15/20","37","89","19167","240.54"
"Story","3","73","Iowa","5/15/20","54","19","19169","35.19"
"Tama","4","350","Iowa","5/15/20","322","28","19171","8.7"
"Taylor","0","1","Iowa","5/15/20","1","0","19173","0"
"Union","0","1","Iowa","5/15/20","1","0","19175","0"
"Van Buren","0","8","Iowa","5/15/20","8","0","19177","0"
"Wapello","23","350","Iowa","5/15/20","192","158","19179","82.29"
"Warren","3","63","Iowa","5/15/20","39","24","19181","61.54"
"Washington","1","163","Iowa","5/15/20","155","8","19183","5.16"
"Wayne","0","1","Iowa","5/15/20","1","0","19185","0"
"Webster","1","13","Iowa","5/15/20","9","4","19187","44.44"
"Winnebago","0","6","Iowa","5/15/20","3","3","19189","100"
"Winneshiek","0","18","Iowa","5/15/20","18","0","19191","0"
"Woodbury","83","2111","Iowa","5/15/20","1532","579","19193","37.79"
"Worth","0","2","Iowa","5/15/20","1","1","19195","100"
"Wright","0","7","Iowa","5/15/20","6","1","19197","16.67"
"Anderson","0","1","Kansas","5/15/20","0","1","20003","1"
"Atchison","0","15","Kansas","5/15/20","12","3","20005","25"
"Barber","0","1","Kansas","5/15/20","1","0","20007","0"
"Barton","2","30","Kansas","5/15/20","17","13","20009","76.47"
"Bourbon","0","6","Kansas","5/15/20","6","0","20011","0"
"Brown","0","3","Kansas","5/15/20","1","2","20013","200"
"Butler","1","18","Kansas","5/15/20","14","4","20015","28.57"
"Chase","0","3","Kansas","5/15/20","3","0","20017","0"
"Chautauqua","0","4","Kansas","5/15/20","4","0","20019","0"
"Cherokee","0","8","Kansas","5/15/20","8","0","20021","0"
"Cheyenne","0","2","Kansas","5/15/20","2","0","20023","0"
"Clark","0","20","Kansas","5/15/20","17","3","20025","17.65"
"Clay","0","4","Kansas","5/15/20","4","0","20027","0"
"Cloud","0","4","Kansas","5/15/20","4","0","20029","0"
"Coffey","0","50","Kansas","5/15/20","50","0","20031","0"
"Cowley","0","4","Kansas","5/15/20","3","1","20035","33.33"
"Crawford","0","8","Kansas","5/15/20","8","0","20037","0"
"Dickinson","0","2","Kansas","5/15/20","2","0","20041","0"
"Doniphan","0","9","Kansas","5/15/20","7","2","20043","28.57"
"Douglas","0","59","Kansas","5/15/20","56","3","20045","5.36"
"Edwards","0","4","Kansas","5/15/20","4","0","20047","0"
"Ellis","0","8","Kansas","5/15/20","8","0","20051","0"
"Ellsworth","0","2","Kansas","5/15/20","2","0","20053","0"
"Finney","53","1234","Kansas","5/15/20","861","373","20055","43.32"
"Ford","39","1296","Kansas","5/15/20","1024","272","20057","26.56"
"Franklin","2","32","Kansas","5/15/20","20","12","20059","60"
"Geary","0","14","Kansas","5/15/20","14","0","20061","0"
"Gove","0","1","Kansas","5/15/20","1","0","20063","0"
"Grant","0","13","Kansas","5/15/20","11","2","20067","18.18"
"Gray","1","12","Kansas","5/15/20","7","5","20069","71.43"
"Greenwood","0","3","Kansas","5/15/20","3","0","20073","0"
"Hamilton","0","9","Kansas","5/15/20","7","2","20075","28.57"
"Harper","0","1","Kansas","5/15/20","1","0","20077","0"
"Harvey","0","10","Kansas","5/15/20","9","1","20079","11.11"
"Haskell","0","16","Kansas","5/15/20","14","2","20081","14.29"
"Jackson","3","23","Kansas","5/15/20","2","21","20085","1050"
"Jefferson","1","19","Kansas","5/15/20","12","7","20087","58.33"
"Jewell","0","4","Kansas","5/15/20","4","0","20089","0"
"Johnson","9","638","Kansas","5/15/20","576","62","20091","10.76"
"Kearny","1","36","Kansas","5/15/20","28","8","20093","28.57"
"Kiowa","0","2","Kansas","5/15/20","2","0","20097","0"
"Labette","0","22","Kansas","5/15/20","22","0","20099","0"
"Leavenworth","7","958","Kansas","5/15/20","906","52","20103","5.74"
"Linn","0","6","Kansas","5/15/20","6","0","20107","0"
"Lyon","2","310","Kansas","5/15/20","294","16","20111","5.44"
"Marion","0","5","Kansas","5/15/20","5","0","20115","0"
"McPherson","0","26","Kansas","5/15/20","25","1","20113","4"
"Meade","0","22","Kansas","5/15/20","21","1","20119","4.76"
"Miami","0","6","Kansas","5/15/20","5","1","20121","20"
"Mitchell","0","3","Kansas","5/15/20","3","0","20123","0"
"Montgomery","0","20","Kansas","5/15/20","21","-1","20125","-4.76"
"Morris","0","3","Kansas","5/15/20","3","0","20127","0"
"Morton","0","4","Kansas","5/15/20","3","1","20129","33.33"
"Nemaha","0","1","Kansas","5/15/20","1","0","20131","0"
"Neosho","0","2","Kansas","5/15/20","2","0","20133","0"
"Norton","0","2","Kansas","5/15/20","2","0","20137","0"
"Osage","0","6","Kansas","5/15/20","5","1","20139","20"
"Osborne","0","2","Kansas","5/15/20","2","0","20141","0"
"Ottawa","0","4","Kansas","5/15/20","4","0","20143","0"
"Phillips","0","2","Kansas","5/15/20","1","1","20147","100"
"Pottawatomie","0","19","Kansas","5/15/20","16","3","20149","18.75"
"Pratt","0","1","Kansas","5/15/20","1","0","20151","0"
"Reno","0","41","Kansas","5/15/20","41","0","20155","0"
"Republic","0","4","Kansas","5/15/20","4","0","20157","0"
"Rice","0","4","Kansas","5/15/20","3","1","20159","33.33"
"Riley","0","60","Kansas","5/15/20","57","3","20161","5.26"
"Rooks","0","6","Kansas","5/15/20","6","0","20163","0"
"Saline","0","23","Kansas","5/15/20","21","2","20169","9.52"
"Scott","1","8","Kansas","5/15/20","3","5","20171","166.67"
"Sedgwick","10","530","Kansas","5/15/20","457","73","20173","15.97"
"Seward","11","758","Kansas","5/15/20","678","80","20175","11.8"
"Shawnee","5","184","Kansas","5/15/20","149","35","20177","23.49"
"Sheridan","0","2","Kansas","5/15/20","2","0","20179","0"
"Sherman","0","5","Kansas","5/15/20","5","0","20181","0"
"Smith","0","2","Kansas","5/15/20","2","0","20183","0"
"Stafford","0","1","Kansas","5/15/20","1","0","20185","0"
"Stanton","0","9","Kansas","5/15/20","9","0","20187","0"
"Stevens","2","26","Kansas","5/15/20","14","12","20189","85.71"
"Sumner","0","6","Kansas","5/15/20","4","2","20191","50"
"Wabaunsee","0","28","Kansas","5/15/20","27","1","20197","3.7"
"Wichita","0","1","Kansas","5/15/20","0","1","20203","1"
"Wilson","0","1","Kansas","5/15/20","1","0","20205","0"
"Woodson","0","6","Kansas","5/15/20","6","0","20207","0"
"Wyandotte","18","1129","Kansas","5/15/20","1000","129","20209","12.9"
"Adair","1","92","Kentucky","5/15/20","84","8","21001","9.52"
"Allen","2","37","Kentucky","5/15/20","25","12","21003","48"
"Anderson","0","10","Kentucky","5/15/20","9","1","21005","11.11"
"Ballard","0","10","Kentucky","5/15/20","8","2","21007","25"
"Barren","1","34","Kentucky","5/15/20","24","10","21009","41.67"
"Bath","0","7","Kentucky","5/15/20","4","3","21011","75"
"Boone","12","285","Kentucky","5/15/20","203","82","21015","40.39"
"Bourbon","0","8","Kentucky","5/15/20","8","0","21017","0"
"Boyd","1","38","Kentucky","5/15/20","32","6","21019","18.75"
"Boyle","0","18","Kentucky","5/15/20","16","2","21021","12.5"
"Bracken","0","9","Kentucky","5/15/20","10","-1","21023","-10"
"Breathitt","0","2","Kentucky","5/15/20","2","0","21025","0"
"Breckinridge","0","14","Kentucky","5/15/20","13","1","21027","7.69"
"Bullitt","2","92","Kentucky","5/15/20","79","13","21029","16.46"
"Butler","3","212","Kentucky","5/15/20","192","20","21031","10.42"
"Caldwell","0","12","Kentucky","5/15/20","12","0","21033","0"
"Calloway","1","43","Kentucky","5/15/20","36","7","21035","19.44"
"Campbell","2","129","Kentucky","5/15/20","114","15","21037","13.16"
"Carlisle","0","3","Kentucky","5/15/20","3","0","21039","0"
"Carroll","0","2","Kentucky","5/15/20","2","0","21041","0"
"Carter","0","8","Kentucky","5/15/20","6","2","21043","33.33"
"Casey","0","2","Kentucky","5/15/20","1","1","21045","100"
"Christian","0","95","Kentucky","5/15/20","93","2","21047","2.15"
"Clark","0","20","Kentucky","5/15/20","20","0","21049","0"
"Clay","0","2","Kentucky","5/15/20","2","0","21051","0"
"Clinton","0","3","Kentucky","5/15/20","3","0","21053","0"
"Crittenden","0","4","Kentucky","5/15/20","4","0","21055","0"
"Cumberland","0","5","Kentucky","5/15/20","5","0","21057","0"
"Daviess","4","287","Kentucky","5/15/20","260","27","21059","10.38"
"Edmonson","1","49","Kentucky","5/15/20","45","4","21061","8.89"
"Fayette","27","530","Kentucky","5/15/20","342","188","21067","54.97"
"Fleming","0","1","Kentucky","5/15/20","2","-1","21069","-50"
"Floyd","0","16","Kentucky","5/15/20","15","1","21071","6.67"
"Franklin","0","18","Kentucky","5/15/20","16","2","21073","12.5"
"Fulton","0","1","Kentucky","5/15/20","1","0","21075","0"
"Gallatin","0","2","Kentucky","5/15/20","1","1","21077","100"
"Garrard","0","4","Kentucky","5/15/20","3","1","21079","33.33"
"Grant","0","32","Kentucky","5/15/20","29","3","21081","10.34"
"Graves","1","152","Kentucky","5/15/20","146","6","21083","4.11"
"Grayson","1","103","Kentucky","5/15/20","93","10","21085","10.75"
"Green","0","1","Kentucky","5/15/20","1","0","21087","0"
"Greenup","0","13","Kentucky","5/15/20","12","1","21089","8.33"
"Hancock","0","7","Kentucky","5/15/20","6","1","21091","16.67"
"Hardin","1","71","Kentucky","5/15/20","61","10","21093","16.39"
"Harlan","0","1","Kentucky","5/15/20","1","0","21095","0"
"Harrison","0","19","Kentucky","5/15/20","18","1","21097","5.56"
"Hart","1","15","Kentucky","5/15/20","8","7","21099","87.5"
"Henderson","1","85","Kentucky","5/15/20","75","10","21101","13.33"
"Henry","1","12","Kentucky","5/15/20","8","4","21103","50"
"Hickman","0","5","Kentucky","5/15/20","5","0","21105","0"
"Hopkins","0","215","Kentucky","5/15/20","213","2","21107","0.94"
"Jackson","0","57","Kentucky","5/15/20","56","1","21109","1.79"
"Jefferson","23","1772","Kentucky","5/15/20","1610","162","21111","10.06"
"Jessamine","1","50","Kentucky","5/15/20","41","9","21113","21.95"
"Johnson","0","5","Kentucky","5/15/20","4","1","21115","25"
"Kenton","9","437","Kentucky","5/15/20","372","65","21117","17.47"
"Knott","0","4","Kentucky","5/15/20","4","0","21119","0"
"Knox","0","7","Kentucky","5/15/20","6","1","21121","16.67"
"Larue","0","6","Kentucky","5/15/20","6","0","21123","0"
"Laurel","0","21","Kentucky","5/15/20","21","0","21125","0"
"Lawrence","0","2","Kentucky","5/15/20","1","1","21127","100"
"Leslie","0","5","Kentucky","5/15/20","5","0","21131","0"
"Letcher","0","5","Kentucky","5/15/20","3","2","21133","66.67"
"Lewis","0","8","Kentucky","5/15/20","5","3","21135","60"
"Lincoln","0","7","Kentucky","5/15/20","5","2","21137","40"
"Livingston","0","7","Kentucky","5/15/20","6","1","21139","16.67"
"Logan","6","80","Kentucky","5/15/20","35","45","21141","128.57"
"Lyon","0","14","Kentucky","5/15/20","14","0","21143","0"
"Madison","1","42","Kentucky","5/15/20","33","9","21151","27.27"
"Marion","0","17","Kentucky","5/15/20","17","0","21155","0"
"Marshall","0","35","Kentucky","5/15/20","33","2","21157","6.06"
"Martin","0","3","Kentucky","5/15/20","3","0","21159","0"
"Mason","0","8","Kentucky","5/15/20","6","2","21161","33.33"
"McCracken","2","80","Kentucky","5/15/20","68","12","21145","17.65"
"McCreary","0","13","Kentucky","5/15/20","11","2","21147","18.18"
"McLean","0","18","Kentucky","5/15/20","16","2","21149","12.5"
"Meade","0","18","Kentucky","5/15/20","18","0","21163","0"
"Menifee","0","3","Kentucky","5/15/20","3","0","21165","0"
"Mercer","0","12","Kentucky","5/15/20","11","1","21167","9.09"
"Metcalfe","0","3","Kentucky","5/15/20","2","1","21169","50"
"Monroe","0","6","Kentucky","5/15/20","6","0","21171","0"
"Montgomery","1","16","Kentucky","5/15/20","11","5","21173","45.45"
"Morgan","0","1","Kentucky","5/15/20","1","0","21175","0"
"Muhlenberg","2","464","Kentucky","5/15/20","452","12","21177","2.65"
"Nelson","0","32","Kentucky","5/15/20","29","3","21179","10.34"
"Nicholas","0","1","Kentucky","5/15/20","1","0","21181","0"
"Ohio","6","108","Kentucky","5/15/20","65","43","21183","66.15"
"Oldham","2","50","Kentucky","5/15/20","37","13","21185","35.14"
"Owen","0","1","Kentucky","5/15/20","1","0","21187","0"
"Owsley","0","2","Kentucky","5/15/20","2","0","21189","0"
"Pendleton","0","6","Kentucky","5/15/20","5","1","21191","20"
"Perry","1","19","Kentucky","5/15/20","14","5","21193","35.71"
"Pike","1","23","Kentucky","5/15/20","15","8","21195","53.33"
"Powell","0","1","Kentucky","5/15/20","1","0","21197","0"
"Pulaski","1","47","Kentucky","5/15/20","43","4","21199","9.3"
"Rockcastle","0","12","Kentucky","5/15/20","13","-1","21203","-7.69"
"Rowan","0","6","Kentucky","5/15/20","3","3","21205","100"
"Russell","0","19","Kentucky","5/15/20","18","1","21207","5.56"
"Scott","0","34","Kentucky","5/15/20","32","2","21209","6.25"
"Shelby","3","65","Kentucky","5/15/20","44","21","21211","47.73"
"Simpson","0","35","Kentucky","5/15/20","32","3","21213","9.38"
"Spencer","0","16","Kentucky","5/15/20","16","0","21215","0"
"Taylor","0","9","Kentucky","5/15/20","9","0","21217","0"
"Todd","1","17","Kentucky","5/15/20","13","4","21219","30.77"
"Trigg","0","9","Kentucky","5/15/20","9","0","21221","0"
"Trimble","0","3","Kentucky","5/15/20","3","0","21223","0"
"Union","0","10","Kentucky","5/15/20","10","0","21225","0"
"Warren","34","751","Kentucky","5/15/20","512","239","21227","46.68"
"Washington","0","5","Kentucky","5/15/20","5","0","21229","0"
"Wayne","0","8","Kentucky","5/15/20","8","0","21231","0"
"Webster","1","32","Kentucky","5/15/20","26","6","21233","23.08"
"Whitley","0","12","Kentucky","5/15/20","11","1","21235","9.09"
"Woodford","0","19","Kentucky","5/15/20","17","2","21239","11.76"
"Acadia","7","189","Louisiana","5/15/20","142","47","22001","33.1"
"Allen","1","94","Louisiana","5/15/20","90","4","22003","4.44"
"Ascension","11","749","Louisiana","5/15/20","675","74","22005","10.96"
"Assumption","4","235","Louisiana","5/15/20","206","29","22007","14.08"
"Avoyelles","1","80","Louisiana","5/15/20","74","6","22009","8.11"
"Beauregard","1","50","Louisiana","5/15/20","44","6","22011","13.64"
"Bienville","1","83","Louisiana","5/15/20","77","6","22013","7.79"
"Bossier","4","336","Louisiana","5/15/20","308","28","22015","9.09"
"Caddo","19","1846","Louisiana","5/15/20","1712","134","22017","7.83"
"Calcasieu","5","513","Louisiana","5/15/20","481","32","22019","6.65"
"Caldwell","0","48","Louisiana","5/15/20","47","1","22021","2.13"
"Cameron","0","3","Louisiana","5/15/20","3","0","22023","0"
"Catahoula","6","103","Louisiana","5/15/20","59","44","22025","74.58"
"Claiborne","0","59","Louisiana","5/15/20","58","1","22027","1.72"
"Concordia","2","55","Louisiana","5/15/20","43","12","22029","27.91"
"De Soto","2","225","Louisiana","5/15/20","208","17","22031","8.17"
"East Baton Rouge","96","2953","Louisiana","5/15/20","2284","669","22033","29.29"
"East Carroll","2","26","Louisiana","5/15/20","15","11","22035","73.33"
"East Feliciana","6","172","Louisiana","5/15/20","133","39","22037","29.32"
"Evangeline","1","74","Louisiana","5/15/20","67","7","22039","10.45"
"Franklin","17","266","Louisiana","5/15/20","146","120","22041","82.19"
"Grant","0","20","Louisiana","5/15/20","17","3","22043","17.65"
"Iberia","10","352","Louisiana","5/15/20","283","69","22045","24.38"
"Iberville","7","543","Louisiana","5/15/20","493","50","22047","10.14"
"Jackson","2","69","Louisiana","5/15/20","58","11","22049","18.97"
"Jefferson","41","6897","Louisiana","5/15/20","6610","287","22051","4.34"
"Jefferson Davis","1","70","Louisiana","5/15/20","66","4","22053","6.06"
"Lafayette","9","543","Louisiana","5/15/20","481","62","22055","12.89"
"Lafourche","4","724","Louisiana","5/15/20","698","26","22057","3.72"
"LaSalle","1","36","Louisiana","5/15/20","31","5","22059","16.13"
"Lincoln","3","122","Louisiana","5/15/20","103","19","22061","18.45"
"Livingston","11","347","Louisiana","5/15/20","268","79","22063","29.48"
"Madison","2","24","Louisiana","5/15/20","8","16","22065","200"
"Morehouse","5","92","Louisiana","5/15/20","57","35","22067","61.4"
"Natchitoches","1","102","Louisiana","5/15/20","92","10","22069","10.87"
"Orleans","20","6787","Louisiana","5/15/20","6645","142","22071","2.14"
"Ouachita","10","891","Louisiana","5/15/20","820","71","22073","8.66"
"Plaquemines","1","193","Louisiana","5/15/20","185","8","22075","4.32"
"Pointe Coupee","4","155","Louisiana","5/15/20","125","30","22077","24"
"Rapides","12","424","Louisiana","5/15/20","338","86","22079","25.44"
"Red River","1","40","Louisiana","5/15/20","34","6","22081","17.65"
"Richland","2","106","Louisiana","5/15/20","95","11","22083","11.58"
"Sabine","2","29","Louisiana","5/15/20","17","12","22085","70.59"
"St. Bernard","1","517","Louisiana","5/15/20","508","9","22087","1.77"
"St. Charles","2","606","Louisiana","5/15/20","593","13","22089","2.19"
"St. Helena","1","40","Louisiana","5/15/20","32","8","22091","25"
"St. James","4","284","Louisiana","5/15/20","257","27","22093","10.51"
"St. John the Baptist","6","830","Louisiana","5/15/20","791","39","22095","4.93"
"St. Landry","6","244","Louisiana","5/15/20","204","40","22097","19.61"
"St. Martin","3","278","Louisiana","5/15/20","255","23","22099","9.02"
"St. Mary","6","268","Louisiana","5/15/20","224","44","22101","19.64"
"St. Tammany","15","1520","Louisiana","5/15/20","1416","104","22103","7.34"
"Tangipahoa","9","707","Louisiana","5/15/20","645","62","22105","9.61"
"Tensas","0","6","Louisiana","5/15/20","3","3","22107","100"
"Terrebonne","8","557","Louisiana","5/15/20","501","56","22109","11.18"
"Union","12","238","Louisiana","5/15/20","153","85","22111","55.56"
"Vermilion","0","43","Louisiana","5/15/20","40","3","22113","7.5"
"Vernon","0","19","Louisiana","5/15/20","17","2","22115","11.76"
"Washington","6","357","Louisiana","5/15/20","312","45","22117","14.42"
"Webster","2","112","Louisiana","5/15/20","97","15","22119","15.46"
"West Baton Rouge","4","150","Louisiana","5/15/20","119","31","22121","26.05"
"West Carroll","1","11","Louisiana","5/15/20","4","7","22123","175"
"West Feliciana","1","184","Louisiana","5/15/20","176","8","22125","4.55"
"Winn","4","76","Louisiana","5/15/20","49","27","22127","55.1"
"Androscoggin","5","113","Maine","5/15/20","78","35","23001","44.87"
"Aroostook","0","7","Maine","5/15/20","6","1","23003","16.67"
"Cumberland","20","798","Maine","5/15/20","658","140","23005","21.28"
"Franklin","0","33","Maine","5/15/20","31","2","23007","6.45"
"Hancock","0","10","Maine","5/15/20","10","0","23009","0"
"Kennebec","1","116","Maine","5/15/20","108","8","23011","7.41"
"Knox","0","21","Maine","5/15/20","18","3","23013","16.67"
"Lincoln","0","16","Maine","5/15/20","15","1","23015","6.67"
"Oxford","0","17","Maine","5/15/20","17","0","23017","0"
"Penobscot","0","91","Maine","5/15/20","89","2","23019","2.25"
"Piscataquis","0","1","Maine","5/15/20","1","0","23021","0"
"Sagadahoc","1","26","Maine","5/15/20","20","6","23023","30"
"Somerset","0","19","Maine","5/15/20","17","2","23025","11.76"
"Waldo","0","50","Maine","5/15/20","49","1","23027","2.04"
"Washington","0","2","Maine","5/15/20","2","0","23029","0"
"York","5","281","Maine","5/15/20","249","32","23031","12.85"
"Allegany","1","151","Maryland","5/15/20","143","8","24001","5.59"
"Anne Arundel","66","2752","Maryland","5/15/20","2290","462","24003","20.17"
"Baltimore","91","4399","Maryland","5/15/20","3763","636","24005","16.9"
"Baltimore City","95","3606","Maryland","5/15/20","2941","665","24510","22.61"
"Calvert","5","228","Maryland","5/15/20","191","37","24009","19.37"
"Caroline","12","190","Maryland","5/15/20","107","83","24011","77.57"
"Carroll","13","635","Maryland","5/15/20","542","93","24013","17.16"
"Cecil","13","300","Maryland","5/15/20","211","89","24015","42.18"
"Charles","16","829","Maryland","5/15/20","716","113","24017","15.78"
"Dorchester","3","107","Maryland","5/15/20","86","21","24019","24.42"
"Frederick","26","1364","Maryland","5/15/20","1182","182","24021","15.4"
"Garrett","0","6","Maryland","5/15/20","5","1","24023","20"
"Harford","14","671","Maryland","5/15/20","572","99","24025","17.31"
"Howard","25","1313","Maryland","5/15/20","1138","175","24027","15.38"
"Kent","5","131","Maryland","5/15/20","98","33","24029","33.67"
"Montgomery","206","7759","Maryland","5/15/20","6316","1443","24031","22.85"
"Prince George's","270","10791","Maryland","5/15/20","8901","1890","24033","21.23"
"Queen Anne's","5","108","Maryland","5/15/20","70","38","24035","54.29"
"Somerset","2","54","Maryland","5/15/20","41","13","24039","31.71"
"St. Mary's","13","299","Maryland","5/15/20","207","92","24037","44.44"
"Talbot","1","65","Maryland","5/15/20","55","10","24041","18.18"
"Washington","9","320","Maryland","5/15/20","259","61","24043","23.55"
"Wicomico","32","777","Maryland","5/15/20","553","224","24045","40.51"
"Worcester","5","131","Maryland","5/15/20","98","33","24047","33.67"
"Barnstable","17","1208","Massachusetts","5/15/20","1088","120","25001","11.03"
"Berkshire","3","505","Massachusetts","5/15/20","482","23","25003","4.77"
"Bristol","137","5710","Massachusetts","5/15/20","4754","956","25005","20.11"
"Dukes and Nantucket","1","43","Massachusetts","5/15/20","37","6","00000","16.22"
"Essex","173","12419","Massachusetts","5/15/20","11207","1212","25009","10.81"
"Franklin","3","314","Massachusetts","5/15/20","295","19","25011","6.44"
"Hampden","76","5133","Massachusetts","5/15/20","4598","535","25013","11.64"
"Hampshire","13","762","Massachusetts","5/15/20","674","88","25015","13.06"
"Middlesex","262","19223","Massachusetts","5/15/20","17386","1837","25017","10.57"
"Norfolk","86","7685","Massachusetts","5/15/20","7080","605","25021","8.55"
"Plymouth","103","7105","Massachusetts","5/15/20","6384","721","25023","11.29"
"Suffolk","168","16415","Massachusetts","5/15/20","15237","1178","25025","7.73"
"Worcester","201","8944","Massachusetts","5/15/20","7536","1408","25027","18.68"
"Alcona","0","9","Michigan","5/15/20","7","2","26001","28.57"
"Allegan","7","203","Michigan","5/15/20","157","46","26005","29.3"
"Alpena","1","97","Michigan","5/15/20","93","4","26007","4.3"
"Antrim","0","11","Michigan","5/15/20","11","0","26009","0"
"Arenac","0","33","Michigan","5/15/20","31","2","26011","6.45"
"Baraga","0","1","Michigan","5/15/20","1","0","26013","0"
"Barry","2","69","Michigan","5/15/20","57","12","26015","21.05"
"Bay","7","263","Michigan","5/15/20","216","47","26017","21.76"
"Benzie","0","4","Michigan","5/15/20","4","0","26019","0"
"Berrien","17","608","Michigan","5/15/20","492","116","26021","23.58"
"Branch","2","98","Michigan","5/15/20","81","17","26023","20.99"
"Calhoun","6","325","Michigan","5/15/20","285","40","26025","14.04"
"Cass","2","61","Michigan","5/15/20","50","11","26027","22"
"Charlevoix","0","14","Michigan","5/15/20","14","0","26029","0"
"Cheboygan","0","24","Michigan","5/15/20","24","0","26031","0"
"Chippewa","0","3","Michigan","5/15/20","3","0","26033","0"
"Clare","0","15","Michigan","5/15/20","12","3","26035","25"
"Clinton","1","151","Michigan","5/15/20","142","9","26037","6.34"
"Crawford","0","61","Michigan","5/15/20","60","1","26039","1.67"
"Delta","0","16","Michigan","5/15/20","16","0","26041","0"
"Dickinson","0","5","Michigan","5/15/20","5","0","26043","0"
"Eaton","2","192","Michigan","5/15/20","176","16","26045","9.09"
"Emmet","0","25","Michigan","5/15/20","25","0","26047","0"
"Federal Correctional Institution (FCI)","1","115","Michigan","5/15/20","109","6","00000","5.5"
"Genesee","28","2127","Michigan","5/15/20","1933","194","26049","10.04"
"Gladwin","0","17","Michigan","5/15/20","16","1","26051","6.25"
"Gogebic","0","4","Michigan","5/15/20","4","0","26053","0"
"Grand Traverse","0","24","Michigan","5/15/20","21","3","26055","14.29"
"Gratiot","1","40","Michigan","5/15/20","30","10","26057","33.33"
"Hillsdale","2","167","Michigan","5/15/20","153","14","26059","9.15"
"Houghton","0","2","Michigan","5/15/20","2","0","26061","0"
"Huron","1","45","Michigan","5/15/20","41","4","26063","9.76"
"Ingham","11","662","Michigan","5/15/20","587","75","26065","12.78"
"Ionia","2","127","Michigan","5/15/20","113","14","26067","12.39"
"Iosco","1","72","Michigan","5/15/20","66","6","26069","9.09"
"Isabella","0","77","Michigan","5/15/20","76","1","26073","1.32"
"Jackson","5","437","Michigan","5/15/20","402","35","26075","8.71"
"Kalamazoo","15","719","Michigan","5/15/20","613","106","26077","17.29"
"Kalkaska","0","28","Michigan","5/15/20","28","0","26079","0"
"Kent","86","2897","Michigan","5/15/20","2292","605","26081","26.4"
"Lake","0","3","Michigan","5/15/20","3","0","26085","0"
"Lapeer","2","196","Michigan","5/15/20","184","12","26087","6.52"
"Leelanau","0","10","Michigan","5/15/20","9","1","26089","11.11"
"Lenawee","1","164","Michigan","5/15/20","156","8","26091","5.13"
"Livingston","2","458","Michigan","5/15/20","443","15","26093","3.39"
"Luce","0","1","Michigan","5/15/20","1","0","26095","0"
"Mackinac","0","6","Michigan","5/15/20","6","0","26097","0"
"Macomb","50","6377","Michigan","5/15/20","6030","347","26099","5.75"
"Manistee","0","12","Michigan","5/15/20","12","0","26101","0"
"Marquette","0","51","Michigan","5/15/20","51","0","26103","0"
"Mason","1","29","Michigan","5/15/20","21","8","26105","38.1"
"Mecosta","0","21","Michigan","5/15/20","19","2","26107","10.53"
"Menominee","0","8","Michigan","5/15/20","6","2","26109","33.33"
"Michigan Department of Corrections (MDOC)","27","2313","Michigan","5/15/20","2124","189","00000","8.9"
"Midland","1","102","Michigan","5/15/20","96","6","26111","6.25"
"Missaukee","0","22","Michigan","5/15/20","22","0","26113","0"
"Monroe","6","450","Michigan","5/15/20","408","42","26115","10.29"
"Montcalm","1","56","Michigan","5/15/20","49","7","26117","14.29"
"Montmorency","0","5","Michigan","5/15/20","5","0","26119","0"
"Muskegon","16","454","Michigan","5/15/20","344","110","26121","31.98"
"Newaygo","1","44","Michigan","5/15/20","37","7","26123","18.92"
"Oakland","113","9464","Michigan","5/15/20","8672","792","26125","9.13"
"Oceana","3","54","Michigan","5/15/20","30","24","26127","80"
"Ogemaw","0","22","Michigan","5/15/20","20","2","26129","10"
"Osceola","0","11","Michigan","5/15/20","11","0","26133","0"
"Oscoda","0","8","Michigan","5/15/20","7","1","26135","14.29"
"Otsego","1","117","Michigan","5/15/20","113","4","26137","3.54"
"Ottawa","14","556","Michigan","5/15/20","455","101","26139","22.2"
"Out of MI","13","97","Michigan","5/15/20","7","90","80026","1285.71"
"Presque Isle","0","11","Michigan","5/15/20","11","0","26141","0"
"Roscommon","0","23","Michigan","5/15/20","22","1","26143","4.55"
"Saginaw","15","895","Michigan","5/15/20","791","104","26145","13.15"
"Sanilac","0","39","Michigan","5/15/20","39","0","26151","0"
"Schoolcraft","0","4","Michigan","5/15/20","4","0","26153","0"
"Shiawassee","3","239","Michigan","5/15/20","217","22","26155","10.14"
"St. Clair","8","459","Michigan","5/15/20","404","55","26147","13.61"
"St. Joseph","5","84","Michigan","5/15/20","52","32","26149","61.54"
"Tuscola","5","169","Michigan","5/15/20","132","37","26157","28.03"
"Van Buren","4","126","Michigan","5/15/20","98","28","26159","28.57"
"Washtenaw","14","1377","Michigan","5/15/20","1282","95","26161","7.41"
"Wayne","164","19397","Michigan","5/15/20","18246","1151","26163","6.31"
"Wexford","0","13","Michigan","5/15/20","12","1","26165","8.33"
"Aitkin","0","2","Minnesota","5/15/20","2","0","27001","0"
"Anoka","36","726","Minnesota","5/15/20","477","249","27003","52.2"
"Becker","1","31","Minnesota","5/15/20","22","9","27005","40.91"
"Beltrami","0","9","Minnesota","5/15/20","6","3","27007","50"
"Benton","6","117","Minnesota","5/15/20","76","41","27009","53.95"
"Big Stone","0","2","Minnesota","5/15/20","2","0","27011","0"
"Blue Earth","3","76","Minnesota","5/15/20","55","21","27013","38.18"
"Brown","0","10","Minnesota","5/15/20","9","1","27015","11.11"
"Carlton","0","66","Minnesota","5/15/20","64","2","27017","3.12"
"Carver","5","105","Minnesota","5/15/20","69","36","27019","52.17"
"Cass","0","8","Minnesota","5/15/20","7","1","27021","14.29"
"Chippewa","3","27","Minnesota","5/15/20","5","22","27023","440"
"Chisago","1","27","Minnesota","5/15/20","18","9","27025","50"
"Clay","7","279","Minnesota","5/15/20","229","50","27027","21.83"
"Clearwater","0","2","Minnesota","5/15/20","2","0","27029","0"
"Cottonwood","1","52","Minnesota","5/15/20","43","9","27033","20.93"
"Crow Wing","0","25","Minnesota","5/15/20","24","1","27035","4.17"
"Dakota","37","623","Minnesota","5/15/20","364","259","27037","71.15"
"Dodge","1","30","Minnesota","5/15/20","24","6","27039","25"
"Douglas","0","18","Minnesota","5/15/20","15","3","27041","20"
"Faribault","1","12","Minnesota","5/15/20","7","5","27043","71.43"
"Fillmore","1","17","Minnesota","5/15/20","12","5","27045","41.67"
"Freeborn","2","55","Minnesota","5/15/20","41","14","27047","34.15"
"Goodhue","1","29","Minnesota","5/15/20","25","4","27049","16"
"Grant","0","2","Minnesota","5/15/20","2","0","27051","0"
"Hennepin","217","4674","Minnesota","5/15/20","3153","1521","27053","48.24"
"Houston","0","2","Minnesota","5/15/20","2","0","27055","0"
"Isanti","1","16","Minnesota","5/15/20","7","9","27059","128.57"
"Itasca","3","42","Minnesota","5/15/20","24","18","27061","75"
"Jackson","1","34","Minnesota","5/15/20","29","5","27063","17.24"
"Kanabec","1","9","Minnesota","5/15/20","5","4","27065","80"
"Kandiyohi","19","394","Minnesota","5/15/20","261","133","27067","50.96"
"Kittson","0","1","Minnesota","5/15/20","1","0","27069","0"
"Koochiching","0","3","Minnesota","5/15/20","1","2","27071","200"
"Lac qui Parle","0","2","Minnesota","5/15/20","2","0","27073","0"
"Lake","0","1","Minnesota","5/15/20","1","0","27075","0"
"Le Sueur","1","33","Minnesota","5/15/20","28","5","27079","17.86"
"Lincoln","0","4","Minnesota","5/15/20","3","1","27081","33.33"
"Lyon","1","25","Minnesota","5/15/20","16","9","27083","56.25"
"Mahnomen","0","5","Minnesota","5/15/20","2","3","27087","150"
"Marshall","0","8","Minnesota","5/15/20","8","0","27089","0"
"Martin","0","114","Minnesota","5/15/20","111","3","27091","2.7"
"McLeod","1","15","Minnesota","5/15/20","8","7","27085","87.5"
"Meeker","1","24","Minnesota","5/15/20","20","4","27093","20"
"Mille Lacs","0","8","Minnesota","5/15/20","6","2","27095","33.33"
"Morrison","2","23","Minnesota","5/15/20","12","11","27097","91.67"
"Mower","2","54","Minnesota","5/15/20","37","17","27099","45.95"
"Murray","1","30","Minnesota","5/15/20","26","4","27101","15.38"
"Nicollet","1","28","Minnesota","5/15/20","18","10","27103","55.56"
"Nobles","24","1342","Minnesota","5/15/20","1177","165","27105","14.02"
"Norman","0","11","Minnesota","5/15/20","9","2","27107","22.22"
"Olmsted","9","417","Minnesota","5/15/20","351","66","27109","18.8"
"Otter Tail","2","35","Minnesota","5/15/20","21","14","27111","66.67"
"Pennington","0","1","Minnesota","5/15/20","1","0","27113","0"
"Pine","3","82","Minnesota","5/15/20","61","21","27115","34.43"
"Pipestone","0","9","Minnesota","5/15/20","6","3","27117","50"
"Polk","1","55","Minnesota","5/15/20","45","10","27119","22.22"
"Pope","0","5","Minnesota","5/15/20","5","0","27121","0"
"Ramsey","70","1287","Minnesota","5/15/20","800","487","27123","60.88"
"Red Lake","0","2","Minnesota","5/15/20","1","1","27125","100"
"Redwood","0","3","Minnesota","5/15/20","3","0","27127","0"
"Renville","0","5","Minnesota","5/15/20","6","-1","27129","-16.67"
"Rice","17","197","Minnesota","5/15/20","81","116","27131","143.21"
"Rock","0","19","Minnesota","5/15/20","19","0","27133","0"
"Roseau","0","1","Minnesota","5/15/20","1","0","27135","0"
"Scott","12","207","Minnesota","5/15/20","121","86","27139","71.07"
"Sherburne","6","135","Minnesota","5/15/20","95","40","27141","42.11"
"Sibley","0","4","Minnesota","5/15/20","3","1","27143","33.33"
"St. Louis","1","100","Minnesota","5/15/20","90","10","27137","11.11"
"Stearns","52","1641","Minnesota","5/15/20","1274","367","27145","28.81"
"Steele","7","92","Minnesota","5/15/20","45","47","27147","104.44"
"Stevens","0","1","Minnesota","5/15/20","1","0","27149","0"
"Swift","1","11","Minnesota","5/15/20","3","8","27151","266.67"
"Todd","2","46","Minnesota","5/15/20","29","17","27153","58.62"
"Traverse","0","3","Minnesota","5/15/20","3","0","27155","0"
"Wabasha","0","16","Minnesota","5/15/20","13","3","27157","23.08"
"Wadena","0","4","Minnesota","5/15/20","4","0","27159","0"
"Waseca","1","19","Minnesota","5/15/20","13","6","27161","46.15"
"Washington","13","305","Minnesota","5/15/20","211","94","27163","44.55"
"Watonwan","2","33","Minnesota","5/15/20","19","14","27165","73.68"
"Wilkin","0","11","Minnesota","5/15/20","11","0","27167","0"
"Winona","1","75","Minnesota","5/15/20","68","7","27169","10.29"
"Wright","8","140","Minnesota","5/15/20","83","57","27171","68.67"
"Yellow Medicine","0","3","Minnesota","5/15/20","3","0","27173","0"
"Adams","1","166","Mississippi","5/15/20","157","9","28001","5.73"
"Alcorn","0","12","Mississippi","5/15/20","10","2","28003","20"
"Amite","1","41","Mississippi","5/15/20","33","8","28005","24.24"
"Attala","6","224","Mississippi","5/15/20","182","42","28007","23.08"
"Benton","0","13","Mississippi","5/15/20","13","0","28009","0"
"Bolivar","1","127","Mississippi","5/15/20","118","9","28011","7.63"
"Calhoun","0","58","Mississippi","5/15/20","57","1","28013","1.75"
"Carroll","2","109","Mississippi","5/15/20","97","12","28015","12.37"
"Chickasaw","4","114","Mississippi","5/15/20","88","26","28017","29.55"
"Choctaw","1","19","Mississippi","5/15/20","15","4","28019","26.67"
"Claiborne","2","48","Mississippi","5/15/20","37","11","28021","29.73"
"Clarke","3","97","Mississippi","5/15/20","77","20","28023","25.97"
"Clay","2","78","Mississippi","5/15/20","64","14","28025","21.88"
"Coahoma","1","75","Mississippi","5/15/20","71","4","28027","5.63"
"Copiah","5","190","Mississippi","5/15/20","152","38","28029","25"
"Covington","2","104","Mississippi","5/15/20","88","16","28031","18.18"
"DeSoto","6","369","Mississippi","5/15/20","325","44","28033","13.54"
"Forrest","12","380","Mississippi","5/15/20","294","86","28035","29.25"
"Franklin","0","19","Mississippi","5/15/20","17","2","28037","11.76"
"George","0","18","Mississippi","5/15/20","15","3","28039","20"
"Greene","0","7","Mississippi","5/15/20","6","1","28041","16.67"
"Grenada","2","58","Mississippi","5/15/20","45","13","28043","28.89"
"Hancock","1","78","Mississippi","5/15/20","72","6","28045","8.33"
"Harrison","3","214","Mississippi","5/15/20","193","21","28047","10.88"
"Hinds","13","745","Mississippi","5/15/20","657","88","28049","13.39"
"Holmes","12","278","Mississippi","5/15/20","196","82","28051","41.84"
"Humphreys","2","42","Mississippi","5/15/20","28","14","28053","50"
"Itawamba","1","75","Mississippi","5/15/20","67","8","28057","11.94"
"Jackson","1","283","Mississippi","5/15/20","273","10","28059","3.66"
"Jasper","4","110","Mississippi","5/15/20","84","26","28061","30.95"
"Jefferson","1","34","Mississippi","5/15/20","30","4","28063","13.33"
"Jefferson Davis","2","67","Mississippi","5/15/20","51","16","28065","31.37"
"Jones","12","304","Mississippi","5/15/20","223","81","28067","36.32"
"Kemper","2","100","Mississippi","5/15/20","89","11","28069","12.36"
"Lafayette","1","107","Mississippi","5/15/20","98","9","28071","9.18"
"Lamar","4","166","Mississippi","5/15/20","141","25","28073","17.73"
"Lauderdale","15","566","Mississippi","5/15/20","463","103","28075","22.25"
"Lawrence","2","74","Mississippi","5/15/20","63","11","28077","17.46"
"Leake","9","351","Mississippi","5/15/20","286","65","28079","22.73"
"Lee","1","85","Mississippi","5/15/20","77","8","28081","10.39"
"Leflore","2","199","Mississippi","5/15/20","182","17","28083","9.34"
"Lincoln","3","197","Mississippi","5/15/20","179","18","28085","10.06"
"Lowndes","5","108","Mississippi","5/15/20","73","35","28087","47.95"
"Madison","15","507","Mississippi","5/15/20","404","103","28089","25.5"
"Marion","1","86","Mississippi","5/15/20","82","4","28091","4.88"
"Marshall","2","65","Mississippi","5/15/20","52","13","28093","25"
"Monroe","3","215","Mississippi","5/15/20","191","24","28095","12.57"
"Montgomery","1","71","Mississippi","5/15/20","65","6","28097","9.23"
"Neshoba","12","369","Mississippi","5/15/20","287","82","28099","28.57"
"Newton","6","172","Mississippi","5/15/20","130","42","28101","32.31"
"Noxubee","5","132","Mississippi","5/15/20","100","32","28103","32"
"Oktibbeha","4","99","Mississippi","5/15/20","73","26","28105","35.62"
"Panola","1","47","Mississippi","5/15/20","43","4","28107","9.3"
"Pearl River","1","195","Mississippi","5/15/20","189","6","28109","3.17"
"Perry","1","36","Mississippi","5/15/20","32","4","28111","12.5"
"Pike","2","174","Mississippi","5/15/20","163","11","28113","6.75"
"Pontotoc","0","25","Mississippi","5/15/20","22","3","28115","13.64"
"Prentiss","0","36","Mississippi","5/15/20","33","3","28117","9.09"
"Quitman","1","20","Mississippi","5/15/20","16","4","28119","25"
"Rankin","5","276","Mississippi","5/15/20","238","38","28121","15.97"
"Scott","9","504","Mississippi","5/15/20","438","66","28123","15.07"
"Sharkey","0","5","Mississippi","5/15/20","5","0","28125","0"
"Simpson","2","75","Mississippi","5/15/20","60","15","28127","25"
"Smith","1","109","Mississippi","5/15/20","99","10","28129","10.1"
"Stone","0","24","Mississippi","5/15/20","23","1","28131","4.35"
"Sunflower","1","69","Mississippi","5/15/20","63","6","28133","9.52"
"Tallahatchie","1","18","Mississippi","5/15/20","12","6","28135","50"
"Tate","1","55","Mississippi","5/15/20","49","6","28137","12.24"
"Tippah","1","67","Mississippi","5/15/20","63","4","28139","6.35"
"Tishomingo","1","13","Mississippi","5/15/20","9","4","28141","44.44"
"Tunica","1","44","Mississippi","5/15/20","38","6","28143","15.79"
"Union","2","59","Mississippi","5/15/20","42","17","28145","40.48"
"Walthall","1","44","Mississippi","5/15/20","37","7","28147","18.92"
"Warren","5","129","Mississippi","5/15/20","94","35","28149","37.23"
"Washington","3","100","Mississippi","5/15/20","80","20","28151","25"
"Wayne","1","33","Mississippi","5/15/20","27","6","28153","22.22"
"Webster","0","22","Mississippi","5/15/20","21","1","28155","4.76"
"Wilkinson","1","78","Mississippi","5/15/20","74","4","28157","5.41"
"Winston","2","73","Mississippi","5/15/20","61","12","28159","19.67"
"Yalobusha","6","66","Mississippi","5/15/20","27","39","28161","144.44"
"Yazoo","3","180","Mississippi","5/15/20","162","18","28163","11.11"
"Adair","1","17","Missouri","5/15/20","12","5","29001","41.67"
"Andrew","1","14","Missouri","5/15/20","6","8","29003","133.33"
"Atchison","0","2","Missouri","5/15/20","2","0","29005","0"
"Audrain","0","2","Missouri","5/15/20","1","1","29007","100"
"Barry","0","6","Missouri","5/15/20","6","0","29009","0"
"Bates","0","6","Missouri","5/15/20","6","0","29013","0"
"Benton","0","9","Missouri","5/15/20","8","1","29015","12.5"
"Bollinger","0","4","Missouri","5/15/20","4","0","29017","0"
"Boone","0","100","Missouri","5/15/20","98","2","29019","2.04"
"Buchanan","13","502","Missouri","5/15/20","409","93","29021","22.74"
"Butler","0","27","Missouri","5/15/20","26","1","29023","3.85"
"Caldwell","0","3","Missouri","5/15/20","3","0","29025","0"
"Callaway","0","23","Missouri","5/15/20","23","0","29027","0"
"Camden","0","36","Missouri","5/15/20","35","1","29029","2.86"
"Cape Girardeau","0","52","Missouri","5/15/20","49","3","29031","6.12"
"Carroll","1","7","Missouri","5/15/20","3","4","29033","133.33"
"Carter","0","3","Missouri","5/15/20","3","0","29035","0"
"Cass","1","72","Missouri","5/15/20","65","7","29037","10.77"
"Cedar","0","9","Missouri","5/15/20","9","0","29039","0"
"Chariton","0","6","Missouri","5/15/20","5","1","29041","20"
"Christian","0","21","Missouri","5/15/20","20","1","29043","5"
"Clark","0","1","Missouri","5/15/20","1","0","29045","0"
"Clay","3","111","Missouri","5/15/20","90","21","29047","23.33"
"Clinton","0","14","Missouri","5/15/20","14","0","29049","0"
"Cole","0","56","Missouri","5/15/20","54","2","29051","3.7"
"Cooper","0","9","Missouri","5/15/20","9","0","29053","0"
"Crawford","0","8","Missouri","5/15/20","8","0","29055","0"
"Dallas","0","2","Missouri","5/15/20","2","0","29059","0"
"Daviess","0","3","Missouri","5/15/20","3","0","29061","0"
"DeKalb","0","4","Missouri","5/15/20","4","0","29063","0"
"Dunklin","0","24","Missouri","5/15/20","24","0","29069","0"
"Franklin","1","134","Missouri","5/15/20","129","5","29071","3.88"
"Gasconade","0","2","Missouri","5/15/20","2","0","29073","0"
"Gentry","0","2","Missouri","5/15/20","1","1","29075","100"
"Greene","0","105","Missouri","5/15/20","103","2","29077","1.94"
"Harrison","0","7","Missouri","5/15/20","6","1","29081","16.67"
"Henry","0","9","Missouri","5/15/20","9","0","29083","0"
"Holt","0","1","Missouri","5/15/20","1","0","29087","0"
"Howard","0","3","Missouri","5/15/20","3","0","29089","0"
"Howell","0","5","Missouri","5/15/20","5","0","29091","0"
"Iron","0","2","Missouri","5/15/20","2","0","29093","0"
"Jackson","6","425","Missouri","5/15/20","380","45","29095","11.84"
"Jasper","1","29","Missouri","5/15/20","24","5","29097","20.83"
"Jefferson","2","318","Missouri","5/15/20","307","11","29099","3.58"
"Johnson","1","71","Missouri","5/15/20","62","9","29101","14.52"
"Kansas City","16","848","Missouri","5/15/20","739","109","00000","14.75"
"Laclede","0","3","Missouri","5/15/20","0","3","29105","1"
"Lafayette","1","68","Missouri","5/15/20","59","9","29107","15.25"
"Lawrence","0","7","Missouri","5/15/20","7","0","29109","0"
"Lewis","0","7","Missouri","5/15/20","6","1","29111","16.67"
"Lincoln","4","103","Missouri","5/15/20","77","26","29113","33.77"
"Linn","0","5","Missouri","5/15/20","5","0","29115","0"
"Livingston","0","3","Missouri","5/15/20","3","0","29117","0"
"Macon","0","2","Missouri","5/15/20","2","0","29121","0"
"Madison","0","3","Missouri","5/15/20","2","1","29123","50"
"Maries","0","2","Missouri","5/15/20","2","0","29125","0"
"Marion","0","5","Missouri","5/15/20","5","0","29127","0"
"McDonald","0","7","Missouri","5/15/20","4","3","29119","75"
"Miller","0","4","Missouri","5/15/20","3","1","29131","33.33"
"Mississippi","0","49","Missouri","5/15/20","49","0","29133","0"
"Moniteau","0","44","Missouri","5/15/20","43","1","29135","2.33"
"Montgomery","0","7","Missouri","5/15/20","7","0","29139","0"
"Morgan","0","7","Missouri","5/15/20","7","0","29141","0"
"New Madrid","0","13","Missouri","5/15/20","11","2","29143","18.18"
"Newton","0","13","Missouri","5/15/20","11","2","29145","18.18"
"Nodaway","0","5","Missouri","5/15/20","5","0","29147","0"
"Oregon","0","2","Missouri","5/15/20","2","0","29149","0"
"Osage","0","5","Missouri","5/15/20","5","0","29151","0"
"Pemiscot","2","68","Missouri","5/15/20","57","11","29155","19.3"
"Perry","0","46","Missouri","5/15/20","45","1","29157","2.22"
"Pettis","2","70","Missouri","5/15/20","57","13","29159","22.81"
"Phelps","0","2","Missouri","5/15/20","2","0","29161","0"
"Pike","0","14","Missouri","5/15/20","13","1","29163","7.69"
"Platte","2","54","Missouri","5/15/20","39","15","29165","38.46"
"Polk","0","1","Missouri","5/15/20","1","0","29167","0"
"Pulaski","0","36","Missouri","5/15/20","36","0","29169","0"
"Ralls","0","2","Missouri","5/15/20","1","1","29173","100"
"Randolph","0","8","Missouri","5/15/20","8","0","29175","0"
"Ray","0","12","Missouri","5/15/20","12","0","29177","0"
"Reynolds","0","2","Missouri","5/15/20","2","0","29179","0"
"Ripley","0","6","Missouri","5/15/20","5","1","29181","20"
"Saline","4","241","Missouri","5/15/20","214","27","29195","12.62"
"Scotland","0","4","Missouri","5/15/20","4","0","29199","0"
"Scott","1","85","Missouri","5/15/20","78","7","29201","8.97"
"Shelby","0","1","Missouri","5/15/20","1","0","29205","0"
"St. Charles","5","688","Missouri","5/15/20","655","33","29183","5.04"
"St. Clair","0","2","Missouri","5/15/20","2","0","29185","0"
"St. Francois","1","33","Missouri","5/15/20","29","4","29187","13.79"
"St. Louis","56","4278","Missouri","5/15/20","3888","390","29189","10.03"
"St. Louis City","18","1602","Missouri","5/15/20","1474","128","29510","8.68"
"Ste. Genevieve","0","8","Missouri","5/15/20","8","0","29186","0"
"Stoddard","1","34","Missouri","5/15/20","24","10","29207","41.67"
"Stone","0","3","Missouri","5/15/20","3","0","29209","0"
"Sullivan","2","13","Missouri","5/15/20","1","12","29211","1200"
"Taney","0","12","Missouri","5/15/20","12","0","29213","0"
"Vernon","0","4","Missouri","5/15/20","4","0","29217","0"
"Warren","0","28","Missouri","5/15/20","28","0","29219","0"
"Washington","0","9","Missouri","5/15/20","9","0","29221","0"
"Webster","0","16","Missouri","5/15/20","16","0","29225","0"
"Worth","0","2","Missouri","5/15/20","1","1","29227","100"
"Wright","0","10","Missouri","5/15/20","10","0","29229","0"
"Beaverhead","0","1","Montana","5/15/20","1","0","30001","0"
"Big Horn","1","8","Montana","5/15/20","3","5","30003","166.67"
"Broadwater","0","4","Montana","5/15/20","4","0","30007","0"
"Carbon","0","6","Montana","5/15/20","6","0","30009","0"
"Cascade","0","17","Montana","5/15/20","16","1","30013","6.25"
"Deer Lodge","0","3","Montana","5/15/20","3","0","30023","0"
"Flathead","0","37","Montana","5/15/20","37","0","30029","0"
"Gallatin","0","149","Montana","5/15/20","148","1","30031","0.68"
"Glacier","0","6","Montana","5/15/20","6","0","30035","0"
"Golden Valley","0","3","Montana","5/15/20","3","0","30037","0"
"Hill","0","1","Montana","5/15/20","1","0","30041","0"
"Jefferson","0","3","Montana","5/15/20","2","1","30043","50"
"Lake","0","5","Montana","5/15/20","5","0","30047","0"
"Lewis and Clark","0","16","Montana","5/15/20","16","0","30049","0"
"Liberty","0","1","Montana","5/15/20","1","0","30051","0"
"Lincoln","0","7","Montana","5/15/20","7","0","30053","0"
"Madison","0","8","Montana","5/15/20","8","0","30057","0"
"Meagher","0","1","Montana","5/15/20","1","0","30059","0"
"Missoula","0","39","Montana","5/15/20","39","0","30063","0"
"Musselshell","0","1","Montana","5/15/20","1","0","30065","0"
"Park","0","8","Montana","5/15/20","8","0","30067","0"
"Pondera","0","2","Montana","5/15/20","2","0","30073","0"
"Ravalli","0","5","Montana","5/15/20","5","0","30081","0"
"Richland","0","3","Montana","5/15/20","3","0","30083","0"
"Roosevelt","0","7","Montana","5/15/20","7","0","30085","0"
"Silver Bow","0","11","Montana","5/15/20","11","0","30093","0"
"Stillwater","0","1","Montana","5/15/20","1","0","30095","0"
"Toole","0","29","Montana","5/15/20","29","0","30101","0"
"Wheatland","0","1","Montana","5/15/20","1","0","30107","0"
"Yellowstone","0","83","Montana","5/15/20","83","0","30111","0"
"Adams","4","246","Nebraska","5/15/20","218","28","31001","12.84"
"Antelope","0","5","Nebraska","5/15/20","5","0","31003","0"
"Boone","0","3","Nebraska","5/15/20","2","1","31011","50"
"Box Butte","0","1","Nebraska","5/15/20","1","0","31013","0"
"Buffalo","2","134","Nebraska","5/15/20","119","15","31019","12.61"
"Burt","0","5","Nebraska","5/15/20","5","0","31021","0"
"Butler","2","28","Nebraska","5/15/20","15","13","31023","86.67"
"Cass","1","15","Nebraska","5/15/20","9","6","31025","66.67"
"Cedar","0","6","Nebraska","5/15/20","5","1","31027","20"
"Cherry","0","1","Nebraska","5/15/20","1","0","31031","0"
"Cheyenne","0","8","Nebraska","5/15/20","8","0","31033","0"
"Clay","1","15","Nebraska","5/15/20","11","4","31035","36.36"
"Colfax","13","481","Nebraska","5/15/20","391","90","31037","23.02"
"Cuming","1","16","Nebraska","5/15/20","10","6","31039","60"
"Custer","0","29","Nebraska","5/15/20","27","2","31041","7.41"
"Dakota","17","1444","Nebraska","5/15/20","1323","121","31043","9.15"
"Dawes","0","1","Nebraska","5/15/20","0","1","31045","1"
"Dawson","14","778","Nebraska","5/15/20","680","98","31047","14.41"
"Dixon","0","25","Nebraska","5/15/20","23","2","31051","8.7"
"Dodge","12","225","Nebraska","5/15/20","139","86","31053","61.87"
"Douglas","107","2093","Nebraska","5/15/20","1342","751","31055","55.96"
"Fillmore","0","4","Nebraska","5/15/20","3","1","31059","33.33"
"Franklin","0","5","Nebraska","5/15/20","5","0","31061","0"
"Frontier","0","1","Nebraska","5/15/20","1","0","31063","0"
"Furnas","0","5","Nebraska","5/15/20","4","1","31065","25"
"Gage","0","42","Nebraska","5/15/20","40","2","31067","5"
"Gosper","0","13","Nebraska","5/15/20","12","1","31073","8.33"
"Greeley","0","2","Nebraska","5/15/20","2","0","31077","0"
"Hall","14","1409","Nebraska","5/15/20","1311","98","31079","7.48"
"Hamilton","0","48","Nebraska","5/15/20","45","3","31081","6.67"
"Hitchcock","0","1","Nebraska","5/15/20","1","0","31087","0"
"Holt","0","1","Nebraska","5/15/20","1","0","31089","0"
"Howard","2","32","Nebraska","5/15/20","21","11","31093","52.38"
"Jefferson","0","5","Nebraska","5/15/20","4","1","31095","25"
"Johnson","0","6","Nebraska","5/15/20","5","1","31097","20"
"Kearney","1","10","Nebraska","5/15/20","6","4","31099","66.67"
"Keith","0","2","Nebraska","5/15/20","2","0","31101","0"
"Kimball","0","9","Nebraska","5/15/20","9","0","31105","0"
"Knox","0","8","Nebraska","5/15/20","5","3","31107","60"
"Lancaster","27","733","Nebraska","5/15/20","547","186","31109","34"
"Lincoln","0","42","Nebraska","5/15/20","39","3","31111","7.69"
"Madison","3","264","Nebraska","5/15/20","243","21","31119","8.64"
"Merrick","1","28","Nebraska","5/15/20","21","7","31121","33.33"
"Morrill","0","10","Nebraska","5/15/20","8","2","31123","25"
"Nance","0","4","Nebraska","5/15/20","4","0","31125","0"
"Nemaha","0","2","Nebraska","5/15/20","1","1","31127","100"
"Otoe","0","5","Nebraska","5/15/20","2","3","31131","150"
"Phelps","1","13","Nebraska","5/15/20","8","5","31137","62.5"
"Pierce","0","1","Nebraska","5/15/20","1","0","31139","0"
"Platte","15","426","Nebraska","5/15/20","324","102","31141","31.48"
"Polk","0","9","Nebraska","5/15/20","9","0","31143","0"
"Red Willow","0","5","Nebraska","5/15/20","5","0","31145","0"
"Richardson","0","1","Nebraska","5/15/20","0","1","31147","1"
"Saline","12","403","Nebraska","5/15/20","320","83","31151","25.94"
"Sarpy","13","309","Nebraska","5/15/20","218","91","31153","41.74"
"Saunders","1","18","Nebraska","5/15/20","11","7","31155","63.64"
"Scotts Bluff","2","51","Nebraska","5/15/20","39","12","31157","30.77"
"Seward","1","23","Nebraska","5/15/20","16","7","31159","43.75"
"Sherman","0","2","Nebraska","5/15/20","2","0","31163","0"
"Stanton","1","15","Nebraska","5/15/20","8","7","31167","87.5"
"Thayer","0","1","Nebraska","5/15/20","0","1","31169","1"
"Thomas","0","1","Nebraska","5/15/20","1","0","31171","0"
"Thurston","1","18","Nebraska","5/15/20","12","6","31173","50"
"Valley","0","3","Nebraska","5/15/20","1","2","31175","200"
"Washington","0","24","Nebraska","5/15/20","22","2","31177","9.09"
"Wayne","0","4","Nebraska","5/15/20","1","3","31179","300"
"Webster","0","5","Nebraska","5/15/20","5","0","31181","0"
"York","2","28","Nebraska","5/15/20","15","13","31185","86.67"
"Carson City","2","65","Nevada","5/15/20","51","14","32510","27.45"
"Churchill","0","5","Nevada","5/15/20","3","2","32001","66.67"
"Clark","95","5235","Nevada","5/15/20","4573","662","32003","14.48"
"Douglas","0","24","Nevada","5/15/20","23","1","32005","4.35"
"Elko","0","18","Nevada","5/15/20","15","3","32007","20"
"Humboldt","2","71","Nevada","5/15/20","58","13","32013","22.41"
"Lander","1","19","Nevada","5/15/20","14","5","32015","35.71"
"Lincoln","0","2","Nevada","5/15/20","1","1","32017","100"
"Lyon","1","47","Nevada","5/15/20","37","10","32019","27.03"
"Mineral","0","4","Nevada","5/15/20","4","0","32021","0"
"Nye","1","49","Nevada","5/15/20","44","5","32023","11.36"
"Storey","0","1","Nevada","5/15/20","0","1","32029","1"
"Washoe","18","1190","Nevada","5/15/20","1065","125","32031","11.74"
"White Pine","0","3","Nevada","5/15/20","3","0","32033","0"
"Belknap","1","50","New Hampshire","5/15/20","42","8","33001","19.05"
"Carroll","0","39","New Hampshire","5/15/20","36","3","33003","8.33"
"Cheshire","1","47","New Hampshire","5/15/20","43","4","33005","9.3"
"Coos","0","4","New Hampshire","5/15/20","2","2","33007","100"
"Grafton","1","61","New Hampshire","5/15/20","56","5","33009","8.93"
"Hillsborough","44","1680","New Hampshire","5/15/20","1375","305","33011","22.18"
"Merrimack","5","261","New Hampshire","5/15/20","227","34","33013","14.98"
"Rockingham","13","1040","New Hampshire","5/15/20","949","91","33015","9.59"
"Strafford","7","221","New Hampshire","5/15/20","175","46","33017","26.29"
"Sullivan","0","16","New Hampshire","5/15/20","14","2","33019","14.29"
"Atlantic","36","1678","New Jersey","5/15/20","1423","255","34001","17.92"
"Bergen","69","17195","New Jersey","5/15/20","16709","486","34003","2.91"
"Burlington","60","3849","New Jersey","5/15/20","3431","418","34005","12.18"
"Camden","91","5255","New Jersey","5/15/20","4619","636","34007","13.77"
"Cape May","9","487","New Jersey","5/15/20","424","63","34009","14.86"
"Cumberland","52","1488","New Jersey","5/15/20","1124","364","34011","32.38"
"Essex","108","16103","New Jersey","5/15/20","15350","753","34013","4.91"
"Gloucester","28","1788","New Jersey","5/15/20","1593","195","34015","12.24"
"Hudson","98","18048","New Jersey","5/15/20","17365","683","34017","3.93"
"Hunterdon","11","777","New Jersey","5/15/20","701","76","34019","10.84"
"Mercer","80","5673","New Jersey","5/15/20","5111","562","34021","11"
"Middlesex","116","14429","New Jersey","5/15/20","13617","812","34023","5.96"
"Monmouth","67","7224","New Jersey","5/15/20","6752","472","34025","6.99"
"Morris","32","5990","New Jersey","5/15/20","5767","223","34027","3.87"
"Ocean","79","7829","New Jersey","5/15/20","7277","552","34029","7.59"
"Passaic","93","14930","New Jersey","5/15/20","14280","650","34031","4.55"
"Salem","12","446","New Jersey","5/15/20","363","83","34033","22.87"
"Somerset","30","4181","New Jersey","5/15/20","3968","213","34035","5.37"
"Sussex","5","1050","New Jersey","5/15/20","1015","35","34037","3.45"
"Union","82","14492","New Jersey","5/15/20","13917","575","34039","4.13"
"Warren","5","1072","New Jersey","5/15/20","1034","38","34041","3.68"
"Bernalillo","21","1180","New Mexico","5/15/20","1030","150","35001","14.56"
"Catron","0","2","New Mexico","5/15/20","2","0","35003","0"
"Chaves","0","30","New Mexico","5/15/20","27","3","35005","11.11"
"Cibola","2","100","New Mexico","5/15/20","85","15","35006","17.65"
"Colfax","0","5","New Mexico","5/15/20","5","0","35007","0"
"Curry","1","36","New Mexico","5/15/20","28","8","35009","28.57"
"Dona Ana","9","270","New Mexico","5/15/20","206","64","35013","31.07"
"Eddy","0","17","New Mexico","5/15/20","14","3","35015","21.43"
"Grant","0","16","New Mexico","5/15/20","15","1","35017","6.67"
"Guadalupe","1","19","New Mexico","5/15/20","15","4","35019","26.67"
"Harding","0","1","New Mexico","5/15/20","1","0","35021","0"
"Lea","0","15","New Mexico","5/15/20","14","1","35025","7.14"
"Lincoln","0","2","New Mexico","5/15/20","2","0","35027","0"
"Los Alamos","0","6","New Mexico","5/15/20","6","0","35028","0"
"Luna","0","8","New Mexico","5/15/20","7","1","35029","14.29"
"McKinley","47","1787","New Mexico","5/15/20","1460","327","35031","22.4"
"Otero","-1","8","New Mexico","5/15/20","15","-7","35035","-46.67"
"Quay","0","5","New Mexico","5/15/20","4","1","35037","25"
"Rio Arriba","0","30","New Mexico","5/15/20","27","3","35039","11.11"
"Roosevelt","0","14","New Mexico","5/15/20","11","3","35041","27.27"
"San Juan","41","1274","New Mexico","5/15/20","989","285","35045","28.82"
"San Miguel","1","9","New Mexico","5/15/20","5","4","35047","80"
"Sandoval","5","483","New Mexico","5/15/20","451","32","35043","7.1"
"Santa Fe","1","114","New Mexico","5/15/20","110","4","35049","3.64"
"Sierra","0","1","New Mexico","5/15/20","1","0","35051","0"
"Socorro","0","49","New Mexico","5/15/20","48","1","35053","2.08"
"Taos","0","23","New Mexico","5/15/20","20","3","35055","15"
"Torrance","0","18","New Mexico","5/15/20","17","1","35057","5.88"
"Union","0","3","New Mexico","5/15/20","3","0","35059","0"
"Valencia","1","63","New Mexico","5/15/20","55","8","35061","14.55"
"Albany","22","1538","New York","5/15/20","1384","154","36001","11.13"
"Allegany","1","44","New York","5/15/20","35","9","36003","25.71"
"Broome","4","390","New York","5/15/20","364","26","36007","7.14"
"Cattaraugus","1","64","New York","5/15/20","59","5","36009","8.47"
"Cayuga","1","61","New York","5/15/20","52","9","36011","17.31"
"Chautauqua","1","45","New York","5/15/20","40","5","36013","12.5"
"Chemung","0","133","New York","5/15/20","130","3","36015","2.31"
"Chenango","1","113","New York","5/15/20","105","8","36017","7.62"
"Clinton","2","85","New York","5/15/20","74","11","36019","14.86"
"Columbia","4","333","New York","5/15/20","304","29","36021","9.54"
"Cortland","1","33","New York","5/15/20","29","4","36023","13.79"
"Delaware","1","67","New York","5/15/20","63","4","36025","6.35"
"Dutchess","32","3498","New York","5/15/20","3277","221","36027","6.74"
"Erie","75","4782","New York","5/15/20","4255","527","36029","12.39"
"Essex","0","32","New York","5/15/20","31","1","36031","3.23"
"Franklin","0","17","New York","5/15/20","17","0","36033","0"
"Fulton","6","145","New York","5/15/20","103","42","36035","40.78"
"Genesee","1","175","New York","5/15/20","169","6","36037","3.55"
"Greene","1","209","New York","5/15/20","199","10","36039","5.03"
"Hamilton","0","5","New York","5/15/20","5","0","36041","0"
"Herkimer","2","87","New York","5/15/20","76","11","36043","14.47"
"Jefferson","1","71","New York","5/15/20","66","5","36045","7.58"
"Lewis","0","12","New York","5/15/20","10","2","36049","20"
"Livingston","1","106","New York","5/15/20","100","6","36051","6"
"Madison","1","256","New York","5/15/20","249","7","36053","2.81"
"Monroe","51","2091","New York","5/15/20","1735","356","36055","20.52"
"Montgomery","1","72","New York","5/15/20","64","8","36057","12.5"
"Nassau","150","38864","New York","5/15/20","37812","1052","36059","2.78"
"New York","1225","190357","New York","5/15/20","181783","8574","36061","4.72"
"Niagara","20","743","New York","5/15/20","605","138","36063","22.81"
"Oneida","13","713","New York","5/15/20","620","93","36065","15"
"Onondaga","39","1440","New York","5/15/20","1169","271","36067","23.18"
"Ontario","4","133","New York","5/15/20","104","29","36069","27.88"
"Orange","60","9825","New York","5/15/20","9402","423","36071","4.5"
"Orleans","4","147","New York","5/15/20","121","26","36073","21.49"
"Oswego","1","80","New York","5/15/20","72","8","36075","11.11"
"Otsego","0","67","New York","5/15/20","67","0","36077","0"
"Putnam","7","1121","New York","5/15/20","1074","47","36079","4.38"
"Rensselaer","7","428","New York","5/15/20","380","48","36083","12.63"
"Rockland","41","12637","New York","5/15/20","12349","288","36087","2.33"
"Saratoga","5","421","New York","5/15/20","388","33","36091","8.51"
"Schenectady","6","603","New York","5/15/20","558","45","36093","8.06"
"Schoharie","0","47","New York","5/15/20","45","2","36095","4.44"
"Schuyler","0","8","New York","5/15/20","7","1","36097","14.29"
"Seneca","0","49","New York","5/15/20","46","3","36099","6.52"
"St. Lawrence","1","192","New York","5/15/20","187","5","36089","2.67"
"Steuben","1","231","New York","5/15/20","225","6","36101","2.67"
"Suffolk","214","37719","New York","5/15/20","36223","1496","36103","4.13"
"Sullivan","21","1189","New York","5/15/20","1039","150","36105","14.44"
"Tioga","2","110","New York","5/15/20","99","11","36107","11.11"
"Tompkins","1","136","New York","5/15/20","131","5","36109","3.82"
"Ulster","12","1511","New York","5/15/20","1429","82","36111","5.74"
"Warren","4","228","New York","5/15/20","199","29","36113","14.57"
"Washington","2","217","New York","5/15/20","201","16","36115","7.96"
"Wayne","2","91","New York","5/15/20","79","12","36117","15.19"
"Westchester","148","31943","New York","5/15/20","30905","1038","36119","3.36"
"Wyoming","1","77","New York","5/15/20","73","4","36121","5.48"
"Yates","0","22","New York","5/15/20","20","2","36123","10"
"Alamance","7","196","North Carolina","5/15/20","149","47","37001","31.54"
"Alexander","1","15","North Carolina","5/15/20","8","7","37003","87.5"
"Alleghany","0","10","North Carolina","5/15/20","7","3","37005","42.86"
"Anson","1","43","North Carolina","5/15/20","37","6","37007","16.22"
"Ashe","1","17","North Carolina","5/15/20","7","10","37009","142.86"
"Beaufort","0","27","North Carolina","5/15/20","24","3","37013","12.5"
"Bertie","3","76","North Carolina","5/15/20","58","18","37015","31.03"
"Bladen","3","68","North Carolina","5/15/20","50","18","37017","36"
"Brunswick","0","51","North Carolina","5/15/20","50","1","37019","2"
"Buncombe","7","138","North Carolina","5/15/20","88","50","37021","56.82"
"Burke","7","175","North Carolina","5/15/20","128","47","37023","36.72"
"Cabarrus","5","371","North Carolina","5/15/20","338","33","37025","9.76"
"Caldwell","3","75","North Carolina","5/15/20","52","23","37027","44.23"
"Camden","0","2","North Carolina","5/15/20","2","0","37029","0"
"Carteret","1","36","North Carolina","5/15/20","29","7","37031","24.14"
"Caswell","1","43","North Carolina","5/15/20","38","5","37033","13.16"
"Catawba","4","96","North Carolina","5/15/20","67","29","37035","43.28"
"Chatham","9","495","North Carolina","5/15/20","435","60","37037","13.79"
"Cherokee","1","27","North Carolina","5/15/20","19","8","37039","42.11"
"Chowan","1","12","North Carolina","5/15/20","8","4","37041","50"
"Clay","0","8","North Carolina","5/15/20","6","2","37043","33.33"
"Cleveland","1","54","North Carolina","5/15/20","50","4","37045","8"
"Columbus","7","238","North Carolina","5/15/20","186","52","37047","27.96"
"Craven","5","81","North Carolina","5/15/20","49","32","37049","65.31"
"Cumberland","12","439","North Carolina","5/15/20","356","83","37051","23.31"
"Currituck","0","11","North Carolina","5/15/20","9","2","37053","22.22"
"Dare","0","21","North Carolina","5/15/20","18","3","37055","16.67"
"Davidson","10","270","North Carolina","5/15/20","199","71","37057","35.68"
"Davie","2","43","North Carolina","5/15/20","31","12","37059","38.71"
"Duplin","25","354","North Carolina","5/15/20","180","174","37061","96.67"
"Durham","14","968","North Carolina","5/15/20","872","96","37063","11.01"
"Edgecombe","4","164","North Carolina","5/15/20","139","25","37065","17.99"
"Forsyth","38","616","North Carolina","5/15/20","353","263","37067","74.5"
"Franklin","1","121","North Carolina","5/15/20","111","10","37069","9.01"
"Gaston","6","201","North Carolina","5/15/20","161","40","37071","24.84"
"Gates","0","13","North Carolina","5/15/20","10","3","37073","30"
"Graham","0","2","North Carolina","5/15/20","2","0","37075","0"
"Granville","3","186","North Carolina","5/15/20","164","22","37077","13.41"
"Greene","1","40","North Carolina","5/15/20","34","6","37079","17.65"
"Guilford","31","767","North Carolina","5/15/20","553","214","37081","38.7"
"Halifax","4","107","North Carolina","5/15/20","82","25","37083","30.49"
"Harnett","4","237","North Carolina","5/15/20","207","30","37085","14.49"
"Haywood","0","21","North Carolina","5/15/20","18","3","37087","16.67"
"Henderson","8","274","North Carolina","5/15/20","218","56","37089","25.69"
"Hertford","1","51","North Carolina","5/15/20","46","5","37091","10.87"
"Hoke","3","140","North Carolina","5/15/20","117","23","37093","19.66"
"Hyde","0","1","North Carolina","5/15/20","1","0","37095","0"
"Iredell","4","170","North Carolina","5/15/20","141","29","37097","20.57"
"Jackson","0","23","North Carolina","5/15/20","21","2","37099","9.52"
"Johnston","6","233","North Carolina","5/15/20","191","42","37101","21.99"
"Jones","0","21","North Carolina","5/15/20","19","2","37103","10.53"
"Lee","10","305","North Carolina","5/15/20","238","67","37105","28.15"
"Lenoir","5","141","North Carolina","5/15/20","105","36","37107","34.29"
"Lincoln","1","44","North Carolina","5/15/20","39","5","37109","12.82"
"Macon","0","3","North Carolina","5/15/20","3","0","37113","0"
"Madison","0","1","North Carolina","5/15/20","1","0","37115","0"
"Martin","1","34","North Carolina","5/15/20","28","6","37117","21.43"
"McDowell","0","30","North Carolina","5/15/20","29","1","37111","3.45"
"Mecklenburg","57","2385","North Carolina","5/15/20","1989","396","37119","19.91"
"Mitchell","0","5","North Carolina","5/15/20","5","0","37121","0"
"Montgomery","1","48","North Carolina","5/15/20","43","5","37123","11.63"
"Moore","2","164","North Carolina","5/15/20","148","16","37125","10.81"
"Nash","5","149","North Carolina","5/15/20","116","33","37127","28.45"
"New Hanover","4","127","North Carolina","5/15/20","97","30","37129","30.93"
"Northampton","4","129","North Carolina","5/15/20","102","27","37131","26.47"
"Onslow","2","67","North Carolina","5/15/20","53","14","37133","26.42"
"Orange","3","266","North Carolina","5/15/20","244","22","37135","9.02"
"Pamlico","0","8","North Carolina","5/15/20","8","0","37137","0"
"Pasquotank","1","83","North Carolina","5/15/20","75","8","37139","10.67"
"Pender","3","43","North Carolina","5/15/20","23","20","37141","86.96"
"Perquimans","1","21","North Carolina","5/15/20","14","7","37143","50"
"Person","0","32","North Carolina","5/15/20","29","3","37145","10.34"
"Pitt","5","196","North Carolina","5/15/20","160","36","37147","22.5"
"Polk","0","32","North Carolina","5/15/20","31","1","37149","3.23"
"Randolph","16","422","North Carolina","5/15/20","307","115","37151","37.46"
"Richmond","3","104","North Carolina","5/15/20","81","23","37153","28.4"
"Robeson","27","519","North Carolina","5/15/20","327","192","37155","58.72"
"Rockingham","1","44","North Carolina","5/15/20","38","6","37157","15.79"
"Rowan","7","517","North Carolina","5/15/20","467","50","37159","10.71"
"Rutherford","1","153","North Carolina","5/15/20","149","4","37161","2.68"
"Sampson","12","219","North Carolina","5/15/20","136","83","37163","61.03"
"Scotland","2","48","North Carolina","5/15/20","36","12","37165","33.33"
"Stanly","0","32","North Carolina","5/15/20","30","2","37167","6.67"
"Stokes","2","23","North Carolina","5/15/20","11","12","37169","109.09"
"Surry","5","67","North Carolina","5/15/20","30","37","37171","123.33"
"Swain","0","6","North Carolina","5/15/20","5","1","37173","20"
"Transylvania","0","7","North Carolina","5/15/20","8","-1","37175","-12.5"
"Tyrrell","0","4","North Carolina","5/15/20","4","0","37177","0"
"Union","8","337","North Carolina","5/15/20","284","53","37179","18.66"
"Vance","6","195","North Carolina","5/15/20","153","42","37181","27.45"
"Wake","22","1165","North Carolina","5/15/20","1008","157","37183","15.58"
"Warren","1","26","North Carolina","5/15/20","22","4","37185","18.18"
"Washington","0","26","North Carolina","5/15/20","25","1","37187","4"
"Watauga","0","9","North Carolina","5/15/20","9","0","37189","0"
"Wayne","12","801","North Carolina","5/15/20","715","86","37191","12.03"
"Wilkes","13","287","North Carolina","5/15/20","198","89","37193","44.95"
"Wilson","3","222","North Carolina","5/15/20","199","23","37195","11.56"
"Yadkin","8","92","North Carolina","5/15/20","39","53","37197","135.9"
"Yancey","0","8","North Carolina","5/15/20","7","1","37199","14.29"
"Barnes","0","4","North Dakota","5/15/20","4","0","38003","0"
"Benson","0","1","North Dakota","5/15/20","2","-1","38005","-50"
"Bowman","0","1","North Dakota","5/15/20","1","0","38011","0"
"Burke","0","5","North Dakota","5/15/20","5","0","38013","0"
"Burleigh","1","109","North Dakota","5/15/20","103","6","38015","5.83"
"Cass","40","1032","North Dakota","5/15/20","752","280","38017","37.23"
"Divide","0","1","North Dakota","5/15/20","1","0","38023","0"
"Dunn","0","11","North Dakota","5/15/20","11","0","38025","0"
"Eddy","0","2","North Dakota","5/15/20","1","1","38027","100"
"Emmons","0","1","North Dakota","5/15/20","1","0","38029","0"
"Foster","0","1","North Dakota","5/15/20","1","0","38031","0"
"Grand Forks","4","307","North Dakota","5/15/20","282","25","38035","8.87"
"Grant","0","2","North Dakota","5/15/20","1","1","38037","100"
"McHenry","0","2","North Dakota","5/15/20","1","1","38049","100"
"McIntosh","0","1","North Dakota","5/15/20","1","0","38051","0"
"McKenzie","0","15","North Dakota","5/15/20","15","0","38053","0"
"McLean","0","5","North Dakota","5/15/20","5","0","38055","0"
"Mercer","0","4","North Dakota","5/15/20","3","1","38057","33.33"
"Morton","1","39","North Dakota","5/15/20","35","4","38059","11.43"
"Mountrail","0","38","North Dakota","5/15/20","37","1","38061","2.7"
"Nelson","0","1","North Dakota","5/15/20","1","0","38063","0"
"Oliver","0","1","North Dakota","5/15/20","1","0","38065","0"
"Pembina","0","6","North Dakota","5/15/20","6","0","38067","0"
"Pierce","0","3","North Dakota","5/15/20","3","0","38069","0"
"Ramsey","0","7","North Dakota","5/15/20","5","2","38071","40"
"Ransom","0","3","North Dakota","5/15/20","2","1","38073","50"
"Renville","0","1","North Dakota","5/15/20","1","0","38075","0"
"Richland","0","9","North Dakota","5/15/20","8","1","38077","12.5"
"Rolette","0","4","North Dakota","5/15/20","2","2","38079","100"
"Sargent","0","3","North Dakota","5/15/20","3","0","38081","0"
"Sioux","0","1","North Dakota","5/15/20","1","0","38085","0"
"Slope","0","3","North Dakota","5/15/20","3","0","38087","0"
"Stark","0","61","North Dakota","5/15/20","60","1","38089","1.67"
"Stutsman","1","16","North Dakota","5/15/20","12","4","38093","33.33"
"Traill","0","1","North Dakota","5/15/20","1","0","38097","0"
"Walsh","0","9","North Dakota","5/15/20","8","1","38099","12.5"
"Ward","0","28","North Dakota","5/15/20","26","2","38101","7.69"
"Wells","0","2","North Dakota","5/15/20","2","0","38103","0"
"Williams","0","21","North Dakota","5/15/20","18","3","38105","16.67"
"","1","19","Northern Mariana Islands","5/15/20","15","4",,"26.67"
"Adams","0","8","Ohio","5/15/20","5","3","39001","60"
"Allen","4","164","Ohio","5/15/20","139","25","39003","17.99"
"Ashland","0","15","Ohio","5/15/20","12","3","39005","25"
"Ashtabula","7","223","Ohio","5/15/20","172","51","39007","29.65"
"Athens","1","8","Ohio","5/15/20","4","4","39009","100"
"Auglaize","2","54","Ohio","5/15/20","42","12","39011","28.57"
"Belmont","12","300","Ohio","5/15/20","216","84","39013","38.89"
"Brown","1","22","Ohio","5/15/20","16","6","39015","37.5"
"Butler","22","558","Ohio","5/15/20","404","154","39017","38.12"
"Carroll","0","24","Ohio","5/15/20","23","1","39019","4.35"
"Champaign","1","22","Ohio","5/15/20","16","6","39021","37.5"
"Clark","7","131","Ohio","5/15/20","80","51","39023","63.75"
"Clermont","3","144","Ohio","5/15/20","120","24","39025","20"
"Clinton","1","38","Ohio","5/15/20","33","5","39027","15.15"
"Columbiana","12","397","Ohio","5/15/20","313","84","39029","26.84"
"Coshocton","0","20","Ohio","5/15/20","19","1","39031","5.26"
"Crawford","3","92","Ohio","5/15/20","69","23","39033","33.33"
"Cuyahoga","70","3156","Ohio","5/15/20","2668","488","39035","18.29"
"Darke","3","102","Ohio","5/15/20","82","20","39037","24.39"
"Defiance","1","25","Ohio","5/15/20","21","4","39039","19.05"
"Delaware","6","241","Ohio","5/15/20","199","42","39041","21.11"
"Erie","1","88","Ohio","5/15/20","78","10","39043","12.82"
"Fairfield","5","203","Ohio","5/15/20","171","32","39045","18.71"
"Fayette","1","28","Ohio","5/15/20","23","5","39047","21.74"
"Franklin","102","4330","Ohio","5/15/20","3615","715","39049","19.78"
"Fulton","1","34","Ohio","5/15/20","30","4","39051","13.33"
"Gallia","0","6","Ohio","5/15/20","6","0","39053","0"
"Geauga","4","212","Ohio","5/15/20","187","25","39055","13.37"
"Greene","3","73","Ohio","5/15/20","52","21","39057","40.38"
"Guernsey","0","22","Ohio","5/15/20","20","2","39059","10"
"Hamilton","42","1961","Ohio","5/15/20","1664","297","39061","17.85"
"Hancock","1","44","Ohio","5/15/20","39","5","39063","12.82"
"Hardin","0","29","Ohio","5/15/20","27","2","39065","7.41"
"Harrison","0","9","Ohio","5/15/20","6","3","39067","50"
"Henry","0","10","Ohio","5/15/20","8","2","39069","25"
"Highland","0","14","Ohio","5/15/20","11","3","39071","27.27"
"Hocking","2","31","Ohio","5/15/20","20","11","39073","55"
"Holmes","0","10","Ohio","5/15/20","7","3","39075","42.86"
"Huron","0","39","Ohio","5/15/20","37","2","39077","5.41"
"Jackson","0","10","Ohio","5/15/20","7","3","39079","42.86"
"Jefferson","1","59","Ohio","5/15/20","50","9","39081","18"
"Knox","0","21","Ohio","5/15/20","20","1","39083","5"
"Lake","3","214","Ohio","5/15/20","192","22","39085","11.46"
"Lawrence","0","27","Ohio","5/15/20","24","3","39087","12.5"
"Licking","5","182","Ohio","5/15/20","150","32","39089","21.33"
"Logan","0","24","Ohio","5/15/20","23","1","39091","4.35"
"Lorain","7","585","Ohio","5/15/20","537","48","39093","8.94"
"Lucas","37","1921","Ohio","5/15/20","1665","256","39095","15.38"
"Madison","2","95","Ohio","5/15/20","78","17","39097","21.79"
"Mahoning","14","1185","Ohio","5/15/20","1087","98","39099","9.02"
"Marion","10","2436","Ohio","5/15/20","2366","70","39101","2.96"
"Medina","3","210","Ohio","5/15/20","190","20","39103","10.53"
"Meigs","0","3","Ohio","5/15/20","3","0","39105","0"
"Mercer","8","115","Ohio","5/15/20","62","53","39107","85.48"
"Miami","21","326","Ohio","5/15/20","176","150","39109","85.23"
"Monroe","6","53","Ohio","5/15/20","8","45","39111","562.5"
"Montgomery","19","489","Ohio","5/15/20","356","133","39113","37.36"
"Morgan","0","5","Ohio","5/15/20","5","0","39115","0"
"Morrow","2","97","Ohio","5/15/20","84","13","39117","15.48"
"Muskingum","1","31","Ohio","5/15/20","24","7","39119","29.17"
"Noble","0","5","Ohio","5/15/20","5","0","39121","0"
"Ottawa","2","57","Ohio","5/15/20","45","12","39123","26.67"
"Paulding","0","11","Ohio","5/15/20","8","3","39125","37.5"
"Perry","0","15","Ohio","5/15/20","13","2","39127","15.38"
"Pickaway","23","2005","Ohio","5/15/20","1842","163","39129","8.85"
"Pike","0","5","Ohio","5/15/20","4","1","39131","25"
"Portage","2","289","Ohio","5/15/20","272","17","39133","6.25"
"Preble","0","28","Ohio","5/15/20","27","1","39135","3.7"
"Putnam","1","80","Ohio","5/15/20","75","5","39137","6.67"
"Richland","7","150","Ohio","5/15/20","103","47","39139","45.63"
"Ross","1","58","Ohio","5/15/20","49","9","39141","18.37"
"Sandusky","1","56","Ohio","5/15/20","47","9","39143","19.15"
"Scioto","0","13","Ohio","5/15/20","13","0","39145","0"
"Seneca","0","15","Ohio","5/15/20","14","1","39147","7.14"
"Shelby","1","35","Ohio","5/15/20","31","4","39149","12.9"
"Stark","12","548","Ohio","5/15/20","464","84","39151","18.1"
"Summit","17","989","Ohio","5/15/20","867","122","39153","14.07"
"Trumbull","7","440","Ohio","5/15/20","392","48","39155","12.24"
"Tuscarawas","11","246","Ohio","5/15/20","168","78","39157","46.43"
"Union","0","30","Ohio","5/15/20","28","2","39159","7.14"
"Van Wert","0","3","Ohio","5/15/20","3","0","39161","0"
"Vinton","1","16","Ohio","5/15/20","10","6","39163","60"
"Warren","10","259","Ohio","5/15/20","191","68","39165","35.6"
"Washington","1","116","Ohio","5/15/20","111","5","39167","4.5"
"Wayne","2","198","Ohio","5/15/20","183","15","39169","8.2"
"Williams","0","46","Ohio","5/15/20","44","2","39171","4.55"
"Wood","2","237","Ohio","5/15/20","220","17","39173","7.73"
"Wyandot","0","29","Ohio","5/15/20","26","3","39175","11.54"
"Adair","0","74","Oklahoma","5/15/20","72","2","40001","2.78"
"Alfalfa","0","1","Oklahoma","5/15/20","1","0","40003","0"
"Atoka","0","1","Oklahoma","5/15/20","1","0","40005","0"
"Beaver","0","22","Oklahoma","5/15/20","19","3","40007","15.79"
"Beckham","0","6","Oklahoma","5/15/20","6","0","40009","0"
"Blaine","0","2","Oklahoma","5/15/20","2","0","40011","0"
"Bryan","0","12","Oklahoma","5/15/20","12","0","40013","0"
"Caddo","2","111","Oklahoma","5/15/20","97","14","40015","14.43"
"Canadian","1","116","Oklahoma","5/15/20","107","9","40017","8.41"
"Carter","0","8","Oklahoma","5/15/20","6","2","40019","33.33"
"Cherokee","0","29","Oklahoma","5/15/20","30","-1","40021","-3.33"
"Choctaw","0","3","Oklahoma","5/15/20","3","0","40023","0"
"Cimarron","0","1","Oklahoma","5/15/20","1","0","40025","0"
"Cleveland","1","459","Oklahoma","5/15/20","453","6","40027","1.32"
"Comanche","13","205","Oklahoma","5/15/20","116","89","40031","76.72"
"Cotton","0","5","Oklahoma","5/15/20","5","0","40033","0"
"Craig","0","13","Oklahoma","5/15/20","13","0","40035","0"
"Creek","0","83","Oklahoma","5/15/20","82","1","40037","1.22"
"Custer","0","12","Oklahoma","5/15/20","11","1","40039","9.09"
"Delaware","0","93","Oklahoma","5/15/20","92","1","40041","1.09"
"Dewey","0","2","Oklahoma","5/15/20","2","0","40043","0"
"Garfield","0","23","Oklahoma","5/15/20","22","1","40047","4.55"
"Garvin","0","16","Oklahoma","5/15/20","14","2","40049","14.29"
"Grady","3","60","Oklahoma","5/15/20","42","18","40051","42.86"
"Grant","0","2","Oklahoma","5/15/20","2","0","40053","0"
"Greer","0","66","Oklahoma","5/15/20","65","1","40055","1.54"
"Harper","0","1","Oklahoma","5/15/20","1","0","40059","0"
"Haskell","0","5","Oklahoma","5/15/20","5","0","40061","0"
"Jackson","0","21","Oklahoma","5/15/20","19","2","40065","10.53"
"Jefferson","0","3","Oklahoma","5/15/20","3","0","40067","0"
"Johnston","0","3","Oklahoma","5/15/20","3","0","40069","0"
"Kay","0","49","Oklahoma","5/15/20","48","1","40071","2.08"
"Kingfisher","0","10","Oklahoma","5/15/20","8","2","40073","25"
"Kiowa","0","7","Oklahoma","5/15/20","6","1","40075","16.67"
"Latimer","0","5","Oklahoma","5/15/20","5","0","40077","0"
"Le Flore","0","13","Oklahoma","5/15/20","13","0","40079","0"
"Lincoln","0","17","Oklahoma","5/15/20","17","0","40081","0"
"Logan","0","18","Oklahoma","5/15/20","18","0","40083","0"
"Love","0","3","Oklahoma","5/15/20","3","0","40085","0"
"Major","0","6","Oklahoma","5/15/20","5","1","40093","20"
"Marshall","0","4","Oklahoma","5/15/20","2","2","40095","100"
"Mayes","0","27","Oklahoma","5/15/20","24","3","40097","12.5"
"McClain","0","86","Oklahoma","5/15/20","85","1","40087","1.18"
"McCurtain","0","9","Oklahoma","5/15/20","8","1","40089","12.5"
"McIntosh","0","8","Oklahoma","5/15/20","5","3","40091","60"
"Murray","0","2","Oklahoma","5/15/20","2","0","40099","0"
"Muskogee","0","29","Oklahoma","5/15/20","28","1","40101","3.57"
"Noble","0","7","Oklahoma","5/15/20","7","0","40103","0"
"Nowata","0","23","Oklahoma","5/15/20","22","1","40105","4.55"
"Okfuskee","0","2","Oklahoma","5/15/20","1","1","40107","100"
"Oklahoma","19","1035","Oklahoma","5/15/20","905","130","40109","14.36"
"Okmulgee","0","16","Oklahoma","5/15/20","16","0","40111","0"
"Osage","1","91","Oklahoma","5/15/20","85","6","40113","7.06"
"Ottawa","0","35","Oklahoma","5/15/20","34","1","40115","2.94"
"Pawnee","0","29","Oklahoma","5/15/20","29","0","40117","0"
"Payne","0","44","Oklahoma","5/15/20","45","-1","40119","-2.22"
"Pittsburg","0","39","Oklahoma","5/15/20","39","0","40121","0"
"Pontotoc","0","10","Oklahoma","5/15/20","10","0","40123","0"
"Pottawatomie","0","55","Oklahoma","5/15/20","54","1","40125","1.85"
"Pushmataha","0","1","Oklahoma","5/15/20","1","0","40127","0"
"Rogers","0","72","Oklahoma","5/15/20","70","2","40131","2.86"
"Seminole","0","21","Oklahoma","5/15/20","20","1","40133","5"
"Sequoyah","0","14","Oklahoma","5/15/20","13","1","40135","7.69"
"Stephens","0","23","Oklahoma","5/15/20","22","1","40137","4.55"
"Texas","38","606","Oklahoma","5/15/20","343","263","40139","76.68"
"Tillman","0","21","Oklahoma","5/15/20","19","2","40141","10.53"
"Tulsa","10","752","Oklahoma","5/15/20","684","68","40143","9.94"
"Wagoner","1","133","Oklahoma","5/15/20","126","7","40145","5.56"
"Washington","1","301","Oklahoma","5/15/20","291","10","40147","3.44"
"Washita","0","1","Oklahoma","5/15/20","0","1","40149","1"
"Woods","0","3","Oklahoma","5/15/20","3","0","40151","0"
"Woodward","0","1","Oklahoma","5/15/20","1","0","40153","0"
"Baker","0","3","Oregon","5/15/20","1","2","41001","200"
"Benton","1","51","Oregon","5/15/20","43","8","41003","18.6"
"Clackamas","4","277","Oregon","5/15/20","250","27","41005","10.8"
"Clatsop","1","36","Oregon","5/15/20","27","9","41007","33.33"
"Columbia","0","16","Oregon","5/15/20","15","1","41009","6.67"
"Coos","0","30","Oregon","5/15/20","29","1","41011","3.45"
"Crook","0","1","Oregon","5/15/20","1","0","41013","0"
"Curry","0","4","Oregon","5/15/20","4","0","41015","0"
"Deschutes","1","94","Oregon","5/15/20","84","10","41017","11.9"
"Douglas","0","25","Oregon","5/15/20","24","1","41019","4.17"
"Grant","0","1","Oregon","5/15/20","1","0","41023","0"
"Harney","0","1","Oregon","5/15/20","1","0","41025","0"
"Hood River","0","14","Oregon","5/15/20","11","3","41027","27.27"
"Jackson","0","50","Oregon","5/15/20","49","1","41029","2.04"
"Jefferson","0","24","Oregon","5/15/20","22","2","41031","9.09"
"Josephine","0","25","Oregon","5/15/20","24","1","41033","4.17"
"Klamath","0","41","Oregon","5/15/20","39","2","41035","5.13"
"Lane","0","61","Oregon","5/15/20","59","2","41039","3.39"
"Lincoln","0","7","Oregon","5/15/20","6","1","41041","16.67"
"Linn","1","109","Oregon","5/15/20","100","9","41043","9"
"Malheur","1","17","Oregon","5/15/20","13","4","41045","30.77"
"Marion","24","797","Oregon","5/15/20","626","171","41047","27.32"
"Morrow","0","12","Oregon","5/15/20","12","0","41049","0"
"Multnomah","17","957","Oregon","5/15/20","839","118","41051","14.06"
"Polk","2","92","Oregon","5/15/20","80","12","41053","15"
"Sherman","0","1","Oregon","5/15/20","1","0","41055","0"
"Tillamook","0","6","Oregon","5/15/20","6","0","41057","0"
"Umatilla","2","91","Oregon","5/15/20","80","11","41059","13.75"
"Union","0","5","Oregon","5/15/20","4","1","41061","25"
"Wallowa","0","2","Oregon","5/15/20","1","1","41063","100"
"Wasco","0","16","Oregon","5/15/20","15","1","41065","6.67"
"Washington","9","620","Oregon","5/15/20","556","64","41067","11.51"
"Yamhill","1","55","Oregon","5/15/20","45","10","41071","22.22"
"Adams","4","183","Pennsylvania","5/15/20","154","29","42001","18.83"
"Allegheny","18","1582","Pennsylvania","5/15/20","1455","127","42003","8.73"
"Armstrong","0","57","Pennsylvania","5/15/20","55","2","42005","3.64"
"Beaver","5","516","Pennsylvania","5/15/20","479","37","42007","7.72"
"Bedford","0","30","Pennsylvania","5/15/20","28","2","42009","7.14"
"Berks","58","3593","Pennsylvania","5/15/20","3190","403","42011","12.63"
"Blair","1","32","Pennsylvania","5/15/20","28","4","42013","14.29"
"Bradford","1","41","Pennsylvania","5/15/20","37","4","42015","10.81"
"Bucks","82","4325","Pennsylvania","5/15/20","3750","575","42017","15.33"
"Butler","1","202","Pennsylvania","5/15/20","192","10","42019","5.21"
"Cambria","1","49","Pennsylvania","5/15/20","40","9","42021","22.5"
"Cameron","0","2","Pennsylvania","5/15/20","2","0","42023","0"
"Carbon","2","206","Pennsylvania","5/15/20","192","14","42025","7.29"
"Centre","2","129","Pennsylvania","5/15/20","117","12","42027","10.26"
"Chester","47","2060","Pennsylvania","5/15/20","1728","332","42029","19.21"
"Clarion","0","24","Pennsylvania","5/15/20","23","1","42031","4.35"
"Clearfield","1","33","Pennsylvania","5/15/20","24","9","42033","37.5"
"Clinton","1","43","Pennsylvania","5/15/20","37","6","42035","16.22"
"Columbia","4","334","Pennsylvania","5/15/20","307","27","42037","8.79"
"Crawford","0","21","Pennsylvania","5/15/20","20","1","42039","5"
"Cumberland","11","492","Pennsylvania","5/15/20","414","78","42041","18.84"
"Dauphin","21","912","Pennsylvania","5/15/20","764","148","42043","19.37"
"Delaware","104","5409","Pennsylvania","5/15/20","4680","729","42045","15.58"
"Elk","0","6","Pennsylvania","5/15/20","5","1","42047","20"
"Erie","2","129","Pennsylvania","5/15/20","113","16","42049","14.16"
"Fayette","0","87","Pennsylvania","5/15/20","84","3","42051","3.57"
"Forest","0","7","Pennsylvania","5/15/20","7","0","42053","0"
"Franklin","18","580","Pennsylvania","5/15/20","452","128","42055","28.32"
"Fulton","1","11","Pennsylvania","5/15/20","7","4","42057","57.14"
"Greene","0","27","Pennsylvania","5/15/20","27","0","42059","0"
"Huntingdon","12","204","Pennsylvania","5/15/20","117","87","42061","74.36"
"Indiana","1","84","Pennsylvania","5/15/20","75","9","42063","12"
"Jefferson","0","7","Pennsylvania","5/15/20","7","0","42065","0"
"Juniata","0","94","Pennsylvania","5/15/20","93","1","42067","1.08"
"Lackawanna","23","1273","Pennsylvania","5/15/20","1114","159","42069","14.27"
"Lancaster","44","2428","Pennsylvania","5/15/20","2122","306","42071","14.42"
"Lawrence","0","72","Pennsylvania","5/15/20","69","3","42073","4.35"
"Lebanon","9","863","Pennsylvania","5/15/20","797","66","42075","8.28"
"Lehigh","37","3396","Pennsylvania","5/15/20","3140","256","42077","8.15"
"Luzerne","21","2491","Pennsylvania","5/15/20","2347","144","42079","6.14"
"Lycoming","5","141","Pennsylvania","5/15/20","109","32","42081","29.36"
"McKean","1","10","Pennsylvania","5/15/20","6","4","42083","66.67"
"Mercer","2","83","Pennsylvania","5/15/20","70","13","42085","18.57"
"Mifflin","1","57","Pennsylvania","5/15/20","50","7","42087","14"
"Monroe","6","1242","Pennsylvania","5/15/20","1198","44","42089","3.67"
"Montgomery","94","5697","Pennsylvania","5/15/20","5037","660","42091","13.1"
"Montour","0","50","Pennsylvania","5/15/20","50","0","42093","0"
"Northampton","30","2600","Pennsylvania","5/15/20","2390","210","42095","8.79"
"Northumberland","3","136","Pennsylvania","5/15/20","118","18","42097","15.25"
"Perry","0","36","Pennsylvania","5/15/20","34","2","42099","5.88"
"Philadelphia","262","19349","Pennsylvania","5/15/20","17517","1832","42101","10.46"
"Pike","5","458","Pennsylvania","5/15/20","422","36","42103","8.53"
"Potter","0","4","Pennsylvania","5/15/20","4","0","42105","0"
"Schuylkill","11","506","Pennsylvania","5/15/20","430","76","42107","17.67"
"Snyder","0","33","Pennsylvania","5/15/20","33","0","42109","0"
"Somerset","0","32","Pennsylvania","5/15/20","32","0","42111","0"
"Sullivan","0","2","Pennsylvania","5/15/20","1","1","42113","100"
"Susquehanna","-1","82","Pennsylvania","5/15/20","86","-4","42115","-4.65"
"Tioga","0","16","Pennsylvania","5/15/20","16","0","42117","0"
"Union","1","44","Pennsylvania","5/15/20","40","4","42119","10"
"Venango","0","7","Pennsylvania","5/15/20","7","0","42121","0"
"Warren","0","2","Pennsylvania","5/15/20","1","1","42123","100"
"Washington","1","129","Pennsylvania","5/15/20","121","8","42125","6.61"
"Wayne","-1","107","Pennsylvania","5/15/20","113","-6","42127","-5.31"
"Westmoreland","1","423","Pennsylvania","5/15/20","413","10","42129","2.42"
"Wyoming","0","28","Pennsylvania","5/15/20","28","0","42131","0"
"York","11","828","Pennsylvania","5/15/20","753","75","42133","9.96"
"","55","2542","Puerto Rico","5/15/20","2156","386",,"17.9"
"Bristol","3","172","Rhode Island","5/15/20","154","18","44001","11.69"
"Kent","26","883","Rhode Island","5/15/20","703","180","44003","25.6"
"Newport","5","197","Rhode Island","5/15/20","161","36","44005","22.36"
"Providence","282","9112","Rhode Island","5/15/20","7138","1974","44007","27.65"
"Washington","9","425","Rhode Island","5/15/20","363","62","44009","17.08"
"Abbeville","0","34","South Carolina","5/15/20","34","0","45001","0"
"Aiken","4","137","South Carolina","5/15/20","112","25","45003","22.32"
"Allendale","1","30","South Carolina","5/15/20","23","7","45005","30.43"
"Anderson","3","202","South Carolina","5/15/20","181","21","45007","11.6"
"Bamberg","0","16","South Carolina","5/15/20","14","2","45009","14.29"
"Barnwell","1","39","South Carolina","5/15/20","32","7","45011","21.88"
"Beaufort","2","288","South Carolina","5/15/20","273","15","45013","5.49"
"Berkeley","1","201","South Carolina","5/15/20","191","10","45015","5.24"
"Calhoun","0","9","South Carolina","5/15/20","7","2","45017","28.57"
"Charleston","3","501","South Carolina","5/15/20","481","20","45019","4.16"
"Cherokee","0","23","South Carolina","5/15/20","21","2","45021","9.52"
"Chester","0","40","South Carolina","5/15/20","39","1","45023","2.56"
"Chesterfield","3","93","South Carolina","5/15/20","72","21","45025","29.17"
"Clarendon","2","274","South Carolina","5/15/20","258","16","45027","6.2"
"Colleton","2","48","South Carolina","5/15/20","32","16","45029","50"
"Darlington","3","194","South Carolina","5/15/20","171","23","45031","13.45"
"Dillon","4","115","South Carolina","5/15/20","84","31","45033","36.9"
"Dorchester","1","110","South Carolina","5/15/20","105","5","45035","4.76"
"Edgefield","1","41","South Carolina","5/15/20","36","5","45037","13.89"
"Fairfield","5","108","South Carolina","5/15/20","76","32","45039","42.11"
"Florence","15","505","South Carolina","5/15/20","399","106","45041","26.57"
"Georgetown","0","51","South Carolina","5/15/20","49","2","45043","4.08"
"Greenville","22","1021","South Carolina","5/15/20","869","152","45045","17.49"
"Greenwood","1","69","South Carolina","5/15/20","62","7","45047","11.29"
"Hampton","0","29","South Carolina","5/15/20","27","2","45049","7.41"
"Horry","5","283","South Carolina","5/15/20","251","32","45051","12.75"
"Jasper","1","25","South Carolina","5/15/20","21","4","45053","19.05"
"Kershaw","2","261","South Carolina","5/15/20","250","11","45055","4.4"
"Lancaster","1","110","South Carolina","5/15/20","103","7","45057","6.8"
"Laurens","2","57","South Carolina","5/15/20","46","11","45059","23.91"
"Lee","5","127","South Carolina","5/15/20","92","35","45061","38.04"
"Lexington","7","512","South Carolina","5/15/20","465","47","45063","10.11"
"Marion","1","48","South Carolina","5/15/20","44","4","45067","9.09"
"Marlboro","2","71","South Carolina","5/15/20","57","14","45069","24.56"
"McCormick","0","7","South Carolina","5/15/20","7","0","45065","0"
"Newberry","0","30","South Carolina","5/15/20","32","-2","45071","-6.25"
"Oconee","1","42","South Carolina","5/15/20","36","6","45073","16.67"
"Orangeburg","1","108","South Carolina","5/15/20","99","9","45075","9.09"
"Pickens","4","89","South Carolina","5/15/20","63","26","45077","41.27"
"Richland","20","1196","South Carolina","5/15/20","1057","139","45079","13.15"
"Saluda","2","98","South Carolina","5/15/20","84","14","45081","16.67"
"Spartanburg","6","376","South Carolina","5/15/20","333","43","45083","12.91"
"Sumter","5","313","South Carolina","5/15/20","281","32","45085","11.39"
"Union","0","31","South Carolina","5/15/20","29","2","45087","6.9"
"Williamsburg","4","165","South Carolina","5/15/20","136","29","45089","21.32"
"York","7","280","South Carolina","5/15/20","233","47","45091","20.17"
"Aurora","0","2","South Dakota","5/15/20","1","1","46003","100"
"Beadle","0","22","South Dakota","5/15/20","21","1","46005","4.76"
"Bon Homme","0","4","South Dakota","5/15/20","4","0","46009","0"
"Brookings","0","14","South Dakota","5/15/20","14","0","46011","0"
"Brown","9","173","South Dakota","5/15/20","107","66","46013","61.68"
"Buffalo","0","1","South Dakota","5/15/20","1","0","46017","0"
"Charles Mix","0","8","South Dakota","5/15/20","5","3","46023","60"
"Clark","0","4","South Dakota","5/15/20","2","2","46025","100"
"Clay","0","12","South Dakota","5/15/20","9","3","46027","33.33"
"Codington","0","16","South Dakota","5/15/20","15","1","46029","6.67"
"Corson","0","3","South Dakota","5/15/20","1","2","46031","200"
"Davison","0","9","South Dakota","5/15/20","7","2","46035","28.57"
"Day","0","10","South Dakota","5/15/20","10","0","46037","0"
"Deuel","0","1","South Dakota","5/15/20","1","0","46039","0"
"Dewey","0","0","South Dakota","5/15/20","1","-1","46041","-100"
"Douglas","0","1","South Dakota","5/15/20","1","0","46043","0"
"Fall River","0","2","South Dakota","5/15/20","2","0","46047","0"
"Faulk","0","1","South Dakota","5/15/20","1","0","46049","0"
"Grant","1","7","South Dakota","5/15/20","2","5","46051","250"
"Hamlin","0","2","South Dakota","5/15/20","2","0","46057","0"
"Hand","0","1","South Dakota","5/15/20","1","0","46059","0"
"Hughes","0","16","South Dakota","5/15/20","15","1","46065","6.67"
"Hutchinson","0","3","South Dakota","5/15/20","3","0","46067","0"
"Hyde","0","1","South Dakota","5/15/20","1","0","46069","0"
"Jerauld","0","6","South Dakota","5/15/20","6","0","46073","0"
"Lake","0","5","South Dakota","5/15/20","5","0","46079","0"
"Lawrence","0","9","South Dakota","5/15/20","9","0","46081","0"
"Lincoln","3","198","South Dakota","5/15/20","180","18","46083","10"
"Lyman","0","4","South Dakota","5/15/20","3","1","46085","33.33"
"Marshall","0","1","South Dakota","5/15/20","1","0","46091","0"
"McCook","0","5","South Dakota","5/15/20","4","1","46087","25"
"McPherson","0","1","South Dakota","5/15/20","1","0","46089","0"
"Meade","0","5","South Dakota","5/15/20","3","2","46093","66.67"
"Miner","0","1","South Dakota","5/15/20","1","0","46097","0"
"Minnehaha","81","3101","South Dakota","5/15/20","2535","566","46099","22.33"
"Moody","0","17","South Dakota","5/15/20","14","3","46101","21.43"
"Oglala Lakota","1","6","South Dakota","5/15/20","1","5","46102","500"
"Pennington","4","43","South Dakota","5/15/20","18","25","46103","138.89"
"Roberts","1","18","South Dakota","5/15/20","11","7","46109","63.64"
"Sanborn","0","4","South Dakota","5/15/20","3","1","46111","33.33"
"Spink","0","4","South Dakota","5/15/20","3","1","46115","33.33"
"Stanley","0","9","South Dakota","5/15/20","8","1","46117","12.5"
"Sully","0","1","South Dakota","5/15/20","1","0","46119","0"
"Todd","1","15","South Dakota","5/15/20","8","7","46121","87.5"
"Tripp","0","1","South Dakota","5/15/20","0","1","46123","1"
"Turner","0","19","South Dakota","5/15/20","18","1","46125","5.56"
"Union","1","57","South Dakota","5/15/20","50","7","46127","14"
"Walworth","0","5","South Dakota","5/15/20","5","0","46129","0"
"Yankton","1","38","South Dakota","5/15/20","29","9","46135","31.03"
"Ziebach","0","1","South Dakota","5/15/20","1","0","46137","0"
"Anderson","1","36","Tennessee","5/15/20","31","5","47001","16.13"
"Bedford","4","248","Tennessee","5/15/20","222","26","47003","11.71"
"Benton","0","6","Tennessee","5/15/20","7","-1","47005","-14.29"
"Bledsoe","0","605","Tennessee","5/15/20","604","1","47007","0.17"
"Blount","1","75","Tennessee","5/15/20","69","6","47009","8.7"
"Bradley","2","81","Tennessee","5/15/20","68","13","47011","19.12"
"Campbell","0","17","Tennessee","5/15/20","16","1","47013","6.25"
"Cannon","0","13","Tennessee","5/15/20","13","0","47015","0"
"Carroll","1","24","Tennessee","5/15/20","19","5","47017","26.32"
"Carter","0","19","Tennessee","5/15/20","18","1","47019","5.56"
"Cheatham","4","88","Tennessee","5/15/20","59","29","47021","49.15"
"Chester","0","12","Tennessee","5/15/20","12","0","47023","0"
"Claiborne","0","7","Tennessee","5/15/20","7","0","47025","0"
"Clay","0","6","Tennessee","5/15/20","6","0","47027","0"
"Cocke","0","20","Tennessee","5/15/20","17","3","47029","17.65"
"Coffee","2","60","Tennessee","5/15/20","48","12","47031","25"
"Crockett","1","13","Tennessee","5/15/20","7","6","47033","85.71"
"Cumberland","1","88","Tennessee","5/15/20","84","4","47035","4.76"
"Davidson","71","3795","Tennessee","5/15/20","3300","495","47037","15"
"Decatur","0","5","Tennessee","5/15/20","4","1","47039","25"
"DeKalb","0","28","Tennessee","5/15/20","26","2","47041","7.69"
"Dickson","1","90","Tennessee","5/15/20","85","5","47043","5.88"
"Dyer","0","44","Tennessee","5/15/20","41","3","47045","7.32"
"Fayette","2","88","Tennessee","5/15/20","75","13","47047","17.33"
"Fentress","0","6","Tennessee","5/15/20","5","1","47049","20"
"Franklin","1","43","Tennessee","5/15/20","38","5","47051","13.16"
"Gibson","1","57","Tennessee","5/15/20","52","5","47053","9.62"
"Giles","0","9","Tennessee","5/15/20","9","0","47055","0"
"Grainger","0","6","Tennessee","5/15/20","6","0","47057","0"
"Greene","0","46","Tennessee","5/15/20","43","3","47059","6.98"
"Grundy","0","30","Tennessee","5/15/20","30","0","47061","0"
"Hamblen","1","25","Tennessee","5/15/20","21","4","47063","19.05"
"Hamilton","15","332","Tennessee","5/15/20","229","103","47065","44.98"
"Hardeman","17","180","Tennessee","5/15/20","64","116","47069","181.25"
"Hardin","0","9","Tennessee","5/15/20","7","2","47071","28.57"
"Hawkins","0","32","Tennessee","5/15/20","31","1","47073","3.23"
"Haywood","0","29","Tennessee","5/15/20","26","3","47075","11.54"
"Henderson","0","11","Tennessee","5/15/20","10","1","47077","10"
"Henry","0","17","Tennessee","5/15/20","14","3","47079","21.43"
"Hickman","1","52","Tennessee","5/15/20","48","4","47081","8.33"
"Houston","0","6","Tennessee","5/15/20","6","0","47083","0"
"Humphreys","0","12","Tennessee","5/15/20","11","1","47085","9.09"
"Jackson","0","10","Tennessee","5/15/20","8","2","47087","25"
"Jefferson","0","26","Tennessee","5/15/20","26","0","47089","0"
"Johnson","1","15","Tennessee","5/15/20","5","10","47091","200"
"Knox","7","302","Tennessee","5/15/20","255","47","47093","18.43"
"Lake","49","401","Tennessee","5/15/20","59","342","47095","579.66"
"Lauderdale","3","43","Tennessee","5/15/20","25","18","47097","72"
"Lawrence","0","21","Tennessee","5/15/20","19","2","47099","10.53"
"Lewis","0","2","Tennessee","5/15/20","2","0","47101","0"
"Lincoln","0","16","Tennessee","5/15/20","16","0","47103","0"
"Loudon","1","48","Tennessee","5/15/20","39","9","47105","23.08"
"Macon","3","75","Tennessee","5/15/20","57","18","47111","31.58"
"Madison","2","160","Tennessee","5/15/20","148","12","47113","8.11"
"Marion","0","30","Tennessee","5/15/20","29","1","47115","3.45"
"Marshall","0","25","Tennessee","5/15/20","24","1","47117","4.17"
"Maury","1","60","Tennessee","5/15/20","52","8","47119","15.38"
"McMinn","1","123","Tennessee","5/15/20","113","10","47107","8.85"
"McNairy","0","12","Tennessee","5/15/20","11","1","47109","9.09"
"Meigs","1","22","Tennessee","5/15/20","18","4","47121","22.22"
"Monroe","1","38","Tennessee","5/15/20","29","9","47123","31.03"
"Montgomery","6","203","Tennessee","5/15/20","161","42","47125","26.09"
"Moore","0","3","Tennessee","5/15/20","3","0","47127","0"
"Morgan","1","12","Tennessee","5/15/20","6","6","47129","100"
"Obion","0","17","Tennessee","5/15/20","16","1","47131","6.25"
"Out of TN","-4","340","Tennessee","5/15/20","371","-31","80047","-8.36"
"Overton","0","14","Tennessee","5/15/20","11","3","47133","27.27"
"Perry","0","13","Tennessee","5/15/20","13","0","47135","0"
"Pickett","0","1","Tennessee","5/15/20","0","1","47137","1"
"Polk","0","12","Tennessee","5/15/20","12","0","47139","0"
"Putnam","6","206","Tennessee","5/15/20","166","40","47141","24.1"
"Rhea","0","7","Tennessee","5/15/20","6","1","47143","16.67"
"Roane","0","8","Tennessee","5/15/20","8","0","47145","0"
"Robertson","8","263","Tennessee","5/15/20","207","56","47147","27.05"
"Rutherford","18","814","Tennessee","5/15/20","685","129","47149","18.83"
"Scott","0","11","Tennessee","5/15/20","11","0","47151","0"
"Sequatchie","1","10","Tennessee","5/15/20","6","4","47153","66.67"
"Sevier","0","66","Tennessee","5/15/20","65","1","47155","1.54"
"Shelby","70","3595","Tennessee","5/15/20","3108","487","47157","15.67"
"Smith","0","24","Tennessee","5/15/20","24","0","47159","0"
"Stewart","0","7","Tennessee","5/15/20","7","0","47161","0"
"Sullivan","0","57","Tennessee","5/15/20","54","3","47163","5.56"
"Sumner","6","724","Tennessee","5/15/20","683","41","47165","6"
"Tipton","35","402","Tennessee","5/15/20","158","244","47167","154.43"
"Trousdale","4","1382","Tennessee","5/15/20","1355","27","47169","1.99"
"Unicoi","0","3","Tennessee","5/15/20","2","1","47171","50"
"Union","0","4","Tennessee","5/15/20","3","1","47173","33.33"
"Van Buren","0","3","Tennessee","5/15/20","2","1","47175","50"
"Warren","1","14","Tennessee","5/15/20","10","4","47177","40"
"Washington","1","66","Tennessee","5/15/20","60","6","47179","10"
"Wayne","8","61","Tennessee","5/15/20","4","57","47181","1425"
"Weakley","0","24","Tennessee","5/15/20","24","0","47183","0"
"White","0","17","Tennessee","5/15/20","16","1","47185","6.25"
"Williamson","3","462","Tennessee","5/15/20","441","21","47187","4.76"
"Wilson","4","316","Tennessee","5/15/20","290","26","47189","8.97"
"Anderson","2","52","Texas","5/15/20","41","11","48001","26.83"
"Andrews","0","22","Texas","5/15/20","21","1","48003","4.76"
"Angelina","4","131","Texas","5/15/20","100","31","48005","31"
"Aransas","0","3","Texas","5/15/20","2","1","48007","50"
"Archer","0","1","Texas","5/15/20","0","1","48009","1"
"Armstrong","0","2","Texas","5/15/20","2","0","48011","0"
"Atascosa","1","30","Texas","5/15/20","22","8","48013","36.36"
"Austin","0","17","Texas","5/15/20","14","3","48015","21.43"
"Bailey","0","3","Texas","5/15/20","2","1","48017","50"
"Bandera","0","6","Texas","5/15/20","6","0","48019","0"
"Bastrop","3","128","Texas","5/15/20","106","22","48021","20.75"
"Bee","0","6","Texas","5/15/20","6","0","48025","0"
"Bell","3","242","Texas","5/15/20","218","24","48027","11.01"
"Bexar","24","1976","Texas","5/15/20","1805","171","48029","9.47"
"Blanco","0","6","Texas","5/15/20","6","0","48031","0"
"Bosque","0","6","Texas","5/15/20","5","1","48035","20"
"Bowie","7","122","Texas","5/15/20","76","46","48037","60.53"
"Brazoria","14","712","Texas","5/15/20","613","99","48039","16.15"
"Brazos","7","305","Texas","5/15/20","256","49","48041","19.14"
"Brewster","0","1","Texas","5/15/20","1","0","48043","0"
"Briscoe","0","1","Texas","5/15/20","1","0","48045","0"
"Brooks","0","1","Texas","5/15/20","1","0","48047","0"
"Brown","2","51","Texas","5/15/20","38","13","48049","34.21"
"Burleson","0","17","Texas","5/15/20","15","2","48051","13.33"
"Burnet","0","28","Texas","5/15/20","25","3","48053","12"
"Caldwell","1","35","Texas","5/15/20","25","10","48055","40"
"Calhoun","0","36","Texas","5/15/20","36","0","48057","0"
"Callahan","0","8","Texas","5/15/20","6","2","48059","33.33"
"Cameron","14","582","Texas","5/15/20","483","99","48061","20.5"
"Camp","1","16","Texas","5/15/20","7","9","48063","128.57"
"Carson","0","3","Texas","5/15/20","3","0","48065","0"
"Cass","1","21","Texas","5/15/20","17","4","48067","23.53"
"Castro","1","27","Texas","5/15/20","22","5","48069","22.73"
"Chambers","1","52","Texas","5/15/20","47","5","48071","10.64"
"Cherokee","2","31","Texas","5/15/20","20","11","48073","55"
"Childress","0","2","Texas","5/15/20","1","1","48075","100"
"Clay","0","3","Texas","5/15/20","3","0","48077","0"
"Cochran","0","1","Texas","5/15/20","1","0","48079","0"
"Coke","0","1","Texas","5/15/20","1","0","48081","0"
"Coleman","0","2","Texas","5/15/20","2","0","48083","0"
"Collin","19","993","Texas","5/15/20","857","136","48085","15.87"
"Collingsworth","0","4","Texas","5/15/20","1","3","48087","300"
"Colorado","1","18","Texas","5/15/20","13","5","48089","38.46"
"Comal","0","68","Texas","5/15/20","65","3","48091","4.62"
"Comanche","0","3","Texas","5/15/20","3","0","48093","0"
"Concho","0","1","Texas","5/15/20","1","0","48095","0"
"Cooke","0","13","Texas","5/15/20","11","2","48097","18.18"
"Coryell","2","221","Texas","5/15/20","205","16","48099","7.8"
"Cottle","0","4","Texas","5/15/20","3","1","48101","33.33"
"Crane","0","2","Texas","5/15/20","2","0","48103","0"
"Crosby","0","2","Texas","5/15/20","2","0","48107","0"
"Dallam","1","21","Texas","5/15/20","11","10","48111","90.91"
"Dallas","238","7036","Texas","5/15/20","5369","1667","48113","31.05"
"Dawson","1","36","Texas","5/15/20","30","6","48115","20"
"Deaf Smith","10","119","Texas","5/15/20","46","73","48117","158.7"
"Delta","0","1","Texas","5/15/20","1","0","48119","0"
"Denton","21","1016","Texas","5/15/20","872","144","48121","16.51"
"DeWitt","0","17","Texas","5/15/20","15","2","48123","13.33"
"Dickens","0","1","Texas","5/15/20","1","0","48125","0"
"Dimmit","0","1","Texas","5/15/20","1","0","48127","0"
"Donley","0","26","Texas","5/15/20","25","1","48129","4"
"Duval","0","5","Texas","5/15/20","3","2","48131","66.67"
"Eastland","0","4","Texas","5/15/20","3","1","48133","33.33"
"Ector","1","103","Texas","5/15/20","94","9","48135","9.57"
"El Paso","60","1607","Texas","5/15/20","1190","417","48141","35.04"
"Ellis","7","241","Texas","5/15/20","193","48","48139","24.87"
"Erath","0","15","Texas","5/15/20","14","1","48143","7.14"
"Falls","0","6","Texas","5/15/20","6","0","48145","0"
"Fannin","0","24","Texas","5/15/20","23","1","48147","4.35"
"Fayette","1","27","Texas","5/15/20","21","6","48149","28.57"
"Fisher","0","1","Texas","5/15/20","0","1","48151","1"
"Floyd","0","4","Texas","5/15/20","4","0","48153","0"
"Fort Bend","20","1471","Texas","5/15/20","1332","139","48157","10.44"
"Franklin","0","4","Texas","5/15/20","3","1","48159","33.33"
"Freestone","0","8","Texas","5/15/20","7","1","48161","14.29"
"Frio","1","34","Texas","5/15/20","25","9","48163","36"
"Gaines","0","5","Texas","5/15/20","3","2","48165","66.67"
"Galveston","3","693","Texas","5/15/20","672","21","48167","3.12"
"Garza","0","4","Texas","5/15/20","3","1","48169","33.33"
"Gillespie","0","4","Texas","5/15/20","4","0","48171","0"
"Glasscock","0","1","Texas","5/15/20","1","0","48173","0"
"Goliad","0","7","Texas","5/15/20","7","0","48175","0"
"Gonzales","6","73","Texas","5/15/20","31","42","48177","135.48"
"Gray","2","88","Texas","5/15/20","73","15","48179","20.55"
"Grayson","7","129","Texas","5/15/20","78","51","48181","65.38"
"Gregg","4","142","Texas","5/15/20","117","25","48183","21.37"
"Grimes","4","63","Texas","5/15/20","37","26","48185","70.27"
"Guadalupe","2","106","Texas","5/15/20","92","14","48187","15.22"
"Hale","1","42","Texas","5/15/20","37","5","48189","13.51"
"Hamilton","0","7","Texas","5/15/20","6","1","48193","16.67"
"Hansford","0","15","Texas","5/15/20","12","3","48195","25"
"Hardin","0","116","Texas","5/15/20","113","3","48199","2.65"
"Harris","208","9050","Texas","5/15/20","7594","1456","48201","19.17"
"Harrison","3","200","Texas","5/15/20","180","20","48203","11.11"
"Hartley","0","9","Texas","5/15/20","7","2","48205","28.57"
"Haskell","0","1","Texas","5/15/20","0","1","48207","1"
"Hays","3","219","Texas","5/15/20","195","24","48209","12.31"
"Hemphill","0","1","Texas","5/15/20","1","0","48211","0"
"Henderson","2","48","Texas","5/15/20","36","12","48213","33.33"
"Hidalgo","7","417","Texas","5/15/20","368","49","48215","13.32"
"Hill","0","22","Texas","5/15/20","19","3","48217","15.79"
"Hockley","0","23","Texas","5/15/20","20","3","48219","15"
"Hood","0","22","Texas","5/15/20","22","0","48221","0"
"Hopkins","0","8","Texas","5/15/20","7","1","48223","14.29"
"Houston","9","74","Texas","5/15/20","10","64","48225","640"
"Howard","0","6","Texas","5/15/20","6","0","48227","0"
"Hunt","1","66","Texas","5/15/20","56","10","48231","17.86"
"Hutchinson","1","25","Texas","5/15/20","19","6","48233","31.58"
"Jack","0","4","Texas","5/15/20","4","0","48237","0"
"Jackson","0","15","Texas","5/15/20","14","1","48239","7.14"
"Jasper","1","23","Texas","5/15/20","19","4","48241","21.05"
"Jefferson","11","429","Texas","5/15/20","353","76","48245","21.53"
"Jim Hogg","0","3","Texas","5/15/20","3","0","48247","0"
"Jim Wells","0","7","Texas","5/15/20","5","2","48249","40"
"Johnson","3","119","Texas","5/15/20","99","20","48251","20.2"
"Jones","3","110","Texas","5/15/20","87","23","48253","26.44"
"Karnes","0","4","Texas","5/15/20","3","1","48255","33.33"
"Kaufman","5","143","Texas","5/15/20","111","32","48257","28.83"
"Kendall","0","20","Texas","5/15/20","18","2","48259","11.11"
"Kerr","0","10","Texas","5/15/20","7","3","48265","42.86"
"Kimble","0","1","Texas","5/15/20","1","0","48267","0"
"Kleberg","0","13","Texas","5/15/20","10","3","48273","30"
"Knox","0","1","Texas","5/15/20","1","0","48275","0"
"La Salle","0","4","Texas","5/15/20","1","3","48283","300"
"Lamar","5","111","Texas","5/15/20","77","34","48277","44.16"
"Lamb","1","10","Texas","5/15/20","5","5","48279","100"
"Lampasas","0","8","Texas","5/15/20","6","2","48281","33.33"
"Lavaca","0","7","Texas","5/15/20","6","1","48285","16.67"
"Lee","0","6","Texas","5/15/20","4","2","48287","50"
"Leon","0","9","Texas","5/15/20","9","0","48289","0"
"Liberty","3","72","Texas","5/15/20","49","23","48291","46.94"
"Limestone","0","15","Texas","5/15/20","13","2","48293","15.38"
"Lipscomb","0","2","Texas","5/15/20","2","0","48295","0"
"Live Oak","0","6","Texas","5/15/20","5","1","48297","20"
"Llano","0","3","Texas","5/15/20","3","0","48299","0"
"Lubbock","5","614","Texas","5/15/20","582","32","48303","5.5"
"Lynn","0","5","Texas","5/15/20","5","0","48305","0"
"Madison","0","6","Texas","5/15/20","3","3","48313","100"
"Marion","0","15","Texas","5/15/20","16","-1","48315","-6.25"
"Martin","0","3","Texas","5/15/20","3","0","48317","0"
"Mason","0","28","Texas","5/15/20","28","0","48319","0"
"Matagorda","0","65","Texas","5/15/20","64","1","48321","1.56"
"Maverick","7","74","Texas","5/15/20","26","48","48323","184.62"
"McCulloch","0","3","Texas","5/15/20","3","0","48307","0"
"McLennan","0","96","Texas","5/15/20","94","2","48309","2.13"
"Medina","4","48","Texas","5/15/20","22","26","48325","118.18"
"Midland","2","116","Texas","5/15/20","100","16","48329","16"
"Milam","1","23","Texas","5/15/20","18","5","48331","27.78"
"Mills","0","1","Texas","5/15/20","0","1","48333","1"
"Mitchell","0","1","Texas","5/15/20","1","0","48335","0"
"Montague","0","9","Texas","5/15/20","9","0","48337","0"
"Montgomery","14","798","Texas","5/15/20","699","99","48339","14.16"
"Moore","8","540","Texas","5/15/20","487","53","48341","10.88"
"Morris","0","10","Texas","5/15/20","9","1","48343","11.11"
"Motley","0","1","Texas","5/15/20","1","0","48345","0"
"Nacogdoches","4","229","Texas","5/15/20","202","27","48347","13.37"
"Navarro","0","38","Texas","5/15/20","36","2","48349","5.56"
"Newton","0","4","Texas","5/15/20","4","0","48351","0"
"Nolan","0","2","Texas","5/15/20","2","0","48353","0"
"Nueces","12","209","Texas","5/15/20","123","86","48355","69.92"
"Ochiltree","2","40","Texas","5/15/20","29","11","48357","37.93"
"Oldham","0","4","Texas","5/15/20","3","1","48359","33.33"
"Orange","1","87","Texas","5/15/20","81","6","48361","7.41"
"Palo Pinto","0","9","Texas","5/15/20","9","0","48363","0"
"Panola","1","175","Texas","5/15/20","168","7","48365","4.17"
"Parker","2","57","Texas","5/15/20","44","13","48367","29.55"
"Parmer","1","23","Texas","5/15/20","17","6","48369","35.29"
"Pecos","1","20","Texas","5/15/20","14","6","48371","42.86"
"Polk","2","47","Texas","5/15/20","35","12","48373","34.29"
"Potter","62","1462","Texas","5/15/20","1027","435","48375","42.36"
"Rains","0","2","Texas","5/15/20","2","0","48379","0"
"Randall","19","477","Texas","5/15/20","343","134","48381","39.07"
"Red River","5","35","Texas","5/15/20","3","32","48387","1066.67"
"Reeves","0","7","Texas","5/15/20","7","0","48389","0"
"Refugio","0","3","Texas","5/15/20","1","2","48391","200"
"Roberts","0","2","Texas","5/15/20","2","0","48393","0"
"Robertson","0","6","Texas","5/15/20","5","1","48395","20"
"Rockwall","5","138","Texas","5/15/20","100","38","48397","38"
"Runnels","0","2","Texas","5/15/20","2","0","48399","0"
"Rusk","0","40","Texas","5/15/20","40","0","48401","0"
"Sabine","0","3","Texas","5/15/20","2","1","48403","50"
"San Augustine","0","22","Texas","5/15/20","21","1","48405","4.76"
"San Jacinto","0","12","Texas","5/15/20","10","2","48407","20"
"San Patricio","1","25","Texas","5/15/20","16","9","48409","56.25"
"Scurry","0","2","Texas","5/15/20","2","0","48415","0"
"Shackelford","0","1","Texas","5/15/20","1","0","48417","0"
"Shelby","3","172","Texas","5/15/20","149","23","48419","15.44"
"Sherman","0","23","Texas","5/15/20","20","3","48421","15"
"Smith","3","189","Texas","5/15/20","170","19","48423","11.18"
"Starr","0","16","Texas","5/15/20","14","2","48427","14.29"
"Stephens","0","2","Texas","5/15/20","1","1","48429","100"
"Swisher","0","14","Texas","5/15/20","11","3","48437","27.27"
"Tarrant","179","4211","Texas","5/15/20","2956","1255","48439","42.46"
"Taylor","1","215","Texas","5/15/20","207","8","48441","3.86"
"Terry","0","12","Texas","5/15/20","12","0","48445","0"
"Titus","8","83","Texas","5/15/20","29","54","48449","186.21"
"Tom Green","0","86","Texas","5/15/20","84","2","48451","2.38"
"Travis","44","2381","Texas","5/15/20","2071","310","48453","14.97"
"Trinity","0","11","Texas","5/15/20","11","0","48455","0"
"Tyler","0","7","Texas","5/15/20","7","0","48457","0"
"Upshur","0","18","Texas","5/15/20","17","1","48459","5.88"
"Uvalde","0","6","Texas","5/15/20","7","-1","48463","-14.29"
"Val Verde","0","13","Texas","5/15/20","13","0","48465","0"
"Van Zandt","1","22","Texas","5/15/20","18","4","48467","22.22"
"Victoria","1","154","Texas","5/15/20","146","8","48469","5.48"
"Walker","6","374","Texas","5/15/20","332","42","48471","12.65"
"Waller","0","38","Texas","5/15/20","37","1","48473","2.7"
"Washington","3","179","Texas","5/15/20","156","23","48477","14.74"
"Webb","5","451","Texas","5/15/20","414","37","48479","8.94"
"Wharton","0","42","Texas","5/15/20","41","1","48481","2.44"
"Wheeler","0","14","Texas","5/15/20","13","1","48483","7.69"
"Wichita","1","78","Texas","5/15/20","71","7","48485","9.86"
"Wilbarger","0","5","Texas","5/15/20","2","3","48487","150"
"Willacy","0","14","Texas","5/15/20","14","0","48489","0"
"Williamson","13","451","Texas","5/15/20","361","90","48491","24.93"
"Wilson","0","36","Texas","5/15/20","34","2","48493","5.88"
"Winkler","0","3","Texas","5/15/20","3","0","48495","0"
"Wise","1","36","Texas","5/15/20","28","8","48497","28.57"
"Wood","1","17","Texas","5/15/20","13","4","48499","30.77"
"Yoakum","0","2","Texas","5/15/20","2","0","48501","0"
"Young","0","4","Texas","5/15/20","4","0","48503","0"
"Zapata","0","7","Texas","5/15/20","7","0","48505","0"
"Zavala","1","9","Texas","5/15/20","1","8","48507","800"
"Bear River","3","84","Utah","5/15/20","66","18","00000","27.27"
"Central Utah","0","29","Utah","5/15/20","27","2","00000","7.41"
"Davis","5","354","Utah","5/15/20","321","33","49011","10.28"
"Salt Lake","86","3709","Utah","5/15/20","3104","605","49035","19.49"
"San Juan","3","159","Utah","5/15/20","135","24","49037","17.78"
"Southeast Utah","0","13","Utah","5/15/20","13","0","00000","0"
"Southwest Utah","9","200","Utah","5/15/20","138","62","00000","44.93"
"Summit","2","396","Utah","5/15/20","384","12","49043","3.12"
"Tooele","2","86","Utah","5/15/20","72","14","49045","19.44"
"TriCounty","0","16","Utah","5/15/20","14","2","00000","14.29"
"Utah","24","1455","Utah","5/15/20","1288","167","49049","12.97"
"Wasatch","3","196","Utah","5/15/20","173","23","49051","13.29"
"Weber-Morgan","5","216","Utah","5/15/20","184","32","00000","17.39"
"Addison","0","62","Vermont","5/15/20","62","0","50001","0"
"Bennington","1","60","Vermont","5/15/20","54","6","50003","11.11"
"Caledonia","0","14","Vermont","5/15/20","14","0","50005","0"
"Chittenden","0","433","Vermont","5/15/20","431","2","50007","0.46"
"Essex","0","2","Vermont","5/15/20","2","0","50009","0"
"Franklin","0","99","Vermont","5/15/20","99","0","50011","0"
"Grand Isle","0","4","Vermont","5/15/20","4","0","50013","0"
"Lamoille","0","27","Vermont","5/15/20","26","1","50015","3.85"
"Orange","0","8","Vermont","5/15/20","8","0","50017","0"
"Orleans","0","9","Vermont","5/15/20","9","0","50019","0"
"Rutland","0","49","Vermont","5/15/20","50","-1","50021","-2"
"Washington","0","38","Vermont","5/15/20","37","1","50023","2.7"
"Windham","1","77","Vermont","5/15/20","73","4","50025","5.48"
"Windsor","0","47","Vermont","5/15/20","46","1","50027","2.17"
"","0","69","Virgin Islands","5/15/20","68","1",,"1.47"
"Accomack","26","648","Virginia","5/15/20","463","185","51001","39.96"
"Albemarle","2","133","Virginia","5/15/20","116","17","51003","14.66"
"Alexandria","41","1396","Virginia","5/15/20","1110","286","51510","25.77"
"Alleghany","0","6","Virginia","5/15/20","6","0","51005","0"
"Amelia","0","17","Virginia","5/15/20","17","0","51007","0"
"Amherst","1","22","Virginia","5/15/20","15","7","51009","46.67"
"Appomattox","0","23","Virginia","5/15/20","21","2","51011","9.52"
"Arlington","36","1534","Virginia","5/15/20","1281","253","51013","19.75"
"Augusta","3","74","Virginia","5/15/20","55","19","51015","34.55"
"Bedford","0","40","Virginia","5/15/20","37","3","51019","8.11"
"Botetourt","0","30","Virginia","5/15/20","30","0","51023","0"
"Bristol","0","3","Virginia","5/15/20","2","1","51520","50"
"Brunswick","0","20","Virginia","5/15/20","17","3","51025","17.65"
"Buchanan","0","16","Virginia","5/15/20","16","0","51027","0"
"Buckingham","20","366","Virginia","5/15/20","225","141","51029","62.67"
"Buena Vista","0","8","Virginia","5/15/20","8","0","51530","0"
"Campbell","0","13","Virginia","5/15/20","13","0","51031","0"
"Caroline","1","42","Virginia","5/15/20","37","5","51033","13.51"
"Carroll","2","42","Virginia","5/15/20","26","16","51035","61.54"
"Charles City","0","22","Virginia","5/15/20","19","3","51036","15.79"
"Charlotte","0","11","Virginia","5/15/20","11","0","51037","0"
"Charlottesville","1","71","Virginia","5/15/20","66","5","51540","7.58"
"Chesapeake","9","379","Virginia","5/15/20","316","63","51550","19.94"
"Chesterfield","29","946","Virginia","5/15/20","741","205","51041","27.67"
"Clarke","0","17","Virginia","5/15/20","16","1","51043","6.25"
"Colonial Heights","1","74","Virginia","5/15/20","65","9","51570","13.85"
"Covington","0","2","Virginia","5/15/20","0","2","51580","1"
"Craig","0","4","Virginia","5/15/20","4","0","51045","0"
"Culpeper","15","343","Virginia","5/15/20","239","104","51047","43.51"
"Cumberland","1","18","Virginia","5/15/20","13","5","51049","38.46"
"Danville","1","43","Virginia","5/15/20","39","4","51590","10.26"
"Dinwiddie","2","36","Virginia","5/15/20","25","11","51053","44"
"Emporia","0","50","Virginia","5/15/20","47","3","51595","6.38"
"Essex","2","30","Virginia","5/15/20","18","12","51057","66.67"
"Fairfax","260","7159","Virginia","5/15/20","5338","1821","51059","34.11"
"Fairfax City","1","46","Virginia","5/15/20","39","7","51600","17.95"
"Falls Church","0","40","Virginia","5/15/20","37","3","51610","8.11"
"Fauquier","7","205","Virginia","5/15/20","153","52","51061","33.99"
"Floyd","0","4","Virginia","5/15/20","3","1","51063","33.33"
"Fluvanna","0","79","Virginia","5/15/20","78","1","51065","1.28"
"Franklin","1","30","Virginia","5/15/20","25","5","51067","20"
"Franklin City","1","27","Virginia","5/15/20","23","4","51620","17.39"
"Frederick","6","195","Virginia","5/15/20","150","45","51069","30"
"Fredericksburg","4","82","Virginia","5/15/20","55","27","51630","49.09"
"Galax","5","66","Virginia","5/15/20","33","33","51640","100"
"Giles","0","5","Virginia","5/15/20","4","1","51071","25"
"Gloucester","0","28","Virginia","5/15/20","27","1","51073","3.7"
"Goochland","1","86","Virginia","5/15/20","81","5","51075","6.17"
"Grayson","2","19","Virginia","5/15/20","5","14","51077","280"
"Greene","0","16","Virginia","5/15/20","14","2","51079","14.29"
"Greensville","1","50","Virginia","5/15/20","44","6","51081","13.64"
"Halifax","1","27","Virginia","5/15/20","20","7","51083","35"
"Hampton","3","158","Virginia","5/15/20","135","23","51650","17.04"
"Hanover","8","208","Virginia","5/15/20","155","53","51085","34.19"
"Harrisonburg","7","620","Virginia","5/15/20","574","46","51660","8.01"
"Henrico","24","1198","Virginia","5/15/20","1032","166","51087","16.09"
"Henry","1","30","Virginia","5/15/20","21","9","51089","42.86"
"Highland","0","2","Virginia","5/15/20","2","0","51091","0"
"Hopewell","2","49","Virginia","5/15/20","33","16","51670","48.48"
"Isle of Wight","1","115","Virginia","5/15/20","105","10","51093","9.52"
"James City","1","179","Virginia","5/15/20","170","9","51095","5.29"
"King and Queen","0","7","Virginia","5/15/20","4","3","51097","75"
"King George","1","45","Virginia","5/15/20","38","7","51099","18.42"
"King William","0","13","Virginia","5/15/20","11","2","51101","18.18"
"Lancaster","0","7","Virginia","5/15/20","6","1","51103","16.67"
"Lee","0","10","Virginia","5/15/20","10","0","51105","0"
"Lexington","0","5","Virginia","5/15/20","5","0","51678","0"
"Loudoun","43","1374","Virginia","5/15/20","1070","304","51107","28.41"
"Louisa","1","59","Virginia","5/15/20","53","6","51109","11.32"
"Lunenburg","0","7","Virginia","5/15/20","5","2","51111","40"
"Lynchburg","1","73","Virginia","5/15/20","68","5","51680","7.35"
"Madison","0","23","Virginia","5/15/20","20","3","51113","15"
"Manassas","25","533","Virginia","5/15/20","355","178","51683","50.14"
"Manassas Park","9","176","Virginia","5/15/20","114","62","51685","54.39"
"Martinsville","0","3","Virginia","5/15/20","2","1","51690","50"
"Mathews","0","5","Virginia","5/15/20","4","1","51115","25"
"Mecklenburg","6","152","Virginia","5/15/20","111","41","51117","36.94"
"Middlesex","0","11","Virginia","5/15/20","10","1","51119","10"
"Montgomery","1","66","Virginia","5/15/20","61","5","51121","8.2"
"Nelson","0","12","Virginia","5/15/20","10","2","51125","20"
"New Kent","0","26","Virginia","5/15/20","26","0","51127","0"
"Newport News","6","184","Virginia","5/15/20","144","40","51700","27.78"
"Norfolk","11","349","Virginia","5/15/20","274","75","51710","27.37"
"Northampton","6","193","Virginia","5/15/20","149","44","51131","29.53"
"Northumberland","1","15","Virginia","5/15/20","9","6","51133","66.67"
"Norton","0","2","Virginia","5/15/20","2","0","51720","0"
"Nottoway","0","16","Virginia","5/15/20","14","2","51135","14.29"
"Orange","1","51","Virginia","5/15/20","43","8","51137","18.6"
"Page","3","145","Virginia","5/15/20","123","22","51139","17.89"
"Patrick","0","6","Virginia","5/15/20","4","2","51141","50"
"Petersburg","2","58","Virginia","5/15/20","41","17","51730","41.46"
"Pittsylvania","0","18","Virginia","5/15/20","17","1","51143","5.88"
"Poquoson","0","7","Virginia","5/15/20","7","0","51735","0"
"Portsmouth","4","219","Virginia","5/15/20","194","25","51740","12.89"
"Powhatan","1","23","Virginia","5/15/20","18","5","51145","27.78"
"Prince Edward","1","72","Virginia","5/15/20","65","7","51147","10.77"
"Prince George","1","49","Virginia","5/15/20","42","7","51149","16.67"
"Prince William","135","3421","Virginia","5/15/20","2474","947","51153","38.28"
"Pulaski","0","10","Virginia","5/15/20","9","1","51155","11.11"
"Radford","0","3","Virginia","5/15/20","3","0","51750","0"
"Rappahannock","1","11","Virginia","5/15/20","6","5","51157","83.33"
"Richmond","2","201","Virginia","5/15/20","187","14","51159","7.49"
"Richmond City","24","665","Virginia","5/15/20","494","171","51760","34.62"
"Roanoke","3","83","Virginia","5/15/20","62","21","51161","33.87"
"Roanoke City","4","120","Virginia","5/15/20","91","29","51770","31.87"
"Rockbridge","0","10","Virginia","5/15/20","8","2","51163","25"
"Rockingham","10","388","Virginia","5/15/20","320","68","51165","21.25"
"Russell","0","6","Virginia","5/15/20","6","0","51167","0"
"Salem","0","32","Virginia","5/15/20","30","2","51775","6.67"
"Scott","0","7","Virginia","5/15/20","7","0","51169","0"
"Shenandoah","7","285","Virginia","5/15/20","236","49","51171","20.76"
"Smyth","0","15","Virginia","5/15/20","13","2","51173","15.38"
"Southampton","1","135","Virginia","5/15/20","129","6","51175","4.65"
"Spotsylvania","8","291","Virginia","5/15/20","233","58","51177","24.89"
"Stafford","14","442","Virginia","5/15/20","344","98","51179","28.49"
"Staunton","3","34","Virginia","5/15/20","15","19","51790","126.67"
"Suffolk","7","255","Virginia","5/15/20","209","46","51800","22.01"
"Surry","0","6","Virginia","5/15/20","4","2","51181","50"
"Sussex","5","67","Virginia","5/15/20","32","35","51183","109.38"
"Tazewell","0","6","Virginia","5/15/20","6","0","51185","0"
"Virginia Beach","9","535","Virginia","5/15/20","469","66","51810","14.07"
"Warren","2","94","Virginia","5/15/20","78","16","51187","20.51"
"Washington","1","49","Virginia","5/15/20","42","7","51191","16.67"
"Waynesboro","0","22","Virginia","5/15/20","20","2","51820","10"
"Westmoreland","1","42","Virginia","5/15/20","35","7","51193","20"
"Williamsburg","2","42","Virginia","5/15/20","31","11","51830","35.48"
"Winchester","3","79","Virginia","5/15/20","61","18","51840","29.51"
"Wise","0","23","Virginia","5/15/20","22","1","51195","4.55"
"Wythe","0","15","Virginia","5/15/20","12","3","51197","25"
"York","1","62","Virginia","5/15/20","55","7","51199","12.73"
"Adams","0","50","Washington","5/15/20","49","1","53001","2.04"
"Asotin","0","18","Washington","5/15/20","18","0","53003","0"
"Benton","8","615","Washington","5/15/20","559","56","53005","10.02"
"Chelan","4","170","Washington","5/15/20","140","30","53007","21.43"
"Clallam","0","21","Washington","5/15/20","19","2","53009","10.53"
"Clark","5","382","Washington","5/15/20","347","35","53011","10.09"
"Columbia","0","1","Washington","5/15/20","1","0","53013","0"
"Cowlitz","1","68","Washington","5/15/20","64","4","53015","6.25"
"Douglas","3","124","Washington","5/15/20","102","22","53017","21.57"
"Ferry","0","1","Washington","5/15/20","1","0","53019","0"
"Franklin","4","433","Washington","5/15/20","404","29","53021","7.18"
"Grant","1","185","Washington","5/15/20","180","5","53025","2.78"
"Grays Harbor","0","14","Washington","5/15/20","13","1","53027","7.69"
"Island","1","176","Washington","5/15/20","172","4","53029","2.33"
"Jefferson","0","29","Washington","5/15/20","28","1","53031","3.57"
"King","66","7325","Washington","5/15/20","6863","462","53033","6.73"
"Kitsap","0","157","Washington","5/15/20","154","3","53035","1.95"
"Kittitas","5","47","Washington","5/15/20","15","32","53037","213.33"
"Klickitat","0","22","Washington","5/15/20","19","3","53039","15.79"
"Lewis","0","32","Washington","5/15/20","30","2","53041","6.67"
"Lincoln","0","2","Washington","5/15/20","2","0","53043","0"
"Mason","0","30","Washington","5/15/20","28","2","53045","7.14"
"Okanogan","2","35","Washington","5/15/20","21","14","53047","66.67"
"Pacific","0","9","Washington","5/15/20","8","1","53049","12.5"
"Pend Oreille","0","2","Washington","5/15/20","2","0","53051","0"
"Pierce","18","1636","Washington","5/15/20","1510","126","53053","8.34"
"San Juan","0","15","Washington","5/15/20","14","1","53055","7.14"
"Skagit","5","423","Washington","5/15/20","391","32","53057","8.18"
"Skamania","0","3","Washington","5/15/20","3","0","53059","0"
"Snohomish","17","2756","Washington","5/15/20","2634","122","53061","4.63"
"Spokane","2","393","Washington","5/15/20","381","12","53063","3.15"
"Stevens","0","9","Washington","5/15/20","9","0","53065","0"
"Thurston","1","122","Washington","5/15/20","115","7","53067","6.09"
"Wahkiakum","0","4","Washington","5/15/20","3","1","53069","33.33"
"Walla Walla","1","105","Washington","5/15/20","97","8","53071","8.25"
"Whatcom","2","344","Washington","5/15/20","329","15","53073","4.56"
"Whitman","0","16","Washington","5/15/20","15","1","53075","6.67"
"Yakima","68","2052","Washington","5/15/20","1579","473","53077","29.96"
"Barbour","0","7","West Virginia","5/15/20","7","0","54001","0"
"Berkeley","3","205","West Virginia","5/15/20","184","21","54003","11.41"
"Boone","0","9","West Virginia","5/15/20","8","1","54005","12.5"
"Braxton","0","2","West Virginia","5/15/20","2","0","54007","0"
"Brooke","0","3","West Virginia","5/15/20","3","0","54009","0"
"Cabell","1","55","West Virginia","5/15/20","48","7","54011","14.58"
"Clay","0","2","West Virginia","5/15/20","2","0","54015","0"
"Fayette","1","38","West Virginia","5/15/20","30","8","54019","26.67"
"Gilmer","1","8","West Virginia","5/15/20","4","4","54021","100"
"Grant","0","6","West Virginia","5/15/20","3","3","54023","100"
"Greenbrier","0","8","West Virginia","5/15/20","8","0","54025","0"
"Hampshire","1","12","West Virginia","5/15/20","8","4","54027","50"
"Hancock","0","12","West Virginia","5/15/20","12","0","54029","0"
"Hardy","1","25","West Virginia","5/15/20","15","10","54031","66.67"
"Harrison","0","34","West Virginia","5/15/20","33","1","54033","3.03"
"Jackson","0","137","West Virginia","5/15/20","136","1","54035","0.74"
"Jefferson","1","97","West Virginia","5/15/20","87","10","54037","11.49"
"Kanawha","3","202","West Virginia","5/15/20","180","22","54039","12.22"
"Lewis","0","4","West Virginia","5/15/20","4","0","54041","0"
"Lincoln","0","5","West Virginia","5/15/20","4","1","54043","25"
"Logan","0","14","West Virginia","5/15/20","13","1","54045","7.69"
"Marion","0","46","West Virginia","5/15/20","46","0","54049","0"
"Marshall","0","23","West Virginia","5/15/20","20","3","54051","15"
"Mason","0","14","West Virginia","5/15/20","13","1","54053","7.69"
"McDowell","0","6","West Virginia","5/15/20","6","0","54047","0"
"Mercer","0","12","West Virginia","5/15/20","11","1","54055","9.09"
"Mineral","1","26","West Virginia","5/15/20","20","6","54057","30"
"Mingo","0","3","West Virginia","5/15/20","2","1","54059","50"
"Monongalia","0","114","West Virginia","5/15/20","111","3","54061","2.7"
"Monroe","0","6","West Virginia","5/15/20","6","0","54063","0"
"Morgan","0","17","West Virginia","5/15/20","16","1","54065","6.25"
"Nicholas","0","9","West Virginia","5/15/20","8","1","54067","12.5"
"Ohio","0","37","West Virginia","5/15/20","35","2","54069","5.71"
"Pendleton","0","5","West Virginia","5/15/20","5","0","54071","0"
"Pleasants","0","2","West Virginia","5/15/20","2","0","54073","0"
"Pocahontas","0","2","West Virginia","5/15/20","2","0","54075","0"
"Preston","0","15","West Virginia","5/15/20","14","1","54077","7.14"
"Putnam","0","29","West Virginia","5/15/20","27","2","54079","7.41"
"Raleigh","0","10","West Virginia","5/15/20","9","1","54081","11.11"
"Randolph","0","5","West Virginia","5/15/20","5","0","54083","0"
"Ritchie","0","1","West Virginia","5/15/20","1","0","54085","0"
"Roane","0","8","West Virginia","5/15/20","8","0","54087","0"
"Summers","0","1","West Virginia","5/15/20","1","0","54089","0"
"Taylor","0","8","West Virginia","5/15/20","8","0","54091","0"
"Tucker","0","4","West Virginia","5/15/20","4","0","54093","0"
"Tyler","0","3","West Virginia","5/15/20","3","0","54095","0"
"Upshur","0","6","West Virginia","5/15/20","5","1","54097","20"
"Wayne","0","95","West Virginia","5/15/20","93","2","54099","2.15"
"Wetzel","0","6","West Virginia","5/15/20","4","2","54103","50"
"Wirt","0","3","West Virginia","5/15/20","3","0","54105","0"
"Wood","0","45","West Virginia","5/15/20","43","2","54107","4.65"
"Wyoming","0","1","West Virginia","5/15/20","1","0","54109","0"
"Adams","0","4","Wisconsin","5/15/20","4","0","55001","0"
"Ashland","0","2","Wisconsin","5/15/20","2","0","55003","0"
"Barron","0","11","Wisconsin","5/15/20","10","1","55005","10"
"Bayfield","0","3","Wisconsin","5/15/20","3","0","55007","0"
"Brown","37","2034","Wisconsin","5/15/20","1777","257","55009","14.46"
"Buffalo","0","5","Wisconsin","5/15/20","5","0","55011","0"
"Burnett","0","1","Wisconsin","5/15/20","0","1","55013","1"
"Calumet","3","55","Wisconsin","5/15/20","34","21","55015","61.76"
"Chippewa","1","37","Wisconsin","5/15/20","27","10","55017","37.04"
"Clark","0","25","Wisconsin","5/15/20","23","2","55019","8.7"
"Columbia","0","34","Wisconsin","5/15/20","32","2","55021","6.25"
"Crawford","1","20","Wisconsin","5/15/20","16","4","55023","25"
"Dane","7","507","Wisconsin","5/15/20","455","52","55025","11.43"
"Dodge","5","87","Wisconsin","5/15/20","51","36","55027","70.59"
"Door","2","29","Wisconsin","5/15/20","18","11","55029","61.11"
"Douglas","0","12","Wisconsin","5/15/20","10","2","55031","20"
"Dunn","1","20","Wisconsin","5/15/20","14","6","55033","42.86"
"Eau Claire","2","65","Wisconsin","5/15/20","50","15","55035","30"
"Florence","0","2","Wisconsin","5/15/20","2","0","55037","0"
"Fond du Lac","5","119","Wisconsin","5/15/20","85","34","55039","40"
"Forest","1","5","Wisconsin","5/15/20","1","4","55041","400"
"Grant","1","72","Wisconsin","5/15/20","66","6","55043","9.09"
"Green","2","39","Wisconsin","5/15/20","23","16","55045","69.57"
"Green Lake","1","10","Wisconsin","5/15/20","6","4","55047","66.67"
"Iowa","0","11","Wisconsin","5/15/20","10","1","55049","10"
"Iron","0","2","Wisconsin","5/15/20","2","0","55051","0"
"Jackson","0","15","Wisconsin","5/15/20","12","3","55053","25"
"Jefferson","1","58","Wisconsin","5/15/20","50","8","55055","16"
"Juneau","0","21","Wisconsin","5/15/20","21","0","55057","0"
"Kenosha","22","780","Wisconsin","5/15/20","627","153","55059","24.4"
"Kewaunee","1","30","Wisconsin","5/15/20","26","4","55061","15.38"
"La Crosse","1","42","Wisconsin","5/15/20","32","10","55063","31.25"
"Lafayette","1","16","Wisconsin","5/15/20","9","7","55065","77.78"
"Lincoln","0","2","Wisconsin","5/15/20","1","1","55069","100"
"Manitowoc","1","21","Wisconsin","5/15/20","17","4","55071","23.53"
"Marathon","1","31","Wisconsin","5/15/20","22","9","55073","40.91"
"Marinette","1","21","Wisconsin","5/15/20","15","6","55075","40"
"Marquette","0","3","Wisconsin","5/15/20","3","0","55077","0"
"Menominee","0","2","Wisconsin","5/15/20","2","0","55078","0"
"Milwaukee","116","4535","Wisconsin","5/15/20","3722","813","55079","21.84"
"Monroe","0","15","Wisconsin","5/15/20","14","1","55081","7.14"
"Oconto","0","30","Wisconsin","5/15/20","27","3","55083","11.11"
"Oneida","0","7","Wisconsin","5/15/20","7","0","55085","0"
"Outagamie","3","128","Wisconsin","5/15/20","105","23","55087","21.9"
"Ozaukee","3","119","Wisconsin","5/15/20","101","18","55089","17.82"
"Pepin","0","1","Wisconsin","5/15/20","0","1","55091","1"
"Pierce","1","16","Wisconsin","5/15/20","12","4","55093","33.33"
"Polk","0","6","Wisconsin","5/15/20","5","1","55095","20"
"Portage","0","7","Wisconsin","5/15/20","7","0","55097","0"
"Price","0","1","Wisconsin","5/15/20","1","0","55099","0"
"Racine","41","920","Wisconsin","5/15/20","634","286","55101","45.11"
"Richland","0","13","Wisconsin","5/15/20","13","0","55103","0"
"Rock","9","406","Wisconsin","5/15/20","343","63","55105","18.37"
"Rusk","0","4","Wisconsin","5/15/20","4","0","55107","0"
"Sauk","1","76","Wisconsin","5/15/20","69","7","55111","10.14"
"Sawyer","0","4","Wisconsin","5/15/20","4","0","55113","0"
"Shawano","1","29","Wisconsin","5/15/20","20","9","55115","45"
"Sheboygan","0","68","Wisconsin","5/15/20","65","3","55117","4.62"
"St. Croix","2","37","Wisconsin","5/15/20","26","11","55109","42.31"
"Trempealeau","0","7","Wisconsin","5/15/20","5","2","55121","40"
"Vernon","1","8","Wisconsin","5/15/20","3","5","55123","166.67"
"Vilas","0","4","Wisconsin","5/15/20","4","0","55125","0"
"Walworth","6","269","Wisconsin","5/15/20","226","43","55127","19.03"
"Washburn","0","1","Wisconsin","5/15/20","1","0","55129","0"
"Washington","2","129","Wisconsin","5/15/20","114","15","55131","13.16"
"Waukesha","10","454","Wisconsin","5/15/20","387","67","55133","17.31"
"Waupaca","1","16","Wisconsin","5/15/20","11","5","55135","45.45"
"Waushara","0","5","Wisconsin","5/15/20","4","1","55137","25"
"Winnebago","3","112","Wisconsin","5/15/20","91","21","55139","23.08"
"Wood","0","5","Wisconsin","5/15/20","2","3","55141","150"
"Albany","0","8","Wyoming","5/15/20","8","0","56001","0"
"Big Horn","0","3","Wyoming","5/15/20","3","0","56003","0"
"Campbell","1","29","Wyoming","5/15/20","25","4","56005","16"
"Carbon","0","8","Wyoming","5/15/20","5","3","56007","60"
"Converse","0","23","Wyoming","5/15/20","23","0","56009","0"
"Crook","0","5","Wyoming","5/15/20","5","0","56011","0"
"Fremont","6","214","Wyoming","5/15/20","175","39","56013","22.29"
"Goshen","0","5","Wyoming","5/15/20","5","0","56015","0"
"Hot Springs","0","3","Wyoming","5/15/20","3","0","56017","0"
"Johnson","0","15","Wyoming","5/15/20","15","0","56019","0"
"Laramie","2","178","Wyoming","5/15/20","163","15","56021","9.2"
"Lincoln","1","14","Wyoming","5/15/20","10","4","56023","40"
"Natrona","0","50","Wyoming","5/15/20","48","2","56025","4.17"
"Niobrara","0","2","Wyoming","5/15/20","2","0","56027","0"
"Park","0","1","Wyoming","5/15/20","1","0","56029","0"
"Sheridan","0","16","Wyoming","5/15/20","16","0","56033","0"
"Sublette","0","3","Wyoming","5/15/20","3","0","56035","0"
"Sweetwater","0","22","Wyoming","5/15/20","19","3","56037","15.79"
"Teton","0","99","Wyoming","5/15/20","98","1","56039","1.02"
"Uinta","0","9","Wyoming","5/15/20","9","0","56041","0"
"Washakie","0","9","Wyoming","5/15/20","8","1","56043","12.5"
