"Locality","DailyAvgNewCasesPast7Days","TotalCases","State","Date","TotalCases7DaysAgo","NewCasesPast7Days","FIPS-Code","PercentIncreaseTotalCasesPast7Days"
"Autauga","5","91","Alabama","5/12/20","53","38","01001","71.7"
"Baldwin","5","227","Alabama","5/12/20","189","38","01003","20.11"
"Barbour","3","67","Alabama","5/12/20","47","20","01005","42.55"
"Bibb","0","46","Alabama","5/12/20","43","3","01007","6.98"
"Blount","1","45","Alabama","5/12/20","40","5","01009","12.5"
"Bullock","1","26","Alabama","5/12/20","18","8","01011","44.44"
"Butler","15","224","Alabama","5/12/20","120","104","01013","86.67"
"Calhoun","2","126","Alabama","5/12/20","114","12","01015","10.53"
"Chambers","3","324","Alabama","5/12/20","304","20","01017","6.58"
"Cherokee","1","24","Alabama","5/12/20","17","7","01019","41.18"
"Chilton","1","69","Alabama","5/12/20","60","9","01021","15"
"Choctaw","2","69","Alabama","5/12/20","54","15","01023","27.78"
"Clarke","3","64","Alabama","5/12/20","43","21","01025","48.84"
"Clay","0","27","Alabama","5/12/20","24","3","01027","12.5"
"Cleburne","0","13","Alabama","5/12/20","13","0","01029","0"
"Coffee","3","155","Alabama","5/12/20","134","21","01031","15.67"
"Colbert","4","72","Alabama","5/12/20","42","30","01033","71.43"
"Conecuh","1","14","Alabama","5/12/20","9","5","01035","55.56"
"Coosa","0","33","Alabama","5/12/20","31","2","01037","6.45"
"Covington","1","56","Alabama","5/12/20","46","10","01039","21.74"
"Crenshaw","3","46","Alabama","5/12/20","26","20","01041","76.92"
"Cullman","1","67","Alabama","5/12/20","58","9","01043","15.52"
"Dale","3","52","Alabama","5/12/20","34","18","01045","52.94"
"Dallas","8","124","Alabama","5/12/20","68","56","01047","82.35"
"DeKalb","10","167","Alabama","5/12/20","99","68","01049","68.69"
"Elmore","5","156","Alabama","5/12/20","121","35","01051","28.93"
"Escambia","1","38","Alabama","5/12/20","31","7","01053","22.58"
"Etowah","6","196","Alabama","5/12/20","152","44","01055","28.95"
"Fayette","0","9","Alabama","5/12/20","6","3","01057","50"
"Franklin","16","264","Alabama","5/12/20","152","112","01059","73.68"
"Geneva","1","16","Alabama","5/12/20","11","5","01061","45.45"
"Greene","2","73","Alabama","5/12/20","61","12","01063","19.67"
"Hale","2","74","Alabama","5/12/20","59","15","01065","25.42"
"Henry","1","32","Alabama","5/12/20","27","5","01067","18.52"
"Houston","2","114","Alabama","5/12/20","98","16","01069","16.33"
"Jackson","1","60","Alabama","5/12/20","53","7","01071","13.21"
"Jefferson","19","1153","Alabama","5/12/20","1020","133","01073","13.04"
"Lamar","0","13","Alabama","5/12/20","13","0","01075","0"
"Lauderdale","4","99","Alabama","5/12/20","68","31","01077","45.59"
"Lawrence","1","26","Alabama","5/12/20","16","10","01079","62.5"
"Lee","3","432","Alabama","5/12/20","408","24","01081","5.88"
"Limestone","1","58","Alabama","5/12/20","48","10","01083","20.83"
"Lowndes","4","111","Alabama","5/12/20","80","31","01085","38.75"
"Macon","1","51","Alabama","5/12/20","41","10","01087","24.39"
"Madison","2","255","Alabama","5/12/20","238","17","01089","7.14"
"Marengo","3","89","Alabama","5/12/20","68","21","01091","30.88"
"Marion","1","97","Alabama","5/12/20","90","7","01093","7.78"
"Marshall","20","581","Alabama","5/12/20","439","142","01095","32.35"
"Mobile","35","1507","Alabama","5/12/20","1265","242","01097","19.13"
"Monroe","0","15","Alabama","5/12/20","13","2","01099","15.38"
"Montgomery","33","684","Alabama","5/12/20","456","228","01101","50"
"Morgan","3","98","Alabama","5/12/20","78","20","01103","25.64"
"Perry","0","19","Alabama","5/12/20","16","3","01105","18.75"
"Pickens","2","70","Alabama","5/12/20","57","13","01107","22.81"
"Pike","3","100","Alabama","5/12/20","82","18","01109","21.95"
"Randolph","5","117","Alabama","5/12/20","82","35","01111","42.68"
"Russell","3","83","Alabama","5/12/20","63","20","01113","31.75"
"Shelby","6","378","Alabama","5/12/20","335","43","01117","12.84"
"St. Clair","1","86","Alabama","5/12/20","76","10","01115","13.16"
"Sumter","4","110","Alabama","5/12/20","85","25","01119","29.41"
"Talladega","1","74","Alabama","5/12/20","67","7","01121","10.45"
"Tallapoosa","4","330","Alabama","5/12/20","303","27","01123","8.91"
"Tuscaloosa","7","291","Alabama","5/12/20","243","48","01125","19.75"
"Walker","1","110","Alabama","5/12/20","100","10","01127","10"
"Washington","2","55","Alabama","5/12/20","42","13","01129","30.95"
"Wilcox","2","87","Alabama","5/12/20","72","15","01131","20.83"
"Winston","1","25","Alabama","5/12/20","16","9","01133","56.25"
"Anchorage","1","194","Alaska","5/12/20","190","4","02020","2.11"
"Bethel","0","1","Alaska","5/12/20","1","0","02050","0"
"Fairbanks North Star","0","84","Alaska","5/12/20","83","1","02090","1.2"
"Juneau","0","27","Alaska","5/12/20","27","0","02110","0"
"Kenai Peninsula","0","24","Alaska","5/12/20","22","2","02122","9.09"
"Ketchikan Gateway","0","16","Alaska","5/12/20","16","0","02130","0"
"Kodiak Island","0","1","Alaska","5/12/20","1","0","02150","0"
"Matanuska-Susitna","0","21","Alaska","5/12/20","21","0","02170","0"
"Nome","0","1","Alaska","5/12/20","1","0","02180","0"
"Petersburg","0","4","Alaska","5/12/20","4","0","02195","0"
"Prince of Wales-Hyder","0","2","Alaska","5/12/20","2","0","02198","0"
"Sitka","0","1","Alaska","5/12/20","1","0","02220","0"
"Southeast Fairbanks","0","2","Alaska","5/12/20","1","1","02240","100"
"Yukon-Koyukuk","0","1","Alaska","5/12/20","1","0","02290","0"
"Apache","24","744","Arizona","5/12/20","576","168","04001","29.17"
"Cochise","1","43","Arizona","5/12/20","39","4","04003","10.26"
"Coconino","23","720","Arizona","5/12/20","561","159","04005","28.34"
"Gila","1","19","Arizona","5/12/20","14","5","04007","35.71"
"Graham","0","20","Arizona","5/12/20","19","1","04009","5.26"
"Greenlee","0","2","Arizona","5/12/20","2","0","04011","0"
"La Paz","1","22","Arizona","5/12/20","16","6","04012","37.5"
"Maricopa","184","6219","Arizona","5/12/20","4929","1290","04013","26.17"
"Mohave","9","207","Arizona","5/12/20","147","60","04015","40.82"
"Navajo","21","1017","Arizona","5/12/20","869","148","04017","17.03"
"Pima","35","1623","Arizona","5/12/20","1379","244","04019","17.69"
"Pinal","23","636","Arizona","5/12/20","478","158","04021","33.05"
"Santa Cruz","2","51","Arizona","5/12/20","35","16","04023","45.71"
"Yavapai","11","206","Arizona","5/12/20","126","80","04025","63.49"
"Yuma","13","207","Arizona","5/12/20","115","92","04027","80"
"Arkansas","0","2","Arkansas","5/12/20","2","0","05001","0"
"Ashley","0","18","Arkansas","5/12/20","15","3","05003","20"
"Baxter","0","5","Arkansas","5/12/20","5","0","05005","0"
"Benton","2","127","Arkansas","5/12/20","110","17","05007","15.45"
"Boone","0","4","Arkansas","5/12/20","4","0","05009","0"
"Bradley","0","11","Arkansas","5/12/20","11","0","05011","0"
"Carroll","0","6","Arkansas","5/12/20","6","0","05015","0"
"Chicot","0","10","Arkansas","5/12/20","9","1","05017","11.11"
"Clark","0","34","Arkansas","5/12/20","32","2","05019","6.25"
"Clay","0","3","Arkansas","5/12/20","3","0","05021","0"
"Cleburne","0","72","Arkansas","5/12/20","72","0","05023","0"
"Cleveland","0","13","Arkansas","5/12/20","11","2","05025","18.18"
"Columbia","0","15","Arkansas","5/12/20","13","2","05027","15.38"
"Conway","0","13","Arkansas","5/12/20","13","0","05029","0"
"Craighead","3","103","Arkansas","5/12/20","85","18","05031","21.18"
"Crawford","1","8","Arkansas","5/12/20","4","4","05033","100"
"Crittenden","2","212","Arkansas","5/12/20","197","15","05035","7.61"
"Cross","1","31","Arkansas","5/12/20","25","6","05037","24"
"Dallas","0","1","Arkansas","5/12/20","1","0","05039","0"
"Desha","0","17","Arkansas","5/12/20","16","1","05041","6.25"
"Drew","0","19","Arkansas","5/12/20","16","3","05043","18.75"
"Faulkner","1","82","Arkansas","5/12/20","77","5","05045","6.49"
"Franklin","0","2","Arkansas","5/12/20","2","0","05047","0"
"Fulton","0","3","Arkansas","5/12/20","3","0","05049","0"
"Garland","0","120","Arkansas","5/12/20","117","3","05051","2.56"
"Grant","0","15","Arkansas","5/12/20","14","1","05053","7.14"
"Greene","0","24","Arkansas","5/12/20","21","3","05055","14.29"
"Hempstead","0","7","Arkansas","5/12/20","7","0","05057","0"
"Hot Spring","1","27","Arkansas","5/12/20","20","7","05059","35"
"Howard","0","14","Arkansas","5/12/20","14","0","05061","0"
"Independence","1","17","Arkansas","5/12/20","11","6","05063","54.55"
"Izard","0","13","Arkansas","5/12/20","10","3","05065","30"
"Jackson","0","1","Arkansas","5/12/20","1","0","05067","0"
"Jefferson","11","273","Arkansas","5/12/20","199","74","05069","37.19"
"Johnson","1","35","Arkansas","5/12/20","31","4","05071","12.9"
"Lafayette","0","9","Arkansas","5/12/20","8","1","05073","12.5"
"Lawrence","1","71","Arkansas","5/12/20","67","4","05075","5.97"
"Lee","1","9","Arkansas","5/12/20","4","5","05077","125"
"Lincoln","13","942","Arkansas","5/12/20","853","89","05079","10.43"
"Logan","0","3","Arkansas","5/12/20","2","1","05083","50"
"Lonoke","0","44","Arkansas","5/12/20","44","0","05085","0"
"Madison","0","1","Arkansas","5/12/20","1","0","05087","0"
"Marion","0","1","Arkansas","5/12/20","1","0","05089","0"
"Miller","0","38","Arkansas","5/12/20","35","3","05091","8.57"
"Mississippi","2","53","Arkansas","5/12/20","41","12","05093","29.27"
"Monroe","0","5","Arkansas","5/12/20","4","1","05095","25"
"Montgomery","0","1","Arkansas","5/12/20","1","0","05097","0"
"Nevada","0","3","Arkansas","5/12/20","2","1","05099","50"
"Newton","0","3","Arkansas","5/12/20","3","0","05101","0"
"Ouachita","0","8","Arkansas","5/12/20","7","1","05103","14.29"
"Perry","0","8","Arkansas","5/12/20","7","1","05105","14.29"
"Phillips","0","4","Arkansas","5/12/20","5","-1","05107","-20"
"Pike","0","3","Arkansas","5/12/20","3","0","05109","0"
"Poinsett","0","25","Arkansas","5/12/20","25","0","05111","0"
"Polk","0","7","Arkansas","5/12/20","7","0","05113","0"
"Pope","0","48","Arkansas","5/12/20","45","3","05115","6.67"
"Prairie","0","2","Arkansas","5/12/20","2","0","05117","0"
"Pulaski","11","640","Arkansas","5/12/20","565","75","05119","13.27"
"Randolph","0","22","Arkansas","5/12/20","19","3","05121","15.79"
"Saline","1","75","Arkansas","5/12/20","67","8","05125","11.94"
"Scott","0","1","Arkansas","5/12/20","1","0","05127","0"
"Searcy","0","6","Arkansas","5/12/20","6","0","05129","0"
"Sebastian","0","15","Arkansas","5/12/20","13","2","05131","15.38"
"Sevier","1","21","Arkansas","5/12/20","14","7","05133","50"
"Sharp","3","25","Arkansas","5/12/20","7","18","05135","257.14"
"St. Francis","30","305","Arkansas","5/12/20","95","210","05123","221.05"
"Stone","0","8","Arkansas","5/12/20","8","0","05137","0"
"Union","3","80","Arkansas","5/12/20","62","18","05139","29.03"
"Van Buren","0","28","Arkansas","5/12/20","28","0","05141","0"
"Washington","3","111","Arkansas","5/12/20","91","20","05143","21.98"
"White","0","37","Arkansas","5/12/20","35","2","05145","5.71"
"Woodruff","0","1","Arkansas","5/12/20","1","0","05147","0"
"Yell","0","7","Arkansas","5/12/20","6","1","05149","16.67"
"Alameda","46","2133","California","5/12/20","1809","324","06001","17.91"
"Alpine","0","2","California","5/12/20","2","0","06003","0"
"Amador","0","8","California","5/12/20","8","0","06005","0"
"Butte","0","20","California","5/12/20","17","3","06007","17.65"
"Calaveras","0","13","California","5/12/20","13","0","06009","0"
"Colusa","0","3","California","5/12/20","3","0","06011","0"
"Contra Costa","14","1066","California","5/12/20","969","97","06013","10.01"
"Del Norte","0","3","California","5/12/20","3","0","06015","0"
"El Dorado","1","60","California","5/12/20","53","7","06017","13.21"
"Fresno","45","984","California","5/12/20","672","312","06019","46.43"
"Glenn","0","6","California","5/12/20","5","1","06021","20"
"Humboldt","1","64","California","5/12/20","54","10","06023","18.52"
"Imperial","29","603","California","5/12/20","400","203","06025","50.75"
"Inyo","0","19","California","5/12/20","19","0","06027","0"
"Kern","39","1316","California","5/12/20","1045","271","06029","25.93"
"Kings","17","319","California","5/12/20","198","121","06031","61.11"
"Lake","0","8","California","5/12/20","8","0","06033","0"
"Los Angeles","768","33211","California","5/12/20","27836","5375","06037","19.31"
"Madera","2","69","California","5/12/20","54","15","06039","27.78"
"Marin","4","271","California","5/12/20","241","30","06041","12.45"
"Mariposa","0","15","California","5/12/20","14","1","06043","7.14"
"Mendocino","0","12","California","5/12/20","12","0","06045","0"
"Merced","4","177","California","5/12/20","147","30","06047","20.41"
"Mono","1","32","California","5/12/20","26","6","06051","23.08"
"Monterey","9","299","California","5/12/20","237","62","06053","26.16"
"Napa","1","81","California","5/12/20","75","6","06055","8"
"Nevada","0","41","California","5/12/20","41","0","06057","0"
"Orange","104","3602","California","5/12/20","2873","729","06059","25.37"
"Placer","1","170","California","5/12/20","162","8","06061","4.94"
"Plumas","0","4","California","5/12/20","4","0","06063","0"
"Riverside","113","5248","California","5/12/20","4454","794","06065","17.83"
"Sacramento","7","1181","California","5/12/20","1133","48","06067","4.24"
"San Benito","1","58","California","5/12/20","52","6","06069","11.54"
"San Bernardino","107","3078","California","5/12/20","2329","749","06071","32.16"
"San Diego","163","5161","California","5/12/20","4020","1141","06073","28.38"
"San Francisco","36","1977","California","5/12/20","1728","249","06075","14.41"
"San Joaquin","7","629","California","5/12/20","578","51","06077","8.82"
"San Luis Obispo","3","227","California","5/12/20","204","23","06079","11.27"
"San Mateo","26","1497","California","5/12/20","1315","182","06081","13.84"
"Santa Barbara","121","1371","California","5/12/20","526","845","06083","160.65"
"Santa Clara","15","2362","California","5/12/20","2255","107","06085","4.75"
"Santa Cruz","1","146","California","5/12/20","138","8","06087","5.8"
"Shasta","0","32","California","5/12/20","31","1","06089","3.23"
"Siskiyou","0","5","California","5/12/20","5","0","06093","0"
"Solano","10","388","California","5/12/20","320","68","06095","21.25"
"Sonoma","7","312","California","5/12/20","261","51","06097","19.54"
"Stanislaus","13","517","California","5/12/20","428","89","06099","20.79"
"Sutter","0","34","California","5/12/20","31","3","06101","9.68"
"Tehama","0","1","California","5/12/20","1","0","06103","0"
"Trinity","0","2","California","5/12/20","0","2","06105","1"
"Tulare","55","1241","California","5/12/20","858","383","06107","44.64"
"Tuolumne","0","2","California","5/12/20","4","-2","06109","-50"
"Ventura","15","698","California","5/12/20","595","103","06111","17.31"
"Yolo","1","177","California","5/12/20","171","6","06113","3.51"
"Yuba","1","23","California","5/12/20","19","4","06115","21.05"
"Adams","63","2322","Colorado","5/12/20","1883","439","08001","23.31"
"Alamosa","3","33","Colorado","5/12/20","14","19","08003","135.71"
"Arapahoe","70","3370","Colorado","5/12/20","2883","487","08005","16.89"
"Archuleta","0","8","Colorado","5/12/20","8","0","08007","0"
"Baca","0","12","Colorado","5/12/20","12","0","08009","0"
"Bent","0","1","Colorado","5/12/20","0","1","08011","1"
"Boulder","15","788","Colorado","5/12/20","685","103","08013","15.04"
"Broomfield","3","201","Colorado","5/12/20","178","23","08014","12.92"
"Chaffee","0","68","Colorado","5/12/20","68","0","08015","0"
"Cheyenne","1","5","Colorado","5/12/20","0","5","08017","1"
"Clear Creek","0","15","Colorado","5/12/20","13","2","08019","15.38"
"Conejos","0","1","Colorado","5/12/20","0","1","08021","1"
"Costilla","0","3","Colorado","5/12/20","3","0","08023","0"
"Crowley","5","39","Colorado","5/12/20","4","35","08025","875"
"Custer","0","2","Colorado","5/12/20","2","0","08027","0"
"Delta","0","55","Colorado","5/12/20","52","3","08029","5.77"
"Denver","92","4187","Colorado","5/12/20","3546","641","08031","18.08"
"Douglas","9","607","Colorado","5/12/20","543","64","08035","11.79"
"Eagle","2","561","Colorado","5/12/20","547","14","08037","2.56"
"El Paso","18","1157","Colorado","5/12/20","1028","129","08041","12.55"
"Elbert","1","40","Colorado","5/12/20","36","4","08039","11.11"
"Fremont","0","23","Colorado","5/12/20","22","1","08043","4.55"
"Garfield","2","111","Colorado","5/12/20","99","12","08045","12.12"
"Gilpin","0","1","Colorado","5/12/20","1","0","08047","0"
"Grand","0","5","Colorado","5/12/20","5","0","08049","0"
"Gunnison","1","174","Colorado","5/12/20","168","6","08051","3.57"
"Hinsdale","0","3","Colorado","5/12/20","3","0","08053","0"
"Huerfano","0","3","Colorado","5/12/20","2","1","08055","50"
"Jefferson","30","1678","Colorado","5/12/20","1466","212","08059","14.46"
"Kit Carson","0","25","Colorado","5/12/20","22","3","08063","13.64"
"La Plata","0","66","Colorado","5/12/20","63","3","08067","4.76"
"Lake","0","23","Colorado","5/12/20","21","2","08065","9.52"
"Larimer","7","455","Colorado","5/12/20","409","46","08069","11.25"
"Las Animas","0","4","Colorado","5/12/20","4","0","08071","0"
"Lincoln","0","3","Colorado","5/12/20","3","0","08073","0"
"Logan","26","473","Colorado","5/12/20","292","181","08075","61.99"
"Mesa","0","51","Colorado","5/12/20","49","2","08077","4.08"
"Mineral","0","2","Colorado","5/12/20","2","0","08079","0"
"Moffat","0","6","Colorado","5/12/20","6","0","08081","0"
"Montezuma","1","25","Colorado","5/12/20","18","7","08083","38.89"
"Montrose","3","127","Colorado","5/12/20","107","20","08085","18.69"
"Morgan","14","521","Colorado","5/12/20","422","99","08087","23.46"
"Otero","0","10","Colorado","5/12/20","10","0","08089","0"
"Ouray","0","6","Colorado","5/12/20","5","1","08091","20"
"Park","0","16","Colorado","5/12/20","14","2","08093","14.29"
"Phillips","1","9","Colorado","5/12/20","5","4","08095","80"
"Pitkin","0","54","Colorado","5/12/20","52","2","08097","3.85"
"Prowers","1","9","Colorado","5/12/20","3","6","08099","200"
"Pueblo","4","188","Colorado","5/12/20","158","30","08101","18.99"
"Rio Blanco","0","1","Colorado","5/12/20","1","0","08103","0"
"Rio Grande","0","7","Colorado","5/12/20","7","0","08105","0"
"Routt","0","59","Colorado","5/12/20","58","1","08107","1.72"
"Saguache","1","8","Colorado","5/12/20","3","5","08109","166.67"
"San Juan","0","1","Colorado","5/12/20","0","1","08111","1"
"San Miguel","0","22","Colorado","5/12/20","20","2","08113","10"
"Summit","3","171","Colorado","5/12/20","151","20","08117","13.25"
"Teller","0","31","Colorado","5/12/20","29","2","08119","6.9"
"Washington","0","9","Colorado","5/12/20","9","0","08121","0"
"Weld","34","2190","Colorado","5/12/20","1955","235","08123","12.02"
"Yuma","0","11","Colorado","5/12/20","9","2","08125","22.22"
"Fairfield","161","13488","Connecticut","5/12/20","12360","1128","09001","9.13"
"Hartford","168","7528","Connecticut","5/12/20","6351","1177","09003","18.53"
"Litchfield","15","1171","Connecticut","5/12/20","1065","106","09005","9.95"
"Middlesex","13","823","Connecticut","5/12/20","734","89","09007","12.13"
"New Haven","156","9430","Connecticut","5/12/20","8337","1093","09009","13.11"
"New London","16","793","Connecticut","5/12/20","681","112","09011","16.45"
"Tolland","8","556","Connecticut","5/12/20","502","54","09013","10.76"
"Windham","8","281","Connecticut","5/12/20","223","58","09015","26.01"
"Kent","30","1060","Delaware","5/12/20","847","213","10001","25.15"
"New Castle","66","2440","Delaware","5/12/20","1979","461","10003","23.29"
"Sussex","98","3205","Delaware","5/12/20","2520","685","10005","27.18"
"","0","49","Diamond Princess","5/12/20","49","0",,"0"
"District of Columbia","166","6485","District of Columbia","5/12/20","5322","1163","11001","21.85"
"Alachua","5","324","Florida","5/12/20","289","35","12001","12.11"
"Baker","0","25","Florida","5/12/20","22","3","12003","13.64"
"Bay","0","77","Florida","5/12/20","76","1","12005","1.32"
"Bradford","0","48","Florida","5/12/20","48","0","12007","0"
"Brevard","4","346","Florida","5/12/20","319","27","12009","8.46"
"Broward","69","5973","Florida","5/12/20","5492","481","12011","8.76"
"Calhoun","2","27","Florida","5/12/20","15","12","12013","80"
"Charlotte","11","347","Florida","5/12/20","269","78","12015","29"
"Citrus","1","107","Florida","5/12/20","100","7","12017","7"
"Clay","2","303","Florida","5/12/20","287","16","12019","5.57"
"Collier","27","843","Florida","5/12/20","656","187","12021","28.51"
"Columbia","1","105","Florida","5/12/20","96","9","12023","9.38"
"DeSoto","2","52","Florida","5/12/20","40","12","12027","30"
"Dixie","1","14","Florida","5/12/20","10","4","12029","40"
"Duval","15","1186","Florida","5/12/20","1084","102","12031","9.41"
"Escambia","9","659","Florida","5/12/20","598","61","12033","10.2"
"Flagler","1","147","Florida","5/12/20","141","6","12035","4.26"
"Franklin","0","2","Florida","5/12/20","2","0","12037","0"
"Gadsden","3","137","Florida","5/12/20","115","22","12039","19.13"
"Gilchrist","0","6","Florida","5/12/20","6","0","12041","0"
"Glades","0","8","Florida","5/12/20","6","2","12043","33.33"
"Gulf","0","1","Florida","5/12/20","1","0","12045","0"
"Hamilton","2","19","Florida","5/12/20","7","12","12047","171.43"
"Hardee","0","36","Florida","5/12/20","34","2","12049","5.88"
"Hendry","6","159","Florida","5/12/20","115","44","12051","38.26"
"Hernando","1","101","Florida","5/12/20","96","5","12053","5.21"
"Highlands","2","99","Florida","5/12/20","88","11","12055","12.5"
"Hillsborough","21","1473","Florida","5/12/20","1324","149","12057","11.25"
"Holmes","0","10","Florida","5/12/20","10","0","12059","0"
"Indian River","0","102","Florida","5/12/20","99","3","12061","3.03"
"Jackson","17","131","Florida","5/12/20","15","116","12063","773.33"
"Jefferson","0","28","Florida","5/12/20","28","0","12065","0"
"Lafayette","0","5","Florida","5/12/20","3","2","12067","66.67"
"Lake","2","246","Florida","5/12/20","235","11","12069","4.68"
"Lee","22","1317","Florida","5/12/20","1160","157","12071","13.53"
"Leon","3","266","Florida","5/12/20","243","23","12073","9.47"
"Levy","0","22","Florida","5/12/20","20","2","12075","10"
"Liberty","20","198","Florida","5/12/20","60","138","12077","230"
"Madison","0","61","Florida","5/12/20","61","0","12079","0"
"Manatee","16","795","Florida","5/12/20","684","111","12081","16.23"
"Marion","3","213","Florida","5/12/20","193","20","12083","10.36"
"Martin","8","274","Florida","5/12/20","218","56","12085","25.69"
"Miami-Dade","166","14385","Florida","5/12/20","13224","1161","12086","8.78"
"Monroe","2","95","Florida","5/12/20","80","15","12087","18.75"
"Nassau","0","61","Florida","5/12/20","59","2","12089","3.39"
"Okaloosa","1","169","Florida","5/12/20","161","8","12091","4.97"
"Okeechobee","2","28","Florida","5/12/20","17","11","12093","64.71"
"Orange","13","1537","Florida","5/12/20","1446","91","12095","6.29"
"Osceola","9","580","Florida","5/12/20","514","66","12097","12.84"
"Palm Beach","100","4093","Florida","5/12/20","3390","703","12099","20.74"
"Pasco","3","302","Florida","5/12/20","284","18","12101","6.34"
"Pinellas","17","909","Florida","5/12/20","788","121","12103","15.36"
"Polk","18","675","Florida","5/12/20","547","128","12105","23.4"
"Putnam","1","127","Florida","5/12/20","120","7","12107","5.83"
"Santa Rosa","3","179","Florida","5/12/20","158","21","12113","13.29"
"Sarasota","6","435","Florida","5/12/20","395","40","12115","10.13"
"Seminole","2","418","Florida","5/12/20","403","15","12117","3.72"
"St. Johns","1","223","Florida","5/12/20","214","9","12109","4.21"
"St. Lucie","4","290","Florida","5/12/20","259","31","12111","11.97"
"Sumter","1","244","Florida","5/12/20","236","8","12119","3.39"
"Suwannee","1","148","Florida","5/12/20","142","6","12121","4.23"
"Taylor","0","3","Florida","5/12/20","3","0","12123","0"
"Union","0","7","Florida","5/12/20","5","2","12125","40"
"Volusia","5","557","Florida","5/12/20","521","36","12127","6.91"
"Wakulla","0","31","Florida","5/12/20","29","2","12129","6.9"
"Walton","2","66","Florida","5/12/20","50","16","12131","32"
"Washington","0","12","Florida","5/12/20","12","0","12133","0"
"Appling","3","96","Georgia","5/12/20","77","19","13001","24.68"
"Atkinson","1","20","Georgia","5/12/20","14","6","13003","42.86"
"Bacon","3","51","Georgia","5/12/20","28","23","13005","82.14"
"Baker","1","34","Georgia","5/12/20","26","8","13007","30.77"
"Baldwin","2","276","Georgia","5/12/20","260","16","13009","6.15"
"Banks","1","38","Georgia","5/12/20","29","9","13011","31.03"
"Barrow","8","232","Georgia","5/12/20","177","55","13013","31.07"
"Bartow","3","368","Georgia","5/12/20","350","18","13015","5.14"
"Ben Hill","2","43","Georgia","5/12/20","29","14","13017","48.28"
"Berrien","0","19","Georgia","5/12/20","17","2","13019","11.76"
"Bibb","4","376","Georgia","5/12/20","351","25","13021","7.12"
"Bleckley","1","29","Georgia","5/12/20","21","8","13023","38.1"
"Brantley","1","27","Georgia","5/12/20","22","5","13025","22.73"
"Brooks","0","64","Georgia","5/12/20","63","1","13027","1.59"
"Bryan","1","61","Georgia","5/12/20","56","5","13029","8.93"
"Bulloch","0","45","Georgia","5/12/20","43","2","13031","4.65"
"Burke","3","110","Georgia","5/12/20","88","22","13033","25"
"Butts","5","191","Georgia","5/12/20","158","33","13035","20.89"
"Calhoun","1","117","Georgia","5/12/20","107","10","13037","9.35"
"Camden","0","37","Georgia","5/12/20","34","3","13039","8.82"
"Candler","0","10","Georgia","5/12/20","7","3","13043","42.86"
"Carroll","2","398","Georgia","5/12/20","387","11","13045","2.84"
"Catoosa","1","61","Georgia","5/12/20","52","9","13047","17.31"
"Charlton","1","17","Georgia","5/12/20","13","4","13049","30.77"
"Chatham","9","327","Georgia","5/12/20","267","60","13051","22.47"
"Chattahoochee","0","15","Georgia","5/12/20","13","2","13053","15.38"
"Chattooga","0","16","Georgia","5/12/20","15","1","13055","6.67"
"Cherokee","17","635","Georgia","5/12/20","517","118","13057","22.82"
"Clarke","3","189","Georgia","5/12/20","168","21","13059","12.5"
"Clay","0","27","Georgia","5/12/20","25","2","13061","8"
"Clayton","20","951","Georgia","5/12/20","813","138","13063","16.97"
"Clinch","3","36","Georgia","5/12/20","15","21","13065","140"
"Cobb","52","2253","Georgia","5/12/20","1886","367","13067","19.46"
"Coffee","4","184","Georgia","5/12/20","154","30","13069","19.48"
"Colquitt","4","221","Georgia","5/12/20","194","27","13071","13.92"
"Columbia","2","186","Georgia","5/12/20","169","17","13073","10.06"
"Cook","1","33","Georgia","5/12/20","28","5","13075","17.86"
"Coweta","5","280","Georgia","5/12/20","244","36","13077","14.75"
"Crawford","0","20","Georgia","5/12/20","19","1","13079","5.26"
"Crisp","2","190","Georgia","5/12/20","175","15","13081","8.57"
"Dade","0","17","Georgia","5/12/20","16","1","13083","6.25"
"Dawson","2","81","Georgia","5/12/20","67","14","13085","20.9"
"Decatur","2","113","Georgia","5/12/20","96","17","13087","17.71"
"DeKalb","46","2605","Georgia","5/12/20","2284","321","13089","14.05"
"Dodge","1","35","Georgia","5/12/20","31","4","13091","12.9"
"Dooly","2","148","Georgia","5/12/20","132","16","13093","12.12"
"Dougherty","13","1643","Georgia","5/12/20","1550","93","13095","6"
"Douglas","9","417","Georgia","5/12/20","353","64","13097","18.13"
"Early","1","229","Georgia","5/12/20","223","6","13099","2.69"
"Echols","0","8","Georgia","5/12/20","5","3","13101","60"
"Effingham","0","39","Georgia","5/12/20","38","1","13103","2.63"
"Elbert","2","43","Georgia","5/12/20","32","11","13105","34.38"
"Emanuel","0","24","Georgia","5/12/20","22","2","13107","9.09"
"Evans","0","5","Georgia","5/12/20","5","0","13109","0"
"Fannin","0","35","Georgia","5/12/20","32","3","13111","9.38"
"Fayette","2","202","Georgia","5/12/20","189","13","13113","6.88"
"Floyd","1","160","Georgia","5/12/20","151","9","13115","5.96"
"Forsyth","8","400","Georgia","5/12/20","347","53","13117","15.27"
"Franklin","1","28","Georgia","5/12/20","24","4","13119","16.67"
"Fulton","62","3595","Georgia","5/12/20","3164","431","13121","13.62"
"Gilmer","3","100","Georgia","5/12/20","77","23","13123","29.87"
"Glascock","0","1","Georgia","5/12/20","0","1","13125","1"
"Glynn","2","74","Georgia","5/12/20","60","14","13127","23.33"
"Gordon","1","125","Georgia","5/12/20","117","8","13129","6.84"
"Grady","4","88","Georgia","5/12/20","63","25","13131","39.68"
"Greene","0","58","Georgia","5/12/20","57","1","13133","1.75"
"Gwinnett","56","2496","Georgia","5/12/20","2102","394","13135","18.74"
"Habersham","4","392","Georgia","5/12/20","362","30","13137","8.29"
"Hall","31","2060","Georgia","5/12/20","1846","214","13139","11.59"
"Hancock","10","138","Georgia","5/12/20","67","71","13141","105.97"
"Haralson","0","33","Georgia","5/12/20","30","3","13143","10"
"Harris","1","68","Georgia","5/12/20","60","8","13145","13.33"
"Hart","1","18","Georgia","5/12/20","13","5","13147","38.46"
"Heard","0","17","Georgia","5/12/20","14","3","13149","21.43"
"Henry","12","614","Georgia","5/12/20","528","86","13151","16.29"
"Houston","3","291","Georgia","5/12/20","267","24","13153","8.99"
"Irwin","0","22","Georgia","5/12/20","19","3","13155","15.79"
"Jackson","1","125","Georgia","5/12/20","116","9","13157","7.76"
"Jasper","0","26","Georgia","5/12/20","25","1","13159","4"
"Jeff Davis","0","24","Georgia","5/12/20","22","2","13161","9.09"
"Jefferson","0","18","Georgia","5/12/20","16","2","13163","12.5"
"Jenkins","0","18","Georgia","5/12/20","17","1","13165","5.88"
"Johnson","1","69","Georgia","5/12/20","64","5","13167","7.81"
"Jones","0","30","Georgia","5/12/20","31","-1","13169","-3.23"
"Lamar","0","40","Georgia","5/12/20","39","1","13171","2.56"
"Lanier","0","11","Georgia","5/12/20","10","1","13173","10"
"Laurens","2","82","Georgia","5/12/20","68","14","13175","20.59"
"Lee","1","343","Georgia","5/12/20","333","10","13177","3"
"Liberty","1","44","Georgia","5/12/20","37","7","13179","18.92"
"Lincoln","0","12","Georgia","5/12/20","12","0","13181","0"
"Long","0","5","Georgia","5/12/20","5","0","13183","0"
"Lowndes","4","194","Georgia","5/12/20","166","28","13185","16.87"
"Lumpkin","1","77","Georgia","5/12/20","69","8","13187","11.59"
"Macon","1","85","Georgia","5/12/20","81","4","13193","4.94"
"Madison","0","29","Georgia","5/12/20","27","2","13195","7.41"
"Marion","0","40","Georgia","5/12/20","37","3","13197","8.11"
"McDuffie","0","52","Georgia","5/12/20","49","3","13189","6.12"
"McIntosh","0","8","Georgia","5/12/20","6","2","13191","33.33"
"Meriwether","1","66","Georgia","5/12/20","57","9","13199","15.79"
"Miller","0","34","Georgia","5/12/20","32","2","13201","6.25"
"Mitchell","4","357","Georgia","5/12/20","331","26","13205","7.85"
"Monroe","2","44","Georgia","5/12/20","30","14","13207","46.67"
"Montgomery","0","5","Georgia","5/12/20","2","3","13209","150"
"Morgan","0","33","Georgia","5/12/20","30","3","13211","10"
"Murray","2","50","Georgia","5/12/20","34","16","13213","47.06"
"Muscogee","7","391","Georgia","5/12/20","342","49","13215","14.33"
"Newton","6","261","Georgia","5/12/20","222","39","13217","17.57"
"Oconee","0","66","Georgia","5/12/20","67","-1","13219","-1.49"
"Oglethorpe","1","56","Georgia","5/12/20","52","4","13221","7.69"
"Out of GA","77","1582","Georgia","5/12/20","1043","539","80013","51.68"
"Paulding","3","230","Georgia","5/12/20","209","21","13223","10.05"
"Peach","1","68","Georgia","5/12/20","60","8","13225","13.33"
"Pickens","1","35","Georgia","5/12/20","28","7","13227","25"
"Pierce","2","68","Georgia","5/12/20","57","11","13229","19.3"
"Pike","1","47","Georgia","5/12/20","40","7","13231","17.5"
"Polk","1","69","Georgia","5/12/20","61","8","13233","13.11"
"Pulaski","0","34","Georgia","5/12/20","33","1","13235","3.03"
"Putnam","1","59","Georgia","5/12/20","49","10","13237","20.41"
"Quitman","0","7","Georgia","5/12/20","6","1","13239","16.67"
"Rabun","0","14","Georgia","5/12/20","13","1","13241","7.69"
"Randolph","1","169","Georgia","5/12/20","165","4","13243","2.42"
"Richmond","6","469","Georgia","5/12/20","424","45","13245","10.61"
"Rockdale","6","245","Georgia","5/12/20","204","41","13247","20.1"
"Schley","0","15","Georgia","5/12/20","16","-1","13249","-6.25"
"Screven","0","17","Georgia","5/12/20","16","1","13251","6.25"
"Seminole","1","36","Georgia","5/12/20","31","5","13253","16.13"
"Spalding","2","237","Georgia","5/12/20","222","15","13255","6.76"
"Stephens","0","93","Georgia","5/12/20","90","3","13257","3.33"
"Stewart","1","35","Georgia","5/12/20","25","10","13259","40"
"Sumter","2","406","Georgia","5/12/20","392","14","13261","3.57"
"Talbot","0","27","Georgia","5/12/20","25","2","13263","8"
"Taliaferro","0","1","Georgia","5/12/20","1","0","13265","0"
"Tattnall","0","10","Georgia","5/12/20","9","1","13267","11.11"
"Taylor","1","22","Georgia","5/12/20","18","4","13269","22.22"
"Telfair","0","28","Georgia","5/12/20","28","0","13271","0"
"Terrell","1","198","Georgia","5/12/20","191","7","13273","3.66"
"Thomas","9","264","Georgia","5/12/20","204","60","13275","29.41"
"Tift","4","161","Georgia","5/12/20","132","29","13277","21.97"
"Toombs","1","41","Georgia","5/12/20","34","7","13279","20.59"
"Towns","0","20","Georgia","5/12/20","20","0","13281","0"
"Treutlen","0","5","Georgia","5/12/20","3","2","13283","66.67"
"Troup","5","196","Georgia","5/12/20","163","33","13285","20.25"
"Turner","1","78","Georgia","5/12/20","70","8","13287","11.43"
"Twiggs","0","8","Georgia","5/12/20","8","0","13289","0"
"Union","1","36","Georgia","5/12/20","32","4","13291","12.5"
"Upson","2","254","Georgia","5/12/20","243","11","13293","4.53"
"Walker","1","68","Georgia","5/12/20","61","7","13295","11.48"
"Walton","2","152","Georgia","5/12/20","139","13","13297","9.35"
"Ware","4","167","Georgia","5/12/20","142","25","13299","17.61"
"Warren","0","16","Georgia","5/12/20","13","3","13301","23.08"
"Washington","3","63","Georgia","5/12/20","43","20","13303","46.51"
"Wayne","0","13","Georgia","5/12/20","13","0","13305","0"
"Webster","0","11","Georgia","5/12/20","10","1","13307","10"
"Wheeler","0","6","Georgia","5/12/20","5","1","13309","20"
"White","1","88","Georgia","5/12/20","83","5","13311","6.02"
"Whitfield","6","171","Georgia","5/12/20","131","40","13313","30.53"
"Wilcox","1","95","Georgia","5/12/20","90","5","13315","5.56"
"Wilkes","0","27","Georgia","5/12/20","26","1","13317","3.85"
"Wilkinson","1","40","Georgia","5/12/20","35","5","13319","14.29"
"Worth","2","188","Georgia","5/12/20","173","15","13321","8.67"
"","0","103","Grand Princess","5/12/20","103","0",,"0"
"","1","152","Guam","5/12/20","145","7",,"4.83"
"Hawaii","0","75","Hawaii","5/12/20","74","1","15001","1.35"
"Honolulu","1","411","Hawaii","5/12/20","404","7","15003","1.73"
"Kauai","0","21","Hawaii","5/12/20","21","0","15007","0"
"Maui","0","117","Hawaii","5/12/20","116","1","15009","0.86"
"Out of HI","0","11","Hawaii","5/12/20","10","1","80015","10"
"Ada","4","744","Idaho","5/12/20","713","31","16001","4.35"
"Adams","0","3","Idaho","5/12/20","3","0","16003","0"
"Bannock","0","13","Idaho","5/12/20","11","2","16005","18.18"
"Bingham","0","4","Idaho","5/12/20","4","0","16011","0"
"Blaine","1","506","Idaho","5/12/20","499","7","16013","1.4"
"Bonner","0","4","Idaho","5/12/20","4","0","16017","0"
"Bonneville","0","30","Idaho","5/12/20","28","2","16019","7.14"
"Camas","0","1","Idaho","5/12/20","1","0","16025","0"
"Canyon","1","274","Idaho","5/12/20","266","8","16027","3.01"
"Caribou","0","1","Idaho","5/12/20","1","0","16029","0"
"Cassia","0","15","Idaho","5/12/20","13","2","16031","15.38"
"Custer","0","2","Idaho","5/12/20","2","0","16037","0"
"Elmore","0","31","Idaho","5/12/20","30","1","16039","3.33"
"Fremont","0","3","Idaho","5/12/20","3","0","16043","0"
"Gem","0","16","Idaho","5/12/20","14","2","16045","14.29"
"Gooding","1","20","Idaho","5/12/20","13","7","16047","53.85"
"Idaho","0","3","Idaho","5/12/20","3","0","16049","0"
"Jefferson","0","5","Idaho","5/12/20","5","0","16051","0"
"Jerome","3","81","Idaho","5/12/20","61","20","16053","32.79"
"Kootenai","0","64","Idaho","5/12/20","62","2","16055","3.23"
"Latah","0","5","Idaho","5/12/20","5","0","16057","0"
"Lemhi","0","1","Idaho","5/12/20","1","0","16059","0"
"Lincoln","0","29","Idaho","5/12/20","29","0","16063","0"
"Madison","1","18","Idaho","5/12/20","13","5","16065","38.46"
"Minidoka","0","12","Idaho","5/12/20","11","1","16067","9.09"
"Nez Perce","1","79","Idaho","5/12/20","74","5","16069","6.76"
"Owyhee","0","8","Idaho","5/12/20","8","0","16073","0"
"Payette","0","17","Idaho","5/12/20","17","0","16075","0"
"Power","0","3","Idaho","5/12/20","2","1","16077","50"
"Teton","0","11","Idaho","5/12/20","10","1","16081","10"
"Twin Falls","9","280","Idaho","5/12/20","218","62","16083","28.44"
"Valley","0","2","Idaho","5/12/20","2","0","16085","0"
"Washington","1","8","Idaho","5/12/20","1","7","16087","700"
"Adams","0","41","Illinois","5/12/20","40","1","17001","2.5"
"Alexander","1","8","Illinois","5/12/20","4","4","17003","100"
"Bond","0","9","Illinois","5/12/20","7","2","17005","28.57"
"Boone","14","244","Illinois","5/12/20","146","98","17007","67.12"
"Brown","1","9","Illinois","5/12/20","2","7","17009","350"
"Bureau","0","15","Illinois","5/12/20","12","3","17011","25"
"Calhoun","0","1","Illinois","5/12/20","1","0","17013","0"
"Carroll","0","12","Illinois","5/12/20","10","2","17015","20"
"Cass","3","64","Illinois","5/12/20","42","22","17017","52.38"
"Champaign","13","303","Illinois","5/12/20","212","91","17019","42.92"
"Christian","0","30","Illinois","5/12/20","28","2","17021","7.14"
"Clark","0","8","Illinois","5/12/20","5","3","17023","60"
"Clay","0","2","Illinois","5/12/20","2","0","17025","0"
"Clinton","2","128","Illinois","5/12/20","115","13","17027","11.3"
"Coles","5","58","Illinois","5/12/20","22","36","17029","163.64"
"Cook","1464","55470","Illinois","5/12/20","45223","10247","17031","22.66"
"Crawford","0","11","Illinois","5/12/20","8","3","17033","37.5"
"Cumberland","0","6","Illinois","5/12/20","4","2","17035","50"
"De Witt","0","3","Illinois","5/12/20","3","0","17039","0"
"DeKalb","10","203","Illinois","5/12/20","132","71","17037","53.79"
"Douglas","0","20","Illinois","5/12/20","20","0","17041","0"
"DuPage","172","5121","Illinois","5/12/20","3918","1203","17043","30.7"
"Effingham","0","6","Illinois","5/12/20","5","1","17049","20"
"Fayette","0","17","Illinois","5/12/20","16","1","17051","6.25"
"Ford","0","14","Illinois","5/12/20","11","3","17053","27.27"
"Franklin","0","10","Illinois","5/12/20","10","0","17055","0"
"Fulton","0","3","Illinois","5/12/20","3","0","17057","0"
"Gallatin","0","2","Illinois","5/12/20","2","0","17059","0"
"Greene","0","4","Illinois","5/12/20","3","1","17061","33.33"
"Grundy","2","61","Illinois","5/12/20","47","14","17063","29.79"
"Hamilton","0","2","Illinois","5/12/20","2","0","17065","0"
"Hancock","0","12","Illinois","5/12/20","9","3","17067","33.33"
"Hardin","0","1","Illinois","5/12/20","1","0","17069","0"
"Henderson","0","7","Illinois","5/12/20","4","3","17071","75"
"Henry","1","60","Illinois","5/12/20","53","7","17073","13.21"
"Iroquois","7","99","Illinois","5/12/20","47","52","17075","110.64"
"Jackson","3","167","Illinois","5/12/20","146","21","17077","14.38"
"Jasper","0","46","Illinois","5/12/20","48","-2","17079","-4.17"
"Jefferson","1","95","Illinois","5/12/20","86","9","17081","10.47"
"Jersey","0","17","Illinois","5/12/20","14","3","17083","21.43"
"Jo Daviess","1","18","Illinois","5/12/20","14","4","17085","28.57"
"Johnson","0","4","Illinois","5/12/20","4","0","17087","0"
"Kane","198","3592","Illinois","5/12/20","2206","1386","17089","62.83"
"Kankakee","27","583","Illinois","5/12/20","393","190","17091","48.35"
"Kendall","20","477","Illinois","5/12/20","334","143","17093","42.81"
"Knox","3","77","Illinois","5/12/20","56","21","17095","37.5"
"Lake","185","5662","Illinois","5/12/20","4370","1292","17097","29.57"
"LaSalle","5","106","Illinois","5/12/20","69","37","17099","53.62"
"Lawrence","0","3","Illinois","5/12/20","3","0","17101","0"
"Lee","4","69","Illinois","5/12/20","41","28","17103","68.29"
"Livingston","0","25","Illinois","5/12/20","23","2","17105","8.7"
"Logan","0","9","Illinois","5/12/20","7","2","17107","28.57"
"Macon","3","149","Illinois","5/12/20","126","23","17115","18.25"
"Macoupin","0","39","Illinois","5/12/20","36","3","17117","8.33"
"Madison","11","445","Illinois","5/12/20","369","76","17119","20.6"
"Marion","2","47","Illinois","5/12/20","36","11","17121","30.56"
"Marshall","0","4","Illinois","5/12/20","4","0","17123","0"
"Mason","0","15","Illinois","5/12/20","14","1","17125","7.14"
"Massac","0","6","Illinois","5/12/20","4","2","17127","50"
"McDonough","2","52","Illinois","5/12/20","37","15","17109","40.54"
"McHenry","32","1026","Illinois","5/12/20","802","224","17111","27.93"
"McLean","3","126","Illinois","5/12/20","103","23","17113","22.33"
"Menard","0","17","Illinois","5/12/20","15","2","17129","13.33"
"Mercer","0","12","Illinois","5/12/20","10","2","17131","20"
"Monroe","1","81","Illinois","5/12/20","74","7","17133","9.46"
"Montgomery","1","34","Illinois","5/12/20","30","4","17135","13.33"
"Morgan","1","32","Illinois","5/12/20","26","6","17137","23.08"
"Moultrie","0","6","Illinois","5/12/20","6","0","17139","0"
"Ogle","4","160","Illinois","5/12/20","133","27","17141","20.3"
"Out of IL","12","86","Illinois","5/12/20","0","86","80017","1"
"Peoria","4","143","Illinois","5/12/20","113","30","17143","26.55"
"Perry","1","38","Illinois","5/12/20","32","6","17145","18.75"
"Piatt","0","8","Illinois","5/12/20","7","1","17147","14.29"
"Pike","0","1","Illinois","5/12/20","1","0","17149","0"
"Pope","0","1","Illinois","5/12/20","0","1","17151","1"
"Pulaski","1","27","Illinois","5/12/20","20","7","17153","35"
"Randolph","6","222","Illinois","5/12/20","183","39","17157","21.31"
"Richland","0","3","Illinois","5/12/20","3","0","17159","0"
"Rock Island","11","530","Illinois","5/12/20","454","76","17161","16.74"
"Saline","0","5","Illinois","5/12/20","4","1","17165","25"
"Sangamon","9","276","Illinois","5/12/20","216","60","17167","27.78"
"Schuyler","1","7","Illinois","5/12/20","2","5","17169","250"
"Shelby","0","10","Illinois","5/12/20","10","0","17173","0"
"St. Clair","21","727","Illinois","5/12/20","579","148","17163","25.56"
"Stark","0","1","Illinois","5/12/20","1","0","17175","0"
"Stephenson","6","110","Illinois","5/12/20","70","40","17177","57.14"
"Tazewell","1","58","Illinois","5/12/20","48","10","17179","20.83"
"Union","4","63","Illinois","5/12/20","32","31","17181","96.88"
"Vermilion","0","26","Illinois","5/12/20","23","3","17183","13.04"
"Wabash","0","1","Illinois","5/12/20","1","0","17185","0"
"Warren","3","106","Illinois","5/12/20","85","21","17187","24.71"
"Washington","0","17","Illinois","5/12/20","14","3","17189","21.43"
"Wayne","0","3","Illinois","5/12/20","2","1","17191","50"
"White","0","2","Illinois","5/12/20","2","0","17193","0"
"Whiteside","2","110","Illinois","5/12/20","94","16","17195","17.02"
"Will","107","3896","Illinois","5/12/20","3150","746","17197","23.68"
"Williamson","1","44","Illinois","5/12/20","37","7","17199","18.92"
"Winnebago","73","1159","Illinois","5/12/20","649","510","17201","78.58"
"Woodford","0","15","Illinois","5/12/20","13","2","17203","15.38"
"Adams","0","8","Indiana","5/12/20","9","-1","18001","-11.11"
"Allen","25","867","Indiana","5/12/20","695","172","18003","24.75"
"Bartholomew","10","367","Indiana","5/12/20","297","70","18005","23.57"
"Benton","1","16","Indiana","5/12/20","10","6","18007","60"
"Blackford","1","14","Indiana","5/12/20","10","4","18009","40"
"Boone","4","235","Indiana","5/12/20","207","28","18011","13.53"
"Brown","1","28","Indiana","5/12/20","18","10","18013","55.56"
"Carroll","1","71","Indiana","5/12/20","63","8","18015","12.7"
"Cass","19","1542","Indiana","5/12/20","1406","136","18017","9.67"
"Clark","7","389","Indiana","5/12/20","339","50","18019","14.75"
"Clay","0","24","Indiana","5/12/20","22","2","18021","9.09"
"Clinton","5","100","Indiana","5/12/20","65","35","18023","53.85"
"Crawford","0","20","Indiana","5/12/20","19","1","18025","5.26"
"Daviess","0","55","Indiana","5/12/20","52","3","18027","5.77"
"Dearborn","2","154","Indiana","5/12/20","138","16","18029","11.59"
"Decatur","1","215","Indiana","5/12/20","205","10","18031","4.88"
"DeKalb","0","24","Indiana","5/12/20","22","2","18033","9.09"
"Delaware","3","228","Indiana","5/12/20","209","19","18035","9.09"
"Dubois","5","59","Indiana","5/12/20","27","32","18037","118.52"
"Elkhart","26","525","Indiana","5/12/20","342","183","18039","53.51"
"Fayette","1","39","Indiana","5/12/20","30","9","18041","30"
"Floyd","4","238","Indiana","5/12/20","212","26","18043","12.26"
"Fountain","0","16","Indiana","5/12/20","14","2","18045","14.29"
"Franklin","1","106","Indiana","5/12/20","99","7","18047","7.07"
"Fulton","0","37","Indiana","5/12/20","34","3","18049","8.82"
"Gibson","0","8","Indiana","5/12/20","7","1","18051","14.29"
"Grant","1","153","Indiana","5/12/20","146","7","18053","4.79"
"Greene","8","151","Indiana","5/12/20","97","54","18055","55.67"
"Hamilton","14","956","Indiana","5/12/20","859","97","18057","11.29"
"Hancock","5","270","Indiana","5/12/20","233","37","18059","15.88"
"Harrison","3","162","Indiana","5/12/20","138","24","18061","17.39"
"Hendricks","28","984","Indiana","5/12/20","785","199","18063","25.35"
"Henry","6","92","Indiana","5/12/20","47","45","18065","95.74"
"Howard","7","260","Indiana","5/12/20","211","49","18067","23.22"
"Huntington","1","17","Indiana","5/12/20","11","6","18069","54.55"
"Jackson","15","285","Indiana","5/12/20","183","102","18071","55.74"
"Jasper","0","39","Indiana","5/12/20","37","2","18073","5.41"
"Jay","1","22","Indiana","5/12/20","18","4","18075","22.22"
"Jefferson","1","35","Indiana","5/12/20","30","5","18077","16.67"
"Jennings","2","98","Indiana","5/12/20","86","12","18079","13.95"
"Johnson","16","840","Indiana","5/12/20","730","110","18081","15.07"
"Knox","0","21","Indiana","5/12/20","20","1","18083","5"
"Kosciusko","1","47","Indiana","5/12/20","38","9","18085","23.68"
"LaGrange","1","41","Indiana","5/12/20","33","8","18087","24.24"
"Lake","53","2534","Indiana","5/12/20","2161","373","18089","17.26"
"LaPorte","10","335","Indiana","5/12/20","268","67","18091","25"
"Lawrence","2","122","Indiana","5/12/20","109","13","18093","11.93"
"Madison","9","512","Indiana","5/12/20","452","60","18095","13.27"
"Marion","173","7632","Indiana","5/12/20","6419","1213","18097","18.9"
"Marshall","1","36","Indiana","5/12/20","32","4","18099","12.5"
"Martin","0","7","Indiana","5/12/20","7","0","18101","0"
"Miami","1","130","Indiana","5/12/20","120","10","18103","8.33"
"Monroe","2","145","Indiana","5/12/20","132","13","18105","9.85"
"Montgomery","5","144","Indiana","5/12/20","106","38","18107","35.85"
"Morgan","6","210","Indiana","5/12/20","171","39","18109","22.81"
"Newton","1","67","Indiana","5/12/20","61","6","18111","9.84"
"Noble","2","136","Indiana","5/12/20","122","14","18113","11.48"
"Ohio","1","10","Indiana","5/12/20","6","4","18115","66.67"
"Orange","2","118","Indiana","5/12/20","106","12","18117","11.32"
"Owen","0","27","Indiana","5/12/20","24","3","18119","12.5"
"Parke","0","16","Indiana","5/12/20","13","3","18121","23.08"
"Perry","1","19","Indiana","5/12/20","11","8","18123","72.73"
"Pike","0","3","Indiana","5/12/20","2","1","18125","50"
"Porter","12","353","Indiana","5/12/20","266","87","18127","32.71"
"Posey","0","16","Indiana","5/12/20","14","2","18129","14.29"
"Pulaski","1","34","Indiana","5/12/20","29","5","18131","17.24"
"Putnam","2","91","Indiana","5/12/20","80","11","18133","13.75"
"Randolph","1","24","Indiana","5/12/20","17","7","18135","41.18"
"Ripley","1","104","Indiana","5/12/20","98","6","18137","6.12"
"Rush","0","37","Indiana","5/12/20","36","1","18139","2.78"
"Scott","4","85","Indiana","5/12/20","54","31","18143","57.41"
"Shelby","6","272","Indiana","5/12/20","229","43","18145","18.78"
"Spencer","0","7","Indiana","5/12/20","5","2","18147","40"
"St. Joseph","23","847","Indiana","5/12/20","687","160","18141","23.29"
"Starke","1","23","Indiana","5/12/20","17","6","18149","35.29"
"Steuben","2","62","Indiana","5/12/20","51","11","18151","21.57"
"Sullivan","1","20","Indiana","5/12/20","16","4","18153","25"
"Switzerland","0","14","Indiana","5/12/20","15","-1","18155","-6.67"
"Tippecanoe","8","248","Indiana","5/12/20","190","58","18157","30.53"
"Tipton","0","21","Indiana","5/12/20","20","1","18159","5"
"Union","0","8","Indiana","5/12/20","7","1","18161","14.29"
"Vanderburgh","6","195","Indiana","5/12/20","153","42","18163","27.45"
"Vermillion","0","7","Indiana","5/12/20","7","0","18165","0"
"Vigo","2","86","Indiana","5/12/20","71","15","18167","21.13"
"Wabash","1","67","Indiana","5/12/20","63","4","18169","6.35"
"Warren","0","12","Indiana","5/12/20","12","0","18171","0"
"Warrick","3","128","Indiana","5/12/20","106","22","18173","20.75"
"Washington","0","48","Indiana","5/12/20","45","3","18175","6.67"
"Wayne","2","57","Indiana","5/12/20","41","16","18177","39.02"
"Wells","1","12","Indiana","5/12/20","7","5","18179","71.43"
"White","9","165","Indiana","5/12/20","100","65","18181","65"
"Whitley","0","23","Indiana","5/12/20","22","1","18183","4.55"
"Adair","0","3","Iowa","5/12/20","2","1","19001","50"
"Allamakee","2","113","Iowa","5/12/20","98","15","19005","15.31"
"Appanoose","0","7","Iowa","5/12/20","4","3","19007","75"
"Audubon","0","10","Iowa","5/12/20","8","2","19009","25"
"Benton","0","35","Iowa","5/12/20","34","1","19011","2.94"
"Black Hawk","20","1521","Iowa","5/12/20","1378","143","19013","10.38"
"Boone","1","36","Iowa","5/12/20","28","8","19015","28.57"
"Bremer","1","60","Iowa","5/12/20","55","5","19017","9.09"
"Buchanan","0","23","Iowa","5/12/20","22","1","19019","4.55"
"Buena Vista","4","41","Iowa","5/12/20","15","26","19021","173.33"
"Butler","0","12","Iowa","5/12/20","10","2","19023","20"
"Calhoun","0","1","Iowa","5/12/20","1","0","19025","0"
"Carroll","0","6","Iowa","5/12/20","5","1","19027","20"
"Cass","0","1","Iowa","5/12/20","1","0","19029","0"
"Cedar","1","44","Iowa","5/12/20","35","9","19031","25.71"
"Cerro Gordo","0","14","Iowa","5/12/20","14","0","19033","0"
"Cherokee","0","6","Iowa","5/12/20","4","2","19035","50"
"Chickasaw","0","7","Iowa","5/12/20","6","1","19037","16.67"
"Clarke","1","8","Iowa","5/12/20","3","5","19039","166.67"
"Clay","0","9","Iowa","5/12/20","7","2","19041","28.57"
"Clayton","1","28","Iowa","5/12/20","18","10","19043","55.56"
"Clinton","1","58","Iowa","5/12/20","51","7","19045","13.73"
"Crawford","14","197","Iowa","5/12/20","96","101","19047","105.21"
"Dallas","14","712","Iowa","5/12/20","613","99","19049","16.15"
"Davis","1","11","Iowa","5/12/20","4","7","19051","175"
"Delaware","0","10","Iowa","5/12/20","8","2","19055","25"
"Des Moines","3","43","Iowa","5/12/20","21","22","19057","104.76"
"Dickinson","0","6","Iowa","5/12/20","6","0","19059","0"
"Dubuque","7","203","Iowa","5/12/20","156","47","19061","30.13"
"Fayette","0","24","Iowa","5/12/20","23","1","19065","4.35"
"Floyd","1","6","Iowa","5/12/20","1","5","19067","500"
"Franklin","0","7","Iowa","5/12/20","5","2","19069","40"
"Fremont","0","3","Iowa","5/12/20","0","3","19071","1"
"Greene","0","13","Iowa","5/12/20","11","2","19073","18.18"
"Grundy","0","16","Iowa","5/12/20","17","-1","19075","-5.88"
"Guthrie","1","35","Iowa","5/12/20","31","4","19077","12.9"
"Hamilton","1","11","Iowa","5/12/20","7","4","19079","57.14"
"Hancock","0","3","Iowa","5/12/20","3","0","19081","0"
"Hardin","0","12","Iowa","5/12/20","9","3","19083","33.33"
"Harrison","0","17","Iowa","5/12/20","17","0","19085","0"
"Henry","1","43","Iowa","5/12/20","37","6","19087","16.22"
"Howard","0","12","Iowa","5/12/20","12","0","19089","0"
"Humboldt","0","7","Iowa","5/12/20","4","3","19091","75"
"Ida","0","1","Iowa","5/12/20","0","1","19093","1"
"Iowa","1","26","Iowa","5/12/20","22","4","19095","18.18"
"Jackson","0","7","Iowa","5/12/20","5","2","19097","40"
"Jasper","3","239","Iowa","5/12/20","219","20","19099","9.13"
"Jefferson","0","8","Iowa","5/12/20","6","2","19101","33.33"
"Johnson","6","559","Iowa","5/12/20","518","41","19103","7.92"
"Jones","1","34","Iowa","5/12/20","25","9","19105","36"
"Keokuk","1","9","Iowa","5/12/20","3","6","19107","200"
"Kossuth","0","2","Iowa","5/12/20","2","0","19109","0"
"Lee","0","18","Iowa","5/12/20","16","2","19111","12.5"
"Linn","12","849","Iowa","5/12/20","767","82","19113","10.69"
"Louisa","1","287","Iowa","5/12/20","279","8","19115","2.87"
"Lyon","0","16","Iowa","5/12/20","15","1","19119","6.67"
"Madison","0","12","Iowa","5/12/20","9","3","19121","33.33"
"Mahaska","0","21","Iowa","5/12/20","18","3","19123","16.67"
"Marion","1","16","Iowa","5/12/20","12","4","19125","33.33"
"Marshall","13","738","Iowa","5/12/20","647","91","19127","14.06"
"Mills","1","9","Iowa","5/12/20","3","6","19129","200"
"Mitchell","0","3","Iowa","5/12/20","3","0","19131","0"
"Monona","0","13","Iowa","5/12/20","10","3","19133","30"
"Monroe","1","7","Iowa","5/12/20","1","6","19135","600"
"Montgomery","1","5","Iowa","5/12/20","1","4","19137","400"
"Muscatine","12","502","Iowa","5/12/20","415","87","19139","20.96"
"O'Brien","1","18","Iowa","5/12/20","11","7","19141","63.64"
"Osceola","1","23","Iowa","5/12/20","13","10","19143","76.92"
"Page","0","10","Iowa","5/12/20","9","1","19145","11.11"
"Palo Alto","0","1","Iowa","5/12/20","0","1","19147","1"
"Plymouth","5","67","Iowa","5/12/20","33","34","19149","103.03"
"Pocahontas","0","3","Iowa","5/12/20","3","0","19151","0"
"Polk","96","2447","Iowa","5/12/20","1778","669","19153","37.63"
"Pottawattamie","4","91","Iowa","5/12/20","61","30","19155","49.18"
"Poweshiek","1","81","Iowa","5/12/20","73","8","19157","10.96"
"Sac","0","2","Iowa","5/12/20","1","1","19161","100"
"Scott","4","286","Iowa","5/12/20","255","31","19163","12.16"
"Shelby","1","21","Iowa","5/12/20","14","7","19165","50"
"Sioux","11","100","Iowa","5/12/20","24","76","19167","316.67"
"Story","4","64","Iowa","5/12/20","39","25","19169","64.1"
"Tama","6","341","Iowa","5/12/20","297","44","19171","14.81"
"Taylor","0","1","Iowa","5/12/20","1","0","19173","0"
"Union","0","2","Iowa","5/12/20","1","1","19175","100"
"Van Buren","0","8","Iowa","5/12/20","8","0","19177","0"
"Wapello","25","283","Iowa","5/12/20","108","175","19179","162.04"
"Warren","3","49","Iowa","5/12/20","28","21","19181","75"
"Washington","2","163","Iowa","5/12/20","149","14","19183","9.4"
"Wayne","0","1","Iowa","5/12/20","1","0","19185","0"
"Webster","1","10","Iowa","5/12/20","6","4","19187","66.67"
"Winnebago","0","5","Iowa","5/12/20","3","2","19189","66.67"
"Winneshiek","0","18","Iowa","5/12/20","18","0","19191","0"
"Woodbury","99","1988","Iowa","5/12/20","1296","692","19193","53.4"
"Worth","0","2","Iowa","5/12/20","1","1","19195","100"
"Wright","0","6","Iowa","5/12/20","4","2","19197","50"
"Anderson","0","1","Kansas","5/12/20","0","1","20003","1"
"Atchison","0","14","Kansas","5/12/20","12","2","20005","16.67"
"Barber","0","1","Kansas","5/12/20","1","0","20007","0"
"Barton","2","23","Kansas","5/12/20","9","14","20009","155.56"
"Bourbon","0","6","Kansas","5/12/20","6","0","20011","0"
"Brown","0","1","Kansas","5/12/20","1","0","20013","0"
"Butler","0","14","Kansas","5/12/20","14","0","20015","0"
"Chase","0","3","Kansas","5/12/20","3","0","20017","0"
"Chautauqua","0","4","Kansas","5/12/20","4","0","20019","0"
"Cherokee","0","8","Kansas","5/12/20","8","0","20021","0"
"Cheyenne","0","2","Kansas","5/12/20","2","0","20023","0"
"Clark","2","19","Kansas","5/12/20","8","11","20025","137.5"
"Clay","0","4","Kansas","5/12/20","5","-1","20027","-20"
"Cloud","0","4","Kansas","5/12/20","4","0","20029","0"
"Coffey","0","50","Kansas","5/12/20","49","1","20031","2.04"
"Cowley","0","3","Kansas","5/12/20","3","0","20035","0"
"Crawford","0","8","Kansas","5/12/20","8","0","20037","0"
"Dickinson","0","2","Kansas","5/12/20","2","0","20041","0"
"Doniphan","1","8","Kansas","5/12/20","4","4","20043","100"
"Douglas","1","58","Kansas","5/12/20","51","7","20045","13.73"
"Edwards","0","4","Kansas","5/12/20","4","0","20047","0"
"Ellis","0","8","Kansas","5/12/20","8","0","20051","0"
"Ellsworth","0","2","Kansas","5/12/20","1","1","20053","100"
"Finney","48","994","Kansas","5/12/20","659","335","20055","50.83"
"Ford","43","1170","Kansas","5/12/20","869","301","20057","34.64"
"Franklin","1","28","Kansas","5/12/20","19","9","20059","47.37"
"Geary","0","14","Kansas","5/12/20","11","3","20061","27.27"
"Gove","0","1","Kansas","5/12/20","1","0","20063","0"
"Grant","1","11","Kansas","5/12/20","7","4","20067","57.14"
"Gray","0","8","Kansas","5/12/20","6","2","20069","33.33"
"Greenwood","0","3","Kansas","5/12/20","3","0","20073","0"
"Hamilton","0","7","Kansas","5/12/20","4","3","20075","75"
"Harper","0","1","Kansas","5/12/20","1","0","20077","0"
"Harvey","0","9","Kansas","5/12/20","9","0","20079","0"
"Haskell","1","15","Kansas","5/12/20","8","7","20081","87.5"
"Jackson","0","4","Kansas","5/12/20","2","2","20085","100"
"Jefferson","1","15","Kansas","5/12/20","10","5","20087","50"
"Jewell","0","4","Kansas","5/12/20","4","0","20089","0"
"Johnson","13","607","Kansas","5/12/20","513","94","20091","18.32"
"Kearny","1","32","Kansas","5/12/20","23","9","20093","39.13"
"Kiowa","0","2","Kansas","5/12/20","2","0","20097","0"
"Labette","0","22","Kansas","5/12/20","22","0","20099","0"
"Leavenworth","48","938","Kansas","5/12/20","602","336","20103","55.81"
"Linn","0","6","Kansas","5/12/20","6","0","20107","0"
"Lyon","5","303","Kansas","5/12/20","265","38","20111","14.34"
"Marion","0","5","Kansas","5/12/20","5","0","20115","0"
"McPherson","0","26","Kansas","5/12/20","23","3","20113","13.04"
"Meade","1","22","Kansas","5/12/20","12","10","20119","83.33"
"Miami","0","6","Kansas","5/12/20","5","1","20121","20"
"Mitchell","0","3","Kansas","5/12/20","3","0","20123","0"
"Montgomery","0","21","Kansas","5/12/20","20","1","20125","5"
"Morris","0","3","Kansas","5/12/20","3","0","20127","0"
"Morton","0","4","Kansas","5/12/20","3","1","20129","33.33"
"Nemaha","0","1","Kansas","5/12/20","1","0","20131","0"
"Neosho","0","2","Kansas","5/12/20","2","0","20133","0"
"Norton","0","2","Kansas","5/12/20","2","0","20137","0"
"Osage","0","6","Kansas","5/12/20","5","1","20139","20"
"Osborne","0","2","Kansas","5/12/20","2","0","20141","0"
"Ottawa","0","4","Kansas","5/12/20","4","0","20143","0"
"Phillips","0","1","Kansas","5/12/20","1","0","20147","0"
"Pottawatomie","1","19","Kansas","5/12/20","15","4","20149","26.67"
"Pratt","0","1","Kansas","5/12/20","1","0","20151","0"
"Reno","0","41","Kansas","5/12/20","40","1","20155","2.5"
"Republic","0","4","Kansas","5/12/20","4","0","20157","0"
"Rice","0","3","Kansas","5/12/20","3","0","20159","0"
"Riley","0","58","Kansas","5/12/20","55","3","20161","5.45"
"Rooks","0","6","Kansas","5/12/20","6","0","20163","0"
"Saline","0","23","Kansas","5/12/20","21","2","20169","9.52"
"Scott","0","4","Kansas","5/12/20","2","2","20171","100"
"Sedgwick","5","471","Kansas","5/12/20","439","32","20173","7.29"
"Seward","15","727","Kansas","5/12/20","622","105","20175","16.88"
"Shawnee","6","173","Kansas","5/12/20","133","40","20177","30.08"
"Sheridan","0","2","Kansas","5/12/20","2","0","20179","0"
"Sherman","0","5","Kansas","5/12/20","5","0","20181","0"
"Smith","0","2","Kansas","5/12/20","2","0","20183","0"
"Stafford","0","1","Kansas","5/12/20","1","0","20185","0"
"Stanton","0","9","Kansas","5/12/20","7","2","20187","28.57"
"Stevens","1","18","Kansas","5/12/20","12","6","20189","50"
"Sumner","0","4","Kansas","5/12/20","4","0","20191","0"
"Wabaunsee","0","27","Kansas","5/12/20","27","0","20197","0"
"Wilson","0","1","Kansas","5/12/20","1","0","20205","0"
"Woodson","0","6","Kansas","5/12/20","6","0","20207","0"
"Wyandotte","27","1086","Kansas","5/12/20","896","190","20209","21.21"
"Adair","1","88","Kentucky","5/12/20","81","7","21001","8.64"
"Allen","2","30","Kentucky","5/12/20","16","14","21003","87.5"
"Anderson","0","10","Kentucky","5/12/20","9","1","21005","11.11"
"Ballard","0","8","Kentucky","5/12/20","8","0","21007","0"
"Barren","1","30","Kentucky","5/12/20","22","8","21009","36.36"
"Bath","0","7","Kentucky","5/12/20","4","3","21011","75"
"Boone","7","238","Kentucky","5/12/20","191","47","21015","24.61"
"Bourbon","0","8","Kentucky","5/12/20","8","0","21017","0"
"Boyd","1","37","Kentucky","5/12/20","31","6","21019","19.35"
"Boyle","0","17","Kentucky","5/12/20","17","0","21021","0"
"Bracken","0","9","Kentucky","5/12/20","9","0","21023","0"
"Breathitt","0","2","Kentucky","5/12/20","2","0","21025","0"
"Breckinridge","1","13","Kentucky","5/12/20","9","4","21027","44.44"
"Bullitt","3","86","Kentucky","5/12/20","68","18","21029","26.47"
"Butler","3","200","Kentucky","5/12/20","181","19","21031","10.5"
"Caldwell","0","12","Kentucky","5/12/20","12","0","21033","0"
"Calloway","1","43","Kentucky","5/12/20","35","8","21035","22.86"
"Campbell","2","120","Kentucky","5/12/20","103","17","21037","16.5"
"Carlisle","0","3","Kentucky","5/12/20","2","1","21039","50"
"Carroll","0","2","Kentucky","5/12/20","2","0","21041","0"
"Carter","0","7","Kentucky","5/12/20","6","1","21043","16.67"
"Casey","0","1","Kentucky","5/12/20","1","0","21045","0"
"Christian","1","95","Kentucky","5/12/20","91","4","21047","4.4"
"Clark","0","20","Kentucky","5/12/20","20","0","21049","0"
"Clay","0","2","Kentucky","5/12/20","1","1","21051","100"
"Clinton","0","3","Kentucky","5/12/20","3","0","21053","0"
"Crittenden","0","4","Kentucky","5/12/20","4","0","21055","0"
"Cumberland","0","5","Kentucky","5/12/20","5","0","21057","0"
"Daviess","5","274","Kentucky","5/12/20","242","32","21059","13.22"
"Edmonson","1","45","Kentucky","5/12/20","36","9","21061","25"
"Fayette","16","409","Kentucky","5/12/20","298","111","21067","37.25"
"Fleming","0","1","Kentucky","5/12/20","2","-1","21069","-50"
"Floyd","0","15","Kentucky","5/12/20","12","3","21071","25"
"Franklin","0","18","Kentucky","5/12/20","16","2","21073","12.5"
"Fulton","0","1","Kentucky","5/12/20","1","0","21075","0"
"Gallatin","0","1","Kentucky","5/12/20","1","0","21077","0"
"Garrard","0","4","Kentucky","5/12/20","2","2","21079","100"
"Grant","1","31","Kentucky","5/12/20","26","5","21081","19.23"
"Graves","1","149","Kentucky","5/12/20","143","6","21083","4.2"
"Grayson","1","99","Kentucky","5/12/20","91","8","21085","8.79"
"Green","0","1","Kentucky","5/12/20","1","0","21087","0"
"Greenup","0","13","Kentucky","5/12/20","12","1","21089","8.33"
"Hancock","0","6","Kentucky","5/12/20","6","0","21091","0"
"Hardin","2","63","Kentucky","5/12/20","52","11","21093","21.15"
"Harlan","0","1","Kentucky","5/12/20","0","1","21095","1"
"Harrison","0","19","Kentucky","5/12/20","18","1","21097","5.56"
"Hart","0","9","Kentucky","5/12/20","8","1","21099","12.5"
"Henderson","1","80","Kentucky","5/12/20","73","7","21101","9.59"
"Henry","0","10","Kentucky","5/12/20","8","2","21103","25"
"Hickman","0","5","Kentucky","5/12/20","5","0","21105","0"
"Hopkins","1","214","Kentucky","5/12/20","204","10","21107","4.9"
"Jackson","-1","56","Kentucky","5/12/20","60","-4","21109","-6.67"
"Jefferson","31","1713","Kentucky","5/12/20","1497","216","21111","14.43"
"Jessamine","1","49","Kentucky","5/12/20","40","9","21113","22.5"
"Johnson","0","5","Kentucky","5/12/20","3","2","21115","66.67"
"Kenton","10","408","Kentucky","5/12/20","340","68","21117","20"
"Knott","0","4","Kentucky","5/12/20","4","0","21119","0"
"Knox","0","7","Kentucky","5/12/20","8","-1","21121","-12.5"
"Larue","0","6","Kentucky","5/12/20","5","1","21123","20"
"Laurel","0","21","Kentucky","5/12/20","19","2","21125","10.53"
"Lawrence","0","1","Kentucky","5/12/20","1","0","21127","0"
"Leslie","0","5","Kentucky","5/12/20","4","1","21131","25"
"Letcher","0","3","Kentucky","5/12/20","3","0","21133","0"
"Lewis","0","6","Kentucky","5/12/20","3","3","21135","100"
"Lincoln","0","5","Kentucky","5/12/20","5","0","21137","0"
"Livingston","0","7","Kentucky","5/12/20","6","1","21139","16.67"
"Logan","8","69","Kentucky","5/12/20","15","54","21141","360"
"Lyon","0","14","Kentucky","5/12/20","13","1","21143","7.69"
"Madison","1","35","Kentucky","5/12/20","31","4","21151","12.9"
"Marion","0","17","Kentucky","5/12/20","17","0","21155","0"
"Marshall","0","34","Kentucky","5/12/20","33","1","21157","3.03"
"Martin","0","3","Kentucky","5/12/20","3","0","21159","0"
"Mason","0","7","Kentucky","5/12/20","6","1","21161","16.67"
"McCracken","1","73","Kentucky","5/12/20","63","10","21145","15.87"
"McCreary","0","13","Kentucky","5/12/20","11","2","21147","18.18"
"McLean","0","17","Kentucky","5/12/20","16","1","21149","6.25"
"Meade","0","18","Kentucky","5/12/20","15","3","21163","20"
"Menifee","0","3","Kentucky","5/12/20","3","0","21165","0"
"Mercer","0","12","Kentucky","5/12/20","11","1","21167","9.09"
"Metcalfe","0","3","Kentucky","5/12/20","1","2","21169","200"
"Monroe","0","6","Kentucky","5/12/20","6","0","21171","0"
"Montgomery","0","13","Kentucky","5/12/20","11","2","21173","18.18"
"Morgan","0","1","Kentucky","5/12/20","1","0","21175","0"
"Muhlenberg","2","457","Kentucky","5/12/20","442","15","21177","3.39"
"Nelson","1","31","Kentucky","5/12/20","24","7","21179","29.17"
"Nicholas","0","1","Kentucky","5/12/20","1","0","21181","0"
"Ohio","2","73","Kentucky","5/12/20","62","11","21183","17.74"
"Oldham","1","41","Kentucky","5/12/20","36","5","21185","13.89"
"Owen","0","1","Kentucky","5/12/20","1","0","21187","0"
"Owsley","0","2","Kentucky","5/12/20","2","0","21189","0"
"Pendleton","0","6","Kentucky","5/12/20","5","1","21191","20"
"Perry","0","16","Kentucky","5/12/20","14","2","21193","14.29"
"Pike","1","18","Kentucky","5/12/20","13","5","21195","38.46"
"Powell","0","1","Kentucky","5/12/20","1","0","21197","0"
"Pulaski","0","45","Kentucky","5/12/20","43","2","21199","4.65"
"Rockcastle","0","13","Kentucky","5/12/20","12","1","21203","8.33"
"Rowan","1","6","Kentucky","5/12/20","2","4","21205","200"
"Russell","0","18","Kentucky","5/12/20","17","1","21207","5.88"
"Scott","1","33","Kentucky","5/12/20","25","8","21209","32"
"Shelby","3","54","Kentucky","5/12/20","33","21","21211","63.64"
"Simpson","0","32","Kentucky","5/12/20","31","1","21213","3.23"
"Spencer","0","16","Kentucky","5/12/20","15","1","21215","6.67"
"Taylor","0","9","Kentucky","5/12/20","8","1","21217","12.5"
"Todd","0","15","Kentucky","5/12/20","13","2","21219","15.38"
"Trigg","0","9","Kentucky","5/12/20","9","0","21221","0"
"Trimble","0","3","Kentucky","5/12/20","3","0","21223","0"
"Union","0","10","Kentucky","5/12/20","9","1","21225","11.11"
"Warren","30","637","Kentucky","5/12/20","426","211","21227","49.53"
"Washington","0","5","Kentucky","5/12/20","5","0","21229","0"
"Wayne","0","8","Kentucky","5/12/20","8","0","21231","0"
"Webster","1","29","Kentucky","5/12/20","25","4","21233","16"
"Whitley","0","12","Kentucky","5/12/20","11","1","21235","9.09"
"Woodford","0","19","Kentucky","5/12/20","17","2","21239","11.76"
"Acadia","2","152","Louisiana","5/12/20","136","16","22001","11.76"
"Allen","0","90","Louisiana","5/12/20","90","0","22003","0"
"Ascension","6","701","Louisiana","5/12/20","657","44","22005","6.7"
"Assumption","4","230","Louisiana","5/12/20","202","28","22007","13.86"
"Avoyelles","0","76","Louisiana","5/12/20","73","3","22009","4.11"
"Beauregard","0","46","Louisiana","5/12/20","43","3","22011","6.98"
"Bienville","0","77","Louisiana","5/12/20","78","-1","22013","-1.28"
"Bossier","2","313","Louisiana","5/12/20","300","13","22015","4.33"
"Caddo","21","1784","Louisiana","5/12/20","1639","145","22017","8.85"
"Calcasieu","4","496","Louisiana","5/12/20","470","26","22019","5.53"
"Caldwell","1","48","Louisiana","5/12/20","40","8","22021","20"
"Cameron","0","3","Louisiana","5/12/20","3","0","22023","0"
"Catahoula","6","86","Louisiana","5/12/20","46","40","22025","86.96"
"Claiborne","0","59","Louisiana","5/12/20","58","1","22027","1.72"
"Concordia","0","43","Louisiana","5/12/20","41","2","22029","4.88"
"De Soto","2","215","Louisiana","5/12/20","202","13","22031","6.44"
"East Baton Rouge","39","2445","Louisiana","5/12/20","2175","270","22033","12.41"
"East Carroll","2","24","Louisiana","5/12/20","9","15","22035","166.67"
"East Feliciana","1","140","Louisiana","5/12/20","131","9","22037","6.87"
"Evangeline","1","68","Louisiana","5/12/20","63","5","22039","7.94"
"Franklin","10","208","Louisiana","5/12/20","140","68","22041","48.57"
"Grant","0","18","Louisiana","5/12/20","17","1","22043","5.88"
"Iberia","2","287","Louisiana","5/12/20","274","13","22045","4.74"
"Iberville","3","504","Louisiana","5/12/20","484","20","22047","4.13"
"Jackson","3","67","Louisiana","5/12/20","48","19","22049","39.58"
"Jefferson","43","6789","Louisiana","5/12/20","6491","298","22051","4.59"
"Jefferson Davis","0","68","Louisiana","5/12/20","65","3","22053","4.62"
"Lafayette","6","512","Louisiana","5/12/20","473","39","22055","8.25"
"Lafourche","4","715","Louisiana","5/12/20","686","29","22057","4.23"
"LaSalle","1","33","Louisiana","5/12/20","27","6","22059","22.22"
"Lincoln","2","107","Louisiana","5/12/20","96","11","22061","11.46"
"Livingston","5","283","Louisiana","5/12/20","247","36","22063","14.57"
"Madison","1","14","Louisiana","5/12/20","8","6","22065","75"
"Morehouse","2","67","Louisiana","5/12/20","55","12","22067","21.82"
"Natchitoches","1","100","Louisiana","5/12/20","90","10","22069","11.11"
"Orleans","20","6718","Louisiana","5/12/20","6575","143","22071","2.17"
"Ouachita","9","856","Louisiana","5/12/20","793","63","22073","7.94"
"Plaquemines","1","191","Louisiana","5/12/20","181","10","22075","5.52"
"Pointe Coupee","3","138","Louisiana","5/12/20","114","24","22077","21.05"
"Rapides","10","376","Louisiana","5/12/20","308","68","22079","22.08"
"Red River","0","36","Louisiana","5/12/20","34","2","22081","5.88"
"Richland","3","103","Louisiana","5/12/20","84","19","22083","22.62"
"Sabine","0","19","Louisiana","5/12/20","17","2","22085","11.76"
"St. Bernard","2","515","Louisiana","5/12/20","502","13","22087","2.59"
"St. Charles","1","596","Louisiana","5/12/20","589","7","22089","1.19"
"St. Helena","1","38","Louisiana","5/12/20","32","6","22091","18.75"
"St. James","0","256","Louisiana","5/12/20","254","2","22093","0.79"
"St. John the Baptist","3","804","Louisiana","5/12/20","782","22","22095","2.81"
"St. Landry","2","215","Louisiana","5/12/20","198","17","22097","8.59"
"St. Martin","2","264","Louisiana","5/12/20","247","17","22099","6.88"
"St. Mary","6","251","Louisiana","5/12/20","212","39","22101","18.4"
"St. Tammany","15","1477","Louisiana","5/12/20","1369","108","22103","7.89"
"Tangipahoa","11","679","Louisiana","5/12/20","605","74","22105","12.23"
"Tensas","1","6","Louisiana","5/12/20","2","4","22107","200"
"Terrebonne","9","533","Louisiana","5/12/20","469","64","22109","13.65"
"Union","4","171","Louisiana","5/12/20","144","27","22111","18.75"
"Vermilion","0","41","Louisiana","5/12/20","40","1","22113","2.5"
"Vernon","0","18","Louisiana","5/12/20","17","1","22115","5.88"
"Washington","8","347","Louisiana","5/12/20","292","55","22117","18.84"
"Webster","1","101","Louisiana","5/12/20","95","6","22119","6.32"
"West Baton Rouge","1","124","Louisiana","5/12/20","115","9","22121","7.83"
"West Carroll","0","5","Louisiana","5/12/20","4","1","22123","25"
"West Feliciana","4","186","Louisiana","5/12/20","156","30","22125","19.23"
"Winn","1","54","Louisiana","5/12/20","46","8","22127","17.39"
"Androscoggin","5","97","Maine","5/12/20","62","35","23001","56.45"
"Aroostook","0","6","Maine","5/12/20","6","0","23003","0"
"Cumberland","21","721","Maine","5/12/20","571","150","23005","26.27"
"Franklin","0","31","Maine","5/12/20","29","2","23007","6.9"
"Hancock","0","10","Maine","5/12/20","10","0","23009","0"
"Kennebec","1","111","Maine","5/12/20","105","6","23011","5.71"
"Knox","0","19","Maine","5/12/20","16","3","23013","18.75"
"Lincoln","0","15","Maine","5/12/20","13","2","23015","15.38"
"Oxford","0","17","Maine","5/12/20","15","2","23017","13.33"
"Penobscot","1","90","Maine","5/12/20","85","5","23019","5.88"
"Piscataquis","0","1","Maine","5/12/20","1","0","23021","0"
"Sagadahoc","0","21","Maine","5/12/20","19","2","23023","10.53"
"Somerset","0","17","Maine","5/12/20","17","0","23025","0"
"Waldo","0","49","Maine","5/12/20","49","0","23027","0"
"Washington","0","2","Maine","5/12/20","2","0","23029","0"
"York","5","264","Maine","5/12/20","226","38","23031","16.81"
"Allegany","3","148","Maryland","5/12/20","129","19","24001","14.73"
"Anne Arundel","68","2520","Maryland","5/12/20","2045","475","24003","23.23"
"Baltimore","89","4051","Maryland","5/12/20","3430","621","24005","18.1"
"Baltimore City","114","3404","Maryland","5/12/20","2609","795","24510","30.47"
"Calvert","5","211","Maryland","5/12/20","174","37","24009","21.26"
"Caroline","11","174","Maryland","5/12/20","99","75","24011","75.76"
"Carroll","11","589","Maryland","5/12/20","513","76","24013","14.81"
"Cecil","11","270","Maryland","5/12/20","195","75","24015","38.46"
"Charles","14","761","Maryland","5/12/20","660","101","24017","15.3"
"Dorchester","4","102","Maryland","5/12/20","76","26","24019","34.21"
"Frederick","30","1282","Maryland","5/12/20","1071","211","24021","19.7"
"Garrett","0","6","Maryland","5/12/20","4","2","24023","50"
"Harford","16","614","Maryland","5/12/20","499","115","24025","23.05"
"Howard","32","1234","Maryland","5/12/20","1010","224","24027","22.18"
"Kent","4","120","Maryland","5/12/20","95","25","24029","26.32"
"Montgomery","227","7130","Maryland","5/12/20","5541","1589","24031","28.68"
"Prince George's","294","9892","Maryland","5/12/20","7831","2061","24033","26.32"
"Queen Anne's","5","103","Maryland","5/12/20","65","38","24035","58.46"
"Somerset","2","51","Maryland","5/12/20","37","14","24039","37.84"
"St. Mary's","11","246","Maryland","5/12/20","170","76","24037","44.71"
"Talbot","2","61","Maryland","5/12/20","45","16","24041","35.56"
"Washington","7","284","Maryland","5/12/20","238","46","24043","19.33"
"Wicomico","28","694","Maryland","5/12/20","500","194","24045","38.8"
"Worcester","5","114","Maryland","5/12/20","81","33","24047","40.74"
"Barnstable","21","1158","Massachusetts","5/12/20","1008","150","25001","14.88"
"Berkshire","5","497","Massachusetts","5/12/20","464","33","25003","7.11"
"Bristol","132","5227","Massachusetts","5/12/20","4304","923","25005","21.45"
"Dukes and Nantucket","1","41","Massachusetts","5/12/20","34","7","00000","20.59"
"Essex","237","11811","Massachusetts","5/12/20","10154","1657","25009","16.32"
"Franklin","4","306","Massachusetts","5/12/20","281","25","25011","8.9"
"Hampden","94","4917","Massachusetts","5/12/20","4262","655","25013","15.37"
"Hampshire","19","724","Massachusetts","5/12/20","591","133","25015","22.5"
"Middlesex","304","18394","Massachusetts","5/12/20","16264","2130","25017","13.1"
"Norfolk","96","7359","Massachusetts","5/12/20","6685","674","25021","10.08"
"Plymouth","118","6720","Massachusetts","5/12/20","5891","829","25023","14.07"
"Suffolk","202","15806","Massachusetts","5/12/20","14389","1417","25025","9.85"
"Worcester","201","8102","Massachusetts","5/12/20","6698","1404","25027","20.96"
"Alcona","0","7","Michigan","5/12/20","7","0","26001","0"
"Allegan","6","190","Michigan","5/12/20","147","43","26005","29.25"
"Alpena","0","94","Michigan","5/12/20","92","2","26007","2.17"
"Antrim","0","11","Michigan","5/12/20","11","0","26009","0"
"Arenac","0","32","Michigan","5/12/20","32","0","26011","0"
"Baraga","0","1","Michigan","5/12/20","1","0","26013","0"
"Barry","2","65","Michigan","5/12/20","52","13","26015","25"
"Bay","8","247","Michigan","5/12/20","193","54","26017","27.98"
"Benzie","0","4","Michigan","5/12/20","4","0","26019","0"
"Berrien","15","529","Michigan","5/12/20","422","107","26021","25.36"
"Branch","2","88","Michigan","5/12/20","75","13","26023","17.33"
"Calhoun","5","308","Michigan","5/12/20","275","33","26025","12"
"Cass","1","54","Michigan","5/12/20","45","9","26027","20"
"Charlevoix","0","14","Michigan","5/12/20","14","0","26029","0"
"Cheboygan","0","24","Michigan","5/12/20","24","0","26031","0"
"Chippewa","0","3","Michigan","5/12/20","3","0","26033","0"
"Clare","0","12","Michigan","5/12/20","11","1","26035","9.09"
"Clinton","1","143","Michigan","5/12/20","133","10","26037","7.52"
"Crawford","0","61","Michigan","5/12/20","60","1","26039","1.67"
"Delta","0","16","Michigan","5/12/20","15","1","26041","6.67"
"Dickinson","0","5","Michigan","5/12/20","3","2","26043","66.67"
"Eaton","3","180","Michigan","5/12/20","157","23","26045","14.65"
"Emmet","0","25","Michigan","5/12/20","25","0","26047","0"
"Federal Correctional Institution (FCI)","2","114","Michigan","5/12/20","98","16","00000","16.33"
"Genesee","30","2030","Michigan","5/12/20","1822","208","26049","11.42"
"Gladwin","1","18","Michigan","5/12/20","14","4","26051","28.57"
"Gogebic","0","4","Michigan","5/12/20","5","-1","26053","-20"
"Grand Traverse","0","22","Michigan","5/12/20","21","1","26055","4.76"
"Gratiot","1","37","Michigan","5/12/20","28","9","26057","32.14"
"Hillsdale","2","155","Michigan","5/12/20","139","16","26059","11.51"
"Houghton","0","2","Michigan","5/12/20","2","0","26061","0"
"Huron","2","43","Michigan","5/12/20","32","11","26063","34.38"
"Ingham","12","624","Michigan","5/12/20","539","85","26065","15.77"
"Ionia","3","120","Michigan","5/12/20","102","18","26067","17.65"
"Iosco","1","67","Michigan","5/12/20","63","4","26069","6.35"
"Isabella","0","76","Michigan","5/12/20","76","0","26073","0"
"Jackson","5","422","Michigan","5/12/20","388","34","26075","8.76"
"Kalamazoo","21","676","Michigan","5/12/20","527","149","26077","28.27"
"Kalkaska","0","28","Michigan","5/12/20","28","0","26079","0"
"Kent","75","2590","Michigan","5/12/20","2063","527","26081","25.55"
"Lake","0","3","Michigan","5/12/20","3","0","26085","0"
"Lapeer","1","187","Michigan","5/12/20","183","4","26087","2.19"
"Leelanau","0","9","Michigan","5/12/20","9","0","26089","0"
"Lenawee","3","161","Michigan","5/12/20","139","22","26091","15.83"
"Livingston","4","450","Michigan","5/12/20","422","28","26093","6.64"
"Luce","0","1","Michigan","5/12/20","1","0","26095","0"
"Mackinac","0","6","Michigan","5/12/20","6","0","26097","0"
"Macomb","47","6179","Michigan","5/12/20","5847","332","26099","5.68"
"Manistee","0","12","Michigan","5/12/20","12","0","26101","0"
"Marquette","0","51","Michigan","5/12/20","50","1","26103","2"
"Mason","2","27","Michigan","5/12/20","16","11","26105","68.75"
"Mecosta","0","19","Michigan","5/12/20","17","2","26107","11.76"
"Menominee","0","6","Michigan","5/12/20","6","0","26109","0"
"Michigan Department of Corrections (MDOC)","45","2213","Michigan","5/12/20","1898","315","00000","16.6"
"Midland","1","100","Michigan","5/12/20","91","9","26111","9.89"
"Missaukee","0","22","Michigan","5/12/20","22","0","26113","0"
"Monroe","11","429","Michigan","5/12/20","351","78","26115","22.22"
"Montcalm","0","50","Michigan","5/12/20","48","2","26117","4.17"
"Montmorency","0","5","Michigan","5/12/20","5","0","26119","0"
"Muskegon","12","403","Michigan","5/12/20","318","85","26121","26.73"
"Newaygo","1","39","Michigan","5/12/20","34","5","26123","14.71"
"Oakland","84","8980","Michigan","5/12/20","8389","591","26125","7.04"
"Oceana","2","42","Michigan","5/12/20","25","17","26127","68"
"Ogemaw","0","20","Michigan","5/12/20","19","1","26129","5.26"
"Osceola","0","11","Michigan","5/12/20","10","1","26133","10"
"Oscoda","0","7","Michigan","5/12/20","6","1","26135","16.67"
"Otsego","1","116","Michigan","5/12/20","112","4","26137","3.57"
"Ottawa","14","481","Michigan","5/12/20","385","96","26139","24.94"
"Out of MI","2","75","Michigan","5/12/20","64","11","80026","17.19"
"Presque Isle","0","11","Michigan","5/12/20","11","0","26141","0"
"Roscommon","0","22","Michigan","5/12/20","20","2","26143","10"
"Saginaw","13","845","Michigan","5/12/20","753","92","26145","12.22"
"Sanilac","0","39","Michigan","5/12/20","37","2","26151","5.41"
"Schoolcraft","0","4","Michigan","5/12/20","3","1","26153","33.33"
"Shiawassee","4","231","Michigan","5/12/20","204","27","26155","13.24"
"St. Clair","5","423","Michigan","5/12/20","390","33","26147","8.46"
"St. Joseph","4","73","Michigan","5/12/20","44","29","26149","65.91"
"Tuscola","6","164","Michigan","5/12/20","119","45","26157","37.82"
"Van Buren","4","113","Michigan","5/12/20","85","28","26159","32.94"
"Washtenaw","14","1338","Michigan","5/12/20","1242","96","26161","7.73"
"Wayne","141","18734","Michigan","5/12/20","17746","988","26163","5.57"
"Wexford","0","13","Michigan","5/12/20","11","2","26165","18.18"
"Aitkin","0","2","Minnesota","5/12/20","1","1","27001","100"
"Anoka","38","613","Minnesota","5/12/20","344","269","27003","78.2"
"Becker","1","25","Minnesota","5/12/20","15","10","27005","66.67"
"Beltrami","0","6","Minnesota","5/12/20","6","0","27007","0"
"Benton","7","100","Minnesota","5/12/20","48","52","27009","108.33"
"Big Stone","0","2","Minnesota","5/12/20","2","0","27011","0"
"Blue Earth","2","67","Minnesota","5/12/20","51","16","27013","31.37"
"Brown","0","9","Minnesota","5/12/20","9","0","27015","0"
"Carlton","1","65","Minnesota","5/12/20","60","5","27017","8.33"
"Carver","8","95","Minnesota","5/12/20","39","56","27019","143.59"
"Cass","0","8","Minnesota","5/12/20","7","1","27021","14.29"
"Chippewa","3","21","Minnesota","5/12/20","3","18","27023","600"
"Chisago","1","23","Minnesota","5/12/20","13","10","27025","76.92"
"Clay","8","254","Minnesota","5/12/20","201","53","27027","26.37"
"Clearwater","0","2","Minnesota","5/12/20","2","0","27029","0"
"Cottonwood","1","47","Minnesota","5/12/20","41","6","27033","14.63"
"Crow Wing","0","23","Minnesota","5/12/20","21","2","27035","9.52"
"Dakota","38","508","Minnesota","5/12/20","241","267","27037","110.79"
"Dodge","1","26","Minnesota","5/12/20","21","5","27039","23.81"
"Douglas","1","17","Minnesota","5/12/20","10","7","27041","70"
"Faribault","0","10","Minnesota","5/12/20","7","3","27043","42.86"
"Fillmore","0","14","Minnesota","5/12/20","12","2","27045","16.67"
"Freeborn","1","46","Minnesota","5/12/20","37","9","27047","24.32"
"Goodhue","0","26","Minnesota","5/12/20","23","3","27049","13.04"
"Grant","0","2","Minnesota","5/12/20","1","1","27051","100"
"Hennepin","216","4033","Minnesota","5/12/20","2519","1514","27053","60.1"
"Houston","0","2","Minnesota","5/12/20","1","1","27055","100"
"Isanti","1","10","Minnesota","5/12/20","6","4","27059","66.67"
"Itasca","3","35","Minnesota","5/12/20","13","22","27061","169.23"
"Jackson","1","33","Minnesota","5/12/20","25","8","27063","32"
"Kanabec","1","10","Minnesota","5/12/20","2","8","27065","400"
"Kandiyohi","24","367","Minnesota","5/12/20","200","167","27067","83.5"
"Kittson","0","1","Minnesota","5/12/20","1","0","27069","0"
"Koochiching","0","2","Minnesota","5/12/20","1","1","27071","100"
"Lac qui Parle","0","2","Minnesota","5/12/20","2","0","27073","0"
"Lake","0","1","Minnesota","5/12/20","0","1","27075","1"
"Le Sueur","1","31","Minnesota","5/12/20","26","5","27079","19.23"
"Lincoln","0","4","Minnesota","5/12/20","3","1","27081","33.33"
"Lyon","1","20","Minnesota","5/12/20","10","10","27083","100"
"Mahnomen","0","3","Minnesota","5/12/20","2","1","27087","50"
"Marshall","0","8","Minnesota","5/12/20","7","1","27089","14.29"
"Martin","0","112","Minnesota","5/12/20","110","2","27091","1.82"
"McLeod","1","14","Minnesota","5/12/20","5","9","27085","180"
"Meeker","1","23","Minnesota","5/12/20","17","6","27093","35.29"
"Mille Lacs","0","7","Minnesota","5/12/20","4","3","27095","75"
"Morrison","1","16","Minnesota","5/12/20","7","9","27097","128.57"
"Mower","2","45","Minnesota","5/12/20","33","12","27099","36.36"
"Murray","1","29","Minnesota","5/12/20","20","9","27101","45"
"Nicollet","1","22","Minnesota","5/12/20","16","6","27103","37.5"
"Nobles","32","1291","Minnesota","5/12/20","1069","222","27105","20.77"
"Norman","0","11","Minnesota","5/12/20","9","2","27107","22.22"
"Olmsted","9","378","Minnesota","5/12/20","313","65","27109","20.77"
"Otter Tail","1","25","Minnesota","5/12/20","19","6","27111","31.58"
"Pennington","0","1","Minnesota","5/12/20","1","0","27113","0"
"Pine","2","73","Minnesota","5/12/20","60","13","27115","21.67"
"Pipestone","0","7","Minnesota","5/12/20","4","3","27117","75"
"Polk","2","54","Minnesota","5/12/20","42","12","27119","28.57"
"Pope","1","5","Minnesota","5/12/20","1","4","27121","400"
"Ramsey","67","1052","Minnesota","5/12/20","583","469","27123","80.45"
"Red Lake","0","2","Minnesota","5/12/20","1","1","27125","100"
"Redwood","0","3","Minnesota","5/12/20","3","0","27127","0"
"Renville","0","6","Minnesota","5/12/20","5","1","27129","20"
"Rice","15","134","Minnesota","5/12/20","30","104","27131","346.67"
"Rock","0","19","Minnesota","5/12/20","18","1","27133","5.56"
"Roseau","0","1","Minnesota","5/12/20","1","0","27135","0"
"Scott","13","168","Minnesota","5/12/20","74","94","27139","127.03"
"Sherburne","7","122","Minnesota","5/12/20","71","51","27141","71.83"
"Sibley","0","4","Minnesota","5/12/20","2","2","27143","100"
"St. Louis","2","96","Minnesota","5/12/20","81","15","27137","18.52"
"Stearns","100","1512","Minnesota","5/12/20","815","697","27145","85.52"
"Steele","7","73","Minnesota","5/12/20","25","48","27147","192"
"Stevens","0","1","Minnesota","5/12/20","0","1","27149","1"
"Swift","1","9","Minnesota","5/12/20","2","7","27151","350"
"Todd","4","42","Minnesota","5/12/20","15","27","27153","180"
"Traverse","0","3","Minnesota","5/12/20","2","1","27155","50"
"Wabasha","0","13","Minnesota","5/12/20","10","3","27157","30"
"Wadena","0","4","Minnesota","5/12/20","3","1","27159","33.33"
"Waseca","1","16","Minnesota","5/12/20","6","10","27161","166.67"
"Washington","15","266","Minnesota","5/12/20","162","104","27163","64.2"
"Watonwan","2","28","Minnesota","5/12/20","15","13","27165","86.67"
"Wilkin","0","11","Minnesota","5/12/20","11","0","27167","0"
"Winona","0","71","Minnesota","5/12/20","68","3","27169","4.41"
"Wright","8","119","Minnesota","5/12/20","60","59","27171","98.33"
"Yellow Medicine","0","3","Minnesota","5/12/20","3","0","27173","0"
"Adams","1","161","Mississippi","5/12/20","151","10","28001","6.62"
"Alcorn","0","11","Mississippi","5/12/20","10","1","28003","10"
"Amite","1","38","Mississippi","5/12/20","32","6","28005","18.75"
"Attala","10","205","Mississippi","5/12/20","137","68","28007","49.64"
"Benton","0","14","Mississippi","5/12/20","12","2","28009","16.67"
"Bolivar","1","120","Mississippi","5/12/20","112","8","28011","7.14"
"Calhoun","0","58","Mississippi","5/12/20","58","0","28013","0"
"Carroll","-1","105","Mississippi","5/12/20","111","-6","28015","-5.41"
"Chickasaw","2","94","Mississippi","5/12/20","80","14","28017","17.5"
"Choctaw","0","16","Mississippi","5/12/20","14","2","28019","14.29"
"Claiborne","1","41","Mississippi","5/12/20","33","8","28021","24.24"
"Clarke","3","87","Mississippi","5/12/20","67","20","28023","29.85"
"Clay","2","68","Mississippi","5/12/20","57","11","28025","19.3"
"Coahoma","0","72","Mississippi","5/12/20","70","2","28027","2.86"
"Copiah","6","165","Mississippi","5/12/20","126","39","28029","30.95"
"Covington","2","100","Mississippi","5/12/20","84","16","28031","19.05"
"DeSoto","5","346","Mississippi","5/12/20","308","38","28033","12.34"
"Forrest","10","331","Mississippi","5/12/20","259","72","28035","27.8"
"Franklin","0","19","Mississippi","5/12/20","17","2","28037","11.76"
"George","0","15","Mississippi","5/12/20","14","1","28039","7.14"
"Greene","0","6","Mississippi","5/12/20","6","0","28041","0"
"Grenada","2","52","Mississippi","5/12/20","36","16","28043","44.44"
"Hancock","1","74","Mississippi","5/12/20","68","6","28045","8.82"
"Harrison","2","201","Mississippi","5/12/20","186","15","28047","8.06"
"Hinds","17","681","Mississippi","5/12/20","565","116","28049","20.53"
"Holmes","8","224","Mississippi","5/12/20","168","56","28051","33.33"
"Humphreys","2","38","Mississippi","5/12/20","26","12","28053","46.15"
"Itawamba","1","70","Mississippi","5/12/20","64","6","28057","9.38"
"Jackson","1","276","Mississippi","5/12/20","270","6","28059","2.22"
"Jasper","4","92","Mississippi","5/12/20","64","28","28061","43.75"
"Jefferson","1","32","Mississippi","5/12/20","24","8","28063","33.33"
"Jefferson Davis","2","58","Mississippi","5/12/20","45","13","28065","28.89"
"Jones","10","260","Mississippi","5/12/20","193","67","28067","34.72"
"Kemper","3","97","Mississippi","5/12/20","79","18","28069","22.78"
"Lafayette","1","101","Mississippi","5/12/20","96","5","28071","5.21"
"Lamar","4","156","Mississippi","5/12/20","125","31","28073","24.8"
"Lauderdale","9","501","Mississippi","5/12/20","436","65","28075","14.91"
"Lawrence","2","70","Mississippi","5/12/20","57","13","28077","22.81"
"Leake","9","318","Mississippi","5/12/20","257","61","28079","23.74"
"Lee","1","81","Mississippi","5/12/20","75","6","28081","8"
"Leflore","2","191","Mississippi","5/12/20","175","16","28083","9.14"
"Lincoln","5","189","Mississippi","5/12/20","155","34","28085","21.94"
"Lowndes","4","91","Mississippi","5/12/20","65","26","28087","40"
"Madison","28","491","Mississippi","5/12/20","298","193","28089","64.77"
"Marion","1","84","Mississippi","5/12/20","76","8","28091","10.53"
"Marshall","1","58","Mississippi","5/12/20","48","10","28093","20.83"
"Monroe","4","202","Mississippi","5/12/20","177","25","28095","14.12"
"Montgomery","3","69","Mississippi","5/12/20","47","22","28097","46.81"
"Neshoba","12","326","Mississippi","5/12/20","243","83","28099","34.16"
"Newton","6","147","Mississippi","5/12/20","106","41","28101","38.68"
"Noxubee","4","117","Mississippi","5/12/20","92","25","28103","27.17"
"Oktibbeha","5","91","Mississippi","5/12/20","57","34","28105","59.65"
"Panola","1","45","Mississippi","5/12/20","40","5","28107","12.5"
"Pearl River","1","190","Mississippi","5/12/20","183","7","28109","3.83"
"Perry","1","35","Mississippi","5/12/20","31","4","28111","12.9"
"Pike","2","173","Mississippi","5/12/20","160","13","28113","8.12"
"Pontotoc","0","23","Mississippi","5/12/20","22","1","28115","4.55"
"Prentiss","0","36","Mississippi","5/12/20","33","3","28117","9.09"
"Quitman","0","17","Mississippi","5/12/20","16","1","28119","6.25"
"Rankin","5","256","Mississippi","5/12/20","221","35","28121","15.84"
"Scott","10","475","Mississippi","5/12/20","404","71","28123","17.57"
"Sharkey","0","5","Mississippi","5/12/20","5","0","28125","0"
"Simpson","1","63","Mississippi","5/12/20","53","10","28127","18.87"
"Smith","3","105","Mississippi","5/12/20","86","19","28129","22.09"
"Stone","0","23","Mississippi","5/12/20","22","1","28131","4.55"
"Sunflower","1","64","Mississippi","5/12/20","60","4","28133","6.67"
"Tallahatchie","0","13","Mississippi","5/12/20","12","1","28135","8.33"
"Tate","1","54","Mississippi","5/12/20","45","9","28137","20"
"Tippah","1","66","Mississippi","5/12/20","58","8","28139","13.79"
"Tishomingo","0","10","Mississippi","5/12/20","8","2","28141","25"
"Tunica","1","40","Mississippi","5/12/20","36","4","28143","11.11"
"Union","3","54","Mississippi","5/12/20","36","18","28145","50"
"Walthall","1","42","Mississippi","5/12/20","35","7","28147","20"
"Warren","5","122","Mississippi","5/12/20","88","34","28149","38.64"
"Washington","1","86","Mississippi","5/12/20","78","8","28151","10.26"
"Wayne","1","29","Mississippi","5/12/20","25","4","28153","16"
"Webster","0","22","Mississippi","5/12/20","21","1","28155","4.76"
"Wilkinson","1","78","Mississippi","5/12/20","71","7","28157","9.86"
"Winston","2","67","Mississippi","5/12/20","52","15","28159","28.85"
"Yalobusha","2","36","Mississippi","5/12/20","21","15","28161","71.43"
"Yazoo","2","169","Mississippi","5/12/20","154","15","28163","9.74"
"Adair","0","12","Missouri","5/12/20","12","0","29001","0"
"Andrew","0","8","Missouri","5/12/20","6","2","29003","33.33"
"Atchison","0","2","Missouri","5/12/20","2","0","29005","0"
"Audrain","0","2","Missouri","5/12/20","1","1","29007","100"
"Barry","0","6","Missouri","5/12/20","5","1","29009","20"
"Bates","0","6","Missouri","5/12/20","6","0","29013","0"
"Benton","0","8","Missouri","5/12/20","8","0","29015","0"
"Bollinger","0","4","Missouri","5/12/20","4","0","29017","0"
"Boone","0","100","Missouri","5/12/20","97","3","29019","3.09"
"Buchanan","14","464","Missouri","5/12/20","369","95","29021","25.75"
"Butler","0","27","Missouri","5/12/20","26","1","29023","3.85"
"Caldwell","0","3","Missouri","5/12/20","3","0","29025","0"
"Callaway","0","23","Missouri","5/12/20","23","0","29027","0"
"Camden","0","36","Missouri","5/12/20","35","1","29029","2.86"
"Cape Girardeau","0","52","Missouri","5/12/20","49","3","29031","6.12"
"Carroll","0","4","Missouri","5/12/20","2","2","29033","100"
"Carter","0","3","Missouri","5/12/20","3","0","29035","0"
"Cass","1","69","Missouri","5/12/20","64","5","29037","7.81"
"Cedar","1","9","Missouri","5/12/20","5","4","29039","80"
"Chariton","0","5","Missouri","5/12/20","5","0","29041","0"
"Christian","0","21","Missouri","5/12/20","19","2","29043","10.53"
"Clark","0","1","Missouri","5/12/20","1","0","29045","0"
"Clay","2","96","Missouri","5/12/20","84","12","29047","14.29"
"Clinton","0","14","Missouri","5/12/20","11","3","29049","27.27"
"Cole","1","56","Missouri","5/12/20","52","4","29051","7.69"
"Cooper","0","9","Missouri","5/12/20","9","0","29053","0"
"Crawford","0","8","Missouri","5/12/20","8","0","29055","0"
"Dallas","0","2","Missouri","5/12/20","2","0","29059","0"
"Daviess","0","3","Missouri","5/12/20","3","0","29061","0"
"DeKalb","0","4","Missouri","5/12/20","3","1","29063","33.33"
"Dunklin","0","24","Missouri","5/12/20","24","0","29069","0"
"Franklin","1","131","Missouri","5/12/20","127","4","29071","3.15"
"Gasconade","0","2","Missouri","5/12/20","2","0","29073","0"
"Gentry","0","1","Missouri","5/12/20","1","0","29075","0"
"Greene","1","103","Missouri","5/12/20","99","4","29077","4.04"
"Harrison","0","6","Missouri","5/12/20","6","0","29081","0"
"Henry","0","9","Missouri","5/12/20","8","1","29083","12.5"
"Holt","0","1","Missouri","5/12/20","1","0","29087","0"
"Howard","0","3","Missouri","5/12/20","2","1","29089","50"
"Howell","0","5","Missouri","5/12/20","5","0","29091","0"
"Iron","0","2","Missouri","5/12/20","2","0","29093","0"
"Jackson","8","402","Missouri","5/12/20","347","55","29095","15.85"
"Jasper","1","29","Missouri","5/12/20","24","5","29097","20.83"
"Jefferson","2","310","Missouri","5/12/20","293","17","29099","5.8"
"Johnson","1","65","Missouri","5/12/20","60","5","29101","8.33"
"Kansas City","15","791","Missouri","5/12/20","683","108","00000","15.81"
"Laclede","0","3","Missouri","5/12/20","0","3","29105","1"
"Lafayette","2","62","Missouri","5/12/20","47","15","29107","31.91"
"Lawrence","1","7","Missouri","5/12/20","1","6","29109","600"
"Lewis","0","6","Missouri","5/12/20","6","0","29111","0"
"Lincoln","4","103","Missouri","5/12/20","74","29","29113","39.19"
"Linn","0","5","Missouri","5/12/20","5","0","29115","0"
"Livingston","0","3","Missouri","5/12/20","3","0","29117","0"
"Macon","0","2","Missouri","5/12/20","2","0","29121","0"
"Madison","0","3","Missouri","5/12/20","2","1","29123","50"
"Maries","0","2","Missouri","5/12/20","2","0","29125","0"
"Marion","0","5","Missouri","5/12/20","4","1","29127","25"
"McDonald","0","5","Missouri","5/12/20","4","1","29119","25"
"Miller","0","4","Missouri","5/12/20","2","2","29131","100"
"Mississippi","3","49","Missouri","5/12/20","29","20","29133","68.97"
"Moniteau","-1","44","Missouri","5/12/20","51","-7","29135","-13.73"
"Montgomery","0","7","Missouri","5/12/20","7","0","29139","0"
"Morgan","0","7","Missouri","5/12/20","5","2","29141","40"
"New Madrid","0","13","Missouri","5/12/20","11","2","29143","18.18"
"Newton","0","11","Missouri","5/12/20","11","0","29145","0"
"Nodaway","0","5","Missouri","5/12/20","4","1","29147","25"
"Oregon","0","2","Missouri","5/12/20","2","0","29149","0"
"Osage","0","5","Missouri","5/12/20","5","0","29151","0"
"Pemiscot","3","65","Missouri","5/12/20","46","19","29155","41.3"
"Perry","0","45","Missouri","5/12/20","43","2","29157","4.65"
"Pettis","2","68","Missouri","5/12/20","53","15","29159","28.3"
"Phelps","0","2","Missouri","5/12/20","3","-1","29161","-33.33"
"Pike","0","13","Missouri","5/12/20","11","2","29163","18.18"
"Platte","1","45","Missouri","5/12/20","36","9","29165","25"
"Polk","0","1","Missouri","5/12/20","1","0","29167","0"
"Pulaski","0","36","Missouri","5/12/20","36","0","29169","0"
"Ralls","0","2","Missouri","5/12/20","1","1","29173","100"
"Randolph","0","8","Missouri","5/12/20","8","0","29175","0"
"Ray","0","12","Missouri","5/12/20","12","0","29177","0"
"Reynolds","0","2","Missouri","5/12/20","2","0","29179","0"
"Ripley","0","5","Missouri","5/12/20","5","0","29181","0"
"Saline","2","219","Missouri","5/12/20","206","13","29195","6.31"
"Scotland","0","4","Missouri","5/12/20","4","0","29199","0"
"Scott","1","82","Missouri","5/12/20","75","7","29201","9.33"
"Shelby","0","1","Missouri","5/12/20","1","0","29205","0"
"St. Charles","7","673","Missouri","5/12/20","626","47","29183","7.51"
"St. Clair","0","2","Missouri","5/12/20","2","0","29185","0"
"St. Francois","1","33","Missouri","5/12/20","29","4","29187","13.79"
"St. Louis","58","4046","Missouri","5/12/20","3643","403","29189","11.06"
"St. Louis City","27","1549","Missouri","5/12/20","1362","187","29510","13.73"
"Ste. Genevieve","0","8","Missouri","5/12/20","9","-1","29186","-11.11"
"Stoddard","1","29","Missouri","5/12/20","22","7","29207","31.82"
"Stone","0","3","Missouri","5/12/20","3","0","29209","0"
"Sullivan","0","2","Missouri","5/12/20","1","1","29211","100"
"Taney","0","12","Missouri","5/12/20","12","0","29213","0"
"Vernon","0","4","Missouri","5/12/20","4","0","29217","0"
"Warren","0","28","Missouri","5/12/20","26","2","29219","7.69"
"Washington","0","9","Missouri","5/12/20","9","0","29221","0"
"Webster","0","16","Missouri","5/12/20","15","1","29225","6.67"
"Worth","0","1","Missouri","5/12/20","1","0","29227","0"
"Wright","0","10","Missouri","5/12/20","10","0","29229","0"
"Beaverhead","0","1","Montana","5/12/20","1","0","30001","0"
"Big Horn","0","4","Montana","5/12/20","3","1","30003","33.33"
"Broadwater","0","4","Montana","5/12/20","4","0","30007","0"
"Carbon","0","6","Montana","5/12/20","6","0","30009","0"
"Cascade","0","17","Montana","5/12/20","16","1","30013","6.25"
"Deer Lodge","0","3","Montana","5/12/20","3","0","30023","0"
"Flathead","0","37","Montana","5/12/20","37","0","30029","0"
"Gallatin","0","149","Montana","5/12/20","146","3","30031","2.05"
"Glacier","0","6","Montana","5/12/20","6","0","30035","0"
"Golden Valley","0","3","Montana","5/12/20","3","0","30037","0"
"Hill","0","1","Montana","5/12/20","1","0","30041","0"
"Jefferson","0","3","Montana","5/12/20","2","1","30043","50"
"Lake","0","5","Montana","5/12/20","5","0","30047","0"
"Lewis and Clark","0","16","Montana","5/12/20","16","0","30049","0"
"Liberty","0","1","Montana","5/12/20","1","0","30051","0"
"Lincoln","0","7","Montana","5/12/20","7","0","30053","0"
"Madison","0","8","Montana","5/12/20","8","0","30057","0"
"Meagher","0","1","Montana","5/12/20","1","0","30059","0"
"Missoula","0","39","Montana","5/12/20","39","0","30063","0"
"Musselshell","0","1","Montana","5/12/20","1","0","30065","0"
"Park","0","8","Montana","5/12/20","8","0","30067","0"
"Pondera","0","2","Montana","5/12/20","2","0","30073","0"
"Ravalli","0","5","Montana","5/12/20","5","0","30081","0"
"Richland","0","3","Montana","5/12/20","3","0","30083","0"
"Roosevelt","0","7","Montana","5/12/20","7","0","30085","0"
"Silver Bow","0","11","Montana","5/12/20","11","0","30093","0"
"Stillwater","0","1","Montana","5/12/20","1","0","30095","0"
"Toole","0","29","Montana","5/12/20","29","0","30101","0"
"Wheatland","0","1","Montana","5/12/20","1","0","30107","0"
"Yellowstone","0","82","Montana","5/12/20","83","-1","30111","-1.2"
"Adams","3","228","Nebraska","5/12/20","204","24","31001","11.76"
"Antelope","0","5","Nebraska","5/12/20","4","1","31003","25"
"Boone","0","2","Nebraska","5/12/20","2","0","31011","0"
"Box Butte","0","1","Nebraska","5/12/20","1","0","31013","0"
"Buffalo","1","126","Nebraska","5/12/20","116","10","31019","8.62"
"Burt","0","6","Nebraska","5/12/20","5","1","31021","20"
"Butler","2","23","Nebraska","5/12/20","8","15","31023","187.5"
"Cass","1","13","Nebraska","5/12/20","6","7","31025","116.67"
"Cedar","0","6","Nebraska","5/12/20","4","2","31027","50"
"Cherry","0","1","Nebraska","5/12/20","1","0","31031","0"
"Cheyenne","0","8","Nebraska","5/12/20","7","1","31033","14.29"
"Clay","0","11","Nebraska","5/12/20","13","-2","31035","-15.38"
"Colfax","25","431","Nebraska","5/12/20","255","176","31037","69.02"
"Cuming","1","14","Nebraska","5/12/20","10","4","31039","40"
"Custer","0","27","Nebraska","5/12/20","26","1","31041","3.85"
"Dakota","55","1362","Nebraska","5/12/20","980","382","31043","38.98"
"Dawes","0","1","Nebraska","5/12/20","0","1","31045","1"
"Dawson","14","717","Nebraska","5/12/20","617","100","31047","16.21"
"Dixon","1","24","Nebraska","5/12/20","14","10","31051","71.43"
"Dodge","6","166","Nebraska","5/12/20","124","42","31053","33.87"
"Douglas","88","1668","Nebraska","5/12/20","1049","619","31055","59.01"
"Fillmore","0","3","Nebraska","5/12/20","3","0","31059","0"
"Franklin","0","5","Nebraska","5/12/20","5","0","31061","0"
"Frontier","0","1","Nebraska","5/12/20","1","0","31063","0"
"Furnas","0","4","Nebraska","5/12/20","4","0","31065","0"
"Gage","0","41","Nebraska","5/12/20","39","2","31067","5.13"
"Garfield","0","1","Nebraska","5/12/20","0","1","31071","1"
"Gosper","0","13","Nebraska","5/12/20","12","1","31073","8.33"
"Greeley","0","2","Nebraska","5/12/20","2","0","31077","0"
"Hall","9","1344","Nebraska","5/12/20","1284","60","31079","4.67"
"Hamilton","0","46","Nebraska","5/12/20","45","1","31081","2.22"
"Hitchcock","0","1","Nebraska","5/12/20","1","0","31087","0"
"Holt","0","1","Nebraska","5/12/20","1","0","31089","0"
"Howard","1","23","Nebraska","5/12/20","17","6","31093","35.29"
"Jefferson","0","5","Nebraska","5/12/20","4","1","31095","25"
"Johnson","0","5","Nebraska","5/12/20","4","1","31097","25"
"Kearney","1","9","Nebraska","5/12/20","5","4","31099","80"
"Keith","0","2","Nebraska","5/12/20","1","1","31101","100"
"Kimball","0","9","Nebraska","5/12/20","9","0","31105","0"
"Knox","0","6","Nebraska","5/12/20","4","2","31107","50"
"Lancaster","30","650","Nebraska","5/12/20","441","209","31109","47.39"
"Lincoln","1","40","Nebraska","5/12/20","33","7","31111","21.21"
"Madison","10","256","Nebraska","5/12/20","184","72","31119","39.13"
"Merrick","1","23","Nebraska","5/12/20","19","4","31121","21.05"
"Morrill","1","9","Nebraska","5/12/20","3","6","31123","200"
"Nance","0","4","Nebraska","5/12/20","4","0","31125","0"
"Nemaha","0","1","Nebraska","5/12/20","1","0","31127","0"
"Otoe","0","2","Nebraska","5/12/20","3","-1","31131","-33.33"
"Phelps","1","11","Nebraska","5/12/20","6","5","31137","83.33"
"Pierce","0","1","Nebraska","5/12/20","2","-1","31139","-50"
"Platte","25","382","Nebraska","5/12/20","205","177","31141","86.34"
"Polk","0","9","Nebraska","5/12/20","9","0","31143","0"
"Red Willow","0","5","Nebraska","5/12/20","4","1","31145","25"
"Saline","12","367","Nebraska","5/12/20","285","82","31151","28.77"
"Sarpy","13","257","Nebraska","5/12/20","168","89","31153","52.98"
"Saunders","0","11","Nebraska","5/12/20","11","0","31155","0"
"Scotts Bluff","2","46","Nebraska","5/12/20","34","12","31157","35.29"
"Seward","1","17","Nebraska","5/12/20","13","4","31159","30.77"
"Sherman","0","2","Nebraska","5/12/20","2","0","31163","0"
"Stanton","0","8","Nebraska","5/12/20","8","0","31167","0"
"Thomas","0","1","Nebraska","5/12/20","0","1","31171","1"
"Thurston","1","13","Nebraska","5/12/20","7","6","31173","85.71"
"Valley","0","1","Nebraska","5/12/20","1","0","31175","0"
"Washington","0","23","Nebraska","5/12/20","22","1","31177","4.55"
"Wayne","0","2","Nebraska","5/12/20","1","1","31179","100"
"Webster","0","5","Nebraska","5/12/20","5","0","31181","0"
"York","1","25","Nebraska","5/12/20","15","10","31185","66.67"
"Carson City","1","58","Nevada","5/12/20","51","7","32510","13.73"
"Churchill","0","5","Nevada","5/12/20","3","2","32001","66.67"
"Clark","66","4869","Nevada","5/12/20","4408","461","32003","10.46"
"Douglas","0","24","Nevada","5/12/20","22","2","32005","9.09"
"Elko","0","18","Nevada","5/12/20","15","3","32007","20"
"Humboldt","3","71","Nevada","5/12/20","53","18","32013","33.96"
"Lander","1","19","Nevada","5/12/20","13","6","32015","46.15"
"Lincoln","0","2","Nevada","5/12/20","0","2","32017","1"
"Lyon","1","45","Nevada","5/12/20","35","10","32019","28.57"
"Mineral","0","4","Nevada","5/12/20","4","0","32021","0"
"Nye","1","48","Nevada","5/12/20","39","9","32023","23.08"
"Washoe","15","1116","Nevada","5/12/20","1014","102","32031","10.06"
"White Pine","0","3","Nevada","5/12/20","3","0","32033","0"
"Belknap","1","47","New Hampshire","5/12/20","40","7","33001","17.5"
"Carroll","0","37","New Hampshire","5/12/20","34","3","33003","8.82"
"Cheshire","0","44","New Hampshire","5/12/20","41","3","33005","7.32"
"Coos","0","2","New Hampshire","5/12/20","2","0","33007","0"
"Grafton","0","57","New Hampshire","5/12/20","54","3","33009","5.56"
"Hillsborough","53","1551","New Hampshire","5/12/20","1181","370","33011","31.33"
"Merrimack","7","252","New Hampshire","5/12/20","206","46","33013","22.33"
"Rockingham","17","1010","New Hampshire","5/12/20","888","122","33015","13.74"
"Strafford","5","199","New Hampshire","5/12/20","163","36","33017","22.09"
"Sullivan","0","14","New Hampshire","5/12/20","12","2","33019","16.67"
"Atlantic","53","1558","New Jersey","5/12/20","1190","368","34001","30.92"
"Bergen","90","17091","New Jersey","5/12/20","16460","631","34003","3.83"
"Burlington","70","3697","New Jersey","5/12/20","3207","490","34005","15.28"
"Camden","113","5043","New Jersey","5/12/20","4251","792","34007","18.63"
"Cape May","15","471","New Jersey","5/12/20","369","102","34009","27.64"
"Cumberland","63","1427","New Jersey","5/12/20","985","442","34011","44.87"
"Essex","141","15826","New Jersey","5/12/20","14840","986","34013","6.64"
"Gloucester","35","1710","New Jersey","5/12/20","1467","243","34015","16.56"
"Hudson","225","17677","New Jersey","5/12/20","16099","1578","34017","9.8"
"Hunterdon","7","729","New Jersey","5/12/20","679","50","34019","7.36"
"Mercer","98","5426","New Jersey","5/12/20","4743","683","34021","14.4"
"Middlesex","140","14121","New Jersey","5/12/20","13142","979","34023","7.45"
"Monmouth","79","7041","New Jersey","5/12/20","6490","551","34025","8.49"
"Morris","40","5908","New Jersey","5/12/20","5625","283","34027","5.03"
"Ocean","82","7633","New Jersey","5/12/20","7060","573","34029","8.12"
"Passaic","131","14716","New Jersey","5/12/20","13797","919","34031","6.66"
"Salem","10","418","New Jersey","5/12/20","347","71","34033","20.46"
"Somerset","42","4115","New Jersey","5/12/20","3820","295","34035","7.72"
"Sussex","8","1046","New Jersey","5/12/20","987","59","34037","5.98"
"Union","100","14203","New Jersey","5/12/20","13503","700","34039","5.18"
"Warren","11","1061","New Jersey","5/12/20","982","79","34041","8.04"
"Bernalillo","21","1111","New Mexico","5/12/20","963","148","35001","15.37"
"Catron","0","2","New Mexico","5/12/20","1","1","35003","100"
"Chaves","0","28","New Mexico","5/12/20","25","3","35005","12"
"Cibola","2","89","New Mexico","5/12/20","74","15","35006","20.27"
"Colfax","0","5","New Mexico","5/12/20","5","0","35007","0"
"Curry","2","32","New Mexico","5/12/20","20","12","35009","60"
"De Baca","0","0","New Mexico","5/12/20","1","-1","35011","-100"
"Dona Ana","10","245","New Mexico","5/12/20","173","72","35013","41.62"
"Eddy","0","14","New Mexico","5/12/20","13","1","35015","7.69"
"Grant","0","15","New Mexico","5/12/20","15","0","35017","0"
"Guadalupe","0","17","New Mexico","5/12/20","15","2","35019","13.33"
"Harding","0","1","New Mexico","5/12/20","1","0","35021","0"
"Lea","0","15","New Mexico","5/12/20","12","3","35025","25"
"Lincoln","0","2","New Mexico","5/12/20","2","0","35027","0"
"Los Alamos","0","6","New Mexico","5/12/20","6","0","35028","0"
"Luna","0","8","New Mexico","5/12/20","7","1","35029","14.29"
"McKinley","51","1628","New Mexico","5/12/20","1274","354","35031","27.79"
"Otero","0","9","New Mexico","5/12/20","8","1","35035","12.5"
"Quay","0","5","New Mexico","5/12/20","4","1","35037","25"
"Rio Arriba","1","28","New Mexico","5/12/20","24","4","35039","16.67"
"Roosevelt","0","12","New Mexico","5/12/20","10","2","35041","20"
"San Juan","49","1149","New Mexico","5/12/20","806","343","35045","42.56"
"San Miguel","1","7","New Mexico","5/12/20","3","4","35047","133.33"
"Sandoval","7","474","New Mexico","5/12/20","426","48","35043","11.27"
"Santa Fe","1","112","New Mexico","5/12/20","108","4","35049","3.7"
"Sierra","0","1","New Mexico","5/12/20","1","0","35051","0"
"Socorro","0","49","New Mexico","5/12/20","48","1","35053","2.08"
"Taos","0","21","New Mexico","5/12/20","20","1","35055","5"
"Torrance","0","18","New Mexico","5/12/20","17","1","35057","5.88"
"Union","0","3","New Mexico","5/12/20","3","0","35059","0"
"Valencia","1","57","New Mexico","5/12/20","53","4","35061","7.55"
"Albany","26","1479","New York","5/12/20","1294","185","36001","14.3"
"Allegany","1","42","New York","5/12/20","35","7","36003","20"
"Broome","6","379","New York","5/12/20","338","41","36007","12.13"
"Cattaraugus","1","61","New York","5/12/20","53","8","36009","15.09"
"Cayuga","1","60","New York","5/12/20","51","9","36011","17.65"
"Chautauqua","1","42","New York","5/12/20","37","5","36013","13.51"
"Chemung","1","131","New York","5/12/20","126","5","36015","3.97"
"Chenango","2","112","New York","5/12/20","100","12","36017","12"
"Clinton","1","77","New York","5/12/20","69","8","36019","11.59"
"Columbia","12","314","New York","5/12/20","229","85","36021","37.12"
"Cortland","0","30","New York","5/12/20","28","2","36023","7.14"
"Delaware","0","65","New York","5/12/20","62","3","36025","4.84"
"Dutchess","35","3399","New York","5/12/20","3151","248","36027","7.87"
"Erie","91","4530","New York","5/12/20","3891","639","36029","16.42"
"Essex","0","32","New York","5/12/20","30","2","36031","6.67"
"Franklin","0","17","New York","5/12/20","16","1","36033","6.25"
"Fulton","5","135","New York","5/12/20","97","38","36035","39.18"
"Genesee","2","174","New York","5/12/20","159","15","36037","9.43"
"Greene","6","206","New York","5/12/20","166","40","36039","24.1"
"Hamilton","0","5","New York","5/12/20","3","2","36041","66.67"
"Herkimer","2","81","New York","5/12/20","67","14","36043","20.9"
"Jefferson","1","68","New York","5/12/20","63","5","36045","7.94"
"Lewis","0","11","New York","5/12/20","9","2","36049","22.22"
"Livingston","2","102","New York","5/12/20","86","16","36051","18.6"
"Madison","4","251","New York","5/12/20","223","28","36053","12.56"
"Monroe","38","1890","New York","5/12/20","1623","267","36055","16.45"
"Montgomery","1","67","New York","5/12/20","61","6","36057","9.84"
"Nassau","183","38434","New York","5/12/20","37152","1282","36059","3.45"
"New York","1321","186123","New York","5/12/20","176874","9249","36061","5.23"
"Niagara","23","671","New York","5/12/20","508","163","36063","32.09"
"Oneida","15","676","New York","5/12/20","574","102","36065","17.77"
"Onondaga","44","1308","New York","5/12/20","1002","306","36067","30.54"
"Ontario","1","107","New York","5/12/20","97","10","36069","10.31"
"Orange","70","9632","New York","5/12/20","9144","488","36071","5.34"
"Orleans","5","133","New York","5/12/20","99","34","36073","34.34"
"Oswego","1","76","New York","5/12/20","68","8","36075","11.76"
"Otsego","0","67","New York","5/12/20","67","0","36077","0"
"Putnam","10","1098","New York","5/12/20","1031","67","36079","6.5"
"Rensselaer","11","416","New York","5/12/20","339","77","36083","22.71"
"Rockland","51","12504","New York","5/12/20","12144","360","36087","2.96"
"Saratoga","6","407","New York","5/12/20","368","39","36091","10.6"
"Schenectady","6","581","New York","5/12/20","537","44","36093","8.19"
"Schoharie","0","46","New York","5/12/20","45","1","36095","2.22"
"Schuyler","0","8","New York","5/12/20","7","1","36097","14.29"
"Seneca","0","49","New York","5/12/20","46","3","36099","6.52"
"St. Lawrence","2","191","New York","5/12/20","178","13","36089","7.3"
"Steuben","1","229","New York","5/12/20","221","8","36101","3.62"
"Suffolk","255","37062","New York","5/12/20","35275","1787","36103","5.07"
"Sullivan","19","1119","New York","5/12/20","984","135","36105","13.72"
"Tioga","2","107","New York","5/12/20","92","15","36107","16.3"
"Tompkins","0","132","New York","5/12/20","129","3","36109","2.33"
"Ulster","15","1465","New York","5/12/20","1357","108","36111","7.96"
"Warren","4","221","New York","5/12/20","192","29","36113","15.1"
"Washington","3","210","New York","5/12/20","188","22","36115","11.7"
"Wayne","1","83","New York","5/12/20","78","5","36117","6.41"
"Westchester","176","31472","New York","5/12/20","30240","1232","36119","4.07"
"Wyoming","1","77","New York","5/12/20","70","7","36121","10"
"Yates","0","21","New York","5/12/20","19","2","36123","10.53"
"Alamance","8","183","North Carolina","5/12/20","128","55","37001","42.97"
"Alexander","1","13","North Carolina","5/12/20","5","8","37003","160"
"Alleghany","0","8","North Carolina","5/12/20","6","2","37005","33.33"
"Anson","1","39","North Carolina","5/12/20","30","9","37007","30"
"Ashe","1","14","North Carolina","5/12/20","5","9","37009","180"
"Beaufort","0","25","North Carolina","5/12/20","22","3","37013","13.64"
"Bertie","2","67","North Carolina","5/12/20","51","16","37015","31.37"
"Bladen","4","60","North Carolina","5/12/20","34","26","37017","76.47"
"Brunswick","0","51","North Carolina","5/12/20","50","1","37019","2"
"Buncombe","4","105","North Carolina","5/12/20","78","27","37021","34.62"
"Burke","4","146","North Carolina","5/12/20","117","29","37023","24.79"
"Cabarrus","5","356","North Carolina","5/12/20","320","36","37025","11.25"
"Caldwell","3","64","North Carolina","5/12/20","45","19","37027","42.22"
"Camden","0","2","North Carolina","5/12/20","2","0","37029","0"
"Carteret","1","35","North Carolina","5/12/20","29","6","37031","20.69"
"Caswell","1","42","North Carolina","5/12/20","34","8","37033","23.53"
"Catawba","3","83","North Carolina","5/12/20","65","18","37035","27.69"
"Chatham","8","461","North Carolina","5/12/20","403","58","37037","14.39"
"Cherokee","1","27","North Carolina","5/12/20","19","8","37039","42.11"
"Chowan","1","11","North Carolina","5/12/20","7","4","37041","57.14"
"Clay","0","8","North Carolina","5/12/20","6","2","37043","33.33"
"Cleveland","0","50","North Carolina","5/12/20","48","2","37045","4.17"
"Columbus","7","213","North Carolina","5/12/20","167","46","37047","27.54"
"Craven","2","57","North Carolina","5/12/20","44","13","37049","29.55"
"Cumberland","11","399","North Carolina","5/12/20","320","79","37051","24.69"
"Currituck","1","9","North Carolina","5/12/20","5","4","37053","80"
"Dare","0","21","North Carolina","5/12/20","18","3","37055","16.67"
"Davidson","6","227","North Carolina","5/12/20","183","44","37057","24.04"
"Davie","1","37","North Carolina","5/12/20","31","6","37059","19.35"
"Duplin","19","266","North Carolina","5/12/20","132","134","37061","101.52"
"Durham","16","914","North Carolina","5/12/20","800","114","37063","14.25"
"Edgecombe","5","156","North Carolina","5/12/20","123","33","37065","26.83"
"Forsyth","23","445","North Carolina","5/12/20","287","158","37067","55.05"
"Franklin","1","114","North Carolina","5/12/20","106","8","37069","7.55"
"Gaston","4","178","North Carolina","5/12/20","152","26","37071","17.11"
"Gates","0","11","North Carolina","5/12/20","9","2","37073","22.22"
"Graham","0","2","North Carolina","5/12/20","2","0","37075","0"
"Granville","1","170","North Carolina","5/12/20","160","10","37077","6.25"
"Greene","2","37","North Carolina","5/12/20","22","15","37079","68.18"
"Guilford","26","649","North Carolina","5/12/20","464","185","37081","39.87"
"Halifax","4","96","North Carolina","5/12/20","69","27","37083","39.13"
"Harnett","6","228","North Carolina","5/12/20","188","40","37085","21.28"
"Haywood","0","18","North Carolina","5/12/20","18","0","37087","0"
"Henderson","4","237","North Carolina","5/12/20","210","27","37089","12.86"
"Hertford","1","51","North Carolina","5/12/20","45","6","37091","13.33"
"Hoke","3","123","North Carolina","5/12/20","101","22","37093","21.78"
"Hyde","0","1","North Carolina","5/12/20","1","0","37095","0"
"Iredell","4","158","North Carolina","5/12/20","131","27","37097","20.61"
"Jackson","0","22","North Carolina","5/12/20","20","2","37099","10"
"Johnston","4","214","North Carolina","5/12/20","187","27","37101","14.44"
"Jones","0","20","North Carolina","5/12/20","18","2","37103","11.11"
"Lee","10","278","North Carolina","5/12/20","207","71","37105","34.3"
"Lenoir","5","124","North Carolina","5/12/20","92","32","37107","34.78"
"Lincoln","1","40","North Carolina","5/12/20","35","5","37109","14.29"
"Macon","0","3","North Carolina","5/12/20","3","0","37113","0"
"Madison","0","1","North Carolina","5/12/20","1","0","37115","0"
"Martin","2","33","North Carolina","5/12/20","21","12","37117","57.14"
"McDowell","0","30","North Carolina","5/12/20","28","2","37111","7.14"
"Mecklenburg","53","2158","North Carolina","5/12/20","1787","371","37119","20.76"
"Mitchell","0","5","North Carolina","5/12/20","5","0","37121","0"
"Montgomery","1","46","North Carolina","5/12/20","38","8","37123","21.05"
"Moore","1","156","North Carolina","5/12/20","147","9","37125","6.12"
"Nash","4","129","North Carolina","5/12/20","103","26","37127","25.24"
"New Hanover","4","117","North Carolina","5/12/20","91","26","37129","28.57"
"Northampton","4","123","North Carolina","5/12/20","93","30","37131","32.26"
"Onslow","1","58","North Carolina","5/12/20","51","7","37133","13.73"
"Orange","4","259","North Carolina","5/12/20","230","29","37135","12.61"
"Pamlico","0","8","North Carolina","5/12/20","8","0","37137","0"
"Pasquotank","6","82","North Carolina","5/12/20","38","44","37139","115.79"
"Pender","3","39","North Carolina","5/12/20","17","22","37141","129.41"
"Perquimans","1","19","North Carolina","5/12/20","14","5","37143","35.71"
"Person","1","31","North Carolina","5/12/20","23","8","37145","34.78"
"Pitt","5","178","North Carolina","5/12/20","144","34","37147","23.61"
"Polk","1","31","North Carolina","5/12/20","26","5","37149","19.23"
"Randolph","14","355","North Carolina","5/12/20","255","100","37151","39.22"
"Richmond","4","91","North Carolina","5/12/20","61","30","37153","49.18"
"Robeson","19","417","North Carolina","5/12/20","281","136","37155","48.4"
"Rockingham","2","43","North Carolina","5/12/20","30","13","37157","43.33"
"Rowan","10","488","North Carolina","5/12/20","417","71","37159","17.03"
"Rutherford","1","154","North Carolina","5/12/20","147","7","37161","4.76"
"Sampson","10","170","North Carolina","5/12/20","100","70","37163","70"
"Scotland","2","43","North Carolina","5/12/20","30","13","37165","43.33"
"Stanly","0","30","North Carolina","5/12/20","30","0","37167","0"
"Stokes","0","14","North Carolina","5/12/20","11","3","37169","27.27"
"Surry","4","45","North Carolina","5/12/20","20","25","37171","125"
"Swain","0","5","North Carolina","5/12/20","4","1","37173","25"
"Transylvania","0","7","North Carolina","5/12/20","8","-1","37175","-12.5"
"Tyrrell","0","4","North Carolina","5/12/20","4","0","37177","0"
"Union","4","301","North Carolina","5/12/20","271","30","37179","11.07"
"Vance","7","168","North Carolina","5/12/20","119","49","37181","41.18"
"Wake","21","1076","North Carolina","5/12/20","928","148","37183","15.95"
"Warren","1","23","North Carolina","5/12/20","17","6","37185","35.29"
"Washington","0","25","North Carolina","5/12/20","25","0","37187","0"
"Watauga","0","9","North Carolina","5/12/20","9","0","37189","0"
"Wayne","10","755","North Carolina","5/12/20","688","67","37191","9.74"
"Wilkes","16","243","North Carolina","5/12/20","128","115","37193","89.84"
"Wilson","5","216","North Carolina","5/12/20","182","34","37195","18.68"
"Yadkin","5","60","North Carolina","5/12/20","25","35","37197","140"
"Yancey","1","9","North Carolina","5/12/20","1","8","37199","800"
"Barnes","0","4","North Dakota","5/12/20","4","0","38003","0"
"Benson","0","2","North Dakota","5/12/20","0","2","38005","1"
"Bowman","0","1","North Dakota","5/12/20","1","0","38011","0"
"Burke","0","5","North Dakota","5/12/20","5","0","38013","0"
"Burleigh","2","105","North Dakota","5/12/20","92","13","38015","14.13"
"Cass","32","866","North Dakota","5/12/20","643","223","38017","34.68"
"Divide","0","1","North Dakota","5/12/20","1","0","38023","0"
"Dunn","0","11","North Dakota","5/12/20","11","0","38025","0"
"Eddy","0","2","North Dakota","5/12/20","1","1","38027","100"
"Emmons","0","1","North Dakota","5/12/20","1","0","38029","0"
"Foster","0","1","North Dakota","5/12/20","1","0","38031","0"
"Grand Forks","3","293","North Dakota","5/12/20","270","23","38035","8.52"
"Grant","0","2","North Dakota","5/12/20","1","1","38037","100"
"McHenry","0","2","North Dakota","5/12/20","1","1","38049","100"
"McIntosh","0","1","North Dakota","5/12/20","1","0","38051","0"
"McKenzie","0","15","North Dakota","5/12/20","13","2","38053","15.38"
"McLean","0","5","North Dakota","5/12/20","5","0","38055","0"
"Mercer","0","4","North Dakota","5/12/20","3","1","38057","33.33"
"Morton","0","37","North Dakota","5/12/20","35","2","38059","5.71"
"Mountrail","0","37","North Dakota","5/12/20","35","2","38061","5.71"
"Nelson","0","1","North Dakota","5/12/20","1","0","38063","0"
"Oliver","0","1","North Dakota","5/12/20","1","0","38065","0"
"Pembina","0","6","North Dakota","5/12/20","4","2","38067","50"
"Pierce","0","3","North Dakota","5/12/20","2","1","38069","50"
"Ramsey","1","7","North Dakota","5/12/20","3","4","38071","133.33"
"Ransom","0","3","North Dakota","5/12/20","1","2","38073","200"
"Renville","0","1","North Dakota","5/12/20","1","0","38075","0"
"Richland","0","8","North Dakota","5/12/20","7","1","38077","14.29"
"Rolette","0","3","North Dakota","5/12/20","1","2","38079","200"
"Sargent","0","3","North Dakota","5/12/20","1","2","38081","200"
"Sioux","0","1","North Dakota","5/12/20","1","0","38085","0"
"Slope","0","3","North Dakota","5/12/20","3","0","38087","0"
"Stark","1","61","North Dakota","5/12/20","57","4","38089","7.02"
"Stutsman","1","16","North Dakota","5/12/20","12","4","38093","33.33"
"Traill","0","1","North Dakota","5/12/20","0","1","38097","1"
"Walsh","0","8","North Dakota","5/12/20","7","1","38099","14.29"
"Ward","0","28","North Dakota","5/12/20","25","3","38101","12"
"Wells","0","2","North Dakota","5/12/20","2","0","38103","0"
"Williams","1","20","North Dakota","5/12/20","13","7","38105","53.85"
"","1","19","Northern Mariana Islands","5/12/20","14","5",,"35.71"
"Adams","0","6","Ohio","5/12/20","5","1","39001","20"
"Allen","3","154","Ohio","5/12/20","135","19","39003","14.07"
"Ashland","1","15","Ohio","5/12/20","9","6","39005","66.67"
"Ashtabula","6","199","Ohio","5/12/20","160","39","39007","24.38"
"Athens","0","6","Ohio","5/12/20","4","2","39009","50"
"Auglaize","1","46","Ohio","5/12/20","36","10","39011","27.78"
"Belmont","12","266","Ohio","5/12/20","181","85","39013","46.96"
"Brown","1","20","Ohio","5/12/20","13","7","39015","53.85"
"Butler","21","496","Ohio","5/12/20","346","150","39017","43.35"
"Carroll","0","24","Ohio","5/12/20","21","3","39019","14.29"
"Champaign","1","19","Ohio","5/12/20","15","4","39021","26.67"
"Clark","5","104","Ohio","5/12/20","69","35","39023","50.72"
"Clermont","2","125","Ohio","5/12/20","109","16","39025","14.68"
"Clinton","1","35","Ohio","5/12/20","31","4","39027","12.9"
"Columbiana","7","343","Ohio","5/12/20","292","51","39029","17.47"
"Coshocton","0","19","Ohio","5/12/20","17","2","39031","11.76"
"Crawford","3","79","Ohio","5/12/20","57","22","39033","38.6"
"Cuyahoga","69","2908","Ohio","5/12/20","2428","480","39035","19.77"
"Darke","2","90","Ohio","5/12/20","77","13","39037","16.88"
"Defiance","1","25","Ohio","5/12/20","21","4","39039","19.05"
"Delaware","7","232","Ohio","5/12/20","184","48","39041","26.09"
"Erie","3","85","Ohio","5/12/20","67","18","39043","26.87"
"Fairfield","5","188","Ohio","5/12/20","155","33","39045","21.29"
"Fayette","0","23","Ohio","5/12/20","21","2","39047","9.52"
"Franklin","129","4002","Ohio","5/12/20","3097","905","39049","29.22"
"Fulton","0","32","Ohio","5/12/20","29","3","39051","10.34"
"Gallia","0","6","Ohio","5/12/20","6","0","39053","0"
"Geauga","3","195","Ohio","5/12/20","172","23","39055","13.37"
"Greene","2","67","Ohio","5/12/20","50","17","39057","34"
"Guernsey","0","21","Ohio","5/12/20","19","2","39059","10.53"
"Hamilton","54","1859","Ohio","5/12/20","1480","379","39061","25.61"
"Hancock","0","39","Ohio","5/12/20","39","0","39063","0"
"Hardin","0","28","Ohio","5/12/20","26","2","39065","7.69"
"Harrison","0","7","Ohio","5/12/20","6","1","39067","16.67"
"Henry","1","10","Ohio","5/12/20","6","4","39069","66.67"
"Highland","0","14","Ohio","5/12/20","11","3","39071","27.27"
"Hocking","0","22","Ohio","5/12/20","19","3","39073","15.79"
"Holmes","0","8","Ohio","5/12/20","6","2","39075","33.33"
"Huron","1","39","Ohio","5/12/20","33","6","39077","18.18"
"Jackson","0","8","Ohio","5/12/20","6","2","39079","33.33"
"Jefferson","1","56","Ohio","5/12/20","46","10","39081","21.74"
"Knox","0","20","Ohio","5/12/20","19","1","39083","5.26"
"Lake","4","203","Ohio","5/12/20","176","27","39085","15.34"
"Lawrence","0","25","Ohio","5/12/20","24","1","39087","4.17"
"Licking","6","172","Ohio","5/12/20","133","39","39089","29.32"
"Logan","1","23","Ohio","5/12/20","19","4","39091","21.05"
"Lorain","7","560","Ohio","5/12/20","510","50","39093","9.8"
"Lucas","51","1836","Ohio","5/12/20","1478","358","39095","24.22"
"Madison","2","87","Ohio","5/12/20","73","14","39097","19.18"
"Mahoning","22","1150","Ohio","5/12/20","998","152","39099","15.23"
"Marion","11","2412","Ohio","5/12/20","2335","77","39101","3.3"
"Medina","4","203","Ohio","5/12/20","177","26","39103","14.69"
"Meigs","0","3","Ohio","5/12/20","3","0","39105","0"
"Mercer","7","86","Ohio","5/12/20","38","48","39107","126.32"
"Miami","24","314","Ohio","5/12/20","144","170","39109","118.06"
"Monroe","3","22","Ohio","5/12/20","4","18","39111","450"
"Montgomery","15","433","Ohio","5/12/20","328","105","39113","32.01"
"Morgan","0","5","Ohio","5/12/20","5","0","39115","0"
"Morrow","1","87","Ohio","5/12/20","83","4","39117","4.82"
"Muskingum","1","31","Ohio","5/12/20","21","10","39119","47.62"
"Noble","0","5","Ohio","5/12/20","5","0","39121","0"
"Ottawa","1","49","Ohio","5/12/20","44","5","39123","11.36"
"Paulding","0","9","Ohio","5/12/20","8","1","39125","12.5"
"Perry","0","14","Ohio","5/12/20","13","1","39127","7.69"
"Pickaway","18","1955","Ohio","5/12/20","1831","124","39129","6.77"
"Pike","0","5","Ohio","5/12/20","4","1","39131","25"
"Portage","3","275","Ohio","5/12/20","254","21","39133","8.27"
"Preble","0","28","Ohio","5/12/20","27","1","39135","3.7"
"Putnam","1","77","Ohio","5/12/20","71","6","39137","8.45"
"Richland","6","130","Ohio","5/12/20","91","39","39139","42.86"
"Ross","2","55","Ohio","5/12/20","42","13","39141","30.95"
"Sandusky","2","53","Ohio","5/12/20","41","12","39143","29.27"
"Scioto","0","13","Ohio","5/12/20","13","0","39145","0"
"Seneca","0","14","Ohio","5/12/20","14","0","39147","0"
"Shelby","0","33","Ohio","5/12/20","30","3","39149","10"
"Stark","14","515","Ohio","5/12/20","414","101","39151","24.4"
"Summit","26","930","Ohio","5/12/20","751","179","39153","23.83"
"Trumbull","8","413","Ohio","5/12/20","356","57","39155","16.01"
"Tuscarawas","13","223","Ohio","5/12/20","133","90","39157","67.67"
"Union","0","28","Ohio","5/12/20","26","2","39159","7.69"
"Van Wert","0","3","Ohio","5/12/20","3","0","39161","0"
"Vinton","1","15","Ohio","5/12/20","8","7","39163","87.5"
"Warren","5","213","Ohio","5/12/20","178","35","39165","19.66"
"Washington","1","114","Ohio","5/12/20","105","9","39167","8.57"
"Wayne","3","190","Ohio","5/12/20","166","24","39169","14.46"
"Williams","0","44","Ohio","5/12/20","42","2","39171","4.76"
"Wood","4","229","Ohio","5/12/20","203","26","39173","12.81"
"Wyandot","0","26","Ohio","5/12/20","24","2","39175","8.33"
"Adair","1","74","Oklahoma","5/12/20","66","8","40001","12.12"
"Alfalfa","0","1","Oklahoma","5/12/20","1","0","40003","0"
"Atoka","0","2","Oklahoma","5/12/20","1","1","40005","100"
"Beaver","1","19","Oklahoma","5/12/20","15","4","40007","26.67"
"Beckham","0","6","Oklahoma","5/12/20","6","0","40009","0"
"Blaine","0","2","Oklahoma","5/12/20","2","0","40011","0"
"Bryan","0","12","Oklahoma","5/12/20","9","3","40013","33.33"
"Caddo","5","109","Oklahoma","5/12/20","77","32","40015","41.56"
"Canadian","2","114","Oklahoma","5/12/20","103","11","40017","10.68"
"Carter","0","6","Oklahoma","5/12/20","5","1","40019","20"
"Cherokee","0","30","Oklahoma","5/12/20","29","1","40021","3.45"
"Choctaw","0","3","Oklahoma","5/12/20","3","0","40023","0"
"Cimarron","0","1","Oklahoma","5/12/20","1","0","40025","0"
"Cleveland","3","457","Oklahoma","5/12/20","439","18","40027","4.1"
"Comanche","7","151","Oklahoma","5/12/20","104","47","40031","45.19"
"Cotton","0","5","Oklahoma","5/12/20","5","0","40033","0"
"Craig","0","12","Oklahoma","5/12/20","12","0","40035","0"
"Creek","0","82","Oklahoma","5/12/20","80","2","40037","2.5"
"Custer","0","12","Oklahoma","5/12/20","11","1","40039","9.09"
"Delaware","0","94","Oklahoma","5/12/20","92","2","40041","2.17"
"Dewey","0","2","Oklahoma","5/12/20","2","0","40043","0"
"Garfield","0","21","Oklahoma","5/12/20","21","0","40047","0"
"Garvin","0","15","Oklahoma","5/12/20","14","1","40049","7.14"
"Grady","2","52","Oklahoma","5/12/20","40","12","40051","30"
"Grant","0","2","Oklahoma","5/12/20","2","0","40053","0"
"Greer","0","66","Oklahoma","5/12/20","65","1","40055","1.54"
"Harper","0","1","Oklahoma","5/12/20","1","0","40059","0"
"Haskell","0","5","Oklahoma","5/12/20","5","0","40061","0"
"Jackson","0","20","Oklahoma","5/12/20","18","2","40065","11.11"
"Jefferson","0","3","Oklahoma","5/12/20","2","1","40067","50"
"Johnston","0","3","Oklahoma","5/12/20","3","0","40069","0"
"Kay","0","48","Oklahoma","5/12/20","48","0","40071","0"
"Kingfisher","0","9","Oklahoma","5/12/20","8","1","40073","12.5"
"Kiowa","0","6","Oklahoma","5/12/20","5","1","40075","20"
"Latimer","0","5","Oklahoma","5/12/20","5","0","40077","0"
"Le Flore","0","13","Oklahoma","5/12/20","13","0","40079","0"
"Lincoln","0","17","Oklahoma","5/12/20","16","1","40081","6.25"
"Logan","0","18","Oklahoma","5/12/20","17","1","40083","5.88"
"Love","0","3","Oklahoma","5/12/20","2","1","40085","50"
"Major","0","6","Oklahoma","5/12/20","4","2","40093","50"
"Marshall","0","2","Oklahoma","5/12/20","2","0","40095","0"
"Mayes","0","26","Oklahoma","5/12/20","24","2","40097","8.33"
"McClain","0","85","Oklahoma","5/12/20","84","1","40087","1.19"
"McCurtain","0","8","Oklahoma","5/12/20","8","0","40089","0"
"McIntosh","0","5","Oklahoma","5/12/20","3","2","40091","66.67"
"Murray","0","2","Oklahoma","5/12/20","2","0","40099","0"
"Muskogee","0","29","Oklahoma","5/12/20","27","2","40101","7.41"
"Noble","0","7","Oklahoma","5/12/20","6","1","40103","16.67"
"Nowata","0","23","Oklahoma","5/12/20","21","2","40105","9.52"
"Okfuskee","0","1","Oklahoma","5/12/20","1","0","40107","0"
"Oklahoma","21","997","Oklahoma","5/12/20","853","144","40109","16.88"
"Okmulgee","0","16","Oklahoma","5/12/20","16","0","40111","0"
"Osage","2","90","Oklahoma","5/12/20","78","12","40113","15.38"
"Ottawa","0","34","Oklahoma","5/12/20","34","0","40115","0"
"Pawnee","0","29","Oklahoma","5/12/20","29","0","40117","0"
"Payne","0","44","Oklahoma","5/12/20","44","0","40119","0"
"Pittsburg","0","39","Oklahoma","5/12/20","39","0","40121","0"
"Pontotoc","0","10","Oklahoma","5/12/20","10","0","40123","0"
"Pottawatomie","0","54","Oklahoma","5/12/20","52","2","40125","3.85"
"Pushmataha","0","1","Oklahoma","5/12/20","1","0","40127","0"
"Rogers","0","71","Oklahoma","5/12/20","68","3","40131","4.41"
"Seminole","0","21","Oklahoma","5/12/20","19","2","40133","10.53"
"Sequoyah","0","14","Oklahoma","5/12/20","12","2","40135","16.67"
"Stephens","0","22","Oklahoma","5/12/20","22","0","40137","0"
"Texas","25","424","Oklahoma","5/12/20","252","172","40139","68.25"
"Tillman","1","19","Oklahoma","5/12/20","15","4","40141","26.67"
"Tulsa","10","717","Oklahoma","5/12/20","645","72","40143","11.16"
"Wagoner","1","130","Oklahoma","5/12/20","123","7","40145","5.69"
"Washington","3","300","Oklahoma","5/12/20","281","19","40147","6.76"
"Woods","0","3","Oklahoma","5/12/20","3","0","40151","0"
"Woodward","0","1","Oklahoma","5/12/20","1","0","40153","0"
"Baker","0","1","Oregon","5/12/20","0","1","41001","1"
"Benton","2","50","Oregon","5/12/20","39","11","41003","28.21"
"Clackamas","6","274","Oregon","5/12/20","231","43","41005","18.61"
"Clatsop","2","34","Oregon","5/12/20","17","17","41007","100"
"Columbia","0","15","Oregon","5/12/20","14","1","41009","7.14"
"Coos","0","29","Oregon","5/12/20","28","1","41011","3.57"
"Crook","0","1","Oregon","5/12/20","1","0","41013","0"
"Curry","0","4","Oregon","5/12/20","4","0","41015","0"
"Deschutes","1","90","Oregon","5/12/20","80","10","41017","12.5"
"Douglas","0","24","Oregon","5/12/20","24","0","41019","0"
"Grant","0","1","Oregon","5/12/20","1","0","41023","0"
"Harney","0","1","Oregon","5/12/20","1","0","41025","0"
"Hood River","0","13","Oregon","5/12/20","11","2","41027","18.18"
"Jackson","0","50","Oregon","5/12/20","49","1","41029","2.04"
"Jefferson","1","24","Oregon","5/12/20","14","10","41031","71.43"
"Josephine","0","25","Oregon","5/12/20","24","1","41033","4.17"
"Klamath","0","41","Oregon","5/12/20","39","2","41035","5.13"
"Lane","1","61","Oregon","5/12/20","55","6","41039","10.91"
"Lincoln","0","6","Oregon","5/12/20","5","1","41041","20"
"Linn","1","104","Oregon","5/12/20","98","6","41043","6.12"
"Malheur","0","14","Oregon","5/12/20","13","1","41045","7.69"
"Marion","21","723","Oregon","5/12/20","574","149","41047","25.96"
"Morrow","0","12","Oregon","5/12/20","10","2","41049","20"
"Multnomah","20","908","Oregon","5/12/20","769","139","41051","18.08"
"Polk","3","89","Oregon","5/12/20","68","21","41053","30.88"
"Sherman","0","1","Oregon","5/12/20","1","0","41055","0"
"Tillamook","0","6","Oregon","5/12/20","6","0","41057","0"
"Umatilla","2","85","Oregon","5/12/20","73","12","41059","16.44"
"Union","0","4","Oregon","5/12/20","4","0","41061","0"
"Wallowa","0","1","Oregon","5/12/20","1","0","41063","0"
"Wasco","0","16","Oregon","5/12/20","13","3","41065","23.08"
"Washington","10","601","Oregon","5/12/20","531","70","41067","13.18"
"Yamhill","1","50","Oregon","5/12/20","41","9","41071","21.95"
"Adams","3","167","Pennsylvania","5/12/20","148","19","42001","12.84"
"Allegheny","22","1526","Pennsylvania","5/12/20","1375","151","42003","10.98"
"Armstrong","0","55","Pennsylvania","5/12/20","53","2","42005","3.77"
"Beaver","4","493","Pennsylvania","5/12/20","466","27","42007","5.79"
"Bedford","0","29","Pennsylvania","5/12/20","26","3","42009","11.54"
"Berks","64","3453","Pennsylvania","5/12/20","3004","449","42011","14.95"
"Blair","1","30","Pennsylvania","5/12/20","25","5","42013","20"
"Bradford","0","37","Pennsylvania","5/12/20","35","2","42015","5.71"
"Bucks","87","4116","Pennsylvania","5/12/20","3505","611","42017","17.43"
"Butler","2","198","Pennsylvania","5/12/20","184","14","42019","7.61"
"Cambria","1","44","Pennsylvania","5/12/20","34","10","42021","29.41"
"Cameron","0","2","Pennsylvania","5/12/20","2","0","42023","0"
"Carbon","2","198","Pennsylvania","5/12/20","185","13","42025","7.03"
"Centre","2","122","Pennsylvania","5/12/20","106","16","42027","15.09"
"Chester","47","1929","Pennsylvania","5/12/20","1601","328","42029","20.49"
"Clarion","0","23","Pennsylvania","5/12/20","23","0","42031","0"
"Clearfield","1","30","Pennsylvania","5/12/20","21","9","42033","42.86"
"Clinton","1","41","Pennsylvania","5/12/20","33","8","42035","24.24"
"Columbia","5","330","Pennsylvania","5/12/20","298","32","42037","10.74"
"Crawford","0","21","Pennsylvania","5/12/20","19","2","42039","10.53"
"Cumberland","11","461","Pennsylvania","5/12/20","382","79","42041","20.68"
"Dauphin","22","851","Pennsylvania","5/12/20","695","156","42043","22.45"
"Delaware","116","5084","Pennsylvania","5/12/20","4269","815","42045","19.09"
"Elk","0","5","Pennsylvania","5/12/20","4","1","42047","25"
"Erie","4","124","Pennsylvania","5/12/20","93","31","42049","33.33"
"Fayette","0","85","Pennsylvania","5/12/20","84","1","42051","1.19"
"Forest","0","7","Pennsylvania","5/12/20","7","0","42053","0"
"Franklin","18","522","Pennsylvania","5/12/20","396","126","42055","31.82"
"Fulton","0","8","Pennsylvania","5/12/20","7","1","42057","14.29"
"Greene","0","27","Pennsylvania","5/12/20","27","0","42059","0"
"Huntingdon","19","190","Pennsylvania","5/12/20","59","131","42061","222.03"
"Indiana","0","76","Pennsylvania","5/12/20","74","2","42063","2.7"
"Jefferson","0","7","Pennsylvania","5/12/20","6","1","42065","16.67"
"Juniata","1","94","Pennsylvania","5/12/20","86","8","42067","9.3"
"Lackawanna","25","1211","Pennsylvania","5/12/20","1038","173","42069","16.67"
"Lancaster","40","2295","Pennsylvania","5/12/20","2018","277","42071","13.73"
"Lawrence","1","71","Pennsylvania","5/12/20","67","4","42073","5.97"
"Lebanon","8","825","Pennsylvania","5/12/20","766","59","42075","7.7"
"Lehigh","41","3286","Pennsylvania","5/12/20","2999","287","42077","9.57"
"Luzerne","24","2449","Pennsylvania","5/12/20","2280","169","42079","7.41"
"Lycoming","7","132","Pennsylvania","5/12/20","86","46","42081","53.49"
"McKean","0","8","Pennsylvania","5/12/20","6","2","42083","33.33"
"Mercer","1","77","Pennsylvania","5/12/20","67","10","42085","14.93"
"Mifflin","1","52","Pennsylvania","5/12/20","42","10","42087","23.81"
"Monroe","6","1229","Pennsylvania","5/12/20","1186","43","42089","3.63"
"Montgomery","108","5442","Pennsylvania","5/12/20","4687","755","42091","16.11"
"Montour","0","49","Pennsylvania","5/12/20","50","-1","42093","-2"
"Northampton","31","2499","Pennsylvania","5/12/20","2279","220","42095","9.65"
"Northumberland","3","126","Pennsylvania","5/12/20","107","19","42097","17.76"
"Perry","0","35","Pennsylvania","5/12/20","34","1","42099","2.94"
"Philadelphia","304","18537","Pennsylvania","5/12/20","16410","2127","42101","12.96"
"Pike","4","441","Pennsylvania","5/12/20","412","29","42103","7.04"
"Potter","0","4","Pennsylvania","5/12/20","4","0","42105","0"
"Schuylkill","8","459","Pennsylvania","5/12/20","405","54","42107","13.33"
"Snyder","0","33","Pennsylvania","5/12/20","33","0","42109","0"
"Somerset","0","32","Pennsylvania","5/12/20","30","2","42111","6.67"
"Sullivan","0","1","Pennsylvania","5/12/20","1","0","42113","0"
"Susquehanna","-1","81","Pennsylvania","5/12/20","86","-5","42115","-5.81"
"Tioga","0","16","Pennsylvania","5/12/20","16","0","42117","0"
"Union","0","41","Pennsylvania","5/12/20","38","3","42119","7.89"
"Venango","0","7","Pennsylvania","5/12/20","7","0","42121","0"
"Warren","0","1","Pennsylvania","5/12/20","1","0","42123","0"
"Washington","1","126","Pennsylvania","5/12/20","120","6","42125","5"
"Wayne","1","117","Pennsylvania","5/12/20","109","8","42127","7.34"
"Westmoreland","2","419","Pennsylvania","5/12/20","405","14","42129","3.46"
"Wyoming","1","31","Pennsylvania","5/12/20","27","4","42131","14.81"
"York","11","793","Pennsylvania","5/12/20","716","77","42133","10.75"
"","54","2299","Puerto Rico","5/12/20","1924","375",,"19.49"
"Bristol","3","172","Rhode Island","5/12/20","154","18","44001","11.69"
"Kent","21","850","Rhode Island","5/12/20","703","147","44003","20.91"
"Newport","3","185","Rhode Island","5/12/20","161","24","44005","14.91"
"Providence","237","8798","Rhode Island","5/12/20","7138","1660","44007","23.26"
"Washington","7","411","Rhode Island","5/12/20","363","48","44009","13.22"
"Abbeville","0","34","South Carolina","5/12/20","33","1","45001","3.03"
"Aiken","2","123","South Carolina","5/12/20","108","15","45003","13.89"
"Allendale","1","27","South Carolina","5/12/20","18","9","45005","50"
"Anderson","2","188","South Carolina","5/12/20","172","16","45007","9.3"
"Bamberg","0","16","South Carolina","5/12/20","13","3","45009","23.08"
"Barnwell","1","35","South Carolina","5/12/20","27","8","45011","29.63"
"Beaufort","2","282","South Carolina","5/12/20","270","12","45013","4.44"
"Berkeley","1","197","South Carolina","5/12/20","188","9","45015","4.79"
"Calhoun","0","8","South Carolina","5/12/20","7","1","45017","14.29"
"Charleston","5","497","South Carolina","5/12/20","463","34","45019","7.34"
"Cherokee","1","22","South Carolina","5/12/20","18","4","45021","22.22"
"Chester","1","39","South Carolina","5/12/20","35","4","45023","11.43"
"Chesterfield","3","80","South Carolina","5/12/20","61","19","45025","31.15"
"Clarendon","4","267","South Carolina","5/12/20","237","30","45027","12.66"
"Colleton","0","32","South Carolina","5/12/20","32","0","45029","0"
"Darlington","4","179","South Carolina","5/12/20","149","30","45031","20.13"
"Dillon","4","102","South Carolina","5/12/20","74","28","45033","37.84"
"Dorchester","1","109","South Carolina","5/12/20","101","8","45035","7.92"
"Edgefield","1","39","South Carolina","5/12/20","32","7","45037","21.88"
"Fairfield","2","82","South Carolina","5/12/20","71","11","45039","15.49"
"Florence","15","455","South Carolina","5/12/20","353","102","45041","28.9"
"Georgetown","1","53","South Carolina","5/12/20","46","7","45043","15.22"
"Greenville","25","971","South Carolina","5/12/20","796","175","45045","21.98"
"Greenwood","1","63","South Carolina","5/12/20","57","6","45047","10.53"
"Hampton","0","28","South Carolina","5/12/20","26","2","45049","7.69"
"Horry","5","269","South Carolina","5/12/20","236","33","45051","13.98"
"Jasper","1","25","South Carolina","5/12/20","21","4","45053","19.05"
"Kershaw","2","259","South Carolina","5/12/20","247","12","45055","4.86"
"Lancaster","3","115","South Carolina","5/12/20","96","19","45057","19.79"
"Laurens","1","47","South Carolina","5/12/20","42","5","45059","11.9"
"Lee","7","117","South Carolina","5/12/20","69","48","45061","69.57"
"Lexington","6","482","South Carolina","5/12/20","440","42","45063","9.55"
"Marion","1","50","South Carolina","5/12/20","41","9","45067","21.95"
"Marlboro","1","59","South Carolina","5/12/20","54","5","45069","9.26"
"McCormick","0","7","South Carolina","5/12/20","7","0","45065","0"
"Newberry","0","32","South Carolina","5/12/20","31","1","45071","3.23"
"Oconee","1","39","South Carolina","5/12/20","29","10","45073","34.48"
"Orangeburg","1","104","South Carolina","5/12/20","94","10","45075","10.64"
"Pickens","2","77","South Carolina","5/12/20","61","16","45077","26.23"
"Richland","22","1145","South Carolina","5/12/20","990","155","45079","15.66"
"Saluda","3","91","South Carolina","5/12/20","70","21","45081","30"
"Spartanburg","5","351","South Carolina","5/12/20","317","34","45083","10.73"
"Sumter","3","294","South Carolina","5/12/20","270","24","45085","8.89"
"Union","1","31","South Carolina","5/12/20","26","5","45087","19.23"
"Williamsburg","8","147","South Carolina","5/12/20","94","53","45089","56.38"
"York","6","258","South Carolina","5/12/20","219","39","45091","17.81"
"Aurora","0","2","South Dakota","5/12/20","1","1","46003","100"
"Beadle","0","22","South Dakota","5/12/20","21","1","46005","4.76"
"Bon Homme","0","4","South Dakota","5/12/20","4","0","46009","0"
"Brookings","0","14","South Dakota","5/12/20","13","1","46011","7.69"
"Brown","9","132","South Dakota","5/12/20","71","61","46013","85.92"
"Buffalo","0","1","South Dakota","5/12/20","1","0","46017","0"
"Charles Mix","0","5","South Dakota","5/12/20","5","0","46023","0"
"Clark","0","3","South Dakota","5/12/20","1","2","46025","200"
"Clay","0","10","South Dakota","5/12/20","7","3","46027","42.86"
"Codington","0","15","South Dakota","5/12/20","15","0","46029","0"
"Corson","0","2","South Dakota","5/12/20","1","1","46031","100"
"Davison","0","8","South Dakota","5/12/20","7","1","46035","14.29"
"Day","0","10","South Dakota","5/12/20","8","2","46037","25"
"Deuel","0","1","South Dakota","5/12/20","1","0","46039","0"
"Dewey","0","0","South Dakota","5/12/20","1","-1","46041","-100"
"Douglas","0","1","South Dakota","5/12/20","1","0","46043","0"
"Fall River","0","2","South Dakota","5/12/20","2","0","46047","0"
"Faulk","0","1","South Dakota","5/12/20","1","0","46049","0"
"Grant","0","3","South Dakota","5/12/20","0","3","46051","1"
"Hamlin","0","2","South Dakota","5/12/20","2","0","46057","0"
"Hand","0","1","South Dakota","5/12/20","1","0","46059","0"
"Hughes","0","15","South Dakota","5/12/20","13","2","46065","15.38"
"Hutchinson","0","3","South Dakota","5/12/20","3","0","46067","0"
"Hyde","0","1","South Dakota","5/12/20","1","0","46069","0"
"Jerauld","0","6","South Dakota","5/12/20","6","0","46073","0"
"Lake","0","5","South Dakota","5/12/20","4","1","46079","25"
"Lawrence","0","9","South Dakota","5/12/20","9","0","46081","0"
"Lincoln","4","190","South Dakota","5/12/20","164","26","46083","15.85"
"Lyman","0","3","South Dakota","5/12/20","3","0","46085","0"
"Marshall","0","1","South Dakota","5/12/20","1","0","46091","0"
"McCook","0","5","South Dakota","5/12/20","4","1","46087","25"
"McPherson","0","1","South Dakota","5/12/20","1","0","46089","0"
"Meade","0","4","South Dakota","5/12/20","2","2","46093","100"
"Miner","0","1","South Dakota","5/12/20","1","0","46097","0"
"Minnehaha","112","2978","South Dakota","5/12/20","2195","783","46099","35.67"
"Moody","1","15","South Dakota","5/12/20","6","9","46101","150"
"Oglala Lakota","0","1","South Dakota","5/12/20","1","0","46102","0"
"Pennington","2","32","South Dakota","5/12/20","16","16","46103","100"
"Roberts","1","14","South Dakota","5/12/20","10","4","46109","40"
"Sanborn","0","3","South Dakota","5/12/20","3","0","46111","0"
"Spink","0","4","South Dakota","5/12/20","3","1","46115","33.33"
"Stanley","0","8","South Dakota","5/12/20","8","0","46117","0"
"Sully","0","1","South Dakota","5/12/20","1","0","46119","0"
"Todd","1","13","South Dakota","5/12/20","6","7","46121","116.67"
"Turner","0","18","South Dakota","5/12/20","17","1","46125","5.88"
"Union","1","56","South Dakota","5/12/20","46","10","46127","21.74"
"Walworth","0","5","South Dakota","5/12/20","5","0","46129","0"
"Yankton","0","31","South Dakota","5/12/20","28","3","46135","10.71"
"Ziebach","0","1","South Dakota","5/12/20","0","1","46137","1"
"Anderson","1","34","Tennessee","5/12/20","29","5","47001","17.24"
"Bedford","5","239","Tennessee","5/12/20","201","38","47003","18.91"
"Benton","0","6","Tennessee","5/12/20","6","0","47005","0"
"Bledsoe","0","604","Tennessee","5/12/20","601","3","47007","0.5"
"Blount","0","73","Tennessee","5/12/20","73","0","47009","0"
"Bradley","2","74","Tennessee","5/12/20","59","15","47011","25.42"
"Campbell","0","17","Tennessee","5/12/20","17","0","47013","0"
"Cannon","0","13","Tennessee","5/12/20","12","1","47015","8.33"
"Carroll","0","22","Tennessee","5/12/20","22","0","47017","0"
"Carter","0","18","Tennessee","5/12/20","16","2","47019","12.5"
"Cheatham","3","76","Tennessee","5/12/20","57","19","47021","33.33"
"Chester","0","12","Tennessee","5/12/20","10","2","47023","20"
"Claiborne","0","7","Tennessee","5/12/20","6","1","47025","16.67"
"Clay","0","6","Tennessee","5/12/20","5","1","47027","20"
"Cocke","0","19","Tennessee","5/12/20","19","0","47029","0"
"Coffee","1","54","Tennessee","5/12/20","45","9","47031","20"
"Crockett","0","12","Tennessee","5/12/20","9","3","47033","33.33"
"Cumberland","0","86","Tennessee","5/12/20","84","2","47035","2.38"
"Davidson","78","3580","Tennessee","5/12/20","3033","547","47037","18.03"
"Decatur","0","4","Tennessee","5/12/20","4","0","47039","0"
"DeKalb","0","28","Tennessee","5/12/20","25","3","47041","12"
"Dickson","1","88","Tennessee","5/12/20","84","4","47043","4.76"
"Dyer","0","43","Tennessee","5/12/20","40","3","47045","7.5"
"Fayette","2","82","Tennessee","5/12/20","69","13","47047","18.84"
"Fentress","0","6","Tennessee","5/12/20","5","1","47049","20"
"Franklin","1","41","Tennessee","5/12/20","36","5","47051","13.89"
"Gibson","1","57","Tennessee","5/12/20","53","4","47053","7.55"
"Giles","0","9","Tennessee","5/12/20","8","1","47055","12.5"
"Grainger","0","6","Tennessee","5/12/20","7","-1","47057","-14.29"
"Greene","0","46","Tennessee","5/12/20","43","3","47059","6.98"
"Grundy","0","30","Tennessee","5/12/20","28","2","47061","7.14"
"Hamblen","0","23","Tennessee","5/12/20","23","0","47063","0"
"Hamilton","11","258","Tennessee","5/12/20","184","74","47065","40.22"
"Hardeman","21","170","Tennessee","5/12/20","20","150","47069","750"
"Hardin","0","8","Tennessee","5/12/20","7","1","47071","14.29"
"Hawkins","0","32","Tennessee","5/12/20","31","1","47073","3.23"
"Haywood","0","28","Tennessee","5/12/20","27","1","47075","3.7"
"Henderson","0","10","Tennessee","5/12/20","10","0","47077","0"
"Henry","0","15","Tennessee","5/12/20","13","2","47079","15.38"
"Hickman","1","52","Tennessee","5/12/20","47","5","47081","10.64"
"Houston","0","6","Tennessee","5/12/20","6","0","47083","0"
"Humphreys","0","12","Tennessee","5/12/20","11","1","47085","9.09"
"Jackson","0","10","Tennessee","5/12/20","7","3","47087","42.86"
"Jefferson","0","26","Tennessee","5/12/20","27","-1","47089","-3.7"
"Johnson","1","11","Tennessee","5/12/20","5","6","47091","120"
"Knox","5","286","Tennessee","5/12/20","251","35","47093","13.94"
"Lake","6","99","Tennessee","5/12/20","58","41","47095","70.69"
"Lauderdale","2","40","Tennessee","5/12/20","25","15","47097","60"
"Lawrence","1","21","Tennessee","5/12/20","17","4","47099","23.53"
"Lewis","0","2","Tennessee","5/12/20","2","0","47101","0"
"Lincoln","0","16","Tennessee","5/12/20","16","0","47103","0"
"Loudon","1","44","Tennessee","5/12/20","39","5","47105","12.82"
"Macon","2","69","Tennessee","5/12/20","53","16","47111","30.19"
"Madison","2","157","Tennessee","5/12/20","140","17","47113","12.14"
"Marion","0","29","Tennessee","5/12/20","29","0","47115","0"
"Marshall","0","24","Tennessee","5/12/20","24","0","47117","0"
"Maury","1","57","Tennessee","5/12/20","49","8","47119","16.33"
"McMinn","2","122","Tennessee","5/12/20","106","16","47107","15.09"
"McNairy","0","11","Tennessee","5/12/20","11","0","47109","0"
"Meigs","2","22","Tennessee","5/12/20","10","12","47121","120"
"Monroe","0","33","Tennessee","5/12/20","32","1","47123","3.12"
"Montgomery","5","188","Tennessee","5/12/20","151","37","47125","24.5"
"Moore","0","3","Tennessee","5/12/20","3","0","47127","0"
"Morgan","1","12","Tennessee","5/12/20","6","6","47129","100"
"Obion","0","16","Tennessee","5/12/20","16","0","47131","0"
"Out of TN","6","395","Tennessee","5/12/20","356","39","80047","10.96"
"Overton","1","14","Tennessee","5/12/20","10","4","47133","40"
"Perry","0","13","Tennessee","5/12/20","12","1","47135","8.33"
"Pickett","0","1","Tennessee","5/12/20","0","1","47137","1"
"Polk","0","12","Tennessee","5/12/20","12","0","47139","0"
"Putnam","3","180","Tennessee","5/12/20","160","20","47141","12.5"
"Rhea","0","6","Tennessee","5/12/20","6","0","47143","0"
"Roane","0","8","Tennessee","5/12/20","8","0","47145","0"
"Robertson","8","244","Tennessee","5/12/20","185","59","47147","31.89"
"Rutherford","21","764","Tennessee","5/12/20","620","144","47149","23.23"
"Scott","0","11","Tennessee","5/12/20","12","-1","47151","-8.33"
"Sequatchie","0","6","Tennessee","5/12/20","5","1","47153","20"
"Sevier","1","65","Tennessee","5/12/20","60","5","47155","8.33"
"Shelby","75","3429","Tennessee","5/12/20","2901","528","47157","18.2"
"Smith","0","24","Tennessee","5/12/20","23","1","47159","4.35"
"Stewart","0","7","Tennessee","5/12/20","7","0","47161","0"
"Sullivan","-1","54","Tennessee","5/12/20","59","-5","47163","-8.47"
"Sumner","6","708","Tennessee","5/12/20","665","43","47165","6.47"
"Tipton","35","395","Tennessee","5/12/20","149","246","47167","165.1"
"Trousdale","2","1364","Tennessee","5/12/20","1352","12","47169","0.89"
"Unicoi","0","3","Tennessee","5/12/20","2","1","47171","50"
"Union","0","3","Tennessee","5/12/20","3","0","47173","0"
"Van Buren","0","2","Tennessee","5/12/20","2","0","47175","0"
"Warren","1","13","Tennessee","5/12/20","8","5","47177","62.5"
"Washington","1","65","Tennessee","5/12/20","58","7","47179","12.07"
"Wayne","0","3","Tennessee","5/12/20","4","-1","47181","-25"
"Weakley","0","24","Tennessee","5/12/20","25","-1","47183","-4"
"White","0","17","Tennessee","5/12/20","15","2","47185","13.33"
"Williamson","1","447","Tennessee","5/12/20","439","8","47187","1.82"
"Wilson","4","306","Tennessee","5/12/20","281","25","47189","8.9"
"Anderson","2","50","Texas","5/12/20","38","12","48001","31.58"
"Andrews","0","22","Texas","5/12/20","21","1","48003","4.76"
"Angelina","5","117","Texas","5/12/20","79","38","48005","48.1"
"Aransas","0","2","Texas","5/12/20","2","0","48007","0"
"Armstrong","0","2","Texas","5/12/20","2","0","48011","0"
"Atascosa","1","27","Texas","5/12/20","19","8","48013","42.11"
"Austin","0","15","Texas","5/12/20","13","2","48015","15.38"
"Bailey","0","3","Texas","5/12/20","1","2","48017","200"
"Bandera","0","6","Texas","5/12/20","6","0","48019","0"
"Bastrop","3","117","Texas","5/12/20","98","19","48021","19.39"
"Bee","0","6","Texas","5/12/20","6","0","48025","0"
"Bell","2","223","Texas","5/12/20","210","13","48027","6.19"
"Bexar","36","1901","Texas","5/12/20","1652","249","48029","15.07"
"Blanco","0","6","Texas","5/12/20","6","0","48031","0"
"Bosque","0","6","Texas","5/12/20","5","1","48035","20"
"Bowie","0","80","Texas","5/12/20","79","1","48037","1.27"
"Brazoria","15","673","Texas","5/12/20","566","107","48039","18.9"
"Brazos","10","278","Texas","5/12/20","209","69","48041","33.01"
"Brewster","0","1","Texas","5/12/20","1","0","48043","0"
"Briscoe","0","1","Texas","5/12/20","1","0","48045","0"
"Brooks","0","1","Texas","5/12/20","1","0","48047","0"
"Brown","0","38","Texas","5/12/20","38","0","48049","0"
"Burleson","0","16","Texas","5/12/20","14","2","48051","14.29"
"Burnet","1","28","Texas","5/12/20","24","4","48053","16.67"
"Caldwell","1","31","Texas","5/12/20","23","8","48055","34.78"
"Calhoun","0","36","Texas","5/12/20","34","2","48057","5.88"
"Callahan","1","6","Texas","5/12/20","2","4","48059","200"
"Cameron","12","527","Texas","5/12/20","443","84","48061","18.96"
"Camp","0","7","Texas","5/12/20","7","0","48063","0"
"Carson","0","3","Texas","5/12/20","3","0","48065","0"
"Cass","1","21","Texas","5/12/20","16","5","48067","31.25"
"Castro","1","23","Texas","5/12/20","18","5","48069","27.78"
"Chambers","1","50","Texas","5/12/20","45","5","48071","11.11"
"Cherokee","1","23","Texas","5/12/20","19","4","48073","21.05"
"Childress","0","2","Texas","5/12/20","1","1","48075","100"
"Clay","0","3","Texas","5/12/20","3","0","48077","0"
"Cochran","0","1","Texas","5/12/20","1","0","48079","0"
"Coke","0","1","Texas","5/12/20","1","0","48081","0"
"Coleman","0","2","Texas","5/12/20","1","1","48083","100"
"Collin","19","939","Texas","5/12/20","804","135","48085","16.79"
"Collingsworth","0","4","Texas","5/12/20","1","3","48087","300"
"Colorado","1","16","Texas","5/12/20","10","6","48089","60"
"Comal","1","65","Texas","5/12/20","58","7","48091","12.07"
"Comanche","0","3","Texas","5/12/20","3","0","48093","0"
"Concho","0","1","Texas","5/12/20","1","0","48095","0"
"Cooke","0","12","Texas","5/12/20","9","3","48097","33.33"
"Coryell","4","211","Texas","5/12/20","180","31","48099","17.22"
"Cottle","0","4","Texas","5/12/20","3","1","48101","33.33"
"Crane","0","2","Texas","5/12/20","2","0","48103","0"
"Crosby","0","2","Texas","5/12/20","2","0","48107","0"
"Dallam","1","16","Texas","5/12/20","12","4","48111","33.33"
"Dallas","214","6123","Texas","5/12/20","4623","1500","48113","32.45"
"Dawson","0","30","Texas","5/12/20","29","1","48115","3.45"
"Deaf Smith","4","67","Texas","5/12/20","38","29","48117","76.32"
"Delta","0","1","Texas","5/12/20","1","0","48119","0"
"Denton","20","946","Texas","5/12/20","806","140","48121","17.37"
"DeWitt","0","17","Texas","5/12/20","15","2","48123","13.33"
"Dickens","0","1","Texas","5/12/20","1","0","48125","0"
"Dimmit","0","1","Texas","5/12/20","1","0","48127","0"
"Donley","0","25","Texas","5/12/20","25","0","48129","0"
"Duval","0","5","Texas","5/12/20","3","2","48131","66.67"
"Eastland","0","3","Texas","5/12/20","3","0","48133","0"
"Ector","2","100","Texas","5/12/20","84","16","48135","19.05"
"El Paso","46","1348","Texas","5/12/20","1029","319","48141","31"
"Ellis","6","216","Texas","5/12/20","176","40","48139","22.73"
"Erath","0","14","Texas","5/12/20","12","2","48143","16.67"
"Falls","0","6","Texas","5/12/20","6","0","48145","0"
"Fannin","0","23","Texas","5/12/20","20","3","48147","15"
"Fayette","1","26","Texas","5/12/20","17","9","48149","52.94"
"Floyd","0","4","Texas","5/12/20","4","0","48153","0"
"Fort Bend","31","1404","Texas","5/12/20","1187","217","48157","18.28"
"Franklin","0","3","Texas","5/12/20","2","1","48159","50"
"Freestone","0","7","Texas","5/12/20","7","0","48161","0"
"Frio","3","34","Texas","5/12/20","10","24","48163","240"
"Gaines","0","4","Texas","5/12/20","3","1","48165","33.33"
"Galveston","5","686","Texas","5/12/20","648","38","48167","5.86"
"Garza","0","4","Texas","5/12/20","3","1","48169","33.33"
"Gillespie","0","4","Texas","5/12/20","4","0","48171","0"
"Glasscock","0","1","Texas","5/12/20","1","0","48173","0"
"Goliad","0","7","Texas","5/12/20","7","0","48175","0"
"Gonzales","4","59","Texas","5/12/20","31","28","48177","90.32"
"Gray","1","76","Texas","5/12/20","68","8","48179","11.76"
"Grayson","7","105","Texas","5/12/20","53","52","48181","98.11"
"Gregg","5","132","Texas","5/12/20","97","35","48183","36.08"
"Grimes","3","42","Texas","5/12/20","22","20","48185","90.91"
"Guadalupe","2","99","Texas","5/12/20","87","12","48187","13.79"
"Hale","1","39","Texas","5/12/20","29","10","48189","34.48"
"Hamilton","0","7","Texas","5/12/20","5","2","48193","40"
"Hansford","0","13","Texas","5/12/20","11","2","48195","18.18"
"Hardin","0","115","Texas","5/12/20","112","3","48199","2.68"
"Harris","184","8416","Texas","5/12/20","7128","1288","48201","18.07"
"Harrison","6","189","Texas","5/12/20","149","40","48203","26.85"
"Hartley","0","9","Texas","5/12/20","7","2","48205","28.57"
"Hays","4","203","Texas","5/12/20","176","27","48209","15.34"
"Hemphill","0","1","Texas","5/12/20","1","0","48211","0"
"Henderson","2","46","Texas","5/12/20","32","14","48213","43.75"
"Hidalgo","6","394","Texas","5/12/20","353","41","48215","11.61"
"Hill","0","21","Texas","5/12/20","18","3","48217","16.67"
"Hockley","0","20","Texas","5/12/20","20","0","48219","0"
"Hood","0","22","Texas","5/12/20","20","2","48221","10"
"Hopkins","0","8","Texas","5/12/20","6","2","48223","33.33"
"Houston","1","14","Texas","5/12/20","8","6","48225","75"
"Howard","0","6","Texas","5/12/20","5","1","48227","20"
"Hunt","1","58","Texas","5/12/20","52","6","48231","11.54"
"Hutchinson","0","22","Texas","5/12/20","19","3","48233","15.79"
"Jack","0","4","Texas","5/12/20","4","0","48237","0"
"Jackson","0","15","Texas","5/12/20","14","1","48239","7.14"
"Jasper","0","19","Texas","5/12/20","18","1","48241","5.56"
"Jefferson","7","385","Texas","5/12/20","333","52","48245","15.62"
"Jim Hogg","0","3","Texas","5/12/20","3","0","48247","0"
"Jim Wells","0","7","Texas","5/12/20","5","2","48249","40"
"Johnson","3","107","Texas","5/12/20","87","20","48251","22.99"
"Jones","3","96","Texas","5/12/20","78","18","48253","23.08"
"Karnes","0","3","Texas","5/12/20","3","0","48255","0"
"Kaufman","4","127","Texas","5/12/20","96","31","48257","32.29"
"Kendall","0","20","Texas","5/12/20","17","3","48259","17.65"
"Kerr","1","9","Texas","5/12/20","5","4","48265","80"
"Kimble","0","1","Texas","5/12/20","0","1","48267","1"
"Kleberg","0","11","Texas","5/12/20","10","1","48273","10"
"Knox","0","1","Texas","5/12/20","1","0","48275","0"
"La Salle","0","2","Texas","5/12/20","1","1","48283","100"
"Lamar","4","96","Texas","5/12/20","69","27","48277","39.13"
"Lamb","1","8","Texas","5/12/20","4","4","48279","100"
"Lampasas","0","8","Texas","5/12/20","5","3","48281","60"
"Lavaca","0","6","Texas","5/12/20","6","0","48285","0"
"Lee","1","6","Texas","5/12/20","2","4","48287","200"
"Leon","0","9","Texas","5/12/20","7","2","48289","28.57"
"Liberty","3","70","Texas","5/12/20","46","24","48291","52.17"
"Limestone","0","15","Texas","5/12/20","13","2","48293","15.38"
"Lipscomb","0","2","Texas","5/12/20","2","0","48295","0"
"Live Oak","0","5","Texas","5/12/20","5","0","48297","0"
"Llano","0","3","Texas","5/12/20","3","0","48299","0"
"Lubbock","5","598","Texas","5/12/20","560","38","48303","6.79"
"Lynn","0","5","Texas","5/12/20","5","0","48305","0"
"Madison","0","3","Texas","5/12/20","1","2","48313","200"
"Marion","0","15","Texas","5/12/20","15","0","48315","0"
"Martin","0","3","Texas","5/12/20","3","0","48317","0"
"Mason","0","28","Texas","5/12/20","26","2","48319","7.69"
"Matagorda","0","64","Texas","5/12/20","64","0","48321","0"
"Maverick","3","45","Texas","5/12/20","26","19","48323","73.08"
"McCulloch","0","3","Texas","5/12/20","3","0","48307","0"
"McLennan","0","94","Texas","5/12/20","91","3","48309","3.3"
"Medina","3","38","Texas","5/12/20","20","18","48325","90"
"Midland","2","107","Texas","5/12/20","90","17","48329","18.89"
"Milam","0","20","Texas","5/12/20","18","2","48331","11.11"
"Mills","0","1","Texas","5/12/20","0","1","48333","1"
"Mitchell","0","1","Texas","5/12/20","1","0","48335","0"
"Montague","0","9","Texas","5/12/20","8","1","48337","12.5"
"Montgomery","11","742","Texas","5/12/20","662","80","48339","12.08"
"Moore","14","535","Texas","5/12/20","434","101","48341","23.27"
"Morris","0","9","Texas","5/12/20","9","0","48343","0"
"Motley","0","1","Texas","5/12/20","1","0","48345","0"
"Nacogdoches","5","221","Texas","5/12/20","187","34","48347","18.18"
"Navarro","1","36","Texas","5/12/20","31","5","48349","16.13"
"Newton","0","4","Texas","5/12/20","2","2","48351","100"
"Nolan","0","2","Texas","5/12/20","2","0","48353","0"
"Nueces","5","147","Texas","5/12/20","113","34","48355","30.09"
"Ochiltree","1","29","Texas","5/12/20","25","4","48357","16"
"Oldham","0","3","Texas","5/12/20","3","0","48359","0"
"Orange","1","85","Texas","5/12/20","77","8","48361","10.39"
"Palo Pinto","0","9","Texas","5/12/20","8","1","48363","12.5"
"Panola","4","162","Texas","5/12/20","135","27","48365","20"
"Parker","1","45","Texas","5/12/20","40","5","48367","12.5"
"Parmer","1","21","Texas","5/12/20","13","8","48369","61.54"
"Pecos","1","19","Texas","5/12/20","13","6","48371","46.15"
"Polk","1","40","Texas","5/12/20","30","10","48373","33.33"
"Potter","43","1179","Texas","5/12/20","876","303","48375","34.59"
"Rains","0","2","Texas","5/12/20","2","0","48379","0"
"Randall","12","379","Texas","5/12/20","296","83","48381","28.04"
"Red River","4","27","Texas","5/12/20","1","26","48387","2600"
"Reeves","0","7","Texas","5/12/20","5","2","48389","40"
"Refugio","0","2","Texas","5/12/20","1","1","48391","100"
"Roberts","0","2","Texas","5/12/20","2","0","48393","0"
"Robertson","0","5","Texas","5/12/20","4","1","48395","25"
"Rockwall","3","113","Texas","5/12/20","91","22","48397","24.18"
"Runnels","0","2","Texas","5/12/20","2","0","48399","0"
"Rusk","0","40","Texas","5/12/20","38","2","48401","5.26"
"Sabine","0","3","Texas","5/12/20","1","2","48403","200"
"San Augustine","0","22","Texas","5/12/20","19","3","48405","15.79"
"San Jacinto","0","11","Texas","5/12/20","10","1","48407","10"
"San Patricio","1","22","Texas","5/12/20","13","9","48409","69.23"
"Scurry","0","2","Texas","5/12/20","2","0","48415","0"
"Shackelford","0","1","Texas","5/12/20","0","1","48417","1"
"Shelby","4","158","Texas","5/12/20","129","29","48419","22.48"
"Sherman","1","23","Texas","5/12/20","18","5","48421","27.78"
"Smith","3","177","Texas","5/12/20","155","22","48423","14.19"
"Starr","1","14","Texas","5/12/20","10","4","48427","40"
"Stephens","0","1","Texas","5/12/20","1","0","48429","0"
"Swisher","0","13","Texas","5/12/20","10","3","48437","30"
"Tarrant","160","3745","Texas","5/12/20","2624","1121","48439","42.72"
"Taylor","-21","210","Texas","5/12/20","356","-146","48441","-41.01"
"Terry","0","12","Texas","5/12/20","12","0","48445","0"
"Titus","2","37","Texas","5/12/20","21","16","48449","76.19"
"Tom Green","1","84","Texas","5/12/20","79","5","48451","6.33"
"Travis","51","2235","Texas","5/12/20","1876","359","48453","19.14"
"Trinity","0","11","Texas","5/12/20","9","2","48455","22.22"
"Tyler","0","7","Texas","5/12/20","7","0","48457","0"
"Upshur","0","17","Texas","5/12/20","15","2","48459","13.33"
"Uvalde","0","6","Texas","5/12/20","6","0","48463","0"
"Val Verde","0","13","Texas","5/12/20","13","0","48465","0"
"Van Zandt","0","18","Texas","5/12/20","16","2","48467","12.5"
"Victoria","1","150","Texas","5/12/20","143","7","48469","4.9"
"Walker","6","342","Texas","5/12/20","298","44","48471","14.77"
"Waller","1","39","Texas","5/12/20","33","6","48473","18.18"
"Washington","3","170","Texas","5/12/20","147","23","48477","15.65"
"Webb","7","444","Texas","5/12/20","396","48","48479","12.12"
"Wharton","0","42","Texas","5/12/20","40","2","48481","5"
"Wheeler","0","14","Texas","5/12/20","11","3","48483","27.27"
"Wichita","1","75","Texas","5/12/20","68","7","48485","10.29"
"Wilbarger","0","2","Texas","5/12/20","1","1","48487","100"
"Willacy","0","14","Texas","5/12/20","13","1","48489","7.69"
"Williamson","9","397","Texas","5/12/20","333","64","48491","19.22"
"Wilson","0","36","Texas","5/12/20","34","2","48493","5.88"
"Winkler","0","3","Texas","5/12/20","3","0","48495","0"
"Wise","1","31","Texas","5/12/20","27","4","48497","14.81"
"Wood","1","15","Texas","5/12/20","11","4","48499","36.36"
"Yoakum","0","2","Texas","5/12/20","2","0","48501","0"
"Young","0","4","Texas","5/12/20","4","0","48503","0"
"Zapata","0","7","Texas","5/12/20","7","0","48505","0"
"Zavala","1","7","Texas","5/12/20","1","6","48507","600"
"Bear River","3","80","Utah","5/12/20","62","18","00000","29.03"
"Central Utah","0","28","Utah","5/12/20","25","3","00000","12"
"Davis","5","340","Utah","5/12/20","302","38","49011","12.58"
"Salt Lake","83","3414","Utah","5/12/20","2832","582","49035","20.55"
"San Juan","5","152","Utah","5/12/20","119","33","49037","27.73"
"Southeast Utah","0","13","Utah","5/12/20","12","1","00000","8.33"
"Southwest Utah","7","167","Utah","5/12/20","121","46","00000","38.02"
"Summit","1","388","Utah","5/12/20","382","6","49043","1.57"
"Tooele","1","78","Utah","5/12/20","70","8","49045","11.43"
"TriCounty","0","16","Utah","5/12/20","14","2","00000","14.29"
"Utah","28","1365","Utah","5/12/20","1171","194","49049","16.57"
"Wasatch","3","184","Utah","5/12/20","166","18","49051","10.84"
"Weber-Morgan","5","207","Utah","5/12/20","173","34","00000","19.65"
"Addison","0","62","Vermont","5/12/20","61","1","50001","1.64"
"Bennington","1","60","Vermont","5/12/20","54","6","50003","11.11"
"Caledonia","0","14","Vermont","5/12/20","14","0","50005","0"
"Chittenden","1","432","Vermont","5/12/20","425","7","50007","1.65"
"Essex","0","2","Vermont","5/12/20","2","0","50009","0"
"Franklin","0","99","Vermont","5/12/20","99","0","50011","0"
"Grand Isle","0","4","Vermont","5/12/20","4","0","50013","0"
"Lamoille","0","26","Vermont","5/12/20","26","0","50015","0"
"Orange","0","8","Vermont","5/12/20","8","0","50017","0"
"Orleans","0","9","Vermont","5/12/20","9","0","50019","0"
"Rutland","0","49","Vermont","5/12/20","50","-1","50021","-2"
"Washington","0","38","Vermont","5/12/20","35","3","50023","8.57"
"Windham","0","75","Vermont","5/12/20","73","2","50025","2.74"
"Windsor","0","45","Vermont","5/12/20","43","2","50027","4.65"
"","0","69","Virgin Islands","5/12/20","66","3",,"4.55"
"Accomack","14","530","Virginia","5/12/20","429","101","51001","23.54"
"Albemarle","2","124","Virginia","5/12/20","110","14","51003","12.73"
"Alexandria","37","1240","Virginia","5/12/20","983","257","51510","26.14"
"Alleghany","0","6","Virginia","5/12/20","6","0","51005","0"
"Amelia","0","17","Virginia","5/12/20","18","-1","51007","-5.56"
"Amherst","0","17","Virginia","5/12/20","15","2","51009","13.33"
"Appomattox","0","22","Virginia","5/12/20","21","1","51011","4.76"
"Arlington","35","1416","Virginia","5/12/20","1169","247","51013","21.13"
"Augusta","2","64","Virginia","5/12/20","47","17","51015","36.17"
"Bedford","0","38","Virginia","5/12/20","36","2","51019","5.56"
"Botetourt","0","30","Virginia","5/12/20","29","1","51023","3.45"
"Bristol","0","3","Virginia","5/12/20","2","1","51520","50"
"Brunswick","1","20","Virginia","5/12/20","15","5","51025","33.33"
"Buchanan","0","16","Virginia","5/12/20","16","0","51027","0"
"Buckingham","19","301","Virginia","5/12/20","171","130","51029","76.02"
"Buena Vista","0","8","Virginia","5/12/20","6","2","51530","33.33"
"Campbell","0","13","Virginia","5/12/20","13","0","51031","0"
"Caroline","1","38","Virginia","5/12/20","34","4","51033","11.76"
"Carroll","2","34","Virginia","5/12/20","19","15","51035","78.95"
"Charles City","1","21","Virginia","5/12/20","17","4","51036","23.53"
"Charlotte","0","11","Virginia","5/12/20","11","0","51037","0"
"Charlottesville","1","68","Virginia","5/12/20","64","4","51540","6.25"
"Chesapeake","7","343","Virginia","5/12/20","293","50","51550","17.06"
"Chesterfield","27","837","Virginia","5/12/20","646","191","51041","29.57"
"Clarke","1","16","Virginia","5/12/20","12","4","51043","33.33"
"Colonial Heights","1","67","Virginia","5/12/20","58","9","51570","15.52"
"Covington","0","1","Virginia","5/12/20","1","0","51580","0"
"Craig","0","4","Virginia","5/12/20","4","0","51045","0"
"Culpeper","13","291","Virginia","5/12/20","201","90","51047","44.78"
"Cumberland","1","16","Virginia","5/12/20","12","4","51049","33.33"
"Danville","1","41","Virginia","5/12/20","37","4","51590","10.81"
"Dinwiddie","1","30","Virginia","5/12/20","25","5","51053","20"
"Emporia","0","49","Virginia","5/12/20","46","3","51595","6.52"
"Essex","1","26","Virginia","5/12/20","17","9","51057","52.94"
"Fairfax","234","6470","Virginia","5/12/20","4834","1636","51059","33.84"
"Fairfax City","1","40","Virginia","5/12/20","33","7","51600","21.21"
"Falls Church","0","37","Virginia","5/12/20","36","1","51610","2.78"
"Fauquier","5","180","Virginia","5/12/20","147","33","51061","22.45"
"Floyd","0","3","Virginia","5/12/20","3","0","51063","0"
"Fluvanna","0","78","Virginia","5/12/20","76","2","51065","2.63"
"Franklin","1","28","Virginia","5/12/20","23","5","51067","21.74"
"Franklin City","0","26","Virginia","5/12/20","23","3","51620","13.04"
"Frederick","6","175","Virginia","5/12/20","132","43","51069","32.58"
"Fredericksburg","3","66","Virginia","5/12/20","45","21","51630","46.67"
"Galax","4","56","Virginia","5/12/20","25","31","51640","124"
"Giles","1","8","Virginia","5/12/20","4","4","51071","100"
"Gloucester","0","27","Virginia","5/12/20","26","1","51073","3.85"
"Goochland","0","82","Virginia","5/12/20","80","2","51075","2.5"
"Grayson","2","16","Virginia","5/12/20","5","11","51077","220"
"Greene","0","16","Virginia","5/12/20","13","3","51079","23.08"
"Greensville","1","48","Virginia","5/12/20","41","7","51081","17.07"
"Halifax","1","24","Virginia","5/12/20","18","6","51083","33.33"
"Hampton","3","147","Virginia","5/12/20","128","19","51650","14.84"
"Hanover","4","174","Virginia","5/12/20","145","29","51085","20"
"Harrisonburg","8","584","Virginia","5/12/20","525","59","51660","11.24"
"Henrico","17","1106","Virginia","5/12/20","985","121","51087","12.28"
"Henry","1","27","Virginia","5/12/20","19","8","51089","42.11"
"Highland","0","2","Virginia","5/12/20","2","0","51091","0"
"Hopewell","2","44","Virginia","5/12/20","31","13","51670","41.94"
"Isle of Wight","2","113","Virginia","5/12/20","100","13","51093","13"
"James City","1","174","Virginia","5/12/20","166","8","51095","4.82"
"King and Queen","0","6","Virginia","5/12/20","3","3","51097","100"
"King George","1","44","Virginia","5/12/20","36","8","51099","22.22"
"King William","0","12","Virginia","5/12/20","10","2","51101","20"
"Lancaster","0","7","Virginia","5/12/20","5","2","51103","40"
"Lee","0","10","Virginia","5/12/20","10","0","51105","0"
"Lexington","0","5","Virginia","5/12/20","5","0","51678","0"
"Loudoun","30","1210","Virginia","5/12/20","998","212","51107","21.24"
"Louisa","1","56","Virginia","5/12/20","50","6","51109","12"
"Lunenburg","0","6","Virginia","5/12/20","4","2","51111","50"
"Lynchburg","1","70","Virginia","5/12/20","65","5","51680","7.69"
"Madison","1","21","Virginia","5/12/20","17","4","51113","23.53"
"Manassas","20","430","Virginia","5/12/20","289","141","51683","48.79"
"Manassas Park","6","139","Virginia","5/12/20","96","43","51685","44.79"
"Martinsville","0","2","Virginia","5/12/20","2","0","51690","0"
"Mathews","0","5","Virginia","5/12/20","4","1","51115","25"
"Mecklenburg","5","138","Virginia","5/12/20","106","32","51117","30.19"
"Middlesex","0","10","Virginia","5/12/20","7","3","51119","42.86"
"Montgomery","1","66","Virginia","5/12/20","61","5","51121","8.2"
"Nelson","0","12","Virginia","5/12/20","9","3","51125","33.33"
"New Kent","0","26","Virginia","5/12/20","26","0","51127","0"
"Newport News","5","166","Virginia","5/12/20","133","33","51700","24.81"
"Norfolk","10","319","Virginia","5/12/20","251","68","51710","27.09"
"Northampton","4","171","Virginia","5/12/20","140","31","51131","22.14"
"Northumberland","0","10","Virginia","5/12/20","9","1","51133","11.11"
"Norton","0","2","Virginia","5/12/20","2","0","51720","0"
"Nottoway","0","14","Virginia","5/12/20","14","0","51135","0"
"Orange","1","48","Virginia","5/12/20","41","7","51137","17.07"
"Page","2","129","Virginia","5/12/20","113","16","51139","14.16"
"Patrick","0","5","Virginia","5/12/20","2","3","51141","150"
"Petersburg","2","53","Virginia","5/12/20","40","13","51730","32.5"
"Pittsylvania","0","17","Virginia","5/12/20","16","1","51143","6.25"
"Poquoson","0","7","Virginia","5/12/20","7","0","51735","0"
"Portsmouth","3","210","Virginia","5/12/20","187","23","51740","12.3"
"Powhatan","1","21","Virginia","5/12/20","15","6","51145","40"
"Prince Edward","1","68","Virginia","5/12/20","58","10","51147","17.24"
"Prince George","1","45","Virginia","5/12/20","40","5","51149","12.5"
"Prince William","122","3078","Virginia","5/12/20","2223","855","51153","38.46"
"Pulaski","0","9","Virginia","5/12/20","9","0","51155","0"
"Radford","0","3","Virginia","5/12/20","3","0","51750","0"
"Rappahannock","1","10","Virginia","5/12/20","6","4","51157","66.67"
"Richmond","8","200","Virginia","5/12/20","143","57","51159","39.86"
"Richmond City","18","565","Virginia","5/12/20","438","127","51760","29"
"Roanoke","3","79","Virginia","5/12/20","57","22","51161","38.6"
"Roanoke City","4","108","Virginia","5/12/20","82","26","51770","31.71"
"Rockbridge","0","9","Virginia","5/12/20","8","1","51163","12.5"
"Rockingham","12","364","Virginia","5/12/20","282","82","51165","29.08"
"Russell","0","6","Virginia","5/12/20","5","1","51167","20"
"Salem","0","32","Virginia","5/12/20","31","1","51775","3.23"
"Scott","0","7","Virginia","5/12/20","7","0","51169","0"
"Shenandoah","14","260","Virginia","5/12/20","165","95","51171","57.58"
"Smyth","0","13","Virginia","5/12/20","13","0","51173","0"
"Southampton","0","131","Virginia","5/12/20","128","3","51175","2.34"
"Spotsylvania","8","261","Virginia","5/12/20","206","55","51177","26.7"
"Stafford","13","396","Virginia","5/12/20","308","88","51179","28.57"
"Staunton","1","18","Virginia","5/12/20","13","5","51790","38.46"
"Suffolk","2","219","Virginia","5/12/20","205","14","51800","6.83"
"Surry","0","6","Virginia","5/12/20","4","2","51181","50"
"Sussex","1","38","Virginia","5/12/20","32","6","51183","18.75"
"Tazewell","0","7","Virginia","5/12/20","6","1","51185","16.67"
"Virginia Beach","9","509","Virginia","5/12/20","445","64","51810","14.38"
"Warren","3","87","Virginia","5/12/20","68","19","51187","27.94"
"Washington","1","48","Virginia","5/12/20","40","8","51191","20"
"Waynesboro","1","21","Virginia","5/12/20","16","5","51820","31.25"
"Westmoreland","2","41","Virginia","5/12/20","30","11","51193","36.67"
"Williamsburg","2","42","Virginia","5/12/20","27","15","51830","55.56"
"Winchester","2","69","Virginia","5/12/20","56","13","51840","23.21"
"Wise","0","22","Virginia","5/12/20","22","0","51195","0"
"Wythe","0","14","Virginia","5/12/20","12","2","51197","16.67"
"York","2","59","Virginia","5/12/20","48","11","51199","22.92"
"Adams","0","50","Washington","5/12/20","48","2","53001","4.17"
"Asotin","0","18","Washington","5/12/20","18","0","53003","0"
"Benton","7","588","Washington","5/12/20","537","51","53005","9.5"
"Chelan","4","150","Washington","5/12/20","125","25","53007","20"
"Clallam","0","19","Washington","5/12/20","19","0","53009","0"
"Clark","4","362","Washington","5/12/20","337","25","53011","7.42"
"Columbia","0","1","Washington","5/12/20","1","0","53013","0"
"Cowlitz","1","66","Washington","5/12/20","60","6","53015","10"
"Douglas","4","114","Washington","5/12/20","84","30","53017","35.71"
"Ferry","0","1","Washington","5/12/20","1","0","53019","0"
"Franklin","6","422","Washington","5/12/20","379","43","53021","11.35"
"Grant","0","183","Washington","5/12/20","180","3","53025","1.67"
"Grays Harbor","0","13","Washington","5/12/20","12","1","53027","8.33"
"Island","1","174","Washington","5/12/20","168","6","53029","3.57"
"Jefferson","0","29","Washington","5/12/20","28","1","53031","3.57"
"King","74","7137","Washington","5/12/20","6621","516","53033","7.79"
"Kitsap","1","156","Washington","5/12/20","150","6","53035","4"
"Kittitas","4","40","Washington","5/12/20","14","26","53037","185.71"
"Klickitat","1","21","Washington","5/12/20","17","4","53039","23.53"
"Lewis","0","32","Washington","5/12/20","29","3","53041","10.34"
"Lincoln","0","2","Washington","5/12/20","2","0","53043","0"
"Mason","0","29","Washington","5/12/20","26","3","53045","11.54"
"Okanogan","1","30","Washington","5/12/20","21","9","53047","42.86"
"Pacific","1","9","Washington","5/12/20","4","5","53049","125"
"Pend Oreille","0","2","Washington","5/12/20","2","0","53051","0"
"Pierce","23","1593","Washington","5/12/20","1433","160","53053","11.17"
"San Juan","0","15","Washington","5/12/20","14","1","53055","7.14"
"Skagit","6","406","Washington","5/12/20","364","42","53057","11.54"
"Skamania","0","3","Washington","5/12/20","3","0","53059","0"
"Snohomish","23","2711","Washington","5/12/20","2549","162","53061","6.36"
"Spokane","2","385","Washington","5/12/20","373","12","53063","3.22"
"Stevens","0","9","Washington","5/12/20","9","0","53065","0"
"Thurston","1","122","Washington","5/12/20","113","9","53067","7.96"
"Wahkiakum","0","4","Washington","5/12/20","2","2","53069","100"
"Walla Walla","2","106","Washington","5/12/20","93","13","53071","13.98"
"Whatcom","3","340","Washington","5/12/20","318","22","53073","6.92"
"Whitman","0","15","Washington","5/12/20","14","1","53075","7.14"
"Yakima","75","1916","Washington","5/12/20","1389","527","53077","37.94"
"Barbour","0","7","West Virginia","5/12/20","6","1","54001","16.67"
"Berkeley","4","191","West Virginia","5/12/20","166","25","54003","15.06"
"Boone","0","9","West Virginia","5/12/20","6","3","54005","50"
"Braxton","0","2","West Virginia","5/12/20","2","0","54007","0"
"Brooke","0","3","West Virginia","5/12/20","3","0","54009","0"
"Cabell","1","53","West Virginia","5/12/20","44","9","54011","20.45"
"Clay","0","2","West Virginia","5/12/20","0","2","54015","1"
"Fayette","2","34","West Virginia","5/12/20","20","14","54019","70"
"Gilmer","1","8","West Virginia","5/12/20","3","5","54021","166.67"
"Grant","0","3","West Virginia","5/12/20","3","0","54023","0"
"Greenbrier","0","8","West Virginia","5/12/20","7","1","54025","14.29"
"Hampshire","0","10","West Virginia","5/12/20","8","2","54027","25"
"Hancock","0","12","West Virginia","5/12/20","11","1","54029","9.09"
"Hardy","1","17","West Virginia","5/12/20","9","8","54031","88.89"
"Harrison","0","34","West Virginia","5/12/20","31","3","54033","9.68"
"Jackson","0","136","West Virginia","5/12/20","135","1","54035","0.74"
"Jefferson","1","88","West Virginia","5/12/20","83","5","54037","6.02"
"Kanawha","2","186","West Virginia","5/12/20","170","16","54039","9.41"
"Lewis","0","4","West Virginia","5/12/20","4","0","54041","0"
"Lincoln","0","5","West Virginia","5/12/20","2","3","54043","150"
"Logan","0","14","West Virginia","5/12/20","14","0","54045","0"
"Marion","0","46","West Virginia","5/12/20","46","0","54049","0"
"Marshall","0","22","West Virginia","5/12/20","19","3","54051","15.79"
"Mason","0","14","West Virginia","5/12/20","12","2","54053","16.67"
"McDowell","0","6","West Virginia","5/12/20","6","0","54047","0"
"Mercer","0","12","West Virginia","5/12/20","11","1","54055","9.09"
"Mineral","1","23","West Virginia","5/12/20","18","5","54057","27.78"
"Mingo","0","3","West Virginia","5/12/20","2","1","54059","50"
"Monongalia","1","114","West Virginia","5/12/20","108","6","54061","5.56"
"Monroe","0","6","West Virginia","5/12/20","6","0","54063","0"
"Morgan","0","17","West Virginia","5/12/20","14","3","54065","21.43"
"Nicholas","0","8","West Virginia","5/12/20","8","0","54067","0"
"Ohio","0","37","West Virginia","5/12/20","34","3","54069","8.82"
"Pendleton","0","5","West Virginia","5/12/20","5","0","54071","0"
"Pleasants","0","2","West Virginia","5/12/20","2","0","54073","0"
"Pocahontas","0","2","West Virginia","5/12/20","2","0","54075","0"
"Preston","0","14","West Virginia","5/12/20","13","1","54077","7.69"
"Putnam","0","28","West Virginia","5/12/20","29","-1","54079","-3.45"
"Raleigh","0","10","West Virginia","5/12/20","10","0","54081","0"
"Randolph","0","5","West Virginia","5/12/20","5","0","54083","0"
"Ritchie","0","1","West Virginia","5/12/20","1","0","54085","0"
"Roane","0","8","West Virginia","5/12/20","6","2","54087","33.33"
"Summers","0","1","West Virginia","5/12/20","1","0","54089","0"
"Taylor","0","8","West Virginia","5/12/20","9","-1","54091","-11.11"
"Tucker","0","4","West Virginia","5/12/20","4","0","54093","0"
"Tyler","0","3","West Virginia","5/12/20","3","0","54095","0"
"Upshur","0","6","West Virginia","5/12/20","5","1","54097","20"
"Wayne","0","93","West Virginia","5/12/20","91","2","54099","2.2"
"Wetzel","0","6","West Virginia","5/12/20","3","3","54103","100"
"Wirt","0","3","West Virginia","5/12/20","3","0","54105","0"
"Wood","0","44","West Virginia","5/12/20","42","2","54107","4.76"
"Wyoming","0","1","West Virginia","5/12/20","1","0","54109","0"
"Adams","0","4","Wisconsin","5/12/20","4","0","55001","0"
"Ashland","0","2","Wisconsin","5/12/20","2","0","55003","0"
"Barron","1","11","Wisconsin","5/12/20","7","4","55005","57.14"
"Bayfield","0","3","Wisconsin","5/12/20","3","0","55007","0"
"Brown","59","1958","Wisconsin","5/12/20","1545","413","55009","26.73"
"Buffalo","0","5","Wisconsin","5/12/20","6","-1","55011","-16.67"
"Calumet","3","43","Wisconsin","5/12/20","20","23","55015","115"
"Chippewa","1","31","Wisconsin","5/12/20","25","6","55017","24"
"Clark","0","24","Wisconsin","5/12/20","21","3","55019","14.29"
"Columbia","0","34","Wisconsin","5/12/20","32","2","55021","6.25"
"Crawford","1","17","Wisconsin","5/12/20","7","10","55023","142.86"
"Dane","5","477","Wisconsin","5/12/20","443","34","55025","7.67"
"Dodge","5","75","Wisconsin","5/12/20","40","35","55027","87.5"
"Door","1","22","Wisconsin","5/12/20","18","4","55029","22.22"
"Douglas","0","11","Wisconsin","5/12/20","9","2","55031","22.22"
"Dunn","0","14","Wisconsin","5/12/20","13","1","55033","7.69"
"Eau Claire","3","60","Wisconsin","5/12/20","42","18","55035","42.86"
"Florence","0","2","Wisconsin","5/12/20","2","0","55037","0"
"Fond du Lac","4","108","Wisconsin","5/12/20","77","31","55039","40.26"
"Forest","1","4","Wisconsin","5/12/20","0","4","55041","1"
"Grant","2","69","Wisconsin","5/12/20","55","14","55043","25.45"
"Green","2","34","Wisconsin","5/12/20","20","14","55045","70"
"Green Lake","0","8","Wisconsin","5/12/20","5","3","55047","60"
"Iowa","0","10","Wisconsin","5/12/20","7","3","55049","42.86"
"Iron","0","2","Wisconsin","5/12/20","2","0","55051","0"
"Jackson","0","14","Wisconsin","5/12/20","12","2","55053","16.67"
"Jefferson","1","52","Wisconsin","5/12/20","46","6","55055","13.04"
"Juneau","0","21","Wisconsin","5/12/20","18","3","55057","16.67"
"Kenosha","21","716","Wisconsin","5/12/20","571","145","55059","25.39"
"Kewaunee","1","29","Wisconsin","5/12/20","22","7","55061","31.82"
"La Crosse","0","34","Wisconsin","5/12/20","32","2","55063","6.25"
"Lafayette","1","13","Wisconsin","5/12/20","6","7","55065","116.67"
"Lincoln","0","1","Wisconsin","5/12/20","1","0","55069","0"
"Manitowoc","1","20","Wisconsin","5/12/20","16","4","55071","25"
"Marathon","1","25","Wisconsin","5/12/20","21","4","55073","19.05"
"Marinette","1","21","Wisconsin","5/12/20","11","10","55075","90.91"
"Marquette","0","3","Wisconsin","5/12/20","3","0","55077","0"
"Menominee","0","2","Wisconsin","5/12/20","1","1","55078","100"
"Milwaukee","102","4069","Wisconsin","5/12/20","3353","716","55079","21.35"
"Monroe","0","15","Wisconsin","5/12/20","14","1","55081","7.14"
"Oconto","1","28","Wisconsin","5/12/20","20","8","55083","40"
"Oneida","0","7","Wisconsin","5/12/20","6","1","55085","16.67"
"Outagamie","6","117","Wisconsin","5/12/20","77","40","55087","51.95"
"Ozaukee","2","107","Wisconsin","5/12/20","95","12","55089","12.63"
"Pierce","0","14","Wisconsin","5/12/20","11","3","55093","27.27"
"Polk","0","5","Wisconsin","5/12/20","4","1","55095","25"
"Portage","0","7","Wisconsin","5/12/20","7","0","55097","0"
"Price","0","1","Wisconsin","5/12/20","1","0","55099","0"
"Racine","33","763","Wisconsin","5/12/20","535","228","55101","42.62"
"Richland","0","13","Wisconsin","5/12/20","13","0","55103","0"
"Rock","10","369","Wisconsin","5/12/20","301","68","55105","22.59"
"Rusk","0","4","Wisconsin","5/12/20","4","0","55107","0"
"Sauk","1","73","Wisconsin","5/12/20","67","6","55111","8.96"
"Sawyer","0","4","Wisconsin","5/12/20","4","0","55113","0"
"Shawano","1","25","Wisconsin","5/12/20","17","8","55115","47.06"
"Sheboygan","2","66","Wisconsin","5/12/20","55","11","55117","20"
"St. Croix","1","31","Wisconsin","5/12/20","21","10","55109","47.62"
"Trempealeau","0","6","Wisconsin","5/12/20","4","2","55121","50"
"Vernon","0","4","Wisconsin","5/12/20","2","2","55123","100"
"Vilas","0","4","Wisconsin","5/12/20","4","0","55125","0"
"Walworth","5","244","Wisconsin","5/12/20","212","32","55127","15.09"
"Washburn","0","1","Wisconsin","5/12/20","1","0","55129","0"
"Washington","2","119","Wisconsin","5/12/20","106","13","55131","12.26"
"Waukesha","7","414","Wisconsin","5/12/20","368","46","55133","12.5"
"Waupaca","0","13","Wisconsin","5/12/20","10","3","55135","30"
"Waushara","0","4","Wisconsin","5/12/20","4","0","55137","0"
"Winnebago","3","101","Wisconsin","5/12/20","83","18","55139","21.69"
"Wood","0","4","Wisconsin","5/12/20","2","2","55141","100"
"Albany","0","8","Wyoming","5/12/20","8","0","56001","0"
"Big Horn","0","3","Wyoming","5/12/20","3","0","56003","0"
"Campbell","1","30","Wyoming","5/12/20","24","6","56005","25"
"Carbon","0","5","Wyoming","5/12/20","5","0","56007","0"
"Converse","0","23","Wyoming","5/12/20","23","0","56009","0"
"Crook","0","5","Wyoming","5/12/20","5","0","56011","0"
"Fremont","8","193","Wyoming","5/12/20","140","53","56013","37.86"
"Goshen","0","5","Wyoming","5/12/20","4","1","56015","25"
"Hot Springs","0","3","Wyoming","5/12/20","3","0","56017","0"
"Johnson","0","15","Wyoming","5/12/20","15","0","56019","0"
"Laramie","1","170","Wyoming","5/12/20","162","8","56021","4.94"
"Lincoln","0","11","Wyoming","5/12/20","10","1","56023","10"
"Natrona","0","47","Wyoming","5/12/20","48","-1","56025","-2.08"
"Niobrara","0","2","Wyoming","5/12/20","2","0","56027","0"
"Park","0","1","Wyoming","5/12/20","1","0","56029","0"
"Sheridan","0","16","Wyoming","5/12/20","16","0","56033","0"
"Sublette","0","3","Wyoming","5/12/20","3","0","56035","0"
"Sweetwater","0","20","Wyoming","5/12/20","18","2","56037","11.11"
"Teton","0","98","Wyoming","5/12/20","98","0","56039","0"
"Uinta","0","9","Wyoming","5/12/20","8","1","56041","12.5"
"Washakie","0","8","Wyoming","5/12/20","8","0","56043","0"
