"Locality","DailyAvgNewCasesPast7Days","TotalCases","State","Date","TotalCases7DaysAgo","NewCasesPast7Days","FIPS-Code","PercentIncreaseTotalCasesPast7Days"
"Autauga","4","84","Alabama","5/11/20","53","31","01001","58.49"
"Baldwin","5","224","Alabama","5/11/20","188","36","01003","19.15"
"Barbour","2","61","Alabama","5/11/20","45","16","01005","35.56"
"Bibb","1","46","Alabama","5/11/20","42","4","01007","9.52"
"Blount","1","45","Alabama","5/11/20","40","5","01009","12.5"
"Bullock","1","26","Alabama","5/11/20","16","10","01011","62.5"
"Butler","12","196","Alabama","5/11/20","114","82","01013","71.93"
"Calhoun","3","125","Alabama","5/11/20","105","20","01015","19.05"
"Chambers","2","319","Alabama","5/11/20","302","17","01017","5.63"
"Cherokee","1","24","Alabama","5/11/20","16","8","01019","50"
"Chilton","1","67","Alabama","5/11/20","58","9","01021","15.52"
"Choctaw","2","67","Alabama","5/11/20","51","16","01023","31.37"
"Clarke","3","63","Alabama","5/11/20","43","20","01025","46.51"
"Clay","1","27","Alabama","5/11/20","22","5","01027","22.73"
"Cleburne","0","13","Alabama","5/11/20","12","1","01029","8.33"
"Coffee","2","150","Alabama","5/11/20","134","16","01031","11.94"
"Colbert","4","70","Alabama","5/11/20","41","29","01033","70.73"
"Conecuh","1","14","Alabama","5/11/20","9","5","01035","55.56"
"Coosa","0","33","Alabama","5/11/20","30","3","01037","10"
"Covington","1","55","Alabama","5/11/20","45","10","01039","22.22"
"Crenshaw","3","43","Alabama","5/11/20","25","18","01041","72"
"Cullman","1","65","Alabama","5/11/20","58","7","01043","12.07"
"Dale","2","45","Alabama","5/11/20","34","11","01045","32.35"
"Dallas","8","122","Alabama","5/11/20","65","57","01047","87.69"
"DeKalb","10","158","Alabama","5/11/20","90","68","01049","75.56"
"Elmore","6","152","Alabama","5/11/20","111","41","01051","36.94"
"Escambia","1","37","Alabama","5/11/20","32","5","01053","15.62"
"Etowah","7","193","Alabama","5/11/20","146","47","01055","32.19"
"Fayette","0","7","Alabama","5/11/20","6","1","01057","16.67"
"Franklin","16","247","Alabama","5/11/20","136","111","01059","81.62"
"Geneva","1","15","Alabama","5/11/20","11","4","01061","36.36"
"Greene","2","73","Alabama","5/11/20","61","12","01063","19.67"
"Hale","2","72","Alabama","5/11/20","56","16","01065","28.57"
"Henry","0","30","Alabama","5/11/20","27","3","01067","11.11"
"Houston","1","107","Alabama","5/11/20","97","10","01069","10.31"
"Jackson","1","60","Alabama","5/11/20","50","10","01071","20"
"Jefferson","20","1131","Alabama","5/11/20","992","139","01073","14.01"
"Lamar","0","13","Alabama","5/11/20","12","1","01075","8.33"
"Lauderdale","5","96","Alabama","5/11/20","63","33","01077","52.38"
"Lawrence","2","26","Alabama","5/11/20","14","12","01079","85.71"
"Lee","4","429","Alabama","5/11/20","403","26","01081","6.45"
"Limestone","1","57","Alabama","5/11/20","47","10","01083","21.28"
"Lowndes","4","103","Alabama","5/11/20","75","28","01085","37.33"
"Macon","1","49","Alabama","5/11/20","40","9","01087","22.5"
"Madison","2","250","Alabama","5/11/20","237","13","01089","5.49"
"Marengo","2","83","Alabama","5/11/20","66","17","01091","25.76"
"Marion","2","96","Alabama","5/11/20","85","11","01093","12.94"
"Marshall","32","576","Alabama","5/11/20","355","221","01095","62.25"
"Mobile","36","1474","Alabama","5/11/20","1222","252","01097","20.62"
"Monroe","0","15","Alabama","5/11/20","13","2","01099","15.38"
"Montgomery","29","642","Alabama","5/11/20","438","204","01101","46.58"
"Morgan","3","95","Alabama","5/11/20","76","19","01103","25"
"Perry","0","19","Alabama","5/11/20","16","3","01105","18.75"
"Pickens","2","70","Alabama","5/11/20","56","14","01107","25"
"Pike","3","99","Alabama","5/11/20","79","20","01109","25.32"
"Randolph","5","111","Alabama","5/11/20","79","32","01111","40.51"
"Russell","3","81","Alabama","5/11/20","63","18","01113","28.57"
"Shelby","6","370","Alabama","5/11/20","328","42","01117","12.8"
"St. Clair","1","84","Alabama","5/11/20","76","8","01115","10.53"
"Sumter","4","106","Alabama","5/11/20","81","25","01119","30.86"
"Talladega","1","73","Alabama","5/11/20","64","9","01121","14.06"
"Tallapoosa","4","328","Alabama","5/11/20","298","30","01123","10.07"
"Tuscaloosa","7","284","Alabama","5/11/20","237","47","01125","19.83"
"Walker","1","107","Alabama","5/11/20","100","7","01127","7"
"Washington","2","54","Alabama","5/11/20","38","16","01129","42.11"
"Wilcox","2","85","Alabama","5/11/20","72","13","01131","18.06"
"Winston","1","23","Alabama","5/11/20","16","7","01133","43.75"
"Anchorage","1","194","Alaska","5/11/20","189","5","02020","2.65"
"Bethel","0","1","Alaska","5/11/20","1","0","02050","0"
"Fairbanks North Star","0","84","Alaska","5/11/20","83","1","02090","1.2"
"Juneau","0","27","Alaska","5/11/20","27","0","02110","0"
"Kenai Peninsula","0","24","Alaska","5/11/20","22","2","02122","9.09"
"Ketchikan Gateway","0","16","Alaska","5/11/20","16","0","02130","0"
"Kodiak Island","0","1","Alaska","5/11/20","1","0","02150","0"
"Matanuska-Susitna","0","21","Alaska","5/11/20","21","0","02170","0"
"Nome","0","1","Alaska","5/11/20","1","0","02180","0"
"Petersburg","0","4","Alaska","5/11/20","4","0","02195","0"
"Prince of Wales-Hyder","0","2","Alaska","5/11/20","2","0","02198","0"
"Sitka","0","1","Alaska","5/11/20","1","0","02220","0"
"Southeast Fairbanks","0","2","Alaska","5/11/20","1","1","02240","100"
"Yukon-Koyukuk","0","1","Alaska","5/11/20","1","0","02290","0"
"Apache","25","727","Arizona","5/11/20","549","178","04001","32.42"
"Cochise","0","42","Arizona","5/11/20","39","3","04003","7.69"
"Coconino","25","713","Arizona","5/11/20","540","173","04005","32.04"
"Gila","1","19","Arizona","5/11/20","14","5","04007","35.71"
"Graham","0","19","Arizona","5/11/20","18","1","04009","5.56"
"Greenlee","0","2","Arizona","5/11/20","2","0","04011","0"
"La Paz","1","23","Arizona","5/11/20","14","9","04012","64.29"
"Maricopa","177","5988","Arizona","5/11/20","4751","1237","04013","26.04"
"Mohave","8","198","Arizona","5/11/20","141","57","04015","40.43"
"Navajo","29","1006","Arizona","5/11/20","800","206","04017","25.75"
"Pima","37","1602","Arizona","5/11/20","1346","256","04019","19.02"
"Pinal","22","620","Arizona","5/11/20","468","152","04021","32.48"
"Santa Cruz","2","45","Arizona","5/11/20","34","11","04023","32.35"
"Yavapai","12","180","Arizona","5/11/20","93","87","04025","93.55"
"Yuma","12","199","Arizona","5/11/20","115","84","04027","73.04"
"Arkansas","0","2","Arkansas","5/11/20","3","-1","05001","-33.33"
"Ashley","0","18","Arkansas","5/11/20","16","2","05003","12.5"
"Baxter","0","5","Arkansas","5/11/20","5","0","05005","0"
"Benton","2","123","Arkansas","5/11/20","112","11","05007","9.82"
"Boone","0","4","Arkansas","5/11/20","4","0","05009","0"
"Bradley","0","11","Arkansas","5/11/20","11","0","05011","0"
"Carroll","0","6","Arkansas","5/11/20","6","0","05015","0"
"Chicot","0","10","Arkansas","5/11/20","9","1","05017","11.11"
"Clark","0","33","Arkansas","5/11/20","32","1","05019","3.12"
"Clay","0","4","Arkansas","5/11/20","3","1","05021","33.33"
"Cleburne","0","72","Arkansas","5/11/20","73","-1","05023","-1.37"
"Cleveland","0","13","Arkansas","5/11/20","11","2","05025","18.18"
"Columbia","0","15","Arkansas","5/11/20","13","2","05027","15.38"
"Conway","0","13","Arkansas","5/11/20","13","0","05029","0"
"Craighead","2","98","Arkansas","5/11/20","84","14","05031","16.67"
"Crawford","0","5","Arkansas","5/11/20","5","0","05033","0"
"Crittenden","2","210","Arkansas","5/11/20","196","14","05035","7.14"
"Cross","1","29","Arkansas","5/11/20","25","4","05037","16"
"Dallas","0","1","Arkansas","5/11/20","1","0","05039","0"
"Desha","0","17","Arkansas","5/11/20","16","1","05041","6.25"
"Drew","0","19","Arkansas","5/11/20","16","3","05043","18.75"
"Faulkner","1","82","Arkansas","5/11/20","77","5","05045","6.49"
"Franklin","0","2","Arkansas","5/11/20","2","0","05047","0"
"Fulton","0","3","Arkansas","5/11/20","1","2","05049","200"
"Garland","0","119","Arkansas","5/11/20","117","2","05051","1.71"
"Grant","0","15","Arkansas","5/11/20","14","1","05053","7.14"
"Greene","1","23","Arkansas","5/11/20","19","4","05055","21.05"
"Hempstead","0","7","Arkansas","5/11/20","7","0","05057","0"
"Hot Spring","1","26","Arkansas","5/11/20","20","6","05059","30"
"Howard","0","14","Arkansas","5/11/20","14","0","05061","0"
"Independence","1","17","Arkansas","5/11/20","11","6","05063","54.55"
"Izard","1","13","Arkansas","5/11/20","9","4","05065","44.44"
"Jackson","0","1","Arkansas","5/11/20","1","0","05067","0"
"Jefferson","6","238","Arkansas","5/11/20","195","43","05069","22.05"
"Johnson","0","34","Arkansas","5/11/20","31","3","05071","9.68"
"Lafayette","0","9","Arkansas","5/11/20","8","1","05073","12.5"
"Lawrence","0","69","Arkansas","5/11/20","67","2","05075","2.99"
"Lee","0","5","Arkansas","5/11/20","3","2","05077","66.67"
"Lincoln","14","941","Arkansas","5/11/20","842","99","05079","11.76"
"Logan","0","3","Arkansas","5/11/20","3","0","05083","0"
"Lonoke","0","45","Arkansas","5/11/20","44","1","05085","2.27"
"Madison","0","1","Arkansas","5/11/20","1","0","05087","0"
"Marion","0","1","Arkansas","5/11/20","1","0","05089","0"
"Miller","0","37","Arkansas","5/11/20","35","2","05091","5.71"
"Mississippi","4","52","Arkansas","5/11/20","23","29","05093","126.09"
"Monroe","0","5","Arkansas","5/11/20","4","1","05095","25"
"Montgomery","0","1","Arkansas","5/11/20","1","0","05097","0"
"Nevada","0","3","Arkansas","5/11/20","2","1","05099","50"
"Newton","0","3","Arkansas","5/11/20","3","0","05101","0"
"Ouachita","0","9","Arkansas","5/11/20","7","2","05103","28.57"
"Perry","0","8","Arkansas","5/11/20","7","1","05105","14.29"
"Phillips","0","4","Arkansas","5/11/20","6","-2","05107","-33.33"
"Pike","0","3","Arkansas","5/11/20","3","0","05109","0"
"Poinsett","0","25","Arkansas","5/11/20","23","2","05111","8.7"
"Polk","0","7","Arkansas","5/11/20","8","-1","05113","-12.5"
"Pope","1","48","Arkansas","5/11/20","44","4","05115","9.09"
"Prairie","0","2","Arkansas","5/11/20","2","0","05117","0"
"Pulaski","11","630","Arkansas","5/11/20","551","79","05119","14.34"
"Randolph","0","22","Arkansas","5/11/20","19","3","05121","15.79"
"Saline","1","73","Arkansas","5/11/20","68","5","05125","7.35"
"Scott","0","1","Arkansas","5/11/20","1","0","05127","0"
"Searcy","0","6","Arkansas","5/11/20","6","0","05129","0"
"Sebastian","0","15","Arkansas","5/11/20","13","2","05131","15.38"
"Sevier","1","21","Arkansas","5/11/20","13","8","05133","61.54"
"Sharp","1","16","Arkansas","5/11/20","9","7","05135","77.78"
"St. Francis","26","279","Arkansas","5/11/20","95","184","05123","193.68"
"Stone","0","8","Arkansas","5/11/20","8","0","05137","0"
"Union","2","76","Arkansas","5/11/20","62","14","05139","22.58"
"Van Buren","0","28","Arkansas","5/11/20","28","0","05141","0"
"Washington","3","110","Arkansas","5/11/20","91","19","05143","20.88"
"White","0","36","Arkansas","5/11/20","35","1","05145","2.86"
"Woodruff","0","1","Arkansas","5/11/20","1","0","05147","0"
"Yell","0","7","Arkansas","5/11/20","6","1","05149","16.67"
"Alameda","46","2101","California","5/11/20","1776","325","06001","18.3"
"Alpine","0","2","California","5/11/20","2","0","06003","0"
"Amador","0","8","California","5/11/20","8","0","06005","0"
"Butte","0","20","California","5/11/20","17","3","06007","17.65"
"Calaveras","0","13","California","5/11/20","13","0","06009","0"
"Colusa","0","3","California","5/11/20","3","0","06011","0"
"Contra Costa","14","1048","California","5/11/20","947","101","06013","10.67"
"Del Norte","0","3","California","5/11/20","3","0","06015","0"
"El Dorado","1","56","California","5/11/20","47","9","06017","19.15"
"Fresno","45","945","California","5/11/20","633","312","06019","49.29"
"Glenn","0","6","California","5/11/20","5","1","06021","20"
"Humboldt","1","61","California","5/11/20","54","7","06023","12.96"
"Imperial","28","564","California","5/11/20","368","196","06025","53.26"
"Inyo","0","19","California","5/11/20","19","0","06027","0"
"Kern","39","1286","California","5/11/20","1016","270","06029","26.57"
"Kings","21","319","California","5/11/20","172","147","06031","85.47"
"Lake","0","8","California","5/11/20","7","1","06033","14.29"
"Los Angeles","863","32263","California","5/11/20","26225","6038","06037","23.02"
"Madera","2","67","California","5/11/20","51","16","06039","31.37"
"Marin","4","265","California","5/11/20","240","25","06041","10.42"
"Mariposa","0","15","California","5/11/20","14","1","06043","7.14"
"Mendocino","0","12","California","5/11/20","12","0","06045","0"
"Merced","4","173","California","5/11/20","143","30","06047","20.98"
"Mono","1","32","California","5/11/20","26","6","06051","23.08"
"Monterey","6","279","California","5/11/20","235","44","06053","18.72"
"Napa","1","79","California","5/11/20","74","5","06055","6.76"
"Nevada","0","41","California","5/11/20","41","0","06057","0"
"Orange","105","3557","California","5/11/20","2819","738","06059","26.18"
"Placer","1","170","California","5/11/20","162","8","06061","4.94"
"Plumas","0","4","California","5/11/20","4","0","06063","0"
"Riverside","119","5189","California","5/11/20","4354","835","06065","19.18"
"Sacramento","7","1173","California","5/11/20","1127","46","06067","4.08"
"San Benito","1","56","California","5/11/20","51","5","06069","9.8"
"San Bernardino","119","3015","California","5/11/20","2182","833","06071","38.18"
"San Diego","163","5065","California","5/11/20","3927","1138","06073","28.98"
"San Francisco","47","1954","California","5/11/20","1624","330","06075","20.32"
"San Joaquin","7","621","California","5/11/20","574","47","06077","8.19"
"San Luis Obispo","3","226","California","5/11/20","202","24","06079","11.88"
"San Mateo","26","1464","California","5/11/20","1281","183","06081","14.29"
"Santa Barbara","121","1362","California","5/11/20","514","848","06083","164.98"
"Santa Clara","14","2341","California","5/11/20","2244","97","06085","4.32"
"Santa Cruz","1","141","California","5/11/20","137","4","06087","2.92"
"Shasta","0","32","California","5/11/20","31","1","06089","3.23"
"Siskiyou","0","5","California","5/11/20","5","0","06093","0"
"Solano","16","379","California","5/11/20","267","112","06095","41.95"
"Sonoma","7","309","California","5/11/20","257","52","06097","20.23"
"Stanislaus","14","508","California","5/11/20","411","97","06099","23.6"
"Sutter","0","34","California","5/11/20","31","3","06101","9.68"
"Tehama","0","1","California","5/11/20","1","0","06103","0"
"Trinity","0","1","California","5/11/20","0","1","06105","1"
"Tulare","57","1159","California","5/11/20","757","402","06107","53.1"
"Tuolumne","0","2","California","5/11/20","4","-2","06109","-50"
"Ventura","14","678","California","5/11/20","577","101","06111","17.5"
"Yolo","0","174","California","5/11/20","171","3","06113","1.75"
"Yuba","0","21","California","5/11/20","19","2","06115","10.53"
"Adams","66","2278","Colorado","5/11/20","1815","463","08001","25.51"
"Alamosa","3","32","Colorado","5/11/20","14","18","08003","128.57"
"Arapahoe","79","3313","Colorado","5/11/20","2758","555","08005","20.12"
"Archuleta","0","8","Colorado","5/11/20","8","0","08007","0"
"Baca","0","12","Colorado","5/11/20","12","0","08009","0"
"Bent","0","1","Colorado","5/11/20","0","1","08011","1"
"Boulder","14","777","Colorado","5/11/20","679","98","08013","14.43"
"Broomfield","5","200","Colorado","5/11/20","167","33","08014","19.76"
"Chaffee","0","68","Colorado","5/11/20","67","1","08015","1.49"
"Cheyenne","1","5","Colorado","5/11/20","0","5","08017","1"
"Clear Creek","0","14","Colorado","5/11/20","13","1","08019","7.69"
"Conejos","0","1","Colorado","5/11/20","0","1","08021","1"
"Costilla","0","3","Colorado","5/11/20","3","0","08023","0"
"Crowley","5","39","Colorado","5/11/20","4","35","08025","875"
"Custer","0","2","Colorado","5/11/20","2","0","08027","0"
"Delta","1","55","Colorado","5/11/20","51","4","08029","7.84"
"Denver","99","4118","Colorado","5/11/20","3428","690","08031","20.13"
"Douglas","10","604","Colorado","5/11/20","531","73","08035","13.75"
"Eagle","1","559","Colorado","5/11/20","552","7","08037","1.27"
"El Paso","19","1137","Colorado","5/11/20","1005","132","08041","13.13"
"Elbert","1","39","Colorado","5/11/20","32","7","08039","21.88"
"Fremont","0","23","Colorado","5/11/20","22","1","08043","4.55"
"Garfield","1","103","Colorado","5/11/20","97","6","08045","6.19"
"Gilpin","0","1","Colorado","5/11/20","1","0","08047","0"
"Grand","0","5","Colorado","5/11/20","5","0","08049","0"
"Gunnison","1","173","Colorado","5/11/20","168","5","08051","2.98"
"Hinsdale","0","3","Colorado","5/11/20","3","0","08053","0"
"Huerfano","0","3","Colorado","5/11/20","2","1","08055","50"
"Jefferson","32","1658","Colorado","5/11/20","1431","227","08059","15.86"
"Kit Carson","1","25","Colorado","5/11/20","21","4","08063","19.05"
"La Plata","0","65","Colorado","5/11/20","63","2","08067","3.17"
"Lake","0","23","Colorado","5/11/20","21","2","08065","9.52"
"Larimer","8","452","Colorado","5/11/20","395","57","08069","14.43"
"Las Animas","0","4","Colorado","5/11/20","3","1","08071","33.33"
"Lincoln","0","3","Colorado","5/11/20","3","0","08073","0"
"Logan","20","432","Colorado","5/11/20","291","141","08075","48.45"
"Mesa","1","51","Colorado","5/11/20","47","4","08077","8.51"
"Mineral","0","2","Colorado","5/11/20","2","0","08079","0"
"Moffat","0","6","Colorado","5/11/20","6","0","08081","0"
"Montezuma","1","24","Colorado","5/11/20","18","6","08083","33.33"
"Montrose","3","127","Colorado","5/11/20","106","21","08085","19.81"
"Morgan","15","517","Colorado","5/11/20","413","104","08087","25.18"
"Otero","0","10","Colorado","5/11/20","10","0","08089","0"
"Ouray","0","6","Colorado","5/11/20","5","1","08091","20"
"Park","0","16","Colorado","5/11/20","14","2","08093","14.29"
"Phillips","1","9","Colorado","5/11/20","5","4","08095","80"
"Pitkin","0","54","Colorado","5/11/20","51","3","08097","5.88"
"Prowers","1","9","Colorado","5/11/20","1","8","08099","800"
"Pueblo","4","185","Colorado","5/11/20","158","27","08101","17.09"
"Rio Blanco","0","1","Colorado","5/11/20","1","0","08103","0"
"Rio Grande","0","8","Colorado","5/11/20","7","1","08105","14.29"
"Routt","0","58","Colorado","5/11/20","56","2","08107","3.57"
"Saguache","0","5","Colorado","5/11/20","3","2","08109","66.67"
"San Juan","0","1","Colorado","5/11/20","0","1","08111","1"
"San Miguel","0","20","Colorado","5/11/20","20","0","08113","0"
"Summit","4","169","Colorado","5/11/20","144","25","08117","17.36"
"Teller","0","31","Colorado","5/11/20","28","3","08119","10.71"
"Washington","0","9","Colorado","5/11/20","8","1","08121","12.5"
"Weld","37","2159","Colorado","5/11/20","1897","262","08123","13.81"
"Yuma","0","11","Colorado","5/11/20","9","2","08125","22.22"
"Fairfield","152","13312","Connecticut","5/11/20","12245","1067","09001","8.71"
"Hartford","169","7358","Connecticut","5/11/20","6173","1185","09003","19.2"
"Litchfield","16","1161","Connecticut","5/11/20","1047","114","09005","10.89"
"Middlesex","13","801","Connecticut","5/11/20","713","88","09007","12.34"
"New Haven","164","9260","Connecticut","5/11/20","8110","1150","09009","14.18"
"New London","20","784","Connecticut","5/11/20","641","143","09011","22.31"
"Tolland","12","545","Connecticut","5/11/20","464","81","09013","17.46"
"Windham","8","271","Connecticut","5/11/20","217","54","09015","24.88"
"Kent","30","1044","Delaware","5/11/20","833","211","10001","25.33"
"New Castle","65","2390","Delaware","5/11/20","1934","456","10003","23.58"
"Sussex","85","3091","Delaware","5/11/20","2497","594","10005","23.79"
"","0","49","Diamond Princess","5/11/20","49","0",,"0"
"District of Columbia","174","6389","District of Columbia","5/11/20","5170","1219","11001","23.58"
"Alachua","4","320","Florida","5/11/20","289","31","12001","10.73"
"Baker","0","25","Florida","5/11/20","22","3","12003","13.64"
"Bay","0","76","Florida","5/11/20","76","0","12005","0"
"Bradford","0","48","Florida","5/11/20","48","0","12007","0"
"Brevard","3","330","Florida","5/11/20","310","20","12009","6.45"
"Broward","71","5882","Florida","5/11/20","5383","499","12011","9.27"
"Calhoun","2","27","Florida","5/11/20","15","12","12013","80"
"Charlotte","11","337","Florida","5/11/20","257","80","12015","31.13"
"Citrus","1","106","Florida","5/11/20","99","7","12017","7.07"
"Clay","2","302","Florida","5/11/20","285","17","12019","5.96"
"Collier","16","766","Florida","5/11/20","653","113","12021","17.3"
"Columbia","1","103","Florida","5/11/20","96","7","12023","7.29"
"DeSoto","2","51","Florida","5/11/20","39","12","12027","30.77"
"Dixie","0","13","Florida","5/11/20","10","3","12029","30"
"Duval","14","1171","Florida","5/11/20","1072","99","12031","9.24"
"Escambia","7","641","Florida","5/11/20","595","46","12033","7.73"
"Flagler","1","147","Florida","5/11/20","140","7","12035","5"
"Franklin","0","2","Florida","5/11/20","2","0","12037","0"
"Gadsden","2","130","Florida","5/11/20","113","17","12039","15.04"
"Gilchrist","0","6","Florida","5/11/20","6","0","12041","0"
"Glades","0","7","Florida","5/11/20","6","1","12043","16.67"
"Gulf","0","1","Florida","5/11/20","1","0","12045","0"
"Hamilton","2","19","Florida","5/11/20","7","12","12047","171.43"
"Hardee","0","36","Florida","5/11/20","33","3","12049","9.09"
"Hendry","6","151","Florida","5/11/20","111","40","12051","36.04"
"Hernando","1","101","Florida","5/11/20","96","5","12053","5.21"
"Highlands","2","99","Florida","5/11/20","87","12","12055","13.79"
"Hillsborough","21","1448","Florida","5/11/20","1300","148","12057","11.38"
"Holmes","0","10","Florida","5/11/20","10","0","12059","0"
"Indian River","0","100","Florida","5/11/20","98","2","12061","2.04"
"Jackson","12","97","Florida","5/11/20","15","82","12063","546.67"
"Jefferson","0","28","Florida","5/11/20","28","0","12065","0"
"Lafayette","0","3","Florida","5/11/20","2","1","12067","50"
"Lake","1","243","Florida","5/11/20","235","8","12069","3.4"
"Lee","21","1285","Florida","5/11/20","1138","147","12071","12.92"
"Leon","2","254","Florida","5/11/20","243","11","12073","4.53"
"Levy","0","20","Florida","5/11/20","20","0","12075","0"
"Liberty","20","198","Florida","5/11/20","60","138","12077","230"
"Madison","0","61","Florida","5/11/20","61","0","12079","0"
"Manatee","21","783","Florida","5/11/20","636","147","12081","23.11"
"Marion","4","211","Florida","5/11/20","184","27","12083","14.67"
"Martin","7","261","Florida","5/11/20","215","46","12085","21.4"
"Miami-Dade","154","14167","Florida","5/11/20","13092","1075","12086","8.21"
"Monroe","2","92","Florida","5/11/20","80","12","12087","15"
"Nassau","0","61","Florida","5/11/20","59","2","12089","3.39"
"Okaloosa","1","169","Florida","5/11/20","160","9","12091","5.62"
"Okeechobee","1","28","Florida","5/11/20","18","10","12093","55.56"
"Orange","11","1512","Florida","5/11/20","1438","74","12095","5.15"
"Osceola","8","573","Florida","5/11/20","516","57","12097","11.05"
"Palm Beach","83","3889","Florida","5/11/20","3311","578","12099","17.46"
"Pasco","3","300","Florida","5/11/20","282","18","12101","6.38"
"Pinellas","13","876","Florida","5/11/20","784","92","12103","11.73"
"Polk","17","655","Florida","5/11/20","536","119","12105","22.2"
"Putnam","1","127","Florida","5/11/20","121","6","12107","4.96"
"Santa Rosa","3","176","Florida","5/11/20","158","18","12113","11.39"
"Sarasota","6","430","Florida","5/11/20","385","45","12115","11.69"
"Seminole","3","415","Florida","5/11/20","396","19","12117","4.8"
"St. Johns","2","222","Florida","5/11/20","211","11","12109","5.21"
"St. Lucie","3","284","Florida","5/11/20","260","24","12111","9.23"
"Sumter","2","244","Florida","5/11/20","233","11","12119","4.72"
"Suwannee","1","146","Florida","5/11/20","141","5","12121","3.55"
"Taylor","0","3","Florida","5/11/20","3","0","12123","0"
"Union","0","7","Florida","5/11/20","5","2","12125","40"
"Volusia","5","551","Florida","5/11/20","514","37","12127","7.2"
"Wakulla","1","29","Florida","5/11/20","24","5","12129","20.83"
"Walton","2","65","Florida","5/11/20","50","15","12131","30"
"Washington","0","12","Florida","5/11/20","12","0","12133","0"
"Appling","3","93","Georgia","5/11/20","74","19","13001","25.68"
"Atkinson","1","20","Georgia","5/11/20","12","8","13003","66.67"
"Bacon","2","43","Georgia","5/11/20","28","15","13005","53.57"
"Baker","1","33","Georgia","5/11/20","26","7","13007","26.92"
"Baldwin","5","275","Georgia","5/11/20","239","36","13009","15.06"
"Banks","1","36","Georgia","5/11/20","29","7","13011","24.14"
"Barrow","4","195","Georgia","5/11/20","167","28","13013","16.77"
"Bartow","3","364","Georgia","5/11/20","341","23","13015","6.74"
"Ben Hill","2","40","Georgia","5/11/20","29","11","13017","37.93"
"Berrien","0","19","Georgia","5/11/20","17","2","13019","11.76"
"Bibb","3","370","Georgia","5/11/20","347","23","13021","6.63"
"Bleckley","1","29","Georgia","5/11/20","21","8","13023","38.1"
"Brantley","1","26","Georgia","5/11/20","22","4","13025","18.18"
"Brooks","0","64","Georgia","5/11/20","61","3","13027","4.92"
"Bryan","1","60","Georgia","5/11/20","55","5","13029","9.09"
"Bulloch","0","44","Georgia","5/11/20","43","1","13031","2.33"
"Burke","3","109","Georgia","5/11/20","87","22","13033","25.29"
"Butts","5","189","Georgia","5/11/20","152","37","13035","24.34"
"Calhoun","1","117","Georgia","5/11/20","107","10","13037","9.35"
"Camden","1","37","Georgia","5/11/20","33","4","13039","12.12"
"Candler","0","9","Georgia","5/11/20","7","2","13043","28.57"
"Carroll","2","395","Georgia","5/11/20","382","13","13045","3.4"
"Catoosa","1","55","Georgia","5/11/20","51","4","13047","7.84"
"Charlton","1","17","Georgia","5/11/20","12","5","13049","41.67"
"Chatham","9","311","Georgia","5/11/20","246","65","13051","26.42"
"Chattahoochee","0","14","Georgia","5/11/20","13","1","13053","7.69"
"Chattooga","0","16","Georgia","5/11/20","15","1","13055","6.67"
"Cherokee","16","621","Georgia","5/11/20","509","112","13057","22"
"Clarke","4","188","Georgia","5/11/20","161","27","13059","16.77"
"Clay","0","27","Georgia","5/11/20","25","2","13061","8"
"Clayton","20","944","Georgia","5/11/20","804","140","13063","17.41"
"Clinch","3","29","Georgia","5/11/20","9","20","13065","222.22"
"Cobb","49","2186","Georgia","5/11/20","1840","346","13067","18.8"
"Coffee","4","177","Georgia","5/11/20","149","28","13069","18.79"
"Colquitt","3","210","Georgia","5/11/20","192","18","13071","9.38"
"Columbia","2","183","Georgia","5/11/20","168","15","13073","8.93"
"Cook","1","32","Georgia","5/11/20","28","4","13075","14.29"
"Coweta","5","278","Georgia","5/11/20","242","36","13077","14.88"
"Crawford","0","18","Georgia","5/11/20","18","0","13079","0"
"Crisp","2","185","Georgia","5/11/20","171","14","13081","8.19"
"Dade","0","17","Georgia","5/11/20","16","1","13083","6.25"
"Dawson","2","81","Georgia","5/11/20","67","14","13085","20.9"
"Decatur","2","109","Georgia","5/11/20","94","15","13087","15.96"
"DeKalb","42","2555","Georgia","5/11/20","2259","296","13089","13.1"
"Dodge","1","34","Georgia","5/11/20","30","4","13091","13.33"
"Dooly","2","146","Georgia","5/11/20","133","13","13093","9.77"
"Dougherty","9","1609","Georgia","5/11/20","1543","66","13095","4.28"
"Douglas","11","417","Georgia","5/11/20","343","74","13097","21.57"
"Early","1","226","Georgia","5/11/20","221","5","13099","2.26"
"Echols","0","7","Georgia","5/11/20","5","2","13101","40"
"Effingham","0","38","Georgia","5/11/20","36","2","13103","5.56"
"Elbert","2","42","Georgia","5/11/20","31","11","13105","35.48"
"Emanuel","0","24","Georgia","5/11/20","22","2","13107","9.09"
"Evans","0","5","Georgia","5/11/20","5","0","13109","0"
"Fannin","0","34","Georgia","5/11/20","32","2","13111","6.25"
"Fayette","2","201","Georgia","5/11/20","187","14","13113","7.49"
"Floyd","1","158","Georgia","5/11/20","150","8","13115","5.33"
"Forsyth","7","391","Georgia","5/11/20","341","50","13117","14.66"
"Franklin","1","26","Georgia","5/11/20","22","4","13119","18.18"
"Fulton","64","3516","Georgia","5/11/20","3065","451","13121","14.71"
"Gilmer","3","98","Georgia","5/11/20","77","21","13123","27.27"
"Glascock","0","1","Georgia","5/11/20","0","1","13125","1"
"Glynn","2","73","Georgia","5/11/20","59","14","13127","23.73"
"Gordon","1","124","Georgia","5/11/20","116","8","13129","6.9"
"Grady","3","83","Georgia","5/11/20","63","20","13131","31.75"
"Greene","0","57","Georgia","5/11/20","57","0","13133","0"
"Gwinnett","60","2475","Georgia","5/11/20","2056","419","13135","20.38"
"Habersham","4","386","Georgia","5/11/20","355","31","13137","8.73"
"Hall","38","2039","Georgia","5/11/20","1776","263","13139","14.81"
"Hancock","9","128","Georgia","5/11/20","64","64","13141","100"
"Haralson","0","32","Georgia","5/11/20","29","3","13143","10.34"
"Harris","1","67","Georgia","5/11/20","59","8","13145","13.56"
"Hart","1","18","Georgia","5/11/20","12","6","13147","50"
"Heard","0","15","Georgia","5/11/20","13","2","13149","15.38"
"Henry","13","610","Georgia","5/11/20","520","90","13151","17.31"
"Houston","3","285","Georgia","5/11/20","262","23","13153","8.78"
"Irwin","1","22","Georgia","5/11/20","18","4","13155","22.22"
"Jackson","2","124","Georgia","5/11/20","111","13","13157","11.71"
"Jasper","0","25","Georgia","5/11/20","25","0","13159","0"
"Jeff Davis","0","24","Georgia","5/11/20","22","2","13161","9.09"
"Jefferson","0","17","Georgia","5/11/20","15","2","13163","13.33"
"Jenkins","0","17","Georgia","5/11/20","17","0","13165","0"
"Johnson","1","67","Georgia","5/11/20","63","4","13167","6.35"
"Jones","0","30","Georgia","5/11/20","29","1","13169","3.45"
"Lamar","0","40","Georgia","5/11/20","39","1","13171","2.56"
"Lanier","0","11","Georgia","5/11/20","10","1","13173","10"
"Laurens","2","82","Georgia","5/11/20","67","15","13175","22.39"
"Lee","2","340","Georgia","5/11/20","329","11","13177","3.34"
"Liberty","1","44","Georgia","5/11/20","37","7","13179","18.92"
"Lincoln","0","12","Georgia","5/11/20","12","0","13181","0"
"Long","0","5","Georgia","5/11/20","5","0","13183","0"
"Lowndes","3","185","Georgia","5/11/20","162","23","13185","14.2"
"Lumpkin","1","76","Georgia","5/11/20","67","9","13187","13.43"
"Macon","0","84","Georgia","5/11/20","81","3","13193","3.7"
"Madison","0","29","Georgia","5/11/20","26","3","13195","11.54"
"Marion","0","40","Georgia","5/11/20","39","1","13197","2.56"
"McDuffie","1","51","Georgia","5/11/20","47","4","13189","8.51"
"McIntosh","0","7","Georgia","5/11/20","6","1","13191","16.67"
"Meriwether","1","66","Georgia","5/11/20","56","10","13199","17.86"
"Miller","0","34","Georgia","5/11/20","32","2","13201","6.25"
"Mitchell","4","352","Georgia","5/11/20","326","26","13205","7.98"
"Monroe","1","35","Georgia","5/11/20","25","10","13207","40"
"Montgomery","0","4","Georgia","5/11/20","2","2","13209","100"
"Morgan","1","33","Georgia","5/11/20","29","4","13211","13.79"
"Murray","2","47","Georgia","5/11/20","34","13","13213","38.24"
"Muscogee","6","377","Georgia","5/11/20","337","40","13215","11.87"
"Newton","6","260","Georgia","5/11/20","215","45","13217","20.93"
"Oconee","0","66","Georgia","5/11/20","65","1","13219","1.54"
"Oglethorpe","1","56","Georgia","5/11/20","50","6","13221","12"
"Out of GA","67","1554","Georgia","5/11/20","1084","470","80013","43.36"
"Paulding","3","226","Georgia","5/11/20","207","19","13223","9.18"
"Peach","1","63","Georgia","5/11/20","59","4","13225","6.78"
"Pickens","1","33","Georgia","5/11/20","29","4","13227","13.79"
"Pierce","2","67","Georgia","5/11/20","53","14","13229","26.42"
"Pike","1","44","Georgia","5/11/20","40","4","13231","10"
"Polk","1","66","Georgia","5/11/20","60","6","13233","10"
"Pulaski","0","34","Georgia","5/11/20","33","1","13235","3.03"
"Putnam","2","58","Georgia","5/11/20","46","12","13237","26.09"
"Quitman","0","6","Georgia","5/11/20","6","0","13239","0"
"Rabun","0","14","Georgia","5/11/20","13","1","13241","7.69"
"Randolph","1","168","Georgia","5/11/20","164","4","13243","2.44"
"Richmond","4","449","Georgia","5/11/20","422","27","13245","6.4"
"Rockdale","6","243","Georgia","5/11/20","199","44","13247","22.11"
"Schley","0","15","Georgia","5/11/20","16","-1","13249","-6.25"
"Screven","0","17","Georgia","5/11/20","15","2","13251","13.33"
"Seminole","0","34","Georgia","5/11/20","31","3","13253","9.68"
"Spalding","3","237","Georgia","5/11/20","219","18","13255","8.22"
"Stephens","1","92","Georgia","5/11/20","88","4","13257","4.55"
"Stewart","1","34","Georgia","5/11/20","25","9","13259","36"
"Sumter","1","400","Georgia","5/11/20","391","9","13261","2.3"
"Talbot","0","27","Georgia","5/11/20","25","2","13263","8"
"Taliaferro","0","1","Georgia","5/11/20","1","0","13265","0"
"Tattnall","0","9","Georgia","5/11/20","9","0","13267","0"
"Taylor","0","21","Georgia","5/11/20","18","3","13269","16.67"
"Telfair","0","28","Georgia","5/11/20","28","0","13271","0"
"Terrell","1","197","Georgia","5/11/20","189","8","13273","4.23"
"Thomas","8","249","Georgia","5/11/20","196","53","13275","27.04"
"Tift","4","157","Georgia","5/11/20","132","25","13277","18.94"
"Toombs","1","40","Georgia","5/11/20","34","6","13279","17.65"
"Towns","0","20","Georgia","5/11/20","19","1","13281","5.26"
"Treutlen","0","5","Georgia","5/11/20","3","2","13283","66.67"
"Troup","4","190","Georgia","5/11/20","159","31","13285","19.5"
"Turner","1","78","Georgia","5/11/20","69","9","13287","13.04"
"Twiggs","0","8","Georgia","5/11/20","8","0","13289","0"
"Union","1","35","Georgia","5/11/20","31","4","13291","12.9"
"Upson","1","250","Georgia","5/11/20","240","10","13293","4.17"
"Walker","1","65","Georgia","5/11/20","61","4","13295","6.56"
"Walton","2","152","Georgia","5/11/20","136","16","13297","11.76"
"Ware","5","165","Georgia","5/11/20","133","32","13299","24.06"
"Warren","0","15","Georgia","5/11/20","13","2","13301","15.38"
"Washington","2","57","Georgia","5/11/20","43","14","13303","32.56"
"Wayne","0","13","Georgia","5/11/20","13","0","13305","0"
"Webster","0","10","Georgia","5/11/20","10","0","13307","0"
"Wheeler","0","5","Georgia","5/11/20","5","0","13309","0"
"White","1","88","Georgia","5/11/20","79","9","13311","11.39"
"Whitfield","4","157","Georgia","5/11/20","126","31","13313","24.6"
"Wilcox","1","95","Georgia","5/11/20","90","5","13315","5.56"
"Wilkes","0","27","Georgia","5/11/20","25","2","13317","8"
"Wilkinson","1","40","Georgia","5/11/20","36","4","13319","11.11"
"Worth","2","183","Georgia","5/11/20","167","16","13321","9.58"
"","0","103","Grand Princess","5/11/20","103","0",,"0"
"","1","151","Guam","5/11/20","145","6",,"4.14"
"Hawaii","0","75","Hawaii","5/11/20","75","0","15001","0"
"Honolulu","1","410","Hawaii","5/11/20","400","10","15003","2.5"
"Kauai","0","21","Hawaii","5/11/20","21","0","15007","0"
"Maui","0","117","Hawaii","5/11/20","116","1","15009","0.86"
"Out of HI","0","11","Hawaii","5/11/20","9","2","80015","22.22"
"Ada","4","739","Idaho","5/11/20","710","29","16001","4.08"
"Adams","0","3","Idaho","5/11/20","3","0","16003","0"
"Bannock","0","13","Idaho","5/11/20","11","2","16005","18.18"
"Bingham","0","4","Idaho","5/11/20","4","0","16011","0"
"Blaine","1","506","Idaho","5/11/20","498","8","16013","1.61"
"Bonner","0","4","Idaho","5/11/20","4","0","16017","0"
"Bonneville","0","30","Idaho","5/11/20","28","2","16019","7.14"
"Camas","0","1","Idaho","5/11/20","1","0","16025","0"
"Canyon","1","274","Idaho","5/11/20","266","8","16027","3.01"
"Caribou","0","1","Idaho","5/11/20","1","0","16029","0"
"Cassia","0","15","Idaho","5/11/20","13","2","16031","15.38"
"Custer","0","2","Idaho","5/11/20","2","0","16037","0"
"Elmore","0","31","Idaho","5/11/20","30","1","16039","3.33"
"Fremont","0","3","Idaho","5/11/20","2","1","16043","50"
"Gem","0","16","Idaho","5/11/20","14","2","16045","14.29"
"Gooding","1","18","Idaho","5/11/20","13","5","16047","38.46"
"Idaho","0","3","Idaho","5/11/20","3","0","16049","0"
"Jefferson","0","5","Idaho","5/11/20","5","0","16051","0"
"Jerome","3","75","Idaho","5/11/20","57","18","16053","31.58"
"Kootenai","0","64","Idaho","5/11/20","62","2","16055","3.23"
"Latah","0","5","Idaho","5/11/20","5","0","16057","0"
"Lemhi","0","1","Idaho","5/11/20","1","0","16059","0"
"Lincoln","0","29","Idaho","5/11/20","29","0","16063","0"
"Madison","1","18","Idaho","5/11/20","12","6","16065","50"
"Minidoka","0","11","Idaho","5/11/20","11","0","16067","0"
"Nez Perce","1","78","Idaho","5/11/20","74","4","16069","5.41"
"Owyhee","0","8","Idaho","5/11/20","8","0","16073","0"
"Payette","0","17","Idaho","5/11/20","17","0","16075","0"
"Power","0","2","Idaho","5/11/20","2","0","16077","0"
"Teton","0","11","Idaho","5/11/20","9","2","16081","22.22"
"Twin Falls","9","269","Idaho","5/11/20","208","61","16083","29.33"
"Valley","0","2","Idaho","5/11/20","2","0","16085","0"
"Washington","0","2","Idaho","5/11/20","1","1","16087","100"
"Adams","0","41","Illinois","5/11/20","40","1","17001","2.5"
"Alexander","0","7","Illinois","5/11/20","4","3","17003","75"
"Bond","0","9","Illinois","5/11/20","6","3","17005","50"
"Boone","9","206","Illinois","5/11/20","144","62","17007","43.06"
"Brown","1","9","Illinois","5/11/20","2","7","17009","350"
"Bureau","0","14","Illinois","5/11/20","12","2","17011","16.67"
"Calhoun","0","1","Illinois","5/11/20","1","0","17013","0"
"Carroll","0","11","Illinois","5/11/20","10","1","17015","10"
"Cass","2","56","Illinois","5/11/20","40","16","17017","40"
"Champaign","14","279","Illinois","5/11/20","182","97","17019","53.3"
"Christian","0","29","Illinois","5/11/20","28","1","17021","3.57"
"Clark","0","8","Illinois","5/11/20","5","3","17023","60"
"Clay","0","2","Illinois","5/11/20","2","0","17025","0"
"Clinton","2","127","Illinois","5/11/20","114","13","17027","11.4"
"Coles","3","41","Illinois","5/11/20","22","19","17029","86.36"
"Cook","1381","53381","Illinois","5/11/20","43715","9666","17031","22.11"
"Crawford","0","10","Illinois","5/11/20","8","2","17033","25"
"Cumberland","0","4","Illinois","5/11/20","4","0","17035","0"
"De Witt","0","3","Illinois","5/11/20","3","0","17039","0"
"DeKalb","8","183","Illinois","5/11/20","130","53","17037","40.77"
"Douglas","0","20","Illinois","5/11/20","20","0","17041","0"
"DuPage","135","4745","Illinois","5/11/20","3803","942","17043","24.77"
"Effingham","0","6","Illinois","5/11/20","5","1","17049","20"
"Fayette","0","17","Illinois","5/11/20","16","1","17051","6.25"
"Ford","1","14","Illinois","5/11/20","9","5","17053","55.56"
"Franklin","0","10","Illinois","5/11/20","9","1","17055","11.11"
"Fulton","0","3","Illinois","5/11/20","4","-1","17057","-25"
"Gallatin","0","2","Illinois","5/11/20","2","0","17059","0"
"Greene","0","4","Illinois","5/11/20","3","1","17061","33.33"
"Grundy","2","60","Illinois","5/11/20","46","14","17063","30.43"
"Hamilton","0","3","Illinois","5/11/20","2","1","17065","50"
"Hancock","0","12","Illinois","5/11/20","9","3","17067","33.33"
"Hardin","0","1","Illinois","5/11/20","1","0","17069","0"
"Henderson","0","6","Illinois","5/11/20","4","2","17071","50"
"Henry","1","58","Illinois","5/11/20","53","5","17073","9.43"
"Iroquois","8","98","Illinois","5/11/20","42","56","17075","133.33"
"Jackson","4","166","Illinois","5/11/20","140","26","17077","18.57"
"Jasper","0","46","Illinois","5/11/20","48","-2","17079","-4.17"
"Jefferson","1","94","Illinois","5/11/20","87","7","17081","8.05"
"Jersey","0","17","Illinois","5/11/20","14","3","17083","21.43"
"Jo Daviess","1","18","Illinois","5/11/20","14","4","17085","28.57"
"Johnson","0","4","Illinois","5/11/20","4","0","17087","0"
"Kane","144","3126","Illinois","5/11/20","2115","1011","17089","47.8"
"Kankakee","25","557","Illinois","5/11/20","383","174","17091","45.43"
"Kendall","15","431","Illinois","5/11/20","326","105","17093","32.21"
"Knox","3","75","Illinois","5/11/20","56","19","17095","33.93"
"Lake","153","5323","Illinois","5/11/20","4252","1071","17097","25.19"
"LaSalle","5","105","Illinois","5/11/20","70","35","17099","50"
"Lawrence","0","4","Illinois","5/11/20","4","0","17101","0"
"Lee","5","63","Illinois","5/11/20","25","38","17103","152"
"Livingston","0","24","Illinois","5/11/20","23","1","17105","4.35"
"Logan","0","9","Illinois","5/11/20","7","2","17107","28.57"
"Macon","3","146","Illinois","5/11/20","124","22","17115","17.74"
"Macoupin","1","39","Illinois","5/11/20","34","5","17117","14.71"
"Madison","10","435","Illinois","5/11/20","365","70","17119","19.18"
"Marion","2","47","Illinois","5/11/20","35","12","17121","34.29"
"Marshall","0","4","Illinois","5/11/20","4","0","17123","0"
"Mason","0","15","Illinois","5/11/20","14","1","17125","7.14"
"Massac","0","6","Illinois","5/11/20","4","2","17127","50"
"McDonough","2","49","Illinois","5/11/20","36","13","17109","36.11"
"McHenry","24","958","Illinois","5/11/20","790","168","17111","21.27"
"McLean","3","121","Illinois","5/11/20","103","18","17113","17.48"
"Menard","0","17","Illinois","5/11/20","14","3","17129","21.43"
"Mercer","0","12","Illinois","5/11/20","10","2","17131","20"
"Monroe","1","79","Illinois","5/11/20","73","6","17133","8.22"
"Montgomery","1","34","Illinois","5/11/20","29","5","17135","17.24"
"Morgan","1","30","Illinois","5/11/20","24","6","17137","25"
"Moultrie","0","6","Illinois","5/11/20","5","1","17139","20"
"Ogle","2","149","Illinois","5/11/20","132","17","17141","12.88"
"Out of IL","12","84","Illinois","5/11/20","0","84","80017","1"
"Peoria","5","141","Illinois","5/11/20","107","34","17143","31.78"
"Perry","1","38","Illinois","5/11/20","34","4","17145","11.76"
"Piatt","0","7","Illinois","5/11/20","7","0","17147","0"
"Pike","0","1","Illinois","5/11/20","1","0","17149","0"
"Pope","0","1","Illinois","5/11/20","0","1","17151","1"
"Pulaski","1","27","Illinois","5/11/20","20","7","17153","35"
"Randolph","6","221","Illinois","5/11/20","182","39","17157","21.43"
"Richland","0","3","Illinois","5/11/20","3","0","17159","0"
"Rock Island","9","517","Illinois","5/11/20","452","65","17161","14.38"
"Saline","0","5","Illinois","5/11/20","4","1","17165","25"
"Sangamon","7","262","Illinois","5/11/20","212","50","17167","23.58"
"Schuyler","1","7","Illinois","5/11/20","1","6","17169","600"
"Shelby","0","10","Illinois","5/11/20","10","0","17173","0"
"St. Clair","24","719","Illinois","5/11/20","551","168","17163","30.49"
"Stark","0","1","Illinois","5/11/20","1","0","17175","0"
"Stephenson","4","99","Illinois","5/11/20","71","28","17177","39.44"
"Tazewell","2","59","Illinois","5/11/20","45","14","17179","31.11"
"Union","5","63","Illinois","5/11/20","30","33","17181","110"
"Vermilion","1","25","Illinois","5/11/20","21","4","17183","19.05"
"Wabash","0","1","Illinois","5/11/20","1","0","17185","0"
"Warren","3","104","Illinois","5/11/20","85","19","17187","22.35"
"Washington","1","17","Illinois","5/11/20","13","4","17189","30.77"
"Wayne","0","3","Illinois","5/11/20","2","1","17191","50"
"White","0","2","Illinois","5/11/20","2","0","17193","0"
"Whiteside","2","104","Illinois","5/11/20","92","12","17195","13.04"
"Will","96","3740","Illinois","5/11/20","3066","674","17197","21.98"
"Williamson","1","44","Illinois","5/11/20","35","9","17199","25.71"
"Winnebago","42","932","Illinois","5/11/20","638","294","17201","46.08"
"Woodford","0","15","Illinois","5/11/20","13","2","17203","15.38"
"Adams","0","8","Indiana","5/11/20","8","0","18001","0"
"Allen","24","834","Indiana","5/11/20","664","170","18003","25.6"
"Bartholomew","13","360","Indiana","5/11/20","269","91","18005","33.83"
"Benton","0","13","Indiana","5/11/20","11","2","18007","18.18"
"Blackford","1","14","Indiana","5/11/20","9","5","18009","55.56"
"Boone","4","226","Indiana","5/11/20","199","27","18011","13.57"
"Brown","1","26","Indiana","5/11/20","18","8","18013","44.44"
"Carroll","2","71","Indiana","5/11/20","56","15","18015","26.79"
"Cass","22","1524","Indiana","5/11/20","1371","153","18017","11.16"
"Clark","7","380","Indiana","5/11/20","334","46","18019","13.77"
"Clay","0","24","Indiana","5/11/20","22","2","18021","9.09"
"Clinton","5","96","Indiana","5/11/20","64","32","18023","50"
"Crawford","0","20","Indiana","5/11/20","18","2","18025","11.11"
"Daviess","0","54","Indiana","5/11/20","52","2","18027","3.85"
"Dearborn","2","151","Indiana","5/11/20","137","14","18029","10.22"
"Decatur","2","215","Indiana","5/11/20","202","13","18031","6.44"
"DeKalb","0","23","Indiana","5/11/20","22","1","18033","4.55"
"Delaware","4","229","Indiana","5/11/20","200","29","18035","14.5"
"Dubois","3","46","Indiana","5/11/20","25","21","18037","84"
"Elkhart","25","494","Indiana","5/11/20","321","173","18039","53.89"
"Fayette","1","38","Indiana","5/11/20","30","8","18041","26.67"
"Floyd","4","232","Indiana","5/11/20","204","28","18043","13.73"
"Fountain","0","16","Indiana","5/11/20","14","2","18045","14.29"
"Franklin","1","106","Indiana","5/11/20","99","7","18047","7.07"
"Fulton","0","36","Indiana","5/11/20","33","3","18049","9.09"
"Gibson","0","8","Indiana","5/11/20","7","1","18051","14.29"
"Grant","1","153","Indiana","5/11/20","146","7","18053","4.79"
"Greene","7","147","Indiana","5/11/20","96","51","18055","53.12"
"Hamilton","13","936","Indiana","5/11/20","845","91","18057","10.77"
"Hancock","6","270","Indiana","5/11/20","231","39","18059","16.88"
"Harrison","3","160","Indiana","5/11/20","138","22","18061","15.94"
"Hendricks","28","973","Indiana","5/11/20","774","199","18063","25.71"
"Henry","5","85","Indiana","5/11/20","48","37","18065","77.08"
"Howard","8","256","Indiana","5/11/20","202","54","18067","26.73"
"Huntington","0","14","Indiana","5/11/20","11","3","18069","27.27"
"Jackson","17","282","Indiana","5/11/20","166","116","18071","69.88"
"Jasper","1","40","Indiana","5/11/20","36","4","18073","11.11"
"Jay","1","22","Indiana","5/11/20","18","4","18075","22.22"
"Jefferson","1","35","Indiana","5/11/20","30","5","18077","16.67"
"Jennings","2","96","Indiana","5/11/20","82","14","18079","17.07"
"Johnson","16","827","Indiana","5/11/20","718","109","18081","15.18"
"Knox","0","21","Indiana","5/11/20","20","1","18083","5"
"Kosciusko","1","45","Indiana","5/11/20","37","8","18085","21.62"
"LaGrange","1","38","Indiana","5/11/20","30","8","18087","26.67"
"Lake","56","2493","Indiana","5/11/20","2098","395","18089","18.83"
"LaPorte","11","329","Indiana","5/11/20","254","75","18091","29.53"
"Lawrence","2","120","Indiana","5/11/20","108","12","18093","11.11"
"Madison","8","509","Indiana","5/11/20","450","59","18095","13.11"
"Marion","169","7510","Indiana","5/11/20","6327","1183","18097","18.7"
"Marshall","0","34","Indiana","5/11/20","31","3","18099","9.68"
"Martin","0","7","Indiana","5/11/20","7","0","18101","0"
"Miami","1","126","Indiana","5/11/20","119","7","18103","5.88"
"Monroe","2","145","Indiana","5/11/20","131","14","18105","10.69"
"Montgomery","5","140","Indiana","5/11/20","102","38","18107","37.25"
"Morgan","6","208","Indiana","5/11/20","168","40","18109","23.81"
"Newton","0","64","Indiana","5/11/20","62","2","18111","3.23"
"Noble","7","135","Indiana","5/11/20","86","49","18113","56.98"
"Ohio","0","9","Indiana","5/11/20","6","3","18115","50"
"Orange","1","113","Indiana","5/11/20","105","8","18117","7.62"
"Owen","0","28","Indiana","5/11/20","25","3","18119","12"
"Parke","1","16","Indiana","5/11/20","12","4","18121","33.33"
"Perry","1","21","Indiana","5/11/20","11","10","18123","90.91"
"Pike","0","3","Indiana","5/11/20","2","1","18125","50"
"Porter","10","331","Indiana","5/11/20","258","73","18127","28.29"
"Posey","0","15","Indiana","5/11/20","13","2","18129","15.38"
"Pulaski","1","34","Indiana","5/11/20","29","5","18131","17.24"
"Putnam","2","89","Indiana","5/11/20","78","11","18133","14.1"
"Randolph","1","23","Indiana","5/11/20","16","7","18135","43.75"
"Ripley","1","101","Indiana","5/11/20","97","4","18137","4.12"
"Rush","0","37","Indiana","5/11/20","35","2","18139","5.71"
"Scott","4","81","Indiana","5/11/20","52","29","18143","55.77"
"Shelby","7","272","Indiana","5/11/20","224","48","18145","21.43"
"Spencer","0","7","Indiana","5/11/20","5","2","18147","40"
"St. Joseph","23","829","Indiana","5/11/20","668","161","18141","24.1"
"Starke","1","21","Indiana","5/11/20","17","4","18149","23.53"
"Steuben","3","62","Indiana","5/11/20","41","21","18151","51.22"
"Sullivan","1","20","Indiana","5/11/20","16","4","18153","25"
"Switzerland","0","14","Indiana","5/11/20","15","-1","18155","-6.67"
"Tippecanoe","9","244","Indiana","5/11/20","181","63","18157","34.81"
"Tipton","0","21","Indiana","5/11/20","20","1","18159","5"
"Union","0","8","Indiana","5/11/20","7","1","18161","14.29"
"Vanderburgh","6","189","Indiana","5/11/20","150","39","18163","26"
"Vermillion","0","7","Indiana","5/11/20","7","0","18165","0"
"Vigo","2","83","Indiana","5/11/20","69","14","18167","20.29"
"Wabash","0","64","Indiana","5/11/20","63","1","18169","1.59"
"Warren","0","12","Indiana","5/11/20","11","1","18171","9.09"
"Warrick","3","123","Indiana","5/11/20","103","20","18173","19.42"
"Washington","0","48","Indiana","5/11/20","45","3","18175","6.67"
"Wayne","2","53","Indiana","5/11/20","39","14","18177","35.9"
"Wells","1","11","Indiana","5/11/20","7","4","18179","57.14"
"White","8","152","Indiana","5/11/20","99","53","18181","53.54"
"Whitley","0","22","Indiana","5/11/20","21","1","18183","4.76"
"Adair","0","3","Iowa","5/11/20","1","2","19001","200"
"Allamakee","2","112","Iowa","5/11/20","99","13","19005","13.13"
"Appanoose","0","6","Iowa","5/11/20","4","2","19007","50"
"Audubon","1","10","Iowa","5/11/20","5","5","19009","100"
"Benton","0","35","Iowa","5/11/20","34","1","19011","2.94"
"Black Hawk","22","1512","Iowa","5/11/20","1361","151","19013","11.09"
"Boone","1","36","Iowa","5/11/20","28","8","19015","28.57"
"Bremer","0","58","Iowa","5/11/20","55","3","19017","5.45"
"Buchanan","0","23","Iowa","5/11/20","20","3","19019","15"
"Buena Vista","4","39","Iowa","5/11/20","11","28","19021","254.55"
"Butler","0","12","Iowa","5/11/20","9","3","19023","33.33"
"Calhoun","0","1","Iowa","5/11/20","1","0","19025","0"
"Carroll","0","6","Iowa","5/11/20","5","1","19027","20"
"Cass","0","1","Iowa","5/11/20","1","0","19029","0"
"Cedar","1","43","Iowa","5/11/20","33","10","19031","30.3"
"Cerro Gordo","0","14","Iowa","5/11/20","14","0","19033","0"
"Cherokee","0","6","Iowa","5/11/20","4","2","19035","50"
"Chickasaw","0","7","Iowa","5/11/20","5","2","19037","40"
"Clarke","1","8","Iowa","5/11/20","3","5","19039","166.67"
"Clay","0","9","Iowa","5/11/20","6","3","19041","50"
"Clayton","1","23","Iowa","5/11/20","17","6","19043","35.29"
"Clinton","1","58","Iowa","5/11/20","50","8","19045","16"
"Crawford","16","191","Iowa","5/11/20","78","113","19047","144.87"
"Dallas","18","701","Iowa","5/11/20","578","123","19049","21.28"
"Davis","1","11","Iowa","5/11/20","2","9","19051","450"
"Delaware","1","9","Iowa","5/11/20","5","4","19055","80"
"Des Moines","3","40","Iowa","5/11/20","19","21","19057","110.53"
"Dickinson","0","6","Iowa","5/11/20","6","0","19059","0"
"Dubuque","6","197","Iowa","5/11/20","152","45","19061","29.61"
"Fayette","0","24","Iowa","5/11/20","23","1","19065","4.35"
"Floyd","1","5","Iowa","5/11/20","1","4","19067","400"
"Franklin","0","6","Iowa","5/11/20","3","3","19069","100"
"Fremont","0","1","Iowa","5/11/20","0","1","19071","1"
"Greene","0","13","Iowa","5/11/20","11","2","19073","18.18"
"Grundy","0","15","Iowa","5/11/20","16","-1","19075","-6.25"
"Guthrie","1","35","Iowa","5/11/20","29","6","19077","20.69"
"Hamilton","1","11","Iowa","5/11/20","7","4","19079","57.14"
"Hancock","0","3","Iowa","5/11/20","3","0","19081","0"
"Hardin","0","12","Iowa","5/11/20","9","3","19083","33.33"
"Harrison","0","17","Iowa","5/11/20","16","1","19085","6.25"
"Henry","1","43","Iowa","5/11/20","34","9","19087","26.47"
"Howard","0","12","Iowa","5/11/20","12","0","19089","0"
"Humboldt","0","7","Iowa","5/11/20","4","3","19091","75"
"Iowa","1","27","Iowa","5/11/20","22","5","19095","22.73"
"Jackson","0","7","Iowa","5/11/20","5","2","19097","40"
"Jasper","4","238","Iowa","5/11/20","210","28","19099","13.33"
"Jefferson","0","7","Iowa","5/11/20","6","1","19101","16.67"
"Johnson","7","555","Iowa","5/11/20","505","50","19103","9.9"
"Jones","1","34","Iowa","5/11/20","24","10","19105","41.67"
"Keokuk","1","9","Iowa","5/11/20","3","6","19107","200"
"Kossuth","0","2","Iowa","5/11/20","2","0","19109","0"
"Lee","1","18","Iowa","5/11/20","14","4","19111","28.57"
"Linn","12","841","Iowa","5/11/20","757","84","19113","11.1"
"Louisa","1","285","Iowa","5/11/20","277","8","19115","2.89"
"Lyon","0","16","Iowa","5/11/20","15","1","19119","6.67"
"Madison","0","11","Iowa","5/11/20","9","2","19121","22.22"
"Mahaska","0","20","Iowa","5/11/20","17","3","19123","17.65"
"Marion","0","14","Iowa","5/11/20","12","2","19125","16.67"
"Marshall","15","734","Iowa","5/11/20","630","104","19127","16.51"
"Mills","1","8","Iowa","5/11/20","3","5","19129","166.67"
"Mitchell","0","3","Iowa","5/11/20","3","0","19131","0"
"Monona","0","12","Iowa","5/11/20","10","2","19133","20"
"Monroe","1","8","Iowa","5/11/20","1","7","19135","700"
"Montgomery","0","4","Iowa","5/11/20","1","3","19137","300"
"Muscatine","15","495","Iowa","5/11/20","387","108","19139","27.91"
"O'Brien","1","16","Iowa","5/11/20","11","5","19141","45.45"
"Osceola","1","20","Iowa","5/11/20","13","7","19143","53.85"
"Page","0","10","Iowa","5/11/20","9","1","19145","11.11"
"Palo Alto","0","1","Iowa","5/11/20","0","1","19147","1"
"Plymouth","5","62","Iowa","5/11/20","27","35","19149","129.63"
"Pocahontas","0","3","Iowa","5/11/20","3","0","19151","0"
"Polk","101","2368","Iowa","5/11/20","1661","707","19153","42.56"
"Pottawattamie","5","86","Iowa","5/11/20","49","37","19155","75.51"
"Poweshiek","1","81","Iowa","5/11/20","73","8","19157","10.96"
"Sac","0","3","Iowa","5/11/20","1","2","19161","200"
"Scott","6","286","Iowa","5/11/20","245","41","19163","16.73"
"Shelby","1","19","Iowa","5/11/20","12","7","19165","58.33"
"Sioux","10","93","Iowa","5/11/20","23","70","19167","304.35"
"Story","3","61","Iowa","5/11/20","38","23","19169","60.53"
"Tama","6","336","Iowa","5/11/20","292","44","19171","15.07"
"Taylor","0","1","Iowa","5/11/20","1","0","19173","0"
"Union","0","2","Iowa","5/11/20","1","1","19175","100"
"Van Buren","0","8","Iowa","5/11/20","8","0","19177","0"
"Wapello","24","259","Iowa","5/11/20","94","165","19179","175.53"
"Warren","2","44","Iowa","5/11/20","27","17","19181","62.96"
"Washington","2","162","Iowa","5/11/20","149","13","19183","8.72"
"Wayne","0","1","Iowa","5/11/20","1","0","19185","0"
"Webster","1","10","Iowa","5/11/20","6","4","19187","66.67"
"Winnebago","0","5","Iowa","5/11/20","3","2","19189","66.67"
"Winneshiek","0","18","Iowa","5/11/20","18","0","19191","0"
"Woodbury","75","1676","Iowa","5/11/20","1152","524","19193","45.49"
"Worth","0","2","Iowa","5/11/20","1","1","19195","100"
"Wright","0","6","Iowa","5/11/20","3","3","19197","100"
"Anderson","0","1","Kansas","5/11/20","0","1","20003","1"
"Atchison","0","14","Kansas","5/11/20","11","3","20005","27.27"
"Barber","0","1","Kansas","5/11/20","1","0","20007","0"
"Barton","2","22","Kansas","5/11/20","9","13","20009","144.44"
"Bourbon","0","6","Kansas","5/11/20","6","0","20011","0"
"Brown","0","1","Kansas","5/11/20","1","0","20013","0"
"Butler","0","14","Kansas","5/11/20","14","0","20015","0"
"Chase","0","3","Kansas","5/11/20","3","0","20017","0"
"Chautauqua","0","4","Kansas","5/11/20","4","0","20019","0"
"Cherokee","0","8","Kansas","5/11/20","8","0","20021","0"
"Cheyenne","0","2","Kansas","5/11/20","2","0","20023","0"
"Clark","2","19","Kansas","5/11/20","2","17","20025","850"
"Clay","0","4","Kansas","5/11/20","4","0","20027","0"
"Cloud","0","4","Kansas","5/11/20","4","0","20029","0"
"Coffey","0","50","Kansas","5/11/20","49","1","20031","2.04"
"Cowley","0","3","Kansas","5/11/20","3","0","20035","0"
"Crawford","0","8","Kansas","5/11/20","8","0","20037","0"
"Dickinson","0","2","Kansas","5/11/20","2","0","20041","0"
"Doniphan","1","8","Kansas","5/11/20","4","4","20043","100"
"Douglas","1","57","Kansas","5/11/20","51","6","20045","11.76"
"Edwards","0","4","Kansas","5/11/20","4","0","20047","0"
"Ellis","0","8","Kansas","5/11/20","8","0","20051","0"
"Ellsworth","0","2","Kansas","5/11/20","0","2","20053","1"
"Finney","58","992","Kansas","5/11/20","586","406","20055","69.28"
"Ford","43","1132","Kansas","5/11/20","832","300","20057","36.06"
"Franklin","1","26","Kansas","5/11/20","19","7","20059","36.84"
"Geary","0","14","Kansas","5/11/20","11","3","20061","27.27"
"Gove","0","1","Kansas","5/11/20","1","0","20063","0"
"Grant","1","11","Kansas","5/11/20","7","4","20067","57.14"
"Gray","0","8","Kansas","5/11/20","6","2","20069","33.33"
"Greenwood","0","3","Kansas","5/11/20","3","0","20073","0"
"Hamilton","0","7","Kansas","5/11/20","4","3","20075","75"
"Harper","0","1","Kansas","5/11/20","1","0","20077","0"
"Harvey","0","9","Kansas","5/11/20","8","1","20079","12.5"
"Haskell","1","16","Kansas","5/11/20","8","8","20081","100"
"Jackson","0","4","Kansas","5/11/20","2","2","20085","100"
"Jefferson","0","13","Kansas","5/11/20","10","3","20087","30"
"Jewell","0","4","Kansas","5/11/20","4","0","20089","0"
"Johnson","14","604","Kansas","5/11/20","504","100","20091","19.84"
"Kearny","1","31","Kansas","5/11/20","21","10","20093","47.62"
"Kiowa","0","2","Kansas","5/11/20","2","0","20097","0"
"Labette","0","22","Kansas","5/11/20","22","0","20099","0"
"Leavenworth","58","937","Kansas","5/11/20","529","408","20103","77.13"
"Linn","0","6","Kansas","5/11/20","6","0","20107","0"
"Lyon","7","303","Kansas","5/11/20","255","48","20111","18.82"
"Marion","0","5","Kansas","5/11/20","5","0","20115","0"
"McPherson","0","26","Kansas","5/11/20","23","3","20113","13.04"
"Meade","2","22","Kansas","5/11/20","11","11","20119","100"
"Miami","0","6","Kansas","5/11/20","5","1","20121","20"
"Mitchell","0","3","Kansas","5/11/20","3","0","20123","0"
"Montgomery","0","21","Kansas","5/11/20","19","2","20125","10.53"
"Morris","0","3","Kansas","5/11/20","3","0","20127","0"
"Morton","0","4","Kansas","5/11/20","3","1","20129","33.33"
"Nemaha","0","1","Kansas","5/11/20","1","0","20131","0"
"Neosho","0","2","Kansas","5/11/20","2","0","20133","0"
"Norton","0","2","Kansas","5/11/20","2","0","20137","0"
"Osage","0","6","Kansas","5/11/20","5","1","20139","20"
"Osborne","0","2","Kansas","5/11/20","2","0","20141","0"
"Ottawa","0","4","Kansas","5/11/20","4","0","20143","0"
"Phillips","0","1","Kansas","5/11/20","1","0","20147","0"
"Pottawatomie","1","19","Kansas","5/11/20","15","4","20149","26.67"
"Pratt","0","1","Kansas","5/11/20","1","0","20151","0"
"Reno","0","41","Kansas","5/11/20","40","1","20155","2.5"
"Republic","0","4","Kansas","5/11/20","4","0","20157","0"
"Rice","0","3","Kansas","5/11/20","3","0","20159","0"
"Riley","0","58","Kansas","5/11/20","55","3","20161","5.45"
"Rooks","0","6","Kansas","5/11/20","6","0","20163","0"
"Saline","0","21","Kansas","5/11/20","21","0","20169","0"
"Scott","0","4","Kansas","5/11/20","1","3","20171","300"
"Sedgwick","5","469","Kansas","5/11/20","436","33","20173","7.57"
"Seward","15","707","Kansas","5/11/20","599","108","20175","18.03"
"Shawnee","5","166","Kansas","5/11/20","128","38","20177","29.69"
"Sheridan","0","2","Kansas","5/11/20","2","0","20179","0"
"Sherman","0","5","Kansas","5/11/20","5","0","20181","0"
"Smith","0","2","Kansas","5/11/20","2","0","20183","0"
"Stafford","0","1","Kansas","5/11/20","1","0","20185","0"
"Stanton","0","9","Kansas","5/11/20","7","2","20187","28.57"
"Stevens","1","18","Kansas","5/11/20","12","6","20189","50"
"Sumner","0","4","Kansas","5/11/20","4","0","20191","0"
"Wabaunsee","0","27","Kansas","5/11/20","27","0","20197","0"
"Wilson","0","1","Kansas","5/11/20","1","0","20205","0"
"Woodson","0","6","Kansas","5/11/20","6","0","20207","0"
"Wyandotte","30","1086","Kansas","5/11/20","879","207","20209","23.55"
"Adair","1","88","Kentucky","5/11/20","81","7","21001","8.64"
"Allen","2","29","Kentucky","5/11/20","14","15","21003","107.14"
"Anderson","0","9","Kentucky","5/11/20","9","0","21005","0"
"Ballard","0","8","Kentucky","5/11/20","8","0","21007","0"
"Barren","1","28","Kentucky","5/11/20","20","8","21009","40"
"Bath","0","6","Kentucky","5/11/20","4","2","21011","50"
"Boone","9","232","Kentucky","5/11/20","171","61","21015","35.67"
"Bourbon","0","8","Kentucky","5/11/20","9","-1","21017","-11.11"
"Boyd","0","33","Kentucky","5/11/20","31","2","21019","6.45"
"Boyle","0","17","Kentucky","5/11/20","17","0","21021","0"
"Bracken","0","9","Kentucky","5/11/20","9","0","21023","0"
"Breathitt","0","2","Kentucky","5/11/20","2","0","21025","0"
"Breckinridge","1","13","Kentucky","5/11/20","9","4","21027","44.44"
"Bullitt","4","83","Kentucky","5/11/20","56","27","21029","48.21"
"Butler","5","201","Kentucky","5/11/20","167","34","21031","20.36"
"Caldwell","0","12","Kentucky","5/11/20","12","0","21033","0"
"Calloway","1","40","Kentucky","5/11/20","35","5","21035","14.29"
"Campbell","3","118","Kentucky","5/11/20","97","21","21037","21.65"
"Carlisle","0","3","Kentucky","5/11/20","2","1","21039","50"
"Carroll","0","2","Kentucky","5/11/20","2","0","21041","0"
"Carter","0","6","Kentucky","5/11/20","6","0","21043","0"
"Casey","0","1","Kentucky","5/11/20","1","0","21045","0"
"Christian","1","95","Kentucky","5/11/20","90","5","21047","5.56"
"Clark","0","20","Kentucky","5/11/20","20","0","21049","0"
"Clay","0","2","Kentucky","5/11/20","1","1","21051","100"
"Clinton","0","3","Kentucky","5/11/20","3","0","21053","0"
"Crittenden","0","4","Kentucky","5/11/20","4","0","21055","0"
"Cumberland","0","5","Kentucky","5/11/20","5","0","21057","0"
"Daviess","7","270","Kentucky","5/11/20","223","47","21059","21.08"
"Edmonson","3","45","Kentucky","5/11/20","26","19","21061","73.08"
"Fayette","14","392","Kentucky","5/11/20","295","97","21067","32.88"
"Fleming","0","1","Kentucky","5/11/20","2","-1","21069","-50"
"Floyd","0","15","Kentucky","5/11/20","12","3","21071","25"
"Franklin","0","17","Kentucky","5/11/20","17","0","21073","0"
"Fulton","0","1","Kentucky","5/11/20","1","0","21075","0"
"Gallatin","0","1","Kentucky","5/11/20","1","0","21077","0"
"Garrard","0","3","Kentucky","5/11/20","2","1","21079","50"
"Grant","1","31","Kentucky","5/11/20","25","6","21081","24"
"Graves","1","149","Kentucky","5/11/20","141","8","21083","5.67"
"Grayson","2","98","Kentucky","5/11/20","84","14","21085","16.67"
"Green","0","1","Kentucky","5/11/20","1","0","21087","0"
"Greenup","0","13","Kentucky","5/11/20","12","1","21089","8.33"
"Hancock","0","6","Kentucky","5/11/20","6","0","21091","0"
"Hardin","2","61","Kentucky","5/11/20","49","12","21093","24.49"
"Harlan","0","1","Kentucky","5/11/20","0","1","21095","1"
"Harrison","0","19","Kentucky","5/11/20","18","1","21097","5.56"
"Hart","0","8","Kentucky","5/11/20","6","2","21099","33.33"
"Henderson","2","80","Kentucky","5/11/20","67","13","21101","19.4"
"Henry","0","10","Kentucky","5/11/20","8","2","21103","25"
"Hickman","0","5","Kentucky","5/11/20","4","1","21105","25"
"Hopkins","2","214","Kentucky","5/11/20","203","11","21107","5.42"
"Jackson","0","56","Kentucky","5/11/20","59","-3","21109","-5.08"
"Jefferson","39","1691","Kentucky","5/11/20","1419","272","21111","19.17"
"Jessamine","1","47","Kentucky","5/11/20","40","7","21113","17.5"
"Johnson","0","5","Kentucky","5/11/20","3","2","21115","66.67"
"Kenton","12","401","Kentucky","5/11/20","317","84","21117","26.5"
"Knott","0","4","Kentucky","5/11/20","4","0","21119","0"
"Knox","0","7","Kentucky","5/11/20","6","1","21121","16.67"
"Larue","0","6","Kentucky","5/11/20","5","1","21123","20"
"Laurel","1","21","Kentucky","5/11/20","17","4","21125","23.53"
"Lawrence","0","1","Kentucky","5/11/20","1","0","21127","0"
"Leslie","0","5","Kentucky","5/11/20","4","1","21131","25"
"Letcher","0","3","Kentucky","5/11/20","3","0","21133","0"
"Lewis","0","6","Kentucky","5/11/20","3","3","21135","100"
"Lincoln","0","5","Kentucky","5/11/20","5","0","21137","0"
"Livingston","0","6","Kentucky","5/11/20","6","0","21139","0"
"Logan","6","57","Kentucky","5/11/20","14","43","21141","307.14"
"Lyon","0","14","Kentucky","5/11/20","13","1","21143","7.69"
"Madison","1","34","Kentucky","5/11/20","30","4","21151","13.33"
"Marion","0","17","Kentucky","5/11/20","17","0","21155","0"
"Marshall","0","34","Kentucky","5/11/20","33","1","21157","3.03"
"Martin","0","3","Kentucky","5/11/20","3","0","21159","0"
"Mason","0","7","Kentucky","5/11/20","6","1","21161","16.67"
"McCracken","1","72","Kentucky","5/11/20","62","10","21145","16.13"
"McCreary","0","13","Kentucky","5/11/20","11","2","21147","18.18"
"McLean","0","17","Kentucky","5/11/20","16","1","21149","6.25"
"Meade","0","18","Kentucky","5/11/20","15","3","21163","20"
"Menifee","0","3","Kentucky","5/11/20","3","0","21165","0"
"Mercer","0","11","Kentucky","5/11/20","11","0","21167","0"
"Metcalfe","0","2","Kentucky","5/11/20","1","1","21169","100"
"Monroe","0","6","Kentucky","5/11/20","6","0","21171","0"
"Montgomery","0","11","Kentucky","5/11/20","11","0","21173","0"
"Morgan","0","1","Kentucky","5/11/20","1","0","21175","0"
"Muhlenberg","46","457","Kentucky","5/11/20","132","325","21177","246.21"
"Nelson","1","31","Kentucky","5/11/20","24","7","21179","29.17"
"Nicholas","0","1","Kentucky","5/11/20","1","0","21181","0"
"Ohio","3","72","Kentucky","5/11/20","53","19","21183","35.85"
"Oldham","1","37","Kentucky","5/11/20","33","4","21185","12.12"
"Owen","0","1","Kentucky","5/11/20","1","0","21187","0"
"Owsley","0","2","Kentucky","5/11/20","2","0","21189","0"
"Pendleton","0","6","Kentucky","5/11/20","5","1","21191","20"
"Perry","0","16","Kentucky","5/11/20","14","2","21193","14.29"
"Pike","0","15","Kentucky","5/11/20","13","2","21195","15.38"
"Powell","0","1","Kentucky","5/11/20","1","0","21197","0"
"Pulaski","0","44","Kentucky","5/11/20","43","1","21199","2.33"
"Rockcastle","0","13","Kentucky","5/11/20","11","2","21203","18.18"
"Rowan","1","6","Kentucky","5/11/20","2","4","21205","200"
"Russell","0","18","Kentucky","5/11/20","16","2","21207","12.5"
"Scott","1","32","Kentucky","5/11/20","24","8","21209","33.33"
"Shelby","3","52","Kentucky","5/11/20","31","21","21211","67.74"
"Simpson","1","32","Kentucky","5/11/20","28","4","21213","14.29"
"Spencer","0","17","Kentucky","5/11/20","14","3","21215","21.43"
"Taylor","0","9","Kentucky","5/11/20","8","1","21217","12.5"
"Todd","0","15","Kentucky","5/11/20","12","3","21219","25"
"Trigg","0","9","Kentucky","5/11/20","9","0","21221","0"
"Trimble","0","3","Kentucky","5/11/20","3","0","21223","0"
"Union","0","10","Kentucky","5/11/20","8","2","21225","25"
"Warren","25","573","Kentucky","5/11/20","400","173","21227","43.25"
"Washington","0","5","Kentucky","5/11/20","5","0","21229","0"
"Wayne","0","8","Kentucky","5/11/20","8","0","21231","0"
"Webster","1","29","Kentucky","5/11/20","24","5","21233","20.83"
"Whitley","0","12","Kentucky","5/11/20","11","1","21235","9.09"
"Woodford","0","18","Kentucky","5/11/20","18","0","21239","0"
"Acadia","3","152","Louisiana","5/11/20","134","18","22001","13.43"
"Allen","0","90","Louisiana","5/11/20","90","0","22003","0"
"Ascension","7","695","Louisiana","5/11/20","647","48","22005","7.42"
"Assumption","4","228","Louisiana","5/11/20","201","27","22007","13.43"
"Avoyelles","0","75","Louisiana","5/11/20","74","1","22009","1.35"
"Beauregard","0","46","Louisiana","5/11/20","43","3","22011","6.98"
"Bienville","0","77","Louisiana","5/11/20","78","-1","22013","-1.28"
"Bossier","2","312","Louisiana","5/11/20","300","12","22015","4"
"Caddo","19","1765","Louisiana","5/11/20","1629","136","22017","8.35"
"Calcasieu","5","496","Louisiana","5/11/20","464","32","22019","6.9"
"Caldwell","1","48","Louisiana","5/11/20","39","9","22021","23.08"
"Cameron","0","3","Louisiana","5/11/20","3","0","22023","0"
"Catahoula","6","85","Louisiana","5/11/20","46","39","22025","84.78"
"Claiborne","0","59","Louisiana","5/11/20","58","1","22027","1.72"
"Concordia","0","43","Louisiana","5/11/20","40","3","22029","7.5"
"De Soto","2","215","Louisiana","5/11/20","202","13","22031","6.44"
"East Baton Rouge","38","2398","Louisiana","5/11/20","2131","267","22033","12.53"
"East Carroll","2","23","Louisiana","5/11/20","8","15","22035","187.5"
"East Feliciana","1","136","Louisiana","5/11/20","130","6","22037","4.62"
"Evangeline","1","67","Louisiana","5/11/20","60","7","22039","11.67"
"Franklin","10","208","Louisiana","5/11/20","139","69","22041","49.64"
"Grant","0","18","Louisiana","5/11/20","17","1","22043","5.88"
"Iberia","2","286","Louisiana","5/11/20","270","16","22045","5.93"
"Iberville","3","501","Louisiana","5/11/20","482","19","22047","3.94"
"Jackson","3","67","Louisiana","5/11/20","47","20","22049","42.55"
"Jefferson","47","6755","Louisiana","5/11/20","6426","329","22051","5.12"
"Jefferson Davis","0","68","Louisiana","5/11/20","65","3","22053","4.62"
"Lafayette","6","508","Louisiana","5/11/20","468","40","22055","8.55"
"Lafourche","5","713","Louisiana","5/11/20","681","32","22057","4.7"
"LaSalle","1","33","Louisiana","5/11/20","27","6","22059","22.22"
"Lincoln","2","107","Louisiana","5/11/20","94","13","22061","13.83"
"Livingston","5","281","Louisiana","5/11/20","243","38","22063","15.64"
"Madison","1","13","Louisiana","5/11/20","8","5","22065","62.5"
"Morehouse","1","65","Louisiana","5/11/20","55","10","22067","18.18"
"Natchitoches","1","100","Louisiana","5/11/20","90","10","22069","11.11"
"Orleans","19","6693","Louisiana","5/11/20","6557","136","22071","2.07"
"Ouachita","8","842","Louisiana","5/11/20","785","57","22073","7.26"
"Plaquemines","1","190","Louisiana","5/11/20","181","9","22075","4.97"
"Pointe Coupee","4","136","Louisiana","5/11/20","108","28","22077","25.93"
"Rapides","10","370","Louisiana","5/11/20","300","70","22079","23.33"
"Red River","0","36","Louisiana","5/11/20","33","3","22081","9.09"
"Richland","3","103","Louisiana","5/11/20","82","21","22083","25.61"
"Sabine","0","19","Louisiana","5/11/20","17","2","22085","11.76"
"St. Bernard","5","514","Louisiana","5/11/20","480","34","22087","7.08"
"St. Charles","2","595","Louisiana","5/11/20","584","11","22089","1.88"
"St. Helena","1","35","Louisiana","5/11/20","31","4","22091","12.9"
"St. James","0","256","Louisiana","5/11/20","253","3","22093","1.19"
"St. John the Baptist","3","801","Louisiana","5/11/20","777","24","22095","3.09"
"St. Landry","3","214","Louisiana","5/11/20","191","23","22097","12.04"
"St. Martin","2","260","Louisiana","5/11/20","244","16","22099","6.56"
"St. Mary","6","250","Louisiana","5/11/20","209","41","22101","19.62"
"St. Tammany","17","1463","Louisiana","5/11/20","1341","122","22103","9.1"
"Tangipahoa","12","670","Louisiana","5/11/20","588","82","22105","13.95"
"Tensas","1","6","Louisiana","5/11/20","2","4","22107","200"
"Terrebonne","9","528","Louisiana","5/11/20","466","62","22109","13.3"
"Union","4","169","Louisiana","5/11/20","143","26","22111","18.18"
"Vermilion","0","41","Louisiana","5/11/20","38","3","22113","7.89"
"Vernon","0","18","Louisiana","5/11/20","16","2","22115","12.5"
"Washington","7","342","Louisiana","5/11/20","291","51","22117","17.53"
"Webster","1","100","Louisiana","5/11/20","92","8","22119","8.7"
"West Baton Rouge","2","123","Louisiana","5/11/20","111","12","22121","10.81"
"West Carroll","0","5","Louisiana","5/11/20","4","1","22123","25"
"West Feliciana","4","184","Louisiana","5/11/20","153","31","22125","20.26"
"Winn","1","52","Louisiana","5/11/20","44","8","22127","18.18"
"Androscoggin","5","92","Maine","5/11/20","60","32","23001","53.33"
"Aroostook","0","6","Maine","5/11/20","5","1","23003","20"
"Cumberland","22","714","Maine","5/11/20","558","156","23005","27.96"
"Franklin","0","31","Maine","5/11/20","29","2","23007","6.9"
"Hancock","0","10","Maine","5/11/20","10","0","23009","0"
"Kennebec","1","110","Maine","5/11/20","105","5","23011","4.76"
"Knox","0","19","Maine","5/11/20","16","3","23013","18.75"
"Lincoln","0","15","Maine","5/11/20","13","2","23015","15.38"
"Oxford","0","17","Maine","5/11/20","15","2","23017","13.33"
"Penobscot","1","90","Maine","5/11/20","85","5","23019","5.88"
"Piscataquis","0","1","Maine","5/11/20","1","0","23021","0"
"Sagadahoc","0","21","Maine","5/11/20","19","2","23023","10.53"
"Somerset","0","17","Maine","5/11/20","17","0","23025","0"
"Waldo","0","49","Maine","5/11/20","49","0","23027","0"
"Washington","0","2","Maine","5/11/20","2","0","23029","0"
"York","6","262","Maine","5/11/20","219","43","23031","19.63"
"Allegany","3","146","Maryland","5/11/20","126","20","24001","15.87"
"Anne Arundel","68","2492","Maryland","5/11/20","2018","474","24003","23.49"
"Baltimore","71","3948","Maryland","5/11/20","3448","500","24005","14.5"
"Baltimore City","135","3353","Maryland","5/11/20","2411","942","24510","39.07"
"Calvert","5","209","Maryland","5/11/20","171","38","24009","22.22"
"Caroline","10","167","Maryland","5/11/20","98","69","24011","70.41"
"Carroll","11","583","Maryland","5/11/20","506","77","24013","15.22"
"Cecil","10","267","Maryland","5/11/20","194","73","24015","37.63"
"Charles","15","756","Maryland","5/11/20","651","105","24017","16.13"
"Dorchester","3","98","Maryland","5/11/20","75","23","24019","30.67"
"Frederick","33","1267","Maryland","5/11/20","1038","229","24021","22.06"
"Garrett","0","6","Maryland","5/11/20","4","2","24023","50"
"Harford","16","605","Maryland","5/11/20","491","114","24025","23.22"
"Howard","33","1223","Maryland","5/11/20","992","231","24027","23.29"
"Kent","3","116","Maryland","5/11/20","95","21","24029","22.11"
"Montgomery","218","6909","Maryland","5/11/20","5384","1525","24031","28.32"
"Prince George's","298","9687","Maryland","5/11/20","7598","2089","24033","27.49"
"Queen Anne's","5","100","Maryland","5/11/20","63","37","24035","58.73"
"Somerset","2","50","Maryland","5/11/20","35","15","24039","42.86"
"St. Mary's","11","244","Maryland","5/11/20","168","76","24037","45.24"
"Talbot","2","61","Maryland","5/11/20","45","16","24041","35.56"
"Washington","7","283","Maryland","5/11/20","237","46","24043","19.41"
"Wicomico","30","690","Maryland","5/11/20","480","210","24045","43.75"
"Worcester","5","113","Maryland","5/11/20","80","33","24047","41.25"
"Barnstable","20","1138","Massachusetts","5/11/20","997","141","25001","14.14"
"Berkshire","4","489","Massachusetts","5/11/20","460","29","25003","6.3"
"Bristol","132","5093","Massachusetts","5/11/20","4169","924","25005","22.16"
"Dukes and Nantucket","1","41","Massachusetts","5/11/20","34","7","00000","20.59"
"Essex","246","11665","Massachusetts","5/11/20","9941","1724","25009","17.34"
"Franklin","4","305","Massachusetts","5/11/20","279","26","25011","9.32"
"Hampden","96","4843","Massachusetts","5/11/20","4171","672","25013","16.11"
"Hampshire","19","710","Massachusetts","5/11/20","579","131","25015","22.63"
"Middlesex","311","18197","Massachusetts","5/11/20","16020","2177","25017","13.59"
"Norfolk","102","7303","Massachusetts","5/11/20","6588","715","25021","10.85"
"Plymouth","131","6661","Massachusetts","5/11/20","5747","914","25023","15.9"
"Suffolk","221","15686","Massachusetts","5/11/20","14141","1545","25025","10.93"
"Worcester","198","7956","Massachusetts","5/11/20","6567","1389","25027","21.15"
"Alcona","0","7","Michigan","5/11/20","7","0","26001","0"
"Allegan","6","186","Michigan","5/11/20","142","44","26005","30.99"
"Alpena","1","94","Michigan","5/11/20","90","4","26007","4.44"
"Antrim","0","11","Michigan","5/11/20","11","0","26009","0"
"Arenac","0","31","Michigan","5/11/20","32","-1","26011","-3.12"
"Baraga","0","1","Michigan","5/11/20","1","0","26013","0"
"Barry","2","64","Michigan","5/11/20","50","14","26015","28"
"Bay","7","237","Michigan","5/11/20","191","46","26017","24.08"
"Benzie","0","4","Michigan","5/11/20","4","0","26019","0"
"Berrien","16","521","Michigan","5/11/20","411","110","26021","26.76"
"Branch","2","86","Michigan","5/11/20","71","15","26023","21.13"
"Calhoun","4","301","Michigan","5/11/20","273","28","26025","10.26"
"Cass","1","53","Michigan","5/11/20","44","9","26027","20.45"
"Charlevoix","0","14","Michigan","5/11/20","14","0","26029","0"
"Cheboygan","0","24","Michigan","5/11/20","24","0","26031","0"
"Chippewa","0","3","Michigan","5/11/20","3","0","26033","0"
"Clare","0","12","Michigan","5/11/20","11","1","26035","9.09"
"Clinton","2","144","Michigan","5/11/20","132","12","26037","9.09"
"Crawford","0","61","Michigan","5/11/20","60","1","26039","1.67"
"Delta","0","15","Michigan","5/11/20","14","1","26041","7.14"
"Dickinson","0","5","Michigan","5/11/20","3","2","26043","66.67"
"Eaton","3","178","Michigan","5/11/20","156","22","26045","14.1"
"Emmet","0","25","Michigan","5/11/20","25","0","26047","0"
"Federal Correctional Institution (FCI)","3","114","Michigan","5/11/20","95","19","00000","20"
"Genesee","29","1992","Michigan","5/11/20","1788","204","26049","11.41"
"Gladwin","0","17","Michigan","5/11/20","14","3","26051","21.43"
"Gogebic","0","4","Michigan","5/11/20","5","-1","26053","-20"
"Grand Traverse","0","21","Michigan","5/11/20","21","0","26055","0"
"Gratiot","1","37","Michigan","5/11/20","27","10","26057","37.04"
"Hillsdale","3","156","Michigan","5/11/20","133","23","26059","17.29"
"Houghton","0","2","Michigan","5/11/20","2","0","26061","0"
"Huron","2","43","Michigan","5/11/20","31","12","26063","38.71"
"Ingham","13","616","Michigan","5/11/20","527","89","26065","16.89"
"Ionia","3","120","Michigan","5/11/20","98","22","26067","22.45"
"Iosco","1","67","Michigan","5/11/20","63","4","26069","6.35"
"Isabella","0","77","Michigan","5/11/20","76","1","26073","1.32"
"Jackson","5","421","Michigan","5/11/20","384","37","26075","9.64"
"Kalamazoo","21","662","Michigan","5/11/20","516","146","26077","28.29"
"Kalkaska","0","29","Michigan","5/11/20","28","1","26079","3.57"
"Kent","72","2503","Michigan","5/11/20","2000","503","26081","25.15"
"Lake","0","3","Michigan","5/11/20","3","0","26085","0"
"Lapeer","1","188","Michigan","5/11/20","181","7","26087","3.87"
"Leelanau","0","9","Michigan","5/11/20","9","0","26089","0"
"Lenawee","3","160","Michigan","5/11/20","136","24","26091","17.65"
"Livingston","5","448","Michigan","5/11/20","416","32","26093","7.69"
"Luce","0","1","Michigan","5/11/20","1","0","26095","0"
"Mackinac","0","6","Michigan","5/11/20","6","0","26097","0"
"Macomb","51","6143","Michigan","5/11/20","5788","355","26099","6.13"
"Manistee","0","12","Michigan","5/11/20","12","0","26101","0"
"Marquette","0","51","Michigan","5/11/20","50","1","26103","2"
"Mason","1","25","Michigan","5/11/20","15","10","26105","66.67"
"Mecosta","0","19","Michigan","5/11/20","17","2","26107","11.76"
"Menominee","0","6","Michigan","5/11/20","6","0","26109","0"
"Michigan Department of Corrections (MDOC)","43","2169","Michigan","5/11/20","1870","299","00000","15.99"
"Midland","1","99","Michigan","5/11/20","91","8","26111","8.79"
"Missaukee","0","22","Michigan","5/11/20","22","0","26113","0"
"Monroe","11","421","Michigan","5/11/20","343","78","26115","22.74"
"Montcalm","0","49","Michigan","5/11/20","47","2","26117","4.26"
"Montmorency","0","5","Michigan","5/11/20","5","0","26119","0"
"Muskegon","10","385","Michigan","5/11/20","313","72","26121","23"
"Newaygo","1","38","Michigan","5/11/20","31","7","26123","22.58"
"Oakland","79","8880","Michigan","5/11/20","8324","556","26125","6.68"
"Oceana","2","38","Michigan","5/11/20","23","15","26127","65.22"
"Ogemaw","0","21","Michigan","5/11/20","19","2","26129","10.53"
"Osceola","0","11","Michigan","5/11/20","10","1","26133","10"
"Oscoda","0","7","Michigan","5/11/20","6","1","26135","16.67"
"Otsego","1","116","Michigan","5/11/20","111","5","26137","4.5"
"Ottawa","15","468","Michigan","5/11/20","360","108","26139","30"
"Out of MI","1","26","Michigan","5/11/20","22","4","80026","18.18"
"Presque Isle","0","11","Michigan","5/11/20","11","0","26141","0"
"Roscommon","0","22","Michigan","5/11/20","20","2","26143","10"
"Saginaw","12","824","Michigan","5/11/20","739","85","26145","11.5"
"Sanilac","0","39","Michigan","5/11/20","37","2","26151","5.41"
"Schoolcraft","0","4","Michigan","5/11/20","3","1","26153","33.33"
"Shiawassee","4","227","Michigan","5/11/20","200","27","26155","13.5"
"St. Clair","4","412","Michigan","5/11/20","384","28","26147","7.29"
"St. Joseph","3","67","Michigan","5/11/20","43","24","26149","55.81"
"Tuscola","4","141","Michigan","5/11/20","115","26","26157","22.61"
"Van Buren","4","110","Michigan","5/11/20","83","27","26159","32.53"
"Washtenaw","12","1322","Michigan","5/11/20","1237","85","26161","6.87"
"Wayne","144","18645","Michigan","5/11/20","17640","1005","26163","5.7"
"Wexford","0","13","Michigan","5/11/20","11","2","26165","18.18"
"Aitkin","0","2","Minnesota","5/11/20","1","1","27001","100"
"Anoka","39","571","Minnesota","5/11/20","299","272","27003","90.97"
"Becker","2","25","Minnesota","5/11/20","13","12","27005","92.31"
"Beltrami","0","6","Minnesota","5/11/20","6","0","27007","0"
"Benton","8","93","Minnesota","5/11/20","35","58","27009","165.71"
"Big Stone","0","2","Minnesota","5/11/20","2","0","27011","0"
"Blue Earth","2","67","Minnesota","5/11/20","50","17","27013","34"
"Brown","0","9","Minnesota","5/11/20","9","0","27015","0"
"Carlton","1","64","Minnesota","5/11/20","60","4","27017","6.67"
"Carver","9","92","Minnesota","5/11/20","27","65","27019","240.74"
"Cass","0","8","Minnesota","5/11/20","7","1","27021","14.29"
"Chippewa","2","14","Minnesota","5/11/20","3","11","27023","366.67"
"Chisago","1","20","Minnesota","5/11/20","13","7","27025","53.85"
"Clay","8","247","Minnesota","5/11/20","190","57","27027","30"
"Clearwater","0","2","Minnesota","5/11/20","2","0","27029","0"
"Cottonwood","1","47","Minnesota","5/11/20","37","10","27033","27.03"
"Crow Wing","0","23","Minnesota","5/11/20","21","2","27035","9.52"
"Dakota","37","471","Minnesota","5/11/20","215","256","27037","119.07"
"Dodge","1","26","Minnesota","5/11/20","21","5","27039","23.81"
"Douglas","1","16","Minnesota","5/11/20","7","9","27041","128.57"
"Faribault","0","10","Minnesota","5/11/20","7","3","27043","42.86"
"Fillmore","0","13","Minnesota","5/11/20","13","0","27045","0"
"Freeborn","1","46","Minnesota","5/11/20","36","10","27047","27.78"
"Goodhue","0","25","Minnesota","5/11/20","23","2","27049","8.7"
"Grant","0","2","Minnesota","5/11/20","1","1","27051","100"
"Hennepin","207","3744","Minnesota","5/11/20","2298","1446","27053","62.92"
"Houston","0","2","Minnesota","5/11/20","1","1","27055","100"
"Isanti","0","8","Minnesota","5/11/20","6","2","27059","33.33"
"Itasca","3","33","Minnesota","5/11/20","12","21","27061","175"
"Jackson","1","33","Minnesota","5/11/20","24","9","27063","37.5"
"Kanabec","1","10","Minnesota","5/11/20","1","9","27065","900"
"Kandiyohi","18","316","Minnesota","5/11/20","188","128","27067","68.09"
"Kittson","0","1","Minnesota","5/11/20","1","0","27069","0"
"Koochiching","0","2","Minnesota","5/11/20","1","1","27071","100"
"Lac qui Parle","0","2","Minnesota","5/11/20","2","0","27073","0"
"Lake","0","1","Minnesota","5/11/20","0","1","27075","1"
"Le Sueur","1","30","Minnesota","5/11/20","26","4","27079","15.38"
"Lincoln","0","4","Minnesota","5/11/20","3","1","27081","33.33"
"Lyon","1","18","Minnesota","5/11/20","9","9","27083","100"
"Mahnomen","0","3","Minnesota","5/11/20","2","1","27087","50"
"Marshall","0","8","Minnesota","5/11/20","7","1","27089","14.29"
"Martin","1","112","Minnesota","5/11/20","108","4","27091","3.7"
"McLeod","1","13","Minnesota","5/11/20","4","9","27085","225"
"Meeker","1","21","Minnesota","5/11/20","17","4","27093","23.53"
"Mille Lacs","1","7","Minnesota","5/11/20","3","4","27095","133.33"
"Morrison","1","14","Minnesota","5/11/20","6","8","27097","133.33"
"Mower","2","45","Minnesota","5/11/20","32","13","27099","40.62"
"Murray","2","29","Minnesota","5/11/20","17","12","27101","70.59"
"Nicollet","1","21","Minnesota","5/11/20","16","5","27103","31.25"
"Nobles","37","1269","Minnesota","5/11/20","1011","258","27105","25.52"
"Norman","0","10","Minnesota","5/11/20","9","1","27107","11.11"
"Olmsted","10","374","Minnesota","5/11/20","305","69","27109","22.62"
"Otter Tail","1","25","Minnesota","5/11/20","18","7","27111","38.89"
"Pennington","0","1","Minnesota","5/11/20","1","0","27113","0"
"Pine","2","73","Minnesota","5/11/20","60","13","27115","21.67"
"Pipestone","0","7","Minnesota","5/11/20","4","3","27117","75"
"Polk","2","53","Minnesota","5/11/20","42","11","27119","26.19"
"Pope","1","5","Minnesota","5/11/20","0","5","27121","1"
"Ramsey","64","986","Minnesota","5/11/20","535","451","27123","84.3"
"Red Lake","0","2","Minnesota","5/11/20","1","1","27125","100"
"Redwood","0","3","Minnesota","5/11/20","3","0","27127","0"
"Renville","0","6","Minnesota","5/11/20","5","1","27129","20"
"Rice","15","126","Minnesota","5/11/20","24","102","27131","425"
"Rock","0","19","Minnesota","5/11/20","16","3","27133","18.75"
"Roseau","0","1","Minnesota","5/11/20","1","0","27135","0"
"Scott","13","155","Minnesota","5/11/20","63","92","27139","146.03"
"Sherburne","8","114","Minnesota","5/11/20","61","53","27141","86.89"
"Sibley","0","4","Minnesota","5/11/20","2","2","27143","100"
"St. Louis","2","96","Minnesota","5/11/20","79","17","27137","21.52"
"Stearns","102","1443","Minnesota","5/11/20","728","715","27145","98.21"
"Steele","6","65","Minnesota","5/11/20","24","41","27147","170.83"
"Stevens","0","1","Minnesota","5/11/20","0","1","27149","1"
"Swift","1","8","Minnesota","5/11/20","2","6","27151","300"
"Todd","3","38","Minnesota","5/11/20","15","23","27153","153.33"
"Traverse","0","3","Minnesota","5/11/20","2","1","27155","50"
"Wabasha","0","13","Minnesota","5/11/20","10","3","27157","30"
"Wadena","0","4","Minnesota","5/11/20","2","2","27159","100"
"Waseca","1","16","Minnesota","5/11/20","6","10","27161","166.67"
"Washington","15","256","Minnesota","5/11/20","152","104","27163","68.42"
"Watonwan","1","25","Minnesota","5/11/20","15","10","27165","66.67"
"Wilkin","0","11","Minnesota","5/11/20","11","0","27167","0"
"Winona","1","71","Minnesota","5/11/20","67","4","27169","5.97"
"Wright","8","110","Minnesota","5/11/20","54","56","27171","103.7"
"Yellow Medicine","0","3","Minnesota","5/11/20","3","0","27173","0"
"Adams","2","160","Mississippi","5/11/20","149","11","28001","7.38"
"Alcorn","0","10","Mississippi","5/11/20","10","0","28003","0"
"Amite","1","38","Mississippi","5/11/20","30","8","28005","26.67"
"Attala","10","196","Mississippi","5/11/20","128","68","28007","53.12"
"Benton","0","13","Mississippi","5/11/20","12","1","28009","8.33"
"Bolivar","1","118","Mississippi","5/11/20","110","8","28011","7.27"
"Calhoun","0","58","Mississippi","5/11/20","56","2","28013","3.57"
"Carroll","4","103","Mississippi","5/11/20","77","26","28015","33.77"
"Chickasaw","2","93","Mississippi","5/11/20","78","15","28017","19.23"
"Choctaw","0","16","Mississippi","5/11/20","14","2","28019","14.29"
"Claiborne","2","41","Mississippi","5/11/20","30","11","28021","36.67"
"Clarke","3","84","Mississippi","5/11/20","62","22","28023","35.48"
"Clay","2","66","Mississippi","5/11/20","52","14","28025","26.92"
"Coahoma","0","71","Mississippi","5/11/20","70","1","28027","1.43"
"Copiah","6","163","Mississippi","5/11/20","124","39","28029","31.45"
"Covington","3","93","Mississippi","5/11/20","74","19","28031","25.68"
"DeSoto","5","336","Mississippi","5/11/20","304","32","28033","10.53"
"Forrest","10","315","Mississippi","5/11/20","248","67","28035","27.02"
"Franklin","0","18","Mississippi","5/11/20","18","0","28037","0"
"George","0","15","Mississippi","5/11/20","14","1","28039","7.14"
"Greene","0","6","Mississippi","5/11/20","6","0","28041","0"
"Grenada","2","52","Mississippi","5/11/20","35","17","28043","48.57"
"Hancock","1","74","Mississippi","5/11/20","68","6","28045","8.82"
"Harrison","2","198","Mississippi","5/11/20","184","14","28047","7.61"
"Hinds","19","675","Mississippi","5/11/20","542","133","28049","24.54"
"Holmes","8","223","Mississippi","5/11/20","168","55","28051","32.74"
"Humphreys","1","34","Mississippi","5/11/20","25","9","28053","36"
"Itawamba","1","69","Mississippi","5/11/20","64","5","28057","7.81"
"Jackson","1","276","Mississippi","5/11/20","267","9","28059","3.37"
"Jasper","4","89","Mississippi","5/11/20","62","27","28061","43.55"
"Jefferson","1","31","Mississippi","5/11/20","23","8","28063","34.78"
"Jefferson Davis","2","55","Mississippi","5/11/20","43","12","28065","27.91"
"Jones","9","249","Mississippi","5/11/20","185","64","28067","34.59"
"Kemper","2","93","Mississippi","5/11/20","79","14","28069","17.72"
"Lafayette","1","101","Mississippi","5/11/20","93","8","28071","8.6"
"Lamar","5","156","Mississippi","5/11/20","121","35","28073","28.93"
"Lauderdale","9","492","Mississippi","5/11/20","432","60","28075","13.89"
"Lawrence","2","66","Mississippi","5/11/20","53","13","28077","24.53"
"Leake","9","307","Mississippi","5/11/20","247","60","28079","24.29"
"Lee","1","80","Mississippi","5/11/20","72","8","28081","11.11"
"Leflore","2","185","Mississippi","5/11/20","174","11","28083","6.32"
"Lincoln","5","186","Mississippi","5/11/20","154","32","28085","20.78"
"Lowndes","4","86","Mississippi","5/11/20","61","25","28087","40.98"
"Madison","26","466","Mississippi","5/11/20","286","180","28089","62.94"
"Marion","1","84","Mississippi","5/11/20","75","9","28091","12"
"Marshall","1","56","Mississippi","5/11/20","48","8","28093","16.67"
"Monroe","3","199","Mississippi","5/11/20","175","24","28095","13.71"
"Montgomery","5","69","Mississippi","5/11/20","35","34","28097","97.14"
"Neshoba","14","320","Mississippi","5/11/20","222","98","28099","44.14"
"Newton","7","142","Mississippi","5/11/20","93","49","28101","52.69"
"Noxubee","2","105","Mississippi","5/11/20","88","17","28103","19.32"
"Oktibbeha","5","89","Mississippi","5/11/20","54","35","28105","64.81"
"Panola","0","43","Mississippi","5/11/20","40","3","28107","7.5"
"Pearl River","1","190","Mississippi","5/11/20","181","9","28109","4.97"
"Perry","0","34","Mississippi","5/11/20","31","3","28111","9.68"
"Pike","2","170","Mississippi","5/11/20","155","15","28113","9.68"
"Pontotoc","0","23","Mississippi","5/11/20","22","1","28115","4.55"
"Prentiss","1","36","Mississippi","5/11/20","32","4","28117","12.5"
"Quitman","0","17","Mississippi","5/11/20","16","1","28119","6.25"
"Rankin","6","251","Mississippi","5/11/20","207","44","28121","21.26"
"Scott","13","462","Mississippi","5/11/20","369","93","28123","25.2"
"Sharkey","0","5","Mississippi","5/11/20","5","0","28125","0"
"Simpson","2","62","Mississippi","5/11/20","49","13","28127","26.53"
"Smith","3","104","Mississippi","5/11/20","81","23","28129","28.4"
"Stone","0","24","Mississippi","5/11/20","22","2","28131","9.09"
"Sunflower","1","63","Mississippi","5/11/20","57","6","28133","10.53"
"Tallahatchie","0","12","Mississippi","5/11/20","12","0","28135","0"
"Tate","1","52","Mississippi","5/11/20","45","7","28137","15.56"
"Tippah","1","66","Mississippi","5/11/20","58","8","28139","13.79"
"Tishomingo","0","10","Mississippi","5/11/20","8","2","28141","25"
"Tunica","0","39","Mississippi","5/11/20","36","3","28143","8.33"
"Union","3","50","Mississippi","5/11/20","30","20","28145","66.67"
"Walthall","1","41","Mississippi","5/11/20","33","8","28147","24.24"
"Warren","5","117","Mississippi","5/11/20","83","34","28149","40.96"
"Washington","1","85","Mississippi","5/11/20","77","8","28151","10.39"
"Wayne","1","28","Mississippi","5/11/20","24","4","28153","16.67"
"Webster","0","22","Mississippi","5/11/20","20","2","28155","10"
"Wilkinson","1","77","Mississippi","5/11/20","70","7","28157","10"
"Winston","2","66","Mississippi","5/11/20","49","17","28159","34.69"
"Yalobusha","2","36","Mississippi","5/11/20","20","16","28161","80"
"Yazoo","3","169","Mississippi","5/11/20","151","18","28163","11.92"
"Adair","0","12","Missouri","5/11/20","12","0","29001","0"
"Andrew","0","8","Missouri","5/11/20","6","2","29003","33.33"
"Atchison","0","2","Missouri","5/11/20","2","0","29005","0"
"Audrain","0","2","Missouri","5/11/20","1","1","29007","100"
"Barry","0","6","Missouri","5/11/20","6","0","29009","0"
"Bates","0","6","Missouri","5/11/20","6","0","29013","0"
"Benton","0","8","Missouri","5/11/20","8","0","29015","0"
"Bollinger","0","4","Missouri","5/11/20","4","0","29017","0"
"Boone","0","100","Missouri","5/11/20","97","3","29019","3.09"
"Buchanan","15","447","Missouri","5/11/20","341","106","29021","31.09"
"Butler","0","27","Missouri","5/11/20","26","1","29023","3.85"
"Caldwell","0","3","Missouri","5/11/20","3","0","29025","0"
"Callaway","0","23","Missouri","5/11/20","23","0","29027","0"
"Camden","0","36","Missouri","5/11/20","35","1","29029","2.86"
"Cape Girardeau","0","51","Missouri","5/11/20","49","2","29031","4.08"
"Carroll","0","3","Missouri","5/11/20","3","0","29033","0"
"Carter","0","3","Missouri","5/11/20","3","0","29035","0"
"Cass","1","69","Missouri","5/11/20","63","6","29037","9.52"
"Cedar","1","9","Missouri","5/11/20","5","4","29039","80"
"Chariton","0","5","Missouri","5/11/20","5","0","29041","0"
"Christian","0","20","Missouri","5/11/20","19","1","29043","5.26"
"Clark","0","1","Missouri","5/11/20","1","0","29045","0"
"Clay","2","96","Missouri","5/11/20","80","16","29047","20"
"Clinton","0","14","Missouri","5/11/20","11","3","29049","27.27"
"Cole","0","56","Missouri","5/11/20","54","2","29051","3.7"
"Cooper","0","9","Missouri","5/11/20","9","0","29053","0"
"Crawford","0","8","Missouri","5/11/20","8","0","29055","0"
"Dallas","0","2","Missouri","5/11/20","2","0","29059","0"
"Daviess","0","3","Missouri","5/11/20","3","0","29061","0"
"DeKalb","0","4","Missouri","5/11/20","3","1","29063","33.33"
"Dunklin","0","24","Missouri","5/11/20","23","1","29069","4.35"
"Franklin","1","130","Missouri","5/11/20","125","5","29071","4"
"Gasconade","0","2","Missouri","5/11/20","3","-1","29073","-33.33"
"Gentry","0","1","Missouri","5/11/20","1","0","29075","0"
"Greene","1","103","Missouri","5/11/20","99","4","29077","4.04"
"Harrison","0","6","Missouri","5/11/20","6","0","29081","0"
"Henry","0","9","Missouri","5/11/20","7","2","29083","28.57"
"Holt","0","1","Missouri","5/11/20","1","0","29087","0"
"Howard","0","3","Missouri","5/11/20","2","1","29089","50"
"Howell","0","5","Missouri","5/11/20","5","0","29091","0"
"Iron","0","2","Missouri","5/11/20","2","0","29093","0"
"Jackson","8","388","Missouri","5/11/20","335","53","29095","15.82"
"Jasper","0","28","Missouri","5/11/20","25","3","29097","12"
"Jefferson","3","309","Missouri","5/11/20","290","19","29099","6.55"
"Johnson","1","63","Missouri","5/11/20","59","4","29101","6.78"
"Kansas City","18","783","Missouri","5/11/20","659","124","00000","18.82"
"Laclede","0","2","Missouri","5/11/20","0","2","29105","1"
"Lafayette","2","62","Missouri","5/11/20","45","17","29107","37.78"
"Lawrence","1","7","Missouri","5/11/20","0","7","29109","1"
"Lewis","0","6","Missouri","5/11/20","6","0","29111","0"
"Lincoln","4","103","Missouri","5/11/20","74","29","29113","39.19"
"Linn","0","5","Missouri","5/11/20","5","0","29115","0"
"Livingston","0","3","Missouri","5/11/20","2","1","29117","50"
"Macon","0","2","Missouri","5/11/20","2","0","29121","0"
"Madison","0","3","Missouri","5/11/20","1","2","29123","200"
"Maries","0","2","Missouri","5/11/20","2","0","29125","0"
"Marion","0","5","Missouri","5/11/20","5","0","29127","0"
"McDonald","0","5","Missouri","5/11/20","4","1","29119","25"
"Miller","0","3","Missouri","5/11/20","2","1","29131","50"
"Mississippi","3","49","Missouri","5/11/20","29","20","29133","68.97"
"Moniteau","-1","44","Missouri","5/11/20","52","-8","29135","-15.38"
"Montgomery","0","7","Missouri","5/11/20","7","0","29139","0"
"Morgan","0","7","Missouri","5/11/20","5","2","29141","40"
"New Madrid","0","12","Missouri","5/11/20","11","1","29143","9.09"
"Newton","0","11","Missouri","5/11/20","10","1","29145","10"
"Nodaway","0","5","Missouri","5/11/20","4","1","29147","25"
"Oregon","0","2","Missouri","5/11/20","2","0","29149","0"
"Osage","0","5","Missouri","5/11/20","5","0","29151","0"
"Pemiscot","4","65","Missouri","5/11/20","40","25","29155","62.5"
"Perry","0","45","Missouri","5/11/20","43","2","29157","4.65"
"Pettis","3","67","Missouri","5/11/20","48","19","29159","39.58"
"Phelps","0","2","Missouri","5/11/20","2","0","29161","0"
"Pike","0","13","Missouri","5/11/20","11","2","29163","18.18"
"Platte","2","45","Missouri","5/11/20","34","11","29165","32.35"
"Polk","0","1","Missouri","5/11/20","1","0","29167","0"
"Pulaski","0","36","Missouri","5/11/20","36","0","29169","0"
"Ralls","0","1","Missouri","5/11/20","1","0","29173","0"
"Randolph","0","8","Missouri","5/11/20","8","0","29175","0"
"Ray","0","12","Missouri","5/11/20","12","0","29177","0"
"Reynolds","0","2","Missouri","5/11/20","2","0","29179","0"
"Ripley","0","5","Missouri","5/11/20","5","0","29181","0"
"Saline","2","219","Missouri","5/11/20","204","15","29195","7.35"
"Scotland","0","4","Missouri","5/11/20","4","0","29199","0"
"Scott","1","81","Missouri","5/11/20","76","5","29201","6.58"
"Shelby","0","1","Missouri","5/11/20","1","0","29205","0"
"St. Charles","9","673","Missouri","5/11/20","612","61","29183","9.97"
"St. Clair","0","2","Missouri","5/11/20","2","0","29185","0"
"St. Francois","1","33","Missouri","5/11/20","28","5","29187","17.86"
"St. Louis","62","4006","Missouri","5/11/20","3573","433","29189","12.12"
"St. Louis City","26","1526","Missouri","5/11/20","1346","180","29510","13.37"
"Ste. Genevieve","0","8","Missouri","5/11/20","9","-1","29186","-11.11"
"Stoddard","1","29","Missouri","5/11/20","21","8","29207","38.1"
"Stone","0","3","Missouri","5/11/20","3","0","29209","0"
"Sullivan","0","1","Missouri","5/11/20","0","1","29211","1"
"Taney","0","12","Missouri","5/11/20","12","0","29213","0"
"Vernon","0","4","Missouri","5/11/20","4","0","29217","0"
"Warren","1","28","Missouri","5/11/20","22","6","29219","27.27"
"Washington","0","9","Missouri","5/11/20","9","0","29221","0"
"Webster","0","16","Missouri","5/11/20","15","1","29225","6.67"
"Worth","0","1","Missouri","5/11/20","1","0","29227","0"
"Wright","0","10","Missouri","5/11/20","10","0","29229","0"
"Beaverhead","0","1","Montana","5/11/20","1","0","30001","0"
"Big Horn","0","3","Montana","5/11/20","3","0","30003","0"
"Broadwater","0","4","Montana","5/11/20","4","0","30007","0"
"Carbon","0","6","Montana","5/11/20","6","0","30009","0"
"Cascade","0","16","Montana","5/11/20","16","0","30013","0"
"Deer Lodge","0","3","Montana","5/11/20","3","0","30023","0"
"Fergus","0","0","Montana","5/11/20","1","-1","30027","-100"
"Flathead","0","37","Montana","5/11/20","37","0","30029","0"
"Gallatin","0","149","Montana","5/11/20","146","3","30031","2.05"
"Glacier","0","6","Montana","5/11/20","6","0","30035","0"
"Golden Valley","0","3","Montana","5/11/20","3","0","30037","0"
"Hill","0","1","Montana","5/11/20","1","0","30041","0"
"Jefferson","0","3","Montana","5/11/20","2","1","30043","50"
"Lake","0","5","Montana","5/11/20","5","0","30047","0"
"Lewis and Clark","0","16","Montana","5/11/20","16","0","30049","0"
"Liberty","0","1","Montana","5/11/20","1","0","30051","0"
"Lincoln","0","7","Montana","5/11/20","7","0","30053","0"
"Madison","0","8","Montana","5/11/20","8","0","30057","0"
"Meagher","0","1","Montana","5/11/20","1","0","30059","0"
"Missoula","0","39","Montana","5/11/20","39","0","30063","0"
"Musselshell","0","1","Montana","5/11/20","1","0","30065","0"
"Park","0","8","Montana","5/11/20","8","0","30067","0"
"Pondera","0","2","Montana","5/11/20","2","0","30073","0"
"Ravalli","0","5","Montana","5/11/20","5","0","30081","0"
"Richland","0","3","Montana","5/11/20","3","0","30083","0"
"Roosevelt","0","7","Montana","5/11/20","7","0","30085","0"
"Silver Bow","0","11","Montana","5/11/20","11","0","30093","0"
"Stillwater","0","1","Montana","5/11/20","1","0","30095","0"
"Toole","0","29","Montana","5/11/20","29","0","30101","0"
"Wheatland","0","1","Montana","5/11/20","1","0","30107","0"
"Yellowstone","0","82","Montana","5/11/20","83","-1","30111","-1.2"
"Adams","3","227","Nebraska","5/11/20","204","23","31001","11.27"
"Antelope","0","5","Nebraska","5/11/20","4","1","31003","25"
"Boone","0","2","Nebraska","5/11/20","0","2","31011","1"
"Box Butte","0","1","Nebraska","5/11/20","1","0","31013","0"
"Buffalo","1","121","Nebraska","5/11/20","116","5","31019","4.31"
"Burt","0","6","Nebraska","5/11/20","5","1","31021","20"
"Butler","2","22","Nebraska","5/11/20","7","15","31023","214.29"
"Cass","1","11","Nebraska","5/11/20","6","5","31025","83.33"
"Cedar","0","6","Nebraska","5/11/20","4","2","31027","50"
"Cherry","0","1","Nebraska","5/11/20","1","0","31031","0"
"Cheyenne","0","8","Nebraska","5/11/20","7","1","31033","14.29"
"Clay","0","11","Nebraska","5/11/20","13","-2","31035","-15.38"
"Colfax","25","419","Nebraska","5/11/20","241","178","31037","73.86"
"Cuming","1","14","Nebraska","5/11/20","9","5","31039","55.56"
"Custer","0","27","Nebraska","5/11/20","26","1","31041","3.85"
"Dakota","57","1378","Nebraska","5/11/20","980","398","31043","40.61"
"Dawes","0","1","Nebraska","5/11/20","0","1","31045","1"
"Dawson","23","712","Nebraska","5/11/20","552","160","31047","28.99"
"Dixon","1","24","Nebraska","5/11/20","14","10","31051","71.43"
"Dodge","5","157","Nebraska","5/11/20","119","38","31053","31.93"
"Douglas","96","1616","Nebraska","5/11/20","944","672","31055","71.19"
"Fillmore","0","3","Nebraska","5/11/20","2","1","31059","50"
"Franklin","0","5","Nebraska","5/11/20","5","0","31061","0"
"Frontier","0","1","Nebraska","5/11/20","1","0","31063","0"
"Furnas","0","4","Nebraska","5/11/20","4","0","31065","0"
"Gage","0","41","Nebraska","5/11/20","39","2","31067","5.13"
"Gosper","0","12","Nebraska","5/11/20","11","1","31073","9.09"
"Greeley","0","2","Nebraska","5/11/20","2","0","31077","0"
"Hall","7","1332","Nebraska","5/11/20","1281","51","31079","3.98"
"Hamilton","0","46","Nebraska","5/11/20","45","1","31081","2.22"
"Hitchcock","0","1","Nebraska","5/11/20","1","0","31087","0"
"Holt","0","1","Nebraska","5/11/20","1","0","31089","0"
"Howard","1","21","Nebraska","5/11/20","17","4","31093","23.53"
"Jefferson","0","5","Nebraska","5/11/20","4","1","31095","25"
"Johnson","0","5","Nebraska","5/11/20","4","1","31097","25"
"Kearney","0","7","Nebraska","5/11/20","4","3","31099","75"
"Keith","0","2","Nebraska","5/11/20","1","1","31101","100"
"Kimball","0","9","Nebraska","5/11/20","9","0","31105","0"
"Knox","1","6","Nebraska","5/11/20","2","4","31107","200"
"Lancaster","35","634","Nebraska","5/11/20","390","244","31109","62.56"
"Lincoln","1","40","Nebraska","5/11/20","33","7","31111","21.21"
"Madison","14","257","Nebraska","5/11/20","157","100","31119","63.69"
"Merrick","1","23","Nebraska","5/11/20","19","4","31121","21.05"
"Morrill","1","9","Nebraska","5/11/20","3","6","31123","200"
"Nance","0","4","Nebraska","5/11/20","4","0","31125","0"
"Nemaha","0","1","Nebraska","5/11/20","1","0","31127","0"
"Otoe","0","2","Nebraska","5/11/20","3","-1","31131","-33.33"
"Phelps","1","11","Nebraska","5/11/20","6","5","31137","83.33"
"Pierce","0","1","Nebraska","5/11/20","2","-1","31139","-50"
"Platte","27","373","Nebraska","5/11/20","185","188","31141","101.62"
"Polk","0","9","Nebraska","5/11/20","9","0","31143","0"
"Red Willow","0","5","Nebraska","5/11/20","4","1","31145","25"
"Saline","15","367","Nebraska","5/11/20","264","103","31151","39.02"
"Sarpy","13","248","Nebraska","5/11/20","158","90","31153","56.96"
"Saunders","0","11","Nebraska","5/11/20","11","0","31155","0"
"Scotts Bluff","1","44","Nebraska","5/11/20","34","10","31157","29.41"
"Seward","1","17","Nebraska","5/11/20","11","6","31159","54.55"
"Sherman","0","2","Nebraska","5/11/20","2","0","31163","0"
"Stanton","0","8","Nebraska","5/11/20","7","1","31167","14.29"
"Thomas","0","1","Nebraska","5/11/20","0","1","31171","1"
"Thurston","1","13","Nebraska","5/11/20","6","7","31173","116.67"
"Valley","0","1","Nebraska","5/11/20","1","0","31175","0"
"Washington","0","22","Nebraska","5/11/20","23","-1","31177","-4.35"
"Wayne","0","2","Nebraska","5/11/20","1","1","31179","100"
"Webster","0","5","Nebraska","5/11/20","5","0","31181","0"
"York","2","25","Nebraska","5/11/20","12","13","31185","108.33"
"Carson City","1","56","Nevada","5/11/20","48","8","32510","16.67"
"Churchill","0","3","Nevada","5/11/20","3","0","32001","0"
"Clark","50","4762","Nevada","5/11/20","4411","351","32003","7.96"
"Douglas","0","24","Nevada","5/11/20","21","3","32005","14.29"
"Elko","0","18","Nevada","5/11/20","15","3","32007","20"
"Humboldt","2","67","Nevada","5/11/20","50","17","32013","34"
"Lander","1","17","Nevada","5/11/20","13","4","32015","30.77"
"Lincoln","0","1","Nevada","5/11/20","0","1","32017","1"
"Lyon","1","44","Nevada","5/11/20","35","9","32019","25.71"
"Mineral","0","4","Nevada","5/11/20","4","0","32021","0"
"Nye","1","44","Nevada","5/11/20","39","5","32023","12.82"
"Washoe","16","1100","Nevada","5/11/20","988","112","32031","11.34"
"White Pine","0","3","Nevada","5/11/20","3","0","32033","0"
"Belknap","1","46","New Hampshire","5/11/20","40","6","33001","15"
"Carroll","1","37","New Hampshire","5/11/20","33","4","33003","12.12"
"Cheshire","0","43","New Hampshire","5/11/20","40","3","33005","7.5"
"Coos","0","2","New Hampshire","5/11/20","2","0","33007","0"
"Grafton","1","58","New Hampshire","5/11/20","53","5","33009","9.43"
"Hillsborough","48","1496","New Hampshire","5/11/20","1157","339","33011","29.3"
"Merrimack","6","243","New Hampshire","5/11/20","200","43","33013","21.5"
"Rockingham","17","994","New Hampshire","5/11/20","878","116","33015","13.21"
"Strafford","5","196","New Hampshire","5/11/20","158","38","33017","24.05"
"Sullivan","0","14","New Hampshire","5/11/20","12","2","33019","16.67"
"Atlantic","57","1533","New Jersey","5/11/20","1135","398","34001","35.07"
"Bergen","107","17028","New Jersey","5/11/20","16282","746","34003","4.58"
"Burlington","81","3665","New Jersey","5/11/20","3100","565","34005","18.23"
"Camden","127","4959","New Jersey","5/11/20","4073","886","34007","21.75"
"Cape May","15","462","New Jersey","5/11/20","355","107","34009","30.14"
"Cumberland","60","1363","New Jersey","5/11/20","940","423","34011","45"
"Essex","158","15727","New Jersey","5/11/20","14621","1106","34013","7.56"
"Gloucester","37","1690","New Jersey","5/11/20","1433","257","34015","17.93"
"Hudson","274","17801","New Jersey","5/11/20","15881","1920","34017","12.09"
"Hunterdon","8","723","New Jersey","5/11/20","665","58","34019","8.72"
"Mercer","114","5393","New Jersey","5/11/20","4594","799","34021","17.39"
"Middlesex","181","14036","New Jersey","5/11/20","12768","1268","34023","9.93"
"Monmouth","87","6988","New Jersey","5/11/20","6378","610","34025","9.56"
"Morris","47","5876","New Jersey","5/11/20","5549","327","34027","5.89"
"Ocean","85","7569","New Jersey","5/11/20","6974","595","34029","8.53"
"Passaic","164","14645","New Jersey","5/11/20","13496","1149","34031","8.51"
"Salem","14","411","New Jersey","5/11/20","312","99","34033","31.73"
"Somerset","49","4093","New Jersey","5/11/20","3753","340","34035","9.06"
"Sussex","8","1033","New Jersey","5/11/20","979","54","34037","5.52"
"Union","115","14164","New Jersey","5/11/20","13357","807","34039","6.04"
"Warren","10","1047","New Jersey","5/11/20","977","70","34041","7.16"
"Bernalillo","20","1086","New Mexico","5/11/20","944","142","35001","15.04"
"Catron","0","2","New Mexico","5/11/20","1","1","35003","100"
"Chaves","0","27","New Mexico","5/11/20","24","3","35005","12.5"
"Cibola","2","86","New Mexico","5/11/20","69","17","35006","24.64"
"Colfax","0","5","New Mexico","5/11/20","5","0","35007","0"
"Curry","2","31","New Mexico","5/11/20","19","12","35009","63.16"
"De Baca","0","0","New Mexico","5/11/20","1","-1","35011","-100"
"Dona Ana","11","245","New Mexico","5/11/20","170","75","35013","44.12"
"Eddy","0","14","New Mexico","5/11/20","13","1","35015","7.69"
"Grant","0","15","New Mexico","5/11/20","15","0","35017","0"
"Guadalupe","0","15","New Mexico","5/11/20","15","0","35019","0"
"Harding","0","1","New Mexico","5/11/20","1","0","35021","0"
"Lea","0","15","New Mexico","5/11/20","12","3","35025","25"
"Lincoln","0","2","New Mexico","5/11/20","2","0","35027","0"
"Los Alamos","0","6","New Mexico","5/11/20","6","0","35028","0"
"Luna","0","8","New Mexico","5/11/20","7","1","35029","14.29"
"McKinley","50","1585","New Mexico","5/11/20","1233","352","35031","28.55"
"Otero","1","12","New Mexico","5/11/20","8","4","35035","50"
"Quay","0","4","New Mexico","5/11/20","4","0","35037","0"
"Rio Arriba","1","28","New Mexico","5/11/20","24","4","35039","16.67"
"Roosevelt","0","11","New Mexico","5/11/20","10","1","35041","10"
"San Juan","47","1107","New Mexico","5/11/20","781","326","35045","41.74"
"San Miguel","1","7","New Mexico","5/11/20","2","5","35047","250"
"Sandoval","7","467","New Mexico","5/11/20","421","46","35043","10.93"
"Santa Fe","1","112","New Mexico","5/11/20","108","4","35049","3.7"
"Sierra","0","1","New Mexico","5/11/20","1","0","35051","0"
"Socorro","0","49","New Mexico","5/11/20","46","3","35053","6.52"
"Taos","0","20","New Mexico","5/11/20","20","0","35055","0"
"Torrance","0","18","New Mexico","5/11/20","16","2","35057","12.5"
"Union","0","3","New Mexico","5/11/20","3","0","35059","0"
"Valencia","1","57","New Mexico","5/11/20","50","7","35061","14"
"Albany","24","1456","New York","5/11/20","1287","169","36001","13.13"
"Allegany","0","38","New York","5/11/20","35","3","36003","8.57"
"Broome","6","378","New York","5/11/20","334","44","36007","13.17"
"Cattaraugus","1","61","New York","5/11/20","53","8","36009","15.09"
"Cayuga","1","60","New York","5/11/20","51","9","36011","17.65"
"Chautauqua","1","41","New York","5/11/20","37","4","36013","10.81"
"Chemung","1","131","New York","5/11/20","126","5","36015","3.97"
"Chenango","2","111","New York","5/11/20","100","11","36017","11"
"Clinton","1","76","New York","5/11/20","68","8","36019","11.76"
"Columbia","14","314","New York","5/11/20","213","101","36021","47.42"
"Cortland","0","29","New York","5/11/20","28","1","36023","3.57"
"Delaware","0","65","New York","5/11/20","62","3","36025","4.84"
"Dutchess","35","3378","New York","5/11/20","3131","247","36027","7.89"
"Erie","97","4483","New York","5/11/20","3802","681","36029","17.91"
"Essex","0","32","New York","5/11/20","29","3","36031","10.34"
"Franklin","0","17","New York","5/11/20","16","1","36033","6.25"
"Fulton","4","109","New York","5/11/20","84","25","36035","29.76"
"Genesee","2","173","New York","5/11/20","159","14","36037","8.81"
"Greene","7","206","New York","5/11/20","154","52","36039","33.77"
"Hamilton","0","5","New York","5/11/20","3","2","36041","66.67"
"Herkimer","3","81","New York","5/11/20","63","18","36043","28.57"
"Jefferson","1","68","New York","5/11/20","63","5","36045","7.94"
"Lewis","0","11","New York","5/11/20","9","2","36049","22.22"
"Livingston","2","102","New York","5/11/20","85","17","36051","20"
"Madison","5","251","New York","5/11/20","217","34","36053","15.67"
"Monroe","36","1850","New York","5/11/20","1595","255","36055","15.99"
"Montgomery","2","67","New York","5/11/20","56","11","36057","19.64"
"Nassau","196","38337","New York","5/11/20","36965","1372","36059","3.71"
"New York","1387","185357","New York","5/11/20","175651","9706","36061","5.53"
"Niagara","23","655","New York","5/11/20","493","162","36063","32.86"
"Oneida","17","669","New York","5/11/20","550","119","36065","21.64"
"Onondaga","45","1287","New York","5/11/20","971","316","36067","32.54"
"Ontario","2","107","New York","5/11/20","96","11","36069","11.46"
"Orange","81","9584","New York","5/11/20","9015","569","36071","6.31"
"Orleans","5","130","New York","5/11/20","97","33","36073","34.02"
"Oswego","1","75","New York","5/11/20","67","8","36075","11.94"
"Otsego","0","67","New York","5/11/20","67","0","36077","0"
"Putnam","10","1098","New York","5/11/20","1026","72","36079","7.02"
"Rensselaer","11","411","New York","5/11/20","337","74","36083","21.96"
"Rockland","56","12484","New York","5/11/20","12095","389","36087","3.22"
"Saratoga","5","403","New York","5/11/20","367","36","36091","9.81"
"Schenectady","6","575","New York","5/11/20","535","40","36093","7.48"
"Schoharie","0","46","New York","5/11/20","45","1","36095","2.22"
"Schuyler","0","7","New York","5/11/20","7","0","36097","0"
"Seneca","1","49","New York","5/11/20","45","4","36099","8.89"
"St. Lawrence","2","190","New York","5/11/20","178","12","36089","6.74"
"Steuben","1","228","New York","5/11/20","219","9","36101","4.11"
"Suffolk","262","36911","New York","5/11/20","35077","1834","36103","5.23"
"Sullivan","19","1109","New York","5/11/20","976","133","36105","13.63"
"Tioga","2","107","New York","5/11/20","90","17","36107","18.89"
"Tompkins","0","132","New York","5/11/20","129","3","36109","2.33"
"Ulster","14","1454","New York","5/11/20","1354","100","36111","7.39"
"Warren","4","217","New York","5/11/20","192","25","36113","13.02"
"Washington","3","210","New York","5/11/20","188","22","36115","11.7"
"Wayne","1","81","New York","5/11/20","76","5","36117","6.58"
"Westchester","184","31384","New York","5/11/20","30097","1287","36119","4.28"
"Wyoming","1","77","New York","5/11/20","69","8","36121","11.59"
"Yates","0","21","New York","5/11/20","19","2","36123","10.53"
"Alamance","8","183","North Carolina","5/11/20","128","55","37001","42.97"
"Alexander","1","12","North Carolina","5/11/20","4","8","37003","200"
"Alleghany","0","8","North Carolina","5/11/20","6","2","37005","33.33"
"Anson","1","38","North Carolina","5/11/20","30","8","37007","26.67"
"Ashe","1","13","North Carolina","5/11/20","5","8","37009","160"
"Beaufort","0","25","North Carolina","5/11/20","22","3","37013","13.64"
"Bertie","2","61","North Carolina","5/11/20","48","13","37015","27.08"
"Bladen","4","54","North Carolina","5/11/20","29","25","37017","86.21"
"Brunswick","0","50","North Carolina","5/11/20","47","3","37019","6.38"
"Buncombe","4","102","North Carolina","5/11/20","77","25","37021","32.47"
"Burke","4","137","North Carolina","5/11/20","112","25","37023","22.32"
"Cabarrus","5","352","North Carolina","5/11/20","317","35","37025","11.04"
"Caldwell","3","60","North Carolina","5/11/20","38","22","37027","57.89"
"Camden","0","2","North Carolina","5/11/20","2","0","37029","0"
"Carteret","0","32","North Carolina","5/11/20","29","3","37031","10.34"
"Caswell","1","41","North Carolina","5/11/20","32","9","37033","28.12"
"Catawba","3","83","North Carolina","5/11/20","60","23","37035","38.33"
"Chatham","11","458","North Carolina","5/11/20","383","75","37037","19.58"
"Cherokee","1","27","North Carolina","5/11/20","19","8","37039","42.11"
"Chowan","1","11","North Carolina","5/11/20","7","4","37041","57.14"
"Clay","0","8","North Carolina","5/11/20","6","2","37043","33.33"
"Cleveland","0","50","North Carolina","5/11/20","47","3","37045","6.38"
"Columbus","7","213","North Carolina","5/11/20","167","46","37047","27.54"
"Craven","2","55","North Carolina","5/11/20","44","11","37049","25"
"Cumberland","11","368","North Carolina","5/11/20","289","79","37051","27.34"
"Currituck","1","9","North Carolina","5/11/20","5","4","37053","80"
"Dare","1","21","North Carolina","5/11/20","15","6","37055","40"
"Davidson","4","205","North Carolina","5/11/20","180","25","37057","13.89"
"Davie","1","37","North Carolina","5/11/20","31","6","37059","19.35"
"Duplin","20","258","North Carolina","5/11/20","120","138","37061","115"
"Durham","17","886","North Carolina","5/11/20","767","119","37063","15.51"
"Edgecombe","6","155","North Carolina","5/11/20","113","42","37065","37.17"
"Forsyth","18","395","North Carolina","5/11/20","271","124","37067","45.76"
"Franklin","1","111","North Carolina","5/11/20","105","6","37069","5.71"
"Gaston","4","178","North Carolina","5/11/20","152","26","37071","17.11"
"Gates","0","11","North Carolina","5/11/20","9","2","37073","22.22"
"Graham","0","2","North Carolina","5/11/20","2","0","37075","0"
"Granville","1","167","North Carolina","5/11/20","160","7","37077","4.38"
"Greene","2","36","North Carolina","5/11/20","22","14","37079","63.64"
"Guilford","28","641","North Carolina","5/11/20","443","198","37081","44.7"
"Halifax","4","94","North Carolina","5/11/20","64","30","37083","46.88"
"Harnett","7","228","North Carolina","5/11/20","182","46","37085","25.27"
"Haywood","0","18","North Carolina","5/11/20","17","1","37087","5.88"
"Henderson","4","230","North Carolina","5/11/20","203","27","37089","13.3"
"Hertford","1","51","North Carolina","5/11/20","44","7","37091","15.91"
"Hoke","4","123","North Carolina","5/11/20","97","26","37093","26.8"
"Hyde","0","1","North Carolina","5/11/20","1","0","37095","0"
"Iredell","5","153","North Carolina","5/11/20","120","33","37097","27.5"
"Jackson","1","22","North Carolina","5/11/20","16","6","37099","37.5"
"Johnston","5","212","North Carolina","5/11/20","174","38","37101","21.84"
"Jones","0","20","North Carolina","5/11/20","18","2","37103","11.11"
"Lee","11","277","North Carolina","5/11/20","202","75","37105","37.13"
"Lenoir","5","122","North Carolina","5/11/20","84","38","37107","45.24"
"Lincoln","1","40","North Carolina","5/11/20","32","8","37109","25"
"Macon","0","3","North Carolina","5/11/20","3","0","37113","0"
"Madison","0","1","North Carolina","5/11/20","1","0","37115","0"
"Martin","1","31","North Carolina","5/11/20","21","10","37117","47.62"
"McDowell","0","30","North Carolina","5/11/20","27","3","37111","11.11"
"Mecklenburg","57","2134","North Carolina","5/11/20","1734","400","37119","23.07"
"Mitchell","0","5","North Carolina","5/11/20","5","0","37121","0"
"Montgomery","1","46","North Carolina","5/11/20","38","8","37123","21.05"
"Moore","2","156","North Carolina","5/11/20","140","16","37125","11.43"
"Nash","3","123","North Carolina","5/11/20","100","23","37127","23"
"New Hanover","4","117","North Carolina","5/11/20","89","28","37129","31.46"
"Northampton","4","123","North Carolina","5/11/20","92","31","37131","33.7"
"Onslow","1","56","North Carolina","5/11/20","51","5","37133","9.8"
"Orange","3","253","North Carolina","5/11/20","229","24","37135","10.48"
"Pamlico","0","8","North Carolina","5/11/20","8","0","37137","0"
"Pasquotank","6","82","North Carolina","5/11/20","37","45","37139","121.62"
"Pender","3","39","North Carolina","5/11/20","17","22","37141","129.41"
"Perquimans","0","17","North Carolina","5/11/20","14","3","37143","21.43"
"Person","1","31","North Carolina","5/11/20","23","8","37145","34.78"
"Pitt","5","169","North Carolina","5/11/20","135","34","37147","25.19"
"Polk","1","31","North Carolina","5/11/20","25","6","37149","24"
"Randolph","16","354","North Carolina","5/11/20","242","112","37151","46.28"
"Richmond","5","91","North Carolina","5/11/20","58","33","37153","56.9"
"Robeson","27","391","North Carolina","5/11/20","204","187","37155","91.67"
"Rockingham","2","43","North Carolina","5/11/20","27","16","37157","59.26"
"Rowan","14","488","North Carolina","5/11/20","392","96","37159","24.49"
"Rutherford","1","154","North Carolina","5/11/20","147","7","37161","4.76"
"Sampson","11","167","North Carolina","5/11/20","88","79","37163","89.77"
"Scotland","2","41","North Carolina","5/11/20","30","11","37165","36.67"
"Stanly","0","30","North Carolina","5/11/20","30","0","37167","0"
"Stokes","0","11","North Carolina","5/11/20","11","0","37169","0"
"Surry","4","43","North Carolina","5/11/20","17","26","37171","152.94"
"Swain","0","5","North Carolina","5/11/20","4","1","37173","25"
"Transylvania","0","7","North Carolina","5/11/20","8","-1","37175","-12.5"
"Tyrrell","0","4","North Carolina","5/11/20","4","0","37177","0"
"Union","5","301","North Carolina","5/11/20","263","38","37179","14.45"
"Vance","7","162","North Carolina","5/11/20","113","49","37181","43.36"
"Wake","23","1051","North Carolina","5/11/20","891","160","37183","17.96"
"Warren","1","23","North Carolina","5/11/20","17","6","37185","35.29"
"Washington","0","25","North Carolina","5/11/20","25","0","37187","0"
"Watauga","0","9","North Carolina","5/11/20","9","0","37189","0"
"Wayne","10","752","North Carolina","5/11/20","685","67","37191","9.78"
"Wilkes","18","242","North Carolina","5/11/20","115","127","37193","110.43"
"Wilson","5","216","North Carolina","5/11/20","180","36","37195","20"
"Yadkin","4","54","North Carolina","5/11/20","24","30","37197","125"
"Yancey","1","9","North Carolina","5/11/20","1","8","37199","800"
"Barnes","0","4","North Dakota","5/11/20","4","0","38003","0"
"Benson","0","2","North Dakota","5/11/20","0","2","38005","1"
"Bowman","0","1","North Dakota","5/11/20","1","0","38011","0"
"Burke","0","5","North Dakota","5/11/20","3","2","38013","66.67"
"Burleigh","3","104","North Dakota","5/11/20","83","21","38015","25.3"
"Cass","27","821","North Dakota","5/11/20","630","191","38017","30.32"
"Divide","0","1","North Dakota","5/11/20","1","0","38023","0"
"Dunn","0","12","North Dakota","5/11/20","11","1","38025","9.09"
"Eddy","0","2","North Dakota","5/11/20","1","1","38027","100"
"Emmons","0","1","North Dakota","5/11/20","1","0","38029","0"
"Foster","0","1","North Dakota","5/11/20","1","0","38031","0"
"Grand Forks","3","287","North Dakota","5/11/20","269","18","38035","6.69"
"Grant","0","2","North Dakota","5/11/20","1","1","38037","100"
"McHenry","0","2","North Dakota","5/11/20","1","1","38049","100"
"McIntosh","0","1","North Dakota","5/11/20","1","0","38051","0"
"McKenzie","0","15","North Dakota","5/11/20","13","2","38053","15.38"
"McLean","0","5","North Dakota","5/11/20","5","0","38055","0"
"Mercer","1","4","North Dakota","5/11/20","0","4","38057","1"
"Morton","2","37","North Dakota","5/11/20","26","11","38059","42.31"
"Mountrail","0","37","North Dakota","5/11/20","35","2","38061","5.71"
"Nelson","0","1","North Dakota","5/11/20","1","0","38063","0"
"Oliver","0","1","North Dakota","5/11/20","1","0","38065","0"
"Pembina","0","6","North Dakota","5/11/20","3","3","38067","100"
"Pierce","0","3","North Dakota","5/11/20","2","1","38069","50"
"Ramsey","1","7","North Dakota","5/11/20","3","4","38071","133.33"
"Ransom","0","3","North Dakota","5/11/20","1","2","38073","200"
"Renville","0","1","North Dakota","5/11/20","1","0","38075","0"
"Richland","0","9","North Dakota","5/11/20","7","2","38077","28.57"
"Rolette","0","3","North Dakota","5/11/20","1","2","38079","200"
"Sargent","0","3","North Dakota","5/11/20","1","2","38081","200"
"Sioux","0","1","North Dakota","5/11/20","1","0","38085","0"
"Slope","0","3","North Dakota","5/11/20","3","0","38087","0"
"Stark","1","61","North Dakota","5/11/20","57","4","38089","7.02"
"Stutsman","1","15","North Dakota","5/11/20","11","4","38093","36.36"
"Traill","0","1","North Dakota","5/11/20","0","1","38097","1"
"Walsh","0","8","North Dakota","5/11/20","7","1","38099","14.29"
"Ward","0","27","North Dakota","5/11/20","25","2","38101","8"
"Wells","0","2","North Dakota","5/11/20","2","0","38103","0"
"Williams","1","19","North Dakota","5/11/20","11","8","38105","72.73"
"","1","19","Northern Mariana Islands","5/11/20","14","5",,"35.71"
"Adams","0","6","Ohio","5/11/20","5","1","39001","20"
"Allen","2","146","Ohio","5/11/20","133","13","39003","9.77"
"Ashland","1","15","Ohio","5/11/20","9","6","39005","66.67"
"Ashtabula","6","193","Ohio","5/11/20","149","44","39007","29.53"
"Athens","0","6","Ohio","5/11/20","4","2","39009","50"
"Auglaize","1","43","Ohio","5/11/20","35","8","39011","22.86"
"Belmont","12","258","Ohio","5/11/20","174","84","39013","48.28"
"Brown","1","17","Ohio","5/11/20","12","5","39015","41.67"
"Butler","21","479","Ohio","5/11/20","334","145","39017","43.41"
"Carroll","0","24","Ohio","5/11/20","21","3","39019","14.29"
"Champaign","1","19","Ohio","5/11/20","14","5","39021","35.71"
"Clark","4","98","Ohio","5/11/20","70","28","39023","40"
"Clermont","3","125","Ohio","5/11/20","103","22","39025","21.36"
"Clinton","1","35","Ohio","5/11/20","31","4","39027","12.9"
"Columbiana","7","336","Ohio","5/11/20","287","49","39029","17.07"
"Coshocton","0","19","Ohio","5/11/20","17","2","39031","11.76"
"Crawford","3","77","Ohio","5/11/20","56","21","39033","37.5"
"Cuyahoga","66","2861","Ohio","5/11/20","2398","463","39035","19.31"
"Darke","2","89","Ohio","5/11/20","77","12","39037","15.58"
"Defiance","1","26","Ohio","5/11/20","20","6","39039","30"
"Delaware","6","222","Ohio","5/11/20","179","43","39041","24.02"
"Erie","3","83","Ohio","5/11/20","60","23","39043","38.33"
"Fairfield","4","178","Ohio","5/11/20","152","26","39045","17.11"
"Fayette","0","23","Ohio","5/11/20","20","3","39047","15"
"Franklin","128","3881","Ohio","5/11/20","2988","893","39049","29.89"
"Fulton","1","31","Ohio","5/11/20","26","5","39051","19.23"
"Gallia","0","6","Ohio","5/11/20","6","0","39053","0"
"Geauga","3","191","Ohio","5/11/20","169","22","39055","13.02"
"Greene","2","63","Ohio","5/11/20","49","14","39057","28.57"
"Guernsey","0","21","Ohio","5/11/20","19","2","39059","10.53"
"Hamilton","56","1823","Ohio","5/11/20","1434","389","39061","27.13"
"Hancock","0","39","Ohio","5/11/20","39","0","39063","0"
"Hardin","0","28","Ohio","5/11/20","26","2","39065","7.69"
"Harrison","0","6","Ohio","5/11/20","6","0","39067","0"
"Henry","1","9","Ohio","5/11/20","5","4","39069","80"
"Highland","0","12","Ohio","5/11/20","11","1","39071","9.09"
"Hocking","0","22","Ohio","5/11/20","19","3","39073","15.79"
"Holmes","0","8","Ohio","5/11/20","6","2","39075","33.33"
"Huron","1","38","Ohio","5/11/20","32","6","39077","18.75"
"Jackson","0","8","Ohio","5/11/20","5","3","39079","60"
"Jefferson","2","56","Ohio","5/11/20","45","11","39081","24.44"
"Knox","0","20","Ohio","5/11/20","19","1","39083","5.26"
"Lake","4","199","Ohio","5/11/20","173","26","39085","15.03"
"Lawrence","0","25","Ohio","5/11/20","24","1","39087","4.17"
"Licking","5","164","Ohio","5/11/20","130","34","39089","26.15"
"Logan","1","23","Ohio","5/11/20","19","4","39091","21.05"
"Lorain","7","554","Ohio","5/11/20","503","51","39093","10.14"
"Lucas","54","1806","Ohio","5/11/20","1429","377","39095","26.38"
"Madison","2","84","Ohio","5/11/20","71","13","39097","18.31"
"Mahoning","26","1144","Ohio","5/11/20","961","183","39099","19.04"
"Marion","10","2404","Ohio","5/11/20","2332","72","39101","3.09"
"Medina","3","195","Ohio","5/11/20","175","20","39103","11.43"
"Meigs","0","3","Ohio","5/11/20","3","0","39105","0"
"Mercer","7","84","Ohio","5/11/20","33","51","39107","154.55"
"Miami","24","313","Ohio","5/11/20","144","169","39109","117.36"
"Monroe","2","19","Ohio","5/11/20","4","15","39111","375"
"Montgomery","15","422","Ohio","5/11/20","320","102","39113","31.88"
"Morgan","0","5","Ohio","5/11/20","5","0","39115","0"
"Morrow","2","87","Ohio","5/11/20","75","12","39117","16"
"Muskingum","1","27","Ohio","5/11/20","18","9","39119","50"
"Noble","0","5","Ohio","5/11/20","5","0","39121","0"
"Ottawa","1","47","Ohio","5/11/20","40","7","39123","17.5"
"Paulding","0","9","Ohio","5/11/20","8","1","39125","12.5"
"Perry","0","14","Ohio","5/11/20","13","1","39127","7.69"
"Pickaway","15","1933","Ohio","5/11/20","1828","105","39129","5.74"
"Pike","0","5","Ohio","5/11/20","3","2","39131","66.67"
"Portage","4","280","Ohio","5/11/20","251","29","39133","11.55"
"Preble","0","28","Ohio","5/11/20","27","1","39135","3.7"
"Putnam","1","76","Ohio","5/11/20","71","5","39137","7.04"
"Richland","4","121","Ohio","5/11/20","90","31","39139","34.44"
"Ross","2","53","Ohio","5/11/20","41","12","39141","29.27"
"Sandusky","2","52","Ohio","5/11/20","36","16","39143","44.44"
"Scioto","0","13","Ohio","5/11/20","12","1","39145","8.33"
"Seneca","0","14","Ohio","5/11/20","14","0","39147","0"
"Shelby","0","32","Ohio","5/11/20","30","2","39149","6.67"
"Stark","15","511","Ohio","5/11/20","405","106","39151","26.17"
"Summit","28","915","Ohio","5/11/20","716","199","39153","27.79"
"Trumbull","9","408","Ohio","5/11/20","347","61","39155","17.58"
"Tuscarawas","13","216","Ohio","5/11/20","126","90","39157","71.43"
"Union","0","28","Ohio","5/11/20","25","3","39159","12"
"Van Wert","0","3","Ohio","5/11/20","3","0","39161","0"
"Vinton","1","12","Ohio","5/11/20","6","6","39163","100"
"Warren","5","209","Ohio","5/11/20","172","37","39165","21.51"
"Washington","2","114","Ohio","5/11/20","103","11","39167","10.68"
"Wayne","4","186","Ohio","5/11/20","161","25","39169","15.53"
"Williams","0","44","Ohio","5/11/20","41","3","39171","7.32"
"Wood","5","225","Ohio","5/11/20","193","32","39173","16.58"
"Wyandot","0","26","Ohio","5/11/20","24","2","39175","8.33"
"Adair","1","72","Oklahoma","5/11/20","65","7","40001","10.77"
"Alfalfa","0","1","Oklahoma","5/11/20","1","0","40003","0"
"Atoka","0","1","Oklahoma","5/11/20","1","0","40005","0"
"Beaver","1","20","Oklahoma","5/11/20","14","6","40007","42.86"
"Beckham","0","6","Oklahoma","5/11/20","6","0","40009","0"
"Blaine","0","3","Oklahoma","5/11/20","1","2","40011","200"
"Bryan","0","12","Oklahoma","5/11/20","9","3","40013","33.33"
"Caddo","5","108","Oklahoma","5/11/20","72","36","40015","50"
"Canadian","1","111","Oklahoma","5/11/20","102","9","40017","8.82"
"Carter","0","6","Oklahoma","5/11/20","4","2","40019","50"
"Cherokee","0","30","Oklahoma","5/11/20","27","3","40021","11.11"
"Choctaw","0","3","Oklahoma","5/11/20","3","0","40023","0"
"Cimarron","0","1","Oklahoma","5/11/20","1","0","40025","0"
"Cleveland","3","456","Oklahoma","5/11/20","436","20","40027","4.59"
"Comanche","3","124","Oklahoma","5/11/20","102","22","40031","21.57"
"Cotton","0","5","Oklahoma","5/11/20","5","0","40033","0"
"Craig","0","13","Oklahoma","5/11/20","12","1","40035","8.33"
"Creek","0","82","Oklahoma","5/11/20","80","2","40037","2.5"
"Custer","0","11","Oklahoma","5/11/20","11","0","40039","0"
"Delaware","0","93","Oklahoma","5/11/20","91","2","40041","2.2"
"Dewey","0","2","Oklahoma","5/11/20","2","0","40043","0"
"Garfield","0","22","Oklahoma","5/11/20","19","3","40047","15.79"
"Garvin","0","15","Oklahoma","5/11/20","14","1","40049","7.14"
"Grady","1","46","Oklahoma","5/11/20","40","6","40051","15"
"Grant","0","2","Oklahoma","5/11/20","2","0","40053","0"
"Greer","0","65","Oklahoma","5/11/20","65","0","40055","0"
"Harper","0","1","Oklahoma","5/11/20","1","0","40059","0"
"Haskell","0","5","Oklahoma","5/11/20","5","0","40061","0"
"Jackson","0","19","Oklahoma","5/11/20","17","2","40065","11.76"
"Jefferson","0","3","Oklahoma","5/11/20","2","1","40067","50"
"Johnston","0","3","Oklahoma","5/11/20","3","0","40069","0"
"Kay","0","48","Oklahoma","5/11/20","47","1","40071","2.13"
"Kingfisher","0","8","Oklahoma","5/11/20","8","0","40073","0"
"Kiowa","0","6","Oklahoma","5/11/20","5","1","40075","20"
"Latimer","0","5","Oklahoma","5/11/20","5","0","40077","0"
"Le Flore","0","13","Oklahoma","5/11/20","13","0","40079","0"
"Lincoln","0","17","Oklahoma","5/11/20","14","3","40081","21.43"
"Logan","0","18","Oklahoma","5/11/20","16","2","40083","12.5"
"Love","0","3","Oklahoma","5/11/20","2","1","40085","50"
"Major","0","5","Oklahoma","5/11/20","3","2","40093","66.67"
"Marshall","0","2","Oklahoma","5/11/20","2","0","40095","0"
"Mayes","0","25","Oklahoma","5/11/20","24","1","40097","4.17"
"McClain","1","85","Oklahoma","5/11/20","77","8","40087","10.39"
"McCurtain","0","8","Oklahoma","5/11/20","8","0","40089","0"
"McIntosh","0","5","Oklahoma","5/11/20","3","2","40091","66.67"
"Murray","0","2","Oklahoma","5/11/20","2","0","40099","0"
"Muskogee","0","29","Oklahoma","5/11/20","27","2","40101","7.41"
"Noble","0","7","Oklahoma","5/11/20","6","1","40103","16.67"
"Nowata","0","22","Oklahoma","5/11/20","21","1","40105","4.76"
"Okfuskee","0","1","Oklahoma","5/11/20","1","0","40107","0"
"Oklahoma","16","954","Oklahoma","5/11/20","841","113","40109","13.44"
"Okmulgee","0","16","Oklahoma","5/11/20","16","0","40111","0"
"Osage","2","89","Oklahoma","5/11/20","78","11","40113","14.1"
"Ottawa","0","34","Oklahoma","5/11/20","34","0","40115","0"
"Pawnee","0","29","Oklahoma","5/11/20","29","0","40117","0"
"Payne","0","45","Oklahoma","5/11/20","44","1","40119","2.27"
"Pittsburg","0","39","Oklahoma","5/11/20","38","1","40121","2.63"
"Pontotoc","0","10","Oklahoma","5/11/20","10","0","40123","0"
"Pottawatomie","0","54","Oklahoma","5/11/20","52","2","40125","3.85"
"Pushmataha","0","1","Oklahoma","5/11/20","1","0","40127","0"
"Rogers","0","70","Oklahoma","5/11/20","67","3","40131","4.48"
"Seminole","1","21","Oklahoma","5/11/20","12","9","40133","75"
"Sequoyah","0","14","Oklahoma","5/11/20","12","2","40135","16.67"
"Stephens","0","22","Oklahoma","5/11/20","22","0","40137","0"
"Texas","24","404","Oklahoma","5/11/20","236","168","40139","71.19"
"Tillman","1","19","Oklahoma","5/11/20","14","5","40141","35.71"
"Tulsa","10","708","Oklahoma","5/11/20","639","69","40143","10.8"
"Wagoner","1","129","Oklahoma","5/11/20","122","7","40145","5.74"
"Washington","4","301","Oklahoma","5/11/20","276","25","40147","9.06"
"Woods","0","3","Oklahoma","5/11/20","3","0","40151","0"
"Woodward","0","1","Oklahoma","5/11/20","1","0","40153","0"
"Baker","0","1","Oregon","5/11/20","0","1","41001","1"
"Benton","2","49","Oregon","5/11/20","36","13","41003","36.11"
"Clackamas","6","268","Oregon","5/11/20","226","42","41005","18.58"
"Clatsop","4","33","Oregon","5/11/20","8","25","41007","312.5"
"Columbia","0","15","Oregon","5/11/20","14","1","41009","7.14"
"Coos","0","30","Oregon","5/11/20","27","3","41011","11.11"
"Crook","0","1","Oregon","5/11/20","1","0","41013","0"
"Curry","0","4","Oregon","5/11/20","4","0","41015","0"
"Deschutes","1","86","Oregon","5/11/20","79","7","41017","8.86"
"Douglas","0","24","Oregon","5/11/20","24","0","41019","0"
"Grant","0","1","Oregon","5/11/20","1","0","41023","0"
"Harney","0","1","Oregon","5/11/20","1","0","41025","0"
"Hood River","0","13","Oregon","5/11/20","10","3","41027","30"
"Jackson","0","49","Oregon","5/11/20","49","0","41029","0"
"Jefferson","1","24","Oregon","5/11/20","14","10","41031","71.43"
"Josephine","0","24","Oregon","5/11/20","22","2","41033","9.09"
"Klamath","0","40","Oregon","5/11/20","39","1","41035","2.56"
"Lane","1","60","Oregon","5/11/20","55","5","41039","9.09"
"Lincoln","0","6","Oregon","5/11/20","5","1","41041","20"
"Linn","1","103","Oregon","5/11/20","97","6","41043","6.19"
"Malheur","0","14","Oregon","5/11/20","13","1","41045","7.69"
"Marion","19","694","Oregon","5/11/20","561","133","41047","23.71"
"Morrow","0","12","Oregon","5/11/20","9","3","41049","33.33"
"Multnomah","21","899","Oregon","5/11/20","754","145","41051","19.23"
"Polk","5","87","Oregon","5/11/20","49","38","41053","77.55"
"Sherman","0","1","Oregon","5/11/20","1","0","41055","0"
"Tillamook","0","6","Oregon","5/11/20","6","0","41057","0"
"Umatilla","2","85","Oregon","5/11/20","70","15","41059","21.43"
"Union","0","4","Oregon","5/11/20","4","0","41061","0"
"Wallowa","0","1","Oregon","5/11/20","1","0","41063","0"
"Wasco","0","15","Oregon","5/11/20","13","2","41065","15.38"
"Washington","9","587","Oregon","5/11/20","526","61","41067","11.6"
"Yamhill","1","49","Oregon","5/11/20","40","9","41071","22.5"
"Adams","3","167","Pennsylvania","5/11/20","148","19","42001","12.84"
"Allegheny","21","1511","Pennsylvania","5/11/20","1365","146","42003","10.7"
"Armstrong","0","55","Pennsylvania","5/11/20","52","3","42005","5.77"
"Beaver","5","491","Pennsylvania","5/11/20","458","33","42007","7.21"
"Bedford","1","29","Pennsylvania","5/11/20","24","5","42009","20.83"
"Berks","67","3417","Pennsylvania","5/11/20","2948","469","42011","15.91"
"Blair","1","29","Pennsylvania","5/11/20","25","4","42013","16"
"Bradford","0","38","Pennsylvania","5/11/20","35","3","42015","8.57"
"Bucks","96","4028","Pennsylvania","5/11/20","3356","672","42017","20.02"
"Butler","2","195","Pennsylvania","5/11/20","180","15","42019","8.33"
"Cambria","1","44","Pennsylvania","5/11/20","34","10","42021","29.41"
"Cameron","0","2","Pennsylvania","5/11/20","1","1","42023","100"
"Carbon","2","198","Pennsylvania","5/11/20","185","13","42025","7.03"
"Centre","2","119","Pennsylvania","5/11/20","105","14","42027","13.33"
"Chester","46","1884","Pennsylvania","5/11/20","1560","324","42029","20.77"
"Clarion","0","23","Pennsylvania","5/11/20","23","0","42031","0"
"Clearfield","1","25","Pennsylvania","5/11/20","21","4","42033","19.05"
"Clinton","1","41","Pennsylvania","5/11/20","33","8","42035","24.24"
"Columbia","5","328","Pennsylvania","5/11/20","296","32","42037","10.81"
"Crawford","0","21","Pennsylvania","5/11/20","19","2","42039","10.53"
"Cumberland","11","451","Pennsylvania","5/11/20","375","76","42041","20.27"
"Dauphin","25","830","Pennsylvania","5/11/20","652","178","42043","27.3"
"Delaware","121","5046","Pennsylvania","5/11/20","4198","848","42045","20.2"
"Elk","0","5","Pennsylvania","5/11/20","4","1","42047","25"
"Erie","5","123","Pennsylvania","5/11/20","91","32","42049","35.16"
"Fayette","0","85","Pennsylvania","5/11/20","83","2","42051","2.41"
"Forest","0","7","Pennsylvania","5/11/20","7","0","42053","0"
"Franklin","19","513","Pennsylvania","5/11/20","377","136","42055","36.07"
"Fulton","0","8","Pennsylvania","5/11/20","6","2","42057","33.33"
"Greene","0","27","Pennsylvania","5/11/20","27","0","42059","0"
"Huntingdon","19","187","Pennsylvania","5/11/20","57","130","42061","228.07"
"Indiana","1","76","Pennsylvania","5/11/20","70","6","42063","8.57"
"Jefferson","0","7","Pennsylvania","5/11/20","6","1","42065","16.67"
"Juniata","1","93","Pennsylvania","5/11/20","86","7","42067","8.14"
"Lackawanna","24","1187","Pennsylvania","5/11/20","1017","170","42069","16.72"
"Lancaster","38","2256","Pennsylvania","5/11/20","1991","265","42071","13.31"
"Lawrence","1","70","Pennsylvania","5/11/20","65","5","42073","7.69"
"Lebanon","8","815","Pennsylvania","5/11/20","756","59","42075","7.8"
"Lehigh","42","3259","Pennsylvania","5/11/20","2963","296","42077","9.99"
"Luzerne","24","2426","Pennsylvania","5/11/20","2255","171","42079","7.58"
"Lycoming","7","132","Pennsylvania","5/11/20","86","46","42081","53.49"
"McKean","0","6","Pennsylvania","5/11/20","6","0","42083","0"
"Mercer","1","75","Pennsylvania","5/11/20","66","9","42085","13.64"
"Mifflin","2","52","Pennsylvania","5/11/20","39","13","42087","33.33"
"Monroe","7","1224","Pennsylvania","5/11/20","1173","51","42089","4.35"
"Montgomery","92","5292","Pennsylvania","5/11/20","4645","647","42091","13.93"
"Montour","0","49","Pennsylvania","5/11/20","50","-1","42093","-2"
"Northampton","32","2465","Pennsylvania","5/11/20","2240","225","42095","10.04"
"Northumberland","4","125","Pennsylvania","5/11/20","100","25","42097","25"
"Perry","0","35","Pennsylvania","5/11/20","34","1","42099","2.94"
"Philadelphia","325","18313","Pennsylvania","5/11/20","16040","2273","42101","14.17"
"Pike","4","433","Pennsylvania","5/11/20","408","25","42103","6.13"
"Potter","0","4","Pennsylvania","5/11/20","4","0","42105","0"
"Schuylkill","8","453","Pennsylvania","5/11/20","398","55","42107","13.82"
"Snyder","0","33","Pennsylvania","5/11/20","33","0","42109","0"
"Somerset","0","32","Pennsylvania","5/11/20","30","2","42111","6.67"
"Sullivan","0","1","Pennsylvania","5/11/20","1","0","42113","0"
"Susquehanna","-1","81","Pennsylvania","5/11/20","86","-5","42115","-5.81"
"Tioga","0","16","Pennsylvania","5/11/20","16","0","42117","0"
"Union","0","41","Pennsylvania","5/11/20","38","3","42119","7.89"
"Venango","0","7","Pennsylvania","5/11/20","7","0","42121","0"
"Warren","0","1","Pennsylvania","5/11/20","1","0","42123","0"
"Washington","1","124","Pennsylvania","5/11/20","120","4","42125","3.33"
"Wayne","1","117","Pennsylvania","5/11/20","109","8","42127","7.34"
"Westmoreland","2","418","Pennsylvania","5/11/20","403","15","42129","3.72"
"Wyoming","0","30","Pennsylvania","5/11/20","27","3","42131","11.11"
"York","12","784","Pennsylvania","5/11/20","702","82","42133","11.68"
"","59","2256","Puerto Rico","5/11/20","1843","413",,"22.41"
"Bristol","2","171","Rhode Island","5/11/20","154","17","44001","11.04"
"Kent","22","859","Rhode Island","5/11/20","703","156","44003","22.19"
"Newport","3","182","Rhode Island","5/11/20","161","21","44005","13.04"
"Providence","219","8674","Rhode Island","5/11/20","7138","1536","44007","21.52"
"Washington","6","406","Rhode Island","5/11/20","363","43","44009","11.85"
"Abbeville","0","34","South Carolina","5/11/20","33","1","45001","3.03"
"Aiken","2","119","South Carolina","5/11/20","108","11","45003","10.19"
"Allendale","2","26","South Carolina","5/11/20","14","12","45005","85.71"
"Anderson","2","186","South Carolina","5/11/20","171","15","45007","8.77"
"Bamberg","0","16","South Carolina","5/11/20","13","3","45009","23.08"
"Barnwell","1","33","South Carolina","5/11/20","25","8","45011","32"
"Beaufort","2","280","South Carolina","5/11/20","269","11","45013","4.09"
"Berkeley","1","195","South Carolina","5/11/20","190","5","45015","2.63"
"Calhoun","0","8","South Carolina","5/11/20","7","1","45017","14.29"
"Charleston","4","491","South Carolina","5/11/20","464","27","45019","5.82"
"Cherokee","1","22","South Carolina","5/11/20","18","4","45021","22.22"
"Chester","1","40","South Carolina","5/11/20","34","6","45023","17.65"
"Chesterfield","3","80","South Carolina","5/11/20","60","20","45025","33.33"
"Clarendon","5","265","South Carolina","5/11/20","232","33","45027","14.22"
"Colleton","0","32","South Carolina","5/11/20","32","0","45029","0"
"Darlington","5","179","South Carolina","5/11/20","144","35","45031","24.31"
"Dillon","4","102","South Carolina","5/11/20","74","28","45033","37.84"
"Dorchester","1","108","South Carolina","5/11/20","100","8","45035","8"
"Edgefield","1","39","South Carolina","5/11/20","32","7","45037","21.88"
"Fairfield","2","81","South Carolina","5/11/20","68","13","45039","19.12"
"Florence","14","444","South Carolina","5/11/20","348","96","45041","27.59"
"Georgetown","1","51","South Carolina","5/11/20","46","5","45043","10.87"
"Greenville","23","946","South Carolina","5/11/20","788","158","45045","20.05"
"Greenwood","1","63","South Carolina","5/11/20","55","8","45047","14.55"
"Hampton","0","28","South Carolina","5/11/20","26","2","45049","7.69"
"Horry","5","267","South Carolina","5/11/20","230","37","45051","16.09"
"Jasper","1","25","South Carolina","5/11/20","21","4","45053","19.05"
"Kershaw","2","257","South Carolina","5/11/20","245","12","45055","4.9"
"Lancaster","2","111","South Carolina","5/11/20","99","12","45057","12.12"
"Laurens","1","48","South Carolina","5/11/20","41","7","45059","17.07"
"Lee","7","115","South Carolina","5/11/20","68","47","45061","69.12"
"Lexington","7","484","South Carolina","5/11/20","432","52","45063","12.04"
"Marion","1","49","South Carolina","5/11/20","40","9","45067","22.5"
"Marlboro","1","59","South Carolina","5/11/20","52","7","45069","13.46"
"McCormick","0","7","South Carolina","5/11/20","7","0","45065","0"
"Newberry","0","31","South Carolina","5/11/20","30","1","45071","3.33"
"Oconee","1","37","South Carolina","5/11/20","27","10","45073","37.04"
"Orangeburg","1","101","South Carolina","5/11/20","92","9","45075","9.78"
"Pickens","2","73","South Carolina","5/11/20","59","14","45077","23.73"
"Richland","20","1119","South Carolina","5/11/20","977","142","45079","14.53"
"Saluda","3","90","South Carolina","5/11/20","68","22","45081","32.35"
"Spartanburg","4","346","South Carolina","5/11/20","315","31","45083","9.84"
"Sumter","4","290","South Carolina","5/11/20","264","26","45085","9.85"
"Union","1","31","South Carolina","5/11/20","26","5","45087","19.23"
"Williamsburg","7","142","South Carolina","5/11/20","91","51","45089","56.04"
"York","3","242","South Carolina","5/11/20","222","20","45091","9.01"
"Aurora","0","2","South Dakota","5/11/20","1","1","46003","100"
"Beadle","0","21","South Dakota","5/11/20","21","0","46005","0"
"Bon Homme","0","4","South Dakota","5/11/20","4","0","46009","0"
"Brookings","0","14","South Dakota","5/11/20","13","1","46011","7.69"
"Brown","9","127","South Dakota","5/11/20","65","62","46013","95.38"
"Buffalo","0","1","South Dakota","5/11/20","1","0","46017","0"
"Charles Mix","0","5","South Dakota","5/11/20","5","0","46023","0"
"Clark","0","2","South Dakota","5/11/20","1","1","46025","100"
"Clay","0","9","South Dakota","5/11/20","7","2","46027","28.57"
"Codington","0","15","South Dakota","5/11/20","15","0","46029","0"
"Corson","0","1","South Dakota","5/11/20","1","0","46031","0"
"Davison","0","7","South Dakota","5/11/20","6","1","46035","16.67"
"Day","0","10","South Dakota","5/11/20","8","2","46037","25"
"Deuel","0","1","South Dakota","5/11/20","1","0","46039","0"
"Dewey","0","0","South Dakota","5/11/20","1","-1","46041","-100"
"Douglas","0","1","South Dakota","5/11/20","1","0","46043","0"
"Fall River","0","2","South Dakota","5/11/20","2","0","46047","0"
"Faulk","0","1","South Dakota","5/11/20","1","0","46049","0"
"Grant","0","3","South Dakota","5/11/20","0","3","46051","1"
"Hamlin","0","2","South Dakota","5/11/20","2","0","46057","0"
"Hand","0","1","South Dakota","5/11/20","1","0","46059","0"
"Hughes","0","15","South Dakota","5/11/20","13","2","46065","15.38"
"Hutchinson","0","3","South Dakota","5/11/20","3","0","46067","0"
"Hyde","0","1","South Dakota","5/11/20","1","0","46069","0"
"Jerauld","0","6","South Dakota","5/11/20","6","0","46073","0"
"Lake","0","5","South Dakota","5/11/20","4","1","46079","25"
"Lawrence","0","9","South Dakota","5/11/20","9","0","46081","0"
"Lincoln","4","191","South Dakota","5/11/20","163","28","46083","17.18"
"Lyman","0","3","South Dakota","5/11/20","3","0","46085","0"
"Marshall","0","1","South Dakota","5/11/20","1","0","46091","0"
"McCook","0","4","South Dakota","5/11/20","4","0","46087","0"
"McPherson","0","1","South Dakota","5/11/20","1","0","46089","0"
"Meade","0","4","South Dakota","5/11/20","1","3","46093","300"
"Miner","0","1","South Dakota","5/11/20","1","0","46097","0"
"Minnehaha","112","2952","South Dakota","5/11/20","2170","782","46099","36.04"
"Moody","1","14","South Dakota","5/11/20","6","8","46101","133.33"
"Oglala Lakota","0","1","South Dakota","5/11/20","1","0","46102","0"
"Pennington","2","27","South Dakota","5/11/20","14","13","46103","92.86"
"Roberts","1","14","South Dakota","5/11/20","10","4","46109","40"
"Sanborn","0","3","South Dakota","5/11/20","3","0","46111","0"
"Spink","0","4","South Dakota","5/11/20","3","1","46115","33.33"
"Stanley","0","8","South Dakota","5/11/20","8","0","46117","0"
"Sully","0","1","South Dakota","5/11/20","1","0","46119","0"
"Todd","1","10","South Dakota","5/11/20","3","7","46121","233.33"
"Turner","0","18","South Dakota","5/11/20","17","1","46125","5.88"
"Union","3","53","South Dakota","5/11/20","32","21","46127","65.62"
"Walworth","0","5","South Dakota","5/11/20","5","0","46129","0"
"Yankton","0","30","South Dakota","5/11/20","28","2","46135","7.14"
"Ziebach","0","1","South Dakota","5/11/20","0","1","46137","1"
"Anderson","0","33","Tennessee","5/11/20","30","3","47001","10"
"Bedford","5","238","Tennessee","5/11/20","200","38","47003","19"
"Benton","0","6","Tennessee","5/11/20","6","0","47005","0"
"Bledsoe","1","604","Tennessee","5/11/20","598","6","47007","1"
"Blount","0","72","Tennessee","5/11/20","70","2","47009","2.86"
"Bradley","2","72","Tennessee","5/11/20","56","16","47011","28.57"
"Campbell","0","17","Tennessee","5/11/20","17","0","47013","0"
"Cannon","0","13","Tennessee","5/11/20","12","1","47015","8.33"
"Carroll","0","21","Tennessee","5/11/20","23","-2","47017","-8.7"
"Carter","1","18","Tennessee","5/11/20","14","4","47019","28.57"
"Cheatham","1","66","Tennessee","5/11/20","56","10","47021","17.86"
"Chester","0","12","Tennessee","5/11/20","10","2","47023","20"
"Claiborne","0","7","Tennessee","5/11/20","5","2","47025","40"
"Clay","0","6","Tennessee","5/11/20","5","1","47027","20"
"Cocke","0","18","Tennessee","5/11/20","19","-1","47029","-5.26"
"Coffee","1","54","Tennessee","5/11/20","44","10","47031","22.73"
"Crockett","0","12","Tennessee","5/11/20","9","3","47033","33.33"
"Cumberland","0","84","Tennessee","5/11/20","84","0","47035","0"
"Davidson","67","3465","Tennessee","5/11/20","2999","466","47037","15.54"
"Decatur","0","4","Tennessee","5/11/20","4","0","47039","0"
"DeKalb","0","28","Tennessee","5/11/20","25","3","47041","12"
"Dickson","1","86","Tennessee","5/11/20","82","4","47043","4.88"
"Dyer","1","43","Tennessee","5/11/20","39","4","47045","10.26"
"Fayette","2","80","Tennessee","5/11/20","68","12","47047","17.65"
"Fentress","0","6","Tennessee","5/11/20","5","1","47049","20"
"Franklin","1","41","Tennessee","5/11/20","36","5","47051","13.89"
"Gibson","0","56","Tennessee","5/11/20","53","3","47053","5.66"
"Giles","0","9","Tennessee","5/11/20","8","1","47055","12.5"
"Grainger","0","6","Tennessee","5/11/20","7","-1","47057","-14.29"
"Greene","0","46","Tennessee","5/11/20","43","3","47059","6.98"
"Grundy","0","30","Tennessee","5/11/20","28","2","47061","7.14"
"Hamblen","0","21","Tennessee","5/11/20","22","-1","47063","-4.55"
"Hamilton","9","240","Tennessee","5/11/20","180","60","47065","33.33"
"Hardeman","22","171","Tennessee","5/11/20","20","151","47069","755"
"Hardin","0","8","Tennessee","5/11/20","7","1","47071","14.29"
"Hawkins","0","31","Tennessee","5/11/20","31","0","47073","0"
"Haywood","0","26","Tennessee","5/11/20","27","-1","47075","-3.7"
"Henderson","0","10","Tennessee","5/11/20","9","1","47077","11.11"
"Henry","0","15","Tennessee","5/11/20","13","2","47079","15.38"
"Hickman","1","52","Tennessee","5/11/20","45","7","47081","15.56"
"Houston","0","6","Tennessee","5/11/20","5","1","47083","20"
"Humphreys","0","12","Tennessee","5/11/20","11","1","47085","9.09"
"Jackson","0","10","Tennessee","5/11/20","7","3","47087","42.86"
"Jefferson","0","26","Tennessee","5/11/20","28","-2","47089","-7.14"
"Johnson","0","5","Tennessee","5/11/20","5","0","47091","0"
"Knox","4","280","Tennessee","5/11/20","249","31","47093","12.45"
"Lake","0","61","Tennessee","5/11/20","58","3","47095","5.17"
"Lauderdale","2","36","Tennessee","5/11/20","25","11","47097","44"
"Lawrence","1","21","Tennessee","5/11/20","17","4","47099","23.53"
"Lewis","0","2","Tennessee","5/11/20","2","0","47101","0"
"Lincoln","0","16","Tennessee","5/11/20","16","0","47103","0"
"Loudon","1","43","Tennessee","5/11/20","39","4","47105","10.26"
"Macon","1","59","Tennessee","5/11/20","53","6","47111","11.32"
"Madison","2","156","Tennessee","5/11/20","142","14","47113","9.86"
"Marion","0","29","Tennessee","5/11/20","29","0","47115","0"
"Marshall","0","24","Tennessee","5/11/20","24","0","47117","0"
"Maury","1","55","Tennessee","5/11/20","49","6","47119","12.24"
"McMinn","3","122","Tennessee","5/11/20","103","19","47107","18.45"
"McNairy","0","11","Tennessee","5/11/20","11","0","47109","0"
"Meigs","2","22","Tennessee","5/11/20","10","12","47121","120"
"Monroe","0","31","Tennessee","5/11/20","29","2","47123","6.9"
"Montgomery","4","180","Tennessee","5/11/20","149","31","47125","20.81"
"Moore","0","3","Tennessee","5/11/20","3","0","47127","0"
"Morgan","1","12","Tennessee","5/11/20","6","6","47129","100"
"Obion","0","16","Tennessee","5/11/20","17","-1","47131","-5.88"
"Out of TN","7","395","Tennessee","5/11/20","347","48","80047","13.83"
"Overton","1","14","Tennessee","5/11/20","9","5","47133","55.56"
"Perry","0","13","Tennessee","5/11/20","12","1","47135","8.33"
"Pickett","0","1","Tennessee","5/11/20","0","1","47137","1"
"Polk","0","12","Tennessee","5/11/20","12","0","47139","0"
"Putnam","6","178","Tennessee","5/11/20","139","39","47141","28.06"
"Rhea","0","6","Tennessee","5/11/20","5","1","47143","20"
"Roane","0","8","Tennessee","5/11/20","8","0","47145","0"
"Robertson","5","220","Tennessee","5/11/20","184","36","47147","19.57"
"Rutherford","20","745","Tennessee","5/11/20","603","142","47149","23.55"
"Scott","0","11","Tennessee","5/11/20","12","-1","47151","-8.33"
"Sequatchie","0","6","Tennessee","5/11/20","5","1","47153","20"
"Sevier","1","65","Tennessee","5/11/20","58","7","47155","12.07"
"Shelby","71","3372","Tennessee","5/11/20","2878","494","47157","17.16"
"Smith","0","24","Tennessee","5/11/20","24","0","47159","0"
"Stewart","0","7","Tennessee","5/11/20","8","-1","47161","-12.5"
"Sullivan","0","54","Tennessee","5/11/20","57","-3","47163","-5.26"
"Sumner","5","699","Tennessee","5/11/20","663","36","47165","5.43"
"Tipton","32","373","Tennessee","5/11/20","148","225","47167","152.03"
"Trousdale","2","1363","Tennessee","5/11/20","1348","15","47169","1.11"
"Unicoi","0","3","Tennessee","5/11/20","2","1","47171","50"
"Union","0","3","Tennessee","5/11/20","3","0","47173","0"
"Van Buren","0","2","Tennessee","5/11/20","2","0","47175","0"
"Warren","1","12","Tennessee","5/11/20","8","4","47177","50"
"Washington","1","65","Tennessee","5/11/20","57","8","47179","14.04"
"Wayne","0","3","Tennessee","5/11/20","4","-1","47181","-25"
"Weakley","0","24","Tennessee","5/11/20","24","0","47183","0"
"White","0","16","Tennessee","5/11/20","15","1","47185","6.67"
"Williamson","2","445","Tennessee","5/11/20","431","14","47187","3.25"
"Wilson","4","302","Tennessee","5/11/20","276","26","47189","9.42"
"Anderson","1","41","Texas","5/11/20","34","7","48001","20.59"
"Andrews","0","21","Texas","5/11/20","21","0","48003","0"
"Angelina","6","100","Texas","5/11/20","55","45","48005","81.82"
"Aransas","0","2","Texas","5/11/20","2","0","48007","0"
"Armstrong","0","2","Texas","5/11/20","2","0","48011","0"
"Atascosa","1","24","Texas","5/11/20","19","5","48013","26.32"
"Austin","0","15","Texas","5/11/20","13","2","48015","15.38"
"Bailey","0","3","Texas","5/11/20","0","3","48017","1"
"Bandera","0","6","Texas","5/11/20","6","0","48019","0"
"Bastrop","3","110","Texas","5/11/20","89","21","48021","23.6"
"Bee","0","6","Texas","5/11/20","6","0","48025","0"
"Bell","4","220","Texas","5/11/20","194","26","48027","13.4"
"Bexar","45","1901","Texas","5/11/20","1585","316","48029","19.94"
"Blanco","0","6","Texas","5/11/20","6","0","48031","0"
"Bosque","0","5","Texas","5/11/20","4","1","48035","25"
"Bowie","0","76","Texas","5/11/20","76","0","48037","0"
"Brazoria","16","661","Texas","5/11/20","551","110","48039","19.96"
"Brazos","9","271","Texas","5/11/20","208","63","48041","30.29"
"Brewster","0","1","Texas","5/11/20","1","0","48043","0"
"Briscoe","0","1","Texas","5/11/20","1","0","48045","0"
"Brooks","0","1","Texas","5/11/20","1","0","48047","0"
"Brown","0","38","Texas","5/11/20","36","2","48049","5.56"
"Burleson","0","15","Texas","5/11/20","14","1","48051","7.14"
"Burnet","0","26","Texas","5/11/20","23","3","48053","13.04"
"Caldwell","1","30","Texas","5/11/20","21","9","48055","42.86"
"Calhoun","0","36","Texas","5/11/20","33","3","48057","9.09"
"Callahan","1","6","Texas","5/11/20","2","4","48059","200"
"Cameron","11","512","Texas","5/11/20","432","80","48061","18.52"
"Camp","0","7","Texas","5/11/20","7","0","48063","0"
"Carson","0","3","Texas","5/11/20","3","0","48065","0"
"Cass","1","20","Texas","5/11/20","15","5","48067","33.33"
"Castro","1","23","Texas","5/11/20","18","5","48069","27.78"
"Chambers","1","50","Texas","5/11/20","45","5","48071","11.11"
"Cherokee","0","20","Texas","5/11/20","17","3","48073","17.65"
"Childress","0","2","Texas","5/11/20","1","1","48075","100"
"Clay","0","3","Texas","5/11/20","3","0","48077","0"
"Cochran","0","1","Texas","5/11/20","1","0","48079","0"
"Coke","0","1","Texas","5/11/20","0","1","48081","1"
"Coleman","0","2","Texas","5/11/20","1","1","48083","100"
"Collin","18","918","Texas","5/11/20","789","129","48085","16.35"
"Collingsworth","1","4","Texas","5/11/20","0","4","48087","1"
"Colorado","1","16","Texas","5/11/20","10","6","48089","60"
"Comal","1","65","Texas","5/11/20","58","7","48091","12.07"
"Comanche","0","3","Texas","5/11/20","3","0","48093","0"
"Concho","0","1","Texas","5/11/20","1","0","48095","0"
"Cooke","0","12","Texas","5/11/20","9","3","48097","33.33"
"Coryell","7","208","Texas","5/11/20","162","46","48099","28.4"
"Cottle","0","4","Texas","5/11/20","2","2","48101","100"
"Crane","0","2","Texas","5/11/20","2","0","48103","0"
"Crosby","0","2","Texas","5/11/20","2","0","48107","0"
"Dallam","0","14","Texas","5/11/20","13","1","48111","7.69"
"Dallas","250","6123","Texas","5/11/20","4370","1753","48113","40.11"
"Dawson","1","30","Texas","5/11/20","26","4","48115","15.38"
"Deaf Smith","3","59","Texas","5/11/20","37","22","48117","59.46"
"Delta","0","1","Texas","5/11/20","1","0","48119","0"
"Denton","17","922","Texas","5/11/20","803","119","48121","14.82"
"DeWitt","0","15","Texas","5/11/20","15","0","48123","0"
"Dickens","0","1","Texas","5/11/20","1","0","48125","0"
"Dimmit","0","1","Texas","5/11/20","1","0","48127","0"
"Donley","0","26","Texas","5/11/20","25","1","48129","4"
"Duval","0","5","Texas","5/11/20","3","2","48131","66.67"
"Eastland","0","3","Texas","5/11/20","3","0","48133","0"
"Ector","2","99","Texas","5/11/20","84","15","48135","17.86"
"El Paso","49","1340","Texas","5/11/20","998","342","48141","34.27"
"Ellis","6","211","Texas","5/11/20","169","42","48139","24.85"
"Erath","0","14","Texas","5/11/20","12","2","48143","16.67"
"Falls","0","6","Texas","5/11/20","4","2","48145","50"
"Fannin","0","23","Texas","5/11/20","20","3","48147","15"
"Fayette","1","25","Texas","5/11/20","15","10","48149","66.67"
"Floyd","0","4","Texas","5/11/20","3","1","48153","33.33"
"Fort Bend","29","1385","Texas","5/11/20","1183","202","48157","17.08"
"Franklin","0","3","Texas","5/11/20","2","1","48159","50"
"Freestone","0","7","Texas","5/11/20","7","0","48161","0"
"Frio","3","34","Texas","5/11/20","10","24","48163","240"
"Gaines","0","3","Texas","5/11/20","2","1","48165","50"
"Galveston","7","685","Texas","5/11/20","636","49","48167","7.7"
"Garza","0","3","Texas","5/11/20","3","0","48169","0"
"Gillespie","0","4","Texas","5/11/20","4","0","48171","0"
"Glasscock","0","1","Texas","5/11/20","1","0","48173","0"
"Goliad","0","7","Texas","5/11/20","7","0","48175","0"
"Gonzales","4","59","Texas","5/11/20","30","29","48177","96.67"
"Gray","1","75","Texas","5/11/20","67","8","48179","11.94"
"Grayson","6","91","Texas","5/11/20","49","42","48181","85.71"
"Gregg","4","118","Texas","5/11/20","87","31","48183","35.63"
"Grimes","3","42","Texas","5/11/20","22","20","48185","90.91"
"Guadalupe","2","97","Texas","5/11/20","86","11","48187","12.79"
"Hale","1","37","Texas","5/11/20","29","8","48189","27.59"
"Hamilton","0","7","Texas","5/11/20","5","2","48193","40"
"Hansford","1","12","Texas","5/11/20","7","5","48195","71.43"
"Hardin","2","115","Texas","5/11/20","103","12","48199","11.65"
"Harris","173","8176","Texas","5/11/20","6967","1209","48201","17.35"
"Harrison","7","186","Texas","5/11/20","140","46","48203","32.86"
"Hartley","0","8","Texas","5/11/20","5","3","48205","60"
"Hays","5","203","Texas","5/11/20","168","35","48209","20.83"
"Hemphill","0","1","Texas","5/11/20","1","0","48211","0"
"Henderson","2","41","Texas","5/11/20","28","13","48213","46.43"
"Hidalgo","7","389","Texas","5/11/20","341","48","48215","14.08"
"Hill","0","19","Texas","5/11/20","17","2","48217","11.76"
"Hockley","0","20","Texas","5/11/20","20","0","48219","0"
"Hood","0","22","Texas","5/11/20","20","2","48221","10"
"Hopkins","0","8","Texas","5/11/20","6","2","48223","33.33"
"Houston","1","13","Texas","5/11/20","7","6","48225","85.71"
"Howard","0","6","Texas","5/11/20","4","2","48227","50"
"Hunt","1","57","Texas","5/11/20","49","8","48231","16.33"
"Hutchinson","1","21","Texas","5/11/20","16","5","48233","31.25"
"Jack","0","4","Texas","5/11/20","4","0","48237","0"
"Jackson","0","14","Texas","5/11/20","14","0","48239","0"
"Jasper","0","19","Texas","5/11/20","18","1","48241","5.56"
"Jefferson","8","381","Texas","5/11/20","325","56","48245","17.23"
"Jim Hogg","0","3","Texas","5/11/20","3","0","48247","0"
"Jim Wells","0","7","Texas","5/11/20","5","2","48249","40"
"Johnson","3","103","Texas","5/11/20","83","20","48251","24.1"
"Jones","2","95","Texas","5/11/20","78","17","48253","21.79"
"Karnes","0","3","Texas","5/11/20","3","0","48255","0"
"Kaufman","4","120","Texas","5/11/20","90","30","48257","33.33"
"Kendall","0","19","Texas","5/11/20","16","3","48259","18.75"
"Kerr","1","9","Texas","5/11/20","5","4","48265","80"
"Kimble","0","1","Texas","5/11/20","0","1","48267","1"
"Kleberg","0","11","Texas","5/11/20","10","1","48273","10"
"Knox","0","1","Texas","5/11/20","1","0","48275","0"
"La Salle","0","2","Texas","5/11/20","1","1","48283","100"
"Lamar","3","89","Texas","5/11/20","67","22","48277","32.84"
"Lamb","0","7","Texas","5/11/20","4","3","48279","75"
"Lampasas","1","8","Texas","5/11/20","4","4","48281","100"
"Lavaca","0","6","Texas","5/11/20","6","0","48285","0"
"Lee","0","5","Texas","5/11/20","2","3","48287","150"
"Leon","0","9","Texas","5/11/20","6","3","48289","50"
"Liberty","3","66","Texas","5/11/20","45","21","48291","46.67"
"Limestone","0","15","Texas","5/11/20","13","2","48293","15.38"
"Lipscomb","0","2","Texas","5/11/20","2","0","48295","0"
"Live Oak","0","5","Texas","5/11/20","5","0","48297","0"
"Llano","0","3","Texas","5/11/20","3","0","48299","0"
"Lubbock","6","592","Texas","5/11/20","553","39","48303","7.05"
"Lynn","0","5","Texas","5/11/20","5","0","48305","0"
"Madison","0","3","Texas","5/11/20","1","2","48313","200"
"Marion","0","15","Texas","5/11/20","15","0","48315","0"
"Martin","0","3","Texas","5/11/20","2","1","48317","50"
"Mason","1","28","Texas","5/11/20","24","4","48319","16.67"
"Matagorda","0","64","Texas","5/11/20","64","0","48321","0"
"Maverick","1","31","Texas","5/11/20","26","5","48323","19.23"
"McCulloch","0","3","Texas","5/11/20","3","0","48307","0"
"McLennan","0","94","Texas","5/11/20","91","3","48309","3.3"
"Medina","2","32","Texas","5/11/20","20","12","48325","60"
"Midland","2","101","Texas","5/11/20","89","12","48329","13.48"
"Milam","0","20","Texas","5/11/20","18","2","48331","11.11"
"Mitchell","0","1","Texas","5/11/20","1","0","48335","0"
"Montague","0","9","Texas","5/11/20","7","2","48337","28.57"
"Montgomery","12","724","Texas","5/11/20","640","84","48339","13.12"
"Moore","18","526","Texas","5/11/20","399","127","48341","31.83"
"Morris","0","9","Texas","5/11/20","9","0","48343","0"
"Motley","0","1","Texas","5/11/20","1","0","48345","0"
"Nacogdoches","5","211","Texas","5/11/20","174","37","48347","21.26"
"Navarro","1","36","Texas","5/11/20","31","5","48349","16.13"
"Newton","0","4","Texas","5/11/20","2","2","48351","100"
"Nolan","0","2","Texas","5/11/20","2","0","48353","0"
"Nueces","4","132","Texas","5/11/20","107","25","48355","23.36"
"Ochiltree","1","29","Texas","5/11/20","19","10","48357","52.63"
"Oldham","0","3","Texas","5/11/20","3","0","48359","0"
"Orange","2","85","Texas","5/11/20","71","14","48361","19.72"
"Palo Pinto","0","9","Texas","5/11/20","8","1","48363","12.5"
"Panola","4","162","Texas","5/11/20","135","27","48365","20"
"Parker","1","45","Texas","5/11/20","39","6","48367","15.38"
"Parmer","1","19","Texas","5/11/20","13","6","48369","46.15"
"Pecos","1","15","Texas","5/11/20","10","5","48371","50"
"Polk","2","35","Texas","5/11/20","20","15","48373","75"
"Potter","44","1124","Texas","5/11/20","818","306","48375","37.41"
"Rains","0","2","Texas","5/11/20","2","0","48379","0"
"Randall","11","358","Texas","5/11/20","279","79","48381","28.32"
"Red River","1","9","Texas","5/11/20","1","8","48387","800"
"Reeves","0","7","Texas","5/11/20","5","2","48389","40"
"Refugio","0","1","Texas","5/11/20","1","0","48391","0"
"Roberts","0","2","Texas","5/11/20","2","0","48393","0"
"Robertson","0","5","Texas","5/11/20","4","1","48395","25"
"Rockwall","2","104","Texas","5/11/20","88","16","48397","18.18"
"Runnels","0","2","Texas","5/11/20","2","0","48399","0"
"Rusk","1","40","Texas","5/11/20","36","4","48401","11.11"
"Sabine","0","2","Texas","5/11/20","1","1","48403","100"
"San Augustine","0","21","Texas","5/11/20","19","2","48405","10.53"
"San Jacinto","0","11","Texas","5/11/20","10","1","48407","10"
"San Patricio","1","22","Texas","5/11/20","13","9","48409","69.23"
"Scurry","0","2","Texas","5/11/20","2","0","48415","0"
"Shackelford","0","1","Texas","5/11/20","0","1","48417","1"
"Shelby","5","152","Texas","5/11/20","117","35","48419","29.91"
"Sherman","1","23","Texas","5/11/20","18","5","48421","27.78"
"Smith","4","174","Texas","5/11/20","146","28","48423","19.18"
"Starr","1","14","Texas","5/11/20","9","5","48427","55.56"
"Stephens","0","1","Texas","5/11/20","1","0","48429","0"
"Swisher","0","12","Texas","5/11/20","9","3","48437","33.33"
"Tarrant","159","3695","Texas","5/11/20","2584","1111","48439","43"
"Taylor","-20","208","Texas","5/11/20","349","-141","48441","-40.4"
"Terry","0","12","Texas","5/11/20","11","1","48445","9.09"
"Titus","2","35","Texas","5/11/20","20","15","48449","75"
"Tom Green","1","84","Texas","5/11/20","79","5","48451","6.33"
"Travis","51","2171","Texas","5/11/20","1816","355","48453","19.55"
"Trinity","0","11","Texas","5/11/20","8","3","48455","37.5"
"Tyler","0","7","Texas","5/11/20","6","1","48457","16.67"
"Upshur","0","17","Texas","5/11/20","15","2","48459","13.33"
"Uvalde","0","6","Texas","5/11/20","6","0","48463","0"
"Val Verde","0","13","Texas","5/11/20","13","0","48465","0"
"Van Zandt","0","18","Texas","5/11/20","16","2","48467","12.5"
"Victoria","2","150","Texas","5/11/20","139","11","48469","7.91"
"Walker","6","342","Texas","5/11/20","298","44","48471","14.77"
"Waller","1","39","Texas","5/11/20","33","6","48473","18.18"
"Washington","3","164","Texas","5/11/20","145","19","48477","13.1"
"Webb","6","435","Texas","5/11/20","391","44","48479","11.25"
"Wharton","0","41","Texas","5/11/20","39","2","48481","5.13"
"Wheeler","1","14","Texas","5/11/20","9","5","48483","55.56"
"Wichita","1","75","Texas","5/11/20","65","10","48485","15.38"
"Wilbarger","0","2","Texas","5/11/20","1","1","48487","100"
"Willacy","0","14","Texas","5/11/20","13","1","48489","7.69"
"Williamson","7","380","Texas","5/11/20","328","52","48491","15.85"
"Wilson","0","36","Texas","5/11/20","33","3","48493","9.09"
"Winkler","0","3","Texas","5/11/20","3","0","48495","0"
"Wise","1","30","Texas","5/11/20","26","4","48497","15.38"
"Wood","1","14","Texas","5/11/20","10","4","48499","40"
"Yoakum","0","2","Texas","5/11/20","1","1","48501","100"
"Young","0","4","Texas","5/11/20","4","0","48503","0"
"Zapata","0","7","Texas","5/11/20","7","0","48505","0"
"Zavala","0","2","Texas","5/11/20","1","1","48507","100"
"Bear River","3","81","Utah","5/11/20","62","19","00000","30.65"
"Central Utah","0","28","Utah","5/11/20","25","3","00000","12"
"Davis","6","338","Utah","5/11/20","299","39","49011","13.04"
"Salt Lake","85","3365","Utah","5/11/20","2769","596","49035","21.52"
"San Juan","5","149","Utah","5/11/20","116","33","49037","28.45"
"Southeast Utah","0","14","Utah","5/11/20","11","3","00000","27.27"
"Southwest Utah","7","170","Utah","5/11/20","119","51","00000","42.86"
"Summit","1","386","Utah","5/11/20","377","9","49043","2.39"
"Tooele","1","77","Utah","5/11/20","71","6","49045","8.45"
"TriCounty","0","16","Utah","5/11/20","14","2","00000","14.29"
"Utah","34","1358","Utah","5/11/20","1122","236","49049","21.03"
"Wasatch","3","183","Utah","5/11/20","165","18","49051","10.91"
"Weber-Morgan","4","197","Utah","5/11/20","167","30","00000","17.96"
"Addison","0","62","Vermont","5/11/20","61","1","50001","1.64"
"Bennington","1","60","Vermont","5/11/20","51","9","50003","17.65"
"Caledonia","0","14","Vermont","5/11/20","14","0","50005","0"
"Chittenden","1","432","Vermont","5/11/20","425","7","50007","1.65"
"Essex","0","2","Vermont","5/11/20","2","0","50009","0"
"Franklin","0","99","Vermont","5/11/20","99","0","50011","0"
"Grand Isle","0","4","Vermont","5/11/20","4","0","50013","0"
"Lamoille","0","26","Vermont","5/11/20","26","0","50015","0"
"Orange","0","8","Vermont","5/11/20","8","0","50017","0"
"Orleans","0","9","Vermont","5/11/20","9","0","50019","0"
"Rutland","0","49","Vermont","5/11/20","49","0","50021","0"
"Washington","0","38","Vermont","5/11/20","35","3","50023","8.57"
"Windham","0","74","Vermont","5/11/20","72","2","50025","2.78"
"Windsor","0","45","Vermont","5/11/20","43","2","50027","4.65"
"","0","69","Virgin Islands","5/11/20","66","3",,"4.55"
"Accomack","14","524","Virginia","5/11/20","425","99","51001","23.29"
"Albemarle","2","123","Virginia","5/11/20","110","13","51003","11.82"
"Alexandria","41","1224","Virginia","5/11/20","940","284","51510","30.21"
"Alleghany","0","6","Virginia","5/11/20","6","0","51005","0"
"Amelia","0","17","Virginia","5/11/20","16","1","51007","6.25"
"Amherst","0","16","Virginia","5/11/20","14","2","51009","14.29"
"Appomattox","0","22","Virginia","5/11/20","21","1","51011","4.76"
"Arlington","37","1399","Virginia","5/11/20","1139","260","51013","22.83"
"Augusta","2","64","Virginia","5/11/20","47","17","51015","36.17"
"Bedford","0","38","Virginia","5/11/20","35","3","51019","8.57"
"Botetourt","0","30","Virginia","5/11/20","28","2","51023","7.14"
"Bristol","0","3","Virginia","5/11/20","2","1","51520","50"
"Brunswick","1","19","Virginia","5/11/20","15","4","51025","26.67"
"Buchanan","0","16","Virginia","5/11/20","16","0","51027","0"
"Buckingham","16","246","Virginia","5/11/20","137","109","51029","79.56"
"Buena Vista","0","8","Virginia","5/11/20","6","2","51530","33.33"
"Campbell","0","13","Virginia","5/11/20","13","0","51031","0"
"Caroline","1","38","Virginia","5/11/20","32","6","51033","18.75"
"Carroll","2","34","Virginia","5/11/20","19","15","51035","78.95"
"Charles City","1","21","Virginia","5/11/20","17","4","51036","23.53"
"Charlotte","0","11","Virginia","5/11/20","10","1","51037","10"
"Charlottesville","1","68","Virginia","5/11/20","63","5","51540","7.94"
"Chesapeake","8","340","Virginia","5/11/20","284","56","51550","19.72"
"Chesterfield","27","789","Virginia","5/11/20","601","188","51041","31.28"
"Clarke","1","16","Virginia","5/11/20","10","6","51043","60"
"Colonial Heights","1","66","Virginia","5/11/20","57","9","51570","15.79"
"Covington","0","1","Virginia","5/11/20","1","0","51580","0"
"Craig","0","4","Virginia","5/11/20","3","1","51045","33.33"
"Culpeper","11","276","Virginia","5/11/20","196","80","51047","40.82"
"Cumberland","0","13","Virginia","5/11/20","12","1","51049","8.33"
"Danville","0","39","Virginia","5/11/20","37","2","51590","5.41"
"Dinwiddie","1","28","Virginia","5/11/20","23","5","51053","21.74"
"Emporia","0","49","Virginia","5/11/20","46","3","51595","6.52"
"Essex","1","24","Virginia","5/11/20","16","8","51057","50"
"Fairfax","226","6200","Virginia","5/11/20","4615","1585","51059","34.34"
"Fairfax City","1","39","Virginia","5/11/20","33","6","51600","18.18"
"Falls Church","0","37","Virginia","5/11/20","36","1","51610","2.78"
"Fauquier","6","180","Virginia","5/11/20","140","40","51061","28.57"
"Floyd","0","3","Virginia","5/11/20","3","0","51063","0"
"Fluvanna","0","79","Virginia","5/11/20","76","3","51065","3.95"
"Franklin","1","28","Virginia","5/11/20","23","5","51067","21.74"
"Franklin City","0","26","Virginia","5/11/20","23","3","51620","13.04"
"Frederick","6","166","Virginia","5/11/20","126","40","51069","31.75"
"Fredericksburg","2","61","Virginia","5/11/20","45","16","51630","35.56"
"Galax","4","55","Virginia","5/11/20","25","30","51640","120"
"Giles","1","8","Virginia","5/11/20","4","4","51071","100"
"Gloucester","0","27","Virginia","5/11/20","27","0","51073","0"
"Goochland","0","81","Virginia","5/11/20","80","1","51075","1.25"
"Grayson","2","15","Virginia","5/11/20","4","11","51077","275"
"Greene","0","15","Virginia","5/11/20","12","3","51079","25"
"Greensville","1","47","Virginia","5/11/20","41","6","51081","14.63"
"Halifax","0","22","Virginia","5/11/20","19","3","51083","15.79"
"Hampton","3","146","Virginia","5/11/20","128","18","51650","14.06"
"Hanover","4","171","Virginia","5/11/20","141","30","51085","21.28"
"Harrisonburg","12","583","Virginia","5/11/20","497","86","51660","17.3"
"Henrico","17","1083","Virginia","5/11/20","964","119","51087","12.34"
"Henry","1","25","Virginia","5/11/20","19","6","51089","31.58"
"Highland","0","2","Virginia","5/11/20","2","0","51091","0"
"Hopewell","1","39","Virginia","5/11/20","31","8","51670","25.81"
"Isle of Wight","2","112","Virginia","5/11/20","99","13","51093","13.13"
"James City","1","173","Virginia","5/11/20","167","6","51095","3.59"
"King and Queen","0","5","Virginia","5/11/20","3","2","51097","66.67"
"King George","1","42","Virginia","5/11/20","35","7","51099","20"
"King William","0","12","Virginia","5/11/20","9","3","51101","33.33"
"Lancaster","0","6","Virginia","5/11/20","5","1","51103","20"
"Lee","0","10","Virginia","5/11/20","10","0","51105","0"
"Lexington","0","5","Virginia","5/11/20","6","-1","51678","-16.67"
"Loudoun","33","1195","Virginia","5/11/20","961","234","51107","24.35"
"Louisa","1","56","Virginia","5/11/20","49","7","51109","14.29"
"Lunenburg","0","6","Virginia","5/11/20","4","2","51111","50"
"Lynchburg","1","69","Virginia","5/11/20","64","5","51680","7.81"
"Madison","1","21","Virginia","5/11/20","16","5","51113","31.25"
"Manassas","22","428","Virginia","5/11/20","273","155","51683","56.78"
"Manassas Park","7","135","Virginia","5/11/20","88","47","51685","53.41"
"Martinsville","0","2","Virginia","5/11/20","2","0","51690","0"
"Mathews","0","5","Virginia","5/11/20","4","1","51115","25"
"Mecklenburg","4","134","Virginia","5/11/20","106","28","51117","26.42"
"Middlesex","0","10","Virginia","5/11/20","7","3","51119","42.86"
"Montgomery","1","66","Virginia","5/11/20","59","7","51121","11.86"
"Nelson","0","10","Virginia","5/11/20","9","1","51125","11.11"
"New Kent","0","26","Virginia","5/11/20","26","0","51127","0"
"Newport News","5","164","Virginia","5/11/20","132","32","51700","24.24"
"Norfolk","10","308","Virginia","5/11/20","239","69","51710","28.87"
"Northampton","4","170","Virginia","5/11/20","139","31","51131","22.3"
"Northumberland","0","10","Virginia","5/11/20","9","1","51133","11.11"
"Norton","0","2","Virginia","5/11/20","2","0","51720","0"
"Nottoway","0","14","Virginia","5/11/20","14","0","51135","0"
"Orange","1","47","Virginia","5/11/20","39","8","51137","20.51"
"Page","2","129","Virginia","5/11/20","113","16","51139","14.16"
"Patrick","0","4","Virginia","5/11/20","2","2","51141","100"
"Petersburg","1","48","Virginia","5/11/20","39","9","51730","23.08"
"Pittsylvania","0","17","Virginia","5/11/20","15","2","51143","13.33"
"Poquoson","0","7","Virginia","5/11/20","6","1","51735","16.67"
"Portsmouth","4","208","Virginia","5/11/20","183","25","51740","13.66"
"Powhatan","0","18","Virginia","5/11/20","15","3","51145","20"
"Prince Edward","2","66","Virginia","5/11/20","55","11","51147","20"
"Prince George","1","45","Virginia","5/11/20","40","5","51149","12.5"
"Prince William","121","2991","Virginia","5/11/20","2146","845","51153","39.38"
"Pulaski","0","9","Virginia","5/11/20","9","0","51155","0"
"Radford","0","3","Virginia","5/11/20","3","0","51750","0"
"Rappahannock","1","10","Virginia","5/11/20","6","4","51157","66.67"
"Richmond","6","190","Virginia","5/11/20","145","45","51159","31.03"
"Richmond City","18","546","Virginia","5/11/20","419","127","51760","30.31"
"Roanoke","3","79","Virginia","5/11/20","57","22","51161","38.6"
"Roanoke City","4","106","Virginia","5/11/20","81","25","51770","30.86"
"Rockbridge","0","9","Virginia","5/11/20","7","2","51163","28.57"
"Rockingham","13","360","Virginia","5/11/20","269","91","51165","33.83"
"Russell","0","6","Virginia","5/11/20","5","1","51167","20"
"Salem","1","32","Virginia","5/11/20","27","5","51775","18.52"
"Scott","0","7","Virginia","5/11/20","7","0","51169","0"
"Shenandoah","14","250","Virginia","5/11/20","149","101","51171","67.79"
"Smyth","0","13","Virginia","5/11/20","13","0","51173","0"
"Southampton","1","131","Virginia","5/11/20","127","4","51175","3.15"
"Spotsylvania","9","257","Virginia","5/11/20","195","62","51177","31.79"
"Stafford","14","384","Virginia","5/11/20","288","96","51179","33.33"
"Staunton","1","18","Virginia","5/11/20","13","5","51790","38.46"
"Suffolk","4","216","Virginia","5/11/20","190","26","51800","13.68"
"Surry","0","5","Virginia","5/11/20","4","1","51181","25"
"Sussex","0","34","Virginia","5/11/20","32","2","51183","6.25"
"Tazewell","0","7","Virginia","5/11/20","6","1","51185","16.67"
"Virginia Beach","9","505","Virginia","5/11/20","439","66","51810","15.03"
"Warren","3","86","Virginia","5/11/20","63","23","51187","36.51"
"Washington","1","49","Virginia","5/11/20","39","10","51191","25.64"
"Waynesboro","1","21","Virginia","5/11/20","14","7","51820","50"
"Westmoreland","1","38","Virginia","5/11/20","31","7","51193","22.58"
"Williamsburg","3","42","Virginia","5/11/20","23","19","51830","82.61"
"Winchester","2","66","Virginia","5/11/20","50","16","51840","32"
"Wise","0","22","Virginia","5/11/20","22","0","51195","0"
"Wythe","0","13","Virginia","5/11/20","12","1","51197","8.33"
"York","1","57","Virginia","5/11/20","47","10","51199","21.28"
"Adams","0","49","Washington","5/11/20","48","1","53001","2.08"
"Asotin","0","18","Washington","5/11/20","18","0","53003","0"
"Benton","8","586","Washington","5/11/20","532","54","53005","10.15"
"Chelan","4","149","Washington","5/11/20","120","29","53007","24.17"
"Clallam","0","19","Washington","5/11/20","18","1","53009","5.56"
"Clark","2","352","Washington","5/11/20","336","16","53011","4.76"
"Columbia","0","1","Washington","5/11/20","1","0","53013","0"
"Cowlitz","1","66","Washington","5/11/20","59","7","53015","11.86"
"Douglas","4","114","Washington","5/11/20","84","30","53017","35.71"
"Ferry","0","1","Washington","5/11/20","1","0","53019","0"
"Franklin","6","420","Washington","5/11/20","377","43","53021","11.41"
"Grant","0","183","Washington","5/11/20","180","3","53025","1.67"
"Grays Harbor","0","13","Washington","5/11/20","12","1","53027","8.33"
"Island","1","174","Washington","5/11/20","169","5","53029","2.96"
"Jefferson","0","29","Washington","5/11/20","28","1","53031","3.57"
"King","75","7068","Washington","5/11/20","6545","523","53033","7.99"
"Kitsap","1","156","Washington","5/11/20","150","6","53035","4"
"Kittitas","4","40","Washington","5/11/20","14","26","53037","185.71"
"Klickitat","0","20","Washington","5/11/20","18","2","53039","11.11"
"Lewis","0","30","Washington","5/11/20","29","1","53041","3.45"
"Lincoln","0","2","Washington","5/11/20","2","0","53043","0"
"Mason","0","28","Washington","5/11/20","26","2","53045","7.69"
"Okanogan","1","25","Washington","5/11/20","21","4","53047","19.05"
"Pacific","1","9","Washington","5/11/20","4","5","53049","125"
"Pend Oreille","0","2","Washington","5/11/20","2","0","53051","0"
"Pierce","24","1582","Washington","5/11/20","1414","168","53053","11.88"
"San Juan","0","15","Washington","5/11/20","14","1","53055","7.14"
"Skagit","6","402","Washington","5/11/20","357","45","53057","12.61"
"Skamania","0","3","Washington","5/11/20","3","0","53059","0"
"Snohomish","22","2690","Washington","5/11/20","2537","153","53061","6.03"
"Spokane","2","384","Washington","5/11/20","372","12","53063","3.23"
"Stevens","0","9","Washington","5/11/20","9","0","53065","0"
"Thurston","1","121","Washington","5/11/20","113","8","53067","7.08"
"Wahkiakum","0","4","Washington","5/11/20","2","2","53069","100"
"Walla Walla","2","103","Washington","5/11/20","92","11","53071","11.96"
"Whatcom","3","338","Washington","5/11/20","317","21","53073","6.62"
"Whitman","0","15","Washington","5/11/20","14","1","53075","7.14"
"Yakima","70","1864","Washington","5/11/20","1372","492","53077","35.86"
"Barbour","0","7","West Virginia","5/11/20","5","2","54001","40"
"Berkeley","3","190","West Virginia","5/11/20","166","24","54003","14.46"
"Boone","0","9","West Virginia","5/11/20","6","3","54005","50"
"Braxton","0","2","West Virginia","5/11/20","2","0","54007","0"
"Brooke","0","3","West Virginia","5/11/20","3","0","54009","0"
"Cabell","1","53","West Virginia","5/11/20","44","9","54011","20.45"
"Clay","0","2","West Virginia","5/11/20","0","2","54015","1"
"Fayette","3","35","West Virginia","5/11/20","16","19","54019","118.75"
"Gilmer","1","8","West Virginia","5/11/20","3","5","54021","166.67"
"Grant","0","3","West Virginia","5/11/20","3","0","54023","0"
"Greenbrier","0","8","West Virginia","5/11/20","7","1","54025","14.29"
"Hampshire","0","9","West Virginia","5/11/20","8","1","54027","12.5"
"Hancock","0","12","West Virginia","5/11/20","11","1","54029","9.09"
"Hardy","1","16","West Virginia","5/11/20","9","7","54031","77.78"
"Harrison","0","34","West Virginia","5/11/20","31","3","54033","9.68"
"Jackson","0","136","West Virginia","5/11/20","135","1","54035","0.74"
"Jefferson","1","88","West Virginia","5/11/20","82","6","54037","7.32"
"Kanawha","2","185","West Virginia","5/11/20","168","17","54039","10.12"
"Lewis","0","4","West Virginia","5/11/20","4","0","54041","0"
"Lincoln","0","5","West Virginia","5/11/20","2","3","54043","150"
"Logan","0","13","West Virginia","5/11/20","13","0","54045","0"
"Marion","0","46","West Virginia","5/11/20","46","0","54049","0"
"Marshall","0","22","West Virginia","5/11/20","19","3","54051","15.79"
"Mason","0","13","West Virginia","5/11/20","12","1","54053","8.33"
"McDowell","0","6","West Virginia","5/11/20","6","0","54047","0"
"Mercer","0","11","West Virginia","5/11/20","11","0","54055","0"
"Mineral","1","23","West Virginia","5/11/20","18","5","54057","27.78"
"Mingo","0","2","West Virginia","5/11/20","2","0","54059","0"
"Monongalia","1","113","West Virginia","5/11/20","107","6","54061","5.61"
"Monroe","0","6","West Virginia","5/11/20","5","1","54063","20"
"Morgan","0","16","West Virginia","5/11/20","13","3","54065","23.08"
"Nicholas","0","8","West Virginia","5/11/20","6","2","54067","33.33"
"Ohio","1","38","West Virginia","5/11/20","33","5","54069","15.15"
"Pendleton","0","5","West Virginia","5/11/20","3","2","54071","66.67"
"Pleasants","0","2","West Virginia","5/11/20","2","0","54073","0"
"Pocahontas","0","2","West Virginia","5/11/20","2","0","54075","0"
"Preston","0","14","West Virginia","5/11/20","13","1","54077","7.69"
"Putnam","0","27","West Virginia","5/11/20","29","-2","54079","-6.9"
"Raleigh","0","9","West Virginia","5/11/20","10","-1","54081","-10"
"Randolph","0","5","West Virginia","5/11/20","4","1","54083","25"
"Ritchie","0","1","West Virginia","5/11/20","1","0","54085","0"
"Roane","0","8","West Virginia","5/11/20","6","2","54087","33.33"
"Summers","0","1","West Virginia","5/11/20","1","0","54089","0"
"Taylor","0","8","West Virginia","5/11/20","7","1","54091","14.29"
"Tucker","0","4","West Virginia","5/11/20","4","0","54093","0"
"Tyler","0","3","West Virginia","5/11/20","3","0","54095","0"
"Upshur","0","5","West Virginia","5/11/20","5","0","54097","0"
"Wayne","0","93","West Virginia","5/11/20","90","3","54099","3.33"
"Wetzel","0","6","West Virginia","5/11/20","3","3","54103","100"
"Wirt","0","3","West Virginia","5/11/20","3","0","54105","0"
"Wood","0","43","West Virginia","5/11/20","41","2","54107","4.88"
"Wyoming","0","1","West Virginia","5/11/20","1","0","54109","0"
"Adams","0","4","Wisconsin","5/11/20","4","0","55001","0"
"Ashland","0","2","Wisconsin","5/11/20","2","0","55003","0"
"Barron","1","11","Wisconsin","5/11/20","7","4","55005","57.14"
"Bayfield","0","3","Wisconsin","5/11/20","3","0","55007","0"
"Brown","68","1924","Wisconsin","5/11/20","1448","476","55009","32.87"
"Buffalo","0","5","Wisconsin","5/11/20","5","0","55011","0"
"Calumet","3","41","Wisconsin","5/11/20","19","22","55015","115.79"
"Chippewa","1","30","Wisconsin","5/11/20","25","5","55017","20"
"Clark","0","24","Wisconsin","5/11/20","21","3","55019","14.29"
"Columbia","0","32","Wisconsin","5/11/20","30","2","55021","6.67"
"Crawford","2","17","Wisconsin","5/11/20","6","11","55023","183.33"
"Dane","5","474","Wisconsin","5/11/20","441","33","55025","7.48"
"Dodge","5","74","Wisconsin","5/11/20","39","35","55027","89.74"
"Door","1","22","Wisconsin","5/11/20","15","7","55029","46.67"
"Douglas","0","11","Wisconsin","5/11/20","9","2","55031","22.22"
"Dunn","0","14","Wisconsin","5/11/20","12","2","55033","16.67"
"Eau Claire","2","57","Wisconsin","5/11/20","41","16","55035","39.02"
"Florence","0","2","Wisconsin","5/11/20","2","0","55037","0"
"Fond du Lac","4","101","Wisconsin","5/11/20","75","26","55039","34.67"
"Forest","1","4","Wisconsin","5/11/20","0","4","55041","1"
"Grant","3","68","Wisconsin","5/11/20","48","20","55043","41.67"
"Green","2","33","Wisconsin","5/11/20","16","17","55045","106.25"
"Green Lake","0","8","Wisconsin","5/11/20","5","3","55047","60"
"Iowa","0","10","Wisconsin","5/11/20","7","3","55049","42.86"
"Iron","0","2","Wisconsin","5/11/20","2","0","55051","0"
"Jackson","0","14","Wisconsin","5/11/20","12","2","55053","16.67"
"Jefferson","1","51","Wisconsin","5/11/20","46","5","55055","10.87"
"Juneau","0","21","Wisconsin","5/11/20","18","3","55057","16.67"
"Kenosha","21","693","Wisconsin","5/11/20","546","147","55059","26.92"
"Kewaunee","1","29","Wisconsin","5/11/20","22","7","55061","31.82"
"La Crosse","0","32","Wisconsin","5/11/20","31","1","55063","3.23"
"Lafayette","1","13","Wisconsin","5/11/20","6","7","55065","116.67"
"Lincoln","0","1","Wisconsin","5/11/20","1","0","55069","0"
"Manitowoc","1","19","Wisconsin","5/11/20","14","5","55071","35.71"
"Marathon","1","25","Wisconsin","5/11/20","19","6","55073","31.58"
"Marinette","1","21","Wisconsin","5/11/20","11","10","55075","90.91"
"Marquette","0","3","Wisconsin","5/11/20","3","0","55077","0"
"Menominee","0","2","Wisconsin","5/11/20","1","1","55078","100"
"Milwaukee","104","4022","Wisconsin","5/11/20","3296","726","55079","22.03"
"Monroe","0","15","Wisconsin","5/11/20","14","1","55081","7.14"
"Oconto","1","28","Wisconsin","5/11/20","18","10","55083","55.56"
"Oneida","0","7","Wisconsin","5/11/20","6","1","55085","16.67"
"Outagamie","6","117","Wisconsin","5/11/20","73","44","55087","60.27"
"Ozaukee","2","107","Wisconsin","5/11/20","94","13","55089","13.83"
"Pierce","0","13","Wisconsin","5/11/20","10","3","55093","30"
"Polk","0","5","Wisconsin","5/11/20","4","1","55095","25"
"Portage","0","7","Wisconsin","5/11/20","7","0","55097","0"
"Price","0","1","Wisconsin","5/11/20","1","0","55099","0"
"Racine","38","724","Wisconsin","5/11/20","457","267","55101","58.42"
"Richland","0","13","Wisconsin","5/11/20","13","0","55103","0"
"Rock","10","361","Wisconsin","5/11/20","289","72","55105","24.91"
"Rusk","0","4","Wisconsin","5/11/20","4","0","55107","0"
"Sauk","1","72","Wisconsin","5/11/20","66","6","55111","9.09"
"Sawyer","0","4","Wisconsin","5/11/20","4","0","55113","0"
"Shawano","1","25","Wisconsin","5/11/20","16","9","55115","56.25"
"Sheboygan","2","66","Wisconsin","5/11/20","53","13","55117","24.53"
"St. Croix","1","29","Wisconsin","5/11/20","20","9","55109","45"
"Trempealeau","0","5","Wisconsin","5/11/20","4","1","55121","25"
"Vernon","0","3","Wisconsin","5/11/20","2","1","55123","50"
"Vilas","0","4","Wisconsin","5/11/20","4","0","55125","0"
"Walworth","4","240","Wisconsin","5/11/20","211","29","55127","13.74"
"Washburn","0","1","Wisconsin","5/11/20","1","0","55129","0"
"Washington","2","118","Wisconsin","5/11/20","104","14","55131","13.46"
"Waukesha","6","409","Wisconsin","5/11/20","367","42","55133","11.44"
"Waupaca","0","13","Wisconsin","5/11/20","10","3","55135","30"
"Waushara","0","4","Wisconsin","5/11/20","2","2","55137","100"
"Winnebago","4","100","Wisconsin","5/11/20","72","28","55139","38.89"
"Wood","0","4","Wisconsin","5/11/20","2","2","55141","100"
"Albany","0","8","Wyoming","5/11/20","8","0","56001","0"
"Big Horn","0","3","Wyoming","5/11/20","3","0","56003","0"
"Campbell","1","29","Wyoming","5/11/20","24","5","56005","20.83"
"Carbon","0","5","Wyoming","5/11/20","5","0","56007","0"
"Converse","0","23","Wyoming","5/11/20","23","0","56009","0"
"Crook","0","5","Wyoming","5/11/20","5","0","56011","0"
"Fremont","8","191","Wyoming","5/11/20","137","54","56013","39.42"
"Goshen","0","5","Wyoming","5/11/20","4","1","56015","25"
"Hot Springs","0","3","Wyoming","5/11/20","3","0","56017","0"
"Johnson","0","15","Wyoming","5/11/20","15","0","56019","0"
"Laramie","1","166","Wyoming","5/11/20","158","8","56021","5.06"
"Lincoln","0","11","Wyoming","5/11/20","9","2","56023","22.22"
"Natrona","0","48","Wyoming","5/11/20","48","0","56025","0"
"Niobrara","0","2","Wyoming","5/11/20","2","0","56027","0"
"Park","0","1","Wyoming","5/11/20","1","0","56029","0"
"Sheridan","0","16","Wyoming","5/11/20","16","0","56033","0"
"Sublette","0","3","Wyoming","5/11/20","3","0","56035","0"
"Sweetwater","0","20","Wyoming","5/11/20","18","2","56037","11.11"
"Teton","0","98","Wyoming","5/11/20","98","0","56039","0"
"Uinta","0","9","Wyoming","5/11/20","8","1","56041","12.5"
"Washakie","0","8","Wyoming","5/11/20","8","0","56043","0"
