"Locality","DailyAvgNewCasesPast7Days","TotalCases","State","Date","TotalCases7DaysAgo","NewCasesPast7Days","FIPS-Code","PercentIncreaseTotalCasesPast7Days"
"Autauga","6","104","Alabama","5/14/20","61","43","01001","70.49"
"Baldwin","5","243","Alabama","5/14/20","205","38","01003","18.54"
"Barbour","3","74","Alabama","5/14/20","51","23","01005","45.1"
"Bibb","0","46","Alabama","5/14/20","44","2","01007","4.55"
"Blount","0","45","Alabama","5/14/20","44","1","01009","2.27"
"Bullock","1","28","Alabama","5/14/20","18","10","01011","55.56"
"Butler","13","249","Alabama","5/14/20","155","94","01013","60.65"
"Calhoun","1","128","Alabama","5/14/20","120","8","01015","6.67"
"Chambers","3","326","Alabama","5/14/20","308","18","01017","5.84"
"Cherokee","1","25","Alabama","5/14/20","18","7","01019","38.89"
"Chilton","2","74","Alabama","5/14/20","63","11","01021","17.46"
"Choctaw","3","77","Alabama","5/14/20","56","21","01023","37.5"
"Clarke","3","68","Alabama","5/14/20","50","18","01025","36"
"Clay","0","27","Alabama","5/14/20","25","2","01027","8"
"Cleburne","0","13","Alabama","5/14/20","13","0","01029","0"
"Coffee","3","159","Alabama","5/14/20","141","18","01031","12.77"
"Colbert","4","79","Alabama","5/14/20","51","28","01033","54.9"
"Conecuh","1","17","Alabama","5/14/20","12","5","01035","41.67"
"Coosa","0","34","Alabama","5/14/20","31","3","01037","9.68"
"Covington","1","56","Alabama","5/14/20","48","8","01039","16.67"
"Crenshaw","3","50","Alabama","5/14/20","31","19","01041","61.29"
"Cullman","1","67","Alabama","5/14/20","61","6","01043","9.84"
"Dale","2","53","Alabama","5/14/20","36","17","01045","47.22"
"Dallas","7","132","Alabama","5/14/20","83","49","01047","59.04"
"DeKalb","9","185","Alabama","5/14/20","124","61","01049","49.19"
"Elmore","6","169","Alabama","5/14/20","127","42","01051","33.07"
"Escambia","1","39","Alabama","5/14/20","33","6","01053","18.18"
"Etowah","5","198","Alabama","5/14/20","161","37","01055","22.98"
"Fayette","0","10","Alabama","5/14/20","7","3","01057","42.86"
"Franklin","15","288","Alabama","5/14/20","184","104","01059","56.52"
"Geneva","1","18","Alabama","5/14/20","11","7","01061","63.64"
"Greene","1","76","Alabama","5/14/20","67","9","01063","13.43"
"Hale","2","79","Alabama","5/14/20","62","17","01065","27.42"
"Henry","1","35","Alabama","5/14/20","27","8","01067","29.63"
"Houston","4","125","Alabama","5/14/20","100","25","01069","25"
"Jackson","1","60","Alabama","5/14/20","56","4","01071","7.14"
"Jefferson","25","1237","Alabama","5/14/20","1065","172","01073","16.15"
"Lamar","0","14","Alabama","5/14/20","13","1","01075","7.69"
"Lauderdale","4","109","Alabama","5/14/20","79","30","01077","37.97"
"Lawrence","1","28","Alabama","5/14/20","19","9","01079","47.37"
"Lee","4","447","Alabama","5/14/20","417","30","01081","7.19"
"Limestone","1","62","Alabama","5/14/20","54","8","01083","14.81"
"Lowndes","5","117","Alabama","5/14/20","85","32","01085","37.65"
"Macon","1","53","Alabama","5/14/20","43","10","01087","23.26"
"Madison","4","272","Alabama","5/14/20","241","31","01089","12.86"
"Marengo","3","97","Alabama","5/14/20","73","24","01091","32.88"
"Marion","1","101","Alabama","5/14/20","93","8","01093","8.6"
"Marshall","16","599","Alabama","5/14/20","487","112","01095","23"
"Mobile","36","1608","Alabama","5/14/20","1355","253","01097","18.67"
"Monroe","0","18","Alabama","5/14/20","15","3","01099","20"
"Montgomery","34","753","Alabama","5/14/20","515","238","01101","46.21"
"Morgan","3","104","Alabama","5/14/20","84","20","01103","23.81"
"Perry","0","19","Alabama","5/14/20","18","1","01105","5.56"
"Pickens","2","71","Alabama","5/14/20","59","12","01107","20.34"
"Pike","3","103","Alabama","5/14/20","85","18","01109","21.18"
"Randolph","3","118","Alabama","5/14/20","96","22","01111","22.92"
"Russell","3","91","Alabama","5/14/20","69","22","01113","31.88"
"Shelby","6","390","Alabama","5/14/20","348","42","01117","12.07"
"St. Clair","1","88","Alabama","5/14/20","78","10","01115","12.82"
"Sumter","3","115","Alabama","5/14/20","92","23","01119","25"
"Talladega","1","76","Alabama","5/14/20","70","6","01121","8.57"
"Tallapoosa","4","345","Alabama","5/14/20","314","31","01123","9.87"
"Tuscaloosa","9","319","Alabama","5/14/20","259","60","01125","23.17"
"Walker","2","116","Alabama","5/14/20","103","13","01127","12.62"
"Washington","2","59","Alabama","5/14/20","43","16","01129","37.21"
"Wilcox","2","89","Alabama","5/14/20","73","16","01131","21.92"
"Winston","1","27","Alabama","5/14/20","17","10","01133","58.82"
"Anchorage","0","194","Alaska","5/14/20","191","3","02020","1.57"
"Bethel","0","1","Alaska","5/14/20","1","0","02050","0"
"Fairbanks North Star","0","84","Alaska","5/14/20","83","1","02090","1.2"
"Juneau","0","27","Alaska","5/14/20","27","0","02110","0"
"Kenai Peninsula","0","24","Alaska","5/14/20","23","1","02122","4.35"
"Ketchikan Gateway","0","16","Alaska","5/14/20","16","0","02130","0"
"Kodiak Island","0","1","Alaska","5/14/20","1","0","02150","0"
"Matanuska-Susitna","0","21","Alaska","5/14/20","21","0","02170","0"
"Nome","0","1","Alaska","5/14/20","1","0","02180","0"
"Petersburg","0","4","Alaska","5/14/20","4","0","02195","0"
"Prince of Wales-Hyder","0","2","Alaska","5/14/20","2","0","02198","0"
"Sitka","0","1","Alaska","5/14/20","1","0","02220","0"
"Southeast Fairbanks","0","2","Alaska","5/14/20","2","0","02240","0"
"Yukon-Koyukuk","0","1","Alaska","5/14/20","1","0","02290","0"
"Apache","33","859","Arizona","5/14/20","630","229","04001","36.35"
"Cochise","1","44","Arizona","5/14/20","40","4","04003","10"
"Coconino","25","795","Arizona","5/14/20","618","177","04005","28.64"
"Gila","1","21","Arizona","5/14/20","17","4","04007","23.53"
"Graham","0","21","Arizona","5/14/20","19","2","04009","10.53"
"Greenlee","0","2","Arizona","5/14/20","2","0","04011","0"
"La Paz","1","27","Arizona","5/14/20","20","7","04012","35"
"Maricopa","200","6599","Arizona","5/14/20","5196","1403","04013","27"
"Mohave","9","220","Arizona","5/14/20","158","62","04015","39.24"
"Navajo","34","1150","Arizona","5/14/20","912","238","04017","26.1"
"Pima","33","1696","Arizona","5/14/20","1465","231","04019","15.77"
"Pinal","17","650","Arizona","5/14/20","530","120","04021","22.64"
"Santa Cruz","3","62","Arizona","5/14/20","38","24","04023","63.16"
"Yavapai","13","243","Arizona","5/14/20","152","91","04025","59.87"
"Yuma","20","285","Arizona","5/14/20","148","137","04027","92.57"
"Arkansas","0","2","Arkansas","5/14/20","2","0","05001","0"
"Ashley","0","18","Arkansas","5/14/20","17","1","05003","5.88"
"Baxter","0","6","Arkansas","5/14/20","5","1","05005","20"
"Benton","3","136","Arkansas","5/14/20","113","23","05007","20.35"
"Boone","0","4","Arkansas","5/14/20","4","0","05009","0"
"Bradley","0","12","Arkansas","5/14/20","11","1","05011","9.09"
"Carroll","0","6","Arkansas","5/14/20","6","0","05015","0"
"Chicot","0","10","Arkansas","5/14/20","10","0","05017","0"
"Clark","0","35","Arkansas","5/14/20","32","3","05019","9.38"
"Clay","0","3","Arkansas","5/14/20","3","0","05021","0"
"Cleburne","0","72","Arkansas","5/14/20","72","0","05023","0"
"Cleveland","0","15","Arkansas","5/14/20","12","3","05025","25"
"Columbia","0","15","Arkansas","5/14/20","15","0","05027","0"
"Conway","0","14","Arkansas","5/14/20","13","1","05029","7.69"
"Craighead","5","127","Arkansas","5/14/20","92","35","05031","38.04"
"Crawford","0","8","Arkansas","5/14/20","5","3","05033","60"
"Crittenden","2","219","Arkansas","5/14/20","203","16","05035","7.88"
"Cross","1","35","Arkansas","5/14/20","27","8","05037","29.63"
"Dallas","0","1","Arkansas","5/14/20","1","0","05039","0"
"Desha","0","18","Arkansas","5/14/20","17","1","05041","5.88"
"Drew","0","19","Arkansas","5/14/20","19","0","05043","0"
"Faulkner","0","83","Arkansas","5/14/20","81","2","05045","2.47"
"Franklin","0","2","Arkansas","5/14/20","2","0","05047","0"
"Fulton","0","3","Arkansas","5/14/20","3","0","05049","0"
"Garland","1","126","Arkansas","5/14/20","118","8","05051","6.78"
"Grant","0","16","Arkansas","5/14/20","14","2","05053","14.29"
"Greene","0","24","Arkansas","5/14/20","22","2","05055","9.09"
"Hempstead","0","7","Arkansas","5/14/20","7","0","05057","0"
"Hot Spring","1","29","Arkansas","5/14/20","22","7","05059","31.82"
"Howard","0","14","Arkansas","5/14/20","14","0","05061","0"
"Independence","1","22","Arkansas","5/14/20","12","10","05063","83.33"
"Izard","0","13","Arkansas","5/14/20","11","2","05065","18.18"
"Jackson","0","1","Arkansas","5/14/20","1","0","05067","0"
"Jefferson","11","300","Arkansas","5/14/20","223","77","05069","34.53"
"Johnson","0","35","Arkansas","5/14/20","33","2","05071","6.06"
"Lafayette","0","9","Arkansas","5/14/20","9","0","05073","0"
"Lawrence","0","72","Arkansas","5/14/20","69","3","05075","4.35"
"Lee","1","10","Arkansas","5/14/20","4","6","05077","150"
"Lincoln","7","949","Arkansas","5/14/20","899","50","05079","5.56"
"Logan","0","4","Arkansas","5/14/20","3","1","05083","33.33"
"Lonoke","0","44","Arkansas","5/14/20","44","0","05085","0"
"Madison","0","1","Arkansas","5/14/20","1","0","05087","0"
"Marion","0","1","Arkansas","5/14/20","1","0","05089","0"
"Miller","1","40","Arkansas","5/14/20","35","5","05091","14.29"
"Mississippi","2","55","Arkansas","5/14/20","42","13","05093","30.95"
"Monroe","0","5","Arkansas","5/14/20","4","1","05095","25"
"Montgomery","0","1","Arkansas","5/14/20","1","0","05097","0"
"Nevada","0","3","Arkansas","5/14/20","3","0","05099","0"
"Newton","0","3","Arkansas","5/14/20","3","0","05101","0"
"Ouachita","0","9","Arkansas","5/14/20","8","1","05103","12.5"
"Perry","0","10","Arkansas","5/14/20","7","3","05105","42.86"
"Phillips","0","4","Arkansas","5/14/20","5","-1","05107","-20"
"Pike","0","3","Arkansas","5/14/20","3","0","05109","0"
"Poinsett","0","25","Arkansas","5/14/20","25","0","05111","0"
"Polk","0","7","Arkansas","5/14/20","7","0","05113","0"
"Pope","1","52","Arkansas","5/14/20","47","5","05115","10.64"
"Prairie","0","2","Arkansas","5/14/20","2","0","05117","0"
"Pulaski","10","661","Arkansas","5/14/20","588","73","05119","12.41"
"Randolph","0","22","Arkansas","5/14/20","21","1","05121","4.76"
"Saline","1","78","Arkansas","5/14/20","70","8","05125","11.43"
"Scott","0","1","Arkansas","5/14/20","1","0","05127","0"
"Searcy","0","6","Arkansas","5/14/20","6","0","05129","0"
"Sebastian","0","15","Arkansas","5/14/20","14","1","05131","7.14"
"Sevier","1","24","Arkansas","5/14/20","14","10","05133","71.43"
"Sharp","4","36","Arkansas","5/14/20","8","28","05135","350"
"St. Francis","30","316","Arkansas","5/14/20","104","212","05123","203.85"
"Stone","0","8","Arkansas","5/14/20","8","0","05137","0"
"Union","5","105","Arkansas","5/14/20","73","32","05139","43.84"
"Van Buren","0","28","Arkansas","5/14/20","28","0","05141","0"
"Washington","3","126","Arkansas","5/14/20","102","24","05143","23.53"
"White","0","36","Arkansas","5/14/20","35","1","05145","2.86"
"Woodruff","0","1","Arkansas","5/14/20","1","0","05147","0"
"Yell","0","9","Arkansas","5/14/20","7","2","05149","28.57"
"Alameda","45","2234","California","5/14/20","1917","317","06001","16.54"
"Alpine","0","2","California","5/14/20","2","0","06003","0"
"Amador","0","9","California","5/14/20","8","1","06005","12.5"
"Butte","1","22","California","5/14/20","18","4","06007","22.22"
"Calaveras","0","13","California","5/14/20","13","0","06009","0"
"Colusa","0","3","California","5/14/20","3","0","06011","0"
"Contra Costa","13","1089","California","5/14/20","999","90","06013","9.01"
"Del Norte","0","4","California","5/14/20","3","1","06015","33.33"
"El Dorado","1","62","California","5/14/20","54","8","06017","14.81"
"Fresno","42","1074","California","5/14/20","777","297","06019","38.22"
"Glenn","1","9","California","5/14/20","5","4","06021","80"
"Humboldt","2","68","California","5/14/20","55","13","06023","23.64"
"Imperial","37","712","California","5/14/20","455","257","06025","56.48"
"Inyo","0","19","California","5/14/20","19","0","06027","0"
"Kern","37","1393","California","5/14/20","1133","260","06029","22.95"
"Kings","16","348","California","5/14/20","233","115","06031","49.36"
"Lake","0","8","California","5/14/20","8","0","06033","0"
"Los Angeles","840","35392","California","5/14/20","29511","5881","06037","19.93"
"Madera","2","69","California","5/14/20","55","14","06039","25.45"
"Marin","5","279","California","5/14/20","247","32","06041","12.96"
"Mariposa","0","15","California","5/14/20","15","0","06043","0"
"Mendocino","0","13","California","5/14/20","12","1","06045","8.33"
"Merced","5","189","California","5/14/20","155","34","06047","21.94"
"Mono","1","33","California","5/14/20","28","5","06051","17.86"
"Monterey","9","308","California","5/14/20","247","61","06053","24.7"
"Napa","1","83","California","5/14/20","78","5","06055","6.41"
"Nevada","0","41","California","5/14/20","41","0","06057","0"
"Orange","125","3968","California","5/14/20","3092","876","06059","28.33"
"Placer","1","172","California","5/14/20","165","7","06061","4.24"
"Plumas","0","4","California","5/14/20","4","0","06063","0"
"Riverside","98","5440","California","5/14/20","4756","684","06065","14.38"
"Sacramento","6","1194","California","5/14/20","1153","41","06067","3.56"
"San Benito","1","59","California","5/14/20","53","6","06069","11.32"
"San Bernardino","91","3198","California","5/14/20","2562","636","06071","24.82"
"San Diego","153","5391","California","5/14/20","4319","1072","06073","24.82"
"San Francisco","28","1999","California","5/14/20","1806","193","06075","10.69"
"San Joaquin","9","644","California","5/14/20","581","63","06077","10.84"
"San Luis Obispo","4","237","California","5/14/20","211","26","06079","12.32"
"San Mateo","23","1536","California","5/14/20","1377","159","06081","11.55"
"Santa Barbara","111","1387","California","5/14/20","613","774","06083","126.26"
"Santa Clara","16","2391","California","5/14/20","2281","110","06085","4.82"
"Santa Cruz","1","149","California","5/14/20","139","10","06087","7.19"
"Shasta","0","33","California","5/14/20","31","2","06089","6.45"
"Siskiyou","0","5","California","5/14/20","5","0","06093","0"
"Solano","10","408","California","5/14/20","337","71","06095","21.07"
"Sonoma","7","337","California","5/14/20","286","51","06097","17.83"
"Stanislaus","11","537","California","5/14/20","461","76","06099","16.49"
"Sutter","1","37","California","5/14/20","31","6","06101","19.35"
"Tehama","0","1","California","5/14/20","1","0","06103","0"
"Trinity","0","1","California","5/14/20","0","1","06105","1"
"Tulare","47","1295","California","5/14/20","969","326","06107","33.64"
"Tuolumne","0","2","California","5/14/20","2","0","06109","0"
"Ventura","17","748","California","5/14/20","631","117","06111","18.54"
"Yolo","1","182","California","5/14/20","172","10","06113","5.81"
"Yuba","1","25","California","5/14/20","19","6","06115","31.58"
"Adams","57","2448","Colorado","5/14/20","2046","402","08001","19.65"
"Alamosa","2","37","Colorado","5/14/20","25","12","08003","48"
"Arapahoe","62","3526","Colorado","5/14/20","3089","437","08005","14.15"
"Archuleta","0","8","Colorado","5/14/20","8","0","08007","0"
"Baca","0","12","Colorado","5/14/20","12","0","08009","0"
"Bent","0","1","Colorado","5/14/20","0","1","08011","1"
"Boulder","12","805","Colorado","5/14/20","720","85","08013","11.81"
"Broomfield","3","204","Colorado","5/14/20","186","18","08014","9.68"
"Chaffee","0","69","Colorado","5/14/20","68","1","08015","1.47"
"Cheyenne","1","5","Colorado","5/14/20","0","5","08017","1"
"Clear Creek","0","15","Colorado","5/14/20","13","2","08019","15.38"
"Conejos","0","1","Colorado","5/14/20","0","1","08021","1"
"Costilla","0","4","Colorado","5/14/20","3","1","08023","33.33"
"Crowley","5","39","Colorado","5/14/20","4","35","08025","875"
"Custer","0","2","Colorado","5/14/20","2","0","08027","0"
"Delta","0","54","Colorado","5/14/20","53","1","08029","1.89"
"Denver","80","4359","Colorado","5/14/20","3799","560","08031","14.74"
"Douglas","7","621","Colorado","5/14/20","573","48","08035","8.38"
"Eagle","1","564","Colorado","5/14/20","554","10","08037","1.81"
"El Paso","18","1204","Colorado","5/14/20","1079","125","08041","11.58"
"Elbert","1","41","Colorado","5/14/20","37","4","08039","10.81"
"Fremont","0","25","Colorado","5/14/20","23","2","08043","8.7"
"Garfield","2","112","Colorado","5/14/20","100","12","08045","12"
"Gilpin","0","2","Colorado","5/14/20","1","1","08047","100"
"Grand","0","5","Colorado","5/14/20","5","0","08049","0"
"Gunnison","1","182","Colorado","5/14/20","173","9","08051","5.2"
"Hinsdale","0","3","Colorado","5/14/20","3","0","08053","0"
"Huerfano","0","3","Colorado","5/14/20","2","1","08055","50"
"Jefferson","29","1748","Colorado","5/14/20","1542","206","08059","13.36"
"Kit Carson","0","25","Colorado","5/14/20","24","1","08063","4.17"
"La Plata","0","66","Colorado","5/14/20","63","3","08067","4.76"
"Lake","0","23","Colorado","5/14/20","23","0","08065","0"
"Larimer","6","463","Colorado","5/14/20","423","40","08069","9.46"
"Las Animas","0","4","Colorado","5/14/20","4","0","08071","0"
"Lincoln","0","3","Colorado","5/14/20","3","0","08073","0"
"Logan","24","483","Colorado","5/14/20","318","165","08075","51.89"
"Mesa","0","51","Colorado","5/14/20","50","1","08077","2"
"Mineral","0","2","Colorado","5/14/20","2","0","08079","0"
"Moffat","0","6","Colorado","5/14/20","6","0","08081","0"
"Montezuma","1","25","Colorado","5/14/20","21","4","08083","19.05"
"Montrose","2","129","Colorado","5/14/20","114","15","08085","13.16"
"Morgan","12","534","Colorado","5/14/20","448","86","08087","19.2"
"Otero","0","11","Colorado","5/14/20","10","1","08089","10"
"Ouray","0","6","Colorado","5/14/20","5","1","08091","20"
"Park","0","16","Colorado","5/14/20","15","1","08093","6.67"
"Phillips","0","9","Colorado","5/14/20","7","2","08095","28.57"
"Pitkin","0","54","Colorado","5/14/20","54","0","08097","0"
"Prowers","0","9","Colorado","5/14/20","8","1","08099","12.5"
"Pueblo","3","186","Colorado","5/14/20","163","23","08101","14.11"
"Rio Blanco","0","1","Colorado","5/14/20","1","0","08103","0"
"Rio Grande","0","7","Colorado","5/14/20","7","0","08105","0"
"Routt","0","59","Colorado","5/14/20","58","1","08107","1.72"
"Saguache","2","15","Colorado","5/14/20","3","12","08109","400"
"San Juan","0","1","Colorado","5/14/20","1","0","08111","0"
"San Miguel","0","22","Colorado","5/14/20","20","2","08113","10"
"Summit","3","175","Colorado","5/14/20","155","20","08117","12.9"
"Teller","0","31","Colorado","5/14/20","30","1","08119","3.33"
"Washington","0","9","Colorado","5/14/20","9","0","08121","0"
"Weld","27","2232","Colorado","5/14/20","2042","190","08123","9.3"
"Yuma","0","11","Colorado","5/14/20","10","1","08125","10"
"Fairfield","165","13836","Connecticut","5/14/20","12679","1157","09001","9.13"
"Hartford","169","7935","Connecticut","5/14/20","6750","1185","09003","17.56"
"Litchfield","13","1203","Connecticut","5/14/20","1114","89","09005","7.99"
"Middlesex","14","863","Connecticut","5/14/20","764","99","09007","12.96"
"New Haven","148","9712","Connecticut","5/14/20","8678","1034","09009","11.92"
"New London","11","821","Connecticut","5/14/20","742","79","09011","10.65"
"Tolland","7","568","Connecticut","5/14/20","522","46","09013","8.81"
"Windham","6","291","Connecticut","5/14/20","250","41","09015","16.4"
"Kent","24","1115","Delaware","5/14/20","945","170","10001","17.99"
"New Castle","61","2560","Delaware","5/14/20","2130","430","10003","20.19"
"Sussex","96","3503","Delaware","5/14/20","2834","669","10005","23.61"
"","0","49","Diamond Princess","5/14/20","49","0",,"0"
"District of Columbia","155","6736","District of Columbia","5/14/20","5654","1082","11001","19.14"
"Alachua","4","330","Florida","5/14/20","300","30","12001","10"
"Baker","1","26","Florida","5/14/20","22","4","12003","18.18"
"Bay","0","78","Florida","5/14/20","76","2","12005","2.63"
"Bradford","0","49","Florida","5/14/20","48","1","12007","2.08"
"Brevard","3","348","Florida","5/14/20","325","23","12009","7.08"
"Broward","54","6057","Florida","5/14/20","5677","380","12011","6.69"
"Calhoun","1","33","Florida","5/14/20","24","9","12013","37.5"
"Charlotte","8","357","Florida","5/14/20","304","53","12015","17.43"
"Citrus","1","109","Florida","5/14/20","102","7","12017","6.86"
"Clay","2","306","Florida","5/14/20","292","14","12019","4.79"
"Collier","25","882","Florida","5/14/20","705","177","12021","25.11"
"Columbia","1","107","Florida","5/14/20","101","6","12023","5.94"
"DeSoto","2","58","Florida","5/14/20","42","16","12027","38.1"
"Dixie","1","18","Florida","5/14/20","11","7","12029","63.64"
"Duval","19","1215","Florida","5/14/20","1083","132","12031","12.19"
"Escambia","8","671","Florida","5/14/20","616","55","12033","8.93"
"Flagler","0","148","Florida","5/14/20","145","3","12035","2.07"
"Franklin","0","2","Florida","5/14/20","2","0","12037","0"
"Gadsden","3","140","Florida","5/14/20","121","19","12039","15.7"
"Gilchrist","0","7","Florida","5/14/20","6","1","12041","16.67"
"Glades","0","9","Florida","5/14/20","6","3","12043","50"
"Gulf","0","1","Florida","5/14/20","1","0","12045","0"
"Hamilton","18","134","Florida","5/14/20","7","127","12047","1814.29"
"Hardee","1","39","Florida","5/14/20","35","4","12049","11.43"
"Hendry","7","176","Florida","5/14/20","129","47","12051","36.43"
"Hernando","1","104","Florida","5/14/20","97","7","12053","7.22"
"Highlands","2","103","Florida","5/14/20","90","13","12055","14.44"
"Hillsborough","24","1530","Florida","5/14/20","1364","166","12057","12.17"
"Holmes","0","10","Florida","5/14/20","10","0","12059","0"
"Indian River","1","103","Florida","5/14/20","99","4","12061","4.04"
"Jackson","11","105","Florida","5/14/20","31","74","12063","238.71"
"Jefferson","0","28","Florida","5/14/20","28","0","12065","0"
"Lafayette","0","5","Florida","5/14/20","3","2","12067","66.67"
"Lake","2","248","Florida","5/14/20","237","11","12069","4.64"
"Lee","20","1350","Florida","5/14/20","1212","138","12071","11.39"
"Leon","4","275","Florida","5/14/20","249","26","12073","10.44"
"Levy","0","22","Florida","5/14/20","20","2","12075","10"
"Liberty","12","199","Florida","5/14/20","114","85","12077","74.56"
"Madison","0","62","Florida","5/14/20","61","1","12079","1.64"
"Manatee","11","813","Florida","5/14/20","737","76","12081","10.31"
"Marion","2","217","Florida","5/14/20","202","15","12083","7.43"
"Martin","7","281","Florida","5/14/20","233","48","12085","20.6"
"Miami-Dade","165","14742","Florida","5/14/20","13585","1157","12086","8.52"
"Monroe","2","95","Florida","5/14/20","80","15","12087","18.75"
"Nassau","0","63","Florida","5/14/20","60","3","12089","5"
"Okaloosa","1","172","Florida","5/14/20","163","9","12091","5.52"
"Okeechobee","1","32","Florida","5/14/20","22","10","12093","45.45"
"Orange","15","1577","Florida","5/14/20","1474","103","12095","6.99"
"Osceola","7","594","Florida","5/14/20","544","50","12097","9.19"
"Palm Beach","99","4278","Florida","5/14/20","3587","691","12099","19.26"
"Pasco","3","308","Florida","5/14/20","289","19","12101","6.57"
"Pinellas","20","962","Florida","5/14/20","820","142","12103","17.32"
"Polk","15","698","Florida","5/14/20","594","104","12105","17.51"
"Putnam","1","127","Florida","5/14/20","120","7","12107","5.83"
"Santa Rosa","3","180","Florida","5/14/20","160","20","12113","12.5"
"Sarasota","11","487","Florida","5/14/20","412","75","12115","18.2"
"Seminole","2","426","Florida","5/14/20","410","16","12117","3.9"
"St. Johns","1","231","Florida","5/14/20","222","9","12109","4.05"
"St. Lucie","4","301","Florida","5/14/20","271","30","12111","11.07"
"Sumter","1","246","Florida","5/14/20","238","8","12119","3.36"
"Suwannee","1","151","Florida","5/14/20","144","7","12121","4.86"
"Taylor","0","3","Florida","5/14/20","3","0","12123","0"
"Union","1","14","Florida","5/14/20","5","9","12125","180"
"Volusia","6","576","Florida","5/14/20","534","42","12127","7.87"
"Wakulla","0","31","Florida","5/14/20","29","2","12129","6.9"
"Walton","3","73","Florida","5/14/20","50","23","12131","46"
"Washington","0","12","Florida","5/14/20","12","0","12133","0"
"Appling","3","108","Georgia","5/14/20","88","20","13001","22.73"
"Atkinson","0","20","Georgia","5/14/20","20","0","13003","0"
"Bacon","3","51","Georgia","5/14/20","32","19","13005","59.38"
"Baker","1","33","Georgia","5/14/20","29","4","13007","13.79"
"Baldwin","1","280","Georgia","5/14/20","270","10","13009","3.7"
"Banks","1","41","Georgia","5/14/20","35","6","13011","17.14"
"Barrow","9","255","Georgia","5/14/20","191","64","13013","33.51"
"Bartow","3","382","Georgia","5/14/20","360","22","13015","6.11"
"Ben Hill","1","44","Georgia","5/14/20","38","6","13017","15.79"
"Berrien","0","20","Georgia","5/14/20","19","1","13019","5.26"
"Bibb","1","384","Georgia","5/14/20","379","5","13021","1.32"
"Bleckley","1","32","Georgia","5/14/20","22","10","13023","45.45"
"Brantley","1","28","Georgia","5/14/20","23","5","13025","21.74"
"Brooks","0","64","Georgia","5/14/20","64","0","13027","0"
"Bryan","1","61","Georgia","5/14/20","57","4","13029","7.02"
"Bulloch","1","45","Georgia","5/14/20","41","4","13031","9.76"
"Burke","3","112","Georgia","5/14/20","90","22","13033","24.44"
"Butts","4","196","Georgia","5/14/20","167","29","13035","17.37"
"Calhoun","1","117","Georgia","5/14/20","110","7","13037","6.36"
"Camden","2","46","Georgia","5/14/20","35","11","13039","31.43"
"Candler","0","10","Georgia","5/14/20","7","3","13043","42.86"
"Carroll","2","400","Georgia","5/14/20","389","11","13045","2.83"
"Catoosa","3","70","Georgia","5/14/20","52","18","13047","34.62"
"Charlton","1","20","Georgia","5/14/20","14","6","13049","42.86"
"Chatham","8","344","Georgia","5/14/20","285","59","13051","20.7"
"Chattahoochee","1","17","Georgia","5/14/20","13","4","13053","30.77"
"Chattooga","0","16","Georgia","5/14/20","16","0","13055","0"
"Cherokee","15","676","Georgia","5/14/20","569","107","13057","18.8"
"Clarke","2","192","Georgia","5/14/20","176","16","13059","9.09"
"Clay","0","28","Georgia","5/14/20","27","1","13061","3.7"
"Clayton","15","983","Georgia","5/14/20","878","105","13063","11.96"
"Clinch","3","36","Georgia","5/14/20","16","20","13065","125"
"Cobb","48","2363","Georgia","5/14/20","2024","339","13067","16.75"
"Coffee","4","191","Georgia","5/14/20","165","26","13069","15.76"
"Colquitt","6","241","Georgia","5/14/20","201","40","13071","19.9"
"Columbia","4","197","Georgia","5/14/20","170","27","13073","15.88"
"Cook","0","32","Georgia","5/14/20","31","1","13075","3.23"
"Coweta","3","280","Georgia","5/14/20","257","23","13077","8.95"
"Crawford","0","19","Georgia","5/14/20","19","0","13079","0"
"Crisp","2","193","Georgia","5/14/20","181","12","13081","6.63"
"Dade","0","17","Georgia","5/14/20","16","1","13083","6.25"
"Dawson","2","84","Georgia","5/14/20","73","11","13085","15.07"
"Decatur","1","115","Georgia","5/14/20","105","10","13087","9.52"
"DeKalb","38","2664","Georgia","5/14/20","2396","268","13089","11.19"
"Dodge","1","38","Georgia","5/14/20","31","7","13091","22.58"
"Dooly","2","152","Georgia","5/14/20","135","17","13093","12.59"
"Dougherty","11","1643","Georgia","5/14/20","1566","77","13095","4.92"
"Douglas","9","429","Georgia","5/14/20","366","63","13097","17.21"
"Early","2","238","Georgia","5/14/20","224","14","13099","6.25"
"Echols","1","12","Georgia","5/14/20","6","6","13101","100"
"Effingham","0","38","Georgia","5/14/20","38","0","13103","0"
"Elbert","2","46","Georgia","5/14/20","34","12","13105","35.29"
"Emanuel","0","25","Georgia","5/14/20","23","2","13107","8.7"
"Evans","0","4","Georgia","5/14/20","5","-1","13109","-20"
"Fannin","0","36","Georgia","5/14/20","34","2","13111","5.88"
"Fayette","2","204","Georgia","5/14/20","191","13","13113","6.81"
"Floyd","2","169","Georgia","5/14/20","155","14","13115","9.03"
"Forsyth","5","395","Georgia","5/14/20","361","34","13117","9.42"
"Franklin","1","30","Georgia","5/14/20","25","5","13119","20"
"Fulton","52","3625","Georgia","5/14/20","3258","367","13121","11.26"
"Gilmer","2","105","Georgia","5/14/20","89","16","13123","17.98"
"Glascock","0","1","Georgia","5/14/20","1","0","13125","0"
"Glynn","0","74","Georgia","5/14/20","71","3","13127","4.23"
"Gordon","1","124","Georgia","5/14/20","120","4","13129","3.33"
"Grady","1","88","Georgia","5/14/20","80","8","13131","10"
"Greene","0","57","Georgia","5/14/20","56","1","13133","1.79"
"Gwinnett","43","2552","Georgia","5/14/20","2253","299","13135","13.27"
"Habersham","2","400","Georgia","5/14/20","383","17","13137","4.44"
"Hall","24","2125","Georgia","5/14/20","1958","167","13139","8.53"
"Hancock","4","142","Georgia","5/14/20","117","25","13141","21.37"
"Haralson","0","34","Georgia","5/14/20","32","2","13143","6.25"
"Harris","2","74","Georgia","5/14/20","61","13","13145","21.31"
"Hart","1","19","Georgia","5/14/20","15","4","13147","26.67"
"Heard","0","17","Georgia","5/14/20","14","3","13149","21.43"
"Henry","9","621","Georgia","5/14/20","559","62","13151","11.09"
"Houston","4","306","Georgia","5/14/20","281","25","13153","8.9"
"Irwin","0","22","Georgia","5/14/20","21","1","13155","4.76"
"Jackson","1","126","Georgia","5/14/20","119","7","13157","5.88"
"Jasper","0","26","Georgia","5/14/20","26","0","13159","0"
"Jeff Davis","0","24","Georgia","5/14/20","22","2","13161","9.09"
"Jefferson","1","22","Georgia","5/14/20","17","5","13163","29.41"
"Jenkins","0","16","Georgia","5/14/20","17","-1","13165","-5.88"
"Johnson","1","70","Georgia","5/14/20","64","6","13167","9.38"
"Jones","0","30","Georgia","5/14/20","31","-1","13169","-3.23"
"Lamar","0","41","Georgia","5/14/20","38","3","13171","7.89"
"Lanier","0","11","Georgia","5/14/20","10","1","13173","10"
"Laurens","2","86","Georgia","5/14/20","72","14","13175","19.44"
"Lee","1","343","Georgia","5/14/20","339","4","13177","1.18"
"Liberty","1","45","Georgia","5/14/20","41","4","13179","9.76"
"Lincoln","0","12","Georgia","5/14/20","12","0","13181","0"
"Long","0","5","Georgia","5/14/20","5","0","13183","0"
"Lowndes","4","201","Georgia","5/14/20","173","28","13185","16.18"
"Lumpkin","1","82","Georgia","5/14/20","76","6","13187","7.89"
"Macon","1","89","Georgia","5/14/20","81","8","13193","9.88"
"Madison","0","29","Georgia","5/14/20","28","1","13195","3.57"
"Marion","0","38","Georgia","5/14/20","37","1","13197","2.7"
"McDuffie","0","53","Georgia","5/14/20","50","3","13189","6"
"McIntosh","0","9","Georgia","5/14/20","6","3","13191","50"
"Meriwether","2","72","Georgia","5/14/20","61","11","13199","18.03"
"Miller","1","36","Georgia","5/14/20","30","6","13201","20"
"Mitchell","7","387","Georgia","5/14/20","340","47","13205","13.82"
"Monroe","2","45","Georgia","5/14/20","34","11","13207","32.35"
"Montgomery","0","5","Georgia","5/14/20","2","3","13209","150"
"Morgan","0","33","Georgia","5/14/20","30","3","13211","10"
"Murray","2","55","Georgia","5/14/20","41","14","13213","34.15"
"Muscogee","8","411","Georgia","5/14/20","354","57","13215","16.1"
"Newton","4","263","Georgia","5/14/20","236","27","13217","11.44"
"Oconee","2","80","Georgia","5/14/20","67","13","13219","19.4"
"Oglethorpe","0","55","Georgia","5/14/20","53","2","13221","3.77"
"Out of GA","67","1555","Georgia","5/14/20","1089","466","80013","42.79"
"Paulding","3","236","Georgia","5/14/20","218","18","13223","8.26"
"Peach","1","69","Georgia","5/14/20","61","8","13225","13.11"
"Pickens","1","35","Georgia","5/14/20","31","4","13227","12.9"
"Pierce","1","69","Georgia","5/14/20","59","10","13229","16.95"
"Pike","0","44","Georgia","5/14/20","41","3","13231","7.32"
"Polk","1","71","Georgia","5/14/20","64","7","13233","10.94"
"Pulaski","1","38","Georgia","5/14/20","34","4","13235","11.76"
"Putnam","1","60","Georgia","5/14/20","52","8","13237","15.38"
"Quitman","0","7","Georgia","5/14/20","6","1","13239","16.67"
"Rabun","0","14","Georgia","5/14/20","13","1","13241","7.69"
"Randolph","0","169","Georgia","5/14/20","167","2","13243","1.2"
"Richmond","6","480","Georgia","5/14/20","436","44","13245","10.09"
"Rockdale","3","249","Georgia","5/14/20","226","23","13247","10.18"
"Schley","0","15","Georgia","5/14/20","15","0","13249","0"
"Screven","0","18","Georgia","5/14/20","17","1","13251","5.88"
"Seminole","1","38","Georgia","5/14/20","33","5","13253","15.15"
"Spalding","2","239","Georgia","5/14/20","224","15","13255","6.7"
"Stephens","0","94","Georgia","5/14/20","91","3","13257","3.3"
"Stewart","1","37","Georgia","5/14/20","27","10","13259","37.04"
"Sumter","4","412","Georgia","5/14/20","387","25","13261","6.46"
"Talbot","0","27","Georgia","5/14/20","26","1","13263","3.85"
"Taliaferro","0","1","Georgia","5/14/20","1","0","13265","0"
"Tattnall","0","11","Georgia","5/14/20","9","2","13267","22.22"
"Taylor","1","22","Georgia","5/14/20","18","4","13269","22.22"
"Telfair","0","29","Georgia","5/14/20","28","1","13271","3.57"
"Terrell","1","199","Georgia","5/14/20","195","4","13273","2.05"
"Thomas","7","276","Georgia","5/14/20","227","49","13275","21.59"
"Tift","4","170","Georgia","5/14/20","139","31","13277","22.3"
"Toombs","1","43","Georgia","5/14/20","39","4","13279","10.26"
"Towns","0","21","Georgia","5/14/20","20","1","13281","5"
"Treutlen","0","7","Georgia","5/14/20","5","2","13283","40"
"Troup","3","192","Georgia","5/14/20","171","21","13285","12.28"
"Turner","1","81","Georgia","5/14/20","73","8","13287","10.96"
"Twiggs","0","9","Georgia","5/14/20","8","1","13289","12.5"
"Union","0","36","Georgia","5/14/20","33","3","13291","9.09"
"Upson","1","255","Georgia","5/14/20","246","9","13293","3.66"
"Walker","2","74","Georgia","5/14/20","61","13","13295","21.31"
"Walton","1","158","Georgia","5/14/20","148","10","13297","6.76"
"Ware","3","169","Georgia","5/14/20","148","21","13299","14.19"
"Warren","0","16","Georgia","5/14/20","13","3","13301","23.08"
"Washington","2","63","Georgia","5/14/20","51","12","13303","23.53"
"Wayne","0","14","Georgia","5/14/20","13","1","13305","7.69"
"Webster","0","11","Georgia","5/14/20","10","1","13307","10"
"Wheeler","1","9","Georgia","5/14/20","5","4","13309","80"
"White","0","88","Georgia","5/14/20","87","1","13311","1.15"
"Whitfield","5","175","Georgia","5/14/20","141","34","13313","24.11"
"Wilcox","1","98","Georgia","5/14/20","92","6","13315","6.52"
"Wilkes","0","28","Georgia","5/14/20","26","2","13317","7.69"
"Wilkinson","0","40","Georgia","5/14/20","40","0","13319","0"
"Worth","2","191","Georgia","5/14/20","179","12","13321","6.7"
"","0","103","Grand Princess","5/14/20","103","0",,"0"
"","0","152","Guam","5/14/20","149","3",,"2.01"
"Hawaii","0","75","Hawaii","5/14/20","74","1","15001","1.35"
"Honolulu","1","414","Hawaii","5/14/20","408","6","15003","1.47"
"Kauai","0","21","Hawaii","5/14/20","21","0","15007","0"
"Maui","0","117","Hawaii","5/14/20","116","1","15009","0.86"
"Out of HI","0","10","Hawaii","5/14/20","10","0","80015","0"
"Ada","5","759","Idaho","5/14/20","721","38","16001","5.27"
"Adams","0","3","Idaho","5/14/20","3","0","16003","0"
"Bannock","0","13","Idaho","5/14/20","12","1","16005","8.33"
"Bingham","0","6","Idaho","5/14/20","4","2","16011","50"
"Blaine","1","507","Idaho","5/14/20","499","8","16013","1.6"
"Bonner","0","4","Idaho","5/14/20","4","0","16017","0"
"Bonneville","0","30","Idaho","5/14/20","28","2","16019","7.14"
"Camas","0","1","Idaho","5/14/20","1","0","16025","0"
"Canyon","1","276","Idaho","5/14/20","272","4","16027","1.47"
"Caribou","0","1","Idaho","5/14/20","1","0","16029","0"
"Cassia","0","16","Idaho","5/14/20","13","3","16031","23.08"
"Custer","0","2","Idaho","5/14/20","2","0","16037","0"
"Elmore","0","31","Idaho","5/14/20","31","0","16039","0"
"Fremont","0","3","Idaho","5/14/20","3","0","16043","0"
"Gem","0","16","Idaho","5/14/20","14","2","16045","14.29"
"Gooding","1","22","Idaho","5/14/20","16","6","16047","37.5"
"Idaho","0","3","Idaho","5/14/20","3","0","16049","0"
"Jefferson","0","5","Idaho","5/14/20","5","0","16051","0"
"Jerome","3","87","Idaho","5/14/20","65","22","16053","33.85"
"Kootenai","0","64","Idaho","5/14/20","62","2","16055","3.23"
"Latah","0","6","Idaho","5/14/20","5","1","16057","20"
"Lemhi","0","1","Idaho","5/14/20","1","0","16059","0"
"Lincoln","0","29","Idaho","5/14/20","29","0","16063","0"
"Madison","0","18","Idaho","5/14/20","16","2","16065","12.5"
"Minidoka","1","15","Idaho","5/14/20","11","4","16067","36.36"
"Nez Perce","0","79","Idaho","5/14/20","78","1","16069","1.28"
"Owyhee","0","8","Idaho","5/14/20","8","0","16073","0"
"Payette","0","19","Idaho","5/14/20","17","2","16075","11.76"
"Power","0","3","Idaho","5/14/20","2","1","16077","50"
"Teton","0","11","Idaho","5/14/20","10","1","16081","10"
"Twin Falls","8","298","Idaho","5/14/20","239","59","16083","24.69"
"Valley","0","2","Idaho","5/14/20","2","0","16085","0"
"Washington","2","13","Idaho","5/14/20","1","12","16087","1200"
"Adams","0","41","Illinois","5/14/20","40","1","17001","2.5"
"Alexander","0","8","Illinois","5/14/20","6","2","17003","33.33"
"Bond","0","10","Illinois","5/14/20","8","2","17005","25"
"Boone","14","268","Illinois","5/14/20","168","100","17007","59.52"
"Brown","0","9","Illinois","5/14/20","6","3","17009","50"
"Bureau","0","15","Illinois","5/14/20","12","3","17011","25"
"Calhoun","0","1","Illinois","5/14/20","1","0","17013","0"
"Carroll","0","12","Illinois","5/14/20","10","2","17015","20"
"Cass","2","66","Illinois","5/14/20","50","16","17017","32"
"Champaign","14","324","Illinois","5/14/20","229","95","17019","41.48"
"Christian","0","30","Illinois","5/14/20","27","3","17021","11.11"
"Clark","1","9","Illinois","5/14/20","5","4","17023","80"
"Clay","0","2","Illinois","5/14/20","2","0","17025","0"
"Clinton","5","155","Illinois","5/14/20","122","33","17027","27.05"
"Coles","6","62","Illinois","5/14/20","22","40","17029","181.82"
"Cook","1445","58457","Illinois","5/14/20","48341","10116","17031","20.93"
"Crawford","0","11","Illinois","5/14/20","10","1","17033","10"
"Cumberland","1","8","Illinois","5/14/20","4","4","17035","100"
"De Witt","0","4","Illinois","5/14/20","3","1","17039","33.33"
"DeKalb","10","217","Illinois","5/14/20","149","68","17037","45.64"
"Douglas","0","22","Illinois","5/14/20","20","2","17041","10"
"DuPage","177","5453","Illinois","5/14/20","4213","1240","17043","29.43"
"Edwards","0","2","Illinois","5/14/20","0","2","17047","1"
"Effingham","0","6","Illinois","5/14/20","5","1","17049","20"
"Fayette","0","17","Illinois","5/14/20","17","0","17051","0"
"Ford","0","15","Illinois","5/14/20","12","3","17053","25"
"Franklin","0","11","Illinois","5/14/20","10","1","17055","10"
"Fulton","0","6","Illinois","5/14/20","3","3","17057","100"
"Gallatin","0","2","Illinois","5/14/20","2","0","17059","0"
"Greene","0","4","Illinois","5/14/20","3","1","17061","33.33"
"Grundy","2","65","Illinois","5/14/20","50","15","17063","30"
"Hamilton","0","2","Illinois","5/14/20","2","0","17065","0"
"Hancock","0","12","Illinois","5/14/20","10","2","17067","20"
"Hardin","0","1","Illinois","5/14/20","1","0","17069","0"
"Henderson","0","7","Illinois","5/14/20","5","2","17071","40"
"Henry","1","62","Illinois","5/14/20","55","7","17073","12.73"
"Iroquois","4","107","Illinois","5/14/20","77","30","17075","38.96"
"Jackson","3","175","Illinois","5/14/20","157","18","17077","11.46"
"Jasper","0","45","Illinois","5/14/20","46","-1","17079","-2.17"
"Jefferson","1","98","Illinois","5/14/20","88","10","17081","11.36"
"Jersey","0","18","Illinois","5/14/20","16","2","17083","12.5"
"Jo Daviess","1","18","Illinois","5/14/20","14","4","17085","28.57"
"Johnson","0","6","Illinois","5/14/20","4","2","17087","50"
"Kane","214","3995","Illinois","5/14/20","2498","1497","17089","59.93"
"Kankakee","28","623","Illinois","5/14/20","428","195","17091","45.56"
"Kendall","22","518","Illinois","5/14/20","363","155","17093","42.7"
"Knox","2","79","Illinois","5/14/20","63","16","17095","25.4"
"Lake","176","5992","Illinois","5/14/20","4762","1230","17097","25.83"
"LaSalle","3","113","Illinois","5/14/20","91","22","17099","24.18"
"Lawrence","0","4","Illinois","5/14/20","3","1","17101","33.33"
"Lee","3","70","Illinois","5/14/20","51","19","17103","37.25"
"Livingston","0","25","Illinois","5/14/20","24","1","17105","4.17"
"Logan","0","10","Illinois","5/14/20","7","3","17107","42.86"
"Macon","3","154","Illinois","5/14/20","133","21","17115","15.79"
"Macoupin","0","41","Illinois","5/14/20","39","2","17117","5.13"
"Madison","9","461","Illinois","5/14/20","396","65","17119","16.41"
"Marion","1","47","Illinois","5/14/20","40","7","17121","17.5"
"Marshall","0","4","Illinois","5/14/20","4","0","17123","0"
"Mason","0","16","Illinois","5/14/20","15","1","17125","6.67"
"Massac","0","6","Illinois","5/14/20","5","1","17127","20"
"McDonough","2","58","Illinois","5/14/20","46","12","17109","26.09"
"McHenry","32","1083","Illinois","5/14/20","857","226","17111","26.37"
"McLean","3","130","Illinois","5/14/20","110","20","17113","18.18"
"Menard","0","17","Illinois","5/14/20","17","0","17129","0"
"Mercer","0","13","Illinois","5/14/20","11","2","17131","18.18"
"Monroe","1","82","Illinois","5/14/20","77","5","17133","6.49"
"Montgomery","0","36","Illinois","5/14/20","33","3","17135","9.09"
"Morgan","1","34","Illinois","5/14/20","27","7","17137","25.93"
"Moultrie","0","6","Illinois","5/14/20","6","0","17139","0"
"Ogle","3","163","Illinois","5/14/20","139","24","17141","17.27"
"Out of IL","2","86","Illinois","5/14/20","71","15","80017","21.13"
"Peoria","3","151","Illinois","5/14/20","130","21","17143","16.15"
"Perry","0","38","Illinois","5/14/20","36","2","17145","5.56"
"Piatt","0","8","Illinois","5/14/20","7","1","17147","14.29"
"Pike","0","1","Illinois","5/14/20","1","0","17149","0"
"Pope","0","1","Illinois","5/14/20","0","1","17151","1"
"Pulaski","1","33","Illinois","5/14/20","24","9","17153","37.5"
"Randolph","4","233","Illinois","5/14/20","206","27","17157","13.11"
"Richland","0","3","Illinois","5/14/20","3","0","17159","0"
"Rock Island","9","543","Illinois","5/14/20","477","66","17161","13.84"
"Saline","0","6","Illinois","5/14/20","5","1","17165","20"
"Sangamon","7","289","Illinois","5/14/20","237","52","17167","21.94"
"Schuyler","1","7","Illinois","5/14/20","3","4","17169","133.33"
"Shelby","0","11","Illinois","5/14/20","10","1","17173","10"
"St. Clair","19","759","Illinois","5/14/20","623","136","17163","21.83"
"Stark","0","1","Illinois","5/14/20","1","0","17175","0"
"Stephenson","6","119","Illinois","5/14/20","78","41","17177","52.56"
"Tazewell","1","58","Illinois","5/14/20","54","4","17179","7.41"
"Union","9","113","Illinois","5/14/20","52","61","17181","117.31"
"Vermilion","1","29","Illinois","5/14/20","23","6","17183","26.09"
"Wabash","0","1","Illinois","5/14/20","1","0","17185","0"
"Warren","2","105","Illinois","5/14/20","92","13","17187","14.13"
"Washington","0","17","Illinois","5/14/20","14","3","17189","21.43"
"Wayne","1","11","Illinois","5/14/20","2","9","17191","450"
"White","0","2","Illinois","5/14/20","2","0","17193","0"
"Whiteside","2","111","Illinois","5/14/20","99","12","17195","12.12"
"Will","94","4090","Illinois","5/14/20","3434","656","17197","19.1"
"Williamson","1","52","Illinois","5/14/20","42","10","17199","23.81"
"Winnebago","83","1337","Illinois","5/14/20","759","578","17201","76.15"
"Woodford","0","14","Illinois","5/14/20","15","-1","17203","-6.67"
"Adams","0","9","Indiana","5/14/20","8","1","18001","12.5"
"Allen","22","898","Indiana","5/14/20","743","155","18003","20.86"
"Bartholomew","10","383","Indiana","5/14/20","316","67","18005","21.2"
"Benton","1","17","Indiana","5/14/20","12","5","18007","41.67"
"Blackford","0","14","Indiana","5/14/20","12","2","18009","16.67"
"Boone","5","249","Indiana","5/14/20","211","38","18011","18.01"
"Brown","1","29","Indiana","5/14/20","25","4","18013","16"
"Carroll","1","75","Indiana","5/14/20","66","9","18015","13.64"
"Cass","11","1546","Indiana","5/14/20","1469","77","18017","5.24"
"Clark","6","395","Indiana","5/14/20","355","40","18019","11.27"
"Clay","0","26","Indiana","5/14/20","23","3","18021","13.04"
"Clinton","6","116","Indiana","5/14/20","75","41","18023","54.67"
"Crawford","0","21","Indiana","5/14/20","20","1","18025","5"
"Daviess","0","57","Indiana","5/14/20","54","3","18027","5.56"
"Dearborn","1","154","Indiana","5/14/20","145","9","18029","6.21"
"Decatur","1","216","Indiana","5/14/20","208","8","18031","3.85"
"DeKalb","0","25","Indiana","5/14/20","23","2","18033","8.7"
"Delaware","3","235","Indiana","5/14/20","213","22","18035","10.33"
"Dubois","5","69","Indiana","5/14/20","35","34","18037","97.14"
"Elkhart","29","589","Indiana","5/14/20","387","202","18039","52.2"
"Fayette","1","40","Indiana","5/14/20","34","6","18041","17.65"
"Floyd","4","250","Indiana","5/14/20","224","26","18043","11.61"
"Fountain","0","16","Indiana","5/14/20","14","2","18045","14.29"
"Franklin","1","107","Indiana","5/14/20","101","6","18047","5.94"
"Fulton","1","39","Indiana","5/14/20","34","5","18049","14.71"
"Gibson","0","8","Indiana","5/14/20","7","1","18051","14.29"
"Grant","1","155","Indiana","5/14/20","151","4","18053","2.65"
"Greene","3","153","Indiana","5/14/20","132","21","18055","15.91"
"Hamilton","11","968","Indiana","5/14/20","894","74","18057","8.28"
"Hancock","5","278","Indiana","5/14/20","241","37","18059","15.35"
"Harrison","2","166","Indiana","5/14/20","150","16","18061","10.67"
"Hendricks","15","997","Indiana","5/14/20","893","104","18063","11.65"
"Henry","6","100","Indiana","5/14/20","59","41","18065","69.49"
"Howard","5","258","Indiana","5/14/20","225","33","18067","14.67"
"Huntington","1","18","Indiana","5/14/20","12","6","18069","50"
"Jackson","12","304","Indiana","5/14/20","219","85","18071","38.81"
"Jasper","0","40","Indiana","5/14/20","37","3","18073","8.11"
"Jay","1","23","Indiana","5/14/20","18","5","18075","27.78"
"Jefferson","0","35","Indiana","5/14/20","32","3","18077","9.38"
"Jennings","3","109","Indiana","5/14/20","89","20","18079","22.47"
"Johnson","28","952","Indiana","5/14/20","754","198","18081","26.26"
"Knox","0","22","Indiana","5/14/20","20","2","18083","10"
"Kosciusko","2","50","Indiana","5/14/20","39","11","18085","28.21"
"LaGrange","1","46","Indiana","5/14/20","36","10","18087","27.78"
"Lake","57","2684","Indiana","5/14/20","2288","396","18089","17.31"
"LaPorte","6","346","Indiana","5/14/20","303","43","18091","14.19"
"Lawrence","2","124","Indiana","5/14/20","112","12","18093","10.71"
"Madison","8","527","Indiana","5/14/20","474","53","18095","11.18"
"Marion","126","7793","Indiana","5/14/20","6914","879","18097","12.71"
"Marshall","1","39","Indiana","5/14/20","31","8","18099","25.81"
"Martin","0","7","Indiana","5/14/20","7","0","18101","0"
"Miami","1","129","Indiana","5/14/20","121","8","18103","6.61"
"Monroe","1","146","Indiana","5/14/20","137","9","18105","6.57"
"Montgomery","6","154","Indiana","5/14/20","111","43","18107","38.74"
"Morgan","6","226","Indiana","5/14/20","183","43","18109","23.5"
"Newton","1","68","Indiana","5/14/20","61","7","18111","11.48"
"Noble","3","144","Indiana","5/14/20","124","20","18113","16.13"
"Ohio","1","11","Indiana","5/14/20","7","4","18115","57.14"
"Orange","2","119","Indiana","5/14/20","106","13","18117","12.26"
"Owen","0","27","Indiana","5/14/20","24","3","18119","12.5"
"Parke","0","16","Indiana","5/14/20","13","3","18121","23.08"
"Perry","1","19","Indiana","5/14/20","13","6","18123","46.15"
"Pike","0","3","Indiana","5/14/20","2","1","18125","50"
"Porter","11","372","Indiana","5/14/20","294","78","18127","26.53"
"Posey","0","16","Indiana","5/14/20","15","1","18129","6.67"
"Pulaski","0","34","Indiana","5/14/20","33","1","18131","3.03"
"Putnam","2","94","Indiana","5/14/20","79","15","18133","18.99"
"Randolph","1","27","Indiana","5/14/20","18","9","18135","50"
"Ripley","1","105","Indiana","5/14/20","98","7","18137","7.14"
"Rush","0","39","Indiana","5/14/20","37","2","18139","5.41"
"Scott","4","90","Indiana","5/14/20","63","27","18143","42.86"
"Shelby","5","275","Indiana","5/14/20","243","32","18145","13.17"
"Spencer","0","7","Indiana","5/14/20","6","1","18147","16.67"
"St. Joseph","24","897","Indiana","5/14/20","730","167","18141","22.88"
"Starke","1","24","Indiana","5/14/20","19","5","18149","26.32"
"Steuben","1","67","Indiana","5/14/20","61","6","18151","9.84"
"Sullivan","1","24","Indiana","5/14/20","18","6","18153","33.33"
"Switzerland","0","14","Indiana","5/14/20","15","-1","18155","-6.67"
"Tippecanoe","9","268","Indiana","5/14/20","202","66","18157","32.67"
"Tipton","0","21","Indiana","5/14/20","20","1","18159","5"
"Union","0","8","Indiana","5/14/20","8","0","18161","0"
"Vanderburgh","4","195","Indiana","5/14/20","169","26","18163","15.38"
"Vermillion","0","7","Indiana","5/14/20","7","0","18165","0"
"Vigo","3","98","Indiana","5/14/20","75","23","18167","30.67"
"Wabash","1","68","Indiana","5/14/20","64","4","18169","6.25"
"Warren","0","12","Indiana","5/14/20","12","0","18171","0"
"Warrick","3","140","Indiana","5/14/20","116","24","18173","20.69"
"Washington","1","50","Indiana","5/14/20","45","5","18175","11.11"
"Wayne","1","58","Indiana","5/14/20","49","9","18177","18.37"
"Wells","1","13","Indiana","5/14/20","9","4","18179","44.44"
"White","5","164","Indiana","5/14/20","130","34","18181","26.15"
"Whitley","1","27","Indiana","5/14/20","22","5","18183","22.73"
"Adair","0","4","Iowa","5/14/20","3","1","19001","33.33"
"Allamakee","2","115","Iowa","5/14/20","99","16","19005","16.16"
"Appanoose","0","7","Iowa","5/14/20","6","1","19007","16.67"
"Audubon","0","11","Iowa","5/14/20","8","3","19009","37.5"
"Benton","0","36","Iowa","5/14/20","35","1","19011","2.86"
"Black Hawk","12","1533","Iowa","5/14/20","1450","83","19013","5.72"
"Boone","1","41","Iowa","5/14/20","33","8","19015","24.24"
"Bremer","1","62","Iowa","5/14/20","56","6","19017","10.71"
"Buchanan","0","24","Iowa","5/14/20","22","2","19019","9.09"
"Buena Vista","8","74","Iowa","5/14/20","18","56","19021","311.11"
"Butler","0","13","Iowa","5/14/20","11","2","19023","18.18"
"Calhoun","0","1","Iowa","5/14/20","1","0","19025","0"
"Carroll","0","8","Iowa","5/14/20","5","3","19027","60"
"Cass","0","1","Iowa","5/14/20","1","0","19029","0"
"Cedar","1","43","Iowa","5/14/20","39","4","19031","10.26"
"Cerro Gordo","0","15","Iowa","5/14/20","14","1","19033","7.14"
"Cherokee","0","6","Iowa","5/14/20","4","2","19035","50"
"Chickasaw","0","7","Iowa","5/14/20","6","1","19037","16.67"
"Clarke","1","11","Iowa","5/14/20","4","7","19039","175"
"Clay","0","9","Iowa","5/14/20","8","1","19041","12.5"
"Clayton","1","28","Iowa","5/14/20","19","9","19043","47.37"
"Clinton","1","60","Iowa","5/14/20","53","7","19045","13.21"
"Crawford","25","300","Iowa","5/14/20","124","176","19047","141.94"
"Dallas","16","755","Iowa","5/14/20","644","111","19049","17.24"
"Davis","1","13","Iowa","5/14/20","7","6","19051","85.71"
"Delaware","0","11","Iowa","5/14/20","8","3","19055","37.5"
"Des Moines","2","46","Iowa","5/14/20","29","17","19057","58.62"
"Dickinson","0","6","Iowa","5/14/20","6","0","19059","0"
"Dubuque","9","238","Iowa","5/14/20","175","63","19061","36"
"Emmet","0","1","Iowa","5/14/20","0","1","19063","1"
"Fayette","0","24","Iowa","5/14/20","24","0","19065","0"
"Floyd","1","9","Iowa","5/14/20","2","7","19067","350"
"Franklin","0","7","Iowa","5/14/20","7","0","19069","0"
"Fremont","0","3","Iowa","5/14/20","0","3","19071","1"
"Greene","0","14","Iowa","5/14/20","13","1","19073","7.69"
"Grundy","0","18","Iowa","5/14/20","16","2","19075","12.5"
"Guthrie","1","36","Iowa","5/14/20","32","4","19077","12.5"
"Hamilton","0","11","Iowa","5/14/20","9","2","19079","22.22"
"Hancock","0","3","Iowa","5/14/20","3","0","19081","0"
"Hardin","0","11","Iowa","5/14/20","11","0","19083","0"
"Harrison","0","17","Iowa","5/14/20","17","0","19085","0"
"Henry","0","43","Iowa","5/14/20","42","1","19087","2.38"
"Howard","0","12","Iowa","5/14/20","13","-1","19089","-7.69"
"Humboldt","0","7","Iowa","5/14/20","6","1","19091","16.67"
"Ida","0","2","Iowa","5/14/20","0","2","19093","1"
"Iowa","0","28","Iowa","5/14/20","26","2","19095","7.69"
"Jackson","0","7","Iowa","5/14/20","7","0","19097","0"
"Jasper","2","240","Iowa","5/14/20","229","11","19099","4.8"
"Jefferson","0","9","Iowa","5/14/20","6","3","19101","50"
"Johnson","3","562","Iowa","5/14/20","543","19","19103","3.5"
"Jones","1","35","Iowa","5/14/20","30","5","19105","16.67"
"Keokuk","0","9","Iowa","5/14/20","6","3","19107","50"
"Kossuth","0","2","Iowa","5/14/20","2","0","19109","0"
"Lee","0","18","Iowa","5/14/20","17","1","19111","5.88"
"Linn","9","871","Iowa","5/14/20","805","66","19113","8.2"
"Louisa","2","291","Iowa","5/14/20","280","11","19115","3.93"
"Lyon","0","16","Iowa","5/14/20","15","1","19119","6.67"
"Madison","0","13","Iowa","5/14/20","10","3","19121","30"
"Mahaska","0","21","Iowa","5/14/20","20","1","19123","5"
"Marion","1","17","Iowa","5/14/20","12","5","19125","41.67"
"Marshall","10","759","Iowa","5/14/20","686","73","19127","10.64"
"Mills","1","9","Iowa","5/14/20","5","4","19129","80"
"Mitchell","0","3","Iowa","5/14/20","3","0","19131","0"
"Monona","0","14","Iowa","5/14/20","11","3","19133","27.27"
"Monroe","2","18","Iowa","5/14/20","2","16","19135","800"
"Montgomery","0","5","Iowa","5/14/20","2","3","19137","150"
"Muscatine","11","515","Iowa","5/14/20","441","74","19139","16.78"
"O'Brien","1","21","Iowa","5/14/20","13","8","19141","61.54"
"Osceola","1","25","Iowa","5/14/20","17","8","19143","47.06"
"Page","0","10","Iowa","5/14/20","9","1","19145","11.11"
"Palo Alto","0","1","Iowa","5/14/20","0","1","19147","1"
"Plymouth","4","74","Iowa","5/14/20","44","30","19149","68.18"
"Pocahontas","0","3","Iowa","5/14/20","3","0","19151","0"
"Polk","83","2634","Iowa","5/14/20","2053","581","19153","28.3"
"Pottawattamie","10","138","Iowa","5/14/20","71","67","19155","94.37"
"Poweshiek","1","83","Iowa","5/14/20","78","5","19157","6.41"
"Sac","0","4","Iowa","5/14/20","2","2","19161","100"
"Scott","3","293","Iowa","5/14/20","274","19","19163","6.93"
"Shelby","1","20","Iowa","5/14/20","13","7","19165","53.85"
"Sioux","11","111","Iowa","5/14/20","31","80","19167","258.06"
"Story","2","66","Iowa","5/14/20","52","14","19169","26.92"
"Tama","4","348","Iowa","5/14/20","321","27","19171","8.41"
"Taylor","0","1","Iowa","5/14/20","1","0","19173","0"
"Union","0","1","Iowa","5/14/20","1","0","19175","0"
"Van Buren","0","8","Iowa","5/14/20","8","0","19177","0"
"Wapello","23","328","Iowa","5/14/20","165","163","19179","98.79"
"Warren","3","53","Iowa","5/14/20","35","18","19181","51.43"
"Washington","1","163","Iowa","5/14/20","154","9","19183","5.84"
"Wayne","0","1","Iowa","5/14/20","1","0","19185","0"
"Webster","1","13","Iowa","5/14/20","8","5","19187","62.5"
"Winnebago","0","6","Iowa","5/14/20","3","3","19189","100"
"Winneshiek","0","18","Iowa","5/14/20","18","0","19191","0"
"Woodbury","93","2078","Iowa","5/14/20","1429","649","19193","45.42"
"Worth","0","2","Iowa","5/14/20","1","1","19195","100"
"Wright","0","6","Iowa","5/14/20","5","1","19197","20"
"Anderson","0","1","Kansas","5/14/20","0","1","20003","1"
"Atchison","0","15","Kansas","5/14/20","12","3","20005","25"
"Barber","0","1","Kansas","5/14/20","1","0","20007","0"
"Barton","2","28","Kansas","5/14/20","12","16","20009","133.33"
"Bourbon","0","6","Kansas","5/14/20","6","0","20011","0"
"Brown","0","1","Kansas","5/14/20","1","0","20013","0"
"Butler","0","14","Kansas","5/14/20","14","0","20015","0"
"Chase","0","3","Kansas","5/14/20","3","0","20017","0"
"Chautauqua","0","4","Kansas","5/14/20","4","0","20019","0"
"Cherokee","0","8","Kansas","5/14/20","8","0","20021","0"
"Cheyenne","0","2","Kansas","5/14/20","2","0","20023","0"
"Clark","0","19","Kansas","5/14/20","17","2","20025","11.76"
"Clay","0","4","Kansas","5/14/20","4","0","20027","0"
"Cloud","0","4","Kansas","5/14/20","4","0","20029","0"
"Coffey","0","50","Kansas","5/14/20","50","0","20031","0"
"Cowley","0","4","Kansas","5/14/20","3","1","20035","33.33"
"Crawford","0","8","Kansas","5/14/20","8","0","20037","0"
"Dickinson","0","2","Kansas","5/14/20","2","0","20041","0"
"Doniphan","0","9","Kansas","5/14/20","7","2","20043","28.57"
"Douglas","0","58","Kansas","5/14/20","56","2","20045","3.57"
"Edwards","0","4","Kansas","5/14/20","4","0","20047","0"
"Ellis","0","8","Kansas","5/14/20","8","0","20051","0"
"Ellsworth","0","2","Kansas","5/14/20","1","1","20053","100"
"Finney","55","1175","Kansas","5/14/20","791","384","20055","48.55"
"Ford","46","1250","Kansas","5/14/20","930","320","20057","34.41"
"Franklin","1","30","Kansas","5/14/20","20","10","20059","50"
"Geary","0","14","Kansas","5/14/20","13","1","20061","7.69"
"Gove","0","1","Kansas","5/14/20","1","0","20063","0"
"Grant","1","12","Kansas","5/14/20","8","4","20067","50"
"Gray","1","10","Kansas","5/14/20","6","4","20069","66.67"
"Greenwood","0","3","Kansas","5/14/20","3","0","20073","0"
"Hamilton","0","8","Kansas","5/14/20","5","3","20075","60"
"Harper","0","1","Kansas","5/14/20","1","0","20077","0"
"Harvey","0","10","Kansas","5/14/20","9","1","20079","11.11"
"Haskell","1","16","Kansas","5/14/20","9","7","20081","77.78"
"Jackson","3","23","Kansas","5/14/20","2","21","20085","1050"
"Jefferson","1","19","Kansas","5/14/20","12","7","20087","58.33"
"Jewell","0","4","Kansas","5/14/20","4","0","20089","0"
"Johnson","9","619","Kansas","5/14/20","553","66","20091","11.93"
"Kearny","1","34","Kansas","5/14/20","26","8","20093","30.77"
"Kiowa","0","2","Kansas","5/14/20","2","0","20097","0"
"Labette","0","22","Kansas","5/14/20","22","0","20099","0"
"Leavenworth","10","955","Kansas","5/14/20","885","70","20103","7.91"
"Linn","0","6","Kansas","5/14/20","6","0","20107","0"
"Lyon","4","308","Kansas","5/14/20","282","26","20111","9.22"
"Marion","0","5","Kansas","5/14/20","5","0","20115","0"
"McPherson","0","26","Kansas","5/14/20","25","1","20113","4"
"Meade","1","22","Kansas","5/14/20","16","6","20119","37.5"
"Miami","0","6","Kansas","5/14/20","5","1","20121","20"
"Mitchell","0","3","Kansas","5/14/20","3","0","20123","0"
"Montgomery","0","20","Kansas","5/14/20","20","0","20125","0"
"Morris","0","3","Kansas","5/14/20","3","0","20127","0"
"Morton","0","4","Kansas","5/14/20","3","1","20129","33.33"
"Nemaha","0","1","Kansas","5/14/20","1","0","20131","0"
"Neosho","0","2","Kansas","5/14/20","2","0","20133","0"
"Norton","0","2","Kansas","5/14/20","2","0","20137","0"
"Osage","0","6","Kansas","5/14/20","5","1","20139","20"
"Osborne","0","2","Kansas","5/14/20","2","0","20141","0"
"Ottawa","0","4","Kansas","5/14/20","4","0","20143","0"
"Phillips","0","2","Kansas","5/14/20","1","1","20147","100"
"Pottawatomie","0","18","Kansas","5/14/20","15","3","20149","20"
"Pratt","0","1","Kansas","5/14/20","1","0","20151","0"
"Reno","0","41","Kansas","5/14/20","41","0","20155","0"
"Republic","0","4","Kansas","5/14/20","4","0","20157","0"
"Rice","0","4","Kansas","5/14/20","3","1","20159","33.33"
"Riley","0","59","Kansas","5/14/20","56","3","20161","5.36"
"Rooks","0","6","Kansas","5/14/20","6","0","20163","0"
"Saline","0","23","Kansas","5/14/20","21","2","20169","9.52"
"Scott","1","6","Kansas","5/14/20","2","4","20171","200"
"Sedgwick","10","527","Kansas","5/14/20","454","73","20173","16.08"
"Seward","13","754","Kansas","5/14/20","664","90","20175","13.55"
"Shawnee","6","179","Kansas","5/14/20","140","39","20177","27.86"
"Sheridan","0","2","Kansas","5/14/20","2","0","20179","0"
"Sherman","0","5","Kansas","5/14/20","5","0","20181","0"
"Smith","0","2","Kansas","5/14/20","2","0","20183","0"
"Stafford","0","1","Kansas","5/14/20","1","0","20185","0"
"Stanton","0","9","Kansas","5/14/20","7","2","20187","28.57"
"Stevens","2","26","Kansas","5/14/20","14","12","20189","85.71"
"Sumner","0","5","Kansas","5/14/20","4","1","20191","25"
"Wabaunsee","0","27","Kansas","5/14/20","27","0","20197","0"
"Wilson","0","1","Kansas","5/14/20","1","0","20205","0"
"Woodson","0","6","Kansas","5/14/20","6","0","20207","0"
"Wyandotte","25","1114","Kansas","5/14/20","942","172","20209","18.26"
"Adair","1","91","Kentucky","5/14/20","84","7","21001","8.33"
"Allen","1","33","Kentucky","5/14/20","25","8","21003","32"
"Anderson","0","10","Kentucky","5/14/20","9","1","21005","11.11"
"Ballard","0","10","Kentucky","5/14/20","8","2","21007","25"
"Barren","1","34","Kentucky","5/14/20","24","10","21009","41.67"
"Bath","0","7","Kentucky","5/14/20","4","3","21011","75"
"Boone","11","276","Kentucky","5/14/20","197","79","21015","40.1"
"Bourbon","0","8","Kentucky","5/14/20","8","0","21017","0"
"Boyd","1","38","Kentucky","5/14/20","32","6","21019","18.75"
"Boyle","0","18","Kentucky","5/14/20","16","2","21021","12.5"
"Bracken","0","9","Kentucky","5/14/20","10","-1","21023","-10"
"Breathitt","0","2","Kentucky","5/14/20","2","0","21025","0"
"Breckinridge","0","14","Kentucky","5/14/20","11","3","21027","27.27"
"Bullitt","2","89","Kentucky","5/14/20","74","15","21029","20.27"
"Butler","2","205","Kentucky","5/14/20","188","17","21031","9.04"
"Caldwell","0","12","Kentucky","5/14/20","12","0","21033","0"
"Calloway","1","43","Kentucky","5/14/20","35","8","21035","22.86"
"Campbell","3","128","Kentucky","5/14/20","110","18","21037","16.36"
"Carlisle","0","3","Kentucky","5/14/20","2","1","21039","50"
"Carroll","0","2","Kentucky","5/14/20","2","0","21041","0"
"Carter","0","7","Kentucky","5/14/20","6","1","21043","16.67"
"Casey","0","2","Kentucky","5/14/20","1","1","21045","100"
"Christian","0","95","Kentucky","5/14/20","92","3","21047","3.26"
"Clark","0","20","Kentucky","5/14/20","20","0","21049","0"
"Clay","0","2","Kentucky","5/14/20","1","1","21051","100"
"Clinton","0","3","Kentucky","5/14/20","3","0","21053","0"
"Crittenden","0","4","Kentucky","5/14/20","4","0","21055","0"
"Cumberland","0","5","Kentucky","5/14/20","5","0","21057","0"
"Daviess","3","277","Kentucky","5/14/20","258","19","21059","7.36"
"Edmonson","1","46","Kentucky","5/14/20","41","5","21061","12.2"
"Fayette","20","467","Kentucky","5/14/20","328","139","21067","42.38"
"Fleming","0","2","Kentucky","5/14/20","2","0","21069","0"
"Floyd","0","16","Kentucky","5/14/20","13","3","21071","23.08"
"Franklin","0","18","Kentucky","5/14/20","16","2","21073","12.5"
"Fulton","0","1","Kentucky","5/14/20","1","0","21075","0"
"Gallatin","0","2","Kentucky","5/14/20","1","1","21077","100"
"Garrard","0","4","Kentucky","5/14/20","2","2","21079","100"
"Grant","1","31","Kentucky","5/14/20","27","4","21081","14.81"
"Graves","1","152","Kentucky","5/14/20","145","7","21083","4.83"
"Grayson","1","101","Kentucky","5/14/20","93","8","21085","8.6"
"Green","0","1","Kentucky","5/14/20","1","0","21087","0"
"Greenup","0","13","Kentucky","5/14/20","12","1","21089","8.33"
"Hancock","0","7","Kentucky","5/14/20","6","1","21091","16.67"
"Hardin","2","72","Kentucky","5/14/20","56","16","21093","28.57"
"Harlan","0","1","Kentucky","5/14/20","1","0","21095","0"
"Harrison","0","19","Kentucky","5/14/20","18","1","21097","5.56"
"Hart","1","16","Kentucky","5/14/20","8","8","21099","100"
"Henderson","1","83","Kentucky","5/14/20","75","8","21101","10.67"
"Henry","0","11","Kentucky","5/14/20","8","3","21103","37.5"
"Hickman","0","5","Kentucky","5/14/20","5","0","21105","0"
"Hopkins","0","215","Kentucky","5/14/20","212","3","21107","1.42"
"Jackson","0","57","Kentucky","5/14/20","60","-3","21109","-5"
"Jefferson","23","1741","Kentucky","5/14/20","1578","163","21111","10.33"
"Jessamine","1","50","Kentucky","5/14/20","40","10","21113","25"
"Johnson","0","5","Kentucky","5/14/20","4","1","21115","25"
"Kenton","10","432","Kentucky","5/14/20","360","72","21117","20"
"Knott","0","4","Kentucky","5/14/20","4","0","21119","0"
"Knox","0","7","Kentucky","5/14/20","6","1","21121","16.67"
"Larue","0","6","Kentucky","5/14/20","6","0","21123","0"
"Laurel","0","21","Kentucky","5/14/20","20","1","21125","5"
"Lawrence","0","2","Kentucky","5/14/20","1","1","21127","100"
"Leslie","0","6","Kentucky","5/14/20","4","2","21131","50"
"Letcher","0","5","Kentucky","5/14/20","3","2","21133","66.67"
"Lewis","1","8","Kentucky","5/14/20","3","5","21135","166.67"
"Lincoln","0","5","Kentucky","5/14/20","6","-1","21137","-16.67"
"Livingston","0","7","Kentucky","5/14/20","6","1","21139","16.67"
"Logan","8","77","Kentucky","5/14/20","24","53","21141","220.83"
"Lyon","0","14","Kentucky","5/14/20","13","1","21143","7.69"
"Madison","1","41","Kentucky","5/14/20","33","8","21151","24.24"
"Marion","0","17","Kentucky","5/14/20","17","0","21155","0"
"Marshall","0","34","Kentucky","5/14/20","33","1","21157","3.03"
"Martin","0","3","Kentucky","5/14/20","3","0","21159","0"
"Mason","0","8","Kentucky","5/14/20","6","2","21161","33.33"
"McCracken","1","76","Kentucky","5/14/20","68","8","21145","11.76"
"McCreary","0","13","Kentucky","5/14/20","11","2","21147","18.18"
"McLean","0","18","Kentucky","5/14/20","16","2","21149","12.5"
"Meade","0","18","Kentucky","5/14/20","17","1","21163","5.88"
"Menifee","0","3","Kentucky","5/14/20","3","0","21165","0"
"Mercer","0","12","Kentucky","5/14/20","10","2","21167","20"
"Metcalfe","0","3","Kentucky","5/14/20","2","1","21169","50"
"Monroe","0","6","Kentucky","5/14/20","6","0","21171","0"
"Montgomery","1","16","Kentucky","5/14/20","11","5","21173","45.45"
"Morgan","0","1","Kentucky","5/14/20","1","0","21175","0"
"Muhlenberg","2","457","Kentucky","5/14/20","446","11","21177","2.47"
"Nelson","1","32","Kentucky","5/14/20","28","4","21179","14.29"
"Nicholas","0","1","Kentucky","5/14/20","1","0","21181","0"
"Ohio","3","85","Kentucky","5/14/20","65","20","21183","30.77"
"Oldham","2","50","Kentucky","5/14/20","36","14","21185","38.89"
"Owen","0","1","Kentucky","5/14/20","1","0","21187","0"
"Owsley","0","2","Kentucky","5/14/20","2","0","21189","0"
"Pendleton","0","6","Kentucky","5/14/20","5","1","21191","20"
"Perry","1","18","Kentucky","5/14/20","14","4","21193","28.57"
"Pike","1","22","Kentucky","5/14/20","15","7","21195","46.67"
"Powell","0","1","Kentucky","5/14/20","1","0","21197","0"
"Pulaski","1","47","Kentucky","5/14/20","43","4","21199","9.3"
"Rockcastle","0","12","Kentucky","5/14/20","13","-1","21203","-7.69"
"Rowan","1","6","Kentucky","5/14/20","2","4","21205","200"
"Russell","0","19","Kentucky","5/14/20","17","2","21207","11.76"
"Scott","0","33","Kentucky","5/14/20","32","1","21209","3.12"
"Shelby","3","54","Kentucky","5/14/20","35","19","21211","54.29"
"Simpson","0","35","Kentucky","5/14/20","32","3","21213","9.38"
"Spencer","0","16","Kentucky","5/14/20","16","0","21215","0"
"Taylor","0","9","Kentucky","5/14/20","9","0","21217","0"
"Todd","0","15","Kentucky","5/14/20","13","2","21219","15.38"
"Trigg","0","9","Kentucky","5/14/20","9","0","21221","0"
"Trimble","0","3","Kentucky","5/14/20","3","0","21223","0"
"Union","0","10","Kentucky","5/14/20","10","0","21225","0"
"Warren","35","730","Kentucky","5/14/20","486","244","21227","50.21"
"Washington","0","5","Kentucky","5/14/20","5","0","21229","0"
"Wayne","0","8","Kentucky","5/14/20","8","0","21231","0"
"Webster","1","31","Kentucky","5/14/20","27","4","21233","14.81"
"Whitley","0","12","Kentucky","5/14/20","11","1","21235","9.09"
"Woodford","0","19","Kentucky","5/14/20","17","2","21239","11.76"
"Acadia","2","159","Louisiana","5/14/20","142","17","22001","11.97"
"Allen","1","94","Louisiana","5/14/20","90","4","22003","4.44"
"Ascension","10","745","Louisiana","5/14/20","672","73","22005","10.86"
"Assumption","4","234","Louisiana","5/14/20","206","28","22007","13.59"
"Avoyelles","1","79","Louisiana","5/14/20","74","5","22009","6.76"
"Beauregard","1","49","Louisiana","5/14/20","44","5","22011","11.36"
"Bienville","0","81","Louisiana","5/14/20","78","3","22013","3.85"
"Bossier","3","327","Louisiana","5/14/20","307","20","22015","6.51"
"Caddo","18","1818","Louisiana","5/14/20","1690","128","22017","7.57"
"Calcasieu","4","507","Louisiana","5/14/20","478","29","22019","6.07"
"Caldwell","1","48","Louisiana","5/14/20","41","7","22021","17.07"
"Cameron","0","3","Louisiana","5/14/20","3","0","22023","0"
"Catahoula","8","103","Louisiana","5/14/20","46","57","22025","123.91"
"Claiborne","0","59","Louisiana","5/14/20","58","1","22027","1.72"
"Concordia","2","54","Louisiana","5/14/20","42","12","22029","28.57"
"De Soto","2","223","Louisiana","5/14/20","207","16","22031","7.73"
"East Baton Rouge","92","2898","Louisiana","5/14/20","2256","642","22033","28.46"
"East Carroll","2","25","Louisiana","5/14/20","14","11","22035","78.57"
"East Feliciana","5","169","Louisiana","5/14/20","132","37","22037","28.03"
"Evangeline","1","74","Louisiana","5/14/20","64","10","22039","15.62"
"Franklin","17","266","Louisiana","5/14/20","145","121","22041","83.45"
"Grant","0","18","Louisiana","5/14/20","17","1","22043","5.88"
"Iberia","10","352","Louisiana","5/14/20","281","71","22045","25.27"
"Iberville","6","537","Louisiana","5/14/20","492","45","22047","9.15"
"Jackson","2","70","Louisiana","5/14/20","57","13","22049","22.81"
"Jefferson","39","6860","Louisiana","5/14/20","6588","272","22051","4.13"
"Jefferson Davis","0","69","Louisiana","5/14/20","66","3","22053","4.55"
"Lafayette","9","541","Louisiana","5/14/20","479","62","22055","12.94"
"Lafourche","4","719","Louisiana","5/14/20","693","26","22057","3.75"
"LaSalle","1","35","Louisiana","5/14/20","30","5","22059","16.67"
"Lincoln","2","116","Louisiana","5/14/20","101","15","22061","14.85"
"Livingston","11","343","Louisiana","5/14/20","268","75","22063","27.99"
"Madison","1","18","Louisiana","5/14/20","8","10","22065","125"
"Morehouse","5","89","Louisiana","5/14/20","57","32","22067","56.14"
"Natchitoches","2","102","Louisiana","5/14/20","91","11","22069","12.09"
"Orleans","20","6768","Louisiana","5/14/20","6626","142","22071","2.14"
"Ouachita","8","869","Louisiana","5/14/20","814","55","22073","6.76"
"Plaquemines","1","192","Louisiana","5/14/20","185","7","22075","3.78"
"Pointe Coupee","5","152","Louisiana","5/14/20","120","32","22077","26.67"
"Rapides","14","417","Louisiana","5/14/20","316","101","22079","31.96"
"Red River","1","38","Louisiana","5/14/20","34","4","22081","11.76"
"Richland","2","104","Louisiana","5/14/20","91","13","22083","14.29"
"Sabine","2","29","Louisiana","5/14/20","17","12","22085","70.59"
"St. Bernard","1","516","Louisiana","5/14/20","508","8","22087","1.57"
"St. Charles","1","602","Louisiana","5/14/20","594","8","22089","1.35"
"St. Helena","1","38","Louisiana","5/14/20","32","6","22091","18.75"
"St. James","4","284","Louisiana","5/14/20","256","28","22093","10.94"
"St. John the Baptist","4","820","Louisiana","5/14/20","791","29","22095","3.67"
"St. Landry","6","244","Louisiana","5/14/20","203","41","22097","20.2"
"St. Martin","3","278","Louisiana","5/14/20","254","24","22099","9.45"
"St. Mary","6","263","Louisiana","5/14/20","222","41","22101","18.47"
"St. Tammany","14","1511","Louisiana","5/14/20","1415","96","22103","6.78"
"Tangipahoa","9","696","Louisiana","5/14/20","635","61","22105","9.61"
"Tensas","0","6","Louisiana","5/14/20","3","3","22107","100"
"Terrebonne","7","550","Louisiana","5/14/20","499","51","22109","10.22"
"Union","11","231","Louisiana","5/14/20","151","80","22111","52.98"
"Vermilion","0","42","Louisiana","5/14/20","40","2","22113","5"
"Vernon","0","19","Louisiana","5/14/20","17","2","22115","11.76"
"Washington","7","356","Louisiana","5/14/20","308","48","22117","15.58"
"Webster","2","112","Louisiana","5/14/20","97","15","22119","15.46"
"West Baton Rouge","5","150","Louisiana","5/14/20","118","32","22121","27.12"
"West Carroll","0","6","Louisiana","5/14/20","4","2","22123","50"
"West Feliciana","1","181","Louisiana","5/14/20","174","7","22125","4.02"
"Winn","3","66","Louisiana","5/14/20","48","18","22127","37.5"
"Androscoggin","5","109","Maine","5/14/20","74","35","23001","47.3"
"Aroostook","0","7","Maine","5/14/20","6","1","23003","16.67"
"Cumberland","21","778","Maine","5/14/20","631","147","23005","23.3"
"Franklin","0","31","Maine","5/14/20","31","0","23007","0"
"Hancock","0","10","Maine","5/14/20","10","0","23009","0"
"Kennebec","1","113","Maine","5/14/20","107","6","23011","5.61"
"Knox","0","19","Maine","5/14/20","17","2","23013","11.76"
"Lincoln","0","15","Maine","5/14/20","14","1","23015","7.14"
"Oxford","0","17","Maine","5/14/20","17","0","23017","0"
"Penobscot","0","91","Maine","5/14/20","89","2","23019","2.25"
"Piscataquis","0","1","Maine","5/14/20","1","0","23021","0"
"Sagadahoc","1","25","Maine","5/14/20","20","5","23023","25"
"Somerset","0","18","Maine","5/14/20","17","1","23025","5.88"
"Waldo","0","50","Maine","5/14/20","49","1","23027","2.04"
"Washington","0","2","Maine","5/14/20","2","0","23029","0"
"York","5","277","Maine","5/14/20","243","34","23031","13.99"
"Allegany","1","150","Maryland","5/14/20","143","7","24001","4.9"
"Anne Arundel","67","2661","Maryland","5/14/20","2194","467","24003","21.29"
"Baltimore","90","4290","Maryland","5/14/20","3662","628","24005","17.15"
"Baltimore City","93","3505","Maryland","5/14/20","2856","649","24510","22.72"
"Calvert","5","225","Maryland","5/14/20","188","37","24009","19.68"
"Caroline","11","183","Maryland","5/14/20","105","78","24011","74.29"
"Carroll","12","619","Maryland","5/14/20","534","85","24013","15.92"
"Cecil","12","291","Maryland","5/14/20","208","83","24015","39.9"
"Charles","14","796","Maryland","5/14/20","698","98","24017","14.04"
"Dorchester","3","104","Maryland","5/14/20","85","19","24019","22.35"
"Frederick","25","1325","Maryland","5/14/20","1151","174","24021","15.12"
"Garrett","0","6","Maryland","5/14/20","4","2","24023","50"
"Harford","16","663","Maryland","5/14/20","552","111","24025","20.11"
"Howard","27","1285","Maryland","5/14/20","1098","187","24027","17.03"
"Kent","4","125","Maryland","5/14/20","98","27","24029","27.55"
"Montgomery","217","7548","Maryland","5/14/20","6032","1516","24031","25.13"
"Prince George's","276","10449","Maryland","5/14/20","8516","1933","24033","22.7"
"Queen Anne's","5","106","Maryland","5/14/20","68","38","24035","55.88"
"Somerset","2","51","Maryland","5/14/20","40","11","24039","27.5"
"St. Mary's","11","271","Maryland","5/14/20","193","78","24037","40.41"
"Talbot","2","64","Maryland","5/14/20","52","12","24041","23.08"
"Washington","6","305","Maryland","5/14/20","260","45","24043","17.31"
"Wicomico","30","754","Maryland","5/14/20","541","213","24045","39.37"
"Worcester","4","127","Maryland","5/14/20","96","31","24047","32.29"
"Barnstable","17","1186","Massachusetts","5/14/20","1065","121","25001","11.36"
"Berkshire","4","502","Massachusetts","5/14/20","474","28","25003","5.91"
"Bristol","135","5556","Massachusetts","5/14/20","4610","946","25005","20.52"
"Dukes and Nantucket","1","43","Massachusetts","5/14/20","37","6","00000","16.22"
"Essex","201","12222","Massachusetts","5/14/20","10812","1410","25009","13.04"
"Franklin","3","312","Massachusetts","5/14/20","291","21","25011","7.22"
"Hampden","79","5068","Massachusetts","5/14/20","4512","556","25013","12.32"
"Hampshire","19","747","Massachusetts","5/14/20","614","133","25015","21.66"
"Middlesex","268","18890","Massachusetts","5/14/20","17016","1874","25017","11.01"
"Norfolk","89","7601","Massachusetts","5/14/20","6979","622","25021","8.91"
"Plymouth","107","7002","Massachusetts","5/14/20","6254","748","25023","11.96"
"Suffolk","184","16285","Massachusetts","5/14/20","14996","1289","25025","8.6"
"Worcester","199","8711","Massachusetts","5/14/20","7315","1396","25027","19.08"
"Alcona","0","8","Michigan","5/14/20","7","1","26001","14.29"
"Allegan","6","198","Michigan","5/14/20","153","45","26005","29.41"
"Alpena","0","95","Michigan","5/14/20","93","2","26007","2.15"
"Antrim","0","11","Michigan","5/14/20","11","0","26009","0"
"Arenac","0","33","Michigan","5/14/20","31","2","26011","6.45"
"Baraga","0","1","Michigan","5/14/20","1","0","26013","0"
"Barry","2","71","Michigan","5/14/20","54","17","26015","31.48"
"Bay","7","260","Michigan","5/14/20","210","50","26017","23.81"
"Benzie","0","4","Michigan","5/14/20","4","0","26019","0"
"Berrien","18","592","Michigan","5/14/20","464","128","26021","27.59"
"Branch","3","96","Michigan","5/14/20","78","18","26023","23.08"
"Calhoun","5","321","Michigan","5/14/20","283","38","26025","13.43"
"Cass","1","57","Michigan","5/14/20","47","10","26027","21.28"
"Charlevoix","0","14","Michigan","5/14/20","15","-1","26029","-6.67"
"Cheboygan","0","24","Michigan","5/14/20","24","0","26031","0"
"Chippewa","0","3","Michigan","5/14/20","3","0","26033","0"
"Clare","0","14","Michigan","5/14/20","12","2","26035","16.67"
"Clinton","1","148","Michigan","5/14/20","141","7","26037","4.96"
"Crawford","0","61","Michigan","5/14/20","60","1","26039","1.67"
"Delta","0","16","Michigan","5/14/20","16","0","26041","0"
"Dickinson","0","5","Michigan","5/14/20","4","1","26043","25"
"Eaton","3","191","Michigan","5/14/20","169","22","26045","13.02"
"Emmet","0","25","Michigan","5/14/20","25","0","26047","0"
"Federal Correctional Institution (FCI)","1","115","Michigan","5/14/20","106","9","00000","8.49"
"Genesee","26","2088","Michigan","5/14/20","1909","179","26049","9.38"
"Gladwin","0","17","Michigan","5/14/20","15","2","26051","13.33"
"Gogebic","0","4","Michigan","5/14/20","4","0","26053","0"
"Grand Traverse","0","24","Michigan","5/14/20","21","3","26055","14.29"
"Gratiot","1","40","Michigan","5/14/20","30","10","26057","33.33"
"Hillsdale","2","159","Michigan","5/14/20","148","11","26059","7.43"
"Houghton","0","2","Michigan","5/14/20","2","0","26061","0"
"Huron","1","46","Michigan","5/14/20","38","8","26063","21.05"
"Ingham","10","652","Michigan","5/14/20","579","73","26065","12.61"
"Ionia","2","124","Michigan","5/14/20","109","15","26067","13.76"
"Iosco","1","70","Michigan","5/14/20","66","4","26069","6.06"
"Isabella","0","77","Michigan","5/14/20","76","1","26073","1.32"
"Jackson","4","432","Michigan","5/14/20","401","31","26075","7.73"
"Kalamazoo","16","709","Michigan","5/14/20","600","109","26077","18.17"
"Kalkaska","0","28","Michigan","5/14/20","28","0","26079","0"
"Kent","83","2812","Michigan","5/14/20","2230","582","26081","26.1"
"Lake","0","3","Michigan","5/14/20","3","0","26085","0"
"Lapeer","1","192","Michigan","5/14/20","184","8","26087","4.35"
"Leelanau","0","10","Michigan","5/14/20","9","1","26089","11.11"
"Lenawee","2","164","Michigan","5/14/20","150","14","26091","9.33"
"Livingston","3","457","Michigan","5/14/20","433","24","26093","5.54"
"Luce","0","1","Michigan","5/14/20","1","0","26095","0"
"Mackinac","0","6","Michigan","5/14/20","6","0","26097","0"
"Macomb","56","6330","Michigan","5/14/20","5939","391","26099","6.58"
"Manistee","0","12","Michigan","5/14/20","12","0","26101","0"
"Marquette","0","51","Michigan","5/14/20","53","-2","26103","-3.77"
"Mason","1","27","Michigan","5/14/20","18","9","26105","50"
"Mecosta","0","20","Michigan","5/14/20","18","2","26107","11.11"
"Menominee","0","7","Michigan","5/14/20","6","1","26109","16.67"
"Michigan Department of Corrections (MDOC)","32","2257","Michigan","5/14/20","2036","221","00000","10.85"
"Midland","1","100","Michigan","5/14/20","93","7","26111","7.53"
"Missaukee","0","22","Michigan","5/14/20","22","0","26113","0"
"Monroe","7","448","Michigan","5/14/20","396","52","26115","13.13"
"Montcalm","1","55","Michigan","5/14/20","48","7","26117","14.58"
"Montmorency","0","5","Michigan","5/14/20","5","0","26119","0"
"Muskegon","13","437","Michigan","5/14/20","344","93","26121","27.03"
"Newaygo","1","41","Michigan","5/14/20","37","4","26123","10.81"
"Oakland","107","9330","Michigan","5/14/20","8579","751","26125","8.75"
"Oceana","3","52","Michigan","5/14/20","28","24","26127","85.71"
"Ogemaw","0","21","Michigan","5/14/20","20","1","26129","5"
"Osceola","0","11","Michigan","5/14/20","10","1","26133","10"
"Oscoda","0","8","Michigan","5/14/20","7","1","26135","14.29"
"Otsego","0","116","Michigan","5/14/20","113","3","26137","2.65"
"Ottawa","18","537","Michigan","5/14/20","409","128","26139","31.3"
"Out of MI","4","93","Michigan","5/14/20","64","29","80026","45.31"
"Presque Isle","0","11","Michigan","5/14/20","12","-1","26141","-8.33"
"Roscommon","0","22","Michigan","5/14/20","20","2","26143","10"
"Saginaw","14","884","Michigan","5/14/20","784","100","26145","12.76"
"Sanilac","0","39","Michigan","5/14/20","39","0","26151","0"
"Schoolcraft","0","4","Michigan","5/14/20","4","0","26153","0"
"Shiawassee","3","236","Michigan","5/14/20","214","22","26155","10.28"
"St. Clair","9","453","Michigan","5/14/20","391","62","26147","15.86"
"St. Joseph","5","81","Michigan","5/14/20","48","33","26149","68.75"
"Tuscola","5","166","Michigan","5/14/20","128","38","26157","29.69"
"Van Buren","4","120","Michigan","5/14/20","90","30","26159","33.33"
"Washtenaw","16","1371","Michigan","5/14/20","1260","111","26161","8.81"
"Wayne","172","19272","Michigan","5/14/20","18071","1201","26163","6.65"
"Wexford","0","13","Michigan","5/14/20","11","2","26165","18.18"
"Aitkin","0","2","Minnesota","5/14/20","1","1","27001","100"
"Anoka","36","678","Minnesota","5/14/20","426","252","27003","59.15"
"Becker","2","30","Minnesota","5/14/20","18","12","27005","66.67"
"Beltrami","0","8","Minnesota","5/14/20","6","2","27007","33.33"
"Benton","6","109","Minnesota","5/14/20","64","45","27009","70.31"
"Big Stone","0","2","Minnesota","5/14/20","2","0","27011","0"
"Blue Earth","2","71","Minnesota","5/14/20","55","16","27013","29.09"
"Brown","0","10","Minnesota","5/14/20","9","1","27015","11.11"
"Carlton","1","66","Minnesota","5/14/20","62","4","27017","6.45"
"Carver","6","103","Minnesota","5/14/20","58","45","27019","77.59"
"Cass","0","9","Minnesota","5/14/20","7","2","27021","28.57"
"Chippewa","3","27","Minnesota","5/14/20","5","22","27023","440"
"Chisago","2","25","Minnesota","5/14/20","14","11","27025","78.57"
"Clay","7","273","Minnesota","5/14/20","222","51","27027","22.97"
"Clearwater","0","2","Minnesota","5/14/20","2","0","27029","0"
"Cottonwood","1","51","Minnesota","5/14/20","43","8","27033","18.6"
"Crow Wing","0","24","Minnesota","5/14/20","23","1","27035","4.35"
"Dakota","34","562","Minnesota","5/14/20","322","240","27037","74.53"
"Dodge","1","28","Minnesota","5/14/20","21","7","27039","33.33"
"Douglas","0","17","Minnesota","5/14/20","14","3","27041","21.43"
"Faribault","0","9","Minnesota","5/14/20","7","2","27043","28.57"
"Fillmore","1","16","Minnesota","5/14/20","12","4","27045","33.33"
"Freeborn","2","52","Minnesota","5/14/20","39","13","27047","33.33"
"Goodhue","1","29","Minnesota","5/14/20","25","4","27049","16"
"Grant","0","2","Minnesota","5/14/20","1","1","27051","100"
"Hennepin","196","4331","Minnesota","5/14/20","2962","1369","27053","46.22"
"Houston","0","2","Minnesota","5/14/20","2","0","27055","0"
"Isanti","1","11","Minnesota","5/14/20","7","4","27059","57.14"
"Itasca","2","41","Minnesota","5/14/20","24","17","27061","70.83"
"Jackson","1","34","Minnesota","5/14/20","29","5","27063","17.24"
"Kanabec","1","10","Minnesota","5/14/20","4","6","27065","150"
"Kandiyohi","21","386","Minnesota","5/14/20","238","148","27067","62.18"
"Kittson","0","1","Minnesota","5/14/20","1","0","27069","0"
"Koochiching","0","3","Minnesota","5/14/20","1","2","27071","200"
"Lac qui Parle","0","2","Minnesota","5/14/20","2","0","27073","0"
"Lake","0","1","Minnesota","5/14/20","1","0","27075","0"
"Le Sueur","0","31","Minnesota","5/14/20","28","3","27079","10.71"
"Lincoln","0","4","Minnesota","5/14/20","3","1","27081","33.33"
"Lyon","1","22","Minnesota","5/14/20","15","7","27083","46.67"
"Mahnomen","0","5","Minnesota","5/14/20","2","3","27087","150"
"Marshall","0","8","Minnesota","5/14/20","8","0","27089","0"
"Martin","0","113","Minnesota","5/14/20","111","2","27091","1.8"
"McLeod","1","15","Minnesota","5/14/20","6","9","27085","150"
"Meeker","1","24","Minnesota","5/14/20","18","6","27093","33.33"
"Mille Lacs","0","7","Minnesota","5/14/20","6","1","27095","16.67"
"Morrison","1","21","Minnesota","5/14/20","11","10","27097","90.91"
"Mower","2","50","Minnesota","5/14/20","36","14","27099","38.89"
"Murray","1","30","Minnesota","5/14/20","25","5","27101","20"
"Nicollet","1","23","Minnesota","5/14/20","18","5","27103","27.78"
"Nobles","24","1319","Minnesota","5/14/20","1153","166","27105","14.4"
"Norman","0","11","Minnesota","5/14/20","9","2","27107","22.22"
"Olmsted","9","399","Minnesota","5/14/20","336","63","27109","18.75"
"Otter Tail","2","33","Minnesota","5/14/20","21","12","27111","57.14"
"Pennington","0","1","Minnesota","5/14/20","1","0","27113","0"
"Pine","3","80","Minnesota","5/14/20","61","19","27115","31.15"
"Pipestone","1","9","Minnesota","5/14/20","5","4","27117","80"
"Polk","2","55","Minnesota","5/14/20","43","12","27119","27.91"
"Pope","0","5","Minnesota","5/14/20","3","2","27121","66.67"
"Ramsey","64","1167","Minnesota","5/14/20","717","450","27123","62.76"
"Red Lake","0","2","Minnesota","5/14/20","1","1","27125","100"
"Redwood","0","3","Minnesota","5/14/20","3","0","27127","0"
"Renville","0","5","Minnesota","5/14/20","6","-1","27129","-16.67"
"Rice","19","181","Minnesota","5/14/20","48","133","27131","277.08"
"Rock","0","19","Minnesota","5/14/20","19","0","27133","0"
"Roseau","0","1","Minnesota","5/14/20","1","0","27135","0"
"Scott","12","186","Minnesota","5/14/20","100","86","27139","86"
"Sherburne","6","130","Minnesota","5/14/20","88","42","27141","47.73"
"Sibley","0","4","Minnesota","5/14/20","2","2","27143","100"
"St. Louis","2","100","Minnesota","5/14/20","89","11","27137","12.36"
"Stearns","64","1609","Minnesota","5/14/20","1161","448","27145","38.59"
"Steele","7","85","Minnesota","5/14/20","37","48","27147","129.73"
"Stevens","0","1","Minnesota","5/14/20","1","0","27149","0"
"Swift","1","10","Minnesota","5/14/20","2","8","27151","400"
"Todd","3","46","Minnesota","5/14/20","26","20","27153","76.92"
"Traverse","0","3","Minnesota","5/14/20","2","1","27155","50"
"Wabasha","1","16","Minnesota","5/14/20","12","4","27157","33.33"
"Wadena","0","4","Minnesota","5/14/20","4","0","27159","0"
"Waseca","1","18","Minnesota","5/14/20","12","6","27161","50"
"Washington","13","282","Minnesota","5/14/20","193","89","27163","46.11"
"Watonwan","2","32","Minnesota","5/14/20","18","14","27165","77.78"
"Wilkin","0","11","Minnesota","5/14/20","11","0","27167","0"
"Winona","1","74","Minnesota","5/14/20","68","6","27169","8.82"
"Wright","8","130","Minnesota","5/14/20","73","57","27171","78.08"
"Yellow Medicine","0","3","Minnesota","5/14/20","3","0","27173","0"
"Adams","1","164","Mississippi","5/14/20","157","7","28001","4.46"
"Alcorn","0","12","Mississippi","5/14/20","10","2","28003","20"
"Amite","1","39","Mississippi","5/14/20","33","6","28005","18.18"
"Attala","6","212","Mississippi","5/14/20","170","42","28007","24.71"
"Benton","0","14","Mississippi","5/14/20","13","1","28009","7.69"
"Bolivar","1","120","Mississippi","5/14/20","115","5","28011","4.35"
"Calhoun","0","58","Mississippi","5/14/20","57","1","28013","1.75"
"Carroll","1","106","Mississippi","5/14/20","99","7","28015","7.07"
"Chickasaw","4","110","Mississippi","5/14/20","84","26","28017","30.95"
"Choctaw","1","18","Mississippi","5/14/20","14","4","28019","28.57"
"Claiborne","2","48","Mississippi","5/14/20","33","15","28021","45.45"
"Clarke","4","97","Mississippi","5/14/20","71","26","28023","36.62"
"Clay","2","75","Mississippi","5/14/20","63","12","28025","19.05"
"Coahoma","0","73","Mississippi","5/14/20","70","3","28027","4.29"
"Copiah","7","191","Mississippi","5/14/20","141","50","28029","35.46"
"Covington","2","101","Mississippi","5/14/20","84","17","28031","20.24"
"DeSoto","5","355","Mississippi","5/14/20","320","35","28033","10.94"
"Forrest","11","357","Mississippi","5/14/20","283","74","28035","26.15"
"Franklin","0","19","Mississippi","5/14/20","18","1","28037","5.56"
"George","0","16","Mississippi","5/14/20","15","1","28039","6.67"
"Greene","0","7","Mississippi","5/14/20","6","1","28041","16.67"
"Grenada","2","56","Mississippi","5/14/20","45","11","28043","24.44"
"Hancock","1","79","Mississippi","5/14/20","72","7","28045","9.72"
"Harrison","5","223","Mississippi","5/14/20","188","35","28047","18.62"
"Hinds","17","717","Mississippi","5/14/20","600","117","28049","19.5"
"Holmes","10","262","Mississippi","5/14/20","190","72","28051","37.89"
"Humphreys","2","39","Mississippi","5/14/20","28","11","28053","39.29"
"Itawamba","1","73","Mississippi","5/14/20","66","7","28057","10.61"
"Jackson","1","280","Mississippi","5/14/20","272","8","28059","2.94"
"Jasper","4","104","Mississippi","5/14/20","76","28","28061","36.84"
"Jefferson","0","33","Mississippi","5/14/20","30","3","28063","10"
"Jefferson Davis","2","63","Mississippi","5/14/20","47","16","28065","34.04"
"Jones","11","287","Mississippi","5/14/20","209","78","28067","37.32"
"Kemper","2","100","Mississippi","5/14/20","84","16","28069","19.05"
"Lafayette","1","106","Mississippi","5/14/20","96","10","28071","10.42"
"Lamar","4","164","Mississippi","5/14/20","136","28","28073","20.59"
"Lauderdale","15","557","Mississippi","5/14/20","450","107","28075","23.78"
"Lawrence","2","74","Mississippi","5/14/20","61","13","28077","21.31"
"Leake","9","332","Mississippi","5/14/20","267","65","28079","24.34"
"Lee","1","83","Mississippi","5/14/20","73","10","28081","13.7"
"Leflore","2","197","Mississippi","5/14/20","180","17","28083","9.44"
"Lincoln","2","194","Mississippi","5/14/20","179","15","28085","8.38"
"Lowndes","4","100","Mississippi","5/14/20","71","29","28087","40.85"
"Madison","24","502","Mississippi","5/14/20","333","169","28089","50.75"
"Marion","1","86","Mississippi","5/14/20","80","6","28091","7.5"
"Marshall","2","63","Mississippi","5/14/20","50","13","28093","26"
"Monroe","3","209","Mississippi","5/14/20","188","21","28095","11.17"
"Montgomery","2","70","Mississippi","5/14/20","56","14","28097","25"
"Neshoba","13","354","Mississippi","5/14/20","261","93","28099","35.63"
"Newton","6","161","Mississippi","5/14/20","121","40","28101","33.06"
"Noxubee","3","118","Mississippi","5/14/20","97","21","28103","21.65"
"Oktibbeha","5","97","Mississippi","5/14/20","62","35","28105","56.45"
"Panola","0","46","Mississippi","5/14/20","43","3","28107","6.98"
"Pearl River","1","193","Mississippi","5/14/20","188","5","28109","2.66"
"Perry","0","35","Mississippi","5/14/20","33","2","28111","6.06"
"Pike","2","173","Mississippi","5/14/20","162","11","28113","6.79"
"Pontotoc","0","25","Mississippi","5/14/20","22","3","28115","13.64"
"Prentiss","0","36","Mississippi","5/14/20","33","3","28117","9.09"
"Quitman","0","19","Mississippi","5/14/20","16","3","28119","18.75"
"Rankin","6","271","Mississippi","5/14/20","231","40","28121","17.32"
"Scott","9","487","Mississippi","5/14/20","423","64","28123","15.13"
"Sharkey","0","5","Mississippi","5/14/20","5","0","28125","0"
"Simpson","2","72","Mississippi","5/14/20","56","16","28127","28.57"
"Smith","2","107","Mississippi","5/14/20","95","12","28129","12.63"
"Stone","0","26","Mississippi","5/14/20","23","3","28131","13.04"
"Sunflower","1","65","Mississippi","5/14/20","61","4","28133","6.56"
"Tallahatchie","0","15","Mississippi","5/14/20","12","3","28135","25"
"Tate","1","55","Mississippi","5/14/20","48","7","28137","14.58"
"Tippah","1","66","Mississippi","5/14/20","61","5","28139","8.2"
"Tishomingo","0","11","Mississippi","5/14/20","8","3","28141","37.5"
"Tunica","0","40","Mississippi","5/14/20","39","1","28143","2.56"
"Union","2","57","Mississippi","5/14/20","41","16","28145","39.02"
"Walthall","1","42","Mississippi","5/14/20","36","6","28147","16.67"
"Warren","5","127","Mississippi","5/14/20","90","37","28149","41.11"
"Washington","2","92","Mississippi","5/14/20","78","14","28151","17.95"
"Wayne","1","32","Mississippi","5/14/20","27","5","28153","18.52"
"Webster","0","22","Mississippi","5/14/20","21","1","28155","4.76"
"Wilkinson","1","78","Mississippi","5/14/20","74","4","28157","5.41"
"Winston","2","70","Mississippi","5/14/20","57","13","28159","22.81"
"Yalobusha","6","65","Mississippi","5/14/20","25","40","28161","160"
"Yazoo","3","176","Mississippi","5/14/20","154","22","28163","14.29"
"Adair","0","15","Missouri","5/14/20","12","3","29001","25"
"Andrew","1","11","Missouri","5/14/20","6","5","29003","83.33"
"Atchison","0","2","Missouri","5/14/20","2","0","29005","0"
"Audrain","0","2","Missouri","5/14/20","1","1","29007","100"
"Barry","0","6","Missouri","5/14/20","6","0","29009","0"
"Bates","0","6","Missouri","5/14/20","6","0","29013","0"
"Benton","0","9","Missouri","5/14/20","8","1","29015","12.5"
"Bollinger","0","4","Missouri","5/14/20","4","0","29017","0"
"Boone","0","100","Missouri","5/14/20","98","2","29019","2.04"
"Buchanan","13","496","Missouri","5/14/20","404","92","29021","22.77"
"Butler","0","27","Missouri","5/14/20","26","1","29023","3.85"
"Caldwell","0","3","Missouri","5/14/20","3","0","29025","0"
"Callaway","0","23","Missouri","5/14/20","23","0","29027","0"
"Camden","0","36","Missouri","5/14/20","35","1","29029","2.86"
"Cape Girardeau","0","52","Missouri","5/14/20","49","3","29031","6.12"
"Carroll","0","4","Missouri","5/14/20","3","1","29033","33.33"
"Carter","0","3","Missouri","5/14/20","3","0","29035","0"
"Cass","1","71","Missouri","5/14/20","65","6","29037","9.23"
"Cedar","0","9","Missouri","5/14/20","9","0","29039","0"
"Chariton","0","6","Missouri","5/14/20","6","0","29041","0"
"Christian","0","21","Missouri","5/14/20","20","1","29043","5"
"Clark","0","1","Missouri","5/14/20","1","0","29045","0"
"Clay","2","105","Missouri","5/14/20","91","14","29047","15.38"
"Clinton","0","14","Missouri","5/14/20","13","1","29049","7.69"
"Cole","0","56","Missouri","5/14/20","55","1","29051","1.82"
"Cooper","0","9","Missouri","5/14/20","9","0","29053","0"
"Crawford","0","8","Missouri","5/14/20","8","0","29055","0"
"Dallas","0","2","Missouri","5/14/20","2","0","29059","0"
"Daviess","0","3","Missouri","5/14/20","3","0","29061","0"
"DeKalb","0","4","Missouri","5/14/20","3","1","29063","33.33"
"Dunklin","0","24","Missouri","5/14/20","23","1","29069","4.35"
"Franklin","0","134","Missouri","5/14/20","137","-3","29071","-2.19"
"Gasconade","0","2","Missouri","5/14/20","2","0","29073","0"
"Gentry","0","2","Missouri","5/14/20","1","1","29075","100"
"Greene","1","105","Missouri","5/14/20","99","6","29077","6.06"
"Harrison","0","7","Missouri","5/14/20","6","1","29081","16.67"
"Henry","0","9","Missouri","5/14/20","8","1","29083","12.5"
"Holt","0","1","Missouri","5/14/20","1","0","29087","0"
"Howard","0","3","Missouri","5/14/20","3","0","29089","0"
"Howell","0","5","Missouri","5/14/20","5","0","29091","0"
"Iron","0","2","Missouri","5/14/20","2","0","29093","0"
"Jackson","3","395","Missouri","5/14/20","373","22","29095","5.9"
"Jasper","1","29","Missouri","5/14/20","24","5","29097","20.83"
"Jefferson","2","316","Missouri","5/14/20","304","12","29099","3.95"
"Johnson","1","69","Missouri","5/14/20","62","7","29101","11.29"
"Kansas City","16","838","Missouri","5/14/20","723","115","00000","15.91"
"Laclede","0","3","Missouri","5/14/20","0","3","29105","1"
"Lafayette","1","67","Missouri","5/14/20","58","9","29107","15.52"
"Lawrence","1","7","Missouri","5/14/20","2","5","29109","250"
"Lewis","0","6","Missouri","5/14/20","6","0","29111","0"
"Lincoln","4","103","Missouri","5/14/20","77","26","29113","33.77"
"Linn","0","5","Missouri","5/14/20","5","0","29115","0"
"Livingston","0","3","Missouri","5/14/20","4","-1","29117","-25"
"Macon","0","2","Missouri","5/14/20","3","-1","29121","-33.33"
"Madison","0","3","Missouri","5/14/20","2","1","29123","50"
"Maries","0","2","Missouri","5/14/20","2","0","29125","0"
"Marion","0","5","Missouri","5/14/20","5","0","29127","0"
"McDonald","0","6","Missouri","5/14/20","4","2","29119","50"
"Miller","0","4","Missouri","5/14/20","3","1","29131","33.33"
"Mississippi","2","49","Missouri","5/14/20","33","16","29133","48.48"
"Moniteau","-1","44","Missouri","5/14/20","51","-7","29135","-13.73"
"Montgomery","0","7","Missouri","5/14/20","7","0","29139","0"
"Morgan","0","7","Missouri","5/14/20","6","1","29141","16.67"
"New Madrid","0","13","Missouri","5/14/20","11","2","29143","18.18"
"Newton","0","12","Missouri","5/14/20","11","1","29145","9.09"
"Nodaway","0","5","Missouri","5/14/20","5","0","29147","0"
"Oregon","0","2","Missouri","5/14/20","2","0","29149","0"
"Osage","0","5","Missouri","5/14/20","5","0","29151","0"
"Pemiscot","2","67","Missouri","5/14/20","55","12","29155","21.82"
"Perry","0","46","Missouri","5/14/20","44","2","29157","4.55"
"Pettis","2","70","Missouri","5/14/20","56","14","29159","25"
"Phelps","0","2","Missouri","5/14/20","3","-1","29161","-33.33"
"Pike","0","14","Missouri","5/14/20","12","2","29163","16.67"
"Platte","2","50","Missouri","5/14/20","38","12","29165","31.58"
"Polk","0","1","Missouri","5/14/20","1","0","29167","0"
"Pulaski","0","36","Missouri","5/14/20","36","0","29169","0"
"Ralls","0","2","Missouri","5/14/20","1","1","29173","100"
"Randolph","0","8","Missouri","5/14/20","8","0","29175","0"
"Ray","0","12","Missouri","5/14/20","12","0","29177","0"
"Reynolds","0","2","Missouri","5/14/20","2","0","29179","0"
"Ripley","0","6","Missouri","5/14/20","5","1","29181","20"
"Saline","2","227","Missouri","5/14/20","211","16","29195","7.58"
"Scotland","0","4","Missouri","5/14/20","4","0","29199","0"
"Scott","1","84","Missouri","5/14/20","77","7","29201","9.09"
"Shelby","0","1","Missouri","5/14/20","1","0","29205","0"
"St. Charles","6","688","Missouri","5/14/20","646","42","29183","6.5"
"St. Clair","0","2","Missouri","5/14/20","2","0","29185","0"
"St. Francois","1","33","Missouri","5/14/20","29","4","29187","13.79"
"St. Louis","52","4193","Missouri","5/14/20","3826","367","29189","9.59"
"St. Louis City","21","1596","Missouri","5/14/20","1450","146","29510","10.07"
"Ste. Genevieve","0","8","Missouri","5/14/20","9","-1","29186","-11.11"
"Stoddard","1","30","Missouri","5/14/20","24","6","29207","25"
"Stone","0","3","Missouri","5/14/20","3","0","29209","0"
"Sullivan","1","9","Missouri","5/14/20","1","8","29211","800"
"Taney","0","12","Missouri","5/14/20","12","0","29213","0"
"Vernon","0","4","Missouri","5/14/20","5","-1","29217","-20"
"Warren","0","28","Missouri","5/14/20","26","2","29219","7.69"
"Washington","0","9","Missouri","5/14/20","9","0","29221","0"
"Webster","0","16","Missouri","5/14/20","15","1","29225","6.67"
"Worth","0","1","Missouri","5/14/20","1","0","29227","0"
"Wright","0","10","Missouri","5/14/20","10","0","29229","0"
"Beaverhead","0","1","Montana","5/14/20","1","0","30001","0"
"Big Horn","0","4","Montana","5/14/20","3","1","30003","33.33"
"Broadwater","0","4","Montana","5/14/20","4","0","30007","0"
"Carbon","0","6","Montana","5/14/20","6","0","30009","0"
"Cascade","0","17","Montana","5/14/20","16","1","30013","6.25"
"Deer Lodge","0","3","Montana","5/14/20","3","0","30023","0"
"Flathead","0","37","Montana","5/14/20","37","0","30029","0"
"Gallatin","0","149","Montana","5/14/20","146","3","30031","2.05"
"Glacier","0","6","Montana","5/14/20","6","0","30035","0"
"Golden Valley","0","3","Montana","5/14/20","3","0","30037","0"
"Hill","0","1","Montana","5/14/20","1","0","30041","0"
"Jefferson","0","3","Montana","5/14/20","2","1","30043","50"
"Lake","0","5","Montana","5/14/20","5","0","30047","0"
"Lewis and Clark","0","16","Montana","5/14/20","16","0","30049","0"
"Liberty","0","1","Montana","5/14/20","1","0","30051","0"
"Lincoln","0","7","Montana","5/14/20","7","0","30053","0"
"Madison","0","8","Montana","5/14/20","8","0","30057","0"
"Meagher","0","1","Montana","5/14/20","1","0","30059","0"
"Missoula","0","39","Montana","5/14/20","39","0","30063","0"
"Musselshell","0","1","Montana","5/14/20","1","0","30065","0"
"Park","0","8","Montana","5/14/20","8","0","30067","0"
"Pondera","0","2","Montana","5/14/20","2","0","30073","0"
"Ravalli","0","5","Montana","5/14/20","5","0","30081","0"
"Richland","0","3","Montana","5/14/20","3","0","30083","0"
"Roosevelt","0","7","Montana","5/14/20","7","0","30085","0"
"Silver Bow","0","11","Montana","5/14/20","11","0","30093","0"
"Stillwater","0","1","Montana","5/14/20","1","0","30095","0"
"Toole","0","29","Montana","5/14/20","29","0","30101","0"
"Wheatland","0","1","Montana","5/14/20","1","0","30107","0"
"Yellowstone","0","83","Montana","5/14/20","83","0","30111","0"
"Adams","3","238","Nebraska","5/14/20","216","22","31001","10.19"
"Antelope","0","5","Nebraska","5/14/20","4","1","31003","25"
"Boone","0","3","Nebraska","5/14/20","2","1","31011","50"
"Box Butte","0","1","Nebraska","5/14/20","1","0","31013","0"
"Buffalo","2","130","Nebraska","5/14/20","119","11","31019","9.24"
"Burt","0","5","Nebraska","5/14/20","5","0","31021","0"
"Butler","2","27","Nebraska","5/14/20","13","14","31023","107.69"
"Cass","1","15","Nebraska","5/14/20","9","6","31025","66.67"
"Cedar","0","6","Nebraska","5/14/20","5","1","31027","20"
"Cherry","0","1","Nebraska","5/14/20","1","0","31031","0"
"Cheyenne","0","8","Nebraska","5/14/20","7","1","31033","14.29"
"Clay","1","14","Nebraska","5/14/20","10","4","31035","40"
"Colfax","18","467","Nebraska","5/14/20","338","129","31037","38.17"
"Cuming","1","15","Nebraska","5/14/20","10","5","31039","50"
"Custer","0","29","Nebraska","5/14/20","27","2","31041","7.41"
"Dakota","56","1412","Nebraska","5/14/20","1017","395","31043","38.84"
"Dawes","0","1","Nebraska","5/14/20","0","1","31045","1"
"Dawson","11","756","Nebraska","5/14/20","679","77","31047","11.34"
"Dixon","1","25","Nebraska","5/14/20","15","10","31051","66.67"
"Dodge","9","203","Nebraska","5/14/20","138","65","31053","47.1"
"Douglas","106","1960","Nebraska","5/14/20","1221","739","31055","60.52"
"Fillmore","0","4","Nebraska","5/14/20","3","1","31059","33.33"
"Franklin","0","5","Nebraska","5/14/20","5","0","31061","0"
"Frontier","0","1","Nebraska","5/14/20","1","0","31063","0"
"Furnas","0","4","Nebraska","5/14/20","4","0","31065","0"
"Gage","0","41","Nebraska","5/14/20","40","1","31067","2.5"
"Gosper","0","13","Nebraska","5/14/20","12","1","31073","8.33"
"Greeley","0","2","Nebraska","5/14/20","2","0","31077","0"
"Hall","12","1392","Nebraska","5/14/20","1306","86","31079","6.58"
"Hamilton","0","47","Nebraska","5/14/20","45","2","31081","4.44"
"Hitchcock","0","1","Nebraska","5/14/20","1","0","31087","0"
"Holt","0","1","Nebraska","5/14/20","1","0","31089","0"
"Howard","1","28","Nebraska","5/14/20","19","9","31093","47.37"
"Jefferson","0","5","Nebraska","5/14/20","4","1","31095","25"
"Johnson","0","5","Nebraska","5/14/20","4","1","31097","25"
"Kearney","1","10","Nebraska","5/14/20","6","4","31099","66.67"
"Keith","0","2","Nebraska","5/14/20","1","1","31101","100"
"Kimball","0","9","Nebraska","5/14/20","9","0","31105","0"
"Knox","0","6","Nebraska","5/14/20","5","1","31107","20"
"Lancaster","28","701","Nebraska","5/14/20","503","198","31109","39.36"
"Lincoln","0","40","Nebraska","5/14/20","37","3","31111","8.11"
"Madison","6","281","Nebraska","5/14/20","237","44","31119","18.57"
"Merrick","1","26","Nebraska","5/14/20","20","6","31121","30"
"Morrill","0","10","Nebraska","5/14/20","7","3","31123","42.86"
"Nance","0","4","Nebraska","5/14/20","4","0","31125","0"
"Nemaha","0","2","Nebraska","5/14/20","1","1","31127","100"
"Otoe","0","5","Nebraska","5/14/20","3","2","31131","66.67"
"Phelps","0","11","Nebraska","5/14/20","8","3","31137","37.5"
"Pierce","0","1","Nebraska","5/14/20","1","0","31139","0"
"Platte","17","407","Nebraska","5/14/20","286","121","31141","42.31"
"Polk","0","9","Nebraska","5/14/20","9","0","31143","0"
"Red Willow","0","5","Nebraska","5/14/20","5","0","31145","0"
"Richardson","0","1","Nebraska","5/14/20","0","1","31147","1"
"Saline","11","395","Nebraska","5/14/20","320","75","31151","23.44"
"Sarpy","13","291","Nebraska","5/14/20","198","93","31153","46.97"
"Saunders","1","15","Nebraska","5/14/20","10","5","31155","50"
"Scotts Bluff","2","48","Nebraska","5/14/20","35","13","31157","37.14"
"Seward","1","19","Nebraska","5/14/20","15","4","31159","26.67"
"Sherman","0","2","Nebraska","5/14/20","2","0","31163","0"
"Stanton","0","8","Nebraska","5/14/20","8","0","31167","0"
"Thomas","0","1","Nebraska","5/14/20","1","0","31171","0"
"Thurston","1","19","Nebraska","5/14/20","9","10","31173","111.11"
"Valley","0","3","Nebraska","5/14/20","1","2","31175","200"
"Washington","0","24","Nebraska","5/14/20","22","2","31177","9.09"
"Wayne","0","3","Nebraska","5/14/20","1","2","31179","200"
"Webster","0","5","Nebraska","5/14/20","5","0","31181","0"
"York","2","27","Nebraska","5/14/20","15","12","31185","80"
"Carson City","2","63","Nevada","5/14/20","51","12","32510","23.53"
"Churchill","0","5","Nevada","5/14/20","3","2","32001","66.67"
"Clark","67","5045","Nevada","5/14/20","4573","472","32003","10.32"
"Douglas","0","24","Nevada","5/14/20","22","2","32005","9.09"
"Elko","0","18","Nevada","5/14/20","15","3","32007","20"
"Humboldt","2","71","Nevada","5/14/20","58","13","32013","22.41"
"Lander","1","19","Nevada","5/14/20","14","5","32015","35.71"
"Lincoln","0","2","Nevada","5/14/20","1","1","32017","100"
"Lyon","1","46","Nevada","5/14/20","37","9","32019","24.32"
"Mineral","0","4","Nevada","5/14/20","4","0","32021","0"
"Nye","1","49","Nevada","5/14/20","44","5","32023","11.36"
"Storey","0","1","Nevada","5/14/20","0","1","32029","1"
"Washoe","18","1154","Nevada","5/14/20","1030","124","32031","12.04"
"White Pine","0","3","Nevada","5/14/20","3","0","32033","0"
"Belknap","1","49","New Hampshire","5/14/20","42","7","33001","16.67"
"Carroll","1","39","New Hampshire","5/14/20","35","4","33003","11.43"
"Cheshire","1","45","New Hampshire","5/14/20","41","4","33005","9.76"
"Coos","0","2","New Hampshire","5/14/20","2","0","33007","0"
"Grafton","1","59","New Hampshire","5/14/20","55","4","33009","7.27"
"Hillsborough","45","1624","New Hampshire","5/14/20","1308","316","33011","24.16"
"Merrimack","6","261","New Hampshire","5/14/20","220","41","33013","18.64"
"Rockingham","15","1040","New Hampshire","5/14/20","933","107","33015","11.47"
"Strafford","6","215","New Hampshire","5/14/20","172","43","33017","25"
"Sullivan","0","14","New Hampshire","5/14/20","14","0","33019","0"
"Atlantic","50","1649","New Jersey","5/14/20","1302","347","34001","26.65"
"Bergen","67","17080","New Jersey","5/14/20","16609","471","34003","2.84"
"Burlington","59","3782","New Jersey","5/14/20","3367","415","34005","12.33"
"Camden","99","5172","New Jersey","5/14/20","4479","693","34007","15.47"
"Cape May","12","483","New Jersey","5/14/20","401","82","34009","20.45"
"Cumberland","54","1471","New Jersey","5/14/20","1090","381","34011","34.95"
"Essex","99","15905","New Jersey","5/14/20","15215","690","34013","4.53"
"Gloucester","30","1756","New Jersey","5/14/20","1548","208","34015","13.44"
"Hudson","66","17602","New Jersey","5/14/20","17142","460","34017","2.68"
"Hunterdon","11","764","New Jersey","5/14/20","685","79","34019","11.53"
"Mercer","89","5612","New Jersey","5/14/20","4986","626","34021","12.56"
"Middlesex","132","14332","New Jersey","5/14/20","13411","921","34023","6.87"
"Monmouth","74","7164","New Jersey","5/14/20","6649","515","34025","7.75"
"Morris","36","5954","New Jersey","5/14/20","5702","252","34027","4.42"
"Ocean","76","7742","New Jersey","5/14/20","7209","533","34029","7.39"
"Passaic","108","14887","New Jersey","5/14/20","14133","754","34031","5.34"
"Salem","11","438","New Jersey","5/14/20","358","80","34033","22.35"
"Somerset","35","4159","New Jersey","5/14/20","3914","245","34035","6.26"
"Sussex","6","1046","New Jersey","5/14/20","1006","40","34037","3.98"
"Union","86","14385","New Jersey","5/14/20","13781","604","34039","4.38"
"Warren","9","1068","New Jersey","5/14/20","1004","64","34041","6.37"
"Bernalillo","20","1149","New Mexico","5/14/20","1012","137","35001","13.54"
"Catron","0","2","New Mexico","5/14/20","2","0","35003","0"
"Chaves","1","30","New Mexico","5/14/20","26","4","35005","15.38"
"Cibola","3","100","New Mexico","5/14/20","82","18","35006","21.95"
"Colfax","0","5","New Mexico","5/14/20","5","0","35007","0"
"Curry","1","34","New Mexico","5/14/20","26","8","35009","30.77"
"De Baca","0","0","New Mexico","5/14/20","1","-1","35011","-100"
"Dona Ana","9","259","New Mexico","5/14/20","197","62","35013","31.47"
"Eddy","1","17","New Mexico","5/14/20","13","4","35015","30.77"
"Grant","0","16","New Mexico","5/14/20","15","1","35017","6.67"
"Guadalupe","0","17","New Mexico","5/14/20","15","2","35019","13.33"
"Harding","0","1","New Mexico","5/14/20","1","0","35021","0"
"Lea","0","15","New Mexico","5/14/20","14","1","35025","7.14"
"Lincoln","0","2","New Mexico","5/14/20","2","0","35027","0"
"Los Alamos","0","6","New Mexico","5/14/20","6","0","35028","0"
"Luna","0","8","New Mexico","5/14/20","7","1","35029","14.29"
"McKinley","47","1730","New Mexico","5/14/20","1402","328","35031","23.4"
"Otero","0","8","New Mexico","5/14/20","9","-1","35035","-11.11"
"Quay","0","5","New Mexico","5/14/20","4","1","35037","25"
"Rio Arriba","1","30","New Mexico","5/14/20","26","4","35039","15.38"
"Roosevelt","0","14","New Mexico","5/14/20","11","3","35041","27.27"
"San Juan","45","1237","New Mexico","5/14/20","921","316","35045","34.31"
"San Miguel","0","7","New Mexico","5/14/20","4","3","35047","75"
"Sandoval","6","479","New Mexico","5/14/20","439","40","35043","9.11"
"Santa Fe","0","113","New Mexico","5/14/20","110","3","35049","2.73"
"Sierra","0","1","New Mexico","5/14/20","1","0","35051","0"
"Socorro","0","49","New Mexico","5/14/20","48","1","35053","2.08"
"Taos","0","22","New Mexico","5/14/20","20","2","35055","10"
"Torrance","0","18","New Mexico","5/14/20","17","1","35057","5.88"
"Union","0","3","New Mexico","5/14/20","3","0","35059","0"
"Valencia","1","60","New Mexico","5/14/20","54","6","35061","11.11"
"Albany","23","1509","New York","5/14/20","1348","161","36001","11.94"
"Allegany","1","44","New York","5/14/20","35","9","36003","25.71"
"Broome","3","383","New York","5/14/20","360","23","36007","6.39"
"Cattaraugus","1","64","New York","5/14/20","59","5","36009","8.47"
"Cayuga","1","60","New York","5/14/20","52","8","36011","15.38"
"Chautauqua","1","44","New York","5/14/20","40","4","36013","10"
"Chemung","0","132","New York","5/14/20","129","3","36015","2.33"
"Chenango","1","112","New York","5/14/20","105","7","36017","6.67"
"Clinton","2","81","New York","5/14/20","69","12","36019","17.39"
"Columbia","4","327","New York","5/14/20","302","25","36021","8.28"
"Cortland","1","33","New York","5/14/20","29","4","36023","13.79"
"Delaware","1","67","New York","5/14/20","63","4","36025","6.35"
"Dutchess","34","3474","New York","5/14/20","3233","241","36027","7.45"
"Erie","76","4671","New York","5/14/20","4136","535","36029","12.94"
"Essex","0","32","New York","5/14/20","30","2","36031","6.67"
"Franklin","0","17","New York","5/14/20","16","1","36033","6.25"
"Fulton","6","144","New York","5/14/20","101","43","36035","42.57"
"Genesee","1","175","New York","5/14/20","168","7","36037","4.17"
"Greene","1","207","New York","5/14/20","198","9","36039","4.55"
"Hamilton","0","5","New York","5/14/20","5","0","36041","0"
"Herkimer","2","86","New York","5/14/20","74","12","36043","16.22"
"Jefferson","1","69","New York","5/14/20","64","5","36045","7.81"
"Lewis","0","12","New York","5/14/20","10","2","36049","20"
"Livingston","2","106","New York","5/14/20","95","11","36051","11.58"
"Madison","1","255","New York","5/14/20","246","9","36053","3.66"
"Monroe","47","2019","New York","5/14/20","1688","331","36055","19.61"
"Montgomery","1","69","New York","5/14/20","63","6","36057","9.52"
"Nassau","164","38743","New York","5/14/20","37593","1150","36059","3.06"
"New York","1190","188545","New York","5/14/20","180216","8329","36061","4.62"
"Niagara","17","710","New York","5/14/20","588","122","36063","20.75"
"Oneida","13","698","New York","5/14/20","609","89","36065","14.61"
"Onondaga","44","1423","New York","5/14/20","1115","308","36067","27.62"
"Ontario","4","129","New York","5/14/20","101","28","36069","27.72"
"Orange","63","9771","New York","5/14/20","9328","443","36071","4.75"
"Orleans","5","145","New York","5/14/20","108","37","36073","34.26"
"Oswego","1","78","New York","5/14/20","70","8","36075","11.43"
"Otsego","0","67","New York","5/14/20","67","0","36077","0"
"Putnam","7","1115","New York","5/14/20","1066","49","36079","4.6"
"Rensselaer","8","423","New York","5/14/20","367","56","36083","15.26"
"Rockland","45","12596","New York","5/14/20","12280","316","36087","2.57"
"Saratoga","6","415","New York","5/14/20","374","41","36091","10.96"
"Schenectady","7","597","New York","5/14/20","551","46","36093","8.35"
"Schoharie","0","47","New York","5/14/20","45","2","36095","4.44"
"Schuyler","0","8","New York","5/14/20","7","1","36097","14.29"
"Seneca","0","49","New York","5/14/20","46","3","36099","6.52"
"St. Lawrence","2","192","New York","5/14/20","181","11","36089","6.08"
"Steuben","1","230","New York","5/14/20","224","6","36101","2.68"
"Suffolk","236","37544","New York","5/14/20","35892","1652","36103","4.6"
"Sullivan","21","1168","New York","5/14/20","1021","147","36105","14.4"
"Tioga","2","108","New York","5/14/20","97","11","36107","11.34"
"Tompkins","1","136","New York","5/14/20","130","6","36109","4.62"
"Ulster","11","1495","New York","5/14/20","1416","79","36111","5.58"
"Warren","5","227","New York","5/14/20","193","34","36113","17.62"
"Washington","4","215","New York","5/14/20","190","25","36115","13.16"
"Wayne","2","89","New York","5/14/20","78","11","36117","14.1"
"Westchester","155","31792","New York","5/14/20","30708","1084","36119","3.53"
"Wyoming","1","77","New York","5/14/20","71","6","36121","8.45"
"Yates","0","22","New York","5/14/20","19","3","36123","15.79"
"Alamance","8","196","North Carolina","5/14/20","143","53","37001","37.06"
"Alexander","1","15","North Carolina","5/14/20","8","7","37003","87.5"
"Alleghany","0","10","North Carolina","5/14/20","7","3","37005","42.86"
"Anson","1","41","North Carolina","5/14/20","33","8","37007","24.24"
"Ashe","2","17","North Carolina","5/14/20","6","11","37009","183.33"
"Beaufort","1","27","North Carolina","5/14/20","22","5","37013","22.73"
"Bertie","2","74","North Carolina","5/14/20","57","17","37015","29.82"
"Bladen","3","66","North Carolina","5/14/20","45","21","37017","46.67"
"Brunswick","0","51","North Carolina","5/14/20","50","1","37019","2"
"Buncombe","4","116","North Carolina","5/14/20","88","28","37021","31.82"
"Burke","7","175","North Carolina","5/14/20","126","49","37023","38.89"
"Cabarrus","5","371","North Carolina","5/14/20","333","38","37025","11.41"
"Caldwell","4","75","North Carolina","5/14/20","50","25","37027","50"
"Camden","0","2","North Carolina","5/14/20","2","0","37029","0"
"Carteret","1","36","North Carolina","5/14/20","29","7","37031","24.14"
"Caswell","1","42","North Carolina","5/14/20","38","4","37033","10.53"
"Catawba","4","96","North Carolina","5/14/20","65","31","37035","47.69"
"Chatham","10","490","North Carolina","5/14/20","421","69","37037","16.39"
"Cherokee","1","27","North Carolina","5/14/20","19","8","37039","42.11"
"Chowan","1","12","North Carolina","5/14/20","7","5","37041","71.43"
"Clay","0","8","North Carolina","5/14/20","6","2","37043","33.33"
"Cleveland","0","53","North Carolina","5/14/20","50","3","37045","6"
"Columbus","6","229","North Carolina","5/14/20","184","45","37047","24.46"
"Craven","5","79","North Carolina","5/14/20","46","33","37049","71.74"
"Cumberland","10","426","North Carolina","5/14/20","356","70","37051","19.66"
"Currituck","1","11","North Carolina","5/14/20","7","4","37053","57.14"
"Dare","0","21","North Carolina","5/14/20","18","3","37055","16.67"
"Davidson","9","256","North Carolina","5/14/20","191","65","37057","34.03"
"Davie","1","41","North Carolina","5/14/20","31","10","37059","32.26"
"Duplin","21","305","North Carolina","5/14/20","161","144","37061","89.44"
"Durham","15","949","North Carolina","5/14/20","841","108","37063","12.84"
"Edgecombe","3","161","North Carolina","5/14/20","137","24","37065","17.52"
"Forsyth","32","555","North Carolina","5/14/20","332","223","37067","67.17"
"Franklin","1","121","North Carolina","5/14/20","111","10","37069","9.01"
"Gaston","6","201","North Carolina","5/14/20","157","44","37071","28.03"
"Gates","0","12","North Carolina","5/14/20","10","2","37073","20"
"Graham","0","2","North Carolina","5/14/20","2","0","37075","0"
"Granville","2","181","North Carolina","5/14/20","164","17","37077","10.37"
"Greene","1","40","North Carolina","5/14/20","33","7","37079","21.21"
"Guilford","26","720","North Carolina","5/14/20","536","184","37081","34.33"
"Halifax","4","107","North Carolina","5/14/20","77","30","37083","38.96"
"Harnett","5","235","North Carolina","5/14/20","199","36","37085","18.09"
"Haywood","0","19","North Carolina","5/14/20","18","1","37087","5.56"
"Henderson","7","262","North Carolina","5/14/20","216","46","37089","21.3"
"Hertford","1","51","North Carolina","5/14/20","46","5","37091","10.87"
"Hoke","3","134","North Carolina","5/14/20","113","21","37093","18.58"
"Hyde","0","1","North Carolina","5/14/20","1","0","37095","0"
"Iredell","4","168","North Carolina","5/14/20","138","30","37097","21.74"
"Jackson","0","23","North Carolina","5/14/20","20","3","37099","15"
"Johnston","6","228","North Carolina","5/14/20","189","39","37101","20.63"
"Jones","0","21","North Carolina","5/14/20","19","2","37103","10.53"
"Lee","10","299","North Carolina","5/14/20","229","70","37105","30.57"
"Lenoir","6","141","North Carolina","5/14/20","97","44","37107","45.36"
"Lincoln","1","44","North Carolina","5/14/20","37","7","37109","18.92"
"Macon","0","3","North Carolina","5/14/20","3","0","37113","0"
"Madison","0","1","North Carolina","5/14/20","1","0","37115","0"
"Martin","1","34","North Carolina","5/14/20","27","7","37117","25.93"
"McDowell","0","30","North Carolina","5/14/20","28","2","37111","7.14"
"Mecklenburg","60","2342","North Carolina","5/14/20","1922","420","37119","21.85"
"Mitchell","0","5","North Carolina","5/14/20","5","0","37121","0"
"Montgomery","1","47","North Carolina","5/14/20","43","4","37123","9.3"
"Moore","2","164","North Carolina","5/14/20","148","16","37125","10.81"
"Nash","6","146","North Carolina","5/14/20","107","39","37127","36.45"
"New Hanover","4","124","North Carolina","5/14/20","97","27","37129","27.84"
"Northampton","4","128","North Carolina","5/14/20","102","26","37131","25.49"
"Onslow","1","63","North Carolina","5/14/20","53","10","37133","18.87"
"Orange","3","263","North Carolina","5/14/20","239","24","37135","10.04"
"Pamlico","0","8","North Carolina","5/14/20","8","0","37137","0"
"Pasquotank","6","81","North Carolina","5/14/20","39","42","37139","107.69"
"Pender","3","43","North Carolina","5/14/20","20","23","37141","115"
"Perquimans","1","20","North Carolina","5/14/20","14","6","37143","42.86"
"Person","1","32","North Carolina","5/14/20","27","5","37145","18.52"
"Pitt","5","185","North Carolina","5/14/20","152","33","37147","21.71"
"Polk","0","32","North Carolina","5/14/20","30","2","37149","6.67"
"Randolph","17","407","North Carolina","5/14/20","290","117","37151","40.34"
"Richmond","3","103","North Carolina","5/14/20","80","23","37153","28.75"
"Robeson","28","519","North Carolina","5/14/20","323","196","37155","60.68"
"Rockingham","1","44","North Carolina","5/14/20","36","8","37157","22.22"
"Rowan","8","510","North Carolina","5/14/20","452","58","37159","12.83"
"Rutherford","1","154","North Carolina","5/14/20","148","6","37161","4.05"
"Sampson","12","211","North Carolina","5/14/20","126","85","37163","67.46"
"Scotland","2","46","North Carolina","5/14/20","34","12","37165","35.29"
"Stanly","0","32","North Carolina","5/14/20","30","2","37167","6.67"
"Stokes","2","22","North Carolina","5/14/20","11","11","37169","100"
"Surry","5","62","North Carolina","5/14/20","26","36","37171","138.46"
"Swain","0","5","North Carolina","5/14/20","5","0","37173","0"
"Transylvania","0","7","North Carolina","5/14/20","8","-1","37175","-12.5"
"Tyrrell","0","4","North Carolina","5/14/20","4","0","37177","0"
"Union","5","320","North Carolina","5/14/20","283","37","37179","13.07"
"Vance","4","175","North Carolina","5/14/20","147","28","37181","19.05"
"Wake","22","1132","North Carolina","5/14/20","981","151","37183","15.39"
"Warren","1","25","North Carolina","5/14/20","19","6","37185","31.58"
"Washington","0","26","North Carolina","5/14/20","25","1","37187","4"
"Watauga","0","9","North Carolina","5/14/20","9","0","37189","0"
"Wayne","11","775","North Carolina","5/14/20","699","76","37191","10.87"
"Wilkes","13","277","North Carolina","5/14/20","186","91","37193","48.92"
"Wilson","4","221","North Carolina","5/14/20","192","29","37195","15.1"
"Yadkin","7","80","North Carolina","5/14/20","33","47","37197","142.42"
"Yancey","0","8","North Carolina","5/14/20","7","1","37199","14.29"
"Barnes","0","4","North Dakota","5/14/20","4","0","38003","0"
"Benson","0","1","North Dakota","5/14/20","2","-1","38005","-50"
"Bowman","0","1","North Dakota","5/14/20","1","0","38011","0"
"Burke","0","5","North Dakota","5/14/20","5","0","38013","0"
"Burleigh","1","107","North Dakota","5/14/20","102","5","38015","4.9"
"Cass","40","991","North Dakota","5/14/20","709","282","38017","39.77"
"Divide","0","1","North Dakota","5/14/20","1","0","38023","0"
"Dunn","0","11","North Dakota","5/14/20","11","0","38025","0"
"Eddy","0","2","North Dakota","5/14/20","1","1","38027","100"
"Emmons","0","1","North Dakota","5/14/20","1","0","38029","0"
"Foster","0","1","North Dakota","5/14/20","1","0","38031","0"
"Grand Forks","4","304","North Dakota","5/14/20","275","29","38035","10.55"
"Grant","0","2","North Dakota","5/14/20","1","1","38037","100"
"McHenry","0","2","North Dakota","5/14/20","1","1","38049","100"
"McIntosh","0","1","North Dakota","5/14/20","1","0","38051","0"
"McKenzie","0","15","North Dakota","5/14/20","15","0","38053","0"
"McLean","0","5","North Dakota","5/14/20","5","0","38055","0"
"Mercer","0","4","North Dakota","5/14/20","3","1","38057","33.33"
"Morton","0","37","North Dakota","5/14/20","35","2","38059","5.71"
"Mountrail","0","38","North Dakota","5/14/20","35","3","38061","8.57"
"Nelson","0","1","North Dakota","5/14/20","1","0","38063","0"
"Oliver","0","1","North Dakota","5/14/20","1","0","38065","0"
"Pembina","0","6","North Dakota","5/14/20","5","1","38067","20"
"Pierce","0","3","North Dakota","5/14/20","3","0","38069","0"
"Ramsey","0","7","North Dakota","5/14/20","5","2","38071","40"
"Ransom","0","3","North Dakota","5/14/20","2","1","38073","50"
"Renville","0","1","North Dakota","5/14/20","1","0","38075","0"
"Richland","0","9","North Dakota","5/14/20","8","1","38077","12.5"
"Rolette","0","3","North Dakota","5/14/20","2","1","38079","50"
"Sargent","0","3","North Dakota","5/14/20","3","0","38081","0"
"Sioux","0","1","North Dakota","5/14/20","1","0","38085","0"
"Slope","0","3","North Dakota","5/14/20","3","0","38087","0"
"Stark","0","61","North Dakota","5/14/20","60","1","38089","1.67"
"Stutsman","1","16","North Dakota","5/14/20","12","4","38093","33.33"
"Traill","0","1","North Dakota","5/14/20","1","0","38097","0"
"Walsh","0","9","North Dakota","5/14/20","8","1","38099","12.5"
"Ward","0","28","North Dakota","5/14/20","26","2","38101","7.69"
"Wells","0","2","North Dakota","5/14/20","2","0","38103","0"
"Williams","0","21","North Dakota","5/14/20","18","3","38105","16.67"
"","1","19","Northern Mariana Islands","5/14/20","15","4",,"26.67"
"Adams","0","7","Ohio","5/14/20","5","2","39001","40"
"Allen","4","164","Ohio","5/14/20","138","26","39003","18.84"
"Ashland","0","15","Ohio","5/14/20","12","3","39005","25"
"Ashtabula","6","212","Ohio","5/14/20","169","43","39007","25.44"
"Athens","0","6","Ohio","5/14/20","4","2","39009","50"
"Auglaize","2","51","Ohio","5/14/20","36","15","39011","41.67"
"Belmont","13","296","Ohio","5/14/20","205","91","39013","44.39"
"Brown","1","21","Ohio","5/14/20","16","5","39015","31.25"
"Butler","24","542","Ohio","5/14/20","372","170","39017","45.7"
"Carroll","0","24","Ohio","5/14/20","21","3","39019","14.29"
"Champaign","1","20","Ohio","5/14/20","16","4","39021","25"
"Clark","7","122","Ohio","5/14/20","74","48","39023","64.86"
"Clermont","4","136","Ohio","5/14/20","110","26","39025","23.64"
"Clinton","1","37","Ohio","5/14/20","32","5","39027","15.62"
"Columbiana","8","367","Ohio","5/14/20","311","56","39029","18.01"
"Coshocton","0","19","Ohio","5/14/20","18","1","39031","5.56"
"Crawford","3","89","Ohio","5/14/20","65","24","39033","36.92"
"Cuyahoga","68","3066","Ohio","5/14/20","2591","475","39035","18.33"
"Darke","2","95","Ohio","5/14/20","79","16","39037","20.25"
"Defiance","1","25","Ohio","5/14/20","21","4","39039","19.05"
"Delaware","6","240","Ohio","5/14/20","196","44","39041","22.45"
"Erie","2","86","Ohio","5/14/20","75","11","39043","14.67"
"Fairfield","5","198","Ohio","5/14/20","162","36","39045","22.22"
"Fayette","0","23","Ohio","5/14/20","23","0","39047","0"
"Franklin","121","4227","Ohio","5/14/20","3377","850","39049","25.17"
"Fulton","0","32","Ohio","5/14/20","30","2","39051","6.67"
"Gallia","0","6","Ohio","5/14/20","6","0","39053","0"
"Geauga","3","206","Ohio","5/14/20","184","22","39055","11.96"
"Greene","3","70","Ohio","5/14/20","52","18","39057","34.62"
"Guernsey","0","22","Ohio","5/14/20","20","2","39059","10"
"Hamilton","51","1927","Ohio","5/14/20","1572","355","39061","22.58"
"Hancock","0","42","Ohio","5/14/20","39","3","39063","7.69"
"Hardin","1","30","Ohio","5/14/20","26","4","39065","15.38"
"Harrison","0","8","Ohio","5/14/20","6","2","39067","33.33"
"Henry","1","10","Ohio","5/14/20","6","4","39069","66.67"
"Highland","0","14","Ohio","5/14/20","11","3","39071","27.27"
"Hocking","1","29","Ohio","5/14/20","20","9","39073","45"
"Holmes","0","10","Ohio","5/14/20","7","3","39075","42.86"
"Huron","1","40","Ohio","5/14/20","34","6","39077","17.65"
"Jackson","0","9","Ohio","5/14/20","7","2","39079","28.57"
"Jefferson","1","58","Ohio","5/14/20","49","9","39081","18.37"
"Knox","0","20","Ohio","5/14/20","20","0","39083","0"
"Lake","3","210","Ohio","5/14/20","187","23","39085","12.3"
"Lawrence","0","27","Ohio","5/14/20","24","3","39087","12.5"
"Licking","5","180","Ohio","5/14/20","146","34","39089","23.29"
"Logan","0","23","Ohio","5/14/20","23","0","39091","0"
"Lorain","7","576","Ohio","5/14/20","528","48","39093","9.09"
"Lucas","43","1883","Ohio","5/14/20","1583","300","39095","18.95"
"Madison","3","93","Ohio","5/14/20","73","20","39097","27.4"
"Mahoning","19","1174","Ohio","5/14/20","1044","130","39099","12.45"
"Marion","12","2431","Ohio","5/14/20","2350","81","39101","3.45"
"Medina","3","207","Ohio","5/14/20","185","22","39103","11.89"
"Meigs","0","3","Ohio","5/14/20","3","0","39105","0"
"Mercer","10","109","Ohio","5/14/20","42","67","39107","159.52"
"Miami","25","317","Ohio","5/14/20","145","172","39109","118.62"
"Monroe","3","28","Ohio","5/14/20","5","23","39111","460"
"Montgomery","18","468","Ohio","5/14/20","345","123","39113","35.65"
"Morgan","0","5","Ohio","5/14/20","5","0","39115","0"
"Morrow","1","93","Ohio","5/14/20","83","10","39117","12.05"
"Muskingum","1","31","Ohio","5/14/20","23","8","39119","34.78"
"Noble","0","5","Ohio","5/14/20","5","0","39121","0"
"Ottawa","2","56","Ohio","5/14/20","44","12","39123","27.27"
"Paulding","0","10","Ohio","5/14/20","8","2","39125","25"
"Perry","0","15","Ohio","5/14/20","13","2","39127","15.38"
"Pickaway","21","1990","Ohio","5/14/20","1841","149","39129","8.09"
"Pike","0","5","Ohio","5/14/20","4","1","39131","25"
"Portage","3","284","Ohio","5/14/20","265","19","39133","7.17"
"Preble","0","28","Ohio","5/14/20","27","1","39135","3.7"
"Putnam","1","77","Ohio","5/14/20","73","4","39137","5.48"
"Richland","7","143","Ohio","5/14/20","94","49","39139","52.13"
"Ross","2","56","Ohio","5/14/20","44","12","39141","27.27"
"Sandusky","2","54","Ohio","5/14/20","41","13","39143","31.71"
"Scioto","0","13","Ohio","5/14/20","15","-2","39145","-13.33"
"Seneca","0","15","Ohio","5/14/20","14","1","39147","7.14"
"Shelby","0","34","Ohio","5/14/20","31","3","39149","9.68"
"Stark","13","538","Ohio","5/14/20","450","88","39151","19.56"
"Summit","21","976","Ohio","5/14/20","831","145","39153","17.45"
"Trumbull","9","432","Ohio","5/14/20","371","61","39155","16.44"
"Tuscarawas","12","235","Ohio","5/14/20","153","82","39157","53.59"
"Union","0","28","Ohio","5/14/20","28","0","39159","0"
"Van Wert","0","3","Ohio","5/14/20","3","0","39161","0"
"Vinton","1","15","Ohio","5/14/20","9","6","39163","66.67"
"Warren","9","252","Ohio","5/14/20","188","64","39165","34.04"
"Washington","1","116","Ohio","5/14/20","111","5","39167","4.5"
"Wayne","2","194","Ohio","5/14/20","177","17","39169","9.6"
"Williams","0","44","Ohio","5/14/20","43","1","39171","2.33"
"Wood","3","233","Ohio","5/14/20","212","21","39173","9.91"
"Wyandot","0","27","Ohio","5/14/20","25","2","39175","8"
"Adair","1","74","Oklahoma","5/14/20","69","5","40001","7.25"
"Alfalfa","0","1","Oklahoma","5/14/20","1","0","40003","0"
"Atoka","0","1","Oklahoma","5/14/20","1","0","40005","0"
"Beaver","0","20","Oklahoma","5/14/20","17","3","40007","17.65"
"Beckham","0","6","Oklahoma","5/14/20","6","0","40009","0"
"Blaine","0","1","Oklahoma","5/14/20","2","-1","40011","-50"
"Bryan","0","12","Oklahoma","5/14/20","12","0","40013","0"
"Caddo","3","110","Oklahoma","5/14/20","89","21","40015","23.6"
"Canadian","1","116","Oklahoma","5/14/20","107","9","40017","8.41"
"Carter","0","7","Oklahoma","5/14/20","6","1","40019","16.67"
"Cherokee","0","29","Oklahoma","5/14/20","29","0","40021","0"
"Choctaw","0","3","Oklahoma","5/14/20","3","0","40023","0"
"Cimarron","0","1","Oklahoma","5/14/20","1","0","40025","0"
"Cleveland","1","458","Oklahoma","5/14/20","448","10","40027","2.23"
"Comanche","12","197","Oklahoma","5/14/20","115","82","40031","71.3"
"Cotton","0","5","Oklahoma","5/14/20","5","0","40033","0"
"Craig","0","13","Oklahoma","5/14/20","13","0","40035","0"
"Creek","0","83","Oklahoma","5/14/20","82","1","40037","1.22"
"Custer","0","12","Oklahoma","5/14/20","11","1","40039","9.09"
"Delaware","0","93","Oklahoma","5/14/20","92","1","40041","1.09"
"Dewey","0","2","Oklahoma","5/14/20","2","0","40043","0"
"Garfield","0","22","Oklahoma","5/14/20","21","1","40047","4.76"
"Garvin","0","15","Oklahoma","5/14/20","14","1","40049","7.14"
"Grady","2","58","Oklahoma","5/14/20","41","17","40051","41.46"
"Grant","0","2","Oklahoma","5/14/20","2","0","40053","0"
"Greer","0","66","Oklahoma","5/14/20","65","1","40055","1.54"
"Harper","0","1","Oklahoma","5/14/20","1","0","40059","0"
"Haskell","0","5","Oklahoma","5/14/20","5","0","40061","0"
"Jackson","0","21","Oklahoma","5/14/20","19","2","40065","10.53"
"Jefferson","0","3","Oklahoma","5/14/20","2","1","40067","50"
"Johnston","0","3","Oklahoma","5/14/20","3","0","40069","0"
"Kay","0","49","Oklahoma","5/14/20","48","1","40071","2.08"
"Kingfisher","0","10","Oklahoma","5/14/20","8","2","40073","25"
"Kiowa","0","6","Oklahoma","5/14/20","5","1","40075","20"
"Latimer","0","5","Oklahoma","5/14/20","5","0","40077","0"
"Le Flore","0","14","Oklahoma","5/14/20","13","1","40079","7.69"
"Lincoln","0","17","Oklahoma","5/14/20","16","1","40081","6.25"
"Logan","0","18","Oklahoma","5/14/20","18","0","40083","0"
"Love","0","3","Oklahoma","5/14/20","3","0","40085","0"
"Major","0","6","Oklahoma","5/14/20","4","2","40093","50"
"Marshall","0","2","Oklahoma","5/14/20","2","0","40095","0"
"Mayes","0","26","Oklahoma","5/14/20","24","2","40097","8.33"
"McClain","0","86","Oklahoma","5/14/20","84","2","40087","2.38"
"McCurtain","0","9","Oklahoma","5/14/20","8","1","40089","12.5"
"McIntosh","0","5","Oklahoma","5/14/20","4","1","40091","25"
"Murray","0","2","Oklahoma","5/14/20","2","0","40099","0"
"Muskogee","0","30","Oklahoma","5/14/20","28","2","40101","7.14"
"Noble","0","7","Oklahoma","5/14/20","7","0","40103","0"
"Nowata","0","23","Oklahoma","5/14/20","21","2","40105","9.52"
"Okfuskee","0","2","Oklahoma","5/14/20","1","1","40107","100"
"Oklahoma","17","1013","Oklahoma","5/14/20","895","118","40109","13.18"
"Okmulgee","0","16","Oklahoma","5/14/20","17","-1","40111","-5.88"
"Osage","1","90","Oklahoma","5/14/20","82","8","40113","9.76"
"Ottawa","0","34","Oklahoma","5/14/20","34","0","40115","0"
"Pawnee","0","29","Oklahoma","5/14/20","29","0","40117","0"
"Payne","0","44","Oklahoma","5/14/20","44","0","40119","0"
"Pittsburg","0","39","Oklahoma","5/14/20","39","0","40121","0"
"Pontotoc","0","10","Oklahoma","5/14/20","10","0","40123","0"
"Pottawatomie","0","55","Oklahoma","5/14/20","53","2","40125","3.77"
"Pushmataha","0","1","Oklahoma","5/14/20","1","0","40127","0"
"Rogers","0","72","Oklahoma","5/14/20","69","3","40131","4.35"
"Seminole","0","21","Oklahoma","5/14/20","19","2","40133","10.53"
"Sequoyah","0","14","Oklahoma","5/14/20","13","1","40135","7.69"
"Stephens","0","22","Oklahoma","5/14/20","22","0","40137","0"
"Texas","33","541","Oklahoma","5/14/20","308","233","40139","75.65"
"Tillman","1","21","Oklahoma","5/14/20","16","5","40141","31.25"
"Tulsa","10","743","Oklahoma","5/14/20","676","67","40143","9.91"
"Wagoner","1","131","Oklahoma","5/14/20","125","6","40145","4.8"
"Washington","2","301","Oklahoma","5/14/20","289","12","40147","4.15"
"Washita","0","1","Oklahoma","5/14/20","0","1","40149","1"
"Woods","0","3","Oklahoma","5/14/20","3","0","40151","0"
"Woodward","0","1","Oklahoma","5/14/20","1","0","40153","0"
"Baker","0","1","Oregon","5/14/20","1","0","41001","0"
"Benton","1","50","Oregon","5/14/20","44","6","41003","13.64"
"Clackamas","4","271","Oregon","5/14/20","241","30","41005","12.45"
"Clatsop","3","36","Oregon","5/14/20","18","18","41007","100"
"Columbia","0","16","Oregon","5/14/20","15","1","41009","6.67"
"Coos","0","30","Oregon","5/14/20","29","1","41011","3.45"
"Crook","0","1","Oregon","5/14/20","1","0","41013","0"
"Curry","0","4","Oregon","5/14/20","4","0","41015","0"
"Deschutes","1","91","Oregon","5/14/20","83","8","41017","9.64"
"Douglas","0","24","Oregon","5/14/20","24","0","41019","0"
"Grant","0","1","Oregon","5/14/20","1","0","41023","0"
"Harney","0","1","Oregon","5/14/20","1","0","41025","0"
"Hood River","0","14","Oregon","5/14/20","11","3","41027","27.27"
"Jackson","0","50","Oregon","5/14/20","49","1","41029","2.04"
"Jefferson","0","24","Oregon","5/14/20","22","2","41031","9.09"
"Josephine","0","25","Oregon","5/14/20","24","1","41033","4.17"
"Klamath","0","41","Oregon","5/14/20","39","2","41035","5.13"
"Lane","1","61","Oregon","5/14/20","57","4","41039","7.02"
"Lincoln","0","6","Oregon","5/14/20","6","0","41041","0"
"Linn","1","107","Oregon","5/14/20","99","8","41043","8.08"
"Malheur","0","16","Oregon","5/14/20","13","3","41045","23.08"
"Marion","24","779","Oregon","5/14/20","613","166","41047","27.08"
"Morrow","0","12","Oregon","5/14/20","11","1","41049","9.09"
"Multnomah","19","940","Oregon","5/14/20","809","131","41051","16.19"
"Polk","2","91","Oregon","5/14/20","78","13","41053","16.67"
"Sherman","0","1","Oregon","5/14/20","1","0","41055","0"
"Tillamook","0","6","Oregon","5/14/20","6","0","41057","0"
"Umatilla","2","88","Oregon","5/14/20","77","11","41059","14.29"
"Union","0","4","Oregon","5/14/20","4","0","41061","0"
"Wallowa","0","1","Oregon","5/14/20","1","0","41063","0"
"Wasco","0","16","Oregon","5/14/20","14","2","41065","14.29"
"Washington","10","616","Oregon","5/14/20","548","68","41067","12.41"
"Yamhill","1","55","Oregon","5/14/20","45","10","41071","22.22"
"Adams","3","174","Pennsylvania","5/14/20","151","23","42001","15.23"
"Allegheny","16","1551","Pennsylvania","5/14/20","1439","112","42003","7.78"
"Armstrong","0","56","Pennsylvania","5/14/20","55","1","42005","1.82"
"Beaver","6","512","Pennsylvania","5/14/20","472","40","42007","8.47"
"Bedford","0","30","Pennsylvania","5/14/20","27","3","42009","11.11"
"Berks","62","3530","Pennsylvania","5/14/20","3095","435","42011","14.05"
"Blair","1","32","Pennsylvania","5/14/20","28","4","42013","14.29"
"Bradford","1","41","Pennsylvania","5/14/20","36","5","42015","13.89"
"Bucks","91","4248","Pennsylvania","5/14/20","3613","635","42017","17.58"
"Butler","1","199","Pennsylvania","5/14/20","190","9","42019","4.74"
"Cambria","1","45","Pennsylvania","5/14/20","37","8","42021","21.62"
"Cameron","0","2","Pennsylvania","5/14/20","2","0","42023","0"
"Carbon","2","206","Pennsylvania","5/14/20","189","17","42025","8.99"
"Centre","2","128","Pennsylvania","5/14/20","116","12","42027","10.34"
"Chester","48","2008","Pennsylvania","5/14/20","1673","335","42029","20.02"
"Clarion","0","24","Pennsylvania","5/14/20","23","1","42031","4.35"
"Clearfield","2","33","Pennsylvania","5/14/20","22","11","42033","50"
"Clinton","1","43","Pennsylvania","5/14/20","35","8","42035","22.86"
"Columbia","4","333","Pennsylvania","5/14/20","306","27","42037","8.82"
"Crawford","0","21","Pennsylvania","5/14/20","20","1","42039","5"
"Cumberland","11","477","Pennsylvania","5/14/20","403","74","42041","18.36"
"Dauphin","23","895","Pennsylvania","5/14/20","735","160","42043","21.77"
"Delaware","108","5252","Pennsylvania","5/14/20","4497","755","42045","16.79"
"Elk","0","6","Pennsylvania","5/14/20","5","1","42047","20"
"Erie","4","127","Pennsylvania","5/14/20","101","26","42049","25.74"
"Fayette","0","87","Pennsylvania","5/14/20","84","3","42051","3.57"
"Forest","0","7","Pennsylvania","5/14/20","7","0","42053","0"
"Franklin","20","563","Pennsylvania","5/14/20","425","138","42055","32.47"
"Fulton","1","11","Pennsylvania","5/14/20","7","4","42057","57.14"
"Greene","0","27","Pennsylvania","5/14/20","27","0","42059","0"
"Huntingdon","13","200","Pennsylvania","5/14/20","109","91","42061","83.49"
"Indiana","1","82","Pennsylvania","5/14/20","75","7","42063","9.33"
"Jefferson","0","7","Pennsylvania","5/14/20","7","0","42065","0"
"Juniata","0","94","Pennsylvania","5/14/20","92","2","42067","2.17"
"Lackawanna","23","1256","Pennsylvania","5/14/20","1093","163","42069","14.91"
"Lancaster","42","2364","Pennsylvania","5/14/20","2070","294","42071","14.2"
"Lawrence","0","71","Pennsylvania","5/14/20","69","2","42073","2.9"
"Lebanon","10","856","Pennsylvania","5/14/20","785","71","42075","9.04"
"Lehigh","39","3378","Pennsylvania","5/14/20","3102","276","42077","8.9"
"Luzerne","21","2477","Pennsylvania","5/14/20","2332","145","42079","6.22"
"Lycoming","6","139","Pennsylvania","5/14/20","99","40","42081","40.4"
"McKean","0","8","Pennsylvania","5/14/20","6","2","42083","33.33"
"Mercer","2","81","Pennsylvania","5/14/20","70","11","42085","15.71"
"Mifflin","1","54","Pennsylvania","5/14/20","48","6","42087","12.5"
"Monroe","7","1240","Pennsylvania","5/14/20","1194","46","42089","3.85"
"Montgomery","95","5583","Pennsylvania","5/14/20","4915","668","42091","13.59"
"Montour","0","50","Pennsylvania","5/14/20","50","0","42093","0"
"Northampton","30","2566","Pennsylvania","5/14/20","2355","211","42095","8.96"
"Northumberland","3","132","Pennsylvania","5/14/20","112","20","42097","17.86"
"Perry","0","36","Pennsylvania","5/14/20","34","2","42099","5.88"
"Philadelphia","292","19093","Pennsylvania","5/14/20","17047","2046","42101","12"
"Pike","5","454","Pennsylvania","5/14/20","419","35","42103","8.35"
"Potter","0","4","Pennsylvania","5/14/20","4","0","42105","0"
"Schuylkill","10","490","Pennsylvania","5/14/20","422","68","42107","16.11"
"Snyder","0","33","Pennsylvania","5/14/20","33","0","42109","0"
"Somerset","0","32","Pennsylvania","5/14/20","32","0","42111","0"
"Sullivan","0","1","Pennsylvania","5/14/20","1","0","42113","0"
"Susquehanna","-1","82","Pennsylvania","5/14/20","86","-4","42115","-4.65"
"Tioga","0","16","Pennsylvania","5/14/20","16","0","42117","0"
"Union","0","43","Pennsylvania","5/14/20","40","3","42119","7.5"
"Venango","0","7","Pennsylvania","5/14/20","7","0","42121","0"
"Warren","0","2","Pennsylvania","5/14/20","1","1","42123","100"
"Washington","1","129","Pennsylvania","5/14/20","120","9","42125","7.5"
"Wayne","-1","107","Pennsylvania","5/14/20","113","-6","42127","-5.31"
"Westmoreland","2","422","Pennsylvania","5/14/20","411","11","42129","2.68"
"Wyoming","1","31","Pennsylvania","5/14/20","27","4","42131","14.81"
"York","11","817","Pennsylvania","5/14/20","740","77","42133","10.41"
"","57","2427","Puerto Rico","5/14/20","2031","396",,"19.5"
"Bristol","3","172","Rhode Island","5/14/20","154","18","44001","11.69"
"Kent","26","883","Rhode Island","5/14/20","703","180","44003","25.6"
"Newport","5","197","Rhode Island","5/14/20","161","36","44005","22.36"
"Providence","282","9112","Rhode Island","5/14/20","7138","1974","44007","27.65"
"Washington","9","425","Rhode Island","5/14/20","363","62","44009","17.08"
"Abbeville","0","34","South Carolina","5/14/20","34","0","45001","0"
"Aiken","4","135","South Carolina","5/14/20","109","26","45003","23.85"
"Allendale","1","29","South Carolina","5/14/20","19","10","45005","52.63"
"Anderson","3","201","South Carolina","5/14/20","182","19","45007","10.44"
"Bamberg","0","16","South Carolina","5/14/20","14","2","45009","14.29"
"Barnwell","1","36","South Carolina","5/14/20","29","7","45011","24.14"
"Beaufort","2","284","South Carolina","5/14/20","269","15","45013","5.58"
"Berkeley","1","199","South Carolina","5/14/20","189","10","45015","5.29"
"Calhoun","0","9","South Carolina","5/14/20","7","2","45017","28.57"
"Charleston","3","491","South Carolina","5/14/20","467","24","45019","5.14"
"Cherokee","0","22","South Carolina","5/14/20","21","1","45021","4.76"
"Chester","1","39","South Carolina","5/14/20","35","4","45023","11.43"
"Chesterfield","3","90","South Carolina","5/14/20","69","21","45025","30.43"
"Clarendon","2","266","South Carolina","5/14/20","253","13","45027","5.14"
"Colleton","1","41","South Carolina","5/14/20","32","9","45029","28.12"
"Darlington","3","181","South Carolina","5/14/20","157","24","45031","15.29"
"Dillon","5","113","South Carolina","5/14/20","78","35","45033","44.87"
"Dorchester","1","110","South Carolina","5/14/20","104","6","45035","5.77"
"Edgefield","1","41","South Carolina","5/14/20","36","5","45037","13.89"
"Fairfield","3","96","South Carolina","5/14/20","75","21","45039","28"
"Florence","17","487","South Carolina","5/14/20","370","117","45041","31.62"
"Georgetown","0","51","South Carolina","5/14/20","50","1","45043","2"
"Greenville","23","996","South Carolina","5/14/20","835","161","45045","19.28"
"Greenwood","1","68","South Carolina","5/14/20","61","7","45047","11.48"
"Hampton","0","29","South Carolina","5/14/20","27","2","45049","7.41"
"Horry","5","278","South Carolina","5/14/20","242","36","45051","14.88"
"Jasper","1","25","South Carolina","5/14/20","21","4","45053","19.05"
"Kershaw","1","257","South Carolina","5/14/20","250","7","45055","2.8"
"Lancaster","1","108","South Carolina","5/14/20","101","7","45057","6.93"
"Laurens","1","50","South Carolina","5/14/20","44","6","45059","13.64"
"Lee","6","123","South Carolina","5/14/20","80","43","45061","53.75"
"Lexington","6","503","South Carolina","5/14/20","458","45","45063","9.83"
"Marion","1","47","South Carolina","5/14/20","43","4","45067","9.3"
"Marlboro","2","67","South Carolina","5/14/20","56","11","45069","19.64"
"McCormick","0","7","South Carolina","5/14/20","7","0","45065","0"
"Newberry","0","30","South Carolina","5/14/20","31","-1","45071","-3.23"
"Oconee","1","41","South Carolina","5/14/20","32","9","45073","28.12"
"Orangeburg","2","108","South Carolina","5/14/20","95","13","45075","13.68"
"Pickens","4","87","South Carolina","5/14/20","62","25","45077","40.32"
"Richland","20","1180","South Carolina","5/14/20","1043","137","45079","13.14"
"Saluda","2","94","South Carolina","5/14/20","82","12","45081","14.63"
"Spartanburg","5","358","South Carolina","5/14/20","325","33","45083","10.15"
"Sumter","3","301","South Carolina","5/14/20","277","24","45085","8.66"
"Union","1","31","South Carolina","5/14/20","27","4","45087","14.81"
"Williamsburg","6","158","South Carolina","5/14/20","119","39","45089","32.77"
"York","7","272","South Carolina","5/14/20","225","47","45091","20.89"
"Aurora","0","2","South Dakota","5/14/20","1","1","46003","100"
"Beadle","0","22","South Dakota","5/14/20","21","1","46005","4.76"
"Bon Homme","0","4","South Dakota","5/14/20","4","0","46009","0"
"Brookings","0","14","South Dakota","5/14/20","14","0","46011","0"
"Brown","9","154","South Dakota","5/14/20","93","61","46013","65.59"
"Buffalo","0","1","South Dakota","5/14/20","1","0","46017","0"
"Charles Mix","0","7","South Dakota","5/14/20","5","2","46023","40"
"Clark","0","4","South Dakota","5/14/20","1","3","46025","300"
"Clay","1","11","South Dakota","5/14/20","7","4","46027","57.14"
"Codington","0","16","South Dakota","5/14/20","15","1","46029","6.67"
"Corson","0","2","South Dakota","5/14/20","1","1","46031","100"
"Davison","0","9","South Dakota","5/14/20","7","2","46035","28.57"
"Day","0","10","South Dakota","5/14/20","10","0","46037","0"
"Deuel","0","1","South Dakota","5/14/20","1","0","46039","0"
"Dewey","0","0","South Dakota","5/14/20","1","-1","46041","-100"
"Douglas","0","1","South Dakota","5/14/20","1","0","46043","0"
"Fall River","0","2","South Dakota","5/14/20","2","0","46047","0"
"Faulk","0","1","South Dakota","5/14/20","1","0","46049","0"
"Grant","0","5","South Dakota","5/14/20","2","3","46051","150"
"Hamlin","0","2","South Dakota","5/14/20","2","0","46057","0"
"Hand","0","1","South Dakota","5/14/20","1","0","46059","0"
"Hughes","0","15","South Dakota","5/14/20","14","1","46065","7.14"
"Hutchinson","0","3","South Dakota","5/14/20","3","0","46067","0"
"Hyde","0","1","South Dakota","5/14/20","1","0","46069","0"
"Jerauld","0","6","South Dakota","5/14/20","6","0","46073","0"
"Lake","0","5","South Dakota","5/14/20","4","1","46079","25"
"Lawrence","0","9","South Dakota","5/14/20","9","0","46081","0"
"Lincoln","3","195","South Dakota","5/14/20","171","24","46083","14.04"
"Lyman","0","4","South Dakota","5/14/20","3","1","46085","33.33"
"Marshall","0","1","South Dakota","5/14/20","1","0","46091","0"
"McCook","0","5","South Dakota","5/14/20","4","1","46087","25"
"McPherson","0","1","South Dakota","5/14/20","1","0","46089","0"
"Meade","0","5","South Dakota","5/14/20","2","3","46093","150"
"Miner","0","1","South Dakota","5/14/20","1","0","46097","0"
"Minnehaha","103","3050","South Dakota","5/14/20","2332","718","46099","30.79"
"Moody","1","17","South Dakota","5/14/20","11","6","46101","54.55"
"Oglala Lakota","0","3","South Dakota","5/14/20","1","2","46102","200"
"Pennington","3","40","South Dakota","5/14/20","17","23","46103","135.29"
"Roberts","1","17","South Dakota","5/14/20","11","6","46109","54.55"
"Sanborn","0","3","South Dakota","5/14/20","3","0","46111","0"
"Spink","0","4","South Dakota","5/14/20","3","1","46115","33.33"
"Stanley","0","8","South Dakota","5/14/20","8","0","46117","0"
"Sully","0","1","South Dakota","5/14/20","1","0","46119","0"
"Todd","1","13","South Dakota","5/14/20","7","6","46121","85.71"
"Tripp","0","1","South Dakota","5/14/20","0","1","46123","1"
"Turner","0","18","South Dakota","5/14/20","18","0","46125","0"
"Union","1","57","South Dakota","5/14/20","48","9","46127","18.75"
"Walworth","0","5","South Dakota","5/14/20","5","0","46129","0"
"Yankton","1","34","South Dakota","5/14/20","29","5","46135","17.24"
"Ziebach","0","1","South Dakota","5/14/20","1","0","46137","0"
"Anderson","1","35","Tennessee","5/14/20","31","4","47001","12.9"
"Bedford","4","248","Tennessee","5/14/20","217","31","47003","14.29"
"Benton","0","6","Tennessee","5/14/20","7","-1","47005","-14.29"
"Bledsoe","0","603","Tennessee","5/14/20","602","1","47007","0.17"
"Blount","1","75","Tennessee","5/14/20","69","6","47009","8.7"
"Bradley","2","80","Tennessee","5/14/20","64","16","47011","25"
"Campbell","0","17","Tennessee","5/14/20","16","1","47013","6.25"
"Cannon","0","13","Tennessee","5/14/20","13","0","47015","0"
"Carroll","1","23","Tennessee","5/14/20","19","4","47017","21.05"
"Carter","0","19","Tennessee","5/14/20","18","1","47019","5.56"
"Cheatham","4","85","Tennessee","5/14/20","58","27","47021","46.55"
"Chester","0","12","Tennessee","5/14/20","10","2","47023","20"
"Claiborne","0","7","Tennessee","5/14/20","7","0","47025","0"
"Clay","0","6","Tennessee","5/14/20","6","0","47027","0"
"Cocke","0","20","Tennessee","5/14/20","17","3","47029","17.65"
"Coffee","1","57","Tennessee","5/14/20","47","10","47031","21.28"
"Crockett","1","13","Tennessee","5/14/20","7","6","47033","85.71"
"Cumberland","0","87","Tennessee","5/14/20","84","3","47035","3.57"
"Davidson","84","3745","Tennessee","5/14/20","3157","588","47037","18.63"
"Decatur","0","5","Tennessee","5/14/20","4","1","47039","25"
"DeKalb","0","28","Tennessee","5/14/20","25","3","47041","12"
"Dickson","0","88","Tennessee","5/14/20","85","3","47043","3.53"
"Dyer","1","44","Tennessee","5/14/20","39","5","47045","12.82"
"Fayette","2","86","Tennessee","5/14/20","73","13","47047","17.81"
"Fentress","0","6","Tennessee","5/14/20","5","1","47049","20"
"Franklin","1","41","Tennessee","5/14/20","37","4","47051","10.81"
"Gibson","1","57","Tennessee","5/14/20","52","5","47053","9.62"
"Giles","0","9","Tennessee","5/14/20","9","0","47055","0"
"Grainger","0","6","Tennessee","5/14/20","6","0","47057","0"
"Greene","0","46","Tennessee","5/14/20","43","3","47059","6.98"
"Grundy","0","30","Tennessee","5/14/20","30","0","47061","0"
"Hamblen","1","25","Tennessee","5/14/20","20","5","47063","25"
"Hamilton","15","319","Tennessee","5/14/20","211","108","47065","51.18"
"Hardeman","22","179","Tennessee","5/14/20","23","156","47069","678.26"
"Hardin","0","9","Tennessee","5/14/20","7","2","47071","28.57"
"Hawkins","0","32","Tennessee","5/14/20","31","1","47073","3.23"
"Haywood","0","29","Tennessee","5/14/20","26","3","47075","11.54"
"Henderson","0","11","Tennessee","5/14/20","10","1","47077","10"
"Henry","0","16","Tennessee","5/14/20","14","2","47079","14.29"
"Hickman","1","52","Tennessee","5/14/20","48","4","47081","8.33"
"Houston","0","6","Tennessee","5/14/20","6","0","47083","0"
"Humphreys","0","12","Tennessee","5/14/20","11","1","47085","9.09"
"Jackson","0","10","Tennessee","5/14/20","8","2","47087","25"
"Jefferson","0","26","Tennessee","5/14/20","26","0","47089","0"
"Johnson","1","15","Tennessee","5/14/20","5","10","47091","200"
"Knox","6","297","Tennessee","5/14/20","253","44","47093","17.39"
"Lake","49","401","Tennessee","5/14/20","59","342","47095","579.66"
"Lauderdale","3","43","Tennessee","5/14/20","25","18","47097","72"
"Lawrence","0","21","Tennessee","5/14/20","19","2","47099","10.53"
"Lewis","0","2","Tennessee","5/14/20","2","0","47101","0"
"Lincoln","0","16","Tennessee","5/14/20","16","0","47103","0"
"Loudon","1","46","Tennessee","5/14/20","38","8","47105","21.05"
"Macon","3","74","Tennessee","5/14/20","55","19","47111","34.55"
"Madison","2","157","Tennessee","5/14/20","145","12","47113","8.28"
"Marion","0","30","Tennessee","5/14/20","29","1","47115","3.45"
"Marshall","0","25","Tennessee","5/14/20","24","1","47117","4.17"
"Maury","1","60","Tennessee","5/14/20","52","8","47119","15.38"
"McMinn","2","123","Tennessee","5/14/20","108","15","47107","13.89"
"McNairy","0","12","Tennessee","5/14/20","11","1","47109","9.09"
"Meigs","1","22","Tennessee","5/14/20","17","5","47121","29.41"
"Monroe","2","37","Tennessee","5/14/20","26","11","47123","42.31"
"Montgomery","6","199","Tennessee","5/14/20","155","44","47125","28.39"
"Moore","0","3","Tennessee","5/14/20","3","0","47127","0"
"Morgan","1","12","Tennessee","5/14/20","6","6","47129","100"
"Obion","0","17","Tennessee","5/14/20","15","2","47131","13.33"
"Out of TN","-2","340","Tennessee","5/14/20","354","-14","80047","-3.95"
"Overton","0","14","Tennessee","5/14/20","11","3","47133","27.27"
"Perry","0","13","Tennessee","5/14/20","13","0","47135","0"
"Pickett","0","1","Tennessee","5/14/20","0","1","47137","1"
"Polk","0","12","Tennessee","5/14/20","12","0","47139","0"
"Putnam","6","204","Tennessee","5/14/20","162","42","47141","25.93"
"Rhea","0","6","Tennessee","5/14/20","6","0","47143","0"
"Roane","0","8","Tennessee","5/14/20","8","0","47145","0"
"Robertson","8","250","Tennessee","5/14/20","195","55","47147","28.21"
"Rutherford","19","796","Tennessee","5/14/20","661","135","47149","20.42"
"Scott","0","11","Tennessee","5/14/20","11","0","47151","0"
"Sequatchie","0","10","Tennessee","5/14/20","7","3","47153","42.86"
"Sevier","0","65","Tennessee","5/14/20","63","2","47155","3.17"
"Shelby","68","3542","Tennessee","5/14/20","3066","476","47157","15.53"
"Smith","0","24","Tennessee","5/14/20","23","1","47159","4.35"
"Stewart","0","7","Tennessee","5/14/20","7","0","47161","0"
"Sullivan","1","56","Tennessee","5/14/20","52","4","47163","7.69"
"Sumner","7","720","Tennessee","5/14/20","672","48","47165","7.14"
"Tipton","35","402","Tennessee","5/14/20","158","244","47167","154.43"
"Trousdale","4","1382","Tennessee","5/14/20","1356","26","47169","1.92"
"Unicoi","0","3","Tennessee","5/14/20","2","1","47171","50"
"Union","0","4","Tennessee","5/14/20","3","1","47173","33.33"
"Van Buren","0","2","Tennessee","5/14/20","2","0","47175","0"
"Warren","1","14","Tennessee","5/14/20","10","4","47177","40"
"Washington","1","66","Tennessee","5/14/20","59","7","47179","11.86"
"Wayne","0","3","Tennessee","5/14/20","4","-1","47181","-25"
"Weakley","0","24","Tennessee","5/14/20","24","0","47183","0"
"White","0","17","Tennessee","5/14/20","16","1","47185","6.25"
"Williamson","3","456","Tennessee","5/14/20","434","22","47187","5.07"
"Wilson","3","312","Tennessee","5/14/20","288","24","47189","8.33"
"Anderson","2","51","Texas","5/14/20","40","11","48001","27.5"
"Andrews","0","22","Texas","5/14/20","21","1","48003","4.76"
"Angelina","4","119","Texas","5/14/20","93","26","48005","27.96"
"Aransas","0","3","Texas","5/14/20","2","1","48007","50"
"Armstrong","0","2","Texas","5/14/20","2","0","48011","0"
"Atascosa","1","27","Texas","5/14/20","22","5","48013","22.73"
"Austin","0","16","Texas","5/14/20","14","2","48015","14.29"
"Bailey","0","3","Texas","5/14/20","2","1","48017","50"
"Bandera","0","6","Texas","5/14/20","6","0","48019","0"
"Bastrop","3","125","Texas","5/14/20","107","18","48021","16.82"
"Bee","0","6","Texas","5/14/20","6","0","48025","0"
"Bell","3","237","Texas","5/14/20","213","24","48027","11.27"
"Bexar","31","1976","Texas","5/14/20","1761","215","48029","12.21"
"Blanco","0","6","Texas","5/14/20","6","0","48031","0"
"Bosque","0","6","Texas","5/14/20","5","1","48035","20"
"Bowie","6","120","Texas","5/14/20","76","44","48037","57.89"
"Brazoria","17","710","Texas","5/14/20","588","122","48039","20.75"
"Brazos","10","301","Texas","5/14/20","232","69","48041","29.74"
"Brewster","0","1","Texas","5/14/20","1","0","48043","0"
"Briscoe","0","1","Texas","5/14/20","1","0","48045","0"
"Brooks","0","1","Texas","5/14/20","1","0","48047","0"
"Brown","2","51","Texas","5/14/20","38","13","48049","34.21"
"Burleson","0","17","Texas","5/14/20","14","3","48051","21.43"
"Burnet","1","28","Texas","5/14/20","24","4","48053","16.67"
"Caldwell","1","33","Texas","5/14/20","25","8","48055","32"
"Calhoun","0","36","Texas","5/14/20","34","2","48057","5.88"
"Callahan","0","8","Texas","5/14/20","5","3","48059","60"
"Cameron","14","569","Texas","5/14/20","469","100","48061","21.32"
"Camp","1","13","Texas","5/14/20","7","6","48063","85.71"
"Carson","0","3","Texas","5/14/20","3","0","48065","0"
"Cass","1","21","Texas","5/14/20","17","4","48067","23.53"
"Castro","0","25","Texas","5/14/20","22","3","48069","13.64"
"Chambers","0","50","Texas","5/14/20","47","3","48071","6.38"
"Cherokee","1","27","Texas","5/14/20","20","7","48073","35"
"Childress","0","2","Texas","5/14/20","1","1","48075","100"
"Clay","0","3","Texas","5/14/20","3","0","48077","0"
"Cochran","0","1","Texas","5/14/20","1","0","48079","0"
"Coke","0","1","Texas","5/14/20","1","0","48081","0"
"Coleman","0","2","Texas","5/14/20","2","0","48083","0"
"Collin","20","978","Texas","5/14/20","839","139","48085","16.57"
"Collingsworth","0","4","Texas","5/14/20","1","3","48087","300"
"Colorado","1","18","Texas","5/14/20","12","6","48089","50"
"Comal","1","68","Texas","5/14/20","61","7","48091","11.48"
"Comanche","0","3","Texas","5/14/20","3","0","48093","0"
"Concho","0","1","Texas","5/14/20","1","0","48095","0"
"Cooke","0","13","Texas","5/14/20","11","2","48097","18.18"
"Coryell","3","220","Texas","5/14/20","201","19","48099","9.45"
"Cottle","0","4","Texas","5/14/20","3","1","48101","33.33"
"Crane","0","2","Texas","5/14/20","2","0","48103","0"
"Crosby","0","2","Texas","5/14/20","2","0","48107","0"
"Dallam","1","19","Texas","5/14/20","11","8","48111","72.73"
"Dallas","245","6837","Texas","5/14/20","5120","1717","48113","33.54"
"Dawson","0","32","Texas","5/14/20","30","2","48115","6.67"
"Deaf Smith","7","93","Texas","5/14/20","41","52","48117","126.83"
"Delta","0","1","Texas","5/14/20","1","0","48119","0"
"Denton","20","989","Texas","5/14/20","846","143","48121","16.9"
"DeWitt","0","17","Texas","5/14/20","15","2","48123","13.33"
"Dickens","0","1","Texas","5/14/20","1","0","48125","0"
"Dimmit","0","1","Texas","5/14/20","1","0","48127","0"
"Donley","0","25","Texas","5/14/20","25","0","48129","0"
"Duval","0","5","Texas","5/14/20","3","2","48131","66.67"
"Eastland","0","4","Texas","5/14/20","3","1","48133","33.33"
"Ector","2","102","Texas","5/14/20","90","12","48135","13.33"
"El Paso","48","1456","Texas","5/14/20","1119","337","48141","30.12"
"Ellis","7","236","Texas","5/14/20","188","48","48139","25.53"
"Erath","0","15","Texas","5/14/20","15","0","48143","0"
"Falls","0","6","Texas","5/14/20","6","0","48145","0"
"Fannin","0","24","Texas","5/14/20","23","1","48147","4.35"
"Fayette","1","28","Texas","5/14/20","19","9","48149","47.37"
"Floyd","0","4","Texas","5/14/20","4","0","48153","0"
"Fort Bend","24","1452","Texas","5/14/20","1287","165","48157","12.82"
"Franklin","0","4","Texas","5/14/20","3","1","48159","33.33"
"Freestone","0","8","Texas","5/14/20","7","1","48161","14.29"
"Frio","1","34","Texas","5/14/20","25","9","48163","36"
"Gaines","0","4","Texas","5/14/20","3","1","48165","33.33"
"Galveston","3","691","Texas","5/14/20","669","22","48167","3.29"
"Garza","0","4","Texas","5/14/20","3","1","48169","33.33"
"Gillespie","0","4","Texas","5/14/20","4","0","48171","0"
"Glasscock","0","1","Texas","5/14/20","1","0","48173","0"
"Goliad","0","7","Texas","5/14/20","7","0","48175","0"
"Gonzales","6","70","Texas","5/14/20","31","39","48177","125.81"
"Gray","1","77","Texas","5/14/20","73","4","48179","5.48"
"Grayson","9","122","Texas","5/14/20","60","62","48181","103.33"
"Gregg","4","138","Texas","5/14/20","109","29","48183","26.61"
"Grimes","4","56","Texas","5/14/20","25","31","48185","124"
"Guadalupe","2","101","Texas","5/14/20","90","11","48187","12.22"
"Hale","1","41","Texas","5/14/20","37","4","48189","10.81"
"Hamilton","0","7","Texas","5/14/20","5","2","48193","40"
"Hansford","1","15","Texas","5/14/20","11","4","48195","36.36"
"Hardin","0","116","Texas","5/14/20","113","3","48199","2.65"
"Harris","206","8817","Texas","5/14/20","7377","1440","48201","19.52"
"Harrison","4","195","Texas","5/14/20","167","28","48203","16.77"
"Hartley","0","9","Texas","5/14/20","7","2","48205","28.57"
"Hays","6","217","Texas","5/14/20","176","41","48209","23.3"
"Hemphill","0","1","Texas","5/14/20","1","0","48211","0"
"Henderson","2","47","Texas","5/14/20","34","13","48213","38.24"
"Hidalgo","7","409","Texas","5/14/20","359","50","48215","13.93"
"Hill","1","22","Texas","5/14/20","18","4","48217","22.22"
"Hockley","0","22","Texas","5/14/20","19","3","48219","15.79"
"Hood","0","22","Texas","5/14/20","20","2","48221","10"
"Hopkins","0","8","Texas","5/14/20","7","1","48223","14.29"
"Houston","9","71","Texas","5/14/20","10","61","48225","610"
"Howard","0","6","Texas","5/14/20","6","0","48227","0"
"Hunt","1","58","Texas","5/14/20","54","4","48231","7.41"
"Hutchinson","1","25","Texas","5/14/20","19","6","48233","31.58"
"Jack","0","4","Texas","5/14/20","4","0","48237","0"
"Jackson","0","15","Texas","5/14/20","14","1","48239","7.14"
"Jasper","0","19","Texas","5/14/20","18","1","48241","5.56"
"Jefferson","12","418","Texas","5/14/20","336","82","48245","24.4"
"Jim Hogg","0","3","Texas","5/14/20","3","0","48247","0"
"Jim Wells","0","7","Texas","5/14/20","5","2","48249","40"
"Johnson","3","117","Texas","5/14/20","97","20","48251","20.62"
"Jones","4","110","Texas","5/14/20","84","26","48253","30.95"
"Karnes","0","4","Texas","5/14/20","3","1","48255","33.33"
"Kaufman","4","137","Texas","5/14/20","106","31","48257","29.25"
"Kendall","0","20","Texas","5/14/20","18","2","48259","11.11"
"Kerr","1","10","Texas","5/14/20","6","4","48265","66.67"
"Kimble","0","1","Texas","5/14/20","0","1","48267","1"
"Kleberg","0","11","Texas","5/14/20","10","1","48273","10"
"Knox","0","1","Texas","5/14/20","1","0","48275","0"
"La Salle","0","4","Texas","5/14/20","1","3","48283","300"
"Lamar","4","105","Texas","5/14/20","76","29","48277","38.16"
"Lamb","1","10","Texas","5/14/20","5","5","48279","100"
"Lampasas","0","8","Texas","5/14/20","6","2","48281","33.33"
"Lavaca","0","7","Texas","5/14/20","6","1","48285","16.67"
"Lee","1","6","Texas","5/14/20","2","4","48287","200"
"Leon","0","9","Texas","5/14/20","7","2","48289","28.57"
"Liberty","3","72","Texas","5/14/20","48","24","48291","50"
"Limestone","0","15","Texas","5/14/20","13","2","48293","15.38"
"Lipscomb","0","2","Texas","5/14/20","2","0","48295","0"
"Live Oak","0","5","Texas","5/14/20","5","0","48297","0"
"Llano","0","3","Texas","5/14/20","3","0","48299","0"
"Lubbock","5","607","Texas","5/14/20","575","32","48303","5.57"
"Lynn","0","5","Texas","5/14/20","5","0","48305","0"
"Madison","0","4","Texas","5/14/20","2","2","48313","100"
"Marion","0","15","Texas","5/14/20","15","0","48315","0"
"Martin","0","3","Texas","5/14/20","3","0","48317","0"
"Mason","0","28","Texas","5/14/20","28","0","48319","0"
"Matagorda","0","65","Texas","5/14/20","64","1","48321","1.56"
"Maverick","4","52","Texas","5/14/20","26","26","48323","100"
"McCulloch","0","3","Texas","5/14/20","3","0","48307","0"
"McLennan","1","96","Texas","5/14/20","92","4","48309","4.35"
"Medina","4","47","Texas","5/14/20","21","26","48325","123.81"
"Midland","3","115","Texas","5/14/20","94","21","48329","22.34"
"Milam","1","22","Texas","5/14/20","18","4","48331","22.22"
"Mills","0","1","Texas","5/14/20","0","1","48333","1"
"Mitchell","0","1","Texas","5/14/20","1","0","48335","0"
"Montague","0","9","Texas","5/14/20","9","0","48337","0"
"Montgomery","12","773","Texas","5/14/20","689","84","48339","12.19"
"Moore","11","534","Texas","5/14/20","454","80","48341","17.62"
"Morris","0","10","Texas","5/14/20","9","1","48343","11.11"
"Motley","0","1","Texas","5/14/20","1","0","48345","0"
"Nacogdoches","4","227","Texas","5/14/20","202","25","48347","12.38"
"Navarro","0","37","Texas","5/14/20","34","3","48349","8.82"
"Newton","0","4","Texas","5/14/20","4","0","48351","0"
"Nolan","0","2","Texas","5/14/20","2","0","48353","0"
"Nueces","10","186","Texas","5/14/20","117","69","48355","58.97"
"Ochiltree","2","40","Texas","5/14/20","28","12","48357","42.86"
"Oldham","0","3","Texas","5/14/20","3","0","48359","0"
"Orange","0","84","Texas","5/14/20","81","3","48361","3.7"
"Palo Pinto","0","9","Texas","5/14/20","9","0","48363","0"
"Panola","5","175","Texas","5/14/20","139","36","48365","25.9"
"Parker","2","56","Texas","5/14/20","43","13","48367","30.23"
"Parmer","1","23","Texas","5/14/20","17","6","48369","35.29"
"Pecos","1","20","Texas","5/14/20","14","6","48371","42.86"
"Polk","2","46","Texas","5/14/20","30","16","48373","53.33"
"Potter","64","1421","Texas","5/14/20","971","450","48375","46.34"
"Rains","0","2","Texas","5/14/20","2","0","48379","0"
"Randall","16","444","Texas","5/14/20","333","111","48381","33.33"
"Red River","4","33","Texas","5/14/20","2","31","48387","1550"
"Reeves","0","7","Texas","5/14/20","5","2","48389","40"
"Refugio","0","3","Texas","5/14/20","1","2","48391","200"
"Roberts","0","2","Texas","5/14/20","2","0","48393","0"
"Robertson","0","6","Texas","5/14/20","5","1","48395","20"
"Rockwall","6","138","Texas","5/14/20","96","42","48397","43.75"
"Runnels","0","2","Texas","5/14/20","2","0","48399","0"
"Rusk","0","40","Texas","5/14/20","40","0","48401","0"
"Sabine","0","3","Texas","5/14/20","2","1","48403","50"
"San Augustine","0","22","Texas","5/14/20","21","1","48405","4.76"
"San Jacinto","0","12","Texas","5/14/20","10","2","48407","20"
"San Patricio","1","23","Texas","5/14/20","16","7","48409","43.75"
"Scurry","0","2","Texas","5/14/20","2","0","48415","0"
"Shackelford","0","1","Texas","5/14/20","1","0","48417","0"
"Shelby","3","167","Texas","5/14/20","144","23","48419","15.97"
"Sherman","1","23","Texas","5/14/20","19","4","48421","21.05"
"Smith","3","186","Texas","5/14/20","165","21","48423","12.73"
"Starr","1","14","Texas","5/14/20","10","4","48427","40"
"Stephens","0","2","Texas","5/14/20","1","1","48429","100"
"Swisher","0","13","Texas","5/14/20","11","2","48437","18.18"
"Tarrant","160","4076","Texas","5/14/20","2956","1120","48439","37.89"
"Taylor","1","214","Texas","5/14/20","206","8","48441","3.88"
"Terry","0","12","Texas","5/14/20","12","0","48445","0"
"Titus","7","74","Texas","5/14/20","27","47","48449","174.07"
"Tom Green","0","85","Texas","5/14/20","84","1","48451","1.19"
"Travis","49","2345","Texas","5/14/20","2002","343","48453","17.13"
"Trinity","0","11","Texas","5/14/20","10","1","48455","10"
"Tyler","0","7","Texas","5/14/20","7","0","48457","0"
"Upshur","0","17","Texas","5/14/20","16","1","48459","6.25"
"Uvalde","0","6","Texas","5/14/20","6","0","48463","0"
"Val Verde","0","13","Texas","5/14/20","13","0","48465","0"
"Van Zandt","1","22","Texas","5/14/20","18","4","48467","22.22"
"Victoria","1","154","Texas","5/14/20","146","8","48469","5.48"
"Walker","8","374","Texas","5/14/20","315","59","48471","18.73"
"Waller","0","37","Texas","5/14/20","37","0","48473","0"
"Washington","3","175","Texas","5/14/20","153","22","48477","14.38"
"Webb","5","445","Texas","5/14/20","410","35","48479","8.54"
"Wharton","0","42","Texas","5/14/20","40","2","48481","5"
"Wheeler","0","14","Texas","5/14/20","12","2","48483","16.67"
"Wichita","1","77","Texas","5/14/20","70","7","48485","10"
"Wilbarger","0","2","Texas","5/14/20","2","0","48487","0"
"Willacy","0","14","Texas","5/14/20","14","0","48489","0"
"Williamson","13","442","Texas","5/14/20","352","90","48491","25.57"
"Wilson","0","36","Texas","5/14/20","34","2","48493","5.88"
"Winkler","0","3","Texas","5/14/20","3","0","48495","0"
"Wise","1","36","Texas","5/14/20","28","8","48497","28.57"
"Wood","1","15","Texas","5/14/20","11","4","48499","36.36"
"Yoakum","0","2","Texas","5/14/20","2","0","48501","0"
"Young","0","4","Texas","5/14/20","4","0","48503","0"
"Zapata","0","7","Texas","5/14/20","7","0","48505","0"
"Zavala","1","9","Texas","5/14/20","1","8","48507","800"
"Bear River","3","83","Utah","5/14/20","64","19","00000","29.69"
"Central Utah","0","29","Utah","5/14/20","27","2","00000","7.41"
"Davis","5","349","Utah","5/14/20","315","34","49011","10.79"
"Salt Lake","85","3604","Utah","5/14/20","3010","594","49035","19.73"
"San Juan","3","154","Utah","5/14/20","132","22","49037","16.67"
"Southeast Utah","0","13","Utah","5/14/20","12","1","00000","8.33"
"Southwest Utah","8","187","Utah","5/14/20","132","55","00000","41.67"
"Summit","2","393","Utah","5/14/20","382","11","49043","2.88"
"Tooele","2","84","Utah","5/14/20","71","13","49045","18.31"
"TriCounty","0","16","Utah","5/14/20","14","2","00000","14.29"
"Utah","31","1435","Utah","5/14/20","1219","216","49049","17.72"
"Wasatch","2","188","Utah","5/14/20","173","15","49051","8.67"
"Weber-Morgan","6","214","Utah","5/14/20","173","41","00000","23.7"
"Addison","0","62","Vermont","5/14/20","61","1","50001","1.64"
"Bennington","1","60","Vermont","5/14/20","53","7","50003","13.21"
"Caledonia","0","14","Vermont","5/14/20","14","0","50005","0"
"Chittenden","0","432","Vermont","5/14/20","431","1","50007","0.23"
"Essex","0","2","Vermont","5/14/20","2","0","50009","0"
"Franklin","0","99","Vermont","5/14/20","99","0","50011","0"
"Grand Isle","0","4","Vermont","5/14/20","4","0","50013","0"
"Lamoille","0","27","Vermont","5/14/20","26","1","50015","3.85"
"Orange","0","8","Vermont","5/14/20","8","0","50017","0"
"Orleans","0","9","Vermont","5/14/20","9","0","50019","0"
"Rutland","0","49","Vermont","5/14/20","49","0","50021","0"
"Washington","0","38","Vermont","5/14/20","37","1","50023","2.7"
"Windham","1","77","Vermont","5/14/20","73","4","50025","5.48"
"Windsor","0","47","Vermont","5/14/20","46","1","50027","2.17"
"","0","69","Virgin Islands","5/14/20","66","3",,"4.55"
"Accomack","19","593","Virginia","5/14/20","463","130","51001","28.08"
"Albemarle","3","130","Virginia","5/14/20","112","18","51003","16.07"
"Alexandria","41","1349","Virginia","5/14/20","1060","289","51510","27.26"
"Alleghany","0","6","Virginia","5/14/20","6","0","51005","0"
"Amelia","0","17","Virginia","5/14/20","17","0","51007","0"
"Amherst","1","21","Virginia","5/14/20","15","6","51009","40"
"Appomattox","0","22","Virginia","5/14/20","21","1","51011","4.76"
"Arlington","36","1499","Virginia","5/14/20","1248","251","51013","20.11"
"Augusta","2","70","Virginia","5/14/20","55","15","51015","27.27"
"Bedford","0","40","Virginia","5/14/20","37","3","51019","8.11"
"Botetourt","0","30","Virginia","5/14/20","29","1","51023","3.45"
"Bristol","0","3","Virginia","5/14/20","2","1","51520","50"
"Brunswick","1","20","Virginia","5/14/20","16","4","51025","25"
"Buchanan","0","16","Virginia","5/14/20","16","0","51027","0"
"Buckingham","18","348","Virginia","5/14/20","225","123","51029","54.67"
"Buena Vista","0","8","Virginia","5/14/20","8","0","51530","0"
"Campbell","0","13","Virginia","5/14/20","13","0","51031","0"
"Caroline","1","41","Virginia","5/14/20","36","5","51033","13.89"
"Carroll","2","40","Virginia","5/14/20","25","15","51035","60"
"Charles City","1","21","Virginia","5/14/20","17","4","51036","23.53"
"Charlotte","0","11","Virginia","5/14/20","11","0","51037","0"
"Charlottesville","0","68","Virginia","5/14/20","65","3","51540","4.62"
"Chesapeake","7","362","Virginia","5/14/20","311","51","51550","16.4"
"Chesterfield","29","909","Virginia","5/14/20","707","202","51041","28.57"
"Clarke","0","16","Virginia","5/14/20","16","0","51043","0"
"Colonial Heights","1","73","Virginia","5/14/20","64","9","51570","14.06"
"Covington","0","2","Virginia","5/14/20","0","2","51580","1"
"Craig","0","4","Virginia","5/14/20","4","0","51045","0"
"Culpeper","16","329","Virginia","5/14/20","217","112","51047","51.61"
"Cumberland","1","18","Virginia","5/14/20","12","6","51049","50"
"Danville","1","43","Virginia","5/14/20","38","5","51590","13.16"
"Dinwiddie","1","33","Virginia","5/14/20","25","8","51053","32"
"Emporia","0","50","Virginia","5/14/20","47","3","51595","6.38"
"Essex","2","29","Virginia","5/14/20","18","11","51057","61.11"
"Fairfax","272","6951","Virginia","5/14/20","5045","1906","51059","37.78"
"Fairfax City","1","45","Virginia","5/14/20","35","10","51600","28.57"
"Falls Church","0","39","Virginia","5/14/20","36","3","51610","8.33"
"Fauquier","7","200","Virginia","5/14/20","149","51","51061","34.23"
"Floyd","0","4","Virginia","5/14/20","3","1","51063","33.33"
"Fluvanna","0","79","Virginia","5/14/20","78","1","51065","1.28"
"Franklin","1","30","Virginia","5/14/20","24","6","51067","25"
"Franklin City","0","26","Virginia","5/14/20","23","3","51620","13.04"
"Frederick","6","191","Virginia","5/14/20","147","44","51069","29.93"
"Fredericksburg","4","80","Virginia","5/14/20","52","28","51630","53.85"
"Galax","5","65","Virginia","5/14/20","32","33","51640","103.12"
"Giles","0","5","Virginia","5/14/20","4","1","51071","25"
"Gloucester","0","28","Virginia","5/14/20","27","1","51073","3.7"
"Goochland","1","86","Virginia","5/14/20","81","5","51075","6.17"
"Grayson","2","18","Virginia","5/14/20","5","13","51077","260"
"Greene","0","16","Virginia","5/14/20","13","3","51079","23.08"
"Greensville","1","49","Virginia","5/14/20","44","5","51081","11.36"
"Halifax","1","27","Virginia","5/14/20","19","8","51083","42.11"
"Hampton","4","156","Virginia","5/14/20","131","25","51650","19.08"
"Hanover","6","198","Virginia","5/14/20","154","44","51085","28.57"
"Harrisonburg","9","615","Virginia","5/14/20","552","63","51660","11.41"
"Henrico","21","1174","Virginia","5/14/20","1025","149","51087","14.54"
"Henry","1","28","Virginia","5/14/20","20","8","51089","40"
"Highland","0","2","Virginia","5/14/20","2","0","51091","0"
"Hopewell","2","48","Virginia","5/14/20","33","15","51670","45.45"
"Isle of Wight","2","114","Virginia","5/14/20","103","11","51093","10.68"
"James City","1","174","Virginia","5/14/20","167","7","51095","4.19"
"King and Queen","0","7","Virginia","5/14/20","4","3","51097","75"
"King George","1","44","Virginia","5/14/20","38","6","51099","15.79"
"King William","0","12","Virginia","5/14/20","11","1","51101","9.09"
"Lancaster","0","7","Virginia","5/14/20","6","1","51103","16.67"
"Lee","0","10","Virginia","5/14/20","10","0","51105","0"
"Lexington","0","5","Virginia","5/14/20","5","0","51678","0"
"Loudoun","42","1339","Virginia","5/14/20","1043","296","51107","28.38"
"Louisa","1","59","Virginia","5/14/20","51","8","51109","15.69"
"Lunenburg","0","6","Virginia","5/14/20","4","2","51111","50"
"Lynchburg","1","73","Virginia","5/14/20","68","5","51680","7.35"
"Madison","1","23","Virginia","5/14/20","18","5","51113","27.78"
"Manassas","26","515","Virginia","5/14/20","332","183","51683","55.12"
"Manassas Park","9","170","Virginia","5/14/20","106","64","51685","60.38"
"Martinsville","0","3","Virginia","5/14/20","2","1","51690","50"
"Mathews","0","5","Virginia","5/14/20","4","1","51115","25"
"Mecklenburg","5","146","Virginia","5/14/20","109","37","51117","33.94"
"Middlesex","1","11","Virginia","5/14/20","7","4","51119","57.14"
"Montgomery","1","66","Virginia","5/14/20","61","5","51121","8.2"
"Nelson","0","12","Virginia","5/14/20","9","3","51125","33.33"
"New Kent","0","28","Virginia","5/14/20","26","2","51127","7.69"
"Newport News","6","179","Virginia","5/14/20","137","42","51700","30.66"
"Norfolk","10","338","Virginia","5/14/20","270","68","51710","25.19"
"Northampton","5","184","Virginia","5/14/20","149","35","51131","23.49"
"Northumberland","1","15","Virginia","5/14/20","9","6","51133","66.67"
"Norton","0","2","Virginia","5/14/20","2","0","51720","0"
"Nottoway","0","14","Virginia","5/14/20","14","0","51135","0"
"Orange","1","50","Virginia","5/14/20","43","7","51137","16.28"
"Page","3","143","Virginia","5/14/20","122","21","51139","17.21"
"Patrick","0","6","Virginia","5/14/20","4","2","51141","50"
"Petersburg","2","57","Virginia","5/14/20","41","16","51730","39.02"
"Pittsylvania","0","17","Virginia","5/14/20","17","0","51143","0"
"Poquoson","0","7","Virginia","5/14/20","7","0","51735","0"
"Portsmouth","3","217","Virginia","5/14/20","193","24","51740","12.44"
"Powhatan","1","23","Virginia","5/14/20","17","6","51145","35.29"
"Prince Edward","1","72","Virginia","5/14/20","63","9","51147","14.29"
"Prince George","1","48","Virginia","5/14/20","42","6","51149","14.29"
"Prince William","136","3351","Virginia","5/14/20","2398","953","51153","39.74"
"Pulaski","0","10","Virginia","5/14/20","9","1","51155","11.11"
"Radford","0","3","Virginia","5/14/20","3","0","51750","0"
"Rappahannock","0","10","Virginia","5/14/20","7","3","51157","42.86"
"Richmond","2","203","Virginia","5/14/20","187","16","51159","8.56"
"Richmond City","20","611","Virginia","5/14/20","473","138","51760","29.18"
"Roanoke","3","83","Virginia","5/14/20","60","23","51161","38.33"
"Roanoke City","5","120","Virginia","5/14/20","88","32","51770","36.36"
"Rockbridge","0","11","Virginia","5/14/20","8","3","51163","37.5"
"Rockingham","10","381","Virginia","5/14/20","310","71","51165","22.9"
"Russell","0","6","Virginia","5/14/20","6","0","51167","0"
"Salem","0","32","Virginia","5/14/20","30","2","51775","6.67"
"Scott","0","7","Virginia","5/14/20","7","0","51169","0"
"Shenandoah","9","278","Virginia","5/14/20","213","65","51171","30.52"
"Smyth","0","15","Virginia","5/14/20","13","2","51173","15.38"
"Southampton","1","134","Virginia","5/14/20","128","6","51175","4.69"
"Spotsylvania","7","282","Virginia","5/14/20","230","52","51177","22.61"
"Stafford","13","426","Virginia","5/14/20","334","92","51179","27.54"
"Staunton","1","23","Virginia","5/14/20","14","9","51790","64.29"
"Suffolk","2","221","Virginia","5/14/20","208","13","51800","6.25"
"Surry","0","6","Virginia","5/14/20","4","2","51181","50"
"Sussex","3","53","Virginia","5/14/20","32","21","51183","65.62"
"Tazewell","0","6","Virginia","5/14/20","6","0","51185","0"
"Virginia Beach","11","528","Virginia","5/14/20","454","74","51810","16.3"
"Warren","2","90","Virginia","5/14/20","75","15","51187","20"
"Washington","1","49","Virginia","5/14/20","41","8","51191","19.51"
"Waynesboro","0","21","Virginia","5/14/20","20","1","51820","5"
"Westmoreland","1","42","Virginia","5/14/20","33","9","51193","27.27"
"Williamsburg","2","42","Virginia","5/14/20","29","13","51830","44.83"
"Winchester","2","75","Virginia","5/14/20","61","14","51840","22.95"
"Wise","0","23","Virginia","5/14/20","22","1","51195","4.55"
"Wythe","0","15","Virginia","5/14/20","12","3","51197","25"
"York","1","61","Virginia","5/14/20","51","10","51199","19.61"
"Adams","0","50","Washington","5/14/20","49","1","53001","2.04"
"Asotin","0","18","Washington","5/14/20","18","0","53003","0"
"Benton","8","605","Washington","5/14/20","550","55","53005","10"
"Chelan","3","163","Washington","5/14/20","139","24","53007","17.27"
"Clallam","0","19","Washington","5/14/20","19","0","53009","0"
"Clark","5","380","Washington","5/14/20","342","38","53011","11.11"
"Columbia","0","1","Washington","5/14/20","1","0","53013","0"
"Cowlitz","1","68","Washington","5/14/20","62","6","53015","9.68"
"Douglas","3","120","Washington","5/14/20","98","22","53017","22.45"
"Ferry","0","1","Washington","5/14/20","1","0","53019","0"
"Franklin","4","427","Washington","5/14/20","401","26","53021","6.48"
"Grant","1","185","Washington","5/14/20","179","6","53025","3.35"
"Grays Harbor","0","13","Washington","5/14/20","13","0","53027","0"
"Island","0","176","Washington","5/14/20","173","3","53029","1.73"
"Jefferson","0","29","Washington","5/14/20","28","1","53031","3.57"
"King","69","7290","Washington","5/14/20","6809","481","53033","7.06"
"Kitsap","0","157","Washington","5/14/20","154","3","53035","1.95"
"Kittitas","3","39","Washington","5/14/20","15","24","53037","160"
"Klickitat","0","22","Washington","5/14/20","19","3","53039","15.79"
"Lewis","0","32","Washington","5/14/20","30","2","53041","6.67"
"Lincoln","0","2","Washington","5/14/20","2","0","53043","0"
"Mason","0","30","Washington","5/14/20","28","2","53045","7.14"
"Okanogan","1","31","Washington","5/14/20","21","10","53047","47.62"
"Pacific","1","9","Washington","5/14/20","4","5","53049","125"
"Pend Oreille","0","2","Washington","5/14/20","2","0","53051","0"
"Pierce","19","1626","Washington","5/14/20","1496","130","53053","8.69"
"San Juan","0","15","Washington","5/14/20","14","1","53055","7.14"
"Skagit","4","416","Washington","5/14/20","389","27","53057","6.94"
"Skamania","0","3","Washington","5/14/20","3","0","53059","0"
"Snohomish","16","2739","Washington","5/14/20","2627","112","53061","4.26"
"Spokane","2","393","Washington","5/14/20","380","13","53063","3.42"
"Stevens","0","9","Washington","5/14/20","9","0","53065","0"
"Thurston","1","123","Washington","5/14/20","115","8","53067","6.96"
"Wahkiakum","0","4","Washington","5/14/20","2","2","53069","100"
"Walla Walla","1","105","Washington","5/14/20","97","8","53071","8.25"
"Whatcom","2","343","Washington","5/14/20","328","15","53073","4.57"
"Whitman","0","16","Washington","5/14/20","14","2","53075","14.29"
"Yakima","65","2002","Washington","5/14/20","1547","455","53077","29.41"
"Barbour","0","7","West Virginia","5/14/20","6","1","54001","16.67"
"Berkeley","4","200","West Virginia","5/14/20","173","27","54003","15.61"
"Boone","0","9","West Virginia","5/14/20","6","3","54005","50"
"Braxton","0","2","West Virginia","5/14/20","2","0","54007","0"
"Brooke","0","3","West Virginia","5/14/20","3","0","54009","0"
"Cabell","1","53","West Virginia","5/14/20","48","5","54011","10.42"
"Clay","0","2","West Virginia","5/14/20","0","2","54015","1"
"Fayette","1","36","West Virginia","5/14/20","28","8","54019","28.57"
"Gilmer","1","8","West Virginia","5/14/20","3","5","54021","166.67"
"Grant","0","6","West Virginia","5/14/20","3","3","54023","100"
"Greenbrier","0","8","West Virginia","5/14/20","8","0","54025","0"
"Hampshire","0","11","West Virginia","5/14/20","8","3","54027","37.5"
"Hancock","0","12","West Virginia","5/14/20","11","1","54029","9.09"
"Hardy","2","25","West Virginia","5/14/20","12","13","54031","108.33"
"Harrison","0","34","West Virginia","5/14/20","33","1","54033","3.03"
"Jackson","0","137","West Virginia","5/14/20","136","1","54035","0.74"
"Jefferson","2","95","West Virginia","5/14/20","83","12","54037","14.46"
"Kanawha","4","198","West Virginia","5/14/20","172","26","54039","15.12"
"Lewis","0","4","West Virginia","5/14/20","4","0","54041","0"
"Lincoln","0","5","West Virginia","5/14/20","3","2","54043","66.67"
"Logan","0","14","West Virginia","5/14/20","15","-1","54045","-6.67"
"Marion","0","47","West Virginia","5/14/20","46","1","54049","2.17"
"Marshall","0","23","West Virginia","5/14/20","20","3","54051","15"
"Mason","0","14","West Virginia","5/14/20","12","2","54053","16.67"
"McDowell","0","6","West Virginia","5/14/20","6","0","54047","0"
"Mercer","0","12","West Virginia","5/14/20","11","1","54055","9.09"
"Mineral","1","25","West Virginia","5/14/20","20","5","54057","25"
"Mingo","0","3","West Virginia","5/14/20","2","1","54059","50"
"Monongalia","0","114","West Virginia","5/14/20","111","3","54061","2.7"
"Monroe","0","6","West Virginia","5/14/20","6","0","54063","0"
"Morgan","0","17","West Virginia","5/14/20","16","1","54065","6.25"
"Nicholas","0","9","West Virginia","5/14/20","8","1","54067","12.5"
"Ohio","0","37","West Virginia","5/14/20","34","3","54069","8.82"
"Pendleton","0","5","West Virginia","5/14/20","5","0","54071","0"
"Pleasants","0","2","West Virginia","5/14/20","2","0","54073","0"
"Pocahontas","0","2","West Virginia","5/14/20","2","0","54075","0"
"Preston","0","14","West Virginia","5/14/20","14","0","54077","0"
"Putnam","0","29","West Virginia","5/14/20","27","2","54079","7.41"
"Raleigh","0","10","West Virginia","5/14/20","9","1","54081","11.11"
"Randolph","0","5","West Virginia","5/14/20","5","0","54083","0"
"Ritchie","0","1","West Virginia","5/14/20","1","0","54085","0"
"Roane","0","8","West Virginia","5/14/20","8","0","54087","0"
"Summers","0","1","West Virginia","5/14/20","1","0","54089","0"
"Taylor","0","8","West Virginia","5/14/20","9","-1","54091","-11.11"
"Tucker","0","4","West Virginia","5/14/20","4","0","54093","0"
"Tyler","0","3","West Virginia","5/14/20","3","0","54095","0"
"Upshur","0","6","West Virginia","5/14/20","5","1","54097","20"
"Wayne","0","93","West Virginia","5/14/20","93","0","54099","0"
"Wetzel","0","6","West Virginia","5/14/20","4","2","54103","50"
"Wirt","0","3","West Virginia","5/14/20","3","0","54105","0"
"Wood","0","44","West Virginia","5/14/20","42","2","54107","4.76"
"Wyoming","0","1","West Virginia","5/14/20","1","0","54109","0"
"Adams","0","4","Wisconsin","5/14/20","4","0","55001","0"
"Ashland","0","2","Wisconsin","5/14/20","2","0","55003","0"
"Barron","1","11","Wisconsin","5/14/20","7","4","55005","57.14"
"Bayfield","0","3","Wisconsin","5/14/20","3","0","55007","0"
"Brown","42","1999","Wisconsin","5/14/20","1706","293","55009","17.17"
"Buffalo","0","5","Wisconsin","5/14/20","5","0","55011","0"
"Burnett","0","1","Wisconsin","5/14/20","0","1","55013","1"
"Calumet","3","46","Wisconsin","5/14/20","22","24","55015","109.09"
"Chippewa","1","33","Wisconsin","5/14/20","27","6","55017","22.22"
"Clark","0","25","Wisconsin","5/14/20","23","2","55019","8.7"
"Columbia","0","34","Wisconsin","5/14/20","32","2","55021","6.25"
"Crawford","0","18","Wisconsin","5/14/20","16","2","55023","12.5"
"Dane","7","494","Wisconsin","5/14/20","447","47","55025","10.51"
"Dodge","5","83","Wisconsin","5/14/20","46","37","55027","80.43"
"Door","1","23","Wisconsin","5/14/20","18","5","55029","27.78"
"Douglas","0","12","Wisconsin","5/14/20","10","2","55031","20"
"Dunn","1","20","Wisconsin","5/14/20","14","6","55033","42.86"
"Eau Claire","2","63","Wisconsin","5/14/20","47","16","55035","34.04"
"Florence","0","2","Wisconsin","5/14/20","2","0","55037","0"
"Fond du Lac","5","119","Wisconsin","5/14/20","84","35","55039","41.67"
"Forest","1","5","Wisconsin","5/14/20","1","4","55041","400"
"Grant","1","71","Wisconsin","5/14/20","66","5","55043","7.58"
"Green","3","39","Wisconsin","5/14/20","21","18","55045","85.71"
"Green Lake","1","10","Wisconsin","5/14/20","5","5","55047","100"
"Iowa","0","11","Wisconsin","5/14/20","10","1","55049","10"
"Iron","0","2","Wisconsin","5/14/20","2","0","55051","0"
"Jackson","0","15","Wisconsin","5/14/20","12","3","55053","25"
"Jefferson","1","56","Wisconsin","5/14/20","50","6","55055","12"
"Juneau","0","21","Wisconsin","5/14/20","20","1","55057","5"
"Kenosha","22","762","Wisconsin","5/14/20","610","152","55059","24.92"
"Kewaunee","1","29","Wisconsin","5/14/20","25","4","55061","16"
"La Crosse","1","37","Wisconsin","5/14/20","32","5","55063","15.62"
"Lafayette","1","15","Wisconsin","5/14/20","9","6","55065","66.67"
"Lincoln","0","2","Wisconsin","5/14/20","1","1","55069","100"
"Manitowoc","0","20","Wisconsin","5/14/20","17","3","55071","17.65"
"Marathon","1","29","Wisconsin","5/14/20","21","8","55073","38.1"
"Marinette","1","21","Wisconsin","5/14/20","13","8","55075","61.54"
"Marquette","0","3","Wisconsin","5/14/20","3","0","55077","0"
"Menominee","0","2","Wisconsin","5/14/20","2","0","55078","0"
"Milwaukee","116","4387","Wisconsin","5/14/20","3573","814","55079","22.78"
"Monroe","0","15","Wisconsin","5/14/20","14","1","55081","7.14"
"Oconto","0","28","Wisconsin","5/14/20","26","2","55083","7.69"
"Oneida","0","7","Wisconsin","5/14/20","6","1","55085","16.67"
"Outagamie","4","124","Wisconsin","5/14/20","93","31","55087","33.33"
"Ozaukee","2","113","Wisconsin","5/14/20","99","14","55089","14.14"
"Pepin","0","1","Wisconsin","5/14/20","0","1","55091","1"
"Pierce","0","15","Wisconsin","5/14/20","12","3","55093","25"
"Polk","0","6","Wisconsin","5/14/20","5","1","55095","20"
"Portage","0","7","Wisconsin","5/14/20","7","0","55097","0"
"Price","0","1","Wisconsin","5/14/20","1","0","55099","0"
"Racine","35","833","Wisconsin","5/14/20","590","243","55101","41.19"
"Richland","0","13","Wisconsin","5/14/20","13","0","55103","0"
"Rock","10","393","Wisconsin","5/14/20","324","69","55105","21.3"
"Rusk","0","4","Wisconsin","5/14/20","4","0","55107","0"
"Sauk","1","74","Wisconsin","5/14/20","69","5","55111","7.25"
"Sawyer","0","4","Wisconsin","5/14/20","4","0","55113","0"
"Shawano","2","28","Wisconsin","5/14/20","17","11","55115","64.71"
"Sheboygan","0","67","Wisconsin","5/14/20","65","2","55117","3.08"
"St. Croix","2","37","Wisconsin","5/14/20","23","14","55109","60.87"
"Trempealeau","0","7","Wisconsin","5/14/20","5","2","55121","40"
"Vernon","1","7","Wisconsin","5/14/20","2","5","55123","250"
"Vilas","0","4","Wisconsin","5/14/20","4","0","55125","0"
"Walworth","4","251","Wisconsin","5/14/20","226","25","55127","11.06"
"Washburn","0","1","Wisconsin","5/14/20","1","0","55129","0"
"Washington","2","125","Wisconsin","5/14/20","113","12","55131","10.62"
"Waukesha","9","444","Wisconsin","5/14/20","380","64","55133","16.84"
"Waupaca","1","15","Wisconsin","5/14/20","10","5","55135","50"
"Waushara","0","4","Wisconsin","5/14/20","4","0","55137","0"
"Winnebago","3","108","Wisconsin","5/14/20","88","20","55139","22.73"
"Wood","0","5","Wisconsin","5/14/20","2","3","55141","150"
"Albany","0","8","Wyoming","5/14/20","8","0","56001","0"
"Big Horn","0","3","Wyoming","5/14/20","3","0","56003","0"
"Campbell","1","29","Wyoming","5/14/20","25","4","56005","16"
"Carbon","0","7","Wyoming","5/14/20","5","2","56007","40"
"Converse","0","23","Wyoming","5/14/20","23","0","56009","0"
"Crook","0","5","Wyoming","5/14/20","5","0","56011","0"
"Fremont","6","208","Wyoming","5/14/20","168","40","56013","23.81"
"Goshen","0","5","Wyoming","5/14/20","4","1","56015","25"
"Hot Springs","0","3","Wyoming","5/14/20","3","0","56017","0"
"Johnson","0","15","Wyoming","5/14/20","15","0","56019","0"
"Laramie","1","173","Wyoming","5/14/20","163","10","56021","6.13"
"Lincoln","1","14","Wyoming","5/14/20","10","4","56023","40"
"Natrona","0","49","Wyoming","5/14/20","48","1","56025","2.08"
"Niobrara","0","2","Wyoming","5/14/20","2","0","56027","0"
"Park","0","1","Wyoming","5/14/20","1","0","56029","0"
"Sheridan","0","16","Wyoming","5/14/20","16","0","56033","0"
"Sublette","0","3","Wyoming","5/14/20","3","0","56035","0"
"Sweetwater","0","21","Wyoming","5/14/20","19","2","56037","10.53"
"Teton","0","99","Wyoming","5/14/20","98","1","56039","1.02"
"Uinta","0","9","Wyoming","5/14/20","8","1","56041","12.5"
"Washakie","0","8","Wyoming","5/14/20","8","0","56043","0"
