"Locality","DailyAvgNewCasesPast7Days","TotalCases","State","Date","TotalCases7DaysAgo","NewCasesPast7Days","FIPS-Code","PercentIncreaseTotalCasesPast7Days"
"Autauga","6","110","Alabama","5/16/20","68","42","01001","61.76"
"Baldwin","5","254","Alabama","5/16/20","216","38","01003","17.59"
"Barbour","3","79","Alabama","5/16/20","58","21","01005","36.21"
"Bibb","1","50","Alabama","5/16/20","45","5","01007","11.11"
"Blount","0","45","Alabama","5/16/20","44","1","01009","2.27"
"Bullock","2","35","Alabama","5/16/20","22","13","01011","59.09"
"Butler","13","271","Alabama","5/16/20","178","93","01013","52.25"
"Calhoun","1","130","Alabama","5/16/20","124","6","01015","4.84"
"Chambers","2","328","Alabama","5/16/20","314","14","01017","4.46"
"Cherokee","1","27","Alabama","5/16/20","22","5","01019","22.73"
"Chilton","2","77","Alabama","5/16/20","64","13","01021","20.31"
"Choctaw","3","84","Alabama","5/16/20","61","23","01023","37.7"
"Clarke","3","74","Alabama","5/16/20","52","22","01025","42.31"
"Clay","0","27","Alabama","5/16/20","26","1","01027","3.85"
"Cleburne","0","13","Alabama","5/16/20","13","0","01029","0"
"Coffee","3","164","Alabama","5/16/20","146","18","01031","12.33"
"Colbert","3","87","Alabama","5/16/20","64","23","01033","35.94"
"Conecuh","1","18","Alabama","5/16/20","13","5","01035","38.46"
"Coosa","0","34","Alabama","5/16/20","31","3","01037","9.68"
"Covington","1","57","Alabama","5/16/20","50","7","01039","14"
"Crenshaw","2","53","Alabama","5/16/20","38","15","01041","39.47"
"Cullman","1","69","Alabama","5/16/20","63","6","01043","9.52"
"Dale","2","60","Alabama","5/16/20","43","17","01045","39.53"
"Dallas","6","145","Alabama","5/16/20","102","43","01047","42.16"
"DeKalb","7","192","Alabama","5/16/20","142","50","01049","35.21"
"Elmore","8","188","Alabama","5/16/20","135","53","01051","39.26"
"Escambia","0","39","Alabama","5/16/20","36","3","01053","8.33"
"Etowah","5","202","Alabama","5/16/20","170","32","01055","18.82"
"Fayette","0","9","Alabama","5/16/20","7","2","01057","28.57"
"Franklin","16","329","Alabama","5/16/20","216","113","01059","52.31"
"Geneva","1","20","Alabama","5/16/20","13","7","01061","53.85"
"Greene","2","81","Alabama","5/16/20","70","11","01063","15.71"
"Hale","3","84","Alabama","5/16/20","66","18","01065","27.27"
"Henry","2","39","Alabama","5/16/20","28","11","01067","39.29"
"Houston","4","132","Alabama","5/16/20","104","28","01069","26.92"
"Jackson","1","63","Alabama","5/16/20","59","4","01071","6.78"
"Jefferson","27","1299","Alabama","5/16/20","1109","190","01073","17.13"
"Lamar","0","15","Alabama","5/16/20","13","2","01075","15.38"
"Lauderdale","4","113","Alabama","5/16/20","88","25","01077","28.41"
"Lawrence","1","29","Alabama","5/16/20","22","7","01079","31.82"
"Lee","4","448","Alabama","5/16/20","422","26","01081","6.16"
"Limestone","1","64","Alabama","5/16/20","57","7","01083","12.28"
"Lowndes","5","128","Alabama","5/16/20","96","32","01085","33.33"
"Macon","1","55","Alabama","5/16/20","47","8","01087","17.02"
"Madison","4","275","Alabama","5/16/20","247","28","01089","11.34"
"Marengo","4","102","Alabama","5/16/20","77","25","01091","32.47"
"Marion","1","101","Alabama","5/16/20","96","5","01093","5.21"
"Marshall","12","624","Alabama","5/16/20","543","81","01095","14.92"
"Mobile","33","1681","Alabama","5/16/20","1452","229","01097","15.77"
"Monroe","1","19","Alabama","5/16/20","15","4","01099","26.67"
"Montgomery","34","816","Alabama","5/16/20","576","240","01101","41.67"
"Morgan","3","110","Alabama","5/16/20","92","18","01103","19.57"
"Perry","0","20","Alabama","5/16/20","19","1","01105","5.26"
"Pickens","2","77","Alabama","5/16/20","65","12","01107","18.46"
"Pike","2","106","Alabama","5/16/20","89","17","01109","19.1"
"Randolph","2","119","Alabama","5/16/20","102","17","01111","16.67"
"Russell","3","100","Alabama","5/16/20","77","23","01113","29.87"
"Shelby","5","398","Alabama","5/16/20","362","36","01117","9.94"
"St. Clair","1","90","Alabama","5/16/20","81","9","01115","11.11"
"Sumter","4","124","Alabama","5/16/20","98","26","01119","26.53"
"Talladega","1","78","Alabama","5/16/20","73","5","01121","6.85"
"Tallapoosa","6","357","Alabama","5/16/20","316","41","01123","12.97"
"Tuscaloosa","10","345","Alabama","5/16/20","274","71","01125","25.91"
"Walker","3","126","Alabama","5/16/20","106","20","01127","18.87"
"Washington","1","60","Alabama","5/16/20","51","9","01129","17.65"
"Wilcox","2","93","Alabama","5/16/20","80","13","01131","16.25"
"Winston","2","33","Alabama","5/16/20","20","13","01133","65"
"Anchorage","1","199","Alaska","5/16/20","194","5","02020","2.58"
"Bethel","0","1","Alaska","5/16/20","1","0","02050","0"
"Fairbanks North Star","0","84","Alaska","5/16/20","83","1","02090","1.2"
"Juneau","0","29","Alaska","5/16/20","27","2","02110","7.41"
"Kenai Peninsula","0","24","Alaska","5/16/20","24","0","02122","0"
"Ketchikan Gateway","0","16","Alaska","5/16/20","16","0","02130","0"
"Kodiak Island","0","1","Alaska","5/16/20","1","0","02150","0"
"Matanuska-Susitna","0","21","Alaska","5/16/20","21","0","02170","0"
"Nome","0","1","Alaska","5/16/20","1","0","02180","0"
"Petersburg","0","4","Alaska","5/16/20","4","0","02195","0"
"Prince of Wales-Hyder","0","2","Alaska","5/16/20","2","0","02198","0"
"Sitka","0","1","Alaska","5/16/20","1","0","02220","0"
"Southeast Fairbanks","0","3","Alaska","5/16/20","2","1","02240","50"
"Yukon-Koyukuk","0","1","Alaska","5/16/20","1","0","02290","0"
"Apache","36","962","Arizona","5/16/20","710","252","04001","35.49"
"Cochise","1","46","Arizona","5/16/20","41","5","04003","12.2"
"Coconino","23","839","Arizona","5/16/20","679","160","04005","23.56"
"Gila","0","22","Arizona","5/16/20","19","3","04007","15.79"
"Graham","0","20","Arizona","5/16/20","19","1","04009","5.26"
"Greenlee","0","2","Arizona","5/16/20","2","0","04011","0"
"La Paz","2","37","Arizona","5/16/20","22","15","04012","68.18"
"Maricopa","188","7096","Arizona","5/16/20","5779","1317","04013","22.79"
"Mohave","10","250","Arizona","5/16/20","178","72","04015","40.45"
"Navajo","37","1238","Arizona","5/16/20","981","257","04017","26.2"
"Pima","32","1781","Arizona","5/16/20","1554","227","04019","14.61"
"Pinal","13","678","Arizona","5/16/20","585","93","04021","15.9"
"Santa Cruz","5","72","Arizona","5/16/20","40","32","04023","80"
"Yavapai","12","260","Arizona","5/16/20","175","85","04025","48.57"
"Yuma","27","363","Arizona","5/16/20","176","187","04027","106.25"
"Arkansas","0","2","Arkansas","5/16/20","2","0","05001","0"
"Ashley","0","18","Arkansas","5/16/20","17","1","05003","5.88"
"Baxter","0","6","Arkansas","5/16/20","5","1","05005","20"
"Benton","4","144","Arkansas","5/16/20","116","28","05007","24.14"
"Boone","0","4","Arkansas","5/16/20","4","0","05009","0"
"Bradley","1","15","Arkansas","5/16/20","11","4","05011","36.36"
"Carroll","0","6","Arkansas","5/16/20","6","0","05015","0"
"Chicot","0","10","Arkansas","5/16/20","10","0","05017","0"
"Clark","0","35","Arkansas","5/16/20","32","3","05019","9.38"
"Clay","0","3","Arkansas","5/16/20","3","0","05021","0"
"Cleburne","0","72","Arkansas","5/16/20","72","0","05023","0"
"Cleveland","0","16","Arkansas","5/16/20","13","3","05025","23.08"
"Columbia","0","15","Arkansas","5/16/20","15","0","05027","0"
"Conway","0","14","Arkansas","5/16/20","13","1","05029","7.69"
"Craighead","6","137","Arkansas","5/16/20","92","45","05031","48.91"
"Crawford","1","11","Arkansas","5/16/20","5","6","05033","120"
"Crittenden","4","230","Arkansas","5/16/20","205","25","05035","12.2"
"Cross","1","35","Arkansas","5/16/20","27","8","05037","29.63"
"Dallas","0","1","Arkansas","5/16/20","1","0","05039","0"
"Desha","0","18","Arkansas","5/16/20","16","2","05041","12.5"
"Drew","0","19","Arkansas","5/16/20","19","0","05043","0"
"Faulkner","1","91","Arkansas","5/16/20","81","10","05045","12.35"
"Franklin","0","2","Arkansas","5/16/20","2","0","05047","0"
"Fulton","0","3","Arkansas","5/16/20","3","0","05049","0"
"Garland","2","129","Arkansas","5/16/20","118","11","05051","9.32"
"Grant","0","16","Arkansas","5/16/20","15","1","05053","6.67"
"Greene","0","24","Arkansas","5/16/20","22","2","05055","9.09"
"Hempstead","0","9","Arkansas","5/16/20","7","2","05057","28.57"
"Hot Spring","1","29","Arkansas","5/16/20","22","7","05059","31.82"
"Howard","0","14","Arkansas","5/16/20","14","0","05061","0"
"Independence","2","25","Arkansas","5/16/20","12","13","05063","108.33"
"Izard","0","13","Arkansas","5/16/20","11","2","05065","18.18"
"Jackson","0","1","Arkansas","5/16/20","1","0","05067","0"
"Jefferson","19","362","Arkansas","5/16/20","226","136","05069","60.18"
"Johnson","0","35","Arkansas","5/16/20","34","1","05071","2.94"
"Lafayette","0","9","Arkansas","5/16/20","9","0","05073","0"
"Lawrence","1","73","Arkansas","5/16/20","69","4","05075","5.8"
"Lee","1","10","Arkansas","5/16/20","4","6","05077","150"
"Lincoln","7","955","Arkansas","5/16/20","907","48","05079","5.29"
"Little River","0","1","Arkansas","5/16/20","0","1","05081","1"
"Logan","0","4","Arkansas","5/16/20","3","1","05083","33.33"
"Lonoke","0","45","Arkansas","5/16/20","44","1","05085","2.27"
"Madison","0","1","Arkansas","5/16/20","1","0","05087","0"
"Marion","0","1","Arkansas","5/16/20","1","0","05089","0"
"Miller","1","42","Arkansas","5/16/20","36","6","05091","16.67"
"Mississippi","2","61","Arkansas","5/16/20","47","14","05093","29.79"
"Monroe","0","5","Arkansas","5/16/20","4","1","05095","25"
"Montgomery","0","1","Arkansas","5/16/20","1","0","05097","0"
"Nevada","0","4","Arkansas","5/16/20","3","1","05099","33.33"
"Newton","0","3","Arkansas","5/16/20","3","0","05101","0"
"Ouachita","0","10","Arkansas","5/16/20","8","2","05103","25"
"Perry","1","12","Arkansas","5/16/20","7","5","05105","71.43"
"Phillips","0","4","Arkansas","5/16/20","4","0","05107","0"
"Pike","0","3","Arkansas","5/16/20","3","0","05109","0"
"Poinsett","0","26","Arkansas","5/16/20","25","1","05111","4"
"Polk","0","7","Arkansas","5/16/20","7","0","05113","0"
"Pope","2","63","Arkansas","5/16/20","47","16","05115","34.04"
"Prairie","0","2","Arkansas","5/16/20","2","0","05117","0"
"Pulaski","11","683","Arkansas","5/16/20","603","80","05119","13.27"
"Randolph","0","22","Arkansas","5/16/20","21","1","05121","4.76"
"Saline","1","81","Arkansas","5/16/20","72","9","05125","12.5"
"Scott","0","1","Arkansas","5/16/20","1","0","05127","0"
"Searcy","0","6","Arkansas","5/16/20","6","0","05129","0"
"Sebastian","0","15","Arkansas","5/16/20","14","1","05131","7.14"
"Sevier","2","27","Arkansas","5/16/20","16","11","05133","68.75"
"Sharp","4","37","Arkansas","5/16/20","8","29","05135","362.5"
"St. Francis","32","335","Arkansas","5/16/20","108","227","05123","210.19"
"Stone","0","8","Arkansas","5/16/20","8","0","05137","0"
"Union","5","107","Arkansas","5/16/20","73","34","05139","46.58"
"Van Buren","0","28","Arkansas","5/16/20","28","0","05141","0"
"Washington","5","141","Arkansas","5/16/20","105","36","05143","34.29"
"White","0","36","Arkansas","5/16/20","35","1","05145","2.86"
"Woodruff","0","1","Arkansas","5/16/20","1","0","05147","0"
"Yell","1","13","Arkansas","5/16/20","7","6","05149","85.71"
"Alameda","47","2351","California","5/16/20","2023","328","06001","16.21"
"Alpine","0","2","California","5/16/20","2","0","06003","0"
"Amador","0","9","California","5/16/20","8","1","06005","12.5"
"Butte","1","22","California","5/16/20","18","4","06007","22.22"
"Calaveras","0","13","California","5/16/20","13","0","06009","0"
"Colusa","0","3","California","5/16/20","3","0","06011","0"
"Contra Costa","12","1121","California","5/16/20","1036","85","06013","8.2"
"Del Norte","0","4","California","5/16/20","3","1","06015","33.33"
"El Dorado","1","64","California","5/16/20","54","10","06017","18.52"
"Fresno","45","1156","California","5/16/20","841","315","06019","37.46"
"Glenn","0","9","California","5/16/20","6","3","06021","50"
"Humboldt","2","72","California","5/16/20","55","17","06023","30.91"
"Imperial","39","786","California","5/16/20","512","274","06025","53.52"
"Inyo","0","19","California","5/16/20","19","0","06027","0"
"Kern","35","1473","California","5/16/20","1228","245","06029","19.95"
"Kings","15","372","California","5/16/20","265","107","06031","40.38"
"Lake","0","8","California","5/16/20","8","0","06033","0"
"Los Angeles","874","37360","California","5/16/20","31241","6119","06037","19.59"
"Madera","1","70","California","5/16/20","66","4","06039","6.06"
"Marin","6","299","California","5/16/20","257","42","06041","16.34"
"Mariposa","0","15","California","5/16/20","15","0","06043","0"
"Mendocino","0","13","California","5/16/20","12","1","06045","8.33"
"Merced","5","200","California","5/16/20","163","37","06047","22.7"
"Mono","1","33","California","5/16/20","29","4","06051","13.79"
"Monterey","8","322","California","5/16/20","267","55","06053","20.6"
"Napa","2","90","California","5/16/20","78","12","06055","15.38"
"Nevada","0","41","California","5/16/20","41","0","06057","0"
"Orange","120","4222","California","5/16/20","3380","842","06059","24.91"
"Placer","1","174","California","5/16/20","168","6","06061","3.57"
"Plumas","0","4","California","5/16/20","4","0","06063","0"
"Riverside","89","5618","California","5/16/20","4992","626","06065","12.54"
"Sacramento","8","1222","California","5/16/20","1165","57","06067","4.89"
"San Benito","1","60","California","5/16/20","55","5","06069","9.09"
"San Bernardino","80","3463","California","5/16/20","2902","561","06071","19.33"
"San Diego","143","5662","California","5/16/20","4662","1000","06073","21.45"
"San Francisco","23","2054","California","5/16/20","1891","163","06075","8.62"
"San Joaquin","9","670","California","5/16/20","605","65","06077","10.74"
"San Luis Obispo","4","243","California","5/16/20","214","29","06079","13.55"
"San Mateo","25","1602","California","5/16/20","1425","177","06081","12.42"
"Santa Barbara","24","1418","California","5/16/20","1250","168","06083","13.44"
"Santa Clara","16","2418","California","5/16/20","2307","111","06085","4.81"
"Santa Cruz","2","157","California","5/16/20","141","16","06087","11.35"
"Shasta","0","33","California","5/16/20","31","2","06089","6.45"
"Siskiyou","0","5","California","5/16/20","5","0","06093","0"
"Solano","8","410","California","5/16/20","351","59","06095","16.81"
"Sonoma","9","364","California","5/16/20","300","64","06097","21.33"
"Stanislaus","10","559","California","5/16/20","488","71","06099","14.55"
"Sutter","1","37","California","5/16/20","32","5","06101","15.62"
"Tehama","0","2","California","5/16/20","1","1","06103","100"
"Trinity","0","1","California","5/16/20","1","0","06105","0"
"Tulare","50","1426","California","5/16/20","1079","347","06107","32.16"
"Tuolumne","0","2","California","5/16/20","2","0","06109","0"
"Ventura","16","764","California","5/16/20","652","112","06111","17.18"
"Yolo","2","183","California","5/16/20","172","11","06113","6.4"
"Yuba","1","25","California","5/16/20","20","5","06115","25"
"Adams","53","2575","Colorado","5/16/20","2205","370","08001","16.78"
"Alamosa","2","39","Colorado","5/16/20","25","14","08003","56"
"Arapahoe","61","3652","Colorado","5/16/20","3228","424","08005","13.14"
"Archuleta","0","8","Colorado","5/16/20","8","0","08007","0"
"Baca","0","12","Colorado","5/16/20","12","0","08009","0"
"Bent","0","1","Colorado","5/16/20","0","1","08011","1"
"Boulder","11","835","Colorado","5/16/20","757","78","08013","10.3"
"Broomfield","2","209","Colorado","5/16/20","195","14","08014","7.18"
"Chaffee","0","69","Colorado","5/16/20","68","1","08015","1.47"
"Cheyenne","0","5","Colorado","5/16/20","4","1","08017","25"
"Clear Creek","0","16","Colorado","5/16/20","14","2","08019","14.29"
"Conejos","0","1","Colorado","5/16/20","1","0","08021","0"
"Costilla","0","4","Colorado","5/16/20","3","1","08023","33.33"
"Crowley","0","39","Colorado","5/16/20","39","0","08025","0"
"Custer","0","2","Colorado","5/16/20","2","0","08027","0"
"Delta","0","55","Colorado","5/16/20","54","1","08029","1.85"
"Denver","78","4548","Colorado","5/16/20","4001","547","08031","13.67"
"Douglas","7","637","Colorado","5/16/20","591","46","08035","7.78"
"Eagle","2","570","Colorado","5/16/20","558","12","08037","2.15"
"El Paso","26","1291","Colorado","5/16/20","1109","182","08041","16.41"
"Elbert","1","44","Colorado","5/16/20","39","5","08039","12.82"
"Fremont","0","25","Colorado","5/16/20","23","2","08043","8.7"
"Garfield","1","113","Colorado","5/16/20","103","10","08045","9.71"
"Gilpin","0","4","Colorado","5/16/20","3","1","08047","33.33"
"Grand","0","5","Colorado","5/16/20","5","0","08049","0"
"Gunnison","1","182","Colorado","5/16/20","173","9","08051","5.2"
"Hinsdale","0","3","Colorado","5/16/20","3","0","08053","0"
"Huerfano","0","3","Colorado","5/16/20","3","0","08055","0"
"Jefferson","25","1800","Colorado","5/16/20","1627","173","08059","10.63"
"Kit Carson","0","26","Colorado","5/16/20","26","0","08063","0"
"La Plata","0","68","Colorado","5/16/20","65","3","08067","4.62"
"Lake","0","26","Colorado","5/16/20","23","3","08065","13.04"
"Larimer","6","485","Colorado","5/16/20","444","41","08069","9.23"
"Las Animas","0","4","Colorado","5/16/20","4","0","08071","0"
"Lincoln","0","3","Colorado","5/16/20","3","0","08073","0"
"Logan","14","485","Colorado","5/16/20","389","96","08075","24.68"
"Mesa","0","50","Colorado","5/16/20","51","-1","08077","-1.96"
"Mineral","0","2","Colorado","5/16/20","2","0","08079","0"
"Moffat","0","6","Colorado","5/16/20","6","0","08081","0"
"Montezuma","1","27","Colorado","5/16/20","23","4","08083","17.39"
"Montrose","2","135","Colorado","5/16/20","122","13","08085","10.66"
"Morgan","10","557","Colorado","5/16/20","485","72","08087","14.85"
"Otero","0","11","Colorado","5/16/20","10","1","08089","10"
"Ouray","0","7","Colorado","5/16/20","6","1","08091","16.67"
"Park","0","16","Colorado","5/16/20","15","1","08093","6.67"
"Phillips","0","10","Colorado","5/16/20","8","2","08095","25"
"Pitkin","0","56","Colorado","5/16/20","54","2","08097","3.7"
"Prowers","0","10","Colorado","5/16/20","8","2","08099","25"
"Pueblo","4","202","Colorado","5/16/20","176","26","08101","14.77"
"Rio Blanco","0","1","Colorado","5/16/20","1","0","08103","0"
"Rio Grande","0","8","Colorado","5/16/20","7","1","08105","14.29"
"Routt","0","59","Colorado","5/16/20","58","1","08107","1.72"
"Saguache","2","16","Colorado","5/16/20","5","11","08109","220"
"San Juan","0","1","Colorado","5/16/20","1","0","08111","0"
"San Miguel","0","22","Colorado","5/16/20","20","2","08113","10"
"Summit","3","182","Colorado","5/16/20","162","20","08117","12.35"
"Teller","0","31","Colorado","5/16/20","30","1","08119","3.33"
"Washington","0","10","Colorado","5/16/20","9","1","08121","11.11"
"Weld","23","2281","Colorado","5/16/20","2120","161","08123","7.59"
"Yuma","0","12","Colorado","5/16/20","10","2","08125","20"
"Fairfield","159","14140","Connecticut","5/16/20","13030","1110","09001","8.52"
"Hartford","171","8299","Connecticut","5/16/20","7105","1194","09003","16.81"
"Litchfield","13","1234","Connecticut","5/16/20","1142","92","09005","8.06"
"Middlesex","16","898","Connecticut","5/16/20","789","109","09007","13.81"
"New Haven","141","10075","Connecticut","5/16/20","9091","984","09009","10.82"
"New London","12","860","Connecticut","5/16/20","775","85","09011","10.97"
"Tolland","14","636","Connecticut","5/16/20","540","96","09013","17.78"
"Windham","5","304","Connecticut","5/16/20","266","38","09015","14.29"
"Kent","27","1176","Delaware","5/16/20","985","191","10001","19.39"
"New Castle","56","2667","Delaware","5/16/20","2275","392","10003","17.23"
"Sussex","95","3658","Delaware","5/16/20","2990","668","10005","22.34"
"","0","49","Diamond Princess","5/16/20","49","0",,"0"
"District of Columbia","134","7042","District of Columbia","5/16/20","6102","940","11001","15.4"
"Alachua","3","329","Florida","5/16/20","308","21","12001","6.82"
"Baker","0","26","Florida","5/16/20","24","2","12003","8.33"
"Bay","1","83","Florida","5/16/20","76","7","12005","9.21"
"Bradford","0","49","Florida","5/16/20","48","1","12007","2.08"
"Brevard","4","359","Florida","5/16/20","328","31","12009","9.45"
"Broward","60","6201","Florida","5/16/20","5780","421","12011","7.28"
"Calhoun","2","38","Florida","5/16/20","27","11","12013","40.74"
"Charlotte","8","370","Florida","5/16/20","317","53","12015","16.72"
"Citrus","1","110","Florida","5/16/20","104","6","12017","5.77"
"Clay","2","313","Florida","5/16/20","299","14","12019","4.68"
"Collier","27","923","Florida","5/16/20","734","189","12021","25.75"
"Columbia","1","108","Florida","5/16/20","102","6","12023","5.88"
"DeSoto","2","61","Florida","5/16/20","47","14","12027","29.79"
"Dixie","1","22","Florida","5/16/20","13","9","12029","69.23"
"Duval","18","1259","Florida","5/16/20","1134","125","12031","11.02"
"Escambia","7","682","Florida","5/16/20","634","48","12033","7.57"
"Flagler","1","156","Florida","5/16/20","147","9","12035","6.12"
"Franklin","0","2","Florida","5/16/20","2","0","12037","0"
"Gadsden","12","212","Florida","5/16/20","128","84","12039","65.62"
"Gilchrist","0","7","Florida","5/16/20","6","1","12041","16.67"
"Glades","0","9","Florida","5/16/20","7","2","12043","28.57"
"Gulf","0","1","Florida","5/16/20","1","0","12045","0"
"Hamilton","19","144","Florida","5/16/20","8","136","12047","1700"
"Hardee","0","39","Florida","5/16/20","36","3","12049","8.33"
"Hendry","10","205","Florida","5/16/20","136","69","12051","50.74"
"Hernando","1","108","Florida","5/16/20","98","10","12053","10.2"
"Highlands","1","104","Florida","5/16/20","96","8","12055","8.33"
"Hillsborough","26","1585","Florida","5/16/20","1400","185","12057","13.21"
"Holmes","0","10","Florida","5/16/20","10","0","12059","0"
"Indian River","1","104","Florida","5/16/20","100","4","12061","4"
"Jackson","8","126","Florida","5/16/20","72","54","12063","75"
"Jefferson","0","28","Florida","5/16/20","28","0","12065","0"
"Lafayette","0","6","Florida","5/16/20","3","3","12067","100"
"Lake","1","250","Florida","5/16/20","240","10","12069","4.17"
"Lee","22","1401","Florida","5/16/20","1249","152","12071","12.17"
"Leon","3","276","Florida","5/16/20","252","24","12073","9.52"
"Levy","1","24","Florida","5/16/20","20","4","12075","20"
"Liberty","0","199","Florida","5/16/20","196","3","12077","1.53"
"Madison","0","62","Florida","5/16/20","61","1","12079","1.64"
"Manatee","11","834","Florida","5/16/20","756","78","12081","10.32"
"Marion","1","220","Florida","5/16/20","210","10","12083","4.76"
"Martin","7","296","Florida","5/16/20","245","51","12085","20.82"
"Miami-Dade","218","15366","Florida","5/16/20","13841","1525","12086","11.02"
"Monroe","1","95","Florida","5/16/20","89","6","12087","6.74"
"Nassau","1","65","Florida","5/16/20","60","5","12089","8.33"
"Okaloosa","1","177","Florida","5/16/20","168","9","12091","5.36"
"Okeechobee","2","34","Florida","5/16/20","23","11","12093","47.83"
"Orange","18","1629","Florida","5/16/20","1505","124","12095","8.24"
"Osceola","7","616","Florida","5/16/20","564","52","12097","9.22"
"Palm Beach","92","4440","Florida","5/16/20","3798","642","12099","16.9"
"Pasco","3","314","Florida","5/16/20","293","21","12101","7.17"
"Pinellas","23","1008","Florida","5/16/20","848","160","12103","18.87"
"Polk","14","722","Florida","5/16/20","623","99","12105","15.89"
"Putnam","0","128","Florida","5/16/20","125","3","12107","2.4"
"Santa Rosa","1","182","Florida","5/16/20","172","10","12113","5.81"
"Sarasota","11","498","Florida","5/16/20","418","80","12115","19.14"
"Seminole","3","431","Florida","5/16/20","411","20","12117","4.87"
"St. Johns","1","231","Florida","5/16/20","222","9","12109","4.05"
"St. Lucie","5","316","Florida","5/16/20","280","36","12111","12.86"
"Sumter","2","251","Florida","5/16/20","240","11","12119","4.58"
"Suwannee","1","153","Florida","5/16/20","145","8","12121","5.52"
"Taylor","0","3","Florida","5/16/20","3","0","12123","0"
"Union","2","20","Florida","5/16/20","6","14","12125","233.33"
"Volusia","7","591","Florida","5/16/20","540","51","12127","9.44"
"Wakulla","0","31","Florida","5/16/20","29","2","12129","6.9"
"Walton","3","77","Florida","5/16/20","55","22","12131","40"
"Washington","0","13","Florida","5/16/20","12","1","12133","8.33"
"Appling","2","108","Georgia","5/16/20","92","16","13001","17.39"
"Atkinson","0","20","Georgia","5/16/20","20","0","13003","0"
"Bacon","3","59","Georgia","5/16/20","41","18","13005","43.9"
"Baker","0","33","Georgia","5/16/20","31","2","13007","6.45"
"Baldwin","2","284","Georgia","5/16/20","270","14","13009","5.19"
"Banks","1","43","Georgia","5/16/20","36","7","13011","19.44"
"Barrow","9","258","Georgia","5/16/20","194","64","13013","32.99"
"Bartow","3","385","Georgia","5/16/20","361","24","13015","6.65"
"Ben Hill","1","45","Georgia","5/16/20","39","6","13017","15.38"
"Berrien","0","20","Georgia","5/16/20","19","1","13019","5.26"
"Bibb","4","394","Georgia","5/16/20","365","29","13021","7.95"
"Bleckley","1","34","Georgia","5/16/20","28","6","13023","21.43"
"Brantley","2","38","Georgia","5/16/20","24","14","13025","58.33"
"Brooks","0","63","Georgia","5/16/20","64","-1","13027","-1.56"
"Bryan","0","61","Georgia","5/16/20","59","2","13029","3.39"
"Bulloch","0","45","Georgia","5/16/20","42","3","13031","7.14"
"Burke","1","112","Georgia","5/16/20","103","9","13033","8.74"
"Butts","4","197","Georgia","5/16/20","172","25","13035","14.53"
"Calhoun","1","123","Georgia","5/16/20","116","7","13037","6.03"
"Camden","2","47","Georgia","5/16/20","36","11","13039","30.56"
"Candler","0","10","Georgia","5/16/20","8","2","13043","25"
"Carroll","2","409","Georgia","5/16/20","393","16","13045","4.07"
"Catoosa","3","72","Georgia","5/16/20","53","19","13047","35.85"
"Charlton","1","26","Georgia","5/16/20","17","9","13049","52.94"
"Chatham","8","356","Georgia","5/16/20","299","57","13051","19.06"
"Chattahoochee","1","19","Georgia","5/16/20","12","7","13053","58.33"
"Chattooga","0","15","Georgia","5/16/20","16","-1","13055","-6.25"
"Cherokee","15","700","Georgia","5/16/20","593","107","13057","18.04"
"Clarke","2","195","Georgia","5/16/20","182","13","13059","7.14"
"Clay","0","29","Georgia","5/16/20","27","2","13061","7.41"
"Clayton","14","1002","Georgia","5/16/20","901","101","13063","11.21"
"Clinch","3","41","Georgia","5/16/20","17","24","13065","141.18"
"Cobb","40","2407","Georgia","5/16/20","2128","279","13067","13.11"
"Coffee","2","192","Georgia","5/16/20","175","17","13069","9.71"
"Colquitt","6","246","Georgia","5/16/20","207","39","13071","18.84"
"Columbia","4","205","Georgia","5/16/20","179","26","13073","14.53"
"Cook","0","32","Georgia","5/16/20","31","1","13075","3.23"
"Coweta","3","285","Georgia","5/16/20","265","20","13077","7.55"
"Crawford","0","19","Georgia","5/16/20","19","0","13079","0"
"Crisp","2","193","Georgia","5/16/20","182","11","13081","6.04"
"Dade","1","20","Georgia","5/16/20","16","4","13083","25"
"Dawson","1","84","Georgia","5/16/20","75","9","13085","12"
"Decatur","1","116","Georgia","5/16/20","109","7","13087","6.42"
"DeKalb","44","2800","Georgia","5/16/20","2489","311","13089","12.49"
"Dodge","1","39","Georgia","5/16/20","32","7","13091","21.88"
"Dooly","2","157","Georgia","5/16/20","141","16","13093","11.35"
"Dougherty","11","1662","Georgia","5/16/20","1587","75","13095","4.73"
"Douglas","5","438","Georgia","5/16/20","400","38","13097","9.5"
"Early","1","233","Georgia","5/16/20","226","7","13099","3.1"
"Echols","1","15","Georgia","5/16/20","6","9","13101","150"
"Effingham","1","42","Georgia","5/16/20","37","5","13103","13.51"
"Elbert","1","46","Georgia","5/16/20","39","7","13105","17.95"
"Emanuel","0","26","Georgia","5/16/20","23","3","13107","13.04"
"Evans","0","4","Georgia","5/16/20","5","-1","13109","-20"
"Fannin","0","36","Georgia","5/16/20","34","2","13111","5.88"
"Fayette","2","206","Georgia","5/16/20","195","11","13113","5.64"
"Floyd","3","180","Georgia","5/16/20","157","23","13115","14.65"
"Forsyth","5","398","Georgia","5/16/20","366","32","13117","8.74"
"Franklin","1","31","Georgia","5/16/20","26","5","13119","19.23"
"Fulton","52","3749","Georgia","5/16/20","3385","364","13121","10.75"
"Gilmer","2","107","Georgia","5/16/20","95","12","13123","12.63"
"Glascock","0","1","Georgia","5/16/20","1","0","13125","0"
"Glynn","1","76","Georgia","5/16/20","72","4","13127","5.56"
"Gordon","1","127","Georgia","5/16/20","121","6","13129","4.96"
"Grady","1","90","Georgia","5/16/20","83","7","13131","8.43"
"Greene","0","57","Georgia","5/16/20","57","0","13133","0"
"Gwinnett","28","2597","Georgia","5/16/20","2403","194","13135","8.07"
"Habersham","4","414","Georgia","5/16/20","386","28","13137","7.25"
"Hall","21","2146","Georgia","5/16/20","2002","144","13139","7.19"
"Hancock","3","149","Georgia","5/16/20","127","22","13141","17.32"
"Haralson","0","34","Georgia","5/16/20","32","2","13143","6.25"
"Harris","1","75","Georgia","5/16/20","65","10","13145","15.38"
"Hart","0","19","Georgia","5/16/20","16","3","13147","18.75"
"Heard","0","17","Georgia","5/16/20","14","3","13149","21.43"
"Henry","5","630","Georgia","5/16/20","593","37","13151","6.24"
"Houston","4","313","Georgia","5/16/20","283","30","13153","10.6"
"Irwin","0","22","Georgia","5/16/20","21","1","13155","4.76"
"Jackson","1","127","Georgia","5/16/20","123","4","13157","3.25"
"Jasper","0","26","Georgia","5/16/20","25","1","13159","4"
"Jeff Davis","0","24","Georgia","5/16/20","24","0","13161","0"
"Jefferson","1","22","Georgia","5/16/20","17","5","13163","29.41"
"Jenkins","0","16","Georgia","5/16/20","17","-1","13165","-5.88"
"Johnson","1","71","Georgia","5/16/20","66","5","13167","7.58"
"Jones","0","30","Georgia","5/16/20","30","0","13169","0"
"Lamar","0","41","Georgia","5/16/20","39","2","13171","5.13"
"Lanier","0","12","Georgia","5/16/20","10","2","13173","20"
"Laurens","2","94","Georgia","5/16/20","80","14","13175","17.5"
"Lee","1","344","Georgia","5/16/20","339","5","13177","1.47"
"Liberty","0","46","Georgia","5/16/20","43","3","13179","6.98"
"Lincoln","0","12","Georgia","5/16/20","12","0","13181","0"
"Long","0","6","Georgia","5/16/20","5","1","13183","20"
"Lowndes","3","202","Georgia","5/16/20","184","18","13185","9.78"
"Lumpkin","1","82","Georgia","5/16/20","76","6","13187","7.89"
"Macon","1","90","Georgia","5/16/20","82","8","13193","9.76"
"Madison","0","29","Georgia","5/16/20","29","0","13195","0"
"Marion","0","39","Georgia","5/16/20","39","0","13197","0"
"McDuffie","1","55","Georgia","5/16/20","50","5","13189","10"
"McIntosh","0","10","Georgia","5/16/20","7","3","13191","42.86"
"Meriwether","1","72","Georgia","5/16/20","65","7","13199","10.77"
"Miller","1","38","Georgia","5/16/20","32","6","13201","18.75"
"Mitchell","5","388","Georgia","5/16/20","350","38","13205","10.86"
"Monroe","9","95","Georgia","5/16/20","34","61","13207","179.41"
"Montgomery","1","8","Georgia","5/16/20","4","4","13209","100"
"Morgan","0","33","Georgia","5/16/20","32","1","13211","3.12"
"Murray","2","60","Georgia","5/16/20","46","14","13213","30.43"
"Muscogee","9","424","Georgia","5/16/20","364","60","13215","16.48"
"Newton","1","261","Georgia","5/16/20","252","9","13217","3.57"
"Oconee","2","80","Georgia","5/16/20","66","14","13219","21.21"
"Oglethorpe","0","55","Georgia","5/16/20","56","-1","13221","-1.79"
"Out of GA","64","1557","Georgia","5/16/20","1108","449","80013","40.52"
"Paulding","3","242","Georgia","5/16/20","222","20","13223","9.01"
"Peach","1","70","Georgia","5/16/20","62","8","13225","12.9"
"Pickens","0","35","Georgia","5/16/20","33","2","13227","6.06"
"Pierce","1","70","Georgia","5/16/20","65","5","13229","7.69"
"Pike","0","44","Georgia","5/16/20","41","3","13231","7.32"
"Polk","2","79","Georgia","5/16/20","65","14","13233","21.54"
"Pulaski","0","36","Georgia","5/16/20","34","2","13235","5.88"
"Putnam","3","77","Georgia","5/16/20","55","22","13237","40"
"Quitman","0","8","Georgia","5/16/20","6","2","13239","33.33"
"Rabun","0","14","Georgia","5/16/20","14","0","13241","0"
"Randolph","0","169","Georgia","5/16/20","168","1","13243","0.6"
"Richmond","7","490","Georgia","5/16/20","444","46","13245","10.36"
"Rockdale","3","249","Georgia","5/16/20","230","19","13247","8.26"
"Schley","0","16","Georgia","5/16/20","15","1","13249","6.67"
"Screven","0","19","Georgia","5/16/20","17","2","13251","11.76"
"Seminole","1","40","Georgia","5/16/20","34","6","13253","17.65"
"Spalding","1","239","Georgia","5/16/20","232","7","13255","3.02"
"Stephens","1","98","Georgia","5/16/20","91","7","13257","7.69"
"Stewart","1","37","Georgia","5/16/20","31","6","13259","19.35"
"Sumter","2","415","Georgia","5/16/20","399","16","13261","4.01"
"Talbot","0","28","Georgia","5/16/20","27","1","13263","3.7"
"Taliaferro","0","1","Georgia","5/16/20","1","0","13265","0"
"Tattnall","0","11","Georgia","5/16/20","9","2","13267","22.22"
"Taylor","1","22","Georgia","5/16/20","18","4","13269","22.22"
"Telfair","0","29","Georgia","5/16/20","28","1","13271","3.57"
"Terrell","0","199","Georgia","5/16/20","198","1","13273","0.51"
"Thomas","6","283","Georgia","5/16/20","242","41","13275","16.94"
"Tift","3","176","Georgia","5/16/20","152","24","13277","15.79"
"Toombs","1","44","Georgia","5/16/20","40","4","13279","10"
"Towns","0","21","Georgia","5/16/20","20","1","13281","5"
"Treutlen","0","8","Georgia","5/16/20","5","3","13283","60"
"Troup","2","199","Georgia","5/16/20","185","14","13285","7.57"
"Turner","0","81","Georgia","5/16/20","78","3","13287","3.85"
"Twiggs","0","9","Georgia","5/16/20","8","1","13289","12.5"
"Union","0","36","Georgia","5/16/20","34","2","13291","5.88"
"Upson","1","258","Georgia","5/16/20","249","9","13293","3.61"
"Walker","1","74","Georgia","5/16/20","64","10","13295","15.62"
"Walton","1","158","Georgia","5/16/20","151","7","13297","4.64"
"Ware","2","171","Georgia","5/16/20","155","16","13299","10.32"
"Warren","0","16","Georgia","5/16/20","14","2","13301","14.29"
"Washington","1","63","Georgia","5/16/20","53","10","13303","18.87"
"Wayne","0","14","Georgia","5/16/20","13","1","13305","7.69"
"Webster","0","11","Georgia","5/16/20","10","1","13307","10"
"Wheeler","0","7","Georgia","5/16/20","5","2","13309","40"
"White","0","89","Georgia","5/16/20","88","1","13311","1.14"
"Whitfield","4","180","Georgia","5/16/20","149","31","13313","20.81"
"Wilcox","0","95","Georgia","5/16/20","95","0","13315","0"
"Wilkes","0","28","Georgia","5/16/20","27","1","13317","3.7"
"Wilkinson","1","45","Georgia","5/16/20","39","6","13319","15.38"
"Worth","2","195","Georgia","5/16/20","182","13","13321","7.14"
"","0","103","Grand Princess","5/16/20","103","0",,"0"
"","0","154","Guam","5/16/20","151","3",,"1.99"
"Hawaii","0","76","Hawaii","5/16/20","75","1","15001","1.33"
"Honolulu","1","415","Hawaii","5/16/20","407","8","15003","1.97"
"Kauai","0","21","Hawaii","5/16/20","21","0","15007","0"
"Maui","0","117","Hawaii","5/16/20","117","0","15009","0"
"Out of HI","0","10","Hawaii","5/16/20","11","-1","80015","-9.09"
"Ada","6","773","Idaho","5/16/20","731","42","16001","5.75"
"Adams","0","3","Idaho","5/16/20","3","0","16003","0"
"Bannock","0","14","Idaho","5/16/20","12","2","16005","16.67"
"Bingham","0","6","Idaho","5/16/20","4","2","16011","50"
"Blaine","1","508","Idaho","5/16/20","499","9","16013","1.8"
"Bonner","0","4","Idaho","5/16/20","4","0","16017","0"
"Bonneville","0","33","Idaho","5/16/20","30","3","16019","10"
"Camas","0","1","Idaho","5/16/20","1","0","16025","0"
"Canyon","1","277","Idaho","5/16/20","272","5","16027","1.84"
"Caribou","0","1","Idaho","5/16/20","1","0","16029","0"
"Cassia","1","18","Idaho","5/16/20","14","4","16031","28.57"
"Custer","0","2","Idaho","5/16/20","2","0","16037","0"
"Elmore","0","31","Idaho","5/16/20","31","0","16039","0"
"Fremont","0","3","Idaho","5/16/20","3","0","16043","0"
"Gem","0","16","Idaho","5/16/20","16","0","16045","0"
"Gooding","1","25","Idaho","5/16/20","16","9","16047","56.25"
"Idaho","0","3","Idaho","5/16/20","3","0","16049","0"
"Jefferson","0","7","Idaho","5/16/20","5","2","16051","40"
"Jerome","4","95","Idaho","5/16/20","67","28","16053","41.79"
"Kootenai","0","65","Idaho","5/16/20","63","2","16055","3.17"
"Latah","0","6","Idaho","5/16/20","5","1","16057","20"
"Lemhi","0","1","Idaho","5/16/20","1","0","16059","0"
"Lincoln","0","29","Idaho","5/16/20","29","0","16063","0"
"Madison","0","19","Idaho","5/16/20","16","3","16065","18.75"
"Minidoka","1","15","Idaho","5/16/20","11","4","16067","36.36"
"Nez Perce","0","79","Idaho","5/16/20","78","1","16069","1.28"
"Owyhee","0","8","Idaho","5/16/20","8","0","16073","0"
"Payette","0","20","Idaho","5/16/20","17","3","16075","17.65"
"Power","0","3","Idaho","5/16/20","2","1","16077","50"
"Teton","0","11","Idaho","5/16/20","10","1","16081","10"
"Twin Falls","10","318","Idaho","5/16/20","248","70","16083","28.23"
"Valley","0","2","Idaho","5/16/20","2","0","16085","0"
"Washington","3","23","Idaho","5/16/20","1","22","16087","2200"
"Adams","0","42","Illinois","5/16/20","41","1","17001","2.44"
"Alexander","0","8","Illinois","5/16/20","6","2","17003","33.33"
"Bond","0","11","Illinois","5/16/20","8","3","17005","37.5"
"Boone","14","282","Illinois","5/16/20","185","97","17007","52.43"
"Brown","0","10","Illinois","5/16/20","8","2","17009","25"
"Bureau","0","15","Illinois","5/16/20","12","3","17011","25"
"Calhoun","0","1","Illinois","5/16/20","1","0","17013","0"
"Carroll","0","13","Illinois","5/16/20","10","3","17015","30"
"Cass","1","63","Illinois","5/16/20","56","7","17017","12.5"
"Champaign","16","366","Illinois","5/16/20","256","110","17019","42.97"
"Christian","0","30","Illinois","5/16/20","29","1","17021","3.45"
"Clark","0","9","Illinois","5/16/20","7","2","17023","28.57"
"Clay","0","2","Illinois","5/16/20","2","0","17025","0"
"Clinton","5","162","Illinois","5/16/20","126","36","17027","28.57"
"Coles","7","73","Illinois","5/16/20","23","50","17029","217.39"
"Cook","1363","61212","Illinois","5/16/20","51674","9538","17031","18.46"
"Crawford","0","11","Illinois","5/16/20","10","1","17033","10"
"Cumberland","1","8","Illinois","5/16/20","4","4","17035","100"
"De Witt","0","4","Illinois","5/16/20","3","1","17039","33.33"
"DeKalb","10","239","Illinois","5/16/20","170","69","17037","40.59"
"Douglas","0","23","Illinois","5/16/20","20","3","17041","15"
"DuPage","184","5780","Illinois","5/16/20","4493","1287","17043","28.64"
"Edwards","0","2","Illinois","5/16/20","0","2","17047","1"
"Effingham","0","6","Illinois","5/16/20","6","0","17049","0"
"Fayette","0","19","Illinois","5/16/20","17","2","17051","11.76"
"Ford","1","17","Illinois","5/16/20","13","4","17053","30.77"
"Franklin","0","11","Illinois","5/16/20","10","1","17055","10"
"Fulton","1","7","Illinois","5/16/20","3","4","17057","133.33"
"Gallatin","0","2","Illinois","5/16/20","2","0","17059","0"
"Greene","0","4","Illinois","5/16/20","4","0","17061","0"
"Grundy","2","73","Illinois","5/16/20","58","15","17063","25.86"
"Hamilton","0","2","Illinois","5/16/20","2","0","17065","0"
"Hancock","0","12","Illinois","5/16/20","11","1","17067","9.09"
"Hardin","0","1","Illinois","5/16/20","1","0","17069","0"
"Henderson","0","8","Illinois","5/16/20","6","2","17071","33.33"
"Henry","1","64","Illinois","5/16/20","58","6","17073","10.34"
"Iroquois","4","114","Illinois","5/16/20","89","25","17075","28.09"
"Jackson","3","181","Illinois","5/16/20","162","19","17077","11.73"
"Jasper","0","46","Illinois","5/16/20","46","0","17079","0"
"Jefferson","1","98","Illinois","5/16/20","94","4","17081","4.26"
"Jersey","0","18","Illinois","5/16/20","16","2","17083","12.5"
"Jo Daviess","0","18","Illinois","5/16/20","18","0","17085","0"
"Johnson","0","7","Illinois","5/16/20","4","3","17087","75"
"Kane","206","4263","Illinois","5/16/20","2818","1445","17089","51.28"
"Kankakee","25","657","Illinois","5/16/20","479","178","17091","37.16"
"Kendall","22","543","Illinois","5/16/20","388","155","17093","39.95"
"Knox","2","86","Illinois","5/16/20","71","15","17095","21.13"
"Lake","169","6382","Illinois","5/16/20","5199","1183","17097","22.75"
"LaSalle","3","121","Illinois","5/16/20","102","19","17099","18.63"
"Lawrence","0","4","Illinois","5/16/20","4","0","17101","0"
"Lee","2","74","Illinois","5/16/20","63","11","17103","17.46"
"Livingston","0","25","Illinois","5/16/20","24","1","17105","4.17"
"Logan","0","10","Illinois","5/16/20","9","1","17107","11.11"
"Macon","3","163","Illinois","5/16/20","140","23","17115","16.43"
"Macoupin","0","41","Illinois","5/16/20","38","3","17117","7.89"
"Madison","10","481","Illinois","5/16/20","414","67","17119","16.18"
"Marion","1","48","Illinois","5/16/20","43","5","17121","11.63"
"Marshall","0","5","Illinois","5/16/20","4","1","17123","25"
"Mason","0","16","Illinois","5/16/20","15","1","17125","6.67"
"Massac","0","6","Illinois","5/16/20","6","0","17127","0"
"McDonough","2","61","Illinois","5/16/20","49","12","17109","24.49"
"McHenry","31","1156","Illinois","5/16/20","936","220","17111","23.5"
"McLean","6","158","Illinois","5/16/20","115","43","17113","37.39"
"Menard","0","18","Illinois","5/16/20","17","1","17129","5.88"
"Mercer","1","15","Illinois","5/16/20","11","4","17131","36.36"
"Monroe","1","86","Illinois","5/16/20","79","7","17133","8.86"
"Montgomery","0","37","Illinois","5/16/20","34","3","17135","8.82"
"Morgan","1","35","Illinois","5/16/20","30","5","17137","16.67"
"Moultrie","0","8","Illinois","5/16/20","6","2","17139","33.33"
"Ogle","3","169","Illinois","5/16/20","148","21","17141","14.19"
"Out of IL","1","83","Illinois","5/16/20","77","6","80017","7.79"
"Peoria","3","155","Illinois","5/16/20","136","19","17143","13.97"
"Perry","0","38","Illinois","5/16/20","36","2","17145","5.56"
"Piatt","0","8","Illinois","5/16/20","7","1","17147","14.29"
"Pike","0","1","Illinois","5/16/20","1","0","17149","0"
"Pope","0","1","Illinois","5/16/20","1","0","17151","0"
"Pulaski","2","40","Illinois","5/16/20","27","13","17153","48.15"
"Putnam","0","2","Illinois","5/16/20","0","2","17155","1"
"Randolph","3","236","Illinois","5/16/20","217","19","17157","8.76"
"Richland","0","3","Illinois","5/16/20","3","0","17159","0"
"Rock Island","9","570","Illinois","5/16/20","507","63","17161","12.43"
"Saline","0","6","Illinois","5/16/20","5","1","17165","20"
"Sangamon","7","304","Illinois","5/16/20","256","48","17167","18.75"
"Schuyler","0","7","Illinois","5/16/20","7","0","17169","0"
"Shelby","0","13","Illinois","5/16/20","10","3","17173","30"
"St. Clair","13","783","Illinois","5/16/20","689","94","17163","13.64"
"Stark","0","1","Illinois","5/16/20","1","0","17175","0"
"Stephenson","7","136","Illinois","5/16/20","88","48","17177","54.55"
"Tazewell","0","62","Illinois","5/16/20","59","3","17179","5.08"
"Union","9","122","Illinois","5/16/20","62","60","17181","96.77"
"Vermilion","1","29","Illinois","5/16/20","25","4","17183","16"
"Wabash","0","1","Illinois","5/16/20","1","0","17185","0"
"Warren","1","106","Illinois","5/16/20","97","9","17187","9.28"
"Washington","0","17","Illinois","5/16/20","15","2","17189","13.33"
"Wayne","1","8","Illinois","5/16/20","3","5","17191","166.67"
"White","0","2","Illinois","5/16/20","2","0","17193","0"
"Whiteside","2","118","Illinois","5/16/20","102","16","17195","15.69"
"Will","97","4312","Illinois","5/16/20","3636","676","17197","18.59"
"Williamson","1","52","Illinois","5/16/20","44","8","17199","18.18"
"Winnebago","80","1436","Illinois","5/16/20","877","559","17201","63.74"
"Woodford","0","14","Illinois","5/16/20","15","-1","17203","-6.67"
"Adams","0","9","Indiana","5/16/20","8","1","18001","12.5"
"Allen","26","985","Indiana","5/16/20","800","185","18003","23.12"
"Bartholomew","9","408","Indiana","5/16/20","342","66","18005","19.3"
"Benton","1","21","Indiana","5/16/20","12","9","18007","75"
"Blackford","0","14","Indiana","5/16/20","13","1","18009","7.69"
"Boone","5","256","Indiana","5/16/20","219","37","18011","16.89"
"Brown","1","30","Indiana","5/16/20","25","5","18013","20"
"Carroll","1","78","Indiana","5/16/20","71","7","18015","9.86"
"Cass","7","1553","Indiana","5/16/20","1507","46","18017","3.05"
"Clark","4","400","Indiana","5/16/20","374","26","18019","6.95"
"Clay","1","29","Indiana","5/16/20","24","5","18021","20.83"
"Clinton","6","126","Indiana","5/16/20","85","41","18023","48.24"
"Crawford","0","22","Indiana","5/16/20","20","2","18025","10"
"Daviess","1","61","Indiana","5/16/20","54","7","18027","12.96"
"Dearborn","1","157","Indiana","5/16/20","148","9","18029","6.08"
"Decatur","1","217","Indiana","5/16/20","212","5","18031","2.36"
"DeKalb","0","25","Indiana","5/16/20","23","2","18033","8.7"
"Delaware","6","261","Indiana","5/16/20","219","42","18035","19.18"
"Dubois","6","85","Indiana","5/16/20","42","43","18037","102.38"
"Elkhart","29","638","Indiana","5/16/20","436","202","18039","46.33"
"Fayette","1","40","Indiana","5/16/20","36","4","18041","11.11"
"Floyd","10","297","Indiana","5/16/20","230","67","18043","29.13"
"Fountain","0","18","Indiana","5/16/20","15","3","18045","20"
"Franklin","0","106","Indiana","5/16/20","104","2","18047","1.92"
"Fulton","1","42","Indiana","5/16/20","36","6","18049","16.67"
"Gibson","0","10","Indiana","5/16/20","7","3","18051","42.86"
"Grant","1","161","Indiana","5/16/20","153","8","18053","5.23"
"Greene","1","154","Indiana","5/16/20","147","7","18055","4.76"
"Hamilton","12","1001","Indiana","5/16/20","920","81","18057","8.8"
"Hancock","3","287","Indiana","5/16/20","264","23","18059","8.71"
"Harrison","2","167","Indiana","5/16/20","156","11","18061","7.05"
"Hendricks","10","1020","Indiana","5/16/20","951","69","18063","7.26"
"Henry","7","123","Indiana","5/16/20","72","51","18065","70.83"
"Howard","6","285","Indiana","5/16/20","242","43","18067","17.77"
"Huntington","1","20","Indiana","5/16/20","13","7","18069","53.85"
"Jackson","7","320","Indiana","5/16/20","274","46","18071","16.79"
"Jasper","1","43","Indiana","5/16/20","37","6","18073","16.22"
"Jay","1","28","Indiana","5/16/20","21","7","18075","33.33"
"Jefferson","0","34","Indiana","5/16/20","34","0","18077","0"
"Jennings","2","112","Indiana","5/16/20","95","17","18079","17.89"
"Johnson","27","980","Indiana","5/16/20","790","190","18081","24.05"
"Knox","0","22","Indiana","5/16/20","20","2","18083","10"
"Kosciusko","3","57","Indiana","5/16/20","39","18","18085","46.15"
"LaGrange","2","49","Indiana","5/16/20","37","12","18087","32.43"
"Lake","60","2812","Indiana","5/16/20","2392","420","18089","17.56"
"LaPorte","5","355","Indiana","5/16/20","321","34","18091","10.59"
"Lawrence","2","133","Indiana","5/16/20","116","17","18093","14.66"
"Madison","6","538","Indiana","5/16/20","497","41","18095","8.25"
"Marion","129","8151","Indiana","5/16/20","7245","906","18097","12.51"
"Marshall","1","40","Indiana","5/16/20","32","8","18099","25"
"Martin","0","7","Indiana","5/16/20","7","0","18101","0"
"Miami","1","130","Indiana","5/16/20","123","7","18103","5.69"
"Monroe","0","144","Indiana","5/16/20","142","2","18105","1.41"
"Montgomery","6","167","Indiana","5/16/20","125","42","18107","33.6"
"Morgan","7","241","Indiana","5/16/20","194","47","18109","24.23"
"Newton","1","71","Indiana","5/16/20","64","7","18111","10.94"
"Noble","3","148","Indiana","5/16/20","128","20","18113","15.62"
"Ohio","0","12","Indiana","5/16/20","9","3","18115","33.33"
"Orange","1","120","Indiana","5/16/20","113","7","18117","6.19"
"Owen","0","27","Indiana","5/16/20","28","-1","18119","-3.57"
"Parke","0","18","Indiana","5/16/20","16","2","18121","12.5"
"Perry","0","19","Indiana","5/16/20","16","3","18123","18.75"
"Pike","0","5","Indiana","5/16/20","2","3","18125","150"
"Porter","11","388","Indiana","5/16/20","308","80","18127","25.97"
"Posey","0","16","Indiana","5/16/20","15","1","18129","6.67"
"Pulaski","0","34","Indiana","5/16/20","34","0","18131","0"
"Putnam","5","117","Indiana","5/16/20","85","32","18133","37.65"
"Randolph","1","30","Indiana","5/16/20","21","9","18135","42.86"
"Ripley","1","107","Indiana","5/16/20","98","9","18137","9.18"
"Rush","0","40","Indiana","5/16/20","37","3","18139","8.11"
"Scott","2","93","Indiana","5/16/20","79","14","18143","17.72"
"Shelby","4","280","Indiana","5/16/20","255","25","18145","9.8"
"Spencer","0","8","Indiana","5/16/20","7","1","18147","14.29"
"St. Joseph","23","947","Indiana","5/16/20","785","162","18141","20.64"
"Starke","1","27","Indiana","5/16/20","21","6","18149","28.57"
"Steuben","0","65","Indiana","5/16/20","62","3","18151","4.84"
"Sullivan","1","25","Indiana","5/16/20","20","5","18153","25"
"Switzerland","0","16","Indiana","5/16/20","14","2","18155","14.29"
"Tippecanoe","9","291","Indiana","5/16/20","225","66","18157","29.33"
"Tipton","0","21","Indiana","5/16/20","21","0","18159","0"
"Union","0","8","Indiana","5/16/20","8","0","18161","0"
"Vanderburgh","3","201","Indiana","5/16/20","182","19","18163","10.44"
"Vermillion","0","7","Indiana","5/16/20","7","0","18165","0"
"Vigo","4","106","Indiana","5/16/20","77","29","18167","37.66"
"Wabash","1","71","Indiana","5/16/20","64","7","18169","10.94"
"Warren","0","12","Indiana","5/16/20","12","0","18171","0"
"Warrick","4","148","Indiana","5/16/20","121","27","18173","22.31"
"Washington","0","50","Indiana","5/16/20","48","2","18175","4.17"
"Wayne","1","61","Indiana","5/16/20","52","9","18177","17.31"
"Wells","1","16","Indiana","5/16/20","10","6","18179","60"
"White","5","178","Indiana","5/16/20","145","33","18181","22.76"
"Whitley","1","28","Indiana","5/16/20","22","6","18183","27.27"
"Adair","0","4","Iowa","5/16/20","3","1","19001","33.33"
"Allamakee","2","116","Iowa","5/16/20","101","15","19005","14.85"
"Appanoose","0","7","Iowa","5/16/20","6","1","19007","16.67"
"Audubon","0","11","Iowa","5/16/20","9","2","19009","22.22"
"Benton","0","36","Iowa","5/16/20","34","2","19011","5.88"
"Black Hawk","13","1571","Iowa","5/16/20","1477","94","19013","6.36"
"Boone","1","41","Iowa","5/16/20","34","7","19015","20.59"
"Bremer","1","64","Iowa","5/16/20","58","6","19017","10.34"
"Buchanan","0","26","Iowa","5/16/20","23","3","19019","13.04"
"Buena Vista","7","82","Iowa","5/16/20","30","52","19021","173.33"
"Butler","0","13","Iowa","5/16/20","12","1","19023","8.33"
"Calhoun","0","1","Iowa","5/16/20","1","0","19025","0"
"Carroll","0","8","Iowa","5/16/20","6","2","19027","33.33"
"Cass","0","1","Iowa","5/16/20","1","0","19029","0"
"Cedar","0","42","Iowa","5/16/20","40","2","19031","5"
"Cerro Gordo","0","17","Iowa","5/16/20","15","2","19033","13.33"
"Cherokee","1","9","Iowa","5/16/20","4","5","19035","125"
"Chickasaw","0","7","Iowa","5/16/20","6","1","19037","16.67"
"Clarke","1","14","Iowa","5/16/20","5","9","19039","180"
"Clay","0","10","Iowa","5/16/20","9","1","19041","11.11"
"Clayton","1","28","Iowa","5/16/20","22","6","19043","27.27"
"Clinton","1","60","Iowa","5/16/20","55","5","19045","9.09"
"Crawford","25","348","Iowa","5/16/20","175","173","19047","98.86"
"Dallas","16","773","Iowa","5/16/20","660","113","19049","17.12"
"Davis","1","13","Iowa","5/16/20","9","4","19051","44.44"
"Delaware","1","12","Iowa","5/16/20","7","5","19055","71.43"
"Des Moines","0","37","Iowa","5/16/20","37","0","19057","0"
"Dickinson","0","6","Iowa","5/16/20","6","0","19059","0"
"Dubuque","10","258","Iowa","5/16/20","188","70","19061","37.23"
"Emmet","0","1","Iowa","5/16/20","0","1","19063","1"
"Fayette","0","25","Iowa","5/16/20","24","1","19065","4.17"
"Floyd","1","11","Iowa","5/16/20","3","8","19067","266.67"
"Franklin","0","7","Iowa","5/16/20","6","1","19069","16.67"
"Fremont","0","3","Iowa","5/16/20","1","2","19071","200"
"Greene","0","13","Iowa","5/16/20","13","0","19073","0"
"Grundy","0","17","Iowa","5/16/20","15","2","19075","13.33"
"Guthrie","1","37","Iowa","5/16/20","33","4","19077","12.12"
"Hamilton","0","11","Iowa","5/16/20","9","2","19079","22.22"
"Hancock","0","3","Iowa","5/16/20","3","0","19081","0"
"Hardin","0","12","Iowa","5/16/20","12","0","19083","0"
"Harrison","0","17","Iowa","5/16/20","17","0","19085","0"
"Henry","0","44","Iowa","5/16/20","43","1","19087","2.33"
"Howard","0","12","Iowa","5/16/20","12","0","19089","0"
"Humboldt","0","7","Iowa","5/16/20","6","1","19091","16.67"
"Ida","0","3","Iowa","5/16/20","0","3","19093","1"
"Iowa","0","28","Iowa","5/16/20","27","1","19095","3.7"
"Jackson","0","8","Iowa","5/16/20","7","1","19097","14.29"
"Jasper","1","242","Iowa","5/16/20","238","4","19099","1.68"
"Jefferson","1","12","Iowa","5/16/20","6","6","19101","100"
"Johnson","3","567","Iowa","5/16/20","549","18","19103","3.28"
"Jones","1","36","Iowa","5/16/20","31","5","19105","16.13"
"Keokuk","0","10","Iowa","5/16/20","7","3","19107","42.86"
"Kossuth","0","2","Iowa","5/16/20","2","0","19109","0"
"Lee","0","18","Iowa","5/16/20","18","0","19111","0"
"Linn","10","892","Iowa","5/16/20","819","73","19113","8.91"
"Louisa","3","306","Iowa","5/16/20","282","24","19115","8.51"
"Lyon","0","16","Iowa","5/16/20","16","0","19119","0"
"Madison","1","16","Iowa","5/16/20","11","5","19121","45.45"
"Mahaska","0","23","Iowa","5/16/20","20","3","19123","15"
"Marion","1","20","Iowa","5/16/20","13","7","19125","53.85"
"Marshall","11","778","Iowa","5/16/20","702","76","19127","10.83"
"Mills","0","10","Iowa","5/16/20","8","2","19129","25"
"Mitchell","0","4","Iowa","5/16/20","3","1","19131","33.33"
"Monona","0","15","Iowa","5/16/20","12","3","19133","25"
"Monroe","2","19","Iowa","5/16/20","4","15","19135","375"
"Montgomery","0","6","Iowa","5/16/20","4","2","19137","50"
"Muscatine","8","524","Iowa","5/16/20","471","53","19139","11.25"
"O'Brien","1","22","Iowa","5/16/20","15","7","19141","46.67"
"Osceola","1","26","Iowa","5/16/20","19","7","19143","36.84"
"Page","0","10","Iowa","5/16/20","9","1","19145","11.11"
"Palo Alto","0","2","Iowa","5/16/20","1","1","19147","100"
"Plymouth","4","82","Iowa","5/16/20","51","31","19149","60.78"
"Pocahontas","0","3","Iowa","5/16/20","3","0","19151","0"
"Polk","93","2845","Iowa","5/16/20","2194","651","19153","29.67"
"Pottawattamie","10","150","Iowa","5/16/20","82","68","19155","82.93"
"Poweshiek","1","85","Iowa","5/16/20","79","6","19157","7.59"
"Sac","0","4","Iowa","5/16/20","2","2","19161","100"
"Scott","3","301","Iowa","5/16/20","279","22","19163","7.89"
"Shelby","0","20","Iowa","5/16/20","18","2","19165","11.11"
"Sioux","13","131","Iowa","5/16/20","42","89","19167","211.9"
"Story","3","75","Iowa","5/16/20","55","20","19169","36.36"
"Tama","4","354","Iowa","5/16/20","327","27","19171","8.26"
"Taylor","0","1","Iowa","5/16/20","1","0","19173","0"
"Union","0","2","Iowa","5/16/20","1","1","19175","100"
"Van Buren","0","8","Iowa","5/16/20","8","0","19177","0"
"Wapello","21","360","Iowa","5/16/20","212","148","19179","69.81"
"Warren","3","66","Iowa","5/16/20","42","24","19181","57.14"
"Washington","2","170","Iowa","5/16/20","156","14","19183","8.97"
"Wayne","0","1","Iowa","5/16/20","1","0","19185","0"
"Webster","1","13","Iowa","5/16/20","9","4","19187","44.44"
"Winnebago","0","6","Iowa","5/16/20","3","3","19189","100"
"Winneshiek","0","18","Iowa","5/16/20","18","0","19191","0"
"Woodbury","86","2157","Iowa","5/16/20","1554","603","19193","38.8"
"Worth","0","3","Iowa","5/16/20","1","2","19195","200"
"Wright","0","8","Iowa","5/16/20","6","2","19197","33.33"
"Anderson","0","1","Kansas","5/16/20","0","1","20003","1"
"Atchison","0","15","Kansas","5/16/20","12","3","20005","25"
"Barber","0","1","Kansas","5/16/20","1","0","20007","0"
"Barton","2","30","Kansas","5/16/20","19","11","20009","57.89"
"Bourbon","0","6","Kansas","5/16/20","6","0","20011","0"
"Brown","0","3","Kansas","5/16/20","1","2","20013","200"
"Butler","1","18","Kansas","5/16/20","14","4","20015","28.57"
"Chase","0","3","Kansas","5/16/20","3","0","20017","0"
"Chautauqua","0","4","Kansas","5/16/20","4","0","20019","0"
"Cherokee","0","8","Kansas","5/16/20","8","0","20021","0"
"Cheyenne","0","2","Kansas","5/16/20","2","0","20023","0"
"Clark","0","20","Kansas","5/16/20","17","3","20025","17.65"
"Clay","0","4","Kansas","5/16/20","4","0","20027","0"
"Cloud","0","4","Kansas","5/16/20","4","0","20029","0"
"Coffey","0","50","Kansas","5/16/20","50","0","20031","0"
"Cowley","0","4","Kansas","5/16/20","3","1","20035","33.33"
"Crawford","0","8","Kansas","5/16/20","8","0","20037","0"
"Dickinson","0","2","Kansas","5/16/20","2","0","20041","0"
"Doniphan","0","9","Kansas","5/16/20","7","2","20043","28.57"
"Douglas","1","60","Kansas","5/16/20","56","4","20045","7.14"
"Edwards","0","4","Kansas","5/16/20","4","0","20047","0"
"Ellis","0","8","Kansas","5/16/20","8","0","20051","0"
"Ellsworth","0","2","Kansas","5/16/20","2","0","20053","0"
"Finney","47","1234","Kansas","5/16/20","902","332","20055","36.81"
"Ford","36","1311","Kansas","5/16/20","1061","250","20057","23.56"
"Franklin","2","32","Kansas","5/16/20","20","12","20059","60"
"Geary","0","14","Kansas","5/16/20","14","0","20061","0"
"Gove","0","1","Kansas","5/16/20","1","0","20063","0"
"Grant","0","14","Kansas","5/16/20","11","3","20067","27.27"
"Gray","1","12","Kansas","5/16/20","7","5","20069","71.43"
"Greenwood","0","3","Kansas","5/16/20","3","0","20073","0"
"Hamilton","0","9","Kansas","5/16/20","8","1","20075","12.5"
"Harper","0","1","Kansas","5/16/20","1","0","20077","0"
"Harvey","0","10","Kansas","5/16/20","9","1","20079","11.11"
"Haskell","0","16","Kansas","5/16/20","15","1","20081","6.67"
"Jackson","3","24","Kansas","5/16/20","3","21","20085","700"
"Jefferson","1","19","Kansas","5/16/20","12","7","20087","58.33"
"Jewell","0","4","Kansas","5/16/20","4","0","20089","0"
"Johnson","8","642","Kansas","5/16/20","583","59","20091","10.12"
"Kearny","1","36","Kansas","5/16/20","30","6","20093","20"
"Kiowa","0","2","Kansas","5/16/20","2","0","20097","0"
"Labette","0","22","Kansas","5/16/20","22","0","20099","0"
"Leavenworth","7","958","Kansas","5/16/20","908","50","20103","5.51"
"Linn","0","6","Kansas","5/16/20","6","0","20107","0"
"Lyon","2","310","Kansas","5/16/20","298","12","20111","4.03"
"Marion","0","5","Kansas","5/16/20","5","0","20115","0"
"McPherson","0","26","Kansas","5/16/20","25","1","20113","4"
"Meade","0","22","Kansas","5/16/20","21","1","20119","4.76"
"Miami","0","6","Kansas","5/16/20","6","0","20121","0"
"Mitchell","0","3","Kansas","5/16/20","3","0","20123","0"
"Montgomery","0","20","Kansas","5/16/20","21","-1","20125","-4.76"
"Morris","0","3","Kansas","5/16/20","3","0","20127","0"
"Morton","0","4","Kansas","5/16/20","3","1","20129","33.33"
"Nemaha","0","1","Kansas","5/16/20","1","0","20131","0"
"Neosho","0","2","Kansas","5/16/20","2","0","20133","0"
"Norton","0","2","Kansas","5/16/20","2","0","20137","0"
"Osage","0","6","Kansas","5/16/20","5","1","20139","20"
"Osborne","0","2","Kansas","5/16/20","2","0","20141","0"
"Ottawa","0","4","Kansas","5/16/20","4","0","20143","0"
"Phillips","0","2","Kansas","5/16/20","1","1","20147","100"
"Pottawatomie","0","19","Kansas","5/16/20","16","3","20149","18.75"
"Pratt","0","1","Kansas","5/16/20","1","0","20151","0"
"Reno","0","41","Kansas","5/16/20","41","0","20155","0"
"Republic","0","4","Kansas","5/16/20","4","0","20157","0"
"Rice","0","4","Kansas","5/16/20","3","1","20159","33.33"
"Riley","0","60","Kansas","5/16/20","57","3","20161","5.26"
"Rooks","0","6","Kansas","5/16/20","6","0","20163","0"
"Saline","0","24","Kansas","5/16/20","21","3","20169","14.29"
"Scott","1","8","Kansas","5/16/20","3","5","20171","166.67"
"Sedgwick","11","534","Kansas","5/16/20","458","76","20173","16.59"
"Seward","11","758","Kansas","5/16/20","681","77","20175","11.31"
"Shawnee","4","185","Kansas","5/16/20","160","25","20177","15.62"
"Sheridan","0","2","Kansas","5/16/20","2","0","20179","0"
"Sherman","0","6","Kansas","5/16/20","5","1","20181","20"
"Smith","0","2","Kansas","5/16/20","2","0","20183","0"
"Stafford","0","1","Kansas","5/16/20","1","0","20185","0"
"Stanton","0","9","Kansas","5/16/20","9","0","20187","0"
"Stevens","1","26","Kansas","5/16/20","17","9","20189","52.94"
"Sumner","0","6","Kansas","5/16/20","4","2","20191","50"
"Wabaunsee","0","28","Kansas","5/16/20","27","1","20197","3.7"
"Wichita","0","1","Kansas","5/16/20","0","1","20203","1"
"Wilson","0","1","Kansas","5/16/20","1","0","20205","0"
"Woodson","0","6","Kansas","5/16/20","6","0","20207","0"
"Wyandotte","15","1153","Kansas","5/16/20","1045","108","20209","10.33"
"Adair","1","92","Kentucky","5/16/20","86","6","21001","6.98"
"Allen","2","38","Kentucky","5/16/20","25","13","21003","52"
"Anderson","0","10","Kentucky","5/16/20","9","1","21005","11.11"
"Ballard","0","10","Kentucky","5/16/20","8","2","21007","25"
"Barren","1","34","Kentucky","5/16/20","28","6","21009","21.43"
"Bath","0","7","Kentucky","5/16/20","5","2","21011","40"
"Boone","15","316","Kentucky","5/16/20","210","106","21015","50.48"
"Bourbon","0","8","Kentucky","5/16/20","8","0","21017","0"
"Boyd","1","38","Kentucky","5/16/20","32","6","21019","18.75"
"Boyle","0","18","Kentucky","5/16/20","17","1","21021","5.88"
"Bracken","0","9","Kentucky","5/16/20","10","-1","21023","-10"
"Breathitt","0","2","Kentucky","5/16/20","2","0","21025","0"
"Breckinridge","0","14","Kentucky","5/16/20","13","1","21027","7.69"
"Bullitt","2","93","Kentucky","5/16/20","82","11","21029","13.41"
"Butler","3","217","Kentucky","5/16/20","195","22","21031","11.28"
"Caldwell","0","12","Kentucky","5/16/20","12","0","21033","0"
"Calloway","1","46","Kentucky","5/16/20","37","9","21035","24.32"
"Campbell","2","131","Kentucky","5/16/20","115","16","21037","13.91"
"Carlisle","0","3","Kentucky","5/16/20","3","0","21039","0"
"Carroll","0","2","Kentucky","5/16/20","2","0","21041","0"
"Carter","0","8","Kentucky","5/16/20","6","2","21043","33.33"
"Casey","0","2","Kentucky","5/16/20","1","1","21045","100"
"Christian","0","95","Kentucky","5/16/20","93","2","21047","2.15"
"Clark","0","20","Kentucky","5/16/20","20","0","21049","0"
"Clay","0","2","Kentucky","5/16/20","2","0","21051","0"
"Clinton","0","3","Kentucky","5/16/20","3","0","21053","0"
"Crittenden","0","4","Kentucky","5/16/20","4","0","21055","0"
"Cumberland","0","5","Kentucky","5/16/20","5","0","21057","0"
"Daviess","4","287","Kentucky","5/16/20","260","27","21059","10.38"
"Edmonson","1","50","Kentucky","5/16/20","45","5","21061","11.11"
"Fayette","26","550","Kentucky","5/16/20","368","182","21067","49.46"
"Fleming","0","1","Kentucky","5/16/20","1","0","21069","0"
"Floyd","0","16","Kentucky","5/16/20","15","1","21071","6.67"
"Franklin","0","20","Kentucky","5/16/20","17","3","21073","17.65"
"Fulton","0","1","Kentucky","5/16/20","1","0","21075","0"
"Gallatin","0","2","Kentucky","5/16/20","1","1","21077","100"
"Garrard","0","4","Kentucky","5/16/20","3","1","21079","33.33"
"Grant","0","32","Kentucky","5/16/20","30","2","21081","6.67"
"Graves","1","152","Kentucky","5/16/20","148","4","21083","2.7"
"Grayson","1","103","Kentucky","5/16/20","95","8","21085","8.42"
"Green","0","1","Kentucky","5/16/20","1","0","21087","0"
"Greenup","0","13","Kentucky","5/16/20","12","1","21089","8.33"
"Hancock","0","7","Kentucky","5/16/20","6","1","21091","16.67"
"Hardin","2","73","Kentucky","5/16/20","61","12","21093","19.67"
"Harlan","0","1","Kentucky","5/16/20","1","0","21095","0"
"Harrison","0","19","Kentucky","5/16/20","19","0","21097","0"
"Hart","1","15","Kentucky","5/16/20","8","7","21099","87.5"
"Henderson","1","87","Kentucky","5/16/20","77","10","21101","12.99"
"Henry","0","12","Kentucky","5/16/20","9","3","21103","33.33"
"Hickman","0","5","Kentucky","5/16/20","5","0","21105","0"
"Hopkins","0","215","Kentucky","5/16/20","214","1","21107","0.47"
"Jackson","0","57","Kentucky","5/16/20","56","1","21109","1.79"
"Jefferson","32","1865","Kentucky","5/16/20","1642","223","21111","13.58"
"Jessamine","1","50","Kentucky","5/16/20","46","4","21113","8.7"
"Johnson","0","5","Kentucky","5/16/20","5","0","21115","0"
"Kenton","9","444","Kentucky","5/16/20","383","61","21117","15.93"
"Knott","0","4","Kentucky","5/16/20","4","0","21119","0"
"Knox","0","8","Kentucky","5/16/20","7","1","21121","14.29"
"Larue","0","6","Kentucky","5/16/20","6","0","21123","0"
"Laurel","0","21","Kentucky","5/16/20","22","-1","21125","-4.55"
"Lawrence","0","1","Kentucky","5/16/20","1","0","21127","0"
"Leslie","0","6","Kentucky","5/16/20","5","1","21131","20"
"Letcher","0","5","Kentucky","5/16/20","3","2","21133","66.67"
"Lewis","0","8","Kentucky","5/16/20","5","3","21135","60"
"Lincoln","0","7","Kentucky","5/16/20","5","2","21137","40"
"Livingston","0","7","Kentucky","5/16/20","6","1","21139","16.67"
"Logan","6","87","Kentucky","5/16/20","46","41","21141","89.13"
"Lyon","0","14","Kentucky","5/16/20","14","0","21143","0"
"Madison","1","43","Kentucky","5/16/20","34","9","21151","26.47"
"Magoffin","0","1","Kentucky","5/16/20","0","1","21153","1"
"Marion","0","17","Kentucky","5/16/20","17","0","21155","0"
"Marshall","0","35","Kentucky","5/16/20","34","1","21157","2.94"
"Martin","0","3","Kentucky","5/16/20","3","0","21159","0"
"Mason","0","8","Kentucky","5/16/20","7","1","21161","14.29"
"McCracken","2","81","Kentucky","5/16/20","69","12","21145","17.39"
"McCreary","0","13","Kentucky","5/16/20","12","1","21147","8.33"
"McLean","0","19","Kentucky","5/16/20","16","3","21149","18.75"
"Meade","0","20","Kentucky","5/16/20","18","2","21163","11.11"
"Menifee","0","3","Kentucky","5/16/20","3","0","21165","0"
"Mercer","0","12","Kentucky","5/16/20","11","1","21167","9.09"
"Metcalfe","0","3","Kentucky","5/16/20","2","1","21169","50"
"Monroe","0","6","Kentucky","5/16/20","6","0","21171","0"
"Montgomery","1","16","Kentucky","5/16/20","11","5","21173","45.45"
"Morgan","0","1","Kentucky","5/16/20","1","0","21175","0"
"Muhlenberg","2","465","Kentucky","5/16/20","453","12","21177","2.65"
"Nelson","0","32","Kentucky","5/16/20","30","2","21179","6.67"
"Nicholas","0","1","Kentucky","5/16/20","1","0","21181","0"
"Ohio","6","113","Kentucky","5/16/20","68","45","21183","66.18"
"Oldham","2","55","Kentucky","5/16/20","38","17","21185","44.74"
"Owen","0","1","Kentucky","5/16/20","1","0","21187","0"
"Owsley","0","2","Kentucky","5/16/20","2","0","21189","0"
"Pendleton","0","6","Kentucky","5/16/20","5","1","21191","20"
"Perry","1","19","Kentucky","5/16/20","14","5","21193","35.71"
"Pike","2","28","Kentucky","5/16/20","15","13","21195","86.67"
"Powell","0","1","Kentucky","5/16/20","1","0","21197","0"
"Pulaski","1","49","Kentucky","5/16/20","43","6","21199","13.95"
"Rockcastle","0","12","Kentucky","5/16/20","13","-1","21203","-7.69"
"Rowan","0","6","Kentucky","5/16/20","3","3","21205","100"
"Russell","1","23","Kentucky","5/16/20","18","5","21207","27.78"
"Scott","0","34","Kentucky","5/16/20","32","2","21209","6.25"
"Shelby","4","75","Kentucky","5/16/20","49","26","21211","53.06"
"Simpson","1","37","Kentucky","5/16/20","32","5","21213","15.62"
"Spencer","0","16","Kentucky","5/16/20","16","0","21215","0"
"Taylor","0","9","Kentucky","5/16/20","9","0","21217","0"
"Todd","0","17","Kentucky","5/16/20","14","3","21219","21.43"
"Trigg","0","9","Kentucky","5/16/20","9","0","21221","0"
"Trimble","0","3","Kentucky","5/16/20","3","0","21223","0"
"Union","0","10","Kentucky","5/16/20","10","0","21225","0"
"Warren","35","776","Kentucky","5/16/20","530","246","21227","46.42"
"Washington","0","6","Kentucky","5/16/20","5","1","21229","20"
"Wayne","0","8","Kentucky","5/16/20","8","0","21231","0"
"Webster","1","32","Kentucky","5/16/20","26","6","21233","23.08"
"Whitley","0","12","Kentucky","5/16/20","11","1","21235","9.09"
"Woodford","0","19","Kentucky","5/16/20","17","2","21239","11.76"
"Acadia","6","192","Louisiana","5/16/20","151","41","22001","27.15"
"Allen","1","99","Louisiana","5/16/20","90","9","22003","10"
"Ascension","9","752","Louisiana","5/16/20","689","63","22005","9.14"
"Assumption","3","229","Louisiana","5/16/20","208","21","22007","10.1"
"Avoyelles","2","89","Louisiana","5/16/20","74","15","22009","20.27"
"Beauregard","1","51","Louisiana","5/16/20","46","5","22011","10.87"
"Bienville","1","82","Louisiana","5/16/20","77","5","22013","6.49"
"Bossier","5","342","Louisiana","5/16/20","310","32","22015","10.32"
"Caddo","17","1864","Louisiana","5/16/20","1743","121","22017","6.94"
"Calcasieu","3","514","Louisiana","5/16/20","490","24","22019","4.9"
"Caldwell","0","50","Louisiana","5/16/20","48","2","22021","4.17"
"Cameron","0","3","Louisiana","5/16/20","3","0","22023","0"
"Catahoula","3","104","Louisiana","5/16/20","83","21","22025","25.3"
"Claiborne","0","58","Louisiana","5/16/20","59","-1","22027","-1.69"
"Concordia","2","56","Louisiana","5/16/20","43","13","22029","30.23"
"De Soto","1","218","Louisiana","5/16/20","213","5","22031","2.35"
"East Baton Rouge","94","3009","Louisiana","5/16/20","2348","661","22033","28.15"
"East Carroll","2","32","Louisiana","5/16/20","17","15","22035","88.24"
"East Feliciana","6","176","Louisiana","5/16/20","136","40","22037","29.41"
"Evangeline","0","66","Louisiana","5/16/20","67","-1","22039","-1.49"
"Franklin","11","268","Louisiana","5/16/20","188","80","22041","42.55"
"Grant","0","20","Louisiana","5/16/20","18","2","22043","11.11"
"Iberia","10","353","Louisiana","5/16/20","285","68","22045","23.86"
"Iberville","4","524","Louisiana","5/16/20","495","29","22047","5.86"
"Jackson","1","68","Louisiana","5/16/20","59","9","22049","15.25"
"Jefferson","43","6982","Louisiana","5/16/20","6679","303","22051","4.54"
"Jefferson Davis","0","69","Louisiana","5/16/20","67","2","22053","2.99"
"Lafayette","11","578","Louisiana","5/16/20","498","80","22055","16.06"
"Lafourche","5","738","Louisiana","5/16/20","706","32","22057","4.53"
"LaSalle","1","37","Louisiana","5/16/20","33","4","22059","12.12"
"Lincoln","2","119","Louisiana","5/16/20","106","13","22061","12.26"
"Livingston","10","344","Louisiana","5/16/20","277","67","22063","24.19"
"Madison","2","24","Louisiana","5/16/20","12","12","22065","100"
"Morehouse","4","85","Louisiana","5/16/20","60","25","22067","41.67"
"Natchitoches","0","101","Louisiana","5/16/20","98","3","22069","3.06"
"Orleans","15","6781","Louisiana","5/16/20","6674","107","22071","1.6"
"Ouachita","14","931","Louisiana","5/16/20","836","95","22073","11.36"
"Plaquemines","1","194","Louisiana","5/16/20","189","5","22075","2.65"
"Pointe Coupee","5","163","Louisiana","5/16/20","126","37","22077","29.37"
"Rapides","12","437","Louisiana","5/16/20","351","86","22079","24.5"
"Red River","1","42","Louisiana","5/16/20","36","6","22081","16.67"
"Richland","1","106","Louisiana","5/16/20","99","7","22083","7.07"
"Sabine","2","29","Louisiana","5/16/20","17","12","22085","70.59"
"St. Bernard","0","511","Louisiana","5/16/20","512","-1","22087","-0.2"
"St. Charles","3","613","Louisiana","5/16/20","593","20","22089","3.37"
"St. Helena","1","41","Louisiana","5/16/20","35","6","22091","17.14"
"St. James","4","282","Louisiana","5/16/20","257","25","22093","9.73"
"St. John the Baptist","4","829","Louisiana","5/16/20","801","28","22095","3.5"
"St. Landry","3","230","Louisiana","5/16/20","211","19","22097","9"
"St. Martin","2","272","Louisiana","5/16/20","257","15","22099","5.84"
"St. Mary","4","269","Louisiana","5/16/20","242","27","22101","11.16"
"St. Tammany","12","1528","Louisiana","5/16/20","1447","81","22103","5.6"
"Tangipahoa","10","719","Louisiana","5/16/20","652","67","22105","10.28"
"Tensas","0","5","Louisiana","5/16/20","6","-1","22107","-16.67"
"Terrebonne","6","567","Louisiana","5/16/20","523","44","22109","8.41"
"Union","11","236","Louisiana","5/16/20","162","74","22111","45.68"
"Vermilion","0","44","Louisiana","5/16/20","41","3","22113","7.32"
"Vernon","0","20","Louisiana","5/16/20","18","2","22115","11.11"
"Washington","4","363","Louisiana","5/16/20","335","28","22117","8.36"
"Webster","2","113","Louisiana","5/16/20","97","16","22119","16.49"
"West Baton Rouge","4","148","Louisiana","5/16/20","122","26","22121","21.31"
"West Carroll","1","12","Louisiana","5/16/20","4","8","22123","200"
"West Feliciana","0","184","Louisiana","5/16/20","183","1","22125","0.55"
"Winn","4","80","Louisiana","5/16/20","51","29","22127","56.86"
"Androscoggin","5","120","Maine","5/16/20","82","38","23001","46.34"
"Aroostook","0","7","Maine","5/16/20","6","1","23003","16.67"
"Cumberland","19","821","Maine","5/16/20","685","136","23005","19.85"
"Franklin","0","33","Maine","5/16/20","31","2","23007","6.45"
"Hancock","0","10","Maine","5/16/20","10","0","23009","0"
"Kennebec","2","120","Maine","5/16/20","109","11","23011","10.09"
"Knox","0","21","Maine","5/16/20","18","3","23013","16.67"
"Lincoln","0","17","Maine","5/16/20","15","2","23015","13.33"
"Oxford","0","17","Maine","5/16/20","17","0","23017","0"
"Penobscot","1","93","Maine","5/16/20","89","4","23019","4.49"
"Piscataquis","0","1","Maine","5/16/20","1","0","23021","0"
"Sagadahoc","1","26","Maine","5/16/20","20","6","23023","30"
"Somerset","0","20","Maine","5/16/20","17","3","23025","17.65"
"Waldo","0","50","Maine","5/16/20","49","1","23027","2.04"
"Washington","0","2","Maine","5/16/20","2","0","23029","0"
"York","5","288","Maine","5/16/20","256","32","23031","12.5"
"Allegany","2","160","Maryland","5/16/20","144","16","24001","11.11"
"Anne Arundel","61","2801","Maryland","5/16/20","2372","429","24003","18.09"
"Baltimore","116","4549","Maryland","5/16/20","3737","812","24005","21.73"
"Baltimore City","73","3719","Maryland","5/16/20","3208","511","24510","15.93"
"Calvert","5","237","Maryland","5/16/20","202","35","24009","17.33"
"Caroline","13","200","Maryland","5/16/20","110","90","24011","81.82"
"Carroll","12","633","Maryland","5/16/20","551","82","24013","14.88"
"Cecil","13","308","Maryland","5/16/20","219","89","24015","40.64"
"Charles","16","844","Maryland","5/16/20","729","115","24017","15.78"
"Dorchester","3","111","Maryland","5/16/20","91","20","24019","21.98"
"Frederick","27","1402","Maryland","5/16/20","1213","189","24021","15.58"
"Garrett","0","7","Maryland","5/16/20","6","1","24023","16.67"
"Harford","13","678","Maryland","5/16/20","589","89","24025","15.11"
"Howard","26","1352","Maryland","5/16/20","1170","182","24027","15.56"
"Kent","5","138","Maryland","5/16/20","102","36","24029","35.29"
"Montgomery","205","7988","Maryland","5/16/20","6555","1433","24031","21.86"
"Prince George's","261","11031","Maryland","5/16/20","9205","1826","24033","19.84"
"Queen Anne's","6","112","Maryland","5/16/20","72","40","24035","55.56"
"Somerset","2","55","Maryland","5/16/20","42","13","24039","30.95"
"St. Mary's","10","306","Maryland","5/16/20","234","72","24037","30.77"
"Talbot","1","68","Maryland","5/16/20","58","10","24041","17.24"
"Washington","10","332","Maryland","5/16/20","265","67","24043","25.28"
"Wicomico","35","801","Maryland","5/16/20","558","243","24045","43.55"
"Worcester","5","136","Maryland","5/16/20","102","34","24047","33.33"
"Barnstable","15","1219","Massachusetts","5/16/20","1112","107","25001","9.62"
"Berkshire","4","511","Massachusetts","5/16/20","483","28","25003","5.8"
"Bristol","133","5868","Massachusetts","5/16/20","4934","934","25005","18.93"
"Dukes and Nantucket","1","44","Massachusetts","5/16/20","39","5","00000","12.82"
"Essex","169","12609","Massachusetts","5/16/20","11429","1180","25009","10.32"
"Franklin","2","314","Massachusetts","5/16/20","301","13","25011","4.32"
"Hampden","72","5231","Massachusetts","5/16/20","4725","506","25013","10.71"
"Hampshire","14","776","Massachusetts","5/16/20","679","97","25015","14.29"
"Middlesex","250","19445","Massachusetts","5/16/20","17694","1751","25017","9.9"
"Norfolk","87","7780","Massachusetts","5/16/20","7172","608","25021","8.48"
"Plymouth","103","7223","Massachusetts","5/16/20","6504","719","25023","11.05"
"Suffolk","193","16777","Massachusetts","5/16/20","15423","1354","25025","8.78"
"Worcester","213","9233","Massachusetts","5/16/20","7743","1490","25027","19.24"
"Alcona","0","9","Michigan","5/16/20","7","2","26001","28.57"
"Allegan","6","205","Michigan","5/16/20","163","42","26005","25.77"
"Alpena","1","98","Michigan","5/16/20","94","4","26007","4.26"
"Antrim","0","12","Michigan","5/16/20","11","1","26009","9.09"
"Arenac","0","34","Michigan","5/16/20","31","3","26011","9.68"
"Baraga","0","1","Michigan","5/16/20","1","0","26013","0"
"Barry","1","69","Michigan","5/16/20","62","7","26015","11.29"
"Bay","7","269","Michigan","5/16/20","220","49","26017","22.27"
"Benzie","0","4","Michigan","5/16/20","4","0","26019","0"
"Berrien","17","623","Michigan","5/16/20","501","122","26021","24.35"
"Branch","2","101","Michigan","5/16/20","84","17","26023","20.24"
"Calhoun","6","330","Michigan","5/16/20","289","41","26025","14.19"
"Cass","2","64","Michigan","5/16/20","52","12","26027","23.08"
"Charlevoix","0","17","Michigan","5/16/20","14","3","26029","21.43"
"Cheboygan","0","24","Michigan","5/16/20","24","0","26031","0"
"Chippewa","0","4","Michigan","5/16/20","3","1","26033","33.33"
"Clare","0","15","Michigan","5/16/20","12","3","26035","25"
"Clinton","1","152","Michigan","5/16/20","143","9","26037","6.29"
"Crawford","0","61","Michigan","5/16/20","61","0","26039","0"
"Delta","0","16","Michigan","5/16/20","15","1","26041","6.67"
"Dickinson","0","5","Michigan","5/16/20","5","0","26043","0"
"Eaton","2","192","Michigan","5/16/20","175","17","26045","9.71"
"Emmet","0","25","Michigan","5/16/20","25","0","26047","0"
"Federal Correctional Institution (FCI)","1","116","Michigan","5/16/20","110","6","00000","5.45"
"Genesee","26","2141","Michigan","5/16/20","1959","182","26049","9.29"
"Gladwin","0","17","Michigan","5/16/20","16","1","26051","6.25"
"Gogebic","0","4","Michigan","5/16/20","4","0","26053","0"
"Grand Traverse","0","24","Michigan","5/16/20","21","3","26055","14.29"
"Gratiot","2","47","Michigan","5/16/20","33","14","26057","42.42"
"Hillsdale","3","171","Michigan","5/16/20","153","18","26059","11.76"
"Houghton","0","2","Michigan","5/16/20","2","0","26061","0"
"Huron","1","48","Michigan","5/16/20","41","7","26063","17.07"
"Ingham","11","676","Michigan","5/16/20","601","75","26065","12.48"
"Ionia","2","129","Michigan","5/16/20","117","12","26067","10.26"
"Iosco","1","73","Michigan","5/16/20","66","7","26069","10.61"
"Isabella","0","77","Michigan","5/16/20","76","1","26073","1.32"
"Jackson","4","437","Michigan","5/16/20","410","27","26075","6.59"
"Kalamazoo","17","749","Michigan","5/16/20","631","118","26077","18.7"
"Kalkaska","0","28","Michigan","5/16/20","28","0","26079","0"
"Kent","84","2961","Michigan","5/16/20","2374","587","26081","24.73"
"Lake","0","4","Michigan","5/16/20","3","1","26085","33.33"
"Lapeer","2","197","Michigan","5/16/20","185","12","26087","6.49"
"Leelanau","0","10","Michigan","5/16/20","9","1","26089","11.11"
"Lenawee","1","166","Michigan","5/16/20","157","9","26091","5.73"
"Livingston","2","460","Michigan","5/16/20","447","13","26093","2.91"
"Luce","0","2","Michigan","5/16/20","1","1","26095","100"
"Mackinac","0","6","Michigan","5/16/20","6","0","26097","0"
"Macomb","45","6410","Michigan","5/16/20","6093","317","26099","5.2"
"Manistee","0","12","Michigan","5/16/20","12","0","26101","0"
"Marquette","0","52","Michigan","5/16/20","51","1","26103","1.96"
"Mason","1","30","Michigan","5/16/20","22","8","26105","36.36"
"Mecosta","0","22","Michigan","5/16/20","19","3","26107","15.79"
"Menominee","0","8","Michigan","5/16/20","6","2","26109","33.33"
"Michigan Department of Corrections (MDOC)","25","2313","Michigan","5/16/20","2136","177","00000","8.29"
"Midland","1","103","Michigan","5/16/20","97","6","26111","6.19"
"Missaukee","0","22","Michigan","5/16/20","22","0","26113","0"
"Monroe","6","453","Michigan","5/16/20","412","41","26115","9.95"
"Montcalm","1","57","Michigan","5/16/20","49","8","26117","16.33"
"Montmorency","0","5","Michigan","5/16/20","5","0","26119","0"
"Muskegon","17","470","Michigan","5/16/20","354","116","26121","32.77"
"Newaygo","1","44","Michigan","5/16/20","37","7","26123","18.92"
"Oakland","112","9511","Michigan","5/16/20","8730","781","26125","8.95"
"Oceana","3","55","Michigan","5/16/20","31","24","26127","77.42"
"Ogemaw","0","23","Michigan","5/16/20","20","3","26129","15"
"Osceola","0","11","Michigan","5/16/20","11","0","26133","0"
"Oscoda","0","8","Michigan","5/16/20","7","1","26135","14.29"
"Otsego","0","117","Michigan","5/16/20","115","2","26137","1.74"
"Ottawa","14","574","Michigan","5/16/20","475","99","26139","20.84"
"Out of MI","11","97","Michigan","5/16/20","21","76","80026","361.9"
"Presque Isle","0","11","Michigan","5/16/20","11","0","26141","0"
"Roscommon","0","23","Michigan","5/16/20","22","1","26143","4.55"
"Saginaw","18","921","Michigan","5/16/20","793","128","26145","16.14"
"Sanilac","0","39","Michigan","5/16/20","38","1","26151","2.63"
"Schoolcraft","0","4","Michigan","5/16/20","4","0","26153","0"
"Shiawassee","3","240","Michigan","5/16/20","219","21","26155","9.59"
"St. Clair","9","468","Michigan","5/16/20","405","63","26147","15.56"
"St. Joseph","3","86","Michigan","5/16/20","66","20","26149","30.3"
"Tuscola","5","169","Michigan","5/16/20","133","36","26157","27.07"
"Van Buren","4","130","Michigan","5/16/20","101","29","26159","28.71"
"Washtenaw","12","1382","Michigan","5/16/20","1299","83","26161","6.39"
"Wayne","165","19542","Michigan","5/16/20","18390","1152","26163","6.26"
"Wexford","0","13","Michigan","5/16/20","12","1","26165","8.33"
"Aitkin","0","3","Minnesota","5/16/20","2","1","27001","50"
"Anoka","36","770","Minnesota","5/16/20","518","252","27003","48.65"
"Becker","1","33","Minnesota","5/16/20","25","8","27005","32"
"Beltrami","0","9","Minnesota","5/16/20","6","3","27007","50"
"Benton","5","122","Minnesota","5/16/20","87","35","27009","40.23"
"Big Stone","0","2","Minnesota","5/16/20","2","0","27011","0"
"Blue Earth","2","79","Minnesota","5/16/20","64","15","27013","23.44"
"Brown","0","10","Minnesota","5/16/20","9","1","27015","11.11"
"Carlton","0","66","Minnesota","5/16/20","64","2","27017","3.12"
"Carver","5","111","Minnesota","5/16/20","78","33","27019","42.31"
"Cass","0","9","Minnesota","5/16/20","8","1","27021","12.5"
"Chippewa","3","28","Minnesota","5/16/20","5","23","27023","460"
"Chisago","2","30","Minnesota","5/16/20","19","11","27025","57.89"
"Clay","8","291","Minnesota","5/16/20","233","58","27027","24.89"
"Clearwater","0","2","Minnesota","5/16/20","2","0","27029","0"
"Cottonwood","1","54","Minnesota","5/16/20","45","9","27033","20"
"Crow Wing","0","24","Minnesota","5/16/20","24","0","27035","0"
"Dakota","37","666","Minnesota","5/16/20","408","258","27037","63.24"
"Dodge","1","34","Minnesota","5/16/20","24","10","27039","41.67"
"Douglas","0","18","Minnesota","5/16/20","15","3","27041","20"
"Faribault","0","9","Minnesota","5/16/20","10","-1","27043","-10"
"Fillmore","1","17","Minnesota","5/16/20","12","5","27045","41.67"
"Freeborn","3","61","Minnesota","5/16/20","43","18","27047","41.86"
"Goodhue","1","32","Minnesota","5/16/20","25","7","27049","28"
"Grant","0","2","Minnesota","5/16/20","2","0","27051","0"
"Hennepin","222","4930","Minnesota","5/16/20","3379","1551","27053","45.9"
"Houston","0","2","Minnesota","5/16/20","2","0","27055","0"
"Isanti","1","17","Minnesota","5/16/20","7","10","27059","142.86"
"Itasca","3","43","Minnesota","5/16/20","25","18","27061","72"
"Jackson","1","35","Minnesota","5/16/20","31","4","27063","12.9"
"Kanabec","0","9","Minnesota","5/16/20","9","0","27065","0"
"Kandiyohi","18","405","Minnesota","5/16/20","276","129","27067","46.74"
"Kittson","0","1","Minnesota","5/16/20","1","0","27069","0"
"Koochiching","0","3","Minnesota","5/16/20","1","2","27071","200"
"Lac qui Parle","0","2","Minnesota","5/16/20","2","0","27073","0"
"Lake","0","1","Minnesota","5/16/20","1","0","27075","0"
"Le Sueur","1","34","Minnesota","5/16/20","28","6","27079","21.43"
"Lincoln","0","4","Minnesota","5/16/20","3","1","27081","33.33"
"Lyon","1","25","Minnesota","5/16/20","17","8","27083","47.06"
"Mahnomen","0","5","Minnesota","5/16/20","2","3","27087","150"
"Marshall","0","8","Minnesota","5/16/20","8","0","27089","0"
"Martin","1","117","Minnesota","5/16/20","112","5","27091","4.46"
"McLeod","1","16","Minnesota","5/16/20","8","8","27085","100"
"Meeker","2","32","Minnesota","5/16/20","21","11","27093","52.38"
"Mille Lacs","0","9","Minnesota","5/16/20","7","2","27095","28.57"
"Morrison","2","24","Minnesota","5/16/20","13","11","27097","84.62"
"Mower","2","56","Minnesota","5/16/20","42","14","27099","33.33"
"Murray","1","31","Minnesota","5/16/20","27","4","27101","14.81"
"Nicollet","2","33","Minnesota","5/16/20","21","12","27103","57.14"
"Nobles","18","1353","Minnesota","5/16/20","1230","123","27105","10"
"Norman","0","11","Minnesota","5/16/20","9","2","27107","22.22"
"Olmsted","10","435","Minnesota","5/16/20","363","72","27109","19.83"
"Otter Tail","2","36","Minnesota","5/16/20","23","13","27111","56.52"
"Pennington","0","1","Minnesota","5/16/20","1","0","27113","0"
"Pine","2","83","Minnesota","5/16/20","69","14","27115","20.29"
"Pipestone","0","9","Minnesota","5/16/20","7","2","27117","28.57"
"Polk","1","55","Minnesota","5/16/20","48","7","27119","14.58"
"Pope","0","5","Minnesota","5/16/20","5","0","27121","0"
"Ramsey","77","1416","Minnesota","5/16/20","875","541","27123","61.83"
"Red Lake","0","3","Minnesota","5/16/20","1","2","27125","200"
"Redwood","0","3","Minnesota","5/16/20","3","0","27127","0"
"Renville","0","5","Minnesota","5/16/20","6","-1","27129","-16.67"
"Rice","17","221","Minnesota","5/16/20","102","119","27131","116.67"
"Rock","0","20","Minnesota","5/16/20","19","1","27133","5.26"
"Roseau","0","1","Minnesota","5/16/20","1","0","27135","0"
"Scott","13","223","Minnesota","5/16/20","129","94","27139","72.87"
"Sherburne","5","144","Minnesota","5/16/20","107","37","27141","34.58"
"Sibley","1","7","Minnesota","5/16/20","3","4","27143","133.33"
"St. Louis","1","101","Minnesota","5/16/20","91","10","27137","10.99"
"Stearns","47","1675","Minnesota","5/16/20","1348","327","27145","24.26"
"Steele","6","100","Minnesota","5/16/20","58","42","27147","72.41"
"Stevens","0","0","Minnesota","5/16/20","1","-1","27149","-100"
"Swift","1","12","Minnesota","5/16/20","3","9","27151","300"
"Todd","3","52","Minnesota","5/16/20","33","19","27153","57.58"
"Traverse","0","3","Minnesota","5/16/20","3","0","27155","0"
"Wabasha","0","16","Minnesota","5/16/20","13","3","27157","23.08"
"Wadena","0","4","Minnesota","5/16/20","4","0","27159","0"
"Waseca","1","20","Minnesota","5/16/20","16","4","27161","25"
"Washington","14","326","Minnesota","5/16/20","231","95","27163","41.13"
"Watonwan","2","36","Minnesota","5/16/20","22","14","27165","63.64"
"Wilkin","0","11","Minnesota","5/16/20","11","0","27167","0"
"Winona","1","75","Minnesota","5/16/20","70","5","27169","7.14"
"Wright","9","152","Minnesota","5/16/20","92","60","27171","65.22"
"Yellow Medicine","0","3","Minnesota","5/16/20","3","0","27173","0"
"Adams","2","171","Mississippi","5/16/20","158","13","28001","8.23"
"Alcorn","0","12","Mississippi","5/16/20","10","2","28003","20"
"Amite","2","46","Mississippi","5/16/20","34","12","28005","35.29"
"Attala","6","233","Mississippi","5/16/20","191","42","28007","21.99"
"Benton","0","13","Mississippi","5/16/20","13","0","28009","0"
"Bolivar","2","130","Mississippi","5/16/20","119","11","28011","9.24"
"Calhoun","0","58","Mississippi","5/16/20","57","1","28013","1.75"
"Carroll","1","110","Mississippi","5/16/20","101","9","28015","8.91"
"Chickasaw","3","114","Mississippi","5/16/20","92","22","28017","23.91"
"Choctaw","1","20","Mississippi","5/16/20","15","5","28019","33.33"
"Claiborne","1","49","Mississippi","5/16/20","41","8","28021","19.51"
"Clarke","3","98","Mississippi","5/16/20","79","19","28023","24.05"
"Clay","2","79","Mississippi","5/16/20","65","14","28025","21.54"
"Coahoma","1","76","Mississippi","5/16/20","71","5","28027","7.04"
"Copiah","5","195","Mississippi","5/16/20","157","38","28029","24.2"
"Covington","2","105","Mississippi","5/16/20","89","16","28031","17.98"
"DeSoto","7","384","Mississippi","5/16/20","333","51","28033","15.32"
"Forrest","15","416","Mississippi","5/16/20","309","107","28035","34.63"
"Franklin","0","19","Mississippi","5/16/20","17","2","28037","11.76"
"George","0","17","Mississippi","5/16/20","15","2","28039","13.33"
"Greene","0","7","Mississippi","5/16/20","6","1","28041","16.67"
"Grenada","2","58","Mississippi","5/16/20","47","11","28043","23.4"
"Hancock","1","79","Mississippi","5/16/20","73","6","28045","8.22"
"Harrison","2","215","Mississippi","5/16/20","198","17","28047","8.59"
"Hinds","15","768","Mississippi","5/16/20","663","105","28049","15.84"
"Holmes","12","288","Mississippi","5/16/20","206","82","28051","39.81"
"Humphreys","2","44","Mississippi","5/16/20","30","14","28053","46.67"
"Itawamba","1","75","Mississippi","5/16/20","68","7","28057","10.29"
"Jackson","1","284","Mississippi","5/16/20","275","9","28059","3.27"
"Jasper","3","110","Mississippi","5/16/20","86","24","28061","27.91"
"Jefferson","1","35","Mississippi","5/16/20","30","5","28063","16.67"
"Jefferson Davis","2","68","Mississippi","5/16/20","53","15","28065","28.3"
"Jones","11","319","Mississippi","5/16/20","243","76","28067","31.28"
"Kemper","1","101","Mississippi","5/16/20","91","10","28069","10.99"
"Lafayette","1","107","Mississippi","5/16/20","98","9","28071","9.18"
"Lamar","4","173","Mississippi","5/16/20","145","28","28073","19.31"
"Lauderdale","15","578","Mississippi","5/16/20","471","107","28075","22.72"
"Lawrence","2","77","Mississippi","5/16/20","64","13","28077","20.31"
"Leake","8","352","Mississippi","5/16/20","299","53","28079","17.73"
"Lee","2","89","Mississippi","5/16/20","78","11","28081","14.1"
"Leflore","2","200","Mississippi","5/16/20","185","15","28083","8.11"
"Lincoln","3","202","Mississippi","5/16/20","184","18","28085","9.78"
"Lowndes","5","112","Mississippi","5/16/20","79","33","28087","41.77"
"Madison","15","526","Mississippi","5/16/20","422","104","28089","24.64"
"Marion","1","87","Mississippi","5/16/20","83","4","28091","4.82"
"Marshall","2","66","Mississippi","5/16/20","55","11","28093","20"
"Monroe","3","222","Mississippi","5/16/20","200","22","28095","11"
"Montgomery","1","71","Mississippi","5/16/20","67","4","28097","5.97"
"Neshoba","13","397","Mississippi","5/16/20","307","90","28099","29.32"
"Newton","7","186","Mississippi","5/16/20","137","49","28101","35.77"
"Noxubee","5","134","Mississippi","5/16/20","102","32","28103","31.37"
"Oktibbeha","2","102","Mississippi","5/16/20","86","16","28105","18.6"
"Panola","1","50","Mississippi","5/16/20","43","7","28107","16.28"
"Pearl River","1","195","Mississippi","5/16/20","190","5","28109","2.63"
"Perry","0","36","Mississippi","5/16/20","34","2","28111","5.88"
"Pike","1","176","Mississippi","5/16/20","168","8","28113","4.76"
"Pontotoc","0","25","Mississippi","5/16/20","24","1","28115","4.17"
"Prentiss","0","36","Mississippi","5/16/20","35","1","28117","2.86"
"Quitman","1","21","Mississippi","5/16/20","16","5","28119","31.25"
"Rankin","5","282","Mississippi","5/16/20","248","34","28121","13.71"
"Scott","10","521","Mississippi","5/16/20","454","67","28123","14.76"
"Sharkey","0","6","Mississippi","5/16/20","5","1","28125","20"
"Simpson","2","75","Mississippi","5/16/20","61","14","28127","22.95"
"Smith","2","111","Mississippi","5/16/20","100","11","28129","11"
"Stone","0","24","Mississippi","5/16/20","24","0","28131","0"
"Sunflower","1","69","Mississippi","5/16/20","63","6","28133","9.52"
"Tallahatchie","1","18","Mississippi","5/16/20","12","6","28135","50"
"Tate","1","56","Mississippi","5/16/20","50","6","28137","12"
"Tippah","1","69","Mississippi","5/16/20","65","4","28139","6.15"
"Tishomingo","1","14","Mississippi","5/16/20","10","4","28141","40"
"Tunica","1","44","Mississippi","5/16/20","38","6","28143","15.79"
"Union","2","60","Mississippi","5/16/20","48","12","28145","25"
"Walthall","1","46","Mississippi","5/16/20","37","9","28147","24.32"
"Warren","5","133","Mississippi","5/16/20","98","35","28149","35.71"
"Washington","4","113","Mississippi","5/16/20","82","31","28151","37.8"
"Wayne","1","37","Mississippi","5/16/20","27","10","28153","37.04"
"Webster","0","23","Mississippi","5/16/20","21","2","28155","9.52"
"Wilkinson","0","78","Mississippi","5/16/20","75","3","28157","4"
"Winston","2","75","Mississippi","5/16/20","61","14","28159","22.95"
"Yalobusha","6","71","Mississippi","5/16/20","30","41","28161","136.67"
"Yazoo","3","182","Mississippi","5/16/20","162","20","28163","12.35"
"Adair","2","23","Missouri","5/16/20","12","11","29001","91.67"
"Andrew","1","14","Missouri","5/16/20","7","7","29003","100"
"Atchison","0","2","Missouri","5/16/20","2","0","29005","0"
"Audrain","0","2","Missouri","5/16/20","1","1","29007","100"
"Barry","0","6","Missouri","5/16/20","6","0","29009","0"
"Bates","0","7","Missouri","5/16/20","6","1","29013","16.67"
"Benton","0","9","Missouri","5/16/20","8","1","29015","12.5"
"Bollinger","0","4","Missouri","5/16/20","4","0","29017","0"
"Boone","0","100","Missouri","5/16/20","98","2","29019","2.04"
"Buchanan","11","506","Missouri","5/16/20","432","74","29021","17.13"
"Butler","0","28","Missouri","5/16/20","26","2","29023","7.69"
"Caldwell","0","3","Missouri","5/16/20","3","0","29025","0"
"Callaway","0","23","Missouri","5/16/20","23","0","29027","0"
"Camden","0","36","Missouri","5/16/20","35","1","29029","2.86"
"Cape Girardeau","1","54","Missouri","5/16/20","49","5","29031","10.2"
"Carroll","1","7","Missouri","5/16/20","3","4","29033","133.33"
"Carter","0","3","Missouri","5/16/20","3","0","29035","0"
"Cass","0","72","Missouri","5/16/20","69","3","29037","4.35"
"Cedar","0","9","Missouri","5/16/20","9","0","29039","0"
"Chariton","0","6","Missouri","5/16/20","5","1","29041","20"
"Christian","0","21","Missouri","5/16/20","20","1","29043","5"
"Clark","0","1","Missouri","5/16/20","1","0","29045","0"
"Clay","3","116","Missouri","5/16/20","96","20","29047","20.83"
"Clinton","0","14","Missouri","5/16/20","14","0","29049","0"
"Cole","0","56","Missouri","5/16/20","54","2","29051","3.7"
"Cooper","0","9","Missouri","5/16/20","9","0","29053","0"
"Crawford","0","8","Missouri","5/16/20","8","0","29055","0"
"Dallas","0","2","Missouri","5/16/20","2","0","29059","0"
"Daviess","0","3","Missouri","5/16/20","3","0","29061","0"
"DeKalb","0","4","Missouri","5/16/20","4","0","29063","0"
"Dunklin","0","25","Missouri","5/16/20","24","1","29069","4.17"
"Franklin","1","134","Missouri","5/16/20","129","5","29071","3.88"
"Gasconade","0","2","Missouri","5/16/20","2","0","29073","0"
"Gentry","0","2","Missouri","5/16/20","1","1","29075","100"
"Greene","0","105","Missouri","5/16/20","103","2","29077","1.94"
"Harrison","0","7","Missouri","5/16/20","6","1","29081","16.67"
"Henry","0","9","Missouri","5/16/20","9","0","29083","0"
"Holt","0","1","Missouri","5/16/20","1","0","29087","0"
"Howard","0","3","Missouri","5/16/20","3","0","29089","0"
"Howell","0","5","Missouri","5/16/20","5","0","29091","0"
"Iron","0","2","Missouri","5/16/20","2","0","29093","0"
"Jackson","6","432","Missouri","5/16/20","390","42","29095","10.77"
"Jasper","0","29","Missouri","5/16/20","28","1","29097","3.57"
"Jefferson","2","326","Missouri","5/16/20","309","17","29099","5.5"
"Johnson","1","71","Missouri","5/16/20","63","8","29101","12.7"
"Kansas City","16","863","Missouri","5/16/20","752","111","00000","14.76"
"Laclede","0","3","Missouri","5/16/20","1","2","29105","200"
"Lafayette","1","68","Missouri","5/16/20","60","8","29107","13.33"
"Lawrence","0","7","Missouri","5/16/20","7","0","29109","0"
"Lewis","0","7","Missouri","5/16/20","6","1","29111","16.67"
"Lincoln","4","103","Missouri","5/16/20","77","26","29113","33.77"
"Linn","0","5","Missouri","5/16/20","5","0","29115","0"
"Livingston","0","3","Missouri","5/16/20","3","0","29117","0"
"Macon","0","2","Missouri","5/16/20","2","0","29121","0"
"Madison","0","3","Missouri","5/16/20","3","0","29123","0"
"Maries","0","2","Missouri","5/16/20","2","0","29125","0"
"Marion","0","5","Missouri","5/16/20","5","0","29127","0"
"McDonald","0","7","Missouri","5/16/20","4","3","29119","75"
"Miller","0","4","Missouri","5/16/20","3","1","29131","33.33"
"Mississippi","0","49","Missouri","5/16/20","49","0","29133","0"
"Moniteau","0","44","Missouri","5/16/20","44","0","29135","0"
"Montgomery","0","7","Missouri","5/16/20","7","0","29139","0"
"Morgan","0","8","Missouri","5/16/20","7","1","29141","14.29"
"New Madrid","0","14","Missouri","5/16/20","12","2","29143","16.67"
"Newton","0","13","Missouri","5/16/20","11","2","29145","18.18"
"Nodaway","0","5","Missouri","5/16/20","5","0","29147","0"
"Oregon","0","2","Missouri","5/16/20","2","0","29149","0"
"Osage","0","5","Missouri","5/16/20","5","0","29151","0"
"Pemiscot","2","68","Missouri","5/16/20","57","11","29155","19.3"
"Perry","0","46","Missouri","5/16/20","45","1","29157","2.22"
"Pettis","1","70","Missouri","5/16/20","64","6","29159","9.38"
"Phelps","0","2","Missouri","5/16/20","2","0","29161","0"
"Pike","0","14","Missouri","5/16/20","13","1","29163","7.69"
"Platte","2","54","Missouri","5/16/20","40","14","29165","35"
"Polk","0","2","Missouri","5/16/20","1","1","29167","100"
"Pulaski","0","36","Missouri","5/16/20","36","0","29169","0"
"Ralls","0","2","Missouri","5/16/20","1","1","29173","100"
"Randolph","0","8","Missouri","5/16/20","8","0","29175","0"
"Ray","0","13","Missouri","5/16/20","12","1","29177","8.33"
"Reynolds","0","2","Missouri","5/16/20","2","0","29179","0"
"Ripley","0","6","Missouri","5/16/20","5","1","29181","20"
"Saline","5","247","Missouri","5/16/20","215","32","29195","14.88"
"Scotland","0","4","Missouri","5/16/20","4","0","29199","0"
"Scott","1","86","Missouri","5/16/20","79","7","29201","8.86"
"Shelby","0","1","Missouri","5/16/20","1","0","29205","0"
"St. Charles","4","688","Missouri","5/16/20","663","25","29183","3.77"
"St. Clair","0","2","Missouri","5/16/20","2","0","29185","0"
"St. Francois","0","33","Missouri","5/16/20","33","0","29187","0"
"St. Louis","55","4325","Missouri","5/16/20","3941","384","29189","9.74"
"St. Louis City","21","1631","Missouri","5/16/20","1484","147","29510","9.91"
"Ste. Genevieve","0","8","Missouri","5/16/20","8","0","29186","0"
"Stoddard","3","51","Missouri","5/16/20","29","22","29207","75.86"
"Stone","0","3","Missouri","5/16/20","3","0","29209","0"
"Sullivan","5","34","Missouri","5/16/20","1","33","29211","3300"
"Taney","0","12","Missouri","5/16/20","12","0","29213","0"
"Vernon","0","5","Missouri","5/16/20","4","1","29217","25"
"Warren","0","28","Missouri","5/16/20","28","0","29219","0"
"Washington","0","9","Missouri","5/16/20","9","0","29221","0"
"Webster","0","16","Missouri","5/16/20","16","0","29225","0"
"Worth","0","2","Missouri","5/16/20","1","1","29227","100"
"Wright","0","10","Missouri","5/16/20","10","0","29229","0"
"Beaverhead","0","1","Montana","5/16/20","1","0","30001","0"
"Big Horn","1","8","Montana","5/16/20","3","5","30003","166.67"
"Broadwater","0","4","Montana","5/16/20","4","0","30007","0"
"Carbon","0","6","Montana","5/16/20","6","0","30009","0"
"Cascade","0","17","Montana","5/16/20","16","1","30013","6.25"
"Deer Lodge","0","3","Montana","5/16/20","3","0","30023","0"
"Flathead","0","37","Montana","5/16/20","37","0","30029","0"
"Gallatin","0","149","Montana","5/16/20","149","0","30031","0"
"Glacier","0","6","Montana","5/16/20","6","0","30035","0"
"Golden Valley","0","3","Montana","5/16/20","3","0","30037","0"
"Hill","0","1","Montana","5/16/20","1","0","30041","0"
"Jefferson","0","3","Montana","5/16/20","2","1","30043","50"
"Lake","0","5","Montana","5/16/20","5","0","30047","0"
"Lewis and Clark","0","16","Montana","5/16/20","16","0","30049","0"
"Liberty","0","1","Montana","5/16/20","1","0","30051","0"
"Lincoln","0","7","Montana","5/16/20","7","0","30053","0"
"Madison","0","8","Montana","5/16/20","8","0","30057","0"
"Meagher","0","1","Montana","5/16/20","1","0","30059","0"
"Missoula","0","39","Montana","5/16/20","39","0","30063","0"
"Musselshell","0","1","Montana","5/16/20","1","0","30065","0"
"Park","0","8","Montana","5/16/20","8","0","30067","0"
"Pondera","0","2","Montana","5/16/20","2","0","30073","0"
"Ravalli","0","5","Montana","5/16/20","5","0","30081","0"
"Richland","0","3","Montana","5/16/20","3","0","30083","0"
"Roosevelt","0","7","Montana","5/16/20","7","0","30085","0"
"Silver Bow","0","11","Montana","5/16/20","11","0","30093","0"
"Stillwater","0","1","Montana","5/16/20","1","0","30095","0"
"Toole","0","29","Montana","5/16/20","29","0","30101","0"
"Wheatland","0","1","Montana","5/16/20","1","0","30107","0"
"Yellowstone","0","85","Montana","5/16/20","82","3","30111","3.66"
"Adams","4","251","Nebraska","5/16/20","223","28","31001","12.56"
"Antelope","0","5","Nebraska","5/16/20","5","0","31003","0"
"Boone","0","3","Nebraska","5/16/20","2","1","31011","50"
"Box Butte","0","1","Nebraska","5/16/20","1","0","31013","0"
"Buffalo","2","136","Nebraska","5/16/20","121","15","31019","12.4"
"Burt","0","5","Nebraska","5/16/20","6","-1","31021","-16.67"
"Butler","2","29","Nebraska","5/16/20","16","13","31023","81.25"
"Cass","1","18","Nebraska","5/16/20","11","7","31025","63.64"
"Cedar","0","6","Nebraska","5/16/20","5","1","31027","20"
"Cherry","0","1","Nebraska","5/16/20","1","0","31031","0"
"Cheyenne","0","8","Nebraska","5/16/20","8","0","31033","0"
"Clay","1","17","Nebraska","5/16/20","11","6","31035","54.55"
"Colfax","14","508","Nebraska","5/16/20","413","95","31037","23"
"Cuming","1","16","Nebraska","5/16/20","12","4","31039","33.33"
"Custer","0","29","Nebraska","5/16/20","27","2","31041","7.41"
"Dakota","16","1454","Nebraska","5/16/20","1342","112","31043","8.35"
"Dawes","0","2","Nebraska","5/16/20","1","1","31045","100"
"Dawson","14","804","Nebraska","5/16/20","705","99","31047","14.04"
"Dixon","0","26","Nebraska","5/16/20","24","2","31051","8.33"
"Dodge","13","236","Nebraska","5/16/20","147","89","31053","60.54"
"Douglas","115","2305","Nebraska","5/16/20","1501","804","31055","53.56"
"Fillmore","0","4","Nebraska","5/16/20","3","1","31059","33.33"
"Franklin","0","5","Nebraska","5/16/20","5","0","31061","0"
"Frontier","0","1","Nebraska","5/16/20","1","0","31063","0"
"Furnas","0","5","Nebraska","5/16/20","4","1","31065","25"
"Gage","0","42","Nebraska","5/16/20","40","2","31067","5"
"Gosper","0","13","Nebraska","5/16/20","12","1","31073","8.33"
"Greeley","0","2","Nebraska","5/16/20","2","0","31077","0"
"Hall","14","1424","Nebraska","5/16/20","1325","99","31079","7.47"
"Hamilton","0","48","Nebraska","5/16/20","45","3","31081","6.67"
"Hitchcock","0","1","Nebraska","5/16/20","1","0","31087","0"
"Holt","0","1","Nebraska","5/16/20","1","0","31089","0"
"Howard","2","35","Nebraska","5/16/20","21","14","31093","66.67"
"Jefferson","0","6","Nebraska","5/16/20","4","2","31095","50"
"Johnson","0","6","Nebraska","5/16/20","5","1","31097","20"
"Kearney","1","11","Nebraska","5/16/20","6","5","31099","83.33"
"Keith","0","2","Nebraska","5/16/20","2","0","31101","0"
"Kimball","0","9","Nebraska","5/16/20","9","0","31105","0"
"Knox","0","8","Nebraska","5/16/20","5","3","31107","60"
"Lancaster","28","791","Nebraska","5/16/20","595","196","31109","32.94"
"Lincoln","1","43","Nebraska","5/16/20","39","4","31111","10.26"
"Madison","3","270","Nebraska","5/16/20","249","21","31119","8.43"
"Merrick","1","28","Nebraska","5/16/20","21","7","31121","33.33"
"Morrill","0","10","Nebraska","5/16/20","9","1","31123","11.11"
"Nance","0","4","Nebraska","5/16/20","4","0","31125","0"
"Nemaha","0","2","Nebraska","5/16/20","1","1","31127","100"
"Nuckolls","0","1","Nebraska","5/16/20","0","1","31129","1"
"Otoe","0","5","Nebraska","5/16/20","2","3","31131","150"
"Phelps","0","13","Nebraska","5/16/20","10","3","31137","30"
"Pierce","0","1","Nebraska","5/16/20","1","0","31139","0"
"Platte","14","448","Nebraska","5/16/20","353","95","31141","26.91"
"Polk","0","9","Nebraska","5/16/20","9","0","31143","0"
"Red Willow","0","5","Nebraska","5/16/20","5","0","31145","0"
"Richardson","0","1","Nebraska","5/16/20","0","1","31147","1"
"Saline","9","413","Nebraska","5/16/20","349","64","31151","18.34"
"Sarpy","14","331","Nebraska","5/16/20","234","97","31153","41.45"
"Saunders","1","20","Nebraska","5/16/20","11","9","31155","81.82"
"Scotts Bluff","1","51","Nebraska","5/16/20","41","10","31157","24.39"
"Seward","1","24","Nebraska","5/16/20","17","7","31159","41.18"
"Sherman","0","2","Nebraska","5/16/20","2","0","31163","0"
"Stanton","1","15","Nebraska","5/16/20","8","7","31167","87.5"
"Thomas","0","1","Nebraska","5/16/20","1","0","31171","0"
"Thurston","1","19","Nebraska","5/16/20","12","7","31173","58.33"
"Valley","0","3","Nebraska","5/16/20","1","2","31175","200"
"Washington","0","24","Nebraska","5/16/20","22","2","31177","9.09"
"Wayne","0","4","Nebraska","5/16/20","2","2","31179","100"
"Webster","0","5","Nebraska","5/16/20","5","0","31181","0"
"York","2","29","Nebraska","5/16/20","17","12","31185","70.59"
"Carson City","3","70","Nevada","5/16/20","52","18","32510","34.62"
"Churchill","0","5","Nevada","5/16/20","3","2","32001","66.67"
"Clark","85","5298","Nevada","5/16/20","4704","594","32003","12.63"
"Douglas","0","25","Nevada","5/16/20","24","1","32005","4.17"
"Elko","1","20","Nevada","5/16/20","15","5","32007","33.33"
"Humboldt","1","71","Nevada","5/16/20","65","6","32013","9.23"
"Lander","0","19","Nevada","5/16/20","17","2","32015","11.76"
"Lincoln","0","2","Nevada","5/16/20","1","1","32017","100"
"Lyon","1","47","Nevada","5/16/20","40","7","32019","17.5"
"Mineral","0","4","Nevada","5/16/20","4","0","32021","0"
"Nye","2","58","Nevada","5/16/20","44","14","32023","31.82"
"Storey","0","1","Nevada","5/16/20","0","1","32029","1"
"Washoe","16","1190","Nevada","5/16/20","1077","113","32031","10.49"
"White Pine","0","3","Nevada","5/16/20","3","0","32033","0"
"Belknap","1","51","New Hampshire","5/16/20","44","7","33001","15.91"
"Carroll","1","41","New Hampshire","5/16/20","36","5","33003","13.89"
"Cheshire","1","47","New Hampshire","5/16/20","43","4","33005","9.3"
"Coos","0","4","New Hampshire","5/16/20","2","2","33007","100"
"Grafton","1","61","New Hampshire","5/16/20","55","6","33009","10.91"
"Hillsborough","46","1723","New Hampshire","5/16/20","1404","319","33011","22.72"
"Merrimack","6","278","New Hampshire","5/16/20","234","44","33013","18.8"
"Rockingham","19","1095","New Hampshire","5/16/20","964","131","33015","13.59"
"Strafford","7","230","New Hampshire","5/16/20","183","47","33017","25.68"
"Sullivan","0","16","New Hampshire","5/16/20","14","2","33019","14.29"
"Atlantic","32","1716","New Jersey","5/16/20","1494","222","34001","14.86"
"Bergen","63","17246","New Jersey","5/16/20","16804","442","34003","2.63"
"Burlington","49","3875","New Jersey","5/16/20","3531","344","34005","9.74"
"Camden","89","5381","New Jersey","5/16/20","4758","623","34007","13.09"
"Cape May","8","500","New Jersey","5/16/20","442","58","34009","13.12"
"Cumberland","50","1592","New Jersey","5/16/20","1245","347","34011","27.87"
"Essex","87","16151","New Jersey","5/16/20","15544","607","34013","3.91"
"Gloucester","26","1811","New Jersey","5/16/20","1631","180","34015","11.04"
"Hudson","98","18048","New Jersey","5/16/20","17365","683","34017","3.93"
"Hunterdon","13","795","New Jersey","5/16/20","706","89","34019","12.61"
"Mercer","69","5719","New Jersey","5/16/20","5233","486","34021","9.29"
"Middlesex","108","14514","New Jersey","5/16/20","13759","755","34023","5.49"
"Monmouth","69","7297","New Jersey","5/16/20","6815","482","34025","7.07"
"Morris","26","6012","New Jersey","5/16/20","5833","179","34027","3.07"
"Ocean","73","7878","New Jersey","5/16/20","7366","512","34029","6.95"
"Passaic","86","15031","New Jersey","5/16/20","14428","603","34031","4.18"
"Salem","8","457","New Jersey","5/16/20","400","57","34033","14.25"
"Somerset","31","4212","New Jersey","5/16/20","3996","216","34035","5.41"
"Sussex","4","1053","New Jersey","5/16/20","1023","30","34037","2.93"
"Union","84","14569","New Jersey","5/16/20","13984","585","34039","4.18"
"Warren","5","1077","New Jersey","5/16/20","1040","37","34041","3.56"
"Bernalillo","21","1194","New Mexico","5/16/20","1050","144","35001","13.71"
"Catron","0","2","New Mexico","5/16/20","2","0","35003","0"
"Chaves","0","30","New Mexico","5/16/20","27","3","35005","11.11"
"Cibola","2","101","New Mexico","5/16/20","86","15","35006","17.44"
"Colfax","0","5","New Mexico","5/16/20","5","0","35007","0"
"Curry","2","40","New Mexico","5/16/20","29","11","35009","37.93"
"Dona Ana","12","282","New Mexico","5/16/20","201","81","35013","40.3"
"Eddy","0","17","New Mexico","5/16/20","14","3","35015","21.43"
"Grant","0","16","New Mexico","5/16/20","15","1","35017","6.67"
"Guadalupe","1","19","New Mexico","5/16/20","15","4","35019","26.67"
"Harding","0","1","New Mexico","5/16/20","1","0","35021","0"
"Lea","0","15","New Mexico","5/16/20","14","1","35025","7.14"
"Lincoln","0","3","New Mexico","5/16/20","2","1","35027","50"
"Los Alamos","0","6","New Mexico","5/16/20","6","0","35028","0"
"Luna","0","8","New Mexico","5/16/20","7","1","35029","14.29"
"McKinley","51","1864","New Mexico","5/16/20","1508","356","35031","23.61"
"Otero","0","9","New Mexico","5/16/20","7","2","35035","28.57"
"Quay","0","5","New Mexico","5/16/20","4","1","35037","25"
"Rio Arriba","1","31","New Mexico","5/16/20","27","4","35039","14.81"
"Roosevelt","2","26","New Mexico","5/16/20","11","15","35041","136.36"
"San Juan","43","1316","New Mexico","5/16/20","1015","301","35045","29.66"
"San Miguel","1","10","New Mexico","5/16/20","6","4","35047","66.67"
"Sandoval","5","488","New Mexico","5/16/20","452","36","35043","7.96"
"Santa Fe","2","122","New Mexico","5/16/20","110","12","35049","10.91"
"Sierra","0","1","New Mexico","5/16/20","1","0","35051","0"
"Socorro","0","49","New Mexico","5/16/20","48","1","35053","2.08"
"Taos","0","22","New Mexico","5/16/20","20","2","35055","10"
"Torrance","0","18","New Mexico","5/16/20","18","0","35057","0"
"Union","0","3","New Mexico","5/16/20","3","0","35059","0"
"Valencia","1","64","New Mexico","5/16/20","55","9","35061","16.36"
"Albany","22","1572","New York","5/16/20","1416","156","36001","11.02"
"Allegany","1","44","New York","5/16/20","35","9","36003","25.71"
"Broome","6","413","New York","5/16/20","372","41","36007","11.02"
"Cattaraugus","1","65","New York","5/16/20","60","5","36009","8.33"
"Cayuga","1","63","New York","5/16/20","53","10","36011","18.87"
"Chautauqua","1","48","New York","5/16/20","40","8","36013","20"
"Chemung","0","134","New York","5/16/20","131","3","36015","2.29"
"Chenango","1","115","New York","5/16/20","109","6","36017","5.5"
"Clinton","2","91","New York","5/16/20","76","15","36019","19.74"
"Columbia","5","338","New York","5/16/20","304","34","36021","11.18"
"Cortland","1","34","New York","5/16/20","29","5","36023","17.24"
"Delaware","1","68","New York","5/16/20","63","5","36025","7.94"
"Dutchess","30","3527","New York","5/16/20","3319","208","36027","6.27"
"Erie","76","4867","New York","5/16/20","4337","530","36029","12.22"
"Essex","0","32","New York","5/16/20","31","1","36031","3.23"
"Franklin","0","18","New York","5/16/20","17","1","36033","5.88"
"Fulton","6","148","New York","5/16/20","104","44","36035","42.31"
"Genesee","1","178","New York","5/16/20","170","8","36037","4.71"
"Greene","1","211","New York","5/16/20","204","7","36039","3.43"
"Hamilton","0","5","New York","5/16/20","5","0","36041","0"
"Herkimer","2","91","New York","5/16/20","77","14","36043","18.18"
"Jefferson","1","71","New York","5/16/20","67","4","36045","5.97"
"Lewis","0","13","New York","5/16/20","11","2","36049","18.18"
"Livingston","1","107","New York","5/16/20","101","6","36051","5.94"
"Madison","1","258","New York","5/16/20","250","8","36053","3.2"
"Monroe","60","2192","New York","5/16/20","1775","417","36055","23.49"
"Montgomery","1","75","New York","5/16/20","66","9","36057","13.64"
"Nassau","144","39033","New York","5/16/20","38028","1005","36059","2.64"
"New York","1187","191600","New York","5/16/20","183289","8311","36061","4.53"
"Niagara","20","770","New York","5/16/20","627","143","36063","22.81"
"Oneida","16","751","New York","5/16/20","638","113","36065","17.71"
"Onondaga","36","1469","New York","5/16/20","1218","251","36067","20.61"
"Ontario","5","139","New York","5/16/20","104","35","36069","33.65"
"Orange","56","9879","New York","5/16/20","9486","393","36071","4.14"
"Orleans","6","163","New York","5/16/20","122","41","36073","33.61"
"Oswego","1","83","New York","5/16/20","75","8","36075","10.67"
"Otsego","0","67","New York","5/16/20","67","0","36077","0"
"Putnam","7","1127","New York","5/16/20","1080","47","36079","4.35"
"Rensselaer","4","438","New York","5/16/20","407","31","36083","7.62"
"Rockland","41","12688","New York","5/16/20","12400","288","36087","2.32"
"Saratoga","3","423","New York","5/16/20","399","24","36091","6.02"
"Schenectady","6","613","New York","5/16/20","571","42","36093","7.36"
"Schoharie","0","47","New York","5/16/20","46","1","36095","2.17"
"Schuyler","0","8","New York","5/16/20","7","1","36097","14.29"
"Seneca","0","50","New York","5/16/20","48","2","36099","4.17"
"St. Lawrence","1","192","New York","5/16/20","187","5","36089","2.67"
"Steuben","1","233","New York","5/16/20","226","7","36101","3.1"
"Suffolk","212","37942","New York","5/16/20","36461","1481","36103","4.06"
"Sullivan","21","1217","New York","5/16/20","1071","146","36105","13.63"
"Tioga","1","112","New York","5/16/20","104","8","36107","7.69"
"Tompkins","1","138","New York","5/16/20","132","6","36109","4.55"
"Ulster","14","1537","New York","5/16/20","1440","97","36111","6.74"
"Warren","4","228","New York","5/16/20","202","26","36113","12.87"
"Washington","2","218","New York","5/16/20","204","14","36115","6.86"
"Wayne","2","92","New York","5/16/20","79","13","36117","16.46"
"Westchester","144","32097","New York","5/16/20","31087","1010","36119","3.25"
"Wyoming","0","78","New York","5/16/20","75","3","36121","4"
"Yates","0","22","New York","5/16/20","20","2","36123","10"
"Alamance","7","203","North Carolina","5/16/20","152","51","37001","33.55"
"Alexander","1","18","North Carolina","5/16/20","10","8","37003","80"
"Alleghany","1","11","North Carolina","5/16/20","7","4","37005","57.14"
"Anson","1","46","North Carolina","5/16/20","38","8","37007","21.05"
"Ashe","3","26","North Carolina","5/16/20","8","18","37009","225"
"Beaufort","0","27","North Carolina","5/16/20","24","3","37013","12.5"
"Bertie","3","84","North Carolina","5/16/20","60","24","37015","40"
"Bladen","3","70","North Carolina","5/16/20","51","19","37017","37.25"
"Brunswick","1","55","North Carolina","5/16/20","50","5","37019","10"
"Buncombe","9","152","North Carolina","5/16/20","92","60","37021","65.22"
"Burke","9","191","North Carolina","5/16/20","131","60","37023","45.8"
"Cabarrus","4","372","North Carolina","5/16/20","341","31","37025","9.09"
"Caldwell","3","78","North Carolina","5/16/20","59","19","37027","32.2"
"Camden","0","2","North Carolina","5/16/20","2","0","37029","0"
"Carteret","1","36","North Carolina","5/16/20","32","4","37031","12.5"
"Caswell","1","43","North Carolina","5/16/20","38","5","37033","13.16"
"Catawba","3","96","North Carolina","5/16/20","78","18","37035","23.08"
"Chatham","8","504","North Carolina","5/16/20","447","57","37037","12.75"
"Cherokee","0","27","North Carolina","5/16/20","27","0","37039","0"
"Chowan","1","14","North Carolina","5/16/20","10","4","37041","40"
"Clay","0","8","North Carolina","5/16/20","8","0","37043","0"
"Cleveland","1","54","North Carolina","5/16/20","50","4","37045","8"
"Columbus","6","238","North Carolina","5/16/20","196","42","37047","21.43"
"Craven","5","84","North Carolina","5/16/20","51","33","37049","64.71"
"Cumberland","15","463","North Carolina","5/16/20","356","107","37051","30.06"
"Currituck","0","11","North Carolina","5/16/20","9","2","37053","22.22"
"Dare","0","21","North Carolina","5/16/20","18","3","37055","16.67"
"Davidson","10","274","North Carolina","5/16/20","201","73","37057","36.32"
"Davie","2","46","North Carolina","5/16/20","32","14","37059","43.75"
"Duplin","20","368","North Carolina","5/16/20","225","143","37061","63.56"
"Durham","15","980","North Carolina","5/16/20","876","104","37063","11.87"
"Edgecombe","2","167","North Carolina","5/16/20","151","16","37065","10.6"
"Forsyth","37","627","North Carolina","5/16/20","369","258","37067","69.92"
"Franklin","1","121","North Carolina","5/16/20","111","10","37069","9.01"
"Gaston","5","201","North Carolina","5/16/20","168","33","37071","19.64"
"Gates","0","14","North Carolina","5/16/20","11","3","37073","27.27"
"Graham","0","2","North Carolina","5/16/20","2","0","37075","0"
"Granville","4","190","North Carolina","5/16/20","164","26","37077","15.85"
"Greene","1","44","North Carolina","5/16/20","34","10","37079","29.41"
"Guilford","29","776","North Carolina","5/16/20","574","202","37081","35.19"
"Halifax","3","107","North Carolina","5/16/20","85","22","37083","25.88"
"Harnett","4","240","North Carolina","5/16/20","212","28","37085","13.21"
"Haywood","1","22","North Carolina","5/16/20","18","4","37087","22.22"
"Henderson","8","280","North Carolina","5/16/20","224","56","37089","25"
"Hertford","0","51","North Carolina","5/16/20","48","3","37091","6.25"
"Hoke","4","148","North Carolina","5/16/20","120","28","37093","23.33"
"Hyde","0","1","North Carolina","5/16/20","1","0","37095","0"
"Iredell","5","181","North Carolina","5/16/20","147","34","37097","23.13"
"Jackson","0","24","North Carolina","5/16/20","21","3","37099","14.29"
"Johnston","5","234","North Carolina","5/16/20","201","33","37101","16.42"
"Jones","0","21","North Carolina","5/16/20","19","2","37103","10.53"
"Lee","9","308","North Carolina","5/16/20","246","62","37105","25.2"
"Lenoir","5","147","North Carolina","5/16/20","113","34","37107","30.09"
"Lincoln","1","45","North Carolina","5/16/20","39","6","37109","15.38"
"Macon","0","4","North Carolina","5/16/20","3","1","37113","33.33"
"Madison","0","1","North Carolina","5/16/20","1","0","37115","0"
"Martin","1","35","North Carolina","5/16/20","29","6","37117","20.69"
"McDowell","0","30","North Carolina","5/16/20","29","1","37111","3.45"
"Mecklenburg","66","2504","North Carolina","5/16/20","2043","461","37119","22.56"
"Mitchell","0","8","North Carolina","5/16/20","5","3","37121","60"
"Montgomery","2","56","North Carolina","5/16/20","43","13","37123","30.23"
"Moore","2","164","North Carolina","5/16/20","148","16","37125","10.81"
"Nash","4","149","North Carolina","5/16/20","118","31","37127","26.27"
"New Hanover","4","127","North Carolina","5/16/20","97","30","37129","30.93"
"Northampton","4","129","North Carolina","5/16/20","102","27","37131","26.47"
"Onslow","2","70","North Carolina","5/16/20","54","16","37133","29.63"
"Orange","3","269","North Carolina","5/16/20","248","21","37135","8.47"
"Pamlico","0","8","North Carolina","5/16/20","8","0","37137","0"
"Pasquotank","1","87","North Carolina","5/16/20","81","6","37139","7.41"
"Pender","1","44","North Carolina","5/16/20","36","8","37141","22.22"
"Perquimans","1","23","North Carolina","5/16/20","17","6","37143","35.29"
"Person","0","32","North Carolina","5/16/20","30","2","37145","6.67"
"Pitt","6","202","North Carolina","5/16/20","162","40","37147","24.69"
"Polk","0","32","North Carolina","5/16/20","31","1","37149","3.23"
"Randolph","17","438","North Carolina","5/16/20","317","121","37151","38.17"
"Richmond","3","112","North Carolina","5/16/20","89","23","37153","25.84"
"Robeson","24","531","North Carolina","5/16/20","365","166","37155","45.48"
"Rockingham","1","45","North Carolina","5/16/20","39","6","37157","15.38"
"Rowan","6","525","North Carolina","5/16/20","480","45","37159","9.38"
"Rutherford","0","153","North Carolina","5/16/20","152","1","37161","0.66"
"Sampson","12","232","North Carolina","5/16/20","145","87","37163","60"
"Scotland","2","50","North Carolina","5/16/20","36","14","37165","38.89"
"Stanly","0","32","North Carolina","5/16/20","30","2","37167","6.67"
"Stokes","2","26","North Carolina","5/16/20","11","15","37169","136.36"
"Surry","6","75","North Carolina","5/16/20","33","42","37171","127.27"
"Swain","0","6","North Carolina","5/16/20","5","1","37173","20"
"Transylvania","0","7","North Carolina","5/16/20","8","-1","37175","-12.5"
"Tyrrell","0","4","North Carolina","5/16/20","4","0","37177","0"
"Union","8","351","North Carolina","5/16/20","294","57","37179","19.39"
"Vance","5","195","North Carolina","5/16/20","161","34","37181","21.12"
"Wake","25","1199","North Carolina","5/16/20","1022","177","37183","17.32"
"Warren","1","28","North Carolina","5/16/20","23","5","37185","21.74"
"Washington","0","26","North Carolina","5/16/20","25","1","37187","4"
"Watauga","0","9","North Carolina","5/16/20","9","0","37189","0"
"Wayne","13","819","North Carolina","5/16/20","726","93","37191","12.81"
"Wilkes","29","405","North Carolina","5/16/20","202","203","37193","100.5"
"Wilson","4","229","North Carolina","5/16/20","203","26","37195","12.81"
"Yadkin","7","98","North Carolina","5/16/20","49","49","37197","100"
"Yancey","0","8","North Carolina","5/16/20","8","0","37199","0"
"Barnes","0","4","North Dakota","5/16/20","4","0","38003","0"
"Benson","0","1","North Dakota","5/16/20","2","-1","38005","-50"
"Bowman","0","1","North Dakota","5/16/20","1","0","38011","0"
"Burke","0","5","North Dakota","5/16/20","5","0","38013","0"
"Burleigh","1","112","North Dakota","5/16/20","103","9","38015","8.74"
"Cass","46","1106","North Dakota","5/16/20","781","325","38017","41.61"
"Divide","0","1","North Dakota","5/16/20","1","0","38023","0"
"Dunn","0","11","North Dakota","5/16/20","11","0","38025","0"
"Eddy","0","2","North Dakota","5/16/20","1","1","38027","100"
"Emmons","0","1","North Dakota","5/16/20","1","0","38029","0"
"Foster","0","1","North Dakota","5/16/20","1","0","38031","0"
"Grand Forks","4","315","North Dakota","5/16/20","284","31","38035","10.92"
"Grant","0","2","North Dakota","5/16/20","1","1","38037","100"
"McHenry","0","2","North Dakota","5/16/20","2","0","38049","0"
"McIntosh","0","1","North Dakota","5/16/20","1","0","38051","0"
"McKenzie","0","15","North Dakota","5/16/20","15","0","38053","0"
"McLean","0","5","North Dakota","5/16/20","5","0","38055","0"
"Mercer","0","4","North Dakota","5/16/20","3","1","38057","33.33"
"Morton","1","39","North Dakota","5/16/20","35","4","38059","11.43"
"Mountrail","0","40","North Dakota","5/16/20","37","3","38061","8.11"
"Nelson","0","1","North Dakota","5/16/20","1","0","38063","0"
"Oliver","0","1","North Dakota","5/16/20","1","0","38065","0"
"Pembina","0","6","North Dakota","5/16/20","6","0","38067","0"
"Pierce","0","3","North Dakota","5/16/20","3","0","38069","0"
"Ramsey","0","7","North Dakota","5/16/20","7","0","38071","0"
"Ransom","0","3","North Dakota","5/16/20","3","0","38073","0"
"Renville","0","1","North Dakota","5/16/20","1","0","38075","0"
"Richland","0","9","North Dakota","5/16/20","8","1","38077","12.5"
"Rolette","0","4","North Dakota","5/16/20","3","1","38079","33.33"
"Sargent","0","3","North Dakota","5/16/20","3","0","38081","0"
"Sioux","0","1","North Dakota","5/16/20","1","0","38085","0"
"Slope","0","3","North Dakota","5/16/20","3","0","38087","0"
"Stark","0","61","North Dakota","5/16/20","61","0","38089","0"
"Stutsman","0","16","North Dakota","5/16/20","13","3","38093","23.08"
"Traill","0","1","North Dakota","5/16/20","1","0","38097","0"
"Walsh","0","9","North Dakota","5/16/20","8","1","38099","12.5"
"Ward","0","28","North Dakota","5/16/20","27","1","38101","3.7"
"Wells","0","2","North Dakota","5/16/20","2","0","38103","0"
"Williams","0","21","North Dakota","5/16/20","18","3","38105","16.67"
"","1","21","Northern Mariana Islands","5/16/20","16","5",,"31.25"
"Adams","0","8","Ohio","5/16/20","6","2","39001","33.33"
"Allen","3","165","Ohio","5/16/20","144","21","39003","14.58"
"Ashland","0","15","Ohio","5/16/20","14","1","39005","7.14"
"Ashtabula","6","229","Ohio","5/16/20","190","39","39007","20.53"
"Athens","0","8","Ohio","5/16/20","5","3","39009","60"
"Auglaize","2","54","Ohio","5/16/20","42","12","39011","28.57"
"Belmont","13","318","Ohio","5/16/20","229","89","39013","38.86"
"Brown","1","22","Ohio","5/16/20","16","6","39015","37.5"
"Butler","20","578","Ohio","5/16/20","436","142","39017","32.57"
"Carroll","0","24","Ohio","5/16/20","23","1","39019","4.35"
"Champaign","1","23","Ohio","5/16/20","17","6","39021","35.29"
"Clark","7","138","Ohio","5/16/20","90","48","39023","53.33"
"Clermont","4","149","Ohio","5/16/20","122","27","39025","22.13"
"Clinton","1","39","Ohio","5/16/20","33","6","39027","18.18"
"Columbiana","14","415","Ohio","5/16/20","319","96","39029","30.09"
"Coshocton","0","20","Ohio","5/16/20","19","1","39031","5.26"
"Crawford","3","94","Ohio","5/16/20","71","23","39033","32.39"
"Cuyahoga","67","3223","Ohio","5/16/20","2755","468","39035","16.99"
"Darke","4","111","Ohio","5/16/20","84","27","39037","32.14"
"Defiance","0","25","Ohio","5/16/20","26","-1","39039","-3.85"
"Delaware","7","257","Ohio","5/16/20","211","46","39041","21.8"
"Erie","3","97","Ohio","5/16/20","79","18","39043","22.78"
"Fairfield","4","203","Ohio","5/16/20","177","26","39045","14.69"
"Fayette","0","30","Ohio","5/16/20","27","3","39047","11.11"
"Franklin","101","4420","Ohio","5/16/20","3710","710","39049","19.14"
"Fulton","1","34","Ohio","5/16/20","30","4","39051","13.33"
"Gallia","0","7","Ohio","5/16/20","6","1","39053","16.67"
"Geauga","4","220","Ohio","5/16/20","189","31","39055","16.4"
"Greene","3","75","Ohio","5/16/20","53","22","39057","41.51"
"Guernsey","0","24","Ohio","5/16/20","21","3","39059","14.29"
"Hamilton","39","2007","Ohio","5/16/20","1731","276","39061","15.94"
"Hancock","1","45","Ohio","5/16/20","39","6","39063","15.38"
"Hardin","0","30","Ohio","5/16/20","27","3","39065","11.11"
"Harrison","0","9","Ohio","5/16/20","6","3","39067","50"
"Henry","0","10","Ohio","5/16/20","8","2","39069","25"
"Highland","0","14","Ohio","5/16/20","12","2","39071","16.67"
"Hocking","6","59","Ohio","5/16/20","20","39","39073","195"
"Holmes","0","10","Ohio","5/16/20","7","3","39075","42.86"
"Huron","0","40","Ohio","5/16/20","38","2","39077","5.26"
"Jackson","1","11","Ohio","5/16/20","7","4","39079","57.14"
"Jefferson","1","59","Ohio","5/16/20","54","5","39081","9.26"
"Knox","0","21","Ohio","5/16/20","20","1","39083","5"
"Lake","4","219","Ohio","5/16/20","194","25","39085","12.89"
"Lawrence","0","27","Ohio","5/16/20","24","3","39087","12.5"
"Licking","3","184","Ohio","5/16/20","162","22","39089","13.58"
"Logan","0","24","Ohio","5/16/20","23","1","39091","4.35"
"Lorain","7","589","Ohio","5/16/20","543","46","39093","8.47"
"Lucas","34","1945","Ohio","5/16/20","1710","235","39095","13.74"
"Madison","2","98","Ohio","5/16/20","81","17","39097","20.99"
"Mahoning","14","1199","Ohio","5/16/20","1104","95","39099","8.61"
"Marion","10","2449","Ohio","5/16/20","2381","68","39101","2.86"
"Medina","3","212","Ohio","5/16/20","193","19","39103","9.84"
"Meigs","0","3","Ohio","5/16/20","3","0","39105","0"
"Mercer","8","121","Ohio","5/16/20","66","55","39107","83.33"
"Miami","12","327","Ohio","5/16/20","244","83","39109","34.02"
"Monroe","6","53","Ohio","5/16/20","8","45","39111","562.5"
"Montgomery","19","500","Ohio","5/16/20","369","131","39113","35.5"
"Morgan","0","5","Ohio","5/16/20","5","0","39115","0"
"Morrow","2","97","Ohio","5/16/20","84","13","39117","15.48"
"Muskingum","1","34","Ohio","5/16/20","25","9","39119","36"
"Noble","0","5","Ohio","5/16/20","6","-1","39121","-16.67"
"Ottawa","3","65","Ohio","5/16/20","46","19","39123","41.3"
"Paulding","0","11","Ohio","5/16/20","9","2","39125","22.22"
"Perry","0","15","Ohio","5/16/20","13","2","39127","15.38"
"Pickaway","24","2011","Ohio","5/16/20","1844","167","39129","9.06"
"Pike","0","5","Ohio","5/16/20","5","0","39131","0"
"Portage","2","290","Ohio","5/16/20","274","16","39133","5.84"
"Preble","0","28","Ohio","5/16/20","28","0","39135","0"
"Putnam","1","80","Ohio","5/16/20","76","4","39137","5.26"
"Richland","6","155","Ohio","5/16/20","113","42","39139","37.17"
"Ross","1","58","Ohio","5/16/20","48","10","39141","20.83"
"Sandusky","1","56","Ohio","5/16/20","48","8","39143","16.67"
"Scioto","0","14","Ohio","5/16/20","13","1","39145","7.69"
"Seneca","0","15","Ohio","5/16/20","14","1","39147","7.14"
"Shelby","0","34","Ohio","5/16/20","31","3","39149","9.68"
"Stark","11","553","Ohio","5/16/20","479","74","39151","15.45"
"Summit","16","995","Ohio","5/16/20","880","115","39153","13.07"
"Trumbull","6","447","Ohio","5/16/20","404","43","39155","10.64"
"Tuscarawas","9","258","Ohio","5/16/20","196","62","39157","31.63"
"Union","0","31","Ohio","5/16/20","28","3","39159","10.71"
"Van Wert","0","4","Ohio","5/16/20","3","1","39161","33.33"
"Vinton","1","16","Ohio","5/16/20","11","5","39163","45.45"
"Warren","10","269","Ohio","5/16/20","202","67","39165","33.17"
"Washington","0","116","Ohio","5/16/20","113","3","39167","2.65"
"Wayne","2","200","Ohio","5/16/20","188","12","39169","6.38"
"Williams","0","47","Ohio","5/16/20","44","3","39171","6.82"
"Wood","3","241","Ohio","5/16/20","222","19","39173","8.56"
"Wyandot","0","29","Ohio","5/16/20","27","2","39175","7.41"
"Adair","0","74","Oklahoma","5/16/20","74","0","40001","0"
"Alfalfa","0","1","Oklahoma","5/16/20","1","0","40003","0"
"Atoka","0","1","Oklahoma","5/16/20","1","0","40005","0"
"Beaver","0","23","Oklahoma","5/16/20","20","3","40007","15"
"Beckham","0","6","Oklahoma","5/16/20","6","0","40009","0"
"Blaine","0","3","Oklahoma","5/16/20","2","1","40011","50"
"Bryan","0","13","Oklahoma","5/16/20","12","1","40013","8.33"
"Caddo","2","112","Oklahoma","5/16/20","100","12","40015","12"
"Canadian","1","116","Oklahoma","5/16/20","110","6","40017","5.45"
"Carter","0","8","Oklahoma","5/16/20","6","2","40019","33.33"
"Cherokee","0","29","Oklahoma","5/16/20","30","-1","40021","-3.33"
"Choctaw","0","3","Oklahoma","5/16/20","3","0","40023","0"
"Cimarron","0","1","Oklahoma","5/16/20","1","0","40025","0"
"Cleveland","2","466","Oklahoma","5/16/20","455","11","40027","2.42"
"Comanche","13","215","Oklahoma","5/16/20","124","91","40031","73.39"
"Cotton","0","5","Oklahoma","5/16/20","5","0","40033","0"
"Craig","0","13","Oklahoma","5/16/20","13","0","40035","0"
"Creek","0","83","Oklahoma","5/16/20","82","1","40037","1.22"
"Custer","0","12","Oklahoma","5/16/20","11","1","40039","9.09"
"Delaware","0","95","Oklahoma","5/16/20","92","3","40041","3.26"
"Dewey","0","2","Oklahoma","5/16/20","2","0","40043","0"
"Garfield","0","23","Oklahoma","5/16/20","22","1","40047","4.55"
"Garvin","0","15","Oklahoma","5/16/20","14","1","40049","7.14"
"Grady","3","64","Oklahoma","5/16/20","45","19","40051","42.22"
"Grant","0","2","Oklahoma","5/16/20","2","0","40053","0"
"Greer","0","66","Oklahoma","5/16/20","65","1","40055","1.54"
"Harper","0","1","Oklahoma","5/16/20","1","0","40059","0"
"Haskell","0","5","Oklahoma","5/16/20","5","0","40061","0"
"Jackson","0","21","Oklahoma","5/16/20","19","2","40065","10.53"
"Jefferson","0","3","Oklahoma","5/16/20","3","0","40067","0"
"Johnston","0","3","Oklahoma","5/16/20","3","0","40069","0"
"Kay","0","49","Oklahoma","5/16/20","48","1","40071","2.08"
"Kingfisher","0","10","Oklahoma","5/16/20","8","2","40073","25"
"Kiowa","0","6","Oklahoma","5/16/20","7","-1","40075","-14.29"
"Latimer","0","5","Oklahoma","5/16/20","5","0","40077","0"
"Le Flore","0","13","Oklahoma","5/16/20","13","0","40079","0"
"Lincoln","0","18","Oklahoma","5/16/20","17","1","40081","5.88"
"Logan","0","18","Oklahoma","5/16/20","18","0","40083","0"
"Love","0","3","Oklahoma","5/16/20","3","0","40085","0"
"Major","0","6","Oklahoma","5/16/20","5","1","40093","20"
"Marshall","0","4","Oklahoma","5/16/20","2","2","40095","100"
"Mayes","1","28","Oklahoma","5/16/20","24","4","40097","16.67"
"McClain","0","86","Oklahoma","5/16/20","85","1","40087","1.18"
"McCurtain","0","11","Oklahoma","5/16/20","8","3","40089","37.5"
"McIntosh","1","10","Oklahoma","5/16/20","5","5","40091","100"
"Murray","0","2","Oklahoma","5/16/20","2","0","40099","0"
"Muskogee","0","29","Oklahoma","5/16/20","29","0","40101","0"
"Noble","0","7","Oklahoma","5/16/20","7","0","40103","0"
"Nowata","0","23","Oklahoma","5/16/20","22","1","40105","4.55"
"Okfuskee","0","2","Oklahoma","5/16/20","1","1","40107","100"
"Oklahoma","20","1070","Oklahoma","5/16/20","927","143","40109","15.43"
"Okmulgee","0","18","Oklahoma","5/16/20","16","2","40111","12.5"
"Osage","0","91","Oklahoma","5/16/20","88","3","40113","3.41"
"Ottawa","0","34","Oklahoma","5/16/20","34","0","40115","0"
"Pawnee","0","29","Oklahoma","5/16/20","29","0","40117","0"
"Payne","0","45","Oklahoma","5/16/20","45","0","40119","0"
"Pittsburg","0","38","Oklahoma","5/16/20","39","-1","40121","-2.56"
"Pontotoc","0","11","Oklahoma","5/16/20","10","1","40123","10"
"Pottawatomie","0","56","Oklahoma","5/16/20","54","2","40125","3.7"
"Pushmataha","0","1","Oklahoma","5/16/20","1","0","40127","0"
"Rogers","0","72","Oklahoma","5/16/20","70","2","40131","2.86"
"Seminole","0","21","Oklahoma","5/16/20","20","1","40133","5"
"Sequoyah","0","14","Oklahoma","5/16/20","13","1","40135","7.69"
"Stephens","0","24","Oklahoma","5/16/20","22","2","40137","9.09"
"Texas","45","658","Oklahoma","5/16/20","345","313","40139","90.72"
"Tillman","0","22","Oklahoma","5/16/20","19","3","40141","15.79"
"Tulsa","12","776","Oklahoma","5/16/20","695","81","40143","11.65"
"Wagoner","2","136","Oklahoma","5/16/20","125","11","40145","8.8"
"Washington","1","302","Oklahoma","5/16/20","296","6","40147","2.03"
"Washita","0","1","Oklahoma","5/16/20","0","1","40149","1"
"Woods","0","3","Oklahoma","5/16/20","3","0","40151","0"
"Woodward","0","1","Oklahoma","5/16/20","1","0","40153","0"
"Baker","0","1","Oregon","5/16/20","1","0","41001","0"
"Benton","1","51","Oregon","5/16/20","44","7","41003","15.91"
"Clackamas","4","281","Oregon","5/16/20","256","25","41005","9.77"
"Clatsop","1","37","Oregon","5/16/20","28","9","41007","32.14"
"Columbia","0","16","Oregon","5/16/20","15","1","41009","6.67"
"Coos","0","30","Oregon","5/16/20","30","0","41011","0"
"Crook","0","1","Oregon","5/16/20","1","0","41013","0"
"Curry","0","4","Oregon","5/16/20","4","0","41015","0"
"Deschutes","1","95","Oregon","5/16/20","85","10","41017","11.76"
"Douglas","0","24","Oregon","5/16/20","24","0","41019","0"
"Grant","0","1","Oregon","5/16/20","1","0","41023","0"
"Harney","0","1","Oregon","5/16/20","1","0","41025","0"
"Hood River","0","14","Oregon","5/16/20","12","2","41027","16.67"
"Jackson","0","50","Oregon","5/16/20","49","1","41029","2.04"
"Jefferson","0","24","Oregon","5/16/20","24","0","41031","0"
"Josephine","0","25","Oregon","5/16/20","24","1","41033","4.17"
"Klamath","0","41","Oregon","5/16/20","39","2","41035","5.13"
"Lane","1","64","Oregon","5/16/20","60","4","41039","6.67"
"Lincoln","0","7","Oregon","5/16/20","6","1","41041","16.67"
"Linn","1","110","Oregon","5/16/20","102","8","41043","7.84"
"Malheur","1","19","Oregon","5/16/20","14","5","41045","35.71"
"Marion","23","824","Oregon","5/16/20","663","161","41047","24.28"
"Morrow","0","12","Oregon","5/16/20","12","0","41049","0"
"Multnomah","17","979","Oregon","5/16/20","863","116","41051","13.44"
"Polk","1","92","Oregon","5/16/20","82","10","41053","12.2"
"Sherman","0","1","Oregon","5/16/20","1","0","41055","0"
"Tillamook","0","6","Oregon","5/16/20","6","0","41057","0"
"Umatilla","1","93","Oregon","5/16/20","84","9","41059","10.71"
"Union","0","5","Oregon","5/16/20","4","1","41061","25"
"Wallowa","0","1","Oregon","5/16/20","1","0","41063","0"
"Wasco","0","18","Oregon","5/16/20","15","3","41065","20"
"Washington","9","628","Oregon","5/16/20","562","66","41067","11.74"
"Yamhill","1","57","Oregon","5/16/20","47","10","41071","21.28"
"Adams","4","185","Pennsylvania","5/16/20","156","29","42001","18.59"
"Allegheny","16","1595","Pennsylvania","5/16/20","1486","109","42003","7.34"
"Armstrong","0","58","Pennsylvania","5/16/20","55","3","42005","5.45"
"Beaver","5","518","Pennsylvania","5/16/20","482","36","42007","7.47"
"Bedford","0","32","Pennsylvania","5/16/20","29","3","42009","10.34"
"Berks","55","3643","Pennsylvania","5/16/20","3257","386","42011","11.85"
"Blair","1","34","Pennsylvania","5/16/20","28","6","42013","21.43"
"Bradford","0","41","Pennsylvania","5/16/20","38","3","42015","7.89"
"Bucks","77","4391","Pennsylvania","5/16/20","3852","539","42017","13.99"
"Butler","1","202","Pennsylvania","5/16/20","194","8","42019","4.12"
"Cambria","2","53","Pennsylvania","5/16/20","42","11","42021","26.19"
"Cameron","0","2","Pennsylvania","5/16/20","2","0","42023","0"
"Carbon","2","210","Pennsylvania","5/16/20","195","15","42025","7.69"
"Centre","2","129","Pennsylvania","5/16/20","117","12","42027","10.26"
"Chester","47","2100","Pennsylvania","5/16/20","1774","326","42029","18.38"
"Clarion","0","24","Pennsylvania","5/16/20","23","1","42031","4.35"
"Clearfield","1","33","Pennsylvania","5/16/20","24","9","42033","37.5"
"Clinton","0","43","Pennsylvania","5/16/20","41","2","42035","4.88"
"Columbia","2","336","Pennsylvania","5/16/20","323","13","42037","4.02"
"Crawford","0","21","Pennsylvania","5/16/20","20","1","42039","5"
"Cumberland","13","515","Pennsylvania","5/16/20","425","90","42041","21.18"
"Dauphin","20","938","Pennsylvania","5/16/20","797","141","42043","17.69"
"Delaware","103","5555","Pennsylvania","5/16/20","4836","719","42045","14.87"
"Elk","0","6","Pennsylvania","5/16/20","5","1","42047","20"
"Erie","2","134","Pennsylvania","5/16/20","120","14","42049","11.67"
"Fayette","0","88","Pennsylvania","5/16/20","85","3","42051","3.53"
"Forest","0","7","Pennsylvania","5/16/20","7","0","42053","0"
"Franklin","18","601","Pennsylvania","5/16/20","478","123","42055","25.73"
"Fulton","0","11","Pennsylvania","5/16/20","8","3","42057","37.5"
"Greene","0","27","Pennsylvania","5/16/20","27","0","42059","0"
"Huntingdon","13","208","Pennsylvania","5/16/20","119","89","42061","74.79"
"Indiana","1","84","Pennsylvania","5/16/20","76","8","42063","10.53"
"Jefferson","0","7","Pennsylvania","5/16/20","7","0","42065","0"
"Juniata","0","94","Pennsylvania","5/16/20","93","1","42067","1.08"
"Lackawanna","28","1327","Pennsylvania","5/16/20","1134","193","42069","17.02"
"Lancaster","41","2470","Pennsylvania","5/16/20","2185","285","42071","13.04"
"Lawrence","0","72","Pennsylvania","5/16/20","69","3","42073","4.35"
"Lebanon","10","873","Pennsylvania","5/16/20","805","68","42075","8.45"
"Lehigh","39","3440","Pennsylvania","5/16/20","3169","271","42077","8.55"
"Luzerne","22","2513","Pennsylvania","5/16/20","2356","157","42079","6.66"
"Lycoming","3","146","Pennsylvania","5/16/20","127","19","42081","14.96"
"McKean","1","10","Pennsylvania","5/16/20","6","4","42083","66.67"
"Mercer","3","91","Pennsylvania","5/16/20","73","18","42085","24.66"
"Mifflin","1","57","Pennsylvania","5/16/20","50","7","42087","14"
"Monroe","6","1248","Pennsylvania","5/16/20","1206","42","42089","3.48"
"Montgomery","97","5797","Pennsylvania","5/16/20","5116","681","42091","13.31"
"Montour","0","50","Pennsylvania","5/16/20","49","1","42093","2.04"
"Northampton","33","2659","Pennsylvania","5/16/20","2429","230","42095","9.47"
"Northumberland","3","139","Pennsylvania","5/16/20","119","20","42097","16.81"
"Perry","1","40","Pennsylvania","5/16/20","34","6","42099","17.65"
"Philadelphia","246","19606","Pennsylvania","5/16/20","17881","1725","42101","9.65"
"Pike","5","460","Pennsylvania","5/16/20","427","33","42103","7.73"
"Potter","0","4","Pennsylvania","5/16/20","4","0","42105","0"
"Schuylkill","11","512","Pennsylvania","5/16/20","437","75","42107","17.16"
"Snyder","0","33","Pennsylvania","5/16/20","33","0","42109","0"
"Somerset","0","32","Pennsylvania","5/16/20","32","0","42111","0"
"Sullivan","0","2","Pennsylvania","5/16/20","1","1","42113","100"
"Susquehanna","0","83","Pennsylvania","5/16/20","81","2","42115","2.47"
"Tioga","0","16","Pennsylvania","5/16/20","16","0","42117","0"
"Union","1","46","Pennsylvania","5/16/20","40","6","42119","15"
"Venango","0","7","Pennsylvania","5/16/20","7","0","42121","0"
"Warren","0","2","Pennsylvania","5/16/20","1","1","42123","100"
"Washington","1","130","Pennsylvania","5/16/20","124","6","42125","4.84"
"Wayne","-1","108","Pennsylvania","5/16/20","116","-8","42127","-6.9"
"Westmoreland","1","423","Pennsylvania","5/16/20","415","8","42129","1.93"
"Wyoming","0","29","Pennsylvania","5/16/20","30","-1","42131","-3.33"
"York","10","835","Pennsylvania","5/16/20","767","68","42133","8.87"
"","59","2589","Puerto Rico","5/16/20","2173","416",,"19.14"
"Bristol","3","172","Rhode Island","5/16/20","154","18","44001","11.69"
"Kent","26","883","Rhode Island","5/16/20","703","180","44003","25.6"
"Newport","5","197","Rhode Island","5/16/20","161","36","44005","22.36"
"Providence","282","9112","Rhode Island","5/16/20","7138","1974","44007","27.65"
"Washington","9","425","Rhode Island","5/16/20","363","62","44009","17.08"
"Abbeville","0","34","South Carolina","5/16/20","34","0","45001","0"
"Aiken","5","150","South Carolina","5/16/20","116","34","45003","29.31"
"Allendale","1","31","South Carolina","5/16/20","24","7","45005","29.17"
"Anderson","3","206","South Carolina","5/16/20","184","22","45007","11.96"
"Bamberg","0","16","South Carolina","5/16/20","15","1","45009","6.67"
"Barnwell","1","40","South Carolina","5/16/20","33","7","45011","21.21"
"Beaufort","3","291","South Carolina","5/16/20","273","18","45013","6.59"
"Berkeley","2","203","South Carolina","5/16/20","192","11","45015","5.73"
"Calhoun","0","9","South Carolina","5/16/20","8","1","45017","12.5"
"Charleston","3","506","South Carolina","5/16/20","482","24","45019","4.98"
"Cherokee","0","23","South Carolina","5/16/20","22","1","45021","4.55"
"Chester","0","41","South Carolina","5/16/20","39","2","45023","5.13"
"Chesterfield","3","94","South Carolina","5/16/20","75","19","45025","25.33"
"Clarendon","2","274","South Carolina","5/16/20","262","12","45027","4.58"
"Colleton","3","51","South Carolina","5/16/20","32","19","45029","59.38"
"Darlington","6","212","South Carolina","5/16/20","173","39","45031","22.54"
"Dillon","5","124","South Carolina","5/16/20","88","36","45033","40.91"
"Dorchester","1","111","South Carolina","5/16/20","105","6","45035","5.71"
"Edgefield","1","43","South Carolina","5/16/20","39","4","45037","10.26"
"Fairfield","6","120","South Carolina","5/16/20","80","40","45039","50"
"Florence","15","519","South Carolina","5/16/20","412","107","45041","25.97"
"Georgetown","0","52","South Carolina","5/16/20","50","2","45043","4"
"Greenville","21","1058","South Carolina","5/16/20","912","146","45045","16.01"
"Greenwood","1","69","South Carolina","5/16/20","62","7","45047","11.29"
"Hampton","0","29","South Carolina","5/16/20","27","2","45049","7.41"
"Horry","5","293","South Carolina","5/16/20","256","37","45051","14.45"
"Jasper","0","26","South Carolina","5/16/20","23","3","45053","13.04"
"Kershaw","2","265","South Carolina","5/16/20","253","12","45055","4.74"
"Lancaster","1","109","South Carolina","5/16/20","104","5","45057","4.81"
"Laurens","2","57","South Carolina","5/16/20","46","11","45059","23.91"
"Lee","8","158","South Carolina","5/16/20","99","59","45061","59.6"
"Lexington","5","509","South Carolina","5/16/20","472","37","45063","7.84"
"Marion","1","51","South Carolina","5/16/20","47","4","45067","8.51"
"Marlboro","2","73","South Carolina","5/16/20","57","16","45069","28.07"
"McCormick","0","7","South Carolina","5/16/20","7","0","45065","0"
"Newberry","0","31","South Carolina","5/16/20","31","0","45071","0"
"Oconee","1","41","South Carolina","5/16/20","37","4","45073","10.81"
"Orangeburg","2","112","South Carolina","5/16/20","99","13","45075","13.13"
"Pickens","3","91","South Carolina","5/16/20","68","23","45077","33.82"
"Richland","20","1222","South Carolina","5/16/20","1082","140","45079","12.94"
"Saluda","4","115","South Carolina","5/16/20","86","29","45081","33.72"
"Spartanburg","7","383","South Carolina","5/16/20","336","47","45083","13.99"
"Sumter","4","313","South Carolina","5/16/20","286","27","45085","9.44"
"Union","0","31","South Carolina","5/16/20","30","1","45087","3.33"
"Williamsburg","6","178","South Carolina","5/16/20","136","42","45089","30.88"
"York","8","290","South Carolina","5/16/20","237","53","45091","22.36"
"Aurora","0","2","South Dakota","5/16/20","1","1","46003","100"
"Beadle","1","30","South Dakota","5/16/20","21","9","46005","42.86"
"Bon Homme","0","4","South Dakota","5/16/20","4","0","46009","0"
"Brookings","0","14","South Dakota","5/16/20","14","0","46011","0"
"Brown","12","194","South Dakota","5/16/20","110","84","46013","76.36"
"Buffalo","0","1","South Dakota","5/16/20","1","0","46017","0"
"Charles Mix","0","8","South Dakota","5/16/20","5","3","46023","60"
"Clark","0","4","South Dakota","5/16/20","2","2","46025","100"
"Clay","1","14","South Dakota","5/16/20","9","5","46027","55.56"
"Codington","0","16","South Dakota","5/16/20","15","1","46029","6.67"
"Corson","0","3","South Dakota","5/16/20","1","2","46031","200"
"Davison","0","9","South Dakota","5/16/20","7","2","46035","28.57"
"Day","0","10","South Dakota","5/16/20","10","0","46037","0"
"Deuel","0","1","South Dakota","5/16/20","1","0","46039","0"
"Douglas","0","1","South Dakota","5/16/20","1","0","46043","0"
"Fall River","0","2","South Dakota","5/16/20","2","0","46047","0"
"Faulk","0","1","South Dakota","5/16/20","1","0","46049","0"
"Grant","1","9","South Dakota","5/16/20","2","7","46051","350"
"Hamlin","0","2","South Dakota","5/16/20","2","0","46057","0"
"Hand","0","1","South Dakota","5/16/20","1","0","46059","0"
"Hughes","0","16","South Dakota","5/16/20","15","1","46065","6.67"
"Hutchinson","0","3","South Dakota","5/16/20","3","0","46067","0"
"Hyde","0","1","South Dakota","5/16/20","1","0","46069","0"
"Jerauld","0","6","South Dakota","5/16/20","6","0","46073","0"
"Lake","0","5","South Dakota","5/16/20","5","0","46079","0"
"Lawrence","0","9","South Dakota","5/16/20","9","0","46081","0"
"Lincoln","2","201","South Dakota","5/16/20","186","15","46083","8.06"
"Lyman","0","4","South Dakota","5/16/20","3","1","46085","33.33"
"Marshall","0","1","South Dakota","5/16/20","1","0","46091","0"
"McCook","0","5","South Dakota","5/16/20","4","1","46087","25"
"McPherson","0","1","South Dakota","5/16/20","1","0","46089","0"
"Meade","0","5","South Dakota","5/16/20","3","2","46093","66.67"
"Miner","0","1","South Dakota","5/16/20","1","0","46097","0"
"Minnehaha","50","3119","South Dakota","5/16/20","2767","352","46099","12.72"
"Moody","0","17","South Dakota","5/16/20","14","3","46101","21.43"
"Oglala Lakota","1","9","South Dakota","5/16/20","1","8","46102","800"
"Pennington","4","49","South Dakota","5/16/20","19","30","46103","157.89"
"Roberts","1","19","South Dakota","5/16/20","13","6","46109","46.15"
"Sanborn","0","5","South Dakota","5/16/20","3","2","46111","66.67"
"Spink","0","4","South Dakota","5/16/20","4","0","46115","0"
"Stanley","0","9","South Dakota","5/16/20","9","0","46117","0"
"Sully","0","1","South Dakota","5/16/20","1","0","46119","0"
"Todd","1","16","South Dakota","5/16/20","8","8","46121","100"
"Tripp","0","2","South Dakota","5/16/20","0","2","46123","1"
"Turner","0","19","South Dakota","5/16/20","18","1","46125","5.56"
"Union","1","60","South Dakota","5/16/20","53","7","46127","13.21"
"Walworth","0","5","South Dakota","5/16/20","5","0","46129","0"
"Yankton","2","40","South Dakota","5/16/20","29","11","46135","37.93"
"Ziebach","0","1","South Dakota","5/16/20","1","0","46137","0"
"Anderson","1","36","Tennessee","5/16/20","31","5","47001","16.13"
"Bedford","3","251","Tennessee","5/16/20","231","20","47003","8.66"
"Benton","0","6","Tennessee","5/16/20","6","0","47005","0"
"Bledsoe","0","607","Tennessee","5/16/20","604","3","47007","0.5"
"Blount","1","75","Tennessee","5/16/20","71","4","47009","5.63"
"Bradley","2","81","Tennessee","5/16/20","69","12","47011","17.39"
"Campbell","0","17","Tennessee","5/16/20","16","1","47013","6.25"
"Cannon","0","13","Tennessee","5/16/20","13","0","47015","0"
"Carroll","1","25","Tennessee","5/16/20","18","7","47017","38.89"
"Carter","0","19","Tennessee","5/16/20","18","1","47019","5.56"
"Cheatham","4","88","Tennessee","5/16/20","61","27","47021","44.26"
"Chester","0","12","Tennessee","5/16/20","12","0","47023","0"
"Claiborne","0","7","Tennessee","5/16/20","7","0","47025","0"
"Clay","0","6","Tennessee","5/16/20","6","0","47027","0"
"Cocke","0","20","Tennessee","5/16/20","17","3","47029","17.65"
"Coffee","1","60","Tennessee","5/16/20","52","8","47031","15.38"
"Crockett","1","13","Tennessee","5/16/20","9","4","47033","44.44"
"Cumberland","0","88","Tennessee","5/16/20","85","3","47035","3.53"
"Davidson","73","3872","Tennessee","5/16/20","3358","514","47037","15.31"
"Decatur","0","5","Tennessee","5/16/20","4","1","47039","25"
"DeKalb","0","29","Tennessee","5/16/20","27","2","47041","7.41"
"Dickson","1","91","Tennessee","5/16/20","85","6","47043","7.06"
"Dyer","0","44","Tennessee","5/16/20","41","3","47045","7.32"
"Fayette","2","88","Tennessee","5/16/20","77","11","47047","14.29"
"Fentress","0","6","Tennessee","5/16/20","6","0","47049","0"
"Franklin","0","43","Tennessee","5/16/20","40","3","47051","7.5"
"Gibson","1","58","Tennessee","5/16/20","53","5","47053","9.43"
"Giles","0","9","Tennessee","5/16/20","9","0","47055","0"
"Grainger","0","6","Tennessee","5/16/20","6","0","47057","0"
"Greene","0","46","Tennessee","5/16/20","44","2","47059","4.55"
"Grundy","0","30","Tennessee","5/16/20","30","0","47061","0"
"Hamblen","0","24","Tennessee","5/16/20","21","3","47063","14.29"
"Hamilton","16","342","Tennessee","5/16/20","232","110","47065","47.41"
"Hardeman","10","183","Tennessee","5/16/20","116","67","47069","57.76"
"Hardin","0","9","Tennessee","5/16/20","7","2","47071","28.57"
"Hawkins","0","31","Tennessee","5/16/20","31","0","47073","0"
"Haywood","0","29","Tennessee","5/16/20","26","3","47075","11.54"
"Henderson","0","12","Tennessee","5/16/20","10","2","47077","20"
"Henry","0","17","Tennessee","5/16/20","15","2","47079","13.33"
"Hickman","0","52","Tennessee","5/16/20","49","3","47081","6.12"
"Houston","0","6","Tennessee","5/16/20","6","0","47083","0"
"Humphreys","0","12","Tennessee","5/16/20","11","1","47085","9.09"
"Jackson","0","11","Tennessee","5/16/20","8","3","47087","37.5"
"Jefferson","0","26","Tennessee","5/16/20","26","0","47089","0"
"Johnson","1","15","Tennessee","5/16/20","5","10","47091","200"
"Knox","6","303","Tennessee","5/16/20","262","41","47093","15.65"
"Lake","49","401","Tennessee","5/16/20","59","342","47095","579.66"
"Lauderdale","3","44","Tennessee","5/16/20","26","18","47097","69.23"
"Lawrence","0","21","Tennessee","5/16/20","20","1","47099","5"
"Lewis","0","2","Tennessee","5/16/20","2","0","47101","0"
"Lincoln","0","16","Tennessee","5/16/20","16","0","47103","0"
"Loudon","1","48","Tennessee","5/16/20","39","9","47105","23.08"
"Macon","3","81","Tennessee","5/16/20","58","23","47111","39.66"
"Madison","2","162","Tennessee","5/16/20","150","12","47113","8"
"Marion","0","31","Tennessee","5/16/20","29","2","47115","6.9"
"Marshall","0","26","Tennessee","5/16/20","24","2","47117","8.33"
"Maury","1","61","Tennessee","5/16/20","55","6","47119","10.91"
"McMinn","1","123","Tennessee","5/16/20","116","7","47107","6.03"
"McNairy","0","12","Tennessee","5/16/20","11","1","47109","9.09"
"Meigs","0","22","Tennessee","5/16/20","22","0","47121","0"
"Monroe","2","41","Tennessee","5/16/20","30","11","47123","36.67"
"Montgomery","5","204","Tennessee","5/16/20","172","32","47125","18.6"
"Moore","0","3","Tennessee","5/16/20","3","0","47127","0"
"Morgan","0","12","Tennessee","5/16/20","10","2","47129","20"
"Obion","0","17","Tennessee","5/16/20","16","1","47131","6.25"
"Out of TN","-4","340","Tennessee","5/16/20","366","-26","80047","-7.1"
"Overton","0","14","Tennessee","5/16/20","11","3","47133","27.27"
"Perry","0","13","Tennessee","5/16/20","13","0","47135","0"
"Pickett","0","1","Tennessee","5/16/20","0","1","47137","1"
"Polk","0","12","Tennessee","5/16/20","12","0","47139","0"
"Putnam","9","232","Tennessee","5/16/20","166","66","47141","39.76"
"Rhea","0","7","Tennessee","5/16/20","6","1","47143","16.67"
"Roane","0","8","Tennessee","5/16/20","8","0","47145","0"
"Robertson","8","274","Tennessee","5/16/20","219","55","47147","25.11"
"Rutherford","18","847","Tennessee","5/16/20","720","127","47149","17.64"
"Scott","0","11","Tennessee","5/16/20","11","0","47151","0"
"Sequatchie","1","10","Tennessee","5/16/20","6","4","47153","66.67"
"Sevier","0","68","Tennessee","5/16/20","65","3","47155","4.62"
"Shelby","70","3681","Tennessee","5/16/20","3189","492","47157","15.43"
"Smith","0","24","Tennessee","5/16/20","24","0","47159","0"
"Stewart","0","7","Tennessee","5/16/20","7","0","47161","0"
"Sullivan","0","57","Tennessee","5/16/20","54","3","47163","5.56"
"Sumner","6","737","Tennessee","5/16/20","693","44","47165","6.35"
"Tipton","35","403","Tennessee","5/16/20","158","245","47167","155.06"
"Trousdale","4","1382","Tennessee","5/16/20","1357","25","47169","1.84"
"Unicoi","0","3","Tennessee","5/16/20","2","1","47171","50"
"Union","0","4","Tennessee","5/16/20","3","1","47173","33.33"
"Van Buren","0","3","Tennessee","5/16/20","2","1","47175","50"
"Warren","0","15","Tennessee","5/16/20","12","3","47177","25"
"Washington","1","66","Tennessee","5/16/20","61","5","47179","8.2"
"Wayne","9","63","Tennessee","5/16/20","3","60","47181","2000"
"Weakley","0","24","Tennessee","5/16/20","24","0","47183","0"
"White","0","18","Tennessee","5/16/20","16","2","47185","12.5"
"Williamson","4","471","Tennessee","5/16/20","441","30","47187","6.8"
"Wilson","3","318","Tennessee","5/16/20","297","21","47189","7.07"
"Anderson","2","54","Texas","5/16/20","41","13","48001","31.71"
"Andrews","0","22","Texas","5/16/20","21","1","48003","4.76"
"Angelina","6","139","Texas","5/16/20","100","39","48005","39"
"Aransas","0","3","Texas","5/16/20","2","1","48007","50"
"Archer","0","1","Texas","5/16/20","0","1","48009","1"
"Armstrong","0","2","Texas","5/16/20","2","0","48011","0"
"Atascosa","1","30","Texas","5/16/20","22","8","48013","36.36"
"Austin","1","19","Texas","5/16/20","15","4","48015","26.67"
"Bailey","1","6","Texas","5/16/20","2","4","48017","200"
"Bandera","0","6","Texas","5/16/20","6","0","48019","0"
"Bastrop","3","132","Texas","5/16/20","108","24","48021","22.22"
"Bee","0","6","Texas","5/16/20","6","0","48025","0"
"Bell","4","248","Texas","5/16/20","220","28","48027","12.73"
"Bexar","45","2120","Texas","5/16/20","1805","315","48029","17.45"
"Blanco","0","6","Texas","5/16/20","6","0","48031","0"
"Bosque","0","6","Texas","5/16/20","5","1","48035","20"
"Bowie","8","130","Texas","5/16/20","76","54","48037","71.05"
"Brazoria","11","721","Texas","5/16/20","644","77","48039","11.96"
"Brazos","8","312","Texas","5/16/20","256","56","48041","21.88"
"Brewster","0","1","Texas","5/16/20","1","0","48043","0"
"Briscoe","0","1","Texas","5/16/20","1","0","48045","0"
"Brooks","0","1","Texas","5/16/20","1","0","48047","0"
"Brown","2","51","Texas","5/16/20","38","13","48049","34.21"
"Burleson","0","18","Texas","5/16/20","15","3","48051","20"
"Burnet","0","28","Texas","5/16/20","26","2","48053","7.69"
"Caldwell","1","36","Texas","5/16/20","26","10","48055","38.46"
"Calhoun","0","36","Texas","5/16/20","36","0","48057","0"
"Callahan","0","8","Texas","5/16/20","6","2","48059","33.33"
"Cameron","18","619","Texas","5/16/20","494","125","48061","25.3"
"Camp","2","21","Texas","5/16/20","7","14","48063","200"
"Carson","0","3","Texas","5/16/20","3","0","48065","0"
"Cass","0","19","Texas","5/16/20","17","2","48067","11.76"
"Castro","1","26","Texas","5/16/20","22","4","48069","18.18"
"Chambers","1","52","Texas","5/16/20","48","4","48071","8.33"
"Cherokee","2","34","Texas","5/16/20","20","14","48073","70"
"Childress","0","2","Texas","5/16/20","1","1","48075","100"
"Clay","0","3","Texas","5/16/20","3","0","48077","0"
"Cochran","0","1","Texas","5/16/20","1","0","48079","0"
"Coke","0","1","Texas","5/16/20","1","0","48081","0"
"Coleman","0","2","Texas","5/16/20","2","0","48083","0"
"Collin","17","1008","Texas","5/16/20","887","121","48085","13.64"
"Collingsworth","0","4","Texas","5/16/20","1","3","48087","300"
"Colorado","0","18","Texas","5/16/20","16","2","48089","12.5"
"Comal","1","70","Texas","5/16/20","65","5","48091","7.69"
"Comanche","0","3","Texas","5/16/20","3","0","48093","0"
"Concho","0","1","Texas","5/16/20","1","0","48095","0"
"Cooke","0","13","Texas","5/16/20","12","1","48097","8.33"
"Coryell","2","224","Texas","5/16/20","207","17","48099","8.21"
"Cottle","0","4","Texas","5/16/20","4","0","48101","0"
"Crane","0","2","Texas","5/16/20","2","0","48103","0"
"Crosby","0","2","Texas","5/16/20","2","0","48107","0"
"Dallam","1","20","Texas","5/16/20","13","7","48111","53.85"
"Dallas","233","7250","Texas","5/16/20","5619","1631","48113","29.03"
"Dawson","1","38","Texas","5/16/20","30","8","48115","26.67"
"Deaf Smith","11","120","Texas","5/16/20","46","74","48117","160.87"
"Delta","0","1","Texas","5/16/20","1","0","48119","0"
"Denton","20","1040","Texas","5/16/20","902","138","48121","15.3"
"DeWitt","0","17","Texas","5/16/20","15","2","48123","13.33"
"Dickens","0","1","Texas","5/16/20","1","0","48125","0"
"Dimmit","0","1","Texas","5/16/20","1","0","48127","0"
"Donley","0","25","Texas","5/16/20","25","0","48129","0"
"Duval","0","5","Texas","5/16/20","5","0","48131","0"
"Eastland","0","5","Texas","5/16/20","3","2","48133","66.67"
"Ector","2","109","Texas","5/16/20","95","14","48135","14.74"
"El Paso","54","1655","Texas","5/16/20","1276","379","48141","29.7"
"Ellis","6","247","Texas","5/16/20","202","45","48139","22.28"
"Erath","0","15","Texas","5/16/20","14","1","48143","7.14"
"Falls","0","6","Texas","5/16/20","6","0","48145","0"
"Fannin","0","25","Texas","5/16/20","23","2","48147","8.7"
"Fayette","1","29","Texas","5/16/20","24","5","48149","20.83"
"Fisher","0","1","Texas","5/16/20","0","1","48151","1"
"Floyd","0","4","Texas","5/16/20","4","0","48153","0"
"Fort Bend","22","1510","Texas","5/16/20","1357","153","48157","11.27"
"Franklin","0","5","Texas","5/16/20","3","2","48159","66.67"
"Freestone","0","7","Texas","5/16/20","7","0","48161","0"
"Frio","0","35","Texas","5/16/20","34","1","48163","2.94"
"Gaines","0","5","Texas","5/16/20","3","2","48165","66.67"
"Galveston","3","696","Texas","5/16/20","676","20","48167","2.96"
"Garza","0","4","Texas","5/16/20","3","1","48169","33.33"
"Gillespie","0","4","Texas","5/16/20","4","0","48171","0"
"Glasscock","0","1","Texas","5/16/20","1","0","48173","0"
"Goliad","0","7","Texas","5/16/20","7","0","48175","0"
"Gonzales","5","75","Texas","5/16/20","40","35","48177","87.5"
"Gray","3","91","Texas","5/16/20","73","18","48179","24.66"
"Grayson","8","140","Texas","5/16/20","83","57","48181","68.67"
"Gregg","8","170","Texas","5/16/20","117","53","48183","45.3"
"Grimes","3","65","Texas","5/16/20","42","23","48185","54.76"
"Guadalupe","2","109","Texas","5/16/20","92","17","48187","18.48"
"Hale","1","43","Texas","5/16/20","37","6","48189","16.22"
"Hamilton","0","7","Texas","5/16/20","6","1","48193","16.67"
"Hansford","1","16","Texas","5/16/20","12","4","48195","33.33"
"Hardin","1","117","Texas","5/16/20","113","4","48199","3.54"
"Harris","189","9126","Texas","5/16/20","7803","1323","48201","16.96"
"Harrison","3","200","Texas","5/16/20","180","20","48203","11.11"
"Hartley","0","9","Texas","5/16/20","8","1","48205","12.5"
"Haskell","0","1","Texas","5/16/20","0","1","48207","1"
"Hays","2","219","Texas","5/16/20","203","16","48209","7.88"
"Hemphill","0","1","Texas","5/16/20","1","0","48211","0"
"Henderson","2","48","Texas","5/16/20","36","12","48213","33.33"
"Hidalgo","7","425","Texas","5/16/20","377","48","48215","12.73"
"Hill","0","22","Texas","5/16/20","19","3","48217","15.79"
"Hockley","0","23","Texas","5/16/20","20","3","48219","15"
"Hood","0","22","Texas","5/16/20","22","0","48221","0"
"Hopkins","0","8","Texas","5/16/20","7","1","48223","14.29"
"Houston","9","76","Texas","5/16/20","10","66","48225","660"
"Howard","0","6","Texas","5/16/20","6","0","48227","0"
"Hunt","1","66","Texas","5/16/20","57","9","48231","15.79"
"Hutchinson","1","25","Texas","5/16/20","20","5","48233","25"
"Jack","0","4","Texas","5/16/20","4","0","48237","0"
"Jackson","0","15","Texas","5/16/20","14","1","48239","7.14"
"Jasper","1","23","Texas","5/16/20","19","4","48241","21.05"
"Jefferson","11","436","Texas","5/16/20","360","76","48245","21.11"
"Jim Hogg","0","4","Texas","5/16/20","3","1","48247","33.33"
"Jim Wells","0","8","Texas","5/16/20","6","2","48249","33.33"
"Johnson","3","123","Texas","5/16/20","100","23","48251","23"
"Jones","3","112","Texas","5/16/20","92","20","48253","21.74"
"Karnes","0","3","Texas","5/16/20","3","0","48255","0"
"Kaufman","4","147","Texas","5/16/20","116","31","48257","26.72"
"Kendall","0","21","Texas","5/16/20","19","2","48259","10.53"
"Kerr","0","10","Texas","5/16/20","9","1","48265","11.11"
"Kimble","0","1","Texas","5/16/20","1","0","48267","0"
"Kleberg","1","14","Texas","5/16/20","10","4","48273","40"
"Knox","0","1","Texas","5/16/20","1","0","48275","0"
"La Salle","0","4","Texas","5/16/20","2","2","48283","100"
"Lamar","5","111","Texas","5/16/20","77","34","48277","44.16"
"Lamb","1","11","Texas","5/16/20","5","6","48279","120"
"Lampasas","0","8","Texas","5/16/20","8","0","48281","0"
"Lavaca","0","8","Texas","5/16/20","6","2","48285","33.33"
"Lee","0","6","Texas","5/16/20","5","1","48287","20"
"Leon","0","9","Texas","5/16/20","9","0","48289","0"
"Liberty","2","75","Texas","5/16/20","62","13","48291","20.97"
"Limestone","0","15","Texas","5/16/20","14","1","48293","7.14"
"Lipscomb","0","2","Texas","5/16/20","2","0","48295","0"
"Live Oak","0","6","Texas","5/16/20","5","1","48297","20"
"Llano","0","3","Texas","5/16/20","3","0","48299","0"
"Lubbock","5","616","Texas","5/16/20","583","33","48303","5.66"
"Lynn","0","5","Texas","5/16/20","5","0","48305","0"
"Madison","1","8","Texas","5/16/20","3","5","48313","166.67"
"Marion","0","15","Texas","5/16/20","16","-1","48315","-6.25"
"Martin","0","3","Texas","5/16/20","3","0","48317","0"
"Mason","0","31","Texas","5/16/20","28","3","48319","10.71"
"Matagorda","0","65","Texas","5/16/20","64","1","48321","1.56"
"Maverick","6","74","Texas","5/16/20","31","43","48323","138.71"
"McCulloch","0","3","Texas","5/16/20","3","0","48307","0"
"McLennan","0","97","Texas","5/16/20","94","3","48309","3.19"
"Medina","4","49","Texas","5/16/20","22","27","48325","122.73"
"Midland","3","120","Texas","5/16/20","101","19","48329","18.81"
"Milam","0","23","Texas","5/16/20","20","3","48331","15"
"Mills","0","1","Texas","5/16/20","0","1","48333","1"
"Mitchell","0","1","Texas","5/16/20","1","0","48335","0"
"Montague","0","9","Texas","5/16/20","9","0","48337","0"
"Montgomery","14","798","Texas","5/16/20","699","99","48339","14.16"
"Moore","7","544","Texas","5/16/20","494","50","48341","10.12"
"Morris","0","11","Texas","5/16/20","9","2","48343","22.22"
"Motley","0","1","Texas","5/16/20","1","0","48345","0"
"Nacogdoches","4","233","Texas","5/16/20","202","31","48347","15.35"
"Navarro","0","38","Texas","5/16/20","36","2","48349","5.56"
"Newton","0","4","Texas","5/16/20","4","0","48351","0"
"Nolan","0","2","Texas","5/16/20","2","0","48353","0"
"Nueces","15","231","Texas","5/16/20","128","103","48355","80.47"
"Ochiltree","2","40","Texas","5/16/20","29","11","48357","37.93"
"Oldham","0","4","Texas","5/16/20","3","1","48359","33.33"
"Orange","0","87","Texas","5/16/20","85","2","48361","2.35"
"Palo Pinto","0","9","Texas","5/16/20","9","0","48363","0"
"Panola","1","175","Texas","5/16/20","168","7","48365","4.17"
"Parker","2","57","Texas","5/16/20","45","12","48367","26.67"
"Parmer","1","25","Texas","5/16/20","19","6","48369","31.58"
"Pecos","1","20","Texas","5/16/20","15","5","48371","33.33"
"Polk","2","47","Texas","5/16/20","35","12","48373","34.29"
"Potter","140","2080","Texas","5/16/20","1101","979","48375","88.92"
"Rains","0","2","Texas","5/16/20","2","0","48379","0"
"Randall","34","593","Texas","5/16/20","355","238","48381","67.04"
"Red River","5","35","Texas","5/16/20","3","32","48387","1066.67"
"Reeves","0","7","Texas","5/16/20","7","0","48389","0"
"Refugio","0","3","Texas","5/16/20","1","2","48391","200"
"Roberts","0","2","Texas","5/16/20","2","0","48393","0"
"Robertson","0","6","Texas","5/16/20","5","1","48395","20"
"Rockwall","5","138","Texas","5/16/20","100","38","48397","38"
"Runnels","0","2","Texas","5/16/20","2","0","48399","0"
"Rusk","0","42","Texas","5/16/20","40","2","48401","5"
"Sabine","0","3","Texas","5/16/20","2","1","48403","50"
"San Augustine","0","22","Texas","5/16/20","21","1","48405","4.76"
"San Jacinto","0","12","Texas","5/16/20","10","2","48407","20"
"San Patricio","1","25","Texas","5/16/20","18","7","48409","38.89"
"Scurry","0","2","Texas","5/16/20","2","0","48415","0"
"Shackelford","0","1","Texas","5/16/20","1","0","48417","0"
"Shelby","3","173","Texas","5/16/20","149","24","48419","16.11"
"Sherman","0","23","Texas","5/16/20","20","3","48421","15"
"Smith","3","189","Texas","5/16/20","170","19","48423","11.18"
"Starr","0","17","Texas","5/16/20","14","3","48427","21.43"
"Stephens","0","2","Texas","5/16/20","1","1","48429","100"
"Swisher","0","14","Texas","5/16/20","11","3","48437","27.27"
"Tarrant","163","4266","Texas","5/16/20","3127","1139","48439","36.42"
"Taylor","1","217","Texas","5/16/20","208","9","48441","4.33"
"Terry","0","12","Texas","5/16/20","12","0","48445","0"
"Titus","10","96","Texas","5/16/20","29","67","48449","231.03"
"Tom Green","0","86","Texas","5/16/20","84","2","48451","2.38"
"Travis","47","2425","Texas","5/16/20","2095","330","48453","15.75"
"Trinity","0","11","Texas","5/16/20","11","0","48455","0"
"Tyler","0","9","Texas","5/16/20","7","2","48457","28.57"
"Upshur","0","18","Texas","5/16/20","17","1","48459","5.88"
"Uvalde","0","6","Texas","5/16/20","7","-1","48463","-14.29"
"Val Verde","0","13","Texas","5/16/20","13","0","48465","0"
"Van Zandt","1","22","Texas","5/16/20","18","4","48467","22.22"
"Victoria","1","154","Texas","5/16/20","148","6","48469","4.05"
"Walker","10","405","Texas","5/16/20","337","68","48471","20.18"
"Waller","0","39","Texas","5/16/20","38","1","48473","2.63"
"Washington","2","181","Texas","5/16/20","164","17","48477","10.37"
"Webb","6","469","Texas","5/16/20","424","45","48479","10.61"
"Wharton","0","42","Texas","5/16/20","41","1","48481","2.44"
"Wheeler","0","14","Texas","5/16/20","13","1","48483","7.69"
"Wichita","1","78","Texas","5/16/20","74","4","48485","5.41"
"Wilbarger","0","5","Texas","5/16/20","2","3","48487","150"
"Willacy","0","14","Texas","5/16/20","14","0","48489","0"
"Williamson","14","463","Texas","5/16/20","368","95","48491","25.82"
"Wilson","0","36","Texas","5/16/20","34","2","48493","5.88"
"Winkler","0","3","Texas","5/16/20","3","0","48495","0"
"Wise","1","36","Texas","5/16/20","30","6","48497","20"
"Wood","1","18","Texas","5/16/20","13","5","48499","38.46"
"Yoakum","0","2","Texas","5/16/20","2","0","48501","0"
"Young","0","4","Texas","5/16/20","4","0","48503","0"
"Zapata","0","7","Texas","5/16/20","7","0","48505","0"
"Zavala","1","9","Texas","5/16/20","2","7","48507","350"
"Bear River","2","87","Utah","5/16/20","71","16","00000","22.54"
"Central Utah","0","29","Utah","5/16/20","27","2","00000","7.41"
"Davis","5","363","Utah","5/16/20","327","36","49011","11.01"
"Salt Lake","83","3785","Utah","5/16/20","3206","579","49035","18.06"
"San Juan","5","177","Utah","5/16/20","145","32","49037","22.07"
"Southeast Utah","0","14","Utah","5/16/20","13","1","00000","7.69"
"Southwest Utah","8","209","Utah","5/16/20","155","54","00000","34.84"
"Summit","2","400","Utah","5/16/20","385","15","49043","3.9"
"Tooele","2","93","Utah","5/16/20","76","17","49045","22.37"
"TriCounty","0","19","Utah","5/16/20","16","3","00000","18.75"
"Utah","22","1471","Utah","5/16/20","1318","153","49049","11.61"
"Wasatch","3","200","Utah","5/16/20","176","24","49051","13.64"
"Weber-Morgan","5","221","Utah","5/16/20","188","33","00000","17.55"
"Addison","0","62","Vermont","5/16/20","62","0","50001","0"
"Bennington","1","60","Vermont","5/16/20","56","4","50003","7.14"
"Caledonia","0","14","Vermont","5/16/20","14","0","50005","0"
"Chittenden","0","434","Vermont","5/16/20","431","3","50007","0.7"
"Essex","0","2","Vermont","5/16/20","2","0","50009","0"
"Franklin","0","99","Vermont","5/16/20","99","0","50011","0"
"Grand Isle","0","4","Vermont","5/16/20","4","0","50013","0"
"Lamoille","0","27","Vermont","5/16/20","26","1","50015","3.85"
"Orange","0","8","Vermont","5/16/20","8","0","50017","0"
"Orleans","0","9","Vermont","5/16/20","9","0","50019","0"
"Rutland","0","49","Vermont","5/16/20","49","0","50021","0"
"Washington","0","38","Vermont","5/16/20","37","1","50023","2.7"
"Windham","0","77","Vermont","5/16/20","74","3","50025","4.05"
"Windsor","0","47","Vermont","5/16/20","46","1","50027","2.17"
"","0","69","Virgin Islands","5/16/20","68","1",,"1.47"
"Accomack","25","668","Virginia","5/16/20","496","172","51001","34.68"
"Albemarle","2","136","Virginia","5/16/20","119","17","51003","14.29"
"Alexandria","45","1460","Virginia","5/16/20","1142","318","51510","27.85"
"Alleghany","0","6","Virginia","5/16/20","6","0","51005","0"
"Amelia","0","18","Virginia","5/16/20","17","1","51007","5.88"
"Amherst","1","24","Virginia","5/16/20","15","9","51009","60"
"Appomattox","0","23","Virginia","5/16/20","22","1","51011","4.55"
"Arlington","33","1560","Virginia","5/16/20","1332","228","51013","17.12"
"Augusta","3","82","Virginia","5/16/20","64","18","51015","28.12"
"Bedford","0","40","Virginia","5/16/20","38","2","51019","5.26"
"Botetourt","0","30","Virginia","5/16/20","29","1","51023","3.45"
"Bristol","0","3","Virginia","5/16/20","2","1","51520","50"
"Brunswick","0","20","Virginia","5/16/20","17","3","51025","17.65"
"Buchanan","0","16","Virginia","5/16/20","16","0","51027","0"
"Buckingham","24","411","Virginia","5/16/20","246","165","51029","67.07"
"Buena Vista","0","8","Virginia","5/16/20","8","0","51530","0"
"Campbell","0","13","Virginia","5/16/20","13","0","51031","0"
"Caroline","1","42","Virginia","5/16/20","38","4","51033","10.53"
"Carroll","2","45","Virginia","5/16/20","28","17","51035","60.71"
"Charles City","0","22","Virginia","5/16/20","21","1","51036","4.76"
"Charlotte","0","11","Virginia","5/16/20","12","-1","51037","-8.33"
"Charlottesville","1","71","Virginia","5/16/20","66","5","51540","7.58"
"Chesapeake","8","380","Virginia","5/16/20","325","55","51550","16.92"
"Chesterfield","30","978","Virginia","5/16/20","765","213","51041","27.84"
"Clarke","0","19","Virginia","5/16/20","16","3","51043","18.75"
"Colonial Heights","2","76","Virginia","5/16/20","65","11","51570","16.92"
"Covington","0","2","Virginia","5/16/20","1","1","51580","100"
"Craig","0","4","Virginia","5/16/20","4","0","51045","0"
"Culpeper","16","365","Virginia","5/16/20","253","112","51047","44.27"
"Cumberland","1","23","Virginia","5/16/20","13","10","51049","76.92"
"Danville","1","44","Virginia","5/16/20","39","5","51590","12.82"
"Dinwiddie","2","36","Virginia","5/16/20","25","11","51053","44"
"Emporia","0","50","Virginia","5/16/20","47","3","51595","6.38"
"Essex","1","31","Virginia","5/16/20","22","9","51057","40.91"
"Fairfax","254","7386","Virginia","5/16/20","5610","1776","51059","31.66"
"Fairfax City","1","47","Virginia","5/16/20","39","8","51600","20.51"
"Falls Church","1","42","Virginia","5/16/20","37","5","51610","13.51"
"Fauquier","6","211","Virginia","5/16/20","168","43","51061","25.6"
"Floyd","0","4","Virginia","5/16/20","3","1","51063","33.33"
"Fluvanna","0","81","Virginia","5/16/20","79","2","51065","2.53"
"Franklin","1","30","Virginia","5/16/20","26","4","51067","15.38"
"Franklin City","0","27","Virginia","5/16/20","25","2","51620","8"
"Frederick","7","209","Virginia","5/16/20","162","47","51069","29.01"
"Fredericksburg","4","89","Virginia","5/16/20","58","31","51630","53.45"
"Galax","6","77","Virginia","5/16/20","34","43","51640","126.47"
"Giles","0","5","Virginia","5/16/20","8","-3","51071","-37.5"
"Gloucester","0","28","Virginia","5/16/20","27","1","51073","3.7"
"Goochland","1","87","Virginia","5/16/20","81","6","51075","7.41"
"Grayson","2","20","Virginia","5/16/20","5","15","51077","300"
"Greene","1","19","Virginia","5/16/20","14","5","51079","35.71"
"Greensville","1","50","Virginia","5/16/20","44","6","51081","13.64"
"Halifax","1","27","Virginia","5/16/20","22","5","51083","22.73"
"Hampton","3","158","Virginia","5/16/20","138","20","51650","14.49"
"Hanover","7","215","Virginia","5/16/20","163","52","51085","31.9"
"Harrisonburg","8","631","Virginia","5/16/20","578","53","51660","9.17"
"Henrico","25","1226","Virginia","5/16/20","1054","172","51087","16.32"
"Henry","2","34","Virginia","5/16/20","22","12","51089","54.55"
"Highland","0","2","Virginia","5/16/20","2","0","51091","0"
"Hopewell","2","49","Virginia","5/16/20","33","16","51670","48.48"
"Isle of Wight","1","115","Virginia","5/16/20","108","7","51093","6.48"
"James City","1","179","Virginia","5/16/20","169","10","51095","5.92"
"King and Queen","0","7","Virginia","5/16/20","5","2","51097","40"
"King George","1","47","Virginia","5/16/20","38","9","51099","23.68"
"King William","0","14","Virginia","5/16/20","11","3","51101","27.27"
"Lancaster","0","7","Virginia","5/16/20","6","1","51103","16.67"
"Lee","0","10","Virginia","5/16/20","10","0","51105","0"
"Lexington","0","5","Virginia","5/16/20","4","1","51678","25"
"Loudoun","43","1430","Virginia","5/16/20","1127","303","51107","26.89"
"Louisa","1","59","Virginia","5/16/20","55","4","51109","7.27"
"Lunenburg","0","7","Virginia","5/16/20","6","1","51111","16.67"
"Lynchburg","1","73","Virginia","5/16/20","68","5","51680","7.35"
"Madison","1","24","Virginia","5/16/20","20","4","51113","20"
"Manassas","31","574","Virginia","5/16/20","358","216","51683","60.34"
"Manassas Park","10","183","Virginia","5/16/20","116","67","51685","57.76"
"Martinsville","0","4","Virginia","5/16/20","2","2","51690","100"
"Mathews","0","5","Virginia","5/16/20","5","0","51115","0"
"Mecklenburg","7","164","Virginia","5/16/20","118","46","51117","38.98"
"Middlesex","0","12","Virginia","5/16/20","10","2","51119","20"
"Montgomery","0","66","Virginia","5/16/20","64","2","51121","3.12"
"Nelson","0","12","Virginia","5/16/20","10","2","51125","20"
"New Kent","0","26","Virginia","5/16/20","26","0","51127","0"
"Newport News","5","187","Virginia","5/16/20","152","35","51700","23.03"
"Norfolk","9","350","Virginia","5/16/20","290","60","51710","20.69"
"Northampton","5","196","Virginia","5/16/20","159","37","51131","23.27"
"Northumberland","1","17","Virginia","5/16/20","9","8","51133","88.89"
"Norton","0","2","Virginia","5/16/20","2","0","51720","0"
"Nottoway","0","16","Virginia","5/16/20","14","2","51135","14.29"
"Orange","1","53","Virginia","5/16/20","44","9","51137","20.45"
"Page","4","158","Virginia","5/16/20","128","30","51139","23.44"
"Patrick","0","6","Virginia","5/16/20","4","2","51141","50"
"Petersburg","2","58","Virginia","5/16/20","41","17","51730","41.46"
"Pittsylvania","1","23","Virginia","5/16/20","17","6","51143","35.29"
"Poquoson","0","7","Virginia","5/16/20","7","0","51735","0"
"Portsmouth","3","222","Virginia","5/16/20","202","20","51740","9.9"
"Powhatan","1","24","Virginia","5/16/20","18","6","51145","33.33"
"Prince Edward","1","73","Virginia","5/16/20","66","7","51147","10.61"
"Prince George","1","49","Virginia","5/16/20","42","7","51149","16.67"
"Prince William","145","3563","Virginia","5/16/20","2548","1015","51153","39.84"
"Pulaski","0","10","Virginia","5/16/20","9","1","51155","11.11"
"Radford","0","3","Virginia","5/16/20","3","0","51750","0"
"Rappahannock","1","12","Virginia","5/16/20","7","5","51157","71.43"
"Richmond","2","204","Virginia","5/16/20","188","16","51159","8.51"
"Richmond City","33","741","Virginia","5/16/20","512","229","51760","44.73"
"Roanoke","3","84","Virginia","5/16/20","62","22","51161","35.48"
"Roanoke City","4","120","Virginia","5/16/20","93","27","51770","29.03"
"Rockbridge","0","11","Virginia","5/16/20","9","2","51163","22.22"
"Rockingham","7","387","Virginia","5/16/20","339","48","51165","14.16"
"Russell","0","8","Virginia","5/16/20","6","2","51167","33.33"
"Salem","0","32","Virginia","5/16/20","31","1","51775","3.23"
"Scott","0","7","Virginia","5/16/20","7","0","51169","0"
"Shenandoah","8","297","Virginia","5/16/20","242","55","51171","22.73"
"Smyth","0","15","Virginia","5/16/20","13","2","51173","15.38"
"Southampton","1","135","Virginia","5/16/20","131","4","51175","3.05"
"Spotsylvania","9","304","Virginia","5/16/20","239","65","51177","27.2"
"Stafford","15","458","Virginia","5/16/20","354","104","51179","29.38"
"Staunton","3","33","Virginia","5/16/20","15","18","51790","120"
"Suffolk","6","260","Virginia","5/16/20","215","45","51800","20.93"
"Surry","0","6","Virginia","5/16/20","5","1","51181","20"
"Sussex","7","80","Virginia","5/16/20","32","48","51183","150"
"Tazewell","0","6","Virginia","5/16/20","6","0","51185","0"
"Virginia Beach","9","539","Virginia","5/16/20","478","61","51810","12.76"
"Warren","2","96","Virginia","5/16/20","82","14","51187","17.07"
"Washington","1","49","Virginia","5/16/20","42","7","51191","16.67"
"Waynesboro","0","22","Virginia","5/16/20","21","1","51820","4.76"
"Westmoreland","1","42","Virginia","5/16/20","37","5","51193","13.51"
"Williamsburg","2","43","Virginia","5/16/20","31","12","51830","38.71"
"Winchester","2","80","Virginia","5/16/20","64","16","51840","25"
"Wise","0","23","Virginia","5/16/20","22","1","51195","4.55"
"Wythe","0","16","Virginia","5/16/20","13","3","51197","23.08"
"York","1","62","Virginia","5/16/20","55","7","51199","12.73"
"Adams","0","50","Washington","5/16/20","49","1","53001","2.04"
"Asotin","0","18","Washington","5/16/20","18","0","53003","0"
"Benton","7","627","Washington","5/16/20","575","52","53005","9.04"
"Chelan","4","172","Washington","5/16/20","143","29","53007","20.28"
"Clallam","0","21","Washington","5/16/20","19","2","53009","10.53"
"Clark","6","386","Washington","5/16/20","346","40","53011","11.56"
"Columbia","0","1","Washington","5/16/20","1","0","53013","0"
"Cowlitz","0","68","Washington","5/16/20","65","3","53015","4.62"
"Douglas","3","125","Washington","5/16/20","107","18","53017","16.82"
"Ferry","0","1","Washington","5/16/20","1","0","53019","0"
"Franklin","5","441","Washington","5/16/20","408","33","53021","8.09"
"Grant","1","185","Washington","5/16/20","181","4","53025","2.21"
"Grays Harbor","0","15","Washington","5/16/20","14","1","53027","7.14"
"Island","0","176","Washington","5/16/20","173","3","53029","1.73"
"Jefferson","0","30","Washington","5/16/20","29","1","53031","3.45"
"King","68","7426","Washington","5/16/20","6947","479","53033","6.9"
"Kitsap","1","159","Washington","5/16/20","155","4","53035","2.58"
"Kittitas","5","51","Washington","5/16/20","17","34","53037","200"
"Klickitat","0","22","Washington","5/16/20","19","3","53039","15.79"
"Lewis","1","34","Washington","5/16/20","30","4","53041","13.33"
"Lincoln","0","2","Washington","5/16/20","2","0","53043","0"
"Mason","0","30","Washington","5/16/20","28","2","53045","7.14"
"Okanogan","2","37","Washington","5/16/20","22","15","53047","68.18"
"Pacific","0","9","Washington","5/16/20","9","0","53049","0"
"Pend Oreille","0","2","Washington","5/16/20","2","0","53051","0"
"Pierce","16","1654","Washington","5/16/20","1539","115","53053","7.47"
"San Juan","0","15","Washington","5/16/20","15","0","53055","0"
"Skagit","4","425","Washington","5/16/20","397","28","53057","7.05"
"Skamania","0","3","Washington","5/16/20","3","0","53059","0"
"Snohomish","16","2773","Washington","5/16/20","2664","109","53061","4.09"
"Spokane","2","396","Washington","5/16/20","381","15","53063","3.94"
"Stevens","0","9","Washington","5/16/20","9","0","53065","0"
"Thurston","1","123","Washington","5/16/20","117","6","53067","5.13"
"Wahkiakum","0","4","Washington","5/16/20","3","1","53069","33.33"
"Walla Walla","1","106","Washington","5/16/20","99","7","53071","7.07"
"Whatcom","2","347","Washington","5/16/20","330","17","53073","5.15"
"Whitman","0","16","Washington","5/16/20","15","1","53075","6.67"
"Yakima","76","2217","Washington","5/16/20","1686","531","53077","31.49"
"Barbour","0","7","West Virginia","5/16/20","7","0","54001","0"
"Berkeley","3","207","West Virginia","5/16/20","184","23","54003","12.5"
"Boone","0","9","West Virginia","5/16/20","8","1","54005","12.5"
"Braxton","0","2","West Virginia","5/16/20","2","0","54007","0"
"Brooke","0","3","West Virginia","5/16/20","3","0","54009","0"
"Cabell","1","56","West Virginia","5/16/20","48","8","54011","16.67"
"Calhoun","0","1","West Virginia","5/16/20","0","1","54013","1"
"Clay","0","2","West Virginia","5/16/20","2","0","54015","0"
"Fayette","1","38","West Virginia","5/16/20","30","8","54019","26.67"
"Gilmer","1","8","West Virginia","5/16/20","4","4","54021","100"
"Grant","0","6","West Virginia","5/16/20","3","3","54023","100"
"Greenbrier","0","8","West Virginia","5/16/20","8","0","54025","0"
"Hampshire","1","12","West Virginia","5/16/20","8","4","54027","50"
"Hancock","0","12","West Virginia","5/16/20","12","0","54029","0"
"Hardy","1","25","West Virginia","5/16/20","15","10","54031","66.67"
"Harrison","0","35","West Virginia","5/16/20","33","2","54033","6.06"
"Jackson","0","136","West Virginia","5/16/20","136","0","54035","0"
"Jefferson","2","98","West Virginia","5/16/20","87","11","54037","12.64"
"Kanawha","4","206","West Virginia","5/16/20","180","26","54039","14.44"
"Lewis","0","4","West Virginia","5/16/20","4","0","54041","0"
"Lincoln","0","5","West Virginia","5/16/20","4","1","54043","25"
"Logan","0","14","West Virginia","5/16/20","13","1","54045","7.69"
"Marion","0","47","West Virginia","5/16/20","46","1","54049","2.17"
"Marshall","0","23","West Virginia","5/16/20","20","3","54051","15"
"Mason","0","15","West Virginia","5/16/20","13","2","54053","15.38"
"McDowell","0","6","West Virginia","5/16/20","6","0","54047","0"
"Mercer","0","12","West Virginia","5/16/20","11","1","54055","9.09"
"Mineral","1","27","West Virginia","5/16/20","20","7","54057","35"
"Mingo","0","4","West Virginia","5/16/20","2","2","54059","100"
"Monongalia","1","115","West Virginia","5/16/20","111","4","54061","3.6"
"Monroe","0","6","West Virginia","5/16/20","6","0","54063","0"
"Morgan","0","17","West Virginia","5/16/20","16","1","54065","6.25"
"Nicholas","0","9","West Virginia","5/16/20","8","1","54067","12.5"
"Ohio","0","38","West Virginia","5/16/20","35","3","54069","8.57"
"Pendleton","0","5","West Virginia","5/16/20","5","0","54071","0"
"Pleasants","0","2","West Virginia","5/16/20","2","0","54073","0"
"Pocahontas","0","4","West Virginia","5/16/20","2","2","54075","100"
"Preston","0","15","West Virginia","5/16/20","14","1","54077","7.14"
"Putnam","0","29","West Virginia","5/16/20","27","2","54079","7.41"
"Raleigh","0","10","West Virginia","5/16/20","9","1","54081","11.11"
"Randolph","0","5","West Virginia","5/16/20","5","0","54083","0"
"Ritchie","0","1","West Virginia","5/16/20","1","0","54085","0"
"Roane","0","9","West Virginia","5/16/20","8","1","54087","12.5"
"Summers","0","1","West Virginia","5/16/20","1","0","54089","0"
"Taylor","0","8","West Virginia","5/16/20","8","0","54091","0"
"Tucker","0","4","West Virginia","5/16/20","4","0","54093","0"
"Tyler","0","3","West Virginia","5/16/20","3","0","54095","0"
"Upshur","0","6","West Virginia","5/16/20","5","1","54097","20"
"Wayne","0","96","West Virginia","5/16/20","93","3","54099","3.23"
"Wetzel","0","7","West Virginia","5/16/20","4","3","54103","75"
"Wirt","0","3","West Virginia","5/16/20","3","0","54105","0"
"Wood","1","47","West Virginia","5/16/20","43","4","54107","9.3"
"Wyoming","0","2","West Virginia","5/16/20","1","1","54109","100"
"Adams","0","4","Wisconsin","5/16/20","4","0","55001","0"
"Ashland","0","2","Wisconsin","5/16/20","2","0","55003","0"
"Barron","0","11","Wisconsin","5/16/20","10","1","55005","10"
"Bayfield","0","3","Wisconsin","5/16/20","3","0","55007","0"
"Brown","34","2070","Wisconsin","5/16/20","1834","236","55009","12.87"
"Buffalo","0","5","Wisconsin","5/16/20","5","0","55011","0"
"Burnett","0","1","Wisconsin","5/16/20","0","1","55013","1"
"Calumet","3","56","Wisconsin","5/16/20","35","21","55015","60"
"Chippewa","1","39","Wisconsin","5/16/20","29","10","55017","34.48"
"Clark","0","26","Wisconsin","5/16/20","24","2","55019","8.33"
"Columbia","1","36","Wisconsin","5/16/20","32","4","55021","12.5"
"Crawford","1","22","Wisconsin","5/16/20","17","5","55023","29.41"
"Dane","8","519","Wisconsin","5/16/20","465","54","55025","11.61"
"Dodge","5","93","Wisconsin","5/16/20","55","38","55027","69.09"
"Door","2","33","Wisconsin","5/16/20","20","13","55029","65"
"Douglas","0","12","Wisconsin","5/16/20","11","1","55031","9.09"
"Dunn","1","21","Wisconsin","5/16/20","14","7","55033","50"
"Eau Claire","2","65","Wisconsin","5/16/20","54","11","55035","20.37"
"Florence","0","2","Wisconsin","5/16/20","2","0","55037","0"
"Fond du Lac","5","124","Wisconsin","5/16/20","86","38","55039","44.19"
"Forest","1","7","Wisconsin","5/16/20","1","6","55041","600"
"Grant","1","72","Wisconsin","5/16/20","67","5","55043","7.46"
"Green","1","41","Wisconsin","5/16/20","33","8","55045","24.24"
"Green Lake","0","10","Wisconsin","5/16/20","7","3","55047","42.86"
"Iowa","0","11","Wisconsin","5/16/20","10","1","55049","10"
"Iron","0","2","Wisconsin","5/16/20","2","0","55051","0"
"Jackson","0","15","Wisconsin","5/16/20","12","3","55053","25"
"Jefferson","1","58","Wisconsin","5/16/20","50","8","55055","16"
"Juneau","0","21","Wisconsin","5/16/20","21","0","55057","0"
"Kenosha","24","820","Wisconsin","5/16/20","651","169","55059","25.96"
"Kewaunee","0","30","Wisconsin","5/16/20","28","2","55061","7.14"
"La Crosse","2","44","Wisconsin","5/16/20","32","12","55063","37.5"
"Lafayette","0","16","Wisconsin","5/16/20","13","3","55065","23.08"
"Lincoln","0","3","Wisconsin","5/16/20","1","2","55069","200"
"Manitowoc","0","21","Wisconsin","5/16/20","19","2","55071","10.53"
"Marathon","1","32","Wisconsin","5/16/20","24","8","55073","33.33"
"Marinette","1","23","Wisconsin","5/16/20","16","7","55075","43.75"
"Marquette","0","3","Wisconsin","5/16/20","3","0","55077","0"
"Menominee","0","2","Wisconsin","5/16/20","2","0","55078","0"
"Milwaukee","129","4759","Wisconsin","5/16/20","3854","905","55079","23.48"
"Monroe","0","15","Wisconsin","5/16/20","14","1","55081","7.14"
"Oconto","0","30","Wisconsin","5/16/20","28","2","55083","7.14"
"Oneida","0","7","Wisconsin","5/16/20","7","0","55085","0"
"Outagamie","3","135","Wisconsin","5/16/20","111","24","55087","21.62"
"Ozaukee","2","120","Wisconsin","5/16/20","104","16","55089","15.38"
"Pepin","0","1","Wisconsin","5/16/20","0","1","55091","1"
"Pierce","1","17","Wisconsin","5/16/20","12","5","55093","41.67"
"Polk","0","6","Wisconsin","5/16/20","5","1","55095","20"
"Portage","0","7","Wisconsin","5/16/20","7","0","55097","0"
"Price","0","1","Wisconsin","5/16/20","1","0","55099","0"
"Racine","46","1004","Wisconsin","5/16/20","680","324","55101","47.65"
"Richland","0","14","Wisconsin","5/16/20","13","1","55103","7.69"
"Rock","11","422","Wisconsin","5/16/20","347","75","55105","21.61"
"Rusk","0","4","Wisconsin","5/16/20","4","0","55107","0"
"Sauk","1","77","Wisconsin","5/16/20","71","6","55111","8.45"
"Sawyer","0","4","Wisconsin","5/16/20","4","0","55113","0"
"Shawano","2","31","Wisconsin","5/16/20","20","11","55115","55"
"Sheboygan","0","68","Wisconsin","5/16/20","65","3","55117","4.62"
"St. Croix","2","39","Wisconsin","5/16/20","27","12","55109","44.44"
"Trempealeau","0","7","Wisconsin","5/16/20","5","2","55121","40"
"Vernon","1","10","Wisconsin","5/16/20","3","7","55123","233.33"
"Vilas","0","4","Wisconsin","5/16/20","4","0","55125","0"
"Walworth","7","277","Wisconsin","5/16/20","229","48","55127","20.96"
"Washburn","0","1","Wisconsin","5/16/20","1","0","55129","0"
"Washington","3","140","Wisconsin","5/16/20","116","24","55131","20.69"
"Waukesha","10","467","Wisconsin","5/16/20","396","71","55133","17.93"
"Waupaca","1","17","Wisconsin","5/16/20","13","4","55135","30.77"
"Waushara","0","5","Wisconsin","5/16/20","4","1","55137","25"
"Winnebago","3","117","Wisconsin","5/16/20","98","19","55139","19.39"
"Wood","1","6","Wisconsin","5/16/20","2","4","55141","200"
"Albany","0","9","Wyoming","5/16/20","8","1","56001","12.5"
"Big Horn","0","3","Wyoming","5/16/20","3","0","56003","0"
"Campbell","0","29","Wyoming","5/16/20","29","0","56005","0"
"Carbon","1","14","Wyoming","5/16/20","5","9","56007","180"
"Converse","0","23","Wyoming","5/16/20","23","0","56009","0"
"Crook","0","5","Wyoming","5/16/20","5","0","56011","0"
"Fremont","6","220","Wyoming","5/16/20","180","40","56013","22.22"
"Goshen","0","5","Wyoming","5/16/20","5","0","56015","0"
"Hot Springs","0","6","Wyoming","5/16/20","3","3","56017","100"
"Johnson","0","15","Wyoming","5/16/20","15","0","56019","0"
"Laramie","3","181","Wyoming","5/16/20","163","18","56021","11.04"
"Lincoln","1","14","Wyoming","5/16/20","10","4","56023","40"
"Natrona","1","53","Wyoming","5/16/20","48","5","56025","10.42"
"Niobrara","0","2","Wyoming","5/16/20","2","0","56027","0"
"Park","0","1","Wyoming","5/16/20","1","0","56029","0"
"Sheridan","0","16","Wyoming","5/16/20","16","0","56033","0"
"Sublette","0","3","Wyoming","5/16/20","3","0","56035","0"
"Sweetwater","1","23","Wyoming","5/16/20","19","4","56037","21.05"
"Teton","0","100","Wyoming","5/16/20","98","2","56039","2.04"
"Uinta","0","10","Wyoming","5/16/20","9","1","56041","11.11"
"Washakie","0","9","Wyoming","5/16/20","8","1","56043","12.5"
