"Locality","DailyAvgNewCasesPast7Days","TotalCases","State","Date","TotalCases7DaysAgo","NewCasesPast7Days","FIPS-Code","PercentIncreaseTotalCasesPast7Days"
"Autauga","4","74","Alabama","5/10/20","48","26","01001","54.17"
"Baldwin","5","222","Alabama","5/10/20","187","35","01003","18.72"
"Barbour","2","59","Alabama","5/10/20","45","14","01005","31.11"
"Bibb","0","46","Alabama","5/10/20","43","3","01007","6.98"
"Blount","1","44","Alabama","5/10/20","40","4","01009","10"
"Bullock","1","23","Alabama","5/10/20","14","9","01011","64.29"
"Butler","12","189","Alabama","5/10/20","105","84","01013","80"
"Calhoun","3","124","Alabama","5/10/20","105","19","01015","18.1"
"Chambers","2","316","Alabama","5/10/20","300","16","01017","5.33"
"Cherokee","1","22","Alabama","5/10/20","16","6","01019","37.5"
"Chilton","1","65","Alabama","5/10/20","57","8","01021","14.04"
"Choctaw","2","66","Alabama","5/10/20","49","17","01023","34.69"
"Clarke","2","56","Alabama","5/10/20","42","14","01025","33.33"
"Clay","1","26","Alabama","5/10/20","22","4","01027","18.18"
"Cleburne","0","13","Alabama","5/10/20","12","1","01029","8.33"
"Coffee","2","146","Alabama","5/10/20","130","16","01031","12.31"
"Colbert","4","66","Alabama","5/10/20","41","25","01033","60.98"
"Conecuh","1","13","Alabama","5/10/20","9","4","01035","44.44"
"Coosa","0","31","Alabama","5/10/20","30","1","01037","3.33"
"Covington","1","53","Alabama","5/10/20","45","8","01039","17.78"
"Crenshaw","3","41","Alabama","5/10/20","23","18","01041","78.26"
"Cullman","1","65","Alabama","5/10/20","58","7","01043","12.07"
"Dale","1","43","Alabama","5/10/20","34","9","01045","26.47"
"Dallas","7","108","Alabama","5/10/20","59","49","01047","83.05"
"DeKalb","10","147","Alabama","5/10/20","79","68","01049","86.08"
"Elmore","7","150","Alabama","5/10/20","103","47","01051","45.63"
"Escambia","1","36","Alabama","5/10/20","31","5","01053","16.13"
"Etowah","6","182","Alabama","5/10/20","143","39","01055","27.27"
"Fayette","0","7","Alabama","5/10/20","6","1","01057","16.67"
"Franklin","13","226","Alabama","5/10/20","132","94","01059","71.21"
"Geneva","0","13","Alabama","5/10/20","10","3","01061","30"
"Greene","2","70","Alabama","5/10/20","58","12","01063","20.69"
"Hale","2","69","Alabama","5/10/20","52","17","01065","32.69"
"Henry","0","28","Alabama","5/10/20","27","1","01067","3.7"
"Houston","2","107","Alabama","5/10/20","95","12","01069","12.63"
"Jackson","1","60","Alabama","5/10/20","50","10","01071","20"
"Jefferson","22","1121","Alabama","5/10/20","969","152","01073","15.69"
"Lamar","0","13","Alabama","5/10/20","11","2","01075","18.18"
"Lauderdale","4","92","Alabama","5/10/20","61","31","01077","50.82"
"Lawrence","2","25","Alabama","5/10/20","14","11","01079","78.57"
"Lee","4","425","Alabama","5/10/20","400","25","01081","6.25"
"Limestone","2","57","Alabama","5/10/20","45","12","01083","26.67"
"Lowndes","4","99","Alabama","5/10/20","71","28","01085","39.44"
"Macon","1","47","Alabama","5/10/20","40","7","01087","17.5"
"Madison","2","247","Alabama","5/10/20","234","13","01089","5.56"
"Marengo","3","80","Alabama","5/10/20","58","22","01091","37.93"
"Marion","2","96","Alabama","5/10/20","83","13","01093","15.66"
"Marshall","31","558","Alabama","5/10/20","342","216","01095","63.16"
"Mobile","38","1461","Alabama","5/10/20","1198","263","01097","21.95"
"Monroe","0","15","Alabama","5/10/20","13","2","01099","15.38"
"Montgomery","28","608","Alabama","5/10/20","409","199","01101","48.66"
"Morgan","3","93","Alabama","5/10/20","74","19","01103","25.68"
"Perry","1","19","Alabama","5/10/20","15","4","01105","26.67"
"Pickens","2","67","Alabama","5/10/20","55","12","01107","21.82"
"Pike","3","93","Alabama","5/10/20","75","18","01109","24"
"Randolph","4","104","Alabama","5/10/20","77","27","01111","35.06"
"Russell","3","79","Alabama","5/10/20","61","18","01113","29.51"
"Shelby","6","367","Alabama","5/10/20","327","40","01117","12.23"
"St. Clair","1","82","Alabama","5/10/20","76","6","01115","7.89"
"Sumter","3","100","Alabama","5/10/20","77","23","01119","29.87"
"Talladega","1","73","Alabama","5/10/20","65","8","01121","12.31"
"Tallapoosa","4","323","Alabama","5/10/20","295","28","01123","9.49"
"Tuscaloosa","9","278","Alabama","5/10/20","218","60","01125","27.52"
"Walker","1","106","Alabama","5/10/20","99","7","01127","7.07"
"Washington","2","53","Alabama","5/10/20","38","15","01129","39.47"
"Wilcox","1","81","Alabama","5/10/20","72","9","01131","12.5"
"Winston","1","21","Alabama","5/10/20","16","5","01133","31.25"
"Anchorage","1","194","Alaska","5/10/20","187","7","02020","3.74"
"Bethel","0","1","Alaska","5/10/20","1","0","02050","0"
"Fairbanks North Star","0","84","Alaska","5/10/20","83","1","02090","1.2"
"Juneau","0","27","Alaska","5/10/20","27","0","02110","0"
"Kenai Peninsula","0","24","Alaska","5/10/20","22","2","02122","9.09"
"Ketchikan Gateway","0","16","Alaska","5/10/20","16","0","02130","0"
"Kodiak Island","0","1","Alaska","5/10/20","1","0","02150","0"
"Matanuska-Susitna","0","21","Alaska","5/10/20","21","0","02170","0"
"Nome","0","1","Alaska","5/10/20","1","0","02180","0"
"Petersburg","0","4","Alaska","5/10/20","4","0","02195","0"
"Prince of Wales-Hyder","0","2","Alaska","5/10/20","2","0","02198","0"
"Sitka","0","1","Alaska","5/10/20","1","0","02220","0"
"Southeast Fairbanks","0","2","Alaska","5/10/20","1","1","02240","100"
"Yukon-Koyukuk","0","1","Alaska","5/10/20","1","0","02290","0"
"Apache","27","716","Arizona","5/10/20","526","190","04001","36.12"
"Cochise","0","41","Arizona","5/10/20","39","2","04003","5.13"
"Coconino","25","699","Arizona","5/10/20","527","172","04005","32.64"
"Gila","1","19","Arizona","5/10/20","14","5","04007","35.71"
"Graham","0","19","Arizona","5/10/20","18","1","04009","5.56"
"Greenlee","0","2","Arizona","5/10/20","2","0","04011","0"
"La Paz","1","23","Arizona","5/10/20","14","9","04012","64.29"
"Maricopa","177","5827","Arizona","5/10/20","4585","1242","04013","27.09"
"Mohave","8","193","Arizona","5/10/20","135","58","04015","42.96"
"Navajo","29","983","Arizona","5/10/20","777","206","04017","26.51"
"Pima","37","1585","Arizona","5/10/20","1326","259","04019","19.53"
"Pinal","21","600","Arizona","5/10/20","456","144","04021","31.58"
"Santa Cruz","1","44","Arizona","5/10/20","34","10","04023","29.41"
"Yavapai","13","177","Arizona","5/10/20","89","88","04025","98.88"
"Yuma","13","191","Arizona","5/10/20","98","93","04027","94.9"
"Arkansas","0","2","Arkansas","5/10/20","3","-1","05001","-33.33"
"Ashley","0","18","Arkansas","5/10/20","16","2","05003","12.5"
"Baxter","0","5","Arkansas","5/10/20","5","0","05005","0"
"Benton","2","123","Arkansas","5/10/20","112","11","05007","9.82"
"Boone","0","4","Arkansas","5/10/20","4","0","05009","0"
"Bradley","0","11","Arkansas","5/10/20","11","0","05011","0"
"Carroll","0","6","Arkansas","5/10/20","6","0","05015","0"
"Chicot","0","10","Arkansas","5/10/20","9","1","05017","11.11"
"Clark","0","33","Arkansas","5/10/20","31","2","05019","6.45"
"Clay","0","3","Arkansas","5/10/20","3","0","05021","0"
"Cleburne","0","72","Arkansas","5/10/20","73","-1","05023","-1.37"
"Cleveland","0","13","Arkansas","5/10/20","11","2","05025","18.18"
"Columbia","0","15","Arkansas","5/10/20","13","2","05027","15.38"
"Conway","0","13","Arkansas","5/10/20","13","0","05029","0"
"Craighead","2","97","Arkansas","5/10/20","81","16","05031","19.75"
"Crawford","0","5","Arkansas","5/10/20","5","0","05033","0"
"Crittenden","2","210","Arkansas","5/10/20","197","13","05035","6.6"
"Cross","1","29","Arkansas","5/10/20","24","5","05037","20.83"
"Dallas","0","1","Arkansas","5/10/20","1","0","05039","0"
"Desha","0","16","Arkansas","5/10/20","16","0","05041","0"
"Drew","0","19","Arkansas","5/10/20","16","3","05043","18.75"
"Faulkner","1","82","Arkansas","5/10/20","77","5","05045","6.49"
"Franklin","0","2","Arkansas","5/10/20","2","0","05047","0"
"Fulton","0","3","Arkansas","5/10/20","1","2","05049","200"
"Garland","0","119","Arkansas","5/10/20","118","1","05051","0.85"
"Grant","0","15","Arkansas","5/10/20","14","1","05053","7.14"
"Greene","1","23","Arkansas","5/10/20","19","4","05055","21.05"
"Hempstead","0","7","Arkansas","5/10/20","6","1","05057","16.67"
"Hot Spring","1","26","Arkansas","5/10/20","20","6","05059","30"
"Howard","0","14","Arkansas","5/10/20","13","1","05061","7.69"
"Independence","1","17","Arkansas","5/10/20","10","7","05063","70"
"Izard","0","11","Arkansas","5/10/20","9","2","05065","22.22"
"Jackson","0","1","Arkansas","5/10/20","1","0","05067","0"
"Jefferson","7","234","Arkansas","5/10/20","184","50","05069","27.17"
"Johnson","0","34","Arkansas","5/10/20","31","3","05071","9.68"
"Lafayette","0","9","Arkansas","5/10/20","8","1","05073","12.5"
"Lawrence","1","70","Arkansas","5/10/20","66","4","05075","6.06"
"Lee","0","5","Arkansas","5/10/20","3","2","05077","66.67"
"Lincoln","16","937","Arkansas","5/10/20","822","115","05079","13.99"
"Logan","0","3","Arkansas","5/10/20","3","0","05083","0"
"Lonoke","0","45","Arkansas","5/10/20","43","2","05085","4.65"
"Madison","0","1","Arkansas","5/10/20","1","0","05087","0"
"Marion","0","1","Arkansas","5/10/20","1","0","05089","0"
"Miller","0","36","Arkansas","5/10/20","35","1","05091","2.86"
"Mississippi","5","52","Arkansas","5/10/20","20","32","05093","160"
"Monroe","0","5","Arkansas","5/10/20","4","1","05095","25"
"Montgomery","0","1","Arkansas","5/10/20","1","0","05097","0"
"Nevada","0","3","Arkansas","5/10/20","1","2","05099","200"
"Newton","0","3","Arkansas","5/10/20","3","0","05101","0"
"Ouachita","0","9","Arkansas","5/10/20","7","2","05103","28.57"
"Perry","0","8","Arkansas","5/10/20","7","1","05105","14.29"
"Phillips","0","4","Arkansas","5/10/20","6","-2","05107","-33.33"
"Pike","0","3","Arkansas","5/10/20","3","0","05109","0"
"Poinsett","0","25","Arkansas","5/10/20","23","2","05111","8.7"
"Polk","0","7","Arkansas","5/10/20","8","-1","05113","-12.5"
"Pope","0","47","Arkansas","5/10/20","44","3","05115","6.82"
"Prairie","0","2","Arkansas","5/10/20","2","0","05117","0"
"Pulaski","11","627","Arkansas","5/10/20","550","77","05119","14"
"Randolph","0","21","Arkansas","5/10/20","18","3","05121","16.67"
"Saline","1","73","Arkansas","5/10/20","68","5","05125","7.35"
"Scott","0","1","Arkansas","5/10/20","1","0","05127","0"
"Searcy","0","6","Arkansas","5/10/20","6","0","05129","0"
"Sebastian","0","15","Arkansas","5/10/20","13","2","05131","15.38"
"Sevier","1","18","Arkansas","5/10/20","12","6","05133","50"
"Sharp","0","11","Arkansas","5/10/20","9","2","05135","22.22"
"St. Francis","26","278","Arkansas","5/10/20","93","185","05123","198.92"
"Stone","0","8","Arkansas","5/10/20","8","0","05137","0"
"Union","2","76","Arkansas","5/10/20","60","16","05139","26.67"
"Van Buren","0","28","Arkansas","5/10/20","28","0","05141","0"
"Washington","3","110","Arkansas","5/10/20","90","20","05143","22.22"
"White","0","36","Arkansas","5/10/20","35","1","05145","2.86"
"Woodruff","0","1","Arkansas","5/10/20","1","0","05147","0"
"Yell","0","7","Arkansas","5/10/20","5","2","05149","40"
"Alameda","45","2064","California","5/10/20","1749","315","06001","18.01"
"Alpine","0","2","California","5/10/20","2","0","06003","0"
"Amador","0","8","California","5/10/20","8","0","06005","0"
"Butte","0","18","California","5/10/20","16","2","06007","12.5"
"Calaveras","0","13","California","5/10/20","13","0","06009","0"
"Colusa","0","3","California","5/10/20","3","0","06011","0"
"Contra Costa","15","1048","California","5/10/20","945","103","06013","10.9"
"Del Norte","0","3","California","5/10/20","3","0","06015","0"
"El Dorado","1","54","California","5/10/20","47","7","06017","14.89"
"Fresno","36","885","California","5/10/20","633","252","06019","39.81"
"Glenn","0","6","California","5/10/20","5","1","06021","20"
"Humboldt","0","57","California","5/10/20","54","3","06023","5.56"
"Imperial","22","512","California","5/10/20","358","154","06025","43.02"
"Inyo","0","19","California","5/10/20","19","0","06027","0"
"Kern","36","1254","California","5/10/20","1005","249","06029","24.78"
"Kings","17","275","California","5/10/20","158","117","06031","74.05"
"Lake","0","8","California","5/10/20","7","1","06033","14.29"
"Los Angeles","858","31703","California","5/10/20","25699","6004","06037","23.36"
"Madera","2","67","California","5/10/20","51","16","06039","31.37"
"Marin","3","259","California","5/10/20","240","19","06041","7.92"
"Mariposa","0","15","California","5/10/20","13","2","06043","15.38"
"Mendocino","0","12","California","5/10/20","12","0","06045","0"
"Merced","3","163","California","5/10/20","140","23","06047","16.43"
"Mono","0","29","California","5/10/20","26","3","06051","11.54"
"Monterey","6","279","California","5/10/20","235","44","06053","18.72"
"Napa","1","79","California","5/10/20","70","9","06055","12.86"
"Nevada","0","41","California","5/10/20","41","0","06057","0"
"Orange","108","3502","California","5/10/20","2743","759","06059","27.67"
"Placer","1","169","California","5/10/20","159","10","06061","6.29"
"Plumas","0","4","California","5/10/20","4","0","06063","0"
"Riverside","116","4992","California","5/10/20","4180","812","06065","19.43"
"Sacramento","7","1167","California","5/10/20","1117","50","06067","4.48"
"San Benito","1","55","California","5/10/20","51","4","06069","7.84"
"San Bernardino","103","2902","California","5/10/20","2182","720","06071","33"
"San Diego","121","4776","California","5/10/20","3927","849","06073","21.62"
"San Francisco","49","1943","California","5/10/20","1602","341","06075","21.29"
"San Joaquin","6","612","California","5/10/20","570","42","06077","7.37"
"San Luis Obispo","3","220","California","5/10/20","201","19","06079","9.45"
"San Mateo","27","1425","California","5/10/20","1233","192","06081","15.57"
"Santa Barbara","105","1250","California","5/10/20","514","736","06083","143.19"
"Santa Clara","15","2339","California","5/10/20","2231","108","06085","4.84"
"Santa Cruz","1","141","California","5/10/20","137","4","06087","2.92"
"Shasta","0","31","California","5/10/20","31","0","06089","0"
"Siskiyou","0","5","California","5/10/20","5","0","06093","0"
"Solano","12","351","California","5/10/20","266","85","06095","31.95"
"Sonoma","8","309","California","5/10/20","252","57","06097","22.62"
"Stanislaus","12","496","California","5/10/20","411","85","06099","20.68"
"Sutter","0","33","California","5/10/20","31","2","06101","6.45"
"Tehama","0","1","California","5/10/20","1","0","06103","0"
"Trinity","0","1","California","5/10/20","0","1","06105","1"
"Tulare","57","1140","California","5/10/20","743","397","06107","53.43"
"Tuolumne","0","2","California","5/10/20","4","-2","06109","-50"
"Ventura","14","666","California","5/10/20","566","100","06111","17.67"
"Yolo","0","172","California","5/10/20","171","1","06113","0.58"
"Yuba","0","20","California","5/10/20","19","1","06115","5.26"
"Adams","66","2242","Colorado","5/10/20","1780","462","08001","25.96"
"Alamosa","2","25","Colorado","5/10/20","12","13","08003","108.33"
"Arapahoe","81","3272","Colorado","5/10/20","2706","566","08005","20.92"
"Archuleta","0","8","Colorado","5/10/20","8","0","08007","0"
"Baca","0","12","Colorado","5/10/20","12","0","08009","0"
"Bent","0","1","Colorado","5/10/20","0","1","08011","1"
"Boulder","15","767","Colorado","5/10/20","661","106","08013","16.04"
"Broomfield","5","198","Colorado","5/10/20","165","33","08014","20"
"Chaffee","0","68","Colorado","5/10/20","67","1","08015","1.49"
"Cheyenne","1","4","Colorado","5/10/20","0","4","08017","1"
"Clear Creek","0","14","Colorado","5/10/20","13","1","08019","7.69"
"Conejos","0","1","Colorado","5/10/20","0","1","08021","1"
"Costilla","0","3","Colorado","5/10/20","3","0","08023","0"
"Crowley","5","39","Colorado","5/10/20","4","35","08025","875"
"Custer","0","2","Colorado","5/10/20","2","0","08027","0"
"Delta","1","55","Colorado","5/10/20","50","5","08029","10"
"Denver","104","4070","Colorado","5/10/20","3345","725","08031","21.67"
"Douglas","11","601","Colorado","5/10/20","526","75","08035","14.26"
"Eagle","1","558","Colorado","5/10/20","551","7","08037","1.27"
"El Paso","19","1124","Colorado","5/10/20","994","130","08041","13.08"
"Elbert","1","39","Colorado","5/10/20","31","8","08039","25.81"
"Fremont","0","23","Colorado","5/10/20","22","1","08043","4.55"
"Garfield","1","104","Colorado","5/10/20","97","7","08045","7.22"
"Gilpin","0","3","Colorado","5/10/20","1","2","08047","200"
"Grand","0","5","Colorado","5/10/20","5","0","08049","0"
"Gunnison","1","173","Colorado","5/10/20","165","8","08051","4.85"
"Hinsdale","0","3","Colorado","5/10/20","3","0","08053","0"
"Huerfano","0","3","Colorado","5/10/20","2","1","08055","50"
"Jefferson","35","1649","Colorado","5/10/20","1405","244","08059","17.37"
"Kit Carson","1","26","Colorado","5/10/20","21","5","08063","23.81"
"La Plata","0","65","Colorado","5/10/20","63","2","08067","3.17"
"Lake","0","23","Colorado","5/10/20","20","3","08065","15"
"Larimer","8","448","Colorado","5/10/20","395","53","08069","13.42"
"Las Animas","0","4","Colorado","5/10/20","3","1","08071","33.33"
"Lincoln","0","3","Colorado","5/10/20","3","0","08073","0"
"Logan","16","401","Colorado","5/10/20","291","110","08075","37.8"
"Mesa","1","51","Colorado","5/10/20","47","4","08077","8.51"
"Mineral","0","2","Colorado","5/10/20","2","0","08079","0"
"Moffat","0","6","Colorado","5/10/20","6","0","08081","0"
"Montezuma","1","23","Colorado","5/10/20","17","6","08083","35.29"
"Montrose","3","124","Colorado","5/10/20","105","19","08085","18.1"
"Morgan","16","508","Colorado","5/10/20","399","109","08087","27.32"
"Otero","0","10","Colorado","5/10/20","10","0","08089","0"
"Ouray","0","6","Colorado","5/10/20","5","1","08091","20"
"Park","0","15","Colorado","5/10/20","14","1","08093","7.14"
"Phillips","0","8","Colorado","5/10/20","5","3","08095","60"
"Pitkin","0","54","Colorado","5/10/20","51","3","08097","5.88"
"Prowers","1","9","Colorado","5/10/20","1","8","08099","800"
"Pueblo","3","182","Colorado","5/10/20","158","24","08101","15.19"
"Rio Blanco","0","1","Colorado","5/10/20","1","0","08103","0"
"Rio Grande","0","7","Colorado","5/10/20","7","0","08105","0"
"Routt","0","58","Colorado","5/10/20","56","2","08107","3.57"
"Saguache","0","5","Colorado","5/10/20","3","2","08109","66.67"
"San Juan","0","1","Colorado","5/10/20","0","1","08111","1"
"San Miguel","0","20","Colorado","5/10/20","19","1","08113","5.26"
"Summit","3","165","Colorado","5/10/20","144","21","08117","14.58"
"Teller","0","31","Colorado","5/10/20","28","3","08119","10.71"
"Washington","0","9","Colorado","5/10/20","8","1","08121","12.5"
"Weld","38","2139","Colorado","5/10/20","1872","267","08123","14.26"
"Yuma","0","11","Colorado","5/10/20","9","2","08125","22.22"
"Fairfield","205","13236","Connecticut","5/10/20","11801","1435","09001","12.16"
"Hartford","164","7263","Connecticut","5/10/20","6112","1151","09003","18.83"
"Litchfield","17","1153","Connecticut","5/10/20","1036","117","09005","11.29"
"Middlesex","13","798","Connecticut","5/10/20","707","91","09007","12.87"
"New Haven","169","9209","Connecticut","5/10/20","8024","1185","09009","14.77"
"New London","23","782","Connecticut","5/10/20","623","159","09011","25.52"
"Tolland","12","543","Connecticut","5/10/20","461","82","09013","17.79"
"Windham","8","270","Connecticut","5/10/20","211","59","09015","27.96"
"Kent","23","985","Delaware","5/10/20","821","164","10001","19.98"
"New Castle","53","2275","Delaware","5/10/20","1903","372","10003","19.55"
"Sussex","76","2990","Delaware","5/10/20","2461","529","10005","21.5"
"","0","49","Diamond Princess","5/10/20","49","0",,"0"
"District of Columbia","179","6272","District of Columbia","5/10/20","5016","1256","11001","25.04"
"Alachua","4","312","Florida","5/10/20","286","26","12001","9.09"
"Baker","0","25","Florida","5/10/20","22","3","12003","13.64"
"Bay","0","76","Florida","5/10/20","76","0","12005","0"
"Bradford","0","48","Florida","5/10/20","48","0","12007","0"
"Brevard","3","328","Florida","5/10/20","308","20","12009","6.49"
"Broward","78","5858","Florida","5/10/20","5312","546","12011","10.28"
"Calhoun","2","27","Florida","5/10/20","15","12","12013","80"
"Charlotte","11","329","Florida","5/10/20","249","80","12015","32.13"
"Citrus","1","106","Florida","5/10/20","99","7","12017","7.07"
"Clay","3","300","Florida","5/10/20","279","21","12019","7.53"
"Collier","16","752","Florida","5/10/20","640","112","12021","17.5"
"Columbia","2","103","Florida","5/10/20","92","11","12023","11.96"
"DeSoto","2","47","Florida","5/10/20","32","15","12027","46.88"
"Dixie","1","13","Florida","5/10/20","9","4","12029","44.44"
"Duval","17","1164","Florida","5/10/20","1045","119","12031","11.39"
"Escambia","6","638","Florida","5/10/20","593","45","12033","7.59"
"Flagler","1","147","Florida","5/10/20","140","7","12035","5"
"Franklin","0","2","Florida","5/10/20","2","0","12037","0"
"Gadsden","3","128","Florida","5/10/20","107","21","12039","19.63"
"Gilchrist","0","6","Florida","5/10/20","6","0","12041","0"
"Glades","0","7","Florida","5/10/20","6","1","12043","16.67"
"Gulf","0","1","Florida","5/10/20","1","0","12045","0"
"Hamilton","2","18","Florida","5/10/20","7","11","12047","157.14"
"Hardee","1","36","Florida","5/10/20","32","4","12049","12.5"
"Hendry","6","145","Florida","5/10/20","101","44","12051","43.56"
"Hernando","1","100","Florida","5/10/20","94","6","12053","6.38"
"Highlands","2","98","Florida","5/10/20","85","13","12055","15.29"
"Hillsborough","22","1432","Florida","5/10/20","1281","151","12057","11.79"
"Holmes","0","10","Florida","5/10/20","10","0","12059","0"
"Indian River","0","100","Florida","5/10/20","97","3","12061","3.09"
"Jackson","11","91","Florida","5/10/20","15","76","12063","506.67"
"Jefferson","0","28","Florida","5/10/20","28","0","12065","0"
"Lafayette","0","3","Florida","5/10/20","2","1","12067","50"
"Lake","1","242","Florida","5/10/20","234","8","12069","3.42"
"Lee","21","1268","Florida","5/10/20","1118","150","12071","13.42"
"Leon","3","254","Florida","5/10/20","234","20","12073","8.55"
"Levy","0","20","Florida","5/10/20","19","1","12075","5.26"
"Liberty","20","198","Florida","5/10/20","60","138","12077","230"
"Madison","0","61","Florida","5/10/20","60","1","12079","1.67"
"Manatee","22","776","Florida","5/10/20","619","157","12081","25.36"
"Marion","3","208","Florida","5/10/20","184","24","12083","13.04"
"Martin","8","255","Florida","5/10/20","202","53","12085","26.24"
"Miami-Dade","176","14007","Florida","5/10/20","12775","1232","12086","9.64"
"Monroe","1","88","Florida","5/10/20","80","8","12087","10"
"Nassau","0","60","Florida","5/10/20","59","1","12089","1.69"
"Okaloosa","1","169","Florida","5/10/20","160","9","12091","5.62"
"Okeechobee","2","28","Florida","5/10/20","14","14","12093","100"
"Orange","10","1505","Florida","5/10/20","1434","71","12095","4.95"
"Osceola","9","572","Florida","5/10/20","509","63","12097","12.38"
"Palm Beach","106","3870","Florida","5/10/20","3130","740","12099","23.64"
"Pasco","3","297","Florida","5/10/20","278","19","12101","6.83"
"Pinellas","14","861","Florida","5/10/20","766","95","12103","12.4"
"Polk","16","636","Florida","5/10/20","523","113","12105","21.61"
"Putnam","1","126","Florida","5/10/20","120","6","12107","5"
"Santa Rosa","2","173","Florida","5/10/20","157","16","12113","10.19"
"Sarasota","7","426","Florida","5/10/20","377","49","12115","13"
"Seminole","3","415","Florida","5/10/20","394","21","12117","5.33"
"St. Johns","2","222","Florida","5/10/20","211","11","12109","5.21"
"St. Lucie","4","282","Florida","5/10/20","257","25","12111","9.73"
"Sumter","3","244","Florida","5/10/20","226","18","12119","7.96"
"Suwannee","1","146","Florida","5/10/20","141","5","12121","3.55"
"Taylor","0","3","Florida","5/10/20","3","0","12123","0"
"Union","0","6","Florida","5/10/20","5","1","12125","20"
"Volusia","5","548","Florida","5/10/20","513","35","12127","6.82"
"Wakulla","1","29","Florida","5/10/20","24","5","12129","20.83"
"Walton","2","61","Florida","5/10/20","49","12","12131","24.49"
"Washington","0","12","Florida","5/10/20","12","0","12133","0"
"Appling","3","93","Georgia","5/10/20","72","21","13001","29.17"
"Atkinson","1","20","Georgia","5/10/20","11","9","13003","81.82"
"Bacon","2","43","Georgia","5/10/20","27","16","13005","59.26"
"Baker","1","31","Georgia","5/10/20","23","8","13007","34.78"
"Baldwin","5","271","Georgia","5/10/20","233","38","13009","16.31"
"Banks","1","36","Georgia","5/10/20","31","5","13011","16.13"
"Barrow","5","193","Georgia","5/10/20","159","34","13013","21.38"
"Bartow","5","363","Georgia","5/10/20","325","38","13015","11.69"
"Ben Hill","1","39","Georgia","5/10/20","29","10","13017","34.48"
"Berrien","0","19","Georgia","5/10/20","17","2","13019","11.76"
"Bibb","6","367","Georgia","5/10/20","323","44","13021","13.62"
"Bleckley","1","29","Georgia","5/10/20","20","9","13023","45"
"Brantley","0","25","Georgia","5/10/20","22","3","13025","13.64"
"Brooks","1","64","Georgia","5/10/20","60","4","13027","6.67"
"Bryan","1","60","Georgia","5/10/20","54","6","13029","11.11"
"Bulloch","0","43","Georgia","5/10/20","42","1","13031","2.38"
"Burke","3","107","Georgia","5/10/20","86","21","13033","24.42"
"Butts","4","180","Georgia","5/10/20","150","30","13035","20"
"Calhoun","1","117","Georgia","5/10/20","107","10","13037","9.35"
"Camden","0","37","Georgia","5/10/20","35","2","13039","5.71"
"Candler","0","9","Georgia","5/10/20","7","2","13043","28.57"
"Carroll","1","395","Georgia","5/10/20","386","9","13045","2.33"
"Catoosa","1","53","Georgia","5/10/20","46","7","13047","15.22"
"Charlton","1","17","Georgia","5/10/20","12","5","13049","41.67"
"Chatham","10","303","Georgia","5/10/20","234","69","13051","29.49"
"Chattahoochee","0","12","Georgia","5/10/20","13","-1","13053","-7.69"
"Chattooga","0","16","Georgia","5/10/20","15","1","13055","6.67"
"Cherokee","17","607","Georgia","5/10/20","490","117","13057","23.88"
"Clarke","4","186","Georgia","5/10/20","156","30","13059","19.23"
"Clay","0","27","Georgia","5/10/20","25","2","13061","8"
"Clayton","19","925","Georgia","5/10/20","793","132","13063","16.65"
"Clinch","1","17","Georgia","5/10/20","9","8","13065","88.89"
"Cobb","58","2175","Georgia","5/10/20","1768","407","13067","23.02"
"Coffee","4","175","Georgia","5/10/20","146","29","13069","19.86"
"Colquitt","3","207","Georgia","5/10/20","188","19","13071","10.11"
"Columbia","3","183","Georgia","5/10/20","164","19","13073","11.59"
"Cook","1","32","Georgia","5/10/20","27","5","13075","18.52"
"Coweta","7","276","Georgia","5/10/20","230","46","13077","20"
"Crawford","0","18","Georgia","5/10/20","18","0","13079","0"
"Crisp","2","185","Georgia","5/10/20","169","16","13081","9.47"
"Dade","0","17","Georgia","5/10/20","15","2","13083","13.33"
"Dawson","2","81","Georgia","5/10/20","66","15","13085","22.73"
"Decatur","3","109","Georgia","5/10/20","91","18","13087","19.78"
"DeKalb","50","2535","Georgia","5/10/20","2183","352","13089","16.12"
"Dodge","0","32","Georgia","5/10/20","29","3","13091","10.34"
"Dooly","2","146","Georgia","5/10/20","132","14","13093","10.61"
"Dougherty","8","1593","Georgia","5/10/20","1536","57","13095","3.71"
"Douglas","9","405","Georgia","5/10/20","341","64","13097","18.77"
"Early","1","226","Georgia","5/10/20","219","7","13099","3.2"
"Echols","0","6","Georgia","5/10/20","5","1","13101","20"
"Effingham","0","38","Georgia","5/10/20","36","2","13103","5.56"
"Elbert","2","42","Georgia","5/10/20","31","11","13105","35.48"
"Emanuel","0","23","Georgia","5/10/20","21","2","13107","9.52"
"Evans","0","5","Georgia","5/10/20","5","0","13109","0"
"Fannin","0","34","Georgia","5/10/20","31","3","13111","9.68"
"Fayette","2","199","Georgia","5/10/20","183","16","13113","8.74"
"Floyd","2","157","Georgia","5/10/20","145","12","13115","8.28"
"Forsyth","8","388","Georgia","5/10/20","332","56","13117","16.87"
"Franklin","1","26","Georgia","5/10/20","21","5","13119","23.81"
"Fulton","76","3508","Georgia","5/10/20","2979","529","13121","17.76"
"Gilmer","3","97","Georgia","5/10/20","73","24","13123","32.88"
"Glascock","0","1","Georgia","5/10/20","0","1","13125","1"
"Glynn","2","73","Georgia","5/10/20","59","14","13127","23.73"
"Gordon","1","122","Georgia","5/10/20","113","9","13129","7.96"
"Grady","3","83","Georgia","5/10/20","64","19","13131","29.69"
"Greene","0","56","Georgia","5/10/20","54","2","13133","3.7"
"Gwinnett","67","2447","Georgia","5/10/20","1976","471","13135","23.84"
"Habersham","6","386","Georgia","5/10/20","343","43","13137","12.54"
"Hall","45","2012","Georgia","5/10/20","1700","312","13139","18.35"
"Hancock","10","128","Georgia","5/10/20","61","67","13141","109.84"
"Haralson","0","32","Georgia","5/10/20","29","3","13143","10.34"
"Harris","1","66","Georgia","5/10/20","61","5","13145","8.2"
"Hart","1","17","Georgia","5/10/20","11","6","13147","54.55"
"Heard","0","14","Georgia","5/10/20","14","0","13149","0"
"Henry","12","604","Georgia","5/10/20","520","84","13151","16.15"
"Houston","6","286","Georgia","5/10/20","242","44","13153","18.18"
"Irwin","1","21","Georgia","5/10/20","16","5","13155","31.25"
"Jackson","2","123","Georgia","5/10/20","108","15","13157","13.89"
"Jasper","0","25","Georgia","5/10/20","24","1","13159","4.17"
"Jeff Davis","0","24","Georgia","5/10/20","22","2","13161","9.09"
"Jefferson","0","17","Georgia","5/10/20","15","2","13163","13.33"
"Jenkins","0","17","Georgia","5/10/20","17","0","13165","0"
"Johnson","1","66","Georgia","5/10/20","59","7","13167","11.86"
"Jones","0","31","Georgia","5/10/20","29","2","13169","6.9"
"Lamar","0","40","Georgia","5/10/20","40","0","13171","0"
"Lanier","0","11","Georgia","5/10/20","9","2","13173","22.22"
"Laurens","2","80","Georgia","5/10/20","64","16","13175","25"
"Lee","2","340","Georgia","5/10/20","328","12","13177","3.66"
"Liberty","1","44","Georgia","5/10/20","38","6","13179","15.79"
"Lincoln","0","12","Georgia","5/10/20","12","0","13181","0"
"Long","0","5","Georgia","5/10/20","5","0","13183","0"
"Lowndes","4","185","Georgia","5/10/20","157","28","13185","17.83"
"Lumpkin","2","76","Georgia","5/10/20","63","13","13187","20.63"
"Macon","1","85","Georgia","5/10/20","81","4","13193","4.94"
"Madison","1","29","Georgia","5/10/20","25","4","13195","16"
"Marion","0","40","Georgia","5/10/20","42","-2","13197","-4.76"
"McDuffie","1","51","Georgia","5/10/20","45","6","13189","13.33"
"McIntosh","0","7","Georgia","5/10/20","6","1","13191","16.67"
"Meriwether","2","65","Georgia","5/10/20","54","11","13199","20.37"
"Miller","0","32","Georgia","5/10/20","33","-1","13201","-3.03"
"Mitchell","5","352","Georgia","5/10/20","319","33","13205","10.34"
"Monroe","1","34","Georgia","5/10/20","24","10","13207","41.67"
"Montgomery","0","4","Georgia","5/10/20","2","2","13209","100"
"Morgan","1","33","Georgia","5/10/20","28","5","13211","17.86"
"Murray","2","47","Georgia","5/10/20","33","14","13213","42.42"
"Muscogee","6","371","Georgia","5/10/20","328","43","13215","13.11"
"Newton","7","258","Georgia","5/10/20","208","50","13217","24.04"
"Oconee","0","67","Georgia","5/10/20","65","2","13219","3.08"
"Oglethorpe","1","56","Georgia","5/10/20","50","6","13221","12"
"Out of GA","62","1490","Georgia","5/10/20","1054","436","80013","41.37"
"Paulding","4","223","Georgia","5/10/20","195","28","13223","14.36"
"Peach","1","63","Georgia","5/10/20","55","8","13225","14.55"
"Pickens","1","33","Georgia","5/10/20","29","4","13227","13.79"
"Pierce","2","67","Georgia","5/10/20","52","15","13229","28.85"
"Pike","1","44","Georgia","5/10/20","40","4","13231","10"
"Polk","1","66","Georgia","5/10/20","59","7","13233","11.86"
"Pulaski","0","34","Georgia","5/10/20","32","2","13235","6.25"
"Putnam","2","55","Georgia","5/10/20","41","14","13237","34.15"
"Quitman","0","6","Georgia","5/10/20","8","-2","13239","-25"
"Rabun","0","14","Georgia","5/10/20","13","1","13241","7.69"
"Randolph","1","168","Georgia","5/10/20","163","5","13243","3.07"
"Richmond","4","447","Georgia","5/10/20","417","30","13245","7.19"
"Rockdale","6","239","Georgia","5/10/20","195","44","13247","22.56"
"Schley","0","15","Georgia","5/10/20","16","-1","13249","-6.25"
"Screven","0","17","Georgia","5/10/20","15","2","13251","13.33"
"Seminole","0","34","Georgia","5/10/20","31","3","13253","9.68"
"Spalding","2","235","Georgia","5/10/20","219","16","13255","7.31"
"Stephens","1","91","Georgia","5/10/20","87","4","13257","4.6"
"Stewart","1","31","Georgia","5/10/20","25","6","13259","24"
"Sumter","2","400","Georgia","5/10/20","388","12","13261","3.09"
"Talbot","0","27","Georgia","5/10/20","26","1","13263","3.85"
"Taliaferro","0","1","Georgia","5/10/20","1","0","13265","0"
"Tattnall","0","9","Georgia","5/10/20","9","0","13267","0"
"Taylor","0","20","Georgia","5/10/20","18","2","13269","11.11"
"Telfair","0","28","Georgia","5/10/20","28","0","13271","0"
"Terrell","2","198","Georgia","5/10/20","186","12","13273","6.45"
"Thomas","7","242","Georgia","5/10/20","192","50","13275","26.04"
"Tift","4","156","Georgia","5/10/20","127","29","13277","22.83"
"Toombs","1","40","Georgia","5/10/20","34","6","13279","17.65"
"Towns","0","20","Georgia","5/10/20","20","0","13281","0"
"Treutlen","0","5","Georgia","5/10/20","3","2","13283","66.67"
"Troup","5","186","Georgia","5/10/20","154","32","13285","20.78"
"Turner","1","78","Georgia","5/10/20","69","9","13287","13.04"
"Twiggs","0","8","Georgia","5/10/20","8","0","13289","0"
"Union","0","34","Georgia","5/10/20","31","3","13291","9.68"
"Upson","3","250","Georgia","5/10/20","230","20","13293","8.7"
"Walker","2","65","Georgia","5/10/20","51","14","13295","27.45"
"Walton","3","152","Georgia","5/10/20","133","19","13297","14.29"
"Ware","5","165","Georgia","5/10/20","130","35","13299","26.92"
"Warren","0","15","Georgia","5/10/20","13","2","13301","15.38"
"Washington","2","57","Georgia","5/10/20","44","13","13303","29.55"
"Wayne","0","13","Georgia","5/10/20","13","0","13305","0"
"Webster","0","10","Georgia","5/10/20","10","0","13307","0"
"Wheeler","0","5","Georgia","5/10/20","5","0","13309","0"
"White","1","88","Georgia","5/10/20","78","10","13311","12.82"
"Whitfield","5","154","Georgia","5/10/20","120","34","13313","28.33"
"Wilcox","1","95","Georgia","5/10/20","90","5","13315","5.56"
"Wilkes","0","27","Georgia","5/10/20","25","2","13317","8"
"Wilkinson","1","40","Georgia","5/10/20","35","5","13319","14.29"
"Worth","3","183","Georgia","5/10/20","162","21","13321","12.96"
"","0","103","Grand Princess","5/10/20","103","0",,"0"
"","1","151","Guam","5/10/20","145","6",,"4.14"
"Hawaii","0","75","Hawaii","5/10/20","74","1","15001","1.35"
"Honolulu","1","408","Hawaii","5/10/20","400","8","15003","2"
"Kauai","0","21","Hawaii","5/10/20","21","0","15007","0"
"Maui","0","117","Hawaii","5/10/20","116","1","15009","0.86"
"Out of HI","0","11","Hawaii","5/10/20","9","2","80015","22.22"
"Ada","4","733","Idaho","5/10/20","705","28","16001","3.97"
"Adams","0","3","Idaho","5/10/20","3","0","16003","0"
"Bannock","0","12","Idaho","5/10/20","11","1","16005","9.09"
"Bingham","0","4","Idaho","5/10/20","4","0","16011","0"
"Blaine","1","503","Idaho","5/10/20","497","6","16013","1.21"
"Bonner","0","4","Idaho","5/10/20","4","0","16017","0"
"Bonneville","0","30","Idaho","5/10/20","28","2","16019","7.14"
"Camas","0","1","Idaho","5/10/20","1","0","16025","0"
"Canyon","2","272","Idaho","5/10/20","258","14","16027","5.43"
"Caribou","0","1","Idaho","5/10/20","1","0","16029","0"
"Cassia","0","15","Idaho","5/10/20","13","2","16031","15.38"
"Custer","0","2","Idaho","5/10/20","2","0","16037","0"
"Elmore","0","31","Idaho","5/10/20","30","1","16039","3.33"
"Fremont","0","3","Idaho","5/10/20","2","1","16043","50"
"Gem","0","16","Idaho","5/10/20","13","3","16045","23.08"
"Gooding","1","17","Idaho","5/10/20","12","5","16047","41.67"
"Idaho","0","3","Idaho","5/10/20","3","0","16049","0"
"Jefferson","0","5","Idaho","5/10/20","5","0","16051","0"
"Jerome","2","71","Idaho","5/10/20","55","16","16053","29.09"
"Kootenai","0","63","Idaho","5/10/20","62","1","16055","1.61"
"Latah","0","5","Idaho","5/10/20","5","0","16057","0"
"Lemhi","0","1","Idaho","5/10/20","1","0","16059","0"
"Lincoln","0","29","Idaho","5/10/20","29","0","16063","0"
"Madison","1","17","Idaho","5/10/20","12","5","16065","41.67"
"Minidoka","0","11","Idaho","5/10/20","11","0","16067","0"
"Nez Perce","3","78","Idaho","5/10/20","60","18","16069","30"
"Owyhee","0","8","Idaho","5/10/20","8","0","16073","0"
"Payette","0","17","Idaho","5/10/20","16","1","16075","6.25"
"Power","0","2","Idaho","5/10/20","2","0","16077","0"
"Teton","0","11","Idaho","5/10/20","9","2","16081","22.22"
"Twin Falls","9","259","Idaho","5/10/20","196","63","16083","32.14"
"Valley","0","2","Idaho","5/10/20","2","0","16085","0"
"Washington","0","1","Idaho","5/10/20","1","0","16087","0"
"Adams","0","41","Illinois","5/10/20","40","1","17001","2.5"
"Alexander","0","7","Illinois","5/10/20","4","3","17003","75"
"Bond","0","8","Illinois","5/10/20","6","2","17005","33.33"
"Boone","8","193","Illinois","5/10/20","138","55","17007","39.86"
"Brown","1","8","Illinois","5/10/20","1","7","17009","700"
"Bureau","0","14","Illinois","5/10/20","12","2","17011","16.67"
"Calhoun","0","1","Illinois","5/10/20","1","0","17013","0"
"Carroll","0","11","Illinois","5/10/20","10","1","17015","10"
"Cass","2","56","Illinois","5/10/20","40","16","17017","40"
"Champaign","12","263","Illinois","5/10/20","177","86","17019","48.59"
"Christian","0","29","Illinois","5/10/20","28","1","17021","3.57"
"Clark","0","8","Illinois","5/10/20","5","3","17023","60"
"Clay","0","2","Illinois","5/10/20","2","0","17025","0"
"Clinton","2","126","Illinois","5/10/20","112","14","17027","12.5"
"Coles","0","24","Illinois","5/10/20","22","2","17029","9.09"
"Cook","1476","52655","Illinois","5/10/20","42324","10331","17031","24.41"
"Crawford","0","10","Illinois","5/10/20","10","0","17033","0"
"Cumberland","0","4","Illinois","5/10/20","3","1","17035","33.33"
"De Witt","0","3","Illinois","5/10/20","3","0","17039","0"
"DeKalb","7","177","Illinois","5/10/20","125","52","17037","41.6"
"Douglas","0","20","Illinois","5/10/20","20","0","17041","0"
"DuPage","142","4603","Illinois","5/10/20","3611","992","17043","27.47"
"Effingham","0","6","Illinois","5/10/20","6","0","17049","0"
"Fayette","0","17","Illinois","5/10/20","16","1","17051","6.25"
"Ford","1","14","Illinois","5/10/20","9","5","17053","55.56"
"Franklin","0","10","Illinois","5/10/20","10","0","17055","0"
"Fulton","0","3","Illinois","5/10/20","3","0","17057","0"
"Gallatin","0","2","Illinois","5/10/20","2","0","17059","0"
"Greene","0","4","Illinois","5/10/20","3","1","17061","33.33"
"Grundy","2","58","Illinois","5/10/20","43","15","17063","34.88"
"Hamilton","0","2","Illinois","5/10/20","2","0","17065","0"
"Hancock","1","12","Illinois","5/10/20","8","4","17067","50"
"Hardin","0","1","Illinois","5/10/20","1","0","17069","0"
"Henderson","0","6","Illinois","5/10/20","5","1","17071","20"
"Henry","1","58","Illinois","5/10/20","50","8","17073","16"
"Iroquois","8","96","Illinois","5/10/20","38","58","17075","152.63"
"Jackson","4","167","Illinois","5/10/20","139","28","17077","20.14"
"Jasper","0","46","Illinois","5/10/20","45","1","17079","2.22"
"Jefferson","2","97","Illinois","5/10/20","86","11","17081","12.79"
"Jersey","1","17","Illinois","5/10/20","13","4","17083","30.77"
"Jo Daviess","1","18","Illinois","5/10/20","13","5","17085","38.46"
"Johnson","0","4","Illinois","5/10/20","4","0","17087","0"
"Kane","153","3003","Illinois","5/10/20","1935","1068","17089","55.19"
"Kankakee","26","540","Illinois","5/10/20","358","182","17091","50.84"
"Kendall","17","421","Illinois","5/10/20","305","116","17093","38.03"
"Knox","3","73","Illinois","5/10/20","51","22","17095","43.14"
"Lake","155","5245","Illinois","5/10/20","4161","1084","17097","26.05"
"LaSalle","5","105","Illinois","5/10/20","67","38","17099","56.72"
"Lawrence","0","4","Illinois","5/10/20","4","0","17101","0"
"Lee","5","63","Illinois","5/10/20","25","38","17103","152"
"Livingston","0","24","Illinois","5/10/20","24","0","17105","0"
"Logan","0","9","Illinois","5/10/20","7","2","17107","28.57"
"Macon","3","144","Illinois","5/10/20","122","22","17115","18.03"
"Macoupin","1","38","Illinois","5/10/20","32","6","17117","18.75"
"Madison","9","427","Illinois","5/10/20","365","62","17119","16.99"
"Marion","1","44","Illinois","5/10/20","34","10","17121","29.41"
"Marshall","0","4","Illinois","5/10/20","4","0","17123","0"
"Mason","0","15","Illinois","5/10/20","13","2","17125","15.38"
"Massac","0","6","Illinois","5/10/20","4","2","17127","50"
"McDonough","2","49","Illinois","5/10/20","35","14","17109","40"
"McHenry","30","945","Illinois","5/10/20","738","207","17111","28.05"
"McLean","3","117","Illinois","5/10/20","99","18","17113","18.18"
"Menard","0","17","Illinois","5/10/20","15","2","17129","13.33"
"Mercer","1","12","Illinois","5/10/20","8","4","17131","50"
"Monroe","1","79","Illinois","5/10/20","75","4","17133","5.33"
"Montgomery","1","34","Illinois","5/10/20","28","6","17135","21.43"
"Morgan","1","30","Illinois","5/10/20","24","6","17137","25"
"Moultrie","0","6","Illinois","5/10/20","5","1","17139","20"
"Ogle","3","149","Illinois","5/10/20","129","20","17141","15.5"
"Out of IL","11","79","Illinois","5/10/20","0","79","80017","1"
"Peoria","5","139","Illinois","5/10/20","106","33","17143","31.13"
"Perry","1","38","Illinois","5/10/20","34","4","17145","11.76"
"Piatt","0","7","Illinois","5/10/20","7","0","17147","0"
"Pike","0","1","Illinois","5/10/20","1","0","17149","0"
"Pope","0","1","Illinois","5/10/20","0","1","17151","1"
"Pulaski","1","27","Illinois","5/10/20","20","7","17153","35"
"Randolph","6","220","Illinois","5/10/20","179","41","17157","22.91"
"Richland","0","3","Illinois","5/10/20","3","0","17159","0"
"Rock Island","11","515","Illinois","5/10/20","436","79","17161","18.12"
"Saline","0","5","Illinois","5/10/20","4","1","17165","25"
"Sangamon","7","258","Illinois","5/10/20","208","50","17167","24.04"
"Schuyler","1","7","Illinois","5/10/20","1","6","17169","600"
"Shelby","0","10","Illinois","5/10/20","10","0","17173","0"
"St. Clair","25","711","Illinois","5/10/20","537","174","17163","32.4"
"Stark","0","1","Illinois","5/10/20","1","0","17175","0"
"Stephenson","5","97","Illinois","5/10/20","63","34","17177","53.97"
"Tazewell","2","59","Illinois","5/10/20","47","12","17179","25.53"
"Union","5","63","Illinois","5/10/20","28","35","17181","125"
"Vermilion","1","25","Illinois","5/10/20","18","7","17183","38.89"
"Wabash","0","1","Illinois","5/10/20","1","0","17185","0"
"Warren","3","102","Illinois","5/10/20","78","24","17187","30.77"
"Washington","0","15","Illinois","5/10/20","13","2","17189","15.38"
"Wayne","0","3","Illinois","5/10/20","2","1","17191","50"
"White","0","2","Illinois","5/10/20","2","0","17193","0"
"Whiteside","2","104","Illinois","5/10/20","92","12","17195","13.04"
"Will","117","3684","Illinois","5/10/20","2868","816","17197","28.45"
"Williamson","1","44","Illinois","5/10/20","34","10","17199","29.41"
"Winnebago","48","917","Illinois","5/10/20","579","338","17201","58.38"
"Woodford","0","15","Illinois","5/10/20","13","2","17203","15.38"
"Adams","0","8","Indiana","5/10/20","8","0","18001","0"
"Allen","28","816","Indiana","5/10/20","619","197","18003","31.83"
"Bartholomew","11","346","Indiana","5/10/20","268","78","18005","29.1"
"Benton","0","12","Indiana","5/10/20","11","1","18007","9.09"
"Blackford","1","14","Indiana","5/10/20","9","5","18009","55.56"
"Boone","4","223","Indiana","5/10/20","198","25","18011","12.63"
"Brown","1","26","Indiana","5/10/20","18","8","18013","44.44"
"Carroll","4","71","Indiana","5/10/20","41","30","18015","73.17"
"Cass","32","1520","Indiana","5/10/20","1293","227","18017","17.56"
"Clark","7","377","Indiana","5/10/20","331","46","18019","13.9"
"Clay","0","24","Indiana","5/10/20","22","2","18021","9.09"
"Clinton","5","88","Indiana","5/10/20","56","32","18023","57.14"
"Crawford","0","20","Indiana","5/10/20","18","2","18025","11.11"
"Daviess","0","54","Indiana","5/10/20","51","3","18027","5.88"
"Dearborn","2","150","Indiana","5/10/20","135","15","18029","11.11"
"Decatur","1","212","Indiana","5/10/20","202","10","18031","4.95"
"DeKalb","0","23","Indiana","5/10/20","22","1","18033","4.55"
"Delaware","4","225","Indiana","5/10/20","200","25","18035","12.5"
"Dubois","3","45","Indiana","5/10/20","25","20","18037","80"
"Elkhart","25","484","Indiana","5/10/20","311","173","18039","55.63"
"Fayette","1","36","Indiana","5/10/20","29","7","18041","24.14"
"Floyd","4","232","Indiana","5/10/20","203","29","18043","14.29"
"Fountain","0","16","Indiana","5/10/20","13","3","18045","23.08"
"Franklin","1","104","Indiana","5/10/20","97","7","18047","7.22"
"Fulton","0","36","Indiana","5/10/20","33","3","18049","9.09"
"Gibson","0","8","Indiana","5/10/20","7","1","18051","14.29"
"Grant","1","153","Indiana","5/10/20","144","9","18053","6.25"
"Greene","7","147","Indiana","5/10/20","96","51","18055","53.12"
"Hamilton","14","925","Indiana","5/10/20","824","101","18057","12.26"
"Hancock","5","264","Indiana","5/10/20","230","34","18059","14.78"
"Harrison","3","157","Indiana","5/10/20","138","19","18061","13.77"
"Hendricks","28","958","Indiana","5/10/20","764","194","18063","25.39"
"Henry","5","81","Indiana","5/10/20","44","37","18065","84.09"
"Howard","8","245","Indiana","5/10/20","191","54","18067","28.27"
"Huntington","0","14","Indiana","5/10/20","11","3","18069","27.27"
"Jackson","16","278","Indiana","5/10/20","165","113","18071","68.48"
"Jasper","0","39","Indiana","5/10/20","36","3","18073","8.33"
"Jay","1","22","Indiana","5/10/20","16","6","18075","37.5"
"Jefferson","1","35","Indiana","5/10/20","30","5","18077","16.67"
"Jennings","2","96","Indiana","5/10/20","82","14","18079","17.07"
"Johnson","14","807","Indiana","5/10/20","706","101","18081","14.31"
"Knox","0","21","Indiana","5/10/20","20","1","18083","5"
"Kosciusko","1","41","Indiana","5/10/20","36","5","18085","13.89"
"LaGrange","1","38","Indiana","5/10/20","28","10","18087","35.71"
"Lake","58","2445","Indiana","5/10/20","2036","409","18089","20.09"
"LaPorte","10","324","Indiana","5/10/20","251","73","18091","29.08"
"Lawrence","2","116","Indiana","5/10/20","105","11","18093","10.48"
"Madison","9","503","Indiana","5/10/20","439","64","18095","14.58"
"Marion","166","7336","Indiana","5/10/20","6176","1160","18097","18.78"
"Marshall","0","33","Indiana","5/10/20","31","2","18099","6.45"
"Martin","0","7","Indiana","5/10/20","7","0","18101","0"
"Miami","1","125","Indiana","5/10/20","115","10","18103","8.7"
"Monroe","2","143","Indiana","5/10/20","130","13","18105","10"
"Montgomery","4","127","Indiana","5/10/20","100","27","18107","27"
"Morgan","5","197","Indiana","5/10/20","163","34","18109","20.86"
"Newton","0","64","Indiana","5/10/20","61","3","18111","4.92"
"Noble","7","132","Indiana","5/10/20","83","49","18113","59.04"
"Ohio","1","9","Indiana","5/10/20","5","4","18115","80"
"Orange","1","114","Indiana","5/10/20","104","10","18117","9.62"
"Owen","1","28","Indiana","5/10/20","24","4","18119","16.67"
"Parke","1","17","Indiana","5/10/20","12","5","18121","41.67"
"Perry","1","17","Indiana","5/10/20","11","6","18123","54.55"
"Pike","0","3","Indiana","5/10/20","2","1","18125","50"
"Porter","9","313","Indiana","5/10/20","252","61","18127","24.21"
"Posey","0","15","Indiana","5/10/20","12","3","18129","25"
"Pulaski","1","34","Indiana","5/10/20","29","5","18131","17.24"
"Putnam","1","84","Indiana","5/10/20","76","8","18133","10.53"
"Randolph","1","21","Indiana","5/10/20","16","5","18135","31.25"
"Ripley","1","101","Indiana","5/10/20","94","7","18137","7.45"
"Rush","0","37","Indiana","5/10/20","34","3","18139","8.82"
"Scott","4","81","Indiana","5/10/20","52","29","18143","55.77"
"Shelby","6","261","Indiana","5/10/20","222","39","18145","17.57"
"Spencer","0","7","Indiana","5/10/20","5","2","18147","40"
"St. Joseph","22","810","Indiana","5/10/20","658","152","18141","23.1"
"Starke","1","21","Indiana","5/10/20","17","4","18149","23.53"
"Steuben","5","62","Indiana","5/10/20","26","36","18151","138.46"
"Sullivan","1","20","Indiana","5/10/20","16","4","18153","25"
"Switzerland","0","14","Indiana","5/10/20","15","-1","18155","-6.67"
"Tippecanoe","11","233","Indiana","5/10/20","156","77","18157","49.36"
"Tipton","0","21","Indiana","5/10/20","20","1","18159","5"
"Union","0","8","Indiana","5/10/20","7","1","18161","14.29"
"Vanderburgh","5","185","Indiana","5/10/20","151","34","18163","22.52"
"Vermillion","0","7","Indiana","5/10/20","7","0","18165","0"
"Vigo","2","80","Indiana","5/10/20","67","13","18167","19.4"
"Wabash","1","64","Indiana","5/10/20","60","4","18169","6.67"
"Warren","0","12","Indiana","5/10/20","11","1","18171","9.09"
"Warrick","3","123","Indiana","5/10/20","101","22","18173","21.78"
"Washington","0","48","Indiana","5/10/20","45","3","18175","6.67"
"Wayne","2","53","Indiana","5/10/20","38","15","18177","39.47"
"Wells","0","10","Indiana","5/10/20","7","3","18179","42.86"
"White","9","148","Indiana","5/10/20","82","66","18181","80.49"
"Whitley","0","22","Indiana","5/10/20","21","1","18183","4.76"
"Adair","0","3","Iowa","5/10/20","1","2","19001","200"
"Allamakee","2","111","Iowa","5/10/20","98","13","19005","13.27"
"Appanoose","0","6","Iowa","5/10/20","3","3","19007","100"
"Audubon","1","10","Iowa","5/10/20","5","5","19009","100"
"Benton","0","35","Iowa","5/10/20","33","2","19011","6.06"
"Black Hawk","27","1493","Iowa","5/10/20","1306","187","19013","14.32"
"Boone","2","34","Iowa","5/10/20","23","11","19015","47.83"
"Bremer","1","58","Iowa","5/10/20","53","5","19017","9.43"
"Buchanan","0","23","Iowa","5/10/20","20","3","19019","15"
"Buena Vista","3","31","Iowa","5/10/20","8","23","19021","287.5"
"Butler","0","12","Iowa","5/10/20","9","3","19023","33.33"
"Calhoun","0","1","Iowa","5/10/20","1","0","19025","0"
"Carroll","0","6","Iowa","5/10/20","5","1","19027","20"
"Cass","0","1","Iowa","5/10/20","1","0","19029","0"
"Cedar","2","42","Iowa","5/10/20","31","11","19031","35.48"
"Cerro Gordo","0","14","Iowa","5/10/20","14","0","19033","0"
"Cherokee","0","4","Iowa","5/10/20","4","0","19035","0"
"Chickasaw","0","6","Iowa","5/10/20","5","1","19037","20"
"Clarke","0","6","Iowa","5/10/20","3","3","19039","100"
"Clay","1","9","Iowa","5/10/20","5","4","19041","80"
"Clayton","1","23","Iowa","5/10/20","15","8","19043","53.33"
"Clinton","1","56","Iowa","5/10/20","50","6","19045","12"
"Crawford","18","176","Iowa","5/10/20","51","125","19047","245.1"
"Dallas","20","676","Iowa","5/10/20","537","139","19049","25.88"
"Davis","1","9","Iowa","5/10/20","1","8","19051","800"
"Decatur","0","0","Iowa","5/10/20","1","-1","19053","-100"
"Delaware","0","9","Iowa","5/10/20","10","-1","19055","-10"
"Des Moines","3","39","Iowa","5/10/20","18","21","19057","116.67"
"Dickinson","0","6","Iowa","5/10/20","6","0","19059","0"
"Dubuque","8","191","Iowa","5/10/20","136","55","19061","40.44"
"Fayette","0","24","Iowa","5/10/20","22","2","19065","9.09"
"Floyd","0","4","Iowa","5/10/20","1","3","19067","300"
"Franklin","0","6","Iowa","5/10/20","3","3","19069","100"
"Fremont","0","1","Iowa","5/10/20","0","1","19071","1"
"Greene","0","13","Iowa","5/10/20","11","2","19073","18.18"
"Grundy","0","15","Iowa","5/10/20","15","0","19075","0"
"Guthrie","2","33","Iowa","5/10/20","22","11","19077","50"
"Hamilton","0","10","Iowa","5/10/20","7","3","19079","42.86"
"Hancock","0","3","Iowa","5/10/20","3","0","19081","0"
"Hardin","0","12","Iowa","5/10/20","9","3","19083","33.33"
"Harrison","0","17","Iowa","5/10/20","16","1","19085","6.25"
"Henry","1","43","Iowa","5/10/20","33","10","19087","30.3"
"Howard","0","12","Iowa","5/10/20","10","2","19089","20"
"Humboldt","0","7","Iowa","5/10/20","4","3","19091","75"
"Iowa","0","24","Iowa","5/10/20","21","3","19095","14.29"
"Jackson","0","7","Iowa","5/10/20","6","1","19097","16.67"
"Jasper","6","238","Iowa","5/10/20","193","45","19099","23.32"
"Jefferson","0","6","Iowa","5/10/20","6","0","19101","0"
"Johnson","8","551","Iowa","5/10/20","498","53","19103","10.64"
"Jones","1","31","Iowa","5/10/20","24","7","19105","29.17"
"Keokuk","1","7","Iowa","5/10/20","3","4","19107","133.33"
"Kossuth","0","2","Iowa","5/10/20","2","0","19109","0"
"Lee","1","18","Iowa","5/10/20","13","5","19111","38.46"
"Linn","14","827","Iowa","5/10/20","731","96","19113","13.13"
"Louisa","1","282","Iowa","5/10/20","277","5","19115","1.81"
"Lyon","0","16","Iowa","5/10/20","14","2","19119","14.29"
"Madison","0","11","Iowa","5/10/20","9","2","19121","22.22"
"Mahaska","1","20","Iowa","5/10/20","16","4","19123","25"
"Marion","0","13","Iowa","5/10/20","12","1","19125","8.33"
"Marshall","17","721","Iowa","5/10/20","603","118","19127","19.57"
"Mills","1","8","Iowa","5/10/20","3","5","19129","166.67"
"Mitchell","0","3","Iowa","5/10/20","3","0","19131","0"
"Monona","0","12","Iowa","5/10/20","10","2","19133","20"
"Monroe","0","4","Iowa","5/10/20","1","3","19135","300"
"Montgomery","0","4","Iowa","5/10/20","1","3","19137","300"
"Muscatine","17","488","Iowa","5/10/20","372","116","19139","31.18"
"O'Brien","1","15","Iowa","5/10/20","11","4","19141","36.36"
"Osceola","1","19","Iowa","5/10/20","13","6","19143","46.15"
"Page","0","10","Iowa","5/10/20","8","2","19145","25"
"Palo Alto","0","1","Iowa","5/10/20","0","1","19147","1"
"Plymouth","5","59","Iowa","5/10/20","23","36","19149","156.52"
"Pocahontas","0","3","Iowa","5/10/20","3","0","19151","0"
"Polk","109","2238","Iowa","5/10/20","1476","762","19153","51.63"
"Pottawattamie","6","85","Iowa","5/10/20","44","41","19155","93.18"
"Poweshiek","2","79","Iowa","5/10/20","68","11","19157","16.18"
"Sac","0","2","Iowa","5/10/20","1","1","19161","100"
"Scott","6","280","Iowa","5/10/20","241","39","19163","16.18"
"Shelby","1","19","Iowa","5/10/20","12","7","19165","58.33"
"Sioux","10","84","Iowa","5/10/20","17","67","19167","394.12"
"Story","4","58","Iowa","5/10/20","33","25","19169","75.76"
"Tama","6","329","Iowa","5/10/20","286","43","19171","15.03"
"Taylor","0","1","Iowa","5/10/20","1","0","19173","0"
"Union","0","1","Iowa","5/10/20","1","0","19175","0"
"Van Buren","0","8","Iowa","5/10/20","8","0","19177","0"
"Wapello","22","218","Iowa","5/10/20","61","157","19179","257.38"
"Warren","2","42","Iowa","5/10/20","26","16","19181","61.54"
"Washington","2","159","Iowa","5/10/20","148","11","19183","7.43"
"Wayne","0","1","Iowa","5/10/20","1","0","19185","0"
"Webster","0","9","Iowa","5/10/20","6","3","19187","50"
"Winnebago","0","3","Iowa","5/10/20","2","1","19189","50"
"Winneshiek","0","18","Iowa","5/10/20","18","0","19191","0"
"Woodbury","74","1627","Iowa","5/10/20","1112","515","19193","46.31"
"Worth","0","2","Iowa","5/10/20","1","1","19195","100"
"Wright","0","6","Iowa","5/10/20","3","3","19197","100"
"Anderson","0","1","Kansas","5/10/20","0","1","20003","1"
"Atchison","0","13","Kansas","5/10/20","11","2","20005","18.18"
"Barber","0","1","Kansas","5/10/20","1","0","20007","0"
"Barton","2","21","Kansas","5/10/20","9","12","20009","133.33"
"Bourbon","0","6","Kansas","5/10/20","6","0","20011","0"
"Brown","0","1","Kansas","5/10/20","1","0","20013","0"
"Butler","0","14","Kansas","5/10/20","14","0","20015","0"
"Chase","0","3","Kansas","5/10/20","3","0","20017","0"
"Chautauqua","0","4","Kansas","5/10/20","4","0","20019","0"
"Cherokee","0","8","Kansas","5/10/20","8","0","20021","0"
"Cheyenne","0","2","Kansas","5/10/20","2","0","20023","0"
"Clark","2","17","Kansas","5/10/20","1","16","20025","1600"
"Clay","0","4","Kansas","5/10/20","4","0","20027","0"
"Cloud","0","4","Kansas","5/10/20","4","0","20029","0"
"Coffey","0","50","Kansas","5/10/20","49","1","20031","2.04"
"Cowley","0","3","Kansas","5/10/20","3","0","20035","0"
"Crawford","0","8","Kansas","5/10/20","8","0","20037","0"
"Dickinson","0","2","Kansas","5/10/20","2","0","20041","0"
"Doniphan","1","8","Kansas","5/10/20","4","4","20043","100"
"Douglas","1","56","Kansas","5/10/20","51","5","20045","9.8"
"Edwards","0","4","Kansas","5/10/20","4","0","20047","0"
"Ellis","0","8","Kansas","5/10/20","8","0","20051","0"
"Ellsworth","0","2","Kansas","5/10/20","0","2","20053","1"
"Finney","50","902","Kansas","5/10/20","550","352","20055","64"
"Ford","41","1099","Kansas","5/10/20","815","284","20057","34.85"
"Franklin","1","23","Kansas","5/10/20","17","6","20059","35.29"
"Geary","0","14","Kansas","5/10/20","11","3","20061","27.27"
"Gove","0","1","Kansas","5/10/20","1","0","20063","0"
"Grant","1","11","Kansas","5/10/20","7","4","20067","57.14"
"Gray","0","7","Kansas","5/10/20","5","2","20069","40"
"Greenwood","0","3","Kansas","5/10/20","3","0","20073","0"
"Hamilton","1","8","Kansas","5/10/20","4","4","20075","100"
"Harper","0","1","Kansas","5/10/20","1","0","20077","0"
"Harvey","0","9","Kansas","5/10/20","8","1","20079","12.5"
"Haskell","1","16","Kansas","5/10/20","7","9","20081","128.57"
"Jackson","0","4","Kansas","5/10/20","2","2","20085","100"
"Jefferson","0","12","Kansas","5/10/20","10","2","20087","20"
"Jewell","0","4","Kansas","5/10/20","4","0","20089","0"
"Johnson","13","591","Kansas","5/10/20","498","93","20091","18.67"
"Kearny","2","30","Kansas","5/10/20","19","11","20093","57.89"
"Kiowa","0","2","Kansas","5/10/20","2","0","20097","0"
"Labette","0","22","Kansas","5/10/20","22","0","20099","0"
"Leavenworth","60","918","Kansas","5/10/20","498","420","20103","84.34"
"Linn","0","6","Kansas","5/10/20","6","0","20107","0"
"Lyon","8","302","Kansas","5/10/20","248","54","20111","21.77"
"Marion","0","5","Kansas","5/10/20","5","0","20115","0"
"McPherson","0","25","Kansas","5/10/20","23","2","20113","8.7"
"Meade","2","21","Kansas","5/10/20","10","11","20119","110"
"Miami","0","6","Kansas","5/10/20","5","1","20121","20"
"Mitchell","0","3","Kansas","5/10/20","3","0","20123","0"
"Montgomery","0","21","Kansas","5/10/20","18","3","20125","16.67"
"Morris","0","3","Kansas","5/10/20","3","0","20127","0"
"Morton","0","3","Kansas","5/10/20","3","0","20129","0"
"Nemaha","0","1","Kansas","5/10/20","1","0","20131","0"
"Neosho","0","2","Kansas","5/10/20","2","0","20133","0"
"Norton","0","2","Kansas","5/10/20","2","0","20137","0"
"Osage","0","5","Kansas","5/10/20","5","0","20139","0"
"Osborne","0","2","Kansas","5/10/20","2","0","20141","0"
"Ottawa","0","4","Kansas","5/10/20","4","0","20143","0"
"Phillips","0","1","Kansas","5/10/20","1","0","20147","0"
"Pottawatomie","1","19","Kansas","5/10/20","15","4","20149","26.67"
"Pratt","0","1","Kansas","5/10/20","1","0","20151","0"
"Reno","0","41","Kansas","5/10/20","41","0","20155","0"
"Republic","0","4","Kansas","5/10/20","4","0","20157","0"
"Rice","0","3","Kansas","5/10/20","3","0","20159","0"
"Riley","1","58","Kansas","5/10/20","54","4","20161","7.41"
"Rooks","0","6","Kansas","5/10/20","6","0","20163","0"
"Saline","0","21","Kansas","5/10/20","21","0","20169","0"
"Scott","0","3","Kansas","5/10/20","1","2","20171","200"
"Sedgwick","6","468","Kansas","5/10/20","426","42","20173","9.86"
"Seward","20","686","Kansas","5/10/20","547","139","20175","25.41"
"Shawnee","5","160","Kansas","5/10/20","127","33","20177","25.98"
"Sheridan","0","2","Kansas","5/10/20","2","0","20179","0"
"Sherman","0","5","Kansas","5/10/20","5","0","20181","0"
"Smith","0","2","Kansas","5/10/20","2","0","20183","0"
"Stafford","0","1","Kansas","5/10/20","1","0","20185","0"
"Stanton","0","9","Kansas","5/10/20","6","3","20187","50"
"Stevens","1","17","Kansas","5/10/20","11","6","20189","54.55"
"Sumner","0","4","Kansas","5/10/20","4","0","20191","0"
"Wabaunsee","0","27","Kansas","5/10/20","24","3","20197","12.5"
"Wilson","0","1","Kansas","5/10/20","1","0","20205","0"
"Woodson","0","6","Kansas","5/10/20","6","0","20207","0"
"Wyandotte","36","1078","Kansas","5/10/20","826","252","20209","30.51"
"Adair","1","86","Kentucky","5/10/20","81","5","21001","6.17"
"Allen","2","25","Kentucky","5/10/20","14","11","21003","78.57"
"Anderson","0","9","Kentucky","5/10/20","9","0","21005","0"
"Ballard","0","8","Kentucky","5/10/20","10","-2","21007","-20"
"Barren","1","28","Kentucky","5/10/20","18","10","21009","55.56"
"Bath","0","5","Kentucky","5/10/20","4","1","21011","25"
"Boone","6","210","Kentucky","5/10/20","170","40","21015","23.53"
"Bourbon","0","8","Kentucky","5/10/20","8","0","21017","0"
"Boyd","0","32","Kentucky","5/10/20","31","1","21019","3.23"
"Boyle","0","17","Kentucky","5/10/20","17","0","21021","0"
"Bracken","0","10","Kentucky","5/10/20","9","1","21023","11.11"
"Breathitt","0","2","Kentucky","5/10/20","2","0","21025","0"
"Breckinridge","1","13","Kentucky","5/10/20","9","4","21027","44.44"
"Bullitt","4","82","Kentucky","5/10/20","56","26","21029","46.43"
"Butler","7","195","Kentucky","5/10/20","143","52","21031","36.36"
"Caldwell","0","12","Kentucky","5/10/20","12","0","21033","0"
"Calloway","0","37","Kentucky","5/10/20","35","2","21035","5.71"
"Campbell","3","115","Kentucky","5/10/20","95","20","21037","21.05"
"Carlisle","0","3","Kentucky","5/10/20","2","1","21039","50"
"Carroll","0","2","Kentucky","5/10/20","2","0","21041","0"
"Carter","0","6","Kentucky","5/10/20","6","0","21043","0"
"Casey","0","1","Kentucky","5/10/20","1","0","21045","0"
"Christian","0","93","Kentucky","5/10/20","90","3","21047","3.33"
"Clark","0","20","Kentucky","5/10/20","20","0","21049","0"
"Clay","0","2","Kentucky","5/10/20","1","1","21051","100"
"Clinton","0","3","Kentucky","5/10/20","3","0","21053","0"
"Crittenden","0","4","Kentucky","5/10/20","4","0","21055","0"
"Cumberland","0","5","Kentucky","5/10/20","5","0","21057","0"
"Daviess","6","260","Kentucky","5/10/20","217","43","21059","19.82"
"Edmonson","3","45","Kentucky","5/10/20","26","19","21061","73.08"
"Fayette","12","368","Kentucky","5/10/20","287","81","21067","28.22"
"Fleming","0","1","Kentucky","5/10/20","2","-1","21069","-50"
"Floyd","0","15","Kentucky","5/10/20","12","3","21071","25"
"Franklin","0","17","Kentucky","5/10/20","17","0","21073","0"
"Fulton","0","1","Kentucky","5/10/20","2","-1","21075","-50"
"Gallatin","0","1","Kentucky","5/10/20","1","0","21077","0"
"Garrard","0","3","Kentucky","5/10/20","2","1","21079","50"
"Grant","1","30","Kentucky","5/10/20","25","5","21081","20"
"Graves","1","148","Kentucky","5/10/20","138","10","21083","7.25"
"Grayson","2","95","Kentucky","5/10/20","79","16","21085","20.25"
"Green","0","1","Kentucky","5/10/20","1","0","21087","0"
"Greenup","0","12","Kentucky","5/10/20","12","0","21089","0"
"Hancock","0","6","Kentucky","5/10/20","6","0","21091","0"
"Hardin","2","61","Kentucky","5/10/20","48","13","21093","27.08"
"Harlan","0","1","Kentucky","5/10/20","0","1","21095","1"
"Harrison","0","19","Kentucky","5/10/20","17","2","21097","11.76"
"Hart","1","8","Kentucky","5/10/20","4","4","21099","100"
"Henderson","2","77","Kentucky","5/10/20","65","12","21101","18.46"
"Henry","0","9","Kentucky","5/10/20","8","1","21103","12.5"
"Hickman","1","5","Kentucky","5/10/20","1","4","21105","400"
"Hopkins","1","214","Kentucky","5/10/20","206","8","21107","3.88"
"Jackson","0","56","Kentucky","5/10/20","59","-3","21109","-5.08"
"Jefferson","34","1642","Kentucky","5/10/20","1403","239","21111","17.03"
"Jessamine","1","46","Kentucky","5/10/20","40","6","21113","15"
"Johnson","0","5","Kentucky","5/10/20","3","2","21115","66.67"
"Kenton","11","383","Kentucky","5/10/20","308","75","21117","24.35"
"Knott","0","4","Kentucky","5/10/20","4","0","21119","0"
"Knox","0","7","Kentucky","5/10/20","6","1","21121","16.67"
"Larue","0","6","Kentucky","5/10/20","5","1","21123","20"
"Laurel","1","22","Kentucky","5/10/20","17","5","21125","29.41"
"Lawrence","0","1","Kentucky","5/10/20","1","0","21127","0"
"Leslie","0","5","Kentucky","5/10/20","4","1","21131","25"
"Letcher","0","3","Kentucky","5/10/20","3","0","21133","0"
"Lewis","0","5","Kentucky","5/10/20","3","2","21135","66.67"
"Lincoln","0","5","Kentucky","5/10/20","5","0","21137","0"
"Livingston","0","6","Kentucky","5/10/20","6","0","21139","0"
"Logan","5","46","Kentucky","5/10/20","13","33","21141","253.85"
"Lyon","0","14","Kentucky","5/10/20","13","1","21143","7.69"
"Madison","1","34","Kentucky","5/10/20","29","5","21151","17.24"
"Marion","0","17","Kentucky","5/10/20","17","0","21155","0"
"Marshall","0","34","Kentucky","5/10/20","34","0","21157","0"
"Martin","0","3","Kentucky","5/10/20","3","0","21159","0"
"Mason","0","7","Kentucky","5/10/20","6","1","21161","16.67"
"McCracken","1","69","Kentucky","5/10/20","59","10","21145","16.95"
"McCreary","0","12","Kentucky","5/10/20","11","1","21147","9.09"
"McLean","0","16","Kentucky","5/10/20","16","0","21149","0"
"Meade","1","18","Kentucky","5/10/20","14","4","21163","28.57"
"Menifee","0","3","Kentucky","5/10/20","3","0","21165","0"
"Mercer","0","11","Kentucky","5/10/20","11","0","21167","0"
"Metcalfe","0","2","Kentucky","5/10/20","1","1","21169","100"
"Monroe","0","6","Kentucky","5/10/20","6","0","21171","0"
"Montgomery","0","11","Kentucky","5/10/20","12","-1","21173","-8.33"
"Morgan","0","1","Kentucky","5/10/20","1","0","21175","0"
"Muhlenberg","46","453","Kentucky","5/10/20","132","321","21177","243.18"
"Nelson","1","30","Kentucky","5/10/20","24","6","21179","25"
"Nicholas","0","1","Kentucky","5/10/20","1","0","21181","0"
"Ohio","2","68","Kentucky","5/10/20","51","17","21183","33.33"
"Oldham","1","38","Kentucky","5/10/20","33","5","21185","15.15"
"Owen","0","1","Kentucky","5/10/20","1","0","21187","0"
"Owsley","0","2","Kentucky","5/10/20","2","0","21189","0"
"Pendleton","0","5","Kentucky","5/10/20","5","0","21191","0"
"Perry","0","14","Kentucky","5/10/20","14","0","21193","0"
"Pike","0","15","Kentucky","5/10/20","13","2","21195","15.38"
"Powell","0","1","Kentucky","5/10/20","1","0","21197","0"
"Pulaski","0","43","Kentucky","5/10/20","43","0","21199","0"
"Rockcastle","0","13","Kentucky","5/10/20","10","3","21203","30"
"Rowan","0","3","Kentucky","5/10/20","2","1","21205","50"
"Russell","0","18","Kentucky","5/10/20","16","2","21207","12.5"
"Scott","1","32","Kentucky","5/10/20","24","8","21209","33.33"
"Shelby","2","49","Kentucky","5/10/20","32","17","21211","53.12"
"Simpson","0","32","Kentucky","5/10/20","29","3","21213","10.34"
"Spencer","0","16","Kentucky","5/10/20","13","3","21215","23.08"
"Taylor","0","9","Kentucky","5/10/20","8","1","21217","12.5"
"Todd","0","14","Kentucky","5/10/20","12","2","21219","16.67"
"Trigg","0","9","Kentucky","5/10/20","9","0","21221","0"
"Trimble","0","3","Kentucky","5/10/20","3","0","21223","0"
"Union","0","10","Kentucky","5/10/20","8","2","21225","25"
"Warren","23","530","Kentucky","5/10/20","369","161","21227","43.63"
"Washington","0","5","Kentucky","5/10/20","5","0","21229","0"
"Wayne","0","8","Kentucky","5/10/20","7","1","21231","14.29"
"Webster","0","26","Kentucky","5/10/20","23","3","21233","13.04"
"Whitley","0","11","Kentucky","5/10/20","11","0","21235","0"
"Woodford","0","17","Kentucky","5/10/20","18","-1","21239","-5.56"
"Acadia","2","148","Louisiana","5/10/20","134","14","22001","10.45"
"Allen","0","90","Louisiana","5/10/20","90","0","22003","0"
"Ascension","7","694","Louisiana","5/10/20","644","50","22005","7.76"
"Assumption","4","228","Louisiana","5/10/20","197","31","22007","15.74"
"Avoyelles","0","74","Louisiana","5/10/20","74","0","22009","0"
"Beauregard","0","46","Louisiana","5/10/20","43","3","22011","6.98"
"Bienville","0","77","Louisiana","5/10/20","76","1","22013","1.32"
"Bossier","2","310","Louisiana","5/10/20","295","15","22015","5.08"
"Caddo","20","1751","Louisiana","5/10/20","1610","141","22017","8.76"
"Calcasieu","5","493","Louisiana","5/10/20","455","38","22019","8.35"
"Caldwell","2","48","Louisiana","5/10/20","31","17","22021","54.84"
"Cameron","0","3","Louisiana","5/10/20","3","0","22023","0"
"Catahoula","6","85","Louisiana","5/10/20","45","40","22025","88.89"
"Claiborne","0","59","Louisiana","5/10/20","58","1","22027","1.72"
"Concordia","1","43","Louisiana","5/10/20","39","4","22029","10.26"
"De Soto","2","214","Louisiana","5/10/20","198","16","22031","8.08"
"East Baton Rouge","41","2374","Louisiana","5/10/20","2086","288","22033","13.81"
"East Carroll","1","17","Louisiana","5/10/20","9","8","22035","88.89"
"East Feliciana","1","135","Louisiana","5/10/20","129","6","22037","4.65"
"Evangeline","1","67","Louisiana","5/10/20","59","8","22039","13.56"
"Franklin","11","206","Louisiana","5/10/20","131","75","22041","57.25"
"Grant","0","18","Louisiana","5/10/20","15","3","22043","20"
"Iberia","3","285","Louisiana","5/10/20","267","18","22045","6.74"
"Iberville","3","499","Louisiana","5/10/20","476","23","22047","4.83"
"Jackson","3","64","Louisiana","5/10/20","42","22","22049","52.38"
"Jefferson","46","6709","Louisiana","5/10/20","6388","321","22051","5.03"
"Jefferson Davis","0","67","Louisiana","5/10/20","64","3","22053","4.69"
"Lafayette","5","501","Louisiana","5/10/20","466","35","22055","7.51"
"Lafourche","6","711","Louisiana","5/10/20","669","42","22057","6.28"
"LaSalle","1","33","Louisiana","5/10/20","26","7","22059","26.92"
"Lincoln","2","106","Louisiana","5/10/20","90","16","22061","17.78"
"Livingston","6","278","Louisiana","5/10/20","238","40","22063","16.81"
"Madison","1","12","Louisiana","5/10/20","8","4","22065","50"
"Morehouse","1","62","Louisiana","5/10/20","55","7","22067","12.73"
"Natchitoches","2","100","Louisiana","5/10/20","87","13","22069","14.94"
"Orleans","21","6682","Louisiana","5/10/20","6538","144","22071","2.2"
"Ouachita","10","842","Louisiana","5/10/20","770","72","22073","9.35"
"Plaquemines","1","190","Louisiana","5/10/20","180","10","22075","5.56"
"Pointe Coupee","3","126","Louisiana","5/10/20","103","23","22077","22.33"
"Rapides","12","362","Louisiana","5/10/20","281","81","22079","28.83"
"Red River","1","36","Louisiana","5/10/20","32","4","22081","12.5"
"Richland","4","100","Louisiana","5/10/20","74","26","22083","35.14"
"Sabine","0","17","Louisiana","5/10/20","17","0","22085","0"
"St. Bernard","5","513","Louisiana","5/10/20","475","38","22087","8"
"St. Charles","2","594","Louisiana","5/10/20","582","12","22089","2.06"
"St. Helena","1","35","Louisiana","5/10/20","30","5","22091","16.67"
"St. James","1","257","Louisiana","5/10/20","250","7","22093","2.8"
"St. John the Baptist","4","801","Louisiana","5/10/20","772","29","22095","3.76"
"St. Landry","4","215","Louisiana","5/10/20","186","29","22097","15.59"
"St. Martin","2","257","Louisiana","5/10/20","244","13","22099","5.33"
"St. Mary","6","245","Louisiana","5/10/20","205","40","22101","19.51"
"St. Tammany","18","1452","Louisiana","5/10/20","1325","127","22103","9.58"
"Tangipahoa","10","654","Louisiana","5/10/20","584","70","22105","11.99"
"Tensas","1","6","Louisiana","5/10/20","2","4","22107","200"
"Terrebonne","9","523","Louisiana","5/10/20","459","64","22109","13.94"
"Union","4","165","Louisiana","5/10/20","135","30","22111","22.22"
"Vermilion","0","41","Louisiana","5/10/20","38","3","22113","7.89"
"Vernon","0","18","Louisiana","5/10/20","16","2","22115","12.5"
"Washington","7","337","Louisiana","5/10/20","285","52","22117","18.25"
"Webster","1","98","Louisiana","5/10/20","92","6","22119","6.52"
"West Baton Rouge","2","123","Louisiana","5/10/20","110","13","22121","11.82"
"West Carroll","0","4","Louisiana","5/10/20","4","0","22123","0"
"West Feliciana","5","184","Louisiana","5/10/20","149","35","22125","23.49"
"Winn","1","52","Louisiana","5/10/20","42","10","22127","23.81"
"Androscoggin","4","84","Maine","5/10/20","56","28","23001","50"
"Aroostook","0","6","Maine","5/10/20","5","1","23003","20"
"Cumberland","22","702","Maine","5/10/20","549","153","23005","27.87"
"Franklin","0","31","Maine","5/10/20","29","2","23007","6.9"
"Hancock","0","10","Maine","5/10/20","10","0","23009","0"
"Kennebec","1","109","Maine","5/10/20","105","4","23011","3.81"
"Knox","0","18","Maine","5/10/20","16","2","23013","12.5"
"Lincoln","0","15","Maine","5/10/20","13","2","23015","15.38"
"Oxford","0","17","Maine","5/10/20","15","2","23017","13.33"
"Penobscot","1","90","Maine","5/10/20","84","6","23019","7.14"
"Piscataquis","0","1","Maine","5/10/20","1","0","23021","0"
"Sagadahoc","0","21","Maine","5/10/20","19","2","23023","10.53"
"Somerset","0","17","Maine","5/10/20","17","0","23025","0"
"Waldo","0","49","Maine","5/10/20","49","0","23027","0"
"Washington","0","2","Maine","5/10/20","2","0","23029","0"
"York","7","261","Maine","5/10/20","215","46","23031","21.4"
"Allegany","3","146","Maryland","5/10/20","124","22","24001","17.74"
"Anne Arundel","72","2463","Maryland","5/10/20","1959","504","24003","25.73"
"Baltimore","80","3862","Maryland","5/10/20","3301","561","24005","16.99"
"Baltimore City","143","3317","Maryland","5/10/20","2319","998","24510","43.04"
"Calvert","6","206","Maryland","5/10/20","162","44","24009","27.16"
"Caroline","5","133","Maryland","5/10/20","95","38","24011","40"
"Carroll","9","560","Maryland","5/10/20","494","66","24013","13.36"
"Cecil","8","242","Maryland","5/10/20","188","54","24015","28.72"
"Charles","16","748","Maryland","5/10/20","637","111","24017","17.43"
"Dorchester","3","95","Maryland","5/10/20","71","24","24019","33.8"
"Frederick","35","1251","Maryland","5/10/20","1004","247","24021","24.6"
"Garrett","0","6","Maryland","5/10/20","4","2","24023","50"
"Harford","18","605","Maryland","5/10/20","479","126","24025","26.3"
"Howard","34","1205","Maryland","5/10/20","969","236","24027","24.36"
"Kent","3","113","Maryland","5/10/20","91","22","24029","24.18"
"Montgomery","230","6762","Maryland","5/10/20","5150","1612","24031","31.3"
"Prince George's","309","9496","Maryland","5/10/20","7333","2163","24033","29.5"
"Queen Anne's","3","80","Maryland","5/10/20","60","20","24035","33.33"
"Somerset","1","43","Maryland","5/10/20","33","10","24039","30.3"
"St. Mary's","11","241","Maryland","5/10/20","165","76","24037","46.06"
"Talbot","2","60","Maryland","5/10/20","44","16","24041","36.36"
"Washington","6","276","Maryland","5/10/20","232","44","24043","18.97"
"Wicomico","14","571","Maryland","5/10/20","473","98","24045","20.72"
"Worcester","4","106","Maryland","5/10/20","75","31","24047","41.33"
"Barnstable","21","1129","Massachusetts","5/10/20","981","148","25001","15.09"
"Berkshire","4","486","Massachusetts","5/10/20","458","28","25003","6.11"
"Bristol","134","5023","Massachusetts","5/10/20","4083","940","25005","23.02"
"Dukes and Nantucket","1","40","Massachusetts","5/10/20","34","6","00000","17.65"
"Essex","267","11576","Massachusetts","5/10/20","9705","1871","25009","19.28"
"Franklin","4","301","Massachusetts","5/10/20","275","26","25011","9.45"
"Hampden","96","4793","Massachusetts","5/10/20","4121","672","25013","16.31"
"Hampshire","18","696","Massachusetts","5/10/20","573","123","25015","21.47"
"Middlesex","340","17996","Massachusetts","5/10/20","15614","2382","25017","15.26"
"Norfolk","111","7246","Massachusetts","5/10/20","6472","774","25021","11.96"
"Plymouth","134","6582","Massachusetts","5/10/20","5643","939","25023","16.64"
"Suffolk","233","15591","Massachusetts","5/10/20","13963","1628","25025","11.66"
"Worcester","214","7880","Massachusetts","5/10/20","6382","1498","25027","23.47"
"Alcona","0","7","Michigan","5/10/20","7","0","26001","0"
"Allegan","6","179","Michigan","5/10/20","138","41","26005","29.71"
"Alpena","1","94","Michigan","5/10/20","90","4","26007","4.44"
"Antrim","0","11","Michigan","5/10/20","11","0","26009","0"
"Arenac","0","31","Michigan","5/10/20","32","-1","26011","-3.12"
"Baraga","0","1","Michigan","5/10/20","1","0","26013","0"
"Barry","2","61","Michigan","5/10/20","50","11","26015","22"
"Bay","5","223","Michigan","5/10/20","185","38","26017","20.54"
"Benzie","0","4","Michigan","5/10/20","4","0","26019","0"
"Berrien","15","508","Michigan","5/10/20","406","102","26021","25.12"
"Branch","2","84","Michigan","5/10/20","73","11","26023","15.07"
"Calhoun","4","291","Michigan","5/10/20","266","25","26025","9.4"
"Cass","2","52","Michigan","5/10/20","41","11","26027","26.83"
"Charlevoix","0","14","Michigan","5/10/20","14","0","26029","0"
"Cheboygan","0","24","Michigan","5/10/20","24","0","26031","0"
"Chippewa","0","3","Michigan","5/10/20","3","0","26033","0"
"Clare","0","12","Michigan","5/10/20","11","1","26035","9.09"
"Clinton","2","142","Michigan","5/10/20","129","13","26037","10.08"
"Crawford","0","61","Michigan","5/10/20","60","1","26039","1.67"
"Delta","0","15","Michigan","5/10/20","14","1","26041","7.14"
"Dickinson","0","5","Michigan","5/10/20","4","1","26043","25"
"Eaton","3","175","Michigan","5/10/20","154","21","26045","13.64"
"Emmet","0","25","Michigan","5/10/20","25","0","26047","0"
"Federal Correctional Institution (FCI)","2","110","Michigan","5/10/20","95","15","00000","15.79"
"Genesee","29","1971","Michigan","5/10/20","1767","204","26049","11.54"
"Gladwin","0","17","Michigan","5/10/20","14","3","26051","21.43"
"Gogebic","0","4","Michigan","5/10/20","4","0","26053","0"
"Grand Traverse","0","21","Michigan","5/10/20","20","1","26055","5"
"Gratiot","1","35","Michigan","5/10/20","28","7","26057","25"
"Hillsdale","3","154","Michigan","5/10/20","133","21","26059","15.79"
"Houghton","0","2","Michigan","5/10/20","2","0","26061","0"
"Huron","2","42","Michigan","5/10/20","29","13","26063","44.83"
"Ingham","12","607","Michigan","5/10/20","526","81","26065","15.4"
"Ionia","3","118","Michigan","5/10/20","98","20","26067","20.41"
"Iosco","1","67","Michigan","5/10/20","63","4","26069","6.35"
"Isabella","0","77","Michigan","5/10/20","76","1","26073","1.32"
"Jackson","5","414","Michigan","5/10/20","382","32","26075","8.38"
"Kalamazoo","21","641","Michigan","5/10/20","492","149","26077","30.28"
"Kalkaska","0","29","Michigan","5/10/20","28","1","26079","3.57"
"Kent","74","2448","Michigan","5/10/20","1929","519","26081","26.91"
"Lake","0","3","Michigan","5/10/20","3","0","26085","0"
"Lapeer","1","186","Michigan","5/10/20","181","5","26087","2.76"
"Leelanau","0","9","Michigan","5/10/20","9","0","26089","0"
"Lenawee","3","157","Michigan","5/10/20","133","24","26091","18.05"
"Livingston","4","448","Michigan","5/10/20","420","28","26093","6.67"
"Luce","0","1","Michigan","5/10/20","1","0","26095","0"
"Mackinac","0","6","Michigan","5/10/20","6","0","26097","0"
"Macomb","44","6118","Michigan","5/10/20","5807","311","26099","5.36"
"Manistee","0","12","Michigan","5/10/20","12","0","26101","0"
"Marquette","0","51","Michigan","5/10/20","50","1","26103","2"
"Mason","1","24","Michigan","5/10/20","15","9","26105","60"
"Mecosta","0","19","Michigan","5/10/20","17","2","26107","11.76"
"Menominee","0","6","Michigan","5/10/20","5","1","26109","20"
"Michigan Department of Corrections (MDOC)","42","2139","Michigan","5/10/20","1844","295","00000","16"
"Midland","1","98","Michigan","5/10/20","91","7","26111","7.69"
"Missaukee","0","22","Michigan","5/10/20","22","0","26113","0"
"Monroe","12","417","Michigan","5/10/20","333","84","26115","25.23"
"Montcalm","0","49","Michigan","5/10/20","46","3","26117","6.52"
"Montmorency","0","5","Michigan","5/10/20","5","0","26119","0"
"Muskegon","9","367","Michigan","5/10/20","305","62","26121","20.33"
"Newaygo","1","37","Michigan","5/10/20","28","9","26123","32.14"
"Oakland","70","8787","Michigan","5/10/20","8295","492","26125","5.93"
"Oceana","2","36","Michigan","5/10/20","20","16","26127","80"
"Ogemaw","0","20","Michigan","5/10/20","18","2","26129","11.11"
"Osceola","0","11","Michigan","5/10/20","10","1","26133","10"
"Oscoda","0","7","Michigan","5/10/20","6","1","26135","16.67"
"Otsego","1","115","Michigan","5/10/20","110","5","26137","4.55"
"Ottawa","17","476","Michigan","5/10/20","359","117","26139","32.59"
"Out of MI","1","22","Michigan","5/10/20","18","4","80026","22.22"
"Presque Isle","0","11","Michigan","5/10/20","11","0","26141","0"
"Roscommon","0","22","Michigan","5/10/20","19","3","26143","15.79"
"Saginaw","10","804","Michigan","5/10/20","731","73","26145","9.99"
"Sanilac","0","38","Michigan","5/10/20","38","0","26151","0"
"Schoolcraft","0","4","Michigan","5/10/20","3","1","26153","33.33"
"Shiawassee","3","220","Michigan","5/10/20","198","22","26155","11.11"
"St. Clair","4","410","Michigan","5/10/20","379","31","26147","8.18"
"St. Joseph","4","67","Michigan","5/10/20","37","30","26149","81.08"
"Tuscola","3","136","Michigan","5/10/20","115","21","26157","18.26"
"Van Buren","4","105","Michigan","5/10/20","77","28","26159","36.36"
"Washtenaw","11","1306","Michigan","5/10/20","1228","78","26161","6.35"
"Wayne","130","18506","Michigan","5/10/20","17593","913","26163","5.19"
"Wexford","0","13","Michigan","5/10/20","11","2","26165","18.18"
"Aitkin","0","2","Minnesota","5/10/20","1","1","27001","100"
"Anoka","38","549","Minnesota","5/10/20","281","268","27003","95.37"
"Becker","2","25","Minnesota","5/10/20","10","15","27005","150"
"Beltrami","0","6","Minnesota","5/10/20","6","0","27007","0"
"Benton","9","92","Minnesota","5/10/20","32","60","27009","187.5"
"Big Stone","0","2","Minnesota","5/10/20","2","0","27011","0"
"Blue Earth","3","65","Minnesota","5/10/20","46","19","27013","41.3"
"Brown","0","9","Minnesota","5/10/20","8","1","27015","12.5"
"Carlton","1","64","Minnesota","5/10/20","60","4","27017","6.67"
"Carver","8","82","Minnesota","5/10/20","26","56","27019","215.38"
"Cass","0","8","Minnesota","5/10/20","7","1","27021","14.29"
"Chippewa","0","6","Minnesota","5/10/20","3","3","27023","100"
"Chisago","1","20","Minnesota","5/10/20","13","7","27025","53.85"
"Clay","8","235","Minnesota","5/10/20","176","59","27027","33.52"
"Clearwater","0","2","Minnesota","5/10/20","2","0","27029","0"
"Cottonwood","3","46","Minnesota","5/10/20","28","18","27033","64.29"
"Crow Wing","0","23","Minnesota","5/10/20","21","2","27035","9.52"
"Dakota","33","430","Minnesota","5/10/20","202","228","27037","112.87"
"Dodge","1","26","Minnesota","5/10/20","22","4","27039","18.18"
"Douglas","2","16","Minnesota","5/10/20","3","13","27041","433.33"
"Faribault","1","12","Minnesota","5/10/20","6","6","27043","100"
"Fillmore","0","13","Minnesota","5/10/20","13","0","27045","0"
"Freeborn","1","44","Minnesota","5/10/20","35","9","27047","25.71"
"Goodhue","1","25","Minnesota","5/10/20","21","4","27049","19.05"
"Grant","0","2","Minnesota","5/10/20","1","1","27051","100"
"Hennepin","201","3558","Minnesota","5/10/20","2151","1407","27053","65.41"
"Houston","0","2","Minnesota","5/10/20","1","1","27055","100"
"Isanti","0","7","Minnesota","5/10/20","6","1","27059","16.67"
"Itasca","2","28","Minnesota","5/10/20","11","17","27061","154.55"
"Jackson","2","32","Minnesota","5/10/20","18","14","27063","77.78"
"Kanabec","1","9","Minnesota","5/10/20","1","8","27065","800"
"Kandiyohi","17","284","Minnesota","5/10/20","167","117","27067","70.06"
"Kittson","0","1","Minnesota","5/10/20","1","0","27069","0"
"Koochiching","0","1","Minnesota","5/10/20","1","0","27071","0"
"Lac qui Parle","0","2","Minnesota","5/10/20","1","1","27073","100"
"Lake","0","1","Minnesota","5/10/20","0","1","27075","1"
"Le Sueur","0","29","Minnesota","5/10/20","26","3","27079","11.54"
"Lincoln","0","3","Minnesota","5/10/20","3","0","27081","0"
"Lyon","1","17","Minnesota","5/10/20","9","8","27083","88.89"
"Mahnomen","0","3","Minnesota","5/10/20","2","1","27087","50"
"Marshall","0","8","Minnesota","5/10/20","5","3","27089","60"
"Martin","0","112","Minnesota","5/10/20","109","3","27091","2.75"
"McLeod","1","12","Minnesota","5/10/20","4","8","27085","200"
"Meeker","1","21","Minnesota","5/10/20","15","6","27093","40"
"Mille Lacs","1","7","Minnesota","5/10/20","2","5","27095","250"
"Morrison","1","14","Minnesota","5/10/20","6","8","27097","133.33"
"Mower","2","45","Minnesota","5/10/20","28","17","27099","60.71"
"Murray","2","29","Minnesota","5/10/20","17","12","27101","70.59"
"Nicollet","1","21","Minnesota","5/10/20","15","6","27103","40"
"Nobles","45","1255","Minnesota","5/10/20","940","315","27105","33.51"
"Norman","0","10","Minnesota","5/10/20","8","2","27107","25"
"Olmsted","11","368","Minnesota","5/10/20","293","75","27109","25.6"
"Otter Tail","1","23","Minnesota","5/10/20","17","6","27111","35.29"
"Pennington","0","1","Minnesota","5/10/20","1","0","27113","0"
"Pine","2","73","Minnesota","5/10/20","58","15","27115","25.86"
"Pipestone","1","7","Minnesota","5/10/20","3","4","27117","133.33"
"Polk","2","52","Minnesota","5/10/20","41","11","27119","26.83"
"Pope","1","5","Minnesota","5/10/20","0","5","27121","1"
"Ramsey","61","920","Minnesota","5/10/20","493","427","27123","86.61"
"Red Lake","0","2","Minnesota","5/10/20","1","1","27125","100"
"Redwood","0","3","Minnesota","5/10/20","3","0","27127","0"
"Renville","0","6","Minnesota","5/10/20","5","1","27129","20"
"Rice","13","114","Minnesota","5/10/20","20","94","27131","470"
"Rock","0","19","Minnesota","5/10/20","16","3","27133","18.75"
"Roseau","0","1","Minnesota","5/10/20","1","0","27135","0"
"Scott","12","140","Minnesota","5/10/20","58","82","27139","141.38"
"Sherburne","8","109","Minnesota","5/10/20","54","55","27141","101.85"
"Sibley","0","4","Minnesota","5/10/20","2","2","27143","100"
"St. Louis","2","92","Minnesota","5/10/20","75","17","27137","22.67"
"Stearns","117","1405","Minnesota","5/10/20","589","816","27145","138.54"
"Steele","6","60","Minnesota","5/10/20","21","39","27147","185.71"
"Stevens","0","1","Minnesota","5/10/20","0","1","27149","1"
"Swift","0","5","Minnesota","5/10/20","2","3","27151","150"
"Todd","4","36","Minnesota","5/10/20","8","28","27153","350"
"Traverse","0","3","Minnesota","5/10/20","2","1","27155","50"
"Wabasha","0","13","Minnesota","5/10/20","10","3","27157","30"
"Wadena","0","4","Minnesota","5/10/20","1","3","27159","300"
"Waseca","1","16","Minnesota","5/10/20","6","10","27161","166.67"
"Washington","14","247","Minnesota","5/10/20","146","101","27163","69.18"
"Watonwan","1","22","Minnesota","5/10/20","14","8","27165","57.14"
"Wilkin","0","11","Minnesota","5/10/20","11","0","27167","0"
"Winona","1","71","Minnesota","5/10/20","67","4","27169","5.97"
"Wright","7","102","Minnesota","5/10/20","50","52","27171","104"
"Yellow Medicine","0","3","Minnesota","5/10/20","3","0","27173","0"
"Adams","2","159","Mississippi","5/10/20","148","11","28001","7.43"
"Alcorn","0","10","Mississippi","5/10/20","10","0","28003","0"
"Amite","1","38","Mississippi","5/10/20","28","10","28005","35.71"
"Attala","10","190","Mississippi","5/10/20","117","73","28007","62.39"
"Benton","0","13","Mississippi","5/10/20","12","1","28009","8.33"
"Bolivar","2","118","Mississippi","5/10/20","107","11","28011","10.28"
"Calhoun","0","57","Mississippi","5/10/20","55","2","28013","3.64"
"Carroll","6","103","Mississippi","5/10/20","62","41","28015","66.13"
"Chickasaw","2","92","Mississippi","5/10/20","76","16","28017","21.05"
"Choctaw","0","16","Mississippi","5/10/20","13","3","28019","23.08"
"Claiborne","2","41","Mississippi","5/10/20","28","13","28021","46.43"
"Clarke","3","81","Mississippi","5/10/20","61","20","28023","32.79"
"Clay","3","66","Mississippi","5/10/20","48","18","28025","37.5"
"Coahoma","0","71","Mississippi","5/10/20","69","2","28027","2.9"
"Copiah","7","162","Mississippi","5/10/20","116","46","28029","39.66"
"Covington","3","90","Mississippi","5/10/20","66","24","28031","36.36"
"DeSoto","5","331","Mississippi","5/10/20","298","33","28033","11.07"
"Forrest","12","314","Mississippi","5/10/20","232","82","28035","35.34"
"Franklin","0","19","Mississippi","5/10/20","17","2","28037","11.76"
"George","0","15","Mississippi","5/10/20","14","1","28039","7.14"
"Greene","0","6","Mississippi","5/10/20","5","1","28041","20"
"Grenada","2","51","Mississippi","5/10/20","34","17","28043","50"
"Hancock","1","74","Mississippi","5/10/20","68","6","28045","8.82"
"Harrison","2","198","Mississippi","5/10/20","181","17","28047","9.39"
"Hinds","23","670","Mississippi","5/10/20","507","163","28049","32.15"
"Holmes","7","213","Mississippi","5/10/20","161","52","28051","32.3"
"Humphreys","1","30","Mississippi","5/10/20","24","6","28053","25"
"Itawamba","1","68","Mississippi","5/10/20","63","5","28057","7.94"
"Jackson","1","275","Mississippi","5/10/20","267","8","28059","3"
"Jasper","4","86","Mississippi","5/10/20","55","31","28061","56.36"
"Jefferson","1","30","Mississippi","5/10/20","22","8","28063","36.36"
"Jefferson Davis","2","53","Mississippi","5/10/20","40","13","28065","32.5"
"Jones","11","247","Mississippi","5/10/20","172","75","28067","43.6"
"Kemper","2","92","Mississippi","5/10/20","76","16","28069","21.05"
"Lafayette","1","98","Mississippi","5/10/20","91","7","28071","7.69"
"Lamar","5","152","Mississippi","5/10/20","117","35","28073","29.91"
"Lauderdale","15","482","Mississippi","5/10/20","380","102","28075","26.84"
"Lawrence","2","66","Mississippi","5/10/20","50","16","28077","32"
"Leake","9","299","Mississippi","5/10/20","233","66","28079","28.33"
"Lee","1","77","Mississippi","5/10/20","71","6","28081","8.45"
"Leflore","2","185","Mississippi","5/10/20","168","17","28083","10.12"
"Lincoln","5","186","Mississippi","5/10/20","151","35","28085","23.18"
"Lowndes","3","83","Mississippi","5/10/20","60","23","28087","38.33"
"Madison","23","431","Mississippi","5/10/20","272","159","28089","58.46"
"Marion","1","81","Mississippi","5/10/20","75","6","28091","8"
"Marshall","1","55","Mississippi","5/10/20","47","8","28093","17.02"
"Monroe","3","199","Mississippi","5/10/20","175","24","28095","13.71"
"Montgomery","5","69","Mississippi","5/10/20","32","37","28097","115.62"
"Neshoba","14","315","Mississippi","5/10/20","214","101","28099","47.2"
"Newton","6","138","Mississippi","5/10/20","93","45","28101","48.39"
"Noxubee","3","102","Mississippi","5/10/20","79","23","28103","29.11"
"Oktibbeha","5","89","Mississippi","5/10/20","52","37","28105","71.15"
"Panola","0","43","Mississippi","5/10/20","40","3","28107","7.5"
"Pearl River","2","189","Mississippi","5/10/20","177","12","28109","6.78"
"Perry","1","34","Mississippi","5/10/20","29","5","28111","17.24"
"Pike","2","168","Mississippi","5/10/20","155","13","28113","8.39"
"Pontotoc","0","24","Mississippi","5/10/20","22","2","28115","9.09"
"Prentiss","1","36","Mississippi","5/10/20","32","4","28117","12.5"
"Quitman","0","17","Mississippi","5/10/20","15","2","28119","13.33"
"Rankin","7","250","Mississippi","5/10/20","200","50","28121","25"
"Scott","14","457","Mississippi","5/10/20","358","99","28123","27.65"
"Sharkey","0","5","Mississippi","5/10/20","5","0","28125","0"
"Simpson","2","61","Mississippi","5/10/20","48","13","28127","27.08"
"Smith","3","100","Mississippi","5/10/20","79","21","28129","26.58"
"Stone","0","24","Mississippi","5/10/20","22","2","28131","9.09"
"Sunflower","1","63","Mississippi","5/10/20","56","7","28133","12.5"
"Tallahatchie","0","12","Mississippi","5/10/20","12","0","28135","0"
"Tate","1","50","Mississippi","5/10/20","43","7","28137","16.28"
"Tippah","1","65","Mississippi","5/10/20","57","8","28139","14.04"
"Tishomingo","0","10","Mississippi","5/10/20","8","2","28141","25"
"Tunica","0","38","Mississippi","5/10/20","36","2","28143","5.56"
"Union","3","47","Mississippi","5/10/20","27","20","28145","74.07"
"Walthall","1","39","Mississippi","5/10/20","33","6","28147","18.18"
"Warren","5","117","Mississippi","5/10/20","81","36","28149","44.44"
"Washington","1","82","Mississippi","5/10/20","77","5","28151","6.49"
"Wayne","0","27","Mississippi","5/10/20","24","3","28153","12.5"
"Webster","0","22","Mississippi","5/10/20","19","3","28155","15.79"
"Wilkinson","1","77","Mississippi","5/10/20","69","8","28157","11.59"
"Winston","2","63","Mississippi","5/10/20","47","16","28159","34.04"
"Yalobusha","2","31","Mississippi","5/10/20","20","11","28161","55"
"Yazoo","2","164","Mississippi","5/10/20","147","17","28163","11.56"
"Adair","0","12","Missouri","5/10/20","12","0","29001","0"
"Andrew","0","8","Missouri","5/10/20","5","3","29003","60"
"Atchison","0","2","Missouri","5/10/20","2","0","29005","0"
"Audrain","0","2","Missouri","5/10/20","1","1","29007","100"
"Barry","0","6","Missouri","5/10/20","6","0","29009","0"
"Bates","0","6","Missouri","5/10/20","6","0","29013","0"
"Benton","0","8","Missouri","5/10/20","8","0","29015","0"
"Bollinger","0","4","Missouri","5/10/20","4","0","29017","0"
"Boone","0","100","Missouri","5/10/20","102","-2","29019","-1.96"
"Buchanan","30","442","Missouri","5/10/20","229","213","29021","93.01"
"Butler","0","27","Missouri","5/10/20","26","1","29023","3.85"
"Caldwell","0","3","Missouri","5/10/20","3","0","29025","0"
"Callaway","0","23","Missouri","5/10/20","23","0","29027","0"
"Camden","0","36","Missouri","5/10/20","35","1","29029","2.86"
"Cape Girardeau","0","51","Missouri","5/10/20","49","2","29031","4.08"
"Carroll","0","3","Missouri","5/10/20","3","0","29033","0"
"Carter","0","3","Missouri","5/10/20","3","0","29035","0"
"Cass","1","69","Missouri","5/10/20","63","6","29037","9.52"
"Cedar","1","9","Missouri","5/10/20","5","4","29039","80"
"Chariton","0","5","Missouri","5/10/20","5","0","29041","0"
"Christian","0","20","Missouri","5/10/20","19","1","29043","5.26"
"Clark","0","1","Missouri","5/10/20","1","0","29045","0"
"Clay","3","96","Missouri","5/10/20","76","20","29047","26.32"
"Clinton","0","14","Missouri","5/10/20","11","3","29049","27.27"
"Cole","0","56","Missouri","5/10/20","54","2","29051","3.7"
"Cooper","0","9","Missouri","5/10/20","9","0","29053","0"
"Crawford","0","8","Missouri","5/10/20","8","0","29055","0"
"Dallas","0","2","Missouri","5/10/20","2","0","29059","0"
"Daviess","0","3","Missouri","5/10/20","3","0","29061","0"
"DeKalb","0","4","Missouri","5/10/20","3","1","29063","33.33"
"Dunklin","0","24","Missouri","5/10/20","23","1","29069","4.35"
"Franklin","1","129","Missouri","5/10/20","122","7","29071","5.74"
"Gasconade","0","2","Missouri","5/10/20","3","-1","29073","-33.33"
"Gentry","0","1","Missouri","5/10/20","1","0","29075","0"
"Greene","1","103","Missouri","5/10/20","97","6","29077","6.19"
"Harrison","0","6","Missouri","5/10/20","6","0","29081","0"
"Henry","0","9","Missouri","5/10/20","7","2","29083","28.57"
"Holt","0","1","Missouri","5/10/20","1","0","29087","0"
"Howard","0","3","Missouri","5/10/20","2","1","29089","50"
"Howell","0","5","Missouri","5/10/20","5","0","29091","0"
"Iron","0","2","Missouri","5/10/20","2","0","29093","0"
"Jackson","8","398","Missouri","5/10/20","342","56","29095","16.37"
"Jasper","0","28","Missouri","5/10/20","25","3","29097","12"
"Jefferson","3","309","Missouri","5/10/20","285","24","29099","8.42"
"Johnson","1","63","Missouri","5/10/20","59","4","29101","6.78"
"Kansas City","23","767","Missouri","5/10/20","609","158","00000","25.94"
"Laclede","0","2","Missouri","5/10/20","0","2","29105","1"
"Lafayette","3","62","Missouri","5/10/20","42","20","29107","47.62"
"Lawrence","1","7","Missouri","5/10/20","0","7","29109","1"
"Lewis","0","6","Missouri","5/10/20","6","0","29111","0"
"Lincoln","1","77","Missouri","5/10/20","70","7","29113","10"
"Linn","0","5","Missouri","5/10/20","5","0","29115","0"
"Livingston","0","3","Missouri","5/10/20","2","1","29117","50"
"Macon","0","2","Missouri","5/10/20","2","0","29121","0"
"Madison","0","3","Missouri","5/10/20","1","2","29123","200"
"Maries","0","2","Missouri","5/10/20","2","0","29125","0"
"Marion","0","5","Missouri","5/10/20","5","0","29127","0"
"McDonald","0","4","Missouri","5/10/20","4","0","29119","0"
"Miller","0","3","Missouri","5/10/20","2","1","29131","50"
"Mississippi","3","49","Missouri","5/10/20","29","20","29133","68.97"
"Moniteau","-1","44","Missouri","5/10/20","52","-8","29135","-15.38"
"Montgomery","0","7","Missouri","5/10/20","7","0","29139","0"
"Morgan","0","7","Missouri","5/10/20","5","2","29141","40"
"New Madrid","0","12","Missouri","5/10/20","10","2","29143","20"
"Newton","0","11","Missouri","5/10/20","10","1","29145","10"
"Nodaway","0","5","Missouri","5/10/20","4","1","29147","25"
"Oregon","0","2","Missouri","5/10/20","2","0","29149","0"
"Osage","0","5","Missouri","5/10/20","5","0","29151","0"
"Pemiscot","4","63","Missouri","5/10/20","32","31","29155","96.88"
"Perry","0","45","Missouri","5/10/20","43","2","29157","4.65"
"Pettis","3","64","Missouri","5/10/20","43","21","29159","48.84"
"Phelps","0","2","Missouri","5/10/20","2","0","29161","0"
"Pike","0","13","Missouri","5/10/20","11","2","29163","18.18"
"Platte","1","41","Missouri","5/10/20","34","7","29165","20.59"
"Polk","0","1","Missouri","5/10/20","1","0","29167","0"
"Pulaski","0","36","Missouri","5/10/20","36","0","29169","0"
"Ralls","0","1","Missouri","5/10/20","1","0","29173","0"
"Randolph","0","8","Missouri","5/10/20","8","0","29175","0"
"Ray","0","12","Missouri","5/10/20","12","0","29177","0"
"Reynolds","0","2","Missouri","5/10/20","2","0","29179","0"
"Ripley","0","5","Missouri","5/10/20","5","0","29181","0"
"Saline","3","219","Missouri","5/10/20","199","20","29195","10.05"
"Scotland","0","4","Missouri","5/10/20","4","0","29199","0"
"Scott","1","80","Missouri","5/10/20","76","4","29201","5.26"
"Shelby","0","1","Missouri","5/10/20","1","0","29205","0"
"St. Charles","8","665","Missouri","5/10/20","608","57","29183","9.38"
"St. Clair","0","2","Missouri","5/10/20","2","0","29185","0"
"St. Francois","1","33","Missouri","5/10/20","28","5","29187","17.86"
"St. Louis","63","3969","Missouri","5/10/20","3527","442","29189","12.53"
"St. Louis City","30","1513","Missouri","5/10/20","1304","209","29510","16.03"
"Ste. Genevieve","0","8","Missouri","5/10/20","8","0","29186","0"
"Stoddard","1","29","Missouri","5/10/20","20","9","29207","45"
"Stone","0","3","Missouri","5/10/20","3","0","29209","0"
"Sullivan","0","1","Missouri","5/10/20","0","1","29211","1"
"Taney","0","12","Missouri","5/10/20","12","0","29213","0"
"Vernon","0","4","Missouri","5/10/20","4","0","29217","0"
"Warren","1","28","Missouri","5/10/20","22","6","29219","27.27"
"Washington","0","9","Missouri","5/10/20","8","1","29221","12.5"
"Webster","0","16","Missouri","5/10/20","15","1","29225","6.67"
"Worth","0","1","Missouri","5/10/20","1","0","29227","0"
"Wright","0","10","Missouri","5/10/20","10","0","29229","0"
"Beaverhead","0","1","Montana","5/10/20","1","0","30001","0"
"Big Horn","0","3","Montana","5/10/20","3","0","30003","0"
"Broadwater","0","4","Montana","5/10/20","4","0","30007","0"
"Carbon","0","6","Montana","5/10/20","6","0","30009","0"
"Cascade","0","16","Montana","5/10/20","15","1","30013","6.67"
"Deer Lodge","0","3","Montana","5/10/20","3","0","30023","0"
"Fergus","0","0","Montana","5/10/20","1","-1","30027","-100"
"Flathead","0","37","Montana","5/10/20","37","0","30029","0"
"Gallatin","0","149","Montana","5/10/20","146","3","30031","2.05"
"Glacier","0","6","Montana","5/10/20","6","0","30035","0"
"Golden Valley","0","3","Montana","5/10/20","3","0","30037","0"
"Hill","0","1","Montana","5/10/20","1","0","30041","0"
"Jefferson","0","2","Montana","5/10/20","2","0","30043","0"
"Lake","0","5","Montana","5/10/20","5","0","30047","0"
"Lewis and Clark","0","16","Montana","5/10/20","16","0","30049","0"
"Liberty","0","1","Montana","5/10/20","1","0","30051","0"
"Lincoln","0","7","Montana","5/10/20","7","0","30053","0"
"Madison","0","8","Montana","5/10/20","8","0","30057","0"
"Meagher","0","1","Montana","5/10/20","1","0","30059","0"
"Missoula","0","39","Montana","5/10/20","39","0","30063","0"
"Musselshell","0","1","Montana","5/10/20","1","0","30065","0"
"Park","0","8","Montana","5/10/20","8","0","30067","0"
"Pondera","0","2","Montana","5/10/20","2","0","30073","0"
"Ravalli","0","5","Montana","5/10/20","5","0","30081","0"
"Richland","0","3","Montana","5/10/20","3","0","30083","0"
"Roosevelt","0","7","Montana","5/10/20","7","0","30085","0"
"Silver Bow","0","11","Montana","5/10/20","11","0","30093","0"
"Stillwater","0","1","Montana","5/10/20","1","0","30095","0"
"Toole","0","29","Montana","5/10/20","29","0","30101","0"
"Wheatland","0","1","Montana","5/10/20","1","0","30107","0"
"Yellowstone","0","82","Montana","5/10/20","82","0","30111","0"
"Adams","3","223","Nebraska","5/10/20","203","20","31001","9.85"
"Antelope","0","5","Nebraska","5/10/20","3","2","31003","66.67"
"Boone","0","2","Nebraska","5/10/20","0","2","31011","1"
"Box Butte","0","1","Nebraska","5/10/20","1","0","31013","0"
"Buffalo","1","121","Nebraska","5/10/20","114","7","31019","6.14"
"Burt","0","6","Nebraska","5/10/20","5","1","31021","20"
"Butler","1","16","Nebraska","5/10/20","6","10","31023","166.67"
"Cass","1","11","Nebraska","5/10/20","6","5","31025","83.33"
"Cedar","0","6","Nebraska","5/10/20","4","2","31027","50"
"Cherry","0","1","Nebraska","5/10/20","1","0","31031","0"
"Cheyenne","0","8","Nebraska","5/10/20","7","1","31033","14.29"
"Clay","0","11","Nebraska","5/10/20","12","-1","31035","-8.33"
"Colfax","36","411","Nebraska","5/10/20","161","250","31037","155.28"
"Cuming","1","14","Nebraska","5/10/20","7","7","31039","100"
"Custer","0","27","Nebraska","5/10/20","26","1","31041","3.85"
"Dakota","53","1348","Nebraska","5/10/20","980","368","31043","37.55"
"Dawes","0","1","Nebraska","5/10/20","0","1","31045","1"
"Dawson","23","707","Nebraska","5/10/20","543","164","31047","30.2"
"Dixon","2","24","Nebraska","5/10/20","13","11","31051","84.62"
"Dodge","5","147","Nebraska","5/10/20","111","36","31053","32.43"
"Douglas","96","1551","Nebraska","5/10/20","878","673","31055","76.65"
"Fillmore","0","3","Nebraska","5/10/20","2","1","31059","50"
"Franklin","0","5","Nebraska","5/10/20","5","0","31061","0"
"Frontier","0","1","Nebraska","5/10/20","1","0","31063","0"
"Furnas","0","4","Nebraska","5/10/20","4","0","31065","0"
"Gage","0","41","Nebraska","5/10/20","38","3","31067","7.89"
"Gosper","0","12","Nebraska","5/10/20","11","1","31073","9.09"
"Greeley","0","2","Nebraska","5/10/20","2","0","31077","0"
"Hall","10","1328","Nebraska","5/10/20","1256","72","31079","5.73"
"Hamilton","0","46","Nebraska","5/10/20","45","1","31081","2.22"
"Hitchcock","0","1","Nebraska","5/10/20","1","0","31087","0"
"Holt","0","1","Nebraska","5/10/20","1","0","31089","0"
"Howard","1","21","Nebraska","5/10/20","17","4","31093","23.53"
"Jefferson","0","4","Nebraska","5/10/20","4","0","31095","0"
"Johnson","0","5","Nebraska","5/10/20","4","1","31097","25"
"Kearney","0","6","Nebraska","5/10/20","4","2","31099","50"
"Keith","0","2","Nebraska","5/10/20","1","1","31101","100"
"Kimball","0","9","Nebraska","5/10/20","9","0","31105","0"
"Knox","1","6","Nebraska","5/10/20","2","4","31107","200"
"Lancaster","38","595","Nebraska","5/10/20","330","265","31109","80.3"
"Lincoln","1","39","Nebraska","5/10/20","33","6","31111","18.18"
"Madison","15","251","Nebraska","5/10/20","149","102","31119","68.46"
"Merrick","0","21","Nebraska","5/10/20","19","2","31121","10.53"
"Morrill","1","9","Nebraska","5/10/20","1","8","31123","800"
"Nance","0","4","Nebraska","5/10/20","3","1","31125","33.33"
"Nemaha","0","1","Nebraska","5/10/20","1","0","31127","0"
"Otoe","0","2","Nebraska","5/10/20","2","0","31131","0"
"Phelps","1","10","Nebraska","5/10/20","6","4","31137","66.67"
"Pierce","0","1","Nebraska","5/10/20","1","0","31139","0"
"Platte","29","361","Nebraska","5/10/20","157","204","31141","129.94"
"Polk","0","9","Nebraska","5/10/20","9","0","31143","0"
"Red Willow","0","5","Nebraska","5/10/20","3","2","31145","66.67"
"Saline","20","349","Nebraska","5/10/20","212","137","31151","64.62"
"Sarpy","13","236","Nebraska","5/10/20","142","94","31153","66.2"
"Saunders","0","11","Nebraska","5/10/20","9","2","31155","22.22"
"Scotts Bluff","1","41","Nebraska","5/10/20","34","7","31157","20.59"
"Seward","1","17","Nebraska","5/10/20","8","9","31159","112.5"
"Sherman","0","2","Nebraska","5/10/20","2","0","31163","0"
"Stanton","0","8","Nebraska","5/10/20","5","3","31167","60"
"Thomas","0","1","Nebraska","5/10/20","0","1","31171","1"
"Thurston","1","13","Nebraska","5/10/20","6","7","31173","116.67"
"Valley","0","1","Nebraska","5/10/20","1","0","31175","0"
"Washington","0","22","Nebraska","5/10/20","22","0","31177","0"
"Wayne","0","2","Nebraska","5/10/20","1","1","31179","100"
"Webster","0","5","Nebraska","5/10/20","5","0","31181","0"
"York","1","17","Nebraska","5/10/20","12","5","31185","41.67"
"Carson City","1","55","Nevada","5/10/20","48","7","32510","14.58"
"Churchill","0","3","Nevada","5/10/20","3","0","32001","0"
"Clark","68","4750","Nevada","5/10/20","4274","476","32003","11.14"
"Douglas","0","24","Nevada","5/10/20","21","3","32005","14.29"
"Elko","0","15","Nevada","5/10/20","15","0","32007","0"
"Humboldt","3","67","Nevada","5/10/20","49","18","32013","36.73"
"Lander","1","17","Nevada","5/10/20","7","10","32015","142.86"
"Lincoln","0","1","Nevada","5/10/20","0","1","32017","1"
"Lyon","1","42","Nevada","5/10/20","34","8","32019","23.53"
"Mineral","0","4","Nevada","5/10/20","4","0","32021","0"
"Nye","1","44","Nevada","5/10/20","37","7","32023","18.92"
"Washoe","17","1095","Nevada","5/10/20","977","118","32031","12.08"
"White Pine","0","3","Nevada","5/10/20","3","0","32033","0"
"Belknap","1","46","New Hampshire","5/10/20","39","7","33001","17.95"
"Carroll","1","37","New Hampshire","5/10/20","32","5","33003","15.62"
"Cheshire","0","43","New Hampshire","5/10/20","40","3","33005","7.5"
"Coos","0","2","New Hampshire","5/10/20","2","0","33007","0"
"Grafton","0","56","New Hampshire","5/10/20","53","3","33009","5.66"
"Hillsborough","47","1438","New Hampshire","5/10/20","1109","329","33011","29.67"
"Merrimack","6","237","New Hampshire","5/10/20","195","42","33013","21.54"
"Rockingham","17","978","New Hampshire","5/10/20","862","116","33015","13.46"
"Strafford","5","192","New Hampshire","5/10/20","155","37","33017","23.87"
"Sullivan","0","14","New Hampshire","5/10/20","12","2","33019","16.67"
"Atlantic","62","1510","New Jersey","5/10/20","1075","435","34001","40.47"
"Bergen","106","16929","New Jersey","5/10/20","16185","744","34003","4.6"
"Burlington","76","3574","New Jersey","5/10/20","3043","531","34005","17.45"
"Camden","128","4870","New Jersey","5/10/20","3973","897","34007","22.58"
"Cape May","16","458","New Jersey","5/10/20","344","114","34009","33.14"
"Cumberland","58","1287","New Jersey","5/10/20","881","406","34011","46.08"
"Essex","161","15646","New Jersey","5/10/20","14521","1125","34013","7.75"
"Gloucester","39","1654","New Jersey","5/10/20","1384","270","34015","19.51"
"Hudson","249","17513","New Jersey","5/10/20","15769","1744","34017","11.06"
"Hunterdon","8","714","New Jersey","5/10/20","661","53","34019","8.02"
"Mercer","116","5317","New Jersey","5/10/20","4504","813","34021","18.05"
"Middlesex","191","13937","New Jersey","5/10/20","12597","1340","34023","10.64"
"Monmouth","86","6894","New Jersey","5/10/20","6290","604","34025","9.6"
"Morris","48","5854","New Jersey","5/10/20","5517","337","34027","6.11"
"Ocean","84","7462","New Jersey","5/10/20","6871","591","34029","8.6"
"Passaic","168","14543","New Jersey","5/10/20","13364","1179","34031","8.82"
"Salem","20","411","New Jersey","5/10/20","270","141","34033","52.22"
"Somerset","50","4054","New Jersey","5/10/20","3703","351","34035","9.48"
"Sussex","8","1026","New Jersey","5/10/20","969","57","34037","5.88"
"Union","119","14057","New Jersey","5/10/20","13225","832","34039","6.29"
"Warren","12","1044","New Jersey","5/10/20","957","87","34041","9.09"
"Bernalillo","22","1073","New Mexico","5/10/20","920","153","35001","16.63"
"Catron","0","2","New Mexico","5/10/20","1","1","35003","100"
"Chaves","1","27","New Mexico","5/10/20","23","4","35005","17.39"
"Cibola","3","86","New Mexico","5/10/20","68","18","35006","26.47"
"Colfax","0","5","New Mexico","5/10/20","5","0","35007","0"
"Curry","2","29","New Mexico","5/10/20","18","11","35009","61.11"
"Dona Ana","9","221","New Mexico","5/10/20","159","62","35013","38.99"
"Eddy","0","14","New Mexico","5/10/20","13","1","35015","7.69"
"Grant","0","15","New Mexico","5/10/20","16","-1","35017","-6.25"
"Guadalupe","0","15","New Mexico","5/10/20","15","0","35019","0"
"Harding","0","1","New Mexico","5/10/20","1","0","35021","0"
"Lea","0","15","New Mexico","5/10/20","12","3","35025","25"
"Lincoln","0","2","New Mexico","5/10/20","2","0","35027","0"
"Los Alamos","0","6","New Mexico","5/10/20","6","0","35028","0"
"Luna","0","7","New Mexico","5/10/20","7","0","35029","0"
"McKinley","54","1522","New Mexico","5/10/20","1144","378","35031","33.04"
"Otero","0","8","New Mexico","5/10/20","6","2","35035","33.33"
"Quay","0","4","New Mexico","5/10/20","4","0","35037","0"
"Rio Arriba","0","27","New Mexico","5/10/20","24","3","35039","12.5"
"Roosevelt","0","11","New Mexico","5/10/20","10","1","35041","10"
"San Juan","43","1034","New Mexico","5/10/20","736","298","35045","40.49"
"San Miguel","1","6","New Mexico","5/10/20","2","4","35047","200"
"Sandoval","6","458","New Mexico","5/10/20","416","42","35043","10.1"
"Santa Fe","1","111","New Mexico","5/10/20","107","4","35049","3.74"
"Sierra","0","1","New Mexico","5/10/20","1","0","35051","0"
"Socorro","0","48","New Mexico","5/10/20","45","3","35053","6.67"
"Taos","0","20","New Mexico","5/10/20","20","0","35055","0"
"Torrance","0","18","New Mexico","5/10/20","16","2","35057","12.5"
"Union","0","3","New Mexico","5/10/20","3","0","35059","0"
"Valencia","1","55","New Mexico","5/10/20","50","5","35061","10"
"Albany","25","1432","New York","5/10/20","1258","174","36001","13.83"
"Allegany","0","36","New York","5/10/20","35","1","36003","2.86"
"Broome","7","373","New York","5/10/20","327","46","36007","14.07"
"Cattaraugus","1","60","New York","5/10/20","53","7","36009","13.21"
"Cayuga","1","58","New York","5/10/20","51","7","36011","13.73"
"Chautauqua","1","41","New York","5/10/20","36","5","36013","13.89"
"Chemung","1","131","New York","5/10/20","125","6","36015","4.8"
"Chenango","1","109","New York","5/10/20","99","10","36017","10.1"
"Clinton","1","76","New York","5/10/20","66","10","36019","15.15"
"Columbia","15","312","New York","5/10/20","209","103","36021","49.28"
"Cortland","0","29","New York","5/10/20","28","1","36023","3.57"
"Delaware","0","64","New York","5/10/20","61","3","36025","4.92"
"Dutchess","39","3359","New York","5/10/20","3086","273","36027","8.85"
"Erie","106","4453","New York","5/10/20","3710","743","36029","20.03"
"Essex","0","32","New York","5/10/20","29","3","36031","10.34"
"Franklin","0","17","New York","5/10/20","15","2","36033","13.33"
"Fulton","4","107","New York","5/10/20","82","25","36035","30.49"
"Genesee","2","172","New York","5/10/20","155","17","36037","10.97"
"Greene","8","206","New York","5/10/20","151","55","36039","36.42"
"Hamilton","0","5","New York","5/10/20","3","2","36041","66.67"
"Herkimer","2","79","New York","5/10/20","62","17","36043","27.42"
"Jefferson","1","68","New York","5/10/20","62","6","36045","9.68"
"Lewis","0","11","New York","5/10/20","9","2","36049","22.22"
"Livingston","3","102","New York","5/10/20","83","19","36051","22.89"
"Madison","14","251","New York","5/10/20","151","100","36053","66.23"
"Monroe","36","1821","New York","5/10/20","1566","255","36055","16.28"
"Montgomery","2","67","New York","5/10/20","56","11","36057","19.64"
"Nassau","205","38217","New York","5/10/20","36780","1437","36059","3.91"
"New York","1441","184417","New York","5/10/20","174331","10086","36061","5.79"
"Niagara","24","643","New York","5/10/20","474","169","36063","35.65"
"Oneida","24","660","New York","5/10/20","489","171","36065","34.97"
"Onondaga","45","1265","New York","5/10/20","952","313","36067","32.88"
"Ontario","2","106","New York","5/10/20","95","11","36069","11.58"
"Orange","82","9543","New York","5/10/20","8967","576","36071","6.42"
"Orleans","4","126","New York","5/10/20","97","29","36073","29.9"
"Oswego","1","75","New York","5/10/20","66","9","36075","13.64"
"Otsego","0","67","New York","5/10/20","67","0","36077","0"
"Putnam","11","1089","New York","5/10/20","1013","76","36079","7.5"
"Rensselaer","12","409","New York","5/10/20","322","87","36083","27.02"
"Rockland","61","12451","New York","5/10/20","12025","426","36087","3.54"
"Saratoga","6","402","New York","5/10/20","363","39","36091","10.74"
"Schenectady","6","571","New York","5/10/20","527","44","36093","8.35"
"Schoharie","0","46","New York","5/10/20","45","1","36095","2.22"
"Schuyler","0","7","New York","5/10/20","7","0","36097","0"
"Seneca","1","49","New York","5/10/20","45","4","36099","8.89"
"St. Lawrence","1","187","New York","5/10/20","177","10","36089","5.65"
"Steuben","1","227","New York","5/10/20","218","9","36101","4.13"
"Suffolk","264","36702","New York","5/10/20","34855","1847","36103","5.3"
"Sullivan","20","1093","New York","5/10/20","951","142","36105","14.93"
"Tioga","2","105","New York","5/10/20","90","15","36107","16.67"
"Tompkins","0","132","New York","5/10/20","129","3","36109","2.33"
"Ulster","16","1450","New York","5/10/20","1341","109","36111","8.13"
"Warren","3","207","New York","5/10/20","188","19","36113","10.11"
"Washington","3","206","New York","5/10/20","186","20","36115","10.75"
"Wayne","1","80","New York","5/10/20","75","5","36117","6.67"
"Westchester","201","31294","New York","5/10/20","29884","1410","36119","4.72"
"Wyoming","1","77","New York","5/10/20","69","8","36121","11.59"
"Yates","0","21","New York","5/10/20","19","2","36123","10.53"
"Alamance","7","173","North Carolina","5/10/20","124","49","37001","39.52"
"Alexander","1","12","North Carolina","5/10/20","4","8","37003","200"
"Alleghany","0","8","North Carolina","5/10/20","6","2","37005","33.33"
"Anson","1","38","North Carolina","5/10/20","30","8","37007","26.67"
"Ashe","1","13","North Carolina","5/10/20","5","8","37009","160"
"Beaufort","0","25","North Carolina","5/10/20","22","3","37013","13.64"
"Bertie","2","61","North Carolina","5/10/20","47","14","37015","29.79"
"Bladen","4","52","North Carolina","5/10/20","27","25","37017","92.59"
"Brunswick","1","50","North Carolina","5/10/20","44","6","37019","13.64"
"Buncombe","4","100","North Carolina","5/10/20","73","27","37021","36.99"
"Burke","4","136","North Carolina","5/10/20","110","26","37023","23.64"
"Cabarrus","6","352","North Carolina","5/10/20","313","39","37025","12.46"
"Caldwell","3","60","North Carolina","5/10/20","36","24","37027","66.67"
"Camden","0","2","North Carolina","5/10/20","2","0","37029","0"
"Carteret","0","32","North Carolina","5/10/20","29","3","37031","10.34"
"Caswell","1","39","North Carolina","5/10/20","32","7","37033","21.88"
"Catawba","4","82","North Carolina","5/10/20","56","26","37035","46.43"
"Chatham","11","455","North Carolina","5/10/20","378","77","37037","20.37"
"Cherokee","1","27","North Carolina","5/10/20","19","8","37039","42.11"
"Chowan","1","11","North Carolina","5/10/20","7","4","37041","57.14"
"Clay","0","8","North Carolina","5/10/20","6","2","37043","33.33"
"Cleveland","0","50","North Carolina","5/10/20","47","3","37045","6.38"
"Columbus","5","203","North Carolina","5/10/20","166","37","37047","22.29"
"Craven","2","54","North Carolina","5/10/20","42","12","37049","28.57"
"Cumberland","11","368","North Carolina","5/10/20","289","79","37051","27.34"
"Currituck","1","9","North Carolina","5/10/20","5","4","37053","80"
"Dare","1","19","North Carolina","5/10/20","15","4","37055","26.67"
"Davidson","3","202","North Carolina","5/10/20","180","22","37057","12.22"
"Davie","1","35","North Carolina","5/10/20","31","4","37059","12.9"
"Duplin","18","242","North Carolina","5/10/20","115","127","37061","110.43"
"Durham","17","886","North Carolina","5/10/20","767","119","37063","15.51"
"Edgecombe","7","153","North Carolina","5/10/20","105","48","37065","45.71"
"Forsyth","17","386","North Carolina","5/10/20","267","119","37067","44.57"
"Franklin","1","111","North Carolina","5/10/20","105","6","37069","5.71"
"Gaston","4","178","North Carolina","5/10/20","150","28","37071","18.67"
"Gates","0","11","North Carolina","5/10/20","9","2","37073","22.22"
"Graham","0","2","North Carolina","5/10/20","2","0","37075","0"
"Granville","1","165","North Carolina","5/10/20","159","6","37077","3.77"
"Greene","2","34","North Carolina","5/10/20","19","15","37079","78.95"
"Guilford","22","592","North Carolina","5/10/20","439","153","37081","34.85"
"Halifax","4","91","North Carolina","5/10/20","62","29","37083","46.77"
"Harnett","6","217","North Carolina","5/10/20","174","43","37085","24.71"
"Haywood","1","18","North Carolina","5/10/20","12","6","37087","50"
"Henderson","4","226","North Carolina","5/10/20","201","25","37089","12.44"
"Hertford","1","49","North Carolina","5/10/20","42","7","37091","16.67"
"Hoke","3","120","North Carolina","5/10/20","97","23","37093","23.71"
"Hyde","0","1","North Carolina","5/10/20","1","0","37095","0"
"Iredell","5","151","North Carolina","5/10/20","119","32","37097","26.89"
"Jackson","1","22","North Carolina","5/10/20","16","6","37099","37.5"
"Johnston","4","205","North Carolina","5/10/20","174","31","37101","17.82"
"Jones","0","18","North Carolina","5/10/20","18","0","37103","0"
"Lee","10","268","North Carolina","5/10/20","198","70","37105","35.35"
"Lenoir","5","118","North Carolina","5/10/20","82","36","37107","43.9"
"Lincoln","2","40","North Carolina","5/10/20","28","12","37109","42.86"
"Macon","0","3","North Carolina","5/10/20","3","0","37113","0"
"Madison","0","1","North Carolina","5/10/20","1","0","37115","0"
"Martin","1","29","North Carolina","5/10/20","20","9","37117","45"
"McDowell","0","30","North Carolina","5/10/20","27","3","37111","11.11"
"Mecklenburg","50","2074","North Carolina","5/10/20","1724","350","37119","20.3"
"Mitchell","0","5","North Carolina","5/10/20","5","0","37121","0"
"Montgomery","1","45","North Carolina","5/10/20","38","7","37123","18.42"
"Moore","4","151","North Carolina","5/10/20","125","26","37125","20.8"
"Nash","3","123","North Carolina","5/10/20","99","24","37127","24.24"
"New Hanover","4","107","North Carolina","5/10/20","79","28","37129","35.44"
"Northampton","4","118","North Carolina","5/10/20","89","29","37131","32.58"
"Onslow","0","53","North Carolina","5/10/20","51","2","37133","3.92"
"Orange","4","252","North Carolina","5/10/20","226","26","37135","11.5"
"Pamlico","0","8","North Carolina","5/10/20","8","0","37137","0"
"Pasquotank","6","82","North Carolina","5/10/20","37","45","37139","121.62"
"Pender","3","39","North Carolina","5/10/20","16","23","37141","143.75"
"Perquimans","0","17","North Carolina","5/10/20","14","3","37143","21.43"
"Person","1","30","North Carolina","5/10/20","23","7","37145","30.43"
"Pitt","5","165","North Carolina","5/10/20","129","36","37147","27.91"
"Polk","1","31","North Carolina","5/10/20","25","6","37149","24"
"Randolph","14","338","North Carolina","5/10/20","238","100","37151","42.02"
"Richmond","5","90","North Carolina","5/10/20","57","33","37153","57.89"
"Robeson","27","388","North Carolina","5/10/20","201","187","37155","93.03"
"Rockingham","2","40","North Carolina","5/10/20","26","14","37157","53.85"
"Rowan","14","483","North Carolina","5/10/20","388","95","37159","24.48"
"Rutherford","1","152","North Carolina","5/10/20","145","7","37161","4.83"
"Sampson","10","156","North Carolina","5/10/20","88","68","37163","77.27"
"Scotland","2","40","North Carolina","5/10/20","29","11","37165","37.93"
"Stanly","0","30","North Carolina","5/10/20","29","1","37167","3.45"
"Stokes","0","11","North Carolina","5/10/20","11","0","37169","0"
"Surry","3","41","North Carolina","5/10/20","17","24","37171","141.18"
"Swain","0","5","North Carolina","5/10/20","4","1","37173","25"
"Transylvania","0","7","North Carolina","5/10/20","8","-1","37175","-12.5"
"Tyrrell","0","4","North Carolina","5/10/20","4","0","37177","0"
"Union","5","297","North Carolina","5/10/20","263","34","37179","12.93"
"Vance","7","161","North Carolina","5/10/20","113","48","37181","42.48"
"Wake","22","1038","North Carolina","5/10/20","887","151","37183","17.02"
"Warren","1","23","North Carolina","5/10/20","16","7","37185","43.75"
"Washington","0","25","North Carolina","5/10/20","24","1","37187","4.17"
"Watauga","0","9","North Carolina","5/10/20","9","0","37189","0"
"Wayne","9","743","North Carolina","5/10/20","677","66","37191","9.75"
"Wilkes","21","239","North Carolina","5/10/20","92","147","37193","159.78"
"Wilson","5","212","North Carolina","5/10/20","175","37","37195","21.14"
"Yadkin","4","54","North Carolina","5/10/20","23","31","37197","134.78"
"Yancey","1","9","North Carolina","5/10/20","1","8","37199","800"
"Barnes","0","4","North Dakota","5/10/20","4","0","38003","0"
"Benson","0","2","North Dakota","5/10/20","0","2","38005","1"
"Bowman","0","1","North Dakota","5/10/20","1","0","38011","0"
"Burke","0","5","North Dakota","5/10/20","3","2","38013","66.67"
"Burleigh","3","103","North Dakota","5/10/20","80","23","38015","28.75"
"Cass","29","805","North Dakota","5/10/20","605","200","38017","33.06"
"Divide","0","1","North Dakota","5/10/20","1","0","38023","0"
"Dunn","0","11","North Dakota","5/10/20","11","0","38025","0"
"Eddy","0","1","North Dakota","5/10/20","1","0","38027","0"
"Emmons","0","1","North Dakota","5/10/20","1","0","38029","0"
"Foster","0","1","North Dakota","5/10/20","1","0","38031","0"
"Grand Forks","3","285","North Dakota","5/10/20","267","18","38035","6.74"
"Grant","0","1","North Dakota","5/10/20","1","0","38037","0"
"McHenry","0","2","North Dakota","5/10/20","1","1","38049","100"
"McIntosh","0","1","North Dakota","5/10/20","1","0","38051","0"
"McKenzie","0","15","North Dakota","5/10/20","13","2","38053","15.38"
"McLean","0","5","North Dakota","5/10/20","5","0","38055","0"
"Mercer","0","3","North Dakota","5/10/20","0","3","38057","1"
"Morton","2","36","North Dakota","5/10/20","24","12","38059","50"
"Mountrail","0","37","North Dakota","5/10/20","35","2","38061","5.71"
"Nelson","0","1","North Dakota","5/10/20","1","0","38063","0"
"Oliver","0","1","North Dakota","5/10/20","1","0","38065","0"
"Pembina","0","6","North Dakota","5/10/20","3","3","38067","100"
"Pierce","0","3","North Dakota","5/10/20","2","1","38069","50"
"Ramsey","1","7","North Dakota","5/10/20","3","4","38071","133.33"
"Ransom","0","3","North Dakota","5/10/20","1","2","38073","200"
"Renville","0","1","North Dakota","5/10/20","1","0","38075","0"
"Richland","0","9","North Dakota","5/10/20","7","2","38077","28.57"
"Rolette","0","3","North Dakota","5/10/20","1","2","38079","200"
"Sargent","0","3","North Dakota","5/10/20","1","2","38081","200"
"Sioux","0","1","North Dakota","5/10/20","1","0","38085","0"
"Slope","0","3","North Dakota","5/10/20","3","0","38087","0"
"Stark","1","61","North Dakota","5/10/20","55","6","38089","10.91"
"Stutsman","0","13","North Dakota","5/10/20","11","2","38093","18.18"
"Traill","0","1","North Dakota","5/10/20","0","1","38097","1"
"Walsh","0","8","North Dakota","5/10/20","7","1","38099","14.29"
"Ward","0","27","North Dakota","5/10/20","25","2","38101","8"
"Wells","0","2","North Dakota","5/10/20","2","0","38103","0"
"Williams","1","18","North Dakota","5/10/20","11","7","38105","63.64"
"","0","16","Northern Mariana Islands","5/10/20","14","2",,"14.29"
"Adams","0","6","Ohio","5/10/20","5","1","39001","20"
"Allen","3","144","Ohio","5/10/20","124","20","39003","16.13"
"Ashland","1","14","Ohio","5/10/20","9","5","39005","55.56"
"Ashtabula","7","192","Ohio","5/10/20","146","46","39007","31.51"
"Athens","0","6","Ohio","5/10/20","4","2","39009","50"
"Auglaize","1","42","Ohio","5/10/20","35","7","39011","20"
"Belmont","10","234","Ohio","5/10/20","163","71","39013","43.56"
"Brown","1","17","Ohio","5/10/20","11","6","39015","54.55"
"Butler","18","452","Ohio","5/10/20","328","124","39017","37.8"
"Carroll","0","23","Ohio","5/10/20","21","2","39019","9.52"
"Champaign","0","18","Ohio","5/10/20","15","3","39021","20"
"Clark","4","93","Ohio","5/10/20","67","26","39023","38.81"
"Clermont","3","123","Ohio","5/10/20","101","22","39025","21.78"
"Clinton","0","34","Ohio","5/10/20","31","3","39027","9.68"
"Columbiana","7","325","Ohio","5/10/20","278","47","39029","16.91"
"Coshocton","0","19","Ohio","5/10/20","17","2","39031","11.76"
"Crawford","3","72","Ohio","5/10/20","52","20","39033","38.46"
"Cuyahoga","65","2795","Ohio","5/10/20","2338","457","39035","19.55"
"Darke","1","84","Ohio","5/10/20","77","7","39037","9.09"
"Defiance","1","26","Ohio","5/10/20","20","6","39039","30"
"Delaware","6","220","Ohio","5/10/20","175","45","39041","25.71"
"Erie","3","80","Ohio","5/10/20","58","22","39043","37.93"
"Fairfield","4","177","Ohio","5/10/20","150","27","39045","18"
"Fayette","1","26","Ohio","5/10/20","20","6","39047","30"
"Franklin","125","3777","Ohio","5/10/20","2905","872","39049","30.02"
"Fulton","1","31","Ohio","5/10/20","24","7","39051","29.17"
"Gallia","0","6","Ohio","5/10/20","6","0","39053","0"
"Geauga","4","189","Ohio","5/10/20","163","26","39055","15.95"
"Greene","2","59","Ohio","5/10/20","48","11","39057","22.92"
"Guernsey","0","21","Ohio","5/10/20","19","2","39059","10.53"
"Hamilton","54","1757","Ohio","5/10/20","1380","377","39061","27.32"
"Hancock","0","39","Ohio","5/10/20","38","1","39063","2.63"
"Hardin","0","28","Ohio","5/10/20","26","2","39065","7.69"
"Harrison","0","6","Ohio","5/10/20","6","0","39067","0"
"Henry","0","8","Ohio","5/10/20","5","3","39069","60"
"Highland","0","12","Ohio","5/10/20","10","2","39071","20"
"Hocking","0","20","Ohio","5/10/20","19","1","39073","5.26"
"Holmes","0","8","Ohio","5/10/20","6","2","39075","33.33"
"Huron","1","38","Ohio","5/10/20","31","7","39077","22.58"
"Jackson","0","8","Ohio","5/10/20","5","3","39079","60"
"Jefferson","1","54","Ohio","5/10/20","45","9","39081","20"
"Knox","0","20","Ohio","5/10/20","18","2","39083","11.11"
"Lake","4","197","Ohio","5/10/20","172","25","39085","14.53"
"Lawrence","0","25","Ohio","5/10/20","25","0","39087","0"
"Licking","5","162","Ohio","5/10/20","125","37","39089","29.6"
"Logan","1","23","Ohio","5/10/20","19","4","39091","21.05"
"Lorain","8","548","Ohio","5/10/20","490","58","39093","11.84"
"Lucas","54","1757","Ohio","5/10/20","1376","381","39095","27.69"
"Madison","2","83","Ohio","5/10/20","67","16","39097","23.88"
"Mahoning","26","1119","Ohio","5/10/20","937","182","39099","19.42"
"Marion","8","2387","Ohio","5/10/20","2329","58","39101","2.49"
"Medina","3","194","Ohio","5/10/20","172","22","39103","12.79"
"Meigs","0","3","Ohio","5/10/20","3","0","39105","0"
"Mercer","5","67","Ohio","5/10/20","29","38","39107","131.03"
"Miami","18","268","Ohio","5/10/20","143","125","39109","87.41"
"Monroe","1","10","Ohio","5/10/20","3","7","39111","233.33"
"Montgomery","11","390","Ohio","5/10/20","316","74","39113","23.42"
"Morgan","0","5","Ohio","5/10/20","4","1","39115","25"
"Morrow","1","84","Ohio","5/10/20","75","9","39117","12"
"Muskingum","1","25","Ohio","5/10/20","17","8","39119","47.06"
"Noble","0","5","Ohio","5/10/20","5","0","39121","0"
"Ottawa","1","46","Ohio","5/10/20","40","6","39123","15"
"Paulding","0","9","Ohio","5/10/20","8","1","39125","12.5"
"Perry","0","14","Ohio","5/10/20","13","1","39127","7.69"
"Pickaway","17","1845","Ohio","5/10/20","1729","116","39129","6.71"
"Pike","0","5","Ohio","5/10/20","3","2","39131","66.67"
"Portage","4","276","Ohio","5/10/20","247","29","39133","11.74"
"Preble","0","28","Ohio","5/10/20","27","1","39135","3.7"
"Putnam","1","76","Ohio","5/10/20","69","7","39137","10.14"
"Richland","4","118","Ohio","5/10/20","90","28","39139","31.11"
"Ross","1","51","Ohio","5/10/20","41","10","39141","24.39"
"Sandusky","2","49","Ohio","5/10/20","34","15","39143","44.12"
"Scioto","0","13","Ohio","5/10/20","12","1","39145","8.33"
"Seneca","0","14","Ohio","5/10/20","14","0","39147","0"
"Shelby","0","31","Ohio","5/10/20","30","1","39149","3.33"
"Stark","15","500","Ohio","5/10/20","398","102","39151","25.63"
"Summit","27","892","Ohio","5/10/20","701","191","39153","27.25"
"Trumbull","11","406","Ohio","5/10/20","331","75","39155","22.66"
"Tuscarawas","13","211","Ohio","5/10/20","118","93","39157","78.81"
"Union","1","28","Ohio","5/10/20","24","4","39159","16.67"
"Van Wert","0","3","Ohio","5/10/20","3","0","39161","0"
"Vinton","1","11","Ohio","5/10/20","6","5","39163","83.33"
"Warren","5","206","Ohio","5/10/20","168","38","39165","22.62"
"Washington","2","114","Ohio","5/10/20","102","12","39167","11.76"
"Wayne","5","186","Ohio","5/10/20","153","33","39169","21.57"
"Williams","1","44","Ohio","5/10/20","36","8","39171","22.22"
"Wood","5","224","Ohio","5/10/20","187","37","39173","19.79"
"Wyandot","0","26","Ohio","5/10/20","24","2","39175","8.33"
"Adair","1","74","Oklahoma","5/10/20","65","9","40001","13.85"
"Alfalfa","0","1","Oklahoma","5/10/20","1","0","40003","0"
"Atoka","0","1","Oklahoma","5/10/20","1","0","40005","0"
"Beaver","1","20","Oklahoma","5/10/20","14","6","40007","42.86"
"Beckham","0","6","Oklahoma","5/10/20","5","1","40009","20"
"Blaine","0","3","Oklahoma","5/10/20","0","3","40011","1"
"Bryan","0","12","Oklahoma","5/10/20","9","3","40013","33.33"
"Caddo","6","108","Oklahoma","5/10/20","69","39","40015","56.52"
"Canadian","2","111","Oklahoma","5/10/20","100","11","40017","11"
"Carter","0","6","Oklahoma","5/10/20","4","2","40019","50"
"Cherokee","0","30","Oklahoma","5/10/20","27","3","40021","11.11"
"Choctaw","0","3","Oklahoma","5/10/20","3","0","40023","0"
"Cimarron","0","1","Oklahoma","5/10/20","1","0","40025","0"
"Cleveland","3","456","Oklahoma","5/10/20","432","24","40027","5.56"
"Comanche","4","124","Oklahoma","5/10/20","98","26","40031","26.53"
"Cotton","0","5","Oklahoma","5/10/20","5","0","40033","0"
"Craig","0","13","Oklahoma","5/10/20","11","2","40035","18.18"
"Creek","0","82","Oklahoma","5/10/20","80","2","40037","2.5"
"Custer","0","11","Oklahoma","5/10/20","11","0","40039","0"
"Delaware","0","92","Oklahoma","5/10/20","91","1","40041","1.1"
"Dewey","0","2","Oklahoma","5/10/20","2","0","40043","0"
"Garfield","0","22","Oklahoma","5/10/20","19","3","40047","15.79"
"Garvin","0","15","Oklahoma","5/10/20","14","1","40049","7.14"
"Grady","1","45","Oklahoma","5/10/20","39","6","40051","15.38"
"Grant","0","2","Oklahoma","5/10/20","2","0","40053","0"
"Greer","0","65","Oklahoma","5/10/20","65","0","40055","0"
"Harper","0","1","Oklahoma","5/10/20","1","0","40059","0"
"Haskell","0","5","Oklahoma","5/10/20","5","0","40061","0"
"Jackson","0","19","Oklahoma","5/10/20","17","2","40065","11.76"
"Jefferson","0","3","Oklahoma","5/10/20","2","1","40067","50"
"Johnston","0","3","Oklahoma","5/10/20","3","0","40069","0"
"Kay","0","48","Oklahoma","5/10/20","47","1","40071","2.13"
"Kingfisher","0","8","Oklahoma","5/10/20","8","0","40073","0"
"Kiowa","0","7","Oklahoma","5/10/20","5","2","40075","40"
"Latimer","0","5","Oklahoma","5/10/20","5","0","40077","0"
"Le Flore","0","13","Oklahoma","5/10/20","13","0","40079","0"
"Lincoln","0","17","Oklahoma","5/10/20","14","3","40081","21.43"
"Logan","0","18","Oklahoma","5/10/20","16","2","40083","12.5"
"Love","0","3","Oklahoma","5/10/20","2","1","40085","50"
"Major","0","5","Oklahoma","5/10/20","3","2","40093","66.67"
"Marshall","0","2","Oklahoma","5/10/20","2","0","40095","0"
"Mayes","0","24","Oklahoma","5/10/20","24","0","40097","0"
"McClain","1","85","Oklahoma","5/10/20","77","8","40087","10.39"
"McCurtain","0","8","Oklahoma","5/10/20","8","0","40089","0"
"McIntosh","0","5","Oklahoma","5/10/20","2","3","40091","150"
"Murray","0","2","Oklahoma","5/10/20","2","0","40099","0"
"Muskogee","0","29","Oklahoma","5/10/20","27","2","40101","7.41"
"Noble","0","7","Oklahoma","5/10/20","6","1","40103","16.67"
"Nowata","0","22","Oklahoma","5/10/20","21","1","40105","4.76"
"Okfuskee","0","1","Oklahoma","5/10/20","1","0","40107","0"
"Oklahoma","15","945","Oklahoma","5/10/20","838","107","40109","12.77"
"Okmulgee","0","16","Oklahoma","5/10/20","16","0","40111","0"
"Osage","2","88","Oklahoma","5/10/20","76","12","40113","15.79"
"Ottawa","0","34","Oklahoma","5/10/20","34","0","40115","0"
"Pawnee","0","29","Oklahoma","5/10/20","29","0","40117","0"
"Payne","0","45","Oklahoma","5/10/20","44","1","40119","2.27"
"Pittsburg","0","39","Oklahoma","5/10/20","39","0","40121","0"
"Pontotoc","0","10","Oklahoma","5/10/20","10","0","40123","0"
"Pottawatomie","0","54","Oklahoma","5/10/20","52","2","40125","3.85"
"Pushmataha","0","1","Oklahoma","5/10/20","1","0","40127","0"
"Rogers","1","70","Oklahoma","5/10/20","66","4","40131","6.06"
"Seminole","1","21","Oklahoma","5/10/20","12","9","40133","75"
"Sequoyah","0","14","Oklahoma","5/10/20","12","2","40135","16.67"
"Stephens","0","22","Oklahoma","5/10/20","22","0","40137","0"
"Texas","29","403","Oklahoma","5/10/20","201","202","40139","100.5"
"Tillman","1","19","Oklahoma","5/10/20","14","5","40141","35.71"
"Tulsa","10","700","Oklahoma","5/10/20","628","72","40143","11.46"
"Wagoner","1","129","Oklahoma","5/10/20","122","7","40145","5.74"
"Washington","3","296","Oklahoma","5/10/20","273","23","40147","8.42"
"Woods","0","3","Oklahoma","5/10/20","3","0","40151","0"
"Woodward","0","1","Oklahoma","5/10/20","1","0","40153","0"
"Baker","0","1","Oregon","5/10/20","0","1","41001","1"
"Benton","2","47","Oregon","5/10/20","32","15","41003","46.88"
"Clackamas","6","266","Oregon","5/10/20","225","41","41005","18.22"
"Clatsop","3","29","Oregon","5/10/20","7","22","41007","314.29"
"Columbia","0","15","Oregon","5/10/20","14","1","41009","7.14"
"Coos","1","30","Oregon","5/10/20","25","5","41011","20"
"Crook","0","1","Oregon","5/10/20","1","0","41013","0"
"Curry","0","4","Oregon","5/10/20","4","0","41015","0"
"Deschutes","1","86","Oregon","5/10/20","78","8","41017","10.26"
"Douglas","0","24","Oregon","5/10/20","24","0","41019","0"
"Grant","0","1","Oregon","5/10/20","1","0","41023","0"
"Harney","0","1","Oregon","5/10/20","1","0","41025","0"
"Hood River","1","13","Oregon","5/10/20","9","4","41027","44.44"
"Jackson","0","49","Oregon","5/10/20","49","0","41029","0"
"Jefferson","2","24","Oregon","5/10/20","13","11","41031","84.62"
"Josephine","0","24","Oregon","5/10/20","22","2","41033","9.09"
"Klamath","0","39","Oregon","5/10/20","39","0","41035","0"
"Lane","1","60","Oregon","5/10/20","54","6","41039","11.11"
"Lincoln","0","6","Oregon","5/10/20","5","1","41041","20"
"Linn","2","102","Oregon","5/10/20","87","15","41043","17.24"
"Malheur","0","14","Oregon","5/10/20","13","1","41045","7.69"
"Marion","19","677","Oregon","5/10/20","544","133","41047","24.45"
"Morrow","0","12","Oregon","5/10/20","9","3","41049","33.33"
"Multnomah","21","885","Oregon","5/10/20","739","146","41051","19.76"
"Polk","6","84","Oregon","5/10/20","41","43","41053","104.88"
"Sherman","0","1","Oregon","5/10/20","1","0","41055","0"
"Tillamook","0","6","Oregon","5/10/20","6","0","41057","0"
"Umatilla","3","85","Oregon","5/10/20","64","21","41059","32.81"
"Union","0","4","Oregon","5/10/20","4","0","41061","0"
"Wallowa","0","1","Oregon","5/10/20","1","0","41063","0"
"Wasco","0","15","Oregon","5/10/20","13","2","41065","15.38"
"Washington","8","573","Oregon","5/10/20","516","57","41067","11.05"
"Yamhill","1","49","Oregon","5/10/20","39","10","41071","25.64"
"Adams","2","159","Pennsylvania","5/10/20","145","14","42001","9.66"
"Allegheny","23","1503","Pennsylvania","5/10/20","1345","158","42003","11.75"
"Armstrong","0","55","Pennsylvania","5/10/20","52","3","42005","5.77"
"Beaver","8","491","Pennsylvania","5/10/20","435","56","42007","12.87"
"Bedford","1","29","Pennsylvania","5/10/20","24","5","42009","20.83"
"Berks","69","3371","Pennsylvania","5/10/20","2886","485","42011","16.81"
"Blair","1","28","Pennsylvania","5/10/20","24","4","42013","16.67"
"Bradford","0","38","Pennsylvania","5/10/20","35","3","42015","8.57"
"Bucks","97","3966","Pennsylvania","5/10/20","3286","680","42017","20.69"
"Butler","2","195","Pennsylvania","5/10/20","180","15","42019","8.33"
"Cambria","2","44","Pennsylvania","5/10/20","33","11","42021","33.33"
"Cameron","0","2","Pennsylvania","5/10/20","1","1","42023","100"
"Carbon","2","198","Pennsylvania","5/10/20","183","15","42025","8.2"
"Centre","2","119","Pennsylvania","5/10/20","102","17","42027","16.67"
"Chester","52","1865","Pennsylvania","5/10/20","1502","363","42029","24.17"
"Clarion","0","23","Pennsylvania","5/10/20","23","0","42031","0"
"Clearfield","1","25","Pennsylvania","5/10/20","21","4","42033","19.05"
"Clinton","1","41","Pennsylvania","5/10/20","32","9","42035","28.12"
"Columbia","5","324","Pennsylvania","5/10/20","291","33","42037","11.34"
"Crawford","0","20","Pennsylvania","5/10/20","19","1","42039","5.26"
"Cumberland","9","434","Pennsylvania","5/10/20","373","61","42041","16.35"
"Dauphin","27","823","Pennsylvania","5/10/20","634","189","42043","29.81"
"Delaware","123","4976","Pennsylvania","5/10/20","4113","863","42045","20.98"
"Elk","0","5","Pennsylvania","5/10/20","4","1","42047","25"
"Erie","5","124","Pennsylvania","5/10/20","91","33","42049","36.26"
"Fayette","0","85","Pennsylvania","5/10/20","83","2","42051","2.41"
"Forest","0","7","Pennsylvania","5/10/20","7","0","42053","0"
"Franklin","20","493","Pennsylvania","5/10/20","351","142","42055","40.46"
"Fulton","0","8","Pennsylvania","5/10/20","6","2","42057","33.33"
"Greene","0","27","Pennsylvania","5/10/20","27","0","42059","0"
"Huntingdon","18","181","Pennsylvania","5/10/20","56","125","42061","223.21"
"Indiana","1","76","Pennsylvania","5/10/20","69","7","42063","10.14"
"Jefferson","0","7","Pennsylvania","5/10/20","6","1","42065","16.67"
"Juniata","1","93","Pennsylvania","5/10/20","86","7","42067","8.14"
"Lackawanna","25","1172","Pennsylvania","5/10/20","999","173","42069","17.32"
"Lancaster","41","2223","Pennsylvania","5/10/20","1936","287","42071","14.82"
"Lawrence","1","70","Pennsylvania","5/10/20","65","5","42073","7.69"
"Lebanon","11","811","Pennsylvania","5/10/20","735","76","42075","10.34"
"Lehigh","45","3241","Pennsylvania","5/10/20","2924","317","42077","10.84"
"Luzerne","25","2416","Pennsylvania","5/10/20","2240","176","42079","7.86"
"Lycoming","7","131","Pennsylvania","5/10/20","85","46","42081","54.12"
"McKean","0","6","Pennsylvania","5/10/20","6","0","42083","0"
"Mercer","1","73","Pennsylvania","5/10/20","66","7","42085","10.61"
"Mifflin","2","52","Pennsylvania","5/10/20","39","13","42087","33.33"
"Monroe","7","1218","Pennsylvania","5/10/20","1172","46","42089","3.92"
"Montgomery","101","5260","Pennsylvania","5/10/20","4552","708","42091","15.55"
"Montour","0","49","Pennsylvania","5/10/20","50","-1","42093","-2"
"Northampton","34","2453","Pennsylvania","5/10/20","2214","239","42095","10.79"
"Northumberland","4","124","Pennsylvania","5/10/20","99","25","42097","25.25"
"Perry","0","35","Pennsylvania","5/10/20","34","1","42099","2.94"
"Philadelphia","439","18211","Pennsylvania","5/10/20","15137","3074","42101","20.31"
"Pike","4","432","Pennsylvania","5/10/20","405","27","42103","6.67"
"Potter","0","4","Pennsylvania","5/10/20","4","0","42105","0"
"Schuylkill","8","451","Pennsylvania","5/10/20","395","56","42107","14.18"
"Snyder","0","33","Pennsylvania","5/10/20","33","0","42109","0"
"Somerset","0","32","Pennsylvania","5/10/20","29","3","42111","10.34"
"Sullivan","0","1","Pennsylvania","5/10/20","1","0","42113","0"
"Susquehanna","-1","81","Pennsylvania","5/10/20","85","-4","42115","-4.71"
"Tioga","0","16","Pennsylvania","5/10/20","16","0","42117","0"
"Union","0","40","Pennsylvania","5/10/20","38","2","42119","5.26"
"Venango","0","7","Pennsylvania","5/10/20","7","0","42121","0"
"Warren","0","1","Pennsylvania","5/10/20","1","0","42123","0"
"Washington","1","124","Pennsylvania","5/10/20","119","5","42125","4.2"
"Wayne","1","117","Pennsylvania","5/10/20","109","8","42127","7.34"
"Westmoreland","2","417","Pennsylvania","5/10/20","401","16","42129","3.99"
"Wyoming","1","30","Pennsylvania","5/10/20","25","5","42131","20"
"York","13","773","Pennsylvania","5/10/20","679","94","42133","13.84"
"","56","2198","Puerto Rico","5/10/20","1808","390",,"21.57"
"Bristol","0","154","Rhode Island","5/10/20","152","2","44001","1.32"
"Kent","1","703","Rhode Island","5/10/20","697","6","44003","0.86"
"Newport","0","161","Rhode Island","5/10/20","158","3","44005","1.9"
"Providence","16","7138","Rhode Island","5/10/20","7028","110","44007","1.57"
"Washington","1","363","Rhode Island","5/10/20","356","7","44009","1.97"
"Abbeville","0","34","South Carolina","5/10/20","33","1","45001","3.03"
"Aiken","1","118","South Carolina","5/10/20","108","10","45003","9.26"
"Allendale","2","25","South Carolina","5/10/20","12","13","45005","108.33"
"Anderson","2","185","South Carolina","5/10/20","171","14","45007","8.19"
"Bamberg","1","16","South Carolina","5/10/20","12","4","45009","33.33"
"Barnwell","1","33","South Carolina","5/10/20","25","8","45011","32"
"Beaufort","1","279","South Carolina","5/10/20","270","9","45013","3.33"
"Berkeley","1","192","South Carolina","5/10/20","186","6","45015","3.23"
"Calhoun","0","8","South Carolina","5/10/20","7","1","45017","14.29"
"Charleston","3","481","South Carolina","5/10/20","457","24","45019","5.25"
"Cherokee","1","22","South Carolina","5/10/20","17","5","45021","29.41"
"Chester","1","38","South Carolina","5/10/20","34","4","45023","11.76"
"Chesterfield","3","79","South Carolina","5/10/20","59","20","45025","33.9"
"Clarendon","5","263","South Carolina","5/10/20","229","34","45027","14.85"
"Colleton","0","32","South Carolina","5/10/20","32","0","45029","0"
"Darlington","5","174","South Carolina","5/10/20","140","34","45031","24.29"
"Dillon","3","95","South Carolina","5/10/20","72","23","45033","31.94"
"Dorchester","1","106","South Carolina","5/10/20","101","5","45035","4.95"
"Edgefield","1","39","South Carolina","5/10/20","32","7","45037","21.88"
"Fairfield","2","80","South Carolina","5/10/20","68","12","45039","17.65"
"Florence","13","424","South Carolina","5/10/20","336","88","45041","26.19"
"Georgetown","1","50","South Carolina","5/10/20","45","5","45043","11.11"
"Greenville","25","933","South Carolina","5/10/20","757","176","45045","23.25"
"Greenwood","1","62","South Carolina","5/10/20","55","7","45047","12.73"
"Hampton","0","28","South Carolina","5/10/20","26","2","45049","7.69"
"Horry","5","262","South Carolina","5/10/20","226","36","45051","15.93"
"Jasper","1","25","South Carolina","5/10/20","21","4","45053","19.05"
"Kershaw","1","253","South Carolina","5/10/20","245","8","45055","3.27"
"Lancaster","1","110","South Carolina","5/10/20","101","9","45057","8.91"
"Laurens","1","47","South Carolina","5/10/20","40","7","45059","17.5"
"Lee","5","106","South Carolina","5/10/20","68","38","45061","55.88"
"Lexington","8","478","South Carolina","5/10/20","420","58","45063","13.81"
"Marion","2","48","South Carolina","5/10/20","37","11","45067","29.73"
"Marlboro","1","57","South Carolina","5/10/20","50","7","45069","14"
"McCormick","0","7","South Carolina","5/10/20","6","1","45065","16.67"
"Newberry","0","31","South Carolina","5/10/20","30","1","45071","3.33"
"Oconee","2","37","South Carolina","5/10/20","26","11","45073","42.31"
"Orangeburg","2","101","South Carolina","5/10/20","87","14","45075","16.09"
"Pickens","2","73","South Carolina","5/10/20","58","15","45077","25.86"
"Richland","19","1100","South Carolina","5/10/20","964","136","45079","14.11"
"Saluda","3","87","South Carolina","5/10/20","67","20","45081","29.85"
"Spartanburg","5","343","South Carolina","5/10/20","308","35","45083","11.36"
"Sumter","5","287","South Carolina","5/10/20","251","36","45085","14.34"
"Union","1","30","South Carolina","5/10/20","26","4","45087","15.38"
"Williamsburg","7","137","South Carolina","5/10/20","90","47","45089","52.22"
"York","2","238","South Carolina","5/10/20","221","17","45091","7.69"
"Aurora","0","2","South Dakota","5/10/20","1","1","46003","100"
"Beadle","0","21","South Dakota","5/10/20","21","0","46005","0"
"Bon Homme","0","4","South Dakota","5/10/20","4","0","46009","0"
"Brookings","0","14","South Dakota","5/10/20","13","1","46011","7.69"
"Brown","9","120","South Dakota","5/10/20","59","61","46013","103.39"
"Buffalo","0","1","South Dakota","5/10/20","1","0","46017","0"
"Charles Mix","0","5","South Dakota","5/10/20","5","0","46023","0"
"Clark","0","2","South Dakota","5/10/20","1","1","46025","100"
"Clay","0","9","South Dakota","5/10/20","7","2","46027","28.57"
"Codington","0","15","South Dakota","5/10/20","14","1","46029","7.14"
"Corson","0","1","South Dakota","5/10/20","1","0","46031","0"
"Davison","0","7","South Dakota","5/10/20","6","1","46035","16.67"
"Day","0","10","South Dakota","5/10/20","8","2","46037","25"
"Deuel","0","1","South Dakota","5/10/20","1","0","46039","0"
"Dewey","0","0","South Dakota","5/10/20","1","-1","46041","-100"
"Douglas","0","1","South Dakota","5/10/20","1","0","46043","0"
"Fall River","0","2","South Dakota","5/10/20","2","0","46047","0"
"Faulk","0","1","South Dakota","5/10/20","1","0","46049","0"
"Grant","0","3","South Dakota","5/10/20","0","3","46051","1"
"Hamlin","0","2","South Dakota","5/10/20","2","0","46057","0"
"Hand","0","1","South Dakota","5/10/20","1","0","46059","0"
"Hughes","0","15","South Dakota","5/10/20","13","2","46065","15.38"
"Hutchinson","0","3","South Dakota","5/10/20","3","0","46067","0"
"Hyde","0","1","South Dakota","5/10/20","1","0","46069","0"
"Jerauld","0","6","South Dakota","5/10/20","6","0","46073","0"
"Lake","0","5","South Dakota","5/10/20","4","1","46079","25"
"Lawrence","0","9","South Dakota","5/10/20","9","0","46081","0"
"Lincoln","4","188","South Dakota","5/10/20","162","26","46083","16.05"
"Lyman","0","3","South Dakota","5/10/20","3","0","46085","0"
"Marshall","0","1","South Dakota","5/10/20","1","0","46091","0"
"McCook","0","4","South Dakota","5/10/20","4","0","46087","0"
"McPherson","0","1","South Dakota","5/10/20","1","0","46089","0"
"Meade","0","3","South Dakota","5/10/20","1","2","46093","200"
"Miner","0","1","South Dakota","5/10/20","1","0","46097","0"
"Minnehaha","104","2867","South Dakota","5/10/20","2142","725","46099","33.85"
"Moody","1","14","South Dakota","5/10/20","6","8","46101","133.33"
"Oglala Lakota","0","1","South Dakota","5/10/20","1","0","46102","0"
"Pennington","2","26","South Dakota","5/10/20","14","12","46103","85.71"
"Roberts","1","14","South Dakota","5/10/20","10","4","46109","40"
"Sanborn","0","3","South Dakota","5/10/20","3","0","46111","0"
"Spink","0","4","South Dakota","5/10/20","3","1","46115","33.33"
"Stanley","0","9","South Dakota","5/10/20","8","1","46117","12.5"
"Sully","0","1","South Dakota","5/10/20","1","0","46119","0"
"Todd","1","9","South Dakota","5/10/20","3","6","46121","200"
"Turner","0","18","South Dakota","5/10/20","17","1","46125","5.88"
"Union","3","53","South Dakota","5/10/20","31","22","46127","70.97"
"Walworth","0","5","South Dakota","5/10/20","5","0","46129","0"
"Yankton","0","30","South Dakota","5/10/20","28","2","46135","7.14"
"Ziebach","0","1","South Dakota","5/10/20","0","1","46137","1"
"Anderson","0","31","Tennessee","5/10/20","28","3","47001","10.71"
"Bedford","5","237","Tennessee","5/10/20","200","37","47003","18.5"
"Benton","0","6","Tennessee","5/10/20","6","0","47005","0"
"Bledsoe","1","604","Tennessee","5/10/20","598","6","47007","1"
"Blount","1","71","Tennessee","5/10/20","63","8","47009","12.7"
"Bradley","2","69","Tennessee","5/10/20","53","16","47011","30.19"
"Campbell","0","17","Tennessee","5/10/20","16","1","47013","6.25"
"Cannon","0","13","Tennessee","5/10/20","12","1","47015","8.33"
"Carroll","0","19","Tennessee","5/10/20","18","1","47017","5.56"
"Carter","1","18","Tennessee","5/10/20","14","4","47019","28.57"
"Cheatham","1","63","Tennessee","5/10/20","53","10","47021","18.87"
"Chester","0","12","Tennessee","5/10/20","10","2","47023","20"
"Claiborne","0","7","Tennessee","5/10/20","5","2","47025","40"
"Clay","0","6","Tennessee","5/10/20","5","1","47027","20"
"Cocke","0","17","Tennessee","5/10/20","16","1","47029","6.25"
"Coffee","2","53","Tennessee","5/10/20","41","12","47031","29.27"
"Crockett","0","9","Tennessee","5/10/20","7","2","47033","28.57"
"Cumberland","1","85","Tennessee","5/10/20","80","5","47035","6.25"
"Davidson","71","3401","Tennessee","5/10/20","2904","497","47037","17.11"
"Decatur","0","4","Tennessee","5/10/20","4","0","47039","0"
"DeKalb","1","27","Tennessee","5/10/20","21","6","47041","28.57"
"Dickson","1","86","Tennessee","5/10/20","80","6","47043","7.5"
"Dyer","1","41","Tennessee","5/10/20","36","5","47045","13.89"
"Fayette","2","79","Tennessee","5/10/20","63","16","47047","25.4"
"Fentress","0","6","Tennessee","5/10/20","4","2","47049","50"
"Franklin","1","40","Tennessee","5/10/20","36","4","47051","11.11"
"Gibson","1","54","Tennessee","5/10/20","50","4","47053","8"
"Giles","0","9","Tennessee","5/10/20","8","1","47055","12.5"
"Grainger","0","6","Tennessee","5/10/20","6","0","47057","0"
"Greene","0","46","Tennessee","5/10/20","43","3","47059","6.98"
"Grundy","0","30","Tennessee","5/10/20","28","2","47061","7.14"
"Hamblen","0","21","Tennessee","5/10/20","19","2","47063","10.53"
"Hamilton","9","233","Tennessee","5/10/20","172","61","47065","35.47"
"Hardeman","19","151","Tennessee","5/10/20","19","132","47069","694.74"
"Hardin","0","8","Tennessee","5/10/20","7","1","47071","14.29"
"Hawkins","0","31","Tennessee","5/10/20","30","1","47073","3.33"
"Haywood","0","26","Tennessee","5/10/20","25","1","47075","4"
"Henderson","0","10","Tennessee","5/10/20","9","1","47077","11.11"
"Henry","0","15","Tennessee","5/10/20","13","2","47079","15.38"
"Hickman","1","52","Tennessee","5/10/20","45","7","47081","15.56"
"Houston","0","6","Tennessee","5/10/20","5","1","47083","20"
"Humphreys","0","12","Tennessee","5/10/20","11","1","47085","9.09"
"Jackson","0","10","Tennessee","5/10/20","7","3","47087","42.86"
"Jefferson","0","26","Tennessee","5/10/20","24","2","47089","8.33"
"Johnson","0","5","Tennessee","5/10/20","3","2","47091","66.67"
"Knox","3","263","Tennessee","5/10/20","243","20","47093","8.23"
"Lake","0","59","Tennessee","5/10/20","57","2","47095","3.51"
"Lauderdale","0","26","Tennessee","5/10/20","24","2","47097","8.33"
"Lawrence","0","20","Tennessee","5/10/20","17","3","47099","17.65"
"Lewis","0","2","Tennessee","5/10/20","2","0","47101","0"
"Lincoln","0","16","Tennessee","5/10/20","14","2","47103","14.29"
"Loudon","1","41","Tennessee","5/10/20","37","4","47105","10.81"
"Macon","1","58","Tennessee","5/10/20","50","8","47111","16"
"Madison","2","151","Tennessee","5/10/20","140","11","47113","7.86"
"Marion","0","29","Tennessee","5/10/20","29","0","47115","0"
"Marshall","0","24","Tennessee","5/10/20","23","1","47117","4.35"
"Maury","2","55","Tennessee","5/10/20","44","11","47119","25"
"McMinn","2","117","Tennessee","5/10/20","100","17","47107","17"
"McNairy","0","11","Tennessee","5/10/20","11","0","47109","0"
"Meigs","2","22","Tennessee","5/10/20","9","13","47121","144.44"
"Monroe","1","28","Tennessee","5/10/20","21","7","47123","33.33"
"Montgomery","4","174","Tennessee","5/10/20","148","26","47125","17.57"
"Moore","0","3","Tennessee","5/10/20","3","0","47127","0"
"Morgan","1","12","Tennessee","5/10/20","6","6","47129","100"
"Obion","0","16","Tennessee","5/10/20","15","1","47131","6.67"
"Out of TN","9","375","Tennessee","5/10/20","311","64","80047","20.58"
"Overton","0","11","Tennessee","5/10/20","9","2","47133","22.22"
"Perry","0","13","Tennessee","5/10/20","12","1","47135","8.33"
"Pickett","0","1","Tennessee","5/10/20","0","1","47137","1"
"Polk","0","12","Tennessee","5/10/20","11","1","47139","9.09"
"Putnam","6","175","Tennessee","5/10/20","136","39","47141","28.68"
"Rhea","0","6","Tennessee","5/10/20","5","1","47143","20"
"Roane","0","8","Tennessee","5/10/20","7","1","47145","14.29"
"Robertson","6","218","Tennessee","5/10/20","179","39","47147","21.79"
"Rutherford","21","725","Tennessee","5/10/20","579","146","47149","25.22"
"Scott","0","11","Tennessee","5/10/20","11","0","47151","0"
"Sequatchie","0","6","Tennessee","5/10/20","5","1","47153","20"
"Sevier","2","65","Tennessee","5/10/20","51","14","47155","27.45"
"Shelby","64","3260","Tennessee","5/10/20","2815","445","47157","15.81"
"Smith","0","24","Tennessee","5/10/20","22","2","47159","9.09"
"Stewart","0","7","Tennessee","5/10/20","7","0","47161","0"
"Sullivan","0","54","Tennessee","5/10/20","51","3","47163","5.88"
"Sumner","6","698","Tennessee","5/10/20","653","45","47165","6.89"
"Tipton","2","159","Tennessee","5/10/20","146","13","47167","8.9"
"Trousdale","2","1357","Tennessee","5/10/20","1346","11","47169","0.82"
"Unicoi","0","3","Tennessee","5/10/20","2","1","47171","50"
"Union","0","3","Tennessee","5/10/20","3","0","47173","0"
"Van Buren","0","2","Tennessee","5/10/20","2","0","47175","0"
"Warren","1","12","Tennessee","5/10/20","8","4","47177","50"
"Washington","1","61","Tennessee","5/10/20","57","4","47179","7.02"
"Wayne","0","3","Tennessee","5/10/20","4","-1","47181","-25"
"Weakley","0","24","Tennessee","5/10/20","23","1","47183","4.35"
"White","0","16","Tennessee","5/10/20","14","2","47185","14.29"
"Williamson","2","443","Tennessee","5/10/20","427","16","47187","3.75"
"Wilson","4","300","Tennessee","5/10/20","273","27","47189","9.89"
"Anderson","1","41","Texas","5/10/20","32","9","48001","28.12"
"Andrews","0","21","Texas","5/10/20","21","0","48003","0"
"Angelina","6","100","Texas","5/10/20","55","45","48005","81.82"
"Aransas","0","2","Texas","5/10/20","2","0","48007","0"
"Armstrong","0","2","Texas","5/10/20","2","0","48011","0"
"Atascosa","0","22","Texas","5/10/20","19","3","48013","15.79"
"Austin","0","15","Texas","5/10/20","13","2","48015","15.38"
"Bailey","0","3","Texas","5/10/20","0","3","48017","1"
"Bandera","0","6","Texas","5/10/20","6","0","48019","0"
"Bastrop","3","109","Texas","5/10/20","86","23","48021","26.74"
"Bee","0","6","Texas","5/10/20","6","0","48025","0"
"Bell","4","220","Texas","5/10/20","194","26","48027","13.4"
"Bexar","36","1835","Texas","5/10/20","1585","250","48029","15.77"
"Blanco","0","6","Texas","5/10/20","6","0","48031","0"
"Bosque","0","5","Texas","5/10/20","4","1","48035","25"
"Bowie","0","76","Texas","5/10/20","76","0","48037","0"
"Brazoria","16","656","Texas","5/10/20","542","114","48039","21.03"
"Brazos","8","265","Texas","5/10/20","208","57","48041","27.4"
"Brewster","0","1","Texas","5/10/20","1","0","48043","0"
"Briscoe","0","1","Texas","5/10/20","1","0","48045","0"
"Brooks","0","1","Texas","5/10/20","1","0","48047","0"
"Brown","0","38","Texas","5/10/20","36","2","48049","5.56"
"Burleson","0","15","Texas","5/10/20","14","1","48051","7.14"
"Burnet","1","26","Texas","5/10/20","20","6","48053","30"
"Caldwell","1","27","Texas","5/10/20","20","7","48055","35"
"Calhoun","1","36","Texas","5/10/20","32","4","48057","12.5"
"Callahan","1","6","Texas","5/10/20","2","4","48059","200"
"Cameron","11","512","Texas","5/10/20","432","80","48061","18.52"
"Camp","0","7","Texas","5/10/20","7","0","48063","0"
"Carson","0","3","Texas","5/10/20","3","0","48065","0"
"Cass","1","20","Texas","5/10/20","15","5","48067","33.33"
"Castro","1","23","Texas","5/10/20","15","8","48069","53.33"
"Chambers","1","49","Texas","5/10/20","44","5","48071","11.36"
"Cherokee","0","20","Texas","5/10/20","17","3","48073","17.65"
"Childress","0","2","Texas","5/10/20","1","1","48075","100"
"Clay","0","3","Texas","5/10/20","3","0","48077","0"
"Cochran","0","1","Texas","5/10/20","1","0","48079","0"
"Coke","0","1","Texas","5/10/20","0","1","48081","1"
"Coleman","0","2","Texas","5/10/20","1","1","48083","100"
"Collin","19","918","Texas","5/10/20","784","134","48085","17.09"
"Collingsworth","1","4","Texas","5/10/20","0","4","48087","1"
"Colorado","1","16","Texas","5/10/20","11","5","48089","45.45"
"Comal","1","65","Texas","5/10/20","58","7","48091","12.07"
"Comanche","0","3","Texas","5/10/20","3","0","48093","0"
"Concho","0","1","Texas","5/10/20","1","0","48095","0"
"Cooke","1","12","Texas","5/10/20","8","4","48097","50"
"Coryell","7","208","Texas","5/10/20","162","46","48099","28.4"
"Cottle","0","4","Texas","5/10/20","2","2","48101","100"
"Crane","0","2","Texas","5/10/20","2","0","48103","0"
"Crosby","0","2","Texas","5/10/20","2","0","48107","0"
"Dallam","0","13","Texas","5/10/20","12","1","48111","8.33"
"Dallas","248","5870","Texas","5/10/20","4133","1737","48113","42.03"
"Dawson","1","30","Texas","5/10/20","26","4","48115","15.38"
"Deaf Smith","3","59","Texas","5/10/20","35","24","48117","68.57"
"Delta","0","1","Texas","5/10/20","1","0","48119","0"
"Denton","16","914","Texas","5/10/20","799","115","48121","14.39"
"DeWitt","0","15","Texas","5/10/20","15","0","48123","0"
"Dickens","0","1","Texas","5/10/20","1","0","48125","0"
"Dimmit","0","1","Texas","5/10/20","1","0","48127","0"
"Donley","0","26","Texas","5/10/20","25","1","48129","4"
"Duval","0","5","Texas","5/10/20","3","2","48131","66.67"
"Eastland","0","3","Texas","5/10/20","3","0","48133","0"
"Ector","2","95","Texas","5/10/20","81","14","48135","17.28"
"El Paso","48","1322","Texas","5/10/20","986","336","48141","34.08"
"Ellis","5","202","Texas","5/10/20","166","36","48139","21.69"
"Erath","0","14","Texas","5/10/20","12","2","48143","16.67"
"Falls","0","6","Texas","5/10/20","4","2","48145","50"
"Fannin","1","23","Texas","5/10/20","19","4","48147","21.05"
"Fayette","1","25","Texas","5/10/20","15","10","48149","66.67"
"Floyd","0","4","Texas","5/10/20","3","1","48153","33.33"
"Fort Bend","34","1370","Texas","5/10/20","1133","237","48157","20.92"
"Franklin","0","3","Texas","5/10/20","2","1","48159","50"
"Freestone","0","7","Texas","5/10/20","7","0","48161","0"
"Frio","3","34","Texas","5/10/20","10","24","48163","240"
"Gaines","0","3","Texas","5/10/20","2","1","48165","50"
"Galveston","7","680","Texas","5/10/20","629","51","48167","8.11"
"Garza","0","3","Texas","5/10/20","3","0","48169","0"
"Gillespie","0","4","Texas","5/10/20","3","1","48171","33.33"
"Glasscock","0","1","Texas","5/10/20","1","0","48173","0"
"Goliad","0","7","Texas","5/10/20","7","0","48175","0"
"Gonzales","4","53","Texas","5/10/20","27","26","48177","96.3"
"Gray","2","75","Texas","5/10/20","58","17","48179","29.31"
"Grayson","7","89","Texas","5/10/20","41","48","48181","117.07"
"Gregg","4","118","Texas","5/10/20","87","31","48183","35.63"
"Grimes","3","42","Texas","5/10/20","22","20","48185","90.91"
"Guadalupe","1","95","Texas","5/10/20","85","10","48187","11.76"
"Hale","1","37","Texas","5/10/20","29","8","48189","27.59"
"Hamilton","0","6","Texas","5/10/20","5","1","48193","20"
"Hansford","1","12","Texas","5/10/20","7","5","48195","71.43"
"Hardin","2","115","Texas","5/10/20","103","12","48199","11.65"
"Harris","149","7878","Texas","5/10/20","6838","1040","48201","15.21"
"Harrison","7","186","Texas","5/10/20","140","46","48203","32.86"
"Hartley","0","8","Texas","5/10/20","5","3","48205","60"
"Hays","5","203","Texas","5/10/20","167","36","48209","21.56"
"Hemphill","0","1","Texas","5/10/20","1","0","48211","0"
"Henderson","2","41","Texas","5/10/20","28","13","48213","46.43"
"Hidalgo","7","387","Texas","5/10/20","340","47","48215","13.82"
"Hill","0","19","Texas","5/10/20","17","2","48217","11.76"
"Hockley","0","20","Texas","5/10/20","20","0","48219","0"
"Hood","0","22","Texas","5/10/20","20","2","48221","10"
"Hopkins","0","8","Texas","5/10/20","6","2","48223","33.33"
"Houston","1","13","Texas","5/10/20","7","6","48225","85.71"
"Howard","0","6","Texas","5/10/20","4","2","48227","50"
"Hunt","1","57","Texas","5/10/20","49","8","48231","16.33"
"Hutchinson","1","21","Texas","5/10/20","16","5","48233","31.25"
"Jack","0","4","Texas","5/10/20","4","0","48237","0"
"Jackson","0","14","Texas","5/10/20","14","0","48239","0"
"Jasper","0","19","Texas","5/10/20","18","1","48241","5.56"
"Jefferson","8","376","Texas","5/10/20","319","57","48245","17.87"
"Jim Hogg","0","3","Texas","5/10/20","3","0","48247","0"
"Jim Wells","0","7","Texas","5/10/20","5","2","48249","40"
"Johnson","3","100","Texas","5/10/20","82","18","48251","21.95"
"Jones","4","92","Texas","5/10/20","62","30","48253","48.39"
"Karnes","0","3","Texas","5/10/20","3","0","48255","0"
"Kaufman","4","116","Texas","5/10/20","87","29","48257","33.33"
"Kendall","0","19","Texas","5/10/20","16","3","48259","18.75"
"Kerr","1","9","Texas","5/10/20","5","4","48265","80"
"Kimble","0","1","Texas","5/10/20","0","1","48267","1"
"Kleberg","0","11","Texas","5/10/20","10","1","48273","10"
"Knox","0","1","Texas","5/10/20","1","0","48275","0"
"La Salle","0","2","Texas","5/10/20","1","1","48283","100"
"Lamar","3","89","Texas","5/10/20","67","22","48277","32.84"
"Lamb","0","7","Texas","5/10/20","4","3","48279","75"
"Lampasas","1","8","Texas","5/10/20","4","4","48281","100"
"Lavaca","0","6","Texas","5/10/20","6","0","48285","0"
"Lee","0","5","Texas","5/10/20","2","3","48287","150"
"Leon","0","9","Texas","5/10/20","6","3","48289","50"
"Liberty","3","64","Texas","5/10/20","45","19","48291","42.22"
"Limestone","0","15","Texas","5/10/20","13","2","48293","15.38"
"Lipscomb","0","2","Texas","5/10/20","2","0","48295","0"
"Live Oak","0","5","Texas","5/10/20","5","0","48297","0"
"Llano","0","3","Texas","5/10/20","3","0","48299","0"
"Lubbock","6","589","Texas","5/10/20","549","40","48303","7.29"
"Lynn","0","5","Texas","5/10/20","5","0","48305","0"
"Madison","0","3","Texas","5/10/20","1","2","48313","200"
"Marion","0","16","Texas","5/10/20","15","1","48315","6.67"
"Martin","0","3","Texas","5/10/20","2","1","48317","50"
"Mason","1","28","Texas","5/10/20","24","4","48319","16.67"
"Matagorda","0","64","Texas","5/10/20","62","2","48321","3.23"
"Maverick","1","31","Texas","5/10/20","26","5","48323","19.23"
"McCulloch","0","3","Texas","5/10/20","3","0","48307","0"
"McLennan","0","94","Texas","5/10/20","91","3","48309","3.3"
"Medina","2","31","Texas","5/10/20","20","11","48325","55"
"Midland","3","101","Texas","5/10/20","82","19","48329","23.17"
"Milam","0","20","Texas","5/10/20","17","3","48331","17.65"
"Mitchell","0","1","Texas","5/10/20","1","0","48335","0"
"Montague","0","9","Texas","5/10/20","6","3","48337","50"
"Montgomery","9","699","Texas","5/10/20","634","65","48339","10.25"
"Moore","18","527","Texas","5/10/20","399","128","48341","32.08"
"Morris","0","9","Texas","5/10/20","9","0","48343","0"
"Motley","0","1","Texas","5/10/20","1","0","48345","0"
"Nacogdoches","5","206","Texas","5/10/20","172","34","48347","19.77"
"Navarro","1","36","Texas","5/10/20","31","5","48349","16.13"
"Newton","0","4","Texas","5/10/20","2","2","48351","100"
"Nolan","0","2","Texas","5/10/20","2","0","48353","0"
"Nueces","3","129","Texas","5/10/20","107","22","48355","20.56"
"Ochiltree","1","29","Texas","5/10/20","19","10","48357","52.63"
"Oldham","0","3","Texas","5/10/20","3","0","48359","0"
"Orange","2","85","Texas","5/10/20","71","14","48361","19.72"
"Palo Pinto","0","9","Texas","5/10/20","8","1","48363","12.5"
"Panola","5","168","Texas","5/10/20","133","35","48365","26.32"
"Parker","1","45","Texas","5/10/20","35","10","48367","28.57"
"Parmer","2","19","Texas","5/10/20","8","11","48369","137.5"
"Pecos","1","15","Texas","5/10/20","10","5","48371","50"
"Polk","2","35","Texas","5/10/20","20","15","48373","75"
"Potter","51","1124","Texas","5/10/20","766","358","48375","46.74"
"Rains","0","2","Texas","5/10/20","2","0","48379","0"
"Randall","13","358","Texas","5/10/20","270","88","48381","32.59"
"Red River","1","9","Texas","5/10/20","1","8","48387","800"
"Reeves","0","7","Texas","5/10/20","5","2","48389","40"
"Refugio","0","1","Texas","5/10/20","0","1","48391","1"
"Roberts","0","2","Texas","5/10/20","2","0","48393","0"
"Robertson","0","5","Texas","5/10/20","4","1","48395","25"
"Rockwall","2","100","Texas","5/10/20","85","15","48397","17.65"
"Runnels","0","2","Texas","5/10/20","2","0","48399","0"
"Rusk","1","40","Texas","5/10/20","36","4","48401","11.11"
"Sabine","0","2","Texas","5/10/20","1","1","48403","100"
"San Augustine","0","21","Texas","5/10/20","19","2","48405","10.53"
"San Jacinto","0","11","Texas","5/10/20","10","1","48407","10"
"San Patricio","1","20","Texas","5/10/20","12","8","48409","66.67"
"Scurry","0","2","Texas","5/10/20","2","0","48415","0"
"Shackelford","0","1","Texas","5/10/20","0","1","48417","1"
"Shelby","5","152","Texas","5/10/20","117","35","48419","29.91"
"Sherman","1","23","Texas","5/10/20","18","5","48421","27.78"
"Smith","4","174","Texas","5/10/20","146","28","48423","19.18"
"Starr","1","14","Texas","5/10/20","9","5","48427","55.56"
"Stephens","0","1","Texas","5/10/20","1","0","48429","0"
"Swisher","0","12","Texas","5/10/20","9","3","48437","33.33"
"Tarrant","101","3210","Texas","5/10/20","2503","707","48439","28.25"
"Taylor","-20","208","Texas","5/10/20","348","-140","48441","-40.23"
"Terry","0","12","Texas","5/10/20","11","1","48445","9.09"
"Titus","2","35","Texas","5/10/20","20","15","48449","75"
"Tom Green","1","84","Texas","5/10/20","78","6","48451","7.69"
"Travis","53","2127","Texas","5/10/20","1756","371","48453","21.13"
"Trinity","0","11","Texas","5/10/20","8","3","48455","37.5"
"Tyler","0","7","Texas","5/10/20","6","1","48457","16.67"
"Upshur","0","17","Texas","5/10/20","15","2","48459","13.33"
"Uvalde","0","6","Texas","5/10/20","6","0","48463","0"
"Val Verde","0","13","Texas","5/10/20","13","0","48465","0"
"Van Zandt","0","18","Texas","5/10/20","16","2","48467","12.5"
"Victoria","2","150","Texas","5/10/20","139","11","48469","7.91"
"Walker","6","340","Texas","5/10/20","298","42","48471","14.09"
"Waller","1","38","Texas","5/10/20","33","5","48473","15.15"
"Washington","3","164","Texas","5/10/20","145","19","48477","13.1"
"Webb","7","434","Texas","5/10/20","385","49","48479","12.73"
"Wharton","1","41","Texas","5/10/20","37","4","48481","10.81"
"Wheeler","1","14","Texas","5/10/20","9","5","48483","55.56"
"Wichita","1","75","Texas","5/10/20","65","10","48485","15.38"
"Wilbarger","0","2","Texas","5/10/20","1","1","48487","100"
"Willacy","0","14","Texas","5/10/20","13","1","48489","7.69"
"Williamson","8","377","Texas","5/10/20","323","54","48491","16.72"
"Wilson","0","35","Texas","5/10/20","33","2","48493","6.06"
"Winkler","0","3","Texas","5/10/20","3","0","48495","0"
"Wise","1","30","Texas","5/10/20","24","6","48497","25"
"Wood","1","14","Texas","5/10/20","10","4","48499","40"
"Yoakum","0","2","Texas","5/10/20","1","1","48501","100"
"Young","0","4","Texas","5/10/20","4","0","48503","0"
"Zapata","0","7","Texas","5/10/20","7","0","48505","0"
"Zavala","0","2","Texas","5/10/20","1","1","48507","100"
"Bear River","2","78","Utah","5/10/20","62","16","00000","25.81"
"Central Utah","1","28","Utah","5/10/20","24","4","00000","16.67"
"Davis","5","336","Utah","5/10/20","300","36","49011","12"
"Salt Lake","83","3291","Utah","5/10/20","2707","584","49035","21.57"
"San Juan","7","147","Utah","5/10/20","100","47","49037","47"
"Southeast Utah","0","13","Utah","5/10/20","11","2","00000","18.18"
"Southwest Utah","8","164","Utah","5/10/20","111","53","00000","47.75"
"Summit","1","385","Utah","5/10/20","376","9","49043","2.39"
"Tooele","1","77","Utah","5/10/20","71","6","49045","8.45"
"TriCounty","0","16","Utah","5/10/20","14","2","00000","14.29"
"Utah","39","1346","Utah","5/10/20","1073","273","49049","25.44"
"Wasatch","2","176","Utah","5/10/20","159","17","49051","10.69"
"Weber-Morgan","4","194","Utah","5/10/20","167","27","00000","16.17"
"Addison","0","62","Vermont","5/10/20","61","1","50001","1.64"
"Bennington","1","61","Vermont","5/10/20","51","10","50003","19.61"
"Caledonia","0","14","Vermont","5/10/20","14","0","50005","0"
"Chittenden","1","432","Vermont","5/10/20","423","9","50007","2.13"
"Essex","0","2","Vermont","5/10/20","2","0","50009","0"
"Franklin","0","99","Vermont","5/10/20","99","0","50011","0"
"Grand Isle","0","4","Vermont","5/10/20","4","0","50013","0"
"Lamoille","0","26","Vermont","5/10/20","25","1","50015","4"
"Orange","0","8","Vermont","5/10/20","7","1","50017","14.29"
"Orleans","0","9","Vermont","5/10/20","9","0","50019","0"
"Rutland","0","49","Vermont","5/10/20","49","0","50021","0"
"Washington","0","38","Vermont","5/10/20","35","3","50023","8.57"
"Windham","0","74","Vermont","5/10/20","72","2","50025","2.78"
"Windsor","0","45","Vermont","5/10/20","42","3","50027","7.14"
"","0","69","Virgin Islands","5/10/20","66","3",,"4.55"
"Accomack","15","508","Virginia","5/10/20","400","108","51001","27"
"Albemarle","2","120","Virginia","5/10/20","108","12","51003","11.11"
"Alexandria","42","1193","Virginia","5/10/20","899","294","51510","32.7"
"Alleghany","0","6","Virginia","5/10/20","6","0","51005","0"
"Amelia","0","17","Virginia","5/10/20","16","1","51007","6.25"
"Amherst","0","15","Virginia","5/10/20","14","1","51009","7.14"
"Appomattox","0","22","Virginia","5/10/20","21","1","51011","4.76"
"Arlington","37","1368","Virginia","5/10/20","1106","262","51013","23.69"
"Augusta","3","64","Virginia","5/10/20","46","18","51015","39.13"
"Bedford","1","38","Virginia","5/10/20","34","4","51019","11.76"
"Botetourt","0","29","Virginia","5/10/20","28","1","51023","3.57"
"Bristol","0","3","Virginia","5/10/20","2","1","51520","50"
"Brunswick","0","18","Virginia","5/10/20","15","3","51025","20"
"Buchanan","0","16","Virginia","5/10/20","16","0","51027","0"
"Buckingham","16","246","Virginia","5/10/20","137","109","51029","79.56"
"Buena Vista","0","8","Virginia","5/10/20","6","2","51530","33.33"
"Campbell","0","13","Virginia","5/10/20","13","0","51031","0"
"Caroline","1","38","Virginia","5/10/20","31","7","51033","22.58"
"Carroll","3","33","Virginia","5/10/20","15","18","51035","120"
"Charles City","1","21","Virginia","5/10/20","17","4","51036","23.53"
"Charlotte","0","11","Virginia","5/10/20","9","2","51037","22.22"
"Charlottesville","0","66","Virginia","5/10/20","63","3","51540","4.76"
"Chesapeake","7","328","Virginia","5/10/20","279","49","51550","17.56"
"Chesterfield","27","787","Virginia","5/10/20","601","186","51041","30.95"
"Clarke","1","16","Virginia","5/10/20","10","6","51043","60"
"Colonial Heights","1","66","Virginia","5/10/20","57","9","51570","15.79"
"Covington","0","1","Virginia","5/10/20","1","0","51580","0"
"Craig","0","4","Virginia","5/10/20","3","1","51045","33.33"
"Culpeper","10","264","Virginia","5/10/20","191","73","51047","38.22"
"Cumberland","0","13","Virginia","5/10/20","12","1","51049","8.33"
"Danville","0","38","Virginia","5/10/20","37","1","51590","2.7"
"Dinwiddie","1","27","Virginia","5/10/20","18","9","51053","50"
"Emporia","3","48","Virginia","5/10/20","24","24","51595","100"
"Essex","2","23","Virginia","5/10/20","11","12","51057","109.09"
"Fairfax","222","5892","Virginia","5/10/20","4340","1552","51059","35.76"
"Fairfax City","1","39","Virginia","5/10/20","32","7","51600","21.88"
"Falls Church","0","37","Virginia","5/10/20","35","2","51610","5.71"
"Fauquier","6","172","Virginia","5/10/20","133","39","51061","29.32"
"Floyd","0","3","Virginia","5/10/20","3","0","51063","0"
"Fluvanna","0","79","Virginia","5/10/20","76","3","51065","3.95"
"Franklin","1","27","Virginia","5/10/20","23","4","51067","17.39"
"Franklin City","0","26","Virginia","5/10/20","23","3","51620","13.04"
"Frederick","6","164","Virginia","5/10/20","121","43","51069","35.54"
"Fredericksburg","3","61","Virginia","5/10/20","39","22","51630","56.41"
"Galax","5","45","Virginia","5/10/20","12","33","51640","275"
"Giles","1","8","Virginia","5/10/20","4","4","51071","100"
"Gloucester","0","27","Virginia","5/10/20","25","2","51073","8"
"Goochland","0","81","Virginia","5/10/20","79","2","51075","2.53"
"Grayson","1","12","Virginia","5/10/20","2","10","51077","500"
"Greene","1","15","Virginia","5/10/20","10","5","51079","50"
"Greensville","1","46","Virginia","5/10/20","39","7","51081","17.95"
"Halifax","0","22","Virginia","5/10/20","19","3","51083","15.79"
"Hampton","3","144","Virginia","5/10/20","123","21","51650","17.07"
"Hanover","5","170","Virginia","5/10/20","137","33","51085","24.09"
"Harrisonburg","14","579","Virginia","5/10/20","478","101","51660","21.13"
"Henrico","16","1067","Virginia","5/10/20","954","113","51087","11.84"
"Henry","0","22","Virginia","5/10/20","19","3","51089","15.79"
"Highland","0","2","Virginia","5/10/20","2","0","51091","0"
"Hopewell","1","37","Virginia","5/10/20","27","10","51670","37.04"
"Isle of Wight","2","110","Virginia","5/10/20","99","11","51093","11.11"
"James City","1","173","Virginia","5/10/20","163","10","51095","6.13"
"King and Queen","0","5","Virginia","5/10/20","3","2","51097","66.67"
"King George","1","41","Virginia","5/10/20","35","6","51099","17.14"
"King William","0","11","Virginia","5/10/20","9","2","51101","22.22"
"Lancaster","0","6","Virginia","5/10/20","4","2","51103","50"
"Lee","0","10","Virginia","5/10/20","10","0","51105","0"
"Lexington","0","4","Virginia","5/10/20","6","-2","51678","-33.33"
"Loudoun","33","1159","Virginia","5/10/20","931","228","51107","24.49"
"Louisa","1","55","Virginia","5/10/20","46","9","51109","19.57"
"Lunenburg","0","6","Virginia","5/10/20","4","2","51111","50"
"Lynchburg","1","68","Virginia","5/10/20","64","4","51680","6.25"
"Madison","1","21","Virginia","5/10/20","15","6","51113","40"
"Manassas","16","381","Virginia","5/10/20","266","115","51683","43.23"
"Manassas Park","5","120","Virginia","5/10/20","82","38","51685","46.34"
"Martinsville","0","2","Virginia","5/10/20","2","0","51690","0"
"Mathews","0","5","Virginia","5/10/20","4","1","51115","25"
"Mecklenburg","2","122","Virginia","5/10/20","106","16","51117","15.09"
"Middlesex","0","10","Virginia","5/10/20","7","3","51119","42.86"
"Montgomery","1","65","Virginia","5/10/20","56","9","51121","16.07"
"Nelson","0","10","Virginia","5/10/20","8","2","51125","25"
"New Kent","0","26","Virginia","5/10/20","25","1","51127","4"
"Newport News","5","159","Virginia","5/10/20","125","34","51700","27.2"
"Norfolk","12","304","Virginia","5/10/20","221","83","51710","37.56"
"Northampton","4","163","Virginia","5/10/20","134","29","51131","21.64"
"Northumberland","0","10","Virginia","5/10/20","9","1","51133","11.11"
"Norton","0","2","Virginia","5/10/20","2","0","51720","0"
"Nottoway","0","14","Virginia","5/10/20","13","1","51135","7.69"
"Orange","1","46","Virginia","5/10/20","37","9","51137","24.32"
"Page","3","128","Virginia","5/10/20","109","19","51139","17.43"
"Patrick","0","4","Virginia","5/10/20","2","2","51141","100"
"Petersburg","1","45","Virginia","5/10/20","35","10","51730","28.57"
"Pittsylvania","0","17","Virginia","5/10/20","14","3","51143","21.43"
"Poquoson","0","7","Virginia","5/10/20","6","1","51735","16.67"
"Portsmouth","3","202","Virginia","5/10/20","183","19","51740","10.38"
"Powhatan","0","18","Virginia","5/10/20","15","3","51145","20"
"Prince Edward","2","66","Virginia","5/10/20","55","11","51147","20"
"Prince George","1","44","Virginia","5/10/20","35","9","51149","25.71"
"Prince William","102","2740","Virginia","5/10/20","2026","714","51153","35.24"
"Pulaski","0","9","Virginia","5/10/20","9","0","51155","0"
"Radford","0","3","Virginia","5/10/20","3","0","51750","0"
"Rappahannock","0","8","Virginia","5/10/20","6","2","51157","33.33"
"Richmond","6","189","Virginia","5/10/20","145","44","51159","30.34"
"Richmond City","18","530","Virginia","5/10/20","403","127","51760","31.51"
"Roanoke","1","62","Virginia","5/10/20","57","5","51161","8.77"
"Roanoke City","2","93","Virginia","5/10/20","81","12","51770","14.81"
"Rockbridge","0","9","Virginia","5/10/20","7","2","51163","28.57"
"Rockingham","11","344","Virginia","5/10/20","265","79","51165","29.81"
"Russell","0","6","Virginia","5/10/20","5","1","51167","20"
"Salem","1","31","Virginia","5/10/20","26","5","51775","19.23"
"Scott","0","7","Virginia","5/10/20","7","0","51169","0"
"Shenandoah","14","245","Virginia","5/10/20","145","100","51171","68.97"
"Smyth","0","13","Virginia","5/10/20","13","0","51173","0"
"Southampton","1","131","Virginia","5/10/20","127","4","51175","3.15"
"Spotsylvania","9","248","Virginia","5/10/20","186","62","51177","33.33"
"Stafford","15","374","Virginia","5/10/20","271","103","51179","38.01"
"Staunton","0","15","Virginia","5/10/20","13","2","51790","15.38"
"Suffolk","4","215","Virginia","5/10/20","190","25","51800","13.16"
"Surry","0","5","Virginia","5/10/20","4","1","51181","25"
"Sussex","0","33","Virginia","5/10/20","31","2","51183","6.45"
"Tazewell","0","7","Virginia","5/10/20","6","1","51185","16.67"
"Virginia Beach","11","491","Virginia","5/10/20","413","78","51810","18.89"
"Warren","3","85","Virginia","5/10/20","61","24","51187","39.34"
"Washington","1","49","Virginia","5/10/20","39","10","51191","25.64"
"Waynesboro","1","21","Virginia","5/10/20","14","7","51820","50"
"Westmoreland","2","38","Virginia","5/10/20","26","12","51193","46.15"
"Williamsburg","2","39","Virginia","5/10/20","22","17","51830","77.27"
"Winchester","2","66","Virginia","5/10/20","49","17","51840","34.69"
"Wise","0","22","Virginia","5/10/20","22","0","51195","0"
"Wythe","0","13","Virginia","5/10/20","12","1","51197","8.33"
"York","1","56","Virginia","5/10/20","47","9","51199","19.15"
"Adams","0","49","Washington","5/10/20","48","1","53001","2.08"
"Asotin","0","18","Washington","5/10/20","18","0","53003","0"
"Benton","8","577","Washington","5/10/20","518","59","53005","11.39"
"Chelan","4","148","Washington","5/10/20","118","30","53007","25.42"
"Clallam","0","19","Washington","5/10/20","19","0","53009","0"
"Clark","3","351","Washington","5/10/20","328","23","53011","7.01"
"Columbia","0","1","Washington","5/10/20","1","0","53013","0"
"Cowlitz","2","66","Washington","5/10/20","53","13","53015","24.53"
"Douglas","4","112","Washington","5/10/20","82","30","53017","36.59"
"Ferry","0","1","Washington","5/10/20","1","0","53019","0"
"Franklin","7","412","Washington","5/10/20","363","49","53021","13.5"
"Grant","2","181","Washington","5/10/20","170","11","53025","6.47"
"Grays Harbor","0","13","Washington","5/10/20","12","1","53027","8.33"
"Island","1","174","Washington","5/10/20","169","5","53029","2.96"
"Jefferson","0","29","Washington","5/10/20","28","1","53031","3.57"
"King","80","7007","Washington","5/10/20","6449","558","53033","8.65"
"Kitsap","1","155","Washington","5/10/20","150","5","53035","3.33"
"Kittitas","0","18","Washington","5/10/20","15","3","53037","20"
"Klickitat","0","19","Washington","5/10/20","18","1","53039","5.56"
"Lewis","0","30","Washington","5/10/20","29","1","53041","3.45"
"Lincoln","0","2","Washington","5/10/20","2","0","53043","0"
"Mason","0","28","Washington","5/10/20","26","2","53045","7.69"
"Okanogan","1","25","Washington","5/10/20","21","4","53047","19.05"
"Pacific","1","9","Washington","5/10/20","4","5","53049","125"
"Pend Oreille","0","2","Washington","5/10/20","2","0","53051","0"
"Pierce","24","1562","Washington","5/10/20","1393","169","53053","12.13"
"San Juan","0","15","Washington","5/10/20","14","1","53055","7.14"
"Skagit","7","401","Washington","5/10/20","354","47","53057","13.28"
"Skamania","0","3","Washington","5/10/20","3","0","53059","0"
"Snohomish","25","2681","Washington","5/10/20","2509","172","53061","6.86"
"Spokane","2","382","Washington","5/10/20","369","13","53063","3.52"
"Stevens","0","9","Washington","5/10/20","9","0","53065","0"
"Thurston","1","121","Washington","5/10/20","111","10","53067","9.01"
"Wahkiakum","0","3","Washington","5/10/20","2","1","53069","50"
"Walla Walla","2","99","Washington","5/10/20","88","11","53071","12.5"
"Whatcom","2","333","Washington","5/10/20","316","17","53073","5.38"
"Whitman","0","15","Washington","5/10/20","14","1","53075","7.14"
"Yakima","69","1781","Washington","5/10/20","1296","485","53077","37.42"
"Barbour","0","7","West Virginia","5/10/20","5","2","54001","40"
"Berkeley","4","188","West Virginia","5/10/20","159","29","54003","18.24"
"Boone","0","9","West Virginia","5/10/20","6","3","54005","50"
"Braxton","0","2","West Virginia","5/10/20","2","0","54007","0"
"Brooke","0","3","West Virginia","5/10/20","3","0","54009","0"
"Cabell","1","52","West Virginia","5/10/20","44","8","54011","18.18"
"Clay","0","2","West Virginia","5/10/20","0","2","54015","1"
"Fayette","3","35","West Virginia","5/10/20","15","20","54019","133.33"
"Gilmer","1","8","West Virginia","5/10/20","2","6","54021","300"
"Grant","0","3","West Virginia","5/10/20","1","2","54023","200"
"Greenbrier","0","8","West Virginia","5/10/20","6","2","54025","33.33"
"Hampshire","0","9","West Virginia","5/10/20","7","2","54027","28.57"
"Hancock","0","12","West Virginia","5/10/20","11","1","54029","9.09"
"Hardy","1","16","West Virginia","5/10/20","7","9","54031","128.57"
"Harrison","0","33","West Virginia","5/10/20","31","2","54033","6.45"
"Jackson","1","136","West Virginia","5/10/20","130","6","54035","4.62"
"Jefferson","1","88","West Virginia","5/10/20","81","7","54037","8.64"
"Kanawha","2","183","West Virginia","5/10/20","167","16","54039","9.58"
"Lewis","0","4","West Virginia","5/10/20","4","0","54041","0"
"Lincoln","0","5","West Virginia","5/10/20","2","3","54043","150"
"Logan","0","13","West Virginia","5/10/20","13","0","54045","0"
"Marion","0","46","West Virginia","5/10/20","46","0","54049","0"
"Marshall","1","22","West Virginia","5/10/20","16","6","54051","37.5"
"Mason","0","13","West Virginia","5/10/20","12","1","54053","8.33"
"McDowell","0","6","West Virginia","5/10/20","6","0","54047","0"
"Mercer","0","11","West Virginia","5/10/20","10","1","54055","10"
"Mineral","1","23","West Virginia","5/10/20","18","5","54057","27.78"
"Mingo","0","2","West Virginia","5/10/20","2","0","54059","0"
"Monongalia","1","114","West Virginia","5/10/20","105","9","54061","8.57"
"Monroe","0","6","West Virginia","5/10/20","5","1","54063","20"
"Morgan","0","16","West Virginia","5/10/20","13","3","54065","23.08"
"Nicholas","0","8","West Virginia","5/10/20","6","2","54067","33.33"
"Ohio","1","37","West Virginia","5/10/20","33","4","54069","12.12"
"Pendleton","0","5","West Virginia","5/10/20","3","2","54071","66.67"
"Pleasants","0","2","West Virginia","5/10/20","2","0","54073","0"
"Pocahontas","0","2","West Virginia","5/10/20","2","0","54075","0"
"Preston","0","14","West Virginia","5/10/20","13","1","54077","7.69"
"Putnam","0","27","West Virginia","5/10/20","28","-1","54079","-3.57"
"Raleigh","0","9","West Virginia","5/10/20","11","-2","54081","-18.18"
"Randolph","0","5","West Virginia","5/10/20","4","1","54083","25"
"Ritchie","0","1","West Virginia","5/10/20","1","0","54085","0"
"Roane","0","8","West Virginia","5/10/20","7","1","54087","14.29"
"Summers","0","1","West Virginia","5/10/20","1","0","54089","0"
"Taylor","0","8","West Virginia","5/10/20","7","1","54091","14.29"
"Tucker","0","4","West Virginia","5/10/20","4","0","54093","0"
"Tyler","0","3","West Virginia","5/10/20","3","0","54095","0"
"Upshur","0","5","West Virginia","5/10/20","4","1","54097","25"
"Wayne","1","93","West Virginia","5/10/20","89","4","54099","4.49"
"Wetzel","0","6","West Virginia","5/10/20","3","3","54103","100"
"Wirt","0","3","West Virginia","5/10/20","3","0","54105","0"
"Wood","0","43","West Virginia","5/10/20","41","2","54107","4.88"
"Wyoming","0","1","West Virginia","5/10/20","1","0","54109","0"
"Adams","0","4","Wisconsin","5/10/20","4","0","55001","0"
"Ashland","0","2","Wisconsin","5/10/20","2","0","55003","0"
"Barron","1","12","Wisconsin","5/10/20","7","5","55005","71.43"
"Bayfield","0","3","Wisconsin","5/10/20","3","0","55007","0"
"Brown","77","1897","Wisconsin","5/10/20","1358","539","55009","39.69"
"Buffalo","0","5","Wisconsin","5/10/20","4","1","55011","25"
"Calumet","3","40","Wisconsin","5/10/20","18","22","55015","122.22"
"Chippewa","1","29","Wisconsin","5/10/20","25","4","55017","16"
"Clark","0","24","Wisconsin","5/10/20","21","3","55019","14.29"
"Columbia","0","32","Wisconsin","5/10/20","29","3","55021","10.34"
"Crawford","2","17","Wisconsin","5/10/20","5","12","55023","240"
"Dane","5","472","Wisconsin","5/10/20","436","36","55025","8.26"
"Dodge","4","67","Wisconsin","5/10/20","38","29","55027","76.32"
"Door","1","21","Wisconsin","5/10/20","15","6","55029","40"
"Douglas","0","11","Wisconsin","5/10/20","9","2","55031","22.22"
"Dunn","0","14","Wisconsin","5/10/20","12","2","55033","16.67"
"Eau Claire","3","54","Wisconsin","5/10/20","36","18","55035","50"
"Florence","0","2","Wisconsin","5/10/20","2","0","55037","0"
"Fond du Lac","3","93","Wisconsin","5/10/20","73","20","55039","27.4"
"Forest","0","3","Wisconsin","5/10/20","0","3","55041","1"
"Grant","3","68","Wisconsin","5/10/20","48","20","55043","41.67"
"Green","3","33","Wisconsin","5/10/20","15","18","55045","120"
"Green Lake","1","8","Wisconsin","5/10/20","3","5","55047","166.67"
"Iowa","0","10","Wisconsin","5/10/20","7","3","55049","42.86"
"Iron","0","2","Wisconsin","5/10/20","2","0","55051","0"
"Jackson","0","14","Wisconsin","5/10/20","12","2","55053","16.67"
"Jefferson","1","50","Wisconsin","5/10/20","46","4","55055","8.7"
"Juneau","0","21","Wisconsin","5/10/20","18","3","55057","16.67"
"Kenosha","21","682","Wisconsin","5/10/20","534","148","55059","27.72"
"Kewaunee","2","29","Wisconsin","5/10/20","18","11","55061","61.11"
"La Crosse","1","33","Wisconsin","5/10/20","29","4","55063","13.79"
"Lafayette","1","13","Wisconsin","5/10/20","6","7","55065","116.67"
"Lincoln","0","1","Wisconsin","5/10/20","1","0","55069","0"
"Manitowoc","1","19","Wisconsin","5/10/20","13","6","55071","46.15"
"Marathon","1","24","Wisconsin","5/10/20","19","5","55073","26.32"
"Marinette","1","16","Wisconsin","5/10/20","11","5","55075","45.45"
"Marquette","0","3","Wisconsin","5/10/20","3","0","55077","0"
"Menominee","0","2","Wisconsin","5/10/20","1","1","55078","100"
"Milwaukee","101","3952","Wisconsin","5/10/20","3244","708","55079","21.82"
"Monroe","0","14","Wisconsin","5/10/20","14","0","55081","0"
"Oconto","1","27","Wisconsin","5/10/20","18","9","55083","50"
"Oneida","0","7","Wisconsin","5/10/20","6","1","55085","16.67"
"Outagamie","6","112","Wisconsin","5/10/20","68","44","55087","64.71"
"Ozaukee","2","105","Wisconsin","5/10/20","92","13","55089","14.13"
"Pierce","0","12","Wisconsin","5/10/20","10","2","55093","20"
"Polk","0","5","Wisconsin","5/10/20","4","1","55095","25"
"Portage","0","7","Wisconsin","5/10/20","6","1","55097","16.67"
"Price","0","1","Wisconsin","5/10/20","1","0","55099","0"
"Racine","38","704","Wisconsin","5/10/20","435","269","55101","61.84"
"Richland","0","13","Wisconsin","5/10/20","13","0","55103","0"
"Rock","13","354","Wisconsin","5/10/20","262","92","55105","35.11"
"Rusk","0","4","Wisconsin","5/10/20","4","0","55107","0"
"Sauk","1","71","Wisconsin","5/10/20","65","6","55111","9.23"
"Sawyer","0","4","Wisconsin","5/10/20","3","1","55113","33.33"
"Shawano","1","22","Wisconsin","5/10/20","16","6","55115","37.5"
"Sheboygan","2","66","Wisconsin","5/10/20","52","14","55117","26.92"
"St. Croix","1","27","Wisconsin","5/10/20","18","9","55109","50"
"Trempealeau","0","5","Wisconsin","5/10/20","3","2","55121","66.67"
"Vernon","0","3","Wisconsin","5/10/20","1","2","55123","200"
"Vilas","0","4","Wisconsin","5/10/20","4","0","55125","0"
"Walworth","5","235","Wisconsin","5/10/20","197","38","55127","19.29"
"Washburn","0","1","Wisconsin","5/10/20","1","0","55129","0"
"Washington","2","117","Wisconsin","5/10/20","101","16","55131","15.84"
"Waukesha","6","400","Wisconsin","5/10/20","360","40","55133","11.11"
"Waupaca","0","13","Wisconsin","5/10/20","10","3","55135","30"
"Waushara","0","4","Wisconsin","5/10/20","2","2","55137","100"
"Winnebago","4","98","Wisconsin","5/10/20","69","29","55139","42.03"
"Wood","0","2","Wisconsin","5/10/20","2","0","55141","0"
"Albany","0","8","Wyoming","5/10/20","8","0","56001","0"
"Big Horn","0","3","Wyoming","5/10/20","3","0","56003","0"
"Campbell","1","29","Wyoming","5/10/20","24","5","56005","20.83"
"Carbon","0","5","Wyoming","5/10/20","5","0","56007","0"
"Converse","0","23","Wyoming","5/10/20","23","0","56009","0"
"Crook","0","5","Wyoming","5/10/20","5","0","56011","0"
"Fremont","8","187","Wyoming","5/10/20","131","56","56013","42.75"
"Goshen","0","5","Wyoming","5/10/20","4","1","56015","25"
"Hot Springs","0","3","Wyoming","5/10/20","3","0","56017","0"
"Johnson","0","15","Wyoming","5/10/20","15","0","56019","0"
"Laramie","1","164","Wyoming","5/10/20","154","10","56021","6.49"
"Lincoln","0","11","Wyoming","5/10/20","9","2","56023","22.22"
"Natrona","0","48","Wyoming","5/10/20","48","0","56025","0"
"Niobrara","0","2","Wyoming","5/10/20","2","0","56027","0"
"Park","0","1","Wyoming","5/10/20","1","0","56029","0"
"Sheridan","0","16","Wyoming","5/10/20","16","0","56033","0"
"Sublette","0","3","Wyoming","5/10/20","3","0","56035","0"
"Sweetwater","0","19","Wyoming","5/10/20","18","1","56037","5.56"
"Teton","0","98","Wyoming","5/10/20","98","0","56039","0"
"Uinta","0","9","Wyoming","5/10/20","8","1","56041","12.5"
"Washakie","0","8","Wyoming","5/10/20","8","0","56043","0"
