"Locality","DailyAvgNewCasesPast7Days","TotalCases","State","Date","TotalCases7DaysAgo","NewCasesPast7Days","FIPS-Code","PercentIncreaseTotalCasesPast7Days"
"Autauga","5","120","Alabama","5/18/20","84","36","01001","42.86"
"Baldwin","5","260","Alabama","5/18/20","224","36","01003","16.07"
"Barbour","3","85","Alabama","5/18/20","61","24","01005","39.34"
"Bibb","1","50","Alabama","5/18/20","46","4","01007","8.7"
"Blount","0","47","Alabama","5/18/20","45","2","01009","4.44"
"Bullock","2","40","Alabama","5/18/20","26","14","01011","53.85"
"Butler","13","285","Alabama","5/18/20","196","89","01013","45.41"
"Calhoun","1","133","Alabama","5/18/20","125","8","01015","6.4"
"Chambers","1","329","Alabama","5/18/20","319","10","01017","3.13"
"Cherokee","1","28","Alabama","5/18/20","24","4","01019","16.67"
"Chilton","2","79","Alabama","5/18/20","67","12","01021","17.91"
"Choctaw","3","85","Alabama","5/18/20","67","18","01023","26.87"
"Clarke","2","75","Alabama","5/18/20","63","12","01025","19.05"
"Clay","0","27","Alabama","5/18/20","27","0","01027","0"
"Cleburne","0","13","Alabama","5/18/20","13","0","01029","0"
"Coffee","3","171","Alabama","5/18/20","150","21","01031","14"
"Colbert","3","93","Alabama","5/18/20","70","23","01033","32.86"
"Conecuh","1","19","Alabama","5/18/20","14","5","01035","35.71"
"Coosa","0","34","Alabama","5/18/20","33","1","01037","3.03"
"Covington","0","58","Alabama","5/18/20","55","3","01039","5.45"
"Crenshaw","1","53","Alabama","5/18/20","43","10","01041","23.26"
"Cullman","1","69","Alabama","5/18/20","65","4","01043","6.15"
"Dale","2","61","Alabama","5/18/20","45","16","01045","35.56"
"Dallas","4","151","Alabama","5/18/20","122","29","01047","23.77"
"DeKalb","5","196","Alabama","5/18/20","158","38","01049","24.05"
"Elmore","6","197","Alabama","5/18/20","152","45","01051","29.61"
"Escambia","0","39","Alabama","5/18/20","37","2","01053","5.41"
"Etowah","2","206","Alabama","5/18/20","193","13","01055","6.74"
"Fayette","0","9","Alabama","5/18/20","7","2","01057","28.57"
"Franklin","14","344","Alabama","5/18/20","247","97","01059","39.27"
"Geneva","1","22","Alabama","5/18/20","15","7","01061","46.67"
"Greene","2","87","Alabama","5/18/20","73","14","01063","19.18"
"Hale","3","91","Alabama","5/18/20","72","19","01065","26.39"
"Henry","1","40","Alabama","5/18/20","30","10","01067","33.33"
"Houston","4","137","Alabama","5/18/20","107","30","01069","28.04"
"Jackson","1","64","Alabama","5/18/20","60","4","01071","6.67"
"Jefferson","32","1355","Alabama","5/18/20","1131","224","01073","19.81"
"Lamar","0","15","Alabama","5/18/20","13","2","01075","15.38"
"Lauderdale","3","115","Alabama","5/18/20","96","19","01077","19.79"
"Lawrence","1","33","Alabama","5/18/20","26","7","01079","26.92"
"Lee","3","452","Alabama","5/18/20","429","23","01081","5.36"
"Limestone","1","65","Alabama","5/18/20","57","8","01083","14.04"
"Lowndes","4","133","Alabama","5/18/20","103","30","01085","29.13"
"Macon","1","55","Alabama","5/18/20","49","6","01087","12.24"
"Madison","4","278","Alabama","5/18/20","250","28","01089","11.2"
"Marengo","3","104","Alabama","5/18/20","83","21","01091","25.3"
"Marion","1","103","Alabama","5/18/20","96","7","01093","7.29"
"Marshall","8","632","Alabama","5/18/20","576","56","01095","9.72"
"Mobile","37","1735","Alabama","5/18/20","1474","261","01097","17.71"
"Monroe","1","20","Alabama","5/18/20","15","5","01099","33.33"
"Montgomery","32","863","Alabama","5/18/20","642","221","01101","34.42"
"Morgan","3","116","Alabama","5/18/20","95","21","01103","22.11"
"Perry","0","21","Alabama","5/18/20","19","2","01105","10.53"
"Pickens","2","82","Alabama","5/18/20","70","12","01107","17.14"
"Pike","1","107","Alabama","5/18/20","99","8","01109","8.08"
"Randolph","1","120","Alabama","5/18/20","111","9","01111","8.11"
"Russell","3","105","Alabama","5/18/20","81","24","01113","29.63"
"Shelby","5","404","Alabama","5/18/20","370","34","01117","9.19"
"St. Clair","1","91","Alabama","5/18/20","84","7","01115","8.33"
"Sumter","4","136","Alabama","5/18/20","106","30","01119","28.3"
"Talladega","1","81","Alabama","5/18/20","73","8","01121","10.96"
"Tallapoosa","5","366","Alabama","5/18/20","328","38","01123","11.59"
"Tuscaloosa","12","368","Alabama","5/18/20","284","84","01125","29.58"
"Walker","5","139","Alabama","5/18/20","107","32","01127","29.91"
"Washington","1","61","Alabama","5/18/20","54","7","01129","12.96"
"Wilcox","1","95","Alabama","5/18/20","85","10","01131","11.76"
"Winston","2","39","Alabama","5/18/20","23","16","01133","69.57"
"Anchorage","1","199","Alaska","5/18/20","194","5","02020","2.58"
"Bethel","0","1","Alaska","5/18/20","1","0","02050","0"
"Fairbanks North Star","0","84","Alaska","5/18/20","84","0","02090","0"
"Juneau","0","29","Alaska","5/18/20","27","2","02110","7.41"
"Kenai Peninsula","0","24","Alaska","5/18/20","24","0","02122","0"
"Ketchikan Gateway","0","16","Alaska","5/18/20","16","0","02130","0"
"Kodiak Island","0","1","Alaska","5/18/20","1","0","02150","0"
"Matanuska-Susitna","0","21","Alaska","5/18/20","21","0","02170","0"
"Nome","0","1","Alaska","5/18/20","1","0","02180","0"
"Petersburg","0","4","Alaska","5/18/20","4","0","02195","0"
"Prince of Wales-Hyder","0","2","Alaska","5/18/20","2","0","02198","0"
"Sitka","0","1","Alaska","5/18/20","1","0","02220","0"
"Southeast Fairbanks","0","3","Alaska","5/18/20","2","1","02240","50"
"Yukon-Koyukuk","0","1","Alaska","5/18/20","1","0","02290","0"
"Apache","37","988","Arizona","5/18/20","727","261","04001","35.9"
"Cochise","1","46","Arizona","5/18/20","42","4","04003","9.52"
"Coconino","27","901","Arizona","5/18/20","713","188","04005","26.37"
"Gila","0","22","Arizona","5/18/20","19","3","04007","15.79"
"Graham","0","20","Arizona","5/18/20","19","1","04009","5.26"
"Greenlee","0","2","Arizona","5/18/20","2","0","04011","0"
"La Paz","2","38","Arizona","5/18/20","23","15","04012","65.22"
"Maricopa","193","7340","Arizona","5/18/20","5988","1352","04013","22.58"
"Mohave","8","251","Arizona","5/18/20","198","53","04015","26.77"
"Navajo","40","1285","Arizona","5/18/20","1006","279","04017","27.73"
"Pima","32","1825","Arizona","5/18/20","1602","223","04019","13.92"
"Pinal","12","702","Arizona","5/18/20","620","82","04021","13.23"
"Santa Cruz","5","78","Arizona","5/18/20","45","33","04023","73.33"
"Yavapai","12","267","Arizona","5/18/20","180","87","04025","48.33"
"Yuma","35","443","Arizona","5/18/20","199","244","04027","122.61"
"Arkansas","0","2","Arkansas","5/18/20","2","0","05001","0"
"Ashley","0","18","Arkansas","5/18/20","18","0","05003","0"
"Baxter","0","6","Arkansas","5/18/20","5","1","05005","20"
"Benton","4","150","Arkansas","5/18/20","123","27","05007","21.95"
"Boone","0","4","Arkansas","5/18/20","4","0","05009","0"
"Bradley","1","15","Arkansas","5/18/20","11","4","05011","36.36"
"Carroll","0","6","Arkansas","5/18/20","6","0","05015","0"
"Chicot","0","11","Arkansas","5/18/20","10","1","05017","10"
"Clark","0","35","Arkansas","5/18/20","33","2","05019","6.06"
"Clay","0","4","Arkansas","5/18/20","4","0","05021","0"
"Cleburne","0","72","Arkansas","5/18/20","72","0","05023","0"
"Cleveland","0","16","Arkansas","5/18/20","13","3","05025","23.08"
"Columbia","0","16","Arkansas","5/18/20","15","1","05027","6.67"
"Conway","0","14","Arkansas","5/18/20","13","1","05029","7.69"
"Craighead","6","141","Arkansas","5/18/20","98","43","05031","43.88"
"Crawford","1","11","Arkansas","5/18/20","5","6","05033","120"
"Crittenden","4","237","Arkansas","5/18/20","210","27","05035","12.86"
"Cross","1","36","Arkansas","5/18/20","29","7","05037","24.14"
"Dallas","0","1","Arkansas","5/18/20","1","0","05039","0"
"Desha","0","18","Arkansas","5/18/20","17","1","05041","5.88"
"Drew","0","19","Arkansas","5/18/20","19","0","05043","0"
"Faulkner","2","94","Arkansas","5/18/20","82","12","05045","14.63"
"Franklin","0","2","Arkansas","5/18/20","2","0","05047","0"
"Fulton","0","4","Arkansas","5/18/20","3","1","05049","33.33"
"Garland","2","130","Arkansas","5/18/20","119","11","05051","9.24"
"Grant","0","16","Arkansas","5/18/20","15","1","05053","6.67"
"Greene","0","24","Arkansas","5/18/20","23","1","05055","4.35"
"Hempstead","0","9","Arkansas","5/18/20","7","2","05057","28.57"
"Hot Spring","0","29","Arkansas","5/18/20","26","3","05059","11.54"
"Howard","0","14","Arkansas","5/18/20","14","0","05061","0"
"Independence","1","26","Arkansas","5/18/20","17","9","05063","52.94"
"Izard","0","13","Arkansas","5/18/20","13","0","05065","0"
"Jackson","0","1","Arkansas","5/18/20","1","0","05067","0"
"Jefferson","36","491","Arkansas","5/18/20","238","253","05069","106.3"
"Johnson","0","35","Arkansas","5/18/20","34","1","05071","2.94"
"Lafayette","0","9","Arkansas","5/18/20","9","0","05073","0"
"Lawrence","1","73","Arkansas","5/18/20","69","4","05075","5.8"
"Lee","1","12","Arkansas","5/18/20","5","7","05077","140"
"Lincoln","3","965","Arkansas","5/18/20","941","24","05079","2.55"
"Little River","0","1","Arkansas","5/18/20","0","1","05081","1"
"Logan","0","4","Arkansas","5/18/20","3","1","05083","33.33"
"Lonoke","0","45","Arkansas","5/18/20","45","0","05085","0"
"Madison","0","1","Arkansas","5/18/20","1","0","05087","0"
"Marion","0","1","Arkansas","5/18/20","1","0","05089","0"
"Miller","1","42","Arkansas","5/18/20","37","5","05091","13.51"
"Mississippi","1","62","Arkansas","5/18/20","52","10","05093","19.23"
"Monroe","0","5","Arkansas","5/18/20","5","0","05095","0"
"Montgomery","0","1","Arkansas","5/18/20","1","0","05097","0"
"Nevada","0","4","Arkansas","5/18/20","3","1","05099","33.33"
"Newton","0","3","Arkansas","5/18/20","3","0","05101","0"
"Ouachita","0","10","Arkansas","5/18/20","9","1","05103","11.11"
"Perry","1","12","Arkansas","5/18/20","8","4","05105","50"
"Phillips","0","5","Arkansas","5/18/20","4","1","05107","25"
"Pike","0","3","Arkansas","5/18/20","3","0","05109","0"
"Poinsett","0","27","Arkansas","5/18/20","25","2","05111","8"
"Polk","0","8","Arkansas","5/18/20","7","1","05113","14.29"
"Pope","4","76","Arkansas","5/18/20","48","28","05115","58.33"
"Prairie","0","2","Arkansas","5/18/20","2","0","05117","0"
"Pulaski","9","693","Arkansas","5/18/20","630","63","05119","10"
"Randolph","0","22","Arkansas","5/18/20","22","0","05121","0"
"Saline","1","82","Arkansas","5/18/20","73","9","05125","12.33"
"Scott","0","1","Arkansas","5/18/20","1","0","05127","0"
"Searcy","0","6","Arkansas","5/18/20","6","0","05129","0"
"Sebastian","0","16","Arkansas","5/18/20","15","1","05131","6.67"
"Sevier","2","32","Arkansas","5/18/20","21","11","05133","52.38"
"Sharp","3","37","Arkansas","5/18/20","16","21","05135","131.25"
"St. Francis","10","349","Arkansas","5/18/20","279","70","05123","25.09"
"Stone","0","8","Arkansas","5/18/20","8","0","05137","0"
"Union","4","107","Arkansas","5/18/20","76","31","05139","40.79"
"Van Buren","0","28","Arkansas","5/18/20","28","0","05141","0"
"Washington","5","145","Arkansas","5/18/20","110","35","05143","31.82"
"White","0","37","Arkansas","5/18/20","36","1","05145","2.78"
"Woodruff","0","1","Arkansas","5/18/20","1","0","05147","0"
"Yell","3","28","Arkansas","5/18/20","7","21","05149","300"
"Alameda","51","2457","California","5/18/20","2101","356","06001","16.94"
"Alpine","0","2","California","5/18/20","2","0","06003","0"
"Amador","0","10","California","5/18/20","8","2","06005","25"
"Butte","1","24","California","5/18/20","20","4","06007","20"
"Calaveras","0","13","California","5/18/20","13","0","06009","0"
"Colusa","0","3","California","5/18/20","3","0","06011","0"
"Contra Costa","15","1155","California","5/18/20","1048","107","06013","10.21"
"Del Norte","1","8","California","5/18/20","3","5","06015","166.67"
"El Dorado","2","67","California","5/18/20","56","11","06017","19.64"
"Fresno","35","1192","California","5/18/20","945","247","06019","26.14"
"Glenn","0","9","California","5/18/20","6","3","06021","50"
"Humboldt","2","77","California","5/18/20","61","16","06023","26.23"
"Imperial","45","876","California","5/18/20","564","312","06025","55.32"
"Inyo","0","19","California","5/18/20","19","0","06027","0"
"Kern","36","1537","California","5/18/20","1286","251","06029","19.52"
"Kings","11","399","California","5/18/20","319","80","06031","25.08"
"Lake","0","10","California","5/18/20","8","2","06033","25"
"Los Angeles","885","38458","California","5/18/20","32263","6195","06037","19.2"
"Madera","1","71","California","5/18/20","67","4","06039","5.97"
"Marin","7","317","California","5/18/20","265","52","06041","19.62"
"Mariposa","0","15","California","5/18/20","15","0","06043","0"
"Mendocino","0","14","California","5/18/20","12","2","06045","16.67"
"Merced","6","216","California","5/18/20","173","43","06047","24.86"
"Mono","0","34","California","5/18/20","32","2","06051","6.25"
"Monterey","9","341","California","5/18/20","279","62","06053","22.22"
"Napa","2","92","California","5/18/20","79","13","06055","16.46"
"Nevada","0","41","California","5/18/20","41","0","06057","0"
"Orange","125","4434","California","5/18/20","3557","877","06059","24.66"
"Placer","1","175","California","5/18/20","170","5","06061","2.94"
"Plumas","0","4","California","5/18/20","4","0","06063","0"
"Riverside","109","5952","California","5/18/20","5189","763","06065","14.7"
"Sacramento","10","1245","California","5/18/20","1173","72","06067","6.14"
"San Benito","1","61","California","5/18/20","56","5","06069","8.93"
"San Bernardino","83","3593","California","5/18/20","3015","578","06071","19.17"
"San Diego","110","5836","California","5/18/20","5065","771","06073","15.22"
"San Francisco","25","2131","California","5/18/20","1954","177","06075","9.06"
"San Joaquin","11","699","California","5/18/20","621","78","06077","12.56"
"San Luis Obispo","3","246","California","5/18/20","226","20","06079","8.85"
"San Mateo","30","1671","California","5/18/20","1464","207","06081","14.14"
"Santa Barbara","16","1474","California","5/18/20","1362","112","06083","8.22"
"Santa Clara","16","2453","California","5/18/20","2341","112","06085","4.78"
"Santa Cruz","3","163","California","5/18/20","141","22","06087","15.6"
"Shasta","0","34","California","5/18/20","32","2","06089","6.25"
"Siskiyou","0","6","California","5/18/20","5","1","06093","20"
"Solano","4","410","California","5/18/20","379","31","06095","8.18"
"Sonoma","11","387","California","5/18/20","309","78","06097","25.24"
"Stanislaus","9","571","California","5/18/20","508","63","06099","12.4"
"Sutter","1","40","California","5/18/20","34","6","06101","17.65"
"Tehama","0","2","California","5/18/20","1","1","06103","100"
"Trinity","0","1","California","5/18/20","1","0","06105","0"
"Tulare","40","1436","California","5/18/20","1159","277","06107","23.9"
"Tuolumne","0","2","California","5/18/20","2","0","06109","0"
"Ventura","12","764","California","5/18/20","678","86","06111","12.68"
"Yolo","1","184","California","5/18/20","174","10","06113","5.75"
"Yuba","1","26","California","5/18/20","21","5","06115","23.81"
"Adams","52","2640","Colorado","5/18/20","2278","362","08001","15.89"
"Alamosa","1","42","Colorado","5/18/20","32","10","08003","31.25"
"Arapahoe","65","3767","Colorado","5/18/20","3313","454","08005","13.7"
"Archuleta","0","8","Colorado","5/18/20","8","0","08007","0"
"Baca","0","12","Colorado","5/18/20","12","0","08009","0"
"Bent","0","1","Colorado","5/18/20","1","0","08011","0"
"Boulder","11","857","Colorado","5/18/20","777","80","08013","10.3"
"Broomfield","2","213","Colorado","5/18/20","200","13","08014","6.5"
"Chaffee","0","69","Colorado","5/18/20","68","1","08015","1.47"
"Cheyenne","0","5","Colorado","5/18/20","5","0","08017","0"
"Clear Creek","0","16","Colorado","5/18/20","14","2","08019","14.29"
"Conejos","0","1","Colorado","5/18/20","1","0","08021","0"
"Costilla","0","4","Colorado","5/18/20","3","1","08023","33.33"
"Crowley","0","39","Colorado","5/18/20","39","0","08025","0"
"Custer","0","2","Colorado","5/18/20","2","0","08027","0"
"Delta","0","55","Colorado","5/18/20","55","0","08029","0"
"Denver","86","4720","Colorado","5/18/20","4118","602","08031","14.62"
"Douglas","6","649","Colorado","5/18/20","604","45","08035","7.45"
"Eagle","2","570","Colorado","5/18/20","559","11","08037","1.97"
"El Paso","30","1348","Colorado","5/18/20","1137","211","08041","18.56"
"Elbert","1","47","Colorado","5/18/20","39","8","08039","20.51"
"Fremont","0","25","Colorado","5/18/20","23","2","08043","8.7"
"Garfield","2","114","Colorado","5/18/20","103","11","08045","10.68"
"Gilpin","0","4","Colorado","5/18/20","1","3","08047","300"
"Grand","0","5","Colorado","5/18/20","5","0","08049","0"
"Gunnison","1","179","Colorado","5/18/20","173","6","08051","3.47"
"Hinsdale","0","3","Colorado","5/18/20","3","0","08053","0"
"Huerfano","0","3","Colorado","5/18/20","3","0","08055","0"
"Jefferson","27","1849","Colorado","5/18/20","1658","191","08059","11.52"
"Kit Carson","0","26","Colorado","5/18/20","25","1","08063","4"
"La Plata","0","68","Colorado","5/18/20","65","3","08067","4.62"
"Lake","0","26","Colorado","5/18/20","23","3","08065","13.04"
"Larimer","6","495","Colorado","5/18/20","452","43","08069","9.51"
"Las Animas","0","4","Colorado","5/18/20","4","0","08071","0"
"Lincoln","0","3","Colorado","5/18/20","3","0","08073","0"
"Logan","8","488","Colorado","5/18/20","432","56","08075","12.96"
"Mesa","0","50","Colorado","5/18/20","51","-1","08077","-1.96"
"Mineral","0","2","Colorado","5/18/20","2","0","08079","0"
"Moffat","0","6","Colorado","5/18/20","6","0","08081","0"
"Montezuma","0","27","Colorado","5/18/20","24","3","08083","12.5"
"Montrose","1","136","Colorado","5/18/20","127","9","08085","7.09"
"Morgan","7","565","Colorado","5/18/20","517","48","08087","9.28"
"Otero","0","11","Colorado","5/18/20","10","1","08089","10"
"Ouray","0","7","Colorado","5/18/20","6","1","08091","16.67"
"Park","0","16","Colorado","5/18/20","16","0","08093","0"
"Phillips","0","10","Colorado","5/18/20","9","1","08095","11.11"
"Pitkin","0","57","Colorado","5/18/20","54","3","08097","5.56"
"Prowers","0","10","Colorado","5/18/20","9","1","08099","11.11"
"Pueblo","5","217","Colorado","5/18/20","185","32","08101","17.3"
"Rio Blanco","0","1","Colorado","5/18/20","1","0","08103","0"
"Rio Grande","0","8","Colorado","5/18/20","8","0","08105","0"
"Routt","0","60","Colorado","5/18/20","58","2","08107","3.45"
"Saguache","2","17","Colorado","5/18/20","5","12","08109","240"
"San Juan","0","1","Colorado","5/18/20","1","0","08111","0"
"San Miguel","0","22","Colorado","5/18/20","20","2","08113","10"
"Summit","2","186","Colorado","5/18/20","169","17","08117","10.06"
"Teller","0","31","Colorado","5/18/20","31","0","08119","0"
"Washington","0","11","Colorado","5/18/20","9","2","08121","22.22"
"Weld","21","2305","Colorado","5/18/20","2159","146","08123","6.76"
"Yuma","0","11","Colorado","5/18/20","11","0","08125","0"
"Fairfield","161","14439","Connecticut","5/18/20","13312","1127","09001","8.47"
"Hartford","228","8957","Connecticut","5/18/20","7358","1599","09003","21.73"
"Litchfield","17","1280","Connecticut","5/18/20","1161","119","09005","10.25"
"Middlesex","19","936","Connecticut","5/18/20","801","135","09007","16.85"
"New Haven","154","10338","Connecticut","5/18/20","9260","1078","09009","11.64"
"New London","13","876","Connecticut","5/18/20","784","92","09011","11.73"
"Tolland","27","735","Connecticut","5/18/20","545","190","09013","34.86"
"Windham","7","322","Connecticut","5/18/20","271","51","09015","18.82"
"Kent","25","1219","Delaware","5/18/20","1044","175","10001","16.76"
"New Castle","50","2738","Delaware","5/18/20","2390","348","10003","14.56"
"Sussex","110","3861","Delaware","5/18/20","3091","770","10005","24.91"
"","0","49","Diamond Princess","5/18/20","49","0",,"0"
"District of Columbia","126","7270","District of Columbia","5/18/20","6389","881","11001","13.79"
"Alachua","2","337","Florida","5/18/20","320","17","12001","5.31"
"Baker","0","26","Florida","5/18/20","25","1","12003","4"
"Bay","1","85","Florida","5/18/20","76","9","12005","11.84"
"Bradford","0","49","Florida","5/18/20","48","1","12007","2.08"
"Brevard","5","367","Florida","5/18/20","330","37","12009","11.21"
"Broward","63","6322","Florida","5/18/20","5882","440","12011","7.48"
"Calhoun","2","41","Florida","5/18/20","27","14","12013","51.85"
"Charlotte","7","389","Florida","5/18/20","337","52","12015","15.43"
"Citrus","1","112","Florida","5/18/20","106","6","12017","5.66"
"Clay","3","320","Florida","5/18/20","302","18","12019","5.96"
"Collier","34","1006","Florida","5/18/20","766","240","12021","31.33"
"Columbia","1","113","Florida","5/18/20","103","10","12023","9.71"
"DeSoto","2","68","Florida","5/18/20","51","17","12027","33.33"
"Dixie","2","25","Florida","5/18/20","13","12","12029","92.31"
"Duval","18","1300","Florida","5/18/20","1171","129","12031","11.02"
"Escambia","9","707","Florida","5/18/20","641","66","12033","10.3"
"Flagler","2","160","Florida","5/18/20","147","13","12035","8.84"
"Franklin","0","2","Florida","5/18/20","2","0","12037","0"
"Gadsden","16","240","Florida","5/18/20","130","110","12039","84.62"
"Gilchrist","0","7","Florida","5/18/20","6","1","12041","16.67"
"Glades","0","10","Florida","5/18/20","7","3","12043","42.86"
"Gulf","0","1","Florida","5/18/20","1","0","12045","0"
"Hamilton","18","147","Florida","5/18/20","19","128","12047","673.68"
"Hardee","1","42","Florida","5/18/20","36","6","12049","16.67"
"Hendry","10","222","Florida","5/18/20","151","71","12051","47.02"
"Hernando","1","110","Florida","5/18/20","101","9","12053","8.91"
"Highlands","1","104","Florida","5/18/20","99","5","12055","5.05"
"Hillsborough","29","1653","Florida","5/18/20","1448","205","12057","14.16"
"Holmes","0","12","Florida","5/18/20","10","2","12059","20"
"Indian River","1","106","Florida","5/18/20","100","6","12061","6"
"Jackson","5","131","Florida","5/18/20","97","34","12063","35.05"
"Jefferson","0","28","Florida","5/18/20","28","0","12065","0"
"Lafayette","0","6","Florida","5/18/20","3","3","12067","100"
"Lake","2","254","Florida","5/18/20","243","11","12069","4.53"
"Lee","28","1481","Florida","5/18/20","1285","196","12071","15.25"
"Leon","5","290","Florida","5/18/20","254","36","12073","14.17"
"Levy","1","25","Florida","5/18/20","20","5","12075","25"
"Liberty","0","199","Florida","5/18/20","198","1","12077","0.51"
"Madison","0","64","Florida","5/18/20","61","3","12079","4.92"
"Manatee","12","867","Florida","5/18/20","783","84","12081","10.73"
"Marion","2","223","Florida","5/18/20","211","12","12083","5.69"
"Martin","16","371","Florida","5/18/20","261","110","12085","42.15"
"Miami-Dade","242","15864","Florida","5/18/20","14167","1697","12086","11.98"
"Monroe","1","99","Florida","5/18/20","92","7","12087","7.61"
"Nassau","1","66","Florida","5/18/20","61","5","12089","8.2"
"Okaloosa","1","178","Florida","5/18/20","169","9","12091","5.33"
"Okeechobee","2","43","Florida","5/18/20","28","15","12093","53.57"
"Orange","24","1679","Florida","5/18/20","1512","167","12095","11.04"
"Osceola","8","627","Florida","5/18/20","573","54","12097","9.42"
"Palm Beach","110","4658","Florida","5/18/20","3889","769","12099","19.77"
"Pasco","3","319","Florida","5/18/20","300","19","12101","6.33"
"Pinellas","25","1051","Florida","5/18/20","876","175","12103","19.98"
"Polk","13","746","Florida","5/18/20","655","91","12105","13.89"
"Putnam","1","134","Florida","5/18/20","127","7","12107","5.51"
"Santa Rosa","1","185","Florida","5/18/20","176","9","12113","5.11"
"Sarasota","13","518","Florida","5/18/20","430","88","12115","20.47"
"Seminole","3","435","Florida","5/18/20","415","20","12117","4.82"
"St. Johns","1","232","Florida","5/18/20","222","10","12109","4.5"
"St. Lucie","7","334","Florida","5/18/20","284","50","12111","17.61"
"Sumter","1","252","Florida","5/18/20","244","8","12119","3.28"
"Suwannee","2","160","Florida","5/18/20","146","14","12121","9.59"
"Taylor","0","5","Florida","5/18/20","3","2","12123","66.67"
"Union","3","25","Florida","5/18/20","7","18","12125","257.14"
"Volusia","8","605","Florida","5/18/20","551","54","12127","9.8"
"Wakulla","0","32","Florida","5/18/20","29","3","12129","10.34"
"Walton","2","81","Florida","5/18/20","65","16","12131","24.62"
"Washington","0","13","Florida","5/18/20","12","1","12133","8.33"
"Appling","3","111","Georgia","5/18/20","93","18","13001","19.35"
"Atkinson","0","22","Georgia","5/18/20","20","2","13003","10"
"Bacon","3","61","Georgia","5/18/20","43","18","13005","41.86"
"Baker","0","33","Georgia","5/18/20","33","0","13007","0"
"Baldwin","2","290","Georgia","5/18/20","275","15","13009","5.45"
"Banks","1","43","Georgia","5/18/20","36","7","13011","19.44"
"Barrow","10","263","Georgia","5/18/20","195","68","13013","34.87"
"Bartow","5","396","Georgia","5/18/20","364","32","13015","8.79"
"Ben Hill","1","47","Georgia","5/18/20","40","7","13017","17.5"
"Berrien","0","22","Georgia","5/18/20","19","3","13019","15.79"
"Bibb","4","397","Georgia","5/18/20","370","27","13021","7.3"
"Bleckley","1","33","Georgia","5/18/20","29","4","13023","13.79"
"Brantley","2","39","Georgia","5/18/20","26","13","13025","50"
"Brooks","0","64","Georgia","5/18/20","64","0","13027","0"
"Bryan","1","65","Georgia","5/18/20","60","5","13029","8.33"
"Bulloch","0","45","Georgia","5/18/20","44","1","13031","2.27"
"Burke","1","116","Georgia","5/18/20","109","7","13033","6.42"
"Butts","1","199","Georgia","5/18/20","189","10","13035","5.29"
"Calhoun","1","122","Georgia","5/18/20","117","5","13037","4.27"
"Camden","2","50","Georgia","5/18/20","37","13","13039","35.14"
"Candler","0","10","Georgia","5/18/20","9","1","13043","11.11"
"Carroll","2","408","Georgia","5/18/20","395","13","13045","3.29"
"Catoosa","2","71","Georgia","5/18/20","55","16","13047","29.09"
"Charlton","1","26","Georgia","5/18/20","17","9","13049","52.94"
"Chatham","7","363","Georgia","5/18/20","311","52","13051","16.72"
"Chattahoochee","1","19","Georgia","5/18/20","14","5","13053","35.71"
"Chattooga","0","15","Georgia","5/18/20","16","-1","13055","-6.25"
"Cherokee","15","723","Georgia","5/18/20","621","102","13057","16.43"
"Clarke","2","200","Georgia","5/18/20","188","12","13059","6.38"
"Clay","0","30","Georgia","5/18/20","27","3","13061","11.11"
"Clayton","9","1009","Georgia","5/18/20","944","65","13063","6.89"
"Clinch","2","42","Georgia","5/18/20","29","13","13065","44.83"
"Cobb","35","2429","Georgia","5/18/20","2186","243","13067","11.12"
"Coffee","3","200","Georgia","5/18/20","177","23","13069","12.99"
"Colquitt","6","253","Georgia","5/18/20","210","43","13071","20.48"
"Columbia","4","212","Georgia","5/18/20","183","29","13073","15.85"
"Cook","0","31","Georgia","5/18/20","32","-1","13075","-3.12"
"Coweta","1","285","Georgia","5/18/20","278","7","13077","2.52"
"Crawford","0","19","Georgia","5/18/20","18","1","13079","5.56"
"Crisp","2","197","Georgia","5/18/20","185","12","13081","6.49"
"Dade","0","20","Georgia","5/18/20","17","3","13083","17.65"
"Dawson","0","84","Georgia","5/18/20","81","3","13085","3.7"
"Decatur","3","128","Georgia","5/18/20","109","19","13087","17.43"
"DeKalb","43","2856","Georgia","5/18/20","2555","301","13089","11.78"
"Dodge","1","44","Georgia","5/18/20","34","10","13091","29.41"
"Dooly","2","162","Georgia","5/18/20","146","16","13093","10.96"
"Dougherty","8","1664","Georgia","5/18/20","1609","55","13095","3.42"
"Douglas","3","439","Georgia","5/18/20","417","22","13097","5.28"
"Early","1","231","Georgia","5/18/20","226","5","13099","2.21"
"Echols","1","16","Georgia","5/18/20","7","9","13101","128.57"
"Effingham","1","45","Georgia","5/18/20","38","7","13103","18.42"
"Elbert","1","48","Georgia","5/18/20","42","6","13105","14.29"
"Emanuel","0","26","Georgia","5/18/20","24","2","13107","8.33"
"Evans","0","5","Georgia","5/18/20","5","0","13109","0"
"Fannin","1","38","Georgia","5/18/20","34","4","13111","11.76"
"Fayette","1","210","Georgia","5/18/20","201","9","13113","4.48"
"Floyd","4","187","Georgia","5/18/20","158","29","13115","18.35"
"Forsyth","2","405","Georgia","5/18/20","391","14","13117","3.58"
"Franklin","1","33","Georgia","5/18/20","26","7","13119","26.92"
"Fulton","34","3751","Georgia","5/18/20","3516","235","13121","6.68"
"Gilmer","2","111","Georgia","5/18/20","98","13","13123","13.27"
"Glascock","0","1","Georgia","5/18/20","1","0","13125","0"
"Glynn","1","77","Georgia","5/18/20","73","4","13127","5.48"
"Gordon","1","128","Georgia","5/18/20","124","4","13129","3.23"
"Grady","1","92","Georgia","5/18/20","83","9","13131","10.84"
"Greene","0","60","Georgia","5/18/20","57","3","13133","5.26"
"Gwinnett","29","2680","Georgia","5/18/20","2475","205","13135","8.28"
"Habersham","10","455","Georgia","5/18/20","386","69","13137","17.88"
"Hall","18","2164","Georgia","5/18/20","2039","125","13139","6.13"
"Hancock","5","161","Georgia","5/18/20","128","33","13141","25.78"
"Haralson","0","34","Georgia","5/18/20","32","2","13143","6.25"
"Harris","1","74","Georgia","5/18/20","67","7","13145","10.45"
"Hart","1","22","Georgia","5/18/20","18","4","13147","22.22"
"Heard","0","17","Georgia","5/18/20","15","2","13149","13.33"
"Henry","2","627","Georgia","5/18/20","610","17","13151","2.79"
"Houston","5","318","Georgia","5/18/20","285","33","13153","11.58"
"Irwin","0","22","Georgia","5/18/20","22","0","13155","0"
"Jackson","1","132","Georgia","5/18/20","124","8","13157","6.45"
"Jasper","0","26","Georgia","5/18/20","25","1","13159","4"
"Jeff Davis","0","25","Georgia","5/18/20","24","1","13161","4.17"
"Jefferson","1","23","Georgia","5/18/20","17","6","13163","35.29"
"Jenkins","0","16","Georgia","5/18/20","17","-1","13165","-5.88"
"Johnson","1","74","Georgia","5/18/20","67","7","13167","10.45"
"Jones","0","30","Georgia","5/18/20","30","0","13169","0"
"Lamar","0","41","Georgia","5/18/20","40","1","13171","2.5"
"Lanier","0","11","Georgia","5/18/20","11","0","13173","0"
"Laurens","2","95","Georgia","5/18/20","82","13","13175","15.85"
"Lee","0","341","Georgia","5/18/20","340","1","13177","0.29"
"Liberty","0","47","Georgia","5/18/20","44","3","13179","6.82"
"Lincoln","0","13","Georgia","5/18/20","12","1","13181","8.33"
"Long","0","6","Georgia","5/18/20","5","1","13183","20"
"Lowndes","3","208","Georgia","5/18/20","185","23","13185","12.43"
"Lumpkin","1","83","Georgia","5/18/20","76","7","13187","9.21"
"Macon","1","93","Georgia","5/18/20","84","9","13193","10.71"
"Madison","0","29","Georgia","5/18/20","29","0","13195","0"
"Marion","1","46","Georgia","5/18/20","40","6","13197","15"
"McDuffie","1","55","Georgia","5/18/20","51","4","13189","7.84"
"McIntosh","0","10","Georgia","5/18/20","7","3","13191","42.86"
"Meriwether","1","70","Georgia","5/18/20","66","4","13199","6.06"
"Miller","0","36","Georgia","5/18/20","34","2","13201","5.88"
"Mitchell","5","389","Georgia","5/18/20","352","37","13205","10.51"
"Monroe","9","95","Georgia","5/18/20","35","60","13207","171.43"
"Montgomery","1","8","Georgia","5/18/20","4","4","13209","100"
"Morgan","0","34","Georgia","5/18/20","33","1","13211","3.03"
"Murray","2","61","Georgia","5/18/20","47","14","13213","29.79"
"Muscogee","9","440","Georgia","5/18/20","377","63","13215","16.71"
"Newton","1","264","Georgia","5/18/20","260","4","13217","1.54"
"Oconee","2","80","Georgia","5/18/20","66","14","13219","21.21"
"Oglethorpe","0","55","Georgia","5/18/20","56","-1","13221","-1.79"
"Out of GA","14","1649","Georgia","5/18/20","1554","95","80013","6.11"
"Paulding","2","241","Georgia","5/18/20","226","15","13223","6.64"
"Peach","1","69","Georgia","5/18/20","63","6","13225","9.52"
"Pickens","1","38","Georgia","5/18/20","33","5","13227","15.15"
"Pierce","1","75","Georgia","5/18/20","67","8","13229","11.94"
"Pike","0","44","Georgia","5/18/20","44","0","13231","0"
"Polk","2","80","Georgia","5/18/20","66","14","13233","21.21"
"Pulaski","0","36","Georgia","5/18/20","34","2","13235","5.88"
"Putnam","3","79","Georgia","5/18/20","58","21","13237","36.21"
"Quitman","0","8","Georgia","5/18/20","6","2","13239","33.33"
"Rabun","0","15","Georgia","5/18/20","14","1","13241","7.14"
"Randolph","0","169","Georgia","5/18/20","168","1","13243","0.6"
"Richmond","6","491","Georgia","5/18/20","449","42","13245","9.35"
"Rockdale","1","250","Georgia","5/18/20","243","7","13247","2.88"
"Schley","0","16","Georgia","5/18/20","15","1","13249","6.67"
"Screven","0","20","Georgia","5/18/20","17","3","13251","17.65"
"Seminole","1","40","Georgia","5/18/20","34","6","13253","17.65"
"Spalding","1","242","Georgia","5/18/20","237","5","13255","2.11"
"Stephens","3","113","Georgia","5/18/20","92","21","13257","22.83"
"Stewart","1","39","Georgia","5/18/20","34","5","13259","14.71"
"Sumter","3","419","Georgia","5/18/20","400","19","13261","4.75"
"Talbot","0","30","Georgia","5/18/20","27","3","13263","11.11"
"Taliaferro","0","1","Georgia","5/18/20","1","0","13265","0"
"Tattnall","0","12","Georgia","5/18/20","9","3","13267","33.33"
"Taylor","0","22","Georgia","5/18/20","21","1","13269","4.76"
"Telfair","0","30","Georgia","5/18/20","28","2","13271","7.14"
"Terrell","0","199","Georgia","5/18/20","197","2","13273","1.02"
"Thomas","6","288","Georgia","5/18/20","249","39","13275","15.66"
"Tift","4","185","Georgia","5/18/20","157","28","13277","17.83"
"Toombs","1","46","Georgia","5/18/20","40","6","13279","15"
"Towns","0","21","Georgia","5/18/20","20","1","13281","5"
"Treutlen","0","8","Georgia","5/18/20","5","3","13283","60"
"Troup","2","201","Georgia","5/18/20","190","11","13285","5.79"
"Turner","1","84","Georgia","5/18/20","78","6","13287","7.69"
"Twiggs","0","9","Georgia","5/18/20","8","1","13289","12.5"
"Union","0","37","Georgia","5/18/20","35","2","13291","5.71"
"Upson","2","261","Georgia","5/18/20","250","11","13293","4.4"
"Walker","1","74","Georgia","5/18/20","65","9","13295","13.85"
"Walton","2","164","Georgia","5/18/20","152","12","13297","7.89"
"Ware","1","174","Georgia","5/18/20","165","9","13299","5.45"
"Warren","0","16","Georgia","5/18/20","15","1","13301","6.67"
"Washington","1","67","Georgia","5/18/20","57","10","13303","17.54"
"Wayne","0","14","Georgia","5/18/20","13","1","13305","7.69"
"Webster","0","11","Georgia","5/18/20","10","1","13307","10"
"Wheeler","0","7","Georgia","5/18/20","5","2","13309","40"
"White","0","87","Georgia","5/18/20","88","-1","13311","-1.14"
"Whitfield","4","188","Georgia","5/18/20","157","31","13313","19.75"
"Wilcox","0","95","Georgia","5/18/20","95","0","13315","0"
"Wilkes","0","30","Georgia","5/18/20","27","3","13317","11.11"
"Wilkinson","1","45","Georgia","5/18/20","40","5","13319","12.5"
"Worth","2","197","Georgia","5/18/20","183","14","13321","7.65"
"","0","103","Grand Princess","5/18/20","103","0",,"0"
"","0","154","Guam","5/18/20","151","3",,"1.99"
"Hawaii","0","77","Hawaii","5/18/20","75","2","15001","2.67"
"Honolulu","1","415","Hawaii","5/18/20","410","5","15003","1.22"
"Kauai","0","21","Hawaii","5/18/20","21","0","15007","0"
"Maui","0","117","Hawaii","5/18/20","117","0","15009","0"
"Out of HI","0","10","Hawaii","5/18/20","11","-1","80015","-9.09"
"Ada","6","780","Idaho","5/18/20","739","41","16001","5.55"
"Adams","0","3","Idaho","5/18/20","3","0","16003","0"
"Bannock","0","16","Idaho","5/18/20","13","3","16005","23.08"
"Bingham","0","6","Idaho","5/18/20","4","2","16011","50"
"Blaine","0","508","Idaho","5/18/20","506","2","16013","0.4"
"Bonner","0","4","Idaho","5/18/20","4","0","16017","0"
"Bonneville","0","33","Idaho","5/18/20","30","3","16019","10"
"Camas","0","1","Idaho","5/18/20","1","0","16025","0"
"Canyon","0","277","Idaho","5/18/20","274","3","16027","1.09"
"Caribou","0","1","Idaho","5/18/20","1","0","16029","0"
"Cassia","1","19","Idaho","5/18/20","15","4","16031","26.67"
"Custer","0","2","Idaho","5/18/20","2","0","16037","0"
"Elmore","0","31","Idaho","5/18/20","31","0","16039","0"
"Fremont","0","3","Idaho","5/18/20","3","0","16043","0"
"Gem","0","16","Idaho","5/18/20","16","0","16045","0"
"Gooding","1","26","Idaho","5/18/20","18","8","16047","44.44"
"Idaho","0","3","Idaho","5/18/20","3","0","16049","0"
"Jefferson","0","7","Idaho","5/18/20","5","2","16051","40"
"Jerome","4","102","Idaho","5/18/20","75","27","16053","36"
"Kootenai","0","66","Idaho","5/18/20","64","2","16055","3.12"
"Latah","0","6","Idaho","5/18/20","5","1","16057","20"
"Lemhi","0","1","Idaho","5/18/20","1","0","16059","0"
"Lincoln","0","29","Idaho","5/18/20","29","0","16063","0"
"Madison","0","19","Idaho","5/18/20","18","1","16065","5.56"
"Minidoka","1","15","Idaho","5/18/20","11","4","16067","36.36"
"Nez Perce","0","79","Idaho","5/18/20","78","1","16069","1.28"
"Owyhee","0","8","Idaho","5/18/20","8","0","16073","0"
"Payette","1","22","Idaho","5/18/20","17","5","16075","29.41"
"Power","0","3","Idaho","5/18/20","2","1","16077","50"
"Teton","0","11","Idaho","5/18/20","11","0","16081","0"
"Twin Falls","8","326","Idaho","5/18/20","269","57","16083","21.19"
"Valley","0","2","Idaho","5/18/20","2","0","16085","0"
"Washington","4","30","Idaho","5/18/20","2","28","16087","1400"
"Adams","0","42","Illinois","5/18/20","41","1","17001","2.44"
"Alexander","0","8","Illinois","5/18/20","7","1","17003","14.29"
"Bond","0","11","Illinois","5/18/20","9","2","17005","22.22"
"Boone","14","307","Illinois","5/18/20","206","101","17007","49.03"
"Brown","0","11","Illinois","5/18/20","9","2","17009","22.22"
"Bureau","0","15","Illinois","5/18/20","14","1","17011","7.14"
"Calhoun","0","1","Illinois","5/18/20","1","0","17013","0"
"Carroll","0","14","Illinois","5/18/20","11","3","17015","27.27"
"Cass","1","64","Illinois","5/18/20","56","8","17017","14.29"
"Champaign","20","418","Illinois","5/18/20","279","139","17019","49.82"
"Christian","0","32","Illinois","5/18/20","29","3","17021","10.34"
"Clark","0","9","Illinois","5/18/20","8","1","17023","12.5"
"Clay","0","2","Illinois","5/18/20","2","0","17025","0"
"Clinton","5","161","Illinois","5/18/20","127","34","17027","26.77"
"Coles","6","85","Illinois","5/18/20","41","44","17029","107.32"
"Cook","1473","63690","Illinois","5/18/20","53381","10309","17031","19.31"
"Crawford","0","11","Illinois","5/18/20","10","1","17033","10"
"Cumberland","1","9","Illinois","5/18/20","4","5","17035","125"
"De Witt","0","4","Illinois","5/18/20","3","1","17039","33.33"
"DeKalb","11","262","Illinois","5/18/20","183","79","17037","43.17"
"Douglas","1","26","Illinois","5/18/20","20","6","17041","30"
"DuPage","190","6076","Illinois","5/18/20","4745","1331","17043","28.05"
"Edwards","0","2","Illinois","5/18/20","0","2","17047","1"
"Effingham","0","6","Illinois","5/18/20","6","0","17049","0"
"Fayette","0","19","Illinois","5/18/20","17","2","17051","11.76"
"Ford","1","18","Illinois","5/18/20","14","4","17053","28.57"
"Franklin","0","11","Illinois","5/18/20","10","1","17055","10"
"Fulton","1","8","Illinois","5/18/20","3","5","17057","166.67"
"Gallatin","0","2","Illinois","5/18/20","2","0","17059","0"
"Greene","0","4","Illinois","5/18/20","4","0","17061","0"
"Grundy","2","75","Illinois","5/18/20","60","15","17063","25"
"Hamilton","0","2","Illinois","5/18/20","3","-1","17065","-33.33"
"Hancock","0","13","Illinois","5/18/20","12","1","17067","8.33"
"Hardin","0","1","Illinois","5/18/20","1","0","17069","0"
"Henderson","0","8","Illinois","5/18/20","6","2","17071","33.33"
"Henry","1","65","Illinois","5/18/20","58","7","17073","12.07"
"Iroquois","3","118","Illinois","5/18/20","98","20","17075","20.41"
"Jackson","2","181","Illinois","5/18/20","166","15","17077","9.04"
"Jasper","0","45","Illinois","5/18/20","46","-1","17079","-2.17"
"Jefferson","1","99","Illinois","5/18/20","94","5","17081","5.32"
"Jersey","0","19","Illinois","5/18/20","17","2","17083","11.76"
"Jo Daviess","0","19","Illinois","5/18/20","18","1","17085","5.56"
"Johnson","0","7","Illinois","5/18/20","4","3","17087","75"
"Kane","208","4584","Illinois","5/18/20","3126","1458","17089","46.64"
"Kankakee","17","673","Illinois","5/18/20","557","116","17091","20.83"
"Kendall","21","579","Illinois","5/18/20","431","148","17093","34.34"
"Knox","2","89","Illinois","5/18/20","75","14","17095","18.67"
"Lake","189","6645","Illinois","5/18/20","5323","1322","17097","24.84"
"LaSalle","2","121","Illinois","5/18/20","105","16","17099","15.24"
"Lawrence","0","4","Illinois","5/18/20","4","0","17101","0"
"Lee","2","74","Illinois","5/18/20","63","11","17103","17.46"
"Livingston","0","27","Illinois","5/18/20","24","3","17105","12.5"
"Logan","0","10","Illinois","5/18/20","9","1","17107","11.11"
"Macon","3","169","Illinois","5/18/20","146","23","17115","15.75"
"Macoupin","0","41","Illinois","5/18/20","39","2","17117","5.13"
"Madison","8","493","Illinois","5/18/20","435","58","17119","13.33"
"Marion","0","48","Illinois","5/18/20","47","1","17121","2.13"
"Marshall","0","5","Illinois","5/18/20","4","1","17123","25"
"Mason","0","16","Illinois","5/18/20","15","1","17125","6.67"
"Massac","0","6","Illinois","5/18/20","6","0","17127","0"
"McDonough","2","64","Illinois","5/18/20","49","15","17109","30.61"
"McHenry","36","1209","Illinois","5/18/20","958","251","17111","26.2"
"McLean","9","186","Illinois","5/18/20","121","65","17113","53.72"
"Menard","0","17","Illinois","5/18/20","17","0","17129","0"
"Mercer","0","14","Illinois","5/18/20","12","2","17131","16.67"
"Monroe","1","89","Illinois","5/18/20","79","10","17133","12.66"
"Montgomery","1","39","Illinois","5/18/20","34","5","17135","14.71"
"Morgan","1","36","Illinois","5/18/20","30","6","17137","20"
"Moultrie","0","8","Illinois","5/18/20","6","2","17139","33.33"
"Ogle","3","172","Illinois","5/18/20","149","23","17141","15.44"
"Out of IL","0","87","Illinois","5/18/20","84","3","80017","3.57"
"Peoria","3","160","Illinois","5/18/20","141","19","17143","13.48"
"Perry","0","39","Illinois","5/18/20","38","1","17145","2.63"
"Piatt","0","9","Illinois","5/18/20","7","2","17147","28.57"
"Pike","0","1","Illinois","5/18/20","1","0","17149","0"
"Pope","0","1","Illinois","5/18/20","1","0","17151","0"
"Pulaski","2","40","Illinois","5/18/20","27","13","17153","48.15"
"Putnam","0","1","Illinois","5/18/20","0","1","17155","1"
"Randolph","2","237","Illinois","5/18/20","221","16","17157","7.24"
"Richland","0","3","Illinois","5/18/20","3","0","17159","0"
"Rock Island","10","590","Illinois","5/18/20","517","73","17161","14.12"
"Saline","0","6","Illinois","5/18/20","5","1","17165","20"
"Sangamon","7","309","Illinois","5/18/20","262","47","17167","17.94"
"Schuyler","0","7","Illinois","5/18/20","7","0","17169","0"
"Shelby","0","13","Illinois","5/18/20","10","3","17173","30"
"St. Clair","14","815","Illinois","5/18/20","719","96","17163","13.35"
"Stark","0","2","Illinois","5/18/20","1","1","17175","100"
"Stephenson","8","156","Illinois","5/18/20","99","57","17177","57.58"
"Tazewell","1","63","Illinois","5/18/20","59","4","17179","6.78"
"Union","8","122","Illinois","5/18/20","63","59","17181","93.65"
"Vermilion","1","31","Illinois","5/18/20","25","6","17183","24"
"Wabash","0","1","Illinois","5/18/20","1","0","17185","0"
"Warren","1","109","Illinois","5/18/20","104","5","17187","4.81"
"Washington","0","17","Illinois","5/18/20","17","0","17189","0"
"Wayne","1","9","Illinois","5/18/20","3","6","17191","200"
"White","0","2","Illinois","5/18/20","2","0","17193","0"
"Whiteside","3","123","Illinois","5/18/20","104","19","17195","18.27"
"Will","102","4455","Illinois","5/18/20","3740","715","17197","19.12"
"Williamson","1","52","Illinois","5/18/20","44","8","17199","18.18"
"Winnebago","86","1537","Illinois","5/18/20","932","605","17201","64.91"
"Woodford","0","16","Illinois","5/18/20","15","1","17203","6.67"
"Adams","0","10","Indiana","5/18/20","8","2","18001","25"
"Allen","28","1033","Indiana","5/18/20","834","199","18003","23.86"
"Bartholomew","10","432","Indiana","5/18/20","360","72","18005","20"
"Benton","1","23","Indiana","5/18/20","13","10","18007","76.92"
"Blackford","0","15","Indiana","5/18/20","14","1","18009","7.14"
"Boone","5","260","Indiana","5/18/20","226","34","18011","15.04"
"Brown","1","32","Indiana","5/18/20","26","6","18013","23.08"
"Carroll","1","79","Indiana","5/18/20","71","8","18015","11.27"
"Cass","4","1552","Indiana","5/18/20","1524","28","18017","1.84"
"Clark","6","424","Indiana","5/18/20","380","44","18019","11.58"
"Clay","1","31","Indiana","5/18/20","24","7","18021","29.17"
"Clinton","7","142","Indiana","5/18/20","96","46","18023","47.92"
"Crawford","0","22","Indiana","5/18/20","20","2","18025","10"
"Daviess","2","71","Indiana","5/18/20","54","17","18027","31.48"
"Dearborn","1","158","Indiana","5/18/20","151","7","18029","4.64"
"Decatur","1","220","Indiana","5/18/20","215","5","18031","2.33"
"DeKalb","0","25","Indiana","5/18/20","23","2","18033","8.7"
"Delaware","10","296","Indiana","5/18/20","229","67","18035","29.26"
"Dubois","16","161","Indiana","5/18/20","46","115","18037","250"
"Elkhart","28","687","Indiana","5/18/20","494","193","18039","39.07"
"Fayette","1","42","Indiana","5/18/20","38","4","18041","10.53"
"Floyd","10","301","Indiana","5/18/20","232","69","18043","29.74"
"Fountain","0","18","Indiana","5/18/20","16","2","18045","12.5"
"Franklin","0","106","Indiana","5/18/20","106","0","18047","0"
"Fulton","1","44","Indiana","5/18/20","36","8","18049","22.22"
"Gibson","0","10","Indiana","5/18/20","8","2","18051","25"
"Grant","2","166","Indiana","5/18/20","153","13","18053","8.5"
"Greene","2","160","Indiana","5/18/20","147","13","18055","8.84"
"Hamilton","14","1033","Indiana","5/18/20","936","97","18057","10.36"
"Hancock","3","292","Indiana","5/18/20","270","22","18059","8.15"
"Harrison","2","173","Indiana","5/18/20","160","13","18061","8.12"
"Hendricks","9","1039","Indiana","5/18/20","973","66","18063","6.78"
"Henry","6","128","Indiana","5/18/20","85","43","18065","50.59"
"Howard","6","297","Indiana","5/18/20","256","41","18067","16.02"
"Huntington","1","21","Indiana","5/18/20","14","7","18069","50"
"Jackson","7","332","Indiana","5/18/20","282","50","18071","17.73"
"Jasper","0","43","Indiana","5/18/20","40","3","18073","7.5"
"Jay","1","32","Indiana","5/18/20","22","10","18075","45.45"
"Jefferson","1","39","Indiana","5/18/20","35","4","18077","11.43"
"Jennings","3","116","Indiana","5/18/20","96","20","18079","20.83"
"Johnson","25","1002","Indiana","5/18/20","827","175","18081","21.16"
"Knox","0","22","Indiana","5/18/20","21","1","18083","4.76"
"Kosciusko","2","58","Indiana","5/18/20","45","13","18085","28.89"
"LaGrange","2","50","Indiana","5/18/20","38","12","18087","31.58"
"Lake","56","2886","Indiana","5/18/20","2493","393","18089","15.76"
"LaPorte","4","360","Indiana","5/18/20","329","31","18091","9.42"
"Lawrence","3","139","Indiana","5/18/20","120","19","18093","15.83"
"Madison","6","551","Indiana","5/18/20","509","42","18095","8.25"
"Marion","128","8406","Indiana","5/18/20","7510","896","18097","11.93"
"Marshall","1","42","Indiana","5/18/20","34","8","18099","23.53"
"Martin","0","8","Indiana","5/18/20","7","1","18101","14.29"
"Miami","1","130","Indiana","5/18/20","126","4","18103","3.17"
"Monroe","1","149","Indiana","5/18/20","145","4","18105","2.76"
"Montgomery","5","173","Indiana","5/18/20","140","33","18107","23.57"
"Morgan","6","247","Indiana","5/18/20","208","39","18109","18.75"
"Newton","1","71","Indiana","5/18/20","64","7","18111","10.94"
"Noble","2","152","Indiana","5/18/20","135","17","18113","12.59"
"Ohio","1","13","Indiana","5/18/20","9","4","18115","44.44"
"Orange","1","122","Indiana","5/18/20","113","9","18117","7.96"
"Owen","0","27","Indiana","5/18/20","28","-1","18119","-3.57"
"Parke","0","18","Indiana","5/18/20","16","2","18121","12.5"
"Perry","0","19","Indiana","5/18/20","21","-2","18123","-9.52"
"Pike","0","5","Indiana","5/18/20","3","2","18125","66.67"
"Porter","11","405","Indiana","5/18/20","331","74","18127","22.36"
"Posey","0","16","Indiana","5/18/20","15","1","18129","6.67"
"Pulaski","0","35","Indiana","5/18/20","34","1","18131","2.94"
"Putnam","4","120","Indiana","5/18/20","89","31","18133","34.83"
"Randolph","1","32","Indiana","5/18/20","23","9","18135","39.13"
"Ripley","1","108","Indiana","5/18/20","101","7","18137","6.93"
"Rush","1","42","Indiana","5/18/20","37","5","18139","13.51"
"Scott","2","97","Indiana","5/18/20","81","16","18143","19.75"
"Shelby","4","297","Indiana","5/18/20","272","25","18145","9.19"
"Spencer","1","12","Indiana","5/18/20","7","5","18147","71.43"
"St. Joseph","22","984","Indiana","5/18/20","829","155","18141","18.7"
"Starke","1","28","Indiana","5/18/20","21","7","18149","33.33"
"Steuben","1","67","Indiana","5/18/20","62","5","18151","8.06"
"Sullivan","1","28","Indiana","5/18/20","20","8","18153","40"
"Switzerland","0","17","Indiana","5/18/20","14","3","18155","21.43"
"Tippecanoe","9","307","Indiana","5/18/20","244","63","18157","25.82"
"Tipton","0","21","Indiana","5/18/20","21","0","18159","0"
"Union","0","8","Indiana","5/18/20","8","0","18161","0"
"Vanderburgh","4","219","Indiana","5/18/20","189","30","18163","15.87"
"Vermillion","0","7","Indiana","5/18/20","7","0","18165","0"
"Vigo","5","118","Indiana","5/18/20","83","35","18167","42.17"
"Wabash","1","71","Indiana","5/18/20","64","7","18169","10.94"
"Warren","0","12","Indiana","5/18/20","12","0","18171","0"
"Warrick","4","151","Indiana","5/18/20","123","28","18173","22.76"
"Washington","0","50","Indiana","5/18/20","48","2","18175","4.17"
"Wayne","1","61","Indiana","5/18/20","53","8","18177","15.09"
"Wells","1","16","Indiana","5/18/20","11","5","18179","45.45"
"White","4","183","Indiana","5/18/20","152","31","18181","20.39"
"Whitley","1","28","Indiana","5/18/20","22","6","18183","27.27"
"Adair","0","6","Iowa","5/18/20","3","3","19001","100"
"Adams","0","1","Iowa","5/18/20","0","1","19003","1"
"Allamakee","0","114","Iowa","5/18/20","112","2","19005","1.79"
"Appanoose","0","8","Iowa","5/18/20","6","2","19007","33.33"
"Audubon","0","11","Iowa","5/18/20","10","1","19009","10"
"Benton","0","36","Iowa","5/18/20","35","1","19011","2.86"
"Black Hawk","13","1603","Iowa","5/18/20","1512","91","19013","6.02"
"Boone","1","42","Iowa","5/18/20","36","6","19015","16.67"
"Bremer","1","64","Iowa","5/18/20","58","6","19017","10.34"
"Buchanan","0","26","Iowa","5/18/20","23","3","19019","13.04"
"Buena Vista","11","113","Iowa","5/18/20","39","74","19021","189.74"
"Butler","0","14","Iowa","5/18/20","12","2","19023","16.67"
"Calhoun","0","1","Iowa","5/18/20","1","0","19025","0"
"Carroll","0","8","Iowa","5/18/20","6","2","19027","33.33"
"Cass","0","2","Iowa","5/18/20","1","1","19029","100"
"Cedar","0","42","Iowa","5/18/20","43","-1","19031","-2.33"
"Cerro Gordo","1","18","Iowa","5/18/20","14","4","19033","28.57"
"Cherokee","0","9","Iowa","5/18/20","6","3","19035","50"
"Chickasaw","0","7","Iowa","5/18/20","7","0","19037","0"
"Clarke","1","18","Iowa","5/18/20","8","10","19039","125"
"Clay","0","9","Iowa","5/18/20","9","0","19041","0"
"Clayton","1","30","Iowa","5/18/20","23","7","19043","30.43"
"Clinton","0","61","Iowa","5/18/20","58","3","19045","5.17"
"Crawford","28","384","Iowa","5/18/20","191","193","19047","101.05"
"Dallas","12","788","Iowa","5/18/20","701","87","19049","12.41"
"Davis","0","13","Iowa","5/18/20","11","2","19051","18.18"
"Delaware","0","12","Iowa","5/18/20","9","3","19055","33.33"
"Des Moines","0","39","Iowa","5/18/20","40","-1","19057","-2.5"
"Dickinson","0","6","Iowa","5/18/20","6","0","19059","0"
"Dubuque","11","276","Iowa","5/18/20","197","79","19061","40.1"
"Emmet","0","1","Iowa","5/18/20","0","1","19063","1"
"Fayette","0","25","Iowa","5/18/20","24","1","19065","4.17"
"Floyd","1","11","Iowa","5/18/20","5","6","19067","120"
"Franklin","0","7","Iowa","5/18/20","6","1","19069","16.67"
"Fremont","0","3","Iowa","5/18/20","1","2","19071","200"
"Greene","0","13","Iowa","5/18/20","13","0","19073","0"
"Grundy","0","17","Iowa","5/18/20","15","2","19075","13.33"
"Guthrie","0","38","Iowa","5/18/20","35","3","19077","8.57"
"Hamilton","0","11","Iowa","5/18/20","11","0","19079","0"
"Hancock","0","5","Iowa","5/18/20","3","2","19081","66.67"
"Hardin","0","12","Iowa","5/18/20","12","0","19083","0"
"Harrison","0","18","Iowa","5/18/20","17","1","19085","5.88"
"Henry","0","46","Iowa","5/18/20","43","3","19087","6.98"
"Howard","0","12","Iowa","5/18/20","12","0","19089","0"
"Humboldt","0","7","Iowa","5/18/20","7","0","19091","0"
"Ida","1","7","Iowa","5/18/20","0","7","19093","1"
"Iowa","0","29","Iowa","5/18/20","27","2","19095","7.41"
"Jackson","0","8","Iowa","5/18/20","7","1","19097","14.29"
"Jasper","2","249","Iowa","5/18/20","238","11","19099","4.62"
"Jefferson","1","12","Iowa","5/18/20","7","5","19101","71.43"
"Johnson","3","574","Iowa","5/18/20","555","19","19103","3.42"
"Jones","0","36","Iowa","5/18/20","34","2","19105","5.88"
"Keokuk","0","11","Iowa","5/18/20","9","2","19107","22.22"
"Kossuth","0","5","Iowa","5/18/20","2","3","19109","150"
"Lee","0","19","Iowa","5/18/20","18","1","19111","5.56"
"Linn","8","899","Iowa","5/18/20","841","58","19113","6.9"
"Louisa","4","310","Iowa","5/18/20","285","25","19115","8.77"
"Lucas","0","1","Iowa","5/18/20","0","1","19117","1"
"Lyon","0","19","Iowa","5/18/20","16","3","19119","18.75"
"Madison","1","16","Iowa","5/18/20","11","5","19121","45.45"
"Mahaska","1","29","Iowa","5/18/20","20","9","19123","45"
"Marion","1","22","Iowa","5/18/20","14","8","19125","57.14"
"Marshall","10","804","Iowa","5/18/20","734","70","19127","9.54"
"Mills","1","12","Iowa","5/18/20","8","4","19129","50"
"Mitchell","0","4","Iowa","5/18/20","3","1","19131","33.33"
"Monona","0","15","Iowa","5/18/20","12","3","19133","25"
"Monroe","2","22","Iowa","5/18/20","8","14","19135","175"
"Montgomery","0","5","Iowa","5/18/20","4","1","19137","25"
"Muscatine","5","532","Iowa","5/18/20","495","37","19139","7.47"
"O'Brien","1","22","Iowa","5/18/20","16","6","19141","37.5"
"Osceola","1","27","Iowa","5/18/20","20","7","19143","35"
"Page","0","10","Iowa","5/18/20","10","0","19145","0"
"Palo Alto","0","2","Iowa","5/18/20","1","1","19147","100"
"Plymouth","3","86","Iowa","5/18/20","62","24","19149","38.71"
"Pocahontas","0","3","Iowa","5/18/20","3","0","19151","0"
"Polk","90","3001","Iowa","5/18/20","2368","633","19153","26.73"
"Pottawattamie","12","170","Iowa","5/18/20","86","84","19155","97.67"
"Poweshiek","1","86","Iowa","5/18/20","81","5","19157","6.17"
"Sac","0","5","Iowa","5/18/20","3","2","19161","66.67"
"Scott","3","309","Iowa","5/18/20","286","23","19163","8.04"
"Shelby","1","23","Iowa","5/18/20","19","4","19165","21.05"
"Sioux","7","139","Iowa","5/18/20","93","46","19167","49.46"
"Story","3","79","Iowa","5/18/20","61","18","19169","29.51"
"Tama","3","358","Iowa","5/18/20","336","22","19171","6.55"
"Taylor","0","2","Iowa","5/18/20","1","1","19173","100"
"Union","0","2","Iowa","5/18/20","2","0","19175","0"
"Van Buren","0","8","Iowa","5/18/20","8","0","19177","0"
"Wapello","20","396","Iowa","5/18/20","259","137","19179","52.9"
"Warren","5","77","Iowa","5/18/20","44","33","19181","75"
"Washington","1","172","Iowa","5/18/20","162","10","19183","6.17"
"Wayne","0","1","Iowa","5/18/20","1","0","19185","0"
"Webster","0","13","Iowa","5/18/20","10","3","19187","30"
"Winnebago","0","7","Iowa","5/18/20","5","2","19189","40"
"Winneshiek","0","20","Iowa","5/18/20","18","2","19191","11.11"
"Woodbury","86","2278","Iowa","5/18/20","1676","602","19193","35.92"
"Worth","0","3","Iowa","5/18/20","2","1","19195","50"
"Wright","2","20","Iowa","5/18/20","6","14","19197","233.33"
"Anderson","0","1","Kansas","5/18/20","1","0","20003","0"
"Atchison","0","15","Kansas","5/18/20","14","1","20005","7.14"
"Barber","0","1","Kansas","5/18/20","1","0","20007","0"
"Barton","1","31","Kansas","5/18/20","22","9","20009","40.91"
"Bourbon","0","6","Kansas","5/18/20","6","0","20011","0"
"Brown","1","5","Kansas","5/18/20","1","4","20013","400"
"Butler","1","18","Kansas","5/18/20","14","4","20015","28.57"
"Chase","0","3","Kansas","5/18/20","3","0","20017","0"
"Chautauqua","0","4","Kansas","5/18/20","4","0","20019","0"
"Cherokee","0","8","Kansas","5/18/20","8","0","20021","0"
"Cheyenne","0","2","Kansas","5/18/20","2","0","20023","0"
"Clark","0","21","Kansas","5/18/20","19","2","20025","10.53"
"Clay","0","5","Kansas","5/18/20","4","1","20027","25"
"Cloud","0","4","Kansas","5/18/20","4","0","20029","0"
"Coffey","0","50","Kansas","5/18/20","50","0","20031","0"
"Cowley","0","4","Kansas","5/18/20","3","1","20035","33.33"
"Crawford","0","8","Kansas","5/18/20","8","0","20037","0"
"Dickinson","0","2","Kansas","5/18/20","2","0","20041","0"
"Doniphan","0","9","Kansas","5/18/20","8","1","20043","12.5"
"Douglas","0","60","Kansas","5/18/20","57","3","20045","5.26"
"Edwards","0","5","Kansas","5/18/20","4","1","20047","25"
"Ellis","0","8","Kansas","5/18/20","8","0","20051","0"
"Ellsworth","0","2","Kansas","5/18/20","2","0","20053","0"
"Finney","46","1316","Kansas","5/18/20","992","324","20055","32.66"
"Ford","38","1400","Kansas","5/18/20","1132","268","20057","23.67"
"Franklin","1","32","Kansas","5/18/20","26","6","20059","23.08"
"Geary","0","14","Kansas","5/18/20","14","0","20061","0"
"Gove","0","1","Kansas","5/18/20","1","0","20063","0"
"Grant","1","17","Kansas","5/18/20","11","6","20067","54.55"
"Gray","1","15","Kansas","5/18/20","8","7","20069","87.5"
"Greenwood","0","3","Kansas","5/18/20","3","0","20073","0"
"Hamilton","0","9","Kansas","5/18/20","7","2","20075","28.57"
"Harper","0","1","Kansas","5/18/20","1","0","20077","0"
"Harvey","0","11","Kansas","5/18/20","9","2","20079","22.22"
"Haskell","0","16","Kansas","5/18/20","16","0","20081","0"
"Jackson","4","31","Kansas","5/18/20","4","27","20085","675"
"Jefferson","1","20","Kansas","5/18/20","13","7","20087","53.85"
"Jewell","0","4","Kansas","5/18/20","4","0","20089","0"
"Johnson","7","655","Kansas","5/18/20","604","51","20091","8.44"
"Kearny","1","40","Kansas","5/18/20","31","9","20093","29.03"
"Kiowa","0","2","Kansas","5/18/20","2","0","20097","0"
"Labette","0","23","Kansas","5/18/20","22","1","20099","4.55"
"Leavenworth","16","1052","Kansas","5/18/20","937","115","20103","12.27"
"Linn","0","6","Kansas","5/18/20","6","0","20107","0"
"Lyon","1","312","Kansas","5/18/20","303","9","20111","2.97"
"Marion","0","5","Kansas","5/18/20","5","0","20115","0"
"McPherson","0","26","Kansas","5/18/20","26","0","20113","0"
"Meade","0","22","Kansas","5/18/20","22","0","20119","0"
"Miami","0","6","Kansas","5/18/20","6","0","20121","0"
"Mitchell","0","3","Kansas","5/18/20","3","0","20123","0"
"Montgomery","0","20","Kansas","5/18/20","21","-1","20125","-4.76"
"Morris","0","3","Kansas","5/18/20","3","0","20127","0"
"Morton","0","4","Kansas","5/18/20","4","0","20129","0"
"Nemaha","0","3","Kansas","5/18/20","1","2","20131","200"
"Neosho","0","2","Kansas","5/18/20","2","0","20133","0"
"Ness","0","1","Kansas","5/18/20","0","1","20135","1"
"Norton","0","2","Kansas","5/18/20","2","0","20137","0"
"Osage","0","7","Kansas","5/18/20","6","1","20139","16.67"
"Osborne","0","2","Kansas","5/18/20","2","0","20141","0"
"Ottawa","0","4","Kansas","5/18/20","4","0","20143","0"
"Phillips","0","2","Kansas","5/18/20","1","1","20147","100"
"Pottawatomie","0","20","Kansas","5/18/20","19","1","20149","5.26"
"Pratt","0","1","Kansas","5/18/20","1","0","20151","0"
"Reno","0","41","Kansas","5/18/20","41","0","20155","0"
"Republic","0","4","Kansas","5/18/20","4","0","20157","0"
"Rice","0","4","Kansas","5/18/20","3","1","20159","33.33"
"Riley","0","60","Kansas","5/18/20","58","2","20161","3.45"
"Rooks","0","6","Kansas","5/18/20","6","0","20163","0"
"Saline","0","24","Kansas","5/18/20","21","3","20169","14.29"
"Scott","1","12","Kansas","5/18/20","4","8","20171","200"
"Sedgwick","10","536","Kansas","5/18/20","469","67","20173","14.29"
"Seward","10","780","Kansas","5/18/20","707","73","20175","10.33"
"Shawnee","5","198","Kansas","5/18/20","166","32","20177","19.28"
"Sheridan","0","2","Kansas","5/18/20","2","0","20179","0"
"Sherman","0","6","Kansas","5/18/20","5","1","20181","20"
"Smith","0","2","Kansas","5/18/20","2","0","20183","0"
"Stafford","0","1","Kansas","5/18/20","1","0","20185","0"
"Stanton","0","9","Kansas","5/18/20","9","0","20187","0"
"Stevens","1","26","Kansas","5/18/20","18","8","20189","44.44"
"Sumner","0","6","Kansas","5/18/20","4","2","20191","50"
"Wabaunsee","0","28","Kansas","5/18/20","27","1","20197","3.7"
"Wilson","0","1","Kansas","5/18/20","1","0","20205","0"
"Woodson","0","6","Kansas","5/18/20","6","0","20207","0"
"Wyandotte","11","1166","Kansas","5/18/20","1086","80","20209","7.37"
"Adair","1","95","Kentucky","5/18/20","88","7","21001","7.95"
"Allen","1","39","Kentucky","5/18/20","29","10","21003","34.48"
"Anderson","1","13","Kentucky","5/18/20","9","4","21005","44.44"
"Ballard","0","10","Kentucky","5/18/20","8","2","21007","25"
"Barren","1","34","Kentucky","5/18/20","28","6","21009","21.43"
"Bath","0","7","Kentucky","5/18/20","6","1","21011","16.67"
"Bell","0","1","Kentucky","5/18/20","0","1","21013","1"
"Boone","18","355","Kentucky","5/18/20","232","123","21015","53.02"
"Bourbon","0","8","Kentucky","5/18/20","8","0","21017","0"
"Boyd","1","39","Kentucky","5/18/20","33","6","21019","18.18"
"Boyle","0","18","Kentucky","5/18/20","17","1","21021","5.88"
"Bracken","0","10","Kentucky","5/18/20","9","1","21023","11.11"
"Breathitt","0","2","Kentucky","5/18/20","2","0","21025","0"
"Breckinridge","0","14","Kentucky","5/18/20","13","1","21027","7.69"
"Bullitt","2","98","Kentucky","5/18/20","83","15","21029","18.07"
"Butler","2","217","Kentucky","5/18/20","201","16","21031","7.96"
"Caldwell","0","12","Kentucky","5/18/20","12","0","21033","0"
"Calloway","1","46","Kentucky","5/18/20","40","6","21035","15"
"Campbell","2","134","Kentucky","5/18/20","118","16","21037","13.56"
"Carlisle","0","3","Kentucky","5/18/20","3","0","21039","0"
"Carroll","0","3","Kentucky","5/18/20","2","1","21041","50"
"Carter","0","8","Kentucky","5/18/20","6","2","21043","33.33"
"Casey","0","2","Kentucky","5/18/20","1","1","21045","100"
"Christian","0","97","Kentucky","5/18/20","95","2","21047","2.11"
"Clark","0","21","Kentucky","5/18/20","20","1","21049","5"
"Clay","0","2","Kentucky","5/18/20","2","0","21051","0"
"Clinton","0","3","Kentucky","5/18/20","3","0","21053","0"
"Crittenden","0","4","Kentucky","5/18/20","4","0","21055","0"
"Cumberland","0","5","Kentucky","5/18/20","5","0","21057","0"
"Daviess","3","293","Kentucky","5/18/20","270","23","21059","8.52"
"Edmonson","1","50","Kentucky","5/18/20","45","5","21061","11.11"
"Fayette","25","564","Kentucky","5/18/20","392","172","21067","43.88"
"Fleming","0","3","Kentucky","5/18/20","1","2","21069","200"
"Floyd","0","16","Kentucky","5/18/20","15","1","21071","6.67"
"Franklin","0","18","Kentucky","5/18/20","17","1","21073","5.88"
"Fulton","0","2","Kentucky","5/18/20","1","1","21075","100"
"Gallatin","0","3","Kentucky","5/18/20","1","2","21077","200"
"Garrard","0","3","Kentucky","5/18/20","3","0","21079","0"
"Grant","1","35","Kentucky","5/18/20","31","4","21081","12.9"
"Graves","1","154","Kentucky","5/18/20","149","5","21083","3.36"
"Grayson","1","107","Kentucky","5/18/20","98","9","21085","9.18"
"Green","0","1","Kentucky","5/18/20","1","0","21087","0"
"Greenup","0","13","Kentucky","5/18/20","13","0","21089","0"
"Hancock","0","6","Kentucky","5/18/20","6","0","21091","0"
"Hardin","3","84","Kentucky","5/18/20","61","23","21093","37.7"
"Harlan","0","1","Kentucky","5/18/20","1","0","21095","0"
"Harrison","0","19","Kentucky","5/18/20","19","0","21097","0"
"Hart","1","16","Kentucky","5/18/20","8","8","21099","100"
"Henderson","2","91","Kentucky","5/18/20","80","11","21101","13.75"
"Henry","0","12","Kentucky","5/18/20","10","2","21103","20"
"Hickman","0","5","Kentucky","5/18/20","5","0","21105","0"
"Hopkins","0","214","Kentucky","5/18/20","214","0","21107","0"
"Jackson","0","57","Kentucky","5/18/20","56","1","21109","1.79"
"Jefferson","32","1916","Kentucky","5/18/20","1691","225","21111","13.31"
"Jessamine","1","52","Kentucky","5/18/20","47","5","21113","10.64"
"Johnson","0","5","Kentucky","5/18/20","5","0","21115","0"
"Kenton","10","472","Kentucky","5/18/20","401","71","21117","17.71"
"Knott","0","4","Kentucky","5/18/20","4","0","21119","0"
"Knox","0","8","Kentucky","5/18/20","7","1","21121","14.29"
"Larue","0","6","Kentucky","5/18/20","6","0","21123","0"
"Laurel","0","21","Kentucky","5/18/20","21","0","21125","0"
"Lawrence","0","1","Kentucky","5/18/20","1","0","21127","0"
"Leslie","0","6","Kentucky","5/18/20","5","1","21131","20"
"Letcher","0","5","Kentucky","5/18/20","3","2","21133","66.67"
"Lewis","0","8","Kentucky","5/18/20","6","2","21135","33.33"
"Lincoln","0","7","Kentucky","5/18/20","5","2","21137","40"
"Livingston","0","7","Kentucky","5/18/20","6","1","21139","16.67"
"Logan","5","92","Kentucky","5/18/20","57","35","21141","61.4"
"Lyon","0","14","Kentucky","5/18/20","14","0","21143","0"
"Madison","2","49","Kentucky","5/18/20","34","15","21151","44.12"
"Magoffin","0","1","Kentucky","5/18/20","0","1","21153","1"
"Marion","0","17","Kentucky","5/18/20","17","0","21155","0"
"Marshall","0","36","Kentucky","5/18/20","34","2","21157","5.88"
"Martin","0","3","Kentucky","5/18/20","3","0","21159","0"
"Mason","0","8","Kentucky","5/18/20","7","1","21161","14.29"
"McCracken","2","85","Kentucky","5/18/20","72","13","21145","18.06"
"McCreary","0","13","Kentucky","5/18/20","13","0","21147","0"
"McLean","0","18","Kentucky","5/18/20","17","1","21149","5.88"
"Meade","0","20","Kentucky","5/18/20","18","2","21163","11.11"
"Menifee","0","4","Kentucky","5/18/20","3","1","21165","33.33"
"Mercer","0","12","Kentucky","5/18/20","11","1","21167","9.09"
"Metcalfe","0","3","Kentucky","5/18/20","2","1","21169","50"
"Monroe","0","6","Kentucky","5/18/20","6","0","21171","0"
"Montgomery","1","16","Kentucky","5/18/20","11","5","21173","45.45"
"Morgan","0","1","Kentucky","5/18/20","1","0","21175","0"
"Muhlenberg","2","470","Kentucky","5/18/20","457","13","21177","2.84"
"Nelson","0","33","Kentucky","5/18/20","31","2","21179","6.45"
"Nicholas","0","1","Kentucky","5/18/20","1","0","21181","0"
"Ohio","6","116","Kentucky","5/18/20","72","44","21183","61.11"
"Oldham","2","54","Kentucky","5/18/20","37","17","21185","45.95"
"Owen","0","2","Kentucky","5/18/20","1","1","21187","100"
"Owsley","0","2","Kentucky","5/18/20","2","0","21189","0"
"Pendleton","0","6","Kentucky","5/18/20","6","0","21191","0"
"Perry","1","20","Kentucky","5/18/20","16","4","21193","25"
"Pike","2","28","Kentucky","5/18/20","15","13","21195","86.67"
"Powell","0","1","Kentucky","5/18/20","1","0","21197","0"
"Pulaski","1","50","Kentucky","5/18/20","44","6","21199","13.64"
"Rockcastle","0","12","Kentucky","5/18/20","13","-1","21203","-7.69"
"Rowan","0","6","Kentucky","5/18/20","6","0","21205","0"
"Russell","1","22","Kentucky","5/18/20","18","4","21207","22.22"
"Scott","0","33","Kentucky","5/18/20","32","1","21209","3.12"
"Shelby","3","76","Kentucky","5/18/20","52","24","21211","46.15"
"Simpson","1","38","Kentucky","5/18/20","32","6","21213","18.75"
"Spencer","0","16","Kentucky","5/18/20","17","-1","21215","-5.88"
"Taylor","0","9","Kentucky","5/18/20","9","0","21217","0"
"Todd","0","17","Kentucky","5/18/20","15","2","21219","13.33"
"Trigg","0","9","Kentucky","5/18/20","9","0","21221","0"
"Trimble","0","3","Kentucky","5/18/20","3","0","21223","0"
"Union","0","10","Kentucky","5/18/20","10","0","21225","0"
"Warren","34","810","Kentucky","5/18/20","573","237","21227","41.36"
"Washington","0","5","Kentucky","5/18/20","5","0","21229","0"
"Wayne","0","8","Kentucky","5/18/20","8","0","21231","0"
"Webster","0","32","Kentucky","5/18/20","29","3","21233","10.34"
"Whitley","0","12","Kentucky","5/18/20","12","0","21235","0"
"Woodford","0","19","Kentucky","5/18/20","18","1","21239","5.56"
"Acadia","15","257","Louisiana","5/18/20","152","105","22001","69.08"
"Allen","4","118","Louisiana","5/18/20","90","28","22003","31.11"
"Ascension","9","760","Louisiana","5/18/20","695","65","22005","9.35"
"Assumption","0","230","Louisiana","5/18/20","228","2","22007","0.88"
"Avoyelles","3","93","Louisiana","5/18/20","75","18","22009","24"
"Beauregard","1","52","Louisiana","5/18/20","46","6","22011","13.04"
"Bienville","1","84","Louisiana","5/18/20","77","7","22013","9.09"
"Bossier","5","346","Louisiana","5/18/20","312","34","22015","10.9"
"Caddo","19","1898","Louisiana","5/18/20","1765","133","22017","7.54"
"Calcasieu","3","520","Louisiana","5/18/20","496","24","22019","4.84"
"Caldwell","0","50","Louisiana","5/18/20","48","2","22021","4.17"
"Cameron","0","3","Louisiana","5/18/20","3","0","22023","0"
"Catahoula","3","106","Louisiana","5/18/20","85","21","22025","24.71"
"Claiborne","0","58","Louisiana","5/18/20","59","-1","22027","-1.69"
"Concordia","2","57","Louisiana","5/18/20","43","14","22029","32.56"
"De Soto","1","224","Louisiana","5/18/20","215","9","22031","4.19"
"East Baton Rouge","94","3056","Louisiana","5/18/20","2398","658","22033","27.44"
"East Carroll","2","37","Louisiana","5/18/20","23","14","22035","60.87"
"East Feliciana","6","177","Louisiana","5/18/20","136","41","22037","30.15"
"Evangeline","0","66","Louisiana","5/18/20","67","-1","22039","-1.49"
"Franklin","9","273","Louisiana","5/18/20","208","65","22041","31.25"
"Grant","1","22","Louisiana","5/18/20","18","4","22043","22.22"
"Iberia","10","355","Louisiana","5/18/20","286","69","22045","24.13"
"Iberville","4","527","Louisiana","5/18/20","501","26","22047","5.19"
"Jackson","0","70","Louisiana","5/18/20","67","3","22049","4.48"
"Jefferson","43","7059","Louisiana","5/18/20","6755","304","22051","4.5"
"Jefferson Davis","0","70","Louisiana","5/18/20","68","2","22053","2.94"
"Lafayette","13","598","Louisiana","5/18/20","508","90","22055","17.72"
"Lafourche","4","744","Louisiana","5/18/20","713","31","22057","4.35"
"LaSalle","1","40","Louisiana","5/18/20","33","7","22059","21.21"
"Lincoln","2","121","Louisiana","5/18/20","107","14","22061","13.08"
"Livingston","10","350","Louisiana","5/18/20","281","69","22063","24.56"
"Madison","2","24","Louisiana","5/18/20","13","11","22065","84.62"
"Morehouse","4","93","Louisiana","5/18/20","65","28","22067","43.08"
"Natchitoches","0","103","Louisiana","5/18/20","100","3","22069","3"
"Orleans","18","6822","Louisiana","5/18/20","6693","129","22071","1.93"
"Ouachita","16","956","Louisiana","5/18/20","842","114","22073","13.54"
"Plaquemines","1","194","Louisiana","5/18/20","190","4","22075","2.11"
"Pointe Coupee","5","169","Louisiana","5/18/20","136","33","22077","24.26"
"Rapides","18","499","Louisiana","5/18/20","370","129","22079","34.86"
"Red River","1","43","Louisiana","5/18/20","36","7","22081","19.44"
"Richland","1","107","Louisiana","5/18/20","103","4","22083","3.88"
"Sabine","1","29","Louisiana","5/18/20","19","10","22085","52.63"
"St. Bernard","0","513","Louisiana","5/18/20","514","-1","22087","-0.19"
"St. Charles","3","615","Louisiana","5/18/20","595","20","22089","3.36"
"St. Helena","1","41","Louisiana","5/18/20","35","6","22091","17.14"
"St. James","4","284","Louisiana","5/18/20","256","28","22093","10.94"
"St. John the Baptist","4","830","Louisiana","5/18/20","801","29","22095","3.62"
"St. Landry","3","235","Louisiana","5/18/20","214","21","22097","9.81"
"St. Martin","2","274","Louisiana","5/18/20","260","14","22099","5.38"
"St. Mary","4","275","Louisiana","5/18/20","250","25","22101","10"
"St. Tammany","12","1544","Louisiana","5/18/20","1463","81","22103","5.54"
"Tangipahoa","9","732","Louisiana","5/18/20","670","62","22105","9.25"
"Tensas","0","5","Louisiana","5/18/20","6","-1","22107","-16.67"
"Terrebonne","9","590","Louisiana","5/18/20","528","62","22109","11.74"
"Union","11","243","Louisiana","5/18/20","169","74","22111","43.79"
"Vermilion","1","45","Louisiana","5/18/20","41","4","22113","9.76"
"Vernon","0","21","Louisiana","5/18/20","18","3","22115","16.67"
"Washington","4","370","Louisiana","5/18/20","342","28","22117","8.19"
"Webster","2","117","Louisiana","5/18/20","100","17","22119","17"
"West Baton Rouge","4","148","Louisiana","5/18/20","123","25","22121","20.33"
"West Carroll","2","18","Louisiana","5/18/20","5","13","22123","260"
"West Feliciana","1","188","Louisiana","5/18/20","184","4","22125","2.17"
"Winn","5","89","Louisiana","5/18/20","52","37","22127","71.15"
"Androscoggin","7","139","Maine","5/18/20","92","47","23001","51.09"
"Aroostook","0","7","Maine","5/18/20","6","1","23003","16.67"
"Cumberland","20","852","Maine","5/18/20","714","138","23005","19.33"
"Franklin","0","33","Maine","5/18/20","31","2","23007","6.45"
"Hancock","0","11","Maine","5/18/20","10","1","23009","10"
"Kennebec","2","121","Maine","5/18/20","110","11","23011","10"
"Knox","0","20","Maine","5/18/20","19","1","23013","5.26"
"Lincoln","0","17","Maine","5/18/20","15","2","23015","13.33"
"Oxford","0","17","Maine","5/18/20","17","0","23017","0"
"Penobscot","0","93","Maine","5/18/20","90","3","23019","3.33"
"Piscataquis","0","1","Maine","5/18/20","1","0","23021","0"
"Sagadahoc","1","27","Maine","5/18/20","21","6","23023","28.57"
"Somerset","0","20","Maine","5/18/20","17","3","23025","17.65"
"Waldo","0","50","Maine","5/18/20","49","1","23027","2.04"
"Washington","0","2","Maine","5/18/20","2","0","23029","0"
"York","6","302","Maine","5/18/20","262","40","23031","15.27"
"Allegany","3","164","Maryland","5/18/20","146","18","24001","12.33"
"Anne Arundel","57","2893","Maryland","5/18/20","2492","401","24003","16.09"
"Baltimore","114","4749","Maryland","5/18/20","3948","801","24005","20.29"
"Baltimore City","68","3830","Maryland","5/18/20","3353","477","24510","14.23"
"Calvert","5","245","Maryland","5/18/20","209","36","24009","17.22"
"Caroline","5","200","Maryland","5/18/20","167","33","24011","19.76"
"Carroll","17","703","Maryland","5/18/20","583","120","24013","20.58"
"Cecil","7","318","Maryland","5/18/20","267","51","24015","19.1"
"Charles","16","867","Maryland","5/18/20","756","111","24017","14.68"
"Dorchester","3","122","Maryland","5/18/20","98","24","24019","24.49"
"Frederick","28","1460","Maryland","5/18/20","1267","193","24021","15.23"
"Garrett","0","7","Maryland","5/18/20","6","1","24023","16.67"
"Harford","13","695","Maryland","5/18/20","605","90","24025","14.88"
"Howard","28","1416","Maryland","5/18/20","1223","193","24027","15.78"
"Kent","3","140","Maryland","5/18/20","116","24","24029","20.69"
"Montgomery","215","8417","Maryland","5/18/20","6909","1508","24031","21.83"
"Prince George's","274","11608","Maryland","5/18/20","9687","1921","24033","19.83"
"Queen Anne's","4","129","Maryland","5/18/20","100","29","24035","29"
"Somerset","2","61","Maryland","5/18/20","50","11","24039","22"
"St. Mary's","12","326","Maryland","5/18/20","244","82","24037","33.61"
"Talbot","1","68","Maryland","5/18/20","61","7","24041","11.48"
"Washington","9","343","Maryland","5/18/20","283","60","24043","21.2"
"Wicomico","21","837","Maryland","5/18/20","690","147","24045","21.3"
"Worcester","7","164","Maryland","5/18/20","113","51","24047","45.13"
"Barnstable","13","1229","Massachusetts","5/18/20","1138","91","25001","8"
"Berkshire","4","514","Massachusetts","5/18/20","489","25","25003","5.11"
"Bristol","147","6122","Massachusetts","5/18/20","5093","1029","25005","20.2"
"Dukes and Nantucket","1","45","Massachusetts","5/18/20","41","4","00000","9.76"
"Essex","176","12898","Massachusetts","5/18/20","11665","1233","25009","10.57"
"Franklin","2","318","Massachusetts","5/18/20","305","13","25011","4.26"
"Hampden","74","5363","Massachusetts","5/18/20","4843","520","25013","10.74"
"Hampshire","13","799","Massachusetts","5/18/20","710","89","25015","12.54"
"Middlesex","246","19918","Massachusetts","5/18/20","18197","1721","25017","9.46"
"Norfolk","86","7906","Massachusetts","5/18/20","7303","603","25021","8.26"
"Plymouth","103","7384","Massachusetts","5/18/20","6661","723","25023","10.85"
"Suffolk","203","17110","Massachusetts","5/18/20","15686","1424","25025","9.08"
"Worcester","237","9613","Massachusetts","5/18/20","7956","1657","25027","20.83"
"Alcona","0","9","Michigan","5/18/20","7","2","26001","28.57"
"Allegan","5","218","Michigan","5/18/20","186","32","26005","17.2"
"Alpena","1","98","Michigan","5/18/20","94","4","26007","4.26"
"Antrim","0","12","Michigan","5/18/20","11","1","26009","9.09"
"Arenac","1","35","Michigan","5/18/20","31","4","26011","12.9"
"Baraga","0","1","Michigan","5/18/20","1","0","26013","0"
"Barry","1","70","Michigan","5/18/20","64","6","26015","9.38"
"Bay","7","284","Michigan","5/18/20","237","47","26017","19.83"
"Benzie","0","4","Michigan","5/18/20","4","0","26019","0"
"Berrien","19","652","Michigan","5/18/20","521","131","26021","25.14"
"Branch","2","103","Michigan","5/18/20","86","17","26023","19.77"
"Calhoun","5","339","Michigan","5/18/20","301","38","26025","12.62"
"Cass","3","71","Michigan","5/18/20","53","18","26027","33.96"
"Charlevoix","0","17","Michigan","5/18/20","14","3","26029","21.43"
"Cheboygan","0","24","Michigan","5/18/20","24","0","26031","0"
"Chippewa","0","3","Michigan","5/18/20","3","0","26033","0"
"Clare","1","16","Michigan","5/18/20","12","4","26035","33.33"
"Clinton","2","155","Michigan","5/18/20","144","11","26037","7.64"
"Crawford","0","61","Michigan","5/18/20","61","0","26039","0"
"Delta","0","16","Michigan","5/18/20","15","1","26041","6.67"
"Dickinson","0","5","Michigan","5/18/20","5","0","26043","0"
"Eaton","3","198","Michigan","5/18/20","178","20","26045","11.24"
"Emmet","0","25","Michigan","5/18/20","25","0","26047","0"
"Federal Correctional Institution (FCI)","1","118","Michigan","5/18/20","114","4","00000","3.51"
"Genesee","28","2188","Michigan","5/18/20","1992","196","26049","9.84"
"Gladwin","0","17","Michigan","5/18/20","17","0","26051","0"
"Gogebic","0","5","Michigan","5/18/20","4","1","26053","25"
"Grand Traverse","0","24","Michigan","5/18/20","21","3","26055","14.29"
"Gratiot","2","54","Michigan","5/18/20","37","17","26057","45.95"
"Hillsdale","2","173","Michigan","5/18/20","156","17","26059","10.9"
"Houghton","0","2","Michigan","5/18/20","2","0","26061","0"
"Huron","1","51","Michigan","5/18/20","43","8","26063","18.6"
"Ingham","9","682","Michigan","5/18/20","616","66","26065","10.71"
"Ionia","1","130","Michigan","5/18/20","120","10","26067","8.33"
"Iosco","1","74","Michigan","5/18/20","67","7","26069","10.45"
"Isabella","0","77","Michigan","5/18/20","77","0","26073","0"
"Jackson","2","436","Michigan","5/18/20","421","15","26075","3.56"
"Kalamazoo","14","760","Michigan","5/18/20","662","98","26077","14.8"
"Kalkaska","0","28","Michigan","5/18/20","29","-1","26079","-3.45"
"Kent","81","3068","Michigan","5/18/20","2503","565","26081","22.57"
"Lake","0","4","Michigan","5/18/20","3","1","26085","33.33"
"Lapeer","1","198","Michigan","5/18/20","188","10","26087","5.32"
"Leelanau","0","10","Michigan","5/18/20","9","1","26089","11.11"
"Lenawee","1","168","Michigan","5/18/20","160","8","26091","5"
"Livingston","2","464","Michigan","5/18/20","448","16","26093","3.57"
"Luce","0","2","Michigan","5/18/20","1","1","26095","100"
"Mackinac","0","6","Michigan","5/18/20","6","0","26097","0"
"Macomb","46","6465","Michigan","5/18/20","6143","322","26099","5.24"
"Manistee","0","12","Michigan","5/18/20","12","0","26101","0"
"Marquette","0","52","Michigan","5/18/20","51","1","26103","1.96"
"Mason","1","33","Michigan","5/18/20","25","8","26105","32"
"Mecosta","0","21","Michigan","5/18/20","19","2","26107","10.53"
"Menominee","0","8","Michigan","5/18/20","6","2","26109","33.33"
"Michigan Department of Corrections (MDOC)","138","3137","Michigan","5/18/20","2169","968","00000","44.63"
"Midland","1","104","Michigan","5/18/20","99","5","26111","5.05"
"Missaukee","0","22","Michigan","5/18/20","22","0","26113","0"
"Monroe","7","467","Michigan","5/18/20","421","46","26115","10.93"
"Montcalm","2","60","Michigan","5/18/20","49","11","26117","22.45"
"Montmorency","0","5","Michigan","5/18/20","5","0","26119","0"
"Muskegon","19","516","Michigan","5/18/20","385","131","26121","34.03"
"Newaygo","2","55","Michigan","5/18/20","38","17","26123","44.74"
"Oakland","108","9636","Michigan","5/18/20","8880","756","26125","8.51"
"Oceana","3","62","Michigan","5/18/20","38","24","26127","63.16"
"Ogemaw","0","24","Michigan","5/18/20","21","3","26129","14.29"
"Osceola","0","12","Michigan","5/18/20","11","1","26133","9.09"
"Oscoda","0","8","Michigan","5/18/20","7","1","26135","14.29"
"Otsego","0","117","Michigan","5/18/20","116","1","26137","0.86"
"Ottawa","21","615","Michigan","5/18/20","468","147","26139","31.41"
"Out of MI","5","62","Michigan","5/18/20","26","36","80026","138.46"
"Presque Isle","0","11","Michigan","5/18/20","11","0","26141","0"
"Roscommon","0","23","Michigan","5/18/20","22","1","26143","4.55"
"Saginaw","18","950","Michigan","5/18/20","824","126","26145","15.29"
"Sanilac","0","40","Michigan","5/18/20","39","1","26151","2.56"
"Schoolcraft","0","4","Michigan","5/18/20","4","0","26153","0"
"Shiawassee","3","245","Michigan","5/18/20","227","18","26155","7.93"
"St. Clair","8","467","Michigan","5/18/20","412","55","26147","13.35"
"St. Joseph","3","89","Michigan","5/18/20","67","22","26149","32.84"
"Tuscola","5","175","Michigan","5/18/20","141","34","26157","24.11"
"Van Buren","4","135","Michigan","5/18/20","110","25","26159","22.73"
"Washtenaw","10","1389","Michigan","5/18/20","1322","67","26161","5.07"
"Wayne","146","19664","Michigan","5/18/20","18645","1019","26163","5.47"
"Wexford","0","13","Michigan","5/18/20","13","0","26165","0"
"Aitkin","0","4","Minnesota","5/18/20","2","2","27001","100"
"Anoka","43","869","Minnesota","5/18/20","571","298","27003","52.19"
"Becker","1","33","Minnesota","5/18/20","25","8","27005","32"
"Beltrami","0","9","Minnesota","5/18/20","6","3","27007","50"
"Benton","6","138","Minnesota","5/18/20","93","45","27009","48.39"
"Big Stone","0","3","Minnesota","5/18/20","2","1","27011","50"
"Blue Earth","3","87","Minnesota","5/18/20","67","20","27013","29.85"
"Brown","0","10","Minnesota","5/18/20","9","1","27015","11.11"
"Carlton","0","66","Minnesota","5/18/20","64","2","27017","3.12"
"Carver","4","117","Minnesota","5/18/20","92","25","27019","27.17"
"Cass","0","10","Minnesota","5/18/20","8","2","27021","25"
"Chippewa","3","32","Minnesota","5/18/20","14","18","27023","128.57"
"Chisago","2","37","Minnesota","5/18/20","20","17","27025","85"
"Clay","9","310","Minnesota","5/18/20","247","63","27027","25.51"
"Clearwater","0","2","Minnesota","5/18/20","2","0","27029","0"
"Cottonwood","2","58","Minnesota","5/18/20","47","11","27033","23.4"
"Crow Wing","1","30","Minnesota","5/18/20","23","7","27035","30.43"
"Dakota","47","802","Minnesota","5/18/20","471","331","27037","70.28"
"Dodge","1","36","Minnesota","5/18/20","26","10","27039","38.46"
"Douglas","1","21","Minnesota","5/18/20","16","5","27041","31.25"
"Faribault","0","10","Minnesota","5/18/20","10","0","27043","0"
"Fillmore","1","17","Minnesota","5/18/20","13","4","27045","30.77"
"Freeborn","2","61","Minnesota","5/18/20","46","15","27047","32.61"
"Goodhue","1","34","Minnesota","5/18/20","25","9","27049","36"
"Grant","0","2","Minnesota","5/18/20","2","0","27051","0"
"Hennepin","238","5409","Minnesota","5/18/20","3744","1665","27053","44.47"
"Houston","0","2","Minnesota","5/18/20","2","0","27055","0"
"Isanti","2","19","Minnesota","5/18/20","8","11","27059","137.5"
"Itasca","2","49","Minnesota","5/18/20","33","16","27061","48.48"
"Jackson","0","36","Minnesota","5/18/20","33","3","27063","9.09"
"Kanabec","0","9","Minnesota","5/18/20","10","-1","27065","-10"
"Kandiyohi","14","415","Minnesota","5/18/20","316","99","27067","31.33"
"Kittson","0","1","Minnesota","5/18/20","1","0","27069","0"
"Koochiching","0","5","Minnesota","5/18/20","2","3","27071","150"
"Lac qui Parle","0","3","Minnesota","5/18/20","2","1","27073","50"
"Lake","0","1","Minnesota","5/18/20","1","0","27075","0"
"Le Sueur","1","35","Minnesota","5/18/20","30","5","27079","16.67"
"Lincoln","0","4","Minnesota","5/18/20","4","0","27081","0"
"Lyon","1","26","Minnesota","5/18/20","18","8","27083","44.44"
"Mahnomen","0","5","Minnesota","5/18/20","3","2","27087","66.67"
"Marshall","0","8","Minnesota","5/18/20","8","0","27089","0"
"Martin","1","120","Minnesota","5/18/20","112","8","27091","7.14"
"McLeod","1","18","Minnesota","5/18/20","13","5","27085","38.46"
"Meeker","2","36","Minnesota","5/18/20","21","15","27093","71.43"
"Mille Lacs","1","12","Minnesota","5/18/20","7","5","27095","71.43"
"Morrison","2","27","Minnesota","5/18/20","14","13","27097","92.86"
"Mower","3","65","Minnesota","5/18/20","45","20","27099","44.44"
"Murray","1","33","Minnesota","5/18/20","29","4","27101","13.79"
"Nicollet","3","39","Minnesota","5/18/20","21","18","27103","85.71"
"Nobles","17","1387","Minnesota","5/18/20","1269","118","27105","9.3"
"Norman","0","11","Minnesota","5/18/20","10","1","27107","10"
"Olmsted","12","461","Minnesota","5/18/20","374","87","27109","23.26"
"Otter Tail","3","47","Minnesota","5/18/20","25","22","27111","88"
"Pennington","0","2","Minnesota","5/18/20","1","1","27113","100"
"Pine","1","83","Minnesota","5/18/20","73","10","27115","13.7"
"Pipestone","0","10","Minnesota","5/18/20","7","3","27117","42.86"
"Polk","0","56","Minnesota","5/18/20","53","3","27119","5.66"
"Pope","0","5","Minnesota","5/18/20","5","0","27121","0"
"Ramsey","91","1625","Minnesota","5/18/20","986","639","27123","64.81"
"Red Lake","0","3","Minnesota","5/18/20","2","1","27125","50"
"Redwood","0","3","Minnesota","5/18/20","3","0","27127","0"
"Renville","0","5","Minnesota","5/18/20","6","-1","27129","-16.67"
"Rice","19","260","Minnesota","5/18/20","126","134","27131","106.35"
"Rock","0","20","Minnesota","5/18/20","19","1","27133","5.26"
"Roseau","0","1","Minnesota","5/18/20","1","0","27135","0"
"Scott","15","259","Minnesota","5/18/20","155","104","27139","67.1"
"Sherburne","6","155","Minnesota","5/18/20","114","41","27141","35.96"
"Sibley","1","10","Minnesota","5/18/20","4","6","27143","150"
"St. Louis","1","105","Minnesota","5/18/20","96","9","27137","9.38"
"Stearns","42","1740","Minnesota","5/18/20","1443","297","27145","20.58"
"Steele","7","111","Minnesota","5/18/20","65","46","27147","70.77"
"Stevens","0","0","Minnesota","5/18/20","1","-1","27149","-100"
"Swift","1","13","Minnesota","5/18/20","8","5","27151","62.5"
"Todd","5","73","Minnesota","5/18/20","38","35","27153","92.11"
"Traverse","0","3","Minnesota","5/18/20","3","0","27155","0"
"Wabasha","0","16","Minnesota","5/18/20","13","3","27157","23.08"
"Wadena","0","5","Minnesota","5/18/20","4","1","27159","25"
"Waseca","1","20","Minnesota","5/18/20","16","4","27161","25"
"Washington","17","378","Minnesota","5/18/20","256","122","27163","47.66"
"Watonwan","2","41","Minnesota","5/18/20","25","16","27165","64"
"Wilkin","0","11","Minnesota","5/18/20","11","0","27167","0"
"Winona","1","75","Minnesota","5/18/20","71","4","27169","5.63"
"Wright","9","172","Minnesota","5/18/20","110","62","27171","56.36"
"Yellow Medicine","0","3","Minnesota","5/18/20","3","0","27173","0"
"Adams","2","173","Mississippi","5/18/20","160","13","28001","8.12"
"Alcorn","0","12","Mississippi","5/18/20","10","2","28003","20"
"Amite","1","46","Mississippi","5/18/20","38","8","28005","21.05"
"Attala","7","248","Mississippi","5/18/20","196","52","28007","26.53"
"Benton","0","13","Mississippi","5/18/20","13","0","28009","0"
"Bolivar","2","129","Mississippi","5/18/20","118","11","28011","9.32"
"Calhoun","0","58","Mississippi","5/18/20","58","0","28013","0"
"Carroll","1","110","Mississippi","5/18/20","103","7","28015","6.8"
"Chickasaw","3","116","Mississippi","5/18/20","93","23","28017","24.73"
"Choctaw","1","23","Mississippi","5/18/20","16","7","28019","43.75"
"Claiborne","1","49","Mississippi","5/18/20","41","8","28021","19.51"
"Clarke","3","102","Mississippi","5/18/20","84","18","28023","21.43"
"Clay","2","79","Mississippi","5/18/20","66","13","28025","19.7"
"Coahoma","1","79","Mississippi","5/18/20","71","8","28027","11.27"
"Copiah","6","204","Mississippi","5/18/20","163","41","28029","25.15"
"Covington","2","108","Mississippi","5/18/20","93","15","28031","16.13"
"DeSoto","8","391","Mississippi","5/18/20","336","55","28033","16.37"
"Forrest","18","442","Mississippi","5/18/20","315","127","28035","40.32"
"Franklin","0","21","Mississippi","5/18/20","18","3","28037","16.67"
"George","0","17","Mississippi","5/18/20","15","2","28039","13.33"
"Greene","0","7","Mississippi","5/18/20","6","1","28041","16.67"
"Grenada","1","60","Mississippi","5/18/20","52","8","28043","15.38"
"Hancock","1","81","Mississippi","5/18/20","74","7","28045","9.46"
"Harrison","3","216","Mississippi","5/18/20","198","18","28047","9.09"
"Hinds","14","772","Mississippi","5/18/20","675","97","28049","14.37"
"Holmes","11","298","Mississippi","5/18/20","223","75","28051","33.63"
"Humphreys","2","46","Mississippi","5/18/20","34","12","28053","35.29"
"Itawamba","1","79","Mississippi","5/18/20","69","10","28057","14.49"
"Jackson","2","287","Mississippi","5/18/20","276","11","28059","3.99"
"Jasper","4","114","Mississippi","5/18/20","89","25","28061","28.09"
"Jefferson","1","37","Mississippi","5/18/20","31","6","28063","19.35"
"Jefferson Davis","2","68","Mississippi","5/18/20","55","13","28065","23.64"
"Jones","13","342","Mississippi","5/18/20","249","93","28067","37.35"
"Kemper","1","102","Mississippi","5/18/20","93","9","28069","9.68"
"Lafayette","1","109","Mississippi","5/18/20","101","8","28071","7.92"
"Lamar","3","175","Mississippi","5/18/20","156","19","28073","12.18"
"Lauderdale","14","589","Mississippi","5/18/20","492","97","28075","19.72"
"Lawrence","2","78","Mississippi","5/18/20","66","12","28077","18.18"
"Leake","8","361","Mississippi","5/18/20","307","54","28079","17.59"
"Lee","2","93","Mississippi","5/18/20","80","13","28081","16.25"
"Leflore","2","200","Mississippi","5/18/20","185","15","28083","8.11"
"Lincoln","5","218","Mississippi","5/18/20","186","32","28085","17.2"
"Lowndes","6","126","Mississippi","5/18/20","86","40","28087","46.51"
"Madison","11","543","Mississippi","5/18/20","466","77","28089","16.52"
"Marion","1","89","Mississippi","5/18/20","84","5","28091","5.95"
"Marshall","2","67","Mississippi","5/18/20","56","11","28093","19.64"
"Monroe","3","220","Mississippi","5/18/20","199","21","28095","10.55"
"Montgomery","0","72","Mississippi","5/18/20","69","3","28097","4.35"
"Neshoba","15","423","Mississippi","5/18/20","320","103","28099","32.19"
"Newton","7","192","Mississippi","5/18/20","142","50","28101","35.21"
"Noxubee","5","140","Mississippi","5/18/20","105","35","28103","33.33"
"Oktibbeha","2","105","Mississippi","5/18/20","89","16","28105","17.98"
"Panola","1","50","Mississippi","5/18/20","43","7","28107","16.28"
"Pearl River","1","195","Mississippi","5/18/20","190","5","28109","2.63"
"Perry","0","36","Mississippi","5/18/20","34","2","28111","5.88"
"Pike","1","178","Mississippi","5/18/20","170","8","28113","4.71"
"Pontotoc","0","25","Mississippi","5/18/20","23","2","28115","8.7"
"Prentiss","0","36","Mississippi","5/18/20","36","0","28117","0"
"Quitman","1","21","Mississippi","5/18/20","17","4","28119","23.53"
"Rankin","5","287","Mississippi","5/18/20","251","36","28121","14.34"
"Scott","10","532","Mississippi","5/18/20","462","70","28123","15.15"
"Sharkey","0","6","Mississippi","5/18/20","5","1","28125","20"
"Simpson","2","78","Mississippi","5/18/20","62","16","28127","25.81"
"Smith","2","115","Mississippi","5/18/20","104","11","28129","10.58"
"Stone","0","24","Mississippi","5/18/20","24","0","28131","0"
"Sunflower","1","68","Mississippi","5/18/20","63","5","28133","7.94"
"Tallahatchie","1","21","Mississippi","5/18/20","12","9","28135","75"
"Tate","0","55","Mississippi","5/18/20","52","3","28137","5.77"
"Tippah","0","69","Mississippi","5/18/20","66","3","28139","4.55"
"Tishomingo","1","14","Mississippi","5/18/20","10","4","28141","40"
"Tunica","1","44","Mississippi","5/18/20","39","5","28143","12.82"
"Union","2","62","Mississippi","5/18/20","50","12","28145","24"
"Walthall","1","46","Mississippi","5/18/20","41","5","28147","12.2"
"Warren","2","133","Mississippi","5/18/20","117","16","28149","13.68"
"Washington","5","123","Mississippi","5/18/20","85","38","28151","44.71"
"Wayne","2","39","Mississippi","5/18/20","28","11","28153","39.29"
"Webster","0","22","Mississippi","5/18/20","22","0","28155","0"
"Wilkinson","0","78","Mississippi","5/18/20","77","1","28157","1.3"
"Winston","2","83","Mississippi","5/18/20","66","17","28159","25.76"
"Yalobusha","5","73","Mississippi","5/18/20","36","37","28161","102.78"
"Yazoo","3","190","Mississippi","5/18/20","169","21","28163","12.43"
"Adair","2","29","Missouri","5/18/20","12","17","29001","141.67"
"Andrew","1","17","Missouri","5/18/20","8","9","29003","112.5"
"Atchison","0","2","Missouri","5/18/20","2","0","29005","0"
"Audrain","0","2","Missouri","5/18/20","2","0","29007","0"
"Barry","0","6","Missouri","5/18/20","6","0","29009","0"
"Bates","0","7","Missouri","5/18/20","6","1","29013","16.67"
"Benton","0","9","Missouri","5/18/20","8","1","29015","12.5"
"Bollinger","0","4","Missouri","5/18/20","4","0","29017","0"
"Boone","1","105","Missouri","5/18/20","100","5","29019","5"
"Buchanan","10","520","Missouri","5/18/20","447","73","29021","16.33"
"Butler","0","30","Missouri","5/18/20","27","3","29023","11.11"
"Caldwell","0","4","Missouri","5/18/20","3","1","29025","33.33"
"Callaway","0","23","Missouri","5/18/20","23","0","29027","0"
"Camden","0","36","Missouri","5/18/20","36","0","29029","0"
"Cape Girardeau","0","54","Missouri","5/18/20","51","3","29031","5.88"
"Carroll","1","7","Missouri","5/18/20","3","4","29033","133.33"
"Carter","0","3","Missouri","5/18/20","3","0","29035","0"
"Cass","0","72","Missouri","5/18/20","69","3","29037","4.35"
"Cedar","0","9","Missouri","5/18/20","9","0","29039","0"
"Chariton","0","6","Missouri","5/18/20","5","1","29041","20"
"Christian","0","21","Missouri","5/18/20","20","1","29043","5"
"Clark","0","1","Missouri","5/18/20","1","0","29045","0"
"Clay","3","117","Missouri","5/18/20","96","21","29047","21.88"
"Clinton","0","17","Missouri","5/18/20","14","3","29049","21.43"
"Cole","0","56","Missouri","5/18/20","56","0","29051","0"
"Cooper","0","9","Missouri","5/18/20","9","0","29053","0"
"Crawford","0","9","Missouri","5/18/20","8","1","29055","12.5"
"Dallas","0","2","Missouri","5/18/20","2","0","29059","0"
"Daviess","0","3","Missouri","5/18/20","3","0","29061","0"
"DeKalb","0","4","Missouri","5/18/20","4","0","29063","0"
"Dunklin","0","26","Missouri","5/18/20","24","2","29069","8.33"
"Franklin","1","135","Missouri","5/18/20","130","5","29071","3.85"
"Gasconade","0","2","Missouri","5/18/20","2","0","29073","0"
"Gentry","0","3","Missouri","5/18/20","1","2","29075","200"
"Greene","1","107","Missouri","5/18/20","103","4","29077","3.88"
"Harrison","0","7","Missouri","5/18/20","6","1","29081","16.67"
"Henry","0","9","Missouri","5/18/20","9","0","29083","0"
"Holt","0","1","Missouri","5/18/20","1","0","29087","0"
"Howard","0","3","Missouri","5/18/20","3","0","29089","0"
"Howell","0","5","Missouri","5/18/20","5","0","29091","0"
"Iron","0","2","Missouri","5/18/20","2","0","29093","0"
"Jackson","9","454","Missouri","5/18/20","388","66","29095","17.01"
"Jasper","0","29","Missouri","5/18/20","28","1","29097","3.57"
"Jefferson","3","330","Missouri","5/18/20","309","21","29099","6.8"
"Johnson","1","72","Missouri","5/18/20","63","9","29101","14.29"
"Kansas City","17","901","Missouri","5/18/20","783","118","00000","15.07"
"Laclede","0","3","Missouri","5/18/20","2","1","29105","50"
"Lafayette","1","68","Missouri","5/18/20","62","6","29107","9.68"
"Lawrence","0","7","Missouri","5/18/20","7","0","29109","0"
"Lewis","0","7","Missouri","5/18/20","6","1","29111","16.67"
"Lincoln","0","105","Missouri","5/18/20","103","2","29113","1.94"
"Linn","0","5","Missouri","5/18/20","5","0","29115","0"
"Livingston","0","3","Missouri","5/18/20","3","0","29117","0"
"Macon","0","2","Missouri","5/18/20","2","0","29121","0"
"Madison","0","3","Missouri","5/18/20","3","0","29123","0"
"Maries","0","2","Missouri","5/18/20","2","0","29125","0"
"Marion","0","5","Missouri","5/18/20","5","0","29127","0"
"McDonald","1","13","Missouri","5/18/20","5","8","29119","160"
"Miller","0","4","Missouri","5/18/20","3","1","29131","33.33"
"Mississippi","0","49","Missouri","5/18/20","49","0","29133","0"
"Moniteau","0","44","Missouri","5/18/20","44","0","29135","0"
"Montgomery","0","7","Missouri","5/18/20","7","0","29139","0"
"Morgan","0","8","Missouri","5/18/20","7","1","29141","14.29"
"New Madrid","0","14","Missouri","5/18/20","12","2","29143","16.67"
"Newton","1","16","Missouri","5/18/20","11","5","29145","45.45"
"Nodaway","0","5","Missouri","5/18/20","5","0","29147","0"
"Oregon","0","2","Missouri","5/18/20","2","0","29149","0"
"Osage","0","5","Missouri","5/18/20","5","0","29151","0"
"Pemiscot","0","68","Missouri","5/18/20","65","3","29155","4.62"
"Perry","0","47","Missouri","5/18/20","45","2","29157","4.44"
"Pettis","0","69","Missouri","5/18/20","67","2","29159","2.99"
"Phelps","0","2","Missouri","5/18/20","2","0","29161","0"
"Pike","0","14","Missouri","5/18/20","13","1","29163","7.69"
"Platte","1","54","Missouri","5/18/20","45","9","29165","20"
"Polk","0","2","Missouri","5/18/20","1","1","29167","100"
"Pulaski","0","33","Missouri","5/18/20","36","-3","29169","-8.33"
"Ralls","0","2","Missouri","5/18/20","1","1","29173","100"
"Randolph","0","8","Missouri","5/18/20","8","0","29175","0"
"Ray","0","14","Missouri","5/18/20","12","2","29177","16.67"
"Reynolds","0","2","Missouri","5/18/20","2","0","29179","0"
"Ripley","0","7","Missouri","5/18/20","5","2","29181","40"
"Saline","5","251","Missouri","5/18/20","219","32","29195","14.61"
"Scotland","0","4","Missouri","5/18/20","4","0","29199","0"
"Scott","1","87","Missouri","5/18/20","81","6","29201","7.41"
"Shelby","0","1","Missouri","5/18/20","1","0","29205","0"
"St. Charles","4","704","Missouri","5/18/20","673","31","29183","4.61"
"St. Clair","0","2","Missouri","5/18/20","2","0","29185","0"
"St. Francois","0","33","Missouri","5/18/20","33","0","29187","0"
"St. Louis","56","4401","Missouri","5/18/20","4006","395","29189","9.86"
"St. Louis City","22","1682","Missouri","5/18/20","1526","156","29510","10.22"
"Ste. Genevieve","0","8","Missouri","5/18/20","8","0","29186","0"
"Stoddard","3","53","Missouri","5/18/20","29","24","29207","82.76"
"Stone","0","4","Missouri","5/18/20","3","1","29209","33.33"
"Sullivan","5","36","Missouri","5/18/20","1","35","29211","3500"
"Taney","0","12","Missouri","5/18/20","12","0","29213","0"
"Vernon","0","5","Missouri","5/18/20","4","1","29217","25"
"Warren","0","28","Missouri","5/18/20","28","0","29219","0"
"Washington","0","9","Missouri","5/18/20","9","0","29221","0"
"Webster","0","17","Missouri","5/18/20","16","1","29225","6.25"
"Worth","0","3","Missouri","5/18/20","1","2","29227","200"
"Wright","0","10","Missouri","5/18/20","10","0","29229","0"
"Beaverhead","0","1","Montana","5/18/20","1","0","30001","0"
"Big Horn","1","8","Montana","5/18/20","3","5","30003","166.67"
"Broadwater","0","4","Montana","5/18/20","4","0","30007","0"
"Carbon","0","6","Montana","5/18/20","6","0","30009","0"
"Cascade","0","17","Montana","5/18/20","16","1","30013","6.25"
"Deer Lodge","0","3","Montana","5/18/20","3","0","30023","0"
"Flathead","0","37","Montana","5/18/20","37","0","30029","0"
"Gallatin","0","149","Montana","5/18/20","149","0","30031","0"
"Glacier","0","6","Montana","5/18/20","6","0","30035","0"
"Golden Valley","0","3","Montana","5/18/20","3","0","30037","0"
"Hill","0","1","Montana","5/18/20","1","0","30041","0"
"Jefferson","0","3","Montana","5/18/20","3","0","30043","0"
"Lake","0","5","Montana","5/18/20","5","0","30047","0"
"Lewis and Clark","0","16","Montana","5/18/20","16","0","30049","0"
"Liberty","0","1","Montana","5/18/20","1","0","30051","0"
"Lincoln","0","7","Montana","5/18/20","7","0","30053","0"
"Madison","0","8","Montana","5/18/20","8","0","30057","0"
"Meagher","0","1","Montana","5/18/20","1","0","30059","0"
"Missoula","0","39","Montana","5/18/20","39","0","30063","0"
"Musselshell","0","1","Montana","5/18/20","1","0","30065","0"
"Park","0","8","Montana","5/18/20","8","0","30067","0"
"Pondera","0","2","Montana","5/18/20","2","0","30073","0"
"Ravalli","0","6","Montana","5/18/20","5","1","30081","20"
"Richland","0","3","Montana","5/18/20","3","0","30083","0"
"Roosevelt","0","7","Montana","5/18/20","7","0","30085","0"
"Silver Bow","0","11","Montana","5/18/20","11","0","30093","0"
"Stillwater","0","1","Montana","5/18/20","1","0","30095","0"
"Toole","0","29","Montana","5/18/20","29","0","30101","0"
"Wheatland","0","1","Montana","5/18/20","1","0","30107","0"
"Yellowstone","1","86","Montana","5/18/20","82","4","30111","4.88"
"Adams","4","252","Nebraska","5/18/20","227","25","31001","11.01"
"Antelope","0","6","Nebraska","5/18/20","5","1","31003","20"
"Boone","0","3","Nebraska","5/18/20","2","1","31011","50"
"Box Butte","0","1","Nebraska","5/18/20","1","0","31013","0"
"Buffalo","2","136","Nebraska","5/18/20","121","15","31019","12.4"
"Burt","0","5","Nebraska","5/18/20","6","-1","31021","-16.67"
"Butler","1","31","Nebraska","5/18/20","22","9","31023","40.91"
"Cass","1","21","Nebraska","5/18/20","11","10","31025","90.91"
"Cedar","0","6","Nebraska","5/18/20","6","0","31027","0"
"Cherry","0","1","Nebraska","5/18/20","1","0","31031","0"
"Cheyenne","0","9","Nebraska","5/18/20","8","1","31033","12.5"
"Clay","1","18","Nebraska","5/18/20","11","7","31035","63.64"
"Colfax","16","528","Nebraska","5/18/20","419","109","31037","26.01"
"Cuming","0","17","Nebraska","5/18/20","14","3","31039","21.43"
"Custer","0","29","Nebraska","5/18/20","27","2","31041","7.41"
"Dakota","14","1476","Nebraska","5/18/20","1378","98","31043","7.11"
"Dawes","0","1","Nebraska","5/18/20","1","0","31045","0"
"Dawson","14","811","Nebraska","5/18/20","712","99","31047","13.9"
"Dixon","0","27","Nebraska","5/18/20","24","3","31051","12.5"
"Dodge","16","266","Nebraska","5/18/20","157","109","31053","69.43"
"Douglas","119","2446","Nebraska","5/18/20","1616","830","31055","51.36"
"Fillmore","0","4","Nebraska","5/18/20","3","1","31059","33.33"
"Franklin","0","5","Nebraska","5/18/20","5","0","31061","0"
"Frontier","0","1","Nebraska","5/18/20","1","0","31063","0"
"Furnas","0","6","Nebraska","5/18/20","4","2","31065","50"
"Gage","0","42","Nebraska","5/18/20","41","1","31067","2.44"
"Gosper","0","13","Nebraska","5/18/20","12","1","31073","8.33"
"Greeley","0","2","Nebraska","5/18/20","2","0","31077","0"
"Hall","14","1433","Nebraska","5/18/20","1332","101","31079","7.58"
"Hamilton","1","51","Nebraska","5/18/20","46","5","31081","10.87"
"Hitchcock","0","1","Nebraska","5/18/20","1","0","31087","0"
"Holt","0","1","Nebraska","5/18/20","1","0","31089","0"
"Howard","2","36","Nebraska","5/18/20","21","15","31093","71.43"
"Jefferson","0","6","Nebraska","5/18/20","5","1","31095","20"
"Johnson","0","7","Nebraska","5/18/20","5","2","31097","40"
"Kearney","1","11","Nebraska","5/18/20","7","4","31099","57.14"
"Keith","0","2","Nebraska","5/18/20","2","0","31101","0"
"Kimball","0","9","Nebraska","5/18/20","9","0","31105","0"
"Knox","0","8","Nebraska","5/18/20","6","2","31107","33.33"
"Lancaster","37","892","Nebraska","5/18/20","634","258","31109","40.69"
"Lincoln","1","45","Nebraska","5/18/20","40","5","31111","12.5"
"Madison","2","269","Nebraska","5/18/20","257","12","31119","4.67"
"Merrick","1","29","Nebraska","5/18/20","23","6","31121","26.09"
"Morrill","0","10","Nebraska","5/18/20","9","1","31123","11.11"
"Nance","0","4","Nebraska","5/18/20","4","0","31125","0"
"Nemaha","0","3","Nebraska","5/18/20","1","2","31127","200"
"Nuckolls","0","1","Nebraska","5/18/20","0","1","31129","1"
"Otoe","1","6","Nebraska","5/18/20","2","4","31131","200"
"Phelps","0","13","Nebraska","5/18/20","11","2","31137","18.18"
"Pierce","0","1","Nebraska","5/18/20","1","0","31139","0"
"Platte","13","462","Nebraska","5/18/20","373","89","31141","23.86"
"Polk","0","9","Nebraska","5/18/20","9","0","31143","0"
"Red Willow","0","5","Nebraska","5/18/20","5","0","31145","0"
"Richardson","0","1","Nebraska","5/18/20","0","1","31147","1"
"Saline","9","432","Nebraska","5/18/20","367","65","31151","17.71"
"Sarpy","14","349","Nebraska","5/18/20","248","101","31153","40.73"
"Saunders","1","21","Nebraska","5/18/20","11","10","31155","90.91"
"Scotts Bluff","1","54","Nebraska","5/18/20","44","10","31157","22.73"
"Seward","1","26","Nebraska","5/18/20","17","9","31159","52.94"
"Sherman","0","2","Nebraska","5/18/20","2","0","31163","0"
"Stanton","1","15","Nebraska","5/18/20","8","7","31167","87.5"
"Thomas","0","1","Nebraska","5/18/20","1","0","31171","0"
"Thurston","1","19","Nebraska","5/18/20","13","6","31173","46.15"
"Valley","0","3","Nebraska","5/18/20","1","2","31175","200"
"Washington","0","24","Nebraska","5/18/20","22","2","31177","9.09"
"Wayne","0","4","Nebraska","5/18/20","2","2","31179","100"
"Webster","0","5","Nebraska","5/18/20","5","0","31181","0"
"York","1","30","Nebraska","5/18/20","25","5","31185","20"
"Carson City","2","71","Nevada","5/18/20","56","15","32510","26.79"
"Churchill","0","5","Nevada","5/18/20","3","2","32001","66.67"
"Clark","100","5463","Nevada","5/18/20","4762","701","32003","14.72"
"Douglas","0","25","Nevada","5/18/20","24","1","32005","4.17"
"Elko","0","21","Nevada","5/18/20","18","3","32007","16.67"
"Humboldt","1","74","Nevada","5/18/20","67","7","32013","10.45"
"Lander","0","19","Nevada","5/18/20","17","2","32015","11.76"
"Lincoln","0","2","Nevada","5/18/20","1","1","32017","100"
"Lyon","1","48","Nevada","5/18/20","44","4","32019","9.09"
"Mineral","0","4","Nevada","5/18/20","4","0","32021","0"
"Nye","2","58","Nevada","5/18/20","44","14","32023","31.82"
"Storey","0","1","Nevada","5/18/20","0","1","32029","1"
"Washoe","24","1266","Nevada","5/18/20","1100","166","32031","15.09"
"White Pine","0","4","Nevada","5/18/20","3","1","32033","33.33"
"Belknap","1","53","New Hampshire","5/18/20","46","7","33001","15.22"
"Carroll","1","44","New Hampshire","5/18/20","37","7","33003","18.92"
"Cheshire","1","48","New Hampshire","5/18/20","43","5","33005","11.63"
"Coos","0","4","New Hampshire","5/18/20","2","2","33007","100"
"Grafton","1","62","New Hampshire","5/18/20","58","4","33009","6.9"
"Hillsborough","38","1764","New Hampshire","5/18/20","1496","268","33011","17.91"
"Merrimack","6","282","New Hampshire","5/18/20","243","39","33013","16.05"
"Rockingham","17","1113","New Hampshire","5/18/20","994","119","33015","11.97"
"Strafford","5","234","New Hampshire","5/18/20","196","38","33017","19.39"
"Sullivan","0","16","New Hampshire","5/18/20","14","2","33019","14.29"
"Atlantic","39","1807","New Jersey","5/18/20","1533","274","34001","17.87"
"Bergen","62","17459","New Jersey","5/18/20","17028","431","34003","2.53"
"Burlington","46","3986","New Jersey","5/18/20","3665","321","34005","8.76"
"Camden","88","5573","New Jersey","5/18/20","4959","614","34007","12.38"
"Cape May","6","506","New Jersey","5/18/20","462","44","34009","9.52"
"Cumberland","45","1679","New Jersey","5/18/20","1363","316","34011","23.18"
"Essex","141","16712","New Jersey","5/18/20","15727","985","34013","6.26"
"Gloucester","31","1907","New Jersey","5/18/20","1690","217","34015","12.84"
"Hudson","100","18498","New Jersey","5/18/20","17801","697","34017","3.92"
"Hunterdon","18","846","New Jersey","5/18/20","723","123","34019","17.01"
"Mercer","80","5950","New Jersey","5/18/20","5393","557","34021","10.33"
"Middlesex","102","14752","New Jersey","5/18/20","14036","716","34023","5.1"
"Monmouth","60","7408","New Jersey","5/18/20","6988","420","34025","6.01"
"Morris","31","6092","New Jersey","5/18/20","5876","216","34027","3.68"
"Ocean","61","7994","New Jersey","5/18/20","7569","425","34029","5.62"
"Passaic","90","15278","New Jersey","5/18/20","14645","633","34031","4.32"
"Salem","8","465","New Jersey","5/18/20","411","54","34033","13.14"
"Somerset","26","4278","New Jersey","5/18/20","4093","185","34035","4.52"
"Sussex","4","1061","New Jersey","5/18/20","1033","28","34037","2.71"
"Union","106","14903","New Jersey","5/18/20","14164","739","34039","5.22"
"Warren","6","1086","New Jersey","5/18/20","1047","39","34041","3.72"
"Bernalillo","19","1218","New Mexico","5/18/20","1086","132","35001","12.15"
"Catron","0","2","New Mexico","5/18/20","2","0","35003","0"
"Chaves","1","31","New Mexico","5/18/20","27","4","35005","14.81"
"Cibola","2","103","New Mexico","5/18/20","86","17","35006","19.77"
"Colfax","0","5","New Mexico","5/18/20","5","0","35007","0"
"Curry","1","41","New Mexico","5/18/20","31","10","35009","32.26"
"Dona Ana","9","309","New Mexico","5/18/20","245","64","35013","26.12"
"Eddy","0","17","New Mexico","5/18/20","14","3","35015","21.43"
"Grant","0","16","New Mexico","5/18/20","15","1","35017","6.67"
"Guadalupe","1","19","New Mexico","5/18/20","15","4","35019","26.67"
"Harding","0","1","New Mexico","5/18/20","1","0","35021","0"
"Hidalgo","0","1","New Mexico","5/18/20","0","1","35023","1"
"Lea","0","18","New Mexico","5/18/20","15","3","35025","20"
"Lincoln","0","3","New Mexico","5/18/20","2","1","35027","50"
"Los Alamos","0","6","New Mexico","5/18/20","6","0","35028","0"
"Luna","0","8","New Mexico","5/18/20","8","0","35029","0"
"McKinley","53","1953","New Mexico","5/18/20","1585","368","35031","23.22"
"Otero","-1","8","New Mexico","5/18/20","12","-4","35035","-33.33"
"Quay","0","5","New Mexico","5/18/20","4","1","35037","25"
"Rio Arriba","1","33","New Mexico","5/18/20","28","5","35039","17.86"
"Roosevelt","2","27","New Mexico","5/18/20","11","16","35041","145.45"
"San Juan","38","1376","New Mexico","5/18/20","1107","269","35045","24.3"
"San Miguel","0","10","New Mexico","5/18/20","7","3","35047","42.86"
"Sandoval","4","495","New Mexico","5/18/20","467","28","35043","6"
"Santa Fe","2","124","New Mexico","5/18/20","112","12","35049","10.71"
"Sierra","0","1","New Mexico","5/18/20","1","0","35051","0"
"Socorro","0","49","New Mexico","5/18/20","49","0","35053","0"
"Taos","0","23","New Mexico","5/18/20","20","3","35055","15"
"Torrance","0","18","New Mexico","5/18/20","18","0","35057","0"
"Union","0","3","New Mexico","5/18/20","3","0","35059","0"
"Valencia","2","68","New Mexico","5/18/20","57","11","35061","19.3"
"Albany","22","1610","New York","5/18/20","1456","154","36001","10.58"
"Allegany","1","44","New York","5/18/20","38","6","36003","15.79"
"Broome","6","423","New York","5/18/20","378","45","36007","11.9"
"Cattaraugus","1","67","New York","5/18/20","61","6","36009","9.84"
"Cayuga","1","65","New York","5/18/20","60","5","36011","8.33"
"Chautauqua","1","49","New York","5/18/20","41","8","36013","19.51"
"Chemung","0","134","New York","5/18/20","131","3","36015","2.29"
"Chenango","1","118","New York","5/18/20","111","7","36017","6.31"
"Clinton","3","94","New York","5/18/20","76","18","36019","23.68"
"Columbia","5","346","New York","5/18/20","314","32","36021","10.19"
"Cortland","1","35","New York","5/18/20","29","6","36023","20.69"
"Delaware","1","69","New York","5/18/20","65","4","36025","6.15"
"Dutchess","25","3552","New York","5/18/20","3378","174","36027","5.15"
"Erie","73","4993","New York","5/18/20","4483","510","36029","11.38"
"Essex","0","33","New York","5/18/20","32","1","36031","3.12"
"Franklin","0","18","New York","5/18/20","17","1","36033","5.88"
"Fulton","10","182","New York","5/18/20","109","73","36035","66.97"
"Genesee","1","180","New York","5/18/20","173","7","36037","4.05"
"Greene","1","213","New York","5/18/20","206","7","36039","3.4"
"Hamilton","0","5","New York","5/18/20","5","0","36041","0"
"Herkimer","2","92","New York","5/18/20","81","11","36043","13.58"
"Jefferson","0","71","New York","5/18/20","68","3","36045","4.41"
"Lewis","1","17","New York","5/18/20","11","6","36049","54.55"
"Livingston","1","110","New York","5/18/20","102","8","36051","7.84"
"Madison","1","258","New York","5/18/20","251","7","36053","2.79"
"Monroe","65","2303","New York","5/18/20","1850","453","36055","24.49"
"Montgomery","1","75","New York","5/18/20","67","8","36057","11.94"
"Nassau","127","39225","New York","5/18/20","38337","888","36059","2.32"
"New York","1125","193230","New York","5/18/20","185357","7873","36061","4.25"
"Niagara","23","818","New York","5/18/20","655","163","36063","24.89"
"Oneida","15","772","New York","5/18/20","669","103","36065","15.4"
"Onondaga","33","1520","New York","5/18/20","1287","233","36067","18.1"
"Ontario","6","148","New York","5/18/20","107","41","36069","38.32"
"Orange","54","9965","New York","5/18/20","9584","381","36071","3.98"
"Orleans","5","167","New York","5/18/20","130","37","36073","28.46"
"Oswego","1","84","New York","5/18/20","75","9","36075","12"
"Otsego","0","67","New York","5/18/20","67","0","36077","0"
"Putnam","6","1141","New York","5/18/20","1098","43","36079","3.92"
"Rensselaer","5","444","New York","5/18/20","411","33","36083","8.03"
"Rockland","42","12777","New York","5/18/20","12484","293","36087","2.35"
"Saratoga","4","434","New York","5/18/20","403","31","36091","7.69"
"Schenectady","8","629","New York","5/18/20","575","54","36093","9.39"
"Schoharie","0","48","New York","5/18/20","46","2","36095","4.35"
"Schuyler","0","10","New York","5/18/20","7","3","36097","42.86"
"Seneca","0","51","New York","5/18/20","49","2","36099","4.08"
"St. Lawrence","0","192","New York","5/18/20","190","2","36089","1.05"
"Steuben","1","235","New York","5/18/20","228","7","36101","3.07"
"Suffolk","188","38224","New York","5/18/20","36911","1313","36103","3.56"
"Sullivan","20","1246","New York","5/18/20","1109","137","36105","12.35"
"Tioga","1","113","New York","5/18/20","107","6","36107","5.61"
"Tompkins","1","141","New York","5/18/20","132","9","36109","6.82"
"Ulster","15","1557","New York","5/18/20","1454","103","36111","7.08"
"Warren","2","234","New York","5/18/20","217","17","36113","7.83"
"Washington","1","219","New York","5/18/20","210","9","36115","4.29"
"Wayne","2","97","New York","5/18/20","81","16","36117","19.75"
"Westchester","134","32323","New York","5/18/20","31384","939","36119","2.99"
"Wyoming","0","79","New York","5/18/20","77","2","36121","2.6"
"Yates","1","25","New York","5/18/20","21","4","36123","19.05"
"Alamance","6","224","North Carolina","5/18/20","183","41","37001","22.4"
"Alexander","1","21","North Carolina","5/18/20","12","9","37003","75"
"Alleghany","1","12","North Carolina","5/18/20","8","4","37005","50"
"Anson","2","50","North Carolina","5/18/20","38","12","37007","31.58"
"Ashe","2","28","North Carolina","5/18/20","13","15","37009","115.38"
"Beaufort","1","30","North Carolina","5/18/20","25","5","37013","20"
"Bertie","4","89","North Carolina","5/18/20","61","28","37015","45.9"
"Bladen","3","73","North Carolina","5/18/20","54","19","37017","35.19"
"Brunswick","1","58","North Carolina","5/18/20","50","8","37019","16"
"Buncombe","11","176","North Carolina","5/18/20","102","74","37021","72.55"
"Burke","9","198","North Carolina","5/18/20","137","61","37023","44.53"
"Cabarrus","5","385","North Carolina","5/18/20","352","33","37025","9.38"
"Caldwell","4","86","North Carolina","5/18/20","60","26","37027","43.33"
"Camden","0","2","North Carolina","5/18/20","2","0","37029","0"
"Carteret","1","36","North Carolina","5/18/20","32","4","37031","12.5"
"Caswell","0","44","North Carolina","5/18/20","41","3","37033","7.32"
"Catawba","4","111","North Carolina","5/18/20","83","28","37035","33.73"
"Chatham","8","512","North Carolina","5/18/20","458","54","37037","11.79"
"Cherokee","0","27","North Carolina","5/18/20","27","0","37039","0"
"Chowan","1","15","North Carolina","5/18/20","11","4","37041","36.36"
"Clay","0","8","North Carolina","5/18/20","8","0","37043","0"
"Cleveland","1","55","North Carolina","5/18/20","50","5","37045","10"
"Columbus","5","250","North Carolina","5/18/20","213","37","37047","17.37"
"Craven","11","129","North Carolina","5/18/20","55","74","37049","134.55"
"Cumberland","15","471","North Carolina","5/18/20","368","103","37051","27.99"
"Currituck","0","11","North Carolina","5/18/20","9","2","37053","22.22"
"Dare","0","22","North Carolina","5/18/20","21","1","37055","4.76"
"Davidson","13","293","North Carolina","5/18/20","205","88","37057","42.93"
"Davie","1","46","North Carolina","5/18/20","37","9","37059","24.32"
"Duplin","26","438","North Carolina","5/18/20","258","180","37061","69.77"
"Durham","18","1009","North Carolina","5/18/20","886","123","37063","13.88"
"Edgecombe","2","171","North Carolina","5/18/20","155","16","37065","10.32"
"Forsyth","43","698","North Carolina","5/18/20","395","303","37067","76.71"
"Franklin","2","124","North Carolina","5/18/20","111","13","37069","11.71"
"Gaston","4","208","North Carolina","5/18/20","178","30","37071","16.85"
"Gates","0","14","North Carolina","5/18/20","11","3","37073","27.27"
"Graham","0","2","North Carolina","5/18/20","2","0","37075","0"
"Granville","5","201","North Carolina","5/18/20","167","34","37077","20.36"
"Greene","2","51","North Carolina","5/18/20","36","15","37079","41.67"
"Guilford","33","872","North Carolina","5/18/20","641","231","37081","36.04"
"Halifax","3","113","North Carolina","5/18/20","94","19","37083","20.21"
"Harnett","3","247","North Carolina","5/18/20","228","19","37085","8.33"
"Haywood","1","26","North Carolina","5/18/20","18","8","37087","44.44"
"Henderson","8","288","North Carolina","5/18/20","230","58","37089","25.22"
"Hertford","0","53","North Carolina","5/18/20","51","2","37091","3.92"
"Hoke","4","152","North Carolina","5/18/20","123","29","37093","23.58"
"Hyde","0","1","North Carolina","5/18/20","1","0","37095","0"
"Iredell","6","192","North Carolina","5/18/20","153","39","37097","25.49"
"Jackson","0","24","North Carolina","5/18/20","22","2","37099","9.09"
"Johnston","7","259","North Carolina","5/18/20","212","47","37101","22.17"
"Jones","0","23","North Carolina","5/18/20","20","3","37103","15"
"Lee","6","322","North Carolina","5/18/20","277","45","37105","16.25"
"Lenoir","5","158","North Carolina","5/18/20","122","36","37107","29.51"
"Lincoln","1","48","North Carolina","5/18/20","40","8","37109","20"
"Macon","0","5","North Carolina","5/18/20","3","2","37113","66.67"
"Madison","0","2","North Carolina","5/18/20","1","1","37115","100"
"Martin","1","36","North Carolina","5/18/20","31","5","37117","16.13"
"McDowell","0","32","North Carolina","5/18/20","30","2","37111","6.67"
"Mecklenburg","74","2652","North Carolina","5/18/20","2134","518","37119","24.27"
"Mitchell","0","8","North Carolina","5/18/20","5","3","37121","60"
"Montgomery","2","57","North Carolina","5/18/20","46","11","37123","23.91"
"Moore","2","167","North Carolina","5/18/20","156","11","37125","7.05"
"Nash","4","153","North Carolina","5/18/20","123","30","37127","24.39"
"New Hanover","3","140","North Carolina","5/18/20","117","23","37129","19.66"
"Northampton","1","130","North Carolina","5/18/20","123","7","37131","5.69"
"Onslow","3","75","North Carolina","5/18/20","56","19","37133","33.93"
"Orange","3","277","North Carolina","5/18/20","253","24","37135","9.49"
"Pamlico","0","9","North Carolina","5/18/20","8","1","37137","12.5"
"Pasquotank","1","88","North Carolina","5/18/20","82","6","37139","7.32"
"Pender","1","49","North Carolina","5/18/20","39","10","37141","25.64"
"Perquimans","1","23","North Carolina","5/18/20","17","6","37143","35.29"
"Person","0","33","North Carolina","5/18/20","31","2","37145","6.45"
"Pitt","6","213","North Carolina","5/18/20","169","44","37147","26.04"
"Polk","0","32","North Carolina","5/18/20","31","1","37149","3.23"
"Randolph","15","461","North Carolina","5/18/20","354","107","37151","30.23"
"Richmond","3","115","North Carolina","5/18/20","91","24","37153","26.37"
"Robeson","20","531","North Carolina","5/18/20","391","140","37155","35.81"
"Rockingham","0","46","North Carolina","5/18/20","43","3","37157","6.98"
"Rowan","7","540","North Carolina","5/18/20","488","52","37159","10.66"
"Rutherford","0","153","North Carolina","5/18/20","154","-1","37161","-0.65"
"Sampson","13","259","North Carolina","5/18/20","167","92","37163","55.09"
"Scotland","2","53","North Carolina","5/18/20","41","12","37165","29.27"
"Stanly","0","32","North Carolina","5/18/20","30","2","37167","6.67"
"Stokes","4","36","North Carolina","5/18/20","11","25","37169","227.27"
"Surry","7","95","North Carolina","5/18/20","43","52","37171","120.93"
"Swain","0","6","North Carolina","5/18/20","5","1","37173","20"
"Transylvania","0","7","North Carolina","5/18/20","7","0","37175","0"
"Tyrrell","0","4","North Carolina","5/18/20","4","0","37177","0"
"Union","8","358","North Carolina","5/18/20","301","57","37179","18.94"
"Vance","5","195","North Carolina","5/18/20","162","33","37181","20.37"
"Wake","29","1253","North Carolina","5/18/20","1051","202","37183","19.22"
"Warren","1","29","North Carolina","5/18/20","23","6","37185","26.09"
"Washington","0","26","North Carolina","5/18/20","25","1","37187","4"
"Watauga","0","11","North Carolina","5/18/20","9","2","37189","22.22"
"Wayne","16","867","North Carolina","5/18/20","752","115","37191","15.29"
"Wilkes","26","425","North Carolina","5/18/20","242","183","37193","75.62"
"Wilson","5","249","North Carolina","5/18/20","216","33","37195","15.28"
"Yadkin","8","109","North Carolina","5/18/20","54","55","37197","101.85"
"Yancey","0","10","North Carolina","5/18/20","9","1","37199","11.11"
"Barnes","0","4","North Dakota","5/18/20","4","0","38003","0"
"Benson","0","1","North Dakota","5/18/20","2","-1","38005","-50"
"Bowman","0","1","North Dakota","5/18/20","1","0","38011","0"
"Burke","0","5","North Dakota","5/18/20","5","0","38013","0"
"Burleigh","2","116","North Dakota","5/18/20","104","12","38015","11.54"
"Cass","50","1173","North Dakota","5/18/20","821","352","38017","42.87"
"Divide","0","1","North Dakota","5/18/20","1","0","38023","0"
"Dunn","0","11","North Dakota","5/18/20","12","-1","38025","-8.33"
"Eddy","0","2","North Dakota","5/18/20","2","0","38027","0"
"Emmons","0","1","North Dakota","5/18/20","1","0","38029","0"
"Foster","0","1","North Dakota","5/18/20","1","0","38031","0"
"Grand Forks","4","317","North Dakota","5/18/20","287","30","38035","10.45"
"Grant","0","2","North Dakota","5/18/20","2","0","38037","0"
"McHenry","0","2","North Dakota","5/18/20","2","0","38049","0"
"McIntosh","0","1","North Dakota","5/18/20","1","0","38051","0"
"McKenzie","0","15","North Dakota","5/18/20","15","0","38053","0"
"McLean","0","6","North Dakota","5/18/20","5","1","38055","20"
"Mercer","0","4","North Dakota","5/18/20","4","0","38057","0"
"Morton","0","40","North Dakota","5/18/20","37","3","38059","8.11"
"Mountrail","1","42","North Dakota","5/18/20","37","5","38061","13.51"
"Nelson","0","1","North Dakota","5/18/20","1","0","38063","0"
"Oliver","0","1","North Dakota","5/18/20","1","0","38065","0"
"Pembina","0","6","North Dakota","5/18/20","6","0","38067","0"
"Pierce","0","3","North Dakota","5/18/20","3","0","38069","0"
"Ramsey","0","7","North Dakota","5/18/20","7","0","38071","0"
"Ransom","0","5","North Dakota","5/18/20","3","2","38073","66.67"
"Renville","0","1","North Dakota","5/18/20","1","0","38075","0"
"Richland","0","9","North Dakota","5/18/20","9","0","38077","0"
"Rolette","0","4","North Dakota","5/18/20","3","1","38079","33.33"
"Sargent","0","3","North Dakota","5/18/20","3","0","38081","0"
"Sioux","0","2","North Dakota","5/18/20","1","1","38085","100"
"Slope","0","3","North Dakota","5/18/20","3","0","38087","0"
"Stark","0","61","North Dakota","5/18/20","61","0","38089","0"
"Steele","0","1","North Dakota","5/18/20","0","1","38091","1"
"Stutsman","0","16","North Dakota","5/18/20","15","1","38093","6.67"
"Traill","0","2","North Dakota","5/18/20","1","1","38097","100"
"Walsh","0","10","North Dakota","5/18/20","8","2","38099","25"
"Ward","0","28","North Dakota","5/18/20","27","1","38101","3.7"
"Wells","0","2","North Dakota","5/18/20","2","0","38103","0"
"Williams","0","21","North Dakota","5/18/20","19","2","38105","10.53"
"","0","21","Northern Mariana Islands","5/18/20","19","2",,"10.53"
"Adams","0","8","Ohio","5/18/20","6","2","39001","33.33"
"Allen","3","168","Ohio","5/18/20","146","22","39003","15.07"
"Ashland","0","15","Ohio","5/18/20","15","0","39005","0"
"Ashtabula","6","232","Ohio","5/18/20","193","39","39007","20.21"
"Athens","0","9","Ohio","5/18/20","6","3","39009","50"
"Auglaize","2","55","Ohio","5/18/20","43","12","39011","27.91"
"Belmont","12","341","Ohio","5/18/20","258","83","39013","32.17"
"Brown","1","23","Ohio","5/18/20","17","6","39015","35.29"
"Butler","19","610","Ohio","5/18/20","479","131","39017","27.35"
"Carroll","0","26","Ohio","5/18/20","24","2","39019","8.33"
"Champaign","1","23","Ohio","5/18/20","19","4","39021","21.05"
"Clark","7","148","Ohio","5/18/20","98","50","39023","51.02"
"Clermont","4","152","Ohio","5/18/20","125","27","39025","21.6"
"Clinton","1","40","Ohio","5/18/20","35","5","39027","14.29"
"Columbiana","14","434","Ohio","5/18/20","336","98","39029","29.17"
"Coshocton","0","20","Ohio","5/18/20","19","1","39031","5.26"
"Crawford","3","97","Ohio","5/18/20","77","20","39033","25.97"
"Cuyahoga","78","3410","Ohio","5/18/20","2861","549","39035","19.19"
"Darke","5","121","Ohio","5/18/20","89","32","39037","35.96"
"Defiance","0","27","Ohio","5/18/20","26","1","39039","3.85"
"Delaware","6","263","Ohio","5/18/20","222","41","39041","18.47"
"Erie","5","121","Ohio","5/18/20","83","38","39043","45.78"
"Fairfield","4","208","Ohio","5/18/20","178","30","39045","16.85"
"Fayette","1","32","Ohio","5/18/20","23","9","39047","39.13"
"Franklin","99","4574","Ohio","5/18/20","3881","693","39049","17.86"
"Fulton","1","35","Ohio","5/18/20","31","4","39051","12.9"
"Gallia","0","7","Ohio","5/18/20","6","1","39053","16.67"
"Geauga","4","221","Ohio","5/18/20","191","30","39055","15.71"
"Greene","2","78","Ohio","5/18/20","63","15","39057","23.81"
"Guernsey","1","25","Ohio","5/18/20","21","4","39059","19.05"
"Hamilton","37","2082","Ohio","5/18/20","1823","259","39061","14.21"
"Hancock","1","46","Ohio","5/18/20","39","7","39063","17.95"
"Hardin","0","30","Ohio","5/18/20","28","2","39065","7.14"
"Harrison","0","9","Ohio","5/18/20","6","3","39067","50"
"Henry","0","10","Ohio","5/18/20","9","1","39069","11.11"
"Highland","0","15","Ohio","5/18/20","12","3","39071","25"
"Hocking","6","61","Ohio","5/18/20","22","39","39073","177.27"
"Holmes","1","13","Ohio","5/18/20","8","5","39075","62.5"
"Huron","1","42","Ohio","5/18/20","38","4","39077","10.53"
"Jackson","0","11","Ohio","5/18/20","8","3","39079","37.5"
"Jefferson","1","61","Ohio","5/18/20","56","5","39081","8.93"
"Knox","0","22","Ohio","5/18/20","20","2","39083","10"
"Lake","4","226","Ohio","5/18/20","199","27","39085","13.57"
"Lawrence","0","27","Ohio","5/18/20","25","2","39087","8"
"Licking","4","190","Ohio","5/18/20","164","26","39089","15.85"
"Logan","0","24","Ohio","5/18/20","23","1","39091","4.35"
"Lorain","7","605","Ohio","5/18/20","554","51","39093","9.21"
"Lucas","26","1986","Ohio","5/18/20","1806","180","39095","9.97"
"Madison","2","99","Ohio","5/18/20","84","15","39097","17.86"
"Mahoning","12","1226","Ohio","5/18/20","1144","82","39099","7.17"
"Marion","16","2513","Ohio","5/18/20","2404","109","39101","4.53"
"Medina","4","224","Ohio","5/18/20","195","29","39103","14.87"
"Meigs","0","3","Ohio","5/18/20","3","0","39105","0"
"Mercer","8","141","Ohio","5/18/20","84","57","39107","67.86"
"Miami","3","332","Ohio","5/18/20","313","19","39109","6.07"
"Monroe","5","56","Ohio","5/18/20","19","37","39111","194.74"
"Montgomery","14","520","Ohio","5/18/20","422","98","39113","23.22"
"Morgan","0","5","Ohio","5/18/20","5","0","39115","0"
"Morrow","2","98","Ohio","5/18/20","87","11","39117","12.64"
"Muskingum","1","36","Ohio","5/18/20","27","9","39119","33.33"
"Noble","0","5","Ohio","5/18/20","5","0","39121","0"
"Ottawa","3","66","Ohio","5/18/20","47","19","39123","40.43"
"Paulding","0","11","Ohio","5/18/20","9","2","39125","22.22"
"Perry","0","15","Ohio","5/18/20","14","1","39127","7.14"
"Pickaway","13","2021","Ohio","5/18/20","1933","88","39129","4.55"
"Pike","0","5","Ohio","5/18/20","5","0","39131","0"
"Portage","2","296","Ohio","5/18/20","280","16","39133","5.71"
"Preble","0","30","Ohio","5/18/20","28","2","39135","7.14"
"Putnam","1","84","Ohio","5/18/20","76","8","39137","10.53"
"Richland","6","161","Ohio","5/18/20","121","40","39139","33.06"
"Ross","1","58","Ohio","5/18/20","53","5","39141","9.43"
"Sandusky","1","57","Ohio","5/18/20","52","5","39143","9.62"
"Scioto","0","14","Ohio","5/18/20","13","1","39145","7.69"
"Seneca","0","15","Ohio","5/18/20","14","1","39147","7.14"
"Shelby","0","34","Ohio","5/18/20","32","2","39149","6.25"
"Stark","12","595","Ohio","5/18/20","511","84","39151","16.44"
"Summit","16","1028","Ohio","5/18/20","915","113","39153","12.35"
"Trumbull","8","461","Ohio","5/18/20","408","53","39155","12.99"
"Tuscarawas","8","269","Ohio","5/18/20","216","53","39157","24.54"
"Union","1","37","Ohio","5/18/20","28","9","39159","32.14"
"Van Wert","0","5","Ohio","5/18/20","3","2","39161","66.67"
"Vinton","1","16","Ohio","5/18/20","12","4","39163","33.33"
"Warren","11","283","Ohio","5/18/20","209","74","39165","35.41"
"Washington","0","116","Ohio","5/18/20","114","2","39167","1.75"
"Wayne","2","202","Ohio","5/18/20","186","16","39169","8.6"
"Williams","0","47","Ohio","5/18/20","44","3","39171","6.82"
"Wood","5","257","Ohio","5/18/20","225","32","39173","14.22"
"Wyandot","1","30","Ohio","5/18/20","26","4","39175","15.38"
"Adair","0","75","Oklahoma","5/18/20","72","3","40001","4.17"
"Alfalfa","0","1","Oklahoma","5/18/20","1","0","40003","0"
"Atoka","0","1","Oklahoma","5/18/20","1","0","40005","0"
"Beaver","0","23","Oklahoma","5/18/20","20","3","40007","15"
"Beckham","0","6","Oklahoma","5/18/20","6","0","40009","0"
"Blaine","0","3","Oklahoma","5/18/20","3","0","40011","0"
"Bryan","1","17","Oklahoma","5/18/20","12","5","40013","41.67"
"Caddo","2","120","Oklahoma","5/18/20","108","12","40015","11.11"
"Canadian","1","118","Oklahoma","5/18/20","111","7","40017","6.31"
"Carter","1","13","Oklahoma","5/18/20","6","7","40019","116.67"
"Cherokee","0","29","Oklahoma","5/18/20","30","-1","40021","-3.33"
"Choctaw","0","5","Oklahoma","5/18/20","3","2","40023","66.67"
"Cimarron","0","1","Oklahoma","5/18/20","1","0","40025","0"
"Cleveland","2","468","Oklahoma","5/18/20","456","12","40027","2.63"
"Comanche","14","225","Oklahoma","5/18/20","124","101","40031","81.45"
"Cotton","0","5","Oklahoma","5/18/20","5","0","40033","0"
"Craig","0","14","Oklahoma","5/18/20","13","1","40035","7.69"
"Creek","0","85","Oklahoma","5/18/20","82","3","40037","3.66"
"Custer","0","12","Oklahoma","5/18/20","11","1","40039","9.09"
"Delaware","0","95","Oklahoma","5/18/20","93","2","40041","2.15"
"Dewey","0","2","Oklahoma","5/18/20","2","0","40043","0"
"Garfield","0","23","Oklahoma","5/18/20","22","1","40047","4.55"
"Garvin","0","15","Oklahoma","5/18/20","15","0","40049","0"
"Grady","3","64","Oklahoma","5/18/20","46","18","40051","39.13"
"Grant","0","2","Oklahoma","5/18/20","2","0","40053","0"
"Greer","0","66","Oklahoma","5/18/20","65","1","40055","1.54"
"Harper","0","1","Oklahoma","5/18/20","1","0","40059","0"
"Haskell","0","5","Oklahoma","5/18/20","5","0","40061","0"
"Jackson","0","21","Oklahoma","5/18/20","19","2","40065","10.53"
"Jefferson","0","3","Oklahoma","5/18/20","3","0","40067","0"
"Johnston","0","3","Oklahoma","5/18/20","3","0","40069","0"
"Kay","0","50","Oklahoma","5/18/20","48","2","40071","4.17"
"Kingfisher","0","10","Oklahoma","5/18/20","8","2","40073","25"
"Kiowa","0","6","Oklahoma","5/18/20","6","0","40075","0"
"Latimer","0","6","Oklahoma","5/18/20","5","1","40077","20"
"Le Flore","0","13","Oklahoma","5/18/20","13","0","40079","0"
"Lincoln","0","19","Oklahoma","5/18/20","17","2","40081","11.76"
"Logan","0","18","Oklahoma","5/18/20","18","0","40083","0"
"Love","0","4","Oklahoma","5/18/20","3","1","40085","33.33"
"Major","0","6","Oklahoma","5/18/20","5","1","40093","20"
"Marshall","1","6","Oklahoma","5/18/20","2","4","40095","200"
"Mayes","0","28","Oklahoma","5/18/20","25","3","40097","12"
"McClain","0","86","Oklahoma","5/18/20","85","1","40087","1.18"
"McCurtain","0","11","Oklahoma","5/18/20","8","3","40089","37.5"
"McIntosh","1","10","Oklahoma","5/18/20","5","5","40091","100"
"Murray","0","2","Oklahoma","5/18/20","2","0","40099","0"
"Muskogee","0","30","Oklahoma","5/18/20","29","1","40101","3.45"
"Noble","0","7","Oklahoma","5/18/20","7","0","40103","0"
"Nowata","0","23","Oklahoma","5/18/20","22","1","40105","4.55"
"Okfuskee","0","2","Oklahoma","5/18/20","1","1","40107","100"
"Oklahoma","17","1075","Oklahoma","5/18/20","954","121","40109","12.68"
"Okmulgee","0","18","Oklahoma","5/18/20","16","2","40111","12.5"
"Osage","0","91","Oklahoma","5/18/20","89","2","40113","2.25"
"Ottawa","0","35","Oklahoma","5/18/20","34","1","40115","2.94"
"Pawnee","0","29","Oklahoma","5/18/20","29","0","40117","0"
"Payne","0","45","Oklahoma","5/18/20","45","0","40119","0"
"Pittsburg","0","39","Oklahoma","5/18/20","39","0","40121","0"
"Pontotoc","0","11","Oklahoma","5/18/20","10","1","40123","10"
"Pottawatomie","0","57","Oklahoma","5/18/20","54","3","40125","5.56"
"Pushmataha","0","1","Oklahoma","5/18/20","1","0","40127","0"
"Rogers","0","72","Oklahoma","5/18/20","70","2","40131","2.86"
"Seminole","0","21","Oklahoma","5/18/20","21","0","40133","0"
"Sequoyah","0","14","Oklahoma","5/18/20","14","0","40135","0"
"Stephens","1","26","Oklahoma","5/18/20","22","4","40137","18.18"
"Texas","50","752","Oklahoma","5/18/20","404","348","40139","86.14"
"Tillman","0","22","Oklahoma","5/18/20","19","3","40141","15.79"
"Tulsa","11","787","Oklahoma","5/18/20","708","79","40143","11.16"
"Wagoner","1","137","Oklahoma","5/18/20","129","8","40145","6.2"
"Washington","0","303","Oklahoma","5/18/20","301","2","40147","0.66"
"Washita","0","1","Oklahoma","5/18/20","0","1","40149","1"
"Woods","0","3","Oklahoma","5/18/20","3","0","40151","0"
"Woodward","0","1","Oklahoma","5/18/20","1","0","40153","0"
"Baker","0","1","Oregon","5/18/20","1","0","41001","0"
"Benton","1","54","Oregon","5/18/20","49","5","41003","10.2"
"Clackamas","3","286","Oregon","5/18/20","268","18","41005","6.72"
"Clatsop","1","38","Oregon","5/18/20","33","5","41007","15.15"
"Columbia","0","16","Oregon","5/18/20","15","1","41009","6.67"
"Coos","0","30","Oregon","5/18/20","30","0","41011","0"
"Crook","0","1","Oregon","5/18/20","1","0","41013","0"
"Curry","0","4","Oregon","5/18/20","4","0","41015","0"
"Deschutes","2","101","Oregon","5/18/20","86","15","41017","17.44"
"Douglas","0","25","Oregon","5/18/20","24","1","41019","4.17"
"Grant","0","1","Oregon","5/18/20","1","0","41023","0"
"Harney","0","1","Oregon","5/18/20","1","0","41025","0"
"Hood River","0","14","Oregon","5/18/20","13","1","41027","7.69"
"Jackson","0","51","Oregon","5/18/20","49","2","41029","4.08"
"Jefferson","0","24","Oregon","5/18/20","24","0","41031","0"
"Josephine","0","25","Oregon","5/18/20","24","1","41033","4.17"
"Klamath","0","41","Oregon","5/18/20","40","1","41035","2.5"
"Lane","1","65","Oregon","5/18/20","60","5","41039","8.33"
"Lincoln","0","8","Oregon","5/18/20","6","2","41041","33.33"
"Linn","1","109","Oregon","5/18/20","103","6","41043","5.83"
"Malheur","1","21","Oregon","5/18/20","14","7","41045","50"
"Marion","21","843","Oregon","5/18/20","694","149","41047","21.47"
"Morrow","0","12","Oregon","5/18/20","12","0","41049","0"
"Multnomah","14","996","Oregon","5/18/20","899","97","41051","10.79"
"Polk","1","93","Oregon","5/18/20","87","6","41053","6.9"
"Sherman","0","1","Oregon","5/18/20","1","0","41055","0"
"Tillamook","0","6","Oregon","5/18/20","6","0","41057","0"
"Umatilla","2","98","Oregon","5/18/20","85","13","41059","15.29"
"Union","0","6","Oregon","5/18/20","4","2","41061","50"
"Wallowa","0","1","Oregon","5/18/20","1","0","41063","0"
"Wasco","0","18","Oregon","5/18/20","15","3","41065","20"
"Washington","7","638","Oregon","5/18/20","587","51","41067","8.69"
"Yamhill","1","59","Oregon","5/18/20","49","10","41071","20.41"
"Adams","4","194","Pennsylvania","5/18/20","167","27","42001","16.17"
"Allegheny","19","1641","Pennsylvania","5/18/20","1511","130","42003","8.6"
"Armstrong","0","58","Pennsylvania","5/18/20","55","3","42005","5.45"
"Beaver","6","533","Pennsylvania","5/18/20","491","42","42007","8.55"
"Bedford","0","32","Pennsylvania","5/18/20","29","3","42009","10.34"
"Berks","43","3719","Pennsylvania","5/18/20","3417","302","42011","8.84"
"Blair","1","38","Pennsylvania","5/18/20","29","9","42013","31.03"
"Bradford","0","41","Pennsylvania","5/18/20","38","3","42015","7.89"
"Bucks","70","4516","Pennsylvania","5/18/20","4028","488","42017","12.12"
"Butler","1","203","Pennsylvania","5/18/20","195","8","42019","4.1"
"Cambria","1","54","Pennsylvania","5/18/20","44","10","42021","22.73"
"Cameron","0","2","Pennsylvania","5/18/20","2","0","42023","0"
"Carbon","2","214","Pennsylvania","5/18/20","198","16","42025","8.08"
"Centre","2","133","Pennsylvania","5/18/20","119","14","42027","11.76"
"Chester","38","2153","Pennsylvania","5/18/20","1884","269","42029","14.28"
"Clarion","0","24","Pennsylvania","5/18/20","23","1","42031","4.35"
"Clearfield","1","33","Pennsylvania","5/18/20","25","8","42033","32"
"Clinton","0","44","Pennsylvania","5/18/20","41","3","42035","7.32"
"Columbia","1","337","Pennsylvania","5/18/20","328","9","42037","2.74"
"Crawford","0","21","Pennsylvania","5/18/20","21","0","42039","0"
"Cumberland","11","525","Pennsylvania","5/18/20","451","74","42041","16.41"
"Dauphin","21","978","Pennsylvania","5/18/20","830","148","42043","17.83"
"Delaware","92","5689","Pennsylvania","5/18/20","5046","643","42045","12.74"
"Elk","0","6","Pennsylvania","5/18/20","5","1","42047","20"
"Erie","3","145","Pennsylvania","5/18/20","123","22","42049","17.89"
"Fayette","1","91","Pennsylvania","5/18/20","85","6","42051","7.06"
"Forest","0","7","Pennsylvania","5/18/20","7","0","42053","0"
"Franklin","17","631","Pennsylvania","5/18/20","513","118","42055","23"
"Fulton","0","11","Pennsylvania","5/18/20","8","3","42057","37.5"
"Greene","0","27","Pennsylvania","5/18/20","27","0","42059","0"
"Huntingdon","4","214","Pennsylvania","5/18/20","187","27","42061","14.44"
"Indiana","1","84","Pennsylvania","5/18/20","76","8","42063","10.53"
"Jefferson","0","7","Pennsylvania","5/18/20","7","0","42065","0"
"Juniata","0","94","Pennsylvania","5/18/20","93","1","42067","1.08"
"Lackawanna","25","1363","Pennsylvania","5/18/20","1187","176","42069","14.83"
"Lancaster","42","2552","Pennsylvania","5/18/20","2256","296","42071","13.12"
"Lawrence","0","72","Pennsylvania","5/18/20","70","2","42073","2.86"
"Lebanon","9","877","Pennsylvania","5/18/20","815","62","42075","7.61"
"Lehigh","33","3491","Pennsylvania","5/18/20","3259","232","42077","7.12"
"Luzerne","15","2532","Pennsylvania","5/18/20","2426","106","42079","4.37"
"Lycoming","2","149","Pennsylvania","5/18/20","132","17","42081","12.88"
"McKean","1","11","Pennsylvania","5/18/20","6","5","42083","83.33"
"Mercer","3","94","Pennsylvania","5/18/20","75","19","42085","25.33"
"Mifflin","1","57","Pennsylvania","5/18/20","52","5","42087","9.62"
"Monroe","5","1259","Pennsylvania","5/18/20","1224","35","42089","2.86"
"Montgomery","103","6012","Pennsylvania","5/18/20","5292","720","42091","13.61"
"Montour","0","50","Pennsylvania","5/18/20","49","1","42093","2.04"
"Northampton","37","2727","Pennsylvania","5/18/20","2465","262","42095","10.63"
"Northumberland","3","143","Pennsylvania","5/18/20","125","18","42097","14.4"
"Perry","1","41","Pennsylvania","5/18/20","35","6","42099","17.14"
"Philadelphia","234","19953","Pennsylvania","5/18/20","18313","1640","42101","8.96"
"Pike","4","461","Pennsylvania","5/18/20","433","28","42103","6.47"
"Potter","0","4","Pennsylvania","5/18/20","4","0","42105","0"
"Schuylkill","11","529","Pennsylvania","5/18/20","453","76","42107","16.78"
"Snyder","0","33","Pennsylvania","5/18/20","33","0","42109","0"
"Somerset","1","36","Pennsylvania","5/18/20","32","4","42111","12.5"
"Sullivan","0","2","Pennsylvania","5/18/20","1","1","42113","100"
"Susquehanna","1","85","Pennsylvania","5/18/20","81","4","42115","4.94"
"Tioga","0","16","Pennsylvania","5/18/20","16","0","42117","0"
"Union","1","51","Pennsylvania","5/18/20","41","10","42119","24.39"
"Venango","0","8","Pennsylvania","5/18/20","7","1","42121","14.29"
"Warren","0","2","Pennsylvania","5/18/20","1","1","42123","100"
"Washington","1","133","Pennsylvania","5/18/20","124","9","42125","7.26"
"Wayne","-1","108","Pennsylvania","5/18/20","117","-9","42127","-7.69"
"Westmoreland","2","432","Pennsylvania","5/18/20","418","14","42129","3.35"
"Wyoming","0","30","Pennsylvania","5/18/20","30","0","42131","0"
"York","10","857","Pennsylvania","5/18/20","784","73","42133","9.31"
"","65","2710","Puerto Rico","5/18/20","2256","454",,"20.12"
"Bristol","0","172","Rhode Island","5/18/20","171","1","44001","0.58"
"Kent","3","883","Rhode Island","5/18/20","859","24","44003","2.79"
"Newport","2","197","Rhode Island","5/18/20","182","15","44005","8.24"
"Providence","63","9112","Rhode Island","5/18/20","8674","438","44007","5.05"
"Washington","3","425","Rhode Island","5/18/20","406","19","44009","4.68"
"Abbeville","0","35","South Carolina","5/18/20","34","1","45001","2.94"
"Aiken","5","155","South Carolina","5/18/20","119","36","45003","30.25"
"Allendale","1","33","South Carolina","5/18/20","26","7","45005","26.92"
"Anderson","3","206","South Carolina","5/18/20","186","20","45007","10.75"
"Bamberg","0","17","South Carolina","5/18/20","16","1","45009","6.25"
"Barnwell","1","40","South Carolina","5/18/20","33","7","45011","21.21"
"Beaufort","2","294","South Carolina","5/18/20","280","14","45013","5"
"Berkeley","1","203","South Carolina","5/18/20","195","8","45015","4.1"
"Calhoun","0","9","South Carolina","5/18/20","8","1","45017","12.5"
"Charleston","3","509","South Carolina","5/18/20","491","18","45019","3.67"
"Cherokee","0","24","South Carolina","5/18/20","22","2","45021","9.09"
"Chester","0","42","South Carolina","5/18/20","40","2","45023","5"
"Chesterfield","3","98","South Carolina","5/18/20","80","18","45025","22.5"
"Clarendon","4","290","South Carolina","5/18/20","265","25","45027","9.43"
"Colleton","4","58","South Carolina","5/18/20","32","26","45029","81.25"
"Darlington","6","222","South Carolina","5/18/20","179","43","45031","24.02"
"Dillon","4","131","South Carolina","5/18/20","102","29","45033","28.43"
"Dorchester","1","114","South Carolina","5/18/20","108","6","45035","5.56"
"Edgefield","1","44","South Carolina","5/18/20","39","5","45037","12.82"
"Fairfield","7","128","South Carolina","5/18/20","81","47","45039","58.02"
"Florence","14","540","South Carolina","5/18/20","444","96","45041","21.62"
"Georgetown","0","52","South Carolina","5/18/20","51","1","45043","1.96"
"Greenville","24","1116","South Carolina","5/18/20","946","170","45045","17.97"
"Greenwood","1","71","South Carolina","5/18/20","63","8","45047","12.7"
"Hampton","0","30","South Carolina","5/18/20","28","2","45049","7.14"
"Horry","5","299","South Carolina","5/18/20","267","32","45051","11.99"
"Jasper","0","27","South Carolina","5/18/20","25","2","45053","8"
"Kershaw","2","270","South Carolina","5/18/20","257","13","45055","5.06"
"Lancaster","0","111","South Carolina","5/18/20","111","0","45057","0"
"Laurens","1","57","South Carolina","5/18/20","48","9","45059","18.75"
"Lee","8","170","South Carolina","5/18/20","115","55","45061","47.83"
"Lexington","5","518","South Carolina","5/18/20","484","34","45063","7.02"
"Marion","0","52","South Carolina","5/18/20","49","3","45067","6.12"
"Marlboro","2","75","South Carolina","5/18/20","59","16","45069","27.12"
"McCormick","0","7","South Carolina","5/18/20","7","0","45065","0"
"Newberry","0","33","South Carolina","5/18/20","31","2","45071","6.45"
"Oconee","1","41","South Carolina","5/18/20","37","4","45073","10.81"
"Orangeburg","2","113","South Carolina","5/18/20","101","12","45075","11.88"
"Pickens","3","93","South Carolina","5/18/20","73","20","45077","27.4"
"Richland","19","1250","South Carolina","5/18/20","1119","131","45079","11.71"
"Saluda","5","123","South Carolina","5/18/20","90","33","45081","36.67"
"Spartanburg","9","407","South Carolina","5/18/20","346","61","45083","17.63"
"Sumter","5","322","South Carolina","5/18/20","290","32","45085","11.03"
"Union","0","31","South Carolina","5/18/20","31","0","45087","0"
"Williamsburg","5","178","South Carolina","5/18/20","142","36","45089","25.35"
"York","9","304","South Carolina","5/18/20","242","62","45091","25.62"
"Aurora","0","3","South Dakota","5/18/20","2","1","46003","50"
"Beadle","2","37","South Dakota","5/18/20","21","16","46005","76.19"
"Bon Homme","0","5","South Dakota","5/18/20","4","1","46009","25"
"Brookings","0","14","South Dakota","5/18/20","14","0","46011","0"
"Brown","10","200","South Dakota","5/18/20","127","73","46013","57.48"
"Buffalo","0","1","South Dakota","5/18/20","1","0","46017","0"
"Charles Mix","1","9","South Dakota","5/18/20","5","4","46023","80"
"Clark","0","4","South Dakota","5/18/20","2","2","46025","100"
"Clay","1","15","South Dakota","5/18/20","9","6","46027","66.67"
"Codington","0","17","South Dakota","5/18/20","15","2","46029","13.33"
"Corson","0","4","South Dakota","5/18/20","1","3","46031","300"
"Davison","0","9","South Dakota","5/18/20","7","2","46035","28.57"
"Day","0","11","South Dakota","5/18/20","10","1","46037","10"
"Deuel","0","1","South Dakota","5/18/20","1","0","46039","0"
"Douglas","0","1","South Dakota","5/18/20","1","0","46043","0"
"Fall River","0","2","South Dakota","5/18/20","2","0","46047","0"
"Faulk","0","1","South Dakota","5/18/20","1","0","46049","0"
"Grant","1","9","South Dakota","5/18/20","3","6","46051","200"
"Hamlin","0","3","South Dakota","5/18/20","2","1","46057","50"
"Hand","0","1","South Dakota","5/18/20","1","0","46059","0"
"Hughes","0","16","South Dakota","5/18/20","15","1","46065","6.67"
"Hutchinson","0","3","South Dakota","5/18/20","3","0","46067","0"
"Hyde","0","1","South Dakota","5/18/20","1","0","46069","0"
"Jerauld","0","6","South Dakota","5/18/20","6","0","46073","0"
"Lake","0","5","South Dakota","5/18/20","5","0","46079","0"
"Lawrence","0","9","South Dakota","5/18/20","9","0","46081","0"
"Lincoln","1","201","South Dakota","5/18/20","191","10","46083","5.24"
"Lyman","0","4","South Dakota","5/18/20","3","1","46085","33.33"
"Marshall","0","1","South Dakota","5/18/20","1","0","46091","0"
"McCook","0","5","South Dakota","5/18/20","4","1","46087","25"
"McPherson","0","1","South Dakota","5/18/20","1","0","46089","0"
"Meade","0","5","South Dakota","5/18/20","4","1","46093","25"
"Miner","0","1","South Dakota","5/18/20","1","0","46097","0"
"Minnehaha","28","3150","South Dakota","5/18/20","2952","198","46099","6.71"
"Moody","1","18","South Dakota","5/18/20","14","4","46101","28.57"
"Oglala Lakota","1","10","South Dakota","5/18/20","1","9","46102","900"
"Pennington","4","58","South Dakota","5/18/20","27","31","46103","114.81"
"Roberts","1","19","South Dakota","5/18/20","14","5","46109","35.71"
"Sanborn","0","6","South Dakota","5/18/20","3","3","46111","100"
"Spink","0","4","South Dakota","5/18/20","4","0","46115","0"
"Stanley","0","9","South Dakota","5/18/20","8","1","46117","12.5"
"Sully","0","1","South Dakota","5/18/20","1","0","46119","0"
"Todd","1","17","South Dakota","5/18/20","10","7","46121","70"
"Tripp","0","2","South Dakota","5/18/20","0","2","46123","1"
"Turner","0","19","South Dakota","5/18/20","18","1","46125","5.56"
"Union","1","62","South Dakota","5/18/20","53","9","46127","16.98"
"Walworth","0","5","South Dakota","5/18/20","5","0","46129","0"
"Yankton","2","41","South Dakota","5/18/20","30","11","46135","36.67"
"Ziebach","0","1","South Dakota","5/18/20","1","0","46137","0"
"Anderson","1","37","Tennessee","5/18/20","33","4","47001","12.12"
"Bedford","2","254","Tennessee","5/18/20","238","16","47003","6.72"
"Benton","0","7","Tennessee","5/18/20","6","1","47005","16.67"
"Bledsoe","0","607","Tennessee","5/18/20","604","3","47007","0.5"
"Blount","1","76","Tennessee","5/18/20","72","4","47009","5.56"
"Bradley","2","83","Tennessee","5/18/20","72","11","47011","15.28"
"Campbell","0","17","Tennessee","5/18/20","17","0","47013","0"
"Cannon","0","13","Tennessee","5/18/20","13","0","47015","0"
"Carroll","1","25","Tennessee","5/18/20","21","4","47017","19.05"
"Carter","0","19","Tennessee","5/18/20","18","1","47019","5.56"
"Cheatham","4","92","Tennessee","5/18/20","66","26","47021","39.39"
"Chester","0","12","Tennessee","5/18/20","12","0","47023","0"
"Claiborne","0","8","Tennessee","5/18/20","7","1","47025","14.29"
"Clay","0","6","Tennessee","5/18/20","6","0","47027","0"
"Cocke","0","20","Tennessee","5/18/20","18","2","47029","11.11"
"Coffee","1","61","Tennessee","5/18/20","54","7","47031","12.96"
"Crockett","0","13","Tennessee","5/18/20","12","1","47033","8.33"
"Cumberland","1","93","Tennessee","5/18/20","84","9","47035","10.71"
"Davidson","86","4066","Tennessee","5/18/20","3465","601","47037","17.34"
"Decatur","0","5","Tennessee","5/18/20","4","1","47039","25"
"DeKalb","0","30","Tennessee","5/18/20","28","2","47041","7.14"
"Dickson","1","93","Tennessee","5/18/20","86","7","47043","8.14"
"Dyer","0","44","Tennessee","5/18/20","43","1","47045","2.33"
"Fayette","2","94","Tennessee","5/18/20","80","14","47047","17.5"
"Fentress","0","6","Tennessee","5/18/20","6","0","47049","0"
"Franklin","0","43","Tennessee","5/18/20","41","2","47051","4.88"
"Gibson","0","59","Tennessee","5/18/20","56","3","47053","5.36"
"Giles","0","12","Tennessee","5/18/20","9","3","47055","33.33"
"Grainger","0","6","Tennessee","5/18/20","6","0","47057","0"
"Greene","0","46","Tennessee","5/18/20","46","0","47059","0"
"Grundy","0","30","Tennessee","5/18/20","30","0","47061","0"
"Hamblen","1","25","Tennessee","5/18/20","21","4","47063","19.05"
"Hamilton","17","357","Tennessee","5/18/20","240","117","47065","48.75"
"Hardeman","2","183","Tennessee","5/18/20","171","12","47069","7.02"
"Hardin","0","10","Tennessee","5/18/20","8","2","47071","25"
"Hawkins","0","31","Tennessee","5/18/20","31","0","47073","0"
"Haywood","0","29","Tennessee","5/18/20","26","3","47075","11.54"
"Henderson","0","12","Tennessee","5/18/20","10","2","47077","20"
"Henry","1","19","Tennessee","5/18/20","15","4","47079","26.67"
"Hickman","0","52","Tennessee","5/18/20","52","0","47081","0"
"Houston","0","6","Tennessee","5/18/20","6","0","47083","0"
"Humphreys","0","12","Tennessee","5/18/20","12","0","47085","0"
"Jackson","0","11","Tennessee","5/18/20","10","1","47087","10"
"Jefferson","0","26","Tennessee","5/18/20","26","0","47089","0"
"Johnson","1","15","Tennessee","5/18/20","5","10","47091","200"
"Knox","4","308","Tennessee","5/18/20","280","28","47093","10"
"Lake","49","404","Tennessee","5/18/20","61","343","47095","562.3"
"Lauderdale","1","44","Tennessee","5/18/20","36","8","47097","22.22"
"Lawrence","0","21","Tennessee","5/18/20","21","0","47099","0"
"Lewis","0","2","Tennessee","5/18/20","2","0","47101","0"
"Lincoln","0","16","Tennessee","5/18/20","16","0","47103","0"
"Loudon","7","94","Tennessee","5/18/20","43","51","47105","118.6"
"Macon","4","90","Tennessee","5/18/20","59","31","47111","52.54"
"Madison","1","163","Tennessee","5/18/20","156","7","47113","4.49"
"Marion","1","33","Tennessee","5/18/20","29","4","47115","13.79"
"Marshall","0","27","Tennessee","5/18/20","24","3","47117","12.5"
"Maury","2","68","Tennessee","5/18/20","55","13","47119","23.64"
"McMinn","0","123","Tennessee","5/18/20","122","1","47107","0.82"
"McNairy","0","12","Tennessee","5/18/20","11","1","47109","9.09"
"Meigs","0","22","Tennessee","5/18/20","22","0","47121","0"
"Monroe","3","49","Tennessee","5/18/20","31","18","47123","58.06"
"Montgomery","5","213","Tennessee","5/18/20","180","33","47125","18.33"
"Moore","0","3","Tennessee","5/18/20","3","0","47127","0"
"Morgan","0","12","Tennessee","5/18/20","12","0","47129","0"
"Obion","0","19","Tennessee","5/18/20","16","3","47131","18.75"
"Out of TN","-1","386","Tennessee","5/18/20","395","-9","80047","-2.28"
"Overton","0","16","Tennessee","5/18/20","14","2","47133","14.29"
"Perry","0","13","Tennessee","5/18/20","13","0","47135","0"
"Pickett","0","2","Tennessee","5/18/20","1","1","47137","100"
"Polk","0","14","Tennessee","5/18/20","12","2","47139","16.67"
"Putnam","9","240","Tennessee","5/18/20","178","62","47141","34.83"
"Rhea","1","10","Tennessee","5/18/20","6","4","47143","66.67"
"Roane","0","9","Tennessee","5/18/20","8","1","47145","12.5"
"Robertson","11","294","Tennessee","5/18/20","220","74","47147","33.64"
"Rutherford","20","884","Tennessee","5/18/20","745","139","47149","18.66"
"Scott","0","12","Tennessee","5/18/20","11","1","47151","9.09"
"Sequatchie","1","10","Tennessee","5/18/20","6","4","47153","66.67"
"Sevier","1","69","Tennessee","5/18/20","65","4","47155","6.15"
"Shelby","68","3846","Tennessee","5/18/20","3372","474","47157","14.06"
"Smith","0","25","Tennessee","5/18/20","24","1","47159","4.17"
"Stewart","0","7","Tennessee","5/18/20","7","0","47161","0"
"Sullivan","0","57","Tennessee","5/18/20","54","3","47163","5.56"
"Sumner","7","749","Tennessee","5/18/20","699","50","47165","7.15"
"Tipton","5","405","Tennessee","5/18/20","373","32","47167","8.58"
"Trousdale","3","1383","Tennessee","5/18/20","1363","20","47169","1.47"
"Unicoi","0","3","Tennessee","5/18/20","3","0","47171","0"
"Union","0","4","Tennessee","5/18/20","3","1","47173","33.33"
"Van Buren","0","4","Tennessee","5/18/20","2","2","47175","100"
"Warren","1","16","Tennessee","5/18/20","12","4","47177","33.33"
"Washington","0","66","Tennessee","5/18/20","65","1","47179","1.54"
"Wayne","9","63","Tennessee","5/18/20","3","60","47181","2000"
"Weakley","0","26","Tennessee","5/18/20","24","2","47183","8.33"
"White","0","19","Tennessee","5/18/20","16","3","47185","18.75"
"Williamson","5","480","Tennessee","5/18/20","445","35","47187","7.87"
"Wilson","4","327","Tennessee","5/18/20","302","25","47189","8.28"
"Anderson","2","54","Texas","5/18/20","41","13","48001","31.71"
"Andrews","0","22","Texas","5/18/20","21","1","48003","4.76"
"Angelina","6","139","Texas","5/18/20","100","39","48005","39"
"Aransas","0","3","Texas","5/18/20","2","1","48007","50"
"Archer","0","1","Texas","5/18/20","0","1","48009","1"
"Armstrong","0","2","Texas","5/18/20","2","0","48011","0"
"Atascosa","1","30","Texas","5/18/20","24","6","48013","25"
"Austin","1","19","Texas","5/18/20","15","4","48015","26.67"
"Bailey","1","8","Texas","5/18/20","3","5","48017","166.67"
"Bandera","0","6","Texas","5/18/20","6","0","48019","0"
"Bastrop","3","132","Texas","5/18/20","110","22","48021","20"
"Bee","0","6","Texas","5/18/20","6","0","48025","0"
"Bell","4","248","Texas","5/18/20","220","28","48027","12.73"
"Bexar","31","2120","Texas","5/18/20","1901","219","48029","11.52"
"Blanco","0","6","Texas","5/18/20","6","0","48031","0"
"Bosque","0","6","Texas","5/18/20","5","1","48035","20"
"Bowie","8","133","Texas","5/18/20","76","57","48037","75"
"Brazoria","15","767","Texas","5/18/20","661","106","48039","16.04"
"Brazos","8","325","Texas","5/18/20","271","54","48041","19.93"
"Brewster","0","1","Texas","5/18/20","1","0","48043","0"
"Briscoe","0","1","Texas","5/18/20","1","0","48045","0"
"Brooks","0","1","Texas","5/18/20","1","0","48047","0"
"Brown","2","51","Texas","5/18/20","38","13","48049","34.21"
"Burleson","0","18","Texas","5/18/20","15","3","48051","20"
"Burnet","0","28","Texas","5/18/20","26","2","48053","7.69"
"Caldwell","1","36","Texas","5/18/20","30","6","48055","20"
"Calhoun","0","36","Texas","5/18/20","36","0","48057","0"
"Callahan","0","8","Texas","5/18/20","6","2","48059","33.33"
"Cameron","15","619","Texas","5/18/20","512","107","48061","20.9"
"Camp","2","24","Texas","5/18/20","7","17","48063","242.86"
"Carson","0","5","Texas","5/18/20","3","2","48065","66.67"
"Cass","0","20","Texas","5/18/20","20","0","48067","0"
"Castro","1","27","Texas","5/18/20","23","4","48069","17.39"
"Chambers","0","53","Texas","5/18/20","50","3","48071","6"
"Cherokee","2","34","Texas","5/18/20","20","14","48073","70"
"Childress","0","2","Texas","5/18/20","2","0","48075","0"
"Clay","0","3","Texas","5/18/20","3","0","48077","0"
"Cochran","0","1","Texas","5/18/20","1","0","48079","0"
"Coke","0","1","Texas","5/18/20","1","0","48081","0"
"Coleman","0","2","Texas","5/18/20","2","0","48083","0"
"Collin","16","1028","Texas","5/18/20","918","110","48085","11.98"
"Collingsworth","0","4","Texas","5/18/20","4","0","48087","0"
"Colorado","0","18","Texas","5/18/20","16","2","48089","12.5"
"Comal","1","70","Texas","5/18/20","65","5","48091","7.69"
"Comanche","0","3","Texas","5/18/20","3","0","48093","0"
"Concho","0","1","Texas","5/18/20","1","0","48095","0"
"Cooke","0","13","Texas","5/18/20","12","1","48097","8.33"
"Coryell","2","224","Texas","5/18/20","208","16","48099","7.69"
"Cottle","0","4","Texas","5/18/20","4","0","48101","0"
"Crane","0","2","Texas","5/18/20","2","0","48103","0"
"Crosby","0","3","Texas","5/18/20","2","1","48107","50"
"Dallam","1","22","Texas","5/18/20","14","8","48111","57.14"
"Dallas","222","7679","Texas","5/18/20","6123","1556","48113","25.41"
"Dawson","1","38","Texas","5/18/20","30","8","48115","26.67"
"Deaf Smith","9","122","Texas","5/18/20","59","63","48117","106.78"
"Delta","0","1","Texas","5/18/20","1","0","48119","0"
"Denton","21","1069","Texas","5/18/20","922","147","48121","15.94"
"DeWitt","0","17","Texas","5/18/20","15","2","48123","13.33"
"Dickens","0","1","Texas","5/18/20","1","0","48125","0"
"Dimmit","0","1","Texas","5/18/20","1","0","48127","0"
"Donley","0","26","Texas","5/18/20","26","0","48129","0"
"Duval","0","5","Texas","5/18/20","5","0","48131","0"
"Eastland","0","5","Texas","5/18/20","3","2","48133","66.67"
"Ector","2","114","Texas","5/18/20","99","15","48135","15.15"
"El Paso","62","1772","Texas","5/18/20","1340","432","48141","32.24"
"Ellis","5","247","Texas","5/18/20","211","36","48139","17.06"
"Erath","0","15","Texas","5/18/20","14","1","48143","7.14"
"Falls","0","6","Texas","5/18/20","6","0","48145","0"
"Fannin","0","25","Texas","5/18/20","23","2","48147","8.7"
"Fayette","1","29","Texas","5/18/20","25","4","48149","16"
"Fisher","0","1","Texas","5/18/20","0","1","48151","1"
"Floyd","0","4","Texas","5/18/20","4","0","48153","0"
"Fort Bend","25","1559","Texas","5/18/20","1385","174","48157","12.56"
"Franklin","0","6","Texas","5/18/20","3","3","48159","100"
"Freestone","0","7","Texas","5/18/20","7","0","48161","0"
"Frio","0","35","Texas","5/18/20","34","1","48163","2.94"
"Gaines","0","5","Texas","5/18/20","3","2","48165","66.67"
"Galveston","2","702","Texas","5/18/20","685","17","48167","2.48"
"Garza","0","4","Texas","5/18/20","3","1","48169","33.33"
"Gillespie","0","4","Texas","5/18/20","4","0","48171","0"
"Glasscock","0","1","Texas","5/18/20","1","0","48173","0"
"Goliad","0","7","Texas","5/18/20","7","0","48175","0"
"Gonzales","4","85","Texas","5/18/20","59","26","48177","44.07"
"Gray","3","93","Texas","5/18/20","75","18","48179","24"
"Grayson","9","152","Texas","5/18/20","91","61","48181","67.03"
"Gregg","7","170","Texas","5/18/20","118","52","48183","44.07"
"Grimes","3","65","Texas","5/18/20","42","23","48185","54.76"
"Guadalupe","2","110","Texas","5/18/20","97","13","48187","13.4"
"Hale","1","44","Texas","5/18/20","37","7","48189","18.92"
"Hamilton","0","7","Texas","5/18/20","7","0","48193","0"
"Hansford","1","16","Texas","5/18/20","12","4","48195","33.33"
"Hardin","0","117","Texas","5/18/20","115","2","48199","1.74"
"Harris","208","9635","Texas","5/18/20","8176","1459","48201","17.84"
"Harrison","2","202","Texas","5/18/20","186","16","48203","8.6"
"Hartley","0","9","Texas","5/18/20","8","1","48205","12.5"
"Haskell","0","1","Texas","5/18/20","0","1","48207","1"
"Hays","2","219","Texas","5/18/20","203","16","48209","7.88"
"Hemphill","0","1","Texas","5/18/20","1","0","48211","0"
"Henderson","1","48","Texas","5/18/20","41","7","48213","17.07"
"Hidalgo","7","440","Texas","5/18/20","389","51","48215","13.11"
"Hill","0","22","Texas","5/18/20","19","3","48217","15.79"
"Hockley","0","23","Texas","5/18/20","20","3","48219","15"
"Hood","0","22","Texas","5/18/20","22","0","48221","0"
"Hopkins","0","8","Texas","5/18/20","8","0","48223","0"
"Houston","9","79","Texas","5/18/20","13","66","48225","507.69"
"Howard","0","6","Texas","5/18/20","6","0","48227","0"
"Hunt","1","66","Texas","5/18/20","57","9","48231","15.79"
"Hutchinson","1","28","Texas","5/18/20","21","7","48233","33.33"
"Jack","0","4","Texas","5/18/20","4","0","48237","0"
"Jackson","0","15","Texas","5/18/20","14","1","48239","7.14"
"Jasper","1","23","Texas","5/18/20","19","4","48241","21.05"
"Jefferson","8","436","Texas","5/18/20","381","55","48245","14.44"
"Jim Hogg","0","4","Texas","5/18/20","3","1","48247","33.33"
"Jim Wells","0","8","Texas","5/18/20","7","1","48249","14.29"
"Johnson","3","123","Texas","5/18/20","103","20","48251","19.42"
"Jones","2","112","Texas","5/18/20","95","17","48253","17.89"
"Karnes","0","3","Texas","5/18/20","3","0","48255","0"
"Kaufman","4","147","Texas","5/18/20","120","27","48257","22.5"
"Kendall","0","21","Texas","5/18/20","19","2","48259","10.53"
"Kerr","0","10","Texas","5/18/20","9","1","48265","11.11"
"Kimble","0","1","Texas","5/18/20","1","0","48267","0"
"Kleberg","0","14","Texas","5/18/20","11","3","48273","27.27"
"Knox","0","1","Texas","5/18/20","1","0","48275","0"
"La Salle","0","4","Texas","5/18/20","2","2","48283","100"
"Lamar","4","116","Texas","5/18/20","89","27","48277","30.34"
"Lamb","1","11","Texas","5/18/20","7","4","48279","57.14"
"Lampasas","0","8","Texas","5/18/20","8","0","48281","0"
"Lavaca","0","8","Texas","5/18/20","6","2","48285","33.33"
"Lee","0","6","Texas","5/18/20","5","1","48287","20"
"Leon","0","9","Texas","5/18/20","9","0","48289","0"
"Liberty","1","75","Texas","5/18/20","66","9","48291","13.64"
"Limestone","0","15","Texas","5/18/20","15","0","48293","0"
"Lipscomb","0","2","Texas","5/18/20","2","0","48295","0"
"Live Oak","0","7","Texas","5/18/20","5","2","48297","40"
"Llano","0","3","Texas","5/18/20","3","0","48299","0"
"Lubbock","4","619","Texas","5/18/20","592","27","48303","4.56"
"Lynn","0","5","Texas","5/18/20","5","0","48305","0"
"Madison","1","8","Texas","5/18/20","3","5","48313","166.67"
"Marion","0","15","Texas","5/18/20","15","0","48315","0"
"Martin","0","3","Texas","5/18/20","3","0","48317","0"
"Mason","0","31","Texas","5/18/20","28","3","48319","10.71"
"Matagorda","0","65","Texas","5/18/20","64","1","48321","1.56"
"Maverick","8","89","Texas","5/18/20","31","58","48323","187.1"
"McCulloch","0","3","Texas","5/18/20","3","0","48307","0"
"McLennan","1","98","Texas","5/18/20","94","4","48309","4.26"
"Medina","4","58","Texas","5/18/20","32","26","48325","81.25"
"Midland","3","120","Texas","5/18/20","101","19","48329","18.81"
"Milam","1","24","Texas","5/18/20","20","4","48331","20"
"Mills","0","1","Texas","5/18/20","0","1","48333","1"
"Mitchell","0","1","Texas","5/18/20","1","0","48335","0"
"Montague","0","9","Texas","5/18/20","9","0","48337","0"
"Montgomery","13","817","Texas","5/18/20","724","93","48339","12.85"
"Moore","6","567","Texas","5/18/20","526","41","48341","7.79"
"Morris","0","11","Texas","5/18/20","9","2","48343","22.22"
"Motley","0","1","Texas","5/18/20","1","0","48345","0"
"Nacogdoches","4","239","Texas","5/18/20","211","28","48347","13.27"
"Navarro","0","38","Texas","5/18/20","36","2","48349","5.56"
"Newton","0","4","Texas","5/18/20","4","0","48351","0"
"Nolan","0","2","Texas","5/18/20","2","0","48353","0"
"Nueces","15","234","Texas","5/18/20","132","102","48355","77.27"
"Ochiltree","2","41","Texas","5/18/20","29","12","48357","41.38"
"Oldham","0","4","Texas","5/18/20","3","1","48359","33.33"
"Orange","0","87","Texas","5/18/20","85","2","48361","2.35"
"Palo Pinto","0","9","Texas","5/18/20","9","0","48363","0"
"Panola","2","175","Texas","5/18/20","162","13","48365","8.02"
"Parker","2","57","Texas","5/18/20","45","12","48367","26.67"
"Parmer","2","34","Texas","5/18/20","19","15","48369","78.95"
"Pecos","1","20","Texas","5/18/20","15","5","48371","33.33"
"Polk","2","47","Texas","5/18/20","35","12","48373","34.29"
"Potter","144","2129","Texas","5/18/20","1124","1005","48375","89.41"
"Rains","0","2","Texas","5/18/20","2","0","48379","0"
"Randall","35","602","Texas","5/18/20","358","244","48381","68.16"
"Red River","4","35","Texas","5/18/20","9","26","48387","288.89"
"Reeves","0","7","Texas","5/18/20","7","0","48389","0"
"Refugio","0","3","Texas","5/18/20","1","2","48391","200"
"Roberts","0","2","Texas","5/18/20","2","0","48393","0"
"Robertson","0","6","Texas","5/18/20","5","1","48395","20"
"Rockwall","5","138","Texas","5/18/20","104","34","48397","32.69"
"Runnels","0","2","Texas","5/18/20","2","0","48399","0"
"Rusk","0","42","Texas","5/18/20","40","2","48401","5"
"Sabine","0","3","Texas","5/18/20","2","1","48403","50"
"San Augustine","0","22","Texas","5/18/20","21","1","48405","4.76"
"San Jacinto","0","12","Texas","5/18/20","11","1","48407","9.09"
"San Patricio","1","26","Texas","5/18/20","22","4","48409","18.18"
"Scurry","0","2","Texas","5/18/20","2","0","48415","0"
"Shackelford","0","1","Texas","5/18/20","1","0","48417","0"
"Shelby","3","175","Texas","5/18/20","152","23","48419","15.13"
"Sherman","0","23","Texas","5/18/20","23","0","48421","0"
"Smith","2","189","Texas","5/18/20","174","15","48423","8.62"
"Starr","0","17","Texas","5/18/20","14","3","48427","21.43"
"Stephens","0","2","Texas","5/18/20","1","1","48429","100"
"Swisher","0","15","Texas","5/18/20","12","3","48437","25"
"Tarrant","107","4447","Texas","5/18/20","3695","752","48439","20.35"
"Taylor","1","217","Texas","5/18/20","208","9","48441","4.33"
"Terry","0","12","Texas","5/18/20","12","0","48445","0"
"Titus","10","102","Texas","5/18/20","35","67","48449","191.43"
"Tom Green","0","87","Texas","5/18/20","84","3","48451","3.57"
"Travis","41","2459","Texas","5/18/20","2171","288","48453","13.27"
"Trinity","0","11","Texas","5/18/20","11","0","48455","0"
"Tyler","0","9","Texas","5/18/20","7","2","48457","28.57"
"Upshur","0","18","Texas","5/18/20","17","1","48459","5.88"
"Uvalde","0","6","Texas","5/18/20","6","0","48463","0"
"Val Verde","0","13","Texas","5/18/20","13","0","48465","0"
"Van Zandt","1","22","Texas","5/18/20","18","4","48467","22.22"
"Victoria","1","156","Texas","5/18/20","150","6","48469","4"
"Walker","12","423","Texas","5/18/20","342","81","48471","23.68"
"Waller","0","40","Texas","5/18/20","39","1","48473","2.56"
"Washington","2","181","Texas","5/18/20","164","17","48477","10.37"
"Webb","6","477","Texas","5/18/20","435","42","48479","9.66"
"Wharton","0","43","Texas","5/18/20","41","2","48481","4.88"
"Wheeler","0","14","Texas","5/18/20","14","0","48483","0"
"Wichita","0","78","Texas","5/18/20","75","3","48485","4"
"Wilbarger","0","5","Texas","5/18/20","2","3","48487","150"
"Willacy","0","14","Texas","5/18/20","14","0","48489","0"
"Williamson","15","486","Texas","5/18/20","380","106","48491","27.89"
"Wilson","0","36","Texas","5/18/20","36","0","48493","0"
"Winkler","0","3","Texas","5/18/20","3","0","48495","0"
"Wise","1","36","Texas","5/18/20","30","6","48497","20"
"Wood","1","18","Texas","5/18/20","14","4","48499","28.57"
"Yoakum","0","2","Texas","5/18/20","2","0","48501","0"
"Young","0","4","Texas","5/18/20","4","0","48503","0"
"Zapata","0","7","Texas","5/18/20","7","0","48505","0"
"Zavala","1","9","Texas","5/18/20","2","7","48507","350"
"Bear River","1","90","Utah","5/18/20","81","9","00000","11.11"
"Central Utah","0","30","Utah","5/18/20","28","2","00000","7.14"
"Davis","5","370","Utah","5/18/20","338","32","49011","9.47"
"Salt Lake","82","3942","Utah","5/18/20","3365","577","49035","17.15"
"San Juan","11","227","Utah","5/18/20","149","78","49037","52.35"
"Southeast Utah","0","15","Utah","5/18/20","14","1","00000","7.14"
"Southwest Utah","9","236","Utah","5/18/20","170","66","00000","38.82"
"Summit","2","401","Utah","5/18/20","386","15","49043","3.89"
"Tooele","2","94","Utah","5/18/20","77","17","49045","22.08"
"TriCounty","1","22","Utah","5/18/20","16","6","00000","37.5"
"Utah","23","1520","Utah","5/18/20","1358","162","49049","11.93"
"Wasatch","3","203","Utah","5/18/20","183","20","49051","10.93"
"Weber-Morgan","5","234","Utah","5/18/20","197","37","00000","18.78"
"Addison","0","62","Vermont","5/18/20","62","0","50001","0"
"Bennington","0","60","Vermont","5/18/20","60","0","50003","0"
"Caledonia","0","14","Vermont","5/18/20","14","0","50005","0"
"Chittenden","1","439","Vermont","5/18/20","432","7","50007","1.62"
"Essex","0","2","Vermont","5/18/20","2","0","50009","0"
"Franklin","0","99","Vermont","5/18/20","99","0","50011","0"
"Grand Isle","0","4","Vermont","5/18/20","4","0","50013","0"
"Lamoille","0","27","Vermont","5/18/20","26","1","50015","3.85"
"Orange","0","8","Vermont","5/18/20","8","0","50017","0"
"Orleans","0","9","Vermont","5/18/20","9","0","50019","0"
"Rutland","0","50","Vermont","5/18/20","49","1","50021","2.04"
"Washington","0","38","Vermont","5/18/20","38","0","50023","0"
"Windham","0","76","Vermont","5/18/20","74","2","50025","2.7"
"Windsor","0","47","Vermont","5/18/20","45","2","50027","4.44"
"","0","69","Virgin Islands","5/18/20","69","0",,"0"
"Accomack","24","690","Virginia","5/18/20","524","166","51001","31.68"
"Albemarle","2","139","Virginia","5/18/20","123","16","51003","13.01"
"Alexandria","41","1510","Virginia","5/18/20","1224","286","51510","23.37"
"Alleghany","0","9","Virginia","5/18/20","6","3","51005","50"
"Amelia","0","20","Virginia","5/18/20","17","3","51007","17.65"
"Amherst","1","25","Virginia","5/18/20","16","9","51009","56.25"
"Appomattox","0","25","Virginia","5/18/20","22","3","51011","13.64"
"Arlington","34","1638","Virginia","5/18/20","1399","239","51013","17.08"
"Augusta","3","85","Virginia","5/18/20","64","21","51015","32.81"
"Bedford","0","41","Virginia","5/18/20","38","3","51019","7.89"
"Botetourt","0","31","Virginia","5/18/20","30","1","51023","3.33"
"Bristol","0","3","Virginia","5/18/20","3","0","51520","0"
"Brunswick","0","20","Virginia","5/18/20","19","1","51025","5.26"
"Buchanan","0","16","Virginia","5/18/20","16","0","51027","0"
"Buckingham","24","417","Virginia","5/18/20","246","171","51029","69.51"
"Buena Vista","0","9","Virginia","5/18/20","8","1","51530","12.5"
"Campbell","0","13","Virginia","5/18/20","13","0","51031","0"
"Caroline","1","42","Virginia","5/18/20","38","4","51033","10.53"
"Carroll","2","49","Virginia","5/18/20","34","15","51035","44.12"
"Charles City","0","23","Virginia","5/18/20","21","2","51036","9.52"
"Charlotte","0","14","Virginia","5/18/20","11","3","51037","27.27"
"Charlottesville","1","72","Virginia","5/18/20","68","4","51540","5.88"
"Chesapeake","7","387","Virginia","5/18/20","340","47","51550","13.82"
"Chesterfield","30","1002","Virginia","5/18/20","789","213","51041","27"
"Clarke","0","18","Virginia","5/18/20","16","2","51043","12.5"
"Colonial Heights","1","76","Virginia","5/18/20","66","10","51570","15.15"
"Covington","0","2","Virginia","5/18/20","1","1","51580","100"
"Craig","0","4","Virginia","5/18/20","4","0","51045","0"
"Culpeper","16","388","Virginia","5/18/20","276","112","51047","40.58"
"Cumberland","1","23","Virginia","5/18/20","13","10","51049","76.92"
"Danville","1","44","Virginia","5/18/20","39","5","51590","12.82"
"Dinwiddie","1","38","Virginia","5/18/20","28","10","51053","35.71"
"Emporia","1","55","Virginia","5/18/20","49","6","51595","12.24"
"Essex","1","31","Virginia","5/18/20","24","7","51057","29.17"
"Fairfax","235","7843","Virginia","5/18/20","6200","1643","51059","26.5"
"Fairfax City","1","47","Virginia","5/18/20","39","8","51600","20.51"
"Falls Church","1","44","Virginia","5/18/20","37","7","51610","18.92"
"Fauquier","6","223","Virginia","5/18/20","180","43","51061","23.89"
"Floyd","0","4","Virginia","5/18/20","3","1","51063","33.33"
"Fluvanna","0","82","Virginia","5/18/20","79","3","51065","3.8"
"Franklin","0","30","Virginia","5/18/20","28","2","51067","7.14"
"Franklin City","1","32","Virginia","5/18/20","26","6","51620","23.08"
"Frederick","7","217","Virginia","5/18/20","166","51","51069","30.72"
"Fredericksburg","5","96","Virginia","5/18/20","61","35","51630","57.38"
"Galax","4","82","Virginia","5/18/20","55","27","51640","49.09"
"Giles","0","5","Virginia","5/18/20","8","-3","51071","-37.5"
"Gloucester","0","28","Virginia","5/18/20","27","1","51073","3.7"
"Goochland","1","88","Virginia","5/18/20","81","7","51075","8.64"
"Grayson","1","21","Virginia","5/18/20","15","6","51077","40"
"Greene","1","19","Virginia","5/18/20","15","4","51079","26.67"
"Greensville","0","50","Virginia","5/18/20","47","3","51081","6.38"
"Halifax","1","27","Virginia","5/18/20","22","5","51083","22.73"
"Hampton","2","163","Virginia","5/18/20","146","17","51650","11.64"
"Hanover","8","225","Virginia","5/18/20","171","54","51085","31.58"
"Harrisonburg","7","633","Virginia","5/18/20","583","50","51660","8.58"
"Henrico","27","1272","Virginia","5/18/20","1083","189","51087","17.45"
"Henry","3","43","Virginia","5/18/20","25","18","51089","72"
"Highland","0","2","Virginia","5/18/20","2","0","51091","0"
"Hopewell","2","53","Virginia","5/18/20","39","14","51670","35.9"
"Isle of Wight","1","119","Virginia","5/18/20","112","7","51093","6.25"
"James City","2","187","Virginia","5/18/20","173","14","51095","8.09"
"King and Queen","0","7","Virginia","5/18/20","5","2","51097","40"
"King George","1","48","Virginia","5/18/20","42","6","51099","14.29"
"King William","0","15","Virginia","5/18/20","12","3","51101","25"
"Lancaster","0","7","Virginia","5/18/20","6","1","51103","16.67"
"Lee","0","10","Virginia","5/18/20","10","0","51105","0"
"Lexington","0","6","Virginia","5/18/20","5","1","51678","20"
"Loudoun","42","1486","Virginia","5/18/20","1195","291","51107","24.35"
"Louisa","1","60","Virginia","5/18/20","56","4","51109","7.14"
"Lunenburg","0","7","Virginia","5/18/20","6","1","51111","16.67"
"Lynchburg","1","74","Virginia","5/18/20","69","5","51680","7.25"
"Madison","0","24","Virginia","5/18/20","21","3","51113","14.29"
"Manassas","29","628","Virginia","5/18/20","428","200","51683","46.73"
"Manassas Park","9","198","Virginia","5/18/20","135","63","51685","46.67"
"Martinsville","1","8","Virginia","5/18/20","2","6","51690","300"
"Mathews","0","5","Virginia","5/18/20","5","0","51115","0"
"Mecklenburg","5","169","Virginia","5/18/20","134","35","51117","26.12"
"Middlesex","0","12","Virginia","5/18/20","10","2","51119","20"
"Montgomery","0","66","Virginia","5/18/20","66","0","51121","0"
"Nelson","0","12","Virginia","5/18/20","10","2","51125","20"
"New Kent","0","26","Virginia","5/18/20","26","0","51127","0"
"Newport News","6","206","Virginia","5/18/20","164","42","51700","25.61"
"Norfolk","8","361","Virginia","5/18/20","308","53","51710","17.21"
"Northampton","4","198","Virginia","5/18/20","170","28","51131","16.47"
"Northumberland","1","18","Virginia","5/18/20","10","8","51133","80"
"Norton","0","2","Virginia","5/18/20","2","0","51720","0"
"Nottoway","1","18","Virginia","5/18/20","14","4","51135","28.57"
"Orange","2","60","Virginia","5/18/20","47","13","51137","27.66"
"Page","5","161","Virginia","5/18/20","129","32","51139","24.81"
"Patrick","1","8","Virginia","5/18/20","4","4","51141","100"
"Petersburg","2","60","Virginia","5/18/20","48","12","51730","25"
"Pittsylvania","1","24","Virginia","5/18/20","17","7","51143","41.18"
"Poquoson","0","7","Virginia","5/18/20","7","0","51735","0"
"Portsmouth","3","228","Virginia","5/18/20","208","20","51740","9.62"
"Powhatan","1","24","Virginia","5/18/20","18","6","51145","33.33"
"Prince Edward","2","77","Virginia","5/18/20","66","11","51147","16.67"
"Prince George","1","52","Virginia","5/18/20","45","7","51149","15.56"
"Prince William","110","3759","Virginia","5/18/20","2991","768","51153","25.68"
"Pulaski","0","10","Virginia","5/18/20","9","1","51155","11.11"
"Radford","0","3","Virginia","5/18/20","3","0","51750","0"
"Rappahannock","0","12","Virginia","5/18/20","10","2","51157","20"
"Richmond","10","263","Virginia","5/18/20","190","73","51159","38.42"
"Richmond City","33","779","Virginia","5/18/20","546","233","51760","42.67"
"Roanoke","1","86","Virginia","5/18/20","79","7","51161","8.86"
"Roanoke City","3","128","Virginia","5/18/20","106","22","51770","20.75"
"Rockbridge","0","11","Virginia","5/18/20","9","2","51163","22.22"
"Rockingham","5","397","Virginia","5/18/20","360","37","51165","10.28"
"Russell","0","8","Virginia","5/18/20","6","2","51167","33.33"
"Salem","0","32","Virginia","5/18/20","32","0","51775","0"
"Scott","0","7","Virginia","5/18/20","7","0","51169","0"
"Shenandoah","10","319","Virginia","5/18/20","250","69","51171","27.6"
"Smyth","0","15","Virginia","5/18/20","13","2","51173","15.38"
"Southampton","1","137","Virginia","5/18/20","131","6","51175","4.58"
"Spotsylvania","9","319","Virginia","5/18/20","257","62","51177","24.12"
"Stafford","14","484","Virginia","5/18/20","384","100","51179","26.04"
"Staunton","2","33","Virginia","5/18/20","18","15","51790","83.33"
"Suffolk","8","269","Virginia","5/18/20","216","53","51800","24.54"
"Surry","0","6","Virginia","5/18/20","5","1","51181","20"
"Sussex","8","91","Virginia","5/18/20","34","57","51183","167.65"
"Tazewell","0","6","Virginia","5/18/20","7","-1","51185","-14.29"
"Virginia Beach","7","557","Virginia","5/18/20","505","52","51810","10.3"
"Warren","2","99","Virginia","5/18/20","86","13","51187","15.12"
"Washington","0","49","Virginia","5/18/20","49","0","51191","0"
"Waynesboro","0","24","Virginia","5/18/20","21","3","51820","14.29"
"Westmoreland","1","42","Virginia","5/18/20","38","4","51193","10.53"
"Williamsburg","0","43","Virginia","5/18/20","42","1","51830","2.38"
"Winchester","3","84","Virginia","5/18/20","66","18","51840","27.27"
"Wise","0","23","Virginia","5/18/20","22","1","51195","4.55"
"Wythe","0","16","Virginia","5/18/20","13","3","51197","23.08"
"York","1","63","Virginia","5/18/20","57","6","51199","10.53"
"Adams","0","50","Washington","5/18/20","49","1","53001","2.04"
"Asotin","0","18","Washington","5/18/20","18","0","53003","0"
"Benton","8","643","Washington","5/18/20","586","57","53005","9.73"
"Chelan","4","178","Washington","5/18/20","149","29","53007","19.46"
"Clallam","0","21","Washington","5/18/20","19","2","53009","10.53"
"Clark","5","388","Washington","5/18/20","352","36","53011","10.23"
"Columbia","0","1","Washington","5/18/20","1","0","53013","0"
"Cowlitz","0","68","Washington","5/18/20","66","2","53015","3.03"
"Douglas","2","129","Washington","5/18/20","114","15","53017","13.16"
"Ferry","0","1","Washington","5/18/20","1","0","53019","0"
"Franklin","5","456","Washington","5/18/20","420","36","53021","8.57"
"Grant","1","187","Washington","5/18/20","183","4","53025","2.19"
"Grays Harbor","0","15","Washington","5/18/20","13","2","53027","15.38"
"Island","0","176","Washington","5/18/20","174","2","53029","1.15"
"Jefferson","0","30","Washington","5/18/20","29","1","53031","3.45"
"King","64","7515","Washington","5/18/20","7068","447","53033","6.32"
"Kitsap","1","160","Washington","5/18/20","156","4","53035","2.56"
"Kittitas","2","57","Washington","5/18/20","40","17","53037","42.5"
"Klickitat","1","24","Washington","5/18/20","20","4","53039","20"
"Lewis","1","35","Washington","5/18/20","30","5","53041","16.67"
"Lincoln","0","2","Washington","5/18/20","2","0","53043","0"
"Mason","1","33","Washington","5/18/20","28","5","53045","17.86"
"Okanogan","2","40","Washington","5/18/20","25","15","53047","60"
"Pacific","0","9","Washington","5/18/20","9","0","53049","0"
"Pend Oreille","0","2","Washington","5/18/20","2","0","53051","0"
"Pierce","15","1687","Washington","5/18/20","1582","105","53053","6.64"
"San Juan","0","15","Washington","5/18/20","15","0","53055","0"
"Skagit","3","426","Washington","5/18/20","402","24","53057","5.97"
"Skamania","0","3","Washington","5/18/20","3","0","53059","0"
"Snohomish","15","2797","Washington","5/18/20","2690","107","53061","3.98"
"Spokane","3","403","Washington","5/18/20","384","19","53063","4.95"
"Stevens","0","9","Washington","5/18/20","9","0","53065","0"
"Thurston","0","124","Washington","5/18/20","121","3","53067","2.48"
"Wahkiakum","0","4","Washington","5/18/20","4","0","53069","0"
"Walla Walla","1","107","Washington","5/18/20","103","4","53071","3.88"
"Whatcom","3","358","Washington","5/18/20","338","20","53073","5.92"
"Whitman","0","16","Washington","5/18/20","15","1","53075","6.67"
"Yakima","72","2370","Washington","5/18/20","1864","506","53077","27.15"
"Barbour","0","7","West Virginia","5/18/20","7","0","54001","0"
"Berkeley","4","215","West Virginia","5/18/20","190","25","54003","13.16"
"Boone","0","9","West Virginia","5/18/20","9","0","54005","0"
"Braxton","0","2","West Virginia","5/18/20","2","0","54007","0"
"Brooke","0","3","West Virginia","5/18/20","3","0","54009","0"
"Cabell","0","56","West Virginia","5/18/20","53","3","54011","5.66"
"Calhoun","0","2","West Virginia","5/18/20","0","2","54013","1"
"Clay","0","2","West Virginia","5/18/20","2","0","54015","0"
"Fayette","0","38","West Virginia","5/18/20","35","3","54019","8.57"
"Gilmer","0","8","West Virginia","5/18/20","8","0","54021","0"
"Grant","0","6","West Virginia","5/18/20","3","3","54023","100"
"Greenbrier","0","9","West Virginia","5/18/20","8","1","54025","12.5"
"Hampshire","0","12","West Virginia","5/18/20","9","3","54027","33.33"
"Hancock","0","12","West Virginia","5/18/20","12","0","54029","0"
"Hardy","2","31","West Virginia","5/18/20","16","15","54031","93.75"
"Harrison","0","35","West Virginia","5/18/20","34","1","54033","2.94"
"Jackson","0","135","West Virginia","5/18/20","136","-1","54035","-0.74"
"Jefferson","2","101","West Virginia","5/18/20","88","13","54037","14.77"
"Kanawha","3","203","West Virginia","5/18/20","185","18","54039","9.73"
"Lewis","0","5","West Virginia","5/18/20","4","1","54041","25"
"Lincoln","0","5","West Virginia","5/18/20","5","0","54043","0"
"Logan","0","15","West Virginia","5/18/20","13","2","54045","15.38"
"Marion","0","48","West Virginia","5/18/20","46","2","54049","4.35"
"Marshall","0","25","West Virginia","5/18/20","22","3","54051","13.64"
"Mason","0","15","West Virginia","5/18/20","13","2","54053","15.38"
"McDowell","0","6","West Virginia","5/18/20","6","0","54047","0"
"Mercer","0","13","West Virginia","5/18/20","11","2","54055","18.18"
"Mineral","1","29","West Virginia","5/18/20","23","6","54057","26.09"
"Mingo","0","3","West Virginia","5/18/20","2","1","54059","50"
"Monongalia","0","116","West Virginia","5/18/20","113","3","54061","2.65"
"Monroe","0","6","West Virginia","5/18/20","6","0","54063","0"
"Morgan","0","17","West Virginia","5/18/20","16","1","54065","6.25"
"Nicholas","0","9","West Virginia","5/18/20","8","1","54067","12.5"
"Ohio","0","37","West Virginia","5/18/20","38","-1","54069","-2.63"
"Pendleton","0","5","West Virginia","5/18/20","5","0","54071","0"
"Pleasants","0","2","West Virginia","5/18/20","2","0","54073","0"
"Pocahontas","1","8","West Virginia","5/18/20","2","6","54075","300"
"Preston","0","15","West Virginia","5/18/20","14","1","54077","7.14"
"Putnam","0","29","West Virginia","5/18/20","27","2","54079","7.41"
"Raleigh","0","12","West Virginia","5/18/20","9","3","54081","33.33"
"Randolph","0","7","West Virginia","5/18/20","5","2","54083","40"
"Ritchie","0","1","West Virginia","5/18/20","1","0","54085","0"
"Roane","0","9","West Virginia","5/18/20","8","1","54087","12.5"
"Summers","0","1","West Virginia","5/18/20","1","0","54089","0"
"Taylor","0","8","West Virginia","5/18/20","8","0","54091","0"
"Tucker","0","4","West Virginia","5/18/20","4","0","54093","0"
"Tyler","0","3","West Virginia","5/18/20","3","0","54095","0"
"Upshur","0","6","West Virginia","5/18/20","5","1","54097","20"
"Wayne","0","96","West Virginia","5/18/20","93","3","54099","3.23"
"Wetzel","0","7","West Virginia","5/18/20","6","1","54103","16.67"
"Wirt","0","3","West Virginia","5/18/20","3","0","54105","0"
"Wood","1","48","West Virginia","5/18/20","43","5","54107","11.63"
"Wyoming","0","3","West Virginia","5/18/20","1","2","54109","200"
"Adams","0","4","Wisconsin","5/18/20","4","0","55001","0"
"Ashland","0","2","Wisconsin","5/18/20","2","0","55003","0"
"Barron","0","11","Wisconsin","5/18/20","11","0","55005","0"
"Bayfield","0","3","Wisconsin","5/18/20","3","0","55007","0"
"Brown","25","2102","Wisconsin","5/18/20","1924","178","55009","9.25"
"Buffalo","0","5","Wisconsin","5/18/20","5","0","55011","0"
"Burnett","0","2","Wisconsin","5/18/20","0","2","55013","1"
"Calumet","2","58","Wisconsin","5/18/20","41","17","55015","41.46"
"Chippewa","2","41","Wisconsin","5/18/20","30","11","55017","36.67"
"Clark","1","28","Wisconsin","5/18/20","24","4","55019","16.67"
"Columbia","1","36","Wisconsin","5/18/20","32","4","55021","12.5"
"Crawford","1","23","Wisconsin","5/18/20","17","6","55023","35.29"
"Dane","9","538","Wisconsin","5/18/20","474","64","55025","13.5"
"Dodge","5","108","Wisconsin","5/18/20","74","34","55027","45.95"
"Door","2","33","Wisconsin","5/18/20","22","11","55029","50"
"Douglas","0","13","Wisconsin","5/18/20","11","2","55031","18.18"
"Dunn","1","20","Wisconsin","5/18/20","14","6","55033","42.86"
"Eau Claire","2","70","Wisconsin","5/18/20","57","13","55035","22.81"
"Florence","0","2","Wisconsin","5/18/20","2","0","55037","0"
"Fond du Lac","6","142","Wisconsin","5/18/20","101","41","55039","40.59"
"Forest","1","9","Wisconsin","5/18/20","4","5","55041","125"
"Grant","1","74","Wisconsin","5/18/20","68","6","55043","8.82"
"Green","2","45","Wisconsin","5/18/20","33","12","55045","36.36"
"Green Lake","0","11","Wisconsin","5/18/20","8","3","55047","37.5"
"Iowa","0","11","Wisconsin","5/18/20","10","1","55049","10"
"Iron","0","2","Wisconsin","5/18/20","2","0","55051","0"
"Jackson","0","15","Wisconsin","5/18/20","14","1","55053","7.14"
"Jefferson","1","61","Wisconsin","5/18/20","51","10","55055","19.61"
"Juneau","0","22","Wisconsin","5/18/20","21","1","55057","4.76"
"Kenosha","22","848","Wisconsin","5/18/20","693","155","55059","22.37"
"Kewaunee","0","30","Wisconsin","5/18/20","29","1","55061","3.45"
"La Crosse","2","45","Wisconsin","5/18/20","32","13","55063","40.62"
"Lafayette","0","16","Wisconsin","5/18/20","13","3","55065","23.08"
"Lincoln","0","3","Wisconsin","5/18/20","1","2","55069","200"
"Manitowoc","0","22","Wisconsin","5/18/20","19","3","55071","15.79"
"Marathon","1","33","Wisconsin","5/18/20","25","8","55073","32"
"Marinette","1","25","Wisconsin","5/18/20","21","4","55075","19.05"
"Marquette","0","3","Wisconsin","5/18/20","3","0","55077","0"
"Menominee","0","2","Wisconsin","5/18/20","2","0","55078","0"
"Milwaukee","140","5005","Wisconsin","5/18/20","4022","983","55079","24.44"
"Monroe","0","15","Wisconsin","5/18/20","15","0","55081","0"
"Oconto","0","30","Wisconsin","5/18/20","28","2","55083","7.14"
"Oneida","0","7","Wisconsin","5/18/20","7","0","55085","0"
"Outagamie","4","142","Wisconsin","5/18/20","117","25","55087","21.37"
"Ozaukee","2","122","Wisconsin","5/18/20","107","15","55089","14.02"
"Pepin","0","1","Wisconsin","5/18/20","0","1","55091","1"
"Pierce","1","21","Wisconsin","5/18/20","13","8","55093","61.54"
"Polk","0","6","Wisconsin","5/18/20","5","1","55095","20"
"Portage","0","7","Wisconsin","5/18/20","7","0","55097","0"
"Price","0","1","Wisconsin","5/18/20","1","0","55099","0"
"Racine","44","1034","Wisconsin","5/18/20","724","310","55101","42.82"
"Richland","0","14","Wisconsin","5/18/20","13","1","55103","7.69"
"Rock","10","432","Wisconsin","5/18/20","361","71","55105","19.67"
"Rusk","0","4","Wisconsin","5/18/20","4","0","55107","0"
"Sauk","1","77","Wisconsin","5/18/20","72","5","55111","6.94"
"Sawyer","0","4","Wisconsin","5/18/20","4","0","55113","0"
"Shawano","1","33","Wisconsin","5/18/20","25","8","55115","32"
"Sheboygan","0","69","Wisconsin","5/18/20","66","3","55117","4.55"
"St. Croix","3","48","Wisconsin","5/18/20","29","19","55109","65.52"
"Trempealeau","1","11","Wisconsin","5/18/20","5","6","55121","120"
"Vernon","1","11","Wisconsin","5/18/20","3","8","55123","266.67"
"Vilas","0","4","Wisconsin","5/18/20","4","0","55125","0"
"Walworth","6","284","Wisconsin","5/18/20","240","44","55127","18.33"
"Washburn","0","1","Wisconsin","5/18/20","1","0","55129","0"
"Washington","4","149","Wisconsin","5/18/20","118","31","55131","26.27"
"Waukesha","10","482","Wisconsin","5/18/20","409","73","55133","17.85"
"Waupaca","1","17","Wisconsin","5/18/20","13","4","55135","30.77"
"Waushara","0","7","Wisconsin","5/18/20","4","3","55137","75"
"Winnebago","3","124","Wisconsin","5/18/20","100","24","55139","24"
"Wood","0","7","Wisconsin","5/18/20","4","3","55141","75"
"Albany","0","10","Wyoming","5/18/20","8","2","56001","25"
"Big Horn","0","3","Wyoming","5/18/20","3","0","56003","0"
"Campbell","0","29","Wyoming","5/18/20","29","0","56005","0"
"Carbon","1","14","Wyoming","5/18/20","5","9","56007","180"
"Converse","0","23","Wyoming","5/18/20","23","0","56009","0"
"Crook","0","5","Wyoming","5/18/20","5","0","56011","0"
"Fremont","5","224","Wyoming","5/18/20","191","33","56013","17.28"
"Goshen","0","5","Wyoming","5/18/20","5","0","56015","0"
"Hot Springs","1","7","Wyoming","5/18/20","3","4","56017","133.33"
"Johnson","0","16","Wyoming","5/18/20","15","1","56019","6.67"
"Laramie","2","181","Wyoming","5/18/20","166","15","56021","9.04"
"Lincoln","0","14","Wyoming","5/18/20","11","3","56023","27.27"
"Natrona","2","62","Wyoming","5/18/20","48","14","56025","29.17"
"Niobrara","0","2","Wyoming","5/18/20","2","0","56027","0"
"Park","0","1","Wyoming","5/18/20","1","0","56029","0"
"Sheridan","0","16","Wyoming","5/18/20","16","0","56033","0"
"Sublette","0","3","Wyoming","5/18/20","3","0","56035","0"
"Sweetwater","0","23","Wyoming","5/18/20","20","3","56037","15"
"Teton","0","100","Wyoming","5/18/20","98","2","56039","2.04"
"Uinta","0","12","Wyoming","5/18/20","9","3","56041","33.33"
"Washakie","1","16","Wyoming","5/18/20","8","8","56043","100"
