"Locality","DailyAvgNewCasesPast7Days","TotalCases","State","Date","TotalCases7DaysAgo","NewCasesPast7Days","FIPS-Code","PercentIncreaseTotalCasesPast7Days"
"Autauga","5","127","Alabama","5/19/20","91","36","01001","39.56"
"Baldwin","5","262","Alabama","5/19/20","227","35","01003","15.42"
"Barbour","3","90","Alabama","5/19/20","67","23","01005","34.33"
"Bibb","1","51","Alabama","5/19/20","46","5","01007","10.87"
"Blount","0","47","Alabama","5/19/20","45","2","01009","4.44"
"Bullock","4","52","Alabama","5/19/20","26","26","01011","100"
"Butler","10","295","Alabama","5/19/20","224","71","01013","31.7"
"Calhoun","1","133","Alabama","5/19/20","126","7","01015","5.56"
"Chambers","1","329","Alabama","5/19/20","324","5","01017","1.54"
"Cherokee","1","29","Alabama","5/19/20","24","5","01019","20.83"
"Chilton","2","80","Alabama","5/19/20","69","11","01021","15.94"
"Choctaw","3","92","Alabama","5/19/20","69","23","01023","33.33"
"Clarke","2","81","Alabama","5/19/20","64","17","01025","26.56"
"Clay","0","27","Alabama","5/19/20","27","0","01027","0"
"Cleburne","0","13","Alabama","5/19/20","13","0","01029","0"
"Coffee","3","175","Alabama","5/19/20","155","20","01031","12.9"
"Colbert","4","98","Alabama","5/19/20","72","26","01033","36.11"
"Conecuh","1","21","Alabama","5/19/20","14","7","01035","50"
"Coosa","0","33","Alabama","5/19/20","33","0","01037","0"
"Covington","0","58","Alabama","5/19/20","56","2","01039","3.57"
"Crenshaw","1","53","Alabama","5/19/20","46","7","01041","15.22"
"Cullman","0","70","Alabama","5/19/20","67","3","01043","4.48"
"Dale","2","63","Alabama","5/19/20","52","11","01045","21.15"
"Dallas","5","159","Alabama","5/19/20","124","35","01047","28.23"
"DeKalb","4","195","Alabama","5/19/20","167","28","01049","16.77"
"Elmore","7","207","Alabama","5/19/20","156","51","01051","32.69"
"Escambia","0","39","Alabama","5/19/20","38","1","01053","2.63"
"Etowah","3","215","Alabama","5/19/20","196","19","01055","9.69"
"Fayette","0","9","Alabama","5/19/20","9","0","01057","0"
"Franklin","14","364","Alabama","5/19/20","264","100","01059","37.88"
"Geneva","1","23","Alabama","5/19/20","16","7","01061","43.75"
"Greene","2","87","Alabama","5/19/20","73","14","01063","19.18"
"Hale","3","96","Alabama","5/19/20","74","22","01065","29.73"
"Henry","2","44","Alabama","5/19/20","32","12","01067","37.5"
"Houston","4","141","Alabama","5/19/20","114","27","01069","23.68"
"Jackson","0","63","Alabama","5/19/20","60","3","01071","5"
"Jefferson","31","1367","Alabama","5/19/20","1153","214","01073","18.56"
"Lamar","0","15","Alabama","5/19/20","13","2","01075","15.38"
"Lauderdale","2","116","Alabama","5/19/20","99","17","01077","17.17"
"Lawrence","1","35","Alabama","5/19/20","26","9","01079","34.62"
"Lee","3","450","Alabama","5/19/20","432","18","01081","4.17"
"Limestone","1","65","Alabama","5/19/20","58","7","01083","12.07"
"Lowndes","4","140","Alabama","5/19/20","111","29","01085","26.13"
"Macon","0","54","Alabama","5/19/20","51","3","01087","5.88"
"Madison","3","278","Alabama","5/19/20","255","23","01089","9.02"
"Marengo","4","116","Alabama","5/19/20","89","27","01091","30.34"
"Marion","1","106","Alabama","5/19/20","97","9","01093","9.28"
"Marshall","8","638","Alabama","5/19/20","581","57","01095","9.81"
"Mobile","35","1751","Alabama","5/19/20","1507","244","01097","16.19"
"Monroe","1","20","Alabama","5/19/20","15","5","01099","33.33"
"Montgomery","32","907","Alabama","5/19/20","684","223","01101","32.6"
"Morgan","3","119","Alabama","5/19/20","98","21","01103","21.43"
"Perry","0","22","Alabama","5/19/20","19","3","01105","15.79"
"Pickens","2","84","Alabama","5/19/20","70","14","01107","20"
"Pike","1","110","Alabama","5/19/20","100","10","01109","10"
"Randolph","0","120","Alabama","5/19/20","117","3","01111","2.56"
"Russell","4","109","Alabama","5/19/20","83","26","01113","31.33"
"Shelby","4","404","Alabama","5/19/20","378","26","01117","6.88"
"St. Clair","1","91","Alabama","5/19/20","86","5","01115","5.81"
"Sumter","5","148","Alabama","5/19/20","110","38","01119","34.55"
"Talladega","1","81","Alabama","5/19/20","74","7","01121","9.46"
"Tallapoosa","6","371","Alabama","5/19/20","330","41","01123","12.42"
"Tuscaloosa","14","387","Alabama","5/19/20","291","96","01125","32.99"
"Walker","5","148","Alabama","5/19/20","110","38","01127","34.55"
"Washington","1","61","Alabama","5/19/20","55","6","01129","10.91"
"Wilcox","1","97","Alabama","5/19/20","87","10","01131","11.49"
"Winston","3","45","Alabama","5/19/20","25","20","01133","80"
"Anchorage","2","205","Alaska","5/19/20","194","11","02020","5.67"
"Bethel","0","2","Alaska","5/19/20","1","1","02050","100"
"Fairbanks North Star","0","85","Alaska","5/19/20","84","1","02090","1.19"
"Juneau","0","30","Alaska","5/19/20","27","3","02110","11.11"
"Kenai Peninsula","0","26","Alaska","5/19/20","24","2","02122","8.33"
"Ketchikan Gateway","0","16","Alaska","5/19/20","16","0","02130","0"
"Kodiak Island","0","1","Alaska","5/19/20","1","0","02150","0"
"Matanuska-Susitna","0","22","Alaska","5/19/20","21","1","02170","4.76"
"Nome","0","1","Alaska","5/19/20","1","0","02180","0"
"Petersburg","0","4","Alaska","5/19/20","4","0","02195","0"
"Prince of Wales-Hyder","0","2","Alaska","5/19/20","2","0","02198","0"
"Sitka","0","1","Alaska","5/19/20","1","0","02220","0"
"Southeast Fairbanks","0","3","Alaska","5/19/20","2","1","02240","50"
"Yukon-Koyukuk","0","1","Alaska","5/19/20","1","0","02290","0"
"Apache","40","1023","Arizona","5/19/20","744","279","04001","37.5"
"Cochise","0","46","Arizona","5/19/20","43","3","04003","6.98"
"Coconino","32","943","Arizona","5/19/20","720","223","04005","30.97"
"Gila","0","22","Arizona","5/19/20","19","3","04007","15.79"
"Graham","0","20","Arizona","5/19/20","20","0","04009","0"
"Greenlee","0","3","Arizona","5/19/20","2","1","04011","50"
"La Paz","2","38","Arizona","5/19/20","22","16","04012","72.73"
"Maricopa","180","7482","Arizona","5/19/20","6219","1263","04013","20.31"
"Mohave","8","262","Arizona","5/19/20","207","55","04015","26.57"
"Navajo","43","1320","Arizona","5/19/20","1017","303","04017","29.79"
"Pima","38","1888","Arizona","5/19/20","1623","265","04019","16.33"
"Pinal","12","720","Arizona","5/19/20","636","84","04021","13.21"
"Santa Cruz","7","97","Arizona","5/19/20","51","46","04023","90.2"
"Yavapai","9","269","Arizona","5/19/20","206","63","04025","30.58"
"Yuma","34","443","Arizona","5/19/20","207","236","04027","114.01"
"Arkansas","0","2","Arkansas","5/19/20","2","0","05001","0"
"Ashley","0","19","Arkansas","5/19/20","18","1","05003","5.56"
"Baxter","0","6","Arkansas","5/19/20","5","1","05005","20"
"Benton","4","155","Arkansas","5/19/20","127","28","05007","22.05"
"Boone","0","5","Arkansas","5/19/20","4","1","05009","25"
"Bradley","0","14","Arkansas","5/19/20","11","3","05011","27.27"
"Carroll","0","6","Arkansas","5/19/20","6","0","05015","0"
"Chicot","0","11","Arkansas","5/19/20","10","1","05017","10"
"Clark","0","35","Arkansas","5/19/20","34","1","05019","2.94"
"Clay","0","4","Arkansas","5/19/20","3","1","05021","33.33"
"Cleburne","0","72","Arkansas","5/19/20","72","0","05023","0"
"Cleveland","1","17","Arkansas","5/19/20","13","4","05025","30.77"
"Columbia","0","18","Arkansas","5/19/20","15","3","05027","20"
"Conway","0","14","Arkansas","5/19/20","13","1","05029","7.69"
"Craighead","6","147","Arkansas","5/19/20","103","44","05031","42.72"
"Crawford","1","12","Arkansas","5/19/20","8","4","05033","50"
"Crittenden","4","241","Arkansas","5/19/20","212","29","05035","13.68"
"Cross","1","39","Arkansas","5/19/20","31","8","05037","25.81"
"Dallas","0","1","Arkansas","5/19/20","1","0","05039","0"
"Desha","0","18","Arkansas","5/19/20","17","1","05041","5.88"
"Drew","0","19","Arkansas","5/19/20","19","0","05043","0"
"Faulkner","2","95","Arkansas","5/19/20","82","13","05045","15.85"
"Franklin","0","2","Arkansas","5/19/20","2","0","05047","0"
"Fulton","0","4","Arkansas","5/19/20","3","1","05049","33.33"
"Garland","1","130","Arkansas","5/19/20","120","10","05051","8.33"
"Grant","0","16","Arkansas","5/19/20","15","1","05053","6.67"
"Greene","0","25","Arkansas","5/19/20","24","1","05055","4.17"
"Hempstead","0","9","Arkansas","5/19/20","7","2","05057","28.57"
"Hot Spring","0","29","Arkansas","5/19/20","27","2","05059","7.41"
"Howard","0","14","Arkansas","5/19/20","14","0","05061","0"
"Independence","1","26","Arkansas","5/19/20","17","9","05063","52.94"
"Izard","0","14","Arkansas","5/19/20","13","1","05065","7.69"
"Jackson","0","1","Arkansas","5/19/20","1","0","05067","0"
"Jefferson","32","497","Arkansas","5/19/20","273","224","05069","82.05"
"Johnson","0","35","Arkansas","5/19/20","35","0","05071","0"
"Lafayette","0","9","Arkansas","5/19/20","9","0","05073","0"
"Lawrence","1","77","Arkansas","5/19/20","71","6","05075","8.45"
"Lee","0","12","Arkansas","5/19/20","9","3","05077","33.33"
"Lincoln","3","965","Arkansas","5/19/20","942","23","05079","2.44"
"Little River","0","1","Arkansas","5/19/20","0","1","05081","1"
"Logan","0","4","Arkansas","5/19/20","3","1","05083","33.33"
"Lonoke","0","46","Arkansas","5/19/20","44","2","05085","4.55"
"Madison","0","2","Arkansas","5/19/20","1","1","05087","100"
"Marion","0","1","Arkansas","5/19/20","1","0","05089","0"
"Miller","1","42","Arkansas","5/19/20","38","4","05091","10.53"
"Mississippi","2","65","Arkansas","5/19/20","53","12","05093","22.64"
"Monroe","0","5","Arkansas","5/19/20","5","0","05095","0"
"Montgomery","0","1","Arkansas","5/19/20","1","0","05097","0"
"Nevada","0","4","Arkansas","5/19/20","3","1","05099","33.33"
"Newton","0","3","Arkansas","5/19/20","3","0","05101","0"
"Ouachita","0","10","Arkansas","5/19/20","8","2","05103","25"
"Perry","1","12","Arkansas","5/19/20","8","4","05105","50"
"Phillips","0","5","Arkansas","5/19/20","4","1","05107","25"
"Pike","0","3","Arkansas","5/19/20","3","0","05109","0"
"Poinsett","0","28","Arkansas","5/19/20","25","3","05111","12"
"Polk","0","8","Arkansas","5/19/20","7","1","05113","14.29"
"Pope","4","76","Arkansas","5/19/20","48","28","05115","58.33"
"Prairie","0","2","Arkansas","5/19/20","2","0","05117","0"
"Pulaski","10","713","Arkansas","5/19/20","640","73","05119","11.41"
"Randolph","0","23","Arkansas","5/19/20","22","1","05121","4.55"
"Saline","1","82","Arkansas","5/19/20","75","7","05125","9.33"
"Scott","0","1","Arkansas","5/19/20","1","0","05127","0"
"Searcy","0","6","Arkansas","5/19/20","6","0","05129","0"
"Sebastian","0","17","Arkansas","5/19/20","15","2","05131","13.33"
"Sevier","4","46","Arkansas","5/19/20","21","25","05133","119.05"
"Sharp","2","38","Arkansas","5/19/20","25","13","05135","52"
"St. Francis","8","362","Arkansas","5/19/20","305","57","05123","18.69"
"Stone","0","8","Arkansas","5/19/20","8","0","05137","0"
"Union","5","117","Arkansas","5/19/20","80","37","05139","46.25"
"Van Buren","0","28","Arkansas","5/19/20","28","0","05141","0"
"Washington","6","151","Arkansas","5/19/20","111","40","05143","36.04"
"White","0","37","Arkansas","5/19/20","37","0","05145","0"
"Woodruff","0","1","Arkansas","5/19/20","1","0","05147","0"
"Yell","3","30","Arkansas","5/19/20","7","23","05149","328.57"
"Alameda","56","2522","California","5/19/20","2133","389","06001","18.24"
"Alpine","0","2","California","5/19/20","2","0","06003","0"
"Amador","0","10","California","5/19/20","8","2","06005","25"
"Butte","1","26","California","5/19/20","20","6","06007","30"
"Calaveras","0","13","California","5/19/20","13","0","06009","0"
"Colusa","0","3","California","5/19/20","3","0","06011","0"
"Contra Costa","18","1192","California","5/19/20","1066","126","06013","11.82"
"Del Norte","1","13","California","5/19/20","3","10","06015","333.33"
"El Dorado","1","67","California","5/19/20","60","7","06017","11.67"
"Fresno","43","1287","California","5/19/20","984","303","06019","30.79"
"Glenn","1","12","California","5/19/20","6","6","06021","100"
"Humboldt","3","86","California","5/19/20","64","22","06023","34.38"
"Imperial","43","902","California","5/19/20","603","299","06025","49.59"
"Inyo","0","19","California","5/19/20","19","0","06027","0"
"Kern","36","1571","California","5/19/20","1316","255","06029","19.38"
"Kings","14","416","California","5/19/20","319","97","06031","30.41"
"Lake","0","11","California","5/19/20","8","3","06033","37.5"
"Los Angeles","909","39573","California","5/19/20","33211","6362","06037","19.16"
"Madera","2","81","California","5/19/20","69","12","06039","17.39"
"Marin","9","336","California","5/19/20","271","65","06041","23.99"
"Mariposa","0","15","California","5/19/20","15","0","06043","0"
"Mendocino","0","14","California","5/19/20","12","2","06045","16.67"
"Merced","6","222","California","5/19/20","177","45","06047","25.42"
"Mono","0","34","California","5/19/20","32","2","06051","6.25"
"Monterey","7","349","California","5/19/20","299","50","06053","16.72"
"Napa","2","92","California","5/19/20","81","11","06055","13.58"
"Nevada","0","41","California","5/19/20","41","0","06057","0"
"Orange","128","4500","California","5/19/20","3602","898","06059","24.93"
"Placer","1","177","California","5/19/20","170","7","06061","4.12"
"Plumas","0","4","California","5/19/20","4","0","06063","0"
"Riverside","115","6053","California","5/19/20","5248","805","06065","15.34"
"Sacramento","10","1250","California","5/19/20","1181","69","06067","5.84"
"San Benito","1","63","California","5/19/20","58","5","06069","8.62"
"San Bernardino","90","3707","California","5/19/20","3078","629","06071","20.44"
"San Diego","124","6026","California","5/19/20","5161","865","06073","16.76"
"San Francisco","29","2179","California","5/19/20","1977","202","06075","10.22"
"San Joaquin","11","709","California","5/19/20","629","80","06077","12.72"
"San Luis Obispo","3","247","California","5/19/20","227","20","06079","8.81"
"San Mateo","27","1687","California","5/19/20","1497","190","06081","12.69"
"Santa Barbara","21","1517","California","5/19/20","1371","146","06083","10.65"
"Santa Clara","17","2483","California","5/19/20","2362","121","06085","5.12"
"Santa Cruz","3","165","California","5/19/20","146","19","06087","13.01"
"Shasta","0","34","California","5/19/20","32","2","06089","6.25"
"Siskiyou","0","6","California","5/19/20","5","1","06093","20"
"Solano","6","430","California","5/19/20","388","42","06095","10.82"
"Sonoma","11","391","California","5/19/20","312","79","06097","25.32"
"Stanislaus","11","593","California","5/19/20","517","76","06099","14.7"
"Sutter","1","40","California","5/19/20","34","6","06101","17.65"
"Tehama","0","2","California","5/19/20","1","1","06103","100"
"Trinity","0","1","California","5/19/20","2","-1","06105","-50"
"Tulare","43","1539","California","5/19/20","1241","298","06107","24.01"
"Tuolumne","0","2","California","5/19/20","2","0","06109","0"
"Ventura","18","825","California","5/19/20","698","127","06111","18.19"
"Yolo","1","185","California","5/19/20","177","8","06113","4.52"
"Yuba","1","28","California","5/19/20","23","5","06115","21.74"
"Adams","50","2675","Colorado","5/19/20","2322","353","08001","15.2"
"Alamosa","1","43","Colorado","5/19/20","33","10","08003","30.3"
"Arapahoe","65","3827","Colorado","5/19/20","3370","457","08005","13.56"
"Archuleta","0","8","Colorado","5/19/20","8","0","08007","0"
"Baca","0","12","Colorado","5/19/20","12","0","08009","0"
"Bent","0","1","Colorado","5/19/20","1","0","08011","0"
"Boulder","12","871","Colorado","5/19/20","788","83","08013","10.53"
"Broomfield","2","214","Colorado","5/19/20","201","13","08014","6.47"
"Chaffee","0","69","Colorado","5/19/20","68","1","08015","1.47"
"Cheyenne","0","5","Colorado","5/19/20","5","0","08017","0"
"Clear Creek","0","16","Colorado","5/19/20","15","1","08019","6.67"
"Conejos","0","1","Colorado","5/19/20","1","0","08021","0"
"Costilla","0","4","Colorado","5/19/20","3","1","08023","33.33"
"Crowley","0","39","Colorado","5/19/20","39","0","08025","0"
"Custer","0","2","Colorado","5/19/20","2","0","08027","0"
"Delta","0","55","Colorado","5/19/20","55","0","08029","0"
"Denver","86","4790","Colorado","5/19/20","4187","603","08031","14.4"
"Douglas","7","654","Colorado","5/19/20","607","47","08035","7.74"
"Eagle","1","571","Colorado","5/19/20","561","10","08037","1.78"
"El Paso","29","1357","Colorado","5/19/20","1157","200","08041","17.29"
"Elbert","1","47","Colorado","5/19/20","40","7","08039","17.5"
"Fremont","0","25","Colorado","5/19/20","23","2","08043","8.7"
"Garfield","1","115","Colorado","5/19/20","111","4","08045","3.6"
"Gilpin","0","4","Colorado","5/19/20","1","3","08047","300"
"Grand","0","5","Colorado","5/19/20","5","0","08049","0"
"Gunnison","1","179","Colorado","5/19/20","174","5","08051","2.87"
"Hinsdale","0","3","Colorado","5/19/20","3","0","08053","0"
"Huerfano","0","3","Colorado","5/19/20","3","0","08055","0"
"Jefferson","29","1882","Colorado","5/19/20","1678","204","08059","12.16"
"Kit Carson","0","26","Colorado","5/19/20","25","1","08063","4"
"La Plata","1","72","Colorado","5/19/20","66","6","08067","9.09"
"Lake","0","26","Colorado","5/19/20","23","3","08065","13.04"
"Larimer","8","508","Colorado","5/19/20","455","53","08069","11.65"
"Las Animas","0","4","Colorado","5/19/20","4","0","08071","0"
"Lincoln","0","3","Colorado","5/19/20","3","0","08073","0"
"Logan","2","488","Colorado","5/19/20","473","15","08075","3.17"
"Mesa","0","50","Colorado","5/19/20","51","-1","08077","-1.96"
"Mineral","0","2","Colorado","5/19/20","2","0","08079","0"
"Moffat","0","6","Colorado","5/19/20","6","0","08081","0"
"Montezuma","1","29","Colorado","5/19/20","25","4","08083","16"
"Montrose","1","136","Colorado","5/19/20","127","9","08085","7.09"
"Morgan","8","574","Colorado","5/19/20","521","53","08087","10.17"
"Otero","0","11","Colorado","5/19/20","10","1","08089","10"
"Ouray","0","7","Colorado","5/19/20","6","1","08091","16.67"
"Park","1","20","Colorado","5/19/20","16","4","08093","25"
"Phillips","0","10","Colorado","5/19/20","9","1","08095","11.11"
"Pitkin","0","57","Colorado","5/19/20","54","3","08097","5.56"
"Prowers","0","11","Colorado","5/19/20","9","2","08099","22.22"
"Pueblo","4","219","Colorado","5/19/20","188","31","08101","16.49"
"Rio Blanco","0","1","Colorado","5/19/20","1","0","08103","0"
"Rio Grande","0","9","Colorado","5/19/20","7","2","08105","28.57"
"Routt","0","59","Colorado","5/19/20","59","0","08107","0"
"Saguache","1","18","Colorado","5/19/20","8","10","08109","125"
"San Juan","0","1","Colorado","5/19/20","1","0","08111","0"
"San Miguel","0","22","Colorado","5/19/20","22","0","08113","0"
"Summit","3","192","Colorado","5/19/20","171","21","08117","12.28"
"Teller","0","31","Colorado","5/19/20","31","0","08119","0"
"Washington","0","11","Colorado","5/19/20","9","2","08121","22.22"
"Weld","19","2326","Colorado","5/19/20","2190","136","08123","6.21"
"Yuma","0","11","Colorado","5/19/20","11","0","08125","0"
"Fairfield","148","14522","Connecticut","5/19/20","13488","1034","09001","7.67"
"Hartford","217","9050","Connecticut","5/19/20","7528","1522","09003","20.22"
"Litchfield","17","1290","Connecticut","5/19/20","1171","119","09005","10.16"
"Middlesex","18","947","Connecticut","5/19/20","823","124","09007","15.07"
"New Haven","142","10427","Connecticut","5/19/20","9430","997","09009","10.57"
"New London","12","880","Connecticut","5/19/20","793","87","09011","10.97"
"Tolland","31","770","Connecticut","5/19/20","556","214","09013","38.49"
"Windham","6","326","Connecticut","5/19/20","281","45","09015","16.01"
"Kent","25","1238","Delaware","5/19/20","1060","178","10001","16.79"
"New Castle","58","2845","Delaware","5/19/20","2440","405","10003","16.6"
"Sussex","100","3904","Delaware","5/19/20","3205","699","10005","21.81"
"","0","49","Diamond Princess","5/19/20","49","0",,"0"
"District of Columbia","136","7434","District of Columbia","5/19/20","6485","949","11001","14.63"
"Alachua","2","339","Florida","5/19/20","324","15","12001","4.63"
"Baker","0","26","Florida","5/19/20","25","1","12003","4"
"Bay","1","86","Florida","5/19/20","77","9","12005","11.69"
"Bradford","0","49","Florida","5/19/20","48","1","12007","2.08"
"Brevard","4","371","Florida","5/19/20","346","25","12009","7.23"
"Broward","57","6369","Florida","5/19/20","5973","396","12011","6.63"
"Calhoun","2","40","Florida","5/19/20","27","13","12013","48.15"
"Charlotte","6","392","Florida","5/19/20","347","45","12015","12.97"
"Citrus","1","114","Florida","5/19/20","107","7","12017","6.54"
"Clay","3","321","Florida","5/19/20","303","18","12019","5.94"
"Collier","27","1030","Florida","5/19/20","843","187","12021","22.18"
"Columbia","1","113","Florida","5/19/20","105","8","12023","7.62"
"DeSoto","2","69","Florida","5/19/20","52","17","12027","32.69"
"Dixie","2","26","Florida","5/19/20","14","12","12029","85.71"
"Duval","19","1318","Florida","5/19/20","1186","132","12031","11.13"
"Escambia","9","719","Florida","5/19/20","659","60","12033","9.1"
"Flagler","3","167","Florida","5/19/20","147","20","12035","13.61"
"Franklin","0","2","Florida","5/19/20","2","0","12037","0"
"Gadsden","15","242","Florida","5/19/20","137","105","12039","76.64"
"Gilchrist","0","8","Florida","5/19/20","6","2","12041","33.33"
"Glades","1","13","Florida","5/19/20","8","5","12043","62.5"
"Gulf","0","1","Florida","5/19/20","1","0","12045","0"
"Hamilton","18","147","Florida","5/19/20","19","128","12047","673.68"
"Hardee","1","44","Florida","5/19/20","36","8","12049","22.22"
"Hendry","9","224","Florida","5/19/20","159","65","12051","40.88"
"Hernando","1","109","Florida","5/19/20","101","8","12053","7.92"
"Highlands","1","107","Florida","5/19/20","99","8","12055","8.08"
"Hillsborough","28","1670","Florida","5/19/20","1473","197","12057","13.37"
"Holmes","0","10","Florida","5/19/20","10","0","12059","0"
"Indian River","1","108","Florida","5/19/20","102","6","12061","5.88"
"Jackson","2","148","Florida","5/19/20","131","17","12063","12.98"
"Jefferson","0","28","Florida","5/19/20","28","0","12065","0"
"Lafayette","0","6","Florida","5/19/20","5","1","12067","20"
"Lake","2","257","Florida","5/19/20","246","11","12069","4.47"
"Lee","29","1520","Florida","5/19/20","1317","203","12071","15.41"
"Leon","5","304","Florida","5/19/20","266","38","12073","14.29"
"Levy","0","25","Florida","5/19/20","22","3","12075","13.64"
"Liberty","0","199","Florida","5/19/20","198","1","12077","0.51"
"Madison","0","64","Florida","5/19/20","61","3","12079","4.92"
"Manatee","13","888","Florida","5/19/20","795","93","12081","11.7"
"Marion","2","224","Florida","5/19/20","213","11","12083","5.16"
"Martin","17","396","Florida","5/19/20","274","122","12085","44.53"
"Miami-Dade","222","15942","Florida","5/19/20","14385","1557","12086","10.82"
"Monroe","1","99","Florida","5/19/20","95","4","12087","4.21"
"Nassau","1","66","Florida","5/19/20","61","5","12089","8.2"
"Okaloosa","2","180","Florida","5/19/20","169","11","12091","6.51"
"Okeechobee","2","45","Florida","5/19/20","28","17","12093","60.71"
"Orange","23","1699","Florida","5/19/20","1537","162","12095","10.54"
"Osceola","7","629","Florida","5/19/20","580","49","12097","8.45"
"Palm Beach","87","4699","Florida","5/19/20","4093","606","12099","14.81"
"Pasco","4","327","Florida","5/19/20","302","25","12101","8.28"
"Pinellas","22","1062","Florida","5/19/20","909","153","12103","16.83"
"Polk","13","766","Florida","5/19/20","675","91","12105","13.48"
"Putnam","1","134","Florida","5/19/20","127","7","12107","5.51"
"Santa Rosa","1","186","Florida","5/19/20","179","7","12113","3.91"
"Sarasota","14","533","Florida","5/19/20","435","98","12115","22.53"
"Seminole","3","442","Florida","5/19/20","418","24","12117","5.74"
"St. Johns","1","233","Florida","5/19/20","223","10","12109","4.48"
"St. Lucie","7","337","Florida","5/19/20","290","47","12111","16.21"
"Sumter","1","253","Florida","5/19/20","244","9","12119","3.69"
"Suwannee","2","160","Florida","5/19/20","148","12","12121","8.11"
"Taylor","0","5","Florida","5/19/20","3","2","12123","66.67"
"Union","3","26","Florida","5/19/20","7","19","12125","271.43"
"Volusia","8","612","Florida","5/19/20","557","55","12127","9.87"
"Wakulla","0","32","Florida","5/19/20","31","1","12129","3.23"
"Walton","4","91","Florida","5/19/20","66","25","12131","37.88"
"Washington","0","14","Florida","5/19/20","12","2","12133","16.67"
"Appling","2","113","Georgia","5/19/20","96","17","13001","17.71"
"Atkinson","0","22","Georgia","5/19/20","20","2","13003","10"
"Bacon","3","71","Georgia","5/19/20","51","20","13005","39.22"
"Baker","0","32","Georgia","5/19/20","34","-2","13007","-5.88"
"Baldwin","2","292","Georgia","5/19/20","276","16","13009","5.8"
"Banks","1","46","Georgia","5/19/20","38","8","13011","21.05"
"Barrow","5","267","Georgia","5/19/20","232","35","13013","15.09"
"Bartow","6","410","Georgia","5/19/20","368","42","13015","11.41"
"Ben Hill","1","48","Georgia","5/19/20","43","5","13017","11.63"
"Berrien","1","23","Georgia","5/19/20","19","4","13019","21.05"
"Bibb","5","411","Georgia","5/19/20","376","35","13021","9.31"
"Bleckley","1","34","Georgia","5/19/20","29","5","13023","17.24"
"Brantley","2","44","Georgia","5/19/20","27","17","13025","62.96"
"Brooks","0","66","Georgia","5/19/20","64","2","13027","3.12"
"Bryan","1","66","Georgia","5/19/20","61","5","13029","8.2"
"Bulloch","0","45","Georgia","5/19/20","45","0","13031","0"
"Burke","1","118","Georgia","5/19/20","110","8","13033","7.27"
"Butts","1","199","Georgia","5/19/20","191","8","13035","4.19"
"Calhoun","1","122","Georgia","5/19/20","117","5","13037","4.27"
"Camden","2","51","Georgia","5/19/20","37","14","13039","37.84"
"Candler","0","10","Georgia","5/19/20","10","0","13043","0"
"Carroll","3","418","Georgia","5/19/20","398","20","13045","5.03"
"Catoosa","2","73","Georgia","5/19/20","61","12","13047","19.67"
"Charlton","2","29","Georgia","5/19/20","17","12","13049","70.59"
"Chatham","7","379","Georgia","5/19/20","327","52","13051","15.9"
"Chattahoochee","1","20","Georgia","5/19/20","15","5","13053","33.33"
"Chattooga","0","17","Georgia","5/19/20","16","1","13055","6.25"
"Cherokee","16","745","Georgia","5/19/20","635","110","13057","17.32"
"Clarke","2","200","Georgia","5/19/20","189","11","13059","5.82"
"Clay","0","30","Georgia","5/19/20","27","3","13061","11.11"
"Clayton","8","1010","Georgia","5/19/20","951","59","13063","6.2"
"Clinch","1","45","Georgia","5/19/20","36","9","13065","25"
"Cobb","36","2503","Georgia","5/19/20","2253","250","13067","11.1"
"Coffee","4","209","Georgia","5/19/20","184","25","13069","13.59"
"Colquitt","5","258","Georgia","5/19/20","221","37","13071","16.74"
"Columbia","4","212","Georgia","5/19/20","186","26","13073","13.98"
"Cook","0","31","Georgia","5/19/20","33","-2","13075","-6.06"
"Coweta","1","287","Georgia","5/19/20","280","7","13077","2.5"
"Crawford","1","24","Georgia","5/19/20","20","4","13079","20"
"Crisp","1","200","Georgia","5/19/20","190","10","13081","5.26"
"Dade","0","20","Georgia","5/19/20","17","3","13083","17.65"
"Dawson","1","86","Georgia","5/19/20","81","5","13085","6.17"
"Decatur","3","131","Georgia","5/19/20","113","18","13087","15.93"
"DeKalb","45","2918","Georgia","5/19/20","2605","313","13089","12.02"
"Dodge","1","44","Georgia","5/19/20","35","9","13091","25.71"
"Dooly","2","162","Georgia","5/19/20","148","14","13093","9.46"
"Dougherty","4","1668","Georgia","5/19/20","1643","25","13095","1.52"
"Douglas","4","445","Georgia","5/19/20","417","28","13097","6.71"
"Early","1","234","Georgia","5/19/20","229","5","13099","2.18"
"Echols","2","21","Georgia","5/19/20","8","13","13101","162.5"
"Effingham","1","47","Georgia","5/19/20","39","8","13103","20.51"
"Elbert","4","69","Georgia","5/19/20","43","26","13105","60.47"
"Emanuel","0","26","Georgia","5/19/20","24","2","13107","8.33"
"Evans","0","5","Georgia","5/19/20","5","0","13109","0"
"Fannin","0","38","Georgia","5/19/20","35","3","13111","8.57"
"Fayette","1","212","Georgia","5/19/20","202","10","13113","4.95"
"Floyd","5","195","Georgia","5/19/20","160","35","13115","21.88"
"Forsyth","2","412","Georgia","5/19/20","400","12","13117","3"
"Franklin","1","33","Georgia","5/19/20","28","5","13119","17.86"
"Fulton","29","3795","Georgia","5/19/20","3595","200","13121","5.56"
"Gilmer","2","116","Georgia","5/19/20","100","16","13123","16"
"Glascock","0","1","Georgia","5/19/20","1","0","13125","0"
"Glynn","1","79","Georgia","5/19/20","74","5","13127","6.76"
"Gordon","1","132","Georgia","5/19/20","125","7","13129","5.6"
"Grady","1","92","Georgia","5/19/20","88","4","13131","4.55"
"Greene","0","60","Georgia","5/19/20","58","2","13133","3.45"
"Gwinnett","39","2771","Georgia","5/19/20","2496","275","13135","11.02"
"Habersham","9","457","Georgia","5/19/20","392","65","13137","16.58"
"Hall","19","2191","Georgia","5/19/20","2060","131","13139","6.36"
"Hancock","5","170","Georgia","5/19/20","138","32","13141","23.19"
"Haralson","0","35","Georgia","5/19/20","33","2","13143","6.06"
"Harris","1","74","Georgia","5/19/20","68","6","13145","8.82"
"Hart","1","24","Georgia","5/19/20","18","6","13147","33.33"
"Heard","0","20","Georgia","5/19/20","17","3","13149","17.65"
"Henry","0","611","Georgia","5/19/20","614","-3","13151","-0.49"
"Houston","5","323","Georgia","5/19/20","291","32","13153","11"
"Irwin","0","22","Georgia","5/19/20","22","0","13155","0"
"Jackson","1","134","Georgia","5/19/20","125","9","13157","7.2"
"Jasper","0","26","Georgia","5/19/20","26","0","13159","0"
"Jeff Davis","0","26","Georgia","5/19/20","24","2","13161","8.33"
"Jefferson","1","25","Georgia","5/19/20","18","7","13163","38.89"
"Jenkins","0","16","Georgia","5/19/20","18","-2","13165","-11.11"
"Johnson","2","82","Georgia","5/19/20","69","13","13167","18.84"
"Jones","0","31","Georgia","5/19/20","30","1","13169","3.33"
"Lamar","1","44","Georgia","5/19/20","40","4","13171","10"
"Lanier","0","11","Georgia","5/19/20","11","0","13173","0"
"Laurens","2","98","Georgia","5/19/20","82","16","13175","19.51"
"Lee","0","343","Georgia","5/19/20","343","0","13177","0"
"Liberty","0","47","Georgia","5/19/20","44","3","13179","6.82"
"Lincoln","0","13","Georgia","5/19/20","12","1","13181","8.33"
"Long","0","6","Georgia","5/19/20","5","1","13183","20"
"Lowndes","2","209","Georgia","5/19/20","194","15","13185","7.73"
"Lumpkin","1","83","Georgia","5/19/20","77","6","13187","7.79"
"Macon","1","93","Georgia","5/19/20","85","8","13193","9.41"
"Madison","0","30","Georgia","5/19/20","29","1","13195","3.45"
"Marion","1","47","Georgia","5/19/20","40","7","13197","17.5"
"McDuffie","0","55","Georgia","5/19/20","52","3","13189","5.77"
"McIntosh","0","11","Georgia","5/19/20","8","3","13191","37.5"
"Meriwether","1","70","Georgia","5/19/20","66","4","13199","6.06"
"Miller","0","36","Georgia","5/19/20","34","2","13201","5.88"
"Mitchell","5","394","Georgia","5/19/20","357","37","13205","10.36"
"Monroe","8","102","Georgia","5/19/20","44","58","13207","131.82"
"Montgomery","0","8","Georgia","5/19/20","5","3","13209","60"
"Morgan","0","34","Georgia","5/19/20","33","1","13211","3.03"
"Murray","2","64","Georgia","5/19/20","50","14","13213","28"
"Muscogee","9","451","Georgia","5/19/20","391","60","13215","15.35"
"Newton","1","266","Georgia","5/19/20","261","5","13217","1.92"
"Oconee","2","81","Georgia","5/19/20","66","15","13219","22.73"
"Oglethorpe","0","56","Georgia","5/19/20","56","0","13221","0"
"Out of GA","8","1641","Georgia","5/19/20","1582","59","80013","3.73"
"Paulding","2","247","Georgia","5/19/20","230","17","13223","7.39"
"Peach","0","69","Georgia","5/19/20","68","1","13225","1.47"
"Pickens","1","39","Georgia","5/19/20","35","4","13227","11.43"
"Pierce","2","81","Georgia","5/19/20","68","13","13229","19.12"
"Pike","0","44","Georgia","5/19/20","47","-3","13231","-6.38"
"Polk","2","80","Georgia","5/19/20","69","11","13233","15.94"
"Pulaski","0","36","Georgia","5/19/20","34","2","13235","5.88"
"Putnam","3","80","Georgia","5/19/20","59","21","13237","35.59"
"Quitman","0","8","Georgia","5/19/20","7","1","13239","14.29"
"Rabun","0","15","Georgia","5/19/20","14","1","13241","7.14"
"Randolph","0","169","Georgia","5/19/20","169","0","13243","0"
"Richmond","4","495","Georgia","5/19/20","469","26","13245","5.54"
"Rockdale","1","252","Georgia","5/19/20","245","7","13247","2.86"
"Schley","0","17","Georgia","5/19/20","15","2","13249","13.33"
"Screven","0","20","Georgia","5/19/20","17","3","13251","17.65"
"Seminole","1","41","Georgia","5/19/20","36","5","13253","13.89"
"Spalding","1","246","Georgia","5/19/20","237","9","13255","3.8"
"Stephens","3","114","Georgia","5/19/20","93","21","13257","22.58"
"Stewart","1","40","Georgia","5/19/20","35","5","13259","14.29"
"Sumter","2","421","Georgia","5/19/20","406","15","13261","3.69"
"Talbot","0","30","Georgia","5/19/20","27","3","13263","11.11"
"Taliaferro","0","1","Georgia","5/19/20","1","0","13265","0"
"Tattnall","0","13","Georgia","5/19/20","10","3","13267","30"
"Taylor","0","22","Georgia","5/19/20","22","0","13269","0"
"Telfair","0","31","Georgia","5/19/20","28","3","13271","10.71"
"Terrell","0","199","Georgia","5/19/20","198","1","13273","0.51"
"Thomas","4","289","Georgia","5/19/20","264","25","13275","9.47"
"Tift","4","188","Georgia","5/19/20","161","27","13277","16.77"
"Toombs","1","46","Georgia","5/19/20","41","5","13279","12.2"
"Towns","0","21","Georgia","5/19/20","20","1","13281","5"
"Treutlen","0","8","Georgia","5/19/20","5","3","13283","60"
"Troup","2","213","Georgia","5/19/20","196","17","13285","8.67"
"Turner","1","85","Georgia","5/19/20","78","7","13287","8.97"
"Twiggs","0","10","Georgia","5/19/20","8","2","13289","25"
"Union","0","37","Georgia","5/19/20","36","1","13291","2.78"
"Upson","2","267","Georgia","5/19/20","254","13","13293","5.12"
"Walker","1","76","Georgia","5/19/20","68","8","13295","11.76"
"Walton","2","166","Georgia","5/19/20","152","14","13297","9.21"
"Ware","1","177","Georgia","5/19/20","167","10","13299","5.99"
"Warren","0","16","Georgia","5/19/20","16","0","13301","0"
"Washington","1","68","Georgia","5/19/20","63","5","13303","7.94"
"Wayne","0","14","Georgia","5/19/20","13","1","13305","7.69"
"Webster","0","11","Georgia","5/19/20","11","0","13307","0"
"Wheeler","0","7","Georgia","5/19/20","6","1","13309","16.67"
"White","0","90","Georgia","5/19/20","88","2","13311","2.27"
"Whitfield","3","194","Georgia","5/19/20","171","23","13313","13.45"
"Wilcox","0","97","Georgia","5/19/20","95","2","13315","2.11"
"Wilkes","0","30","Georgia","5/19/20","27","3","13317","11.11"
"Wilkinson","1","46","Georgia","5/19/20","40","6","13319","15"
"Worth","2","201","Georgia","5/19/20","188","13","13321","6.91"
"","0","103","Grand Princess","5/19/20","103","0",,"0"
"","0","154","Guam","5/19/20","152","2",,"1.32"
"Hawaii","0","78","Hawaii","5/19/20","75","3","15001","4"
"Honolulu","1","415","Hawaii","5/19/20","411","4","15003","0.97"
"Kauai","0","21","Hawaii","5/19/20","21","0","15007","0"
"Maui","0","117","Hawaii","5/19/20","117","0","15009","0"
"Out of HI","0","10","Hawaii","5/19/20","11","-1","80015","-9.09"
"Ada","5","780","Idaho","5/19/20","744","36","16001","4.84"
"Adams","0","3","Idaho","5/19/20","3","0","16003","0"
"Bannock","0","16","Idaho","5/19/20","13","3","16005","23.08"
"Bingham","0","6","Idaho","5/19/20","4","2","16011","50"
"Blaine","0","508","Idaho","5/19/20","506","2","16013","0.4"
"Bonner","0","4","Idaho","5/19/20","4","0","16017","0"
"Bonneville","0","33","Idaho","5/19/20","30","3","16019","10"
"Camas","0","1","Idaho","5/19/20","1","0","16025","0"
"Canyon","0","277","Idaho","5/19/20","274","3","16027","1.09"
"Caribou","0","1","Idaho","5/19/20","1","0","16029","0"
"Cassia","1","19","Idaho","5/19/20","15","4","16031","26.67"
"Custer","0","2","Idaho","5/19/20","2","0","16037","0"
"Elmore","0","31","Idaho","5/19/20","31","0","16039","0"
"Fremont","0","3","Idaho","5/19/20","3","0","16043","0"
"Gem","0","16","Idaho","5/19/20","16","0","16045","0"
"Gooding","1","26","Idaho","5/19/20","20","6","16047","30"
"Idaho","0","3","Idaho","5/19/20","3","0","16049","0"
"Jefferson","0","7","Idaho","5/19/20","5","2","16051","40"
"Jerome","3","102","Idaho","5/19/20","81","21","16053","25.93"
"Kootenai","0","66","Idaho","5/19/20","64","2","16055","3.12"
"Latah","0","6","Idaho","5/19/20","5","1","16057","20"
"Lemhi","0","1","Idaho","5/19/20","1","0","16059","0"
"Lincoln","0","29","Idaho","5/19/20","29","0","16063","0"
"Madison","0","19","Idaho","5/19/20","18","1","16065","5.56"
"Minidoka","0","15","Idaho","5/19/20","12","3","16067","25"
"Nez Perce","0","79","Idaho","5/19/20","79","0","16069","0"
"Owyhee","0","8","Idaho","5/19/20","8","0","16073","0"
"Payette","1","22","Idaho","5/19/20","17","5","16075","29.41"
"Power","0","3","Idaho","5/19/20","3","0","16077","0"
"Teton","0","11","Idaho","5/19/20","11","0","16081","0"
"Twin Falls","7","326","Idaho","5/19/20","280","46","16083","16.43"
"Valley","0","2","Idaho","5/19/20","2","0","16085","0"
"Washington","3","30","Idaho","5/19/20","8","22","16087","275"
"Adams","0","42","Illinois","5/19/20","41","1","17001","2.44"
"Alexander","0","8","Illinois","5/19/20","8","0","17003","0"
"Bond","0","12","Illinois","5/19/20","9","3","17005","33.33"
"Boone","10","314","Illinois","5/19/20","244","70","17007","28.69"
"Brown","0","10","Illinois","5/19/20","9","1","17009","11.11"
"Bureau","0","15","Illinois","5/19/20","15","0","17011","0"
"Calhoun","0","1","Illinois","5/19/20","1","0","17013","0"
"Carroll","0","14","Illinois","5/19/20","12","2","17015","16.67"
"Cass","0","66","Illinois","5/19/20","64","2","17017","3.12"
"Champaign","19","435","Illinois","5/19/20","303","132","17019","43.56"
"Christian","0","32","Illinois","5/19/20","30","2","17021","6.67"
"Clark","0","9","Illinois","5/19/20","8","1","17023","12.5"
"Clay","0","3","Illinois","5/19/20","2","1","17025","50"
"Clinton","5","165","Illinois","5/19/20","128","37","17027","28.91"
"Coles","4","85","Illinois","5/19/20","58","27","17029","46.55"
"Cook","1317","64691","Illinois","5/19/20","55470","9221","17031","16.62"
"Crawford","0","11","Illinois","5/19/20","11","0","17033","0"
"Cumberland","0","9","Illinois","5/19/20","6","3","17035","50"
"De Witt","0","4","Illinois","5/19/20","3","1","17039","33.33"
"DeKalb","9","268","Illinois","5/19/20","203","65","17037","32.02"
"Douglas","1","26","Illinois","5/19/20","20","6","17041","30"
"DuPage","150","6171","Illinois","5/19/20","5121","1050","17043","20.5"
"Edwards","0","2","Illinois","5/19/20","0","2","17047","1"
"Effingham","0","6","Illinois","5/19/20","6","0","17049","0"
"Fayette","0","19","Illinois","5/19/20","17","2","17051","11.76"
"Ford","1","18","Illinois","5/19/20","14","4","17053","28.57"
"Franklin","0","11","Illinois","5/19/20","10","1","17055","10"
"Fulton","1","10","Illinois","5/19/20","3","7","17057","233.33"
"Gallatin","0","2","Illinois","5/19/20","2","0","17059","0"
"Greene","0","4","Illinois","5/19/20","4","0","17061","0"
"Grundy","3","80","Illinois","5/19/20","61","19","17063","31.15"
"Hamilton","0","2","Illinois","5/19/20","2","0","17065","0"
"Hancock","0","12","Illinois","5/19/20","12","0","17067","0"
"Hardin","0","1","Illinois","5/19/20","1","0","17069","0"
"Henderson","0","8","Illinois","5/19/20","7","1","17071","14.29"
"Henry","1","65","Illinois","5/19/20","60","5","17073","8.33"
"Iroquois","3","119","Illinois","5/19/20","99","20","17075","20.2"
"Jackson","3","186","Illinois","5/19/20","167","19","17077","11.38"
"Jasper","0","45","Illinois","5/19/20","46","-1","17079","-2.17"
"Jefferson","1","100","Illinois","5/19/20","95","5","17081","5.26"
"Jersey","0","19","Illinois","5/19/20","17","2","17083","11.76"
"Jo Daviess","0","21","Illinois","5/19/20","18","3","17085","16.67"
"Johnson","0","7","Illinois","5/19/20","4","3","17087","75"
"Kane","156","4682","Illinois","5/19/20","3592","1090","17089","30.35"
"Kankakee","16","693","Illinois","5/19/20","583","110","17091","18.87"
"Kendall","16","592","Illinois","5/19/20","477","115","17093","24.11"
"Knox","2","89","Illinois","5/19/20","77","12","17095","15.58"
"Lake","150","6709","Illinois","5/19/20","5662","1047","17097","18.49"
"LaSalle","2","121","Illinois","5/19/20","106","15","17099","14.15"
"Lawrence","0","4","Illinois","5/19/20","3","1","17101","33.33"
"Lee","1","75","Illinois","5/19/20","69","6","17103","8.7"
"Livingston","0","27","Illinois","5/19/20","25","2","17105","8"
"Logan","0","10","Illinois","5/19/20","9","1","17107","11.11"
"Macon","3","170","Illinois","5/19/20","149","21","17115","14.09"
"Macoupin","0","42","Illinois","5/19/20","39","3","17117","7.69"
"Madison","8","499","Illinois","5/19/20","445","54","17119","12.13"
"Marion","0","49","Illinois","5/19/20","47","2","17121","4.26"
"Marshall","0","5","Illinois","5/19/20","4","1","17123","25"
"Mason","0","16","Illinois","5/19/20","15","1","17125","6.67"
"Massac","0","6","Illinois","5/19/20","6","0","17127","0"
"McDonough","3","72","Illinois","5/19/20","52","20","17109","38.46"
"McHenry","28","1224","Illinois","5/19/20","1026","198","17111","19.3"
"McLean","9","189","Illinois","5/19/20","126","63","17113","50"
"Menard","0","17","Illinois","5/19/20","17","0","17129","0"
"Mercer","0","14","Illinois","5/19/20","12","2","17131","16.67"
"Monroe","1","90","Illinois","5/19/20","81","9","17133","11.11"
"Montgomery","1","39","Illinois","5/19/20","34","5","17135","14.71"
"Morgan","0","35","Illinois","5/19/20","32","3","17137","9.38"
"Moultrie","0","8","Illinois","5/19/20","6","2","17139","33.33"
"Ogle","2","173","Illinois","5/19/20","160","13","17141","8.12"
"Out of IL","0","87","Illinois","5/19/20","86","1","80017","1.16"
"Peoria","3","162","Illinois","5/19/20","143","19","17143","13.29"
"Perry","0","40","Illinois","5/19/20","38","2","17145","5.26"
"Piatt","0","9","Illinois","5/19/20","8","1","17147","12.5"
"Pike","0","1","Illinois","5/19/20","1","0","17149","0"
"Pope","0","1","Illinois","5/19/20","1","0","17151","0"
"Pulaski","2","40","Illinois","5/19/20","27","13","17153","48.15"
"Putnam","0","1","Illinois","5/19/20","0","1","17155","1"
"Randolph","2","238","Illinois","5/19/20","222","16","17157","7.21"
"Richland","0","3","Illinois","5/19/20","3","0","17159","0"
"Rock Island","9","594","Illinois","5/19/20","530","64","17161","12.08"
"Saline","0","6","Illinois","5/19/20","5","1","17165","20"
"Sangamon","5","311","Illinois","5/19/20","276","35","17167","12.68"
"Schuyler","0","7","Illinois","5/19/20","7","0","17169","0"
"Shelby","1","15","Illinois","5/19/20","10","5","17173","50"
"St. Clair","15","832","Illinois","5/19/20","727","105","17163","14.44"
"Stark","0","2","Illinois","5/19/20","1","1","17175","100"
"Stephenson","7","160","Illinois","5/19/20","110","50","17177","45.45"
"Tazewell","1","64","Illinois","5/19/20","58","6","17179","10.34"
"Union","8","122","Illinois","5/19/20","63","59","17181","93.65"
"Vermilion","1","30","Illinois","5/19/20","26","4","17183","15.38"
"Wabash","0","1","Illinois","5/19/20","1","0","17185","0"
"Warren","1","110","Illinois","5/19/20","106","4","17187","3.77"
"Washington","0","18","Illinois","5/19/20","17","1","17189","5.88"
"Wayne","1","9","Illinois","5/19/20","3","6","17191","200"
"White","0","2","Illinois","5/19/20","2","0","17193","0"
"Whiteside","2","125","Illinois","5/19/20","110","15","17195","13.64"
"Will","95","4560","Illinois","5/19/20","3896","664","17197","17.04"
"Williamson","1","52","Illinois","5/19/20","44","8","17199","18.18"
"Winnebago","58","1564","Illinois","5/19/20","1159","405","17201","34.94"
"Woodford","0","16","Illinois","5/19/20","15","1","17203","6.67"
"Adams","0","10","Indiana","5/19/20","8","2","18001","25"
"Allen","27","1053","Indiana","5/19/20","867","186","18003","21.45"
"Bartholomew","10","438","Indiana","5/19/20","367","71","18005","19.35"
"Benton","1","23","Indiana","5/19/20","16","7","18007","43.75"
"Blackford","0","17","Indiana","5/19/20","14","3","18009","21.43"
"Boone","4","261","Indiana","5/19/20","235","26","18011","11.06"
"Brown","0","31","Indiana","5/19/20","28","3","18013","10.71"
"Carroll","1","79","Indiana","5/19/20","71","8","18015","11.27"
"Cass","3","1560","Indiana","5/19/20","1542","18","18017","1.17"
"Clark","6","430","Indiana","5/19/20","389","41","18019","10.54"
"Clay","1","32","Indiana","5/19/20","24","8","18021","33.33"
"Clinton","7","149","Indiana","5/19/20","100","49","18023","49"
"Crawford","0","22","Indiana","5/19/20","20","2","18025","10"
"Daviess","2","71","Indiana","5/19/20","55","16","18027","29.09"
"Dearborn","1","158","Indiana","5/19/20","154","4","18029","2.6"
"Decatur","1","220","Indiana","5/19/20","215","5","18031","2.33"
"DeKalb","0","26","Indiana","5/19/20","24","2","18033","8.33"
"Delaware","10","297","Indiana","5/19/20","228","69","18035","30.26"
"Dubois","15","162","Indiana","5/19/20","59","103","18037","174.58"
"Elkhart","30","733","Indiana","5/19/20","525","208","18039","39.62"
"Fayette","0","42","Indiana","5/19/20","39","3","18041","7.69"
"Floyd","9","304","Indiana","5/19/20","238","66","18043","27.73"
"Fountain","0","18","Indiana","5/19/20","16","2","18045","12.5"
"Franklin","0","106","Indiana","5/19/20","106","0","18047","0"
"Fulton","1","45","Indiana","5/19/20","37","8","18049","21.62"
"Gibson","0","10","Indiana","5/19/20","8","2","18051","25"
"Grant","2","167","Indiana","5/19/20","153","14","18053","9.15"
"Greene","1","161","Indiana","5/19/20","151","10","18055","6.62"
"Hamilton","12","1042","Indiana","5/19/20","956","86","18057","9"
"Hancock","4","301","Indiana","5/19/20","270","31","18059","11.48"
"Harrison","2","174","Indiana","5/19/20","162","12","18061","7.41"
"Hendricks","9","1050","Indiana","5/19/20","984","66","18063","6.71"
"Henry","6","137","Indiana","5/19/20","92","45","18065","48.91"
"Howard","6","303","Indiana","5/19/20","260","43","18067","16.54"
"Huntington","0","20","Indiana","5/19/20","17","3","18069","17.65"
"Jackson","7","336","Indiana","5/19/20","285","51","18071","17.89"
"Jasper","0","42","Indiana","5/19/20","39","3","18073","7.69"
"Jay","1","32","Indiana","5/19/20","22","10","18075","45.45"
"Jefferson","1","40","Indiana","5/19/20","35","5","18077","14.29"
"Jennings","3","117","Indiana","5/19/20","98","19","18079","19.39"
"Johnson","25","1016","Indiana","5/19/20","840","176","18081","20.95"
"Knox","0","22","Indiana","5/19/20","21","1","18083","4.76"
"Kosciusko","2","60","Indiana","5/19/20","47","13","18085","27.66"
"LaGrange","2","52","Indiana","5/19/20","41","11","18087","26.83"
"Lake","59","2946","Indiana","5/19/20","2534","412","18089","16.26"
"LaPorte","4","360","Indiana","5/19/20","335","25","18091","7.46"
"Lawrence","3","141","Indiana","5/19/20","122","19","18093","15.57"
"Madison","6","553","Indiana","5/19/20","512","41","18095","8.01"
"Marion","130","8541","Indiana","5/19/20","7632","909","18097","11.91"
"Marshall","1","44","Indiana","5/19/20","36","8","18099","22.22"
"Martin","0","8","Indiana","5/19/20","7","1","18101","14.29"
"Miami","0","130","Indiana","5/19/20","130","0","18103","0"
"Monroe","1","152","Indiana","5/19/20","145","7","18105","4.83"
"Montgomery","6","187","Indiana","5/19/20","144","43","18107","29.86"
"Morgan","6","250","Indiana","5/19/20","210","40","18109","19.05"
"Newton","1","71","Indiana","5/19/20","67","4","18111","5.97"
"Noble","2","152","Indiana","5/19/20","136","16","18113","11.76"
"Ohio","0","13","Indiana","5/19/20","10","3","18115","30"
"Orange","1","122","Indiana","5/19/20","118","4","18117","3.39"
"Owen","0","27","Indiana","5/19/20","27","0","18119","0"
"Parke","0","17","Indiana","5/19/20","16","1","18121","6.25"
"Perry","0","20","Indiana","5/19/20","19","1","18123","5.26"
"Pike","0","5","Indiana","5/19/20","3","2","18125","66.67"
"Porter","8","412","Indiana","5/19/20","353","59","18127","16.71"
"Posey","0","16","Indiana","5/19/20","16","0","18129","0"
"Pulaski","0","35","Indiana","5/19/20","34","1","18131","2.94"
"Putnam","5","123","Indiana","5/19/20","91","32","18133","35.16"
"Randolph","1","30","Indiana","5/19/20","24","6","18135","25"
"Ripley","0","107","Indiana","5/19/20","104","3","18137","2.88"
"Rush","1","42","Indiana","5/19/20","37","5","18139","13.51"
"Scott","2","98","Indiana","5/19/20","85","13","18143","15.29"
"Shelby","4","298","Indiana","5/19/20","272","26","18145","9.56"
"Spencer","1","12","Indiana","5/19/20","7","5","18147","71.43"
"St. Joseph","24","1014","Indiana","5/19/20","847","167","18141","19.72"
"Starke","1","27","Indiana","5/19/20","23","4","18149","17.39"
"Steuben","1","69","Indiana","5/19/20","62","7","18151","11.29"
"Sullivan","1","28","Indiana","5/19/20","20","8","18153","40"
"Switzerland","1","18","Indiana","5/19/20","14","4","18155","28.57"
"Tippecanoe","9","313","Indiana","5/19/20","248","65","18157","26.21"
"Tipton","0","21","Indiana","5/19/20","21","0","18159","0"
"Union","0","8","Indiana","5/19/20","8","0","18161","0"
"Vanderburgh","4","223","Indiana","5/19/20","195","28","18163","14.36"
"Vermillion","0","7","Indiana","5/19/20","7","0","18165","0"
"Vigo","5","119","Indiana","5/19/20","86","33","18167","38.37"
"Wabash","1","71","Indiana","5/19/20","67","4","18169","5.97"
"Warren","0","12","Indiana","5/19/20","12","0","18171","0"
"Warrick","3","151","Indiana","5/19/20","128","23","18173","17.97"
"Washington","0","50","Indiana","5/19/20","48","2","18175","4.17"
"Wayne","1","62","Indiana","5/19/20","57","5","18177","8.77"
"Wells","1","18","Indiana","5/19/20","12","6","18179","50"
"White","3","186","Indiana","5/19/20","165","21","18181","12.73"
"Whitley","1","27","Indiana","5/19/20","23","4","18183","17.39"
"Adair","0","6","Iowa","5/19/20","3","3","19001","100"
"Adams","0","1","Iowa","5/19/20","0","1","19003","1"
"Allamakee","0","115","Iowa","5/19/20","113","2","19005","1.77"
"Appanoose","0","8","Iowa","5/19/20","7","1","19007","14.29"
"Audubon","0","11","Iowa","5/19/20","10","1","19009","10"
"Benton","0","36","Iowa","5/19/20","35","1","19011","2.86"
"Black Hawk","15","1628","Iowa","5/19/20","1521","107","19013","7.03"
"Boone","1","46","Iowa","5/19/20","36","10","19015","27.78"
"Bremer","1","65","Iowa","5/19/20","60","5","19017","8.33"
"Buchanan","0","26","Iowa","5/19/20","23","3","19019","13.04"
"Buena Vista","11","117","Iowa","5/19/20","41","76","19021","185.37"
"Butler","0","14","Iowa","5/19/20","12","2","19023","16.67"
"Calhoun","0","2","Iowa","5/19/20","1","1","19025","100"
"Carroll","0","7","Iowa","5/19/20","6","1","19027","16.67"
"Cass","0","2","Iowa","5/19/20","1","1","19029","100"
"Cedar","0","43","Iowa","5/19/20","44","-1","19031","-2.27"
"Cerro Gordo","0","17","Iowa","5/19/20","14","3","19033","21.43"
"Cherokee","0","9","Iowa","5/19/20","6","3","19035","50"
"Chickasaw","0","7","Iowa","5/19/20","7","0","19037","0"
"Clarke","2","23","Iowa","5/19/20","8","15","19039","187.5"
"Clay","0","9","Iowa","5/19/20","9","0","19041","0"
"Clayton","0","30","Iowa","5/19/20","28","2","19043","7.14"
"Clinton","0","61","Iowa","5/19/20","58","3","19045","5.17"
"Crawford","28","394","Iowa","5/19/20","197","197","19047","100"
"Dallas","12","795","Iowa","5/19/20","712","83","19049","11.66"
"Davis","0","13","Iowa","5/19/20","11","2","19051","18.18"
"Delaware","0","12","Iowa","5/19/20","10","2","19055","20"
"Des Moines","-1","39","Iowa","5/19/20","43","-4","19057","-9.3"
"Dickinson","0","7","Iowa","5/19/20","6","1","19059","16.67"
"Dubuque","12","286","Iowa","5/19/20","203","83","19061","40.89"
"Emmet","0","2","Iowa","5/19/20","0","2","19063","1"
"Fayette","0","25","Iowa","5/19/20","24","1","19065","4.17"
"Floyd","1","11","Iowa","5/19/20","6","5","19067","83.33"
"Franklin","0","7","Iowa","5/19/20","7","0","19069","0"
"Fremont","0","4","Iowa","5/19/20","3","1","19071","33.33"
"Greene","0","13","Iowa","5/19/20","13","0","19073","0"
"Grundy","0","17","Iowa","5/19/20","16","1","19075","6.25"
"Guthrie","1","40","Iowa","5/19/20","35","5","19077","14.29"
"Hamilton","0","11","Iowa","5/19/20","11","0","19079","0"
"Hancock","0","5","Iowa","5/19/20","3","2","19081","66.67"
"Hardin","0","12","Iowa","5/19/20","12","0","19083","0"
"Harrison","0","18","Iowa","5/19/20","17","1","19085","5.88"
"Henry","1","47","Iowa","5/19/20","43","4","19087","9.3"
"Howard","0","12","Iowa","5/19/20","12","0","19089","0"
"Humboldt","0","7","Iowa","5/19/20","7","0","19091","0"
"Ida","1","8","Iowa","5/19/20","1","7","19093","700"
"Iowa","1","30","Iowa","5/19/20","26","4","19095","15.38"
"Jackson","0","8","Iowa","5/19/20","7","1","19097","14.29"
"Jasper","2","250","Iowa","5/19/20","239","11","19099","4.6"
"Jefferson","1","12","Iowa","5/19/20","8","4","19101","50"
"Johnson","2","574","Iowa","5/19/20","559","15","19103","2.68"
"Jones","0","36","Iowa","5/19/20","34","2","19105","5.88"
"Keokuk","0","12","Iowa","5/19/20","9","3","19107","33.33"
"Kossuth","0","4","Iowa","5/19/20","2","2","19109","100"
"Lee","0","20","Iowa","5/19/20","18","2","19111","11.11"
"Linn","7","899","Iowa","5/19/20","849","50","19113","5.89"
"Louisa","4","315","Iowa","5/19/20","287","28","19115","9.76"
"Lucas","0","2","Iowa","5/19/20","0","2","19117","1"
"Lyon","0","19","Iowa","5/19/20","16","3","19119","18.75"
"Madison","1","16","Iowa","5/19/20","12","4","19121","33.33"
"Mahaska","2","37","Iowa","5/19/20","21","16","19123","76.19"
"Marion","1","22","Iowa","5/19/20","16","6","19125","37.5"
"Marshall","11","817","Iowa","5/19/20","738","79","19127","10.7"
"Mills","0","12","Iowa","5/19/20","9","3","19129","33.33"
"Mitchell","0","4","Iowa","5/19/20","3","1","19131","33.33"
"Monona","0","16","Iowa","5/19/20","13","3","19133","23.08"
"Monroe","2","22","Iowa","5/19/20","7","15","19135","214.29"
"Montgomery","0","5","Iowa","5/19/20","5","0","19137","0"
"Muscatine","4","531","Iowa","5/19/20","502","29","19139","5.78"
"O'Brien","0","21","Iowa","5/19/20","18","3","19141","16.67"
"Osceola","1","28","Iowa","5/19/20","23","5","19143","21.74"
"Page","0","10","Iowa","5/19/20","10","0","19145","0"
"Palo Alto","0","2","Iowa","5/19/20","1","1","19147","100"
"Plymouth","3","89","Iowa","5/19/20","67","22","19149","32.84"
"Pocahontas","0","3","Iowa","5/19/20","3","0","19151","0"
"Polk","97","3128","Iowa","5/19/20","2447","681","19153","27.83"
"Pottawattamie","12","174","Iowa","5/19/20","91","83","19155","91.21"
"Poweshiek","1","87","Iowa","5/19/20","81","6","19157","7.41"
"Ringgold","0","1","Iowa","5/19/20","0","1","19159","1"
"Sac","1","6","Iowa","5/19/20","2","4","19161","200"
"Scott","3","309","Iowa","5/19/20","286","23","19163","8.04"
"Shelby","0","24","Iowa","5/19/20","21","3","19165","14.29"
"Sioux","7","146","Iowa","5/19/20","100","46","19167","46"
"Story","2","81","Iowa","5/19/20","64","17","19169","26.56"
"Tama","3","362","Iowa","5/19/20","341","21","19171","6.16"
"Taylor","0","3","Iowa","5/19/20","1","2","19173","200"
"Union","0","2","Iowa","5/19/20","2","0","19175","0"
"Van Buren","0","8","Iowa","5/19/20","8","0","19177","0"
"Wapello","17","405","Iowa","5/19/20","283","122","19179","43.11"
"Warren","5","87","Iowa","5/19/20","49","38","19181","77.55"
"Washington","1","173","Iowa","5/19/20","163","10","19183","6.13"
"Wayne","0","1","Iowa","5/19/20","1","0","19185","0"
"Webster","0","13","Iowa","5/19/20","10","3","19187","30"
"Winnebago","0","7","Iowa","5/19/20","5","2","19189","40"
"Winneshiek","0","21","Iowa","5/19/20","18","3","19191","16.67"
"Woodbury","51","2342","Iowa","5/19/20","1988","354","19193","17.81"
"Worth","0","3","Iowa","5/19/20","2","1","19195","50"
"Wright","3","24","Iowa","5/19/20","6","18","19197","300"
"Anderson","0","1","Kansas","5/19/20","1","0","20003","0"
"Atchison","0","15","Kansas","5/19/20","14","1","20005","7.14"
"Barber","0","1","Kansas","5/19/20","1","0","20007","0"
"Barton","1","31","Kansas","5/19/20","23","8","20009","34.78"
"Bourbon","0","6","Kansas","5/19/20","6","0","20011","0"
"Brown","1","5","Kansas","5/19/20","1","4","20013","400"
"Butler","1","18","Kansas","5/19/20","14","4","20015","28.57"
"Chase","0","3","Kansas","5/19/20","3","0","20017","0"
"Chautauqua","0","4","Kansas","5/19/20","4","0","20019","0"
"Cherokee","0","8","Kansas","5/19/20","8","0","20021","0"
"Cheyenne","0","2","Kansas","5/19/20","2","0","20023","0"
"Clark","0","21","Kansas","5/19/20","19","2","20025","10.53"
"Clay","0","5","Kansas","5/19/20","4","1","20027","25"
"Cloud","0","4","Kansas","5/19/20","4","0","20029","0"
"Coffey","0","50","Kansas","5/19/20","50","0","20031","0"
"Cowley","0","4","Kansas","5/19/20","3","1","20035","33.33"
"Crawford","0","8","Kansas","5/19/20","8","0","20037","0"
"Dickinson","0","2","Kansas","5/19/20","2","0","20041","0"
"Doniphan","0","9","Kansas","5/19/20","8","1","20043","12.5"
"Douglas","1","62","Kansas","5/19/20","58","4","20045","6.9"
"Edwards","0","5","Kansas","5/19/20","4","1","20047","25"
"Ellis","0","8","Kansas","5/19/20","8","0","20051","0"
"Ellsworth","0","2","Kansas","5/19/20","2","0","20053","0"
"Finney","48","1331","Kansas","5/19/20","994","337","20055","33.9"
"Ford","34","1411","Kansas","5/19/20","1170","241","20057","20.6"
"Franklin","1","32","Kansas","5/19/20","28","4","20059","14.29"
"Geary","0","14","Kansas","5/19/20","14","0","20061","0"
"Gove","0","1","Kansas","5/19/20","1","0","20063","0"
"Grant","1","18","Kansas","5/19/20","11","7","20067","63.64"
"Gray","1","15","Kansas","5/19/20","8","7","20069","87.5"
"Greenwood","0","3","Kansas","5/19/20","3","0","20073","0"
"Hamilton","0","9","Kansas","5/19/20","7","2","20075","28.57"
"Harper","0","1","Kansas","5/19/20","1","0","20077","0"
"Harvey","0","11","Kansas","5/19/20","9","2","20079","22.22"
"Haskell","0","16","Kansas","5/19/20","15","1","20081","6.67"
"Jackson","4","32","Kansas","5/19/20","4","28","20085","700"
"Jefferson","1","20","Kansas","5/19/20","15","5","20087","33.33"
"Jewell","0","4","Kansas","5/19/20","4","0","20089","0"
"Johnson","7","657","Kansas","5/19/20","607","50","20091","8.24"
"Kearny","1","40","Kansas","5/19/20","32","8","20093","25"
"Kiowa","0","2","Kansas","5/19/20","2","0","20097","0"
"Labette","0","22","Kansas","5/19/20","22","0","20099","0"
"Leavenworth","16","1053","Kansas","5/19/20","938","115","20103","12.26"
"Linn","0","7","Kansas","5/19/20","6","1","20107","16.67"
"Lyon","2","317","Kansas","5/19/20","303","14","20111","4.62"
"Marion","0","5","Kansas","5/19/20","5","0","20115","0"
"McPherson","0","26","Kansas","5/19/20","26","0","20113","0"
"Meade","0","22","Kansas","5/19/20","22","0","20119","0"
"Miami","0","6","Kansas","5/19/20","6","0","20121","0"
"Mitchell","0","3","Kansas","5/19/20","3","0","20123","0"
"Montgomery","0","20","Kansas","5/19/20","21","-1","20125","-4.76"
"Morris","0","3","Kansas","5/19/20","3","0","20127","0"
"Morton","0","4","Kansas","5/19/20","4","0","20129","0"
"Nemaha","0","4","Kansas","5/19/20","1","3","20131","300"
"Neosho","0","2","Kansas","5/19/20","2","0","20133","0"
"Ness","0","1","Kansas","5/19/20","0","1","20135","1"
"Norton","0","2","Kansas","5/19/20","2","0","20137","0"
"Osage","0","7","Kansas","5/19/20","6","1","20139","16.67"
"Osborne","0","2","Kansas","5/19/20","2","0","20141","0"
"Ottawa","0","4","Kansas","5/19/20","4","0","20143","0"
"Phillips","0","2","Kansas","5/19/20","1","1","20147","100"
"Pottawatomie","0","20","Kansas","5/19/20","19","1","20149","5.26"
"Pratt","0","1","Kansas","5/19/20","1","0","20151","0"
"Reno","0","41","Kansas","5/19/20","41","0","20155","0"
"Republic","0","4","Kansas","5/19/20","4","0","20157","0"
"Rice","0","4","Kansas","5/19/20","3","1","20159","33.33"
"Riley","0","60","Kansas","5/19/20","58","2","20161","3.45"
"Rooks","0","6","Kansas","5/19/20","6","0","20163","0"
"Saline","0","24","Kansas","5/19/20","23","1","20169","4.35"
"Scott","1","12","Kansas","5/19/20","4","8","20171","200"
"Sedgwick","10","538","Kansas","5/19/20","471","67","20173","14.23"
"Seward","8","780","Kansas","5/19/20","727","53","20175","7.29"
"Shawnee","4","199","Kansas","5/19/20","173","26","20177","15.03"
"Sheridan","0","2","Kansas","5/19/20","2","0","20179","0"
"Sherman","0","6","Kansas","5/19/20","5","1","20181","20"
"Smith","0","2","Kansas","5/19/20","2","0","20183","0"
"Stafford","0","1","Kansas","5/19/20","1","0","20185","0"
"Stanton","0","9","Kansas","5/19/20","9","0","20187","0"
"Stevens","1","26","Kansas","5/19/20","18","8","20189","44.44"
"Sumner","0","6","Kansas","5/19/20","4","2","20191","50"
"Wabaunsee","0","28","Kansas","5/19/20","27","1","20197","3.7"
"Wilson","0","1","Kansas","5/19/20","1","0","20205","0"
"Woodson","0","6","Kansas","5/19/20","6","0","20207","0"
"Wyandotte","13","1174","Kansas","5/19/20","1086","88","20209","8.1"
"Adair","1","94","Kentucky","5/19/20","88","6","21001","6.82"
"Allen","2","41","Kentucky","5/19/20","30","11","21003","36.67"
"Anderson","0","13","Kentucky","5/19/20","10","3","21005","30"
"Ballard","0","10","Kentucky","5/19/20","8","2","21007","25"
"Barren","1","34","Kentucky","5/19/20","30","4","21009","13.33"
"Bath","0","7","Kentucky","5/19/20","7","0","21011","0"
"Bell","0","1","Kentucky","5/19/20","0","1","21013","1"
"Boone","18","361","Kentucky","5/19/20","238","123","21015","51.68"
"Bourbon","0","8","Kentucky","5/19/20","8","0","21017","0"
"Boyd","0","39","Kentucky","5/19/20","37","2","21019","5.41"
"Boyle","0","19","Kentucky","5/19/20","17","2","21021","11.76"
"Bracken","0","10","Kentucky","5/19/20","9","1","21023","11.11"
"Breathitt","0","2","Kentucky","5/19/20","2","0","21025","0"
"Breckinridge","0","15","Kentucky","5/19/20","13","2","21027","15.38"
"Bullitt","2","99","Kentucky","5/19/20","86","13","21029","15.12"
"Butler","2","217","Kentucky","5/19/20","200","17","21031","8.5"
"Caldwell","0","12","Kentucky","5/19/20","12","0","21033","0"
"Calloway","1","47","Kentucky","5/19/20","43","4","21035","9.3"
"Campbell","2","135","Kentucky","5/19/20","120","15","21037","12.5"
"Carlisle","0","3","Kentucky","5/19/20","3","0","21039","0"
"Carroll","0","3","Kentucky","5/19/20","2","1","21041","50"
"Carter","0","9","Kentucky","5/19/20","7","2","21043","28.57"
"Casey","0","2","Kentucky","5/19/20","1","1","21045","100"
"Christian","0","98","Kentucky","5/19/20","95","3","21047","3.16"
"Clark","0","21","Kentucky","5/19/20","20","1","21049","5"
"Clay","0","3","Kentucky","5/19/20","2","1","21051","50"
"Clinton","0","3","Kentucky","5/19/20","3","0","21053","0"
"Crittenden","0","4","Kentucky","5/19/20","4","0","21055","0"
"Cumberland","0","5","Kentucky","5/19/20","5","0","21057","0"
"Daviess","3","296","Kentucky","5/19/20","274","22","21059","8.03"
"Edmonson","1","50","Kentucky","5/19/20","45","5","21061","11.11"
"Fayette","27","596","Kentucky","5/19/20","409","187","21067","45.72"
"Fleming","0","3","Kentucky","5/19/20","1","2","21069","200"
"Floyd","0","16","Kentucky","5/19/20","15","1","21071","6.67"
"Franklin","0","20","Kentucky","5/19/20","18","2","21073","11.11"
"Fulton","0","2","Kentucky","5/19/20","1","1","21075","100"
"Gallatin","0","3","Kentucky","5/19/20","1","2","21077","200"
"Garrard","0","3","Kentucky","5/19/20","4","-1","21079","-25"
"Grant","1","35","Kentucky","5/19/20","31","4","21081","12.9"
"Graves","1","154","Kentucky","5/19/20","149","5","21083","3.36"
"Grayson","1","109","Kentucky","5/19/20","99","10","21085","10.1"
"Green","0","1","Kentucky","5/19/20","1","0","21087","0"
"Greenup","0","13","Kentucky","5/19/20","13","0","21089","0"
"Hancock","0","6","Kentucky","5/19/20","6","0","21091","0"
"Hardin","3","85","Kentucky","5/19/20","63","22","21093","34.92"
"Harlan","0","1","Kentucky","5/19/20","1","0","21095","0"
"Harrison","0","19","Kentucky","5/19/20","19","0","21097","0"
"Hart","1","16","Kentucky","5/19/20","9","7","21099","77.78"
"Henderson","2","91","Kentucky","5/19/20","80","11","21101","13.75"
"Henry","0","13","Kentucky","5/19/20","10","3","21103","30"
"Hickman","0","5","Kentucky","5/19/20","5","0","21105","0"
"Hopkins","0","215","Kentucky","5/19/20","214","1","21107","0.47"
"Jackson","0","57","Kentucky","5/19/20","56","1","21109","1.79"
"Jefferson","35","1959","Kentucky","5/19/20","1713","246","21111","14.36"
"Jessamine","0","51","Kentucky","5/19/20","49","2","21113","4.08"
"Johnson","0","5","Kentucky","5/19/20","5","0","21115","0"
"Kenton","10","479","Kentucky","5/19/20","408","71","21117","17.4"
"Knott","0","4","Kentucky","5/19/20","4","0","21119","0"
"Knox","0","8","Kentucky","5/19/20","7","1","21121","14.29"
"Larue","0","6","Kentucky","5/19/20","6","0","21123","0"
"Laurel","0","21","Kentucky","5/19/20","21","0","21125","0"
"Lawrence","0","1","Kentucky","5/19/20","1","0","21127","0"
"Leslie","0","6","Kentucky","5/19/20","5","1","21131","20"
"Letcher","0","5","Kentucky","5/19/20","3","2","21133","66.67"
"Lewis","0","7","Kentucky","5/19/20","6","1","21135","16.67"
"Lincoln","0","7","Kentucky","5/19/20","5","2","21137","40"
"Livingston","0","7","Kentucky","5/19/20","7","0","21139","0"
"Logan","4","94","Kentucky","5/19/20","69","25","21141","36.23"
"Lyon","0","14","Kentucky","5/19/20","14","0","21143","0"
"Madison","2","50","Kentucky","5/19/20","35","15","21151","42.86"
"Magoffin","0","1","Kentucky","5/19/20","0","1","21153","1"
"Marion","0","17","Kentucky","5/19/20","17","0","21155","0"
"Marshall","0","36","Kentucky","5/19/20","34","2","21157","5.88"
"Martin","0","3","Kentucky","5/19/20","3","0","21159","0"
"Mason","0","8","Kentucky","5/19/20","7","1","21161","14.29"
"McCracken","2","85","Kentucky","5/19/20","73","12","21145","16.44"
"McCreary","0","13","Kentucky","5/19/20","13","0","21147","0"
"McLean","0","18","Kentucky","5/19/20","17","1","21149","5.88"
"Meade","0","20","Kentucky","5/19/20","18","2","21163","11.11"
"Menifee","0","4","Kentucky","5/19/20","3","1","21165","33.33"
"Mercer","0","12","Kentucky","5/19/20","12","0","21167","0"
"Metcalfe","0","3","Kentucky","5/19/20","3","0","21169","0"
"Monroe","0","6","Kentucky","5/19/20","6","0","21171","0"
"Montgomery","0","16","Kentucky","5/19/20","13","3","21173","23.08"
"Morgan","0","1","Kentucky","5/19/20","1","0","21175","0"
"Muhlenberg","2","468","Kentucky","5/19/20","457","11","21177","2.41"
"Nelson","0","34","Kentucky","5/19/20","31","3","21179","9.68"
"Nicholas","0","1","Kentucky","5/19/20","1","0","21181","0"
"Ohio","6","117","Kentucky","5/19/20","73","44","21183","60.27"
"Oldham","2","57","Kentucky","5/19/20","41","16","21185","39.02"
"Owen","0","1","Kentucky","5/19/20","1","0","21187","0"
"Owsley","0","2","Kentucky","5/19/20","2","0","21189","0"
"Pendleton","0","6","Kentucky","5/19/20","6","0","21191","0"
"Perry","1","20","Kentucky","5/19/20","16","4","21193","25"
"Pike","1","28","Kentucky","5/19/20","18","10","21195","55.56"
"Powell","0","1","Kentucky","5/19/20","1","0","21197","0"
"Pulaski","1","50","Kentucky","5/19/20","45","5","21199","11.11"
"Rockcastle","0","12","Kentucky","5/19/20","13","-1","21203","-7.69"
"Rowan","0","6","Kentucky","5/19/20","6","0","21205","0"
"Russell","1","22","Kentucky","5/19/20","18","4","21207","22.22"
"Scott","0","33","Kentucky","5/19/20","33","0","21209","0"
"Shelby","3","78","Kentucky","5/19/20","54","24","21211","44.44"
"Simpson","1","39","Kentucky","5/19/20","32","7","21213","21.88"
"Spencer","0","16","Kentucky","5/19/20","16","0","21215","0"
"Taylor","0","9","Kentucky","5/19/20","9","0","21217","0"
"Todd","0","17","Kentucky","5/19/20","15","2","21219","13.33"
"Trigg","0","9","Kentucky","5/19/20","9","0","21221","0"
"Trimble","0","3","Kentucky","5/19/20","3","0","21223","0"
"Union","0","10","Kentucky","5/19/20","10","0","21225","0"
"Warren","27","828","Kentucky","5/19/20","637","191","21227","29.98"
"Washington","0","5","Kentucky","5/19/20","5","0","21229","0"
"Wayne","0","8","Kentucky","5/19/20","8","0","21231","0"
"Webster","0","32","Kentucky","5/19/20","29","3","21233","10.34"
"Whitley","0","13","Kentucky","5/19/20","12","1","21235","8.33"
"Wolfe","0","1","Kentucky","5/19/20","0","1","21237","1"
"Woodford","0","19","Kentucky","5/19/20","19","0","21239","0"
"Acadia","16","262","Louisiana","5/19/20","152","110","22001","72.37"
"Allen","6","131","Louisiana","5/19/20","90","41","22003","45.56"
"Ascension","9","762","Louisiana","5/19/20","701","61","22005","8.7"
"Assumption","0","230","Louisiana","5/19/20","230","0","22007","0"
"Avoyelles","3","94","Louisiana","5/19/20","76","18","22009","23.68"
"Beauregard","1","52","Louisiana","5/19/20","46","6","22011","13.04"
"Bienville","1","84","Louisiana","5/19/20","77","7","22013","9.09"
"Bossier","5","348","Louisiana","5/19/20","313","35","22015","11.18"
"Caddo","18","1912","Louisiana","5/19/20","1784","128","22017","7.17"
"Calcasieu","4","521","Louisiana","5/19/20","496","25","22019","5.04"
"Caldwell","0","50","Louisiana","5/19/20","48","2","22021","4.17"
"Cameron","0","3","Louisiana","5/19/20","3","0","22023","0"
"Catahoula","3","106","Louisiana","5/19/20","86","20","22025","23.26"
"Claiborne","0","58","Louisiana","5/19/20","59","-1","22027","-1.69"
"Concordia","2","57","Louisiana","5/19/20","43","14","22029","32.56"
"De Soto","2","226","Louisiana","5/19/20","215","11","22031","5.12"
"East Baton Rouge","100","3145","Louisiana","5/19/20","2445","700","22033","28.63"
"East Carroll","3","46","Louisiana","5/19/20","24","22","22035","91.67"
"East Feliciana","6","179","Louisiana","5/19/20","140","39","22037","27.86"
"Evangeline","0","67","Louisiana","5/19/20","68","-1","22039","-1.47"
"Franklin","9","274","Louisiana","5/19/20","208","66","22041","31.73"
"Grant","1","22","Louisiana","5/19/20","18","4","22043","22.22"
"Iberia","10","358","Louisiana","5/19/20","287","71","22045","24.74"
"Iberville","3","528","Louisiana","5/19/20","504","24","22047","4.76"
"Jackson","1","75","Louisiana","5/19/20","67","8","22049","11.94"
"Jefferson","44","7095","Louisiana","5/19/20","6789","306","22051","4.51"
"Jefferson Davis","0","71","Louisiana","5/19/20","68","3","22053","4.41"
"Lafayette","13","605","Louisiana","5/19/20","512","93","22055","18.16"
"Lafourche","5","750","Louisiana","5/19/20","715","35","22057","4.9"
"LaSalle","1","40","Louisiana","5/19/20","33","7","22059","21.21"
"Lincoln","2","122","Louisiana","5/19/20","107","15","22061","14.02"
"Livingston","10","356","Louisiana","5/19/20","283","73","22063","25.8"
"Madison","2","27","Louisiana","5/19/20","14","13","22065","92.86"
"Morehouse","4","93","Louisiana","5/19/20","67","26","22067","38.81"
"Natchitoches","0","103","Louisiana","5/19/20","100","3","22069","3"
"Orleans","22","6869","Louisiana","5/19/20","6718","151","22071","2.25"
"Ouachita","16","966","Louisiana","5/19/20","856","110","22073","12.85"
"Plaquemines","1","196","Louisiana","5/19/20","191","5","22075","2.62"
"Pointe Coupee","5","173","Louisiana","5/19/20","138","35","22077","25.36"
"Rapides","18","504","Louisiana","5/19/20","376","128","22079","34.04"
"Red River","1","43","Louisiana","5/19/20","36","7","22081","19.44"
"Richland","1","108","Louisiana","5/19/20","103","5","22083","4.85"
"Sabine","2","30","Louisiana","5/19/20","19","11","22085","57.89"
"St. Bernard","0","516","Louisiana","5/19/20","515","1","22087","0.19"
"St. Charles","3","615","Louisiana","5/19/20","596","19","22089","3.19"
"St. Helena","0","41","Louisiana","5/19/20","38","3","22091","7.89"
"St. James","4","284","Louisiana","5/19/20","256","28","22093","10.94"
"St. John the Baptist","4","831","Louisiana","5/19/20","804","27","22095","3.36"
"St. Landry","3","237","Louisiana","5/19/20","215","22","22097","10.23"
"St. Martin","2","275","Louisiana","5/19/20","264","11","22099","4.17"
"St. Mary","4","277","Louisiana","5/19/20","251","26","22101","10.36"
"St. Tammany","12","1559","Louisiana","5/19/20","1477","82","22103","5.55"
"Tangipahoa","9","742","Louisiana","5/19/20","679","63","22105","9.28"
"Tensas","0","5","Louisiana","5/19/20","6","-1","22107","-16.67"
"Terrebonne","8","591","Louisiana","5/19/20","533","58","22109","10.88"
"Union","11","245","Louisiana","5/19/20","171","74","22111","43.27"
"Vermilion","1","45","Louisiana","5/19/20","41","4","22113","9.76"
"Vernon","0","21","Louisiana","5/19/20","18","3","22115","16.67"
"Washington","4","375","Louisiana","5/19/20","347","28","22117","8.07"
"Webster","3","119","Louisiana","5/19/20","101","18","22119","17.82"
"West Baton Rouge","3","148","Louisiana","5/19/20","124","24","22121","19.35"
"West Carroll","2","19","Louisiana","5/19/20","5","14","22123","280"
"West Feliciana","1","190","Louisiana","5/19/20","186","4","22125","2.15"
"Winn","5","90","Louisiana","5/19/20","54","36","22127","66.67"
"Androscoggin","8","151","Maine","5/19/20","97","54","23001","55.67"
"Aroostook","0","7","Maine","5/19/20","6","1","23003","16.67"
"Cumberland","20","863","Maine","5/19/20","721","142","23005","19.69"
"Franklin","0","33","Maine","5/19/20","31","2","23007","6.45"
"Hancock","0","11","Maine","5/19/20","10","1","23009","10"
"Kennebec","1","120","Maine","5/19/20","111","9","23011","8.11"
"Knox","0","20","Maine","5/19/20","19","1","23013","5.26"
"Lincoln","0","17","Maine","5/19/20","15","2","23015","13.33"
"Oxford","0","17","Maine","5/19/20","17","0","23017","0"
"Penobscot","1","94","Maine","5/19/20","90","4","23019","4.44"
"Piscataquis","0","1","Maine","5/19/20","1","0","23021","0"
"Sagadahoc","1","27","Maine","5/19/20","21","6","23023","28.57"
"Somerset","0","20","Maine","5/19/20","17","3","23025","17.65"
"Waldo","0","50","Maine","5/19/20","49","1","23027","2.04"
"Washington","0","2","Maine","5/19/20","2","0","23029","0"
"York","6","307","Maine","5/19/20","264","43","23031","16.29"
"Allegany","3","166","Maryland","5/19/20","148","18","24001","12.16"
"Anne Arundel","66","2981","Maryland","5/19/20","2520","461","24003","18.29"
"Baltimore","124","4920","Maryland","5/19/20","4051","869","24005","21.45"
"Baltimore City","85","4002","Maryland","5/19/20","3404","598","24510","17.57"
"Calvert","6","255","Maryland","5/19/20","211","44","24009","20.85"
"Caroline","5","208","Maryland","5/19/20","174","34","24011","19.54"
"Carroll","18","712","Maryland","5/19/20","589","123","24013","20.88"
"Cecil","8","323","Maryland","5/19/20","270","53","24015","19.63"
"Charles","19","895","Maryland","5/19/20","761","134","24017","17.61"
"Dorchester","3","122","Maryland","5/19/20","102","20","24019","19.61"
"Frederick","30","1491","Maryland","5/19/20","1282","209","24021","16.3"
"Garrett","0","7","Maryland","5/19/20","6","1","24023","16.67"
"Harford","14","709","Maryland","5/19/20","614","95","24025","15.47"
"Howard","33","1465","Maryland","5/19/20","1234","231","24027","18.72"
"Kent","3","144","Maryland","5/19/20","120","24","24029","20"
"Montgomery","260","8950","Maryland","5/19/20","7130","1820","24031","25.53"
"Prince George's","335","12240","Maryland","5/19/20","9892","2348","24033","23.74"
"Queen Anne's","4","133","Maryland","5/19/20","103","30","24035","29.13"
"Somerset","2","62","Maryland","5/19/20","51","11","24039","21.57"
"St. Mary's","13","338","Maryland","5/19/20","246","92","24037","37.4"
"Talbot","1","68","Maryland","5/19/20","61","7","24041","11.48"
"Washington","10","352","Maryland","5/19/20","284","68","24043","23.94"
"Wicomico","21","839","Maryland","5/19/20","694","145","24045","20.89"
"Worcester","7","164","Maryland","5/19/20","114","50","24047","43.86"
"Barnstable","14","1253","Massachusetts","5/19/20","1158","95","25001","8.2"
"Berkshire","3","515","Massachusetts","5/19/20","497","18","25003","3.62"
"Bristol","140","6207","Massachusetts","5/19/20","5227","980","25005","18.75"
"Dukes and Nantucket","1","45","Massachusetts","5/19/20","41","4","00000","9.76"
"Essex","179","13067","Massachusetts","5/19/20","11811","1256","25009","10.63"
"Franklin","2","318","Massachusetts","5/19/20","306","12","25011","3.92"
"Hampden","74","5437","Massachusetts","5/19/20","4917","520","25013","10.58"
"Hampshire","12","805","Massachusetts","5/19/20","724","81","25015","11.19"
"Middlesex","245","20107","Massachusetts","5/19/20","18394","1713","25017","9.31"
"Norfolk","86","7959","Massachusetts","5/19/20","7359","600","25021","8.15"
"Plymouth","104","7449","Massachusetts","5/19/20","6720","729","25023","10.85"
"Suffolk","210","17278","Massachusetts","5/19/20","15806","1472","25025","9.31"
"Worcester","236","9757","Massachusetts","5/19/20","8102","1655","25027","20.43"
"Alcona","0","9","Michigan","5/19/20","7","2","26001","28.57"
"Allegan","4","216","Michigan","5/19/20","190","26","26005","13.68"
"Alpena","1","98","Michigan","5/19/20","94","4","26007","4.26"
"Antrim","0","12","Michigan","5/19/20","11","1","26009","9.09"
"Arenac","0","35","Michigan","5/19/20","32","3","26011","9.38"
"Baraga","0","1","Michigan","5/19/20","1","0","26013","0"
"Barry","1","72","Michigan","5/19/20","65","7","26015","10.77"
"Bay","6","286","Michigan","5/19/20","247","39","26017","15.79"
"Benzie","0","4","Michigan","5/19/20","4","0","26019","0"
"Berrien","19","662","Michigan","5/19/20","529","133","26021","25.14"
"Branch","2","103","Michigan","5/19/20","88","15","26023","17.05"
"Calhoun","5","343","Michigan","5/19/20","308","35","26025","11.36"
"Cass","3","72","Michigan","5/19/20","54","18","26027","33.33"
"Charlevoix","0","17","Michigan","5/19/20","14","3","26029","21.43"
"Cheboygan","0","24","Michigan","5/19/20","24","0","26031","0"
"Chippewa","0","3","Michigan","5/19/20","3","0","26033","0"
"Clare","1","16","Michigan","5/19/20","12","4","26035","33.33"
"Clinton","2","159","Michigan","5/19/20","143","16","26037","11.19"
"Crawford","0","61","Michigan","5/19/20","61","0","26039","0"
"Delta","0","18","Michigan","5/19/20","16","2","26041","12.5"
"Dickinson","0","5","Michigan","5/19/20","5","0","26043","0"
"Eaton","3","200","Michigan","5/19/20","180","20","26045","11.11"
"Emmet","0","25","Michigan","5/19/20","25","0","26047","0"
"Federal Correctional Institution (FCI)","1","118","Michigan","5/19/20","114","4","00000","3.51"
"Genesee","29","2230","Michigan","5/19/20","2030","200","26049","9.85"
"Gladwin","0","17","Michigan","5/19/20","18","-1","26051","-5.56"
"Gogebic","0","5","Michigan","5/19/20","4","1","26053","25"
"Grand Traverse","0","24","Michigan","5/19/20","22","2","26055","9.09"
"Gratiot","3","55","Michigan","5/19/20","37","18","26057","48.65"
"Hillsdale","2","171","Michigan","5/19/20","155","16","26059","10.32"
"Houghton","0","2","Michigan","5/19/20","2","0","26061","0"
"Huron","1","52","Michigan","5/19/20","43","9","26063","20.93"
"Ingham","8","683","Michigan","5/19/20","624","59","26065","9.46"
"Ionia","2","137","Michigan","5/19/20","120","17","26067","14.17"
"Iosco","2","80","Michigan","5/19/20","67","13","26069","19.4"
"Isabella","0","77","Michigan","5/19/20","76","1","26073","1.32"
"Jackson","2","439","Michigan","5/19/20","422","17","26075","4.03"
"Kalamazoo","15","781","Michigan","5/19/20","676","105","26077","15.53"
"Kalkaska","0","28","Michigan","5/19/20","28","0","26079","0"
"Kent","78","3138","Michigan","5/19/20","2590","548","26081","21.16"
"Lake","0","4","Michigan","5/19/20","3","1","26085","33.33"
"Lapeer","2","198","Michigan","5/19/20","187","11","26087","5.88"
"Leelanau","0","11","Michigan","5/19/20","9","2","26089","22.22"
"Lenawee","2","173","Michigan","5/19/20","161","12","26091","7.45"
"Livingston","2","465","Michigan","5/19/20","450","15","26093","3.33"
"Luce","0","2","Michigan","5/19/20","1","1","26095","100"
"Mackinac","0","6","Michigan","5/19/20","6","0","26097","0"
"Macomb","43","6480","Michigan","5/19/20","6179","301","26099","4.87"
"Manistee","0","12","Michigan","5/19/20","12","0","26101","0"
"Marquette","0","52","Michigan","5/19/20","51","1","26103","1.96"
"Mason","1","33","Michigan","5/19/20","27","6","26105","22.22"
"Mecosta","0","22","Michigan","5/19/20","19","3","26107","15.79"
"Menominee","0","8","Michigan","5/19/20","6","2","26109","33.33"
"Michigan Department of Corrections (MDOC)","144","3222","Michigan","5/19/20","2213","1009","00000","45.59"
"Midland","1","110","Michigan","5/19/20","100","10","26111","10"
"Missaukee","0","22","Michigan","5/19/20","22","0","26113","0"
"Monroe","6","470","Michigan","5/19/20","429","41","26115","9.56"
"Montcalm","2","61","Michigan","5/19/20","50","11","26117","22"
"Montmorency","0","5","Michigan","5/19/20","5","0","26119","0"
"Muskegon","17","522","Michigan","5/19/20","403","119","26121","29.53"
"Newaygo","2","56","Michigan","5/19/20","39","17","26123","43.59"
"Oakland","112","9763","Michigan","5/19/20","8980","783","26125","8.72"
"Oceana","3","66","Michigan","5/19/20","42","24","26127","57.14"
"Ogemaw","1","25","Michigan","5/19/20","20","5","26129","25"
"Osceola","0","12","Michigan","5/19/20","11","1","26133","9.09"
"Oscoda","0","8","Michigan","5/19/20","7","1","26135","14.29"
"Otsego","0","117","Michigan","5/19/20","116","1","26137","0.86"
"Ottawa","21","631","Michigan","5/19/20","481","150","26139","31.19"
"Out of MI","-9","13","Michigan","5/19/20","75","-62","80026","-82.67"
"Presque Isle","0","11","Michigan","5/19/20","11","0","26141","0"
"Roscommon","0","23","Michigan","5/19/20","22","1","26143","4.55"
"Saginaw","16","960","Michigan","5/19/20","845","115","26145","13.61"
"Sanilac","0","40","Michigan","5/19/20","39","1","26151","2.56"
"Schoolcraft","0","4","Michigan","5/19/20","4","0","26153","0"
"Shiawassee","3","253","Michigan","5/19/20","231","22","26155","9.52"
"St. Clair","7","473","Michigan","5/19/20","423","50","26147","11.82"
"St. Joseph","3","93","Michigan","5/19/20","73","20","26149","27.4"
"Tuscola","2","176","Michigan","5/19/20","164","12","26157","7.32"
"Van Buren","3","137","Michigan","5/19/20","113","24","26159","21.24"
"Washtenaw","8","1396","Michigan","5/19/20","1338","58","26161","4.33"
"Wayne","158","19837","Michigan","5/19/20","18734","1103","26163","5.89"
"Wexford","0","13","Michigan","5/19/20","13","0","26165","0"
"Aitkin","0","4","Minnesota","5/19/20","2","2","27001","100"
"Anoka","44","919","Minnesota","5/19/20","613","306","27003","49.92"
"Becker","1","32","Minnesota","5/19/20","25","7","27005","28"
"Beltrami","0","9","Minnesota","5/19/20","6","3","27007","50"
"Benton","6","142","Minnesota","5/19/20","100","42","27009","42"
"Big Stone","0","3","Minnesota","5/19/20","2","1","27011","50"
"Blue Earth","4","93","Minnesota","5/19/20","67","26","27013","38.81"
"Brown","0","10","Minnesota","5/19/20","9","1","27015","11.11"
"Carlton","0","67","Minnesota","5/19/20","65","2","27017","3.08"
"Carver","5","128","Minnesota","5/19/20","95","33","27019","34.74"
"Cass","0","11","Minnesota","5/19/20","8","3","27021","37.5"
"Chippewa","2","34","Minnesota","5/19/20","21","13","27023","61.9"
"Chisago","2","38","Minnesota","5/19/20","23","15","27025","65.22"
"Clay","9","318","Minnesota","5/19/20","254","64","27027","25.2"
"Clearwater","0","2","Minnesota","5/19/20","2","0","27029","0"
"Cottonwood","2","59","Minnesota","5/19/20","47","12","27033","25.53"
"Crow Wing","1","30","Minnesota","5/19/20","23","7","27035","30.43"
"Dakota","48","841","Minnesota","5/19/20","508","333","27037","65.55"
"Dodge","2","39","Minnesota","5/19/20","26","13","27039","50"
"Douglas","1","23","Minnesota","5/19/20","17","6","27041","35.29"
"Faribault","0","11","Minnesota","5/19/20","10","1","27043","10"
"Fillmore","0","17","Minnesota","5/19/20","14","3","27045","21.43"
"Freeborn","2","63","Minnesota","5/19/20","46","17","27047","36.96"
"Goodhue","1","36","Minnesota","5/19/20","26","10","27049","38.46"
"Grant","0","2","Minnesota","5/19/20","2","0","27051","0"
"Hennepin","231","5650","Minnesota","5/19/20","4033","1617","27053","40.09"
"Houston","0","2","Minnesota","5/19/20","2","0","27055","0"
"Isanti","1","19","Minnesota","5/19/20","10","9","27059","90"
"Itasca","2","49","Minnesota","5/19/20","35","14","27061","40"
"Jackson","0","36","Minnesota","5/19/20","33","3","27063","9.09"
"Kanabec","0","9","Minnesota","5/19/20","10","-1","27065","-10"
"Kandiyohi","8","420","Minnesota","5/19/20","367","53","27067","14.44"
"Kittson","0","1","Minnesota","5/19/20","1","0","27069","0"
"Koochiching","0","5","Minnesota","5/19/20","2","3","27071","150"
"Lac qui Parle","0","3","Minnesota","5/19/20","2","1","27073","50"
"Lake","0","1","Minnesota","5/19/20","1","0","27075","0"
"Le Sueur","1","36","Minnesota","5/19/20","31","5","27079","16.13"
"Lincoln","0","4","Minnesota","5/19/20","4","0","27081","0"
"Lyon","1","26","Minnesota","5/19/20","20","6","27083","30"
"Mahnomen","0","5","Minnesota","5/19/20","3","2","27087","66.67"
"Marshall","0","8","Minnesota","5/19/20","8","0","27089","0"
"Martin","2","123","Minnesota","5/19/20","112","11","27091","9.82"
"McLeod","1","18","Minnesota","5/19/20","14","4","27085","28.57"
"Meeker","2","38","Minnesota","5/19/20","23","15","27093","65.22"
"Mille Lacs","1","13","Minnesota","5/19/20","7","6","27095","85.71"
"Morrison","2","29","Minnesota","5/19/20","16","13","27097","81.25"
"Mower","4","72","Minnesota","5/19/20","45","27","27099","60"
"Murray","1","33","Minnesota","5/19/20","29","4","27101","13.79"
"Nicollet","3","43","Minnesota","5/19/20","22","21","27103","95.45"
"Nobles","15","1394","Minnesota","5/19/20","1291","103","27105","7.98"
"Norman","0","11","Minnesota","5/19/20","11","0","27107","0"
"Olmsted","14","479","Minnesota","5/19/20","378","101","27109","26.72"
"Otter Tail","4","51","Minnesota","5/19/20","25","26","27111","104"
"Pennington","0","3","Minnesota","5/19/20","1","2","27113","200"
"Pine","1","83","Minnesota","5/19/20","73","10","27115","13.7"
"Pipestone","0","10","Minnesota","5/19/20","7","3","27117","42.86"
"Polk","0","56","Minnesota","5/19/20","54","2","27119","3.7"
"Pope","0","5","Minnesota","5/19/20","5","0","27121","0"
"Ramsey","95","1720","Minnesota","5/19/20","1052","668","27123","63.5"
"Red Lake","0","3","Minnesota","5/19/20","2","1","27125","50"
"Redwood","0","3","Minnesota","5/19/20","3","0","27127","0"
"Renville","0","5","Minnesota","5/19/20","6","-1","27129","-16.67"
"Rice","19","270","Minnesota","5/19/20","134","136","27131","101.49"
"Rock","0","20","Minnesota","5/19/20","19","1","27133","5.26"
"Roseau","0","1","Minnesota","5/19/20","1","0","27135","0"
"Scott","15","271","Minnesota","5/19/20","168","103","27139","61.31"
"Sherburne","6","164","Minnesota","5/19/20","122","42","27141","34.43"
"Sibley","1","10","Minnesota","5/19/20","4","6","27143","150"
"St. Louis","2","107","Minnesota","5/19/20","96","11","27137","11.46"
"Stearns","39","1782","Minnesota","5/19/20","1512","270","27145","17.86"
"Steele","6","115","Minnesota","5/19/20","73","42","27147","57.53"
"Stevens","0","0","Minnesota","5/19/20","1","-1","27149","-100"
"Swift","1","13","Minnesota","5/19/20","9","4","27151","44.44"
"Todd","6","87","Minnesota","5/19/20","42","45","27153","107.14"
"Traverse","0","3","Minnesota","5/19/20","3","0","27155","0"
"Wabasha","0","16","Minnesota","5/19/20","13","3","27157","23.08"
"Wadena","0","6","Minnesota","5/19/20","4","2","27159","50"
"Waseca","1","21","Minnesota","5/19/20","16","5","27161","31.25"
"Washington","19","398","Minnesota","5/19/20","266","132","27163","49.62"
"Watonwan","2","41","Minnesota","5/19/20","28","13","27165","46.43"
"Wilkin","0","11","Minnesota","5/19/20","11","0","27167","0"
"Winona","1","75","Minnesota","5/19/20","71","4","27169","5.63"
"Wright","9","182","Minnesota","5/19/20","119","63","27171","52.94"
"Yellow Medicine","0","4","Minnesota","5/19/20","3","1","27173","33.33"
"Adams","2","177","Mississippi","5/19/20","161","16","28001","9.94"
"Alcorn","0","12","Mississippi","5/19/20","11","1","28003","9.09"
"Amite","1","45","Mississippi","5/19/20","38","7","28005","18.42"
"Attala","8","259","Mississippi","5/19/20","205","54","28007","26.34"
"Benton","0","13","Mississippi","5/19/20","14","-1","28009","-7.14"
"Bolivar","1","129","Mississippi","5/19/20","120","9","28011","7.5"
"Calhoun","0","59","Mississippi","5/19/20","58","1","28013","1.72"
"Carroll","1","110","Mississippi","5/19/20","105","5","28015","4.76"
"Chickasaw","3","116","Mississippi","5/19/20","94","22","28017","23.4"
"Choctaw","1","23","Mississippi","5/19/20","16","7","28019","43.75"
"Claiborne","1","51","Mississippi","5/19/20","41","10","28021","24.39"
"Clarke","4","113","Mississippi","5/19/20","87","26","28023","29.89"
"Clay","3","86","Mississippi","5/19/20","68","18","28025","26.47"
"Coahoma","2","85","Mississippi","5/19/20","72","13","28027","18.06"
"Copiah","6","207","Mississippi","5/19/20","165","42","28029","25.45"
"Covington","1","110","Mississippi","5/19/20","100","10","28031","10"
"DeSoto","8","404","Mississippi","5/19/20","346","58","28033","16.76"
"Forrest","15","435","Mississippi","5/19/20","331","104","28035","31.42"
"Franklin","0","21","Mississippi","5/19/20","19","2","28037","10.53"
"George","1","19","Mississippi","5/19/20","15","4","28039","26.67"
"Greene","0","7","Mississippi","5/19/20","6","1","28041","16.67"
"Grenada","1","60","Mississippi","5/19/20","52","8","28043","15.38"
"Hancock","1","81","Mississippi","5/19/20","74","7","28045","9.46"
"Harrison","2","218","Mississippi","5/19/20","201","17","28047","8.46"
"Hinds","15","786","Mississippi","5/19/20","681","105","28049","15.42"
"Holmes","12","310","Mississippi","5/19/20","224","86","28051","38.39"
"Humphreys","2","49","Mississippi","5/19/20","38","11","28053","28.95"
"Itawamba","1","79","Mississippi","5/19/20","70","9","28057","12.86"
"Jackson","2","287","Mississippi","5/19/20","276","11","28059","3.99"
"Jasper","3","116","Mississippi","5/19/20","92","24","28061","26.09"
"Jefferson","1","38","Mississippi","5/19/20","32","6","28063","18.75"
"Jefferson Davis","2","69","Mississippi","5/19/20","58","11","28065","18.97"
"Jones","14","358","Mississippi","5/19/20","260","98","28067","37.69"
"Kemper","1","105","Mississippi","5/19/20","97","8","28069","8.25"
"Lafayette","1","109","Mississippi","5/19/20","101","8","28071","7.92"
"Lamar","6","199","Mississippi","5/19/20","156","43","28073","27.56"
"Lauderdale","14","602","Mississippi","5/19/20","501","101","28075","20.16"
"Lawrence","1","80","Mississippi","5/19/20","70","10","28077","14.29"
"Leake","7","364","Mississippi","5/19/20","318","46","28079","14.47"
"Lee","2","96","Mississippi","5/19/20","81","15","28081","18.52"
"Leflore","2","202","Mississippi","5/19/20","191","11","28083","5.76"
"Lincoln","4","218","Mississippi","5/19/20","189","29","28085","15.34"
"Lowndes","6","132","Mississippi","5/19/20","91","41","28087","45.05"
"Madison","10","561","Mississippi","5/19/20","491","70","28089","14.26"
"Marion","1","93","Mississippi","5/19/20","84","9","28091","10.71"
"Marshall","1","67","Mississippi","5/19/20","58","9","28093","15.52"
"Monroe","3","220","Mississippi","5/19/20","202","18","28095","8.91"
"Montgomery","1","74","Mississippi","5/19/20","69","5","28097","7.25"
"Neshoba","15","429","Mississippi","5/19/20","326","103","28099","31.6"
"Newton","7","196","Mississippi","5/19/20","147","49","28101","33.33"
"Noxubee","4","145","Mississippi","5/19/20","117","28","28103","23.93"
"Oktibbeha","2","107","Mississippi","5/19/20","91","16","28105","17.58"
"Panola","1","52","Mississippi","5/19/20","45","7","28107","15.56"
"Pearl River","1","195","Mississippi","5/19/20","190","5","28109","2.63"
"Perry","0","37","Mississippi","5/19/20","35","2","28111","5.71"
"Pike","2","184","Mississippi","5/19/20","173","11","28113","6.36"
"Pontotoc","0","25","Mississippi","5/19/20","23","2","28115","8.7"
"Prentiss","0","36","Mississippi","5/19/20","36","0","28117","0"
"Quitman","1","21","Mississippi","5/19/20","17","4","28119","23.53"
"Rankin","6","295","Mississippi","5/19/20","256","39","28121","15.23"
"Scott","11","550","Mississippi","5/19/20","475","75","28123","15.79"
"Sharkey","0","7","Mississippi","5/19/20","5","2","28125","40"
"Simpson","2","78","Mississippi","5/19/20","63","15","28127","23.81"
"Smith","2","120","Mississippi","5/19/20","105","15","28129","14.29"
"Stone","0","24","Mississippi","5/19/20","23","1","28131","4.35"
"Sunflower","1","68","Mississippi","5/19/20","64","4","28133","6.25"
"Tallahatchie","1","21","Mississippi","5/19/20","13","8","28135","61.54"
"Tate","0","55","Mississippi","5/19/20","54","1","28137","1.85"
"Tippah","0","69","Mississippi","5/19/20","66","3","28139","4.55"
"Tishomingo","2","21","Mississippi","5/19/20","10","11","28141","110"
"Tunica","1","45","Mississippi","5/19/20","40","5","28143","12.5"
"Union","2","65","Mississippi","5/19/20","54","11","28145","20.37"
"Walthall","0","44","Mississippi","5/19/20","42","2","28147","4.76"
"Warren","2","135","Mississippi","5/19/20","122","13","28149","10.66"
"Washington","6","128","Mississippi","5/19/20","86","42","28151","48.84"
"Wayne","2","45","Mississippi","5/19/20","29","16","28153","55.17"
"Webster","0","22","Mississippi","5/19/20","22","0","28155","0"
"Wilkinson","0","78","Mississippi","5/19/20","78","0","28157","0"
"Winston","3","86","Mississippi","5/19/20","67","19","28159","28.36"
"Yalobusha","6","75","Mississippi","5/19/20","36","39","28161","108.33"
"Yazoo","3","192","Mississippi","5/19/20","169","23","28163","13.61"
"Adair","2","29","Missouri","5/19/20","12","17","29001","141.67"
"Andrew","2","19","Missouri","5/19/20","8","11","29003","137.5"
"Atchison","0","2","Missouri","5/19/20","2","0","29005","0"
"Audrain","1","6","Missouri","5/19/20","2","4","29007","200"
"Barry","0","6","Missouri","5/19/20","6","0","29009","0"
"Bates","0","7","Missouri","5/19/20","6","1","29013","16.67"
"Benton","0","9","Missouri","5/19/20","8","1","29015","12.5"
"Bollinger","0","4","Missouri","5/19/20","4","0","29017","0"
"Boone","1","106","Missouri","5/19/20","100","6","29019","6"
"Buchanan","11","543","Missouri","5/19/20","464","79","29021","17.03"
"Butler","1","32","Missouri","5/19/20","27","5","29023","18.52"
"Caldwell","0","4","Missouri","5/19/20","3","1","29025","33.33"
"Callaway","0","23","Missouri","5/19/20","23","0","29027","0"
"Camden","0","36","Missouri","5/19/20","36","0","29029","0"
"Cape Girardeau","0","54","Missouri","5/19/20","52","2","29031","3.85"
"Carroll","0","7","Missouri","5/19/20","4","3","29033","75"
"Carter","0","4","Missouri","5/19/20","3","1","29035","33.33"
"Cass","0","72","Missouri","5/19/20","69","3","29037","4.35"
"Cedar","0","9","Missouri","5/19/20","9","0","29039","0"
"Chariton","0","6","Missouri","5/19/20","5","1","29041","20"
"Christian","0","21","Missouri","5/19/20","21","0","29043","0"
"Clark","0","1","Missouri","5/19/20","1","0","29045","0"
"Clay","4","123","Missouri","5/19/20","96","27","29047","28.12"
"Clinton","0","17","Missouri","5/19/20","14","3","29049","21.43"
"Cole","0","56","Missouri","5/19/20","56","0","29051","0"
"Cooper","0","9","Missouri","5/19/20","9","0","29053","0"
"Crawford","0","9","Missouri","5/19/20","8","1","29055","12.5"
"Dallas","0","3","Missouri","5/19/20","2","1","29059","50"
"Daviess","0","3","Missouri","5/19/20","3","0","29061","0"
"DeKalb","0","4","Missouri","5/19/20","4","0","29063","0"
"Dunklin","0","26","Missouri","5/19/20","24","2","29069","8.33"
"Franklin","1","135","Missouri","5/19/20","131","4","29071","3.05"
"Gasconade","0","2","Missouri","5/19/20","2","0","29073","0"
"Gentry","0","3","Missouri","5/19/20","1","2","29075","200"
"Greene","1","107","Missouri","5/19/20","103","4","29077","3.88"
"Harrison","0","8","Missouri","5/19/20","6","2","29081","33.33"
"Henry","0","9","Missouri","5/19/20","9","0","29083","0"
"Holt","0","1","Missouri","5/19/20","1","0","29087","0"
"Howard","0","3","Missouri","5/19/20","3","0","29089","0"
"Howell","0","5","Missouri","5/19/20","5","0","29091","0"
"Iron","0","2","Missouri","5/19/20","2","0","29093","0"
"Jackson","8","457","Missouri","5/19/20","402","55","29095","13.68"
"Jasper","0","29","Missouri","5/19/20","29","0","29097","0"
"Jefferson","3","331","Missouri","5/19/20","310","21","29099","6.77"
"Johnson","1","72","Missouri","5/19/20","65","7","29101","10.77"
"Kansas City","16","902","Missouri","5/19/20","791","111","00000","14.03"
"Laclede","0","3","Missouri","5/19/20","3","0","29105","0"
"Lafayette","1","68","Missouri","5/19/20","62","6","29107","9.68"
"Lawrence","0","8","Missouri","5/19/20","7","1","29109","14.29"
"Lewis","0","7","Missouri","5/19/20","6","1","29111","16.67"
"Lincoln","0","105","Missouri","5/19/20","103","2","29113","1.94"
"Linn","0","5","Missouri","5/19/20","5","0","29115","0"
"Livingston","0","3","Missouri","5/19/20","3","0","29117","0"
"Macon","0","2","Missouri","5/19/20","2","0","29121","0"
"Madison","0","3","Missouri","5/19/20","3","0","29123","0"
"Maries","0","2","Missouri","5/19/20","2","0","29125","0"
"Marion","0","5","Missouri","5/19/20","5","0","29127","0"
"McDonald","1","14","Missouri","5/19/20","5","9","29119","180"
"Miller","0","4","Missouri","5/19/20","4","0","29131","0"
"Mississippi","0","49","Missouri","5/19/20","49","0","29133","0"
"Moniteau","0","44","Missouri","5/19/20","44","0","29135","0"
"Montgomery","0","7","Missouri","5/19/20","7","0","29139","0"
"Morgan","0","8","Missouri","5/19/20","7","1","29141","14.29"
"New Madrid","0","14","Missouri","5/19/20","13","1","29143","7.69"
"Newton","1","16","Missouri","5/19/20","11","5","29145","45.45"
"Nodaway","0","6","Missouri","5/19/20","5","1","29147","20"
"Oregon","0","2","Missouri","5/19/20","2","0","29149","0"
"Osage","0","5","Missouri","5/19/20","5","0","29151","0"
"Pemiscot","1","70","Missouri","5/19/20","65","5","29155","7.69"
"Perry","0","47","Missouri","5/19/20","45","2","29157","4.44"
"Pettis","0","70","Missouri","5/19/20","68","2","29159","2.94"
"Phelps","0","3","Missouri","5/19/20","2","1","29161","50"
"Pike","0","14","Missouri","5/19/20","13","1","29163","7.69"
"Platte","2","58","Missouri","5/19/20","45","13","29165","28.89"
"Polk","0","2","Missouri","5/19/20","1","1","29167","100"
"Pulaski","0","33","Missouri","5/19/20","36","-3","29169","-8.33"
"Ralls","0","2","Missouri","5/19/20","2","0","29173","0"
"Randolph","0","8","Missouri","5/19/20","8","0","29175","0"
"Ray","0","14","Missouri","5/19/20","12","2","29177","16.67"
"Reynolds","0","2","Missouri","5/19/20","2","0","29179","0"
"Ripley","0","7","Missouri","5/19/20","5","2","29181","40"
"Saline","5","257","Missouri","5/19/20","219","38","29195","17.35"
"Scotland","0","4","Missouri","5/19/20","4","0","29199","0"
"Scott","1","86","Missouri","5/19/20","82","4","29201","4.88"
"Shelby","0","1","Missouri","5/19/20","1","0","29205","0"
"St. Charles","6","712","Missouri","5/19/20","673","39","29183","5.79"
"St. Clair","0","3","Missouri","5/19/20","2","1","29185","50"
"St. Francois","0","33","Missouri","5/19/20","33","0","29187","0"
"St. Louis","55","4432","Missouri","5/19/20","4046","386","29189","9.54"
"St. Louis City","22","1705","Missouri","5/19/20","1549","156","29510","10.07"
"Ste. Genevieve","0","8","Missouri","5/19/20","8","0","29186","0"
"Stoddard","4","58","Missouri","5/19/20","29","29","29207","100"
"Stone","0","4","Missouri","5/19/20","3","1","29209","33.33"
"Sullivan","5","37","Missouri","5/19/20","2","35","29211","1750"
"Taney","0","12","Missouri","5/19/20","12","0","29213","0"
"Vernon","0","5","Missouri","5/19/20","4","1","29217","25"
"Warren","0","28","Missouri","5/19/20","28","0","29219","0"
"Washington","0","9","Missouri","5/19/20","9","0","29221","0"
"Webster","0","17","Missouri","5/19/20","16","1","29225","6.25"
"Worth","0","3","Missouri","5/19/20","1","2","29227","200"
"Wright","0","11","Missouri","5/19/20","10","1","29229","10"
"Beaverhead","0","1","Montana","5/19/20","1","0","30001","0"
"Big Horn","1","8","Montana","5/19/20","4","4","30003","100"
"Broadwater","0","4","Montana","5/19/20","4","0","30007","0"
"Carbon","0","6","Montana","5/19/20","6","0","30009","0"
"Cascade","0","17","Montana","5/19/20","17","0","30013","0"
"Deer Lodge","0","3","Montana","5/19/20","3","0","30023","0"
"Flathead","0","37","Montana","5/19/20","37","0","30029","0"
"Gallatin","0","149","Montana","5/19/20","149","0","30031","0"
"Glacier","0","6","Montana","5/19/20","6","0","30035","0"
"Golden Valley","0","3","Montana","5/19/20","3","0","30037","0"
"Hill","0","1","Montana","5/19/20","1","0","30041","0"
"Jefferson","0","3","Montana","5/19/20","3","0","30043","0"
"Lake","0","5","Montana","5/19/20","5","0","30047","0"
"Lewis and Clark","0","16","Montana","5/19/20","16","0","30049","0"
"Liberty","0","1","Montana","5/19/20","1","0","30051","0"
"Lincoln","0","7","Montana","5/19/20","7","0","30053","0"
"Madison","0","8","Montana","5/19/20","8","0","30057","0"
"Meagher","0","1","Montana","5/19/20","1","0","30059","0"
"Missoula","0","39","Montana","5/19/20","39","0","30063","0"
"Musselshell","0","1","Montana","5/19/20","1","0","30065","0"
"Park","0","8","Montana","5/19/20","8","0","30067","0"
"Pondera","0","2","Montana","5/19/20","2","0","30073","0"
"Ravalli","0","6","Montana","5/19/20","5","1","30081","20"
"Richland","0","3","Montana","5/19/20","3","0","30083","0"
"Roosevelt","0","7","Montana","5/19/20","7","0","30085","0"
"Silver Bow","0","11","Montana","5/19/20","11","0","30093","0"
"Stillwater","0","1","Montana","5/19/20","1","0","30095","0"
"Toole","0","29","Montana","5/19/20","29","0","30101","0"
"Wheatland","0","1","Montana","5/19/20","1","0","30107","0"
"Yellowstone","1","87","Montana","5/19/20","82","5","30111","6.1"
"Adams","4","255","Nebraska","5/19/20","228","27","31001","11.84"
"Antelope","0","7","Nebraska","5/19/20","5","2","31003","40"
"Boone","0","3","Nebraska","5/19/20","2","1","31011","50"
"Box Butte","0","1","Nebraska","5/19/20","1","0","31013","0"
"Buffalo","1","136","Nebraska","5/19/20","126","10","31019","7.94"
"Burt","0","5","Nebraska","5/19/20","6","-1","31021","-16.67"
"Butler","2","34","Nebraska","5/19/20","23","11","31023","47.83"
"Cass","1","23","Nebraska","5/19/20","13","10","31025","76.92"
"Cedar","0","6","Nebraska","5/19/20","6","0","31027","0"
"Cherry","0","1","Nebraska","5/19/20","1","0","31031","0"
"Cheyenne","0","9","Nebraska","5/19/20","8","1","31033","12.5"
"Clay","1","19","Nebraska","5/19/20","11","8","31035","72.73"
"Colfax","14","532","Nebraska","5/19/20","431","101","31037","23.43"
"Cuming","0","17","Nebraska","5/19/20","14","3","31039","21.43"
"Custer","0","29","Nebraska","5/19/20","27","2","31041","7.41"
"Dakota","16","1476","Nebraska","5/19/20","1362","114","31043","8.37"
"Dawes","0","2","Nebraska","5/19/20","1","1","31045","100"
"Dawson","13","811","Nebraska","5/19/20","717","94","31047","13.11"
"Dixon","0","27","Nebraska","5/19/20","24","3","31051","12.5"
"Dodge","15","274","Nebraska","5/19/20","166","108","31053","65.06"
"Douglas","131","2583","Nebraska","5/19/20","1668","915","31055","54.86"
"Fillmore","0","4","Nebraska","5/19/20","3","1","31059","33.33"
"Franklin","0","5","Nebraska","5/19/20","5","0","31061","0"
"Frontier","0","1","Nebraska","5/19/20","1","0","31063","0"
"Furnas","0","6","Nebraska","5/19/20","4","2","31065","50"
"Gage","0","43","Nebraska","5/19/20","41","2","31067","4.88"
"Garfield","0","0","Nebraska","5/19/20","1","-1","31071","-100"
"Gosper","0","13","Nebraska","5/19/20","13","0","31073","0"
"Greeley","0","2","Nebraska","5/19/20","2","0","31077","0"
"Hall","13","1435","Nebraska","5/19/20","1344","91","31079","6.77"
"Hamilton","1","52","Nebraska","5/19/20","46","6","31081","13.04"
"Hitchcock","0","1","Nebraska","5/19/20","1","0","31087","0"
"Holt","0","1","Nebraska","5/19/20","1","0","31089","0"
"Howard","2","38","Nebraska","5/19/20","23","15","31093","65.22"
"Jefferson","0","6","Nebraska","5/19/20","5","1","31095","20"
"Johnson","0","7","Nebraska","5/19/20","5","2","31097","40"
"Kearney","0","11","Nebraska","5/19/20","9","2","31099","22.22"
"Keith","0","2","Nebraska","5/19/20","2","0","31101","0"
"Kimball","0","9","Nebraska","5/19/20","9","0","31105","0"
"Knox","0","8","Nebraska","5/19/20","6","2","31107","33.33"
"Lancaster","37","912","Nebraska","5/19/20","650","262","31109","40.31"
"Lincoln","1","45","Nebraska","5/19/20","40","5","31111","12.5"
"Madison","2","271","Nebraska","5/19/20","256","15","31119","5.86"
"Merrick","1","29","Nebraska","5/19/20","23","6","31121","26.09"
"Morrill","0","10","Nebraska","5/19/20","9","1","31123","11.11"
"Nance","0","4","Nebraska","5/19/20","4","0","31125","0"
"Nemaha","0","3","Nebraska","5/19/20","1","2","31127","200"
"Nuckolls","0","1","Nebraska","5/19/20","0","1","31129","1"
"Otoe","1","6","Nebraska","5/19/20","2","4","31131","200"
"Phelps","0","13","Nebraska","5/19/20","11","2","31137","18.18"
"Pierce","0","1","Nebraska","5/19/20","1","0","31139","0"
"Platte","14","481","Nebraska","5/19/20","382","99","31141","25.92"
"Polk","0","9","Nebraska","5/19/20","9","0","31143","0"
"Red Willow","0","5","Nebraska","5/19/20","5","0","31145","0"
"Richardson","0","1","Nebraska","5/19/20","0","1","31147","1"
"Saline","10","436","Nebraska","5/19/20","367","69","31151","18.8"
"Sarpy","16","366","Nebraska","5/19/20","257","109","31153","42.41"
"Saunders","2","22","Nebraska","5/19/20","11","11","31155","100"
"Scotts Bluff","1","54","Nebraska","5/19/20","46","8","31157","17.39"
"Seward","1","26","Nebraska","5/19/20","17","9","31159","52.94"
"Sherman","0","2","Nebraska","5/19/20","2","0","31163","0"
"Stanton","1","15","Nebraska","5/19/20","8","7","31167","87.5"
"Thomas","0","1","Nebraska","5/19/20","1","0","31171","0"
"Thurston","1","19","Nebraska","5/19/20","13","6","31173","46.15"
"Valley","0","3","Nebraska","5/19/20","1","2","31175","200"
"Washington","0","24","Nebraska","5/19/20","23","1","31177","4.35"
"Wayne","0","4","Nebraska","5/19/20","2","2","31179","100"
"Webster","0","5","Nebraska","5/19/20","5","0","31181","0"
"York","1","30","Nebraska","5/19/20","25","5","31185","20"
"Carson City","2","75","Nevada","5/19/20","58","17","32510","29.31"
"Churchill","0","6","Nevada","5/19/20","5","1","32001","20"
"Clark","85","5463","Nevada","5/19/20","4869","594","32003","12.2"
"Douglas","0","25","Nevada","5/19/20","24","1","32005","4.17"
"Elko","0","21","Nevada","5/19/20","18","3","32007","16.67"
"Humboldt","0","74","Nevada","5/19/20","71","3","32013","4.23"
"Lander","0","19","Nevada","5/19/20","19","0","32015","0"
"Lincoln","0","2","Nevada","5/19/20","2","0","32017","0"
"Lyon","1","49","Nevada","5/19/20","45","4","32019","8.89"
"Mineral","0","4","Nevada","5/19/20","4","0","32021","0"
"Nye","1","58","Nevada","5/19/20","48","10","32023","20.83"
"Storey","0","1","Nevada","5/19/20","0","1","32029","1"
"Washoe","26","1295","Nevada","5/19/20","1116","179","32031","16.04"
"White Pine","0","4","Nevada","5/19/20","3","1","32033","33.33"
"Belknap","1","53","New Hampshire","5/19/20","47","6","33001","12.77"
"Carroll","1","44","New Hampshire","5/19/20","37","7","33003","18.92"
"Cheshire","1","49","New Hampshire","5/19/20","44","5","33005","11.36"
"Coos","0","4","New Hampshire","5/19/20","2","2","33007","100"
"Grafton","1","63","New Hampshire","5/19/20","57","6","33009","10.53"
"Hillsborough","38","1820","New Hampshire","5/19/20","1551","269","33011","17.34"
"Merrimack","4","283","New Hampshire","5/19/20","252","31","33013","12.3"
"Rockingham","18","1138","New Hampshire","5/19/20","1010","128","33015","12.67"
"Strafford","6","240","New Hampshire","5/19/20","199","41","33017","20.6"
"Sullivan","0","16","New Hampshire","5/19/20","14","2","33019","14.29"
"Atlantic","40","1838","New Jersey","5/19/20","1558","280","34001","17.97"
"Bergen","62","17522","New Jersey","5/19/20","17091","431","34003","2.52"
"Burlington","43","4000","New Jersey","5/19/20","3697","303","34005","8.2"
"Camden","86","5644","New Jersey","5/19/20","5043","601","34007","11.92"
"Cape May","7","518","New Jersey","5/19/20","471","47","34009","9.98"
"Cumberland","47","1759","New Jersey","5/19/20","1427","332","34011","23.27"
"Essex","132","16747","New Jersey","5/19/20","15826","921","34013","5.82"
"Gloucester","32","1935","New Jersey","5/19/20","1710","225","34015","13.16"
"Hudson","143","18679","New Jersey","5/19/20","17677","1002","34017","5.67"
"Hunterdon","22","885","New Jersey","5/19/20","729","156","34019","21.4"
"Mercer","85","6018","New Jersey","5/19/20","5426","592","34021","10.91"
"Middlesex","102","14834","New Jersey","5/19/20","14121","713","34023","5.05"
"Monmouth","61","7470","New Jersey","5/19/20","7041","429","34025","6.09"
"Morris","27","6100","New Jersey","5/19/20","5908","192","34027","3.25"
"Ocean","62","8067","New Jersey","5/19/20","7633","434","34029","5.69"
"Passaic","94","15371","New Jersey","5/19/20","14716","655","34031","4.45"
"Salem","7","470","New Jersey","5/19/20","418","52","34033","12.44"
"Somerset","28","4312","New Jersey","5/19/20","4115","197","34035","4.79"
"Sussex","3","1065","New Jersey","5/19/20","1046","19","34037","1.82"
"Union","118","15031","New Jersey","5/19/20","14203","828","34039","5.83"
"Warren","4","1091","New Jersey","5/19/20","1061","30","34041","2.83"
"Bernalillo","16","1225","New Mexico","5/19/20","1111","114","35001","10.26"
"Catron","0","2","New Mexico","5/19/20","2","0","35003","0"
"Chaves","0","31","New Mexico","5/19/20","28","3","35005","10.71"
"Cibola","3","108","New Mexico","5/19/20","89","19","35006","21.35"
"Colfax","0","5","New Mexico","5/19/20","5","0","35007","0"
"Curry","2","43","New Mexico","5/19/20","32","11","35009","34.38"
"Dona Ana","11","319","New Mexico","5/19/20","245","74","35013","30.2"
"Eddy","0","17","New Mexico","5/19/20","14","3","35015","21.43"
"Grant","0","16","New Mexico","5/19/20","15","1","35017","6.67"
"Guadalupe","0","19","New Mexico","5/19/20","17","2","35019","11.76"
"Harding","0","1","New Mexico","5/19/20","1","0","35021","0"
"Hidalgo","0","1","New Mexico","5/19/20","0","1","35023","1"
"Lea","0","18","New Mexico","5/19/20","15","3","35025","20"
"Lincoln","0","3","New Mexico","5/19/20","2","1","35027","50"
"Los Alamos","0","6","New Mexico","5/19/20","6","0","35028","0"
"Luna","0","8","New Mexico","5/19/20","8","0","35029","0"
"McKinley","51","1987","New Mexico","5/19/20","1628","359","35031","22.05"
"Otero","0","8","New Mexico","5/19/20","9","-1","35035","-11.11"
"Quay","0","5","New Mexico","5/19/20","5","0","35037","0"
"Rio Arriba","1","33","New Mexico","5/19/20","28","5","35039","17.86"
"Roosevelt","2","27","New Mexico","5/19/20","12","15","35041","125"
"San Juan","37","1408","New Mexico","5/19/20","1149","259","35045","22.54"
"San Miguel","0","10","New Mexico","5/19/20","7","3","35047","42.86"
"Sandoval","3","498","New Mexico","5/19/20","474","24","35043","5.06"
"Santa Fe","2","126","New Mexico","5/19/20","112","14","35049","12.5"
"Sierra","0","1","New Mexico","5/19/20","1","0","35051","0"
"Socorro","0","49","New Mexico","5/19/20","49","0","35053","0"
"Taos","0","22","New Mexico","5/19/20","21","1","35055","4.76"
"Torrance","0","19","New Mexico","5/19/20","18","1","35057","5.56"
"Union","0","3","New Mexico","5/19/20","3","0","35059","0"
"Valencia","2","68","New Mexico","5/19/20","57","11","35061","19.3"
"Albany","25","1655","New York","5/19/20","1479","176","36001","11.9"
"Allegany","0","44","New York","5/19/20","42","2","36003","4.76"
"Broome","7","429","New York","5/19/20","379","50","36007","13.19"
"Cattaraugus","1","69","New York","5/19/20","61","8","36009","13.11"
"Cayuga","1","68","New York","5/19/20","60","8","36011","13.33"
"Chautauqua","1","49","New York","5/19/20","42","7","36013","16.67"
"Chemung","0","134","New York","5/19/20","131","3","36015","2.29"
"Chenango","1","118","New York","5/19/20","112","6","36017","5.36"
"Clinton","2","94","New York","5/19/20","77","17","36019","22.08"
"Columbia","5","350","New York","5/19/20","314","36","36021","11.46"
"Cortland","1","36","New York","5/19/20","30","6","36023","20"
"Delaware","1","69","New York","5/19/20","65","4","36025","6.15"
"Dutchess","44","3710","New York","5/19/20","3399","311","36027","9.15"
"Erie","72","5037","New York","5/19/20","4530","507","36029","11.19"
"Essex","0","34","New York","5/19/20","32","2","36031","6.25"
"Franklin","0","18","New York","5/19/20","17","1","36033","5.88"
"Fulton","7","182","New York","5/19/20","135","47","36035","34.81"
"Genesee","1","182","New York","5/19/20","174","8","36037","4.6"
"Greene","1","214","New York","5/19/20","206","8","36039","3.88"
"Hamilton","0","5","New York","5/19/20","5","0","36041","0"
"Herkimer","2","92","New York","5/19/20","81","11","36043","13.58"
"Jefferson","0","71","New York","5/19/20","68","3","36045","4.41"
"Lewis","1","18","New York","5/19/20","11","7","36049","63.64"
"Livingston","1","111","New York","5/19/20","102","9","36051","8.82"
"Madison","1","260","New York","5/19/20","251","9","36053","3.59"
"Monroe","69","2376","New York","5/19/20","1890","486","36055","25.71"
"Montgomery","1","75","New York","5/19/20","67","8","36057","11.94"
"Nassau","123","39295","New York","5/19/20","38434","861","36059","2.24"
"New York","1100","193821","New York","5/19/20","186123","7698","36061","4.14"
"Niagara","25","845","New York","5/19/20","671","174","36063","25.93"
"Oneida","16","785","New York","5/19/20","676","109","36065","16.12"
"Onondaga","51","1665","New York","5/19/20","1308","357","36067","27.29"
"Ontario","6","152","New York","5/19/20","107","45","36069","42.06"
"Orange","51","9988","New York","5/19/20","9632","356","36071","3.7"
"Orleans","5","168","New York","5/19/20","133","35","36073","26.32"
"Oswego","2","89","New York","5/19/20","76","13","36075","17.11"
"Otsego","0","67","New York","5/19/20","67","0","36077","0"
"Putnam","9","1159","New York","5/19/20","1098","61","36079","5.56"
"Rensselaer","4","444","New York","5/19/20","416","28","36083","6.73"
"Rockland","42","12798","New York","5/19/20","12504","294","36087","2.35"
"Saratoga","4","436","New York","5/19/20","407","29","36091","7.13"
"Schenectady","7","631","New York","5/19/20","581","50","36093","8.61"
"Schoharie","0","48","New York","5/19/20","46","2","36095","4.35"
"Schuyler","0","10","New York","5/19/20","8","2","36097","25"
"Seneca","0","51","New York","5/19/20","49","2","36099","4.08"
"St. Lawrence","0","192","New York","5/19/20","191","1","36089","0.52"
"Steuben","1","236","New York","5/19/20","229","7","36101","3.06"
"Suffolk","181","38327","New York","5/19/20","37062","1265","36103","3.41"
"Sullivan","20","1258","New York","5/19/20","1119","139","36105","12.42"
"Tioga","1","113","New York","5/19/20","107","6","36107","5.61"
"Tompkins","1","142","New York","5/19/20","132","10","36109","7.58"
"Ulster","14","1565","New York","5/19/20","1465","100","36111","6.83"
"Warren","2","235","New York","5/19/20","221","14","36113","6.33"
"Washington","1","220","New York","5/19/20","210","10","36115","4.76"
"Wayne","2","98","New York","5/19/20","83","15","36117","18.07"
"Westchester","133","32402","New York","5/19/20","31472","930","36119","2.96"
"Wyoming","0","79","New York","5/19/20","77","2","36121","2.6"
"Yates","1","26","New York","5/19/20","21","5","36123","23.81"
"Alamance","6","224","North Carolina","5/19/20","183","41","37001","22.4"
"Alexander","1","21","North Carolina","5/19/20","13","8","37003","61.54"
"Alleghany","1","12","North Carolina","5/19/20","8","4","37005","50"
"Anson","2","50","North Carolina","5/19/20","39","11","37007","28.21"
"Ashe","2","28","North Carolina","5/19/20","14","14","37009","100"
"Avery","0","1","North Carolina","5/19/20","0","1","37011","1"
"Beaufort","1","30","North Carolina","5/19/20","25","5","37013","20"
"Bertie","3","89","North Carolina","5/19/20","67","22","37015","32.84"
"Bladen","2","73","North Carolina","5/19/20","60","13","37017","21.67"
"Brunswick","1","58","North Carolina","5/19/20","51","7","37019","13.73"
"Buncombe","10","176","North Carolina","5/19/20","105","71","37021","67.62"
"Burke","7","198","North Carolina","5/19/20","146","52","37023","35.62"
"Cabarrus","4","385","North Carolina","5/19/20","356","29","37025","8.15"
"Caldwell","3","86","North Carolina","5/19/20","64","22","37027","34.38"
"Camden","0","2","North Carolina","5/19/20","2","0","37029","0"
"Carteret","0","36","North Carolina","5/19/20","35","1","37031","2.86"
"Caswell","0","44","North Carolina","5/19/20","42","2","37033","4.76"
"Catawba","4","111","North Carolina","5/19/20","83","28","37035","33.73"
"Chatham","7","512","North Carolina","5/19/20","461","51","37037","11.06"
"Cherokee","0","27","North Carolina","5/19/20","27","0","37039","0"
"Chowan","1","15","North Carolina","5/19/20","11","4","37041","36.36"
"Clay","0","8","North Carolina","5/19/20","8","0","37043","0"
"Cleveland","1","55","North Carolina","5/19/20","50","5","37045","10"
"Columbus","5","250","North Carolina","5/19/20","213","37","37047","17.37"
"Craven","10","129","North Carolina","5/19/20","57","72","37049","126.32"
"Cumberland","10","471","North Carolina","5/19/20","399","72","37051","18.05"
"Currituck","0","11","North Carolina","5/19/20","9","2","37053","22.22"
"Dare","0","22","North Carolina","5/19/20","21","1","37055","4.76"
"Davidson","9","293","North Carolina","5/19/20","227","66","37057","29.07"
"Davie","1","46","North Carolina","5/19/20","37","9","37059","24.32"
"Duplin","25","438","North Carolina","5/19/20","266","172","37061","64.66"
"Durham","18","1040","North Carolina","5/19/20","914","126","37063","13.79"
"Edgecombe","2","171","North Carolina","5/19/20","156","15","37065","9.62"
"Forsyth","36","698","North Carolina","5/19/20","445","253","37067","56.85"
"Franklin","1","124","North Carolina","5/19/20","114","10","37069","8.77"
"Gaston","4","208","North Carolina","5/19/20","178","30","37071","16.85"
"Gates","0","14","North Carolina","5/19/20","11","3","37073","27.27"
"Graham","0","2","North Carolina","5/19/20","2","0","37075","0"
"Granville","4","201","North Carolina","5/19/20","170","31","37077","18.24"
"Greene","2","51","North Carolina","5/19/20","37","14","37079","37.84"
"Guilford","32","872","North Carolina","5/19/20","649","223","37081","34.36"
"Halifax","2","113","North Carolina","5/19/20","96","17","37083","17.71"
"Harnett","3","247","North Carolina","5/19/20","228","19","37085","8.33"
"Haywood","1","26","North Carolina","5/19/20","18","8","37087","44.44"
"Henderson","7","288","North Carolina","5/19/20","237","51","37089","21.52"
"Hertford","0","53","North Carolina","5/19/20","51","2","37091","3.92"
"Hoke","4","152","North Carolina","5/19/20","123","29","37093","23.58"
"Hyde","0","1","North Carolina","5/19/20","1","0","37095","0"
"Iredell","5","192","North Carolina","5/19/20","158","34","37097","21.52"
"Jackson","0","24","North Carolina","5/19/20","22","2","37099","9.09"
"Johnston","6","259","North Carolina","5/19/20","214","45","37101","21.03"
"Jones","0","23","North Carolina","5/19/20","20","3","37103","15"
"Lee","6","322","North Carolina","5/19/20","278","44","37105","15.83"
"Lenoir","5","158","North Carolina","5/19/20","124","34","37107","27.42"
"Lincoln","1","48","North Carolina","5/19/20","40","8","37109","20"
"Macon","0","5","North Carolina","5/19/20","3","2","37113","66.67"
"Madison","0","2","North Carolina","5/19/20","1","1","37115","100"
"Martin","0","36","North Carolina","5/19/20","33","3","37117","9.09"
"McDowell","0","32","North Carolina","5/19/20","30","2","37111","6.67"
"Mecklenburg","71","2652","North Carolina","5/19/20","2158","494","37119","22.89"
"Mitchell","0","8","North Carolina","5/19/20","5","3","37121","60"
"Montgomery","2","57","North Carolina","5/19/20","46","11","37123","23.91"
"Moore","2","167","North Carolina","5/19/20","156","11","37125","7.05"
"Nash","3","153","North Carolina","5/19/20","129","24","37127","18.6"
"New Hanover","3","140","North Carolina","5/19/20","117","23","37129","19.66"
"Northampton","1","130","North Carolina","5/19/20","123","7","37131","5.69"
"Onslow","2","75","North Carolina","5/19/20","58","17","37133","29.31"
"Orange","3","277","North Carolina","5/19/20","259","18","37135","6.95"
"Pamlico","0","9","North Carolina","5/19/20","8","1","37137","12.5"
"Pasquotank","1","88","North Carolina","5/19/20","82","6","37139","7.32"
"Pender","1","49","North Carolina","5/19/20","39","10","37141","25.64"
"Perquimans","1","23","North Carolina","5/19/20","19","4","37143","21.05"
"Person","0","33","North Carolina","5/19/20","31","2","37145","6.45"
"Pitt","5","213","North Carolina","5/19/20","178","35","37147","19.66"
"Polk","0","32","North Carolina","5/19/20","31","1","37149","3.23"
"Randolph","15","461","North Carolina","5/19/20","355","106","37151","29.86"
"Richmond","3","115","North Carolina","5/19/20","91","24","37153","26.37"
"Robeson","16","531","North Carolina","5/19/20","417","114","37155","27.34"
"Rockingham","0","46","North Carolina","5/19/20","43","3","37157","6.98"
"Rowan","7","540","North Carolina","5/19/20","488","52","37159","10.66"
"Rutherford","0","153","North Carolina","5/19/20","154","-1","37161","-0.65"
"Sampson","13","259","North Carolina","5/19/20","170","89","37163","52.35"
"Scotland","1","53","North Carolina","5/19/20","43","10","37165","23.26"
"Stanly","0","32","North Carolina","5/19/20","30","2","37167","6.67"
"Stokes","3","36","North Carolina","5/19/20","14","22","37169","157.14"
"Surry","7","95","North Carolina","5/19/20","45","50","37171","111.11"
"Swain","0","6","North Carolina","5/19/20","5","1","37173","20"
"Transylvania","0","7","North Carolina","5/19/20","7","0","37175","0"
"Tyrrell","0","4","North Carolina","5/19/20","4","0","37177","0"
"Union","8","358","North Carolina","5/19/20","301","57","37179","18.94"
"Vance","4","195","North Carolina","5/19/20","168","27","37181","16.07"
"Wake","25","1253","North Carolina","5/19/20","1076","177","37183","16.45"
"Warren","1","29","North Carolina","5/19/20","23","6","37185","26.09"
"Washington","0","26","North Carolina","5/19/20","25","1","37187","4"
"Watauga","0","11","North Carolina","5/19/20","9","2","37189","22.22"
"Wayne","16","867","North Carolina","5/19/20","755","112","37191","14.83"
"Wilkes","26","425","North Carolina","5/19/20","243","182","37193","74.9"
"Wilson","5","249","North Carolina","5/19/20","216","33","37195","15.28"
"Yadkin","7","109","North Carolina","5/19/20","60","49","37197","81.67"
"Yancey","0","10","North Carolina","5/19/20","9","1","37199","11.11"
"Barnes","0","4","North Dakota","5/19/20","4","0","38003","0"
"Benson","0","1","North Dakota","5/19/20","2","-1","38005","-50"
"Bottineau","0","1","North Dakota","5/19/20","0","1","38009","1"
"Bowman","0","1","North Dakota","5/19/20","1","0","38011","0"
"Burke","0","5","North Dakota","5/19/20","5","0","38013","0"
"Burleigh","2","117","North Dakota","5/19/20","105","12","38015","11.43"
"Cass","52","1229","North Dakota","5/19/20","866","363","38017","41.92"
"Divide","0","1","North Dakota","5/19/20","1","0","38023","0"
"Dunn","0","12","North Dakota","5/19/20","11","1","38025","9.09"
"Eddy","0","2","North Dakota","5/19/20","2","0","38027","0"
"Emmons","0","1","North Dakota","5/19/20","1","0","38029","0"
"Foster","0","1","North Dakota","5/19/20","1","0","38031","0"
"Grand Forks","3","317","North Dakota","5/19/20","293","24","38035","8.19"
"Grant","0","2","North Dakota","5/19/20","2","0","38037","0"
"McHenry","0","2","North Dakota","5/19/20","2","0","38049","0"
"McIntosh","0","1","North Dakota","5/19/20","1","0","38051","0"
"McKenzie","0","16","North Dakota","5/19/20","15","1","38053","6.67"
"McLean","0","7","North Dakota","5/19/20","5","2","38055","40"
"Mercer","0","4","North Dakota","5/19/20","4","0","38057","0"
"Morton","0","40","North Dakota","5/19/20","37","3","38059","8.11"
"Mountrail","0","39","North Dakota","5/19/20","37","2","38061","5.41"
"Nelson","0","1","North Dakota","5/19/20","1","0","38063","0"
"Oliver","0","1","North Dakota","5/19/20","1","0","38065","0"
"Pembina","0","6","North Dakota","5/19/20","6","0","38067","0"
"Pierce","0","3","North Dakota","5/19/20","3","0","38069","0"
"Ramsey","0","8","North Dakota","5/19/20","7","1","38071","14.29"
"Ransom","1","7","North Dakota","5/19/20","3","4","38073","133.33"
"Renville","0","1","North Dakota","5/19/20","1","0","38075","0"
"Richland","0","11","North Dakota","5/19/20","8","3","38077","37.5"
"Rolette","0","4","North Dakota","5/19/20","3","1","38079","33.33"
"Sargent","0","3","North Dakota","5/19/20","3","0","38081","0"
"Sioux","0","2","North Dakota","5/19/20","1","1","38085","100"
"Slope","0","3","North Dakota","5/19/20","3","0","38087","0"
"Stark","0","61","North Dakota","5/19/20","61","0","38089","0"
"Steele","0","1","North Dakota","5/19/20","0","1","38091","1"
"Stutsman","0","16","North Dakota","5/19/20","16","0","38093","0"
"Traill","0","2","North Dakota","5/19/20","1","1","38097","100"
"Walsh","0","10","North Dakota","5/19/20","8","2","38099","25"
"Ward","0","28","North Dakota","5/19/20","28","0","38101","0"
"Wells","0","2","North Dakota","5/19/20","2","0","38103","0"
"Williams","0","21","North Dakota","5/19/20","20","1","38105","5"
"","0","21","Northern Mariana Islands","5/19/20","19","2",,"10.53"
"Adams","0","8","Ohio","5/19/20","6","2","39001","33.33"
"Allen","2","171","Ohio","5/19/20","154","17","39003","11.04"
"Ashland","0","15","Ohio","5/19/20","15","0","39005","0"
"Ashtabula","6","244","Ohio","5/19/20","199","45","39007","22.61"
"Athens","1","13","Ohio","5/19/20","6","7","39009","116.67"
"Auglaize","1","55","Ohio","5/19/20","46","9","39011","19.57"
"Belmont","11","343","Ohio","5/19/20","266","77","39013","28.95"
"Brown","0","23","Ohio","5/19/20","20","3","39015","15"
"Butler","20","639","Ohio","5/19/20","496","143","39017","28.83"
"Carroll","0","26","Ohio","5/19/20","24","2","39019","8.33"
"Champaign","1","23","Ohio","5/19/20","19","4","39021","21.05"
"Clark","7","155","Ohio","5/19/20","104","51","39023","49.04"
"Clermont","4","156","Ohio","5/19/20","125","31","39025","24.8"
"Clinton","1","41","Ohio","5/19/20","35","6","39027","17.14"
"Columbiana","16","453","Ohio","5/19/20","343","110","39029","32.07"
"Coshocton","0","21","Ohio","5/19/20","19","2","39031","10.53"
"Crawford","3","98","Ohio","5/19/20","79","19","39033","24.05"
"Cuyahoga","79","3463","Ohio","5/19/20","2908","555","39035","19.09"
"Darke","5","126","Ohio","5/19/20","90","36","39037","40"
"Defiance","0","28","Ohio","5/19/20","25","3","39039","12"
"Delaware","5","266","Ohio","5/19/20","232","34","39041","14.66"
"Erie","6","124","Ohio","5/19/20","85","39","39043","45.88"
"Fairfield","4","215","Ohio","5/19/20","188","27","39045","14.36"
"Fayette","1","31","Ohio","5/19/20","23","8","39047","34.78"
"Franklin","101","4706","Ohio","5/19/20","4002","704","39049","17.59"
"Fulton","0","35","Ohio","5/19/20","32","3","39051","9.38"
"Gallia","0","7","Ohio","5/19/20","6","1","39053","16.67"
"Geauga","4","226","Ohio","5/19/20","195","31","39055","15.9"
"Greene","2","78","Ohio","5/19/20","67","11","39057","16.42"
"Guernsey","1","26","Ohio","5/19/20","21","5","39059","23.81"
"Hamilton","40","2138","Ohio","5/19/20","1859","279","39061","15.01"
"Hancock","1","46","Ohio","5/19/20","39","7","39063","17.95"
"Hardin","0","30","Ohio","5/19/20","28","2","39065","7.14"
"Harrison","0","10","Ohio","5/19/20","7","3","39067","42.86"
"Henry","0","12","Ohio","5/19/20","10","2","39069","20"
"Highland","0","15","Ohio","5/19/20","14","1","39071","7.14"
"Hocking","6","61","Ohio","5/19/20","22","39","39073","177.27"
"Holmes","1","13","Ohio","5/19/20","8","5","39075","62.5"
"Huron","1","43","Ohio","5/19/20","39","4","39077","10.26"
"Jackson","0","11","Ohio","5/19/20","8","3","39079","37.5"
"Jefferson","1","61","Ohio","5/19/20","56","5","39081","8.93"
"Knox","0","23","Ohio","5/19/20","20","3","39083","15"
"Lake","4","231","Ohio","5/19/20","203","28","39085","13.79"
"Lawrence","0","27","Ohio","5/19/20","25","2","39087","8"
"Licking","3","190","Ohio","5/19/20","172","18","39089","10.47"
"Logan","0","24","Ohio","5/19/20","23","1","39091","4.35"
"Lorain","7","610","Ohio","5/19/20","560","50","39093","8.93"
"Lucas","23","1999","Ohio","5/19/20","1836","163","39095","8.88"
"Madison","2","100","Ohio","5/19/20","87","13","39097","14.94"
"Mahoning","14","1247","Ohio","5/19/20","1150","97","39099","8.43"
"Marion","16","2524","Ohio","5/19/20","2412","112","39101","4.64"
"Medina","4","229","Ohio","5/19/20","203","26","39103","12.81"
"Meigs","0","3","Ohio","5/19/20","3","0","39105","0"
"Mercer","9","148","Ohio","5/19/20","86","62","39107","72.09"
"Miami","3","332","Ohio","5/19/20","314","18","39109","5.73"
"Monroe","5","56","Ohio","5/19/20","22","34","39111","154.55"
"Montgomery","14","531","Ohio","5/19/20","433","98","39113","22.63"
"Morgan","0","5","Ohio","5/19/20","5","0","39115","0"
"Morrow","2","101","Ohio","5/19/20","87","14","39117","16.09"
"Muskingum","1","38","Ohio","5/19/20","31","7","39119","22.58"
"Noble","0","5","Ohio","5/19/20","5","0","39121","0"
"Ottawa","2","64","Ohio","5/19/20","49","15","39123","30.61"
"Paulding","0","11","Ohio","5/19/20","9","2","39125","22.22"
"Perry","0","16","Ohio","5/19/20","14","2","39127","14.29"
"Pickaway","10","2025","Ohio","5/19/20","1955","70","39129","3.58"
"Pike","0","6","Ohio","5/19/20","5","1","39131","20"
"Portage","3","297","Ohio","5/19/20","275","22","39133","8"
"Preble","0","30","Ohio","5/19/20","28","2","39135","7.14"
"Putnam","1","84","Ohio","5/19/20","77","7","39137","9.09"
"Richland","5","165","Ohio","5/19/20","130","35","39139","26.92"
"Ross","1","59","Ohio","5/19/20","55","4","39141","7.27"
"Sandusky","1","62","Ohio","5/19/20","53","9","39143","16.98"
"Scioto","0","14","Ohio","5/19/20","13","1","39145","7.69"
"Seneca","0","15","Ohio","5/19/20","14","1","39147","7.14"
"Shelby","0","34","Ohio","5/19/20","33","1","39149","3.03"
"Stark","14","610","Ohio","5/19/20","515","95","39151","18.45"
"Summit","16","1042","Ohio","5/19/20","930","112","39153","12.04"
"Trumbull","8","469","Ohio","5/19/20","413","56","39155","13.56"
"Tuscarawas","7","272","Ohio","5/19/20","223","49","39157","21.97"
"Union","1","36","Ohio","5/19/20","28","8","39159","28.57"
"Van Wert","0","5","Ohio","5/19/20","3","2","39161","66.67"
"Vinton","0","16","Ohio","5/19/20","15","1","39163","6.67"
"Warren","10","285","Ohio","5/19/20","213","72","39165","33.8"
"Washington","0","116","Ohio","5/19/20","114","2","39167","1.75"
"Wayne","2","206","Ohio","5/19/20","190","16","39169","8.42"
"Williams","0","47","Ohio","5/19/20","44","3","39171","6.82"
"Wood","4","257","Ohio","5/19/20","229","28","39173","12.23"
"Wyandot","1","31","Ohio","5/19/20","26","5","39175","19.23"
"Adair","0","77","Oklahoma","5/19/20","74","3","40001","4.05"
"Alfalfa","0","1","Oklahoma","5/19/20","1","0","40003","0"
"Atoka","0","1","Oklahoma","5/19/20","2","-1","40005","-50"
"Beaver","1","23","Oklahoma","5/19/20","19","4","40007","21.05"
"Beckham","0","6","Oklahoma","5/19/20","6","0","40009","0"
"Blaine","0","3","Oklahoma","5/19/20","2","1","40011","50"
"Bryan","1","19","Oklahoma","5/19/20","12","7","40013","58.33"
"Caddo","2","122","Oklahoma","5/19/20","109","13","40015","11.93"
"Canadian","1","120","Oklahoma","5/19/20","114","6","40017","5.26"
"Carter","1","15","Oklahoma","5/19/20","6","9","40019","150"
"Cherokee","0","29","Oklahoma","5/19/20","30","-1","40021","-3.33"
"Choctaw","0","6","Oklahoma","5/19/20","3","3","40023","100"
"Cimarron","0","1","Oklahoma","5/19/20","1","0","40025","0"
"Cleveland","2","470","Oklahoma","5/19/20","457","13","40027","2.84"
"Comanche","11","229","Oklahoma","5/19/20","151","78","40031","51.66"
"Cotton","0","5","Oklahoma","5/19/20","5","0","40033","0"
"Craig","0","15","Oklahoma","5/19/20","12","3","40035","25"
"Creek","0","85","Oklahoma","5/19/20","82","3","40037","3.66"
"Custer","0","12","Oklahoma","5/19/20","12","0","40039","0"
"Delaware","0","96","Oklahoma","5/19/20","94","2","40041","2.13"
"Dewey","0","2","Oklahoma","5/19/20","2","0","40043","0"
"Garfield","0","23","Oklahoma","5/19/20","21","2","40047","9.52"
"Garvin","0","15","Oklahoma","5/19/20","15","0","40049","0"
"Grady","2","65","Oklahoma","5/19/20","52","13","40051","25"
"Grant","0","2","Oklahoma","5/19/20","2","0","40053","0"
"Greer","0","66","Oklahoma","5/19/20","66","0","40055","0"
"Harper","0","1","Oklahoma","5/19/20","1","0","40059","0"
"Haskell","0","5","Oklahoma","5/19/20","5","0","40061","0"
"Jackson","0","21","Oklahoma","5/19/20","20","1","40065","5"
"Jefferson","0","3","Oklahoma","5/19/20","3","0","40067","0"
"Johnston","0","3","Oklahoma","5/19/20","3","0","40069","0"
"Kay","0","50","Oklahoma","5/19/20","48","2","40071","4.17"
"Kingfisher","0","10","Oklahoma","5/19/20","9","1","40073","11.11"
"Kiowa","0","6","Oklahoma","5/19/20","6","0","40075","0"
"Latimer","0","6","Oklahoma","5/19/20","5","1","40077","20"
"Le Flore","0","13","Oklahoma","5/19/20","13","0","40079","0"
"Lincoln","0","19","Oklahoma","5/19/20","17","2","40081","11.76"
"Logan","0","18","Oklahoma","5/19/20","18","0","40083","0"
"Love","0","4","Oklahoma","5/19/20","3","1","40085","33.33"
"Major","0","6","Oklahoma","5/19/20","6","0","40093","0"
"Marshall","1","6","Oklahoma","5/19/20","2","4","40095","200"
"Mayes","0","28","Oklahoma","5/19/20","26","2","40097","7.69"
"McClain","1","95","Oklahoma","5/19/20","85","10","40087","11.76"
"McCurtain","1","12","Oklahoma","5/19/20","8","4","40089","50"
"McIntosh","1","10","Oklahoma","5/19/20","5","5","40091","100"
"Murray","0","2","Oklahoma","5/19/20","2","0","40099","0"
"Muskogee","0","30","Oklahoma","5/19/20","29","1","40101","3.45"
"Noble","0","7","Oklahoma","5/19/20","7","0","40103","0"
"Nowata","0","23","Oklahoma","5/19/20","23","0","40105","0"
"Okfuskee","0","2","Oklahoma","5/19/20","1","1","40107","100"
"Oklahoma","13","1087","Oklahoma","5/19/20","997","90","40109","9.03"
"Okmulgee","0","18","Oklahoma","5/19/20","16","2","40111","12.5"
"Osage","0","92","Oklahoma","5/19/20","90","2","40113","2.22"
"Ottawa","0","35","Oklahoma","5/19/20","34","1","40115","2.94"
"Pawnee","0","29","Oklahoma","5/19/20","29","0","40117","0"
"Payne","0","45","Oklahoma","5/19/20","44","1","40119","2.27"
"Pittsburg","0","39","Oklahoma","5/19/20","39","0","40121","0"
"Pontotoc","0","11","Oklahoma","5/19/20","10","1","40123","10"
"Pottawatomie","0","57","Oklahoma","5/19/20","54","3","40125","5.56"
"Pushmataha","0","1","Oklahoma","5/19/20","1","0","40127","0"
"Rogers","0","72","Oklahoma","5/19/20","71","1","40131","1.41"
"Seminole","0","21","Oklahoma","5/19/20","21","0","40133","0"
"Sequoyah","0","14","Oklahoma","5/19/20","14","0","40135","0"
"Stephens","1","26","Oklahoma","5/19/20","22","4","40137","18.18"
"Texas","51","784","Oklahoma","5/19/20","424","360","40139","84.91"
"Tillman","0","22","Oklahoma","5/19/20","19","3","40141","15.79"
"Tulsa","12","802","Oklahoma","5/19/20","717","85","40143","11.85"
"Wagoner","1","137","Oklahoma","5/19/20","130","7","40145","5.38"
"Washington","1","304","Oklahoma","5/19/20","300","4","40147","1.33"
"Washita","0","1","Oklahoma","5/19/20","0","1","40149","1"
"Woods","0","3","Oklahoma","5/19/20","3","0","40151","0"
"Woodward","0","1","Oklahoma","5/19/20","1","0","40153","0"
"Baker","0","1","Oregon","5/19/20","1","0","41001","0"
"Benton","1","54","Oregon","5/19/20","50","4","41003","8"
"Clackamas","1","284","Oregon","5/19/20","274","10","41005","3.65"
"Clatsop","1","38","Oregon","5/19/20","34","4","41007","11.76"
"Columbia","0","16","Oregon","5/19/20","15","1","41009","6.67"
"Coos","0","30","Oregon","5/19/20","29","1","41011","3.45"
"Crook","0","1","Oregon","5/19/20","1","0","41013","0"
"Curry","0","5","Oregon","5/19/20","4","1","41015","25"
"Deschutes","2","107","Oregon","5/19/20","90","17","41017","18.89"
"Douglas","0","25","Oregon","5/19/20","24","1","41019","4.17"
"Grant","0","1","Oregon","5/19/20","1","0","41023","0"
"Harney","0","1","Oregon","5/19/20","1","0","41025","0"
"Hood River","0","14","Oregon","5/19/20","13","1","41027","7.69"
"Jackson","0","52","Oregon","5/19/20","50","2","41029","4"
"Jefferson","0","24","Oregon","5/19/20","24","0","41031","0"
"Josephine","0","25","Oregon","5/19/20","25","0","41033","0"
"Klamath","0","41","Oregon","5/19/20","41","0","41035","0"
"Lane","1","65","Oregon","5/19/20","61","4","41039","6.56"
"Lincoln","0","8","Oregon","5/19/20","6","2","41041","33.33"
"Linn","1","109","Oregon","5/19/20","104","5","41043","4.81"
"Malheur","1","21","Oregon","5/19/20","14","7","41045","50"
"Marion","19","855","Oregon","5/19/20","723","132","41047","18.26"
"Morrow","0","12","Oregon","5/19/20","12","0","41049","0"
"Multnomah","14","1005","Oregon","5/19/20","908","97","41051","10.68"
"Polk","1","93","Oregon","5/19/20","89","4","41053","4.49"
"Sherman","0","1","Oregon","5/19/20","1","0","41055","0"
"Tillamook","0","6","Oregon","5/19/20","6","0","41057","0"
"Umatilla","2","101","Oregon","5/19/20","85","16","41059","18.82"
"Union","0","6","Oregon","5/19/20","4","2","41061","50"
"Wallowa","0","1","Oregon","5/19/20","1","0","41063","0"
"Wasco","0","18","Oregon","5/19/20","16","2","41065","12.5"
"Washington","6","644","Oregon","5/19/20","601","43","41067","7.15"
"Yamhill","2","62","Oregon","5/19/20","50","12","41071","24"
"Adams","4","194","Pennsylvania","5/19/20","167","27","42001","16.17"
"Allegheny","19","1658","Pennsylvania","5/19/20","1526","132","42003","8.65"
"Armstrong","0","58","Pennsylvania","5/19/20","55","3","42005","5.45"
"Beaver","6","534","Pennsylvania","5/19/20","493","41","42007","8.32"
"Bedford","0","32","Pennsylvania","5/19/20","29","3","42009","10.34"
"Berks","40","3735","Pennsylvania","5/19/20","3453","282","42011","8.17"
"Blair","1","38","Pennsylvania","5/19/20","30","8","42013","26.67"
"Bradford","1","41","Pennsylvania","5/19/20","37","4","42015","10.81"
"Bucks","65","4573","Pennsylvania","5/19/20","4116","457","42017","11.1"
"Butler","1","206","Pennsylvania","5/19/20","198","8","42019","4.04"
"Cambria","1","54","Pennsylvania","5/19/20","44","10","42021","22.73"
"Cameron","0","2","Pennsylvania","5/19/20","2","0","42023","0"
"Carbon","2","214","Pennsylvania","5/19/20","198","16","42025","8.08"
"Centre","1","132","Pennsylvania","5/19/20","122","10","42027","8.2"
"Chester","39","2199","Pennsylvania","5/19/20","1929","270","42029","14"
"Clarion","0","24","Pennsylvania","5/19/20","23","1","42031","4.35"
"Clearfield","0","33","Pennsylvania","5/19/20","30","3","42033","10"
"Clinton","1","45","Pennsylvania","5/19/20","41","4","42035","9.76"
"Columbia","1","337","Pennsylvania","5/19/20","330","7","42037","2.12"
"Crawford","0","21","Pennsylvania","5/19/20","21","0","42039","0"
"Cumberland","11","540","Pennsylvania","5/19/20","461","79","42041","17.14"
"Dauphin","20","989","Pennsylvania","5/19/20","851","138","42043","16.22"
"Delaware","96","5754","Pennsylvania","5/19/20","5084","670","42045","13.18"
"Elk","0","6","Pennsylvania","5/19/20","5","1","42047","20"
"Erie","3","147","Pennsylvania","5/19/20","124","23","42049","18.55"
"Fayette","1","92","Pennsylvania","5/19/20","85","7","42051","8.24"
"Forest","0","7","Pennsylvania","5/19/20","7","0","42053","0"
"Franklin","17","644","Pennsylvania","5/19/20","522","122","42055","23.37"
"Fulton","1","12","Pennsylvania","5/19/20","8","4","42057","50"
"Greene","0","27","Pennsylvania","5/19/20","27","0","42059","0"
"Huntingdon","3","214","Pennsylvania","5/19/20","190","24","42061","12.63"
"Indiana","1","86","Pennsylvania","5/19/20","76","10","42063","13.16"
"Jefferson","0","7","Pennsylvania","5/19/20","7","0","42065","0"
"Juniata","0","94","Pennsylvania","5/19/20","94","0","42067","0"
"Lackawanna","23","1374","Pennsylvania","5/19/20","1211","163","42069","13.46"
"Lancaster","43","2593","Pennsylvania","5/19/20","2295","298","42071","12.98"
"Lawrence","0","73","Pennsylvania","5/19/20","71","2","42073","2.82"
"Lebanon","8","880","Pennsylvania","5/19/20","825","55","42075","6.67"
"Lehigh","32","3513","Pennsylvania","5/19/20","3286","227","42077","6.91"
"Luzerne","15","2554","Pennsylvania","5/19/20","2449","105","42079","4.29"
"Lycoming","2","149","Pennsylvania","5/19/20","132","17","42081","12.88"
"McKean","0","11","Pennsylvania","5/19/20","8","3","42083","37.5"
"Mercer","3","96","Pennsylvania","5/19/20","77","19","42085","24.68"
"Mifflin","1","57","Pennsylvania","5/19/20","52","5","42087","9.62"
"Monroe","5","1267","Pennsylvania","5/19/20","1229","38","42089","3.09"
"Montgomery","89","6063","Pennsylvania","5/19/20","5442","621","42091","11.41"
"Montour","0","50","Pennsylvania","5/19/20","49","1","42093","2.04"
"Northampton","37","2758","Pennsylvania","5/19/20","2499","259","42095","10.36"
"Northumberland","3","145","Pennsylvania","5/19/20","126","19","42097","15.08"
"Perry","1","41","Pennsylvania","5/19/20","35","6","42099","17.14"
"Philadelphia","228","20132","Pennsylvania","5/19/20","18537","1595","42101","8.6"
"Pike","4","469","Pennsylvania","5/19/20","441","28","42103","6.35"
"Potter","0","4","Pennsylvania","5/19/20","4","0","42105","0"
"Schuylkill","11","534","Pennsylvania","5/19/20","459","75","42107","16.34"
"Snyder","0","33","Pennsylvania","5/19/20","33","0","42109","0"
"Somerset","1","36","Pennsylvania","5/19/20","32","4","42111","12.5"
"Sullivan","0","2","Pennsylvania","5/19/20","1","1","42113","100"
"Susquehanna","1","85","Pennsylvania","5/19/20","81","4","42115","4.94"
"Tioga","0","16","Pennsylvania","5/19/20","16","0","42117","0"
"Union","1","50","Pennsylvania","5/19/20","41","9","42119","21.95"
"Venango","0","8","Pennsylvania","5/19/20","7","1","42121","14.29"
"Warren","0","2","Pennsylvania","5/19/20","1","1","42123","100"
"Washington","1","130","Pennsylvania","5/19/20","126","4","42125","3.17"
"Wayne","-1","110","Pennsylvania","5/19/20","117","-7","42127","-5.98"
"Westmoreland","2","431","Pennsylvania","5/19/20","419","12","42129","2.86"
"Wyoming","0","30","Pennsylvania","5/19/20","31","-1","42131","-3.23"
"York","10","866","Pennsylvania","5/19/20","793","73","42133","9.21"
"","72","2805","Puerto Rico","5/19/20","2299","506",,"22.01"
"Bristol","0","172","Rhode Island","5/19/20","172","0","44001","0"
"Kent","5","883","Rhode Island","5/19/20","850","33","44003","3.88"
"Newport","2","197","Rhode Island","5/19/20","185","12","44005","6.49"
"Providence","45","9112","Rhode Island","5/19/20","8798","314","44007","3.57"
"Washington","2","425","Rhode Island","5/19/20","411","14","44009","3.41"
"Abbeville","0","36","South Carolina","5/19/20","34","2","45001","5.88"
"Aiken","5","156","South Carolina","5/19/20","123","33","45003","26.83"
"Allendale","1","33","South Carolina","5/19/20","27","6","45005","22.22"
"Anderson","3","211","South Carolina","5/19/20","188","23","45007","12.23"
"Bamberg","0","18","South Carolina","5/19/20","16","2","45009","12.5"
"Barnwell","1","41","South Carolina","5/19/20","35","6","45011","17.14"
"Beaufort","2","299","South Carolina","5/19/20","282","17","45013","6.03"
"Berkeley","1","203","South Carolina","5/19/20","197","6","45015","3.05"
"Calhoun","0","9","South Carolina","5/19/20","8","1","45017","12.5"
"Charleston","3","515","South Carolina","5/19/20","497","18","45019","3.62"
"Cherokee","0","25","South Carolina","5/19/20","22","3","45021","13.64"
"Chester","0","41","South Carolina","5/19/20","39","2","45023","5.13"
"Chesterfield","3","101","South Carolina","5/19/20","80","21","45025","26.25"
"Clarendon","4","293","South Carolina","5/19/20","267","26","45027","9.74"
"Colleton","4","58","South Carolina","5/19/20","32","26","45029","81.25"
"Darlington","7","227","South Carolina","5/19/20","179","48","45031","26.82"
"Dillon","4","132","South Carolina","5/19/20","102","30","45033","29.41"
"Dorchester","1","114","South Carolina","5/19/20","109","5","45035","4.59"
"Edgefield","1","44","South Carolina","5/19/20","39","5","45037","12.82"
"Fairfield","7","134","South Carolina","5/19/20","82","52","45039","63.41"
"Florence","13","547","South Carolina","5/19/20","455","92","45041","20.22"
"Georgetown","0","52","South Carolina","5/19/20","53","-1","45043","-1.89"
"Greenville","25","1145","South Carolina","5/19/20","971","174","45045","17.92"
"Greenwood","1","72","South Carolina","5/19/20","63","9","45047","14.29"
"Hampton","0","30","South Carolina","5/19/20","28","2","45049","7.14"
"Horry","5","303","South Carolina","5/19/20","269","34","45051","12.64"
"Jasper","0","27","South Carolina","5/19/20","25","2","45053","8"
"Kershaw","2","272","South Carolina","5/19/20","259","13","45055","5.02"
"Lancaster","-1","108","South Carolina","5/19/20","115","-7","45057","-6.09"
"Laurens","1","57","South Carolina","5/19/20","47","10","45059","21.28"
"Lee","8","174","South Carolina","5/19/20","117","57","45061","48.72"
"Lexington","5","516","South Carolina","5/19/20","482","34","45063","7.05"
"Marion","0","53","South Carolina","5/19/20","50","3","45067","6"
"Marlboro","2","76","South Carolina","5/19/20","59","17","45069","28.81"
"McCormick","0","7","South Carolina","5/19/20","7","0","45065","0"
"Newberry","0","33","South Carolina","5/19/20","32","1","45071","3.12"
"Oconee","0","41","South Carolina","5/19/20","39","2","45073","5.13"
"Orangeburg","2","115","South Carolina","5/19/20","104","11","45075","10.58"
"Pickens","2","94","South Carolina","5/19/20","77","17","45077","22.08"
"Richland","17","1267","South Carolina","5/19/20","1145","122","45079","10.66"
"Saluda","5","123","South Carolina","5/19/20","91","32","45081","35.16"
"Spartanburg","9","411","South Carolina","5/19/20","351","60","45083","17.09"
"Sumter","4","323","South Carolina","5/19/20","294","29","45085","9.86"
"Union","0","31","South Carolina","5/19/20","31","0","45087","0"
"Williamsburg","5","181","South Carolina","5/19/20","147","34","45089","23.13"
"York","7","308","South Carolina","5/19/20","258","50","45091","19.38"
"Aurora","0","3","South Dakota","5/19/20","2","1","46003","50"
"Beadle","3","43","South Dakota","5/19/20","22","21","46005","95.45"
"Bon Homme","0","4","South Dakota","5/19/20","4","0","46009","0"
"Brookings","0","14","South Dakota","5/19/20","14","0","46011","0"
"Brown","10","205","South Dakota","5/19/20","132","73","46013","55.3"
"Buffalo","0","3","South Dakota","5/19/20","1","2","46017","200"
"Charles Mix","1","10","South Dakota","5/19/20","5","5","46023","100"
"Clark","0","4","South Dakota","5/19/20","3","1","46025","33.33"
"Clay","1","15","South Dakota","5/19/20","10","5","46027","50"
"Codington","0","17","South Dakota","5/19/20","15","2","46029","13.33"
"Corson","0","4","South Dakota","5/19/20","2","2","46031","100"
"Davison","0","9","South Dakota","5/19/20","8","1","46035","12.5"
"Day","0","11","South Dakota","5/19/20","10","1","46037","10"
"Deuel","0","1","South Dakota","5/19/20","1","0","46039","0"
"Douglas","0","1","South Dakota","5/19/20","1","0","46043","0"
"Fall River","0","3","South Dakota","5/19/20","2","1","46047","50"
"Faulk","0","1","South Dakota","5/19/20","1","0","46049","0"
"Grant","1","9","South Dakota","5/19/20","3","6","46051","200"
"Hamlin","0","3","South Dakota","5/19/20","2","1","46057","50"
"Hand","0","1","South Dakota","5/19/20","1","0","46059","0"
"Hughes","0","17","South Dakota","5/19/20","15","2","46065","13.33"
"Hutchinson","0","3","South Dakota","5/19/20","3","0","46067","0"
"Hyde","0","1","South Dakota","5/19/20","1","0","46069","0"
"Jerauld","0","6","South Dakota","5/19/20","6","0","46073","0"
"Lake","0","5","South Dakota","5/19/20","5","0","46079","0"
"Lawrence","0","9","South Dakota","5/19/20","9","0","46081","0"
"Lincoln","2","205","South Dakota","5/19/20","190","15","46083","7.89"
"Lyman","0","6","South Dakota","5/19/20","3","3","46085","100"
"Marshall","0","3","South Dakota","5/19/20","1","2","46091","200"
"McCook","0","5","South Dakota","5/19/20","5","0","46087","0"
"McPherson","0","1","South Dakota","5/19/20","1","0","46089","0"
"Meade","0","5","South Dakota","5/19/20","4","1","46093","25"
"Miner","0","1","South Dakota","5/19/20","1","0","46097","0"
"Minnehaha","27","3165","South Dakota","5/19/20","2978","187","46099","6.28"
"Moody","0","18","South Dakota","5/19/20","15","3","46101","20"
"Oglala Lakota","1","10","South Dakota","5/19/20","1","9","46102","900"
"Pennington","6","74","South Dakota","5/19/20","32","42","46103","131.25"
"Roberts","1","20","South Dakota","5/19/20","14","6","46109","42.86"
"Sanborn","0","6","South Dakota","5/19/20","3","3","46111","100"
"Spink","0","4","South Dakota","5/19/20","4","0","46115","0"
"Stanley","0","9","South Dakota","5/19/20","8","1","46117","12.5"
"Sully","0","1","South Dakota","5/19/20","1","0","46119","0"
"Todd","1","17","South Dakota","5/19/20","13","4","46121","30.77"
"Tripp","0","2","South Dakota","5/19/20","0","2","46123","1"
"Turner","0","21","South Dakota","5/19/20","18","3","46125","16.67"
"Union","1","62","South Dakota","5/19/20","56","6","46127","10.71"
"Walworth","0","5","South Dakota","5/19/20","5","0","46129","0"
"Yankton","2","42","South Dakota","5/19/20","31","11","46135","35.48"
"Ziebach","0","1","South Dakota","5/19/20","1","0","46137","0"
"Anderson","0","37","Tennessee","5/19/20","34","3","47001","8.82"
"Bedford","3","257","Tennessee","5/19/20","239","18","47003","7.53"
"Benton","0","7","Tennessee","5/19/20","6","1","47005","16.67"
"Bledsoe","0","607","Tennessee","5/19/20","604","3","47007","0.5"
"Blount","0","76","Tennessee","5/19/20","73","3","47009","4.11"
"Bradley","1","84","Tennessee","5/19/20","74","10","47011","13.51"
"Campbell","0","17","Tennessee","5/19/20","17","0","47013","0"
"Cannon","0","13","Tennessee","5/19/20","13","0","47015","0"
"Carroll","0","25","Tennessee","5/19/20","22","3","47017","13.64"
"Carter","0","19","Tennessee","5/19/20","18","1","47019","5.56"
"Cheatham","2","93","Tennessee","5/19/20","76","17","47021","22.37"
"Chester","0","12","Tennessee","5/19/20","12","0","47023","0"
"Claiborne","0","8","Tennessee","5/19/20","7","1","47025","14.29"
"Clay","0","6","Tennessee","5/19/20","6","0","47027","0"
"Cocke","0","20","Tennessee","5/19/20","19","1","47029","5.26"
"Coffee","1","63","Tennessee","5/19/20","54","9","47031","16.67"
"Crockett","0","14","Tennessee","5/19/20","12","2","47033","16.67"
"Cumberland","1","94","Tennessee","5/19/20","86","8","47035","9.3"
"Davidson","85","4174","Tennessee","5/19/20","3580","594","47037","16.59"
"Decatur","0","5","Tennessee","5/19/20","4","1","47039","25"
"DeKalb","1","32","Tennessee","5/19/20","28","4","47041","14.29"
"Dickson","1","93","Tennessee","5/19/20","88","5","47043","5.68"
"Dyer","0","45","Tennessee","5/19/20","43","2","47045","4.65"
"Fayette","2","95","Tennessee","5/19/20","82","13","47047","15.85"
"Fentress","0","9","Tennessee","5/19/20","6","3","47049","50"
"Franklin","0","43","Tennessee","5/19/20","41","2","47051","4.88"
"Gibson","0","59","Tennessee","5/19/20","57","2","47053","3.51"
"Giles","0","12","Tennessee","5/19/20","9","3","47055","33.33"
"Grainger","0","6","Tennessee","5/19/20","6","0","47057","0"
"Greene","0","46","Tennessee","5/19/20","46","0","47059","0"
"Grundy","0","31","Tennessee","5/19/20","30","1","47061","3.33"
"Hamblen","0","24","Tennessee","5/19/20","23","1","47063","4.35"
"Hamilton","17","377","Tennessee","5/19/20","258","119","47065","46.12"
"Hancock","0","1","Tennessee","5/19/20","0","1","47067","1"
"Hardeman","2","183","Tennessee","5/19/20","170","13","47069","7.65"
"Hardin","0","10","Tennessee","5/19/20","8","2","47071","25"
"Hawkins","0","31","Tennessee","5/19/20","32","-1","47073","-3.12"
"Haywood","0","29","Tennessee","5/19/20","28","1","47075","3.57"
"Henderson","0","12","Tennessee","5/19/20","10","2","47077","20"
"Henry","1","20","Tennessee","5/19/20","15","5","47079","33.33"
"Hickman","0","52","Tennessee","5/19/20","52","0","47081","0"
"Houston","0","7","Tennessee","5/19/20","6","1","47083","16.67"
"Humphreys","0","12","Tennessee","5/19/20","12","0","47085","0"
"Jackson","0","13","Tennessee","5/19/20","10","3","47087","30"
"Jefferson","0","26","Tennessee","5/19/20","26","0","47089","0"
"Johnson","1","15","Tennessee","5/19/20","11","4","47091","36.36"
"Knox","4","313","Tennessee","5/19/20","286","27","47093","9.44"
"Lake","43","403","Tennessee","5/19/20","99","304","47095","307.07"
"Lauderdale","1","48","Tennessee","5/19/20","40","8","47097","20"
"Lawrence","0","21","Tennessee","5/19/20","21","0","47099","0"
"Lewis","0","2","Tennessee","5/19/20","2","0","47101","0"
"Lincoln","0","17","Tennessee","5/19/20","16","1","47103","6.25"
"Loudon","8","97","Tennessee","5/19/20","44","53","47105","120.45"
"Macon","3","93","Tennessee","5/19/20","69","24","47111","34.78"
"Madison","1","162","Tennessee","5/19/20","157","5","47113","3.18"
"Marion","1","34","Tennessee","5/19/20","29","5","47115","17.24"
"Marshall","0","26","Tennessee","5/19/20","24","2","47117","8.33"
"Maury","2","71","Tennessee","5/19/20","57","14","47119","24.56"
"McMinn","0","125","Tennessee","5/19/20","122","3","47107","2.46"
"McNairy","0","12","Tennessee","5/19/20","11","1","47109","9.09"
"Meigs","0","22","Tennessee","5/19/20","22","0","47121","0"
"Monroe","3","51","Tennessee","5/19/20","33","18","47123","54.55"
"Montgomery","4","216","Tennessee","5/19/20","188","28","47125","14.89"
"Moore","0","3","Tennessee","5/19/20","3","0","47127","0"
"Morgan","1","17","Tennessee","5/19/20","12","5","47129","41.67"
"Obion","0","19","Tennessee","5/19/20","16","3","47131","18.75"
"Out of TN","-1","386","Tennessee","5/19/20","395","-9","80047","-2.28"
"Overton","1","18","Tennessee","5/19/20","14","4","47133","28.57"
"Perry","0","13","Tennessee","5/19/20","13","0","47135","0"
"Pickett","0","2","Tennessee","5/19/20","1","1","47137","100"
"Polk","0","14","Tennessee","5/19/20","12","2","47139","16.67"
"Putnam","15","286","Tennessee","5/19/20","180","106","47141","58.89"
"Rhea","1","15","Tennessee","5/19/20","6","9","47143","150"
"Roane","0","9","Tennessee","5/19/20","8","1","47145","12.5"
"Robertson","8","298","Tennessee","5/19/20","244","54","47147","22.13"
"Rutherford","20","906","Tennessee","5/19/20","764","142","47149","18.59"
"Scott","0","11","Tennessee","5/19/20","11","0","47151","0"
"Sequatchie","0","9","Tennessee","5/19/20","6","3","47153","50"
"Sevier","0","68","Tennessee","5/19/20","65","3","47155","4.62"
"Shelby","72","3936","Tennessee","5/19/20","3429","507","47157","14.79"
"Smith","1","29","Tennessee","5/19/20","24","5","47159","20.83"
"Stewart","0","8","Tennessee","5/19/20","7","1","47161","14.29"
"Sullivan","0","57","Tennessee","5/19/20","54","3","47163","5.56"
"Sumner","9","768","Tennessee","5/19/20","708","60","47165","8.47"
"Tipton","2","407","Tennessee","5/19/20","395","12","47167","3.04"
"Trousdale","3","1384","Tennessee","5/19/20","1364","20","47169","1.47"
"Unicoi","0","3","Tennessee","5/19/20","3","0","47171","0"
"Union","0","4","Tennessee","5/19/20","3","1","47173","33.33"
"Van Buren","0","4","Tennessee","5/19/20","2","2","47175","100"
"Warren","0","16","Tennessee","5/19/20","13","3","47177","23.08"
"Washington","1","70","Tennessee","5/19/20","65","5","47179","7.69"
"Wayne","9","63","Tennessee","5/19/20","3","60","47181","2000"
"Weakley","0","27","Tennessee","5/19/20","24","3","47183","12.5"
"White","1","21","Tennessee","5/19/20","17","4","47185","23.53"
"Williamson","6","492","Tennessee","5/19/20","447","45","47187","10.07"
"Wilson","5","338","Tennessee","5/19/20","306","32","47189","10.46"
"Anderson","1","60","Texas","5/19/20","50","10","48001","20"
"Andrews","0","22","Texas","5/19/20","22","0","48003","0"
"Angelina","5","154","Texas","5/19/20","117","37","48005","31.62"
"Aransas","0","3","Texas","5/19/20","2","1","48007","50"
"Archer","0","1","Texas","5/19/20","0","1","48009","1"
"Armstrong","0","2","Texas","5/19/20","2","0","48011","0"
"Atascosa","1","32","Texas","5/19/20","27","5","48013","18.52"
"Austin","1","20","Texas","5/19/20","15","5","48015","33.33"
"Bailey","1","10","Texas","5/19/20","3","7","48017","233.33"
"Bandera","0","6","Texas","5/19/20","6","0","48019","0"
"Bastrop","4","148","Texas","5/19/20","117","31","48021","26.5"
"Bee","0","6","Texas","5/19/20","6","0","48025","0"
"Bell","5","260","Texas","5/19/20","223","37","48027","16.59"
"Bexar","54","2278","Texas","5/19/20","1901","377","48029","19.83"
"Blanco","0","6","Texas","5/19/20","6","0","48031","0"
"Bosque","0","6","Texas","5/19/20","6","0","48035","0"
"Bowie","8","137","Texas","5/19/20","80","57","48037","71.25"
"Brazoria","16","786","Texas","5/19/20","673","113","48039","16.79"
"Brazos","8","333","Texas","5/19/20","278","55","48041","19.78"
"Brewster","0","1","Texas","5/19/20","1","0","48043","0"
"Briscoe","0","1","Texas","5/19/20","1","0","48045","0"
"Brooks","0","1","Texas","5/19/20","1","0","48047","0"
"Brown","2","51","Texas","5/19/20","38","13","48049","34.21"
"Burleson","1","20","Texas","5/19/20","16","4","48051","25"
"Burnet","0","28","Texas","5/19/20","28","0","48053","0"
"Caldwell","1","39","Texas","5/19/20","31","8","48055","25.81"
"Calhoun","0","36","Texas","5/19/20","36","0","48057","0"
"Callahan","0","8","Texas","5/19/20","6","2","48059","33.33"
"Cameron","15","635","Texas","5/19/20","527","108","48061","20.49"
"Camp","3","26","Texas","5/19/20","7","19","48063","271.43"
"Carson","0","5","Texas","5/19/20","3","2","48065","66.67"
"Cass","0","21","Texas","5/19/20","21","0","48067","0"
"Castro","1","28","Texas","5/19/20","23","5","48069","21.74"
"Chambers","1","55","Texas","5/19/20","50","5","48071","10"
"Cherokee","2","36","Texas","5/19/20","23","13","48073","56.52"
"Childress","0","2","Texas","5/19/20","2","0","48075","0"
"Clay","0","3","Texas","5/19/20","3","0","48077","0"
"Cochran","0","1","Texas","5/19/20","1","0","48079","0"
"Coke","0","1","Texas","5/19/20","1","0","48081","0"
"Coleman","0","2","Texas","5/19/20","2","0","48083","0"
"Collin","15","1047","Texas","5/19/20","939","108","48085","11.5"
"Collingsworth","0","4","Texas","5/19/20","4","0","48087","0"
"Colorado","0","19","Texas","5/19/20","16","3","48089","18.75"
"Comal","1","71","Texas","5/19/20","65","6","48091","9.23"
"Comanche","0","5","Texas","5/19/20","3","2","48093","66.67"
"Concho","0","1","Texas","5/19/20","1","0","48095","0"
"Cooke","0","13","Texas","5/19/20","12","1","48097","8.33"
"Coryell","2","226","Texas","5/19/20","211","15","48099","7.11"
"Cottle","0","4","Texas","5/19/20","4","0","48101","0"
"Crane","0","2","Texas","5/19/20","2","0","48103","0"
"Crosby","0","3","Texas","5/19/20","2","1","48107","50"
"Dallam","1","22","Texas","5/19/20","16","6","48111","37.5"
"Dallas","254","7904","Texas","5/19/20","6123","1781","48113","29.09"
"Dawson","1","38","Texas","5/19/20","30","8","48115","26.67"
"Deaf Smith","9","133","Texas","5/19/20","67","66","48117","98.51"
"Delta","0","1","Texas","5/19/20","1","0","48119","0"
"Denton","20","1088","Texas","5/19/20","946","142","48121","15.01"
"DeWitt","0","17","Texas","5/19/20","17","0","48123","0"
"Dickens","0","1","Texas","5/19/20","1","0","48125","0"
"Dimmit","0","1","Texas","5/19/20","1","0","48127","0"
"Donley","0","27","Texas","5/19/20","25","2","48129","8"
"Duval","0","5","Texas","5/19/20","5","0","48131","0"
"Eastland","0","5","Texas","5/19/20","3","2","48133","66.67"
"Ector","2","115","Texas","5/19/20","100","15","48135","15"
"El Paso","72","1852","Texas","5/19/20","1348","504","48141","37.39"
"Ellis","6","258","Texas","5/19/20","216","42","48139","19.44"
"Erath","0","15","Texas","5/19/20","14","1","48143","7.14"
"Falls","0","6","Texas","5/19/20","6","0","48145","0"
"Fannin","1","27","Texas","5/19/20","23","4","48147","17.39"
"Fayette","1","31","Texas","5/19/20","26","5","48149","19.23"
"Fisher","0","2","Texas","5/19/20","0","2","48151","1"
"Floyd","0","5","Texas","5/19/20","4","1","48153","25"
"Fort Bend","22","1559","Texas","5/19/20","1404","155","48157","11.04"
"Franklin","1","7","Texas","5/19/20","3","4","48159","133.33"
"Freestone","0","7","Texas","5/19/20","7","0","48161","0"
"Frio","0","35","Texas","5/19/20","34","1","48163","2.94"
"Gaines","0","6","Texas","5/19/20","4","2","48165","50"
"Galveston","3","706","Texas","5/19/20","686","20","48167","2.92"
"Garza","0","4","Texas","5/19/20","4","0","48169","0"
"Gillespie","0","5","Texas","5/19/20","4","1","48171","25"
"Glasscock","0","1","Texas","5/19/20","1","0","48173","0"
"Goliad","0","7","Texas","5/19/20","7","0","48175","0"
"Gonzales","4","86","Texas","5/19/20","59","27","48177","45.76"
"Gray","3","94","Texas","5/19/20","76","18","48179","23.68"
"Grayson","9","165","Texas","5/19/20","105","60","48181","57.14"
"Gregg","6","173","Texas","5/19/20","132","41","48183","31.06"
"Grimes","3","65","Texas","5/19/20","42","23","48185","54.76"
"Guadalupe","2","110","Texas","5/19/20","99","11","48187","11.11"
"Hale","1","49","Texas","5/19/20","39","10","48189","25.64"
"Hamilton","0","7","Texas","5/19/20","7","0","48193","0"
"Hansford","0","16","Texas","5/19/20","13","3","48195","23.08"
"Hardin","0","118","Texas","5/19/20","115","3","48199","2.61"
"Harris","206","9859","Texas","5/19/20","8416","1443","48201","17.15"
"Harrison","2","205","Texas","5/19/20","189","16","48203","8.47"
"Hartley","0","11","Texas","5/19/20","9","2","48205","22.22"
"Haskell","0","2","Texas","5/19/20","0","2","48207","1"
"Hays","2","219","Texas","5/19/20","203","16","48209","7.88"
"Hemphill","0","1","Texas","5/19/20","1","0","48211","0"
"Henderson","0","49","Texas","5/19/20","46","3","48213","6.52"
"Hidalgo","8","448","Texas","5/19/20","394","54","48215","13.71"
"Hill","0","23","Texas","5/19/20","21","2","48217","9.52"
"Hockley","1","24","Texas","5/19/20","20","4","48219","20"
"Hood","0","22","Texas","5/19/20","22","0","48221","0"
"Hopkins","0","8","Texas","5/19/20","8","0","48223","0"
"Houston","10","81","Texas","5/19/20","14","67","48225","478.57"
"Howard","0","6","Texas","5/19/20","6","0","48227","0"
"Hunt","1","68","Texas","5/19/20","58","10","48231","17.24"
"Hutchinson","1","30","Texas","5/19/20","22","8","48233","36.36"
"Jack","0","4","Texas","5/19/20","4","0","48237","0"
"Jackson","0","15","Texas","5/19/20","15","0","48239","0"
"Jasper","1","26","Texas","5/19/20","19","7","48241","36.84"
"Jefferson","9","451","Texas","5/19/20","385","66","48245","17.14"
"Jim Hogg","0","4","Texas","5/19/20","3","1","48247","33.33"
"Jim Wells","0","8","Texas","5/19/20","7","1","48249","14.29"
"Johnson","4","136","Texas","5/19/20","107","29","48251","27.1"
"Jones","3","115","Texas","5/19/20","96","19","48253","19.79"
"Karnes","0","4","Texas","5/19/20","3","1","48255","33.33"
"Kaufman","4","155","Texas","5/19/20","127","28","48257","22.05"
"Kendall","0","23","Texas","5/19/20","20","3","48259","15"
"Kerr","0","10","Texas","5/19/20","9","1","48265","11.11"
"Kimble","0","1","Texas","5/19/20","1","0","48267","0"
"Kleberg","0","14","Texas","5/19/20","11","3","48273","27.27"
"Knox","0","1","Texas","5/19/20","1","0","48275","0"
"La Salle","0","4","Texas","5/19/20","2","2","48283","100"
"Lamar","3","116","Texas","5/19/20","96","20","48277","20.83"
"Lamb","0","11","Texas","5/19/20","8","3","48279","37.5"
"Lampasas","0","8","Texas","5/19/20","8","0","48281","0"
"Lavaca","0","8","Texas","5/19/20","6","2","48285","33.33"
"Lee","0","7","Texas","5/19/20","6","1","48287","16.67"
"Leon","0","9","Texas","5/19/20","9","0","48289","0"
"Liberty","1","75","Texas","5/19/20","70","5","48291","7.14"
"Limestone","0","17","Texas","5/19/20","15","2","48293","13.33"
"Lipscomb","0","2","Texas","5/19/20","2","0","48295","0"
"Live Oak","0","7","Texas","5/19/20","5","2","48297","40"
"Llano","0","3","Texas","5/19/20","3","0","48299","0"
"Lubbock","4","624","Texas","5/19/20","598","26","48303","4.35"
"Lynn","0","5","Texas","5/19/20","5","0","48305","0"
"Madison","1","8","Texas","5/19/20","3","5","48313","166.67"
"Marion","0","15","Texas","5/19/20","15","0","48315","0"
"Martin","0","3","Texas","5/19/20","3","0","48317","0"
"Mason","0","31","Texas","5/19/20","28","3","48319","10.71"
"Matagorda","0","65","Texas","5/19/20","64","1","48321","1.56"
"Maverick","7","94","Texas","5/19/20","45","49","48323","108.89"
"McCulloch","0","3","Texas","5/19/20","3","0","48307","0"
"McLennan","1","98","Texas","5/19/20","94","4","48309","4.26"
"Medina","3","59","Texas","5/19/20","38","21","48325","55.26"
"Midland","2","122","Texas","5/19/20","107","15","48329","14.02"
"Milam","1","25","Texas","5/19/20","20","5","48331","25"
"Mills","0","1","Texas","5/19/20","1","0","48333","0"
"Mitchell","0","1","Texas","5/19/20","1","0","48335","0"
"Montague","0","9","Texas","5/19/20","9","0","48337","0"
"Montgomery","15","848","Texas","5/19/20","742","106","48339","14.29"
"Moore","6","575","Texas","5/19/20","535","40","48341","7.48"
"Morris","1","13","Texas","5/19/20","9","4","48343","44.44"
"Motley","0","1","Texas","5/19/20","1","0","48345","0"
"Nacogdoches","3","241","Texas","5/19/20","221","20","48347","9.05"
"Navarro","0","38","Texas","5/19/20","36","2","48349","5.56"
"Newton","0","4","Texas","5/19/20","4","0","48351","0"
"Nolan","0","2","Texas","5/19/20","2","0","48353","0"
"Nueces","14","242","Texas","5/19/20","147","95","48355","64.63"
"Ochiltree","2","40","Texas","5/19/20","29","11","48357","37.93"
"Oldham","0","3","Texas","5/19/20","3","0","48359","0"
"Orange","0","87","Texas","5/19/20","85","2","48361","2.35"
"Palo Pinto","0","9","Texas","5/19/20","9","0","48363","0"
"Panola","2","175","Texas","5/19/20","162","13","48365","8.02"
"Parker","3","63","Texas","5/19/20","45","18","48367","40"
"Parmer","2","36","Texas","5/19/20","21","15","48369","71.43"
"Pecos","1","23","Texas","5/19/20","19","4","48371","21.05"
"Polk","1","50","Texas","5/19/20","40","10","48373","25"
"Potter","138","2145","Texas","5/19/20","1179","966","48375","81.93"
"Rains","0","2","Texas","5/19/20","2","0","48379","0"
"Randall","33","611","Texas","5/19/20","379","232","48381","61.21"
"Red River","1","36","Texas","5/19/20","27","9","48387","33.33"
"Reeves","0","7","Texas","5/19/20","7","0","48389","0"
"Refugio","0","3","Texas","5/19/20","2","1","48391","50"
"Roberts","0","2","Texas","5/19/20","2","0","48393","0"
"Robertson","0","7","Texas","5/19/20","5","2","48395","40"
"Rockwall","4","138","Texas","5/19/20","113","25","48397","22.12"
"Runnels","0","2","Texas","5/19/20","2","0","48399","0"
"Rusk","0","42","Texas","5/19/20","40","2","48401","5"
"Sabine","0","4","Texas","5/19/20","3","1","48403","33.33"
"San Augustine","1","26","Texas","5/19/20","22","4","48405","18.18"
"San Jacinto","0","12","Texas","5/19/20","11","1","48407","9.09"
"San Patricio","1","26","Texas","5/19/20","22","4","48409","18.18"
"San Saba","0","1","Texas","5/19/20","0","1","48411","1"
"Scurry","0","2","Texas","5/19/20","2","0","48415","0"
"Shackelford","0","1","Texas","5/19/20","1","0","48417","0"
"Shelby","2","175","Texas","5/19/20","158","17","48419","10.76"
"Sherman","0","23","Texas","5/19/20","23","0","48421","0"
"Smith","2","192","Texas","5/19/20","177","15","48423","8.47"
"Starr","1","23","Texas","5/19/20","14","9","48427","64.29"
"Stephens","0","2","Texas","5/19/20","1","1","48429","100"
"Swisher","0","15","Texas","5/19/20","13","2","48437","15.38"
"Tarrant","116","4559","Texas","5/19/20","3745","814","48439","21.74"
"Taylor","2","222","Texas","5/19/20","210","12","48441","5.71"
"Terry","0","13","Texas","5/19/20","12","1","48445","8.33"
"Titus","13","129","Texas","5/19/20","37","92","48449","248.65"
"Tom Green","0","87","Texas","5/19/20","84","3","48451","3.57"
"Travis","43","2537","Texas","5/19/20","2235","302","48453","13.51"
"Trinity","0","11","Texas","5/19/20","11","0","48455","0"
"Tyler","0","10","Texas","5/19/20","7","3","48457","42.86"
"Upshur","0","18","Texas","5/19/20","17","1","48459","5.88"
"Uvalde","0","6","Texas","5/19/20","6","0","48463","0"
"Val Verde","0","13","Texas","5/19/20","13","0","48465","0"
"Van Zandt","1","23","Texas","5/19/20","18","5","48467","27.78"
"Victoria","1","157","Texas","5/19/20","150","7","48469","4.67"
"Walker","14","442","Texas","5/19/20","342","100","48471","29.24"
"Waller","1","43","Texas","5/19/20","39","4","48473","10.26"
"Washington","2","184","Texas","5/19/20","170","14","48477","8.24"
"Webb","5","479","Texas","5/19/20","444","35","48479","7.88"
"Wharton","0","44","Texas","5/19/20","42","2","48481","4.76"
"Wheeler","0","14","Texas","5/19/20","14","0","48483","0"
"Wichita","1","80","Texas","5/19/20","75","5","48485","6.67"
"Wilbarger","1","6","Texas","5/19/20","2","4","48487","200"
"Willacy","0","14","Texas","5/19/20","14","0","48489","0"
"Williamson","15","501","Texas","5/19/20","397","104","48491","26.2"
"Wilson","0","37","Texas","5/19/20","36","1","48493","2.78"
"Winkler","0","3","Texas","5/19/20","3","0","48495","0"
"Wise","1","38","Texas","5/19/20","31","7","48497","22.58"
"Wood","1","22","Texas","5/19/20","15","7","48499","46.67"
"Yoakum","0","2","Texas","5/19/20","2","0","48501","0"
"Young","0","4","Texas","5/19/20","4","0","48503","0"
"Zapata","0","7","Texas","5/19/20","7","0","48505","0"
"Zavala","0","9","Texas","5/19/20","7","2","48507","28.57"
"Bear River","1","89","Utah","5/19/20","80","9","00000","11.25"
"Central Utah","0","30","Utah","5/19/20","28","2","00000","7.14"
"Davis","5","373","Utah","5/19/20","340","33","49011","9.71"
"Salt Lake","86","4019","Utah","5/19/20","3414","605","49035","17.72"
"San Juan","12","238","Utah","5/19/20","152","86","49037","56.58"
"Southeast Utah","0","16","Utah","5/19/20","13","3","00000","23.08"
"Southwest Utah","11","245","Utah","5/19/20","167","78","00000","46.71"
"Summit","2","403","Utah","5/19/20","388","15","49043","3.87"
"Tooele","4","103","Utah","5/19/20","78","25","49045","32.05"
"TriCounty","0","19","Utah","5/19/20","16","3","00000","18.75"
"Utah","25","1537","Utah","5/19/20","1365","172","49049","12.6"
"Wasatch","4","212","Utah","5/19/20","184","28","49051","15.22"
"Weber-Morgan","4","234","Utah","5/19/20","207","27","00000","13.04"
"Addison","0","62","Vermont","5/19/20","62","0","50001","0"
"Bennington","0","60","Vermont","5/19/20","60","0","50003","0"
"Caledonia","0","14","Vermont","5/19/20","14","0","50005","0"
"Chittenden","1","439","Vermont","5/19/20","432","7","50007","1.62"
"Essex","0","2","Vermont","5/19/20","2","0","50009","0"
"Franklin","0","99","Vermont","5/19/20","99","0","50011","0"
"Grand Isle","0","4","Vermont","5/19/20","4","0","50013","0"
"Lamoille","0","28","Vermont","5/19/20","26","2","50015","7.69"
"Orange","0","8","Vermont","5/19/20","8","0","50017","0"
"Orleans","0","9","Vermont","5/19/20","9","0","50019","0"
"Rutland","0","50","Vermont","5/19/20","49","1","50021","2.04"
"Washington","0","38","Vermont","5/19/20","38","0","50023","0"
"Windham","0","77","Vermont","5/19/20","75","2","50025","2.67"
"Windsor","0","48","Vermont","5/19/20","45","3","50027","6.67"
"","0","69","Virgin Islands","5/19/20","69","0",,"0"
"Accomack","24","701","Virginia","5/19/20","530","171","51001","32.26"
"Albemarle","2","141","Virginia","5/19/20","124","17","51003","13.71"
"Alexandria","43","1544","Virginia","5/19/20","1240","304","51510","24.52"
"Alleghany","0","9","Virginia","5/19/20","6","3","51005","50"
"Amelia","0","20","Virginia","5/19/20","17","3","51007","17.65"
"Amherst","1","25","Virginia","5/19/20","17","8","51009","47.06"
"Appomattox","0","24","Virginia","5/19/20","22","2","51011","9.09"
"Arlington","39","1688","Virginia","5/19/20","1416","272","51013","19.21"
"Augusta","3","87","Virginia","5/19/20","64","23","51015","35.94"
"Bedford","0","41","Virginia","5/19/20","38","3","51019","7.89"
"Botetourt","0","31","Virginia","5/19/20","30","1","51023","3.33"
"Bristol","0","3","Virginia","5/19/20","3","0","51520","0"
"Brunswick","0","21","Virginia","5/19/20","20","1","51025","5"
"Buchanan","0","18","Virginia","5/19/20","16","2","51027","12.5"
"Buckingham","17","419","Virginia","5/19/20","301","118","51029","39.2"
"Buena Vista","0","11","Virginia","5/19/20","8","3","51530","37.5"
"Campbell","0","13","Virginia","5/19/20","13","0","51031","0"
"Caroline","1","44","Virginia","5/19/20","38","6","51033","15.79"
"Carroll","2","50","Virginia","5/19/20","34","16","51035","47.06"
"Charles City","0","24","Virginia","5/19/20","21","3","51036","14.29"
"Charlotte","0","14","Virginia","5/19/20","11","3","51037","27.27"
"Charlottesville","1","72","Virginia","5/19/20","68","4","51540","5.88"
"Chesapeake","8","396","Virginia","5/19/20","343","53","51550","15.45"
"Chesterfield","29","1043","Virginia","5/19/20","837","206","51041","24.61"
"Clarke","0","19","Virginia","5/19/20","16","3","51043","18.75"
"Colonial Heights","1","77","Virginia","5/19/20","67","10","51570","14.93"
"Covington","0","2","Virginia","5/19/20","1","1","51580","100"
"Craig","0","4","Virginia","5/19/20","4","0","51045","0"
"Culpeper","23","452","Virginia","5/19/20","291","161","51047","55.33"
"Cumberland","1","25","Virginia","5/19/20","16","9","51049","56.25"
"Danville","0","44","Virginia","5/19/20","41","3","51590","7.32"
"Dinwiddie","2","45","Virginia","5/19/20","30","15","51053","50"
"Emporia","1","58","Virginia","5/19/20","49","9","51595","18.37"
"Essex","1","35","Virginia","5/19/20","26","9","51057","34.62"
"Fairfax","221","8020","Virginia","5/19/20","6470","1550","51059","23.96"
"Fairfax City","1","47","Virginia","5/19/20","40","7","51600","17.5"
"Falls Church","1","44","Virginia","5/19/20","37","7","51610","18.92"
"Fauquier","9","243","Virginia","5/19/20","180","63","51061","35"
"Floyd","0","4","Virginia","5/19/20","3","1","51063","33.33"
"Fluvanna","1","82","Virginia","5/19/20","78","4","51065","5.13"
"Franklin","0","30","Virginia","5/19/20","28","2","51067","7.14"
"Franklin City","1","32","Virginia","5/19/20","26","6","51620","23.08"
"Frederick","7","223","Virginia","5/19/20","175","48","51069","27.43"
"Fredericksburg","5","101","Virginia","5/19/20","66","35","51630","53.03"
"Galax","4","82","Virginia","5/19/20","56","26","51640","46.43"
"Giles","0","5","Virginia","5/19/20","8","-3","51071","-37.5"
"Gloucester","0","28","Virginia","5/19/20","27","1","51073","3.7"
"Goochland","1","88","Virginia","5/19/20","82","6","51075","7.32"
"Grayson","1","21","Virginia","5/19/20","16","5","51077","31.25"
"Greene","0","19","Virginia","5/19/20","16","3","51079","18.75"
"Greensville","1","54","Virginia","5/19/20","48","6","51081","12.5"
"Halifax","1","29","Virginia","5/19/20","24","5","51083","20.83"
"Hampton","2","164","Virginia","5/19/20","147","17","51650","11.56"
"Hanover","8","232","Virginia","5/19/20","174","58","51085","33.33"
"Harrisonburg","9","647","Virginia","5/19/20","584","63","51660","10.79"
"Henrico","28","1299","Virginia","5/19/20","1106","193","51087","17.45"
"Henry","3","46","Virginia","5/19/20","27","19","51089","70.37"
"Highland","0","2","Virginia","5/19/20","2","0","51091","0"
"Hopewell","2","58","Virginia","5/19/20","44","14","51670","31.82"
"Isle of Wight","1","119","Virginia","5/19/20","113","6","51093","5.31"
"James City","2","189","Virginia","5/19/20","174","15","51095","8.62"
"King and Queen","0","7","Virginia","5/19/20","6","1","51097","16.67"
"King George","1","48","Virginia","5/19/20","44","4","51099","9.09"
"King William","0","15","Virginia","5/19/20","12","3","51101","25"
"Lancaster","0","7","Virginia","5/19/20","7","0","51103","0"
"Lee","0","10","Virginia","5/19/20","10","0","51105","0"
"Lexington","0","6","Virginia","5/19/20","5","1","51678","20"
"Loudoun","45","1527","Virginia","5/19/20","1210","317","51107","26.2"
"Louisa","1","60","Virginia","5/19/20","56","4","51109","7.14"
"Lunenburg","0","7","Virginia","5/19/20","6","1","51111","16.67"
"Lynchburg","1","75","Virginia","5/19/20","70","5","51680","7.14"
"Madison","1","27","Virginia","5/19/20","21","6","51113","28.57"
"Manassas","36","680","Virginia","5/19/20","430","250","51683","58.14"
"Manassas Park","9","202","Virginia","5/19/20","139","63","51685","45.32"
"Martinsville","2","16","Virginia","5/19/20","2","14","51690","700"
"Mathews","0","5","Virginia","5/19/20","5","0","51115","0"
"Mecklenburg","6","178","Virginia","5/19/20","138","40","51117","28.99"
"Middlesex","0","12","Virginia","5/19/20","10","2","51119","20"
"Montgomery","0","66","Virginia","5/19/20","66","0","51121","0"
"Nelson","0","13","Virginia","5/19/20","12","1","51125","8.33"
"New Kent","0","27","Virginia","5/19/20","26","1","51127","3.85"
"Newport News","6","209","Virginia","5/19/20","166","43","51700","25.9"
"Norfolk","7","370","Virginia","5/19/20","319","51","51710","15.99"
"Northampton","5","204","Virginia","5/19/20","171","33","51131","19.3"
"Northumberland","1","20","Virginia","5/19/20","10","10","51133","100"
"Norton","0","2","Virginia","5/19/20","2","0","51720","0"
"Nottoway","1","18","Virginia","5/19/20","14","4","51135","28.57"
"Orange","3","67","Virginia","5/19/20","48","19","51137","39.58"
"Page","5","165","Virginia","5/19/20","129","36","51139","27.91"
"Patrick","1","9","Virginia","5/19/20","5","4","51141","80"
"Petersburg","3","75","Virginia","5/19/20","53","22","51730","41.51"
"Pittsylvania","1","26","Virginia","5/19/20","17","9","51143","52.94"
"Poquoson","0","7","Virginia","5/19/20","7","0","51735","0"
"Portsmouth","4","237","Virginia","5/19/20","210","27","51740","12.86"
"Powhatan","1","25","Virginia","5/19/20","21","4","51145","19.05"
"Prince Edward","2","83","Virginia","5/19/20","68","15","51147","22.06"
"Prince George","2","56","Virginia","5/19/20","45","11","51149","24.44"
"Prince William","122","3934","Virginia","5/19/20","3078","856","51153","27.81"
"Pulaski","0","10","Virginia","5/19/20","9","1","51155","11.11"
"Radford","0","3","Virginia","5/19/20","3","0","51750","0"
"Rappahannock","0","12","Virginia","5/19/20","10","2","51157","20"
"Richmond","9","265","Virginia","5/19/20","200","65","51159","32.5"
"Richmond City","35","811","Virginia","5/19/20","565","246","51760","43.54"
"Roanoke","1","88","Virginia","5/19/20","79","9","51161","11.39"
"Roanoke City","4","135","Virginia","5/19/20","108","27","51770","25"
"Rockbridge","1","13","Virginia","5/19/20","9","4","51163","44.44"
"Rockingham","5","401","Virginia","5/19/20","364","37","51165","10.16"
"Russell","0","8","Virginia","5/19/20","6","2","51167","33.33"
"Salem","0","33","Virginia","5/19/20","32","1","51775","3.12"
"Scott","0","7","Virginia","5/19/20","7","0","51169","0"
"Shenandoah","10","329","Virginia","5/19/20","260","69","51171","26.54"
"Smyth","0","15","Virginia","5/19/20","13","2","51173","15.38"
"Southampton","1","137","Virginia","5/19/20","131","6","51175","4.58"
"Spotsylvania","11","339","Virginia","5/19/20","261","78","51177","29.89"
"Stafford","15","501","Virginia","5/19/20","396","105","51179","26.52"
"Staunton","2","32","Virginia","5/19/20","18","14","51790","77.78"
"Suffolk","7","269","Virginia","5/19/20","219","50","51800","22.83"
"Surry","0","6","Virginia","5/19/20","6","0","51181","0"
"Sussex","9","98","Virginia","5/19/20","38","60","51183","157.89"
"Tazewell","0","6","Virginia","5/19/20","7","-1","51185","-14.29"
"Virginia Beach","7","559","Virginia","5/19/20","509","50","51810","9.82"
"Warren","2","103","Virginia","5/19/20","87","16","51187","18.39"
"Washington","0","50","Virginia","5/19/20","48","2","51191","4.17"
"Waynesboro","1","28","Virginia","5/19/20","21","7","51820","33.33"
"Westmoreland","0","43","Virginia","5/19/20","41","2","51193","4.88"
"Williamsburg","0","43","Virginia","5/19/20","42","1","51830","2.38"
"Winchester","4","96","Virginia","5/19/20","69","27","51840","39.13"
"Wise","0","23","Virginia","5/19/20","22","1","51195","4.55"
"Wythe","0","16","Virginia","5/19/20","14","2","51197","14.29"
"York","1","63","Virginia","5/19/20","59","4","51199","6.78"
"Adams","0","50","Washington","5/19/20","50","0","53001","0"
"Asotin","0","18","Washington","5/19/20","18","0","53003","0"
"Benton","9","652","Washington","5/19/20","588","64","53005","10.88"
"Chelan","5","182","Washington","5/19/20","150","32","53007","21.33"
"Clallam","0","21","Washington","5/19/20","19","2","53009","10.53"
"Clark","4","391","Washington","5/19/20","362","29","53011","8.01"
"Columbia","0","1","Washington","5/19/20","1","0","53013","0"
"Cowlitz","0","69","Washington","5/19/20","66","3","53015","4.55"
"Douglas","2","130","Washington","5/19/20","114","16","53017","14.04"
"Ferry","0","1","Washington","5/19/20","1","0","53019","0"
"Franklin","6","464","Washington","5/19/20","422","42","53021","9.95"
"Grant","0","186","Washington","5/19/20","183","3","53025","1.64"
"Grays Harbor","0","15","Washington","5/19/20","13","2","53027","15.38"
"Island","0","176","Washington","5/19/20","174","2","53029","1.15"
"Jefferson","0","30","Washington","5/19/20","29","1","53031","3.45"
"King","61","7565","Washington","5/19/20","7137","428","53033","6"
"Kitsap","1","161","Washington","5/19/20","156","5","53035","3.21"
"Kittitas","3","61","Washington","5/19/20","40","21","53037","52.5"
"Klickitat","1","25","Washington","5/19/20","21","4","53039","19.05"
"Lewis","0","35","Washington","5/19/20","32","3","53041","9.38"
"Lincoln","0","2","Washington","5/19/20","2","0","53043","0"
"Mason","1","33","Washington","5/19/20","29","4","53045","13.79"
"Okanogan","1","40","Washington","5/19/20","30","10","53047","33.33"
"Pacific","0","9","Washington","5/19/20","9","0","53049","0"
"Pend Oreille","0","2","Washington","5/19/20","2","0","53051","0"
"Pierce","16","1704","Washington","5/19/20","1593","111","53053","6.97"
"San Juan","0","15","Washington","5/19/20","15","0","53055","0"
"Skagit","3","426","Washington","5/19/20","406","20","53057","4.93"
"Skamania","0","3","Washington","5/19/20","3","0","53059","0"
"Snohomish","15","2818","Washington","5/19/20","2711","107","53061","3.95"
"Spokane","4","411","Washington","5/19/20","385","26","53063","6.75"
"Stevens","0","10","Washington","5/19/20","9","1","53065","11.11"
"Thurston","0","124","Washington","5/19/20","122","2","53067","1.64"
"Wahkiakum","0","4","Washington","5/19/20","4","0","53069","0"
"Walla Walla","0","106","Washington","5/19/20","106","0","53071","0"
"Whatcom","3","359","Washington","5/19/20","340","19","53073","5.59"
"Whitman","0","16","Washington","5/19/20","15","1","53075","6.67"
"Yakima","75","2444","Washington","5/19/20","1916","528","53077","27.56"
"Barbour","0","7","West Virginia","5/19/20","7","0","54001","0"
"Berkeley","3","215","West Virginia","5/19/20","191","24","54003","12.57"
"Boone","0","9","West Virginia","5/19/20","9","0","54005","0"
"Braxton","0","2","West Virginia","5/19/20","2","0","54007","0"
"Brooke","0","3","West Virginia","5/19/20","3","0","54009","0"
"Cabell","0","56","West Virginia","5/19/20","53","3","54011","5.66"
"Calhoun","0","2","West Virginia","5/19/20","0","2","54013","1"
"Clay","0","2","West Virginia","5/19/20","2","0","54015","0"
"Fayette","1","38","West Virginia","5/19/20","34","4","54019","11.76"
"Gilmer","0","8","West Virginia","5/19/20","8","0","54021","0"
"Grant","0","6","West Virginia","5/19/20","3","3","54023","100"
"Greenbrier","0","9","West Virginia","5/19/20","8","1","54025","12.5"
"Hampshire","0","12","West Virginia","5/19/20","10","2","54027","20"
"Hancock","0","12","West Virginia","5/19/20","12","0","54029","0"
"Hardy","2","31","West Virginia","5/19/20","17","14","54031","82.35"
"Harrison","0","35","West Virginia","5/19/20","34","1","54033","2.94"
"Jackson","0","135","West Virginia","5/19/20","136","-1","54035","-0.74"
"Jefferson","2","101","West Virginia","5/19/20","88","13","54037","14.77"
"Kanawha","2","203","West Virginia","5/19/20","186","17","54039","9.14"
"Lewis","0","5","West Virginia","5/19/20","4","1","54041","25"
"Lincoln","0","5","West Virginia","5/19/20","5","0","54043","0"
"Logan","0","15","West Virginia","5/19/20","14","1","54045","7.14"
"Marion","0","48","West Virginia","5/19/20","46","2","54049","4.35"
"Marshall","0","25","West Virginia","5/19/20","22","3","54051","13.64"
"Mason","0","15","West Virginia","5/19/20","14","1","54053","7.14"
"McDowell","0","6","West Virginia","5/19/20","6","0","54047","0"
"Mercer","0","13","West Virginia","5/19/20","12","1","54055","8.33"
"Mineral","1","29","West Virginia","5/19/20","23","6","54057","26.09"
"Mingo","0","3","West Virginia","5/19/20","3","0","54059","0"
"Monongalia","0","116","West Virginia","5/19/20","114","2","54061","1.75"
"Monroe","0","6","West Virginia","5/19/20","6","0","54063","0"
"Morgan","0","17","West Virginia","5/19/20","17","0","54065","0"
"Nicholas","0","9","West Virginia","5/19/20","8","1","54067","12.5"
"Ohio","0","37","West Virginia","5/19/20","37","0","54069","0"
"Pendleton","0","5","West Virginia","5/19/20","5","0","54071","0"
"Pleasants","0","2","West Virginia","5/19/20","2","0","54073","0"
"Pocahontas","1","8","West Virginia","5/19/20","2","6","54075","300"
"Preston","0","15","West Virginia","5/19/20","14","1","54077","7.14"
"Putnam","0","29","West Virginia","5/19/20","28","1","54079","3.57"
"Raleigh","0","12","West Virginia","5/19/20","10","2","54081","20"
"Randolph","0","7","West Virginia","5/19/20","5","2","54083","40"
"Ritchie","0","1","West Virginia","5/19/20","1","0","54085","0"
"Roane","0","9","West Virginia","5/19/20","8","1","54087","12.5"
"Summers","0","1","West Virginia","5/19/20","1","0","54089","0"
"Taylor","0","8","West Virginia","5/19/20","8","0","54091","0"
"Tucker","0","4","West Virginia","5/19/20","4","0","54093","0"
"Tyler","0","3","West Virginia","5/19/20","3","0","54095","0"
"Upshur","0","6","West Virginia","5/19/20","6","0","54097","0"
"Wayne","0","96","West Virginia","5/19/20","93","3","54099","3.23"
"Wetzel","0","7","West Virginia","5/19/20","6","1","54103","16.67"
"Wirt","0","3","West Virginia","5/19/20","3","0","54105","0"
"Wood","1","48","West Virginia","5/19/20","44","4","54107","9.09"
"Wyoming","0","3","West Virginia","5/19/20","1","2","54109","200"
"Adams","0","4","Wisconsin","5/19/20","4","0","55001","0"
"Ashland","0","2","Wisconsin","5/19/20","2","0","55003","0"
"Barron","0","11","Wisconsin","5/19/20","11","0","55005","0"
"Bayfield","0","3","Wisconsin","5/19/20","3","0","55007","0"
"Brown","23","2118","Wisconsin","5/19/20","1958","160","55009","8.17"
"Buffalo","0","5","Wisconsin","5/19/20","5","0","55011","0"
"Burnett","0","1","Wisconsin","5/19/20","0","1","55013","1"
"Calumet","2","58","Wisconsin","5/19/20","43","15","55015","34.88"
"Chippewa","2","42","Wisconsin","5/19/20","31","11","55017","35.48"
"Clark","1","29","Wisconsin","5/19/20","24","5","55019","20.83"
"Columbia","0","36","Wisconsin","5/19/20","34","2","55021","5.88"
"Crawford","1","23","Wisconsin","5/19/20","17","6","55023","35.29"
"Dane","9","541","Wisconsin","5/19/20","477","64","55025","13.42"
"Dodge","5","109","Wisconsin","5/19/20","75","34","55027","45.33"
"Door","2","33","Wisconsin","5/19/20","22","11","55029","50"
"Douglas","1","15","Wisconsin","5/19/20","11","4","55031","36.36"
"Dunn","1","20","Wisconsin","5/19/20","14","6","55033","42.86"
"Eau Claire","2","75","Wisconsin","5/19/20","60","15","55035","25"
"Florence","0","2","Wisconsin","5/19/20","2","0","55037","0"
"Fond du Lac","5","145","Wisconsin","5/19/20","108","37","55039","34.26"
"Forest","1","9","Wisconsin","5/19/20","4","5","55041","125"
"Grant","1","75","Wisconsin","5/19/20","69","6","55043","8.7"
"Green","2","46","Wisconsin","5/19/20","34","12","55045","35.29"
"Green Lake","0","11","Wisconsin","5/19/20","8","3","55047","37.5"
"Iowa","0","11","Wisconsin","5/19/20","10","1","55049","10"
"Iron","0","2","Wisconsin","5/19/20","2","0","55051","0"
"Jackson","0","15","Wisconsin","5/19/20","14","1","55053","7.14"
"Jefferson","1","62","Wisconsin","5/19/20","52","10","55055","19.23"
"Juneau","0","22","Wisconsin","5/19/20","21","1","55057","4.76"
"Kenosha","21","866","Wisconsin","5/19/20","716","150","55059","20.95"
"Kewaunee","0","31","Wisconsin","5/19/20","29","2","55061","6.9"
"La Crosse","2","47","Wisconsin","5/19/20","34","13","55063","38.24"
"Lafayette","0","16","Wisconsin","5/19/20","13","3","55065","23.08"
"Lincoln","0","3","Wisconsin","5/19/20","1","2","55069","200"
"Manitowoc","1","25","Wisconsin","5/19/20","20","5","55071","25"
"Marathon","1","34","Wisconsin","5/19/20","25","9","55073","36"
"Marinette","1","25","Wisconsin","5/19/20","21","4","55075","19.05"
"Marquette","0","3","Wisconsin","5/19/20","3","0","55077","0"
"Menominee","0","2","Wisconsin","5/19/20","2","0","55078","0"
"Milwaukee","144","5076","Wisconsin","5/19/20","4069","1007","55079","24.75"
"Monroe","0","15","Wisconsin","5/19/20","15","0","55081","0"
"Oconto","0","30","Wisconsin","5/19/20","28","2","55083","7.14"
"Oneida","0","7","Wisconsin","5/19/20","7","0","55085","0"
"Outagamie","4","146","Wisconsin","5/19/20","117","29","55087","24.79"
"Ozaukee","3","125","Wisconsin","5/19/20","107","18","55089","16.82"
"Pepin","0","1","Wisconsin","5/19/20","0","1","55091","1"
"Pierce","1","22","Wisconsin","5/19/20","14","8","55093","57.14"
"Polk","0","7","Wisconsin","5/19/20","5","2","55095","40"
"Portage","0","7","Wisconsin","5/19/20","7","0","55097","0"
"Price","0","1","Wisconsin","5/19/20","1","0","55099","0"
"Racine","43","1061","Wisconsin","5/19/20","763","298","55101","39.06"
"Richland","0","14","Wisconsin","5/19/20","13","1","55103","7.69"
"Rock","10","438","Wisconsin","5/19/20","369","69","55105","18.7"
"Rusk","0","4","Wisconsin","5/19/20","4","0","55107","0"
"Sauk","1","77","Wisconsin","5/19/20","73","4","55111","5.48"
"Sawyer","0","4","Wisconsin","5/19/20","4","0","55113","0"
"Shawano","1","33","Wisconsin","5/19/20","25","8","55115","32"
"Sheboygan","1","70","Wisconsin","5/19/20","66","4","55117","6.06"
"St. Croix","2","48","Wisconsin","5/19/20","31","17","55109","54.84"
"Trempealeau","1","11","Wisconsin","5/19/20","6","5","55121","83.33"
"Vernon","1","12","Wisconsin","5/19/20","4","8","55123","200"
"Vilas","0","4","Wisconsin","5/19/20","4","0","55125","0"
"Walworth","6","287","Wisconsin","5/19/20","244","43","55127","17.62"
"Washburn","0","1","Wisconsin","5/19/20","1","0","55129","0"
"Washington","5","155","Wisconsin","5/19/20","119","36","55131","30.25"
"Waukesha","11","492","Wisconsin","5/19/20","414","78","55133","18.84"
"Waupaca","1","19","Wisconsin","5/19/20","13","6","55135","46.15"
"Waushara","0","7","Wisconsin","5/19/20","4","3","55137","75"
"Winnebago","4","126","Wisconsin","5/19/20","101","25","55139","24.75"
"Wood","1","8","Wisconsin","5/19/20","4","4","55141","100"
"Albany","0","10","Wyoming","5/19/20","8","2","56001","25"
"Big Horn","0","3","Wyoming","5/19/20","3","0","56003","0"
"Campbell","0","29","Wyoming","5/19/20","30","-1","56005","-3.33"
"Carbon","1","15","Wyoming","5/19/20","5","10","56007","200"
"Converse","0","24","Wyoming","5/19/20","23","1","56009","4.35"
"Crook","0","5","Wyoming","5/19/20","5","0","56011","0"
"Fremont","5","228","Wyoming","5/19/20","193","35","56013","18.13"
"Goshen","0","5","Wyoming","5/19/20","5","0","56015","0"
"Hot Springs","1","7","Wyoming","5/19/20","3","4","56017","133.33"
"Johnson","0","16","Wyoming","5/19/20","15","1","56019","6.67"
"Laramie","2","183","Wyoming","5/19/20","170","13","56021","7.65"
"Lincoln","0","14","Wyoming","5/19/20","11","3","56023","27.27"
"Natrona","2","64","Wyoming","5/19/20","47","17","56025","36.17"
"Niobrara","0","2","Wyoming","5/19/20","2","0","56027","0"
"Park","0","1","Wyoming","5/19/20","1","0","56029","0"
"Sheridan","0","16","Wyoming","5/19/20","16","0","56033","0"
"Sublette","0","3","Wyoming","5/19/20","3","0","56035","0"
"Sweetwater","1","24","Wyoming","5/19/20","20","4","56037","20"
"Teton","0","100","Wyoming","5/19/20","98","2","56039","2.04"
"Uinta","0","11","Wyoming","5/19/20","9","2","56041","22.22"
"Washakie","1","16","Wyoming","5/19/20","8","8","56043","100"
