"Locality","DailyAvgNewCasesPast7Days","TotalCases","State","Date","TotalCases7DaysAgo","NewCasesPast7Days","FIPS-Code","PercentIncreaseTotalCasesPast7Days"
"Autauga","7","159","Alabama","5/24/20","110","49","01001","44.55"
"Baldwin","3","274","Alabama","5/24/20","254","20","01003","7.87"
"Barbour","4","110","Alabama","5/24/20","81","29","01005","35.8"
"Bibb","1","59","Alabama","5/24/20","50","9","01007","18"
"Blount","0","49","Alabama","5/24/20","46","3","01009","6.52"
"Bullock","11","111","Alabama","5/24/20","35","76","01011","217.14"
"Butler","10","344","Alabama","5/24/20","272","72","01013","26.47"
"Calhoun","2","141","Alabama","5/24/20","130","11","01015","8.46"
"Chambers","1","336","Alabama","5/24/20","328","8","01017","2.44"
"Cherokee","1","33","Alabama","5/24/20","27","6","01019","22.22"
"Chilton","1","87","Alabama","5/24/20","77","10","01021","12.99"
"Choctaw","8","141","Alabama","5/24/20","84","57","01023","67.86"
"Clarke","4","102","Alabama","5/24/20","74","28","01025","37.84"
"Clay","0","27","Alabama","5/24/20","27","0","01027","0"
"Cleburne","0","13","Alabama","5/24/20","13","0","01029","0"
"Coffee","5","200","Alabama","5/24/20","166","34","01031","20.48"
"Colbert","6","136","Alabama","5/24/20","91","45","01033","49.45"
"Conecuh","1","25","Alabama","5/24/20","18","7","01035","38.89"
"Coosa","0","33","Alabama","5/24/20","34","-1","01037","-2.94"
"Covington","1","65","Alabama","5/24/20","57","8","01039","14.04"
"Crenshaw","1","58","Alabama","5/24/20","53","5","01041","9.43"
"Cullman","1","76","Alabama","5/24/20","69","7","01043","10.14"
"Dale","3","83","Alabama","5/24/20","60","23","01045","38.33"
"Dallas","7","197","Alabama","5/24/20","146","51","01047","34.93"
"DeKalb","4","221","Alabama","5/24/20","192","29","01049","15.1"
"Elmore","10","263","Alabama","5/24/20","192","71","01051","36.98"
"Escambia","1","43","Alabama","5/24/20","39","4","01053","10.26"
"Etowah","5","236","Alabama","5/24/20","204","32","01055","15.69"
"Fayette","0","11","Alabama","5/24/20","9","2","01057","22.22"
"Franklin","16","447","Alabama","5/24/20","334","113","01059","33.83"
"Geneva","2","33","Alabama","5/24/20","20","13","01061","65"
"Greene","1","89","Alabama","5/24/20","81","8","01063","9.88"
"Hale","6","129","Alabama","5/24/20","85","44","01065","51.76"
"Henry","2","56","Alabama","5/24/20","39","17","01067","43.59"
"Houston","5","164","Alabama","5/24/20","132","32","01069","24.24"
"Jackson","1","69","Alabama","5/24/20","63","6","01071","9.52"
"Jefferson","40","1614","Alabama","5/24/20","1333","281","01073","21.08"
"Lamar","1","20","Alabama","5/24/20","15","5","01075","33.33"
"Lauderdale","2","128","Alabama","5/24/20","113","15","01077","13.27"
"Lawrence","2","42","Alabama","5/24/20","29","13","01079","44.83"
"Lee","7","498","Alabama","5/24/20","449","49","01081","10.91"
"Limestone","1","74","Alabama","5/24/20","64","10","01083","15.62"
"Lowndes","8","186","Alabama","5/24/20","128","58","01085","45.31"
"Macon","1","60","Alabama","5/24/20","55","5","01087","9.09"
"Madison","3","296","Alabama","5/24/20","275","21","01089","7.64"
"Marengo","4","133","Alabama","5/24/20","103","30","01091","29.13"
"Marion","2","113","Alabama","5/24/20","101","12","01093","11.88"
"Marshall","4","649","Alabama","5/24/20","624","25","01095","4.01"
"Mobile","42","1996","Alabama","5/24/20","1701","295","01097","17.34"
"Monroe","1","28","Alabama","5/24/20","20","8","01099","40"
"Montgomery","52","1186","Alabama","5/24/20","823","363","01101","44.11"
"Morgan","7","162","Alabama","5/24/20","111","51","01103","45.95"
"Perry","2","31","Alabama","5/24/20","20","11","01105","55"
"Pickens","2","93","Alabama","5/24/20","78","15","01107","19.23"
"Pike","4","136","Alabama","5/24/20","106","30","01109","28.3"
"Randolph","1","125","Alabama","5/24/20","120","5","01111","4.17"
"Russell","4","128","Alabama","5/24/20","100","28","01113","28"
"Shelby","5","433","Alabama","5/24/20","399","34","01117","8.52"
"St. Clair","2","102","Alabama","5/24/20","90","12","01115","13.33"
"Sumter","9","191","Alabama","5/24/20","127","64","01119","50.39"
"Talladega","2","91","Alabama","5/24/20","78","13","01121","16.67"
"Tallapoosa","5","396","Alabama","5/24/20","358","38","01123","10.61"
"Tuscaloosa","23","505","Alabama","5/24/20","345","160","01125","46.38"
"Walker","10","198","Alabama","5/24/20","126","72","01127","57.14"
"Washington","1","64","Alabama","5/24/20","60","4","01129","6.67"
"Wilcox","3","118","Alabama","5/24/20","94","24","01131","25.53"
"Winston","4","62","Alabama","5/24/20","34","28","01133","82.35"
"Anchorage","1","206","Alaska","5/24/20","199","7","02020","3.52"
"Bethel","0","2","Alaska","5/24/20","1","1","02050","100"
"Fairbanks North Star","0","85","Alaska","5/24/20","84","1","02090","1.19"
"Juneau","0","31","Alaska","5/24/20","29","2","02110","6.9"
"Kenai Peninsula","0","26","Alaska","5/24/20","24","2","02122","8.33"
"Ketchikan Gateway","0","16","Alaska","5/24/20","16","0","02130","0"
"Kodiak Island","0","1","Alaska","5/24/20","1","0","02150","0"
"Matanuska-Susitna","0","24","Alaska","5/24/20","21","3","02170","14.29"
"Nome","0","3","Alaska","5/24/20","1","2","02180","200"
"Northwest Arctic","0","2","Alaska","5/24/20","0","2","02188","1"
"Petersburg","0","4","Alaska","5/24/20","4","0","02195","0"
"Prince of Wales-Hyder","0","2","Alaska","5/24/20","2","0","02198","0"
"Sitka","0","1","Alaska","5/24/20","1","0","02220","0"
"Southeast Fairbanks","0","3","Alaska","5/24/20","3","0","02240","0"
"Yukon-Koyukuk","0","1","Alaska","5/24/20","1","0","02290","0"
"Apache","30","1191","Arizona","5/24/20","981","210","04001","21.41"
"Cochise","2","59","Arizona","5/24/20","46","13","04003","28.26"
"Coconino","22","1019","Arizona","5/24/20","866","153","04005","17.67"
"Gila","0","24","Arizona","5/24/20","22","2","04007","9.09"
"Graham","0","21","Arizona","5/24/20","20","1","04009","5"
"Greenlee","0","3","Arizona","5/24/20","2","1","04011","50"
"La Paz","2","50","Arizona","5/24/20","38","12","04012","31.58"
"Maricopa","148","8277","Arizona","5/24/20","7240","1037","04013","14.32"
"Mohave","8","304","Arizona","5/24/20","250","54","04015","21.6"
"Navajo","36","1523","Arizona","5/24/20","1273","250","04017","19.64"
"Pima","30","2027","Arizona","5/24/20","1814","213","04019","11.74"
"Pinal","9","755","Arizona","5/24/20","693","62","04021","8.95"
"Santa Cruz","13","169","Arizona","5/24/20","75","94","04023","125.33"
"Yavapai","3","285","Arizona","5/24/20","262","23","04025","8.78"
"Yuma","44","670","Arizona","5/24/20","363","307","04027","84.57"
"Arkansas","0","3","Arkansas","5/24/20","2","1","05001","50"
"Ashley","0","19","Arkansas","5/24/20","18","1","05003","5.56"
"Baxter","0","6","Arkansas","5/24/20","6","0","05005","0"
"Benton","19","284","Arkansas","5/24/20","149","135","05007","90.6"
"Boone","0","6","Arkansas","5/24/20","4","2","05009","50"
"Bradley","0","17","Arkansas","5/24/20","15","2","05011","13.33"
"Carroll","1","10","Arkansas","5/24/20","5","5","05015","100"
"Chicot","0","13","Arkansas","5/24/20","10","3","05017","30"
"Clark","0","36","Arkansas","5/24/20","35","1","05019","2.86"
"Clay","0","4","Arkansas","5/24/20","3","1","05021","33.33"
"Cleburne","0","73","Arkansas","5/24/20","72","1","05023","1.39"
"Cleveland","0","18","Arkansas","5/24/20","16","2","05025","12.5"
"Columbia","1","20","Arkansas","5/24/20","15","5","05027","33.33"
"Conway","0","14","Arkansas","5/24/20","14","0","05029","0"
"Craighead","6","185","Arkansas","5/24/20","140","45","05031","32.14"
"Crawford","0","13","Arkansas","5/24/20","11","2","05033","18.18"
"Crittenden","7","285","Arkansas","5/24/20","234","51","05035","21.79"
"Cross","1","42","Arkansas","5/24/20","35","7","05037","20"
"Dallas","0","1","Arkansas","5/24/20","1","0","05039","0"
"Desha","0","19","Arkansas","5/24/20","18","1","05041","5.56"
"Drew","0","19","Arkansas","5/24/20","19","0","05043","0"
"Faulkner","1","100","Arkansas","5/24/20","93","7","05045","7.53"
"Franklin","0","4","Arkansas","5/24/20","2","2","05047","100"
"Fulton","0","6","Arkansas","5/24/20","4","2","05049","50"
"Garland","1","133","Arkansas","5/24/20","129","4","05051","3.1"
"Grant","0","16","Arkansas","5/24/20","16","0","05053","0"
"Greene","3","45","Arkansas","5/24/20","24","21","05055","87.5"
"Hempstead","1","13","Arkansas","5/24/20","9","4","05057","44.44"
"Hot Spring","0","30","Arkansas","5/24/20","29","1","05059","3.45"
"Howard","0","16","Arkansas","5/24/20","14","2","05061","14.29"
"Independence","0","28","Arkansas","5/24/20","25","3","05063","12"
"Izard","0","15","Arkansas","5/24/20","13","2","05065","15.38"
"Jackson","0","1","Arkansas","5/24/20","1","0","05067","0"
"Jefferson","2","504","Arkansas","5/24/20","491","13","05069","2.65"
"Johnson","0","38","Arkansas","5/24/20","35","3","05071","8.57"
"Lafayette","0","9","Arkansas","5/24/20","9","0","05073","0"
"Lawrence","1","82","Arkansas","5/24/20","73","9","05075","12.33"
"Lee","1","15","Arkansas","5/24/20","11","4","05077","36.36"
"Lincoln","3","974","Arkansas","5/24/20","955","19","05079","1.99"
"Little River","0","2","Arkansas","5/24/20","1","1","05081","100"
"Logan","0","4","Arkansas","5/24/20","4","0","05083","0"
"Lonoke","0","46","Arkansas","5/24/20","45","1","05085","2.22"
"Madison","0","3","Arkansas","5/24/20","1","2","05087","200"
"Marion","0","1","Arkansas","5/24/20","1","0","05089","0"
"Miller","0","42","Arkansas","5/24/20","42","0","05091","0"
"Mississippi","1","70","Arkansas","5/24/20","61","9","05093","14.75"
"Monroe","0","5","Arkansas","5/24/20","5","0","05095","0"
"Montgomery","0","1","Arkansas","5/24/20","1","0","05097","0"
"Nevada","0","4","Arkansas","5/24/20","4","0","05099","0"
"Newton","0","3","Arkansas","5/24/20","3","0","05101","0"
"Ouachita","0","10","Arkansas","5/24/20","10","0","05103","0"
"Perry","0","13","Arkansas","5/24/20","12","1","05105","8.33"
"Phillips","1","9","Arkansas","5/24/20","5","4","05107","80"
"Pike","0","4","Arkansas","5/24/20","3","1","05109","33.33"
"Poinsett","1","31","Arkansas","5/24/20","26","5","05111","19.23"
"Polk","0","10","Arkansas","5/24/20","8","2","05113","25"
"Pope","6","113","Arkansas","5/24/20","73","40","05115","54.79"
"Prairie","0","2","Arkansas","5/24/20","2","0","05117","0"
"Pulaski","14","785","Arkansas","5/24/20","686","99","05119","14.43"
"Randolph","1","26","Arkansas","5/24/20","22","4","05121","18.18"
"Saline","2","97","Arkansas","5/24/20","82","15","05125","18.29"
"Scott","0","1","Arkansas","5/24/20","1","0","05127","0"
"Searcy","0","6","Arkansas","5/24/20","6","0","05129","0"
"Sebastian","0","19","Arkansas","5/24/20","16","3","05131","18.75"
"Sevier","8","84","Arkansas","5/24/20","28","56","05133","200"
"Sharp","1","42","Arkansas","5/24/20","37","5","05135","13.51"
"St. Francis","42","634","Arkansas","5/24/20","341","293","05123","85.92"
"Stone","0","8","Arkansas","5/24/20","8","0","05137","0"
"Union","7","157","Arkansas","5/24/20","107","50","05139","46.73"
"Van Buren","0","28","Arkansas","5/24/20","28","0","05141","0"
"Washington","17","259","Arkansas","5/24/20","143","116","05143","81.12"
"White","1","40","Arkansas","5/24/20","36","4","05145","11.11"
"Woodruff","0","1","Arkansas","5/24/20","1","0","05147","0"
"Yell","10","96","Arkansas","5/24/20","23","73","05149","317.39"
"Alameda","65","2847","California","5/24/20","2392","455","06001","19.02"
"Alpine","0","2","California","5/24/20","2","0","06003","0"
"Amador","0","10","California","5/24/20","9","1","06005","11.11"
"Butte","2","34","California","5/24/20","22","12","06007","54.55"
"Calaveras","0","13","California","5/24/20","13","0","06009","0"
"Colusa","0","5","California","5/24/20","3","2","06011","66.67"
"Contra Costa","25","1321","California","5/24/20","1146","175","06013","15.27"
"Del Norte","2","23","California","5/24/20","8","15","06015","187.5"
"El Dorado","1","74","California","5/24/20","64","10","06017","15.62"
"Fresno","37","1448","California","5/24/20","1192","256","06019","21.48"
"Glenn","0","12","California","5/24/20","9","3","06021","33.33"
"Humboldt","2","93","California","5/24/20","77","16","06023","20.78"
"Imperial","51","1145","California","5/24/20","786","359","06025","45.67"
"Inyo","0","19","California","5/24/20","19","0","06027","0"
"Kern","44","1824","California","5/24/20","1515","309","06029","20.4"
"Kings","17","517","California","5/24/20","399","118","06031","29.57"
"Lake","1","12","California","5/24/20","8","4","06033","50"
"Lassen","0","2","California","5/24/20","0","2","06035","1"
"Los Angeles","1001","45017","California","5/24/20","38011","7006","06037","18.43"
"Madera","2","84","California","5/24/20","71","13","06039","18.31"
"Marin","10","388","California","5/24/20","317","71","06041","22.4"
"Mariposa","0","15","California","5/24/20","15","0","06043","0"
"Mendocino","1","21","California","5/24/20","14","7","06045","50"
"Merced","7","251","California","5/24/20","200","51","06047","25.5"
"Mono","0","34","California","5/24/20","34","0","06051","0"
"Monterey","8","395","California","5/24/20","341","54","06053","15.84"
"Napa","2","101","California","5/24/20","90","11","06055","12.22"
"Nevada","0","41","California","5/24/20","41","0","06057","0"
"Orange","137","5336","California","5/24/20","4376","960","06059","21.94"
"Placer","1","184","California","5/24/20","175","9","06061","5.14"
"Plumas","0","4","California","5/24/20","4","0","06063","0"
"Riverside","121","6464","California","5/24/20","5618","846","06065","15.06"
"Sacramento","8","1293","California","5/24/20","1237","56","06067","4.53"
"San Benito","1","70","California","5/24/20","61","9","06069","14.75"
"San Bernardino","122","4365","California","5/24/20","3511","854","06071","24.32"
"San Diego","103","6559","California","5/24/20","5836","723","06073","12.39"
"San Francisco","39","2367","California","5/24/20","2091","276","06075","13.2"
"San Joaquin","9","752","California","5/24/20","689","63","06077","9.14"
"San Luis Obispo","2","258","California","5/24/20","243","15","06079","6.17"
"San Mateo","33","1833","California","5/24/20","1602","231","06081","14.42"
"Santa Barbara","11","1551","California","5/24/20","1474","77","06083","5.22"
"Santa Clara","23","2617","California","5/24/20","2453","164","06085","6.69"
"Santa Cruz","5","192","California","5/24/20","159","33","06087","20.75"
"Shasta","0","36","California","5/24/20","34","2","06089","5.88"
"Sierra","0","1","California","5/24/20","0","1","06091","1"
"Siskiyou","0","6","California","5/24/20","5","1","06093","20"
"Solano","6","455","California","5/24/20","410","45","06095","10.98"
"Sonoma","16","482","California","5/24/20","373","109","06097","29.22"
"Stanislaus","8","629","California","5/24/20","571","58","06099","10.16"
"Sutter","0","40","California","5/24/20","38","2","06101","5.26"
"Tehama","0","3","California","5/24/20","2","1","06103","50"
"Trinity","0","1","California","5/24/20","1","0","06105","0"
"Tulare","30","1641","California","5/24/20","1430","211","06107","14.76"
"Tuolumne","0","3","California","5/24/20","2","1","06109","50"
"Ventura","21","912","California","5/24/20","764","148","06111","19.37"
"Yolo","1","190","California","5/24/20","184","6","06113","3.26"
"Yuba","0","28","California","5/24/20","25","3","06115","12"
"Adams","37","2869","Colorado","5/24/20","2613","256","08001","9.8"
"Alamosa","2","58","Colorado","5/24/20","41","17","08003","41.46"
"Arapahoe","48","4039","Colorado","5/24/20","3703","336","08005","9.07"
"Archuleta","0","8","Colorado","5/24/20","8","0","08007","0"
"Baca","0","12","Colorado","5/24/20","12","0","08009","0"
"Bent","0","2","Colorado","5/24/20","1","1","08011","100"
"Boulder","12","928","Colorado","5/24/20","844","84","08013","9.95"
"Broomfield","1","220","Colorado","5/24/20","211","9","08014","4.27"
"Chaffee","0","70","Colorado","5/24/20","69","1","08015","1.45"
"Cheyenne","0","5","Colorado","5/24/20","5","0","08017","0"
"Clear Creek","0","16","Colorado","5/24/20","16","0","08019","0"
"Conejos","0","1","Colorado","5/24/20","1","0","08021","0"
"Costilla","0","3","Colorado","5/24/20","4","-1","08023","-25"
"Crowley","3","62","Colorado","5/24/20","39","23","08025","58.97"
"Custer","0","2","Colorado","5/24/20","2","0","08027","0"
"Delta","2","67","Colorado","5/24/20","55","12","08029","21.82"
"Denver","74","5173","Colorado","5/24/20","4656","517","08031","11.1"
"Douglas","5","675","Colorado","5/24/20","640","35","08035","5.47"
"Eagle","2","581","Colorado","5/24/20","570","11","08037","1.93"
"El Paso","27","1505","Colorado","5/24/20","1314","191","08041","14.54"
"Elbert","0","48","Colorado","5/24/20","45","3","08039","6.67"
"Fremont","0","26","Colorado","5/24/20","25","1","08043","4"
"Garfield","1","121","Colorado","5/24/20","115","6","08045","5.22"
"Gilpin","0","3","Colorado","5/24/20","4","-1","08047","-25"
"Grand","0","6","Colorado","5/24/20","5","1","08049","20"
"Gunnison","0","180","Colorado","5/24/20","183","-3","08051","-1.64"
"Hinsdale","0","3","Colorado","5/24/20","3","0","08053","0"
"Huerfano","0","3","Colorado","5/24/20","3","0","08055","0"
"Jefferson","30","2040","Colorado","5/24/20","1831","209","08059","11.41"
"Kit Carson","0","26","Colorado","5/24/20","26","0","08063","0"
"La Plata","1","77","Colorado","5/24/20","68","9","08067","13.24"
"Lake","0","27","Colorado","5/24/20","26","1","08065","3.85"
"Larimer","7","537","Colorado","5/24/20","489","48","08069","9.82"
"Las Animas","0","5","Colorado","5/24/20","4","1","08071","25"
"Lincoln","0","3","Colorado","5/24/20","3","0","08073","0"
"Logan","14","582","Colorado","5/24/20","487","95","08075","19.51"
"Mesa","1","55","Colorado","5/24/20","50","5","08077","10"
"Mineral","0","2","Colorado","5/24/20","2","0","08079","0"
"Moffat","0","6","Colorado","5/24/20","6","0","08081","0"
"Montezuma","1","35","Colorado","5/24/20","27","8","08083","29.63"
"Montrose","3","159","Colorado","5/24/20","136","23","08085","16.91"
"Morgan","6","604","Colorado","5/24/20","561","43","08087","7.66"
"Otero","0","14","Colorado","5/24/20","11","3","08089","27.27"
"Ouray","0","8","Colorado","5/24/20","7","1","08091","14.29"
"Park","1","23","Colorado","5/24/20","16","7","08093","43.75"
"Phillips","0","12","Colorado","5/24/20","10","2","08095","20"
"Pitkin","0","57","Colorado","5/24/20","56","1","08097","1.79"
"Prowers","0","12","Colorado","5/24/20","10","2","08099","20"
"Pueblo","8","263","Colorado","5/24/20","204","59","08101","28.92"
"Rio Blanco","0","1","Colorado","5/24/20","1","0","08103","0"
"Rio Grande","1","16","Colorado","5/24/20","8","8","08105","100"
"Routt","0","59","Colorado","5/24/20","59","0","08107","0"
"Saguache","1","25","Colorado","5/24/20","16","9","08109","56.25"
"San Juan","0","1","Colorado","5/24/20","1","0","08111","0"
"San Miguel","0","23","Colorado","5/24/20","22","1","08113","4.55"
"Summit","3","207","Colorado","5/24/20","183","24","08117","13.11"
"Teller","0","32","Colorado","5/24/20","31","1","08119","3.23"
"Washington","3","31","Colorado","5/24/20","10","21","08121","210"
"Weld","16","2406","Colorado","5/24/20","2295","111","08123","4.84"
"Yuma","0","15","Colorado","5/24/20","12","3","08125","25"
"Fairfield","124","15114","Connecticut","5/24/20","14248","866","09001","6.08"
"Hartford","138","9686","Connecticut","5/24/20","8723","963","09003","11.04"
"Litchfield","9","1331","Connecticut","5/24/20","1269","62","09005","4.89"
"Middlesex","14","1010","Connecticut","5/24/20","909","101","09007","11.11"
"New Haven","107","10905","Connecticut","5/24/20","10159","746","09009","7.34"
"New London","25","1046","Connecticut","5/24/20","873","173","09011","19.82"
"Tolland","13","807","Connecticut","5/24/20","715","92","09013","12.87"
"Windham","7","359","Connecticut","5/24/20","313","46","09015","14.7"
"Kent","20","1340","Delaware","5/24/20","1197","143","10001","11.95"
"New Castle","90","3309","Delaware","5/24/20","2682","627","10003","23.38"
"Sussex","52","4103","Delaware","5/24/20","3739","364","10005","9.74"
"","0","49","Diamond Princess","5/24/20","49","0",,"0"
"District of Columbia","141","8110","District of Columbia","5/24/20","7123","987","11001","13.86"
"Alachua","4","361","Florida","5/24/20","332","29","12001","8.73"
"Baker","0","27","Florida","5/24/20","26","1","12003","3.85"
"Bay","2","95","Florida","5/24/20","84","11","12005","13.1"
"Bradford","0","51","Florida","5/24/20","49","2","12007","4.08"
"Brevard","4","394","Florida","5/24/20","365","29","12009","7.95"
"Broward","65","6697","Florida","5/24/20","6243","454","12011","7.27"
"Calhoun","2","52","Florida","5/24/20","40","12","12013","30"
"Charlotte","6","423","Florida","5/24/20","380","43","12015","11.32"
"Citrus","1","119","Florida","5/24/20","112","7","12017","6.25"
"Clay","6","357","Florida","5/24/20","317","40","12019","12.62"
"Collier","43","1251","Florida","5/24/20","948","303","12021","31.96"
"Columbia","3","130","Florida","5/24/20","111","19","12023","17.12"
"DeSoto","7","115","Florida","5/24/20","66","49","12027","74.24"
"Dixie","3","41","Florida","5/24/20","22","19","12029","86.36"
"Duval","22","1439","Florida","5/24/20","1284","155","12031","12.07"
"Escambia","10","756","Florida","5/24/20","689","67","12033","9.72"
"Flagler","3","177","Florida","5/24/20","156","21","12035","13.46"
"Franklin","0","2","Florida","5/24/20","2","0","12037","0"
"Gadsden","5","255","Florida","5/24/20","223","32","12039","14.35"
"Gilchrist","1","11","Florida","5/24/20","7","4","12041","57.14"
"Glades","2","20","Florida","5/24/20","9","11","12043","122.22"
"Gulf","0","1","Florida","5/24/20","1","0","12045","0"
"Hamilton","7","194","Florida","5/24/20","147","47","12047","31.97"
"Hardee","5","77","Florida","5/24/20","40","37","12049","92.5"
"Hendry","10","281","Florida","5/24/20","211","70","12051","33.18"
"Hernando","0","109","Florida","5/24/20","109","0","12053","0"
"Highlands","1","113","Florida","5/24/20","104","9","12055","8.65"
"Hillsborough","38","1883","Florida","5/24/20","1614","269","12057","16.67"
"Holmes","1","14","Florida","5/24/20","10","4","12059","40"
"Indian River","1","116","Florida","5/24/20","106","10","12061","9.43"
"Jackson","14","230","Florida","5/24/20","129","101","12063","78.29"
"Jefferson","0","29","Florida","5/24/20","28","1","12065","3.57"
"Lafayette","0","8","Florida","5/24/20","6","2","12067","33.33"
"Lake","3","273","Florida","5/24/20","252","21","12069","8.33"
"Lee","35","1699","Florida","5/24/20","1456","243","12071","16.69"
"Leon","7","332","Florida","5/24/20","280","52","12073","18.57"
"Levy","0","27","Florida","5/24/20","25","2","12075","8"
"Liberty","1","206","Florida","5/24/20","199","7","12077","3.52"
"Madison","1","68","Florida","5/24/20","63","5","12079","7.94"
"Manatee","18","975","Florida","5/24/20","849","126","12081","14.84"
"Marion","2","237","Florida","5/24/20","222","15","12083","6.76"
"Martin","25","494","Florida","5/24/20","321","173","12085","53.89"
"Miami-Dade","170","16845","Florida","5/24/20","15658","1187","12086","7.58"
"Monroe","1","108","Florida","5/24/20","100","8","12087","8"
"Nassau","1","70","Florida","5/24/20","66","4","12089","6.06"
"Okaloosa","2","193","Florida","5/24/20","177","16","12091","9.04"
"Okeechobee","4","60","Florida","5/24/20","35","25","12093","71.43"
"Orange","22","1808","Florida","5/24/20","1655","153","12095","9.24"
"Osceola","5","658","Florida","5/24/20","622","36","12097","5.79"
"Palm Beach","97","5201","Florida","5/24/20","4524","677","12099","14.96"
"Pasco","5","349","Florida","5/24/20","316","33","12101","10.44"
"Pinellas","22","1173","Florida","5/24/20","1022","151","12103","14.77"
"Polk","19","869","Florida","5/24/20","736","133","12105","18.07"
"Putnam","1","140","Florida","5/24/20","131","9","12107","6.87"
"Santa Rosa","3","207","Florida","5/24/20","183","24","12113","13.11"
"Sarasota","11","586","Florida","5/24/20","508","78","12115","15.35"
"Seminole","4","459","Florida","5/24/20","432","27","12117","6.25"
"St. Johns","1","239","Florida","5/24/20","231","8","12109","3.46"
"St. Lucie","10","391","Florida","5/24/20","323","68","12111","21.05"
"Sumter","0","253","Florida","5/24/20","251","2","12119","0.8"
"Suwannee","1","165","Florida","5/24/20","158","7","12121","4.43"
"Taylor","1","12","Florida","5/24/20","3","9","12123","300"
"Union","1","30","Florida","5/24/20","25","5","12125","20"
"Volusia","10","663","Florida","5/24/20","594","69","12127","11.62"
"Wakulla","0","32","Florida","5/24/20","32","0","12129","0"
"Walton","4","106","Florida","5/24/20","77","29","12131","37.66"
"Washington","2","26","Florida","5/24/20","13","13","12133","100"
"Appling","3","132","Georgia","5/24/20","108","24","13001","22.22"
"Atkinson","1","29","Georgia","5/24/20","20","9","13003","45"
"Bacon","2","75","Georgia","5/24/20","60","15","13005","25"
"Baker","0","33","Georgia","5/24/20","33","0","13007","0"
"Baldwin","6","331","Georgia","5/24/20","287","44","13009","15.33"
"Banks","4","73","Georgia","5/24/20","43","30","13011","69.77"
"Barrow","4","283","Georgia","5/24/20","257","26","13013","10.12"
"Bartow","8","443","Georgia","5/24/20","385","58","13015","15.06"
"Ben Hill","2","58","Georgia","5/24/20","45","13","13017","28.89"
"Berrien","2","34","Georgia","5/24/20","20","14","13019","70"
"Bibb","5","433","Georgia","5/24/20","396","37","13021","9.34"
"Bleckley","1","39","Georgia","5/24/20","34","5","13023","14.71"
"Brantley","2","51","Georgia","5/24/20","38","13","13025","34.21"
"Brooks","0","66","Georgia","5/24/20","63","3","13027","4.76"
"Bryan","1","70","Georgia","5/24/20","61","9","13029","14.75"
"Bulloch","1","52","Georgia","5/24/20","45","7","13031","15.56"
"Burke","1","121","Georgia","5/24/20","112","9","13033","8.04"
"Butts","2","209","Georgia","5/24/20","197","12","13035","6.09"
"Calhoun","0","126","Georgia","5/24/20","123","3","13037","2.44"
"Camden","1","56","Georgia","5/24/20","47","9","13039","19.15"
"Candler","0","13","Georgia","5/24/20","10","3","13043","30"
"Carroll","5","445","Georgia","5/24/20","408","37","13045","9.07"
"Catoosa","4","101","Georgia","5/24/20","71","30","13047","42.25"
"Charlton","0","29","Georgia","5/24/20","26","3","13049","11.54"
"Chatham","13","445","Georgia","5/24/20","355","90","13051","25.35"
"Chattahoochee","1","24","Georgia","5/24/20","19","5","13053","26.32"
"Chattooga","1","24","Georgia","5/24/20","15","9","13055","60"
"Cherokee","14","810","Georgia","5/24/20","714","96","13057","13.45"
"Clarke","4","224","Georgia","5/24/20","195","29","13059","14.87"
"Clay","1","35","Georgia","5/24/20","30","5","13061","16.67"
"Clayton","16","1119","Georgia","5/24/20","1008","111","13063","11.01"
"Clinch","1","49","Georgia","5/24/20","41","8","13065","19.51"
"Cobb","42","2702","Georgia","5/24/20","2406","296","13067","12.3"
"Coffee","8","248","Georgia","5/24/20","193","55","13069","28.5"
"Colquitt","7","296","Georgia","5/24/20","246","50","13071","20.33"
"Columbia","3","223","Georgia","5/24/20","205","18","13073","8.78"
"Cook","2","46","Georgia","5/24/20","32","14","13075","43.75"
"Coweta","7","331","Georgia","5/24/20","284","47","13077","16.55"
"Crawford","1","26","Georgia","5/24/20","19","7","13079","36.84"
"Crisp","4","221","Georgia","5/24/20","193","28","13081","14.51"
"Dade","1","27","Georgia","5/24/20","20","7","13083","35"
"Dawson","2","101","Georgia","5/24/20","84","17","13085","20.24"
"Decatur","4","146","Georgia","5/24/20","116","30","13087","25.86"
"DeKalb","65","3257","Georgia","5/24/20","2802","455","13089","16.24"
"Dodge","1","48","Georgia","5/24/20","39","9","13091","23.08"
"Dooly","2","168","Georgia","5/24/20","157","11","13093","7.01"
"Dougherty","9","1727","Georgia","5/24/20","1661","66","13095","3.97"
"Douglas","8","490","Georgia","5/24/20","437","53","13097","12.13"
"Early","0","234","Georgia","5/24/20","233","1","13099","0.43"
"Echols","7","61","Georgia","5/24/20","15","46","13101","306.67"
"Effingham","3","63","Georgia","5/24/20","42","21","13103","50"
"Elbert","4","71","Georgia","5/24/20","46","25","13105","54.35"
"Emanuel","0","26","Georgia","5/24/20","26","0","13107","0"
"Evans","0","5","Georgia","5/24/20","4","1","13109","25"
"Fannin","1","40","Georgia","5/24/20","36","4","13111","11.11"
"Fayette","2","220","Georgia","5/24/20","207","13","13113","6.28"
"Floyd","7","227","Georgia","5/24/20","180","47","13115","26.11"
"Forsyth","7","449","Georgia","5/24/20","399","50","13117","12.53"
"Franklin","0","36","Georgia","5/24/20","33","3","13119","9.09"
"Fulton","42","4054","Georgia","5/24/20","3761","293","13121","7.79"
"Gilmer","4","135","Georgia","5/24/20","109","26","13123","23.85"
"Glascock","0","1","Georgia","5/24/20","1","0","13125","0"
"Glynn","1","85","Georgia","5/24/20","75","10","13127","13.33"
"Gordon","1","138","Georgia","5/24/20","128","10","13129","7.81"
"Grady","0","93","Georgia","5/24/20","90","3","13131","3.33"
"Greene","1","64","Georgia","5/24/20","57","7","13133","12.28"
"Gwinnett","66","3056","Georgia","5/24/20","2594","462","13135","17.81"
"Habersham","11","500","Georgia","5/24/20","420","80","13137","19.05"
"Hall","24","2322","Georgia","5/24/20","2152","170","13139","7.9"
"Hancock","5","191","Georgia","5/24/20","159","32","13141","20.13"
"Haralson","0","36","Georgia","5/24/20","34","2","13143","5.88"
"Harris","1","83","Georgia","5/24/20","74","9","13145","12.16"
"Hart","1","26","Georgia","5/24/20","20","6","13147","30"
"Heard","1","26","Georgia","5/24/20","17","9","13149","52.94"
"Henry","0","632","Georgia","5/24/20","630","2","13151","0.32"
"Houston","4","343","Georgia","5/24/20","314","29","13153","9.24"
"Irwin","0","23","Georgia","5/24/20","22","1","13155","4.55"
"Jackson","3","147","Georgia","5/24/20","127","20","13157","15.75"
"Jasper","1","31","Georgia","5/24/20","26","5","13159","19.23"
"Jeff Davis","1","33","Georgia","5/24/20","24","9","13161","37.5"
"Jefferson","1","26","Georgia","5/24/20","22","4","13163","18.18"
"Jenkins","0","18","Georgia","5/24/20","16","2","13165","12.5"
"Johnson","1","76","Georgia","5/24/20","71","5","13167","7.04"
"Jones","1","34","Georgia","5/24/20","30","4","13169","13.33"
"Lamar","1","51","Georgia","5/24/20","41","10","13171","24.39"
"Lanier","0","12","Georgia","5/24/20","12","0","13173","0"
"Laurens","1","101","Georgia","5/24/20","94","7","13175","7.45"
"Lee","0","343","Georgia","5/24/20","342","1","13177","0.29"
"Liberty","3","65","Georgia","5/24/20","46","19","13179","41.3"
"Lincoln","0","15","Georgia","5/24/20","12","3","13181","25"
"Long","1","12","Georgia","5/24/20","6","6","13183","100"
"Lowndes","6","245","Georgia","5/24/20","203","42","13185","20.69"
"Lumpkin","1","88","Georgia","5/24/20","82","6","13187","7.32"
"Macon","1","95","Georgia","5/24/20","91","4","13193","4.4"
"Madison","1","38","Georgia","5/24/20","29","9","13195","31.03"
"Marion","1","49","Georgia","5/24/20","40","9","13197","22.5"
"McDuffie","1","62","Georgia","5/24/20","55","7","13189","12.73"
"McIntosh","0","12","Georgia","5/24/20","10","2","13191","20"
"Meriwether","1","78","Georgia","5/24/20","72","6","13199","8.33"
"Miller","0","38","Georgia","5/24/20","37","1","13201","2.7"
"Mitchell","2","399","Georgia","5/24/20","388","11","13205","2.84"
"Monroe","3","117","Georgia","5/24/20","95","22","13207","23.16"
"Montgomery","0","9","Georgia","5/24/20","8","1","13209","12.5"
"Morgan","0","36","Georgia","5/24/20","33","3","13211","9.09"
"Murray","3","78","Georgia","5/24/20","60","18","13213","30"
"Muscogee","18","550","Georgia","5/24/20","424","126","13215","29.72"
"Newton","6","304","Georgia","5/24/20","259","45","13217","17.37"
"Oconee","3","103","Georgia","5/24/20","79","24","13219","30.38"
"Oglethorpe","0","58","Georgia","5/24/20","55","3","13221","5.45"
"Out of GA","45","1913","Georgia","5/24/20","1601","312","80013","19.49"
"Paulding","5","277","Georgia","5/24/20","241","36","13223","14.94"
"Peach","0","70","Georgia","5/24/20","69","1","13225","1.45"
"Pickens","1","43","Georgia","5/24/20","35","8","13227","22.86"
"Pierce","3","89","Georgia","5/24/20","71","18","13229","25.35"
"Pike","1","49","Georgia","5/24/20","44","5","13231","11.36"
"Polk","2","95","Georgia","5/24/20","79","16","13233","20.25"
"Pulaski","0","39","Georgia","5/24/20","36","3","13235","8.33"
"Putnam","1","87","Georgia","5/24/20","77","10","13237","12.99"
"Quitman","0","11","Georgia","5/24/20","8","3","13239","37.5"
"Rabun","0","15","Georgia","5/24/20","15","0","13241","0"
"Randolph","0","170","Georgia","5/24/20","169","1","13243","0.59"
"Richmond","5","527","Georgia","5/24/20","490","37","13245","7.55"
"Rockdale","2","265","Georgia","5/24/20","249","16","13247","6.43"
"Schley","0","16","Georgia","5/24/20","16","0","13249","0"
"Screven","1","27","Georgia","5/24/20","19","8","13251","42.11"
"Seminole","0","42","Georgia","5/24/20","40","2","13253","5"
"Spalding","2","253","Georgia","5/24/20","239","14","13255","5.86"
"Stephens","2","122","Georgia","5/24/20","107","15","13257","14.02"
"Stewart","1","42","Georgia","5/24/20","37","5","13259","13.51"
"Sumter","4","445","Georgia","5/24/20","415","30","13261","7.23"
"Talbot","1","35","Georgia","5/24/20","28","7","13263","25"
"Taliaferro","0","1","Georgia","5/24/20","1","0","13265","0"
"Tattnall","1","15","Georgia","5/24/20","11","4","13267","36.36"
"Taylor","0","21","Georgia","5/24/20","22","-1","13269","-4.55"
"Telfair","0","32","Georgia","5/24/20","29","3","13271","10.34"
"Terrell","2","211","Georgia","5/24/20","199","12","13273","6.03"
"Thomas","4","311","Georgia","5/24/20","283","28","13275","9.89"
"Tift","5","219","Georgia","5/24/20","181","38","13277","20.99"
"Toombs","1","50","Georgia","5/24/20","44","6","13279","13.64"
"Towns","0","22","Georgia","5/24/20","21","1","13281","4.76"
"Treutlen","0","8","Georgia","5/24/20","8","0","13283","0"
"Troup","7","250","Georgia","5/24/20","200","50","13285","25"
"Turner","3","100","Georgia","5/24/20","81","19","13287","23.46"
"Twiggs","1","13","Georgia","5/24/20","9","4","13289","44.44"
"Union","0","39","Georgia","5/24/20","36","3","13291","8.33"
"Upson","2","273","Georgia","5/24/20","260","13","13293","5"
"Walker","3","94","Georgia","5/24/20","74","20","13295","27.03"
"Walton","4","189","Georgia","5/24/20","158","31","13297","19.62"
"Ware","5","209","Georgia","5/24/20","171","38","13299","22.22"
"Warren","0","17","Georgia","5/24/20","16","1","13301","6.25"
"Washington","2","74","Georgia","5/24/20","63","11","13303","17.46"
"Wayne","0","16","Georgia","5/24/20","14","2","13305","14.29"
"Webster","0","11","Georgia","5/24/20","11","0","13307","0"
"Wheeler","0","9","Georgia","5/24/20","7","2","13309","28.57"
"White","1","94","Georgia","5/24/20","89","5","13311","5.62"
"Whitfield","14","279","Georgia","5/24/20","180","99","13313","55"
"Wilcox","0","98","Georgia","5/24/20","95","3","13315","3.16"
"Wilkes","1","32","Georgia","5/24/20","28","4","13317","14.29"
"Wilkinson","3","65","Georgia","5/24/20","45","20","13319","44.44"
"Worth","2","209","Georgia","5/24/20","196","13","13321","6.63"
"","0","103","Grand Princess","5/24/20","103","0",,"0"
"","2","166","Guam","5/24/20","154","12",,"7.79"
"Hawaii","1","81","Hawaii","5/24/20","77","4","15001","5.19"
"Honolulu","0","414","Hawaii","5/24/20","415","-1","15003","-0.24"
"Kauai","0","20","Hawaii","5/24/20","21","-1","15007","-4.76"
"Maui","0","118","Hawaii","5/24/20","117","1","15009","0.85"
"Out of HI","0","10","Hawaii","5/24/20","10","0","80015","0"
"Ada","3","796","Idaho","5/24/20","773","23","16001","2.98"
"Adams","0","3","Idaho","5/24/20","3","0","16003","0"
"Bannock","1","18","Idaho","5/24/20","14","4","16005","28.57"
"Bingham","0","6","Idaho","5/24/20","6","0","16011","0"
"Blaine","0","510","Idaho","5/24/20","508","2","16013","0.39"
"Bonner","0","4","Idaho","5/24/20","4","0","16017","0"
"Bonneville","0","32","Idaho","5/24/20","33","-1","16019","-3.03"
"Camas","0","1","Idaho","5/24/20","1","0","16025","0"
"Canyon","1","284","Idaho","5/24/20","277","7","16027","2.53"
"Caribou","0","1","Idaho","5/24/20","1","0","16029","0"
"Cassia","1","28","Idaho","5/24/20","18","10","16031","55.56"
"Custer","0","2","Idaho","5/24/20","2","0","16037","0"
"Elmore","0","31","Idaho","5/24/20","31","0","16039","0"
"Fremont","0","3","Idaho","5/24/20","3","0","16043","0"
"Gem","0","17","Idaho","5/24/20","16","1","16045","6.25"
"Gooding","2","39","Idaho","5/24/20","25","14","16047","56"
"Idaho","0","3","Idaho","5/24/20","3","0","16049","0"
"Jefferson","0","7","Idaho","5/24/20","7","0","16051","0"
"Jerome","7","145","Idaho","5/24/20","95","50","16053","52.63"
"Kootenai","0","66","Idaho","5/24/20","65","1","16055","1.54"
"Latah","0","7","Idaho","5/24/20","6","1","16057","16.67"
"Lemhi","0","1","Idaho","5/24/20","1","0","16059","0"
"Lincoln","0","30","Idaho","5/24/20","29","1","16063","3.45"
"Madison","0","20","Idaho","5/24/20","19","1","16065","5.26"
"Minidoka","2","29","Idaho","5/24/20","15","14","16067","93.33"
"Nez Perce","0","81","Idaho","5/24/20","79","2","16069","2.53"
"Owyhee","0","8","Idaho","5/24/20","8","0","16073","0"
"Payette","0","23","Idaho","5/24/20","20","3","16075","15"
"Power","0","3","Idaho","5/24/20","3","0","16077","0"
"Teton","0","11","Idaho","5/24/20","11","0","16081","0"
"Twin Falls","9","381","Idaho","5/24/20","318","63","16083","19.81"
"Valley","0","2","Idaho","5/24/20","2","0","16085","0"
"Washington","2","34","Idaho","5/24/20","23","11","16087","47.83"
"Adams","0","44","Illinois","5/24/20","42","2","17001","4.76"
"Alexander","0","8","Illinois","5/24/20","8","0","17003","0"
"Bond","0","10","Illinois","5/24/20","11","-1","17005","-9.09"
"Boone","15","393","Illinois","5/24/20","290","103","17007","35.52"
"Brown","0","10","Illinois","5/24/20","10","0","17009","0"
"Bureau","0","15","Illinois","5/24/20","15","0","17011","0"
"Calhoun","0","1","Illinois","5/24/20","1","0","17013","0"
"Carroll","0","13","Illinois","5/24/20","14","-1","17015","-7.14"
"Cass","0","67","Illinois","5/24/20","64","3","17017","4.69"
"Champaign","22","556","Illinois","5/24/20","401","155","17019","38.65"
"Christian","0","33","Illinois","5/24/20","31","2","17021","6.45"
"Clark","0","10","Illinois","5/24/20","9","1","17023","11.11"
"Clay","0","2","Illinois","5/24/20","2","0","17025","0"
"Clinton","2","176","Illinois","5/24/20","161","15","17027","9.32"
"Coles","5","115","Illinois","5/24/20","81","34","17029","41.98"
"Cook","1399","72010","Illinois","5/24/20","62218","9792","17031","15.74"
"Crawford","0","11","Illinois","5/24/20","11","0","17033","0"
"Cumberland","0","10","Illinois","5/24/20","8","2","17035","25"
"De Witt","0","4","Illinois","5/24/20","4","0","17039","0"
"DeKalb","10","319","Illinois","5/24/20","251","68","17037","27.09"
"Douglas","1","28","Illinois","5/24/20","23","5","17041","21.74"
"DuPage","165","7060","Illinois","5/24/20","5904","1156","17043","19.58"
"Edwards","0","2","Illinois","5/24/20","2","0","17047","0"
"Effingham","0","6","Illinois","5/24/20","6","0","17049","0"
"Fayette","0","20","Illinois","5/24/20","19","1","17051","5.26"
"Ford","0","20","Illinois","5/24/20","17","3","17053","17.65"
"Franklin","0","12","Illinois","5/24/20","11","1","17055","9.09"
"Fulton","0","11","Illinois","5/24/20","8","3","17057","37.5"
"Gallatin","0","2","Illinois","5/24/20","2","0","17059","0"
"Greene","0","5","Illinois","5/24/20","4","1","17061","25"
"Grundy","2","89","Illinois","5/24/20","74","15","17063","20.27"
"Hamilton","0","2","Illinois","5/24/20","2","0","17065","0"
"Hancock","0","13","Illinois","5/24/20","12","1","17067","8.33"
"Hardin","0","1","Illinois","5/24/20","1","0","17069","0"
"Henderson","0","8","Illinois","5/24/20","8","0","17071","0"
"Henry","0","66","Illinois","5/24/20","64","2","17073","3.12"
"Iroquois","2","130","Illinois","5/24/20","117","13","17075","11.11"
"Jackson","5","219","Illinois","5/24/20","181","38","17077","20.99"
"Jasper","0","45","Illinois","5/24/20","45","0","17079","0"
"Jefferson","0","101","Illinois","5/24/20","98","3","17081","3.06"
"Jersey","0","20","Illinois","5/24/20","18","2","17083","11.11"
"Jo Daviess","1","26","Illinois","5/24/20","18","8","17085","44.44"
"Johnson","0","7","Illinois","5/24/20","7","0","17087","0"
"Kane","178","5645","Illinois","5/24/20","4396","1249","17089","28.41"
"Kankakee","17","791","Illinois","5/24/20","669","122","17091","18.24"
"Kendall","21","709","Illinois","5/24/20","563","146","17093","25.93"
"Knox","1","94","Illinois","5/24/20","87","7","17095","8.05"
"Lake","161","7615","Illinois","5/24/20","6489","1126","17097","17.35"
"LaSalle","3","139","Illinois","5/24/20","120","19","17099","15.83"
"Lawrence","0","4","Illinois","5/24/20","4","0","17101","0"
"Lee","0","77","Illinois","5/24/20","74","3","17103","4.05"
"Livingston","1","31","Illinois","5/24/20","26","5","17105","19.23"
"Logan","0","10","Illinois","5/24/20","10","0","17107","0"
"Macon","3","187","Illinois","5/24/20","165","22","17115","13.33"
"Macoupin","0","41","Illinois","5/24/20","41","0","17117","0"
"Madison","6","533","Illinois","5/24/20","490","43","17119","8.78"
"Marion","0","50","Illinois","5/24/20","48","2","17121","4.17"
"Marshall","0","5","Illinois","5/24/20","5","0","17123","0"
"Mason","0","17","Illinois","5/24/20","16","1","17125","6.25"
"Massac","0","7","Illinois","5/24/20","6","1","17127","16.67"
"McDonough","2","80","Illinois","5/24/20","64","16","17109","25"
"McHenry","31","1399","Illinois","5/24/20","1179","220","17111","18.66"
"McLean","5","204","Illinois","5/24/20","170","34","17113","20"
"Menard","0","17","Illinois","5/24/20","17","0","17129","0"
"Mercer","0","14","Illinois","5/24/20","14","0","17131","0"
"Monroe","1","91","Illinois","5/24/20","87","4","17133","4.6"
"Montgomery","0","39","Illinois","5/24/20","38","1","17135","2.63"
"Morgan","0","34","Illinois","5/24/20","36","-2","17137","-5.56"
"Moultrie","0","9","Illinois","5/24/20","9","0","17139","0"
"Ogle","3","190","Illinois","5/24/20","170","20","17141","11.76"
"Out of IL","9","150","Illinois","5/24/20","84","66","80017","78.57"
"Peoria","3","177","Illinois","5/24/20","159","18","17143","11.32"
"Perry","0","41","Illinois","5/24/20","39","2","17145","5.13"
"Piatt","0","11","Illinois","5/24/20","9","2","17147","22.22"
"Pike","0","1","Illinois","5/24/20","1","0","17149","0"
"Pope","0","1","Illinois","5/24/20","1","0","17151","0"
"Pulaski","0","40","Illinois","5/24/20","40","0","17153","0"
"Putnam","0","1","Illinois","5/24/20","2","-1","17155","-50"
"Randolph","3","258","Illinois","5/24/20","236","22","17157","9.32"
"Richland","0","3","Illinois","5/24/20","3","0","17159","0"
"Rock Island","8","631","Illinois","5/24/20","577","54","17161","9.36"
"Saline","0","6","Illinois","5/24/20","6","0","17165","0"
"Sangamon","3","329","Illinois","5/24/20","307","22","17167","7.17"
"Schuyler","0","10","Illinois","5/24/20","7","3","17169","42.86"
"Shelby","0","16","Illinois","5/24/20","13","3","17173","23.08"
"St. Clair","23","966","Illinois","5/24/20","805","161","17163","20"
"Stark","0","3","Illinois","5/24/20","1","2","17175","200"
"Stephenson","5","187","Illinois","5/24/20","150","37","17177","24.67"
"Tazewell","1","67","Illinois","5/24/20","63","4","17179","6.35"
"Union","2","139","Illinois","5/24/20","122","17","17181","13.93"
"Vermilion","1","39","Illinois","5/24/20","30","9","17183","30"
"Wabash","0","1","Illinois","5/24/20","1","0","17185","0"
"Warren","1","114","Illinois","5/24/20","108","6","17187","5.56"
"Washington","0","18","Illinois","5/24/20","17","1","17189","5.88"
"Wayne","0","9","Illinois","5/24/20","9","0","17191","0"
"White","0","2","Illinois","5/24/20","2","0","17193","0"
"Whiteside","2","134","Illinois","5/24/20","122","12","17195","9.84"
"Will","104","5117","Illinois","5/24/20","4388","729","17197","16.61"
"Williamson","0","55","Illinois","5/24/20","52","3","17199","5.77"
"Winnebago","62","1925","Illinois","5/24/20","1490","435","17201","29.19"
"Woodford","0","17","Illinois","5/24/20","14","3","17203","21.43"
"Adams","0","12","Indiana","5/24/20","9","3","18001","33.33"
"Allen","35","1240","Indiana","5/24/20","996","244","18003","24.5"
"Bartholomew","8","474","Indiana","5/24/20","420","54","18005","12.86"
"Benton","0","24","Indiana","5/24/20","21","3","18007","14.29"
"Blackford","1","20","Indiana","5/24/20","14","6","18009","42.86"
"Boone","3","281","Indiana","5/24/20","258","23","18011","8.91"
"Brown","0","33","Indiana","5/24/20","31","2","18013","6.45"
"Carroll","2","91","Indiana","5/24/20","79","12","18015","15.19"
"Cass","4","1581","Indiana","5/24/20","1553","28","18017","1.8"
"Clark","7","453","Indiana","5/24/20","406","47","18019","11.58"
"Clay","1","39","Indiana","5/24/20","30","9","18021","30"
"Clinton","11","208","Indiana","5/24/20","134","74","18023","55.22"
"Crawford","0","23","Indiana","5/24/20","22","1","18025","4.55"
"Daviess","2","81","Indiana","5/24/20","64","17","18027","26.56"
"Dearborn","1","162","Indiana","5/24/20","158","4","18029","2.53"
"Decatur","0","222","Indiana","5/24/20","220","2","18031","0.91"
"DeKalb","0","28","Indiana","5/24/20","26","2","18033","7.69"
"Delaware","10","349","Indiana","5/24/20","277","72","18035","25.99"
"Dubois","9","178","Indiana","5/24/20","115","63","18037","54.78"
"Elkhart","46","991","Indiana","5/24/20","668","323","18039","48.35"
"Fayette","3","63","Indiana","5/24/20","42","21","18041","50"
"Floyd","2","312","Indiana","5/24/20","297","15","18043","5.05"
"Fountain","0","17","Indiana","5/24/20","18","-1","18045","-5.56"
"Franklin","0","106","Indiana","5/24/20","106","0","18047","0"
"Fulton","0","46","Indiana","5/24/20","43","3","18049","6.98"
"Gibson","0","13","Indiana","5/24/20","10","3","18051","30"
"Grant","3","181","Indiana","5/24/20","163","18","18053","11.04"
"Greene","1","167","Indiana","5/24/20","158","9","18055","5.7"
"Hamilton","11","1096","Indiana","5/24/20","1021","75","18057","7.35"
"Hancock","4","317","Indiana","5/24/20","291","26","18059","8.93"
"Harrison","2","184","Indiana","5/24/20","170","14","18061","8.24"
"Hendricks","12","1117","Indiana","5/24/20","1032","85","18063","8.24"
"Henry","4","156","Indiana","5/24/20","125","31","18065","24.8"
"Howard","9","345","Indiana","5/24/20","285","60","18067","21.05"
"Huntington","0","22","Indiana","5/24/20","21","1","18069","4.76"
"Jackson","5","359","Indiana","5/24/20","327","32","18071","9.79"
"Jasper","2","54","Indiana","5/24/20","43","11","18073","25.58"
"Jay","2","43","Indiana","5/24/20","29","14","18075","48.28"
"Jefferson","1","41","Indiana","5/24/20","35","6","18077","17.14"
"Jennings","1","126","Indiana","5/24/20","116","10","18079","8.62"
"Johnson","13","1080","Indiana","5/24/20","992","88","18081","8.87"
"Knox","0","24","Indiana","5/24/20","22","2","18083","9.09"
"Kosciusko","3","78","Indiana","5/24/20","56","22","18085","39.29"
"LaGrange","2","60","Indiana","5/24/20","49","11","18087","22.45"
"Lake","60","3260","Indiana","5/24/20","2843","417","18089","14.67"
"LaPorte","6","399","Indiana","5/24/20","358","41","18091","11.45"
"Lawrence","1","142","Indiana","5/24/20","133","9","18093","6.77"
"Madison","5","580","Indiana","5/24/20","543","37","18095","6.81"
"Marion","118","9132","Indiana","5/24/20","8303","829","18097","9.98"
"Marshall","3","64","Indiana","5/24/20","43","21","18099","48.84"
"Martin","0","9","Indiana","5/24/20","7","2","18101","28.57"
"Miami","1","137","Indiana","5/24/20","130","7","18103","5.38"
"Monroe","1","158","Indiana","5/24/20","150","8","18105","5.33"
"Montgomery","7","221","Indiana","5/24/20","173","48","18107","27.75"
"Morgan","2","258","Indiana","5/24/20","244","14","18109","5.74"
"Newton","0","74","Indiana","5/24/20","71","3","18111","4.23"
"Noble","4","181","Indiana","5/24/20","152","29","18113","19.08"
"Ohio","0","13","Indiana","5/24/20","12","1","18115","8.33"
"Orange","0","124","Indiana","5/24/20","122","2","18117","1.64"
"Owen","1","31","Indiana","5/24/20","27","4","18119","14.81"
"Parke","0","17","Indiana","5/24/20","18","-1","18121","-5.56"
"Perry","1","23","Indiana","5/24/20","19","4","18123","21.05"
"Pike","0","6","Indiana","5/24/20","5","1","18125","20"
"Porter","11","473","Indiana","5/24/20","394","79","18127","20.05"
"Posey","0","17","Indiana","5/24/20","16","1","18129","6.25"
"Pulaski","1","39","Indiana","5/24/20","34","5","18131","14.71"
"Putnam","2","131","Indiana","5/24/20","120","11","18133","9.17"
"Randolph","1","38","Indiana","5/24/20","32","6","18135","18.75"
"Ripley","1","112","Indiana","5/24/20","107","5","18137","4.67"
"Rush","1","45","Indiana","5/24/20","41","4","18139","9.76"
"Scott","3","116","Indiana","5/24/20","96","20","18143","20.83"
"Shelby","4","312","Indiana","5/24/20","287","25","18145","8.71"
"Spencer","0","14","Indiana","5/24/20","11","3","18147","27.27"
"St. Joseph","26","1155","Indiana","5/24/20","971","184","18141","18.95"
"Starke","0","31","Indiana","5/24/20","28","3","18149","10.71"
"Steuben","2","79","Indiana","5/24/20","65","14","18151","21.54"
"Sullivan","0","32","Indiana","5/24/20","29","3","18153","10.34"
"Switzerland","0","19","Indiana","5/24/20","16","3","18155","18.75"
"Tippecanoe","9","369","Indiana","5/24/20","303","66","18157","21.78"
"Tipton","0","22","Indiana","5/24/20","21","1","18159","4.76"
"Union","0","8","Indiana","5/24/20","8","0","18161","0"
"Vanderburgh","5","242","Indiana","5/24/20","207","35","18163","16.91"
"Vermillion","0","9","Indiana","5/24/20","7","2","18165","28.57"
"Vigo","4","141","Indiana","5/24/20","113","28","18167","24.78"
"Wabash","0","72","Indiana","5/24/20","71","1","18169","1.41"
"Warren","0","12","Indiana","5/24/20","12","0","18171","0"
"Warrick","2","164","Indiana","5/24/20","150","14","18173","9.33"
"Washington","0","52","Indiana","5/24/20","50","2","18175","4"
"Wayne","1","69","Indiana","5/24/20","61","8","18177","13.11"
"Wells","1","22","Indiana","5/24/20","16","6","18179","37.5"
"White","6","221","Indiana","5/24/20","179","42","18181","23.46"
"Whitley","1","34","Indiana","5/24/20","28","6","18183","21.43"
"Adair","0","8","Iowa","5/24/20","5","3","19001","60"
"Adams","1","5","Iowa","5/24/20","1","4","19003","400"
"Allamakee","1","118","Iowa","5/24/20","114","4","19005","3.51"
"Appanoose","1","12","Iowa","5/24/20","8","4","19007","50"
"Audubon","0","11","Iowa","5/24/20","11","0","19009","0"
"Benton","0","37","Iowa","5/24/20","36","1","19011","2.78"
"Black Hawk","13","1676","Iowa","5/24/20","1587","89","19013","5.61"
"Boone","2","54","Iowa","5/24/20","42","12","19015","28.57"
"Bremer","0","67","Iowa","5/24/20","64","3","19017","4.69"
"Buchanan","1","31","Iowa","5/24/20","26","5","19019","19.23"
"Buena Vista","18","231","Iowa","5/24/20","102","129","19021","126.47"
"Butler","0","15","Iowa","5/24/20","14","1","19023","7.14"
"Calhoun","0","2","Iowa","5/24/20","1","1","19025","100"
"Carroll","0","9","Iowa","5/24/20","8","1","19027","12.5"
"Cass","1","11","Iowa","5/24/20","2","9","19029","450"
"Cedar","0","45","Iowa","5/24/20","42","3","19031","7.14"
"Cerro Gordo","1","22","Iowa","5/24/20","18","4","19033","22.22"
"Cherokee","1","15","Iowa","5/24/20","9","6","19035","66.67"
"Chickasaw","0","8","Iowa","5/24/20","7","1","19037","14.29"
"Clarke","2","32","Iowa","5/24/20","17","15","19039","88.24"
"Clay","0","10","Iowa","5/24/20","9","1","19041","11.11"
"Clayton","0","30","Iowa","5/24/20","28","2","19043","7.14"
"Clinton","0","60","Iowa","5/24/20","61","-1","19045","-1.64"
"Crawford","14","477","Iowa","5/24/20","380","97","19047","25.53"
"Dallas","10","849","Iowa","5/24/20","776","73","19049","9.41"
"Davis","1","20","Iowa","5/24/20","13","7","19051","53.85"
"Delaware","0","14","Iowa","5/24/20","12","2","19055","16.67"
"Des Moines","2","53","Iowa","5/24/20","37","16","19057","43.24"
"Dickinson","0","8","Iowa","5/24/20","6","2","19059","33.33"
"Dubuque","8","319","Iowa","5/24/20","264","55","19061","20.83"
"Emmet","1","7","Iowa","5/24/20","1","6","19063","600"
"Fayette","0","26","Iowa","5/24/20","25","1","19065","4"
"Floyd","1","18","Iowa","5/24/20","11","7","19067","63.64"
"Franklin","0","8","Iowa","5/24/20","7","1","19069","14.29"
"Fremont","0","4","Iowa","5/24/20","3","1","19071","33.33"
"Greene","0","13","Iowa","5/24/20","13","0","19073","0"
"Grundy","0","19","Iowa","5/24/20","17","2","19075","11.76"
"Guthrie","1","43","Iowa","5/24/20","37","6","19077","16.22"
"Hamilton","2","26","Iowa","5/24/20","11","15","19079","136.36"
"Hancock","1","12","Iowa","5/24/20","5","7","19081","140"
"Hardin","0","13","Iowa","5/24/20","12","1","19083","8.33"
"Harrison","0","19","Iowa","5/24/20","17","2","19085","11.76"
"Henry","2","61","Iowa","5/24/20","47","14","19087","29.79"
"Howard","0","12","Iowa","5/24/20","12","0","19089","0"
"Humboldt","1","13","Iowa","5/24/20","7","6","19091","85.71"
"Ida","1","10","Iowa","5/24/20","3","7","19093","233.33"
"Iowa","0","32","Iowa","5/24/20","29","3","19095","10.34"
"Jackson","0","11","Iowa","5/24/20","8","3","19097","37.5"
"Jasper","1","256","Iowa","5/24/20","247","9","19099","3.64"
"Jefferson","0","15","Iowa","5/24/20","12","3","19101","25"
"Johnson","4","598","Iowa","5/24/20","569","29","19103","5.1"
"Jones","0","36","Iowa","5/24/20","36","0","19105","0"
"Keokuk","0","13","Iowa","5/24/20","11","2","19107","18.18"
"Kossuth","1","7","Iowa","5/24/20","3","4","19109","133.33"
"Lee","1","22","Iowa","5/24/20","18","4","19111","22.22"
"Linn","4","927","Iowa","5/24/20","896","31","19113","3.46"
"Louisa","4","334","Iowa","5/24/20","307","27","19115","8.79"
"Lucas","1","6","Iowa","5/24/20","1","5","19117","500"
"Lyon","0","19","Iowa","5/24/20","19","0","19119","0"
"Madison","1","24","Iowa","5/24/20","16","8","19121","50"
"Mahaska","4","52","Iowa","5/24/20","24","28","19123","116.67"
"Marion","1","29","Iowa","5/24/20","21","8","19125","38.1"
"Marshall","10","866","Iowa","5/24/20","794","72","19127","9.07"
"Mills","1","14","Iowa","5/24/20","10","4","19129","40"
"Mitchell","0","4","Iowa","5/24/20","4","0","19131","0"
"Monona","1","23","Iowa","5/24/20","15","8","19133","53.33"
"Monroe","2","33","Iowa","5/24/20","19","14","19135","73.68"
"Montgomery","0","6","Iowa","5/24/20","6","0","19137","0"
"Muscatine","2","543","Iowa","5/24/20","532","11","19139","2.07"
"O'Brien","0","24","Iowa","5/24/20","22","2","19141","9.09"
"Osceola","1","32","Iowa","5/24/20","26","6","19143","23.08"
"Page","0","10","Iowa","5/24/20","10","0","19145","0"
"Palo Alto","0","3","Iowa","5/24/20","2","1","19147","50"
"Plymouth","4","108","Iowa","5/24/20","83","25","19149","30.12"
"Pocahontas","0","4","Iowa","5/24/20","3","1","19151","33.33"
"Polk","113","3714","Iowa","5/24/20","2922","792","19153","27.1"
"Pottawattamie","7","210","Iowa","5/24/20","161","49","19155","30.43"
"Poweshiek","0","88","Iowa","5/24/20","86","2","19157","2.33"
"Ringgold","1","4","Iowa","5/24/20","0","4","19159","1"
"Sac","1","13","Iowa","5/24/20","4","9","19161","225"
"Scott","3","331","Iowa","5/24/20","307","24","19163","7.82"
"Shelby","1","31","Iowa","5/24/20","21","10","19165","47.62"
"Sioux","9","199","Iowa","5/24/20","135","64","19167","47.41"
"Story","3","94","Iowa","5/24/20","75","19","19169","25.33"
"Tama","5","390","Iowa","5/24/20","356","34","19171","9.55"
"Taylor","5","37","Iowa","5/24/20","2","35","19173","1750"
"Union","1","6","Iowa","5/24/20","2","4","19175","200"
"Van Buren","0","8","Iowa","5/24/20","8","0","19177","0"
"Wapello","17","500","Iowa","5/24/20","379","121","19179","31.93"
"Warren","5","106","Iowa","5/24/20","72","34","19181","47.22"
"Washington","1","179","Iowa","5/24/20","172","7","19183","4.07"
"Wayne","0","1","Iowa","5/24/20","1","0","19185","0"
"Webster","2","27","Iowa","5/24/20","13","14","19187","107.69"
"Winnebago","1","10","Iowa","5/24/20","6","4","19189","66.67"
"Winneshiek","0","21","Iowa","5/24/20","18","3","19191","16.67"
"Woodbury","49","2555","Iowa","5/24/20","2215","340","19193","15.35"
"Worth","0","3","Iowa","5/24/20","3","0","19195","0"
"Wright","15","117","Iowa","5/24/20","14","103","19197","735.71"
"Allen","0","1","Kansas","5/24/20","0","1","20001","1"
"Anderson","0","1","Kansas","5/24/20","1","0","20003","0"
"Atchison","1","19","Kansas","5/24/20","15","4","20005","26.67"
"Barber","0","1","Kansas","5/24/20","1","0","20007","0"
"Barton","2","45","Kansas","5/24/20","31","14","20009","45.16"
"Bourbon","0","7","Kansas","5/24/20","6","1","20011","16.67"
"Brown","0","6","Kansas","5/24/20","3","3","20013","100"
"Butler","1","28","Kansas","5/24/20","18","10","20015","55.56"
"Chase","0","4","Kansas","5/24/20","3","1","20017","33.33"
"Chautauqua","0","4","Kansas","5/24/20","4","0","20019","0"
"Cherokee","0","9","Kansas","5/24/20","8","1","20021","12.5"
"Cheyenne","0","2","Kansas","5/24/20","2","0","20023","0"
"Clark","2","31","Kansas","5/24/20","20","11","20025","55"
"Clay","0","5","Kansas","5/24/20","4","1","20027","25"
"Cloud","0","5","Kansas","5/24/20","4","1","20029","25"
"Coffey","0","50","Kansas","5/24/20","50","0","20031","0"
"Comanche","0","1","Kansas","5/24/20","0","1","20033","1"
"Cowley","0","4","Kansas","5/24/20","4","0","20035","0"
"Crawford","0","8","Kansas","5/24/20","8","0","20037","0"
"Dickinson","0","4","Kansas","5/24/20","2","2","20041","100"
"Doniphan","0","12","Kansas","5/24/20","9","3","20043","33.33"
"Douglas","0","63","Kansas","5/24/20","60","3","20045","5"
"Edwards","0","5","Kansas","5/24/20","4","1","20047","25"
"Ellis","0","8","Kansas","5/24/20","8","0","20051","0"
"Ellsworth","0","2","Kansas","5/24/20","2","0","20053","0"
"Finney","26","1418","Kansas","5/24/20","1234","184","20055","14.91"
"Ford","36","1560","Kansas","5/24/20","1311","249","20057","18.99"
"Franklin","0","32","Kansas","5/24/20","32","0","20059","0"
"Geary","0","16","Kansas","5/24/20","14","2","20061","14.29"
"Gove","0","1","Kansas","5/24/20","1","0","20063","0"
"Grant","0","18","Kansas","5/24/20","16","2","20067","12.5"
"Gray","1","21","Kansas","5/24/20","12","9","20069","75"
"Greenwood","0","3","Kansas","5/24/20","3","0","20073","0"
"Hamilton","0","10","Kansas","5/24/20","9","1","20075","11.11"
"Harper","0","1","Kansas","5/24/20","1","0","20077","0"
"Harvey","0","11","Kansas","5/24/20","10","1","20079","10"
"Haskell","0","17","Kansas","5/24/20","16","1","20081","6.25"
"Hodgeman","0","1","Kansas","5/24/20","0","1","20083","1"
"Jackson","10","92","Kansas","5/24/20","25","67","20085","268"
"Jefferson","0","21","Kansas","5/24/20","19","2","20087","10.53"
"Jewell","0","4","Kansas","5/24/20","4","0","20089","0"
"Johnson","7","698","Kansas","5/24/20","646","52","20091","8.05"
"Kearny","1","40","Kansas","5/24/20","36","4","20093","11.11"
"Kiowa","0","2","Kansas","5/24/20","2","0","20097","0"
"Labette","0","22","Kansas","5/24/20","22","0","20099","0"
"Lane","0","1","Kansas","5/24/20","0","1","20101","1"
"Leavenworth","16","1067","Kansas","5/24/20","958","109","20103","11.38"
"Linn","0","7","Kansas","5/24/20","6","1","20107","16.67"
"Lyon","3","328","Kansas","5/24/20","310","18","20111","5.81"
"Marion","0","5","Kansas","5/24/20","5","0","20115","0"
"McPherson","0","27","Kansas","5/24/20","26","1","20113","3.85"
"Meade","0","24","Kansas","5/24/20","22","2","20119","9.09"
"Miami","0","6","Kansas","5/24/20","6","0","20121","0"
"Mitchell","0","3","Kansas","5/24/20","3","0","20123","0"
"Montgomery","0","20","Kansas","5/24/20","20","0","20125","0"
"Morris","0","4","Kansas","5/24/20","3","1","20127","33.33"
"Morton","0","4","Kansas","5/24/20","4","0","20129","0"
"Nemaha","2","13","Kansas","5/24/20","1","12","20131","1200"
"Neosho","0","2","Kansas","5/24/20","2","0","20133","0"
"Ness","0","1","Kansas","5/24/20","0","1","20135","1"
"Norton","0","2","Kansas","5/24/20","2","0","20137","0"
"Osage","0","7","Kansas","5/24/20","6","1","20139","16.67"
"Osborne","0","2","Kansas","5/24/20","2","0","20141","0"
"Ottawa","0","4","Kansas","5/24/20","4","0","20143","0"
"Phillips","0","2","Kansas","5/24/20","2","0","20147","0"
"Pottawatomie","0","22","Kansas","5/24/20","19","3","20149","15.79"
"Pratt","0","1","Kansas","5/24/20","1","0","20151","0"
"Reno","0","43","Kansas","5/24/20","41","2","20155","4.88"
"Republic","0","4","Kansas","5/24/20","4","0","20157","0"
"Rice","0","4","Kansas","5/24/20","4","0","20159","0"
"Riley","0","61","Kansas","5/24/20","60","1","20161","1.67"
"Rooks","0","6","Kansas","5/24/20","6","0","20163","0"
"Saline","0","24","Kansas","5/24/20","24","0","20169","0"
"Scott","0","13","Kansas","5/24/20","12","1","20171","8.33"
"Sedgwick","3","556","Kansas","5/24/20","535","21","20173","3.93"
"Seward","9","821","Kansas","5/24/20","758","63","20175","8.31"
"Shawnee","10","254","Kansas","5/24/20","185","69","20177","37.3"
"Sheridan","0","2","Kansas","5/24/20","2","0","20179","0"
"Sherman","0","6","Kansas","5/24/20","6","0","20181","0"
"Smith","0","2","Kansas","5/24/20","2","0","20183","0"
"Stafford","0","1","Kansas","5/24/20","1","0","20185","0"
"Stanton","0","9","Kansas","5/24/20","9","0","20187","0"
"Stevens","0","27","Kansas","5/24/20","26","1","20189","3.85"
"Sumner","0","6","Kansas","5/24/20","6","0","20191","0"
"Trego","0","1","Kansas","5/24/20","0","1","20195","1"
"Wabaunsee","0","29","Kansas","5/24/20","28","1","20197","3.57"
"Wichita","0","0","Kansas","5/24/20","1","-1","20203","-100"
"Wilson","0","1","Kansas","5/24/20","1","0","20205","0"
"Woodson","0","6","Kansas","5/24/20","6","0","20207","0"
"Wyandotte","16","1263","Kansas","5/24/20","1154","109","20209","9.45"
"Adair","1","96","Kentucky","5/24/20","92","4","21001","4.35"
"Allen","1","47","Kentucky","5/24/20","38","9","21003","23.68"
"Anderson","1","15","Kentucky","5/24/20","10","5","21005","50"
"Ballard","0","9","Kentucky","5/24/20","10","-1","21007","-10"
"Barren","1","42","Kentucky","5/24/20","34","8","21009","23.53"
"Bath","0","8","Kentucky","5/24/20","7","1","21011","14.29"
"Bell","0","1","Kentucky","5/24/20","0","1","21013","1"
"Boone","10","387","Kentucky","5/24/20","316","71","21015","22.47"
"Bourbon","0","9","Kentucky","5/24/20","8","1","21017","12.5"
"Boyd","0","39","Kentucky","5/24/20","38","1","21019","2.63"
"Boyle","0","20","Kentucky","5/24/20","18","2","21021","11.11"
"Bracken","0","11","Kentucky","5/24/20","9","2","21023","22.22"
"Breathitt","0","3","Kentucky","5/24/20","2","1","21025","50"
"Breckinridge","0","16","Kentucky","5/24/20","14","2","21027","14.29"
"Bullitt","2","104","Kentucky","5/24/20","93","11","21029","11.83"
"Butler","0","218","Kentucky","5/24/20","217","1","21031","0.46"
"Caldwell","0","12","Kentucky","5/24/20","12","0","21033","0"
"Calloway","0","49","Kentucky","5/24/20","46","3","21035","6.52"
"Campbell","2","146","Kentucky","5/24/20","131","15","21037","11.45"
"Carlisle","0","5","Kentucky","5/24/20","3","2","21039","66.67"
"Carroll","1","7","Kentucky","5/24/20","2","5","21041","250"
"Carter","0","9","Kentucky","5/24/20","8","1","21043","12.5"
"Casey","0","2","Kentucky","5/24/20","2","0","21045","0"
"Christian","1","103","Kentucky","5/24/20","95","8","21047","8.42"
"Clark","2","37","Kentucky","5/24/20","20","17","21049","85"
"Clay","0","4","Kentucky","5/24/20","2","2","21051","100"
"Clinton","0","3","Kentucky","5/24/20","3","0","21053","0"
"Crittenden","0","5","Kentucky","5/24/20","4","1","21055","25"
"Cumberland","0","5","Kentucky","5/24/20","5","0","21057","0"
"Daviess","3","305","Kentucky","5/24/20","287","18","21059","6.27"
"Edmonson","1","54","Kentucky","5/24/20","50","4","21061","8"
"Elliott","0","1","Kentucky","5/24/20","0","1","21063","1"
"Fayette","10","619","Kentucky","5/24/20","550","69","21067","12.55"
"Fleming","0","2","Kentucky","5/24/20","1","1","21069","100"
"Floyd","0","16","Kentucky","5/24/20","16","0","21071","0"
"Franklin","1","24","Kentucky","5/24/20","20","4","21073","20"
"Fulton","0","3","Kentucky","5/24/20","1","2","21075","200"
"Gallatin","1","8","Kentucky","5/24/20","2","6","21077","300"
"Garrard","0","4","Kentucky","5/24/20","4","0","21079","0"
"Grant","1","36","Kentucky","5/24/20","32","4","21081","12.5"
"Graves","1","157","Kentucky","5/24/20","152","5","21083","3.29"
"Grayson","3","121","Kentucky","5/24/20","103","18","21085","17.48"
"Green","0","1","Kentucky","5/24/20","1","0","21087","0"
"Greenup","0","13","Kentucky","5/24/20","13","0","21089","0"
"Hancock","0","6","Kentucky","5/24/20","7","-1","21091","-14.29"
"Hardin","3","96","Kentucky","5/24/20","73","23","21093","31.51"
"Harlan","0","1","Kentucky","5/24/20","1","0","21095","0"
"Harrison","0","18","Kentucky","5/24/20","19","-1","21097","-5.26"
"Hart","1","20","Kentucky","5/24/20","15","5","21099","33.33"
"Henderson","1","95","Kentucky","5/24/20","87","8","21101","9.2"
"Henry","0","14","Kentucky","5/24/20","12","2","21103","16.67"
"Hickman","0","5","Kentucky","5/24/20","5","0","21105","0"
"Hopkins","0","218","Kentucky","5/24/20","215","3","21107","1.4"
"Jackson","0","60","Kentucky","5/24/20","57","3","21109","5.26"
"Jefferson","26","2050","Kentucky","5/24/20","1865","185","21111","9.92"
"Jessamine","0","51","Kentucky","5/24/20","50","1","21113","2"
"Johnson","0","5","Kentucky","5/24/20","5","0","21115","0"
"Kenton","12","527","Kentucky","5/24/20","444","83","21117","18.69"
"Knott","0","4","Kentucky","5/24/20","4","0","21119","0"
"Knox","0","8","Kentucky","5/24/20","8","0","21121","0"
"Larue","0","7","Kentucky","5/24/20","6","1","21123","16.67"
"Laurel","0","21","Kentucky","5/24/20","21","0","21125","0"
"Lawrence","0","1","Kentucky","5/24/20","1","0","21127","0"
"Leslie","0","6","Kentucky","5/24/20","6","0","21131","0"
"Letcher","0","4","Kentucky","5/24/20","5","-1","21133","-20"
"Lewis","0","7","Kentucky","5/24/20","8","-1","21135","-12.5"
"Lincoln","0","8","Kentucky","5/24/20","7","1","21137","14.29"
"Livingston","0","8","Kentucky","5/24/20","7","1","21139","14.29"
"Logan","4","115","Kentucky","5/24/20","87","28","21141","32.18"
"Lyon","0","14","Kentucky","5/24/20","14","0","21143","0"
"Madison","0","45","Kentucky","5/24/20","43","2","21151","4.65"
"Magoffin","0","2","Kentucky","5/24/20","1","1","21153","100"
"Marion","0","18","Kentucky","5/24/20","17","1","21155","5.88"
"Marshall","0","37","Kentucky","5/24/20","35","2","21157","5.71"
"Martin","0","3","Kentucky","5/24/20","3","0","21159","0"
"Mason","0","8","Kentucky","5/24/20","8","0","21161","0"
"McCracken","1","87","Kentucky","5/24/20","81","6","21145","7.41"
"McCreary","0","13","Kentucky","5/24/20","13","0","21147","0"
"McLean","0","19","Kentucky","5/24/20","19","0","21149","0"
"Meade","0","21","Kentucky","5/24/20","20","1","21163","5"
"Menifee","1","8","Kentucky","5/24/20","3","5","21165","166.67"
"Mercer","0","12","Kentucky","5/24/20","12","0","21167","0"
"Metcalfe","0","4","Kentucky","5/24/20","3","1","21169","33.33"
"Monroe","1","14","Kentucky","5/24/20","6","8","21171","133.33"
"Montgomery","1","21","Kentucky","5/24/20","16","5","21173","31.25"
"Morgan","0","1","Kentucky","5/24/20","1","0","21175","0"
"Muhlenberg","1","471","Kentucky","5/24/20","465","6","21177","1.29"
"Nelson","0","35","Kentucky","5/24/20","32","3","21179","9.38"
"Nicholas","0","1","Kentucky","5/24/20","1","0","21181","0"
"Ohio","1","120","Kentucky","5/24/20","113","7","21183","6.19"
"Oldham","1","60","Kentucky","5/24/20","55","5","21185","9.09"
"Owen","0","1","Kentucky","5/24/20","1","0","21187","0"
"Owsley","0","2","Kentucky","5/24/20","2","0","21189","0"
"Pendleton","0","7","Kentucky","5/24/20","6","1","21191","16.67"
"Perry","0","19","Kentucky","5/24/20","19","0","21193","0"
"Pike","0","28","Kentucky","5/24/20","28","0","21195","0"
"Powell","0","1","Kentucky","5/24/20","1","0","21197","0"
"Pulaski","1","55","Kentucky","5/24/20","49","6","21199","12.24"
"Rockcastle","0","13","Kentucky","5/24/20","12","1","21203","8.33"
"Rowan","0","7","Kentucky","5/24/20","6","1","21205","16.67"
"Russell","0","22","Kentucky","5/24/20","23","-1","21207","-4.35"
"Scott","0","34","Kentucky","5/24/20","34","0","21209","0"
"Shelby","2","92","Kentucky","5/24/20","75","17","21211","22.67"
"Simpson","1","44","Kentucky","5/24/20","37","7","21213","18.92"
"Spencer","0","16","Kentucky","5/24/20","16","0","21215","0"
"Taylor","0","11","Kentucky","5/24/20","9","2","21217","22.22"
"Todd","0","16","Kentucky","5/24/20","17","-1","21219","-5.88"
"Trigg","0","9","Kentucky","5/24/20","9","0","21221","0"
"Trimble","0","5","Kentucky","5/24/20","3","2","21223","66.67"
"Union","0","10","Kentucky","5/24/20","10","0","21225","0"
"Warren","21","920","Kentucky","5/24/20","776","144","21227","18.56"
"Washington","0","6","Kentucky","5/24/20","6","0","21229","0"
"Wayne","0","8","Kentucky","5/24/20","8","0","21231","0"
"Webster","0","32","Kentucky","5/24/20","32","0","21233","0"
"Whitley","0","13","Kentucky","5/24/20","12","1","21235","8.33"
"Wolfe","0","1","Kentucky","5/24/20","0","1","21237","1"
"Woodford","1","25","Kentucky","5/24/20","19","6","21239","31.58"
"Acadia","13","291","Louisiana","5/24/20","198","93","22001","46.97"
"Allen","12","182","Louisiana","5/24/20","100","82","22003","82"
"Ascension","4","786","Louisiana","5/24/20","756","30","22005","3.97"
"Assumption","1","238","Louisiana","5/24/20","230","8","22007","3.48"
"Avoyelles","2","104","Louisiana","5/24/20","92","12","22009","13.04"
"Beauregard","1","56","Louisiana","5/24/20","52","4","22011","7.69"
"Bienville","8","137","Louisiana","5/24/20","83","54","22013","65.06"
"Bossier","5","382","Louisiana","5/24/20","344","38","22015","11.05"
"Caddo","62","2312","Louisiana","5/24/20","1877","435","22017","23.18"
"Calcasieu","7","568","Louisiana","5/24/20","517","51","22019","9.86"
"Caldwell","0","52","Louisiana","5/24/20","50","2","22021","4"
"Cameron","0","3","Louisiana","5/24/20","3","0","22023","0"
"Catahoula","1","112","Louisiana","5/24/20","106","6","22025","5.66"
"Claiborne","0","61","Louisiana","5/24/20","58","3","22027","5.17"
"Concordia","2","69","Louisiana","5/24/20","57","12","22029","21.05"
"De Soto","2","237","Louisiana","5/24/20","222","15","22031","6.76"
"East Baton Rouge","50","3386","Louisiana","5/24/20","3034","352","22033","11.6"
"East Carroll","4","65","Louisiana","5/24/20","34","31","22035","91.18"
"East Feliciana","2","187","Louisiana","5/24/20","176","11","22037","6.25"
"Evangeline","14","165","Louisiana","5/24/20","66","99","22039","150"
"Franklin","2","288","Louisiana","5/24/20","273","15","22041","5.49"
"Grant","1","26","Louisiana","5/24/20","21","5","22043","23.81"
"Iberia","5","388","Louisiana","5/24/20","353","35","22045","9.92"
"Iberville","3","546","Louisiana","5/24/20","526","20","22047","3.8"
"Jackson","2","83","Louisiana","5/24/20","69","14","22049","20.29"
"Jefferson","30","7248","Louisiana","5/24/20","7039","209","22051","2.97"
"Jefferson Davis","1","73","Louisiana","5/24/20","69","4","22053","5.8"
"Lafayette","10","659","Louisiana","5/24/20","590","69","22055","11.69"
"Lafourche","3","766","Louisiana","5/24/20","742","24","22057","3.23"
"LaSalle","1","45","Louisiana","5/24/20","40","5","22059","12.5"
"Lincoln","2","133","Louisiana","5/24/20","121","12","22061","9.92"
"Livingston","4","375","Louisiana","5/24/20","348","27","22063","7.76"
"Madison","4","55","Louisiana","5/24/20","24","31","22065","129.17"
"Morehouse","3","111","Louisiana","5/24/20","91","20","22067","21.98"
"Natchitoches","7","147","Louisiana","5/24/20","101","46","22069","45.54"
"Orleans","21","6953","Louisiana","5/24/20","6809","144","22071","2.11"
"Ouachita","14","1045","Louisiana","5/24/20","946","99","22073","10.47"
"Plaquemines","1","200","Louisiana","5/24/20","194","6","22075","3.09"
"Pointe Coupee","2","182","Louisiana","5/24/20","168","14","22077","8.33"
"Rapides","19","606","Louisiana","5/24/20","474","132","22079","27.85"
"Red River","1","47","Louisiana","5/24/20","42","5","22081","11.9"
"Richland","1","114","Louisiana","5/24/20","106","8","22083","7.55"
"Sabine","2","40","Louisiana","5/24/20","29","11","22085","37.93"
"St. Bernard","1","521","Louisiana","5/24/20","512","9","22087","1.76"
"St. Charles","1","623","Louisiana","5/24/20","613","10","22089","1.63"
"St. Helena","0","44","Louisiana","5/24/20","41","3","22091","7.32"
"St. James","1","289","Louisiana","5/24/20","283","6","22093","2.12"
"St. John the Baptist","2","841","Louisiana","5/24/20","829","12","22095","1.45"
"St. Landry","2","247","Louisiana","5/24/20","231","16","22097","6.93"
"St. Martin","2","288","Louisiana","5/24/20","274","14","22099","5.11"
"St. Mary","3","295","Louisiana","5/24/20","274","21","22101","7.66"
"St. Tammany","11","1618","Louisiana","5/24/20","1539","79","22103","5.13"
"Tangipahoa","8","784","Louisiana","5/24/20","729","55","22105","7.54"
"Tensas","1","10","Louisiana","5/24/20","5","5","22107","100"
"Terrebonne","6","628","Louisiana","5/24/20","585","43","22109","7.35"
"Union","6","287","Louisiana","5/24/20","242","45","22111","18.6"
"Vermilion","1","50","Louisiana","5/24/20","44","6","22113","13.64"
"Vernon","0","23","Louisiana","5/24/20","20","3","22115","15"
"Washington","3","389","Louisiana","5/24/20","365","24","22117","6.58"
"Webster","3","136","Louisiana","5/24/20","113","23","22119","20.35"
"West Baton Rouge","1","154","Louisiana","5/24/20","148","6","22121","4.05"
"West Carroll","3","33","Louisiana","5/24/20","13","20","22123","153.85"
"West Feliciana","1","196","Louisiana","5/24/20","186","10","22125","5.38"
"Winn","4","112","Louisiana","5/24/20","84","28","22127","33.33"
"Androscoggin","15","233","Maine","5/24/20","131","102","23001","77.86"
"Aroostook","0","8","Maine","5/24/20","7","1","23003","14.29"
"Cumberland","28","1032","Maine","5/24/20","837","195","23005","23.3"
"Franklin","0","36","Maine","5/24/20","33","3","23007","9.09"
"Hancock","0","11","Maine","5/24/20","11","0","23009","0"
"Kennebec","1","128","Maine","5/24/20","121","7","23011","5.79"
"Knox","0","20","Maine","5/24/20","20","0","23013","0"
"Lincoln","0","20","Maine","5/24/20","17","3","23015","17.65"
"Oxford","1","21","Maine","5/24/20","17","4","23017","23.53"
"Penobscot","1","98","Maine","5/24/20","93","5","23019","5.38"
"Piscataquis","0","1","Maine","5/24/20","1","0","23021","0"
"Sagadahoc","0","28","Maine","5/24/20","27","1","23023","3.7"
"Somerset","0","21","Maine","5/24/20","20","1","23025","5"
"Waldo","0","51","Maine","5/24/20","50","1","23027","2"
"Washington","0","2","Maine","5/24/20","5","-3","23029","-60"
"York","7","344","Maine","5/24/20","295","49","23031","16.61"
"Allegany","1","170","Maryland","5/24/20","161","9","24001","5.59"
"Anne Arundel","64","3307","Maryland","5/24/20","2856","451","24003","15.79"
"Baltimore","107","5373","Maryland","5/24/20","4624","749","24005","16.2"
"Baltimore City","141","4782","Maryland","5/24/20","3798","984","24510","25.91"
"Calvert","9","304","Maryland","5/24/20","241","63","24009","26.14"
"Caroline","7","240","Maryland","5/24/20","191","49","24011","25.65"
"Carroll","20","783","Maryland","5/24/20","646","137","24013","21.21"
"Cecil","5","345","Maryland","5/24/20","308","37","24015","12.01"
"Charles","19","989","Maryland","5/24/20","859","130","24017","15.13"
"Dorchester","2","127","Maryland","5/24/20","111","16","24019","14.41"
"Frederick","39","1696","Maryland","5/24/20","1423","273","24021","19.18"
"Garrett","0","7","Maryland","5/24/20","6","1","24023","16.67"
"Harford","13","780","Maryland","5/24/20","687","93","24025","13.54"
"Howard","41","1667","Maryland","5/24/20","1378","289","24027","20.97"
"Kent","2","152","Maryland","5/24/20","137","15","24029","10.95"
"Montgomery","245","9922","Maryland","5/24/20","8206","1716","24031","20.91"
"Prince George's","315","13521","Maryland","5/24/20","11316","2205","24033","19.49"
"Queen Anne's","3","146","Maryland","5/24/20","125","21","24035","16.8"
"Somerset","2","72","Maryland","5/24/20","57","15","24039","26.32"
"St. Mary's","11","393","Maryland","5/24/20","313","80","24037","25.56"
"Talbot","2","79","Maryland","5/24/20","68","11","24041","16.18"
"Washington","10","408","Maryland","5/24/20","338","70","24043","20.71"
"Wicomico","7","867","Maryland","5/24/20","818","49","24045","5.99"
"Worcester","7","183","Maryland","5/24/20","137","46","24047","33.58"
"Barnstable","20","1363","Massachusetts","5/24/20","1224","139","25001","11.36"
"Berkshire","4","541","Massachusetts","5/24/20","513","28","25003","5.46"
"Bristol","107","6741","Massachusetts","5/24/20","5994","747","25005","12.46"
"Dukes and Nantucket","1","52","Massachusetts","5/24/20","45","7","00000","15.56"
"Essex","152","13833","Massachusetts","5/24/20","12767","1066","25009","8.35"
"Franklin","1","325","Massachusetts","5/24/20","318","7","25011","2.2"
"Hampden","72","5804","Massachusetts","5/24/20","5303","501","25013","9.45"
"Hampshire","9","858","Massachusetts","5/24/20","792","66","25015","8.33"
"Middlesex","209","21162","Massachusetts","5/24/20","19696","1466","25017","7.44"
"Norfolk","57","8249","Massachusetts","5/24/20","7852","397","25021","5.06"
"Plymouth","77","7850","Massachusetts","5/24/20","7308","542","25023","7.42"
"Suffolk","146","17937","Massachusetts","5/24/20","16917","1020","25025","6.03"
"Worcester","175","10649","Massachusetts","5/24/20","9421","1228","25027","13.03"
"Alcona","1","14","Michigan","5/24/20","9","5","26001","55.56"
"Allegan","5","244","Michigan","5/24/20","210","34","26005","16.19"
"Alpena","1","102","Michigan","5/24/20","98","4","26007","4.08"
"Antrim","0","12","Michigan","5/24/20","12","0","26009","0"
"Arenac","0","36","Michigan","5/24/20","34","2","26011","5.88"
"Baraga","0","1","Michigan","5/24/20","1","0","26013","0"
"Barry","1","76","Michigan","5/24/20","69","7","26015","10.14"
"Bay","6","318","Michigan","5/24/20","277","41","26017","14.8"
"Benzie","0","4","Michigan","5/24/20","4","0","26019","0"
"Berrien","10","715","Michigan","5/24/20","645","70","26021","10.85"
"Branch","1","110","Michigan","5/24/20","102","8","26023","7.84"
"Calhoun","6","379","Michigan","5/24/20","336","43","26025","12.8"
"Cass","3","88","Michigan","5/24/20","70","18","26027","25.71"
"Charlevoix","0","17","Michigan","5/24/20","17","0","26029","0"
"Cheboygan","0","26","Michigan","5/24/20","24","2","26031","8.33"
"Chippewa","0","3","Michigan","5/24/20","3","0","26033","0"
"Clare","0","18","Michigan","5/24/20","15","3","26035","20"
"Clinton","2","169","Michigan","5/24/20","154","15","26037","9.74"
"Crawford","0","62","Michigan","5/24/20","61","1","26039","1.64"
"Delta","1","20","Michigan","5/24/20","16","4","26041","25"
"Dickinson","0","5","Michigan","5/24/20","5","0","26043","0"
"Eaton","4","225","Michigan","5/24/20","194","31","26045","15.98"
"Emmet","0","25","Michigan","5/24/20","25","0","26047","0"
"Federal Correctional Institution (FCI)","2","132","Michigan","5/24/20","117","15","00000","12.82"
"Genesee","26","2351","Michigan","5/24/20","2170","181","26049","8.34"
"Gladwin","0","18","Michigan","5/24/20","17","1","26051","5.88"
"Gogebic","0","5","Michigan","5/24/20","5","0","26053","0"
"Grand Traverse","0","24","Michigan","5/24/20","24","0","26055","0"
"Gratiot","4","78","Michigan","5/24/20","47","31","26057","65.96"
"Hillsdale","0","174","Michigan","5/24/20","171","3","26059","1.75"
"Houghton","0","2","Michigan","5/24/20","2","0","26061","0"
"Huron","0","50","Michigan","5/24/20","51","-1","26063","-1.96"
"Ingham","7","731","Michigan","5/24/20","681","50","26065","7.34"
"Ionia","4","161","Michigan","5/24/20","130","31","26067","23.85"
"Iosco","3","92","Michigan","5/24/20","73","19","26069","26.03"
"Isabella","2","89","Michigan","5/24/20","77","12","26073","15.58"
"Jackson","3","457","Michigan","5/24/20","436","21","26075","4.82"
"Kalamazoo","14","843","Michigan","5/24/20","748","95","26077","12.7"
"Kalkaska","0","30","Michigan","5/24/20","28","2","26079","7.14"
"Kent","78","3571","Michigan","5/24/20","3023","548","26081","18.13"
"Lake","0","6","Michigan","5/24/20","4","2","26085","50"
"Lapeer","2","213","Michigan","5/24/20","197","16","26087","8.12"
"Leelanau","0","11","Michigan","5/24/20","10","1","26089","10"
"Lenawee","2","179","Michigan","5/24/20","168","11","26091","6.55"
"Livingston","2","478","Michigan","5/24/20","462","16","26093","3.46"
"Luce","0","3","Michigan","5/24/20","2","1","26095","50"
"Mackinac","0","6","Michigan","5/24/20","6","0","26097","0"
"Macomb","25","6628","Michigan","5/24/20","6452","176","26099","2.73"
"Manistee","0","12","Michigan","5/24/20","12","0","26101","0"
"Marquette","0","54","Michigan","5/24/20","52","2","26103","3.85"
"Mason","1","37","Michigan","5/24/20","31","6","26105","19.35"
"Mecosta","0","22","Michigan","5/24/20","21","1","26107","4.76"
"Menominee","0","8","Michigan","5/24/20","8","0","26109","0"
"Michigan Department of Corrections (MDOC)","112","3406","Michigan","5/24/20","2624","782","00000","29.8"
"Midland","2","116","Michigan","5/24/20","103","13","26111","12.62"
"Missaukee","0","22","Michigan","5/24/20","22","0","26113","0"
"Monroe","7","508","Michigan","5/24/20","462","46","26115","9.96"
"Montcalm","2","71","Michigan","5/24/20","57","14","26117","24.56"
"Montmorency","0","5","Michigan","5/24/20","5","0","26119","0"
"Muskegon","15","594","Michigan","5/24/20","489","105","26121","21.47"
"Newaygo","7","94","Michigan","5/24/20","48","46","26123","95.83"
"Oakland","98","10244","Michigan","5/24/20","9555","689","26125","7.21"
"Oceana","5","90","Michigan","5/24/20","58","32","26127","55.17"
"Ogemaw","1","28","Michigan","5/24/20","23","5","26129","21.74"
"Osceola","0","13","Michigan","5/24/20","12","1","26133","8.33"
"Oscoda","0","8","Michigan","5/24/20","8","0","26135","0"
"Otsego","0","118","Michigan","5/24/20","117","1","26137","0.85"
"Ottawa","25","760","Michigan","5/24/20","587","173","26139","29.47"
"Out of MI","-4","63","Michigan","5/24/20","88","-25","80026","-28.41"
"Presque Isle","0","11","Michigan","5/24/20","11","0","26141","0"
"Roscommon","0","23","Michigan","5/24/20","23","0","26143","0"
"Saginaw","11","1011","Michigan","5/24/20","931","80","26145","8.59"
"Sanilac","0","41","Michigan","5/24/20","40","1","26151","2.5"
"Schoolcraft","0","4","Michigan","5/24/20","4","0","26153","0"
"Shiawassee","2","254","Michigan","5/24/20","242","12","26155","4.96"
"St. Clair","4","491","Michigan","5/24/20","463","28","26147","6.05"
"St. Joseph","2","105","Michigan","5/24/20","88","17","26149","19.32"
"Tuscola","2","188","Michigan","5/24/20","173","15","26157","8.67"
"Van Buren","1","142","Michigan","5/24/20","132","10","26159","7.58"
"Washtenaw","10","1454","Michigan","5/24/20","1384","70","26161","5.06"
"Wayne","113","20380","Michigan","5/24/20","19592","788","26163","4.02"
"Wexford","0","13","Michigan","5/24/20","13","0","26165","0"
"Aitkin","0","6","Minnesota","5/24/20","3","3","27001","100"
"Anoka","49","1164","Minnesota","5/24/20","821","343","27003","41.78"
"Becker","0","32","Minnesota","5/24/20","33","-1","27005","-3.03"
"Beltrami","0","12","Minnesota","5/24/20","9","3","27007","33.33"
"Benton","5","166","Minnesota","5/24/20","131","35","27009","26.72"
"Big Stone","0","3","Minnesota","5/24/20","2","1","27011","50"
"Blue Earth","4","112","Minnesota","5/24/20","83","29","27013","34.94"
"Brown","0","11","Minnesota","5/24/20","10","1","27015","10"
"Carlton","1","73","Minnesota","5/24/20","66","7","27017","10.61"
"Carver","7","161","Minnesota","5/24/20","113","48","27019","42.48"
"Cass","0","11","Minnesota","5/24/20","9","2","27021","22.22"
"Chippewa","1","40","Minnesota","5/24/20","30","10","27023","33.33"
"Chisago","2","48","Minnesota","5/24/20","34","14","27025","41.18"
"Clay","10","366","Minnesota","5/24/20","293","73","27027","24.91"
"Clearwater","0","2","Minnesota","5/24/20","2","0","27029","0"
"Cottonwood","1","62","Minnesota","5/24/20","56","6","27033","10.71"
"Crow Wing","2","42","Minnesota","5/24/20","25","17","27035","68"
"Dakota","45","1059","Minnesota","5/24/20","742","317","27037","42.72"
"Dodge","1","43","Minnesota","5/24/20","35","8","27039","22.86"
"Douglas","2","29","Minnesota","5/24/20","18","11","27041","61.11"
"Faribault","0","11","Minnesota","5/24/20","10","1","27043","10"
"Fillmore","0","17","Minnesota","5/24/20","17","0","27045","0"
"Freeborn","3","84","Minnesota","5/24/20","61","23","27047","37.7"
"Goodhue","3","52","Minnesota","5/24/20","33","19","27049","57.58"
"Grant","0","2","Minnesota","5/24/20","2","0","27051","0"
"Hennepin","251","6918","Minnesota","5/24/20","5158","1760","27053","34.12"
"Houston","0","2","Minnesota","5/24/20","2","0","27055","0"
"Hubbard","0","1","Minnesota","5/24/20","0","1","27057","1"
"Isanti","1","25","Minnesota","5/24/20","20","5","27059","25"
"Itasca","1","52","Minnesota","5/24/20","46","6","27061","13.04"
"Jackson","0","39","Minnesota","5/24/20","36","3","27063","8.33"
"Kanabec","0","11","Minnesota","5/24/20","9","2","27065","22.22"
"Kandiyohi","6","454","Minnesota","5/24/20","412","42","27067","10.19"
"Kittson","0","1","Minnesota","5/24/20","1","0","27069","0"
"Koochiching","0","5","Minnesota","5/24/20","3","2","27071","66.67"
"Lac qui Parle","0","3","Minnesota","5/24/20","2","1","27073","50"
"Lake","0","1","Minnesota","5/24/20","1","0","27075","0"
"Le Sueur","1","41","Minnesota","5/24/20","35","6","27079","17.14"
"Lincoln","0","5","Minnesota","5/24/20","4","1","27081","25"
"Lyon","1","31","Minnesota","5/24/20","26","5","27083","19.23"
"Mahnomen","0","5","Minnesota","5/24/20","5","0","27087","0"
"Marshall","0","8","Minnesota","5/24/20","8","0","27089","0"
"Martin","1","124","Minnesota","5/24/20","118","6","27091","5.08"
"McLeod","1","26","Minnesota","5/24/20","18","8","27085","44.44"
"Meeker","1","42","Minnesota","5/24/20","34","8","27093","23.53"
"Mille Lacs","1","16","Minnesota","5/24/20","10","6","27095","60"
"Morrison","2","38","Minnesota","5/24/20","25","13","27097","52"
"Mower","13","150","Minnesota","5/24/20","58","92","27099","158.62"
"Murray","1","35","Minnesota","5/24/20","31","4","27101","12.9"
"Nicollet","4","68","Minnesota","5/24/20","37","31","27103","83.78"
"Nobles","14","1457","Minnesota","5/24/20","1361","96","27105","7.05"
"Norman","0","11","Minnesota","5/24/20","11","0","27107","0"
"Olmsted","15","551","Minnesota","5/24/20","448","103","27109","22.99"
"Otter Tail","2","55","Minnesota","5/24/20","38","17","27111","44.74"
"Pennington","1","7","Minnesota","5/24/20","1","6","27113","600"
"Pine","0","85","Minnesota","5/24/20","83","2","27115","2.41"
"Pipestone","0","10","Minnesota","5/24/20","9","1","27117","11.11"
"Polk","0","58","Minnesota","5/24/20","55","3","27119","5.45"
"Pope","0","7","Minnesota","5/24/20","5","2","27121","40"
"Ramsey","112","2316","Minnesota","5/24/20","1530","786","27123","51.37"
"Red Lake","0","3","Minnesota","5/24/20","3","0","27125","0"
"Redwood","0","3","Minnesota","5/24/20","3","0","27127","0"
"Renville","0","5","Minnesota","5/24/20","5","0","27129","0"
"Rice","18","365","Minnesota","5/24/20","240","125","27131","52.08"
"Rock","0","21","Minnesota","5/24/20","20","1","27133","5"
"Roseau","0","1","Minnesota","5/24/20","1","0","27135","0"
"Scott","15","346","Minnesota","5/24/20","238","108","27139","45.38"
"Sherburne","8","208","Minnesota","5/24/20","150","58","27141","38.67"
"Sibley","0","12","Minnesota","5/24/20","9","3","27143","33.33"
"St. Louis","1","111","Minnesota","5/24/20","102","9","27137","8.82"
"Stearns","30","1923","Minnesota","5/24/20","1713","210","27145","12.26"
"Steele","5","140","Minnesota","5/24/20","105","35","27147","33.33"
"Swift","0","15","Minnesota","5/24/20","13","2","27151","15.38"
"Todd","20","197","Minnesota","5/24/20","60","137","27153","228.33"
"Traverse","0","3","Minnesota","5/24/20","3","0","27155","0"
"Wabasha","0","16","Minnesota","5/24/20","16","0","27157","0"
"Wadena","0","6","Minnesota","5/24/20","5","1","27159","20"
"Waseca","1","24","Minnesota","5/24/20","20","4","27161","20"
"Washington","20","506","Minnesota","5/24/20","363","143","27163","39.39"
"Watonwan","1","50","Minnesota","5/24/20","41","9","27165","21.95"
"Wilkin","0","11","Minnesota","5/24/20","11","0","27167","0"
"Winona","0","77","Minnesota","5/24/20","75","2","27169","2.67"
"Wright","11","240","Minnesota","5/24/20","162","78","27171","48.15"
"Yellow Medicine","0","5","Minnesota","5/24/20","3","2","27173","66.67"
"Adams","2","186","Mississippi","5/24/20","172","14","28001","8.14"
"Alcorn","0","15","Mississippi","5/24/20","12","3","28003","25"
"Amite","1","52","Mississippi","5/24/20","46","6","28005","13.04"
"Attala","3","270","Mississippi","5/24/20","249","21","28007","8.43"
"Benton","0","14","Mississippi","5/24/20","13","1","28009","7.69"
"Bolivar","2","140","Mississippi","5/24/20","129","11","28011","8.53"
"Calhoun","0","60","Mississippi","5/24/20","58","2","28013","3.45"
"Carroll","0","113","Mississippi","5/24/20","110","3","28015","2.73"
"Chickasaw","2","126","Mississippi","5/24/20","115","11","28017","9.57"
"Choctaw","1","29","Mississippi","5/24/20","22","7","28019","31.82"
"Claiborne","1","58","Mississippi","5/24/20","49","9","28021","18.37"
"Clarke","4","126","Mississippi","5/24/20","101","25","28023","24.75"
"Clay","3","99","Mississippi","5/24/20","79","20","28025","25.32"
"Coahoma","3","98","Mississippi","5/24/20","76","22","28027","28.95"
"Copiah","11","278","Mississippi","5/24/20","201","77","28029","38.31"
"Covington","3","127","Mississippi","5/24/20","105","22","28031","20.95"
"DeSoto","11","461","Mississippi","5/24/20","386","75","28033","19.43"
"Forrest","7","480","Mississippi","5/24/20","431","49","28035","11.37"
"Franklin","1","25","Mississippi","5/24/20","21","4","28037","19.05"
"George","0","19","Mississippi","5/24/20","17","2","28039","11.76"
"Greene","0","7","Mississippi","5/24/20","7","0","28041","0"
"Grenada","2","75","Mississippi","5/24/20","59","16","28043","27.12"
"Hancock","1","87","Mississippi","5/24/20","80","7","28045","8.75"
"Harrison","3","234","Mississippi","5/24/20","215","19","28047","8.84"
"Hinds","17","893","Mississippi","5/24/20","773","120","28049","15.52"
"Holmes","10","365","Mississippi","5/24/20","293","72","28051","24.57"
"Humphreys","1","53","Mississippi","5/24/20","45","8","28053","17.78"
"Itawamba","1","85","Mississippi","5/24/20","78","7","28057","8.97"
"Jackson","1","296","Mississippi","5/24/20","286","10","28059","3.5"
"Jasper","4","139","Mississippi","5/24/20","111","28","28061","25.23"
"Jefferson","0","40","Mississippi","5/24/20","37","3","28063","8.11"
"Jefferson Davis","0","71","Mississippi","5/24/20","68","3","28065","4.41"
"Jones","19","467","Mississippi","5/24/20","337","130","28067","38.58"
"Kemper","4","125","Mississippi","5/24/20","100","25","28069","25"
"Lafayette","2","123","Mississippi","5/24/20","109","14","28071","12.84"
"Lamar","6","219","Mississippi","5/24/20","175","44","28073","25.14"
"Lauderdale","13","678","Mississippi","5/24/20","585","93","28075","15.9"
"Lawrence","2","90","Mississippi","5/24/20","78","12","28077","15.38"
"Leake","4","384","Mississippi","5/24/20","353","31","28079","8.78"
"Lee","2","104","Mississippi","5/24/20","93","11","28081","11.83"
"Leflore","6","240","Mississippi","5/24/20","200","40","28083","20"
"Lincoln","4","243","Mississippi","5/24/20","217","26","28085","11.98"
"Lowndes","5","160","Mississippi","5/24/20","122","38","28087","31.15"
"Madison","17","654","Mississippi","5/24/20","533","121","28089","22.7"
"Marion","3","108","Mississippi","5/24/20","89","19","28091","21.35"
"Marshall","0","69","Mississippi","5/24/20","66","3","28093","4.55"
"Monroe","3","242","Mississippi","5/24/20","222","20","28095","9.01"
"Montgomery","1","78","Mississippi","5/24/20","72","6","28097","8.33"
"Neshoba","15","512","Mississippi","5/24/20","405","107","28099","26.42"
"Newton","5","224","Mississippi","5/24/20","187","37","28101","19.79"
"Noxubee","3","158","Mississippi","5/24/20","134","24","28103","17.91"
"Oktibbeha","4","134","Mississippi","5/24/20","104","30","28105","28.85"
"Panola","2","62","Mississippi","5/24/20","50","12","28107","24"
"Pearl River","1","203","Mississippi","5/24/20","195","8","28109","4.1"
"Perry","1","46","Mississippi","5/24/20","36","10","28111","27.78"
"Pike","3","196","Mississippi","5/24/20","176","20","28113","11.36"
"Pontotoc","0","26","Mississippi","5/24/20","25","1","28115","4"
"Prentiss","0","38","Mississippi","5/24/20","36","2","28117","5.56"
"Quitman","0","24","Mississippi","5/24/20","21","3","28119","14.29"
"Rankin","9","349","Mississippi","5/24/20","285","64","28121","22.46"
"Scott","9","589","Mississippi","5/24/20","524","65","28123","12.4"
"Sharkey","0","7","Mississippi","5/24/20","6","1","28125","16.67"
"Simpson","1","85","Mississippi","5/24/20","76","9","28127","11.84"
"Smith","3","131","Mississippi","5/24/20","112","19","28129","16.96"
"Stone","1","30","Mississippi","5/24/20","24","6","28131","25"
"Sunflower","1","77","Mississippi","5/24/20","68","9","28133","13.24"
"Tallahatchie","1","24","Mississippi","5/24/20","19","5","28135","26.32"
"Tate","0","59","Mississippi","5/24/20","57","2","28137","3.51"
"Tippah","0","70","Mississippi","5/24/20","69","1","28139","1.45"
"Tishomingo","2","25","Mississippi","5/24/20","14","11","28141","78.57"
"Tunica","1","48","Mississippi","5/24/20","44","4","28143","9.09"
"Union","2","71","Mississippi","5/24/20","60","11","28145","18.33"
"Walthall","1","51","Mississippi","5/24/20","46","5","28147","10.87"
"Warren","2","150","Mississippi","5/24/20","133","17","28149","12.78"
"Washington","5","153","Mississippi","5/24/20","115","38","28151","33.04"
"Wayne","10","109","Mississippi","5/24/20","39","70","28153","179.49"
"Webster","1","27","Mississippi","5/24/20","23","4","28155","17.39"
"Wilkinson","1","82","Mississippi","5/24/20","78","4","28157","5.13"
"Winston","2","98","Mississippi","5/24/20","81","17","28159","20.99"
"Yalobusha","2","82","Mississippi","5/24/20","71","11","28161","15.49"
"Yazoo","4","215","Mississippi","5/24/20","188","27","28163","14.36"
"Adair","2","41","Missouri","5/24/20","26","15","29001","57.69"
"Andrew","1","23","Missouri","5/24/20","15","8","29003","53.33"
"Atchison","0","3","Missouri","5/24/20","2","1","29005","50"
"Audrain","8","56","Missouri","5/24/20","2","54","29007","2700"
"Barry","0","9","Missouri","5/24/20","6","3","29009","50"
"Bates","0","7","Missouri","5/24/20","7","0","29013","0"
"Benton","0","10","Missouri","5/24/20","9","1","29015","11.11"
"Bollinger","0","6","Missouri","5/24/20","4","2","29017","50"
"Boone","2","116","Missouri","5/24/20","104","12","29019","11.54"
"Buchanan","16","617","Missouri","5/24/20","506","111","29021","21.94"
"Butler","0","28","Missouri","5/24/20","28","0","29023","0"
"Caldwell","0","5","Missouri","5/24/20","3","2","29025","66.67"
"Callaway","0","24","Missouri","5/24/20","23","1","29027","4.35"
"Camden","0","38","Missouri","5/24/20","36","2","29029","5.56"
"Cape Girardeau","1","59","Missouri","5/24/20","54","5","29031","9.26"
"Carroll","0","7","Missouri","5/24/20","7","0","29033","0"
"Carter","0","5","Missouri","5/24/20","3","2","29035","66.67"
"Cass","1","79","Missouri","5/24/20","72","7","29037","9.72"
"Cedar","0","9","Missouri","5/24/20","9","0","29039","0"
"Chariton","0","6","Missouri","5/24/20","6","0","29041","0"
"Christian","0","21","Missouri","5/24/20","21","0","29043","0"
"Clark","0","1","Missouri","5/24/20","1","0","29045","0"
"Clay","5","149","Missouri","5/24/20","116","33","29047","28.45"
"Clinton","0","18","Missouri","5/24/20","17","1","29049","5.88"
"Cole","0","59","Missouri","5/24/20","56","3","29051","5.36"
"Cooper","0","9","Missouri","5/24/20","9","0","29053","0"
"Crawford","0","9","Missouri","5/24/20","9","0","29055","0"
"Dallas","0","3","Missouri","5/24/20","2","1","29059","50"
"Daviess","0","4","Missouri","5/24/20","3","1","29061","33.33"
"DeKalb","0","5","Missouri","5/24/20","4","1","29063","25"
"Dunklin","0","28","Missouri","5/24/20","25","3","29069","12"
"Franklin","1","138","Missouri","5/24/20","134","4","29071","2.99"
"Gasconade","0","2","Missouri","5/24/20","2","0","29073","0"
"Gentry","2","17","Missouri","5/24/20","3","14","29075","466.67"
"Greene","2","122","Missouri","5/24/20","105","17","29077","16.19"
"Harrison","0","8","Missouri","5/24/20","7","1","29081","14.29"
"Henry","0","10","Missouri","5/24/20","9","1","29083","11.11"
"Holt","0","1","Missouri","5/24/20","1","0","29087","0"
"Howard","0","3","Missouri","5/24/20","3","0","29089","0"
"Howell","0","5","Missouri","5/24/20","5","0","29091","0"
"Iron","0","2","Missouri","5/24/20","2","0","29093","0"
"Jackson","10","517","Missouri","5/24/20","446","71","29095","15.92"
"Jasper","0","32","Missouri","5/24/20","29","3","29097","10.34"
"Jefferson","1","337","Missouri","5/24/20","328","9","29099","2.74"
"Johnson","0","72","Missouri","5/24/20","71","1","29101","1.41"
"Kansas City","18","1024","Missouri","5/24/20","895","129","00000","14.41"
"Laclede","0","3","Missouri","5/24/20","3","0","29105","0"
"Lafayette","0","69","Missouri","5/24/20","68","1","29107","1.47"
"Lawrence","0","8","Missouri","5/24/20","7","1","29109","14.29"
"Lewis","0","7","Missouri","5/24/20","7","0","29111","0"
"Lincoln","0","106","Missouri","5/24/20","105","1","29113","0.95"
"Linn","0","6","Missouri","5/24/20","5","1","29115","20"
"Livingston","0","3","Missouri","5/24/20","3","0","29117","0"
"Macon","0","2","Missouri","5/24/20","2","0","29121","0"
"Madison","0","3","Missouri","5/24/20","3","0","29123","0"
"Maries","0","2","Missouri","5/24/20","2","0","29125","0"
"Marion","0","5","Missouri","5/24/20","5","0","29127","0"
"McDonald","1","17","Missouri","5/24/20","7","10","29119","142.86"
"Miller","0","4","Missouri","5/24/20","4","0","29131","0"
"Mississippi","1","54","Missouri","5/24/20","49","5","29133","10.2"
"Moniteau","0","45","Missouri","5/24/20","44","1","29135","2.27"
"Montgomery","0","8","Missouri","5/24/20","7","1","29139","14.29"
"Morgan","0","8","Missouri","5/24/20","8","0","29141","0"
"New Madrid","0","17","Missouri","5/24/20","14","3","29143","21.43"
"Newton","0","16","Missouri","5/24/20","13","3","29145","23.08"
"Nodaway","1","12","Missouri","5/24/20","5","7","29147","140"
"Oregon","0","2","Missouri","5/24/20","2","0","29149","0"
"Osage","0","5","Missouri","5/24/20","5","0","29151","0"
"Pemiscot","1","72","Missouri","5/24/20","68","4","29155","5.88"
"Perry","0","49","Missouri","5/24/20","46","3","29157","6.52"
"Pettis","0","70","Missouri","5/24/20","69","1","29159","1.45"
"Phelps","0","4","Missouri","5/24/20","2","2","29161","100"
"Pike","0","14","Missouri","5/24/20","14","0","29163","0"
"Platte","2","65","Missouri","5/24/20","54","11","29165","20.37"
"Polk","0","3","Missouri","5/24/20","2","1","29167","50"
"Pulaski","0","33","Missouri","5/24/20","35","-2","29169","-5.71"
"Ralls","0","2","Missouri","5/24/20","2","0","29173","0"
"Randolph","0","9","Missouri","5/24/20","8","1","29175","12.5"
"Ray","0","16","Missouri","5/24/20","13","3","29177","23.08"
"Reynolds","0","2","Missouri","5/24/20","2","0","29179","0"
"Ripley","0","7","Missouri","5/24/20","6","1","29181","16.67"
"Saline","2","266","Missouri","5/24/20","251","15","29195","5.98"
"Scotland","0","4","Missouri","5/24/20","4","0","29199","0"
"Scott","1","93","Missouri","5/24/20","87","6","29201","6.9"
"Shelby","0","1","Missouri","5/24/20","1","0","29205","0"
"St. Charles","7","741","Missouri","5/24/20","695","46","29183","6.62"
"St. Clair","0","3","Missouri","5/24/20","2","1","29185","50"
"St. Francois","0","33","Missouri","5/24/20","33","0","29187","0"
"St. Louis","53","4723","Missouri","5/24/20","4350","373","29189","8.57"
"St. Louis City","23","1815","Missouri","5/24/20","1654","161","29510","9.73"
"Ste. Genevieve","0","8","Missouri","5/24/20","8","0","29186","0"
"Stoddard","3","70","Missouri","5/24/20","51","19","29207","37.25"
"Stone","0","4","Missouri","5/24/20","3","1","29209","33.33"
"Sullivan","2","49","Missouri","5/24/20","36","13","29211","36.11"
"Taney","0","14","Missouri","5/24/20","12","2","29213","16.67"
"Vernon","0","7","Missouri","5/24/20","5","2","29217","40"
"Warren","0","28","Missouri","5/24/20","28","0","29219","0"
"Washington","0","10","Missouri","5/24/20","9","1","29221","11.11"
"Webster","0","17","Missouri","5/24/20","16","1","29225","6.25"
"Worth","0","4","Missouri","5/24/20","2","2","29227","100"
"Wright","0","11","Missouri","5/24/20","10","1","29229","10"
"Beaverhead","0","1","Montana","5/24/20","1","0","30001","0"
"Big Horn","0","8","Montana","5/24/20","8","0","30003","0"
"Broadwater","0","4","Montana","5/24/20","4","0","30007","0"
"Carbon","0","6","Montana","5/24/20","6","0","30009","0"
"Cascade","0","17","Montana","5/24/20","17","0","30013","0"
"Deer Lodge","0","3","Montana","5/24/20","3","0","30023","0"
"Flathead","0","37","Montana","5/24/20","37","0","30029","0"
"Gallatin","0","149","Montana","5/24/20","149","0","30031","0"
"Glacier","0","6","Montana","5/24/20","6","0","30035","0"
"Golden Valley","0","3","Montana","5/24/20","3","0","30037","0"
"Hill","0","1","Montana","5/24/20","1","0","30041","0"
"Jefferson","0","3","Montana","5/24/20","3","0","30043","0"
"Lake","0","5","Montana","5/24/20","5","0","30047","0"
"Lewis and Clark","0","16","Montana","5/24/20","16","0","30049","0"
"Liberty","0","1","Montana","5/24/20","1","0","30051","0"
"Lincoln","0","7","Montana","5/24/20","7","0","30053","0"
"Madison","0","8","Montana","5/24/20","8","0","30057","0"
"Meagher","0","1","Montana","5/24/20","1","0","30059","0"
"Missoula","0","39","Montana","5/24/20","39","0","30063","0"
"Musselshell","0","1","Montana","5/24/20","1","0","30065","0"
"Park","0","8","Montana","5/24/20","8","0","30067","0"
"Pondera","0","2","Montana","5/24/20","2","0","30073","0"
"Ravalli","1","13","Montana","5/24/20","5","8","30081","160"
"Richland","0","3","Montana","5/24/20","3","0","30083","0"
"Roosevelt","0","7","Montana","5/24/20","7","0","30085","0"
"Silver Bow","0","11","Montana","5/24/20","11","0","30093","0"
"Stillwater","0","1","Montana","5/24/20","1","0","30095","0"
"Toole","0","29","Montana","5/24/20","29","0","30101","0"
"Wheatland","0","1","Montana","5/24/20","1","0","30107","0"
"Yellowstone","0","88","Montana","5/24/20","85","3","30111","3.53"
"Adams","2","265","Nebraska","5/24/20","252","13","31001","5.16"
"Antelope","0","7","Nebraska","5/24/20","5","2","31003","40"
"Boone","0","3","Nebraska","5/24/20","3","0","31011","0"
"Box Butte","0","2","Nebraska","5/24/20","1","1","31013","100"
"Buffalo","1","142","Nebraska","5/24/20","136","6","31019","4.41"
"Burt","0","8","Nebraska","5/24/20","5","3","31021","60"
"Butler","2","45","Nebraska","5/24/20","29","16","31023","55.17"
"Cass","3","37","Nebraska","5/24/20","18","19","31025","105.56"
"Cedar","0","7","Nebraska","5/24/20","6","1","31027","16.67"
"Chase","0","1","Nebraska","5/24/20","0","1","31029","1"
"Cherry","0","1","Nebraska","5/24/20","1","0","31031","0"
"Cheyenne","0","9","Nebraska","5/24/20","9","0","31033","0"
"Clay","1","22","Nebraska","5/24/20","18","4","31035","22.22"
"Colfax","12","599","Nebraska","5/24/20","516","83","31037","16.09"
"Cuming","2","31","Nebraska","5/24/20","17","14","31039","82.35"
"Custer","0","31","Nebraska","5/24/20","29","2","31041","6.9"
"Dakota","18","1582","Nebraska","5/24/20","1458","124","31043","8.5"
"Dawes","0","1","Nebraska","5/24/20","1","0","31045","0"
"Dawson","2","820","Nebraska","5/24/20","805","15","31047","1.86"
"Dixon","0","25","Nebraska","5/24/20","27","-2","31051","-7.41"
"Dodge","16","355","Nebraska","5/24/20","242","113","31053","46.69"
"Douglas","105","3094","Nebraska","5/24/20","2362","732","31055","30.99"
"Fillmore","0","5","Nebraska","5/24/20","4","1","31059","25"
"Franklin","0","6","Nebraska","5/24/20","5","1","31061","20"
"Frontier","0","1","Nebraska","5/24/20","1","0","31063","0"
"Furnas","0","7","Nebraska","5/24/20","6","1","31065","16.67"
"Gage","0","44","Nebraska","5/24/20","41","3","31067","7.32"
"Gosper","0","13","Nebraska","5/24/20","13","0","31073","0"
"Greeley","0","3","Nebraska","5/24/20","2","1","31077","50"
"Hall","5","1464","Nebraska","5/24/20","1430","34","31079","2.38"
"Hamilton","1","54","Nebraska","5/24/20","50","4","31081","8"
"Harlan","0","1","Nebraska","5/24/20","0","1","31083","1"
"Hitchcock","0","1","Nebraska","5/24/20","1","0","31087","0"
"Holt","0","1","Nebraska","5/24/20","1","0","31089","0"
"Howard","0","39","Nebraska","5/24/20","36","3","31093","8.33"
"Jefferson","0","6","Nebraska","5/24/20","6","0","31095","0"
"Johnson","0","7","Nebraska","5/24/20","7","0","31097","0"
"Kearney","0","11","Nebraska","5/24/20","11","0","31099","0"
"Keith","0","2","Nebraska","5/24/20","2","0","31101","0"
"Kimball","0","8","Nebraska","5/24/20","9","-1","31105","-11.11"
"Knox","0","8","Nebraska","5/24/20","8","0","31107","0"
"Lancaster","35","1047","Nebraska","5/24/20","800","247","31109","30.88"
"Lincoln","0","47","Nebraska","5/24/20","44","3","31111","6.82"
"Madison","4","298","Nebraska","5/24/20","271","27","31119","9.96"
"Merrick","0","32","Nebraska","5/24/20","29","3","31121","10.34"
"Morrill","0","10","Nebraska","5/24/20","10","0","31123","0"
"Nance","0","5","Nebraska","5/24/20","4","1","31125","25"
"Nemaha","0","3","Nebraska","5/24/20","2","1","31127","50"
"Nuckolls","0","1","Nebraska","5/24/20","1","0","31129","0"
"Otoe","0","6","Nebraska","5/24/20","6","0","31131","0"
"Phelps","1","20","Nebraska","5/24/20","13","7","31137","53.85"
"Pierce","0","2","Nebraska","5/24/20","1","1","31139","100"
"Platte","10","523","Nebraska","5/24/20","451","72","31141","15.96"
"Polk","0","9","Nebraska","5/24/20","9","0","31143","0"
"Red Willow","0","5","Nebraska","5/24/20","5","0","31145","0"
"Richardson","0","1","Nebraska","5/24/20","1","0","31147","0"
"Saline","8","469","Nebraska","5/24/20","413","56","31151","13.56"
"Sarpy","15","448","Nebraska","5/24/20","342","106","31153","30.99"
"Saunders","1","27","Nebraska","5/24/20","20","7","31155","35"
"Scotts Bluff","2","67","Nebraska","5/24/20","54","13","31157","24.07"
"Seward","0","27","Nebraska","5/24/20","25","2","31159","8"
"Sherman","0","2","Nebraska","5/24/20","2","0","31163","0"
"Stanton","0","17","Nebraska","5/24/20","15","2","31167","13.33"
"Thomas","0","1","Nebraska","5/24/20","1","0","31171","0"
"Thurston","1","28","Nebraska","5/24/20","19","9","31173","47.37"
"Valley","0","3","Nebraska","5/24/20","3","0","31175","0"
"Washington","0","26","Nebraska","5/24/20","24","2","31177","8.33"
"Wayne","1","13","Nebraska","5/24/20","4","9","31179","225"
"Webster","0","5","Nebraska","5/24/20","5","0","31181","0"
"York","1","35","Nebraska","5/24/20","30","5","31185","16.67"
"Carson City","2","86","Nevada","5/24/20","71","15","32510","21.13"
"Churchill","0","6","Nevada","5/24/20","5","1","32001","20"
"Clark","111","6140","Nevada","5/24/20","5366","774","32003","14.42"
"Douglas","0","27","Nevada","5/24/20","25","2","32005","8"
"Elko","0","22","Nevada","5/24/20","20","2","32007","10"
"Humboldt","1","78","Nevada","5/24/20","71","7","32013","9.86"
"Lander","0","19","Nevada","5/24/20","19","0","32015","0"
"Lincoln","0","2","Nevada","5/24/20","2","0","32017","0"
"Lyon","1","55","Nevada","5/24/20","47","8","32019","17.02"
"Mineral","0","4","Nevada","5/24/20","4","0","32021","0"
"Nye","0","59","Nevada","5/24/20","58","1","32023","1.72"
"Storey","0","1","Nevada","5/24/20","1","0","32029","0"
"Washoe","17","1378","Nevada","5/24/20","1256","122","32031","9.71"
"White Pine","0","4","Nevada","5/24/20","4","0","32033","0"
"Belknap","0","55","New Hampshire","5/24/20","53","2","33001","3.77"
"Carroll","0","46","New Hampshire","5/24/20","44","2","33003","4.55"
"Cheshire","1","52","New Hampshire","5/24/20","47","5","33005","10.64"
"Coos","0","4","New Hampshire","5/24/20","4","0","33007","0"
"Grafton","1","69","New Hampshire","5/24/20","61","8","33009","13.11"
"Hillsborough","50","2095","New Hampshire","5/24/20","1747","348","33011","19.92"
"Merrimack","6","320","New Hampshire","5/24/20","278","42","33013","15.11"
"Rockingham","17","1223","New Hampshire","5/24/20","1104","119","33015","10.78"
"Strafford","3","254","New Hampshire","5/24/20","232","22","33017","9.48"
"Sullivan","0","17","New Hampshire","5/24/20","16","1","33019","6.25"
"Atlantic","29","1961","New Jersey","5/24/20","1758","203","34001","11.55"
"Bergen","63","17804","New Jersey","5/24/20","17361","443","34003","2.55"
"Burlington","53","4308","New Jersey","5/24/20","3937","371","34005","9.42"
"Camden","81","6024","New Jersey","5/24/20","5455","569","34007","10.43"
"Cape May","8","561","New Jersey","5/24/20","503","58","34009","11.53"
"Cumberland","48","1947","New Jersey","5/24/20","1608","339","34011","21.08"
"Essex","144","17214","New Jersey","5/24/20","16204","1010","34013","6.23"
"Gloucester","33","2066","New Jersey","5/24/20","1832","234","34015","12.77"
"Hudson","54","18879","New Jersey","5/24/20","18498","381","34017","2.06"
"Hunterdon","22","960","New Jersey","5/24/20","808","152","34019","18.81"
"Mercer","84","6413","New Jersey","5/24/20","5825","588","34021","10.09"
"Middlesex","98","15351","New Jersey","5/24/20","14668","683","34023","4.66"
"Monmouth","66","7800","New Jersey","5/24/20","7339","461","34025","6.28"
"Morris","24","6207","New Jersey","5/24/20","6036","171","34027","2.83"
"Ocean","66","8372","New Jersey","5/24/20","7913","459","34029","5.8"
"Passaic","69","15686","New Jersey","5/24/20","15205","481","34031","3.16"
"Salem","13","552","New Jersey","5/24/20","459","93","34033","20.26"
"Somerset","28","4450","New Jersey","5/24/20","4255","195","34035","4.58"
"Sussex","3","1079","New Jersey","5/24/20","1060","19","34037","1.79"
"Union","67","15169","New Jersey","5/24/20","14702","467","34039","3.18"
"Warren","7","1125","New Jersey","5/24/20","1078","47","34041","4.36"
"Bernalillo","18","1337","New Mexico","5/24/20","1210","127","35001","10.5"
"Catron","0","2","New Mexico","5/24/20","2","0","35003","0"
"Chaves","1","39","New Mexico","5/24/20","30","9","35005","30"
"Cibola","4","129","New Mexico","5/24/20","102","27","35006","26.47"
"Colfax","0","5","New Mexico","5/24/20","5","0","35007","0"
"Curry","1","46","New Mexico","5/24/20","41","5","35009","12.2"
"Dona Ana","16","407","New Mexico","5/24/20","294","113","35013","38.44"
"Eddy","0","18","New Mexico","5/24/20","17","1","35015","5.88"
"Grant","0","16","New Mexico","5/24/20","16","0","35017","0"
"Guadalupe","0","19","New Mexico","5/24/20","19","0","35019","0"
"Harding","0","1","New Mexico","5/24/20","1","0","35021","0"
"Hidalgo","0","1","New Mexico","5/24/20","0","1","35023","1"
"Lea","1","23","New Mexico","5/24/20","16","7","35025","43.75"
"Lincoln","0","3","New Mexico","5/24/20","3","0","35027","0"
"Los Alamos","0","6","New Mexico","5/24/20","6","0","35028","0"
"Luna","0","8","New Mexico","5/24/20","8","0","35029","0"
"McKinley","43","2192","New Mexico","5/24/20","1888","304","35031","16.1"
"Otero","1","14","New Mexico","5/24/20","8","6","35035","75"
"Quay","0","5","New Mexico","5/24/20","5","0","35037","0"
"Rio Arriba","1","37","New Mexico","5/24/20","31","6","35039","19.35"
"Roosevelt","1","34","New Mexico","5/24/20","26","8","35041","30.77"
"San Juan","31","1558","New Mexico","5/24/20","1344","214","35045","15.92"
"San Miguel","0","11","New Mexico","5/24/20","10","1","35047","10"
"Sandoval","7","543","New Mexico","5/24/20","493","50","35043","10.14"
"Santa Fe","1","132","New Mexico","5/24/20","123","9","35049","7.32"
"Sierra","0","1","New Mexico","5/24/20","1","0","35051","0"
"Socorro","0","49","New Mexico","5/24/20","49","0","35053","0"
"Taos","0","24","New Mexico","5/24/20","22","2","35055","9.09"
"Torrance","0","20","New Mexico","5/24/20","18","2","35057","11.11"
"Union","0","3","New Mexico","5/24/20","3","0","35059","0"
"Valencia","1","72","New Mexico","5/24/20","66","6","35061","9.09"
"Albany","29","1782","New York","5/24/20","1579","203","36001","12.86"
"Allegany","0","44","New York","5/24/20","44","0","36003","0"
"Broome","12","501","New York","5/24/20","414","87","36007","21.01"
"Cattaraugus","2","78","New York","5/24/20","65","13","36009","20"
"Cayuga","2","77","New York","5/24/20","63","14","36011","22.22"
"Chautauqua","4","75","New York","5/24/20","48","27","36013","56.25"
"Chemung","0","136","New York","5/24/20","134","2","36015","1.49"
"Chenango","0","118","New York","5/24/20","117","1","36017","0.85"
"Clinton","0","95","New York","5/24/20","92","3","36019","3.26"
"Columbia","4","365","New York","5/24/20","340","25","36021","7.35"
"Cortland","1","39","New York","5/24/20","34","5","36023","14.71"
"Delaware","1","77","New York","5/24/20","69","8","36025","11.59"
"Dutchess","38","3807","New York","5/24/20","3543","264","36027","7.45"
"Erie","96","5626","New York","5/24/20","4954","672","36029","13.56"
"Essex","0","36","New York","5/24/20","33","3","36031","9.09"
"Franklin","0","20","New York","5/24/20","18","2","36033","11.11"
"Fulton","3","194","New York","5/24/20","171","23","36035","13.45"
"Genesee","2","191","New York","5/24/20","180","11","36037","6.11"
"Greene","1","220","New York","5/24/20","212","8","36039","3.77"
"Hamilton","0","5","New York","5/24/20","5","0","36041","0"
"Herkimer","1","101","New York","5/24/20","91","10","36043","10.99"
"Jefferson","0","72","New York","5/24/20","71","1","36045","1.41"
"Lewis","0","19","New York","5/24/20","16","3","36049","18.75"
"Livingston","1","114","New York","5/24/20","110","4","36051","3.64"
"Madison","6","301","New York","5/24/20","258","43","36053","16.67"
"Monroe","63","2697","New York","5/24/20","2258","439","36055","19.44"
"Montgomery","1","79","New York","5/24/20","75","4","36057","5.33"
"Nassau","100","39837","New York","5/24/20","39136","701","36059","1.79"
"New York","790","198123","New York","5/24/20","192593","5530","36061","2.87"
"Niagara","21","941","New York","5/24/20","792","149","36063","18.81"
"Oneida","17","878","New York","5/24/20","760","118","36065","15.53"
"Onondaga","65","1953","New York","5/24/20","1501","452","36067","30.11"
"Ontario","5","184","New York","5/24/20","146","38","36069","26.03"
"Orange","40","10225","New York","5/24/20","9943","282","36071","2.84"
"Orleans","5","202","New York","5/24/20","167","35","36073","20.96"
"Oswego","2","100","New York","5/24/20","84","16","36075","19.05"
"Otsego","0","69","New York","5/24/20","67","2","36077","2.99"
"Putnam","10","1208","New York","5/24/20","1136","72","36079","6.34"
"Rensselaer","3","463","New York","5/24/20","439","24","36083","5.47"
"Rockland","29","12963","New York","5/24/20","12758","205","36087","1.61"
"Saratoga","4","456","New York","5/24/20","428","28","36091","6.54"
"Schenectady","5","658","New York","5/24/20","620","38","36093","6.13"
"Schoharie","0","49","New York","5/24/20","47","2","36095","4.26"
"Schuyler","0","11","New York","5/24/20","9","2","36097","22.22"
"Seneca","1","55","New York","5/24/20","51","4","36099","7.84"
"St. Lawrence","1","197","New York","5/24/20","192","5","36089","2.6"
"Steuben","1","240","New York","5/24/20","234","6","36101","2.56"
"Suffolk","121","38964","New York","5/24/20","38117","847","36103","2.22"
"Sullivan","11","1310","New York","5/24/20","1231","79","36105","6.42"
"Tioga","1","122","New York","5/24/20","113","9","36107","7.96"
"Tompkins","2","151","New York","5/24/20","139","12","36109","8.63"
"Ulster","9","1617","New York","5/24/20","1552","65","36111","4.19"
"Warren","3","250","New York","5/24/20","232","18","36113","7.76"
"Washington","1","226","New York","5/24/20","219","7","36115","3.2"
"Wayne","2","108","New York","5/24/20","96","12","36117","12.5"
"Westchester","106","32968","New York","5/24/20","32224","744","36119","2.31"
"Wyoming","0","81","New York","5/24/20","78","3","36121","3.85"
"Yates","2","37","New York","5/24/20","23","14","36123","60.87"
"Alamance","9","278","North Carolina","5/24/20","217","61","37001","28.11"
"Alexander","1","27","North Carolina","5/24/20","21","6","37003","28.57"
"Alleghany","0","13","North Carolina","5/24/20","11","2","37005","18.18"
"Anson","1","58","North Carolina","5/24/20","49","9","37007","18.37"
"Ashe","1","35","North Carolina","5/24/20","27","8","37009","29.63"
"Avery","0","2","North Carolina","5/24/20","0","2","37011","1"
"Beaufort","1","35","North Carolina","5/24/20","30","5","37013","16.67"
"Bertie","4","113","North Carolina","5/24/20","87","26","37015","29.89"
"Bladen","3","94","North Carolina","5/24/20","71","23","37017","32.39"
"Brunswick","3","74","North Carolina","5/24/20","55","19","37019","34.55"
"Buncombe","13","262","North Carolina","5/24/20","168","94","37021","55.95"
"Burke","12","278","North Carolina","5/24/20","195","83","37023","42.56"
"Cabarrus","8","438","North Carolina","5/24/20","380","58","37025","15.26"
"Caldwell","3","106","North Carolina","5/24/20","83","23","37027","27.71"
"Camden","0","3","North Carolina","5/24/20","2","1","37029","50"
"Carteret","0","36","North Carolina","5/24/20","36","0","37031","0"
"Caswell","2","54","North Carolina","5/24/20","43","11","37033","25.58"
"Catawba","7","148","North Carolina","5/24/20","100","48","37035","48"
"Chatham","10","578","North Carolina","5/24/20","507","71","37037","14"
"Cherokee","0","30","North Carolina","5/24/20","27","3","37039","11.11"
"Chowan","0","15","North Carolina","5/24/20","14","1","37041","7.14"
"Clay","0","8","North Carolina","5/24/20","8","0","37043","0"
"Cleveland","2","67","North Carolina","5/24/20","54","13","37045","24.07"
"Columbus","8","294","North Carolina","5/24/20","241","53","37047","21.99"
"Craven","9","189","North Carolina","5/24/20","125","64","37049","51.2"
"Cumberland","17","584","North Carolina","5/24/20","468","116","37051","24.79"
"Currituck","0","11","North Carolina","5/24/20","11","0","37053","0"
"Dare","0","22","North Carolina","5/24/20","21","1","37055","4.76"
"Davidson","9","352","North Carolina","5/24/20","288","64","37057","22.22"
"Davie","3","69","North Carolina","5/24/20","46","23","37059","50"
"Duplin","34","628","North Carolina","5/24/20","388","240","37061","61.86"
"Durham","37","1262","North Carolina","5/24/20","1000","262","37063","26.2"
"Edgecombe","3","190","North Carolina","5/24/20","170","20","37065","11.76"
"Forsyth","38","920","North Carolina","5/24/20","651","269","37067","41.32"
"Franklin","3","141","North Carolina","5/24/20","122","19","37069","15.57"
"Gaston","6","247","North Carolina","5/24/20","203","44","37071","21.67"
"Gates","1","21","North Carolina","5/24/20","14","7","37073","50"
"Graham","0","2","North Carolina","5/24/20","2","0","37075","0"
"Granville","6","240","North Carolina","5/24/20","196","44","37077","22.45"
"Greene","3","65","North Carolina","5/24/20","45","20","37079","44.44"
"Guilford","29","1049","North Carolina","5/24/20","846","203","37081","24"
"Halifax","6","148","North Carolina","5/24/20","107","41","37083","38.32"
"Harnett","4","272","North Carolina","5/24/20","246","26","37085","10.57"
"Haywood","2","39","North Carolina","5/24/20","25","14","37087","56"
"Henderson","5","316","North Carolina","5/24/20","283","33","37089","11.66"
"Hertford","2","66","North Carolina","5/24/20","52","14","37091","26.92"
"Hoke","6","192","North Carolina","5/24/20","149","43","37093","28.86"
"Hyde","0","1","North Carolina","5/24/20","1","0","37095","0"
"Iredell","6","228","North Carolina","5/24/20","188","40","37097","21.28"
"Jackson","0","27","North Carolina","5/24/20","24","3","37099","12.5"
"Johnston","12","331","North Carolina","5/24/20","247","84","37101","34.01"
"Jones","1","28","North Carolina","5/24/20","21","7","37103","33.33"
"Lee","7","364","North Carolina","5/24/20","317","47","37105","14.83"
"Lenoir","5","187","North Carolina","5/24/20","153","34","37107","22.22"
"Lincoln","1","58","North Carolina","5/24/20","48","10","37109","20.83"
"Macon","1","9","North Carolina","5/24/20","4","5","37113","125"
"Madison","0","4","North Carolina","5/24/20","2","2","37115","100"
"Martin","2","52","North Carolina","5/24/20","35","17","37117","48.57"
"McDowell","1","39","North Carolina","5/24/20","30","9","37111","30"
"Mecklenburg","91","3231","North Carolina","5/24/20","2591","640","37119","24.7"
"Mitchell","0","9","North Carolina","5/24/20","8","1","37121","12.5"
"Montgomery","4","84","North Carolina","5/24/20","56","28","37123","50"
"Moore","5","198","North Carolina","5/24/20","164","34","37125","20.73"
"Nash","4","178","North Carolina","5/24/20","149","29","37127","19.46"
"New Hanover","4","153","North Carolina","5/24/20","127","26","37129","20.47"
"Northampton","1","138","North Carolina","5/24/20","129","9","37131","6.98"
"Onslow","4","97","North Carolina","5/24/20","71","26","37133","36.62"
"Orange","4","302","North Carolina","5/24/20","275","27","37135","9.82"
"Pamlico","0","10","North Carolina","5/24/20","8","2","37137","25"
"Pasquotank","1","96","North Carolina","5/24/20","88","8","37139","9.09"
"Pender","4","70","North Carolina","5/24/20","45","25","37141","55.56"
"Perquimans","0","23","North Carolina","5/24/20","23","0","37143","0"
"Person","1","37","North Carolina","5/24/20","32","5","37145","15.62"
"Pitt","7","257","North Carolina","5/24/20","207","50","37147","24.15"
"Polk","0","35","North Carolina","5/24/20","32","3","37149","9.38"
"Randolph","16","567","North Carolina","5/24/20","455","112","37151","24.62"
"Richmond","5","145","North Carolina","5/24/20","112","33","37153","29.46"
"Robeson","19","663","North Carolina","5/24/20","531","132","37155","24.86"
"Rockingham","3","69","North Carolina","5/24/20","46","23","37157","50"
"Rowan","11","605","North Carolina","5/24/20","526","79","37159","15.02"
"Rutherford","2","164","North Carolina","5/24/20","153","11","37161","7.19"
"Sampson","20","385","North Carolina","5/24/20","244","141","37163","57.79"
"Scotland","2","64","North Carolina","5/24/20","52","12","37165","23.08"
"Stanly","2","45","North Carolina","5/24/20","32","13","37167","40.62"
"Stokes","4","55","North Carolina","5/24/20","30","25","37169","83.33"
"Surry","10","158","North Carolina","5/24/20","89","69","37171","77.53"
"Swain","1","10","North Carolina","5/24/20","6","4","37173","66.67"
"Transylvania","1","11","North Carolina","5/24/20","7","4","37175","57.14"
"Tyrrell","0","4","North Carolina","5/24/20","4","0","37177","0"
"Union","6","394","North Carolina","5/24/20","352","42","37179","11.93"
"Vance","6","239","North Carolina","5/24/20","195","44","37181","22.56"
"Wake","34","1448","North Carolina","5/24/20","1212","236","37183","19.47"
"Warren","4","54","North Carolina","5/24/20","29","25","37185","86.21"
"Washington","0","26","North Carolina","5/24/20","26","0","37187","0"
"Watauga","1","13","North Carolina","5/24/20","9","4","37189","44.44"
"Wayne","24","1000","North Carolina","5/24/20","832","168","37191","20.19"
"Wilkes","7","473","North Carolina","5/24/20","423","50","37193","11.82"
"Wilson","11","314","North Carolina","5/24/20","238","76","37195","31.93"
"Yadkin","4","132","North Carolina","5/24/20","103","29","37197","28.16"
"Yancey","0","10","North Carolina","5/24/20","8","2","37199","25"
"Barnes","0","4","North Dakota","5/24/20","4","0","38003","0"
"Benson","0","1","North Dakota","5/24/20","1","0","38005","0"
"Bottineau","0","2","North Dakota","5/24/20","0","2","38009","1"
"Bowman","0","1","North Dakota","5/24/20","1","0","38011","0"
"Burke","0","5","North Dakota","5/24/20","5","0","38013","0"
"Burleigh","3","131","North Dakota","5/24/20","113","18","38015","15.93"
"Cass","54","1528","North Dakota","5/24/20","1147","381","38017","33.22"
"Divide","0","1","North Dakota","5/24/20","1","0","38023","0"
"Dunn","0","12","North Dakota","5/24/20","11","1","38025","9.09"
"Eddy","1","7","North Dakota","5/24/20","2","5","38027","250"
"Emmons","1","6","North Dakota","5/24/20","1","5","38029","500"
"Foster","0","1","North Dakota","5/24/20","1","0","38031","0"
"Grand Forks","1","323","North Dakota","5/24/20","317","6","38035","1.89"
"Grant","0","2","North Dakota","5/24/20","2","0","38037","0"
"Griggs","0","1","North Dakota","5/24/20","0","1","38039","1"
"McHenry","0","2","North Dakota","5/24/20","2","0","38049","0"
"McIntosh","0","1","North Dakota","5/24/20","1","0","38051","0"
"McKenzie","0","16","North Dakota","5/24/20","15","1","38053","6.67"
"McLean","0","7","North Dakota","5/24/20","6","1","38055","16.67"
"Mercer","0","5","North Dakota","5/24/20","4","1","38057","25"
"Morton","3","64","North Dakota","5/24/20","40","24","38059","60"
"Mountrail","0","39","North Dakota","5/24/20","42","-3","38061","-7.14"
"Nelson","0","2","North Dakota","5/24/20","1","1","38063","100"
"Oliver","0","1","North Dakota","5/24/20","1","0","38065","0"
"Pembina","0","6","North Dakota","5/24/20","6","0","38067","0"
"Pierce","0","4","North Dakota","5/24/20","3","1","38069","33.33"
"Ramsey","0","9","North Dakota","5/24/20","7","2","38071","28.57"
"Ransom","1","8","North Dakota","5/24/20","4","4","38073","100"
"Renville","0","1","North Dakota","5/24/20","1","0","38075","0"
"Richland","2","20","North Dakota","5/24/20","9","11","38077","122.22"
"Rolette","0","4","North Dakota","5/24/20","4","0","38079","0"
"Sargent","0","3","North Dakota","5/24/20","3","0","38081","0"
"Sioux","0","2","North Dakota","5/24/20","1","1","38085","100"
"Slope","0","3","North Dakota","5/24/20","3","0","38087","0"
"Stark","0","61","North Dakota","5/24/20","61","0","38089","0"
"Steele","0","1","North Dakota","5/24/20","1","0","38091","0"
"Stutsman","0","18","North Dakota","5/24/20","16","2","38093","12.5"
"Traill","3","21","North Dakota","5/24/20","2","19","38097","950"
"Walsh","0","13","North Dakota","5/24/20","10","3","38099","30"
"Ward","4","54","North Dakota","5/24/20","28","26","38101","92.86"
"Wells","0","3","North Dakota","5/24/20","2","1","38103","50"
"Williams","1","25","North Dakota","5/24/20","21","4","38105","19.05"
"","0","22","Northern Mariana Islands","5/24/20","21","1",,"4.76"
"Adams","0","8","Ohio","5/24/20","8","0","39001","0"
"Allen","3","189","Ohio","5/24/20","167","22","39003","13.17"
"Ashland","0","17","Ohio","5/24/20","15","2","39005","13.33"
"Ashtabula","6","277","Ohio","5/24/20","232","45","39007","19.4"
"Athens","1","14","Ohio","5/24/20","8","6","39009","75"
"Auglaize","1","59","Ohio","5/24/20","54","5","39011","9.26"
"Belmont","8","384","Ohio","5/24/20","328","56","39013","17.07"
"Brown","0","24","Ohio","5/24/20","22","2","39015","9.09"
"Butler","26","776","Ohio","5/24/20","591","185","39017","31.3"
"Carroll","0","28","Ohio","5/24/20","25","3","39019","12"
"Champaign","0","26","Ohio","5/24/20","23","3","39021","13.04"
"Clark","10","206","Ohio","5/24/20","139","67","39023","48.2"
"Clermont","4","181","Ohio","5/24/20","152","29","39025","19.08"
"Clinton","1","43","Ohio","5/24/20","39","4","39027","10.26"
"Columbiana","8","478","Ohio","5/24/20","420","58","39029","13.81"
"Coshocton","1","24","Ohio","5/24/20","19","5","39031","26.32"
"Crawford","1","104","Ohio","5/24/20","94","10","39033","10.64"
"Cuyahoga","87","3927","Ohio","5/24/20","3321","606","39035","18.25"
"Darke","5","151","Ohio","5/24/20","118","33","39037","27.97"
"Defiance","1","32","Ohio","5/24/20","25","7","39039","28"
"Delaware","5","296","Ohio","5/24/20","258","38","39041","14.73"
"Erie","8","155","Ohio","5/24/20","102","53","39043","51.96"
"Fairfield","5","240","Ohio","5/24/20","205","35","39045","17.07"
"Fayette","0","34","Ohio","5/24/20","31","3","39047","9.68"
"Franklin","99","5188","Ohio","5/24/20","4493","695","39049","15.47"
"Fulton","0","36","Ohio","5/24/20","34","2","39051","5.88"
"Gallia","0","7","Ohio","5/24/20","7","0","39053","0"
"Geauga","5","256","Ohio","5/24/20","220","36","39055","16.36"
"Greene","3","93","Ohio","5/24/20","75","18","39057","24"
"Guernsey","1","31","Ohio","5/24/20","24","7","39059","29.17"
"Hamilton","51","2403","Ohio","5/24/20","2047","356","39061","17.39"
"Hancock","0","48","Ohio","5/24/20","45","3","39063","6.67"
"Hardin","1","40","Ohio","5/24/20","30","10","39065","33.33"
"Harrison","0","10","Ohio","5/24/20","9","1","39067","11.11"
"Henry","1","14","Ohio","5/24/20","10","4","39069","40"
"Highland","0","18","Ohio","5/24/20","16","2","39071","12.5"
"Hocking","1","65","Ohio","5/24/20","61","4","39073","6.56"
"Holmes","2","25","Ohio","5/24/20","11","14","39075","127.27"
"Huron","2","52","Ohio","5/24/20","41","11","39077","26.83"
"Jackson","0","11","Ohio","5/24/20","11","0","39079","0"
"Jefferson","0","62","Ohio","5/24/20","61","1","39081","1.64"
"Knox","0","23","Ohio","5/24/20","22","1","39083","4.55"
"Lake","6","267","Ohio","5/24/20","224","43","39085","19.2"
"Lawrence","0","28","Ohio","5/24/20","27","1","39087","3.7"
"Licking","3","204","Ohio","5/24/20","185","19","39089","10.27"
"Logan","2","37","Ohio","5/24/20","23","14","39091","60.87"
"Lorain","7","641","Ohio","5/24/20","595","46","39093","7.73"
"Lucas","21","2107","Ohio","5/24/20","1960","147","39095","7.5"
"Madison","5","133","Ohio","5/24/20","98","35","39097","35.71"
"Mahoning","17","1334","Ohio","5/24/20","1212","122","39099","10.07"
"Marion","17","2617","Ohio","5/24/20","2500","117","39101","4.68"
"Medina","10","288","Ohio","5/24/20","216","72","39103","33.33"
"Meigs","0","6","Ohio","5/24/20","3","3","39105","100"
"Mercer","7","184","Ohio","5/24/20","133","51","39107","38.35"
"Miami","2","348","Ohio","5/24/20","332","16","39109","4.82"
"Monroe","2","71","Ohio","5/24/20","55","16","39111","29.09"
"Montgomery","13","593","Ohio","5/24/20","504","89","39113","17.66"
"Morgan","0","5","Ohio","5/24/20","5","0","39115","0"
"Morrow","1","104","Ohio","5/24/20","97","7","39117","7.22"
"Muskingum","1","45","Ohio","5/24/20","35","10","39119","28.57"
"Noble","0","5","Ohio","5/24/20","5","0","39121","0"
"Ottawa","4","90","Ohio","5/24/20","65","25","39123","38.46"
"Paulding","0","13","Ohio","5/24/20","11","2","39125","18.18"
"Perry","0","18","Ohio","5/24/20","15","3","39127","20"
"Pickaway","3","2042","Ohio","5/24/20","2018","24","39129","1.19"
"Pike","0","6","Ohio","5/24/20","5","1","39131","20"
"Portage","3","310","Ohio","5/24/20","292","18","39133","6.16"
"Preble","0","31","Ohio","5/24/20","29","2","39135","6.9"
"Putnam","0","85","Ohio","5/24/20","82","3","39137","3.66"
"Richland","3","183","Ohio","5/24/20","159","24","39139","15.09"
"Ross","1","63","Ohio","5/24/20","58","5","39141","8.62"
"Sandusky","1","65","Ohio","5/24/20","56","9","39143","16.07"
"Scioto","0","15","Ohio","5/24/20","14","1","39145","7.14"
"Seneca","0","18","Ohio","5/24/20","15","3","39147","20"
"Shelby","1","40","Ohio","5/24/20","34","6","39149","17.65"
"Stark","18","682","Ohio","5/24/20","558","124","39151","22.22"
"Summit","31","1220","Ohio","5/24/20","1004","216","39153","21.51"
"Trumbull","11","525","Ohio","5/24/20","450","75","39155","16.67"
"Tuscarawas","7","312","Ohio","5/24/20","264","48","39157","18.18"
"Union","1","43","Ohio","5/24/20","35","8","39159","22.86"
"Van Wert","0","5","Ohio","5/24/20","4","1","39161","25"
"Vinton","0","19","Ohio","5/24/20","16","3","39163","18.75"
"Warren","8","328","Ohio","5/24/20","275","53","39165","19.27"
"Washington","0","117","Ohio","5/24/20","116","1","39167","0.86"
"Wayne","7","248","Ohio","5/24/20","201","47","39169","23.38"
"Williams","1","51","Ohio","5/24/20","47","4","39171","8.51"
"Wood","4","274","Ohio","5/24/20","249","25","39173","10.04"
"Wyandot","1","36","Ohio","5/24/20","29","7","39175","24.14"
"Adair","1","82","Oklahoma","5/24/20","75","7","40001","9.33"
"Alfalfa","0","1","Oklahoma","5/24/20","1","0","40003","0"
"Atoka","0","1","Oklahoma","5/24/20","1","0","40005","0"
"Beaver","0","24","Oklahoma","5/24/20","23","1","40007","4.35"
"Beckham","0","6","Oklahoma","5/24/20","6","0","40009","0"
"Blaine","0","4","Oklahoma","5/24/20","3","1","40011","33.33"
"Bryan","1","22","Oklahoma","5/24/20","14","8","40013","57.14"
"Caddo","3","136","Oklahoma","5/24/20","114","22","40015","19.3"
"Canadian","1","126","Oklahoma","5/24/20","117","9","40017","7.69"
"Carter","2","22","Oklahoma","5/24/20","9","13","40019","144.44"
"Cherokee","0","28","Oklahoma","5/24/20","29","-1","40021","-3.45"
"Choctaw","2","18","Oklahoma","5/24/20","4","14","40023","350"
"Cimarron","0","1","Oklahoma","5/24/20","1","0","40025","0"
"Cleveland","3","489","Oklahoma","5/24/20","468","21","40027","4.49"
"Coal","0","1","Oklahoma","5/24/20","0","1","40029","1"
"Comanche","7","270","Oklahoma","5/24/20","224","46","40031","20.54"
"Cotton","0","5","Oklahoma","5/24/20","5","0","40033","0"
"Craig","0","15","Oklahoma","5/24/20","14","1","40035","7.14"
"Creek","1","90","Oklahoma","5/24/20","84","6","40037","7.14"
"Custer","0","12","Oklahoma","5/24/20","12","0","40039","0"
"Delaware","1","99","Oklahoma","5/24/20","95","4","40041","4.21"
"Dewey","0","3","Oklahoma","5/24/20","2","1","40043","50"
"Garfield","0","26","Oklahoma","5/24/20","23","3","40047","13.04"
"Garvin","0","15","Oklahoma","5/24/20","15","0","40049","0"
"Grady","2","76","Oklahoma","5/24/20","64","12","40051","18.75"
"Grant","0","2","Oklahoma","5/24/20","2","0","40053","0"
"Greer","0","66","Oklahoma","5/24/20","66","0","40055","0"
"Harper","0","1","Oklahoma","5/24/20","1","0","40059","0"
"Haskell","0","6","Oklahoma","5/24/20","5","1","40061","20"
"Jackson","0","21","Oklahoma","5/24/20","21","0","40065","0"
"Jefferson","0","3","Oklahoma","5/24/20","3","0","40067","0"
"Johnston","0","3","Oklahoma","5/24/20","3","0","40069","0"
"Kay","0","52","Oklahoma","5/24/20","49","3","40071","6.12"
"Kingfisher","0","11","Oklahoma","5/24/20","10","1","40073","10"
"Kiowa","0","6","Oklahoma","5/24/20","6","0","40075","0"
"Latimer","0","5","Oklahoma","5/24/20","6","-1","40077","-16.67"
"Le Flore","0","13","Oklahoma","5/24/20","13","0","40079","0"
"Lincoln","0","21","Oklahoma","5/24/20","18","3","40081","16.67"
"Logan","0","19","Oklahoma","5/24/20","18","1","40083","5.56"
"Love","2","14","Oklahoma","5/24/20","3","11","40085","366.67"
"Major","0","6","Oklahoma","5/24/20","6","0","40093","0"
"Marshall","0","7","Oklahoma","5/24/20","4","3","40095","75"
"Mayes","0","29","Oklahoma","5/24/20","28","1","40097","3.57"
"McClain","2","98","Oklahoma","5/24/20","86","12","40087","13.95"
"McCurtain","2","25","Oklahoma","5/24/20","11","14","40089","127.27"
"McIntosh","0","11","Oklahoma","5/24/20","10","1","40091","10"
"Murray","0","2","Oklahoma","5/24/20","2","0","40099","0"
"Muskogee","1","35","Oklahoma","5/24/20","30","5","40101","16.67"
"Noble","0","7","Oklahoma","5/24/20","7","0","40103","0"
"Nowata","0","23","Oklahoma","5/24/20","23","0","40105","0"
"Okfuskee","0","3","Oklahoma","5/24/20","2","1","40107","50"
"Oklahoma","18","1203","Oklahoma","5/24/20","1074","129","40109","12.01"
"Okmulgee","1","23","Oklahoma","5/24/20","18","5","40111","27.78"
"Osage","0","94","Oklahoma","5/24/20","91","3","40113","3.3"
"Ottawa","0","35","Oklahoma","5/24/20","35","0","40115","0"
"Pawnee","0","29","Oklahoma","5/24/20","29","0","40117","0"
"Payne","0","45","Oklahoma","5/24/20","45","0","40119","0"
"Pittsburg","0","40","Oklahoma","5/24/20","38","2","40121","5.26"
"Pontotoc","0","12","Oklahoma","5/24/20","11","1","40123","9.09"
"Pottawatomie","0","57","Oklahoma","5/24/20","57","0","40125","0"
"Pushmataha","0","2","Oklahoma","5/24/20","1","1","40127","100"
"Rogers","1","78","Oklahoma","5/24/20","72","6","40131","8.33"
"Seminole","0","22","Oklahoma","5/24/20","21","1","40133","4.76"
"Sequoyah","0","14","Oklahoma","5/24/20","14","0","40135","0"
"Stephens","2","37","Oklahoma","5/24/20","24","13","40137","54.17"
"Texas","26","881","Oklahoma","5/24/20","696","185","40139","26.58"
"Tillman","0","22","Oklahoma","5/24/20","22","0","40141","0"
"Tulsa","19","915","Oklahoma","5/24/20","781","134","40143","17.16"
"Wagoner","2","148","Oklahoma","5/24/20","137","11","40145","8.03"
"Washington","1","310","Oklahoma","5/24/20","303","7","40147","2.31"
"Washita","0","2","Oklahoma","5/24/20","1","1","40149","100"
"Woods","0","3","Oklahoma","5/24/20","3","0","40151","0"
"Woodward","0","4","Oklahoma","5/24/20","1","3","40153","300"
"Baker","0","1","Oregon","5/24/20","1","0","41001","0"
"Benton","1","55","Oregon","5/24/20","51","4","41003","7.84"
"Clackamas","1","290","Oregon","5/24/20","281","9","41005","3.2"
"Clatsop","1","45","Oregon","5/24/20","37","8","41007","21.62"
"Columbia","0","16","Oregon","5/24/20","16","0","41009","0"
"Coos","0","31","Oregon","5/24/20","30","1","41011","3.33"
"Crook","1","5","Oregon","5/24/20","1","4","41013","400"
"Curry","0","6","Oregon","5/24/20","4","2","41015","50"
"Deschutes","3","119","Oregon","5/24/20","96","23","41017","23.96"
"Douglas","0","25","Oregon","5/24/20","25","0","41019","0"
"Grant","0","1","Oregon","5/24/20","1","0","41023","0"
"Harney","0","1","Oregon","5/24/20","1","0","41025","0"
"Hood River","0","12","Oregon","5/24/20","14","-2","41027","-14.29"
"Jackson","1","57","Oregon","5/24/20","50","7","41029","14"
"Jefferson","0","25","Oregon","5/24/20","24","1","41031","4.17"
"Josephine","0","25","Oregon","5/24/20","25","0","41033","0"
"Klamath","0","41","Oregon","5/24/20","41","0","41035","0"
"Lane","0","67","Oregon","5/24/20","64","3","41039","4.69"
"Lincoln","0","9","Oregon","5/24/20","8","1","41041","12.5"
"Linn","1","116","Oregon","5/24/20","109","7","41043","6.42"
"Malheur","1","28","Oregon","5/24/20","19","9","41045","47.37"
"Marion","11","905","Oregon","5/24/20","827","78","41047","9.43"
"Morrow","0","12","Oregon","5/24/20","12","0","41049","0"
"Multnomah","8","1040","Oregon","5/24/20","984","56","41051","5.69"
"Polk","0","96","Oregon","5/24/20","93","3","41053","3.23"
"Sherman","0","1","Oregon","5/24/20","1","0","41055","0"
"Tillamook","0","6","Oregon","5/24/20","6","0","41057","0"
"Umatilla","3","111","Oregon","5/24/20","93","18","41059","19.35"
"Union","0","6","Oregon","5/24/20","5","1","41061","20"
"Wallowa","0","2","Oregon","5/24/20","1","1","41063","100"
"Wasco","0","18","Oregon","5/24/20","18","0","41065","0"
"Washington","9","690","Oregon","5/24/20","628","62","41067","9.87"
"Yamhill","1","65","Oregon","5/24/20","57","8","41071","14.04"
"Adams","5","226","Pennsylvania","5/24/20","189","37","42001","19.58"
"Allegheny","25","1777","Pennsylvania","5/24/20","1603","174","42003","10.85"
"Armstrong","0","58","Pennsylvania","5/24/20","58","0","42005","0"
"Beaver","5","554","Pennsylvania","5/24/20","517","37","42007","7.16"
"Bedford","1","37","Pennsylvania","5/24/20","32","5","42009","15.62"
"Berks","30","3885","Pennsylvania","5/24/20","3677","208","42011","5.66"
"Blair","1","46","Pennsylvania","5/24/20","38","8","42013","21.05"
"Bradford","0","44","Pennsylvania","5/24/20","41","3","42015","7.32"
"Bucks","61","4867","Pennsylvania","5/24/20","4439","428","42017","9.64"
"Butler","2","219","Pennsylvania","5/24/20","203","16","42019","7.88"
"Cambria","0","57","Pennsylvania","5/24/20","54","3","42021","5.56"
"Cameron","0","2","Pennsylvania","5/24/20","2","0","42023","0"
"Carbon","2","229","Pennsylvania","5/24/20","214","15","42025","7.01"
"Centre","2","146","Pennsylvania","5/24/20","131","15","42027","11.45"
"Chester","39","2390","Pennsylvania","5/24/20","2118","272","42029","12.84"
"Clarion","1","29","Pennsylvania","5/24/20","24","5","42031","20.83"
"Clearfield","0","34","Pennsylvania","5/24/20","33","1","42033","3.03"
"Clinton","1","50","Pennsylvania","5/24/20","44","6","42035","13.64"
"Columbia","1","344","Pennsylvania","5/24/20","336","8","42037","2.38"
"Crawford","0","22","Pennsylvania","5/24/20","21","1","42039","4.76"
"Cumberland","10","592","Pennsylvania","5/24/20","522","70","42041","13.41"
"Dauphin","19","1099","Pennsylvania","5/24/20","963","136","42043","14.12"
"Delaware","80","6179","Pennsylvania","5/24/20","5619","560","42045","9.97"
"Elk","0","6","Pennsylvania","5/24/20","6","0","42047","0"
"Erie","10","209","Pennsylvania","5/24/20","137","72","42049","52.55"
"Fayette","1","94","Pennsylvania","5/24/20","89","5","42051","5.62"
"Forest","0","7","Pennsylvania","5/24/20","7","0","42053","0"
"Franklin","16","734","Pennsylvania","5/24/20","621","113","42055","18.2"
"Fulton","0","14","Pennsylvania","5/24/20","11","3","42057","27.27"
"Greene","0","27","Pennsylvania","5/24/20","27","0","42059","0"
"Huntingdon","2","228","Pennsylvania","5/24/20","214","14","42061","6.54"
"Indiana","1","89","Pennsylvania","5/24/20","84","5","42063","5.95"
"Jefferson","0","7","Pennsylvania","5/24/20","7","0","42065","0"
"Juniata","0","95","Pennsylvania","5/24/20","94","1","42067","1.06"
"Lackawanna","21","1491","Pennsylvania","5/24/20","1344","147","42069","10.94"
"Lancaster","49","2854","Pennsylvania","5/24/20","2508","346","42071","13.8"
"Lawrence","0","74","Pennsylvania","5/24/20","72","2","42073","2.78"
"Lebanon","5","909","Pennsylvania","5/24/20","874","35","42075","4"
"Lehigh","26","3651","Pennsylvania","5/24/20","3470","181","42077","5.22"
"Luzerne","17","2645","Pennsylvania","5/24/20","2526","119","42079","4.71"
"Lycoming","2","158","Pennsylvania","5/24/20","147","11","42081","7.48"
"McKean","0","11","Pennsylvania","5/24/20","11","0","42083","0"
"Mercer","2","104","Pennsylvania","5/24/20","91","13","42085","14.29"
"Mifflin","0","58","Pennsylvania","5/24/20","57","1","42087","1.75"
"Monroe","7","1304","Pennsylvania","5/24/20","1254","50","42089","3.99"
"Montgomery","93","6525","Pennsylvania","5/24/20","5872","653","42091","11.12"
"Montour","0","50","Pennsylvania","5/24/20","50","0","42093","0"
"Northampton","30","2911","Pennsylvania","5/24/20","2703","208","42095","7.7"
"Northumberland","4","170","Pennsylvania","5/24/20","141","29","42097","20.57"
"Perry","1","47","Pennsylvania","5/24/20","40","7","42099","17.5"
"Philadelphia","233","21234","Pennsylvania","5/24/20","19606","1628","42101","8.3"
"Pike","2","477","Pennsylvania","5/24/20","460","17","42103","3.7"
"Potter","0","4","Pennsylvania","5/24/20","4","0","42105","0"
"Schuylkill","9","585","Pennsylvania","5/24/20","525","60","42107","11.43"
"Snyder","1","38","Pennsylvania","5/24/20","33","5","42109","15.15"
"Somerset","1","37","Pennsylvania","5/24/20","33","4","42111","12.12"
"Sullivan","0","2","Pennsylvania","5/24/20","2","0","42113","0"
"Susquehanna","2","96","Pennsylvania","5/24/20","83","13","42115","15.66"
"Tioga","0","16","Pennsylvania","5/24/20","16","0","42117","0"
"Union","1","53","Pennsylvania","5/24/20","47","6","42119","12.77"
"Venango","0","8","Pennsylvania","5/24/20","8","0","42121","0"
"Warren","0","3","Pennsylvania","5/24/20","2","1","42123","50"
"Washington","1","138","Pennsylvania","5/24/20","131","7","42125","5.34"
"Wayne","1","117","Pennsylvania","5/24/20","108","9","42127","8.33"
"Westmoreland","2","440","Pennsylvania","5/24/20","427","13","42129","3.04"
"Wyoming","1","33","Pennsylvania","5/24/20","29","4","42131","13.79"
"York","10","924","Pennsylvania","5/24/20","851","73","42133","8.58"
"","78","3189","Puerto Rico","5/24/20","2646","543",,"20.52"
"Bristol","6","213","Rhode Island","5/24/20","172","41","44001","23.84"
"Kent","19","1013","Rhode Island","5/24/20","883","130","44003","14.72"
"Newport","4","228","Rhode Island","5/24/20","197","31","44005","15.74"
"Providence","214","10607","Rhode Island","5/24/20","9112","1495","44007","16.41"
"Washington","9","486","Rhode Island","5/24/20","425","61","44009","14.35"
"Abbeville","0","35","South Carolina","5/24/20","35","0","45001","0"
"Aiken","3","173","South Carolina","5/24/20","154","19","45003","12.34"
"Allendale","0","34","South Carolina","5/24/20","33","1","45005","3.03"
"Anderson","2","218","South Carolina","5/24/20","207","11","45007","5.31"
"Bamberg","0","20","South Carolina","5/24/20","17","3","45009","17.65"
"Barnwell","0","43","South Carolina","5/24/20","40","3","45011","7.5"
"Beaufort","6","335","South Carolina","5/24/20","292","43","45013","14.73"
"Berkeley","2","215","South Carolina","5/24/20","201","14","45015","6.97"
"Calhoun","0","9","South Carolina","5/24/20","9","0","45017","0"
"Charleston","7","558","South Carolina","5/24/20","507","51","45019","10.06"
"Cherokee","1","29","South Carolina","5/24/20","23","6","45021","26.09"
"Chester","1","51","South Carolina","5/24/20","42","9","45023","21.43"
"Chesterfield","5","131","South Carolina","5/24/20","96","35","45025","36.46"
"Clarendon","1","293","South Carolina","5/24/20","286","7","45027","2.45"
"Colleton","3","75","South Carolina","5/24/20","52","23","45029","44.23"
"Darlington","4","246","South Carolina","5/24/20","218","28","45031","12.84"
"Dillon","3","147","South Carolina","5/24/20","129","18","45033","13.95"
"Dorchester","4","142","South Carolina","5/24/20","113","29","45035","25.66"
"Edgefield","1","48","South Carolina","5/24/20","44","4","45037","9.09"
"Fairfield","5","159","South Carolina","5/24/20","122","37","45039","30.33"
"Florence","11","603","South Carolina","5/24/20","524","79","45041","15.08"
"Georgetown","1","60","South Carolina","5/24/20","52","8","45043","15.38"
"Greenville","27","1286","South Carolina","5/24/20","1095","191","45045","17.44"
"Greenwood","2","82","South Carolina","5/24/20","69","13","45047","18.84"
"Hampton","1","34","South Carolina","5/24/20","29","5","45049","17.24"
"Horry","11","377","South Carolina","5/24/20","298","79","45051","26.51"
"Jasper","2","38","South Carolina","5/24/20","26","12","45053","46.15"
"Kershaw","5","300","South Carolina","5/24/20","265","35","45055","13.21"
"Lancaster","1","121","South Carolina","5/24/20","111","10","45057","9.01"
"Laurens","0","58","South Carolina","5/24/20","57","1","45059","1.75"
"Lee","4","191","South Carolina","5/24/20","164","27","45061","16.46"
"Lexington","5","553","South Carolina","5/24/20","516","37","45063","7.17"
"Marion","2","64","South Carolina","5/24/20","51","13","45067","25.49"
"Marlboro","5","111","South Carolina","5/24/20","73","38","45069","52.05"
"McCormick","0","8","South Carolina","5/24/20","7","1","45065","14.29"
"Newberry","2","46","South Carolina","5/24/20","31","15","45071","48.39"
"Oconee","1","47","South Carolina","5/24/20","41","6","45073","14.63"
"Orangeburg","4","139","South Carolina","5/24/20","112","27","45075","24.11"
"Pickens","4","120","South Carolina","5/24/20","93","27","45077","29.03"
"Richland","18","1361","South Carolina","5/24/20","1238","123","45079","9.94"
"Saluda","2","136","South Carolina","5/24/20","122","14","45081","11.48"
"Spartanburg","10","471","South Carolina","5/24/20","399","72","45083","18.05"
"Sumter","4","346","South Carolina","5/24/20","321","25","45085","7.79"
"Union","0","31","South Carolina","5/24/20","31","0","45087","0"
"Williamsburg","5","212","South Carolina","5/24/20","178","34","45089","19.1"
"York","7","340","South Carolina","5/24/20","293","47","45091","16.04"
"Aurora","3","22","South Dakota","5/24/20","3","19","46003","633.33"
"Beadle","14","131","South Dakota","5/24/20","31","100","46005","322.58"
"Bon Homme","1","8","South Dakota","5/24/20","4","4","46009","100"
"Brookings","0","15","South Dakota","5/24/20","14","1","46011","7.14"
"Brown","8","249","South Dakota","5/24/20","196","53","46013","27.04"
"Buffalo","1","9","South Dakota","5/24/20","1","8","46017","800"
"Charles Mix","1","13","South Dakota","5/24/20","9","4","46023","44.44"
"Clark","0","4","South Dakota","5/24/20","4","0","46025","0"
"Clay","0","15","South Dakota","5/24/20","15","0","46027","0"
"Codington","2","32","South Dakota","5/24/20","17","15","46029","88.24"
"Corson","0","4","South Dakota","5/24/20","3","1","46031","33.33"
"Davison","0","9","South Dakota","5/24/20","9","0","46035","0"
"Day","0","12","South Dakota","5/24/20","11","1","46037","9.09"
"Deuel","0","1","South Dakota","5/24/20","1","0","46039","0"
"Douglas","0","2","South Dakota","5/24/20","1","1","46043","100"
"Fall River","0","4","South Dakota","5/24/20","2","2","46047","100"
"Faulk","0","1","South Dakota","5/24/20","1","0","46049","0"
"Grant","0","10","South Dakota","5/24/20","9","1","46051","11.11"
"Hamlin","0","4","South Dakota","5/24/20","3","1","46057","33.33"
"Hand","0","1","South Dakota","5/24/20","1","0","46059","0"
"Hughes","0","19","South Dakota","5/24/20","16","3","46065","18.75"
"Hutchinson","0","3","South Dakota","5/24/20","3","0","46067","0"
"Hyde","0","1","South Dakota","5/24/20","1","0","46069","0"
"Jackson","0","1","South Dakota","5/24/20","0","1","46071","1"
"Jerauld","3","28","South Dakota","5/24/20","6","22","46073","366.67"
"Lake","0","6","South Dakota","5/24/20","5","1","46079","20"
"Lawrence","0","9","South Dakota","5/24/20","9","0","46081","0"
"Lincoln","4","229","South Dakota","5/24/20","200","29","46083","14.5"
"Lyman","1","12","South Dakota","5/24/20","4","8","46085","200"
"Marshall","0","4","South Dakota","5/24/20","1","3","46091","300"
"McCook","0","5","South Dakota","5/24/20","5","0","46087","0"
"McPherson","0","1","South Dakota","5/24/20","1","0","46089","0"
"Meade","1","10","South Dakota","5/24/20","5","5","46093","100"
"Miner","0","1","South Dakota","5/24/20","1","0","46097","0"
"Minnehaha","18","3260","South Dakota","5/24/20","3135","125","46099","3.99"
"Moody","0","18","South Dakota","5/24/20","17","1","46101","5.88"
"Oglala Lakota","1","17","South Dakota","5/24/20","10","7","46102","70"
"Pennington","14","152","South Dakota","5/24/20","52","100","46103","192.31"
"Roberts","2","35","South Dakota","5/24/20","19","16","46109","84.21"
"Sanborn","1","10","South Dakota","5/24/20","5","5","46111","100"
"Spink","0","4","South Dakota","5/24/20","4","0","46115","0"
"Stanley","0","9","South Dakota","5/24/20","9","0","46117","0"
"Sully","0","1","South Dakota","5/24/20","1","0","46119","0"
"Todd","0","18","South Dakota","5/24/20","16","2","46121","12.5"
"Tripp","1","6","South Dakota","5/24/20","2","4","46123","200"
"Turner","0","22","South Dakota","5/24/20","19","3","46125","15.79"
"Union","3","79","South Dakota","5/24/20","60","19","46127","31.67"
"Walworth","0","5","South Dakota","5/24/20","5","0","46129","0"
"Yankton","2","51","South Dakota","5/24/20","40","11","46135","27.5"
"Ziebach","0","1","South Dakota","5/24/20","1","0","46137","0"
"Anderson","0","39","Tennessee","5/24/20","36","3","47001","8.33"
"Bedford","2","265","Tennessee","5/24/20","252","13","47003","5.16"
"Benton","0","7","Tennessee","5/24/20","6","1","47005","16.67"
"Bledsoe","0","607","Tennessee","5/24/20","607","0","47007","0"
"Blount","1","82","Tennessee","5/24/20","75","7","47009","9.33"
"Bradley","2","93","Tennessee","5/24/20","82","11","47011","13.41"
"Campbell","0","17","Tennessee","5/24/20","17","0","47013","0"
"Cannon","1","17","Tennessee","5/24/20","13","4","47015","30.77"
"Carroll","0","27","Tennessee","5/24/20","25","2","47017","8"
"Carter","0","19","Tennessee","5/24/20","19","0","47019","0"
"Cheatham","2","104","Tennessee","5/24/20","88","16","47021","18.18"
"Chester","0","12","Tennessee","5/24/20","12","0","47023","0"
"Claiborne","0","8","Tennessee","5/24/20","7","1","47025","14.29"
"Clay","0","7","Tennessee","5/24/20","6","1","47027","16.67"
"Cocke","0","20","Tennessee","5/24/20","20","0","47029","0"
"Coffee","1","65","Tennessee","5/24/20","60","5","47031","8.33"
"Crockett","0","15","Tennessee","5/24/20","13","2","47033","15.38"
"Cumberland","3","109","Tennessee","5/24/20","89","20","47035","22.47"
"Davidson","89","4518","Tennessee","5/24/20","3893","625","47037","16.05"
"Decatur","0","5","Tennessee","5/24/20","5","0","47039","0"
"DeKalb","1","33","Tennessee","5/24/20","29","4","47041","13.79"
"Dickson","1","101","Tennessee","5/24/20","92","9","47043","9.78"
"Dyer","1","48","Tennessee","5/24/20","44","4","47045","9.09"
"Fayette","2","107","Tennessee","5/24/20","90","17","47047","18.89"
"Fentress","1","10","Tennessee","5/24/20","6","4","47049","66.67"
"Franklin","0","46","Tennessee","5/24/20","43","3","47051","6.98"
"Gibson","0","61","Tennessee","5/24/20","58","3","47053","5.17"
"Giles","0","12","Tennessee","5/24/20","10","2","47055","20"
"Grainger","0","6","Tennessee","5/24/20","6","0","47057","0"
"Greene","0","48","Tennessee","5/24/20","46","2","47059","4.35"
"Grundy","0","31","Tennessee","5/24/20","30","1","47061","3.33"
"Hamblen","0","26","Tennessee","5/24/20","25","1","47063","4"
"Hamilton","29","552","Tennessee","5/24/20","347","205","47065","59.08"
"Hancock","0","1","Tennessee","5/24/20","0","1","47067","1"
"Hardeman","1","189","Tennessee","5/24/20","182","7","47069","3.85"
"Hardin","0","11","Tennessee","5/24/20","9","2","47071","22.22"
"Hawkins","0","31","Tennessee","5/24/20","31","0","47073","0"
"Haywood","0","29","Tennessee","5/24/20","29","0","47075","0"
"Henderson","0","12","Tennessee","5/24/20","12","0","47077","0"
"Henry","2","29","Tennessee","5/24/20","17","12","47079","70.59"
"Hickman","0","54","Tennessee","5/24/20","52","2","47081","3.85"
"Houston","0","7","Tennessee","5/24/20","6","1","47083","16.67"
"Humphreys","0","12","Tennessee","5/24/20","12","0","47085","0"
"Jackson","1","17","Tennessee","5/24/20","11","6","47087","54.55"
"Jefferson","0","27","Tennessee","5/24/20","26","1","47089","3.85"
"Johnson","0","15","Tennessee","5/24/20","15","0","47091","0"
"Knox","4","331","Tennessee","5/24/20","303","28","47093","9.24"
"Lake","1","409","Tennessee","5/24/20","404","5","47095","1.24"
"Lauderdale","1","51","Tennessee","5/24/20","44","7","47097","15.91"
"Lawrence","0","24","Tennessee","5/24/20","21","3","47099","14.29"
"Lewis","0","3","Tennessee","5/24/20","2","1","47101","50"
"Lincoln","1","26","Tennessee","5/24/20","16","10","47103","62.5"
"Loudon","12","132","Tennessee","5/24/20","48","84","47105","175"
"Macon","3","100","Tennessee","5/24/20","81","19","47111","23.46"
"Madison","0","165","Tennessee","5/24/20","163","2","47113","1.23"
"Marion","1","36","Tennessee","5/24/20","32","4","47115","12.5"
"Marshall","0","28","Tennessee","5/24/20","26","2","47117","7.69"
"Maury","2","78","Tennessee","5/24/20","63","15","47119","23.81"
"McMinn","2","134","Tennessee","5/24/20","123","11","47107","8.94"
"McNairy","0","12","Tennessee","5/24/20","12","0","47109","0"
"Meigs","0","25","Tennessee","5/24/20","22","3","47121","13.64"
"Monroe","2","57","Tennessee","5/24/20","41","16","47123","39.02"
"Montgomery","5","240","Tennessee","5/24/20","206","34","47125","16.5"
"Moore","0","3","Tennessee","5/24/20","3","0","47127","0"
"Morgan","1","17","Tennessee","5/24/20","12","5","47129","41.67"
"Obion","1","24","Tennessee","5/24/20","19","5","47131","26.32"
"Out of TN","0","339","Tennessee","5/24/20","340","-1","80047","-0.29"
"Overton","1","20","Tennessee","5/24/20","14","6","47133","42.86"
"Perry","0","13","Tennessee","5/24/20","13","0","47135","0"
"Pickett","0","3","Tennessee","5/24/20","1","2","47137","200"
"Polk","0","14","Tennessee","5/24/20","13","1","47139","7.69"
"Putnam","20","377","Tennessee","5/24/20","235","142","47141","60.43"
"Rhea","27","195","Tennessee","5/24/20","7","188","47143","2685.71"
"Roane","1","15","Tennessee","5/24/20","8","7","47145","87.5"
"Robertson","14","371","Tennessee","5/24/20","274","97","47147","35.4"
"Rutherford","22","998","Tennessee","5/24/20","847","151","47149","17.83"
"Scott","0","11","Tennessee","5/24/20","11","0","47151","0"
"Sequatchie","0","10","Tennessee","5/24/20","10","0","47153","0"
"Sevier","1","72","Tennessee","5/24/20","68","4","47155","5.88"
"Shelby","87","4336","Tennessee","5/24/20","3726","610","47157","16.37"
"Smith","1","30","Tennessee","5/24/20","24","6","47159","25"
"Stewart","0","9","Tennessee","5/24/20","7","2","47161","28.57"
"Sullivan","1","61","Tennessee","5/24/20","57","4","47163","7.02"
"Sumner","10","811","Tennessee","5/24/20","739","72","47165","9.74"
"Tipton","3","426","Tennessee","5/24/20","403","23","47167","5.71"
"Trousdale","1","1393","Tennessee","5/24/20","1383","10","47169","0.72"
"Unicoi","0","3","Tennessee","5/24/20","3","0","47171","0"
"Union","0","4","Tennessee","5/24/20","4","0","47173","0"
"Van Buren","0","4","Tennessee","5/24/20","3","1","47175","33.33"
"Warren","1","19","Tennessee","5/24/20","15","4","47177","26.67"
"Washington","1","73","Tennessee","5/24/20","66","7","47179","10.61"
"Wayne","0","63","Tennessee","5/24/20","63","0","47181","0"
"Weakley","0","26","Tennessee","5/24/20","24","2","47183","8.33"
"White","1","27","Tennessee","5/24/20","18","9","47185","50"
"Williamson","6","512","Tennessee","5/24/20","471","41","47187","8.7"
"Wilson","5","355","Tennessee","5/24/20","318","37","47189","11.64"
"Anderson","2","66","Texas","5/24/20","54","12","48001","22.22"
"Andrews","0","24","Texas","5/24/20","22","2","48003","9.09"
"Angelina","5","175","Texas","5/24/20","139","36","48005","25.9"
"Aransas","0","5","Texas","5/24/20","3","2","48007","66.67"
"Archer","0","1","Texas","5/24/20","1","0","48009","0"
"Armstrong","0","2","Texas","5/24/20","2","0","48011","0"
"Atascosa","1","35","Texas","5/24/20","30","5","48013","16.67"
"Austin","0","22","Texas","5/24/20","19","3","48015","15.79"
"Bailey","1","10","Texas","5/24/20","6","4","48017","66.67"
"Bandera","0","6","Texas","5/24/20","6","0","48019","0"
"Bastrop","6","177","Texas","5/24/20","132","45","48021","34.09"
"Bee","0","9","Texas","5/24/20","6","3","48025","50"
"Bell","7","298","Texas","5/24/20","248","50","48027","20.16"
"Bexar","43","2418","Texas","5/24/20","2120","298","48029","14.06"
"Blanco","0","8","Texas","5/24/20","6","2","48031","33.33"
"Bosque","0","6","Texas","5/24/20","6","0","48035","0"
"Bowie","3","153","Texas","5/24/20","133","20","48037","15.04"
"Brazoria","15","835","Texas","5/24/20","727","108","48039","14.86"
"Brazos","17","436","Texas","5/24/20","318","118","48041","37.11"
"Brewster","0","1","Texas","5/24/20","1","0","48043","0"
"Briscoe","0","1","Texas","5/24/20","1","0","48045","0"
"Brooks","0","1","Texas","5/24/20","1","0","48047","0"
"Brown","1","56","Texas","5/24/20","51","5","48049","9.8"
"Burleson","1","22","Texas","5/24/20","18","4","48051","22.22"
"Burnet","0","29","Texas","5/24/20","28","1","48053","3.57"
"Caldwell","2","50","Texas","5/24/20","36","14","48055","38.89"
"Calhoun","0","37","Texas","5/24/20","36","1","48057","2.78"
"Callahan","0","8","Texas","5/24/20","8","0","48059","0"
"Cameron","11","698","Texas","5/24/20","619","79","48061","12.76"
"Camp","3","42","Texas","5/24/20","21","21","48063","100"
"Carson","0","6","Texas","5/24/20","4","2","48065","50"
"Cass","0","21","Texas","5/24/20","19","2","48067","10.53"
"Castro","1","32","Texas","5/24/20","27","5","48069","18.52"
"Chambers","1","59","Texas","5/24/20","53","6","48071","11.32"
"Cherokee","1","42","Texas","5/24/20","34","8","48073","23.53"
"Childress","0","2","Texas","5/24/20","2","0","48075","0"
"Clay","0","3","Texas","5/24/20","3","0","48077","0"
"Cochran","0","1","Texas","5/24/20","1","0","48079","0"
"Coke","0","1","Texas","5/24/20","1","0","48081","0"
"Coleman","0","2","Texas","5/24/20","2","0","48083","0"
"Collin","17","1136","Texas","5/24/20","1016","120","48085","11.81"
"Collingsworth","0","4","Texas","5/24/20","4","0","48087","0"
"Colorado","0","19","Texas","5/24/20","18","1","48089","5.56"
"Comal","2","82","Texas","5/24/20","70","12","48091","17.14"
"Comanche","1","10","Texas","5/24/20","3","7","48093","233.33"
"Concho","0","1","Texas","5/24/20","1","0","48095","0"
"Cooke","0","13","Texas","5/24/20","13","0","48097","0"
"Coryell","0","226","Texas","5/24/20","224","2","48099","0.89"
"Cottle","0","4","Texas","5/24/20","4","0","48101","0"
"Crane","1","7","Texas","5/24/20","2","5","48103","250"
"Crosby","0","3","Texas","5/24/20","3","0","48107","0"
"Dallam","0","22","Texas","5/24/20","22","0","48111","0"
"Dallas","196","8827","Texas","5/24/20","7455","1372","48113","18.4"
"Dawson","0","39","Texas","5/24/20","38","1","48115","2.63"
"Deaf Smith","5","157","Texas","5/24/20","122","35","48117","28.69"
"Delta","0","1","Texas","5/24/20","1","0","48119","0"
"Denton","23","1212","Texas","5/24/20","1051","161","48121","15.32"
"DeWitt","0","17","Texas","5/24/20","17","0","48123","0"
"Dickens","0","1","Texas","5/24/20","1","0","48125","0"
"Dimmit","0","1","Texas","5/24/20","1","0","48127","0"
"Donley","0","26","Texas","5/24/20","25","1","48129","4"
"Duval","0","5","Texas","5/24/20","5","0","48131","0"
"Eastland","0","5","Texas","5/24/20","5","0","48133","0"
"Ector","4","144","Texas","5/24/20","114","30","48135","26.32"
"El Paso","88","2340","Texas","5/24/20","1726","614","48141","35.57"
"Ellis","4","272","Texas","5/24/20","247","25","48139","10.12"
"Erath","0","15","Texas","5/24/20","15","0","48143","0"
"Falls","0","6","Texas","5/24/20","6","0","48145","0"
"Fannin","1","34","Texas","5/24/20","25","9","48147","36"
"Fayette","0","32","Texas","5/24/20","29","3","48149","10.34"
"Fisher","0","2","Texas","5/24/20","1","1","48151","100"
"Floyd","0","5","Texas","5/24/20","4","1","48153","25"
"Fort Bend","18","1685","Texas","5/24/20","1558","127","48157","8.15"
"Franklin","1","12","Texas","5/24/20","5","7","48159","140"
"Freestone","0","10","Texas","5/24/20","7","3","48161","42.86"
"Frio","0","36","Texas","5/24/20","35","1","48163","2.86"
"Gaines","0","6","Texas","5/24/20","5","1","48165","20"
"Galveston","7","749","Texas","5/24/20","701","48","48167","6.85"
"Garza","0","5","Texas","5/24/20","4","1","48169","25"
"Gillespie","0","5","Texas","5/24/20","4","1","48171","25"
"Glasscock","0","1","Texas","5/24/20","1","0","48173","0"
"Goliad","0","7","Texas","5/24/20","7","0","48175","0"
"Gonzales","2","91","Texas","5/24/20","79","12","48177","15.19"
"Gray","1","96","Texas","5/24/20","91","5","48179","5.49"
"Grayson","21","296","Texas","5/24/20","147","149","48181","101.36"
"Gregg","2","185","Texas","5/24/20","170","15","48183","8.82"
"Grimes","5","99","Texas","5/24/20","65","34","48185","52.31"
"Guadalupe","2","122","Texas","5/24/20","110","12","48187","10.91"
"Hale","2","55","Texas","5/24/20","44","11","48189","25"
"Hall","0","2","Texas","5/24/20","0","2","48191","1"
"Hamilton","0","7","Texas","5/24/20","7","0","48193","0"
"Hansford","0","18","Texas","5/24/20","16","2","48195","12.5"
"Hardeman","0","1","Texas","5/24/20","0","1","48197","1"
"Hardin","3","136","Texas","5/24/20","117","19","48199","16.24"
"Harris","208","10921","Texas","5/24/20","9465","1456","48201","15.38"
"Harrison","3","225","Texas","5/24/20","202","23","48203","11.39"
"Hartley","0","11","Texas","5/24/20","9","2","48205","22.22"
"Haskell","0","2","Texas","5/24/20","1","1","48207","100"
"Hays","7","270","Texas","5/24/20","219","51","48209","23.29"
"Hemphill","0","1","Texas","5/24/20","1","0","48211","0"
"Henderson","1","55","Texas","5/24/20","48","7","48213","14.58"
"Hidalgo","8","482","Texas","5/24/20","425","57","48215","13.41"
"Hill","0","24","Texas","5/24/20","22","2","48217","9.09"
"Hockley","1","27","Texas","5/24/20","23","4","48219","17.39"
"Hood","0","23","Texas","5/24/20","22","1","48221","4.55"
"Hopkins","1","15","Texas","5/24/20","8","7","48223","87.5"
"Houston","1","84","Texas","5/24/20","76","8","48225","10.53"
"Howard","0","6","Texas","5/24/20","6","0","48227","0"
"Hunt","1","75","Texas","5/24/20","66","9","48231","13.64"
"Hutchinson","1","30","Texas","5/24/20","25","5","48233","20"
"Jack","0","4","Texas","5/24/20","4","0","48237","0"
"Jackson","0","17","Texas","5/24/20","15","2","48239","13.33"
"Jasper","1","28","Texas","5/24/20","23","5","48241","21.74"
"Jefferson","8","492","Texas","5/24/20","436","56","48245","12.84"
"Jim Hogg","0","4","Texas","5/24/20","4","0","48247","0"
"Jim Wells","0","9","Texas","5/24/20","8","1","48249","12.5"
"Johnson","4","148","Texas","5/24/20","123","25","48251","20.33"
"Jones","3","135","Texas","5/24/20","112","23","48253","20.54"
"Karnes","0","4","Texas","5/24/20","3","1","48255","33.33"
"Kaufman","5","182","Texas","5/24/20","147","35","48257","23.81"
"Kendall","0","24","Texas","5/24/20","21","3","48259","14.29"
"Kerr","1","16","Texas","5/24/20","10","6","48265","60"
"Kimble","0","1","Texas","5/24/20","1","0","48267","0"
"Kleberg","0","15","Texas","5/24/20","14","1","48273","7.14"
"Knox","0","1","Texas","5/24/20","1","0","48275","0"
"La Salle","0","4","Texas","5/24/20","4","0","48283","0"
"Lamar","2","133","Texas","5/24/20","116","17","48277","14.66"
"Lamb","1","15","Texas","5/24/20","11","4","48279","36.36"
"Lampasas","0","8","Texas","5/24/20","8","0","48281","0"
"Lavaca","0","9","Texas","5/24/20","8","1","48285","12.5"
"Lee","0","9","Texas","5/24/20","6","3","48287","50"
"Leon","0","9","Texas","5/24/20","9","0","48289","0"
"Liberty","1","80","Texas","5/24/20","75","5","48291","6.67"
"Limestone","1","23","Texas","5/24/20","15","8","48293","53.33"
"Lipscomb","0","2","Texas","5/24/20","2","0","48295","0"
"Live Oak","0","9","Texas","5/24/20","6","3","48297","50"
"Llano","0","3","Texas","5/24/20","3","0","48299","0"
"Lubbock","6","662","Texas","5/24/20","619","43","48303","6.95"
"Lynn","0","5","Texas","5/24/20","5","0","48305","0"
"Madison","0","8","Texas","5/24/20","8","0","48313","0"
"Marion","0","15","Texas","5/24/20","15","0","48315","0"
"Martin","0","3","Texas","5/24/20","3","0","48317","0"
"Mason","0","31","Texas","5/24/20","31","0","48319","0"
"Matagorda","0","67","Texas","5/24/20","65","2","48321","3.08"
"Maverick","3","97","Texas","5/24/20","74","23","48323","31.08"
"McCulloch","0","3","Texas","5/24/20","3","0","48307","0"
"McLennan","1","107","Texas","5/24/20","97","10","48309","10.31"
"Medina","2","67","Texas","5/24/20","50","17","48325","34"
"Midland","1","124","Texas","5/24/20","120","4","48329","3.33"
"Milam","1","28","Texas","5/24/20","24","4","48331","16.67"
"Mills","0","1","Texas","5/24/20","1","0","48333","0"
"Mitchell","0","1","Texas","5/24/20","1","0","48335","0"
"Montague","0","9","Texas","5/24/20","9","0","48337","0"
"Montgomery","13","888","Texas","5/24/20","798","90","48339","11.28"
"Moore","4","579","Texas","5/24/20","552","27","48341","4.89"
"Morris","1","17","Texas","5/24/20","11","6","48343","54.55"
"Motley","0","1","Texas","5/24/20","1","0","48345","0"
"Nacogdoches","3","257","Texas","5/24/20","238","19","48347","7.98"
"Navarro","1","44","Texas","5/24/20","38","6","48349","15.79"
"Newton","0","4","Texas","5/24/20","4","0","48351","0"
"Nolan","0","2","Texas","5/24/20","2","0","48353","0"
"Nueces","4","262","Texas","5/24/20","233","29","48355","12.45"
"Ochiltree","0","43","Texas","5/24/20","40","3","48357","7.5"
"Oldham","0","3","Texas","5/24/20","4","-1","48359","-25"
"Orange","1","96","Texas","5/24/20","87","9","48361","10.34"
"Palo Pinto","0","10","Texas","5/24/20","9","1","48363","11.11"
"Panola","2","188","Texas","5/24/20","175","13","48365","7.43"
"Parker","1","67","Texas","5/24/20","57","10","48367","17.54"
"Parmer","4","53","Texas","5/24/20","26","27","48369","103.85"
"Pecos","1","27","Texas","5/24/20","20","7","48371","35"
"Polk","1","52","Texas","5/24/20","47","5","48373","10.64"
"Potter","16","2238","Texas","5/24/20","2129","109","48375","5.12"
"Rains","0","3","Texas","5/24/20","2","1","48379","50"
"Randall","7","648","Texas","5/24/20","602","46","48381","7.64"
"Red River","2","46","Texas","5/24/20","35","11","48387","31.43"
"Reeves","0","7","Texas","5/24/20","7","0","48389","0"
"Refugio","0","3","Texas","5/24/20","3","0","48391","0"
"Roberts","0","2","Texas","5/24/20","2","0","48393","0"
"Robertson","0","7","Texas","5/24/20","6","1","48395","16.67"
"Rockwall","2","151","Texas","5/24/20","138","13","48397","9.42"
"Runnels","0","2","Texas","5/24/20","2","0","48399","0"
"Rusk","0","43","Texas","5/24/20","42","1","48401","2.38"
"Sabine","0","5","Texas","5/24/20","3","2","48403","66.67"
"San Augustine","1","29","Texas","5/24/20","22","7","48405","31.82"
"San Jacinto","0","14","Texas","5/24/20","12","2","48407","16.67"
"San Patricio","0","28","Texas","5/24/20","26","2","48409","7.69"
"San Saba","0","1","Texas","5/24/20","0","1","48411","1"
"Scurry","0","2","Texas","5/24/20","2","0","48415","0"
"Shackelford","0","1","Texas","5/24/20","1","0","48417","0"
"Shelby","1","183","Texas","5/24/20","175","8","48419","4.57"
"Sherman","0","21","Texas","5/24/20","23","-2","48421","-8.7"
"Smith","1","198","Texas","5/24/20","189","9","48423","4.76"
"Starr","1","24","Texas","5/24/20","17","7","48427","41.18"
"Stephens","0","2","Texas","5/24/20","2","0","48429","0"
"Swisher","0","17","Texas","5/24/20","14","3","48437","21.43"
"Tarrant","86","4951","Texas","5/24/20","4350","601","48439","13.82"
"Taylor","2","228","Texas","5/24/20","217","11","48441","5.07"
"Terry","0","13","Texas","5/24/20","12","1","48445","8.33"
"Titus","22","248","Texas","5/24/20","96","152","48449","158.33"
"Tom Green","1","90","Texas","5/24/20","86","4","48451","4.65"
"Travis","52","2788","Texas","5/24/20","2425","363","48453","14.97"
"Trinity","0","13","Texas","5/24/20","11","2","48455","18.18"
"Tyler","0","11","Texas","5/24/20","9","2","48457","22.22"
"Upshur","0","18","Texas","5/24/20","18","0","48459","0"
"Uvalde","0","6","Texas","5/24/20","6","0","48463","0"
"Val Verde","0","14","Texas","5/24/20","13","1","48465","7.69"
"Van Zandt","1","26","Texas","5/24/20","22","4","48467","18.18"
"Victoria","0","157","Texas","5/24/20","154","3","48469","1.95"
"Walker","8","474","Texas","5/24/20","421","53","48471","12.59"
"Waller","1","49","Texas","5/24/20","40","9","48473","22.5"
"Ward","0","1","Texas","5/24/20","0","1","48475","1"
"Washington","2","193","Texas","5/24/20","181","12","48477","6.63"
"Webb","5","511","Texas","5/24/20","477","34","48479","7.13"
"Wharton","0","45","Texas","5/24/20","42","3","48481","7.14"
"Wheeler","0","15","Texas","5/24/20","14","1","48483","7.14"
"Wichita","1","82","Texas","5/24/20","78","4","48485","5.13"
"Wilbarger","0","6","Texas","5/24/20","5","1","48487","20"
"Willacy","0","14","Texas","5/24/20","14","0","48489","0"
"Williamson","10","553","Texas","5/24/20","481","72","48491","14.97"
"Wilson","0","38","Texas","5/24/20","36","2","48493","5.56"
"Winkler","0","3","Texas","5/24/20","3","0","48495","0"
"Wise","1","42","Texas","5/24/20","36","6","48497","16.67"
"Wood","1","23","Texas","5/24/20","18","5","48499","27.78"
"Yoakum","0","3","Texas","5/24/20","2","1","48501","50"
"Young","0","4","Texas","5/24/20","4","0","48503","0"
"Zapata","0","8","Texas","5/24/20","7","1","48505","14.29"
"Zavala","0","11","Texas","5/24/20","9","2","48507","22.22"
"Bear River","2","102","Utah","5/24/20","88","14","00000","15.91"
"Central Utah","0","33","Utah","5/24/20","30","3","00000","10"
"Davis","6","410","Utah","5/24/20","368","42","49011","11.41"
"Salt Lake","90","4515","Utah","5/24/20","3883","632","49035","16.28"
"San Juan","9","264","Utah","5/24/20","198","66","49037","33.33"
"Southeast Utah","1","20","Utah","5/24/20","14","6","00000","42.86"
"Southwest Utah","12","305","Utah","5/24/20","219","86","00000","39.27"
"Summit","1","405","Utah","5/24/20","401","4","49043","1"
"Tooele","3","113","Utah","5/24/20","93","20","49045","21.51"
"TriCounty","0","20","Utah","5/24/20","19","1","00000","5.26"
"Utah","30","1704","Utah","5/24/20","1497","207","49049","13.83"
"Wasatch","6","241","Utah","5/24/20","202","39","49051","19.31"
"Weber-Morgan","5","260","Utah","5/24/20","226","34","00000","15.04"
"Addison","0","62","Vermont","5/24/20","62","0","50001","0"
"Bennington","0","61","Vermont","5/24/20","60","1","50003","1.67"
"Caledonia","0","15","Vermont","5/24/20","14","1","50005","7.14"
"Chittenden","0","440","Vermont","5/24/20","439","1","50007","0.23"
"Essex","0","3","Vermont","5/24/20","2","1","50009","50"
"Franklin","0","99","Vermont","5/24/20","99","0","50011","0"
"Grand Isle","0","6","Vermont","5/24/20","4","2","50013","50"
"Lamoille","0","29","Vermont","5/24/20","27","2","50015","7.41"
"Orange","0","8","Vermont","5/24/20","8","0","50017","0"
"Orleans","0","9","Vermont","5/24/20","9","0","50019","0"
"Rutland","0","51","Vermont","5/24/20","50","1","50021","2"
"Washington","0","39","Vermont","5/24/20","38","1","50023","2.63"
"Windham","1","80","Vermont","5/24/20","76","4","50025","5.26"
"Windsor","0","49","Vermont","5/24/20","47","2","50027","4.26"
"","0","69","Virgin Islands","5/24/20","69","0",,"0"
"Accomack","6","727","Virginia","5/24/20","688","39","51001","5.67"
"Albemarle","1","148","Virginia","5/24/20","138","10","51003","7.25"
"Alexandria","37","1733","Virginia","5/24/20","1476","257","51510","17.41"
"Alleghany","1","13","Virginia","5/24/20","7","6","51005","85.71"
"Amelia","0","21","Virginia","5/24/20","18","3","51007","16.67"
"Amherst","0","25","Virginia","5/24/20","25","0","51009","0"
"Appomattox","0","26","Virginia","5/24/20","23","3","51011","13.04"
"Arlington","40","1873","Virginia","5/24/20","1590","283","51013","17.8"
"Augusta","1","90","Virginia","5/24/20","84","6","51015","7.14"
"Bedford","0","41","Virginia","5/24/20","40","1","51019","2.5"
"Botetourt","0","31","Virginia","5/24/20","31","0","51023","0"
"Bristol","0","4","Virginia","5/24/20","3","1","51520","33.33"
"Brunswick","0","21","Virginia","5/24/20","20","1","51025","5"
"Buchanan","0","18","Virginia","5/24/20","16","2","51027","12.5"
"Buckingham","4","442","Virginia","5/24/20","411","31","51029","7.54"
"Buena Vista","1","12","Virginia","5/24/20","8","4","51530","50"
"Campbell","0","13","Virginia","5/24/20","13","0","51031","0"
"Caroline","1","47","Virginia","5/24/20","42","5","51033","11.9"
"Carroll","4","74","Virginia","5/24/20","48","26","51035","54.17"
"Charles City","1","27","Virginia","5/24/20","22","5","51036","22.73"
"Charlotte","1","19","Virginia","5/24/20","11","8","51037","72.73"
"Charlottesville","1","80","Virginia","5/24/20","71","9","51540","12.68"
"Chesapeake","7","433","Virginia","5/24/20","384","49","51550","12.76"
"Chesterfield","29","1193","Virginia","5/24/20","988","205","51041","20.75"
"Clarke","0","21","Virginia","5/24/20","19","2","51043","10.53"
"Colonial Heights","1","83","Virginia","5/24/20","76","7","51570","9.21"
"Covington","0","3","Virginia","5/24/20","2","1","51580","50"
"Craig","0","5","Virginia","5/24/20","4","1","51045","25"
"Culpeper","31","594","Virginia","5/24/20","374","220","51047","58.82"
"Cumberland","0","26","Virginia","5/24/20","23","3","51049","13.04"
"Danville","0","46","Virginia","5/24/20","44","2","51590","4.55"
"Dinwiddie","2","48","Virginia","5/24/20","36","12","51053","33.33"
"Emporia","1","60","Virginia","5/24/20","52","8","51595","15.38"
"Essex","2","43","Virginia","5/24/20","31","12","51057","38.71"
"Fairfax","192","8989","Virginia","5/24/20","7643","1346","51059","17.61"
"Fairfax City","1","52","Virginia","5/24/20","47","5","51600","10.64"
"Falls Church","0","47","Virginia","5/24/20","44","3","51610","6.82"
"Fauquier","10","282","Virginia","5/24/20","213","69","51061","32.39"
"Floyd","0","4","Virginia","5/24/20","4","0","51063","0"
"Fluvanna","0","84","Virginia","5/24/20","81","3","51065","3.7"
"Franklin","0","32","Virginia","5/24/20","30","2","51067","6.67"
"Franklin City","1","38","Virginia","5/24/20","29","9","51620","31.03"
"Frederick","7","262","Virginia","5/24/20","211","51","51069","24.17"
"Fredericksburg","4","118","Virginia","5/24/20","93","25","51630","26.88"
"Galax","1","88","Virginia","5/24/20","80","8","51640","10"
"Giles","0","5","Virginia","5/24/20","5","0","51071","0"
"Gloucester","0","30","Virginia","5/24/20","28","2","51073","7.14"
"Goochland","0","90","Virginia","5/24/20","87","3","51075","3.45"
"Grayson","1","26","Virginia","5/24/20","21","5","51077","23.81"
"Greene","0","22","Virginia","5/24/20","19","3","51079","15.79"
"Greensville","1","55","Virginia","5/24/20","50","5","51081","10"
"Halifax","0","29","Virginia","5/24/20","27","2","51083","7.41"
"Hampton","2","174","Virginia","5/24/20","161","13","51650","8.07"
"Hanover","5","252","Virginia","5/24/20","220","32","51085","14.55"
"Harrisonburg","12","716","Virginia","5/24/20","632","84","51660","13.29"
"Henrico","28","1446","Virginia","5/24/20","1252","194","51087","15.5"
"Henry","4","67","Virginia","5/24/20","36","31","51089","86.11"
"Highland","0","3","Virginia","5/24/20","2","1","51091","50"
"Hopewell","2","66","Virginia","5/24/20","51","15","51670","29.41"
"Isle of Wight","1","124","Virginia","5/24/20","115","9","51093","7.83"
"James City","1","196","Virginia","5/24/20","186","10","51095","5.38"
"King and Queen","0","7","Virginia","5/24/20","7","0","51097","0"
"King George","1","54","Virginia","5/24/20","48","6","51099","12.5"
"King William","1","20","Virginia","5/24/20","14","6","51101","42.86"
"Lancaster","0","10","Virginia","5/24/20","7","3","51103","42.86"
"Lee","0","9","Virginia","5/24/20","10","-1","51105","-10"
"Lexington","0","6","Virginia","5/24/20","6","0","51678","0"
"Loudoun","54","1821","Virginia","5/24/20","1446","375","51107","25.93"
"Louisa","1","69","Virginia","5/24/20","59","10","51109","16.95"
"Lunenburg","0","8","Virginia","5/24/20","7","1","51111","14.29"
"Lynchburg","1","77","Virginia","5/24/20","73","4","51680","5.48"
"Madison","1","32","Virginia","5/24/20","24","8","51113","33.33"
"Manassas","30","806","Virginia","5/24/20","594","212","51683","35.69"
"Manassas Park","7","239","Virginia","5/24/20","187","52","51685","27.81"
"Martinsville","3","24","Virginia","5/24/20","5","19","51690","380"
"Mathews","0","5","Virginia","5/24/20","5","0","51115","0"
"Mecklenburg","5","200","Virginia","5/24/20","167","33","51117","19.76"
"Middlesex","0","12","Virginia","5/24/20","12","0","51119","0"
"Montgomery","0","69","Virginia","5/24/20","66","3","51121","4.55"
"Nelson","0","13","Virginia","5/24/20","12","1","51125","8.33"
"New Kent","0","27","Virginia","5/24/20","26","1","51127","3.85"
"Newport News","6","237","Virginia","5/24/20","193","44","51700","22.8"
"Norfolk","7","399","Virginia","5/24/20","350","49","51710","14"
"Northampton","2","213","Virginia","5/24/20","198","15","51131","7.58"
"Northumberland","1","22","Virginia","5/24/20","18","4","51133","22.22"
"Norton","0","2","Virginia","5/24/20","2","0","51720","0"
"Nottoway","0","19","Virginia","5/24/20","16","3","51135","18.75"
"Orange","3","80","Virginia","5/24/20","56","24","51137","42.86"
"Page","4","188","Virginia","5/24/20","161","27","51139","16.77"
"Patrick","1","14","Virginia","5/24/20","6","8","51141","133.33"
"Petersburg","4","86","Virginia","5/24/20","58","28","51730","48.28"
"Pittsylvania","1","32","Virginia","5/24/20","24","8","51143","33.33"
"Poquoson","0","7","Virginia","5/24/20","7","0","51735","0"
"Portsmouth","5","262","Virginia","5/24/20","225","37","51740","16.44"
"Powhatan","1","29","Virginia","5/24/20","24","5","51145","20.83"
"Prince Edward","5","108","Virginia","5/24/20","73","35","51147","47.95"
"Prince George","2","60","Virginia","5/24/20","49","11","51149","22.45"
"Prince William","115","4468","Virginia","5/24/20","3666","802","51153","21.88"
"Pulaski","0","10","Virginia","5/24/20","10","0","51155","0"
"Radford","0","6","Virginia","5/24/20","3","3","51750","100"
"Rappahannock","0","12","Virginia","5/24/20","12","0","51157","0"
"Richmond","2","275","Virginia","5/24/20","261","14","51159","5.36"
"Richmond City","36","1012","Virginia","5/24/20","758","254","51760","33.51"
"Roanoke","1","90","Virginia","5/24/20","85","5","51161","5.88"
"Roanoke City","3","140","Virginia","5/24/20","120","20","51770","16.67"
"Rockbridge","0","14","Virginia","5/24/20","11","3","51163","27.27"
"Rockingham","9","453","Virginia","5/24/20","389","64","51165","16.45"
"Russell","0","8","Virginia","5/24/20","8","0","51167","0"
"Salem","0","32","Virginia","5/24/20","32","0","51775","0"
"Scott","0","7","Virginia","5/24/20","7","0","51169","0"
"Shenandoah","10","372","Virginia","5/24/20","303","69","51171","22.77"
"Smyth","0","15","Virginia","5/24/20","15","0","51173","0"
"Southampton","1","143","Virginia","5/24/20","135","8","51175","5.93"
"Spotsylvania","13","401","Virginia","5/24/20","312","89","51177","28.53"
"Stafford","16","581","Virginia","5/24/20","467","114","51179","24.41"
"Staunton","0","35","Virginia","5/24/20","34","1","51790","2.94"
"Suffolk","4","295","Virginia","5/24/20","264","31","51800","11.74"
"Surry","0","6","Virginia","5/24/20","6","0","51181","0"
"Sussex","5","114","Virginia","5/24/20","80","34","51183","42.5"
"Tazewell","0","6","Virginia","5/24/20","6","0","51185","0"
"Virginia Beach","8","603","Virginia","5/24/20","548","55","51810","10.04"
"Warren","2","111","Virginia","5/24/20","99","12","51187","12.12"
"Washington","0","51","Virginia","5/24/20","49","2","51191","4.08"
"Waynesboro","2","38","Virginia","5/24/20","22","16","51820","72.73"
"Westmoreland","1","48","Virginia","5/24/20","42","6","51193","14.29"
"Williamsburg","0","43","Virginia","5/24/20","43","0","51830","0"
"Winchester","9","143","Virginia","5/24/20","80","63","51840","78.75"
"Wise","0","24","Virginia","5/24/20","23","1","51195","4.35"
"Wythe","0","17","Virginia","5/24/20","16","1","51197","6.25"
"York","1","68","Virginia","5/24/20","62","6","51199","9.68"
"Adams","0","53","Washington","5/24/20","50","3","53001","6"
"Asotin","0","18","Washington","5/24/20","18","0","53003","0"
"Benton","9","696","Washington","5/24/20","633","63","53005","9.95"
"Chelan","8","229","Washington","5/24/20","176","53","53007","30.11"
"Clallam","1","25","Washington","5/24/20","21","4","53009","19.05"
"Clark","3","410","Washington","5/24/20","388","22","53011","5.67"
"Columbia","0","1","Washington","5/24/20","1","0","53013","0"
"Cowlitz","1","72","Washington","5/24/20","68","4","53015","5.88"
"Douglas","4","157","Washington","5/24/20","126","31","53017","24.6"
"Ferry","0","1","Washington","5/24/20","1","0","53019","0"
"Franklin","8","499","Washington","5/24/20","444","55","53021","12.39"
"Grant","1","190","Washington","5/24/20","186","4","53025","2.15"
"Grays Harbor","0","16","Washington","5/24/20","15","1","53027","6.67"
"Island","0","177","Washington","5/24/20","176","1","53029","0.57"
"Jefferson","0","30","Washington","5/24/20","30","0","53031","0"
"King","44","7783","Washington","5/24/20","7472","311","53033","4.16"
"Kitsap","0","161","Washington","5/24/20","160","1","53035","0.62"
"Kittitas","3","72","Washington","5/24/20","52","20","53037","38.46"
"Klickitat","0","24","Washington","5/24/20","24","0","53039","0"
"Lewis","0","35","Washington","5/24/20","34","1","53041","2.94"
"Lincoln","0","2","Washington","5/24/20","2","0","53043","0"
"Mason","0","34","Washington","5/24/20","31","3","53045","9.68"
"Okanogan","0","43","Washington","5/24/20","40","3","53047","7.5"
"Pacific","0","9","Washington","5/24/20","9","0","53049","0"
"Pend Oreille","0","3","Washington","5/24/20","2","1","53051","50"
"Pierce","11","1756","Washington","5/24/20","1680","76","53053","4.52"
"San Juan","0","15","Washington","5/24/20","15","0","53055","0"
"Skagit","0","426","Washington","5/24/20","425","1","53057","0.24"
"Skamania","0","3","Washington","5/24/20","3","0","53059","0"
"Snohomish","16","2895","Washington","5/24/20","2784","111","53061","3.99"
"Spokane","11","477","Washington","5/24/20","400","77","53063","19.25"
"Stevens","0","10","Washington","5/24/20","9","1","53065","11.11"
"Thurston","0","127","Washington","5/24/20","124","3","53067","2.42"
"Wahkiakum","0","4","Washington","5/24/20","4","0","53069","0"
"Walla Walla","0","107","Washington","5/24/20","107","0","53071","0"
"Whatcom","2","368","Washington","5/24/20","353","15","53073","4.25"
"Whitman","0","16","Washington","5/24/20","16","0","53075","0"
"Yakima","80","2812","Washington","5/24/20","2253","559","53077","24.81"
"Barbour","0","7","West Virginia","5/24/20","7","0","54001","0"
"Berkeley","11","285","West Virginia","5/24/20","210","75","54003","35.71"
"Boone","0","9","West Virginia","5/24/20","9","0","54005","0"
"Braxton","0","2","West Virginia","5/24/20","2","0","54007","0"
"Brooke","0","3","West Virginia","5/24/20","3","0","54009","0"
"Cabell","0","59","West Virginia","5/24/20","57","2","54011","3.51"
"Calhoun","0","2","West Virginia","5/24/20","2","0","54013","0"
"Clay","0","2","West Virginia","5/24/20","2","0","54015","0"
"Fayette","1","46","West Virginia","5/24/20","38","8","54019","21.05"
"Gilmer","0","10","West Virginia","5/24/20","8","2","54021","25"
"Grant","0","9","West Virginia","5/24/20","6","3","54023","50"
"Greenbrier","0","9","West Virginia","5/24/20","9","0","54025","0"
"Hampshire","0","15","West Virginia","5/24/20","12","3","54027","25"
"Hancock","1","18","West Virginia","5/24/20","12","6","54029","50"
"Hardy","2","37","West Virginia","5/24/20","25","12","54031","48"
"Harrison","1","39","West Virginia","5/24/20","35","4","54033","11.43"
"Jackson","0","135","West Virginia","5/24/20","136","-1","54035","-0.74"
"Jefferson","8","153","West Virginia","5/24/20","100","53","54037","53"
"Kanawha","1","212","West Virginia","5/24/20","207","5","54039","2.42"
"Lewis","0","5","West Virginia","5/24/20","5","0","54041","0"
"Lincoln","0","5","West Virginia","5/24/20","5","0","54043","0"
"Logan","0","16","West Virginia","5/24/20","15","1","54045","6.67"
"Marion","0","48","West Virginia","5/24/20","48","0","54049","0"
"Marshall","0","27","West Virginia","5/24/20","24","3","54051","12.5"
"Mason","0","16","West Virginia","5/24/20","15","1","54053","6.67"
"McDowell","0","6","West Virginia","5/24/20","6","0","54047","0"
"Mercer","0","13","West Virginia","5/24/20","12","1","54055","8.33"
"Mineral","1","38","West Virginia","5/24/20","28","10","54057","35.71"
"Mingo","0","5","West Virginia","5/24/20","4","1","54059","25"
"Monongalia","1","121","West Virginia","5/24/20","117","4","54061","3.42"
"Monroe","0","7","West Virginia","5/24/20","6","1","54063","16.67"
"Morgan","0","17","West Virginia","5/24/20","17","0","54065","0"
"Nicholas","0","10","West Virginia","5/24/20","9","1","54067","11.11"
"Ohio","0","38","West Virginia","5/24/20","38","0","54069","0"
"Pendleton","1","9","West Virginia","5/24/20","5","4","54071","80"
"Pleasants","0","4","West Virginia","5/24/20","2","2","54073","100"
"Pocahontas","2","24","West Virginia","5/24/20","8","16","54075","200"
"Preston","1","20","West Virginia","5/24/20","15","5","54077","33.33"
"Putnam","0","31","West Virginia","5/24/20","29","2","54079","6.9"
"Raleigh","1","15","West Virginia","5/24/20","10","5","54081","50"
"Randolph","4","36","West Virginia","5/24/20","7","29","54083","414.29"
"Ritchie","0","1","West Virginia","5/24/20","1","0","54085","0"
"Roane","0","8","West Virginia","5/24/20","9","-1","54087","-11.11"
"Summers","0","2","West Virginia","5/24/20","1","1","54089","100"
"Taylor","0","8","West Virginia","5/24/20","8","0","54091","0"
"Tucker","0","4","West Virginia","5/24/20","4","0","54093","0"
"Tyler","0","3","West Virginia","5/24/20","3","0","54095","0"
"Upshur","0","7","West Virginia","5/24/20","6","1","54097","16.67"
"Wayne","0","97","West Virginia","5/24/20","96","1","54099","1.04"
"Wetzel","0","8","West Virginia","5/24/20","7","1","54103","14.29"
"Wirt","0","4","West Virginia","5/24/20","3","1","54105","33.33"
"Wood","1","51","West Virginia","5/24/20","47","4","54107","8.51"
"Wyoming","0","3","West Virginia","5/24/20","2","1","54109","50"
"Adams","0","4","Wisconsin","5/24/20","4","0","55001","0"
"Ashland","0","2","Wisconsin","5/24/20","2","0","55003","0"
"Barron","0","12","Wisconsin","5/24/20","11","1","55005","9.09"
"Bayfield","0","3","Wisconsin","5/24/20","3","0","55007","0"
"Brown","21","2243","Wisconsin","5/24/20","2096","147","55009","7.01"
"Buffalo","0","5","Wisconsin","5/24/20","5","0","55011","0"
"Burnett","0","1","Wisconsin","5/24/20","1","0","55013","0"
"Calumet","2","69","Wisconsin","5/24/20","57","12","55015","21.05"
"Chippewa","1","49","Wisconsin","5/24/20","39","10","55017","25.64"
"Clark","0","28","Wisconsin","5/24/20","28","0","55019","0"
"Columbia","0","37","Wisconsin","5/24/20","36","1","55021","2.78"
"Crawford","0","25","Wisconsin","5/24/20","22","3","55023","13.64"
"Dane","8","596","Wisconsin","5/24/20","537","59","55025","10.99"
"Dodge","7","152","Wisconsin","5/24/20","105","47","55027","44.76"
"Door","1","37","Wisconsin","5/24/20","33","4","55029","12.12"
"Douglas","1","17","Wisconsin","5/24/20","12","5","55031","41.67"
"Dunn","0","22","Wisconsin","5/24/20","21","1","55033","4.76"
"Eau Claire","4","96","Wisconsin","5/24/20","66","30","55035","45.45"
"Florence","0","2","Wisconsin","5/24/20","2","0","55037","0"
"Fond du Lac","4","165","Wisconsin","5/24/20","139","26","55039","18.71"
"Forest","0","11","Wisconsin","5/24/20","9","2","55041","22.22"
"Grant","1","82","Wisconsin","5/24/20","72","10","55043","13.89"
"Green","1","53","Wisconsin","5/24/20","44","9","55045","20.45"
"Green Lake","0","14","Wisconsin","5/24/20","11","3","55047","27.27"
"Iowa","0","11","Wisconsin","5/24/20","11","0","55049","0"
"Iron","0","2","Wisconsin","5/24/20","2","0","55051","0"
"Jackson","0","15","Wisconsin","5/24/20","15","0","55053","0"
"Jefferson","3","80","Wisconsin","5/24/20","60","20","55055","33.33"
"Juneau","0","22","Wisconsin","5/24/20","21","1","55057","4.76"
"Kenosha","23","998","Wisconsin","5/24/20","838","160","55059","19.09"
"Kewaunee","0","33","Wisconsin","5/24/20","30","3","55061","10"
"La Crosse","0","47","Wisconsin","5/24/20","45","2","55063","4.44"
"Lafayette","1","20","Wisconsin","5/24/20","16","4","55065","25"
"Langlade","0","1","Wisconsin","5/24/20","0","1","55067","1"
"Lincoln","0","4","Wisconsin","5/24/20","3","1","55069","33.33"
"Manitowoc","1","29","Wisconsin","5/24/20","22","7","55071","31.82"
"Marathon","1","41","Wisconsin","5/24/20","33","8","55073","24.24"
"Marinette","1","31","Wisconsin","5/24/20","24","7","55075","29.17"
"Marquette","0","3","Wisconsin","5/24/20","3","0","55077","0"
"Menominee","0","3","Wisconsin","5/24/20","2","1","55078","50"
"Milwaukee","177","6185","Wisconsin","5/24/20","4945","1240","55079","25.08"
"Monroe","0","16","Wisconsin","5/24/20","15","1","55081","6.67"
"Oconto","1","34","Wisconsin","5/24/20","30","4","55083","13.33"
"Oneida","0","7","Wisconsin","5/24/20","7","0","55085","0"
"Outagamie","6","184","Wisconsin","5/24/20","139","45","55087","32.37"
"Ozaukee","2","137","Wisconsin","5/24/20","122","15","55089","12.3"
"Pepin","0","1","Wisconsin","5/24/20","1","0","55091","0"
"Pierce","3","42","Wisconsin","5/24/20","20","22","55093","110"
"Polk","1","16","Wisconsin","5/24/20","6","10","55095","166.67"
"Portage","0","10","Wisconsin","5/24/20","7","3","55097","42.86"
"Price","0","2","Wisconsin","5/24/20","1","1","55099","100"
"Racine","53","1387","Wisconsin","5/24/20","1017","370","55101","36.38"
"Richland","0","14","Wisconsin","5/24/20","14","0","55103","0"
"Rock","17","545","Wisconsin","5/24/20","429","116","55105","27.04"
"Rusk","0","4","Wisconsin","5/24/20","4","0","55107","0"
"Sauk","0","77","Wisconsin","5/24/20","77","0","55111","0"
"Sawyer","0","7","Wisconsin","5/24/20","4","3","55113","75"
"Shawano","1","38","Wisconsin","5/24/20","31","7","55115","22.58"
"Sheboygan","2","82","Wisconsin","5/24/20","69","13","55117","18.84"
"St. Croix","3","67","Wisconsin","5/24/20","44","23","55109","52.27"
"Taylor","0","1","Wisconsin","5/24/20","0","1","55119","1"
"Trempealeau","1","18","Wisconsin","5/24/20","10","8","55121","80"
"Vernon","1","16","Wisconsin","5/24/20","11","5","55123","45.45"
"Vilas","0","6","Wisconsin","5/24/20","4","2","55125","50"
"Walworth","10","348","Wisconsin","5/24/20","280","68","55127","24.29"
"Washburn","0","2","Wisconsin","5/24/20","1","1","55129","100"
"Washington","6","193","Wisconsin","5/24/20","148","45","55131","30.41"
"Waukesha","12","561","Wisconsin","5/24/20","476","85","55133","17.86"
"Waupaca","1","23","Wisconsin","5/24/20","17","6","55135","35.29"
"Waushara","0","8","Wisconsin","5/24/20","5","3","55137","60"
"Winnebago","7","172","Wisconsin","5/24/20","123","49","55139","39.84"
"Wood","0","9","Wisconsin","5/24/20","6","3","55141","50"
"Albany","1","17","Wyoming","5/24/20","9","8","56001","88.89"
"Big Horn","0","4","Wyoming","5/24/20","3","1","56003","33.33"
"Campbell","0","30","Wyoming","5/24/20","29","1","56005","3.45"
"Carbon","0","16","Wyoming","5/24/20","14","2","56007","14.29"
"Converse","0","24","Wyoming","5/24/20","23","1","56009","4.35"
"Crook","0","5","Wyoming","5/24/20","5","0","56011","0"
"Fremont","4","248","Wyoming","5/24/20","223","25","56013","11.21"
"Goshen","0","5","Wyoming","5/24/20","5","0","56015","0"
"Hot Springs","1","10","Wyoming","5/24/20","6","4","56017","66.67"
"Johnson","0","18","Wyoming","5/24/20","15","3","56019","20"
"Laramie","0","182","Wyoming","5/24/20","181","1","56021","0.55"
"Lincoln","0","15","Wyoming","5/24/20","14","1","56023","7.14"
"Natrona","2","71","Wyoming","5/24/20","56","15","56025","26.79"
"Niobrara","0","2","Wyoming","5/24/20","2","0","56027","0"
"Park","0","2","Wyoming","5/24/20","1","1","56029","100"
"Platte","0","1","Wyoming","5/24/20","0","1","56031","1"
"Sheridan","0","16","Wyoming","5/24/20","16","0","56033","0"
"Sublette","0","3","Wyoming","5/24/20","3","0","56035","0"
"Sweetwater","0","25","Wyoming","5/24/20","23","2","56037","8.7"
"Teton","0","100","Wyoming","5/24/20","100","0","56039","0"
"Uinta","0","12","Wyoming","5/24/20","10","2","56041","20"
"Washakie","2","32","Wyoming","5/24/20","16","16","56043","100"
