"Locality","DailyAvgNewCasesPast7Days","TotalCases","State","Date","TotalCases7DaysAgo","NewCasesPast7Days","FIPS-Code","PercentIncreaseTotalCasesPast7Days"
"Autauga","9","205","Alabama","5/28/20","143","62","01001","43.36"
"Baldwin","2","281","Alabama","5/28/20","269","12","01003","4.46"
"Barbour","5","132","Alabama","5/28/20","99","33","01005","33.33"
"Bibb","3","71","Alabama","5/28/20","52","19","01007","36.54"
"Blount","2","58","Alabama","5/28/20","47","11","01009","23.4"
"Bullock","17","183","Alabama","5/28/20","65","118","01011","181.54"
"Butler","11","392","Alabama","5/28/20","318","74","01013","23.27"
"Calhoun","2","152","Alabama","5/28/20","136","16","01015","11.76"
"Chambers","2","349","Alabama","5/28/20","332","17","01017","5.12"
"Cherokee","0","34","Alabama","5/28/20","31","3","01019","9.68"
"Chilton","2","97","Alabama","5/28/20","83","14","01021","16.87"
"Choctaw","2","148","Alabama","5/28/20","131","17","01023","12.98"
"Clarke","5","129","Alabama","5/28/20","91","38","01025","41.76"
"Clay","0","27","Alabama","5/28/20","27","0","01027","0"
"Cleburne","0","13","Alabama","5/28/20","13","0","01029","0"
"Coffee","6","224","Alabama","5/28/20","184","40","01031","21.74"
"Colbert","7","161","Alabama","5/28/20","111","50","01033","45.05"
"Conecuh","2","35","Alabama","5/28/20","22","13","01035","59.09"
"Coosa","0","35","Alabama","5/28/20","33","2","01037","6.06"
"Covington","2","77","Alabama","5/28/20","60","17","01039","28.33"
"Crenshaw","3","72","Alabama","5/28/20","52","20","01041","38.46"
"Cullman","3","96","Alabama","5/28/20","72","24","01043","33.33"
"Dale","3","99","Alabama","5/28/20","75","24","01045","32"
"Dallas","10","244","Alabama","5/28/20","173","71","01047","41.04"
"DeKalb","5","241","Alabama","5/28/20","207","34","01049","16.43"
"Elmore","11","313","Alabama","5/28/20","234","79","01051","33.76"
"Escambia","1","49","Alabama","5/28/20","39","10","01053","25.64"
"Etowah","3","244","Alabama","5/28/20","226","18","01055","7.96"
"Fayette","0","13","Alabama","5/28/20","10","3","01057","30"
"Franklin","15","514","Alabama","5/28/20","409","105","01059","25.67"
"Geneva","2","40","Alabama","5/28/20","27","13","01061","48.15"
"Greene","1","92","Alabama","5/28/20","87","5","01063","5.75"
"Hale","6","151","Alabama","5/28/20","110","41","01065","37.27"
"Henry","3","71","Alabama","5/28/20","48","23","01067","47.92"
"Houston","5","188","Alabama","5/28/20","150","38","01069","25.33"
"Jackson","1","75","Alabama","5/28/20","68","7","01071","10.29"
"Jefferson","37","1712","Alabama","5/28/20","1453","259","01073","17.83"
"Lamar","1","21","Alabama","5/28/20","16","5","01075","31.25"
"Lauderdale","5","153","Alabama","5/28/20","119","34","01077","28.57"
"Lawrence","1","46","Alabama","5/28/20","38","8","01079","21.05"
"Lee","10","533","Alabama","5/28/20","466","67","01081","14.38"
"Limestone","2","87","Alabama","5/28/20","70","17","01083","24.29"
"Lowndes","9","222","Alabama","5/28/20","158","64","01085","40.51"
"Macon","2","71","Alabama","5/28/20","59","12","01087","20.34"
"Madison","5","318","Alabama","5/28/20","285","33","01089","11.58"
"Marengo","5","155","Alabama","5/28/20","119","36","01091","30.25"
"Marion","2","119","Alabama","5/28/20","108","11","01093","10.19"
"Marshall","3","668","Alabama","5/28/20","644","24","01095","3.73"
"Mobile","36","2124","Alabama","5/28/20","1870","254","01097","13.58"
"Monroe","2","35","Alabama","5/28/20","22","13","01099","59.09"
"Montgomery","73","1541","Alabama","5/28/20","1028","513","01101","49.9"
"Morgan","13","231","Alabama","5/28/20","137","94","01103","68.61"
"Perry","1","35","Alabama","5/28/20","25","10","01105","40"
"Pickens","2","101","Alabama","5/28/20","86","15","01107","17.44"
"Pike","8","179","Alabama","5/28/20","124","55","01109","44.35"
"Randolph","1","125","Alabama","5/28/20","121","4","01111","3.31"
"Russell","6","159","Alabama","5/28/20","118","41","01113","34.75"
"Shelby","10","484","Alabama","5/28/20","417","67","01117","16.07"
"St. Clair","3","116","Alabama","5/28/20","97","19","01115","19.59"
"Sumter","6","213","Alabama","5/28/20","169","44","01119","26.04"
"Talladega","3","100","Alabama","5/28/20","82","18","01121","21.95"
"Tallapoosa","5","418","Alabama","5/28/20","384","34","01123","8.85"
"Tuscaloosa","33","678","Alabama","5/28/20","446","232","01125","52.02"
"Walker","19","299","Alabama","5/28/20","168","131","01127","77.98"
"Washington","0","66","Alabama","5/28/20","63","3","01129","4.76"
"Wilcox","4","134","Alabama","5/28/20","109","25","01131","22.94"
"Winston","4","82","Alabama","5/28/20","53","29","01133","54.72"
"Anchorage","1","211","Alaska","5/28/20","206","5","02020","2.43"
"Bethel","0","3","Alaska","5/28/20","2","1","02050","50"
"Fairbanks North Star","0","85","Alaska","5/28/20","85","0","02090","0"
"Juneau","0","32","Alaska","5/28/20","30","2","02110","6.67"
"Kenai Peninsula","1","34","Alaska","5/28/20","26","8","02122","30.77"
"Ketchikan Gateway","0","16","Alaska","5/28/20","16","0","02130","0"
"Kodiak Island","0","1","Alaska","5/28/20","1","0","02150","0"
"Matanuska-Susitna","0","24","Alaska","5/28/20","22","2","02170","9.09"
"Nome","0","3","Alaska","5/28/20","1","2","02180","200"
"North Slope","0","1","Alaska","5/28/20","0","1","02185","1"
"Northwest Arctic","0","2","Alaska","5/28/20","1","1","02188","100"
"Petersburg","0","4","Alaska","5/28/20","4","0","02195","0"
"Prince of Wales-Hyder","0","2","Alaska","5/28/20","2","0","02198","0"
"Sitka","0","2","Alaska","5/28/20","1","1","02220","100"
"Southeast Fairbanks","0","3","Alaska","5/28/20","3","0","02240","0"
"Yukon-Koyukuk","0","1","Alaska","5/28/20","1","0","02290","0"
"Apache","24","1290","Arizona","5/28/20","1121","169","04001","15.08"
"Cochise","2","67","Arizona","5/28/20","51","16","04003","31.37"
"Coconino","15","1078","Arizona","5/28/20","972","106","04005","10.91"
"Gila","0","25","Arizona","5/28/20","22","3","04007","13.64"
"Graham","1","26","Arizona","5/28/20","21","5","04009","23.81"
"Greenlee","0","4","Arizona","5/28/20","3","1","04011","33.33"
"La Paz","1","53","Arizona","5/28/20","45","8","04012","17.78"
"Maricopa","152","8896","Arizona","5/28/20","7835","1061","04013","13.54"
"Mohave","10","350","Arizona","5/28/20","277","73","04015","26.35"
"Navajo","37","1678","Arizona","5/28/20","1421","257","04017","18.09"
"Pima","32","2167","Arizona","5/28/20","1944","223","04019","11.47"
"Pinal","8","788","Arizona","5/28/20","732","56","04021","7.65"
"Santa Cruz","15","225","Arizona","5/28/20","123","102","04023","82.93"
"Yavapai","3","294","Arizona","5/28/20","273","21","04025","7.69"
"Yuma","61","936","Arizona","5/28/20","508","428","04027","84.25"
"Arkansas","0","3","Arkansas","5/28/20","2","1","05001","50"
"Ashley","0","19","Arkansas","5/28/20","19","0","05003","0"
"Baxter","0","9","Arkansas","5/28/20","6","3","05005","50"
"Benton","34","428","Arkansas","5/28/20","190","238","05007","125.26"
"Boone","0","6","Arkansas","5/28/20","5","1","05009","20"
"Bradley","0","18","Arkansas","5/28/20","15","3","05011","20"
"Carroll","2","24","Arkansas","5/28/20","8","16","05015","200"
"Chicot","0","15","Arkansas","5/28/20","12","3","05017","25"
"Clark","0","38","Arkansas","5/28/20","35","3","05019","8.57"
"Clay","0","4","Arkansas","5/28/20","4","0","05021","0"
"Cleburne","0","73","Arkansas","5/28/20","73","0","05023","0"
"Cleveland","0","18","Arkansas","5/28/20","17","1","05025","5.88"
"Columbia","0","20","Arkansas","5/28/20","20","0","05027","0"
"Conway","0","14","Arkansas","5/28/20","14","0","05029","0"
"Craighead","5","203","Arkansas","5/28/20","170","33","05031","19.41"
"Crawford","1","17","Arkansas","5/28/20","12","5","05033","41.67"
"Crittenden","7","318","Arkansas","5/28/20","267","51","05035","19.1"
"Cross","1","48","Arkansas","5/28/20","41","7","05037","17.07"
"Dallas","0","1","Arkansas","5/28/20","1","0","05039","0"
"Desha","0","19","Arkansas","5/28/20","18","1","05041","5.56"
"Drew","0","19","Arkansas","5/28/20","19","0","05043","0"
"Faulkner","0","101","Arkansas","5/28/20","98","3","05045","3.06"
"Franklin","0","4","Arkansas","5/28/20","2","2","05047","100"
"Fulton","0","7","Arkansas","5/28/20","4","3","05049","75"
"Garland","1","136","Arkansas","5/28/20","131","5","05051","3.82"
"Grant","0","18","Arkansas","5/28/20","16","2","05053","12.5"
"Greene","4","60","Arkansas","5/28/20","34","26","05055","76.47"
"Hempstead","0","14","Arkansas","5/28/20","12","2","05057","16.67"
"Hot Spring","0","31","Arkansas","5/28/20","29","2","05059","6.9"
"Howard","1","18","Arkansas","5/28/20","14","4","05061","28.57"
"Independence","0","29","Arkansas","5/28/20","27","2","05063","7.41"
"Izard","0","16","Arkansas","5/28/20","14","2","05065","14.29"
"Jackson","0","1","Arkansas","5/28/20","1","0","05067","0"
"Jefferson","2","515","Arkansas","5/28/20","500","15","05069","3"
"Johnson","1","40","Arkansas","5/28/20","36","4","05071","11.11"
"Lafayette","0","9","Arkansas","5/28/20","9","0","05073","0"
"Lawrence","0","82","Arkansas","5/28/20","79","3","05075","3.8"
"Lee","1","18","Arkansas","5/28/20","13","5","05077","38.46"
"Lincoln","1","975","Arkansas","5/28/20","966","9","05079","0.93"
"Little River","1","6","Arkansas","5/28/20","1","5","05081","500"
"Logan","0","4","Arkansas","5/28/20","4","0","05083","0"
"Lonoke","0","46","Arkansas","5/28/20","46","0","05085","0"
"Madison","1","6","Arkansas","5/28/20","2","4","05087","200"
"Marion","0","1","Arkansas","5/28/20","1","0","05089","0"
"Miller","0","42","Arkansas","5/28/20","42","0","05091","0"
"Mississippi","1","73","Arkansas","5/28/20","69","4","05093","5.8"
"Monroe","0","5","Arkansas","5/28/20","5","0","05095","0"
"Montgomery","0","2","Arkansas","5/28/20","1","1","05097","100"
"Nevada","0","5","Arkansas","5/28/20","4","1","05099","25"
"Newton","0","3","Arkansas","5/28/20","3","0","05101","0"
"Ouachita","0","10","Arkansas","5/28/20","10","0","05103","0"
"Perry","0","14","Arkansas","5/28/20","12","2","05105","16.67"
"Phillips","1","12","Arkansas","5/28/20","6","6","05107","100"
"Pike","0","5","Arkansas","5/28/20","4","1","05109","25"
"Poinsett","0","31","Arkansas","5/28/20","30","1","05111","3.33"
"Polk","0","12","Arkansas","5/28/20","9","3","05113","33.33"
"Pope","5","129","Arkansas","5/28/20","92","37","05115","40.22"
"Prairie","0","2","Arkansas","5/28/20","2","0","05117","0"
"Pulaski","13","830","Arkansas","5/28/20","740","90","05119","12.16"
"Randolph","0","26","Arkansas","5/28/20","24","2","05121","8.33"
"Saline","4","108","Arkansas","5/28/20","83","25","05125","30.12"
"Scott","0","1","Arkansas","5/28/20","1","0","05127","0"
"Searcy","0","7","Arkansas","5/28/20","6","1","05129","16.67"
"Sebastian","1","24","Arkansas","5/28/20","18","6","05131","33.33"
"Sevier","12","131","Arkansas","5/28/20","50","81","05133","162"
"Sharp","0","45","Arkansas","5/28/20","42","3","05135","7.14"
"St. Francis","9","660","Arkansas","5/28/20","600","60","05123","10"
"Stone","0","8","Arkansas","5/28/20","8","0","05137","0"
"Union","3","164","Arkansas","5/28/20","140","24","05139","17.14"
"Van Buren","0","28","Arkansas","5/28/20","28","0","05141","0"
"Washington","25","352","Arkansas","5/28/20","180","172","05143","95.56"
"White","1","43","Arkansas","5/28/20","37","6","05145","16.22"
"Woodruff","0","2","Arkansas","5/28/20","1","1","05147","100"
"Yell","6","114","Arkansas","5/28/20","73","41","05149","56.16"
"Alameda","70","3097","California","5/28/20","2609","488","06001","18.7"
"Alpine","0","2","California","5/28/20","2","0","06003","0"
"Amador","0","10","California","5/28/20","10","0","06005","0"
"Butte","1","40","California","5/28/20","31","9","06007","29.03"
"Calaveras","0","15","California","5/28/20","13","2","06009","15.38"
"Colusa","0","5","California","5/28/20","4","1","06011","25"
"Contra Costa","21","1384","California","5/28/20","1234","150","06013","12.16"
"Del Norte","4","44","California","5/28/20","15","29","06015","193.33"
"El Dorado","2","84","California","5/28/20","67","17","06017","25.37"
"Fresno","46","1658","California","5/28/20","1338","320","06019","23.92"
"Glenn","0","14","California","5/28/20","12","2","06021","16.67"
"Humboldt","1","98","California","5/28/20","88","10","06023","11.36"
"Imperial","52","1443","California","5/28/20","1076","367","06025","34.11"
"Inyo","0","19","California","5/28/20","19","0","06027","0"
"Kern","52","2007","California","5/28/20","1644","363","06029","22.08"
"Kings","35","704","California","5/28/20","457","247","06031","54.05"
"Lake","2","23","California","5/28/20","12","11","06033","91.67"
"Lassen","1","5","California","5/28/20","0","5","06035","1"
"Los Angeles","1118","49860","California","5/28/20","42037","7823","06037","18.61"
"Madera","2","94","California","5/28/20","82","12","06039","14.63"
"Marin","13","436","California","5/28/20","343","93","06041","27.11"
"Mariposa","0","16","California","5/28/20","15","1","06043","6.67"
"Mendocino","1","25","California","5/28/20","15","10","06045","66.67"
"Merced","7","280","California","5/28/20","234","46","06047","19.66"
"Mono","0","35","California","5/28/20","34","1","06051","2.94"
"Monterey","16","469","California","5/28/20","355","114","06053","32.11"
"Napa","2","111","California","5/28/20","95","16","06055","16.84"
"Nevada","0","41","California","5/28/20","41","0","06057","0"
"Orange","129","5744","California","5/28/20","4841","903","06059","18.65"
"Placer","3","196","California","5/28/20","176","20","06061","11.36"
"Plumas","0","4","California","5/28/20","4","0","06063","0"
"Riverside","143","7341","California","5/28/20","6343","998","06065","15.73"
"Sacramento","12","1349","California","5/28/20","1266","83","06067","6.56"
"San Benito","3","85","California","5/28/20","64","21","06069","32.81"
"San Bernardino","133","4914","California","5/28/20","3984","930","06071","23.34"
"San Diego","137","7100","California","5/28/20","6140","960","06073","15.64"
"San Francisco","34","2437","California","5/28/20","2198","239","06075","10.87"
"San Joaquin","16","842","California","5/28/20","733","109","06077","14.87"
"San Luis Obispo","2","268","California","5/28/20","251","17","06079","6.77"
"San Mateo","41","2022","California","5/28/20","1738","284","06081","16.34"
"Santa Barbara","17","1636","California","5/28/20","1520","116","06083","7.63"
"Santa Clara","30","2701","California","5/28/20","2492","209","06085","8.39"
"Santa Cruz","5","206","California","5/28/20","174","32","06087","18.39"
"Shasta","0","37","California","5/28/20","34","3","06089","8.82"
"Sierra","0","1","California","5/28/20","0","1","06091","1"
"Siskiyou","0","6","California","5/28/20","6","0","06093","0"
"Solano","11","509","California","5/28/20","435","74","06095","17.01"
"Sonoma","14","530","California","5/28/20","433","97","06097","22.4"
"Stanislaus","12","683","California","5/28/20","598","85","06099","14.21"
"Sutter","0","42","California","5/28/20","40","2","06101","5"
"Tehama","0","4","California","5/28/20","2","2","06103","100"
"Trinity","0","1","California","5/28/20","1","0","06105","0"
"Tulare","33","1835","California","5/28/20","1603","232","06107","14.47"
"Tuolumne","0","4","California","5/28/20","2","2","06109","100"
"Ventura","29","1062","California","5/28/20","858","204","06111","23.78"
"Yolo","3","207","California","5/28/20","185","22","06113","11.89"
"Yuba","0","28","California","5/28/20","28","0","06115","0"
"Adams","44","3070","Colorado","5/28/20","2759","311","08001","11.27"
"Alamosa","1","60","Colorado","5/28/20","51","9","08003","17.65"
"Arapahoe","37","4201","Colorado","5/28/20","3943","258","08005","6.54"
"Archuleta","0","8","Colorado","5/28/20","8","0","08007","0"
"Baca","0","12","Colorado","5/28/20","12","0","08009","0"
"Bent","0","2","Colorado","5/28/20","1","1","08011","100"
"Boulder","9","956","Colorado","5/28/20","890","66","08013","7.42"
"Broomfield","1","227","Colorado","5/28/20","218","9","08014","4.13"
"Chaffee","0","72","Colorado","5/28/20","69","3","08015","4.35"
"Cheyenne","0","5","Colorado","5/28/20","5","0","08017","0"
"Clear Creek","0","16","Colorado","5/28/20","16","0","08019","0"
"Conejos","0","1","Colorado","5/28/20","1","0","08021","0"
"Costilla","0","5","Colorado","5/28/20","3","2","08023","66.67"
"Crowley","3","63","Colorado","5/28/20","43","20","08025","46.51"
"Custer","0","2","Colorado","5/28/20","2","0","08027","0"
"Delta","1","67","Colorado","5/28/20","57","10","08029","17.54"
"Denver","69","5434","Colorado","5/28/20","4948","486","08031","9.82"
"Douglas","5","699","Colorado","5/28/20","663","36","08035","5.43"
"Eagle","1","584","Colorado","5/28/20","577","7","08037","1.21"
"El Paso","30","1636","Colorado","5/28/20","1428","208","08041","14.57"
"Elbert","0","51","Colorado","5/28/20","48","3","08039","6.25"
"Fremont","0","26","Colorado","5/28/20","26","0","08043","0"
"Garfield","3","135","Colorado","5/28/20","114","21","08045","18.42"
"Gilpin","0","3","Colorado","5/28/20","3","0","08047","0"
"Grand","1","10","Colorado","5/28/20","5","5","08049","100"
"Gunnison","0","177","Colorado","5/28/20","177","0","08051","0"
"Hinsdale","0","3","Colorado","5/28/20","3","0","08053","0"
"Huerfano","0","3","Colorado","5/28/20","3","0","08055","0"
"Jefferson","21","2123","Colorado","5/28/20","1974","149","08059","7.55"
"Kit Carson","0","26","Colorado","5/28/20","26","0","08063","0"
"La Plata","-1","77","Colorado","5/28/20","83","-6","08067","-7.23"
"Lake","0","27","Colorado","5/28/20","27","0","08065","0"
"Larimer","7","567","Colorado","5/28/20","517","50","08069","9.67"
"Las Animas","0","5","Colorado","5/28/20","4","1","08071","25"
"Lincoln","0","3","Colorado","5/28/20","3","0","08073","0"
"Logan","14","585","Colorado","5/28/20","490","95","08075","19.39"
"Mesa","0","53","Colorado","5/28/20","50","3","08077","6"
"Mineral","0","2","Colorado","5/28/20","2","0","08079","0"
"Moffat","0","7","Colorado","5/28/20","6","1","08081","16.67"
"Montezuma","1","37","Colorado","5/28/20","30","7","08083","23.33"
"Montrose","2","163","Colorado","5/28/20","147","16","08085","10.88"
"Morgan","5","620","Colorado","5/28/20","586","34","08087","5.8"
"Otero","1","18","Colorado","5/28/20","14","4","08089","28.57"
"Ouray","0","8","Colorado","5/28/20","7","1","08091","14.29"
"Park","0","23","Colorado","5/28/20","21","2","08093","9.52"
"Phillips","0","12","Colorado","5/28/20","10","2","08095","20"
"Pitkin","0","57","Colorado","5/28/20","57","0","08097","0"
"Prowers","0","13","Colorado","5/28/20","11","2","08099","18.18"
"Pueblo","7","278","Colorado","5/28/20","230","48","08101","20.87"
"Rio Blanco","0","1","Colorado","5/28/20","1","0","08103","0"
"Rio Grande","0","14","Colorado","5/28/20","14","0","08105","0"
"Routt","0","61","Colorado","5/28/20","59","2","08107","3.39"
"Saguache","2","33","Colorado","5/28/20","20","13","08109","65"
"San Juan","0","1","Colorado","5/28/20","2","-1","08111","-50"
"San Miguel","0","23","Colorado","5/28/20","23","0","08113","0"
"Summit","3","213","Colorado","5/28/20","195","18","08117","9.23"
"Teller","0","32","Colorado","5/28/20","33","-1","08119","-3.03"
"Washington","3","33","Colorado","5/28/20","15","18","08121","120"
"Weld","12","2444","Colorado","5/28/20","2358","86","08123","3.65"
"Yuma","1","20","Colorado","5/28/20","12","8","08125","66.67"
"Fairfield","86","15353","Connecticut","5/28/20","14751","602","09001","4.08"
"Hartford","111","10078","Connecticut","5/28/20","9299","779","09003","8.38"
"Litchfield","9","1366","Connecticut","5/28/20","1303","63","09005","4.83"
"Middlesex","16","1082","Connecticut","5/28/20","972","110","09007","11.32"
"New Haven","76","11198","Connecticut","5/28/20","10663","535","09009","5.02"
"New London","23","1067","Connecticut","5/28/20","903","164","09011","18.16"
"Tolland","5","822","Connecticut","5/28/20","787","35","09013","4.45"
"Windham","6","375","Connecticut","5/28/20","336","39","09015","11.61"
"Kent","16","1392","Delaware","5/28/20","1281","111","10001","8.67"
"New Castle","75","3575","Delaware","5/28/20","3053","522","10003","17.1"
"Sussex","21","4151","Delaware","5/28/20","4006","145","10005","3.62"
"","0","49","Diamond Princess","5/28/20","49","0",,"0"
"District of Columbia","101","8492","District of Columbia","5/28/20","7788","704","11001","9.04"
"Alachua","4","372","Florida","5/28/20","346","26","12001","7.51"
"Baker","0","28","Florida","5/28/20","26","2","12003","7.69"
"Bay","1","97","Florida","5/28/20","87","10","12005","11.49"
"Bradford","0","51","Florida","5/28/20","50","1","12007","2"
"Brevard","4","401","Florida","5/28/20","376","25","12009","6.65"
"Broward","51","6870","Florida","5/28/20","6514","356","12011","5.47"
"Calhoun","2","52","Florida","5/28/20","41","11","12013","26.83"
"Charlotte","4","438","Florida","5/28/20","410","28","12015","6.83"
"Citrus","1","119","Florida","5/28/20","115","4","12017","3.48"
"Clay","3","369","Florida","5/28/20","351","18","12019","5.13"
"Collier","41","1401","Florida","5/28/20","1112","289","12021","25.99"
"Columbia","2","136","Florida","5/28/20","119","17","12023","14.29"
"DeSoto","5","132","Florida","5/28/20","94","38","12027","40.43"
"Dixie","2","46","Florida","5/28/20","31","15","12029","48.39"
"Duval","24","1523","Florida","5/28/20","1355","168","12031","12.4"
"Escambia","7","784","Florida","5/28/20","734","50","12033","6.81"
"Flagler","1","179","Florida","5/28/20","172","7","12035","4.07"
"Franklin","0","2","Florida","5/28/20","2","0","12037","0"
"Gadsden","3","268","Florida","5/28/20","249","19","12039","7.63"
"Gilchrist","1","12","Florida","5/28/20","8","4","12041","50"
"Glades","1","24","Florida","5/28/20","19","5","12043","26.32"
"Gulf","0","1","Florida","5/28/20","1","0","12045","0"
"Hamilton","8","209","Florida","5/28/20","156","53","12047","33.97"
"Hardee","5","88","Florida","5/28/20","54","34","12049","62.96"
"Hendry","16","354","Florida","5/28/20","240","114","12051","47.5"
"Hernando","1","113","Florida","5/28/20","108","5","12053","4.63"
"Highlands","1","119","Florida","5/28/20","110","9","12055","8.18"
"Hillsborough","36","2019","Florida","5/28/20","1767","252","12057","14.26"
"Holmes","1","18","Florida","5/28/20","14","4","12059","28.57"
"Indian River","1","120","Florida","5/28/20","110","10","12061","9.09"
"Jackson","10","241","Florida","5/28/20","173","68","12063","39.31"
"Jefferson","0","29","Florida","5/28/20","30","-1","12065","-3.33"
"Lafayette","0","8","Florida","5/28/20","6","2","12067","33.33"
"Lake","2","280","Florida","5/28/20","264","16","12069","6.06"
"Lee","31","1802","Florida","5/28/20","1585","217","12071","13.69"
"Leon","8","379","Florida","5/28/20","320","59","12073","18.44"
"Levy","0","30","Florida","5/28/20","27","3","12075","11.11"
"Liberty","1","209","Florida","5/28/20","199","10","12077","5.03"
"Madison","0","69","Florida","5/28/20","67","2","12079","2.99"
"Manatee","11","1007","Florida","5/28/20","933","74","12081","7.93"
"Marion","1","241","Florida","5/28/20","233","8","12083","3.43"
"Martin","12","557","Florida","5/28/20","472","85","12085","18.01"
"Miami-Dade","147","17396","Florida","5/28/20","16367","1029","12086","6.29"
"Monroe","1","107","Florida","5/28/20","100","7","12087","7"
"Nassau","1","74","Florida","5/28/20","69","5","12089","7.25"
"Okaloosa","2","199","Florida","5/28/20","184","15","12091","8.15"
"Okeechobee","2","68","Florida","5/28/20","51","17","12093","33.33"
"Orange","25","1902","Florida","5/28/20","1726","176","12095","10.2"
"Osceola","5","674","Florida","5/28/20","640","34","12097","5.31"
"Palm Beach","82","5541","Florida","5/28/20","4968","573","12099","11.53"
"Pasco","6","375","Florida","5/28/20","335","40","12101","11.94"
"Pinellas","16","1218","Florida","5/28/20","1109","109","12103","9.83"
"Polk","17","939","Florida","5/28/20","822","117","12105","14.23"
"Putnam","2","149","Florida","5/28/20","136","13","12107","9.56"
"Santa Rosa","6","237","Florida","5/28/20","198","39","12113","19.7"
"Sarasota","9","611","Florida","5/28/20","550","61","12115","11.09"
"Seminole","4","474","Florida","5/28/20","445","29","12117","6.52"
"St. Johns","2","247","Florida","5/28/20","235","12","12109","5.11"
"St. Lucie","11","424","Florida","5/28/20","349","75","12111","21.49"
"Sumter","0","253","Florida","5/28/20","254","-1","12119","-0.39"
"Suwannee","1","166","Florida","5/28/20","161","5","12121","3.11"
"Taylor","1","16","Florida","5/28/20","8","8","12123","100"
"Union","0","31","Florida","5/28/20","28","3","12125","10.71"
"Volusia","11","709","Florida","5/28/20","630","79","12127","12.54"
"Wakulla","0","32","Florida","5/28/20","32","0","12129","0"
"Walton","2","109","Florida","5/28/20","97","12","12131","12.37"
"Washington","5","51","Florida","5/28/20","19","32","12133","168.42"
"Appling","4","148","Georgia","5/28/20","118","30","13001","25.42"
"Atkinson","2","41","Georgia","5/28/20","26","15","13003","57.69"
"Bacon","3","91","Georgia","5/28/20","73","18","13005","24.66"
"Baker","0","34","Georgia","5/28/20","32","2","13007","6.25"
"Baldwin","6","342","Georgia","5/28/20","299","43","13009","14.38"
"Banks","3","92","Georgia","5/28/20","68","24","13011","35.29"
"Barrow","6","321","Georgia","5/28/20","276","45","13013","16.3"
"Bartow","6","469","Georgia","5/28/20","424","45","13015","10.61"
"Ben Hill","3","71","Georgia","5/28/20","53","18","13017","33.96"
"Berrien","2","42","Georgia","5/28/20","30","12","13019","40"
"Bibb","4","444","Georgia","5/28/20","416","28","13021","6.73"
"Bleckley","2","45","Georgia","5/28/20","34","11","13023","32.35"
"Brantley","1","51","Georgia","5/28/20","46","5","13025","10.87"
"Brooks","0","69","Georgia","5/28/20","66","3","13027","4.55"
"Bryan","1","74","Georgia","5/28/20","67","7","13029","10.45"
"Bulloch","2","60","Georgia","5/28/20","48","12","13031","25"
"Burke","0","121","Georgia","5/28/20","120","1","13033","0.83"
"Butts","3","223","Georgia","5/28/20","205","18","13035","8.78"
"Calhoun","1","130","Georgia","5/28/20","121","9","13037","7.44"
"Camden","1","62","Georgia","5/28/20","53","9","13039","16.98"
"Candler","0","13","Georgia","5/28/20","12","1","13043","8.33"
"Carroll","11","516","Georgia","5/28/20","437","79","13045","18.08"
"Catoosa","6","119","Georgia","5/28/20","79","40","13047","50.63"
"Charlton","1","33","Georgia","5/28/20","28","5","13049","17.86"
"Chatham","10","477","Georgia","5/28/20","406","71","13051","17.49"
"Chattahoochee","2","33","Georgia","5/28/20","19","14","13053","73.68"
"Chattooga","1","24","Georgia","5/28/20","20","4","13055","20"
"Cherokee","14","869","Georgia","5/28/20","769","100","13057","13"
"Clarke","9","270","Georgia","5/28/20","208","62","13059","29.81"
"Clay","1","37","Georgia","5/28/20","32","5","13061","15.62"
"Clayton","22","1204","Georgia","5/28/20","1047","157","13063","15"
"Clinch","2","58","Georgia","5/28/20","46","12","13065","26.09"
"Cobb","46","2948","Georgia","5/28/20","2625","323","13067","12.3"
"Coffee","6","261","Georgia","5/28/20","218","43","13069","19.72"
"Colquitt","28","461","Georgia","5/28/20","267","194","13071","72.66"
"Columbia","3","243","Georgia","5/28/20","224","19","13073","8.48"
"Cook","1","48","Georgia","5/28/20","40","8","13075","20"
"Coweta","14","403","Georgia","5/28/20","303","100","13077","33"
"Crawford","1","28","Georgia","5/28/20","23","5","13079","21.74"
"Crisp","3","228","Georgia","5/28/20","204","24","13081","11.76"
"Dade","1","28","Georgia","5/28/20","21","7","13083","33.33"
"Dawson","1","108","Georgia","5/28/20","99","9","13085","9.09"
"Decatur","5","181","Georgia","5/28/20","144","37","13087","25.69"
"DeKalb","85","3635","Georgia","5/28/20","3038","597","13089","19.65"
"Dodge","1","51","Georgia","5/28/20","47","4","13091","8.51"
"Dooly","2","177","Georgia","5/28/20","164","13","13093","7.93"
"Dougherty","7","1764","Georgia","5/28/20","1716","48","13095","2.8"
"Douglas","10","528","Georgia","5/28/20","455","73","13097","16.04"
"Early","0","238","Georgia","5/28/20","235","3","13099","1.28"
"Echols","7","104","Georgia","5/28/20","54","50","13101","92.59"
"Effingham","4","75","Georgia","5/28/20","50","25","13103","50"
"Elbert","1","73","Georgia","5/28/20","69","4","13105","5.8"
"Emanuel","0","27","Georgia","5/28/20","26","1","13107","3.85"
"Evans","0","5","Georgia","5/28/20","5","0","13109","0"
"Fannin","0","41","Georgia","5/28/20","39","2","13111","5.13"
"Fayette","3","231","Georgia","5/28/20","212","19","13113","8.96"
"Floyd","6","258","Georgia","5/28/20","218","40","13115","18.35"
"Forsyth","9","507","Georgia","5/28/20","443","64","13117","14.45"
"Franklin","1","45","Georgia","5/28/20","35","10","13119","28.57"
"Fulton","71","4367","Georgia","5/28/20","3872","495","13121","12.78"
"Gilmer","4","148","Georgia","5/28/20","123","25","13123","20.33"
"Glascock","0","1","Georgia","5/28/20","1","0","13125","0"
"Glynn","4","112","Georgia","5/28/20","83","29","13127","34.94"
"Gordon","2","148","Georgia","5/28/20","135","13","13129","9.63"
"Grady","0","93","Georgia","5/28/20","92","1","13131","1.09"
"Greene","1","67","Georgia","5/28/20","62","5","13133","8.06"
"Gwinnett","105","3619","Georgia","5/28/20","2882","737","13135","25.57"
"Habersham","6","514","Georgia","5/28/20","473","41","13137","8.67"
"Hall","29","2450","Georgia","5/28/20","2248","202","13139","8.99"
"Hancock","4","194","Georgia","5/28/20","167","27","13141","16.17"
"Haralson","1","42","Georgia","5/28/20","36","6","13143","16.67"
"Harris","2","89","Georgia","5/28/20","78","11","13145","14.1"
"Hart","0","28","Georgia","5/28/20","26","2","13147","7.69"
"Heard","1","32","Georgia","5/28/20","24","8","13149","33.33"
"Henry","7","672","Georgia","5/28/20","623","49","13151","7.87"
"Houston","4","363","Georgia","5/28/20","335","28","13153","8.36"
"Irwin","0","25","Georgia","5/28/20","23","2","13155","8.7"
"Jackson","5","175","Georgia","5/28/20","139","36","13157","25.9"
"Jasper","1","32","Georgia","5/28/20","26","6","13159","23.08"
"Jeff Davis","1","38","Georgia","5/28/20","29","9","13161","31.03"
"Jefferson","1","33","Georgia","5/28/20","26","7","13163","26.92"
"Jenkins","0","19","Georgia","5/28/20","17","2","13165","11.76"
"Johnson","1","82","Georgia","5/28/20","78","4","13167","5.13"
"Jones","0","35","Georgia","5/28/20","32","3","13169","9.38"
"Lamar","3","66","Georgia","5/28/20","46","20","13171","43.48"
"Lanier","1","20","Georgia","5/28/20","12","8","13173","66.67"
"Laurens","1","104","Georgia","5/28/20","95","9","13175","9.47"
"Lee","3","361","Georgia","5/28/20","340","21","13177","6.18"
"Liberty","2","72","Georgia","5/28/20","60","12","13179","20"
"Lincoln","0","16","Georgia","5/28/20","15","1","13181","6.67"
"Long","0","15","Georgia","5/28/20","12","3","13183","25"
"Lowndes","8","283","Georgia","5/28/20","229","54","13185","23.58"
"Lumpkin","1","95","Georgia","5/28/20","88","7","13187","7.95"
"Macon","1","99","Georgia","5/28/20","94","5","13193","5.32"
"Madison","2","49","Georgia","5/28/20","32","17","13195","53.12"
"Marion","1","53","Georgia","5/28/20","48","5","13197","10.42"
"McDuffie","1","67","Georgia","5/28/20","60","7","13189","11.67"
"McIntosh","1","16","Georgia","5/28/20","11","5","13191","45.45"
"Meriwether","1","82","Georgia","5/28/20","76","6","13199","7.89"
"Miller","1","41","Georgia","5/28/20","37","4","13201","10.81"
"Mitchell","1","409","Georgia","5/28/20","399","10","13205","2.51"
"Monroe","1","119","Georgia","5/28/20","113","6","13207","5.31"
"Montgomery","0","9","Georgia","5/28/20","8","1","13209","12.5"
"Morgan","0","37","Georgia","5/28/20","34","3","13211","8.82"
"Murray","2","85","Georgia","5/28/20","69","16","13213","23.19"
"Muscogee","15","593","Georgia","5/28/20","487","106","13215","21.77"
"Newton","9","344","Georgia","5/28/20","280","64","13217","22.86"
"Oconee","1","111","Georgia","5/28/20","103","8","13219","7.77"
"Oglethorpe","0","58","Georgia","5/28/20","56","2","13221","3.57"
"Out of GA","30","1903","Georgia","5/28/20","1694","209","80013","12.34"
"Paulding","6","309","Georgia","5/28/20","264","45","13223","17.05"
"Peach","0","70","Georgia","5/28/20","69","1","13225","1.45"
"Pickens","1","45","Georgia","5/28/20","40","5","13227","12.5"
"Pierce","2","97","Georgia","5/28/20","85","12","13229","14.12"
"Pike","1","54","Georgia","5/28/20","45","9","13231","20"
"Polk","4","113","Georgia","5/28/20","87","26","13233","29.89"
"Pulaski","0","40","Georgia","5/28/20","38","2","13235","5.26"
"Putnam","0","88","Georgia","5/28/20","86","2","13237","2.33"
"Quitman","1","12","Georgia","5/28/20","8","4","13239","50"
"Rabun","1","19","Georgia","5/28/20","15","4","13241","26.67"
"Randolph","1","177","Georgia","5/28/20","170","7","13243","4.12"
"Richmond","8","576","Georgia","5/28/20","522","54","13245","10.34"
"Rockdale","3","278","Georgia","5/28/20","254","24","13247","9.45"
"Schley","0","16","Georgia","5/28/20","16","0","13249","0"
"Screven","4","50","Georgia","5/28/20","22","28","13251","127.27"
"Seminole","0","44","Georgia","5/28/20","42","2","13253","4.76"
"Spalding","3","267","Georgia","5/28/20","246","21","13255","8.54"
"Stephens","2","136","Georgia","5/28/20","121","15","13257","12.4"
"Stewart","2","51","Georgia","5/28/20","40","11","13259","27.5"
"Sumter","5","466","Georgia","5/28/20","432","34","13261","7.87"
"Talbot","1","38","Georgia","5/28/20","32","6","13263","18.75"
"Taliaferro","0","1","Georgia","5/28/20","1","0","13265","0"
"Tattnall","1","20","Georgia","5/28/20","13","7","13267","53.85"
"Taylor","0","22","Georgia","5/28/20","21","1","13269","4.76"
"Telfair","1","36","Georgia","5/28/20","30","6","13271","20"
"Terrell","1","213","Georgia","5/28/20","204","9","13273","4.41"
"Thomas","3","324","Georgia","5/28/20","304","20","13275","6.58"
"Tift","6","247","Georgia","5/28/20","204","43","13277","21.08"
"Toombs","1","55","Georgia","5/28/20","48","7","13279","14.58"
"Towns","0","23","Georgia","5/28/20","22","1","13281","4.55"
"Treutlen","0","8","Georgia","5/28/20","8","0","13283","0"
"Troup","8","283","Georgia","5/28/20","227","56","13285","24.67"
"Turner","3","114","Georgia","5/28/20","90","24","13287","26.67"
"Twiggs","1","15","Georgia","5/28/20","11","4","13289","36.36"
"Union","1","43","Georgia","5/28/20","39","4","13291","10.26"
"Upson","1","280","Georgia","5/28/20","271","9","13293","3.32"
"Walker","4","112","Georgia","5/28/20","84","28","13295","33.33"
"Walton","9","246","Georgia","5/28/20","186","60","13297","32.26"
"Ware","5","225","Georgia","5/28/20","191","34","13299","17.8"
"Warren","0","18","Georgia","5/28/20","17","1","13301","5.88"
"Washington","0","74","Georgia","5/28/20","72","2","13303","2.78"
"Wayne","0","18","Georgia","5/28/20","15","3","13305","20"
"Webster","0","11","Georgia","5/28/20","11","0","13307","0"
"Wheeler","1","13","Georgia","5/28/20","9","4","13309","44.44"
"White","1","99","Georgia","5/28/20","91","8","13311","8.79"
"Whitfield","15","322","Georgia","5/28/20","220","102","13313","46.36"
"Wilcox","1","106","Georgia","5/28/20","98","8","13315","8.16"
"Wilkes","0","33","Georgia","5/28/20","30","3","13317","10"
"Wilkinson","1","68","Georgia","5/28/20","61","7","13319","11.48"
"Worth","0","208","Georgia","5/28/20","207","1","13321","0.48"
"","0","103","Grand Princess","5/28/20","103","0",,"0"
"","1","171","Guam","5/28/20","165","6",,"3.64"
"Hawaii","0","82","Hawaii","5/28/20","82","0","15001","0"
"Honolulu","0","417","Hawaii","5/28/20","416","1","15003","0.24"
"Kauai","0","20","Hawaii","5/28/20","21","-1","15007","-4.76"
"Maui","0","118","Hawaii","5/28/20","118","0","15009","0"
"Out of HI","0","10","Hawaii","5/28/20","10","0","80015","0"
"Ada","2","803","Idaho","5/28/20","792","11","16001","1.39"
"Adams","0","3","Idaho","5/28/20","3","0","16003","0"
"Bannock","1","24","Idaho","5/28/20","16","8","16005","50"
"Benewah","1","9","Idaho","5/28/20","0","9","16009","1"
"Bingham","0","6","Idaho","5/28/20","6","0","16011","0"
"Blaine","0","512","Idaho","5/28/20","509","3","16013","0.59"
"Bonner","0","4","Idaho","5/28/20","4","0","16017","0"
"Bonneville","1","37","Idaho","5/28/20","32","5","16019","15.62"
"Camas","0","1","Idaho","5/28/20","1","0","16025","0"
"Canyon","2","294","Idaho","5/28/20","280","14","16027","5"
"Caribou","0","1","Idaho","5/28/20","1","0","16029","0"
"Cassia","5","56","Idaho","5/28/20","20","36","16031","180"
"Custer","0","2","Idaho","5/28/20","2","0","16037","0"
"Elmore","0","31","Idaho","5/28/20","31","0","16039","0"
"Fremont","0","3","Idaho","5/28/20","3","0","16043","0"
"Gem","0","17","Idaho","5/28/20","16","1","16045","6.25"
"Gooding","2","46","Idaho","5/28/20","29","17","16047","58.62"
"Idaho","0","3","Idaho","5/28/20","3","0","16049","0"
"Jefferson","0","7","Idaho","5/28/20","7","0","16051","0"
"Jerome","7","161","Idaho","5/28/20","110","51","16053","46.36"
"Kootenai","0","67","Idaho","5/28/20","66","1","16055","1.52"
"Latah","0","7","Idaho","5/28/20","6","1","16057","16.67"
"Lemhi","0","1","Idaho","5/28/20","1","0","16059","0"
"Lincoln","1","33","Idaho","5/28/20","29","4","16063","13.79"
"Madison","0","21","Idaho","5/28/20","20","1","16065","5"
"Minidoka","4","45","Idaho","5/28/20","20","25","16067","125"
"Nez Perce","0","82","Idaho","5/28/20","81","1","16069","1.23"
"Owyhee","0","8","Idaho","5/28/20","8","0","16073","0"
"Payette","0","23","Idaho","5/28/20","22","1","16075","4.55"
"Power","0","3","Idaho","5/28/20","3","0","16077","0"
"Teton","0","11","Idaho","5/28/20","11","0","16081","0"
"Twin Falls","10","410","Idaho","5/28/20","340","70","16083","20.59"
"Valley","0","2","Idaho","5/28/20","2","0","16085","0"
"Washington","1","36","Idaho","5/28/20","32","4","16087","12.5"
"Adams","0","44","Illinois","5/28/20","45","-1","17001","-2.22"
"Alexander","0","8","Illinois","5/28/20","8","0","17003","0"
"Bond","0","12","Illinois","5/28/20","12","0","17005","0"
"Boone","12","424","Illinois","5/28/20","343","81","17007","23.62"
"Brown","0","10","Illinois","5/28/20","10","0","17009","0"
"Bureau","0","15","Illinois","5/28/20","15","0","17011","0"
"Calhoun","0","1","Illinois","5/28/20","1","0","17013","0"
"Carroll","0","14","Illinois","5/28/20","13","1","17015","7.69"
"Cass","0","69","Illinois","5/28/20","68","1","17017","1.47"
"Champaign","14","595","Illinois","5/28/20","496","99","17019","19.96"
"Christian","0","33","Illinois","5/28/20","32","1","17021","3.12"
"Clark","0","11","Illinois","5/28/20","9","2","17023","22.22"
"Clay","0","2","Illinois","5/28/20","2","0","17025","0"
"Clinton","2","180","Illinois","5/28/20","169","11","17027","6.51"
"Coles","4","123","Illinois","5/28/20","94","29","17029","30.85"
"Cook","1108","75306","Illinois","5/28/20","67551","7755","17031","11.48"
"Crawford","0","11","Illinois","5/28/20","11","0","17033","0"
"Cumberland","0","10","Illinois","5/28/20","10","0","17035","0"
"De Witt","0","4","Illinois","5/28/20","4","0","17039","0"
"DeKalb","12","370","Illinois","5/28/20","287","83","17037","28.92"
"Douglas","0","26","Illinois","5/28/20","26","0","17041","0"
"DuPage","141","7460","Illinois","5/28/20","6471","989","17043","15.28"
"Edwards","0","2","Illinois","5/28/20","2","0","17047","0"
"Effingham","0","6","Illinois","5/28/20","6","0","17049","0"
"Fayette","0","20","Illinois","5/28/20","19","1","17051","5.26"
"Ford","0","20","Illinois","5/28/20","18","2","17053","11.11"
"Franklin","0","12","Illinois","5/28/20","11","1","17055","9.09"
"Fulton","0","11","Illinois","5/28/20","10","1","17057","10"
"Gallatin","0","2","Illinois","5/28/20","2","0","17059","0"
"Greene","0","5","Illinois","5/28/20","5","0","17061","0"
"Grundy","2","95","Illinois","5/28/20","82","13","17063","15.85"
"Hamilton","0","2","Illinois","5/28/20","2","0","17065","0"
"Hancock","0","16","Illinois","5/28/20","13","3","17067","23.08"
"Hardin","0","1","Illinois","5/28/20","1","0","17069","0"
"Henderson","0","8","Illinois","5/28/20","8","0","17071","0"
"Henry","0","67","Illinois","5/28/20","65","2","17073","3.08"
"Iroquois","2","131","Illinois","5/28/20","120","11","17075","9.17"
"Jackson","9","256","Illinois","5/28/20","192","64","17077","33.33"
"Jasper","0","45","Illinois","5/28/20","45","0","17079","0"
"Jefferson","0","101","Illinois","5/28/20","99","2","17081","2.02"
"Jersey","0","20","Illinois","5/28/20","20","0","17083","0"
"Jo Daviess","1","32","Illinois","5/28/20","23","9","17085","39.13"
"Johnson","0","7","Illinois","5/28/20","7","0","17087","0"
"Kane","157","6083","Illinois","5/28/20","4981","1102","17089","22.12"
"Kankakee","18","836","Illinois","5/28/20","709","127","17091","17.91"
"Kendall","18","751","Illinois","5/28/20","627","124","17093","19.78"
"Knox","1","96","Illinois","5/28/20","90","6","17095","6.67"
"Lake","115","7933","Illinois","5/28/20","7128","805","17097","11.29"
"LaSalle","2","141","Illinois","5/28/20","129","12","17099","9.3"
"Lawrence","0","4","Illinois","5/28/20","4","0","17101","0"
"Lee","1","79","Illinois","5/28/20","75","4","17103","5.33"
"Livingston","0","32","Illinois","5/28/20","29","3","17105","10.34"
"Logan","0","10","Illinois","5/28/20","10","0","17107","0"
"Macon","1","192","Illinois","5/28/20","182","10","17115","5.49"
"Macoupin","1","44","Illinois","5/28/20","40","4","17117","10"
"Madison","6","545","Illinois","5/28/20","506","39","17119","7.71"
"Marion","0","50","Illinois","5/28/20","50","0","17121","0"
"Marshall","0","5","Illinois","5/28/20","5","0","17123","0"
"Mason","0","18","Illinois","5/28/20","16","2","17125","12.5"
"Massac","0","7","Illinois","5/28/20","6","1","17127","16.67"
"McDonough","1","84","Illinois","5/28/20","75","9","17109","12"
"McHenry","29","1488","Illinois","5/28/20","1282","206","17111","16.07"
"McLean","3","216","Illinois","5/28/20","195","21","17113","10.77"
"Menard","0","19","Illinois","5/28/20","17","2","17129","11.76"
"Mercer","0","16","Illinois","5/28/20","14","2","17131","14.29"
"Monroe","0","93","Illinois","5/28/20","90","3","17133","3.33"
"Montgomery","0","39","Illinois","5/28/20","38","1","17135","2.63"
"Morgan","0","34","Illinois","5/28/20","34","0","17137","0"
"Moultrie","0","10","Illinois","5/28/20","8","2","17139","25"
"Ogle","3","200","Illinois","5/28/20","178","22","17141","12.36"
"Out of IL","13","183","Illinois","5/28/20","91","92","80017","101.1"
"Peoria","3","191","Illinois","5/28/20","168","23","17143","13.69"
"Perry","0","41","Illinois","5/28/20","40","1","17145","2.5"
"Piatt","0","12","Illinois","5/28/20","9","3","17147","33.33"
"Pike","0","1","Illinois","5/28/20","1","0","17149","0"
"Pope","0","1","Illinois","5/28/20","1","0","17151","0"
"Pulaski","0","41","Illinois","5/28/20","40","1","17153","2.5"
"Putnam","0","1","Illinois","5/28/20","1","0","17155","0"
"Randolph","3","267","Illinois","5/28/20","246","21","17157","8.54"
"Richland","0","3","Illinois","5/28/20","3","0","17159","0"
"Rock Island","5","639","Illinois","5/28/20","604","35","17161","5.79"
"Saline","0","7","Illinois","5/28/20","6","1","17165","16.67"
"Sangamon","3","343","Illinois","5/28/20","324","19","17167","5.86"
"Schuyler","1","12","Illinois","5/28/20","8","4","17169","50"
"Shelby","0","16","Illinois","5/28/20","15","1","17173","6.67"
"St. Clair","23","1050","Illinois","5/28/20","888","162","17163","18.24"
"Stark","0","3","Illinois","5/28/20","2","1","17175","50"
"Stephenson","5","199","Illinois","5/28/20","167","32","17177","19.16"
"Tazewell","1","70","Illinois","5/28/20","65","5","17179","7.69"
"Union","4","151","Illinois","5/28/20","124","27","17181","21.77"
"Vermilion","0","38","Illinois","5/28/20","35","3","17183","8.57"
"Wabash","0","2","Illinois","5/28/20","1","1","17185","100"
"Warren","0","113","Illinois","5/28/20","110","3","17187","2.73"
"Washington","0","18","Illinois","5/28/20","18","0","17189","0"
"Wayne","0","9","Illinois","5/28/20","9","0","17191","0"
"White","0","2","Illinois","5/28/20","2","0","17193","0"
"Whiteside","1","134","Illinois","5/28/20","130","4","17195","3.08"
"Will","80","5356","Illinois","5/28/20","4797","559","17197","11.65"
"Williamson","1","60","Illinois","5/28/20","55","5","17199","9.09"
"Winnebago","59","2091","Illinois","5/28/20","1681","410","17201","24.39"
"Woodford","0","18","Illinois","5/28/20","17","1","17203","5.88"
"Adams","0","13","Indiana","5/28/20","11","2","18001","18.18"
"Allen","40","1419","Indiana","5/28/20","1139","280","18003","24.58"
"Bartholomew","5","490","Indiana","5/28/20","452","38","18005","8.41"
"Benton","0","26","Indiana","5/28/20","24","2","18007","8.33"
"Blackford","1","22","Indiana","5/28/20","16","6","18009","37.5"
"Boone","4","305","Indiana","5/28/20","276","29","18011","10.51"
"Brown","0","33","Indiana","5/28/20","32","1","18013","3.12"
"Carroll","1","93","Indiana","5/28/20","85","8","18015","9.41"
"Cass","2","1589","Indiana","5/28/20","1572","17","18017","1.08"
"Clark","5","479","Indiana","5/28/20","446","33","18019","7.4"
"Clay","1","46","Indiana","5/28/20","36","10","18021","27.78"
"Clinton","5","222","Indiana","5/28/20","185","37","18023","20"
"Crawford","0","23","Indiana","5/28/20","22","1","18025","4.55"
"Daviess","2","84","Indiana","5/28/20","73","11","18027","15.07"
"Dearborn","1","165","Indiana","5/28/20","160","5","18029","3.12"
"Decatur","1","224","Indiana","5/28/20","220","4","18031","1.82"
"DeKalb","1","33","Indiana","5/28/20","26","7","18033","26.92"
"Delaware","8","376","Indiana","5/28/20","319","57","18035","17.87"
"Dubois","3","190","Indiana","5/28/20","168","22","18037","13.1"
"Elkhart","37","1101","Indiana","5/28/20","844","257","18039","30.45"
"Fayette","3","74","Indiana","5/28/20","50","24","18041","48"
"Floyd","1","317","Indiana","5/28/20","309","8","18043","2.59"
"Fountain","0","18","Indiana","5/28/20","19","-1","18045","-5.26"
"Franklin","0","109","Indiana","5/28/20","106","3","18047","2.83"
"Fulton","0","47","Indiana","5/28/20","46","1","18049","2.17"
"Gibson","0","14","Indiana","5/28/20","13","1","18051","7.69"
"Grant","4","197","Indiana","5/28/20","172","25","18053","14.53"
"Greene","0","168","Indiana","5/28/20","165","3","18055","1.82"
"Hamilton","9","1132","Indiana","5/28/20","1071","61","18057","5.7"
"Hancock","2","327","Indiana","5/28/20","310","17","18059","5.48"
"Harrison","2","189","Indiana","5/28/20","178","11","18061","6.18"
"Hendricks","8","1142","Indiana","5/28/20","1087","55","18063","5.06"
"Henry","2","169","Indiana","5/28/20","152","17","18065","11.18"
"Howard","6","378","Indiana","5/28/20","336","42","18067","12.5"
"Huntington","1","26","Indiana","5/28/20","20","6","18069","30"
"Jackson","4","372","Indiana","5/28/20","345","27","18071","7.83"
"Jasper","3","66","Indiana","5/28/20","48","18","18073","37.5"
"Jay","2","49","Indiana","5/28/20","32","17","18075","53.12"
"Jefferson","0","43","Indiana","5/28/20","41","2","18077","4.88"
"Jennings","1","129","Indiana","5/28/20","123","6","18079","4.88"
"Johnson","6","1092","Indiana","5/28/20","1049","43","18081","4.1"
"Knox","0","25","Indiana","5/28/20","23","2","18083","8.7"
"Kosciusko","6","101","Indiana","5/28/20","61","40","18085","65.57"
"LaGrange","2","68","Indiana","5/28/20","57","11","18087","19.3"
"Lake","58","3494","Indiana","5/28/20","3087","407","18089","13.18"
"LaPorte","7","420","Indiana","5/28/20","373","47","18091","12.6"
"Lawrence","2","152","Indiana","5/28/20","141","11","18093","7.8"
"Madison","2","584","Indiana","5/28/20","573","11","18095","1.92"
"Marion","101","9524","Indiana","5/28/20","8815","709","18097","8.04"
"Marshall","4","80","Indiana","5/28/20","51","29","18099","56.86"
"Martin","0","9","Indiana","5/28/20","8","1","18101","12.5"
"Miami","1","140","Indiana","5/28/20","134","6","18103","4.48"
"Monroe","1","165","Indiana","5/28/20","156","9","18105","5.77"
"Montgomery","5","234","Indiana","5/28/20","199","35","18107","17.59"
"Morgan","4","277","Indiana","5/28/20","251","26","18109","10.36"
"Newton","1","76","Indiana","5/28/20","72","4","18111","5.56"
"Noble","6","204","Indiana","5/28/20","161","43","18113","26.71"
"Ohio","0","13","Indiana","5/28/20","13","0","18115","0"
"Orange","0","124","Indiana","5/28/20","122","2","18117","1.64"
"Owen","1","35","Indiana","5/28/20","29","6","18119","20.69"
"Parke","0","19","Indiana","5/28/20","17","2","18121","11.76"
"Perry","1","28","Indiana","5/28/20","22","6","18123","27.27"
"Pike","0","6","Indiana","5/28/20","5","1","18125","20"
"Porter","11","505","Indiana","5/28/20","425","80","18127","18.82"
"Posey","0","16","Indiana","5/28/20","16","0","18129","0"
"Pulaski","1","41","Indiana","5/28/20","37","4","18131","10.81"
"Putnam","1","135","Indiana","5/28/20","127","8","18133","6.3"
"Randolph","2","45","Indiana","5/28/20","32","13","18135","40.62"
"Ripley","0","110","Indiana","5/28/20","110","0","18137","0"
"Rush","0","45","Indiana","5/28/20","43","2","18139","4.65"
"Scott","2","120","Indiana","5/28/20","105","15","18143","14.29"
"Shelby","9","368","Indiana","5/28/20","303","65","18145","21.45"
"Spencer","1","19","Indiana","5/28/20","13","6","18147","46.15"
"St. Joseph","20","1221","Indiana","5/28/20","1082","139","18141","12.85"
"Starke","0","32","Indiana","5/28/20","29","3","18149","10.34"
"Steuben","1","81","Indiana","5/28/20","73","8","18151","10.96"
"Sullivan","1","34","Indiana","5/28/20","30","4","18153","13.33"
"Switzerland","0","19","Indiana","5/28/20","18","1","18155","5.56"
"Tippecanoe","6","382","Indiana","5/28/20","342","40","18157","11.7"
"Tipton","0","24","Indiana","5/28/20","21","3","18159","14.29"
"Union","0","8","Indiana","5/28/20","8","0","18161","0"
"Vanderburgh","4","259","Indiana","5/28/20","229","30","18163","13.1"
"Vermillion","0","10","Indiana","5/28/20","8","2","18165","25"
"Vigo","3","153","Indiana","5/28/20","130","23","18167","17.69"
"Wabash","0","74","Indiana","5/28/20","71","3","18169","4.23"
"Warren","0","12","Indiana","5/28/20","12","0","18171","0"
"Warrick","1","165","Indiana","5/28/20","157","8","18173","5.1"
"Washington","0","51","Indiana","5/28/20","52","-1","18175","-1.92"
"Wayne","2","75","Indiana","5/28/20","64","11","18177","17.19"
"Wells","1","27","Indiana","5/28/20","21","6","18179","28.57"
"White","4","230","Indiana","5/28/20","201","29","18181","14.43"
"Whitley","1","38","Indiana","5/28/20","29","9","18183","31.03"
"Adair","0","8","Iowa","5/28/20","6","2","19001","33.33"
"Adams","1","7","Iowa","5/28/20","3","4","19003","133.33"
"Allamakee","0","120","Iowa","5/28/20","118","2","19005","1.69"
"Appanoose","1","14","Iowa","5/28/20","8","6","19007","75"
"Audubon","0","12","Iowa","5/28/20","11","1","19009","9.09"
"Benton","0","39","Iowa","5/28/20","37","2","19011","5.41"
"Black Hawk","10","1724","Iowa","5/28/20","1654","70","19013","4.23"
"Boone","1","57","Iowa","5/28/20","50","7","19015","14"
"Bremer","0","67","Iowa","5/28/20","65","2","19017","3.08"
"Buchanan","0","32","Iowa","5/28/20","29","3","19019","10.34"
"Buena Vista","81","702","Iowa","5/28/20","134","568","19021","423.88"
"Butler","0","15","Iowa","5/28/20","14","1","19023","7.14"
"Calhoun","0","2","Iowa","5/28/20","2","0","19025","0"
"Carroll","0","9","Iowa","5/28/20","7","2","19027","28.57"
"Cass","1","11","Iowa","5/28/20","6","5","19029","83.33"
"Cedar","0","46","Iowa","5/28/20","44","2","19031","4.55"
"Cerro Gordo","1","25","Iowa","5/28/20","19","6","19033","31.58"
"Cherokee","2","24","Iowa","5/28/20","8","16","19035","200"
"Chickasaw","0","8","Iowa","5/28/20","8","0","19037","0"
"Clarke","3","45","Iowa","5/28/20","25","20","19039","80"
"Clay","1","13","Iowa","5/28/20","9","4","19041","44.44"
"Clayton","0","32","Iowa","5/28/20","30","2","19043","6.67"
"Clinton","0","60","Iowa","5/28/20","61","-1","19045","-1.64"
"Crawford","8","489","Iowa","5/28/20","435","54","19047","12.41"
"Dallas","8","875","Iowa","5/28/20","816","59","19049","7.23"
"Davis","1","20","Iowa","5/28/20","15","5","19051","33.33"
"Decatur","0","1","Iowa","5/28/20","0","1","19053","1"
"Delaware","0","15","Iowa","5/28/20","13","2","19055","15.38"
"Des Moines","1","59","Iowa","5/28/20","51","8","19057","15.69"
"Dickinson","1","16","Iowa","5/28/20","8","8","19059","100"
"Dubuque","5","334","Iowa","5/28/20","300","34","19061","11.33"
"Emmet","1","12","Iowa","5/28/20","6","6","19063","100"
"Fayette","0","26","Iowa","5/28/20","25","1","19065","4"
"Floyd","0","18","Iowa","5/28/20","15","3","19067","20"
"Franklin","1","10","Iowa","5/28/20","6","4","19069","66.67"
"Fremont","0","4","Iowa","5/28/20","4","0","19071","0"
"Greene","0","13","Iowa","5/28/20","13","0","19073","0"
"Grundy","0","19","Iowa","5/28/20","19","0","19075","0"
"Guthrie","1","46","Iowa","5/28/20","42","4","19077","9.52"
"Hamilton","2","29","Iowa","5/28/20","15","14","19079","93.33"
"Hancock","1","16","Iowa","5/28/20","10","6","19081","60"
"Hardin","0","16","Iowa","5/28/20","13","3","19083","23.08"
"Harrison","0","19","Iowa","5/28/20","18","1","19085","5.56"
"Henry","2","67","Iowa","5/28/20","50","17","19087","34"
"Howard","0","12","Iowa","5/28/20","12","0","19089","0"
"Humboldt","1","15","Iowa","5/28/20","9","6","19091","66.67"
"Ida","1","14","Iowa","5/28/20","8","6","19093","75"
"Iowa","0","35","Iowa","5/28/20","32","3","19095","9.38"
"Jackson","0","11","Iowa","5/28/20","8","3","19097","37.5"
"Jasper","1","258","Iowa","5/28/20","249","9","19099","3.61"
"Jefferson","1","19","Iowa","5/28/20","14","5","19101","35.71"
"Johnson","3","607","Iowa","5/28/20","585","22","19103","3.76"
"Jones","0","36","Iowa","5/28/20","36","0","19105","0"
"Keokuk","0","14","Iowa","5/28/20","13","1","19107","7.69"
"Kossuth","0","9","Iowa","5/28/20","7","2","19109","28.57"
"Lee","1","24","Iowa","5/28/20","20","4","19111","20"
"Linn","4","941","Iowa","5/28/20","910","31","19113","3.41"
"Louisa","2","342","Iowa","5/28/20","326","16","19115","4.91"
"Lucas","1","12","Iowa","5/28/20","3","9","19117","300"
"Lyon","0","19","Iowa","5/28/20","19","0","19119","0"
"Madison","1","27","Iowa","5/28/20","21","6","19121","28.57"
"Mahaska","6","91","Iowa","5/28/20","47","44","19123","93.62"
"Marion","1","31","Iowa","5/28/20","27","4","19125","14.81"
"Marshall","6","882","Iowa","5/28/20","842","40","19127","4.75"
"Mills","0","16","Iowa","5/28/20","13","3","19129","23.08"
"Mitchell","0","5","Iowa","5/28/20","5","0","19131","0"
"Monona","1","24","Iowa","5/28/20","19","5","19133","26.32"
"Monroe","2","38","Iowa","5/28/20","27","11","19135","40.74"
"Montgomery","0","6","Iowa","5/28/20","5","1","19137","20"
"Muscatine","1","549","Iowa","5/28/20","540","9","19139","1.67"
"O'Brien","0","27","Iowa","5/28/20","24","3","19141","12.5"
"Osceola","0","32","Iowa","5/28/20","30","2","19143","6.67"
"Page","0","11","Iowa","5/28/20","10","1","19145","10"
"Palo Alto","0","3","Iowa","5/28/20","3","0","19147","0"
"Plymouth","3","119","Iowa","5/28/20","98","21","19149","21.43"
"Pocahontas","1","10","Iowa","5/28/20","3","7","19151","233.33"
"Polk","78","3930","Iowa","5/28/20","3381","549","19153","16.24"
"Pottawattamie","6","234","Iowa","5/28/20","190","44","19155","23.16"
"Poweshiek","0","89","Iowa","5/28/20","88","1","19157","1.14"
"Ringgold","0","4","Iowa","5/28/20","1","3","19159","300"
"Sac","1","17","Iowa","5/28/20","8","9","19161","112.5"
"Scott","4","352","Iowa","5/28/20","323","29","19163","8.98"
"Shelby","1","34","Iowa","5/28/20","27","7","19165","25.93"
"Sioux","5","213","Iowa","5/28/20","181","32","19167","17.68"
"Story","2","99","Iowa","5/28/20","86","13","19169","15.12"
"Tama","3","400","Iowa","5/28/20","378","22","19171","5.82"
"Taylor","6","49","Iowa","5/28/20","5","44","19173","880"
"Union","0","7","Iowa","5/28/20","4","3","19175","75"
"Van Buren","0","9","Iowa","5/28/20","8","1","19177","12.5"
"Wapello","14","545","Iowa","5/28/20","450","95","19179","21.11"
"Warren","4","116","Iowa","5/28/20","90","26","19181","28.89"
"Washington","2","185","Iowa","5/28/20","174","11","19183","6.32"
"Wayne","0","1","Iowa","5/28/20","1","0","19185","0"
"Webster","2","32","Iowa","5/28/20","20","12","19187","60"
"Winnebago","0","11","Iowa","5/28/20","9","2","19189","22.22"
"Winneshiek","0","23","Iowa","5/28/20","21","2","19191","9.52"
"Woodbury","32","2672","Iowa","5/28/20","2448","224","19193","9.15"
"Worth","0","3","Iowa","5/28/20","3","0","19195","0"
"Wright","10","145","Iowa","5/28/20","73","72","19197","98.63"
"Allen","0","1","Kansas","5/28/20","0","1","20001","1"
"Anderson","0","1","Kansas","5/28/20","1","0","20003","0"
"Atchison","0","21","Kansas","5/28/20","18","3","20005","16.67"
"Barber","0","1","Kansas","5/28/20","1","0","20007","0"
"Barton","2","45","Kansas","5/28/20","32","13","20009","40.62"
"Bourbon","0","7","Kansas","5/28/20","7","0","20011","0"
"Brown","0","6","Kansas","5/28/20","5","1","20013","20"
"Butler","1","31","Kansas","5/28/20","22","9","20015","40.91"
"Chase","0","4","Kansas","5/28/20","3","1","20017","33.33"
"Chautauqua","0","4","Kansas","5/28/20","4","0","20019","0"
"Cherokee","0","9","Kansas","5/28/20","8","1","20021","12.5"
"Cheyenne","0","2","Kansas","5/28/20","2","0","20023","0"
"Clark","1","31","Kansas","5/28/20","21","10","20025","47.62"
"Clay","0","5","Kansas","5/28/20","5","0","20027","0"
"Cloud","0","5","Kansas","5/28/20","4","1","20029","25"
"Coffey","0","50","Kansas","5/28/20","50","0","20031","0"
"Comanche","0","1","Kansas","5/28/20","0","1","20033","1"
"Cowley","0","4","Kansas","5/28/20","4","0","20035","0"
"Crawford","0","8","Kansas","5/28/20","8","0","20037","0"
"Dickinson","0","3","Kansas","5/28/20","2","1","20041","50"
"Doniphan","1","14","Kansas","5/28/20","10","4","20043","40"
"Douglas","0","65","Kansas","5/28/20","62","3","20045","4.84"
"Edwards","0","5","Kansas","5/28/20","5","0","20047","0"
"Ellis","0","8","Kansas","5/28/20","8","0","20051","0"
"Ellsworth","0","2","Kansas","5/28/20","2","0","20053","0"
"Finney","10","1466","Kansas","5/28/20","1398","68","20055","4.86"
"Ford","26","1622","Kansas","5/28/20","1437","185","20057","12.87"
"Franklin","0","34","Kansas","5/28/20","32","2","20059","6.25"
"Geary","1","20","Kansas","5/28/20","16","4","20061","25"
"Gove","0","1","Kansas","5/28/20","1","0","20063","0"
"Grant","0","18","Kansas","5/28/20","18","0","20067","0"
"Gray","1","22","Kansas","5/28/20","16","6","20069","37.5"
"Greenwood","0","3","Kansas","5/28/20","3","0","20073","0"
"Hamilton","1","16","Kansas","5/28/20","10","6","20075","60"
"Harper","0","2","Kansas","5/28/20","1","1","20077","100"
"Harvey","0","11","Kansas","5/28/20","11","0","20079","0"
"Haskell","0","18","Kansas","5/28/20","15","3","20081","20"
"Hodgeman","0","1","Kansas","5/28/20","0","1","20083","1"
"Jackson","8","95","Kansas","5/28/20","36","59","20085","163.89"
"Jefferson","0","22","Kansas","5/28/20","21","1","20087","4.76"
"Jewell","0","4","Kansas","5/28/20","4","0","20089","0"
"Johnson","13","771","Kansas","5/28/20","679","92","20091","13.55"
"Kearny","1","44","Kansas","5/28/20","40","4","20093","10"
"Kiowa","0","2","Kansas","5/28/20","2","0","20097","0"
"Labette","0","22","Kansas","5/28/20","22","0","20099","0"
"Lane","0","3","Kansas","5/28/20","1","2","20101","200"
"Leavenworth","2","1076","Kansas","5/28/20","1062","14","20103","1.32"
"Linn","0","7","Kansas","5/28/20","7","0","20107","0"
"Lyon","3","339","Kansas","5/28/20","321","18","20111","5.61"
"Marion","0","5","Kansas","5/28/20","5","0","20115","0"
"McPherson","0","27","Kansas","5/28/20","27","0","20113","0"
"Meade","1","26","Kansas","5/28/20","22","4","20119","18.18"
"Miami","0","7","Kansas","5/28/20","6","1","20121","16.67"
"Mitchell","0","3","Kansas","5/28/20","3","0","20123","0"
"Montgomery","0","20","Kansas","5/28/20","20","0","20125","0"
"Morris","0","5","Kansas","5/28/20","3","2","20127","66.67"
"Morton","0","4","Kansas","5/28/20","4","0","20129","0"
"Nemaha","1","15","Kansas","5/28/20","8","7","20131","87.5"
"Neosho","0","2","Kansas","5/28/20","2","0","20133","0"
"Ness","0","1","Kansas","5/28/20","1","0","20135","0"
"Norton","0","2","Kansas","5/28/20","2","0","20137","0"
"Osage","0","7","Kansas","5/28/20","7","0","20139","0"
"Osborne","0","2","Kansas","5/28/20","2","0","20141","0"
"Ottawa","0","4","Kansas","5/28/20","4","0","20143","0"
"Phillips","0","2","Kansas","5/28/20","2","0","20147","0"
"Pottawatomie","0","23","Kansas","5/28/20","21","2","20149","9.52"
"Pratt","0","1","Kansas","5/28/20","1","0","20151","0"
"Reno","0","43","Kansas","5/28/20","43","0","20155","0"
"Republic","0","4","Kansas","5/28/20","4","0","20157","0"
"Rice","0","4","Kansas","5/28/20","4","0","20159","0"
"Riley","1","64","Kansas","5/28/20","60","4","20161","6.67"
"Rooks","0","6","Kansas","5/28/20","6","0","20163","0"
"Saline","0","25","Kansas","5/28/20","24","1","20169","4.17"
"Scott","0","13","Kansas","5/28/20","13","0","20171","0"
"Sedgwick","4","573","Kansas","5/28/20","542","31","20173","5.72"
"Seward","6","856","Kansas","5/28/20","817","39","20175","4.77"
"Shawnee","6","274","Kansas","5/28/20","234","40","20177","17.09"
"Sheridan","0","2","Kansas","5/28/20","2","0","20179","0"
"Sherman","0","7","Kansas","5/28/20","6","1","20181","16.67"
"Smith","0","2","Kansas","5/28/20","2","0","20183","0"
"Stafford","0","1","Kansas","5/28/20","1","0","20185","0"
"Stanton","0","9","Kansas","5/28/20","9","0","20187","0"
"Stevens","0","27","Kansas","5/28/20","26","1","20189","3.85"
"Sumner","0","6","Kansas","5/28/20","6","0","20191","0"
"Trego","0","1","Kansas","5/28/20","0","1","20195","1"
"Wabaunsee","0","31","Kansas","5/28/20","29","2","20197","6.9"
"Wilson","0","1","Kansas","5/28/20","1","0","20205","0"
"Woodson","0","6","Kansas","5/28/20","6","0","20207","0"
"Wyandotte","14","1308","Kansas","5/28/20","1213","95","20209","7.83"
"Adair","0","96","Kentucky","5/28/20","95","1","21001","1.05"
"Allen","3","63","Kentucky","5/28/20","44","19","21003","43.18"
"Anderson","0","16","Kentucky","5/28/20","15","1","21005","6.67"
"Ballard","0","10","Kentucky","5/28/20","9","1","21007","11.11"
"Barren","1","44","Kentucky","5/28/20","38","6","21009","15.79"
"Bath","0","8","Kentucky","5/28/20","8","0","21011","0"
"Bell","0","1","Kentucky","5/28/20","1","0","21013","0"
"Boone","6","409","Kentucky","5/28/20","368","41","21015","11.14"
"Bourbon","0","10","Kentucky","5/28/20","9","1","21017","11.11"
"Boyd","0","39","Kentucky","5/28/20","39","0","21019","0"
"Boyle","0","23","Kentucky","5/28/20","20","3","21021","15"
"Bracken","0","11","Kentucky","5/28/20","10","1","21023","10"
"Breathitt","0","3","Kentucky","5/28/20","2","1","21025","50"
"Breckinridge","0","17","Kentucky","5/28/20","16","1","21027","6.25"
"Bullitt","1","109","Kentucky","5/28/20","101","8","21029","7.92"
"Butler","1","227","Kentucky","5/28/20","218","9","21031","4.13"
"Caldwell","0","12","Kentucky","5/28/20","12","0","21033","0"
"Calloway","0","48","Kentucky","5/28/20","49","-1","21035","-2.04"
"Campbell","2","153","Kentucky","5/28/20","141","12","21037","8.51"
"Carlisle","0","5","Kentucky","5/28/20","5","0","21039","0"
"Carroll","1","10","Kentucky","5/28/20","6","4","21041","66.67"
"Carter","0","9","Kentucky","5/28/20","9","0","21043","0"
"Casey","0","2","Kentucky","5/28/20","2","0","21045","0"
"Christian","1","107","Kentucky","5/28/20","98","9","21047","9.18"
"Clark","0","38","Kentucky","5/28/20","36","2","21049","5.56"
"Clay","1","7","Kentucky","5/28/20","3","4","21051","133.33"
"Clinton","0","3","Kentucky","5/28/20","3","0","21053","0"
"Crittenden","0","5","Kentucky","5/28/20","4","1","21055","25"
"Cumberland","0","5","Kentucky","5/28/20","5","0","21057","0"
"Daviess","2","313","Kentucky","5/28/20","299","14","21059","4.68"
"Edmonson","1","56","Kentucky","5/28/20","51","5","21061","9.8"
"Elliott","0","1","Kentucky","5/28/20","1","0","21063","0"
"Fayette","9","661","Kentucky","5/28/20","596","65","21067","10.91"
"Fleming","0","3","Kentucky","5/28/20","2","1","21069","50"
"Floyd","0","16","Kentucky","5/28/20","16","0","21071","0"
"Franklin","1","28","Kentucky","5/28/20","24","4","21073","16.67"
"Fulton","0","5","Kentucky","5/28/20","3","2","21075","66.67"
"Gallatin","2","15","Kentucky","5/28/20","3","12","21077","400"
"Garrard","0","5","Kentucky","5/28/20","4","1","21079","25"
"Grant","0","39","Kentucky","5/28/20","36","3","21081","8.33"
"Graves","1","159","Kentucky","5/28/20","152","7","21083","4.61"
"Grayson","1","124","Kentucky","5/28/20","119","5","21085","4.2"
"Green","0","1","Kentucky","5/28/20","1","0","21087","0"
"Greenup","0","14","Kentucky","5/28/20","13","1","21089","7.69"
"Hancock","0","7","Kentucky","5/28/20","6","1","21091","16.67"
"Hardin","2","99","Kentucky","5/28/20","88","11","21093","12.5"
"Harlan","0","1","Kentucky","5/28/20","1","0","21095","0"
"Harrison","0","18","Kentucky","5/28/20","18","0","21097","0"
"Hart","1","21","Kentucky","5/28/20","17","4","21099","23.53"
"Henderson","1","103","Kentucky","5/28/20","93","10","21101","10.75"
"Henry","1","19","Kentucky","5/28/20","13","6","21103","46.15"
"Hickman","0","5","Kentucky","5/28/20","5","0","21105","0"
"Hopkins","1","221","Kentucky","5/28/20","216","5","21107","2.31"
"Jackson","0","61","Kentucky","5/28/20","60","1","21109","1.67"
"Jefferson","39","2267","Kentucky","5/28/20","1994","273","21111","13.69"
"Jessamine","1","56","Kentucky","5/28/20","50","6","21113","12"
"Johnson","0","5","Kentucky","5/28/20","5","0","21115","0"
"Kenton","6","547","Kentucky","5/28/20","503","44","21117","8.75"
"Knott","0","4","Kentucky","5/28/20","4","0","21119","0"
"Knox","0","8","Kentucky","5/28/20","8","0","21121","0"
"Larue","0","7","Kentucky","5/28/20","6","1","21123","16.67"
"Laurel","0","21","Kentucky","5/28/20","21","0","21125","0"
"Lawrence","0","2","Kentucky","5/28/20","1","1","21127","100"
"Lee","0","1","Kentucky","5/28/20","0","1","21129","1"
"Leslie","0","6","Kentucky","5/28/20","6","0","21131","0"
"Letcher","0","4","Kentucky","5/28/20","4","0","21133","0"
"Lewis","0","7","Kentucky","5/28/20","7","0","21135","0"
"Lincoln","0","8","Kentucky","5/28/20","8","0","21137","0"
"Livingston","0","9","Kentucky","5/28/20","8","1","21139","12.5"
"Logan","3","128","Kentucky","5/28/20","108","20","21141","18.52"
"Lyon","0","14","Kentucky","5/28/20","14","0","21143","0"
"Madison","0","47","Kentucky","5/28/20","45","2","21151","4.44"
"Magoffin","0","2","Kentucky","5/28/20","1","1","21153","100"
"Marion","0","20","Kentucky","5/28/20","17","3","21155","17.65"
"Marshall","0","37","Kentucky","5/28/20","36","1","21157","2.78"
"Martin","0","3","Kentucky","5/28/20","3","0","21159","0"
"Mason","0","9","Kentucky","5/28/20","8","1","21161","12.5"
"McCracken","1","95","Kentucky","5/28/20","85","10","21145","11.76"
"McCreary","0","13","Kentucky","5/28/20","13","0","21147","0"
"McLean","0","22","Kentucky","5/28/20","19","3","21149","15.79"
"Meade","0","21","Kentucky","5/28/20","20","1","21163","5"
"Menifee","1","10","Kentucky","5/28/20","6","4","21165","66.67"
"Mercer","0","13","Kentucky","5/28/20","12","1","21167","8.33"
"Metcalfe","0","4","Kentucky","5/28/20","4","0","21169","0"
"Monroe","1","16","Kentucky","5/28/20","7","9","21171","128.57"
"Montgomery","1","23","Kentucky","5/28/20","17","6","21173","35.29"
"Morgan","0","1","Kentucky","5/28/20","1","0","21175","0"
"Muhlenberg","2","482","Kentucky","5/28/20","468","14","21177","2.99"
"Nelson","0","38","Kentucky","5/28/20","35","3","21179","8.57"
"Nicholas","0","3","Kentucky","5/28/20","1","2","21181","200"
"Ohio","3","141","Kentucky","5/28/20","117","24","21183","20.51"
"Oldham","2","72","Kentucky","5/28/20","60","12","21185","20"
"Owen","0","2","Kentucky","5/28/20","1","1","21187","100"
"Owsley","0","2","Kentucky","5/28/20","2","0","21189","0"
"Pendleton","0","8","Kentucky","5/28/20","7","1","21191","14.29"
"Perry","0","19","Kentucky","5/28/20","19","0","21193","0"
"Pike","0","28","Kentucky","5/28/20","28","0","21195","0"
"Powell","0","1","Kentucky","5/28/20","1","0","21197","0"
"Pulaski","1","56","Kentucky","5/28/20","51","5","21199","9.8"
"Rockcastle","0","13","Kentucky","5/28/20","13","0","21203","0"
"Rowan","0","7","Kentucky","5/28/20","7","0","21205","0"
"Russell","0","23","Kentucky","5/28/20","22","1","21207","4.55"
"Scott","0","35","Kentucky","5/28/20","34","1","21209","2.94"
"Shelby","8","140","Kentucky","5/28/20","84","56","21211","66.67"
"Simpson","1","49","Kentucky","5/28/20","43","6","21213","13.95"
"Spencer","0","19","Kentucky","5/28/20","16","3","21215","18.75"
"Taylor","0","11","Kentucky","5/28/20","10","1","21217","10"
"Todd","0","17","Kentucky","5/28/20","16","1","21219","6.25"
"Trigg","0","10","Kentucky","5/28/20","9","1","21221","11.11"
"Trimble","0","5","Kentucky","5/28/20","4","1","21223","25"
"Union","0","10","Kentucky","5/28/20","10","0","21225","0"
"Warren","12","964","Kentucky","5/28/20","878","86","21227","9.79"
"Washington","0","6","Kentucky","5/28/20","5","1","21229","20"
"Wayne","0","8","Kentucky","5/28/20","8","0","21231","0"
"Webster","0","32","Kentucky","5/28/20","32","0","21233","0"
"Whitley","0","13","Kentucky","5/28/20","13","0","21235","0"
"Wolfe","0","1","Kentucky","5/28/20","1","0","21237","0"
"Woodford","1","26","Kentucky","5/28/20","19","7","21239","36.84"
"Acadia","19","401","Louisiana","5/28/20","269","132","22001","49.07"
"Allen","2","184","Louisiana","5/28/20","172","12","22003","6.98"
"Ascension","4","810","Louisiana","5/28/20","782","28","22005","3.58"
"Assumption","1","248","Louisiana","5/28/20","238","10","22007","4.2"
"Avoyelles","3","120","Louisiana","5/28/20","99","21","22009","21.21"
"Beauregard","1","61","Louisiana","5/28/20","54","7","22011","12.96"
"Bienville","4","139","Louisiana","5/28/20","114","25","22013","21.93"
"Bossier","5","406","Louisiana","5/28/20","374","32","22015","8.56"
"Caddo","30","2480","Louisiana","5/28/20","2272","208","22017","9.15"
"Calcasieu","6","588","Louisiana","5/28/20","548","40","22019","7.3"
"Caldwell","0","52","Louisiana","5/28/20","51","1","22021","1.96"
"Cameron","0","3","Louisiana","5/28/20","3","0","22023","0"
"Catahoula","0","112","Louisiana","5/28/20","112","0","22025","0"
"Claiborne","1","62","Louisiana","5/28/20","58","4","22027","6.9"
"Concordia","3","86","Louisiana","5/28/20","68","18","22029","26.47"
"De Soto","1","242","Louisiana","5/28/20","235","7","22031","2.98"
"East Baton Rouge","30","3526","Louisiana","5/28/20","3319","207","22033","6.24"
"East Carroll","10","118","Louisiana","5/28/20","51","67","22035","131.37"
"East Feliciana","1","192","Louisiana","5/28/20","183","9","22037","4.92"
"Evangeline","-1","75","Louisiana","5/28/20","83","-8","22039","-9.64"
"Franklin","3","311","Louisiana","5/28/20","287","24","22041","8.36"
"Grant","0","28","Louisiana","5/28/20","26","2","22043","7.69"
"Iberia","3","404","Louisiana","5/28/20","384","20","22045","5.21"
"Iberville","3","563","Louisiana","5/28/20","540","23","22047","4.26"
"Jackson","3","100","Louisiana","5/28/20","80","20","22049","25"
"Jefferson","36","7424","Louisiana","5/28/20","7175","249","22051","3.47"
"Jefferson Davis","0","75","Louisiana","5/28/20","72","3","22053","4.17"
"Lafayette","9","695","Louisiana","5/28/20","631","64","22055","10.14"
"Lafourche","4","789","Louisiana","5/28/20","763","26","22057","3.41"
"LaSalle","0","48","Louisiana","5/28/20","45","3","22059","6.67"
"Lincoln","2","144","Louisiana","5/28/20","130","14","22061","10.77"
"Livingston","6","408","Louisiana","5/28/20","363","45","22063","12.4"
"Madison","5","79","Louisiana","5/28/20","43","36","22065","83.72"
"Morehouse","2","121","Louisiana","5/28/20","108","13","22067","12.04"
"Natchitoches","2","157","Louisiana","5/28/20","141","16","22069","11.35"
"Orleans","23","7067","Louisiana","5/28/20","6904","163","22071","2.36"
"Ouachita","19","1166","Louisiana","5/28/20","1032","134","22073","12.98"
"Plaquemines","1","201","Louisiana","5/28/20","197","4","22075","2.03"
"Pointe Coupee","2","192","Louisiana","5/28/20","181","11","22077","6.08"
"Rapides","16","703","Louisiana","5/28/20","591","112","22079","18.95"
"Red River","1","49","Louisiana","5/28/20","44","5","22081","11.36"
"Richland","2","125","Louisiana","5/28/20","113","12","22083","10.62"
"Sabine","0","41","Louisiana","5/28/20","39","2","22085","5.13"
"St. Bernard","2","534","Louisiana","5/28/20","521","13","22087","2.5"
"St. Charles","2","633","Louisiana","5/28/20","618","15","22089","2.43"
"St. Helena","1","51","Louisiana","5/28/20","43","8","22091","18.6"
"St. James","1","294","Louisiana","5/28/20","289","5","22093","1.73"
"St. John the Baptist","2","850","Louisiana","5/28/20","838","12","22095","1.43"
"St. Landry","1","252","Louisiana","5/28/20","244","8","22097","3.28"
"St. Martin","1","293","Louisiana","5/28/20","287","6","22099","2.09"
"St. Mary","3","309","Louisiana","5/28/20","288","21","22101","7.29"
"St. Tammany","15","1703","Louisiana","5/28/20","1599","104","22103","6.5"
"Tangipahoa","9","831","Louisiana","5/28/20","767","64","22105","8.34"
"Tensas","0","10","Louisiana","5/28/20","10","0","22107","0"
"Terrebonne","6","653","Louisiana","5/28/20","614","39","22109","6.35"
"Union","3","306","Louisiana","5/28/20","287","19","22111","6.62"
"Vermilion","0","53","Louisiana","5/28/20","50","3","22113","6"
"Vernon","0","25","Louisiana","5/28/20","22","3","22115","13.64"
"Washington","4","410","Louisiana","5/28/20","383","27","22117","7.05"
"Webster","2","143","Louisiana","5/28/20","126","17","22119","13.49"
"West Baton Rouge","1","159","Louisiana","5/28/20","152","7","22121","4.61"
"West Carroll","5","56","Louisiana","5/28/20","21","35","22123","166.67"
"West Feliciana","2","205","Louisiana","5/28/20","193","12","22125","6.22"
"Winn","8","153","Louisiana","5/28/20","100","53","22127","53"
"Androscoggin","9","264","Maine","5/28/20","202","62","23001","30.69"
"Aroostook","0","8","Maine","5/28/20","8","0","23003","0"
"Cumberland","25","1092","Maine","5/28/20","919","173","23005","18.82"
"Franklin","0","36","Maine","5/28/20","35","1","23007","2.86"
"Hancock","0","11","Maine","5/28/20","11","0","23009","0"
"Kennebec","1","128","Maine","5/28/20","123","5","23011","4.07"
"Knox","0","20","Maine","5/28/20","20","0","23013","0"
"Lincoln","0","20","Maine","5/28/20","18","2","23015","11.11"
"Oxford","2","29","Maine","5/28/20","18","11","23017","61.11"
"Penobscot","0","100","Maine","5/28/20","98","2","23019","2.04"
"Piscataquis","0","1","Maine","5/28/20","1","0","23021","0"
"Sagadahoc","0","30","Maine","5/28/20","28","2","23023","7.14"
"Somerset","0","22","Maine","5/28/20","20","2","23025","10"
"Waldo","0","51","Maine","5/28/20","51","0","23027","0"
"Washington","0","2","Maine","5/28/20","2","0","23029","0"
"York","7","370","Maine","5/28/20","320","50","23031","15.62"
"Allegany","2","178","Maryland","5/28/20","166","12","24001","7.23"
"Anne Arundel","61","3556","Maryland","5/28/20","3132","424","24003","13.54"
"Baltimore","78","5678","Maryland","5/28/20","5135","543","24005","10.57"
"Baltimore City","123","5203","Maryland","5/28/20","4339","864","24510","19.91"
"Calvert","6","320","Maryland","5/28/20","278","42","24009","15.11"
"Caroline","4","245","Maryland","5/28/20","216","29","24011","13.43"
"Carroll","15","840","Maryland","5/28/20","733","107","24013","14.6"
"Cecil","4","356","Maryland","5/28/20","331","25","24015","7.55"
"Charles","12","1027","Maryland","5/28/20","943","84","24017","8.91"
"Dorchester","2","136","Maryland","5/28/20","124","12","24019","9.68"
"Frederick","37","1824","Maryland","5/28/20","1568","256","24021","16.33"
"Garrett","0","10","Maryland","5/28/20","7","3","24023","42.86"
"Harford","13","827","Maryland","5/28/20","737","90","24025","12.21"
"Howard","38","1815","Maryland","5/28/20","1548","267","24027","17.25"
"Kent","3","165","Maryland","5/28/20","143","22","24029","15.38"
"Montgomery","213","10752","Maryland","5/28/20","9260","1492","24031","16.11"
"Prince George's","240","14508","Maryland","5/28/20","12830","1678","24033","13.08"
"Queen Anne's","2","152","Maryland","5/28/20","141","11","24035","7.8"
"Somerset","0","73","Maryland","5/28/20","71","2","24039","2.82"
"St. Mary's","9","417","Maryland","5/28/20","357","60","24037","16.81"
"Talbot","2","87","Maryland","5/28/20","70","17","24041","24.29"
"Washington","7","423","Maryland","5/28/20","377","46","24043","12.2"
"Wicomico","11","919","Maryland","5/28/20","844","75","24045","8.89"
"Worcester","2","198","Maryland","5/28/20","181","17","24047","9.39"
"Barnstable","17","1398","Massachusetts","5/28/20","1282","116","25001","9.05"
"Berkshire","5","561","Massachusetts","5/28/20","529","32","25003","6.05"
"Bristol","84","7007","Massachusetts","5/28/20","6421","586","25005","9.13"
"Dukes and Nantucket","0","52","Massachusetts","5/28/20","51","1","00000","1.96"
"Essex","128","14309","Massachusetts","5/28/20","13411","898","25009","6.7"
"Franklin","1","331","Massachusetts","5/28/20","321","10","25011","3.12"
"Hampden","57","6003","Massachusetts","5/28/20","5602","401","25013","7.16"
"Hampshire","6","873","Massachusetts","5/28/20","833","40","25015","4.8"
"Middlesex","154","21661","Massachusetts","5/28/20","20580","1081","25017","5.25"
"Norfolk","41","8390","Massachusetts","5/28/20","8101","289","25021","3.57"
"Plymouth","56","8026","Massachusetts","5/28/20","7636","390","25023","5.11"
"Suffolk","98","18259","Massachusetts","5/28/20","17572","687","25025","3.91"
"Worcester","113","10974","Massachusetts","5/28/20","10181","793","25027","7.79"
"Alcona","1","17","Michigan","5/28/20","12","5","26001","41.67"
"Allegan","3","250","Michigan","5/28/20","229","21","26005","9.17"
"Alpena","0","101","Michigan","5/28/20","99","2","26007","2.02"
"Antrim","0","13","Michigan","5/28/20","12","1","26009","8.33"
"Arenac","0","37","Michigan","5/28/20","36","1","26011","2.78"
"Baraga","0","1","Michigan","5/28/20","1","0","26013","0"
"Barry","1","79","Michigan","5/28/20","73","6","26015","8.22"
"Bay","5","332","Michigan","5/28/20","296","36","26017","12.16"
"Benzie","0","4","Michigan","5/28/20","4","0","26019","0"
"Berrien","6","737","Michigan","5/28/20","692","45","26021","6.5"
"Branch","2","119","Michigan","5/28/20","106","13","26023","12.26"
"Calhoun","5","401","Michigan","5/28/20","364","37","26025","10.16"
"Cass","2","93","Michigan","5/28/20","79","14","26027","17.72"
"Charlevoix","0","18","Michigan","5/28/20","17","1","26029","5.88"
"Cheboygan","0","26","Michigan","5/28/20","26","0","26031","0"
"Chippewa","0","3","Michigan","5/28/20","3","0","26033","0"
"Clare","0","19","Michigan","5/28/20","17","2","26035","11.76"
"Clinton","2","175","Michigan","5/28/20","164","11","26037","6.71"
"Crawford","0","62","Michigan","5/28/20","62","0","26039","0"
"Delta","0","20","Michigan","5/28/20","20","0","26041","0"
"Dickinson","0","5","Michigan","5/28/20","5","0","26043","0"
"Eaton","3","235","Michigan","5/28/20","213","22","26045","10.33"
"Emmet","0","26","Michigan","5/28/20","25","1","26047","4"
"Federal Correctional Institution (FCI)","2","142","Michigan","5/28/20","125","17","00000","13.6"
"Genesee","15","2418","Michigan","5/28/20","2315","103","26049","4.45"
"Gladwin","0","18","Michigan","5/28/20","17","1","26051","5.88"
"Gogebic","0","5","Michigan","5/28/20","5","0","26053","0"
"Grand Traverse","0","24","Michigan","5/28/20","24","0","26055","0"
"Gratiot","2","83","Michigan","5/28/20","66","17","26057","25.76"
"Hillsdale","0","176","Michigan","5/28/20","174","2","26059","1.15"
"Houghton","0","5","Michigan","5/28/20","2","3","26061","150"
"Huron","0","52","Michigan","5/28/20","50","2","26063","4"
"Ingham","8","764","Michigan","5/28/20","708","56","26065","7.91"
"Ionia","3","165","Michigan","5/28/20","144","21","26067","14.58"
"Iosco","2","105","Michigan","5/28/20","88","17","26069","19.32"
"Isabella","2","91","Michigan","5/28/20","80","11","26073","13.75"
"Jackson","3","466","Michigan","5/28/20","446","20","26075","4.48"
"Kalamazoo","9","870","Michigan","5/28/20","806","64","26077","7.94"
"Kalkaska","0","30","Michigan","5/28/20","29","1","26079","3.45"
"Kent","59","3765","Michigan","5/28/20","3353","412","26081","12.29"
"Lake","0","6","Michigan","5/28/20","4","2","26085","50"
"Lapeer","2","214","Michigan","5/28/20","202","12","26087","5.94"
"Leelanau","0","11","Michigan","5/28/20","11","0","26089","0"
"Lenawee","1","183","Michigan","5/28/20","175","8","26091","4.57"
"Livingston","1","484","Michigan","5/28/20","474","10","26093","2.11"
"Luce","0","3","Michigan","5/28/20","2","1","26095","50"
"Mackinac","0","8","Michigan","5/28/20","6","2","26097","33.33"
"Macomb","26","6726","Michigan","5/28/20","6545","181","26099","2.77"
"Manistee","0","12","Michigan","5/28/20","12","0","26101","0"
"Marquette","0","54","Michigan","5/28/20","52","2","26103","3.85"
"Mason","0","37","Michigan","5/28/20","35","2","26105","5.71"
"Mecosta","0","23","Michigan","5/28/20","22","1","26107","4.55"
"Menominee","0","8","Michigan","5/28/20","8","0","26109","0"
"Michigan Department of Corrections (MDOC)","50","3708","Michigan","5/28/20","3360","348","00000","10.36"
"Midland","1","118","Michigan","5/28/20","113","5","26111","4.42"
"Missaukee","0","22","Michigan","5/28/20","22","0","26113","0"
"Monroe","5","520","Michigan","5/28/20","484","36","26115","7.44"
"Montcalm","1","71","Michigan","5/28/20","67","4","26117","5.97"
"Montmorency","0","5","Michigan","5/28/20","5","0","26119","0"
"Muskegon","10","627","Michigan","5/28/20","555","72","26121","12.97"
"Newaygo","4","106","Michigan","5/28/20","76","30","26123","39.47"
"Oakland","75","10535","Michigan","5/28/20","10010","525","26125","5.24"
"Oceana","2","93","Michigan","5/28/20","77","16","26127","20.78"
"Ogemaw","0","29","Michigan","5/28/20","27","2","26129","7.41"
"Osceola","0","14","Michigan","5/28/20","13","1","26133","7.69"
"Oscoda","0","8","Michigan","5/28/20","8","0","26135","0"
"Otsego","0","118","Michigan","5/28/20","117","1","26137","0.85"
"Ottawa","17","809","Michigan","5/28/20","693","116","26139","16.74"
"Out of MI","4","70","Michigan","5/28/20","42","28","80026","66.67"
"Presque Isle","0","11","Michigan","5/28/20","11","0","26141","0"
"Roscommon","0","24","Michigan","5/28/20","23","1","26143","4.35"
"Saginaw","7","1036","Michigan","5/28/20","988","48","26145","4.86"
"Sanilac","0","41","Michigan","5/28/20","40","1","26151","2.5"
"Schoolcraft","0","4","Michigan","5/28/20","4","0","26153","0"
"Shiawassee","-1","260","Michigan","5/28/20","267","-7","26155","-2.62"
"St. Clair","2","499","Michigan","5/28/20","483","16","26147","3.31"
"St. Joseph","3","114","Michigan","5/28/20","96","18","26149","18.75"
"Tuscola","1","189","Michigan","5/28/20","181","8","26157","4.42"
"Van Buren","2","155","Michigan","5/28/20","138","17","26159","12.32"
"Washtenaw","10","1485","Michigan","5/28/20","1417","68","26161","4.8"
"Wayne","84","20708","Michigan","5/28/20","20120","588","26163","2.92"
"Wexford","0","13","Michigan","5/28/20","13","0","26165","0"
"Aitkin","0","7","Minnesota","5/28/20","4","3","27001","75"
"Anoka","42","1289","Minnesota","5/28/20","995","294","27003","29.55"
"Becker","0","36","Minnesota","5/28/20","33","3","27005","9.09"
"Beltrami","1","14","Minnesota","5/28/20","9","5","27007","55.56"
"Benton","3","173","Minnesota","5/28/20","152","21","27009","13.82"
"Big Stone","0","4","Minnesota","5/28/20","3","1","27011","33.33"
"Blue Earth","3","126","Minnesota","5/28/20","104","22","27013","21.15"
"Brown","1","14","Minnesota","5/28/20","10","4","27015","40"
"Carlton","0","73","Minnesota","5/28/20","71","2","27017","2.82"
"Carver","7","189","Minnesota","5/28/20","138","51","27019","36.96"
"Cass","0","13","Minnesota","5/28/20","10","3","27021","30"
"Chippewa","1","44","Minnesota","5/28/20","37","7","27023","18.92"
"Chisago","2","54","Minnesota","5/28/20","39","15","27025","38.46"
"Clay","10","416","Minnesota","5/28/20","344","72","27027","20.93"
"Clearwater","0","3","Minnesota","5/28/20","2","1","27029","50"
"Cottonwood","1","69","Minnesota","5/28/20","59","10","27033","16.95"
"Crow Wing","3","59","Minnesota","5/28/20","38","21","27035","55.26"
"Dakota","39","1202","Minnesota","5/28/20","929","273","27037","29.39"
"Dodge","1","46","Minnesota","5/28/20","40","6","27039","15"
"Douglas","2","39","Minnesota","5/28/20","24","15","27041","62.5"
"Faribault","0","13","Minnesota","5/28/20","11","2","27043","18.18"
"Fillmore","0","17","Minnesota","5/28/20","17","0","27045","0"
"Freeborn","4","102","Minnesota","5/28/20","73","29","27047","39.73"
"Goodhue","3","60","Minnesota","5/28/20","40","20","27049","50"
"Grant","0","3","Minnesota","5/28/20","2","1","27051","50"
"Hennepin","238","7695","Minnesota","5/28/20","6029","1666","27053","27.63"
"Houston","0","2","Minnesota","5/28/20","2","0","27055","0"
"Hubbard","0","1","Minnesota","5/28/20","0","1","27057","1"
"Isanti","2","32","Minnesota","5/28/20","20","12","27059","60"
"Itasca","0","54","Minnesota","5/28/20","51","3","27061","5.88"
"Jackson","0","39","Minnesota","5/28/20","36","3","27063","8.33"
"Kanabec","0","11","Minnesota","5/28/20","10","1","27065","10"
"Kandiyohi","7","476","Minnesota","5/28/20","428","48","27067","11.21"
"Kittson","0","1","Minnesota","5/28/20","1","0","27069","0"
"Koochiching","0","7","Minnesota","5/28/20","4","3","27071","75"
"Lac qui Parle","0","3","Minnesota","5/28/20","3","0","27073","0"
"Lake","0","1","Minnesota","5/28/20","1","0","27075","0"
"Le Sueur","1","44","Minnesota","5/28/20","38","6","27079","15.79"
"Lincoln","0","5","Minnesota","5/28/20","4","1","27081","25"
"Lyon","1","38","Minnesota","5/28/20","28","10","27083","35.71"
"Mahnomen","0","5","Minnesota","5/28/20","5","0","27087","0"
"Marshall","0","9","Minnesota","5/28/20","8","1","27089","12.5"
"Martin","0","126","Minnesota","5/28/20","124","2","27091","1.61"
"McLeod","1","30","Minnesota","5/28/20","21","9","27085","42.86"
"Meeker","1","44","Minnesota","5/28/20","40","4","27093","10"
"Mille Lacs","1","19","Minnesota","5/28/20","14","5","27095","35.71"
"Morrison","1","41","Minnesota","5/28/20","32","9","27097","28.12"
"Mower","21","231","Minnesota","5/28/20","87","144","27099","165.52"
"Murray","0","36","Minnesota","5/28/20","33","3","27101","9.09"
"Nicollet","4","82","Minnesota","5/28/20","51","31","27103","60.78"
"Nobles","12","1496","Minnesota","5/28/20","1414","82","27105","5.8"
"Norman","0","11","Minnesota","5/28/20","11","0","27107","0"
"Olmsted","13","582","Minnesota","5/28/20","493","89","27109","18.05"
"Otter Tail","2","63","Minnesota","5/28/20","52","11","27111","21.15"
"Pennington","2","17","Minnesota","5/28/20","4","13","27113","325"
"Pine","1","89","Minnesota","5/28/20","83","6","27115","7.23"
"Pipestone","0","10","Minnesota","5/28/20","10","0","27117","0"
"Polk","0","59","Minnesota","5/28/20","57","2","27119","3.51"
"Pope","0","8","Minnesota","5/28/20","6","2","27121","33.33"
"Ramsey","110","2698","Minnesota","5/28/20","1925","773","27123","40.16"
"Red Lake","0","4","Minnesota","5/28/20","3","1","27125","33.33"
"Redwood","0","4","Minnesota","5/28/20","3","1","27127","33.33"
"Renville","0","5","Minnesota","5/28/20","5","0","27129","0"
"Rice","17","423","Minnesota","5/28/20","307","116","27131","37.79"
"Rock","0","22","Minnesota","5/28/20","20","2","27133","10"
"Roseau","0","2","Minnesota","5/28/20","1","1","27135","100"
"Scott","12","383","Minnesota","5/28/20","298","85","27139","28.52"
"Sherburne","6","222","Minnesota","5/28/20","183","39","27141","21.31"
"Sibley","0","15","Minnesota","5/28/20","12","3","27143","25"
"St. Louis","1","117","Minnesota","5/28/20","109","8","27137","7.34"
"Stearns","20","1995","Minnesota","5/28/20","1853","142","27145","7.66"
"Steele","4","149","Minnesota","5/28/20","122","27","27147","22.13"
"Stevens","0","1","Minnesota","5/28/20","0","1","27149","1"
"Swift","0","17","Minnesota","5/28/20","14","3","27151","21.43"
"Todd","26","296","Minnesota","5/28/20","116","180","27153","155.17"
"Traverse","0","3","Minnesota","5/28/20","3","0","27155","0"
"Wabasha","0","17","Minnesota","5/28/20","16","1","27157","6.25"
"Wadena","0","8","Minnesota","5/28/20","6","2","27159","33.33"
"Waseca","0","25","Minnesota","5/28/20","22","3","27161","13.64"
"Washington","21","576","Minnesota","5/28/20","431","145","27163","33.64"
"Watonwan","3","64","Minnesota","5/28/20","42","22","27165","52.38"
"Wilkin","0","11","Minnesota","5/28/20","11","0","27167","0"
"Winona","0","78","Minnesota","5/28/20","75","3","27169","4"
"Wright","11","280","Minnesota","5/28/20","200","80","27171","40"
"Yellow Medicine","0","6","Minnesota","5/28/20","5","1","27173","20"
"Adams","2","190","Mississippi","5/28/20","179","11","28001","6.15"
"Alcorn","0","14","Mississippi","5/28/20","12","2","28003","16.67"
"Amite","1","56","Mississippi","5/28/20","49","7","28005","14.29"
"Attala","4","284","Mississippi","5/28/20","257","27","28007","10.51"
"Benton","0","15","Mississippi","5/28/20","13","2","28009","15.38"
"Bolivar","3","154","Mississippi","5/28/20","133","21","28011","15.79"
"Calhoun","0","63","Mississippi","5/28/20","61","2","28013","3.28"
"Carroll","0","115","Mississippi","5/28/20","112","3","28015","2.68"
"Chickasaw","1","130","Mississippi","5/28/20","122","8","28017","6.56"
"Choctaw","1","34","Mississippi","5/28/20","27","7","28019","25.93"
"Claiborne","3","69","Mississippi","5/28/20","51","18","28021","35.29"
"Clarke","3","138","Mississippi","5/28/20","119","19","28023","15.97"
"Clay","3","108","Mississippi","5/28/20","90","18","28025","20"
"Coahoma","4","114","Mississippi","5/28/20","86","28","28027","32.56"
"Copiah","9","290","Mississippi","5/28/20","228","62","28029","27.19"
"Covington","3","143","Mississippi","5/28/20","123","20","28031","16.26"
"DeSoto","12","503","Mississippi","5/28/20","419","84","28033","20.05"
"Forrest","10","523","Mississippi","5/28/20","453","70","28035","15.45"
"Franklin","1","28","Mississippi","5/28/20","23","5","28037","21.74"
"George","0","21","Mississippi","5/28/20","19","2","28039","10.53"
"Greene","0","9","Mississippi","5/28/20","7","2","28041","28.57"
"Grenada","3","85","Mississippi","5/28/20","66","19","28043","28.79"
"Hancock","1","87","Mississippi","5/28/20","81","6","28045","7.41"
"Harrison","3","247","Mississippi","5/28/20","224","23","28047","10.27"
"Hinds","19","959","Mississippi","5/28/20","825","134","28049","16.24"
"Holmes","7","385","Mississippi","5/28/20","333","52","28051","15.62"
"Humphreys","1","58","Mississippi","5/28/20","49","9","28053","18.37"
"Itawamba","1","84","Mississippi","5/28/20","80","4","28057","5"
"Jackson","2","303","Mississippi","5/28/20","291","12","28059","4.12"
"Jasper","4","152","Mississippi","5/28/20","126","26","28061","20.63"
"Jefferson","0","40","Mississippi","5/28/20","40","0","28063","0"
"Jefferson Davis","1","77","Mississippi","5/28/20","69","8","28065","11.59"
"Jones","26","566","Mississippi","5/28/20","386","180","28067","46.63"
"Kemper","3","136","Mississippi","5/28/20","112","24","28069","21.43"
"Lafayette","2","127","Mississippi","5/28/20","110","17","28071","15.45"
"Lamar","3","231","Mississippi","5/28/20","210","21","28073","10"
"Lauderdale","11","713","Mississippi","5/28/20","637","76","28075","11.93"
"Lawrence","3","102","Mississippi","5/28/20","81","21","28077","25.93"
"Leake","5","400","Mississippi","5/28/20","368","32","28079","8.7"
"Lee","4","124","Mississippi","5/28/20","97","27","28081","27.84"
"Leflore","6","251","Mississippi","5/28/20","206","45","28083","21.84"
"Lincoln","4","250","Mississippi","5/28/20","224","26","28085","11.61"
"Lowndes","8","189","Mississippi","5/28/20","136","53","28087","38.97"
"Madison","16","694","Mississippi","5/28/20","582","112","28089","19.24"
"Marion","2","114","Mississippi","5/28/20","100","14","28091","14"
"Marshall","1","77","Mississippi","5/28/20","68","9","28093","13.24"
"Monroe","3","252","Mississippi","5/28/20","229","23","28095","10.04"
"Montgomery","1","81","Mississippi","5/28/20","76","5","28097","6.58"
"Neshoba","17","589","Mississippi","5/28/20","470","119","28099","25.32"
"Newton","7","256","Mississippi","5/28/20","210","46","28101","21.9"
"Noxubee","4","173","Mississippi","5/28/20","148","25","28103","16.89"
"Oktibbeha","6","154","Mississippi","5/28/20","114","40","28105","35.09"
"Panola","1","64","Mississippi","5/28/20","58","6","28107","10.34"
"Pearl River","1","206","Mississippi","5/28/20","197","9","28109","4.57"
"Perry","2","50","Mississippi","5/28/20","38","12","28111","31.58"
"Pike","2","203","Mississippi","5/28/20","188","15","28113","7.98"
"Pontotoc","0","29","Mississippi","5/28/20","26","3","28115","11.54"
"Prentiss","1","42","Mississippi","5/28/20","37","5","28117","13.51"
"Quitman","1","25","Mississippi","5/28/20","21","4","28119","19.05"
"Rankin","10","385","Mississippi","5/28/20","315","70","28121","22.22"
"Scott","9","630","Mississippi","5/28/20","569","61","28123","10.72"
"Sharkey","0","7","Mississippi","5/28/20","7","0","28125","0"
"Simpson","2","95","Mississippi","5/28/20","79","16","28127","20.25"
"Smith","3","145","Mississippi","5/28/20","124","21","28129","16.94"
"Stone","1","30","Mississippi","5/28/20","25","5","28131","20"
"Sunflower","1","78","Mississippi","5/28/20","71","7","28133","9.86"
"Tallahatchie","0","26","Mississippi","5/28/20","23","3","28135","13.04"
"Tate","2","74","Mississippi","5/28/20","58","16","28137","27.59"
"Tippah","0","71","Mississippi","5/28/20","69","2","28139","2.9"
"Tishomingo","1","28","Mississippi","5/28/20","21","7","28141","33.33"
"Tunica","1","53","Mississippi","5/28/20","45","8","28143","17.78"
"Union","2","80","Mississippi","5/28/20","66","14","28145","21.21"
"Walthall","1","52","Mississippi","5/28/20","48","4","28147","8.33"
"Warren","3","159","Mississippi","5/28/20","138","21","28149","15.22"
"Washington","3","166","Mississippi","5/28/20","143","23","28151","16.08"
"Wayne","14","154","Mississippi","5/28/20","58","96","28153","165.52"
"Webster","5","61","Mississippi","5/28/20","25","36","28155","144"
"Wilkinson","1","85","Mississippi","5/28/20","80","5","28157","6.25"
"Winston","2","105","Mississippi","5/28/20","92","13","28159","14.13"
"Yalobusha","1","85","Mississippi","5/28/20","76","9","28161","11.84"
"Yazoo","5","227","Mississippi","5/28/20","194","33","28163","17.01"
"Adair","2","49","Missouri","5/28/20","34","15","29001","44.12"
"Andrew","1","30","Missouri","5/28/20","20","10","29003","50"
"Atchison","0","3","Missouri","5/28/20","3","0","29005","0"
"Audrain","7","71","Missouri","5/28/20","21","50","29007","238.1"
"Barry","0","9","Missouri","5/28/20","7","2","29009","28.57"
"Bates","0","7","Missouri","5/28/20","7","0","29013","0"
"Benton","0","10","Missouri","5/28/20","10","0","29015","0"
"Bollinger","0","6","Missouri","5/28/20","5","1","29017","20"
"Boone","4","138","Missouri","5/28/20","108","30","29019","27.78"
"Buchanan","13","677","Missouri","5/28/20","587","90","29021","15.33"
"Butler","-1","30","Missouri","5/28/20","34","-4","29023","-11.76"
"Caldwell","0","5","Missouri","5/28/20","5","0","29025","0"
"Callaway","1","27","Missouri","5/28/20","23","4","29027","17.39"
"Camden","0","38","Missouri","5/28/20","36","2","29029","5.56"
"Cape Girardeau","2","70","Missouri","5/28/20","56","14","29031","25"
"Carroll","0","8","Missouri","5/28/20","7","1","29033","14.29"
"Carter","0","5","Missouri","5/28/20","4","1","29035","25"
"Cass","1","85","Missouri","5/28/20","75","10","29037","13.33"
"Cedar","0","9","Missouri","5/28/20","9","0","29039","0"
"Chariton","0","6","Missouri","5/28/20","6","0","29041","0"
"Christian","0","21","Missouri","5/28/20","21","0","29043","0"
"Clark","0","1","Missouri","5/28/20","1","0","29045","0"
"Clay","5","162","Missouri","5/28/20","127","35","29047","27.56"
"Clinton","0","18","Missouri","5/28/20","18","0","29049","0"
"Cole","1","60","Missouri","5/28/20","56","4","29051","7.14"
"Cooper","0","9","Missouri","5/28/20","9","0","29053","0"
"Crawford","0","9","Missouri","5/28/20","9","0","29055","0"
"Dallas","0","3","Missouri","5/28/20","3","0","29059","0"
"Daviess","0","4","Missouri","5/28/20","3","1","29061","33.33"
"DeKalb","0","6","Missouri","5/28/20","5","1","29063","20"
"Dunklin","1","32","Missouri","5/28/20","26","6","29069","23.08"
"Franklin","0","140","Missouri","5/28/20","137","3","29071","2.19"
"Gasconade","0","2","Missouri","5/28/20","2","0","29073","0"
"Gentry","3","25","Missouri","5/28/20","4","21","29075","525"
"Greene","2","128","Missouri","5/28/20","112","16","29077","14.29"
"Harrison","0","9","Missouri","5/28/20","8","1","29081","12.5"
"Henry","0","10","Missouri","5/28/20","9","1","29083","11.11"
"Holt","0","1","Missouri","5/28/20","1","0","29087","0"
"Howard","0","3","Missouri","5/28/20","3","0","29089","0"
"Howell","0","6","Missouri","5/28/20","5","1","29091","20"
"Iron","0","2","Missouri","5/28/20","2","0","29093","0"
"Jackson","12","554","Missouri","5/28/20","469","85","29095","18.12"
"Jasper","1","33","Missouri","5/28/20","29","4","29097","13.79"
"Jefferson","2","348","Missouri","5/28/20","333","15","29099","4.5"
"Johnson","0","74","Missouri","5/28/20","72","2","29101","2.78"
"Kansas City","25","1105","Missouri","5/28/20","927","178","00000","19.2"
"Laclede","0","3","Missouri","5/28/20","3","0","29105","0"
"Lafayette","1","73","Missouri","5/28/20","69","4","29107","5.8"
"Lawrence","0","8","Missouri","5/28/20","8","0","29109","0"
"Lewis","0","7","Missouri","5/28/20","7","0","29111","0"
"Lincoln","1","109","Missouri","5/28/20","105","4","29113","3.81"
"Linn","0","6","Missouri","5/28/20","5","1","29115","20"
"Livingston","0","3","Missouri","5/28/20","3","0","29117","0"
"Macon","0","3","Missouri","5/28/20","2","1","29121","50"
"Madison","0","3","Missouri","5/28/20","3","0","29123","0"
"Maries","0","2","Missouri","5/28/20","2","0","29125","0"
"Marion","0","5","Missouri","5/28/20","5","0","29127","0"
"McDonald","1","19","Missouri","5/28/20","14","5","29119","35.71"
"Miller","0","4","Missouri","5/28/20","4","0","29131","0"
"Mississippi","1","55","Missouri","5/28/20","50","5","29133","10"
"Moniteau","0","46","Missouri","5/28/20","44","2","29135","4.55"
"Montgomery","0","9","Missouri","5/28/20","7","2","29139","28.57"
"Morgan","0","9","Missouri","5/28/20","8","1","29141","12.5"
"New Madrid","1","19","Missouri","5/28/20","14","5","29143","35.71"
"Newton","0","16","Missouri","5/28/20","16","0","29145","0"
"Nodaway","1","12","Missouri","5/28/20","8","4","29147","50"
"Oregon","0","2","Missouri","5/28/20","2","0","29149","0"
"Osage","0","5","Missouri","5/28/20","5","0","29151","0"
"Pemiscot","1","76","Missouri","5/28/20","70","6","29155","8.57"
"Perry","0","50","Missouri","5/28/20","48","2","29157","4.17"
"Pettis","1","78","Missouri","5/28/20","70","8","29159","11.43"
"Phelps","0","4","Missouri","5/28/20","3","1","29161","33.33"
"Pike","0","17","Missouri","5/28/20","14","3","29163","21.43"
"Platte","1","69","Missouri","5/28/20","62","7","29165","11.29"
"Polk","0","3","Missouri","5/28/20","2","1","29167","50"
"Pulaski","0","34","Missouri","5/28/20","33","1","29169","3.03"
"Ralls","0","3","Missouri","5/28/20","2","1","29173","50"
"Randolph","0","9","Missouri","5/28/20","8","1","29175","12.5"
"Ray","1","19","Missouri","5/28/20","14","5","29177","35.71"
"Reynolds","0","2","Missouri","5/28/20","2","0","29179","0"
"Ripley","0","7","Missouri","5/28/20","7","0","29181","0"
"Saline","1","268","Missouri","5/28/20","260","8","29195","3.08"
"Scotland","0","4","Missouri","5/28/20","4","0","29199","0"
"Scott","1","98","Missouri","5/28/20","89","9","29201","10.11"
"Shelby","0","1","Missouri","5/28/20","1","0","29205","0"
"St. Charles","7","763","Missouri","5/28/20","712","51","29183","7.16"
"St. Clair","0","3","Missouri","5/28/20","3","0","29185","0"
"St. Francois","0","33","Missouri","5/28/20","33","0","29187","0"
"St. Louis","54","4933","Missouri","5/28/20","4557","376","29189","8.25"
"St. Louis City","23","1906","Missouri","5/28/20","1744","162","29510","9.29"
"Ste. Genevieve","0","9","Missouri","5/28/20","8","1","29186","12.5"
"Stoddard","2","76","Missouri","5/28/20","64","12","29207","18.75"
"Stone","0","4","Missouri","5/28/20","4","0","29209","0"
"Sullivan","2","54","Missouri","5/28/20","38","16","29211","42.11"
"Taney","0","14","Missouri","5/28/20","14","0","29213","0"
"Vernon","0","9","Missouri","5/28/20","7","2","29217","28.57"
"Warren","0","28","Missouri","5/28/20","28","0","29219","0"
"Washington","0","10","Missouri","5/28/20","10","0","29221","0"
"Webster","0","17","Missouri","5/28/20","17","0","29225","0"
"Worth","0","4","Missouri","5/28/20","3","1","29227","33.33"
"Wright","0","11","Missouri","5/28/20","11","0","29229","0"
"Beaverhead","0","1","Montana","5/28/20","1","0","30001","0"
"Big Horn","1","12","Montana","5/28/20","8","4","30003","50"
"Broadwater","0","4","Montana","5/28/20","4","0","30007","0"
"Carbon","0","6","Montana","5/28/20","6","0","30009","0"
"Cascade","0","17","Montana","5/28/20","17","0","30013","0"
"Deer Lodge","0","3","Montana","5/28/20","3","0","30023","0"
"Flathead","0","37","Montana","5/28/20","37","0","30029","0"
"Gallatin","0","149","Montana","5/28/20","149","0","30031","0"
"Glacier","0","6","Montana","5/28/20","6","0","30035","0"
"Golden Valley","0","3","Montana","5/28/20","3","0","30037","0"
"Hill","0","1","Montana","5/28/20","1","0","30041","0"
"Jefferson","0","3","Montana","5/28/20","3","0","30043","0"
"Lake","0","5","Montana","5/28/20","5","0","30047","0"
"Lewis and Clark","0","16","Montana","5/28/20","16","0","30049","0"
"Liberty","0","1","Montana","5/28/20","1","0","30051","0"
"Lincoln","0","7","Montana","5/28/20","7","0","30053","0"
"Madison","0","8","Montana","5/28/20","8","0","30057","0"
"Meagher","0","1","Montana","5/28/20","1","0","30059","0"
"Missoula","0","39","Montana","5/28/20","39","0","30063","0"
"Musselshell","0","1","Montana","5/28/20","1","0","30065","0"
"Park","0","8","Montana","5/28/20","8","0","30067","0"
"Pondera","0","2","Montana","5/28/20","2","0","30073","0"
"Ravalli","0","13","Montana","5/28/20","13","0","30081","0"
"Richland","0","3","Montana","5/28/20","3","0","30083","0"
"Roosevelt","0","7","Montana","5/28/20","7","0","30085","0"
"Silver Bow","0","11","Montana","5/28/20","11","0","30093","0"
"Stillwater","0","1","Montana","5/28/20","1","0","30095","0"
"Toole","0","29","Montana","5/28/20","29","0","30101","0"
"Wheatland","0","1","Montana","5/28/20","1","0","30107","0"
"Yellowstone","0","90","Montana","5/28/20","88","2","30111","2.27"
"Adams","1","265","Nebraska","5/28/20","258","7","31001","2.71"
"Antelope","0","8","Nebraska","5/28/20","7","1","31003","14.29"
"Boone","0","4","Nebraska","5/28/20","3","1","31011","33.33"
"Box Butte","0","2","Nebraska","5/28/20","1","1","31013","100"
"Buffalo","2","150","Nebraska","5/28/20","136","14","31019","10.29"
"Burt","0","9","Nebraska","5/28/20","7","2","31021","28.57"
"Butler","1","47","Nebraska","5/28/20","37","10","31023","27.03"
"Cass","2","42","Nebraska","5/28/20","27","15","31025","55.56"
"Cedar","0","7","Nebraska","5/28/20","6","1","31027","16.67"
"Chase","0","1","Nebraska","5/28/20","0","1","31029","1"
"Cherry","0","1","Nebraska","5/28/20","1","0","31031","0"
"Cheyenne","0","9","Nebraska","5/28/20","9","0","31033","0"
"Clay","1","24","Nebraska","5/28/20","20","4","31035","20"
"Colfax","5","609","Nebraska","5/28/20","573","36","31037","6.28"
"Cuming","1","31","Nebraska","5/28/20","26","5","31039","19.23"
"Custer","0","31","Nebraska","5/28/20","29","2","31041","6.9"
"Dakota","23","1650","Nebraska","5/28/20","1489","161","31043","10.81"
"Dawes","0","1","Nebraska","5/28/20","1","0","31045","0"
"Dawson","3","833","Nebraska","5/28/20","813","20","31047","2.46"
"Dixon","0","26","Nebraska","5/28/20","27","-1","31051","-3.7"
"Dodge","17","413","Nebraska","5/28/20","295","118","31053","40"
"Douglas","134","3736","Nebraska","5/28/20","2798","938","31055","33.52"
"Fillmore","0","5","Nebraska","5/28/20","5","0","31059","0"
"Franklin","0","6","Nebraska","5/28/20","6","0","31061","0"
"Frontier","0","1","Nebraska","5/28/20","1","0","31063","0"
"Furnas","0","8","Nebraska","5/28/20","6","2","31065","33.33"
"Gage","0","44","Nebraska","5/28/20","44","0","31067","0"
"Gosper","0","13","Nebraska","5/28/20","13","0","31073","0"
"Greeley","0","2","Nebraska","5/28/20","2","0","31077","0"
"Hall","3","1476","Nebraska","5/28/20","1452","24","31079","1.65"
"Hamilton","0","54","Nebraska","5/28/20","52","2","31081","3.85"
"Harlan","0","1","Nebraska","5/28/20","0","1","31083","1"
"Hitchcock","0","1","Nebraska","5/28/20","1","0","31087","0"
"Holt","0","1","Nebraska","5/28/20","1","0","31089","0"
"Howard","0","40","Nebraska","5/28/20","38","2","31093","5.26"
"Jefferson","0","6","Nebraska","5/28/20","6","0","31095","0"
"Johnson","0","7","Nebraska","5/28/20","7","0","31097","0"
"Kearney","0","12","Nebraska","5/28/20","11","1","31099","9.09"
"Keith","0","2","Nebraska","5/28/20","2","0","31101","0"
"Keya Paha","0","0","Nebraska","5/28/20","3","-3","31103","-100"
"Kimball","0","8","Nebraska","5/28/20","8","0","31105","0"
"Knox","0","10","Nebraska","5/28/20","8","2","31107","25"
"Lancaster","21","1140","Nebraska","5/28/20","995","145","31109","14.57"
"Lincoln","0","47","Nebraska","5/28/20","48","-1","31111","-2.08"
"Madison","2","306","Nebraska","5/28/20","294","12","31119","4.08"
"Merrick","0","33","Nebraska","5/28/20","32","1","31121","3.12"
"Morrill","0","11","Nebraska","5/28/20","10","1","31123","10"
"Nance","0","5","Nebraska","5/28/20","5","0","31125","0"
"Nemaha","0","3","Nebraska","5/28/20","3","0","31127","0"
"Nuckolls","0","1","Nebraska","5/28/20","1","0","31129","0"
"Otoe","0","6","Nebraska","5/28/20","6","0","31131","0"
"Phelps","1","20","Nebraska","5/28/20","16","4","31137","25"
"Pierce","0","5","Nebraska","5/28/20","2","3","31139","150"
"Platte","5","549","Nebraska","5/28/20","515","34","31141","6.6"
"Polk","0","10","Nebraska","5/28/20","9","1","31143","11.11"
"Red Willow","0","5","Nebraska","5/28/20","5","0","31145","0"
"Richardson","0","1","Nebraska","5/28/20","1","0","31147","0"
"Saline","5","495","Nebraska","5/28/20","463","32","31151","6.91"
"Sarpy","18","531","Nebraska","5/28/20","404","127","31153","31.44"
"Saunders","2","33","Nebraska","5/28/20","22","11","31155","50"
"Scotts Bluff","4","84","Nebraska","5/28/20","58","26","31157","44.83"
"Seward","0","27","Nebraska","5/28/20","27","0","31159","0"
"Sherman","0","4","Nebraska","5/28/20","2","2","31163","100"
"Stanton","1","21","Nebraska","5/28/20","15","6","31167","40"
"Thomas","0","1","Nebraska","5/28/20","1","0","31171","0"
"Thurston","2","38","Nebraska","5/28/20","23","15","31173","65.22"
"Valley","0","3","Nebraska","5/28/20","3","0","31175","0"
"Washington","0","28","Nebraska","5/28/20","26","2","31177","7.69"
"Wayne","1","14","Nebraska","5/28/20","7","7","31179","100"
"Webster","0","5","Nebraska","5/28/20","5","0","31181","0"
"York","1","35","Nebraska","5/28/20","30","5","31185","16.67"
"Carson City","2","94","Nevada","5/28/20","81","13","32510","16.05"
"Churchill","0","7","Nevada","5/28/20","6","1","32001","16.67"
"Clark","88","6352","Nevada","5/28/20","5734","618","32003","10.78"
"Douglas","1","30","Nevada","5/28/20","26","4","32005","15.38"
"Elko","0","24","Nevada","5/28/20","21","3","32007","14.29"
"Humboldt","0","78","Nevada","5/28/20","76","2","32013","2.63"
"Lander","0","20","Nevada","5/28/20","19","1","32015","5.26"
"Lincoln","0","2","Nevada","5/28/20","2","0","32017","0"
"Lyon","1","57","Nevada","5/28/20","51","6","32019","11.76"
"Mineral","0","4","Nevada","5/28/20","4","0","32021","0"
"Nye","0","61","Nevada","5/28/20","59","2","32023","3.39"
"Storey","0","1","Nevada","5/28/20","1","0","32029","0"
"Washoe","28","1514","Nevada","5/28/20","1316","198","32031","15.05"
"White Pine","0","4","Nevada","5/28/20","4","0","32033","0"
"Belknap","0","57","New Hampshire","5/28/20","54","3","33001","5.56"
"Carroll","0","46","New Hampshire","5/28/20","46","0","33003","0"
"Cheshire","1","55","New Hampshire","5/28/20","50","5","33005","10"
"Coos","0","5","New Hampshire","5/28/20","4","1","33007","25"
"Grafton","1","74","New Hampshire","5/28/20","66","8","33009","12.12"
"Hillsborough","42","2254","New Hampshire","5/28/20","1963","291","33011","14.82"
"Merrimack","5","331","New Hampshire","5/28/20","299","32","33013","10.7"
"Rockingham","14","1277","New Hampshire","5/28/20","1179","98","33015","8.31"
"Strafford","3","263","New Hampshire","5/28/20","243","20","33017","8.23"
"Sullivan","0","17","New Hampshire","5/28/20","16","1","33019","6.25"
"Atlantic","32","2120","New Jersey","5/28/20","1895","225","34001","11.87"
"Bergen","82","18158","New Jersey","5/28/20","17583","575","34003","3.27"
"Burlington","54","4476","New Jersey","5/28/20","4097","379","34005","9.25"
"Camden","68","6292","New Jersey","5/28/20","5818","474","34007","8.15"
"Cape May","10","602","New Jersey","5/28/20","534","68","34009","12.73"
"Cumberland","40","2146","New Jersey","5/28/20","1869","277","34011","14.82"
"Essex","77","17516","New Jersey","5/28/20","16980","536","34013","3.16"
"Gloucester","23","2165","New Jersey","5/28/20","2002","163","34015","8.14"
"Hudson","-31","18660","New Jersey","5/28/20","18880","-220","34017","-1.17"
"Hunterdon","7","974","New Jersey","5/28/20","925","49","34019","5.3"
"Mercer","66","6670","New Jersey","5/28/20","6205","465","34021","7.49"
"Middlesex","82","15633","New Jersey","5/28/20","15057","576","34023","3.83"
"Monmouth","54","8012","New Jersey","5/28/20","7637","375","34025","4.91"
"Morris","28","6354","New Jersey","5/28/20","6155","199","34027","3.23"
"Ocean","52","8577","New Jersey","5/28/20","8214","363","34029","4.42"
"Passaic","66","15959","New Jersey","5/28/20","15497","462","34031","2.98"
"Salem","15","592","New Jersey","5/28/20","484","108","34033","22.31"
"Somerset","19","4522","New Jersey","5/28/20","4390","132","34035","3.01"
"Sussex","4","1104","New Jersey","5/28/20","1077","27","34037","2.51"
"Union","43","15475","New Jersey","5/28/20","15176","299","34039","1.97"
"Warren","5","1146","New Jersey","5/28/20","1111","35","34041","3.15"
"Bernalillo","23","1434","New Mexico","5/28/20","1273","161","35001","12.65"
"Catron","0","2","New Mexico","5/28/20","2","0","35003","0"
"Chaves","1","42","New Mexico","5/28/20","34","8","35005","23.53"
"Cibola","3","136","New Mexico","5/28/20","113","23","35006","20.35"
"Colfax","0","5","New Mexico","5/28/20","5","0","35007","0"
"Curry","1","51","New Mexico","5/28/20","44","7","35009","15.91"
"Dona Ana","11","442","New Mexico","5/28/20","362","80","35013","22.1"
"Eddy","1","21","New Mexico","5/28/20","17","4","35015","23.53"
"Grant","0","15","New Mexico","5/28/20","16","-1","35017","-6.25"
"Guadalupe","0","20","New Mexico","5/28/20","19","1","35019","5.26"
"Harding","0","1","New Mexico","5/28/20","1","0","35021","0"
"Hidalgo","0","1","New Mexico","5/28/20","1","0","35023","0"
"Lea","0","24","New Mexico","5/28/20","21","3","35025","14.29"
"Lincoln","0","2","New Mexico","5/28/20","3","-1","35027","-33.33"
"Los Alamos","0","6","New Mexico","5/28/20","6","0","35028","0"
"Luna","0","7","New Mexico","5/28/20","8","-1","35029","-12.5"
"McKinley","35","2291","New Mexico","5/28/20","2044","247","35031","12.08"
"Otero","1","18","New Mexico","5/28/20","8","10","35035","125"
"Quay","0","5","New Mexico","5/28/20","5","0","35037","0"
"Rio Arriba","1","41","New Mexico","5/28/20","36","5","35039","13.89"
"Roosevelt","2","37","New Mexico","5/28/20","26","11","35041","42.31"
"San Juan","30","1662","New Mexico","5/28/20","1451","211","35045","14.54"
"San Miguel","1","14","New Mexico","5/28/20","10","4","35047","40"
"Sandoval","4","556","New Mexico","5/28/20","528","28","35043","5.3"
"Santa Fe","2","138","New Mexico","5/28/20","127","11","35049","8.66"
"Sierra","0","1","New Mexico","5/28/20","1","0","35051","0"
"Socorro","0","50","New Mexico","5/28/20","49","1","35053","2.04"
"Taos","0","24","New Mexico","5/28/20","22","2","35055","9.09"
"Torrance","2","33","New Mexico","5/28/20","19","14","35057","73.68"
"Union","0","3","New Mexico","5/28/20","3","0","35059","0"
"Valencia","1","73","New Mexico","5/28/20","69","4","35061","5.8"
"Albany","16","1814","New York","5/28/20","1700","114","36001","6.71"
"Allegany","0","45","New York","5/28/20","44","1","36003","2.27"
"Broome","13","545","New York","5/28/20","451","94","36007","20.84"
"Cattaraugus","2","85","New York","5/28/20","71","14","36009","19.72"
"Cayuga","2","84","New York","5/28/20","72","12","36011","16.67"
"Chautauqua","3","81","New York","5/28/20","58","23","36013","39.66"
"Chemung","0","136","New York","5/28/20","134","2","36015","1.49"
"Chenango","1","126","New York","5/28/20","118","8","36017","6.78"
"Clinton","0","95","New York","5/28/20","94","1","36019","1.06"
"Columbia","4","380","New York","5/28/20","355","25","36021","7.04"
"Cortland","0","39","New York","5/28/20","36","3","36023","8.33"
"Delaware","1","78","New York","5/28/20","71","7","36025","9.86"
"Dutchess","17","3867","New York","5/28/20","3745","122","36027","3.26"
"Erie","88","5886","New York","5/28/20","5270","616","36029","11.69"
"Essex","0","36","New York","5/28/20","36","0","36031","0"
"Franklin","0","20","New York","5/28/20","19","1","36033","5.26"
"Fulton","2","200","New York","5/28/20","186","14","36035","7.53"
"Genesee","1","197","New York","5/28/20","188","9","36037","4.79"
"Greene","3","236","New York","5/28/20","215","21","36039","9.77"
"Hamilton","0","5","New York","5/28/20","5","0","36041","0"
"Herkimer","2","106","New York","5/28/20","93","13","36043","13.98"
"Jefferson","0","72","New York","5/28/20","71","1","36045","1.41"
"Lewis","0","20","New York","5/28/20","18","2","36049","11.11"
"Livingston","1","118","New York","5/28/20","114","4","36051","3.51"
"Madison","2","310","New York","5/28/20","294","16","36053","5.44"
"Monroe","42","2824","New York","5/28/20","2530","294","36055","11.62"
"Montgomery","1","82","New York","5/28/20","77","5","36057","6.49"
"Nassau","93","40140","New York","5/28/20","39487","653","36059","1.65"
"New York","768","201051","New York","5/28/20","195675","5376","36061","2.75"
"Niagara","15","984","New York","5/28/20","880","104","36063","11.82"
"Oneida","20","959","New York","5/28/20","817","142","36065","17.38"
"Onondaga","40","2054","New York","5/28/20","1771","283","36067","15.98"
"Ontario","4","201","New York","5/28/20","176","25","36069","14.2"
"Orange","33","10325","New York","5/28/20","10092","233","36071","2.31"
"Orleans","5","212","New York","5/28/20","174","38","36073","21.84"
"Oswego","2","107","New York","5/28/20","92","15","36075","16.3"
"Otsego","0","70","New York","5/28/20","67","3","36077","4.48"
"Putnam","9","1236","New York","5/28/20","1175","61","36079","5.19"
"Rensselaer","2","469","New York","5/28/20","456","13","36083","2.85"
"Rockland","28","13076","New York","5/28/20","12877","199","36087","1.55"
"Saratoga","4","468","New York","5/28/20","440","28","36091","6.36"
"Schenectady","5","676","New York","5/28/20","638","38","36093","5.96"
"Schoharie","0","49","New York","5/28/20","49","0","36095","0"
"Schuyler","0","11","New York","5/28/20","10","1","36097","10"
"Seneca","1","56","New York","5/28/20","52","4","36099","7.69"
"St. Lawrence","1","201","New York","5/28/20","195","6","36089","3.08"
"Steuben","0","241","New York","5/28/20","238","3","36101","1.26"
"Suffolk","115","39359","New York","5/28/20","38553","806","36103","2.09"
"Sullivan","10","1351","New York","5/28/20","1281","70","36105","5.46"
"Tioga","1","126","New York","5/28/20","117","9","36107","7.69"
"Tompkins","2","156","New York","5/28/20","145","11","36109","7.59"
"Ulster","11","1658","New York","5/28/20","1584","74","36111","4.67"
"Warren","2","253","New York","5/28/20","241","12","36113","4.98"
"Washington","1","231","New York","5/28/20","222","9","36115","4.05"
"Wayne","1","112","New York","5/28/20","103","9","36117","8.74"
"Westchester","89","33293","New York","5/28/20","32673","620","36119","1.9"
"Wyoming","0","82","New York","5/28/20","79","3","36121","3.8"
"Yates","1","39","New York","5/28/20","34","5","36123","14.71"
"Alamance","13","325","North Carolina","5/28/20","234","91","37001","38.89"
"Alexander","1","30","North Carolina","5/28/20","23","7","37003","30.43"
"Alleghany","0","14","North Carolina","5/28/20","12","2","37005","16.67"
"Anson","2","64","North Carolina","5/28/20","50","14","37007","28"
"Ashe","1","35","North Carolina","5/28/20","28","7","37009","25"
"Avery","0","2","North Carolina","5/28/20","1","1","37011","100"
"Beaufort","0","36","North Carolina","5/28/20","33","3","37013","9.09"
"Bertie","3","118","North Carolina","5/28/20","98","20","37015","20.41"
"Bladen","2","94","North Carolina","5/28/20","81","13","37017","16.05"
"Brunswick","3","83","North Carolina","5/28/20","62","21","37019","33.87"
"Buncombe","17","303","North Carolina","5/28/20","183","120","37021","65.57"
"Burke","20","350","North Carolina","5/28/20","210","140","37023","66.67"
"Cabarrus","8","457","North Carolina","5/28/20","400","57","37025","14.25"
"Caldwell","4","120","North Carolina","5/28/20","92","28","37027","30.43"
"Camden","0","3","North Carolina","5/28/20","3","0","37029","0"
"Carteret","0","37","North Carolina","5/28/20","36","1","37031","2.78"
"Caswell","2","57","North Carolina","5/28/20","45","12","37033","26.67"
"Catawba","10","194","North Carolina","5/28/20","121","73","37035","60.33"
"Chatham","7","595","North Carolina","5/28/20","543","52","37037","9.58"
"Cherokee","0","30","North Carolina","5/28/20","30","0","37039","0"
"Chowan","0","17","North Carolina","5/28/20","15","2","37041","13.33"
"Clay","0","8","North Carolina","5/28/20","8","0","37043","0"
"Cleveland","3","78","North Carolina","5/28/20","60","18","37045","30"
"Columbus","9","323","North Carolina","5/28/20","259","64","37047","24.71"
"Craven","8","192","North Carolina","5/28/20","135","57","37049","42.22"
"Cumberland","13","622","North Carolina","5/28/20","529","93","37051","17.58"
"Currituck","1","15","North Carolina","5/28/20","11","4","37053","36.36"
"Dare","0","22","North Carolina","5/28/20","22","0","37055","0"
"Davidson","6","368","North Carolina","5/28/20","323","45","37057","13.93"
"Davie","4","82","North Carolina","5/28/20","55","27","37059","49.09"
"Duplin","39","744","North Carolina","5/28/20","470","274","37061","58.3"
"Durham","40","1411","North Carolina","5/28/20","1131","280","37063","24.76"
"Edgecombe","2","190","North Carolina","5/28/20","174","16","37065","9.2"
"Forsyth","44","1081","North Carolina","5/28/20","773","308","37067","39.84"
"Franklin","4","156","North Carolina","5/28/20","131","25","37069","19.08"
"Gaston","5","255","North Carolina","5/28/20","220","35","37071","15.91"
"Gates","2","25","North Carolina","5/28/20","14","11","37073","78.57"
"Graham","0","2","North Carolina","5/28/20","2","0","37075","0"
"Granville","9","278","North Carolina","5/28/20","215","63","37077","29.3"
"Greene","2","68","North Carolina","5/28/20","51","17","37079","33.33"
"Guilford","35","1173","North Carolina","5/28/20","931","242","37081","25.99"
"Halifax","6","167","North Carolina","5/28/20","125","42","37083","33.6"
"Harnett","4","281","North Carolina","5/28/20","255","26","37085","10.2"
"Haywood","3","47","North Carolina","5/28/20","28","19","37087","67.86"
"Henderson","4","327","North Carolina","5/28/20","299","28","37089","9.36"
"Hertford","2","72","North Carolina","5/28/20","60","12","37091","20"
"Hoke","9","227","North Carolina","5/28/20","166","61","37093","36.75"
"Hyde","0","1","North Carolina","5/28/20","1","0","37095","0"
"Iredell","5","239","North Carolina","5/28/20","203","36","37097","17.73"
"Jackson","1","33","North Carolina","5/28/20","27","6","37099","22.22"
"Johnston","19","408","North Carolina","5/28/20","276","132","37101","47.83"
"Jones","1","28","North Carolina","5/28/20","23","5","37103","21.74"
"Lee","8","396","North Carolina","5/28/20","343","53","37105","15.45"
"Lenoir","5","200","North Carolina","5/28/20","168","32","37107","19.05"
"Lincoln","2","63","North Carolina","5/28/20","52","11","37109","21.15"
"Macon","2","19","North Carolina","5/28/20","5","14","37113","280"
"Madison","0","4","North Carolina","5/28/20","2","2","37115","100"
"Martin","3","62","North Carolina","5/28/20","39","23","37117","58.97"
"McDowell","3","53","North Carolina","5/28/20","33","20","37111","60.61"
"Mecklenburg","118","3605","North Carolina","5/28/20","2780","825","37119","29.68"
"Mitchell","0","9","North Carolina","5/28/20","8","1","37121","12.5"
"Montgomery","5","104","North Carolina","5/28/20","68","36","37123","52.94"
"Moore","5","220","North Carolina","5/28/20","183","37","37125","20.22"
"Nash","3","186","North Carolina","5/28/20","163","23","37127","14.11"
"New Hanover","4","171","North Carolina","5/28/20","146","25","37129","17.12"
"Northampton","3","149","North Carolina","5/28/20","131","18","37131","13.74"
"Onslow","3","98","North Carolina","5/28/20","80","18","37133","22.5"
"Orange","4","320","North Carolina","5/28/20","289","31","37135","10.73"
"Pamlico","0","10","North Carolina","5/28/20","9","1","37137","11.11"
"Pasquotank","2","104","North Carolina","5/28/20","90","14","37139","15.56"
"Pender","4","76","North Carolina","5/28/20","50","26","37141","52"
"Perquimans","0","23","North Carolina","5/28/20","23","0","37143","0"
"Person","1","44","North Carolina","5/28/20","34","10","37145","29.41"
"Pitt","6","273","North Carolina","5/28/20","228","45","37147","19.74"
"Polk","0","35","North Carolina","5/28/20","35","0","37149","0"
"Randolph","21","639","North Carolina","5/28/20","495","144","37151","29.09"
"Richmond","6","162","North Carolina","5/28/20","121","41","37153","33.88"
"Robeson","16","737","North Carolina","5/28/20","628","109","37155","17.36"
"Rockingham","4","76","North Carolina","5/28/20","49","27","37157","55.1"
"Rowan","7","619","North Carolina","5/28/20","570","49","37159","8.6"
"Rutherford","3","174","North Carolina","5/28/20","156","18","37161","11.54"
"Sampson","16","413","North Carolina","5/28/20","302","111","37163","36.75"
"Scotland","3","78","North Carolina","5/28/20","56","22","37165","39.29"
"Stanly","3","55","North Carolina","5/28/20","33","22","37167","66.67"
"Stokes","3","60","North Carolina","5/28/20","39","21","37169","53.85"
"Surry","12","187","North Carolina","5/28/20","102","85","37171","83.33"
"Swain","1","10","North Carolina","5/28/20","6","4","37173","66.67"
"Transylvania","1","12","North Carolina","5/28/20","8","4","37175","50"
"Tyrrell","0","4","North Carolina","5/28/20","4","0","37177","0"
"Union","7","417","North Carolina","5/28/20","371","46","37179","12.4"
"Vance","14","297","North Carolina","5/28/20","202","95","37181","47.03"
"Wake","40","1604","North Carolina","5/28/20","1326","278","37183","20.97"
"Warren","3","57","North Carolina","5/28/20","36","21","37185","58.33"
"Washington","0","27","North Carolina","5/28/20","26","1","37187","3.85"
"Watauga","0","15","North Carolina","5/28/20","12","3","37189","25"
"Wayne","25","1061","North Carolina","5/28/20","888","173","37191","19.48"
"Wilkes","5","488","North Carolina","5/28/20","451","37","37193","8.2"
"Wilson","10","331","North Carolina","5/28/20","261","70","37195","26.82"
"Yadkin","4","154","North Carolina","5/28/20","124","30","37197","24.19"
"Yancey","0","12","North Carolina","5/28/20","10","2","37199","20"
"Barnes","0","4","North Dakota","5/28/20","4","0","38003","0"
"Benson","0","1","North Dakota","5/28/20","1","0","38005","0"
"Bottineau","0","2","North Dakota","5/28/20","2","0","38009","0"
"Bowman","0","1","North Dakota","5/28/20","1","0","38011","0"
"Burke","0","5","North Dakota","5/28/20","5","0","38013","0"
"Burleigh","0","125","North Dakota","5/28/20","126","-1","38015","-0.79"
"Cass","37","1632","North Dakota","5/28/20","1370","262","38017","19.12"
"Divide","0","1","North Dakota","5/28/20","1","0","38023","0"
"Dunn","0","12","North Dakota","5/28/20","12","0","38025","0"
"Eddy","0","4","North Dakota","5/28/20","2","2","38027","100"
"Emmons","0","4","North Dakota","5/28/20","5","-1","38029","-20"
"Foster","0","1","North Dakota","5/28/20","1","0","38031","0"
"Grand Forks","1","328","North Dakota","5/28/20","320","8","38035","2.5"
"Grant","0","2","North Dakota","5/28/20","2","0","38037","0"
"Griggs","0","1","North Dakota","5/28/20","0","1","38039","1"
"McHenry","0","2","North Dakota","5/28/20","2","0","38049","0"
"McIntosh","0","1","North Dakota","5/28/20","1","0","38051","0"
"McKenzie","0","16","North Dakota","5/28/20","16","0","38053","0"
"McLean","0","7","North Dakota","5/28/20","7","0","38055","0"
"Mercer","0","5","North Dakota","5/28/20","5","0","38057","0"
"Morton","-1","59","North Dakota","5/28/20","64","-5","38059","-7.81"
"Mountrail","0","39","North Dakota","5/28/20","39","0","38061","0"
"Nelson","0","1","North Dakota","5/28/20","2","-1","38063","-50"
"Oliver","0","1","North Dakota","5/28/20","1","0","38065","0"
"Pembina","0","6","North Dakota","5/28/20","6","0","38067","0"
"Pierce","0","3","North Dakota","5/28/20","4","-1","38069","-25"
"Ramsey","0","8","North Dakota","5/28/20","9","-1","38071","-11.11"
"Ransom","0","8","North Dakota","5/28/20","7","1","38073","14.29"
"Renville","0","1","North Dakota","5/28/20","1","0","38075","0"
"Richland","1","20","North Dakota","5/28/20","14","6","38077","42.86"
"Rolette","0","5","North Dakota","5/28/20","4","1","38079","25"
"Sargent","0","3","North Dakota","5/28/20","3","0","38081","0"
"Sioux","0","2","North Dakota","5/28/20","2","0","38085","0"
"Slope","0","3","North Dakota","5/28/20","3","0","38087","0"
"Stark","0","61","North Dakota","5/28/20","61","0","38089","0"
"Steele","0","1","North Dakota","5/28/20","1","0","38091","0"
"Stutsman","0","18","North Dakota","5/28/20","17","1","38093","5.88"
"Traill","-1","11","North Dakota","5/28/20","20","-9","38097","-45"
"Walsh","0","13","North Dakota","5/28/20","11","2","38099","18.18"
"Ward","-2","37","North Dakota","5/28/20","53","-16","38101","-30.19"
"Wells","0","3","North Dakota","5/28/20","2","1","38103","50"
"Williams","0","24","North Dakota","5/28/20","22","2","38105","9.09"
"","0","22","Northern Mariana Islands","5/28/20","22","0",,"0"
"Adams","0","8","Ohio","5/28/20","8","0","39001","0"
"Allen","4","206","Ohio","5/28/20","176","30","39003","17.05"
"Ashland","0","19","Ohio","5/28/20","17","2","39005","11.76"
"Ashtabula","9","324","Ohio","5/28/20","263","61","39007","23.19"
"Athens","1","18","Ohio","5/28/20","13","5","39009","38.46"
"Auglaize","1","65","Ohio","5/28/20","55","10","39011","18.18"
"Belmont","7","412","Ohio","5/28/20","362","50","39013","13.81"
"Brown","1","28","Ohio","5/28/20","23","5","39015","21.74"
"Butler","21","847","Ohio","5/28/20","699","148","39017","21.17"
"Carroll","1","30","Ohio","5/28/20","26","4","39019","15.38"
"Champaign","0","27","Ohio","5/28/20","25","2","39021","8"
"Clark","8","234","Ohio","5/28/20","178","56","39023","31.46"
"Clermont","5","202","Ohio","5/28/20","167","35","39025","20.96"
"Clinton","0","43","Ohio","5/28/20","43","0","39027","0"
"Columbiana","31","684","Ohio","5/28/20","467","217","39029","46.47"
"Coshocton","2","37","Ohio","5/28/20","22","15","39031","68.18"
"Crawford","1","110","Ohio","5/28/20","103","7","39033","6.8"
"Cuyahoga","78","4211","Ohio","5/28/20","3667","544","39035","14.84"
"Darke","3","162","Ohio","5/28/20","142","20","39037","14.08"
"Defiance","0","33","Ohio","5/28/20","30","3","39039","10"
"Delaware","4","310","Ohio","5/28/20","280","30","39041","10.71"
"Erie","5","165","Ohio","5/28/20","131","34","39043","25.95"
"Fairfield","4","251","Ohio","5/28/20","222","29","39045","13.06"
"Fayette","1","39","Ohio","5/28/20","33","6","39047","18.18"
"Franklin","97","5566","Ohio","5/28/20","4885","681","39049","13.94"
"Fulton","0","37","Ohio","5/28/20","35","2","39051","5.71"
"Gallia","0","7","Ohio","5/28/20","7","0","39053","0"
"Geauga","4","272","Ohio","5/28/20","241","31","39055","12.86"
"Greene","2","101","Ohio","5/28/20","86","15","39057","17.44"
"Guernsey","1","34","Ohio","5/28/20","29","5","39059","17.24"
"Hamilton","47","2555","Ohio","5/28/20","2228","327","39061","14.68"
"Hancock","1","51","Ohio","5/28/20","47","4","39063","8.51"
"Hardin","1","42","Ohio","5/28/20","33","9","39065","27.27"
"Harrison","0","10","Ohio","5/28/20","10","0","39067","0"
"Henry","0","15","Ohio","5/28/20","13","2","39069","15.38"
"Highland","1","22","Ohio","5/28/20","16","6","39071","37.5"
"Hocking","1","69","Ohio","5/28/20","63","6","39073","9.52"
"Holmes","2","29","Ohio","5/28/20","15","14","39075","93.33"
"Huron","1","56","Ohio","5/28/20","46","10","39077","21.74"
"Jackson","0","13","Ohio","5/28/20","11","2","39079","18.18"
"Jefferson","1","66","Ohio","5/28/20","62","4","39081","6.45"
"Knox","0","23","Ohio","5/28/20","23","0","39083","0"
"Lake","6","290","Ohio","5/28/20","246","44","39085","17.89"
"Lawrence","0","29","Ohio","5/28/20","27","2","39087","7.41"
"Licking","3","222","Ohio","5/28/20","199","23","39089","11.56"
"Logan","1","37","Ohio","5/28/20","32","5","39091","15.62"
"Lorain","6","667","Ohio","5/28/20","624","43","39093","6.89"
"Lucas","17","2178","Ohio","5/28/20","2056","122","39095","5.93"
"Madison","6","148","Ohio","5/28/20","105","43","39097","40.95"
"Mahoning","17","1397","Ohio","5/28/20","1277","120","39099","9.4"
"Marion","12","2642","Ohio","5/28/20","2557","85","39101","3.32"
"Medina","10","313","Ohio","5/28/20","245","68","39103","27.76"
"Meigs","0","6","Ohio","5/28/20","4","2","39105","50"
"Mercer","5","201","Ohio","5/28/20","163","38","39107","23.31"
"Miami","2","352","Ohio","5/28/20","337","15","39109","4.45"
"Monroe","1","75","Ohio","5/28/20","65","10","39111","15.38"
"Montgomery","12","637","Ohio","5/28/20","554","83","39113","14.98"
"Morgan","0","5","Ohio","5/28/20","5","0","39115","0"
"Morrow","0","104","Ohio","5/28/20","104","0","39117","0"
"Muskingum","1","48","Ohio","5/28/20","42","6","39119","14.29"
"Noble","0","5","Ohio","5/28/20","5","0","39121","0"
"Ottawa","4","93","Ohio","5/28/20","66","27","39123","40.91"
"Paulding","0","13","Ohio","5/28/20","12","1","39125","8.33"
"Perry","0","18","Ohio","5/28/20","16","2","39127","12.5"
"Pickaway","2","2048","Ohio","5/28/20","2031","17","39129","0.84"
"Pike","0","6","Ohio","5/28/20","6","0","39131","0"
"Portage","2","318","Ohio","5/28/20","303","15","39133","4.95"
"Preble","0","33","Ohio","5/28/20","30","3","39135","10"
"Putnam","1","88","Ohio","5/28/20","84","4","39137","4.76"
"Richland","3","193","Ohio","5/28/20","170","23","39139","13.53"
"Ross","1","67","Ohio","5/28/20","60","7","39141","11.67"
"Sandusky","1","72","Ohio","5/28/20","63","9","39143","14.29"
"Scioto","0","15","Ohio","5/28/20","14","1","39145","7.14"
"Seneca","1","20","Ohio","5/28/20","16","4","39147","25"
"Shelby","1","40","Ohio","5/28/20","35","5","39149","14.29"
"Stark","9","705","Ohio","5/28/20","642","63","39151","9.81"
"Summit","28","1335","Ohio","5/28/20","1141","194","39153","17"
"Trumbull","7","551","Ohio","5/28/20","499","52","39155","10.42"
"Tuscarawas","6","337","Ohio","5/28/20","293","44","39157","15.02"
"Union","1","49","Ohio","5/28/20","40","9","39159","22.5"
"Van Wert","0","6","Ohio","5/28/20","5","1","39161","20"
"Vinton","0","19","Ohio","5/28/20","17","2","39163","11.76"
"Warren","6","351","Ohio","5/28/20","309","42","39165","13.59"
"Washington","0","118","Ohio","5/28/20","116","2","39167","1.72"
"Wayne","7","260","Ohio","5/28/20","211","49","39169","23.22"
"Williams","1","51","Ohio","5/28/20","47","4","39171","8.51"
"Wood","3","282","Ohio","5/28/20","259","23","39173","8.88"
"Wyandot","1","38","Ohio","5/28/20","33","5","39175","15.15"
"Adair","1","84","Oklahoma","5/28/20","78","6","40001","7.69"
"Alfalfa","0","1","Oklahoma","5/28/20","1","0","40003","0"
"Atoka","0","2","Oklahoma","5/28/20","1","1","40005","100"
"Beaver","0","24","Oklahoma","5/28/20","24","0","40007","0"
"Beckham","0","6","Oklahoma","5/28/20","6","0","40009","0"
"Blaine","0","6","Oklahoma","5/28/20","4","2","40011","50"
"Bryan","1","23","Oklahoma","5/28/20","19","4","40013","21.05"
"Caddo","3","154","Oklahoma","5/28/20","132","22","40015","16.67"
"Canadian","1","128","Oklahoma","5/28/20","122","6","40017","4.92"
"Carter","3","38","Oklahoma","5/28/20","16","22","40019","137.5"
"Cherokee","0","29","Oklahoma","5/28/20","28","1","40021","3.57"
"Choctaw","3","30","Oklahoma","5/28/20","12","18","40023","150"
"Cimarron","0","1","Oklahoma","5/28/20","1","0","40025","0"
"Cleveland","2","496","Oklahoma","5/28/20","482","14","40027","2.9"
"Coal","0","1","Oklahoma","5/28/20","1","0","40029","0"
"Comanche","6","278","Oklahoma","5/28/20","235","43","40031","18.3"
"Cotton","0","5","Oklahoma","5/28/20","5","0","40033","0"
"Craig","0","15","Oklahoma","5/28/20","15","0","40035","0"
"Creek","1","93","Oklahoma","5/28/20","87","6","40037","6.9"
"Custer","0","13","Oklahoma","5/28/20","12","1","40039","8.33"
"Delaware","0","100","Oklahoma","5/28/20","97","3","40041","3.09"
"Dewey","0","4","Oklahoma","5/28/20","3","1","40043","33.33"
"Garfield","0","26","Oklahoma","5/28/20","24","2","40047","8.33"
"Garvin","0","16","Oklahoma","5/28/20","15","1","40049","6.67"
"Grady","2","83","Oklahoma","5/28/20","71","12","40051","16.9"
"Grant","0","2","Oklahoma","5/28/20","2","0","40053","0"
"Greer","0","66","Oklahoma","5/28/20","66","0","40055","0"
"Harper","0","1","Oklahoma","5/28/20","1","0","40059","0"
"Haskell","0","6","Oklahoma","5/28/20","6","0","40061","0"
"Jackson","0","24","Oklahoma","5/28/20","21","3","40065","14.29"
"Jefferson","0","4","Oklahoma","5/28/20","3","1","40067","33.33"
"Johnston","0","3","Oklahoma","5/28/20","3","0","40069","0"
"Kay","0","52","Oklahoma","5/28/20","51","1","40071","1.96"
"Kingfisher","0","11","Oklahoma","5/28/20","10","1","40073","10"
"Kiowa","0","6","Oklahoma","5/28/20","6","0","40075","0"
"Latimer","0","5","Oklahoma","5/28/20","5","0","40077","0"
"Le Flore","0","14","Oklahoma","5/28/20","13","1","40079","7.69"
"Lincoln","0","22","Oklahoma","5/28/20","21","1","40081","4.76"
"Logan","0","19","Oklahoma","5/28/20","18","1","40083","5.56"
"Love","2","15","Oklahoma","5/28/20","4","11","40085","275"
"Major","0","6","Oklahoma","5/28/20","6","0","40093","0"
"Marshall","0","8","Oklahoma","5/28/20","7","1","40095","14.29"
"Mayes","0","30","Oklahoma","5/28/20","28","2","40097","7.14"
"McClain","1","103","Oklahoma","5/28/20","95","8","40087","8.42"
"McCurtain","3","33","Oklahoma","5/28/20","13","20","40089","153.85"
"McIntosh","0","11","Oklahoma","5/28/20","11","0","40091","0"
"Murray","0","4","Oklahoma","5/28/20","2","2","40099","100"
"Muskogee","2","43","Oklahoma","5/28/20","32","11","40101","34.38"
"Noble","0","7","Oklahoma","5/28/20","7","0","40103","0"
"Nowata","0","23","Oklahoma","5/28/20","23","0","40105","0"
"Okfuskee","0","3","Oklahoma","5/28/20","3","0","40107","0"
"Oklahoma","19","1241","Oklahoma","5/28/20","1109","132","40109","11.9"
"Okmulgee","0","23","Oklahoma","5/28/20","21","2","40111","9.52"
"Osage","0","94","Oklahoma","5/28/20","92","2","40113","2.17"
"Ottawa","0","35","Oklahoma","5/28/20","35","0","40115","0"
"Pawnee","0","30","Oklahoma","5/28/20","29","1","40117","3.45"
"Payne","0","45","Oklahoma","5/28/20","45","0","40119","0"
"Pittsburg","0","40","Oklahoma","5/28/20","40","0","40121","0"
"Pontotoc","0","12","Oklahoma","5/28/20","11","1","40123","9.09"
"Pottawatomie","0","59","Oklahoma","5/28/20","56","3","40125","5.36"
"Pushmataha","0","2","Oklahoma","5/28/20","2","0","40127","0"
"Rogers","1","80","Oklahoma","5/28/20","73","7","40131","9.59"
"Seminole","0","24","Oklahoma","5/28/20","21","3","40133","14.29"
"Sequoyah","0","14","Oklahoma","5/28/20","14","0","40135","0"
"Stephens","0","37","Oklahoma","5/28/20","36","1","40137","2.78"
"Texas","12","904","Oklahoma","5/28/20","820","84","40139","10.24"
"Tillman","0","23","Oklahoma","5/28/20","22","1","40141","4.55"
"Tulsa","15","960","Oklahoma","5/28/20","852","108","40143","12.68"
"Wagoner","1","150","Oklahoma","5/28/20","140","10","40145","7.14"
"Washington","1","314","Oklahoma","5/28/20","307","7","40147","2.28"
"Washita","0","2","Oklahoma","5/28/20","1","1","40149","100"
"Woods","0","3","Oklahoma","5/28/20","3","0","40151","0"
"Woodward","0","4","Oklahoma","5/28/20","3","1","40153","33.33"
"Baker","0","1","Oregon","5/28/20","1","0","41001","0"
"Benton","0","55","Oregon","5/28/20","55","0","41003","0"
"Clackamas","3","304","Oregon","5/28/20","284","20","41005","7.04"
"Clatsop","0","45","Oregon","5/28/20","42","3","41007","7.14"
"Columbia","0","16","Oregon","5/28/20","16","0","41009","0"
"Coos","0","31","Oregon","5/28/20","31","0","41011","0"
"Crook","1","6","Oregon","5/28/20","1","5","41013","500"
"Curry","0","6","Oregon","5/28/20","5","1","41015","20"
"Deschutes","1","121","Oregon","5/28/20","117","4","41017","3.42"
"Douglas","0","25","Oregon","5/28/20","25","0","41019","0"
"Grant","0","1","Oregon","5/28/20","1","0","41023","0"
"Harney","0","1","Oregon","5/28/20","1","0","41025","0"
"Hood River","0","13","Oregon","5/28/20","12","1","41027","8.33"
"Jackson","2","65","Oregon","5/28/20","52","13","41029","25"
"Jefferson","0","25","Oregon","5/28/20","25","0","41031","0"
"Josephine","0","25","Oregon","5/28/20","25","0","41033","0"
"Klamath","0","41","Oregon","5/28/20","41","0","41035","0"
"Lake","0","2","Oregon","5/28/20","0","2","41037","1"
"Lane","0","67","Oregon","5/28/20","66","1","41039","1.52"
"Lincoln","0","10","Oregon","5/28/20","8","2","41041","25"
"Linn","1","115","Oregon","5/28/20","110","5","41043","4.55"
"Malheur","1","33","Oregon","5/28/20","24","9","41045","37.5"
"Marion","7","931","Oregon","5/28/20","882","49","41047","5.56"
"Morrow","0","12","Oregon","5/28/20","12","0","41049","0"
"Multnomah","11","1103","Oregon","5/28/20","1026","77","41051","7.5"
"Polk","1","98","Oregon","5/28/20","94","4","41053","4.26"
"Sherman","0","1","Oregon","5/28/20","1","0","41055","0"
"Tillamook","0","6","Oregon","5/28/20","6","0","41057","0"
"Umatilla","1","114","Oregon","5/28/20","107","7","41059","6.54"
"Union","0","6","Oregon","5/28/20","6","0","41061","0"
"Wallowa","0","2","Oregon","5/28/20","1","1","41063","100"
"Wasco","0","21","Oregon","5/28/20","18","3","41065","16.67"
"Washington","8","715","Oregon","5/28/20","659","56","41067","8.5"
"Yamhill","1","69","Oregon","5/28/20","63","6","41071","9.52"
"Adams","5","240","Pennsylvania","5/28/20","204","36","42001","17.65"
"Allegheny","19","1851","Pennsylvania","5/28/20","1718","133","42003","7.74"
"Armstrong","1","62","Pennsylvania","5/28/20","58","4","42005","6.9"
"Beaver","6","579","Pennsylvania","5/28/20","539","40","42007","7.42"
"Bedford","0","38","Pennsylvania","5/28/20","36","2","42009","5.56"
"Berks","27","3973","Pennsylvania","5/28/20","3784","189","42011","4.99"
"Blair","1","49","Pennsylvania","5/28/20","44","5","42013","11.36"
"Bradford","0","46","Pennsylvania","5/28/20","43","3","42015","6.98"
"Bucks","34","4966","Pennsylvania","5/28/20","4726","240","42017","5.08"
"Butler","2","226","Pennsylvania","5/28/20","209","17","42019","8.13"
"Cambria","0","57","Pennsylvania","5/28/20","55","2","42021","3.64"
"Cameron","0","2","Pennsylvania","5/28/20","2","0","42023","0"
"Carbon","2","232","Pennsylvania","5/28/20","221","11","42025","4.98"
"Centre","2","150","Pennsylvania","5/28/20","136","14","42027","10.29"
"Chester","41","2555","Pennsylvania","5/28/20","2267","288","42029","12.7"
"Clarion","0","25","Pennsylvania","5/28/20","25","0","42031","0"
"Clearfield","1","37","Pennsylvania","5/28/20","33","4","42033","12.12"
"Clinton","1","55","Pennsylvania","5/28/20","48","7","42035","14.58"
"Columbia","1","346","Pennsylvania","5/28/20","342","4","42037","1.17"
"Crawford","0","23","Pennsylvania","5/28/20","21","2","42039","9.52"
"Cumberland","8","618","Pennsylvania","5/28/20","565","53","42041","9.38"
"Dauphin","25","1212","Pennsylvania","5/28/20","1034","178","42043","17.21"
"Delaware","53","6337","Pennsylvania","5/28/20","5969","368","42045","6.17"
"Elk","0","6","Pennsylvania","5/28/20","6","0","42047","0"
"Erie","9","242","Pennsylvania","5/28/20","177","65","42049","36.72"
"Fayette","0","95","Pennsylvania","5/28/20","93","2","42051","2.15"
"Forest","0","7","Pennsylvania","5/28/20","7","0","42053","0"
"Franklin","12","759","Pennsylvania","5/28/20","677","82","42055","12.11"
"Fulton","0","15","Pennsylvania","5/28/20","14","1","42057","7.14"
"Greene","0","27","Pennsylvania","5/28/20","27","0","42059","0"
"Huntingdon","1","228","Pennsylvania","5/28/20","221","7","42061","3.17"
"Indiana","0","90","Pennsylvania","5/28/20","88","2","42063","2.27"
"Jefferson","0","7","Pennsylvania","5/28/20","7","0","42065","0"
"Juniata","0","95","Pennsylvania","5/28/20","94","1","42067","1.06"
"Lackawanna","12","1516","Pennsylvania","5/28/20","1432","84","42069","5.87"
"Lancaster","52","3056","Pennsylvania","5/28/20","2690","366","42071","13.61"
"Lawrence","0","74","Pennsylvania","5/28/20","73","1","42073","1.37"
"Lebanon","8","944","Pennsylvania","5/28/20","887","57","42075","6.43"
"Lehigh","19","3719","Pennsylvania","5/28/20","3586","133","42077","3.71"
"Luzerne","14","2689","Pennsylvania","5/28/20","2594","95","42079","3.66"
"Lycoming","1","162","Pennsylvania","5/28/20","152","10","42081","6.58"
"McKean","0","12","Pennsylvania","5/28/20","11","1","42083","9.09"
"Mercer","1","106","Pennsylvania","5/28/20","97","9","42085","9.28"
"Mifflin","0","58","Pennsylvania","5/28/20","57","1","42087","1.75"
"Monroe","3","1311","Pennsylvania","5/28/20","1291","20","42089","1.55"
"Montgomery","78","6811","Pennsylvania","5/28/20","6268","543","42091","8.66"
"Montour","0","50","Pennsylvania","5/28/20","51","-1","42093","-1.96"
"Northampton","30","3022","Pennsylvania","5/28/20","2814","208","42095","7.39"
"Northumberland","5","186","Pennsylvania","5/28/20","150","36","42097","24"
"Perry","2","54","Pennsylvania","5/28/20","43","11","42099","25.58"
"Philadelphia","207","22150","Pennsylvania","5/28/20","20700","1450","42101","7"
"Pike","0","476","Pennsylvania","5/28/20","473","3","42103","0.63"
"Potter","0","4","Pennsylvania","5/28/20","4","0","42105","0"
"Schuylkill","8","606","Pennsylvania","5/28/20","548","58","42107","10.58"
"Snyder","1","39","Pennsylvania","5/28/20","33","6","42109","18.18"
"Somerset","0","37","Pennsylvania","5/28/20","37","0","42111","0"
"Sullivan","0","2","Pennsylvania","5/28/20","2","0","42113","0"
"Susquehanna","1","99","Pennsylvania","5/28/20","90","9","42115","10"
"Tioga","0","16","Pennsylvania","5/28/20","16","0","42117","0"
"Union","-1","56","Pennsylvania","5/28/20","61","-5","42119","-8.2"
"Venango","0","8","Pennsylvania","5/28/20","8","0","42121","0"
"Warren","0","3","Pennsylvania","5/28/20","3","0","42123","0"
"Washington","1","139","Pennsylvania","5/28/20","130","9","42125","6.92"
"Wayne","1","118","Pennsylvania","5/28/20","112","6","42127","5.36"
"Westmoreland","1","443","Pennsylvania","5/28/20","434","9","42129","2.07"
"Wyoming","0","34","Pennsylvania","5/28/20","32","2","42131","6.25"
"York","12","970","Pennsylvania","5/28/20","883","87","42133","9.85"
"","82","3486","Puerto Rico","5/28/20","2913","573",,"19.67"
"Bristol","3","222","Rhode Island","5/28/20","204","18","44001","8.82"
"Kent","9","1038","Rhode Island","5/28/20","974","64","44003","6.57"
"Newport","4","237","Rhode Island","5/28/20","209","28","44005","13.4"
"Providence","115","10968","Rhode Island","5/28/20","10160","808","44007","7.95"
"Washington","4","496","Rhode Island","5/28/20","471","25","44009","5.31"
"Abbeville","0","37","South Carolina","5/28/20","36","1","45001","2.78"
"Aiken","4","189","South Carolina","5/28/20","161","28","45003","17.39"
"Allendale","0","34","South Carolina","5/28/20","34","0","45005","0"
"Anderson","1","226","South Carolina","5/28/20","217","9","45007","4.15"
"Bamberg","0","21","South Carolina","5/28/20","20","1","45009","5"
"Barnwell","0","44","South Carolina","5/28/20","41","3","45011","7.32"
"Beaufort","6","351","South Carolina","5/28/20","306","45","45013","14.71"
"Berkeley","2","224","South Carolina","5/28/20","209","15","45015","7.18"
"Calhoun","0","10","South Carolina","5/28/20","9","1","45017","11.11"
"Charleston","8","578","South Carolina","5/28/20","523","55","45019","10.52"
"Cherokee","1","32","South Carolina","5/28/20","25","7","45021","28"
"Chester","3","59","South Carolina","5/28/20","41","18","45023","43.9"
"Chesterfield","6","151","South Carolina","5/28/20","108","43","45025","39.81"
"Clarendon","1","296","South Carolina","5/28/20","290","6","45027","2.07"
"Colleton","3","86","South Carolina","5/28/20","63","23","45029","36.51"
"Darlington","3","262","South Carolina","5/28/20","240","22","45031","9.17"
"Dillon","2","155","South Carolina","5/28/20","138","17","45033","12.32"
"Dorchester","4","150","South Carolina","5/28/20","120","30","45035","25"
"Edgefield","1","51","South Carolina","5/28/20","46","5","45037","10.87"
"Fairfield","2","163","South Carolina","5/28/20","152","11","45039","7.24"
"Florence","8","622","South Carolina","5/28/20","563","59","45041","10.48"
"Georgetown","3","71","South Carolina","5/28/20","53","18","45043","33.96"
"Greenville","29","1382","South Carolina","5/28/20","1180","202","45045","17.12"
"Greenwood","6","121","South Carolina","5/28/20","76","45","45047","59.21"
"Hampton","1","36","South Carolina","5/28/20","30","6","45049","20"
"Horry","9","395","South Carolina","5/28/20","333","62","45051","18.62"
"Jasper","2","39","South Carolina","5/28/20","28","11","45053","39.29"
"Kershaw","5","317","South Carolina","5/28/20","281","36","45055","12.81"
"Lancaster","1","126","South Carolina","5/28/20","116","10","45057","8.62"
"Laurens","1","63","South Carolina","5/28/20","57","6","45059","10.53"
"Lee","4","209","South Carolina","5/28/20","178","31","45061","17.42"
"Lexington","9","589","South Carolina","5/28/20","525","64","45063","12.19"
"Marion","1","67","South Carolina","5/28/20","57","10","45067","17.54"
"Marlboro","7","137","South Carolina","5/28/20","88","49","45069","55.68"
"McCormick","0","8","South Carolina","5/28/20","7","1","45065","14.29"
"Newberry","2","51","South Carolina","5/28/20","36","15","45071","41.67"
"Oconee","1","49","South Carolina","5/28/20","41","8","45073","19.51"
"Orangeburg","6","161","South Carolina","5/28/20","119","42","45075","35.29"
"Pickens","4","129","South Carolina","5/28/20","104","25","45077","24.04"
"Richland","19","1432","South Carolina","5/28/20","1302","130","45079","9.98"
"Saluda","1","139","South Carolina","5/28/20","132","7","45081","5.3"
"Spartanburg","16","534","South Carolina","5/28/20","421","113","45083","26.84"
"Sumter","4","359","South Carolina","5/28/20","331","28","45085","8.46"
"Union","1","35","South Carolina","5/28/20","31","4","45087","12.9"
"Williamsburg","5","227","South Carolina","5/28/20","189","38","45089","20.11"
"York","7","371","South Carolina","5/28/20","324","47","45091","14.51"
"Aurora","2","23","South Dakota","5/28/20","8","15","46003","187.5"
"Beadle","17","190","South Dakota","5/28/20","68","122","46005","179.41"
"Bon Homme","1","8","South Dakota","5/28/20","4","4","46009","100"
"Brookings","0","15","South Dakota","5/28/20","14","1","46011","7.14"
"Brown","8","266","South Dakota","5/28/20","211","55","46013","26.07"
"Buffalo","1","10","South Dakota","5/28/20","5","5","46017","100"
"Charles Mix","1","16","South Dakota","5/28/20","10","6","46023","60"
"Clark","0","4","South Dakota","5/28/20","4","0","46025","0"
"Clay","0","15","South Dakota","5/28/20","15","0","46027","0"
"Codington","3","35","South Dakota","5/28/20","17","18","46029","105.88"
"Corson","0","4","South Dakota","5/28/20","4","0","46031","0"
"Davison","1","13","South Dakota","5/28/20","9","4","46035","44.44"
"Day","0","13","South Dakota","5/28/20","11","2","46037","18.18"
"Deuel","0","1","South Dakota","5/28/20","1","0","46039","0"
"Douglas","0","3","South Dakota","5/28/20","1","2","46043","200"
"Fall River","0","4","South Dakota","5/28/20","4","0","46047","0"
"Faulk","0","1","South Dakota","5/28/20","1","0","46049","0"
"Grant","0","11","South Dakota","5/28/20","9","2","46051","22.22"
"Hamlin","0","4","South Dakota","5/28/20","3","1","46057","33.33"
"Hand","0","2","South Dakota","5/28/20","1","1","46059","100"
"Hughes","0","19","South Dakota","5/28/20","17","2","46065","11.76"
"Hutchinson","0","4","South Dakota","5/28/20","3","1","46067","33.33"
"Hyde","0","1","South Dakota","5/28/20","1","0","46069","0"
"Jackson","0","3","South Dakota","5/28/20","0","3","46071","1"
"Jerauld","3","33","South Dakota","5/28/20","10","23","46073","230"
"Lake","0","7","South Dakota","5/28/20","5","2","46079","40"
"Lawrence","0","9","South Dakota","5/28/20","9","0","46081","0"
"Lincoln","4","237","South Dakota","5/28/20","209","28","46083","13.4"
"Lyman","1","14","South Dakota","5/28/20","9","5","46085","55.56"
"Marshall","0","4","South Dakota","5/28/20","3","1","46091","33.33"
"McCook","0","5","South Dakota","5/28/20","5","0","46087","0"
"McPherson","0","1","South Dakota","5/28/20","1","0","46089","0"
"Meade","1","10","South Dakota","5/28/20","5","5","46093","100"
"Miner","0","1","South Dakota","5/28/20","1","0","46097","0"
"Minnehaha","19","3317","South Dakota","5/28/20","3182","135","46099","4.24"
"Moody","0","19","South Dakota","5/28/20","18","1","46101","5.56"
"Oglala Lakota","1","21","South Dakota","5/28/20","14","7","46102","50"
"Pennington","14","186","South Dakota","5/28/20","85","101","46103","118.82"
"Roberts","3","39","South Dakota","5/28/20","20","19","46109","95"
"Sanborn","1","12","South Dakota","5/28/20","7","5","46111","71.43"
"Spink","0","4","South Dakota","5/28/20","4","0","46115","0"
"Stanley","0","10","South Dakota","5/28/20","9","1","46117","11.11"
"Sully","0","1","South Dakota","5/28/20","1","0","46119","0"
"Todd","1","23","South Dakota","5/28/20","17","6","46121","35.29"
"Tripp","1","6","South Dakota","5/28/20","2","4","46123","200"
"Turner","0","24","South Dakota","5/28/20","22","2","46125","9.09"
"Union","3","88","South Dakota","5/28/20","68","20","46127","29.41"
"Walworth","0","5","South Dakota","5/28/20","5","0","46129","0"
"Yankton","1","51","South Dakota","5/28/20","44","7","46135","15.91"
"Ziebach","0","1","South Dakota","5/28/20","1","0","46137","0"
"Anderson","0","39","Tennessee","5/28/20","37","2","47001","5.41"
"Bedford","2","274","Tennessee","5/28/20","262","12","47003","4.58"
"Benton","0","7","Tennessee","5/28/20","7","0","47005","0"
"Bledsoe","0","608","Tennessee","5/28/20","607","1","47007","0.16"
"Blount","2","89","Tennessee","5/28/20","77","12","47009","15.58"
"Bradley","3","108","Tennessee","5/28/20","89","19","47011","21.35"
"Campbell","0","17","Tennessee","5/28/20","17","0","47013","0"
"Cannon","0","17","Tennessee","5/28/20","15","2","47015","13.33"
"Carroll","0","27","Tennessee","5/28/20","26","1","47017","3.85"
"Carter","0","19","Tennessee","5/28/20","19","0","47019","0"
"Cheatham","3","118","Tennessee","5/28/20","97","21","47021","21.65"
"Chester","0","12","Tennessee","5/28/20","12","0","47023","0"
"Claiborne","0","9","Tennessee","5/28/20","8","1","47025","12.5"
"Clay","0","6","Tennessee","5/28/20","6","0","47027","0"
"Cocke","0","20","Tennessee","5/28/20","20","0","47029","0"
"Coffee","1","68","Tennessee","5/28/20","63","5","47031","7.94"
"Crockett","0","16","Tennessee","5/28/20","14","2","47033","14.29"
"Cumberland","2","111","Tennessee","5/28/20","96","15","47035","15.62"
"Davidson","86","4894","Tennessee","5/28/20","4292","602","47037","14.03"
"Decatur","0","5","Tennessee","5/28/20","5","0","47039","0"
"DeKalb","1","37","Tennessee","5/28/20","32","5","47041","15.62"
"Dickson","2","110","Tennessee","5/28/20","97","13","47043","13.4"
"Dyer","1","50","Tennessee","5/28/20","45","5","47045","11.11"
"Fayette","2","110","Tennessee","5/28/20","98","12","47047","12.24"
"Fentress","0","12","Tennessee","5/28/20","9","3","47049","33.33"
"Franklin","1","49","Tennessee","5/28/20","44","5","47051","11.36"
"Gibson","0","61","Tennessee","5/28/20","59","2","47053","3.39"
"Giles","0","12","Tennessee","5/28/20","12","0","47055","0"
"Grainger","0","6","Tennessee","5/28/20","6","0","47057","0"
"Greene","0","48","Tennessee","5/28/20","46","2","47059","4.35"
"Grundy","0","32","Tennessee","5/28/20","31","1","47061","3.23"
"Hamblen","1","30","Tennessee","5/28/20","24","6","47063","25"
"Hamilton","42","719","Tennessee","5/28/20","425","294","47065","69.18"
"Hancock","0","1","Tennessee","5/28/20","1","0","47067","0"
"Hardeman","1","194","Tennessee","5/28/20","184","10","47069","5.43"
"Hardin","0","11","Tennessee","5/28/20","10","1","47071","10"
"Hawkins","0","31","Tennessee","5/28/20","31","0","47073","0"
"Haywood","0","30","Tennessee","5/28/20","29","1","47075","3.45"
"Henderson","0","14","Tennessee","5/28/20","12","2","47077","16.67"
"Henry","0","30","Tennessee","5/28/20","28","2","47079","7.14"
"Hickman","1","57","Tennessee","5/28/20","52","5","47081","9.62"
"Houston","0","8","Tennessee","5/28/20","7","1","47083","14.29"
"Humphreys","0","13","Tennessee","5/28/20","12","1","47085","8.33"
"Jackson","1","17","Tennessee","5/28/20","13","4","47087","30.77"
"Jefferson","0","28","Tennessee","5/28/20","27","1","47089","3.7"
"Johnson","0","16","Tennessee","5/28/20","15","1","47091","6.67"
"Knox","5","357","Tennessee","5/28/20","321","36","47093","11.21"
"Lake","1","413","Tennessee","5/28/20","403","10","47095","2.48"
"Lauderdale","1","56","Tennessee","5/28/20","51","5","47097","9.8"
"Lawrence","0","24","Tennessee","5/28/20","22","2","47099","9.09"
"Lewis","0","3","Tennessee","5/28/20","2","1","47101","50"
"Lincoln","0","25","Tennessee","5/28/20","22","3","47103","13.64"
"Loudon","4","137","Tennessee","5/28/20","110","27","47105","24.55"
"Macon","4","124","Tennessee","5/28/20","93","31","47111","33.33"
"Madison","2","175","Tennessee","5/28/20","162","13","47113","8.02"
"Marion","0","38","Tennessee","5/28/20","35","3","47115","8.57"
"Marshall","0","30","Tennessee","5/28/20","27","3","47117","11.11"
"Maury","1","81","Tennessee","5/28/20","74","7","47119","9.46"
"McMinn","2","136","Tennessee","5/28/20","124","12","47107","9.68"
"McNairy","0","12","Tennessee","5/28/20","12","0","47109","0"
"Meigs","1","26","Tennessee","5/28/20","22","4","47121","18.18"
"Monroe","1","61","Tennessee","5/28/20","55","6","47123","10.91"
"Montgomery","6","261","Tennessee","5/28/20","217","44","47125","20.28"
"Moore","0","3","Tennessee","5/28/20","3","0","47127","0"
"Morgan","0","17","Tennessee","5/28/20","17","0","47129","0"
"Obion","1","28","Tennessee","5/28/20","20","8","47131","40"
"Out of TN","6","379","Tennessee","5/28/20","339","40","80047","11.8"
"Overton","1","26","Tennessee","5/28/20","18","8","47133","44.44"
"Perry","0","16","Tennessee","5/28/20","13","3","47135","23.08"
"Pickett","0","3","Tennessee","5/28/20","2","1","47137","50"
"Polk","0","15","Tennessee","5/28/20","14","1","47139","7.14"
"Putnam","20","461","Tennessee","5/28/20","321","140","47141","43.61"
"Rhea","1","198","Tennessee","5/28/20","188","10","47143","5.32"
"Roane","1","16","Tennessee","5/28/20","9","7","47145","77.78"
"Robertson","18","441","Tennessee","5/28/20","317","124","47147","39.12"
"Rutherford","27","1116","Tennessee","5/28/20","930","186","47149","20"
"Scott","0","11","Tennessee","5/28/20","11","0","47151","0"
"Sequatchie","1","15","Tennessee","5/28/20","10","5","47153","50"
"Sevier","1","76","Tennessee","5/28/20","69","7","47155","10.14"
"Shelby","98","4718","Tennessee","5/28/20","4033","685","47157","16.98"
"Smith","0","30","Tennessee","5/28/20","29","1","47159","3.45"
"Stewart","0","11","Tennessee","5/28/20","8","3","47161","37.5"
"Sullivan","0","60","Tennessee","5/28/20","60","0","47163","0"
"Sumner","11","852","Tennessee","5/28/20","778","74","47165","9.51"
"Tipton","3","430","Tennessee","5/28/20","409","21","47167","5.13"
"Trousdale","1","1393","Tennessee","5/28/20","1385","8","47169","0.58"
"Unicoi","0","4","Tennessee","5/28/20","3","1","47171","33.33"
"Union","0","4","Tennessee","5/28/20","4","0","47173","0"
"Van Buren","0","4","Tennessee","5/28/20","4","0","47175","0"
"Warren","1","22","Tennessee","5/28/20","16","6","47177","37.5"
"Washington","1","75","Tennessee","5/28/20","68","7","47179","10.29"
"Wayne","0","63","Tennessee","5/28/20","63","0","47181","0"
"Weakley","0","26","Tennessee","5/28/20","26","0","47183","0"
"White","1","30","Tennessee","5/28/20","22","8","47185","36.36"
"Williamson","6","533","Tennessee","5/28/20","491","42","47187","8.55"
"Wilson","6","387","Tennessee","5/28/20","344","43","47189","12.5"
"Anderson","0","66","Texas","5/28/20","63","3","48001","4.76"
"Andrews","1","27","Texas","5/28/20","22","5","48003","22.73"
"Angelina","5","201","Texas","5/28/20","168","33","48005","19.64"
"Aransas","0","5","Texas","5/28/20","5","0","48007","0"
"Archer","0","1","Texas","5/28/20","1","0","48009","0"
"Armstrong","0","2","Texas","5/28/20","2","0","48011","0"
"Atascosa","0","35","Texas","5/28/20","35","0","48013","0"
"Austin","0","24","Texas","5/28/20","21","3","48015","14.29"
"Bailey","1","14","Texas","5/28/20","10","4","48017","40"
"Bandera","0","6","Texas","5/28/20","6","0","48019","0"
"Bastrop","5","196","Texas","5/28/20","161","35","48021","21.74"
"Bee","0","9","Texas","5/28/20","8","1","48025","12.5"
"Bell","8","335","Texas","5/28/20","282","53","48027","18.79"
"Bexar","37","2583","Texas","5/28/20","2322","261","48029","11.24"
"Blanco","0","8","Texas","5/28/20","7","1","48031","14.29"
"Bosque","0","6","Texas","5/28/20","6","0","48035","0"
"Bowie","2","189","Texas","5/28/20","176","13","48037","7.39"
"Brazoria","8","861","Texas","5/28/20","805","56","48039","6.96"
"Brazos","13","455","Texas","5/28/20","362","93","48041","25.69"
"Brewster","0","1","Texas","5/28/20","1","0","48043","0"
"Briscoe","0","1","Texas","5/28/20","1","0","48045","0"
"Brooks","0","1","Texas","5/28/20","1","0","48047","0"
"Brown","0","57","Texas","5/28/20","55","2","48049","3.64"
"Burleson","0","23","Texas","5/28/20","20","3","48051","15"
"Burnet","0","32","Texas","5/28/20","29","3","48053","10.34"
"Caldwell","2","57","Texas","5/28/20","41","16","48055","39.02"
"Calhoun","0","37","Texas","5/28/20","37","0","48057","0"
"Callahan","0","9","Texas","5/28/20","8","1","48059","12.5"
"Cameron","10","731","Texas","5/28/20","664","67","48061","10.09"
"Camp","6","74","Texas","5/28/20","32","42","48063","131.25"
"Carson","0","6","Texas","5/28/20","6","0","48065","0"
"Cass","1","29","Texas","5/28/20","21","8","48067","38.1"
"Castro","0","32","Texas","5/28/20","29","3","48069","10.34"
"Chambers","1","62","Texas","5/28/20","58","4","48071","6.9"
"Cherokee","0","44","Texas","5/28/20","44","0","48073","0"
"Childress","0","2","Texas","5/28/20","2","0","48075","0"
"Clay","0","3","Texas","5/28/20","3","0","48077","0"
"Cochran","0","1","Texas","5/28/20","1","0","48079","0"
"Coke","0","1","Texas","5/28/20","1","0","48081","0"
"Coleman","0","3","Texas","5/28/20","2","1","48083","50"
"Collin","18","1217","Texas","5/28/20","1090","127","48085","11.65"
"Collingsworth","0","5","Texas","5/28/20","4","1","48087","25"
"Colorado","0","22","Texas","5/28/20","19","3","48089","15.79"
"Comal","1","87","Texas","5/28/20","78","9","48091","11.54"
"Comanche","1","9","Texas","5/28/20","5","4","48093","80"
"Concho","0","1","Texas","5/28/20","1","0","48095","0"
"Cooke","0","13","Texas","5/28/20","13","0","48097","0"
"Coryell","0","227","Texas","5/28/20","226","1","48099","0.44"
"Cottle","0","4","Texas","5/28/20","4","0","48101","0"
"Crane","3","22","Texas","5/28/20","3","19","48103","633.33"
"Crosby","0","3","Texas","5/28/20","3","0","48107","0"
"Dallam","0","24","Texas","5/28/20","22","2","48111","9.09"
"Dallas","188","9587","Texas","5/28/20","8273","1314","48113","15.88"
"Dawson","0","40","Texas","5/28/20","39","1","48115","2.56"
"Deaf Smith","3","161","Texas","5/28/20","141","20","48117","14.18"
"Delta","0","1","Texas","5/28/20","1","0","48119","0"
"Denton","18","1285","Texas","5/28/20","1161","124","48121","10.68"
"DeWitt","0","17","Texas","5/28/20","17","0","48123","0"
"Dickens","0","1","Texas","5/28/20","1","0","48125","0"
"Dimmit","0","1","Texas","5/28/20","1","0","48127","0"
"Donley","0","26","Texas","5/28/20","26","0","48129","0"
"Duval","0","5","Texas","5/28/20","5","0","48131","0"
"Eastland","0","6","Texas","5/28/20","5","1","48133","20"
"Ector","3","152","Texas","5/28/20","130","22","48135","16.92"
"El Paso","75","2569","Texas","5/28/20","2046","523","48141","25.56"
"Ellis","6","305","Texas","5/28/20","266","39","48139","14.66"
"Erath","0","16","Texas","5/28/20","15","1","48143","6.67"
"Falls","0","6","Texas","5/28/20","6","0","48145","0"
"Fannin","1","37","Texas","5/28/20","29","8","48147","27.59"
"Fayette","0","34","Texas","5/28/20","31","3","48149","9.68"
"Fisher","0","2","Texas","5/28/20","2","0","48151","0"
"Floyd","0","8","Texas","5/28/20","5","3","48153","60"
"Fort Bend","16","1766","Texas","5/28/20","1652","114","48157","6.9"
"Franklin","1","13","Texas","5/28/20","8","5","48159","62.5"
"Freestone","0","10","Texas","5/28/20","7","3","48161","42.86"
"Frio","0","37","Texas","5/28/20","35","2","48163","5.71"
"Gaines","0","7","Texas","5/28/20","6","1","48165","16.67"
"Galveston","8","779","Texas","5/28/20","721","58","48167","8.04"
"Garza","0","5","Texas","5/28/20","4","1","48169","25"
"Gillespie","0","5","Texas","5/28/20","5","0","48171","0"
"Glasscock","0","1","Texas","5/28/20","1","0","48173","0"
"Goliad","0","7","Texas","5/28/20","7","0","48175","0"
"Gonzales","3","111","Texas","5/28/20","90","21","48177","23.33"
"Gray","0","96","Texas","5/28/20","95","1","48179","1.05"
"Grayson","7","316","Texas","5/28/20","268","48","48181","17.91"
"Gregg","3","201","Texas","5/28/20","180","21","48183","11.67"
"Grimes","3","113","Texas","5/28/20","91","22","48185","24.18"
"Guadalupe","1","126","Texas","5/28/20","116","10","48187","8.62"
"Hale","1","56","Texas","5/28/20","50","6","48189","12"
"Hall","0","2","Texas","5/28/20","1","1","48191","100"
"Hamilton","0","7","Texas","5/28/20","7","0","48193","0"
"Hansford","0","18","Texas","5/28/20","18","0","48195","0"
"Hardeman","0","1","Texas","5/28/20","0","1","48197","1"
"Hardin","2","137","Texas","5/28/20","121","16","48199","13.22"
"Harris","212","11770","Texas","5/28/20","10283","1487","48201","14.46"
"Harrison","3","239","Texas","5/28/20","217","22","48203","10.14"
"Hartley","0","11","Texas","5/28/20","11","0","48205","0"
"Haskell","0","2","Texas","5/28/20","2","0","48207","0"
"Hays","7","297","Texas","5/28/20","250","47","48209","18.8"
"Hemphill","0","1","Texas","5/28/20","1","0","48211","0"
"Henderson","1","57","Texas","5/28/20","51","6","48213","11.76"
"Hidalgo","10","537","Texas","5/28/20","467","70","48215","14.99"
"Hill","0","24","Texas","5/28/20","23","1","48217","4.35"
"Hockley","0","27","Texas","5/28/20","27","0","48219","0"
"Hood","0","26","Texas","5/28/20","23","3","48221","13.04"
"Hopkins","2","24","Texas","5/28/20","12","12","48223","100"
"Houston","0","84","Texas","5/28/20","81","3","48225","3.7"
"Howard","0","7","Texas","5/28/20","6","1","48227","16.67"
"Hudspeth","0","1","Texas","5/28/20","0","1","48229","1"
"Hunt","1","76","Texas","5/28/20","71","5","48231","7.04"
"Hutchinson","0","34","Texas","5/28/20","31","3","48233","9.68"
"Jack","0","4","Texas","5/28/20","4","0","48237","0"
"Jackson","0","18","Texas","5/28/20","16","2","48239","12.5"
"Jasper","0","28","Texas","5/28/20","26","2","48241","7.69"
"Jefferson","8","518","Texas","5/28/20","465","53","48245","11.4"
"Jim Hogg","0","4","Texas","5/28/20","4","0","48247","0"
"Jim Wells","0","9","Texas","5/28/20","9","0","48249","0"
"Johnson","3","165","Texas","5/28/20","144","21","48251","14.58"
"Jones","27","323","Texas","5/28/20","134","189","48253","141.04"
"Karnes","0","4","Texas","5/28/20","4","0","48255","0"
"Kaufman","4","203","Texas","5/28/20","173","30","48257","17.34"
"Kendall","1","28","Texas","5/28/20","24","4","48259","16.67"
"Kerr","1","17","Texas","5/28/20","11","6","48265","54.55"
"Kimble","0","1","Texas","5/28/20","1","0","48267","0"
"Kleberg","0","16","Texas","5/28/20","14","2","48273","14.29"
"Knox","0","1","Texas","5/28/20","1","0","48275","0"
"La Salle","0","4","Texas","5/28/20","4","0","48283","0"
"Lamar","1","136","Texas","5/28/20","126","10","48277","7.94"
"Lamb","1","16","Texas","5/28/20","11","5","48279","45.45"
"Lampasas","0","8","Texas","5/28/20","8","0","48281","0"
"Lavaca","0","11","Texas","5/28/20","8","3","48285","37.5"
"Lee","2","21","Texas","5/28/20","8","13","48287","162.5"
"Leon","0","10","Texas","5/28/20","9","1","48289","11.11"
"Liberty","0","81","Texas","5/28/20","81","0","48291","0"
"Limestone","1","23","Texas","5/28/20","18","5","48293","27.78"
"Lipscomb","0","2","Texas","5/28/20","2","0","48295","0"
"Live Oak","0","9","Texas","5/28/20","9","0","48297","0"
"Llano","0","3","Texas","5/28/20","3","0","48299","0"
"Lubbock","5","677","Texas","5/28/20","639","38","48303","5.95"
"Lynn","0","6","Texas","5/28/20","5","1","48305","20"
"Madison","0","8","Texas","5/28/20","8","0","48313","0"
"Marion","0","16","Texas","5/28/20","15","1","48315","6.67"
"Martin","0","3","Texas","5/28/20","3","0","48317","0"
"Mason","0","31","Texas","5/28/20","31","0","48319","0"
"Matagorda","1","70","Texas","5/28/20","66","4","48321","6.06"
"Maverick","2","109","Texas","5/28/20","94","15","48323","15.96"
"McCulloch","0","3","Texas","5/28/20","3","0","48307","0"
"McLennan","2","113","Texas","5/28/20","102","11","48309","10.78"
"Medina","1","69","Texas","5/28/20","64","5","48325","7.81"
"Midland","0","126","Texas","5/28/20","123","3","48329","2.44"
"Milam","0","28","Texas","5/28/20","27","1","48331","3.7"
"Mills","0","1","Texas","5/28/20","1","0","48333","0"
"Mitchell","0","1","Texas","5/28/20","1","0","48335","0"
"Montague","0","9","Texas","5/28/20","9","0","48337","0"
"Montgomery","6","926","Texas","5/28/20","881","45","48339","5.11"
"Moore","1","583","Texas","5/28/20","579","4","48341","0.69"
"Morris","2","27","Texas","5/28/20","15","12","48343","80"
"Motley","0","1","Texas","5/28/20","1","0","48345","0"
"Nacogdoches","4","271","Texas","5/28/20","244","27","48347","11.07"
"Navarro","1","49","Texas","5/28/20","40","9","48349","22.5"
"Newton","0","4","Texas","5/28/20","4","0","48351","0"
"Nolan","0","2","Texas","5/28/20","2","0","48353","0"
"Nueces","2","268","Texas","5/28/20","256","12","48355","4.69"
"Ochiltree","1","48","Texas","5/28/20","41","7","48357","17.07"
"Oldham","0","3","Texas","5/28/20","3","0","48359","0"
"Orange","1","96","Texas","5/28/20","89","7","48361","7.87"
"Palo Pinto","0","11","Texas","5/28/20","10","1","48363","10"
"Panola","3","196","Texas","5/28/20","175","21","48365","12"
"Parker","0","70","Texas","5/28/20","67","3","48367","4.48"
"Parmer","2","53","Texas","5/28/20","39","14","48369","35.9"
"Pecos","5","56","Texas","5/28/20","24","32","48371","133.33"
"Polk","0","54","Texas","5/28/20","52","2","48373","3.85"
"Potter","10","2266","Texas","5/28/20","2196","70","48375","3.19"
"Presidio","0","1","Texas","5/28/20","0","1","48377","1"
"Rains","0","3","Texas","5/28/20","3","0","48379","0"
"Randall","4","655","Texas","5/28/20","625","30","48381","4.8"
"Reagan","0","1","Texas","5/28/20","0","1","48383","1"
"Red River","1","50","Texas","5/28/20","42","8","48387","19.05"
"Reeves","0","7","Texas","5/28/20","7","0","48389","0"
"Refugio","0","3","Texas","5/28/20","3","0","48391","0"
"Roberts","0","2","Texas","5/28/20","2","0","48393","0"
"Robertson","0","7","Texas","5/28/20","7","0","48395","0"
"Rockwall","2","159","Texas","5/28/20","147","12","48397","8.16"
"Runnels","0","2","Texas","5/28/20","2","0","48399","0"
"Rusk","0","45","Texas","5/28/20","42","3","48401","7.14"
"Sabine","0","6","Texas","5/28/20","4","2","48403","50"
"San Augustine","0","31","Texas","5/28/20","28","3","48405","10.71"
"San Jacinto","0","14","Texas","5/28/20","13","1","48407","7.69"
"San Patricio","1","32","Texas","5/28/20","28","4","48409","14.29"
"San Saba","0","1","Texas","5/28/20","1","0","48411","0"
"Scurry","0","2","Texas","5/28/20","2","0","48415","0"
"Shackelford","0","1","Texas","5/28/20","1","0","48417","0"
"Shelby","1","189","Texas","5/28/20","180","9","48419","5"
"Sherman","0","23","Texas","5/28/20","23","0","48421","0"
"Smith","1","200","Texas","5/28/20","195","5","48423","2.56"
"Starr","1","27","Texas","5/28/20","23","4","48427","17.39"
"Stephens","0","4","Texas","5/28/20","2","2","48429","100"
"Swisher","0","18","Texas","5/28/20","15","3","48437","20"
"Tarrant","68","5190","Texas","5/28/20","4711","479","48439","10.17"
"Taylor","1","231","Texas","5/28/20","225","6","48441","2.67"
"Terry","0","13","Texas","5/28/20","13","0","48445","0"
"Titus","36","443","Texas","5/28/20","189","254","48449","134.39"
"Tom Green","1","93","Texas","5/28/20","89","4","48451","4.49"
"Travis","59","3057","Texas","5/28/20","2644","413","48453","15.62"
"Trinity","0","13","Texas","5/28/20","11","2","48455","18.18"
"Tyler","0","11","Texas","5/28/20","10","1","48457","10"
"Upshur","0","20","Texas","5/28/20","18","2","48459","11.11"
"Uvalde","0","6","Texas","5/28/20","6","0","48463","0"
"Val Verde","1","20","Texas","5/28/20","13","7","48465","53.85"
"Van Zandt","1","30","Texas","5/28/20","25","5","48467","20"
"Victoria","0","159","Texas","5/28/20","157","2","48469","1.27"
"Walker","45","869","Texas","5/28/20","552","317","48471","57.43"
"Waller","1","55","Texas","5/28/20","45","10","48473","22.22"
"Ward","0","1","Texas","5/28/20","0","1","48475","1"
"Washington","1","197","Texas","5/28/20","187","10","48477","5.35"
"Webb","4","524","Texas","5/28/20","498","26","48479","5.22"
"Wharton","2","57","Texas","5/28/20","45","12","48481","26.67"
"Wheeler","0","15","Texas","5/28/20","15","0","48483","0"
"Wichita","0","84","Texas","5/28/20","82","2","48485","2.44"
"Wilbarger","0","6","Texas","5/28/20","6","0","48487","0"
"Willacy","0","14","Texas","5/28/20","15","-1","48489","-6.67"
"Williamson","11","596","Texas","5/28/20","520","76","48491","14.62"
"Wilson","0","38","Texas","5/28/20","38","0","48493","0"
"Winkler","0","3","Texas","5/28/20","3","0","48495","0"
"Wise","0","45","Texas","5/28/20","42","3","48497","7.14"
"Wood","1","26","Texas","5/28/20","22","4","48499","18.18"
"Yoakum","0","3","Texas","5/28/20","3","0","48501","0"
"Young","0","4","Texas","5/28/20","4","0","48503","0"
"Zapata","0","8","Texas","5/28/20","8","0","48505","0"
"Zavala","0","11","Texas","5/28/20","11","0","48507","0"
"Bear River","3","117","Utah","5/28/20","97","20","00000","20.62"
"Central Utah","0","34","Utah","5/28/20","32","2","00000","6.25"
"Davis","6","435","Utah","5/28/20","396","39","49011","9.85"
"Salt Lake","84","4806","Utah","5/28/20","4217","589","49035","13.97"
"San Juan","5","283","Utah","5/28/20","251","32","49037","12.75"
"Southeast Utah","1","23","Utah","5/28/20","17","6","00000","35.29"
"Southwest Utah","13","360","Utah","5/28/20","271","89","00000","32.84"
"Summit","1","409","Utah","5/28/20","404","5","49043","1.24"
"Tooele","3","122","Utah","5/28/20","104","18","49045","17.31"
"TriCounty","0","20","Utah","5/28/20","20","0","00000","0"
"Utah","26","1777","Utah","5/28/20","1592","185","49049","11.62"
"Wasatch","5","259","Utah","5/28/20","222","37","49051","16.67"
"Weber-Morgan","4","276","Utah","5/28/20","251","25","00000","9.96"
"Addison","0","62","Vermont","5/28/20","62","0","50001","0"
"Bennington","0","62","Vermont","5/28/20","60","2","50003","3.33"
"Caledonia","0","15","Vermont","5/28/20","14","1","50005","7.14"
"Chittenden","1","449","Vermont","5/28/20","440","9","50007","2.05"
"Essex","0","3","Vermont","5/28/20","2","1","50009","50"
"Franklin","0","99","Vermont","5/28/20","99","0","50011","0"
"Grand Isle","0","7","Vermont","5/28/20","5","2","50013","40"
"Lamoille","0","29","Vermont","5/28/20","29","0","50015","0"
"Orange","0","8","Vermont","5/28/20","8","0","50017","0"
"Orleans","0","10","Vermont","5/28/20","9","1","50019","11.11"
"Rutland","1","54","Vermont","5/28/20","50","4","50021","8"
"Washington","0","39","Vermont","5/28/20","38","1","50023","2.63"
"Windham","0","81","Vermont","5/28/20","80","1","50025","1.25"
"Windsor","0","51","Vermont","5/28/20","49","2","50027","4.08"
"","0","69","Virgin Islands","5/28/20","69","0",,"0"
"Accomack","14","807","Virginia","5/28/20","709","98","51001","13.82"
"Albemarle","4","170","Virginia","5/28/20","142","28","51003","19.72"
"Alexandria","37","1887","Virginia","5/28/20","1627","260","51510","15.98"
"Alleghany","1","17","Virginia","5/28/20","9","8","51005","88.89"
"Amelia","0","23","Virginia","5/28/20","22","1","51007","4.55"
"Amherst","0","27","Virginia","5/28/20","25","2","51009","8"
"Appomattox","1","31","Virginia","5/28/20","25","6","51011","24"
"Arlington","39","2039","Virginia","5/28/20","1763","276","51013","15.66"
"Augusta","3","105","Virginia","5/28/20","85","20","51015","23.53"
"Bedford","1","47","Virginia","5/28/20","41","6","51019","14.63"
"Botetourt","0","32","Virginia","5/28/20","31","1","51023","3.23"
"Bristol","0","4","Virginia","5/28/20","4","0","51520","0"
"Brunswick","0","24","Virginia","5/28/20","21","3","51025","14.29"
"Buchanan","0","18","Virginia","5/28/20","18","0","51027","0"
"Buckingham","2","453","Virginia","5/28/20","438","15","51029","3.42"
"Buena Vista","0","13","Virginia","5/28/20","12","1","51530","8.33"
"Campbell","0","16","Virginia","5/28/20","13","3","51031","23.08"
"Caroline","2","56","Virginia","5/28/20","45","11","51033","24.44"
"Carroll","3","88","Virginia","5/28/20","64","24","51035","37.5"
"Charles City","0","27","Virginia","5/28/20","25","2","51036","8"
"Charlotte","1","23","Virginia","5/28/20","16","7","51037","43.75"
"Charlottesville","4","102","Virginia","5/28/20","72","30","51540","41.67"
"Chesapeake","10","481","Virginia","5/28/20","412","69","51550","16.75"
"Chesterfield","28","1331","Virginia","5/28/20","1132","199","51041","17.58"
"Clarke","1","24","Virginia","5/28/20","19","5","51043","26.32"
"Colonial Heights","1","86","Virginia","5/28/20","82","4","51570","4.88"
"Covington","0","3","Virginia","5/28/20","3","0","51580","0"
"Craig","0","5","Virginia","5/28/20","5","0","51045","0"
"Culpeper","19","656","Virginia","5/28/20","526","130","51047","24.71"
"Cumberland","1","32","Virginia","5/28/20","25","7","51049","28"
"Danville","1","50","Virginia","5/28/20","45","5","51590","11.11"
"Dinwiddie","3","68","Virginia","5/28/20","47","21","51053","44.68"
"Emporia","3","76","Virginia","5/28/20","58","18","51595","31.03"
"Essex","1","46","Virginia","5/28/20","36","10","51057","27.78"
"Fairfax","275","10503","Virginia","5/28/20","8580","1923","51059","22.41"
"Fairfax City","2","63","Virginia","5/28/20","51","12","51600","23.53"
"Falls Church","1","53","Virginia","5/28/20","46","7","51610","15.22"
"Fauquier","6","303","Virginia","5/28/20","261","42","51061","16.09"
"Floyd","0","5","Virginia","5/28/20","4","1","51063","25"
"Fluvanna","1","88","Virginia","5/28/20","83","5","51065","6.02"
"Franklin","1","35","Virginia","5/28/20","30","5","51067","16.67"
"Franklin City","1","41","Virginia","5/28/20","34","7","51620","20.59"
"Frederick","11","319","Virginia","5/28/20","245","74","51069","30.2"
"Fredericksburg","5","142","Virginia","5/28/20","107","35","51630","32.71"
"Galax","4","107","Virginia","5/28/20","82","25","51640","30.49"
"Giles","0","5","Virginia","5/28/20","5","0","51071","0"
"Gloucester","0","30","Virginia","5/28/20","30","0","51073","0"
"Goochland","1","93","Virginia","5/28/20","89","4","51075","4.49"
"Grayson","1","32","Virginia","5/28/20","22","10","51077","45.45"
"Greene","1","28","Virginia","5/28/20","20","8","51079","40"
"Greensville","1","63","Virginia","5/28/20","55","8","51081","14.55"
"Halifax","0","30","Virginia","5/28/20","29","1","51083","3.45"
"Hampton","3","190","Virginia","5/28/20","167","23","51650","13.77"
"Hanover","10","316","Virginia","5/28/20","244","72","51085","29.51"
"Harrisonburg","9","757","Virginia","5/28/20","695","62","51660","8.92"
"Henrico","41","1624","Virginia","5/28/20","1339","285","51087","21.28"
"Henry","6","95","Virginia","5/28/20","53","42","51089","79.25"
"Highland","0","3","Virginia","5/28/20","3","0","51091","0"
"Hopewell","3","81","Virginia","5/28/20","62","19","51670","30.65"
"Isle of Wight","1","126","Virginia","5/28/20","121","5","51093","4.13"
"James City","2","202","Virginia","5/28/20","189","13","51095","6.88"
"King and Queen","0","10","Virginia","5/28/20","7","3","51097","42.86"
"King George","2","62","Virginia","5/28/20","49","13","51099","26.53"
"King William","1","26","Virginia","5/28/20","16","10","51101","62.5"
"Lancaster","0","10","Virginia","5/28/20","8","2","51103","25"
"Lee","0","9","Virginia","5/28/20","10","-1","51105","-10"
"Lexington","0","7","Virginia","5/28/20","6","1","51678","16.67"
"Loudoun","88","2318","Virginia","5/28/20","1700","618","51107","36.35"
"Louisa","2","76","Virginia","5/28/20","64","12","51109","18.75"
"Lunenburg","1","11","Virginia","5/28/20","7","4","51111","57.14"
"Lynchburg","1","80","Virginia","5/28/20","75","5","51680","6.67"
"Madison","2","38","Virginia","5/28/20","27","11","51113","40.74"
"Manassas","33","971","Virginia","5/28/20","743","228","51683","30.69"
"Manassas Park","8","281","Virginia","5/28/20","223","58","51685","26.01"
"Martinsville","1","31","Virginia","5/28/20","21","10","51690","47.62"
"Mathews","0","5","Virginia","5/28/20","5","0","51115","0"
"Mecklenburg","4","214","Virginia","5/28/20","185","29","51117","15.68"
"Middlesex","0","14","Virginia","5/28/20","12","2","51119","16.67"
"Montgomery","1","72","Virginia","5/28/20","67","5","51121","7.46"
"Nelson","0","16","Virginia","5/28/20","13","3","51125","23.08"
"New Kent","1","36","Virginia","5/28/20","26","10","51127","38.46"
"Newport News","6","257","Virginia","5/28/20","215","42","51700","19.53"
"Norfolk","11","452","Virginia","5/28/20","377","75","51710","19.89"
"Northampton","3","227","Virginia","5/28/20","206","21","51131","10.19"
"Northumberland","1","25","Virginia","5/28/20","21","4","51133","19.05"
"Norton","0","2","Virginia","5/28/20","2","0","51720","0"
"Nottoway","1","24","Virginia","5/28/20","19","5","51135","26.32"
"Orange","3","92","Virginia","5/28/20","73","19","51137","26.03"
"Page","7","213","Virginia","5/28/20","166","47","51139","28.31"
"Patrick","1","18","Virginia","5/28/20","12","6","51141","50"
"Petersburg","4","112","Virginia","5/28/20","84","28","51730","33.33"
"Pittsylvania","2","38","Virginia","5/28/20","26","12","51143","46.15"
"Poquoson","0","7","Virginia","5/28/20","7","0","51735","0"
"Portsmouth","6","284","Virginia","5/28/20","245","39","51740","15.92"
"Powhatan","1","30","Virginia","5/28/20","26","4","51145","15.38"
"Prince Edward","4","129","Virginia","5/28/20","99","30","51147","30.3"
"Prince George","4","81","Virginia","5/28/20","56","25","51149","44.64"
"Prince William","139","5157","Virginia","5/28/20","4183","974","51153","23.28"
"Pulaski","1","18","Virginia","5/28/20","10","8","51155","80"
"Radford","0","6","Virginia","5/28/20","4","2","51750","50"
"Rappahannock","0","13","Virginia","5/28/20","12","1","51157","8.33"
"Richmond","2","275","Virginia","5/28/20","263","12","51159","4.56"
"Richmond City","35","1133","Virginia","5/28/20","888","245","51760","27.59"
"Roanoke","1","97","Virginia","5/28/20","89","8","51161","8.99"
"Roanoke City","2","147","Virginia","5/28/20","135","12","51770","8.89"
"Rockbridge","1","16","Virginia","5/28/20","12","4","51163","33.33"
"Rockingham","8","490","Virginia","5/28/20","434","56","51165","12.9"
"Russell","0","8","Virginia","5/28/20","8","0","51167","0"
"Salem","0","32","Virginia","5/28/20","33","-1","51775","-3.03"
"Scott","0","7","Virginia","5/28/20","8","-1","51169","-12.5"
"Shenandoah","8","414","Virginia","5/28/20","355","59","51171","16.62"
"Smyth","0","15","Virginia","5/28/20","15","0","51173","0"
"Southampton","1","146","Virginia","5/28/20","138","8","51175","5.8"
"Spotsylvania","17","487","Virginia","5/28/20","366","121","51177","33.06"
"Stafford","19","672","Virginia","5/28/20","540","132","51179","24.44"
"Staunton","0","36","Virginia","5/28/20","34","2","51790","5.88"
"Suffolk","4","308","Virginia","5/28/20","278","30","51800","10.79"
"Surry","0","9","Virginia","5/28/20","6","3","51181","50"
"Sussex","6","142","Virginia","5/28/20","100","42","51183","42"
"Tazewell","0","7","Virginia","5/28/20","6","1","51185","16.67"
"Virginia Beach","11","662","Virginia","5/28/20","584","78","51810","13.36"
"Warren","4","141","Virginia","5/28/20","110","31","51187","28.18"
"Washington","0","51","Virginia","5/28/20","51","0","51191","0"
"Waynesboro","1","41","Virginia","5/28/20","33","8","51820","24.24"
"Westmoreland","3","63","Virginia","5/28/20","43","20","51193","46.51"
"Williamsburg","0","44","Virginia","5/28/20","43","1","51830","2.33"
"Winchester","8","168","Virginia","5/28/20","110","58","51840","52.73"
"Wise","0","24","Virginia","5/28/20","24","0","51195","0"
"Wythe","1","21","Virginia","5/28/20","16","5","51197","31.25"
"York","1","72","Virginia","5/28/20","65","7","51199","10.77"
"Adams","1","54","Washington","5/28/20","50","4","53001","8"
"Asotin","0","19","Washington","5/28/20","18","1","53003","5.56"
"Benton","11","742","Washington","5/28/20","666","76","53005","11.41"
"Chelan","6","238","Washington","5/28/20","198","40","53007","20.2"
"Clallam","0","25","Washington","5/28/20","25","0","53009","0"
"Clark","8","449","Washington","5/28/20","394","55","53011","13.96"
"Columbia","0","1","Washington","5/28/20","1","0","53013","0"
"Cowlitz","0","73","Washington","5/28/20","71","2","53015","2.82"
"Douglas","4","164","Washington","5/28/20","137","27","53017","19.71"
"Ferry","0","1","Washington","5/28/20","1","0","53019","0"
"Franklin","7","523","Washington","5/28/20","472","51","53021","10.81"
"Grant","1","198","Washington","5/28/20","188","10","53025","5.32"
"Grays Harbor","0","16","Washington","5/28/20","15","1","53027","6.67"
"Island","0","177","Washington","5/28/20","177","0","53029","0"
"Jefferson","0","30","Washington","5/28/20","30","0","53031","0"
"King","42","7923","Washington","5/28/20","7630","293","53033","3.84"
"Kitsap","0","161","Washington","5/28/20","161","0","53035","0"
"Kittitas","2","80","Washington","5/28/20","66","14","53037","21.21"
"Klickitat","0","24","Washington","5/28/20","24","0","53039","0"
"Lewis","0","35","Washington","5/28/20","35","0","53041","0"
"Lincoln","0","2","Washington","5/28/20","2","0","53043","0"
"Mason","0","34","Washington","5/28/20","33","1","53045","3.03"
"Okanogan","1","47","Washington","5/28/20","42","5","53047","11.9"
"Pacific","0","9","Washington","5/28/20","9","0","53049","0"
"Pend Oreille","0","3","Washington","5/28/20","2","1","53051","50"
"Pierce","24","1884","Washington","5/28/20","1719","165","53053","9.6"
"San Juan","0","15","Washington","5/28/20","15","0","53055","0"
"Skagit","0","428","Washington","5/28/20","426","2","53057","0.47"
"Skamania","0","3","Washington","5/28/20","3","0","53059","0"
"Snohomish","13","2937","Washington","5/28/20","2846","91","53061","3.2"
"Spokane","16","531","Washington","5/28/20","421","110","53063","26.13"
"Stevens","0","11","Washington","5/28/20","10","1","53065","10"
"Thurston","1","132","Washington","5/28/20","124","8","53067","6.45"
"Wahkiakum","0","4","Washington","5/28/20","4","0","53069","0"
"Walla Walla","0","108","Washington","5/28/20","106","2","53071","1.89"
"Whatcom","3","383","Washington","5/28/20","363","20","53073","5.51"
"Whitman","0","16","Washington","5/28/20","16","0","53075","0"
"Yakima","97","3231","Washington","5/28/20","2551","680","53077","26.66"
"Barbour","0","9","West Virginia","5/28/20","7","2","54001","28.57"
"Berkeley","7","298","West Virginia","5/28/20","248","50","54003","20.16"
"Boone","0","10","West Virginia","5/28/20","9","1","54005","11.11"
"Braxton","0","2","West Virginia","5/28/20","2","0","54007","0"
"Brooke","0","4","West Virginia","5/28/20","3","1","54009","33.33"
"Cabell","1","61","West Virginia","5/28/20","55","6","54011","10.91"
"Calhoun","0","2","West Virginia","5/28/20","2","0","54013","0"
"Clay","0","2","West Virginia","5/28/20","2","0","54015","0"
"Fayette","1","46","West Virginia","5/28/20","39","7","54019","17.95"
"Gilmer","0","10","West Virginia","5/28/20","9","1","54021","11.11"
"Grant","1","11","West Virginia","5/28/20","6","5","54023","83.33"
"Greenbrier","0","9","West Virginia","5/28/20","9","0","54025","0"
"Hampshire","2","29","West Virginia","5/28/20","12","17","54027","141.67"
"Hancock","1","17","West Virginia","5/28/20","13","4","54029","30.77"
"Hardy","1","38","West Virginia","5/28/20","34","4","54031","11.76"
"Harrison","0","40","West Virginia","5/28/20","37","3","54033","8.11"
"Jackson","0","135","West Virginia","5/28/20","135","0","54035","0"
"Jefferson","5","168","West Virginia","5/28/20","131","37","54037","28.24"
"Kanawha","2","218","West Virginia","5/28/20","205","13","54039","6.34"
"Lewis","0","6","West Virginia","5/28/20","5","1","54041","20"
"Lincoln","0","5","West Virginia","5/28/20","5","0","54043","0"
"Logan","0","17","West Virginia","5/28/20","15","2","54045","13.33"
"Marion","0","51","West Virginia","5/28/20","48","3","54049","6.25"
"Marshall","0","28","West Virginia","5/28/20","26","2","54051","7.69"
"Mason","0","15","West Virginia","5/28/20","15","0","54053","0"
"McDowell","0","6","West Virginia","5/28/20","6","0","54047","0"
"Mercer","0","13","West Virginia","5/28/20","13","0","54055","0"
"Mineral","1","44","West Virginia","5/28/20","34","10","54057","29.41"
"Mingo","0","6","West Virginia","5/28/20","3","3","54059","100"
"Monongalia","2","131","West Virginia","5/28/20","118","13","54061","11.02"
"Monroe","0","7","West Virginia","5/28/20","6","1","54063","16.67"
"Morgan","0","18","West Virginia","5/28/20","17","1","54065","5.88"
"Nicholas","0","8","West Virginia","5/28/20","9","-1","54067","-11.11"
"Ohio","0","41","West Virginia","5/28/20","38","3","54069","7.89"
"Pendleton","1","11","West Virginia","5/28/20","5","6","54071","120"
"Pleasants","0","4","West Virginia","5/28/20","2","2","54073","100"
"Pocahontas","1","18","West Virginia","5/28/20","13","5","54075","38.46"
"Preston","1","22","West Virginia","5/28/20","15","7","54077","46.67"
"Putnam","1","35","West Virginia","5/28/20","30","5","54079","16.67"
"Raleigh","0","16","West Virginia","5/28/20","14","2","54081","14.29"
"Randolph","16","123","West Virginia","5/28/20","9","114","54083","1266.67"
"Ritchie","0","1","West Virginia","5/28/20","1","0","54085","0"
"Roane","0","9","West Virginia","5/28/20","8","1","54087","12.5"
"Summers","0","1","West Virginia","5/28/20","1","0","54089","0"
"Taylor","0","8","West Virginia","5/28/20","8","0","54091","0"
"Tucker","0","4","West Virginia","5/28/20","4","0","54093","0"
"Tyler","0","3","West Virginia","5/28/20","3","0","54095","0"
"Upshur","0","7","West Virginia","5/28/20","6","1","54097","16.67"
"Wayne","0","98","West Virginia","5/28/20","96","2","54099","2.08"
"Wetzel","0","8","West Virginia","5/28/20","7","1","54103","14.29"
"Wirt","0","4","West Virginia","5/28/20","4","0","54105","0"
"Wood","1","54","West Virginia","5/28/20","48","6","54107","12.5"
"Wyoming","0","3","West Virginia","5/28/20","3","0","54109","0"
"Adams","0","4","Wisconsin","5/28/20","4","0","55001","0"
"Ashland","0","2","Wisconsin","5/28/20","2","0","55003","0"
"Barron","0","14","Wisconsin","5/28/20","11","3","55005","27.27"
"Bayfield","0","3","Wisconsin","5/28/20","3","0","55007","0"
"Brown","18","2300","Wisconsin","5/28/20","2177","123","55009","5.65"
"Buffalo","0","5","Wisconsin","5/28/20","5","0","55011","0"
"Burnett","0","1","Wisconsin","5/28/20","1","0","55013","0"
"Calumet","2","74","Wisconsin","5/28/20","61","13","55015","21.31"
"Chippewa","1","53","Wisconsin","5/28/20","45","8","55017","17.78"
"Clark","0","32","Wisconsin","5/28/20","29","3","55019","10.34"
"Columbia","1","42","Wisconsin","5/28/20","36","6","55021","16.67"
"Crawford","0","26","Wisconsin","5/28/20","24","2","55023","8.33"
"Dane","15","679","Wisconsin","5/28/20","576","103","55025","17.88"
"Dodge","7","172","Wisconsin","5/28/20","121","51","55027","42.15"
"Door","1","38","Wisconsin","5/28/20","34","4","55029","11.76"
"Douglas","1","19","Wisconsin","5/28/20","15","4","55031","26.67"
"Dunn","1","24","Wisconsin","5/28/20","20","4","55033","20"
"Eau Claire","2","99","Wisconsin","5/28/20","82","17","55035","20.73"
"Florence","0","2","Wisconsin","5/28/20","2","0","55037","0"
"Fond du Lac","6","192","Wisconsin","5/28/20","148","44","55039","29.73"
"Forest","2","26","Wisconsin","5/28/20","11","15","55041","136.36"
"Grant","2","93","Wisconsin","5/28/20","78","15","55043","19.23"
"Green","2","60","Wisconsin","5/28/20","49","11","55045","22.45"
"Green Lake","1","16","Wisconsin","5/28/20","12","4","55047","33.33"
"Iowa","0","14","Wisconsin","5/28/20","11","3","55049","27.27"
"Iron","0","2","Wisconsin","5/28/20","2","0","55051","0"
"Jackson","0","15","Wisconsin","5/28/20","15","0","55053","0"
"Jefferson","4","96","Wisconsin","5/28/20","67","29","55055","43.28"
"Juneau","0","22","Wisconsin","5/28/20","22","0","55057","0"
"Kenosha","24","1088","Wisconsin","5/28/20","921","167","55059","18.13"
"Kewaunee","0","34","Wisconsin","5/28/20","32","2","55061","6.25"
"La Crosse","1","51","Wisconsin","5/28/20","47","4","55063","8.51"
"Lafayette","1","26","Wisconsin","5/28/20","16","10","55065","62.5"
"Langlade","0","2","Wisconsin","5/28/20","1","1","55067","100"
"Lincoln","1","7","Wisconsin","5/28/20","3","4","55069","133.33"
"Manitowoc","1","36","Wisconsin","5/28/20","28","8","55071","28.57"
"Marathon","1","43","Wisconsin","5/28/20","35","8","55073","22.86"
"Marinette","1","33","Wisconsin","5/28/20","28","5","55075","17.86"
"Marquette","0","3","Wisconsin","5/28/20","3","0","55077","0"
"Menominee","0","3","Wisconsin","5/28/20","2","1","55078","50"
"Milwaukee","199","6952","Wisconsin","5/28/20","5556","1396","55079","25.13"
"Monroe","0","16","Wisconsin","5/28/20","16","0","55081","0"
"Oconto","1","35","Wisconsin","5/28/20","31","4","55083","12.9"
"Oneida","0","9","Wisconsin","5/28/20","7","2","55085","28.57"
"Outagamie","6","204","Wisconsin","5/28/20","161","43","55087","26.71"
"Ozaukee","4","156","Wisconsin","5/28/20","131","25","55089","19.08"
"Pepin","0","1","Wisconsin","5/28/20","1","0","55091","0"
"Pierce","2","44","Wisconsin","5/28/20","30","14","55093","46.67"
"Polk","1","18","Wisconsin","5/28/20","9","9","55095","100"
"Portage","0","11","Wisconsin","5/28/20","8","3","55097","37.5"
"Price","0","2","Wisconsin","5/28/20","2","0","55099","0"
"Racine","63","1605","Wisconsin","5/28/20","1166","439","55101","37.65"
"Richland","0","14","Wisconsin","5/28/20","14","0","55103","0"
"Rock","16","607","Wisconsin","5/28/20","493","114","55105","23.12"
"Rusk","0","5","Wisconsin","5/28/20","4","1","55107","25"
"Sauk","0","78","Wisconsin","5/28/20","77","1","55111","1.3"
"Sawyer","0","8","Wisconsin","5/28/20","7","1","55113","14.29"
"Shawano","1","43","Wisconsin","5/28/20","36","7","55115","19.44"
"Sheboygan","1","84","Wisconsin","5/28/20","76","8","55117","10.53"
"St. Croix","2","74","Wisconsin","5/28/20","57","17","55109","29.82"
"Taylor","0","1","Wisconsin","5/28/20","1","0","55119","0"
"Trempealeau","1","23","Wisconsin","5/28/20","13","10","55121","76.92"
"Vernon","1","20","Wisconsin","5/28/20","13","7","55123","53.85"
"Vilas","0","6","Wisconsin","5/28/20","5","1","55125","20"
"Walworth","8","372","Wisconsin","5/28/20","316","56","55127","17.72"
"Washburn","0","2","Wisconsin","5/28/20","2","0","55129","0"
"Washington","9","233","Wisconsin","5/28/20","171","62","55131","36.26"
"Waukesha","18","650","Wisconsin","5/28/20","527","123","55133","23.34"
"Waupaca","1","27","Wisconsin","5/28/20","19","8","55135","42.11"
"Waushara","0","8","Wisconsin","5/28/20","7","1","55137","14.29"
"Winnebago","9","205","Wisconsin","5/28/20","141","64","55139","45.39"
"Wood","0","10","Wisconsin","5/28/20","9","1","55141","11.11"
"Albany","2","24","Wyoming","5/28/20","10","14","56001","140"
"Big Horn","0","5","Wyoming","5/28/20","3","2","56003","66.67"
"Campbell","0","30","Wyoming","5/28/20","30","0","56005","0"
"Carbon","0","16","Wyoming","5/28/20","16","0","56007","0"
"Converse","0","24","Wyoming","5/28/20","24","0","56009","0"
"Crook","0","5","Wyoming","5/28/20","5","0","56011","0"
"Fremont","3","261","Wyoming","5/28/20","237","24","56013","10.13"
"Goshen","0","5","Wyoming","5/28/20","5","0","56015","0"
"Hot Springs","0","12","Wyoming","5/28/20","9","3","56017","33.33"
"Johnson","0","18","Wyoming","5/28/20","16","2","56019","12.5"
"Laramie","1","188","Wyoming","5/28/20","182","6","56021","3.3"
"Lincoln","0","15","Wyoming","5/28/20","15","0","56023","0"
"Natrona","1","75","Wyoming","5/28/20","67","8","56025","11.94"
"Niobrara","0","2","Wyoming","5/28/20","2","0","56027","0"
"Park","0","2","Wyoming","5/28/20","2","0","56029","0"
"Platte","0","1","Wyoming","5/28/20","1","0","56031","0"
"Sheridan","0","16","Wyoming","5/28/20","16","0","56033","0"
"Sublette","0","3","Wyoming","5/28/20","3","0","56035","0"
"Sweetwater","0","26","Wyoming","5/28/20","25","1","56037","4"
"Teton","0","100","Wyoming","5/28/20","100","0","56039","0"
"Uinta","0","12","Wyoming","5/28/20","13","-1","56041","-7.69"
"Washakie","2","35","Wyoming","5/28/20","20","15","56043","75"
"Weston","0","1","Wyoming","5/28/20","0","1","56045","1"
