"Locality","DailyAvgNewCasesPast7Days","TotalCases","State","Date","TotalCases7DaysAgo","NewCasesPast7Days","FIPS-Code","PercentIncreaseTotalCasesPast7Days"
"Autauga","6","143","Alabama","5/21/20","104","39","01001","37.5"
"Baldwin","4","269","Alabama","5/21/20","243","26","01003","10.7"
"Barbour","4","99","Alabama","5/21/20","74","25","01005","33.78"
"Bibb","1","52","Alabama","5/21/20","46","6","01007","13.04"
"Blount","0","47","Alabama","5/21/20","45","2","01009","4.44"
"Bullock","5","65","Alabama","5/21/20","28","37","01011","132.14"
"Butler","10","318","Alabama","5/21/20","249","69","01013","27.71"
"Calhoun","1","136","Alabama","5/21/20","128","8","01015","6.25"
"Chambers","1","332","Alabama","5/21/20","326","6","01017","1.84"
"Cherokee","1","31","Alabama","5/21/20","25","6","01019","24"
"Chilton","1","83","Alabama","5/21/20","74","9","01021","12.16"
"Choctaw","8","131","Alabama","5/21/20","77","54","01023","70.13"
"Clarke","3","91","Alabama","5/21/20","68","23","01025","33.82"
"Clay","0","27","Alabama","5/21/20","27","0","01027","0"
"Cleburne","0","13","Alabama","5/21/20","13","0","01029","0"
"Coffee","4","184","Alabama","5/21/20","159","25","01031","15.72"
"Colbert","5","111","Alabama","5/21/20","79","32","01033","40.51"
"Conecuh","1","22","Alabama","5/21/20","17","5","01035","29.41"
"Coosa","0","33","Alabama","5/21/20","34","-1","01037","-2.94"
"Covington","1","60","Alabama","5/21/20","56","4","01039","7.14"
"Crenshaw","0","52","Alabama","5/21/20","50","2","01041","4"
"Cullman","1","72","Alabama","5/21/20","67","5","01043","7.46"
"Dale","3","75","Alabama","5/21/20","53","22","01045","41.51"
"Dallas","6","173","Alabama","5/21/20","132","41","01047","31.06"
"DeKalb","3","207","Alabama","5/21/20","185","22","01049","11.89"
"Elmore","9","234","Alabama","5/21/20","169","65","01051","38.46"
"Escambia","0","39","Alabama","5/21/20","39","0","01053","0"
"Etowah","4","226","Alabama","5/21/20","198","28","01055","14.14"
"Fayette","0","10","Alabama","5/21/20","10","0","01057","0"
"Franklin","17","409","Alabama","5/21/20","288","121","01059","42.01"
"Geneva","1","27","Alabama","5/21/20","18","9","01061","50"
"Greene","2","87","Alabama","5/21/20","76","11","01063","14.47"
"Hale","4","110","Alabama","5/21/20","79","31","01065","39.24"
"Henry","2","48","Alabama","5/21/20","35","13","01067","37.14"
"Houston","4","150","Alabama","5/21/20","125","25","01069","20"
"Jackson","1","68","Alabama","5/21/20","60","8","01071","13.33"
"Jefferson","31","1453","Alabama","5/21/20","1237","216","01073","17.46"
"Lamar","0","16","Alabama","5/21/20","14","2","01075","14.29"
"Lauderdale","1","119","Alabama","5/21/20","109","10","01077","9.17"
"Lawrence","1","38","Alabama","5/21/20","28","10","01079","35.71"
"Lee","3","466","Alabama","5/21/20","447","19","01081","4.25"
"Limestone","1","70","Alabama","5/21/20","62","8","01083","12.9"
"Lowndes","6","158","Alabama","5/21/20","117","41","01085","35.04"
"Macon","1","59","Alabama","5/21/20","53","6","01087","11.32"
"Madison","2","285","Alabama","5/21/20","272","13","01089","4.78"
"Marengo","3","119","Alabama","5/21/20","97","22","01091","22.68"
"Marion","1","108","Alabama","5/21/20","101","7","01093","6.93"
"Marshall","6","644","Alabama","5/21/20","599","45","01095","7.51"
"Mobile","37","1870","Alabama","5/21/20","1608","262","01097","16.29"
"Monroe","1","22","Alabama","5/21/20","18","4","01099","22.22"
"Montgomery","39","1028","Alabama","5/21/20","753","275","01101","36.52"
"Morgan","5","137","Alabama","5/21/20","104","33","01103","31.73"
"Perry","1","25","Alabama","5/21/20","19","6","01105","31.58"
"Pickens","2","86","Alabama","5/21/20","71","15","01107","21.13"
"Pike","3","124","Alabama","5/21/20","103","21","01109","20.39"
"Randolph","0","121","Alabama","5/21/20","118","3","01111","2.54"
"Russell","4","118","Alabama","5/21/20","91","27","01113","29.67"
"Shelby","4","417","Alabama","5/21/20","390","27","01117","6.92"
"St. Clair","1","97","Alabama","5/21/20","88","9","01115","10.23"
"Sumter","8","169","Alabama","5/21/20","115","54","01119","46.96"
"Talladega","1","82","Alabama","5/21/20","76","6","01121","7.89"
"Tallapoosa","6","384","Alabama","5/21/20","345","39","01123","11.3"
"Tuscaloosa","18","446","Alabama","5/21/20","319","127","01125","39.81"
"Walker","7","168","Alabama","5/21/20","116","52","01127","44.83"
"Washington","1","63","Alabama","5/21/20","59","4","01129","6.78"
"Wilcox","3","109","Alabama","5/21/20","89","20","01131","22.47"
"Winston","4","53","Alabama","5/21/20","27","26","01133","96.3"
"Anchorage","2","206","Alaska","5/21/20","194","12","02020","6.19"
"Bethel","0","2","Alaska","5/21/20","1","1","02050","100"
"Fairbanks North Star","0","85","Alaska","5/21/20","84","1","02090","1.19"
"Juneau","0","30","Alaska","5/21/20","27","3","02110","11.11"
"Kenai Peninsula","0","26","Alaska","5/21/20","24","2","02122","8.33"
"Ketchikan Gateway","0","16","Alaska","5/21/20","16","0","02130","0"
"Kodiak Island","0","1","Alaska","5/21/20","1","0","02150","0"
"Matanuska-Susitna","0","22","Alaska","5/21/20","21","1","02170","4.76"
"Nome","0","1","Alaska","5/21/20","1","0","02180","0"
"Northwest Arctic","0","1","Alaska","5/21/20","0","1","02188","1"
"Petersburg","0","4","Alaska","5/21/20","4","0","02195","0"
"Prince of Wales-Hyder","0","2","Alaska","5/21/20","2","0","02198","0"
"Sitka","0","1","Alaska","5/21/20","1","0","02220","0"
"Southeast Fairbanks","0","3","Alaska","5/21/20","2","1","02240","50"
"Yukon-Koyukuk","0","1","Alaska","5/21/20","1","0","02290","0"
"Apache","37","1121","Arizona","5/21/20","859","262","04001","30.5"
"Cochise","1","51","Arizona","5/21/20","44","7","04003","15.91"
"Coconino","25","972","Arizona","5/21/20","795","177","04005","22.26"
"Gila","0","22","Arizona","5/21/20","21","1","04007","4.76"
"Graham","0","21","Arizona","5/21/20","21","0","04009","0"
"Greenlee","0","3","Arizona","5/21/20","2","1","04011","50"
"La Paz","3","45","Arizona","5/21/20","27","18","04012","66.67"
"Maricopa","177","7835","Arizona","5/21/20","6599","1236","04013","18.73"
"Mohave","8","277","Arizona","5/21/20","220","57","04015","25.91"
"Navajo","39","1421","Arizona","5/21/20","1150","271","04017","23.57"
"Pima","35","1944","Arizona","5/21/20","1696","248","04019","14.62"
"Pinal","12","732","Arizona","5/21/20","650","82","04021","12.62"
"Santa Cruz","9","123","Arizona","5/21/20","62","61","04023","98.39"
"Yavapai","4","273","Arizona","5/21/20","243","30","04025","12.35"
"Yuma","32","508","Arizona","5/21/20","285","223","04027","78.25"
"Arkansas","0","2","Arkansas","5/21/20","2","0","05001","0"
"Ashley","0","19","Arkansas","5/21/20","18","1","05003","5.56"
"Baxter","0","6","Arkansas","5/21/20","6","0","05005","0"
"Benton","8","190","Arkansas","5/21/20","136","54","05007","39.71"
"Boone","0","5","Arkansas","5/21/20","4","1","05009","25"
"Bradley","0","15","Arkansas","5/21/20","12","3","05011","25"
"Carroll","0","8","Arkansas","5/21/20","6","2","05015","33.33"
"Chicot","0","12","Arkansas","5/21/20","10","2","05017","20"
"Clark","0","35","Arkansas","5/21/20","35","0","05019","0"
"Clay","0","4","Arkansas","5/21/20","3","1","05021","33.33"
"Cleburne","0","73","Arkansas","5/21/20","72","1","05023","1.39"
"Cleveland","0","17","Arkansas","5/21/20","15","2","05025","13.33"
"Columbia","1","20","Arkansas","5/21/20","15","5","05027","33.33"
"Conway","0","14","Arkansas","5/21/20","14","0","05029","0"
"Craighead","6","170","Arkansas","5/21/20","127","43","05031","33.86"
"Crawford","1","12","Arkansas","5/21/20","8","4","05033","50"
"Crittenden","7","267","Arkansas","5/21/20","219","48","05035","21.92"
"Cross","1","41","Arkansas","5/21/20","35","6","05037","17.14"
"Dallas","0","1","Arkansas","5/21/20","1","0","05039","0"
"Desha","0","18","Arkansas","5/21/20","18","0","05041","0"
"Drew","0","19","Arkansas","5/21/20","19","0","05043","0"
"Faulkner","2","98","Arkansas","5/21/20","83","15","05045","18.07"
"Franklin","0","2","Arkansas","5/21/20","2","0","05047","0"
"Fulton","0","4","Arkansas","5/21/20","3","1","05049","33.33"
"Garland","1","131","Arkansas","5/21/20","126","5","05051","3.97"
"Grant","0","16","Arkansas","5/21/20","16","0","05053","0"
"Greene","1","34","Arkansas","5/21/20","24","10","05055","41.67"
"Hempstead","1","12","Arkansas","5/21/20","7","5","05057","71.43"
"Hot Spring","0","29","Arkansas","5/21/20","29","0","05059","0"
"Howard","0","14","Arkansas","5/21/20","14","0","05061","0"
"Independence","1","27","Arkansas","5/21/20","22","5","05063","22.73"
"Izard","0","14","Arkansas","5/21/20","13","1","05065","7.69"
"Jackson","0","1","Arkansas","5/21/20","1","0","05067","0"
"Jefferson","29","500","Arkansas","5/21/20","300","200","05069","66.67"
"Johnson","0","36","Arkansas","5/21/20","35","1","05071","2.86"
"Lafayette","0","9","Arkansas","5/21/20","9","0","05073","0"
"Lawrence","1","79","Arkansas","5/21/20","72","7","05075","9.72"
"Lee","0","13","Arkansas","5/21/20","10","3","05077","30"
"Lincoln","2","966","Arkansas","5/21/20","949","17","05079","1.79"
"Little River","0","1","Arkansas","5/21/20","0","1","05081","1"
"Logan","0","4","Arkansas","5/21/20","4","0","05083","0"
"Lonoke","0","46","Arkansas","5/21/20","44","2","05085","4.55"
"Madison","0","2","Arkansas","5/21/20","1","1","05087","100"
"Marion","0","1","Arkansas","5/21/20","1","0","05089","0"
"Miller","0","42","Arkansas","5/21/20","40","2","05091","5"
"Mississippi","2","69","Arkansas","5/21/20","55","14","05093","25.45"
"Monroe","0","5","Arkansas","5/21/20","5","0","05095","0"
"Montgomery","0","1","Arkansas","5/21/20","1","0","05097","0"
"Nevada","0","4","Arkansas","5/21/20","3","1","05099","33.33"
"Newton","0","3","Arkansas","5/21/20","3","0","05101","0"
"Ouachita","0","10","Arkansas","5/21/20","9","1","05103","11.11"
"Perry","0","12","Arkansas","5/21/20","10","2","05105","20"
"Phillips","0","6","Arkansas","5/21/20","4","2","05107","50"
"Pike","0","4","Arkansas","5/21/20","3","1","05109","33.33"
"Poinsett","1","30","Arkansas","5/21/20","25","5","05111","20"
"Polk","0","9","Arkansas","5/21/20","7","2","05113","28.57"
"Pope","6","92","Arkansas","5/21/20","52","40","05115","76.92"
"Prairie","0","2","Arkansas","5/21/20","2","0","05117","0"
"Pulaski","11","740","Arkansas","5/21/20","661","79","05119","11.95"
"Randolph","0","24","Arkansas","5/21/20","22","2","05121","9.09"
"Saline","1","83","Arkansas","5/21/20","78","5","05125","6.41"
"Scott","0","1","Arkansas","5/21/20","1","0","05127","0"
"Searcy","0","6","Arkansas","5/21/20","6","0","05129","0"
"Sebastian","0","18","Arkansas","5/21/20","15","3","05131","20"
"Sevier","4","50","Arkansas","5/21/20","24","26","05133","108.33"
"Sharp","1","42","Arkansas","5/21/20","36","6","05135","16.67"
"St. Francis","41","600","Arkansas","5/21/20","316","284","05123","89.87"
"Stone","0","8","Arkansas","5/21/20","8","0","05137","0"
"Union","5","140","Arkansas","5/21/20","105","35","05139","33.33"
"Van Buren","0","28","Arkansas","5/21/20","28","0","05141","0"
"Washington","8","180","Arkansas","5/21/20","126","54","05143","42.86"
"White","0","37","Arkansas","5/21/20","36","1","05145","2.78"
"Woodruff","0","1","Arkansas","5/21/20","1","0","05147","0"
"Yell","9","73","Arkansas","5/21/20","9","64","05149","711.11"
"Alameda","54","2609","California","5/21/20","2234","375","06001","16.79"
"Alpine","0","2","California","5/21/20","2","0","06003","0"
"Amador","0","10","California","5/21/20","9","1","06005","11.11"
"Butte","1","31","California","5/21/20","22","9","06007","40.91"
"Calaveras","0","13","California","5/21/20","13","0","06009","0"
"Colusa","0","4","California","5/21/20","3","1","06011","33.33"
"Contra Costa","21","1234","California","5/21/20","1089","145","06013","13.31"
"Del Norte","2","15","California","5/21/20","4","11","06015","275"
"El Dorado","1","67","California","5/21/20","62","5","06017","8.06"
"Fresno","38","1338","California","5/21/20","1074","264","06019","24.58"
"Glenn","0","12","California","5/21/20","9","3","06021","33.33"
"Humboldt","3","88","California","5/21/20","68","20","06023","29.41"
"Imperial","52","1076","California","5/21/20","712","364","06025","51.12"
"Inyo","0","19","California","5/21/20","19","0","06027","0"
"Kern","36","1644","California","5/21/20","1393","251","06029","18.02"
"Kings","16","457","California","5/21/20","348","109","06031","31.32"
"Lake","1","12","California","5/21/20","8","4","06033","50"
"Los Angeles","949","42037","California","5/21/20","35392","6645","06037","18.78"
"Madera","2","82","California","5/21/20","69","13","06039","18.84"
"Marin","9","343","California","5/21/20","279","64","06041","22.94"
"Mariposa","0","15","California","5/21/20","15","0","06043","0"
"Mendocino","0","15","California","5/21/20","13","2","06045","15.38"
"Merced","6","234","California","5/21/20","189","45","06047","23.81"
"Mono","0","34","California","5/21/20","33","1","06051","3.03"
"Monterey","7","355","California","5/21/20","308","47","06053","15.26"
"Napa","2","95","California","5/21/20","83","12","06055","14.46"
"Nevada","0","41","California","5/21/20","41","0","06057","0"
"Orange","125","4841","California","5/21/20","3968","873","06059","22"
"Placer","1","176","California","5/21/20","172","4","06061","2.33"
"Plumas","0","4","California","5/21/20","4","0","06063","0"
"Riverside","129","6343","California","5/21/20","5440","903","06065","16.6"
"Sacramento","10","1266","California","5/21/20","1194","72","06067","6.03"
"San Benito","1","64","California","5/21/20","59","5","06069","8.47"
"San Bernardino","112","3984","California","5/21/20","3198","786","06071","24.58"
"San Diego","107","6140","California","5/21/20","5391","749","06073","13.89"
"San Francisco","28","2198","California","5/21/20","1999","199","06075","9.95"
"San Joaquin","13","733","California","5/21/20","644","89","06077","13.82"
"San Luis Obispo","2","251","California","5/21/20","237","14","06079","5.91"
"San Mateo","29","1738","California","5/21/20","1536","202","06081","13.15"
"Santa Barbara","19","1520","California","5/21/20","1387","133","06083","9.59"
"Santa Clara","14","2492","California","5/21/20","2391","101","06085","4.22"
"Santa Cruz","4","174","California","5/21/20","149","25","06087","16.78"
"Shasta","0","34","California","5/21/20","33","1","06089","3.03"
"Siskiyou","0","6","California","5/21/20","5","1","06093","20"
"Solano","4","435","California","5/21/20","408","27","06095","6.62"
"Sonoma","14","433","California","5/21/20","337","96","06097","28.49"
"Stanislaus","9","598","California","5/21/20","537","61","06099","11.36"
"Sutter","0","40","California","5/21/20","37","3","06101","8.11"
"Tehama","0","2","California","5/21/20","1","1","06103","100"
"Trinity","0","1","California","5/21/20","1","0","06105","0"
"Tulare","44","1603","California","5/21/20","1295","308","06107","23.78"
"Tuolumne","0","2","California","5/21/20","2","0","06109","0"
"Ventura","16","858","California","5/21/20","748","110","06111","14.71"
"Yolo","0","185","California","5/21/20","182","3","06113","1.65"
"Yuba","0","28","California","5/21/20","25","3","06115","12"
"Adams","44","2759","Colorado","5/21/20","2448","311","08001","12.7"
"Alamosa","2","51","Colorado","5/21/20","37","14","08003","37.84"
"Arapahoe","60","3943","Colorado","5/21/20","3526","417","08005","11.83"
"Archuleta","0","8","Colorado","5/21/20","8","0","08007","0"
"Baca","0","12","Colorado","5/21/20","12","0","08009","0"
"Bent","0","1","Colorado","5/21/20","1","0","08011","0"
"Boulder","12","890","Colorado","5/21/20","805","85","08013","10.56"
"Broomfield","2","218","Colorado","5/21/20","204","14","08014","6.86"
"Chaffee","0","69","Colorado","5/21/20","69","0","08015","0"
"Cheyenne","0","5","Colorado","5/21/20","5","0","08017","0"
"Clear Creek","0","16","Colorado","5/21/20","15","1","08019","6.67"
"Conejos","0","1","Colorado","5/21/20","1","0","08021","0"
"Costilla","0","3","Colorado","5/21/20","4","-1","08023","-25"
"Crowley","1","43","Colorado","5/21/20","39","4","08025","10.26"
"Custer","0","2","Colorado","5/21/20","2","0","08027","0"
"Delta","0","57","Colorado","5/21/20","54","3","08029","5.56"
"Denver","84","4948","Colorado","5/21/20","4359","589","08031","13.51"
"Douglas","6","663","Colorado","5/21/20","621","42","08035","6.76"
"Eagle","2","577","Colorado","5/21/20","564","13","08037","2.3"
"El Paso","32","1428","Colorado","5/21/20","1204","224","08041","18.6"
"Elbert","1","48","Colorado","5/21/20","41","7","08039","17.07"
"Fremont","0","26","Colorado","5/21/20","25","1","08043","4"
"Garfield","0","114","Colorado","5/21/20","112","2","08045","1.79"
"Gilpin","0","3","Colorado","5/21/20","2","1","08047","50"
"Grand","0","5","Colorado","5/21/20","5","0","08049","0"
"Gunnison","-1","177","Colorado","5/21/20","182","-5","08051","-2.75"
"Hinsdale","0","3","Colorado","5/21/20","3","0","08053","0"
"Huerfano","0","3","Colorado","5/21/20","3","0","08055","0"
"Jefferson","32","1974","Colorado","5/21/20","1748","226","08059","12.93"
"Kit Carson","0","26","Colorado","5/21/20","25","1","08063","4"
"La Plata","2","83","Colorado","5/21/20","66","17","08067","25.76"
"Lake","1","27","Colorado","5/21/20","23","4","08065","17.39"
"Larimer","8","517","Colorado","5/21/20","463","54","08069","11.66"
"Las Animas","0","4","Colorado","5/21/20","4","0","08071","0"
"Lincoln","0","3","Colorado","5/21/20","3","0","08073","0"
"Logan","1","490","Colorado","5/21/20","483","7","08075","1.45"
"Mesa","0","50","Colorado","5/21/20","51","-1","08077","-1.96"
"Mineral","0","2","Colorado","5/21/20","2","0","08079","0"
"Moffat","0","6","Colorado","5/21/20","6","0","08081","0"
"Montezuma","1","30","Colorado","5/21/20","25","5","08083","20"
"Montrose","3","147","Colorado","5/21/20","129","18","08085","13.95"
"Morgan","7","586","Colorado","5/21/20","534","52","08087","9.74"
"Otero","0","14","Colorado","5/21/20","11","3","08089","27.27"
"Ouray","0","7","Colorado","5/21/20","6","1","08091","16.67"
"Park","1","21","Colorado","5/21/20","16","5","08093","31.25"
"Phillips","0","10","Colorado","5/21/20","9","1","08095","11.11"
"Pitkin","0","57","Colorado","5/21/20","54","3","08097","5.56"
"Prowers","0","11","Colorado","5/21/20","9","2","08099","22.22"
"Pueblo","6","230","Colorado","5/21/20","186","44","08101","23.66"
"Rio Blanco","0","1","Colorado","5/21/20","1","0","08103","0"
"Rio Grande","1","14","Colorado","5/21/20","7","7","08105","100"
"Routt","0","59","Colorado","5/21/20","59","0","08107","0"
"Saguache","1","20","Colorado","5/21/20","15","5","08109","33.33"
"San Juan","0","2","Colorado","5/21/20","1","1","08111","100"
"San Miguel","0","23","Colorado","5/21/20","22","1","08113","4.55"
"Summit","3","195","Colorado","5/21/20","175","20","08117","11.43"
"Teller","0","33","Colorado","5/21/20","31","2","08119","6.45"
"Washington","1","15","Colorado","5/21/20","9","6","08121","66.67"
"Weld","18","2358","Colorado","5/21/20","2232","126","08123","5.65"
"Yuma","0","12","Colorado","5/21/20","11","1","08125","9.09"
"Fairfield","131","14751","Connecticut","5/21/20","13836","915","09001","6.61"
"Hartford","195","9299","Connecticut","5/21/20","7935","1364","09003","17.19"
"Litchfield","14","1303","Connecticut","5/21/20","1203","100","09005","8.31"
"Middlesex","16","972","Connecticut","5/21/20","863","109","09007","12.63"
"New Haven","136","10663","Connecticut","5/21/20","9712","951","09009","9.79"
"New London","12","903","Connecticut","5/21/20","821","82","09011","9.99"
"Tolland","31","787","Connecticut","5/21/20","568","219","09013","38.56"
"Windham","6","336","Connecticut","5/21/20","291","45","09015","15.46"
"Kent","24","1281","Delaware","5/21/20","1115","166","10001","14.89"
"New Castle","70","3053","Delaware","5/21/20","2560","493","10003","19.26"
"Sussex","72","4006","Delaware","5/21/20","3503","503","10005","14.36"
"","0","49","Diamond Princess","5/21/20","49","0",,"0"
"District of Columbia","150","7788","District of Columbia","5/21/20","6736","1052","11001","15.62"
"Alachua","2","346","Florida","5/21/20","330","16","12001","4.85"
"Baker","0","26","Florida","5/21/20","26","0","12003","0"
"Bay","1","87","Florida","5/21/20","78","9","12005","11.54"
"Bradford","0","50","Florida","5/21/20","49","1","12007","2.04"
"Brevard","4","376","Florida","5/21/20","348","28","12009","8.05"
"Broward","65","6514","Florida","5/21/20","6057","457","12011","7.54"
"Calhoun","1","41","Florida","5/21/20","33","8","12013","24.24"
"Charlotte","8","410","Florida","5/21/20","357","53","12015","14.85"
"Citrus","1","115","Florida","5/21/20","109","6","12017","5.5"
"Clay","6","351","Florida","5/21/20","306","45","12019","14.71"
"Collier","33","1112","Florida","5/21/20","882","230","12021","26.08"
"Columbia","2","119","Florida","5/21/20","107","12","12023","11.21"
"DeSoto","5","94","Florida","5/21/20","58","36","12027","62.07"
"Dixie","2","31","Florida","5/21/20","18","13","12029","72.22"
"Duval","20","1355","Florida","5/21/20","1215","140","12031","11.52"
"Escambia","9","734","Florida","5/21/20","671","63","12033","9.39"
"Flagler","3","172","Florida","5/21/20","148","24","12035","16.22"
"Franklin","0","2","Florida","5/21/20","2","0","12037","0"
"Gadsden","16","249","Florida","5/21/20","140","109","12039","77.86"
"Gilchrist","0","8","Florida","5/21/20","7","1","12041","14.29"
"Glades","1","19","Florida","5/21/20","9","10","12043","111.11"
"Gulf","0","1","Florida","5/21/20","1","0","12045","0"
"Hamilton","3","156","Florida","5/21/20","134","22","12047","16.42"
"Hardee","2","54","Florida","5/21/20","39","15","12049","38.46"
"Hendry","9","240","Florida","5/21/20","176","64","12051","36.36"
"Hernando","1","108","Florida","5/21/20","104","4","12053","3.85"
"Highlands","1","110","Florida","5/21/20","103","7","12055","6.8"
"Hillsborough","34","1767","Florida","5/21/20","1530","237","12057","15.49"
"Holmes","1","14","Florida","5/21/20","10","4","12059","40"
"Indian River","1","110","Florida","5/21/20","103","7","12061","6.8"
"Jackson","10","173","Florida","5/21/20","105","68","12063","64.76"
"Jefferson","0","30","Florida","5/21/20","28","2","12065","7.14"
"Lafayette","0","6","Florida","5/21/20","5","1","12067","20"
"Lake","2","264","Florida","5/21/20","248","16","12069","6.45"
"Lee","34","1585","Florida","5/21/20","1350","235","12071","17.41"
"Leon","6","320","Florida","5/21/20","275","45","12073","16.36"
"Levy","1","27","Florida","5/21/20","22","5","12075","22.73"
"Liberty","0","199","Florida","5/21/20","199","0","12077","0"
"Madison","1","67","Florida","5/21/20","62","5","12079","8.06"
"Manatee","17","933","Florida","5/21/20","813","120","12081","14.76"
"Marion","2","233","Florida","5/21/20","217","16","12083","7.37"
"Martin","27","472","Florida","5/21/20","281","191","12085","67.97"
"Miami-Dade","232","16367","Florida","5/21/20","14742","1625","12086","11.02"
"Monroe","1","100","Florida","5/21/20","95","5","12087","5.26"
"Nassau","1","69","Florida","5/21/20","63","6","12089","9.52"
"Okaloosa","2","184","Florida","5/21/20","172","12","12091","6.98"
"Okeechobee","3","51","Florida","5/21/20","32","19","12093","59.38"
"Orange","21","1726","Florida","5/21/20","1577","149","12095","9.45"
"Osceola","7","640","Florida","5/21/20","594","46","12097","7.74"
"Palm Beach","99","4968","Florida","5/21/20","4278","690","12099","16.13"
"Pasco","4","335","Florida","5/21/20","308","27","12101","8.77"
"Pinellas","21","1109","Florida","5/21/20","962","147","12103","15.28"
"Polk","18","822","Florida","5/21/20","698","124","12105","17.77"
"Putnam","1","136","Florida","5/21/20","127","9","12107","7.09"
"Santa Rosa","3","198","Florida","5/21/20","180","18","12113","10"
"Sarasota","9","550","Florida","5/21/20","487","63","12115","12.94"
"Seminole","3","445","Florida","5/21/20","426","19","12117","4.46"
"St. Johns","1","235","Florida","5/21/20","231","4","12109","1.73"
"St. Lucie","7","349","Florida","5/21/20","301","48","12111","15.95"
"Sumter","1","254","Florida","5/21/20","246","8","12119","3.25"
"Suwannee","1","161","Florida","5/21/20","151","10","12121","6.62"
"Taylor","1","8","Florida","5/21/20","3","5","12123","166.67"
"Union","2","28","Florida","5/21/20","14","14","12125","100"
"Volusia","8","630","Florida","5/21/20","576","54","12127","9.38"
"Wakulla","0","32","Florida","5/21/20","31","1","12129","3.23"
"Walton","3","97","Florida","5/21/20","73","24","12131","32.88"
"Washington","1","19","Florida","5/21/20","12","7","12133","58.33"
"Appling","1","118","Georgia","5/21/20","108","10","13001","9.26"
"Atkinson","1","26","Georgia","5/21/20","20","6","13003","30"
"Bacon","3","73","Georgia","5/21/20","51","22","13005","43.14"
"Baker","0","32","Georgia","5/21/20","33","-1","13007","-3.03"
"Baldwin","3","299","Georgia","5/21/20","280","19","13009","6.79"
"Banks","4","68","Georgia","5/21/20","41","27","13011","65.85"
"Barrow","3","276","Georgia","5/21/20","255","21","13013","8.24"
"Bartow","6","424","Georgia","5/21/20","382","42","13015","10.99"
"Ben Hill","1","53","Georgia","5/21/20","44","9","13017","20.45"
"Berrien","1","30","Georgia","5/21/20","20","10","13019","50"
"Bibb","5","416","Georgia","5/21/20","384","32","13021","8.33"
"Bleckley","0","34","Georgia","5/21/20","32","2","13023","6.25"
"Brantley","3","46","Georgia","5/21/20","28","18","13025","64.29"
"Brooks","0","66","Georgia","5/21/20","64","2","13027","3.12"
"Bryan","1","67","Georgia","5/21/20","61","6","13029","9.84"
"Bulloch","0","48","Georgia","5/21/20","45","3","13031","6.67"
"Burke","1","120","Georgia","5/21/20","112","8","13033","7.14"
"Butts","1","205","Georgia","5/21/20","196","9","13035","4.59"
"Calhoun","1","121","Georgia","5/21/20","117","4","13037","3.42"
"Camden","1","53","Georgia","5/21/20","46","7","13039","15.22"
"Candler","0","12","Georgia","5/21/20","10","2","13043","20"
"Carroll","5","437","Georgia","5/21/20","400","37","13045","9.25"
"Catoosa","1","79","Georgia","5/21/20","70","9","13047","12.86"
"Charlton","1","28","Georgia","5/21/20","20","8","13049","40"
"Chatham","9","406","Georgia","5/21/20","344","62","13051","18.02"
"Chattahoochee","0","19","Georgia","5/21/20","17","2","13053","11.76"
"Chattooga","1","20","Georgia","5/21/20","16","4","13055","25"
"Cherokee","13","769","Georgia","5/21/20","676","93","13057","13.76"
"Clarke","2","208","Georgia","5/21/20","192","16","13059","8.33"
"Clay","1","32","Georgia","5/21/20","28","4","13061","14.29"
"Clayton","9","1047","Georgia","5/21/20","983","64","13063","6.51"
"Clinch","1","46","Georgia","5/21/20","36","10","13065","27.78"
"Cobb","37","2625","Georgia","5/21/20","2363","262","13067","11.09"
"Coffee","4","218","Georgia","5/21/20","191","27","13069","14.14"
"Colquitt","4","267","Georgia","5/21/20","241","26","13071","10.79"
"Columbia","4","224","Georgia","5/21/20","197","27","13073","13.71"
"Cook","1","40","Georgia","5/21/20","32","8","13075","25"
"Coweta","3","303","Georgia","5/21/20","280","23","13077","8.21"
"Crawford","1","23","Georgia","5/21/20","19","4","13079","21.05"
"Crisp","2","204","Georgia","5/21/20","193","11","13081","5.7"
"Dade","1","21","Georgia","5/21/20","17","4","13083","23.53"
"Dawson","2","99","Georgia","5/21/20","84","15","13085","17.86"
"Decatur","4","144","Georgia","5/21/20","115","29","13087","25.22"
"DeKalb","53","3038","Georgia","5/21/20","2664","374","13089","14.04"
"Dodge","1","47","Georgia","5/21/20","38","9","13091","23.68"
"Dooly","2","164","Georgia","5/21/20","152","12","13093","7.89"
"Dougherty","10","1716","Georgia","5/21/20","1643","73","13095","4.44"
"Douglas","4","455","Georgia","5/21/20","429","26","13097","6.06"
"Early","0","235","Georgia","5/21/20","238","-3","13099","-1.26"
"Echols","6","54","Georgia","5/21/20","12","42","13101","350"
"Effingham","2","50","Georgia","5/21/20","38","12","13103","31.58"
"Elbert","3","69","Georgia","5/21/20","46","23","13105","50"
"Emanuel","0","26","Georgia","5/21/20","25","1","13107","4"
"Evans","0","5","Georgia","5/21/20","4","1","13109","25"
"Fannin","0","39","Georgia","5/21/20","36","3","13111","8.33"
"Fayette","1","212","Georgia","5/21/20","204","8","13113","3.92"
"Floyd","7","218","Georgia","5/21/20","169","49","13115","28.99"
"Forsyth","7","443","Georgia","5/21/20","395","48","13117","12.15"
"Franklin","1","35","Georgia","5/21/20","30","5","13119","16.67"
"Fulton","35","3872","Georgia","5/21/20","3625","247","13121","6.81"
"Gilmer","3","123","Georgia","5/21/20","105","18","13123","17.14"
"Glascock","0","1","Georgia","5/21/20","1","0","13125","0"
"Glynn","1","83","Georgia","5/21/20","74","9","13127","12.16"
"Gordon","2","135","Georgia","5/21/20","124","11","13129","8.87"
"Grady","1","92","Georgia","5/21/20","88","4","13131","4.55"
"Greene","1","62","Georgia","5/21/20","57","5","13133","8.77"
"Gwinnett","47","2882","Georgia","5/21/20","2552","330","13135","12.93"
"Habersham","10","473","Georgia","5/21/20","400","73","13137","18.25"
"Hall","18","2248","Georgia","5/21/20","2125","123","13139","5.79"
"Hancock","4","167","Georgia","5/21/20","142","25","13141","17.61"
"Haralson","0","36","Georgia","5/21/20","34","2","13143","5.88"
"Harris","1","78","Georgia","5/21/20","74","4","13145","5.41"
"Hart","1","26","Georgia","5/21/20","19","7","13147","36.84"
"Heard","1","24","Georgia","5/21/20","17","7","13149","41.18"
"Henry","0","623","Georgia","5/21/20","621","2","13151","0.32"
"Houston","4","335","Georgia","5/21/20","306","29","13153","9.48"
"Irwin","0","23","Georgia","5/21/20","22","1","13155","4.55"
"Jackson","2","139","Georgia","5/21/20","126","13","13157","10.32"
"Jasper","0","26","Georgia","5/21/20","26","0","13159","0"
"Jeff Davis","1","29","Georgia","5/21/20","24","5","13161","20.83"
"Jefferson","1","26","Georgia","5/21/20","22","4","13163","18.18"
"Jenkins","0","17","Georgia","5/21/20","16","1","13165","6.25"
"Johnson","1","78","Georgia","5/21/20","70","8","13167","11.43"
"Jones","0","32","Georgia","5/21/20","30","2","13169","6.67"
"Lamar","1","46","Georgia","5/21/20","41","5","13171","12.2"
"Lanier","0","12","Georgia","5/21/20","11","1","13173","9.09"
"Laurens","1","95","Georgia","5/21/20","86","9","13175","10.47"
"Lee","0","340","Georgia","5/21/20","343","-3","13177","-0.87"
"Liberty","2","60","Georgia","5/21/20","45","15","13179","33.33"
"Lincoln","0","15","Georgia","5/21/20","12","3","13181","25"
"Long","1","12","Georgia","5/21/20","5","7","13183","140"
"Lowndes","4","229","Georgia","5/21/20","201","28","13185","13.93"
"Lumpkin","1","88","Georgia","5/21/20","82","6","13187","7.32"
"Macon","1","94","Georgia","5/21/20","89","5","13193","5.62"
"Madison","0","32","Georgia","5/21/20","29","3","13195","10.34"
"Marion","1","48","Georgia","5/21/20","38","10","13197","26.32"
"McDuffie","1","60","Georgia","5/21/20","53","7","13189","13.21"
"McIntosh","0","11","Georgia","5/21/20","9","2","13191","22.22"
"Meriwether","1","76","Georgia","5/21/20","72","4","13199","5.56"
"Miller","0","37","Georgia","5/21/20","36","1","13201","2.78"
"Mitchell","2","399","Georgia","5/21/20","387","12","13205","3.1"
"Monroe","10","113","Georgia","5/21/20","45","68","13207","151.11"
"Montgomery","0","8","Georgia","5/21/20","5","3","13209","60"
"Morgan","0","34","Georgia","5/21/20","33","1","13211","3.03"
"Murray","2","69","Georgia","5/21/20","55","14","13213","25.45"
"Muscogee","11","487","Georgia","5/21/20","411","76","13215","18.49"
"Newton","2","280","Georgia","5/21/20","263","17","13217","6.46"
"Oconee","3","103","Georgia","5/21/20","80","23","13219","28.75"
"Oglethorpe","0","56","Georgia","5/21/20","55","1","13221","1.82"
"Out of GA","20","1694","Georgia","5/21/20","1555","139","80013","8.94"
"Paulding","4","264","Georgia","5/21/20","236","28","13223","11.86"
"Peach","0","69","Georgia","5/21/20","69","0","13225","0"
"Pickens","1","40","Georgia","5/21/20","35","5","13227","14.29"
"Pierce","2","85","Georgia","5/21/20","69","16","13229","23.19"
"Pike","0","45","Georgia","5/21/20","44","1","13231","2.27"
"Polk","2","87","Georgia","5/21/20","71","16","13233","22.54"
"Pulaski","0","38","Georgia","5/21/20","38","0","13235","0"
"Putnam","4","86","Georgia","5/21/20","60","26","13237","43.33"
"Quitman","0","8","Georgia","5/21/20","7","1","13239","14.29"
"Rabun","0","15","Georgia","5/21/20","14","1","13241","7.14"
"Randolph","0","170","Georgia","5/21/20","169","1","13243","0.59"
"Richmond","6","522","Georgia","5/21/20","480","42","13245","8.75"
"Rockdale","1","254","Georgia","5/21/20","249","5","13247","2.01"
"Schley","0","16","Georgia","5/21/20","15","1","13249","6.67"
"Screven","1","22","Georgia","5/21/20","18","4","13251","22.22"
"Seminole","1","42","Georgia","5/21/20","38","4","13253","10.53"
"Spalding","1","246","Georgia","5/21/20","239","7","13255","2.93"
"Stephens","4","121","Georgia","5/21/20","94","27","13257","28.72"
"Stewart","0","40","Georgia","5/21/20","37","3","13259","8.11"
"Sumter","3","432","Georgia","5/21/20","412","20","13261","4.85"
"Talbot","1","32","Georgia","5/21/20","27","5","13263","18.52"
"Taliaferro","0","1","Georgia","5/21/20","1","0","13265","0"
"Tattnall","0","13","Georgia","5/21/20","11","2","13267","18.18"
"Taylor","0","21","Georgia","5/21/20","22","-1","13269","-4.55"
"Telfair","0","30","Georgia","5/21/20","29","1","13271","3.45"
"Terrell","1","204","Georgia","5/21/20","199","5","13273","2.51"
"Thomas","4","304","Georgia","5/21/20","276","28","13275","10.14"
"Tift","5","204","Georgia","5/21/20","170","34","13277","20"
"Toombs","1","48","Georgia","5/21/20","43","5","13279","11.63"
"Towns","0","22","Georgia","5/21/20","21","1","13281","4.76"
"Treutlen","0","8","Georgia","5/21/20","7","1","13283","14.29"
"Troup","5","227","Georgia","5/21/20","192","35","13285","18.23"
"Turner","1","90","Georgia","5/21/20","81","9","13287","11.11"
"Twiggs","0","11","Georgia","5/21/20","9","2","13289","22.22"
"Union","0","39","Georgia","5/21/20","36","3","13291","8.33"
"Upson","2","271","Georgia","5/21/20","255","16","13293","6.27"
"Walker","1","84","Georgia","5/21/20","74","10","13295","13.51"
"Walton","4","186","Georgia","5/21/20","158","28","13297","17.72"
"Ware","3","191","Georgia","5/21/20","169","22","13299","13.02"
"Warren","0","17","Georgia","5/21/20","16","1","13301","6.25"
"Washington","1","72","Georgia","5/21/20","63","9","13303","14.29"
"Wayne","0","15","Georgia","5/21/20","14","1","13305","7.14"
"Webster","0","11","Georgia","5/21/20","11","0","13307","0"
"Wheeler","0","9","Georgia","5/21/20","9","0","13309","0"
"White","0","91","Georgia","5/21/20","88","3","13311","3.41"
"Whitfield","6","220","Georgia","5/21/20","175","45","13313","25.71"
"Wilcox","0","98","Georgia","5/21/20","98","0","13315","0"
"Wilkes","0","30","Georgia","5/21/20","28","2","13317","7.14"
"Wilkinson","3","61","Georgia","5/21/20","40","21","13319","52.5"
"Worth","2","207","Georgia","5/21/20","191","16","13321","8.38"
"","0","103","Grand Princess","5/21/20","103","0",,"0"
"","2","165","Guam","5/21/20","152","13",,"8.55"
"Hawaii","1","82","Hawaii","5/21/20","75","7","15001","9.33"
"Honolulu","0","416","Hawaii","5/21/20","414","2","15003","0.48"
"Kauai","0","21","Hawaii","5/21/20","21","0","15007","0"
"Maui","0","118","Hawaii","5/21/20","117","1","15009","0.85"
"Out of HI","0","10","Hawaii","5/21/20","10","0","80015","0"
"Ada","5","792","Idaho","5/21/20","759","33","16001","4.35"
"Adams","0","3","Idaho","5/21/20","3","0","16003","0"
"Bannock","0","16","Idaho","5/21/20","13","3","16005","23.08"
"Bingham","0","6","Idaho","5/21/20","6","0","16011","0"
"Blaine","0","509","Idaho","5/21/20","507","2","16013","0.39"
"Bonner","0","4","Idaho","5/21/20","4","0","16017","0"
"Bonneville","0","32","Idaho","5/21/20","30","2","16019","6.67"
"Camas","0","1","Idaho","5/21/20","1","0","16025","0"
"Canyon","1","280","Idaho","5/21/20","276","4","16027","1.45"
"Caribou","0","1","Idaho","5/21/20","1","0","16029","0"
"Cassia","1","20","Idaho","5/21/20","16","4","16031","25"
"Custer","0","2","Idaho","5/21/20","2","0","16037","0"
"Elmore","0","31","Idaho","5/21/20","31","0","16039","0"
"Fremont","0","3","Idaho","5/21/20","3","0","16043","0"
"Gem","0","16","Idaho","5/21/20","16","0","16045","0"
"Gooding","1","29","Idaho","5/21/20","22","7","16047","31.82"
"Idaho","0","3","Idaho","5/21/20","3","0","16049","0"
"Jefferson","0","7","Idaho","5/21/20","5","2","16051","40"
"Jerome","3","110","Idaho","5/21/20","87","23","16053","26.44"
"Kootenai","0","66","Idaho","5/21/20","64","2","16055","3.12"
"Latah","0","6","Idaho","5/21/20","6","0","16057","0"
"Lemhi","0","1","Idaho","5/21/20","1","0","16059","0"
"Lincoln","0","29","Idaho","5/21/20","29","0","16063","0"
"Madison","0","20","Idaho","5/21/20","18","2","16065","11.11"
"Minidoka","1","20","Idaho","5/21/20","15","5","16067","33.33"
"Nez Perce","0","81","Idaho","5/21/20","79","2","16069","2.53"
"Owyhee","0","8","Idaho","5/21/20","8","0","16073","0"
"Payette","0","22","Idaho","5/21/20","19","3","16075","15.79"
"Power","0","3","Idaho","5/21/20","3","0","16077","0"
"Teton","0","11","Idaho","5/21/20","11","0","16081","0"
"Twin Falls","6","340","Idaho","5/21/20","298","42","16083","14.09"
"Valley","0","2","Idaho","5/21/20","2","0","16085","0"
"Washington","3","32","Idaho","5/21/20","13","19","16087","146.15"
"Adams","1","45","Illinois","5/21/20","41","4","17001","9.76"
"Alexander","0","8","Illinois","5/21/20","8","0","17003","0"
"Bond","0","12","Illinois","5/21/20","10","2","17005","20"
"Boone","11","343","Illinois","5/21/20","268","75","17007","27.99"
"Brown","0","10","Illinois","5/21/20","9","1","17009","11.11"
"Bureau","0","15","Illinois","5/21/20","15","0","17011","0"
"Calhoun","0","1","Illinois","5/21/20","1","0","17013","0"
"Carroll","0","13","Illinois","5/21/20","12","1","17015","8.33"
"Cass","0","68","Illinois","5/21/20","66","2","17017","3.03"
"Champaign","25","496","Illinois","5/21/20","324","172","17019","53.09"
"Christian","0","32","Illinois","5/21/20","30","2","17021","6.67"
"Clark","0","9","Illinois","5/21/20","9","0","17023","0"
"Clay","0","2","Illinois","5/21/20","2","0","17025","0"
"Clinton","2","169","Illinois","5/21/20","155","14","17027","9.03"
"Coles","5","94","Illinois","5/21/20","62","32","17029","51.61"
"Cook","1299","67551","Illinois","5/21/20","58457","9094","17031","15.56"
"Crawford","0","11","Illinois","5/21/20","11","0","17033","0"
"Cumberland","0","10","Illinois","5/21/20","8","2","17035","25"
"De Witt","0","4","Illinois","5/21/20","4","0","17039","0"
"DeKalb","10","287","Illinois","5/21/20","217","70","17037","32.26"
"Douglas","1","26","Illinois","5/21/20","22","4","17041","18.18"
"DuPage","145","6471","Illinois","5/21/20","5453","1018","17043","18.67"
"Edwards","0","2","Illinois","5/21/20","2","0","17047","0"
"Effingham","0","6","Illinois","5/21/20","6","0","17049","0"
"Fayette","0","19","Illinois","5/21/20","17","2","17051","11.76"
"Ford","0","18","Illinois","5/21/20","15","3","17053","20"
"Franklin","0","11","Illinois","5/21/20","11","0","17055","0"
"Fulton","1","10","Illinois","5/21/20","6","4","17057","66.67"
"Gallatin","0","2","Illinois","5/21/20","2","0","17059","0"
"Greene","0","5","Illinois","5/21/20","4","1","17061","25"
"Grundy","2","82","Illinois","5/21/20","65","17","17063","26.15"
"Hamilton","0","2","Illinois","5/21/20","2","0","17065","0"
"Hancock","0","13","Illinois","5/21/20","12","1","17067","8.33"
"Hardin","0","1","Illinois","5/21/20","1","0","17069","0"
"Henderson","0","8","Illinois","5/21/20","7","1","17071","14.29"
"Henry","0","65","Illinois","5/21/20","62","3","17073","4.84"
"Iroquois","2","120","Illinois","5/21/20","107","13","17075","12.15"
"Jackson","2","192","Illinois","5/21/20","175","17","17077","9.71"
"Jasper","0","45","Illinois","5/21/20","45","0","17079","0"
"Jefferson","0","99","Illinois","5/21/20","98","1","17081","1.02"
"Jersey","0","20","Illinois","5/21/20","18","2","17083","11.11"
"Jo Daviess","1","23","Illinois","5/21/20","18","5","17085","27.78"
"Johnson","0","7","Illinois","5/21/20","6","1","17087","16.67"
"Kane","141","4981","Illinois","5/21/20","3995","986","17089","24.68"
"Kankakee","12","709","Illinois","5/21/20","623","86","17091","13.8"
"Kendall","16","627","Illinois","5/21/20","518","109","17093","21.04"
"Knox","2","90","Illinois","5/21/20","79","11","17095","13.92"
"Lake","162","7128","Illinois","5/21/20","5992","1136","17097","18.96"
"LaSalle","2","129","Illinois","5/21/20","113","16","17099","14.16"
"Lawrence","0","4","Illinois","5/21/20","4","0","17101","0"
"Lee","1","75","Illinois","5/21/20","70","5","17103","7.14"
"Livingston","1","29","Illinois","5/21/20","25","4","17105","16"
"Logan","0","10","Illinois","5/21/20","10","0","17107","0"
"Macon","4","182","Illinois","5/21/20","154","28","17115","18.18"
"Macoupin","0","40","Illinois","5/21/20","41","-1","17117","-2.44"
"Madison","6","506","Illinois","5/21/20","461","45","17119","9.76"
"Marion","0","50","Illinois","5/21/20","47","3","17121","6.38"
"Marshall","0","5","Illinois","5/21/20","4","1","17123","25"
"Mason","0","16","Illinois","5/21/20","16","0","17125","0"
"Massac","0","6","Illinois","5/21/20","6","0","17127","0"
"McDonough","2","75","Illinois","5/21/20","58","17","17109","29.31"
"McHenry","28","1282","Illinois","5/21/20","1083","199","17111","18.37"
"McLean","9","195","Illinois","5/21/20","130","65","17113","50"
"Menard","0","17","Illinois","5/21/20","17","0","17129","0"
"Mercer","0","14","Illinois","5/21/20","13","1","17131","7.69"
"Monroe","1","90","Illinois","5/21/20","82","8","17133","9.76"
"Montgomery","0","38","Illinois","5/21/20","36","2","17135","5.56"
"Morgan","0","34","Illinois","5/21/20","34","0","17137","0"
"Moultrie","0","8","Illinois","5/21/20","6","2","17139","33.33"
"Ogle","2","178","Illinois","5/21/20","163","15","17141","9.2"
"Out of IL","1","91","Illinois","5/21/20","86","5","80017","5.81"
"Peoria","2","168","Illinois","5/21/20","151","17","17143","11.26"
"Perry","0","40","Illinois","5/21/20","38","2","17145","5.26"
"Piatt","0","9","Illinois","5/21/20","8","1","17147","12.5"
"Pike","0","1","Illinois","5/21/20","1","0","17149","0"
"Pope","0","1","Illinois","5/21/20","1","0","17151","0"
"Pulaski","1","40","Illinois","5/21/20","33","7","17153","21.21"
"Putnam","0","1","Illinois","5/21/20","0","1","17155","1"
"Randolph","2","246","Illinois","5/21/20","233","13","17157","5.58"
"Richland","0","3","Illinois","5/21/20","3","0","17159","0"
"Rock Island","9","604","Illinois","5/21/20","543","61","17161","11.23"
"Saline","0","6","Illinois","5/21/20","6","0","17165","0"
"Sangamon","5","324","Illinois","5/21/20","289","35","17167","12.11"
"Schuyler","0","8","Illinois","5/21/20","7","1","17169","14.29"
"Shelby","1","15","Illinois","5/21/20","11","4","17173","36.36"
"St. Clair","18","888","Illinois","5/21/20","759","129","17163","17"
"Stark","0","2","Illinois","5/21/20","1","1","17175","100"
"Stephenson","7","167","Illinois","5/21/20","119","48","17177","40.34"
"Tazewell","1","65","Illinois","5/21/20","58","7","17179","12.07"
"Union","2","124","Illinois","5/21/20","113","11","17181","9.73"
"Vermilion","1","35","Illinois","5/21/20","29","6","17183","20.69"
"Wabash","0","1","Illinois","5/21/20","1","0","17185","0"
"Warren","1","110","Illinois","5/21/20","105","5","17187","4.76"
"Washington","0","18","Illinois","5/21/20","17","1","17189","5.88"
"Wayne","0","9","Illinois","5/21/20","11","-2","17191","-18.18"
"White","0","2","Illinois","5/21/20","2","0","17193","0"
"Whiteside","3","130","Illinois","5/21/20","111","19","17195","17.12"
"Will","101","4797","Illinois","5/21/20","4090","707","17197","17.29"
"Williamson","0","55","Illinois","5/21/20","52","3","17199","5.77"
"Winnebago","49","1681","Illinois","5/21/20","1337","344","17201","25.73"
"Woodford","0","17","Illinois","5/21/20","14","3","17203","21.43"
"Adams","0","11","Indiana","5/21/20","9","2","18001","22.22"
"Allen","34","1139","Indiana","5/21/20","898","241","18003","26.84"
"Bartholomew","10","452","Indiana","5/21/20","383","69","18005","18.02"
"Benton","1","24","Indiana","5/21/20","17","7","18007","41.18"
"Blackford","0","16","Indiana","5/21/20","14","2","18009","14.29"
"Boone","4","276","Indiana","5/21/20","249","27","18011","10.84"
"Brown","0","32","Indiana","5/21/20","29","3","18013","10.34"
"Carroll","1","85","Indiana","5/21/20","75","10","18015","13.33"
"Cass","4","1572","Indiana","5/21/20","1546","26","18017","1.68"
"Clark","7","446","Indiana","5/21/20","395","51","18019","12.91"
"Clay","1","36","Indiana","5/21/20","26","10","18021","38.46"
"Clinton","10","185","Indiana","5/21/20","116","69","18023","59.48"
"Crawford","0","22","Indiana","5/21/20","21","1","18025","4.76"
"Daviess","2","73","Indiana","5/21/20","57","16","18027","28.07"
"Dearborn","1","160","Indiana","5/21/20","154","6","18029","3.9"
"Decatur","1","220","Indiana","5/21/20","216","4","18031","1.85"
"DeKalb","0","26","Indiana","5/21/20","25","1","18033","4"
"Delaware","12","319","Indiana","5/21/20","235","84","18035","35.74"
"Dubois","14","168","Indiana","5/21/20","69","99","18037","143.48"
"Elkhart","36","844","Indiana","5/21/20","589","255","18039","43.29"
"Fayette","1","50","Indiana","5/21/20","40","10","18041","25"
"Floyd","8","309","Indiana","5/21/20","250","59","18043","23.6"
"Fountain","0","19","Indiana","5/21/20","16","3","18045","18.75"
"Franklin","0","106","Indiana","5/21/20","107","-1","18047","-0.93"
"Fulton","1","46","Indiana","5/21/20","39","7","18049","17.95"
"Gibson","1","13","Indiana","5/21/20","8","5","18051","62.5"
"Grant","2","172","Indiana","5/21/20","155","17","18053","10.97"
"Greene","2","165","Indiana","5/21/20","153","12","18055","7.84"
"Hamilton","15","1071","Indiana","5/21/20","968","103","18057","10.64"
"Hancock","5","310","Indiana","5/21/20","278","32","18059","11.51"
"Harrison","2","178","Indiana","5/21/20","166","12","18061","7.23"
"Hendricks","13","1087","Indiana","5/21/20","997","90","18063","9.03"
"Henry","7","152","Indiana","5/21/20","100","52","18065","52"
"Howard","11","336","Indiana","5/21/20","258","78","18067","30.23"
"Huntington","0","20","Indiana","5/21/20","18","2","18069","11.11"
"Jackson","6","345","Indiana","5/21/20","304","41","18071","13.49"
"Jasper","1","48","Indiana","5/21/20","40","8","18073","20"
"Jay","1","32","Indiana","5/21/20","23","9","18075","39.13"
"Jefferson","1","41","Indiana","5/21/20","35","6","18077","17.14"
"Jennings","2","123","Indiana","5/21/20","109","14","18079","12.84"
"Johnson","14","1049","Indiana","5/21/20","952","97","18081","10.19"
"Knox","0","23","Indiana","5/21/20","22","1","18083","4.55"
"Kosciusko","2","61","Indiana","5/21/20","50","11","18085","22"
"LaGrange","2","57","Indiana","5/21/20","46","11","18087","23.91"
"Lake","58","3087","Indiana","5/21/20","2684","403","18089","15.01"
"LaPorte","4","373","Indiana","5/21/20","346","27","18091","7.8"
"Lawrence","2","141","Indiana","5/21/20","124","17","18093","13.71"
"Madison","7","573","Indiana","5/21/20","527","46","18095","8.73"
"Marion","146","8815","Indiana","5/21/20","7793","1022","18097","13.11"
"Marshall","2","51","Indiana","5/21/20","39","12","18099","30.77"
"Martin","0","8","Indiana","5/21/20","7","1","18101","14.29"
"Miami","1","134","Indiana","5/21/20","129","5","18103","3.88"
"Monroe","1","156","Indiana","5/21/20","146","10","18105","6.85"
"Montgomery","6","199","Indiana","5/21/20","154","45","18107","29.22"
"Morgan","4","251","Indiana","5/21/20","226","25","18109","11.06"
"Newton","1","72","Indiana","5/21/20","68","4","18111","5.88"
"Noble","2","161","Indiana","5/21/20","144","17","18113","11.81"
"Ohio","0","13","Indiana","5/21/20","11","2","18115","18.18"
"Orange","0","122","Indiana","5/21/20","119","3","18117","2.52"
"Owen","0","29","Indiana","5/21/20","27","2","18119","7.41"
"Parke","0","17","Indiana","5/21/20","16","1","18121","6.25"
"Perry","0","22","Indiana","5/21/20","19","3","18123","15.79"
"Pike","0","5","Indiana","5/21/20","3","2","18125","66.67"
"Porter","8","425","Indiana","5/21/20","372","53","18127","14.25"
"Posey","0","16","Indiana","5/21/20","16","0","18129","0"
"Pulaski","0","37","Indiana","5/21/20","34","3","18131","8.82"
"Putnam","5","127","Indiana","5/21/20","94","33","18133","35.11"
"Randolph","1","32","Indiana","5/21/20","27","5","18135","18.52"
"Ripley","1","110","Indiana","5/21/20","105","5","18137","4.76"
"Rush","1","43","Indiana","5/21/20","39","4","18139","10.26"
"Scott","2","105","Indiana","5/21/20","90","15","18143","16.67"
"Shelby","4","303","Indiana","5/21/20","275","28","18145","10.18"
"Spencer","1","13","Indiana","5/21/20","7","6","18147","85.71"
"St. Joseph","26","1082","Indiana","5/21/20","897","185","18141","20.62"
"Starke","1","29","Indiana","5/21/20","24","5","18149","20.83"
"Steuben","1","73","Indiana","5/21/20","67","6","18151","8.96"
"Sullivan","1","30","Indiana","5/21/20","24","6","18153","25"
"Switzerland","1","18","Indiana","5/21/20","14","4","18155","28.57"
"Tippecanoe","11","342","Indiana","5/21/20","268","74","18157","27.61"
"Tipton","0","21","Indiana","5/21/20","21","0","18159","0"
"Union","0","8","Indiana","5/21/20","8","0","18161","0"
"Vanderburgh","5","229","Indiana","5/21/20","195","34","18163","17.44"
"Vermillion","0","8","Indiana","5/21/20","7","1","18165","14.29"
"Vigo","5","130","Indiana","5/21/20","98","32","18167","32.65"
"Wabash","0","71","Indiana","5/21/20","68","3","18169","4.41"
"Warren","0","12","Indiana","5/21/20","12","0","18171","0"
"Warrick","2","157","Indiana","5/21/20","140","17","18173","12.14"
"Washington","0","52","Indiana","5/21/20","50","2","18175","4"
"Wayne","1","64","Indiana","5/21/20","58","6","18177","10.34"
"Wells","1","21","Indiana","5/21/20","13","8","18179","61.54"
"White","5","201","Indiana","5/21/20","164","37","18181","22.56"
"Whitley","0","29","Indiana","5/21/20","27","2","18183","7.41"
"Adair","0","6","Iowa","5/21/20","4","2","19001","50"
"Adams","0","3","Iowa","5/21/20","0","3","19003","1"
"Allamakee","0","118","Iowa","5/21/20","115","3","19005","2.61"
"Appanoose","0","8","Iowa","5/21/20","7","1","19007","14.29"
"Audubon","0","11","Iowa","5/21/20","11","0","19009","0"
"Benton","0","37","Iowa","5/21/20","36","1","19011","2.78"
"Black Hawk","17","1654","Iowa","5/21/20","1533","121","19013","7.89"
"Boone","1","50","Iowa","5/21/20","41","9","19015","21.95"
"Bremer","0","65","Iowa","5/21/20","62","3","19017","4.84"
"Buchanan","1","29","Iowa","5/21/20","24","5","19019","20.83"
"Buena Vista","9","134","Iowa","5/21/20","74","60","19021","81.08"
"Butler","0","14","Iowa","5/21/20","13","1","19023","7.69"
"Calhoun","0","2","Iowa","5/21/20","1","1","19025","100"
"Carroll","0","7","Iowa","5/21/20","8","-1","19027","-12.5"
"Cass","1","6","Iowa","5/21/20","1","5","19029","500"
"Cedar","0","44","Iowa","5/21/20","43","1","19031","2.33"
"Cerro Gordo","1","19","Iowa","5/21/20","15","4","19033","26.67"
"Cherokee","0","8","Iowa","5/21/20","6","2","19035","33.33"
"Chickasaw","0","8","Iowa","5/21/20","7","1","19037","14.29"
"Clarke","2","25","Iowa","5/21/20","11","14","19039","127.27"
"Clay","0","9","Iowa","5/21/20","9","0","19041","0"
"Clayton","0","30","Iowa","5/21/20","28","2","19043","7.14"
"Clinton","0","61","Iowa","5/21/20","60","1","19045","1.67"
"Crawford","19","435","Iowa","5/21/20","300","135","19047","45"
"Dallas","9","816","Iowa","5/21/20","755","61","19049","8.08"
"Davis","0","15","Iowa","5/21/20","13","2","19051","15.38"
"Delaware","0","13","Iowa","5/21/20","11","2","19055","18.18"
"Des Moines","1","51","Iowa","5/21/20","46","5","19057","10.87"
"Dickinson","0","8","Iowa","5/21/20","6","2","19059","33.33"
"Dubuque","9","300","Iowa","5/21/20","238","62","19061","26.05"
"Emmet","1","6","Iowa","5/21/20","1","5","19063","500"
"Fayette","0","25","Iowa","5/21/20","24","1","19065","4.17"
"Floyd","1","15","Iowa","5/21/20","9","6","19067","66.67"
"Franklin","0","6","Iowa","5/21/20","7","-1","19069","-14.29"
"Fremont","0","4","Iowa","5/21/20","3","1","19071","33.33"
"Greene","0","13","Iowa","5/21/20","14","-1","19073","-7.14"
"Grundy","0","19","Iowa","5/21/20","18","1","19075","5.56"
"Guthrie","1","42","Iowa","5/21/20","36","6","19077","16.67"
"Hamilton","1","15","Iowa","5/21/20","11","4","19079","36.36"
"Hancock","1","10","Iowa","5/21/20","3","7","19081","233.33"
"Hardin","0","13","Iowa","5/21/20","11","2","19083","18.18"
"Harrison","0","18","Iowa","5/21/20","17","1","19085","5.88"
"Henry","1","50","Iowa","5/21/20","43","7","19087","16.28"
"Howard","0","12","Iowa","5/21/20","12","0","19089","0"
"Humboldt","0","9","Iowa","5/21/20","7","2","19091","28.57"
"Ida","1","8","Iowa","5/21/20","2","6","19093","300"
"Iowa","1","32","Iowa","5/21/20","28","4","19095","14.29"
"Jackson","0","8","Iowa","5/21/20","7","1","19097","14.29"
"Jasper","1","249","Iowa","5/21/20","240","9","19099","3.75"
"Jefferson","1","14","Iowa","5/21/20","9","5","19101","55.56"
"Johnson","3","585","Iowa","5/21/20","562","23","19103","4.09"
"Jones","0","36","Iowa","5/21/20","35","1","19105","2.86"
"Keokuk","1","13","Iowa","5/21/20","9","4","19107","44.44"
"Kossuth","1","7","Iowa","5/21/20","2","5","19109","250"
"Lee","0","20","Iowa","5/21/20","18","2","19111","11.11"
"Linn","6","910","Iowa","5/21/20","871","39","19113","4.48"
"Louisa","5","326","Iowa","5/21/20","291","35","19115","12.03"
"Lucas","0","3","Iowa","5/21/20","0","3","19117","1"
"Lyon","0","19","Iowa","5/21/20","16","3","19119","18.75"
"Madison","1","21","Iowa","5/21/20","13","8","19121","61.54"
"Mahaska","4","47","Iowa","5/21/20","21","26","19123","123.81"
"Marion","1","27","Iowa","5/21/20","17","10","19125","58.82"
"Marshall","12","842","Iowa","5/21/20","759","83","19127","10.94"
"Mills","1","13","Iowa","5/21/20","9","4","19129","44.44"
"Mitchell","0","5","Iowa","5/21/20","3","2","19131","66.67"
"Monona","1","19","Iowa","5/21/20","14","5","19133","35.71"
"Monroe","1","27","Iowa","5/21/20","18","9","19135","50"
"Montgomery","0","5","Iowa","5/21/20","5","0","19137","0"
"Muscatine","4","540","Iowa","5/21/20","515","25","19139","4.85"
"O'Brien","0","24","Iowa","5/21/20","21","3","19141","14.29"
"Osceola","1","30","Iowa","5/21/20","25","5","19143","20"
"Page","0","10","Iowa","5/21/20","10","0","19145","0"
"Palo Alto","0","3","Iowa","5/21/20","1","2","19147","200"
"Plymouth","3","98","Iowa","5/21/20","74","24","19149","32.43"
"Pocahontas","0","3","Iowa","5/21/20","3","0","19151","0"
"Polk","107","3381","Iowa","5/21/20","2634","747","19153","28.36"
"Pottawattamie","7","190","Iowa","5/21/20","138","52","19155","37.68"
"Poweshiek","1","88","Iowa","5/21/20","83","5","19157","6.02"
"Ringgold","0","1","Iowa","5/21/20","0","1","19159","1"
"Sac","1","8","Iowa","5/21/20","4","4","19161","100"
"Scott","4","323","Iowa","5/21/20","293","30","19163","10.24"
"Shelby","1","27","Iowa","5/21/20","20","7","19165","35"
"Sioux","10","181","Iowa","5/21/20","111","70","19167","63.06"
"Story","3","86","Iowa","5/21/20","66","20","19169","30.3"
"Tama","4","378","Iowa","5/21/20","348","30","19171","8.62"
"Taylor","1","5","Iowa","5/21/20","1","4","19173","400"
"Union","0","4","Iowa","5/21/20","1","3","19175","300"
"Van Buren","0","8","Iowa","5/21/20","8","0","19177","0"
"Wapello","17","450","Iowa","5/21/20","328","122","19179","37.2"
"Warren","5","90","Iowa","5/21/20","53","37","19181","69.81"
"Washington","2","174","Iowa","5/21/20","163","11","19183","6.75"
"Wayne","0","1","Iowa","5/21/20","1","0","19185","0"
"Webster","1","20","Iowa","5/21/20","13","7","19187","53.85"
"Winnebago","0","9","Iowa","5/21/20","6","3","19189","50"
"Winneshiek","0","21","Iowa","5/21/20","18","3","19191","16.67"
"Woodbury","53","2448","Iowa","5/21/20","2078","370","19193","17.81"
"Worth","0","3","Iowa","5/21/20","2","1","19195","50"
"Wright","10","73","Iowa","5/21/20","6","67","19197","1116.67"
"Anderson","0","1","Kansas","5/21/20","1","0","20003","0"
"Atchison","0","18","Kansas","5/21/20","15","3","20005","20"
"Barber","0","1","Kansas","5/21/20","1","0","20007","0"
"Barton","1","32","Kansas","5/21/20","28","4","20009","14.29"
"Bourbon","0","7","Kansas","5/21/20","6","1","20011","16.67"
"Brown","1","5","Kansas","5/21/20","1","4","20013","400"
"Butler","1","22","Kansas","5/21/20","14","8","20015","57.14"
"Chase","0","3","Kansas","5/21/20","3","0","20017","0"
"Chautauqua","0","4","Kansas","5/21/20","4","0","20019","0"
"Cherokee","0","8","Kansas","5/21/20","8","0","20021","0"
"Cheyenne","0","2","Kansas","5/21/20","2","0","20023","0"
"Clark","0","21","Kansas","5/21/20","19","2","20025","10.53"
"Clay","0","5","Kansas","5/21/20","4","1","20027","25"
"Cloud","0","4","Kansas","5/21/20","4","0","20029","0"
"Coffey","0","50","Kansas","5/21/20","50","0","20031","0"
"Cowley","0","4","Kansas","5/21/20","4","0","20035","0"
"Crawford","0","8","Kansas","5/21/20","8","0","20037","0"
"Dickinson","0","2","Kansas","5/21/20","2","0","20041","0"
"Doniphan","0","10","Kansas","5/21/20","9","1","20043","11.11"
"Douglas","1","62","Kansas","5/21/20","58","4","20045","6.9"
"Edwards","0","5","Kansas","5/21/20","4","1","20047","25"
"Ellis","0","8","Kansas","5/21/20","8","0","20051","0"
"Ellsworth","0","2","Kansas","5/21/20","2","0","20053","0"
"Finney","32","1398","Kansas","5/21/20","1175","223","20055","18.98"
"Ford","27","1437","Kansas","5/21/20","1250","187","20057","14.96"
"Franklin","0","32","Kansas","5/21/20","30","2","20059","6.67"
"Geary","0","16","Kansas","5/21/20","14","2","20061","14.29"
"Gove","0","1","Kansas","5/21/20","1","0","20063","0"
"Grant","1","18","Kansas","5/21/20","12","6","20067","50"
"Gray","1","16","Kansas","5/21/20","10","6","20069","60"
"Greenwood","0","3","Kansas","5/21/20","3","0","20073","0"
"Hamilton","0","10","Kansas","5/21/20","8","2","20075","25"
"Harper","0","1","Kansas","5/21/20","1","0","20077","0"
"Harvey","0","11","Kansas","5/21/20","10","1","20079","10"
"Haskell","0","15","Kansas","5/21/20","16","-1","20081","-6.25"
"Jackson","2","36","Kansas","5/21/20","23","13","20085","56.52"
"Jefferson","0","21","Kansas","5/21/20","19","2","20087","10.53"
"Jewell","0","4","Kansas","5/21/20","4","0","20089","0"
"Johnson","9","679","Kansas","5/21/20","619","60","20091","9.69"
"Kearny","1","40","Kansas","5/21/20","34","6","20093","17.65"
"Kiowa","0","2","Kansas","5/21/20","2","0","20097","0"
"Labette","0","22","Kansas","5/21/20","22","0","20099","0"
"Lane","0","1","Kansas","5/21/20","0","1","20101","1"
"Leavenworth","15","1062","Kansas","5/21/20","955","107","20103","11.2"
"Linn","0","7","Kansas","5/21/20","6","1","20107","16.67"
"Lyon","2","321","Kansas","5/21/20","308","13","20111","4.22"
"Marion","0","5","Kansas","5/21/20","5","0","20115","0"
"McPherson","0","27","Kansas","5/21/20","26","1","20113","3.85"
"Meade","0","22","Kansas","5/21/20","22","0","20119","0"
"Miami","0","6","Kansas","5/21/20","6","0","20121","0"
"Mitchell","0","3","Kansas","5/21/20","3","0","20123","0"
"Montgomery","0","20","Kansas","5/21/20","20","0","20125","0"
"Morris","0","3","Kansas","5/21/20","3","0","20127","0"
"Morton","0","4","Kansas","5/21/20","4","0","20129","0"
"Nemaha","1","8","Kansas","5/21/20","1","7","20131","700"
"Neosho","0","2","Kansas","5/21/20","2","0","20133","0"
"Ness","0","1","Kansas","5/21/20","0","1","20135","1"
"Norton","0","2","Kansas","5/21/20","2","0","20137","0"
"Osage","0","7","Kansas","5/21/20","6","1","20139","16.67"
"Osborne","0","2","Kansas","5/21/20","2","0","20141","0"
"Ottawa","0","4","Kansas","5/21/20","4","0","20143","0"
"Phillips","0","2","Kansas","5/21/20","2","0","20147","0"
"Pottawatomie","0","21","Kansas","5/21/20","18","3","20149","16.67"
"Pratt","0","1","Kansas","5/21/20","1","0","20151","0"
"Reno","0","43","Kansas","5/21/20","41","2","20155","4.88"
"Republic","0","4","Kansas","5/21/20","4","0","20157","0"
"Rice","0","4","Kansas","5/21/20","4","0","20159","0"
"Riley","0","60","Kansas","5/21/20","59","1","20161","1.69"
"Rooks","0","6","Kansas","5/21/20","6","0","20163","0"
"Saline","0","24","Kansas","5/21/20","23","1","20169","4.35"
"Scott","1","13","Kansas","5/21/20","6","7","20171","116.67"
"Sedgwick","2","542","Kansas","5/21/20","527","15","20173","2.85"
"Seward","9","817","Kansas","5/21/20","754","63","20175","8.36"
"Shawnee","8","234","Kansas","5/21/20","179","55","20177","30.73"
"Sheridan","0","2","Kansas","5/21/20","2","0","20179","0"
"Sherman","0","6","Kansas","5/21/20","5","1","20181","20"
"Smith","0","2","Kansas","5/21/20","2","0","20183","0"
"Stafford","0","1","Kansas","5/21/20","1","0","20185","0"
"Stanton","0","9","Kansas","5/21/20","9","0","20187","0"
"Stevens","0","26","Kansas","5/21/20","26","0","20189","0"
"Sumner","0","6","Kansas","5/21/20","5","1","20191","20"
"Wabaunsee","0","29","Kansas","5/21/20","27","2","20197","7.41"
"Wilson","0","1","Kansas","5/21/20","1","0","20205","0"
"Woodson","0","6","Kansas","5/21/20","6","0","20207","0"
"Wyandotte","14","1213","Kansas","5/21/20","1114","99","20209","8.89"
"Adair","1","95","Kentucky","5/21/20","91","4","21001","4.4"
"Allen","2","44","Kentucky","5/21/20","33","11","21003","33.33"
"Anderson","1","15","Kentucky","5/21/20","10","5","21005","50"
"Ballard","0","9","Kentucky","5/21/20","10","-1","21007","-10"
"Barren","1","38","Kentucky","5/21/20","34","4","21009","11.76"
"Bath","0","8","Kentucky","5/21/20","7","1","21011","14.29"
"Bell","0","1","Kentucky","5/21/20","0","1","21013","1"
"Boone","13","368","Kentucky","5/21/20","276","92","21015","33.33"
"Bourbon","0","9","Kentucky","5/21/20","8","1","21017","12.5"
"Boyd","0","39","Kentucky","5/21/20","38","1","21019","2.63"
"Boyle","0","20","Kentucky","5/21/20","18","2","21021","11.11"
"Bracken","0","10","Kentucky","5/21/20","9","1","21023","11.11"
"Breathitt","0","2","Kentucky","5/21/20","2","0","21025","0"
"Breckinridge","0","16","Kentucky","5/21/20","14","2","21027","14.29"
"Bullitt","2","101","Kentucky","5/21/20","89","12","21029","13.48"
"Butler","2","218","Kentucky","5/21/20","205","13","21031","6.34"
"Caldwell","0","12","Kentucky","5/21/20","12","0","21033","0"
"Calloway","1","49","Kentucky","5/21/20","43","6","21035","13.95"
"Campbell","2","141","Kentucky","5/21/20","128","13","21037","10.16"
"Carlisle","0","5","Kentucky","5/21/20","3","2","21039","66.67"
"Carroll","1","6","Kentucky","5/21/20","2","4","21041","200"
"Carter","0","9","Kentucky","5/21/20","7","2","21043","28.57"
"Casey","0","2","Kentucky","5/21/20","2","0","21045","0"
"Christian","0","98","Kentucky","5/21/20","95","3","21047","3.16"
"Clark","2","36","Kentucky","5/21/20","20","16","21049","80"
"Clay","0","3","Kentucky","5/21/20","2","1","21051","50"
"Clinton","0","3","Kentucky","5/21/20","3","0","21053","0"
"Crittenden","0","4","Kentucky","5/21/20","4","0","21055","0"
"Cumberland","0","5","Kentucky","5/21/20","5","0","21057","0"
"Daviess","3","299","Kentucky","5/21/20","277","22","21059","7.94"
"Edmonson","1","51","Kentucky","5/21/20","46","5","21061","10.87"
"Elliott","0","1","Kentucky","5/21/20","0","1","21063","1"
"Fayette","18","596","Kentucky","5/21/20","467","129","21067","27.62"
"Fleming","0","2","Kentucky","5/21/20","2","0","21069","0"
"Floyd","0","16","Kentucky","5/21/20","16","0","21071","0"
"Franklin","1","24","Kentucky","5/21/20","18","6","21073","33.33"
"Fulton","0","3","Kentucky","5/21/20","1","2","21075","200"
"Gallatin","0","3","Kentucky","5/21/20","2","1","21077","50"
"Garrard","0","4","Kentucky","5/21/20","4","0","21079","0"
"Grant","1","36","Kentucky","5/21/20","31","5","21081","16.13"
"Graves","0","152","Kentucky","5/21/20","152","0","21083","0"
"Grayson","3","119","Kentucky","5/21/20","101","18","21085","17.82"
"Green","0","1","Kentucky","5/21/20","1","0","21087","0"
"Greenup","0","13","Kentucky","5/21/20","13","0","21089","0"
"Hancock","0","6","Kentucky","5/21/20","7","-1","21091","-14.29"
"Hardin","2","88","Kentucky","5/21/20","72","16","21093","22.22"
"Harlan","0","1","Kentucky","5/21/20","1","0","21095","0"
"Harrison","0","18","Kentucky","5/21/20","19","-1","21097","-5.26"
"Hart","0","17","Kentucky","5/21/20","16","1","21099","6.25"
"Henderson","1","93","Kentucky","5/21/20","83","10","21101","12.05"
"Henry","0","13","Kentucky","5/21/20","11","2","21103","18.18"
"Hickman","0","5","Kentucky","5/21/20","5","0","21105","0"
"Hopkins","0","216","Kentucky","5/21/20","215","1","21107","0.47"
"Jackson","0","60","Kentucky","5/21/20","57","3","21109","5.26"
"Jefferson","36","1994","Kentucky","5/21/20","1741","253","21111","14.53"
"Jessamine","0","50","Kentucky","5/21/20","50","0","21113","0"
"Johnson","0","5","Kentucky","5/21/20","5","0","21115","0"
"Kenton","10","503","Kentucky","5/21/20","432","71","21117","16.44"
"Knott","0","4","Kentucky","5/21/20","4","0","21119","0"
"Knox","0","8","Kentucky","5/21/20","7","1","21121","14.29"
"Larue","0","6","Kentucky","5/21/20","6","0","21123","0"
"Laurel","0","21","Kentucky","5/21/20","21","0","21125","0"
"Lawrence","0","1","Kentucky","5/21/20","2","-1","21127","-50"
"Leslie","0","6","Kentucky","5/21/20","6","0","21131","0"
"Letcher","0","4","Kentucky","5/21/20","5","-1","21133","-20"
"Lewis","0","7","Kentucky","5/21/20","8","-1","21135","-12.5"
"Lincoln","0","8","Kentucky","5/21/20","5","3","21137","60"
"Livingston","0","8","Kentucky","5/21/20","7","1","21139","14.29"
"Logan","4","108","Kentucky","5/21/20","77","31","21141","40.26"
"Lyon","0","14","Kentucky","5/21/20","14","0","21143","0"
"Madison","1","45","Kentucky","5/21/20","41","4","21151","9.76"
"Magoffin","0","1","Kentucky","5/21/20","0","1","21153","1"
"Marion","0","17","Kentucky","5/21/20","17","0","21155","0"
"Marshall","0","36","Kentucky","5/21/20","34","2","21157","5.88"
"Martin","0","3","Kentucky","5/21/20","3","0","21159","0"
"Mason","0","8","Kentucky","5/21/20","8","0","21161","0"
"McCracken","1","85","Kentucky","5/21/20","76","9","21145","11.84"
"McCreary","0","13","Kentucky","5/21/20","13","0","21147","0"
"McLean","0","19","Kentucky","5/21/20","18","1","21149","5.56"
"Meade","0","20","Kentucky","5/21/20","18","2","21163","11.11"
"Menifee","0","6","Kentucky","5/21/20","3","3","21165","100"
"Mercer","0","12","Kentucky","5/21/20","12","0","21167","0"
"Metcalfe","0","4","Kentucky","5/21/20","3","1","21169","33.33"
"Monroe","0","7","Kentucky","5/21/20","6","1","21171","16.67"
"Montgomery","0","17","Kentucky","5/21/20","16","1","21173","6.25"
"Morgan","0","1","Kentucky","5/21/20","1","0","21175","0"
"Muhlenberg","2","468","Kentucky","5/21/20","457","11","21177","2.41"
"Nelson","0","35","Kentucky","5/21/20","32","3","21179","9.38"
"Nicholas","0","1","Kentucky","5/21/20","1","0","21181","0"
"Ohio","5","117","Kentucky","5/21/20","85","32","21183","37.65"
"Oldham","1","60","Kentucky","5/21/20","50","10","21185","20"
"Owen","0","1","Kentucky","5/21/20","1","0","21187","0"
"Owsley","0","2","Kentucky","5/21/20","2","0","21189","0"
"Pendleton","0","7","Kentucky","5/21/20","6","1","21191","16.67"
"Perry","0","19","Kentucky","5/21/20","18","1","21193","5.56"
"Pike","1","28","Kentucky","5/21/20","22","6","21195","27.27"
"Powell","0","1","Kentucky","5/21/20","1","0","21197","0"
"Pulaski","1","51","Kentucky","5/21/20","47","4","21199","8.51"
"Rockcastle","0","13","Kentucky","5/21/20","12","1","21203","8.33"
"Rowan","0","7","Kentucky","5/21/20","6","1","21205","16.67"
"Russell","0","22","Kentucky","5/21/20","19","3","21207","15.79"
"Scott","0","34","Kentucky","5/21/20","33","1","21209","3.03"
"Shelby","4","84","Kentucky","5/21/20","54","30","21211","55.56"
"Simpson","1","43","Kentucky","5/21/20","35","8","21213","22.86"
"Spencer","0","16","Kentucky","5/21/20","16","0","21215","0"
"Taylor","0","10","Kentucky","5/21/20","9","1","21217","11.11"
"Todd","0","16","Kentucky","5/21/20","15","1","21219","6.67"
"Trigg","0","9","Kentucky","5/21/20","9","0","21221","0"
"Trimble","0","4","Kentucky","5/21/20","3","1","21223","33.33"
"Union","0","10","Kentucky","5/21/20","10","0","21225","0"
"Warren","21","878","Kentucky","5/21/20","730","148","21227","20.27"
"Washington","0","5","Kentucky","5/21/20","5","0","21229","0"
"Wayne","0","8","Kentucky","5/21/20","8","0","21231","0"
"Webster","0","32","Kentucky","5/21/20","31","1","21233","3.23"
"Whitley","0","13","Kentucky","5/21/20","12","1","21235","8.33"
"Wolfe","0","1","Kentucky","5/21/20","0","1","21237","1"
"Woodford","0","19","Kentucky","5/21/20","19","0","21239","0"
"Acadia","16","269","Louisiana","5/21/20","159","110","22001","69.18"
"Allen","11","172","Louisiana","5/21/20","94","78","22003","82.98"
"Ascension","5","782","Louisiana","5/21/20","745","37","22005","4.97"
"Assumption","1","238","Louisiana","5/21/20","234","4","22007","1.71"
"Avoyelles","3","99","Louisiana","5/21/20","79","20","22009","25.32"
"Beauregard","1","54","Louisiana","5/21/20","49","5","22011","10.2"
"Bienville","5","114","Louisiana","5/21/20","81","33","22013","40.74"
"Bossier","7","374","Louisiana","5/21/20","327","47","22015","14.37"
"Caddo","65","2272","Louisiana","5/21/20","1818","454","22017","24.97"
"Calcasieu","6","548","Louisiana","5/21/20","507","41","22019","8.09"
"Caldwell","0","51","Louisiana","5/21/20","48","3","22021","6.25"
"Cameron","0","3","Louisiana","5/21/20","3","0","22023","0"
"Catahoula","1","112","Louisiana","5/21/20","103","9","22025","8.74"
"Claiborne","0","58","Louisiana","5/21/20","59","-1","22027","-1.69"
"Concordia","2","68","Louisiana","5/21/20","54","14","22029","25.93"
"De Soto","2","235","Louisiana","5/21/20","223","12","22031","5.38"
"East Baton Rouge","60","3319","Louisiana","5/21/20","2898","421","22033","14.53"
"East Carroll","4","51","Louisiana","5/21/20","25","26","22035","104"
"East Feliciana","2","183","Louisiana","5/21/20","169","14","22037","8.28"
"Evangeline","1","83","Louisiana","5/21/20","74","9","22039","12.16"
"Franklin","3","287","Louisiana","5/21/20","266","21","22041","7.89"
"Grant","1","26","Louisiana","5/21/20","18","8","22043","44.44"
"Iberia","5","384","Louisiana","5/21/20","352","32","22045","9.09"
"Iberville","0","540","Louisiana","5/21/20","537","3","22047","0.56"
"Jackson","1","80","Louisiana","5/21/20","70","10","22049","14.29"
"Jefferson","45","7175","Louisiana","5/21/20","6860","315","22051","4.59"
"Jefferson Davis","0","72","Louisiana","5/21/20","69","3","22053","4.35"
"Lafayette","13","631","Louisiana","5/21/20","541","90","22055","16.64"
"Lafourche","6","763","Louisiana","5/21/20","719","44","22057","6.12"
"LaSalle","1","45","Louisiana","5/21/20","35","10","22059","28.57"
"Lincoln","2","130","Louisiana","5/21/20","116","14","22061","12.07"
"Livingston","3","363","Louisiana","5/21/20","343","20","22063","5.83"
"Madison","4","43","Louisiana","5/21/20","18","25","22065","138.89"
"Morehouse","3","108","Louisiana","5/21/20","89","19","22067","21.35"
"Natchitoches","6","141","Louisiana","5/21/20","102","39","22069","38.24"
"Orleans","19","6904","Louisiana","5/21/20","6768","136","22071","2.01"
"Ouachita","23","1032","Louisiana","5/21/20","869","163","22073","18.76"
"Plaquemines","1","197","Louisiana","5/21/20","192","5","22075","2.6"
"Pointe Coupee","4","181","Louisiana","5/21/20","152","29","22077","19.08"
"Rapides","25","591","Louisiana","5/21/20","417","174","22079","41.73"
"Red River","1","44","Louisiana","5/21/20","38","6","22081","15.79"
"Richland","1","113","Louisiana","5/21/20","104","9","22083","8.65"
"Sabine","1","39","Louisiana","5/21/20","29","10","22085","34.48"
"St. Bernard","1","521","Louisiana","5/21/20","516","5","22087","0.97"
"St. Charles","2","618","Louisiana","5/21/20","602","16","22089","2.66"
"St. Helena","1","43","Louisiana","5/21/20","38","5","22091","13.16"
"St. James","1","289","Louisiana","5/21/20","284","5","22093","1.76"
"St. John the Baptist","3","838","Louisiana","5/21/20","820","18","22095","2.2"
"St. Landry","0","244","Louisiana","5/21/20","244","0","22097","0"
"St. Martin","1","287","Louisiana","5/21/20","278","9","22099","3.24"
"St. Mary","4","288","Louisiana","5/21/20","263","25","22101","9.51"
"St. Tammany","13","1599","Louisiana","5/21/20","1511","88","22103","5.82"
"Tangipahoa","10","767","Louisiana","5/21/20","696","71","22105","10.2"
"Tensas","1","10","Louisiana","5/21/20","6","4","22107","66.67"
"Terrebonne","9","614","Louisiana","5/21/20","550","64","22109","11.64"
"Union","8","287","Louisiana","5/21/20","231","56","22111","24.24"
"Vermilion","1","50","Louisiana","5/21/20","42","8","22113","19.05"
"Vernon","0","22","Louisiana","5/21/20","19","3","22115","15.79"
"Washington","4","383","Louisiana","5/21/20","356","27","22117","7.58"
"Webster","2","126","Louisiana","5/21/20","112","14","22119","12.5"
"West Baton Rouge","0","152","Louisiana","5/21/20","150","2","22121","1.33"
"West Carroll","2","21","Louisiana","5/21/20","6","15","22123","250"
"West Feliciana","2","193","Louisiana","5/21/20","181","12","22125","6.63"
"Winn","5","100","Louisiana","5/21/20","66","34","22127","51.52"
"Androscoggin","13","202","Maine","5/21/20","109","93","23001","85.32"
"Aroostook","0","8","Maine","5/21/20","7","1","23003","14.29"
"Cumberland","20","919","Maine","5/21/20","778","141","23005","18.12"
"Franklin","1","35","Maine","5/21/20","31","4","23007","12.9"
"Hancock","0","11","Maine","5/21/20","10","1","23009","10"
"Kennebec","1","123","Maine","5/21/20","113","10","23011","8.85"
"Knox","0","20","Maine","5/21/20","19","1","23013","5.26"
"Lincoln","0","18","Maine","5/21/20","15","3","23015","20"
"Oxford","0","18","Maine","5/21/20","17","1","23017","5.88"
"Penobscot","1","98","Maine","5/21/20","91","7","23019","7.69"
"Piscataquis","0","1","Maine","5/21/20","1","0","23021","0"
"Sagadahoc","0","28","Maine","5/21/20","25","3","23023","12"
"Somerset","0","20","Maine","5/21/20","18","2","23025","11.11"
"Waldo","0","51","Maine","5/21/20","50","1","23027","2"
"Washington","0","2","Maine","5/21/20","2","0","23029","0"
"York","6","320","Maine","5/21/20","277","43","23031","15.52"
"Allegany","2","166","Maryland","5/21/20","150","16","24001","10.67"
"Anne Arundel","67","3132","Maryland","5/21/20","2661","471","24003","17.7"
"Baltimore","121","5135","Maryland","5/21/20","4290","845","24005","19.7"
"Baltimore City","119","4339","Maryland","5/21/20","3505","834","24510","23.79"
"Calvert","8","278","Maryland","5/21/20","225","53","24009","23.56"
"Caroline","5","216","Maryland","5/21/20","183","33","24011","18.03"
"Carroll","16","733","Maryland","5/21/20","619","114","24013","18.42"
"Cecil","6","331","Maryland","5/21/20","291","40","24015","13.75"
"Charles","21","943","Maryland","5/21/20","796","147","24017","18.47"
"Dorchester","3","124","Maryland","5/21/20","104","20","24019","19.23"
"Frederick","35","1568","Maryland","5/21/20","1325","243","24021","18.34"
"Garrett","0","7","Maryland","5/21/20","6","1","24023","16.67"
"Harford","11","737","Maryland","5/21/20","663","74","24025","11.16"
"Howard","38","1548","Maryland","5/21/20","1285","263","24027","20.47"
"Kent","3","143","Maryland","5/21/20","125","18","24029","14.4"
"Montgomery","245","9260","Maryland","5/21/20","7548","1712","24031","22.68"
"Prince George's","340","12830","Maryland","5/21/20","10449","2381","24033","22.79"
"Queen Anne's","5","141","Maryland","5/21/20","106","35","24035","33.02"
"Somerset","3","71","Maryland","5/21/20","51","20","24039","39.22"
"St. Mary's","12","357","Maryland","5/21/20","271","86","24037","31.73"
"Talbot","1","70","Maryland","5/21/20","64","6","24041","9.38"
"Washington","10","377","Maryland","5/21/20","305","72","24043","23.61"
"Wicomico","13","844","Maryland","5/21/20","754","90","24045","11.94"
"Worcester","8","181","Maryland","5/21/20","127","54","24047","42.52"
"Barnstable","14","1282","Massachusetts","5/21/20","1186","96","25001","8.09"
"Berkshire","4","529","Massachusetts","5/21/20","502","27","25003","5.38"
"Bristol","124","6421","Massachusetts","5/21/20","5556","865","25005","15.57"
"Dukes and Nantucket","1","51","Massachusetts","5/21/20","43","8","00000","18.6"
"Essex","170","13411","Massachusetts","5/21/20","12222","1189","25009","9.73"
"Franklin","1","321","Massachusetts","5/21/20","312","9","25011","2.88"
"Hampden","76","5602","Massachusetts","5/21/20","5068","534","25013","10.54"
"Hampshire","12","833","Massachusetts","5/21/20","747","86","25015","11.51"
"Middlesex","241","20580","Massachusetts","5/21/20","18890","1690","25017","8.95"
"Norfolk","71","8101","Massachusetts","5/21/20","7601","500","25021","6.58"
"Plymouth","91","7636","Massachusetts","5/21/20","7002","634","25023","9.05"
"Suffolk","184","17572","Massachusetts","5/21/20","16285","1287","25025","7.9"
"Worcester","210","10181","Massachusetts","5/21/20","8711","1470","25027","16.88"
"Alcona","1","12","Michigan","5/21/20","8","4","26001","50"
"Allegan","4","229","Michigan","5/21/20","198","31","26005","15.66"
"Alpena","1","99","Michigan","5/21/20","95","4","26007","4.21"
"Antrim","0","12","Michigan","5/21/20","11","1","26009","9.09"
"Arenac","0","36","Michigan","5/21/20","33","3","26011","9.09"
"Baraga","0","1","Michigan","5/21/20","1","0","26013","0"
"Barry","0","73","Michigan","5/21/20","71","2","26015","2.82"
"Bay","5","296","Michigan","5/21/20","260","36","26017","13.85"
"Benzie","0","4","Michigan","5/21/20","4","0","26019","0"
"Berrien","14","692","Michigan","5/21/20","592","100","26021","16.89"
"Branch","1","106","Michigan","5/21/20","96","10","26023","10.42"
"Calhoun","6","364","Michigan","5/21/20","321","43","26025","13.4"
"Cass","3","79","Michigan","5/21/20","57","22","26027","38.6"
"Charlevoix","0","17","Michigan","5/21/20","14","3","26029","21.43"
"Cheboygan","0","26","Michigan","5/21/20","24","2","26031","8.33"
"Chippewa","0","3","Michigan","5/21/20","3","0","26033","0"
"Clare","0","17","Michigan","5/21/20","14","3","26035","21.43"
"Clinton","2","164","Michigan","5/21/20","148","16","26037","10.81"
"Crawford","0","62","Michigan","5/21/20","61","1","26039","1.64"
"Delta","1","20","Michigan","5/21/20","16","4","26041","25"
"Dickinson","0","5","Michigan","5/21/20","5","0","26043","0"
"Eaton","3","213","Michigan","5/21/20","191","22","26045","11.52"
"Emmet","0","25","Michigan","5/21/20","25","0","26047","0"
"Federal Correctional Institution (FCI)","1","125","Michigan","5/21/20","115","10","00000","8.7"
"Genesee","32","2315","Michigan","5/21/20","2088","227","26049","10.87"
"Gladwin","0","17","Michigan","5/21/20","17","0","26051","0"
"Gogebic","0","5","Michigan","5/21/20","4","1","26053","25"
"Grand Traverse","0","24","Michigan","5/21/20","24","0","26055","0"
"Gratiot","4","66","Michigan","5/21/20","40","26","26057","65"
"Hillsdale","2","174","Michigan","5/21/20","159","15","26059","9.43"
"Houghton","0","2","Michigan","5/21/20","2","0","26061","0"
"Huron","1","50","Michigan","5/21/20","46","4","26063","8.7"
"Ingham","8","708","Michigan","5/21/20","652","56","26065","8.59"
"Ionia","3","144","Michigan","5/21/20","124","20","26067","16.13"
"Iosco","3","88","Michigan","5/21/20","70","18","26069","25.71"
"Isabella","0","80","Michigan","5/21/20","77","3","26073","3.9"
"Jackson","2","446","Michigan","5/21/20","432","14","26075","3.24"
"Kalamazoo","14","806","Michigan","5/21/20","709","97","26077","13.68"
"Kalkaska","0","29","Michigan","5/21/20","28","1","26079","3.57"
"Kent","77","3353","Michigan","5/21/20","2812","541","26081","19.24"
"Lake","0","4","Michigan","5/21/20","3","1","26085","33.33"
"Lapeer","1","202","Michigan","5/21/20","192","10","26087","5.21"
"Leelanau","0","11","Michigan","5/21/20","10","1","26089","10"
"Lenawee","2","175","Michigan","5/21/20","164","11","26091","6.71"
"Livingston","2","474","Michigan","5/21/20","457","17","26093","3.72"
"Luce","0","2","Michigan","5/21/20","1","1","26095","100"
"Mackinac","0","6","Michigan","5/21/20","6","0","26097","0"
"Macomb","31","6545","Michigan","5/21/20","6330","215","26099","3.4"
"Manistee","0","12","Michigan","5/21/20","12","0","26101","0"
"Marquette","0","52","Michigan","5/21/20","51","1","26103","1.96"
"Mason","1","35","Michigan","5/21/20","27","8","26105","29.63"
"Mecosta","0","22","Michigan","5/21/20","20","2","26107","10"
"Menominee","0","8","Michigan","5/21/20","7","1","26109","14.29"
"Michigan Department of Corrections (MDOC)","158","3360","Michigan","5/21/20","2257","1103","00000","48.87"
"Midland","2","113","Michigan","5/21/20","100","13","26111","13"
"Missaukee","0","22","Michigan","5/21/20","22","0","26113","0"
"Monroe","5","484","Michigan","5/21/20","448","36","26115","8.04"
"Montcalm","2","67","Michigan","5/21/20","55","12","26117","21.82"
"Montmorency","0","5","Michigan","5/21/20","5","0","26119","0"
"Muskegon","17","555","Michigan","5/21/20","437","118","26121","27"
"Newaygo","5","76","Michigan","5/21/20","41","35","26123","85.37"
"Oakland","97","10010","Michigan","5/21/20","9330","680","26125","7.29"
"Oceana","4","77","Michigan","5/21/20","52","25","26127","48.08"
"Ogemaw","1","27","Michigan","5/21/20","21","6","26129","28.57"
"Osceola","0","13","Michigan","5/21/20","11","2","26133","18.18"
"Oscoda","0","8","Michigan","5/21/20","8","0","26135","0"
"Otsego","0","117","Michigan","5/21/20","116","1","26137","0.86"
"Ottawa","22","693","Michigan","5/21/20","537","156","26139","29.05"
"Out of MI","-7","42","Michigan","5/21/20","93","-51","80026","-54.84"
"Presque Isle","0","11","Michigan","5/21/20","11","0","26141","0"
"Roscommon","0","23","Michigan","5/21/20","22","1","26143","4.55"
"Saginaw","15","988","Michigan","5/21/20","884","104","26145","11.76"
"Sanilac","0","40","Michigan","5/21/20","39","1","26151","2.56"
"Schoolcraft","0","4","Michigan","5/21/20","4","0","26153","0"
"Shiawassee","4","267","Michigan","5/21/20","236","31","26155","13.14"
"St. Clair","4","483","Michigan","5/21/20","453","30","26147","6.62"
"St. Joseph","2","96","Michigan","5/21/20","81","15","26149","18.52"
"Tuscola","2","181","Michigan","5/21/20","166","15","26157","9.04"
"Van Buren","3","138","Michigan","5/21/20","120","18","26159","15"
"Washtenaw","7","1417","Michigan","5/21/20","1371","46","26161","3.36"
"Wayne","121","20120","Michigan","5/21/20","19272","848","26163","4.4"
"Wexford","0","13","Michigan","5/21/20","13","0","26165","0"
"Aitkin","0","4","Minnesota","5/21/20","2","2","27001","100"
"Anoka","45","995","Minnesota","5/21/20","678","317","27003","46.76"
"Becker","0","33","Minnesota","5/21/20","30","3","27005","10"
"Beltrami","0","9","Minnesota","5/21/20","8","1","27007","12.5"
"Benton","6","152","Minnesota","5/21/20","109","43","27009","39.45"
"Big Stone","0","3","Minnesota","5/21/20","2","1","27011","50"
"Blue Earth","5","104","Minnesota","5/21/20","71","33","27013","46.48"
"Brown","0","10","Minnesota","5/21/20","10","0","27015","0"
"Carlton","1","71","Minnesota","5/21/20","66","5","27017","7.58"
"Carver","5","138","Minnesota","5/21/20","103","35","27019","33.98"
"Cass","0","10","Minnesota","5/21/20","9","1","27021","11.11"
"Chippewa","1","37","Minnesota","5/21/20","27","10","27023","37.04"
"Chisago","2","39","Minnesota","5/21/20","25","14","27025","56"
"Clay","10","344","Minnesota","5/21/20","273","71","27027","26.01"
"Clearwater","0","2","Minnesota","5/21/20","2","0","27029","0"
"Cottonwood","1","59","Minnesota","5/21/20","51","8","27033","15.69"
"Crow Wing","2","38","Minnesota","5/21/20","24","14","27035","58.33"
"Dakota","52","929","Minnesota","5/21/20","562","367","27037","65.3"
"Dodge","2","40","Minnesota","5/21/20","28","12","27039","42.86"
"Douglas","1","24","Minnesota","5/21/20","17","7","27041","41.18"
"Faribault","0","11","Minnesota","5/21/20","9","2","27043","22.22"
"Fillmore","0","17","Minnesota","5/21/20","16","1","27045","6.25"
"Freeborn","3","73","Minnesota","5/21/20","52","21","27047","40.38"
"Goodhue","2","40","Minnesota","5/21/20","29","11","27049","37.93"
"Grant","0","2","Minnesota","5/21/20","2","0","27051","0"
"Hennepin","243","6029","Minnesota","5/21/20","4331","1698","27053","39.21"
"Houston","0","2","Minnesota","5/21/20","2","0","27055","0"
"Isanti","1","20","Minnesota","5/21/20","11","9","27059","81.82"
"Itasca","1","51","Minnesota","5/21/20","41","10","27061","24.39"
"Jackson","0","36","Minnesota","5/21/20","34","2","27063","5.88"
"Kanabec","0","10","Minnesota","5/21/20","10","0","27065","0"
"Kandiyohi","6","428","Minnesota","5/21/20","386","42","27067","10.88"
"Kittson","0","1","Minnesota","5/21/20","1","0","27069","0"
"Koochiching","0","4","Minnesota","5/21/20","3","1","27071","33.33"
"Lac qui Parle","0","3","Minnesota","5/21/20","2","1","27073","50"
"Lake","0","1","Minnesota","5/21/20","1","0","27075","0"
"Le Sueur","1","38","Minnesota","5/21/20","31","7","27079","22.58"
"Lincoln","0","4","Minnesota","5/21/20","4","0","27081","0"
"Lyon","1","28","Minnesota","5/21/20","22","6","27083","27.27"
"Mahnomen","0","5","Minnesota","5/21/20","5","0","27087","0"
"Marshall","0","8","Minnesota","5/21/20","8","0","27089","0"
"Martin","2","124","Minnesota","5/21/20","113","11","27091","9.73"
"McLeod","1","21","Minnesota","5/21/20","15","6","27085","40"
"Meeker","2","40","Minnesota","5/21/20","24","16","27093","66.67"
"Mille Lacs","1","14","Minnesota","5/21/20","7","7","27095","100"
"Morrison","2","32","Minnesota","5/21/20","21","11","27097","52.38"
"Mower","5","87","Minnesota","5/21/20","50","37","27099","74"
"Murray","0","33","Minnesota","5/21/20","30","3","27101","10"
"Nicollet","4","51","Minnesota","5/21/20","23","28","27103","121.74"
"Nobles","14","1414","Minnesota","5/21/20","1319","95","27105","7.2"
"Norman","0","11","Minnesota","5/21/20","11","0","27107","0"
"Olmsted","13","493","Minnesota","5/21/20","399","94","27109","23.56"
"Otter Tail","3","52","Minnesota","5/21/20","33","19","27111","57.58"
"Pennington","0","4","Minnesota","5/21/20","1","3","27113","300"
"Pine","0","83","Minnesota","5/21/20","80","3","27115","3.75"
"Pipestone","0","10","Minnesota","5/21/20","9","1","27117","11.11"
"Polk","0","57","Minnesota","5/21/20","55","2","27119","3.64"
"Pope","0","6","Minnesota","5/21/20","5","1","27121","20"
"Ramsey","108","1925","Minnesota","5/21/20","1167","758","27123","64.95"
"Red Lake","0","3","Minnesota","5/21/20","2","1","27125","50"
"Redwood","0","3","Minnesota","5/21/20","3","0","27127","0"
"Renville","0","5","Minnesota","5/21/20","5","0","27129","0"
"Rice","18","307","Minnesota","5/21/20","181","126","27131","69.61"
"Rock","0","20","Minnesota","5/21/20","19","1","27133","5.26"
"Roseau","0","1","Minnesota","5/21/20","1","0","27135","0"
"Scott","16","298","Minnesota","5/21/20","186","112","27139","60.22"
"Sherburne","8","183","Minnesota","5/21/20","130","53","27141","40.77"
"Sibley","1","12","Minnesota","5/21/20","4","8","27143","200"
"St. Louis","1","109","Minnesota","5/21/20","100","9","27137","9"
"Stearns","35","1853","Minnesota","5/21/20","1609","244","27145","15.16"
"Steele","5","122","Minnesota","5/21/20","85","37","27147","43.53"
"Stevens","0","0","Minnesota","5/21/20","1","-1","27149","-100"
"Swift","1","14","Minnesota","5/21/20","10","4","27151","40"
"Todd","10","116","Minnesota","5/21/20","46","70","27153","152.17"
"Traverse","0","3","Minnesota","5/21/20","3","0","27155","0"
"Wabasha","0","16","Minnesota","5/21/20","16","0","27157","0"
"Wadena","0","6","Minnesota","5/21/20","4","2","27159","50"
"Waseca","1","22","Minnesota","5/21/20","18","4","27161","22.22"
"Washington","21","431","Minnesota","5/21/20","282","149","27163","52.84"
"Watonwan","1","42","Minnesota","5/21/20","32","10","27165","31.25"
"Wilkin","0","11","Minnesota","5/21/20","11","0","27167","0"
"Winona","0","75","Minnesota","5/21/20","74","1","27169","1.35"
"Wright","10","200","Minnesota","5/21/20","130","70","27171","53.85"
"Yellow Medicine","0","5","Minnesota","5/21/20","3","2","27173","66.67"
"Adams","2","179","Mississippi","5/21/20","164","15","28001","9.15"
"Alcorn","0","12","Mississippi","5/21/20","12","0","28003","0"
"Amite","1","49","Mississippi","5/21/20","39","10","28005","25.64"
"Attala","6","257","Mississippi","5/21/20","212","45","28007","21.23"
"Benton","0","13","Mississippi","5/21/20","14","-1","28009","-7.14"
"Bolivar","2","133","Mississippi","5/21/20","120","13","28011","10.83"
"Calhoun","0","61","Mississippi","5/21/20","58","3","28013","5.17"
"Carroll","1","112","Mississippi","5/21/20","106","6","28015","5.66"
"Chickasaw","2","122","Mississippi","5/21/20","110","12","28017","10.91"
"Choctaw","1","27","Mississippi","5/21/20","18","9","28019","50"
"Claiborne","0","51","Mississippi","5/21/20","48","3","28021","6.25"
"Clarke","3","119","Mississippi","5/21/20","97","22","28023","22.68"
"Clay","2","90","Mississippi","5/21/20","75","15","28025","20"
"Coahoma","2","86","Mississippi","5/21/20","73","13","28027","17.81"
"Copiah","5","228","Mississippi","5/21/20","191","37","28029","19.37"
"Covington","3","123","Mississippi","5/21/20","101","22","28031","21.78"
"DeSoto","9","419","Mississippi","5/21/20","355","64","28033","18.03"
"Forrest","14","453","Mississippi","5/21/20","357","96","28035","26.89"
"Franklin","1","23","Mississippi","5/21/20","19","4","28037","21.05"
"George","0","19","Mississippi","5/21/20","16","3","28039","18.75"
"Greene","0","7","Mississippi","5/21/20","7","0","28041","0"
"Grenada","1","66","Mississippi","5/21/20","56","10","28043","17.86"
"Hancock","0","81","Mississippi","5/21/20","79","2","28045","2.53"
"Harrison","0","224","Mississippi","5/21/20","223","1","28047","0.45"
"Hinds","15","825","Mississippi","5/21/20","717","108","28049","15.06"
"Holmes","10","333","Mississippi","5/21/20","262","71","28051","27.1"
"Humphreys","1","49","Mississippi","5/21/20","39","10","28053","25.64"
"Itawamba","1","80","Mississippi","5/21/20","73","7","28057","9.59"
"Jackson","2","291","Mississippi","5/21/20","280","11","28059","3.93"
"Jasper","3","126","Mississippi","5/21/20","104","22","28061","21.15"
"Jefferson","1","40","Mississippi","5/21/20","33","7","28063","21.21"
"Jefferson Davis","1","69","Mississippi","5/21/20","63","6","28065","9.52"
"Jones","14","386","Mississippi","5/21/20","287","99","28067","34.49"
"Kemper","2","112","Mississippi","5/21/20","100","12","28069","12"
"Lafayette","1","110","Mississippi","5/21/20","106","4","28071","3.77"
"Lamar","7","210","Mississippi","5/21/20","164","46","28073","28.05"
"Lauderdale","11","637","Mississippi","5/21/20","557","80","28075","14.36"
"Lawrence","1","81","Mississippi","5/21/20","74","7","28077","9.46"
"Leake","5","368","Mississippi","5/21/20","332","36","28079","10.84"
"Lee","2","97","Mississippi","5/21/20","83","14","28081","16.87"
"Leflore","1","206","Mississippi","5/21/20","197","9","28083","4.57"
"Lincoln","4","224","Mississippi","5/21/20","194","30","28085","15.46"
"Lowndes","5","136","Mississippi","5/21/20","100","36","28087","36"
"Madison","11","582","Mississippi","5/21/20","502","80","28089","15.94"
"Marion","2","100","Mississippi","5/21/20","86","14","28091","16.28"
"Marshall","1","68","Mississippi","5/21/20","63","5","28093","7.94"
"Monroe","3","229","Mississippi","5/21/20","209","20","28095","9.57"
"Montgomery","1","76","Mississippi","5/21/20","70","6","28097","8.57"
"Neshoba","17","470","Mississippi","5/21/20","354","116","28099","32.77"
"Newton","7","210","Mississippi","5/21/20","161","49","28101","30.43"
"Noxubee","4","148","Mississippi","5/21/20","118","30","28103","25.42"
"Oktibbeha","2","114","Mississippi","5/21/20","97","17","28105","17.53"
"Panola","2","58","Mississippi","5/21/20","46","12","28107","26.09"
"Pearl River","1","197","Mississippi","5/21/20","193","4","28109","2.07"
"Perry","0","38","Mississippi","5/21/20","35","3","28111","8.57"
"Pike","2","188","Mississippi","5/21/20","173","15","28113","8.67"
"Pontotoc","0","26","Mississippi","5/21/20","25","1","28115","4"
"Prentiss","0","37","Mississippi","5/21/20","36","1","28117","2.78"
"Quitman","0","21","Mississippi","5/21/20","19","2","28119","10.53"
"Rankin","6","315","Mississippi","5/21/20","271","44","28121","16.24"
"Scott","12","569","Mississippi","5/21/20","487","82","28123","16.84"
"Sharkey","0","7","Mississippi","5/21/20","5","2","28125","40"
"Simpson","1","79","Mississippi","5/21/20","72","7","28127","9.72"
"Smith","2","124","Mississippi","5/21/20","107","17","28129","15.89"
"Stone","0","25","Mississippi","5/21/20","26","-1","28131","-3.85"
"Sunflower","1","71","Mississippi","5/21/20","65","6","28133","9.23"
"Tallahatchie","1","23","Mississippi","5/21/20","15","8","28135","53.33"
"Tate","0","58","Mississippi","5/21/20","55","3","28137","5.45"
"Tippah","0","69","Mississippi","5/21/20","66","3","28139","4.55"
"Tishomingo","1","21","Mississippi","5/21/20","11","10","28141","90.91"
"Tunica","1","45","Mississippi","5/21/20","40","5","28143","12.5"
"Union","1","66","Mississippi","5/21/20","57","9","28145","15.79"
"Walthall","1","48","Mississippi","5/21/20","42","6","28147","14.29"
"Warren","2","138","Mississippi","5/21/20","127","11","28149","8.66"
"Washington","7","143","Mississippi","5/21/20","92","51","28151","55.43"
"Wayne","4","58","Mississippi","5/21/20","32","26","28153","81.25"
"Webster","0","25","Mississippi","5/21/20","22","3","28155","13.64"
"Wilkinson","0","80","Mississippi","5/21/20","78","2","28157","2.56"
"Winston","3","92","Mississippi","5/21/20","70","22","28159","31.43"
"Yalobusha","2","76","Mississippi","5/21/20","65","11","28161","16.92"
"Yazoo","3","194","Mississippi","5/21/20","176","18","28163","10.23"
"Adair","3","34","Missouri","5/21/20","15","19","29001","126.67"
"Andrew","1","20","Missouri","5/21/20","11","9","29003","81.82"
"Atchison","0","3","Missouri","5/21/20","2","1","29005","50"
"Audrain","3","21","Missouri","5/21/20","2","19","29007","950"
"Barry","0","7","Missouri","5/21/20","6","1","29009","16.67"
"Bates","0","7","Missouri","5/21/20","6","1","29013","16.67"
"Benton","0","10","Missouri","5/21/20","9","1","29015","11.11"
"Bollinger","0","5","Missouri","5/21/20","4","1","29017","25"
"Boone","1","108","Missouri","5/21/20","100","8","29019","8"
"Buchanan","13","587","Missouri","5/21/20","496","91","29021","18.35"
"Butler","1","34","Missouri","5/21/20","27","7","29023","25.93"
"Caldwell","0","5","Missouri","5/21/20","3","2","29025","66.67"
"Callaway","0","23","Missouri","5/21/20","23","0","29027","0"
"Camden","0","36","Missouri","5/21/20","36","0","29029","0"
"Cape Girardeau","1","56","Missouri","5/21/20","52","4","29031","7.69"
"Carroll","0","7","Missouri","5/21/20","4","3","29033","75"
"Carter","0","4","Missouri","5/21/20","3","1","29035","33.33"
"Cass","1","75","Missouri","5/21/20","71","4","29037","5.63"
"Cedar","0","9","Missouri","5/21/20","9","0","29039","0"
"Chariton","0","6","Missouri","5/21/20","6","0","29041","0"
"Christian","0","21","Missouri","5/21/20","21","0","29043","0"
"Clark","0","1","Missouri","5/21/20","1","0","29045","0"
"Clay","3","127","Missouri","5/21/20","105","22","29047","20.95"
"Clinton","1","18","Missouri","5/21/20","14","4","29049","28.57"
"Cole","0","56","Missouri","5/21/20","56","0","29051","0"
"Cooper","0","9","Missouri","5/21/20","9","0","29053","0"
"Crawford","0","9","Missouri","5/21/20","8","1","29055","12.5"
"Dallas","0","3","Missouri","5/21/20","2","1","29059","50"
"Daviess","0","3","Missouri","5/21/20","3","0","29061","0"
"DeKalb","0","5","Missouri","5/21/20","4","1","29063","25"
"Dunklin","0","26","Missouri","5/21/20","24","2","29069","8.33"
"Franklin","0","137","Missouri","5/21/20","134","3","29071","2.24"
"Gasconade","0","2","Missouri","5/21/20","2","0","29073","0"
"Gentry","0","4","Missouri","5/21/20","2","2","29075","100"
"Greene","1","112","Missouri","5/21/20","105","7","29077","6.67"
"Harrison","0","8","Missouri","5/21/20","7","1","29081","14.29"
"Henry","0","9","Missouri","5/21/20","9","0","29083","0"
"Holt","0","1","Missouri","5/21/20","1","0","29087","0"
"Howard","0","3","Missouri","5/21/20","3","0","29089","0"
"Howell","0","5","Missouri","5/21/20","5","0","29091","0"
"Iron","0","2","Missouri","5/21/20","2","0","29093","0"
"Jackson","11","469","Missouri","5/21/20","395","74","29095","18.73"
"Jasper","0","29","Missouri","5/21/20","29","0","29097","0"
"Jefferson","2","333","Missouri","5/21/20","316","17","29099","5.38"
"Johnson","0","72","Missouri","5/21/20","69","3","29101","4.35"
"Kansas City","13","927","Missouri","5/21/20","838","89","00000","10.62"
"Laclede","0","3","Missouri","5/21/20","3","0","29105","0"
"Lafayette","0","69","Missouri","5/21/20","67","2","29107","2.99"
"Lawrence","0","8","Missouri","5/21/20","7","1","29109","14.29"
"Lewis","0","7","Missouri","5/21/20","6","1","29111","16.67"
"Lincoln","0","105","Missouri","5/21/20","103","2","29113","1.94"
"Linn","0","5","Missouri","5/21/20","5","0","29115","0"
"Livingston","0","3","Missouri","5/21/20","3","0","29117","0"
"Macon","0","2","Missouri","5/21/20","2","0","29121","0"
"Madison","0","3","Missouri","5/21/20","3","0","29123","0"
"Maries","0","2","Missouri","5/21/20","2","0","29125","0"
"Marion","0","5","Missouri","5/21/20","5","0","29127","0"
"McDonald","1","14","Missouri","5/21/20","6","8","29119","133.33"
"Miller","0","4","Missouri","5/21/20","4","0","29131","0"
"Mississippi","0","50","Missouri","5/21/20","49","1","29133","2.04"
"Moniteau","0","44","Missouri","5/21/20","44","0","29135","0"
"Montgomery","0","7","Missouri","5/21/20","7","0","29139","0"
"Morgan","0","8","Missouri","5/21/20","7","1","29141","14.29"
"New Madrid","0","14","Missouri","5/21/20","13","1","29143","7.69"
"Newton","1","16","Missouri","5/21/20","12","4","29145","33.33"
"Nodaway","0","8","Missouri","5/21/20","5","3","29147","60"
"Oregon","0","2","Missouri","5/21/20","2","0","29149","0"
"Osage","0","5","Missouri","5/21/20","5","0","29151","0"
"Pemiscot","0","70","Missouri","5/21/20","67","3","29155","4.48"
"Perry","0","48","Missouri","5/21/20","46","2","29157","4.35"
"Pettis","0","70","Missouri","5/21/20","70","0","29159","0"
"Phelps","0","3","Missouri","5/21/20","2","1","29161","50"
"Pike","0","14","Missouri","5/21/20","14","0","29163","0"
"Platte","2","62","Missouri","5/21/20","50","12","29165","24"
"Polk","0","2","Missouri","5/21/20","1","1","29167","100"
"Pulaski","0","33","Missouri","5/21/20","36","-3","29169","-8.33"
"Ralls","0","2","Missouri","5/21/20","2","0","29173","0"
"Randolph","0","8","Missouri","5/21/20","8","0","29175","0"
"Ray","0","14","Missouri","5/21/20","12","2","29177","16.67"
"Reynolds","0","2","Missouri","5/21/20","2","0","29179","0"
"Ripley","0","7","Missouri","5/21/20","6","1","29181","16.67"
"Saline","5","260","Missouri","5/21/20","227","33","29195","14.54"
"Scotland","0","4","Missouri","5/21/20","4","0","29199","0"
"Scott","1","89","Missouri","5/21/20","84","5","29201","5.95"
"Shelby","0","1","Missouri","5/21/20","1","0","29205","0"
"St. Charles","3","712","Missouri","5/21/20","688","24","29183","3.49"
"St. Clair","0","3","Missouri","5/21/20","2","1","29185","50"
"St. Francois","0","33","Missouri","5/21/20","33","0","29187","0"
"St. Louis","52","4557","Missouri","5/21/20","4193","364","29189","8.68"
"St. Louis City","21","1744","Missouri","5/21/20","1596","148","29510","9.27"
"Ste. Genevieve","0","8","Missouri","5/21/20","8","0","29186","0"
"Stoddard","5","64","Missouri","5/21/20","30","34","29207","113.33"
"Stone","0","4","Missouri","5/21/20","3","1","29209","33.33"
"Sullivan","4","38","Missouri","5/21/20","9","29","29211","322.22"
"Taney","0","14","Missouri","5/21/20","12","2","29213","16.67"
"Vernon","0","7","Missouri","5/21/20","4","3","29217","75"
"Warren","0","28","Missouri","5/21/20","28","0","29219","0"
"Washington","0","10","Missouri","5/21/20","9","1","29221","11.11"
"Webster","0","17","Missouri","5/21/20","16","1","29225","6.25"
"Worth","0","3","Missouri","5/21/20","1","2","29227","200"
"Wright","0","11","Missouri","5/21/20","10","1","29229","10"
"Beaverhead","0","1","Montana","5/21/20","1","0","30001","0"
"Big Horn","1","8","Montana","5/21/20","4","4","30003","100"
"Broadwater","0","4","Montana","5/21/20","4","0","30007","0"
"Carbon","0","6","Montana","5/21/20","6","0","30009","0"
"Cascade","0","17","Montana","5/21/20","17","0","30013","0"
"Deer Lodge","0","3","Montana","5/21/20","3","0","30023","0"
"Flathead","0","37","Montana","5/21/20","37","0","30029","0"
"Gallatin","0","149","Montana","5/21/20","149","0","30031","0"
"Glacier","0","6","Montana","5/21/20","6","0","30035","0"
"Golden Valley","0","3","Montana","5/21/20","3","0","30037","0"
"Hill","0","1","Montana","5/21/20","1","0","30041","0"
"Jefferson","0","3","Montana","5/21/20","3","0","30043","0"
"Lake","0","5","Montana","5/21/20","5","0","30047","0"
"Lewis and Clark","0","16","Montana","5/21/20","16","0","30049","0"
"Liberty","0","1","Montana","5/21/20","1","0","30051","0"
"Lincoln","0","7","Montana","5/21/20","7","0","30053","0"
"Madison","0","8","Montana","5/21/20","8","0","30057","0"
"Meagher","0","1","Montana","5/21/20","1","0","30059","0"
"Missoula","0","39","Montana","5/21/20","39","0","30063","0"
"Musselshell","0","1","Montana","5/21/20","1","0","30065","0"
"Park","0","8","Montana","5/21/20","8","0","30067","0"
"Pondera","0","2","Montana","5/21/20","2","0","30073","0"
"Ravalli","1","13","Montana","5/21/20","5","8","30081","160"
"Richland","0","3","Montana","5/21/20","3","0","30083","0"
"Roosevelt","0","7","Montana","5/21/20","7","0","30085","0"
"Silver Bow","0","11","Montana","5/21/20","11","0","30093","0"
"Stillwater","0","1","Montana","5/21/20","1","0","30095","0"
"Toole","0","29","Montana","5/21/20","29","0","30101","0"
"Wheatland","0","1","Montana","5/21/20","1","0","30107","0"
"Yellowstone","1","88","Montana","5/21/20","83","5","30111","6.02"
"Adams","3","258","Nebraska","5/21/20","238","20","31001","8.4"
"Antelope","0","7","Nebraska","5/21/20","5","2","31003","40"
"Boone","0","3","Nebraska","5/21/20","3","0","31011","0"
"Box Butte","0","1","Nebraska","5/21/20","1","0","31013","0"
"Buffalo","1","136","Nebraska","5/21/20","130","6","31019","4.62"
"Burt","0","7","Nebraska","5/21/20","5","2","31021","40"
"Butler","1","37","Nebraska","5/21/20","27","10","31023","37.04"
"Cass","2","27","Nebraska","5/21/20","15","12","31025","80"
"Cedar","0","6","Nebraska","5/21/20","6","0","31027","0"
"Cherry","0","1","Nebraska","5/21/20","1","0","31031","0"
"Cheyenne","0","9","Nebraska","5/21/20","8","1","31033","12.5"
"Clay","1","20","Nebraska","5/21/20","14","6","31035","42.86"
"Colfax","15","573","Nebraska","5/21/20","467","106","31037","22.7"
"Cuming","2","26","Nebraska","5/21/20","15","11","31039","73.33"
"Custer","0","29","Nebraska","5/21/20","29","0","31041","0"
"Dakota","11","1489","Nebraska","5/21/20","1412","77","31043","5.45"
"Dawes","0","1","Nebraska","5/21/20","1","0","31045","0"
"Dawson","8","813","Nebraska","5/21/20","756","57","31047","7.54"
"Dixon","0","27","Nebraska","5/21/20","25","2","31051","8"
"Dodge","13","295","Nebraska","5/21/20","203","92","31053","45.32"
"Douglas","120","2798","Nebraska","5/21/20","1960","838","31055","42.76"
"Fillmore","0","5","Nebraska","5/21/20","4","1","31059","25"
"Franklin","0","6","Nebraska","5/21/20","5","1","31061","20"
"Frontier","0","1","Nebraska","5/21/20","1","0","31063","0"
"Furnas","0","6","Nebraska","5/21/20","4","2","31065","50"
"Gage","0","44","Nebraska","5/21/20","41","3","31067","7.32"
"Gosper","0","13","Nebraska","5/21/20","13","0","31073","0"
"Greeley","0","2","Nebraska","5/21/20","2","0","31077","0"
"Hall","9","1452","Nebraska","5/21/20","1392","60","31079","4.31"
"Hamilton","1","52","Nebraska","5/21/20","47","5","31081","10.64"
"Hitchcock","0","1","Nebraska","5/21/20","1","0","31087","0"
"Holt","0","1","Nebraska","5/21/20","1","0","31089","0"
"Howard","1","38","Nebraska","5/21/20","28","10","31093","35.71"
"Jefferson","0","6","Nebraska","5/21/20","5","1","31095","20"
"Johnson","0","7","Nebraska","5/21/20","5","2","31097","40"
"Kearney","0","11","Nebraska","5/21/20","10","1","31099","10"
"Keith","0","2","Nebraska","5/21/20","2","0","31101","0"
"Keya Paha","0","3","Nebraska","5/21/20","0","3","31103","1"
"Kimball","0","8","Nebraska","5/21/20","9","-1","31105","-11.11"
"Knox","0","8","Nebraska","5/21/20","6","2","31107","33.33"
"Lancaster","42","995","Nebraska","5/21/20","701","294","31109","41.94"
"Lincoln","1","48","Nebraska","5/21/20","40","8","31111","20"
"Madison","2","294","Nebraska","5/21/20","281","13","31119","4.63"
"Merrick","1","32","Nebraska","5/21/20","26","6","31121","23.08"
"Morrill","0","10","Nebraska","5/21/20","10","0","31123","0"
"Nance","0","5","Nebraska","5/21/20","4","1","31125","25"
"Nemaha","0","3","Nebraska","5/21/20","2","1","31127","50"
"Nuckolls","0","1","Nebraska","5/21/20","0","1","31129","1"
"Otoe","0","6","Nebraska","5/21/20","5","1","31131","20"
"Phelps","1","16","Nebraska","5/21/20","11","5","31137","45.45"
"Pierce","0","2","Nebraska","5/21/20","1","1","31139","100"
"Platte","15","515","Nebraska","5/21/20","407","108","31141","26.54"
"Polk","0","9","Nebraska","5/21/20","9","0","31143","0"
"Red Willow","0","5","Nebraska","5/21/20","5","0","31145","0"
"Richardson","0","1","Nebraska","5/21/20","1","0","31147","0"
"Saline","10","463","Nebraska","5/21/20","395","68","31151","17.22"
"Sarpy","16","404","Nebraska","5/21/20","291","113","31153","38.83"
"Saunders","1","22","Nebraska","5/21/20","15","7","31155","46.67"
"Scotts Bluff","1","58","Nebraska","5/21/20","48","10","31157","20.83"
"Seward","1","27","Nebraska","5/21/20","19","8","31159","42.11"
"Sherman","0","2","Nebraska","5/21/20","2","0","31163","0"
"Stanton","1","15","Nebraska","5/21/20","8","7","31167","87.5"
"Thomas","0","1","Nebraska","5/21/20","1","0","31171","0"
"Thurston","1","23","Nebraska","5/21/20","19","4","31173","21.05"
"Valley","0","3","Nebraska","5/21/20","3","0","31175","0"
"Washington","0","26","Nebraska","5/21/20","24","2","31177","8.33"
"Wayne","1","7","Nebraska","5/21/20","3","4","31179","133.33"
"Webster","0","5","Nebraska","5/21/20","5","0","31181","0"
"York","0","30","Nebraska","5/21/20","27","3","31185","11.11"
"Carson City","3","81","Nevada","5/21/20","63","18","32510","28.57"
"Churchill","0","6","Nevada","5/21/20","5","1","32001","20"
"Clark","98","5734","Nevada","5/21/20","5045","689","32003","13.66"
"Douglas","0","26","Nevada","5/21/20","24","2","32005","8.33"
"Elko","0","21","Nevada","5/21/20","18","3","32007","16.67"
"Humboldt","1","76","Nevada","5/21/20","71","5","32013","7.04"
"Lander","0","19","Nevada","5/21/20","19","0","32015","0"
"Lincoln","0","2","Nevada","5/21/20","2","0","32017","0"
"Lyon","1","51","Nevada","5/21/20","46","5","32019","10.87"
"Mineral","0","4","Nevada","5/21/20","4","0","32021","0"
"Nye","1","59","Nevada","5/21/20","49","10","32023","20.41"
"Storey","0","1","Nevada","5/21/20","1","0","32029","0"
"Washoe","23","1316","Nevada","5/21/20","1154","162","32031","14.04"
"White Pine","0","4","Nevada","5/21/20","3","1","32033","33.33"
"Belknap","1","54","New Hampshire","5/21/20","49","5","33001","10.2"
"Carroll","1","46","New Hampshire","5/21/20","39","7","33003","17.95"
"Cheshire","1","50","New Hampshire","5/21/20","45","5","33005","11.11"
"Coos","0","4","New Hampshire","5/21/20","2","2","33007","100"
"Grafton","1","66","New Hampshire","5/21/20","59","7","33009","11.86"
"Hillsborough","48","1963","New Hampshire","5/21/20","1624","339","33011","20.87"
"Merrimack","5","299","New Hampshire","5/21/20","261","38","33013","14.56"
"Rockingham","20","1179","New Hampshire","5/21/20","1040","139","33015","13.37"
"Strafford","4","243","New Hampshire","5/21/20","215","28","33017","13.02"
"Sullivan","0","16","New Hampshire","5/21/20","14","2","33019","14.29"
"Atlantic","35","1895","New Jersey","5/21/20","1649","246","34001","14.92"
"Bergen","72","17583","New Jersey","5/21/20","17080","503","34003","2.94"
"Burlington","45","4097","New Jersey","5/21/20","3782","315","34005","8.33"
"Camden","92","5818","New Jersey","5/21/20","5172","646","34007","12.49"
"Cape May","7","534","New Jersey","5/21/20","483","51","34009","10.56"
"Cumberland","57","1869","New Jersey","5/21/20","1471","398","34011","27.06"
"Essex","154","16980","New Jersey","5/21/20","15905","1075","34013","6.76"
"Gloucester","35","2002","New Jersey","5/21/20","1756","246","34015","14.01"
"Hudson","183","18880","New Jersey","5/21/20","17602","1278","34017","7.26"
"Hunterdon","23","925","New Jersey","5/21/20","764","161","34019","21.07"
"Mercer","85","6205","New Jersey","5/21/20","5612","593","34021","10.57"
"Middlesex","104","15057","New Jersey","5/21/20","14332","725","34023","5.06"
"Monmouth","68","7637","New Jersey","5/21/20","7164","473","34025","6.6"
"Morris","29","6155","New Jersey","5/21/20","5954","201","34027","3.38"
"Ocean","67","8214","New Jersey","5/21/20","7742","472","34029","6.1"
"Passaic","87","15497","New Jersey","5/21/20","14887","610","34031","4.1"
"Salem","7","484","New Jersey","5/21/20","438","46","34033","10.5"
"Somerset","33","4390","New Jersey","5/21/20","4159","231","34035","5.55"
"Sussex","4","1077","New Jersey","5/21/20","1046","31","34037","2.96"
"Union","113","15176","New Jersey","5/21/20","14385","791","34039","5.5"
"Warren","6","1111","New Jersey","5/21/20","1068","43","34041","4.03"
"Bernalillo","18","1273","New Mexico","5/21/20","1149","124","35001","10.79"
"Catron","0","2","New Mexico","5/21/20","2","0","35003","0"
"Chaves","1","34","New Mexico","5/21/20","30","4","35005","13.33"
"Cibola","2","113","New Mexico","5/21/20","100","13","35006","13"
"Colfax","0","5","New Mexico","5/21/20","5","0","35007","0"
"Curry","1","44","New Mexico","5/21/20","34","10","35009","29.41"
"Dona Ana","15","362","New Mexico","5/21/20","259","103","35013","39.77"
"Eddy","0","17","New Mexico","5/21/20","17","0","35015","0"
"Grant","0","16","New Mexico","5/21/20","16","0","35017","0"
"Guadalupe","0","19","New Mexico","5/21/20","17","2","35019","11.76"
"Harding","0","1","New Mexico","5/21/20","1","0","35021","0"
"Hidalgo","0","1","New Mexico","5/21/20","0","1","35023","1"
"Lea","1","21","New Mexico","5/21/20","15","6","35025","40"
"Lincoln","0","3","New Mexico","5/21/20","2","1","35027","50"
"Los Alamos","0","6","New Mexico","5/21/20","6","0","35028","0"
"Luna","0","8","New Mexico","5/21/20","8","0","35029","0"
"McKinley","45","2044","New Mexico","5/21/20","1730","314","35031","18.15"
"Otero","0","8","New Mexico","5/21/20","8","0","35035","0"
"Quay","0","5","New Mexico","5/21/20","5","0","35037","0"
"Rio Arriba","1","36","New Mexico","5/21/20","30","6","35039","20"
"Roosevelt","2","26","New Mexico","5/21/20","14","12","35041","85.71"
"San Juan","31","1451","New Mexico","5/21/20","1237","214","35045","17.3"
"San Miguel","0","10","New Mexico","5/21/20","7","3","35047","42.86"
"Sandoval","7","528","New Mexico","5/21/20","479","49","35043","10.23"
"Santa Fe","2","127","New Mexico","5/21/20","113","14","35049","12.39"
"Sierra","0","1","New Mexico","5/21/20","1","0","35051","0"
"Socorro","0","49","New Mexico","5/21/20","49","0","35053","0"
"Taos","0","22","New Mexico","5/21/20","22","0","35055","0"
"Torrance","0","19","New Mexico","5/21/20","18","1","35057","5.56"
"Union","0","3","New Mexico","5/21/20","3","0","35059","0"
"Valencia","1","69","New Mexico","5/21/20","60","9","35061","15"
"Albany","27","1700","New York","5/21/20","1509","191","36001","12.66"
"Allegany","0","44","New York","5/21/20","44","0","36003","0"
"Broome","10","451","New York","5/21/20","383","68","36007","17.75"
"Cattaraugus","1","71","New York","5/21/20","64","7","36009","10.94"
"Cayuga","2","72","New York","5/21/20","60","12","36011","20"
"Chautauqua","2","58","New York","5/21/20","44","14","36013","31.82"
"Chemung","0","134","New York","5/21/20","132","2","36015","1.52"
"Chenango","1","118","New York","5/21/20","112","6","36017","5.36"
"Clinton","2","94","New York","5/21/20","81","13","36019","16.05"
"Columbia","4","355","New York","5/21/20","327","28","36021","8.56"
"Cortland","0","36","New York","5/21/20","33","3","36023","9.09"
"Delaware","1","71","New York","5/21/20","67","4","36025","5.97"
"Dutchess","39","3745","New York","5/21/20","3474","271","36027","7.8"
"Erie","86","5270","New York","5/21/20","4671","599","36029","12.82"
"Essex","1","36","New York","5/21/20","32","4","36031","12.5"
"Franklin","0","19","New York","5/21/20","17","2","36033","11.76"
"Fulton","6","186","New York","5/21/20","144","42","36035","29.17"
"Genesee","2","188","New York","5/21/20","175","13","36037","7.43"
"Greene","1","215","New York","5/21/20","207","8","36039","3.86"
"Hamilton","0","5","New York","5/21/20","5","0","36041","0"
"Herkimer","1","93","New York","5/21/20","86","7","36043","8.14"
"Jefferson","0","71","New York","5/21/20","69","2","36045","2.9"
"Lewis","1","18","New York","5/21/20","12","6","36049","50"
"Livingston","1","114","New York","5/21/20","106","8","36051","7.55"
"Madison","6","294","New York","5/21/20","255","39","36053","15.29"
"Monroe","73","2530","New York","5/21/20","2019","511","36055","25.31"
"Montgomery","1","77","New York","5/21/20","69","8","36057","11.59"
"Nassau","106","39487","New York","5/21/20","38743","744","36059","1.92"
"New York","1019","195675","New York","5/21/20","188545","7130","36061","3.78"
"Niagara","24","880","New York","5/21/20","710","170","36063","23.94"
"Oneida","17","817","New York","5/21/20","698","119","36065","17.05"
"Onondaga","50","1771","New York","5/21/20","1423","348","36067","24.46"
"Ontario","7","176","New York","5/21/20","129","47","36069","36.43"
"Orange","46","10092","New York","5/21/20","9771","321","36071","3.29"
"Orleans","4","174","New York","5/21/20","145","29","36073","20"
"Oswego","2","92","New York","5/21/20","78","14","36075","17.95"
"Otsego","0","67","New York","5/21/20","67","0","36077","0"
"Putnam","9","1175","New York","5/21/20","1115","60","36079","5.38"
"Rensselaer","5","456","New York","5/21/20","423","33","36083","7.8"
"Rockland","40","12877","New York","5/21/20","12596","281","36087","2.23"
"Saratoga","4","440","New York","5/21/20","415","25","36091","6.02"
"Schenectady","6","638","New York","5/21/20","597","41","36093","6.87"
"Schoharie","0","49","New York","5/21/20","47","2","36095","4.26"
"Schuyler","0","10","New York","5/21/20","8","2","36097","25"
"Seneca","0","52","New York","5/21/20","49","3","36099","6.12"
"St. Lawrence","0","195","New York","5/21/20","192","3","36089","1.56"
"Steuben","1","238","New York","5/21/20","230","8","36101","3.48"
"Suffolk","144","38553","New York","5/21/20","37544","1009","36103","2.69"
"Sullivan","16","1281","New York","5/21/20","1168","113","36105","9.67"
"Tioga","1","117","New York","5/21/20","108","9","36107","8.33"
"Tompkins","1","145","New York","5/21/20","136","9","36109","6.62"
"Ulster","13","1584","New York","5/21/20","1495","89","36111","5.95"
"Warren","2","241","New York","5/21/20","227","14","36113","6.17"
"Washington","1","222","New York","5/21/20","215","7","36115","3.26"
"Wayne","2","103","New York","5/21/20","89","14","36117","15.73"
"Westchester","126","32673","New York","5/21/20","31792","881","36119","2.77"
"Wyoming","0","79","New York","5/21/20","77","2","36121","2.6"
"Yates","2","34","New York","5/21/20","22","12","36123","54.55"
"Alamance","5","234","North Carolina","5/21/20","196","38","37001","19.39"
"Alexander","1","23","North Carolina","5/21/20","15","8","37003","53.33"
"Alleghany","0","12","North Carolina","5/21/20","10","2","37005","20"
"Anson","1","50","North Carolina","5/21/20","41","9","37007","21.95"
"Ashe","2","28","North Carolina","5/21/20","17","11","37009","64.71"
"Avery","0","1","North Carolina","5/21/20","0","1","37011","1"
"Beaufort","1","33","North Carolina","5/21/20","27","6","37013","22.22"
"Bertie","3","98","North Carolina","5/21/20","74","24","37015","32.43"
"Bladen","2","81","North Carolina","5/21/20","66","15","37017","22.73"
"Brunswick","2","62","North Carolina","5/21/20","51","11","37019","21.57"
"Buncombe","10","183","North Carolina","5/21/20","116","67","37021","57.76"
"Burke","5","210","North Carolina","5/21/20","175","35","37023","20"
"Cabarrus","4","400","North Carolina","5/21/20","371","29","37025","7.82"
"Caldwell","2","92","North Carolina","5/21/20","75","17","37027","22.67"
"Camden","0","3","North Carolina","5/21/20","2","1","37029","50"
"Carteret","0","36","North Carolina","5/21/20","36","0","37031","0"
"Caswell","0","45","North Carolina","5/21/20","42","3","37033","7.14"
"Catawba","4","121","North Carolina","5/21/20","96","25","37035","26.04"
"Chatham","8","543","North Carolina","5/21/20","490","53","37037","10.82"
"Cherokee","0","30","North Carolina","5/21/20","27","3","37039","11.11"
"Chowan","0","15","North Carolina","5/21/20","12","3","37041","25"
"Clay","0","8","North Carolina","5/21/20","8","0","37043","0"
"Cleveland","1","60","North Carolina","5/21/20","53","7","37045","13.21"
"Columbus","4","259","North Carolina","5/21/20","229","30","37047","13.1"
"Craven","8","135","North Carolina","5/21/20","79","56","37049","70.89"
"Cumberland","15","529","North Carolina","5/21/20","426","103","37051","24.18"
"Currituck","0","11","North Carolina","5/21/20","11","0","37053","0"
"Dare","0","22","North Carolina","5/21/20","21","1","37055","4.76"
"Davidson","10","323","North Carolina","5/21/20","256","67","37057","26.17"
"Davie","2","55","North Carolina","5/21/20","41","14","37059","34.15"
"Duplin","24","470","North Carolina","5/21/20","305","165","37061","54.1"
"Durham","26","1131","North Carolina","5/21/20","949","182","37063","19.18"
"Edgecombe","2","174","North Carolina","5/21/20","161","13","37065","8.07"
"Forsyth","31","773","North Carolina","5/21/20","555","218","37067","39.28"
"Franklin","1","131","North Carolina","5/21/20","121","10","37069","8.26"
"Gaston","3","220","North Carolina","5/21/20","201","19","37071","9.45"
"Gates","0","14","North Carolina","5/21/20","12","2","37073","16.67"
"Graham","0","2","North Carolina","5/21/20","2","0","37075","0"
"Granville","5","215","North Carolina","5/21/20","181","34","37077","18.78"
"Greene","2","51","North Carolina","5/21/20","40","11","37079","27.5"
"Guilford","30","931","North Carolina","5/21/20","720","211","37081","29.31"
"Halifax","3","125","North Carolina","5/21/20","107","18","37083","16.82"
"Harnett","3","255","North Carolina","5/21/20","235","20","37085","8.51"
"Haywood","1","28","North Carolina","5/21/20","19","9","37087","47.37"
"Henderson","5","299","North Carolina","5/21/20","262","37","37089","14.12"
"Hertford","1","60","North Carolina","5/21/20","51","9","37091","17.65"
"Hoke","5","166","North Carolina","5/21/20","134","32","37093","23.88"
"Hyde","0","1","North Carolina","5/21/20","1","0","37095","0"
"Iredell","5","203","North Carolina","5/21/20","168","35","37097","20.83"
"Jackson","1","27","North Carolina","5/21/20","23","4","37099","17.39"
"Johnston","7","276","North Carolina","5/21/20","228","48","37101","21.05"
"Jones","0","23","North Carolina","5/21/20","21","2","37103","9.52"
"Lee","6","343","North Carolina","5/21/20","299","44","37105","14.72"
"Lenoir","4","168","North Carolina","5/21/20","141","27","37107","19.15"
"Lincoln","1","52","North Carolina","5/21/20","44","8","37109","18.18"
"Macon","0","5","North Carolina","5/21/20","3","2","37113","66.67"
"Madison","0","2","North Carolina","5/21/20","1","1","37115","100"
"Martin","1","39","North Carolina","5/21/20","34","5","37117","14.71"
"McDowell","0","33","North Carolina","5/21/20","30","3","37111","10"
"Mecklenburg","63","2780","North Carolina","5/21/20","2342","438","37119","18.7"
"Mitchell","0","8","North Carolina","5/21/20","5","3","37121","60"
"Montgomery","3","68","North Carolina","5/21/20","47","21","37123","44.68"
"Moore","3","183","North Carolina","5/21/20","164","19","37125","11.59"
"Nash","2","163","North Carolina","5/21/20","146","17","37127","11.64"
"New Hanover","3","146","North Carolina","5/21/20","124","22","37129","17.74"
"Northampton","0","131","North Carolina","5/21/20","128","3","37131","2.34"
"Onslow","2","80","North Carolina","5/21/20","63","17","37133","26.98"
"Orange","4","289","North Carolina","5/21/20","263","26","37135","9.89"
"Pamlico","0","9","North Carolina","5/21/20","8","1","37137","12.5"
"Pasquotank","1","90","North Carolina","5/21/20","81","9","37139","11.11"
"Pender","1","50","North Carolina","5/21/20","43","7","37141","16.28"
"Perquimans","0","23","North Carolina","5/21/20","20","3","37143","15"
"Person","0","34","North Carolina","5/21/20","32","2","37145","6.25"
"Pitt","6","228","North Carolina","5/21/20","185","43","37147","23.24"
"Polk","0","35","North Carolina","5/21/20","32","3","37149","9.38"
"Randolph","13","495","North Carolina","5/21/20","407","88","37151","21.62"
"Richmond","3","121","North Carolina","5/21/20","103","18","37153","17.48"
"Robeson","16","628","North Carolina","5/21/20","519","109","37155","21"
"Rockingham","1","49","North Carolina","5/21/20","44","5","37157","11.36"
"Rowan","9","570","North Carolina","5/21/20","510","60","37159","11.76"
"Rutherford","0","156","North Carolina","5/21/20","154","2","37161","1.3"
"Sampson","13","302","North Carolina","5/21/20","211","91","37163","43.13"
"Scotland","1","56","North Carolina","5/21/20","46","10","37165","21.74"
"Stanly","0","33","North Carolina","5/21/20","32","1","37167","3.12"
"Stokes","2","39","North Carolina","5/21/20","22","17","37169","77.27"
"Surry","6","102","North Carolina","5/21/20","62","40","37171","64.52"
"Swain","0","6","North Carolina","5/21/20","5","1","37173","20"
"Transylvania","0","8","North Carolina","5/21/20","7","1","37175","14.29"
"Tyrrell","0","4","North Carolina","5/21/20","4","0","37177","0"
"Union","7","371","North Carolina","5/21/20","320","51","37179","15.94"
"Vance","4","202","North Carolina","5/21/20","175","27","37181","15.43"
"Wake","28","1326","North Carolina","5/21/20","1132","194","37183","17.14"
"Warren","2","36","North Carolina","5/21/20","25","11","37185","44"
"Washington","0","26","North Carolina","5/21/20","26","0","37187","0"
"Watauga","0","12","North Carolina","5/21/20","9","3","37189","33.33"
"Wayne","16","888","North Carolina","5/21/20","775","113","37191","14.58"
"Wilkes","25","451","North Carolina","5/21/20","277","174","37193","62.82"
"Wilson","6","261","North Carolina","5/21/20","221","40","37195","18.1"
"Yadkin","6","124","North Carolina","5/21/20","80","44","37197","55"
"Yancey","0","10","North Carolina","5/21/20","8","2","37199","25"
"Barnes","0","4","North Dakota","5/21/20","4","0","38003","0"
"Benson","0","1","North Dakota","5/21/20","1","0","38005","0"
"Bottineau","0","2","North Dakota","5/21/20","0","2","38009","1"
"Bowman","0","1","North Dakota","5/21/20","1","0","38011","0"
"Burke","0","5","North Dakota","5/21/20","5","0","38013","0"
"Burleigh","3","126","North Dakota","5/21/20","107","19","38015","17.76"
"Cass","54","1370","North Dakota","5/21/20","991","379","38017","38.24"
"Divide","0","1","North Dakota","5/21/20","1","0","38023","0"
"Dunn","0","12","North Dakota","5/21/20","11","1","38025","9.09"
"Eddy","0","2","North Dakota","5/21/20","2","0","38027","0"
"Emmons","1","5","North Dakota","5/21/20","1","4","38029","400"
"Foster","0","1","North Dakota","5/21/20","1","0","38031","0"
"Grand Forks","2","320","North Dakota","5/21/20","304","16","38035","5.26"
"Grant","0","2","North Dakota","5/21/20","2","0","38037","0"
"McHenry","0","2","North Dakota","5/21/20","2","0","38049","0"
"McIntosh","0","1","North Dakota","5/21/20","1","0","38051","0"
"McKenzie","0","16","North Dakota","5/21/20","15","1","38053","6.67"
"McLean","0","7","North Dakota","5/21/20","5","2","38055","40"
"Mercer","0","5","North Dakota","5/21/20","4","1","38057","25"
"Morton","4","64","North Dakota","5/21/20","37","27","38059","72.97"
"Mountrail","0","39","North Dakota","5/21/20","38","1","38061","2.63"
"Nelson","0","2","North Dakota","5/21/20","1","1","38063","100"
"Oliver","0","1","North Dakota","5/21/20","1","0","38065","0"
"Pembina","0","6","North Dakota","5/21/20","6","0","38067","0"
"Pierce","0","4","North Dakota","5/21/20","3","1","38069","33.33"
"Ramsey","0","9","North Dakota","5/21/20","7","2","38071","28.57"
"Ransom","1","7","North Dakota","5/21/20","3","4","38073","133.33"
"Renville","0","1","North Dakota","5/21/20","1","0","38075","0"
"Richland","1","14","North Dakota","5/21/20","9","5","38077","55.56"
"Rolette","0","4","North Dakota","5/21/20","3","1","38079","33.33"
"Sargent","0","3","North Dakota","5/21/20","3","0","38081","0"
"Sioux","0","2","North Dakota","5/21/20","1","1","38085","100"
"Slope","0","3","North Dakota","5/21/20","3","0","38087","0"
"Stark","0","61","North Dakota","5/21/20","61","0","38089","0"
"Steele","0","1","North Dakota","5/21/20","0","1","38091","1"
"Stutsman","0","17","North Dakota","5/21/20","16","1","38093","6.25"
"Traill","3","20","North Dakota","5/21/20","1","19","38097","1900"
"Walsh","0","11","North Dakota","5/21/20","9","2","38099","22.22"
"Ward","4","53","North Dakota","5/21/20","28","25","38101","89.29"
"Wells","0","2","North Dakota","5/21/20","2","0","38103","0"
"Williams","0","22","North Dakota","5/21/20","21","1","38105","4.76"
"","0","22","Northern Mariana Islands","5/21/20","19","3",,"15.79"
"Adams","0","8","Ohio","5/21/20","7","1","39001","14.29"
"Allen","2","176","Ohio","5/21/20","164","12","39003","7.32"
"Ashland","0","17","Ohio","5/21/20","15","2","39005","13.33"
"Ashtabula","7","263","Ohio","5/21/20","212","51","39007","24.06"
"Athens","1","13","Ohio","5/21/20","6","7","39009","116.67"
"Auglaize","1","55","Ohio","5/21/20","51","4","39011","7.84"
"Belmont","9","362","Ohio","5/21/20","296","66","39013","22.3"
"Brown","0","23","Ohio","5/21/20","21","2","39015","9.52"
"Butler","22","699","Ohio","5/21/20","542","157","39017","28.97"
"Carroll","0","26","Ohio","5/21/20","24","2","39019","8.33"
"Champaign","1","25","Ohio","5/21/20","20","5","39021","25"
"Clark","8","178","Ohio","5/21/20","122","56","39023","45.9"
"Clermont","4","167","Ohio","5/21/20","136","31","39025","22.79"
"Clinton","1","43","Ohio","5/21/20","37","6","39027","16.22"
"Columbiana","14","467","Ohio","5/21/20","367","100","39029","27.25"
"Coshocton","0","22","Ohio","5/21/20","19","3","39031","15.79"
"Crawford","2","103","Ohio","5/21/20","89","14","39033","15.73"
"Cuyahoga","86","3667","Ohio","5/21/20","3066","601","39035","19.6"
"Darke","7","142","Ohio","5/21/20","95","47","39037","49.47"
"Defiance","1","30","Ohio","5/21/20","25","5","39039","20"
"Delaware","6","280","Ohio","5/21/20","240","40","39041","16.67"
"Erie","6","131","Ohio","5/21/20","86","45","39043","52.33"
"Fairfield","3","222","Ohio","5/21/20","198","24","39045","12.12"
"Fayette","1","33","Ohio","5/21/20","23","10","39047","43.48"
"Franklin","94","4885","Ohio","5/21/20","4227","658","39049","15.57"
"Fulton","0","35","Ohio","5/21/20","32","3","39051","9.38"
"Gallia","0","7","Ohio","5/21/20","6","1","39053","16.67"
"Geauga","5","241","Ohio","5/21/20","206","35","39055","16.99"
"Greene","2","86","Ohio","5/21/20","70","16","39057","22.86"
"Guernsey","1","29","Ohio","5/21/20","22","7","39059","31.82"
"Hamilton","43","2228","Ohio","5/21/20","1927","301","39061","15.62"
"Hancock","1","47","Ohio","5/21/20","42","5","39063","11.9"
"Hardin","0","33","Ohio","5/21/20","30","3","39065","10"
"Harrison","0","10","Ohio","5/21/20","8","2","39067","25"
"Henry","0","13","Ohio","5/21/20","10","3","39069","30"
"Highland","0","16","Ohio","5/21/20","14","2","39071","14.29"
"Hocking","5","63","Ohio","5/21/20","29","34","39073","117.24"
"Holmes","1","15","Ohio","5/21/20","10","5","39075","50"
"Huron","1","46","Ohio","5/21/20","40","6","39077","15"
"Jackson","0","11","Ohio","5/21/20","9","2","39079","22.22"
"Jefferson","1","62","Ohio","5/21/20","58","4","39081","6.9"
"Knox","0","23","Ohio","5/21/20","20","3","39083","15"
"Lake","5","246","Ohio","5/21/20","210","36","39085","17.14"
"Lawrence","0","27","Ohio","5/21/20","27","0","39087","0"
"Licking","3","199","Ohio","5/21/20","180","19","39089","10.56"
"Logan","1","32","Ohio","5/21/20","23","9","39091","39.13"
"Lorain","7","624","Ohio","5/21/20","576","48","39093","8.33"
"Lucas","25","2056","Ohio","5/21/20","1883","173","39095","9.19"
"Madison","2","105","Ohio","5/21/20","93","12","39097","12.9"
"Mahoning","15","1277","Ohio","5/21/20","1174","103","39099","8.77"
"Marion","18","2557","Ohio","5/21/20","2431","126","39101","5.18"
"Medina","5","245","Ohio","5/21/20","207","38","39103","18.36"
"Meigs","0","4","Ohio","5/21/20","3","1","39105","33.33"
"Mercer","8","163","Ohio","5/21/20","109","54","39107","49.54"
"Miami","3","337","Ohio","5/21/20","317","20","39109","6.31"
"Monroe","5","65","Ohio","5/21/20","28","37","39111","132.14"
"Montgomery","12","554","Ohio","5/21/20","468","86","39113","18.38"
"Morgan","0","5","Ohio","5/21/20","5","0","39115","0"
"Morrow","2","104","Ohio","5/21/20","93","11","39117","11.83"
"Muskingum","2","42","Ohio","5/21/20","31","11","39119","35.48"
"Noble","0","5","Ohio","5/21/20","5","0","39121","0"
"Ottawa","1","66","Ohio","5/21/20","56","10","39123","17.86"
"Paulding","0","12","Ohio","5/21/20","10","2","39125","20"
"Perry","0","16","Ohio","5/21/20","15","1","39127","6.67"
"Pickaway","6","2031","Ohio","5/21/20","1990","41","39129","2.06"
"Pike","0","6","Ohio","5/21/20","5","1","39131","20"
"Portage","3","303","Ohio","5/21/20","284","19","39133","6.69"
"Preble","0","30","Ohio","5/21/20","28","2","39135","7.14"
"Putnam","1","84","Ohio","5/21/20","77","7","39137","9.09"
"Richland","4","170","Ohio","5/21/20","143","27","39139","18.88"
"Ross","1","60","Ohio","5/21/20","56","4","39141","7.14"
"Sandusky","1","63","Ohio","5/21/20","54","9","39143","16.67"
"Scioto","0","14","Ohio","5/21/20","13","1","39145","7.69"
"Seneca","0","16","Ohio","5/21/20","15","1","39147","6.67"
"Shelby","0","35","Ohio","5/21/20","34","1","39149","2.94"
"Stark","15","642","Ohio","5/21/20","538","104","39151","19.33"
"Summit","24","1141","Ohio","5/21/20","976","165","39153","16.91"
"Trumbull","10","499","Ohio","5/21/20","432","67","39155","15.51"
"Tuscarawas","8","293","Ohio","5/21/20","235","58","39157","24.68"
"Union","2","40","Ohio","5/21/20","28","12","39159","42.86"
"Van Wert","0","5","Ohio","5/21/20","3","2","39161","66.67"
"Vinton","0","17","Ohio","5/21/20","15","2","39163","13.33"
"Warren","8","309","Ohio","5/21/20","252","57","39165","22.62"
"Washington","0","116","Ohio","5/21/20","116","0","39167","0"
"Wayne","2","211","Ohio","5/21/20","194","17","39169","8.76"
"Williams","0","47","Ohio","5/21/20","44","3","39171","6.82"
"Wood","4","259","Ohio","5/21/20","233","26","39173","11.16"
"Wyandot","1","33","Ohio","5/21/20","27","6","39175","22.22"
"Adair","1","78","Oklahoma","5/21/20","74","4","40001","5.41"
"Alfalfa","0","1","Oklahoma","5/21/20","1","0","40003","0"
"Atoka","0","1","Oklahoma","5/21/20","1","0","40005","0"
"Beaver","1","24","Oklahoma","5/21/20","20","4","40007","20"
"Beckham","0","6","Oklahoma","5/21/20","6","0","40009","0"
"Blaine","0","4","Oklahoma","5/21/20","1","3","40011","300"
"Bryan","1","19","Oklahoma","5/21/20","12","7","40013","58.33"
"Caddo","3","132","Oklahoma","5/21/20","110","22","40015","20"
"Canadian","1","122","Oklahoma","5/21/20","116","6","40017","5.17"
"Carter","1","16","Oklahoma","5/21/20","7","9","40019","128.57"
"Cherokee","0","28","Oklahoma","5/21/20","29","-1","40021","-3.45"
"Choctaw","1","12","Oklahoma","5/21/20","3","9","40023","300"
"Cimarron","0","1","Oklahoma","5/21/20","1","0","40025","0"
"Cleveland","3","482","Oklahoma","5/21/20","458","24","40027","5.24"
"Coal","0","1","Oklahoma","5/21/20","0","1","40029","1"
"Comanche","5","235","Oklahoma","5/21/20","197","38","40031","19.29"
"Cotton","0","5","Oklahoma","5/21/20","5","0","40033","0"
"Craig","0","15","Oklahoma","5/21/20","13","2","40035","15.38"
"Creek","1","87","Oklahoma","5/21/20","83","4","40037","4.82"
"Custer","0","12","Oklahoma","5/21/20","12","0","40039","0"
"Delaware","1","97","Oklahoma","5/21/20","93","4","40041","4.3"
"Dewey","0","3","Oklahoma","5/21/20","2","1","40043","50"
"Garfield","0","24","Oklahoma","5/21/20","22","2","40047","9.09"
"Garvin","0","15","Oklahoma","5/21/20","15","0","40049","0"
"Grady","2","71","Oklahoma","5/21/20","58","13","40051","22.41"
"Grant","0","2","Oklahoma","5/21/20","2","0","40053","0"
"Greer","0","66","Oklahoma","5/21/20","66","0","40055","0"
"Harper","0","1","Oklahoma","5/21/20","1","0","40059","0"
"Haskell","0","6","Oklahoma","5/21/20","5","1","40061","20"
"Jackson","0","21","Oklahoma","5/21/20","21","0","40065","0"
"Jefferson","0","3","Oklahoma","5/21/20","3","0","40067","0"
"Johnston","0","3","Oklahoma","5/21/20","3","0","40069","0"
"Kay","0","51","Oklahoma","5/21/20","49","2","40071","4.08"
"Kingfisher","0","10","Oklahoma","5/21/20","10","0","40073","0"
"Kiowa","0","6","Oklahoma","5/21/20","6","0","40075","0"
"Latimer","0","5","Oklahoma","5/21/20","5","0","40077","0"
"Le Flore","0","13","Oklahoma","5/21/20","14","-1","40079","-7.14"
"Lincoln","1","21","Oklahoma","5/21/20","17","4","40081","23.53"
"Logan","0","18","Oklahoma","5/21/20","18","0","40083","0"
"Love","0","4","Oklahoma","5/21/20","3","1","40085","33.33"
"Major","0","6","Oklahoma","5/21/20","6","0","40093","0"
"Marshall","1","7","Oklahoma","5/21/20","2","5","40095","250"
"Mayes","0","28","Oklahoma","5/21/20","26","2","40097","7.69"
"McClain","1","95","Oklahoma","5/21/20","86","9","40087","10.47"
"McCurtain","1","13","Oklahoma","5/21/20","9","4","40089","44.44"
"McIntosh","1","11","Oklahoma","5/21/20","5","6","40091","120"
"Murray","0","2","Oklahoma","5/21/20","2","0","40099","0"
"Muskogee","0","32","Oklahoma","5/21/20","30","2","40101","6.67"
"Noble","0","7","Oklahoma","5/21/20","7","0","40103","0"
"Nowata","0","23","Oklahoma","5/21/20","23","0","40105","0"
"Okfuskee","0","3","Oklahoma","5/21/20","2","1","40107","50"
"Oklahoma","14","1109","Oklahoma","5/21/20","1013","96","40109","9.48"
"Okmulgee","1","21","Oklahoma","5/21/20","16","5","40111","31.25"
"Osage","0","92","Oklahoma","5/21/20","90","2","40113","2.22"
"Ottawa","0","35","Oklahoma","5/21/20","34","1","40115","2.94"
"Pawnee","0","29","Oklahoma","5/21/20","29","0","40117","0"
"Payne","0","45","Oklahoma","5/21/20","44","1","40119","2.27"
"Pittsburg","0","40","Oklahoma","5/21/20","39","1","40121","2.56"
"Pontotoc","0","11","Oklahoma","5/21/20","10","1","40123","10"
"Pottawatomie","0","56","Oklahoma","5/21/20","55","1","40125","1.82"
"Pushmataha","0","2","Oklahoma","5/21/20","1","1","40127","100"
"Rogers","0","73","Oklahoma","5/21/20","72","1","40131","1.39"
"Seminole","0","21","Oklahoma","5/21/20","21","0","40133","0"
"Sequoyah","0","14","Oklahoma","5/21/20","14","0","40135","0"
"Stephens","2","36","Oklahoma","5/21/20","22","14","40137","63.64"
"Texas","40","820","Oklahoma","5/21/20","541","279","40139","51.57"
"Tillman","0","22","Oklahoma","5/21/20","21","1","40141","4.76"
"Tulsa","16","852","Oklahoma","5/21/20","743","109","40143","14.67"
"Wagoner","1","140","Oklahoma","5/21/20","131","9","40145","6.87"
"Washington","1","307","Oklahoma","5/21/20","301","6","40147","1.99"
"Washita","0","1","Oklahoma","5/21/20","1","0","40149","0"
"Woods","0","3","Oklahoma","5/21/20","3","0","40151","0"
"Woodward","0","3","Oklahoma","5/21/20","1","2","40153","200"
"Baker","0","1","Oregon","5/21/20","1","0","41001","0"
"Benton","1","55","Oregon","5/21/20","50","5","41003","10"
"Clackamas","2","284","Oregon","5/21/20","271","13","41005","4.8"
"Clatsop","1","42","Oregon","5/21/20","36","6","41007","16.67"
"Columbia","0","16","Oregon","5/21/20","16","0","41009","0"
"Coos","0","31","Oregon","5/21/20","30","1","41011","3.33"
"Crook","0","1","Oregon","5/21/20","1","0","41013","0"
"Curry","0","5","Oregon","5/21/20","4","1","41015","25"
"Deschutes","4","117","Oregon","5/21/20","91","26","41017","28.57"
"Douglas","0","25","Oregon","5/21/20","24","1","41019","4.17"
"Grant","0","1","Oregon","5/21/20","1","0","41023","0"
"Harney","0","1","Oregon","5/21/20","1","0","41025","0"
"Hood River","0","12","Oregon","5/21/20","14","-2","41027","-14.29"
"Jackson","0","52","Oregon","5/21/20","50","2","41029","4"
"Jefferson","0","25","Oregon","5/21/20","24","1","41031","4.17"
"Josephine","0","25","Oregon","5/21/20","25","0","41033","0"
"Klamath","0","41","Oregon","5/21/20","41","0","41035","0"
"Lane","1","66","Oregon","5/21/20","61","5","41039","8.2"
"Lincoln","0","8","Oregon","5/21/20","6","2","41041","33.33"
"Linn","0","110","Oregon","5/21/20","107","3","41043","2.8"
"Malheur","1","24","Oregon","5/21/20","16","8","41045","50"
"Marion","15","882","Oregon","5/21/20","779","103","41047","13.22"
"Morrow","0","12","Oregon","5/21/20","12","0","41049","0"
"Multnomah","12","1026","Oregon","5/21/20","940","86","41051","9.15"
"Polk","0","94","Oregon","5/21/20","91","3","41053","3.3"
"Sherman","0","1","Oregon","5/21/20","1","0","41055","0"
"Tillamook","0","6","Oregon","5/21/20","6","0","41057","0"
"Umatilla","3","107","Oregon","5/21/20","88","19","41059","21.59"
"Union","0","6","Oregon","5/21/20","4","2","41061","50"
"Wallowa","0","1","Oregon","5/21/20","1","0","41063","0"
"Wasco","0","18","Oregon","5/21/20","16","2","41065","12.5"
"Washington","6","659","Oregon","5/21/20","616","43","41067","6.98"
"Yamhill","1","63","Oregon","5/21/20","55","8","41071","14.55"
"Adams","4","204","Pennsylvania","5/21/20","174","30","42001","17.24"
"Allegheny","24","1718","Pennsylvania","5/21/20","1551","167","42003","10.77"
"Armstrong","0","58","Pennsylvania","5/21/20","56","2","42005","3.57"
"Beaver","4","539","Pennsylvania","5/21/20","512","27","42007","5.27"
"Bedford","1","36","Pennsylvania","5/21/20","30","6","42009","20"
"Berks","36","3784","Pennsylvania","5/21/20","3530","254","42011","7.2"
"Blair","2","44","Pennsylvania","5/21/20","32","12","42013","37.5"
"Bradford","0","43","Pennsylvania","5/21/20","41","2","42015","4.88"
"Bucks","68","4726","Pennsylvania","5/21/20","4248","478","42017","11.25"
"Butler","1","209","Pennsylvania","5/21/20","199","10","42019","5.03"
"Cambria","1","55","Pennsylvania","5/21/20","45","10","42021","22.22"
"Cameron","0","2","Pennsylvania","5/21/20","2","0","42023","0"
"Carbon","2","221","Pennsylvania","5/21/20","206","15","42025","7.28"
"Centre","1","136","Pennsylvania","5/21/20","128","8","42027","6.25"
"Chester","37","2267","Pennsylvania","5/21/20","2008","259","42029","12.9"
"Clarion","0","25","Pennsylvania","5/21/20","24","1","42031","4.17"
"Clearfield","0","33","Pennsylvania","5/21/20","33","0","42033","0"
"Clinton","1","48","Pennsylvania","5/21/20","43","5","42035","11.63"
"Columbia","1","342","Pennsylvania","5/21/20","333","9","42037","2.7"
"Crawford","0","21","Pennsylvania","5/21/20","21","0","42039","0"
"Cumberland","13","565","Pennsylvania","5/21/20","477","88","42041","18.45"
"Dauphin","20","1034","Pennsylvania","5/21/20","895","139","42043","15.53"
"Delaware","102","5969","Pennsylvania","5/21/20","5252","717","42045","13.65"
"Elk","0","6","Pennsylvania","5/21/20","6","0","42047","0"
"Erie","7","177","Pennsylvania","5/21/20","127","50","42049","39.37"
"Fayette","1","93","Pennsylvania","5/21/20","87","6","42051","6.9"
"Forest","0","7","Pennsylvania","5/21/20","7","0","42053","0"
"Franklin","16","677","Pennsylvania","5/21/20","563","114","42055","20.25"
"Fulton","0","14","Pennsylvania","5/21/20","11","3","42057","27.27"
"Greene","0","27","Pennsylvania","5/21/20","27","0","42059","0"
"Huntingdon","3","221","Pennsylvania","5/21/20","200","21","42061","10.5"
"Indiana","1","88","Pennsylvania","5/21/20","82","6","42063","7.32"
"Jefferson","0","7","Pennsylvania","5/21/20","7","0","42065","0"
"Juniata","0","94","Pennsylvania","5/21/20","94","0","42067","0"
"Lackawanna","25","1432","Pennsylvania","5/21/20","1256","176","42069","14.01"
"Lancaster","47","2690","Pennsylvania","5/21/20","2364","326","42071","13.79"
"Lawrence","0","73","Pennsylvania","5/21/20","71","2","42073","2.82"
"Lebanon","4","887","Pennsylvania","5/21/20","856","31","42075","3.62"
"Lehigh","30","3586","Pennsylvania","5/21/20","3378","208","42077","6.16"
"Luzerne","17","2594","Pennsylvania","5/21/20","2477","117","42079","4.72"
"Lycoming","2","152","Pennsylvania","5/21/20","139","13","42081","9.35"
"McKean","0","11","Pennsylvania","5/21/20","8","3","42083","37.5"
"Mercer","2","97","Pennsylvania","5/21/20","81","16","42085","19.75"
"Mifflin","0","57","Pennsylvania","5/21/20","54","3","42087","5.56"
"Monroe","7","1291","Pennsylvania","5/21/20","1240","51","42089","4.11"
"Montgomery","98","6268","Pennsylvania","5/21/20","5583","685","42091","12.27"
"Montour","0","51","Pennsylvania","5/21/20","50","1","42093","2"
"Northampton","35","2814","Pennsylvania","5/21/20","2566","248","42095","9.66"
"Northumberland","3","150","Pennsylvania","5/21/20","132","18","42097","13.64"
"Perry","1","43","Pennsylvania","5/21/20","36","7","42099","19.44"
"Philadelphia","230","20700","Pennsylvania","5/21/20","19093","1607","42101","8.42"
"Pike","3","473","Pennsylvania","5/21/20","454","19","42103","4.19"
"Potter","0","4","Pennsylvania","5/21/20","4","0","42105","0"
"Schuylkill","8","548","Pennsylvania","5/21/20","490","58","42107","11.84"
"Snyder","0","33","Pennsylvania","5/21/20","33","0","42109","0"
"Somerset","1","37","Pennsylvania","5/21/20","32","5","42111","15.62"
"Sullivan","0","2","Pennsylvania","5/21/20","1","1","42113","100"
"Susquehanna","1","90","Pennsylvania","5/21/20","82","8","42115","9.76"
"Tioga","0","16","Pennsylvania","5/21/20","16","0","42117","0"
"Union","3","61","Pennsylvania","5/21/20","43","18","42119","41.86"
"Venango","0","8","Pennsylvania","5/21/20","7","1","42121","14.29"
"Warren","0","3","Pennsylvania","5/21/20","2","1","42123","50"
"Washington","0","130","Pennsylvania","5/21/20","129","1","42125","0.78"
"Wayne","1","112","Pennsylvania","5/21/20","107","5","42127","4.67"
"Westmoreland","2","434","Pennsylvania","5/21/20","422","12","42129","2.84"
"Wyoming","0","32","Pennsylvania","5/21/20","31","1","42131","3.23"
"York","9","883","Pennsylvania","5/21/20","817","66","42133","8.08"
"","69","2913","Puerto Rico","5/21/20","2427","486",,"20.02"
"Bristol","5","204","Rhode Island","5/21/20","172","32","44001","18.6"
"Kent","13","974","Rhode Island","5/21/20","883","91","44003","10.31"
"Newport","2","209","Rhode Island","5/21/20","197","12","44005","6.09"
"Providence","150","10160","Rhode Island","5/21/20","9112","1048","44007","11.5"
"Washington","7","471","Rhode Island","5/21/20","425","46","44009","10.82"
"Abbeville","0","36","South Carolina","5/21/20","34","2","45001","5.88"
"Aiken","4","161","South Carolina","5/21/20","135","26","45003","19.26"
"Allendale","1","34","South Carolina","5/21/20","29","5","45005","17.24"
"Anderson","2","217","South Carolina","5/21/20","201","16","45007","7.96"
"Bamberg","1","20","South Carolina","5/21/20","16","4","45009","25"
"Barnwell","1","41","South Carolina","5/21/20","36","5","45011","13.89"
"Beaufort","3","306","South Carolina","5/21/20","284","22","45013","7.75"
"Berkeley","1","209","South Carolina","5/21/20","199","10","45015","5.03"
"Calhoun","0","9","South Carolina","5/21/20","9","0","45017","0"
"Charleston","5","523","South Carolina","5/21/20","491","32","45019","6.52"
"Cherokee","0","25","South Carolina","5/21/20","22","3","45021","13.64"
"Chester","0","41","South Carolina","5/21/20","39","2","45023","5.13"
"Chesterfield","3","108","South Carolina","5/21/20","90","18","45025","20"
"Clarendon","3","290","South Carolina","5/21/20","266","24","45027","9.02"
"Colleton","3","63","South Carolina","5/21/20","41","22","45029","53.66"
"Darlington","8","240","South Carolina","5/21/20","181","59","45031","32.6"
"Dillon","4","138","South Carolina","5/21/20","113","25","45033","22.12"
"Dorchester","1","120","South Carolina","5/21/20","110","10","45035","9.09"
"Edgefield","1","46","South Carolina","5/21/20","41","5","45037","12.2"
"Fairfield","8","152","South Carolina","5/21/20","96","56","45039","58.33"
"Florence","11","563","South Carolina","5/21/20","487","76","45041","15.61"
"Georgetown","0","53","South Carolina","5/21/20","51","2","45043","3.92"
"Greenville","26","1180","South Carolina","5/21/20","996","184","45045","18.47"
"Greenwood","1","76","South Carolina","5/21/20","68","8","45047","11.76"
"Hampton","0","30","South Carolina","5/21/20","29","1","45049","3.45"
"Horry","8","333","South Carolina","5/21/20","278","55","45051","19.78"
"Jasper","0","28","South Carolina","5/21/20","25","3","45053","12"
"Kershaw","3","281","South Carolina","5/21/20","257","24","45055","9.34"
"Lancaster","1","116","South Carolina","5/21/20","108","8","45057","7.41"
"Laurens","1","57","South Carolina","5/21/20","50","7","45059","14"
"Lee","8","178","South Carolina","5/21/20","123","55","45061","44.72"
"Lexington","3","525","South Carolina","5/21/20","503","22","45063","4.37"
"Marion","1","57","South Carolina","5/21/20","47","10","45067","21.28"
"Marlboro","3","88","South Carolina","5/21/20","67","21","45069","31.34"
"McCormick","0","7","South Carolina","5/21/20","7","0","45065","0"
"Newberry","1","36","South Carolina","5/21/20","30","6","45071","20"
"Oconee","0","41","South Carolina","5/21/20","41","0","45073","0"
"Orangeburg","2","119","South Carolina","5/21/20","108","11","45075","10.19"
"Pickens","2","104","South Carolina","5/21/20","87","17","45077","19.54"
"Richland","17","1302","South Carolina","5/21/20","1180","122","45079","10.34"
"Saluda","5","132","South Carolina","5/21/20","94","38","45081","40.43"
"Spartanburg","9","421","South Carolina","5/21/20","358","63","45083","17.6"
"Sumter","4","331","South Carolina","5/21/20","301","30","45085","9.97"
"Union","0","31","South Carolina","5/21/20","31","0","45087","0"
"Williamsburg","4","189","South Carolina","5/21/20","158","31","45089","19.62"
"York","7","324","South Carolina","5/21/20","272","52","45091","19.12"
"Aurora","1","8","South Dakota","5/21/20","2","6","46003","300"
"Beadle","7","68","South Dakota","5/21/20","22","46","46005","209.09"
"Bon Homme","0","4","South Dakota","5/21/20","4","0","46009","0"
"Brookings","0","14","South Dakota","5/21/20","14","0","46011","0"
"Brown","8","211","South Dakota","5/21/20","154","57","46013","37.01"
"Buffalo","1","5","South Dakota","5/21/20","1","4","46017","400"
"Charles Mix","0","10","South Dakota","5/21/20","7","3","46023","42.86"
"Clark","0","4","South Dakota","5/21/20","4","0","46025","0"
"Clay","1","15","South Dakota","5/21/20","11","4","46027","36.36"
"Codington","0","17","South Dakota","5/21/20","16","1","46029","6.25"
"Corson","0","4","South Dakota","5/21/20","2","2","46031","100"
"Davison","0","9","South Dakota","5/21/20","9","0","46035","0"
"Day","0","11","South Dakota","5/21/20","10","1","46037","10"
"Deuel","0","1","South Dakota","5/21/20","1","0","46039","0"
"Douglas","0","1","South Dakota","5/21/20","1","0","46043","0"
"Fall River","0","4","South Dakota","5/21/20","2","2","46047","100"
"Faulk","0","1","South Dakota","5/21/20","1","0","46049","0"
"Grant","1","9","South Dakota","5/21/20","5","4","46051","80"
"Hamlin","0","3","South Dakota","5/21/20","2","1","46057","50"
"Hand","0","1","South Dakota","5/21/20","1","0","46059","0"
"Hughes","0","17","South Dakota","5/21/20","15","2","46065","13.33"
"Hutchinson","0","3","South Dakota","5/21/20","3","0","46067","0"
"Hyde","0","1","South Dakota","5/21/20","1","0","46069","0"
"Jerauld","1","10","South Dakota","5/21/20","6","4","46073","66.67"
"Lake","0","5","South Dakota","5/21/20","5","0","46079","0"
"Lawrence","0","9","South Dakota","5/21/20","9","0","46081","0"
"Lincoln","2","209","South Dakota","5/21/20","195","14","46083","7.18"
"Lyman","1","9","South Dakota","5/21/20","4","5","46085","125"
"Marshall","0","3","South Dakota","5/21/20","1","2","46091","200"
"McCook","0","5","South Dakota","5/21/20","5","0","46087","0"
"McPherson","0","1","South Dakota","5/21/20","1","0","46089","0"
"Meade","0","5","South Dakota","5/21/20","5","0","46093","0"
"Miner","0","1","South Dakota","5/21/20","1","0","46097","0"
"Minnehaha","19","3182","South Dakota","5/21/20","3050","132","46099","4.33"
"Moody","0","18","South Dakota","5/21/20","17","1","46101","5.88"
"Oglala Lakota","2","14","South Dakota","5/21/20","3","11","46102","366.67"
"Pennington","6","85","South Dakota","5/21/20","40","45","46103","112.5"
"Roberts","0","20","South Dakota","5/21/20","17","3","46109","17.65"
"Sanborn","1","7","South Dakota","5/21/20","3","4","46111","133.33"
"Spink","0","4","South Dakota","5/21/20","4","0","46115","0"
"Stanley","0","9","South Dakota","5/21/20","8","1","46117","12.5"
"Sully","0","1","South Dakota","5/21/20","1","0","46119","0"
"Todd","1","17","South Dakota","5/21/20","13","4","46121","30.77"
"Tripp","0","2","South Dakota","5/21/20","1","1","46123","100"
"Turner","1","22","South Dakota","5/21/20","18","4","46125","22.22"
"Union","2","68","South Dakota","5/21/20","57","11","46127","19.3"
"Walworth","0","5","South Dakota","5/21/20","5","0","46129","0"
"Yankton","1","44","South Dakota","5/21/20","34","10","46135","29.41"
"Ziebach","0","1","South Dakota","5/21/20","1","0","46137","0"
"Anderson","0","37","Tennessee","5/21/20","35","2","47001","5.71"
"Bedford","2","262","Tennessee","5/21/20","248","14","47003","5.65"
"Benton","0","7","Tennessee","5/21/20","6","1","47005","16.67"
"Bledsoe","1","607","Tennessee","5/21/20","603","4","47007","0.66"
"Blount","0","77","Tennessee","5/21/20","75","2","47009","2.67"
"Bradley","1","89","Tennessee","5/21/20","80","9","47011","11.25"
"Campbell","0","17","Tennessee","5/21/20","17","0","47013","0"
"Cannon","0","15","Tennessee","5/21/20","13","2","47015","15.38"
"Carroll","0","26","Tennessee","5/21/20","23","3","47017","13.04"
"Carter","0","19","Tennessee","5/21/20","19","0","47019","0"
"Cheatham","2","97","Tennessee","5/21/20","85","12","47021","14.12"
"Chester","0","12","Tennessee","5/21/20","12","0","47023","0"
"Claiborne","0","8","Tennessee","5/21/20","7","1","47025","14.29"
"Clay","0","6","Tennessee","5/21/20","6","0","47027","0"
"Cocke","0","20","Tennessee","5/21/20","20","0","47029","0"
"Coffee","1","63","Tennessee","5/21/20","57","6","47031","10.53"
"Crockett","0","14","Tennessee","5/21/20","13","1","47033","7.69"
"Cumberland","1","96","Tennessee","5/21/20","87","9","47035","10.34"
"Davidson","78","4292","Tennessee","5/21/20","3745","547","47037","14.61"
"Decatur","0","5","Tennessee","5/21/20","5","0","47039","0"
"DeKalb","1","32","Tennessee","5/21/20","28","4","47041","14.29"
"Dickson","1","97","Tennessee","5/21/20","88","9","47043","10.23"
"Dyer","0","45","Tennessee","5/21/20","44","1","47045","2.27"
"Fayette","2","98","Tennessee","5/21/20","86","12","47047","13.95"
"Fentress","0","9","Tennessee","5/21/20","6","3","47049","50"
"Franklin","0","44","Tennessee","5/21/20","41","3","47051","7.32"
"Gibson","0","59","Tennessee","5/21/20","57","2","47053","3.51"
"Giles","0","12","Tennessee","5/21/20","9","3","47055","33.33"
"Grainger","0","6","Tennessee","5/21/20","6","0","47057","0"
"Greene","0","46","Tennessee","5/21/20","46","0","47059","0"
"Grundy","0","31","Tennessee","5/21/20","30","1","47061","3.33"
"Hamblen","0","24","Tennessee","5/21/20","25","-1","47063","-4"
"Hamilton","15","425","Tennessee","5/21/20","319","106","47065","33.23"
"Hancock","0","1","Tennessee","5/21/20","0","1","47067","1"
"Hardeman","1","184","Tennessee","5/21/20","179","5","47069","2.79"
"Hardin","0","10","Tennessee","5/21/20","9","1","47071","11.11"
"Hawkins","0","31","Tennessee","5/21/20","32","-1","47073","-3.12"
"Haywood","0","29","Tennessee","5/21/20","29","0","47075","0"
"Henderson","0","12","Tennessee","5/21/20","11","1","47077","9.09"
"Henry","2","28","Tennessee","5/21/20","16","12","47079","75"
"Hickman","0","52","Tennessee","5/21/20","52","0","47081","0"
"Houston","0","7","Tennessee","5/21/20","6","1","47083","16.67"
"Humphreys","0","12","Tennessee","5/21/20","12","0","47085","0"
"Jackson","0","13","Tennessee","5/21/20","10","3","47087","30"
"Jefferson","0","27","Tennessee","5/21/20","26","1","47089","3.85"
"Johnson","0","15","Tennessee","5/21/20","15","0","47091","0"
"Knox","3","321","Tennessee","5/21/20","297","24","47093","8.08"
"Lake","0","403","Tennessee","5/21/20","401","2","47095","0.5"
"Lauderdale","1","51","Tennessee","5/21/20","43","8","47097","18.6"
"Lawrence","0","22","Tennessee","5/21/20","21","1","47099","4.76"
"Lewis","0","2","Tennessee","5/21/20","2","0","47101","0"
"Lincoln","1","22","Tennessee","5/21/20","16","6","47103","37.5"
"Loudon","9","110","Tennessee","5/21/20","46","64","47105","139.13"
"Macon","3","93","Tennessee","5/21/20","74","19","47111","25.68"
"Madison","1","162","Tennessee","5/21/20","157","5","47113","3.18"
"Marion","1","35","Tennessee","5/21/20","30","5","47115","16.67"
"Marshall","0","27","Tennessee","5/21/20","25","2","47117","8"
"Maury","2","74","Tennessee","5/21/20","60","14","47119","23.33"
"McMinn","0","124","Tennessee","5/21/20","123","1","47107","0.81"
"McNairy","0","12","Tennessee","5/21/20","12","0","47109","0"
"Meigs","0","22","Tennessee","5/21/20","22","0","47121","0"
"Monroe","3","55","Tennessee","5/21/20","37","18","47123","48.65"
"Montgomery","3","217","Tennessee","5/21/20","199","18","47125","9.05"
"Moore","0","3","Tennessee","5/21/20","3","0","47127","0"
"Morgan","1","17","Tennessee","5/21/20","12","5","47129","41.67"
"Obion","0","20","Tennessee","5/21/20","17","3","47131","17.65"
"Out of TN","0","339","Tennessee","5/21/20","340","-1","80047","-0.29"
"Overton","1","18","Tennessee","5/21/20","14","4","47133","28.57"
"Perry","0","13","Tennessee","5/21/20","13","0","47135","0"
"Pickett","0","2","Tennessee","5/21/20","1","1","47137","100"
"Polk","0","14","Tennessee","5/21/20","12","2","47139","16.67"
"Putnam","17","321","Tennessee","5/21/20","204","117","47141","57.35"
"Rhea","26","188","Tennessee","5/21/20","6","182","47143","3033.33"
"Roane","0","9","Tennessee","5/21/20","8","1","47145","12.5"
"Robertson","10","317","Tennessee","5/21/20","250","67","47147","26.8"
"Rutherford","19","930","Tennessee","5/21/20","796","134","47149","16.83"
"Scott","0","11","Tennessee","5/21/20","11","0","47151","0"
"Sequatchie","0","10","Tennessee","5/21/20","10","0","47153","0"
"Sevier","1","69","Tennessee","5/21/20","65","4","47155","6.15"
"Shelby","70","4033","Tennessee","5/21/20","3542","491","47157","13.86"
"Smith","1","29","Tennessee","5/21/20","24","5","47159","20.83"
"Stewart","0","8","Tennessee","5/21/20","7","1","47161","14.29"
"Sullivan","1","60","Tennessee","5/21/20","56","4","47163","7.14"
"Sumner","8","778","Tennessee","5/21/20","720","58","47165","8.06"
"Tipton","1","409","Tennessee","5/21/20","402","7","47167","1.74"
"Trousdale","0","1385","Tennessee","5/21/20","1382","3","47169","0.22"
"Unicoi","0","3","Tennessee","5/21/20","3","0","47171","0"
"Union","0","4","Tennessee","5/21/20","4","0","47173","0"
"Van Buren","0","4","Tennessee","5/21/20","2","2","47175","100"
"Warren","0","16","Tennessee","5/21/20","14","2","47177","14.29"
"Washington","0","68","Tennessee","5/21/20","66","2","47179","3.03"
"Wayne","9","63","Tennessee","5/21/20","3","60","47181","2000"
"Weakley","0","26","Tennessee","5/21/20","24","2","47183","8.33"
"White","1","22","Tennessee","5/21/20","17","5","47185","29.41"
"Williamson","5","491","Tennessee","5/21/20","456","35","47187","7.68"
"Wilson","5","344","Tennessee","5/21/20","312","32","47189","10.26"
"Anderson","2","63","Texas","5/21/20","51","12","48001","23.53"
"Andrews","0","22","Texas","5/21/20","22","0","48003","0"
"Angelina","7","168","Texas","5/21/20","119","49","48005","41.18"
"Aransas","0","5","Texas","5/21/20","3","2","48007","66.67"
"Archer","0","1","Texas","5/21/20","0","1","48009","1"
"Armstrong","0","2","Texas","5/21/20","2","0","48011","0"
"Atascosa","1","35","Texas","5/21/20","27","8","48013","29.63"
"Austin","1","21","Texas","5/21/20","16","5","48015","31.25"
"Bailey","1","10","Texas","5/21/20","3","7","48017","233.33"
"Bandera","0","6","Texas","5/21/20","6","0","48019","0"
"Bastrop","5","161","Texas","5/21/20","125","36","48021","28.8"
"Bee","0","8","Texas","5/21/20","6","2","48025","33.33"
"Bell","6","282","Texas","5/21/20","237","45","48027","18.99"
"Bexar","49","2322","Texas","5/21/20","1976","346","48029","17.51"
"Blanco","0","7","Texas","5/21/20","6","1","48031","16.67"
"Bosque","0","6","Texas","5/21/20","6","0","48035","0"
"Bowie","8","176","Texas","5/21/20","120","56","48037","46.67"
"Brazoria","14","805","Texas","5/21/20","710","95","48039","13.38"
"Brazos","9","362","Texas","5/21/20","301","61","48041","20.27"
"Brewster","0","1","Texas","5/21/20","1","0","48043","0"
"Briscoe","0","1","Texas","5/21/20","1","0","48045","0"
"Brooks","0","1","Texas","5/21/20","1","0","48047","0"
"Brown","1","55","Texas","5/21/20","51","4","48049","7.84"
"Burleson","0","20","Texas","5/21/20","17","3","48051","17.65"
"Burnet","0","29","Texas","5/21/20","28","1","48053","3.57"
"Caldwell","1","41","Texas","5/21/20","33","8","48055","24.24"
"Calhoun","0","37","Texas","5/21/20","36","1","48057","2.78"
"Callahan","0","8","Texas","5/21/20","8","0","48059","0"
"Cameron","14","664","Texas","5/21/20","569","95","48061","16.7"
"Camp","3","32","Texas","5/21/20","13","19","48063","146.15"
"Carson","0","6","Texas","5/21/20","3","3","48065","100"
"Cass","0","21","Texas","5/21/20","21","0","48067","0"
"Castro","1","29","Texas","5/21/20","25","4","48069","16"
"Chambers","1","58","Texas","5/21/20","50","8","48071","16"
"Cherokee","2","44","Texas","5/21/20","27","17","48073","62.96"
"Childress","0","2","Texas","5/21/20","2","0","48075","0"
"Clay","0","3","Texas","5/21/20","3","0","48077","0"
"Cochran","0","1","Texas","5/21/20","1","0","48079","0"
"Coke","0","1","Texas","5/21/20","1","0","48081","0"
"Coleman","0","2","Texas","5/21/20","2","0","48083","0"
"Collin","16","1090","Texas","5/21/20","978","112","48085","11.45"
"Collingsworth","0","4","Texas","5/21/20","4","0","48087","0"
"Colorado","0","19","Texas","5/21/20","18","1","48089","5.56"
"Comal","1","78","Texas","5/21/20","68","10","48091","14.71"
"Comanche","0","5","Texas","5/21/20","3","2","48093","66.67"
"Concho","0","1","Texas","5/21/20","1","0","48095","0"
"Cooke","0","13","Texas","5/21/20","13","0","48097","0"
"Coryell","1","226","Texas","5/21/20","220","6","48099","2.73"
"Cottle","0","4","Texas","5/21/20","4","0","48101","0"
"Crane","0","3","Texas","5/21/20","2","1","48103","50"
"Crosby","0","3","Texas","5/21/20","2","1","48107","50"
"Dallam","0","22","Texas","5/21/20","19","3","48111","15.79"
"Dallas","205","8273","Texas","5/21/20","6837","1436","48113","21"
"Dawson","1","39","Texas","5/21/20","32","7","48115","21.88"
"Deaf Smith","7","141","Texas","5/21/20","93","48","48117","51.61"
"Delta","0","1","Texas","5/21/20","1","0","48119","0"
"Denton","25","1161","Texas","5/21/20","989","172","48121","17.39"
"DeWitt","0","17","Texas","5/21/20","17","0","48123","0"
"Dickens","0","1","Texas","5/21/20","1","0","48125","0"
"Dimmit","0","1","Texas","5/21/20","1","0","48127","0"
"Donley","0","26","Texas","5/21/20","25","1","48129","4"
"Duval","0","5","Texas","5/21/20","5","0","48131","0"
"Eastland","0","5","Texas","5/21/20","4","1","48133","25"
"Ector","4","130","Texas","5/21/20","102","28","48135","27.45"
"El Paso","84","2046","Texas","5/21/20","1456","590","48141","40.52"
"Ellis","4","266","Texas","5/21/20","236","30","48139","12.71"
"Erath","0","15","Texas","5/21/20","15","0","48143","0"
"Falls","0","6","Texas","5/21/20","6","0","48145","0"
"Fannin","1","29","Texas","5/21/20","24","5","48147","20.83"
"Fayette","0","31","Texas","5/21/20","28","3","48149","10.71"
"Fisher","0","2","Texas","5/21/20","0","2","48151","1"
"Floyd","0","5","Texas","5/21/20","4","1","48153","25"
"Fort Bend","29","1652","Texas","5/21/20","1452","200","48157","13.77"
"Franklin","1","8","Texas","5/21/20","4","4","48159","100"
"Freestone","0","7","Texas","5/21/20","8","-1","48161","-12.5"
"Frio","0","35","Texas","5/21/20","34","1","48163","2.94"
"Gaines","0","6","Texas","5/21/20","4","2","48165","50"
"Galveston","4","721","Texas","5/21/20","691","30","48167","4.34"
"Garza","0","4","Texas","5/21/20","4","0","48169","0"
"Gillespie","0","5","Texas","5/21/20","4","1","48171","25"
"Glasscock","0","1","Texas","5/21/20","1","0","48173","0"
"Goliad","0","7","Texas","5/21/20","7","0","48175","0"
"Gonzales","3","90","Texas","5/21/20","70","20","48177","28.57"
"Gray","3","95","Texas","5/21/20","77","18","48179","23.38"
"Grayson","21","268","Texas","5/21/20","122","146","48181","119.67"
"Gregg","6","180","Texas","5/21/20","138","42","48183","30.43"
"Grimes","5","91","Texas","5/21/20","56","35","48185","62.5"
"Guadalupe","2","116","Texas","5/21/20","101","15","48187","14.85"
"Hale","1","50","Texas","5/21/20","41","9","48189","21.95"
"Hall","0","1","Texas","5/21/20","0","1","48191","1"
"Hamilton","0","7","Texas","5/21/20","7","0","48193","0"
"Hansford","0","18","Texas","5/21/20","15","3","48195","20"
"Hardin","1","121","Texas","5/21/20","116","5","48199","4.31"
"Harris","209","10283","Texas","5/21/20","8817","1466","48201","16.63"
"Harrison","3","217","Texas","5/21/20","195","22","48203","11.28"
"Hartley","0","11","Texas","5/21/20","9","2","48205","22.22"
"Haskell","0","2","Texas","5/21/20","0","2","48207","1"
"Hays","5","250","Texas","5/21/20","217","33","48209","15.21"
"Hemphill","0","1","Texas","5/21/20","1","0","48211","0"
"Henderson","1","51","Texas","5/21/20","47","4","48213","8.51"
"Hidalgo","8","467","Texas","5/21/20","409","58","48215","14.18"
"Hill","0","23","Texas","5/21/20","22","1","48217","4.55"
"Hockley","1","27","Texas","5/21/20","22","5","48219","22.73"
"Hood","0","23","Texas","5/21/20","22","1","48221","4.55"
"Hopkins","1","12","Texas","5/21/20","8","4","48223","50"
"Houston","1","81","Texas","5/21/20","71","10","48225","14.08"
"Howard","0","6","Texas","5/21/20","6","0","48227","0"
"Hunt","2","71","Texas","5/21/20","58","13","48231","22.41"
"Hutchinson","1","31","Texas","5/21/20","25","6","48233","24"
"Jack","0","4","Texas","5/21/20","4","0","48237","0"
"Jackson","0","16","Texas","5/21/20","15","1","48239","6.67"
"Jasper","1","26","Texas","5/21/20","19","7","48241","36.84"
"Jefferson","7","465","Texas","5/21/20","418","47","48245","11.24"
"Jim Hogg","0","4","Texas","5/21/20","3","1","48247","33.33"
"Jim Wells","0","9","Texas","5/21/20","7","2","48249","28.57"
"Johnson","4","144","Texas","5/21/20","117","27","48251","23.08"
"Jones","3","134","Texas","5/21/20","110","24","48253","21.82"
"Karnes","0","4","Texas","5/21/20","4","0","48255","0"
"Kaufman","5","173","Texas","5/21/20","137","36","48257","26.28"
"Kendall","1","24","Texas","5/21/20","20","4","48259","20"
"Kerr","0","11","Texas","5/21/20","10","1","48265","10"
"Kimble","0","1","Texas","5/21/20","1","0","48267","0"
"Kleberg","0","14","Texas","5/21/20","11","3","48273","27.27"
"Knox","0","1","Texas","5/21/20","1","0","48275","0"
"La Salle","0","4","Texas","5/21/20","4","0","48283","0"
"Lamar","3","126","Texas","5/21/20","105","21","48277","20"
"Lamb","0","11","Texas","5/21/20","10","1","48279","10"
"Lampasas","0","8","Texas","5/21/20","8","0","48281","0"
"Lavaca","0","8","Texas","5/21/20","7","1","48285","14.29"
"Lee","0","8","Texas","5/21/20","6","2","48287","33.33"
"Leon","0","9","Texas","5/21/20","9","0","48289","0"
"Liberty","1","81","Texas","5/21/20","72","9","48291","12.5"
"Limestone","0","18","Texas","5/21/20","15","3","48293","20"
"Lipscomb","0","2","Texas","5/21/20","2","0","48295","0"
"Live Oak","1","9","Texas","5/21/20","5","4","48297","80"
"Llano","0","3","Texas","5/21/20","3","0","48299","0"
"Lubbock","5","639","Texas","5/21/20","607","32","48303","5.27"
"Lynn","0","5","Texas","5/21/20","5","0","48305","0"
"Madison","1","8","Texas","5/21/20","4","4","48313","100"
"Marion","0","15","Texas","5/21/20","15","0","48315","0"
"Martin","0","3","Texas","5/21/20","3","0","48317","0"
"Mason","0","31","Texas","5/21/20","28","3","48319","10.71"
"Matagorda","0","66","Texas","5/21/20","65","1","48321","1.54"
"Maverick","6","94","Texas","5/21/20","52","42","48323","80.77"
"McCulloch","0","3","Texas","5/21/20","3","0","48307","0"
"McLennan","1","102","Texas","5/21/20","96","6","48309","6.25"
"Medina","2","64","Texas","5/21/20","47","17","48325","36.17"
"Midland","1","123","Texas","5/21/20","115","8","48329","6.96"
"Milam","1","27","Texas","5/21/20","22","5","48331","22.73"
"Mills","0","1","Texas","5/21/20","1","0","48333","0"
"Mitchell","0","1","Texas","5/21/20","1","0","48335","0"
"Montague","0","9","Texas","5/21/20","9","0","48337","0"
"Montgomery","15","881","Texas","5/21/20","773","108","48339","13.97"
"Moore","6","579","Texas","5/21/20","534","45","48341","8.43"
"Morris","1","15","Texas","5/21/20","10","5","48343","50"
"Motley","0","1","Texas","5/21/20","1","0","48345","0"
"Nacogdoches","2","244","Texas","5/21/20","227","17","48347","7.49"
"Navarro","0","40","Texas","5/21/20","37","3","48349","8.11"
"Newton","0","4","Texas","5/21/20","4","0","48351","0"
"Nolan","0","2","Texas","5/21/20","2","0","48353","0"
"Nueces","10","256","Texas","5/21/20","186","70","48355","37.63"
"Ochiltree","0","41","Texas","5/21/20","40","1","48357","2.5"
"Oldham","0","3","Texas","5/21/20","3","0","48359","0"
"Orange","1","89","Texas","5/21/20","84","5","48361","5.95"
"Palo Pinto","0","10","Texas","5/21/20","9","1","48363","11.11"
"Panola","0","175","Texas","5/21/20","175","0","48365","0"
"Parker","2","67","Texas","5/21/20","56","11","48367","19.64"
"Parmer","2","39","Texas","5/21/20","23","16","48369","69.57"
"Pecos","1","24","Texas","5/21/20","20","4","48371","20"
"Polk","1","52","Texas","5/21/20","46","6","48373","13.04"
"Potter","111","2196","Texas","5/21/20","1421","775","48375","54.54"
"Rains","0","3","Texas","5/21/20","2","1","48379","50"
"Randall","26","625","Texas","5/21/20","444","181","48381","40.77"
"Red River","1","42","Texas","5/21/20","33","9","48387","27.27"
"Reeves","0","7","Texas","5/21/20","7","0","48389","0"
"Refugio","0","3","Texas","5/21/20","3","0","48391","0"
"Roberts","0","2","Texas","5/21/20","2","0","48393","0"
"Robertson","0","7","Texas","5/21/20","6","1","48395","16.67"
"Rockwall","1","147","Texas","5/21/20","138","9","48397","6.52"
"Runnels","0","2","Texas","5/21/20","2","0","48399","0"
"Rusk","0","42","Texas","5/21/20","40","2","48401","5"
"Sabine","0","4","Texas","5/21/20","3","1","48403","33.33"
"San Augustine","1","28","Texas","5/21/20","22","6","48405","27.27"
"San Jacinto","0","13","Texas","5/21/20","12","1","48407","8.33"
"San Patricio","1","28","Texas","5/21/20","23","5","48409","21.74"
"San Saba","0","1","Texas","5/21/20","0","1","48411","1"
"Scurry","0","2","Texas","5/21/20","2","0","48415","0"
"Shackelford","0","1","Texas","5/21/20","1","0","48417","0"
"Shelby","2","180","Texas","5/21/20","167","13","48419","7.78"
"Sherman","0","23","Texas","5/21/20","23","0","48421","0"
"Smith","1","195","Texas","5/21/20","186","9","48423","4.84"
"Starr","1","23","Texas","5/21/20","14","9","48427","64.29"
"Stephens","0","2","Texas","5/21/20","2","0","48429","0"
"Swisher","0","15","Texas","5/21/20","13","2","48437","15.38"
"Tarrant","91","4711","Texas","5/21/20","4076","635","48439","15.58"
"Taylor","2","225","Texas","5/21/20","214","11","48441","5.14"
"Terry","0","13","Texas","5/21/20","12","1","48445","8.33"
"Titus","16","189","Texas","5/21/20","74","115","48449","155.41"
"Tom Green","1","89","Texas","5/21/20","85","4","48451","4.71"
"Travis","43","2644","Texas","5/21/20","2345","299","48453","12.75"
"Trinity","0","11","Texas","5/21/20","11","0","48455","0"
"Tyler","0","10","Texas","5/21/20","7","3","48457","42.86"
"Upshur","0","18","Texas","5/21/20","17","1","48459","5.88"
"Uvalde","0","6","Texas","5/21/20","6","0","48463","0"
"Val Verde","0","13","Texas","5/21/20","13","0","48465","0"
"Van Zandt","0","25","Texas","5/21/20","22","3","48467","13.64"
"Victoria","0","157","Texas","5/21/20","154","3","48469","1.95"
"Walker","25","552","Texas","5/21/20","374","178","48471","47.59"
"Waller","1","45","Texas","5/21/20","37","8","48473","21.62"
"Washington","2","187","Texas","5/21/20","175","12","48477","6.86"
"Webb","8","498","Texas","5/21/20","445","53","48479","11.91"
"Wharton","0","45","Texas","5/21/20","42","3","48481","7.14"
"Wheeler","0","15","Texas","5/21/20","14","1","48483","7.14"
"Wichita","1","82","Texas","5/21/20","77","5","48485","6.49"
"Wilbarger","1","6","Texas","5/21/20","2","4","48487","200"
"Willacy","0","15","Texas","5/21/20","14","1","48489","7.14"
"Williamson","11","520","Texas","5/21/20","442","78","48491","17.65"
"Wilson","0","38","Texas","5/21/20","36","2","48493","5.56"
"Winkler","0","3","Texas","5/21/20","3","0","48495","0"
"Wise","1","42","Texas","5/21/20","36","6","48497","16.67"
"Wood","1","22","Texas","5/21/20","15","7","48499","46.67"
"Yoakum","0","3","Texas","5/21/20","2","1","48501","50"
"Young","0","4","Texas","5/21/20","4","0","48503","0"
"Zapata","0","8","Texas","5/21/20","7","1","48505","14.29"
"Zavala","0","11","Texas","5/21/20","9","2","48507","22.22"
"Bear River","2","97","Utah","5/21/20","83","14","00000","16.87"
"Central Utah","0","32","Utah","5/21/20","29","3","00000","10.34"
"Davis","7","396","Utah","5/21/20","349","47","49011","13.47"
"Salt Lake","88","4217","Utah","5/21/20","3604","613","49035","17.01"
"San Juan","14","251","Utah","5/21/20","154","97","49037","62.99"
"Southeast Utah","1","17","Utah","5/21/20","13","4","00000","30.77"
"Southwest Utah","12","271","Utah","5/21/20","187","84","00000","44.92"
"Summit","2","404","Utah","5/21/20","393","11","49043","2.8"
"Tooele","3","104","Utah","5/21/20","84","20","49045","23.81"
"TriCounty","1","20","Utah","5/21/20","16","4","00000","25"
"Utah","22","1592","Utah","5/21/20","1435","157","49049","10.94"
"Wasatch","5","222","Utah","5/21/20","188","34","49051","18.09"
"Weber-Morgan","5","251","Utah","5/21/20","214","37","00000","17.29"
"Addison","0","62","Vermont","5/21/20","62","0","50001","0"
"Bennington","0","60","Vermont","5/21/20","60","0","50003","0"
"Caledonia","0","14","Vermont","5/21/20","14","0","50005","0"
"Chittenden","1","440","Vermont","5/21/20","432","8","50007","1.85"
"Essex","0","2","Vermont","5/21/20","2","0","50009","0"
"Franklin","0","99","Vermont","5/21/20","99","0","50011","0"
"Grand Isle","0","5","Vermont","5/21/20","4","1","50013","25"
"Lamoille","0","29","Vermont","5/21/20","27","2","50015","7.41"
"Orange","0","8","Vermont","5/21/20","8","0","50017","0"
"Orleans","0","9","Vermont","5/21/20","9","0","50019","0"
"Rutland","0","50","Vermont","5/21/20","49","1","50021","2.04"
"Washington","0","38","Vermont","5/21/20","38","0","50023","0"
"Windham","0","80","Vermont","5/21/20","77","3","50025","3.9"
"Windsor","0","49","Vermont","5/21/20","47","2","50027","4.26"
"","0","69","Virgin Islands","5/21/20","69","0",,"0"
"Accomack","17","709","Virginia","5/21/20","593","116","51001","19.56"
"Albemarle","2","142","Virginia","5/21/20","130","12","51003","9.23"
"Alexandria","40","1627","Virginia","5/21/20","1349","278","51510","20.61"
"Alleghany","0","9","Virginia","5/21/20","6","3","51005","50"
"Amelia","1","22","Virginia","5/21/20","17","5","51007","29.41"
"Amherst","1","25","Virginia","5/21/20","21","4","51009","19.05"
"Appomattox","0","25","Virginia","5/21/20","22","3","51011","13.64"
"Arlington","38","1763","Virginia","5/21/20","1499","264","51013","17.61"
"Augusta","2","85","Virginia","5/21/20","70","15","51015","21.43"
"Bedford","0","41","Virginia","5/21/20","40","1","51019","2.5"
"Botetourt","0","31","Virginia","5/21/20","30","1","51023","3.33"
"Bristol","0","4","Virginia","5/21/20","3","1","51520","33.33"
"Brunswick","0","21","Virginia","5/21/20","20","1","51025","5"
"Buchanan","0","18","Virginia","5/21/20","16","2","51027","12.5"
"Buckingham","13","438","Virginia","5/21/20","348","90","51029","25.86"
"Buena Vista","1","12","Virginia","5/21/20","8","4","51530","50"
"Campbell","0","13","Virginia","5/21/20","13","0","51031","0"
"Caroline","1","45","Virginia","5/21/20","41","4","51033","9.76"
"Carroll","3","64","Virginia","5/21/20","40","24","51035","60"
"Charles City","1","25","Virginia","5/21/20","21","4","51036","19.05"
"Charlotte","1","16","Virginia","5/21/20","11","5","51037","45.45"
"Charlottesville","1","72","Virginia","5/21/20","68","4","51540","5.88"
"Chesapeake","7","412","Virginia","5/21/20","362","50","51550","13.81"
"Chesterfield","32","1132","Virginia","5/21/20","909","223","51041","24.53"
"Clarke","0","19","Virginia","5/21/20","16","3","51043","18.75"
"Colonial Heights","1","82","Virginia","5/21/20","73","9","51570","12.33"
"Covington","0","3","Virginia","5/21/20","2","1","51580","50"
"Craig","0","5","Virginia","5/21/20","4","1","51045","25"
"Culpeper","28","526","Virginia","5/21/20","329","197","51047","59.88"
"Cumberland","1","25","Virginia","5/21/20","18","7","51049","38.89"
"Danville","0","45","Virginia","5/21/20","43","2","51590","4.65"
"Dinwiddie","2","47","Virginia","5/21/20","33","14","51053","42.42"
"Emporia","1","58","Virginia","5/21/20","50","8","51595","16"
"Essex","1","36","Virginia","5/21/20","29","7","51057","24.14"
"Fairfax","233","8580","Virginia","5/21/20","6951","1629","51059","23.44"
"Fairfax City","1","51","Virginia","5/21/20","45","6","51600","13.33"
"Falls Church","1","46","Virginia","5/21/20","39","7","51610","17.95"
"Fauquier","9","261","Virginia","5/21/20","200","61","51061","30.5"
"Floyd","0","4","Virginia","5/21/20","4","0","51063","0"
"Fluvanna","1","83","Virginia","5/21/20","79","4","51065","5.06"
"Franklin","0","30","Virginia","5/21/20","30","0","51067","0"
"Franklin City","1","34","Virginia","5/21/20","26","8","51620","30.77"
"Frederick","8","245","Virginia","5/21/20","191","54","51069","28.27"
"Fredericksburg","4","107","Virginia","5/21/20","80","27","51630","33.75"
"Galax","2","82","Virginia","5/21/20","65","17","51640","26.15"
"Giles","0","5","Virginia","5/21/20","5","0","51071","0"
"Gloucester","0","30","Virginia","5/21/20","28","2","51073","7.14"
"Goochland","0","89","Virginia","5/21/20","86","3","51075","3.49"
"Grayson","1","22","Virginia","5/21/20","18","4","51077","22.22"
"Greene","1","20","Virginia","5/21/20","16","4","51079","25"
"Greensville","1","55","Virginia","5/21/20","49","6","51081","12.24"
"Halifax","0","29","Virginia","5/21/20","27","2","51083","7.41"
"Hampton","2","167","Virginia","5/21/20","156","11","51650","7.05"
"Hanover","7","244","Virginia","5/21/20","198","46","51085","23.23"
"Harrisonburg","11","695","Virginia","5/21/20","615","80","51660","13.01"
"Henrico","24","1339","Virginia","5/21/20","1174","165","51087","14.05"
"Henry","4","53","Virginia","5/21/20","28","25","51089","89.29"
"Highland","0","3","Virginia","5/21/20","2","1","51091","50"
"Hopewell","2","62","Virginia","5/21/20","48","14","51670","29.17"
"Isle of Wight","1","121","Virginia","5/21/20","114","7","51093","6.14"
"James City","2","189","Virginia","5/21/20","174","15","51095","8.62"
"King and Queen","0","7","Virginia","5/21/20","7","0","51097","0"
"King George","1","49","Virginia","5/21/20","44","5","51099","11.36"
"King William","1","16","Virginia","5/21/20","12","4","51101","33.33"
"Lancaster","0","8","Virginia","5/21/20","7","1","51103","14.29"
"Lee","0","10","Virginia","5/21/20","10","0","51105","0"
"Lexington","0","6","Virginia","5/21/20","5","1","51678","20"
"Loudoun","52","1700","Virginia","5/21/20","1339","361","51107","26.96"
"Louisa","1","64","Virginia","5/21/20","59","5","51109","8.47"
"Lunenburg","0","7","Virginia","5/21/20","6","1","51111","16.67"
"Lynchburg","0","75","Virginia","5/21/20","73","2","51680","2.74"
"Madison","1","27","Virginia","5/21/20","23","4","51113","17.39"
"Manassas","33","743","Virginia","5/21/20","515","228","51683","44.27"
"Manassas Park","8","223","Virginia","5/21/20","170","53","51685","31.18"
"Martinsville","3","21","Virginia","5/21/20","3","18","51690","600"
"Mathews","0","5","Virginia","5/21/20","5","0","51115","0"
"Mecklenburg","6","185","Virginia","5/21/20","146","39","51117","26.71"
"Middlesex","0","12","Virginia","5/21/20","11","1","51119","9.09"
"Montgomery","0","67","Virginia","5/21/20","66","1","51121","1.52"
"Nelson","0","13","Virginia","5/21/20","12","1","51125","8.33"
"New Kent","0","26","Virginia","5/21/20","28","-2","51127","-7.14"
"Newport News","5","215","Virginia","5/21/20","179","36","51700","20.11"
"Norfolk","6","377","Virginia","5/21/20","338","39","51710","11.54"
"Northampton","3","206","Virginia","5/21/20","184","22","51131","11.96"
"Northumberland","1","21","Virginia","5/21/20","15","6","51133","40"
"Norton","0","2","Virginia","5/21/20","2","0","51720","0"
"Nottoway","1","19","Virginia","5/21/20","14","5","51135","35.71"
"Orange","3","73","Virginia","5/21/20","50","23","51137","46"
"Page","3","166","Virginia","5/21/20","143","23","51139","16.08"
"Patrick","1","12","Virginia","5/21/20","6","6","51141","100"
"Petersburg","4","84","Virginia","5/21/20","57","27","51730","47.37"
"Pittsylvania","1","26","Virginia","5/21/20","17","9","51143","52.94"
"Poquoson","0","7","Virginia","5/21/20","7","0","51735","0"
"Portsmouth","4","245","Virginia","5/21/20","217","28","51740","12.9"
"Powhatan","0","26","Virginia","5/21/20","23","3","51145","13.04"
"Prince Edward","4","99","Virginia","5/21/20","72","27","51147","37.5"
"Prince George","1","56","Virginia","5/21/20","48","8","51149","16.67"
"Prince William","119","4183","Virginia","5/21/20","3351","832","51153","24.83"
"Pulaski","0","10","Virginia","5/21/20","10","0","51155","0"
"Radford","0","4","Virginia","5/21/20","3","1","51750","33.33"
"Rappahannock","0","12","Virginia","5/21/20","10","2","51157","20"
"Richmond","9","263","Virginia","5/21/20","203","60","51159","29.56"
"Richmond City","40","888","Virginia","5/21/20","611","277","51760","45.34"
"Roanoke","1","89","Virginia","5/21/20","83","6","51161","7.23"
"Roanoke City","2","135","Virginia","5/21/20","120","15","51770","12.5"
"Rockbridge","0","12","Virginia","5/21/20","11","1","51163","9.09"
"Rockingham","8","434","Virginia","5/21/20","381","53","51165","13.91"
"Russell","0","8","Virginia","5/21/20","6","2","51167","33.33"
"Salem","0","33","Virginia","5/21/20","32","1","51775","3.12"
"Scott","0","8","Virginia","5/21/20","7","1","51169","14.29"
"Shenandoah","11","355","Virginia","5/21/20","278","77","51171","27.7"
"Smyth","0","15","Virginia","5/21/20","15","0","51173","0"
"Southampton","1","138","Virginia","5/21/20","134","4","51175","2.99"
"Spotsylvania","12","366","Virginia","5/21/20","282","84","51177","29.79"
"Stafford","16","540","Virginia","5/21/20","426","114","51179","26.76"
"Staunton","2","34","Virginia","5/21/20","23","11","51790","47.83"
"Suffolk","8","278","Virginia","5/21/20","221","57","51800","25.79"
"Surry","0","6","Virginia","5/21/20","6","0","51181","0"
"Sussex","7","100","Virginia","5/21/20","53","47","51183","88.68"
"Tazewell","0","6","Virginia","5/21/20","6","0","51185","0"
"Virginia Beach","8","584","Virginia","5/21/20","528","56","51810","10.61"
"Warren","3","110","Virginia","5/21/20","90","20","51187","22.22"
"Washington","0","51","Virginia","5/21/20","49","2","51191","4.08"
"Waynesboro","2","33","Virginia","5/21/20","21","12","51820","57.14"
"Westmoreland","0","43","Virginia","5/21/20","42","1","51193","2.38"
"Williamsburg","0","43","Virginia","5/21/20","42","1","51830","2.38"
"Winchester","5","110","Virginia","5/21/20","75","35","51840","46.67"
"Wise","0","24","Virginia","5/21/20","23","1","51195","4.35"
"Wythe","0","16","Virginia","5/21/20","15","1","51197","6.67"
"York","1","65","Virginia","5/21/20","61","4","51199","6.56"
"Adams","0","50","Washington","5/21/20","50","0","53001","0"
"Asotin","0","18","Washington","5/21/20","18","0","53003","0"
"Benton","9","666","Washington","5/21/20","605","61","53005","10.08"
"Chelan","5","198","Washington","5/21/20","163","35","53007","21.47"
"Clallam","1","25","Washington","5/21/20","19","6","53009","31.58"
"Clark","2","394","Washington","5/21/20","380","14","53011","3.68"
"Columbia","0","1","Washington","5/21/20","1","0","53013","0"
"Cowlitz","0","71","Washington","5/21/20","68","3","53015","4.41"
"Douglas","2","137","Washington","5/21/20","120","17","53017","14.17"
"Ferry","0","1","Washington","5/21/20","1","0","53019","0"
"Franklin","6","472","Washington","5/21/20","427","45","53021","10.54"
"Grant","0","188","Washington","5/21/20","185","3","53025","1.62"
"Grays Harbor","0","15","Washington","5/21/20","13","2","53027","15.38"
"Island","0","177","Washington","5/21/20","176","1","53029","0.57"
"Jefferson","0","30","Washington","5/21/20","29","1","53031","3.45"
"King","49","7630","Washington","5/21/20","7290","340","53033","4.66"
"Kitsap","1","161","Washington","5/21/20","157","4","53035","2.55"
"Kittitas","4","66","Washington","5/21/20","39","27","53037","69.23"
"Klickitat","0","24","Washington","5/21/20","22","2","53039","9.09"
"Lewis","0","35","Washington","5/21/20","32","3","53041","9.38"
"Lincoln","0","2","Washington","5/21/20","2","0","53043","0"
"Mason","0","33","Washington","5/21/20","30","3","53045","10"
"Okanogan","2","42","Washington","5/21/20","31","11","53047","35.48"
"Pacific","0","9","Washington","5/21/20","9","0","53049","0"
"Pend Oreille","0","2","Washington","5/21/20","2","0","53051","0"
"Pierce","13","1719","Washington","5/21/20","1626","93","53053","5.72"
"San Juan","0","15","Washington","5/21/20","15","0","53055","0"
"Skagit","1","426","Washington","5/21/20","416","10","53057","2.4"
"Skamania","0","3","Washington","5/21/20","3","0","53059","0"
"Snohomish","15","2846","Washington","5/21/20","2739","107","53061","3.91"
"Spokane","4","421","Washington","5/21/20","393","28","53063","7.12"
"Stevens","0","10","Washington","5/21/20","9","1","53065","11.11"
"Thurston","0","124","Washington","5/21/20","123","1","53067","0.81"
"Wahkiakum","0","4","Washington","5/21/20","4","0","53069","0"
"Walla Walla","0","106","Washington","5/21/20","105","1","53071","0.95"
"Whatcom","3","363","Washington","5/21/20","343","20","53073","5.83"
"Whitman","0","16","Washington","5/21/20","16","0","53075","0"
"Yakima","78","2551","Washington","5/21/20","2002","549","53077","27.42"
"Barbour","0","7","West Virginia","5/21/20","7","0","54001","0"
"Berkeley","7","248","West Virginia","5/21/20","200","48","54003","24"
"Boone","0","9","West Virginia","5/21/20","9","0","54005","0"
"Braxton","0","2","West Virginia","5/21/20","2","0","54007","0"
"Brooke","0","3","West Virginia","5/21/20","3","0","54009","0"
"Cabell","0","55","West Virginia","5/21/20","53","2","54011","3.77"
"Calhoun","0","2","West Virginia","5/21/20","0","2","54013","1"
"Clay","0","2","West Virginia","5/21/20","2","0","54015","0"
"Fayette","0","39","West Virginia","5/21/20","36","3","54019","8.33"
"Gilmer","0","9","West Virginia","5/21/20","8","1","54021","12.5"
"Grant","0","6","West Virginia","5/21/20","6","0","54023","0"
"Greenbrier","0","9","West Virginia","5/21/20","8","1","54025","12.5"
"Hampshire","0","12","West Virginia","5/21/20","11","1","54027","9.09"
"Hancock","0","13","West Virginia","5/21/20","12","1","54029","8.33"
"Hardy","1","34","West Virginia","5/21/20","25","9","54031","36"
"Harrison","0","37","West Virginia","5/21/20","34","3","54033","8.82"
"Jackson","0","135","West Virginia","5/21/20","137","-2","54035","-1.46"
"Jefferson","5","131","West Virginia","5/21/20","95","36","54037","37.89"
"Kanawha","1","205","West Virginia","5/21/20","198","7","54039","3.54"
"Lewis","0","5","West Virginia","5/21/20","4","1","54041","25"
"Lincoln","0","5","West Virginia","5/21/20","5","0","54043","0"
"Logan","0","15","West Virginia","5/21/20","14","1","54045","7.14"
"Marion","0","48","West Virginia","5/21/20","47","1","54049","2.13"
"Marshall","0","26","West Virginia","5/21/20","23","3","54051","13.04"
"Mason","0","15","West Virginia","5/21/20","14","1","54053","7.14"
"McDowell","0","6","West Virginia","5/21/20","6","0","54047","0"
"Mercer","0","13","West Virginia","5/21/20","12","1","54055","8.33"
"Mineral","1","34","West Virginia","5/21/20","25","9","54057","36"
"Mingo","0","3","West Virginia","5/21/20","3","0","54059","0"
"Monongalia","1","118","West Virginia","5/21/20","114","4","54061","3.51"
"Monroe","0","6","West Virginia","5/21/20","6","0","54063","0"
"Morgan","0","17","West Virginia","5/21/20","17","0","54065","0"
"Nicholas","0","9","West Virginia","5/21/20","9","0","54067","0"
"Ohio","0","38","West Virginia","5/21/20","37","1","54069","2.7"
"Pendleton","0","5","West Virginia","5/21/20","5","0","54071","0"
"Pleasants","0","2","West Virginia","5/21/20","2","0","54073","0"
"Pocahontas","2","13","West Virginia","5/21/20","2","11","54075","550"
"Preston","0","15","West Virginia","5/21/20","14","1","54077","7.14"
"Putnam","0","30","West Virginia","5/21/20","29","1","54079","3.45"
"Raleigh","1","14","West Virginia","5/21/20","10","4","54081","40"
"Randolph","1","9","West Virginia","5/21/20","5","4","54083","80"
"Ritchie","0","1","West Virginia","5/21/20","1","0","54085","0"
"Roane","0","8","West Virginia","5/21/20","8","0","54087","0"
"Summers","0","1","West Virginia","5/21/20","1","0","54089","0"
"Taylor","0","8","West Virginia","5/21/20","8","0","54091","0"
"Tucker","0","4","West Virginia","5/21/20","4","0","54093","0"
"Tyler","0","3","West Virginia","5/21/20","3","0","54095","0"
"Upshur","0","6","West Virginia","5/21/20","6","0","54097","0"
"Wayne","0","96","West Virginia","5/21/20","93","3","54099","3.23"
"Wetzel","0","7","West Virginia","5/21/20","6","1","54103","16.67"
"Wirt","0","4","West Virginia","5/21/20","3","1","54105","33.33"
"Wood","1","48","West Virginia","5/21/20","44","4","54107","9.09"
"Wyoming","0","3","West Virginia","5/21/20","1","2","54109","200"
"Adams","0","4","Wisconsin","5/21/20","4","0","55001","0"
"Ashland","0","2","Wisconsin","5/21/20","2","0","55003","0"
"Barron","0","11","Wisconsin","5/21/20","11","0","55005","0"
"Bayfield","0","3","Wisconsin","5/21/20","3","0","55007","0"
"Brown","25","2177","Wisconsin","5/21/20","1999","178","55009","8.9"
"Buffalo","0","5","Wisconsin","5/21/20","5","0","55011","0"
"Burnett","0","1","Wisconsin","5/21/20","1","0","55013","0"
"Calumet","2","61","Wisconsin","5/21/20","46","15","55015","32.61"
"Chippewa","2","45","Wisconsin","5/21/20","33","12","55017","36.36"
"Clark","1","29","Wisconsin","5/21/20","25","4","55019","16"
"Columbia","0","36","Wisconsin","5/21/20","34","2","55021","5.88"
"Crawford","1","24","Wisconsin","5/21/20","18","6","55023","33.33"
"Dane","12","576","Wisconsin","5/21/20","494","82","55025","16.6"
"Dodge","5","121","Wisconsin","5/21/20","83","38","55027","45.78"
"Door","2","34","Wisconsin","5/21/20","23","11","55029","47.83"
"Douglas","0","15","Wisconsin","5/21/20","12","3","55031","25"
"Dunn","0","20","Wisconsin","5/21/20","20","0","55033","0"
"Eau Claire","3","82","Wisconsin","5/21/20","63","19","55035","30.16"
"Florence","0","2","Wisconsin","5/21/20","2","0","55037","0"
"Fond du Lac","4","148","Wisconsin","5/21/20","119","29","55039","24.37"
"Forest","1","11","Wisconsin","5/21/20","5","6","55041","120"
"Grant","1","78","Wisconsin","5/21/20","71","7","55043","9.86"
"Green","1","49","Wisconsin","5/21/20","39","10","55045","25.64"
"Green Lake","0","12","Wisconsin","5/21/20","10","2","55047","20"
"Iowa","0","11","Wisconsin","5/21/20","11","0","55049","0"
"Iron","0","2","Wisconsin","5/21/20","2","0","55051","0"
"Jackson","0","15","Wisconsin","5/21/20","15","0","55053","0"
"Jefferson","2","67","Wisconsin","5/21/20","56","11","55055","19.64"
"Juneau","0","22","Wisconsin","5/21/20","21","1","55057","4.76"
"Kenosha","23","921","Wisconsin","5/21/20","762","159","55059","20.87"
"Kewaunee","0","32","Wisconsin","5/21/20","29","3","55061","10.34"
"La Crosse","1","47","Wisconsin","5/21/20","37","10","55063","27.03"
"Lafayette","0","16","Wisconsin","5/21/20","15","1","55065","6.67"
"Langlade","0","1","Wisconsin","5/21/20","0","1","55067","1"
"Lincoln","0","3","Wisconsin","5/21/20","2","1","55069","50"
"Manitowoc","1","28","Wisconsin","5/21/20","20","8","55071","40"
"Marathon","1","35","Wisconsin","5/21/20","29","6","55073","20.69"
"Marinette","1","28","Wisconsin","5/21/20","21","7","55075","33.33"
"Marquette","0","3","Wisconsin","5/21/20","3","0","55077","0"
"Menominee","0","2","Wisconsin","5/21/20","2","0","55078","0"
"Milwaukee","167","5556","Wisconsin","5/21/20","4387","1169","55079","26.65"
"Monroe","0","16","Wisconsin","5/21/20","15","1","55081","6.67"
"Oconto","0","31","Wisconsin","5/21/20","28","3","55083","10.71"
"Oneida","0","7","Wisconsin","5/21/20","7","0","55085","0"
"Outagamie","5","161","Wisconsin","5/21/20","124","37","55087","29.84"
"Ozaukee","3","131","Wisconsin","5/21/20","113","18","55089","15.93"
"Pepin","0","1","Wisconsin","5/21/20","1","0","55091","0"
"Pierce","2","30","Wisconsin","5/21/20","15","15","55093","100"
"Polk","0","9","Wisconsin","5/21/20","6","3","55095","50"
"Portage","0","8","Wisconsin","5/21/20","7","1","55097","14.29"
"Price","0","2","Wisconsin","5/21/20","1","1","55099","100"
"Racine","48","1166","Wisconsin","5/21/20","833","333","55101","39.98"
"Richland","0","14","Wisconsin","5/21/20","13","1","55103","7.69"
"Rock","14","493","Wisconsin","5/21/20","393","100","55105","25.45"
"Rusk","0","4","Wisconsin","5/21/20","4","0","55107","0"
"Sauk","0","77","Wisconsin","5/21/20","74","3","55111","4.05"
"Sawyer","0","7","Wisconsin","5/21/20","4","3","55113","75"
"Shawano","1","36","Wisconsin","5/21/20","28","8","55115","28.57"
"Sheboygan","1","76","Wisconsin","5/21/20","67","9","55117","13.43"
"St. Croix","3","57","Wisconsin","5/21/20","37","20","55109","54.05"
"Taylor","0","1","Wisconsin","5/21/20","0","1","55119","1"
"Trempealeau","1","13","Wisconsin","5/21/20","7","6","55121","85.71"
"Vernon","1","13","Wisconsin","5/21/20","7","6","55123","85.71"
"Vilas","0","5","Wisconsin","5/21/20","4","1","55125","25"
"Walworth","9","316","Wisconsin","5/21/20","251","65","55127","25.9"
"Washburn","0","2","Wisconsin","5/21/20","1","1","55129","100"
"Washington","7","171","Wisconsin","5/21/20","125","46","55131","36.8"
"Waukesha","12","527","Wisconsin","5/21/20","444","83","55133","18.69"
"Waupaca","1","19","Wisconsin","5/21/20","15","4","55135","26.67"
"Waushara","0","7","Wisconsin","5/21/20","4","3","55137","75"
"Winnebago","5","141","Wisconsin","5/21/20","108","33","55139","30.56"
"Wood","1","9","Wisconsin","5/21/20","5","4","55141","80"
"Albany","0","10","Wyoming","5/21/20","8","2","56001","25"
"Big Horn","0","3","Wyoming","5/21/20","3","0","56003","0"
"Campbell","0","30","Wyoming","5/21/20","29","1","56005","3.45"
"Carbon","1","16","Wyoming","5/21/20","7","9","56007","128.57"
"Converse","0","24","Wyoming","5/21/20","23","1","56009","4.35"
"Crook","0","5","Wyoming","5/21/20","5","0","56011","0"
"Fremont","4","237","Wyoming","5/21/20","208","29","56013","13.94"
"Goshen","0","5","Wyoming","5/21/20","5","0","56015","0"
"Hot Springs","1","9","Wyoming","5/21/20","3","6","56017","200"
"Johnson","0","16","Wyoming","5/21/20","15","1","56019","6.67"
"Laramie","1","182","Wyoming","5/21/20","173","9","56021","5.2"
"Lincoln","0","15","Wyoming","5/21/20","14","1","56023","7.14"
"Natrona","3","67","Wyoming","5/21/20","49","18","56025","36.73"
"Niobrara","0","2","Wyoming","5/21/20","2","0","56027","0"
"Park","0","2","Wyoming","5/21/20","1","1","56029","100"
"Platte","0","1","Wyoming","5/21/20","0","1","56031","1"
"Sheridan","0","16","Wyoming","5/21/20","16","0","56033","0"
"Sublette","0","3","Wyoming","5/21/20","3","0","56035","0"
"Sweetwater","1","25","Wyoming","5/21/20","21","4","56037","19.05"
"Teton","0","100","Wyoming","5/21/20","99","1","56039","1.01"
"Uinta","1","13","Wyoming","5/21/20","9","4","56041","44.44"
"Washakie","2","20","Wyoming","5/21/20","8","12","56043","150"
