"Locality","DailyAvgNewCasesPast7Days","TotalCases","State","Date","TotalCases7DaysAgo","NewCasesPast7Days","FIPS-Code","PercentIncreaseTotalCasesPast7Days"
"Autauga","7","168","Alabama","5/25/20","120","48","01001","40"
"Baldwin","2","274","Alabama","5/25/20","260","14","01003","5.38"
"Barbour","4","113","Alabama","5/25/20","85","28","01005","32.94"
"Bibb","1","59","Alabama","5/25/20","50","9","01007","18"
"Blount","0","49","Alabama","5/25/20","47","2","01009","4.26"
"Bullock","13","133","Alabama","5/25/20","40","93","01011","232.5"
"Butler","11","359","Alabama","5/25/20","285","74","01013","25.96"
"Calhoun","2","146","Alabama","5/25/20","133","13","01015","9.77"
"Chambers","1","337","Alabama","5/25/20","329","8","01017","2.43"
"Cherokee","1","33","Alabama","5/25/20","28","5","01019","17.86"
"Chilton","1","87","Alabama","5/25/20","79","8","01021","10.13"
"Choctaw","8","144","Alabama","5/25/20","85","59","01023","69.41"
"Clarke","5","109","Alabama","5/25/20","75","34","01025","45.33"
"Clay","0","27","Alabama","5/25/20","27","0","01027","0"
"Cleburne","0","13","Alabama","5/25/20","13","0","01029","0"
"Coffee","5","206","Alabama","5/25/20","171","35","01031","20.47"
"Colbert","7","142","Alabama","5/25/20","93","49","01033","52.69"
"Conecuh","1","28","Alabama","5/25/20","19","9","01035","47.37"
"Coosa","0","34","Alabama","5/25/20","34","0","01037","0"
"Covington","1","67","Alabama","5/25/20","58","9","01039","15.52"
"Crenshaw","1","60","Alabama","5/25/20","53","7","01041","13.21"
"Cullman","1","78","Alabama","5/25/20","69","9","01043","13.04"
"Dale","3","85","Alabama","5/25/20","61","24","01045","39.34"
"Dallas","8","206","Alabama","5/25/20","151","55","01047","36.42"
"DeKalb","4","226","Alabama","5/25/20","196","30","01049","15.31"
"Elmore","10","270","Alabama","5/25/20","197","73","01051","37.06"
"Escambia","1","43","Alabama","5/25/20","39","4","01053","10.26"
"Etowah","5","238","Alabama","5/25/20","206","32","01055","15.53"
"Fayette","0","11","Alabama","5/25/20","9","2","01057","22.22"
"Franklin","18","467","Alabama","5/25/20","344","123","01059","35.76"
"Geneva","2","35","Alabama","5/25/20","22","13","01061","59.09"
"Greene","1","91","Alabama","5/25/20","87","4","01063","4.6"
"Hale","6","132","Alabama","5/25/20","91","41","01065","45.05"
"Henry","3","64","Alabama","5/25/20","40","24","01067","60"
"Houston","5","172","Alabama","5/25/20","137","35","01069","25.55"
"Jackson","1","71","Alabama","5/25/20","64","7","01071","10.94"
"Jefferson","39","1630","Alabama","5/25/20","1355","275","01073","20.3"
"Lamar","1","20","Alabama","5/25/20","15","5","01075","33.33"
"Lauderdale","3","135","Alabama","5/25/20","115","20","01077","17.39"
"Lawrence","1","43","Alabama","5/25/20","33","10","01079","30.3"
"Lee","8","510","Alabama","5/25/20","452","58","01081","12.83"
"Limestone","2","77","Alabama","5/25/20","65","12","01083","18.46"
"Lowndes","9","193","Alabama","5/25/20","133","60","01085","45.11"
"Macon","1","62","Alabama","5/25/20","55","7","01087","12.73"
"Madison","3","302","Alabama","5/25/20","278","24","01089","8.63"
"Marengo","5","141","Alabama","5/25/20","104","37","01091","35.58"
"Marion","2","114","Alabama","5/25/20","103","11","01093","10.68"
"Marshall","3","650","Alabama","5/25/20","632","18","01095","2.85"
"Mobile","43","2033","Alabama","5/25/20","1735","298","01097","17.18"
"Monroe","2","33","Alabama","5/25/20","20","13","01099","65"
"Montgomery","59","1274","Alabama","5/25/20","863","411","01101","47.62"
"Morgan","9","176","Alabama","5/25/20","116","60","01103","51.72"
"Perry","2","35","Alabama","5/25/20","21","14","01105","66.67"
"Pickens","2","93","Alabama","5/25/20","82","11","01107","13.41"
"Pike","5","145","Alabama","5/25/20","107","38","01109","35.51"
"Randolph","1","124","Alabama","5/25/20","120","4","01111","3.33"
"Russell","5","137","Alabama","5/25/20","105","32","01113","30.48"
"Shelby","6","447","Alabama","5/25/20","404","43","01117","10.64"
"St. Clair","2","104","Alabama","5/25/20","91","13","01115","14.29"
"Sumter","8","193","Alabama","5/25/20","136","57","01119","41.91"
"Talladega","1","91","Alabama","5/25/20","81","10","01121","12.35"
"Tallapoosa","5","400","Alabama","5/25/20","366","34","01123","9.29"
"Tuscaloosa","27","558","Alabama","5/25/20","368","190","01125","51.63"
"Walker","14","239","Alabama","5/25/20","139","100","01127","71.94"
"Washington","1","65","Alabama","5/25/20","61","4","01129","6.56"
"Wilcox","3","118","Alabama","5/25/20","95","23","01131","24.21"
"Winston","4","67","Alabama","5/25/20","39","28","01133","71.79"
"Anchorage","1","206","Alaska","5/25/20","199","7","02020","3.52"
"Bethel","0","2","Alaska","5/25/20","1","1","02050","100"
"Fairbanks North Star","0","85","Alaska","5/25/20","84","1","02090","1.19"
"Juneau","0","31","Alaska","5/25/20","29","2","02110","6.9"
"Kenai Peninsula","0","27","Alaska","5/25/20","24","3","02122","12.5"
"Ketchikan Gateway","0","16","Alaska","5/25/20","16","0","02130","0"
"Kodiak Island","0","1","Alaska","5/25/20","1","0","02150","0"
"Matanuska-Susitna","0","24","Alaska","5/25/20","21","3","02170","14.29"
"Nome","0","3","Alaska","5/25/20","1","2","02180","200"
"Northwest Arctic","0","2","Alaska","5/25/20","0","2","02188","1"
"Petersburg","0","4","Alaska","5/25/20","4","0","02195","0"
"Prince of Wales-Hyder","0","2","Alaska","5/25/20","2","0","02198","0"
"Sitka","0","1","Alaska","5/25/20","1","0","02220","0"
"Southeast Fairbanks","0","3","Alaska","5/25/20","3","0","02240","0"
"Yukon-Koyukuk","0","1","Alaska","5/25/20","1","0","02290","0"
"Apache","29","1191","Arizona","5/25/20","988","203","04001","20.55"
"Cochise","2","59","Arizona","5/25/20","46","13","04003","28.26"
"Coconino","18","1028","Arizona","5/25/20","901","127","04005","14.1"
"Gila","0","24","Arizona","5/25/20","22","2","04007","9.09"
"Graham","1","24","Arizona","5/25/20","20","4","04009","20"
"Greenlee","0","3","Arizona","5/25/20","2","1","04011","50"
"La Paz","2","51","Arizona","5/25/20","38","13","04012","34.21"
"Maricopa","148","8379","Arizona","5/25/20","7340","1039","04013","14.16"
"Mohave","10","319","Arizona","5/25/20","251","68","04015","27.09"
"Navajo","37","1543","Arizona","5/25/20","1285","258","04017","20.08"
"Pima","32","2046","Arizona","5/25/20","1825","221","04019","12.11"
"Pinal","9","764","Arizona","5/25/20","702","62","04021","8.83"
"Santa Cruz","15","186","Arizona","5/25/20","78","108","04023","138.46"
"Yavapai","3","288","Arizona","5/25/20","267","21","04025","7.87"
"Yuma","32","670","Arizona","5/25/20","443","227","04027","51.24"
"Arkansas","0","3","Arkansas","5/25/20","2","1","05001","50"
"Ashley","0","19","Arkansas","5/25/20","18","1","05003","5.56"
"Baxter","0","7","Arkansas","5/25/20","6","1","05005","16.67"
"Benton","21","297","Arkansas","5/25/20","150","147","05007","98"
"Boone","0","6","Arkansas","5/25/20","4","2","05009","50"
"Bradley","0","17","Arkansas","5/25/20","15","2","05011","13.33"
"Carroll","1","15","Arkansas","5/25/20","6","9","05015","150"
"Chicot","0","13","Arkansas","5/25/20","11","2","05017","18.18"
"Clark","0","36","Arkansas","5/25/20","35","1","05019","2.86"
"Clay","0","4","Arkansas","5/25/20","4","0","05021","0"
"Cleburne","0","73","Arkansas","5/25/20","72","1","05023","1.39"
"Cleveland","0","18","Arkansas","5/25/20","16","2","05025","12.5"
"Columbia","1","20","Arkansas","5/25/20","16","4","05027","25"
"Conway","0","14","Arkansas","5/25/20","14","0","05029","0"
"Craighead","7","188","Arkansas","5/25/20","141","47","05031","33.33"
"Crawford","0","14","Arkansas","5/25/20","11","3","05033","27.27"
"Crittenden","8","293","Arkansas","5/25/20","237","56","05035","23.63"
"Cross","1","42","Arkansas","5/25/20","36","6","05037","16.67"
"Dallas","0","1","Arkansas","5/25/20","1","0","05039","0"
"Desha","0","19","Arkansas","5/25/20","18","1","05041","5.56"
"Drew","0","19","Arkansas","5/25/20","19","0","05043","0"
"Faulkner","1","100","Arkansas","5/25/20","94","6","05045","6.38"
"Franklin","0","4","Arkansas","5/25/20","2","2","05047","100"
"Fulton","0","6","Arkansas","5/25/20","4","2","05049","50"
"Garland","1","134","Arkansas","5/25/20","130","4","05051","3.08"
"Grant","0","16","Arkansas","5/25/20","16","0","05053","0"
"Greene","4","50","Arkansas","5/25/20","24","26","05055","108.33"
"Hempstead","1","13","Arkansas","5/25/20","9","4","05057","44.44"
"Hot Spring","0","30","Arkansas","5/25/20","29","1","05059","3.45"
"Howard","0","17","Arkansas","5/25/20","14","3","05061","21.43"
"Independence","0","28","Arkansas","5/25/20","26","2","05063","7.69"
"Izard","0","15","Arkansas","5/25/20","13","2","05065","15.38"
"Jackson","0","1","Arkansas","5/25/20","1","0","05067","0"
"Jefferson","2","504","Arkansas","5/25/20","491","13","05069","2.65"
"Johnson","0","38","Arkansas","5/25/20","35","3","05071","8.57"
"Lafayette","0","9","Arkansas","5/25/20","9","0","05073","0"
"Lawrence","1","82","Arkansas","5/25/20","73","9","05075","12.33"
"Lee","1","17","Arkansas","5/25/20","12","5","05077","41.67"
"Lincoln","1","975","Arkansas","5/25/20","965","10","05079","1.04"
"Little River","0","4","Arkansas","5/25/20","1","3","05081","300"
"Logan","0","4","Arkansas","5/25/20","4","0","05083","0"
"Lonoke","0","46","Arkansas","5/25/20","45","1","05085","2.22"
"Madison","1","5","Arkansas","5/25/20","1","4","05087","400"
"Marion","0","1","Arkansas","5/25/20","1","0","05089","0"
"Miller","0","42","Arkansas","5/25/20","42","0","05091","0"
"Mississippi","1","70","Arkansas","5/25/20","62","8","05093","12.9"
"Monroe","0","5","Arkansas","5/25/20","5","0","05095","0"
"Montgomery","0","1","Arkansas","5/25/20","1","0","05097","0"
"Nevada","0","4","Arkansas","5/25/20","4","0","05099","0"
"Newton","0","3","Arkansas","5/25/20","3","0","05101","0"
"Ouachita","0","10","Arkansas","5/25/20","10","0","05103","0"
"Perry","0","13","Arkansas","5/25/20","12","1","05105","8.33"
"Phillips","1","9","Arkansas","5/25/20","5","4","05107","80"
"Pike","0","4","Arkansas","5/25/20","3","1","05109","33.33"
"Poinsett","0","30","Arkansas","5/25/20","27","3","05111","11.11"
"Polk","0","11","Arkansas","5/25/20","8","3","05113","37.5"
"Pope","6","119","Arkansas","5/25/20","76","43","05115","56.58"
"Prairie","0","2","Arkansas","5/25/20","2","0","05117","0"
"Pulaski","14","793","Arkansas","5/25/20","693","100","05119","14.43"
"Randolph","1","26","Arkansas","5/25/20","22","4","05121","18.18"
"Saline","2","98","Arkansas","5/25/20","82","16","05125","19.51"
"Scott","0","1","Arkansas","5/25/20","1","0","05127","0"
"Searcy","0","6","Arkansas","5/25/20","6","0","05129","0"
"Sebastian","1","20","Arkansas","5/25/20","16","4","05131","25"
"Sevier","9","93","Arkansas","5/25/20","32","61","05133","190.62"
"Sharp","1","42","Arkansas","5/25/20","37","5","05135","13.51"
"St. Francis","41","639","Arkansas","5/25/20","349","290","05123","83.09"
"Stone","0","8","Arkansas","5/25/20","8","0","05137","0"
"Union","8","160","Arkansas","5/25/20","107","53","05139","49.53"
"Van Buren","0","28","Arkansas","5/25/20","28","0","05141","0"
"Washington","19","276","Arkansas","5/25/20","145","131","05143","90.34"
"White","0","40","Arkansas","5/25/20","37","3","05145","8.11"
"Woodruff","0","1","Arkansas","5/25/20","1","0","05147","0"
"Yell","10","99","Arkansas","5/25/20","28","71","05149","253.57"
"Alameda","60","2874","California","5/25/20","2457","417","06001","16.97"
"Alpine","0","2","California","5/25/20","2","0","06003","0"
"Amador","0","10","California","5/25/20","10","0","06005","0"
"Butte","1","34","California","5/25/20","24","10","06007","41.67"
"Calaveras","0","13","California","5/25/20","13","0","06009","0"
"Colusa","0","5","California","5/25/20","3","2","06011","66.67"
"Contra Costa","26","1336","California","5/25/20","1155","181","06013","15.67"
"Del Norte","4","37","California","5/25/20","8","29","06015","362.5"
"El Dorado","2","78","California","5/25/20","67","11","06017","16.42"
"Fresno","41","1482","California","5/25/20","1192","290","06019","24.33"
"Glenn","0","12","California","5/25/20","9","3","06021","33.33"
"Humboldt","2","93","California","5/25/20","77","16","06023","20.78"
"Imperial","57","1274","California","5/25/20","876","398","06025","45.43"
"Inyo","0","19","California","5/25/20","19","0","06027","0"
"Kern","48","1871","California","5/25/20","1537","334","06029","21.73"
"Kings","35","647","California","5/25/20","399","248","06031","62.16"
"Lake","0","12","California","5/25/20","10","2","06033","20"
"Lassen","1","4","California","5/25/20","0","4","06035","1"
"Los Angeles","1081","46023","California","5/25/20","38458","7565","06037","19.67"
"Madera","2","84","California","5/25/20","71","13","06039","18.31"
"Marin","12","403","California","5/25/20","317","86","06041","27.13"
"Mariposa","0","15","California","5/25/20","15","0","06043","0"
"Mendocino","1","21","California","5/25/20","14","7","06045","50"
"Merced","6","261","California","5/25/20","216","45","06047","20.83"
"Mono","0","34","California","5/25/20","34","0","06051","0"
"Monterey","10","413","California","5/25/20","341","72","06053","21.11"
"Napa","1","101","California","5/25/20","92","9","06055","9.78"
"Nevada","0","41","California","5/25/20","41","0","06057","0"
"Orange","148","5469","California","5/25/20","4434","1035","06059","23.34"
"Placer","1","185","California","5/25/20","175","10","06061","5.71"
"Plumas","0","4","California","5/25/20","4","0","06063","0"
"Riverside","150","7004","California","5/25/20","5952","1052","06065","17.67"
"Sacramento","8","1302","California","5/25/20","1245","57","06067","4.58"
"San Benito","2","72","California","5/25/20","61","11","06069","18.03"
"San Bernardino","110","4365","California","5/25/20","3593","772","06071","21.49"
"San Diego","124","6701","California","5/25/20","5836","865","06073","14.82"
"San Francisco","36","2386","California","5/25/20","2131","255","06075","11.97"
"San Joaquin","8","752","California","5/25/20","699","53","06077","7.58"
"San Luis Obispo","2","259","California","5/25/20","246","13","06079","5.28"
"San Mateo","23","1833","California","5/25/20","1671","162","06081","9.69"
"Santa Barbara","11","1551","California","5/25/20","1474","77","06083","5.22"
"Santa Clara","28","2652","California","5/25/20","2453","199","06085","8.11"
"Santa Cruz","5","200","California","5/25/20","163","37","06087","22.7"
"Shasta","0","36","California","5/25/20","34","2","06089","5.88"
"Sierra","0","1","California","5/25/20","0","1","06091","1"
"Siskiyou","0","6","California","5/25/20","6","0","06093","0"
"Solano","6","455","California","5/25/20","410","45","06095","10.98"
"Sonoma","16","500","California","5/25/20","387","113","06097","29.2"
"Stanislaus","11","646","California","5/25/20","571","75","06099","13.13"
"Sutter","0","40","California","5/25/20","40","0","06101","0"
"Tehama","0","3","California","5/25/20","2","1","06103","50"
"Trinity","0","1","California","5/25/20","1","0","06105","0"
"Tulare","29","1641","California","5/25/20","1436","205","06107","14.28"
"Tuolumne","0","3","California","5/25/20","2","1","06109","50"
"Ventura","21","912","California","5/25/20","764","148","06111","19.37"
"Yolo","1","194","California","5/25/20","184","10","06113","5.43"
"Yuba","0","28","California","5/25/20","26","2","06115","7.69"
"Adams","38","2908","Colorado","5/25/20","2640","268","08001","10.15"
"Alamosa","2","58","Colorado","5/25/20","42","16","08003","38.1"
"Arapahoe","44","4075","Colorado","5/25/20","3767","308","08005","8.18"
"Archuleta","0","8","Colorado","5/25/20","8","0","08007","0"
"Baca","0","12","Colorado","5/25/20","12","0","08009","0"
"Bent","0","2","Colorado","5/25/20","1","1","08011","100"
"Boulder","11","932","Colorado","5/25/20","857","75","08013","8.75"
"Broomfield","1","221","Colorado","5/25/20","213","8","08014","3.76"
"Chaffee","0","71","Colorado","5/25/20","69","2","08015","2.9"
"Cheyenne","0","5","Colorado","5/25/20","5","0","08017","0"
"Clear Creek","0","16","Colorado","5/25/20","16","0","08019","0"
"Conejos","0","1","Colorado","5/25/20","1","0","08021","0"
"Costilla","0","3","Colorado","5/25/20","4","-1","08023","-25"
"Crowley","3","63","Colorado","5/25/20","39","24","08025","61.54"
"Custer","0","2","Colorado","5/25/20","2","0","08027","0"
"Delta","2","67","Colorado","5/25/20","55","12","08029","21.82"
"Denver","71","5216","Colorado","5/25/20","4720","496","08031","10.51"
"Douglas","4","678","Colorado","5/25/20","649","29","08035","4.47"
"Eagle","1","577","Colorado","5/25/20","570","7","08037","1.23"
"El Paso","27","1535","Colorado","5/25/20","1348","187","08041","13.87"
"Elbert","0","49","Colorado","5/25/20","47","2","08039","4.26"
"Fremont","0","26","Colorado","5/25/20","25","1","08043","4"
"Garfield","1","123","Colorado","5/25/20","114","9","08045","7.89"
"Gilpin","0","3","Colorado","5/25/20","4","-1","08047","-25"
"Grand","0","7","Colorado","5/25/20","5","2","08049","40"
"Gunnison","0","179","Colorado","5/25/20","179","0","08051","0"
"Hinsdale","0","3","Colorado","5/25/20","3","0","08053","0"
"Huerfano","0","3","Colorado","5/25/20","3","0","08055","0"
"Jefferson","30","2061","Colorado","5/25/20","1849","212","08059","11.47"
"Kit Carson","0","26","Colorado","5/25/20","26","0","08063","0"
"La Plata","1","77","Colorado","5/25/20","68","9","08067","13.24"
"Lake","0","27","Colorado","5/25/20","26","1","08065","3.85"
"Larimer","6","540","Colorado","5/25/20","495","45","08069","9.09"
"Las Animas","0","5","Colorado","5/25/20","4","1","08071","25"
"Lincoln","0","3","Colorado","5/25/20","3","0","08073","0"
"Logan","13","582","Colorado","5/25/20","488","94","08075","19.26"
"Mesa","1","55","Colorado","5/25/20","50","5","08077","10"
"Mineral","0","2","Colorado","5/25/20","2","0","08079","0"
"Moffat","0","6","Colorado","5/25/20","6","0","08081","0"
"Montezuma","1","36","Colorado","5/25/20","27","9","08083","33.33"
"Montrose","3","159","Colorado","5/25/20","136","23","08085","16.91"
"Morgan","6","609","Colorado","5/25/20","565","44","08087","7.79"
"Otero","1","15","Colorado","5/25/20","11","4","08089","36.36"
"Ouray","0","8","Colorado","5/25/20","7","1","08091","14.29"
"Park","1","23","Colorado","5/25/20","16","7","08093","43.75"
"Phillips","0","12","Colorado","5/25/20","10","2","08095","20"
"Pitkin","0","57","Colorado","5/25/20","57","0","08097","0"
"Prowers","0","12","Colorado","5/25/20","10","2","08099","20"
"Pueblo","7","263","Colorado","5/25/20","217","46","08101","21.2"
"Rio Blanco","0","1","Colorado","5/25/20","1","0","08103","0"
"Rio Grande","1","16","Colorado","5/25/20","8","8","08105","100"
"Routt","0","59","Colorado","5/25/20","60","-1","08107","-1.67"
"Saguache","3","36","Colorado","5/25/20","17","19","08109","111.76"
"San Juan","0","1","Colorado","5/25/20","1","0","08111","0"
"San Miguel","0","23","Colorado","5/25/20","22","1","08113","4.55"
"Summit","3","205","Colorado","5/25/20","186","19","08117","10.22"
"Teller","0","32","Colorado","5/25/20","31","1","08119","3.23"
"Washington","3","32","Colorado","5/25/20","11","21","08121","190.91"
"Weld","15","2412","Colorado","5/25/20","2305","107","08123","4.64"
"Yuma","1","18","Colorado","5/25/20","11","7","08125","63.64"
"Fairfield","111","15213","Connecticut","5/25/20","14439","774","09001","5.36"
"Hartford","126","9841","Connecticut","5/25/20","8957","884","09003","9.87"
"Litchfield","9","1346","Connecticut","5/25/20","1280","66","09005","5.16"
"Middlesex","11","1012","Connecticut","5/25/20","936","76","09007","8.12"
"New Haven","97","11017","Connecticut","5/25/20","10338","679","09009","6.57"
"New London","24","1043","Connecticut","5/25/20","876","167","09011","19.06"
"Tolland","11","812","Connecticut","5/25/20","735","77","09013","10.48"
"Windham","6","365","Connecticut","5/25/20","322","43","09015","13.35"
"Kent","20","1356","Delaware","5/25/20","1219","137","10001","11.24"
"New Castle","100","3436","Delaware","5/25/20","2738","698","10003","25.49"
"Sussex","37","4118","Delaware","5/25/20","3861","257","10005","6.66"
"","0","49","Diamond Princess","5/25/20","49","0",,"0"
"District of Columbia","136","8225","District of Columbia","5/25/20","7270","955","11001","13.14"
"Alachua","4","365","Florida","5/25/20","337","28","12001","8.31"
"Baker","0","27","Florida","5/25/20","26","1","12003","3.85"
"Bay","2","97","Florida","5/25/20","85","12","12005","14.12"
"Bradford","0","51","Florida","5/25/20","49","2","12007","4.08"
"Brevard","4","398","Florida","5/25/20","367","31","12009","8.45"
"Broward","63","6760","Florida","5/25/20","6322","438","12011","6.93"
"Calhoun","2","52","Florida","5/25/20","41","11","12013","26.83"
"Charlotte","5","427","Florida","5/25/20","389","38","12015","9.77"
"Citrus","1","119","Florida","5/25/20","112","7","12017","6.25"
"Clay","6","362","Florida","5/25/20","320","42","12019","13.12"
"Collier","39","1282","Florida","5/25/20","1006","276","12021","27.44"
"Columbia","3","131","Florida","5/25/20","113","18","12023","15.93"
"DeSoto","7","117","Florida","5/25/20","68","49","12027","72.06"
"Dixie","3","43","Florida","5/25/20","25","18","12029","72"
"Duval","24","1467","Florida","5/25/20","1300","167","12031","12.85"
"Escambia","9","768","Florida","5/25/20","707","61","12033","8.63"
"Flagler","2","177","Florida","5/25/20","160","17","12035","10.62"
"Franklin","0","2","Florida","5/25/20","2","0","12037","0"
"Gadsden","3","264","Florida","5/25/20","240","24","12039","10"
"Gilchrist","1","12","Florida","5/25/20","7","5","12041","71.43"
"Glades","1","20","Florida","5/25/20","10","10","12043","100"
"Gulf","0","1","Florida","5/25/20","1","0","12045","0"
"Hamilton","8","206","Florida","5/25/20","147","59","12047","40.14"
"Hardee","6","85","Florida","5/25/20","42","43","12049","102.38"
"Hendry","14","321","Florida","5/25/20","222","99","12051","44.59"
"Hernando","0","112","Florida","5/25/20","110","2","12053","1.82"
"Highlands","1","114","Florida","5/25/20","104","10","12055","9.62"
"Hillsborough","41","1939","Florida","5/25/20","1653","286","12057","17.3"
"Holmes","0","14","Florida","5/25/20","12","2","12059","16.67"
"Indian River","2","117","Florida","5/25/20","106","11","12061","10.38"
"Jackson","15","238","Florida","5/25/20","131","107","12063","81.68"
"Jefferson","0","29","Florida","5/25/20","28","1","12065","3.57"
"Lafayette","0","8","Florida","5/25/20","6","2","12067","33.33"
"Lake","3","275","Florida","5/25/20","254","21","12069","8.27"
"Lee","36","1736","Florida","5/25/20","1481","255","12071","17.22"
"Leon","12","372","Florida","5/25/20","290","82","12073","28.28"
"Levy","1","29","Florida","5/25/20","25","4","12075","16"
"Liberty","1","209","Florida","5/25/20","199","10","12077","5.03"
"Madison","1","69","Florida","5/25/20","64","5","12079","7.81"
"Manatee","17","988","Florida","5/25/20","867","121","12081","13.96"
"Marion","2","237","Florida","5/25/20","223","14","12083","6.28"
"Martin","20","510","Florida","5/25/20","371","139","12085","37.47"
"Miami-Dade","168","17041","Florida","5/25/20","15864","1177","12086","7.42"
"Monroe","1","107","Florida","5/25/20","99","8","12087","8.08"
"Nassau","1","70","Florida","5/25/20","66","4","12089","6.06"
"Okaloosa","2","193","Florida","5/25/20","178","15","12091","8.43"
"Okeechobee","3","64","Florida","5/25/20","43","21","12093","48.84"
"Orange","22","1831","Florida","5/25/20","1679","152","12095","9.05"
"Osceola","4","658","Florida","5/25/20","627","31","12097","4.94"
"Palm Beach","100","5355","Florida","5/25/20","4658","697","12099","14.96"
"Pasco","6","360","Florida","5/25/20","319","41","12101","12.85"
"Pinellas","19","1187","Florida","5/25/20","1051","136","12103","12.94"
"Polk","19","878","Florida","5/25/20","746","132","12105","17.69"
"Putnam","1","143","Florida","5/25/20","134","9","12107","6.72"
"Santa Rosa","3","208","Florida","5/25/20","185","23","12113","12.43"
"Sarasota","10","590","Florida","5/25/20","518","72","12115","13.9"
"Seminole","4","461","Florida","5/25/20","435","26","12117","5.98"
"St. Johns","1","240","Florida","5/25/20","232","8","12109","3.45"
"St. Lucie","10","404","Florida","5/25/20","334","70","12111","20.96"
"Sumter","0","253","Florida","5/25/20","252","1","12119","0.4"
"Suwannee","1","166","Florida","5/25/20","160","6","12121","3.75"
"Taylor","1","14","Florida","5/25/20","5","9","12123","180"
"Union","1","30","Florida","5/25/20","25","5","12125","20"
"Volusia","10","673","Florida","5/25/20","605","68","12127","11.24"
"Wakulla","0","32","Florida","5/25/20","32","0","12129","0"
"Walton","4","108","Florida","5/25/20","81","27","12131","33.33"
"Washington","5","45","Florida","5/25/20","13","32","12133","246.15"
"Appling","3","134","Georgia","5/25/20","111","23","13001","20.72"
"Atkinson","1","31","Georgia","5/25/20","22","9","13003","40.91"
"Bacon","2","77","Georgia","5/25/20","61","16","13005","26.23"
"Baker","0","33","Georgia","5/25/20","33","0","13007","0"
"Baldwin","6","330","Georgia","5/25/20","290","40","13009","13.79"
"Banks","4","73","Georgia","5/25/20","43","30","13011","69.77"
"Barrow","4","292","Georgia","5/25/20","263","29","13013","11.03"
"Bartow","7","443","Georgia","5/25/20","396","47","13015","11.87"
"Ben Hill","2","61","Georgia","5/25/20","47","14","13017","29.79"
"Berrien","2","37","Georgia","5/25/20","22","15","13019","68.18"
"Bibb","5","435","Georgia","5/25/20","397","38","13021","9.57"
"Bleckley","1","38","Georgia","5/25/20","33","5","13023","15.15"
"Brantley","2","51","Georgia","5/25/20","39","12","13025","30.77"
"Brooks","0","67","Georgia","5/25/20","64","3","13027","4.69"
"Bryan","1","70","Georgia","5/25/20","65","5","13029","7.69"
"Bulloch","1","52","Georgia","5/25/20","45","7","13031","15.56"
"Burke","1","123","Georgia","5/25/20","116","7","13033","6.03"
"Butts","2","211","Georgia","5/25/20","199","12","13035","6.03"
"Calhoun","1","128","Georgia","5/25/20","122","6","13037","4.92"
"Camden","1","55","Georgia","5/25/20","50","5","13039","10"
"Candler","0","13","Georgia","5/25/20","10","3","13043","30"
"Carroll","9","472","Georgia","5/25/20","408","64","13045","15.69"
"Catoosa","5","105","Georgia","5/25/20","71","34","13047","47.89"
"Charlton","0","29","Georgia","5/25/20","26","3","13049","11.54"
"Chatham","12","448","Georgia","5/25/20","363","85","13051","23.42"
"Chattahoochee","1","25","Georgia","5/25/20","19","6","13053","31.58"
"Chattooga","1","24","Georgia","5/25/20","15","9","13055","60"
"Cherokee","15","831","Georgia","5/25/20","723","108","13057","14.94"
"Clarke","5","232","Georgia","5/25/20","200","32","13059","16"
"Clay","1","35","Georgia","5/25/20","30","5","13061","16.67"
"Clayton","18","1132","Georgia","5/25/20","1009","123","13063","12.19"
"Clinch","2","56","Georgia","5/25/20","42","14","13065","33.33"
"Cobb","52","2795","Georgia","5/25/20","2429","366","13067","15.07"
"Coffee","7","250","Georgia","5/25/20","200","50","13069","25"
"Colquitt","14","349","Georgia","5/25/20","253","96","13071","37.94"
"Columbia","2","224","Georgia","5/25/20","212","12","13073","5.66"
"Cook","2","46","Georgia","5/25/20","31","15","13075","48.39"
"Coweta","13","376","Georgia","5/25/20","285","91","13077","31.93"
"Crawford","1","26","Georgia","5/25/20","19","7","13079","36.84"
"Crisp","4","223","Georgia","5/25/20","197","26","13081","13.2"
"Dade","1","27","Georgia","5/25/20","20","7","13083","35"
"Dawson","3","103","Georgia","5/25/20","84","19","13085","22.62"
"Decatur","4","153","Georgia","5/25/20","128","25","13087","19.53"
"DeKalb","64","3305","Georgia","5/25/20","2856","449","13089","15.72"
"Dodge","1","48","Georgia","5/25/20","44","4","13091","9.09"
"Dooly","1","172","Georgia","5/25/20","162","10","13093","6.17"
"Dougherty","9","1730","Georgia","5/25/20","1664","66","13095","3.97"
"Douglas","9","504","Georgia","5/25/20","439","65","13097","14.81"
"Early","1","235","Georgia","5/25/20","231","4","13099","1.73"
"Echols","7","62","Georgia","5/25/20","16","46","13101","287.5"
"Effingham","3","63","Georgia","5/25/20","45","18","13103","40"
"Elbert","3","71","Georgia","5/25/20","48","23","13105","47.92"
"Emanuel","0","27","Georgia","5/25/20","26","1","13107","3.85"
"Evans","0","5","Georgia","5/25/20","5","0","13109","0"
"Fannin","0","40","Georgia","5/25/20","38","2","13111","5.26"
"Fayette","2","221","Georgia","5/25/20","210","11","13113","5.24"
"Floyd","6","228","Georgia","5/25/20","187","41","13115","21.93"
"Forsyth","11","480","Georgia","5/25/20","405","75","13117","18.52"
"Franklin","1","39","Georgia","5/25/20","33","6","13119","18.18"
"Fulton","47","4080","Georgia","5/25/20","3751","329","13121","8.77"
"Gilmer","4","137","Georgia","5/25/20","111","26","13123","23.42"
"Glascock","0","1","Georgia","5/25/20","1","0","13125","0"
"Glynn","1","87","Georgia","5/25/20","77","10","13127","12.99"
"Gordon","1","138","Georgia","5/25/20","128","10","13129","7.81"
"Grady","0","93","Georgia","5/25/20","92","1","13131","1.09"
"Greene","1","64","Georgia","5/25/20","60","4","13133","6.67"
"Gwinnett","74","3198","Georgia","5/25/20","2680","518","13135","19.33"
"Habersham","7","502","Georgia","5/25/20","455","47","13137","10.33"
"Hall","23","2327","Georgia","5/25/20","2164","163","13139","7.53"
"Hancock","4","191","Georgia","5/25/20","161","30","13141","18.63"
"Haralson","0","36","Georgia","5/25/20","34","2","13143","5.88"
"Harris","1","83","Georgia","5/25/20","74","9","13145","12.16"
"Hart","1","26","Georgia","5/25/20","22","4","13147","18.18"
"Heard","2","28","Georgia","5/25/20","17","11","13149","64.71"
"Henry","2","641","Georgia","5/25/20","627","14","13151","2.23"
"Houston","4","349","Georgia","5/25/20","318","31","13153","9.75"
"Irwin","0","24","Georgia","5/25/20","22","2","13155","9.09"
"Jackson","2","148","Georgia","5/25/20","132","16","13157","12.12"
"Jasper","1","31","Georgia","5/25/20","26","5","13159","19.23"
"Jeff Davis","1","34","Georgia","5/25/20","25","9","13161","36"
"Jefferson","1","29","Georgia","5/25/20","23","6","13163","26.09"
"Jenkins","0","18","Georgia","5/25/20","16","2","13165","12.5"
"Johnson","1","81","Georgia","5/25/20","74","7","13167","9.46"
"Jones","1","34","Georgia","5/25/20","30","4","13169","13.33"
"Lamar","2","53","Georgia","5/25/20","41","12","13171","29.27"
"Lanier","0","14","Georgia","5/25/20","11","3","13173","27.27"
"Laurens","1","104","Georgia","5/25/20","95","9","13175","9.47"
"Lee","2","354","Georgia","5/25/20","341","13","13177","3.81"
"Liberty","3","67","Georgia","5/25/20","47","20","13179","42.55"
"Lincoln","0","15","Georgia","5/25/20","13","2","13181","15.38"
"Long","1","12","Georgia","5/25/20","6","6","13183","100"
"Lowndes","6","250","Georgia","5/25/20","208","42","13185","20.19"
"Lumpkin","1","91","Georgia","5/25/20","83","8","13187","9.64"
"Macon","0","95","Georgia","5/25/20","93","2","13193","2.15"
"Madison","1","39","Georgia","5/25/20","29","10","13195","34.48"
"Marion","0","49","Georgia","5/25/20","46","3","13197","6.52"
"McDuffie","1","63","Georgia","5/25/20","55","8","13189","14.55"
"McIntosh","0","12","Georgia","5/25/20","10","2","13191","20"
"Meriwether","1","78","Georgia","5/25/20","70","8","13199","11.43"
"Miller","0","38","Georgia","5/25/20","36","2","13201","5.56"
"Mitchell","1","399","Georgia","5/25/20","389","10","13205","2.57"
"Monroe","3","118","Georgia","5/25/20","95","23","13207","24.21"
"Montgomery","0","10","Georgia","5/25/20","8","2","13209","25"
"Morgan","0","37","Georgia","5/25/20","34","3","13211","8.82"
"Murray","2","78","Georgia","5/25/20","61","17","13213","27.87"
"Muscogee","18","564","Georgia","5/25/20","440","124","13215","28.18"
"Newton","7","311","Georgia","5/25/20","264","47","13217","17.8"
"Oconee","4","105","Georgia","5/25/20","80","25","13219","31.25"
"Oglethorpe","0","58","Georgia","5/25/20","55","3","13221","5.45"
"Out of GA","48","1986","Georgia","5/25/20","1649","337","80013","20.44"
"Paulding","7","291","Georgia","5/25/20","241","50","13223","20.75"
"Peach","0","70","Georgia","5/25/20","69","1","13225","1.45"
"Pickens","1","43","Georgia","5/25/20","38","5","13227","13.16"
"Pierce","2","90","Georgia","5/25/20","75","15","13229","20"
"Pike","1","50","Georgia","5/25/20","44","6","13231","13.64"
"Polk","2","97","Georgia","5/25/20","80","17","13233","21.25"
"Pulaski","0","39","Georgia","5/25/20","36","3","13235","8.33"
"Putnam","1","88","Georgia","5/25/20","79","9","13237","11.39"
"Quitman","0","11","Georgia","5/25/20","8","3","13239","37.5"
"Rabun","0","15","Georgia","5/25/20","15","0","13241","0"
"Randolph","1","174","Georgia","5/25/20","169","5","13243","2.96"
"Richmond","6","534","Georgia","5/25/20","491","43","13245","8.76"
"Rockdale","2","267","Georgia","5/25/20","250","17","13247","6.8"
"Schley","0","16","Georgia","5/25/20","16","0","13249","0"
"Screven","1","28","Georgia","5/25/20","20","8","13251","40"
"Seminole","0","43","Georgia","5/25/20","40","3","13253","7.5"
"Spalding","2","259","Georgia","5/25/20","242","17","13255","7.02"
"Stephens","1","123","Georgia","5/25/20","113","10","13257","8.85"
"Stewart","1","44","Georgia","5/25/20","39","5","13259","12.82"
"Sumter","4","449","Georgia","5/25/20","419","30","13261","7.16"
"Talbot","1","35","Georgia","5/25/20","30","5","13263","16.67"
"Taliaferro","0","1","Georgia","5/25/20","1","0","13265","0"
"Tattnall","0","15","Georgia","5/25/20","12","3","13267","25"
"Taylor","0","21","Georgia","5/25/20","22","-1","13269","-4.55"
"Telfair","0","33","Georgia","5/25/20","30","3","13271","10"
"Terrell","2","211","Georgia","5/25/20","199","12","13273","6.03"
"Thomas","4","313","Georgia","5/25/20","288","25","13275","8.68"
"Tift","6","228","Georgia","5/25/20","185","43","13277","23.24"
"Toombs","1","50","Georgia","5/25/20","46","4","13279","8.7"
"Towns","0","22","Georgia","5/25/20","21","1","13281","4.76"
"Treutlen","0","8","Georgia","5/25/20","8","0","13283","0"
"Troup","8","260","Georgia","5/25/20","201","59","13285","29.35"
"Turner","3","105","Georgia","5/25/20","84","21","13287","25"
"Twiggs","1","14","Georgia","5/25/20","9","5","13289","55.56"
"Union","0","39","Georgia","5/25/20","37","2","13291","5.41"
"Upson","2","275","Georgia","5/25/20","261","14","13293","5.36"
"Walker","3","96","Georgia","5/25/20","74","22","13295","29.73"
"Walton","5","196","Georgia","5/25/20","164","32","13297","19.51"
"Ware","6","218","Georgia","5/25/20","174","44","13299","25.29"
"Warren","0","18","Georgia","5/25/20","16","2","13301","12.5"
"Washington","1","73","Georgia","5/25/20","67","6","13303","8.96"
"Wayne","0","17","Georgia","5/25/20","14","3","13305","21.43"
"Webster","0","11","Georgia","5/25/20","11","0","13307","0"
"Wheeler","0","9","Georgia","5/25/20","7","2","13309","28.57"
"White","1","94","Georgia","5/25/20","87","7","13311","8.05"
"Whitfield","14","283","Georgia","5/25/20","188","95","13313","50.53"
"Wilcox","0","98","Georgia","5/25/20","95","3","13315","3.16"
"Wilkes","0","32","Georgia","5/25/20","30","2","13317","6.67"
"Wilkinson","3","65","Georgia","5/25/20","45","20","13319","44.44"
"Worth","2","210","Georgia","5/25/20","197","13","13321","6.6"
"","0","103","Grand Princess","5/25/20","103","0",,"0"
"","2","166","Guam","5/25/20","154","12",,"7.79"
"Hawaii","1","81","Hawaii","5/25/20","77","4","15001","5.19"
"Honolulu","0","414","Hawaii","5/25/20","415","-1","15003","-0.24"
"Kauai","0","20","Hawaii","5/25/20","21","-1","15007","-4.76"
"Maui","0","118","Hawaii","5/25/20","117","1","15009","0.85"
"Out of HI","0","10","Hawaii","5/25/20","10","0","80015","0"
"Ada","2","796","Idaho","5/25/20","780","16","16001","2.05"
"Adams","0","3","Idaho","5/25/20","3","0","16003","0"
"Bannock","0","18","Idaho","5/25/20","16","2","16005","12.5"
"Bingham","0","6","Idaho","5/25/20","6","0","16011","0"
"Blaine","0","510","Idaho","5/25/20","508","2","16013","0.39"
"Bonner","0","4","Idaho","5/25/20","4","0","16017","0"
"Bonneville","0","32","Idaho","5/25/20","33","-1","16019","-3.03"
"Camas","0","1","Idaho","5/25/20","1","0","16025","0"
"Canyon","1","284","Idaho","5/25/20","277","7","16027","2.53"
"Caribou","0","1","Idaho","5/25/20","1","0","16029","0"
"Cassia","1","28","Idaho","5/25/20","19","9","16031","47.37"
"Custer","0","2","Idaho","5/25/20","2","0","16037","0"
"Elmore","0","31","Idaho","5/25/20","31","0","16039","0"
"Fremont","0","3","Idaho","5/25/20","3","0","16043","0"
"Gem","0","17","Idaho","5/25/20","16","1","16045","6.25"
"Gooding","2","39","Idaho","5/25/20","26","13","16047","50"
"Idaho","0","3","Idaho","5/25/20","3","0","16049","0"
"Jefferson","0","7","Idaho","5/25/20","7","0","16051","0"
"Jerome","6","145","Idaho","5/25/20","102","43","16053","42.16"
"Kootenai","0","66","Idaho","5/25/20","66","0","16055","0"
"Latah","0","7","Idaho","5/25/20","6","1","16057","16.67"
"Lemhi","0","1","Idaho","5/25/20","1","0","16059","0"
"Lincoln","0","30","Idaho","5/25/20","29","1","16063","3.45"
"Madison","0","20","Idaho","5/25/20","19","1","16065","5.26"
"Minidoka","2","29","Idaho","5/25/20","15","14","16067","93.33"
"Nez Perce","0","81","Idaho","5/25/20","79","2","16069","2.53"
"Owyhee","0","8","Idaho","5/25/20","8","0","16073","0"
"Payette","0","23","Idaho","5/25/20","22","1","16075","4.55"
"Power","0","3","Idaho","5/25/20","3","0","16077","0"
"Teton","0","11","Idaho","5/25/20","11","0","16081","0"
"Twin Falls","8","381","Idaho","5/25/20","326","55","16083","16.87"
"Valley","0","2","Idaho","5/25/20","2","0","16085","0"
"Washington","1","34","Idaho","5/25/20","30","4","16087","13.33"
"Adams","0","44","Illinois","5/25/20","42","2","17001","4.76"
"Alexander","0","8","Illinois","5/25/20","8","0","17003","0"
"Bond","0","10","Illinois","5/25/20","11","-1","17005","-9.09"
"Boone","13","397","Illinois","5/25/20","307","90","17007","29.32"
"Brown","0","10","Illinois","5/25/20","11","-1","17009","-9.09"
"Bureau","0","15","Illinois","5/25/20","15","0","17011","0"
"Calhoun","0","1","Illinois","5/25/20","1","0","17013","0"
"Carroll","0","13","Illinois","5/25/20","14","-1","17015","-7.14"
"Cass","0","67","Illinois","5/25/20","64","3","17017","4.69"
"Champaign","21","564","Illinois","5/25/20","418","146","17019","34.93"
"Christian","0","33","Illinois","5/25/20","32","1","17021","3.12"
"Clark","0","10","Illinois","5/25/20","9","1","17023","11.11"
"Clay","0","2","Illinois","5/25/20","2","0","17025","0"
"Clinton","2","177","Illinois","5/25/20","161","16","17027","9.94"
"Coles","4","116","Illinois","5/25/20","85","31","17029","36.47"
"Cook","1344","73097","Illinois","5/25/20","63690","9407","17031","14.77"
"Crawford","0","11","Illinois","5/25/20","11","0","17033","0"
"Cumberland","0","10","Illinois","5/25/20","9","1","17035","11.11"
"De Witt","0","4","Illinois","5/25/20","4","0","17039","0"
"DeKalb","9","325","Illinois","5/25/20","262","63","17037","24.05"
"Douglas","0","27","Illinois","5/25/20","26","1","17041","3.85"
"DuPage","162","7207","Illinois","5/25/20","6076","1131","17043","18.61"
"Edwards","0","2","Illinois","5/25/20","2","0","17047","0"
"Effingham","0","6","Illinois","5/25/20","6","0","17049","0"
"Fayette","0","20","Illinois","5/25/20","19","1","17051","5.26"
"Ford","0","20","Illinois","5/25/20","18","2","17053","11.11"
"Franklin","0","12","Illinois","5/25/20","11","1","17055","9.09"
"Fulton","0","11","Illinois","5/25/20","8","3","17057","37.5"
"Gallatin","0","2","Illinois","5/25/20","2","0","17059","0"
"Greene","0","5","Illinois","5/25/20","4","1","17061","25"
"Grundy","2","89","Illinois","5/25/20","75","14","17063","18.67"
"Hamilton","0","2","Illinois","5/25/20","2","0","17065","0"
"Hancock","0","13","Illinois","5/25/20","13","0","17067","0"
"Hardin","0","1","Illinois","5/25/20","1","0","17069","0"
"Henderson","0","8","Illinois","5/25/20","8","0","17071","0"
"Henry","0","67","Illinois","5/25/20","65","2","17073","3.08"
"Iroquois","2","130","Illinois","5/25/20","118","12","17075","10.17"
"Jackson","7","228","Illinois","5/25/20","181","47","17077","25.97"
"Jasper","0","45","Illinois","5/25/20","45","0","17079","0"
"Jefferson","0","101","Illinois","5/25/20","99","2","17081","2.02"
"Jersey","0","20","Illinois","5/25/20","19","1","17083","5.26"
"Jo Daviess","1","27","Illinois","5/25/20","19","8","17085","42.11"
"Johnson","0","7","Illinois","5/25/20","7","0","17087","0"
"Kane","168","5761","Illinois","5/25/20","4584","1177","17089","25.68"
"Kankakee","18","799","Illinois","5/25/20","673","126","17091","18.72"
"Kendall","19","714","Illinois","5/25/20","579","135","17093","23.32"
"Knox","1","94","Illinois","5/25/20","89","5","17095","5.62"
"Lake","154","7723","Illinois","5/25/20","6645","1078","17097","16.22"
"LaSalle","3","140","Illinois","5/25/20","121","19","17099","15.7"
"Lawrence","0","4","Illinois","5/25/20","4","0","17101","0"
"Lee","0","77","Illinois","5/25/20","74","3","17103","4.05"
"Livingston","1","31","Illinois","5/25/20","27","4","17105","14.81"
"Logan","0","10","Illinois","5/25/20","10","0","17107","0"
"Macon","3","188","Illinois","5/25/20","169","19","17115","11.24"
"Macoupin","0","41","Illinois","5/25/20","41","0","17117","0"
"Madison","7","539","Illinois","5/25/20","493","46","17119","9.33"
"Marion","0","50","Illinois","5/25/20","48","2","17121","4.17"
"Marshall","0","5","Illinois","5/25/20","5","0","17123","0"
"Mason","0","17","Illinois","5/25/20","16","1","17125","6.25"
"Massac","0","7","Illinois","5/25/20","6","1","17127","16.67"
"McDonough","3","83","Illinois","5/25/20","64","19","17109","29.69"
"McHenry","31","1427","Illinois","5/25/20","1209","218","17111","18.03"
"McLean","4","211","Illinois","5/25/20","186","25","17113","13.44"
"Menard","0","17","Illinois","5/25/20","17","0","17129","0"
"Mercer","0","15","Illinois","5/25/20","14","1","17131","7.14"
"Monroe","0","92","Illinois","5/25/20","89","3","17133","3.37"
"Montgomery","0","39","Illinois","5/25/20","39","0","17135","0"
"Morgan","0","34","Illinois","5/25/20","36","-2","17137","-5.56"
"Moultrie","0","10","Illinois","5/25/20","8","2","17139","25"
"Ogle","3","192","Illinois","5/25/20","172","20","17141","11.63"
"Out of IL","11","164","Illinois","5/25/20","87","77","80017","88.51"
"Peoria","3","179","Illinois","5/25/20","160","19","17143","11.88"
"Perry","0","41","Illinois","5/25/20","39","2","17145","5.13"
"Piatt","0","11","Illinois","5/25/20","9","2","17147","22.22"
"Pike","0","1","Illinois","5/25/20","1","0","17149","0"
"Pope","0","1","Illinois","5/25/20","1","0","17151","0"
"Pulaski","0","40","Illinois","5/25/20","40","0","17153","0"
"Putnam","0","1","Illinois","5/25/20","1","0","17155","0"
"Randolph","3","259","Illinois","5/25/20","237","22","17157","9.28"
"Richland","0","3","Illinois","5/25/20","3","0","17159","0"
"Rock Island","7","636","Illinois","5/25/20","590","46","17161","7.8"
"Saline","0","7","Illinois","5/25/20","6","1","17165","16.67"
"Sangamon","3","331","Illinois","5/25/20","309","22","17167","7.12"
"Schuyler","0","10","Illinois","5/25/20","7","3","17169","42.86"
"Shelby","0","16","Illinois","5/25/20","13","3","17173","23.08"
"St. Clair","25","991","Illinois","5/25/20","815","176","17163","21.6"
"Stark","0","3","Illinois","5/25/20","2","1","17175","50"
"Stephenson","5","190","Illinois","5/25/20","156","34","17177","21.79"
"Tazewell","1","67","Illinois","5/25/20","63","4","17179","6.35"
"Union","3","141","Illinois","5/25/20","122","19","17181","15.57"
"Vermilion","1","39","Illinois","5/25/20","31","8","17183","25.81"
"Wabash","0","2","Illinois","5/25/20","1","1","17185","100"
"Warren","1","114","Illinois","5/25/20","109","5","17187","4.59"
"Washington","0","18","Illinois","5/25/20","17","1","17189","5.88"
"Wayne","0","9","Illinois","5/25/20","9","0","17191","0"
"White","0","2","Illinois","5/25/20","2","0","17193","0"
"Whiteside","2","134","Illinois","5/25/20","123","11","17195","8.94"
"Will","105","5188","Illinois","5/25/20","4455","733","17197","16.45"
"Williamson","0","55","Illinois","5/25/20","52","3","17199","5.77"
"Winnebago","59","1953","Illinois","5/25/20","1537","416","17201","27.07"
"Woodford","0","17","Illinois","5/25/20","16","1","17203","6.25"
"Adams","0","12","Indiana","5/25/20","10","2","18001","20"
"Allen","35","1277","Indiana","5/25/20","1033","244","18003","23.62"
"Bartholomew","7","480","Indiana","5/25/20","432","48","18005","11.11"
"Benton","0","25","Indiana","5/25/20","23","2","18007","8.7"
"Blackford","1","20","Indiana","5/25/20","15","5","18009","33.33"
"Boone","3","282","Indiana","5/25/20","260","22","18011","8.46"
"Brown","0","33","Indiana","5/25/20","32","1","18013","3.12"
"Carroll","2","92","Indiana","5/25/20","79","13","18015","16.46"
"Cass","4","1582","Indiana","5/25/20","1552","30","18017","1.93"
"Clark","5","458","Indiana","5/25/20","424","34","18019","8.02"
"Clay","1","39","Indiana","5/25/20","31","8","18021","25.81"
"Clinton","10","215","Indiana","5/25/20","142","73","18023","51.41"
"Crawford","0","23","Indiana","5/25/20","22","1","18025","4.55"
"Daviess","2","82","Indiana","5/25/20","71","11","18027","15.49"
"Dearborn","1","162","Indiana","5/25/20","158","4","18029","2.53"
"Decatur","1","224","Indiana","5/25/20","220","4","18031","1.82"
"DeKalb","1","29","Indiana","5/25/20","25","4","18033","16"
"Delaware","8","354","Indiana","5/25/20","296","58","18035","19.59"
"Dubois","3","182","Indiana","5/25/20","161","21","18037","13.04"
"Elkhart","46","1008","Indiana","5/25/20","687","321","18039","46.72"
"Fayette","3","65","Indiana","5/25/20","42","23","18041","54.76"
"Floyd","2","313","Indiana","5/25/20","301","12","18043","3.99"
"Fountain","0","18","Indiana","5/25/20","18","0","18045","0"
"Franklin","0","106","Indiana","5/25/20","106","0","18047","0"
"Fulton","0","47","Indiana","5/25/20","44","3","18049","6.82"
"Gibson","1","14","Indiana","5/25/20","10","4","18051","40"
"Grant","3","185","Indiana","5/25/20","166","19","18053","11.45"
"Greene","1","167","Indiana","5/25/20","160","7","18055","4.38"
"Hamilton","9","1099","Indiana","5/25/20","1033","66","18057","6.39"
"Hancock","4","319","Indiana","5/25/20","292","27","18059","9.25"
"Harrison","2","185","Indiana","5/25/20","173","12","18061","6.94"
"Hendricks","12","1123","Indiana","5/25/20","1039","84","18063","8.08"
"Henry","4","159","Indiana","5/25/20","128","31","18065","24.22"
"Howard","8","356","Indiana","5/25/20","297","59","18067","19.87"
"Huntington","1","26","Indiana","5/25/20","21","5","18069","23.81"
"Jackson","4","361","Indiana","5/25/20","332","29","18071","8.73"
"Jasper","2","56","Indiana","5/25/20","43","13","18073","30.23"
"Jay","2","43","Indiana","5/25/20","32","11","18075","34.38"
"Jefferson","0","41","Indiana","5/25/20","39","2","18077","5.13"
"Jennings","2","127","Indiana","5/25/20","116","11","18079","9.48"
"Johnson","11","1082","Indiana","5/25/20","1002","80","18081","7.98"
"Knox","0","24","Indiana","5/25/20","22","2","18083","9.09"
"Kosciusko","4","86","Indiana","5/25/20","58","28","18085","48.28"
"LaGrange","1","60","Indiana","5/25/20","50","10","18087","20"
"Lake","59","3299","Indiana","5/25/20","2886","413","18089","14.31"
"LaPorte","7","408","Indiana","5/25/20","360","48","18091","13.33"
"Lawrence","1","143","Indiana","5/25/20","139","4","18093","2.88"
"Madison","4","582","Indiana","5/25/20","551","31","18095","5.63"
"Marion","112","9189","Indiana","5/25/20","8406","783","18097","9.31"
"Marshall","3","64","Indiana","5/25/20","42","22","18099","52.38"
"Martin","0","9","Indiana","5/25/20","8","1","18101","12.5"
"Miami","1","139","Indiana","5/25/20","130","9","18103","6.92"
"Monroe","2","160","Indiana","5/25/20","149","11","18105","7.38"
"Montgomery","8","227","Indiana","5/25/20","173","54","18107","31.21"
"Morgan","2","261","Indiana","5/25/20","247","14","18109","5.67"
"Newton","0","74","Indiana","5/25/20","71","3","18111","4.23"
"Noble","5","185","Indiana","5/25/20","152","33","18113","21.71"
"Ohio","0","13","Indiana","5/25/20","13","0","18115","0"
"Orange","0","124","Indiana","5/25/20","122","2","18117","1.64"
"Owen","1","31","Indiana","5/25/20","27","4","18119","14.81"
"Parke","0","17","Indiana","5/25/20","18","-1","18121","-5.56"
"Perry","1","27","Indiana","5/25/20","19","8","18123","42.11"
"Pike","0","6","Indiana","5/25/20","5","1","18125","20"
"Porter","12","487","Indiana","5/25/20","405","82","18127","20.25"
"Posey","0","17","Indiana","5/25/20","16","1","18129","6.25"
"Pulaski","1","39","Indiana","5/25/20","35","4","18131","11.43"
"Putnam","2","133","Indiana","5/25/20","120","13","18133","10.83"
"Randolph","1","40","Indiana","5/25/20","32","8","18135","25"
"Ripley","1","112","Indiana","5/25/20","108","4","18137","3.7"
"Rush","0","45","Indiana","5/25/20","42","3","18139","7.14"
"Scott","3","118","Indiana","5/25/20","97","21","18143","21.65"
"Shelby","2","314","Indiana","5/25/20","297","17","18145","5.72"
"Spencer","1","16","Indiana","5/25/20","12","4","18147","33.33"
"St. Joseph","27","1170","Indiana","5/25/20","984","186","18141","18.9"
"Starke","0","31","Indiana","5/25/20","28","3","18149","10.71"
"Steuben","2","79","Indiana","5/25/20","67","12","18151","17.91"
"Sullivan","1","32","Indiana","5/25/20","28","4","18153","14.29"
"Switzerland","0","19","Indiana","5/25/20","17","2","18155","11.76"
"Tippecanoe","9","373","Indiana","5/25/20","307","66","18157","21.5"
"Tipton","0","22","Indiana","5/25/20","21","1","18159","4.76"
"Union","0","8","Indiana","5/25/20","8","0","18161","0"
"Vanderburgh","4","248","Indiana","5/25/20","219","29","18163","13.24"
"Vermillion","0","9","Indiana","5/25/20","7","2","18165","28.57"
"Vigo","4","147","Indiana","5/25/20","118","29","18167","24.58"
"Wabash","0","72","Indiana","5/25/20","71","1","18169","1.41"
"Warren","0","12","Indiana","5/25/20","12","0","18171","0"
"Warrick","2","164","Indiana","5/25/20","151","13","18173","8.61"
"Washington","0","52","Indiana","5/25/20","50","2","18175","4"
"Wayne","1","69","Indiana","5/25/20","61","8","18177","13.11"
"Wells","1","23","Indiana","5/25/20","16","7","18179","43.75"
"White","6","226","Indiana","5/25/20","183","43","18181","23.5"
"Whitley","2","39","Indiana","5/25/20","28","11","18183","39.29"
"Adair","0","8","Iowa","5/25/20","6","2","19001","33.33"
"Adams","1","5","Iowa","5/25/20","1","4","19003","400"
"Allamakee","1","118","Iowa","5/25/20","114","4","19005","3.51"
"Appanoose","1","12","Iowa","5/25/20","8","4","19007","50"
"Audubon","0","11","Iowa","5/25/20","11","0","19009","0"
"Benton","0","37","Iowa","5/25/20","36","1","19011","2.78"
"Black Hawk","11","1682","Iowa","5/25/20","1603","79","19013","4.93"
"Boone","2","55","Iowa","5/25/20","42","13","19015","30.95"
"Bremer","0","67","Iowa","5/25/20","64","3","19017","4.69"
"Buchanan","1","32","Iowa","5/25/20","26","6","19019","23.08"
"Buena Vista","19","243","Iowa","5/25/20","113","130","19021","115.04"
"Butler","0","15","Iowa","5/25/20","14","1","19023","7.14"
"Calhoun","0","2","Iowa","5/25/20","1","1","19025","100"
"Carroll","0","9","Iowa","5/25/20","8","1","19027","12.5"
"Cass","1","11","Iowa","5/25/20","2","9","19029","450"
"Cedar","1","46","Iowa","5/25/20","42","4","19031","9.52"
"Cerro Gordo","1","22","Iowa","5/25/20","18","4","19033","22.22"
"Cherokee","1","16","Iowa","5/25/20","9","7","19035","77.78"
"Chickasaw","0","8","Iowa","5/25/20","7","1","19037","14.29"
"Clarke","2","35","Iowa","5/25/20","18","17","19039","94.44"
"Clay","0","10","Iowa","5/25/20","9","1","19041","11.11"
"Clayton","0","30","Iowa","5/25/20","30","0","19043","0"
"Clinton","0","60","Iowa","5/25/20","61","-1","19045","-1.64"
"Crawford","15","486","Iowa","5/25/20","384","102","19047","26.56"
"Dallas","10","857","Iowa","5/25/20","788","69","19049","8.76"
"Davis","1","20","Iowa","5/25/20","13","7","19051","53.85"
"Delaware","0","15","Iowa","5/25/20","12","3","19055","25"
"Des Moines","2","55","Iowa","5/25/20","39","16","19057","41.03"
"Dickinson","0","9","Iowa","5/25/20","6","3","19059","50"
"Dubuque","7","323","Iowa","5/25/20","276","47","19061","17.03"
"Emmet","1","7","Iowa","5/25/20","1","6","19063","600"
"Fayette","0","26","Iowa","5/25/20","25","1","19065","4"
"Floyd","1","18","Iowa","5/25/20","11","7","19067","63.64"
"Franklin","0","8","Iowa","5/25/20","7","1","19069","14.29"
"Fremont","0","4","Iowa","5/25/20","3","1","19071","33.33"
"Greene","0","13","Iowa","5/25/20","13","0","19073","0"
"Grundy","0","19","Iowa","5/25/20","17","2","19075","11.76"
"Guthrie","1","43","Iowa","5/25/20","38","5","19077","13.16"
"Hamilton","2","26","Iowa","5/25/20","11","15","19079","136.36"
"Hancock","1","12","Iowa","5/25/20","5","7","19081","140"
"Hardin","0","13","Iowa","5/25/20","12","1","19083","8.33"
"Harrison","0","19","Iowa","5/25/20","18","1","19085","5.56"
"Henry","2","61","Iowa","5/25/20","46","15","19087","32.61"
"Howard","0","12","Iowa","5/25/20","12","0","19089","0"
"Humboldt","1","13","Iowa","5/25/20","7","6","19091","85.71"
"Ida","1","13","Iowa","5/25/20","7","6","19093","85.71"
"Iowa","1","33","Iowa","5/25/20","29","4","19095","13.79"
"Jackson","1","12","Iowa","5/25/20","8","4","19097","50"
"Jasper","1","256","Iowa","5/25/20","249","7","19099","2.81"
"Jefferson","1","18","Iowa","5/25/20","12","6","19101","50"
"Johnson","4","602","Iowa","5/25/20","574","28","19103","4.88"
"Jones","0","36","Iowa","5/25/20","36","0","19105","0"
"Keokuk","0","14","Iowa","5/25/20","11","3","19107","27.27"
"Kossuth","0","7","Iowa","5/25/20","5","2","19109","40"
"Lee","0","22","Iowa","5/25/20","19","3","19111","15.79"
"Linn","5","935","Iowa","5/25/20","899","36","19113","4"
"Louisa","3","334","Iowa","5/25/20","310","24","19115","7.74"
"Lucas","1","6","Iowa","5/25/20","1","5","19117","500"
"Lyon","0","19","Iowa","5/25/20","19","0","19119","0"
"Madison","1","24","Iowa","5/25/20","16","8","19121","50"
"Mahaska","8","85","Iowa","5/25/20","29","56","19123","193.1"
"Marion","1","29","Iowa","5/25/20","22","7","19125","31.82"
"Marshall","9","870","Iowa","5/25/20","804","66","19127","8.21"
"Mills","1","16","Iowa","5/25/20","12","4","19129","33.33"
"Mitchell","0","4","Iowa","5/25/20","4","0","19131","0"
"Monona","1","24","Iowa","5/25/20","15","9","19133","60"
"Monroe","2","33","Iowa","5/25/20","22","11","19135","50"
"Montgomery","0","6","Iowa","5/25/20","5","1","19137","20"
"Muscatine","2","545","Iowa","5/25/20","532","13","19139","2.44"
"O'Brien","0","24","Iowa","5/25/20","22","2","19141","9.09"
"Osceola","1","32","Iowa","5/25/20","27","5","19143","18.52"
"Page","0","10","Iowa","5/25/20","10","0","19145","0"
"Palo Alto","0","3","Iowa","5/25/20","2","1","19147","50"
"Plymouth","4","116","Iowa","5/25/20","86","30","19149","34.88"
"Pocahontas","0","4","Iowa","5/25/20","3","1","19151","33.33"
"Polk","110","3774","Iowa","5/25/20","3001","773","19153","25.76"
"Pottawattamie","6","212","Iowa","5/25/20","170","42","19155","24.71"
"Poweshiek","0","88","Iowa","5/25/20","86","2","19157","2.33"
"Ringgold","1","4","Iowa","5/25/20","0","4","19159","1"
"Sac","1","13","Iowa","5/25/20","5","8","19161","160"
"Scott","4","337","Iowa","5/25/20","309","28","19163","9.06"
"Shelby","1","31","Iowa","5/25/20","23","8","19165","34.78"
"Sioux","10","207","Iowa","5/25/20","139","68","19167","48.92"
"Story","2","95","Iowa","5/25/20","79","16","19169","20.25"
"Tama","5","394","Iowa","5/25/20","358","36","19171","10.06"
"Taylor","5","39","Iowa","5/25/20","2","37","19173","1850"
"Union","1","7","Iowa","5/25/20","2","5","19175","250"
"Van Buren","0","10","Iowa","5/25/20","8","2","19177","25"
"Wapello","17","514","Iowa","5/25/20","396","118","19179","29.8"
"Warren","5","111","Iowa","5/25/20","77","34","19181","44.16"
"Washington","1","180","Iowa","5/25/20","172","8","19183","4.65"
"Wayne","0","1","Iowa","5/25/20","1","0","19185","0"
"Webster","2","27","Iowa","5/25/20","13","14","19187","107.69"
"Winnebago","0","10","Iowa","5/25/20","7","3","19189","42.86"
"Winneshiek","0","23","Iowa","5/25/20","20","3","19191","15"
"Woodbury","49","2624","Iowa","5/25/20","2278","346","19193","15.19"
"Worth","0","3","Iowa","5/25/20","3","0","19195","0"
"Wright","15","122","Iowa","5/25/20","20","102","19197","510"
"Allen","0","1","Kansas","5/25/20","0","1","20001","1"
"Anderson","0","1","Kansas","5/25/20","1","0","20003","0"
"Atchison","1","21","Kansas","5/25/20","15","6","20005","40"
"Barber","0","1","Kansas","5/25/20","1","0","20007","0"
"Barton","2","45","Kansas","5/25/20","31","14","20009","45.16"
"Bourbon","0","7","Kansas","5/25/20","6","1","20011","16.67"
"Brown","0","6","Kansas","5/25/20","5","1","20013","20"
"Butler","1","28","Kansas","5/25/20","18","10","20015","55.56"
"Chase","0","4","Kansas","5/25/20","3","1","20017","33.33"
"Chautauqua","0","4","Kansas","5/25/20","4","0","20019","0"
"Cherokee","0","9","Kansas","5/25/20","8","1","20021","12.5"
"Cheyenne","0","2","Kansas","5/25/20","2","0","20023","0"
"Clark","1","31","Kansas","5/25/20","21","10","20025","47.62"
"Clay","0","5","Kansas","5/25/20","5","0","20027","0"
"Cloud","0","5","Kansas","5/25/20","4","1","20029","25"
"Coffey","0","50","Kansas","5/25/20","50","0","20031","0"
"Comanche","0","1","Kansas","5/25/20","0","1","20033","1"
"Cowley","0","4","Kansas","5/25/20","4","0","20035","0"
"Crawford","0","8","Kansas","5/25/20","8","0","20037","0"
"Dickinson","0","3","Kansas","5/25/20","2","1","20041","50"
"Doniphan","0","12","Kansas","5/25/20","9","3","20043","33.33"
"Douglas","0","63","Kansas","5/25/20","60","3","20045","5"
"Edwards","0","5","Kansas","5/25/20","5","0","20047","0"
"Ellis","0","8","Kansas","5/25/20","8","0","20051","0"
"Ellsworth","0","2","Kansas","5/25/20","2","0","20053","0"
"Finney","15","1418","Kansas","5/25/20","1316","102","20055","7.75"
"Ford","29","1601","Kansas","5/25/20","1400","201","20057","14.36"
"Franklin","0","33","Kansas","5/25/20","32","1","20059","3.12"
"Geary","0","16","Kansas","5/25/20","14","2","20061","14.29"
"Gove","0","1","Kansas","5/25/20","1","0","20063","0"
"Grant","0","18","Kansas","5/25/20","17","1","20067","5.88"
"Gray","1","22","Kansas","5/25/20","15","7","20069","46.67"
"Greenwood","0","3","Kansas","5/25/20","3","0","20073","0"
"Hamilton","0","10","Kansas","5/25/20","9","1","20075","11.11"
"Harper","0","1","Kansas","5/25/20","1","0","20077","0"
"Harvey","0","11","Kansas","5/25/20","11","0","20079","0"
"Haskell","0","18","Kansas","5/25/20","16","2","20081","12.5"
"Hodgeman","0","1","Kansas","5/25/20","0","1","20083","1"
"Jackson","9","92","Kansas","5/25/20","31","61","20085","196.77"
"Jefferson","0","22","Kansas","5/25/20","20","2","20087","10"
"Jewell","0","4","Kansas","5/25/20","4","0","20089","0"
"Johnson","12","738","Kansas","5/25/20","655","83","20091","12.67"
"Kearny","0","40","Kansas","5/25/20","40","0","20093","0"
"Kiowa","0","2","Kansas","5/25/20","2","0","20097","0"
"Labette","0","22","Kansas","5/25/20","23","-1","20099","-4.35"
"Lane","0","3","Kansas","5/25/20","0","3","20101","1"
"Leavenworth","2","1067","Kansas","5/25/20","1052","15","20103","1.43"
"Linn","0","7","Kansas","5/25/20","6","1","20107","16.67"
"Lyon","3","332","Kansas","5/25/20","312","20","20111","6.41"
"Marion","0","5","Kansas","5/25/20","5","0","20115","0"
"McPherson","0","27","Kansas","5/25/20","26","1","20113","3.85"
"Meade","0","24","Kansas","5/25/20","22","2","20119","9.09"
"Miami","0","7","Kansas","5/25/20","6","1","20121","16.67"
"Mitchell","0","3","Kansas","5/25/20","3","0","20123","0"
"Montgomery","0","20","Kansas","5/25/20","20","0","20125","0"
"Morris","0","4","Kansas","5/25/20","3","1","20127","33.33"
"Morton","0","4","Kansas","5/25/20","4","0","20129","0"
"Nemaha","1","13","Kansas","5/25/20","3","10","20131","333.33"
"Neosho","0","2","Kansas","5/25/20","2","0","20133","0"
"Ness","0","1","Kansas","5/25/20","1","0","20135","0"
"Norton","0","2","Kansas","5/25/20","2","0","20137","0"
"Osage","0","7","Kansas","5/25/20","7","0","20139","0"
"Osborne","0","2","Kansas","5/25/20","2","0","20141","0"
"Ottawa","0","4","Kansas","5/25/20","4","0","20143","0"
"Phillips","0","2","Kansas","5/25/20","2","0","20147","0"
"Pottawatomie","0","23","Kansas","5/25/20","20","3","20149","15"
"Pratt","0","1","Kansas","5/25/20","1","0","20151","0"
"Reno","0","43","Kansas","5/25/20","41","2","20155","4.88"
"Republic","0","4","Kansas","5/25/20","4","0","20157","0"
"Rice","0","4","Kansas","5/25/20","4","0","20159","0"
"Riley","0","62","Kansas","5/25/20","60","2","20161","3.33"
"Rooks","0","6","Kansas","5/25/20","6","0","20163","0"
"Saline","0","24","Kansas","5/25/20","24","0","20169","0"
"Scott","0","13","Kansas","5/25/20","12","1","20171","8.33"
"Sedgwick","3","559","Kansas","5/25/20","536","23","20173","4.29"
"Seward","6","822","Kansas","5/25/20","780","42","20175","5.38"
"Shawnee","9","263","Kansas","5/25/20","198","65","20177","32.83"
"Sheridan","0","2","Kansas","5/25/20","2","0","20179","0"
"Sherman","0","6","Kansas","5/25/20","6","0","20181","0"
"Smith","0","2","Kansas","5/25/20","2","0","20183","0"
"Stafford","0","1","Kansas","5/25/20","1","0","20185","0"
"Stanton","0","9","Kansas","5/25/20","9","0","20187","0"
"Stevens","0","27","Kansas","5/25/20","26","1","20189","3.85"
"Sumner","0","6","Kansas","5/25/20","6","0","20191","0"
"Trego","0","1","Kansas","5/25/20","0","1","20195","1"
"Wabaunsee","0","30","Kansas","5/25/20","28","2","20197","7.14"
"Wilson","0","1","Kansas","5/25/20","1","0","20205","0"
"Woodson","0","6","Kansas","5/25/20","6","0","20207","0"
"Wyandotte","16","1275","Kansas","5/25/20","1166","109","20209","9.35"
"Adair","0","96","Kentucky","5/25/20","95","1","21001","1.05"
"Allen","1","47","Kentucky","5/25/20","39","8","21003","20.51"
"Anderson","0","15","Kentucky","5/25/20","13","2","21005","15.38"
"Ballard","0","9","Kentucky","5/25/20","10","-1","21007","-10"
"Barren","1","42","Kentucky","5/25/20","34","8","21009","23.53"
"Bath","0","8","Kentucky","5/25/20","7","1","21011","14.29"
"Bell","0","1","Kentucky","5/25/20","1","0","21013","0"
"Boone","5","387","Kentucky","5/25/20","355","32","21015","9.01"
"Bourbon","0","9","Kentucky","5/25/20","8","1","21017","12.5"
"Boyd","0","39","Kentucky","5/25/20","39","0","21019","0"
"Boyle","0","20","Kentucky","5/25/20","18","2","21021","11.11"
"Bracken","0","11","Kentucky","5/25/20","10","1","21023","10"
"Breathitt","0","3","Kentucky","5/25/20","2","1","21025","50"
"Breckinridge","0","16","Kentucky","5/25/20","14","2","21027","14.29"
"Bullitt","1","104","Kentucky","5/25/20","98","6","21029","6.12"
"Butler","0","218","Kentucky","5/25/20","217","1","21031","0.46"
"Caldwell","0","12","Kentucky","5/25/20","12","0","21033","0"
"Calloway","0","49","Kentucky","5/25/20","46","3","21035","6.52"
"Campbell","2","146","Kentucky","5/25/20","134","12","21037","8.96"
"Carlisle","0","5","Kentucky","5/25/20","3","2","21039","66.67"
"Carroll","1","7","Kentucky","5/25/20","3","4","21041","133.33"
"Carter","0","9","Kentucky","5/25/20","8","1","21043","12.5"
"Casey","0","2","Kentucky","5/25/20","2","0","21045","0"
"Christian","1","103","Kentucky","5/25/20","97","6","21047","6.19"
"Clark","2","37","Kentucky","5/25/20","21","16","21049","76.19"
"Clay","0","4","Kentucky","5/25/20","2","2","21051","100"
"Clinton","0","3","Kentucky","5/25/20","3","0","21053","0"
"Crittenden","0","5","Kentucky","5/25/20","4","1","21055","25"
"Cumberland","0","5","Kentucky","5/25/20","5","0","21057","0"
"Daviess","2","305","Kentucky","5/25/20","293","12","21059","4.1"
"Edmonson","1","54","Kentucky","5/25/20","50","4","21061","8"
"Elliott","0","1","Kentucky","5/25/20","0","1","21063","1"
"Fayette","8","619","Kentucky","5/25/20","564","55","21067","9.75"
"Fleming","0","2","Kentucky","5/25/20","3","-1","21069","-33.33"
"Floyd","0","16","Kentucky","5/25/20","16","0","21071","0"
"Franklin","1","24","Kentucky","5/25/20","18","6","21073","33.33"
"Fulton","0","3","Kentucky","5/25/20","2","1","21075","50"
"Gallatin","1","8","Kentucky","5/25/20","3","5","21077","166.67"
"Garrard","0","4","Kentucky","5/25/20","3","1","21079","33.33"
"Grant","0","36","Kentucky","5/25/20","35","1","21081","2.86"
"Graves","0","157","Kentucky","5/25/20","154","3","21083","1.95"
"Grayson","2","121","Kentucky","5/25/20","107","14","21085","13.08"
"Green","0","1","Kentucky","5/25/20","1","0","21087","0"
"Greenup","0","13","Kentucky","5/25/20","13","0","21089","0"
"Hancock","0","6","Kentucky","5/25/20","6","0","21091","0"
"Hardin","2","96","Kentucky","5/25/20","84","12","21093","14.29"
"Harlan","0","1","Kentucky","5/25/20","1","0","21095","0"
"Harrison","0","18","Kentucky","5/25/20","19","-1","21097","-5.26"
"Hart","1","20","Kentucky","5/25/20","16","4","21099","25"
"Henderson","1","95","Kentucky","5/25/20","91","4","21101","4.4"
"Henry","0","14","Kentucky","5/25/20","12","2","21103","16.67"
"Hickman","0","5","Kentucky","5/25/20","5","0","21105","0"
"Hopkins","1","218","Kentucky","5/25/20","214","4","21107","1.87"
"Jackson","0","60","Kentucky","5/25/20","57","3","21109","5.26"
"Jefferson","19","2050","Kentucky","5/25/20","1916","134","21111","6.99"
"Jessamine","0","51","Kentucky","5/25/20","52","-1","21113","-1.92"
"Johnson","0","5","Kentucky","5/25/20","5","0","21115","0"
"Kenton","8","527","Kentucky","5/25/20","472","55","21117","11.65"
"Knott","0","4","Kentucky","5/25/20","4","0","21119","0"
"Knox","0","8","Kentucky","5/25/20","8","0","21121","0"
"Larue","0","7","Kentucky","5/25/20","6","1","21123","16.67"
"Laurel","0","21","Kentucky","5/25/20","21","0","21125","0"
"Lawrence","0","1","Kentucky","5/25/20","1","0","21127","0"
"Leslie","0","6","Kentucky","5/25/20","6","0","21131","0"
"Letcher","0","4","Kentucky","5/25/20","5","-1","21133","-20"
"Lewis","0","7","Kentucky","5/25/20","8","-1","21135","-12.5"
"Lincoln","0","8","Kentucky","5/25/20","7","1","21137","14.29"
"Livingston","0","8","Kentucky","5/25/20","7","1","21139","14.29"
"Logan","3","115","Kentucky","5/25/20","92","23","21141","25"
"Lyon","0","14","Kentucky","5/25/20","14","0","21143","0"
"Madison","-1","45","Kentucky","5/25/20","49","-4","21151","-8.16"
"Magoffin","0","2","Kentucky","5/25/20","1","1","21153","100"
"Marion","0","18","Kentucky","5/25/20","17","1","21155","5.88"
"Marshall","0","37","Kentucky","5/25/20","36","1","21157","2.78"
"Martin","0","3","Kentucky","5/25/20","3","0","21159","0"
"Mason","0","8","Kentucky","5/25/20","8","0","21161","0"
"McCracken","0","87","Kentucky","5/25/20","85","2","21145","2.35"
"McCreary","0","13","Kentucky","5/25/20","13","0","21147","0"
"McLean","0","19","Kentucky","5/25/20","18","1","21149","5.56"
"Meade","0","21","Kentucky","5/25/20","20","1","21163","5"
"Menifee","1","8","Kentucky","5/25/20","4","4","21165","100"
"Mercer","0","12","Kentucky","5/25/20","12","0","21167","0"
"Metcalfe","0","4","Kentucky","5/25/20","3","1","21169","33.33"
"Monroe","1","14","Kentucky","5/25/20","6","8","21171","133.33"
"Montgomery","1","21","Kentucky","5/25/20","16","5","21173","31.25"
"Morgan","0","1","Kentucky","5/25/20","1","0","21175","0"
"Muhlenberg","0","471","Kentucky","5/25/20","470","1","21177","0.21"
"Nelson","0","35","Kentucky","5/25/20","33","2","21179","6.06"
"Nicholas","0","1","Kentucky","5/25/20","1","0","21181","0"
"Ohio","1","120","Kentucky","5/25/20","116","4","21183","3.45"
"Oldham","1","60","Kentucky","5/25/20","54","6","21185","11.11"
"Owen","0","1","Kentucky","5/25/20","2","-1","21187","-50"
"Owsley","0","2","Kentucky","5/25/20","2","0","21189","0"
"Pendleton","0","7","Kentucky","5/25/20","6","1","21191","16.67"
"Perry","0","19","Kentucky","5/25/20","20","-1","21193","-5"
"Pike","0","28","Kentucky","5/25/20","28","0","21195","0"
"Powell","0","1","Kentucky","5/25/20","1","0","21197","0"
"Pulaski","1","55","Kentucky","5/25/20","50","5","21199","10"
"Rockcastle","0","13","Kentucky","5/25/20","12","1","21203","8.33"
"Rowan","0","7","Kentucky","5/25/20","6","1","21205","16.67"
"Russell","0","22","Kentucky","5/25/20","22","0","21207","0"
"Scott","0","34","Kentucky","5/25/20","33","1","21209","3.03"
"Shelby","2","92","Kentucky","5/25/20","76","16","21211","21.05"
"Simpson","1","44","Kentucky","5/25/20","38","6","21213","15.79"
"Spencer","0","16","Kentucky","5/25/20","16","0","21215","0"
"Taylor","0","11","Kentucky","5/25/20","9","2","21217","22.22"
"Todd","0","16","Kentucky","5/25/20","17","-1","21219","-5.88"
"Trigg","0","9","Kentucky","5/25/20","9","0","21221","0"
"Trimble","0","5","Kentucky","5/25/20","3","2","21223","66.67"
"Union","0","10","Kentucky","5/25/20","10","0","21225","0"
"Warren","16","920","Kentucky","5/25/20","810","110","21227","13.58"
"Washington","0","6","Kentucky","5/25/20","5","1","21229","20"
"Wayne","0","8","Kentucky","5/25/20","8","0","21231","0"
"Webster","0","32","Kentucky","5/25/20","32","0","21233","0"
"Whitley","0","13","Kentucky","5/25/20","12","1","21235","8.33"
"Wolfe","0","1","Kentucky","5/25/20","0","1","21237","1"
"Woodford","1","25","Kentucky","5/25/20","19","6","21239","31.58"
"Acadia","6","299","Louisiana","5/25/20","257","42","22001","16.34"
"Allen","9","182","Louisiana","5/25/20","118","64","22003","54.24"
"Ascension","4","788","Louisiana","5/25/20","760","28","22005","3.68"
"Assumption","2","243","Louisiana","5/25/20","230","13","22007","5.65"
"Avoyelles","3","113","Louisiana","5/25/20","93","20","22009","21.51"
"Beauregard","1","58","Louisiana","5/25/20","52","6","22011","11.54"
"Bienville","8","138","Louisiana","5/25/20","84","54","22013","64.29"
"Bossier","7","398","Louisiana","5/25/20","346","52","22015","15.03"
"Caddo","64","2343","Louisiana","5/25/20","1898","445","22017","23.45"
"Calcasieu","7","572","Louisiana","5/25/20","520","52","22019","10"
"Caldwell","0","52","Louisiana","5/25/20","50","2","22021","4"
"Cameron","0","3","Louisiana","5/25/20","3","0","22023","0"
"Catahoula","1","112","Louisiana","5/25/20","106","6","22025","5.66"
"Claiborne","0","61","Louisiana","5/25/20","58","3","22027","5.17"
"Concordia","2","73","Louisiana","5/25/20","57","16","22029","28.07"
"De Soto","2","239","Louisiana","5/25/20","224","15","22031","6.7"
"East Baton Rouge","55","3438","Louisiana","5/25/20","3056","382","22033","12.5"
"East Carroll","9","103","Louisiana","5/25/20","37","66","22035","178.38"
"East Feliciana","2","190","Louisiana","5/25/20","177","13","22037","7.34"
"Evangeline","14","166","Louisiana","5/25/20","66","100","22039","151.52"
"Franklin","3","294","Louisiana","5/25/20","273","21","22041","7.69"
"Grant","1","27","Louisiana","5/25/20","22","5","22043","22.73"
"Iberia","5","392","Louisiana","5/25/20","355","37","22045","10.42"
"Iberville","4","554","Louisiana","5/25/20","527","27","22047","5.12"
"Jackson","3","90","Louisiana","5/25/20","70","20","22049","28.57"
"Jefferson","34","7298","Louisiana","5/25/20","7059","239","22051","3.39"
"Jefferson Davis","1","74","Louisiana","5/25/20","70","4","22053","5.71"
"Lafayette","11","674","Louisiana","5/25/20","598","76","22055","12.71"
"Lafourche","4","775","Louisiana","5/25/20","744","31","22057","4.17"
"LaSalle","1","47","Louisiana","5/25/20","40","7","22059","17.5"
"Lincoln","2","135","Louisiana","5/25/20","121","14","22061","11.57"
"Livingston","6","391","Louisiana","5/25/20","350","41","22063","11.71"
"Madison","6","69","Louisiana","5/25/20","24","45","22065","187.5"
"Morehouse","3","117","Louisiana","5/25/20","93","24","22067","25.81"
"Natchitoches","7","152","Louisiana","5/25/20","103","49","22069","47.57"
"Orleans","26","7005","Louisiana","5/25/20","6822","183","22071","2.68"
"Ouachita","21","1102","Louisiana","5/25/20","956","146","22073","15.27"
"Plaquemines","1","200","Louisiana","5/25/20","194","6","22075","3.09"
"Pointe Coupee","2","186","Louisiana","5/25/20","169","17","22077","10.06"
"Rapides","22","654","Louisiana","5/25/20","499","155","22079","31.06"
"Red River","1","48","Louisiana","5/25/20","43","5","22081","11.63"
"Richland","2","119","Louisiana","5/25/20","107","12","22083","11.21"
"Sabine","2","40","Louisiana","5/25/20","29","11","22085","37.93"
"St. Bernard","2","529","Louisiana","5/25/20","513","16","22087","3.12"
"St. Charles","1","625","Louisiana","5/25/20","615","10","22089","1.63"
"St. Helena","1","49","Louisiana","5/25/20","41","8","22091","19.51"
"St. James","1","292","Louisiana","5/25/20","284","8","22093","2.82"
"St. John the Baptist","2","845","Louisiana","5/25/20","830","15","22095","1.81"
"St. Landry","2","248","Louisiana","5/25/20","235","13","22097","5.53"
"St. Martin","2","289","Louisiana","5/25/20","274","15","22099","5.47"
"St. Mary","4","302","Louisiana","5/25/20","275","27","22101","9.82"
"St. Tammany","17","1665","Louisiana","5/25/20","1544","121","22103","7.84"
"Tangipahoa","10","802","Louisiana","5/25/20","732","70","22105","9.56"
"Tensas","1","10","Louisiana","5/25/20","5","5","22107","100"
"Terrebonne","7","639","Louisiana","5/25/20","590","49","22109","8.31"
"Union","7","291","Louisiana","5/25/20","243","48","22111","19.75"
"Vermilion","1","50","Louisiana","5/25/20","45","5","22113","11.11"
"Vernon","0","24","Louisiana","5/25/20","21","3","22115","14.29"
"Washington","4","398","Louisiana","5/25/20","370","28","22117","7.57"
"Webster","3","139","Louisiana","5/25/20","117","22","22119","18.8"
"West Baton Rouge","1","156","Louisiana","5/25/20","148","8","22121","5.41"
"West Carroll","3","39","Louisiana","5/25/20","18","21","22123","116.67"
"West Feliciana","2","200","Louisiana","5/25/20","188","12","22125","6.38"
"Winn","5","126","Louisiana","5/25/20","89","37","22127","41.57"
"Androscoggin","14","238","Maine","5/25/20","139","99","23001","71.22"
"Aroostook","0","8","Maine","5/25/20","7","1","23003","14.29"
"Cumberland","27","1040","Maine","5/25/20","852","188","23005","22.07"
"Franklin","0","36","Maine","5/25/20","33","3","23007","9.09"
"Hancock","0","11","Maine","5/25/20","11","0","23009","0"
"Kennebec","1","128","Maine","5/25/20","121","7","23011","5.79"
"Knox","0","20","Maine","5/25/20","20","0","23013","0"
"Lincoln","0","20","Maine","5/25/20","17","3","23015","17.65"
"Oxford","1","21","Maine","5/25/20","17","4","23017","23.53"
"Penobscot","1","99","Maine","5/25/20","93","6","23019","6.45"
"Piscataquis","0","1","Maine","5/25/20","1","0","23021","0"
"Sagadahoc","0","28","Maine","5/25/20","27","1","23023","3.7"
"Somerset","0","21","Maine","5/25/20","20","1","23025","5"
"Waldo","0","51","Maine","5/25/20","50","1","23027","2"
"Washington","0","2","Maine","5/25/20","2","0","23029","0"
"York","7","350","Maine","5/25/20","302","48","23031","15.89"
"Allegany","2","176","Maryland","5/25/20","164","12","24001","7.32"
"Anne Arundel","66","3357","Maryland","5/25/20","2893","464","24003","16.04"
"Baltimore","104","5476","Maryland","5/25/20","4749","727","24005","15.31"
"Baltimore City","151","4888","Maryland","5/25/20","3830","1058","24510","27.62"
"Calvert","9","307","Maryland","5/25/20","245","62","24009","25.31"
"Caroline","6","241","Maryland","5/25/20","200","41","24011","20.5"
"Carroll","14","802","Maryland","5/25/20","703","99","24013","14.08"
"Cecil","4","348","Maryland","5/25/20","318","30","24015","9.43"
"Charles","19","997","Maryland","5/25/20","867","130","24017","14.99"
"Dorchester","1","128","Maryland","5/25/20","122","6","24019","4.92"
"Frederick","39","1731","Maryland","5/25/20","1460","271","24021","18.56"
"Garrett","0","10","Maryland","5/25/20","7","3","24023","42.86"
"Harford","13","789","Maryland","5/25/20","695","94","24025","13.53"
"Howard","43","1716","Maryland","5/25/20","1416","300","24027","21.19"
"Kent","2","155","Maryland","5/25/20","140","15","24029","10.71"
"Montgomery","242","10111","Maryland","5/25/20","8417","1694","24031","20.13"
"Prince George's","303","13726","Maryland","5/25/20","11608","2118","24033","18.25"
"Queen Anne's","3","151","Maryland","5/25/20","129","22","24035","17.05"
"Somerset","2","72","Maryland","5/25/20","61","11","24039","18.03"
"St. Mary's","10","395","Maryland","5/25/20","326","69","24037","21.17"
"Talbot","3","86","Maryland","5/25/20","68","18","24041","26.47"
"Washington","10","413","Maryland","5/25/20","343","70","24043","20.41"
"Wicomico","8","892","Maryland","5/25/20","837","55","24045","6.57"
"Worcester","3","185","Maryland","5/25/20","164","21","24047","12.8"
"Barnstable","21","1373","Massachusetts","5/25/20","1229","144","25001","11.72"
"Berkshire","4","544","Massachusetts","5/25/20","514","30","25003","5.84"
"Bristol","101","6828","Massachusetts","5/25/20","6122","706","25005","11.53"
"Dukes and Nantucket","1","52","Massachusetts","5/25/20","45","7","00000","15.56"
"Essex","152","13962","Massachusetts","5/25/20","12898","1064","25009","8.25"
"Franklin","1","326","Massachusetts","5/25/20","318","8","25011","2.52"
"Hampden","73","5873","Massachusetts","5/25/20","5363","510","25013","9.51"
"Hampshire","9","862","Massachusetts","5/25/20","799","63","25015","7.88"
"Middlesex","195","21286","Massachusetts","5/25/20","19918","1368","25017","6.87"
"Norfolk","54","8283","Massachusetts","5/25/20","7906","377","25021","4.77"
"Plymouth","72","7887","Massachusetts","5/25/20","7384","503","25023","6.81"
"Suffolk","128","18008","Massachusetts","5/25/20","17110","898","25025","5.25"
"Worcester","160","10735","Massachusetts","5/25/20","9613","1122","25027","11.67"
"Alcona","1","14","Michigan","5/25/20","9","5","26001","55.56"
"Allegan","4","244","Michigan","5/25/20","218","26","26005","11.93"
"Alpena","1","102","Michigan","5/25/20","98","4","26007","4.08"
"Antrim","0","12","Michigan","5/25/20","12","0","26009","0"
"Arenac","0","37","Michigan","5/25/20","35","2","26011","5.71"
"Baraga","0","1","Michigan","5/25/20","1","0","26013","0"
"Barry","1","77","Michigan","5/25/20","70","7","26015","10"
"Bay","5","322","Michigan","5/25/20","284","38","26017","13.38"
"Benzie","0","4","Michigan","5/25/20","4","0","26019","0"
"Berrien","10","721","Michigan","5/25/20","652","69","26021","10.58"
"Branch","1","111","Michigan","5/25/20","103","8","26023","7.77"
"Calhoun","7","385","Michigan","5/25/20","339","46","26025","13.57"
"Cass","2","88","Michigan","5/25/20","71","17","26027","23.94"
"Charlevoix","0","18","Michigan","5/25/20","17","1","26029","5.88"
"Cheboygan","0","26","Michigan","5/25/20","24","2","26031","8.33"
"Chippewa","0","3","Michigan","5/25/20","3","0","26033","0"
"Clare","0","18","Michigan","5/25/20","16","2","26035","12.5"
"Clinton","2","170","Michigan","5/25/20","155","15","26037","9.68"
"Crawford","0","62","Michigan","5/25/20","61","1","26039","1.64"
"Delta","1","20","Michigan","5/25/20","16","4","26041","25"
"Dickinson","0","5","Michigan","5/25/20","5","0","26043","0"
"Eaton","4","227","Michigan","5/25/20","198","29","26045","14.65"
"Emmet","0","25","Michigan","5/25/20","25","0","26047","0"
"Federal Correctional Institution (FCI)","2","132","Michigan","5/25/20","118","14","00000","11.86"
"Genesee","26","2369","Michigan","5/25/20","2188","181","26049","8.27"
"Gladwin","0","18","Michigan","5/25/20","17","1","26051","5.88"
"Gogebic","0","5","Michigan","5/25/20","5","0","26053","0"
"Grand Traverse","0","24","Michigan","5/25/20","24","0","26055","0"
"Gratiot","4","80","Michigan","5/25/20","54","26","26057","48.15"
"Hillsdale","0","176","Michigan","5/25/20","173","3","26059","1.73"
"Houghton","0","2","Michigan","5/25/20","2","0","26061","0"
"Huron","0","50","Michigan","5/25/20","51","-1","26063","-1.96"
"Ingham","8","736","Michigan","5/25/20","682","54","26065","7.92"
"Ionia","4","161","Michigan","5/25/20","130","31","26067","23.85"
"Iosco","3","97","Michigan","5/25/20","74","23","26069","31.08"
"Isabella","2","89","Michigan","5/25/20","77","12","26073","15.58"
"Jackson","3","459","Michigan","5/25/20","436","23","26075","5.28"
"Kalamazoo","12","847","Michigan","5/25/20","760","87","26077","11.45"
"Kalkaska","0","30","Michigan","5/25/20","28","2","26079","7.14"
"Kent","76","3599","Michigan","5/25/20","3068","531","26081","17.31"
"Lake","0","7","Michigan","5/25/20","4","3","26085","75"
"Lapeer","2","212","Michigan","5/25/20","198","14","26087","7.07"
"Leelanau","0","11","Michigan","5/25/20","10","1","26089","10"
"Lenawee","2","179","Michigan","5/25/20","168","11","26091","6.55"
"Livingston","2","478","Michigan","5/25/20","464","14","26093","3.02"
"Luce","0","3","Michigan","5/25/20","2","1","26095","50"
"Mackinac","0","6","Michigan","5/25/20","6","0","26097","0"
"Macomb","26","6645","Michigan","5/25/20","6465","180","26099","2.78"
"Manistee","0","12","Michigan","5/25/20","12","0","26101","0"
"Marquette","0","54","Michigan","5/25/20","52","2","26103","3.85"
"Mason","1","37","Michigan","5/25/20","33","4","26105","12.12"
"Mecosta","0","22","Michigan","5/25/20","21","1","26107","4.76"
"Menominee","0","8","Michigan","5/25/20","8","0","26109","0"
"Michigan Department of Corrections (MDOC)","38","3406","Michigan","5/25/20","3137","269","00000","8.58"
"Midland","2","116","Michigan","5/25/20","104","12","26111","11.54"
"Missaukee","0","22","Michigan","5/25/20","22","0","26113","0"
"Monroe","6","511","Michigan","5/25/20","467","44","26115","9.42"
"Montcalm","2","71","Michigan","5/25/20","60","11","26117","18.33"
"Montmorency","0","5","Michigan","5/25/20","5","0","26119","0"
"Muskegon","13","607","Michigan","5/25/20","516","91","26121","17.64"
"Newaygo","6","96","Michigan","5/25/20","55","41","26123","74.55"
"Oakland","90","10267","Michigan","5/25/20","9636","631","26125","6.55"
"Oceana","4","92","Michigan","5/25/20","62","30","26127","48.39"
"Ogemaw","1","28","Michigan","5/25/20","24","4","26129","16.67"
"Osceola","0","13","Michigan","5/25/20","12","1","26133","8.33"
"Oscoda","0","8","Michigan","5/25/20","8","0","26135","0"
"Otsego","0","118","Michigan","5/25/20","117","1","26137","0.85"
"Ottawa","23","773","Michigan","5/25/20","615","158","26139","25.69"
"Out of MI","0","65","Michigan","5/25/20","62","3","80026","4.84"
"Presque Isle","0","11","Michigan","5/25/20","11","0","26141","0"
"Roscommon","0","23","Michigan","5/25/20","23","0","26143","0"
"Saginaw","10","1019","Michigan","5/25/20","950","69","26145","7.26"
"Sanilac","0","41","Michigan","5/25/20","40","1","26151","2.5"
"Schoolcraft","0","4","Michigan","5/25/20","4","0","26153","0"
"Shiawassee","1","255","Michigan","5/25/20","245","10","26155","4.08"
"St. Clair","4","492","Michigan","5/25/20","467","25","26147","5.35"
"St. Joseph","2","106","Michigan","5/25/20","89","17","26149","19.1"
"Tuscola","2","188","Michigan","5/25/20","175","13","26157","7.43"
"Van Buren","1","144","Michigan","5/25/20","135","9","26159","6.67"
"Washtenaw","10","1458","Michigan","5/25/20","1389","69","26161","4.97"
"Wayne","109","20426","Michigan","5/25/20","19664","762","26163","3.88"
"Wexford","0","13","Michigan","5/25/20","13","0","26165","0"
"Aitkin","0","6","Minnesota","5/25/20","4","2","27001","50"
"Anoka","49","1210","Minnesota","5/25/20","869","341","27003","39.24"
"Becker","1","37","Minnesota","5/25/20","33","4","27005","12.12"
"Beltrami","0","12","Minnesota","5/25/20","9","3","27007","33.33"
"Benton","4","167","Minnesota","5/25/20","138","29","27009","21.01"
"Big Stone","0","3","Minnesota","5/25/20","3","0","27011","0"
"Blue Earth","4","115","Minnesota","5/25/20","87","28","27013","32.18"
"Brown","0","12","Minnesota","5/25/20","10","2","27015","20"
"Carlton","1","73","Minnesota","5/25/20","66","7","27017","10.61"
"Carver","8","174","Minnesota","5/25/20","117","57","27019","48.72"
"Cass","0","11","Minnesota","5/25/20","10","1","27021","10"
"Chippewa","1","42","Minnesota","5/25/20","32","10","27023","31.25"
"Chisago","2","48","Minnesota","5/25/20","37","11","27025","29.73"
"Clay","9","373","Minnesota","5/25/20","310","63","27027","20.32"
"Clearwater","0","3","Minnesota","5/25/20","2","1","27029","50"
"Cottonwood","1","64","Minnesota","5/25/20","58","6","27033","10.34"
"Crow Wing","4","56","Minnesota","5/25/20","30","26","27035","86.67"
"Dakota","43","1102","Minnesota","5/25/20","802","300","27037","37.41"
"Dodge","1","44","Minnesota","5/25/20","36","8","27039","22.22"
"Douglas","1","29","Minnesota","5/25/20","21","8","27041","38.1"
"Faribault","0","12","Minnesota","5/25/20","10","2","27043","20"
"Fillmore","0","17","Minnesota","5/25/20","17","0","27045","0"
"Freeborn","5","93","Minnesota","5/25/20","61","32","27047","52.46"
"Goodhue","3","55","Minnesota","5/25/20","34","21","27049","61.76"
"Grant","0","2","Minnesota","5/25/20","2","0","27051","0"
"Hennepin","251","7168","Minnesota","5/25/20","5409","1759","27053","32.52"
"Houston","0","2","Minnesota","5/25/20","2","0","27055","0"
"Hubbard","0","1","Minnesota","5/25/20","0","1","27057","1"
"Isanti","1","28","Minnesota","5/25/20","19","9","27059","47.37"
"Itasca","1","53","Minnesota","5/25/20","49","4","27061","8.16"
"Jackson","0","39","Minnesota","5/25/20","36","3","27063","8.33"
"Kanabec","0","11","Minnesota","5/25/20","9","2","27065","22.22"
"Kandiyohi","8","468","Minnesota","5/25/20","415","53","27067","12.77"
"Kittson","0","1","Minnesota","5/25/20","1","0","27069","0"
"Koochiching","0","6","Minnesota","5/25/20","5","1","27071","20"
"Lac qui Parle","0","3","Minnesota","5/25/20","3","0","27073","0"
"Lake","0","1","Minnesota","5/25/20","1","0","27075","0"
"Le Sueur","1","41","Minnesota","5/25/20","35","6","27079","17.14"
"Lincoln","0","5","Minnesota","5/25/20","4","1","27081","25"
"Lyon","1","34","Minnesota","5/25/20","26","8","27083","30.77"
"Mahnomen","0","5","Minnesota","5/25/20","5","0","27087","0"
"Marshall","0","9","Minnesota","5/25/20","8","1","27089","12.5"
"Martin","1","125","Minnesota","5/25/20","120","5","27091","4.17"
"McLeod","1","27","Minnesota","5/25/20","18","9","27085","50"
"Meeker","1","42","Minnesota","5/25/20","36","6","27093","16.67"
"Mille Lacs","1","17","Minnesota","5/25/20","12","5","27095","41.67"
"Morrison","2","38","Minnesota","5/25/20","27","11","27097","40.74"
"Mower","18","189","Minnesota","5/25/20","65","124","27099","190.77"
"Murray","0","35","Minnesota","5/25/20","33","2","27101","6.06"
"Nicollet","4","69","Minnesota","5/25/20","39","30","27103","76.92"
"Nobles","12","1469","Minnesota","5/25/20","1387","82","27105","5.91"
"Norman","0","11","Minnesota","5/25/20","11","0","27107","0"
"Olmsted","14","562","Minnesota","5/25/20","461","101","27109","21.91"
"Otter Tail","2","60","Minnesota","5/25/20","47","13","27111","27.66"
"Pennington","1","9","Minnesota","5/25/20","2","7","27113","350"
"Pine","0","85","Minnesota","5/25/20","83","2","27115","2.41"
"Pipestone","0","10","Minnesota","5/25/20","10","0","27117","0"
"Polk","0","59","Minnesota","5/25/20","56","3","27119","5.36"
"Pope","0","8","Minnesota","5/25/20","5","3","27121","60"
"Ramsey","116","2437","Minnesota","5/25/20","1625","812","27123","49.97"
"Red Lake","0","3","Minnesota","5/25/20","3","0","27125","0"
"Redwood","0","3","Minnesota","5/25/20","3","0","27127","0"
"Renville","0","5","Minnesota","5/25/20","5","0","27129","0"
"Rice","18","386","Minnesota","5/25/20","260","126","27131","48.46"
"Rock","0","21","Minnesota","5/25/20","20","1","27133","5"
"Roseau","0","1","Minnesota","5/25/20","1","0","27135","0"
"Scott","14","358","Minnesota","5/25/20","259","99","27139","38.22"
"Sherburne","8","214","Minnesota","5/25/20","155","59","27141","38.06"
"Sibley","0","12","Minnesota","5/25/20","10","2","27143","20"
"St. Louis","1","111","Minnesota","5/25/20","105","6","27137","5.71"
"Stearns","30","1950","Minnesota","5/25/20","1740","210","27145","12.07"
"Steele","4","141","Minnesota","5/25/20","111","30","27147","27.03"
"Swift","0","16","Minnesota","5/25/20","13","3","27151","23.08"
"Todd","19","204","Minnesota","5/25/20","73","131","27153","179.45"
"Traverse","0","3","Minnesota","5/25/20","3","0","27155","0"
"Wabasha","0","16","Minnesota","5/25/20","16","0","27157","0"
"Wadena","0","6","Minnesota","5/25/20","5","1","27159","20"
"Waseca","1","25","Minnesota","5/25/20","20","5","27161","25"
"Washington","21","527","Minnesota","5/25/20","378","149","27163","39.42"
"Watonwan","2","56","Minnesota","5/25/20","41","15","27165","36.59"
"Wilkin","0","11","Minnesota","5/25/20","11","0","27167","0"
"Winona","0","78","Minnesota","5/25/20","75","3","27169","4"
"Wright","12","253","Minnesota","5/25/20","172","81","27171","47.09"
"Yellow Medicine","0","6","Minnesota","5/25/20","3","3","27173","100"
"Adams","2","188","Mississippi","5/25/20","173","15","28001","8.67"
"Alcorn","0","14","Mississippi","5/25/20","12","2","28003","16.67"
"Amite","1","52","Mississippi","5/25/20","46","6","28005","13.04"
"Attala","4","273","Mississippi","5/25/20","248","25","28007","10.08"
"Benton","0","15","Mississippi","5/25/20","13","2","28009","15.38"
"Bolivar","2","141","Mississippi","5/25/20","129","12","28011","9.3"
"Calhoun","0","60","Mississippi","5/25/20","58","2","28013","3.45"
"Carroll","0","113","Mississippi","5/25/20","110","3","28015","2.73"
"Chickasaw","2","127","Mississippi","5/25/20","116","11","28017","9.48"
"Choctaw","1","32","Mississippi","5/25/20","23","9","28019","39.13"
"Claiborne","1","58","Mississippi","5/25/20","49","9","28021","18.37"
"Clarke","4","131","Mississippi","5/25/20","102","29","28023","28.43"
"Clay","3","99","Mississippi","5/25/20","79","20","28025","25.32"
"Coahoma","4","106","Mississippi","5/25/20","79","27","28027","34.18"
"Copiah","11","284","Mississippi","5/25/20","204","80","28029","39.22"
"Covington","3","131","Mississippi","5/25/20","108","23","28031","21.3"
"DeSoto","12","474","Mississippi","5/25/20","391","83","28033","21.23"
"Forrest","6","486","Mississippi","5/25/20","442","44","28035","9.95"
"Franklin","1","25","Mississippi","5/25/20","21","4","28037","19.05"
"George","0","20","Mississippi","5/25/20","17","3","28039","17.65"
"Greene","0","7","Mississippi","5/25/20","7","0","28041","0"
"Grenada","2","75","Mississippi","5/25/20","60","15","28043","25"
"Hancock","1","88","Mississippi","5/25/20","81","7","28045","8.64"
"Harrison","3","237","Mississippi","5/25/20","216","21","28047","9.72"
"Hinds","18","898","Mississippi","5/25/20","772","126","28049","16.32"
"Holmes","10","369","Mississippi","5/25/20","298","71","28051","23.83"
"Humphreys","1","53","Mississippi","5/25/20","46","7","28053","15.22"
"Itawamba","1","85","Mississippi","5/25/20","79","6","28057","7.59"
"Jackson","1","296","Mississippi","5/25/20","287","9","28059","3.14"
"Jasper","4","145","Mississippi","5/25/20","114","31","28061","27.19"
"Jefferson","0","40","Mississippi","5/25/20","37","3","28063","8.11"
"Jefferson Davis","0","71","Mississippi","5/25/20","68","3","28065","4.41"
"Jones","21","492","Mississippi","5/25/20","342","150","28067","43.86"
"Kemper","4","127","Mississippi","5/25/20","102","25","28069","24.51"
"Lafayette","2","124","Mississippi","5/25/20","109","15","28071","13.76"
"Lamar","6","220","Mississippi","5/25/20","175","45","28073","25.71"
"Lauderdale","13","680","Mississippi","5/25/20","589","91","28075","15.45"
"Lawrence","2","94","Mississippi","5/25/20","78","16","28077","20.51"
"Leake","4","388","Mississippi","5/25/20","361","27","28079","7.48"
"Lee","2","108","Mississippi","5/25/20","93","15","28081","16.13"
"Leflore","6","241","Mississippi","5/25/20","200","41","28083","20.5"
"Lincoln","4","245","Mississippi","5/25/20","218","27","28085","12.39"
"Lowndes","5","164","Mississippi","5/25/20","126","38","28087","30.16"
"Madison","16","653","Mississippi","5/25/20","543","110","28089","20.26"
"Marion","3","110","Mississippi","5/25/20","89","21","28091","23.6"
"Marshall","1","71","Mississippi","5/25/20","67","4","28093","5.97"
"Monroe","4","246","Mississippi","5/25/20","220","26","28095","11.82"
"Montgomery","1","80","Mississippi","5/25/20","72","8","28097","11.11"
"Neshoba","13","514","Mississippi","5/25/20","423","91","28099","21.51"
"Newton","5","227","Mississippi","5/25/20","192","35","28101","18.23"
"Noxubee","4","165","Mississippi","5/25/20","140","25","28103","17.86"
"Oktibbeha","5","139","Mississippi","5/25/20","105","34","28105","32.38"
"Panola","2","62","Mississippi","5/25/20","50","12","28107","24"
"Pearl River","1","205","Mississippi","5/25/20","195","10","28109","5.13"
"Perry","2","49","Mississippi","5/25/20","36","13","28111","36.11"
"Pike","3","200","Mississippi","5/25/20","178","22","28113","12.36"
"Pontotoc","0","26","Mississippi","5/25/20","25","1","28115","4"
"Prentiss","0","39","Mississippi","5/25/20","36","3","28117","8.33"
"Quitman","0","24","Mississippi","5/25/20","21","3","28119","14.29"
"Rankin","10","356","Mississippi","5/25/20","287","69","28121","24.04"
"Scott","9","592","Mississippi","5/25/20","532","60","28123","11.28"
"Sharkey","0","7","Mississippi","5/25/20","6","1","28125","16.67"
"Simpson","1","85","Mississippi","5/25/20","78","7","28127","8.97"
"Smith","2","131","Mississippi","5/25/20","115","16","28129","13.91"
"Stone","1","30","Mississippi","5/25/20","24","6","28131","25"
"Sunflower","2","79","Mississippi","5/25/20","68","11","28133","16.18"
"Tallahatchie","0","24","Mississippi","5/25/20","21","3","28135","14.29"
"Tate","1","59","Mississippi","5/25/20","55","4","28137","7.27"
"Tippah","0","70","Mississippi","5/25/20","69","1","28139","1.45"
"Tishomingo","2","25","Mississippi","5/25/20","14","11","28141","78.57"
"Tunica","1","48","Mississippi","5/25/20","44","4","28143","9.09"
"Union","1","72","Mississippi","5/25/20","62","10","28145","16.13"
"Walthall","0","49","Mississippi","5/25/20","46","3","28147","6.52"
"Warren","3","154","Mississippi","5/25/20","133","21","28149","15.79"
"Washington","4","153","Mississippi","5/25/20","123","30","28151","24.39"
"Wayne","12","125","Mississippi","5/25/20","39","86","28153","220.51"
"Webster","1","28","Mississippi","5/25/20","22","6","28155","27.27"
"Wilkinson","1","84","Mississippi","5/25/20","78","6","28157","7.69"
"Winston","2","98","Mississippi","5/25/20","83","15","28159","18.07"
"Yalobusha","2","84","Mississippi","5/25/20","73","11","28161","15.07"
"Yazoo","4","219","Mississippi","5/25/20","190","29","28163","15.26"
"Adair","2","44","Missouri","5/25/20","29","15","29001","51.72"
"Andrew","1","24","Missouri","5/25/20","17","7","29003","41.18"
"Atchison","0","3","Missouri","5/25/20","2","1","29005","50"
"Audrain","8","60","Missouri","5/25/20","2","58","29007","2900"
"Barry","0","9","Missouri","5/25/20","6","3","29009","50"
"Bates","0","7","Missouri","5/25/20","7","0","29013","0"
"Benton","0","10","Missouri","5/25/20","9","1","29015","11.11"
"Bollinger","0","6","Missouri","5/25/20","4","2","29017","50"
"Boone","2","122","Missouri","5/25/20","105","17","29019","16.19"
"Buchanan","15","628","Missouri","5/25/20","520","108","29021","20.77"
"Butler","0","29","Missouri","5/25/20","30","-1","29023","-3.33"
"Caldwell","0","5","Missouri","5/25/20","4","1","29025","25"
"Callaway","0","26","Missouri","5/25/20","23","3","29027","13.04"
"Camden","0","38","Missouri","5/25/20","36","2","29029","5.56"
"Cape Girardeau","1","62","Missouri","5/25/20","54","8","29031","14.81"
"Carroll","0","7","Missouri","5/25/20","7","0","29033","0"
"Carter","0","5","Missouri","5/25/20","3","2","29035","66.67"
"Cass","1","80","Missouri","5/25/20","72","8","29037","11.11"
"Cedar","0","9","Missouri","5/25/20","9","0","29039","0"
"Chariton","0","6","Missouri","5/25/20","6","0","29041","0"
"Christian","0","21","Missouri","5/25/20","21","0","29043","0"
"Clark","0","1","Missouri","5/25/20","1","0","29045","0"
"Clay","5","149","Missouri","5/25/20","117","32","29047","27.35"
"Clinton","0","18","Missouri","5/25/20","17","1","29049","5.88"
"Cole","1","60","Missouri","5/25/20","56","4","29051","7.14"
"Cooper","0","9","Missouri","5/25/20","9","0","29053","0"
"Crawford","0","9","Missouri","5/25/20","9","0","29055","0"
"Dallas","0","3","Missouri","5/25/20","2","1","29059","50"
"Daviess","0","4","Missouri","5/25/20","3","1","29061","33.33"
"DeKalb","0","5","Missouri","5/25/20","4","1","29063","25"
"Dunklin","1","30","Missouri","5/25/20","26","4","29069","15.38"
"Franklin","1","140","Missouri","5/25/20","135","5","29071","3.7"
"Gasconade","0","2","Missouri","5/25/20","2","0","29073","0"
"Gentry","2","17","Missouri","5/25/20","3","14","29075","466.67"
"Greene","2","122","Missouri","5/25/20","107","15","29077","14.02"
"Harrison","0","8","Missouri","5/25/20","7","1","29081","14.29"
"Henry","0","10","Missouri","5/25/20","9","1","29083","11.11"
"Holt","0","1","Missouri","5/25/20","1","0","29087","0"
"Howard","0","3","Missouri","5/25/20","3","0","29089","0"
"Howell","0","5","Missouri","5/25/20","5","0","29091","0"
"Iron","0","2","Missouri","5/25/20","2","0","29093","0"
"Jackson","9","520","Missouri","5/25/20","454","66","29095","14.54"
"Jasper","0","32","Missouri","5/25/20","29","3","29097","10.34"
"Jefferson","1","337","Missouri","5/25/20","330","7","29099","2.12"
"Johnson","0","73","Missouri","5/25/20","72","1","29101","1.39"
"Kansas City","21","1050","Missouri","5/25/20","901","149","00000","16.54"
"Laclede","0","3","Missouri","5/25/20","3","0","29105","0"
"Lafayette","0","70","Missouri","5/25/20","68","2","29107","2.94"
"Lawrence","0","8","Missouri","5/25/20","7","1","29109","14.29"
"Lewis","0","7","Missouri","5/25/20","7","0","29111","0"
"Lincoln","0","106","Missouri","5/25/20","105","1","29113","0.95"
"Linn","0","6","Missouri","5/25/20","5","1","29115","20"
"Livingston","0","3","Missouri","5/25/20","3","0","29117","0"
"Macon","0","2","Missouri","5/25/20","2","0","29121","0"
"Madison","0","3","Missouri","5/25/20","3","0","29123","0"
"Maries","0","2","Missouri","5/25/20","2","0","29125","0"
"Marion","0","5","Missouri","5/25/20","5","0","29127","0"
"McDonald","1","17","Missouri","5/25/20","13","4","29119","30.77"
"Miller","0","4","Missouri","5/25/20","4","0","29131","0"
"Mississippi","1","54","Missouri","5/25/20","49","5","29133","10.2"
"Moniteau","0","45","Missouri","5/25/20","44","1","29135","2.27"
"Montgomery","0","8","Missouri","5/25/20","7","1","29139","14.29"
"Morgan","0","9","Missouri","5/25/20","8","1","29141","12.5"
"New Madrid","0","17","Missouri","5/25/20","14","3","29143","21.43"
"Newton","0","16","Missouri","5/25/20","16","0","29145","0"
"Nodaway","1","12","Missouri","5/25/20","5","7","29147","140"
"Oregon","0","2","Missouri","5/25/20","2","0","29149","0"
"Osage","0","5","Missouri","5/25/20","5","0","29151","0"
"Pemiscot","1","72","Missouri","5/25/20","68","4","29155","5.88"
"Perry","0","49","Missouri","5/25/20","47","2","29157","4.26"
"Pettis","0","70","Missouri","5/25/20","69","1","29159","1.45"
"Phelps","0","4","Missouri","5/25/20","2","2","29161","100"
"Pike","0","14","Missouri","5/25/20","14","0","29163","0"
"Platte","2","67","Missouri","5/25/20","54","13","29165","24.07"
"Polk","0","3","Missouri","5/25/20","2","1","29167","50"
"Pulaski","0","33","Missouri","5/25/20","33","0","29169","0"
"Ralls","0","2","Missouri","5/25/20","2","0","29173","0"
"Randolph","0","9","Missouri","5/25/20","8","1","29175","12.5"
"Ray","0","16","Missouri","5/25/20","14","2","29177","14.29"
"Reynolds","0","2","Missouri","5/25/20","2","0","29179","0"
"Ripley","0","7","Missouri","5/25/20","7","0","29181","0"
"Saline","2","267","Missouri","5/25/20","251","16","29195","6.37"
"Scotland","0","4","Missouri","5/25/20","4","0","29199","0"
"Scott","1","93","Missouri","5/25/20","87","6","29201","6.9"
"Shelby","0","1","Missouri","5/25/20","1","0","29205","0"
"St. Charles","6","743","Missouri","5/25/20","704","39","29183","5.54"
"St. Clair","0","3","Missouri","5/25/20","2","1","29185","50"
"St. Francois","0","33","Missouri","5/25/20","33","0","29187","0"
"St. Louis","52","4762","Missouri","5/25/20","4401","361","29189","8.2"
"St. Louis City","24","1849","Missouri","5/25/20","1682","167","29510","9.93"
"Ste. Genevieve","0","8","Missouri","5/25/20","8","0","29186","0"
"Stoddard","3","74","Missouri","5/25/20","53","21","29207","39.62"
"Stone","0","4","Missouri","5/25/20","4","0","29209","0"
"Sullivan","2","53","Missouri","5/25/20","36","17","29211","47.22"
"Taney","0","14","Missouri","5/25/20","12","2","29213","16.67"
"Vernon","0","7","Missouri","5/25/20","5","2","29217","40"
"Warren","0","28","Missouri","5/25/20","28","0","29219","0"
"Washington","0","10","Missouri","5/25/20","9","1","29221","11.11"
"Webster","0","17","Missouri","5/25/20","17","0","29225","0"
"Worth","0","4","Missouri","5/25/20","3","1","29227","33.33"
"Wright","0","11","Missouri","5/25/20","10","1","29229","10"
"Beaverhead","0","1","Montana","5/25/20","1","0","30001","0"
"Big Horn","0","8","Montana","5/25/20","8","0","30003","0"
"Broadwater","0","4","Montana","5/25/20","4","0","30007","0"
"Carbon","0","6","Montana","5/25/20","6","0","30009","0"
"Cascade","0","17","Montana","5/25/20","17","0","30013","0"
"Deer Lodge","0","3","Montana","5/25/20","3","0","30023","0"
"Flathead","0","37","Montana","5/25/20","37","0","30029","0"
"Gallatin","0","149","Montana","5/25/20","149","0","30031","0"
"Glacier","0","6","Montana","5/25/20","6","0","30035","0"
"Golden Valley","0","3","Montana","5/25/20","3","0","30037","0"
"Hill","0","1","Montana","5/25/20","1","0","30041","0"
"Jefferson","0","3","Montana","5/25/20","3","0","30043","0"
"Lake","0","5","Montana","5/25/20","5","0","30047","0"
"Lewis and Clark","0","16","Montana","5/25/20","16","0","30049","0"
"Liberty","0","1","Montana","5/25/20","1","0","30051","0"
"Lincoln","0","7","Montana","5/25/20","7","0","30053","0"
"Madison","0","8","Montana","5/25/20","8","0","30057","0"
"Meagher","0","1","Montana","5/25/20","1","0","30059","0"
"Missoula","0","39","Montana","5/25/20","39","0","30063","0"
"Musselshell","0","1","Montana","5/25/20","1","0","30065","0"
"Park","0","8","Montana","5/25/20","8","0","30067","0"
"Pondera","0","2","Montana","5/25/20","2","0","30073","0"
"Ravalli","1","13","Montana","5/25/20","6","7","30081","116.67"
"Richland","0","3","Montana","5/25/20","3","0","30083","0"
"Roosevelt","0","7","Montana","5/25/20","7","0","30085","0"
"Silver Bow","0","11","Montana","5/25/20","11","0","30093","0"
"Stillwater","0","1","Montana","5/25/20","1","0","30095","0"
"Toole","0","29","Montana","5/25/20","29","0","30101","0"
"Wheatland","0","1","Montana","5/25/20","1","0","30107","0"
"Yellowstone","0","88","Montana","5/25/20","86","2","30111","2.33"
"Adams","2","265","Nebraska","5/25/20","252","13","31001","5.16"
"Antelope","0","7","Nebraska","5/25/20","6","1","31003","16.67"
"Boone","0","3","Nebraska","5/25/20","3","0","31011","0"
"Box Butte","0","2","Nebraska","5/25/20","1","1","31013","100"
"Buffalo","1","142","Nebraska","5/25/20","136","6","31019","4.41"
"Burt","0","8","Nebraska","5/25/20","5","3","31021","60"
"Butler","2","45","Nebraska","5/25/20","31","14","31023","45.16"
"Cass","2","38","Nebraska","5/25/20","21","17","31025","80.95"
"Cedar","0","7","Nebraska","5/25/20","6","1","31027","16.67"
"Chase","0","1","Nebraska","5/25/20","0","1","31029","1"
"Cherry","0","1","Nebraska","5/25/20","1","0","31031","0"
"Cheyenne","0","9","Nebraska","5/25/20","9","0","31033","0"
"Clay","1","22","Nebraska","5/25/20","18","4","31035","22.22"
"Colfax","11","602","Nebraska","5/25/20","528","74","31037","14.02"
"Cuming","2","31","Nebraska","5/25/20","17","14","31039","82.35"
"Custer","0","31","Nebraska","5/25/20","29","2","31041","6.9"
"Dakota","19","1612","Nebraska","5/25/20","1476","136","31043","9.21"
"Dawes","0","1","Nebraska","5/25/20","1","0","31045","0"
"Dawson","1","820","Nebraska","5/25/20","811","9","31047","1.11"
"Dixon","0","25","Nebraska","5/25/20","27","-2","31051","-7.41"
"Dodge","16","376","Nebraska","5/25/20","266","110","31053","41.35"
"Douglas","106","3186","Nebraska","5/25/20","2446","740","31055","30.25"
"Fillmore","0","5","Nebraska","5/25/20","4","1","31059","25"
"Franklin","0","6","Nebraska","5/25/20","5","1","31061","20"
"Frontier","0","1","Nebraska","5/25/20","1","0","31063","0"
"Furnas","0","7","Nebraska","5/25/20","6","1","31065","16.67"
"Gage","0","44","Nebraska","5/25/20","42","2","31067","4.76"
"Gosper","0","13","Nebraska","5/25/20","13","0","31073","0"
"Greeley","0","3","Nebraska","5/25/20","2","1","31077","50"
"Hall","5","1466","Nebraska","5/25/20","1433","33","31079","2.3"
"Hamilton","0","54","Nebraska","5/25/20","51","3","31081","5.88"
"Harlan","0","1","Nebraska","5/25/20","0","1","31083","1"
"Hitchcock","0","1","Nebraska","5/25/20","1","0","31087","0"
"Holt","0","1","Nebraska","5/25/20","1","0","31089","0"
"Howard","0","39","Nebraska","5/25/20","36","3","31093","8.33"
"Jefferson","0","6","Nebraska","5/25/20","6","0","31095","0"
"Johnson","0","7","Nebraska","5/25/20","7","0","31097","0"
"Kearney","0","12","Nebraska","5/25/20","11","1","31099","9.09"
"Keith","0","2","Nebraska","5/25/20","2","0","31101","0"
"Kimball","0","8","Nebraska","5/25/20","9","-1","31105","-11.11"
"Knox","0","9","Nebraska","5/25/20","8","1","31107","12.5"
"Lancaster","27","1084","Nebraska","5/25/20","892","192","31109","21.52"
"Lincoln","0","47","Nebraska","5/25/20","45","2","31111","4.44"
"Madison","4","299","Nebraska","5/25/20","269","30","31119","11.15"
"Merrick","0","32","Nebraska","5/25/20","29","3","31121","10.34"
"Morrill","0","10","Nebraska","5/25/20","10","0","31123","0"
"Nance","0","5","Nebraska","5/25/20","4","1","31125","25"
"Nemaha","0","3","Nebraska","5/25/20","3","0","31127","0"
"Nuckolls","0","1","Nebraska","5/25/20","1","0","31129","0"
"Otoe","0","6","Nebraska","5/25/20","6","0","31131","0"
"Phelps","1","20","Nebraska","5/25/20","13","7","31137","53.85"
"Pierce","0","2","Nebraska","5/25/20","1","1","31139","100"
"Platte","10","530","Nebraska","5/25/20","462","68","31141","14.72"
"Polk","0","9","Nebraska","5/25/20","9","0","31143","0"
"Red Willow","0","5","Nebraska","5/25/20","5","0","31145","0"
"Richardson","0","1","Nebraska","5/25/20","1","0","31147","0"
"Saline","7","482","Nebraska","5/25/20","432","50","31151","11.57"
"Sarpy","16","463","Nebraska","5/25/20","349","114","31153","32.66"
"Saunders","1","28","Nebraska","5/25/20","21","7","31155","33.33"
"Scotts Bluff","2","67","Nebraska","5/25/20","54","13","31157","24.07"
"Seward","0","27","Nebraska","5/25/20","26","1","31159","3.85"
"Sherman","0","3","Nebraska","5/25/20","2","1","31163","50"
"Stanton","0","17","Nebraska","5/25/20","15","2","31167","13.33"
"Thomas","0","1","Nebraska","5/25/20","1","0","31171","0"
"Thurston","2","30","Nebraska","5/25/20","19","11","31173","57.89"
"Valley","0","3","Nebraska","5/25/20","3","0","31175","0"
"Washington","0","26","Nebraska","5/25/20","24","2","31177","8.33"
"Wayne","1","13","Nebraska","5/25/20","4","9","31179","225"
"Webster","0","5","Nebraska","5/25/20","5","0","31181","0"
"York","1","35","Nebraska","5/25/20","30","5","31185","16.67"
"Carson City","3","90","Nevada","5/25/20","71","19","32510","26.76"
"Churchill","0","6","Nevada","5/25/20","5","1","32001","20"
"Clark","103","6182","Nevada","5/25/20","5463","719","32003","13.16"
"Douglas","0","28","Nevada","5/25/20","25","3","32005","12"
"Elko","0","22","Nevada","5/25/20","21","1","32007","4.76"
"Humboldt","1","78","Nevada","5/25/20","74","4","32013","5.41"
"Lander","0","20","Nevada","5/25/20","19","1","32015","5.26"
"Lincoln","0","2","Nevada","5/25/20","2","0","32017","0"
"Lyon","1","55","Nevada","5/25/20","48","7","32019","14.58"
"Mineral","0","4","Nevada","5/25/20","4","0","32021","0"
"Nye","0","59","Nevada","5/25/20","58","1","32023","1.72"
"Storey","0","1","Nevada","5/25/20","1","0","32029","0"
"Washoe","20","1405","Nevada","5/25/20","1266","139","32031","10.98"
"White Pine","0","4","Nevada","5/25/20","4","0","32033","0"
"Belknap","0","55","New Hampshire","5/25/20","53","2","33001","3.77"
"Carroll","0","46","New Hampshire","5/25/20","44","2","33003","4.55"
"Cheshire","1","54","New Hampshire","5/25/20","48","6","33005","12.5"
"Coos","0","4","New Hampshire","5/25/20","4","0","33007","0"
"Grafton","1","69","New Hampshire","5/25/20","62","7","33009","11.29"
"Hillsborough","53","2132","New Hampshire","5/25/20","1764","368","33011","20.86"
"Merrimack","6","321","New Hampshire","5/25/20","282","39","33013","13.83"
"Rockingham","17","1230","New Hampshire","5/25/20","1113","117","33015","10.51"
"Strafford","3","257","New Hampshire","5/25/20","234","23","33017","9.83"
"Sullivan","0","17","New Hampshire","5/25/20","16","1","33019","6.25"
"Atlantic","32","2028","New Jersey","5/25/20","1807","221","34001","12.23"
"Bergen","63","17901","New Jersey","5/25/20","17459","442","34003","2.53"
"Burlington","53","4355","New Jersey","5/25/20","3986","369","34005","9.26"
"Camden","76","6103","New Jersey","5/25/20","5573","530","34007","9.51"
"Cape May","9","570","New Jersey","5/25/20","506","64","34009","12.65"
"Cumberland","45","1991","New Jersey","5/25/20","1679","312","34011","18.58"
"Essex","77","17248","New Jersey","5/25/20","16712","536","34013","3.21"
"Gloucester","26","2089","New Jersey","5/25/20","1907","182","34015","9.54"
"Hudson","54","18879","New Jersey","5/25/20","18498","381","34017","2.06"
"Hunterdon","17","966","New Jersey","5/25/20","846","120","34019","14.18"
"Mercer","77","6491","New Jersey","5/25/20","5950","541","34021","9.09"
"Middlesex","98","15437","New Jersey","5/25/20","14752","685","34023","4.64"
"Monmouth","65","7865","New Jersey","5/25/20","7408","457","34025","6.17"
"Morris","24","6259","New Jersey","5/25/20","6092","167","34027","2.74"
"Ocean","62","8430","New Jersey","5/25/20","7994","436","34029","5.45"
"Passaic","71","15774","New Jersey","5/25/20","15278","496","34031","3.25"
"Salem","14","566","New Jersey","5/25/20","465","101","34033","21.72"
"Somerset","29","4480","New Jersey","5/25/20","4278","202","34035","4.72"
"Sussex","3","1084","New Jersey","5/25/20","1061","23","34037","2.17"
"Union","45","15218","New Jersey","5/25/20","14903","315","34039","2.11"
"Warren","7","1132","New Jersey","5/25/20","1086","46","34041","4.24"
"Bernalillo","18","1347","New Mexico","5/25/20","1218","129","35001","10.59"
"Catron","0","2","New Mexico","5/25/20","2","0","35003","0"
"Chaves","1","40","New Mexico","5/25/20","31","9","35005","29.03"
"Cibola","4","129","New Mexico","5/25/20","103","26","35006","25.24"
"Colfax","0","5","New Mexico","5/25/20","5","0","35007","0"
"Curry","1","46","New Mexico","5/25/20","41","5","35009","12.2"
"Dona Ana","16","423","New Mexico","5/25/20","309","114","35013","36.89"
"Eddy","0","19","New Mexico","5/25/20","17","2","35015","11.76"
"Grant","0","16","New Mexico","5/25/20","16","0","35017","0"
"Guadalupe","0","19","New Mexico","5/25/20","19","0","35019","0"
"Harding","0","1","New Mexico","5/25/20","1","0","35021","0"
"Hidalgo","0","1","New Mexico","5/25/20","1","0","35023","0"
"Lea","1","24","New Mexico","5/25/20","18","6","35025","33.33"
"Lincoln","0","3","New Mexico","5/25/20","3","0","35027","0"
"Los Alamos","0","6","New Mexico","5/25/20","6","0","35028","0"
"Luna","0","7","New Mexico","5/25/20","8","-1","35029","-12.5"
"McKinley","37","2215","New Mexico","5/25/20","1953","262","35031","13.42"
"Otero","1","14","New Mexico","5/25/20","8","6","35035","75"
"Quay","0","5","New Mexico","5/25/20","5","0","35037","0"
"Rio Arriba","1","37","New Mexico","5/25/20","33","4","35039","12.12"
"Roosevelt","1","36","New Mexico","5/25/20","27","9","35041","33.33"
"San Juan","29","1581","New Mexico","5/25/20","1376","205","35045","14.9"
"San Miguel","1","15","New Mexico","5/25/20","10","5","35047","50"
"Sandoval","7","544","New Mexico","5/25/20","495","49","35043","9.9"
"Santa Fe","1","133","New Mexico","5/25/20","124","9","35049","7.26"
"Sierra","0","1","New Mexico","5/25/20","1","0","35051","0"
"Socorro","0","49","New Mexico","5/25/20","49","0","35053","0"
"Taos","0","24","New Mexico","5/25/20","23","1","35055","4.35"
"Torrance","0","20","New Mexico","5/25/20","18","2","35057","11.11"
"Union","0","3","New Mexico","5/25/20","3","0","35059","0"
"Valencia","1","72","New Mexico","5/25/20","68","4","35061","5.88"
"Albany","26","1791","New York","5/25/20","1610","181","36001","11.24"
"Allegany","0","44","New York","5/25/20","44","0","36003","0"
"Broome","14","519","New York","5/25/20","423","96","36007","22.7"
"Cattaraugus","2","81","New York","5/25/20","67","14","36009","20.9"
"Cayuga","2","77","New York","5/25/20","65","12","36011","18.46"
"Chautauqua","4","75","New York","5/25/20","49","26","36013","53.06"
"Chemung","0","136","New York","5/25/20","134","2","36015","1.49"
"Chenango","0","119","New York","5/25/20","118","1","36017","0.85"
"Clinton","0","95","New York","5/25/20","94","1","36019","1.06"
"Columbia","4","372","New York","5/25/20","346","26","36021","7.51"
"Cortland","1","39","New York","5/25/20","35","4","36023","11.43"
"Delaware","1","77","New York","5/25/20","69","8","36025","11.59"
"Dutchess","39","3825","New York","5/25/20","3552","273","36027","7.69"
"Erie","101","5700","New York","5/25/20","4993","707","36029","14.16"
"Essex","0","36","New York","5/25/20","33","3","36031","9.09"
"Franklin","0","20","New York","5/25/20","18","2","36033","11.11"
"Fulton","2","196","New York","5/25/20","182","14","36035","7.69"
"Genesee","2","192","New York","5/25/20","180","12","36037","6.67"
"Greene","2","225","New York","5/25/20","213","12","36039","5.63"
"Hamilton","0","5","New York","5/25/20","5","0","36041","0"
"Herkimer","2","103","New York","5/25/20","92","11","36043","11.96"
"Jefferson","0","72","New York","5/25/20","71","1","36045","1.41"
"Lewis","0","19","New York","5/25/20","17","2","36049","11.76"
"Livingston","1","115","New York","5/25/20","110","5","36051","4.55"
"Madison","6","303","New York","5/25/20","258","45","36053","17.44"
"Monroe","61","2733","New York","5/25/20","2303","430","36055","18.67"
"Montgomery","1","79","New York","5/25/20","75","4","36057","5.33"
"Nassau","97","39907","New York","5/25/20","39225","682","36059","1.74"
"New York","786","198731","New York","5/25/20","193230","5501","36061","2.85"
"Niagara","20","955","New York","5/25/20","818","137","36063","16.75"
"Oneida","19","905","New York","5/25/20","772","133","36065","17.23"
"Onondaga","66","1981","New York","5/25/20","1520","461","36067","30.33"
"Ontario","5","185","New York","5/25/20","148","37","36069","25"
"Orange","40","10244","New York","5/25/20","9965","279","36071","2.8"
"Orleans","5","205","New York","5/25/20","167","38","36073","22.75"
"Oswego","3","104","New York","5/25/20","84","20","36075","23.81"
"Otsego","0","69","New York","5/25/20","67","2","36077","2.99"
"Putnam","10","1214","New York","5/25/20","1141","73","36079","6.4"
"Rensselaer","3","465","New York","5/25/20","444","21","36083","4.73"
"Rockland","31","12996","New York","5/25/20","12777","219","36087","1.71"
"Saratoga","4","461","New York","5/25/20","434","27","36091","6.22"
"Schenectady","5","664","New York","5/25/20","629","35","36093","5.56"
"Schoharie","0","49","New York","5/25/20","48","1","36095","2.08"
"Schuyler","0","11","New York","5/25/20","10","1","36097","10"
"Seneca","1","55","New York","5/25/20","51","4","36099","7.84"
"St. Lawrence","1","197","New York","5/25/20","192","5","36089","2.6"
"Steuben","1","240","New York","5/25/20","235","5","36101","2.13"
"Suffolk","124","39090","New York","5/25/20","38224","866","36103","2.27"
"Sullivan","11","1324","New York","5/25/20","1246","78","36105","6.26"
"Tioga","1","122","New York","5/25/20","113","9","36107","7.96"
"Tompkins","2","154","New York","5/25/20","141","13","36109","9.22"
"Ulster","11","1632","New York","5/25/20","1557","75","36111","4.82"
"Warren","2","251","New York","5/25/20","234","17","36113","7.26"
"Washington","1","228","New York","5/25/20","219","9","36115","4.11"
"Wayne","2","109","New York","5/25/20","97","12","36117","12.37"
"Westchester","104","33049","New York","5/25/20","32323","726","36119","2.25"
"Wyoming","0","82","New York","5/25/20","79","3","36121","3.8"
"Yates","2","37","New York","5/25/20","25","12","36123","48"
"Alamance","8","278","North Carolina","5/25/20","224","54","37001","24.11"
"Alexander","1","27","North Carolina","5/25/20","21","6","37003","28.57"
"Alleghany","0","13","North Carolina","5/25/20","12","1","37005","8.33"
"Anson","1","59","North Carolina","5/25/20","50","9","37007","18"
"Ashe","1","35","North Carolina","5/25/20","28","7","37009","25"
"Avery","0","2","North Carolina","5/25/20","0","2","37011","1"
"Beaufort","1","35","North Carolina","5/25/20","30","5","37013","16.67"
"Bertie","4","115","North Carolina","5/25/20","89","26","37015","29.21"
"Bladen","3","94","North Carolina","5/25/20","73","21","37017","28.77"
"Brunswick","2","74","North Carolina","5/25/20","58","16","37019","27.59"
"Buncombe","14","276","North Carolina","5/25/20","176","100","37021","56.82"
"Burke","14","296","North Carolina","5/25/20","198","98","37023","49.49"
"Cabarrus","9","449","North Carolina","5/25/20","385","64","37025","16.62"
"Caldwell","3","107","North Carolina","5/25/20","86","21","37027","24.42"
"Camden","0","3","North Carolina","5/25/20","2","1","37029","50"
"Carteret","0","36","North Carolina","5/25/20","36","0","37031","0"
"Caswell","2","55","North Carolina","5/25/20","44","11","37033","25"
"Catawba","6","152","North Carolina","5/25/20","111","41","37035","36.94"
"Chatham","11","588","North Carolina","5/25/20","512","76","37037","14.84"
"Cherokee","0","30","North Carolina","5/25/20","27","3","37039","11.11"
"Chowan","0","15","North Carolina","5/25/20","15","0","37041","0"
"Clay","0","8","North Carolina","5/25/20","8","0","37043","0"
"Cleveland","2","69","North Carolina","5/25/20","55","14","37045","25.45"
"Columbus","7","296","North Carolina","5/25/20","250","46","37047","18.4"
"Craven","9","192","North Carolina","5/25/20","129","63","37049","48.84"
"Cumberland","17","588","North Carolina","5/25/20","471","117","37051","24.84"
"Currituck","0","11","North Carolina","5/25/20","11","0","37053","0"
"Dare","0","22","North Carolina","5/25/20","22","0","37055","0"
"Davidson","10","361","North Carolina","5/25/20","293","68","37057","23.21"
"Davie","4","74","North Carolina","5/25/20","46","28","37059","60.87"
"Duplin","32","659","North Carolina","5/25/20","438","221","37061","50.46"
"Durham","43","1312","North Carolina","5/25/20","1009","303","37063","30.03"
"Edgecombe","3","190","North Carolina","5/25/20","171","19","37065","11.11"
"Forsyth","39","969","North Carolina","5/25/20","698","271","37067","38.83"
"Franklin","3","145","North Carolina","5/25/20","124","21","37069","16.94"
"Gaston","6","247","North Carolina","5/25/20","208","39","37071","18.75"
"Gates","1","23","North Carolina","5/25/20","14","9","37073","64.29"
"Graham","0","2","North Carolina","5/25/20","2","0","37075","0"
"Granville","7","247","North Carolina","5/25/20","201","46","37077","22.89"
"Greene","2","65","North Carolina","5/25/20","51","14","37079","27.45"
"Guilford","29","1073","North Carolina","5/25/20","872","201","37081","23.05"
"Halifax","5","150","North Carolina","5/25/20","113","37","37083","32.74"
"Harnett","4","275","North Carolina","5/25/20","247","28","37085","11.34"
"Haywood","2","40","North Carolina","5/25/20","26","14","37087","53.85"
"Henderson","4","319","North Carolina","5/25/20","288","31","37089","10.76"
"Hertford","2","69","North Carolina","5/25/20","53","16","37091","30.19"
"Hoke","6","197","North Carolina","5/25/20","152","45","37093","29.61"
"Hyde","0","1","North Carolina","5/25/20","1","0","37095","0"
"Iredell","5","230","North Carolina","5/25/20","192","38","37097","19.79"
"Jackson","0","27","North Carolina","5/25/20","24","3","37099","12.5"
"Johnston","13","351","North Carolina","5/25/20","259","92","37101","35.52"
"Jones","1","28","North Carolina","5/25/20","23","5","37103","21.74"
"Lee","7","372","North Carolina","5/25/20","322","50","37105","15.53"
"Lenoir","5","193","North Carolina","5/25/20","158","35","37107","22.15"
"Lincoln","2","60","North Carolina","5/25/20","48","12","37109","25"
"Macon","2","18","North Carolina","5/25/20","5","13","37113","260"
"Madison","0","4","North Carolina","5/25/20","2","2","37115","100"
"Martin","3","54","North Carolina","5/25/20","36","18","37117","50"
"McDowell","3","51","North Carolina","5/25/20","32","19","37111","59.38"
"Mecklenburg","104","3380","North Carolina","5/25/20","2652","728","37119","27.45"
"Mitchell","0","9","North Carolina","5/25/20","8","1","37121","12.5"
"Montgomery","4","86","North Carolina","5/25/20","57","29","37123","50.88"
"Moore","4","198","North Carolina","5/25/20","167","31","37125","18.56"
"Nash","4","182","North Carolina","5/25/20","153","29","37127","18.95"
"New Hanover","2","156","North Carolina","5/25/20","140","16","37129","11.43"
"Northampton","1","140","North Carolina","5/25/20","130","10","37131","7.69"
"Onslow","3","98","North Carolina","5/25/20","75","23","37133","30.67"
"Orange","5","309","North Carolina","5/25/20","277","32","37135","11.55"
"Pamlico","0","10","North Carolina","5/25/20","9","1","37137","11.11"
"Pasquotank","1","96","North Carolina","5/25/20","88","8","37139","9.09"
"Pender","3","72","North Carolina","5/25/20","49","23","37141","46.94"
"Perquimans","0","23","North Carolina","5/25/20","23","0","37143","0"
"Person","1","37","North Carolina","5/25/20","33","4","37145","12.12"
"Pitt","7","264","North Carolina","5/25/20","213","51","37147","23.94"
"Polk","0","35","North Carolina","5/25/20","32","3","37149","9.38"
"Randolph","20","601","North Carolina","5/25/20","461","140","37151","30.37"
"Richmond","4","146","North Carolina","5/25/20","115","31","37153","26.96"
"Robeson","20","670","North Carolina","5/25/20","531","139","37155","26.18"
"Rockingham","4","72","North Carolina","5/25/20","46","26","37157","56.52"
"Rowan","10","609","North Carolina","5/25/20","540","69","37159","12.78"
"Rutherford","2","168","North Carolina","5/25/20","153","15","37161","9.8"
"Sampson","21","408","North Carolina","5/25/20","259","149","37163","57.53"
"Scotland","2","67","North Carolina","5/25/20","53","14","37165","26.42"
"Stanly","3","50","North Carolina","5/25/20","32","18","37167","56.25"
"Stokes","3","56","North Carolina","5/25/20","36","20","37169","55.56"
"Surry","10","167","North Carolina","5/25/20","95","72","37171","75.79"
"Swain","1","10","North Carolina","5/25/20","6","4","37173","66.67"
"Transylvania","1","11","North Carolina","5/25/20","7","4","37175","57.14"
"Tyrrell","0","4","North Carolina","5/25/20","4","0","37177","0"
"Union","6","400","North Carolina","5/25/20","358","42","37179","11.73"
"Vance","7","245","North Carolina","5/25/20","195","50","37181","25.64"
"Wake","31","1471","North Carolina","5/25/20","1253","218","37183","17.4"
"Warren","4","54","North Carolina","5/25/20","29","25","37185","86.21"
"Washington","0","26","North Carolina","5/25/20","26","0","37187","0"
"Watauga","0","13","North Carolina","5/25/20","11","2","37189","18.18"
"Wayne","23","1031","North Carolina","5/25/20","867","164","37191","18.92"
"Wilkes","8","478","North Carolina","5/25/20","425","53","37193","12.47"
"Wilson","10","319","North Carolina","5/25/20","249","70","37195","28.11"
"Yadkin","5","145","North Carolina","5/25/20","109","36","37197","33.03"
"Yancey","0","10","North Carolina","5/25/20","10","0","37199","0"
"Barnes","0","4","North Dakota","5/25/20","4","0","38003","0"
"Benson","0","1","North Dakota","5/25/20","1","0","38005","0"
"Bottineau","0","2","North Dakota","5/25/20","0","2","38009","1"
"Bowman","0","1","North Dakota","5/25/20","1","0","38011","0"
"Burke","0","5","North Dakota","5/25/20","5","0","38013","0"
"Burleigh","2","131","North Dakota","5/25/20","116","15","38015","12.93"
"Cass","56","1564","North Dakota","5/25/20","1173","391","38017","33.33"
"Divide","0","1","North Dakota","5/25/20","1","0","38023","0"
"Dunn","0","12","North Dakota","5/25/20","11","1","38025","9.09"
"Eddy","1","7","North Dakota","5/25/20","2","5","38027","250"
"Emmons","1","6","North Dakota","5/25/20","1","5","38029","500"
"Foster","0","1","North Dakota","5/25/20","1","0","38031","0"
"Grand Forks","1","325","North Dakota","5/25/20","317","8","38035","2.52"
"Grant","0","2","North Dakota","5/25/20","2","0","38037","0"
"Griggs","0","1","North Dakota","5/25/20","0","1","38039","1"
"McHenry","0","2","North Dakota","5/25/20","2","0","38049","0"
"McIntosh","0","1","North Dakota","5/25/20","1","0","38051","0"
"McKenzie","0","16","North Dakota","5/25/20","15","1","38053","6.67"
"McLean","0","7","North Dakota","5/25/20","6","1","38055","16.67"
"Mercer","0","5","North Dakota","5/25/20","4","1","38057","25"
"Morton","3","64","North Dakota","5/25/20","40","24","38059","60"
"Mountrail","0","39","North Dakota","5/25/20","42","-3","38061","-7.14"
"Nelson","0","2","North Dakota","5/25/20","1","1","38063","100"
"Oliver","0","1","North Dakota","5/25/20","1","0","38065","0"
"Pembina","0","6","North Dakota","5/25/20","6","0","38067","0"
"Pierce","0","4","North Dakota","5/25/20","3","1","38069","33.33"
"Ramsey","0","9","North Dakota","5/25/20","7","2","38071","28.57"
"Ransom","1","9","North Dakota","5/25/20","5","4","38073","80"
"Renville","0","1","North Dakota","5/25/20","1","0","38075","0"
"Richland","2","20","North Dakota","5/25/20","9","11","38077","122.22"
"Rolette","0","4","North Dakota","5/25/20","4","0","38079","0"
"Sargent","0","3","North Dakota","5/25/20","3","0","38081","0"
"Sioux","0","2","North Dakota","5/25/20","2","0","38085","0"
"Slope","0","3","North Dakota","5/25/20","3","0","38087","0"
"Stark","0","61","North Dakota","5/25/20","61","0","38089","0"
"Steele","0","1","North Dakota","5/25/20","1","0","38091","0"
"Stutsman","0","18","North Dakota","5/25/20","16","2","38093","12.5"
"Traill","3","21","North Dakota","5/25/20","2","19","38097","950"
"Walsh","0","13","North Dakota","5/25/20","10","3","38099","30"
"Ward","4","54","North Dakota","5/25/20","28","26","38101","92.86"
"Wells","0","3","North Dakota","5/25/20","2","1","38103","50"
"Williams","1","25","North Dakota","5/25/20","21","4","38105","19.05"
"","0","22","Northern Mariana Islands","5/25/20","21","1",,"4.76"
"Adams","0","8","Ohio","5/25/20","8","0","39001","0"
"Allen","3","191","Ohio","5/25/20","168","23","39003","13.69"
"Ashland","0","18","Ohio","5/25/20","15","3","39005","20"
"Ashtabula","7","281","Ohio","5/25/20","232","49","39007","21.12"
"Athens","1","14","Ohio","5/25/20","9","5","39009","55.56"
"Auglaize","1","64","Ohio","5/25/20","55","9","39011","16.36"
"Belmont","7","390","Ohio","5/25/20","341","49","39013","14.37"
"Brown","0","25","Ohio","5/25/20","23","2","39015","8.7"
"Butler","27","802","Ohio","5/25/20","610","192","39017","31.48"
"Carroll","0","28","Ohio","5/25/20","26","2","39019","7.69"
"Champaign","0","26","Ohio","5/25/20","23","3","39021","13.04"
"Clark","11","223","Ohio","5/25/20","148","75","39023","50.68"
"Clermont","5","188","Ohio","5/25/20","152","36","39025","23.68"
"Clinton","0","43","Ohio","5/25/20","40","3","39027","7.5"
"Columbiana","25","609","Ohio","5/25/20","434","175","39029","40.32"
"Coshocton","1","24","Ohio","5/25/20","20","4","39031","20"
"Crawford","1","104","Ohio","5/25/20","97","7","39033","7.22"
"Cuyahoga","79","3963","Ohio","5/25/20","3410","553","39035","16.22"
"Darke","5","153","Ohio","5/25/20","121","32","39037","26.45"
"Defiance","1","32","Ohio","5/25/20","27","5","39039","18.52"
"Delaware","5","300","Ohio","5/25/20","263","37","39041","14.07"
"Erie","5","157","Ohio","5/25/20","121","36","39043","29.75"
"Fairfield","5","240","Ohio","5/25/20","208","32","39045","15.38"
"Fayette","1","37","Ohio","5/25/20","32","5","39047","15.62"
"Franklin","105","5310","Ohio","5/25/20","4574","736","39049","16.09"
"Fulton","0","36","Ohio","5/25/20","35","1","39051","2.86"
"Gallia","0","7","Ohio","5/25/20","7","0","39053","0"
"Geauga","5","257","Ohio","5/25/20","221","36","39055","16.29"
"Greene","2","93","Ohio","5/25/20","78","15","39057","19.23"
"Guernsey","1","31","Ohio","5/25/20","25","6","39059","24"
"Hamilton","54","2458","Ohio","5/25/20","2082","376","39061","18.06"
"Hancock","0","48","Ohio","5/25/20","46","2","39063","4.35"
"Hardin","2","41","Ohio","5/25/20","30","11","39065","36.67"
"Harrison","0","10","Ohio","5/25/20","9","1","39067","11.11"
"Henry","1","15","Ohio","5/25/20","10","5","39069","50"
"Highland","0","18","Ohio","5/25/20","15","3","39071","20"
"Hocking","1","65","Ohio","5/25/20","61","4","39073","6.56"
"Holmes","2","27","Ohio","5/25/20","13","14","39075","107.69"
"Huron","2","55","Ohio","5/25/20","42","13","39077","30.95"
"Jackson","0","11","Ohio","5/25/20","11","0","39079","0"
"Jefferson","0","62","Ohio","5/25/20","61","1","39081","1.64"
"Knox","0","23","Ohio","5/25/20","22","1","39083","4.55"
"Lake","6","268","Ohio","5/25/20","226","42","39085","18.58"
"Lawrence","0","28","Ohio","5/25/20","27","1","39087","3.7"
"Licking","2","207","Ohio","5/25/20","190","17","39089","8.95"
"Logan","2","37","Ohio","5/25/20","24","13","39091","54.17"
"Lorain","6","648","Ohio","5/25/20","605","43","39093","7.11"
"Lucas","20","2126","Ohio","5/25/20","1986","140","39095","7.05"
"Madison","5","134","Ohio","5/25/20","99","35","39097","35.35"
"Mahoning","16","1341","Ohio","5/25/20","1226","115","39099","9.38"
"Marion","15","2619","Ohio","5/25/20","2513","106","39101","4.22"
"Medina","11","302","Ohio","5/25/20","224","78","39103","34.82"
"Meigs","0","6","Ohio","5/25/20","3","3","39105","100"
"Mercer","7","190","Ohio","5/25/20","141","49","39107","34.75"
"Miami","2","348","Ohio","5/25/20","332","16","39109","4.82"
"Monroe","2","71","Ohio","5/25/20","56","15","39111","26.79"
"Montgomery","12","605","Ohio","5/25/20","520","85","39113","16.35"
"Morgan","0","5","Ohio","5/25/20","5","0","39115","0"
"Morrow","1","104","Ohio","5/25/20","98","6","39117","6.12"
"Muskingum","1","45","Ohio","5/25/20","36","9","39119","25"
"Noble","0","5","Ohio","5/25/20","5","0","39121","0"
"Ottawa","4","91","Ohio","5/25/20","66","25","39123","37.88"
"Paulding","0","13","Ohio","5/25/20","11","2","39125","18.18"
"Perry","0","18","Ohio","5/25/20","15","3","39127","20"
"Pickaway","3","2043","Ohio","5/25/20","2021","22","39129","1.09"
"Pike","0","6","Ohio","5/25/20","5","1","39131","20"
"Portage","3","314","Ohio","5/25/20","296","18","39133","6.08"
"Preble","0","30","Ohio","5/25/20","30","0","39135","0"
"Putnam","0","87","Ohio","5/25/20","84","3","39137","3.57"
"Richland","4","186","Ohio","5/25/20","161","25","39139","15.53"
"Ross","1","66","Ohio","5/25/20","58","8","39141","13.79"
"Sandusky","2","68","Ohio","5/25/20","57","11","39143","19.3"
"Scioto","0","15","Ohio","5/25/20","14","1","39145","7.14"
"Seneca","1","19","Ohio","5/25/20","15","4","39147","26.67"
"Shelby","1","41","Ohio","5/25/20","34","7","39149","20.59"
"Stark","13","685","Ohio","5/25/20","595","90","39151","15.13"
"Summit","30","1236","Ohio","5/25/20","1028","208","39153","20.23"
"Trumbull","10","529","Ohio","5/25/20","461","68","39155","14.75"
"Tuscarawas","7","318","Ohio","5/25/20","269","49","39157","18.22"
"Union","1","45","Ohio","5/25/20","37","8","39159","21.62"
"Van Wert","0","5","Ohio","5/25/20","5","0","39161","0"
"Vinton","0","19","Ohio","5/25/20","16","3","39163","18.75"
"Warren","8","336","Ohio","5/25/20","283","53","39165","18.73"
"Washington","0","117","Ohio","5/25/20","116","1","39167","0.86"
"Wayne","7","250","Ohio","5/25/20","202","48","39169","23.76"
"Williams","1","52","Ohio","5/25/20","47","5","39171","10.64"
"Wood","3","276","Ohio","5/25/20","257","19","39173","7.39"
"Wyandot","1","36","Ohio","5/25/20","30","6","39175","20"
"Adair","1","82","Oklahoma","5/25/20","75","7","40001","9.33"
"Alfalfa","0","1","Oklahoma","5/25/20","1","0","40003","0"
"Atoka","0","1","Oklahoma","5/25/20","1","0","40005","0"
"Beaver","0","24","Oklahoma","5/25/20","23","1","40007","4.35"
"Beckham","0","6","Oklahoma","5/25/20","6","0","40009","0"
"Blaine","0","5","Oklahoma","5/25/20","3","2","40011","66.67"
"Bryan","1","22","Oklahoma","5/25/20","17","5","40013","29.41"
"Caddo","4","146","Oklahoma","5/25/20","120","26","40015","21.67"
"Canadian","1","128","Oklahoma","5/25/20","118","10","40017","8.47"
"Carter","1","23","Oklahoma","5/25/20","13","10","40019","76.92"
"Cherokee","0","28","Oklahoma","5/25/20","29","-1","40021","-3.45"
"Choctaw","2","21","Oklahoma","5/25/20","5","16","40023","320"
"Cimarron","0","1","Oklahoma","5/25/20","1","0","40025","0"
"Cleveland","3","490","Oklahoma","5/25/20","468","22","40027","4.7"
"Coal","0","1","Oklahoma","5/25/20","0","1","40029","1"
"Comanche","6","268","Oklahoma","5/25/20","225","43","40031","19.11"
"Cotton","0","5","Oklahoma","5/25/20","5","0","40033","0"
"Craig","0","15","Oklahoma","5/25/20","14","1","40035","7.14"
"Creek","1","91","Oklahoma","5/25/20","85","6","40037","7.06"
"Custer","0","12","Oklahoma","5/25/20","12","0","40039","0"
"Delaware","1","99","Oklahoma","5/25/20","95","4","40041","4.21"
"Dewey","0","3","Oklahoma","5/25/20","2","1","40043","50"
"Garfield","0","26","Oklahoma","5/25/20","23","3","40047","13.04"
"Garvin","0","15","Oklahoma","5/25/20","15","0","40049","0"
"Grady","2","79","Oklahoma","5/25/20","64","15","40051","23.44"
"Grant","0","2","Oklahoma","5/25/20","2","0","40053","0"
"Greer","0","66","Oklahoma","5/25/20","66","0","40055","0"
"Harper","0","1","Oklahoma","5/25/20","1","0","40059","0"
"Haskell","0","6","Oklahoma","5/25/20","5","1","40061","20"
"Jackson","0","23","Oklahoma","5/25/20","21","2","40065","9.52"
"Jefferson","0","3","Oklahoma","5/25/20","3","0","40067","0"
"Johnston","0","3","Oklahoma","5/25/20","3","0","40069","0"
"Kay","0","52","Oklahoma","5/25/20","50","2","40071","4"
"Kingfisher","0","11","Oklahoma","5/25/20","10","1","40073","10"
"Kiowa","0","6","Oklahoma","5/25/20","6","0","40075","0"
"Latimer","0","5","Oklahoma","5/25/20","6","-1","40077","-16.67"
"Le Flore","0","14","Oklahoma","5/25/20","13","1","40079","7.69"
"Lincoln","0","21","Oklahoma","5/25/20","19","2","40081","10.53"
"Logan","0","19","Oklahoma","5/25/20","18","1","40083","5.56"
"Love","2","15","Oklahoma","5/25/20","4","11","40085","275"
"Major","0","6","Oklahoma","5/25/20","6","0","40093","0"
"Marshall","0","8","Oklahoma","5/25/20","6","2","40095","33.33"
"Mayes","0","30","Oklahoma","5/25/20","28","2","40097","7.14"
"McClain","2","98","Oklahoma","5/25/20","86","12","40087","13.95"
"McCurtain","3","29","Oklahoma","5/25/20","11","18","40089","163.64"
"McIntosh","0","11","Oklahoma","5/25/20","10","1","40091","10"
"Murray","0","2","Oklahoma","5/25/20","2","0","40099","0"
"Muskogee","1","35","Oklahoma","5/25/20","30","5","40101","16.67"
"Noble","0","7","Oklahoma","5/25/20","7","0","40103","0"
"Nowata","0","23","Oklahoma","5/25/20","23","0","40105","0"
"Okfuskee","0","3","Oklahoma","5/25/20","2","1","40107","50"
"Oklahoma","19","1208","Oklahoma","5/25/20","1075","133","40109","12.37"
"Okmulgee","1","23","Oklahoma","5/25/20","18","5","40111","27.78"
"Osage","0","94","Oklahoma","5/25/20","91","3","40113","3.3"
"Ottawa","0","35","Oklahoma","5/25/20","35","0","40115","0"
"Pawnee","0","29","Oklahoma","5/25/20","29","0","40117","0"
"Payne","0","45","Oklahoma","5/25/20","45","0","40119","0"
"Pittsburg","0","40","Oklahoma","5/25/20","39","1","40121","2.56"
"Pontotoc","0","12","Oklahoma","5/25/20","11","1","40123","9.09"
"Pottawatomie","0","57","Oklahoma","5/25/20","57","0","40125","0"
"Pushmataha","0","2","Oklahoma","5/25/20","1","1","40127","100"
"Rogers","1","78","Oklahoma","5/25/20","72","6","40131","8.33"
"Seminole","0","23","Oklahoma","5/25/20","21","2","40133","9.52"
"Sequoyah","0","14","Oklahoma","5/25/20","14","0","40135","0"
"Stephens","2","37","Oklahoma","5/25/20","26","11","40137","42.31"
"Texas","19","886","Oklahoma","5/25/20","752","134","40139","17.82"
"Tillman","0","23","Oklahoma","5/25/20","22","1","40141","4.55"
"Tulsa","20","926","Oklahoma","5/25/20","787","139","40143","17.66"
"Wagoner","2","148","Oklahoma","5/25/20","137","11","40145","8.03"
"Washington","1","310","Oklahoma","5/25/20","303","7","40147","2.31"
"Washita","0","2","Oklahoma","5/25/20","1","1","40149","100"
"Woods","0","3","Oklahoma","5/25/20","3","0","40151","0"
"Woodward","0","4","Oklahoma","5/25/20","1","3","40153","300"
"Baker","0","1","Oregon","5/25/20","1","0","41001","0"
"Benton","0","55","Oregon","5/25/20","54","1","41003","1.85"
"Clackamas","1","294","Oregon","5/25/20","286","8","41005","2.8"
"Clatsop","1","45","Oregon","5/25/20","38","7","41007","18.42"
"Columbia","0","16","Oregon","5/25/20","16","0","41009","0"
"Coos","0","31","Oregon","5/25/20","30","1","41011","3.33"
"Crook","1","5","Oregon","5/25/20","1","4","41013","400"
"Curry","0","6","Oregon","5/25/20","4","2","41015","50"
"Deschutes","3","120","Oregon","5/25/20","101","19","41017","18.81"
"Douglas","0","25","Oregon","5/25/20","25","0","41019","0"
"Grant","0","1","Oregon","5/25/20","1","0","41023","0"
"Harney","0","1","Oregon","5/25/20","1","0","41025","0"
"Hood River","0","12","Oregon","5/25/20","14","-2","41027","-14.29"
"Jackson","1","60","Oregon","5/25/20","51","9","41029","17.65"
"Jefferson","0","24","Oregon","5/25/20","24","0","41031","0"
"Josephine","0","26","Oregon","5/25/20","25","1","41033","4"
"Klamath","0","41","Oregon","5/25/20","41","0","41035","0"
"Lane","0","67","Oregon","5/25/20","65","2","41039","3.08"
"Lincoln","0","9","Oregon","5/25/20","8","1","41041","12.5"
"Linn","1","115","Oregon","5/25/20","109","6","41043","5.5"
"Malheur","1","28","Oregon","5/25/20","21","7","41045","33.33"
"Marion","9","909","Oregon","5/25/20","843","66","41047","7.83"
"Morrow","0","12","Oregon","5/25/20","12","0","41049","0"
"Multnomah","7","1045","Oregon","5/25/20","996","49","41051","4.92"
"Polk","0","96","Oregon","5/25/20","93","3","41053","3.23"
"Sherman","0","1","Oregon","5/25/20","1","0","41055","0"
"Tillamook","0","6","Oregon","5/25/20","6","0","41057","0"
"Umatilla","2","112","Oregon","5/25/20","98","14","41059","14.29"
"Union","0","6","Oregon","5/25/20","6","0","41061","0"
"Wallowa","0","2","Oregon","5/25/20","1","1","41063","100"
"Wasco","0","18","Oregon","5/25/20","18","0","41065","0"
"Washington","8","695","Oregon","5/25/20","638","57","41067","8.93"
"Yamhill","1","65","Oregon","5/25/20","59","6","41071","10.17"
"Adams","5","227","Pennsylvania","5/25/20","194","33","42001","17.01"
"Allegheny","23","1805","Pennsylvania","5/25/20","1641","164","42003","9.99"
"Armstrong","0","58","Pennsylvania","5/25/20","58","0","42005","0"
"Beaver","5","568","Pennsylvania","5/25/20","533","35","42007","6.57"
"Bedford","1","37","Pennsylvania","5/25/20","32","5","42009","15.62"
"Berks","26","3903","Pennsylvania","5/25/20","3719","184","42011","4.95"
"Blair","1","48","Pennsylvania","5/25/20","38","10","42013","26.32"
"Bradford","0","44","Pennsylvania","5/25/20","41","3","42015","7.32"
"Bucks","54","4894","Pennsylvania","5/25/20","4516","378","42017","8.37"
"Butler","2","220","Pennsylvania","5/25/20","203","17","42019","8.37"
"Cambria","0","57","Pennsylvania","5/25/20","54","3","42021","5.56"
"Cameron","0","2","Pennsylvania","5/25/20","2","0","42023","0"
"Carbon","2","231","Pennsylvania","5/25/20","214","17","42025","7.94"
"Centre","2","147","Pennsylvania","5/25/20","133","14","42027","10.53"
"Chester","39","2428","Pennsylvania","5/25/20","2153","275","42029","12.77"
"Clarion","1","29","Pennsylvania","5/25/20","24","5","42031","20.83"
"Clearfield","0","34","Pennsylvania","5/25/20","33","1","42033","3.03"
"Clinton","1","51","Pennsylvania","5/25/20","44","7","42035","15.91"
"Columbia","1","343","Pennsylvania","5/25/20","337","6","42037","1.78"
"Crawford","0","22","Pennsylvania","5/25/20","21","1","42039","4.76"
"Cumberland","10","598","Pennsylvania","5/25/20","525","73","42041","13.9"
"Dauphin","21","1123","Pennsylvania","5/25/20","978","145","42043","14.83"
"Delaware","74","6210","Pennsylvania","5/25/20","5689","521","42045","9.16"
"Elk","0","6","Pennsylvania","5/25/20","6","0","42047","0"
"Erie","10","217","Pennsylvania","5/25/20","145","72","42049","49.66"
"Fayette","0","94","Pennsylvania","5/25/20","91","3","42051","3.3"
"Forest","0","7","Pennsylvania","5/25/20","7","0","42053","0"
"Franklin","16","740","Pennsylvania","5/25/20","631","109","42055","17.27"
"Fulton","0","14","Pennsylvania","5/25/20","11","3","42057","27.27"
"Greene","0","27","Pennsylvania","5/25/20","27","0","42059","0"
"Huntingdon","2","228","Pennsylvania","5/25/20","214","14","42061","6.54"
"Indiana","1","89","Pennsylvania","5/25/20","84","5","42063","5.95"
"Jefferson","0","7","Pennsylvania","5/25/20","7","0","42065","0"
"Juniata","0","95","Pennsylvania","5/25/20","94","1","42067","1.06"
"Lackawanna","19","1494","Pennsylvania","5/25/20","1363","131","42069","9.61"
"Lancaster","49","2896","Pennsylvania","5/25/20","2552","344","42071","13.48"
"Lawrence","0","74","Pennsylvania","5/25/20","72","2","42073","2.78"
"Lebanon","5","912","Pennsylvania","5/25/20","877","35","42075","3.99"
"Lehigh","25","3667","Pennsylvania","5/25/20","3491","176","42077","5.04"
"Luzerne","17","2651","Pennsylvania","5/25/20","2532","119","42079","4.7"
"Lycoming","2","160","Pennsylvania","5/25/20","149","11","42081","7.38"
"McKean","0","12","Pennsylvania","5/25/20","11","1","42083","9.09"
"Mercer","2","105","Pennsylvania","5/25/20","94","11","42085","11.7"
"Mifflin","0","58","Pennsylvania","5/25/20","57","1","42087","1.75"
"Monroe","7","1305","Pennsylvania","5/25/20","1259","46","42089","3.65"
"Montgomery","81","6576","Pennsylvania","5/25/20","6012","564","42091","9.38"
"Montour","0","50","Pennsylvania","5/25/20","50","0","42093","0"
"Northampton","28","2920","Pennsylvania","5/25/20","2727","193","42095","7.08"
"Northumberland","4","174","Pennsylvania","5/25/20","143","31","42097","21.68"
"Perry","1","47","Pennsylvania","5/25/20","41","6","42099","14.63"
"Philadelphia","183","21234","Pennsylvania","5/25/20","19953","1281","42101","6.42"
"Pike","2","477","Pennsylvania","5/25/20","461","16","42103","3.47"
"Potter","0","4","Pennsylvania","5/25/20","4","0","42105","0"
"Schuylkill","9","592","Pennsylvania","5/25/20","529","63","42107","11.91"
"Snyder","1","38","Pennsylvania","5/25/20","33","5","42109","15.15"
"Somerset","0","37","Pennsylvania","5/25/20","36","1","42111","2.78"
"Sullivan","0","2","Pennsylvania","5/25/20","2","0","42113","0"
"Susquehanna","2","96","Pennsylvania","5/25/20","85","11","42115","12.94"
"Tioga","0","16","Pennsylvania","5/25/20","16","0","42117","0"
"Union","0","54","Pennsylvania","5/25/20","51","3","42119","5.88"
"Venango","0","8","Pennsylvania","5/25/20","8","0","42121","0"
"Warren","0","3","Pennsylvania","5/25/20","2","1","42123","50"
"Washington","1","138","Pennsylvania","5/25/20","133","5","42125","3.76"
"Wayne","1","118","Pennsylvania","5/25/20","108","10","42127","9.26"
"Westmoreland","1","441","Pennsylvania","5/25/20","432","9","42129","2.08"
"Wyoming","0","33","Pennsylvania","5/25/20","30","3","42131","10"
"York","10","930","Pennsylvania","5/25/20","857","73","42133","8.52"
"","79","3260","Puerto Rico","5/25/20","2710","550",,"20.3"
"Bristol","6","213","Rhode Island","5/25/20","172","41","44001","23.84"
"Kent","19","1013","Rhode Island","5/25/20","883","130","44003","14.72"
"Newport","4","228","Rhode Island","5/25/20","197","31","44005","15.74"
"Providence","214","10607","Rhode Island","5/25/20","9112","1495","44007","16.41"
"Washington","9","486","Rhode Island","5/25/20","425","61","44009","14.35"
"Abbeville","0","35","South Carolina","5/25/20","35","0","45001","0"
"Aiken","3","178","South Carolina","5/25/20","155","23","45003","14.84"
"Allendale","0","34","South Carolina","5/25/20","33","1","45005","3.03"
"Anderson","2","218","South Carolina","5/25/20","206","12","45007","5.83"
"Bamberg","1","21","South Carolina","5/25/20","17","4","45009","23.53"
"Barnwell","0","43","South Carolina","5/25/20","40","3","45011","7.5"
"Beaufort","6","336","South Carolina","5/25/20","294","42","45013","14.29"
"Berkeley","2","218","South Carolina","5/25/20","203","15","45015","7.39"
"Calhoun","0","9","South Carolina","5/25/20","9","0","45017","0"
"Charleston","7","561","South Carolina","5/25/20","509","52","45019","10.22"
"Cherokee","1","29","South Carolina","5/25/20","24","5","45021","20.83"
"Chester","1","52","South Carolina","5/25/20","42","10","45023","23.81"
"Chesterfield","5","132","South Carolina","5/25/20","98","34","45025","34.69"
"Clarendon","0","293","South Carolina","5/25/20","290","3","45027","1.03"
"Colleton","2","74","South Carolina","5/25/20","58","16","45029","27.59"
"Darlington","4","247","South Carolina","5/25/20","222","25","45031","11.26"
"Dillon","2","148","South Carolina","5/25/20","131","17","45033","12.98"
"Dorchester","4","140","South Carolina","5/25/20","114","26","45035","22.81"
"Edgefield","1","49","South Carolina","5/25/20","44","5","45037","11.36"
"Fairfield","5","160","South Carolina","5/25/20","128","32","45039","25"
"Florence","9","602","South Carolina","5/25/20","540","62","45041","11.48"
"Georgetown","2","69","South Carolina","5/25/20","52","17","45043","32.69"
"Greenville","26","1300","South Carolina","5/25/20","1116","184","45045","16.49"
"Greenwood","2","82","South Carolina","5/25/20","71","11","45047","15.49"
"Hampton","1","35","South Carolina","5/25/20","30","5","45049","16.67"
"Horry","11","377","South Carolina","5/25/20","299","78","45051","26.09"
"Jasper","2","38","South Carolina","5/25/20","27","11","45053","40.74"
"Kershaw","4","300","South Carolina","5/25/20","270","30","45055","11.11"
"Lancaster","1","121","South Carolina","5/25/20","111","10","45057","9.01"
"Laurens","0","58","South Carolina","5/25/20","57","1","45059","1.75"
"Lee","4","198","South Carolina","5/25/20","170","28","45061","16.47"
"Lexington","6","558","South Carolina","5/25/20","518","40","45063","7.72"
"Marion","2","65","South Carolina","5/25/20","52","13","45067","25"
"Marlboro","5","112","South Carolina","5/25/20","75","37","45069","49.33"
"McCormick","0","8","South Carolina","5/25/20","7","1","45065","14.29"
"Newberry","2","46","South Carolina","5/25/20","33","13","45071","39.39"
"Oconee","1","47","South Carolina","5/25/20","41","6","45073","14.63"
"Orangeburg","4","143","South Carolina","5/25/20","113","30","45075","26.55"
"Pickens","4","124","South Carolina","5/25/20","93","31","45077","33.33"
"Richland","17","1366","South Carolina","5/25/20","1250","116","45079","9.28"
"Saluda","2","136","South Carolina","5/25/20","123","13","45081","10.57"
"Spartanburg","10","476","South Carolina","5/25/20","407","69","45083","16.95"
"Sumter","4","347","South Carolina","5/25/20","322","25","45085","7.76"
"Union","0","31","South Carolina","5/25/20","31","0","45087","0"
"Williamsburg","5","216","South Carolina","5/25/20","178","38","45089","21.35"
"York","6","346","South Carolina","5/25/20","304","42","45091","13.82"
"Aurora","3","22","South Dakota","5/25/20","3","19","46003","633.33"
"Beadle","14","132","South Dakota","5/25/20","37","95","46005","256.76"
"Bon Homme","0","8","South Dakota","5/25/20","5","3","46009","60"
"Brookings","0","15","South Dakota","5/25/20","14","1","46011","7.14"
"Brown","7","249","South Dakota","5/25/20","200","49","46013","24.5"
"Buffalo","1","9","South Dakota","5/25/20","1","8","46017","800"
"Charles Mix","1","13","South Dakota","5/25/20","9","4","46023","44.44"
"Clark","0","4","South Dakota","5/25/20","4","0","46025","0"
"Clay","0","15","South Dakota","5/25/20","15","0","46027","0"
"Codington","2","32","South Dakota","5/25/20","17","15","46029","88.24"
"Corson","0","4","South Dakota","5/25/20","4","0","46031","0"
"Davison","0","9","South Dakota","5/25/20","9","0","46035","0"
"Day","0","12","South Dakota","5/25/20","11","1","46037","9.09"
"Deuel","0","1","South Dakota","5/25/20","1","0","46039","0"
"Douglas","0","3","South Dakota","5/25/20","1","2","46043","200"
"Fall River","0","4","South Dakota","5/25/20","2","2","46047","100"
"Faulk","0","1","South Dakota","5/25/20","1","0","46049","0"
"Grant","0","10","South Dakota","5/25/20","9","1","46051","11.11"
"Hamlin","0","4","South Dakota","5/25/20","3","1","46057","33.33"
"Hand","0","1","South Dakota","5/25/20","1","0","46059","0"
"Hughes","0","19","South Dakota","5/25/20","16","3","46065","18.75"
"Hutchinson","0","3","South Dakota","5/25/20","3","0","46067","0"
"Hyde","0","1","South Dakota","5/25/20","1","0","46069","0"
"Jackson","0","1","South Dakota","5/25/20","0","1","46071","1"
"Jerauld","3","28","South Dakota","5/25/20","6","22","46073","366.67"
"Lake","0","6","South Dakota","5/25/20","5","1","46079","20"
"Lawrence","0","9","South Dakota","5/25/20","9","0","46081","0"
"Lincoln","4","230","South Dakota","5/25/20","201","29","46083","14.43"
"Lyman","1","12","South Dakota","5/25/20","4","8","46085","200"
"Marshall","0","4","South Dakota","5/25/20","1","3","46091","300"
"McCook","0","5","South Dakota","5/25/20","5","0","46087","0"
"McPherson","0","1","South Dakota","5/25/20","1","0","46089","0"
"Meade","1","10","South Dakota","5/25/20","5","5","46093","100"
"Miner","0","1","South Dakota","5/25/20","1","0","46097","0"
"Minnehaha","18","3274","South Dakota","5/25/20","3150","124","46099","3.94"
"Moody","0","18","South Dakota","5/25/20","18","0","46101","0"
"Oglala Lakota","1","17","South Dakota","5/25/20","10","7","46102","70"
"Pennington","14","156","South Dakota","5/25/20","58","98","46103","168.97"
"Roberts","2","35","South Dakota","5/25/20","19","16","46109","84.21"
"Sanborn","1","11","South Dakota","5/25/20","6","5","46111","83.33"
"Spink","0","4","South Dakota","5/25/20","4","0","46115","0"
"Stanley","0","9","South Dakota","5/25/20","9","0","46117","0"
"Sully","0","1","South Dakota","5/25/20","1","0","46119","0"
"Todd","0","18","South Dakota","5/25/20","17","1","46121","5.88"
"Tripp","1","6","South Dakota","5/25/20","2","4","46123","200"
"Turner","1","23","South Dakota","5/25/20","19","4","46125","21.05"
"Union","2","79","South Dakota","5/25/20","62","17","46127","27.42"
"Walworth","0","5","South Dakota","5/25/20","5","0","46129","0"
"Yankton","1","51","South Dakota","5/25/20","41","10","46135","24.39"
"Ziebach","0","1","South Dakota","5/25/20","1","0","46137","0"
"Anderson","0","39","Tennessee","5/25/20","37","2","47001","5.41"
"Bedford","2","269","Tennessee","5/25/20","254","15","47003","5.91"
"Benton","0","7","Tennessee","5/25/20","7","0","47005","0"
"Bledsoe","0","608","Tennessee","5/25/20","607","1","47007","0.16"
"Blount","1","82","Tennessee","5/25/20","76","6","47009","7.89"
"Bradley","2","98","Tennessee","5/25/20","83","15","47011","18.07"
"Campbell","0","17","Tennessee","5/25/20","17","0","47013","0"
"Cannon","1","17","Tennessee","5/25/20","13","4","47015","30.77"
"Carroll","0","27","Tennessee","5/25/20","25","2","47017","8"
"Carter","0","19","Tennessee","5/25/20","19","0","47019","0"
"Cheatham","3","110","Tennessee","5/25/20","92","18","47021","19.57"
"Chester","0","12","Tennessee","5/25/20","12","0","47023","0"
"Claiborne","0","8","Tennessee","5/25/20","8","0","47025","0"
"Clay","0","6","Tennessee","5/25/20","6","0","47027","0"
"Cocke","0","20","Tennessee","5/25/20","20","0","47029","0"
"Coffee","1","66","Tennessee","5/25/20","61","5","47031","8.2"
"Crockett","0","16","Tennessee","5/25/20","13","3","47033","23.08"
"Cumberland","2","109","Tennessee","5/25/20","93","16","47035","17.2"
"Davidson","81","4632","Tennessee","5/25/20","4066","566","47037","13.92"
"Decatur","0","5","Tennessee","5/25/20","5","0","47039","0"
"DeKalb","1","34","Tennessee","5/25/20","30","4","47041","13.33"
"Dickson","2","104","Tennessee","5/25/20","93","11","47043","11.83"
"Dyer","1","48","Tennessee","5/25/20","44","4","47045","9.09"
"Fayette","2","107","Tennessee","5/25/20","94","13","47047","13.83"
"Fentress","1","11","Tennessee","5/25/20","6","5","47049","83.33"
"Franklin","0","46","Tennessee","5/25/20","43","3","47051","6.98"
"Gibson","0","60","Tennessee","5/25/20","59","1","47053","1.69"
"Giles","0","12","Tennessee","5/25/20","12","0","47055","0"
"Grainger","0","6","Tennessee","5/25/20","6","0","47057","0"
"Greene","0","47","Tennessee","5/25/20","46","1","47059","2.17"
"Grundy","0","32","Tennessee","5/25/20","30","2","47061","6.67"
"Hamblen","0","26","Tennessee","5/25/20","25","1","47063","4"
"Hamilton","35","601","Tennessee","5/25/20","357","244","47065","68.35"
"Hancock","0","1","Tennessee","5/25/20","0","1","47067","1"
"Hardeman","1","188","Tennessee","5/25/20","183","5","47069","2.73"
"Hardin","0","11","Tennessee","5/25/20","10","1","47071","10"
"Hawkins","0","31","Tennessee","5/25/20","31","0","47073","0"
"Haywood","0","29","Tennessee","5/25/20","29","0","47075","0"
"Henderson","0","13","Tennessee","5/25/20","12","1","47077","8.33"
"Henry","1","29","Tennessee","5/25/20","19","10","47079","52.63"
"Hickman","0","53","Tennessee","5/25/20","52","1","47081","1.92"
"Houston","0","7","Tennessee","5/25/20","6","1","47083","16.67"
"Humphreys","0","13","Tennessee","5/25/20","12","1","47085","8.33"
"Jackson","1","17","Tennessee","5/25/20","11","6","47087","54.55"
"Jefferson","0","27","Tennessee","5/25/20","26","1","47089","3.85"
"Johnson","0","15","Tennessee","5/25/20","15","0","47091","0"
"Knox","4","336","Tennessee","5/25/20","308","28","47093","9.09"
"Lake","1","410","Tennessee","5/25/20","404","6","47095","1.49"
"Lauderdale","2","56","Tennessee","5/25/20","44","12","47097","27.27"
"Lawrence","0","24","Tennessee","5/25/20","21","3","47099","14.29"
"Lewis","0","3","Tennessee","5/25/20","2","1","47101","50"
"Lincoln","1","25","Tennessee","5/25/20","16","9","47103","56.25"
"Loudon","6","136","Tennessee","5/25/20","94","42","47105","44.68"
"Macon","2","101","Tennessee","5/25/20","90","11","47111","12.22"
"Madison","1","173","Tennessee","5/25/20","163","10","47113","6.13"
"Marion","0","36","Tennessee","5/25/20","33","3","47115","9.09"
"Marshall","0","29","Tennessee","5/25/20","27","2","47117","7.41"
"Maury","2","79","Tennessee","5/25/20","68","11","47119","16.18"
"McMinn","2","135","Tennessee","5/25/20","123","12","47107","9.76"
"McNairy","0","12","Tennessee","5/25/20","12","0","47109","0"
"Meigs","0","25","Tennessee","5/25/20","22","3","47121","13.64"
"Monroe","1","56","Tennessee","5/25/20","49","7","47123","14.29"
"Montgomery","5","248","Tennessee","5/25/20","213","35","47125","16.43"
"Moore","0","3","Tennessee","5/25/20","3","0","47127","0"
"Morgan","1","17","Tennessee","5/25/20","12","5","47129","41.67"
"Obion","1","24","Tennessee","5/25/20","19","5","47131","26.32"
"Out of TN","-7","339","Tennessee","5/25/20","386","-47","80047","-12.18"
"Overton","1","21","Tennessee","5/25/20","16","5","47133","31.25"
"Perry","0","13","Tennessee","5/25/20","13","0","47135","0"
"Pickett","0","3","Tennessee","5/25/20","2","1","47137","50"
"Polk","0","14","Tennessee","5/25/20","14","0","47139","0"
"Putnam","20","380","Tennessee","5/25/20","240","140","47141","58.33"
"Rhea","27","197","Tennessee","5/25/20","10","187","47143","1870"
"Roane","1","15","Tennessee","5/25/20","9","6","47145","66.67"
"Robertson","14","389","Tennessee","5/25/20","294","95","47147","32.31"
"Rutherford","21","1029","Tennessee","5/25/20","884","145","47149","16.4"
"Scott","0","11","Tennessee","5/25/20","12","-1","47151","-8.33"
"Sequatchie","0","11","Tennessee","5/25/20","10","1","47153","10"
"Sevier","0","72","Tennessee","5/25/20","69","3","47155","4.35"
"Shelby","86","4451","Tennessee","5/25/20","3846","605","47157","15.73"
"Smith","1","30","Tennessee","5/25/20","25","5","47159","20"
"Stewart","0","9","Tennessee","5/25/20","7","2","47161","28.57"
"Sullivan","1","61","Tennessee","5/25/20","57","4","47163","7.02"
"Sumner","11","827","Tennessee","5/25/20","749","78","47165","10.41"
"Tipton","3","427","Tennessee","5/25/20","405","22","47167","5.43"
"Trousdale","1","1392","Tennessee","5/25/20","1383","9","47169","0.65"
"Unicoi","0","3","Tennessee","5/25/20","3","0","47171","0"
"Union","0","4","Tennessee","5/25/20","4","0","47173","0"
"Van Buren","0","4","Tennessee","5/25/20","4","0","47175","0"
"Warren","1","21","Tennessee","5/25/20","16","5","47177","31.25"
"Washington","1","73","Tennessee","5/25/20","66","7","47179","10.61"
"Wayne","0","63","Tennessee","5/25/20","63","0","47181","0"
"Weakley","0","26","Tennessee","5/25/20","26","0","47183","0"
"White","1","27","Tennessee","5/25/20","19","8","47185","42.11"
"Williamson","6","522","Tennessee","5/25/20","480","42","47187","8.75"
"Wilson","5","363","Tennessee","5/25/20","327","36","47189","11.01"
"Anderson","2","66","Texas","5/25/20","54","12","48001","22.22"
"Andrews","1","27","Texas","5/25/20","22","5","48003","22.73"
"Angelina","5","175","Texas","5/25/20","139","36","48005","25.9"
"Aransas","0","5","Texas","5/25/20","3","2","48007","66.67"
"Archer","0","1","Texas","5/25/20","1","0","48009","0"
"Armstrong","0","2","Texas","5/25/20","2","0","48011","0"
"Atascosa","1","35","Texas","5/25/20","30","5","48013","16.67"
"Austin","0","22","Texas","5/25/20","19","3","48015","15.79"
"Bailey","0","10","Texas","5/25/20","8","2","48017","25"
"Bandera","0","6","Texas","5/25/20","6","0","48019","0"
"Bastrop","7","182","Texas","5/25/20","132","50","48021","37.88"
"Bee","0","9","Texas","5/25/20","6","3","48025","50"
"Bell","7","298","Texas","5/25/20","248","50","48027","20.16"
"Bexar","43","2418","Texas","5/25/20","2120","298","48029","14.06"
"Blanco","0","8","Texas","5/25/20","6","2","48031","33.33"
"Bosque","0","6","Texas","5/25/20","6","0","48035","0"
"Bowie","3","153","Texas","5/25/20","133","20","48037","15.04"
"Brazoria","10","838","Texas","5/25/20","767","71","48039","9.26"
"Brazos","16","438","Texas","5/25/20","325","113","48041","34.77"
"Brewster","0","1","Texas","5/25/20","1","0","48043","0"
"Briscoe","0","1","Texas","5/25/20","1","0","48045","0"
"Brooks","0","1","Texas","5/25/20","1","0","48047","0"
"Brown","1","56","Texas","5/25/20","51","5","48049","9.8"
"Burleson","1","22","Texas","5/25/20","18","4","48051","22.22"
"Burnet","0","29","Texas","5/25/20","28","1","48053","3.57"
"Caldwell","2","50","Texas","5/25/20","36","14","48055","38.89"
"Calhoun","0","37","Texas","5/25/20","36","1","48057","2.78"
"Callahan","0","8","Texas","5/25/20","8","0","48059","0"
"Cameron","11","698","Texas","5/25/20","619","79","48061","12.76"
"Camp","3","44","Texas","5/25/20","24","20","48063","83.33"
"Carson","0","6","Texas","5/25/20","5","1","48065","20"
"Cass","0","21","Texas","5/25/20","20","1","48067","5"
"Castro","1","32","Texas","5/25/20","27","5","48069","18.52"
"Chambers","1","61","Texas","5/25/20","53","8","48071","15.09"
"Cherokee","1","42","Texas","5/25/20","34","8","48073","23.53"
"Childress","0","2","Texas","5/25/20","2","0","48075","0"
"Clay","0","3","Texas","5/25/20","3","0","48077","0"
"Cochran","0","1","Texas","5/25/20","1","0","48079","0"
"Coke","0","1","Texas","5/25/20","1","0","48081","0"
"Coleman","0","2","Texas","5/25/20","2","0","48083","0"
"Collin","18","1151","Texas","5/25/20","1028","123","48085","11.96"
"Collingsworth","0","4","Texas","5/25/20","4","0","48087","0"
"Colorado","0","20","Texas","5/25/20","18","2","48089","11.11"
"Comal","2","82","Texas","5/25/20","70","12","48091","17.14"
"Comanche","1","10","Texas","5/25/20","3","7","48093","233.33"
"Concho","0","1","Texas","5/25/20","1","0","48095","0"
"Cooke","0","13","Texas","5/25/20","13","0","48097","0"
"Coryell","0","226","Texas","5/25/20","224","2","48099","0.89"
"Cottle","0","4","Texas","5/25/20","4","0","48101","0"
"Crane","3","22","Texas","5/25/20","2","20","48103","1000"
"Crosby","0","3","Texas","5/25/20","3","0","48107","0"
"Dallam","0","22","Texas","5/25/20","22","0","48111","0"
"Dallas","188","8998","Texas","5/25/20","7679","1319","48113","17.18"
"Dawson","0","39","Texas","5/25/20","38","1","48115","2.63"
"Deaf Smith","5","157","Texas","5/25/20","122","35","48117","28.69"
"Delta","0","1","Texas","5/25/20","1","0","48119","0"
"Denton","22","1224","Texas","5/25/20","1069","155","48121","14.5"
"DeWitt","0","17","Texas","5/25/20","17","0","48123","0"
"Dickens","0","1","Texas","5/25/20","1","0","48125","0"
"Dimmit","0","1","Texas","5/25/20","1","0","48127","0"
"Donley","0","26","Texas","5/25/20","26","0","48129","0"
"Duval","0","5","Texas","5/25/20","5","0","48131","0"
"Eastland","0","5","Texas","5/25/20","5","0","48133","0"
"Ector","5","146","Texas","5/25/20","114","32","48135","28.07"
"El Paso","86","2376","Texas","5/25/20","1772","604","48141","34.09"
"Ellis","4","272","Texas","5/25/20","247","25","48139","10.12"
"Erath","0","15","Texas","5/25/20","15","0","48143","0"
"Falls","0","6","Texas","5/25/20","6","0","48145","0"
"Fannin","1","34","Texas","5/25/20","25","9","48147","36"
"Fayette","0","32","Texas","5/25/20","29","3","48149","10.34"
"Fisher","0","2","Texas","5/25/20","1","1","48151","100"
"Floyd","0","5","Texas","5/25/20","4","1","48153","25"
"Fort Bend","18","1685","Texas","5/25/20","1559","126","48157","8.08"
"Franklin","1","12","Texas","5/25/20","6","6","48159","100"
"Freestone","0","10","Texas","5/25/20","7","3","48161","42.86"
"Frio","0","36","Texas","5/25/20","35","1","48163","2.86"
"Gaines","0","6","Texas","5/25/20","5","1","48165","20"
"Galveston","7","752","Texas","5/25/20","702","50","48167","7.12"
"Garza","0","5","Texas","5/25/20","4","1","48169","25"
"Gillespie","0","5","Texas","5/25/20","4","1","48171","25"
"Glasscock","0","1","Texas","5/25/20","1","0","48173","0"
"Goliad","0","7","Texas","5/25/20","7","0","48175","0"
"Gonzales","1","91","Texas","5/25/20","85","6","48177","7.06"
"Gray","0","96","Texas","5/25/20","93","3","48179","3.23"
"Grayson","21","300","Texas","5/25/20","152","148","48181","97.37"
"Gregg","2","185","Texas","5/25/20","170","15","48183","8.82"
"Grimes","5","100","Texas","5/25/20","65","35","48185","53.85"
"Guadalupe","2","122","Texas","5/25/20","110","12","48187","10.91"
"Hale","2","55","Texas","5/25/20","44","11","48189","25"
"Hall","0","2","Texas","5/25/20","0","2","48191","1"
"Hamilton","0","7","Texas","5/25/20","7","0","48193","0"
"Hansford","0","18","Texas","5/25/20","16","2","48195","12.5"
"Hardeman","0","1","Texas","5/25/20","0","1","48197","1"
"Hardin","3","136","Texas","5/25/20","117","19","48199","16.24"
"Harris","194","10995","Texas","5/25/20","9635","1360","48201","14.12"
"Harrison","4","228","Texas","5/25/20","202","26","48203","12.87"
"Hartley","0","11","Texas","5/25/20","9","2","48205","22.22"
"Haskell","0","2","Texas","5/25/20","1","1","48207","100"
"Hays","7","270","Texas","5/25/20","219","51","48209","23.29"
"Hemphill","0","1","Texas","5/25/20","1","0","48211","0"
"Henderson","1","55","Texas","5/25/20","48","7","48213","14.58"
"Hidalgo","8","497","Texas","5/25/20","440","57","48215","12.95"
"Hill","0","24","Texas","5/25/20","22","2","48217","9.09"
"Hockley","1","27","Texas","5/25/20","23","4","48219","17.39"
"Hood","0","23","Texas","5/25/20","22","1","48221","4.55"
"Hopkins","1","17","Texas","5/25/20","8","9","48223","112.5"
"Houston","1","84","Texas","5/25/20","79","5","48225","6.33"
"Howard","0","6","Texas","5/25/20","6","0","48227","0"
"Hunt","1","75","Texas","5/25/20","66","9","48231","13.64"
"Hutchinson","0","30","Texas","5/25/20","28","2","48233","7.14"
"Jack","0","4","Texas","5/25/20","4","0","48237","0"
"Jackson","0","17","Texas","5/25/20","15","2","48239","13.33"
"Jasper","1","28","Texas","5/25/20","23","5","48241","21.74"
"Jefferson","9","498","Texas","5/25/20","436","62","48245","14.22"
"Jim Hogg","0","4","Texas","5/25/20","4","0","48247","0"
"Jim Wells","0","9","Texas","5/25/20","8","1","48249","12.5"
"Johnson","4","148","Texas","5/25/20","123","25","48251","20.33"
"Jones","3","135","Texas","5/25/20","112","23","48253","20.54"
"Karnes","0","4","Texas","5/25/20","3","1","48255","33.33"
"Kaufman","5","182","Texas","5/25/20","147","35","48257","23.81"
"Kendall","0","24","Texas","5/25/20","21","3","48259","14.29"
"Kerr","1","16","Texas","5/25/20","10","6","48265","60"
"Kimble","0","1","Texas","5/25/20","1","0","48267","0"
"Kleberg","0","15","Texas","5/25/20","14","1","48273","7.14"
"Knox","0","1","Texas","5/25/20","1","0","48275","0"
"La Salle","0","4","Texas","5/25/20","4","0","48283","0"
"Lamar","3","134","Texas","5/25/20","116","18","48277","15.52"
"Lamb","1","15","Texas","5/25/20","11","4","48279","36.36"
"Lampasas","0","8","Texas","5/25/20","8","0","48281","0"
"Lavaca","0","9","Texas","5/25/20","8","1","48285","12.5"
"Lee","1","10","Texas","5/25/20","6","4","48287","66.67"
"Leon","0","9","Texas","5/25/20","9","0","48289","0"
"Liberty","1","80","Texas","5/25/20","75","5","48291","6.67"
"Limestone","1","23","Texas","5/25/20","15","8","48293","53.33"
"Lipscomb","0","2","Texas","5/25/20","2","0","48295","0"
"Live Oak","0","9","Texas","5/25/20","7","2","48297","28.57"
"Llano","0","3","Texas","5/25/20","3","0","48299","0"
"Lubbock","6","664","Texas","5/25/20","619","45","48303","7.27"
"Lynn","0","5","Texas","5/25/20","5","0","48305","0"
"Madison","0","8","Texas","5/25/20","8","0","48313","0"
"Marion","0","15","Texas","5/25/20","15","0","48315","0"
"Martin","0","3","Texas","5/25/20","3","0","48317","0"
"Mason","0","31","Texas","5/25/20","31","0","48319","0"
"Matagorda","0","67","Texas","5/25/20","65","2","48321","3.08"
"Maverick","1","97","Texas","5/25/20","89","8","48323","8.99"
"McCulloch","0","3","Texas","5/25/20","3","0","48307","0"
"McLennan","1","107","Texas","5/25/20","98","9","48309","9.18"
"Medina","1","67","Texas","5/25/20","58","9","48325","15.52"
"Midland","1","124","Texas","5/25/20","120","4","48329","3.33"
"Milam","1","28","Texas","5/25/20","24","4","48331","16.67"
"Mills","0","1","Texas","5/25/20","1","0","48333","0"
"Mitchell","0","1","Texas","5/25/20","1","0","48335","0"
"Montague","0","9","Texas","5/25/20","9","0","48337","0"
"Montgomery","10","888","Texas","5/25/20","817","71","48339","8.69"
"Moore","2","579","Texas","5/25/20","567","12","48341","2.12"
"Morris","1","17","Texas","5/25/20","11","6","48343","54.55"
"Motley","0","1","Texas","5/25/20","1","0","48345","0"
"Nacogdoches","3","257","Texas","5/25/20","239","18","48347","7.53"
"Navarro","1","44","Texas","5/25/20","38","6","48349","15.79"
"Newton","0","4","Texas","5/25/20","4","0","48351","0"
"Nolan","0","2","Texas","5/25/20","2","0","48353","0"
"Nueces","4","262","Texas","5/25/20","234","28","48355","11.97"
"Ochiltree","0","43","Texas","5/25/20","41","2","48357","4.88"
"Oldham","0","3","Texas","5/25/20","4","-1","48359","-25"
"Orange","1","96","Texas","5/25/20","87","9","48361","10.34"
"Palo Pinto","0","10","Texas","5/25/20","9","1","48363","11.11"
"Panola","2","188","Texas","5/25/20","175","13","48365","7.43"
"Parker","1","67","Texas","5/25/20","57","10","48367","17.54"
"Parmer","3","53","Texas","5/25/20","34","19","48369","55.88"
"Pecos","1","27","Texas","5/25/20","20","7","48371","35"
"Polk","1","52","Texas","5/25/20","47","5","48373","10.64"
"Potter","16","2238","Texas","5/25/20","2129","109","48375","5.12"
"Presidio","0","1","Texas","5/25/20","0","1","48377","1"
"Rains","0","3","Texas","5/25/20","2","1","48379","50"
"Randall","7","648","Texas","5/25/20","602","46","48381","7.64"
"Red River","2","47","Texas","5/25/20","35","12","48387","34.29"
"Reeves","0","7","Texas","5/25/20","7","0","48389","0"
"Refugio","0","3","Texas","5/25/20","3","0","48391","0"
"Roberts","0","2","Texas","5/25/20","2","0","48393","0"
"Robertson","0","7","Texas","5/25/20","6","1","48395","16.67"
"Rockwall","2","151","Texas","5/25/20","138","13","48397","9.42"
"Runnels","0","2","Texas","5/25/20","2","0","48399","0"
"Rusk","0","43","Texas","5/25/20","42","1","48401","2.38"
"Sabine","0","5","Texas","5/25/20","3","2","48403","66.67"
"San Augustine","1","29","Texas","5/25/20","22","7","48405","31.82"
"San Jacinto","0","14","Texas","5/25/20","12","2","48407","16.67"
"San Patricio","0","28","Texas","5/25/20","26","2","48409","7.69"
"San Saba","0","1","Texas","5/25/20","0","1","48411","1"
"Scurry","0","2","Texas","5/25/20","2","0","48415","0"
"Shackelford","0","1","Texas","5/25/20","1","0","48417","0"
"Shelby","1","183","Texas","5/25/20","175","8","48419","4.57"
"Sherman","0","21","Texas","5/25/20","23","-2","48421","-8.7"
"Smith","1","198","Texas","5/25/20","189","9","48423","4.76"
"Starr","1","24","Texas","5/25/20","17","7","48427","41.18"
"Stephens","0","2","Texas","5/25/20","2","0","48429","0"
"Swisher","0","17","Texas","5/25/20","15","2","48437","13.33"
"Tarrant","76","4977","Texas","5/25/20","4447","530","48439","11.92"
"Taylor","2","230","Texas","5/25/20","217","13","48441","5.99"
"Terry","0","13","Texas","5/25/20","12","1","48445","8.33"
"Titus","28","299","Texas","5/25/20","102","197","48449","193.14"
"Tom Green","0","90","Texas","5/25/20","87","3","48451","3.45"
"Travis","55","2847","Texas","5/25/20","2459","388","48453","15.78"
"Trinity","0","13","Texas","5/25/20","11","2","48455","18.18"
"Tyler","0","11","Texas","5/25/20","9","2","48457","22.22"
"Upshur","0","18","Texas","5/25/20","18","0","48459","0"
"Uvalde","0","6","Texas","5/25/20","6","0","48463","0"
"Val Verde","0","14","Texas","5/25/20","13","1","48465","7.69"
"Van Zandt","1","26","Texas","5/25/20","22","4","48467","18.18"
"Victoria","0","157","Texas","5/25/20","156","1","48469","0.64"
"Walker","7","475","Texas","5/25/20","423","52","48471","12.29"
"Waller","2","53","Texas","5/25/20","40","13","48473","32.5"
"Ward","0","1","Texas","5/25/20","0","1","48475","1"
"Washington","2","193","Texas","5/25/20","181","12","48477","6.63"
"Webb","6","516","Texas","5/25/20","477","39","48479","8.18"
"Wharton","1","50","Texas","5/25/20","43","7","48481","16.28"
"Wheeler","0","15","Texas","5/25/20","14","1","48483","7.14"
"Wichita","1","82","Texas","5/25/20","78","4","48485","5.13"
"Wilbarger","0","6","Texas","5/25/20","5","1","48487","20"
"Willacy","0","14","Texas","5/25/20","14","0","48489","0"
"Williamson","11","565","Texas","5/25/20","486","79","48491","16.26"
"Wilson","0","38","Texas","5/25/20","36","2","48493","5.56"
"Winkler","0","3","Texas","5/25/20","3","0","48495","0"
"Wise","1","42","Texas","5/25/20","36","6","48497","16.67"
"Wood","1","23","Texas","5/25/20","18","5","48499","27.78"
"Yoakum","0","3","Texas","5/25/20","2","1","48501","50"
"Young","0","4","Texas","5/25/20","4","0","48503","0"
"Zapata","0","8","Texas","5/25/20","7","1","48505","14.29"
"Zavala","0","11","Texas","5/25/20","9","2","48507","22.22"
"Bear River","2","103","Utah","5/25/20","90","13","00000","14.44"
"Central Utah","0","33","Utah","5/25/20","30","3","00000","10"
"Davis","6","414","Utah","5/25/20","370","44","49011","11.89"
"Salt Lake","92","4583","Utah","5/25/20","3942","641","49035","16.26"
"San Juan","6","268","Utah","5/25/20","227","41","49037","18.06"
"Southeast Utah","1","21","Utah","5/25/20","15","6","00000","40"
"Southwest Utah","13","324","Utah","5/25/20","236","88","00000","37.29"
"Summit","1","405","Utah","5/25/20","401","4","49043","1"
"Tooele","3","113","Utah","5/25/20","94","19","49045","20.21"
"TriCounty","0","20","Utah","5/25/20","22","-2","00000","-9.09"
"Utah","29","1722","Utah","5/25/20","1520","202","49049","13.29"
"Wasatch","6","247","Utah","5/25/20","203","44","49051","21.67"
"Weber-Morgan","5","268","Utah","5/25/20","234","34","00000","14.53"
"Addison","0","62","Vermont","5/25/20","62","0","50001","0"
"Bennington","0","62","Vermont","5/25/20","60","2","50003","3.33"
"Caledonia","0","15","Vermont","5/25/20","14","1","50005","7.14"
"Chittenden","0","441","Vermont","5/25/20","439","2","50007","0.46"
"Essex","0","3","Vermont","5/25/20","2","1","50009","50"
"Franklin","0","99","Vermont","5/25/20","99","0","50011","0"
"Grand Isle","0","7","Vermont","5/25/20","4","3","50013","75"
"Lamoille","0","29","Vermont","5/25/20","27","2","50015","7.41"
"Orange","0","8","Vermont","5/25/20","8","0","50017","0"
"Orleans","0","9","Vermont","5/25/20","9","0","50019","0"
"Rutland","0","53","Vermont","5/25/20","50","3","50021","6"
"Washington","0","39","Vermont","5/25/20","38","1","50023","2.63"
"Windham","1","80","Vermont","5/25/20","76","4","50025","5.26"
"Windsor","0","50","Vermont","5/25/20","47","3","50027","6.38"
"","0","69","Virgin Islands","5/25/20","69","0",,"0"
"Accomack","6","731","Virginia","5/25/20","690","41","51001","5.94"
"Albemarle","1","149","Virginia","5/25/20","139","10","51003","7.19"
"Alexandria","35","1754","Virginia","5/25/20","1510","244","51510","16.16"
"Alleghany","1","13","Virginia","5/25/20","9","4","51005","44.44"
"Amelia","0","21","Virginia","5/25/20","20","1","51007","5"
"Amherst","0","26","Virginia","5/25/20","25","1","51009","4"
"Appomattox","0","26","Virginia","5/25/20","25","1","51011","4"
"Arlington","37","1897","Virginia","5/25/20","1638","259","51013","15.81"
"Augusta","1","93","Virginia","5/25/20","85","8","51015","9.41"
"Bedford","0","41","Virginia","5/25/20","41","0","51019","0"
"Botetourt","0","32","Virginia","5/25/20","31","1","51023","3.23"
"Bristol","0","4","Virginia","5/25/20","3","1","51520","33.33"
"Brunswick","0","21","Virginia","5/25/20","20","1","51025","5"
"Buchanan","0","18","Virginia","5/25/20","16","2","51027","12.5"
"Buckingham","4","443","Virginia","5/25/20","417","26","51029","6.24"
"Buena Vista","0","12","Virginia","5/25/20","9","3","51530","33.33"
"Campbell","0","13","Virginia","5/25/20","13","0","51031","0"
"Caroline","1","49","Virginia","5/25/20","42","7","51033","16.67"
"Carroll","4","77","Virginia","5/25/20","49","28","51035","57.14"
"Charles City","1","27","Virginia","5/25/20","23","4","51036","17.39"
"Charlotte","1","19","Virginia","5/25/20","14","5","51037","35.71"
"Charlottesville","1","82","Virginia","5/25/20","72","10","51540","13.89"
"Chesapeake","9","449","Virginia","5/25/20","387","62","51550","16.02"
"Chesterfield","28","1200","Virginia","5/25/20","1002","198","51041","19.76"
"Clarke","1","22","Virginia","5/25/20","18","4","51043","22.22"
"Colonial Heights","1","83","Virginia","5/25/20","76","7","51570","9.21"
"Covington","0","3","Virginia","5/25/20","2","1","51580","50"
"Craig","0","5","Virginia","5/25/20","4","1","51045","25"
"Culpeper","32","614","Virginia","5/25/20","388","226","51047","58.25"
"Cumberland","1","27","Virginia","5/25/20","23","4","51049","17.39"
"Danville","1","48","Virginia","5/25/20","44","4","51590","9.09"
"Dinwiddie","1","48","Virginia","5/25/20","38","10","51053","26.32"
"Emporia","1","62","Virginia","5/25/20","55","7","51595","12.73"
"Essex","2","44","Virginia","5/25/20","31","13","51057","41.94"
"Fairfax","234","9482","Virginia","5/25/20","7843","1639","51059","20.9"
"Fairfax City","1","57","Virginia","5/25/20","47","10","51600","21.28"
"Falls Church","1","48","Virginia","5/25/20","44","4","51610","9.09"
"Fauquier","9","285","Virginia","5/25/20","223","62","51061","27.8"
"Floyd","0","5","Virginia","5/25/20","4","1","51063","25"
"Fluvanna","0","85","Virginia","5/25/20","82","3","51065","3.66"
"Franklin","0","33","Virginia","5/25/20","30","3","51067","10"
"Franklin City","1","39","Virginia","5/25/20","32","7","51620","21.88"
"Frederick","8","271","Virginia","5/25/20","217","54","51069","24.88"
"Fredericksburg","4","123","Virginia","5/25/20","96","27","51630","28.12"
"Galax","2","95","Virginia","5/25/20","82","13","51640","15.85"
"Giles","0","5","Virginia","5/25/20","5","0","51071","0"
"Gloucester","0","30","Virginia","5/25/20","28","2","51073","7.14"
"Goochland","1","93","Virginia","5/25/20","88","5","51075","5.68"
"Grayson","1","30","Virginia","5/25/20","21","9","51077","42.86"
"Greene","1","23","Virginia","5/25/20","19","4","51079","21.05"
"Greensville","1","55","Virginia","5/25/20","50","5","51081","10"
"Halifax","0","29","Virginia","5/25/20","27","2","51083","7.41"
"Hampton","3","181","Virginia","5/25/20","163","18","51650","11.04"
"Hanover","7","275","Virginia","5/25/20","225","50","51085","22.22"
"Harrisonburg","13","727","Virginia","5/25/20","633","94","51660","14.85"
"Henrico","31","1492","Virginia","5/25/20","1272","220","51087","17.3"
"Henry","5","77","Virginia","5/25/20","43","34","51089","79.07"
"Highland","0","3","Virginia","5/25/20","2","1","51091","50"
"Hopewell","2","66","Virginia","5/25/20","53","13","51670","24.53"
"Isle of Wight","1","125","Virginia","5/25/20","119","6","51093","5.04"
"James City","1","197","Virginia","5/25/20","187","10","51095","5.35"
"King and Queen","0","7","Virginia","5/25/20","7","0","51097","0"
"King George","1","56","Virginia","5/25/20","48","8","51099","16.67"
"King William","1","24","Virginia","5/25/20","15","9","51101","60"
"Lancaster","0","10","Virginia","5/25/20","7","3","51103","42.86"
"Lee","0","9","Virginia","5/25/20","10","-1","51105","-10"
"Lexington","0","6","Virginia","5/25/20","6","0","51678","0"
"Loudoun","80","2047","Virginia","5/25/20","1486","561","51107","37.75"
"Louisa","1","69","Virginia","5/25/20","60","9","51109","15"
"Lunenburg","0","8","Virginia","5/25/20","7","1","51111","14.29"
"Lynchburg","0","77","Virginia","5/25/20","74","3","51680","4.05"
"Madison","1","32","Virginia","5/25/20","24","8","51113","33.33"
"Manassas","32","849","Virginia","5/25/20","628","221","51683","35.19"
"Manassas Park","9","261","Virginia","5/25/20","198","63","51685","31.82"
"Martinsville","2","24","Virginia","5/25/20","8","16","51690","200"
"Mathews","0","5","Virginia","5/25/20","5","0","51115","0"
"Mecklenburg","5","205","Virginia","5/25/20","169","36","51117","21.3"
"Middlesex","0","12","Virginia","5/25/20","12","0","51119","0"
"Montgomery","0","69","Virginia","5/25/20","66","3","51121","4.55"
"Nelson","0","14","Virginia","5/25/20","12","2","51125","16.67"
"New Kent","0","29","Virginia","5/25/20","26","3","51127","11.54"
"Newport News","6","245","Virginia","5/25/20","206","39","51700","18.93"
"Norfolk","10","432","Virginia","5/25/20","361","71","51710","19.67"
"Northampton","3","216","Virginia","5/25/20","198","18","51131","9.09"
"Northumberland","1","23","Virginia","5/25/20","18","5","51133","27.78"
"Norton","0","2","Virginia","5/25/20","2","0","51720","0"
"Nottoway","0","19","Virginia","5/25/20","18","1","51135","5.56"
"Orange","3","81","Virginia","5/25/20","60","21","51137","35"
"Page","5","197","Virginia","5/25/20","161","36","51139","22.36"
"Patrick","1","14","Virginia","5/25/20","8","6","51141","75"
"Petersburg","4","88","Virginia","5/25/20","60","28","51730","46.67"
"Pittsylvania","2","35","Virginia","5/25/20","24","11","51143","45.83"
"Poquoson","0","7","Virginia","5/25/20","7","0","51735","0"
"Portsmouth","6","272","Virginia","5/25/20","228","44","51740","19.3"
"Powhatan","1","29","Virginia","5/25/20","24","5","51145","20.83"
"Prince Edward","4","108","Virginia","5/25/20","77","31","51147","40.26"
"Prince George","1","60","Virginia","5/25/20","52","8","51149","15.38"
"Prince William","135","4702","Virginia","5/25/20","3759","943","51153","25.09"
"Pulaski","0","11","Virginia","5/25/20","10","1","51155","10"
"Radford","1","7","Virginia","5/25/20","3","4","51750","133.33"
"Rappahannock","0","13","Virginia","5/25/20","12","1","51157","8.33"
"Richmond","2","275","Virginia","5/25/20","263","12","51159","4.56"
"Richmond City","37","1040","Virginia","5/25/20","779","261","51760","33.5"
"Roanoke","1","94","Virginia","5/25/20","86","8","51161","9.3"
"Roanoke City","2","140","Virginia","5/25/20","128","12","51770","9.38"
"Rockbridge","1","16","Virginia","5/25/20","11","5","51163","45.45"
"Rockingham","10","467","Virginia","5/25/20","397","70","51165","17.63"
"Russell","0","8","Virginia","5/25/20","8","0","51167","0"
"Salem","0","32","Virginia","5/25/20","32","0","51775","0"
"Scott","0","7","Virginia","5/25/20","7","0","51169","0"
"Shenandoah","8","376","Virginia","5/25/20","319","57","51171","17.87"
"Smyth","0","15","Virginia","5/25/20","15","0","51173","0"
"Southampton","1","143","Virginia","5/25/20","137","6","51175","4.38"
"Spotsylvania","15","422","Virginia","5/25/20","319","103","51177","32.29"
"Stafford","16","599","Virginia","5/25/20","484","115","51179","23.76"
"Staunton","0","35","Virginia","5/25/20","33","2","51790","6.06"
"Suffolk","4","300","Virginia","5/25/20","269","31","51800","11.52"
"Surry","0","6","Virginia","5/25/20","6","0","51181","0"
"Sussex","3","114","Virginia","5/25/20","91","23","51183","25.27"
"Tazewell","0","6","Virginia","5/25/20","6","0","51185","0"
"Virginia Beach","9","618","Virginia","5/25/20","557","61","51810","10.95"
"Warren","3","117","Virginia","5/25/20","99","18","51187","18.18"
"Washington","0","51","Virginia","5/25/20","49","2","51191","4.08"
"Waynesboro","2","39","Virginia","5/25/20","24","15","51820","62.5"
"Westmoreland","1","50","Virginia","5/25/20","42","8","51193","19.05"
"Williamsburg","0","43","Virginia","5/25/20","43","0","51830","0"
"Winchester","9","145","Virginia","5/25/20","84","61","51840","72.62"
"Wise","0","24","Virginia","5/25/20","23","1","51195","4.35"
"Wythe","0","18","Virginia","5/25/20","16","2","51197","12.5"
"York","1","69","Virginia","5/25/20","63","6","51199","9.52"
"Adams","0","53","Washington","5/25/20","50","3","53001","6"
"Asotin","0","19","Washington","5/25/20","18","1","53003","5.56"
"Benton","9","704","Washington","5/25/20","643","61","53005","9.49"
"Chelan","8","231","Washington","5/25/20","178","53","53007","29.78"
"Clallam","1","25","Washington","5/25/20","21","4","53009","19.05"
"Clark","3","412","Washington","5/25/20","388","24","53011","6.19"
"Columbia","0","1","Washington","5/25/20","1","0","53013","0"
"Cowlitz","1","73","Washington","5/25/20","68","5","53015","7.35"
"Douglas","4","157","Washington","5/25/20","129","28","53017","21.71"
"Ferry","0","1","Washington","5/25/20","1","0","53019","0"
"Franklin","7","503","Washington","5/25/20","456","47","53021","10.31"
"Grant","0","190","Washington","5/25/20","187","3","53025","1.6"
"Grays Harbor","0","16","Washington","5/25/20","15","1","53027","6.67"
"Island","0","177","Washington","5/25/20","176","1","53029","0.57"
"Jefferson","0","30","Washington","5/25/20","30","0","53031","0"
"King","44","7826","Washington","5/25/20","7515","311","53033","4.14"
"Kitsap","0","161","Washington","5/25/20","160","1","53035","0.62"
"Kittitas","3","75","Washington","5/25/20","57","18","53037","31.58"
"Klickitat","0","24","Washington","5/25/20","24","0","53039","0"
"Lewis","0","35","Washington","5/25/20","35","0","53041","0"
"Lincoln","0","2","Washington","5/25/20","2","0","53043","0"
"Mason","0","34","Washington","5/25/20","33","1","53045","3.03"
"Okanogan","1","44","Washington","5/25/20","40","4","53047","10"
"Pacific","0","9","Washington","5/25/20","9","0","53049","0"
"Pend Oreille","0","3","Washington","5/25/20","2","1","53051","50"
"Pierce","11","1762","Washington","5/25/20","1687","75","53053","4.45"
"San Juan","0","15","Washington","5/25/20","15","0","53055","0"
"Skagit","0","426","Washington","5/25/20","426","0","53057","0"
"Skamania","0","3","Washington","5/25/20","3","0","53059","0"
"Snohomish","15","2904","Washington","5/25/20","2797","107","53061","3.83"
"Spokane","13","494","Washington","5/25/20","403","91","53063","22.58"
"Stevens","0","10","Washington","5/25/20","9","1","53065","11.11"
"Thurston","1","129","Washington","5/25/20","124","5","53067","4.03"
"Wahkiakum","0","4","Washington","5/25/20","4","0","53069","0"
"Walla Walla","0","108","Washington","5/25/20","107","1","53071","0.93"
"Whatcom","2","369","Washington","5/25/20","358","11","53073","3.07"
"Whitman","0","16","Washington","5/25/20","16","0","53075","0"
"Yakima","84","2958","Washington","5/25/20","2370","588","53077","24.81"
"Barbour","0","7","West Virginia","5/25/20","7","0","54001","0"
"Berkeley","10","286","West Virginia","5/25/20","215","71","54003","33.02"
"Boone","0","9","West Virginia","5/25/20","9","0","54005","0"
"Braxton","0","2","West Virginia","5/25/20","2","0","54007","0"
"Brooke","0","3","West Virginia","5/25/20","3","0","54009","0"
"Cabell","0","59","West Virginia","5/25/20","56","3","54011","5.36"
"Calhoun","0","2","West Virginia","5/25/20","2","0","54013","0"
"Clay","0","2","West Virginia","5/25/20","2","0","54015","0"
"Fayette","1","45","West Virginia","5/25/20","38","7","54019","18.42"
"Gilmer","0","10","West Virginia","5/25/20","8","2","54021","25"
"Grant","1","11","West Virginia","5/25/20","6","5","54023","83.33"
"Greenbrier","0","9","West Virginia","5/25/20","9","0","54025","0"
"Hampshire","1","21","West Virginia","5/25/20","12","9","54027","75"
"Hancock","1","18","West Virginia","5/25/20","12","6","54029","50"
"Hardy","1","37","West Virginia","5/25/20","31","6","54031","19.35"
"Harrison","1","39","West Virginia","5/25/20","35","4","54033","11.43"
"Jackson","0","135","West Virginia","5/25/20","135","0","54035","0"
"Jefferson","8","154","West Virginia","5/25/20","101","53","54037","52.48"
"Kanawha","1","212","West Virginia","5/25/20","203","9","54039","4.43"
"Lewis","0","5","West Virginia","5/25/20","5","0","54041","0"
"Lincoln","0","5","West Virginia","5/25/20","5","0","54043","0"
"Logan","0","16","West Virginia","5/25/20","15","1","54045","6.67"
"Marion","0","50","West Virginia","5/25/20","48","2","54049","4.17"
"Marshall","0","27","West Virginia","5/25/20","25","2","54051","8"
"Mason","0","16","West Virginia","5/25/20","15","1","54053","6.67"
"McDowell","0","6","West Virginia","5/25/20","6","0","54047","0"
"Mercer","0","13","West Virginia","5/25/20","13","0","54055","0"
"Mineral","1","38","West Virginia","5/25/20","29","9","54057","31.03"
"Mingo","0","5","West Virginia","5/25/20","3","2","54059","66.67"
"Monongalia","1","121","West Virginia","5/25/20","116","5","54061","4.31"
"Monroe","0","7","West Virginia","5/25/20","6","1","54063","16.67"
"Morgan","0","18","West Virginia","5/25/20","17","1","54065","5.88"
"Nicholas","0","10","West Virginia","5/25/20","9","1","54067","11.11"
"Ohio","0","39","West Virginia","5/25/20","37","2","54069","5.41"
"Pendleton","1","9","West Virginia","5/25/20","5","4","54071","80"
"Pleasants","0","4","West Virginia","5/25/20","2","2","54073","100"
"Pocahontas","2","24","West Virginia","5/25/20","8","16","54075","200"
"Preston","1","21","West Virginia","5/25/20","15","6","54077","40"
"Putnam","0","32","West Virginia","5/25/20","29","3","54079","10.34"
"Raleigh","0","15","West Virginia","5/25/20","12","3","54081","25"
"Randolph","4","36","West Virginia","5/25/20","7","29","54083","414.29"
"Ritchie","0","1","West Virginia","5/25/20","1","0","54085","0"
"Roane","0","8","West Virginia","5/25/20","9","-1","54087","-11.11"
"Summers","0","2","West Virginia","5/25/20","1","1","54089","100"
"Taylor","0","8","West Virginia","5/25/20","8","0","54091","0"
"Tucker","0","4","West Virginia","5/25/20","4","0","54093","0"
"Tyler","0","3","West Virginia","5/25/20","3","0","54095","0"
"Upshur","0","7","West Virginia","5/25/20","6","1","54097","16.67"
"Wayne","0","97","West Virginia","5/25/20","96","1","54099","1.04"
"Wetzel","0","8","West Virginia","5/25/20","7","1","54103","14.29"
"Wirt","0","4","West Virginia","5/25/20","3","1","54105","33.33"
"Wood","0","51","West Virginia","5/25/20","48","3","54107","6.25"
"Wyoming","0","3","West Virginia","5/25/20","3","0","54109","0"
"Adams","0","4","Wisconsin","5/25/20","4","0","55001","0"
"Ashland","0","2","Wisconsin","5/25/20","2","0","55003","0"
"Barron","0","12","Wisconsin","5/25/20","11","1","55005","9.09"
"Bayfield","0","3","Wisconsin","5/25/20","3","0","55007","0"
"Brown","21","2249","Wisconsin","5/25/20","2102","147","55009","6.99"
"Buffalo","0","5","Wisconsin","5/25/20","5","0","55011","0"
"Burnett","0","1","Wisconsin","5/25/20","2","-1","55013","-50"
"Calumet","2","70","Wisconsin","5/25/20","58","12","55015","20.69"
"Chippewa","2","53","Wisconsin","5/25/20","41","12","55017","29.27"
"Clark","0","28","Wisconsin","5/25/20","28","0","55019","0"
"Columbia","0","38","Wisconsin","5/25/20","36","2","55021","5.56"
"Crawford","0","26","Wisconsin","5/25/20","23","3","55023","13.04"
"Dane","9","604","Wisconsin","5/25/20","538","66","55025","12.27"
"Dodge","8","161","Wisconsin","5/25/20","108","53","55027","49.07"
"Door","1","37","Wisconsin","5/25/20","33","4","55029","12.12"
"Douglas","1","18","Wisconsin","5/25/20","13","5","55031","38.46"
"Dunn","0","23","Wisconsin","5/25/20","20","3","55033","15"
"Eau Claire","4","98","Wisconsin","5/25/20","70","28","55035","40"
"Florence","0","2","Wisconsin","5/25/20","2","0","55037","0"
"Fond du Lac","5","174","Wisconsin","5/25/20","142","32","55039","22.54"
"Forest","0","12","Wisconsin","5/25/20","9","3","55041","33.33"
"Grant","2","87","Wisconsin","5/25/20","74","13","55043","17.57"
"Green","1","54","Wisconsin","5/25/20","45","9","55045","20"
"Green Lake","1","15","Wisconsin","5/25/20","11","4","55047","36.36"
"Iowa","0","12","Wisconsin","5/25/20","11","1","55049","9.09"
"Iron","0","2","Wisconsin","5/25/20","2","0","55051","0"
"Jackson","0","15","Wisconsin","5/25/20","15","0","55053","0"
"Jefferson","3","84","Wisconsin","5/25/20","61","23","55055","37.7"
"Juneau","0","22","Wisconsin","5/25/20","22","0","55057","0"
"Kenosha","22","1001","Wisconsin","5/25/20","848","153","55059","18.04"
"Kewaunee","0","33","Wisconsin","5/25/20","30","3","55061","10"
"La Crosse","0","48","Wisconsin","5/25/20","45","3","55063","6.67"
"Lafayette","1","22","Wisconsin","5/25/20","16","6","55065","37.5"
"Langlade","0","1","Wisconsin","5/25/20","0","1","55067","1"
"Lincoln","0","4","Wisconsin","5/25/20","3","1","55069","33.33"
"Manitowoc","1","29","Wisconsin","5/25/20","22","7","55071","31.82"
"Marathon","1","42","Wisconsin","5/25/20","33","9","55073","27.27"
"Marinette","1","32","Wisconsin","5/25/20","25","7","55075","28"
"Marquette","0","3","Wisconsin","5/25/20","3","0","55077","0"
"Menominee","0","3","Wisconsin","5/25/20","2","1","55078","50"
"Milwaukee","192","6352","Wisconsin","5/25/20","5005","1347","55079","26.91"
"Monroe","0","16","Wisconsin","5/25/20","15","1","55081","6.67"
"Oconto","1","34","Wisconsin","5/25/20","30","4","55083","13.33"
"Oneida","0","7","Wisconsin","5/25/20","7","0","55085","0"
"Outagamie","7","193","Wisconsin","5/25/20","142","51","55087","35.92"
"Ozaukee","2","138","Wisconsin","5/25/20","122","16","55089","13.11"
"Pepin","0","1","Wisconsin","5/25/20","1","0","55091","0"
"Pierce","3","42","Wisconsin","5/25/20","21","21","55093","100"
"Polk","1","16","Wisconsin","5/25/20","6","10","55095","166.67"
"Portage","0","10","Wisconsin","5/25/20","7","3","55097","42.86"
"Price","0","2","Wisconsin","5/25/20","1","1","55099","100"
"Racine","51","1394","Wisconsin","5/25/20","1034","360","55101","34.82"
"Richland","0","14","Wisconsin","5/25/20","14","0","55103","0"
"Rock","20","569","Wisconsin","5/25/20","432","137","55105","31.71"
"Rusk","0","4","Wisconsin","5/25/20","4","0","55107","0"
"Sauk","0","77","Wisconsin","5/25/20","77","0","55111","0"
"Sawyer","0","7","Wisconsin","5/25/20","4","3","55113","75"
"Shawano","1","38","Wisconsin","5/25/20","33","5","55115","15.15"
"Sheboygan","2","82","Wisconsin","5/25/20","69","13","55117","18.84"
"St. Croix","3","68","Wisconsin","5/25/20","48","20","55109","41.67"
"Taylor","0","1","Wisconsin","5/25/20","0","1","55119","1"
"Trempealeau","1","20","Wisconsin","5/25/20","11","9","55121","81.82"
"Vernon","1","16","Wisconsin","5/25/20","11","5","55123","45.45"
"Vilas","0","6","Wisconsin","5/25/20","4","2","55125","50"
"Walworth","10","351","Wisconsin","5/25/20","284","67","55127","23.59"
"Washburn","0","2","Wisconsin","5/25/20","1","1","55129","100"
"Washington","8","206","Wisconsin","5/25/20","149","57","55131","38.26"
"Waukesha","12","567","Wisconsin","5/25/20","482","85","55133","17.63"
"Waupaca","1","23","Wisconsin","5/25/20","17","6","55135","35.29"
"Waushara","0","8","Wisconsin","5/25/20","7","1","55137","14.29"
"Winnebago","8","182","Wisconsin","5/25/20","124","58","55139","46.77"
"Wood","0","9","Wisconsin","5/25/20","7","2","55141","28.57"
"Albany","1","20","Wyoming","5/25/20","10","10","56001","100"
"Big Horn","0","5","Wyoming","5/25/20","3","2","56003","66.67"
"Campbell","0","30","Wyoming","5/25/20","29","1","56005","3.45"
"Carbon","0","16","Wyoming","5/25/20","14","2","56007","14.29"
"Converse","0","24","Wyoming","5/25/20","23","1","56009","4.35"
"Crook","0","5","Wyoming","5/25/20","5","0","56011","0"
"Fremont","4","249","Wyoming","5/25/20","224","25","56013","11.16"
"Goshen","0","5","Wyoming","5/25/20","5","0","56015","0"
"Hot Springs","0","10","Wyoming","5/25/20","7","3","56017","42.86"
"Johnson","0","18","Wyoming","5/25/20","16","2","56019","12.5"
"Laramie","0","183","Wyoming","5/25/20","181","2","56021","1.1"
"Lincoln","0","15","Wyoming","5/25/20","14","1","56023","7.14"
"Natrona","1","71","Wyoming","5/25/20","62","9","56025","14.52"
"Niobrara","0","2","Wyoming","5/25/20","2","0","56027","0"
"Park","0","2","Wyoming","5/25/20","1","1","56029","100"
"Platte","0","1","Wyoming","5/25/20","0","1","56031","1"
"Sheridan","0","16","Wyoming","5/25/20","16","0","56033","0"
"Sublette","0","3","Wyoming","5/25/20","3","0","56035","0"
"Sweetwater","0","25","Wyoming","5/25/20","23","2","56037","8.7"
"Teton","0","100","Wyoming","5/25/20","100","0","56039","0"
"Uinta","0","12","Wyoming","5/25/20","12","0","56041","0"
"Washakie","2","31","Wyoming","5/25/20","16","15","56043","93.75"
