"Locality","DailyAvgNewCasesPast7Days","TotalCases","State","Date","TotalCases7DaysAgo","NewCasesPast7Days","FIPS-Code","PercentIncreaseTotalCasesPast7Days"
"Autauga","6","136","Alabama","5/20/20","93","43","01001","46.24"
"Baldwin","6","270","Alabama","5/20/20","231","39","01003","16.88"
"Barbour","4","96","Alabama","5/20/20","69","27","01005","39.13"
"Bibb","1","52","Alabama","5/20/20","46","6","01007","13.04"
"Blount","0","47","Alabama","5/20/20","45","2","01009","4.44"
"Bullock","5","64","Alabama","5/20/20","28","36","01011","128.57"
"Butler","12","312","Alabama","5/20/20","230","82","01013","35.65"
"Calhoun","1","136","Alabama","5/20/20","127","9","01015","7.09"
"Chambers","1","331","Alabama","5/20/20","324","7","01017","2.16"
"Cherokee","1","30","Alabama","5/20/20","24","6","01019","25"
"Chilton","1","83","Alabama","5/20/20","73","10","01021","13.7"
"Choctaw","8","129","Alabama","5/20/20","72","57","01023","79.17"
"Clarke","3","89","Alabama","5/20/20","65","24","01025","36.92"
"Clay","0","27","Alabama","5/20/20","27","0","01027","0"
"Cleburne","0","13","Alabama","5/20/20","13","0","01029","0"
"Coffee","4","184","Alabama","5/20/20","158","26","01031","16.46"
"Colbert","5","110","Alabama","5/20/20","74","36","01033","48.65"
"Conecuh","1","22","Alabama","5/20/20","16","6","01035","37.5"
"Coosa","0","33","Alabama","5/20/20","33","0","01037","0"
"Covington","0","59","Alabama","5/20/20","56","3","01039","5.36"
"Crenshaw","1","52","Alabama","5/20/20","48","4","01041","8.33"
"Cullman","1","71","Alabama","5/20/20","67","4","01043","5.97"
"Dale","3","71","Alabama","5/20/20","53","18","01045","33.96"
"Dallas","6","172","Alabama","5/20/20","129","43","01047","33.33"
"DeKalb","4","206","Alabama","5/20/20","179","27","01049","15.08"
"Elmore","10","226","Alabama","5/20/20","157","69","01051","43.95"
"Escambia","0","39","Alabama","5/20/20","38","1","01053","2.63"
"Etowah","4","223","Alabama","5/20/20","197","26","01055","13.2"
"Fayette","0","9","Alabama","5/20/20","9","0","01057","0"
"Franklin","18","399","Alabama","5/20/20","270","129","01059","47.78"
"Geneva","1","26","Alabama","5/20/20","17","9","01061","52.94"
"Greene","2","86","Alabama","5/20/20","74","12","01063","16.22"
"Hale","5","106","Alabama","5/20/20","74","32","01065","43.24"
"Henry","2","48","Alabama","5/20/20","33","15","01067","45.45"
"Houston","5","149","Alabama","5/20/20","115","34","01069","29.57"
"Jackson","1","66","Alabama","5/20/20","60","6","01071","10"
"Jefferson","33","1433","Alabama","5/20/20","1199","234","01073","19.52"
"Lamar","0","15","Alabama","5/20/20","14","1","01075","7.14"
"Lauderdale","2","117","Alabama","5/20/20","102","15","01077","14.71"
"Lawrence","1","35","Alabama","5/20/20","26","9","01079","34.62"
"Lee","4","461","Alabama","5/20/20","436","25","01081","5.73"
"Limestone","1","69","Alabama","5/20/20","60","9","01083","15"
"Lowndes","6","155","Alabama","5/20/20","111","44","01085","39.64"
"Macon","1","58","Alabama","5/20/20","53","5","01087","9.43"
"Madison","4","285","Alabama","5/20/20","259","26","01089","10.04"
"Marengo","4","118","Alabama","5/20/20","91","27","01091","29.67"
"Marion","1","108","Alabama","5/20/20","100","8","01093","8"
"Marshall","8","641","Alabama","5/20/20","586","55","01095","9.39"
"Mobile","40","1822","Alabama","5/20/20","1545","277","01097","17.93"
"Monroe","1","22","Alabama","5/20/20","18","4","01099","22.22"
"Montgomery","41","994","Alabama","5/20/20","705","289","01101","40.99"
"Morgan","5","132","Alabama","5/20/20","99","33","01103","33.33"
"Perry","1","23","Alabama","5/20/20","19","4","01105","21.05"
"Pickens","2","86","Alabama","5/20/20","70","16","01107","22.86"
"Pike","3","121","Alabama","5/20/20","102","19","01109","18.63"
"Randolph","0","120","Alabama","5/20/20","117","3","01111","2.56"
"Russell","4","116","Alabama","5/20/20","88","28","01113","31.82"
"Shelby","5","414","Alabama","5/20/20","381","33","01117","8.66"
"St. Clair","1","95","Alabama","5/20/20","87","8","01115","9.2"
"Sumter","8","164","Alabama","5/20/20","110","54","01119","49.09"
"Talladega","1","82","Alabama","5/20/20","76","6","01121","7.89"
"Tallapoosa","6","379","Alabama","5/20/20","338","41","01123","12.13"
"Tuscaloosa","18","431","Alabama","5/20/20","302","129","01125","42.72"
"Walker","8","164","Alabama","5/20/20","111","53","01127","47.75"
"Washington","1","62","Alabama","5/20/20","57","5","01129","8.77"
"Wilcox","3","108","Alabama","5/20/20","89","19","01131","21.35"
"Winston","4","50","Alabama","5/20/20","25","25","01133","100"
"Anchorage","2","206","Alaska","5/20/20","194","12","02020","6.19"
"Bethel","0","2","Alaska","5/20/20","1","1","02050","100"
"Fairbanks North Star","0","85","Alaska","5/20/20","84","1","02090","1.19"
"Juneau","0","30","Alaska","5/20/20","27","3","02110","11.11"
"Kenai Peninsula","0","26","Alaska","5/20/20","24","2","02122","8.33"
"Ketchikan Gateway","0","16","Alaska","5/20/20","16","0","02130","0"
"Kodiak Island","0","1","Alaska","5/20/20","1","0","02150","0"
"Matanuska-Susitna","0","22","Alaska","5/20/20","21","1","02170","4.76"
"Nome","0","1","Alaska","5/20/20","1","0","02180","0"
"Northwest Arctic","0","1","Alaska","5/20/20","0","1","02188","1"
"Petersburg","0","4","Alaska","5/20/20","4","0","02195","0"
"Prince of Wales-Hyder","0","2","Alaska","5/20/20","2","0","02198","0"
"Sitka","0","1","Alaska","5/20/20","1","0","02220","0"
"Southeast Fairbanks","0","3","Alaska","5/20/20","2","1","02240","50"
"Yukon-Koyukuk","0","1","Alaska","5/20/20","1","0","02290","0"
"Apache","38","1080","Arizona","5/20/20","817","263","04001","32.19"
"Cochise","0","46","Arizona","5/20/20","43","3","04003","6.98"
"Coconino","27","961","Arizona","5/20/20","772","189","04005","24.48"
"Gila","0","22","Arizona","5/20/20","19","3","04007","15.79"
"Graham","0","21","Arizona","5/20/20","21","0","04009","0"
"Greenlee","0","3","Arizona","5/20/20","2","1","04011","50"
"La Paz","2","40","Arizona","5/20/20","25","15","04012","60"
"Maricopa","186","7644","Arizona","5/20/20","6341","1303","04013","20.55"
"Mohave","8","267","Arizona","5/20/20","213","54","04015","25.35"
"Navajo","37","1361","Arizona","5/20/20","1099","262","04017","23.84"
"Pima","35","1903","Arizona","5/20/20","1661","242","04019","14.57"
"Pinal","12","724","Arizona","5/20/20","643","81","04021","12.6"
"Santa Cruz","7","102","Arizona","5/20/20","50","52","04023","104"
"Yavapai","7","273","Arizona","5/20/20","227","46","04025","20.26"
"Yuma","25","459","Arizona","5/20/20","283","176","04027","62.19"
"Arkansas","0","2","Arkansas","5/20/20","2","0","05001","0"
"Ashley","0","19","Arkansas","5/20/20","18","1","05003","5.56"
"Baxter","0","6","Arkansas","5/20/20","5","1","05005","20"
"Benton","5","163","Arkansas","5/20/20","131","32","05007","24.43"
"Boone","0","5","Arkansas","5/20/20","4","1","05009","25"
"Bradley","0","14","Arkansas","5/20/20","12","2","05011","16.67"
"Carroll","0","6","Arkansas","5/20/20","6","0","05015","0"
"Chicot","0","11","Arkansas","5/20/20","10","1","05017","10"
"Clark","0","35","Arkansas","5/20/20","35","0","05019","0"
"Clay","0","4","Arkansas","5/20/20","3","1","05021","33.33"
"Cleburne","0","73","Arkansas","5/20/20","72","1","05023","1.39"
"Cleveland","0","17","Arkansas","5/20/20","15","2","05025","13.33"
"Columbia","1","20","Arkansas","5/20/20","15","5","05027","33.33"
"Conway","0","14","Arkansas","5/20/20","14","0","05029","0"
"Craighead","6","153","Arkansas","5/20/20","113","40","05031","35.4"
"Crawford","1","12","Arkansas","5/20/20","8","4","05033","50"
"Crittenden","5","250","Arkansas","5/20/20","216","34","05035","15.74"
"Cross","1","40","Arkansas","5/20/20","34","6","05037","17.65"
"Dallas","0","1","Arkansas","5/20/20","1","0","05039","0"
"Desha","0","18","Arkansas","5/20/20","17","1","05041","5.88"
"Drew","0","19","Arkansas","5/20/20","19","0","05043","0"
"Faulkner","2","95","Arkansas","5/20/20","83","12","05045","14.46"
"Franklin","0","2","Arkansas","5/20/20","2","0","05047","0"
"Fulton","0","4","Arkansas","5/20/20","3","1","05049","33.33"
"Garland","1","130","Arkansas","5/20/20","121","9","05051","7.44"
"Grant","0","16","Arkansas","5/20/20","16","0","05053","0"
"Greene","1","29","Arkansas","5/20/20","24","5","05055","20.83"
"Hempstead","0","10","Arkansas","5/20/20","7","3","05057","42.86"
"Hot Spring","0","29","Arkansas","5/20/20","28","1","05059","3.57"
"Howard","0","14","Arkansas","5/20/20","14","0","05061","0"
"Independence","1","27","Arkansas","5/20/20","19","8","05063","42.11"
"Izard","0","14","Arkansas","5/20/20","13","1","05065","7.69"
"Jackson","0","1","Arkansas","5/20/20","1","0","05067","0"
"Jefferson","31","499","Arkansas","5/20/20","280","219","05069","78.21"
"Johnson","0","35","Arkansas","5/20/20","35","0","05071","0"
"Lafayette","0","9","Arkansas","5/20/20","9","0","05073","0"
"Lawrence","1","77","Arkansas","5/20/20","71","6","05075","8.45"
"Lee","0","12","Arkansas","5/20/20","9","3","05077","33.33"
"Lincoln","3","966","Arkansas","5/20/20","942","24","05079","2.55"
"Little River","0","1","Arkansas","5/20/20","0","1","05081","1"
"Logan","0","4","Arkansas","5/20/20","4","0","05083","0"
"Lonoke","0","46","Arkansas","5/20/20","43","3","05085","6.98"
"Madison","0","2","Arkansas","5/20/20","1","1","05087","100"
"Marion","0","1","Arkansas","5/20/20","1","0","05089","0"
"Miller","0","42","Arkansas","5/20/20","40","2","05091","5"
"Mississippi","2","66","Arkansas","5/20/20","54","12","05093","22.22"
"Monroe","0","5","Arkansas","5/20/20","5","0","05095","0"
"Montgomery","0","1","Arkansas","5/20/20","1","0","05097","0"
"Nevada","0","4","Arkansas","5/20/20","3","1","05099","33.33"
"Newton","0","3","Arkansas","5/20/20","3","0","05101","0"
"Ouachita","0","10","Arkansas","5/20/20","9","1","05103","11.11"
"Perry","1","12","Arkansas","5/20/20","8","4","05105","50"
"Phillips","0","5","Arkansas","5/20/20","4","1","05107","25"
"Pike","0","3","Arkansas","5/20/20","3","0","05109","0"
"Poinsett","0","28","Arkansas","5/20/20","25","3","05111","12"
"Polk","0","9","Arkansas","5/20/20","7","2","05113","28.57"
"Pope","4","79","Arkansas","5/20/20","51","28","05115","54.9"
"Prairie","0","2","Arkansas","5/20/20","2","0","05117","0"
"Pulaski","11","724","Arkansas","5/20/20","647","77","05119","11.9"
"Randolph","0","24","Arkansas","5/20/20","22","2","05121","9.09"
"Saline","1","82","Arkansas","5/20/20","76","6","05125","7.89"
"Scott","0","1","Arkansas","5/20/20","1","0","05127","0"
"Searcy","0","6","Arkansas","5/20/20","6","0","05129","0"
"Sebastian","0","18","Arkansas","5/20/20","15","3","05131","20"
"Sevier","4","49","Arkansas","5/20/20","24","25","05133","104.17"
"Sharp","2","40","Arkansas","5/20/20","26","14","05135","53.85"
"St. Francis","8","365","Arkansas","5/20/20","310","55","05123","17.74"
"Stone","0","8","Arkansas","5/20/20","8","0","05137","0"
"Union","5","121","Arkansas","5/20/20","84","37","05139","44.05"
"Van Buren","0","28","Arkansas","5/20/20","28","0","05141","0"
"Washington","6","154","Arkansas","5/20/20","114","40","05143","35.09"
"White","0","37","Arkansas","5/20/20","36","1","05145","2.78"
"Woodruff","0","1","Arkansas","5/20/20","1","0","05147","0"
"Yell","4","38","Arkansas","5/20/20","7","31","05149","442.86"
"Alameda","55","2560","California","5/20/20","2178","382","06001","17.54"
"Alpine","0","2","California","5/20/20","2","0","06003","0"
"Amador","0","10","California","5/20/20","9","1","06005","11.11"
"Butte","1","30","California","5/20/20","20","10","06007","50"
"Calaveras","0","13","California","5/20/20","13","0","06009","0"
"Colusa","0","4","California","5/20/20","3","1","06011","33.33"
"Contra Costa","18","1209","California","5/20/20","1080","129","06013","11.94"
"Del Norte","2","15","California","5/20/20","4","11","06015","275"
"El Dorado","1","67","California","5/20/20","60","7","06017","11.67"
"Fresno","51","1338","California","5/20/20","984","354","06019","35.98"
"Glenn","1","12","California","5/20/20","6","6","06021","100"
"Humboldt","3","88","California","5/20/20","64","24","06023","37.5"
"Imperial","48","985","California","5/20/20","647","338","06025","52.24"
"Inyo","0","19","California","5/20/20","19","0","06027","0"
"Kern","37","1605","California","5/20/20","1343","262","06029","19.51"
"Kings","13","416","California","5/20/20","325","91","06031","28"
"Lake","1","12","California","5/20/20","8","4","06033","50"
"Los Angeles","908","40895","California","5/20/20","34538","6357","06037","18.41"
"Madera","2","82","California","5/20/20","69","13","06039","18.84"
"Marin","10","343","California","5/20/20","271","72","06041","26.57"
"Mariposa","0","15","California","5/20/20","15","0","06043","0"
"Mendocino","0","15","California","5/20/20","12","3","06045","25"
"Merced","7","226","California","5/20/20","180","46","06047","25.56"
"Mono","0","34","California","5/20/20","33","1","06051","3.03"
"Monterey","7","349","California","5/20/20","299","50","06053","16.72"
"Napa","2","94","California","5/20/20","81","13","06055","16.05"
"Nevada","0","41","California","5/20/20","41","0","06057","0"
"Orange","142","4742","California","5/20/20","3749","993","06059","26.49"
"Placer","1","176","California","5/20/20","170","6","06061","3.53"
"Plumas","0","4","California","5/20/20","4","0","06063","0"
"Riverside","134","6184","California","5/20/20","5248","936","06065","17.84"
"Sacramento","10","1255","California","5/20/20","1183","72","06067","6.09"
"San Benito","1","64","California","5/20/20","58","6","06069","10.34"
"San Bernardino","92","3795","California","5/20/20","3153","642","06071","20.36"
"San Diego","140","6140","California","5/20/20","5161","979","06073","18.97"
"San Francisco","27","2185","California","5/20/20","1994","191","06075","9.58"
"San Joaquin","11","716","California","5/20/20","638","78","06077","12.23"
"San Luis Obispo","2","249","California","5/20/20","232","17","06079","7.33"
"San Mateo","26","1697","California","5/20/20","1515","182","06081","12.01"
"Santa Barbara","21","1520","California","5/20/20","1371","149","06083","10.87"
"Santa Clara","18","2492","California","5/20/20","2364","128","06085","5.41"
"Santa Cruz","3","168","California","5/20/20","146","22","06087","15.07"
"Shasta","0","34","California","5/20/20","32","2","06089","6.25"
"Siskiyou","0","6","California","5/20/20","5","1","06093","20"
"Solano","7","435","California","5/20/20","388","47","06095","12.11"
"Sonoma","11","411","California","5/20/20","333","78","06097","23.42"
"Stanislaus","12","598","California","5/20/20","517","81","06099","15.67"
"Sutter","1","40","California","5/20/20","35","5","06101","14.29"
"Tehama","0","2","California","5/20/20","1","1","06103","100"
"Trinity","0","1","California","5/20/20","2","-1","06105","-50"
"Tulare","41","1552","California","5/20/20","1268","284","06107","22.4"
"Tuolumne","0","2","California","5/20/20","2","0","06109","0"
"Ventura","16","837","California","5/20/20","725","112","06111","15.45"
"Yolo","1","185","California","5/20/20","177","8","06113","4.52"
"Yuba","1","28","California","5/20/20","23","5","06115","21.74"
"Adams","52","2737","Colorado","5/20/20","2374","363","08001","15.29"
"Alamosa","1","43","Colorado","5/20/20","33","10","08003","30.3"
"Arapahoe","61","3889","Colorado","5/20/20","3464","425","08005","12.27"
"Archuleta","0","8","Colorado","5/20/20","8","0","08007","0"
"Baca","0","12","Colorado","5/20/20","12","0","08009","0"
"Bent","0","1","Colorado","5/20/20","1","0","08011","0"
"Boulder","12","878","Colorado","5/20/20","797","81","08013","10.16"
"Broomfield","2","215","Colorado","5/20/20","203","12","08014","5.91"
"Chaffee","0","69","Colorado","5/20/20","69","0","08015","0"
"Cheyenne","0","5","Colorado","5/20/20","4","1","08017","25"
"Clear Creek","0","16","Colorado","5/20/20","15","1","08019","6.67"
"Conejos","0","1","Colorado","5/20/20","1","0","08021","0"
"Costilla","0","3","Colorado","5/20/20","4","-1","08023","-25"
"Crowley","0","42","Colorado","5/20/20","39","3","08025","7.69"
"Custer","0","2","Colorado","5/20/20","2","0","08027","0"
"Delta","0","55","Colorado","5/20/20","54","1","08029","1.85"
"Denver","86","4858","Colorado","5/20/20","4254","604","08031","14.2"
"Douglas","7","659","Colorado","5/20/20","612","47","08035","7.68"
"Eagle","1","572","Colorado","5/20/20","562","10","08037","1.78"
"El Paso","30","1386","Colorado","5/20/20","1175","211","08041","17.96"
"Elbert","1","48","Colorado","5/20/20","41","7","08039","17.07"
"Fremont","0","25","Colorado","5/20/20","23","2","08043","8.7"
"Garfield","0","114","Colorado","5/20/20","112","2","08045","1.79"
"Gilpin","0","3","Colorado","5/20/20","1","2","08047","200"
"Grand","0","5","Colorado","5/20/20","5","0","08049","0"
"Gunnison","-1","176","Colorado","5/20/20","180","-4","08051","-2.22"
"Hinsdale","0","3","Colorado","5/20/20","3","0","08053","0"
"Huerfano","0","3","Colorado","5/20/20","3","0","08055","0"
"Jefferson","31","1932","Colorado","5/20/20","1716","216","08059","12.59"
"Kit Carson","0","26","Colorado","5/20/20","25","1","08063","4"
"La Plata","1","72","Colorado","5/20/20","66","6","08067","9.09"
"Lake","1","27","Colorado","5/20/20","23","4","08065","17.39"
"Larimer","8","512","Colorado","5/20/20","456","56","08069","12.28"
"Las Animas","0","4","Colorado","5/20/20","4","0","08071","0"
"Lincoln","0","3","Colorado","5/20/20","3","0","08073","0"
"Logan","1","489","Colorado","5/20/20","480","9","08075","1.88"
"Mesa","0","50","Colorado","5/20/20","51","-1","08077","-1.96"
"Mineral","0","2","Colorado","5/20/20","2","0","08079","0"
"Moffat","0","6","Colorado","5/20/20","6","0","08081","0"
"Montezuma","1","30","Colorado","5/20/20","25","5","08083","20"
"Montrose","1","136","Colorado","5/20/20","128","8","08085","6.25"
"Morgan","7","579","Colorado","5/20/20","527","52","08087","9.87"
"Otero","0","13","Colorado","5/20/20","11","2","08089","18.18"
"Ouray","0","7","Colorado","5/20/20","6","1","08091","16.67"
"Park","1","20","Colorado","5/20/20","16","4","08093","25"
"Phillips","0","10","Colorado","5/20/20","9","1","08095","11.11"
"Pitkin","0","57","Colorado","5/20/20","54","3","08097","5.56"
"Prowers","0","11","Colorado","5/20/20","9","2","08099","22.22"
"Pueblo","5","220","Colorado","5/20/20","188","32","08101","17.02"
"Rio Blanco","0","1","Colorado","5/20/20","1","0","08103","0"
"Rio Grande","0","8","Colorado","5/20/20","7","1","08105","14.29"
"Routt","0","59","Colorado","5/20/20","59","0","08107","0"
"Saguache","1","18","Colorado","5/20/20","8","10","08109","125"
"San Juan","0","2","Colorado","5/20/20","1","1","08111","100"
"San Miguel","0","22","Colorado","5/20/20","22","0","08113","0"
"Summit","3","194","Colorado","5/20/20","174","20","08117","11.49"
"Teller","0","32","Colorado","5/20/20","31","1","08119","3.23"
"Washington","0","11","Colorado","5/20/20","9","2","08121","22.22"
"Weld","18","2338","Colorado","5/20/20","2211","127","08123","5.74"
"Yuma","0","11","Colorado","5/20/20","11","0","08125","0"
"Fairfield","155","14719","Connecticut","5/20/20","13636","1083","09001","7.94"
"Hartford","215","9234","Connecticut","5/20/20","7732","1502","09003","19.43"
"Litchfield","17","1299","Connecticut","5/20/20","1179","120","09005","10.18"
"Middlesex","18","965","Connecticut","5/20/20","837","128","09007","15.29"
"New Haven","145","10587","Connecticut","5/20/20","9570","1017","09009","10.63"
"New London","13","896","Connecticut","5/20/20","804","92","09011","11.44"
"Tolland","32","786","Connecticut","5/20/20","560","226","09013","40.36"
"Windham","6","329","Connecticut","5/20/20","287","42","09015","14.63"
"Kent","24","1253","Delaware","5/20/20","1084","169","10001","15.59"
"New Castle","62","2933","Delaware","5/20/20","2496","437","10003","17.51"
"Sussex","89","3960","Delaware","5/20/20","3336","624","10005","18.71"
"","0","49","Diamond Princess","5/20/20","49","0",,"0"
"District of Columbia","138","7551","District of Columbia","5/20/20","6584","967","11001","14.69"
"Alachua","3","344","Florida","5/20/20","326","18","12001","5.52"
"Baker","0","26","Florida","5/20/20","26","0","12003","0"
"Bay","1","86","Florida","5/20/20","77","9","12005","11.69"
"Bradford","0","49","Florida","5/20/20","48","1","12007","2.08"
"Brevard","4","372","Florida","5/20/20","344","28","12009","8.14"
"Broward","58","6407","Florida","5/20/20","5998","409","12011","6.82"
"Calhoun","1","40","Florida","5/20/20","31","9","12013","29.03"
"Charlotte","7","398","Florida","5/20/20","350","48","12015","13.71"
"Citrus","1","115","Florida","5/20/20","109","6","12017","5.5"
"Clay","4","333","Florida","5/20/20","303","30","12019","9.9"
"Collier","28","1058","Florida","5/20/20","864","194","12021","22.45"
"Columbia","1","115","Florida","5/20/20","107","8","12023","7.48"
"DeSoto","4","80","Florida","5/20/20","52","28","12027","53.85"
"Dixie","2","26","Florida","5/20/20","15","11","12029","73.33"
"Duval","20","1336","Florida","5/20/20","1199","137","12031","11.43"
"Escambia","8","723","Florida","5/20/20","665","58","12033","8.72"
"Flagler","3","169","Florida","5/20/20","148","21","12035","14.19"
"Franklin","0","2","Florida","5/20/20","2","0","12037","0"
"Gadsden","15","245","Florida","5/20/20","139","106","12039","76.26"
"Gilchrist","0","8","Florida","5/20/20","7","1","12041","14.29"
"Glades","1","16","Florida","5/20/20","8","8","12043","100"
"Gulf","0","1","Florida","5/20/20","1","0","12045","0"
"Hamilton","10","153","Florida","5/20/20","86","67","12047","77.91"
"Hardee","1","47","Florida","5/20/20","37","10","12049","27.03"
"Hendry","9","228","Florida","5/20/20","165","63","12051","38.18"
"Hernando","1","107","Florida","5/20/20","101","6","12053","5.94"
"Highlands","1","107","Florida","5/20/20","100","7","12055","7"
"Hillsborough","30","1703","Florida","5/20/20","1494","209","12057","13.99"
"Holmes","0","11","Florida","5/20/20","10","1","12059","10"
"Indian River","1","108","Florida","5/20/20","102","6","12061","5.88"
"Jackson","9","171","Florida","5/20/20","106","65","12063","61.32"
"Jefferson","0","28","Florida","5/20/20","28","0","12065","0"
"Lafayette","0","6","Florida","5/20/20","5","1","12067","20"
"Lake","2","260","Florida","5/20/20","247","13","12069","5.26"
"Lee","30","1542","Florida","5/20/20","1332","210","12071","15.77"
"Leon","5","306","Florida","5/20/20","271","35","12073","12.92"
"Levy","1","27","Florida","5/20/20","22","5","12075","22.73"
"Liberty","0","199","Florida","5/20/20","198","1","12077","0.51"
"Madison","1","66","Florida","5/20/20","61","5","12079","8.2"
"Manatee","12","893","Florida","5/20/20","806","87","12081","10.79"
"Marion","2","228","Florida","5/20/20","217","11","12083","5.07"
"Martin","21","419","Florida","5/20/20","275","144","12085","52.36"
"Miami-Dade","224","16034","Florida","5/20/20","14468","1566","12086","10.82"
"Monroe","1","100","Florida","5/20/20","96","4","12087","4.17"
"Nassau","1","69","Florida","5/20/20","62","7","12089","11.29"
"Okaloosa","2","184","Florida","5/20/20","170","14","12091","8.24"
"Okeechobee","3","49","Florida","5/20/20","25","24","12093","96"
"Orange","22","1708","Florida","5/20/20","1553","155","12095","9.98"
"Osceola","7","636","Florida","5/20/20","586","50","12097","8.53"
"Palm Beach","86","4776","Florida","5/20/20","4176","600","12099","14.37"
"Pasco","3","328","Florida","5/20/20","306","22","12101","7.19"
"Pinellas","22","1075","Florida","5/20/20","923","152","12103","16.47"
"Polk","14","786","Florida","5/20/20","687","99","12105","14.41"
"Putnam","1","135","Florida","5/20/20","127","8","12107","6.3"
"Santa Rosa","3","197","Florida","5/20/20","179","18","12113","10.06"
"Sarasota","14","538","Florida","5/20/20","440","98","12115","22.27"
"Seminole","3","444","Florida","5/20/20","422","22","12117","5.21"
"St. Johns","1","233","Florida","5/20/20","229","4","12109","1.75"
"St. Lucie","5","336","Florida","5/20/20","299","37","12111","12.37"
"Sumter","1","253","Florida","5/20/20","245","8","12119","3.27"
"Suwannee","2","160","Florida","5/20/20","149","11","12121","7.38"
"Taylor","0","5","Florida","5/20/20","3","2","12123","66.67"
"Union","2","26","Florida","5/20/20","10","16","12125","160"
"Volusia","7","618","Florida","5/20/20","566","52","12127","9.19"
"Wakulla","0","32","Florida","5/20/20","31","1","12129","3.23"
"Walton","4","97","Florida","5/20/20","68","29","12131","42.65"
"Washington","0","14","Florida","5/20/20","12","2","12133","16.67"
"Appling","2","115","Georgia","5/20/20","99","16","13001","16.16"
"Atkinson","1","24","Georgia","5/20/20","20","4","13003","20"
"Bacon","3","68","Georgia","5/20/20","48","20","13005","41.67"
"Baker","0","32","Georgia","5/20/20","34","-2","13007","-5.88"
"Baldwin","3","296","Georgia","5/20/20","277","19","13009","6.86"
"Banks","1","46","Georgia","5/20/20","39","7","13011","17.95"
"Barrow","3","272","Georgia","5/20/20","254","18","13013","7.09"
"Bartow","6","419","Georgia","5/20/20","377","42","13015","11.14"
"Ben Hill","1","48","Georgia","5/20/20","43","5","13017","11.63"
"Berrien","1","25","Georgia","5/20/20","19","6","13019","31.58"
"Bibb","4","408","Georgia","5/20/20","378","30","13021","7.94"
"Bleckley","0","33","Georgia","5/20/20","32","1","13023","3.12"
"Brantley","3","46","Georgia","5/20/20","28","18","13025","64.29"
"Brooks","0","66","Georgia","5/20/20","64","2","13027","3.12"
"Bryan","1","67","Georgia","5/20/20","61","6","13029","9.84"
"Bulloch","0","46","Georgia","5/20/20","45","1","13031","2.22"
"Burke","1","122","Georgia","5/20/20","113","9","13033","7.96"
"Butts","2","205","Georgia","5/20/20","192","13","13035","6.77"
"Calhoun","1","122","Georgia","5/20/20","117","5","13037","4.27"
"Camden","1","52","Georgia","5/20/20","43","9","13039","20.93"
"Candler","0","12","Georgia","5/20/20","10","2","13043","20"
"Carroll","4","425","Georgia","5/20/20","397","28","13045","7.05"
"Catoosa","2","77","Georgia","5/20/20","66","11","13047","16.67"
"Charlton","1","28","Georgia","5/20/20","19","9","13049","47.37"
"Chatham","7","388","Georgia","5/20/20","337","51","13051","15.13"
"Chattahoochee","0","19","Georgia","5/20/20","16","3","13053","18.75"
"Chattooga","0","19","Georgia","5/20/20","16","3","13055","18.75"
"Cherokee","15","758","Georgia","5/20/20","655","103","13057","15.73"
"Clarke","1","200","Georgia","5/20/20","190","10","13059","5.26"
"Clay","1","30","Georgia","5/20/20","26","4","13061","15.38"
"Clayton","11","1034","Georgia","5/20/20","955","79","13063","8.27"
"Clinch","1","46","Georgia","5/20/20","36","10","13065","27.78"
"Cobb","43","2584","Georgia","5/20/20","2280","304","13067","13.33"
"Coffee","3","210","Georgia","5/20/20","187","23","13069","12.3"
"Colquitt","5","262","Georgia","5/20/20","229","33","13071","14.41"
"Columbia","3","214","Georgia","5/20/20","191","23","13073","12.04"
"Cook","0","35","Georgia","5/20/20","32","3","13075","9.38"
"Coweta","1","286","Georgia","5/20/20","280","6","13077","2.14"
"Crawford","1","24","Georgia","5/20/20","19","5","13079","26.32"
"Crisp","2","203","Georgia","5/20/20","191","12","13081","6.28"
"Dade","0","20","Georgia","5/20/20","17","3","13083","17.65"
"Dawson","2","95","Georgia","5/20/20","81","14","13085","17.28"
"Decatur","4","140","Georgia","5/20/20","115","25","13087","21.74"
"DeKalb","50","2979","Georgia","5/20/20","2632","347","13089","13.18"
"Dodge","2","47","Georgia","5/20/20","36","11","13091","30.56"
"Dooly","2","163","Georgia","5/20/20","151","12","13093","7.95"
"Dougherty","4","1672","Georgia","5/20/20","1644","28","13095","1.7"
"Douglas","4","452","Georgia","5/20/20","422","30","13097","7.11"
"Early","1","236","Georgia","5/20/20","229","7","13099","3.06"
"Echols","6","53","Georgia","5/20/20","10","43","13101","430"
"Effingham","1","48","Georgia","5/20/20","38","10","13103","26.32"
"Elbert","3","69","Georgia","5/20/20","46","23","13105","50"
"Emanuel","0","26","Georgia","5/20/20","25","1","13107","4"
"Evans","0","5","Georgia","5/20/20","4","1","13109","25"
"Fannin","0","39","Georgia","5/20/20","36","3","13111","8.33"
"Fayette","2","215","Georgia","5/20/20","202","13","13113","6.44"
"Floyd","6","208","Georgia","5/20/20","166","42","13115","25.3"
"Forsyth","6","434","Georgia","5/20/20","393","41","13117","10.43"
"Franklin","1","35","Georgia","5/20/20","29","6","13119","20.69"
"Fulton","26","3793","Georgia","5/20/20","3614","179","13121","4.95"
"Gilmer","2","117","Georgia","5/20/20","102","15","13123","14.71"
"Glascock","0","1","Georgia","5/20/20","1","0","13125","0"
"Glynn","1","81","Georgia","5/20/20","75","6","13127","8"
"Gordon","1","134","Georgia","5/20/20","124","10","13129","8.06"
"Grady","1","93","Georgia","5/20/20","88","5","13131","5.68"
"Greene","0","60","Georgia","5/20/20","57","3","13133","5.26"
"Gwinnett","44","2820","Georgia","5/20/20","2510","310","13135","12.35"
"Habersham","10","470","Georgia","5/20/20","398","72","13137","18.09"
"Hall","17","2230","Georgia","5/20/20","2112","118","13139","5.59"
"Hancock","4","169","Georgia","5/20/20","140","29","13141","20.71"
"Haralson","0","35","Georgia","5/20/20","34","1","13143","2.94"
"Harris","0","75","Georgia","5/20/20","73","2","13145","2.74"
"Hart","1","26","Georgia","5/20/20","19","7","13147","36.84"
"Heard","1","23","Georgia","5/20/20","17","6","13149","35.29"
"Henry","0","615","Georgia","5/20/20","615","0","13151","0"
"Houston","5","324","Georgia","5/20/20","290","34","13153","11.72"
"Irwin","0","22","Georgia","5/20/20","22","0","13155","0"
"Jackson","2","137","Georgia","5/20/20","126","11","13157","8.73"
"Jasper","0","26","Georgia","5/20/20","26","0","13159","0"
"Jeff Davis","0","26","Georgia","5/20/20","24","2","13161","8.33"
"Jefferson","1","26","Georgia","5/20/20","19","7","13163","36.84"
"Jenkins","0","16","Georgia","5/20/20","16","0","13165","0"
"Johnson","1","78","Georgia","5/20/20","70","8","13167","11.43"
"Jones","0","32","Georgia","5/20/20","30","2","13169","6.67"
"Lamar","1","44","Georgia","5/20/20","40","4","13171","10"
"Lanier","0","12","Georgia","5/20/20","11","1","13173","9.09"
"Laurens","1","94","Georgia","5/20/20","85","9","13175","10.59"
"Lee","0","345","Georgia","5/20/20","343","2","13177","0.58"
"Liberty","0","47","Georgia","5/20/20","45","2","13179","4.44"
"Lincoln","0","15","Georgia","5/20/20","12","3","13181","25"
"Long","0","6","Georgia","5/20/20","5","1","13183","20"
"Lowndes","4","226","Georgia","5/20/20","196","30","13185","15.31"
"Lumpkin","1","88","Georgia","5/20/20","80","8","13187","10"
"Macon","1","95","Georgia","5/20/20","88","7","13193","7.95"
"Madison","0","32","Georgia","5/20/20","29","3","13195","10.34"
"Marion","1","47","Georgia","5/20/20","38","9","13197","23.68"
"McDuffie","1","57","Georgia","5/20/20","53","4","13189","7.55"
"McIntosh","0","11","Georgia","5/20/20","9","2","13191","22.22"
"Meriwether","1","73","Georgia","5/20/20","68","5","13199","7.35"
"Miller","0","36","Georgia","5/20/20","35","1","13201","2.86"
"Mitchell","2","396","Georgia","5/20/20","381","15","13205","3.94"
"Monroe","9","108","Georgia","5/20/20","44","64","13207","145.45"
"Montgomery","0","8","Georgia","5/20/20","5","3","13209","60"
"Morgan","0","34","Georgia","5/20/20","33","1","13211","3.03"
"Murray","2","66","Georgia","5/20/20","53","13","13213","24.53"
"Muscogee","8","456","Georgia","5/20/20","398","58","13215","14.57"
"Newton","2","275","Georgia","5/20/20","262","13","13217","4.96"
"Oconee","2","82","Georgia","5/20/20","66","16","13219","24.24"
"Oglethorpe","0","56","Georgia","5/20/20","56","0","13221","0"
"Out of GA","11","1639","Georgia","5/20/20","1561","78","80013","5"
"Paulding","4","261","Georgia","5/20/20","234","27","13223","11.54"
"Peach","0","69","Georgia","5/20/20","69","0","13225","0"
"Pickens","0","39","Georgia","5/20/20","36","3","13227","8.33"
"Pierce","2","84","Georgia","5/20/20","69","15","13229","21.74"
"Pike","0","45","Georgia","5/20/20","45","0","13231","0"
"Polk","2","86","Georgia","5/20/20","69","17","13233","24.64"
"Pulaski","0","35","Georgia","5/20/20","34","1","13235","2.94"
"Putnam","3","83","Georgia","5/20/20","59","24","13237","40.68"
"Quitman","0","8","Georgia","5/20/20","7","1","13239","14.29"
"Rabun","0","15","Georgia","5/20/20","14","1","13241","7.14"
"Randolph","0","170","Georgia","5/20/20","169","1","13243","0.59"
"Richmond","4","501","Georgia","5/20/20","471","30","13245","6.37"
"Rockdale","0","251","Georgia","5/20/20","248","3","13247","1.21"
"Schley","0","16","Georgia","5/20/20","15","1","13249","6.67"
"Screven","0","20","Georgia","5/20/20","18","2","13251","11.11"
"Seminole","0","41","Georgia","5/20/20","39","2","13253","5.13"
"Spalding","2","251","Georgia","5/20/20","236","15","13255","6.36"
"Stephens","3","117","Georgia","5/20/20","94","23","13257","24.47"
"Stewart","1","40","Georgia","5/20/20","35","5","13259","14.29"
"Sumter","2","425","Georgia","5/20/20","409","16","13261","3.91"
"Talbot","1","31","Georgia","5/20/20","27","4","13263","14.81"
"Taliaferro","0","1","Georgia","5/20/20","1","0","13265","0"
"Tattnall","0","13","Georgia","5/20/20","10","3","13267","30"
"Taylor","0","22","Georgia","5/20/20","22","0","13269","0"
"Telfair","0","29","Georgia","5/20/20","29","0","13271","0"
"Terrell","1","203","Georgia","5/20/20","199","4","13273","2.01"
"Thomas","5","302","Georgia","5/20/20","267","35","13275","13.11"
"Tift","4","194","Georgia","5/20/20","164","30","13277","18.29"
"Toombs","1","47","Georgia","5/20/20","41","6","13279","14.63"
"Towns","0","21","Georgia","5/20/20","21","0","13281","0"
"Treutlen","0","8","Georgia","5/20/20","7","1","13283","14.29"
"Troup","3","215","Georgia","5/20/20","192","23","13285","11.98"
"Turner","1","85","Georgia","5/20/20","80","5","13287","6.25"
"Twiggs","0","10","Georgia","5/20/20","8","2","13289","25"
"Union","0","38","Georgia","5/20/20","36","2","13291","5.56"
"Upson","2","267","Georgia","5/20/20","255","12","13293","4.71"
"Walker","1","81","Georgia","5/20/20","73","8","13295","10.96"
"Walton","2","172","Georgia","5/20/20","159","13","13297","8.18"
"Ware","4","191","Georgia","5/20/20","166","25","13299","15.06"
"Warren","0","16","Georgia","5/20/20","16","0","13301","0"
"Washington","1","71","Georgia","5/20/20","62","9","13303","14.52"
"Wayne","0","15","Georgia","5/20/20","14","1","13305","7.14"
"Webster","0","11","Georgia","5/20/20","11","0","13307","0"
"Wheeler","1","10","Georgia","5/20/20","6","4","13309","66.67"
"White","0","91","Georgia","5/20/20","88","3","13311","3.41"
"Whitfield","5","206","Georgia","5/20/20","173","33","13313","19.08"
"Wilcox","0","98","Georgia","5/20/20","99","-1","13315","-1.01"
"Wilkes","0","30","Georgia","5/20/20","27","3","13317","11.11"
"Wilkinson","1","49","Georgia","5/20/20","40","9","13319","22.5"
"Worth","2","206","Georgia","5/20/20","191","15","13321","7.85"
"","0","103","Grand Princess","5/20/20","103","0",,"0"
"","0","154","Guam","5/20/20","152","2",,"1.32"
"Hawaii","1","79","Hawaii","5/20/20","75","4","15001","5.33"
"Honolulu","0","416","Hawaii","5/20/20","414","2","15003","0.48"
"Kauai","0","21","Hawaii","5/20/20","21","0","15007","0"
"Maui","0","117","Hawaii","5/20/20","117","0","15009","0"
"Out of HI","0","10","Hawaii","5/20/20","11","-1","80015","-9.09"
"Ada","7","792","Idaho","5/20/20","744","48","16001","6.45"
"Adams","0","3","Idaho","5/20/20","3","0","16003","0"
"Bannock","0","16","Idaho","5/20/20","13","3","16005","23.08"
"Bingham","0","6","Idaho","5/20/20","4","2","16011","50"
"Blaine","0","509","Idaho","5/20/20","506","3","16013","0.59"
"Bonner","0","4","Idaho","5/20/20","4","0","16017","0"
"Bonneville","0","32","Idaho","5/20/20","30","2","16019","6.67"
"Camas","0","1","Idaho","5/20/20","1","0","16025","0"
"Canyon","1","280","Idaho","5/20/20","274","6","16027","2.19"
"Caribou","0","1","Idaho","5/20/20","1","0","16029","0"
"Cassia","1","20","Idaho","5/20/20","15","5","16031","33.33"
"Custer","0","2","Idaho","5/20/20","2","0","16037","0"
"Elmore","0","31","Idaho","5/20/20","31","0","16039","0"
"Fremont","0","3","Idaho","5/20/20","3","0","16043","0"
"Gem","0","16","Idaho","5/20/20","16","0","16045","0"
"Gooding","1","29","Idaho","5/20/20","20","9","16047","45"
"Idaho","0","3","Idaho","5/20/20","3","0","16049","0"
"Jefferson","0","7","Idaho","5/20/20","5","2","16051","40"
"Jerome","4","110","Idaho","5/20/20","81","29","16053","35.8"
"Kootenai","0","66","Idaho","5/20/20","64","2","16055","3.12"
"Latah","0","6","Idaho","5/20/20","5","1","16057","20"
"Lemhi","0","1","Idaho","5/20/20","1","0","16059","0"
"Lincoln","0","29","Idaho","5/20/20","29","0","16063","0"
"Madison","0","20","Idaho","5/20/20","18","2","16065","11.11"
"Minidoka","1","20","Idaho","5/20/20","12","8","16067","66.67"
"Nez Perce","0","81","Idaho","5/20/20","79","2","16069","2.53"
"Owyhee","0","8","Idaho","5/20/20","8","0","16073","0"
"Payette","1","22","Idaho","5/20/20","17","5","16075","29.41"
"Power","0","3","Idaho","5/20/20","3","0","16077","0"
"Teton","0","11","Idaho","5/20/20","11","0","16081","0"
"Twin Falls","9","340","Idaho","5/20/20","280","60","16083","21.43"
"Valley","0","2","Idaho","5/20/20","2","0","16085","0"
"Washington","3","32","Idaho","5/20/20","8","24","16087","300"
"Adams","0","43","Illinois","5/20/20","41","2","17001","4.88"
"Alexander","0","8","Illinois","5/20/20","8","0","17003","0"
"Bond","0","12","Illinois","5/20/20","10","2","17005","20"
"Boone","10","324","Illinois","5/20/20","253","71","17007","28.06"
"Brown","0","10","Illinois","5/20/20","9","1","17009","11.11"
"Bureau","0","15","Illinois","5/20/20","15","0","17011","0"
"Calhoun","0","1","Illinois","5/20/20","1","0","17013","0"
"Carroll","0","13","Illinois","5/20/20","12","1","17015","8.33"
"Cass","1","67","Illinois","5/20/20","62","5","17017","8.06"
"Champaign","22","472","Illinois","5/20/20","318","154","17019","48.43"
"Christian","0","32","Illinois","5/20/20","30","2","17021","6.67"
"Clark","0","9","Illinois","5/20/20","8","1","17023","12.5"
"Clay","0","2","Illinois","5/20/20","2","0","17025","0"
"Clinton","4","167","Illinois","5/20/20","142","25","17027","17.61"
"Coles","4","88","Illinois","5/20/20","62","26","17029","41.94"
"Cook","1401","66213","Illinois","5/20/20","56406","9807","17031","17.39"
"Crawford","0","11","Illinois","5/20/20","11","0","17033","0"
"Cumberland","0","10","Illinois","5/20/20","7","3","17035","42.86"
"De Witt","0","4","Illinois","5/20/20","3","1","17039","33.33"
"DeKalb","9","276","Illinois","5/20/20","211","65","17037","30.81"
"Douglas","1","26","Illinois","5/20/20","22","4","17041","18.18"
"DuPage","152","6308","Illinois","5/20/20","5244","1064","17043","20.29"
"Edwards","0","2","Illinois","5/20/20","2","0","17047","0"
"Effingham","0","6","Illinois","5/20/20","6","0","17049","0"
"Fayette","0","19","Illinois","5/20/20","17","2","17051","11.76"
"Ford","1","18","Illinois","5/20/20","14","4","17053","28.57"
"Franklin","0","11","Illinois","5/20/20","12","-1","17055","-8.33"
"Fulton","1","10","Illinois","5/20/20","4","6","17057","150"
"Gallatin","0","2","Illinois","5/20/20","2","0","17059","0"
"Greene","0","5","Illinois","5/20/20","4","1","17061","25"
"Grundy","3","83","Illinois","5/20/20","62","21","17063","33.87"
"Hamilton","0","2","Illinois","5/20/20","2","0","17065","0"
"Hancock","0","12","Illinois","5/20/20","12","0","17067","0"
"Hardin","0","1","Illinois","5/20/20","1","0","17069","0"
"Henderson","0","8","Illinois","5/20/20","7","1","17071","14.29"
"Henry","0","64","Illinois","5/20/20","61","3","17073","4.92"
"Iroquois","3","119","Illinois","5/20/20","101","18","17075","17.82"
"Jackson","2","187","Illinois","5/20/20","171","16","17077","9.36"
"Jasper","0","45","Illinois","5/20/20","45","0","17079","0"
"Jefferson","0","100","Illinois","5/20/20","97","3","17081","3.09"
"Jersey","0","20","Illinois","5/20/20","17","3","17083","17.65"
"Jo Daviess","0","22","Illinois","5/20/20","19","3","17085","15.79"
"Johnson","0","7","Illinois","5/20/20","6","1","17087","16.67"
"Kane","153","4813","Illinois","5/20/20","3744","1069","17089","28.55"
"Kankakee","14","703","Illinois","5/20/20","607","96","17091","15.82"
"Kendall","16","610","Illinois","5/20/20","496","114","17093","22.98"
"Knox","2","90","Illinois","5/20/20","79","11","17095","13.92"
"Lake","164","6905","Illinois","5/20/20","5758","1147","17097","19.92"
"LaSalle","3","130","Illinois","5/20/20","111","19","17099","17.12"
"Lawrence","0","4","Illinois","5/20/20","4","0","17101","0"
"Lee","1","75","Illinois","5/20/20","70","5","17103","7.14"
"Livingston","0","28","Illinois","5/20/20","25","3","17105","12"
"Logan","0","10","Illinois","5/20/20","11","-1","17107","-9.09"
"Macon","4","176","Illinois","5/20/20","151","25","17115","16.56"
"Macoupin","0","41","Illinois","5/20/20","39","2","17117","5.13"
"Madison","8","502","Illinois","5/20/20","449","53","17119","11.8"
"Marion","0","49","Illinois","5/20/20","47","2","17121","4.26"
"Marshall","0","5","Illinois","5/20/20","4","1","17123","25"
"Mason","0","16","Illinois","5/20/20","15","1","17125","6.67"
"Massac","0","6","Illinois","5/20/20","6","0","17127","0"
"McDonough","3","73","Illinois","5/20/20","54","19","17109","35.19"
"McHenry","29","1255","Illinois","5/20/20","1049","206","17111","19.64"
"McLean","9","191","Illinois","5/20/20","127","64","17113","50.39"
"Menard","0","17","Illinois","5/20/20","17","0","17129","0"
"Mercer","0","13","Illinois","5/20/20","12","1","17131","8.33"
"Monroe","1","90","Illinois","5/20/20","81","9","17133","11.11"
"Montgomery","1","39","Illinois","5/20/20","34","5","17135","14.71"
"Morgan","0","34","Illinois","5/20/20","33","1","17137","3.03"
"Moultrie","0","8","Illinois","5/20/20","6","2","17139","33.33"
"Ogle","2","174","Illinois","5/20/20","160","14","17141","8.75"
"Out of IL","1","89","Illinois","5/20/20","82","7","80017","8.54"
"Peoria","3","167","Illinois","5/20/20","148","19","17143","12.84"
"Perry","0","40","Illinois","5/20/20","38","2","17145","5.26"
"Piatt","0","8","Illinois","5/20/20","8","0","17147","0"
"Pike","0","1","Illinois","5/20/20","1","0","17149","0"
"Pope","0","1","Illinois","5/20/20","1","0","17151","0"
"Pulaski","1","40","Illinois","5/20/20","31","9","17153","29.03"
"Putnam","0","1","Illinois","5/20/20","0","1","17155","1"
"Randolph","3","246","Illinois","5/20/20","227","19","17157","8.37"
"Richland","0","3","Illinois","5/20/20","3","0","17159","0"
"Rock Island","9","600","Illinois","5/20/20","538","62","17161","11.52"
"Saline","0","6","Illinois","5/20/20","5","1","17165","20"
"Sangamon","6","319","Illinois","5/20/20","279","40","17167","14.34"
"Schuyler","0","8","Illinois","5/20/20","7","1","17169","14.29"
"Shelby","1","15","Illinois","5/20/20","10","5","17173","50"
"St. Clair","17","858","Illinois","5/20/20","737","121","17163","16.42"
"Stark","0","2","Illinois","5/20/20","1","1","17175","100"
"Stephenson","6","161","Illinois","5/20/20","118","43","17177","36.44"
"Tazewell","1","65","Illinois","5/20/20","59","6","17179","10.17"
"Union","3","124","Illinois","5/20/20","105","19","17181","18.1"
"Vermilion","0","31","Illinois","5/20/20","29","2","17183","6.9"
"Wabash","0","1","Illinois","5/20/20","1","0","17185","0"
"Warren","1","110","Illinois","5/20/20","105","5","17187","4.76"
"Washington","0","18","Illinois","5/20/20","17","1","17189","5.88"
"Wayne","0","9","Illinois","5/20/20","10","-1","17191","-10"
"White","0","2","Illinois","5/20/20","2","0","17193","0"
"Whiteside","3","128","Illinois","5/20/20","110","18","17195","16.36"
"Will","103","4694","Illinois","5/20/20","3973","721","17197","18.15"
"Williamson","0","55","Illinois","5/20/20","52","3","17199","5.77"
"Winnebago","58","1615","Illinois","5/20/20","1208","407","17201","33.69"
"Woodford","0","17","Illinois","5/20/20","15","2","17203","13.33"
"Adams","0","11","Indiana","5/20/20","8","3","18001","37.5"
"Allen","33","1106","Indiana","5/20/20","877","229","18003","26.11"
"Bartholomew","11","448","Indiana","5/20/20","370","78","18005","21.08"
"Benton","1","24","Indiana","5/20/20","17","7","18007","41.18"
"Blackford","0","16","Indiana","5/20/20","14","2","18009","14.29"
"Boone","4","263","Indiana","5/20/20","235","28","18011","11.91"
"Brown","0","31","Indiana","5/20/20","28","3","18013","10.71"
"Carroll","1","81","Indiana","5/20/20","73","8","18015","10.96"
"Cass","3","1564","Indiana","5/20/20","1544","20","18017","1.3"
"Clark","6","438","Indiana","5/20/20","394","44","18019","11.17"
"Clay","1","33","Indiana","5/20/20","24","9","18021","37.5"
"Clinton","7","163","Indiana","5/20/20","111","52","18023","46.85"
"Crawford","0","22","Indiana","5/20/20","21","1","18025","4.76"
"Daviess","2","71","Indiana","5/20/20","56","15","18027","26.79"
"Dearborn","1","158","Indiana","5/20/20","154","4","18029","2.6"
"Decatur","1","220","Indiana","5/20/20","215","5","18031","2.33"
"DeKalb","0","26","Indiana","5/20/20","24","2","18033","8.33"
"Delaware","10","297","Indiana","5/20/20","230","67","18035","29.13"
"Dubois","14","162","Indiana","5/20/20","66","96","18037","145.45"
"Elkhart","33","777","Indiana","5/20/20","549","228","18039","41.53"
"Fayette","1","43","Indiana","5/20/20","39","4","18041","10.26"
"Floyd","9","306","Indiana","5/20/20","246","60","18043","24.39"
"Fountain","0","18","Indiana","5/20/20","16","2","18045","12.5"
"Franklin","0","106","Indiana","5/20/20","106","0","18047","0"
"Fulton","1","47","Indiana","5/20/20","37","10","18049","27.03"
"Gibson","0","11","Indiana","5/20/20","8","3","18051","37.5"
"Grant","2","168","Indiana","5/20/20","153","15","18053","9.8"
"Greene","2","162","Indiana","5/20/20","151","11","18055","7.28"
"Hamilton","13","1054","Indiana","5/20/20","960","94","18057","9.79"
"Hancock","4","303","Indiana","5/20/20","276","27","18059","9.78"
"Harrison","1","175","Indiana","5/20/20","165","10","18061","6.06"
"Hendricks","10","1060","Indiana","5/20/20","989","71","18063","7.18"
"Henry","6","139","Indiana","5/20/20","97","42","18065","43.3"
"Howard","10","331","Indiana","5/20/20","258","73","18067","28.29"
"Huntington","0","20","Indiana","5/20/20","17","3","18069","17.65"
"Jackson","6","338","Indiana","5/20/20","299","39","18071","13.04"
"Jasper","1","48","Indiana","5/20/20","40","8","18073","20"
"Jay","1","32","Indiana","5/20/20","22","10","18075","45.45"
"Jefferson","1","41","Indiana","5/20/20","35","6","18077","17.14"
"Jennings","2","121","Indiana","5/20/20","108","13","18079","12.04"
"Johnson","27","1029","Indiana","5/20/20","838","191","18081","22.79"
"Knox","0","23","Indiana","5/20/20","22","1","18083","4.55"
"Kosciusko","2","60","Indiana","5/20/20","48","12","18085","25"
"LaGrange","2","56","Indiana","5/20/20","41","15","18087","36.59"
"Lake","62","3024","Indiana","5/20/20","2588","436","18089","16.85"
"LaPorte","4","365","Indiana","5/20/20","340","25","18091","7.35"
"Lawrence","2","140","Indiana","5/20/20","124","16","18093","12.9"
"Madison","6","568","Indiana","5/20/20","527","41","18095","7.78"
"Marion","136","8656","Indiana","5/20/20","7703","953","18097","12.37"
"Marshall","2","50","Indiana","5/20/20","37","13","18099","35.14"
"Martin","0","8","Indiana","5/20/20","7","1","18101","14.29"
"Miami","0","132","Indiana","5/20/20","129","3","18103","2.33"
"Monroe","1","154","Indiana","5/20/20","145","9","18105","6.21"
"Montgomery","6","191","Indiana","5/20/20","147","44","18107","29.93"
"Morgan","4","250","Indiana","5/20/20","224","26","18109","11.61"
"Newton","0","71","Indiana","5/20/20","68","3","18111","4.41"
"Noble","2","155","Indiana","5/20/20","142","13","18113","9.15"
"Ohio","0","13","Indiana","5/20/20","11","2","18115","18.18"
"Orange","1","122","Indiana","5/20/20","118","4","18117","3.39"
"Owen","0","28","Indiana","5/20/20","27","1","18119","3.7"
"Parke","0","17","Indiana","5/20/20","16","1","18121","6.25"
"Perry","0","20","Indiana","5/20/20","19","1","18123","5.26"
"Pike","0","5","Indiana","5/20/20","3","2","18125","66.67"
"Porter","8","421","Indiana","5/20/20","363","58","18127","15.98"
"Posey","0","16","Indiana","5/20/20","16","0","18129","0"
"Pulaski","1","38","Indiana","5/20/20","34","4","18131","11.76"
"Putnam","5","126","Indiana","5/20/20","92","34","18133","36.96"
"Randolph","1","30","Indiana","5/20/20","26","4","18135","15.38"
"Ripley","0","107","Indiana","5/20/20","105","2","18137","1.9"
"Rush","1","42","Indiana","5/20/20","37","5","18139","13.51"
"Scott","2","101","Indiana","5/20/20","89","12","18143","13.48"
"Shelby","4","302","Indiana","5/20/20","273","29","18145","10.62"
"Spencer","1","13","Indiana","5/20/20","7","6","18147","85.71"
"St. Joseph","28","1054","Indiana","5/20/20","857","197","18141","22.99"
"Starke","1","28","Indiana","5/20/20","24","4","18149","16.67"
"Steuben","1","71","Indiana","5/20/20","64","7","18151","10.94"
"Sullivan","1","29","Indiana","5/20/20","22","7","18153","31.82"
"Switzerland","1","18","Indiana","5/20/20","14","4","18155","28.57"
"Tippecanoe","10","331","Indiana","5/20/20","261","70","18157","26.82"
"Tipton","0","21","Indiana","5/20/20","21","0","18159","0"
"Union","0","8","Indiana","5/20/20","8","0","18161","0"
"Vanderburgh","4","225","Indiana","5/20/20","194","31","18163","15.98"
"Vermillion","0","8","Indiana","5/20/20","7","1","18165","14.29"
"Vigo","6","126","Indiana","5/20/20","86","40","18167","46.51"
"Wabash","1","71","Indiana","5/20/20","67","4","18169","5.97"
"Warren","0","12","Indiana","5/20/20","12","0","18171","0"
"Warrick","3","154","Indiana","5/20/20","133","21","18173","15.79"
"Washington","0","52","Indiana","5/20/20","49","3","18175","6.12"
"Wayne","1","63","Indiana","5/20/20","56","7","18177","12.5"
"Wells","1","20","Indiana","5/20/20","12","8","18179","66.67"
"White","3","188","Indiana","5/20/20","165","23","18181","13.94"
"Whitley","1","28","Indiana","5/20/20","23","5","18183","21.74"
"Adair","0","6","Iowa","5/20/20","4","2","19001","50"
"Adams","0","2","Iowa","5/20/20","0","2","19003","1"
"Allamakee","0","116","Iowa","5/20/20","113","3","19005","2.65"
"Appanoose","0","8","Iowa","5/20/20","7","1","19007","14.29"
"Audubon","0","11","Iowa","5/20/20","10","1","19009","10"
"Benton","0","36","Iowa","5/20/20","35","1","19011","2.86"
"Black Hawk","15","1636","Iowa","5/20/20","1528","108","19013","7.07"
"Boone","1","49","Iowa","5/20/20","41","8","19015","19.51"
"Bremer","0","65","Iowa","5/20/20","62","3","19017","4.84"
"Buchanan","1","29","Iowa","5/20/20","24","5","19019","20.83"
"Buena Vista","11","124","Iowa","5/20/20","45","79","19021","175.56"
"Butler","0","14","Iowa","5/20/20","12","2","19023","16.67"
"Calhoun","0","2","Iowa","5/20/20","1","1","19025","100"
"Carroll","0","7","Iowa","5/20/20","7","0","19027","0"
"Cass","0","3","Iowa","5/20/20","1","2","19029","200"
"Cedar","0","41","Iowa","5/20/20","44","-3","19031","-6.82"
"Cerro Gordo","1","20","Iowa","5/20/20","14","6","19033","42.86"
"Cherokee","1","10","Iowa","5/20/20","6","4","19035","66.67"
"Chickasaw","0","8","Iowa","5/20/20","7","1","19037","14.29"
"Clarke","2","23","Iowa","5/20/20","9","14","19039","155.56"
"Clay","0","9","Iowa","5/20/20","9","0","19041","0"
"Clayton","0","30","Iowa","5/20/20","28","2","19043","7.14"
"Clinton","0","61","Iowa","5/20/20","58","3","19045","5.17"
"Crawford","29","410","Iowa","5/20/20","207","203","19047","98.07"
"Dallas","9","802","Iowa","5/20/20","741","61","19049","8.23"
"Davis","0","13","Iowa","5/20/20","12","1","19051","8.33"
"Delaware","0","13","Iowa","5/20/20","10","3","19055","30"
"Des Moines","0","43","Iowa","5/20/20","44","-1","19057","-2.27"
"Dickinson","0","8","Iowa","5/20/20","6","2","19059","33.33"
"Dubuque","9","296","Iowa","5/20/20","235","61","19061","25.96"
"Emmet","1","6","Iowa","5/20/20","1","5","19063","500"
"Fayette","0","25","Iowa","5/20/20","24","1","19065","4.17"
"Floyd","0","11","Iowa","5/20/20","9","2","19067","22.22"
"Franklin","0","7","Iowa","5/20/20","7","0","19069","0"
"Fremont","0","4","Iowa","5/20/20","3","1","19071","33.33"
"Greene","0","13","Iowa","5/20/20","13","0","19073","0"
"Grundy","0","17","Iowa","5/20/20","16","1","19075","6.25"
"Guthrie","1","40","Iowa","5/20/20","36","4","19077","11.11"
"Hamilton","0","12","Iowa","5/20/20","11","1","19079","9.09"
"Hancock","1","7","Iowa","5/20/20","3","4","19081","133.33"
"Hardin","0","13","Iowa","5/20/20","12","1","19083","8.33"
"Harrison","0","18","Iowa","5/20/20","17","1","19085","5.88"
"Henry","1","49","Iowa","5/20/20","43","6","19087","13.95"
"Howard","0","12","Iowa","5/20/20","12","0","19089","0"
"Humboldt","0","7","Iowa","5/20/20","7","0","19091","0"
"Ida","1","8","Iowa","5/20/20","2","6","19093","300"
"Iowa","1","31","Iowa","5/20/20","26","5","19095","19.23"
"Jackson","0","8","Iowa","5/20/20","7","1","19097","14.29"
"Jasper","2","250","Iowa","5/20/20","239","11","19099","4.6"
"Jefferson","1","13","Iowa","5/20/20","9","4","19101","44.44"
"Johnson","3","579","Iowa","5/20/20","558","21","19103","3.76"
"Jones","0","36","Iowa","5/20/20","34","2","19105","5.88"
"Keokuk","1","13","Iowa","5/20/20","9","4","19107","44.44"
"Kossuth","1","7","Iowa","5/20/20","2","5","19109","250"
"Lee","0","20","Iowa","5/20/20","18","2","19111","11.11"
"Linn","6","902","Iowa","5/20/20","858","44","19113","5.13"
"Louisa","5","322","Iowa","5/20/20","289","33","19115","11.42"
"Lucas","0","3","Iowa","5/20/20","0","3","19117","1"
"Lyon","0","19","Iowa","5/20/20","16","3","19119","18.75"
"Madison","1","20","Iowa","5/20/20","13","7","19121","53.85"
"Mahaska","3","45","Iowa","5/20/20","21","24","19123","114.29"
"Marion","1","24","Iowa","5/20/20","17","7","19125","41.18"
"Marshall","11","827","Iowa","5/20/20","748","79","19127","10.56"
"Mills","1","13","Iowa","5/20/20","9","4","19129","44.44"
"Mitchell","0","4","Iowa","5/20/20","3","1","19131","33.33"
"Monona","1","18","Iowa","5/20/20","13","5","19133","38.46"
"Monroe","1","22","Iowa","5/20/20","18","4","19135","22.22"
"Montgomery","0","5","Iowa","5/20/20","5","0","19137","0"
"Muscatine","3","535","Iowa","5/20/20","513","22","19139","4.29"
"O'Brien","0","21","Iowa","5/20/20","19","2","19141","10.53"
"Osceola","1","29","Iowa","5/20/20","23","6","19143","26.09"
"Page","0","10","Iowa","5/20/20","10","0","19145","0"
"Palo Alto","0","2","Iowa","5/20/20","1","1","19147","100"
"Plymouth","3","89","Iowa","5/20/20","71","18","19149","25.35"
"Pocahontas","0","3","Iowa","5/20/20","3","0","19151","0"
"Polk","97","3230","Iowa","5/20/20","2551","679","19153","26.62"
"Pottawattamie","10","175","Iowa","5/20/20","105","70","19155","66.67"
"Poweshiek","1","88","Iowa","5/20/20","83","5","19157","6.02"
"Ringgold","0","1","Iowa","5/20/20","0","1","19159","1"
"Sac","1","7","Iowa","5/20/20","3","4","19161","133.33"
"Scott","3","313","Iowa","5/20/20","291","22","19163","7.56"
"Shelby","1","24","Iowa","5/20/20","20","4","19165","20"
"Sioux","8","159","Iowa","5/20/20","103","56","19167","54.37"
"Story","2","82","Iowa","5/20/20","65","17","19169","26.15"
"Tama","3","368","Iowa","5/20/20","345","23","19171","6.67"
"Taylor","0","4","Iowa","5/20/20","1","3","19173","300"
"Union","0","4","Iowa","5/20/20","2","2","19175","100"
"Van Buren","0","8","Iowa","5/20/20","8","0","19177","0"
"Wapello","16","417","Iowa","5/20/20","306","111","19179","36.27"
"Warren","5","87","Iowa","5/20/20","52","35","19181","67.31"
"Washington","1","173","Iowa","5/20/20","163","10","19183","6.13"
"Wayne","0","1","Iowa","5/20/20","1","0","19185","0"
"Webster","1","19","Iowa","5/20/20","12","7","19187","58.33"
"Winnebago","0","8","Iowa","5/20/20","5","3","19189","60"
"Winneshiek","0","20","Iowa","5/20/20","18","2","19191","11.11"
"Woodbury","44","2362","Iowa","5/20/20","2054","308","19193","15"
"Worth","0","3","Iowa","5/20/20","2","1","19195","50"
"Wright","6","45","Iowa","5/20/20","6","39","19197","650"
"Anderson","0","1","Kansas","5/20/20","1","0","20003","0"
"Atchison","0","17","Kansas","5/20/20","15","2","20005","13.33"
"Barber","0","1","Kansas","5/20/20","1","0","20007","0"
"Barton","1","31","Kansas","5/20/20","24","7","20009","29.17"
"Bourbon","0","6","Kansas","5/20/20","6","0","20011","0"
"Brown","1","5","Kansas","5/20/20","1","4","20013","400"
"Butler","1","18","Kansas","5/20/20","14","4","20015","28.57"
"Chase","0","3","Kansas","5/20/20","3","0","20017","0"
"Chautauqua","0","4","Kansas","5/20/20","4","0","20019","0"
"Cherokee","0","8","Kansas","5/20/20","8","0","20021","0"
"Cheyenne","0","2","Kansas","5/20/20","2","0","20023","0"
"Clark","0","21","Kansas","5/20/20","19","2","20025","10.53"
"Clay","0","5","Kansas","5/20/20","4","1","20027","25"
"Cloud","0","4","Kansas","5/20/20","4","0","20029","0"
"Coffey","0","50","Kansas","5/20/20","50","0","20031","0"
"Cowley","0","4","Kansas","5/20/20","3","1","20035","33.33"
"Crawford","0","8","Kansas","5/20/20","8","0","20037","0"
"Dickinson","0","2","Kansas","5/20/20","2","0","20041","0"
"Doniphan","0","9","Kansas","5/20/20","9","0","20043","0"
"Douglas","1","62","Kansas","5/20/20","58","4","20045","6.9"
"Edwards","0","5","Kansas","5/20/20","4","1","20047","25"
"Ellis","0","8","Kansas","5/20/20","8","0","20051","0"
"Ellsworth","0","2","Kansas","5/20/20","2","0","20053","0"
"Finney","37","1363","Kansas","5/20/20","1101","262","20055","23.8"
"Ford","30","1437","Kansas","5/20/20","1229","208","20057","16.92"
"Franklin","0","32","Kansas","5/20/20","30","2","20059","6.67"
"Geary","0","15","Kansas","5/20/20","14","1","20061","7.14"
"Gove","0","1","Kansas","5/20/20","1","0","20063","0"
"Grant","1","18","Kansas","5/20/20","12","6","20067","50"
"Gray","1","16","Kansas","5/20/20","10","6","20069","60"
"Greenwood","0","3","Kansas","5/20/20","3","0","20073","0"
"Hamilton","0","10","Kansas","5/20/20","8","2","20075","25"
"Harper","0","1","Kansas","5/20/20","1","0","20077","0"
"Harvey","0","11","Kansas","5/20/20","9","2","20079","22.22"
"Haskell","0","15","Kansas","5/20/20","16","-1","20081","-6.25"
"Jackson","3","33","Kansas","5/20/20","12","21","20085","175"
"Jefferson","1","21","Kansas","5/20/20","16","5","20087","31.25"
"Jewell","0","4","Kansas","5/20/20","4","0","20089","0"
"Johnson","8","669","Kansas","5/20/20","612","57","20091","9.31"
"Kearny","1","40","Kansas","5/20/20","34","6","20093","17.65"
"Kiowa","0","2","Kansas","5/20/20","2","0","20097","0"
"Labette","0","22","Kansas","5/20/20","22","0","20099","0"
"Lane","0","1","Kansas","5/20/20","0","1","20101","1"
"Leavenworth","15","1058","Kansas","5/20/20","950","108","20103","11.37"
"Linn","0","7","Kansas","5/20/20","6","1","20107","16.67"
"Lyon","2","317","Kansas","5/20/20","305","12","20111","3.93"
"Marion","0","5","Kansas","5/20/20","5","0","20115","0"
"McPherson","0","27","Kansas","5/20/20","26","1","20113","3.85"
"Meade","0","22","Kansas","5/20/20","22","0","20119","0"
"Miami","0","6","Kansas","5/20/20","6","0","20121","0"
"Mitchell","0","3","Kansas","5/20/20","3","0","20123","0"
"Montgomery","0","20","Kansas","5/20/20","20","0","20125","0"
"Morris","0","3","Kansas","5/20/20","3","0","20127","0"
"Morton","0","4","Kansas","5/20/20","4","0","20129","0"
"Nemaha","1","8","Kansas","5/20/20","1","7","20131","700"
"Neosho","0","2","Kansas","5/20/20","2","0","20133","0"
"Ness","0","1","Kansas","5/20/20","0","1","20135","1"
"Norton","0","2","Kansas","5/20/20","2","0","20137","0"
"Osage","0","7","Kansas","5/20/20","6","1","20139","16.67"
"Osborne","0","2","Kansas","5/20/20","2","0","20141","0"
"Ottawa","0","4","Kansas","5/20/20","4","0","20143","0"
"Phillips","0","2","Kansas","5/20/20","1","1","20147","100"
"Pottawatomie","0","21","Kansas","5/20/20","18","3","20149","16.67"
"Pratt","0","1","Kansas","5/20/20","1","0","20151","0"
"Reno","0","41","Kansas","5/20/20","41","0","20155","0"
"Republic","0","4","Kansas","5/20/20","4","0","20157","0"
"Rice","0","4","Kansas","5/20/20","4","0","20159","0"
"Riley","0","60","Kansas","5/20/20","59","1","20161","1.69"
"Rooks","0","6","Kansas","5/20/20","6","0","20163","0"
"Saline","0","24","Kansas","5/20/20","23","1","20169","4.35"
"Scott","1","13","Kansas","5/20/20","6","7","20171","116.67"
"Sedgwick","5","539","Kansas","5/20/20","507","32","20173","6.31"
"Seward","10","810","Kansas","5/20/20","743","67","20175","9.02"
"Shawnee","6","217","Kansas","5/20/20","178","39","20177","21.91"
"Sheridan","0","2","Kansas","5/20/20","2","0","20179","0"
"Sherman","0","6","Kansas","5/20/20","5","1","20181","20"
"Smith","0","2","Kansas","5/20/20","2","0","20183","0"
"Stafford","0","1","Kansas","5/20/20","1","0","20185","0"
"Stanton","0","9","Kansas","5/20/20","9","0","20187","0"
"Stevens","1","26","Kansas","5/20/20","18","8","20189","44.44"
"Sumner","0","6","Kansas","5/20/20","5","1","20191","20"
"Wabaunsee","0","29","Kansas","5/20/20","27","2","20197","7.41"
"Wilson","0","1","Kansas","5/20/20","1","0","20205","0"
"Woodson","0","6","Kansas","5/20/20","6","0","20207","0"
"Wyandotte","13","1189","Kansas","5/20/20","1098","91","20209","8.29"
"Adair","1","94","Kentucky","5/20/20","88","6","21001","6.82"
"Allen","2","43","Kentucky","5/20/20","30","13","21003","43.33"
"Anderson","1","15","Kentucky","5/20/20","10","5","21005","50"
"Ballard","0","9","Kentucky","5/20/20","8","1","21007","12.5"
"Barren","1","38","Kentucky","5/20/20","30","8","21009","26.67"
"Bath","0","7","Kentucky","5/20/20","7","0","21011","0"
"Bell","0","1","Kentucky","5/20/20","0","1","21013","1"
"Boone","17","359","Kentucky","5/20/20","238","121","21015","50.84"
"Bourbon","0","8","Kentucky","5/20/20","8","0","21017","0"
"Boyd","0","39","Kentucky","5/20/20","37","2","21019","5.41"
"Boyle","0","20","Kentucky","5/20/20","17","3","21021","17.65"
"Bracken","0","10","Kentucky","5/20/20","9","1","21023","11.11"
"Breathitt","0","2","Kentucky","5/20/20","2","0","21025","0"
"Breckinridge","1","17","Kentucky","5/20/20","13","4","21027","30.77"
"Bullitt","2","101","Kentucky","5/20/20","86","15","21029","17.44"
"Butler","2","217","Kentucky","5/20/20","200","17","21031","8.5"
"Caldwell","0","12","Kentucky","5/20/20","12","0","21033","0"
"Calloway","1","48","Kentucky","5/20/20","43","5","21035","11.63"
"Campbell","2","137","Kentucky","5/20/20","120","17","21037","14.17"
"Carlisle","0","3","Kentucky","5/20/20","3","0","21039","0"
"Carroll","0","4","Kentucky","5/20/20","2","2","21041","100"
"Carter","0","9","Kentucky","5/20/20","7","2","21043","28.57"
"Casey","0","2","Kentucky","5/20/20","1","1","21045","100"
"Christian","0","98","Kentucky","5/20/20","95","3","21047","3.16"
"Clark","2","35","Kentucky","5/20/20","20","15","21049","75"
"Clay","0","3","Kentucky","5/20/20","2","1","21051","50"
"Clinton","0","3","Kentucky","5/20/20","3","0","21053","0"
"Crittenden","0","4","Kentucky","5/20/20","4","0","21055","0"
"Cumberland","0","5","Kentucky","5/20/20","5","0","21057","0"
"Daviess","3","296","Kentucky","5/20/20","274","22","21059","8.03"
"Edmonson","1","51","Kentucky","5/20/20","45","6","21061","13.33"
"Elliott","0","1","Kentucky","5/20/20","0","1","21063","1"
"Fayette","26","591","Kentucky","5/20/20","409","182","21067","44.5"
"Fleming","0","2","Kentucky","5/20/20","1","1","21069","100"
"Floyd","0","16","Kentucky","5/20/20","15","1","21071","6.67"
"Franklin","1","22","Kentucky","5/20/20","18","4","21073","22.22"
"Fulton","0","2","Kentucky","5/20/20","1","1","21075","100"
"Gallatin","0","3","Kentucky","5/20/20","1","2","21077","200"
"Garrard","0","3","Kentucky","5/20/20","4","-1","21079","-25"
"Grant","1","36","Kentucky","5/20/20","31","5","21081","16.13"
"Graves","0","152","Kentucky","5/20/20","149","3","21083","2.01"
"Grayson","2","110","Kentucky","5/20/20","99","11","21085","11.11"
"Green","0","1","Kentucky","5/20/20","1","0","21087","0"
"Greenup","0","13","Kentucky","5/20/20","13","0","21089","0"
"Hancock","0","6","Kentucky","5/20/20","6","0","21091","0"
"Hardin","4","88","Kentucky","5/20/20","63","25","21093","39.68"
"Harlan","0","1","Kentucky","5/20/20","1","0","21095","0"
"Harrison","0","18","Kentucky","5/20/20","19","-1","21097","-5.26"
"Hart","1","18","Kentucky","5/20/20","9","9","21099","100"
"Henderson","2","91","Kentucky","5/20/20","80","11","21101","13.75"
"Henry","0","13","Kentucky","5/20/20","10","3","21103","30"
"Hickman","0","5","Kentucky","5/20/20","5","0","21105","0"
"Hopkins","0","215","Kentucky","5/20/20","214","1","21107","0.47"
"Jackson","0","59","Kentucky","5/20/20","56","3","21109","5.36"
"Jefferson","36","1968","Kentucky","5/20/20","1713","255","21111","14.89"
"Jessamine","0","51","Kentucky","5/20/20","49","2","21113","4.08"
"Johnson","0","5","Kentucky","5/20/20","5","0","21115","0"
"Kenton","11","486","Kentucky","5/20/20","408","78","21117","19.12"
"Knott","0","4","Kentucky","5/20/20","4","0","21119","0"
"Knox","0","8","Kentucky","5/20/20","7","1","21121","14.29"
"Larue","0","6","Kentucky","5/20/20","6","0","21123","0"
"Laurel","0","21","Kentucky","5/20/20","21","0","21125","0"
"Lawrence","0","1","Kentucky","5/20/20","1","0","21127","0"
"Leslie","0","6","Kentucky","5/20/20","5","1","21131","20"
"Letcher","0","4","Kentucky","5/20/20","3","1","21133","33.33"
"Lewis","0","7","Kentucky","5/20/20","6","1","21135","16.67"
"Lincoln","0","7","Kentucky","5/20/20","5","2","21137","40"
"Livingston","0","7","Kentucky","5/20/20","7","0","21139","0"
"Logan","5","101","Kentucky","5/20/20","69","32","21141","46.38"
"Lyon","0","14","Kentucky","5/20/20","14","0","21143","0"
"Madison","1","45","Kentucky","5/20/20","35","10","21151","28.57"
"Magoffin","0","1","Kentucky","5/20/20","0","1","21153","1"
"Marion","0","17","Kentucky","5/20/20","17","0","21155","0"
"Marshall","0","36","Kentucky","5/20/20","34","2","21157","5.88"
"Martin","0","3","Kentucky","5/20/20","3","0","21159","0"
"Mason","0","8","Kentucky","5/20/20","7","1","21161","14.29"
"McCracken","2","85","Kentucky","5/20/20","73","12","21145","16.44"
"McCreary","0","13","Kentucky","5/20/20","13","0","21147","0"
"McLean","0","18","Kentucky","5/20/20","17","1","21149","5.88"
"Meade","0","20","Kentucky","5/20/20","18","2","21163","11.11"
"Menifee","0","6","Kentucky","5/20/20","3","3","21165","100"
"Mercer","0","12","Kentucky","5/20/20","12","0","21167","0"
"Metcalfe","0","3","Kentucky","5/20/20","3","0","21169","0"
"Monroe","0","6","Kentucky","5/20/20","6","0","21171","0"
"Montgomery","1","17","Kentucky","5/20/20","13","4","21173","30.77"
"Morgan","0","1","Kentucky","5/20/20","1","0","21175","0"
"Muhlenberg","2","468","Kentucky","5/20/20","457","11","21177","2.41"
"Nelson","0","34","Kentucky","5/20/20","31","3","21179","9.68"
"Nicholas","0","1","Kentucky","5/20/20","1","0","21181","0"
"Ohio","6","117","Kentucky","5/20/20","73","44","21183","60.27"
"Oldham","3","59","Kentucky","5/20/20","41","18","21185","43.9"
"Owen","0","1","Kentucky","5/20/20","1","0","21187","0"
"Owsley","0","2","Kentucky","5/20/20","2","0","21189","0"
"Pendleton","0","6","Kentucky","5/20/20","6","0","21191","0"
"Perry","0","19","Kentucky","5/20/20","16","3","21193","18.75"
"Pike","1","28","Kentucky","5/20/20","18","10","21195","55.56"
"Powell","0","1","Kentucky","5/20/20","1","0","21197","0"
"Pulaski","1","50","Kentucky","5/20/20","45","5","21199","11.11"
"Rockcastle","0","13","Kentucky","5/20/20","13","0","21203","0"
"Rowan","0","7","Kentucky","5/20/20","6","1","21205","16.67"
"Russell","1","22","Kentucky","5/20/20","18","4","21207","22.22"
"Scott","0","34","Kentucky","5/20/20","33","1","21209","3.03"
"Shelby","4","82","Kentucky","5/20/20","54","28","21211","51.85"
"Simpson","2","43","Kentucky","5/20/20","32","11","21213","34.38"
"Spencer","0","16","Kentucky","5/20/20","16","0","21215","0"
"Taylor","0","9","Kentucky","5/20/20","9","0","21217","0"
"Todd","0","17","Kentucky","5/20/20","15","2","21219","13.33"
"Trigg","0","9","Kentucky","5/20/20","9","0","21221","0"
"Trimble","0","3","Kentucky","5/20/20","3","0","21223","0"
"Union","0","10","Kentucky","5/20/20","10","0","21225","0"
"Warren","32","863","Kentucky","5/20/20","637","226","21227","35.48"
"Washington","0","5","Kentucky","5/20/20","5","0","21229","0"
"Wayne","0","8","Kentucky","5/20/20","8","0","21231","0"
"Webster","0","32","Kentucky","5/20/20","29","3","21233","10.34"
"Whitley","0","13","Kentucky","5/20/20","12","1","21235","8.33"
"Wolfe","0","1","Kentucky","5/20/20","0","1","21237","1"
"Woodford","0","19","Kentucky","5/20/20","19","0","21239","0"
"Acadia","16","262","Louisiana","5/20/20","151","111","22001","73.51"
"Allen","9","157","Louisiana","5/20/20","94","63","22003","67.02"
"Ascension","9","768","Louisiana","5/20/20","704","64","22005","9.09"
"Assumption","0","233","Louisiana","5/20/20","231","2","22007","0.87"
"Avoyelles","2","96","Louisiana","5/20/20","79","17","22009","21.52"
"Beauregard","1","52","Louisiana","5/20/20","48","4","22011","8.33"
"Bienville","1","84","Louisiana","5/20/20","80","4","22013","5"
"Bossier","4","353","Louisiana","5/20/20","324","29","22015","8.95"
"Caddo","20","1939","Louisiana","5/20/20","1800","139","22017","7.72"
"Calcasieu","2","521","Louisiana","5/20/20","505","16","22019","3.17"
"Caldwell","0","50","Louisiana","5/20/20","48","2","22021","4.17"
"Cameron","0","3","Louisiana","5/20/20","3","0","22023","0"
"Catahoula","0","106","Louisiana","5/20/20","103","3","22025","2.91"
"Claiborne","0","58","Louisiana","5/20/20","59","-1","22027","-1.69"
"Concordia","1","57","Louisiana","5/20/20","51","6","22029","11.76"
"De Soto","1","228","Louisiana","5/20/20","221","7","22031","3.17"
"East Baton Rouge","104","3213","Louisiana","5/20/20","2487","726","22033","29.19"
"East Carroll","3","46","Louisiana","5/20/20","25","21","22035","84"
"East Feliciana","5","179","Louisiana","5/20/20","145","34","22037","23.45"
"Evangeline","-1","67","Louisiana","5/20/20","74","-7","22039","-9.46"
"Franklin","3","274","Louisiana","5/20/20","256","18","22041","7.03"
"Grant","1","22","Louisiana","5/20/20","18","4","22043","22.22"
"Iberia","1","359","Louisiana","5/20/20","352","7","22045","1.99"
"Iberville","3","531","Louisiana","5/20/20","507","24","22047","4.73"
"Jackson","1","76","Louisiana","5/20/20","67","9","22049","13.43"
"Jefferson","42","7128","Louisiana","5/20/20","6833","295","22051","4.32"
"Jefferson Davis","0","71","Louisiana","5/20/20","69","2","22053","2.9"
"Lafayette","10","607","Louisiana","5/20/20","537","70","22055","13.04"
"Lafourche","5","753","Louisiana","5/20/20","716","37","22057","5.17"
"LaSalle","1","40","Louisiana","5/20/20","35","5","22059","14.29"
"Lincoln","1","122","Louisiana","5/20/20","115","7","22061","6.09"
"Livingston","9","358","Louisiana","5/20/20","293","65","22063","22.18"
"Madison","3","33","Louisiana","5/20/20","14","19","22065","135.71"
"Morehouse","1","94","Louisiana","5/20/20","87","7","22067","8.05"
"Natchitoches","0","103","Louisiana","5/20/20","100","3","22069","3"
"Orleans","19","6884","Louisiana","5/20/20","6753","131","22071","1.94"
"Ouachita","17","980","Louisiana","5/20/20","861","119","22073","13.82"
"Plaquemines","1","197","Louisiana","5/20/20","191","6","22075","3.14"
"Pointe Coupee","6","179","Louisiana","5/20/20","139","40","22077","28.78"
"Rapides","17","516","Louisiana","5/20/20","394","122","22079","30.96"
"Red River","1","43","Louisiana","5/20/20","37","6","22081","16.22"
"Richland","1","108","Louisiana","5/20/20","104","4","22083","3.85"
"Sabine","0","31","Louisiana","5/20/20","28","3","22085","10.71"
"St. Bernard","0","518","Louisiana","5/20/20","515","3","22087","0.58"
"St. Charles","2","615","Louisiana","5/20/20","600","15","22089","2.5"
"St. Helena","1","42","Louisiana","5/20/20","38","4","22091","10.53"
"St. James","2","284","Louisiana","5/20/20","268","16","22093","5.97"
"St. John the Baptist","3","832","Louisiana","5/20/20","808","24","22095","2.97"
"St. Landry","-1","237","Louisiana","5/20/20","241","-4","22097","-1.66"
"St. Martin","0","275","Louisiana","5/20/20","276","-1","22099","-0.36"
"St. Mary","3","281","Louisiana","5/20/20","257","24","22101","9.34"
"St. Tammany","11","1572","Louisiana","5/20/20","1492","80","22103","5.36"
"Tangipahoa","9","752","Louisiana","5/20/20","687","65","22105","9.46"
"Tensas","0","5","Louisiana","5/20/20","6","-1","22107","-16.67"
"Terrebonne","7","594","Louisiana","5/20/20","542","52","22109","9.59"
"Union","3","245","Louisiana","5/20/20","227","18","22111","7.93"
"Vermilion","0","45","Louisiana","5/20/20","42","3","22113","7.14"
"Vernon","0","21","Louisiana","5/20/20","19","2","22115","10.53"
"Washington","4","376","Louisiana","5/20/20","350","26","22117","7.43"
"Webster","1","119","Louisiana","5/20/20","112","7","22119","6.25"
"West Baton Rouge","4","149","Louisiana","5/20/20","124","25","22121","20.16"
"West Carroll","2","19","Louisiana","5/20/20","5","14","22123","280"
"West Feliciana","1","192","Louisiana","5/20/20","187","5","22125","2.67"
"Winn","4","90","Louisiana","5/20/20","64","26","22127","40.62"
"Androscoggin","12","185","Maine","5/20/20","103","82","23001","79.61"
"Aroostook","0","8","Maine","5/20/20","6","2","23003","33.33"
"Cumberland","21","891","Maine","5/20/20","744","147","23005","19.76"
"Franklin","0","34","Maine","5/20/20","31","3","23007","9.68"
"Hancock","0","11","Maine","5/20/20","10","1","23009","10"
"Kennebec","1","121","Maine","5/20/20","112","9","23011","8.04"
"Knox","0","20","Maine","5/20/20","19","1","23013","5.26"
"Lincoln","0","17","Maine","5/20/20","15","2","23015","13.33"
"Oxford","0","18","Maine","5/20/20","17","1","23017","5.88"
"Penobscot","1","95","Maine","5/20/20","90","5","23019","5.56"
"Piscataquis","0","1","Maine","5/20/20","1","0","23021","0"
"Sagadahoc","1","28","Maine","5/20/20","23","5","23023","21.74"
"Somerset","0","20","Maine","5/20/20","18","2","23025","11.11"
"Waldo","0","50","Maine","5/20/20","49","1","23027","2.04"
"Washington","0","2","Maine","5/20/20","2","0","23029","0"
"York","7","316","Maine","5/20/20","269","47","23031","17.47"
"Allegany","2","166","Maryland","5/20/20","149","17","24001","11.41"
"Anne Arundel","62","3033","Maryland","5/20/20","2596","437","24003","16.83"
"Baltimore","124","5025","Maryland","5/20/20","4160","865","24005","20.79"
"Baltimore City","97","4152","Maryland","5/20/20","3476","676","24510","19.45"
"Calvert","6","259","Maryland","5/20/20","214","45","24009","21.03"
"Caroline","5","210","Maryland","5/20/20","177","33","24011","18.64"
"Carroll","18","720","Maryland","5/20/20","595","125","24013","21.01"
"Cecil","8","328","Maryland","5/20/20","271","57","24015","21.03"
"Charles","20","921","Maryland","5/20/20","778","143","24017","18.38"
"Dorchester","3","122","Maryland","5/20/20","102","20","24019","19.61"
"Frederick","33","1533","Maryland","5/20/20","1302","231","24021","17.74"
"Garrett","0","7","Maryland","5/20/20","6","1","24023","16.67"
"Harford","13","721","Maryland","5/20/20","629","92","24025","14.63"
"Howard","34","1494","Maryland","5/20/20","1258","236","24027","18.76"
"Kent","3","145","Maryland","5/20/20","123","22","24029","17.89"
"Montgomery","253","9052","Maryland","5/20/20","7283","1769","24031","24.29"
"Prince George's","339","12446","Maryland","5/20/20","10072","2374","24033","23.57"
"Queen Anne's","4","135","Maryland","5/20/20","104","31","24035","29.81"
"Somerset","2","64","Maryland","5/20/20","51","13","24039","25.49"
"St. Mary's","12","340","Maryland","5/20/20","254","86","24037","33.86"
"Talbot","1","69","Maryland","5/20/20","62","7","24041","11.29"
"Washington","11","364","Maryland","5/20/20","287","77","24043","26.83"
"Wicomico","16","848","Maryland","5/20/20","738","110","24045","14.91"
"Worcester","6","169","Maryland","5/20/20","125","44","24047","35.2"
"Barnstable","14","1275","Massachusetts","5/20/20","1178","97","25001","8.23"
"Berkshire","3","518","Massachusetts","5/20/20","498","20","25003","4.02"
"Bristol","133","6295","Massachusetts","5/20/20","5361","934","25005","17.42"
"Dukes and Nantucket","1","48","Massachusetts","5/20/20","42","6","00000","14.29"
"Essex","185","13252","Massachusetts","5/20/20","11955","1297","25009","10.85"
"Franklin","1","320","Massachusetts","5/20/20","312","8","25011","2.56"
"Hampden","78","5523","Massachusetts","5/20/20","4978","545","25013","10.95"
"Hampshire","12","817","Massachusetts","5/20/20","731","86","25015","11.76"
"Middlesex","236","20331","Massachusetts","5/20/20","18680","1651","25017","8.84"
"Norfolk","79","8011","Massachusetts","5/20/20","7457","554","25021","7.43"
"Plymouth","104","7542","Massachusetts","5/20/20","6811","731","25023","10.73"
"Suffolk","210","17434","Massachusetts","5/20/20","15964","1470","25025","9.21"
"Worcester","224","9958","Massachusetts","5/20/20","8391","1567","25027","18.67"
"Alcona","1","11","Michigan","5/20/20","7","4","26001","57.14"
"Allegan","4","224","Michigan","5/20/20","194","30","26005","15.46"
"Alpena","0","98","Michigan","5/20/20","95","3","26007","3.16"
"Antrim","0","12","Michigan","5/20/20","11","1","26009","9.09"
"Arenac","1","36","Michigan","5/20/20","32","4","26011","12.5"
"Baraga","0","1","Michigan","5/20/20","1","0","26013","0"
"Barry","1","73","Michigan","5/20/20","67","6","26015","8.96"
"Bay","6","291","Michigan","5/20/20","248","43","26017","17.34"
"Benzie","0","4","Michigan","5/20/20","4","0","26019","0"
"Berrien","19","677","Michigan","5/20/20","545","132","26021","24.22"
"Branch","2","105","Michigan","5/20/20","90","15","26023","16.67"
"Calhoun","6","356","Michigan","5/20/20","313","43","26025","13.74"
"Cass","3","77","Michigan","5/20/20","55","22","26027","40"
"Charlevoix","0","17","Michigan","5/20/20","14","3","26029","21.43"
"Cheboygan","0","26","Michigan","5/20/20","24","2","26031","8.33"
"Chippewa","0","3","Michigan","5/20/20","3","0","26033","0"
"Clare","1","18","Michigan","5/20/20","12","6","26035","50"
"Clinton","2","160","Michigan","5/20/20","146","14","26037","9.59"
"Crawford","0","62","Michigan","5/20/20","61","1","26039","1.64"
"Delta","0","19","Michigan","5/20/20","16","3","26041","18.75"
"Dickinson","0","5","Michigan","5/20/20","5","0","26043","0"
"Eaton","3","207","Michigan","5/20/20","184","23","26045","12.5"
"Emmet","0","25","Michigan","5/20/20","25","0","26047","0"
"Federal Correctional Institution (FCI)","1","122","Michigan","5/20/20","114","8","00000","7.02"
"Genesee","34","2286","Michigan","5/20/20","2046","240","26049","11.73"
"Gladwin","0","17","Michigan","5/20/20","18","-1","26051","-5.56"
"Gogebic","0","5","Michigan","5/20/20","4","1","26053","25"
"Grand Traverse","0","24","Michigan","5/20/20","22","2","26055","9.09"
"Gratiot","4","65","Michigan","5/20/20","39","26","26057","66.67"
"Hillsdale","2","173","Michigan","5/20/20","156","17","26059","10.9"
"Houghton","0","2","Michigan","5/20/20","2","0","26061","0"
"Huron","1","49","Michigan","5/20/20","43","6","26063","13.95"
"Ingham","9","700","Michigan","5/20/20","637","63","26065","9.89"
"Ionia","2","138","Michigan","5/20/20","121","17","26067","14.05"
"Iosco","3","86","Michigan","5/20/20","68","18","26069","26.47"
"Isabella","1","80","Michigan","5/20/20","76","4","26073","5.26"
"Jackson","2","442","Michigan","5/20/20","426","16","26075","3.76"
"Kalamazoo","16","793","Michigan","5/20/20","683","110","26077","16.11"
"Kalkaska","0","29","Michigan","5/20/20","28","1","26079","3.57"
"Kent","88","3242","Michigan","5/20/20","2627","615","26081","23.41"
"Lake","0","4","Michigan","5/20/20","3","1","26085","33.33"
"Lapeer","2","201","Michigan","5/20/20","188","13","26087","6.91"
"Leelanau","0","11","Michigan","5/20/20","9","2","26089","22.22"
"Lenawee","2","173","Michigan","5/20/20","161","12","26091","7.45"
"Livingston","2","468","Michigan","5/20/20","453","15","26093","3.31"
"Luce","0","2","Michigan","5/20/20","1","1","26095","100"
"Mackinac","0","6","Michigan","5/20/20","6","0","26097","0"
"Macomb","41","6511","Michigan","5/20/20","6227","284","26099","4.56"
"Manistee","0","12","Michigan","5/20/20","12","0","26101","0"
"Marquette","0","52","Michigan","5/20/20","51","1","26103","1.96"
"Mason","1","34","Michigan","5/20/20","26","8","26105","30.77"
"Mecosta","0","22","Michigan","5/20/20","19","3","26107","15.79"
"Menominee","0","8","Michigan","5/20/20","6","2","26109","33.33"
"Michigan Department of Corrections (MDOC)","153","3298","Michigan","5/20/20","2230","1068","00000","47.89"
"Midland","2","111","Michigan","5/20/20","100","11","26111","11"
"Missaukee","0","22","Michigan","5/20/20","22","0","26113","0"
"Monroe","6","478","Michigan","5/20/20","435","43","26115","9.89"
"Montcalm","1","65","Michigan","5/20/20","55","10","26117","18.18"
"Montmorency","0","5","Michigan","5/20/20","5","0","26119","0"
"Muskegon","18","533","Michigan","5/20/20","408","125","26121","30.64"
"Newaygo","4","68","Michigan","5/20/20","40","28","26123","70"
"Oakland","112","9908","Michigan","5/20/20","9121","787","26125","8.63"
"Oceana","4","74","Michigan","5/20/20","46","28","26127","60.87"
"Ogemaw","1","27","Michigan","5/20/20","20","7","26129","35"
"Osceola","0","13","Michigan","5/20/20","11","2","26133","18.18"
"Oscoda","0","9","Michigan","5/20/20","8","1","26135","12.5"
"Otsego","0","117","Michigan","5/20/20","116","1","26137","0.86"
"Ottawa","26","677","Michigan","5/20/20","497","180","26139","36.22"
"Out of MI","-9","21","Michigan","5/20/20","84","-63","80026","-75"
"Presque Isle","0","11","Michigan","5/20/20","11","0","26141","0"
"Roscommon","0","23","Michigan","5/20/20","22","1","26143","4.55"
"Saginaw","16","977","Michigan","5/20/20","866","111","26145","12.82"
"Sanilac","0","40","Michigan","5/20/20","39","1","26151","2.56"
"Schoolcraft","0","4","Michigan","5/20/20","4","0","26153","0"
"Shiawassee","5","264","Michigan","5/20/20","230","34","26155","14.78"
"St. Clair","7","480","Michigan","5/20/20","431","49","26147","11.37"
"St. Joseph","2","95","Michigan","5/20/20","78","17","26149","21.79"
"Tuscola","2","177","Michigan","5/20/20","164","13","26157","7.93"
"Van Buren","3","137","Michigan","5/20/20","113","24","26159","21.24"
"Washtenaw","9","1406","Michigan","5/20/20","1346","60","26161","4.46"
"Wayne","162","20002","Michigan","5/20/20","18870","1132","26163","6"
"Wexford","0","13","Michigan","5/20/20","13","0","26165","0"
"Aitkin","0","4","Minnesota","5/20/20","2","2","27001","100"
"Anoka","45","955","Minnesota","5/20/20","640","315","27003","49.22"
"Becker","1","32","Minnesota","5/20/20","28","4","27005","14.29"
"Beltrami","0","9","Minnesota","5/20/20","6","3","27007","50"
"Benton","7","148","Minnesota","5/20/20","102","46","27009","45.1"
"Big Stone","0","3","Minnesota","5/20/20","2","1","27011","50"
"Blue Earth","4","98","Minnesota","5/20/20","69","29","27013","42.03"
"Brown","0","10","Minnesota","5/20/20","10","0","27015","0"
"Carlton","1","70","Minnesota","5/20/20","65","5","27017","7.69"
"Carver","5","131","Minnesota","5/20/20","99","32","27019","32.32"
"Cass","0","11","Minnesota","5/20/20","8","3","27021","37.5"
"Chippewa","1","36","Minnesota","5/20/20","26","10","27023","38.46"
"Chisago","2","38","Minnesota","5/20/20","25","13","27025","52"
"Clay","10","328","Minnesota","5/20/20","256","72","27027","28.12"
"Clearwater","0","2","Minnesota","5/20/20","2","0","27029","0"
"Cottonwood","2","59","Minnesota","5/20/20","47","12","27033","25.53"
"Crow Wing","2","38","Minnesota","5/20/20","23","15","27035","65.22"
"Dakota","52","885","Minnesota","5/20/20","524","361","27037","68.89"
"Dodge","2","40","Minnesota","5/20/20","26","14","27039","53.85"
"Douglas","1","24","Minnesota","5/20/20","17","7","27041","41.18"
"Faribault","0","10","Minnesota","5/20/20","8","2","27043","25"
"Fillmore","0","17","Minnesota","5/20/20","14","3","27045","21.43"
"Freeborn","3","67","Minnesota","5/20/20","47","20","27047","42.55"
"Goodhue","2","38","Minnesota","5/20/20","27","11","27049","40.74"
"Grant","0","2","Minnesota","5/20/20","2","0","27051","0"
"Hennepin","236","5838","Minnesota","5/20/20","4183","1655","27053","39.56"
"Houston","0","2","Minnesota","5/20/20","2","0","27055","0"
"Isanti","1","20","Minnesota","5/20/20","10","10","27059","100"
"Itasca","1","50","Minnesota","5/20/20","40","10","27061","25"
"Jackson","0","36","Minnesota","5/20/20","33","3","27063","9.09"
"Kanabec","0","9","Minnesota","5/20/20","11","-2","27065","-18.18"
"Kandiyohi","6","426","Minnesota","5/20/20","383","43","27067","11.23"
"Kittson","0","1","Minnesota","5/20/20","1","0","27069","0"
"Koochiching","0","5","Minnesota","5/20/20","2","3","27071","150"
"Lac qui Parle","0","3","Minnesota","5/20/20","2","1","27073","50"
"Lake","0","1","Minnesota","5/20/20","1","0","27075","0"
"Le Sueur","1","36","Minnesota","5/20/20","31","5","27079","16.13"
"Lincoln","0","4","Minnesota","5/20/20","4","0","27081","0"
"Lyon","1","26","Minnesota","5/20/20","22","4","27083","18.18"
"Mahnomen","0","5","Minnesota","5/20/20","3","2","27087","66.67"
"Marshall","0","8","Minnesota","5/20/20","8","0","27089","0"
"Martin","1","123","Minnesota","5/20/20","113","10","27091","8.85"
"McLeod","1","19","Minnesota","5/20/20","15","4","27085","26.67"
"Meeker","2","40","Minnesota","5/20/20","23","17","27093","73.91"
"Mille Lacs","1","15","Minnesota","5/20/20","7","8","27095","114.29"
"Morrison","2","31","Minnesota","5/20/20","18","13","27097","72.22"
"Mower","4","78","Minnesota","5/20/20","48","30","27099","62.5"
"Murray","0","33","Minnesota","5/20/20","30","3","27101","10"
"Nicollet","3","44","Minnesota","5/20/20","23","21","27103","91.3"
"Nobles","15","1396","Minnesota","5/20/20","1290","106","27105","8.22"
"Norman","0","11","Minnesota","5/20/20","11","0","27107","0"
"Olmsted","15","488","Minnesota","5/20/20","385","103","27109","26.75"
"Otter Tail","3","51","Minnesota","5/20/20","27","24","27111","88.89"
"Pennington","0","3","Minnesota","5/20/20","1","2","27113","200"
"Pine","1","83","Minnesota","5/20/20","73","10","27115","13.7"
"Pipestone","0","10","Minnesota","5/20/20","8","2","27117","25"
"Polk","0","57","Minnesota","5/20/20","55","2","27119","3.64"
"Pope","0","6","Minnesota","5/20/20","5","1","27121","20"
"Ramsey","103","1846","Minnesota","5/20/20","1124","722","27123","64.23"
"Red Lake","0","3","Minnesota","5/20/20","2","1","27125","50"
"Redwood","0","3","Minnesota","5/20/20","3","0","27127","0"
"Renville","0","5","Minnesota","5/20/20","6","-1","27129","-16.67"
"Rice","20","295","Minnesota","5/20/20","153","142","27131","92.81"
"Rock","0","20","Minnesota","5/20/20","19","1","27133","5.26"
"Roseau","0","1","Minnesota","5/20/20","1","0","27135","0"
"Scott","16","291","Minnesota","5/20/20","177","114","27139","64.41"
"Sherburne","7","178","Minnesota","5/20/20","126","52","27141","41.27"
"Sibley","1","11","Minnesota","5/20/20","4","7","27143","175"
"St. Louis","2","110","Minnesota","5/20/20","99","11","27137","11.11"
"Stearns","39","1831","Minnesota","5/20/20","1558","273","27145","17.52"
"Steele","6","116","Minnesota","5/20/20","77","39","27147","50.65"
"Stevens","0","0","Minnesota","5/20/20","1","-1","27149","-100"
"Swift","0","13","Minnesota","5/20/20","10","3","27151","30"
"Todd","9","110","Minnesota","5/20/20","44","66","27153","150"
"Traverse","0","3","Minnesota","5/20/20","3","0","27155","0"
"Wabasha","0","16","Minnesota","5/20/20","15","1","27157","6.67"
"Wadena","0","6","Minnesota","5/20/20","4","2","27159","50"
"Waseca","1","22","Minnesota","5/20/20","18","4","27161","22.22"
"Washington","20","414","Minnesota","5/20/20","274","140","27163","51.09"
"Watonwan","2","42","Minnesota","5/20/20","30","12","27165","40"
"Wilkin","0","11","Minnesota","5/20/20","11","0","27167","0"
"Winona","0","75","Minnesota","5/20/20","72","3","27169","4.17"
"Wright","11","198","Minnesota","5/20/20","124","74","27171","59.68"
"Yellow Medicine","0","5","Minnesota","5/20/20","3","2","27173","66.67"
"Adams","2","178","Mississippi","5/20/20","163","15","28001","9.2"
"Alcorn","0","12","Mississippi","5/20/20","11","1","28003","9.09"
"Amite","1","48","Mississippi","5/20/20","38","10","28005","26.32"
"Attala","8","259","Mississippi","5/20/20","206","53","28007","25.73"
"Benton","0","13","Mississippi","5/20/20","14","-1","28009","-7.14"
"Bolivar","2","132","Mississippi","5/20/20","120","12","28011","10"
"Calhoun","0","59","Mississippi","5/20/20","58","1","28013","1.72"
"Carroll","1","111","Mississippi","5/20/20","105","6","28015","5.71"
"Chickasaw","3","117","Mississippi","5/20/20","95","22","28017","23.16"
"Choctaw","1","24","Mississippi","5/20/20","17","7","28019","41.18"
"Claiborne","1","51","Mississippi","5/20/20","41","10","28021","24.39"
"Clarke","4","120","Mississippi","5/20/20","90","30","28023","33.33"
"Clay","2","86","Mississippi","5/20/20","72","14","28025","19.44"
"Coahoma","2","86","Mississippi","5/20/20","72","14","28027","19.44"
"Copiah","6","211","Mississippi","5/20/20","170","41","28029","24.12"
"Covington","3","117","Mississippi","5/20/20","99","18","28031","18.18"
"DeSoto","10","418","Mississippi","5/20/20","350","68","28033","19.43"
"Forrest","15","438","Mississippi","5/20/20","336","102","28035","30.36"
"Franklin","0","22","Mississippi","5/20/20","19","3","28037","15.79"
"George","0","19","Mississippi","5/20/20","16","3","28039","18.75"
"Greene","0","7","Mississippi","5/20/20","6","1","28041","16.67"
"Grenada","1","63","Mississippi","5/20/20","55","8","28043","14.55"
"Hancock","1","81","Mississippi","5/20/20","75","6","28045","8"
"Harrison","1","220","Mississippi","5/20/20","210","10","28047","4.76"
"Hinds","15","800","Mississippi","5/20/20","698","102","28049","14.61"
"Holmes","13","320","Mississippi","5/20/20","231","89","28051","38.53"
"Humphreys","1","49","Mississippi","5/20/20","39","10","28053","25.64"
"Itawamba","1","81","Mississippi","5/20/20","71","10","28057","14.08"
"Jackson","1","288","Mississippi","5/20/20","278","10","28059","3.6"
"Jasper","4","123","Mississippi","5/20/20","97","26","28061","26.8"
"Jefferson","1","38","Mississippi","5/20/20","32","6","28063","18.75"
"Jefferson Davis","1","69","Mississippi","5/20/20","60","9","28065","15"
"Jones","15","366","Mississippi","5/20/20","264","102","28067","38.64"
"Kemper","2","110","Mississippi","5/20/20","99","11","28069","11.11"
"Lafayette","1","110","Mississippi","5/20/20","102","8","28071","7.84"
"Lamar","7","205","Mississippi","5/20/20","158","47","28073","29.75"
"Lauderdale","13","616","Mississippi","5/20/20","523","93","28075","17.78"
"Lawrence","1","80","Mississippi","5/20/20","71","9","28077","12.68"
"Leake","6","367","Mississippi","5/20/20","323","44","28079","13.62"
"Lee","2","95","Mississippi","5/20/20","81","14","28081","17.28"
"Leflore","2","205","Mississippi","5/20/20","192","13","28083","6.77"
"Lincoln","4","222","Mississippi","5/20/20","191","31","28085","16.23"
"Lowndes","6","135","Mississippi","5/20/20","93","42","28087","45.16"
"Madison","11","573","Mississippi","5/20/20","493","80","28089","16.23"
"Marion","2","97","Mississippi","5/20/20","86","11","28091","12.79"
"Marshall","1","68","Mississippi","5/20/20","62","6","28093","9.68"
"Monroe","3","226","Mississippi","5/20/20","203","23","28095","11.33"
"Montgomery","1","75","Mississippi","5/20/20","69","6","28097","8.7"
"Neshoba","16","452","Mississippi","5/20/20","338","114","28099","33.73"
"Newton","7","206","Mississippi","5/20/20","155","51","28101","32.9"
"Noxubee","4","145","Mississippi","5/20/20","117","28","28103","23.93"
"Oktibbeha","2","110","Mississippi","5/20/20","94","16","28105","17.02"
"Panola","1","54","Mississippi","5/20/20","45","9","28107","20"
"Pearl River","1","197","Mississippi","5/20/20","190","7","28109","3.68"
"Perry","0","38","Mississippi","5/20/20","35","3","28111","8.57"
"Pike","2","186","Mississippi","5/20/20","173","13","28113","7.51"
"Pontotoc","0","26","Mississippi","5/20/20","24","2","28115","8.33"
"Prentiss","0","36","Mississippi","5/20/20","36","0","28117","0"
"Quitman","0","21","Mississippi","5/20/20","18","3","28119","16.67"
"Rankin","7","310","Mississippi","5/20/20","262","48","28121","18.32"
"Scott","12","567","Mississippi","5/20/20","483","84","28123","17.39"
"Sharkey","0","7","Mississippi","5/20/20","5","2","28125","40"
"Simpson","2","79","Mississippi","5/20/20","65","14","28127","21.54"
"Smith","2","121","Mississippi","5/20/20","107","14","28129","13.08"
"Stone","0","26","Mississippi","5/20/20","23","3","28131","13.04"
"Sunflower","1","70","Mississippi","5/20/20","64","6","28133","9.38"
"Tallahatchie","1","21","Mississippi","5/20/20","14","7","28135","50"
"Tate","0","56","Mississippi","5/20/20","54","2","28137","3.7"
"Tippah","0","69","Mississippi","5/20/20","66","3","28139","4.55"
"Tishomingo","2","21","Mississippi","5/20/20","10","11","28141","110"
"Tunica","1","45","Mississippi","5/20/20","40","5","28143","12.5"
"Union","1","65","Mississippi","5/20/20","55","10","28145","18.18"
"Walthall","1","46","Mississippi","5/20/20","42","4","28147","9.52"
"Warren","2","136","Mississippi","5/20/20","123","13","28149","10.57"
"Washington","7","139","Mississippi","5/20/20","87","52","28151","59.77"
"Wayne","3","51","Mississippi","5/20/20","29","22","28153","75.86"
"Webster","0","22","Mississippi","5/20/20","22","0","28155","0"
"Wilkinson","0","80","Mississippi","5/20/20","78","2","28157","2.56"
"Winston","3","86","Mississippi","5/20/20","67","19","28159","28.36"
"Yalobusha","4","75","Mississippi","5/20/20","44","31","28161","70.45"
"Yazoo","3","194","Mississippi","5/20/20","171","23","28163","13.45"
"Adair","3","34","Missouri","5/20/20","12","22","29001","183.33"
"Andrew","1","20","Missouri","5/20/20","11","9","29003","81.82"
"Atchison","0","3","Missouri","5/20/20","2","1","29005","50"
"Audrain","2","18","Missouri","5/20/20","2","16","29007","800"
"Barry","0","6","Missouri","5/20/20","6","0","29009","0"
"Bates","0","7","Missouri","5/20/20","6","1","29013","16.67"
"Benton","0","9","Missouri","5/20/20","8","1","29015","12.5"
"Bollinger","0","4","Missouri","5/20/20","4","0","29017","0"
"Boone","1","106","Missouri","5/20/20","100","6","29019","6"
"Buchanan","12","562","Missouri","5/20/20","476","86","29021","18.07"
"Butler","1","34","Missouri","5/20/20","27","7","29023","25.93"
"Caldwell","0","5","Missouri","5/20/20","3","2","29025","66.67"
"Callaway","0","23","Missouri","5/20/20","23","0","29027","0"
"Camden","0","36","Missouri","5/20/20","36","0","29029","0"
"Cape Girardeau","0","55","Missouri","5/20/20","52","3","29031","5.77"
"Carroll","0","7","Missouri","5/20/20","4","3","29033","75"
"Carter","0","4","Missouri","5/20/20","3","1","29035","33.33"
"Cass","1","74","Missouri","5/20/20","69","5","29037","7.25"
"Cedar","0","9","Missouri","5/20/20","9","0","29039","0"
"Chariton","0","6","Missouri","5/20/20","6","0","29041","0"
"Christian","0","21","Missouri","5/20/20","21","0","29043","0"
"Clark","0","1","Missouri","5/20/20","1","0","29045","0"
"Clay","3","125","Missouri","5/20/20","102","23","29047","22.55"
"Clinton","1","18","Missouri","5/20/20","14","4","29049","28.57"
"Cole","0","56","Missouri","5/20/20","56","0","29051","0"
"Cooper","0","9","Missouri","5/20/20","9","0","29053","0"
"Crawford","0","9","Missouri","5/20/20","8","1","29055","12.5"
"Dallas","0","3","Missouri","5/20/20","2","1","29059","50"
"Daviess","0","3","Missouri","5/20/20","3","0","29061","0"
"DeKalb","0","5","Missouri","5/20/20","4","1","29063","25"
"Dunklin","0","26","Missouri","5/20/20","24","2","29069","8.33"
"Franklin","0","136","Missouri","5/20/20","133","3","29071","2.26"
"Gasconade","0","2","Missouri","5/20/20","2","0","29073","0"
"Gentry","0","4","Missouri","5/20/20","1","3","29075","300"
"Greene","1","111","Missouri","5/20/20","104","7","29077","6.73"
"Harrison","0","8","Missouri","5/20/20","7","1","29081","14.29"
"Henry","0","9","Missouri","5/20/20","9","0","29083","0"
"Holt","0","1","Missouri","5/20/20","1","0","29087","0"
"Howard","0","3","Missouri","5/20/20","3","0","29089","0"
"Howell","0","5","Missouri","5/20/20","5","0","29091","0"
"Iron","0","2","Missouri","5/20/20","2","0","29093","0"
"Jackson","8","457","Missouri","5/20/20","401","56","29095","13.97"
"Jasper","0","29","Missouri","5/20/20","29","0","29097","0"
"Jefferson","2","331","Missouri","5/20/20","314","17","29099","5.41"
"Johnson","1","72","Missouri","5/20/20","65","7","29101","10.77"
"Kansas City","17","924","Missouri","5/20/20","808","116","00000","14.36"
"Laclede","0","3","Missouri","5/20/20","3","0","29105","0"
"Lafayette","1","69","Missouri","5/20/20","65","4","29107","6.15"
"Lawrence","0","8","Missouri","5/20/20","7","1","29109","14.29"
"Lewis","0","7","Missouri","5/20/20","6","1","29111","16.67"
"Lincoln","0","105","Missouri","5/20/20","103","2","29113","1.94"
"Linn","0","5","Missouri","5/20/20","5","0","29115","0"
"Livingston","0","3","Missouri","5/20/20","3","0","29117","0"
"Macon","0","2","Missouri","5/20/20","2","0","29121","0"
"Madison","0","3","Missouri","5/20/20","3","0","29123","0"
"Maries","0","2","Missouri","5/20/20","2","0","29125","0"
"Marion","0","5","Missouri","5/20/20","5","0","29127","0"
"McDonald","1","14","Missouri","5/20/20","5","9","29119","180"
"Miller","0","4","Missouri","5/20/20","4","0","29131","0"
"Mississippi","0","49","Missouri","5/20/20","49","0","29133","0"
"Moniteau","0","44","Missouri","5/20/20","44","0","29135","0"
"Montgomery","0","7","Missouri","5/20/20","7","0","29139","0"
"Morgan","0","8","Missouri","5/20/20","7","1","29141","14.29"
"New Madrid","0","14","Missouri","5/20/20","13","1","29143","7.69"
"Newton","1","16","Missouri","5/20/20","12","4","29145","33.33"
"Nodaway","0","8","Missouri","5/20/20","5","3","29147","60"
"Oregon","0","2","Missouri","5/20/20","2","0","29149","0"
"Osage","0","5","Missouri","5/20/20","5","0","29151","0"
"Pemiscot","0","70","Missouri","5/20/20","67","3","29155","4.48"
"Perry","0","47","Missouri","5/20/20","46","1","29157","2.17"
"Pettis","0","70","Missouri","5/20/20","69","1","29159","1.45"
"Phelps","0","3","Missouri","5/20/20","2","1","29161","50"
"Pike","0","14","Missouri","5/20/20","13","1","29163","7.69"
"Platte","1","60","Missouri","5/20/20","50","10","29165","20"
"Polk","0","2","Missouri","5/20/20","1","1","29167","100"
"Pulaski","0","33","Missouri","5/20/20","36","-3","29169","-8.33"
"Ralls","0","2","Missouri","5/20/20","2","0","29173","0"
"Randolph","0","8","Missouri","5/20/20","8","0","29175","0"
"Ray","0","14","Missouri","5/20/20","12","2","29177","16.67"
"Reynolds","0","2","Missouri","5/20/20","2","0","29179","0"
"Ripley","0","7","Missouri","5/20/20","5","2","29181","40"
"Saline","4","257","Missouri","5/20/20","227","30","29195","13.22"
"Scotland","0","4","Missouri","5/20/20","4","0","29199","0"
"Scott","1","88","Missouri","5/20/20","83","5","29201","6.02"
"Shelby","0","1","Missouri","5/20/20","1","0","29205","0"
"St. Charles","5","712","Missouri","5/20/20","680","32","29183","4.71"
"St. Clair","0","3","Missouri","5/20/20","2","1","29185","50"
"St. Francois","0","33","Missouri","5/20/20","33","0","29187","0"
"St. Louis","53","4509","Missouri","5/20/20","4137","372","29189","8.99"
"St. Louis City","21","1717","Missouri","5/20/20","1571","146","29510","9.29"
"Ste. Genevieve","0","8","Missouri","5/20/20","8","0","29186","0"
"Stoddard","4","61","Missouri","5/20/20","30","31","29207","103.33"
"Stone","0","4","Missouri","5/20/20","3","1","29209","33.33"
"Sullivan","5","37","Missouri","5/20/20","3","34","29211","1133.33"
"Taney","0","12","Missouri","5/20/20","12","0","29213","0"
"Vernon","0","6","Missouri","5/20/20","4","2","29217","50"
"Warren","0","28","Missouri","5/20/20","28","0","29219","0"
"Washington","0","9","Missouri","5/20/20","9","0","29221","0"
"Webster","0","17","Missouri","5/20/20","16","1","29225","6.25"
"Worth","0","3","Missouri","5/20/20","1","2","29227","200"
"Wright","0","11","Missouri","5/20/20","10","1","29229","10"
"Beaverhead","0","1","Montana","5/20/20","1","0","30001","0"
"Big Horn","1","8","Montana","5/20/20","4","4","30003","100"
"Broadwater","0","4","Montana","5/20/20","4","0","30007","0"
"Carbon","0","6","Montana","5/20/20","6","0","30009","0"
"Cascade","0","17","Montana","5/20/20","17","0","30013","0"
"Deer Lodge","0","3","Montana","5/20/20","3","0","30023","0"
"Flathead","0","37","Montana","5/20/20","37","0","30029","0"
"Gallatin","0","149","Montana","5/20/20","149","0","30031","0"
"Glacier","0","6","Montana","5/20/20","6","0","30035","0"
"Golden Valley","0","3","Montana","5/20/20","3","0","30037","0"
"Hill","0","1","Montana","5/20/20","1","0","30041","0"
"Jefferson","0","3","Montana","5/20/20","3","0","30043","0"
"Lake","0","5","Montana","5/20/20","5","0","30047","0"
"Lewis and Clark","0","16","Montana","5/20/20","16","0","30049","0"
"Liberty","0","1","Montana","5/20/20","1","0","30051","0"
"Lincoln","0","7","Montana","5/20/20","7","0","30053","0"
"Madison","0","8","Montana","5/20/20","8","0","30057","0"
"Meagher","0","1","Montana","5/20/20","1","0","30059","0"
"Missoula","0","39","Montana","5/20/20","39","0","30063","0"
"Musselshell","0","1","Montana","5/20/20","1","0","30065","0"
"Park","0","8","Montana","5/20/20","8","0","30067","0"
"Pondera","0","2","Montana","5/20/20","2","0","30073","0"
"Ravalli","1","13","Montana","5/20/20","5","8","30081","160"
"Richland","0","3","Montana","5/20/20","3","0","30083","0"
"Roosevelt","0","7","Montana","5/20/20","7","0","30085","0"
"Silver Bow","0","11","Montana","5/20/20","11","0","30093","0"
"Stillwater","0","1","Montana","5/20/20","1","0","30095","0"
"Toole","0","29","Montana","5/20/20","29","0","30101","0"
"Wheatland","0","1","Montana","5/20/20","1","0","30107","0"
"Yellowstone","1","87","Montana","5/20/20","83","4","30111","4.82"
"Adams","3","256","Nebraska","5/20/20","236","20","31001","8.47"
"Antelope","0","7","Nebraska","5/20/20","5","2","31003","40"
"Boone","0","3","Nebraska","5/20/20","2","1","31011","50"
"Box Butte","0","1","Nebraska","5/20/20","1","0","31013","0"
"Buffalo","1","136","Nebraska","5/20/20","128","8","31019","6.25"
"Burt","0","5","Nebraska","5/20/20","5","0","31021","0"
"Butler","2","37","Nebraska","5/20/20","23","14","31023","60.87"
"Cass","2","26","Nebraska","5/20/20","15","11","31025","73.33"
"Cedar","0","6","Nebraska","5/20/20","6","0","31027","0"
"Cherry","0","1","Nebraska","5/20/20","1","0","31031","0"
"Cheyenne","0","9","Nebraska","5/20/20","8","1","31033","12.5"
"Clay","1","19","Nebraska","5/20/20","13","6","31035","46.15"
"Colfax","16","559","Nebraska","5/20/20","446","113","31037","25.34"
"Cuming","0","18","Nebraska","5/20/20","15","3","31039","20"
"Custer","0","28","Nebraska","5/20/20","29","-1","31041","-3.45"
"Dakota","14","1475","Nebraska","5/20/20","1376","99","31043","7.19"
"Dawes","0","1","Nebraska","5/20/20","1","0","31045","0"
"Dawson","8","812","Nebraska","5/20/20","753","59","31047","7.84"
"Dixon","0","27","Nebraska","5/20/20","25","2","31051","8"
"Dodge","11","282","Nebraska","5/20/20","202","80","31053","39.6"
"Douglas","130","2692","Nebraska","5/20/20","1779","913","31055","51.32"
"Fillmore","0","5","Nebraska","5/20/20","3","2","31059","66.67"
"Franklin","0","5","Nebraska","5/20/20","5","0","31061","0"
"Frontier","0","1","Nebraska","5/20/20","1","0","31063","0"
"Furnas","0","6","Nebraska","5/20/20","4","2","31065","50"
"Gage","0","43","Nebraska","5/20/20","41","2","31067","4.88"
"Gosper","0","13","Nebraska","5/20/20","13","0","31073","0"
"Greeley","0","2","Nebraska","5/20/20","2","0","31077","0"
"Hall","9","1441","Nebraska","5/20/20","1377","64","31079","4.65"
"Hamilton","1","52","Nebraska","5/20/20","47","5","31081","10.64"
"Hitchcock","0","1","Nebraska","5/20/20","1","0","31087","0"
"Holt","0","1","Nebraska","5/20/20","1","0","31089","0"
"Howard","1","38","Nebraska","5/20/20","28","10","31093","35.71"
"Jefferson","0","6","Nebraska","5/20/20","6","0","31095","0"
"Johnson","0","7","Nebraska","5/20/20","5","2","31097","40"
"Kearney","0","11","Nebraska","5/20/20","9","2","31099","22.22"
"Keith","0","2","Nebraska","5/20/20","2","0","31101","0"
"Keya Paha","0","3","Nebraska","5/20/20","0","3","31103","1"
"Kimball","0","8","Nebraska","5/20/20","9","-1","31105","-11.11"
"Knox","0","8","Nebraska","5/20/20","6","2","31107","33.33"
"Lancaster","35","934","Nebraska","5/20/20","687","247","31109","35.95"
"Lincoln","1","46","Nebraska","5/20/20","40","6","31111","15"
"Madison","4","289","Nebraska","5/20/20","264","25","31119","9.47"
"Merrick","1","30","Nebraska","5/20/20","26","4","31121","15.38"
"Morrill","0","10","Nebraska","5/20/20","9","1","31123","11.11"
"Nance","0","4","Nebraska","5/20/20","4","0","31125","0"
"Nemaha","0","3","Nebraska","5/20/20","2","1","31127","50"
"Nuckolls","0","1","Nebraska","5/20/20","0","1","31129","1"
"Otoe","0","6","Nebraska","5/20/20","4","2","31131","50"
"Phelps","1","16","Nebraska","5/20/20","11","5","31137","45.45"
"Pierce","0","1","Nebraska","5/20/20","1","0","31139","0"
"Platte","16","505","Nebraska","5/20/20","390","115","31141","29.49"
"Polk","0","9","Nebraska","5/20/20","9","0","31143","0"
"Red Willow","0","5","Nebraska","5/20/20","5","0","31145","0"
"Richardson","0","1","Nebraska","5/20/20","1","0","31147","0"
"Saline","8","448","Nebraska","5/20/20","392","56","31151","14.29"
"Sarpy","16","382","Nebraska","5/20/20","272","110","31153","40.44"
"Saunders","1","22","Nebraska","5/20/20","12","10","31155","83.33"
"Scotts Bluff","1","55","Nebraska","5/20/20","47","8","31157","17.02"
"Seward","1","26","Nebraska","5/20/20","18","8","31159","44.44"
"Sherman","0","2","Nebraska","5/20/20","3","-1","31163","-33.33"
"Stanton","1","15","Nebraska","5/20/20","8","7","31167","87.5"
"Thomas","0","1","Nebraska","5/20/20","1","0","31171","0"
"Thurston","0","20","Nebraska","5/20/20","19","1","31173","5.26"
"Valley","0","3","Nebraska","5/20/20","2","1","31175","50"
"Washington","0","26","Nebraska","5/20/20","23","3","31177","13.04"
"Wayne","0","4","Nebraska","5/20/20","3","1","31179","33.33"
"Webster","0","5","Nebraska","5/20/20","5","0","31181","0"
"York","1","30","Nebraska","5/20/20","25","5","31185","20"
"Carson City","3","77","Nevada","5/20/20","58","19","32510","32.76"
"Churchill","0","6","Nevada","5/20/20","5","1","32001","20"
"Clark","86","5650","Nevada","5/20/20","5045","605","32003","11.99"
"Douglas","0","26","Nevada","5/20/20","24","2","32005","8.33"
"Elko","0","21","Nevada","5/20/20","18","3","32007","16.67"
"Humboldt","1","76","Nevada","5/20/20","71","5","32013","7.04"
"Lander","0","19","Nevada","5/20/20","19","0","32015","0"
"Lincoln","0","2","Nevada","5/20/20","2","0","32017","0"
"Lyon","0","49","Nevada","5/20/20","46","3","32019","6.52"
"Mineral","0","4","Nevada","5/20/20","4","0","32021","0"
"Nye","1","58","Nevada","5/20/20","49","9","32023","18.37"
"Storey","0","1","Nevada","5/20/20","0","1","32029","1"
"Washoe","38","1395","Nevada","5/20/20","1132","263","32031","23.23"
"White Pine","0","4","Nevada","5/20/20","3","1","32033","33.33"
"Belknap","1","54","New Hampshire","5/20/20","47","7","33001","14.89"
"Carroll","1","44","New Hampshire","5/20/20","37","7","33003","18.92"
"Cheshire","1","49","New Hampshire","5/20/20","45","4","33005","8.89"
"Coos","0","4","New Hampshire","5/20/20","2","2","33007","100"
"Grafton","1","64","New Hampshire","5/20/20","58","6","33009","10.34"
"Hillsborough","49","1932","New Hampshire","5/20/20","1592","340","33011","21.36"
"Merrimack","5","290","New Hampshire","5/20/20","256","34","33013","13.28"
"Rockingham","20","1159","New Hampshire","5/20/20","1021","138","33015","13.52"
"Strafford","6","242","New Hampshire","5/20/20","201","41","33017","20.4"
"Sullivan","0","16","New Hampshire","5/20/20","14","2","33019","14.29"
"Atlantic","42","1875","New Jersey","5/20/20","1584","291","34001","18.37"
"Bergen","53","17518","New Jersey","5/20/20","17150","368","34003","2.15"
"Burlington","47","4058","New Jersey","5/20/20","3726","332","34005","8.91"
"Camden","91","5738","New Jersey","5/20/20","5099","639","34007","12.53"
"Cape May","7","531","New Jersey","5/20/20","479","52","34009","10.86"
"Cumberland","55","1830","New Jersey","5/20/20","1447","383","34011","26.47"
"Essex","150","16952","New Jersey","5/20/20","15905","1047","34013","6.58"
"Gloucester","34","1966","New Jersey","5/20/20","1728","238","34015","13.77"
"Hudson","204","18880","New Jersey","5/20/20","17451","1429","34017","8.19"
"Hunterdon","27","920","New Jersey","5/20/20","732","188","34019","25.68"
"Mercer","95","6162","New Jersey","5/20/20","5499","663","34021","12.06"
"Middlesex","102","14954","New Jersey","5/20/20","14241","713","34023","5.01"
"Monmouth","64","7541","New Jersey","5/20/20","7090","451","34025","6.36"
"Morris","30","6139","New Jersey","5/20/20","5926","213","34027","3.59"
"Ocean","68","8165","New Jersey","5/20/20","7688","477","34029","6.2"
"Passaic","96","15426","New Jersey","5/20/20","14757","669","34031","4.53"
"Salem","8","481","New Jersey","5/20/20","428","53","34033","12.38"
"Somerset","32","4349","New Jersey","5/20/20","4127","222","34035","5.38"
"Sussex","4","1069","New Jersey","5/20/20","1042","27","34037","2.59"
"Union","117","15122","New Jersey","5/20/20","14306","816","34039","5.7"
"Warren","5","1100","New Jersey","5/20/20","1066","34","34041","3.19"
"Bernalillo","23","1284","New Mexico","5/20/20","1124","160","35001","14.23"
"Catron","0","2","New Mexico","5/20/20","2","0","35003","0"
"Chaves","0","33","New Mexico","5/20/20","30","3","35005","10"
"Cibola","3","114","New Mexico","5/20/20","93","21","35006","22.58"
"Colfax","0","5","New Mexico","5/20/20","5","0","35007","0"
"Curry","2","45","New Mexico","5/20/20","34","11","35009","32.35"
"Dona Ana","11","326","New Mexico","5/20/20","249","77","35013","30.92"
"Eddy","0","17","New Mexico","5/20/20","14","3","35015","21.43"
"Grant","0","16","New Mexico","5/20/20","15","1","35017","6.67"
"Guadalupe","0","19","New Mexico","5/20/20","17","2","35019","11.76"
"Harding","0","1","New Mexico","5/20/20","1","0","35021","0"
"Hidalgo","0","1","New Mexico","5/20/20","0","1","35023","1"
"Lea","0","18","New Mexico","5/20/20","15","3","35025","20"
"Lincoln","0","3","New Mexico","5/20/20","2","1","35027","50"
"Los Alamos","0","6","New Mexico","5/20/20","6","0","35028","0"
"Luna","0","8","New Mexico","5/20/20","8","0","35029","0"
"McKinley","50","2034","New Mexico","5/20/20","1681","353","35031","21"
"Otero","0","8","New Mexico","5/20/20","8","0","35035","0"
"Quay","0","5","New Mexico","5/20/20","5","0","35037","0"
"Rio Arriba","1","33","New Mexico","5/20/20","28","5","35039","17.86"
"Roosevelt","2","27","New Mexico","5/20/20","13","14","35041","107.69"
"San Juan","36","1457","New Mexico","5/20/20","1203","254","35045","21.11"
"San Miguel","0","10","New Mexico","5/20/20","7","3","35047","42.86"
"Sandoval","9","542","New Mexico","5/20/20","477","65","35043","13.63"
"Santa Fe","2","128","New Mexico","5/20/20","113","15","35049","13.27"
"Sierra","0","1","New Mexico","5/20/20","1","0","35051","0"
"Socorro","0","49","New Mexico","5/20/20","49","0","35053","0"
"Taos","0","22","New Mexico","5/20/20","22","0","35055","0"
"Torrance","0","20","New Mexico","5/20/20","18","2","35057","11.11"
"Union","0","3","New Mexico","5/20/20","3","0","35059","0"
"Valencia","2","70","New Mexico","5/20/20","59","11","35061","18.64"
"Albany","27","1682","New York","5/20/20","1494","188","36001","12.58"
"Allegany","0","44","New York","5/20/20","44","0","36003","0"
"Broome","8","436","New York","5/20/20","382","54","36007","14.14"
"Cattaraugus","1","70","New York","5/20/20","61","9","36009","14.75"
"Cayuga","1","68","New York","5/20/20","60","8","36011","13.33"
"Chautauqua","1","50","New York","5/20/20","43","7","36013","16.28"
"Chemung","0","134","New York","5/20/20","132","2","36015","1.52"
"Chenango","1","118","New York","5/20/20","112","6","36017","5.36"
"Clinton","2","94","New York","5/20/20","78","16","36019","20.51"
"Columbia","5","350","New York","5/20/20","318","32","36021","10.06"
"Cortland","1","36","New York","5/20/20","31","5","36023","16.13"
"Delaware","0","69","New York","5/20/20","66","3","36025","4.55"
"Dutchess","42","3724","New York","5/20/20","3429","295","36027","8.6"
"Erie","75","5131","New York","5/20/20","4606","525","36029","11.4"
"Essex","0","34","New York","5/20/20","32","2","36031","6.25"
"Franklin","0","18","New York","5/20/20","17","1","36033","5.88"
"Fulton","6","184","New York","5/20/20","140","44","36035","31.43"
"Genesee","1","184","New York","5/20/20","174","10","36037","5.75"
"Greene","1","215","New York","5/20/20","206","9","36039","4.37"
"Hamilton","0","5","New York","5/20/20","5","0","36041","0"
"Herkimer","1","93","New York","5/20/20","84","9","36043","10.71"
"Jefferson","0","71","New York","5/20/20","68","3","36045","4.41"
"Lewis","1","18","New York","5/20/20","11","7","36049","63.64"
"Livingston","1","111","New York","5/20/20","103","8","36051","7.77"
"Madison","6","292","New York","5/20/20","253","39","36053","15.42"
"Monroe","72","2465","New York","5/20/20","1959","506","36055","25.83"
"Montgomery","1","75","New York","5/20/20","68","7","36057","10.29"
"Nassau","112","39368","New York","5/20/20","38587","781","36059","2.02"
"New York","1043","194550","New York","5/20/20","187250","7300","36061","3.9"
"Niagara","24","858","New York","5/20/20","690","168","36063","24.35"
"Oneida","17","802","New York","5/20/20","686","116","36065","16.91"
"Onondaga","46","1718","New York","5/20/20","1395","323","36067","23.15"
"Ontario","9","170","New York","5/20/20","109","61","36069","55.96"
"Orange","50","10043","New York","5/20/20","9693","350","36071","3.61"
"Orleans","4","171","New York","5/20/20","142","29","36073","20.42"
"Oswego","2","90","New York","5/20/20","76","14","36075","18.42"
"Otsego","0","67","New York","5/20/20","67","0","36077","0"
"Putnam","9","1168","New York","5/20/20","1108","60","36079","5.42"
"Rensselaer","5","453","New York","5/20/20","420","33","36083","7.86"
"Rockland","41","12831","New York","5/20/20","12543","288","36087","2.3"
"Saratoga","4","438","New York","5/20/20","410","28","36091","6.83"
"Schenectady","7","633","New York","5/20/20","587","46","36093","7.84"
"Schoharie","0","48","New York","5/20/20","47","1","36095","2.13"
"Schuyler","0","10","New York","5/20/20","8","2","36097","25"
"Seneca","0","52","New York","5/20/20","49","3","36099","6.12"
"St. Lawrence","0","195","New York","5/20/20","192","3","36089","1.56"
"Steuben","1","237","New York","5/20/20","230","7","36101","3.04"
"Suffolk","158","38411","New York","5/20/20","37305","1106","36103","2.96"
"Sullivan","19","1267","New York","5/20/20","1135","132","36105","11.63"
"Tioga","1","114","New York","5/20/20","108","6","36107","5.56"
"Tompkins","1","145","New York","5/20/20","136","9","36109","6.62"
"Ulster","13","1571","New York","5/20/20","1481","90","36111","6.08"
"Warren","2","235","New York","5/20/20","223","12","36113","5.38"
"Washington","1","221","New York","5/20/20","214","7","36115","3.27"
"Wayne","3","103","New York","5/20/20","84","19","36117","22.62"
"Westchester","129","32517","New York","5/20/20","31611","906","36119","2.87"
"Wyoming","0","79","New York","5/20/20","77","2","36121","2.6"
"Yates","2","34","New York","5/20/20","22","12","36123","54.55"
"Alamance","6","234","North Carolina","5/20/20","190","44","37001","23.16"
"Alexander","1","23","North Carolina","5/20/20","14","9","37003","64.29"
"Alleghany","0","12","North Carolina","5/20/20","10","2","37005","20"
"Anson","1","50","North Carolina","5/20/20","40","10","37007","25"
"Ashe","2","28","North Carolina","5/20/20","16","12","37009","75"
"Avery","0","1","North Carolina","5/20/20","0","1","37011","1"
"Beaufort","1","33","North Carolina","5/20/20","27","6","37013","22.22"
"Bertie","4","98","North Carolina","5/20/20","72","26","37015","36.11"
"Bladen","2","81","North Carolina","5/20/20","64","17","37017","26.56"
"Brunswick","2","62","North Carolina","5/20/20","51","11","37019","21.57"
"Buncombe","11","183","North Carolina","5/20/20","108","75","37021","69.44"
"Burke","7","210","North Carolina","5/20/20","162","48","37023","29.63"
"Cabarrus","6","400","North Carolina","5/20/20","361","39","37025","10.8"
"Caldwell","3","92","North Carolina","5/20/20","69","23","37027","33.33"
"Camden","0","3","North Carolina","5/20/20","2","1","37029","50"
"Carteret","0","36","North Carolina","5/20/20","35","1","37031","2.86"
"Caswell","0","45","North Carolina","5/20/20","42","3","37033","7.14"
"Catawba","4","121","North Carolina","5/20/20","92","29","37035","31.52"
"Chatham","11","543","North Carolina","5/20/20","468","75","37037","16.03"
"Cherokee","0","30","North Carolina","5/20/20","27","3","37039","11.11"
"Chowan","0","15","North Carolina","5/20/20","12","3","37041","25"
"Clay","0","8","North Carolina","5/20/20","8","0","37043","0"
"Cleveland","1","60","North Carolina","5/20/20","51","9","37045","17.65"
"Columbus","5","259","North Carolina","5/20/20","226","33","37047","14.6"
"Craven","9","135","North Carolina","5/20/20","70","65","37049","92.86"
"Cumberland","12","511","North Carolina","5/20/20","425","86","37051","20.24"
"Currituck","0","11","North Carolina","5/20/20","9","2","37053","22.22"
"Dare","0","22","North Carolina","5/20/20","21","1","37055","4.76"
"Davidson","10","314","North Carolina","5/20/20","242","72","37057","29.75"
"Davie","2","55","North Carolina","5/20/20","40","15","37059","37.5"
"Duplin","26","470","North Carolina","5/20/20","285","185","37061","64.91"
"Durham","25","1105","North Carolina","5/20/20","932","173","37063","18.56"
"Edgecombe","2","174","North Carolina","5/20/20","157","17","37065","10.83"
"Forsyth","36","749","North Carolina","5/20/20","495","254","37067","51.31"
"Franklin","2","131","North Carolina","5/20/20","119","12","37069","10.08"
"Gaston","2","210","North Carolina","5/20/20","195","15","37071","7.69"
"Gates","0","14","North Carolina","5/20/20","11","3","37073","27.27"
"Graham","0","2","North Carolina","5/20/20","2","0","37075","0"
"Granville","5","208","North Carolina","5/20/20","171","37","37077","21.64"
"Greene","2","51","North Carolina","5/20/20","38","13","37079","34.21"
"Guilford","33","916","North Carolina","5/20/20","683","233","37081","34.11"
"Halifax","4","125","North Carolina","5/20/20","100","25","37083","25"
"Harnett","3","255","North Carolina","5/20/20","233","22","37085","9.44"
"Haywood","1","28","North Carolina","5/20/20","19","9","37087","47.37"
"Henderson","6","299","North Carolina","5/20/20","260","39","37089","15"
"Hertford","1","60","North Carolina","5/20/20","51","9","37091","17.65"
"Hoke","5","166","North Carolina","5/20/20","128","38","37093","29.69"
"Hyde","0","1","North Carolina","5/20/20","1","0","37095","0"
"Iredell","5","202","North Carolina","5/20/20","164","38","37097","23.17"
"Jackson","1","27","North Carolina","5/20/20","23","4","37099","17.39"
"Johnston","8","276","North Carolina","5/20/20","220","56","37101","25.45"
"Jones","0","23","North Carolina","5/20/20","21","2","37103","9.52"
"Lee","7","341","North Carolina","5/20/20","290","51","37105","17.59"
"Lenoir","5","164","North Carolina","5/20/20","132","32","37107","24.24"
"Lincoln","1","52","North Carolina","5/20/20","44","8","37109","18.18"
"Macon","0","5","North Carolina","5/20/20","3","2","37113","66.67"
"Madison","0","2","North Carolina","5/20/20","1","1","37115","100"
"Martin","1","39","North Carolina","5/20/20","33","6","37117","18.18"
"McDowell","0","33","North Carolina","5/20/20","30","3","37111","10"
"Mecklenburg","71","2780","North Carolina","5/20/20","2283","497","37119","21.77"
"Mitchell","0","8","North Carolina","5/20/20","5","3","37121","60"
"Montgomery","3","68","North Carolina","5/20/20","46","22","37123","47.83"
"Moore","2","173","North Carolina","5/20/20","162","11","37125","6.79"
"Nash","3","158","North Carolina","5/20/20","137","21","37127","15.33"
"New Hanover","4","142","North Carolina","5/20/20","117","25","37129","21.37"
"Northampton","1","131","North Carolina","5/20/20","125","6","37131","4.8"
"Onslow","2","80","North Carolina","5/20/20","63","17","37133","26.98"
"Orange","4","289","North Carolina","5/20/20","259","30","37135","11.58"
"Pamlico","0","9","North Carolina","5/20/20","8","1","37137","12.5"
"Pasquotank","1","90","North Carolina","5/20/20","82","8","37139","9.76"
"Pender","1","50","North Carolina","5/20/20","42","8","37141","19.05"
"Perquimans","1","23","North Carolina","5/20/20","19","4","37143","21.05"
"Person","0","34","North Carolina","5/20/20","32","2","37145","6.25"
"Pitt","7","228","North Carolina","5/20/20","182","46","37147","25.27"
"Polk","1","35","North Carolina","5/20/20","31","4","37149","12.9"
"Randolph","14","486","North Carolina","5/20/20","389","97","37151","24.94"
"Richmond","3","121","North Carolina","5/20/20","98","23","37153","23.47"
"Robeson","19","591","North Carolina","5/20/20","459","132","37155","28.76"
"Rockingham","1","49","North Carolina","5/20/20","43","6","37157","13.95"
"Rowan","9","562","North Carolina","5/20/20","497","65","37159","13.08"
"Rutherford","0","155","North Carolina","5/20/20","154","1","37161","0.65"
"Sampson","11","273","North Carolina","5/20/20","193","80","37163","41.45"
"Scotland","2","56","North Carolina","5/20/20","44","12","37165","27.27"
"Stanly","0","33","North Carolina","5/20/20","30","3","37167","10"
"Stokes","2","39","North Carolina","5/20/20","22","17","37169","77.27"
"Surry","8","102","North Carolina","5/20/20","47","55","37171","117.02"
"Swain","0","6","North Carolina","5/20/20","5","1","37173","20"
"Transylvania","0","8","North Carolina","5/20/20","7","1","37175","14.29"
"Tyrrell","0","4","North Carolina","5/20/20","4","0","37177","0"
"Union","7","365","North Carolina","5/20/20","313","52","37179","16.61"
"Vance","4","202","North Carolina","5/20/20","173","29","37181","16.76"
"Wake","29","1307","North Carolina","5/20/20","1102","205","37183","18.6"
"Warren","2","36","North Carolina","5/20/20","23","13","37185","56.52"
"Washington","0","26","North Carolina","5/20/20","25","1","37187","4"
"Watauga","0","12","North Carolina","5/20/20","9","3","37189","33.33"
"Wayne","18","888","North Carolina","5/20/20","760","128","37191","16.84"
"Wilkes","27","451","North Carolina","5/20/20","262","189","37193","72.14"
"Wilson","6","256","North Carolina","5/20/20","217","39","37195","17.97"
"Yadkin","6","123","North Carolina","5/20/20","79","44","37197","55.7"
"Yancey","0","10","North Carolina","5/20/20","9","1","37199","11.11"
"Barnes","0","4","North Dakota","5/20/20","4","0","38003","0"
"Benson","0","1","North Dakota","5/20/20","2","-1","38005","-50"
"Bottineau","0","1","North Dakota","5/20/20","0","1","38009","1"
"Bowman","0","1","North Dakota","5/20/20","1","0","38011","0"
"Burke","0","5","North Dakota","5/20/20","5","0","38013","0"
"Burleigh","2","120","North Dakota","5/20/20","106","14","38015","13.21"
"Cass","49","1277","North Dakota","5/20/20","935","342","38017","36.58"
"Divide","0","1","North Dakota","5/20/20","1","0","38023","0"
"Dunn","0","12","North Dakota","5/20/20","11","1","38025","9.09"
"Eddy","0","2","North Dakota","5/20/20","2","0","38027","0"
"Emmons","0","1","North Dakota","5/20/20","1","0","38029","0"
"Foster","0","1","North Dakota","5/20/20","1","0","38031","0"
"Grand Forks","3","319","North Dakota","5/20/20","297","22","38035","7.41"
"Grant","0","2","North Dakota","5/20/20","2","0","38037","0"
"McHenry","0","2","North Dakota","5/20/20","2","0","38049","0"
"McIntosh","0","1","North Dakota","5/20/20","1","0","38051","0"
"McKenzie","0","16","North Dakota","5/20/20","15","1","38053","6.67"
"McLean","0","7","North Dakota","5/20/20","5","2","38055","40"
"Mercer","0","4","North Dakota","5/20/20","4","0","38057","0"
"Morton","4","63","North Dakota","5/20/20","38","25","38059","65.79"
"Mountrail","0","39","North Dakota","5/20/20","37","2","38061","5.41"
"Nelson","0","2","North Dakota","5/20/20","1","1","38063","100"
"Oliver","0","1","North Dakota","5/20/20","1","0","38065","0"
"Pembina","0","6","North Dakota","5/20/20","6","0","38067","0"
"Pierce","0","3","North Dakota","5/20/20","3","0","38069","0"
"Ramsey","0","8","North Dakota","5/20/20","7","1","38071","14.29"
"Ransom","1","7","North Dakota","5/20/20","3","4","38073","133.33"
"Renville","0","1","North Dakota","5/20/20","1","0","38075","0"
"Richland","1","13","North Dakota","5/20/20","8","5","38077","62.5"
"Rolette","0","4","North Dakota","5/20/20","3","1","38079","33.33"
"Sargent","0","3","North Dakota","5/20/20","3","0","38081","0"
"Sioux","0","2","North Dakota","5/20/20","1","1","38085","100"
"Slope","0","3","North Dakota","5/20/20","3","0","38087","0"
"Stark","0","61","North Dakota","5/20/20","61","0","38089","0"
"Steele","0","1","North Dakota","5/20/20","0","1","38091","1"
"Stutsman","0","17","North Dakota","5/20/20","16","1","38093","6.25"
"Traill","3","20","North Dakota","5/20/20","1","19","38097","1900"
"Walsh","0","11","North Dakota","5/20/20","9","2","38099","22.22"
"Ward","0","29","North Dakota","5/20/20","28","1","38101","3.57"
"Wells","0","2","North Dakota","5/20/20","2","0","38103","0"
"Williams","0","22","North Dakota","5/20/20","20","2","38105","10"
"","0","21","Northern Mariana Islands","5/20/20","19","2",,"10.53"
"Adams","0","8","Ohio","5/20/20","6","2","39001","33.33"
"Allen","2","172","Ohio","5/20/20","155","17","39003","10.97"
"Ashland","0","17","Ohio","5/20/20","15","2","39005","13.33"
"Ashtabula","6","250","Ohio","5/20/20","208","42","39007","20.19"
"Athens","1","13","Ohio","5/20/20","6","7","39009","116.67"
"Auglaize","1","57","Ohio","5/20/20","47","10","39011","21.28"
"Belmont","11","352","Ohio","5/20/20","276","76","39013","27.54"
"Brown","0","23","Ohio","5/20/20","21","2","39015","9.52"
"Butler","23","671","Ohio","5/20/20","509","162","39017","31.83"
"Carroll","0","26","Ohio","5/20/20","24","2","39019","8.33"
"Champaign","1","25","Ohio","5/20/20","21","4","39021","19.05"
"Clark","7","166","Ohio","5/20/20","114","52","39023","45.61"
"Clermont","4","160","Ohio","5/20/20","129","31","39025","24.03"
"Clinton","1","43","Ohio","5/20/20","36","7","39027","19.44"
"Columbiana","15","457","Ohio","5/20/20","354","103","39029","29.1"
"Coshocton","0","22","Ohio","5/20/20","19","3","39031","15.79"
"Crawford","2","101","Ohio","5/20/20","86","15","39033","17.44"
"Cuyahoga","76","3512","Ohio","5/20/20","2979","533","39035","17.89"
"Darke","6","134","Ohio","5/20/20","93","41","39037","44.09"
"Defiance","1","30","Ohio","5/20/20","25","5","39039","20"
"Delaware","6","277","Ohio","5/20/20","234","43","39041","18.38"
"Erie","5","124","Ohio","5/20/20","86","38","39043","44.19"
"Fairfield","4","217","Ohio","5/20/20","191","26","39045","13.61"
"Fayette","1","32","Ohio","5/20/20","23","9","39047","39.13"
"Franklin","97","4793","Ohio","5/20/20","4113","680","39049","16.53"
"Fulton","0","35","Ohio","5/20/20","32","3","39051","9.38"
"Gallia","0","8","Ohio","5/20/20","6","2","39053","33.33"
"Geauga","5","231","Ohio","5/20/20","198","33","39055","16.67"
"Greene","2","85","Ohio","5/20/20","68","17","39057","25"
"Guernsey","1","28","Ohio","5/20/20","21","7","39059","33.33"
"Hamilton","40","2167","Ohio","5/20/20","1886","281","39061","14.9"
"Hancock","1","46","Ohio","5/20/20","40","6","39063","15"
"Hardin","0","30","Ohio","5/20/20","29","1","39065","3.45"
"Harrison","0","10","Ohio","5/20/20","8","2","39067","25"
"Henry","0","12","Ohio","5/20/20","10","2","39069","20"
"Highland","0","16","Ohio","5/20/20","14","2","39071","14.29"
"Hocking","5","63","Ohio","5/20/20","28","35","39073","125"
"Holmes","1","15","Ohio","5/20/20","8","7","39075","87.5"
"Huron","1","44","Ohio","5/20/20","39","5","39077","12.82"
"Jackson","0","11","Ohio","5/20/20","9","2","39079","22.22"
"Jefferson","1","62","Ohio","5/20/20","56","6","39081","10.71"
"Knox","0","23","Ohio","5/20/20","20","3","39083","15"
"Lake","4","235","Ohio","5/20/20","206","29","39085","14.08"
"Lawrence","0","28","Ohio","5/20/20","26","2","39087","7.69"
"Licking","3","197","Ohio","5/20/20","175","22","39089","12.57"
"Logan","0","25","Ohio","5/20/20","23","2","39091","8.7"
"Lorain","7","620","Ohio","5/20/20","569","51","39093","8.96"
"Lucas","23","2021","Ohio","5/20/20","1858","163","39095","8.77"
"Madison","2","102","Ohio","5/20/20","88","14","39097","15.91"
"Mahoning","13","1252","Ohio","5/20/20","1163","89","39099","7.65"
"Marion","17","2540","Ohio","5/20/20","2419","121","39101","5"
"Medina","5","237","Ohio","5/20/20","205","32","39103","15.61"
"Meigs","0","3","Ohio","5/20/20","3","0","39105","0"
"Mercer","10","162","Ohio","5/20/20","90","72","39107","80"
"Miami","3","337","Ohio","5/20/20","316","21","39109","6.65"
"Monroe","5","59","Ohio","5/20/20","25","34","39111","136"
"Montgomery","14","539","Ohio","5/20/20","442","97","39113","21.95"
"Morgan","0","5","Ohio","5/20/20","5","0","39115","0"
"Morrow","2","104","Ohio","5/20/20","91","13","39117","14.29"
"Muskingum","1","40","Ohio","5/20/20","32","8","39119","25"
"Noble","0","5","Ohio","5/20/20","5","0","39121","0"
"Ottawa","2","64","Ohio","5/20/20","52","12","39123","23.08"
"Paulding","0","12","Ohio","5/20/20","10","2","39125","20"
"Perry","0","15","Ohio","5/20/20","14","1","39127","7.14"
"Pickaway","10","2029","Ohio","5/20/20","1958","71","39129","3.63"
"Pike","0","6","Ohio","5/20/20","5","1","39131","20"
"Portage","3","298","Ohio","5/20/20","280","18","39133","6.43"
"Preble","0","30","Ohio","5/20/20","28","2","39135","7.14"
"Putnam","1","84","Ohio","5/20/20","77","7","39137","9.09"
"Richland","4","166","Ohio","5/20/20","135","31","39139","22.96"
"Ross","1","60","Ohio","5/20/20","55","5","39141","9.09"
"Sandusky","1","63","Ohio","5/20/20","53","10","39143","18.87"
"Scioto","0","14","Ohio","5/20/20","13","1","39145","7.69"
"Seneca","0","16","Ohio","5/20/20","14","2","39147","14.29"
"Shelby","0","35","Ohio","5/20/20","33","2","39149","6.06"
"Stark","13","620","Ohio","5/20/20","526","94","39151","17.87"
"Summit","19","1077","Ohio","5/20/20","946","131","39153","13.85"
"Trumbull","8","478","Ohio","5/20/20","420","58","39155","13.81"
"Tuscarawas","7","281","Ohio","5/20/20","229","52","39157","22.71"
"Union","1","37","Ohio","5/20/20","28","9","39159","32.14"
"Van Wert","0","4","Ohio","5/20/20","3","1","39161","33.33"
"Vinton","0","16","Ohio","5/20/20","15","1","39163","6.67"
"Warren","8","292","Ohio","5/20/20","237","55","39165","23.21"
"Washington","0","116","Ohio","5/20/20","115","1","39167","0.87"
"Wayne","2","209","Ohio","5/20/20","192","17","39169","8.85"
"Williams","1","48","Ohio","5/20/20","44","4","39171","9.09"
"Wood","4","254","Ohio","5/20/20","229","25","39173","10.92"
"Wyandot","1","33","Ohio","5/20/20","27","6","39175","22.22"
"Adair","1","78","Oklahoma","5/20/20","74","4","40001","5.41"
"Alfalfa","0","1","Oklahoma","5/20/20","1","0","40003","0"
"Atoka","0","1","Oklahoma","5/20/20","2","-1","40005","-50"
"Beaver","0","23","Oklahoma","5/20/20","20","3","40007","15"
"Beckham","0","6","Oklahoma","5/20/20","6","0","40009","0"
"Blaine","0","3","Oklahoma","5/20/20","2","1","40011","50"
"Bryan","1","19","Oklahoma","5/20/20","12","7","40013","58.33"
"Caddo","2","126","Oklahoma","5/20/20","110","16","40015","14.55"
"Canadian","1","120","Oklahoma","5/20/20","115","5","40017","4.35"
"Carter","1","15","Oklahoma","5/20/20","6","9","40019","150"
"Cherokee","0","29","Oklahoma","5/20/20","30","-1","40021","-3.33"
"Choctaw","1","12","Oklahoma","5/20/20","3","9","40023","300"
"Cimarron","0","1","Oklahoma","5/20/20","1","0","40025","0"
"Cleveland","2","472","Oklahoma","5/20/20","458","14","40027","3.06"
"Coal","0","1","Oklahoma","5/20/20","0","1","40029","1"
"Comanche","6","229","Oklahoma","5/20/20","184","45","40031","24.46"
"Cotton","0","5","Oklahoma","5/20/20","5","0","40033","0"
"Craig","0","15","Oklahoma","5/20/20","12","3","40035","25"
"Creek","0","85","Oklahoma","5/20/20","83","2","40037","2.41"
"Custer","0","12","Oklahoma","5/20/20","12","0","40039","0"
"Delaware","0","96","Oklahoma","5/20/20","94","2","40041","2.13"
"Dewey","0","2","Oklahoma","5/20/20","2","0","40043","0"
"Garfield","0","24","Oklahoma","5/20/20","22","2","40047","9.09"
"Garvin","0","15","Oklahoma","5/20/20","15","0","40049","0"
"Grady","2","68","Oklahoma","5/20/20","54","14","40051","25.93"
"Grant","0","2","Oklahoma","5/20/20","2","0","40053","0"
"Greer","0","66","Oklahoma","5/20/20","66","0","40055","0"
"Harper","0","1","Oklahoma","5/20/20","1","0","40059","0"
"Haskell","0","6","Oklahoma","5/20/20","5","1","40061","20"
"Jackson","0","21","Oklahoma","5/20/20","20","1","40065","5"
"Jefferson","0","3","Oklahoma","5/20/20","3","0","40067","0"
"Johnston","0","3","Oklahoma","5/20/20","3","0","40069","0"
"Kay","0","50","Oklahoma","5/20/20","49","1","40071","2.04"
"Kingfisher","0","10","Oklahoma","5/20/20","10","0","40073","0"
"Kiowa","0","6","Oklahoma","5/20/20","6","0","40075","0"
"Latimer","0","5","Oklahoma","5/20/20","5","0","40077","0"
"Le Flore","0","13","Oklahoma","5/20/20","13","0","40079","0"
"Lincoln","0","19","Oklahoma","5/20/20","17","2","40081","11.76"
"Logan","0","18","Oklahoma","5/20/20","18","0","40083","0"
"Love","0","4","Oklahoma","5/20/20","3","1","40085","33.33"
"Major","0","6","Oklahoma","5/20/20","6","0","40093","0"
"Marshall","1","6","Oklahoma","5/20/20","2","4","40095","200"
"Mayes","0","28","Oklahoma","5/20/20","26","2","40097","7.69"
"McClain","1","95","Oklahoma","5/20/20","86","9","40087","10.47"
"McCurtain","1","13","Oklahoma","5/20/20","8","5","40089","62.5"
"McIntosh","1","10","Oklahoma","5/20/20","5","5","40091","100"
"Murray","0","2","Oklahoma","5/20/20","2","0","40099","0"
"Muskogee","0","30","Oklahoma","5/20/20","29","1","40101","3.45"
"Noble","0","7","Oklahoma","5/20/20","7","0","40103","0"
"Nowata","0","23","Oklahoma","5/20/20","23","0","40105","0"
"Okfuskee","0","2","Oklahoma","5/20/20","2","0","40107","0"
"Oklahoma","12","1093","Oklahoma","5/20/20","1007","86","40109","8.54"
"Okmulgee","0","18","Oklahoma","5/20/20","16","2","40111","12.5"
"Osage","0","92","Oklahoma","5/20/20","90","2","40113","2.22"
"Ottawa","0","35","Oklahoma","5/20/20","34","1","40115","2.94"
"Pawnee","0","29","Oklahoma","5/20/20","29","0","40117","0"
"Payne","0","45","Oklahoma","5/20/20","44","1","40119","2.27"
"Pittsburg","0","39","Oklahoma","5/20/20","39","0","40121","0"
"Pontotoc","0","11","Oklahoma","5/20/20","10","1","40123","10"
"Pottawatomie","0","56","Oklahoma","5/20/20","55","1","40125","1.82"
"Pushmataha","0","2","Oklahoma","5/20/20","1","1","40127","100"
"Rogers","0","72","Oklahoma","5/20/20","72","0","40131","0"
"Seminole","0","21","Oklahoma","5/20/20","21","0","40133","0"
"Sequoyah","0","14","Oklahoma","5/20/20","14","0","40135","0"
"Stephens","0","25","Oklahoma","5/20/20","22","3","40137","13.64"
"Texas","45","791","Oklahoma","5/20/20","474","317","40139","66.88"
"Tillman","0","22","Oklahoma","5/20/20","20","2","40141","10"
"Tulsa","11","814","Oklahoma","5/20/20","734","80","40143","10.9"
"Wagoner","1","137","Oklahoma","5/20/20","131","6","40145","4.58"
"Washington","1","304","Oklahoma","5/20/20","300","4","40147","1.33"
"Washita","0","1","Oklahoma","5/20/20","0","1","40149","1"
"Woods","0","3","Oklahoma","5/20/20","3","0","40151","0"
"Woodward","0","1","Oklahoma","5/20/20","1","0","40153","0"
"Baker","0","1","Oregon","5/20/20","1","0","41001","0"
"Benton","1","55","Oregon","5/20/20","50","5","41003","10"
"Clackamas","1","284","Oregon","5/20/20","274","10","41005","3.65"
"Clatsop","1","42","Oregon","5/20/20","37","5","41007","13.51"
"Columbia","0","16","Oregon","5/20/20","16","0","41009","0"
"Coos","0","30","Oregon","5/20/20","30","0","41011","0"
"Crook","0","1","Oregon","5/20/20","1","0","41013","0"
"Curry","0","5","Oregon","5/20/20","4","1","41015","25"
"Deschutes","4","116","Oregon","5/20/20","89","27","41017","30.34"
"Douglas","0","25","Oregon","5/20/20","24","1","41019","4.17"
"Grant","0","1","Oregon","5/20/20","1","0","41023","0"
"Harney","0","1","Oregon","5/20/20","1","0","41025","0"
"Hood River","0","14","Oregon","5/20/20","14","0","41027","0"
"Jackson","0","52","Oregon","5/20/20","50","2","41029","4"
"Jefferson","0","24","Oregon","5/20/20","24","0","41031","0"
"Josephine","0","27","Oregon","5/20/20","25","2","41033","8"
"Klamath","0","41","Oregon","5/20/20","41","0","41035","0"
"Lane","1","66","Oregon","5/20/20","61","5","41039","8.2"
"Lincoln","0","8","Oregon","5/20/20","6","2","41041","33.33"
"Linn","1","110","Oregon","5/20/20","105","5","41043","4.76"
"Malheur","1","21","Oregon","5/20/20","15","6","41045","40"
"Marion","19","879","Oregon","5/20/20","746","133","41047","17.83"
"Morrow","0","12","Oregon","5/20/20","12","0","41049","0"
"Multnomah","14","1018","Oregon","5/20/20","921","97","41051","10.53"
"Polk","1","94","Oregon","5/20/20","90","4","41053","4.44"
"Sherman","0","1","Oregon","5/20/20","1","0","41055","0"
"Tillamook","0","6","Oregon","5/20/20","6","0","41057","0"
"Umatilla","3","105","Oregon","5/20/20","86","19","41059","22.09"
"Union","0","6","Oregon","5/20/20","4","2","41061","50"
"Wallowa","0","1","Oregon","5/20/20","1","0","41063","0"
"Wasco","0","18","Oregon","5/20/20","16","2","41065","12.5"
"Washington","6","658","Oregon","5/20/20","614","44","41067","7.17"
"Yamhill","2","63","Oregon","5/20/20","50","13","41071","26"
"Adams","4","197","Pennsylvania","5/20/20","169","28","42001","16.57"
"Allegheny","20","1687","Pennsylvania","5/20/20","1545","142","42003","9.19"
"Armstrong","0","58","Pennsylvania","5/20/20","56","2","42005","3.57"
"Beaver","4","539","Pennsylvania","5/20/20","509","30","42007","5.89"
"Bedford","0","32","Pennsylvania","5/20/20","29","3","42009","10.34"
"Berks","40","3763","Pennsylvania","5/20/20","3485","278","42011","7.98"
"Blair","1","39","Pennsylvania","5/20/20","31","8","42013","25.81"
"Bradford","0","41","Pennsylvania","5/20/20","39","2","42015","5.13"
"Bucks","71","4662","Pennsylvania","5/20/20","4166","496","42017","11.91"
"Butler","2","208","Pennsylvania","5/20/20","197","11","42019","5.58"
"Cambria","1","54","Pennsylvania","5/20/20","45","9","42021","20"
"Cameron","0","2","Pennsylvania","5/20/20","2","0","42023","0"
"Carbon","2","219","Pennsylvania","5/20/20","205","14","42025","6.83"
"Centre","1","133","Pennsylvania","5/20/20","126","7","42027","5.56"
"Chester","37","2217","Pennsylvania","5/20/20","1955","262","42029","13.4"
"Clarion","0","25","Pennsylvania","5/20/20","24","1","42031","4.17"
"Clearfield","0","33","Pennsylvania","5/20/20","31","2","42033","6.45"
"Clinton","1","45","Pennsylvania","5/20/20","41","4","42035","9.76"
"Columbia","1","340","Pennsylvania","5/20/20","330","10","42037","3.03"
"Crawford","0","21","Pennsylvania","5/20/20","21","0","42039","0"
"Cumberland","12","545","Pennsylvania","5/20/20","463","82","42041","17.71"
"Dauphin","20","1012","Pennsylvania","5/20/20","871","141","42043","16.19"
"Delaware","98","5844","Pennsylvania","5/20/20","5157","687","42045","13.32"
"Elk","0","6","Pennsylvania","5/20/20","6","0","42047","0"
"Erie","5","163","Pennsylvania","5/20/20","125","38","42049","30.4"
"Fayette","1","93","Pennsylvania","5/20/20","85","8","42051","9.41"
"Forest","0","7","Pennsylvania","5/20/20","7","0","42053","0"
"Franklin","17","662","Pennsylvania","5/20/20","545","117","42055","21.47"
"Fulton","1","13","Pennsylvania","5/20/20","8","5","42057","62.5"
"Greene","0","27","Pennsylvania","5/20/20","27","0","42059","0"
"Huntingdon","3","215","Pennsylvania","5/20/20","197","18","42061","9.14"
"Indiana","1","86","Pennsylvania","5/20/20","78","8","42063","10.26"
"Jefferson","0","7","Pennsylvania","5/20/20","7","0","42065","0"
"Juniata","0","94","Pennsylvania","5/20/20","94","0","42067","0"
"Lackawanna","24","1400","Pennsylvania","5/20/20","1232","168","42069","13.64"
"Lancaster","39","2599","Pennsylvania","5/20/20","2325","274","42071","11.78"
"Lawrence","0","73","Pennsylvania","5/20/20","71","2","42073","2.82"
"Lebanon","5","885","Pennsylvania","5/20/20","849","36","42075","4.24"
"Lehigh","33","3550","Pennsylvania","5/20/20","3318","232","42077","6.99"
"Luzerne","15","2572","Pennsylvania","5/20/20","2467","105","42079","4.26"
"Lycoming","2","152","Pennsylvania","5/20/20","139","13","42081","9.35"
"McKean","0","11","Pennsylvania","5/20/20","8","3","42083","37.5"
"Mercer","3","96","Pennsylvania","5/20/20","78","18","42085","23.08"
"Mifflin","1","57","Pennsylvania","5/20/20","53","4","42087","7.55"
"Monroe","7","1278","Pennsylvania","5/20/20","1228","50","42089","4.07"
"Montgomery","92","6154","Pennsylvania","5/20/20","5513","641","42091","11.63"
"Montour","0","50","Pennsylvania","5/20/20","50","0","42093","0"
"Northampton","37","2779","Pennsylvania","5/20/20","2518","261","42095","10.37"
"Northumberland","3","150","Pennsylvania","5/20/20","128","22","42097","17.19"
"Perry","1","42","Pennsylvania","5/20/20","35","7","42099","20"
"Philadelphia","226","20359","Pennsylvania","5/20/20","18779","1580","42101","8.41"
"Pike","3","470","Pennsylvania","5/20/20","451","19","42103","4.21"
"Potter","0","4","Pennsylvania","5/20/20","4","0","42105","0"
"Schuylkill","9","541","Pennsylvania","5/20/20","478","63","42107","13.18"
"Snyder","0","33","Pennsylvania","5/20/20","33","0","42109","0"
"Somerset","1","37","Pennsylvania","5/20/20","32","5","42111","15.62"
"Sullivan","0","2","Pennsylvania","5/20/20","1","1","42113","100"
"Susquehanna","1","87","Pennsylvania","5/20/20","81","6","42115","7.41"
"Tioga","0","16","Pennsylvania","5/20/20","16","0","42117","0"
"Union","2","56","Pennsylvania","5/20/20","42","14","42119","33.33"
"Venango","0","8","Pennsylvania","5/20/20","7","1","42121","14.29"
"Warren","0","2","Pennsylvania","5/20/20","2","0","42123","0"
"Washington","0","130","Pennsylvania","5/20/20","127","3","42125","2.36"
"Wayne","0","110","Pennsylvania","5/20/20","107","3","42127","2.8"
"Westmoreland","2","432","Pennsylvania","5/20/20","419","13","42129","3.1"
"Wyoming","0","30","Pennsylvania","5/20/20","31","-1","42131","-3.23"
"York","10","872","Pennsylvania","5/20/20","803","69","42133","8.59"
"","77","2866","Puerto Rico","5/20/20","2329","537",,"23.06"
"Bristol","4","198","Rhode Island","5/20/20","172","26","44001","15.12"
"Kent","11","958","Rhode Island","5/20/20","883","75","44003","8.49"
"Newport","1","206","Rhode Island","5/20/20","197","9","44005","4.57"
"Providence","123","9976","Rhode Island","5/20/20","9112","864","44007","9.48"
"Washington","5","462","Rhode Island","5/20/20","425","37","44009","8.71"
"Abbeville","0","36","South Carolina","5/20/20","34","2","45001","5.88"
"Aiken","4","160","South Carolina","5/20/20","132","28","45003","21.21"
"Allendale","1","33","South Carolina","5/20/20","29","4","45005","13.79"
"Anderson","3","213","South Carolina","5/20/20","191","22","45007","11.52"
"Bamberg","0","18","South Carolina","5/20/20","16","2","45009","12.5"
"Barnwell","1","41","South Carolina","5/20/20","36","5","45011","13.89"
"Beaufort","3","304","South Carolina","5/20/20","282","22","45013","7.8"
"Berkeley","1","205","South Carolina","5/20/20","198","7","45015","3.54"
"Calhoun","0","9","South Carolina","5/20/20","9","0","45017","0"
"Charleston","3","515","South Carolina","5/20/20","491","24","45019","4.89"
"Cherokee","0","25","South Carolina","5/20/20","22","3","45021","13.64"
"Chester","0","41","South Carolina","5/20/20","39","2","45023","5.13"
"Chesterfield","3","105","South Carolina","5/20/20","85","20","45025","23.53"
"Clarendon","3","290","South Carolina","5/20/20","266","24","45027","9.02"
"Colleton","4","60","South Carolina","5/20/20","33","27","45029","81.82"
"Darlington","8","232","South Carolina","5/20/20","177","55","45031","31.07"
"Dillon","4","135","South Carolina","5/20/20","104","31","45033","29.81"
"Dorchester","1","118","South Carolina","5/20/20","109","9","45035","8.26"
"Edgefield","1","45","South Carolina","5/20/20","41","4","45037","9.76"
"Fairfield","8","139","South Carolina","5/20/20","83","56","45039","67.47"
"Florence","12","550","South Carolina","5/20/20","469","81","45041","17.27"
"Georgetown","0","53","South Carolina","5/20/20","51","2","45043","3.92"
"Greenville","25","1155","South Carolina","5/20/20","981","174","45045","17.74"
"Greenwood","1","72","South Carolina","5/20/20","67","5","45047","7.46"
"Hampton","0","30","South Carolina","5/20/20","28","2","45049","7.14"
"Horry","6","314","South Carolina","5/20/20","273","41","45051","15.02"
"Jasper","0","28","South Carolina","5/20/20","25","3","45053","12"
"Kershaw","3","275","South Carolina","5/20/20","257","18","45055","7"
"Lancaster","0","108","South Carolina","5/20/20","110","-2","45057","-1.82"
"Laurens","1","57","South Carolina","5/20/20","47","10","45059","21.28"
"Lee","8","175","South Carolina","5/20/20","122","53","45061","43.44"
"Lexington","4","519","South Carolina","5/20/20","492","27","45063","5.49"
"Marion","1","56","South Carolina","5/20/20","48","8","45067","16.67"
"Marlboro","3","80","South Carolina","5/20/20","60","20","45069","33.33"
"McCormick","0","7","South Carolina","5/20/20","7","0","45065","0"
"Newberry","0","33","South Carolina","5/20/20","31","2","45071","6.45"
"Oconee","0","41","South Carolina","5/20/20","39","2","45073","5.13"
"Orangeburg","2","117","South Carolina","5/20/20","106","11","45075","10.38"
"Pickens","2","97","South Carolina","5/20/20","85","12","45077","14.12"
"Richland","17","1287","South Carolina","5/20/20","1167","120","45079","10.28"
"Saluda","5","127","South Carolina","5/20/20","92","35","45081","38.04"
"Spartanburg","9","415","South Carolina","5/20/20","354","61","45083","17.23"
"Sumter","4","324","South Carolina","5/20/20","296","28","45085","9.46"
"Union","0","31","South Carolina","5/20/20","31","0","45087","0"
"Williamsburg","5","183","South Carolina","5/20/20","150","33","45089","22"
"York","7","317","South Carolina","5/20/20","265","52","45091","19.62"
"Aurora","1","8","South Dakota","5/20/20","2","6","46003","300"
"Beadle","7","68","South Dakota","5/20/20","22","46","46005","209.09"
"Bon Homme","0","4","South Dakota","5/20/20","4","0","46009","0"
"Brookings","0","14","South Dakota","5/20/20","14","0","46011","0"
"Brown","10","211","South Dakota","5/20/20","143","68","46013","47.55"
"Buffalo","1","5","South Dakota","5/20/20","1","4","46017","400"
"Charles Mix","1","10","South Dakota","5/20/20","6","4","46023","66.67"
"Clark","0","4","South Dakota","5/20/20","3","1","46025","33.33"
"Clay","1","15","South Dakota","5/20/20","11","4","46027","36.36"
"Codington","0","17","South Dakota","5/20/20","16","1","46029","6.25"
"Corson","0","4","South Dakota","5/20/20","2","2","46031","100"
"Davison","0","9","South Dakota","5/20/20","8","1","46035","12.5"
"Day","0","11","South Dakota","5/20/20","10","1","46037","10"
"Deuel","0","1","South Dakota","5/20/20","1","0","46039","0"
"Douglas","0","1","South Dakota","5/20/20","1","0","46043","0"
"Fall River","0","4","South Dakota","5/20/20","2","2","46047","100"
"Faulk","0","1","South Dakota","5/20/20","1","0","46049","0"
"Grant","1","9","South Dakota","5/20/20","4","5","46051","125"
"Hamlin","0","3","South Dakota","5/20/20","2","1","46057","50"
"Hand","0","1","South Dakota","5/20/20","1","0","46059","0"
"Hughes","0","17","South Dakota","5/20/20","15","2","46065","13.33"
"Hutchinson","0","3","South Dakota","5/20/20","3","0","46067","0"
"Hyde","0","1","South Dakota","5/20/20","1","0","46069","0"
"Jerauld","1","10","South Dakota","5/20/20","6","4","46073","66.67"
"Lake","0","5","South Dakota","5/20/20","5","0","46079","0"
"Lawrence","0","9","South Dakota","5/20/20","9","0","46081","0"
"Lincoln","2","209","South Dakota","5/20/20","193","16","46083","8.29"
"Lyman","1","9","South Dakota","5/20/20","3","6","46085","200"
"Marshall","0","3","South Dakota","5/20/20","1","2","46091","200"
"McCook","0","5","South Dakota","5/20/20","5","0","46087","0"
"McPherson","0","1","South Dakota","5/20/20","1","0","46089","0"
"Meade","0","5","South Dakota","5/20/20","5","0","46093","0"
"Miner","0","1","South Dakota","5/20/20","1","0","46097","0"
"Minnehaha","24","3182","South Dakota","5/20/20","3017","165","46099","5.47"
"Moody","0","18","South Dakota","5/20/20","17","1","46101","5.88"
"Oglala Lakota","2","14","South Dakota","5/20/20","3","11","46102","366.67"
"Pennington","7","85","South Dakota","5/20/20","36","49","46103","136.11"
"Roberts","1","20","South Dakota","5/20/20","14","6","46109","42.86"
"Sanborn","1","7","South Dakota","5/20/20","3","4","46111","133.33"
"Spink","0","4","South Dakota","5/20/20","4","0","46115","0"
"Stanley","0","9","South Dakota","5/20/20","8","1","46117","12.5"
"Sully","0","1","South Dakota","5/20/20","1","0","46119","0"
"Todd","0","17","South Dakota","5/20/20","14","3","46121","21.43"
"Tripp","0","2","South Dakota","5/20/20","0","2","46123","1"
"Turner","1","22","South Dakota","5/20/20","18","4","46125","22.22"
"Union","2","68","South Dakota","5/20/20","56","12","46127","21.43"
"Walworth","0","5","South Dakota","5/20/20","5","0","46129","0"
"Yankton","2","44","South Dakota","5/20/20","33","11","46135","33.33"
"Ziebach","0","1","South Dakota","5/20/20","1","0","46137","0"
"Anderson","0","37","Tennessee","5/20/20","35","2","47001","5.71"
"Bedford","2","257","Tennessee","5/20/20","246","11","47003","4.47"
"Benton","0","7","Tennessee","5/20/20","6","1","47005","16.67"
"Bledsoe","1","607","Tennessee","5/20/20","603","4","47007","0.66"
"Blount","0","76","Tennessee","5/20/20","74","2","47009","2.7"
"Bradley","1","84","Tennessee","5/20/20","75","9","47011","12"
"Campbell","0","17","Tennessee","5/20/20","17","0","47013","0"
"Cannon","0","13","Tennessee","5/20/20","13","0","47015","0"
"Carroll","0","25","Tennessee","5/20/20","22","3","47017","13.64"
"Carter","0","19","Tennessee","5/20/20","18","1","47019","5.56"
"Cheatham","2","93","Tennessee","5/20/20","78","15","47021","19.23"
"Chester","0","12","Tennessee","5/20/20","12","0","47023","0"
"Claiborne","0","8","Tennessee","5/20/20","7","1","47025","14.29"
"Clay","0","6","Tennessee","5/20/20","6","0","47027","0"
"Cocke","0","20","Tennessee","5/20/20","19","1","47029","5.26"
"Coffee","1","63","Tennessee","5/20/20","56","7","47031","12.5"
"Crockett","0","14","Tennessee","5/20/20","12","2","47033","16.67"
"Cumberland","1","94","Tennessee","5/20/20","87","7","47035","8.05"
"Davidson","79","4174","Tennessee","5/20/20","3623","551","47037","15.21"
"Decatur","0","5","Tennessee","5/20/20","4","1","47039","25"
"DeKalb","1","32","Tennessee","5/20/20","28","4","47041","14.29"
"Dickson","1","93","Tennessee","5/20/20","88","5","47043","5.68"
"Dyer","0","45","Tennessee","5/20/20","44","1","47045","2.27"
"Fayette","1","95","Tennessee","5/20/20","85","10","47047","11.76"
"Fentress","0","9","Tennessee","5/20/20","6","3","47049","50"
"Franklin","0","43","Tennessee","5/20/20","41","2","47051","4.88"
"Gibson","0","59","Tennessee","5/20/20","57","2","47053","3.51"
"Giles","0","12","Tennessee","5/20/20","9","3","47055","33.33"
"Grainger","0","6","Tennessee","5/20/20","6","0","47057","0"
"Greene","0","46","Tennessee","5/20/20","47","-1","47059","-2.13"
"Grundy","0","31","Tennessee","5/20/20","30","1","47061","3.33"
"Hamblen","0","24","Tennessee","5/20/20","25","-1","47063","-4"
"Hamilton","13","377","Tennessee","5/20/20","286","91","47065","31.82"
"Hancock","0","1","Tennessee","5/20/20","0","1","47067","1"
"Hardeman","1","183","Tennessee","5/20/20","177","6","47069","3.39"
"Hardin","0","10","Tennessee","5/20/20","8","2","47071","25"
"Hawkins","0","31","Tennessee","5/20/20","31","0","47073","0"
"Haywood","0","29","Tennessee","5/20/20","28","1","47075","3.57"
"Henderson","0","12","Tennessee","5/20/20","10","2","47077","20"
"Henry","1","20","Tennessee","5/20/20","15","5","47079","33.33"
"Hickman","0","52","Tennessee","5/20/20","52","0","47081","0"
"Houston","0","7","Tennessee","5/20/20","6","1","47083","16.67"
"Humphreys","0","12","Tennessee","5/20/20","12","0","47085","0"
"Jackson","0","13","Tennessee","5/20/20","10","3","47087","30"
"Jefferson","0","26","Tennessee","5/20/20","26","0","47089","0"
"Johnson","0","15","Tennessee","5/20/20","15","0","47091","0"
"Knox","3","313","Tennessee","5/20/20","295","18","47093","6.1"
"Lake","15","403","Tennessee","5/20/20","300","103","47095","34.33"
"Lauderdale","1","48","Tennessee","5/20/20","40","8","47097","20"
"Lawrence","0","21","Tennessee","5/20/20","21","0","47099","0"
"Lewis","0","2","Tennessee","5/20/20","2","0","47101","0"
"Lincoln","0","17","Tennessee","5/20/20","16","1","47103","6.25"
"Loudon","7","97","Tennessee","5/20/20","46","51","47105","110.87"
"Macon","3","93","Tennessee","5/20/20","71","22","47111","30.99"
"Madison","1","162","Tennessee","5/20/20","156","6","47113","3.85"
"Marion","1","34","Tennessee","5/20/20","29","5","47115","17.24"
"Marshall","0","26","Tennessee","5/20/20","24","2","47117","8.33"
"Maury","2","71","Tennessee","5/20/20","58","13","47119","22.41"
"McMinn","0","125","Tennessee","5/20/20","123","2","47107","1.63"
"McNairy","0","12","Tennessee","5/20/20","12","0","47109","0"
"Meigs","0","22","Tennessee","5/20/20","22","0","47121","0"
"Monroe","3","51","Tennessee","5/20/20","33","18","47123","54.55"
"Montgomery","4","216","Tennessee","5/20/20","191","25","47125","13.09"
"Moore","0","3","Tennessee","5/20/20","3","0","47127","0"
"Morgan","1","17","Tennessee","5/20/20","12","5","47129","41.67"
"Obion","0","19","Tennessee","5/20/20","16","3","47131","18.75"
"Out of TN","10","386","Tennessee","5/20/20","318","68","80047","21.38"
"Overton","1","18","Tennessee","5/20/20","14","4","47133","28.57"
"Perry","0","13","Tennessee","5/20/20","13","0","47135","0"
"Pickett","0","2","Tennessee","5/20/20","1","1","47137","100"
"Polk","0","14","Tennessee","5/20/20","12","2","47139","16.67"
"Putnam","14","286","Tennessee","5/20/20","190","96","47141","50.53"
"Rhea","1","15","Tennessee","5/20/20","6","9","47143","150"
"Roane","0","9","Tennessee","5/20/20","8","1","47145","12.5"
"Robertson","8","298","Tennessee","5/20/20","245","53","47147","21.63"
"Rutherford","18","906","Tennessee","5/20/20","780","126","47149","16.15"
"Scott","0","11","Tennessee","5/20/20","11","0","47151","0"
"Sequatchie","0","9","Tennessee","5/20/20","7","2","47153","28.57"
"Sevier","0","68","Tennessee","5/20/20","65","3","47155","4.62"
"Shelby","66","3936","Tennessee","5/20/20","3475","461","47157","13.27"
"Smith","1","29","Tennessee","5/20/20","24","5","47159","20.83"
"Stewart","0","8","Tennessee","5/20/20","7","1","47161","14.29"
"Sullivan","0","57","Tennessee","5/20/20","54","3","47163","5.56"
"Sumner","8","768","Tennessee","5/20/20","714","54","47165","7.56"
"Tipton","1","407","Tennessee","5/20/20","400","7","47167","1.75"
"Trousdale","0","1384","Tennessee","5/20/20","1381","3","47169","0.22"
"Unicoi","0","3","Tennessee","5/20/20","3","0","47171","0"
"Union","0","4","Tennessee","5/20/20","4","0","47173","0"
"Van Buren","0","4","Tennessee","5/20/20","2","2","47175","100"
"Warren","0","16","Tennessee","5/20/20","13","3","47177","23.08"
"Washington","1","70","Tennessee","5/20/20","64","6","47179","9.38"
"Wayne","9","63","Tennessee","5/20/20","3","60","47181","2000"
"Weakley","0","27","Tennessee","5/20/20","24","3","47183","12.5"
"White","1","21","Tennessee","5/20/20","17","4","47185","23.53"
"Williamson","6","492","Tennessee","5/20/20","453","39","47187","8.61"
"Wilson","4","338","Tennessee","5/20/20","309","29","47189","9.39"
"Anderson","2","61","Texas","5/20/20","50","11","48001","22"
"Andrews","0","22","Texas","5/20/20","22","0","48003","0"
"Angelina","5","154","Texas","5/20/20","117","37","48005","31.62"
"Aransas","0","4","Texas","5/20/20","2","2","48007","100"
"Archer","0","1","Texas","5/20/20","0","1","48009","1"
"Armstrong","0","2","Texas","5/20/20","2","0","48011","0"
"Atascosa","1","32","Texas","5/20/20","27","5","48013","18.52"
"Austin","1","20","Texas","5/20/20","15","5","48015","33.33"
"Bailey","1","10","Texas","5/20/20","3","7","48017","233.33"
"Bandera","0","6","Texas","5/20/20","6","0","48019","0"
"Bastrop","5","152","Texas","5/20/20","120","32","48021","26.67"
"Bee","0","7","Texas","5/20/20","6","1","48025","16.67"
"Bell","5","267","Texas","5/20/20","231","36","48027","15.58"
"Bexar","48","2278","Texas","5/20/20","1942","336","48029","17.3"
"Blanco","0","7","Texas","5/20/20","6","1","48031","16.67"
"Bosque","0","6","Texas","5/20/20","6","0","48035","0"
"Bowie","13","174","Texas","5/20/20","82","92","48037","112.2"
"Brazoria","16","795","Texas","5/20/20","686","109","48039","15.89"
"Brazos","8","341","Texas","5/20/20","287","54","48041","18.82"
"Brewster","0","1","Texas","5/20/20","1","0","48043","0"
"Briscoe","0","1","Texas","5/20/20","1","0","48045","0"
"Brooks","0","1","Texas","5/20/20","1","0","48047","0"
"Brown","1","55","Texas","5/20/20","51","4","48049","7.84"
"Burleson","1","20","Texas","5/20/20","16","4","48051","25"
"Burnet","0","28","Texas","5/20/20","28","0","48053","0"
"Caldwell","1","39","Texas","5/20/20","33","6","48055","18.18"
"Calhoun","0","37","Texas","5/20/20","36","1","48057","2.78"
"Callahan","0","8","Texas","5/20/20","7","1","48059","14.29"
"Cameron","15","649","Texas","5/20/20","544","105","48061","19.3"
"Camp","3","29","Texas","5/20/20","11","18","48063","163.64"
"Carson","0","5","Texas","5/20/20","3","2","48065","66.67"
"Cass","0","21","Texas","5/20/20","21","0","48067","0"
"Castro","1","28","Texas","5/20/20","24","4","48069","16.67"
"Chambers","1","58","Texas","5/20/20","50","8","48071","16"
"Cherokee","2","38","Texas","5/20/20","27","11","48073","40.74"
"Childress","0","2","Texas","5/20/20","2","0","48075","0"
"Clay","0","3","Texas","5/20/20","3","0","48077","0"
"Cochran","0","1","Texas","5/20/20","1","0","48079","0"
"Coke","0","1","Texas","5/20/20","1","0","48081","0"
"Coleman","0","2","Texas","5/20/20","2","0","48083","0"
"Collin","16","1073","Texas","5/20/20","963","110","48085","11.42"
"Collingsworth","0","4","Texas","5/20/20","4","0","48087","0"
"Colorado","0","19","Texas","5/20/20","18","1","48089","5.56"
"Comal","1","72","Texas","5/20/20","68","4","48091","5.88"
"Comanche","0","5","Texas","5/20/20","3","2","48093","66.67"
"Concho","0","1","Texas","5/20/20","1","0","48095","0"
"Cooke","0","13","Texas","5/20/20","13","0","48097","0"
"Coryell","1","225","Texas","5/20/20","217","8","48099","3.69"
"Cottle","0","4","Texas","5/20/20","4","0","48101","0"
"Crane","0","2","Texas","5/20/20","2","0","48103","0"
"Crosby","0","3","Texas","5/20/20","2","1","48107","50"
"Dallam","1","22","Texas","5/20/20","17","5","48111","29.41"
"Dallas","186","7904","Texas","5/20/20","6602","1302","48113","19.72"
"Dawson","1","39","Texas","5/20/20","32","7","48115","21.88"
"Deaf Smith","7","139","Texas","5/20/20","92","47","48117","51.09"
"Delta","0","1","Texas","5/20/20","1","0","48119","0"
"Denton","21","1116","Texas","5/20/20","968","148","48121","15.29"
"DeWitt","0","17","Texas","5/20/20","17","0","48123","0"
"Dickens","0","1","Texas","5/20/20","1","0","48125","0"
"Dimmit","0","1","Texas","5/20/20","1","0","48127","0"
"Donley","0","26","Texas","5/20/20","25","1","48129","4"
"Duval","0","6","Texas","5/20/20","5","1","48131","20"
"Eastland","0","5","Texas","5/20/20","3","2","48133","66.67"
"Ector","3","124","Texas","5/20/20","100","24","48135","24"
"El Paso","74","1930","Texas","5/20/20","1413","517","48141","36.59"
"Ellis","6","264","Texas","5/20/20","221","43","48139","19.46"
"Erath","0","15","Texas","5/20/20","14","1","48143","7.14"
"Falls","0","6","Texas","5/20/20","6","0","48145","0"
"Fannin","1","28","Texas","5/20/20","24","4","48147","16.67"
"Fayette","1","31","Texas","5/20/20","26","5","48149","19.23"
"Fisher","0","2","Texas","5/20/20","0","2","48151","1"
"Floyd","0","5","Texas","5/20/20","4","1","48153","25"
"Fort Bend","31","1621","Texas","5/20/20","1404","217","48157","15.46"
"Franklin","1","8","Texas","5/20/20","3","5","48159","166.67"
"Freestone","0","7","Texas","5/20/20","7","0","48161","0"
"Frio","0","35","Texas","5/20/20","34","1","48163","2.94"
"Gaines","0","6","Texas","5/20/20","4","2","48165","50"
"Galveston","4","715","Texas","5/20/20","688","27","48167","3.92"
"Garza","0","4","Texas","5/20/20","4","0","48169","0"
"Gillespie","0","5","Texas","5/20/20","4","1","48171","25"
"Glasscock","0","1","Texas","5/20/20","1","0","48173","0"
"Goliad","0","7","Texas","5/20/20","7","0","48175","0"
"Gonzales","4","88","Texas","5/20/20","62","26","48177","41.94"
"Gray","3","95","Texas","5/20/20","77","18","48179","23.38"
"Grayson","12","199","Texas","5/20/20","112","87","48181","77.68"
"Gregg","5","173","Texas","5/20/20","136","37","48183","27.21"
"Grimes","5","89","Texas","5/20/20","54","35","48185","64.81"
"Guadalupe","2","114","Texas","5/20/20","99","15","48187","15.15"
"Hale","1","49","Texas","5/20/20","40","9","48189","22.5"
"Hall","0","1","Texas","5/20/20","0","1","48191","1"
"Hamilton","0","7","Texas","5/20/20","7","0","48193","0"
"Hansford","1","17","Texas","5/20/20","13","4","48195","30.77"
"Hardin","1","121","Texas","5/20/20","115","6","48199","5.22"
"Harris","211","10095","Texas","5/20/20","8621","1474","48201","17.1"
"Harrison","2","206","Texas","5/20/20","192","14","48203","7.29"
"Hartley","0","11","Texas","5/20/20","9","2","48205","22.22"
"Haskell","0","2","Texas","5/20/20","0","2","48207","1"
"Hays","3","238","Texas","5/20/20","214","24","48209","11.21"
"Hemphill","0","1","Texas","5/20/20","1","0","48211","0"
"Henderson","0","49","Texas","5/20/20","47","2","48213","4.26"
"Hidalgo","8","457","Texas","5/20/20","403","54","48215","13.4"
"Hill","0","23","Texas","5/20/20","21","2","48217","9.52"
"Hockley","1","27","Texas","5/20/20","23","4","48219","17.39"
"Hood","0","23","Texas","5/20/20","22","1","48221","4.55"
"Hopkins","0","11","Texas","5/20/20","8","3","48223","37.5"
"Houston","9","81","Texas","5/20/20","21","60","48225","285.71"
"Howard","0","6","Texas","5/20/20","6","0","48227","0"
"Hunt","2","69","Texas","5/20/20","58","11","48231","18.97"
"Hutchinson","1","32","Texas","5/20/20","25","7","48233","28"
"Jack","0","4","Texas","5/20/20","4","0","48237","0"
"Jackson","0","15","Texas","5/20/20","15","0","48239","0"
"Jasper","1","26","Texas","5/20/20","19","7","48241","36.84"
"Jefferson","8","458","Texas","5/20/20","399","59","48245","14.79"
"Jim Hogg","0","4","Texas","5/20/20","3","1","48247","33.33"
"Jim Wells","0","8","Texas","5/20/20","7","1","48249","14.29"
"Johnson","5","142","Texas","5/20/20","110","32","48251","29.09"
"Jones","2","117","Texas","5/20/20","101","16","48253","15.84"
"Karnes","0","4","Texas","5/20/20","4","0","48255","0"
"Kaufman","5","165","Texas","5/20/20","133","32","48257","24.06"
"Kendall","1","24","Texas","5/20/20","20","4","48259","20"
"Kerr","0","11","Texas","5/20/20","9","2","48265","22.22"
"Kimble","0","1","Texas","5/20/20","1","0","48267","0"
"Kleberg","0","14","Texas","5/20/20","11","3","48273","27.27"
"Knox","0","1","Texas","5/20/20","1","0","48275","0"
"La Salle","0","4","Texas","5/20/20","3","1","48283","33.33"
"Lamar","3","122","Texas","5/20/20","104","18","48277","17.31"
"Lamb","0","11","Texas","5/20/20","8","3","48279","37.5"
"Lampasas","0","8","Texas","5/20/20","8","0","48281","0"
"Lavaca","0","8","Texas","5/20/20","7","1","48285","14.29"
"Lee","0","6","Texas","5/20/20","6","0","48287","0"
"Leon","0","9","Texas","5/20/20","9","0","48289","0"
"Liberty","1","79","Texas","5/20/20","72","7","48291","9.72"
"Limestone","0","17","Texas","5/20/20","15","2","48293","13.33"
"Lipscomb","0","2","Texas","5/20/20","2","0","48295","0"
"Live Oak","0","7","Texas","5/20/20","5","2","48297","40"
"Llano","0","3","Texas","5/20/20","3","0","48299","0"
"Lubbock","4","630","Texas","5/20/20","605","25","48303","4.13"
"Lynn","0","5","Texas","5/20/20","5","0","48305","0"
"Madison","1","8","Texas","5/20/20","2","6","48313","300"
"Marion","0","15","Texas","5/20/20","15","0","48315","0"
"Martin","0","3","Texas","5/20/20","3","0","48317","0"
"Mason","0","31","Texas","5/20/20","28","3","48319","10.71"
"Matagorda","0","66","Texas","5/20/20","64","2","48321","3.12"
"Maverick","7","93","Texas","5/20/20","45","48","48323","106.67"
"McCulloch","0","3","Texas","5/20/20","3","0","48307","0"
"McLennan","0","98","Texas","5/20/20","96","2","48309","2.08"
"Medina","2","60","Texas","5/20/20","45","15","48325","33.33"
"Midland","1","122","Texas","5/20/20","112","10","48329","8.93"
"Milam","1","26","Texas","5/20/20","20","6","48331","30"
"Mills","0","1","Texas","5/20/20","1","0","48333","0"
"Mitchell","0","1","Texas","5/20/20","1","0","48335","0"
"Montague","0","9","Texas","5/20/20","9","0","48337","0"
"Montgomery","15","861","Texas","5/20/20","758","103","48339","13.59"
"Moore","8","579","Texas","5/20/20","526","53","48341","10.08"
"Morris","1","14","Texas","5/20/20","9","5","48343","55.56"
"Motley","0","1","Texas","5/20/20","1","0","48345","0"
"Nacogdoches","3","243","Texas","5/20/20","224","19","48347","8.48"
"Navarro","0","40","Texas","5/20/20","37","3","48349","8.11"
"Newton","0","4","Texas","5/20/20","4","0","48351","0"
"Nolan","0","2","Texas","5/20/20","2","0","48353","0"
"Nueces","11","248","Texas","5/20/20","174","74","48355","42.53"
"Ochiltree","0","41","Texas","5/20/20","40","1","48357","2.5"
"Oldham","0","3","Texas","5/20/20","3","0","48359","0"
"Orange","1","89","Texas","5/20/20","84","5","48361","5.95"
"Palo Pinto","0","10","Texas","5/20/20","9","1","48363","11.11"
"Panola","2","175","Texas","5/20/20","162","13","48365","8.02"
"Parker","2","64","Texas","5/20/20","47","17","48367","36.17"
"Parmer","2","39","Texas","5/20/20","22","17","48369","77.27"
"Pecos","1","24","Texas","5/20/20","20","4","48371","20"
"Polk","1","50","Texas","5/20/20","40","10","48373","25"
"Potter","124","2193","Texas","5/20/20","1327","866","48375","65.26"
"Rains","0","2","Texas","5/20/20","2","0","48379","0"
"Randall","29","616","Texas","5/20/20","413","203","48381","49.15"
"Red River","2","40","Texas","5/20/20","28","12","48387","42.86"
"Reeves","0","7","Texas","5/20/20","7","0","48389","0"
"Refugio","0","3","Texas","5/20/20","3","0","48391","0"
"Roberts","0","2","Texas","5/20/20","2","0","48393","0"
"Robertson","0","7","Texas","5/20/20","6","1","48395","16.67"
"Rockwall","2","143","Texas","5/20/20","126","17","48397","13.49"
"Runnels","0","2","Texas","5/20/20","2","0","48399","0"
"Rusk","0","42","Texas","5/20/20","40","2","48401","5"
"Sabine","0","4","Texas","5/20/20","3","1","48403","33.33"
"San Augustine","1","26","Texas","5/20/20","22","4","48405","18.18"
"San Jacinto","0","12","Texas","5/20/20","11","1","48407","9.09"
"San Patricio","1","26","Texas","5/20/20","22","4","48409","18.18"
"San Saba","0","1","Texas","5/20/20","0","1","48411","1"
"Scurry","0","2","Texas","5/20/20","2","0","48415","0"
"Shackelford","0","1","Texas","5/20/20","1","0","48417","0"
"Shelby","2","177","Texas","5/20/20","163","14","48419","8.59"
"Sherman","0","23","Texas","5/20/20","23","0","48421","0"
"Smith","1","192","Texas","5/20/20","185","7","48423","3.78"
"Starr","1","23","Texas","5/20/20","14","9","48427","64.29"
"Stephens","0","2","Texas","5/20/20","2","0","48429","0"
"Swisher","0","15","Texas","5/20/20","13","2","48437","15.38"
"Tarrant","119","4643","Texas","5/20/20","3810","833","48439","21.86"
"Taylor","2","225","Texas","5/20/20","213","12","48441","5.63"
"Terry","0","13","Texas","5/20/20","12","1","48445","8.33"
"Titus","12","142","Texas","5/20/20","59","83","48449","140.68"
"Tom Green","1","88","Texas","5/20/20","84","4","48451","4.76"
"Travis","44","2595","Texas","5/20/20","2288","307","48453","13.42"
"Trinity","0","11","Texas","5/20/20","11","0","48455","0"
"Tyler","0","10","Texas","5/20/20","7","3","48457","42.86"
"Upshur","0","18","Texas","5/20/20","17","1","48459","5.88"
"Uvalde","0","6","Texas","5/20/20","6","0","48463","0"
"Val Verde","0","13","Texas","5/20/20","13","0","48465","0"
"Van Zandt","0","24","Texas","5/20/20","22","2","48467","9.09"
"Victoria","1","157","Texas","5/20/20","150","7","48469","4.67"
"Walker","23","552","Texas","5/20/20","393","159","48471","40.46"
"Waller","1","45","Texas","5/20/20","39","6","48473","15.38"
"Washington","2","186","Texas","5/20/20","175","11","48477","6.29"
"Webb","7","492","Texas","5/20/20","444","48","48479","10.81"
"Wharton","1","46","Texas","5/20/20","42","4","48481","9.52"
"Wheeler","0","15","Texas","5/20/20","14","1","48483","7.14"
"Wichita","1","82","Texas","5/20/20","76","6","48485","7.89"
"Wilbarger","1","6","Texas","5/20/20","2","4","48487","200"
"Willacy","0","15","Texas","5/20/20","14","1","48489","7.14"
"Williamson","13","513","Texas","5/20/20","424","89","48491","20.99"
"Wilson","0","37","Texas","5/20/20","36","1","48493","2.78"
"Winkler","0","3","Texas","5/20/20","3","0","48495","0"
"Wise","0","38","Texas","5/20/20","35","3","48497","8.57"
"Wood","1","22","Texas","5/20/20","15","7","48499","46.67"
"Yoakum","0","3","Texas","5/20/20","2","1","48501","50"
"Young","0","4","Texas","5/20/20","4","0","48503","0"
"Zapata","0","8","Texas","5/20/20","7","1","48505","14.29"
"Zavala","0","10","Texas","5/20/20","9","1","48507","11.11"
"Bear River","1","93","Utah","5/20/20","83","10","00000","12.05"
"Central Utah","0","31","Utah","5/20/20","29","2","00000","6.9"
"Davis","6","386","Utah","5/20/20","344","42","49011","12.21"
"Salt Lake","85","4123","Utah","5/20/20","3530","593","49035","16.8"
"San Juan","13","246","Utah","5/20/20","152","94","49037","61.84"
"Southeast Utah","0","16","Utah","5/20/20","13","3","00000","23.08"
"Southwest Utah","11","260","Utah","5/20/20","180","80","00000","44.44"
"Summit","2","403","Utah","5/20/20","392","11","49043","2.81"
"Tooele","3","104","Utah","5/20/20","85","19","49045","22.35"
"TriCounty","1","20","Utah","5/20/20","16","4","00000","25"
"Utah","24","1569","Utah","5/20/20","1400","169","49049","12.07"
"Wasatch","5","217","Utah","5/20/20","185","32","49051","17.3"
"Weber-Morgan","4","242","Utah","5/20/20","211","31","00000","14.69"
"Addison","0","62","Vermont","5/20/20","62","0","50001","0"
"Bennington","0","60","Vermont","5/20/20","60","0","50003","0"
"Caledonia","0","14","Vermont","5/20/20","14","0","50005","0"
"Chittenden","1","439","Vermont","5/20/20","432","7","50007","1.62"
"Essex","0","2","Vermont","5/20/20","2","0","50009","0"
"Franklin","0","99","Vermont","5/20/20","99","0","50011","0"
"Grand Isle","0","4","Vermont","5/20/20","4","0","50013","0"
"Lamoille","0","27","Vermont","5/20/20","27","0","50015","0"
"Orange","0","8","Vermont","5/20/20","8","0","50017","0"
"Orleans","0","9","Vermont","5/20/20","9","0","50019","0"
"Rutland","0","50","Vermont","5/20/20","49","1","50021","2.04"
"Washington","0","38","Vermont","5/20/20","38","0","50023","0"
"Windham","0","77","Vermont","5/20/20","75","2","50025","2.67"
"Windsor","0","48","Vermont","5/20/20","46","2","50027","4.35"
"","0","69","Virgin Islands","5/20/20","69","0",,"0"
"Accomack","23","709","Virginia","5/20/20","545","164","51001","30.09"
"Albemarle","2","142","Virginia","5/20/20","126","16","51003","12.7"
"Alexandria","39","1577","Virginia","5/20/20","1305","272","51510","20.84"
"Alleghany","1","10","Virginia","5/20/20","6","4","51005","66.67"
"Amelia","1","21","Virginia","5/20/20","17","4","51007","23.53"
"Amherst","1","25","Virginia","5/20/20","20","5","51009","25"
"Appomattox","0","24","Virginia","5/20/20","22","2","51011","9.09"
"Arlington","38","1728","Virginia","5/20/20","1460","268","51013","18.36"
"Augusta","3","88","Virginia","5/20/20","66","22","51015","33.33"
"Bedford","0","41","Virginia","5/20/20","40","1","51019","2.5"
"Botetourt","0","31","Virginia","5/20/20","30","1","51023","3.33"
"Bristol","0","3","Virginia","5/20/20","3","0","51520","0"
"Brunswick","0","21","Virginia","5/20/20","20","1","51025","5"
"Buchanan","0","18","Virginia","5/20/20","16","2","51027","12.5"
"Buckingham","10","419","Virginia","5/20/20","347","72","51029","20.75"
"Buena Vista","0","11","Virginia","5/20/20","8","3","51530","37.5"
"Campbell","0","13","Virginia","5/20/20","13","0","51031","0"
"Caroline","1","45","Virginia","5/20/20","39","6","51033","15.38"
"Carroll","4","64","Virginia","5/20/20","39","25","51035","64.1"
"Charles City","0","24","Virginia","5/20/20","21","3","51036","14.29"
"Charlotte","1","15","Virginia","5/20/20","11","4","51037","36.36"
"Charlottesville","1","72","Virginia","5/20/20","68","4","51540","5.88"
"Chesapeake","7","401","Virginia","5/20/20","354","47","51550","13.28"
"Chesterfield","34","1100","Virginia","5/20/20","862","238","51041","27.61"
"Clarke","0","19","Virginia","5/20/20","16","3","51043","18.75"
"Colonial Heights","1","80","Virginia","5/20/20","71","9","51570","12.68"
"Covington","0","3","Virginia","5/20/20","1","2","51580","200"
"Craig","0","4","Virginia","5/20/20","4","0","51045","0"
"Culpeper","25","494","Virginia","5/20/20","320","174","51047","54.38"
"Cumberland","1","25","Virginia","5/20/20","18","7","51049","38.89"
"Danville","1","45","Virginia","5/20/20","41","4","51590","9.76"
"Dinwiddie","2","47","Virginia","5/20/20","30","17","51053","56.67"
"Emporia","1","58","Virginia","5/20/20","50","8","51595","16"
"Essex","1","35","Virginia","5/20/20","29","6","51057","20.69"
"Fairfax","214","8163","Virginia","5/20/20","6666","1497","51059","22.46"
"Fairfax City","1","47","Virginia","5/20/20","43","4","51600","9.3"
"Falls Church","1","44","Virginia","5/20/20","39","5","51610","12.82"
"Fauquier","9","251","Virginia","5/20/20","190","61","51061","32.11"
"Floyd","0","4","Virginia","5/20/20","4","0","51063","0"
"Fluvanna","0","82","Virginia","5/20/20","79","3","51065","3.8"
"Franklin","0","30","Virginia","5/20/20","30","0","51067","0"
"Franklin City","1","32","Virginia","5/20/20","25","7","51620","28"
"Frederick","7","234","Virginia","5/20/20","182","52","51069","28.57"
"Fredericksburg","4","101","Virginia","5/20/20","72","29","51630","40.28"
"Galax","3","82","Virginia","5/20/20","64","18","51640","28.12"
"Giles","0","5","Virginia","5/20/20","5","0","51071","0"
"Gloucester","0","29","Virginia","5/20/20","28","1","51073","3.57"
"Goochland","1","88","Virginia","5/20/20","82","6","51075","7.32"
"Grayson","1","22","Virginia","5/20/20","18","4","51077","22.22"
"Greene","1","20","Virginia","5/20/20","16","4","51079","25"
"Greensville","1","55","Virginia","5/20/20","49","6","51081","12.24"
"Halifax","1","29","Virginia","5/20/20","25","4","51083","16"
"Hampton","2","165","Virginia","5/20/20","148","17","51650","11.49"
"Hanover","8","238","Virginia","5/20/20","183","55","51085","30.05"
"Harrisonburg","10","675","Virginia","5/20/20","607","68","51660","11.2"
"Henrico","25","1321","Virginia","5/20/20","1146","175","51087","15.27"
"Henry","3","50","Virginia","5/20/20","28","22","51089","78.57"
"Highland","0","2","Virginia","5/20/20","2","0","51091","0"
"Hopewell","2","61","Virginia","5/20/20","45","16","51670","35.56"
"Isle of Wight","1","120","Virginia","5/20/20","113","7","51093","6.19"
"James City","2","189","Virginia","5/20/20","174","15","51095","8.62"
"King and Queen","0","7","Virginia","5/20/20","6","1","51097","16.67"
"King George","1","48","Virginia","5/20/20","44","4","51099","9.09"
"King William","0","15","Virginia","5/20/20","12","3","51101","25"
"Lancaster","0","7","Virginia","5/20/20","7","0","51103","0"
"Lee","0","10","Virginia","5/20/20","10","0","51105","0"
"Lexington","0","6","Virginia","5/20/20","5","1","51678","20"
"Loudoun","42","1579","Virginia","5/20/20","1283","296","51107","23.07"
"Louisa","0","61","Virginia","5/20/20","59","2","51109","3.39"
"Lunenburg","0","7","Virginia","5/20/20","6","1","51111","16.67"
"Lynchburg","0","75","Virginia","5/20/20","72","3","51680","4.17"
"Madison","1","27","Virginia","5/20/20","22","5","51113","22.73"
"Manassas","34","699","Virginia","5/20/20","459","240","51683","52.29"
"Manassas Park","8","207","Virginia","5/20/20","152","55","51685","36.18"
"Martinsville","3","20","Virginia","5/20/20","2","18","51690","900"
"Mathews","0","5","Virginia","5/20/20","5","0","51115","0"
"Mecklenburg","6","178","Virginia","5/20/20","138","40","51117","28.99"
"Middlesex","0","12","Virginia","5/20/20","10","2","51119","20"
"Montgomery","0","66","Virginia","5/20/20","66","0","51121","0"
"Nelson","0","13","Virginia","5/20/20","12","1","51125","8.33"
"New Kent","0","27","Virginia","5/20/20","28","-1","51127","-3.57"
"Newport News","6","211","Virginia","5/20/20","171","40","51700","23.39"
"Norfolk","6","370","Virginia","5/20/20","327","43","51710","13.15"
"Northampton","4","205","Virginia","5/20/20","174","31","51131","17.82"
"Northumberland","1","21","Virginia","5/20/20","11","10","51133","90.91"
"Norton","0","2","Virginia","5/20/20","2","0","51720","0"
"Nottoway","1","18","Virginia","5/20/20","14","4","51135","28.57"
"Orange","3","69","Virginia","5/20/20","50","19","51137","38"
"Page","4","166","Virginia","5/20/20","140","26","51139","18.57"
"Patrick","1","10","Virginia","5/20/20","6","4","51141","66.67"
"Petersburg","4","80","Virginia","5/20/20","53","27","51730","50.94"
"Pittsylvania","1","26","Virginia","5/20/20","17","9","51143","52.94"
"Poquoson","0","7","Virginia","5/20/20","7","0","51735","0"
"Portsmouth","4","241","Virginia","5/20/20","213","28","51740","13.15"
"Powhatan","0","25","Virginia","5/20/20","22","3","51145","13.64"
"Prince Edward","2","86","Virginia","5/20/20","69","17","51147","24.64"
"Prince George","1","56","Virginia","5/20/20","46","10","51149","21.74"
"Prince William","125","4054","Virginia","5/20/20","3181","873","51153","27.44"
"Pulaski","0","10","Virginia","5/20/20","9","1","51155","11.11"
"Radford","0","4","Virginia","5/20/20","3","1","51750","33.33"
"Rappahannock","0","12","Virginia","5/20/20","10","2","51157","20"
"Richmond","9","263","Virginia","5/20/20","200","63","51159","31.5"
"Richmond City","35","835","Virginia","5/20/20","592","243","51760","41.05"
"Roanoke","1","88","Virginia","5/20/20","80","8","51161","10"
"Roanoke City","3","135","Virginia","5/20/20","116","19","51770","16.38"
"Rockbridge","0","13","Virginia","5/20/20","11","2","51163","18.18"
"Rockingham","6","414","Virginia","5/20/20","373","41","51165","10.99"
"Russell","0","8","Virginia","5/20/20","6","2","51167","33.33"
"Salem","0","33","Virginia","5/20/20","32","1","51775","3.12"
"Scott","0","7","Virginia","5/20/20","7","0","51169","0"
"Shenandoah","11","345","Virginia","5/20/20","271","74","51171","27.31"
"Smyth","0","15","Virginia","5/20/20","15","0","51173","0"
"Southampton","1","137","Virginia","5/20/20","132","5","51175","3.79"
"Spotsylvania","12","351","Virginia","5/20/20","270","81","51177","30"
"Stafford","14","514","Virginia","5/20/20","413","101","51179","24.46"
"Staunton","2","33","Virginia","5/20/20","21","12","51790","57.14"
"Suffolk","8","274","Virginia","5/20/20","221","53","51800","23.98"
"Surry","0","6","Virginia","5/20/20","6","0","51181","0"
"Sussex","9","99","Virginia","5/20/20","38","61","51183","160.53"
"Tazewell","0","6","Virginia","5/20/20","6","0","51185","0"
"Virginia Beach","6","564","Virginia","5/20/20","519","45","51810","8.67"
"Warren","2","105","Virginia","5/20/20","88","17","51187","19.32"
"Washington","0","50","Virginia","5/20/20","49","1","51191","2.04"
"Waynesboro","1","29","Virginia","5/20/20","21","8","51820","38.1"
"Westmoreland","0","42","Virginia","5/20/20","42","0","51193","0"
"Williamsburg","0","43","Virginia","5/20/20","42","1","51830","2.38"
"Winchester","4","104","Virginia","5/20/20","73","31","51840","42.47"
"Wise","0","23","Virginia","5/20/20","23","0","51195","0"
"Wythe","0","16","Virginia","5/20/20","15","1","51197","6.67"
"York","0","63","Virginia","5/20/20","60","3","51199","5"
"Adams","0","50","Washington","5/20/20","50","0","53001","0"
"Asotin","0","18","Washington","5/20/20","18","0","53003","0"
"Benton","9","660","Washington","5/20/20","595","65","53005","10.92"
"Chelan","5","186","Washington","5/20/20","153","33","53007","21.57"
"Clallam","1","25","Washington","5/20/20","19","6","53009","31.58"
"Clark","2","392","Washington","5/20/20","377","15","53011","3.98"
"Columbia","0","1","Washington","5/20/20","1","0","53013","0"
"Cowlitz","1","70","Washington","5/20/20","66","4","53015","6.06"
"Douglas","2","132","Washington","5/20/20","116","16","53017","13.79"
"Ferry","0","1","Washington","5/20/20","1","0","53019","0"
"Franklin","6","466","Washington","5/20/20","422","44","53021","10.43"
"Grant","0","188","Washington","5/20/20","185","3","53025","1.62"
"Grays Harbor","0","15","Washington","5/20/20","13","2","53027","15.38"
"Island","0","176","Washington","5/20/20","176","0","53029","0"
"Jefferson","0","30","Washington","5/20/20","29","1","53031","3.45"
"King","56","7602","Washington","5/20/20","7212","390","53033","5.41"
"Kitsap","1","161","Washington","5/20/20","156","5","53035","3.21"
"Kittitas","4","66","Washington","5/20/20","40","26","53037","65"
"Klickitat","0","24","Washington","5/20/20","22","2","53039","9.09"
"Lewis","0","35","Washington","5/20/20","33","2","53041","6.06"
"Lincoln","0","2","Washington","5/20/20","2","0","53043","0"
"Mason","0","33","Washington","5/20/20","30","3","53045","10"
"Okanogan","2","40","Washington","5/20/20","29","11","53047","37.93"
"Pacific","0","9","Washington","5/20/20","9","0","53049","0"
"Pend Oreille","0","2","Washington","5/20/20","2","0","53051","0"
"Pierce","16","1716","Washington","5/20/20","1604","112","53053","6.98"
"San Juan","0","15","Washington","5/20/20","15","0","53055","0"
"Skagit","2","426","Washington","5/20/20","411","15","53057","3.65"
"Skamania","0","3","Washington","5/20/20","3","0","53059","0"
"Snohomish","15","2826","Washington","5/20/20","2720","106","53061","3.9"
"Spokane","4","415","Washington","5/20/20","387","28","53063","7.24"
"Stevens","0","10","Washington","5/20/20","9","1","53065","11.11"
"Thurston","0","124","Washington","5/20/20","122","2","53067","1.64"
"Wahkiakum","0","4","Washington","5/20/20","4","0","53069","0"
"Walla Walla","0","106","Washington","5/20/20","105","1","53071","0.95"
"Whatcom","3","360","Washington","5/20/20","341","19","53073","5.57"
"Whitman","0","16","Washington","5/20/20","16","0","53075","0"
"Yakima","82","2518","Washington","5/20/20","1946","572","53077","29.39"
"Barbour","0","7","West Virginia","5/20/20","7","0","54001","0"
"Berkeley","7","245","West Virginia","5/20/20","197","48","54003","24.37"
"Boone","0","9","West Virginia","5/20/20","9","0","54005","0"
"Braxton","0","2","West Virginia","5/20/20","2","0","54007","0"
"Brooke","0","3","West Virginia","5/20/20","3","0","54009","0"
"Cabell","0","55","West Virginia","5/20/20","53","2","54011","3.77"
"Calhoun","0","2","West Virginia","5/20/20","0","2","54013","1"
"Clay","0","2","West Virginia","5/20/20","2","0","54015","0"
"Fayette","1","39","West Virginia","5/20/20","34","5","54019","14.71"
"Gilmer","0","9","West Virginia","5/20/20","8","1","54021","12.5"
"Grant","0","6","West Virginia","5/20/20","5","1","54023","20"
"Greenbrier","0","9","West Virginia","5/20/20","8","1","54025","12.5"
"Hampshire","0","12","West Virginia","5/20/20","10","2","54027","20"
"Hancock","0","12","West Virginia","5/20/20","12","0","54029","0"
"Hardy","2","33","West Virginia","5/20/20","20","13","54031","65"
"Harrison","0","37","West Virginia","5/20/20","34","3","54033","8.82"
"Jackson","0","135","West Virginia","5/20/20","136","-1","54035","-0.74"
"Jefferson","3","115","West Virginia","5/20/20","91","24","54037","26.37"
"Kanawha","2","205","West Virginia","5/20/20","189","16","54039","8.47"
"Lewis","0","5","West Virginia","5/20/20","4","1","54041","25"
"Lincoln","0","5","West Virginia","5/20/20","5","0","54043","0"
"Logan","0","15","West Virginia","5/20/20","14","1","54045","7.14"
"Marion","0","48","West Virginia","5/20/20","46","2","54049","4.35"
"Marshall","0","25","West Virginia","5/20/20","22","3","54051","13.64"
"Mason","0","15","West Virginia","5/20/20","14","1","54053","7.14"
"McDowell","0","6","West Virginia","5/20/20","6","0","54047","0"
"Mercer","0","13","West Virginia","5/20/20","12","1","54055","8.33"
"Mineral","1","34","West Virginia","5/20/20","25","9","54057","36"
"Mingo","0","3","West Virginia","5/20/20","3","0","54059","0"
"Monongalia","1","118","West Virginia","5/20/20","114","4","54061","3.51"
"Monroe","0","6","West Virginia","5/20/20","6","0","54063","0"
"Morgan","0","17","West Virginia","5/20/20","17","0","54065","0"
"Nicholas","0","9","West Virginia","5/20/20","8","1","54067","12.5"
"Ohio","0","37","West Virginia","5/20/20","37","0","54069","0"
"Pendleton","0","5","West Virginia","5/20/20","5","0","54071","0"
"Pleasants","0","2","West Virginia","5/20/20","2","0","54073","0"
"Pocahontas","1","10","West Virginia","5/20/20","2","8","54075","400"
"Preston","0","15","West Virginia","5/20/20","14","1","54077","7.14"
"Putnam","0","30","West Virginia","5/20/20","29","1","54079","3.45"
"Raleigh","1","14","West Virginia","5/20/20","10","4","54081","40"
"Randolph","1","9","West Virginia","5/20/20","5","4","54083","80"
"Ritchie","0","1","West Virginia","5/20/20","1","0","54085","0"
"Roane","0","8","West Virginia","5/20/20","8","0","54087","0"
"Summers","0","1","West Virginia","5/20/20","1","0","54089","0"
"Taylor","0","8","West Virginia","5/20/20","8","0","54091","0"
"Tucker","0","4","West Virginia","5/20/20","4","0","54093","0"
"Tyler","0","3","West Virginia","5/20/20","3","0","54095","0"
"Upshur","0","6","West Virginia","5/20/20","6","0","54097","0"
"Wayne","0","96","West Virginia","5/20/20","93","3","54099","3.23"
"Wetzel","0","7","West Virginia","5/20/20","6","1","54103","16.67"
"Wirt","0","4","West Virginia","5/20/20","3","1","54105","33.33"
"Wood","1","48","West Virginia","5/20/20","44","4","54107","9.09"
"Wyoming","0","3","West Virginia","5/20/20","1","2","54109","200"
"Adams","0","4","Wisconsin","5/20/20","4","0","55001","0"
"Ashland","0","2","Wisconsin","5/20/20","2","0","55003","0"
"Barron","0","11","Wisconsin","5/20/20","11","0","55005","0"
"Bayfield","0","3","Wisconsin","5/20/20","3","0","55007","0"
"Brown","22","2135","Wisconsin","5/20/20","1982","153","55009","7.72"
"Buffalo","0","5","Wisconsin","5/20/20","5","0","55011","0"
"Burnett","0","1","Wisconsin","5/20/20","0","1","55013","1"
"Calumet","2","60","Wisconsin","5/20/20","44","16","55015","36.36"
"Chippewa","2","43","Wisconsin","5/20/20","31","12","55017","38.71"
"Clark","1","30","Wisconsin","5/20/20","24","6","55019","25"
"Columbia","0","37","Wisconsin","5/20/20","34","3","55021","8.82"
"Crawford","1","23","Wisconsin","5/20/20","17","6","55023","35.29"
"Dane","10","563","Wisconsin","5/20/20","490","73","55025","14.9"
"Dodge","5","112","Wisconsin","5/20/20","79","33","55027","41.77"
"Door","2","34","Wisconsin","5/20/20","23","11","55029","47.83"
"Douglas","1","15","Wisconsin","5/20/20","11","4","55031","36.36"
"Dunn","0","20","Wisconsin","5/20/20","19","1","55033","5.26"
"Eau Claire","2","78","Wisconsin","5/20/20","61","17","55035","27.87"
"Florence","0","2","Wisconsin","5/20/20","2","0","55037","0"
"Fond du Lac","5","148","Wisconsin","5/20/20","111","37","55039","33.33"
"Forest","1","11","Wisconsin","5/20/20","5","6","55041","120"
"Grant","1","78","Wisconsin","5/20/20","70","8","55043","11.43"
"Green","2","49","Wisconsin","5/20/20","36","13","55045","36.11"
"Green Lake","0","11","Wisconsin","5/20/20","10","1","55047","10"
"Iowa","0","11","Wisconsin","5/20/20","10","1","55049","10"
"Iron","0","2","Wisconsin","5/20/20","2","0","55051","0"
"Jackson","0","15","Wisconsin","5/20/20","14","1","55053","7.14"
"Jefferson","1","62","Wisconsin","5/20/20","54","8","55055","14.81"
"Juneau","0","22","Wisconsin","5/20/20","21","1","55057","4.76"
"Kenosha","22","889","Wisconsin","5/20/20","736","153","55059","20.79"
"Kewaunee","0","31","Wisconsin","5/20/20","29","2","55061","6.9"
"La Crosse","2","47","Wisconsin","5/20/20","34","13","55063","38.24"
"Lafayette","0","17","Wisconsin","5/20/20","14","3","55065","21.43"
"Lincoln","0","3","Wisconsin","5/20/20","1","2","55069","200"
"Manitowoc","1","26","Wisconsin","5/20/20","20","6","55071","30"
"Marathon","1","35","Wisconsin","5/20/20","28","7","55073","25"
"Marinette","1","28","Wisconsin","5/20/20","21","7","55075","33.33"
"Marquette","0","3","Wisconsin","5/20/20","3","0","55077","0"
"Menominee","0","2","Wisconsin","5/20/20","2","0","55078","0"
"Milwaukee","165","5373","Wisconsin","5/20/20","4215","1158","55079","27.47"
"Monroe","0","15","Wisconsin","5/20/20","15","0","55081","0"
"Oconto","0","31","Wisconsin","5/20/20","28","3","55083","10.71"
"Oneida","0","7","Wisconsin","5/20/20","7","0","55085","0"
"Outagamie","4","153","Wisconsin","5/20/20","122","31","55087","25.41"
"Ozaukee","3","130","Wisconsin","5/20/20","110","20","55089","18.18"
"Pepin","0","1","Wisconsin","5/20/20","0","1","55091","1"
"Pierce","2","26","Wisconsin","5/20/20","14","12","55093","85.71"
"Polk","0","7","Wisconsin","5/20/20","5","2","55095","40"
"Portage","0","7","Wisconsin","5/20/20","7","0","55097","0"
"Price","0","1","Wisconsin","5/20/20","1","0","55099","0"
"Racine","47","1115","Wisconsin","5/20/20","785","330","55101","42.04"
"Richland","0","14","Wisconsin","5/20/20","13","1","55103","7.69"
"Rock","10","452","Wisconsin","5/20/20","380","72","55105","18.95"
"Rusk","0","4","Wisconsin","5/20/20","4","0","55107","0"
"Sauk","1","77","Wisconsin","5/20/20","73","4","55111","5.48"
"Sawyer","0","4","Wisconsin","5/20/20","4","0","55113","0"
"Shawano","1","34","Wisconsin","5/20/20","27","7","55115","25.93"
"Sheboygan","1","73","Wisconsin","5/20/20","66","7","55117","10.61"
"St. Croix","2","52","Wisconsin","5/20/20","36","16","55109","44.44"
"Trempealeau","1","11","Wisconsin","5/20/20","6","5","55121","83.33"
"Vernon","1","12","Wisconsin","5/20/20","6","6","55123","100"
"Vilas","0","4","Wisconsin","5/20/20","4","0","55125","0"
"Walworth","8","296","Wisconsin","5/20/20","243","53","55127","21.81"
"Washburn","0","1","Wisconsin","5/20/20","1","0","55129","0"
"Washington","6","163","Wisconsin","5/20/20","122","41","55131","33.61"
"Waukesha","13","514","Wisconsin","5/20/20","421","93","55133","22.09"
"Waupaca","1","19","Wisconsin","5/20/20","14","5","55135","35.71"
"Waushara","0","7","Wisconsin","5/20/20","4","3","55137","75"
"Winnebago","5","134","Wisconsin","5/20/20","102","32","55139","31.37"
"Wood","1","8","Wisconsin","5/20/20","4","4","55141","100"
"Albany","0","10","Wyoming","5/20/20","8","2","56001","25"
"Big Horn","0","3","Wyoming","5/20/20","3","0","56003","0"
"Campbell","0","30","Wyoming","5/20/20","29","1","56005","3.45"
"Carbon","2","16","Wyoming","5/20/20","5","11","56007","220"
"Converse","0","24","Wyoming","5/20/20","23","1","56009","4.35"
"Crook","0","5","Wyoming","5/20/20","5","0","56011","0"
"Fremont","4","233","Wyoming","5/20/20","202","31","56013","15.35"
"Goshen","0","5","Wyoming","5/20/20","5","0","56015","0"
"Hot Springs","1","8","Wyoming","5/20/20","3","5","56017","166.67"
"Johnson","0","16","Wyoming","5/20/20","15","1","56019","6.67"
"Laramie","1","182","Wyoming","5/20/20","173","9","56021","5.2"
"Lincoln","0","14","Wyoming","5/20/20","11","3","56023","27.27"
"Natrona","3","66","Wyoming","5/20/20","48","18","56025","37.5"
"Niobrara","0","2","Wyoming","5/20/20","2","0","56027","0"
"Park","0","2","Wyoming","5/20/20","1","1","56029","100"
"Sheridan","0","16","Wyoming","5/20/20","16","0","56033","0"
"Sublette","0","3","Wyoming","5/20/20","3","0","56035","0"
"Sweetwater","1","25","Wyoming","5/20/20","20","5","56037","25"
"Teton","0","100","Wyoming","5/20/20","99","1","56039","1.01"
"Uinta","0","11","Wyoming","5/20/20","9","2","56041","22.22"
"Washakie","1","16","Wyoming","5/20/20","8","8","56043","100"
