"Locality","DailyAvgNewCasesPast7Days","TotalCases","State","Date","TotalCases7DaysAgo","NewCasesPast7Days","FIPS-Code","PercentIncreaseTotalCasesPast7Days"
"Autauga","6","155","Alabama","5/23/20","110","45","01001","40.91"
"Baldwin","3","273","Alabama","5/23/20","254","19","01003","7.48"
"Barbour","4","105","Alabama","5/23/20","79","26","01005","32.91"
"Bibb","1","58","Alabama","5/23/20","50","8","01007","16"
"Blount","1","49","Alabama","5/23/20","45","4","01009","8.89"
"Bullock","10","105","Alabama","5/23/20","35","70","01011","200"
"Butler","9","335","Alabama","5/23/20","271","64","01013","23.62"
"Calhoun","1","138","Alabama","5/23/20","130","8","01015","6.15"
"Chambers","0","330","Alabama","5/23/20","328","2","01017","0.61"
"Cherokee","1","33","Alabama","5/23/20","27","6","01019","22.22"
"Chilton","1","86","Alabama","5/23/20","77","9","01021","11.69"
"Choctaw","8","139","Alabama","5/23/20","84","55","01023","65.48"
"Clarke","3","97","Alabama","5/23/20","74","23","01025","31.08"
"Clay","0","27","Alabama","5/23/20","27","0","01027","0"
"Cleburne","0","13","Alabama","5/23/20","13","0","01029","0"
"Coffee","5","196","Alabama","5/23/20","164","32","01031","19.51"
"Colbert","5","125","Alabama","5/23/20","87","38","01033","43.68"
"Conecuh","1","25","Alabama","5/23/20","18","7","01035","38.89"
"Coosa","0","33","Alabama","5/23/20","34","-1","01037","-2.94"
"Covington","1","63","Alabama","5/23/20","57","6","01039","10.53"
"Crenshaw","1","58","Alabama","5/23/20","53","5","01041","9.43"
"Cullman","1","74","Alabama","5/23/20","69","5","01043","7.25"
"Dale","3","80","Alabama","5/23/20","60","20","01045","33.33"
"Dallas","7","191","Alabama","5/23/20","145","46","01047","31.72"
"DeKalb","3","214","Alabama","5/23/20","192","22","01049","11.46"
"Elmore","9","254","Alabama","5/23/20","188","66","01051","35.11"
"Escambia","0","40","Alabama","5/23/20","39","1","01053","2.56"
"Etowah","4","228","Alabama","5/23/20","202","26","01055","12.87"
"Fayette","0","11","Alabama","5/23/20","9","2","01057","22.22"
"Franklin","15","434","Alabama","5/23/20","329","105","01059","31.91"
"Geneva","2","31","Alabama","5/23/20","20","11","01061","55"
"Greene","1","90","Alabama","5/23/20","81","9","01063","11.11"
"Hale","5","122","Alabama","5/23/20","84","38","01065","45.24"
"Henry","2","52","Alabama","5/23/20","39","13","01067","33.33"
"Houston","4","161","Alabama","5/23/20","132","29","01069","21.97"
"Jackson","1","69","Alabama","5/23/20","63","6","01071","9.52"
"Jefferson","39","1573","Alabama","5/23/20","1299","274","01073","21.09"
"Lamar","0","18","Alabama","5/23/20","15","3","01075","20"
"Lauderdale","2","126","Alabama","5/23/20","113","13","01077","11.5"
"Lawrence","2","41","Alabama","5/23/20","29","12","01079","41.38"
"Lee","6","488","Alabama","5/23/20","448","40","01081","8.93"
"Limestone","1","72","Alabama","5/23/20","64","8","01083","12.5"
"Lowndes","8","182","Alabama","5/23/20","128","54","01085","42.19"
"Macon","0","58","Alabama","5/23/20","55","3","01087","5.45"
"Madison","2","292","Alabama","5/23/20","275","17","01089","6.18"
"Marengo","4","132","Alabama","5/23/20","102","30","01091","29.41"
"Marion","1","109","Alabama","5/23/20","101","8","01093","7.92"
"Marshall","3","644","Alabama","5/23/20","624","20","01095","3.21"
"Mobile","42","1973","Alabama","5/23/20","1681","292","01097","17.37"
"Monroe","1","26","Alabama","5/23/20","19","7","01099","36.84"
"Montgomery","46","1141","Alabama","5/23/20","816","325","01101","39.83"
"Morgan","7","157","Alabama","5/23/20","110","47","01103","42.73"
"Perry","1","29","Alabama","5/23/20","20","9","01105","45"
"Pickens","2","88","Alabama","5/23/20","77","11","01107","14.29"
"Pike","3","128","Alabama","5/23/20","106","22","01109","20.75"
"Randolph","1","124","Alabama","5/23/20","119","5","01111","4.2"
"Russell","4","125","Alabama","5/23/20","100","25","01113","25"
"Shelby","4","426","Alabama","5/23/20","398","28","01117","7.04"
"St. Clair","1","100","Alabama","5/23/20","90","10","01115","11.11"
"Sumter","9","185","Alabama","5/23/20","124","61","01119","49.19"
"Talladega","1","86","Alabama","5/23/20","78","8","01121","10.26"
"Tallapoosa","5","392","Alabama","5/23/20","357","35","01123","9.8"
"Tuscaloosa","19","479","Alabama","5/23/20","345","134","01125","38.84"
"Walker","9","191","Alabama","5/23/20","126","65","01127","51.59"
"Washington","1","64","Alabama","5/23/20","60","4","01129","6.67"
"Wilcox","3","113","Alabama","5/23/20","93","20","01131","21.51"
"Winston","4","61","Alabama","5/23/20","33","28","01133","84.85"
"Anchorage","1","206","Alaska","5/23/20","199","7","02020","3.52"
"Bethel","0","2","Alaska","5/23/20","1","1","02050","100"
"Fairbanks North Star","0","85","Alaska","5/23/20","84","1","02090","1.19"
"Juneau","0","31","Alaska","5/23/20","29","2","02110","6.9"
"Kenai Peninsula","0","26","Alaska","5/23/20","24","2","02122","8.33"
"Ketchikan Gateway","0","16","Alaska","5/23/20","16","0","02130","0"
"Kodiak Island","0","1","Alaska","5/23/20","1","0","02150","0"
"Matanuska-Susitna","0","24","Alaska","5/23/20","21","3","02170","14.29"
"Nome","0","3","Alaska","5/23/20","1","2","02180","200"
"Northwest Arctic","0","2","Alaska","5/23/20","0","2","02188","1"
"Petersburg","0","4","Alaska","5/23/20","4","0","02195","0"
"Prince of Wales-Hyder","0","2","Alaska","5/23/20","2","0","02198","0"
"Sitka","0","1","Alaska","5/23/20","1","0","02220","0"
"Southeast Fairbanks","0","3","Alaska","5/23/20","3","0","02240","0"
"Yukon-Koyukuk","0","1","Alaska","5/23/20","1","0","02290","0"
"Apache","26","1144","Arizona","5/23/20","962","182","04001","18.92"
"Cochise","2","58","Arizona","5/23/20","46","12","04003","26.09"
"Coconino","23","1000","Arizona","5/23/20","839","161","04005","19.19"
"Gila","0","23","Arizona","5/23/20","22","1","04007","4.55"
"Graham","0","21","Arizona","5/23/20","20","1","04009","5"
"Greenlee","0","3","Arizona","5/23/20","2","1","04011","50"
"La Paz","2","49","Arizona","5/23/20","37","12","04012","32.43"
"Maricopa","154","8177","Arizona","5/23/20","7096","1081","04013","15.23"
"Mohave","8","303","Arizona","5/23/20","250","53","04015","21.2"
"Navajo","36","1491","Arizona","5/23/20","1238","253","04017","20.44"
"Pima","32","2002","Arizona","5/23/20","1781","221","04019","12.41"
"Pinal","10","751","Arizona","5/23/20","678","73","04021","10.77"
"Santa Cruz","10","143","Arizona","5/23/20","72","71","04023","98.61"
"Yavapai","3","284","Arizona","5/23/20","260","24","04025","9.23"
"Yuma","34","604","Arizona","5/23/20","363","241","04027","66.39"
"Arkansas","0","2","Arkansas","5/23/20","2","0","05001","0"
"Ashley","0","19","Arkansas","5/23/20","18","1","05003","5.56"
"Baxter","0","6","Arkansas","5/23/20","6","0","05005","0"
"Benton","13","237","Arkansas","5/23/20","144","93","05007","64.58"
"Boone","0","6","Arkansas","5/23/20","4","2","05009","50"
"Bradley","0","16","Arkansas","5/23/20","15","1","05011","6.67"
"Carroll","1","10","Arkansas","5/23/20","6","4","05015","66.67"
"Chicot","0","12","Arkansas","5/23/20","10","2","05017","20"
"Clark","0","36","Arkansas","5/23/20","35","1","05019","2.86"
"Clay","0","4","Arkansas","5/23/20","3","1","05021","33.33"
"Cleburne","0","73","Arkansas","5/23/20","72","1","05023","1.39"
"Cleveland","0","18","Arkansas","5/23/20","16","2","05025","12.5"
"Columbia","1","20","Arkansas","5/23/20","15","5","05027","33.33"
"Conway","0","14","Arkansas","5/23/20","14","0","05029","0"
"Craighead","6","181","Arkansas","5/23/20","137","44","05031","32.12"
"Crawford","0","13","Arkansas","5/23/20","11","2","05033","18.18"
"Crittenden","7","280","Arkansas","5/23/20","230","50","05035","21.74"
"Cross","1","42","Arkansas","5/23/20","35","7","05037","20"
"Dallas","0","1","Arkansas","5/23/20","1","0","05039","0"
"Desha","0","19","Arkansas","5/23/20","18","1","05041","5.56"
"Drew","0","19","Arkansas","5/23/20","19","0","05043","0"
"Faulkner","1","100","Arkansas","5/23/20","91","9","05045","9.89"
"Franklin","0","4","Arkansas","5/23/20","2","2","05047","100"
"Fulton","0","6","Arkansas","5/23/20","3","3","05049","100"
"Garland","1","133","Arkansas","5/23/20","129","4","05051","3.1"
"Grant","0","16","Arkansas","5/23/20","16","0","05053","0"
"Greene","3","45","Arkansas","5/23/20","24","21","05055","87.5"
"Hempstead","1","13","Arkansas","5/23/20","9","4","05057","44.44"
"Hot Spring","0","29","Arkansas","5/23/20","29","0","05059","0"
"Howard","0","15","Arkansas","5/23/20","14","1","05061","7.14"
"Independence","1","29","Arkansas","5/23/20","25","4","05063","16"
"Izard","0","14","Arkansas","5/23/20","13","1","05065","7.69"
"Jackson","0","1","Arkansas","5/23/20","1","0","05067","0"
"Jefferson","20","504","Arkansas","5/23/20","362","142","05069","39.23"
"Johnson","0","38","Arkansas","5/23/20","35","3","05071","8.57"
"Lafayette","0","9","Arkansas","5/23/20","9","0","05073","0"
"Lawrence","1","82","Arkansas","5/23/20","73","9","05075","12.33"
"Lee","1","14","Arkansas","5/23/20","10","4","05077","40"
"Lincoln","2","970","Arkansas","5/23/20","955","15","05079","1.57"
"Little River","0","1","Arkansas","5/23/20","1","0","05081","0"
"Logan","0","4","Arkansas","5/23/20","4","0","05083","0"
"Lonoke","0","46","Arkansas","5/23/20","45","1","05085","2.22"
"Madison","0","3","Arkansas","5/23/20","1","2","05087","200"
"Marion","0","1","Arkansas","5/23/20","1","0","05089","0"
"Miller","0","42","Arkansas","5/23/20","42","0","05091","0"
"Mississippi","1","70","Arkansas","5/23/20","61","9","05093","14.75"
"Monroe","0","5","Arkansas","5/23/20","5","0","05095","0"
"Montgomery","0","1","Arkansas","5/23/20","1","0","05097","0"
"Nevada","0","4","Arkansas","5/23/20","4","0","05099","0"
"Newton","0","3","Arkansas","5/23/20","3","0","05101","0"
"Ouachita","0","10","Arkansas","5/23/20","10","0","05103","0"
"Perry","0","12","Arkansas","5/23/20","12","0","05105","0"
"Phillips","0","7","Arkansas","5/23/20","4","3","05107","75"
"Pike","0","4","Arkansas","5/23/20","3","1","05109","33.33"
"Poinsett","1","31","Arkansas","5/23/20","26","5","05111","19.23"
"Polk","0","9","Arkansas","5/23/20","7","2","05113","28.57"
"Pope","6","107","Arkansas","5/23/20","63","44","05115","69.84"
"Prairie","0","2","Arkansas","5/23/20","2","0","05117","0"
"Pulaski","13","773","Arkansas","5/23/20","683","90","05119","13.18"
"Randolph","1","26","Arkansas","5/23/20","22","4","05121","18.18"
"Saline","1","87","Arkansas","5/23/20","81","6","05125","7.41"
"Scott","0","1","Arkansas","5/23/20","1","0","05127","0"
"Searcy","0","6","Arkansas","5/23/20","6","0","05129","0"
"Sebastian","1","19","Arkansas","5/23/20","15","4","05131","26.67"
"Sevier","7","79","Arkansas","5/23/20","27","52","05133","192.59"
"Sharp","1","42","Arkansas","5/23/20","37","5","05135","13.51"
"St. Francis","42","628","Arkansas","5/23/20","335","293","05123","87.46"
"Stone","0","8","Arkansas","5/23/20","8","0","05137","0"
"Union","6","152","Arkansas","5/23/20","107","45","05139","42.06"
"Van Buren","0","28","Arkansas","5/23/20","28","0","05141","0"
"Washington","13","233","Arkansas","5/23/20","141","92","05143","65.25"
"White","0","38","Arkansas","5/23/20","36","2","05145","5.56"
"Woodruff","0","1","Arkansas","5/23/20","1","0","05147","0"
"Yell","12","94","Arkansas","5/23/20","13","81","05149","623.08"
"Alameda","58","2760","California","5/23/20","2351","409","06001","17.4"
"Alpine","0","2","California","5/23/20","2","0","06003","0"
"Amador","0","10","California","5/23/20","9","1","06005","11.11"
"Butte","2","34","California","5/23/20","22","12","06007","54.55"
"Calaveras","0","13","California","5/23/20","13","0","06009","0"
"Colusa","0","5","California","5/23/20","3","2","06011","66.67"
"Contra Costa","25","1296","California","5/23/20","1121","175","06013","15.61"
"Del Norte","3","23","California","5/23/20","4","19","06015","475"
"El Dorado","1","74","California","5/23/20","64","10","06017","15.62"
"Fresno","37","1417","California","5/23/20","1156","261","06019","22.58"
"Glenn","0","12","California","5/23/20","9","3","06021","33.33"
"Humboldt","3","93","California","5/23/20","72","21","06023","29.17"
"Imperial","51","1145","California","5/23/20","786","359","06025","45.67"
"Inyo","0","19","California","5/23/20","19","0","06027","0"
"Kern","41","1757","California","5/23/20","1473","284","06029","19.28"
"Kings","19","506","California","5/23/20","372","134","06031","36.02"
"Lake","1","12","California","5/23/20","8","4","06033","50"
"Lassen","0","2","California","5/23/20","0","2","06035","1"
"Los Angeles","966","44121","California","5/23/20","37360","6761","06037","18.1"
"Madera","2","82","California","5/23/20","70","12","06039","17.14"
"Marin","10","369","California","5/23/20","299","70","06041","23.41"
"Mariposa","0","15","California","5/23/20","15","0","06043","0"
"Mendocino","1","21","California","5/23/20","13","8","06045","61.54"
"Merced","7","251","California","5/23/20","200","51","06047","25.5"
"Mono","0","34","California","5/23/20","33","1","06051","3.03"
"Monterey","7","371","California","5/23/20","322","49","06053","15.22"
"Napa","2","101","California","5/23/20","90","11","06055","12.22"
"Nevada","0","41","California","5/23/20","41","0","06057","0"
"Orange","134","5157","California","5/23/20","4222","935","06059","22.15"
"Placer","2","185","California","5/23/20","174","11","06061","6.32"
"Plumas","0","4","California","5/23/20","4","0","06063","0"
"Riverside","121","6464","California","5/23/20","5618","846","06065","15.06"
"Sacramento","10","1289","California","5/23/20","1222","67","06067","5.48"
"San Benito","1","69","California","5/23/20","60","9","06069","15"
"San Bernardino","122","4315","California","5/23/20","3463","852","06071","24.6"
"San Diego","128","6559","California","5/23/20","5662","897","06073","15.84"
"San Francisco","42","2350","California","5/23/20","2054","296","06075","14.41"
"San Joaquin","12","752","California","5/23/20","670","82","06077","12.24"
"San Luis Obispo","2","259","California","5/23/20","243","16","06079","6.58"
"San Mateo","33","1833","California","5/23/20","1602","231","06081","14.42"
"Santa Barbara","19","1551","California","5/23/20","1418","133","06083","9.38"
"Santa Clara","22","2571","California","5/23/20","2418","153","06085","6.33"
"Santa Cruz","5","192","California","5/23/20","157","35","06087","22.29"
"Shasta","0","36","California","5/23/20","33","3","06089","9.09"
"Sierra","0","1","California","5/23/20","0","1","06091","1"
"Siskiyou","0","6","California","5/23/20","5","1","06093","20"
"Solano","6","455","California","5/23/20","410","45","06095","10.98"
"Sonoma","15","467","California","5/23/20","364","103","06097","28.3"
"Stanislaus","9","621","California","5/23/20","559","62","06099","11.09"
"Sutter","0","40","California","5/23/20","37","3","06101","8.11"
"Tehama","0","3","California","5/23/20","2","1","06103","50"
"Trinity","0","1","California","5/23/20","1","0","06105","0"
"Tulare","31","1641","California","5/23/20","1426","215","06107","15.08"
"Tuolumne","0","2","California","5/23/20","2","0","06109","0"
"Ventura","21","912","California","5/23/20","764","148","06111","19.37"
"Yolo","1","190","California","5/23/20","183","7","06113","3.83"
"Yuba","0","28","California","5/23/20","25","3","06115","12"
"Adams","40","2856","Colorado","5/23/20","2575","281","08001","10.91"
"Alamosa","2","55","Colorado","5/23/20","39","16","08003","41.03"
"Arapahoe","54","4027","Colorado","5/23/20","3652","375","08005","10.27"
"Archuleta","0","8","Colorado","5/23/20","8","0","08007","0"
"Baca","0","12","Colorado","5/23/20","12","0","08009","0"
"Bent","0","2","Colorado","5/23/20","1","1","08011","100"
"Boulder","13","923","Colorado","5/23/20","835","88","08013","10.54"
"Broomfield","2","220","Colorado","5/23/20","209","11","08014","5.26"
"Chaffee","0","70","Colorado","5/23/20","69","1","08015","1.45"
"Cheyenne","0","5","Colorado","5/23/20","5","0","08017","0"
"Clear Creek","0","16","Colorado","5/23/20","16","0","08019","0"
"Conejos","0","1","Colorado","5/23/20","1","0","08021","0"
"Costilla","0","3","Colorado","5/23/20","4","-1","08023","-25"
"Crowley","3","57","Colorado","5/23/20","39","18","08025","46.15"
"Custer","0","2","Colorado","5/23/20","2","0","08027","0"
"Delta","1","65","Colorado","5/23/20","55","10","08029","18.18"
"Denver","86","5151","Colorado","5/23/20","4548","603","08031","13.26"
"Douglas","5","675","Colorado","5/23/20","637","38","08035","5.97"
"Eagle","1","580","Colorado","5/23/20","570","10","08037","1.75"
"El Paso","29","1493","Colorado","5/23/20","1291","202","08041","15.65"
"Elbert","1","48","Colorado","5/23/20","44","4","08039","9.09"
"Fremont","0","26","Colorado","5/23/20","25","1","08043","4"
"Garfield","1","120","Colorado","5/23/20","113","7","08045","6.19"
"Gilpin","0","3","Colorado","5/23/20","4","-1","08047","-25"
"Grand","0","6","Colorado","5/23/20","5","1","08049","20"
"Gunnison","-1","178","Colorado","5/23/20","182","-4","08051","-2.2"
"Hinsdale","0","3","Colorado","5/23/20","3","0","08053","0"
"Huerfano","0","3","Colorado","5/23/20","3","0","08055","0"
"Jefferson","33","2030","Colorado","5/23/20","1800","230","08059","12.78"
"Kit Carson","0","26","Colorado","5/23/20","26","0","08063","0"
"La Plata","1","76","Colorado","5/23/20","68","8","08067","11.76"
"Lake","0","27","Colorado","5/23/20","26","1","08065","3.85"
"Larimer","6","530","Colorado","5/23/20","485","45","08069","9.28"
"Las Animas","0","5","Colorado","5/23/20","4","1","08071","25"
"Lincoln","0","3","Colorado","5/23/20","3","0","08073","0"
"Logan","1","493","Colorado","5/23/20","485","8","08075","1.65"
"Mesa","1","54","Colorado","5/23/20","50","4","08077","8"
"Mineral","0","2","Colorado","5/23/20","2","0","08079","0"
"Moffat","0","6","Colorado","5/23/20","6","0","08081","0"
"Montezuma","1","35","Colorado","5/23/20","27","8","08083","29.63"
"Montrose","3","159","Colorado","5/23/20","135","24","08085","17.78"
"Morgan","7","603","Colorado","5/23/20","557","46","08087","8.26"
"Otero","0","14","Colorado","5/23/20","11","3","08089","27.27"
"Ouray","0","8","Colorado","5/23/20","7","1","08091","14.29"
"Park","1","23","Colorado","5/23/20","16","7","08093","43.75"
"Phillips","0","12","Colorado","5/23/20","10","2","08095","20"
"Pitkin","0","57","Colorado","5/23/20","56","1","08097","1.79"
"Prowers","0","12","Colorado","5/23/20","10","2","08099","20"
"Pueblo","8","260","Colorado","5/23/20","202","58","08101","28.71"
"Rio Blanco","0","1","Colorado","5/23/20","1","0","08103","0"
"Rio Grande","1","16","Colorado","5/23/20","8","8","08105","100"
"Routt","0","59","Colorado","5/23/20","59","0","08107","0"
"Saguache","1","24","Colorado","5/23/20","16","8","08109","50"
"San Juan","0","1","Colorado","5/23/20","1","0","08111","0"
"San Miguel","0","23","Colorado","5/23/20","22","1","08113","4.55"
"Summit","3","203","Colorado","5/23/20","182","21","08117","11.54"
"Teller","0","32","Colorado","5/23/20","31","1","08119","3.23"
"Washington","3","30","Colorado","5/23/20","10","20","08121","200"
"Weld","16","2391","Colorado","5/23/20","2281","110","08123","4.82"
"Yuma","0","15","Colorado","5/23/20","12","3","08125","25"
"Fairfield","121","14989","Connecticut","5/23/20","14140","849","09001","6"
"Hartford","178","9545","Connecticut","5/23/20","8299","1246","09003","15.01"
"Litchfield","10","1304","Connecticut","5/23/20","1234","70","09005","5.67"
"Middlesex","14","999","Connecticut","5/23/20","898","101","09007","11.25"
"New Haven","110","10847","Connecticut","5/23/20","10075","772","09009","7.66"
"New London","16","970","Connecticut","5/23/20","860","110","09011","12.79"
"Tolland","23","799","Connecticut","5/23/20","636","163","09013","25.63"
"Windham","7","354","Connecticut","5/23/20","304","50","09015","16.45"
"Kent","17","1296","Delaware","5/23/20","1176","120","10001","10.2"
"New Castle","66","3132","Delaware","5/23/20","2667","465","10003","17.44"
"Sussex","56","4048","Delaware","5/23/20","3658","390","10005","10.66"
"","0","49","Diamond Princess","5/23/20","49","0",,"0"
"District of Columbia","132","7966","District of Columbia","5/23/20","7042","924","11001","13.12"
"Alachua","4","355","Florida","5/23/20","329","26","12001","7.9"
"Baker","0","27","Florida","5/23/20","26","1","12003","3.85"
"Bay","2","94","Florida","5/23/20","83","11","12005","13.25"
"Bradford","0","50","Florida","5/23/20","49","1","12007","2.04"
"Brevard","4","389","Florida","5/23/20","359","30","12009","8.36"
"Broward","64","6649","Florida","5/23/20","6201","448","12011","7.22"
"Calhoun","2","52","Florida","5/23/20","38","14","12013","36.84"
"Charlotte","7","417","Florida","5/23/20","370","47","12015","12.7"
"Citrus","1","119","Florida","5/23/20","110","9","12017","8.18"
"Clay","6","354","Florida","5/23/20","313","41","12019","13.1"
"Collier","39","1195","Florida","5/23/20","923","272","12021","29.47"
"Columbia","2","125","Florida","5/23/20","108","17","12023","15.74"
"DeSoto","7","112","Florida","5/23/20","61","51","12027","83.61"
"Dixie","2","38","Florida","5/23/20","22","16","12029","72.73"
"Duval","21","1406","Florida","5/23/20","1259","147","12031","11.68"
"Escambia","10","749","Florida","5/23/20","682","67","12033","9.82"
"Flagler","2","173","Florida","5/23/20","156","17","12035","10.9"
"Franklin","0","2","Florida","5/23/20","2","0","12037","0"
"Gadsden","6","255","Florida","5/23/20","212","43","12039","20.28"
"Gilchrist","0","10","Florida","5/23/20","7","3","12041","42.86"
"Glades","2","20","Florida","5/23/20","9","11","12043","122.22"
"Gulf","0","1","Florida","5/23/20","1","0","12045","0"
"Hamilton","2","161","Florida","5/23/20","144","17","12047","11.81"
"Hardee","3","63","Florida","5/23/20","39","24","12049","61.54"
"Hendry","6","249","Florida","5/23/20","205","44","12051","21.46"
"Hernando","0","109","Florida","5/23/20","108","1","12053","0.93"
"Highlands","1","112","Florida","5/23/20","104","8","12055","7.69"
"Hillsborough","34","1823","Florida","5/23/20","1585","238","12057","15.02"
"Holmes","1","14","Florida","5/23/20","10","4","12059","40"
"Indian River","1","113","Florida","5/23/20","104","9","12061","8.65"
"Jackson","14","225","Florida","5/23/20","126","99","12063","78.57"
"Jefferson","0","29","Florida","5/23/20","28","1","12065","3.57"
"Lafayette","0","8","Florida","5/23/20","6","2","12067","33.33"
"Lake","3","271","Florida","5/23/20","250","21","12069","8.4"
"Lee","39","1677","Florida","5/23/20","1401","276","12071","19.7"
"Leon","8","330","Florida","5/23/20","276","54","12073","19.57"
"Levy","0","27","Florida","5/23/20","24","3","12075","12.5"
"Liberty","1","204","Florida","5/23/20","199","5","12077","2.51"
"Madison","1","67","Florida","5/23/20","62","5","12079","8.06"
"Manatee","18","958","Florida","5/23/20","834","124","12081","14.87"
"Marion","2","233","Florida","5/23/20","220","13","12083","5.91"
"Martin","27","483","Florida","5/23/20","296","187","12085","63.18"
"Miami-Dade","190","16694","Florida","5/23/20","15366","1328","12086","8.64"
"Monroe","2","107","Florida","5/23/20","95","12","12087","12.63"
"Nassau","1","69","Florida","5/23/20","65","4","12089","6.15"
"Okaloosa","2","192","Florida","5/23/20","177","15","12091","8.47"
"Okeechobee","3","57","Florida","5/23/20","34","23","12093","67.65"
"Orange","20","1768","Florida","5/23/20","1629","139","12095","8.53"
"Osceola","5","648","Florida","5/23/20","616","32","12097","5.19"
"Palm Beach","100","5140","Florida","5/23/20","4440","700","12099","15.77"
"Pasco","4","341","Florida","5/23/20","314","27","12101","8.6"
"Pinellas","21","1153","Florida","5/23/20","1008","145","12103","14.38"
"Polk","19","853","Florida","5/23/20","722","131","12105","18.14"
"Putnam","2","139","Florida","5/23/20","128","11","12107","8.59"
"Santa Rosa","4","207","Florida","5/23/20","182","25","12113","13.74"
"Sarasota","11","576","Florida","5/23/20","498","78","12115","15.66"
"Seminole","3","454","Florida","5/23/20","431","23","12117","5.34"
"St. Johns","1","238","Florida","5/23/20","231","7","12109","3.03"
"St. Lucie","10","386","Florida","5/23/20","316","70","12111","22.15"
"Sumter","0","253","Florida","5/23/20","251","2","12119","0.8"
"Suwannee","2","164","Florida","5/23/20","153","11","12121","7.19"
"Taylor","1","11","Florida","5/23/20","3","8","12123","266.67"
"Union","1","29","Florida","5/23/20","20","9","12125","45"
"Volusia","9","655","Florida","5/23/20","591","64","12127","10.83"
"Wakulla","0","32","Florida","5/23/20","31","1","12129","3.23"
"Walton","4","103","Florida","5/23/20","77","26","12131","33.77"
"Washington","2","26","Florida","5/23/20","13","13","12133","100"
"Appling","2","124","Georgia","5/23/20","108","16","13001","14.81"
"Atkinson","1","26","Georgia","5/23/20","20","6","13003","30"
"Bacon","2","76","Georgia","5/23/20","59","17","13005","28.81"
"Baker","0","33","Georgia","5/23/20","33","0","13007","0"
"Baldwin","6","329","Georgia","5/23/20","284","45","13009","15.85"
"Banks","4","73","Georgia","5/23/20","43","30","13011","69.77"
"Barrow","4","283","Georgia","5/23/20","258","25","13013","9.69"
"Bartow","8","444","Georgia","5/23/20","385","59","13015","15.32"
"Ben Hill","2","56","Georgia","5/23/20","45","11","13017","24.44"
"Berrien","2","34","Georgia","5/23/20","20","14","13019","70"
"Bibb","5","432","Georgia","5/23/20","394","38","13021","9.64"
"Bleckley","1","38","Georgia","5/23/20","34","4","13023","11.76"
"Brantley","2","50","Georgia","5/23/20","38","12","13025","31.58"
"Brooks","0","66","Georgia","5/23/20","63","3","13027","4.76"
"Bryan","1","69","Georgia","5/23/20","61","8","13029","13.11"
"Bulloch","1","52","Georgia","5/23/20","45","7","13031","15.56"
"Burke","1","120","Georgia","5/23/20","112","8","13033","7.14"
"Butts","2","208","Georgia","5/23/20","197","11","13035","5.58"
"Calhoun","0","126","Georgia","5/23/20","123","3","13037","2.44"
"Camden","1","53","Georgia","5/23/20","47","6","13039","12.77"
"Candler","0","13","Georgia","5/23/20","10","3","13043","30"
"Carroll","4","440","Georgia","5/23/20","409","31","13045","7.58"
"Catoosa","4","97","Georgia","5/23/20","72","25","13047","34.72"
"Charlton","0","29","Georgia","5/23/20","26","3","13049","11.54"
"Chatham","11","435","Georgia","5/23/20","356","79","13051","22.19"
"Chattahoochee","0","22","Georgia","5/23/20","19","3","13053","15.79"
"Chattooga","1","24","Georgia","5/23/20","15","9","13055","60"
"Cherokee","15","807","Georgia","5/23/20","700","107","13057","15.29"
"Clarke","4","222","Georgia","5/23/20","195","27","13059","13.85"
"Clay","1","35","Georgia","5/23/20","29","6","13061","20.69"
"Clayton","12","1089","Georgia","5/23/20","1002","87","13063","8.68"
"Clinch","1","47","Georgia","5/23/20","41","6","13065","14.63"
"Cobb","36","2661","Georgia","5/23/20","2407","254","13067","10.55"
"Coffee","5","227","Georgia","5/23/20","192","35","13069","18.23"
"Colquitt","6","289","Georgia","5/23/20","246","43","13071","17.48"
"Columbia","3","223","Georgia","5/23/20","205","18","13073","8.78"
"Cook","2","44","Georgia","5/23/20","32","12","13075","37.5"
"Coweta","4","316","Georgia","5/23/20","285","31","13077","10.88"
"Crawford","1","25","Georgia","5/23/20","19","6","13079","31.58"
"Crisp","3","211","Georgia","5/23/20","193","18","13081","9.33"
"Dade","1","27","Georgia","5/23/20","20","7","13083","35"
"Dawson","2","101","Georgia","5/23/20","84","17","13085","20.24"
"Decatur","4","145","Georgia","5/23/20","116","29","13087","25"
"DeKalb","49","3146","Georgia","5/23/20","2800","346","13089","12.36"
"Dodge","1","48","Georgia","5/23/20","39","9","13091","23.08"
"Dooly","1","165","Georgia","5/23/20","157","8","13093","5.1"
"Dougherty","9","1725","Georgia","5/23/20","1662","63","13095","3.79"
"Douglas","7","487","Georgia","5/23/20","438","49","13097","11.19"
"Early","0","236","Georgia","5/23/20","233","3","13099","1.29"
"Echols","7","61","Georgia","5/23/20","15","46","13101","306.67"
"Effingham","3","63","Georgia","5/23/20","42","21","13103","50"
"Elbert","4","71","Georgia","5/23/20","46","25","13105","54.35"
"Emanuel","0","26","Georgia","5/23/20","26","0","13107","0"
"Evans","0","5","Georgia","5/23/20","4","1","13109","25"
"Fannin","0","39","Georgia","5/23/20","36","3","13111","8.33"
"Fayette","2","219","Georgia","5/23/20","206","13","13113","6.31"
"Floyd","7","226","Georgia","5/23/20","180","46","13115","25.56"
"Forsyth","7","446","Georgia","5/23/20","398","48","13117","12.06"
"Franklin","1","36","Georgia","5/23/20","31","5","13119","16.13"
"Fulton","33","3977","Georgia","5/23/20","3749","228","13121","6.08"
"Gilmer","4","134","Georgia","5/23/20","107","27","13123","25.23"
"Glascock","0","1","Georgia","5/23/20","1","0","13125","0"
"Glynn","1","85","Georgia","5/23/20","76","9","13127","11.84"
"Gordon","2","138","Georgia","5/23/20","127","11","13129","8.66"
"Grady","0","93","Georgia","5/23/20","90","3","13131","3.33"
"Greene","1","63","Georgia","5/23/20","57","6","13133","10.53"
"Gwinnett","57","2997","Georgia","5/23/20","2597","400","13135","15.4"
"Habersham","11","488","Georgia","5/23/20","414","74","13137","17.87"
"Hall","23","2305","Georgia","5/23/20","2146","159","13139","7.41"
"Hancock","4","176","Georgia","5/23/20","149","27","13141","18.12"
"Haralson","0","36","Georgia","5/23/20","34","2","13143","5.88"
"Harris","1","80","Georgia","5/23/20","75","5","13145","6.67"
"Hart","1","26","Georgia","5/23/20","19","7","13147","36.84"
"Heard","1","26","Georgia","5/23/20","17","9","13149","52.94"
"Henry","-1","626","Georgia","5/23/20","630","-4","13151","-0.63"
"Houston","4","342","Georgia","5/23/20","313","29","13153","9.27"
"Irwin","0","23","Georgia","5/23/20","22","1","13155","4.55"
"Jackson","3","147","Georgia","5/23/20","127","20","13157","15.75"
"Jasper","1","31","Georgia","5/23/20","26","5","13159","19.23"
"Jeff Davis","1","31","Georgia","5/23/20","24","7","13161","29.17"
"Jefferson","1","26","Georgia","5/23/20","22","4","13163","18.18"
"Jenkins","0","18","Georgia","5/23/20","16","2","13165","12.5"
"Johnson","1","76","Georgia","5/23/20","71","5","13167","7.04"
"Jones","0","33","Georgia","5/23/20","30","3","13169","10"
"Lamar","1","50","Georgia","5/23/20","41","9","13171","21.95"
"Lanier","0","12","Georgia","5/23/20","12","0","13173","0"
"Laurens","1","100","Georgia","5/23/20","94","6","13175","6.38"
"Lee","0","342","Georgia","5/23/20","344","-2","13177","-0.58"
"Liberty","3","64","Georgia","5/23/20","46","18","13179","39.13"
"Lincoln","0","15","Georgia","5/23/20","12","3","13181","25"
"Long","1","12","Georgia","5/23/20","6","6","13183","100"
"Lowndes","4","233","Georgia","5/23/20","202","31","13185","15.35"
"Lumpkin","1","88","Georgia","5/23/20","82","6","13187","7.32"
"Macon","1","95","Georgia","5/23/20","90","5","13193","5.56"
"Madison","1","37","Georgia","5/23/20","29","8","13195","27.59"
"Marion","1","49","Georgia","5/23/20","39","10","13197","25.64"
"McDuffie","1","62","Georgia","5/23/20","55","7","13189","12.73"
"McIntosh","0","11","Georgia","5/23/20","10","1","13191","10"
"Meriwether","1","78","Georgia","5/23/20","72","6","13199","8.33"
"Miller","0","38","Georgia","5/23/20","38","0","13201","0"
"Mitchell","2","399","Georgia","5/23/20","388","11","13205","2.84"
"Monroe","3","117","Georgia","5/23/20","95","22","13207","23.16"
"Montgomery","0","9","Georgia","5/23/20","8","1","13209","12.5"
"Morgan","0","36","Georgia","5/23/20","33","3","13211","9.09"
"Murray","2","77","Georgia","5/23/20","60","17","13213","28.33"
"Muscogee","16","536","Georgia","5/23/20","424","112","13215","26.42"
"Newton","4","289","Georgia","5/23/20","261","28","13217","10.73"
"Oconee","3","103","Georgia","5/23/20","80","23","13219","28.75"
"Oglethorpe","0","58","Georgia","5/23/20","55","3","13221","5.45"
"Out of GA","40","1834","Georgia","5/23/20","1557","277","80013","17.79"
"Paulding","5","275","Georgia","5/23/20","242","33","13223","13.64"
"Peach","0","70","Georgia","5/23/20","70","0","13225","0"
"Pickens","1","43","Georgia","5/23/20","35","8","13227","22.86"
"Pierce","3","88","Georgia","5/23/20","70","18","13229","25.71"
"Pike","1","48","Georgia","5/23/20","44","4","13231","9.09"
"Polk","2","96","Georgia","5/23/20","79","17","13233","21.52"
"Pulaski","0","39","Georgia","5/23/20","36","3","13235","8.33"
"Putnam","1","85","Georgia","5/23/20","77","8","13237","10.39"
"Quitman","0","11","Georgia","5/23/20","8","3","13239","37.5"
"Rabun","0","15","Georgia","5/23/20","14","1","13241","7.14"
"Randolph","0","170","Georgia","5/23/20","169","1","13243","0.59"
"Richmond","5","525","Georgia","5/23/20","490","35","13245","7.14"
"Rockdale","1","258","Georgia","5/23/20","249","9","13247","3.61"
"Schley","0","16","Georgia","5/23/20","16","0","13249","0"
"Screven","1","26","Georgia","5/23/20","19","7","13251","36.84"
"Seminole","0","42","Georgia","5/23/20","40","2","13253","5"
"Spalding","2","253","Georgia","5/23/20","239","14","13255","5.86"
"Stephens","4","123","Georgia","5/23/20","98","25","13257","25.51"
"Stewart","1","42","Georgia","5/23/20","37","5","13259","13.51"
"Sumter","3","439","Georgia","5/23/20","415","24","13261","5.78"
"Talbot","1","34","Georgia","5/23/20","28","6","13263","21.43"
"Taliaferro","0","1","Georgia","5/23/20","1","0","13265","0"
"Tattnall","0","14","Georgia","5/23/20","11","3","13267","27.27"
"Taylor","0","21","Georgia","5/23/20","22","-1","13269","-4.55"
"Telfair","0","32","Georgia","5/23/20","29","3","13271","10.34"
"Terrell","2","211","Georgia","5/23/20","199","12","13273","6.03"
"Thomas","4","309","Georgia","5/23/20","283","26","13275","9.19"
"Tift","5","213","Georgia","5/23/20","176","37","13277","21.02"
"Toombs","1","50","Georgia","5/23/20","44","6","13279","13.64"
"Towns","0","22","Georgia","5/23/20","21","1","13281","4.76"
"Treutlen","0","8","Georgia","5/23/20","8","0","13283","0"
"Troup","7","245","Georgia","5/23/20","199","46","13285","23.12"
"Turner","2","96","Georgia","5/23/20","81","15","13287","18.52"
"Twiggs","1","13","Georgia","5/23/20","9","4","13289","44.44"
"Union","0","39","Georgia","5/23/20","36","3","13291","8.33"
"Upson","2","272","Georgia","5/23/20","258","14","13293","5.43"
"Walker","3","95","Georgia","5/23/20","74","21","13295","28.38"
"Walton","4","186","Georgia","5/23/20","158","28","13297","17.72"
"Ware","5","206","Georgia","5/23/20","171","35","13299","20.47"
"Warren","0","17","Georgia","5/23/20","16","1","13301","6.25"
"Washington","1","73","Georgia","5/23/20","63","10","13303","15.87"
"Wayne","0","16","Georgia","5/23/20","14","2","13305","14.29"
"Webster","0","11","Georgia","5/23/20","11","0","13307","0"
"Wheeler","0","9","Georgia","5/23/20","7","2","13309","28.57"
"White","1","93","Georgia","5/23/20","89","4","13311","4.49"
"Whitfield","13","270","Georgia","5/23/20","180","90","13313","50"
"Wilcox","0","98","Georgia","5/23/20","95","3","13315","3.16"
"Wilkes","1","32","Georgia","5/23/20","28","4","13317","14.29"
"Wilkinson","3","64","Georgia","5/23/20","45","19","13319","42.22"
"Worth","1","204","Georgia","5/23/20","195","9","13321","4.62"
"","0","103","Grand Princess","5/23/20","103","0",,"0"
"","2","165","Guam","5/23/20","154","11",,"7.14"
"Hawaii","1","81","Hawaii","5/23/20","76","5","15001","6.58"
"Honolulu","0","414","Hawaii","5/23/20","415","-1","15003","-0.24"
"Kauai","0","20","Hawaii","5/23/20","21","-1","15007","-4.76"
"Maui","0","118","Hawaii","5/23/20","117","1","15009","0.85"
"Out of HI","0","10","Hawaii","5/23/20","10","0","80015","0"
"Ada","3","794","Idaho","5/23/20","773","21","16001","2.72"
"Adams","0","3","Idaho","5/23/20","3","0","16003","0"
"Bannock","0","17","Idaho","5/23/20","14","3","16005","21.43"
"Bingham","0","6","Idaho","5/23/20","6","0","16011","0"
"Blaine","0","510","Idaho","5/23/20","508","2","16013","0.39"
"Bonner","0","4","Idaho","5/23/20","4","0","16017","0"
"Bonneville","0","32","Idaho","5/23/20","33","-1","16019","-3.03"
"Camas","0","1","Idaho","5/23/20","1","0","16025","0"
"Canyon","1","284","Idaho","5/23/20","277","7","16027","2.53"
"Caribou","0","1","Idaho","5/23/20","1","0","16029","0"
"Cassia","1","22","Idaho","5/23/20","18","4","16031","22.22"
"Custer","0","2","Idaho","5/23/20","2","0","16037","0"
"Elmore","0","31","Idaho","5/23/20","31","0","16039","0"
"Fremont","0","3","Idaho","5/23/20","3","0","16043","0"
"Gem","0","17","Idaho","5/23/20","16","1","16045","6.25"
"Gooding","1","35","Idaho","5/23/20","25","10","16047","40"
"Idaho","0","3","Idaho","5/23/20","3","0","16049","0"
"Jefferson","0","7","Idaho","5/23/20","7","0","16051","0"
"Jerome","6","137","Idaho","5/23/20","95","42","16053","44.21"
"Kootenai","0","66","Idaho","5/23/20","65","1","16055","1.54"
"Latah","0","7","Idaho","5/23/20","6","1","16057","16.67"
"Lemhi","0","1","Idaho","5/23/20","1","0","16059","0"
"Lincoln","0","30","Idaho","5/23/20","29","1","16063","3.45"
"Madison","0","20","Idaho","5/23/20","19","1","16065","5.26"
"Minidoka","2","26","Idaho","5/23/20","15","11","16067","73.33"
"Nez Perce","0","81","Idaho","5/23/20","79","2","16069","2.53"
"Owyhee","0","8","Idaho","5/23/20","8","0","16073","0"
"Payette","0","23","Idaho","5/23/20","20","3","16075","15"
"Power","0","3","Idaho","5/23/20","3","0","16077","0"
"Teton","0","11","Idaho","5/23/20","11","0","16081","0"
"Twin Falls","8","374","Idaho","5/23/20","318","56","16083","17.61"
"Valley","0","2","Idaho","5/23/20","2","0","16085","0"
"Washington","2","34","Idaho","5/23/20","23","11","16087","47.83"
"Adams","0","44","Illinois","5/23/20","42","2","17001","4.76"
"Alexander","0","8","Illinois","5/23/20","8","0","17003","0"
"Bond","0","10","Illinois","5/23/20","11","-1","17005","-9.09"
"Boone","15","389","Illinois","5/23/20","282","107","17007","37.94"
"Brown","0","10","Illinois","5/23/20","10","0","17009","0"
"Bureau","0","15","Illinois","5/23/20","15","0","17011","0"
"Calhoun","0","1","Illinois","5/23/20","1","0","17013","0"
"Carroll","0","13","Illinois","5/23/20","13","0","17015","0"
"Cass","1","67","Illinois","5/23/20","63","4","17017","6.35"
"Champaign","24","537","Illinois","5/23/20","366","171","17019","46.72"
"Christian","0","33","Illinois","5/23/20","30","3","17021","10"
"Clark","0","10","Illinois","5/23/20","9","1","17023","11.11"
"Clay","0","2","Illinois","5/23/20","2","0","17025","0"
"Clinton","2","176","Illinois","5/23/20","162","14","17027","8.64"
"Coles","4","98","Illinois","5/23/20","73","25","17029","34.25"
"Cook","1315","70417","Illinois","5/23/20","61212","9205","17031","15.04"
"Crawford","0","11","Illinois","5/23/20","11","0","17033","0"
"Cumberland","0","10","Illinois","5/23/20","8","2","17035","25"
"De Witt","0","4","Illinois","5/23/20","4","0","17039","0"
"DeKalb","10","309","Illinois","5/23/20","239","70","17037","29.29"
"Douglas","1","27","Illinois","5/23/20","23","4","17041","17.39"
"DuPage","159","6891","Illinois","5/23/20","5780","1111","17043","19.22"
"Edwards","0","2","Illinois","5/23/20","2","0","17047","0"
"Effingham","0","6","Illinois","5/23/20","6","0","17049","0"
"Fayette","0","20","Illinois","5/23/20","19","1","17051","5.26"
"Ford","0","19","Illinois","5/23/20","17","2","17053","11.76"
"Franklin","0","11","Illinois","5/23/20","11","0","17055","0"
"Fulton","0","10","Illinois","5/23/20","7","3","17057","42.86"
"Gallatin","0","2","Illinois","5/23/20","2","0","17059","0"
"Greene","0","5","Illinois","5/23/20","4","1","17061","25"
"Grundy","2","87","Illinois","5/23/20","73","14","17063","19.18"
"Hamilton","0","2","Illinois","5/23/20","2","0","17065","0"
"Hancock","0","13","Illinois","5/23/20","12","1","17067","8.33"
"Hardin","0","1","Illinois","5/23/20","1","0","17069","0"
"Henderson","0","8","Illinois","5/23/20","8","0","17071","0"
"Henry","0","66","Illinois","5/23/20","64","2","17073","3.12"
"Iroquois","2","128","Illinois","5/23/20","114","14","17075","12.28"
"Jackson","4","207","Illinois","5/23/20","181","26","17077","14.36"
"Jasper","0","45","Illinois","5/23/20","46","-1","17079","-2.17"
"Jefferson","0","100","Illinois","5/23/20","98","2","17081","2.04"
"Jersey","0","20","Illinois","5/23/20","18","2","17083","11.11"
"Jo Daviess","1","26","Illinois","5/23/20","18","8","17085","44.44"
"Johnson","0","7","Illinois","5/23/20","7","0","17087","0"
"Kane","174","5484","Illinois","5/23/20","4263","1221","17089","28.64"
"Kankakee","18","783","Illinois","5/23/20","657","126","17091","19.18"
"Kendall","21","689","Illinois","5/23/20","543","146","17093","26.89"
"Knox","1","94","Illinois","5/23/20","86","8","17095","9.3"
"Lake","155","7465","Illinois","5/23/20","6382","1083","17097","16.97"
"LaSalle","2","134","Illinois","5/23/20","121","13","17099","10.74"
"Lawrence","0","4","Illinois","5/23/20","4","0","17101","0"
"Lee","0","76","Illinois","5/23/20","74","2","17103","2.7"
"Livingston","1","31","Illinois","5/23/20","25","6","17105","24"
"Logan","0","10","Illinois","5/23/20","10","0","17107","0"
"Macon","3","187","Illinois","5/23/20","163","24","17115","14.72"
"Macoupin","0","41","Illinois","5/23/20","41","0","17117","0"
"Madison","6","523","Illinois","5/23/20","481","42","17119","8.73"
"Marion","0","50","Illinois","5/23/20","48","2","17121","4.17"
"Marshall","0","5","Illinois","5/23/20","5","0","17123","0"
"Mason","0","17","Illinois","5/23/20","16","1","17125","6.25"
"Massac","0","7","Illinois","5/23/20","6","1","17127","16.67"
"McDonough","3","79","Illinois","5/23/20","61","18","17109","29.51"
"McHenry","29","1360","Illinois","5/23/20","1156","204","17111","17.65"
"McLean","6","202","Illinois","5/23/20","158","44","17113","27.85"
"Menard","0","17","Illinois","5/23/20","18","-1","17129","-5.56"
"Mercer","0","14","Illinois","5/23/20","15","-1","17131","-6.67"
"Monroe","1","91","Illinois","5/23/20","86","5","17133","5.81"
"Montgomery","0","38","Illinois","5/23/20","37","1","17135","2.7"
"Morgan","0","34","Illinois","5/23/20","35","-1","17137","-2.86"
"Moultrie","0","9","Illinois","5/23/20","8","1","17139","12.5"
"Ogle","2","185","Illinois","5/23/20","169","16","17141","9.47"
"Out of IL","6","126","Illinois","5/23/20","83","43","80017","51.81"
"Peoria","3","176","Illinois","5/23/20","155","21","17143","13.55"
"Perry","0","40","Illinois","5/23/20","38","2","17145","5.26"
"Piatt","0","10","Illinois","5/23/20","8","2","17147","25"
"Pike","0","1","Illinois","5/23/20","1","0","17149","0"
"Pope","0","1","Illinois","5/23/20","1","0","17151","0"
"Pulaski","0","40","Illinois","5/23/20","40","0","17153","0"
"Putnam","0","1","Illinois","5/23/20","2","-1","17155","-50"
"Randolph","3","256","Illinois","5/23/20","236","20","17157","8.47"
"Richland","0","3","Illinois","5/23/20","3","0","17159","0"
"Rock Island","8","627","Illinois","5/23/20","570","57","17161","10"
"Saline","0","6","Illinois","5/23/20","6","0","17165","0"
"Sangamon","3","328","Illinois","5/23/20","304","24","17167","7.89"
"Schuyler","0","10","Illinois","5/23/20","7","3","17169","42.86"
"Shelby","0","16","Illinois","5/23/20","13","3","17173","23.08"
"St. Clair","22","939","Illinois","5/23/20","783","156","17163","19.92"
"Stark","0","3","Illinois","5/23/20","1","2","17175","200"
"Stephenson","6","176","Illinois","5/23/20","136","40","17177","29.41"
"Tazewell","1","67","Illinois","5/23/20","62","5","17179","8.06"
"Union","2","138","Illinois","5/23/20","122","16","17181","13.11"
"Vermilion","1","39","Illinois","5/23/20","29","10","17183","34.48"
"Wabash","0","1","Illinois","5/23/20","1","0","17185","0"
"Warren","1","114","Illinois","5/23/20","106","8","17187","7.55"
"Washington","0","18","Illinois","5/23/20","17","1","17189","5.88"
"Wayne","0","9","Illinois","5/23/20","8","1","17191","12.5"
"White","0","2","Illinois","5/23/20","2","0","17193","0"
"Whiteside","2","133","Illinois","5/23/20","118","15","17195","12.71"
"Will","100","5012","Illinois","5/23/20","4312","700","17197","16.23"
"Williamson","0","54","Illinois","5/23/20","52","2","17199","3.85"
"Winnebago","57","1838","Illinois","5/23/20","1436","402","17201","27.99"
"Woodford","0","17","Illinois","5/23/20","14","3","17203","21.43"
"Adams","0","12","Indiana","5/23/20","9","3","18001","33.33"
"Allen","33","1213","Indiana","5/23/20","985","228","18003","23.15"
"Bartholomew","8","467","Indiana","5/23/20","408","59","18005","14.46"
"Benton","0","24","Indiana","5/23/20","21","3","18007","14.29"
"Blackford","1","19","Indiana","5/23/20","14","5","18009","35.71"
"Boone","3","279","Indiana","5/23/20","256","23","18011","8.98"
"Brown","0","33","Indiana","5/23/20","30","3","18013","10"
"Carroll","1","88","Indiana","5/23/20","78","10","18015","12.82"
"Cass","4","1579","Indiana","5/23/20","1553","26","18017","1.67"
"Clark","7","450","Indiana","5/23/20","400","50","18019","12.5"
"Clay","1","38","Indiana","5/23/20","29","9","18021","31.03"
"Clinton","11","204","Indiana","5/23/20","126","78","18023","61.9"
"Crawford","0","23","Indiana","5/23/20","22","1","18025","4.55"
"Daviess","3","81","Indiana","5/23/20","61","20","18027","32.79"
"Dearborn","1","162","Indiana","5/23/20","157","5","18029","3.18"
"Decatur","1","221","Indiana","5/23/20","217","4","18031","1.84"
"DeKalb","0","28","Indiana","5/23/20","25","3","18033","12"
"Delaware","11","340","Indiana","5/23/20","261","79","18035","30.27"
"Dubois","12","171","Indiana","5/23/20","85","86","18037","101.18"
"Elkhart","43","938","Indiana","5/23/20","638","300","18039","47.02"
"Fayette","1","50","Indiana","5/23/20","40","10","18041","25"
"Floyd","2","311","Indiana","5/23/20","297","14","18043","4.71"
"Fountain","0","17","Indiana","5/23/20","18","-1","18045","-5.56"
"Franklin","0","106","Indiana","5/23/20","106","0","18047","0"
"Fulton","1","46","Indiana","5/23/20","42","4","18049","9.52"
"Gibson","0","13","Indiana","5/23/20","10","3","18051","30"
"Grant","2","178","Indiana","5/23/20","161","17","18053","10.56"
"Greene","2","167","Indiana","5/23/20","154","13","18055","8.44"
"Hamilton","13","1092","Indiana","5/23/20","1001","91","18057","9.09"
"Hancock","4","315","Indiana","5/23/20","287","28","18059","9.76"
"Harrison","2","183","Indiana","5/23/20","167","16","18061","9.58"
"Hendricks","12","1103","Indiana","5/23/20","1020","83","18063","8.14"
"Henry","5","155","Indiana","5/23/20","123","32","18065","26.02"
"Howard","8","344","Indiana","5/23/20","285","59","18067","20.7"
"Huntington","0","22","Indiana","5/23/20","20","2","18069","10"
"Jackson","5","353","Indiana","5/23/20","320","33","18071","10.31"
"Jasper","1","52","Indiana","5/23/20","43","9","18073","20.93"
"Jay","2","41","Indiana","5/23/20","28","13","18075","46.43"
"Jefferson","1","41","Indiana","5/23/20","34","7","18077","20.59"
"Jennings","2","126","Indiana","5/23/20","112","14","18079","12.5"
"Johnson","12","1065","Indiana","5/23/20","980","85","18081","8.67"
"Knox","0","24","Indiana","5/23/20","22","2","18083","9.09"
"Kosciusko","2","71","Indiana","5/23/20","57","14","18085","24.56"
"LaGrange","1","59","Indiana","5/23/20","49","10","18087","20.41"
"Lake","54","3191","Indiana","5/23/20","2812","379","18089","13.48"
"LaPorte","5","387","Indiana","5/23/20","355","32","18091","9.01"
"Lawrence","1","142","Indiana","5/23/20","133","9","18093","6.77"
"Madison","5","576","Indiana","5/23/20","538","38","18095","7.06"
"Marion","127","9040","Indiana","5/23/20","8151","889","18097","10.91"
"Marshall","3","61","Indiana","5/23/20","40","21","18099","52.5"
"Martin","0","10","Indiana","5/23/20","7","3","18101","42.86"
"Miami","1","135","Indiana","5/23/20","130","5","18103","3.85"
"Monroe","2","158","Indiana","5/23/20","144","14","18105","9.72"
"Montgomery","6","211","Indiana","5/23/20","167","44","18107","26.35"
"Morgan","2","257","Indiana","5/23/20","241","16","18109","6.64"
"Newton","0","72","Indiana","5/23/20","71","1","18111","1.41"
"Noble","4","174","Indiana","5/23/20","148","26","18113","17.57"
"Ohio","0","13","Indiana","5/23/20","12","1","18115","8.33"
"Orange","0","122","Indiana","5/23/20","120","2","18117","1.67"
"Owen","0","30","Indiana","5/23/20","27","3","18119","11.11"
"Parke","0","17","Indiana","5/23/20","18","-1","18121","-5.56"
"Perry","1","23","Indiana","5/23/20","19","4","18123","21.05"
"Pike","0","5","Indiana","5/23/20","5","0","18125","0"
"Porter","11","465","Indiana","5/23/20","388","77","18127","19.85"
"Posey","0","17","Indiana","5/23/20","16","1","18129","6.25"
"Pulaski","1","38","Indiana","5/23/20","34","4","18131","11.76"
"Putnam","2","129","Indiana","5/23/20","117","12","18133","10.26"
"Randolph","1","37","Indiana","5/23/20","30","7","18135","23.33"
"Ripley","1","112","Indiana","5/23/20","107","5","18137","4.67"
"Rush","1","45","Indiana","5/23/20","40","5","18139","12.5"
"Scott","3","115","Indiana","5/23/20","93","22","18143","23.66"
"Shelby","4","311","Indiana","5/23/20","280","31","18145","11.07"
"Spencer","1","14","Indiana","5/23/20","8","6","18147","75"
"St. Joseph","26","1132","Indiana","5/23/20","947","185","18141","19.54"
"Starke","0","30","Indiana","5/23/20","27","3","18149","11.11"
"Steuben","2","76","Indiana","5/23/20","65","11","18151","16.92"
"Sullivan","1","31","Indiana","5/23/20","25","6","18153","24"
"Switzerland","0","19","Indiana","5/23/20","16","3","18155","18.75"
"Tippecanoe","9","356","Indiana","5/23/20","291","65","18157","22.34"
"Tipton","0","22","Indiana","5/23/20","21","1","18159","4.76"
"Union","0","8","Indiana","5/23/20","8","0","18161","0"
"Vanderburgh","6","240","Indiana","5/23/20","201","39","18163","19.4"
"Vermillion","0","8","Indiana","5/23/20","7","1","18165","14.29"
"Vigo","4","135","Indiana","5/23/20","106","29","18167","27.36"
"Wabash","0","72","Indiana","5/23/20","71","1","18169","1.41"
"Warren","0","12","Indiana","5/23/20","12","0","18171","0"
"Warrick","2","163","Indiana","5/23/20","148","15","18173","10.14"
"Washington","0","52","Indiana","5/23/20","50","2","18175","4"
"Wayne","1","66","Indiana","5/23/20","61","5","18177","8.2"
"Wells","1","22","Indiana","5/23/20","16","6","18179","37.5"
"White","5","212","Indiana","5/23/20","178","34","18181","19.1"
"Whitley","1","34","Indiana","5/23/20","28","6","18183","21.43"
"Adair","0","7","Iowa","5/23/20","4","3","19001","75"
"Adams","1","4","Iowa","5/23/20","0","4","19003","1"
"Allamakee","0","118","Iowa","5/23/20","116","2","19005","1.72"
"Appanoose","0","9","Iowa","5/23/20","7","2","19007","28.57"
"Audubon","0","11","Iowa","5/23/20","11","0","19009","0"
"Benton","0","37","Iowa","5/23/20","36","1","19011","2.78"
"Black Hawk","14","1669","Iowa","5/23/20","1571","98","19013","6.24"
"Boone","2","53","Iowa","5/23/20","41","12","19015","29.27"
"Bremer","0","67","Iowa","5/23/20","64","3","19017","4.69"
"Buchanan","1","30","Iowa","5/23/20","26","4","19019","15.38"
"Buena Vista","21","227","Iowa","5/23/20","82","145","19021","176.83"
"Butler","0","15","Iowa","5/23/20","13","2","19023","15.38"
"Calhoun","0","2","Iowa","5/23/20","1","1","19025","100"
"Carroll","0","8","Iowa","5/23/20","8","0","19027","0"
"Cass","1","10","Iowa","5/23/20","1","9","19029","900"
"Cedar","0","44","Iowa","5/23/20","42","2","19031","4.76"
"Cerro Gordo","1","21","Iowa","5/23/20","17","4","19033","23.53"
"Cherokee","1","14","Iowa","5/23/20","9","5","19035","55.56"
"Chickasaw","0","8","Iowa","5/23/20","7","1","19037","14.29"
"Clarke","2","30","Iowa","5/23/20","14","16","19039","114.29"
"Clay","0","10","Iowa","5/23/20","10","0","19041","0"
"Clayton","0","30","Iowa","5/23/20","28","2","19043","7.14"
"Clinton","0","61","Iowa","5/23/20","60","1","19045","1.67"
"Crawford","16","460","Iowa","5/23/20","348","112","19047","32.18"
"Dallas","9","836","Iowa","5/23/20","773","63","19049","8.15"
"Davis","1","18","Iowa","5/23/20","13","5","19051","38.46"
"Decatur","0","1","Iowa","5/23/20","0","1","19053","1"
"Delaware","0","14","Iowa","5/23/20","12","2","19055","16.67"
"Des Moines","3","56","Iowa","5/23/20","37","19","19057","51.35"
"Dickinson","0","8","Iowa","5/23/20","6","2","19059","33.33"
"Dubuque","8","317","Iowa","5/23/20","258","59","19061","22.87"
"Emmet","1","7","Iowa","5/23/20","1","6","19063","600"
"Fayette","0","26","Iowa","5/23/20","25","1","19065","4"
"Floyd","1","17","Iowa","5/23/20","11","6","19067","54.55"
"Franklin","0","7","Iowa","5/23/20","7","0","19069","0"
"Fremont","0","4","Iowa","5/23/20","3","1","19071","33.33"
"Greene","0","13","Iowa","5/23/20","13","0","19073","0"
"Grundy","0","19","Iowa","5/23/20","17","2","19075","11.76"
"Guthrie","1","42","Iowa","5/23/20","37","5","19077","13.51"
"Hamilton","1","19","Iowa","5/23/20","11","8","19079","72.73"
"Hancock","1","12","Iowa","5/23/20","3","9","19081","300"
"Hardin","0","13","Iowa","5/23/20","12","1","19083","8.33"
"Harrison","0","18","Iowa","5/23/20","17","1","19085","5.88"
"Henry","2","57","Iowa","5/23/20","44","13","19087","29.55"
"Howard","0","12","Iowa","5/23/20","12","0","19089","0"
"Humboldt","1","11","Iowa","5/23/20","7","4","19091","57.14"
"Ida","1","9","Iowa","5/23/20","3","6","19093","200"
"Iowa","1","32","Iowa","5/23/20","28","4","19095","14.29"
"Jackson","0","11","Iowa","5/23/20","8","3","19097","37.5"
"Jasper","2","254","Iowa","5/23/20","242","12","19099","4.96"
"Jefferson","0","14","Iowa","5/23/20","12","2","19101","16.67"
"Johnson","4","593","Iowa","5/23/20","567","26","19103","4.59"
"Jones","0","36","Iowa","5/23/20","36","0","19105","0"
"Keokuk","0","13","Iowa","5/23/20","10","3","19107","30"
"Kossuth","1","7","Iowa","5/23/20","2","5","19109","250"
"Lee","0","20","Iowa","5/23/20","18","2","19111","11.11"
"Linn","4","922","Iowa","5/23/20","892","30","19113","3.36"
"Louisa","4","334","Iowa","5/23/20","306","28","19115","9.15"
"Lucas","1","4","Iowa","5/23/20","0","4","19117","1"
"Lyon","0","19","Iowa","5/23/20","16","3","19119","18.75"
"Madison","1","22","Iowa","5/23/20","16","6","19121","37.5"
"Mahaska","4","51","Iowa","5/23/20","23","28","19123","121.74"
"Marion","1","29","Iowa","5/23/20","20","9","19125","45"
"Marshall","12","859","Iowa","5/23/20","778","81","19127","10.41"
"Mills","1","14","Iowa","5/23/20","10","4","19129","40"
"Mitchell","0","4","Iowa","5/23/20","4","0","19131","0"
"Monona","1","21","Iowa","5/23/20","15","6","19133","40"
"Monroe","2","32","Iowa","5/23/20","19","13","19135","68.42"
"Montgomery","0","5","Iowa","5/23/20","6","-1","19137","-16.67"
"Muscatine","2","541","Iowa","5/23/20","524","17","19139","3.24"
"O'Brien","0","24","Iowa","5/23/20","22","2","19141","9.09"
"Osceola","1","30","Iowa","5/23/20","26","4","19143","15.38"
"Page","0","10","Iowa","5/23/20","10","0","19145","0"
"Palo Alto","0","3","Iowa","5/23/20","2","1","19147","50"
"Plymouth","3","103","Iowa","5/23/20","82","21","19149","25.61"
"Pocahontas","0","4","Iowa","5/23/20","3","1","19151","33.33"
"Polk","108","3603","Iowa","5/23/20","2845","758","19153","26.64"
"Pottawattamie","8","205","Iowa","5/23/20","150","55","19155","36.67"
"Poweshiek","0","88","Iowa","5/23/20","85","3","19157","3.53"
"Ringgold","0","2","Iowa","5/23/20","0","2","19159","1"
"Sac","1","13","Iowa","5/23/20","4","9","19161","225"
"Scott","4","329","Iowa","5/23/20","301","28","19163","9.3"
"Shelby","2","31","Iowa","5/23/20","20","11","19165","55"
"Sioux","9","194","Iowa","5/23/20","131","63","19167","48.09"
"Story","2","90","Iowa","5/23/20","75","15","19169","20"
"Tama","5","390","Iowa","5/23/20","354","36","19171","10.17"
"Taylor","1","10","Iowa","5/23/20","1","9","19173","900"
"Union","0","5","Iowa","5/23/20","2","3","19175","150"
"Van Buren","0","8","Iowa","5/23/20","8","0","19177","0"
"Wapello","17","477","Iowa","5/23/20","360","117","19179","32.5"
"Warren","5","100","Iowa","5/23/20","66","34","19181","51.52"
"Washington","1","179","Iowa","5/23/20","170","9","19183","5.29"
"Wayne","0","1","Iowa","5/23/20","1","0","19185","0"
"Webster","2","27","Iowa","5/23/20","13","14","19187","107.69"
"Winnebago","1","10","Iowa","5/23/20","6","4","19189","66.67"
"Winneshiek","0","21","Iowa","5/23/20","18","3","19191","16.67"
"Woodbury","52","2520","Iowa","5/23/20","2157","363","19193","16.83"
"Worth","0","3","Iowa","5/23/20","3","0","19195","0"
"Wright","13","98","Iowa","5/23/20","8","90","19197","1125"
"Allen","0","1","Kansas","5/23/20","0","1","20001","1"
"Anderson","0","1","Kansas","5/23/20","1","0","20003","0"
"Atchison","1","19","Kansas","5/23/20","15","4","20005","26.67"
"Barber","0","1","Kansas","5/23/20","1","0","20007","0"
"Barton","1","36","Kansas","5/23/20","30","6","20009","20"
"Bourbon","0","7","Kansas","5/23/20","6","1","20011","16.67"
"Brown","0","6","Kansas","5/23/20","3","3","20013","100"
"Butler","1","25","Kansas","5/23/20","18","7","20015","38.89"
"Chase","0","4","Kansas","5/23/20","3","1","20017","33.33"
"Chautauqua","0","4","Kansas","5/23/20","4","0","20019","0"
"Cherokee","0","9","Kansas","5/23/20","8","1","20021","12.5"
"Cheyenne","0","2","Kansas","5/23/20","2","0","20023","0"
"Clark","2","31","Kansas","5/23/20","20","11","20025","55"
"Clay","0","5","Kansas","5/23/20","4","1","20027","25"
"Cloud","0","4","Kansas","5/23/20","4","0","20029","0"
"Coffey","0","50","Kansas","5/23/20","50","0","20031","0"
"Comanche","0","1","Kansas","5/23/20","0","1","20033","1"
"Cowley","0","4","Kansas","5/23/20","4","0","20035","0"
"Crawford","0","8","Kansas","5/23/20","8","0","20037","0"
"Dickinson","0","4","Kansas","5/23/20","2","2","20041","100"
"Doniphan","0","12","Kansas","5/23/20","9","3","20043","33.33"
"Douglas","0","63","Kansas","5/23/20","60","3","20045","5"
"Edwards","0","5","Kansas","5/23/20","4","1","20047","25"
"Ellis","0","8","Kansas","5/23/20","8","0","20051","0"
"Ellsworth","0","2","Kansas","5/23/20","2","0","20053","0"
"Finney","26","1418","Kansas","5/23/20","1234","184","20055","14.91"
"Ford","35","1555","Kansas","5/23/20","1311","244","20057","18.61"
"Franklin","0","32","Kansas","5/23/20","32","0","20059","0"
"Geary","0","16","Kansas","5/23/20","14","2","20061","14.29"
"Gove","0","1","Kansas","5/23/20","1","0","20063","0"
"Grant","1","18","Kansas","5/23/20","14","4","20067","28.57"
"Gray","1","21","Kansas","5/23/20","12","9","20069","75"
"Greenwood","0","3","Kansas","5/23/20","3","0","20073","0"
"Hamilton","0","10","Kansas","5/23/20","9","1","20075","11.11"
"Harper","0","1","Kansas","5/23/20","1","0","20077","0"
"Harvey","0","11","Kansas","5/23/20","10","1","20079","10"
"Haskell","0","17","Kansas","5/23/20","16","1","20081","6.25"
"Hodgeman","0","1","Kansas","5/23/20","0","1","20083","1"
"Jackson","9","84","Kansas","5/23/20","24","60","20085","250"
"Jefferson","0","21","Kansas","5/23/20","19","2","20087","10.53"
"Jewell","0","4","Kansas","5/23/20","4","0","20089","0"
"Johnson","7","688","Kansas","5/23/20","642","46","20091","7.17"
"Kearny","1","40","Kansas","5/23/20","36","4","20093","11.11"
"Kiowa","0","2","Kansas","5/23/20","2","0","20097","0"
"Labette","0","22","Kansas","5/23/20","22","0","20099","0"
"Lane","0","1","Kansas","5/23/20","0","1","20101","1"
"Leavenworth","16","1067","Kansas","5/23/20","958","109","20103","11.38"
"Linn","0","7","Kansas","5/23/20","6","1","20107","16.67"
"Lyon","3","328","Kansas","5/23/20","310","18","20111","5.81"
"Marion","0","5","Kansas","5/23/20","5","0","20115","0"
"McPherson","0","27","Kansas","5/23/20","26","1","20113","3.85"
"Meade","0","24","Kansas","5/23/20","22","2","20119","9.09"
"Miami","0","6","Kansas","5/23/20","6","0","20121","0"
"Mitchell","0","3","Kansas","5/23/20","3","0","20123","0"
"Montgomery","0","20","Kansas","5/23/20","20","0","20125","0"
"Morris","0","4","Kansas","5/23/20","3","1","20127","33.33"
"Morton","0","4","Kansas","5/23/20","4","0","20129","0"
"Nemaha","1","9","Kansas","5/23/20","1","8","20131","800"
"Neosho","0","2","Kansas","5/23/20","2","0","20133","0"
"Ness","0","1","Kansas","5/23/20","0","1","20135","1"
"Norton","0","2","Kansas","5/23/20","2","0","20137","0"
"Osage","0","7","Kansas","5/23/20","6","1","20139","16.67"
"Osborne","0","2","Kansas","5/23/20","2","0","20141","0"
"Ottawa","0","4","Kansas","5/23/20","4","0","20143","0"
"Phillips","0","2","Kansas","5/23/20","2","0","20147","0"
"Pottawatomie","0","22","Kansas","5/23/20","19","3","20149","15.79"
"Pratt","0","1","Kansas","5/23/20","1","0","20151","0"
"Reno","0","43","Kansas","5/23/20","41","2","20155","4.88"
"Republic","0","4","Kansas","5/23/20","4","0","20157","0"
"Rice","0","4","Kansas","5/23/20","4","0","20159","0"
"Riley","0","61","Kansas","5/23/20","60","1","20161","1.67"
"Rooks","0","6","Kansas","5/23/20","6","0","20163","0"
"Saline","0","24","Kansas","5/23/20","24","0","20169","0"
"Scott","1","13","Kansas","5/23/20","8","5","20171","62.5"
"Sedgwick","3","553","Kansas","5/23/20","534","19","20173","3.56"
"Seward","9","821","Kansas","5/23/20","758","63","20175","8.31"
"Shawnee","9","247","Kansas","5/23/20","185","62","20177","33.51"
"Sheridan","0","2","Kansas","5/23/20","2","0","20179","0"
"Sherman","0","6","Kansas","5/23/20","6","0","20181","0"
"Smith","0","2","Kansas","5/23/20","2","0","20183","0"
"Stafford","0","1","Kansas","5/23/20","1","0","20185","0"
"Stanton","0","9","Kansas","5/23/20","9","0","20187","0"
"Stevens","0","27","Kansas","5/23/20","26","1","20189","3.85"
"Sumner","0","6","Kansas","5/23/20","6","0","20191","0"
"Trego","0","1","Kansas","5/23/20","0","1","20195","1"
"Wabaunsee","0","29","Kansas","5/23/20","28","1","20197","3.57"
"Wichita","0","0","Kansas","5/23/20","1","-1","20203","-100"
"Wilson","0","1","Kansas","5/23/20","1","0","20205","0"
"Woodson","0","6","Kansas","5/23/20","6","0","20207","0"
"Wyandotte","15","1255","Kansas","5/23/20","1153","102","20209","8.85"
"Adair","1","96","Kentucky","5/23/20","92","4","21001","4.35"
"Allen","1","47","Kentucky","5/23/20","38","9","21003","23.68"
"Anderson","1","15","Kentucky","5/23/20","10","5","21005","50"
"Ballard","0","9","Kentucky","5/23/20","10","-1","21007","-10"
"Barren","1","42","Kentucky","5/23/20","34","8","21009","23.53"
"Bath","0","8","Kentucky","5/23/20","7","1","21011","14.29"
"Bell","0","1","Kentucky","5/23/20","0","1","21013","1"
"Boone","10","387","Kentucky","5/23/20","316","71","21015","22.47"
"Bourbon","0","9","Kentucky","5/23/20","8","1","21017","12.5"
"Boyd","0","39","Kentucky","5/23/20","38","1","21019","2.63"
"Boyle","0","20","Kentucky","5/23/20","18","2","21021","11.11"
"Bracken","0","11","Kentucky","5/23/20","9","2","21023","22.22"
"Breathitt","0","3","Kentucky","5/23/20","2","1","21025","50"
"Breckinridge","0","16","Kentucky","5/23/20","14","2","21027","14.29"
"Bullitt","2","104","Kentucky","5/23/20","93","11","21029","11.83"
"Butler","0","218","Kentucky","5/23/20","217","1","21031","0.46"
"Caldwell","0","12","Kentucky","5/23/20","12","0","21033","0"
"Calloway","0","49","Kentucky","5/23/20","46","3","21035","6.52"
"Campbell","2","146","Kentucky","5/23/20","131","15","21037","11.45"
"Carlisle","0","5","Kentucky","5/23/20","3","2","21039","66.67"
"Carroll","1","7","Kentucky","5/23/20","2","5","21041","250"
"Carter","0","9","Kentucky","5/23/20","8","1","21043","12.5"
"Casey","0","2","Kentucky","5/23/20","2","0","21045","0"
"Christian","1","103","Kentucky","5/23/20","95","8","21047","8.42"
"Clark","2","37","Kentucky","5/23/20","20","17","21049","85"
"Clay","0","4","Kentucky","5/23/20","2","2","21051","100"
"Clinton","0","3","Kentucky","5/23/20","3","0","21053","0"
"Crittenden","0","5","Kentucky","5/23/20","4","1","21055","25"
"Cumberland","0","5","Kentucky","5/23/20","5","0","21057","0"
"Daviess","3","305","Kentucky","5/23/20","287","18","21059","6.27"
"Edmonson","1","54","Kentucky","5/23/20","50","4","21061","8"
"Elliott","0","1","Kentucky","5/23/20","0","1","21063","1"
"Fayette","10","619","Kentucky","5/23/20","550","69","21067","12.55"
"Fleming","0","2","Kentucky","5/23/20","1","1","21069","100"
"Floyd","0","16","Kentucky","5/23/20","16","0","21071","0"
"Franklin","1","24","Kentucky","5/23/20","20","4","21073","20"
"Fulton","0","3","Kentucky","5/23/20","1","2","21075","200"
"Gallatin","1","8","Kentucky","5/23/20","2","6","21077","300"
"Garrard","0","4","Kentucky","5/23/20","4","0","21079","0"
"Grant","1","36","Kentucky","5/23/20","32","4","21081","12.5"
"Graves","1","157","Kentucky","5/23/20","152","5","21083","3.29"
"Grayson","3","121","Kentucky","5/23/20","103","18","21085","17.48"
"Green","0","1","Kentucky","5/23/20","1","0","21087","0"
"Greenup","0","13","Kentucky","5/23/20","13","0","21089","0"
"Hancock","0","6","Kentucky","5/23/20","7","-1","21091","-14.29"
"Hardin","3","96","Kentucky","5/23/20","73","23","21093","31.51"
"Harlan","0","1","Kentucky","5/23/20","1","0","21095","0"
"Harrison","0","18","Kentucky","5/23/20","19","-1","21097","-5.26"
"Hart","1","20","Kentucky","5/23/20","15","5","21099","33.33"
"Henderson","1","95","Kentucky","5/23/20","87","8","21101","9.2"
"Henry","0","14","Kentucky","5/23/20","12","2","21103","16.67"
"Hickman","0","5","Kentucky","5/23/20","5","0","21105","0"
"Hopkins","0","218","Kentucky","5/23/20","215","3","21107","1.4"
"Jackson","0","60","Kentucky","5/23/20","57","3","21109","5.26"
"Jefferson","26","2050","Kentucky","5/23/20","1865","185","21111","9.92"
"Jessamine","0","51","Kentucky","5/23/20","50","1","21113","2"
"Johnson","0","5","Kentucky","5/23/20","5","0","21115","0"
"Kenton","12","527","Kentucky","5/23/20","444","83","21117","18.69"
"Knott","0","4","Kentucky","5/23/20","4","0","21119","0"
"Knox","0","8","Kentucky","5/23/20","8","0","21121","0"
"Larue","0","7","Kentucky","5/23/20","6","1","21123","16.67"
"Laurel","0","21","Kentucky","5/23/20","21","0","21125","0"
"Lawrence","0","1","Kentucky","5/23/20","1","0","21127","0"
"Leslie","0","6","Kentucky","5/23/20","6","0","21131","0"
"Letcher","0","4","Kentucky","5/23/20","5","-1","21133","-20"
"Lewis","0","7","Kentucky","5/23/20","8","-1","21135","-12.5"
"Lincoln","0","8","Kentucky","5/23/20","7","1","21137","14.29"
"Livingston","0","8","Kentucky","5/23/20","7","1","21139","14.29"
"Logan","4","115","Kentucky","5/23/20","87","28","21141","32.18"
"Lyon","0","14","Kentucky","5/23/20","14","0","21143","0"
"Madison","0","45","Kentucky","5/23/20","43","2","21151","4.65"
"Magoffin","0","2","Kentucky","5/23/20","1","1","21153","100"
"Marion","0","18","Kentucky","5/23/20","17","1","21155","5.88"
"Marshall","0","37","Kentucky","5/23/20","35","2","21157","5.71"
"Martin","0","3","Kentucky","5/23/20","3","0","21159","0"
"Mason","0","8","Kentucky","5/23/20","8","0","21161","0"
"McCracken","1","87","Kentucky","5/23/20","81","6","21145","7.41"
"McCreary","0","13","Kentucky","5/23/20","13","0","21147","0"
"McLean","0","19","Kentucky","5/23/20","19","0","21149","0"
"Meade","0","21","Kentucky","5/23/20","20","1","21163","5"
"Menifee","1","8","Kentucky","5/23/20","3","5","21165","166.67"
"Mercer","0","12","Kentucky","5/23/20","12","0","21167","0"
"Metcalfe","0","4","Kentucky","5/23/20","3","1","21169","33.33"
"Monroe","1","14","Kentucky","5/23/20","6","8","21171","133.33"
"Montgomery","1","21","Kentucky","5/23/20","16","5","21173","31.25"
"Morgan","0","1","Kentucky","5/23/20","1","0","21175","0"
"Muhlenberg","1","471","Kentucky","5/23/20","465","6","21177","1.29"
"Nelson","0","35","Kentucky","5/23/20","32","3","21179","9.38"
"Nicholas","0","1","Kentucky","5/23/20","1","0","21181","0"
"Ohio","1","120","Kentucky","5/23/20","113","7","21183","6.19"
"Oldham","1","60","Kentucky","5/23/20","55","5","21185","9.09"
"Owen","0","1","Kentucky","5/23/20","1","0","21187","0"
"Owsley","0","2","Kentucky","5/23/20","2","0","21189","0"
"Pendleton","0","7","Kentucky","5/23/20","6","1","21191","16.67"
"Perry","0","19","Kentucky","5/23/20","19","0","21193","0"
"Pike","0","28","Kentucky","5/23/20","28","0","21195","0"
"Powell","0","1","Kentucky","5/23/20","1","0","21197","0"
"Pulaski","1","55","Kentucky","5/23/20","49","6","21199","12.24"
"Rockcastle","0","13","Kentucky","5/23/20","12","1","21203","8.33"
"Rowan","0","7","Kentucky","5/23/20","6","1","21205","16.67"
"Russell","0","22","Kentucky","5/23/20","23","-1","21207","-4.35"
"Scott","0","34","Kentucky","5/23/20","34","0","21209","0"
"Shelby","2","92","Kentucky","5/23/20","75","17","21211","22.67"
"Simpson","1","44","Kentucky","5/23/20","37","7","21213","18.92"
"Spencer","0","16","Kentucky","5/23/20","16","0","21215","0"
"Taylor","0","11","Kentucky","5/23/20","9","2","21217","22.22"
"Todd","0","16","Kentucky","5/23/20","17","-1","21219","-5.88"
"Trigg","0","9","Kentucky","5/23/20","9","0","21221","0"
"Trimble","0","5","Kentucky","5/23/20","3","2","21223","66.67"
"Union","0","10","Kentucky","5/23/20","10","0","21225","0"
"Warren","21","920","Kentucky","5/23/20","776","144","21227","18.56"
"Washington","0","6","Kentucky","5/23/20","6","0","21229","0"
"Wayne","0","8","Kentucky","5/23/20","8","0","21231","0"
"Webster","0","32","Kentucky","5/23/20","32","0","21233","0"
"Whitley","0","13","Kentucky","5/23/20","12","1","21235","8.33"
"Wolfe","0","1","Kentucky","5/23/20","0","1","21237","1"
"Woodford","1","25","Kentucky","5/23/20","19","6","21239","31.58"
"Acadia","14","289","Louisiana","5/23/20","192","97","22001","50.52"
"Allen","12","182","Louisiana","5/23/20","99","83","22003","83.84"
"Ascension","5","785","Louisiana","5/23/20","752","33","22005","4.39"
"Assumption","1","238","Louisiana","5/23/20","229","9","22007","3.93"
"Avoyelles","2","101","Louisiana","5/23/20","89","12","22009","13.48"
"Beauregard","1","56","Louisiana","5/23/20","51","5","22011","9.8"
"Bienville","8","136","Louisiana","5/23/20","82","54","22013","65.85"
"Bossier","5","380","Louisiana","5/23/20","342","38","22015","11.11"
"Caddo","61","2293","Louisiana","5/23/20","1864","429","22017","23.02"
"Calcasieu","8","567","Louisiana","5/23/20","514","53","22019","10.31"
"Caldwell","0","51","Louisiana","5/23/20","50","1","22021","2"
"Cameron","0","3","Louisiana","5/23/20","3","0","22023","0"
"Catahoula","1","112","Louisiana","5/23/20","104","8","22025","7.69"
"Claiborne","0","58","Louisiana","5/23/20","58","0","22027","0"
"Concordia","2","69","Louisiana","5/23/20","56","13","22029","23.21"
"De Soto","3","236","Louisiana","5/23/20","218","18","22031","8.26"
"East Baton Rouge","52","3370","Louisiana","5/23/20","3009","361","22033","12"
"East Carroll","4","62","Louisiana","5/23/20","32","30","22035","93.75"
"East Feliciana","1","184","Louisiana","5/23/20","176","8","22037","4.55"
"Evangeline","3","87","Louisiana","5/23/20","66","21","22039","31.82"
"Franklin","3","287","Louisiana","5/23/20","268","19","22041","7.09"
"Grant","1","26","Louisiana","5/23/20","20","6","22043","30"
"Iberia","5","388","Louisiana","5/23/20","353","35","22045","9.92"
"Iberville","2","541","Louisiana","5/23/20","524","17","22047","3.24"
"Jackson","2","82","Louisiana","5/23/20","68","14","22049","20.59"
"Jefferson","36","7232","Louisiana","5/23/20","6982","250","22051","3.58"
"Jefferson Davis","1","73","Louisiana","5/23/20","69","4","22053","5.8"
"Lafayette","8","637","Louisiana","5/23/20","578","59","22055","10.21"
"Lafourche","4","766","Louisiana","5/23/20","738","28","22057","3.79"
"LaSalle","1","45","Louisiana","5/23/20","37","8","22059","21.62"
"Lincoln","2","133","Louisiana","5/23/20","119","14","22061","11.76"
"Livingston","3","366","Louisiana","5/23/20","344","22","22063","6.4"
"Madison","4","54","Louisiana","5/23/20","24","30","22065","125"
"Morehouse","4","110","Louisiana","5/23/20","85","25","22067","29.41"
"Natchitoches","6","145","Louisiana","5/23/20","101","44","22069","43.56"
"Orleans","23","6944","Louisiana","5/23/20","6781","163","22071","2.4"
"Ouachita","16","1041","Louisiana","5/23/20","931","110","22073","11.82"
"Plaquemines","1","198","Louisiana","5/23/20","194","4","22075","2.06"
"Pointe Coupee","3","182","Louisiana","5/23/20","163","19","22077","11.66"
"Rapides","23","600","Louisiana","5/23/20","437","163","22079","37.3"
"Red River","1","46","Louisiana","5/23/20","42","4","22081","9.52"
"Richland","1","114","Louisiana","5/23/20","106","8","22083","7.55"
"Sabine","1","39","Louisiana","5/23/20","29","10","22085","34.48"
"St. Bernard","1","521","Louisiana","5/23/20","511","10","22087","1.96"
"St. Charles","1","622","Louisiana","5/23/20","613","9","22089","1.47"
"St. Helena","0","44","Louisiana","5/23/20","41","3","22091","7.32"
"St. James","1","289","Louisiana","5/23/20","282","7","22093","2.48"
"St. John the Baptist","1","838","Louisiana","5/23/20","829","9","22095","1.09"
"St. Landry","2","247","Louisiana","5/23/20","230","17","22097","7.39"
"St. Martin","2","288","Louisiana","5/23/20","272","16","22099","5.88"
"St. Mary","4","294","Louisiana","5/23/20","269","25","22101","9.29"
"St. Tammany","12","1609","Louisiana","5/23/20","1528","81","22103","5.3"
"Tangipahoa","7","767","Louisiana","5/23/20","719","48","22105","6.68"
"Tensas","1","10","Louisiana","5/23/20","5","5","22107","100"
"Terrebonne","8","623","Louisiana","5/23/20","567","56","22109","9.88"
"Union","7","287","Louisiana","5/23/20","236","51","22111","21.61"
"Vermilion","1","50","Louisiana","5/23/20","44","6","22113","13.64"
"Vernon","0","23","Louisiana","5/23/20","20","3","22115","15"
"Washington","3","383","Louisiana","5/23/20","363","20","22117","5.51"
"Webster","2","126","Louisiana","5/23/20","113","13","22119","11.5"
"West Baton Rouge","1","154","Louisiana","5/23/20","148","6","22121","4.05"
"West Carroll","3","33","Louisiana","5/23/20","12","21","22123","175"
"West Feliciana","1","194","Louisiana","5/23/20","184","10","22125","5.43"
"Winn","5","112","Louisiana","5/23/20","80","32","22127","40"
"Androscoggin","15","227","Maine","5/23/20","120","107","23001","89.17"
"Aroostook","0","8","Maine","5/23/20","7","1","23003","14.29"
"Cumberland","27","1009","Maine","5/23/20","821","188","23005","22.9"
"Franklin","0","36","Maine","5/23/20","33","3","23007","9.09"
"Hancock","0","11","Maine","5/23/20","10","1","23009","10"
"Kennebec","1","126","Maine","5/23/20","120","6","23011","5"
"Knox","0","20","Maine","5/23/20","21","-1","23013","-4.76"
"Lincoln","0","19","Maine","5/23/20","17","2","23015","11.76"
"Oxford","0","19","Maine","5/23/20","17","2","23017","11.76"
"Penobscot","1","98","Maine","5/23/20","93","5","23019","5.38"
"Piscataquis","0","1","Maine","5/23/20","1","0","23021","0"
"Sagadahoc","0","28","Maine","5/23/20","26","2","23023","7.69"
"Somerset","0","21","Maine","5/23/20","20","1","23025","5"
"Waldo","0","51","Maine","5/23/20","50","1","23027","2"
"Washington","0","2","Maine","5/23/20","2","0","23029","0"
"York","7","337","Maine","5/23/20","288","49","23031","17.01"
"Allegany","1","168","Maryland","5/23/20","160","8","24001","5"
"Anne Arundel","69","3282","Maryland","5/23/20","2801","481","24003","17.17"
"Baltimore","106","5290","Maryland","5/23/20","4549","741","24005","16.29"
"Baltimore City","136","4673","Maryland","5/23/20","3719","954","24510","25.65"
"Calvert","9","298","Maryland","5/23/20","237","61","24009","25.74"
"Caroline","4","231","Maryland","5/23/20","200","31","24011","15.5"
"Carroll","19","765","Maryland","5/23/20","633","132","24013","20.85"
"Cecil","5","342","Maryland","5/23/20","308","34","24015","11.04"
"Charles","18","969","Maryland","5/23/20","844","125","24017","14.81"
"Dorchester","2","126","Maryland","5/23/20","111","15","24019","13.51"
"Frederick","37","1661","Maryland","5/23/20","1402","259","24021","18.47"
"Garrett","0","7","Maryland","5/23/20","7","0","24023","0"
"Harford","12","764","Maryland","5/23/20","678","86","24025","12.68"
"Howard","41","1638","Maryland","5/23/20","1352","286","24027","21.15"
"Kent","1","148","Maryland","5/23/20","138","10","24029","7.25"
"Montgomery","244","9699","Maryland","5/23/20","7988","1711","24031","21.42"
"Prince George's","328","13324","Maryland","5/23/20","11031","2293","24033","20.79"
"Queen Anne's","5","146","Maryland","5/23/20","112","34","24035","30.36"
"Somerset","2","71","Maryland","5/23/20","55","16","24039","29.09"
"St. Mary's","10","379","Maryland","5/23/20","306","73","24037","23.86"
"Talbot","1","77","Maryland","5/23/20","68","9","24041","13.24"
"Washington","9","398","Maryland","5/23/20","332","66","24043","19.88"
"Wicomico","8","859","Maryland","5/23/20","801","58","24045","7.24"
"Worcester","6","180","Maryland","5/23/20","136","44","24047","32.35"
"Barnstable","20","1357","Massachusetts","5/23/20","1219","138","25001","11.32"
"Berkshire","4","536","Massachusetts","5/23/20","511","25","25003","4.89"
"Bristol","100","6569","Massachusetts","5/23/20","5868","701","25005","11.95"
"Dukes and Nantucket","1","52","Massachusetts","5/23/20","44","8","00000","18.18"
"Essex","156","13699","Massachusetts","5/23/20","12609","1090","25009","8.64"
"Franklin","1","323","Massachusetts","5/23/20","314","9","25011","2.87"
"Hampden","72","5736","Massachusetts","5/23/20","5231","505","25013","9.65"
"Hampshire","10","847","Massachusetts","5/23/20","776","71","25015","9.15"
"Middlesex","214","20942","Massachusetts","5/23/20","19445","1497","25017","7.7"
"Norfolk","59","8192","Massachusetts","5/23/20","7780","412","25021","5.3"
"Plymouth","78","7768","Massachusetts","5/23/20","7223","545","25023","7.55"
"Suffolk","147","17805","Massachusetts","5/23/20","16777","1028","25025","6.13"
"Worcester","175","10460","Massachusetts","5/23/20","9233","1227","25027","13.29"
"Alcona","1","13","Michigan","5/23/20","9","4","26001","44.44"
"Allegan","4","236","Michigan","5/23/20","205","31","26005","15.12"
"Alpena","0","101","Michigan","5/23/20","98","3","26007","3.06"
"Antrim","0","12","Michigan","5/23/20","12","0","26009","0"
"Arenac","0","36","Michigan","5/23/20","34","2","26011","5.88"
"Baraga","0","1","Michigan","5/23/20","1","0","26013","0"
"Barry","1","75","Michigan","5/23/20","69","6","26015","8.7"
"Bay","6","312","Michigan","5/23/20","269","43","26017","15.99"
"Benzie","0","4","Michigan","5/23/20","4","0","26019","0"
"Berrien","13","712","Michigan","5/23/20","623","89","26021","14.29"
"Branch","1","109","Michigan","5/23/20","101","8","26023","7.92"
"Calhoun","7","377","Michigan","5/23/20","330","47","26025","14.24"
"Cass","3","87","Michigan","5/23/20","64","23","26027","35.94"
"Charlevoix","0","17","Michigan","5/23/20","17","0","26029","0"
"Cheboygan","0","26","Michigan","5/23/20","24","2","26031","8.33"
"Chippewa","0","3","Michigan","5/23/20","4","-1","26033","-25"
"Clare","0","18","Michigan","5/23/20","15","3","26035","20"
"Clinton","2","167","Michigan","5/23/20","152","15","26037","9.87"
"Crawford","0","62","Michigan","5/23/20","61","1","26039","1.64"
"Delta","1","20","Michigan","5/23/20","16","4","26041","25"
"Dickinson","0","5","Michigan","5/23/20","5","0","26043","0"
"Eaton","4","223","Michigan","5/23/20","192","31","26045","16.15"
"Emmet","0","25","Michigan","5/23/20","25","0","26047","0"
"Federal Correctional Institution (FCI)","2","129","Michigan","5/23/20","116","13","00000","11.21"
"Genesee","28","2337","Michigan","5/23/20","2141","196","26049","9.15"
"Gladwin","0","17","Michigan","5/23/20","17","0","26051","0"
"Gogebic","0","5","Michigan","5/23/20","4","1","26053","25"
"Grand Traverse","0","24","Michigan","5/23/20","24","0","26055","0"
"Gratiot","4","76","Michigan","5/23/20","47","29","26057","61.7"
"Hillsdale","0","174","Michigan","5/23/20","171","3","26059","1.75"
"Houghton","0","2","Michigan","5/23/20","2","0","26061","0"
"Huron","0","50","Michigan","5/23/20","48","2","26063","4.17"
"Ingham","8","730","Michigan","5/23/20","676","54","26065","7.99"
"Ionia","4","159","Michigan","5/23/20","129","30","26067","23.26"
"Iosco","3","92","Michigan","5/23/20","73","19","26069","26.03"
"Isabella","1","85","Michigan","5/23/20","77","8","26073","10.39"
"Jackson","2","453","Michigan","5/23/20","437","16","26075","3.66"
"Kalamazoo","13","839","Michigan","5/23/20","749","90","26077","12.02"
"Kalkaska","0","30","Michigan","5/23/20","28","2","26079","7.14"
"Kent","80","3520","Michigan","5/23/20","2961","559","26081","18.88"
"Lake","0","6","Michigan","5/23/20","4","2","26085","50"
"Lapeer","2","210","Michigan","5/23/20","197","13","26087","6.6"
"Leelanau","0","11","Michigan","5/23/20","10","1","26089","10"
"Lenawee","2","178","Michigan","5/23/20","166","12","26091","7.23"
"Livingston","2","477","Michigan","5/23/20","460","17","26093","3.7"
"Luce","0","3","Michigan","5/23/20","2","1","26095","50"
"Mackinac","0","6","Michigan","5/23/20","6","0","26097","0"
"Macomb","28","6609","Michigan","5/23/20","6410","199","26099","3.1"
"Manistee","0","12","Michigan","5/23/20","12","0","26101","0"
"Marquette","0","53","Michigan","5/23/20","52","1","26103","1.92"
"Mason","1","37","Michigan","5/23/20","30","7","26105","23.33"
"Mecosta","0","22","Michigan","5/23/20","22","0","26107","0"
"Menominee","0","8","Michigan","5/23/20","8","0","26109","0"
"Michigan Department of Corrections (MDOC)","154","3392","Michigan","5/23/20","2313","1079","00000","46.65"
"Midland","2","116","Michigan","5/23/20","103","13","26111","12.62"
"Missaukee","0","22","Michigan","5/23/20","22","0","26113","0"
"Monroe","8","508","Michigan","5/23/20","453","55","26115","12.14"
"Montcalm","2","71","Michigan","5/23/20","57","14","26117","24.56"
"Montmorency","0","5","Michigan","5/23/20","5","0","26119","0"
"Muskegon","17","587","Michigan","5/23/20","470","117","26121","24.89"
"Newaygo","6","84","Michigan","5/23/20","44","40","26123","90.91"
"Oakland","98","10197","Michigan","5/23/20","9511","686","26125","7.21"
"Oceana","4","82","Michigan","5/23/20","55","27","26127","49.09"
"Ogemaw","1","28","Michigan","5/23/20","23","5","26129","21.74"
"Osceola","0","13","Michigan","5/23/20","11","2","26133","18.18"
"Oscoda","0","8","Michigan","5/23/20","8","0","26135","0"
"Otsego","0","118","Michigan","5/23/20","117","1","26137","0.85"
"Ottawa","23","737","Michigan","5/23/20","574","163","26139","28.4"
"Out of MI","-5","61","Michigan","5/23/20","97","-36","80026","-37.11"
"Presque Isle","0","11","Michigan","5/23/20","11","0","26141","0"
"Roscommon","0","23","Michigan","5/23/20","23","0","26143","0"
"Saginaw","12","1003","Michigan","5/23/20","921","82","26145","8.9"
"Sanilac","0","40","Michigan","5/23/20","39","1","26151","2.56"
"Schoolcraft","0","4","Michigan","5/23/20","4","0","26153","0"
"Shiawassee","2","257","Michigan","5/23/20","240","17","26155","7.08"
"St. Clair","3","490","Michigan","5/23/20","468","22","26147","4.7"
"St. Joseph","3","104","Michigan","5/23/20","86","18","26149","20.93"
"Tuscola","2","186","Michigan","5/23/20","169","17","26157","10.06"
"Van Buren","2","142","Michigan","5/23/20","130","12","26159","9.23"
"Washtenaw","8","1440","Michigan","5/23/20","1382","58","26161","4.2"
"Wayne","109","20305","Michigan","5/23/20","19542","763","26163","3.9"
"Wexford","0","13","Michigan","5/23/20","13","0","26165","0"
"Aitkin","0","6","Minnesota","5/23/20","3","3","27001","100"
"Anoka","46","1092","Minnesota","5/23/20","770","322","27003","41.82"
"Becker","0","32","Minnesota","5/23/20","33","-1","27005","-3.03"
"Beltrami","0","12","Minnesota","5/23/20","9","3","27007","33.33"
"Benton","6","161","Minnesota","5/23/20","122","39","27009","31.97"
"Big Stone","0","3","Minnesota","5/23/20","2","1","27011","50"
"Blue Earth","4","110","Minnesota","5/23/20","79","31","27013","39.24"
"Brown","0","11","Minnesota","5/23/20","10","1","27015","10"
"Carlton","1","71","Minnesota","5/23/20","66","5","27017","7.58"
"Carver","6","154","Minnesota","5/23/20","111","43","27019","38.74"
"Cass","0","11","Minnesota","5/23/20","9","2","27021","22.22"
"Chippewa","2","39","Minnesota","5/23/20","28","11","27023","39.29"
"Chisago","2","44","Minnesota","5/23/20","30","14","27025","46.67"
"Clay","10","361","Minnesota","5/23/20","291","70","27027","24.05"
"Clearwater","0","2","Minnesota","5/23/20","2","0","27029","0"
"Cottonwood","1","62","Minnesota","5/23/20","54","8","27033","14.81"
"Crow Wing","3","42","Minnesota","5/23/20","24","18","27035","75"
"Dakota","48","999","Minnesota","5/23/20","666","333","27037","50"
"Dodge","1","43","Minnesota","5/23/20","34","9","27039","26.47"
"Douglas","1","27","Minnesota","5/23/20","18","9","27041","50"
"Faribault","0","11","Minnesota","5/23/20","9","2","27043","22.22"
"Fillmore","0","17","Minnesota","5/23/20","17","0","27045","0"
"Freeborn","3","82","Minnesota","5/23/20","61","21","27047","34.43"
"Goodhue","3","50","Minnesota","5/23/20","32","18","27049","56.25"
"Grant","0","2","Minnesota","5/23/20","2","0","27051","0"
"Hennepin","246","6649","Minnesota","5/23/20","4930","1719","27053","34.87"
"Houston","0","2","Minnesota","5/23/20","2","0","27055","0"
"Hubbard","0","1","Minnesota","5/23/20","0","1","27057","1"
"Isanti","1","24","Minnesota","5/23/20","17","7","27059","41.18"
"Itasca","1","51","Minnesota","5/23/20","43","8","27061","18.6"
"Jackson","0","38","Minnesota","5/23/20","35","3","27063","8.57"
"Kanabec","0","11","Minnesota","5/23/20","9","2","27065","22.22"
"Kandiyohi","6","449","Minnesota","5/23/20","405","44","27067","10.86"
"Kittson","0","1","Minnesota","5/23/20","1","0","27069","0"
"Koochiching","0","4","Minnesota","5/23/20","3","1","27071","33.33"
"Lac qui Parle","0","3","Minnesota","5/23/20","2","1","27073","50"
"Lake","0","1","Minnesota","5/23/20","1","0","27075","0"
"Le Sueur","1","41","Minnesota","5/23/20","34","7","27079","20.59"
"Lincoln","0","5","Minnesota","5/23/20","4","1","27081","25"
"Lyon","1","31","Minnesota","5/23/20","25","6","27083","24"
"Mahnomen","0","5","Minnesota","5/23/20","5","0","27087","0"
"Marshall","0","8","Minnesota","5/23/20","8","0","27089","0"
"Martin","1","124","Minnesota","5/23/20","117","7","27091","5.98"
"McLeod","1","26","Minnesota","5/23/20","16","10","27085","62.5"
"Meeker","2","43","Minnesota","5/23/20","32","11","27093","34.38"
"Mille Lacs","1","15","Minnesota","5/23/20","9","6","27095","66.67"
"Morrison","2","36","Minnesota","5/23/20","24","12","27097","50"
"Mower","12","138","Minnesota","5/23/20","56","82","27099","146.43"
"Murray","1","35","Minnesota","5/23/20","31","4","27101","12.9"
"Nicollet","4","64","Minnesota","5/23/20","33","31","27103","93.94"
"Nobles","13","1444","Minnesota","5/23/20","1353","91","27105","6.73"
"Norman","0","11","Minnesota","5/23/20","11","0","27107","0"
"Olmsted","15","542","Minnesota","5/23/20","435","107","27109","24.6"
"Otter Tail","2","53","Minnesota","5/23/20","36","17","27111","47.22"
"Pennington","1","7","Minnesota","5/23/20","1","6","27113","600"
"Pine","0","84","Minnesota","5/23/20","83","1","27115","1.2"
"Pipestone","0","10","Minnesota","5/23/20","9","1","27117","11.11"
"Polk","1","59","Minnesota","5/23/20","55","4","27119","7.27"
"Pope","0","6","Minnesota","5/23/20","5","1","27121","20"
"Ramsey","107","2164","Minnesota","5/23/20","1416","748","27123","52.82"
"Red Lake","0","3","Minnesota","5/23/20","3","0","27125","0"
"Redwood","0","3","Minnesota","5/23/20","3","0","27127","0"
"Renville","0","5","Minnesota","5/23/20","5","0","27129","0"
"Rice","19","352","Minnesota","5/23/20","221","131","27131","59.28"
"Rock","0","20","Minnesota","5/23/20","20","0","27133","0"
"Roseau","0","1","Minnesota","5/23/20","1","0","27135","0"
"Scott","16","334","Minnesota","5/23/20","223","111","27139","49.78"
"Sherburne","8","202","Minnesota","5/23/20","144","58","27141","40.28"
"Sibley","1","12","Minnesota","5/23/20","7","5","27143","71.43"
"St. Louis","1","110","Minnesota","5/23/20","101","9","27137","8.91"
"Stearns","35","1918","Minnesota","5/23/20","1675","243","27145","14.51"
"Steele","5","138","Minnesota","5/23/20","100","38","27147","38"
"Swift","0","15","Minnesota","5/23/20","12","3","27151","25"
"Todd","19","183","Minnesota","5/23/20","52","131","27153","251.92"
"Traverse","0","3","Minnesota","5/23/20","3","0","27155","0"
"Wabasha","0","16","Minnesota","5/23/20","16","0","27157","0"
"Wadena","0","6","Minnesota","5/23/20","4","2","27159","50"
"Waseca","1","24","Minnesota","5/23/20","20","4","27161","20"
"Washington","23","485","Minnesota","5/23/20","326","159","27163","48.77"
"Watonwan","1","46","Minnesota","5/23/20","36","10","27165","27.78"
"Wilkin","0","11","Minnesota","5/23/20","11","0","27167","0"
"Winona","0","77","Minnesota","5/23/20","75","2","27169","2.67"
"Wright","11","231","Minnesota","5/23/20","152","79","27171","51.97"
"Yellow Medicine","0","5","Minnesota","5/23/20","3","2","27173","66.67"
"Adams","1","181","Mississippi","5/23/20","171","10","28001","5.85"
"Alcorn","0","15","Mississippi","5/23/20","12","3","28003","25"
"Amite","1","50","Mississippi","5/23/20","46","4","28005","8.7"
"Attala","5","270","Mississippi","5/23/20","233","37","28007","15.88"
"Benton","0","14","Mississippi","5/23/20","13","1","28009","7.69"
"Bolivar","1","136","Mississippi","5/23/20","130","6","28011","4.62"
"Calhoun","0","60","Mississippi","5/23/20","58","2","28013","3.45"
"Carroll","0","113","Mississippi","5/23/20","110","3","28015","2.73"
"Chickasaw","2","125","Mississippi","5/23/20","114","11","28017","9.65"
"Choctaw","1","29","Mississippi","5/23/20","20","9","28019","45"
"Claiborne","1","57","Mississippi","5/23/20","49","8","28021","16.33"
"Clarke","4","124","Mississippi","5/23/20","98","26","28023","26.53"
"Clay","2","96","Mississippi","5/23/20","79","17","28025","21.52"
"Coahoma","3","96","Mississippi","5/23/20","76","20","28027","26.32"
"Copiah","11","273","Mississippi","5/23/20","195","78","28029","40"
"Covington","3","127","Mississippi","5/23/20","105","22","28031","20.95"
"DeSoto","11","458","Mississippi","5/23/20","384","74","28033","19.27"
"Forrest","9","478","Mississippi","5/23/20","416","62","28035","14.9"
"Franklin","1","25","Mississippi","5/23/20","19","6","28037","31.58"
"George","0","19","Mississippi","5/23/20","17","2","28039","11.76"
"Greene","0","7","Mississippi","5/23/20","7","0","28041","0"
"Grenada","2","72","Mississippi","5/23/20","58","14","28043","24.14"
"Hancock","1","84","Mississippi","5/23/20","79","5","28045","6.33"
"Harrison","2","231","Mississippi","5/23/20","215","16","28047","7.44"
"Hinds","16","877","Mississippi","5/23/20","768","109","28049","14.19"
"Holmes","10","359","Mississippi","5/23/20","288","71","28051","24.65"
"Humphreys","1","52","Mississippi","5/23/20","44","8","28053","18.18"
"Itawamba","1","82","Mississippi","5/23/20","75","7","28057","9.33"
"Jackson","2","296","Mississippi","5/23/20","284","12","28059","4.23"
"Jasper","4","135","Mississippi","5/23/20","110","25","28061","22.73"
"Jefferson","1","40","Mississippi","5/23/20","35","5","28063","14.29"
"Jefferson Davis","0","70","Mississippi","5/23/20","68","2","28065","2.94"
"Jones","17","435","Mississippi","5/23/20","319","116","28067","36.36"
"Kemper","2","118","Mississippi","5/23/20","101","17","28069","16.83"
"Lafayette","2","118","Mississippi","5/23/20","107","11","28071","10.28"
"Lamar","6","218","Mississippi","5/23/20","173","45","28073","26.01"
"Lauderdale","13","670","Mississippi","5/23/20","578","92","28075","15.92"
"Lawrence","1","86","Mississippi","5/23/20","77","9","28077","11.69"
"Leake","4","382","Mississippi","5/23/20","352","30","28079","8.52"
"Lee","2","101","Mississippi","5/23/20","89","12","28081","13.48"
"Leflore","6","240","Mississippi","5/23/20","200","40","28083","20"
"Lincoln","5","238","Mississippi","5/23/20","202","36","28085","17.82"
"Lowndes","7","158","Mississippi","5/23/20","112","46","28087","41.07"
"Madison","16","639","Mississippi","5/23/20","526","113","28089","21.48"
"Marion","2","104","Mississippi","5/23/20","87","17","28091","19.54"
"Marshall","0","69","Mississippi","5/23/20","66","3","28093","4.55"
"Monroe","3","241","Mississippi","5/23/20","222","19","28095","8.56"
"Montgomery","1","78","Mississippi","5/23/20","71","7","28097","9.86"
"Neshoba","16","511","Mississippi","5/23/20","397","114","28099","28.72"
"Newton","5","221","Mississippi","5/23/20","186","35","28101","18.82"
"Noxubee","3","157","Mississippi","5/23/20","134","23","28103","17.16"
"Oktibbeha","4","128","Mississippi","5/23/20","102","26","28105","25.49"
"Panola","2","61","Mississippi","5/23/20","50","11","28107","22"
"Pearl River","1","203","Mississippi","5/23/20","195","8","28109","4.1"
"Perry","1","43","Mississippi","5/23/20","36","7","28111","19.44"
"Pike","3","194","Mississippi","5/23/20","176","18","28113","10.23"
"Pontotoc","0","26","Mississippi","5/23/20","25","1","28115","4"
"Prentiss","0","37","Mississippi","5/23/20","36","1","28117","2.78"
"Quitman","0","23","Mississippi","5/23/20","21","2","28119","9.52"
"Rankin","8","336","Mississippi","5/23/20","282","54","28121","19.15"
"Scott","9","587","Mississippi","5/23/20","521","66","28123","12.67"
"Sharkey","0","7","Mississippi","5/23/20","6","1","28125","16.67"
"Simpson","1","83","Mississippi","5/23/20","75","8","28127","10.67"
"Smith","2","126","Mississippi","5/23/20","111","15","28129","13.51"
"Stone","1","30","Mississippi","5/23/20","24","6","28131","25"
"Sunflower","1","77","Mississippi","5/23/20","69","8","28133","11.59"
"Tallahatchie","1","23","Mississippi","5/23/20","18","5","28135","27.78"
"Tate","0","58","Mississippi","5/23/20","56","2","28137","3.57"
"Tippah","0","69","Mississippi","5/23/20","69","0","28139","0"
"Tishomingo","1","23","Mississippi","5/23/20","14","9","28141","64.29"
"Tunica","1","48","Mississippi","5/23/20","44","4","28143","9.09"
"Union","1","70","Mississippi","5/23/20","60","10","28145","16.67"
"Walthall","1","51","Mississippi","5/23/20","46","5","28147","10.87"
"Warren","2","148","Mississippi","5/23/20","133","15","28149","11.28"
"Washington","5","151","Mississippi","5/23/20","113","38","28151","33.63"
"Wayne","6","76","Mississippi","5/23/20","37","39","28153","105.41"
"Webster","1","27","Mississippi","5/23/20","23","4","28155","17.39"
"Wilkinson","0","81","Mississippi","5/23/20","78","3","28157","3.85"
"Winston","3","98","Mississippi","5/23/20","75","23","28159","30.67"
"Yalobusha","2","82","Mississippi","5/23/20","71","11","28161","15.49"
"Yazoo","3","204","Mississippi","5/23/20","182","22","28163","12.09"
"Adair","2","38","Missouri","5/23/20","23","15","29001","65.22"
"Andrew","1","20","Missouri","5/23/20","14","6","29003","42.86"
"Atchison","0","3","Missouri","5/23/20","2","1","29005","50"
"Audrain","5","34","Missouri","5/23/20","2","32","29007","1600"
"Barry","0","8","Missouri","5/23/20","6","2","29009","33.33"
"Bates","0","7","Missouri","5/23/20","7","0","29013","0"
"Benton","0","10","Missouri","5/23/20","9","1","29015","11.11"
"Bollinger","0","6","Missouri","5/23/20","4","2","29017","50"
"Boone","2","115","Missouri","5/23/20","100","15","29019","15"
"Buchanan","15","609","Missouri","5/23/20","506","103","29021","20.36"
"Butler","0","28","Missouri","5/23/20","28","0","29023","0"
"Caldwell","0","5","Missouri","5/23/20","3","2","29025","66.67"
"Callaway","0","24","Missouri","5/23/20","23","1","29027","4.35"
"Camden","0","36","Missouri","5/23/20","36","0","29029","0"
"Cape Girardeau","1","58","Missouri","5/23/20","54","4","29031","7.41"
"Carroll","0","7","Missouri","5/23/20","7","0","29033","0"
"Carter","0","4","Missouri","5/23/20","3","1","29035","33.33"
"Cass","1","77","Missouri","5/23/20","72","5","29037","6.94"
"Cedar","0","9","Missouri","5/23/20","9","0","29039","0"
"Chariton","0","6","Missouri","5/23/20","6","0","29041","0"
"Christian","0","21","Missouri","5/23/20","21","0","29043","0"
"Clark","0","1","Missouri","5/23/20","1","0","29045","0"
"Clay","4","141","Missouri","5/23/20","116","25","29047","21.55"
"Clinton","1","18","Missouri","5/23/20","14","4","29049","28.57"
"Cole","0","59","Missouri","5/23/20","56","3","29051","5.36"
"Cooper","0","9","Missouri","5/23/20","9","0","29053","0"
"Crawford","0","9","Missouri","5/23/20","8","1","29055","12.5"
"Dallas","0","3","Missouri","5/23/20","2","1","29059","50"
"Daviess","0","4","Missouri","5/23/20","3","1","29061","33.33"
"DeKalb","0","5","Missouri","5/23/20","4","1","29063","25"
"Dunklin","0","28","Missouri","5/23/20","25","3","29069","12"
"Franklin","1","138","Missouri","5/23/20","134","4","29071","2.99"
"Gasconade","0","2","Missouri","5/23/20","2","0","29073","0"
"Gentry","1","6","Missouri","5/23/20","2","4","29075","200"
"Greene","2","121","Missouri","5/23/20","105","16","29077","15.24"
"Harrison","0","8","Missouri","5/23/20","7","1","29081","14.29"
"Henry","0","9","Missouri","5/23/20","9","0","29083","0"
"Holt","0","1","Missouri","5/23/20","1","0","29087","0"
"Howard","0","3","Missouri","5/23/20","3","0","29089","0"
"Howell","0","5","Missouri","5/23/20","5","0","29091","0"
"Iron","0","2","Missouri","5/23/20","2","0","29093","0"
"Jackson","9","495","Missouri","5/23/20","432","63","29095","14.58"
"Jasper","0","32","Missouri","5/23/20","29","3","29097","10.34"
"Jefferson","2","337","Missouri","5/23/20","326","11","29099","3.37"
"Johnson","0","72","Missouri","5/23/20","71","1","29101","1.41"
"Kansas City","18","991","Missouri","5/23/20","863","128","00000","14.83"
"Laclede","0","3","Missouri","5/23/20","3","0","29105","0"
"Lafayette","0","69","Missouri","5/23/20","68","1","29107","1.47"
"Lawrence","0","8","Missouri","5/23/20","7","1","29109","14.29"
"Lewis","0","7","Missouri","5/23/20","7","0","29111","0"
"Lincoln","0","106","Missouri","5/23/20","103","3","29113","2.91"
"Linn","0","5","Missouri","5/23/20","5","0","29115","0"
"Livingston","0","3","Missouri","5/23/20","3","0","29117","0"
"Macon","0","2","Missouri","5/23/20","2","0","29121","0"
"Madison","0","3","Missouri","5/23/20","3","0","29123","0"
"Maries","0","2","Missouri","5/23/20","2","0","29125","0"
"Marion","0","5","Missouri","5/23/20","5","0","29127","0"
"McDonald","1","15","Missouri","5/23/20","7","8","29119","114.29"
"Miller","0","4","Missouri","5/23/20","4","0","29131","0"
"Mississippi","1","54","Missouri","5/23/20","49","5","29133","10.2"
"Moniteau","0","45","Missouri","5/23/20","44","1","29135","2.27"
"Montgomery","0","8","Missouri","5/23/20","7","1","29139","14.29"
"Morgan","0","8","Missouri","5/23/20","8","0","29141","0"
"New Madrid","0","17","Missouri","5/23/20","14","3","29143","21.43"
"Newton","0","16","Missouri","5/23/20","13","3","29145","23.08"
"Nodaway","0","8","Missouri","5/23/20","5","3","29147","60"
"Oregon","0","2","Missouri","5/23/20","2","0","29149","0"
"Osage","0","5","Missouri","5/23/20","5","0","29151","0"
"Pemiscot","1","72","Missouri","5/23/20","68","4","29155","5.88"
"Perry","0","49","Missouri","5/23/20","46","3","29157","6.52"
"Pettis","0","70","Missouri","5/23/20","70","0","29159","0"
"Phelps","0","4","Missouri","5/23/20","2","2","29161","100"
"Pike","0","14","Missouri","5/23/20","14","0","29163","0"
"Platte","1","63","Missouri","5/23/20","54","9","29165","16.67"
"Polk","0","3","Missouri","5/23/20","2","1","29167","50"
"Pulaski","0","33","Missouri","5/23/20","36","-3","29169","-8.33"
"Ralls","0","2","Missouri","5/23/20","2","0","29173","0"
"Randolph","0","8","Missouri","5/23/20","8","0","29175","0"
"Ray","0","15","Missouri","5/23/20","13","2","29177","15.38"
"Reynolds","0","2","Missouri","5/23/20","2","0","29179","0"
"Ripley","0","7","Missouri","5/23/20","6","1","29181","16.67"
"Saline","3","266","Missouri","5/23/20","247","19","29195","7.69"
"Scotland","0","4","Missouri","5/23/20","4","0","29199","0"
"Scott","1","91","Missouri","5/23/20","86","5","29201","5.81"
"Shelby","0","1","Missouri","5/23/20","1","0","29205","0"
"St. Charles","6","730","Missouri","5/23/20","688","42","29183","6.1"
"St. Clair","0","3","Missouri","5/23/20","2","1","29185","50"
"St. Francois","0","33","Missouri","5/23/20","33","0","29187","0"
"St. Louis","46","4650","Missouri","5/23/20","4325","325","29189","7.51"
"St. Louis City","23","1789","Missouri","5/23/20","1631","158","29510","9.69"
"Ste. Genevieve","0","8","Missouri","5/23/20","8","0","29186","0"
"Stoddard","3","70","Missouri","5/23/20","51","19","29207","37.25"
"Stone","0","4","Missouri","5/23/20","3","1","29209","33.33"
"Sullivan","1","44","Missouri","5/23/20","34","10","29211","29.41"
"Taney","0","14","Missouri","5/23/20","12","2","29213","16.67"
"Vernon","0","7","Missouri","5/23/20","5","2","29217","40"
"Warren","0","28","Missouri","5/23/20","28","0","29219","0"
"Washington","0","10","Missouri","5/23/20","9","1","29221","11.11"
"Webster","0","17","Missouri","5/23/20","16","1","29225","6.25"
"Worth","0","3","Missouri","5/23/20","2","1","29227","50"
"Wright","0","11","Missouri","5/23/20","10","1","29229","10"
"Beaverhead","0","1","Montana","5/23/20","1","0","30001","0"
"Big Horn","0","8","Montana","5/23/20","8","0","30003","0"
"Broadwater","0","4","Montana","5/23/20","4","0","30007","0"
"Carbon","0","6","Montana","5/23/20","6","0","30009","0"
"Cascade","0","17","Montana","5/23/20","17","0","30013","0"
"Deer Lodge","0","3","Montana","5/23/20","3","0","30023","0"
"Flathead","0","37","Montana","5/23/20","37","0","30029","0"
"Gallatin","0","149","Montana","5/23/20","149","0","30031","0"
"Glacier","0","6","Montana","5/23/20","6","0","30035","0"
"Golden Valley","0","3","Montana","5/23/20","3","0","30037","0"
"Hill","0","1","Montana","5/23/20","1","0","30041","0"
"Jefferson","0","3","Montana","5/23/20","3","0","30043","0"
"Lake","0","5","Montana","5/23/20","5","0","30047","0"
"Lewis and Clark","0","16","Montana","5/23/20","16","0","30049","0"
"Liberty","0","1","Montana","5/23/20","1","0","30051","0"
"Lincoln","0","7","Montana","5/23/20","7","0","30053","0"
"Madison","0","8","Montana","5/23/20","8","0","30057","0"
"Meagher","0","1","Montana","5/23/20","1","0","30059","0"
"Missoula","0","39","Montana","5/23/20","39","0","30063","0"
"Musselshell","0","1","Montana","5/23/20","1","0","30065","0"
"Park","0","8","Montana","5/23/20","8","0","30067","0"
"Pondera","0","2","Montana","5/23/20","2","0","30073","0"
"Ravalli","1","13","Montana","5/23/20","5","8","30081","160"
"Richland","0","3","Montana","5/23/20","3","0","30083","0"
"Roosevelt","0","7","Montana","5/23/20","7","0","30085","0"
"Silver Bow","0","11","Montana","5/23/20","11","0","30093","0"
"Stillwater","0","1","Montana","5/23/20","1","0","30095","0"
"Toole","0","29","Montana","5/23/20","29","0","30101","0"
"Wheatland","0","1","Montana","5/23/20","1","0","30107","0"
"Yellowstone","0","88","Montana","5/23/20","85","3","30111","3.53"
"Adams","2","264","Nebraska","5/23/20","251","13","31001","5.18"
"Antelope","0","7","Nebraska","5/23/20","5","2","31003","40"
"Boone","0","3","Nebraska","5/23/20","3","0","31011","0"
"Box Butte","0","1","Nebraska","5/23/20","1","0","31013","0"
"Buffalo","1","140","Nebraska","5/23/20","136","4","31019","2.94"
"Burt","0","8","Nebraska","5/23/20","5","3","31021","60"
"Butler","2","45","Nebraska","5/23/20","29","16","31023","55.17"
"Cass","2","34","Nebraska","5/23/20","18","16","31025","88.89"
"Cedar","0","7","Nebraska","5/23/20","6","1","31027","16.67"
"Cherry","0","1","Nebraska","5/23/20","1","0","31031","0"
"Cheyenne","0","9","Nebraska","5/23/20","8","1","31033","12.5"
"Clay","1","22","Nebraska","5/23/20","17","5","31035","29.41"
"Colfax","12","592","Nebraska","5/23/20","508","84","31037","16.54"
"Cuming","2","32","Nebraska","5/23/20","16","16","31039","100"
"Custer","0","30","Nebraska","5/23/20","29","1","31041","3.45"
"Dakota","17","1575","Nebraska","5/23/20","1454","121","31043","8.32"
"Dawes","0","1","Nebraska","5/23/20","2","-1","31045","-50"
"Dawson","2","816","Nebraska","5/23/20","804","12","31047","1.49"
"Dixon","0","24","Nebraska","5/23/20","26","-2","31051","-7.69"
"Dodge","16","351","Nebraska","5/23/20","236","115","31053","48.73"
"Douglas","103","3024","Nebraska","5/23/20","2305","719","31055","31.19"
"Fillmore","0","5","Nebraska","5/23/20","4","1","31059","25"
"Franklin","0","6","Nebraska","5/23/20","5","1","31061","20"
"Frontier","0","1","Nebraska","5/23/20","1","0","31063","0"
"Furnas","0","7","Nebraska","5/23/20","5","2","31065","40"
"Gage","0","44","Nebraska","5/23/20","42","2","31067","4.76"
"Gosper","0","13","Nebraska","5/23/20","13","0","31073","0"
"Greeley","0","3","Nebraska","5/23/20","2","1","31077","50"
"Hall","5","1460","Nebraska","5/23/20","1424","36","31079","2.53"
"Hamilton","1","54","Nebraska","5/23/20","48","6","31081","12.5"
"Harlan","0","1","Nebraska","5/23/20","0","1","31083","1"
"Hitchcock","0","1","Nebraska","5/23/20","1","0","31087","0"
"Holt","0","1","Nebraska","5/23/20","1","0","31089","0"
"Howard","1","39","Nebraska","5/23/20","35","4","31093","11.43"
"Jefferson","0","6","Nebraska","5/23/20","6","0","31095","0"
"Johnson","0","7","Nebraska","5/23/20","6","1","31097","16.67"
"Kearney","0","11","Nebraska","5/23/20","11","0","31099","0"
"Keith","0","2","Nebraska","5/23/20","2","0","31101","0"
"Kimball","0","8","Nebraska","5/23/20","9","-1","31105","-11.11"
"Knox","0","8","Nebraska","5/23/20","8","0","31107","0"
"Lancaster","35","1033","Nebraska","5/23/20","791","242","31109","30.59"
"Lincoln","1","47","Nebraska","5/23/20","43","4","31111","9.3"
"Madison","4","296","Nebraska","5/23/20","270","26","31119","9.63"
"Merrick","1","32","Nebraska","5/23/20","28","4","31121","14.29"
"Morrill","0","10","Nebraska","5/23/20","10","0","31123","0"
"Nance","0","5","Nebraska","5/23/20","4","1","31125","25"
"Nemaha","0","3","Nebraska","5/23/20","2","1","31127","50"
"Nuckolls","0","1","Nebraska","5/23/20","1","0","31129","0"
"Otoe","0","6","Nebraska","5/23/20","5","1","31131","20"
"Phelps","1","18","Nebraska","5/23/20","13","5","31137","38.46"
"Pierce","0","2","Nebraska","5/23/20","1","1","31139","100"
"Platte","11","522","Nebraska","5/23/20","448","74","31141","16.52"
"Polk","0","9","Nebraska","5/23/20","9","0","31143","0"
"Red Willow","0","5","Nebraska","5/23/20","5","0","31145","0"
"Richardson","0","1","Nebraska","5/23/20","1","0","31147","0"
"Saline","8","467","Nebraska","5/23/20","413","54","31151","13.08"
"Sarpy","15","434","Nebraska","5/23/20","331","103","31153","31.12"
"Saunders","1","27","Nebraska","5/23/20","20","7","31155","35"
"Scotts Bluff","2","62","Nebraska","5/23/20","51","11","31157","21.57"
"Seward","0","27","Nebraska","5/23/20","24","3","31159","12.5"
"Sherman","0","2","Nebraska","5/23/20","2","0","31163","0"
"Stanton","0","16","Nebraska","5/23/20","15","1","31167","6.67"
"Thomas","0","1","Nebraska","5/23/20","1","0","31171","0"
"Thurston","1","24","Nebraska","5/23/20","19","5","31173","26.32"
"Valley","0","3","Nebraska","5/23/20","3","0","31175","0"
"Washington","0","26","Nebraska","5/23/20","24","2","31177","8.33"
"Wayne","1","12","Nebraska","5/23/20","4","8","31179","200"
"Webster","0","5","Nebraska","5/23/20","5","0","31181","0"
"York","1","35","Nebraska","5/23/20","29","6","31185","20.69"
"Carson City","2","83","Nevada","5/23/20","70","13","32510","18.57"
"Churchill","0","6","Nevada","5/23/20","5","1","32001","20"
"Clark","74","5815","Nevada","5/23/20","5298","517","32003","9.76"
"Douglas","0","26","Nevada","5/23/20","25","1","32005","4"
"Elko","0","22","Nevada","5/23/20","20","2","32007","10"
"Humboldt","1","78","Nevada","5/23/20","71","7","32013","9.86"
"Lander","0","19","Nevada","5/23/20","19","0","32015","0"
"Lincoln","0","2","Nevada","5/23/20","2","0","32017","0"
"Lyon","1","51","Nevada","5/23/20","47","4","32019","8.51"
"Mineral","0","4","Nevada","5/23/20","4","0","32021","0"
"Nye","0","59","Nevada","5/23/20","58","1","32023","1.72"
"Storey","0","1","Nevada","5/23/20","1","0","32029","0"
"Washoe","24","1356","Nevada","5/23/20","1190","166","32031","13.95"
"White Pine","0","4","Nevada","5/23/20","3","1","32033","33.33"
"Belknap","1","55","New Hampshire","5/23/20","51","4","33001","7.84"
"Carroll","1","46","New Hampshire","5/23/20","41","5","33003","12.2"
"Cheshire","1","51","New Hampshire","5/23/20","47","4","33005","8.51"
"Coos","0","4","New Hampshire","5/23/20","4","0","33007","0"
"Grafton","1","69","New Hampshire","5/23/20","61","8","33009","13.11"
"Hillsborough","47","2049","New Hampshire","5/23/20","1723","326","33011","18.92"
"Merrimack","5","312","New Hampshire","5/23/20","278","34","33013","12.23"
"Rockingham","18","1218","New Hampshire","5/23/20","1095","123","33015","11.23"
"Strafford","3","253","New Hampshire","5/23/20","230","23","33017","10"
"Sullivan","0","17","New Hampshire","5/23/20","16","1","33019","6.25"
"Atlantic","31","1936","New Jersey","5/23/20","1716","220","34001","12.82"
"Bergen","60","17668","New Jersey","5/23/20","17246","422","34003","2.45"
"Burlington","54","4252","New Jersey","5/23/20","3875","377","34005","9.73"
"Camden","82","5953","New Jersey","5/23/20","5381","572","34007","10.63"
"Cape May","8","558","New Jersey","5/23/20","500","58","34009","11.6"
"Cumberland","47","1924","New Jersey","5/23/20","1592","332","34011","20.85"
"Essex","144","17160","New Jersey","5/23/20","16151","1009","34013","6.25"
"Gloucester","33","2044","New Jersey","5/23/20","1811","233","34015","12.87"
"Hudson","130","18959","New Jersey","5/23/20","18048","911","34017","5.05"
"Hunterdon","20","938","New Jersey","5/23/20","795","143","34019","17.99"
"Mercer","90","6351","New Jersey","5/23/20","5719","632","34021","11.05"
"Middlesex","100","15215","New Jersey","5/23/20","14514","701","34023","4.83"
"Monmouth","60","7720","New Jersey","5/23/20","7297","423","34025","5.8"
"Morris","26","6192","New Jersey","5/23/20","6012","180","34027","2.99"
"Ocean","63","8316","New Jersey","5/23/20","7878","438","34029","5.56"
"Passaic","83","15610","New Jersey","5/23/20","15031","579","34031","3.85"
"Salem","11","535","New Jersey","5/23/20","457","78","34033","17.07"
"Somerset","30","4425","New Jersey","5/23/20","4212","213","34035","5.06"
"Sussex","4","1079","New Jersey","5/23/20","1053","26","34037","2.47"
"Union","88","15186","New Jersey","5/23/20","14569","617","34039","4.24"
"Warren","6","1119","New Jersey","5/23/20","1077","42","34041","3.9"
"Bernalillo","17","1313","New Mexico","5/23/20","1194","119","35001","9.97"
"Catron","0","2","New Mexico","5/23/20","2","0","35003","0"
"Chaves","1","35","New Mexico","5/23/20","30","5","35005","16.67"
"Cibola","3","122","New Mexico","5/23/20","101","21","35006","20.79"
"Colfax","0","5","New Mexico","5/23/20","5","0","35007","0"
"Curry","1","45","New Mexico","5/23/20","40","5","35009","12.5"
"Dona Ana","13","370","New Mexico","5/23/20","282","88","35013","31.21"
"Eddy","0","17","New Mexico","5/23/20","17","0","35015","0"
"Grant","0","16","New Mexico","5/23/20","16","0","35017","0"
"Guadalupe","0","19","New Mexico","5/23/20","19","0","35019","0"
"Harding","0","1","New Mexico","5/23/20","1","0","35021","0"
"Hidalgo","0","1","New Mexico","5/23/20","0","1","35023","1"
"Lea","1","21","New Mexico","5/23/20","15","6","35025","40"
"Lincoln","0","3","New Mexico","5/23/20","3","0","35027","0"
"Los Alamos","0","6","New Mexico","5/23/20","6","0","35028","0"
"Luna","0","8","New Mexico","5/23/20","8","0","35029","0"
"McKinley","32","2086","New Mexico","5/23/20","1864","222","35031","11.91"
"Otero","0","12","New Mexico","5/23/20","9","3","35035","33.33"
"Quay","0","5","New Mexico","5/23/20","5","0","35037","0"
"Rio Arriba","1","36","New Mexico","5/23/20","31","5","35039","16.13"
"Roosevelt","1","31","New Mexico","5/23/20","26","5","35041","19.23"
"San Juan","25","1490","New Mexico","5/23/20","1316","174","35045","13.22"
"San Miguel","0","10","New Mexico","5/23/20","10","0","35047","0"
"Sandoval","6","529","New Mexico","5/23/20","488","41","35043","8.4"
"Santa Fe","1","129","New Mexico","5/23/20","122","7","35049","5.74"
"Sierra","0","1","New Mexico","5/23/20","1","0","35051","0"
"Socorro","0","49","New Mexico","5/23/20","49","0","35053","0"
"Taos","0","22","New Mexico","5/23/20","22","0","35055","0"
"Torrance","0","19","New Mexico","5/23/20","18","1","35057","5.56"
"Union","0","3","New Mexico","5/23/20","3","0","35059","0"
"Valencia","1","70","New Mexico","5/23/20","64","6","35061","9.38"
"Albany","28","1770","New York","5/23/20","1572","198","36001","12.6"
"Allegany","0","44","New York","5/23/20","44","0","36003","0"
"Broome","10","485","New York","5/23/20","413","72","36007","17.43"
"Cattaraugus","2","78","New York","5/23/20","65","13","36009","20"
"Cayuga","2","76","New York","5/23/20","63","13","36011","20.63"
"Chautauqua","3","72","New York","5/23/20","48","24","36013","50"
"Chemung","0","136","New York","5/23/20","134","2","36015","1.49"
"Chenango","0","118","New York","5/23/20","115","3","36017","2.61"
"Clinton","1","95","New York","5/23/20","91","4","36019","4.4"
"Columbia","3","359","New York","5/23/20","338","21","36021","6.21"
"Cortland","1","38","New York","5/23/20","34","4","36023","11.76"
"Delaware","1","74","New York","5/23/20","68","6","36025","8.82"
"Dutchess","38","3793","New York","5/23/20","3527","266","36027","7.54"
"Erie","98","5552","New York","5/23/20","4867","685","36029","14.07"
"Essex","1","36","New York","5/23/20","32","4","36031","12.5"
"Franklin","0","20","New York","5/23/20","18","2","36033","11.11"
"Fulton","6","193","New York","5/23/20","148","45","36035","30.41"
"Genesee","2","191","New York","5/23/20","178","13","36037","7.3"
"Greene","1","217","New York","5/23/20","211","6","36039","2.84"
"Hamilton","0","5","New York","5/23/20","5","0","36041","0"
"Herkimer","1","100","New York","5/23/20","91","9","36043","9.89"
"Jefferson","0","72","New York","5/23/20","71","1","36045","1.41"
"Lewis","1","19","New York","5/23/20","13","6","36049","46.15"
"Livingston","1","114","New York","5/23/20","107","7","36051","6.54"
"Madison","6","301","New York","5/23/20","258","43","36053","16.67"
"Monroe","67","2661","New York","5/23/20","2192","469","36055","21.4"
"Montgomery","0","77","New York","5/23/20","75","2","36057","2.67"
"Nassau","99","39726","New York","5/23/20","39033","693","36059","1.78"
"New York","809","197266","New York","5/23/20","191600","5666","36061","2.96"
"Niagara","22","927","New York","5/23/20","770","157","36063","20.39"
"Oneida","16","864","New York","5/23/20","751","113","36065","15.05"
"Onondaga","62","1904","New York","5/23/20","1469","435","36067","29.61"
"Ontario","6","182","New York","5/23/20","139","43","36069","30.94"
"Orange","45","10197","New York","5/23/20","9879","318","36071","3.22"
"Orleans","5","196","New York","5/23/20","163","33","36073","20.25"
"Oswego","2","99","New York","5/23/20","83","16","36075","19.28"
"Otsego","0","68","New York","5/23/20","67","1","36077","1.49"
"Putnam","10","1200","New York","5/23/20","1127","73","36079","6.48"
"Rensselaer","4","463","New York","5/23/20","438","25","36083","5.71"
"Rockland","35","12934","New York","5/23/20","12688","246","36087","1.94"
"Saratoga","4","452","New York","5/23/20","423","29","36091","6.86"
"Schenectady","5","648","New York","5/23/20","613","35","36093","5.71"
"Schoharie","0","49","New York","5/23/20","47","2","36095","4.26"
"Schuyler","0","11","New York","5/23/20","8","3","36097","37.5"
"Seneca","1","54","New York","5/23/20","50","4","36099","8"
"St. Lawrence","1","196","New York","5/23/20","192","4","36089","2.08"
"Steuben","1","240","New York","5/23/20","233","7","36101","3"
"Suffolk","123","38802","New York","5/23/20","37942","860","36103","2.27"
"Sullivan","11","1297","New York","5/23/20","1217","80","36105","6.57"
"Tioga","1","121","New York","5/23/20","112","9","36107","8.04"
"Tompkins","2","149","New York","5/23/20","138","11","36109","7.97"
"Ulster","10","1606","New York","5/23/20","1537","69","36111","4.49"
"Warren","3","249","New York","5/23/20","228","21","36113","9.21"
"Washington","1","225","New York","5/23/20","218","7","36115","3.21"
"Wayne","2","107","New York","5/23/20","92","15","36117","16.3"
"Westchester","112","32881","New York","5/23/20","32097","784","36119","2.44"
"Wyoming","0","80","New York","5/23/20","78","2","36121","2.56"
"Yates","2","37","New York","5/23/20","22","15","36123","68.18"
"Alamance","9","268","North Carolina","5/23/20","203","65","37001","32.02"
"Alexander","1","27","North Carolina","5/23/20","18","9","37003","50"
"Alleghany","0","13","North Carolina","5/23/20","11","2","37005","18.18"
"Anson","2","58","North Carolina","5/23/20","46","12","37007","26.09"
"Ashe","1","33","North Carolina","5/23/20","26","7","37009","26.92"
"Avery","0","2","North Carolina","5/23/20","0","2","37011","1"
"Beaufort","1","35","North Carolina","5/23/20","27","8","37013","29.63"
"Bertie","4","109","North Carolina","5/23/20","84","25","37015","29.76"
"Bladen","3","92","North Carolina","5/23/20","70","22","37017","31.43"
"Brunswick","3","74","North Carolina","5/23/20","55","19","37019","34.55"
"Buncombe","14","251","North Carolina","5/23/20","152","99","37021","65.13"
"Burke","11","266","North Carolina","5/23/20","191","75","37023","39.27"
"Cabarrus","8","428","North Carolina","5/23/20","372","56","37025","15.05"
"Caldwell","4","105","North Carolina","5/23/20","78","27","37027","34.62"
"Camden","0","3","North Carolina","5/23/20","2","1","37029","50"
"Carteret","0","36","North Carolina","5/23/20","36","0","37031","0"
"Caswell","1","52","North Carolina","5/23/20","43","9","37033","20.93"
"Catawba","7","143","North Carolina","5/23/20","96","47","37035","48.96"
"Chatham","10","573","North Carolina","5/23/20","504","69","37037","13.69"
"Cherokee","0","30","North Carolina","5/23/20","27","3","37039","11.11"
"Chowan","0","15","North Carolina","5/23/20","14","1","37041","7.14"
"Clay","0","8","North Carolina","5/23/20","8","0","37043","0"
"Cleveland","2","67","North Carolina","5/23/20","54","13","37045","24.07"
"Columbus","7","289","North Carolina","5/23/20","238","51","37047","21.43"
"Craven","13","177","North Carolina","5/23/20","84","93","37049","110.71"
"Cumberland","15","569","North Carolina","5/23/20","463","106","37051","22.89"
"Currituck","0","11","North Carolina","5/23/20","11","0","37053","0"
"Dare","0","22","North Carolina","5/23/20","21","1","37055","4.76"
"Davidson","10","345","North Carolina","5/23/20","274","71","37057","25.91"
"Davie","3","67","North Carolina","5/23/20","46","21","37059","45.65"
"Duplin","33","597","North Carolina","5/23/20","368","229","37061","62.23"
"Durham","36","1230","North Carolina","5/23/20","980","250","37063","25.51"
"Edgecombe","2","184","North Carolina","5/23/20","167","17","37065","10.18"
"Forsyth","37","889","North Carolina","5/23/20","627","262","37067","41.79"
"Franklin","3","141","North Carolina","5/23/20","121","20","37069","16.53"
"Gaston","7","247","North Carolina","5/23/20","201","46","37071","22.89"
"Gates","1","21","North Carolina","5/23/20","14","7","37073","50"
"Graham","0","2","North Carolina","5/23/20","2","0","37075","0"
"Granville","7","239","North Carolina","5/23/20","190","49","37077","25.79"
"Greene","3","64","North Carolina","5/23/20","44","20","37079","45.45"
"Guilford","37","1033","North Carolina","5/23/20","776","257","37081","33.12"
"Halifax","6","147","North Carolina","5/23/20","107","40","37083","37.38"
"Harnett","4","269","North Carolina","5/23/20","240","29","37085","12.08"
"Haywood","2","39","North Carolina","5/23/20","22","17","37087","77.27"
"Henderson","5","313","North Carolina","5/23/20","280","33","37089","11.79"
"Hertford","2","65","North Carolina","5/23/20","51","14","37091","27.45"
"Hoke","6","187","North Carolina","5/23/20","148","39","37093","26.35"
"Hyde","0","1","North Carolina","5/23/20","1","0","37095","0"
"Iredell","5","219","North Carolina","5/23/20","181","38","37097","20.99"
"Jackson","0","27","North Carolina","5/23/20","24","3","37099","12.5"
"Johnston","12","320","North Carolina","5/23/20","234","86","37101","36.75"
"Jones","1","28","North Carolina","5/23/20","21","7","37103","33.33"
"Lee","8","362","North Carolina","5/23/20","308","54","37105","17.53"
"Lenoir","5","182","North Carolina","5/23/20","147","35","37107","23.81"
"Lincoln","2","58","North Carolina","5/23/20","45","13","37109","28.89"
"Macon","1","8","North Carolina","5/23/20","4","4","37113","100"
"Madison","0","4","North Carolina","5/23/20","1","3","37115","300"
"Martin","2","52","North Carolina","5/23/20","35","17","37117","48.57"
"McDowell","1","38","North Carolina","5/23/20","30","8","37111","26.67"
"Mecklenburg","91","3142","North Carolina","5/23/20","2504","638","37119","25.48"
"Mitchell","0","9","North Carolina","5/23/20","8","1","37121","12.5"
"Montgomery","4","84","North Carolina","5/23/20","56","28","37123","50"
"Moore","5","198","North Carolina","5/23/20","164","34","37125","20.73"
"Nash","4","174","North Carolina","5/23/20","149","25","37127","16.78"
"New Hanover","4","152","North Carolina","5/23/20","127","25","37129","19.69"
"Northampton","1","137","North Carolina","5/23/20","129","8","37131","6.2"
"Onslow","3","94","North Carolina","5/23/20","70","24","37133","34.29"
"Orange","4","294","North Carolina","5/23/20","269","25","37135","9.29"
"Pamlico","0","10","North Carolina","5/23/20","8","2","37137","25"
"Pasquotank","1","95","North Carolina","5/23/20","87","8","37139","9.2"
"Pender","3","65","North Carolina","5/23/20","44","21","37141","47.73"
"Perquimans","0","23","North Carolina","5/23/20","23","0","37143","0"
"Person","1","37","North Carolina","5/23/20","32","5","37145","15.62"
"Pitt","7","254","North Carolina","5/23/20","202","52","37147","25.74"
"Polk","0","35","North Carolina","5/23/20","32","3","37149","9.38"
"Randolph","16","549","North Carolina","5/23/20","438","111","37151","25.34"
"Richmond","5","145","North Carolina","5/23/20","112","33","37153","29.46"
"Robeson","16","646","North Carolina","5/23/20","531","115","37155","21.66"
"Rockingham","3","65","North Carolina","5/23/20","45","20","37157","44.44"
"Rowan","11","603","North Carolina","5/23/20","525","78","37159","14.86"
"Rutherford","1","161","North Carolina","5/23/20","153","8","37161","5.23"
"Sampson","19","367","North Carolina","5/23/20","232","135","37163","58.19"
"Scotland","2","62","North Carolina","5/23/20","50","12","37165","24"
"Stanly","1","42","North Carolina","5/23/20","32","10","37167","31.25"
"Stokes","3","50","North Carolina","5/23/20","26","24","37169","92.31"
"Surry","11","151","North Carolina","5/23/20","75","76","37171","101.33"
"Swain","1","10","North Carolina","5/23/20","6","4","37173","66.67"
"Transylvania","1","11","North Carolina","5/23/20","7","4","37175","57.14"
"Tyrrell","0","4","North Carolina","5/23/20","4","0","37177","0"
"Union","6","393","North Carolina","5/23/20","351","42","37179","11.97"
"Vance","6","239","North Carolina","5/23/20","195","44","37181","22.56"
"Wake","34","1434","North Carolina","5/23/20","1199","235","37183","19.6"
"Warren","4","54","North Carolina","5/23/20","28","26","37185","92.86"
"Washington","0","26","North Carolina","5/23/20","26","0","37187","0"
"Watauga","1","13","North Carolina","5/23/20","9","4","37189","44.44"
"Wayne","23","980","North Carolina","5/23/20","819","161","37191","19.66"
"Wilkes","10","472","North Carolina","5/23/20","405","67","37193","16.54"
"Wilson","11","309","North Carolina","5/23/20","229","80","37195","34.93"
"Yadkin","5","131","North Carolina","5/23/20","98","33","37197","33.67"
"Yancey","0","10","North Carolina","5/23/20","8","2","37199","25"
"Barnes","0","4","North Dakota","5/23/20","4","0","38003","0"
"Benson","0","1","North Dakota","5/23/20","1","0","38005","0"
"Bottineau","0","2","North Dakota","5/23/20","0","2","38009","1"
"Bowman","0","1","North Dakota","5/23/20","1","0","38011","0"
"Burke","0","5","North Dakota","5/23/20","5","0","38013","0"
"Burleigh","2","129","North Dakota","5/23/20","112","17","38015","15.18"
"Cass","54","1487","North Dakota","5/23/20","1106","381","38017","34.45"
"Divide","0","1","North Dakota","5/23/20","1","0","38023","0"
"Dunn","0","12","North Dakota","5/23/20","11","1","38025","9.09"
"Eddy","1","7","North Dakota","5/23/20","2","5","38027","250"
"Emmons","1","6","North Dakota","5/23/20","1","5","38029","500"
"Foster","0","1","North Dakota","5/23/20","1","0","38031","0"
"Grand Forks","1","321","North Dakota","5/23/20","315","6","38035","1.9"
"Grant","0","2","North Dakota","5/23/20","2","0","38037","0"
"Griggs","0","1","North Dakota","5/23/20","0","1","38039","1"
"McHenry","0","2","North Dakota","5/23/20","2","0","38049","0"
"McIntosh","0","1","North Dakota","5/23/20","1","0","38051","0"
"McKenzie","0","16","North Dakota","5/23/20","15","1","38053","6.67"
"McLean","0","7","North Dakota","5/23/20","5","2","38055","40"
"Mercer","0","5","North Dakota","5/23/20","4","1","38057","25"
"Morton","4","64","North Dakota","5/23/20","39","25","38059","64.1"
"Mountrail","0","39","North Dakota","5/23/20","40","-1","38061","-2.5"
"Nelson","0","2","North Dakota","5/23/20","1","1","38063","100"
"Oliver","0","1","North Dakota","5/23/20","1","0","38065","0"
"Pembina","0","6","North Dakota","5/23/20","6","0","38067","0"
"Pierce","0","4","North Dakota","5/23/20","3","1","38069","33.33"
"Ramsey","0","9","North Dakota","5/23/20","7","2","38071","28.57"
"Ransom","1","8","North Dakota","5/23/20","3","5","38073","166.67"
"Renville","0","1","North Dakota","5/23/20","1","0","38075","0"
"Richland","1","15","North Dakota","5/23/20","9","6","38077","66.67"
"Rolette","0","4","North Dakota","5/23/20","4","0","38079","0"
"Sargent","0","3","North Dakota","5/23/20","3","0","38081","0"
"Sioux","0","2","North Dakota","5/23/20","1","1","38085","100"
"Slope","0","3","North Dakota","5/23/20","3","0","38087","0"
"Stark","0","61","North Dakota","5/23/20","61","0","38089","0"
"Steele","0","1","North Dakota","5/23/20","0","1","38091","1"
"Stutsman","0","18","North Dakota","5/23/20","16","2","38093","12.5"
"Traill","3","20","North Dakota","5/23/20","1","19","38097","1900"
"Walsh","0","11","North Dakota","5/23/20","9","2","38099","22.22"
"Ward","4","54","North Dakota","5/23/20","28","26","38101","92.86"
"Wells","0","3","North Dakota","5/23/20","2","1","38103","50"
"Williams","1","25","North Dakota","5/23/20","21","4","38105","19.05"
"","0","22","Northern Mariana Islands","5/23/20","21","1",,"4.76"
"Adams","0","8","Ohio","5/23/20","8","0","39001","0"
"Allen","3","184","Ohio","5/23/20","165","19","39003","11.52"
"Ashland","0","17","Ohio","5/23/20","15","2","39005","13.33"
"Ashtabula","6","274","Ohio","5/23/20","229","45","39007","19.65"
"Athens","1","13","Ohio","5/23/20","8","5","39009","62.5"
"Auglaize","1","58","Ohio","5/23/20","54","4","39011","7.41"
"Belmont","9","381","Ohio","5/23/20","318","63","39013","19.81"
"Brown","0","24","Ohio","5/23/20","22","2","39015","9.09"
"Butler","25","750","Ohio","5/23/20","578","172","39017","29.76"
"Carroll","1","28","Ohio","5/23/20","24","4","39019","16.67"
"Champaign","0","26","Ohio","5/23/20","23","3","39021","13.04"
"Clark","8","195","Ohio","5/23/20","138","57","39023","41.3"
"Clermont","4","177","Ohio","5/23/20","149","28","39025","18.79"
"Clinton","1","43","Ohio","5/23/20","39","4","39027","10.26"
"Columbiana","9","477","Ohio","5/23/20","415","62","39029","14.94"
"Coshocton","1","24","Ohio","5/23/20","20","4","39031","20"
"Crawford","1","104","Ohio","5/23/20","94","10","39033","10.64"
"Cuyahoga","90","3851","Ohio","5/23/20","3223","628","39035","19.48"
"Darke","5","147","Ohio","5/23/20","111","36","39037","32.43"
"Defiance","1","32","Ohio","5/23/20","25","7","39039","28"
"Delaware","5","292","Ohio","5/23/20","257","35","39041","13.62"
"Erie","6","137","Ohio","5/23/20","97","40","39043","41.24"
"Fairfield","4","233","Ohio","5/23/20","203","30","39045","14.78"
"Fayette","1","34","Ohio","5/23/20","30","4","39047","13.33"
"Franklin","97","5097","Ohio","5/23/20","4420","677","39049","15.32"
"Fulton","0","35","Ohio","5/23/20","34","1","39051","2.94"
"Gallia","0","7","Ohio","5/23/20","7","0","39053","0"
"Geauga","4","250","Ohio","5/23/20","220","30","39055","13.64"
"Greene","2","92","Ohio","5/23/20","75","17","39057","22.67"
"Guernsey","1","30","Ohio","5/23/20","24","6","39059","25"
"Hamilton","49","2349","Ohio","5/23/20","2007","342","39061","17.04"
"Hancock","0","48","Ohio","5/23/20","45","3","39063","6.67"
"Hardin","1","38","Ohio","5/23/20","30","8","39065","26.67"
"Harrison","0","10","Ohio","5/23/20","9","1","39067","11.11"
"Henry","1","14","Ohio","5/23/20","10","4","39069","40"
"Highland","1","18","Ohio","5/23/20","14","4","39071","28.57"
"Hocking","1","64","Ohio","5/23/20","59","5","39073","8.47"
"Holmes","2","22","Ohio","5/23/20","10","12","39075","120"
"Huron","1","49","Ohio","5/23/20","40","9","39077","22.5"
"Jackson","0","11","Ohio","5/23/20","11","0","39079","0"
"Jefferson","0","62","Ohio","5/23/20","59","3","39081","5.08"
"Knox","0","23","Ohio","5/23/20","21","2","39083","9.52"
"Lake","6","263","Ohio","5/23/20","219","44","39085","20.09"
"Lawrence","0","28","Ohio","5/23/20","27","1","39087","3.7"
"Licking","2","201","Ohio","5/23/20","184","17","39089","9.24"
"Logan","2","38","Ohio","5/23/20","24","14","39091","58.33"
"Lorain","7","637","Ohio","5/23/20","589","48","39093","8.15"
"Lucas","20","2087","Ohio","5/23/20","1945","142","39095","7.3"
"Madison","5","132","Ohio","5/23/20","98","34","39097","34.69"
"Mahoning","17","1317","Ohio","5/23/20","1199","118","39099","9.84"
"Marion","23","2608","Ohio","5/23/20","2449","159","39101","6.49"
"Medina","9","274","Ohio","5/23/20","212","62","39103","29.25"
"Meigs","0","6","Ohio","5/23/20","3","3","39105","100"
"Mercer","8","178","Ohio","5/23/20","121","57","39107","47.11"
"Miami","3","346","Ohio","5/23/20","327","19","39109","5.81"
"Monroe","3","71","Ohio","5/23/20","53","18","39111","33.96"
"Montgomery","11","578","Ohio","5/23/20","500","78","39113","15.6"
"Morgan","0","5","Ohio","5/23/20","5","0","39115","0"
"Morrow","1","104","Ohio","5/23/20","97","7","39117","7.22"
"Muskingum","1","44","Ohio","5/23/20","34","10","39119","29.41"
"Noble","0","5","Ohio","5/23/20","5","0","39121","0"
"Ottawa","3","87","Ohio","5/23/20","65","22","39123","33.85"
"Paulding","0","13","Ohio","5/23/20","11","2","39125","18.18"
"Perry","0","17","Ohio","5/23/20","15","2","39127","13.33"
"Pickaway","4","2038","Ohio","5/23/20","2011","27","39129","1.34"
"Pike","0","6","Ohio","5/23/20","5","1","39131","20"
"Portage","3","309","Ohio","5/23/20","290","19","39133","6.55"
"Preble","0","30","Ohio","5/23/20","28","2","39135","7.14"
"Putnam","1","85","Ohio","5/23/20","80","5","39137","6.25"
"Richland","3","179","Ohio","5/23/20","155","24","39139","15.48"
"Ross","1","62","Ohio","5/23/20","58","4","39141","6.9"
"Sandusky","1","65","Ohio","5/23/20","56","9","39143","16.07"
"Scioto","0","14","Ohio","5/23/20","14","0","39145","0"
"Seneca","0","17","Ohio","5/23/20","15","2","39147","13.33"
"Shelby","0","37","Ohio","5/23/20","34","3","39149","8.82"
"Stark","17","670","Ohio","5/23/20","553","117","39151","21.16"
"Summit","30","1204","Ohio","5/23/20","995","209","39153","21.01"
"Trumbull","10","514","Ohio","5/23/20","447","67","39155","14.99"
"Tuscarawas","7","306","Ohio","5/23/20","258","48","39157","18.6"
"Union","2","42","Ohio","5/23/20","31","11","39159","35.48"
"Van Wert","0","5","Ohio","5/23/20","4","1","39161","25"
"Vinton","0","19","Ohio","5/23/20","16","3","39163","18.75"
"Warren","7","319","Ohio","5/23/20","269","50","39165","18.59"
"Washington","0","116","Ohio","5/23/20","116","0","39167","0"
"Wayne","7","248","Ohio","5/23/20","200","48","39169","24"
"Williams","1","51","Ohio","5/23/20","47","4","39171","8.51"
"Wood","4","269","Ohio","5/23/20","241","28","39173","11.62"
"Wyandot","1","36","Ohio","5/23/20","29","7","39175","24.14"
"Adair","1","82","Oklahoma","5/23/20","74","8","40001","10.81"
"Alfalfa","0","1","Oklahoma","5/23/20","1","0","40003","0"
"Atoka","0","1","Oklahoma","5/23/20","1","0","40005","0"
"Beaver","0","24","Oklahoma","5/23/20","23","1","40007","4.35"
"Beckham","0","6","Oklahoma","5/23/20","6","0","40009","0"
"Blaine","0","4","Oklahoma","5/23/20","3","1","40011","33.33"
"Bryan","1","21","Oklahoma","5/23/20","13","8","40013","61.54"
"Caddo","3","136","Oklahoma","5/23/20","112","24","40015","21.43"
"Canadian","1","124","Oklahoma","5/23/20","116","8","40017","6.9"
"Carter","2","22","Oklahoma","5/23/20","8","14","40019","175"
"Cherokee","0","28","Oklahoma","5/23/20","29","-1","40021","-3.45"
"Choctaw","2","14","Oklahoma","5/23/20","3","11","40023","366.67"
"Cimarron","0","1","Oklahoma","5/23/20","1","0","40025","0"
"Cleveland","3","487","Oklahoma","5/23/20","466","21","40027","4.51"
"Coal","0","1","Oklahoma","5/23/20","0","1","40029","1"
"Comanche","8","270","Oklahoma","5/23/20","215","55","40031","25.58"
"Cotton","0","5","Oklahoma","5/23/20","5","0","40033","0"
"Craig","0","15","Oklahoma","5/23/20","13","2","40035","15.38"
"Creek","1","89","Oklahoma","5/23/20","83","6","40037","7.23"
"Custer","0","12","Oklahoma","5/23/20","12","0","40039","0"
"Delaware","1","99","Oklahoma","5/23/20","95","4","40041","4.21"
"Dewey","0","3","Oklahoma","5/23/20","2","1","40043","50"
"Garfield","0","25","Oklahoma","5/23/20","23","2","40047","8.7"
"Garvin","0","15","Oklahoma","5/23/20","15","0","40049","0"
"Grady","1","73","Oklahoma","5/23/20","64","9","40051","14.06"
"Grant","0","2","Oklahoma","5/23/20","2","0","40053","0"
"Greer","0","66","Oklahoma","5/23/20","66","0","40055","0"
"Harper","0","1","Oklahoma","5/23/20","1","0","40059","0"
"Haskell","0","6","Oklahoma","5/23/20","5","1","40061","20"
"Jackson","0","21","Oklahoma","5/23/20","21","0","40065","0"
"Jefferson","0","3","Oklahoma","5/23/20","3","0","40067","0"
"Johnston","0","3","Oklahoma","5/23/20","3","0","40069","0"
"Kay","0","52","Oklahoma","5/23/20","49","3","40071","6.12"
"Kingfisher","0","13","Oklahoma","5/23/20","10","3","40073","30"
"Kiowa","0","6","Oklahoma","5/23/20","6","0","40075","0"
"Latimer","0","5","Oklahoma","5/23/20","5","0","40077","0"
"Le Flore","0","13","Oklahoma","5/23/20","13","0","40079","0"
"Lincoln","0","21","Oklahoma","5/23/20","18","3","40081","16.67"
"Logan","0","18","Oklahoma","5/23/20","18","0","40083","0"
"Love","2","14","Oklahoma","5/23/20","3","11","40085","366.67"
"Major","0","6","Oklahoma","5/23/20","6","0","40093","0"
"Marshall","0","7","Oklahoma","5/23/20","4","3","40095","75"
"Mayes","0","29","Oklahoma","5/23/20","28","1","40097","3.57"
"McClain","2","97","Oklahoma","5/23/20","86","11","40087","12.79"
"McCurtain","2","23","Oklahoma","5/23/20","11","12","40089","109.09"
"McIntosh","0","11","Oklahoma","5/23/20","10","1","40091","10"
"Murray","0","2","Oklahoma","5/23/20","2","0","40099","0"
"Muskogee","1","35","Oklahoma","5/23/20","29","6","40101","20.69"
"Noble","0","7","Oklahoma","5/23/20","7","0","40103","0"
"Nowata","0","23","Oklahoma","5/23/20","23","0","40105","0"
"Okfuskee","0","3","Oklahoma","5/23/20","2","1","40107","50"
"Oklahoma","17","1189","Oklahoma","5/23/20","1070","119","40109","11.12"
"Okmulgee","1","22","Oklahoma","5/23/20","18","4","40111","22.22"
"Osage","0","94","Oklahoma","5/23/20","91","3","40113","3.3"
"Ottawa","0","35","Oklahoma","5/23/20","34","1","40115","2.94"
"Pawnee","0","29","Oklahoma","5/23/20","29","0","40117","0"
"Payne","0","45","Oklahoma","5/23/20","45","0","40119","0"
"Pittsburg","0","40","Oklahoma","5/23/20","38","2","40121","5.26"
"Pontotoc","0","11","Oklahoma","5/23/20","11","0","40123","0"
"Pottawatomie","0","56","Oklahoma","5/23/20","56","0","40125","0"
"Pushmataha","0","2","Oklahoma","5/23/20","1","1","40127","100"
"Rogers","1","78","Oklahoma","5/23/20","72","6","40131","8.33"
"Seminole","0","21","Oklahoma","5/23/20","21","0","40133","0"
"Sequoyah","0","14","Oklahoma","5/23/20","14","0","40135","0"
"Stephens","2","37","Oklahoma","5/23/20","24","13","40137","54.17"
"Texas","28","855","Oklahoma","5/23/20","658","197","40139","29.94"
"Tillman","0","22","Oklahoma","5/23/20","22","0","40141","0"
"Tulsa","18","903","Oklahoma","5/23/20","776","127","40143","16.37"
"Wagoner","1","145","Oklahoma","5/23/20","136","9","40145","6.62"
"Washington","1","310","Oklahoma","5/23/20","302","8","40147","2.65"
"Washita","0","1","Oklahoma","5/23/20","1","0","40149","0"
"Woods","0","3","Oklahoma","5/23/20","3","0","40151","0"
"Woodward","0","3","Oklahoma","5/23/20","1","2","40153","200"
"Baker","0","1","Oregon","5/23/20","1","0","41001","0"
"Benton","1","55","Oregon","5/23/20","51","4","41003","7.84"
"Clackamas","1","290","Oregon","5/23/20","281","9","41005","3.2"
"Clatsop","1","45","Oregon","5/23/20","37","8","41007","21.62"
"Columbia","0","16","Oregon","5/23/20","16","0","41009","0"
"Coos","0","31","Oregon","5/23/20","30","1","41011","3.33"
"Crook","0","4","Oregon","5/23/20","1","3","41013","300"
"Curry","0","6","Oregon","5/23/20","4","2","41015","50"
"Deschutes","3","117","Oregon","5/23/20","95","22","41017","23.16"
"Douglas","0","25","Oregon","5/23/20","24","1","41019","4.17"
"Grant","0","1","Oregon","5/23/20","1","0","41023","0"
"Harney","0","1","Oregon","5/23/20","1","0","41025","0"
"Hood River","0","12","Oregon","5/23/20","14","-2","41027","-14.29"
"Jackson","1","56","Oregon","5/23/20","50","6","41029","12"
"Jefferson","0","25","Oregon","5/23/20","24","1","41031","4.17"
"Josephine","0","25","Oregon","5/23/20","25","0","41033","0"
"Klamath","0","41","Oregon","5/23/20","41","0","41035","0"
"Lane","0","67","Oregon","5/23/20","64","3","41039","4.69"
"Lincoln","0","8","Oregon","5/23/20","7","1","41041","14.29"
"Linn","0","112","Oregon","5/23/20","110","2","41043","1.82"
"Malheur","1","28","Oregon","5/23/20","19","9","41045","47.37"
"Marion","11","898","Oregon","5/23/20","824","74","41047","8.98"
"Morrow","0","12","Oregon","5/23/20","12","0","41049","0"
"Multnomah","8","1037","Oregon","5/23/20","979","58","41051","5.92"
"Polk","0","95","Oregon","5/23/20","92","3","41053","3.26"
"Sherman","0","1","Oregon","5/23/20","1","0","41055","0"
"Tillamook","0","6","Oregon","5/23/20","6","0","41057","0"
"Umatilla","2","110","Oregon","5/23/20","93","17","41059","18.28"
"Union","0","6","Oregon","5/23/20","5","1","41061","20"
"Wallowa","0","2","Oregon","5/23/20","1","1","41063","100"
"Wasco","0","18","Oregon","5/23/20","18","0","41065","0"
"Washington","6","673","Oregon","5/23/20","628","45","41067","7.17"
"Yamhill","1","64","Oregon","5/23/20","57","7","41071","12.28"
"Adams","5","222","Pennsylvania","5/23/20","185","37","42001","20"
"Allegheny","23","1753","Pennsylvania","5/23/20","1595","158","42003","9.91"
"Armstrong","0","58","Pennsylvania","5/23/20","58","0","42005","0"
"Beaver","5","552","Pennsylvania","5/23/20","518","34","42007","6.56"
"Bedford","1","37","Pennsylvania","5/23/20","32","5","42009","15.62"
"Berks","29","3845","Pennsylvania","5/23/20","3643","202","42011","5.54"
"Blair","2","46","Pennsylvania","5/23/20","34","12","42013","35.29"
"Bradford","0","44","Pennsylvania","5/23/20","41","3","42015","7.32"
"Bucks","64","4839","Pennsylvania","5/23/20","4391","448","42017","10.2"
"Butler","2","216","Pennsylvania","5/23/20","202","14","42019","6.93"
"Cambria","0","56","Pennsylvania","5/23/20","53","3","42021","5.66"
"Cameron","0","2","Pennsylvania","5/23/20","2","0","42023","0"
"Carbon","2","227","Pennsylvania","5/23/20","210","17","42025","8.1"
"Centre","2","143","Pennsylvania","5/23/20","129","14","42027","10.85"
"Chester","38","2364","Pennsylvania","5/23/20","2100","264","42029","12.57"
"Clarion","1","28","Pennsylvania","5/23/20","24","4","42031","16.67"
"Clearfield","0","34","Pennsylvania","5/23/20","33","1","42033","3.03"
"Clinton","1","49","Pennsylvania","5/23/20","43","6","42035","13.95"
"Columbia","1","342","Pennsylvania","5/23/20","336","6","42037","1.79"
"Crawford","0","21","Pennsylvania","5/23/20","21","0","42039","0"
"Cumberland","10","584","Pennsylvania","5/23/20","515","69","42041","13.4"
"Dauphin","18","1061","Pennsylvania","5/23/20","938","123","42043","13.11"
"Delaware","80","6114","Pennsylvania","5/23/20","5555","559","42045","10.06"
"Elk","0","6","Pennsylvania","5/23/20","6","0","42047","0"
"Erie","11","210","Pennsylvania","5/23/20","134","76","42049","56.72"
"Fayette","1","94","Pennsylvania","5/23/20","88","6","42051","6.82"
"Forest","0","7","Pennsylvania","5/23/20","7","0","42053","0"
"Franklin","16","711","Pennsylvania","5/23/20","601","110","42055","18.3"
"Fulton","0","14","Pennsylvania","5/23/20","11","3","42057","27.27"
"Greene","0","27","Pennsylvania","5/23/20","27","0","42059","0"
"Huntingdon","3","227","Pennsylvania","5/23/20","208","19","42061","9.13"
"Indiana","1","89","Pennsylvania","5/23/20","84","5","42063","5.95"
"Jefferson","0","7","Pennsylvania","5/23/20","7","0","42065","0"
"Juniata","0","94","Pennsylvania","5/23/20","94","0","42067","0"
"Lackawanna","21","1476","Pennsylvania","5/23/20","1327","149","42069","11.23"
"Lancaster","46","2790","Pennsylvania","5/23/20","2470","320","42071","12.96"
"Lawrence","0","74","Pennsylvania","5/23/20","72","2","42073","2.78"
"Lebanon","4","900","Pennsylvania","5/23/20","873","27","42075","3.09"
"Lehigh","27","3628","Pennsylvania","5/23/20","3440","188","42077","5.47"
"Luzerne","17","2631","Pennsylvania","5/23/20","2513","118","42079","4.7"
"Lycoming","2","158","Pennsylvania","5/23/20","146","12","42081","8.22"
"McKean","0","11","Pennsylvania","5/23/20","10","1","42083","10"
"Mercer","2","103","Pennsylvania","5/23/20","91","12","42085","13.19"
"Mifflin","0","57","Pennsylvania","5/23/20","57","0","42087","0"
"Monroe","8","1302","Pennsylvania","5/23/20","1248","54","42089","4.33"
"Montgomery","95","6464","Pennsylvania","5/23/20","5797","667","42091","11.51"
"Montour","0","50","Pennsylvania","5/23/20","50","0","42093","0"
"Northampton","30","2866","Pennsylvania","5/23/20","2659","207","42095","7.78"
"Northumberland","4","164","Pennsylvania","5/23/20","139","25","42097","17.99"
"Perry","1","45","Pennsylvania","5/23/20","40","5","42099","12.5"
"Philadelphia","233","21234","Pennsylvania","5/23/20","19606","1628","42101","8.3"
"Pike","2","476","Pennsylvania","5/23/20","460","16","42103","3.48"
"Potter","0","4","Pennsylvania","5/23/20","4","0","42105","0"
"Schuylkill","9","576","Pennsylvania","5/23/20","512","64","42107","12.5"
"Snyder","1","38","Pennsylvania","5/23/20","33","5","42109","15.15"
"Somerset","1","37","Pennsylvania","5/23/20","32","5","42111","15.62"
"Sullivan","0","2","Pennsylvania","5/23/20","2","0","42113","0"
"Susquehanna","2","95","Pennsylvania","5/23/20","83","12","42115","14.46"
"Tioga","0","16","Pennsylvania","5/23/20","16","0","42117","0"
"Union","1","52","Pennsylvania","5/23/20","46","6","42119","13.04"
"Venango","0","8","Pennsylvania","5/23/20","7","1","42121","14.29"
"Warren","0","3","Pennsylvania","5/23/20","2","1","42123","50"
"Washington","1","135","Pennsylvania","5/23/20","130","5","42125","3.85"
"Wayne","1","117","Pennsylvania","5/23/20","108","9","42127","8.33"
"Westmoreland","2","437","Pennsylvania","5/23/20","423","14","42129","3.31"
"Wyoming","1","33","Pennsylvania","5/23/20","29","4","42131","13.79"
"York","10","904","Pennsylvania","5/23/20","835","69","42133","8.26"
"","73","3100","Puerto Rico","5/23/20","2589","511",,"19.74"
"Bristol","6","213","Rhode Island","5/23/20","172","41","44001","23.84"
"Kent","17","1005","Rhode Island","5/23/20","883","122","44003","13.82"
"Newport","4","226","Rhode Island","5/23/20","197","29","44005","14.72"
"Providence","201","10519","Rhode Island","5/23/20","9112","1407","44007","15.44"
"Washington","9","485","Rhode Island","5/23/20","425","60","44009","14.12"
"Abbeville","0","35","South Carolina","5/23/20","34","1","45001","2.94"
"Aiken","3","169","South Carolina","5/23/20","150","19","45003","12.67"
"Allendale","0","34","South Carolina","5/23/20","31","3","45005","9.68"
"Anderson","2","218","South Carolina","5/23/20","206","12","45007","5.83"
"Bamberg","1","20","South Carolina","5/23/20","16","4","45009","25"
"Barnwell","0","43","South Carolina","5/23/20","40","3","45011","7.5"
"Beaufort","6","332","South Carolina","5/23/20","291","41","45013","14.09"
"Berkeley","2","214","South Carolina","5/23/20","203","11","45015","5.42"
"Calhoun","0","9","South Carolina","5/23/20","9","0","45017","0"
"Charleston","6","550","South Carolina","5/23/20","506","44","45019","8.7"
"Cherokee","1","27","South Carolina","5/23/20","23","4","45021","17.39"
"Chester","1","46","South Carolina","5/23/20","41","5","45023","12.2"
"Chesterfield","5","129","South Carolina","5/23/20","94","35","45025","37.23"
"Clarendon","2","289","South Carolina","5/23/20","274","15","45027","5.47"
"Colleton","3","69","South Carolina","5/23/20","51","18","45029","35.29"
"Darlington","5","244","South Carolina","5/23/20","212","32","45031","15.09"
"Dillon","3","147","South Carolina","5/23/20","124","23","45033","18.55"
"Dorchester","4","137","South Carolina","5/23/20","111","26","45035","23.42"
"Edgefield","1","48","South Carolina","5/23/20","43","5","45037","11.63"
"Fairfield","5","158","South Carolina","5/23/20","120","38","45039","31.67"
"Florence","10","588","South Carolina","5/23/20","519","69","45041","13.29"
"Georgetown","1","56","South Carolina","5/23/20","52","4","45043","7.69"
"Greenville","25","1231","South Carolina","5/23/20","1058","173","45045","16.35"
"Greenwood","2","82","South Carolina","5/23/20","69","13","45047","18.84"
"Hampton","0","31","South Carolina","5/23/20","29","2","45049","6.9"
"Horry","11","371","South Carolina","5/23/20","293","78","45051","26.62"
"Jasper","1","36","South Carolina","5/23/20","26","10","45053","38.46"
"Kershaw","5","299","South Carolina","5/23/20","265","34","45055","12.83"
"Lancaster","2","121","South Carolina","5/23/20","109","12","45057","11.01"
"Laurens","0","57","South Carolina","5/23/20","57","0","45059","0"
"Lee","4","187","South Carolina","5/23/20","158","29","45061","18.35"
"Lexington","6","548","South Carolina","5/23/20","509","39","45063","7.66"
"Marion","2","63","South Carolina","5/23/20","51","12","45067","23.53"
"Marlboro","5","109","South Carolina","5/23/20","73","36","45069","49.32"
"McCormick","0","8","South Carolina","5/23/20","7","1","45065","14.29"
"Newberry","2","44","South Carolina","5/23/20","31","13","45071","41.94"
"Oconee","0","43","South Carolina","5/23/20","41","2","45073","4.88"
"Orangeburg","3","135","South Carolina","5/23/20","112","23","45075","20.54"
"Pickens","3","114","South Carolina","5/23/20","91","23","45077","25.27"
"Richland","18","1349","South Carolina","5/23/20","1222","127","45079","10.39"
"Saluda","3","134","South Carolina","5/23/20","115","19","45081","16.52"
"Spartanburg","10","450","South Carolina","5/23/20","383","67","45083","17.49"
"Sumter","4","344","South Carolina","5/23/20","313","31","45085","9.9"
"Union","0","31","South Carolina","5/23/20","31","0","45087","0"
"Williamsburg","4","207","South Carolina","5/23/20","178","29","45089","16.29"
"York","7","339","South Carolina","5/23/20","290","49","45091","16.9"
"Aurora","3","22","South Dakota","5/23/20","2","20","46003","1000"
"Beadle","13","118","South Dakota","5/23/20","30","88","46005","293.33"
"Bon Homme","0","6","South Dakota","5/23/20","4","2","46009","50"
"Brookings","0","15","South Dakota","5/23/20","14","1","46011","7.14"
"Brown","7","244","South Dakota","5/23/20","194","50","46013","25.77"
"Buffalo","1","9","South Dakota","5/23/20","1","8","46017","800"
"Charles Mix","1","12","South Dakota","5/23/20","8","4","46023","50"
"Clark","0","4","South Dakota","5/23/20","4","0","46025","0"
"Clay","0","15","South Dakota","5/23/20","14","1","46027","7.14"
"Codington","2","29","South Dakota","5/23/20","16","13","46029","81.25"
"Corson","0","4","South Dakota","5/23/20","3","1","46031","33.33"
"Davison","0","9","South Dakota","5/23/20","9","0","46035","0"
"Day","0","12","South Dakota","5/23/20","10","2","46037","20"
"Deuel","0","1","South Dakota","5/23/20","1","0","46039","0"
"Douglas","0","1","South Dakota","5/23/20","1","0","46043","0"
"Fall River","0","4","South Dakota","5/23/20","2","2","46047","100"
"Faulk","0","1","South Dakota","5/23/20","1","0","46049","0"
"Grant","0","10","South Dakota","5/23/20","9","1","46051","11.11"
"Hamlin","0","3","South Dakota","5/23/20","2","1","46057","50"
"Hand","0","1","South Dakota","5/23/20","1","0","46059","0"
"Hughes","0","17","South Dakota","5/23/20","16","1","46065","6.25"
"Hutchinson","0","3","South Dakota","5/23/20","3","0","46067","0"
"Hyde","0","1","South Dakota","5/23/20","1","0","46069","0"
"Jerauld","1","16","South Dakota","5/23/20","6","10","46073","166.67"
"Lake","0","5","South Dakota","5/23/20","5","0","46079","0"
"Lawrence","0","9","South Dakota","5/23/20","9","0","46081","0"
"Lincoln","3","225","South Dakota","5/23/20","201","24","46083","11.94"
"Lyman","1","11","South Dakota","5/23/20","4","7","46085","175"
"Marshall","0","4","South Dakota","5/23/20","1","3","46091","300"
"McCook","0","5","South Dakota","5/23/20","5","0","46087","0"
"McPherson","0","1","South Dakota","5/23/20","1","0","46089","0"
"Meade","0","7","South Dakota","5/23/20","5","2","46093","40"
"Miner","0","1","South Dakota","5/23/20","1","0","46097","0"
"Minnehaha","18","3248","South Dakota","5/23/20","3119","129","46099","4.14"
"Moody","0","18","South Dakota","5/23/20","17","1","46101","5.88"
"Oglala Lakota","1","17","South Dakota","5/23/20","9","8","46102","88.89"
"Pennington","13","138","South Dakota","5/23/20","49","89","46103","181.63"
"Roberts","1","23","South Dakota","5/23/20","19","4","46109","21.05"
"Sanborn","1","9","South Dakota","5/23/20","5","4","46111","80"
"Spink","0","4","South Dakota","5/23/20","4","0","46115","0"
"Stanley","0","9","South Dakota","5/23/20","9","0","46117","0"
"Sully","0","1","South Dakota","5/23/20","1","0","46119","0"
"Todd","0","17","South Dakota","5/23/20","16","1","46121","6.25"
"Tripp","1","6","South Dakota","5/23/20","2","4","46123","200"
"Turner","0","22","South Dakota","5/23/20","19","3","46125","15.79"
"Union","2","75","South Dakota","5/23/20","60","15","46127","25"
"Walworth","0","5","South Dakota","5/23/20","5","0","46129","0"
"Yankton","1","46","South Dakota","5/23/20","40","6","46135","15"
"Ziebach","0","1","South Dakota","5/23/20","1","0","46137","0"
"Anderson","0","39","Tennessee","5/23/20","36","3","47001","8.33"
"Bedford","2","264","Tennessee","5/23/20","251","13","47003","5.18"
"Benton","0","7","Tennessee","5/23/20","6","1","47005","16.67"
"Bledsoe","0","607","Tennessee","5/23/20","607","0","47007","0"
"Blount","1","81","Tennessee","5/23/20","75","6","47009","8"
"Bradley","1","91","Tennessee","5/23/20","81","10","47011","12.35"
"Campbell","0","17","Tennessee","5/23/20","17","0","47013","0"
"Cannon","0","16","Tennessee","5/23/20","13","3","47015","23.08"
"Carroll","0","27","Tennessee","5/23/20","25","2","47017","8"
"Carter","0","19","Tennessee","5/23/20","19","0","47019","0"
"Cheatham","2","103","Tennessee","5/23/20","88","15","47021","17.05"
"Chester","0","12","Tennessee","5/23/20","12","0","47023","0"
"Claiborne","0","8","Tennessee","5/23/20","7","1","47025","14.29"
"Clay","0","6","Tennessee","5/23/20","6","0","47027","0"
"Cocke","0","20","Tennessee","5/23/20","20","0","47029","0"
"Coffee","1","65","Tennessee","5/23/20","60","5","47031","8.33"
"Crockett","0","14","Tennessee","5/23/20","13","1","47033","7.69"
"Cumberland","3","107","Tennessee","5/23/20","88","19","47035","21.59"
"Davidson","85","4465","Tennessee","5/23/20","3872","593","47037","15.32"
"Decatur","0","5","Tennessee","5/23/20","5","0","47039","0"
"DeKalb","1","33","Tennessee","5/23/20","29","4","47041","13.79"
"Dickson","1","101","Tennessee","5/23/20","91","10","47043","10.99"
"Dyer","1","48","Tennessee","5/23/20","44","4","47045","9.09"
"Fayette","2","104","Tennessee","5/23/20","88","16","47047","18.18"
"Fentress","0","9","Tennessee","5/23/20","6","3","47049","50"
"Franklin","0","45","Tennessee","5/23/20","43","2","47051","4.65"
"Gibson","0","61","Tennessee","5/23/20","58","3","47053","5.17"
"Giles","0","12","Tennessee","5/23/20","9","3","47055","33.33"
"Grainger","0","6","Tennessee","5/23/20","6","0","47057","0"
"Greene","0","48","Tennessee","5/23/20","46","2","47059","4.35"
"Grundy","0","31","Tennessee","5/23/20","30","1","47061","3.33"
"Hamblen","0","25","Tennessee","5/23/20","24","1","47063","4.17"
"Hamilton","24","511","Tennessee","5/23/20","342","169","47065","49.42"
"Hancock","0","1","Tennessee","5/23/20","0","1","47067","1"
"Hardeman","1","188","Tennessee","5/23/20","183","5","47069","2.73"
"Hardin","0","11","Tennessee","5/23/20","9","2","47071","22.22"
"Hawkins","0","31","Tennessee","5/23/20","31","0","47073","0"
"Haywood","0","29","Tennessee","5/23/20","29","0","47075","0"
"Henderson","0","12","Tennessee","5/23/20","12","0","47077","0"
"Henry","2","29","Tennessee","5/23/20","17","12","47079","70.59"
"Hickman","0","54","Tennessee","5/23/20","52","2","47081","3.85"
"Houston","0","7","Tennessee","5/23/20","6","1","47083","16.67"
"Humphreys","0","12","Tennessee","5/23/20","12","0","47085","0"
"Jackson","1","16","Tennessee","5/23/20","11","5","47087","45.45"
"Jefferson","0","27","Tennessee","5/23/20","26","1","47089","3.85"
"Johnson","0","15","Tennessee","5/23/20","15","0","47091","0"
"Knox","3","326","Tennessee","5/23/20","303","23","47093","7.59"
"Lake","1","408","Tennessee","5/23/20","401","7","47095","1.75"
"Lauderdale","1","51","Tennessee","5/23/20","44","7","47097","15.91"
"Lawrence","0","24","Tennessee","5/23/20","21","3","47099","14.29"
"Lewis","0","3","Tennessee","5/23/20","2","1","47101","50"
"Lincoln","1","26","Tennessee","5/23/20","16","10","47103","62.5"
"Loudon","12","131","Tennessee","5/23/20","48","83","47105","172.92"
"Macon","2","97","Tennessee","5/23/20","81","16","47111","19.75"
"Madison","0","164","Tennessee","5/23/20","162","2","47113","1.23"
"Marion","1","36","Tennessee","5/23/20","31","5","47115","16.13"
"Marshall","0","28","Tennessee","5/23/20","26","2","47117","7.69"
"Maury","2","78","Tennessee","5/23/20","61","17","47119","27.87"
"McMinn","1","133","Tennessee","5/23/20","123","10","47107","8.13"
"McNairy","0","12","Tennessee","5/23/20","12","0","47109","0"
"Meigs","0","25","Tennessee","5/23/20","22","3","47121","13.64"
"Monroe","2","57","Tennessee","5/23/20","41","16","47123","39.02"
"Montgomery","4","234","Tennessee","5/23/20","204","30","47125","14.71"
"Moore","0","3","Tennessee","5/23/20","3","0","47127","0"
"Morgan","1","17","Tennessee","5/23/20","12","5","47129","41.67"
"Obion","1","24","Tennessee","5/23/20","17","7","47131","41.18"
"Out of TN","0","339","Tennessee","5/23/20","340","-1","80047","-0.29"
"Overton","1","20","Tennessee","5/23/20","14","6","47133","42.86"
"Perry","0","13","Tennessee","5/23/20","13","0","47135","0"
"Pickett","0","3","Tennessee","5/23/20","1","2","47137","200"
"Polk","0","14","Tennessee","5/23/20","12","2","47139","16.67"
"Putnam","18","359","Tennessee","5/23/20","232","127","47141","54.74"
"Rhea","27","194","Tennessee","5/23/20","7","187","47143","2671.43"
"Roane","1","13","Tennessee","5/23/20","8","5","47145","62.5"
"Robertson","12","360","Tennessee","5/23/20","274","86","47147","31.39"
"Rutherford","19","977","Tennessee","5/23/20","847","130","47149","15.35"
"Scott","0","11","Tennessee","5/23/20","11","0","47151","0"
"Sequatchie","0","10","Tennessee","5/23/20","10","0","47153","0"
"Sevier","1","72","Tennessee","5/23/20","68","4","47155","5.88"
"Shelby","78","4225","Tennessee","5/23/20","3681","544","47157","14.78"
"Smith","1","29","Tennessee","5/23/20","24","5","47159","20.83"
"Stewart","0","8","Tennessee","5/23/20","7","1","47161","14.29"
"Sullivan","1","61","Tennessee","5/23/20","57","4","47163","7.02"
"Sumner","10","809","Tennessee","5/23/20","737","72","47165","9.77"
"Tipton","3","426","Tennessee","5/23/20","403","23","47167","5.71"
"Trousdale","1","1390","Tennessee","5/23/20","1382","8","47169","0.58"
"Unicoi","0","3","Tennessee","5/23/20","3","0","47171","0"
"Union","0","4","Tennessee","5/23/20","4","0","47173","0"
"Van Buren","0","4","Tennessee","5/23/20","3","1","47175","33.33"
"Warren","1","19","Tennessee","5/23/20","15","4","47177","26.67"
"Washington","1","72","Tennessee","5/23/20","66","6","47179","9.09"
"Wayne","0","63","Tennessee","5/23/20","63","0","47181","0"
"Weakley","0","26","Tennessee","5/23/20","24","2","47183","8.33"
"White","1","24","Tennessee","5/23/20","18","6","47185","33.33"
"Williamson","5","503","Tennessee","5/23/20","471","32","47187","6.79"
"Wilson","4","343","Tennessee","5/23/20","318","25","47189","7.86"
"Anderson","1","63","Texas","5/23/20","54","9","48001","16.67"
"Andrews","0","22","Texas","5/23/20","22","0","48003","0"
"Angelina","4","168","Texas","5/23/20","139","29","48005","20.86"
"Aransas","0","5","Texas","5/23/20","3","2","48007","66.67"
"Archer","0","1","Texas","5/23/20","1","0","48009","0"
"Armstrong","0","2","Texas","5/23/20","2","0","48011","0"
"Atascosa","1","35","Texas","5/23/20","30","5","48013","16.67"
"Austin","0","21","Texas","5/23/20","19","2","48015","10.53"
"Bailey","1","10","Texas","5/23/20","6","4","48017","66.67"
"Bandera","0","6","Texas","5/23/20","6","0","48019","0"
"Bastrop","4","161","Texas","5/23/20","132","29","48021","21.97"
"Bee","0","8","Texas","5/23/20","6","2","48025","33.33"
"Bell","5","282","Texas","5/23/20","248","34","48027","13.71"
"Bexar","39","2392","Texas","5/23/20","2120","272","48029","12.83"
"Blanco","0","7","Texas","5/23/20","6","1","48031","16.67"
"Bosque","0","6","Texas","5/23/20","6","0","48035","0"
"Bowie","7","176","Texas","5/23/20","130","46","48037","35.38"
"Brazoria","15","825","Texas","5/23/20","721","104","48039","14.42"
"Brazos","7","362","Texas","5/23/20","312","50","48041","16.03"
"Brewster","0","1","Texas","5/23/20","1","0","48043","0"
"Briscoe","0","1","Texas","5/23/20","1","0","48045","0"
"Brooks","0","1","Texas","5/23/20","1","0","48047","0"
"Brown","1","55","Texas","5/23/20","51","4","48049","7.84"
"Burleson","0","20","Texas","5/23/20","18","2","48051","11.11"
"Burnet","0","29","Texas","5/23/20","28","1","48053","3.57"
"Caldwell","1","41","Texas","5/23/20","36","5","48055","13.89"
"Calhoun","0","37","Texas","5/23/20","36","1","48057","2.78"
"Callahan","0","8","Texas","5/23/20","8","0","48059","0"
"Cameron","11","698","Texas","5/23/20","619","79","48061","12.76"
"Camp","2","32","Texas","5/23/20","21","11","48063","52.38"
"Carson","0","6","Texas","5/23/20","3","3","48065","100"
"Cass","0","21","Texas","5/23/20","19","2","48067","10.53"
"Castro","0","29","Texas","5/23/20","26","3","48069","11.54"
"Chambers","1","58","Texas","5/23/20","52","6","48071","11.54"
"Cherokee","1","44","Texas","5/23/20","34","10","48073","29.41"
"Childress","0","2","Texas","5/23/20","2","0","48075","0"
"Clay","0","3","Texas","5/23/20","3","0","48077","0"
"Cochran","0","1","Texas","5/23/20","1","0","48079","0"
"Coke","0","1","Texas","5/23/20","1","0","48081","0"
"Coleman","0","2","Texas","5/23/20","2","0","48083","0"
"Collin","18","1132","Texas","5/23/20","1008","124","48085","12.3"
"Collingsworth","0","4","Texas","5/23/20","4","0","48087","0"
"Colorado","0","19","Texas","5/23/20","18","1","48089","5.56"
"Comal","1","78","Texas","5/23/20","70","8","48091","11.43"
"Comanche","0","5","Texas","5/23/20","3","2","48093","66.67"
"Concho","0","1","Texas","5/23/20","1","0","48095","0"
"Cooke","0","13","Texas","5/23/20","13","0","48097","0"
"Coryell","0","226","Texas","5/23/20","224","2","48099","0.89"
"Cottle","0","4","Texas","5/23/20","4","0","48101","0"
"Crane","0","3","Texas","5/23/20","2","1","48103","50"
"Crosby","0","3","Texas","5/23/20","2","1","48107","50"
"Dallam","0","22","Texas","5/23/20","20","2","48111","10"
"Dallas","200","8649","Texas","5/23/20","7250","1399","48113","19.3"
"Dawson","0","39","Texas","5/23/20","38","1","48115","2.63"
"Deaf Smith","3","141","Texas","5/23/20","120","21","48117","17.5"
"Delta","0","1","Texas","5/23/20","1","0","48119","0"
"Denton","24","1205","Texas","5/23/20","1040","165","48121","15.87"
"DeWitt","0","17","Texas","5/23/20","17","0","48123","0"
"Dickens","0","1","Texas","5/23/20","1","0","48125","0"
"Dimmit","0","1","Texas","5/23/20","1","0","48127","0"
"Donley","0","26","Texas","5/23/20","25","1","48129","4"
"Duval","0","5","Texas","5/23/20","5","0","48131","0"
"Eastland","0","5","Texas","5/23/20","5","0","48133","0"
"Ector","3","130","Texas","5/23/20","109","21","48135","19.27"
"El Paso","87","2265","Texas","5/23/20","1655","610","48141","36.86"
"Ellis","3","266","Texas","5/23/20","247","19","48139","7.69"
"Erath","0","15","Texas","5/23/20","15","0","48143","0"
"Falls","0","6","Texas","5/23/20","6","0","48145","0"
"Fannin","1","29","Texas","5/23/20","25","4","48147","16"
"Fayette","0","31","Texas","5/23/20","29","2","48149","6.9"
"Fisher","0","2","Texas","5/23/20","1","1","48151","100"
"Floyd","0","5","Texas","5/23/20","4","1","48153","25"
"Fort Bend","24","1676","Texas","5/23/20","1510","166","48157","10.99"
"Franklin","0","8","Texas","5/23/20","5","3","48159","60"
"Freestone","0","7","Texas","5/23/20","7","0","48161","0"
"Frio","0","35","Texas","5/23/20","35","0","48163","0"
"Gaines","0","6","Texas","5/23/20","5","1","48165","20"
"Galveston","6","740","Texas","5/23/20","696","44","48167","6.32"
"Garza","0","4","Texas","5/23/20","4","0","48169","0"
"Gillespie","0","5","Texas","5/23/20","4","1","48171","25"
"Glasscock","0","1","Texas","5/23/20","1","0","48173","0"
"Goliad","0","7","Texas","5/23/20","7","0","48175","0"
"Gonzales","2","90","Texas","5/23/20","75","15","48177","20"
"Gray","1","95","Texas","5/23/20","91","4","48179","4.4"
"Grayson","18","268","Texas","5/23/20","140","128","48181","91.43"
"Gregg","1","180","Texas","5/23/20","170","10","48183","5.88"
"Grimes","4","91","Texas","5/23/20","65","26","48185","40"
"Guadalupe","1","116","Texas","5/23/20","109","7","48187","6.42"
"Hale","1","50","Texas","5/23/20","43","7","48189","16.28"
"Hall","0","1","Texas","5/23/20","0","1","48191","1"
"Hamilton","0","7","Texas","5/23/20","7","0","48193","0"
"Hansford","0","18","Texas","5/23/20","16","2","48195","12.5"
"Hardin","1","121","Texas","5/23/20","117","4","48199","3.42"
"Harris","235","10770","Texas","5/23/20","9126","1644","48201","18.01"
"Harrison","2","217","Texas","5/23/20","200","17","48203","8.5"
"Hartley","0","11","Texas","5/23/20","9","2","48205","22.22"
"Haskell","0","2","Texas","5/23/20","1","1","48207","100"
"Hays","4","250","Texas","5/23/20","219","31","48209","14.16"
"Hemphill","0","1","Texas","5/23/20","1","0","48211","0"
"Henderson","0","51","Texas","5/23/20","48","3","48213","6.25"
"Hidalgo","8","482","Texas","5/23/20","425","57","48215","13.41"
"Hill","0","23","Texas","5/23/20","22","1","48217","4.55"
"Hockley","1","27","Texas","5/23/20","23","4","48219","17.39"
"Hood","0","23","Texas","5/23/20","22","1","48221","4.55"
"Hopkins","1","12","Texas","5/23/20","8","4","48223","50"
"Houston","1","81","Texas","5/23/20","76","5","48225","6.58"
"Howard","0","6","Texas","5/23/20","6","0","48227","0"
"Hunt","1","71","Texas","5/23/20","66","5","48231","7.58"
"Hutchinson","1","31","Texas","5/23/20","25","6","48233","24"
"Jack","0","4","Texas","5/23/20","4","0","48237","0"
"Jackson","0","16","Texas","5/23/20","15","1","48239","6.67"
"Jasper","0","26","Texas","5/23/20","23","3","48241","13.04"
"Jefferson","4","465","Texas","5/23/20","436","29","48245","6.65"
"Jim Hogg","0","4","Texas","5/23/20","4","0","48247","0"
"Jim Wells","0","9","Texas","5/23/20","8","1","48249","12.5"
"Johnson","3","144","Texas","5/23/20","123","21","48251","17.07"
"Jones","3","134","Texas","5/23/20","112","22","48253","19.64"
"Karnes","0","4","Texas","5/23/20","3","1","48255","33.33"
"Kaufman","4","173","Texas","5/23/20","147","26","48257","17.69"
"Kendall","0","24","Texas","5/23/20","21","3","48259","14.29"
"Kerr","0","11","Texas","5/23/20","10","1","48265","10"
"Kimble","0","1","Texas","5/23/20","1","0","48267","0"
"Kleberg","0","14","Texas","5/23/20","14","0","48273","0"
"Knox","0","1","Texas","5/23/20","1","0","48275","0"
"La Salle","0","4","Texas","5/23/20","4","0","48283","0"
"Lamar","2","126","Texas","5/23/20","111","15","48277","13.51"
"Lamb","0","11","Texas","5/23/20","11","0","48279","0"
"Lampasas","0","8","Texas","5/23/20","8","0","48281","0"
"Lavaca","0","8","Texas","5/23/20","8","0","48285","0"
"Lee","0","8","Texas","5/23/20","6","2","48287","33.33"
"Leon","0","9","Texas","5/23/20","9","0","48289","0"
"Liberty","1","81","Texas","5/23/20","75","6","48291","8"
"Limestone","0","18","Texas","5/23/20","15","3","48293","20"
"Lipscomb","0","2","Texas","5/23/20","2","0","48295","0"
"Live Oak","0","9","Texas","5/23/20","6","3","48297","50"
"Llano","0","3","Texas","5/23/20","3","0","48299","0"
"Lubbock","6","656","Texas","5/23/20","616","40","48303","6.49"
"Lynn","0","5","Texas","5/23/20","5","0","48305","0"
"Madison","0","8","Texas","5/23/20","8","0","48313","0"
"Marion","0","15","Texas","5/23/20","15","0","48315","0"
"Martin","0","3","Texas","5/23/20","3","0","48317","0"
"Mason","0","31","Texas","5/23/20","31","0","48319","0"
"Matagorda","0","67","Texas","5/23/20","65","2","48321","3.08"
"Maverick","3","94","Texas","5/23/20","74","20","48323","27.03"
"McCulloch","0","3","Texas","5/23/20","3","0","48307","0"
"McLennan","1","102","Texas","5/23/20","97","5","48309","5.15"
"Medina","2","64","Texas","5/23/20","49","15","48325","30.61"
"Midland","0","123","Texas","5/23/20","120","3","48329","2.5"
"Milam","1","27","Texas","5/23/20","23","4","48331","17.39"
"Mills","0","1","Texas","5/23/20","1","0","48333","0"
"Mitchell","0","1","Texas","5/23/20","1","0","48335","0"
"Montague","0","9","Texas","5/23/20","9","0","48337","0"
"Montgomery","13","888","Texas","5/23/20","798","90","48339","11.28"
"Moore","5","579","Texas","5/23/20","544","35","48341","6.43"
"Morris","1","15","Texas","5/23/20","11","4","48343","36.36"
"Motley","0","1","Texas","5/23/20","1","0","48345","0"
"Nacogdoches","2","244","Texas","5/23/20","233","11","48347","4.72"
"Navarro","0","40","Texas","5/23/20","38","2","48349","5.26"
"Newton","0","4","Texas","5/23/20","4","0","48351","0"
"Nolan","0","2","Texas","5/23/20","2","0","48353","0"
"Nueces","4","260","Texas","5/23/20","231","29","48355","12.55"
"Ochiltree","0","41","Texas","5/23/20","40","1","48357","2.5"
"Oldham","0","3","Texas","5/23/20","4","-1","48359","-25"
"Orange","0","89","Texas","5/23/20","87","2","48361","2.3"
"Palo Pinto","0","10","Texas","5/23/20","9","1","48363","11.11"
"Panola","2","188","Texas","5/23/20","175","13","48365","7.43"
"Parker","1","67","Texas","5/23/20","57","10","48367","17.54"
"Parmer","2","39","Texas","5/23/20","25","14","48369","56"
"Pecos","1","24","Texas","5/23/20","20","4","48371","20"
"Polk","1","52","Texas","5/23/20","47","5","48373","10.64"
"Potter","21","2229","Texas","5/23/20","2080","149","48375","7.16"
"Rains","0","3","Texas","5/23/20","2","1","48379","50"
"Randall","7","645","Texas","5/23/20","593","52","48381","8.77"
"Red River","1","42","Texas","5/23/20","35","7","48387","20"
"Reeves","0","7","Texas","5/23/20","7","0","48389","0"
"Refugio","0","3","Texas","5/23/20","3","0","48391","0"
"Roberts","0","2","Texas","5/23/20","2","0","48393","0"
"Robertson","0","7","Texas","5/23/20","6","1","48395","16.67"
"Rockwall","1","147","Texas","5/23/20","138","9","48397","6.52"
"Runnels","0","2","Texas","5/23/20","2","0","48399","0"
"Rusk","0","42","Texas","5/23/20","42","0","48401","0"
"Sabine","0","4","Texas","5/23/20","3","1","48403","33.33"
"San Augustine","1","28","Texas","5/23/20","22","6","48405","27.27"
"San Jacinto","0","13","Texas","5/23/20","12","1","48407","8.33"
"San Patricio","0","28","Texas","5/23/20","25","3","48409","12"
"San Saba","0","1","Texas","5/23/20","0","1","48411","1"
"Scurry","0","2","Texas","5/23/20","2","0","48415","0"
"Shackelford","0","1","Texas","5/23/20","1","0","48417","0"
"Shelby","1","180","Texas","5/23/20","173","7","48419","4.05"
"Sherman","0","23","Texas","5/23/20","23","0","48421","0"
"Smith","1","195","Texas","5/23/20","189","6","48423","3.17"
"Starr","1","23","Texas","5/23/20","17","6","48427","35.29"
"Stephens","0","2","Texas","5/23/20","2","0","48429","0"
"Swisher","0","15","Texas","5/23/20","14","1","48437","7.14"
"Tarrant","90","4899","Texas","5/23/20","4266","633","48439","14.84"
"Taylor","2","228","Texas","5/23/20","217","11","48441","5.07"
"Terry","0","13","Texas","5/23/20","12","1","48445","8.33"
"Titus","22","248","Texas","5/23/20","96","152","48449","158.33"
"Tom Green","1","90","Texas","5/23/20","86","4","48451","4.65"
"Travis","48","2761","Texas","5/23/20","2425","336","48453","13.86"
"Trinity","0","11","Texas","5/23/20","11","0","48455","0"
"Tyler","0","10","Texas","5/23/20","9","1","48457","11.11"
"Upshur","0","18","Texas","5/23/20","18","0","48459","0"
"Uvalde","0","6","Texas","5/23/20","6","0","48463","0"
"Val Verde","0","14","Texas","5/23/20","13","1","48465","7.69"
"Van Zandt","0","25","Texas","5/23/20","22","3","48467","13.64"
"Victoria","0","157","Texas","5/23/20","154","3","48469","1.95"
"Walker","4","436","Texas","5/23/20","405","31","48471","7.65"
"Waller","1","45","Texas","5/23/20","39","6","48473","15.38"
"Washington","1","187","Texas","5/23/20","181","6","48477","3.31"
"Webb","5","502","Texas","5/23/20","469","33","48479","7.04"
"Wharton","0","45","Texas","5/23/20","42","3","48481","7.14"
"Wheeler","0","15","Texas","5/23/20","14","1","48483","7.14"
"Wichita","1","82","Texas","5/23/20","78","4","48485","5.13"
"Wilbarger","0","6","Texas","5/23/20","5","1","48487","20"
"Willacy","0","15","Texas","5/23/20","14","1","48489","7.14"
"Williamson","11","541","Texas","5/23/20","463","78","48491","16.85"
"Wilson","0","38","Texas","5/23/20","36","2","48493","5.56"
"Winkler","0","3","Texas","5/23/20","3","0","48495","0"
"Wise","1","42","Texas","5/23/20","36","6","48497","16.67"
"Wood","1","22","Texas","5/23/20","18","4","48499","22.22"
"Yoakum","0","3","Texas","5/23/20","2","1","48501","50"
"Young","0","4","Texas","5/23/20","4","0","48503","0"
"Zapata","0","8","Texas","5/23/20","7","1","48505","14.29"
"Zavala","0","11","Texas","5/23/20","9","2","48507","22.22"
"Bear River","2","102","Utah","5/23/20","87","15","00000","17.24"
"Central Utah","1","33","Utah","5/23/20","29","4","00000","13.79"
"Davis","6","407","Utah","5/23/20","363","44","49011","12.12"
"Salt Lake","94","4441","Utah","5/23/20","3785","656","49035","17.33"
"San Juan","12","259","Utah","5/23/20","177","82","49037","46.33"
"Southeast Utah","1","18","Utah","5/23/20","14","4","00000","28.57"
"Southwest Utah","12","294","Utah","5/23/20","209","85","00000","40.67"
"Summit","0","403","Utah","5/23/20","400","3","49043","0.75"
"Tooele","3","112","Utah","5/23/20","93","19","49045","20.43"
"TriCounty","0","20","Utah","5/23/20","19","1","00000","5.26"
"Utah","30","1678","Utah","5/23/20","1471","207","49049","14.07"
"Wasatch","5","237","Utah","5/23/20","200","37","49051","18.5"
"Weber-Morgan","5","256","Utah","5/23/20","221","35","00000","15.84"
"Addison","0","62","Vermont","5/23/20","62","0","50001","0"
"Bennington","0","60","Vermont","5/23/20","60","0","50003","0"
"Caledonia","0","14","Vermont","5/23/20","14","0","50005","0"
"Chittenden","1","440","Vermont","5/23/20","434","6","50007","1.38"
"Essex","0","3","Vermont","5/23/20","2","1","50009","50"
"Franklin","0","99","Vermont","5/23/20","99","0","50011","0"
"Grand Isle","0","6","Vermont","5/23/20","4","2","50013","50"
"Lamoille","0","29","Vermont","5/23/20","27","2","50015","7.41"
"Orange","0","8","Vermont","5/23/20","8","0","50017","0"
"Orleans","0","9","Vermont","5/23/20","9","0","50019","0"
"Rutland","0","51","Vermont","5/23/20","49","2","50021","4.08"
"Washington","0","39","Vermont","5/23/20","38","1","50023","2.63"
"Windham","0","80","Vermont","5/23/20","77","3","50025","3.9"
"Windsor","0","49","Vermont","5/23/20","47","2","50027","4.26"
"","0","69","Virgin Islands","5/23/20","69","0",,"0"
"Accomack","8","722","Virginia","5/23/20","668","54","51001","8.08"
"Albemarle","1","143","Virginia","5/23/20","136","7","51003","5.15"
"Alexandria","35","1703","Virginia","5/23/20","1460","243","51510","16.64"
"Alleghany","1","13","Virginia","5/23/20","6","7","51005","116.67"
"Amelia","1","22","Virginia","5/23/20","18","4","51007","22.22"
"Amherst","0","25","Virginia","5/23/20","24","1","51009","4.17"
"Appomattox","0","26","Virginia","5/23/20","23","3","51011","13.04"
"Arlington","35","1804","Virginia","5/23/20","1560","244","51013","15.64"
"Augusta","1","89","Virginia","5/23/20","82","7","51015","8.54"
"Bedford","0","41","Virginia","5/23/20","40","1","51019","2.5"
"Botetourt","0","31","Virginia","5/23/20","30","1","51023","3.33"
"Bristol","0","4","Virginia","5/23/20","3","1","51520","33.33"
"Brunswick","0","21","Virginia","5/23/20","20","1","51025","5"
"Buchanan","0","18","Virginia","5/23/20","16","2","51027","12.5"
"Buckingham","5","443","Virginia","5/23/20","411","32","51029","7.79"
"Buena Vista","1","12","Virginia","5/23/20","8","4","51530","50"
"Campbell","0","13","Virginia","5/23/20","13","0","51031","0"
"Caroline","1","46","Virginia","5/23/20","42","4","51033","9.52"
"Carroll","3","66","Virginia","5/23/20","45","21","51035","46.67"
"Charles City","1","27","Virginia","5/23/20","22","5","51036","22.73"
"Charlotte","1","19","Virginia","5/23/20","11","8","51037","72.73"
"Charlottesville","0","74","Virginia","5/23/20","71","3","51540","4.23"
"Chesapeake","7","426","Virginia","5/23/20","380","46","51550","12.11"
"Chesterfield","31","1193","Virginia","5/23/20","978","215","51041","21.98"
"Clarke","0","21","Virginia","5/23/20","19","2","51043","10.53"
"Colonial Heights","1","83","Virginia","5/23/20","76","7","51570","9.21"
"Covington","0","3","Virginia","5/23/20","2","1","51580","50"
"Craig","0","5","Virginia","5/23/20","4","1","51045","25"
"Culpeper","30","574","Virginia","5/23/20","365","209","51047","57.26"
"Cumberland","0","26","Virginia","5/23/20","23","3","51049","13.04"
"Danville","0","46","Virginia","5/23/20","44","2","51590","4.55"
"Dinwiddie","2","48","Virginia","5/23/20","36","12","51053","33.33"
"Emporia","1","60","Virginia","5/23/20","50","10","51595","20"
"Essex","1","41","Virginia","5/23/20","31","10","51057","32.26"
"Fairfax","223","8945","Virginia","5/23/20","7386","1559","51059","21.11"
"Fairfax City","1","52","Virginia","5/23/20","47","5","51600","10.64"
"Falls Church","1","47","Virginia","5/23/20","42","5","51610","11.9"
"Fauquier","8","269","Virginia","5/23/20","211","58","51061","27.49"
"Floyd","0","4","Virginia","5/23/20","4","0","51063","0"
"Fluvanna","0","84","Virginia","5/23/20","81","3","51065","3.7"
"Franklin","0","32","Virginia","5/23/20","30","2","51067","6.67"
"Franklin City","2","38","Virginia","5/23/20","27","11","51620","40.74"
"Frederick","7","255","Virginia","5/23/20","209","46","51069","22.01"
"Fredericksburg","3","113","Virginia","5/23/20","89","24","51630","26.97"
"Galax","1","87","Virginia","5/23/20","77","10","51640","12.99"
"Giles","0","5","Virginia","5/23/20","5","0","51071","0"
"Gloucester","0","30","Virginia","5/23/20","28","2","51073","7.14"
"Goochland","0","90","Virginia","5/23/20","87","3","51075","3.45"
"Grayson","1","24","Virginia","5/23/20","20","4","51077","20"
"Greene","0","21","Virginia","5/23/20","19","2","51079","10.53"
"Greensville","1","55","Virginia","5/23/20","50","5","51081","10"
"Halifax","0","29","Virginia","5/23/20","27","2","51083","7.41"
"Hampton","2","172","Virginia","5/23/20","158","14","51650","8.86"
"Hanover","5","252","Virginia","5/23/20","215","37","51085","17.21"
"Harrisonburg","11","709","Virginia","5/23/20","631","78","51660","12.36"
"Henrico","26","1411","Virginia","5/23/20","1226","185","51087","15.09"
"Henry","4","63","Virginia","5/23/20","34","29","51089","85.29"
"Highland","0","3","Virginia","5/23/20","2","1","51091","50"
"Hopewell","3","67","Virginia","5/23/20","49","18","51670","36.73"
"Isle of Wight","1","124","Virginia","5/23/20","115","9","51093","7.83"
"James City","2","192","Virginia","5/23/20","179","13","51095","7.26"
"King and Queen","0","7","Virginia","5/23/20","7","0","51097","0"
"King George","1","52","Virginia","5/23/20","47","5","51099","10.64"
"King William","1","20","Virginia","5/23/20","14","6","51101","42.86"
"Lancaster","0","10","Virginia","5/23/20","7","3","51103","42.86"
"Lee","0","9","Virginia","5/23/20","10","-1","51105","-10"
"Lexington","0","6","Virginia","5/23/20","5","1","51678","20"
"Loudoun","57","1831","Virginia","5/23/20","1430","401","51107","28.04"
"Louisa","1","67","Virginia","5/23/20","59","8","51109","13.56"
"Lunenburg","0","7","Virginia","5/23/20","7","0","51111","0"
"Lynchburg","1","77","Virginia","5/23/20","73","4","51680","5.48"
"Madison","0","27","Virginia","5/23/20","24","3","51113","12.5"
"Manassas","31","792","Virginia","5/23/20","574","218","51683","37.98"
"Manassas Park","7","230","Virginia","5/23/20","183","47","51685","25.68"
"Martinsville","3","24","Virginia","5/23/20","4","20","51690","500"
"Mathews","0","5","Virginia","5/23/20","5","0","51115","0"
"Mecklenburg","4","193","Virginia","5/23/20","164","29","51117","17.68"
"Middlesex","0","12","Virginia","5/23/20","12","0","51119","0"
"Montgomery","0","69","Virginia","5/23/20","66","3","51121","4.55"
"Nelson","0","13","Virginia","5/23/20","12","1","51125","8.33"
"New Kent","0","27","Virginia","5/23/20","26","1","51127","3.85"
"Newport News","7","234","Virginia","5/23/20","187","47","51700","25.13"
"Norfolk","6","393","Virginia","5/23/20","350","43","51710","12.29"
"Northampton","2","210","Virginia","5/23/20","196","14","51131","7.14"
"Northumberland","1","22","Virginia","5/23/20","17","5","51133","29.41"
"Norton","0","2","Virginia","5/23/20","2","0","51720","0"
"Nottoway","0","19","Virginia","5/23/20","16","3","51135","18.75"
"Orange","3","77","Virginia","5/23/20","53","24","51137","45.28"
"Page","4","186","Virginia","5/23/20","158","28","51139","17.72"
"Patrick","1","13","Virginia","5/23/20","6","7","51141","116.67"
"Petersburg","4","87","Virginia","5/23/20","58","29","51730","50"
"Pittsylvania","1","28","Virginia","5/23/20","23","5","51143","21.74"
"Poquoson","0","7","Virginia","5/23/20","7","0","51735","0"
"Portsmouth","4","253","Virginia","5/23/20","222","31","51740","13.96"
"Powhatan","1","29","Virginia","5/23/20","24","5","51145","20.83"
"Prince Edward","5","108","Virginia","5/23/20","73","35","51147","47.95"
"Prince George","2","60","Virginia","5/23/20","49","11","51149","22.45"
"Prince William","121","4408","Virginia","5/23/20","3563","845","51153","23.72"
"Pulaski","0","10","Virginia","5/23/20","10","0","51155","0"
"Radford","0","4","Virginia","5/23/20","3","1","51750","33.33"
"Rappahannock","0","12","Virginia","5/23/20","12","0","51157","0"
"Richmond","10","276","Virginia","5/23/20","204","72","51159","35.29"
"Richmond City","34","979","Virginia","5/23/20","741","238","51760","32.12"
"Roanoke","1","90","Virginia","5/23/20","84","6","51161","7.14"
"Roanoke City","3","141","Virginia","5/23/20","120","21","51770","17.5"
"Rockbridge","0","14","Virginia","5/23/20","11","3","51163","27.27"
"Rockingham","9","452","Virginia","5/23/20","387","65","51165","16.8"
"Russell","0","8","Virginia","5/23/20","8","0","51167","0"
"Salem","0","32","Virginia","5/23/20","32","0","51775","0"
"Scott","0","7","Virginia","5/23/20","7","0","51169","0"
"Shenandoah","10","365","Virginia","5/23/20","297","68","51171","22.9"
"Smyth","0","15","Virginia","5/23/20","15","0","51173","0"
"Southampton","1","141","Virginia","5/23/20","135","6","51175","4.44"
"Spotsylvania","12","386","Virginia","5/23/20","304","82","51177","26.97"
"Stafford","16","569","Virginia","5/23/20","458","111","51179","24.24"
"Staunton","0","35","Virginia","5/23/20","33","2","51790","6.06"
"Suffolk","4","290","Virginia","5/23/20","260","30","51800","11.54"
"Surry","0","6","Virginia","5/23/20","6","0","51181","0"
"Sussex","5","114","Virginia","5/23/20","80","34","51183","42.5"
"Tazewell","0","6","Virginia","5/23/20","6","0","51185","0"
"Virginia Beach","8","598","Virginia","5/23/20","539","59","51810","10.95"
"Warren","2","110","Virginia","5/23/20","96","14","51187","14.58"
"Washington","0","51","Virginia","5/23/20","49","2","51191","4.08"
"Waynesboro","2","38","Virginia","5/23/20","22","16","51820","72.73"
"Westmoreland","1","46","Virginia","5/23/20","42","4","51193","9.52"
"Williamsburg","0","43","Virginia","5/23/20","43","0","51830","0"
"Winchester","7","128","Virginia","5/23/20","80","48","51840","60"
"Wise","0","24","Virginia","5/23/20","23","1","51195","4.35"
"Wythe","0","17","Virginia","5/23/20","16","1","51197","6.25"
"York","1","67","Virginia","5/23/20","62","5","51199","8.06"
"Adams","0","50","Washington","5/23/20","50","0","53001","0"
"Asotin","0","18","Washington","5/23/20","18","0","53003","0"
"Benton","7","674","Washington","5/23/20","627","47","53005","7.5"
"Chelan","5","204","Washington","5/23/20","172","32","53007","18.6"
"Clallam","1","25","Washington","5/23/20","21","4","53009","19.05"
"Clark","2","399","Washington","5/23/20","386","13","53011","3.37"
"Columbia","0","1","Washington","5/23/20","1","0","53013","0"
"Cowlitz","0","71","Washington","5/23/20","68","3","53015","4.41"
"Douglas","2","139","Washington","5/23/20","125","14","53017","11.2"
"Ferry","0","1","Washington","5/23/20","1","0","53019","0"
"Franklin","6","480","Washington","5/23/20","441","39","53021","8.84"
"Grant","1","189","Washington","5/23/20","185","4","53025","2.16"
"Grays Harbor","0","16","Washington","5/23/20","15","1","53027","6.67"
"Island","0","177","Washington","5/23/20","176","1","53029","0.57"
"Jefferson","0","30","Washington","5/23/20","30","0","53031","0"
"King","35","7669","Washington","5/23/20","7426","243","53033","3.27"
"Kitsap","0","160","Washington","5/23/20","159","1","53035","0.63"
"Kittitas","2","66","Washington","5/23/20","51","15","53037","29.41"
"Klickitat","0","24","Washington","5/23/20","22","2","53039","9.09"
"Lewis","0","35","Washington","5/23/20","34","1","53041","2.94"
"Lincoln","0","2","Washington","5/23/20","2","0","53043","0"
"Mason","1","34","Washington","5/23/20","30","4","53045","13.33"
"Okanogan","1","42","Washington","5/23/20","37","5","53047","13.51"
"Pacific","0","9","Washington","5/23/20","9","0","53049","0"
"Pend Oreille","0","2","Washington","5/23/20","2","0","53051","0"
"Pierce","11","1728","Washington","5/23/20","1654","74","53053","4.47"
"San Juan","0","15","Washington","5/23/20","15","0","53055","0"
"Skagit","0","426","Washington","5/23/20","425","1","53057","0.24"
"Skamania","0","3","Washington","5/23/20","3","0","53059","0"
"Snohomish","13","2863","Washington","5/23/20","2773","90","53061","3.25"
"Spokane","6","437","Washington","5/23/20","396","41","53063","10.35"
"Stevens","0","10","Washington","5/23/20","9","1","53065","11.11"
"Thurston","0","124","Washington","5/23/20","123","1","53067","0.81"
"Wahkiakum","0","4","Washington","5/23/20","4","0","53069","0"
"Walla Walla","0","106","Washington","5/23/20","106","0","53071","0"
"Whatcom","2","363","Washington","5/23/20","347","16","53073","4.61"
"Whitman","0","16","Washington","5/23/20","16","0","53075","0"
"Yakima","54","2594","Washington","5/23/20","2217","377","53077","17"
"Barbour","0","7","West Virginia","5/23/20","7","0","54001","0"
"Berkeley","7","256","West Virginia","5/23/20","207","49","54003","23.67"
"Boone","0","9","West Virginia","5/23/20","9","0","54005","0"
"Braxton","0","2","West Virginia","5/23/20","2","0","54007","0"
"Brooke","0","3","West Virginia","5/23/20","3","0","54009","0"
"Cabell","0","57","West Virginia","5/23/20","56","1","54011","1.79"
"Calhoun","0","2","West Virginia","5/23/20","1","1","54013","100"
"Clay","0","2","West Virginia","5/23/20","2","0","54015","0"
"Fayette","1","42","West Virginia","5/23/20","38","4","54019","10.53"
"Gilmer","0","9","West Virginia","5/23/20","8","1","54021","12.5"
"Grant","0","6","West Virginia","5/23/20","6","0","54023","0"
"Greenbrier","0","9","West Virginia","5/23/20","8","1","54025","12.5"
"Hampshire","0","13","West Virginia","5/23/20","12","1","54027","8.33"
"Hancock","0","15","West Virginia","5/23/20","12","3","54029","25"
"Hardy","1","35","West Virginia","5/23/20","25","10","54031","40"
"Harrison","0","38","West Virginia","5/23/20","35","3","54033","8.57"
"Jackson","0","135","West Virginia","5/23/20","136","-1","54035","-0.74"
"Jefferson","6","140","West Virginia","5/23/20","98","42","54037","42.86"
"Kanawha","1","212","West Virginia","5/23/20","206","6","54039","2.91"
"Lewis","0","5","West Virginia","5/23/20","4","1","54041","25"
"Lincoln","0","5","West Virginia","5/23/20","5","0","54043","0"
"Logan","0","16","West Virginia","5/23/20","14","2","54045","14.29"
"Marion","0","48","West Virginia","5/23/20","47","1","54049","2.13"
"Marshall","1","27","West Virginia","5/23/20","23","4","54051","17.39"
"Mason","0","15","West Virginia","5/23/20","15","0","54053","0"
"McDowell","0","6","West Virginia","5/23/20","6","0","54047","0"
"Mercer","0","13","West Virginia","5/23/20","12","1","54055","8.33"
"Mineral","1","36","West Virginia","5/23/20","27","9","54057","33.33"
"Mingo","0","3","West Virginia","5/23/20","4","-1","54059","-25"
"Monongalia","1","119","West Virginia","5/23/20","115","4","54061","3.48"
"Monroe","0","6","West Virginia","5/23/20","6","0","54063","0"
"Morgan","0","17","West Virginia","5/23/20","17","0","54065","0"
"Nicholas","0","10","West Virginia","5/23/20","9","1","54067","11.11"
"Ohio","0","38","West Virginia","5/23/20","38","0","54069","0"
"Pendleton","0","6","West Virginia","5/23/20","5","1","54071","20"
"Pleasants","0","3","West Virginia","5/23/20","2","1","54073","50"
"Pocahontas","3","24","West Virginia","5/23/20","4","20","54075","500"
"Preston","0","15","West Virginia","5/23/20","15","0","54077","0"
"Putnam","0","31","West Virginia","5/23/20","29","2","54079","6.9"
"Raleigh","1","14","West Virginia","5/23/20","10","4","54081","40"
"Randolph","3","28","West Virginia","5/23/20","5","23","54083","460"
"Ritchie","0","1","West Virginia","5/23/20","1","0","54085","0"
"Roane","0","8","West Virginia","5/23/20","9","-1","54087","-11.11"
"Summers","0","1","West Virginia","5/23/20","1","0","54089","0"
"Taylor","0","8","West Virginia","5/23/20","8","0","54091","0"
"Tucker","0","4","West Virginia","5/23/20","4","0","54093","0"
"Tyler","0","3","West Virginia","5/23/20","3","0","54095","0"
"Upshur","0","6","West Virginia","5/23/20","6","0","54097","0"
"Wayne","0","97","West Virginia","5/23/20","96","1","54099","1.04"
"Wetzel","0","8","West Virginia","5/23/20","7","1","54103","14.29"
"Wirt","0","4","West Virginia","5/23/20","3","1","54105","33.33"
"Wood","0","48","West Virginia","5/23/20","47","1","54107","2.13"
"Wyoming","0","3","West Virginia","5/23/20","2","1","54109","50"
"Adams","0","4","Wisconsin","5/23/20","4","0","55001","0"
"Ashland","0","2","Wisconsin","5/23/20","2","0","55003","0"
"Barron","0","12","Wisconsin","5/23/20","11","1","55005","9.09"
"Bayfield","0","3","Wisconsin","5/23/20","3","0","55007","0"
"Brown","24","2238","Wisconsin","5/23/20","2070","168","55009","8.12"
"Buffalo","0","5","Wisconsin","5/23/20","5","0","55011","0"
"Burnett","0","1","Wisconsin","5/23/20","1","0","55013","0"
"Calumet","2","69","Wisconsin","5/23/20","56","13","55015","23.21"
"Chippewa","1","48","Wisconsin","5/23/20","39","9","55017","23.08"
"Clark","0","28","Wisconsin","5/23/20","26","2","55019","7.69"
"Columbia","0","37","Wisconsin","5/23/20","36","1","55021","2.78"
"Crawford","0","25","Wisconsin","5/23/20","22","3","55023","13.64"
"Dane","11","594","Wisconsin","5/23/20","519","75","55025","14.45"
"Dodge","8","149","Wisconsin","5/23/20","93","56","55027","60.22"
"Door","1","37","Wisconsin","5/23/20","33","4","55029","12.12"
"Douglas","1","17","Wisconsin","5/23/20","12","5","55031","41.67"
"Dunn","0","21","Wisconsin","5/23/20","21","0","55033","0"
"Eau Claire","4","93","Wisconsin","5/23/20","65","28","55035","43.08"
"Florence","0","2","Wisconsin","5/23/20","2","0","55037","0"
"Fond du Lac","5","158","Wisconsin","5/23/20","124","34","55039","27.42"
"Forest","1","11","Wisconsin","5/23/20","7","4","55041","57.14"
"Grant","1","81","Wisconsin","5/23/20","72","9","55043","12.5"
"Green","2","52","Wisconsin","5/23/20","41","11","55045","26.83"
"Green Lake","1","14","Wisconsin","5/23/20","10","4","55047","40"
"Iowa","0","11","Wisconsin","5/23/20","11","0","55049","0"
"Iron","0","2","Wisconsin","5/23/20","2","0","55051","0"
"Jackson","0","15","Wisconsin","5/23/20","15","0","55053","0"
"Jefferson","3","78","Wisconsin","5/23/20","58","20","55055","34.48"
"Juneau","0","22","Wisconsin","5/23/20","21","1","55057","4.76"
"Kenosha","23","983","Wisconsin","5/23/20","820","163","55059","19.88"
"Kewaunee","0","33","Wisconsin","5/23/20","30","3","55061","10"
"La Crosse","1","48","Wisconsin","5/23/20","44","4","55063","9.09"
"Lafayette","0","18","Wisconsin","5/23/20","16","2","55065","12.5"
"Langlade","0","1","Wisconsin","5/23/20","0","1","55067","1"
"Lincoln","0","3","Wisconsin","5/23/20","3","0","55069","0"
"Manitowoc","1","28","Wisconsin","5/23/20","21","7","55071","33.33"
"Marathon","1","38","Wisconsin","5/23/20","32","6","55073","18.75"
"Marinette","1","31","Wisconsin","5/23/20","23","8","55075","34.78"
"Marquette","0","3","Wisconsin","5/23/20","3","0","55077","0"
"Menominee","0","2","Wisconsin","5/23/20","2","0","55078","0"
"Milwaukee","175","5987","Wisconsin","5/23/20","4759","1228","55079","25.8"
"Monroe","0","16","Wisconsin","5/23/20","15","1","55081","6.67"
"Oconto","1","34","Wisconsin","5/23/20","30","4","55083","13.33"
"Oneida","0","7","Wisconsin","5/23/20","7","0","55085","0"
"Outagamie","7","181","Wisconsin","5/23/20","135","46","55087","34.07"
"Ozaukee","2","134","Wisconsin","5/23/20","120","14","55089","11.67"
"Pepin","0","1","Wisconsin","5/23/20","1","0","55091","0"
"Pierce","3","36","Wisconsin","5/23/20","17","19","55093","111.76"
"Polk","1","15","Wisconsin","5/23/20","6","9","55095","150"
"Portage","0","9","Wisconsin","5/23/20","7","2","55097","28.57"
"Price","0","2","Wisconsin","5/23/20","1","1","55099","100"
"Racine","44","1311","Wisconsin","5/23/20","1004","307","55101","30.58"
"Richland","0","14","Wisconsin","5/23/20","14","0","55103","0"
"Rock","15","529","Wisconsin","5/23/20","422","107","55105","25.36"
"Rusk","0","4","Wisconsin","5/23/20","4","0","55107","0"
"Sauk","0","77","Wisconsin","5/23/20","77","0","55111","0"
"Sawyer","0","7","Wisconsin","5/23/20","4","3","55113","75"
"Shawano","1","37","Wisconsin","5/23/20","31","6","55115","19.35"
"Sheboygan","2","82","Wisconsin","5/23/20","68","14","55117","20.59"
"St. Croix","4","65","Wisconsin","5/23/20","39","26","55109","66.67"
"Taylor","0","1","Wisconsin","5/23/20","0","1","55119","1"
"Trempealeau","1","14","Wisconsin","5/23/20","7","7","55121","100"
"Vernon","1","14","Wisconsin","5/23/20","10","4","55123","40"
"Vilas","0","6","Wisconsin","5/23/20","4","2","55125","50"
"Walworth","9","339","Wisconsin","5/23/20","277","62","55127","22.38"
"Washburn","0","2","Wisconsin","5/23/20","1","1","55129","100"
"Washington","6","181","Wisconsin","5/23/20","140","41","55131","29.29"
"Waukesha","12","553","Wisconsin","5/23/20","467","86","55133","18.42"
"Waupaca","0","20","Wisconsin","5/23/20","17","3","55135","17.65"
"Waushara","0","7","Wisconsin","5/23/20","5","2","55137","40"
"Winnebago","7","166","Wisconsin","5/23/20","117","49","55139","41.88"
"Wood","0","9","Wisconsin","5/23/20","6","3","55141","50"
"Albany","1","14","Wyoming","5/23/20","9","5","56001","55.56"
"Big Horn","0","3","Wyoming","5/23/20","3","0","56003","0"
"Campbell","0","30","Wyoming","5/23/20","29","1","56005","3.45"
"Carbon","0","16","Wyoming","5/23/20","14","2","56007","14.29"
"Converse","0","24","Wyoming","5/23/20","23","1","56009","4.35"
"Crook","0","5","Wyoming","5/23/20","5","0","56011","0"
"Fremont","3","244","Wyoming","5/23/20","220","24","56013","10.91"
"Goshen","0","5","Wyoming","5/23/20","5","0","56015","0"
"Hot Springs","0","9","Wyoming","5/23/20","6","3","56017","50"
"Johnson","0","16","Wyoming","5/23/20","15","1","56019","6.67"
"Laramie","0","182","Wyoming","5/23/20","181","1","56021","0.55"
"Lincoln","0","15","Wyoming","5/23/20","14","1","56023","7.14"
"Natrona","2","68","Wyoming","5/23/20","53","15","56025","28.3"
"Niobrara","0","2","Wyoming","5/23/20","2","0","56027","0"
"Park","0","2","Wyoming","5/23/20","1","1","56029","100"
"Platte","0","1","Wyoming","5/23/20","0","1","56031","1"
"Sheridan","0","16","Wyoming","5/23/20","16","0","56033","0"
"Sublette","0","3","Wyoming","5/23/20","3","0","56035","0"
"Sweetwater","0","25","Wyoming","5/23/20","23","2","56037","8.7"
"Teton","0","100","Wyoming","5/23/20","100","0","56039","0"
"Uinta","0","12","Wyoming","5/23/20","10","2","56041","20"
"Washakie","2","21","Wyoming","5/23/20","9","12","56043","133.33"
