"Locality","DailyAvgNewCasesPast7Days","TotalCases","State","Date","TotalCases7DaysAgo","NewCasesPast7Days","FIPS-Code","PercentIncreaseTotalCasesPast7Days"
"Autauga","8","192","Alabama","5/27/20","136","56","01001","41.18"
"Baldwin","2","282","Alabama","5/27/20","270","12","01003","4.44"
"Barbour","5","130","Alabama","5/27/20","96","34","01005","35.42"
"Bibb","3","71","Alabama","5/27/20","52","19","01007","36.54"
"Blount","1","53","Alabama","5/27/20","47","6","01009","12.77"
"Bullock","16","176","Alabama","5/27/20","64","112","01011","175"
"Butler","11","391","Alabama","5/27/20","312","79","01013","25.32"
"Calhoun","2","152","Alabama","5/27/20","136","16","01015","11.76"
"Chambers","1","340","Alabama","5/27/20","331","9","01017","2.72"
"Cherokee","0","33","Alabama","5/27/20","30","3","01019","10"
"Chilton","1","93","Alabama","5/27/20","83","10","01021","12.05"
"Choctaw","3","148","Alabama","5/27/20","129","19","01023","14.73"
"Clarke","6","128","Alabama","5/27/20","89","39","01025","43.82"
"Clay","0","27","Alabama","5/27/20","27","0","01027","0"
"Cleburne","0","13","Alabama","5/27/20","13","0","01029","0"
"Coffee","5","219","Alabama","5/27/20","184","35","01031","19.02"
"Colbert","7","161","Alabama","5/27/20","110","51","01033","46.36"
"Conecuh","2","35","Alabama","5/27/20","22","13","01035","59.09"
"Coosa","0","34","Alabama","5/27/20","33","1","01037","3.03"
"Covington","2","75","Alabama","5/27/20","59","16","01039","27.12"
"Crenshaw","2","66","Alabama","5/27/20","52","14","01041","26.92"
"Cullman","2","88","Alabama","5/27/20","71","17","01043","23.94"
"Dale","4","96","Alabama","5/27/20","71","25","01045","35.21"
"Dallas","9","232","Alabama","5/27/20","172","60","01047","34.88"
"DeKalb","5","240","Alabama","5/27/20","206","34","01049","16.5"
"Elmore","11","300","Alabama","5/27/20","226","74","01051","32.74"
"Escambia","1","48","Alabama","5/27/20","39","9","01053","23.08"
"Etowah","2","240","Alabama","5/27/20","223","17","01055","7.62"
"Fayette","1","13","Alabama","5/27/20","9","4","01057","44.44"
"Franklin","14","498","Alabama","5/27/20","399","99","01059","24.81"
"Geneva","2","40","Alabama","5/27/20","26","14","01061","53.85"
"Greene","1","91","Alabama","5/27/20","86","5","01063","5.81"
"Hale","5","141","Alabama","5/27/20","106","35","01065","33.02"
"Henry","3","70","Alabama","5/27/20","48","22","01067","45.83"
"Houston","5","185","Alabama","5/27/20","149","36","01069","24.16"
"Jackson","1","74","Alabama","5/27/20","66","8","01071","12.12"
"Jefferson","34","1673","Alabama","5/27/20","1433","240","01073","16.75"
"Lamar","1","21","Alabama","5/27/20","15","6","01075","40"
"Lauderdale","4","145","Alabama","5/27/20","117","28","01077","23.93"
"Lawrence","2","46","Alabama","5/27/20","35","11","01079","31.43"
"Lee","9","526","Alabama","5/27/20","461","65","01081","14.1"
"Limestone","2","86","Alabama","5/27/20","69","17","01083","24.64"
"Lowndes","9","216","Alabama","5/27/20","155","61","01085","39.35"
"Macon","1","67","Alabama","5/27/20","58","9","01087","15.52"
"Madison","4","315","Alabama","5/27/20","285","30","01089","10.53"
"Marengo","5","150","Alabama","5/27/20","118","32","01091","27.12"
"Marion","1","117","Alabama","5/27/20","108","9","01093","8.33"
"Marshall","3","660","Alabama","5/27/20","641","19","01095","2.96"
"Mobile","38","2085","Alabama","5/27/20","1822","263","01097","14.43"
"Monroe","2","34","Alabama","5/27/20","22","12","01099","54.55"
"Montgomery","65","1446","Alabama","5/27/20","994","452","01101","45.47"
"Morgan","11","211","Alabama","5/27/20","132","79","01103","59.85"
"Perry","2","36","Alabama","5/27/20","23","13","01105","56.52"
"Pickens","1","96","Alabama","5/27/20","86","10","01107","11.63"
"Pike","7","173","Alabama","5/27/20","121","52","01109","42.98"
"Randolph","1","124","Alabama","5/27/20","120","4","01111","3.33"
"Russell","5","148","Alabama","5/27/20","116","32","01113","27.59"
"Shelby","8","470","Alabama","5/27/20","414","56","01117","13.53"
"St. Clair","2","108","Alabama","5/27/20","95","13","01115","13.68"
"Sumter","7","210","Alabama","5/27/20","164","46","01119","28.05"
"Talladega","2","96","Alabama","5/27/20","82","14","01121","17.07"
"Tallapoosa","4","410","Alabama","5/27/20","379","31","01123","8.18"
"Tuscaloosa","29","632","Alabama","5/27/20","431","201","01125","46.64"
"Walker","17","282","Alabama","5/27/20","164","118","01127","71.95"
"Washington","0","65","Alabama","5/27/20","62","3","01129","4.84"
"Wilcox","3","132","Alabama","5/27/20","108","24","01131","22.22"
"Winston","4","77","Alabama","5/27/20","50","27","01133","54"
"Anchorage","0","207","Alaska","5/27/20","206","1","02020","0.49"
"Bethel","0","3","Alaska","5/27/20","2","1","02050","50"
"Fairbanks North Star","0","85","Alaska","5/27/20","85","0","02090","0"
"Juneau","0","31","Alaska","5/27/20","30","1","02110","3.33"
"Kenai Peninsula","0","27","Alaska","5/27/20","26","1","02122","3.85"
"Ketchikan Gateway","0","16","Alaska","5/27/20","16","0","02130","0"
"Kodiak Island","0","1","Alaska","5/27/20","1","0","02150","0"
"Matanuska-Susitna","0","24","Alaska","5/27/20","22","2","02170","9.09"
"Nome","0","3","Alaska","5/27/20","1","2","02180","200"
"Northwest Arctic","0","2","Alaska","5/27/20","1","1","02188","100"
"Petersburg","0","4","Alaska","5/27/20","4","0","02195","0"
"Prince of Wales-Hyder","0","2","Alaska","5/27/20","2","0","02198","0"
"Sitka","0","2","Alaska","5/27/20","1","1","02220","100"
"Southeast Fairbanks","0","3","Alaska","5/27/20","3","0","02240","0"
"Yukon-Koyukuk","0","1","Alaska","5/27/20","1","0","02290","0"
"Apache","24","1250","Arizona","5/27/20","1080","170","04001","15.74"
"Cochise","2","63","Arizona","5/27/20","46","17","04003","36.96"
"Coconino","15","1066","Arizona","5/27/20","961","105","04005","10.93"
"Gila","0","25","Arizona","5/27/20","22","3","04007","13.64"
"Graham","1","25","Arizona","5/27/20","21","4","04009","19.05"
"Greenlee","0","3","Arizona","5/27/20","3","0","04011","0"
"La Paz","2","54","Arizona","5/27/20","40","14","04012","35"
"Maricopa","140","8627","Arizona","5/27/20","7644","983","04013","12.86"
"Mohave","10","339","Arizona","5/27/20","267","72","04015","26.97"
"Navajo","42","1652","Arizona","5/27/20","1361","291","04017","21.38"
"Pima","31","2119","Arizona","5/27/20","1903","216","04019","11.35"
"Pinal","8","777","Arizona","5/27/20","724","53","04021","7.32"
"Santa Cruz","12","188","Arizona","5/27/20","102","86","04023","84.31"
"Yavapai","3","292","Arizona","5/27/20","273","19","04025","6.96"
"Yuma","54","838","Arizona","5/27/20","459","379","04027","82.57"
"Arkansas","0","3","Arkansas","5/27/20","2","1","05001","50"
"Ashley","0","19","Arkansas","5/27/20","19","0","05003","0"
"Baxter","0","8","Arkansas","5/27/20","6","2","05005","33.33"
"Benton","25","339","Arkansas","5/27/20","163","176","05007","107.98"
"Boone","0","6","Arkansas","5/27/20","5","1","05009","20"
"Bradley","1","18","Arkansas","5/27/20","14","4","05011","28.57"
"Carroll","2","21","Arkansas","5/27/20","6","15","05015","250"
"Chicot","0","14","Arkansas","5/27/20","11","3","05017","27.27"
"Clark","0","37","Arkansas","5/27/20","35","2","05019","5.71"
"Clay","0","4","Arkansas","5/27/20","4","0","05021","0"
"Cleburne","0","73","Arkansas","5/27/20","73","0","05023","0"
"Cleveland","0","18","Arkansas","5/27/20","17","1","05025","5.88"
"Columbia","0","20","Arkansas","5/27/20","20","0","05027","0"
"Conway","0","14","Arkansas","5/27/20","14","0","05029","0"
"Craighead","5","191","Arkansas","5/27/20","153","38","05031","24.84"
"Crawford","1","17","Arkansas","5/27/20","12","5","05033","41.67"
"Crittenden","7","301","Arkansas","5/27/20","250","51","05035","20.4"
"Cross","1","46","Arkansas","5/27/20","40","6","05037","15"
"Dallas","0","1","Arkansas","5/27/20","1","0","05039","0"
"Desha","0","19","Arkansas","5/27/20","18","1","05041","5.56"
"Drew","0","19","Arkansas","5/27/20","19","0","05043","0"
"Faulkner","1","100","Arkansas","5/27/20","95","5","05045","5.26"
"Franklin","0","4","Arkansas","5/27/20","2","2","05047","100"
"Fulton","0","6","Arkansas","5/27/20","4","2","05049","50"
"Garland","1","135","Arkansas","5/27/20","130","5","05051","3.85"
"Grant","0","17","Arkansas","5/27/20","16","1","05053","6.25"
"Greene","4","54","Arkansas","5/27/20","29","25","05055","86.21"
"Hempstead","1","14","Arkansas","5/27/20","10","4","05057","40"
"Hot Spring","0","30","Arkansas","5/27/20","29","1","05059","3.45"
"Howard","0","17","Arkansas","5/27/20","14","3","05061","21.43"
"Independence","0","29","Arkansas","5/27/20","27","2","05063","7.41"
"Izard","0","15","Arkansas","5/27/20","14","1","05065","7.14"
"Jackson","0","1","Arkansas","5/27/20","1","0","05067","0"
"Jefferson","2","510","Arkansas","5/27/20","499","11","05069","2.2"
"Johnson","0","38","Arkansas","5/27/20","35","3","05071","8.57"
"Lafayette","0","9","Arkansas","5/27/20","9","0","05073","0"
"Lawrence","1","82","Arkansas","5/27/20","77","5","05075","6.49"
"Lee","1","17","Arkansas","5/27/20","12","5","05077","41.67"
"Lincoln","1","975","Arkansas","5/27/20","966","9","05079","0.93"
"Little River","1","5","Arkansas","5/27/20","1","4","05081","400"
"Logan","0","4","Arkansas","5/27/20","4","0","05083","0"
"Lonoke","0","45","Arkansas","5/27/20","46","-1","05085","-2.17"
"Madison","1","6","Arkansas","5/27/20","2","4","05087","200"
"Marion","0","1","Arkansas","5/27/20","1","0","05089","0"
"Miller","0","42","Arkansas","5/27/20","42","0","05091","0"
"Mississippi","1","72","Arkansas","5/27/20","66","6","05093","9.09"
"Monroe","0","5","Arkansas","5/27/20","5","0","05095","0"
"Montgomery","0","1","Arkansas","5/27/20","1","0","05097","0"
"Nevada","0","5","Arkansas","5/27/20","4","1","05099","25"
"Newton","0","3","Arkansas","5/27/20","3","0","05101","0"
"Ouachita","0","10","Arkansas","5/27/20","10","0","05103","0"
"Perry","0","14","Arkansas","5/27/20","12","2","05105","16.67"
"Phillips","1","12","Arkansas","5/27/20","5","7","05107","140"
"Pike","0","5","Arkansas","5/27/20","3","2","05109","66.67"
"Poinsett","0","31","Arkansas","5/27/20","28","3","05111","10.71"
"Polk","0","11","Arkansas","5/27/20","9","2","05113","22.22"
"Pope","7","125","Arkansas","5/27/20","79","46","05115","58.23"
"Prairie","0","2","Arkansas","5/27/20","2","0","05117","0"
"Pulaski","12","808","Arkansas","5/27/20","724","84","05119","11.6"
"Randolph","0","26","Arkansas","5/27/20","24","2","05121","8.33"
"Saline","2","99","Arkansas","5/27/20","82","17","05125","20.73"
"Scott","0","1","Arkansas","5/27/20","1","0","05127","0"
"Searcy","0","7","Arkansas","5/27/20","6","1","05129","16.67"
"Sebastian","1","23","Arkansas","5/27/20","18","5","05131","27.78"
"Sevier","10","120","Arkansas","5/27/20","49","71","05133","144.9"
"Sharp","0","42","Arkansas","5/27/20","40","2","05135","5"
"St. Francis","41","655","Arkansas","5/27/20","365","290","05123","79.45"
"Stone","0","8","Arkansas","5/27/20","8","0","05137","0"
"Union","6","162","Arkansas","5/27/20","121","41","05139","33.88"
"Van Buren","0","28","Arkansas","5/27/20","28","0","05141","0"
"Washington","25","326","Arkansas","5/27/20","154","172","05143","111.69"
"White","1","42","Arkansas","5/27/20","37","5","05145","13.51"
"Woodruff","0","1","Arkansas","5/27/20","1","0","05147","0"
"Yell","10","108","Arkansas","5/27/20","38","70","05149","184.21"
"Alameda","70","3049","California","5/27/20","2560","489","06001","19.1"
"Alpine","0","2","California","5/27/20","2","0","06003","0"
"Amador","0","10","California","5/27/20","10","0","06005","0"
"Butte","1","40","California","5/27/20","30","10","06007","33.33"
"Calaveras","0","15","California","5/27/20","13","2","06009","15.38"
"Colusa","0","5","California","5/27/20","4","1","06011","25"
"Contra Costa","24","1375","California","5/27/20","1209","166","06013","13.73"
"Del Norte","4","40","California","5/27/20","15","25","06015","166.67"
"El Dorado","2","80","California","5/27/20","67","13","06017","19.4"
"Fresno","28","1535","California","5/27/20","1338","197","06019","14.72"
"Glenn","0","13","California","5/27/20","12","1","06021","8.33"
"Humboldt","1","98","California","5/27/20","88","10","06023","11.36"
"Imperial","52","1352","California","5/27/20","985","367","06025","37.26"
"Inyo","0","19","California","5/27/20","19","0","06027","0"
"Kern","48","1941","California","5/27/20","1605","336","06029","20.93"
"Kings","40","698","California","5/27/20","416","282","06031","67.79"
"Lake","1","19","California","5/27/20","12","7","06033","58.33"
"Lassen","1","4","California","5/27/20","0","4","06035","1"
"Los Angeles","1124","48761","California","5/27/20","40895","7866","06037","19.23"
"Madera","1","90","California","5/27/20","82","8","06039","9.76"
"Marin","11","420","California","5/27/20","343","77","06041","22.45"
"Mariposa","0","16","California","5/27/20","15","1","06043","6.67"
"Mendocino","1","23","California","5/27/20","15","8","06045","53.33"
"Merced","7","273","California","5/27/20","226","47","06047","20.8"
"Mono","0","35","California","5/27/20","34","1","06051","2.94"
"Monterey","11","429","California","5/27/20","349","80","06053","22.92"
"Napa","2","109","California","5/27/20","94","15","06055","15.96"
"Nevada","0","41","California","5/27/20","41","0","06057","0"
"Orange","129","5646","California","5/27/20","4742","904","06059","19.06"
"Placer","3","194","California","5/27/20","176","18","06061","10.23"
"Plumas","0","4","California","5/27/20","4","0","06063","0"
"Riverside","136","7139","California","5/27/20","6184","955","06065","15.44"
"Sacramento","9","1319","California","5/27/20","1255","64","06067","5.1"
"San Benito","2","76","California","5/27/20","64","12","06069","18.75"
"San Bernardino","110","4567","California","5/27/20","3795","772","06071","20.34"
"San Diego","106","6882","California","5/27/20","6140","742","06073","12.08"
"San Francisco","32","2408","California","5/27/20","2185","223","06075","10.21"
"San Joaquin","8","771","California","5/27/20","716","55","06077","7.68"
"San Luis Obispo","2","263","California","5/27/20","249","14","06079","5.62"
"San Mateo","38","1963","California","5/27/20","1697","266","06081","15.67"
"Santa Barbara","12","1604","California","5/27/20","1520","84","06083","5.53"
"Santa Clara","28","2688","California","5/27/20","2492","196","06085","7.87"
"Santa Cruz","5","205","California","5/27/20","168","37","06087","22.02"
"Shasta","0","37","California","5/27/20","34","3","06089","8.82"
"Sierra","0","1","California","5/27/20","0","1","06091","1"
"Siskiyou","0","6","California","5/27/20","6","0","06093","0"
"Solano","9","499","California","5/27/20","435","64","06095","14.71"
"Sonoma","16","524","California","5/27/20","411","113","06097","27.49"
"Stanislaus","10","670","California","5/27/20","598","72","06099","12.04"
"Sutter","0","42","California","5/27/20","40","2","06101","5"
"Tehama","0","4","California","5/27/20","2","2","06103","100"
"Trinity","0","1","California","5/27/20","1","0","06105","0"
"Tulare","35","1796","California","5/27/20","1552","244","06107","15.72"
"Tuolumne","0","4","California","5/27/20","2","2","06109","100"
"Ventura","26","1017","California","5/27/20","837","180","06111","21.51"
"Yolo","2","200","California","5/27/20","185","15","06113","8.11"
"Yuba","0","28","California","5/27/20","28","0","06115","0"
"Adams","38","3006","Colorado","5/27/20","2737","269","08001","9.83"
"Alamosa","2","57","Colorado","5/27/20","43","14","08003","32.56"
"Arapahoe","40","4166","Colorado","5/27/20","3889","277","08005","7.12"
"Archuleta","0","8","Colorado","5/27/20","8","0","08007","0"
"Baca","0","12","Colorado","5/27/20","12","0","08009","0"
"Bent","0","2","Colorado","5/27/20","1","1","08011","100"
"Boulder","10","947","Colorado","5/27/20","878","69","08013","7.86"
"Broomfield","2","226","Colorado","5/27/20","215","11","08014","5.12"
"Chaffee","0","71","Colorado","5/27/20","69","2","08015","2.9"
"Cheyenne","0","5","Colorado","5/27/20","5","0","08017","0"
"Clear Creek","0","16","Colorado","5/27/20","16","0","08019","0"
"Conejos","0","1","Colorado","5/27/20","1","0","08021","0"
"Costilla","0","5","Colorado","5/27/20","3","2","08023","66.67"
"Crowley","3","63","Colorado","5/27/20","42","21","08025","50"
"Custer","0","2","Colorado","5/27/20","2","0","08027","0"
"Delta","2","67","Colorado","5/27/20","55","12","08029","21.82"
"Denver","65","5316","Colorado","5/27/20","4858","458","08031","9.43"
"Douglas","5","695","Colorado","5/27/20","659","36","08035","5.46"
"Eagle","1","580","Colorado","5/27/20","572","8","08037","1.4"
"El Paso","31","1600","Colorado","5/27/20","1386","214","08041","15.44"
"Elbert","0","51","Colorado","5/27/20","48","3","08039","6.25"
"Fremont","0","26","Colorado","5/27/20","25","1","08043","4"
"Garfield","3","135","Colorado","5/27/20","114","21","08045","18.42"
"Gilpin","0","3","Colorado","5/27/20","3","0","08047","0"
"Grand","0","8","Colorado","5/27/20","5","3","08049","60"
"Gunnison","0","177","Colorado","5/27/20","176","1","08051","0.57"
"Hinsdale","0","3","Colorado","5/27/20","3","0","08053","0"
"Huerfano","0","3","Colorado","5/27/20","3","0","08055","0"
"Jefferson","24","2098","Colorado","5/27/20","1932","166","08059","8.59"
"Kit Carson","0","26","Colorado","5/27/20","26","0","08063","0"
"La Plata","1","77","Colorado","5/27/20","72","5","08067","6.94"
"Lake","0","27","Colorado","5/27/20","27","0","08065","0"
"Larimer","6","552","Colorado","5/27/20","512","40","08069","7.81"
"Las Animas","0","5","Colorado","5/27/20","4","1","08071","25"
"Lincoln","0","3","Colorado","5/27/20","3","0","08073","0"
"Logan","13","582","Colorado","5/27/20","489","93","08075","19.02"
"Mesa","0","51","Colorado","5/27/20","50","1","08077","2"
"Mineral","0","2","Colorado","5/27/20","2","0","08079","0"
"Moffat","0","7","Colorado","5/27/20","6","1","08081","16.67"
"Montezuma","1","36","Colorado","5/27/20","30","6","08083","20"
"Montrose","4","163","Colorado","5/27/20","136","27","08085","19.85"
"Morgan","5","616","Colorado","5/27/20","579","37","08087","6.39"
"Otero","0","15","Colorado","5/27/20","13","2","08089","15.38"
"Ouray","0","8","Colorado","5/27/20","7","1","08091","14.29"
"Park","0","23","Colorado","5/27/20","20","3","08093","15"
"Phillips","0","12","Colorado","5/27/20","10","2","08095","20"
"Pitkin","0","57","Colorado","5/27/20","57","0","08097","0"
"Prowers","0","13","Colorado","5/27/20","11","2","08099","18.18"
"Pueblo","8","278","Colorado","5/27/20","220","58","08101","26.36"
"Rio Blanco","0","1","Colorado","5/27/20","1","0","08103","0"
"Rio Grande","1","13","Colorado","5/27/20","8","5","08105","62.5"
"Routt","0","61","Colorado","5/27/20","59","2","08107","3.39"
"Saguache","1","25","Colorado","5/27/20","18","7","08109","38.89"
"San Juan","0","1","Colorado","5/27/20","2","-1","08111","-50"
"San Miguel","0","23","Colorado","5/27/20","22","1","08113","4.55"
"Summit","3","214","Colorado","5/27/20","194","20","08117","10.31"
"Teller","0","32","Colorado","5/27/20","32","0","08119","0"
"Washington","3","33","Colorado","5/27/20","11","22","08121","200"
"Weld","13","2430","Colorado","5/27/20","2338","92","08123","3.93"
"Yuma","1","19","Colorado","5/27/20","11","8","08125","72.73"
"Fairfield","85","15314","Connecticut","5/27/20","14719","595","09001","4.04"
"Hartford","104","9962","Connecticut","5/27/20","9234","728","09003","7.88"
"Litchfield","9","1360","Connecticut","5/27/20","1299","61","09005","4.7"
"Middlesex","14","1061","Connecticut","5/27/20","965","96","09007","9.95"
"New Haven","77","11124","Connecticut","5/27/20","10587","537","09009","5.07"
"New London","22","1053","Connecticut","5/27/20","896","157","09011","17.52"
"Tolland","4","815","Connecticut","5/27/20","786","29","09013","3.69"
"Windham","6","371","Connecticut","5/27/20","329","42","09015","12.77"
"Kent","17","1374","Delaware","5/27/20","1253","121","10001","9.66"
"New Castle","85","3528","Delaware","5/27/20","2933","595","10003","20.29"
"Sussex","26","4140","Delaware","5/27/20","3960","180","10005","4.55"
"","0","49","Diamond Princess","5/27/20","49","0",,"0"
"District of Columbia","122","8406","District of Columbia","5/27/20","7551","855","11001","11.32"
"Alachua","4","370","Florida","5/27/20","344","26","12001","7.56"
"Baker","0","29","Florida","5/27/20","26","3","12003","11.54"
"Bay","2","97","Florida","5/27/20","86","11","12005","12.79"
"Bradford","0","51","Florida","5/27/20","49","2","12007","4.08"
"Brevard","4","399","Florida","5/27/20","372","27","12009","7.26"
"Broward","60","6825","Florida","5/27/20","6407","418","12011","6.52"
"Calhoun","2","52","Florida","5/27/20","40","12","12013","30"
"Charlotte","5","433","Florida","5/27/20","398","35","12015","8.79"
"Citrus","1","119","Florida","5/27/20","115","4","12017","3.48"
"Clay","5","366","Florida","5/27/20","333","33","12019","9.91"
"Collier","39","1334","Florida","5/27/20","1058","276","12021","26.09"
"Columbia","3","135","Florida","5/27/20","115","20","12023","17.39"
"DeSoto","6","124","Florida","5/27/20","80","44","12027","55"
"Dixie","3","46","Florida","5/27/20","26","20","12029","76.92"
"Duval","24","1507","Florida","5/27/20","1336","171","12031","12.8"
"Escambia","8","776","Florida","5/27/20","723","53","12033","7.33"
"Flagler","1","178","Florida","5/27/20","169","9","12035","5.33"
"Franklin","0","2","Florida","5/27/20","2","0","12037","0"
"Gadsden","3","268","Florida","5/27/20","245","23","12039","9.39"
"Gilchrist","1","12","Florida","5/27/20","8","4","12041","50"
"Glades","1","24","Florida","5/27/20","16","8","12043","50"
"Gulf","0","1","Florida","5/27/20","1","0","12045","0"
"Hamilton","8","208","Florida","5/27/20","153","55","12047","35.95"
"Hardee","6","88","Florida","5/27/20","47","41","12049","87.23"
"Hendry","16","339","Florida","5/27/20","228","111","12051","48.68"
"Hernando","1","113","Florida","5/27/20","107","6","12053","5.61"
"Highlands","1","114","Florida","5/27/20","107","7","12055","6.54"
"Hillsborough","42","1995","Florida","5/27/20","1703","292","12057","17.15"
"Holmes","1","18","Florida","5/27/20","11","7","12059","63.64"
"Indian River","2","119","Florida","5/27/20","108","11","12061","10.19"
"Jackson","10","240","Florida","5/27/20","171","69","12063","40.35"
"Jefferson","0","29","Florida","5/27/20","28","1","12065","3.57"
"Lafayette","0","8","Florida","5/27/20","6","2","12067","33.33"
"Lake","3","279","Florida","5/27/20","260","19","12069","7.31"
"Lee","32","1767","Florida","5/27/20","1542","225","12071","14.59"
"Leon","10","377","Florida","5/27/20","306","71","12073","23.2"
"Levy","0","30","Florida","5/27/20","27","3","12075","11.11"
"Liberty","1","209","Florida","5/27/20","199","10","12077","5.03"
"Madison","0","69","Florida","5/27/20","66","3","12079","4.55"
"Manatee","15","996","Florida","5/27/20","893","103","12081","11.53"
"Marion","2","240","Florida","5/27/20","228","12","12083","5.26"
"Martin","19","550","Florida","5/27/20","419","131","12085","31.26"
"Miami-Dade","170","17225","Florida","5/27/20","16034","1191","12086","7.43"
"Monroe","1","107","Florida","5/27/20","100","7","12087","7"
"Nassau","0","72","Florida","5/27/20","69","3","12089","4.35"
"Okaloosa","2","198","Florida","5/27/20","184","14","12091","7.61"
"Okeechobee","3","67","Florida","5/27/20","49","18","12093","36.73"
"Orange","24","1877","Florida","5/27/20","1708","169","12095","9.89"
"Osceola","5","673","Florida","5/27/20","636","37","12097","5.82"
"Palm Beach","97","5455","Florida","5/27/20","4776","679","12099","14.22"
"Pasco","6","373","Florida","5/27/20","328","45","12101","13.72"
"Pinellas","19","1205","Florida","5/27/20","1075","130","12103","12.09"
"Polk","17","907","Florida","5/27/20","786","121","12105","15.39"
"Putnam","1","144","Florida","5/27/20","135","9","12107","6.67"
"Santa Rosa","6","237","Florida","5/27/20","197","40","12113","20.3"
"Sarasota","9","598","Florida","5/27/20","538","60","12115","11.15"
"Seminole","4","471","Florida","5/27/20","444","27","12117","6.08"
"St. Johns","2","245","Florida","5/27/20","233","12","12109","5.15"
"St. Lucie","12","420","Florida","5/27/20","336","84","12111","25"
"Sumter","0","253","Florida","5/27/20","253","0","12119","0"
"Suwannee","1","166","Florida","5/27/20","160","6","12121","3.75"
"Taylor","1","14","Florida","5/27/20","5","9","12123","180"
"Union","1","31","Florida","5/27/20","26","5","12125","19.23"
"Volusia","9","683","Florida","5/27/20","618","65","12127","10.52"
"Wakulla","0","32","Florida","5/27/20","32","0","12129","0"
"Walton","2","109","Florida","5/27/20","97","12","12131","12.37"
"Washington","5","51","Florida","5/27/20","14","37","12133","264.29"
"Appling","4","143","Georgia","5/27/20","115","28","13001","24.35"
"Atkinson","2","38","Georgia","5/27/20","24","14","13003","58.33"
"Bacon","2","83","Georgia","5/27/20","68","15","13005","22.06"
"Baker","0","34","Georgia","5/27/20","32","2","13007","6.25"
"Baldwin","6","337","Georgia","5/27/20","296","41","13009","13.85"
"Banks","6","88","Georgia","5/27/20","46","42","13011","91.3"
"Barrow","6","316","Georgia","5/27/20","272","44","13013","16.18"
"Bartow","6","458","Georgia","5/27/20","419","39","13015","9.31"
"Ben Hill","3","69","Georgia","5/27/20","48","21","13017","43.75"
"Berrien","2","39","Georgia","5/27/20","25","14","13019","56"
"Bibb","5","441","Georgia","5/27/20","408","33","13021","8.09"
"Bleckley","1","43","Georgia","5/27/20","33","10","13023","30.3"
"Brantley","1","50","Georgia","5/27/20","46","4","13025","8.7"
"Brooks","0","68","Georgia","5/27/20","66","2","13027","3.03"
"Bryan","1","73","Georgia","5/27/20","67","6","13029","8.96"
"Bulloch","1","54","Georgia","5/27/20","46","8","13031","17.39"
"Burke","0","123","Georgia","5/27/20","122","1","13033","0.82"
"Butts","2","219","Georgia","5/27/20","205","14","13035","6.83"
"Calhoun","1","130","Georgia","5/27/20","122","8","13037","6.56"
"Camden","1","56","Georgia","5/27/20","52","4","13039","7.69"
"Candler","0","13","Georgia","5/27/20","12","1","13043","8.33"
"Carroll","12","512","Georgia","5/27/20","425","87","13045","20.47"
"Catoosa","5","115","Georgia","5/27/20","77","38","13047","49.35"
"Charlton","1","33","Georgia","5/27/20","28","5","13049","17.86"
"Chatham","13","476","Georgia","5/27/20","388","88","13051","22.68"
"Chattahoochee","2","33","Georgia","5/27/20","19","14","13053","73.68"
"Chattooga","1","24","Georgia","5/27/20","19","5","13055","26.32"
"Cherokee","15","861","Georgia","5/27/20","758","103","13057","13.59"
"Clarke","8","259","Georgia","5/27/20","200","59","13059","29.5"
"Clay","1","37","Georgia","5/27/20","30","7","13061","23.33"
"Clayton","22","1189","Georgia","5/27/20","1034","155","13063","14.99"
"Clinch","2","57","Georgia","5/27/20","46","11","13065","23.91"
"Cobb","46","2907","Georgia","5/27/20","2584","323","13067","12.5"
"Coffee","7","262","Georgia","5/27/20","210","52","13069","24.76"
"Colquitt","25","434","Georgia","5/27/20","262","172","13071","65.65"
"Columbia","3","237","Georgia","5/27/20","214","23","13073","10.75"
"Cook","2","47","Georgia","5/27/20","35","12","13075","34.29"
"Coweta","16","397","Georgia","5/27/20","286","111","13077","38.81"
"Crawford","1","28","Georgia","5/27/20","24","4","13079","16.67"
"Crisp","3","226","Georgia","5/27/20","203","23","13081","11.33"
"Dade","1","27","Georgia","5/27/20","20","7","13083","35"
"Dawson","2","108","Georgia","5/27/20","95","13","13085","13.68"
"Decatur","3","161","Georgia","5/27/20","140","21","13087","15"
"DeKalb","85","3573","Georgia","5/27/20","2979","594","13089","19.94"
"Dodge","0","50","Georgia","5/27/20","47","3","13091","6.38"
"Dooly","2","176","Georgia","5/27/20","163","13","13093","7.98"
"Dougherty","16","1784","Georgia","5/27/20","1672","112","13095","6.7"
"Douglas","10","521","Georgia","5/27/20","452","69","13097","15.27"
"Early","0","239","Georgia","5/27/20","236","3","13099","1.27"
"Echols","7","99","Georgia","5/27/20","53","46","13101","86.79"
"Effingham","4","74","Georgia","5/27/20","48","26","13103","54.17"
"Elbert","1","73","Georgia","5/27/20","69","4","13105","5.8"
"Emanuel","0","27","Georgia","5/27/20","26","1","13107","3.85"
"Evans","0","5","Georgia","5/27/20","5","0","13109","0"
"Fannin","0","40","Georgia","5/27/20","39","1","13111","2.56"
"Fayette","3","235","Georgia","5/27/20","215","20","13113","9.3"
"Floyd","6","253","Georgia","5/27/20","208","45","13115","21.63"
"Forsyth","10","502","Georgia","5/27/20","434","68","13117","15.67"
"Franklin","1","41","Georgia","5/27/20","35","6","13119","17.14"
"Fulton","74","4309","Georgia","5/27/20","3793","516","13121","13.6"
"Gilmer","4","145","Georgia","5/27/20","117","28","13123","23.93"
"Glascock","0","1","Georgia","5/27/20","1","0","13125","0"
"Glynn","3","102","Georgia","5/27/20","81","21","13127","25.93"
"Gordon","1","142","Georgia","5/27/20","134","8","13129","5.97"
"Grady","0","96","Georgia","5/27/20","93","3","13131","3.23"
"Greene","1","66","Georgia","5/27/20","60","6","13133","10"
"Gwinnett","94","3480","Georgia","5/27/20","2820","660","13135","23.4"
"Habersham","6","511","Georgia","5/27/20","470","41","13137","8.72"
"Hall","27","2422","Georgia","5/27/20","2230","192","13139","8.61"
"Hancock","3","192","Georgia","5/27/20","169","23","13141","13.61"
"Haralson","1","40","Georgia","5/27/20","35","5","13143","14.29"
"Harris","2","88","Georgia","5/27/20","75","13","13145","17.33"
"Hart","0","26","Georgia","5/27/20","26","0","13147","0"
"Heard","1","30","Georgia","5/27/20","23","7","13149","30.43"
"Henry","8","672","Georgia","5/27/20","615","57","13151","9.27"
"Houston","5","362","Georgia","5/27/20","324","38","13153","11.73"
"Irwin","0","24","Georgia","5/27/20","22","2","13155","9.09"
"Jackson","5","171","Georgia","5/27/20","137","34","13157","24.82"
"Jasper","1","32","Georgia","5/27/20","26","6","13159","23.08"
"Jeff Davis","1","35","Georgia","5/27/20","26","9","13161","34.62"
"Jefferson","1","32","Georgia","5/27/20","26","6","13163","23.08"
"Jenkins","0","19","Georgia","5/27/20","16","3","13165","18.75"
"Johnson","1","82","Georgia","5/27/20","78","4","13167","5.13"
"Jones","0","34","Georgia","5/27/20","32","2","13169","6.25"
"Lamar","2","60","Georgia","5/27/20","44","16","13171","36.36"
"Lanier","1","20","Georgia","5/27/20","12","8","13173","66.67"
"Laurens","1","104","Georgia","5/27/20","94","10","13175","10.64"
"Lee","3","363","Georgia","5/27/20","345","18","13177","5.22"
"Liberty","3","70","Georgia","5/27/20","47","23","13179","48.94"
"Lincoln","0","16","Georgia","5/27/20","15","1","13181","6.67"
"Long","1","15","Georgia","5/27/20","6","9","13183","150"
"Lowndes","6","268","Georgia","5/27/20","226","42","13185","18.58"
"Lumpkin","1","95","Georgia","5/27/20","88","7","13187","7.95"
"Macon","1","99","Georgia","5/27/20","95","4","13193","4.21"
"Madison","2","44","Georgia","5/27/20","32","12","13195","37.5"
"Marion","1","52","Georgia","5/27/20","47","5","13197","10.64"
"McDuffie","1","65","Georgia","5/27/20","57","8","13189","14.04"
"McIntosh","0","12","Georgia","5/27/20","11","1","13191","9.09"
"Meriwether","1","81","Georgia","5/27/20","73","8","13199","10.96"
"Miller","1","40","Georgia","5/27/20","36","4","13201","11.11"
"Mitchell","2","412","Georgia","5/27/20","396","16","13205","4.04"
"Monroe","1","118","Georgia","5/27/20","108","10","13207","9.26"
"Montgomery","0","9","Georgia","5/27/20","8","1","13209","12.5"
"Morgan","0","37","Georgia","5/27/20","34","3","13211","8.82"
"Murray","2","83","Georgia","5/27/20","66","17","13213","25.76"
"Muscogee","19","587","Georgia","5/27/20","456","131","13215","28.73"
"Newton","9","341","Georgia","5/27/20","275","66","13217","24"
"Oconee","4","109","Georgia","5/27/20","82","27","13219","32.93"
"Oglethorpe","0","58","Georgia","5/27/20","56","2","13221","3.57"
"Out of GA","41","1925","Georgia","5/27/20","1639","286","80013","17.45"
"Paulding","6","305","Georgia","5/27/20","261","44","13223","16.86"
"Peach","0","70","Georgia","5/27/20","69","1","13225","1.45"
"Pickens","1","43","Georgia","5/27/20","39","4","13227","10.26"
"Pierce","1","92","Georgia","5/27/20","84","8","13229","9.52"
"Pike","1","54","Georgia","5/27/20","45","9","13231","20"
"Polk","3","107","Georgia","5/27/20","86","21","13233","24.42"
"Pulaski","1","39","Georgia","5/27/20","35","4","13235","11.43"
"Putnam","1","88","Georgia","5/27/20","83","5","13237","6.02"
"Quitman","1","12","Georgia","5/27/20","8","4","13239","50"
"Rabun","0","17","Georgia","5/27/20","15","2","13241","13.33"
"Randolph","1","176","Georgia","5/27/20","170","6","13243","3.53"
"Richmond","9","563","Georgia","5/27/20","501","62","13245","12.38"
"Rockdale","4","276","Georgia","5/27/20","251","25","13247","9.96"
"Schley","0","16","Georgia","5/27/20","16","0","13249","0"
"Screven","4","47","Georgia","5/27/20","20","27","13251","135"
"Seminole","0","43","Georgia","5/27/20","41","2","13253","4.88"
"Spalding","2","264","Georgia","5/27/20","251","13","13255","5.18"
"Stephens","2","132","Georgia","5/27/20","117","15","13257","12.82"
"Stewart","1","47","Georgia","5/27/20","40","7","13259","17.5"
"Sumter","5","460","Georgia","5/27/20","425","35","13261","8.24"
"Talbot","1","38","Georgia","5/27/20","31","7","13263","22.58"
"Taliaferro","0","1","Georgia","5/27/20","1","0","13265","0"
"Tattnall","1","19","Georgia","5/27/20","13","6","13267","46.15"
"Taylor","0","21","Georgia","5/27/20","22","-1","13269","-4.55"
"Telfair","1","34","Georgia","5/27/20","29","5","13271","17.24"
"Terrell","2","215","Georgia","5/27/20","203","12","13273","5.91"
"Thomas","3","324","Georgia","5/27/20","302","22","13275","7.28"
"Tift","6","238","Georgia","5/27/20","194","44","13277","22.68"
"Toombs","1","54","Georgia","5/27/20","47","7","13279","14.89"
"Towns","0","23","Georgia","5/27/20","21","2","13281","9.52"
"Treutlen","0","8","Georgia","5/27/20","8","0","13283","0"
"Troup","8","268","Georgia","5/27/20","215","53","13285","24.65"
"Turner","4","110","Georgia","5/27/20","85","25","13287","29.41"
"Twiggs","1","15","Georgia","5/27/20","10","5","13289","50"
"Union","1","44","Georgia","5/27/20","38","6","13291","15.79"
"Upson","2","280","Georgia","5/27/20","267","13","13293","4.87"
"Walker","4","109","Georgia","5/27/20","81","28","13295","34.57"
"Walton","10","242","Georgia","5/27/20","172","70","13297","40.7"
"Ware","5","223","Georgia","5/27/20","191","32","13299","16.75"
"Warren","0","18","Georgia","5/27/20","16","2","13301","12.5"
"Washington","0","74","Georgia","5/27/20","71","3","13303","4.23"
"Wayne","0","18","Georgia","5/27/20","15","3","13305","20"
"Webster","0","11","Georgia","5/27/20","11","0","13307","0"
"Wheeler","0","9","Georgia","5/27/20","10","-1","13309","-10"
"White","1","98","Georgia","5/27/20","91","7","13311","7.69"
"Whitfield","15","311","Georgia","5/27/20","206","105","13313","50.97"
"Wilcox","1","105","Georgia","5/27/20","98","7","13315","7.14"
"Wilkes","0","33","Georgia","5/27/20","30","3","13317","10"
"Wilkinson","3","70","Georgia","5/27/20","49","21","13319","42.86"
"Worth","0","209","Georgia","5/27/20","206","3","13321","1.46"
"","0","103","Grand Princess","5/27/20","103","0",,"0"
"","2","170","Guam","5/27/20","154","16",,"10.39"
"Hawaii","0","82","Hawaii","5/27/20","79","3","15001","3.8"
"Honolulu","0","414","Hawaii","5/27/20","416","-2","15003","-0.48"
"Kauai","0","20","Hawaii","5/27/20","21","-1","15007","-4.76"
"Maui","0","118","Hawaii","5/27/20","117","1","15009","0.85"
"Out of HI","0","10","Hawaii","5/27/20","10","0","80015","0"
"Ada","1","798","Idaho","5/27/20","792","6","16001","0.76"
"Adams","0","3","Idaho","5/27/20","3","0","16003","0"
"Bannock","1","20","Idaho","5/27/20","16","4","16005","25"
"Benewah","0","3","Idaho","5/27/20","0","3","16009","1"
"Bingham","0","6","Idaho","5/27/20","6","0","16011","0"
"Blaine","0","510","Idaho","5/27/20","509","1","16013","0.2"
"Bonner","0","4","Idaho","5/27/20","4","0","16017","0"
"Bonneville","0","33","Idaho","5/27/20","32","1","16019","3.12"
"Camas","0","1","Idaho","5/27/20","1","0","16025","0"
"Canyon","1","287","Idaho","5/27/20","280","7","16027","2.5"
"Caribou","0","1","Idaho","5/27/20","1","0","16029","0"
"Cassia","4","49","Idaho","5/27/20","20","29","16031","145"
"Custer","0","2","Idaho","5/27/20","2","0","16037","0"
"Elmore","0","31","Idaho","5/27/20","31","0","16039","0"
"Fremont","0","3","Idaho","5/27/20","3","0","16043","0"
"Gem","0","17","Idaho","5/27/20","16","1","16045","6.25"
"Gooding","2","40","Idaho","5/27/20","29","11","16047","37.93"
"Idaho","0","3","Idaho","5/27/20","3","0","16049","0"
"Jefferson","0","7","Idaho","5/27/20","7","0","16051","0"
"Jerome","6","154","Idaho","5/27/20","110","44","16053","40"
"Kootenai","0","66","Idaho","5/27/20","66","0","16055","0"
"Latah","0","7","Idaho","5/27/20","6","1","16057","16.67"
"Lemhi","0","1","Idaho","5/27/20","1","0","16059","0"
"Lincoln","0","32","Idaho","5/27/20","29","3","16063","10.34"
"Madison","0","21","Idaho","5/27/20","20","1","16065","5"
"Minidoka","3","40","Idaho","5/27/20","20","20","16067","100"
"Nez Perce","0","82","Idaho","5/27/20","81","1","16069","1.23"
"Owyhee","0","8","Idaho","5/27/20","8","0","16073","0"
"Payette","0","23","Idaho","5/27/20","22","1","16075","4.55"
"Power","0","3","Idaho","5/27/20","3","0","16077","0"
"Teton","0","11","Idaho","5/27/20","11","0","16081","0"
"Twin Falls","8","396","Idaho","5/27/20","340","56","16083","16.47"
"Valley","0","2","Idaho","5/27/20","2","0","16085","0"
"Washington","0","34","Idaho","5/27/20","32","2","16087","6.25"
"Adams","0","44","Illinois","5/27/20","43","1","17001","2.33"
"Alexander","0","8","Illinois","5/27/20","8","0","17003","0"
"Bond","0","10","Illinois","5/27/20","12","-2","17005","-16.67"
"Boone","12","410","Illinois","5/27/20","324","86","17007","26.54"
"Brown","0","10","Illinois","5/27/20","10","0","17009","0"
"Bureau","0","15","Illinois","5/27/20","15","0","17011","0"
"Calhoun","0","1","Illinois","5/27/20","1","0","17013","0"
"Carroll","0","14","Illinois","5/27/20","13","1","17015","7.69"
"Cass","0","68","Illinois","5/27/20","67","1","17017","1.49"
"Champaign","15","580","Illinois","5/27/20","472","108","17019","22.88"
"Christian","0","33","Illinois","5/27/20","32","1","17021","3.12"
"Clark","0","10","Illinois","5/27/20","9","1","17023","11.11"
"Clay","0","2","Illinois","5/27/20","2","0","17025","0"
"Clinton","2","178","Illinois","5/27/20","167","11","17027","6.59"
"Coles","4","119","Illinois","5/27/20","88","31","17029","35.23"
"Cook","1187","74521","Illinois","5/27/20","66213","8308","17031","12.55"
"Crawford","0","11","Illinois","5/27/20","11","0","17033","0"
"Cumberland","0","10","Illinois","5/27/20","10","0","17035","0"
"De Witt","0","4","Illinois","5/27/20","4","0","17039","0"
"DeKalb","8","334","Illinois","5/27/20","276","58","17037","21.01"
"Douglas","0","26","Illinois","5/27/20","26","0","17041","0"
"DuPage","149","7350","Illinois","5/27/20","6308","1042","17043","16.52"
"Edwards","0","2","Illinois","5/27/20","2","0","17047","0"
"Effingham","0","6","Illinois","5/27/20","6","0","17049","0"
"Fayette","0","20","Illinois","5/27/20","19","1","17051","5.26"
"Ford","0","20","Illinois","5/27/20","18","2","17053","11.11"
"Franklin","0","12","Illinois","5/27/20","11","1","17055","9.09"
"Fulton","0","11","Illinois","5/27/20","10","1","17057","10"
"Gallatin","0","2","Illinois","5/27/20","2","0","17059","0"
"Greene","0","5","Illinois","5/27/20","5","0","17061","0"
"Grundy","1","88","Illinois","5/27/20","83","5","17063","6.02"
"Hamilton","0","2","Illinois","5/27/20","2","0","17065","0"
"Hancock","0","15","Illinois","5/27/20","12","3","17067","25"
"Hardin","0","1","Illinois","5/27/20","1","0","17069","0"
"Henderson","0","8","Illinois","5/27/20","8","0","17071","0"
"Henry","0","67","Illinois","5/27/20","64","3","17073","4.69"
"Iroquois","2","131","Illinois","5/27/20","119","12","17075","10.08"
"Jackson","8","242","Illinois","5/27/20","187","55","17077","29.41"
"Jasper","0","45","Illinois","5/27/20","45","0","17079","0"
"Jefferson","0","101","Illinois","5/27/20","100","1","17081","1"
"Jersey","0","20","Illinois","5/27/20","20","0","17083","0"
"Jo Daviess","1","31","Illinois","5/27/20","22","9","17085","40.91"
"Johnson","0","7","Illinois","5/27/20","7","0","17087","0"
"Kane","162","5947","Illinois","5/27/20","4813","1134","17089","23.56"
"Kankakee","15","808","Illinois","5/27/20","703","105","17091","14.94"
"Kendall","18","736","Illinois","5/27/20","610","126","17093","20.66"
"Knox","1","94","Illinois","5/27/20","90","4","17095","4.44"
"Lake","134","7845","Illinois","5/27/20","6905","940","17097","13.61"
"LaSalle","1","140","Illinois","5/27/20","130","10","17099","7.69"
"Lawrence","0","4","Illinois","5/27/20","4","0","17101","0"
"Lee","0","76","Illinois","5/27/20","75","1","17103","1.33"
"Livingston","0","31","Illinois","5/27/20","28","3","17105","10.71"
"Logan","0","10","Illinois","5/27/20","10","0","17107","0"
"Macon","2","189","Illinois","5/27/20","176","13","17115","7.39"
"Macoupin","0","43","Illinois","5/27/20","41","2","17117","4.88"
"Madison","6","544","Illinois","5/27/20","502","42","17119","8.37"
"Marion","0","50","Illinois","5/27/20","49","1","17121","2.04"
"Marshall","0","5","Illinois","5/27/20","5","0","17123","0"
"Mason","0","17","Illinois","5/27/20","16","1","17125","6.25"
"Massac","0","7","Illinois","5/27/20","6","1","17127","16.67"
"McDonough","1","83","Illinois","5/27/20","73","10","17109","13.7"
"McHenry","31","1475","Illinois","5/27/20","1255","220","17111","17.53"
"McLean","3","215","Illinois","5/27/20","191","24","17113","12.57"
"Menard","0","17","Illinois","5/27/20","17","0","17129","0"
"Mercer","0","16","Illinois","5/27/20","13","3","17131","23.08"
"Monroe","0","93","Illinois","5/27/20","90","3","17133","3.33"
"Montgomery","0","39","Illinois","5/27/20","39","0","17135","0"
"Morgan","0","34","Illinois","5/27/20","34","0","17137","0"
"Moultrie","0","10","Illinois","5/27/20","8","2","17139","25"
"Ogle","3","193","Illinois","5/27/20","174","19","17141","10.92"
"Out of IL","17","205","Illinois","5/27/20","89","116","80017","130.34"
"Peoria","3","188","Illinois","5/27/20","167","21","17143","12.57"
"Perry","0","41","Illinois","5/27/20","40","1","17145","2.5"
"Piatt","1","12","Illinois","5/27/20","8","4","17147","50"
"Pike","0","1","Illinois","5/27/20","1","0","17149","0"
"Pope","0","1","Illinois","5/27/20","1","0","17151","0"
"Pulaski","0","41","Illinois","5/27/20","40","1","17153","2.5"
"Putnam","0","1","Illinois","5/27/20","1","0","17155","0"
"Randolph","3","264","Illinois","5/27/20","246","18","17157","7.32"
"Richland","0","3","Illinois","5/27/20","3","0","17159","0"
"Rock Island","5","638","Illinois","5/27/20","600","38","17161","6.33"
"Saline","0","7","Illinois","5/27/20","6","1","17165","16.67"
"Sangamon","3","337","Illinois","5/27/20","319","18","17167","5.64"
"Schuyler","1","12","Illinois","5/27/20","8","4","17169","50"
"Shelby","0","16","Illinois","5/27/20","15","1","17173","6.67"
"St. Clair","25","1035","Illinois","5/27/20","858","177","17163","20.63"
"Stark","0","3","Illinois","5/27/20","2","1","17175","50"
"Stephenson","5","194","Illinois","5/27/20","161","33","17177","20.5"
"Tazewell","1","69","Illinois","5/27/20","65","4","17179","6.15"
"Union","3","143","Illinois","5/27/20","124","19","17181","15.32"
"Vermilion","1","37","Illinois","5/27/20","31","6","17183","19.35"
"Wabash","0","2","Illinois","5/27/20","1","1","17185","100"
"Warren","0","113","Illinois","5/27/20","110","3","17187","2.73"
"Washington","0","18","Illinois","5/27/20","18","0","17189","0"
"Wayne","0","9","Illinois","5/27/20","9","0","17191","0"
"White","0","2","Illinois","5/27/20","2","0","17193","0"
"Whiteside","1","134","Illinois","5/27/20","128","6","17195","4.69"
"Will","84","5279","Illinois","5/27/20","4694","585","17197","12.46"
"Williamson","0","57","Illinois","5/27/20","55","2","17199","3.64"
"Winnebago","55","2001","Illinois","5/27/20","1615","386","17201","23.9"
"Woodford","0","18","Illinois","5/27/20","17","1","17203","5.88"
"Adams","0","12","Indiana","5/27/20","11","1","18001","9.09"
"Allen","35","1353","Indiana","5/27/20","1106","247","18003","22.33"
"Bartholomew","5","486","Indiana","5/27/20","448","38","18005","8.48"
"Benton","0","25","Indiana","5/27/20","24","1","18007","4.17"
"Blackford","1","20","Indiana","5/27/20","16","4","18009","25"
"Boone","4","293","Indiana","5/27/20","263","30","18011","11.41"
"Brown","0","33","Indiana","5/27/20","31","2","18013","6.45"
"Carroll","2","93","Indiana","5/27/20","81","12","18015","14.81"
"Cass","3","1586","Indiana","5/27/20","1564","22","18017","1.41"
"Clark","5","471","Indiana","5/27/20","438","33","18019","7.53"
"Clay","1","41","Indiana","5/27/20","33","8","18021","24.24"
"Clinton","8","222","Indiana","5/27/20","163","59","18023","36.2"
"Crawford","0","23","Indiana","5/27/20","22","1","18025","4.55"
"Daviess","2","84","Indiana","5/27/20","71","13","18027","18.31"
"Dearborn","1","164","Indiana","5/27/20","158","6","18029","3.8"
"Decatur","1","224","Indiana","5/27/20","220","4","18031","1.82"
"DeKalb","1","33","Indiana","5/27/20","26","7","18033","26.92"
"Delaware","9","359","Indiana","5/27/20","297","62","18035","20.88"
"Dubois","3","185","Indiana","5/27/20","162","23","18037","14.2"
"Elkhart","42","1070","Indiana","5/27/20","777","293","18039","37.71"
"Fayette","4","71","Indiana","5/27/20","43","28","18041","65.12"
"Floyd","1","315","Indiana","5/27/20","306","9","18043","2.94"
"Fountain","0","18","Indiana","5/27/20","18","0","18045","0"
"Franklin","0","106","Indiana","5/27/20","106","0","18047","0"
"Fulton","0","47","Indiana","5/27/20","47","0","18049","0"
"Gibson","0","14","Indiana","5/27/20","11","3","18051","27.27"
"Grant","4","195","Indiana","5/27/20","168","27","18053","16.07"
"Greene","1","168","Indiana","5/27/20","162","6","18055","3.7"
"Hamilton","10","1123","Indiana","5/27/20","1054","69","18057","6.55"
"Hancock","3","323","Indiana","5/27/20","303","20","18059","6.6"
"Harrison","2","188","Indiana","5/27/20","175","13","18061","7.43"
"Hendricks","11","1135","Indiana","5/27/20","1060","75","18063","7.08"
"Henry","4","170","Indiana","5/27/20","139","31","18065","22.3"
"Howard","6","376","Indiana","5/27/20","331","45","18067","13.6"
"Huntington","1","26","Indiana","5/27/20","20","6","18069","30"
"Jackson","4","368","Indiana","5/27/20","338","30","18071","8.88"
"Jasper","2","62","Indiana","5/27/20","48","14","18073","29.17"
"Jay","2","46","Indiana","5/27/20","32","14","18075","43.75"
"Jefferson","0","42","Indiana","5/27/20","41","1","18077","2.44"
"Jennings","1","128","Indiana","5/27/20","121","7","18079","5.79"
"Johnson","9","1092","Indiana","5/27/20","1029","63","18081","6.12"
"Knox","0","25","Indiana","5/27/20","23","2","18083","8.7"
"Kosciusko","5","97","Indiana","5/27/20","60","37","18085","61.67"
"LaGrange","1","62","Indiana","5/27/20","56","6","18087","10.71"
"Lake","46","3347","Indiana","5/27/20","3024","323","18089","10.68"
"LaPorte","7","415","Indiana","5/27/20","365","50","18091","13.7"
"Lawrence","1","146","Indiana","5/27/20","140","6","18093","4.29"
"Madison","2","582","Indiana","5/27/20","568","14","18095","2.46"
"Marion","102","9371","Indiana","5/27/20","8656","715","18097","8.26"
"Marshall","4","80","Indiana","5/27/20","50","30","18099","60"
"Martin","0","9","Indiana","5/27/20","8","1","18101","12.5"
"Miami","1","139","Indiana","5/27/20","132","7","18103","5.3"
"Monroe","1","162","Indiana","5/27/20","154","8","18105","5.19"
"Montgomery","6","233","Indiana","5/27/20","191","42","18107","21.99"
"Morgan","3","270","Indiana","5/27/20","250","20","18109","8"
"Newton","0","74","Indiana","5/27/20","71","3","18111","4.23"
"Noble","5","192","Indiana","5/27/20","155","37","18113","23.87"
"Ohio","0","13","Indiana","5/27/20","13","0","18115","0"
"Orange","0","124","Indiana","5/27/20","122","2","18117","1.64"
"Owen","1","34","Indiana","5/27/20","28","6","18119","21.43"
"Parke","0","18","Indiana","5/27/20","17","1","18121","5.88"
"Perry","1","26","Indiana","5/27/20","20","6","18123","30"
"Pike","0","6","Indiana","5/27/20","5","1","18125","20"
"Porter","11","495","Indiana","5/27/20","421","74","18127","17.58"
"Posey","0","16","Indiana","5/27/20","16","0","18129","0"
"Pulaski","0","40","Indiana","5/27/20","38","2","18131","5.26"
"Putnam","1","134","Indiana","5/27/20","126","8","18133","6.35"
"Randolph","2","45","Indiana","5/27/20","30","15","18135","50"
"Ripley","1","113","Indiana","5/27/20","107","6","18137","5.61"
"Rush","0","45","Indiana","5/27/20","42","3","18139","7.14"
"Scott","2","118","Indiana","5/27/20","101","17","18143","16.83"
"Shelby","3","321","Indiana","5/27/20","302","19","18145","6.29"
"Spencer","1","17","Indiana","5/27/20","13","4","18147","30.77"
"St. Joseph","23","1218","Indiana","5/27/20","1054","164","18141","15.56"
"Starke","0","31","Indiana","5/27/20","28","3","18149","10.71"
"Steuben","1","80","Indiana","5/27/20","71","9","18151","12.68"
"Sullivan","1","33","Indiana","5/27/20","29","4","18153","13.79"
"Switzerland","0","19","Indiana","5/27/20","18","1","18155","5.56"
"Tippecanoe","7","380","Indiana","5/27/20","331","49","18157","14.8"
"Tipton","0","24","Indiana","5/27/20","21","3","18159","14.29"
"Union","0","8","Indiana","5/27/20","8","0","18161","0"
"Vanderburgh","4","253","Indiana","5/27/20","225","28","18163","12.44"
"Vermillion","0","10","Indiana","5/27/20","8","2","18165","25"
"Vigo","3","150","Indiana","5/27/20","126","24","18167","19.05"
"Wabash","0","73","Indiana","5/27/20","71","2","18169","2.82"
"Warren","0","12","Indiana","5/27/20","12","0","18171","0"
"Warrick","2","165","Indiana","5/27/20","154","11","18173","7.14"
"Washington","0","52","Indiana","5/27/20","52","0","18175","0"
"Wayne","2","75","Indiana","5/27/20","63","12","18177","19.05"
"Wells","1","26","Indiana","5/27/20","20","6","18179","30"
"White","6","228","Indiana","5/27/20","188","40","18181","21.28"
"Whitley","2","41","Indiana","5/27/20","28","13","18183","46.43"
"Adair","0","7","Iowa","5/27/20","6","1","19001","16.67"
"Adams","1","7","Iowa","5/27/20","2","5","19003","250"
"Allamakee","0","119","Iowa","5/27/20","116","3","19005","2.59"
"Appanoose","1","13","Iowa","5/27/20","8","5","19007","62.5"
"Audubon","0","12","Iowa","5/27/20","11","1","19009","9.09"
"Benton","0","39","Iowa","5/27/20","36","3","19011","8.33"
"Black Hawk","11","1713","Iowa","5/27/20","1636","77","19013","4.71"
"Boone","1","56","Iowa","5/27/20","49","7","19015","14.29"
"Bremer","0","67","Iowa","5/27/20","65","2","19017","3.08"
"Buchanan","0","31","Iowa","5/27/20","29","2","19019","6.9"
"Buena Vista","80","682","Iowa","5/27/20","124","558","19021","450"
"Butler","0","15","Iowa","5/27/20","14","1","19023","7.14"
"Calhoun","0","2","Iowa","5/27/20","2","0","19025","0"
"Carroll","0","9","Iowa","5/27/20","7","2","19027","28.57"
"Cass","1","11","Iowa","5/27/20","3","8","19029","266.67"
"Cedar","1","46","Iowa","5/27/20","41","5","19031","12.2"
"Cerro Gordo","0","22","Iowa","5/27/20","20","2","19033","10"
"Cherokee","2","23","Iowa","5/27/20","10","13","19035","130"
"Chickasaw","0","8","Iowa","5/27/20","8","0","19037","0"
"Clarke","2","40","Iowa","5/27/20","23","17","19039","73.91"
"Clay","1","13","Iowa","5/27/20","9","4","19041","44.44"
"Clayton","0","31","Iowa","5/27/20","30","1","19043","3.33"
"Clinton","0","60","Iowa","5/27/20","61","-1","19045","-1.64"
"Crawford","11","488","Iowa","5/27/20","410","78","19047","19.02"
"Dallas","10","873","Iowa","5/27/20","802","71","19049","8.85"
"Davis","1","20","Iowa","5/27/20","13","7","19051","53.85"
"Decatur","0","1","Iowa","5/27/20","0","1","19053","1"
"Delaware","0","15","Iowa","5/27/20","13","2","19055","15.38"
"Des Moines","2","58","Iowa","5/27/20","43","15","19057","34.88"
"Dickinson","1","13","Iowa","5/27/20","8","5","19059","62.5"
"Dubuque","5","330","Iowa","5/27/20","296","34","19061","11.49"
"Emmet","0","8","Iowa","5/27/20","6","2","19063","33.33"
"Fayette","0","26","Iowa","5/27/20","25","1","19065","4"
"Floyd","1","18","Iowa","5/27/20","11","7","19067","63.64"
"Franklin","0","9","Iowa","5/27/20","7","2","19069","28.57"
"Fremont","0","4","Iowa","5/27/20","4","0","19071","0"
"Greene","0","13","Iowa","5/27/20","13","0","19073","0"
"Grundy","0","19","Iowa","5/27/20","17","2","19075","11.76"
"Guthrie","1","44","Iowa","5/27/20","40","4","19077","10"
"Hamilton","2","28","Iowa","5/27/20","12","16","19079","133.33"
"Hancock","1","14","Iowa","5/27/20","7","7","19081","100"
"Hardin","0","15","Iowa","5/27/20","13","2","19083","15.38"
"Harrison","0","19","Iowa","5/27/20","18","1","19085","5.56"
"Henry","3","67","Iowa","5/27/20","49","18","19087","36.73"
"Howard","0","12","Iowa","5/27/20","12","0","19089","0"
"Humboldt","1","14","Iowa","5/27/20","7","7","19091","100"
"Ida","1","14","Iowa","5/27/20","8","6","19093","75"
"Iowa","1","36","Iowa","5/27/20","31","5","19095","16.13"
"Jackson","1","13","Iowa","5/27/20","8","5","19097","62.5"
"Jasper","1","257","Iowa","5/27/20","250","7","19099","2.8"
"Jefferson","1","19","Iowa","5/27/20","13","6","19101","46.15"
"Johnson","4","605","Iowa","5/27/20","579","26","19103","4.49"
"Jones","0","36","Iowa","5/27/20","36","0","19105","0"
"Keokuk","0","14","Iowa","5/27/20","13","1","19107","7.69"
"Kossuth","0","8","Iowa","5/27/20","7","1","19109","14.29"
"Lee","0","23","Iowa","5/27/20","20","3","19111","15"
"Linn","5","938","Iowa","5/27/20","902","36","19113","3.99"
"Louisa","2","336","Iowa","5/27/20","322","14","19115","4.35"
"Lucas","1","7","Iowa","5/27/20","3","4","19117","133.33"
"Lyon","0","19","Iowa","5/27/20","19","0","19119","0"
"Madison","1","26","Iowa","5/27/20","20","6","19121","30"
"Mahaska","6","88","Iowa","5/27/20","45","43","19123","95.56"
"Marion","1","30","Iowa","5/27/20","24","6","19125","25"
"Marshall","7","878","Iowa","5/27/20","827","51","19127","6.17"
"Mills","0","16","Iowa","5/27/20","13","3","19129","23.08"
"Mitchell","0","5","Iowa","5/27/20","4","1","19131","25"
"Monona","1","24","Iowa","5/27/20","18","6","19133","33.33"
"Monroe","2","35","Iowa","5/27/20","22","13","19135","59.09"
"Montgomery","0","6","Iowa","5/27/20","5","1","19137","20"
"Muscatine","2","547","Iowa","5/27/20","535","12","19139","2.24"
"O'Brien","1","27","Iowa","5/27/20","21","6","19141","28.57"
"Osceola","0","31","Iowa","5/27/20","29","2","19143","6.9"
"Page","0","10","Iowa","5/27/20","10","0","19145","0"
"Palo Alto","0","3","Iowa","5/27/20","2","1","19147","50"
"Plymouth","4","119","Iowa","5/27/20","89","30","19149","33.71"
"Pocahontas","1","9","Iowa","5/27/20","3","6","19151","200"
"Polk","92","3876","Iowa","5/27/20","3230","646","19153","20"
"Pottawattamie","7","227","Iowa","5/27/20","175","52","19155","29.71"
"Poweshiek","0","88","Iowa","5/27/20","88","0","19157","0"
"Ringgold","0","4","Iowa","5/27/20","1","3","19159","300"
"Sac","1","17","Iowa","5/27/20","7","10","19161","142.86"
"Scott","5","346","Iowa","5/27/20","313","33","19163","10.54"
"Shelby","2","35","Iowa","5/27/20","24","11","19165","45.83"
"Sioux","7","210","Iowa","5/27/20","159","51","19167","32.08"
"Story","2","96","Iowa","5/27/20","82","14","19169","17.07"
"Tama","5","400","Iowa","5/27/20","368","32","19171","8.7"
"Taylor","6","48","Iowa","5/27/20","4","44","19173","1100"
"Union","0","6","Iowa","5/27/20","4","2","19175","50"
"Van Buren","0","9","Iowa","5/27/20","8","1","19177","12.5"
"Wapello","17","538","Iowa","5/27/20","417","121","19179","29.02"
"Warren","4","114","Iowa","5/27/20","87","27","19181","31.03"
"Washington","2","185","Iowa","5/27/20","173","12","19183","6.94"
"Wayne","0","1","Iowa","5/27/20","1","0","19185","0"
"Webster","1","29","Iowa","5/27/20","19","10","19187","52.63"
"Winnebago","0","11","Iowa","5/27/20","8","3","19189","37.5"
"Winneshiek","0","23","Iowa","5/27/20","20","3","19191","15"
"Woodbury","42","2658","Iowa","5/27/20","2362","296","19193","12.53"
"Worth","0","3","Iowa","5/27/20","3","0","19195","0"
"Wright","11","124","Iowa","5/27/20","45","79","19197","175.56"
"Allen","0","1","Kansas","5/27/20","0","1","20001","1"
"Anderson","0","1","Kansas","5/27/20","1","0","20003","0"
"Atchison","1","21","Kansas","5/27/20","17","4","20005","23.53"
"Barber","0","1","Kansas","5/27/20","1","0","20007","0"
"Barton","2","45","Kansas","5/27/20","31","14","20009","45.16"
"Bourbon","0","7","Kansas","5/27/20","6","1","20011","16.67"
"Brown","0","6","Kansas","5/27/20","5","1","20013","20"
"Butler","2","29","Kansas","5/27/20","18","11","20015","61.11"
"Chase","0","4","Kansas","5/27/20","3","1","20017","33.33"
"Chautauqua","0","4","Kansas","5/27/20","4","0","20019","0"
"Cherokee","0","9","Kansas","5/27/20","8","1","20021","12.5"
"Cheyenne","0","2","Kansas","5/27/20","2","0","20023","0"
"Clark","1","31","Kansas","5/27/20","21","10","20025","47.62"
"Clay","0","5","Kansas","5/27/20","5","0","20027","0"
"Cloud","0","5","Kansas","5/27/20","4","1","20029","25"
"Coffey","0","50","Kansas","5/27/20","50","0","20031","0"
"Comanche","0","1","Kansas","5/27/20","0","1","20033","1"
"Cowley","0","4","Kansas","5/27/20","4","0","20035","0"
"Crawford","0","8","Kansas","5/27/20","8","0","20037","0"
"Dickinson","0","3","Kansas","5/27/20","2","1","20041","50"
"Doniphan","0","12","Kansas","5/27/20","9","3","20043","33.33"
"Douglas","0","63","Kansas","5/27/20","62","1","20045","1.61"
"Edwards","0","5","Kansas","5/27/20","5","0","20047","0"
"Ellis","0","8","Kansas","5/27/20","8","0","20051","0"
"Ellsworth","0","2","Kansas","5/27/20","2","0","20053","0"
"Finney","14","1458","Kansas","5/27/20","1363","95","20055","6.97"
"Ford","26","1622","Kansas","5/27/20","1437","185","20057","12.87"
"Franklin","0","34","Kansas","5/27/20","32","2","20059","6.25"
"Geary","1","19","Kansas","5/27/20","15","4","20061","26.67"
"Gove","0","1","Kansas","5/27/20","1","0","20063","0"
"Grant","0","18","Kansas","5/27/20","18","0","20067","0"
"Gray","1","22","Kansas","5/27/20","16","6","20069","37.5"
"Greenwood","0","3","Kansas","5/27/20","3","0","20073","0"
"Hamilton","1","16","Kansas","5/27/20","10","6","20075","60"
"Harper","0","2","Kansas","5/27/20","1","1","20077","100"
"Harvey","0","11","Kansas","5/27/20","11","0","20079","0"
"Haskell","0","18","Kansas","5/27/20","15","3","20081","20"
"Hodgeman","0","1","Kansas","5/27/20","0","1","20083","1"
"Jackson","9","93","Kansas","5/27/20","33","60","20085","181.82"
"Jefferson","0","22","Kansas","5/27/20","21","1","20087","4.76"
"Jewell","0","4","Kansas","5/27/20","4","0","20089","0"
"Johnson","13","760","Kansas","5/27/20","669","91","20091","13.6"
"Kearny","1","44","Kansas","5/27/20","40","4","20093","10"
"Kiowa","0","2","Kansas","5/27/20","2","0","20097","0"
"Labette","0","22","Kansas","5/27/20","22","0","20099","0"
"Lane","0","3","Kansas","5/27/20","1","2","20101","200"
"Leavenworth","2","1074","Kansas","5/27/20","1058","16","20103","1.51"
"Linn","0","7","Kansas","5/27/20","7","0","20107","0"
"Lyon","3","339","Kansas","5/27/20","317","22","20111","6.94"
"Marion","0","5","Kansas","5/27/20","5","0","20115","0"
"McPherson","0","27","Kansas","5/27/20","27","0","20113","0"
"Meade","1","26","Kansas","5/27/20","22","4","20119","18.18"
"Miami","0","7","Kansas","5/27/20","6","1","20121","16.67"
"Mitchell","0","3","Kansas","5/27/20","3","0","20123","0"
"Montgomery","0","20","Kansas","5/27/20","20","0","20125","0"
"Morris","0","5","Kansas","5/27/20","3","2","20127","66.67"
"Morton","0","4","Kansas","5/27/20","4","0","20129","0"
"Nemaha","1","14","Kansas","5/27/20","8","6","20131","75"
"Neosho","0","2","Kansas","5/27/20","2","0","20133","0"
"Ness","0","1","Kansas","5/27/20","1","0","20135","0"
"Norton","0","2","Kansas","5/27/20","2","0","20137","0"
"Osage","0","7","Kansas","5/27/20","7","0","20139","0"
"Osborne","0","2","Kansas","5/27/20","2","0","20141","0"
"Ottawa","0","4","Kansas","5/27/20","4","0","20143","0"
"Phillips","0","2","Kansas","5/27/20","2","0","20147","0"
"Pottawatomie","0","23","Kansas","5/27/20","21","2","20149","9.52"
"Pratt","0","1","Kansas","5/27/20","1","0","20151","0"
"Reno","0","43","Kansas","5/27/20","41","2","20155","4.88"
"Republic","0","4","Kansas","5/27/20","4","0","20157","0"
"Rice","0","4","Kansas","5/27/20","4","0","20159","0"
"Riley","1","64","Kansas","5/27/20","60","4","20161","6.67"
"Rooks","0","6","Kansas","5/27/20","6","0","20163","0"
"Saline","0","24","Kansas","5/27/20","24","0","20169","0"
"Scott","0","13","Kansas","5/27/20","13","0","20171","0"
"Sedgwick","4","564","Kansas","5/27/20","539","25","20173","4.64"
"Seward","6","849","Kansas","5/27/20","810","39","20175","4.81"
"Shawnee","8","270","Kansas","5/27/20","217","53","20177","24.42"
"Sheridan","0","2","Kansas","5/27/20","2","0","20179","0"
"Sherman","0","6","Kansas","5/27/20","6","0","20181","0"
"Smith","0","2","Kansas","5/27/20","2","0","20183","0"
"Stafford","0","1","Kansas","5/27/20","1","0","20185","0"
"Stanton","0","9","Kansas","5/27/20","9","0","20187","0"
"Stevens","0","27","Kansas","5/27/20","26","1","20189","3.85"
"Sumner","0","6","Kansas","5/27/20","6","0","20191","0"
"Trego","0","1","Kansas","5/27/20","0","1","20195","1"
"Wabaunsee","0","31","Kansas","5/27/20","29","2","20197","6.9"
"Wilson","0","1","Kansas","5/27/20","1","0","20205","0"
"Woodson","0","6","Kansas","5/27/20","6","0","20207","0"
"Wyandotte","13","1281","Kansas","5/27/20","1189","92","20209","7.74"
"Adair","0","96","Kentucky","5/27/20","94","2","21001","2.13"
"Allen","2","56","Kentucky","5/27/20","43","13","21003","30.23"
"Anderson","0","15","Kentucky","5/27/20","15","0","21005","0"
"Ballard","0","10","Kentucky","5/27/20","9","1","21007","11.11"
"Barren","1","44","Kentucky","5/27/20","38","6","21009","15.79"
"Bath","0","8","Kentucky","5/27/20","7","1","21011","14.29"
"Bell","0","1","Kentucky","5/27/20","1","0","21013","0"
"Boone","6","403","Kentucky","5/27/20","359","44","21015","12.26"
"Bourbon","0","10","Kentucky","5/27/20","8","2","21017","25"
"Boyd","0","39","Kentucky","5/27/20","39","0","21019","0"
"Boyle","0","23","Kentucky","5/27/20","20","3","21021","15"
"Bracken","0","11","Kentucky","5/27/20","10","1","21023","10"
"Breathitt","0","3","Kentucky","5/27/20","2","1","21025","50"
"Breckinridge","0","17","Kentucky","5/27/20","17","0","21027","0"
"Bullitt","1","109","Kentucky","5/27/20","101","8","21029","7.92"
"Butler","1","226","Kentucky","5/27/20","217","9","21031","4.15"
"Caldwell","0","12","Kentucky","5/27/20","12","0","21033","0"
"Calloway","0","48","Kentucky","5/27/20","48","0","21035","0"
"Campbell","2","150","Kentucky","5/27/20","137","13","21037","9.49"
"Carlisle","0","5","Kentucky","5/27/20","3","2","21039","66.67"
"Carroll","0","7","Kentucky","5/27/20","4","3","21041","75"
"Carter","0","9","Kentucky","5/27/20","9","0","21043","0"
"Casey","0","2","Kentucky","5/27/20","2","0","21045","0"
"Christian","1","106","Kentucky","5/27/20","98","8","21047","8.16"
"Clark","0","38","Kentucky","5/27/20","35","3","21049","8.57"
"Clay","1","7","Kentucky","5/27/20","3","4","21051","133.33"
"Clinton","0","3","Kentucky","5/27/20","3","0","21053","0"
"Crittenden","0","5","Kentucky","5/27/20","4","1","21055","25"
"Cumberland","0","5","Kentucky","5/27/20","5","0","21057","0"
"Daviess","2","312","Kentucky","5/27/20","296","16","21059","5.41"
"Edmonson","1","56","Kentucky","5/27/20","51","5","21061","9.8"
"Elliott","0","1","Kentucky","5/27/20","1","0","21063","0"
"Fayette","8","650","Kentucky","5/27/20","591","59","21067","9.98"
"Fleming","0","3","Kentucky","5/27/20","2","1","21069","50"
"Floyd","0","16","Kentucky","5/27/20","16","0","21071","0"
"Franklin","0","25","Kentucky","5/27/20","22","3","21073","13.64"
"Fulton","0","4","Kentucky","5/27/20","2","2","21075","100"
"Gallatin","1","12","Kentucky","5/27/20","3","9","21077","300"
"Garrard","0","5","Kentucky","5/27/20","3","2","21079","66.67"
"Grant","0","39","Kentucky","5/27/20","36","3","21081","8.33"
"Graves","1","159","Kentucky","5/27/20","152","7","21083","4.61"
"Grayson","2","124","Kentucky","5/27/20","110","14","21085","12.73"
"Green","0","1","Kentucky","5/27/20","1","0","21087","0"
"Greenup","0","14","Kentucky","5/27/20","13","1","21089","7.69"
"Hancock","0","7","Kentucky","5/27/20","6","1","21091","16.67"
"Hardin","1","98","Kentucky","5/27/20","88","10","21093","11.36"
"Harlan","0","1","Kentucky","5/27/20","1","0","21095","0"
"Harrison","0","18","Kentucky","5/27/20","18","0","21097","0"
"Hart","0","21","Kentucky","5/27/20","18","3","21099","16.67"
"Henderson","2","103","Kentucky","5/27/20","91","12","21101","13.19"
"Henry","1","19","Kentucky","5/27/20","13","6","21103","46.15"
"Hickman","0","5","Kentucky","5/27/20","5","0","21105","0"
"Hopkins","1","219","Kentucky","5/27/20","215","4","21107","1.86"
"Jackson","0","61","Kentucky","5/27/20","59","2","21109","3.39"
"Jefferson","41","2253","Kentucky","5/27/20","1968","285","21111","14.48"
"Jessamine","1","56","Kentucky","5/27/20","51","5","21113","9.8"
"Johnson","0","5","Kentucky","5/27/20","5","0","21115","0"
"Kenton","8","541","Kentucky","5/27/20","486","55","21117","11.32"
"Knott","0","4","Kentucky","5/27/20","4","0","21119","0"
"Knox","0","8","Kentucky","5/27/20","8","0","21121","0"
"Larue","0","7","Kentucky","5/27/20","6","1","21123","16.67"
"Laurel","0","21","Kentucky","5/27/20","21","0","21125","0"
"Lawrence","0","2","Kentucky","5/27/20","1","1","21127","100"
"Leslie","0","6","Kentucky","5/27/20","6","0","21131","0"
"Letcher","0","4","Kentucky","5/27/20","4","0","21133","0"
"Lewis","0","7","Kentucky","5/27/20","7","0","21135","0"
"Lincoln","0","8","Kentucky","5/27/20","7","1","21137","14.29"
"Livingston","0","9","Kentucky","5/27/20","7","2","21139","28.57"
"Logan","3","125","Kentucky","5/27/20","101","24","21141","23.76"
"Lyon","0","14","Kentucky","5/27/20","14","0","21143","0"
"Madison","0","47","Kentucky","5/27/20","45","2","21151","4.44"
"Magoffin","0","2","Kentucky","5/27/20","1","1","21153","100"
"Marion","0","19","Kentucky","5/27/20","17","2","21155","11.76"
"Marshall","0","37","Kentucky","5/27/20","36","1","21157","2.78"
"Martin","0","3","Kentucky","5/27/20","3","0","21159","0"
"Mason","0","8","Kentucky","5/27/20","8","0","21161","0"
"McCracken","1","89","Kentucky","5/27/20","85","4","21145","4.71"
"McCreary","0","13","Kentucky","5/27/20","13","0","21147","0"
"McLean","1","22","Kentucky","5/27/20","18","4","21149","22.22"
"Meade","0","21","Kentucky","5/27/20","20","1","21163","5"
"Menifee","1","10","Kentucky","5/27/20","6","4","21165","66.67"
"Mercer","0","13","Kentucky","5/27/20","12","1","21167","8.33"
"Metcalfe","0","4","Kentucky","5/27/20","3","1","21169","33.33"
"Monroe","1","16","Kentucky","5/27/20","6","10","21171","166.67"
"Montgomery","1","22","Kentucky","5/27/20","17","5","21173","29.41"
"Morgan","0","1","Kentucky","5/27/20","1","0","21175","0"
"Muhlenberg","1","475","Kentucky","5/27/20","468","7","21177","1.5"
"Nelson","1","38","Kentucky","5/27/20","34","4","21179","11.76"
"Nicholas","0","3","Kentucky","5/27/20","1","2","21181","200"
"Ohio","3","138","Kentucky","5/27/20","117","21","21183","17.95"
"Oldham","2","70","Kentucky","5/27/20","59","11","21185","18.64"
"Owen","0","1","Kentucky","5/27/20","1","0","21187","0"
"Owsley","0","2","Kentucky","5/27/20","2","0","21189","0"
"Pendleton","0","8","Kentucky","5/27/20","6","2","21191","33.33"
"Perry","0","19","Kentucky","5/27/20","19","0","21193","0"
"Pike","0","28","Kentucky","5/27/20","28","0","21195","0"
"Powell","0","1","Kentucky","5/27/20","1","0","21197","0"
"Pulaski","1","56","Kentucky","5/27/20","50","6","21199","12"
"Rockcastle","0","13","Kentucky","5/27/20","13","0","21203","0"
"Rowan","0","7","Kentucky","5/27/20","7","0","21205","0"
"Russell","0","23","Kentucky","5/27/20","22","1","21207","4.55"
"Scott","0","35","Kentucky","5/27/20","34","1","21209","2.94"
"Shelby","8","138","Kentucky","5/27/20","82","56","21211","68.29"
"Simpson","1","49","Kentucky","5/27/20","43","6","21213","13.95"
"Spencer","0","17","Kentucky","5/27/20","16","1","21215","6.25"
"Taylor","0","11","Kentucky","5/27/20","9","2","21217","22.22"
"Todd","0","17","Kentucky","5/27/20","17","0","21219","0"
"Trigg","0","10","Kentucky","5/27/20","9","1","21221","11.11"
"Trimble","0","5","Kentucky","5/27/20","3","2","21223","66.67"
"Union","0","10","Kentucky","5/27/20","10","0","21225","0"
"Warren","12","950","Kentucky","5/27/20","863","87","21227","10.08"
"Washington","0","6","Kentucky","5/27/20","5","1","21229","20"
"Wayne","0","8","Kentucky","5/27/20","8","0","21231","0"
"Webster","0","32","Kentucky","5/27/20","32","0","21233","0"
"Whitley","0","13","Kentucky","5/27/20","13","0","21235","0"
"Wolfe","0","1","Kentucky","5/27/20","1","0","21237","0"
"Woodford","1","26","Kentucky","5/27/20","19","7","21239","36.84"
"Acadia","19","397","Louisiana","5/27/20","262","135","22001","51.53"
"Allen","4","184","Louisiana","5/27/20","157","27","22003","17.2"
"Ascension","5","805","Louisiana","5/27/20","768","37","22005","4.82"
"Assumption","2","245","Louisiana","5/27/20","233","12","22007","5.15"
"Avoyelles","3","117","Louisiana","5/27/20","96","21","22009","21.88"
"Beauregard","1","61","Louisiana","5/27/20","52","9","22011","17.31"
"Bienville","8","139","Louisiana","5/27/20","84","55","22013","65.48"
"Bossier","7","402","Louisiana","5/27/20","353","49","22015","13.88"
"Caddo","70","2427","Louisiana","5/27/20","1939","488","22017","25.17"
"Calcasieu","9","581","Louisiana","5/27/20","521","60","22019","11.52"
"Caldwell","0","52","Louisiana","5/27/20","50","2","22021","4"
"Cameron","0","3","Louisiana","5/27/20","3","0","22023","0"
"Catahoula","1","112","Louisiana","5/27/20","106","6","22025","5.66"
"Claiborne","1","62","Louisiana","5/27/20","58","4","22027","6.9"
"Concordia","4","86","Louisiana","5/27/20","57","29","22029","50.88"
"De Soto","2","241","Louisiana","5/27/20","228","13","22031","5.7"
"East Baton Rouge","40","3491","Louisiana","5/27/20","3213","278","22033","8.65"
"East Carroll","10","115","Louisiana","5/27/20","46","69","22035","150"
"East Feliciana","2","191","Louisiana","5/27/20","179","12","22037","6.7"
"Evangeline","1","75","Louisiana","5/27/20","67","8","22039","11.94"
"Franklin","5","310","Louisiana","5/27/20","274","36","22041","13.14"
"Grant","1","28","Louisiana","5/27/20","22","6","22043","27.27"
"Iberia","6","403","Louisiana","5/27/20","359","44","22045","12.26"
"Iberville","4","559","Louisiana","5/27/20","531","28","22047","5.27"
"Jackson","3","100","Louisiana","5/27/20","76","24","22049","31.58"
"Jefferson","38","7394","Louisiana","5/27/20","7128","266","22051","3.73"
"Jefferson Davis","1","75","Louisiana","5/27/20","71","4","22053","5.63"
"Lafayette","12","689","Louisiana","5/27/20","607","82","22055","13.51"
"Lafourche","4","781","Louisiana","5/27/20","753","28","22057","3.72"
"LaSalle","1","48","Louisiana","5/27/20","40","8","22059","20"
"Lincoln","3","142","Louisiana","5/27/20","122","20","22061","16.39"
"Livingston","6","403","Louisiana","5/27/20","358","45","22063","12.57"
"Madison","6","77","Louisiana","5/27/20","33","44","22065","133.33"
"Morehouse","4","121","Louisiana","5/27/20","94","27","22067","28.72"
"Natchitoches","8","157","Louisiana","5/27/20","103","54","22069","52.43"
"Orleans","23","7045","Louisiana","5/27/20","6884","161","22071","2.34"
"Ouachita","24","1150","Louisiana","5/27/20","980","170","22073","17.35"
"Plaquemines","1","201","Louisiana","5/27/20","197","4","22075","2.03"
"Pointe Coupee","1","189","Louisiana","5/27/20","179","10","22077","5.59"
"Rapides","23","679","Louisiana","5/27/20","516","163","22079","31.59"
"Red River","1","48","Louisiana","5/27/20","43","5","22081","11.63"
"Richland","2","124","Louisiana","5/27/20","108","16","22083","14.81"
"Sabine","1","41","Louisiana","5/27/20","31","10","22085","32.26"
"St. Bernard","2","531","Louisiana","5/27/20","518","13","22087","2.51"
"St. Charles","2","631","Louisiana","5/27/20","615","16","22089","2.6"
"St. Helena","1","51","Louisiana","5/27/20","42","9","22091","21.43"
"St. James","1","293","Louisiana","5/27/20","284","9","22093","3.17"
"St. John the Baptist","2","849","Louisiana","5/27/20","832","17","22095","2.04"
"St. Landry","2","252","Louisiana","5/27/20","237","15","22097","6.33"
"St. Martin","2","292","Louisiana","5/27/20","275","17","22099","6.18"
"St. Mary","4","308","Louisiana","5/27/20","281","27","22101","9.61"
"St. Tammany","16","1687","Louisiana","5/27/20","1572","115","22103","7.32"
"Tangipahoa","11","826","Louisiana","5/27/20","752","74","22105","9.84"
"Tensas","1","10","Louisiana","5/27/20","5","5","22107","100"
"Terrebonne","8","647","Louisiana","5/27/20","594","53","22109","8.92"
"Union","8","303","Louisiana","5/27/20","245","58","22111","23.67"
"Vermilion","1","53","Louisiana","5/27/20","45","8","22113","17.78"
"Vernon","0","24","Louisiana","5/27/20","21","3","22115","14.29"
"Washington","4","407","Louisiana","5/27/20","376","31","22117","8.24"
"Webster","3","142","Louisiana","5/27/20","119","23","22119","19.33"
"West Baton Rouge","1","158","Louisiana","5/27/20","149","9","22121","6.04"
"West Carroll","4","44","Louisiana","5/27/20","19","25","22123","131.58"
"West Feliciana","2","205","Louisiana","5/27/20","192","13","22125","6.77"
"Winn","9","150","Louisiana","5/27/20","90","60","22127","66.67"
"Androscoggin","10","252","Maine","5/27/20","185","67","23001","36.22"
"Aroostook","0","8","Maine","5/27/20","8","0","23003","0"
"Cumberland","25","1065","Maine","5/27/20","891","174","23005","19.53"
"Franklin","0","36","Maine","5/27/20","34","2","23007","5.88"
"Hancock","0","11","Maine","5/27/20","11","0","23009","0"
"Kennebec","1","128","Maine","5/27/20","121","7","23011","5.79"
"Knox","0","20","Maine","5/27/20","20","0","23013","0"
"Lincoln","0","20","Maine","5/27/20","17","3","23015","17.65"
"Oxford","1","26","Maine","5/27/20","18","8","23017","44.44"
"Penobscot","1","99","Maine","5/27/20","95","4","23019","4.21"
"Piscataquis","0","1","Maine","5/27/20","1","0","23021","0"
"Sagadahoc","0","29","Maine","5/27/20","28","1","23023","3.57"
"Somerset","0","21","Maine","5/27/20","20","1","23025","5"
"Waldo","0","51","Maine","5/27/20","50","1","23027","2"
"Washington","0","2","Maine","5/27/20","2","0","23029","0"
"York","7","365","Maine","5/27/20","316","49","23031","15.51"
"Allegany","2","177","Maryland","5/27/20","166","11","24001","6.63"
"Anne Arundel","59","3448","Maryland","5/27/20","3033","415","24003","13.68"
"Baltimore","77","5562","Maryland","5/27/20","5025","537","24005","10.69"
"Baltimore City","129","5054","Maryland","5/27/20","4152","902","24510","21.72"
"Calvert","8","314","Maryland","5/27/20","259","55","24009","21.24"
"Caroline","5","243","Maryland","5/27/20","210","33","24011","15.71"
"Carroll","14","817","Maryland","5/27/20","720","97","24013","13.47"
"Cecil","4","354","Maryland","5/27/20","328","26","24015","7.93"
"Charles","12","1008","Maryland","5/27/20","921","87","24017","9.45"
"Dorchester","2","133","Maryland","5/27/20","122","11","24019","9.02"
"Frederick","36","1786","Maryland","5/27/20","1533","253","24021","16.5"
"Garrett","0","10","Maryland","5/27/20","7","3","24023","42.86"
"Harford","11","801","Maryland","5/27/20","721","80","24025","11.1"
"Howard","38","1760","Maryland","5/27/20","1494","266","24027","17.8"
"Kent","2","160","Maryland","5/27/20","145","15","24029","10.34"
"Montgomery","202","10467","Maryland","5/27/20","9052","1415","24031","15.63"
"Prince George's","236","14100","Maryland","5/27/20","12446","1654","24033","13.29"
"Queen Anne's","2","151","Maryland","5/27/20","135","16","24035","11.85"
"Somerset","1","73","Maryland","5/27/20","64","9","24039","14.06"
"St. Mary's","9","400","Maryland","5/27/20","340","60","24037","17.65"
"Talbot","2","84","Maryland","5/27/20","69","15","24041","21.74"
"Washington","8","418","Maryland","5/27/20","364","54","24043","14.84"
"Wicomico","9","910","Maryland","5/27/20","848","62","24045","7.31"
"Worcester","3","193","Maryland","5/27/20","169","24","24047","14.2"
"Barnstable","16","1385","Massachusetts","5/27/20","1275","110","25001","8.63"
"Berkshire","6","560","Massachusetts","5/27/20","518","42","25003","8.11"
"Bristol","90","6928","Massachusetts","5/27/20","6295","633","25005","10.06"
"Dukes and Nantucket","1","52","Massachusetts","5/27/20","48","4","00000","8.33"
"Essex","133","14182","Massachusetts","5/27/20","13252","930","25009","7.02"
"Franklin","1","329","Massachusetts","5/27/20","320","9","25011","2.81"
"Hampden","64","5969","Massachusetts","5/27/20","5523","446","25013","8.08"
"Hampshire","8","871","Massachusetts","5/27/20","817","54","25015","6.61"
"Middlesex","166","21493","Massachusetts","5/27/20","20331","1162","25017","5.72"
"Norfolk","46","8331","Massachusetts","5/27/20","8011","320","25021","3.99"
"Plymouth","59","7953","Massachusetts","5/27/20","7542","411","25023","5.45"
"Suffolk","101","18143","Massachusetts","5/27/20","17434","709","25025","4.07"
"Worcester","133","10887","Massachusetts","5/27/20","9958","929","25027","9.33"
"Alcona","1","15","Michigan","5/27/20","11","4","26001","36.36"
"Allegan","3","246","Michigan","5/27/20","224","22","26005","9.82"
"Alpena","1","102","Michigan","5/27/20","98","4","26007","4.08"
"Antrim","0","13","Michigan","5/27/20","12","1","26009","8.33"
"Arenac","0","37","Michigan","5/27/20","36","1","26011","2.78"
"Baraga","0","1","Michigan","5/27/20","1","0","26013","0"
"Barry","1","78","Michigan","5/27/20","73","5","26015","6.85"
"Bay","6","330","Michigan","5/27/20","291","39","26017","13.4"
"Benzie","0","4","Michigan","5/27/20","4","0","26019","0"
"Berrien","8","730","Michigan","5/27/20","677","53","26021","7.83"
"Branch","1","115","Michigan","5/27/20","105","10","26023","9.52"
"Calhoun","5","394","Michigan","5/27/20","356","38","26025","10.67"
"Cass","2","92","Michigan","5/27/20","77","15","26027","19.48"
"Charlevoix","0","18","Michigan","5/27/20","17","1","26029","5.88"
"Cheboygan","0","26","Michigan","5/27/20","26","0","26031","0"
"Chippewa","0","3","Michigan","5/27/20","3","0","26033","0"
"Clare","0","18","Michigan","5/27/20","18","0","26035","0"
"Clinton","2","176","Michigan","5/27/20","160","16","26037","10"
"Crawford","0","62","Michigan","5/27/20","62","0","26039","0"
"Delta","0","20","Michigan","5/27/20","19","1","26041","5.26"
"Dickinson","0","5","Michigan","5/27/20","5","0","26043","0"
"Eaton","3","230","Michigan","5/27/20","207","23","26045","11.11"
"Emmet","0","25","Michigan","5/27/20","25","0","26047","0"
"Federal Correctional Institution (FCI)","2","138","Michigan","5/27/20","122","16","00000","13.11"
"Genesee","16","2396","Michigan","5/27/20","2286","110","26049","4.81"
"Gladwin","0","18","Michigan","5/27/20","17","1","26051","5.88"
"Gogebic","0","5","Michigan","5/27/20","5","0","26053","0"
"Grand Traverse","0","24","Michigan","5/27/20","24","0","26055","0"
"Gratiot","3","83","Michigan","5/27/20","65","18","26057","27.69"
"Hillsdale","0","176","Michigan","5/27/20","173","3","26059","1.73"
"Houghton","0","4","Michigan","5/27/20","2","2","26061","100"
"Huron","0","50","Michigan","5/27/20","49","1","26063","2.04"
"Ingham","7","752","Michigan","5/27/20","700","52","26065","7.43"
"Ionia","4","163","Michigan","5/27/20","138","25","26067","18.12"
"Iosco","3","104","Michigan","5/27/20","86","18","26069","20.93"
"Isabella","1","89","Michigan","5/27/20","80","9","26073","11.25"
"Jackson","3","460","Michigan","5/27/20","442","18","26075","4.07"
"Kalamazoo","10","864","Michigan","5/27/20","793","71","26077","8.95"
"Kalkaska","0","30","Michigan","5/27/20","29","1","26079","3.45"
"Kent","62","3676","Michigan","5/27/20","3242","434","26081","13.39"
"Lake","0","6","Michigan","5/27/20","4","2","26085","50"
"Lapeer","2","212","Michigan","5/27/20","201","11","26087","5.47"
"Leelanau","0","11","Michigan","5/27/20","11","0","26089","0"
"Lenawee","1","180","Michigan","5/27/20","173","7","26091","4.05"
"Livingston","2","480","Michigan","5/27/20","468","12","26093","2.56"
"Luce","0","3","Michigan","5/27/20","2","1","26095","50"
"Mackinac","0","6","Michigan","5/27/20","6","0","26097","0"
"Macomb","26","6693","Michigan","5/27/20","6511","182","26099","2.8"
"Manistee","0","12","Michigan","5/27/20","12","0","26101","0"
"Marquette","0","54","Michigan","5/27/20","52","2","26103","3.85"
"Mason","0","37","Michigan","5/27/20","34","3","26105","8.82"
"Mecosta","0","23","Michigan","5/27/20","22","1","26107","4.55"
"Menominee","0","8","Michigan","5/27/20","8","0","26109","0"
"Michigan Department of Corrections (MDOC)","51","3652","Michigan","5/27/20","3298","354","00000","10.73"
"Midland","1","117","Michigan","5/27/20","111","6","26111","5.41"
"Missaukee","0","22","Michigan","5/27/20","22","0","26113","0"
"Monroe","5","515","Michigan","5/27/20","478","37","26115","7.74"
"Montcalm","1","71","Michigan","5/27/20","65","6","26117","9.23"
"Montmorency","0","5","Michigan","5/27/20","5","0","26119","0"
"Muskegon","11","613","Michigan","5/27/20","533","80","26121","15.01"
"Newaygo","5","101","Michigan","5/27/20","68","33","26123","48.53"
"Oakland","76","10439","Michigan","5/27/20","9908","531","26125","5.36"
"Oceana","3","93","Michigan","5/27/20","74","19","26127","25.68"
"Ogemaw","0","29","Michigan","5/27/20","27","2","26129","7.41"
"Osceola","0","14","Michigan","5/27/20","13","1","26133","7.69"
"Oscoda","0","8","Michigan","5/27/20","9","-1","26135","-11.11"
"Otsego","0","118","Michigan","5/27/20","117","1","26137","0.85"
"Ottawa","15","780","Michigan","5/27/20","677","103","26139","15.21"
"Out of MI","6","64","Michigan","5/27/20","21","43","80026","204.76"
"Presque Isle","0","11","Michigan","5/27/20","11","0","26141","0"
"Roscommon","0","23","Michigan","5/27/20","23","0","26143","0"
"Saginaw","7","1025","Michigan","5/27/20","977","48","26145","4.91"
"Sanilac","0","41","Michigan","5/27/20","40","1","26151","2.5"
"Schoolcraft","0","4","Michigan","5/27/20","4","0","26153","0"
"Shiawassee","-1","258","Michigan","5/27/20","264","-6","26155","-2.27"
"St. Clair","2","492","Michigan","5/27/20","480","12","26147","2.5"
"St. Joseph","3","113","Michigan","5/27/20","95","18","26149","18.95"
"Tuscola","2","189","Michigan","5/27/20","177","12","26157","6.78"
"Van Buren","2","152","Michigan","5/27/20","137","15","26159","10.95"
"Washtenaw","10","1477","Michigan","5/27/20","1406","71","26161","5.05"
"Wayne","91","20640","Michigan","5/27/20","20002","638","26163","3.19"
"Wexford","0","13","Michigan","5/27/20","13","0","26165","0"
"Aitkin","0","7","Minnesota","5/27/20","4","3","27001","75"
"Anoka","44","1262","Minnesota","5/27/20","955","307","27003","32.15"
"Becker","1","37","Minnesota","5/27/20","32","5","27005","15.62"
"Beltrami","1","13","Minnesota","5/27/20","9","4","27007","44.44"
"Benton","3","169","Minnesota","5/27/20","148","21","27009","14.19"
"Big Stone","0","3","Minnesota","5/27/20","3","0","27011","0"
"Blue Earth","3","122","Minnesota","5/27/20","98","24","27013","24.49"
"Brown","1","14","Minnesota","5/27/20","10","4","27015","40"
"Carlton","0","73","Minnesota","5/27/20","70","3","27017","4.29"
"Carver","8","185","Minnesota","5/27/20","131","54","27019","41.22"
"Cass","0","12","Minnesota","5/27/20","11","1","27021","9.09"
"Chippewa","1","44","Minnesota","5/27/20","36","8","27023","22.22"
"Chisago","2","50","Minnesota","5/27/20","38","12","27025","31.58"
"Clay","11","406","Minnesota","5/27/20","328","78","27027","23.78"
"Clearwater","0","3","Minnesota","5/27/20","2","1","27029","50"
"Cottonwood","1","65","Minnesota","5/27/20","59","6","27033","10.17"
"Crow Wing","3","57","Minnesota","5/27/20","38","19","27035","50"
"Dakota","42","1182","Minnesota","5/27/20","885","297","27037","33.56"
"Dodge","1","46","Minnesota","5/27/20","40","6","27039","15"
"Douglas","2","39","Minnesota","5/27/20","24","15","27041","62.5"
"Faribault","0","13","Minnesota","5/27/20","10","3","27043","30"
"Fillmore","0","17","Minnesota","5/27/20","17","0","27045","0"
"Freeborn","4","97","Minnesota","5/27/20","67","30","27047","44.78"
"Goodhue","3","60","Minnesota","5/27/20","38","22","27049","57.89"
"Grant","0","3","Minnesota","5/27/20","2","1","27051","50"
"Hennepin","243","7540","Minnesota","5/27/20","5838","1702","27053","29.15"
"Houston","0","2","Minnesota","5/27/20","2","0","27055","0"
"Hubbard","0","1","Minnesota","5/27/20","0","1","27057","1"
"Isanti","2","33","Minnesota","5/27/20","20","13","27059","65"
"Itasca","0","53","Minnesota","5/27/20","50","3","27061","6"
"Jackson","0","39","Minnesota","5/27/20","36","3","27063","8.33"
"Kanabec","0","11","Minnesota","5/27/20","9","2","27065","22.22"
"Kandiyohi","7","475","Minnesota","5/27/20","426","49","27067","11.5"
"Kittson","0","1","Minnesota","5/27/20","1","0","27069","0"
"Koochiching","0","7","Minnesota","5/27/20","5","2","27071","40"
"Lac qui Parle","0","3","Minnesota","5/27/20","3","0","27073","0"
"Lake","0","1","Minnesota","5/27/20","1","0","27075","0"
"Le Sueur","1","43","Minnesota","5/27/20","36","7","27079","19.44"
"Lincoln","0","5","Minnesota","5/27/20","4","1","27081","25"
"Lyon","1","36","Minnesota","5/27/20","26","10","27083","38.46"
"Mahnomen","0","5","Minnesota","5/27/20","5","0","27087","0"
"Marshall","0","9","Minnesota","5/27/20","8","1","27089","12.5"
"Martin","0","126","Minnesota","5/27/20","123","3","27091","2.44"
"McLeod","1","29","Minnesota","5/27/20","19","10","27085","52.63"
"Meeker","1","44","Minnesota","5/27/20","40","4","27093","10"
"Mille Lacs","0","17","Minnesota","5/27/20","15","2","27095","13.33"
"Morrison","1","40","Minnesota","5/27/20","31","9","27097","29.03"
"Mower","20","216","Minnesota","5/27/20","78","138","27099","176.92"
"Murray","0","36","Minnesota","5/27/20","33","3","27101","9.09"
"Nicollet","4","74","Minnesota","5/27/20","44","30","27103","68.18"
"Nobles","13","1488","Minnesota","5/27/20","1396","92","27105","6.59"
"Norman","0","11","Minnesota","5/27/20","11","0","27107","0"
"Olmsted","12","575","Minnesota","5/27/20","488","87","27109","17.83"
"Otter Tail","2","62","Minnesota","5/27/20","51","11","27111","21.57"
"Pennington","2","17","Minnesota","5/27/20","3","14","27113","466.67"
"Pine","0","85","Minnesota","5/27/20","83","2","27115","2.41"
"Pipestone","0","10","Minnesota","5/27/20","10","0","27117","0"
"Polk","0","59","Minnesota","5/27/20","57","2","27119","3.51"
"Pope","0","8","Minnesota","5/27/20","6","2","27121","33.33"
"Ramsey","109","2610","Minnesota","5/27/20","1846","764","27123","41.39"
"Red Lake","0","4","Minnesota","5/27/20","3","1","27125","33.33"
"Redwood","0","3","Minnesota","5/27/20","3","0","27127","0"
"Renville","0","5","Minnesota","5/27/20","5","0","27129","0"
"Rice","17","411","Minnesota","5/27/20","295","116","27131","39.32"
"Rock","0","21","Minnesota","5/27/20","20","1","27133","5"
"Roseau","0","1","Minnesota","5/27/20","1","0","27135","0"
"Scott","13","379","Minnesota","5/27/20","291","88","27139","30.24"
"Sherburne","6","219","Minnesota","5/27/20","178","41","27141","23.03"
"Sibley","0","13","Minnesota","5/27/20","11","2","27143","18.18"
"St. Louis","1","115","Minnesota","5/27/20","110","5","27137","4.55"
"Stearns","22","1984","Minnesota","5/27/20","1831","153","27145","8.36"
"Steele","5","148","Minnesota","5/27/20","116","32","27147","27.59"
"Swift","1","17","Minnesota","5/27/20","13","4","27151","30.77"
"Todd","27","296","Minnesota","5/27/20","110","186","27153","169.09"
"Traverse","0","3","Minnesota","5/27/20","3","0","27155","0"
"Wabasha","0","17","Minnesota","5/27/20","16","1","27157","6.25"
"Wadena","0","8","Minnesota","5/27/20","6","2","27159","33.33"
"Waseca","0","24","Minnesota","5/27/20","22","2","27161","9.09"
"Washington","21","562","Minnesota","5/27/20","414","148","27163","35.75"
"Watonwan","2","59","Minnesota","5/27/20","42","17","27165","40.48"
"Wilkin","0","11","Minnesota","5/27/20","11","0","27167","0"
"Winona","0","78","Minnesota","5/27/20","75","3","27169","4"
"Wright","10","269","Minnesota","5/27/20","198","71","27171","35.86"
"Yellow Medicine","0","6","Minnesota","5/27/20","5","1","27173","20"
"Adams","2","190","Mississippi","5/27/20","178","12","28001","6.74"
"Alcorn","0","14","Mississippi","5/27/20","12","2","28003","16.67"
"Amite","1","56","Mississippi","5/27/20","48","8","28005","16.67"
"Attala","3","277","Mississippi","5/27/20","259","18","28007","6.95"
"Benton","0","14","Mississippi","5/27/20","13","1","28009","7.69"
"Bolivar","2","149","Mississippi","5/27/20","132","17","28011","12.88"
"Calhoun","0","61","Mississippi","5/27/20","59","2","28013","3.39"
"Carroll","0","114","Mississippi","5/27/20","111","3","28015","2.7"
"Chickasaw","2","128","Mississippi","5/27/20","117","11","28017","9.4"
"Choctaw","2","35","Mississippi","5/27/20","24","11","28019","45.83"
"Claiborne","2","64","Mississippi","5/27/20","51","13","28021","25.49"
"Clarke","2","135","Mississippi","5/27/20","120","15","28023","12.5"
"Clay","3","104","Mississippi","5/27/20","86","18","28025","20.93"
"Coahoma","4","113","Mississippi","5/27/20","86","27","28027","31.4"
"Copiah","11","285","Mississippi","5/27/20","211","74","28029","35.07"
"Covington","3","141","Mississippi","5/27/20","117","24","28031","20.51"
"DeSoto","11","493","Mississippi","5/27/20","418","75","28033","17.94"
"Forrest","10","511","Mississippi","5/27/20","438","73","28035","16.67"
"Franklin","1","27","Mississippi","5/27/20","22","5","28037","22.73"
"George","0","20","Mississippi","5/27/20","19","1","28039","5.26"
"Greene","1","11","Mississippi","5/27/20","7","4","28041","57.14"
"Grenada","3","82","Mississippi","5/27/20","63","19","28043","30.16"
"Hancock","1","87","Mississippi","5/27/20","81","6","28045","7.41"
"Harrison","4","245","Mississippi","5/27/20","220","25","28047","11.36"
"Hinds","17","920","Mississippi","5/27/20","800","120","28049","15"
"Holmes","8","373","Mississippi","5/27/20","320","53","28051","16.56"
"Humphreys","1","53","Mississippi","5/27/20","49","4","28053","8.16"
"Itawamba","1","85","Mississippi","5/27/20","81","4","28057","4.94"
"Jackson","2","300","Mississippi","5/27/20","288","12","28059","4.17"
"Jasper","4","148","Mississippi","5/27/20","123","25","28061","20.33"
"Jefferson","0","40","Mississippi","5/27/20","38","2","28063","5.26"
"Jefferson Davis","1","75","Mississippi","5/27/20","69","6","28065","8.7"
"Jones","23","525","Mississippi","5/27/20","366","159","28067","43.44"
"Kemper","3","131","Mississippi","5/27/20","110","21","28069","19.09"
"Lafayette","2","125","Mississippi","5/27/20","110","15","28071","13.64"
"Lamar","3","227","Mississippi","5/27/20","205","22","28073","10.73"
"Lauderdale","12","699","Mississippi","5/27/20","616","83","28075","13.47"
"Lawrence","3","99","Mississippi","5/27/20","80","19","28077","23.75"
"Leake","4","395","Mississippi","5/27/20","367","28","28079","7.63"
"Lee","3","117","Mississippi","5/27/20","95","22","28081","23.16"
"Leflore","6","250","Mississippi","5/27/20","205","45","28083","21.95"
"Lincoln","4","250","Mississippi","5/27/20","222","28","28085","12.61"
"Lowndes","7","182","Mississippi","5/27/20","135","47","28087","34.81"
"Madison","16","687","Mississippi","5/27/20","573","114","28089","19.9"
"Marion","2","112","Mississippi","5/27/20","97","15","28091","15.46"
"Marshall","1","76","Mississippi","5/27/20","68","8","28093","11.76"
"Monroe","4","253","Mississippi","5/27/20","226","27","28095","11.95"
"Montgomery","1","81","Mississippi","5/27/20","75","6","28097","8"
"Neshoba","16","565","Mississippi","5/27/20","452","113","28099","25"
"Newton","6","250","Mississippi","5/27/20","206","44","28101","21.36"
"Noxubee","3","169","Mississippi","5/27/20","145","24","28103","16.55"
"Oktibbeha","6","150","Mississippi","5/27/20","110","40","28105","36.36"
"Panola","1","64","Mississippi","5/27/20","54","10","28107","18.52"
"Pearl River","1","207","Mississippi","5/27/20","197","10","28109","5.08"
"Perry","2","49","Mississippi","5/27/20","38","11","28111","28.95"
"Pike","2","202","Mississippi","5/27/20","186","16","28113","8.6"
"Pontotoc","0","28","Mississippi","5/27/20","26","2","28115","7.69"
"Prentiss","1","41","Mississippi","5/27/20","36","5","28117","13.89"
"Quitman","1","25","Mississippi","5/27/20","21","4","28119","19.05"
"Rankin","9","373","Mississippi","5/27/20","310","63","28121","20.32"
"Scott","8","623","Mississippi","5/27/20","567","56","28123","9.88"
"Sharkey","0","7","Mississippi","5/27/20","7","0","28125","0"
"Simpson","2","93","Mississippi","5/27/20","79","14","28127","17.72"
"Smith","2","133","Mississippi","5/27/20","121","12","28129","9.92"
"Stone","1","30","Mississippi","5/27/20","26","4","28131","15.38"
"Sunflower","1","78","Mississippi","5/27/20","70","8","28133","11.43"
"Tallahatchie","1","25","Mississippi","5/27/20","21","4","28135","19.05"
"Tate","2","69","Mississippi","5/27/20","56","13","28137","23.21"
"Tippah","0","71","Mississippi","5/27/20","69","2","28139","2.9"
"Tishomingo","1","26","Mississippi","5/27/20","21","5","28141","23.81"
"Tunica","1","52","Mississippi","5/27/20","45","7","28143","15.56"
"Union","2","78","Mississippi","5/27/20","65","13","28145","20"
"Walthall","1","51","Mississippi","5/27/20","46","5","28147","10.87"
"Warren","3","158","Mississippi","5/27/20","136","22","28149","16.18"
"Washington","3","163","Mississippi","5/27/20","139","24","28151","17.27"
"Wayne","14","148","Mississippi","5/27/20","51","97","28153","190.2"
"Webster","5","59","Mississippi","5/27/20","22","37","28155","168.18"
"Wilkinson","1","85","Mississippi","5/27/20","80","5","28157","6.25"
"Winston","3","105","Mississippi","5/27/20","86","19","28159","22.09"
"Yalobusha","1","85","Mississippi","5/27/20","75","10","28161","13.33"
"Yazoo","4","223","Mississippi","5/27/20","194","29","28163","14.95"
"Adair","2","46","Missouri","5/27/20","34","12","29001","35.29"
"Andrew","1","30","Missouri","5/27/20","20","10","29003","50"
"Atchison","0","3","Missouri","5/27/20","3","0","29005","0"
"Audrain","7","68","Missouri","5/27/20","18","50","29007","277.78"
"Barry","0","9","Missouri","5/27/20","6","3","29009","50"
"Bates","0","7","Missouri","5/27/20","7","0","29013","0"
"Benton","0","10","Missouri","5/27/20","9","1","29015","11.11"
"Bollinger","0","6","Missouri","5/27/20","4","2","29017","50"
"Boone","3","130","Missouri","5/27/20","106","24","29019","22.64"
"Buchanan","14","662","Missouri","5/27/20","562","100","29021","17.79"
"Butler","-1","29","Missouri","5/27/20","34","-5","29023","-14.71"
"Caldwell","0","5","Missouri","5/27/20","5","0","29025","0"
"Callaway","0","26","Missouri","5/27/20","23","3","29027","13.04"
"Camden","0","38","Missouri","5/27/20","36","2","29029","5.56"
"Cape Girardeau","2","68","Missouri","5/27/20","55","13","29031","23.64"
"Carroll","0","7","Missouri","5/27/20","7","0","29033","0"
"Carter","0","5","Missouri","5/27/20","4","1","29035","25"
"Cass","1","82","Missouri","5/27/20","74","8","29037","10.81"
"Cedar","0","9","Missouri","5/27/20","9","0","29039","0"
"Chariton","0","6","Missouri","5/27/20","6","0","29041","0"
"Christian","0","21","Missouri","5/27/20","21","0","29043","0"
"Clark","0","1","Missouri","5/27/20","1","0","29045","0"
"Clay","5","158","Missouri","5/27/20","125","33","29047","26.4"
"Clinton","0","18","Missouri","5/27/20","18","0","29049","0"
"Cole","1","60","Missouri","5/27/20","56","4","29051","7.14"
"Cooper","0","9","Missouri","5/27/20","9","0","29053","0"
"Crawford","0","9","Missouri","5/27/20","9","0","29055","0"
"Dallas","0","3","Missouri","5/27/20","3","0","29059","0"
"Daviess","0","4","Missouri","5/27/20","3","1","29061","33.33"
"DeKalb","0","6","Missouri","5/27/20","5","1","29063","20"
"Dunklin","1","31","Missouri","5/27/20","26","5","29069","19.23"
"Franklin","1","140","Missouri","5/27/20","136","4","29071","2.94"
"Gasconade","0","2","Missouri","5/27/20","2","0","29073","0"
"Gentry","2","21","Missouri","5/27/20","4","17","29075","425"
"Greene","2","125","Missouri","5/27/20","111","14","29077","12.61"
"Harrison","0","9","Missouri","5/27/20","8","1","29081","12.5"
"Henry","0","10","Missouri","5/27/20","9","1","29083","11.11"
"Holt","0","1","Missouri","5/27/20","1","0","29087","0"
"Howard","0","3","Missouri","5/27/20","3","0","29089","0"
"Howell","0","5","Missouri","5/27/20","5","0","29091","0"
"Iron","0","2","Missouri","5/27/20","2","0","29093","0"
"Jackson","8","515","Missouri","5/27/20","457","58","29095","12.69"
"Jasper","1","33","Missouri","5/27/20","29","4","29097","13.79"
"Jefferson","2","345","Missouri","5/27/20","331","14","29099","4.23"
"Johnson","0","73","Missouri","5/27/20","72","1","29101","1.39"
"Kansas City","23","1086","Missouri","5/27/20","924","162","00000","17.53"
"Laclede","0","3","Missouri","5/27/20","3","0","29105","0"
"Lafayette","0","72","Missouri","5/27/20","69","3","29107","4.35"
"Lawrence","0","8","Missouri","5/27/20","8","0","29109","0"
"Lewis","0","7","Missouri","5/27/20","7","0","29111","0"
"Lincoln","1","109","Missouri","5/27/20","105","4","29113","3.81"
"Linn","0","6","Missouri","5/27/20","5","1","29115","20"
"Livingston","0","3","Missouri","5/27/20","3","0","29117","0"
"Macon","0","2","Missouri","5/27/20","2","0","29121","0"
"Madison","0","3","Missouri","5/27/20","3","0","29123","0"
"Maries","0","2","Missouri","5/27/20","2","0","29125","0"
"Marion","0","5","Missouri","5/27/20","5","0","29127","0"
"McDonald","1","18","Missouri","5/27/20","14","4","29119","28.57"
"Miller","0","4","Missouri","5/27/20","4","0","29131","0"
"Mississippi","1","54","Missouri","5/27/20","49","5","29133","10.2"
"Moniteau","0","45","Missouri","5/27/20","44","1","29135","2.27"
"Montgomery","0","8","Missouri","5/27/20","7","1","29139","14.29"
"Morgan","0","9","Missouri","5/27/20","8","1","29141","12.5"
"New Madrid","0","17","Missouri","5/27/20","14","3","29143","21.43"
"Newton","0","16","Missouri","5/27/20","16","0","29145","0"
"Nodaway","1","12","Missouri","5/27/20","8","4","29147","50"
"Oregon","0","2","Missouri","5/27/20","2","0","29149","0"
"Osage","0","5","Missouri","5/27/20","5","0","29151","0"
"Pemiscot","1","76","Missouri","5/27/20","70","6","29155","8.57"
"Perry","0","50","Missouri","5/27/20","47","3","29157","6.38"
"Pettis","0","72","Missouri","5/27/20","70","2","29159","2.86"
"Phelps","0","4","Missouri","5/27/20","3","1","29161","33.33"
"Pike","0","16","Missouri","5/27/20","14","2","29163","14.29"
"Platte","1","68","Missouri","5/27/20","60","8","29165","13.33"
"Polk","0","3","Missouri","5/27/20","2","1","29167","50"
"Pulaski","0","34","Missouri","5/27/20","33","1","29169","3.03"
"Ralls","0","3","Missouri","5/27/20","2","1","29173","50"
"Randolph","0","9","Missouri","5/27/20","8","1","29175","12.5"
"Ray","1","19","Missouri","5/27/20","14","5","29177","35.71"
"Reynolds","0","2","Missouri","5/27/20","2","0","29179","0"
"Ripley","0","7","Missouri","5/27/20","7","0","29181","0"
"Saline","2","268","Missouri","5/27/20","257","11","29195","4.28"
"Scotland","0","4","Missouri","5/27/20","4","0","29199","0"
"Scott","1","94","Missouri","5/27/20","88","6","29201","6.82"
"Shelby","0","1","Missouri","5/27/20","1","0","29205","0"
"St. Charles","6","755","Missouri","5/27/20","712","43","29183","6.04"
"St. Clair","0","3","Missouri","5/27/20","3","0","29185","0"
"St. Francois","0","33","Missouri","5/27/20","33","0","29187","0"
"St. Louis","54","4887","Missouri","5/27/20","4509","378","29189","8.38"
"St. Louis City","24","1884","Missouri","5/27/20","1717","167","29510","9.73"
"Ste. Genevieve","0","9","Missouri","5/27/20","8","1","29186","12.5"
"Stoddard","2","74","Missouri","5/27/20","61","13","29207","21.31"
"Stone","0","4","Missouri","5/27/20","4","0","29209","0"
"Sullivan","2","53","Missouri","5/27/20","37","16","29211","43.24"
"Taney","0","14","Missouri","5/27/20","12","2","29213","16.67"
"Vernon","0","9","Missouri","5/27/20","6","3","29217","50"
"Warren","0","28","Missouri","5/27/20","28","0","29219","0"
"Washington","0","10","Missouri","5/27/20","9","1","29221","11.11"
"Webster","0","17","Missouri","5/27/20","17","0","29225","0"
"Worth","0","4","Missouri","5/27/20","3","1","29227","33.33"
"Wright","0","11","Missouri","5/27/20","11","0","29229","0"
"Beaverhead","0","1","Montana","5/27/20","1","0","30001","0"
"Big Horn","0","9","Montana","5/27/20","8","1","30003","12.5"
"Broadwater","0","4","Montana","5/27/20","4","0","30007","0"
"Carbon","0","6","Montana","5/27/20","6","0","30009","0"
"Cascade","0","17","Montana","5/27/20","17","0","30013","0"
"Deer Lodge","0","3","Montana","5/27/20","3","0","30023","0"
"Flathead","0","37","Montana","5/27/20","37","0","30029","0"
"Gallatin","0","149","Montana","5/27/20","149","0","30031","0"
"Glacier","0","6","Montana","5/27/20","6","0","30035","0"
"Golden Valley","0","3","Montana","5/27/20","3","0","30037","0"
"Hill","0","1","Montana","5/27/20","1","0","30041","0"
"Jefferson","0","3","Montana","5/27/20","3","0","30043","0"
"Lake","0","5","Montana","5/27/20","5","0","30047","0"
"Lewis and Clark","0","16","Montana","5/27/20","16","0","30049","0"
"Liberty","0","1","Montana","5/27/20","1","0","30051","0"
"Lincoln","0","7","Montana","5/27/20","7","0","30053","0"
"Madison","0","8","Montana","5/27/20","8","0","30057","0"
"Meagher","0","1","Montana","5/27/20","1","0","30059","0"
"Missoula","0","39","Montana","5/27/20","39","0","30063","0"
"Musselshell","0","1","Montana","5/27/20","1","0","30065","0"
"Park","0","8","Montana","5/27/20","8","0","30067","0"
"Pondera","0","2","Montana","5/27/20","2","0","30073","0"
"Ravalli","0","13","Montana","5/27/20","13","0","30081","0"
"Richland","0","3","Montana","5/27/20","3","0","30083","0"
"Roosevelt","0","7","Montana","5/27/20","7","0","30085","0"
"Silver Bow","0","11","Montana","5/27/20","11","0","30093","0"
"Stillwater","0","1","Montana","5/27/20","1","0","30095","0"
"Toole","0","29","Montana","5/27/20","29","0","30101","0"
"Wheatland","0","1","Montana","5/27/20","1","0","30107","0"
"Yellowstone","0","89","Montana","5/27/20","87","2","30111","2.3"
"Adams","1","264","Nebraska","5/27/20","256","8","31001","3.12"
"Antelope","0","8","Nebraska","5/27/20","7","1","31003","14.29"
"Boone","0","3","Nebraska","5/27/20","3","0","31011","0"
"Box Butte","0","2","Nebraska","5/27/20","1","1","31013","100"
"Buffalo","2","148","Nebraska","5/27/20","136","12","31019","8.82"
"Burt","1","9","Nebraska","5/27/20","5","4","31021","80"
"Butler","1","45","Nebraska","5/27/20","37","8","31023","21.62"
"Cass","2","40","Nebraska","5/27/20","26","14","31025","53.85"
"Cedar","0","7","Nebraska","5/27/20","6","1","31027","16.67"
"Chase","0","1","Nebraska","5/27/20","0","1","31029","1"
"Cherry","0","1","Nebraska","5/27/20","1","0","31031","0"
"Cheyenne","0","9","Nebraska","5/27/20","9","0","31033","0"
"Clay","1","24","Nebraska","5/27/20","19","5","31035","26.32"
"Colfax","6","604","Nebraska","5/27/20","559","45","31037","8.05"
"Cuming","2","31","Nebraska","5/27/20","18","13","31039","72.22"
"Custer","0","31","Nebraska","5/27/20","28","3","31041","10.71"
"Dakota","23","1639","Nebraska","5/27/20","1475","164","31043","11.12"
"Dawes","0","1","Nebraska","5/27/20","1","0","31045","0"
"Dawson","2","827","Nebraska","5/27/20","812","15","31047","1.85"
"Dixon","0","25","Nebraska","5/27/20","27","-2","31051","-7.41"
"Dodge","18","407","Nebraska","5/27/20","282","125","31053","44.33"
"Douglas","127","3583","Nebraska","5/27/20","2692","891","31055","33.1"
"Fillmore","0","5","Nebraska","5/27/20","5","0","31059","0"
"Franklin","0","6","Nebraska","5/27/20","5","1","31061","20"
"Frontier","0","1","Nebraska","5/27/20","1","0","31063","0"
"Furnas","0","8","Nebraska","5/27/20","6","2","31065","33.33"
"Gage","0","44","Nebraska","5/27/20","43","1","31067","2.33"
"Gosper","0","13","Nebraska","5/27/20","13","0","31073","0"
"Greeley","0","2","Nebraska","5/27/20","2","0","31077","0"
"Hall","4","1472","Nebraska","5/27/20","1441","31","31079","2.15"
"Hamilton","0","54","Nebraska","5/27/20","52","2","31081","3.85"
"Harlan","0","1","Nebraska","5/27/20","0","1","31083","1"
"Hitchcock","0","1","Nebraska","5/27/20","1","0","31087","0"
"Holt","0","1","Nebraska","5/27/20","1","0","31089","0"
"Howard","0","40","Nebraska","5/27/20","38","2","31093","5.26"
"Jefferson","0","6","Nebraska","5/27/20","6","0","31095","0"
"Johnson","0","7","Nebraska","5/27/20","7","0","31097","0"
"Kearney","0","12","Nebraska","5/27/20","11","1","31099","9.09"
"Keith","0","2","Nebraska","5/27/20","2","0","31101","0"
"Keya Paha","0","0","Nebraska","5/27/20","3","-3","31103","-100"
"Kimball","0","8","Nebraska","5/27/20","8","0","31105","0"
"Knox","0","10","Nebraska","5/27/20","8","2","31107","25"
"Lancaster","26","1119","Nebraska","5/27/20","934","185","31109","19.81"
"Lincoln","0","47","Nebraska","5/27/20","46","1","31111","2.17"
"Madison","2","305","Nebraska","5/27/20","289","16","31119","5.54"
"Merrick","0","33","Nebraska","5/27/20","30","3","31121","10"
"Morrill","0","11","Nebraska","5/27/20","10","1","31123","10"
"Nance","0","5","Nebraska","5/27/20","4","1","31125","25"
"Nemaha","0","3","Nebraska","5/27/20","3","0","31127","0"
"Nuckolls","0","1","Nebraska","5/27/20","1","0","31129","0"
"Otoe","0","6","Nebraska","5/27/20","6","0","31131","0"
"Phelps","1","20","Nebraska","5/27/20","16","4","31137","25"
"Pierce","0","3","Nebraska","5/27/20","1","2","31139","200"
"Platte","6","547","Nebraska","5/27/20","505","42","31141","8.32"
"Polk","0","10","Nebraska","5/27/20","9","1","31143","11.11"
"Red Willow","0","5","Nebraska","5/27/20","5","0","31145","0"
"Richardson","0","1","Nebraska","5/27/20","1","0","31147","0"
"Saline","6","491","Nebraska","5/27/20","448","43","31151","9.6"
"Sarpy","17","503","Nebraska","5/27/20","382","121","31153","31.68"
"Saunders","1","31","Nebraska","5/27/20","22","9","31155","40.91"
"Scotts Bluff","3","75","Nebraska","5/27/20","55","20","31157","36.36"
"Seward","0","27","Nebraska","5/27/20","26","1","31159","3.85"
"Sherman","0","4","Nebraska","5/27/20","2","2","31163","100"
"Stanton","1","21","Nebraska","5/27/20","15","6","31167","40"
"Thomas","0","1","Nebraska","5/27/20","1","0","31171","0"
"Thurston","2","37","Nebraska","5/27/20","20","17","31173","85"
"Valley","0","3","Nebraska","5/27/20","3","0","31175","0"
"Washington","0","28","Nebraska","5/27/20","26","2","31177","7.69"
"Wayne","1","13","Nebraska","5/27/20","4","9","31179","225"
"Webster","0","5","Nebraska","5/27/20","5","0","31181","0"
"York","1","35","Nebraska","5/27/20","30","5","31185","16.67"
"Carson City","2","91","Nevada","5/27/20","77","14","32510","18.18"
"Churchill","0","7","Nevada","5/27/20","6","1","32001","16.67"
"Clark","91","6287","Nevada","5/27/20","5650","637","32003","11.27"
"Douglas","1","30","Nevada","5/27/20","26","4","32005","15.38"
"Elko","0","24","Nevada","5/27/20","21","3","32007","14.29"
"Humboldt","0","78","Nevada","5/27/20","76","2","32013","2.63"
"Lander","0","20","Nevada","5/27/20","19","1","32015","5.26"
"Lincoln","0","2","Nevada","5/27/20","2","0","32017","0"
"Lyon","1","56","Nevada","5/27/20","49","7","32019","14.29"
"Mineral","0","4","Nevada","5/27/20","4","0","32021","0"
"Nye","0","61","Nevada","5/27/20","58","3","32023","5.17"
"Storey","0","1","Nevada","5/27/20","1","0","32029","0"
"Washoe","13","1485","Nevada","5/27/20","1395","90","32031","6.45"
"White Pine","0","4","Nevada","5/27/20","4","0","32033","0"
"Belknap","0","57","New Hampshire","5/27/20","54","3","33001","5.56"
"Carroll","0","46","New Hampshire","5/27/20","44","2","33003","4.55"
"Cheshire","1","54","New Hampshire","5/27/20","49","5","33005","10.2"
"Coos","0","5","New Hampshire","5/27/20","4","1","33007","25"
"Grafton","1","72","New Hampshire","5/27/20","64","8","33009","12.5"
"Hillsborough","36","2183","New Hampshire","5/27/20","1932","251","33011","12.99"
"Merrimack","5","327","New Hampshire","5/27/20","290","37","33013","12.76"
"Rockingham","14","1254","New Hampshire","5/27/20","1159","95","33015","8.2"
"Strafford","3","261","New Hampshire","5/27/20","242","19","33017","7.85"
"Sullivan","0","17","New Hampshire","5/27/20","16","1","33019","6.25"
"Atlantic","30","2087","New Jersey","5/27/20","1875","212","34001","11.31"
"Bergen","72","18023","New Jersey","5/27/20","17518","505","34003","2.88"
"Burlington","53","4432","New Jersey","5/27/20","4058","374","34005","9.22"
"Camden","70","6227","New Jersey","5/27/20","5738","489","34007","8.52"
"Cape May","9","592","New Jersey","5/27/20","531","61","34009","11.49"
"Cumberland","38","2098","New Jersey","5/27/20","1830","268","34011","14.64"
"Essex","55","17338","New Jersey","5/27/20","16952","386","34013","2.28"
"Gloucester","23","2130","New Jersey","5/27/20","1966","164","34015","8.34"
"Hudson","-39","18606","New Jersey","5/27/20","18880","-274","34017","-1.45"
"Hunterdon","8","973","New Jersey","5/27/20","920","53","34019","5.76"
"Mercer","61","6592","New Jersey","5/27/20","6162","430","34021","6.98"
"Middlesex","85","15547","New Jersey","5/27/20","14954","593","34023","3.97"
"Monmouth","60","7961","New Jersey","5/27/20","7541","420","34025","5.57"
"Morris","21","6289","New Jersey","5/27/20","6139","150","34027","2.44"
"Ocean","50","8514","New Jersey","5/27/20","8165","349","34029","4.27"
"Passaic","64","15873","New Jersey","5/27/20","15426","447","34031","2.9"
"Salem","14","579","New Jersey","5/27/20","481","98","34033","20.37"
"Somerset","22","4505","New Jersey","5/27/20","4349","156","34035","3.59"
"Sussex","4","1095","New Jersey","5/27/20","1069","26","34037","2.43"
"Union","29","15324","New Jersey","5/27/20","15122","202","34039","1.34"
"Warren","6","1145","New Jersey","5/27/20","1100","45","34041","4.09"
"Bernalillo","14","1383","New Mexico","5/27/20","1284","99","35001","7.71"
"Catron","0","2","New Mexico","5/27/20","2","0","35003","0"
"Chaves","1","42","New Mexico","5/27/20","33","9","35005","27.27"
"Cibola","3","134","New Mexico","5/27/20","114","20","35006","17.54"
"Colfax","0","5","New Mexico","5/27/20","5","0","35007","0"
"Curry","1","50","New Mexico","5/27/20","45","5","35009","11.11"
"Dona Ana","16","439","New Mexico","5/27/20","326","113","35013","34.66"
"Eddy","0","19","New Mexico","5/27/20","17","2","35015","11.76"
"Grant","0","15","New Mexico","5/27/20","16","-1","35017","-6.25"
"Guadalupe","0","20","New Mexico","5/27/20","19","1","35019","5.26"
"Harding","0","1","New Mexico","5/27/20","1","0","35021","0"
"Hidalgo","0","1","New Mexico","5/27/20","1","0","35023","0"
"Lea","1","24","New Mexico","5/27/20","18","6","35025","33.33"
"Lincoln","0","2","New Mexico","5/27/20","3","-1","35027","-33.33"
"Los Alamos","0","6","New Mexico","5/27/20","6","0","35028","0"
"Luna","0","7","New Mexico","5/27/20","8","-1","35029","-12.5"
"McKinley","34","2270","New Mexico","5/27/20","2034","236","35031","11.6"
"Otero","1","17","New Mexico","5/27/20","8","9","35035","112.5"
"Quay","0","5","New Mexico","5/27/20","5","0","35037","0"
"Rio Arriba","1","38","New Mexico","5/27/20","33","5","35039","15.15"
"Roosevelt","1","37","New Mexico","5/27/20","27","10","35041","37.04"
"San Juan","26","1642","New Mexico","5/27/20","1457","185","35045","12.7"
"San Miguel","1","14","New Mexico","5/27/20","10","4","35047","40"
"Sandoval","1","551","New Mexico","5/27/20","542","9","35043","1.66"
"Santa Fe","1","137","New Mexico","5/27/20","128","9","35049","7.03"
"Sierra","0","1","New Mexico","5/27/20","1","0","35051","0"
"Socorro","0","49","New Mexico","5/27/20","49","0","35053","0"
"Taos","0","24","New Mexico","5/27/20","22","2","35055","9.09"
"Torrance","2","33","New Mexico","5/27/20","20","13","35057","65"
"Union","0","3","New Mexico","5/27/20","3","0","35059","0"
"Valencia","0","73","New Mexico","5/27/20","70","3","35061","4.29"
"Albany","16","1796","New York","5/27/20","1682","114","36001","6.78"
"Allegany","0","45","New York","5/27/20","44","1","36003","2.27"
"Broome","13","528","New York","5/27/20","436","92","36007","21.1"
"Cattaraugus","2","82","New York","5/27/20","70","12","36009","17.14"
"Cayuga","2","80","New York","5/27/20","68","12","36011","17.65"
"Chautauqua","4","78","New York","5/27/20","50","28","36013","56"
"Chemung","0","136","New York","5/27/20","134","2","36015","1.49"
"Chenango","1","125","New York","5/27/20","118","7","36017","5.93"
"Clinton","0","95","New York","5/27/20","94","1","36019","1.06"
"Columbia","4","380","New York","5/27/20","350","30","36021","8.57"
"Cortland","0","39","New York","5/27/20","36","3","36023","8.33"
"Delaware","1","78","New York","5/27/20","69","9","36025","13.04"
"Dutchess","18","3847","New York","5/27/20","3724","123","36027","3.3"
"Erie","97","5810","New York","5/27/20","5131","679","36029","13.23"
"Essex","0","36","New York","5/27/20","34","2","36031","5.88"
"Franklin","0","20","New York","5/27/20","18","2","36033","11.11"
"Fulton","2","198","New York","5/27/20","184","14","36035","7.61"
"Genesee","2","195","New York","5/27/20","184","11","36037","5.98"
"Greene","2","231","New York","5/27/20","215","16","36039","7.44"
"Hamilton","0","5","New York","5/27/20","5","0","36041","0"
"Herkimer","2","105","New York","5/27/20","93","12","36043","12.9"
"Jefferson","0","72","New York","5/27/20","71","1","36045","1.41"
"Lewis","0","20","New York","5/27/20","18","2","36049","11.11"
"Livingston","1","118","New York","5/27/20","111","7","36051","6.31"
"Madison","3","310","New York","5/27/20","292","18","36053","6.16"
"Monroe","47","2791","New York","5/27/20","2465","326","36055","13.23"
"Montgomery","1","82","New York","5/27/20","75","7","36057","9.33"
"Nassau","95","40034","New York","5/27/20","39368","666","36059","1.69"
"New York","774","199968","New York","5/27/20","194550","5418","36061","2.78"
"Niagara","16","972","New York","5/27/20","858","114","36063","13.29"
"Oneida","18","929","New York","5/27/20","802","127","36065","15.84"
"Onondaga","45","2033","New York","5/27/20","1718","315","36067","18.34"
"Ontario","4","198","New York","5/27/20","170","28","36069","16.47"
"Orange","36","10292","New York","5/27/20","10043","249","36071","2.48"
"Orleans","6","210","New York","5/27/20","171","39","36073","22.81"
"Oswego","2","105","New York","5/27/20","90","15","36075","16.67"
"Otsego","0","69","New York","5/27/20","67","2","36077","2.99"
"Putnam","8","1227","New York","5/27/20","1168","59","36079","5.05"
"Rensselaer","2","466","New York","5/27/20","453","13","36083","2.87"
"Rockland","31","13047","New York","5/27/20","12831","216","36087","1.68"
"Saratoga","4","465","New York","5/27/20","438","27","36091","6.16"
"Schenectady","6","673","New York","5/27/20","633","40","36093","6.32"
"Schoharie","0","49","New York","5/27/20","48","1","36095","2.08"
"Schuyler","0","11","New York","5/27/20","10","1","36097","10"
"Seneca","0","55","New York","5/27/20","52","3","36099","5.77"
"St. Lawrence","1","200","New York","5/27/20","195","5","36089","2.56"
"Steuben","1","241","New York","5/27/20","237","4","36101","1.69"
"Suffolk","121","39258","New York","5/27/20","38411","847","36103","2.21"
"Sullivan","10","1340","New York","5/27/20","1267","73","36105","5.76"
"Tioga","1","124","New York","5/27/20","114","10","36107","8.77"
"Tompkins","1","155","New York","5/27/20","145","10","36109","6.9"
"Ulster","11","1645","New York","5/27/20","1571","74","36111","4.71"
"Warren","2","252","New York","5/27/20","235","17","36113","7.23"
"Washington","1","228","New York","5/27/20","221","7","36115","3.17"
"Wayne","1","110","New York","5/27/20","103","7","36117","6.8"
"Westchester","96","33186","New York","5/27/20","32517","669","36119","2.06"
"Wyoming","0","82","New York","5/27/20","79","3","36121","3.8"
"Yates","1","39","New York","5/27/20","34","5","36123","14.71"
"Alamance","10","305","North Carolina","5/27/20","234","71","37001","30.34"
"Alexander","1","28","North Carolina","5/27/20","23","5","37003","21.74"
"Alleghany","0","14","North Carolina","5/27/20","12","2","37005","16.67"
"Anson","2","62","North Carolina","5/27/20","50","12","37007","24"
"Ashe","1","35","North Carolina","5/27/20","28","7","37009","25"
"Avery","0","2","North Carolina","5/27/20","1","1","37011","100"
"Beaufort","0","36","North Carolina","5/27/20","33","3","37013","9.09"
"Bertie","2","115","North Carolina","5/27/20","98","17","37015","17.35"
"Bladen","2","94","North Carolina","5/27/20","81","13","37017","16.05"
"Brunswick","3","81","North Carolina","5/27/20","62","19","37019","30.65"
"Buncombe","14","279","North Carolina","5/27/20","183","96","37021","52.46"
"Burke","18","337","North Carolina","5/27/20","210","127","37023","60.48"
"Cabarrus","8","457","North Carolina","5/27/20","400","57","37025","14.25"
"Caldwell","3","114","North Carolina","5/27/20","92","22","37027","23.91"
"Camden","0","3","North Carolina","5/27/20","3","0","37029","0"
"Carteret","0","37","North Carolina","5/27/20","36","1","37031","2.78"
"Caswell","1","55","North Carolina","5/27/20","45","10","37033","22.22"
"Catawba","9","181","North Carolina","5/27/20","121","60","37035","49.59"
"Chatham","6","588","North Carolina","5/27/20","543","45","37037","8.29"
"Cherokee","0","30","North Carolina","5/27/20","30","0","37039","0"
"Chowan","0","16","North Carolina","5/27/20","15","1","37041","6.67"
"Clay","0","8","North Carolina","5/27/20","8","0","37043","0"
"Cleveland","2","73","North Carolina","5/27/20","60","13","37045","21.67"
"Columbus","7","306","North Carolina","5/27/20","259","47","37047","18.15"
"Craven","8","192","North Carolina","5/27/20","135","57","37049","42.22"
"Cumberland","13","600","North Carolina","5/27/20","511","89","37051","17.42"
"Currituck","0","13","North Carolina","5/27/20","11","2","37053","18.18"
"Dare","0","22","North Carolina","5/27/20","22","0","37055","0"
"Davidson","7","361","North Carolina","5/27/20","314","47","37057","14.97"
"Davie","3","79","North Carolina","5/27/20","55","24","37059","43.64"
"Duplin","34","707","North Carolina","5/27/20","470","237","37061","50.43"
"Durham","39","1379","North Carolina","5/27/20","1105","274","37063","24.8"
"Edgecombe","2","190","North Carolina","5/27/20","174","16","37065","9.2"
"Forsyth","39","1022","North Carolina","5/27/20","749","273","37067","36.45"
"Franklin","3","151","North Carolina","5/27/20","131","20","37069","15.27"
"Gaston","6","255","North Carolina","5/27/20","210","45","37071","21.43"
"Gates","1","24","North Carolina","5/27/20","14","10","37073","71.43"
"Graham","0","2","North Carolina","5/27/20","2","0","37075","0"
"Granville","7","258","North Carolina","5/27/20","208","50","37077","24.04"
"Greene","2","66","North Carolina","5/27/20","51","15","37079","29.41"
"Guilford","32","1143","North Carolina","5/27/20","916","227","37081","24.78"
"Halifax","5","157","North Carolina","5/27/20","125","32","37083","25.6"
"Harnett","3","278","North Carolina","5/27/20","255","23","37085","9.02"
"Haywood","2","44","North Carolina","5/27/20","28","16","37087","57.14"
"Henderson","4","325","North Carolina","5/27/20","299","26","37089","8.7"
"Hertford","2","72","North Carolina","5/27/20","60","12","37091","20"
"Hoke","7","214","North Carolina","5/27/20","166","48","37093","28.92"
"Hyde","0","1","North Carolina","5/27/20","1","0","37095","0"
"Iredell","5","236","North Carolina","5/27/20","202","34","37097","16.83"
"Jackson","0","27","North Carolina","5/27/20","27","0","37099","0"
"Johnston","13","365","North Carolina","5/27/20","276","89","37101","32.25"
"Jones","1","28","North Carolina","5/27/20","23","5","37103","21.74"
"Lee","5","376","North Carolina","5/27/20","341","35","37105","10.26"
"Lenoir","5","197","North Carolina","5/27/20","164","33","37107","20.12"
"Lincoln","1","61","North Carolina","5/27/20","52","9","37109","17.31"
"Macon","2","18","North Carolina","5/27/20","5","13","37113","260"
"Madison","0","4","North Carolina","5/27/20","2","2","37115","100"
"Martin","3","61","North Carolina","5/27/20","39","22","37117","56.41"
"McDowell","3","52","North Carolina","5/27/20","33","19","37111","57.58"
"Mecklenburg","100","3478","North Carolina","5/27/20","2780","698","37119","25.11"
"Mitchell","0","9","North Carolina","5/27/20","8","1","37121","12.5"
"Montgomery","4","98","North Carolina","5/27/20","68","30","37123","44.12"
"Moore","6","213","North Carolina","5/27/20","173","40","37125","23.12"
"Nash","4","184","North Carolina","5/27/20","158","26","37127","16.46"
"New Hanover","4","168","North Carolina","5/27/20","142","26","37129","18.31"
"Northampton","3","149","North Carolina","5/27/20","131","18","37131","13.74"
"Onslow","3","98","North Carolina","5/27/20","80","18","37133","22.5"
"Orange","4","314","North Carolina","5/27/20","289","25","37135","8.65"
"Pamlico","0","10","North Carolina","5/27/20","9","1","37137","11.11"
"Pasquotank","1","100","North Carolina","5/27/20","90","10","37139","11.11"
"Pender","3","74","North Carolina","5/27/20","50","24","37141","48"
"Perquimans","0","23","North Carolina","5/27/20","23","0","37143","0"
"Person","1","39","North Carolina","5/27/20","34","5","37145","14.71"
"Pitt","6","267","North Carolina","5/27/20","228","39","37147","17.11"
"Polk","0","35","North Carolina","5/27/20","35","0","37149","0"
"Randolph","20","624","North Carolina","5/27/20","486","138","37151","28.4"
"Richmond","5","153","North Carolina","5/27/20","121","32","37153","26.45"
"Robeson","13","680","North Carolina","5/27/20","591","89","37155","15.06"
"Rockingham","3","73","North Carolina","5/27/20","49","24","37157","48.98"
"Rowan","7","613","North Carolina","5/27/20","562","51","37159","9.07"
"Rutherford","3","174","North Carolina","5/27/20","155","19","37161","12.26"
"Sampson","19","409","North Carolina","5/27/20","273","136","37163","49.82"
"Scotland","2","69","North Carolina","5/27/20","56","13","37165","23.21"
"Stanly","3","54","North Carolina","5/27/20","33","21","37167","63.64"
"Stokes","3","58","North Carolina","5/27/20","39","19","37169","48.72"
"Surry","10","173","North Carolina","5/27/20","102","71","37171","69.61"
"Swain","1","10","North Carolina","5/27/20","6","4","37173","66.67"
"Transylvania","0","11","North Carolina","5/27/20","8","3","37175","37.5"
"Tyrrell","0","4","North Carolina","5/27/20","4","0","37177","0"
"Union","6","408","North Carolina","5/27/20","365","43","37179","11.78"
"Vance","9","266","North Carolina","5/27/20","202","64","37181","31.68"
"Wake","31","1523","North Carolina","5/27/20","1307","216","37183","16.53"
"Warren","3","54","North Carolina","5/27/20","36","18","37185","50"
"Washington","0","27","North Carolina","5/27/20","26","1","37187","3.85"
"Watauga","0","14","North Carolina","5/27/20","12","2","37189","16.67"
"Wayne","23","1047","North Carolina","5/27/20","888","159","37191","17.91"
"Wilkes","5","483","North Carolina","5/27/20","451","32","37193","7.1"
"Wilson","11","330","North Carolina","5/27/20","256","74","37195","28.91"
"Yadkin","4","153","North Carolina","5/27/20","123","30","37197","24.39"
"Yancey","0","11","North Carolina","5/27/20","10","1","37199","10"
"Barnes","0","4","North Dakota","5/27/20","4","0","38003","0"
"Benson","0","1","North Dakota","5/27/20","1","0","38005","0"
"Bottineau","0","2","North Dakota","5/27/20","1","1","38009","100"
"Bowman","0","1","North Dakota","5/27/20","1","0","38011","0"
"Burke","0","5","North Dakota","5/27/20","5","0","38013","0"
"Burleigh","0","123","North Dakota","5/27/20","120","3","38015","2.5"
"Cass","46","1596","North Dakota","5/27/20","1277","319","38017","24.98"
"Divide","0","1","North Dakota","5/27/20","1","0","38023","0"
"Dunn","0","12","North Dakota","5/27/20","12","0","38025","0"
"Eddy","0","4","North Dakota","5/27/20","2","2","38027","100"
"Emmons","0","4","North Dakota","5/27/20","1","3","38029","300"
"Foster","0","1","North Dakota","5/27/20","1","0","38031","0"
"Grand Forks","1","327","North Dakota","5/27/20","319","8","38035","2.51"
"Grant","0","2","North Dakota","5/27/20","2","0","38037","0"
"Griggs","0","1","North Dakota","5/27/20","0","1","38039","1"
"McHenry","0","2","North Dakota","5/27/20","2","0","38049","0"
"McIntosh","0","1","North Dakota","5/27/20","1","0","38051","0"
"McKenzie","0","16","North Dakota","5/27/20","16","0","38053","0"
"McLean","0","7","North Dakota","5/27/20","7","0","38055","0"
"Mercer","0","5","North Dakota","5/27/20","4","1","38057","25"
"Morton","-1","59","North Dakota","5/27/20","63","-4","38059","-6.35"
"Mountrail","0","39","North Dakota","5/27/20","39","0","38061","0"
"Nelson","0","1","North Dakota","5/27/20","2","-1","38063","-50"
"Oliver","0","1","North Dakota","5/27/20","1","0","38065","0"
"Pembina","0","6","North Dakota","5/27/20","6","0","38067","0"
"Pierce","0","3","North Dakota","5/27/20","3","0","38069","0"
"Ramsey","0","8","North Dakota","5/27/20","8","0","38071","0"
"Ransom","0","8","North Dakota","5/27/20","7","1","38073","14.29"
"Renville","0","1","North Dakota","5/27/20","1","0","38075","0"
"Richland","1","19","North Dakota","5/27/20","13","6","38077","46.15"
"Rolette","0","5","North Dakota","5/27/20","4","1","38079","25"
"Sargent","0","3","North Dakota","5/27/20","3","0","38081","0"
"Sioux","0","2","North Dakota","5/27/20","2","0","38085","0"
"Slope","0","3","North Dakota","5/27/20","3","0","38087","0"
"Stark","0","61","North Dakota","5/27/20","61","0","38089","0"
"Steele","0","1","North Dakota","5/27/20","1","0","38091","0"
"Stutsman","0","18","North Dakota","5/27/20","17","1","38093","5.88"
"Traill","-1","10","North Dakota","5/27/20","20","-10","38097","-50"
"Walsh","0","13","North Dakota","5/27/20","11","2","38099","18.18"
"Ward","1","36","North Dakota","5/27/20","29","7","38101","24.14"
"Wells","0","3","North Dakota","5/27/20","2","1","38103","50"
"Williams","0","24","North Dakota","5/27/20","22","2","38105","9.09"
"","0","22","Northern Mariana Islands","5/27/20","21","1",,"4.76"
"Adams","0","8","Ohio","5/27/20","8","0","39001","0"
"Allen","4","201","Ohio","5/27/20","172","29","39003","16.86"
"Ashland","0","19","Ohio","5/27/20","17","2","39005","11.76"
"Ashtabula","9","316","Ohio","5/27/20","250","66","39007","26.4"
"Athens","1","18","Ohio","5/27/20","13","5","39009","38.46"
"Auglaize","1","64","Ohio","5/27/20","57","7","39011","12.28"
"Belmont","7","403","Ohio","5/27/20","352","51","39013","14.49"
"Brown","0","25","Ohio","5/27/20","23","2","39015","8.7"
"Butler","22","826","Ohio","5/27/20","671","155","39017","23.1"
"Carroll","0","29","Ohio","5/27/20","26","3","39019","11.54"
"Champaign","0","27","Ohio","5/27/20","25","2","39021","8"
"Clark","9","231","Ohio","5/27/20","166","65","39023","39.16"
"Clermont","5","197","Ohio","5/27/20","160","37","39025","23.12"
"Clinton","0","43","Ohio","5/27/20","43","0","39027","0"
"Columbiana","32","682","Ohio","5/27/20","457","225","39029","49.23"
"Coshocton","2","34","Ohio","5/27/20","22","12","39031","54.55"
"Crawford","1","110","Ohio","5/27/20","101","9","39033","8.91"
"Cuyahoga","89","4137","Ohio","5/27/20","3512","625","39035","17.8"
"Darke","3","156","Ohio","5/27/20","134","22","39037","16.42"
"Defiance","0","33","Ohio","5/27/20","30","3","39039","10"
"Delaware","4","302","Ohio","5/27/20","277","25","39041","9.03"
"Erie","6","163","Ohio","5/27/20","124","39","39043","31.45"
"Fairfield","4","248","Ohio","5/27/20","217","31","39045","14.29"
"Fayette","1","37","Ohio","5/27/20","32","5","39047","15.62"
"Franklin","99","5486","Ohio","5/27/20","4793","693","39049","14.46"
"Fulton","0","36","Ohio","5/27/20","35","1","39051","2.86"
"Gallia","0","7","Ohio","5/27/20","8","-1","39053","-12.5"
"Geauga","4","261","Ohio","5/27/20","231","30","39055","12.99"
"Greene","2","98","Ohio","5/27/20","85","13","39057","15.29"
"Guernsey","1","33","Ohio","5/27/20","28","5","39059","17.86"
"Hamilton","51","2523","Ohio","5/27/20","2167","356","39061","16.43"
"Hancock","0","48","Ohio","5/27/20","46","2","39063","4.35"
"Hardin","2","41","Ohio","5/27/20","30","11","39065","36.67"
"Harrison","0","10","Ohio","5/27/20","10","0","39067","0"
"Henry","0","15","Ohio","5/27/20","12","3","39069","25"
"Highland","0","19","Ohio","5/27/20","16","3","39071","18.75"
"Hocking","1","69","Ohio","5/27/20","63","6","39073","9.52"
"Holmes","2","29","Ohio","5/27/20","15","14","39075","93.33"
"Huron","2","55","Ohio","5/27/20","44","11","39077","25"
"Jackson","0","12","Ohio","5/27/20","11","1","39079","9.09"
"Jefferson","0","65","Ohio","5/27/20","62","3","39081","4.84"
"Knox","0","23","Ohio","5/27/20","23","0","39083","0"
"Lake","7","287","Ohio","5/27/20","235","52","39085","22.13"
"Lawrence","0","28","Ohio","5/27/20","28","0","39087","0"
"Licking","3","218","Ohio","5/27/20","197","21","39089","10.66"
"Logan","2","37","Ohio","5/27/20","25","12","39091","48"
"Lorain","6","659","Ohio","5/27/20","620","39","39093","6.29"
"Lucas","20","2162","Ohio","5/27/20","2021","141","39095","6.98"
"Madison","6","144","Ohio","5/27/20","102","42","39097","41.18"
"Mahoning","16","1367","Ohio","5/27/20","1252","115","39099","9.19"
"Marion","13","2628","Ohio","5/27/20","2540","88","39101","3.46"
"Medina","10","310","Ohio","5/27/20","237","73","39103","30.8"
"Meigs","0","6","Ohio","5/27/20","3","3","39105","100"
"Mercer","6","201","Ohio","5/27/20","162","39","39107","24.07"
"Miami","2","351","Ohio","5/27/20","337","14","39109","4.15"
"Monroe","2","74","Ohio","5/27/20","59","15","39111","25.42"
"Montgomery","11","617","Ohio","5/27/20","539","78","39113","14.47"
"Morgan","0","5","Ohio","5/27/20","5","0","39115","0"
"Morrow","0","104","Ohio","5/27/20","104","0","39117","0"
"Muskingum","1","46","Ohio","5/27/20","40","6","39119","15"
"Noble","0","5","Ohio","5/27/20","5","0","39121","0"
"Ottawa","4","94","Ohio","5/27/20","64","30","39123","46.88"
"Paulding","0","13","Ohio","5/27/20","12","1","39125","8.33"
"Perry","0","18","Ohio","5/27/20","15","3","39127","20"
"Pickaway","2","2046","Ohio","5/27/20","2029","17","39129","0.84"
"Pike","0","6","Ohio","5/27/20","6","0","39131","0"
"Portage","2","313","Ohio","5/27/20","298","15","39133","5.03"
"Preble","0","31","Ohio","5/27/20","30","1","39135","3.33"
"Putnam","0","87","Ohio","5/27/20","84","3","39137","3.57"
"Richland","3","189","Ohio","5/27/20","166","23","39139","13.86"
"Ross","1","67","Ohio","5/27/20","60","7","39141","11.67"
"Sandusky","1","70","Ohio","5/27/20","63","7","39143","11.11"
"Scioto","0","15","Ohio","5/27/20","14","1","39145","7.14"
"Seneca","0","19","Ohio","5/27/20","16","3","39147","18.75"
"Shelby","1","40","Ohio","5/27/20","35","5","39149","14.29"
"Stark","11","700","Ohio","5/27/20","620","80","39151","12.9"
"Summit","34","1315","Ohio","5/27/20","1077","238","39153","22.1"
"Trumbull","9","544","Ohio","5/27/20","478","66","39155","13.81"
"Tuscarawas","6","326","Ohio","5/27/20","281","45","39157","16.01"
"Union","1","46","Ohio","5/27/20","37","9","39159","24.32"
"Van Wert","0","6","Ohio","5/27/20","4","2","39161","50"
"Vinton","0","19","Ohio","5/27/20","16","3","39163","18.75"
"Warren","7","344","Ohio","5/27/20","292","52","39165","17.81"
"Washington","0","118","Ohio","5/27/20","116","2","39167","1.72"
"Wayne","7","256","Ohio","5/27/20","209","47","39169","22.49"
"Williams","1","52","Ohio","5/27/20","48","4","39171","8.33"
"Wood","4","280","Ohio","5/27/20","254","26","39173","10.24"
"Wyandot","1","37","Ohio","5/27/20","33","4","39175","12.12"
"Adair","1","82","Oklahoma","5/27/20","78","4","40001","5.13"
"Alfalfa","0","1","Oklahoma","5/27/20","1","0","40003","0"
"Atoka","0","2","Oklahoma","5/27/20","1","1","40005","100"
"Beaver","0","24","Oklahoma","5/27/20","23","1","40007","4.35"
"Beckham","0","6","Oklahoma","5/27/20","6","0","40009","0"
"Blaine","0","6","Oklahoma","5/27/20","3","3","40011","100"
"Bryan","1","23","Oklahoma","5/27/20","19","4","40013","21.05"
"Caddo","4","153","Oklahoma","5/27/20","126","27","40015","21.43"
"Canadian","1","128","Oklahoma","5/27/20","120","8","40017","6.67"
"Carter","3","36","Oklahoma","5/27/20","15","21","40019","140"
"Cherokee","0","29","Oklahoma","5/27/20","29","0","40021","0"
"Choctaw","2","27","Oklahoma","5/27/20","12","15","40023","125"
"Cimarron","0","1","Oklahoma","5/27/20","1","0","40025","0"
"Cleveland","3","494","Oklahoma","5/27/20","472","22","40027","4.66"
"Coal","0","1","Oklahoma","5/27/20","1","0","40029","0"
"Comanche","6","274","Oklahoma","5/27/20","229","45","40031","19.65"
"Cotton","0","5","Oklahoma","5/27/20","5","0","40033","0"
"Craig","0","15","Oklahoma","5/27/20","15","0","40035","0"
"Creek","1","93","Oklahoma","5/27/20","85","8","40037","9.41"
"Custer","0","13","Oklahoma","5/27/20","12","1","40039","8.33"
"Delaware","1","100","Oklahoma","5/27/20","96","4","40041","4.17"
"Dewey","0","4","Oklahoma","5/27/20","2","2","40043","100"
"Garfield","0","26","Oklahoma","5/27/20","24","2","40047","8.33"
"Garvin","0","16","Oklahoma","5/27/20","15","1","40049","6.67"
"Grady","2","83","Oklahoma","5/27/20","68","15","40051","22.06"
"Grant","0","2","Oklahoma","5/27/20","2","0","40053","0"
"Greer","0","66","Oklahoma","5/27/20","66","0","40055","0"
"Harper","0","1","Oklahoma","5/27/20","1","0","40059","0"
"Haskell","0","6","Oklahoma","5/27/20","6","0","40061","0"
"Jackson","0","24","Oklahoma","5/27/20","21","3","40065","14.29"
"Jefferson","0","4","Oklahoma","5/27/20","3","1","40067","33.33"
"Johnston","0","3","Oklahoma","5/27/20","3","0","40069","0"
"Kay","0","52","Oklahoma","5/27/20","50","2","40071","4"
"Kingfisher","0","11","Oklahoma","5/27/20","10","1","40073","10"
"Kiowa","0","6","Oklahoma","5/27/20","6","0","40075","0"
"Latimer","0","5","Oklahoma","5/27/20","5","0","40077","0"
"Le Flore","0","14","Oklahoma","5/27/20","13","1","40079","7.69"
"Lincoln","0","22","Oklahoma","5/27/20","19","3","40081","15.79"
"Logan","0","19","Oklahoma","5/27/20","18","1","40083","5.56"
"Love","2","15","Oklahoma","5/27/20","4","11","40085","275"
"Major","0","6","Oklahoma","5/27/20","6","0","40093","0"
"Marshall","0","8","Oklahoma","5/27/20","6","2","40095","33.33"
"Mayes","0","30","Oklahoma","5/27/20","28","2","40097","7.14"
"McClain","1","101","Oklahoma","5/27/20","95","6","40087","6.32"
"McCurtain","3","32","Oklahoma","5/27/20","13","19","40089","146.15"
"McIntosh","0","11","Oklahoma","5/27/20","10","1","40091","10"
"Murray","0","3","Oklahoma","5/27/20","2","1","40099","50"
"Muskogee","1","39","Oklahoma","5/27/20","30","9","40101","30"
"Noble","0","7","Oklahoma","5/27/20","7","0","40103","0"
"Nowata","0","23","Oklahoma","5/27/20","23","0","40105","0"
"Okfuskee","0","3","Oklahoma","5/27/20","2","1","40107","50"
"Oklahoma","19","1227","Oklahoma","5/27/20","1093","134","40109","12.26"
"Okmulgee","1","23","Oklahoma","5/27/20","18","5","40111","27.78"
"Osage","0","93","Oklahoma","5/27/20","92","1","40113","1.09"
"Ottawa","0","35","Oklahoma","5/27/20","35","0","40115","0"
"Pawnee","0","30","Oklahoma","5/27/20","29","1","40117","3.45"
"Payne","0","45","Oklahoma","5/27/20","45","0","40119","0"
"Pittsburg","0","40","Oklahoma","5/27/20","39","1","40121","2.56"
"Pontotoc","0","12","Oklahoma","5/27/20","11","1","40123","9.09"
"Pottawatomie","0","58","Oklahoma","5/27/20","56","2","40125","3.57"
"Pushmataha","0","2","Oklahoma","5/27/20","2","0","40127","0"
"Rogers","1","79","Oklahoma","5/27/20","72","7","40131","9.72"
"Seminole","0","23","Oklahoma","5/27/20","21","2","40133","9.52"
"Sequoyah","0","14","Oklahoma","5/27/20","14","0","40135","0"
"Stephens","2","37","Oklahoma","5/27/20","25","12","40137","48"
"Texas","16","902","Oklahoma","5/27/20","791","111","40139","14.03"
"Tillman","0","23","Oklahoma","5/27/20","22","1","40141","4.55"
"Tulsa","21","958","Oklahoma","5/27/20","814","144","40143","17.69"
"Wagoner","2","150","Oklahoma","5/27/20","137","13","40145","9.49"
"Washington","1","314","Oklahoma","5/27/20","304","10","40147","3.29"
"Washita","0","2","Oklahoma","5/27/20","1","1","40149","100"
"Woods","0","3","Oklahoma","5/27/20","3","0","40151","0"
"Woodward","0","4","Oklahoma","5/27/20","1","3","40153","300"
"Baker","0","1","Oregon","5/27/20","1","0","41001","0"
"Benton","0","55","Oregon","5/27/20","55","0","41003","0"
"Clackamas","2","300","Oregon","5/27/20","284","16","41005","5.63"
"Clatsop","0","45","Oregon","5/27/20","42","3","41007","7.14"
"Columbia","0","16","Oregon","5/27/20","16","0","41009","0"
"Coos","0","31","Oregon","5/27/20","30","1","41011","3.33"
"Crook","1","6","Oregon","5/27/20","1","5","41013","500"
"Curry","0","6","Oregon","5/27/20","5","1","41015","20"
"Deschutes","1","120","Oregon","5/27/20","116","4","41017","3.45"
"Douglas","0","25","Oregon","5/27/20","25","0","41019","0"
"Grant","0","1","Oregon","5/27/20","1","0","41023","0"
"Harney","0","1","Oregon","5/27/20","1","0","41025","0"
"Hood River","0","13","Oregon","5/27/20","14","-1","41027","-7.14"
"Jackson","2","65","Oregon","5/27/20","52","13","41029","25"
"Jefferson","0","24","Oregon","5/27/20","24","0","41031","0"
"Josephine","0","25","Oregon","5/27/20","27","-2","41033","-7.41"
"Klamath","0","41","Oregon","5/27/20","41","0","41035","0"
"Lake","0","2","Oregon","5/27/20","0","2","41037","1"
"Lane","0","67","Oregon","5/27/20","66","1","41039","1.52"
"Lincoln","0","11","Oregon","5/27/20","8","3","41041","37.5"
"Linn","1","115","Oregon","5/27/20","110","5","41043","4.55"
"Malheur","1","28","Oregon","5/27/20","21","7","41045","33.33"
"Marion","6","920","Oregon","5/27/20","879","41","41047","4.66"
"Morrow","0","12","Oregon","5/27/20","12","0","41049","0"
"Multnomah","11","1093","Oregon","5/27/20","1018","75","41051","7.37"
"Polk","1","98","Oregon","5/27/20","94","4","41053","4.26"
"Sherman","0","1","Oregon","5/27/20","1","0","41055","0"
"Tillamook","0","6","Oregon","5/27/20","6","0","41057","0"
"Umatilla","1","112","Oregon","5/27/20","105","7","41059","6.67"
"Union","0","6","Oregon","5/27/20","6","0","41061","0"
"Wallowa","0","2","Oregon","5/27/20","1","1","41063","100"
"Wasco","0","20","Oregon","5/27/20","18","2","41065","11.11"
"Washington","6","703","Oregon","5/27/20","658","45","41067","6.84"
"Yamhill","1","67","Oregon","5/27/20","63","4","41071","6.35"
"Adams","6","236","Pennsylvania","5/27/20","197","39","42001","19.8"
"Allegheny","20","1828","Pennsylvania","5/27/20","1687","141","42003","8.36"
"Armstrong","0","61","Pennsylvania","5/27/20","58","3","42005","5.17"
"Beaver","4","570","Pennsylvania","5/27/20","539","31","42007","5.75"
"Bedford","1","38","Pennsylvania","5/27/20","32","6","42009","18.75"
"Berks","27","3952","Pennsylvania","5/27/20","3763","189","42011","5.02"
"Blair","1","48","Pennsylvania","5/27/20","39","9","42013","23.08"
"Bradford","1","46","Pennsylvania","5/27/20","41","5","42015","12.2"
"Bucks","38","4930","Pennsylvania","5/27/20","4662","268","42017","5.75"
"Butler","2","222","Pennsylvania","5/27/20","208","14","42019","6.73"
"Cambria","0","57","Pennsylvania","5/27/20","54","3","42021","5.56"
"Cameron","0","2","Pennsylvania","5/27/20","2","0","42023","0"
"Carbon","2","232","Pennsylvania","5/27/20","219","13","42025","5.94"
"Centre","2","149","Pennsylvania","5/27/20","133","16","42027","12.03"
"Chester","41","2504","Pennsylvania","5/27/20","2217","287","42029","12.95"
"Clarion","1","29","Pennsylvania","5/27/20","25","4","42031","16"
"Clearfield","1","37","Pennsylvania","5/27/20","33","4","42033","12.12"
"Clinton","1","54","Pennsylvania","5/27/20","45","9","42035","20"
"Columbia","1","346","Pennsylvania","5/27/20","340","6","42037","1.76"
"Crawford","0","23","Pennsylvania","5/27/20","21","2","42039","9.52"
"Cumberland","9","611","Pennsylvania","5/27/20","545","66","42041","12.11"
"Dauphin","23","1174","Pennsylvania","5/27/20","1012","162","42043","16.01"
"Delaware","64","6289","Pennsylvania","5/27/20","5844","445","42045","7.61"
"Elk","0","6","Pennsylvania","5/27/20","6","0","42047","0"
"Erie","10","235","Pennsylvania","5/27/20","163","72","42049","44.17"
"Fayette","0","95","Pennsylvania","5/27/20","93","2","42051","2.15"
"Forest","0","7","Pennsylvania","5/27/20","7","0","42053","0"
"Franklin","13","756","Pennsylvania","5/27/20","662","94","42055","14.2"
"Fulton","0","15","Pennsylvania","5/27/20","13","2","42057","15.38"
"Greene","0","27","Pennsylvania","5/27/20","27","0","42059","0"
"Huntingdon","2","228","Pennsylvania","5/27/20","215","13","42061","6.05"
"Indiana","1","90","Pennsylvania","5/27/20","86","4","42063","4.65"
"Jefferson","0","7","Pennsylvania","5/27/20","7","0","42065","0"
"Juniata","0","95","Pennsylvania","5/27/20","94","1","42067","1.06"
"Lackawanna","16","1511","Pennsylvania","5/27/20","1400","111","42069","7.93"
"Lancaster","62","3031","Pennsylvania","5/27/20","2599","432","42071","16.62"
"Lawrence","0","74","Pennsylvania","5/27/20","73","1","42073","1.37"
"Lebanon","7","936","Pennsylvania","5/27/20","885","51","42075","5.76"
"Lehigh","21","3699","Pennsylvania","5/27/20","3550","149","42077","4.2"
"Luzerne","15","2677","Pennsylvania","5/27/20","2572","105","42079","4.08"
"Lycoming","1","161","Pennsylvania","5/27/20","152","9","42081","5.92"
"McKean","0","12","Pennsylvania","5/27/20","11","1","42083","9.09"
"Mercer","1","106","Pennsylvania","5/27/20","96","10","42085","10.42"
"Mifflin","0","58","Pennsylvania","5/27/20","57","1","42087","1.75"
"Monroe","5","1310","Pennsylvania","5/27/20","1278","32","42089","2.5"
"Montgomery","83","6738","Pennsylvania","5/27/20","6154","584","42091","9.49"
"Montour","0","50","Pennsylvania","5/27/20","50","0","42093","0"
"Northampton","26","2958","Pennsylvania","5/27/20","2779","179","42095","6.44"
"Northumberland","5","182","Pennsylvania","5/27/20","150","32","42097","21.33"
"Perry","2","53","Pennsylvania","5/27/20","42","11","42099","26.19"
"Philadelphia","231","21975","Pennsylvania","5/27/20","20359","1616","42101","7.94"
"Pike","1","476","Pennsylvania","5/27/20","470","6","42103","1.28"
"Potter","0","4","Pennsylvania","5/27/20","4","0","42105","0"
"Schuylkill","9","601","Pennsylvania","5/27/20","541","60","42107","11.09"
"Snyder","1","39","Pennsylvania","5/27/20","33","6","42109","18.18"
"Somerset","0","37","Pennsylvania","5/27/20","37","0","42111","0"
"Sullivan","0","2","Pennsylvania","5/27/20","2","0","42113","0"
"Susquehanna","2","98","Pennsylvania","5/27/20","87","11","42115","12.64"
"Tioga","0","16","Pennsylvania","5/27/20","16","0","42117","0"
"Union","0","56","Pennsylvania","5/27/20","56","0","42119","0"
"Venango","0","8","Pennsylvania","5/27/20","8","0","42121","0"
"Warren","0","3","Pennsylvania","5/27/20","2","1","42123","50"
"Washington","1","138","Pennsylvania","5/27/20","130","8","42125","6.15"
"Wayne","1","118","Pennsylvania","5/27/20","110","8","42127","7.27"
"Westmoreland","1","442","Pennsylvania","5/27/20","432","10","42129","2.31"
"Wyoming","0","33","Pennsylvania","5/27/20","30","3","42131","10"
"York","12","956","Pennsylvania","5/27/20","872","84","42133","9.63"
"","76","3397","Puerto Rico","5/27/20","2866","531",,"18.53"
"Bristol","4","223","Rhode Island","5/27/20","198","25","44001","12.63"
"Kent","11","1032","Rhode Island","5/27/20","958","74","44003","7.72"
"Newport","4","235","Rhode Island","5/27/20","206","29","44005","14.08"
"Providence","128","10874","Rhode Island","5/27/20","9976","898","44007","9"
"Washington","4","493","Rhode Island","5/27/20","462","31","44009","6.71"
"Abbeville","0","35","South Carolina","5/27/20","36","-1","45001","-2.78"
"Aiken","3","184","South Carolina","5/27/20","160","24","45003","15"
"Allendale","0","34","South Carolina","5/27/20","33","1","45005","3.03"
"Anderson","1","222","South Carolina","5/27/20","213","9","45007","4.23"
"Bamberg","0","21","South Carolina","5/27/20","18","3","45009","16.67"
"Barnwell","0","43","South Carolina","5/27/20","41","2","45011","4.88"
"Beaufort","6","346","South Carolina","5/27/20","304","42","45013","13.82"
"Berkeley","2","219","South Carolina","5/27/20","205","14","45015","6.83"
"Calhoun","0","10","South Carolina","5/27/20","9","1","45017","11.11"
"Charleston","9","576","South Carolina","5/27/20","515","61","45019","11.84"
"Cherokee","1","32","South Carolina","5/27/20","25","7","45021","28"
"Chester","3","59","South Carolina","5/27/20","41","18","45023","43.9"
"Chesterfield","6","149","South Carolina","5/27/20","105","44","45025","41.9"
"Clarendon","1","295","South Carolina","5/27/20","290","5","45027","1.72"
"Colleton","2","76","South Carolina","5/27/20","60","16","45029","26.67"
"Darlington","4","260","South Carolina","5/27/20","232","28","45031","12.07"
"Dillon","3","155","South Carolina","5/27/20","135","20","45033","14.81"
"Dorchester","5","151","South Carolina","5/27/20","118","33","45035","27.97"
"Edgefield","1","49","South Carolina","5/27/20","45","4","45037","8.89"
"Fairfield","3","163","South Carolina","5/27/20","139","24","45039","17.27"
"Florence","9","612","South Carolina","5/27/20","550","62","45041","11.27"
"Georgetown","3","71","South Carolina","5/27/20","53","18","45043","33.96"
"Greenville","30","1364","South Carolina","5/27/20","1155","209","45045","18.1"
"Greenwood","4","103","South Carolina","5/27/20","72","31","45047","43.06"
"Hampton","1","34","South Carolina","5/27/20","30","4","45049","13.33"
"Horry","11","392","South Carolina","5/27/20","314","78","45051","24.84"
"Jasper","2","39","South Carolina","5/27/20","28","11","45053","39.29"
"Kershaw","5","312","South Carolina","5/27/20","275","37","45055","13.45"
"Lancaster","2","124","South Carolina","5/27/20","108","16","45057","14.81"
"Laurens","0","60","South Carolina","5/27/20","57","3","45059","5.26"
"Lee","5","208","South Carolina","5/27/20","175","33","45061","18.86"
"Lexington","9","581","South Carolina","5/27/20","519","62","45063","11.95"
"Marion","2","67","South Carolina","5/27/20","56","11","45067","19.64"
"Marlboro","7","132","South Carolina","5/27/20","80","52","45069","65"
"McCormick","0","8","South Carolina","5/27/20","7","1","45065","14.29"
"Newberry","2","49","South Carolina","5/27/20","33","16","45071","48.48"
"Oconee","1","48","South Carolina","5/27/20","41","7","45073","17.07"
"Orangeburg","6","160","South Carolina","5/27/20","117","43","45075","36.75"
"Pickens","4","128","South Carolina","5/27/20","97","31","45077","31.96"
"Richland","17","1405","South Carolina","5/27/20","1287","118","45079","9.17"
"Saluda","1","137","South Carolina","5/27/20","127","10","45081","7.87"
"Spartanburg","16","529","South Carolina","5/27/20","415","114","45083","27.47"
"Sumter","5","357","South Carolina","5/27/20","324","33","45085","10.19"
"Union","1","35","South Carolina","5/27/20","31","4","45087","12.9"
"Williamsburg","6","226","South Carolina","5/27/20","183","43","45089","23.5"
"York","7","363","South Carolina","5/27/20","317","46","45091","14.51"
"Aurora","2","22","South Dakota","5/27/20","8","14","46003","175"
"Beadle","14","163","South Dakota","5/27/20","68","95","46005","139.71"
"Bon Homme","1","8","South Dakota","5/27/20","4","4","46009","100"
"Brookings","0","15","South Dakota","5/27/20","14","1","46011","7.14"
"Brown","7","261","South Dakota","5/27/20","211","50","46013","23.7"
"Buffalo","1","9","South Dakota","5/27/20","5","4","46017","80"
"Charles Mix","1","14","South Dakota","5/27/20","10","4","46023","40"
"Clark","0","4","South Dakota","5/27/20","4","0","46025","0"
"Clay","0","15","South Dakota","5/27/20","15","0","46027","0"
"Codington","2","34","South Dakota","5/27/20","17","17","46029","100"
"Corson","0","4","South Dakota","5/27/20","4","0","46031","0"
"Davison","0","11","South Dakota","5/27/20","9","2","46035","22.22"
"Day","0","13","South Dakota","5/27/20","11","2","46037","18.18"
"Deuel","0","1","South Dakota","5/27/20","1","0","46039","0"
"Douglas","0","3","South Dakota","5/27/20","1","2","46043","200"
"Fall River","0","4","South Dakota","5/27/20","4","0","46047","0"
"Faulk","0","1","South Dakota","5/27/20","1","0","46049","0"
"Grant","0","11","South Dakota","5/27/20","9","2","46051","22.22"
"Hamlin","0","4","South Dakota","5/27/20","3","1","46057","33.33"
"Hand","0","1","South Dakota","5/27/20","1","0","46059","0"
"Hughes","0","19","South Dakota","5/27/20","17","2","46065","11.76"
"Hutchinson","0","4","South Dakota","5/27/20","3","1","46067","33.33"
"Hyde","0","1","South Dakota","5/27/20","1","0","46069","0"
"Jackson","0","2","South Dakota","5/27/20","0","2","46071","1"
"Jerauld","3","29","South Dakota","5/27/20","10","19","46073","190"
"Lake","0","6","South Dakota","5/27/20","5","1","46079","20"
"Lawrence","0","9","South Dakota","5/27/20","9","0","46081","0"
"Lincoln","4","236","South Dakota","5/27/20","209","27","46083","12.92"
"Lyman","1","13","South Dakota","5/27/20","9","4","46085","44.44"
"Marshall","0","4","South Dakota","5/27/20","3","1","46091","33.33"
"McCook","0","5","South Dakota","5/27/20","5","0","46087","0"
"McPherson","0","1","South Dakota","5/27/20","1","0","46089","0"
"Meade","1","10","South Dakota","5/27/20","5","5","46093","100"
"Miner","0","1","South Dakota","5/27/20","1","0","46097","0"
"Minnehaha","17","3300","South Dakota","5/27/20","3182","118","46099","3.71"
"Moody","0","18","South Dakota","5/27/20","18","0","46101","0"
"Oglala Lakota","1","20","South Dakota","5/27/20","14","6","46102","42.86"
"Pennington","12","172","South Dakota","5/27/20","85","87","46103","102.35"
"Roberts","3","39","South Dakota","5/27/20","20","19","46109","95"
"Sanborn","1","11","South Dakota","5/27/20","7","4","46111","57.14"
"Spink","0","4","South Dakota","5/27/20","4","0","46115","0"
"Stanley","0","10","South Dakota","5/27/20","9","1","46117","11.11"
"Sully","0","1","South Dakota","5/27/20","1","0","46119","0"
"Todd","1","22","South Dakota","5/27/20","17","5","46121","29.41"
"Tripp","1","6","South Dakota","5/27/20","2","4","46123","200"
"Turner","0","24","South Dakota","5/27/20","22","2","46125","9.09"
"Union","3","87","South Dakota","5/27/20","68","19","46127","27.94"
"Walworth","0","5","South Dakota","5/27/20","5","0","46129","0"
"Yankton","1","51","South Dakota","5/27/20","44","7","46135","15.91"
"Ziebach","0","1","South Dakota","5/27/20","1","0","46137","0"
"Anderson","0","40","Tennessee","5/27/20","37","3","47001","8.11"
"Bedford","2","270","Tennessee","5/27/20","257","13","47003","5.06"
"Benton","0","7","Tennessee","5/27/20","7","0","47005","0"
"Bledsoe","0","608","Tennessee","5/27/20","607","1","47007","0.16"
"Blount","2","89","Tennessee","5/27/20","76","13","47009","17.11"
"Bradley","3","105","Tennessee","5/27/20","84","21","47011","25"
"Campbell","0","17","Tennessee","5/27/20","17","0","47013","0"
"Cannon","1","17","Tennessee","5/27/20","13","4","47015","30.77"
"Carroll","0","27","Tennessee","5/27/20","25","2","47017","8"
"Carter","0","19","Tennessee","5/27/20","19","0","47019","0"
"Cheatham","3","114","Tennessee","5/27/20","93","21","47021","22.58"
"Chester","0","13","Tennessee","5/27/20","12","1","47023","8.33"
"Claiborne","0","8","Tennessee","5/27/20","8","0","47025","0"
"Clay","0","6","Tennessee","5/27/20","6","0","47027","0"
"Cocke","0","20","Tennessee","5/27/20","20","0","47029","0"
"Coffee","0","66","Tennessee","5/27/20","63","3","47031","4.76"
"Crockett","0","16","Tennessee","5/27/20","14","2","47033","14.29"
"Cumberland","2","111","Tennessee","5/27/20","94","17","47035","18.09"
"Davidson","93","4826","Tennessee","5/27/20","4174","652","47037","15.62"
"Decatur","0","5","Tennessee","5/27/20","5","0","47039","0"
"DeKalb","1","37","Tennessee","5/27/20","32","5","47041","15.62"
"Dickson","2","107","Tennessee","5/27/20","93","14","47043","15.05"
"Dyer","1","49","Tennessee","5/27/20","45","4","47045","8.89"
"Fayette","2","110","Tennessee","5/27/20","95","15","47047","15.79"
"Fentress","0","12","Tennessee","5/27/20","9","3","47049","33.33"
"Franklin","1","49","Tennessee","5/27/20","43","6","47051","13.95"
"Gibson","0","60","Tennessee","5/27/20","59","1","47053","1.69"
"Giles","0","12","Tennessee","5/27/20","12","0","47055","0"
"Grainger","0","6","Tennessee","5/27/20","6","0","47057","0"
"Greene","0","48","Tennessee","5/27/20","46","2","47059","4.35"
"Grundy","0","32","Tennessee","5/27/20","31","1","47061","3.23"
"Hamblen","1","30","Tennessee","5/27/20","24","6","47063","25"
"Hamilton","42","670","Tennessee","5/27/20","377","293","47065","77.72"
"Hancock","0","1","Tennessee","5/27/20","1","0","47067","0"
"Hardeman","1","192","Tennessee","5/27/20","183","9","47069","4.92"
"Hardin","0","11","Tennessee","5/27/20","10","1","47071","10"
"Hawkins","0","31","Tennessee","5/27/20","31","0","47073","0"
"Haywood","0","30","Tennessee","5/27/20","29","1","47075","3.45"
"Henderson","0","14","Tennessee","5/27/20","12","2","47077","16.67"
"Henry","1","30","Tennessee","5/27/20","20","10","47079","50"
"Hickman","0","54","Tennessee","5/27/20","52","2","47081","3.85"
"Houston","0","8","Tennessee","5/27/20","7","1","47083","14.29"
"Humphreys","0","13","Tennessee","5/27/20","12","1","47085","8.33"
"Jackson","1","17","Tennessee","5/27/20","13","4","47087","30.77"
"Jefferson","0","28","Tennessee","5/27/20","26","2","47089","7.69"
"Johnson","0","15","Tennessee","5/27/20","15","0","47091","0"
"Knox","6","356","Tennessee","5/27/20","313","43","47093","13.74"
"Lake","1","413","Tennessee","5/27/20","403","10","47095","2.48"
"Lauderdale","1","56","Tennessee","5/27/20","48","8","47097","16.67"
"Lawrence","0","24","Tennessee","5/27/20","21","3","47099","14.29"
"Lewis","0","3","Tennessee","5/27/20","2","1","47101","50"
"Lincoln","1","25","Tennessee","5/27/20","17","8","47103","47.06"
"Loudon","6","137","Tennessee","5/27/20","97","40","47105","41.24"
"Macon","4","119","Tennessee","5/27/20","93","26","47111","27.96"
"Madison","2","174","Tennessee","5/27/20","162","12","47113","7.41"
"Marion","0","37","Tennessee","5/27/20","34","3","47115","8.82"
"Marshall","0","29","Tennessee","5/27/20","26","3","47117","11.54"
"Maury","1","81","Tennessee","5/27/20","71","10","47119","14.08"
"McMinn","2","136","Tennessee","5/27/20","125","11","47107","8.8"
"McNairy","0","12","Tennessee","5/27/20","12","0","47109","0"
"Meigs","0","25","Tennessee","5/27/20","22","3","47121","13.64"
"Monroe","1","59","Tennessee","5/27/20","51","8","47123","15.69"
"Montgomery","6","258","Tennessee","5/27/20","216","42","47125","19.44"
"Moore","0","3","Tennessee","5/27/20","3","0","47127","0"
"Morgan","0","17","Tennessee","5/27/20","17","0","47129","0"
"Obion","1","28","Tennessee","5/27/20","19","9","47131","47.37"
"Out of TN","-7","339","Tennessee","5/27/20","386","-47","80047","-12.18"
"Overton","1","25","Tennessee","5/27/20","18","7","47133","38.89"
"Perry","0","13","Tennessee","5/27/20","13","0","47135","0"
"Pickett","0","3","Tennessee","5/27/20","2","1","47137","50"
"Polk","0","15","Tennessee","5/27/20","14","1","47139","7.14"
"Putnam","20","428","Tennessee","5/27/20","286","142","47141","49.65"
"Rhea","26","197","Tennessee","5/27/20","15","182","47143","1213.33"
"Roane","1","16","Tennessee","5/27/20","9","7","47145","77.78"
"Robertson","18","426","Tennessee","5/27/20","298","128","47147","42.95"
"Rutherford","26","1090","Tennessee","5/27/20","906","184","47149","20.31"
"Scott","0","11","Tennessee","5/27/20","11","0","47151","0"
"Sequatchie","1","13","Tennessee","5/27/20","9","4","47153","44.44"
"Sevier","1","75","Tennessee","5/27/20","68","7","47155","10.29"
"Shelby","97","4615","Tennessee","5/27/20","3936","679","47157","17.25"
"Smith","0","30","Tennessee","5/27/20","29","1","47159","3.45"
"Stewart","0","10","Tennessee","5/27/20","8","2","47161","25"
"Sullivan","0","60","Tennessee","5/27/20","57","3","47163","5.26"
"Sumner","11","843","Tennessee","5/27/20","768","75","47165","9.77"
"Tipton","3","428","Tennessee","5/27/20","407","21","47167","5.16"
"Trousdale","1","1392","Tennessee","5/27/20","1384","8","47169","0.58"
"Unicoi","0","3","Tennessee","5/27/20","3","0","47171","0"
"Union","0","4","Tennessee","5/27/20","4","0","47173","0"
"Van Buren","0","4","Tennessee","5/27/20","4","0","47175","0"
"Warren","1","22","Tennessee","5/27/20","16","6","47177","37.5"
"Washington","1","75","Tennessee","5/27/20","70","5","47179","7.14"
"Wayne","0","63","Tennessee","5/27/20","63","0","47181","0"
"Weakley","0","26","Tennessee","5/27/20","27","-1","47183","-3.7"
"White","1","28","Tennessee","5/27/20","21","7","47185","33.33"
"Williamson","6","532","Tennessee","5/27/20","492","40","47187","8.13"
"Wilson","6","382","Tennessee","5/27/20","338","44","47189","13.02"
"Anderson","1","66","Texas","5/27/20","61","5","48001","8.2"
"Andrews","1","27","Texas","5/27/20","22","5","48003","22.73"
"Angelina","6","193","Texas","5/27/20","154","39","48005","25.32"
"Aransas","0","5","Texas","5/27/20","4","1","48007","25"
"Archer","0","1","Texas","5/27/20","1","0","48009","0"
"Armstrong","0","2","Texas","5/27/20","2","0","48011","0"
"Atascosa","0","35","Texas","5/27/20","32","3","48013","9.38"
"Austin","1","24","Texas","5/27/20","20","4","48015","20"
"Bailey","1","14","Texas","5/27/20","10","4","48017","40"
"Bandera","0","6","Texas","5/27/20","6","0","48019","0"
"Bastrop","5","190","Texas","5/27/20","152","38","48021","25"
"Bee","0","9","Texas","5/27/20","7","2","48025","28.57"
"Bell","9","329","Texas","5/27/20","267","62","48027","23.22"
"Bexar","24","2449","Texas","5/27/20","2278","171","48029","7.51"
"Blanco","0","8","Texas","5/27/20","7","1","48031","14.29"
"Bosque","0","6","Texas","5/27/20","6","0","48035","0"
"Bowie","-3","156","Texas","5/27/20","174","-18","48037","-10.34"
"Brazoria","8","853","Texas","5/27/20","795","58","48039","7.3"
"Brazos","15","444","Texas","5/27/20","341","103","48041","30.21"
"Brewster","0","1","Texas","5/27/20","1","0","48043","0"
"Briscoe","0","1","Texas","5/27/20","1","0","48045","0"
"Brooks","0","1","Texas","5/27/20","1","0","48047","0"
"Brown","0","57","Texas","5/27/20","55","2","48049","3.64"
"Burleson","0","22","Texas","5/27/20","20","2","48051","10"
"Burnet","0","30","Texas","5/27/20","28","2","48053","7.14"
"Caldwell","2","52","Texas","5/27/20","39","13","48055","33.33"
"Calhoun","0","37","Texas","5/27/20","37","0","48057","0"
"Callahan","0","9","Texas","5/27/20","8","1","48059","12.5"
"Cameron","9","711","Texas","5/27/20","649","62","48061","9.55"
"Camp","4","58","Texas","5/27/20","29","29","48063","100"
"Carson","0","6","Texas","5/27/20","5","1","48065","20"
"Cass","1","25","Texas","5/27/20","21","4","48067","19.05"
"Castro","1","32","Texas","5/27/20","28","4","48069","14.29"
"Chambers","1","62","Texas","5/27/20","58","4","48071","6.9"
"Cherokee","1","44","Texas","5/27/20","38","6","48073","15.79"
"Childress","0","2","Texas","5/27/20","2","0","48075","0"
"Clay","0","3","Texas","5/27/20","3","0","48077","0"
"Cochran","0","1","Texas","5/27/20","1","0","48079","0"
"Coke","0","1","Texas","5/27/20","1","0","48081","0"
"Coleman","0","2","Texas","5/27/20","2","0","48083","0"
"Collin","17","1189","Texas","5/27/20","1073","116","48085","10.81"
"Collingsworth","0","5","Texas","5/27/20","4","1","48087","25"
"Colorado","0","21","Texas","5/27/20","19","2","48089","10.53"
"Comal","2","83","Texas","5/27/20","72","11","48091","15.28"
"Comanche","1","9","Texas","5/27/20","5","4","48093","80"
"Concho","0","1","Texas","5/27/20","1","0","48095","0"
"Cooke","0","13","Texas","5/27/20","13","0","48097","0"
"Coryell","0","227","Texas","5/27/20","225","2","48099","0.89"
"Cottle","0","4","Texas","5/27/20","4","0","48101","0"
"Crane","3","22","Texas","5/27/20","2","20","48103","1000"
"Crosby","0","3","Texas","5/27/20","3","0","48107","0"
"Dallam","0","22","Texas","5/27/20","22","0","48111","0"
"Dallas","212","9385","Texas","5/27/20","7904","1481","48113","18.74"
"Dawson","0","40","Texas","5/27/20","39","1","48115","2.56"
"Deaf Smith","3","158","Texas","5/27/20","139","19","48117","13.67"
"Delta","0","1","Texas","5/27/20","1","0","48119","0"
"Denton","20","1255","Texas","5/27/20","1116","139","48121","12.46"
"DeWitt","0","17","Texas","5/27/20","17","0","48123","0"
"Dickens","0","1","Texas","5/27/20","1","0","48125","0"
"Dimmit","0","1","Texas","5/27/20","1","0","48127","0"
"Donley","0","26","Texas","5/27/20","26","0","48129","0"
"Duval","0","5","Texas","5/27/20","6","-1","48131","-16.67"
"Eastland","0","6","Texas","5/27/20","5","1","48133","20"
"Ector","4","152","Texas","5/27/20","124","28","48135","22.58"
"El Paso","76","2461","Texas","5/27/20","1930","531","48141","27.51"
"Ellis","4","290","Texas","5/27/20","264","26","48139","9.85"
"Erath","0","16","Texas","5/27/20","15","1","48143","6.67"
"Falls","0","6","Texas","5/27/20","6","0","48145","0"
"Fannin","1","37","Texas","5/27/20","28","9","48147","32.14"
"Fayette","0","32","Texas","5/27/20","31","1","48149","3.23"
"Fisher","0","2","Texas","5/27/20","2","0","48151","0"
"Floyd","0","7","Texas","5/27/20","5","2","48153","40"
"Fort Bend","16","1732","Texas","5/27/20","1621","111","48157","6.85"
"Franklin","1","13","Texas","5/27/20","8","5","48159","62.5"
"Freestone","0","10","Texas","5/27/20","7","3","48161","42.86"
"Frio","0","37","Texas","5/27/20","35","2","48163","5.71"
"Gaines","0","7","Texas","5/27/20","6","1","48165","16.67"
"Galveston","7","763","Texas","5/27/20","715","48","48167","6.71"
"Garza","0","5","Texas","5/27/20","4","1","48169","25"
"Gillespie","0","5","Texas","5/27/20","5","0","48171","0"
"Glasscock","0","1","Texas","5/27/20","1","0","48173","0"
"Goliad","0","7","Texas","5/27/20","7","0","48175","0"
"Gonzales","2","100","Texas","5/27/20","88","12","48177","13.64"
"Gray","0","96","Texas","5/27/20","95","1","48179","1.05"
"Grayson","16","310","Texas","5/27/20","199","111","48181","55.78"
"Gregg","3","197","Texas","5/27/20","173","24","48183","13.87"
"Grimes","3","111","Texas","5/27/20","89","22","48185","24.72"
"Guadalupe","1","124","Texas","5/27/20","114","10","48187","8.77"
"Hale","1","56","Texas","5/27/20","49","7","48189","14.29"
"Hall","0","2","Texas","5/27/20","1","1","48191","100"
"Hamilton","0","7","Texas","5/27/20","7","0","48193","0"
"Hansford","0","18","Texas","5/27/20","17","1","48195","5.88"
"Hardeman","0","1","Texas","5/27/20","0","1","48197","1"
"Hardin","2","136","Texas","5/27/20","121","15","48199","12.4"
"Harris","207","11542","Texas","5/27/20","10095","1447","48201","14.33"
"Harrison","4","236","Texas","5/27/20","206","30","48203","14.56"
"Hartley","0","11","Texas","5/27/20","11","0","48205","0"
"Haskell","0","2","Texas","5/27/20","2","0","48207","0"
"Hays","6","279","Texas","5/27/20","238","41","48209","17.23"
"Hemphill","0","1","Texas","5/27/20","1","0","48211","0"
"Henderson","1","56","Texas","5/27/20","49","7","48213","14.29"
"Hidalgo","8","516","Texas","5/27/20","457","59","48215","12.91"
"Hill","0","24","Texas","5/27/20","23","1","48217","4.35"
"Hockley","0","27","Texas","5/27/20","27","0","48219","0"
"Hood","0","26","Texas","5/27/20","23","3","48221","13.04"
"Hopkins","1","21","Texas","5/27/20","11","10","48223","90.91"
"Houston","0","84","Texas","5/27/20","81","3","48225","3.7"
"Howard","0","6","Texas","5/27/20","6","0","48227","0"
"Hudspeth","0","1","Texas","5/27/20","0","1","48229","1"
"Hunt","1","76","Texas","5/27/20","69","7","48231","10.14"
"Hutchinson","0","30","Texas","5/27/20","32","-2","48233","-6.25"
"Jack","0","4","Texas","5/27/20","4","0","48237","0"
"Jackson","0","17","Texas","5/27/20","15","2","48239","13.33"
"Jasper","0","28","Texas","5/27/20","26","2","48241","7.69"
"Jefferson","7","506","Texas","5/27/20","458","48","48245","10.48"
"Jim Hogg","0","4","Texas","5/27/20","4","0","48247","0"
"Jim Wells","0","9","Texas","5/27/20","8","1","48249","12.5"
"Johnson","2","158","Texas","5/27/20","142","16","48251","11.27"
"Jones","-2","101","Texas","5/27/20","117","-16","48253","-13.68"
"Karnes","0","4","Texas","5/27/20","4","0","48255","0"
"Kaufman","5","199","Texas","5/27/20","165","34","48257","20.61"
"Kendall","1","28","Texas","5/27/20","24","4","48259","16.67"
"Kerr","1","17","Texas","5/27/20","11","6","48265","54.55"
"Kimble","0","1","Texas","5/27/20","1","0","48267","0"
"Kleberg","0","16","Texas","5/27/20","14","2","48273","14.29"
"Knox","0","1","Texas","5/27/20","1","0","48275","0"
"La Salle","0","4","Texas","5/27/20","4","0","48283","0"
"Lamar","2","134","Texas","5/27/20","122","12","48277","9.84"
"Lamb","1","16","Texas","5/27/20","11","5","48279","45.45"
"Lampasas","0","8","Texas","5/27/20","8","0","48281","0"
"Lavaca","0","11","Texas","5/27/20","8","3","48285","37.5"
"Lee","1","11","Texas","5/27/20","6","5","48287","83.33"
"Leon","0","9","Texas","5/27/20","9","0","48289","0"
"Liberty","0","80","Texas","5/27/20","79","1","48291","1.27"
"Limestone","1","23","Texas","5/27/20","17","6","48293","35.29"
"Lipscomb","0","2","Texas","5/27/20","2","0","48295","0"
"Live Oak","0","9","Texas","5/27/20","7","2","48297","28.57"
"Llano","0","3","Texas","5/27/20","3","0","48299","0"
"Lubbock","6","674","Texas","5/27/20","630","44","48303","6.98"
"Lynn","0","6","Texas","5/27/20","5","1","48305","20"
"Madison","0","8","Texas","5/27/20","8","0","48313","0"
"Marion","0","16","Texas","5/27/20","15","1","48315","6.67"
"Martin","0","3","Texas","5/27/20","3","0","48317","0"
"Mason","0","31","Texas","5/27/20","31","0","48319","0"
"Matagorda","0","67","Texas","5/27/20","66","1","48321","1.52"
"Maverick","2","109","Texas","5/27/20","93","16","48323","17.2"
"McCulloch","0","3","Texas","5/27/20","3","0","48307","0"
"McLennan","2","112","Texas","5/27/20","98","14","48309","14.29"
"Medina","1","68","Texas","5/27/20","60","8","48325","13.33"
"Midland","0","125","Texas","5/27/20","122","3","48329","2.46"
"Milam","0","28","Texas","5/27/20","26","2","48331","7.69"
"Mills","0","1","Texas","5/27/20","1","0","48333","0"
"Mitchell","0","1","Texas","5/27/20","1","0","48335","0"
"Montague","0","9","Texas","5/27/20","9","0","48337","0"
"Montgomery","9","926","Texas","5/27/20","861","65","48339","7.55"
"Moore","1","583","Texas","5/27/20","579","4","48341","0.69"
"Morris","1","22","Texas","5/27/20","14","8","48343","57.14"
"Motley","0","1","Texas","5/27/20","1","0","48345","0"
"Nacogdoches","3","261","Texas","5/27/20","243","18","48347","7.41"
"Navarro","1","49","Texas","5/27/20","40","9","48349","22.5"
"Newton","0","4","Texas","5/27/20","4","0","48351","0"
"Nolan","0","2","Texas","5/27/20","2","0","48353","0"
"Nueces","3","266","Texas","5/27/20","248","18","48355","7.26"
"Ochiltree","0","43","Texas","5/27/20","41","2","48357","4.88"
"Oldham","0","3","Texas","5/27/20","3","0","48359","0"
"Orange","1","96","Texas","5/27/20","89","7","48361","7.87"
"Palo Pinto","0","11","Texas","5/27/20","10","1","48363","10"
"Panola","3","194","Texas","5/27/20","175","19","48365","10.86"
"Parker","1","68","Texas","5/27/20","64","4","48367","6.25"
"Parmer","2","54","Texas","5/27/20","39","15","48369","38.46"
"Pecos","0","27","Texas","5/27/20","24","3","48371","12.5"
"Polk","0","53","Texas","5/27/20","50","3","48373","6"
"Potter","8","2251","Texas","5/27/20","2193","58","48375","2.64"
"Presidio","0","1","Texas","5/27/20","0","1","48377","1"
"Rains","0","3","Texas","5/27/20","2","1","48379","50"
"Randall","5","652","Texas","5/27/20","616","36","48381","5.84"
"Reagan","0","1","Texas","5/27/20","0","1","48383","1"
"Red River","1","50","Texas","5/27/20","40","10","48387","25"
"Reeves","0","7","Texas","5/27/20","7","0","48389","0"
"Refugio","0","3","Texas","5/27/20","3","0","48391","0"
"Roberts","0","2","Texas","5/27/20","2","0","48393","0"
"Robertson","0","7","Texas","5/27/20","7","0","48395","0"
"Rockwall","2","156","Texas","5/27/20","143","13","48397","9.09"
"Runnels","0","2","Texas","5/27/20","2","0","48399","0"
"Rusk","0","44","Texas","5/27/20","42","2","48401","4.76"
"Sabine","0","5","Texas","5/27/20","4","1","48403","25"
"San Augustine","1","31","Texas","5/27/20","26","5","48405","19.23"
"San Jacinto","0","14","Texas","5/27/20","12","2","48407","16.67"
"San Patricio","0","29","Texas","5/27/20","26","3","48409","11.54"
"San Saba","0","1","Texas","5/27/20","1","0","48411","0"
"Scurry","0","2","Texas","5/27/20","2","0","48415","0"
"Shackelford","0","1","Texas","5/27/20","1","0","48417","0"
"Shelby","1","187","Texas","5/27/20","177","10","48419","5.65"
"Sherman","0","22","Texas","5/27/20","23","-1","48421","-4.35"
"Smith","1","199","Texas","5/27/20","192","7","48423","3.65"
"Starr","0","26","Texas","5/27/20","23","3","48427","13.04"
"Stephens","0","4","Texas","5/27/20","2","2","48429","100"
"Swisher","0","17","Texas","5/27/20","15","2","48437","13.33"
"Tarrant","57","5039","Texas","5/27/20","4643","396","48439","8.53"
"Taylor","1","230","Texas","5/27/20","225","5","48441","2.22"
"Terry","0","13","Texas","5/27/20","13","0","48445","0"
"Titus","29","347","Texas","5/27/20","142","205","48449","144.37"
"Tom Green","1","93","Texas","5/27/20","88","5","48451","5.68"
"Travis","56","2984","Texas","5/27/20","2595","389","48453","14.99"
"Trinity","0","13","Texas","5/27/20","11","2","48455","18.18"
"Tyler","0","11","Texas","5/27/20","10","1","48457","10"
"Upshur","0","19","Texas","5/27/20","18","1","48459","5.56"
"Uvalde","0","6","Texas","5/27/20","6","0","48463","0"
"Val Verde","1","18","Texas","5/27/20","13","5","48465","38.46"
"Van Zandt","1","30","Texas","5/27/20","24","6","48467","25"
"Victoria","0","157","Texas","5/27/20","157","0","48469","0"
"Walker","23","716","Texas","5/27/20","552","164","48471","29.71"
"Waller","2","56","Texas","5/27/20","45","11","48473","24.44"
"Ward","0","1","Texas","5/27/20","0","1","48475","1"
"Washington","1","196","Texas","5/27/20","186","10","48477","5.38"
"Webb","4","521","Texas","5/27/20","492","29","48479","5.89"
"Wharton","1","56","Texas","5/27/20","46","10","48481","21.74"
"Wheeler","0","15","Texas","5/27/20","15","0","48483","0"
"Wichita","0","84","Texas","5/27/20","82","2","48485","2.44"
"Wilbarger","0","6","Texas","5/27/20","6","0","48487","0"
"Willacy","0","15","Texas","5/27/20","15","0","48489","0"
"Williamson","11","588","Texas","5/27/20","513","75","48491","14.62"
"Wilson","0","38","Texas","5/27/20","37","1","48493","2.7"
"Winkler","0","3","Texas","5/27/20","3","0","48495","0"
"Wise","1","45","Texas","5/27/20","38","7","48497","18.42"
"Wood","0","25","Texas","5/27/20","22","3","48499","13.64"
"Yoakum","0","3","Texas","5/27/20","3","0","48501","0"
"Young","0","4","Texas","5/27/20","4","0","48503","0"
"Zapata","0","8","Texas","5/27/20","8","0","48505","0"
"Zavala","0","11","Texas","5/27/20","10","1","48507","10"
"Bear River","3","111","Utah","5/27/20","93","18","00000","19.35"
"Central Utah","0","33","Utah","5/27/20","31","2","00000","6.45"
"Davis","5","424","Utah","5/27/20","386","38","49011","9.84"
"Salt Lake","80","4682","Utah","5/27/20","4123","559","49035","13.56"
"San Juan","4","272","Utah","5/27/20","246","26","49037","10.57"
"Southeast Utah","1","23","Utah","5/27/20","16","7","00000","43.75"
"Southwest Utah","11","335","Utah","5/27/20","260","75","00000","28.85"
"Summit","1","407","Utah","5/27/20","403","4","49043","0.99"
"Tooele","2","115","Utah","5/27/20","104","11","49045","10.58"
"TriCounty","0","20","Utah","5/27/20","20","0","00000","0"
"Utah","26","1753","Utah","5/27/20","1569","184","49049","11.73"
"Wasatch","6","258","Utah","5/27/20","217","41","49051","18.89"
"Weber-Morgan","4","273","Utah","5/27/20","242","31","00000","12.81"
"Addison","0","62","Vermont","5/27/20","62","0","50001","0"
"Bennington","0","62","Vermont","5/27/20","60","2","50003","3.33"
"Caledonia","0","15","Vermont","5/27/20","14","1","50005","7.14"
"Chittenden","1","446","Vermont","5/27/20","439","7","50007","1.59"
"Essex","0","3","Vermont","5/27/20","2","1","50009","50"
"Franklin","0","99","Vermont","5/27/20","99","0","50011","0"
"Grand Isle","0","7","Vermont","5/27/20","4","3","50013","75"
"Lamoille","0","29","Vermont","5/27/20","27","2","50015","7.41"
"Orange","0","8","Vermont","5/27/20","8","0","50017","0"
"Orleans","0","10","Vermont","5/27/20","9","1","50019","11.11"
"Rutland","1","54","Vermont","5/27/20","50","4","50021","8"
"Washington","0","39","Vermont","5/27/20","38","1","50023","2.63"
"Windham","0","80","Vermont","5/27/20","77","3","50025","3.9"
"Windsor","0","51","Vermont","5/27/20","48","3","50027","6.25"
"","0","69","Virgin Islands","5/27/20","69","0",,"0"
"Accomack","10","780","Virginia","5/27/20","709","71","51001","10.01"
"Albemarle","4","168","Virginia","5/27/20","142","26","51003","18.31"
"Alexandria","35","1824","Virginia","5/27/20","1577","247","51510","15.66"
"Alleghany","1","16","Virginia","5/27/20","10","6","51005","60"
"Amelia","0","23","Virginia","5/27/20","21","2","51007","9.52"
"Amherst","0","27","Virginia","5/27/20","25","2","51009","8"
"Appomattox","1","31","Virginia","5/27/20","24","7","51011","29.17"
"Arlington","37","1988","Virginia","5/27/20","1728","260","51013","15.05"
"Augusta","2","102","Virginia","5/27/20","88","14","51015","15.91"
"Bedford","1","45","Virginia","5/27/20","41","4","51019","9.76"
"Botetourt","0","32","Virginia","5/27/20","31","1","51023","3.23"
"Bristol","0","4","Virginia","5/27/20","3","1","51520","33.33"
"Brunswick","0","21","Virginia","5/27/20","21","0","51025","0"
"Buchanan","0","18","Virginia","5/27/20","18","0","51027","0"
"Buckingham","4","445","Virginia","5/27/20","419","26","51029","6.21"
"Buena Vista","0","13","Virginia","5/27/20","11","2","51530","18.18"
"Campbell","0","16","Virginia","5/27/20","13","3","51031","23.08"
"Caroline","1","55","Virginia","5/27/20","45","10","51033","22.22"
"Carroll","3","86","Virginia","5/27/20","64","22","51035","34.38"
"Charles City","0","27","Virginia","5/27/20","24","3","51036","12.5"
"Charlotte","1","23","Virginia","5/27/20","15","8","51037","53.33"
"Charlottesville","4","97","Virginia","5/27/20","72","25","51540","34.72"
"Chesapeake","10","472","Virginia","5/27/20","401","71","51550","17.71"
"Chesterfield","23","1263","Virginia","5/27/20","1100","163","51041","14.82"
"Clarke","1","23","Virginia","5/27/20","19","4","51043","21.05"
"Colonial Heights","1","85","Virginia","5/27/20","80","5","51570","6.25"
"Covington","0","3","Virginia","5/27/20","3","0","51580","0"
"Craig","0","5","Virginia","5/27/20","4","1","51045","25"
"Culpeper","22","645","Virginia","5/27/20","494","151","51047","30.57"
"Cumberland","1","32","Virginia","5/27/20","25","7","51049","28"
"Danville","0","48","Virginia","5/27/20","45","3","51590","6.67"
"Dinwiddie","2","61","Virginia","5/27/20","47","14","51053","29.79"
"Emporia","2","70","Virginia","5/27/20","58","12","51595","20.69"
"Essex","1","43","Virginia","5/27/20","35","8","51057","22.86"
"Fairfax","272","10069","Virginia","5/27/20","8163","1906","51059","23.35"
"Fairfax City","2","59","Virginia","5/27/20","47","12","51600","25.53"
"Falls Church","1","53","Virginia","5/27/20","44","9","51610","20.45"
"Fauquier","7","302","Virginia","5/27/20","251","51","51061","20.32"
"Floyd","0","5","Virginia","5/27/20","4","1","51063","25"
"Fluvanna","1","87","Virginia","5/27/20","82","5","51065","6.1"
"Franklin","1","35","Virginia","5/27/20","30","5","51067","16.67"
"Franklin City","1","39","Virginia","5/27/20","32","7","51620","21.88"
"Frederick","9","296","Virginia","5/27/20","234","62","51069","26.5"
"Fredericksburg","5","135","Virginia","5/27/20","101","34","51630","33.66"
"Galax","3","106","Virginia","5/27/20","82","24","51640","29.27"
"Giles","0","5","Virginia","5/27/20","5","0","51071","0"
"Gloucester","0","30","Virginia","5/27/20","29","1","51073","3.45"
"Goochland","1","94","Virginia","5/27/20","88","6","51075","6.82"
"Grayson","1","32","Virginia","5/27/20","22","10","51077","45.45"
"Greene","1","27","Virginia","5/27/20","20","7","51079","35"
"Greensville","0","58","Virginia","5/27/20","55","3","51081","5.45"
"Halifax","0","30","Virginia","5/27/20","29","1","51083","3.45"
"Hampton","3","183","Virginia","5/27/20","165","18","51650","10.91"
"Hanover","10","309","Virginia","5/27/20","238","71","51085","29.83"
"Harrisonburg","10","746","Virginia","5/27/20","675","71","51660","10.52"
"Henrico","37","1579","Virginia","5/27/20","1321","258","51087","19.53"
"Henry","6","92","Virginia","5/27/20","50","42","51089","84"
"Highland","0","3","Virginia","5/27/20","2","1","51091","50"
"Hopewell","2","78","Virginia","5/27/20","61","17","51670","27.87"
"Isle of Wight","1","125","Virginia","5/27/20","120","5","51093","4.17"
"James City","2","200","Virginia","5/27/20","189","11","51095","5.82"
"King and Queen","0","8","Virginia","5/27/20","7","1","51097","14.29"
"King George","2","60","Virginia","5/27/20","48","12","51099","25"
"King William","1","25","Virginia","5/27/20","15","10","51101","66.67"
"Lancaster","0","10","Virginia","5/27/20","7","3","51103","42.86"
"Lee","0","9","Virginia","5/27/20","10","-1","51105","-10"
"Lexington","0","6","Virginia","5/27/20","6","0","51678","0"
"Loudoun","99","2274","Virginia","5/27/20","1579","695","51107","44.02"
"Louisa","2","75","Virginia","5/27/20","61","14","51109","22.95"
"Lunenburg","0","10","Virginia","5/27/20","7","3","51111","42.86"
"Lynchburg","1","80","Virginia","5/27/20","75","5","51680","6.67"
"Madison","2","38","Virginia","5/27/20","27","11","51113","40.74"
"Manassas","38","966","Virginia","5/27/20","699","267","51683","38.2"
"Manassas Park","10","280","Virginia","5/27/20","207","73","51685","35.27"
"Martinsville","1","29","Virginia","5/27/20","20","9","51690","45"
"Mathews","0","5","Virginia","5/27/20","5","0","51115","0"
"Mecklenburg","5","212","Virginia","5/27/20","178","34","51117","19.1"
"Middlesex","0","14","Virginia","5/27/20","12","2","51119","16.67"
"Montgomery","1","70","Virginia","5/27/20","66","4","51121","6.06"
"Nelson","0","16","Virginia","5/27/20","13","3","51125","23.08"
"New Kent","1","35","Virginia","5/27/20","27","8","51127","29.63"
"Newport News","6","254","Virginia","5/27/20","211","43","51700","20.38"
"Norfolk","12","451","Virginia","5/27/20","370","81","51710","21.89"
"Northampton","3","225","Virginia","5/27/20","205","20","51131","9.76"
"Northumberland","0","23","Virginia","5/27/20","21","2","51133","9.52"
"Norton","0","2","Virginia","5/27/20","2","0","51720","0"
"Nottoway","0","21","Virginia","5/27/20","18","3","51135","16.67"
"Orange","3","91","Virginia","5/27/20","69","22","51137","31.88"
"Page","6","208","Virginia","5/27/20","166","42","51139","25.3"
"Patrick","1","15","Virginia","5/27/20","10","5","51141","50"
"Petersburg","3","101","Virginia","5/27/20","80","21","51730","26.25"
"Pittsylvania","1","35","Virginia","5/27/20","26","9","51143","34.62"
"Poquoson","0","7","Virginia","5/27/20","7","0","51735","0"
"Portsmouth","6","282","Virginia","5/27/20","241","41","51740","17.01"
"Powhatan","1","29","Virginia","5/27/20","25","4","51145","16"
"Prince Edward","6","129","Virginia","5/27/20","86","43","51147","50"
"Prince George","3","79","Virginia","5/27/20","56","23","51149","41.07"
"Prince William","146","5074","Virginia","5/27/20","4054","1020","51153","25.16"
"Pulaski","1","14","Virginia","5/27/20","10","4","51155","40"
"Radford","0","7","Virginia","5/27/20","4","3","51750","75"
"Rappahannock","0","13","Virginia","5/27/20","12","1","51157","8.33"
"Richmond","2","275","Virginia","5/27/20","263","12","51159","4.56"
"Richmond City","40","1112","Virginia","5/27/20","835","277","51760","33.17"
"Roanoke","1","96","Virginia","5/27/20","88","8","51161","9.09"
"Roanoke City","2","146","Virginia","5/27/20","135","11","51770","8.15"
"Rockbridge","1","17","Virginia","5/27/20","13","4","51163","30.77"
"Rockingham","10","483","Virginia","5/27/20","414","69","51165","16.67"
"Russell","0","8","Virginia","5/27/20","8","0","51167","0"
"Salem","0","32","Virginia","5/27/20","33","-1","51775","-3.03"
"Scott","0","7","Virginia","5/27/20","7","0","51169","0"
"Shenandoah","7","394","Virginia","5/27/20","345","49","51171","14.2"
"Smyth","0","15","Virginia","5/27/20","15","0","51173","0"
"Southampton","1","144","Virginia","5/27/20","137","7","51175","5.11"
"Spotsylvania","18","474","Virginia","5/27/20","351","123","51177","35.04"
"Stafford","20","657","Virginia","5/27/20","514","143","51179","27.82"
"Staunton","0","36","Virginia","5/27/20","33","3","51790","9.09"
"Suffolk","5","308","Virginia","5/27/20","274","34","51800","12.41"
"Surry","0","8","Virginia","5/27/20","6","2","51181","33.33"
"Sussex","6","138","Virginia","5/27/20","99","39","51183","39.39"
"Tazewell","0","6","Virginia","5/27/20","6","0","51185","0"
"Virginia Beach","12","646","Virginia","5/27/20","564","82","51810","14.54"
"Warren","3","129","Virginia","5/27/20","105","24","51187","22.86"
"Washington","0","51","Virginia","5/27/20","50","1","51191","2"
"Waynesboro","2","41","Virginia","5/27/20","29","12","51820","41.38"
"Westmoreland","3","61","Virginia","5/27/20","42","19","51193","45.24"
"Williamsburg","0","43","Virginia","5/27/20","43","0","51830","0"
"Winchester","7","156","Virginia","5/27/20","104","52","51840","50"
"Wise","0","24","Virginia","5/27/20","23","1","51195","4.35"
"Wythe","1","21","Virginia","5/27/20","16","5","51197","31.25"
"York","1","71","Virginia","5/27/20","63","8","51199","12.7"
"Adams","0","53","Washington","5/27/20","50","3","53001","6"
"Asotin","0","19","Washington","5/27/20","18","1","53003","5.56"
"Benton","10","733","Washington","5/27/20","660","73","53005","11.06"
"Chelan","7","236","Washington","5/27/20","186","50","53007","26.88"
"Clallam","0","25","Washington","5/27/20","25","0","53009","0"
"Clark","5","424","Washington","5/27/20","392","32","53011","8.16"
"Columbia","0","1","Washington","5/27/20","1","0","53013","0"
"Cowlitz","0","73","Washington","5/27/20","70","3","53015","4.29"
"Douglas","4","162","Washington","5/27/20","132","30","53017","22.73"
"Ferry","0","1","Washington","5/27/20","1","0","53019","0"
"Franklin","7","513","Washington","5/27/20","466","47","53021","10.09"
"Grant","1","194","Washington","5/27/20","188","6","53025","3.19"
"Grays Harbor","0","16","Washington","5/27/20","15","1","53027","6.67"
"Island","0","177","Washington","5/27/20","176","1","53029","0.57"
"Jefferson","0","30","Washington","5/27/20","30","0","53031","0"
"King","37","7863","Washington","5/27/20","7602","261","53033","3.43"
"Kitsap","0","161","Washington","5/27/20","161","0","53035","0"
"Kittitas","2","80","Washington","5/27/20","66","14","53037","21.21"
"Klickitat","0","24","Washington","5/27/20","24","0","53039","0"
"Lewis","0","35","Washington","5/27/20","35","0","53041","0"
"Lincoln","0","2","Washington","5/27/20","2","0","53043","0"
"Mason","0","34","Washington","5/27/20","33","1","53045","3.03"
"Okanogan","1","45","Washington","5/27/20","40","5","53047","12.5"
"Pacific","0","9","Washington","5/27/20","9","0","53049","0"
"Pend Oreille","0","3","Washington","5/27/20","2","1","53051","50"
"Pierce","20","1856","Washington","5/27/20","1716","140","53053","8.16"
"San Juan","0","15","Washington","5/27/20","15","0","53055","0"
"Skagit","0","428","Washington","5/27/20","426","2","53057","0.47"
"Skamania","0","3","Washington","5/27/20","3","0","53059","0"
"Snohomish","14","2927","Washington","5/27/20","2826","101","53061","3.57"
"Spokane","14","516","Washington","5/27/20","415","101","53063","24.34"
"Stevens","0","10","Washington","5/27/20","10","0","53065","0"
"Thurston","1","131","Washington","5/27/20","124","7","53067","5.65"
"Wahkiakum","0","4","Washington","5/27/20","4","0","53069","0"
"Walla Walla","0","108","Washington","5/27/20","106","2","53071","1.89"
"Whatcom","3","380","Washington","5/27/20","360","20","53073","5.56"
"Whitman","0","16","Washington","5/27/20","16","0","53075","0"
"Yakima","76","3048","Washington","5/27/20","2518","530","53077","21.05"
"Barbour","0","9","West Virginia","5/27/20","7","2","54001","28.57"
"Berkeley","7","297","West Virginia","5/27/20","245","52","54003","21.22"
"Boone","0","9","West Virginia","5/27/20","9","0","54005","0"
"Braxton","0","2","West Virginia","5/27/20","2","0","54007","0"
"Brooke","0","4","West Virginia","5/27/20","3","1","54009","33.33"
"Cabell","1","60","West Virginia","5/27/20","55","5","54011","9.09"
"Calhoun","0","2","West Virginia","5/27/20","2","0","54013","0"
"Clay","0","2","West Virginia","5/27/20","2","0","54015","0"
"Fayette","1","47","West Virginia","5/27/20","39","8","54019","20.51"
"Gilmer","0","10","West Virginia","5/27/20","9","1","54021","11.11"
"Grant","1","11","West Virginia","5/27/20","6","5","54023","83.33"
"Greenbrier","0","9","West Virginia","5/27/20","9","0","54025","0"
"Hampshire","2","23","West Virginia","5/27/20","12","11","54027","91.67"
"Hancock","1","17","West Virginia","5/27/20","12","5","54029","41.67"
"Hardy","1","38","West Virginia","5/27/20","33","5","54031","15.15"
"Harrison","0","40","West Virginia","5/27/20","37","3","54033","8.11"
"Jackson","0","135","West Virginia","5/27/20","135","0","54035","0"
"Jefferson","7","167","West Virginia","5/27/20","115","52","54037","45.22"
"Kanawha","2","216","West Virginia","5/27/20","205","11","54039","5.37"
"Lewis","0","6","West Virginia","5/27/20","5","1","54041","20"
"Lincoln","0","5","West Virginia","5/27/20","5","0","54043","0"
"Logan","0","16","West Virginia","5/27/20","15","1","54045","6.67"
"Marion","0","51","West Virginia","5/27/20","48","3","54049","6.25"
"Marshall","0","28","West Virginia","5/27/20","25","3","54051","12"
"Mason","0","15","West Virginia","5/27/20","15","0","54053","0"
"McDowell","0","6","West Virginia","5/27/20","6","0","54047","0"
"Mercer","0","13","West Virginia","5/27/20","13","0","54055","0"
"Mineral","1","41","West Virginia","5/27/20","34","7","54057","20.59"
"Mingo","0","6","West Virginia","5/27/20","3","3","54059","100"
"Monongalia","2","129","West Virginia","5/27/20","118","11","54061","9.32"
"Monroe","0","7","West Virginia","5/27/20","6","1","54063","16.67"
"Morgan","0","18","West Virginia","5/27/20","17","1","54065","5.88"
"Nicholas","0","10","West Virginia","5/27/20","9","1","54067","11.11"
"Ohio","1","41","West Virginia","5/27/20","37","4","54069","10.81"
"Pendleton","1","10","West Virginia","5/27/20","5","5","54071","100"
"Pleasants","0","5","West Virginia","5/27/20","2","3","54073","150"
"Pocahontas","1","17","West Virginia","5/27/20","10","7","54075","70"
"Preston","1","22","West Virginia","5/27/20","15","7","54077","46.67"
"Putnam","0","33","West Virginia","5/27/20","30","3","54079","10"
"Raleigh","0","16","West Virginia","5/27/20","14","2","54081","14.29"
"Randolph","14","104","West Virginia","5/27/20","9","95","54083","1055.56"
"Ritchie","0","1","West Virginia","5/27/20","1","0","54085","0"
"Roane","0","10","West Virginia","5/27/20","8","2","54087","25"
"Summers","0","1","West Virginia","5/27/20","1","0","54089","0"
"Taylor","0","9","West Virginia","5/27/20","8","1","54091","12.5"
"Tucker","0","4","West Virginia","5/27/20","4","0","54093","0"
"Tyler","0","3","West Virginia","5/27/20","3","0","54095","0"
"Upshur","0","7","West Virginia","5/27/20","6","1","54097","16.67"
"Wayne","0","97","West Virginia","5/27/20","96","1","54099","1.04"
"Wetzel","0","9","West Virginia","5/27/20","7","2","54103","28.57"
"Wirt","0","4","West Virginia","5/27/20","4","0","54105","0"
"Wood","1","54","West Virginia","5/27/20","48","6","54107","12.5"
"Wyoming","0","3","West Virginia","5/27/20","3","0","54109","0"
"Adams","0","4","Wisconsin","5/27/20","4","0","55001","0"
"Ashland","0","2","Wisconsin","5/27/20","2","0","55003","0"
"Barron","0","14","Wisconsin","5/27/20","11","3","55005","27.27"
"Bayfield","0","3","Wisconsin","5/27/20","3","0","55007","0"
"Brown","21","2285","Wisconsin","5/27/20","2135","150","55009","7.03"
"Buffalo","0","5","Wisconsin","5/27/20","5","0","55011","0"
"Burnett","0","1","Wisconsin","5/27/20","1","0","55013","0"
"Calumet","2","74","Wisconsin","5/27/20","60","14","55015","23.33"
"Chippewa","2","54","Wisconsin","5/27/20","43","11","55017","25.58"
"Clark","0","29","Wisconsin","5/27/20","30","-1","55019","-3.33"
"Columbia","0","40","Wisconsin","5/27/20","37","3","55021","8.11"
"Crawford","0","26","Wisconsin","5/27/20","23","3","55023","13.04"
"Dane","13","652","Wisconsin","5/27/20","563","89","55025","15.81"
"Dodge","8","166","Wisconsin","5/27/20","112","54","55027","48.21"
"Door","1","38","Wisconsin","5/27/20","34","4","55029","11.76"
"Douglas","1","19","Wisconsin","5/27/20","15","4","55031","26.67"
"Dunn","1","24","Wisconsin","5/27/20","20","4","55033","20"
"Eau Claire","3","99","Wisconsin","5/27/20","78","21","55035","26.92"
"Florence","0","2","Wisconsin","5/27/20","2","0","55037","0"
"Fond du Lac","5","185","Wisconsin","5/27/20","148","37","55039","25"
"Forest","2","24","Wisconsin","5/27/20","11","13","55041","118.18"
"Grant","2","89","Wisconsin","5/27/20","78","11","55043","14.1"
"Green","1","58","Wisconsin","5/27/20","49","9","55045","18.37"
"Green Lake","1","16","Wisconsin","5/27/20","11","5","55047","45.45"
"Iowa","0","12","Wisconsin","5/27/20","11","1","55049","9.09"
"Iron","0","2","Wisconsin","5/27/20","2","0","55051","0"
"Jackson","0","14","Wisconsin","5/27/20","15","-1","55053","-6.67"
"Jefferson","4","92","Wisconsin","5/27/20","62","30","55055","48.39"
"Juneau","0","22","Wisconsin","5/27/20","22","0","55057","0"
"Kenosha","21","1033","Wisconsin","5/27/20","889","144","55059","16.2"
"Kewaunee","0","33","Wisconsin","5/27/20","31","2","55061","6.45"
"La Crosse","1","51","Wisconsin","5/27/20","47","4","55063","8.51"
"Lafayette","1","25","Wisconsin","5/27/20","17","8","55065","47.06"
"Langlade","0","2","Wisconsin","5/27/20","0","2","55067","1"
"Lincoln","0","5","Wisconsin","5/27/20","3","2","55069","66.67"
"Manitowoc","1","32","Wisconsin","5/27/20","26","6","55071","23.08"
"Marathon","1","43","Wisconsin","5/27/20","35","8","55073","22.86"
"Marinette","1","32","Wisconsin","5/27/20","28","4","55075","14.29"
"Marquette","0","3","Wisconsin","5/27/20","3","0","55077","0"
"Menominee","0","3","Wisconsin","5/27/20","2","1","55078","50"
"Milwaukee","196","6748","Wisconsin","5/27/20","5373","1375","55079","25.59"
"Monroe","0","16","Wisconsin","5/27/20","15","1","55081","6.67"
"Oconto","1","35","Wisconsin","5/27/20","31","4","55083","12.9"
"Oneida","0","8","Wisconsin","5/27/20","7","1","55085","14.29"
"Outagamie","6","198","Wisconsin","5/27/20","153","45","55087","29.41"
"Ozaukee","2","144","Wisconsin","5/27/20","130","14","55089","10.77"
"Pepin","0","1","Wisconsin","5/27/20","1","0","55091","0"
"Pierce","2","43","Wisconsin","5/27/20","26","17","55093","65.38"
"Polk","1","17","Wisconsin","5/27/20","7","10","55095","142.86"
"Portage","0","10","Wisconsin","5/27/20","7","3","55097","42.86"
"Price","0","2","Wisconsin","5/27/20","1","1","55099","100"
"Racine","66","1579","Wisconsin","5/27/20","1115","464","55101","41.61"
"Richland","0","14","Wisconsin","5/27/20","14","0","55103","0"
"Rock","19","588","Wisconsin","5/27/20","452","136","55105","30.09"
"Rusk","0","5","Wisconsin","5/27/20","4","1","55107","25"
"Sauk","0","78","Wisconsin","5/27/20","77","1","55111","1.3"
"Sawyer","0","7","Wisconsin","5/27/20","4","3","55113","75"
"Shawano","1","41","Wisconsin","5/27/20","34","7","55115","20.59"
"Sheboygan","1","83","Wisconsin","5/27/20","73","10","55117","13.7"
"St. Croix","3","71","Wisconsin","5/27/20","52","19","55109","36.54"
"Taylor","0","1","Wisconsin","5/27/20","0","1","55119","1"
"Trempealeau","2","22","Wisconsin","5/27/20","11","11","55121","100"
"Vernon","1","19","Wisconsin","5/27/20","12","7","55123","58.33"
"Vilas","0","6","Wisconsin","5/27/20","4","2","55125","50"
"Walworth","10","363","Wisconsin","5/27/20","296","67","55127","22.64"
"Washburn","0","2","Wisconsin","5/27/20","1","1","55129","100"
"Washington","7","212","Wisconsin","5/27/20","163","49","55131","30.06"
"Waukesha","11","593","Wisconsin","5/27/20","514","79","55133","15.37"
"Waupaca","1","27","Wisconsin","5/27/20","19","8","55135","42.11"
"Waushara","0","8","Wisconsin","5/27/20","7","1","55137","14.29"
"Winnebago","9","199","Wisconsin","5/27/20","134","65","55139","48.51"
"Wood","0","9","Wisconsin","5/27/20","8","1","55141","12.5"
"Albany","2","23","Wyoming","5/27/20","10","13","56001","130"
"Big Horn","0","5","Wyoming","5/27/20","3","2","56003","66.67"
"Campbell","0","30","Wyoming","5/27/20","30","0","56005","0"
"Carbon","0","16","Wyoming","5/27/20","16","0","56007","0"
"Converse","0","24","Wyoming","5/27/20","24","0","56009","0"
"Crook","0","5","Wyoming","5/27/20","5","0","56011","0"
"Fremont","3","255","Wyoming","5/27/20","233","22","56013","9.44"
"Goshen","0","5","Wyoming","5/27/20","5","0","56015","0"
"Hot Springs","1","12","Wyoming","5/27/20","8","4","56017","50"
"Johnson","0","18","Wyoming","5/27/20","16","2","56019","12.5"
"Laramie","0","185","Wyoming","5/27/20","182","3","56021","1.65"
"Lincoln","0","15","Wyoming","5/27/20","14","1","56023","7.14"
"Natrona","1","72","Wyoming","5/27/20","66","6","56025","9.09"
"Niobrara","0","2","Wyoming","5/27/20","2","0","56027","0"
"Park","0","2","Wyoming","5/27/20","2","0","56029","0"
"Platte","0","1","Wyoming","5/27/20","0","1","56031","1"
"Sheridan","0","16","Wyoming","5/27/20","16","0","56033","0"
"Sublette","0","3","Wyoming","5/27/20","3","0","56035","0"
"Sweetwater","0","25","Wyoming","5/27/20","25","0","56037","0"
"Teton","0","100","Wyoming","5/27/20","100","0","56039","0"
"Uinta","0","12","Wyoming","5/27/20","11","1","56041","9.09"
"Washakie","2","33","Wyoming","5/27/20","16","17","56043","106.25"
"Weston","0","1","Wyoming","5/27/20","0","1","56045","1"
