"Locality","DailyAvgNewCasesPast7Days","TotalCases","State","Date","TotalCases7DaysAgo","NewCasesPast7Days","FIPS-Code","PercentIncreaseTotalCasesPast7Days"
"Autauga","9","189","Alabama","5/26/20","127","62","01001","48.82"
"Baldwin","2","277","Alabama","5/26/20","262","15","01003","5.73"
"Barbour","5","122","Alabama","5/26/20","90","32","01005","35.56"
"Bibb","2","66","Alabama","5/26/20","51","15","01007","29.41"
"Blount","1","51","Alabama","5/26/20","47","4","01009","8.51"
"Bullock","16","167","Alabama","5/26/20","52","115","01011","221.15"
"Butler","12","380","Alabama","5/26/20","295","85","01013","28.81"
"Calhoun","2","150","Alabama","5/26/20","133","17","01015","12.78"
"Chambers","1","338","Alabama","5/26/20","329","9","01017","2.74"
"Cherokee","1","33","Alabama","5/26/20","29","4","01019","13.79"
"Chilton","1","90","Alabama","5/26/20","80","10","01021","12.5"
"Choctaw","8","147","Alabama","5/26/20","92","55","01023","59.78"
"Clarke","6","120","Alabama","5/26/20","81","39","01025","48.15"
"Clay","0","27","Alabama","5/26/20","27","0","01027","0"
"Cleburne","0","13","Alabama","5/26/20","13","0","01029","0"
"Coffee","6","216","Alabama","5/26/20","175","41","01031","23.43"
"Colbert","8","155","Alabama","5/26/20","98","57","01033","58.16"
"Conecuh","1","30","Alabama","5/26/20","21","9","01035","42.86"
"Coosa","0","34","Alabama","5/26/20","33","1","01037","3.03"
"Covington","2","71","Alabama","5/26/20","58","13","01039","22.41"
"Crenshaw","1","62","Alabama","5/26/20","53","9","01041","16.98"
"Cullman","2","83","Alabama","5/26/20","70","13","01043","18.57"
"Dale","4","92","Alabama","5/26/20","63","29","01045","46.03"
"Dallas","9","222","Alabama","5/26/20","159","63","01047","39.62"
"DeKalb","6","234","Alabama","5/26/20","195","39","01049","20"
"Elmore","12","292","Alabama","5/26/20","207","85","01051","41.06"
"Escambia","1","45","Alabama","5/26/20","39","6","01053","15.38"
"Etowah","4","240","Alabama","5/26/20","215","25","01055","11.63"
"Fayette","1","13","Alabama","5/26/20","9","4","01057","44.44"
"Franklin","17","486","Alabama","5/26/20","364","122","01059","33.52"
"Geneva","2","40","Alabama","5/26/20","23","17","01061","73.91"
"Greene","1","91","Alabama","5/26/20","87","4","01063","4.6"
"Hale","6","135","Alabama","5/26/20","96","39","01065","40.62"
"Henry","4","69","Alabama","5/26/20","44","25","01067","56.82"
"Houston","6","183","Alabama","5/26/20","141","42","01069","29.79"
"Jackson","1","72","Alabama","5/26/20","63","9","01071","14.29"
"Jefferson","40","1645","Alabama","5/26/20","1367","278","01073","20.34"
"Lamar","1","21","Alabama","5/26/20","15","6","01075","40"
"Lauderdale","4","141","Alabama","5/26/20","116","25","01077","21.55"
"Lawrence","1","45","Alabama","5/26/20","35","10","01079","28.57"
"Lee","10","522","Alabama","5/26/20","450","72","01081","16"
"Limestone","2","82","Alabama","5/26/20","65","17","01083","26.15"
"Lowndes","10","207","Alabama","5/26/20","140","67","01085","47.86"
"Macon","2","65","Alabama","5/26/20","54","11","01087","20.37"
"Madison","4","309","Alabama","5/26/20","278","31","01089","11.15"
"Marengo","4","145","Alabama","5/26/20","116","29","01091","25"
"Marion","2","117","Alabama","5/26/20","106","11","01093","10.38"
"Marshall","3","660","Alabama","5/26/20","638","22","01095","3.45"
"Mobile","43","2054","Alabama","5/26/20","1751","303","01097","17.3"
"Monroe","2","34","Alabama","5/26/20","20","14","01099","70"
"Montgomery","68","1384","Alabama","5/26/20","907","477","01101","52.59"
"Morgan","12","204","Alabama","5/26/20","119","85","01103","71.43"
"Perry","2","36","Alabama","5/26/20","22","14","01105","63.64"
"Pickens","2","95","Alabama","5/26/20","84","11","01107","13.1"
"Pike","7","160","Alabama","5/26/20","110","50","01109","45.45"
"Randolph","1","124","Alabama","5/26/20","120","4","01111","3.33"
"Russell","5","144","Alabama","5/26/20","109","35","01113","32.11"
"Shelby","9","467","Alabama","5/26/20","404","63","01117","15.59"
"St. Clair","2","106","Alabama","5/26/20","91","15","01115","16.48"
"Sumter","8","204","Alabama","5/26/20","148","56","01119","37.84"
"Talladega","2","95","Alabama","5/26/20","81","14","01121","17.28"
"Tallapoosa","5","408","Alabama","5/26/20","371","37","01123","9.97"
"Tuscaloosa","31","607","Alabama","5/26/20","387","220","01125","56.85"
"Walker","18","272","Alabama","5/26/20","148","124","01127","83.78"
"Washington","1","65","Alabama","5/26/20","61","4","01129","6.56"
"Wilcox","4","122","Alabama","5/26/20","97","25","01131","25.77"
"Winston","4","75","Alabama","5/26/20","45","30","01133","66.67"
"Anchorage","0","207","Alaska","5/26/20","205","2","02020","0.98"
"Bethel","0","2","Alaska","5/26/20","2","0","02050","0"
"Fairbanks North Star","0","85","Alaska","5/26/20","85","0","02090","0"
"Juneau","0","31","Alaska","5/26/20","30","1","02110","3.33"
"Kenai Peninsula","0","27","Alaska","5/26/20","26","1","02122","3.85"
"Ketchikan Gateway","0","16","Alaska","5/26/20","16","0","02130","0"
"Kodiak Island","0","1","Alaska","5/26/20","1","0","02150","0"
"Matanuska-Susitna","0","24","Alaska","5/26/20","22","2","02170","9.09"
"Nome","0","3","Alaska","5/26/20","1","2","02180","200"
"Northwest Arctic","0","2","Alaska","5/26/20","0","2","02188","1"
"Petersburg","0","4","Alaska","5/26/20","4","0","02195","0"
"Prince of Wales-Hyder","0","2","Alaska","5/26/20","2","0","02198","0"
"Sitka","0","2","Alaska","5/26/20","1","1","02220","100"
"Southeast Fairbanks","0","3","Alaska","5/26/20","3","0","02240","0"
"Yukon-Koyukuk","0","1","Alaska","5/26/20","1","0","02290","0"
"Apache","27","1214","Arizona","5/26/20","1023","191","04001","18.67"
"Cochise","3","64","Arizona","5/26/20","46","18","04003","39.13"
"Coconino","14","1041","Arizona","5/26/20","943","98","04005","10.39"
"Gila","0","24","Arizona","5/26/20","22","2","04007","9.09"
"Graham","1","24","Arizona","5/26/20","20","4","04009","20"
"Greenlee","0","3","Arizona","5/26/20","3","0","04011","0"
"La Paz","2","51","Arizona","5/26/20","38","13","04012","34.21"
"Maricopa","138","8448","Arizona","5/26/20","7482","966","04013","12.91"
"Mohave","10","329","Arizona","5/26/20","262","67","04015","25.57"
"Navajo","33","1550","Arizona","5/26/20","1320","230","04017","17.42"
"Pima","27","2075","Arizona","5/26/20","1888","187","04019","9.9"
"Pinal","7","766","Arizona","5/26/20","720","46","04021","6.39"
"Santa Cruz","13","187","Arizona","5/26/20","97","90","04023","92.78"
"Yavapai","3","291","Arizona","5/26/20","269","22","04025","8.18"
"Yuma","51","797","Arizona","5/26/20","443","354","04027","79.91"
"Arkansas","0","3","Arkansas","5/26/20","2","1","05001","50"
"Ashley","0","19","Arkansas","5/26/20","19","0","05003","0"
"Baxter","0","8","Arkansas","5/26/20","6","2","05005","33.33"
"Benton","23","315","Arkansas","5/26/20","155","160","05007","103.23"
"Boone","0","6","Arkansas","5/26/20","5","1","05009","20"
"Bradley","1","18","Arkansas","5/26/20","14","4","05011","28.57"
"Carroll","2","17","Arkansas","5/26/20","6","11","05015","183.33"
"Chicot","0","14","Arkansas","5/26/20","11","3","05017","27.27"
"Clark","0","37","Arkansas","5/26/20","35","2","05019","5.71"
"Clay","0","4","Arkansas","5/26/20","4","0","05021","0"
"Cleburne","0","73","Arkansas","5/26/20","72","1","05023","1.39"
"Cleveland","0","18","Arkansas","5/26/20","17","1","05025","5.88"
"Columbia","0","20","Arkansas","5/26/20","18","2","05027","11.11"
"Conway","0","14","Arkansas","5/26/20","14","0","05029","0"
"Craighead","6","190","Arkansas","5/26/20","147","43","05031","29.25"
"Crawford","1","17","Arkansas","5/26/20","12","5","05033","41.67"
"Crittenden","8","297","Arkansas","5/26/20","241","56","05035","23.24"
"Cross","1","46","Arkansas","5/26/20","39","7","05037","17.95"
"Dallas","0","1","Arkansas","5/26/20","1","0","05039","0"
"Desha","0","19","Arkansas","5/26/20","18","1","05041","5.56"
"Drew","0","19","Arkansas","5/26/20","19","0","05043","0"
"Faulkner","1","100","Arkansas","5/26/20","95","5","05045","5.26"
"Franklin","0","4","Arkansas","5/26/20","2","2","05047","100"
"Fulton","0","6","Arkansas","5/26/20","4","2","05049","50"
"Garland","1","134","Arkansas","5/26/20","130","4","05051","3.08"
"Grant","0","16","Arkansas","5/26/20","16","0","05053","0"
"Greene","4","54","Arkansas","5/26/20","25","29","05055","116"
"Hempstead","1","14","Arkansas","5/26/20","9","5","05057","55.56"
"Hot Spring","0","30","Arkansas","5/26/20","29","1","05059","3.45"
"Howard","0","17","Arkansas","5/26/20","14","3","05061","21.43"
"Independence","0","29","Arkansas","5/26/20","26","3","05063","11.54"
"Izard","0","15","Arkansas","5/26/20","14","1","05065","7.14"
"Jackson","0","1","Arkansas","5/26/20","1","0","05067","0"
"Jefferson","2","510","Arkansas","5/26/20","497","13","05069","2.62"
"Johnson","0","38","Arkansas","5/26/20","35","3","05071","8.57"
"Lafayette","0","9","Arkansas","5/26/20","9","0","05073","0"
"Lawrence","1","82","Arkansas","5/26/20","77","5","05075","6.49"
"Lee","1","17","Arkansas","5/26/20","12","5","05077","41.67"
"Lincoln","1","975","Arkansas","5/26/20","965","10","05079","1.04"
"Little River","1","5","Arkansas","5/26/20","1","4","05081","400"
"Logan","0","4","Arkansas","5/26/20","4","0","05083","0"
"Lonoke","0","46","Arkansas","5/26/20","46","0","05085","0"
"Madison","1","6","Arkansas","5/26/20","2","4","05087","200"
"Marion","0","1","Arkansas","5/26/20","1","0","05089","0"
"Miller","0","42","Arkansas","5/26/20","42","0","05091","0"
"Mississippi","1","72","Arkansas","5/26/20","65","7","05093","10.77"
"Monroe","0","5","Arkansas","5/26/20","5","0","05095","0"
"Montgomery","0","1","Arkansas","5/26/20","1","0","05097","0"
"Nevada","0","4","Arkansas","5/26/20","4","0","05099","0"
"Newton","0","3","Arkansas","5/26/20","3","0","05101","0"
"Ouachita","0","10","Arkansas","5/26/20","10","0","05103","0"
"Perry","0","13","Arkansas","5/26/20","12","1","05105","8.33"
"Phillips","1","9","Arkansas","5/26/20","5","4","05107","80"
"Pike","0","5","Arkansas","5/26/20","3","2","05109","66.67"
"Poinsett","0","30","Arkansas","5/26/20","28","2","05111","7.14"
"Polk","1","12","Arkansas","5/26/20","8","4","05113","50"
"Pope","7","124","Arkansas","5/26/20","76","48","05115","63.16"
"Prairie","0","2","Arkansas","5/26/20","2","0","05117","0"
"Pulaski","13","802","Arkansas","5/26/20","713","89","05119","12.48"
"Randolph","0","26","Arkansas","5/26/20","23","3","05121","13.04"
"Saline","3","100","Arkansas","5/26/20","82","18","05125","21.95"
"Scott","0","1","Arkansas","5/26/20","1","0","05127","0"
"Searcy","0","7","Arkansas","5/26/20","6","1","05129","16.67"
"Sebastian","1","22","Arkansas","5/26/20","17","5","05131","29.41"
"Sevier","9","111","Arkansas","5/26/20","46","65","05133","141.3"
"Sharp","1","42","Arkansas","5/26/20","38","4","05135","10.53"
"St. Francis","41","651","Arkansas","5/26/20","362","289","05123","79.83"
"Stone","0","8","Arkansas","5/26/20","8","0","05137","0"
"Union","6","162","Arkansas","5/26/20","117","45","05139","38.46"
"Van Buren","0","28","Arkansas","5/26/20","28","0","05141","0"
"Washington","22","303","Arkansas","5/26/20","151","152","05143","100.66"
"White","0","40","Arkansas","5/26/20","37","3","05145","8.11"
"Woodruff","0","1","Arkansas","5/26/20","1","0","05147","0"
"Yell","10","102","Arkansas","5/26/20","30","72","05149","240"
"Alameda","66","2986","California","5/26/20","2522","464","06001","18.4"
"Alpine","0","2","California","5/26/20","2","0","06003","0"
"Amador","0","10","California","5/26/20","10","0","06005","0"
"Butte","2","40","California","5/26/20","26","14","06007","53.85"
"Calaveras","0","14","California","5/26/20","13","1","06009","7.69"
"Colusa","0","5","California","5/26/20","3","2","06011","66.67"
"Contra Costa","23","1353","California","5/26/20","1192","161","06013","13.51"
"Del Norte","4","40","California","5/26/20","13","27","06015","207.69"
"El Dorado","2","78","California","5/26/20","67","11","06017","16.42"
"Fresno","28","1482","California","5/26/20","1287","195","06019","15.15"
"Glenn","0","12","California","5/26/20","12","0","06021","0"
"Humboldt","1","94","California","5/26/20","86","8","06023","9.3"
"Imperial","64","1352","California","5/26/20","902","450","06025","49.89"
"Inyo","0","19","California","5/26/20","19","0","06027","0"
"Kern","44","1876","California","5/26/20","1571","305","06029","19.41"
"Kings","39","688","California","5/26/20","416","272","06031","65.38"
"Lake","0","14","California","5/26/20","11","3","06033","27.27"
"Lassen","1","4","California","5/26/20","0","4","06035","1"
"Los Angeles","1182","47845","California","5/26/20","39573","8272","06037","20.9"
"Madera","1","85","California","5/26/20","81","4","06039","4.94"
"Marin","12","417","California","5/26/20","336","81","06041","24.11"
"Mariposa","0","16","California","5/26/20","15","1","06043","6.67"
"Mendocino","1","22","California","5/26/20","14","8","06045","57.14"
"Merced","7","268","California","5/26/20","222","46","06047","20.72"
"Mono","0","34","California","5/26/20","34","0","06051","0"
"Monterey","11","429","California","5/26/20","349","80","06053","22.92"
"Napa","2","109","California","5/26/20","92","17","06055","18.48"
"Nevada","0","41","California","5/26/20","41","0","06057","0"
"Orange","154","5578","California","5/26/20","4500","1078","06059","23.96"
"Placer","2","188","California","5/26/20","177","11","06061","6.21"
"Plumas","0","4","California","5/26/20","4","0","06063","0"
"Riverside","155","7139","California","5/26/20","6053","1086","06065","17.94"
"Sacramento","9","1310","California","5/26/20","1250","60","06067","4.8"
"San Benito","2","76","California","5/26/20","63","13","06069","20.63"
"San Bernardino","123","4567","California","5/26/20","3707","860","06071","23.2"
"San Diego","110","6797","California","5/26/20","6026","771","06073","12.79"
"San Francisco","31","2399","California","5/26/20","2179","220","06075","10.1"
"San Joaquin","9","771","California","5/26/20","709","62","06077","8.74"
"San Luis Obispo","2","263","California","5/26/20","247","16","06079","6.48"
"San Mateo","31","1904","California","5/26/20","1687","217","06081","12.86"
"Santa Barbara","5","1551","California","5/26/20","1517","34","06083","2.24"
"Santa Clara","27","2675","California","5/26/20","2483","192","06085","7.73"
"Santa Cruz","5","200","California","5/26/20","165","35","06087","21.21"
"Shasta","0","36","California","5/26/20","34","2","06089","5.88"
"Sierra","0","1","California","5/26/20","0","1","06091","1"
"Siskiyou","0","6","California","5/26/20","6","0","06093","0"
"Solano","4","455","California","5/26/20","430","25","06095","5.81"
"Sonoma","18","515","California","5/26/20","391","124","06097","31.71"
"Stanislaus","9","659","California","5/26/20","593","66","06099","11.13"
"Sutter","0","42","California","5/26/20","40","2","06101","5"
"Tehama","0","3","California","5/26/20","2","1","06103","50"
"Trinity","0","1","California","5/26/20","1","0","06105","0"
"Tulare","33","1771","California","5/26/20","1539","232","06107","15.07"
"Tuolumne","0","3","California","5/26/20","2","1","06109","50"
"Ventura","12","912","California","5/26/20","825","87","06111","10.55"
"Yolo","2","198","California","5/26/20","185","13","06113","7.03"
"Yuba","0","28","California","5/26/20","28","0","06115","0"
"Adams","41","2964","Colorado","5/26/20","2675","289","08001","10.8"
"Alamosa","2","58","Colorado","5/26/20","43","15","08003","34.88"
"Arapahoe","42","4121","Colorado","5/26/20","3827","294","08005","7.68"
"Archuleta","0","8","Colorado","5/26/20","8","0","08007","0"
"Baca","0","12","Colorado","5/26/20","12","0","08009","0"
"Bent","0","2","Colorado","5/26/20","1","1","08011","100"
"Boulder","10","941","Colorado","5/26/20","871","70","08013","8.04"
"Broomfield","1","224","Colorado","5/26/20","214","10","08014","4.67"
"Chaffee","0","72","Colorado","5/26/20","69","3","08015","4.35"
"Cheyenne","0","5","Colorado","5/26/20","5","0","08017","0"
"Clear Creek","0","16","Colorado","5/26/20","16","0","08019","0"
"Conejos","0","1","Colorado","5/26/20","1","0","08021","0"
"Costilla","0","3","Colorado","5/26/20","4","-1","08023","-25"
"Crowley","3","63","Colorado","5/26/20","39","24","08025","61.54"
"Custer","0","2","Colorado","5/26/20","2","0","08027","0"
"Delta","2","67","Colorado","5/26/20","55","12","08029","21.82"
"Denver","68","5269","Colorado","5/26/20","4790","479","08031","10"
"Douglas","4","683","Colorado","5/26/20","654","29","08035","4.43"
"Eagle","1","580","Colorado","5/26/20","571","9","08037","1.58"
"El Paso","32","1581","Colorado","5/26/20","1357","224","08041","16.51"
"Elbert","0","49","Colorado","5/26/20","47","2","08039","4.26"
"Fremont","0","26","Colorado","5/26/20","25","1","08043","4"
"Garfield","3","134","Colorado","5/26/20","115","19","08045","16.52"
"Gilpin","0","3","Colorado","5/26/20","4","-1","08047","-25"
"Grand","0","7","Colorado","5/26/20","5","2","08049","40"
"Gunnison","0","178","Colorado","5/26/20","179","-1","08051","-0.56"
"Hinsdale","0","3","Colorado","5/26/20","3","0","08053","0"
"Huerfano","0","3","Colorado","5/26/20","3","0","08055","0"
"Jefferson","30","2090","Colorado","5/26/20","1882","208","08059","11.05"
"Kit Carson","0","26","Colorado","5/26/20","26","0","08063","0"
"La Plata","1","79","Colorado","5/26/20","72","7","08067","9.72"
"Lake","0","27","Colorado","5/26/20","26","1","08065","3.85"
"Larimer","5","544","Colorado","5/26/20","508","36","08069","7.09"
"Las Animas","0","5","Colorado","5/26/20","4","1","08071","25"
"Lincoln","0","3","Colorado","5/26/20","3","0","08073","0"
"Logan","13","582","Colorado","5/26/20","488","94","08075","19.26"
"Mesa","1","55","Colorado","5/26/20","50","5","08077","10"
"Mineral","0","2","Colorado","5/26/20","2","0","08079","0"
"Moffat","0","7","Colorado","5/26/20","6","1","08081","16.67"
"Montezuma","1","36","Colorado","5/26/20","29","7","08083","24.14"
"Montrose","4","163","Colorado","5/26/20","136","27","08085","19.85"
"Morgan","6","613","Colorado","5/26/20","574","39","08087","6.79"
"Otero","1","15","Colorado","5/26/20","11","4","08089","36.36"
"Ouray","0","8","Colorado","5/26/20","7","1","08091","14.29"
"Park","0","23","Colorado","5/26/20","20","3","08093","15"
"Phillips","0","12","Colorado","5/26/20","10","2","08095","20"
"Pitkin","0","57","Colorado","5/26/20","57","0","08097","0"
"Prowers","0","12","Colorado","5/26/20","11","1","08099","9.09"
"Pueblo","6","264","Colorado","5/26/20","219","45","08101","20.55"
"Rio Blanco","0","1","Colorado","5/26/20","1","0","08103","0"
"Rio Grande","1","16","Colorado","5/26/20","9","7","08105","77.78"
"Routt","0","59","Colorado","5/26/20","59","0","08107","0"
"Saguache","3","36","Colorado","5/26/20","18","18","08109","100"
"San Juan","0","1","Colorado","5/26/20","1","0","08111","0"
"San Miguel","0","23","Colorado","5/26/20","22","1","08113","4.55"
"Summit","3","212","Colorado","5/26/20","192","20","08117","10.42"
"Teller","0","32","Colorado","5/26/20","31","1","08119","3.23"
"Washington","3","32","Colorado","5/26/20","11","21","08121","190.91"
"Weld","14","2423","Colorado","5/26/20","2326","97","08123","4.17"
"Yuma","1","19","Colorado","5/26/20","11","8","08125","72.73"
"Fairfield","119","15355","Connecticut","5/26/20","14522","833","09001","5.74"
"Hartford","124","9917","Connecticut","5/26/20","9050","867","09003","9.58"
"Litchfield","10","1360","Connecticut","5/26/20","1290","70","09005","5.43"
"Middlesex","11","1026","Connecticut","5/26/20","947","79","09007","8.34"
"New Haven","99","11121","Connecticut","5/26/20","10427","694","09009","6.66"
"New London","28","1075","Connecticut","5/26/20","880","195","09011","22.16"
"Tolland","7","821","Connecticut","5/26/20","770","51","09013","6.62"
"Windham","6","371","Connecticut","5/26/20","326","45","09015","13.8"
"Kent","19","1368","Delaware","5/26/20","1238","130","10001","10.5"
"New Castle","95","3508","Delaware","5/26/20","2845","663","10003","23.3"
"Sussex","33","4132","Delaware","5/26/20","3904","228","10005","5.84"
"","0","49","Diamond Princess","5/26/20","49","0",,"0"
"District of Columbia","129","8334","District of Columbia","5/26/20","7434","900","11001","12.11"
"Alachua","4","370","Florida","5/26/20","339","31","12001","9.14"
"Baker","0","27","Florida","5/26/20","26","1","12003","3.85"
"Bay","2","97","Florida","5/26/20","86","11","12005","12.79"
"Bradford","0","51","Florida","5/26/20","49","2","12007","4.08"
"Brevard","4","399","Florida","5/26/20","371","28","12009","7.55"
"Broward","61","6799","Florida","5/26/20","6369","430","12011","6.75"
"Calhoun","2","52","Florida","5/26/20","40","12","12013","30"
"Charlotte","5","430","Florida","5/26/20","392","38","12015","9.69"
"Citrus","1","119","Florida","5/26/20","114","5","12017","4.39"
"Clay","6","365","Florida","5/26/20","321","44","12019","13.71"
"Collier","39","1305","Florida","5/26/20","1030","275","12021","26.7"
"Columbia","3","132","Florida","5/26/20","113","19","12023","16.81"
"DeSoto","7","121","Florida","5/26/20","69","52","12027","75.36"
"Dixie","3","44","Florida","5/26/20","26","18","12029","69.23"
"Duval","24","1484","Florida","5/26/20","1318","166","12031","12.59"
"Escambia","7","769","Florida","5/26/20","719","50","12033","6.95"
"Flagler","1","177","Florida","5/26/20","167","10","12035","5.99"
"Franklin","0","2","Florida","5/26/20","2","0","12037","0"
"Gadsden","3","266","Florida","5/26/20","242","24","12039","9.92"
"Gilchrist","1","12","Florida","5/26/20","8","4","12041","50"
"Glades","2","24","Florida","5/26/20","13","11","12043","84.62"
"Gulf","0","1","Florida","5/26/20","1","0","12045","0"
"Hamilton","8","206","Florida","5/26/20","147","59","12047","40.14"
"Hardee","6","87","Florida","5/26/20","44","43","12049","97.73"
"Hendry","16","337","Florida","5/26/20","224","113","12051","50.45"
"Hernando","0","112","Florida","5/26/20","109","3","12053","2.75"
"Highlands","1","114","Florida","5/26/20","107","7","12055","6.54"
"Hillsborough","43","1969","Florida","5/26/20","1670","299","12057","17.9"
"Holmes","1","18","Florida","5/26/20","10","8","12059","80"
"Indian River","2","119","Florida","5/26/20","108","11","12061","10.19"
"Jackson","13","239","Florida","5/26/20","148","91","12063","61.49"
"Jefferson","0","29","Florida","5/26/20","28","1","12065","3.57"
"Lafayette","0","8","Florida","5/26/20","6","2","12067","33.33"
"Lake","3","277","Florida","5/26/20","257","20","12069","7.78"
"Lee","34","1759","Florida","5/26/20","1520","239","12071","15.72"
"Leon","10","375","Florida","5/26/20","304","71","12073","23.36"
"Levy","1","30","Florida","5/26/20","25","5","12075","20"
"Liberty","1","209","Florida","5/26/20","199","10","12077","5.03"
"Madison","1","69","Florida","5/26/20","64","5","12079","7.81"
"Manatee","15","990","Florida","5/26/20","888","102","12081","11.49"
"Marion","2","240","Florida","5/26/20","224","16","12083","7.14"
"Martin","20","535","Florida","5/26/20","396","139","12085","35.1"
"Miami-Dade","175","17168","Florida","5/26/20","15942","1226","12086","7.69"
"Monroe","1","107","Florida","5/26/20","99","8","12087","8.08"
"Nassau","1","70","Florida","5/26/20","66","4","12089","6.06"
"Okaloosa","2","194","Florida","5/26/20","180","14","12091","7.78"
"Okeechobee","3","67","Florida","5/26/20","45","22","12093","48.89"
"Orange","21","1849","Florida","5/26/20","1699","150","12095","8.83"
"Osceola","5","662","Florida","5/26/20","629","33","12097","5.25"
"Palm Beach","104","5429","Florida","5/26/20","4699","730","12099","15.54"
"Pasco","6","369","Florida","5/26/20","327","42","12101","12.84"
"Pinellas","19","1196","Florida","5/26/20","1062","134","12103","12.62"
"Polk","18","891","Florida","5/26/20","766","125","12105","16.32"
"Putnam","1","144","Florida","5/26/20","134","10","12107","7.46"
"Santa Rosa","3","209","Florida","5/26/20","186","23","12113","12.37"
"Sarasota","9","594","Florida","5/26/20","533","61","12115","11.44"
"Seminole","3","465","Florida","5/26/20","442","23","12117","5.2"
"St. Johns","1","241","Florida","5/26/20","233","8","12109","3.43"
"St. Lucie","11","413","Florida","5/26/20","337","76","12111","22.55"
"Sumter","0","254","Florida","5/26/20","253","1","12119","0.4"
"Suwannee","1","165","Florida","5/26/20","160","5","12121","3.12"
"Taylor","1","14","Florida","5/26/20","5","9","12123","180"
"Union","1","31","Florida","5/26/20","26","5","12125","19.23"
"Volusia","10","680","Florida","5/26/20","612","68","12127","11.11"
"Wakulla","0","32","Florida","5/26/20","32","0","12129","0"
"Walton","2","108","Florida","5/26/20","91","17","12131","18.68"
"Washington","5","50","Florida","5/26/20","14","36","12133","257.14"
"Appling","4","138","Georgia","5/26/20","113","25","13001","22.12"
"Atkinson","2","35","Georgia","5/26/20","22","13","13003","59.09"
"Bacon","1","80","Georgia","5/26/20","71","9","13005","12.68"
"Baker","1","36","Georgia","5/26/20","32","4","13007","12.5"
"Baldwin","6","335","Georgia","5/26/20","292","43","13009","14.73"
"Banks","5","80","Georgia","5/26/20","46","34","13011","73.91"
"Barrow","6","307","Georgia","5/26/20","267","40","13013","14.98"
"Bartow","6","452","Georgia","5/26/20","410","42","13015","10.24"
"Ben Hill","2","65","Georgia","5/26/20","48","17","13017","35.42"
"Berrien","2","38","Georgia","5/26/20","23","15","13019","65.22"
"Bibb","4","436","Georgia","5/26/20","411","25","13021","6.08"
"Bleckley","1","40","Georgia","5/26/20","34","6","13023","17.65"
"Brantley","1","50","Georgia","5/26/20","44","6","13025","13.64"
"Brooks","0","68","Georgia","5/26/20","66","2","13027","3.03"
"Bryan","1","72","Georgia","5/26/20","66","6","13029","9.09"
"Bulloch","1","53","Georgia","5/26/20","45","8","13031","17.78"
"Burke","1","123","Georgia","5/26/20","118","5","13033","4.24"
"Butts","2","214","Georgia","5/26/20","199","15","13035","7.54"
"Calhoun","1","129","Georgia","5/26/20","122","7","13037","5.74"
"Camden","1","55","Georgia","5/26/20","51","4","13039","7.84"
"Candler","0","13","Georgia","5/26/20","10","3","13043","30"
"Carroll","10","490","Georgia","5/26/20","418","72","13045","17.22"
"Catoosa","5","111","Georgia","5/26/20","73","38","13047","52.05"
"Charlton","0","30","Georgia","5/26/20","29","1","13049","3.45"
"Chatham","13","472","Georgia","5/26/20","379","93","13051","24.54"
"Chattahoochee","1","30","Georgia","5/26/20","20","10","13053","50"
"Chattooga","1","24","Georgia","5/26/20","17","7","13055","41.18"
"Cherokee","15","850","Georgia","5/26/20","745","105","13057","14.09"
"Clarke","7","249","Georgia","5/26/20","200","49","13059","24.5"
"Clay","1","35","Georgia","5/26/20","30","5","13061","16.67"
"Clayton","23","1173","Georgia","5/26/20","1010","163","13063","16.14"
"Clinch","2","57","Georgia","5/26/20","45","12","13065","26.67"
"Cobb","50","2854","Georgia","5/26/20","2503","351","13067","14.02"
"Coffee","6","254","Georgia","5/26/20","209","45","13069","21.53"
"Colquitt","17","379","Georgia","5/26/20","258","121","13071","46.9"
"Columbia","2","229","Georgia","5/26/20","212","17","13073","8.02"
"Cook","2","45","Georgia","5/26/20","31","14","13075","45.16"
"Coweta","14","383","Georgia","5/26/20","287","96","13077","33.45"
"Crawford","1","29","Georgia","5/26/20","24","5","13079","20.83"
"Crisp","3","223","Georgia","5/26/20","200","23","13081","11.5"
"Dade","1","27","Georgia","5/26/20","20","7","13083","35"
"Dawson","3","104","Georgia","5/26/20","86","18","13085","20.93"
"Decatur","4","156","Georgia","5/26/20","131","25","13087","19.08"
"DeKalb","72","3421","Georgia","5/26/20","2918","503","13089","17.24"
"Dodge","1","50","Georgia","5/26/20","44","6","13091","13.64"
"Dooly","2","174","Georgia","5/26/20","162","12","13093","7.41"
"Dougherty","15","1774","Georgia","5/26/20","1668","106","13095","6.35"
"Douglas","10","517","Georgia","5/26/20","445","72","13097","16.18"
"Early","0","236","Georgia","5/26/20","234","2","13099","0.85"
"Echols","11","96","Georgia","5/26/20","21","75","13101","357.14"
"Effingham","4","75","Georgia","5/26/20","47","28","13103","59.57"
"Elbert","1","73","Georgia","5/26/20","69","4","13105","5.8"
"Emanuel","0","26","Georgia","5/26/20","26","0","13107","0"
"Evans","0","5","Georgia","5/26/20","5","0","13109","0"
"Fannin","0","40","Georgia","5/26/20","38","2","13111","5.26"
"Fayette","3","232","Georgia","5/26/20","212","20","13113","9.43"
"Floyd","7","243","Georgia","5/26/20","195","48","13115","24.62"
"Forsyth","11","492","Georgia","5/26/20","412","80","13117","19.42"
"Franklin","1","39","Georgia","5/26/20","33","6","13119","18.18"
"Fulton","62","4230","Georgia","5/26/20","3795","435","13121","11.46"
"Gilmer","3","139","Georgia","5/26/20","116","23","13123","19.83"
"Glascock","0","1","Georgia","5/26/20","1","0","13125","0"
"Glynn","2","93","Georgia","5/26/20","79","14","13127","17.72"
"Gordon","1","137","Georgia","5/26/20","132","5","13129","3.79"
"Grady","0","94","Georgia","5/26/20","92","2","13131","2.17"
"Greene","1","65","Georgia","5/26/20","60","5","13133","8.33"
"Gwinnett","77","3307","Georgia","5/26/20","2771","536","13135","19.34"
"Habersham","7","506","Georgia","5/26/20","457","49","13137","10.72"
"Hall","27","2378","Georgia","5/26/20","2191","187","13139","8.53"
"Hancock","3","192","Georgia","5/26/20","170","22","13141","12.94"
"Haralson","1","40","Georgia","5/26/20","35","5","13143","14.29"
"Harris","1","84","Georgia","5/26/20","74","10","13145","13.51"
"Hart","0","26","Georgia","5/26/20","24","2","13147","8.33"
"Heard","1","28","Georgia","5/26/20","20","8","13149","40"
"Henry","6","655","Georgia","5/26/20","611","44","13151","7.2"
"Houston","5","356","Georgia","5/26/20","323","33","13153","10.22"
"Irwin","0","24","Georgia","5/26/20","22","2","13155","9.09"
"Jackson","3","153","Georgia","5/26/20","134","19","13157","14.18"
"Jasper","1","32","Georgia","5/26/20","26","6","13159","23.08"
"Jeff Davis","1","34","Georgia","5/26/20","26","8","13161","30.77"
"Jefferson","1","30","Georgia","5/26/20","25","5","13163","20"
"Jenkins","0","18","Georgia","5/26/20","16","2","13165","12.5"
"Johnson","0","82","Georgia","5/26/20","82","0","13167","0"
"Jones","0","34","Georgia","5/26/20","31","3","13169","9.68"
"Lamar","2","57","Georgia","5/26/20","44","13","13171","29.55"
"Lanier","1","16","Georgia","5/26/20","11","5","13173","45.45"
"Laurens","1","105","Georgia","5/26/20","98","7","13175","7.14"
"Lee","3","362","Georgia","5/26/20","343","19","13177","5.54"
"Liberty","3","68","Georgia","5/26/20","47","21","13179","44.68"
"Lincoln","0","16","Georgia","5/26/20","13","3","13181","23.08"
"Long","1","12","Georgia","5/26/20","6","6","13183","100"
"Lowndes","7","259","Georgia","5/26/20","209","50","13185","23.92"
"Lumpkin","1","91","Georgia","5/26/20","83","8","13187","9.64"
"Macon","1","98","Georgia","5/26/20","93","5","13193","5.38"
"Madison","2","41","Georgia","5/26/20","30","11","13195","36.67"
"Marion","0","49","Georgia","5/26/20","47","2","13197","4.26"
"McDuffie","1","65","Georgia","5/26/20","55","10","13189","18.18"
"McIntosh","0","12","Georgia","5/26/20","11","1","13191","9.09"
"Meriwether","1","78","Georgia","5/26/20","70","8","13199","11.43"
"Miller","0","39","Georgia","5/26/20","36","3","13201","8.33"
"Mitchell","1","399","Georgia","5/26/20","394","5","13205","1.27"
"Monroe","2","119","Georgia","5/26/20","102","17","13207","16.67"
"Montgomery","0","9","Georgia","5/26/20","8","1","13209","12.5"
"Morgan","0","37","Georgia","5/26/20","34","3","13211","8.82"
"Murray","2","81","Georgia","5/26/20","64","17","13213","26.56"
"Muscogee","17","568","Georgia","5/26/20","451","117","13215","25.94"
"Newton","10","335","Georgia","5/26/20","266","69","13217","25.94"
"Oconee","4","108","Georgia","5/26/20","81","27","13219","33.33"
"Oglethorpe","0","58","Georgia","5/26/20","56","2","13221","3.57"
"Out of GA","39","1917","Georgia","5/26/20","1641","276","80013","16.82"
"Paulding","7","294","Georgia","5/26/20","247","47","13223","19.03"
"Peach","0","70","Georgia","5/26/20","69","1","13225","1.45"
"Pickens","1","43","Georgia","5/26/20","39","4","13227","10.26"
"Pierce","1","91","Georgia","5/26/20","81","10","13229","12.35"
"Pike","1","52","Georgia","5/26/20","44","8","13231","18.18"
"Polk","3","101","Georgia","5/26/20","80","21","13233","26.25"
"Pulaski","0","39","Georgia","5/26/20","36","3","13235","8.33"
"Putnam","1","88","Georgia","5/26/20","80","8","13237","10"
"Quitman","1","12","Georgia","5/26/20","8","4","13239","50"
"Rabun","0","16","Georgia","5/26/20","15","1","13241","6.67"
"Randolph","1","175","Georgia","5/26/20","169","6","13243","3.55"
"Richmond","8","553","Georgia","5/26/20","495","58","13245","11.72"
"Rockdale","2","268","Georgia","5/26/20","252","16","13247","6.35"
"Schley","0","17","Georgia","5/26/20","17","0","13249","0"
"Screven","2","32","Georgia","5/26/20","20","12","13251","60"
"Seminole","0","43","Georgia","5/26/20","41","2","13253","4.88"
"Spalding","2","262","Georgia","5/26/20","246","16","13255","6.5"
"Stephens","2","129","Georgia","5/26/20","114","15","13257","13.16"
"Stewart","1","46","Georgia","5/26/20","40","6","13259","15"
"Sumter","5","454","Georgia","5/26/20","421","33","13261","7.84"
"Talbot","1","37","Georgia","5/26/20","30","7","13263","23.33"
"Taliaferro","0","1","Georgia","5/26/20","1","0","13265","0"
"Tattnall","1","19","Georgia","5/26/20","13","6","13267","46.15"
"Taylor","0","21","Georgia","5/26/20","22","-1","13269","-4.55"
"Telfair","0","34","Georgia","5/26/20","31","3","13271","9.68"
"Terrell","2","213","Georgia","5/26/20","199","14","13273","7.04"
"Thomas","5","323","Georgia","5/26/20","289","34","13275","11.76"
"Tift","7","234","Georgia","5/26/20","188","46","13277","24.47"
"Toombs","1","53","Georgia","5/26/20","46","7","13279","15.22"
"Towns","0","22","Georgia","5/26/20","21","1","13281","4.76"
"Treutlen","0","8","Georgia","5/26/20","8","0","13283","0"
"Troup","8","268","Georgia","5/26/20","213","55","13285","25.82"
"Turner","3","106","Georgia","5/26/20","85","21","13287","24.71"
"Twiggs","1","14","Georgia","5/26/20","10","4","13289","40"
"Union","1","41","Georgia","5/26/20","37","4","13291","10.81"
"Upson","2","279","Georgia","5/26/20","267","12","13293","4.49"
"Walker","4","102","Georgia","5/26/20","76","26","13295","34.21"
"Walton","7","217","Georgia","5/26/20","166","51","13297","30.72"
"Ware","6","221","Georgia","5/26/20","177","44","13299","24.86"
"Warren","0","18","Georgia","5/26/20","16","2","13301","12.5"
"Washington","1","73","Georgia","5/26/20","68","5","13303","7.35"
"Wayne","0","17","Georgia","5/26/20","14","3","13305","21.43"
"Webster","0","11","Georgia","5/26/20","11","0","13307","0"
"Wheeler","0","9","Georgia","5/26/20","7","2","13309","28.57"
"White","1","95","Georgia","5/26/20","90","5","13311","5.56"
"Whitfield","16","303","Georgia","5/26/20","194","109","13313","56.19"
"Wilcox","1","105","Georgia","5/26/20","97","8","13315","8.25"
"Wilkes","0","33","Georgia","5/26/20","30","3","13317","10"
"Wilkinson","3","65","Georgia","5/26/20","46","19","13319","41.3"
"Worth","2","213","Georgia","5/26/20","201","12","13321","5.97"
"","0","103","Grand Princess","5/26/20","103","0",,"0"
"","2","167","Guam","5/26/20","154","13",,"8.44"
"Hawaii","0","81","Hawaii","5/26/20","78","3","15001","3.85"
"Honolulu","0","414","Hawaii","5/26/20","415","-1","15003","-0.24"
"Kauai","0","20","Hawaii","5/26/20","21","-1","15007","-4.76"
"Maui","0","118","Hawaii","5/26/20","117","1","15009","0.85"
"Out of HI","0","10","Hawaii","5/26/20","10","0","80015","0"
"Ada","2","796","Idaho","5/26/20","780","16","16001","2.05"
"Adams","0","3","Idaho","5/26/20","3","0","16003","0"
"Bannock","0","18","Idaho","5/26/20","16","2","16005","12.5"
"Bingham","0","6","Idaho","5/26/20","6","0","16011","0"
"Blaine","0","510","Idaho","5/26/20","508","2","16013","0.39"
"Bonner","0","4","Idaho","5/26/20","4","0","16017","0"
"Bonneville","0","32","Idaho","5/26/20","33","-1","16019","-3.03"
"Camas","0","1","Idaho","5/26/20","1","0","16025","0"
"Canyon","1","284","Idaho","5/26/20","277","7","16027","2.53"
"Caribou","0","1","Idaho","5/26/20","1","0","16029","0"
"Cassia","1","28","Idaho","5/26/20","19","9","16031","47.37"
"Custer","0","2","Idaho","5/26/20","2","0","16037","0"
"Elmore","0","31","Idaho","5/26/20","31","0","16039","0"
"Fremont","0","3","Idaho","5/26/20","3","0","16043","0"
"Gem","0","17","Idaho","5/26/20","16","1","16045","6.25"
"Gooding","2","39","Idaho","5/26/20","26","13","16047","50"
"Idaho","0","3","Idaho","5/26/20","3","0","16049","0"
"Jefferson","0","7","Idaho","5/26/20","7","0","16051","0"
"Jerome","6","145","Idaho","5/26/20","102","43","16053","42.16"
"Kootenai","0","66","Idaho","5/26/20","66","0","16055","0"
"Latah","0","7","Idaho","5/26/20","6","1","16057","16.67"
"Lemhi","0","1","Idaho","5/26/20","1","0","16059","0"
"Lincoln","0","30","Idaho","5/26/20","29","1","16063","3.45"
"Madison","0","20","Idaho","5/26/20","19","1","16065","5.26"
"Minidoka","2","29","Idaho","5/26/20","15","14","16067","93.33"
"Nez Perce","0","81","Idaho","5/26/20","79","2","16069","2.53"
"Owyhee","0","8","Idaho","5/26/20","8","0","16073","0"
"Payette","0","23","Idaho","5/26/20","22","1","16075","4.55"
"Power","0","3","Idaho","5/26/20","3","0","16077","0"
"Teton","0","11","Idaho","5/26/20","11","0","16081","0"
"Twin Falls","8","381","Idaho","5/26/20","326","55","16083","16.87"
"Valley","0","2","Idaho","5/26/20","2","0","16085","0"
"Washington","1","34","Idaho","5/26/20","30","4","16087","13.33"
"Adams","0","44","Illinois","5/26/20","42","2","17001","4.76"
"Alexander","0","8","Illinois","5/26/20","8","0","17003","0"
"Bond","0","10","Illinois","5/26/20","12","-2","17005","-16.67"
"Boone","13","407","Illinois","5/26/20","314","93","17007","29.62"
"Brown","0","10","Illinois","5/26/20","10","0","17009","0"
"Bureau","0","15","Illinois","5/26/20","15","0","17011","0"
"Calhoun","0","1","Illinois","5/26/20","1","0","17013","0"
"Carroll","0","13","Illinois","5/26/20","14","-1","17015","-7.14"
"Cass","0","67","Illinois","5/26/20","66","1","17017","1.52"
"Champaign","19","569","Illinois","5/26/20","435","134","17019","30.8"
"Christian","0","33","Illinois","5/26/20","32","1","17021","3.12"
"Clark","0","10","Illinois","5/26/20","9","1","17023","11.11"
"Clay","0","2","Illinois","5/26/20","3","-1","17025","-33.33"
"Clinton","2","178","Illinois","5/26/20","165","13","17027","7.88"
"Coles","4","115","Illinois","5/26/20","85","30","17029","35.29"
"Cook","1304","73819","Illinois","5/26/20","64691","9128","17031","14.11"
"Crawford","0","11","Illinois","5/26/20","11","0","17033","0"
"Cumberland","0","10","Illinois","5/26/20","9","1","17035","11.11"
"De Witt","0","4","Illinois","5/26/20","4","0","17039","0"
"DeKalb","9","331","Illinois","5/26/20","268","63","17037","23.51"
"Douglas","0","28","Illinois","5/26/20","26","2","17041","7.69"
"DuPage","160","7290","Illinois","5/26/20","6171","1119","17043","18.13"
"Edwards","0","2","Illinois","5/26/20","2","0","17047","0"
"Effingham","0","6","Illinois","5/26/20","6","0","17049","0"
"Fayette","0","20","Illinois","5/26/20","19","1","17051","5.26"
"Ford","0","20","Illinois","5/26/20","18","2","17053","11.11"
"Franklin","0","12","Illinois","5/26/20","11","1","17055","9.09"
"Fulton","0","11","Illinois","5/26/20","10","1","17057","10"
"Gallatin","0","2","Illinois","5/26/20","2","0","17059","0"
"Greene","0","5","Illinois","5/26/20","4","1","17061","25"
"Grundy","1","89","Illinois","5/26/20","80","9","17063","11.25"
"Hamilton","0","2","Illinois","5/26/20","2","0","17065","0"
"Hancock","0","15","Illinois","5/26/20","12","3","17067","25"
"Hardin","0","1","Illinois","5/26/20","1","0","17069","0"
"Henderson","0","8","Illinois","5/26/20","8","0","17071","0"
"Henry","0","67","Illinois","5/26/20","65","2","17073","3.08"
"Iroquois","2","131","Illinois","5/26/20","119","12","17075","10.08"
"Jackson","6","228","Illinois","5/26/20","186","42","17077","22.58"
"Jasper","0","45","Illinois","5/26/20","45","0","17079","0"
"Jefferson","0","101","Illinois","5/26/20","100","1","17081","1"
"Jersey","0","20","Illinois","5/26/20","19","1","17083","5.26"
"Jo Daviess","1","27","Illinois","5/26/20","21","6","17085","28.57"
"Johnson","0","7","Illinois","5/26/20","7","0","17087","0"
"Kane","169","5866","Illinois","5/26/20","4682","1184","17089","25.29"
"Kankakee","16","802","Illinois","5/26/20","693","109","17091","15.73"
"Kendall","19","727","Illinois","5/26/20","592","135","17093","22.8"
"Knox","1","95","Illinois","5/26/20","89","6","17095","6.74"
"Lake","151","7767","Illinois","5/26/20","6709","1058","17097","15.77"
"LaSalle","3","140","Illinois","5/26/20","121","19","17099","15.7"
"Lawrence","0","4","Illinois","5/26/20","4","0","17101","0"
"Lee","0","76","Illinois","5/26/20","75","1","17103","1.33"
"Livingston","1","31","Illinois","5/26/20","27","4","17105","14.81"
"Logan","0","10","Illinois","5/26/20","10","0","17107","0"
"Macon","3","188","Illinois","5/26/20","170","18","17115","10.59"
"Macoupin","0","42","Illinois","5/26/20","42","0","17117","0"
"Madison","6","540","Illinois","5/26/20","499","41","17119","8.22"
"Marion","0","50","Illinois","5/26/20","49","1","17121","2.04"
"Marshall","0","5","Illinois","5/26/20","5","0","17123","0"
"Mason","0","17","Illinois","5/26/20","16","1","17125","6.25"
"Massac","0","7","Illinois","5/26/20","6","1","17127","16.67"
"McDonough","2","83","Illinois","5/26/20","72","11","17109","15.28"
"McHenry","33","1452","Illinois","5/26/20","1224","228","17111","18.63"
"McLean","3","212","Illinois","5/26/20","189","23","17113","12.17"
"Menard","0","17","Illinois","5/26/20","17","0","17129","0"
"Mercer","0","15","Illinois","5/26/20","14","1","17131","7.14"
"Monroe","0","92","Illinois","5/26/20","90","2","17133","2.22"
"Montgomery","0","39","Illinois","5/26/20","39","0","17135","0"
"Morgan","0","34","Illinois","5/26/20","35","-1","17137","-2.86"
"Moultrie","0","10","Illinois","5/26/20","8","2","17139","25"
"Ogle","3","192","Illinois","5/26/20","173","19","17141","10.98"
"Out of IL","13","177","Illinois","5/26/20","87","90","80017","103.45"
"Peoria","3","185","Illinois","5/26/20","162","23","17143","14.2"
"Perry","0","41","Illinois","5/26/20","40","1","17145","2.5"
"Piatt","0","12","Illinois","5/26/20","9","3","17147","33.33"
"Pike","0","1","Illinois","5/26/20","1","0","17149","0"
"Pope","0","1","Illinois","5/26/20","1","0","17151","0"
"Pulaski","0","40","Illinois","5/26/20","40","0","17153","0"
"Putnam","0","1","Illinois","5/26/20","1","0","17155","0"
"Randolph","3","259","Illinois","5/26/20","238","21","17157","8.82"
"Richland","0","3","Illinois","5/26/20","3","0","17159","0"
"Rock Island","6","639","Illinois","5/26/20","594","45","17161","7.58"
"Saline","0","7","Illinois","5/26/20","6","1","17165","16.67"
"Sangamon","3","332","Illinois","5/26/20","311","21","17167","6.75"
"Schuyler","0","10","Illinois","5/26/20","7","3","17169","42.86"
"Shelby","0","16","Illinois","5/26/20","15","1","17173","6.67"
"St. Clair","26","1017","Illinois","5/26/20","832","185","17163","22.24"
"Stark","0","3","Illinois","5/26/20","2","1","17175","50"
"Stephenson","5","195","Illinois","5/26/20","160","35","17177","21.88"
"Tazewell","1","68","Illinois","5/26/20","64","4","17179","6.25"
"Union","3","141","Illinois","5/26/20","122","19","17181","15.57"
"Vermilion","1","39","Illinois","5/26/20","30","9","17183","30"
"Wabash","0","2","Illinois","5/26/20","1","1","17185","100"
"Warren","1","114","Illinois","5/26/20","110","4","17187","3.64"
"Washington","0","18","Illinois","5/26/20","18","0","17189","0"
"Wayne","0","9","Illinois","5/26/20","9","0","17191","0"
"White","0","2","Illinois","5/26/20","2","0","17193","0"
"Whiteside","1","133","Illinois","5/26/20","125","8","17195","6.4"
"Will","97","5238","Illinois","5/26/20","4560","678","17197","14.87"
"Williamson","0","54","Illinois","5/26/20","52","2","17199","3.85"
"Winnebago","61","1993","Illinois","5/26/20","1564","429","17201","27.43"
"Woodford","0","18","Illinois","5/26/20","16","2","17203","12.5"
"Adams","0","12","Indiana","5/26/20","10","2","18001","20"
"Allen","37","1309","Indiana","5/26/20","1053","256","18003","24.31"
"Bartholomew","6","481","Indiana","5/26/20","438","43","18005","9.82"
"Benton","0","25","Indiana","5/26/20","23","2","18007","8.7"
"Blackford","1","21","Indiana","5/26/20","17","4","18009","23.53"
"Boone","4","288","Indiana","5/26/20","261","27","18011","10.34"
"Brown","0","33","Indiana","5/26/20","31","2","18013","6.45"
"Carroll","2","92","Indiana","5/26/20","79","13","18015","16.46"
"Cass","3","1582","Indiana","5/26/20","1560","22","18017","1.41"
"Clark","4","461","Indiana","5/26/20","430","31","18019","7.21"
"Clay","1","39","Indiana","5/26/20","32","7","18021","21.88"
"Clinton","10","222","Indiana","5/26/20","149","73","18023","48.99"
"Crawford","0","23","Indiana","5/26/20","22","1","18025","4.55"
"Daviess","2","82","Indiana","5/26/20","71","11","18027","15.49"
"Dearborn","1","164","Indiana","5/26/20","158","6","18029","3.8"
"Decatur","1","224","Indiana","5/26/20","220","4","18031","1.82"
"DeKalb","1","31","Indiana","5/26/20","26","5","18033","19.23"
"Delaware","9","357","Indiana","5/26/20","297","60","18035","20.2"
"Dubois","3","185","Indiana","5/26/20","162","23","18037","14.2"
"Elkhart","46","1057","Indiana","5/26/20","733","324","18039","44.2"
"Fayette","4","68","Indiana","5/26/20","42","26","18041","61.9"
"Floyd","1","314","Indiana","5/26/20","304","10","18043","3.29"
"Fountain","0","18","Indiana","5/26/20","18","0","18045","0"
"Franklin","0","106","Indiana","5/26/20","106","0","18047","0"
"Fulton","0","47","Indiana","5/26/20","45","2","18049","4.44"
"Gibson","1","14","Indiana","5/26/20","10","4","18051","40"
"Grant","3","191","Indiana","5/26/20","167","24","18053","14.37"
"Greene","1","167","Indiana","5/26/20","161","6","18055","3.73"
"Hamilton","10","1115","Indiana","5/26/20","1042","73","18057","7.01"
"Hancock","3","321","Indiana","5/26/20","301","20","18059","6.64"
"Harrison","2","187","Indiana","5/26/20","174","13","18061","7.47"
"Hendricks","11","1130","Indiana","5/26/20","1050","80","18063","7.62"
"Henry","3","161","Indiana","5/26/20","137","24","18065","17.52"
"Howard","9","365","Indiana","5/26/20","303","62","18067","20.46"
"Huntington","1","26","Indiana","5/26/20","20","6","18069","30"
"Jackson","4","367","Indiana","5/26/20","336","31","18071","9.23"
"Jasper","2","58","Indiana","5/26/20","42","16","18073","38.1"
"Jay","2","44","Indiana","5/26/20","32","12","18075","37.5"
"Jefferson","0","41","Indiana","5/26/20","40","1","18077","2.5"
"Jennings","1","127","Indiana","5/26/20","117","10","18079","8.55"
"Johnson","10","1086","Indiana","5/26/20","1016","70","18081","6.89"
"Knox","0","25","Indiana","5/26/20","22","3","18083","13.64"
"Kosciusko","5","94","Indiana","5/26/20","60","34","18085","56.67"
"LaGrange","1","60","Indiana","5/26/20","52","8","18087","15.38"
"Lake","53","3320","Indiana","5/26/20","2946","374","18089","12.7"
"LaPorte","8","415","Indiana","5/26/20","360","55","18091","15.28"
"Lawrence","0","144","Indiana","5/26/20","141","3","18093","2.13"
"Madison","4","582","Indiana","5/26/20","553","29","18095","5.24"
"Marion","104","9268","Indiana","5/26/20","8541","727","18097","8.51"
"Marshall","5","76","Indiana","5/26/20","44","32","18099","72.73"
"Martin","0","9","Indiana","5/26/20","8","1","18101","12.5"
"Miami","1","139","Indiana","5/26/20","130","9","18103","6.92"
"Monroe","1","160","Indiana","5/26/20","152","8","18105","5.26"
"Montgomery","6","231","Indiana","5/26/20","187","44","18107","23.53"
"Morgan","2","262","Indiana","5/26/20","250","12","18109","4.8"
"Newton","0","74","Indiana","5/26/20","71","3","18111","4.23"
"Noble","5","189","Indiana","5/26/20","152","37","18113","24.34"
"Ohio","0","13","Indiana","5/26/20","13","0","18115","0"
"Orange","0","124","Indiana","5/26/20","122","2","18117","1.64"
"Owen","1","34","Indiana","5/26/20","27","7","18119","25.93"
"Parke","0","17","Indiana","5/26/20","17","0","18121","0"
"Perry","1","26","Indiana","5/26/20","20","6","18123","30"
"Pike","0","6","Indiana","5/26/20","5","1","18125","20"
"Porter","11","490","Indiana","5/26/20","412","78","18127","18.93"
"Posey","0","17","Indiana","5/26/20","16","1","18129","6.25"
"Pulaski","1","39","Indiana","5/26/20","35","4","18131","11.43"
"Putnam","1","133","Indiana","5/26/20","123","10","18133","8.13"
"Randolph","2","43","Indiana","5/26/20","30","13","18135","43.33"
"Ripley","1","112","Indiana","5/26/20","107","5","18137","4.67"
"Rush","0","45","Indiana","5/26/20","42","3","18139","7.14"
"Scott","3","118","Indiana","5/26/20","98","20","18143","20.41"
"Shelby","2","315","Indiana","5/26/20","298","17","18145","5.7"
"Spencer","1","17","Indiana","5/26/20","12","5","18147","41.67"
"St. Joseph","27","1205","Indiana","5/26/20","1014","191","18141","18.84"
"Starke","1","31","Indiana","5/26/20","27","4","18149","14.81"
"Steuben","2","80","Indiana","5/26/20","69","11","18151","15.94"
"Sullivan","1","32","Indiana","5/26/20","28","4","18153","14.29"
"Switzerland","0","19","Indiana","5/26/20","18","1","18155","5.56"
"Tippecanoe","9","375","Indiana","5/26/20","313","62","18157","19.81"
"Tipton","1","25","Indiana","5/26/20","21","4","18159","19.05"
"Union","0","8","Indiana","5/26/20","8","0","18161","0"
"Vanderburgh","4","248","Indiana","5/26/20","223","25","18163","11.21"
"Vermillion","0","9","Indiana","5/26/20","7","2","18165","28.57"
"Vigo","4","147","Indiana","5/26/20","119","28","18167","23.53"
"Wabash","0","72","Indiana","5/26/20","71","1","18169","1.41"
"Warren","0","12","Indiana","5/26/20","12","0","18171","0"
"Warrick","2","164","Indiana","5/26/20","151","13","18173","8.61"
"Washington","0","52","Indiana","5/26/20","50","2","18175","4"
"Wayne","1","71","Indiana","5/26/20","62","9","18177","14.52"
"Wells","1","24","Indiana","5/26/20","18","6","18179","33.33"
"White","6","226","Indiana","5/26/20","186","40","18181","21.51"
"Whitley","2","40","Indiana","5/26/20","27","13","18183","48.15"
"Adair","0","7","Iowa","5/26/20","6","1","19001","16.67"
"Adams","1","5","Iowa","5/26/20","1","4","19003","400"
"Allamakee","0","118","Iowa","5/26/20","115","3","19005","2.61"
"Appanoose","1","13","Iowa","5/26/20","8","5","19007","62.5"
"Audubon","0","12","Iowa","5/26/20","11","1","19009","9.09"
"Benton","0","39","Iowa","5/26/20","36","3","19011","8.33"
"Black Hawk","9","1692","Iowa","5/26/20","1628","64","19013","3.93"
"Boone","1","55","Iowa","5/26/20","46","9","19015","19.57"
"Bremer","0","67","Iowa","5/26/20","65","2","19017","3.08"
"Buchanan","1","31","Iowa","5/26/20","26","5","19019","19.23"
"Buena Vista","19","252","Iowa","5/26/20","117","135","19021","115.38"
"Butler","0","15","Iowa","5/26/20","14","1","19023","7.14"
"Calhoun","0","2","Iowa","5/26/20","2","0","19025","0"
"Carroll","0","9","Iowa","5/26/20","7","2","19027","28.57"
"Cass","1","11","Iowa","5/26/20","2","9","19029","450"
"Cedar","0","46","Iowa","5/26/20","43","3","19031","6.98"
"Cerro Gordo","1","22","Iowa","5/26/20","17","5","19033","29.41"
"Cherokee","1","18","Iowa","5/26/20","9","9","19035","100"
"Chickasaw","0","8","Iowa","5/26/20","7","1","19037","14.29"
"Clarke","2","35","Iowa","5/26/20","23","12","19039","52.17"
"Clay","0","10","Iowa","5/26/20","9","1","19041","11.11"
"Clayton","0","31","Iowa","5/26/20","30","1","19043","3.33"
"Clinton","0","60","Iowa","5/26/20","61","-1","19045","-1.64"
"Crawford","13","487","Iowa","5/26/20","394","93","19047","23.6"
"Dallas","10","864","Iowa","5/26/20","795","69","19049","8.68"
"Davis","1","20","Iowa","5/26/20","13","7","19051","53.85"
"Delaware","0","15","Iowa","5/26/20","12","3","19055","25"
"Des Moines","3","59","Iowa","5/26/20","39","20","19057","51.28"
"Dickinson","0","9","Iowa","5/26/20","7","2","19059","28.57"
"Dubuque","5","323","Iowa","5/26/20","286","37","19061","12.94"
"Emmet","1","7","Iowa","5/26/20","2","5","19063","250"
"Fayette","0","26","Iowa","5/26/20","25","1","19065","4"
"Floyd","1","18","Iowa","5/26/20","11","7","19067","63.64"
"Franklin","0","8","Iowa","5/26/20","7","1","19069","14.29"
"Fremont","0","4","Iowa","5/26/20","4","0","19071","0"
"Greene","0","13","Iowa","5/26/20","13","0","19073","0"
"Grundy","0","19","Iowa","5/26/20","17","2","19075","11.76"
"Guthrie","0","43","Iowa","5/26/20","40","3","19077","7.5"
"Hamilton","2","25","Iowa","5/26/20","11","14","19079","127.27"
"Hancock","1","14","Iowa","5/26/20","5","9","19081","180"
"Hardin","0","13","Iowa","5/26/20","12","1","19083","8.33"
"Harrison","0","19","Iowa","5/26/20","18","1","19085","5.56"
"Henry","3","67","Iowa","5/26/20","47","20","19087","42.55"
"Howard","0","12","Iowa","5/26/20","12","0","19089","0"
"Humboldt","1","13","Iowa","5/26/20","7","6","19091","85.71"
"Ida","1","13","Iowa","5/26/20","8","5","19093","62.5"
"Iowa","0","33","Iowa","5/26/20","30","3","19095","10"
"Jackson","1","12","Iowa","5/26/20","8","4","19097","50"
"Jasper","1","257","Iowa","5/26/20","250","7","19099","2.8"
"Jefferson","1","18","Iowa","5/26/20","12","6","19101","50"
"Johnson","4","605","Iowa","5/26/20","574","31","19103","5.4"
"Jones","0","36","Iowa","5/26/20","36","0","19105","0"
"Keokuk","0","14","Iowa","5/26/20","12","2","19107","16.67"
"Kossuth","1","8","Iowa","5/26/20","4","4","19109","100"
"Lee","0","21","Iowa","5/26/20","20","1","19111","5"
"Linn","5","936","Iowa","5/26/20","899","37","19113","4.12"
"Louisa","3","336","Iowa","5/26/20","315","21","19115","6.67"
"Lucas","1","6","Iowa","5/26/20","2","4","19117","200"
"Lyon","0","19","Iowa","5/26/20","19","0","19119","0"
"Madison","1","25","Iowa","5/26/20","16","9","19121","56.25"
"Mahaska","7","85","Iowa","5/26/20","37","48","19123","129.73"
"Marion","1","30","Iowa","5/26/20","22","8","19125","36.36"
"Marshall","8","875","Iowa","5/26/20","817","58","19127","7.1"
"Mills","1","16","Iowa","5/26/20","12","4","19129","33.33"
"Mitchell","0","4","Iowa","5/26/20","4","0","19131","0"
"Monona","1","24","Iowa","5/26/20","16","8","19133","50"
"Monroe","2","35","Iowa","5/26/20","22","13","19135","59.09"
"Montgomery","0","6","Iowa","5/26/20","5","1","19137","20"
"Muscatine","2","545","Iowa","5/26/20","531","14","19139","2.64"
"O'Brien","1","27","Iowa","5/26/20","21","6","19141","28.57"
"Osceola","1","32","Iowa","5/26/20","28","4","19143","14.29"
"Page","0","10","Iowa","5/26/20","10","0","19145","0"
"Palo Alto","0","3","Iowa","5/26/20","2","1","19147","50"
"Plymouth","4","118","Iowa","5/26/20","89","29","19149","32.58"
"Pocahontas","0","4","Iowa","5/26/20","3","1","19151","33.33"
"Polk","99","3821","Iowa","5/26/20","3128","693","19153","22.15"
"Pottawattamie","7","220","Iowa","5/26/20","174","46","19155","26.44"
"Poweshiek","0","88","Iowa","5/26/20","87","1","19157","1.15"
"Ringgold","0","4","Iowa","5/26/20","1","3","19159","300"
"Sac","1","13","Iowa","5/26/20","6","7","19161","116.67"
"Scott","5","341","Iowa","5/26/20","309","32","19163","10.36"
"Shelby","1","31","Iowa","5/26/20","24","7","19165","29.17"
"Sioux","8","204","Iowa","5/26/20","146","58","19167","39.73"
"Story","2","95","Iowa","5/26/20","81","14","19169","17.28"
"Tama","5","398","Iowa","5/26/20","362","36","19171","9.94"
"Taylor","5","40","Iowa","5/26/20","3","37","19173","1233.33"
"Union","1","6","Iowa","5/26/20","2","4","19175","200"
"Van Buren","0","9","Iowa","5/26/20","8","1","19177","12.5"
"Wapello","16","517","Iowa","5/26/20","405","112","19179","27.65"
"Warren","4","112","Iowa","5/26/20","87","25","19181","28.74"
"Washington","2","184","Iowa","5/26/20","173","11","19183","6.36"
"Wayne","0","1","Iowa","5/26/20","1","0","19185","0"
"Webster","2","28","Iowa","5/26/20","13","15","19187","115.38"
"Winnebago","0","10","Iowa","5/26/20","7","3","19189","42.86"
"Winneshiek","0","23","Iowa","5/26/20","21","2","19191","9.52"
"Woodbury","43","2640","Iowa","5/26/20","2342","298","19193","12.72"
"Worth","0","3","Iowa","5/26/20","3","0","19195","0"
"Wright","14","124","Iowa","5/26/20","24","100","19197","416.67"
"Allen","0","1","Kansas","5/26/20","0","1","20001","1"
"Anderson","0","1","Kansas","5/26/20","1","0","20003","0"
"Atchison","1","21","Kansas","5/26/20","15","6","20005","40"
"Barber","0","1","Kansas","5/26/20","1","0","20007","0"
"Barton","2","45","Kansas","5/26/20","31","14","20009","45.16"
"Bourbon","0","7","Kansas","5/26/20","6","1","20011","16.67"
"Brown","0","6","Kansas","5/26/20","5","1","20013","20"
"Butler","2","29","Kansas","5/26/20","18","11","20015","61.11"
"Chase","0","4","Kansas","5/26/20","3","1","20017","33.33"
"Chautauqua","0","4","Kansas","5/26/20","4","0","20019","0"
"Cherokee","0","9","Kansas","5/26/20","8","1","20021","12.5"
"Cheyenne","0","2","Kansas","5/26/20","2","0","20023","0"
"Clark","1","31","Kansas","5/26/20","21","10","20025","47.62"
"Clay","0","5","Kansas","5/26/20","5","0","20027","0"
"Cloud","0","5","Kansas","5/26/20","4","1","20029","25"
"Coffey","0","50","Kansas","5/26/20","50","0","20031","0"
"Comanche","0","1","Kansas","5/26/20","0","1","20033","1"
"Cowley","0","4","Kansas","5/26/20","4","0","20035","0"
"Crawford","0","8","Kansas","5/26/20","8","0","20037","0"
"Dickinson","0","3","Kansas","5/26/20","2","1","20041","50"
"Doniphan","0","12","Kansas","5/26/20","9","3","20043","33.33"
"Douglas","0","63","Kansas","5/26/20","62","1","20045","1.61"
"Edwards","0","5","Kansas","5/26/20","5","0","20047","0"
"Ellis","0","8","Kansas","5/26/20","8","0","20051","0"
"Ellsworth","0","2","Kansas","5/26/20","2","0","20053","0"
"Finney","17","1451","Kansas","5/26/20","1331","120","20055","9.02"
"Ford","27","1601","Kansas","5/26/20","1411","190","20057","13.47"
"Franklin","0","34","Kansas","5/26/20","32","2","20059","6.25"
"Geary","1","19","Kansas","5/26/20","14","5","20061","35.71"
"Gove","0","1","Kansas","5/26/20","1","0","20063","0"
"Grant","0","18","Kansas","5/26/20","18","0","20067","0"
"Gray","1","22","Kansas","5/26/20","15","7","20069","46.67"
"Greenwood","0","3","Kansas","5/26/20","3","0","20073","0"
"Hamilton","0","10","Kansas","5/26/20","9","1","20075","11.11"
"Harper","0","1","Kansas","5/26/20","1","0","20077","0"
"Harvey","0","11","Kansas","5/26/20","11","0","20079","0"
"Haskell","0","18","Kansas","5/26/20","16","2","20081","12.5"
"Hodgeman","0","1","Kansas","5/26/20","0","1","20083","1"
"Jackson","9","93","Kansas","5/26/20","32","61","20085","190.62"
"Jefferson","0","22","Kansas","5/26/20","20","2","20087","10"
"Jewell","0","4","Kansas","5/26/20","4","0","20089","0"
"Johnson","13","746","Kansas","5/26/20","657","89","20091","13.55"
"Kearny","0","40","Kansas","5/26/20","40","0","20093","0"
"Kiowa","0","2","Kansas","5/26/20","2","0","20097","0"
"Labette","0","22","Kansas","5/26/20","22","0","20099","0"
"Lane","0","3","Kansas","5/26/20","0","3","20101","1"
"Leavenworth","2","1070","Kansas","5/26/20","1053","17","20103","1.61"
"Linn","0","7","Kansas","5/26/20","7","0","20107","0"
"Lyon","2","332","Kansas","5/26/20","317","15","20111","4.73"
"Marion","0","5","Kansas","5/26/20","5","0","20115","0"
"McPherson","0","27","Kansas","5/26/20","26","1","20113","3.85"
"Meade","0","24","Kansas","5/26/20","22","2","20119","9.09"
"Miami","0","7","Kansas","5/26/20","6","1","20121","16.67"
"Mitchell","0","3","Kansas","5/26/20","3","0","20123","0"
"Montgomery","0","20","Kansas","5/26/20","20","0","20125","0"
"Morris","0","4","Kansas","5/26/20","3","1","20127","33.33"
"Morton","0","4","Kansas","5/26/20","4","0","20129","0"
"Nemaha","1","14","Kansas","5/26/20","4","10","20131","250"
"Neosho","0","2","Kansas","5/26/20","2","0","20133","0"
"Ness","0","1","Kansas","5/26/20","1","0","20135","0"
"Norton","0","2","Kansas","5/26/20","2","0","20137","0"
"Osage","0","7","Kansas","5/26/20","7","0","20139","0"
"Osborne","0","2","Kansas","5/26/20","2","0","20141","0"
"Ottawa","0","4","Kansas","5/26/20","4","0","20143","0"
"Phillips","0","2","Kansas","5/26/20","2","0","20147","0"
"Pottawatomie","0","23","Kansas","5/26/20","20","3","20149","15"
"Pratt","0","1","Kansas","5/26/20","1","0","20151","0"
"Reno","0","43","Kansas","5/26/20","41","2","20155","4.88"
"Republic","0","4","Kansas","5/26/20","4","0","20157","0"
"Rice","0","4","Kansas","5/26/20","4","0","20159","0"
"Riley","0","63","Kansas","5/26/20","60","3","20161","5"
"Rooks","0","6","Kansas","5/26/20","6","0","20163","0"
"Saline","0","24","Kansas","5/26/20","24","0","20169","0"
"Scott","0","13","Kansas","5/26/20","12","1","20171","8.33"
"Sedgwick","3","560","Kansas","5/26/20","538","22","20173","4.09"
"Seward","8","837","Kansas","5/26/20","780","57","20175","7.31"
"Shawnee","10","269","Kansas","5/26/20","199","70","20177","35.18"
"Sheridan","0","2","Kansas","5/26/20","2","0","20179","0"
"Sherman","0","6","Kansas","5/26/20","6","0","20181","0"
"Smith","0","2","Kansas","5/26/20","2","0","20183","0"
"Stafford","0","1","Kansas","5/26/20","1","0","20185","0"
"Stanton","0","9","Kansas","5/26/20","9","0","20187","0"
"Stevens","0","27","Kansas","5/26/20","26","1","20189","3.85"
"Sumner","0","6","Kansas","5/26/20","6","0","20191","0"
"Trego","0","1","Kansas","5/26/20","0","1","20195","1"
"Wabaunsee","0","30","Kansas","5/26/20","28","2","20197","7.14"
"Wilson","0","1","Kansas","5/26/20","1","0","20205","0"
"Woodson","0","6","Kansas","5/26/20","6","0","20207","0"
"Wyandotte","14","1275","Kansas","5/26/20","1174","101","20209","8.6"
"Adair","0","96","Kentucky","5/26/20","94","2","21001","2.13"
"Allen","2","56","Kentucky","5/26/20","41","15","21003","36.59"
"Anderson","0","15","Kentucky","5/26/20","13","2","21005","15.38"
"Ballard","0","10","Kentucky","5/26/20","10","0","21007","0"
"Barren","1","43","Kentucky","5/26/20","34","9","21009","26.47"
"Bath","0","8","Kentucky","5/26/20","7","1","21011","14.29"
"Bell","0","1","Kentucky","5/26/20","1","0","21013","0"
"Boone","4","392","Kentucky","5/26/20","361","31","21015","8.59"
"Bourbon","0","9","Kentucky","5/26/20","8","1","21017","12.5"
"Boyd","0","39","Kentucky","5/26/20","39","0","21019","0"
"Boyle","0","22","Kentucky","5/26/20","19","3","21021","15.79"
"Bracken","0","11","Kentucky","5/26/20","10","1","21023","10"
"Breathitt","0","3","Kentucky","5/26/20","2","1","21025","50"
"Breckinridge","0","16","Kentucky","5/26/20","15","1","21027","6.67"
"Bullitt","1","105","Kentucky","5/26/20","99","6","21029","6.06"
"Butler","1","224","Kentucky","5/26/20","217","7","21031","3.23"
"Caldwell","0","12","Kentucky","5/26/20","12","0","21033","0"
"Calloway","0","48","Kentucky","5/26/20","47","1","21035","2.13"
"Campbell","2","148","Kentucky","5/26/20","135","13","21037","9.63"
"Carlisle","0","5","Kentucky","5/26/20","3","2","21039","66.67"
"Carroll","1","7","Kentucky","5/26/20","3","4","21041","133.33"
"Carter","0","9","Kentucky","5/26/20","9","0","21043","0"
"Casey","0","2","Kentucky","5/26/20","2","0","21045","0"
"Christian","1","104","Kentucky","5/26/20","98","6","21047","6.12"
"Clark","2","38","Kentucky","5/26/20","21","17","21049","80.95"
"Clay","1","7","Kentucky","5/26/20","3","4","21051","133.33"
"Clinton","0","3","Kentucky","5/26/20","3","0","21053","0"
"Crittenden","0","5","Kentucky","5/26/20","4","1","21055","25"
"Cumberland","0","5","Kentucky","5/26/20","5","0","21057","0"
"Daviess","2","308","Kentucky","5/26/20","296","12","21059","4.05"
"Edmonson","1","56","Kentucky","5/26/20","50","6","21061","12"
"Elliott","0","1","Kentucky","5/26/20","0","1","21063","1"
"Fayette","7","644","Kentucky","5/26/20","596","48","21067","8.05"
"Fleming","0","3","Kentucky","5/26/20","3","0","21069","0"
"Floyd","0","16","Kentucky","5/26/20","16","0","21071","0"
"Franklin","1","25","Kentucky","5/26/20","20","5","21073","25"
"Fulton","0","3","Kentucky","5/26/20","2","1","21075","50"
"Gallatin","1","8","Kentucky","5/26/20","3","5","21077","166.67"
"Garrard","0","5","Kentucky","5/26/20","3","2","21079","66.67"
"Grant","1","39","Kentucky","5/26/20","35","4","21081","11.43"
"Graves","0","157","Kentucky","5/26/20","154","3","21083","1.95"
"Grayson","2","124","Kentucky","5/26/20","109","15","21085","13.76"
"Green","0","1","Kentucky","5/26/20","1","0","21087","0"
"Greenup","0","13","Kentucky","5/26/20","13","0","21089","0"
"Hancock","0","7","Kentucky","5/26/20","6","1","21091","16.67"
"Hardin","2","97","Kentucky","5/26/20","85","12","21093","14.12"
"Harlan","0","1","Kentucky","5/26/20","1","0","21095","0"
"Harrison","0","18","Kentucky","5/26/20","19","-1","21097","-5.26"
"Hart","1","21","Kentucky","5/26/20","16","5","21099","31.25"
"Henderson","1","99","Kentucky","5/26/20","91","8","21101","8.79"
"Henry","1","18","Kentucky","5/26/20","13","5","21103","38.46"
"Hickman","0","5","Kentucky","5/26/20","5","0","21105","0"
"Hopkins","1","219","Kentucky","5/26/20","215","4","21107","1.86"
"Jackson","1","61","Kentucky","5/26/20","57","4","21109","7.02"
"Jefferson","37","2219","Kentucky","5/26/20","1959","260","21111","13.27"
"Jessamine","1","55","Kentucky","5/26/20","51","4","21113","7.84"
"Johnson","0","5","Kentucky","5/26/20","5","0","21115","0"
"Kenton","8","537","Kentucky","5/26/20","479","58","21117","12.11"
"Knott","0","4","Kentucky","5/26/20","4","0","21119","0"
"Knox","0","8","Kentucky","5/26/20","8","0","21121","0"
"Larue","0","7","Kentucky","5/26/20","6","1","21123","16.67"
"Laurel","0","21","Kentucky","5/26/20","21","0","21125","0"
"Lawrence","0","2","Kentucky","5/26/20","1","1","21127","100"
"Leslie","0","6","Kentucky","5/26/20","6","0","21131","0"
"Letcher","0","4","Kentucky","5/26/20","5","-1","21133","-20"
"Lewis","0","7","Kentucky","5/26/20","7","0","21135","0"
"Lincoln","0","8","Kentucky","5/26/20","7","1","21137","14.29"
"Livingston","0","8","Kentucky","5/26/20","7","1","21139","14.29"
"Logan","4","125","Kentucky","5/26/20","94","31","21141","32.98"
"Lyon","0","14","Kentucky","5/26/20","14","0","21143","0"
"Madison","0","47","Kentucky","5/26/20","50","-3","21151","-6"
"Magoffin","0","2","Kentucky","5/26/20","1","1","21153","100"
"Marion","0","18","Kentucky","5/26/20","17","1","21155","5.88"
"Marshall","0","37","Kentucky","5/26/20","36","1","21157","2.78"
"Martin","0","3","Kentucky","5/26/20","3","0","21159","0"
"Mason","0","8","Kentucky","5/26/20","8","0","21161","0"
"McCracken","1","89","Kentucky","5/26/20","85","4","21145","4.71"
"McCreary","0","13","Kentucky","5/26/20","13","0","21147","0"
"McLean","0","21","Kentucky","5/26/20","18","3","21149","16.67"
"Meade","0","21","Kentucky","5/26/20","20","1","21163","5"
"Menifee","1","8","Kentucky","5/26/20","4","4","21165","100"
"Mercer","0","13","Kentucky","5/26/20","12","1","21167","8.33"
"Metcalfe","0","4","Kentucky","5/26/20","3","1","21169","33.33"
"Monroe","1","15","Kentucky","5/26/20","6","9","21171","150"
"Montgomery","1","22","Kentucky","5/26/20","16","6","21173","37.5"
"Morgan","0","1","Kentucky","5/26/20","1","0","21175","0"
"Muhlenberg","1","474","Kentucky","5/26/20","468","6","21177","1.28"
"Nelson","0","36","Kentucky","5/26/20","34","2","21179","5.88"
"Nicholas","0","1","Kentucky","5/26/20","1","0","21181","0"
"Ohio","2","128","Kentucky","5/26/20","117","11","21183","9.4"
"Oldham","1","65","Kentucky","5/26/20","57","8","21185","14.04"
"Owen","0","1","Kentucky","5/26/20","1","0","21187","0"
"Owsley","0","2","Kentucky","5/26/20","2","0","21189","0"
"Pendleton","0","7","Kentucky","5/26/20","6","1","21191","16.67"
"Perry","0","19","Kentucky","5/26/20","20","-1","21193","-5"
"Pike","0","28","Kentucky","5/26/20","28","0","21195","0"
"Powell","0","1","Kentucky","5/26/20","1","0","21197","0"
"Pulaski","1","54","Kentucky","5/26/20","50","4","21199","8"
"Rockcastle","0","13","Kentucky","5/26/20","12","1","21203","8.33"
"Rowan","0","7","Kentucky","5/26/20","6","1","21205","16.67"
"Russell","0","22","Kentucky","5/26/20","22","0","21207","0"
"Scott","0","35","Kentucky","5/26/20","33","2","21209","6.06"
"Shelby","8","132","Kentucky","5/26/20","78","54","21211","69.23"
"Simpson","1","49","Kentucky","5/26/20","39","10","21213","25.64"
"Spencer","0","17","Kentucky","5/26/20","16","1","21215","6.25"
"Taylor","0","11","Kentucky","5/26/20","9","2","21217","22.22"
"Todd","0","17","Kentucky","5/26/20","17","0","21219","0"
"Trigg","0","9","Kentucky","5/26/20","9","0","21221","0"
"Trimble","0","5","Kentucky","5/26/20","3","2","21223","66.67"
"Union","0","10","Kentucky","5/26/20","10","0","21225","0"
"Warren","17","949","Kentucky","5/26/20","828","121","21227","14.61"
"Washington","0","6","Kentucky","5/26/20","5","1","21229","20"
"Wayne","0","8","Kentucky","5/26/20","8","0","21231","0"
"Webster","0","32","Kentucky","5/26/20","32","0","21233","0"
"Whitley","0","13","Kentucky","5/26/20","13","0","21235","0"
"Wolfe","0","1","Kentucky","5/26/20","1","0","21237","0"
"Woodford","1","26","Kentucky","5/26/20","19","7","21239","36.84"
"Acadia","19","395","Louisiana","5/26/20","262","133","22001","50.76"
"Allen","8","184","Louisiana","5/26/20","131","53","22003","40.46"
"Ascension","4","792","Louisiana","5/26/20","762","30","22005","3.94"
"Assumption","2","245","Louisiana","5/26/20","230","15","22007","6.52"
"Avoyelles","3","115","Louisiana","5/26/20","94","21","22009","22.34"
"Beauregard","1","58","Louisiana","5/26/20","52","6","22011","11.54"
"Bienville","8","138","Louisiana","5/26/20","84","54","22013","64.29"
"Bossier","7","398","Louisiana","5/26/20","348","50","22015","14.37"
"Caddo","62","2347","Louisiana","5/26/20","1912","435","22017","22.75"
"Calcasieu","8","578","Louisiana","5/26/20","521","57","22019","10.94"
"Caldwell","0","52","Louisiana","5/26/20","50","2","22021","4"
"Cameron","0","3","Louisiana","5/26/20","3","0","22023","0"
"Catahoula","1","112","Louisiana","5/26/20","106","6","22025","5.66"
"Claiborne","0","61","Louisiana","5/26/20","58","3","22027","5.17"
"Concordia","2","74","Louisiana","5/26/20","57","17","22029","29.82"
"De Soto","2","239","Louisiana","5/26/20","226","13","22031","5.75"
"East Baton Rouge","45","3462","Louisiana","5/26/20","3145","317","22033","10.08"
"East Carroll","9","111","Louisiana","5/26/20","46","65","22035","141.3"
"East Feliciana","2","190","Louisiana","5/26/20","179","11","22037","6.15"
"Evangeline","1","75","Louisiana","5/26/20","67","8","22039","11.94"
"Franklin","3","297","Louisiana","5/26/20","274","23","22041","8.39"
"Grant","1","27","Louisiana","5/26/20","22","5","22043","22.73"
"Iberia","5","393","Louisiana","5/26/20","358","35","22045","9.78"
"Iberville","4","556","Louisiana","5/26/20","528","28","22047","5.3"
"Jackson","3","96","Louisiana","5/26/20","75","21","22049","28"
"Jefferson","34","7332","Louisiana","5/26/20","7095","237","22051","3.34"
"Jefferson Davis","0","74","Louisiana","5/26/20","71","3","22053","4.23"
"Lafayette","10","678","Louisiana","5/26/20","605","73","22055","12.07"
"Lafourche","4","776","Louisiana","5/26/20","750","26","22057","3.47"
"LaSalle","1","47","Louisiana","5/26/20","40","7","22059","17.5"
"Lincoln","2","138","Louisiana","5/26/20","122","16","22061","13.11"
"Livingston","6","399","Louisiana","5/26/20","356","43","22063","12.08"
"Madison","6","70","Louisiana","5/26/20","27","43","22065","159.26"
"Morehouse","4","119","Louisiana","5/26/20","93","26","22067","27.96"
"Natchitoches","8","157","Louisiana","5/26/20","103","54","22069","52.43"
"Orleans","22","7021","Louisiana","5/26/20","6869","152","22071","2.21"
"Ouachita","23","1125","Louisiana","5/26/20","966","159","22073","16.46"
"Plaquemines","1","200","Louisiana","5/26/20","196","4","22075","2.04"
"Pointe Coupee","2","188","Louisiana","5/26/20","173","15","22077","8.67"
"Rapides","23","663","Louisiana","5/26/20","504","159","22079","31.55"
"Red River","1","48","Louisiana","5/26/20","43","5","22081","11.63"
"Richland","2","119","Louisiana","5/26/20","108","11","22083","10.19"
"Sabine","1","40","Louisiana","5/26/20","30","10","22085","33.33"
"St. Bernard","2","529","Louisiana","5/26/20","516","13","22087","2.52"
"St. Charles","1","625","Louisiana","5/26/20","615","10","22089","1.63"
"St. Helena","1","51","Louisiana","5/26/20","41","10","22091","24.39"
"St. James","1","292","Louisiana","5/26/20","284","8","22093","2.82"
"St. John the Baptist","2","848","Louisiana","5/26/20","831","17","22095","2.05"
"St. Landry","2","249","Louisiana","5/26/20","237","12","22097","5.06"
"St. Martin","2","291","Louisiana","5/26/20","275","16","22099","5.82"
"St. Mary","4","304","Louisiana","5/26/20","277","27","22101","9.75"
"St. Tammany","17","1678","Louisiana","5/26/20","1559","119","22103","7.63"
"Tangipahoa","10","810","Louisiana","5/26/20","742","68","22105","9.16"
"Tensas","1","10","Louisiana","5/26/20","5","5","22107","100"
"Terrebonne","7","641","Louisiana","5/26/20","591","50","22109","8.46"
"Union","7","295","Louisiana","5/26/20","245","50","22111","20.41"
"Vermilion","1","51","Louisiana","5/26/20","45","6","22113","13.33"
"Vernon","0","24","Louisiana","5/26/20","21","3","22115","14.29"
"Washington","4","400","Louisiana","5/26/20","375","25","22117","6.67"
"Webster","3","139","Louisiana","5/26/20","119","20","22119","16.81"
"West Baton Rouge","1","157","Louisiana","5/26/20","148","9","22121","6.08"
"West Carroll","3","41","Louisiana","5/26/20","19","22","22123","115.79"
"West Feliciana","2","205","Louisiana","5/26/20","190","15","22125","7.89"
"Winn","8","145","Louisiana","5/26/20","90","55","22127","61.11"
"Androscoggin","14","247","Maine","5/26/20","151","96","23001","63.58"
"Aroostook","0","8","Maine","5/26/20","7","1","23003","14.29"
"Cumberland","28","1056","Maine","5/26/20","863","193","23005","22.36"
"Franklin","0","36","Maine","5/26/20","33","3","23007","9.09"
"Hancock","0","11","Maine","5/26/20","11","0","23009","0"
"Kennebec","1","128","Maine","5/26/20","120","8","23011","6.67"
"Knox","0","20","Maine","5/26/20","20","0","23013","0"
"Lincoln","0","20","Maine","5/26/20","17","3","23015","17.65"
"Oxford","1","22","Maine","5/26/20","17","5","23017","29.41"
"Penobscot","1","99","Maine","5/26/20","94","5","23019","5.32"
"Piscataquis","0","1","Maine","5/26/20","1","0","23021","0"
"Sagadahoc","0","28","Maine","5/26/20","27","1","23023","3.7"
"Somerset","0","21","Maine","5/26/20","20","1","23025","5"
"Waldo","0","51","Maine","5/26/20","50","1","23027","2"
"Washington","0","2","Maine","5/26/20","2","0","23029","0"
"York","7","359","Maine","5/26/20","307","52","23031","16.94"
"Allegany","1","176","Maryland","5/26/20","166","10","24001","6.02"
"Anne Arundel","59","3394","Maryland","5/26/20","2981","413","24003","13.85"
"Baltimore","83","5498","Maryland","5/26/20","4920","578","24005","11.75"
"Baltimore City","142","4997","Maryland","5/26/20","4002","995","24510","24.86"
"Calvert","8","308","Maryland","5/26/20","255","53","24009","20.78"
"Caroline","5","243","Maryland","5/26/20","208","35","24011","16.83"
"Carroll","14","811","Maryland","5/26/20","712","99","24013","13.9"
"Cecil","4","353","Maryland","5/26/20","323","30","24015","9.29"
"Charles","15","1001","Maryland","5/26/20","895","106","24017","11.84"
"Dorchester","1","130","Maryland","5/26/20","122","8","24019","6.56"
"Frederick","36","1746","Maryland","5/26/20","1491","255","24021","17.1"
"Garrett","0","10","Maryland","5/26/20","7","3","24023","42.86"
"Harford","12","795","Maryland","5/26/20","709","86","24025","12.13"
"Howard","38","1732","Maryland","5/26/20","1465","267","24027","18.23"
"Kent","2","158","Maryland","5/26/20","144","14","24029","9.72"
"Montgomery","192","10291","Maryland","5/26/20","8950","1341","24031","14.98"
"Prince George's","226","13819","Maryland","5/26/20","12240","1579","24033","12.9"
"Queen Anne's","3","151","Maryland","5/26/20","133","18","24035","13.53"
"Somerset","2","73","Maryland","5/26/20","62","11","24039","17.74"
"St. Mary's","9","400","Maryland","5/26/20","338","62","24037","18.34"
"Talbot","3","86","Maryland","5/26/20","68","18","24041","26.47"
"Washington","9","413","Maryland","5/26/20","352","61","24043","17.33"
"Wicomico","10","908","Maryland","5/26/20","839","69","24045","8.22"
"Worcester","4","194","Maryland","5/26/20","164","30","24047","18.29"
"Barnstable","18","1378","Massachusetts","5/26/20","1253","125","25001","9.98"
"Berkshire","6","558","Massachusetts","5/26/20","515","43","25003","8.35"
"Bristol","96","6880","Massachusetts","5/26/20","6207","673","25005","10.84"
"Dukes and Nantucket","1","52","Massachusetts","5/26/20","45","7","00000","15.56"
"Essex","142","14064","Massachusetts","5/26/20","13067","997","25009","7.63"
"Franklin","1","327","Massachusetts","5/26/20","318","9","25011","2.83"
"Hampden","69","5918","Massachusetts","5/26/20","5437","481","25013","8.85"
"Hampshire","9","868","Massachusetts","5/26/20","805","63","25015","7.83"
"Middlesex","180","21364","Massachusetts","5/26/20","20107","1257","25017","6.25"
"Norfolk","49","8304","Massachusetts","5/26/20","7959","345","25021","4.33"
"Plymouth","68","7927","Massachusetts","5/26/20","7449","478","25023","6.42"
"Suffolk","112","18065","Massachusetts","5/26/20","17278","787","25025","4.55"
"Worcester","147","10788","Massachusetts","5/26/20","9757","1031","25027","10.57"
"Alcona","1","14","Michigan","5/26/20","9","5","26001","55.56"
"Allegan","4","246","Michigan","5/26/20","216","30","26005","13.89"
"Alpena","1","102","Michigan","5/26/20","98","4","26007","4.08"
"Antrim","0","13","Michigan","5/26/20","12","1","26009","8.33"
"Arenac","0","37","Michigan","5/26/20","35","2","26011","5.71"
"Baraga","0","1","Michigan","5/26/20","1","0","26013","0"
"Barry","1","77","Michigan","5/26/20","72","5","26015","6.94"
"Bay","5","323","Michigan","5/26/20","286","37","26017","12.94"
"Benzie","0","4","Michigan","5/26/20","4","0","26019","0"
"Berrien","9","726","Michigan","5/26/20","662","64","26021","9.67"
"Branch","1","112","Michigan","5/26/20","103","9","26023","8.74"
"Calhoun","6","387","Michigan","5/26/20","343","44","26025","12.83"
"Cass","3","90","Michigan","5/26/20","72","18","26027","25"
"Charlevoix","0","18","Michigan","5/26/20","17","1","26029","5.88"
"Cheboygan","0","26","Michigan","5/26/20","24","2","26031","8.33"
"Chippewa","0","3","Michigan","5/26/20","3","0","26033","0"
"Clare","0","18","Michigan","5/26/20","16","2","26035","12.5"
"Clinton","2","172","Michigan","5/26/20","159","13","26037","8.18"
"Crawford","0","62","Michigan","5/26/20","61","1","26039","1.64"
"Delta","0","20","Michigan","5/26/20","18","2","26041","11.11"
"Dickinson","0","5","Michigan","5/26/20","5","0","26043","0"
"Eaton","4","228","Michigan","5/26/20","200","28","26045","14"
"Emmet","0","25","Michigan","5/26/20","25","0","26047","0"
"Federal Correctional Institution (FCI)","3","138","Michigan","5/26/20","118","20","00000","16.95"
"Genesee","21","2379","Michigan","5/26/20","2230","149","26049","6.68"
"Gladwin","0","18","Michigan","5/26/20","17","1","26051","5.88"
"Gogebic","0","5","Michigan","5/26/20","5","0","26053","0"
"Grand Traverse","0","24","Michigan","5/26/20","24","0","26055","0"
"Gratiot","4","80","Michigan","5/26/20","55","25","26057","45.45"
"Hillsdale","1","177","Michigan","5/26/20","171","6","26059","3.51"
"Houghton","0","3","Michigan","5/26/20","2","1","26061","50"
"Huron","0","50","Michigan","5/26/20","52","-2","26063","-3.85"
"Ingham","8","740","Michigan","5/26/20","683","57","26065","8.35"
"Ionia","4","162","Michigan","5/26/20","137","25","26067","18.25"
"Iosco","3","99","Michigan","5/26/20","80","19","26069","23.75"
"Isabella","2","89","Michigan","5/26/20","77","12","26073","15.58"
"Jackson","3","459","Michigan","5/26/20","439","20","26075","4.56"
"Kalamazoo","10","851","Michigan","5/26/20","781","70","26077","8.96"
"Kalkaska","0","30","Michigan","5/26/20","28","2","26079","7.14"
"Kent","71","3637","Michigan","5/26/20","3138","499","26081","15.9"
"Lake","0","6","Michigan","5/26/20","4","2","26085","50"
"Lapeer","2","212","Michigan","5/26/20","198","14","26087","7.07"
"Leelanau","0","11","Michigan","5/26/20","11","0","26089","0"
"Lenawee","1","179","Michigan","5/26/20","173","6","26091","3.47"
"Livingston","2","480","Michigan","5/26/20","465","15","26093","3.23"
"Luce","0","3","Michigan","5/26/20","2","1","26095","50"
"Mackinac","0","6","Michigan","5/26/20","6","0","26097","0"
"Macomb","26","6660","Michigan","5/26/20","6480","180","26099","2.78"
"Manistee","0","12","Michigan","5/26/20","12","0","26101","0"
"Marquette","0","54","Michigan","5/26/20","52","2","26103","3.85"
"Mason","1","37","Michigan","5/26/20","33","4","26105","12.12"
"Mecosta","0","22","Michigan","5/26/20","22","0","26107","0"
"Menominee","0","8","Michigan","5/26/20","8","0","26109","0"
"Michigan Department of Corrections (MDOC)","27","3409","Michigan","5/26/20","3222","187","00000","5.8"
"Midland","1","116","Michigan","5/26/20","110","6","26111","5.45"
"Missaukee","0","22","Michigan","5/26/20","22","0","26113","0"
"Monroe","6","514","Michigan","5/26/20","470","44","26115","9.36"
"Montcalm","1","71","Michigan","5/26/20","61","10","26117","16.39"
"Montmorency","0","5","Michigan","5/26/20","5","0","26119","0"
"Muskegon","12","609","Michigan","5/26/20","522","87","26121","16.67"
"Newaygo","6","97","Michigan","5/26/20","56","41","26123","73.21"
"Oakland","85","10355","Michigan","5/26/20","9763","592","26125","6.06"
"Oceana","4","93","Michigan","5/26/20","66","27","26127","40.91"
"Ogemaw","0","28","Michigan","5/26/20","25","3","26129","12"
"Osceola","0","13","Michigan","5/26/20","12","1","26133","8.33"
"Oscoda","0","8","Michigan","5/26/20","8","0","26135","0"
"Otsego","0","118","Michigan","5/26/20","117","1","26137","0.85"
"Ottawa","21","779","Michigan","5/26/20","631","148","26139","23.45"
"Out of MI","7","64","Michigan","5/26/20","13","51","80026","392.31"
"Presque Isle","0","11","Michigan","5/26/20","11","0","26141","0"
"Roscommon","0","23","Michigan","5/26/20","23","0","26143","0"
"Saginaw","9","1022","Michigan","5/26/20","960","62","26145","6.46"
"Sanilac","0","41","Michigan","5/26/20","40","1","26151","2.5"
"Schoolcraft","0","4","Michigan","5/26/20","4","0","26153","0"
"Shiawassee","1","257","Michigan","5/26/20","253","4","26155","1.58"
"St. Clair","3","492","Michigan","5/26/20","473","19","26147","4.02"
"St. Joseph","2","108","Michigan","5/26/20","93","15","26149","16.13"
"Tuscola","2","189","Michigan","5/26/20","176","13","26157","7.39"
"Van Buren","1","147","Michigan","5/26/20","137","10","26159","7.3"
"Washtenaw","10","1469","Michigan","5/26/20","1396","73","26161","5.23"
"Wayne","102","20554","Michigan","5/26/20","19837","717","26163","3.61"
"Wexford","0","13","Michigan","5/26/20","13","0","26165","0"
"Aitkin","0","7","Minnesota","5/26/20","4","3","27001","75"
"Anoka","46","1241","Minnesota","5/26/20","919","322","27003","35.04"
"Becker","1","37","Minnesota","5/26/20","32","5","27005","15.62"
"Beltrami","0","12","Minnesota","5/26/20","9","3","27007","33.33"
"Benton","4","167","Minnesota","5/26/20","142","25","27009","17.61"
"Big Stone","0","3","Minnesota","5/26/20","3","0","27011","0"
"Blue Earth","4","119","Minnesota","5/26/20","93","26","27013","27.96"
"Brown","0","13","Minnesota","5/26/20","10","3","27015","30"
"Carlton","1","73","Minnesota","5/26/20","67","6","27017","8.96"
"Carver","8","182","Minnesota","5/26/20","128","54","27019","42.19"
"Cass","0","11","Minnesota","5/26/20","11","0","27021","0"
"Chippewa","1","42","Minnesota","5/26/20","34","8","27023","23.53"
"Chisago","2","49","Minnesota","5/26/20","38","11","27025","28.95"
"Clay","10","386","Minnesota","5/26/20","318","68","27027","21.38"
"Clearwater","0","3","Minnesota","5/26/20","2","1","27029","50"
"Cottonwood","1","65","Minnesota","5/26/20","59","6","27033","10.17"
"Crow Wing","4","56","Minnesota","5/26/20","30","26","27035","86.67"
"Dakota","46","1164","Minnesota","5/26/20","841","323","27037","38.41"
"Dodge","1","46","Minnesota","5/26/20","39","7","27039","17.95"
"Douglas","1","30","Minnesota","5/26/20","23","7","27041","30.43"
"Faribault","0","13","Minnesota","5/26/20","11","2","27043","18.18"
"Fillmore","0","17","Minnesota","5/26/20","17","0","27045","0"
"Freeborn","5","97","Minnesota","5/26/20","63","34","27047","53.97"
"Goodhue","3","58","Minnesota","5/26/20","36","22","27049","61.11"
"Grant","0","3","Minnesota","5/26/20","2","1","27051","50"
"Hennepin","253","7421","Minnesota","5/26/20","5650","1771","27053","31.35"
"Houston","0","2","Minnesota","5/26/20","2","0","27055","0"
"Hubbard","0","1","Minnesota","5/26/20","0","1","27057","1"
"Isanti","2","30","Minnesota","5/26/20","19","11","27059","57.89"
"Itasca","1","53","Minnesota","5/26/20","49","4","27061","8.16"
"Jackson","0","39","Minnesota","5/26/20","36","3","27063","8.33"
"Kanabec","0","11","Minnesota","5/26/20","9","2","27065","22.22"
"Kandiyohi","7","471","Minnesota","5/26/20","420","51","27067","12.14"
"Kittson","0","1","Minnesota","5/26/20","1","0","27069","0"
"Koochiching","0","6","Minnesota","5/26/20","5","1","27071","20"
"Lac qui Parle","0","3","Minnesota","5/26/20","3","0","27073","0"
"Lake","0","1","Minnesota","5/26/20","1","0","27075","0"
"Le Sueur","1","41","Minnesota","5/26/20","36","5","27079","13.89"
"Lincoln","0","5","Minnesota","5/26/20","4","1","27081","25"
"Lyon","1","36","Minnesota","5/26/20","26","10","27083","38.46"
"Mahnomen","0","5","Minnesota","5/26/20","5","0","27087","0"
"Marshall","0","9","Minnesota","5/26/20","8","1","27089","12.5"
"Martin","0","126","Minnesota","5/26/20","123","3","27091","2.44"
"McLeod","1","28","Minnesota","5/26/20","18","10","27085","55.56"
"Meeker","1","42","Minnesota","5/26/20","38","4","27093","10.53"
"Mille Lacs","1","17","Minnesota","5/26/20","13","4","27095","30.77"
"Morrison","1","39","Minnesota","5/26/20","29","10","27097","34.48"
"Mower","19","206","Minnesota","5/26/20","72","134","27099","186.11"
"Murray","0","35","Minnesota","5/26/20","33","2","27101","6.06"
"Nicollet","4","71","Minnesota","5/26/20","43","28","27103","65.12"
"Nobles","12","1478","Minnesota","5/26/20","1394","84","27105","6.03"
"Norman","0","11","Minnesota","5/26/20","11","0","27107","0"
"Olmsted","13","570","Minnesota","5/26/20","479","91","27109","19"
"Otter Tail","1","59","Minnesota","5/26/20","51","8","27111","15.69"
"Pennington","2","14","Minnesota","5/26/20","3","11","27113","366.67"
"Pine","0","85","Minnesota","5/26/20","83","2","27115","2.41"
"Pipestone","0","10","Minnesota","5/26/20","10","0","27117","0"
"Polk","0","59","Minnesota","5/26/20","56","3","27119","5.36"
"Pope","0","8","Minnesota","5/26/20","5","3","27121","60"
"Ramsey","119","2551","Minnesota","5/26/20","1720","831","27123","48.31"
"Red Lake","0","3","Minnesota","5/26/20","3","0","27125","0"
"Redwood","0","3","Minnesota","5/26/20","3","0","27127","0"
"Renville","0","5","Minnesota","5/26/20","5","0","27129","0"
"Rice","18","396","Minnesota","5/26/20","270","126","27131","46.67"
"Rock","0","21","Minnesota","5/26/20","20","1","27133","5"
"Roseau","0","1","Minnesota","5/26/20","1","0","27135","0"
"Scott","15","374","Minnesota","5/26/20","271","103","27139","38.01"
"Sherburne","8","217","Minnesota","5/26/20","164","53","27141","32.32"
"Sibley","0","13","Minnesota","5/26/20","10","3","27143","30"
"St. Louis","1","114","Minnesota","5/26/20","107","7","27137","6.54"
"Stearns","25","1959","Minnesota","5/26/20","1782","177","27145","9.93"
"Steele","4","144","Minnesota","5/26/20","115","29","27147","25.22"
"Swift","0","16","Minnesota","5/26/20","13","3","27151","23.08"
"Todd","19","220","Minnesota","5/26/20","87","133","27153","152.87"
"Traverse","0","3","Minnesota","5/26/20","3","0","27155","0"
"Wabasha","0","17","Minnesota","5/26/20","16","1","27157","6.25"
"Wadena","0","8","Minnesota","5/26/20","6","2","27159","33.33"
"Waseca","0","24","Minnesota","5/26/20","21","3","27161","14.29"
"Washington","22","553","Minnesota","5/26/20","398","155","27163","38.94"
"Watonwan","2","58","Minnesota","5/26/20","41","17","27165","41.46"
"Wilkin","0","11","Minnesota","5/26/20","11","0","27167","0"
"Winona","0","78","Minnesota","5/26/20","75","3","27169","4"
"Wright","12","263","Minnesota","5/26/20","182","81","27171","44.51"
"Yellow Medicine","0","6","Minnesota","5/26/20","4","2","27173","50"
"Adams","2","189","Mississippi","5/26/20","177","12","28001","6.78"
"Alcorn","0","14","Mississippi","5/26/20","12","2","28003","16.67"
"Amite","1","53","Mississippi","5/26/20","45","8","28005","17.78"
"Attala","3","277","Mississippi","5/26/20","259","18","28007","6.95"
"Benton","0","15","Mississippi","5/26/20","13","2","28009","15.38"
"Bolivar","2","142","Mississippi","5/26/20","129","13","28011","10.08"
"Calhoun","0","60","Mississippi","5/26/20","59","1","28013","1.69"
"Carroll","1","114","Mississippi","5/26/20","110","4","28015","3.64"
"Chickasaw","2","127","Mississippi","5/26/20","116","11","28017","9.48"
"Choctaw","1","33","Mississippi","5/26/20","23","10","28019","43.48"
"Claiborne","1","58","Mississippi","5/26/20","51","7","28021","13.73"
"Clarke","3","135","Mississippi","5/26/20","113","22","28023","19.47"
"Clay","2","101","Mississippi","5/26/20","86","15","28025","17.44"
"Coahoma","3","108","Mississippi","5/26/20","85","23","28027","27.06"
"Copiah","11","284","Mississippi","5/26/20","207","77","28029","37.2"
"Covington","4","140","Mississippi","5/26/20","110","30","28031","27.27"
"DeSoto","12","485","Mississippi","5/26/20","404","81","28033","20.05"
"Forrest","10","503","Mississippi","5/26/20","435","68","28035","15.63"
"Franklin","1","27","Mississippi","5/26/20","21","6","28037","28.57"
"George","0","20","Mississippi","5/26/20","19","1","28039","5.26"
"Greene","0","8","Mississippi","5/26/20","7","1","28041","14.29"
"Grenada","3","78","Mississippi","5/26/20","60","18","28043","30"
"Hancock","1","88","Mississippi","5/26/20","81","7","28045","8.64"
"Harrison","3","237","Mississippi","5/26/20","218","19","28047","8.72"
"Hinds","17","904","Mississippi","5/26/20","786","118","28049","15.01"
"Holmes","9","370","Mississippi","5/26/20","310","60","28051","19.35"
"Humphreys","0","52","Mississippi","5/26/20","49","3","28053","6.12"
"Itawamba","1","86","Mississippi","5/26/20","79","7","28057","8.86"
"Jackson","1","296","Mississippi","5/26/20","287","9","28059","3.14"
"Jasper","4","146","Mississippi","5/26/20","116","30","28061","25.86"
"Jefferson","0","41","Mississippi","5/26/20","38","3","28063","7.89"
"Jefferson Davis","1","74","Mississippi","5/26/20","69","5","28065","7.25"
"Jones","21","506","Mississippi","5/26/20","358","148","28067","41.34"
"Kemper","4","132","Mississippi","5/26/20","105","27","28069","25.71"
"Lafayette","2","126","Mississippi","5/26/20","109","17","28071","15.6"
"Lamar","3","222","Mississippi","5/26/20","199","23","28073","11.56"
"Lauderdale","12","689","Mississippi","5/26/20","602","87","28075","14.45"
"Lawrence","2","97","Mississippi","5/26/20","80","17","28077","21.25"
"Leake","4","389","Mississippi","5/26/20","364","25","28079","6.87"
"Lee","2","113","Mississippi","5/26/20","96","17","28081","17.71"
"Leflore","6","246","Mississippi","5/26/20","202","44","28083","21.78"
"Lincoln","4","248","Mississippi","5/26/20","218","30","28085","13.76"
"Lowndes","5","166","Mississippi","5/26/20","132","34","28087","25.76"
"Madison","16","675","Mississippi","5/26/20","561","114","28089","20.32"
"Marion","2","110","Mississippi","5/26/20","93","17","28091","18.28"
"Marshall","1","71","Mississippi","5/26/20","67","4","28093","5.97"
"Monroe","4","249","Mississippi","5/26/20","220","29","28095","13.18"
"Montgomery","1","80","Mississippi","5/26/20","74","6","28097","8.11"
"Neshoba","16","539","Mississippi","5/26/20","429","110","28099","25.64"
"Newton","5","231","Mississippi","5/26/20","196","35","28101","17.86"
"Noxubee","3","166","Mississippi","5/26/20","145","21","28103","14.48"
"Oktibbeha","5","144","Mississippi","5/26/20","107","37","28105","34.58"
"Panola","2","64","Mississippi","5/26/20","52","12","28107","23.08"
"Pearl River","1","205","Mississippi","5/26/20","195","10","28109","5.13"
"Perry","2","49","Mississippi","5/26/20","37","12","28111","32.43"
"Pike","2","201","Mississippi","5/26/20","184","17","28113","9.24"
"Pontotoc","0","26","Mississippi","5/26/20","25","1","28115","4"
"Prentiss","1","40","Mississippi","5/26/20","36","4","28117","11.11"
"Quitman","0","24","Mississippi","5/26/20","21","3","28119","14.29"
"Rankin","9","358","Mississippi","5/26/20","295","63","28121","21.36"
"Scott","7","597","Mississippi","5/26/20","550","47","28123","8.55"
"Sharkey","0","7","Mississippi","5/26/20","7","0","28125","0"
"Simpson","2","91","Mississippi","5/26/20","78","13","28127","16.67"
"Smith","2","131","Mississippi","5/26/20","120","11","28129","9.17"
"Stone","1","30","Mississippi","5/26/20","24","6","28131","25"
"Sunflower","1","78","Mississippi","5/26/20","68","10","28133","14.71"
"Tallahatchie","0","24","Mississippi","5/26/20","21","3","28135","14.29"
"Tate","2","66","Mississippi","5/26/20","55","11","28137","20"
"Tippah","0","71","Mississippi","5/26/20","69","2","28139","2.9"
"Tishomingo","1","26","Mississippi","5/26/20","21","5","28141","23.81"
"Tunica","1","50","Mississippi","5/26/20","45","5","28143","11.11"
"Union","1","74","Mississippi","5/26/20","65","9","28145","13.85"
"Walthall","1","50","Mississippi","5/26/20","44","6","28147","13.64"
"Warren","3","158","Mississippi","5/26/20","135","23","28149","17.04"
"Washington","4","159","Mississippi","5/26/20","128","31","28151","24.22"
"Wayne","13","133","Mississippi","5/26/20","45","88","28153","195.56"
"Webster","6","63","Mississippi","5/26/20","22","41","28155","186.36"
"Wilkinson","1","85","Mississippi","5/26/20","78","7","28157","8.97"
"Winston","2","102","Mississippi","5/26/20","86","16","28159","18.6"
"Yalobusha","1","84","Mississippi","5/26/20","75","9","28161","12"
"Yazoo","4","221","Mississippi","5/26/20","192","29","28163","15.1"
"Adair","2","46","Missouri","5/26/20","29","17","29001","58.62"
"Andrew","1","24","Missouri","5/26/20","19","5","29003","26.32"
"Atchison","0","3","Missouri","5/26/20","2","1","29005","50"
"Audrain","8","61","Missouri","5/26/20","6","55","29007","916.67"
"Barry","0","9","Missouri","5/26/20","6","3","29009","50"
"Bates","0","7","Missouri","5/26/20","7","0","29013","0"
"Benton","0","10","Missouri","5/26/20","9","1","29015","11.11"
"Bollinger","0","6","Missouri","5/26/20","4","2","29017","50"
"Boone","2","123","Missouri","5/26/20","106","17","29019","16.04"
"Buchanan","14","640","Missouri","5/26/20","543","97","29021","17.86"
"Butler","0","29","Missouri","5/26/20","32","-3","29023","-9.38"
"Caldwell","0","5","Missouri","5/26/20","4","1","29025","25"
"Callaway","0","26","Missouri","5/26/20","23","3","29027","13.04"
"Camden","0","38","Missouri","5/26/20","36","2","29029","5.56"
"Cape Girardeau","1","64","Missouri","5/26/20","54","10","29031","18.52"
"Carroll","0","7","Missouri","5/26/20","7","0","29033","0"
"Carter","0","5","Missouri","5/26/20","4","1","29035","25"
"Cass","1","82","Missouri","5/26/20","72","10","29037","13.89"
"Cedar","0","9","Missouri","5/26/20","9","0","29039","0"
"Chariton","0","6","Missouri","5/26/20","6","0","29041","0"
"Christian","0","21","Missouri","5/26/20","21","0","29043","0"
"Clark","0","1","Missouri","5/26/20","1","0","29045","0"
"Clay","4","149","Missouri","5/26/20","123","26","29047","21.14"
"Clinton","0","18","Missouri","5/26/20","17","1","29049","5.88"
"Cole","1","60","Missouri","5/26/20","56","4","29051","7.14"
"Cooper","0","9","Missouri","5/26/20","9","0","29053","0"
"Crawford","0","9","Missouri","5/26/20","9","0","29055","0"
"Dallas","0","3","Missouri","5/26/20","3","0","29059","0"
"Daviess","0","4","Missouri","5/26/20","3","1","29061","33.33"
"DeKalb","0","6","Missouri","5/26/20","4","2","29063","50"
"Dunklin","1","31","Missouri","5/26/20","26","5","29069","19.23"
"Franklin","1","140","Missouri","5/26/20","135","5","29071","3.7"
"Gasconade","0","2","Missouri","5/26/20","2","0","29073","0"
"Gentry","2","19","Missouri","5/26/20","3","16","29075","533.33"
"Greene","3","125","Missouri","5/26/20","107","18","29077","16.82"
"Harrison","0","9","Missouri","5/26/20","8","1","29081","12.5"
"Henry","0","10","Missouri","5/26/20","9","1","29083","11.11"
"Holt","0","1","Missouri","5/26/20","1","0","29087","0"
"Howard","0","3","Missouri","5/26/20","3","0","29089","0"
"Howell","0","5","Missouri","5/26/20","5","0","29091","0"
"Iron","0","2","Missouri","5/26/20","2","0","29093","0"
"Jackson","10","528","Missouri","5/26/20","457","71","29095","15.54"
"Jasper","0","32","Missouri","5/26/20","29","3","29097","10.34"
"Jefferson","2","344","Missouri","5/26/20","331","13","29099","3.93"
"Johnson","0","73","Missouri","5/26/20","72","1","29101","1.39"
"Kansas City","24","1071","Missouri","5/26/20","902","169","00000","18.74"
"Laclede","0","3","Missouri","5/26/20","3","0","29105","0"
"Lafayette","0","71","Missouri","5/26/20","68","3","29107","4.41"
"Lawrence","0","8","Missouri","5/26/20","8","0","29109","0"
"Lewis","0","7","Missouri","5/26/20","7","0","29111","0"
"Lincoln","0","106","Missouri","5/26/20","105","1","29113","0.95"
"Linn","0","6","Missouri","5/26/20","5","1","29115","20"
"Livingston","0","3","Missouri","5/26/20","3","0","29117","0"
"Macon","0","2","Missouri","5/26/20","2","0","29121","0"
"Madison","0","3","Missouri","5/26/20","3","0","29123","0"
"Maries","0","2","Missouri","5/26/20","2","0","29125","0"
"Marion","0","5","Missouri","5/26/20","5","0","29127","0"
"McDonald","0","17","Missouri","5/26/20","14","3","29119","21.43"
"Miller","0","4","Missouri","5/26/20","4","0","29131","0"
"Mississippi","1","54","Missouri","5/26/20","49","5","29133","10.2"
"Moniteau","0","45","Missouri","5/26/20","44","1","29135","2.27"
"Montgomery","0","8","Missouri","5/26/20","7","1","29139","14.29"
"Morgan","0","9","Missouri","5/26/20","8","1","29141","12.5"
"New Madrid","0","17","Missouri","5/26/20","14","3","29143","21.43"
"Newton","0","16","Missouri","5/26/20","16","0","29145","0"
"Nodaway","1","12","Missouri","5/26/20","6","6","29147","100"
"Oregon","0","2","Missouri","5/26/20","2","0","29149","0"
"Osage","0","5","Missouri","5/26/20","5","0","29151","0"
"Pemiscot","1","76","Missouri","5/26/20","70","6","29155","8.57"
"Perry","0","49","Missouri","5/26/20","47","2","29157","4.26"
"Pettis","0","72","Missouri","5/26/20","70","2","29159","2.86"
"Phelps","0","4","Missouri","5/26/20","3","1","29161","33.33"
"Pike","0","15","Missouri","5/26/20","14","1","29163","7.14"
"Platte","1","67","Missouri","5/26/20","58","9","29165","15.52"
"Polk","0","3","Missouri","5/26/20","2","1","29167","50"
"Pulaski","0","33","Missouri","5/26/20","33","0","29169","0"
"Ralls","0","3","Missouri","5/26/20","2","1","29173","50"
"Randolph","0","9","Missouri","5/26/20","8","1","29175","12.5"
"Ray","1","18","Missouri","5/26/20","14","4","29177","28.57"
"Reynolds","0","2","Missouri","5/26/20","2","0","29179","0"
"Ripley","0","7","Missouri","5/26/20","7","0","29181","0"
"Saline","2","268","Missouri","5/26/20","257","11","29195","4.28"
"Scotland","0","4","Missouri","5/26/20","4","0","29199","0"
"Scott","1","94","Missouri","5/26/20","86","8","29201","9.3"
"Shelby","0","1","Missouri","5/26/20","1","0","29205","0"
"St. Charles","5","748","Missouri","5/26/20","712","36","29183","5.06"
"St. Clair","0","3","Missouri","5/26/20","3","0","29185","0"
"St. Francois","0","33","Missouri","5/26/20","33","0","29187","0"
"St. Louis","57","4831","Missouri","5/26/20","4432","399","29189","9"
"St. Louis City","23","1867","Missouri","5/26/20","1705","162","29510","9.5"
"Ste. Genevieve","0","9","Missouri","5/26/20","8","1","29186","12.5"
"Stoddard","2","74","Missouri","5/26/20","58","16","29207","27.59"
"Stone","0","4","Missouri","5/26/20","4","0","29209","0"
"Sullivan","2","53","Missouri","5/26/20","37","16","29211","43.24"
"Taney","0","14","Missouri","5/26/20","12","2","29213","16.67"
"Vernon","1","9","Missouri","5/26/20","5","4","29217","80"
"Warren","0","28","Missouri","5/26/20","28","0","29219","0"
"Washington","0","10","Missouri","5/26/20","9","1","29221","11.11"
"Webster","0","17","Missouri","5/26/20","17","0","29225","0"
"Worth","0","4","Missouri","5/26/20","3","1","29227","33.33"
"Wright","0","11","Missouri","5/26/20","11","0","29229","0"
"Beaverhead","0","1","Montana","5/26/20","1","0","30001","0"
"Big Horn","0","8","Montana","5/26/20","8","0","30003","0"
"Broadwater","0","4","Montana","5/26/20","4","0","30007","0"
"Carbon","0","6","Montana","5/26/20","6","0","30009","0"
"Cascade","0","17","Montana","5/26/20","17","0","30013","0"
"Deer Lodge","0","3","Montana","5/26/20","3","0","30023","0"
"Flathead","0","37","Montana","5/26/20","37","0","30029","0"
"Gallatin","0","149","Montana","5/26/20","149","0","30031","0"
"Glacier","0","6","Montana","5/26/20","6","0","30035","0"
"Golden Valley","0","3","Montana","5/26/20","3","0","30037","0"
"Hill","0","1","Montana","5/26/20","1","0","30041","0"
"Jefferson","0","3","Montana","5/26/20","3","0","30043","0"
"Lake","0","5","Montana","5/26/20","5","0","30047","0"
"Lewis and Clark","0","16","Montana","5/26/20","16","0","30049","0"
"Liberty","0","1","Montana","5/26/20","1","0","30051","0"
"Lincoln","0","7","Montana","5/26/20","7","0","30053","0"
"Madison","0","8","Montana","5/26/20","8","0","30057","0"
"Meagher","0","1","Montana","5/26/20","1","0","30059","0"
"Missoula","0","39","Montana","5/26/20","39","0","30063","0"
"Musselshell","0","1","Montana","5/26/20","1","0","30065","0"
"Park","0","8","Montana","5/26/20","8","0","30067","0"
"Pondera","0","2","Montana","5/26/20","2","0","30073","0"
"Ravalli","1","13","Montana","5/26/20","6","7","30081","116.67"
"Richland","0","3","Montana","5/26/20","3","0","30083","0"
"Roosevelt","0","7","Montana","5/26/20","7","0","30085","0"
"Silver Bow","0","11","Montana","5/26/20","11","0","30093","0"
"Stillwater","0","1","Montana","5/26/20","1","0","30095","0"
"Toole","0","29","Montana","5/26/20","29","0","30101","0"
"Wheatland","0","1","Montana","5/26/20","1","0","30107","0"
"Yellowstone","0","88","Montana","5/26/20","87","1","30111","1.15"
"Adams","1","265","Nebraska","5/26/20","255","10","31001","3.92"
"Antelope","0","8","Nebraska","5/26/20","7","1","31003","14.29"
"Boone","0","3","Nebraska","5/26/20","3","0","31011","0"
"Box Butte","0","2","Nebraska","5/26/20","1","1","31013","100"
"Buffalo","1","145","Nebraska","5/26/20","136","9","31019","6.62"
"Burt","1","9","Nebraska","5/26/20","5","4","31021","80"
"Butler","2","45","Nebraska","5/26/20","34","11","31023","32.35"
"Cass","2","39","Nebraska","5/26/20","23","16","31025","69.57"
"Cedar","0","7","Nebraska","5/26/20","6","1","31027","16.67"
"Chase","0","1","Nebraska","5/26/20","0","1","31029","1"
"Cherry","0","1","Nebraska","5/26/20","1","0","31031","0"
"Cheyenne","0","9","Nebraska","5/26/20","9","0","31033","0"
"Clay","1","23","Nebraska","5/26/20","19","4","31035","21.05"
"Colfax","10","604","Nebraska","5/26/20","532","72","31037","13.53"
"Cuming","2","31","Nebraska","5/26/20","17","14","31039","82.35"
"Custer","0","31","Nebraska","5/26/20","29","2","31041","6.9"
"Dakota","23","1639","Nebraska","5/26/20","1476","163","31043","11.04"
"Dawes","0","1","Nebraska","5/26/20","2","-1","31045","-50"
"Dawson","2","826","Nebraska","5/26/20","811","15","31047","1.85"
"Dixon","0","25","Nebraska","5/26/20","27","-2","31051","-7.41"
"Dodge","17","390","Nebraska","5/26/20","274","116","31053","42.34"
"Douglas","107","3329","Nebraska","5/26/20","2583","746","31055","28.88"
"Fillmore","0","5","Nebraska","5/26/20","4","1","31059","25"
"Franklin","0","6","Nebraska","5/26/20","5","1","31061","20"
"Frontier","0","1","Nebraska","5/26/20","1","0","31063","0"
"Furnas","0","8","Nebraska","5/26/20","6","2","31065","33.33"
"Gage","0","44","Nebraska","5/26/20","43","1","31067","2.33"
"Gosper","0","13","Nebraska","5/26/20","13","0","31073","0"
"Greeley","0","3","Nebraska","5/26/20","2","1","31077","50"
"Hall","5","1470","Nebraska","5/26/20","1435","35","31079","2.44"
"Hamilton","0","54","Nebraska","5/26/20","52","2","31081","3.85"
"Harlan","0","1","Nebraska","5/26/20","0","1","31083","1"
"Hitchcock","0","1","Nebraska","5/26/20","1","0","31087","0"
"Holt","0","1","Nebraska","5/26/20","1","0","31089","0"
"Howard","0","40","Nebraska","5/26/20","38","2","31093","5.26"
"Jefferson","0","6","Nebraska","5/26/20","6","0","31095","0"
"Johnson","0","7","Nebraska","5/26/20","7","0","31097","0"
"Kearney","0","12","Nebraska","5/26/20","11","1","31099","9.09"
"Keith","0","2","Nebraska","5/26/20","2","0","31101","0"
"Kimball","0","8","Nebraska","5/26/20","9","-1","31105","-11.11"
"Knox","0","10","Nebraska","5/26/20","8","2","31107","25"
"Lancaster","27","1098","Nebraska","5/26/20","912","186","31109","20.39"
"Lincoln","0","47","Nebraska","5/26/20","45","2","31111","4.44"
"Madison","4","299","Nebraska","5/26/20","271","28","31119","10.33"
"Merrick","0","32","Nebraska","5/26/20","29","3","31121","10.34"
"Morrill","0","11","Nebraska","5/26/20","10","1","31123","10"
"Nance","0","5","Nebraska","5/26/20","4","1","31125","25"
"Nemaha","0","3","Nebraska","5/26/20","3","0","31127","0"
"Nuckolls","0","1","Nebraska","5/26/20","1","0","31129","0"
"Otoe","0","6","Nebraska","5/26/20","6","0","31131","0"
"Phelps","1","20","Nebraska","5/26/20","13","7","31137","53.85"
"Pierce","0","3","Nebraska","5/26/20","1","2","31139","200"
"Platte","8","534","Nebraska","5/26/20","481","53","31141","11.02"
"Polk","0","9","Nebraska","5/26/20","9","0","31143","0"
"Red Willow","0","5","Nebraska","5/26/20","5","0","31145","0"
"Richardson","0","1","Nebraska","5/26/20","1","0","31147","0"
"Saline","7","484","Nebraska","5/26/20","436","48","31151","11.01"
"Sarpy","16","476","Nebraska","5/26/20","366","110","31153","30.05"
"Saunders","1","30","Nebraska","5/26/20","22","8","31155","36.36"
"Scotts Bluff","3","72","Nebraska","5/26/20","54","18","31157","33.33"
"Seward","0","27","Nebraska","5/26/20","26","1","31159","3.85"
"Sherman","0","4","Nebraska","5/26/20","2","2","31163","100"
"Stanton","1","20","Nebraska","5/26/20","15","5","31167","33.33"
"Thomas","0","1","Nebraska","5/26/20","1","0","31171","0"
"Thurston","2","34","Nebraska","5/26/20","19","15","31173","78.95"
"Valley","0","3","Nebraska","5/26/20","3","0","31175","0"
"Washington","0","27","Nebraska","5/26/20","24","3","31177","12.5"
"Wayne","1","13","Nebraska","5/26/20","4","9","31179","225"
"Webster","0","5","Nebraska","5/26/20","5","0","31181","0"
"York","1","35","Nebraska","5/26/20","30","5","31185","16.67"
"Carson City","2","90","Nevada","5/26/20","75","15","32510","20"
"Churchill","0","7","Nevada","5/26/20","6","1","32001","16.67"
"Clark","109","6226","Nevada","5/26/20","5463","763","32003","13.97"
"Douglas","1","29","Nevada","5/26/20","25","4","32005","16"
"Elko","0","22","Nevada","5/26/20","21","1","32007","4.76"
"Humboldt","1","78","Nevada","5/26/20","74","4","32013","5.41"
"Lander","0","20","Nevada","5/26/20","19","1","32015","5.26"
"Lincoln","0","2","Nevada","5/26/20","2","0","32017","0"
"Lyon","1","56","Nevada","5/26/20","49","7","32019","14.29"
"Mineral","0","4","Nevada","5/26/20","4","0","32021","0"
"Nye","0","59","Nevada","5/26/20","58","1","32023","1.72"
"Storey","0","1","Nevada","5/26/20","1","0","32029","0"
"Washoe","23","1459","Nevada","5/26/20","1295","164","32031","12.66"
"White Pine","0","4","Nevada","5/26/20","4","0","32033","0"
"Belknap","0","56","New Hampshire","5/26/20","53","3","33001","5.66"
"Carroll","0","46","New Hampshire","5/26/20","44","2","33003","4.55"
"Cheshire","1","54","New Hampshire","5/26/20","49","5","33005","10.2"
"Coos","0","5","New Hampshire","5/26/20","4","1","33007","25"
"Grafton","1","69","New Hampshire","5/26/20","63","6","33009","9.52"
"Hillsborough","47","2149","New Hampshire","5/26/20","1820","329","33011","18.08"
"Merrimack","6","324","New Hampshire","5/26/20","283","41","33013","14.49"
"Rockingham","15","1240","New Hampshire","5/26/20","1138","102","33015","8.96"
"Strafford","3","259","New Hampshire","5/26/20","240","19","33017","7.92"
"Sullivan","0","17","New Hampshire","5/26/20","16","1","33019","6.25"
"Atlantic","30","2049","New Jersey","5/26/20","1838","211","34001","11.48"
"Bergen","63","17963","New Jersey","5/26/20","17522","441","34003","2.52"
"Burlington","54","4381","New Jersey","5/26/20","4000","381","34005","9.53"
"Camden","75","6171","New Jersey","5/26/20","5644","527","34007","9.34"
"Cape May","8","571","New Jersey","5/26/20","518","53","34009","10.23"
"Cumberland","38","2024","New Jersey","5/26/20","1759","265","34011","15.07"
"Essex","76","17279","New Jersey","5/26/20","16747","532","34013","3.18"
"Gloucester","24","2103","New Jersey","5/26/20","1935","168","34015","8.68"
"Hudson","35","18927","New Jersey","5/26/20","18679","248","34017","1.33"
"Hunterdon","12","967","New Jersey","5/26/20","885","82","34019","9.27"
"Mercer","75","6544","New Jersey","5/26/20","6018","526","34021","8.74"
"Middlesex","95","15499","New Jersey","5/26/20","14834","665","34023","4.48"
"Monmouth","63","7911","New Jersey","5/26/20","7470","441","34025","5.9"
"Morris","26","6279","New Jersey","5/26/20","6100","179","34027","2.93"
"Ocean","56","8462","New Jersey","5/26/20","8067","395","34029","4.9"
"Passaic","65","15826","New Jersey","5/26/20","15371","455","34031","2.96"
"Salem","15","573","New Jersey","5/26/20","470","103","34033","21.91"
"Somerset","25","4489","New Jersey","5/26/20","4312","177","34035","4.1"
"Sussex","3","1089","New Jersey","5/26/20","1065","24","34037","2.25"
"Union","37","15293","New Jersey","5/26/20","15031","262","34039","1.74"
"Warren","6","1136","New Jersey","5/26/20","1091","45","34041","4.12"
"Bernalillo","20","1362","New Mexico","5/26/20","1225","137","35001","11.18"
"Catron","0","2","New Mexico","5/26/20","2","0","35003","0"
"Chaves","2","42","New Mexico","5/26/20","31","11","35005","35.48"
"Cibola","3","130","New Mexico","5/26/20","108","22","35006","20.37"
"Colfax","0","5","New Mexico","5/26/20","5","0","35007","0"
"Curry","1","49","New Mexico","5/26/20","43","6","35009","13.95"
"Dona Ana","16","428","New Mexico","5/26/20","319","109","35013","34.17"
"Eddy","0","19","New Mexico","5/26/20","17","2","35015","11.76"
"Grant","0","15","New Mexico","5/26/20","16","-1","35017","-6.25"
"Guadalupe","0","20","New Mexico","5/26/20","19","1","35019","5.26"
"Harding","0","1","New Mexico","5/26/20","1","0","35021","0"
"Hidalgo","0","1","New Mexico","5/26/20","1","0","35023","0"
"Lea","1","24","New Mexico","5/26/20","18","6","35025","33.33"
"Lincoln","0","2","New Mexico","5/26/20","3","-1","35027","-33.33"
"Los Alamos","0","6","New Mexico","5/26/20","6","0","35028","0"
"Luna","0","7","New Mexico","5/26/20","8","-1","35029","-12.5"
"McKinley","36","2236","New Mexico","5/26/20","1987","249","35031","12.53"
"Otero","1","17","New Mexico","5/26/20","8","9","35035","112.5"
"Quay","0","5","New Mexico","5/26/20","5","0","35037","0"
"Rio Arriba","1","37","New Mexico","5/26/20","33","4","35039","12.12"
"Roosevelt","1","36","New Mexico","5/26/20","27","9","35041","33.33"
"San Juan","28","1605","New Mexico","5/26/20","1408","197","35045","13.99"
"San Miguel","1","15","New Mexico","5/26/20","10","5","35047","50"
"Sandoval","7","546","New Mexico","5/26/20","498","48","35043","9.64"
"Santa Fe","1","133","New Mexico","5/26/20","126","7","35049","5.56"
"Sierra","0","1","New Mexico","5/26/20","1","0","35051","0"
"Socorro","0","49","New Mexico","5/26/20","49","0","35053","0"
"Taos","0","24","New Mexico","5/26/20","22","2","35055","9.09"
"Torrance","2","32","New Mexico","5/26/20","19","13","35057","68.42"
"Union","0","3","New Mexico","5/26/20","3","0","35059","0"
"Valencia","1","73","New Mexico","5/26/20","68","5","35061","7.35"
"Albany","20","1793","New York","5/26/20","1655","138","36001","8.34"
"Allegany","0","44","New York","5/26/20","44","0","36003","0"
"Broome","13","522","New York","5/26/20","429","93","36007","21.68"
"Cattaraugus","2","81","New York","5/26/20","69","12","36009","17.39"
"Cayuga","1","78","New York","5/26/20","68","10","36011","14.71"
"Chautauqua","4","77","New York","5/26/20","49","28","36013","57.14"
"Chemung","0","136","New York","5/26/20","134","2","36015","1.49"
"Chenango","1","123","New York","5/26/20","118","5","36017","4.24"
"Clinton","0","95","New York","5/26/20","94","1","36019","1.06"
"Columbia","3","373","New York","5/26/20","350","23","36021","6.57"
"Cortland","0","39","New York","5/26/20","36","3","36023","8.33"
"Delaware","1","77","New York","5/26/20","69","8","36025","11.59"
"Dutchess","18","3834","New York","5/26/20","3710","124","36027","3.34"
"Erie","102","5753","New York","5/26/20","5037","716","36029","14.21"
"Essex","0","36","New York","5/26/20","34","2","36031","5.88"
"Franklin","0","20","New York","5/26/20","18","2","36033","11.11"
"Fulton","2","196","New York","5/26/20","182","14","36035","7.69"
"Genesee","2","193","New York","5/26/20","182","11","36037","6.04"
"Greene","2","225","New York","5/26/20","214","11","36039","5.14"
"Hamilton","0","5","New York","5/26/20","5","0","36041","0"
"Herkimer","2","103","New York","5/26/20","92","11","36043","11.96"
"Jefferson","0","72","New York","5/26/20","71","1","36045","1.41"
"Lewis","0","20","New York","5/26/20","18","2","36049","11.11"
"Livingston","1","118","New York","5/26/20","111","7","36051","6.31"
"Madison","6","303","New York","5/26/20","260","43","36053","16.54"
"Monroe","55","2762","New York","5/26/20","2376","386","36055","16.25"
"Montgomery","1","80","New York","5/26/20","75","5","36057","6.67"
"Nassau","97","39974","New York","5/26/20","39295","679","36059","1.73"
"New York","783","199301","New York","5/26/20","193821","5480","36061","2.83"
"Niagara","17","965","New York","5/26/20","845","120","36063","14.2"
"Oneida","19","917","New York","5/26/20","785","132","36065","16.82"
"Onondaga","50","2012","New York","5/26/20","1665","347","36067","20.84"
"Ontario","6","195","New York","5/26/20","152","43","36069","28.29"
"Orange","41","10277","New York","5/26/20","9988","289","36071","2.89"
"Orleans","6","208","New York","5/26/20","168","40","36073","23.81"
"Oswego","2","104","New York","5/26/20","89","15","36075","16.85"
"Otsego","0","69","New York","5/26/20","67","2","36077","2.99"
"Putnam","9","1222","New York","5/26/20","1159","63","36079","5.44"
"Rensselaer","3","466","New York","5/26/20","444","22","36083","4.95"
"Rockland","32","13019","New York","5/26/20","12798","221","36087","1.73"
"Saratoga","4","463","New York","5/26/20","436","27","36091","6.19"
"Schenectady","5","668","New York","5/26/20","631","37","36093","5.86"
"Schoharie","0","49","New York","5/26/20","48","1","36095","2.08"
"Schuyler","0","11","New York","5/26/20","10","1","36097","10"
"Seneca","1","55","New York","5/26/20","51","4","36099","7.84"
"St. Lawrence","1","197","New York","5/26/20","192","5","36089","2.6"
"Steuben","1","240","New York","5/26/20","236","4","36101","1.69"
"Suffolk","125","39199","New York","5/26/20","38327","872","36103","2.28"
"Sullivan","11","1338","New York","5/26/20","1258","80","36105","6.36"
"Tioga","1","122","New York","5/26/20","113","9","36107","7.96"
"Tompkins","2","154","New York","5/26/20","142","12","36109","8.45"
"Ulster","10","1638","New York","5/26/20","1565","73","36111","4.66"
"Warren","2","251","New York","5/26/20","235","16","36113","6.81"
"Washington","1","228","New York","5/26/20","220","8","36115","3.64"
"Wayne","2","110","New York","5/26/20","98","12","36117","12.24"
"Westchester","101","33107","New York","5/26/20","32402","705","36119","2.18"
"Wyoming","0","82","New York","5/26/20","79","3","36121","3.8"
"Yates","2","37","New York","5/26/20","26","11","36123","42.31"
"Alamance","11","300","North Carolina","5/26/20","224","76","37001","33.93"
"Alexander","1","27","North Carolina","5/26/20","21","6","37003","28.57"
"Alleghany","0","13","North Carolina","5/26/20","12","1","37005","8.33"
"Anson","2","62","North Carolina","5/26/20","50","12","37007","24"
"Ashe","1","35","North Carolina","5/26/20","28","7","37009","25"
"Avery","0","2","North Carolina","5/26/20","1","1","37011","100"
"Beaufort","1","35","North Carolina","5/26/20","30","5","37013","16.67"
"Bertie","4","115","North Carolina","5/26/20","89","26","37015","29.21"
"Bladen","3","94","North Carolina","5/26/20","73","21","37017","28.77"
"Brunswick","3","76","North Carolina","5/26/20","58","18","37019","31.03"
"Buncombe","14","277","North Carolina","5/26/20","176","101","37021","57.39"
"Burke","18","324","North Carolina","5/26/20","198","126","37023","63.64"
"Cabarrus","10","456","North Carolina","5/26/20","385","71","37025","18.44"
"Caldwell","3","107","North Carolina","5/26/20","86","21","37027","24.42"
"Camden","0","3","North Carolina","5/26/20","2","1","37029","50"
"Carteret","0","36","North Carolina","5/26/20","36","0","37031","0"
"Caswell","2","55","North Carolina","5/26/20","44","11","37033","25"
"Catawba","9","171","North Carolina","5/26/20","111","60","37035","54.05"
"Chatham","11","588","North Carolina","5/26/20","512","76","37037","14.84"
"Cherokee","0","30","North Carolina","5/26/20","27","3","37039","11.11"
"Chowan","0","15","North Carolina","5/26/20","15","0","37041","0"
"Clay","0","8","North Carolina","5/26/20","8","0","37043","0"
"Cleveland","2","69","North Carolina","5/26/20","55","14","37045","25.45"
"Columbus","8","306","North Carolina","5/26/20","250","56","37047","22.4"
"Craven","9","192","North Carolina","5/26/20","129","63","37049","48.84"
"Cumberland","17","590","North Carolina","5/26/20","471","119","37051","25.27"
"Currituck","0","11","North Carolina","5/26/20","11","0","37053","0"
"Dare","0","22","North Carolina","5/26/20","22","0","37055","0"
"Davidson","10","361","North Carolina","5/26/20","293","68","37057","23.21"
"Davie","4","76","North Carolina","5/26/20","46","30","37059","65.22"
"Duplin","33","670","North Carolina","5/26/20","438","232","37061","52.97"
"Durham","45","1353","North Carolina","5/26/20","1040","313","37063","30.1"
"Edgecombe","3","190","North Carolina","5/26/20","171","19","37065","11.11"
"Forsyth","45","1012","North Carolina","5/26/20","698","314","37067","44.99"
"Franklin","3","146","North Carolina","5/26/20","124","22","37069","17.74"
"Gaston","7","255","North Carolina","5/26/20","208","47","37071","22.6"
"Gates","1","23","North Carolina","5/26/20","14","9","37073","64.29"
"Graham","0","2","North Carolina","5/26/20","2","0","37075","0"
"Granville","8","254","North Carolina","5/26/20","201","53","37077","26.37"
"Greene","2","66","North Carolina","5/26/20","51","15","37079","29.41"
"Guilford","31","1092","North Carolina","5/26/20","872","220","37081","25.23"
"Halifax","6","152","North Carolina","5/26/20","113","39","37083","34.51"
"Harnett","4","276","North Carolina","5/26/20","247","29","37085","11.74"
"Haywood","2","40","North Carolina","5/26/20","26","14","37087","53.85"
"Henderson","4","319","North Carolina","5/26/20","288","31","37089","10.76"
"Hertford","3","72","North Carolina","5/26/20","53","19","37091","35.85"
"Hoke","7","201","North Carolina","5/26/20","152","49","37093","32.24"
"Hyde","0","1","North Carolina","5/26/20","1","0","37095","0"
"Iredell","6","233","North Carolina","5/26/20","192","41","37097","21.35"
"Jackson","0","27","North Carolina","5/26/20","24","3","37099","12.5"
"Johnston","15","361","North Carolina","5/26/20","259","102","37101","39.38"
"Jones","1","28","North Carolina","5/26/20","23","5","37103","21.74"
"Lee","7","372","North Carolina","5/26/20","322","50","37105","15.53"
"Lenoir","5","193","North Carolina","5/26/20","158","35","37107","22.15"
"Lincoln","2","60","North Carolina","5/26/20","48","12","37109","25"
"Macon","2","18","North Carolina","5/26/20","5","13","37113","260"
"Madison","0","4","North Carolina","5/26/20","2","2","37115","100"
"Martin","3","56","North Carolina","5/26/20","36","20","37117","55.56"
"McDowell","3","51","North Carolina","5/26/20","32","19","37111","59.38"
"Mecklenburg","107","3403","North Carolina","5/26/20","2652","751","37119","28.32"
"Mitchell","0","9","North Carolina","5/26/20","8","1","37121","12.5"
"Montgomery","6","98","North Carolina","5/26/20","57","41","37123","71.93"
"Moore","4","198","North Carolina","5/26/20","167","31","37125","18.56"
"Nash","4","184","North Carolina","5/26/20","153","31","37127","20.26"
"New Hanover","3","163","North Carolina","5/26/20","140","23","37129","16.43"
"Northampton","2","147","North Carolina","5/26/20","130","17","37131","13.08"
"Onslow","3","98","North Carolina","5/26/20","75","23","37133","30.67"
"Orange","5","311","North Carolina","5/26/20","277","34","37135","12.27"
"Pamlico","0","10","North Carolina","5/26/20","9","1","37137","11.11"
"Pasquotank","1","96","North Carolina","5/26/20","88","8","37139","9.09"
"Pender","3","72","North Carolina","5/26/20","49","23","37141","46.94"
"Perquimans","0","23","North Carolina","5/26/20","23","0","37143","0"
"Person","1","38","North Carolina","5/26/20","33","5","37145","15.15"
"Pitt","8","267","North Carolina","5/26/20","213","54","37147","25.35"
"Polk","0","35","North Carolina","5/26/20","32","3","37149","9.38"
"Randolph","22","613","North Carolina","5/26/20","461","152","37151","32.97"
"Richmond","5","152","North Carolina","5/26/20","115","37","37153","32.17"
"Robeson","20","674","North Carolina","5/26/20","531","143","37155","26.93"
"Rockingham","4","72","North Carolina","5/26/20","46","26","37157","56.52"
"Rowan","10","612","North Carolina","5/26/20","540","72","37159","13.33"
"Rutherford","3","171","North Carolina","5/26/20","153","18","37161","11.76"
"Sampson","21","409","North Carolina","5/26/20","259","150","37163","57.92"
"Scotland","2","68","North Carolina","5/26/20","53","15","37165","28.3"
"Stanly","3","53","North Carolina","5/26/20","32","21","37167","65.62"
"Stokes","3","57","North Carolina","5/26/20","36","21","37169","58.33"
"Surry","10","168","North Carolina","5/26/20","95","73","37171","76.84"
"Swain","1","10","North Carolina","5/26/20","6","4","37173","66.67"
"Transylvania","1","11","North Carolina","5/26/20","7","4","37175","57.14"
"Tyrrell","0","4","North Carolina","5/26/20","4","0","37177","0"
"Union","7","408","North Carolina","5/26/20","358","50","37179","13.97"
"Vance","8","250","North Carolina","5/26/20","195","55","37181","28.21"
"Wake","37","1509","North Carolina","5/26/20","1253","256","37183","20.43"
"Warren","4","54","North Carolina","5/26/20","29","25","37185","86.21"
"Washington","0","26","North Carolina","5/26/20","26","0","37187","0"
"Watauga","0","13","North Carolina","5/26/20","11","2","37189","18.18"
"Wayne","23","1031","North Carolina","5/26/20","867","164","37191","18.92"
"Wilkes","8","478","North Carolina","5/26/20","425","53","37193","12.47"
"Wilson","10","321","North Carolina","5/26/20","249","72","37195","28.92"
"Yadkin","5","146","North Carolina","5/26/20","109","37","37197","33.94"
"Yancey","0","10","North Carolina","5/26/20","10","0","37199","0"
"Barnes","0","4","North Dakota","5/26/20","4","0","38003","0"
"Benson","0","1","North Dakota","5/26/20","1","0","38005","0"
"Bottineau","0","2","North Dakota","5/26/20","1","1","38009","100"
"Bowman","0","1","North Dakota","5/26/20","1","0","38011","0"
"Burke","0","5","North Dakota","5/26/20","5","0","38013","0"
"Burleigh","1","123","North Dakota","5/26/20","117","6","38015","5.13"
"Cass","50","1580","North Dakota","5/26/20","1229","351","38017","28.56"
"Divide","0","1","North Dakota","5/26/20","1","0","38023","0"
"Dunn","0","12","North Dakota","5/26/20","12","0","38025","0"
"Eddy","0","4","North Dakota","5/26/20","2","2","38027","100"
"Emmons","0","4","North Dakota","5/26/20","1","3","38029","300"
"Foster","0","1","North Dakota","5/26/20","1","0","38031","0"
"Grand Forks","1","326","North Dakota","5/26/20","317","9","38035","2.84"
"Grant","0","2","North Dakota","5/26/20","2","0","38037","0"
"Griggs","0","1","North Dakota","5/26/20","0","1","38039","1"
"McHenry","0","2","North Dakota","5/26/20","2","0","38049","0"
"McIntosh","0","1","North Dakota","5/26/20","1","0","38051","0"
"McKenzie","0","16","North Dakota","5/26/20","16","0","38053","0"
"McLean","0","7","North Dakota","5/26/20","7","0","38055","0"
"Mercer","0","5","North Dakota","5/26/20","4","1","38057","25"
"Morton","3","59","North Dakota","5/26/20","40","19","38059","47.5"
"Mountrail","0","39","North Dakota","5/26/20","39","0","38061","0"
"Nelson","0","1","North Dakota","5/26/20","1","0","38063","0"
"Oliver","0","1","North Dakota","5/26/20","1","0","38065","0"
"Pembina","0","6","North Dakota","5/26/20","6","0","38067","0"
"Pierce","0","3","North Dakota","5/26/20","3","0","38069","0"
"Ramsey","0","8","North Dakota","5/26/20","8","0","38071","0"
"Ransom","0","8","North Dakota","5/26/20","7","1","38073","14.29"
"Renville","0","1","North Dakota","5/26/20","1","0","38075","0"
"Richland","1","19","North Dakota","5/26/20","11","8","38077","72.73"
"Rolette","0","5","North Dakota","5/26/20","4","1","38079","25"
"Sargent","0","3","North Dakota","5/26/20","3","0","38081","0"
"Sioux","0","2","North Dakota","5/26/20","2","0","38085","0"
"Slope","0","3","North Dakota","5/26/20","3","0","38087","0"
"Stark","0","61","North Dakota","5/26/20","61","0","38089","0"
"Steele","0","1","North Dakota","5/26/20","1","0","38091","0"
"Stutsman","0","18","North Dakota","5/26/20","16","2","38093","12.5"
"Traill","1","10","North Dakota","5/26/20","2","8","38097","400"
"Walsh","0","13","North Dakota","5/26/20","10","3","38099","30"
"Ward","1","36","North Dakota","5/26/20","28","8","38101","28.57"
"Wells","0","3","North Dakota","5/26/20","2","1","38103","50"
"Williams","0","24","North Dakota","5/26/20","21","3","38105","14.29"
"","0","22","Northern Mariana Islands","5/26/20","21","1",,"4.76"
"Adams","0","8","Ohio","5/26/20","8","0","39001","0"
"Allen","3","191","Ohio","5/26/20","171","20","39003","11.7"
"Ashland","1","19","Ohio","5/26/20","15","4","39005","26.67"
"Ashtabula","6","283","Ohio","5/26/20","244","39","39007","15.98"
"Athens","1","18","Ohio","5/26/20","13","5","39009","38.46"
"Auglaize","1","64","Ohio","5/26/20","55","9","39011","16.36"
"Belmont","8","402","Ohio","5/26/20","343","59","39013","17.2"
"Brown","0","25","Ohio","5/26/20","23","2","39015","8.7"
"Butler","25","817","Ohio","5/26/20","639","178","39017","27.86"
"Carroll","0","28","Ohio","5/26/20","26","2","39019","7.69"
"Champaign","1","27","Ohio","5/26/20","23","4","39021","17.39"
"Clark","10","225","Ohio","5/26/20","155","70","39023","45.16"
"Clermont","5","193","Ohio","5/26/20","156","37","39025","23.72"
"Clinton","0","43","Ohio","5/26/20","41","2","39027","4.88"
"Columbiana","29","657","Ohio","5/26/20","453","204","39029","45.03"
"Coshocton","1","26","Ohio","5/26/20","21","5","39031","23.81"
"Crawford","1","106","Ohio","5/26/20","98","8","39033","8.16"
"Cuyahoga","85","4060","Ohio","5/26/20","3463","597","39035","17.24"
"Darke","4","156","Ohio","5/26/20","126","30","39037","23.81"
"Defiance","1","32","Ohio","5/26/20","28","4","39039","14.29"
"Delaware","5","302","Ohio","5/26/20","266","36","39041","13.53"
"Erie","5","159","Ohio","5/26/20","124","35","39043","28.23"
"Fairfield","4","246","Ohio","5/26/20","215","31","39045","14.42"
"Fayette","1","37","Ohio","5/26/20","31","6","39047","19.35"
"Franklin","101","5414","Ohio","5/26/20","4706","708","39049","15.04"
"Fulton","0","35","Ohio","5/26/20","35","0","39051","0"
"Gallia","0","7","Ohio","5/26/20","7","0","39053","0"
"Geauga","5","258","Ohio","5/26/20","226","32","39055","14.16"
"Greene","2","94","Ohio","5/26/20","78","16","39057","20.51"
"Guernsey","1","32","Ohio","5/26/20","26","6","39059","23.08"
"Hamilton","51","2492","Ohio","5/26/20","2138","354","39061","16.56"
"Hancock","0","48","Ohio","5/26/20","46","2","39063","4.35"
"Hardin","2","41","Ohio","5/26/20","30","11","39065","36.67"
"Harrison","0","10","Ohio","5/26/20","10","0","39067","0"
"Henry","0","15","Ohio","5/26/20","12","3","39069","25"
"Highland","1","19","Ohio","5/26/20","15","4","39071","26.67"
"Hocking","1","69","Ohio","5/26/20","61","8","39073","13.11"
"Holmes","2","28","Ohio","5/26/20","13","15","39075","115.38"
"Huron","2","55","Ohio","5/26/20","43","12","39077","27.91"
"Jackson","0","12","Ohio","5/26/20","11","1","39079","9.09"
"Jefferson","0","63","Ohio","5/26/20","61","2","39081","3.28"
"Knox","0","23","Ohio","5/26/20","23","0","39083","0"
"Lake","7","282","Ohio","5/26/20","231","51","39085","22.08"
"Lawrence","0","28","Ohio","5/26/20","27","1","39087","3.7"
"Licking","3","214","Ohio","5/26/20","190","24","39089","12.63"
"Logan","2","37","Ohio","5/26/20","24","13","39091","54.17"
"Lorain","6","653","Ohio","5/26/20","610","43","39093","7.05"
"Lucas","22","2152","Ohio","5/26/20","1999","153","39095","7.65"
"Madison","6","141","Ohio","5/26/20","100","41","39097","41"
"Mahoning","14","1347","Ohio","5/26/20","1247","100","39099","8.02"
"Marion","14","2623","Ohio","5/26/20","2524","99","39101","3.92"
"Medina","11","307","Ohio","5/26/20","229","78","39103","34.06"
"Meigs","0","6","Ohio","5/26/20","3","3","39105","100"
"Mercer","7","200","Ohio","5/26/20","148","52","39107","35.14"
"Miami","3","351","Ohio","5/26/20","332","19","39109","5.72"
"Monroe","2","73","Ohio","5/26/20","56","17","39111","30.36"
"Montgomery","11","609","Ohio","5/26/20","531","78","39113","14.69"
"Morgan","0","5","Ohio","5/26/20","5","0","39115","0"
"Morrow","0","104","Ohio","5/26/20","101","3","39117","2.97"
"Muskingum","1","45","Ohio","5/26/20","38","7","39119","18.42"
"Noble","0","5","Ohio","5/26/20","5","0","39121","0"
"Ottawa","4","92","Ohio","5/26/20","64","28","39123","43.75"
"Paulding","0","13","Ohio","5/26/20","11","2","39125","18.18"
"Perry","0","18","Ohio","5/26/20","16","2","39127","12.5"
"Pickaway","3","2046","Ohio","5/26/20","2025","21","39129","1.04"
"Pike","0","6","Ohio","5/26/20","6","0","39131","0"
"Portage","3","316","Ohio","5/26/20","297","19","39133","6.4"
"Preble","0","30","Ohio","5/26/20","30","0","39135","0"
"Putnam","0","87","Ohio","5/26/20","84","3","39137","3.57"
"Richland","3","187","Ohio","5/26/20","165","22","39139","13.33"
"Ross","1","66","Ohio","5/26/20","59","7","39141","11.86"
"Sandusky","1","70","Ohio","5/26/20","62","8","39143","12.9"
"Scioto","0","15","Ohio","5/26/20","14","1","39145","7.14"
"Seneca","1","19","Ohio","5/26/20","15","4","39147","26.67"
"Shelby","1","40","Ohio","5/26/20","34","6","39149","17.65"
"Stark","12","697","Ohio","5/26/20","610","87","39151","14.26"
"Summit","34","1277","Ohio","5/26/20","1042","235","39153","22.55"
"Trumbull","10","540","Ohio","5/26/20","469","71","39155","15.14"
"Tuscarawas","7","321","Ohio","5/26/20","272","49","39157","18.01"
"Union","1","46","Ohio","5/26/20","36","10","39159","27.78"
"Van Wert","0","6","Ohio","5/26/20","5","1","39161","20"
"Vinton","0","19","Ohio","5/26/20","16","3","39163","18.75"
"Warren","8","340","Ohio","5/26/20","285","55","39165","19.3"
"Washington","0","117","Ohio","5/26/20","116","1","39167","0.86"
"Wayne","7","252","Ohio","5/26/20","206","46","39169","22.33"
"Williams","1","52","Ohio","5/26/20","47","5","39171","10.64"
"Wood","3","277","Ohio","5/26/20","257","20","39173","7.78"
"Wyandot","1","36","Ohio","5/26/20","31","5","39175","16.13"
"Adair","1","82","Oklahoma","5/26/20","77","5","40001","6.49"
"Alfalfa","0","1","Oklahoma","5/26/20","1","0","40003","0"
"Atoka","0","1","Oklahoma","5/26/20","1","0","40005","0"
"Beaver","0","24","Oklahoma","5/26/20","23","1","40007","4.35"
"Beckham","0","6","Oklahoma","5/26/20","6","0","40009","0"
"Blaine","0","6","Oklahoma","5/26/20","3","3","40011","100"
"Bryan","0","22","Oklahoma","5/26/20","19","3","40013","15.79"
"Caddo","4","150","Oklahoma","5/26/20","122","28","40015","22.95"
"Canadian","1","128","Oklahoma","5/26/20","120","8","40017","6.67"
"Carter","1","25","Oklahoma","5/26/20","15","10","40019","66.67"
"Cherokee","0","29","Oklahoma","5/26/20","29","0","40021","0"
"Choctaw","3","25","Oklahoma","5/26/20","6","19","40023","316.67"
"Cimarron","0","1","Oklahoma","5/26/20","1","0","40025","0"
"Cleveland","3","493","Oklahoma","5/26/20","470","23","40027","4.89"
"Coal","0","1","Oklahoma","5/26/20","0","1","40029","1"
"Comanche","6","270","Oklahoma","5/26/20","229","41","40031","17.9"
"Cotton","0","5","Oklahoma","5/26/20","5","0","40033","0"
"Craig","0","15","Oklahoma","5/26/20","15","0","40035","0"
"Creek","1","92","Oklahoma","5/26/20","85","7","40037","8.24"
"Custer","0","12","Oklahoma","5/26/20","12","0","40039","0"
"Delaware","1","100","Oklahoma","5/26/20","96","4","40041","4.17"
"Dewey","0","4","Oklahoma","5/26/20","2","2","40043","100"
"Garfield","0","26","Oklahoma","5/26/20","23","3","40047","13.04"
"Garvin","0","15","Oklahoma","5/26/20","15","0","40049","0"
"Grady","2","80","Oklahoma","5/26/20","65","15","40051","23.08"
"Grant","0","2","Oklahoma","5/26/20","2","0","40053","0"
"Greer","0","66","Oklahoma","5/26/20","66","0","40055","0"
"Harper","0","1","Oklahoma","5/26/20","1","0","40059","0"
"Haskell","0","6","Oklahoma","5/26/20","5","1","40061","20"
"Jackson","0","24","Oklahoma","5/26/20","21","3","40065","14.29"
"Jefferson","0","3","Oklahoma","5/26/20","3","0","40067","0"
"Johnston","0","3","Oklahoma","5/26/20","3","0","40069","0"
"Kay","0","52","Oklahoma","5/26/20","50","2","40071","4"
"Kingfisher","0","11","Oklahoma","5/26/20","10","1","40073","10"
"Kiowa","0","6","Oklahoma","5/26/20","6","0","40075","0"
"Latimer","0","5","Oklahoma","5/26/20","6","-1","40077","-16.67"
"Le Flore","0","14","Oklahoma","5/26/20","13","1","40079","7.69"
"Lincoln","0","22","Oklahoma","5/26/20","19","3","40081","15.79"
"Logan","0","19","Oklahoma","5/26/20","18","1","40083","5.56"
"Love","2","15","Oklahoma","5/26/20","4","11","40085","275"
"Major","0","6","Oklahoma","5/26/20","6","0","40093","0"
"Marshall","0","8","Oklahoma","5/26/20","6","2","40095","33.33"
"Mayes","0","30","Oklahoma","5/26/20","28","2","40097","7.14"
"McClain","0","98","Oklahoma","5/26/20","95","3","40087","3.16"
"McCurtain","2","29","Oklahoma","5/26/20","12","17","40089","141.67"
"McIntosh","0","11","Oklahoma","5/26/20","10","1","40091","10"
"Murray","0","2","Oklahoma","5/26/20","2","0","40099","0"
"Muskogee","1","36","Oklahoma","5/26/20","30","6","40101","20"
"Noble","0","7","Oklahoma","5/26/20","7","0","40103","0"
"Nowata","0","23","Oklahoma","5/26/20","23","0","40105","0"
"Okfuskee","0","3","Oklahoma","5/26/20","2","1","40107","50"
"Oklahoma","18","1216","Oklahoma","5/26/20","1087","129","40109","11.87"
"Okmulgee","1","23","Oklahoma","5/26/20","18","5","40111","27.78"
"Osage","0","94","Oklahoma","5/26/20","92","2","40113","2.17"
"Ottawa","0","35","Oklahoma","5/26/20","35","0","40115","0"
"Pawnee","0","29","Oklahoma","5/26/20","29","0","40117","0"
"Payne","0","45","Oklahoma","5/26/20","45","0","40119","0"
"Pittsburg","0","40","Oklahoma","5/26/20","39","1","40121","2.56"
"Pontotoc","0","12","Oklahoma","5/26/20","11","1","40123","9.09"
"Pottawatomie","0","57","Oklahoma","5/26/20","57","0","40125","0"
"Pushmataha","0","2","Oklahoma","5/26/20","1","1","40127","100"
"Rogers","1","78","Oklahoma","5/26/20","72","6","40131","8.33"
"Seminole","0","23","Oklahoma","5/26/20","21","2","40133","9.52"
"Sequoyah","0","14","Oklahoma","5/26/20","14","0","40135","0"
"Stephens","2","37","Oklahoma","5/26/20","26","11","40137","42.31"
"Texas","15","890","Oklahoma","5/26/20","784","106","40139","13.52"
"Tillman","0","23","Oklahoma","5/26/20","22","1","40141","4.55"
"Tulsa","19","935","Oklahoma","5/26/20","802","133","40143","16.58"
"Wagoner","2","149","Oklahoma","5/26/20","137","12","40145","8.76"
"Washington","1","312","Oklahoma","5/26/20","304","8","40147","2.63"
"Washita","0","2","Oklahoma","5/26/20","1","1","40149","100"
"Woods","0","3","Oklahoma","5/26/20","3","0","40151","0"
"Woodward","0","4","Oklahoma","5/26/20","1","3","40153","300"
"Baker","0","1","Oregon","5/26/20","1","0","41001","0"
"Benton","0","55","Oregon","5/26/20","54","1","41003","1.85"
"Clackamas","2","296","Oregon","5/26/20","284","12","41005","4.23"
"Clatsop","1","45","Oregon","5/26/20","38","7","41007","18.42"
"Columbia","0","16","Oregon","5/26/20","16","0","41009","0"
"Coos","0","31","Oregon","5/26/20","30","1","41011","3.33"
"Crook","1","6","Oregon","5/26/20","1","5","41013","500"
"Curry","0","6","Oregon","5/26/20","5","1","41015","20"
"Deschutes","2","120","Oregon","5/26/20","107","13","41017","12.15"
"Douglas","0","25","Oregon","5/26/20","25","0","41019","0"
"Grant","0","1","Oregon","5/26/20","1","0","41023","0"
"Harney","0","1","Oregon","5/26/20","1","0","41025","0"
"Hood River","0","12","Oregon","5/26/20","14","-2","41027","-14.29"
"Jackson","1","60","Oregon","5/26/20","52","8","41029","15.38"
"Jefferson","0","24","Oregon","5/26/20","24","0","41031","0"
"Josephine","0","25","Oregon","5/26/20","25","0","41033","0"
"Klamath","0","41","Oregon","5/26/20","41","0","41035","0"
"Lane","0","67","Oregon","5/26/20","65","2","41039","3.08"
"Lincoln","0","9","Oregon","5/26/20","8","1","41041","12.5"
"Linn","1","115","Oregon","5/26/20","109","6","41043","5.5"
"Malheur","1","28","Oregon","5/26/20","21","7","41045","33.33"
"Marion","8","914","Oregon","5/26/20","855","59","41047","6.9"
"Morrow","0","12","Oregon","5/26/20","12","0","41049","0"
"Multnomah","7","1052","Oregon","5/26/20","1005","47","41051","4.68"
"Polk","0","96","Oregon","5/26/20","93","3","41053","3.23"
"Sherman","0","1","Oregon","5/26/20","1","0","41055","0"
"Tillamook","0","6","Oregon","5/26/20","6","0","41057","0"
"Umatilla","2","112","Oregon","5/26/20","101","11","41059","10.89"
"Union","0","6","Oregon","5/26/20","6","0","41061","0"
"Wallowa","0","2","Oregon","5/26/20","1","1","41063","100"
"Wasco","0","18","Oregon","5/26/20","18","0","41065","0"
"Washington","8","698","Oregon","5/26/20","644","54","41067","8.39"
"Yamhill","1","66","Oregon","5/26/20","62","4","41071","6.45"
"Adams","6","233","Pennsylvania","5/26/20","194","39","42001","20.1"
"Allegheny","23","1816","Pennsylvania","5/26/20","1658","158","42003","9.53"
"Armstrong","0","59","Pennsylvania","5/26/20","58","1","42005","1.72"
"Beaver","5","570","Pennsylvania","5/26/20","534","36","42007","6.74"
"Bedford","1","37","Pennsylvania","5/26/20","32","5","42009","15.62"
"Berks","26","3919","Pennsylvania","5/26/20","3735","184","42011","4.93"
"Blair","1","48","Pennsylvania","5/26/20","38","10","42013","26.32"
"Bradford","1","45","Pennsylvania","5/26/20","41","4","42015","9.76"
"Bucks","49","4916","Pennsylvania","5/26/20","4573","343","42017","7.5"
"Butler","2","220","Pennsylvania","5/26/20","206","14","42019","6.8"
"Cambria","0","57","Pennsylvania","5/26/20","54","3","42021","5.56"
"Cameron","0","2","Pennsylvania","5/26/20","2","0","42023","0"
"Carbon","2","231","Pennsylvania","5/26/20","214","17","42025","7.94"
"Centre","2","148","Pennsylvania","5/26/20","132","16","42027","12.12"
"Chester","36","2454","Pennsylvania","5/26/20","2199","255","42029","11.6"
"Clarion","1","29","Pennsylvania","5/26/20","24","5","42031","20.83"
"Clearfield","1","37","Pennsylvania","5/26/20","33","4","42033","12.12"
"Clinton","1","54","Pennsylvania","5/26/20","45","9","42035","20"
"Columbia","1","343","Pennsylvania","5/26/20","337","6","42037","1.78"
"Crawford","0","22","Pennsylvania","5/26/20","21","1","42039","4.76"
"Cumberland","9","602","Pennsylvania","5/26/20","540","62","42041","11.48"
"Dauphin","21","1137","Pennsylvania","5/26/20","989","148","42043","14.96"
"Delaware","70","6243","Pennsylvania","5/26/20","5754","489","42045","8.5"
"Elk","0","6","Pennsylvania","5/26/20","6","0","42047","0"
"Erie","11","223","Pennsylvania","5/26/20","147","76","42049","51.7"
"Fayette","0","95","Pennsylvania","5/26/20","92","3","42051","3.26"
"Forest","0","7","Pennsylvania","5/26/20","7","0","42053","0"
"Franklin","15","746","Pennsylvania","5/26/20","644","102","42055","15.84"
"Fulton","0","15","Pennsylvania","5/26/20","12","3","42057","25"
"Greene","0","27","Pennsylvania","5/26/20","27","0","42059","0"
"Huntingdon","2","228","Pennsylvania","5/26/20","214","14","42061","6.54"
"Indiana","0","89","Pennsylvania","5/26/20","86","3","42063","3.49"
"Jefferson","0","7","Pennsylvania","5/26/20","7","0","42065","0"
"Juniata","0","95","Pennsylvania","5/26/20","94","1","42067","1.06"
"Lackawanna","18","1503","Pennsylvania","5/26/20","1374","129","42069","9.39"
"Lancaster","56","2985","Pennsylvania","5/26/20","2593","392","42071","15.12"
"Lawrence","0","74","Pennsylvania","5/26/20","73","1","42073","1.37"
"Lebanon","6","922","Pennsylvania","5/26/20","880","42","42075","4.77"
"Lehigh","23","3676","Pennsylvania","5/26/20","3513","163","42077","4.64"
"Luzerne","15","2662","Pennsylvania","5/26/20","2554","108","42079","4.23"
"Lycoming","2","161","Pennsylvania","5/26/20","149","12","42081","8.05"
"McKean","0","12","Pennsylvania","5/26/20","11","1","42083","9.09"
"Mercer","1","105","Pennsylvania","5/26/20","96","9","42085","9.38"
"Mifflin","0","58","Pennsylvania","5/26/20","57","1","42087","1.75"
"Monroe","5","1305","Pennsylvania","5/26/20","1267","38","42089","3"
"Montgomery","76","6598","Pennsylvania","5/26/20","6063","535","42091","8.82"
"Montour","0","50","Pennsylvania","5/26/20","50","0","42093","0"
"Northampton","25","2933","Pennsylvania","5/26/20","2758","175","42095","6.35"
"Northumberland","5","177","Pennsylvania","5/26/20","145","32","42097","22.07"
"Perry","1","48","Pennsylvania","5/26/20","41","7","42099","17.07"
"Philadelphia","229","21738","Pennsylvania","5/26/20","20132","1606","42101","7.98"
"Pike","1","476","Pennsylvania","5/26/20","469","7","42103","1.49"
"Potter","0","4","Pennsylvania","5/26/20","4","0","42105","0"
"Schuylkill","9","600","Pennsylvania","5/26/20","534","66","42107","12.36"
"Snyder","1","38","Pennsylvania","5/26/20","33","5","42109","15.15"
"Somerset","0","37","Pennsylvania","5/26/20","36","1","42111","2.78"
"Sullivan","0","2","Pennsylvania","5/26/20","2","0","42113","0"
"Susquehanna","2","97","Pennsylvania","5/26/20","85","12","42115","14.12"
"Tioga","0","16","Pennsylvania","5/26/20","16","0","42117","0"
"Union","1","56","Pennsylvania","5/26/20","50","6","42119","12"
"Venango","0","8","Pennsylvania","5/26/20","8","0","42121","0"
"Warren","0","3","Pennsylvania","5/26/20","2","1","42123","50"
"Washington","1","138","Pennsylvania","5/26/20","130","8","42125","6.15"
"Wayne","1","118","Pennsylvania","5/26/20","110","8","42127","7.27"
"Westmoreland","2","442","Pennsylvania","5/26/20","431","11","42129","2.55"
"Wyoming","0","33","Pennsylvania","5/26/20","30","3","42131","10"
"York","11","943","Pennsylvania","5/26/20","866","77","42133","8.89"
"","74","3324","Puerto Rico","5/26/20","2805","519",,"18.5"
"Bristol","6","213","Rhode Island","5/26/20","172","41","44001","23.84"
"Kent","19","1013","Rhode Island","5/26/20","883","130","44003","14.72"
"Newport","4","228","Rhode Island","5/26/20","197","31","44005","15.74"
"Providence","214","10607","Rhode Island","5/26/20","9112","1495","44007","16.41"
"Washington","9","486","Rhode Island","5/26/20","425","61","44009","14.35"
"Abbeville","0","35","South Carolina","5/26/20","36","-1","45001","-2.78"
"Aiken","4","181","South Carolina","5/26/20","156","25","45003","16.03"
"Allendale","0","34","South Carolina","5/26/20","33","1","45005","3.03"
"Anderson","1","221","South Carolina","5/26/20","211","10","45007","4.74"
"Bamberg","0","21","South Carolina","5/26/20","18","3","45009","16.67"
"Barnwell","0","43","South Carolina","5/26/20","41","2","45011","4.88"
"Beaufort","6","342","South Carolina","5/26/20","299","43","45013","14.38"
"Berkeley","2","219","South Carolina","5/26/20","203","16","45015","7.88"
"Calhoun","0","10","South Carolina","5/26/20","9","1","45017","11.11"
"Charleston","8","568","South Carolina","5/26/20","515","53","45019","10.29"
"Cherokee","1","32","South Carolina","5/26/20","25","7","45021","28"
"Chester","2","55","South Carolina","5/26/20","41","14","45023","34.15"
"Chesterfield","6","141","South Carolina","5/26/20","101","40","45025","39.6"
"Clarendon","0","294","South Carolina","5/26/20","293","1","45027","0.34"
"Colleton","3","76","South Carolina","5/26/20","58","18","45029","31.03"
"Darlington","4","254","South Carolina","5/26/20","227","27","45031","11.89"
"Dillon","3","152","South Carolina","5/26/20","132","20","45033","15.15"
"Dorchester","4","142","South Carolina","5/26/20","114","28","45035","24.56"
"Edgefield","1","49","South Carolina","5/26/20","44","5","45037","11.36"
"Fairfield","4","160","South Carolina","5/26/20","134","26","45039","19.4"
"Florence","8","605","South Carolina","5/26/20","547","58","45041","10.6"
"Georgetown","3","71","South Carolina","5/26/20","52","19","45043","36.54"
"Greenville","28","1344","South Carolina","5/26/20","1145","199","45045","17.38"
"Greenwood","3","92","South Carolina","5/26/20","72","20","45047","27.78"
"Hampton","1","35","South Carolina","5/26/20","30","5","45049","16.67"
"Horry","11","382","South Carolina","5/26/20","303","79","45051","26.07"
"Jasper","2","39","South Carolina","5/26/20","27","12","45053","44.44"
"Kershaw","5","305","South Carolina","5/26/20","272","33","45055","12.13"
"Lancaster","2","122","South Carolina","5/26/20","108","14","45057","12.96"
"Laurens","0","59","South Carolina","5/26/20","57","2","45059","3.51"
"Lee","5","207","South Carolina","5/26/20","174","33","45061","18.97"
"Lexington","8","572","South Carolina","5/26/20","516","56","45063","10.85"
"Marion","2","66","South Carolina","5/26/20","53","13","45067","24.53"
"Marlboro","6","117","South Carolina","5/26/20","76","41","45069","53.95"
"McCormick","0","8","South Carolina","5/26/20","7","1","45065","14.29"
"Newberry","2","48","South Carolina","5/26/20","33","15","45071","45.45"
"Oconee","1","47","South Carolina","5/26/20","41","6","45073","14.63"
"Orangeburg","5","152","South Carolina","5/26/20","115","37","45075","32.17"
"Pickens","5","127","South Carolina","5/26/20","94","33","45077","35.11"
"Richland","17","1386","South Carolina","5/26/20","1267","119","45079","9.39"
"Saluda","2","137","South Carolina","5/26/20","123","14","45081","11.38"
"Spartanburg","14","512","South Carolina","5/26/20","411","101","45083","24.57"
"Sumter","3","347","South Carolina","5/26/20","323","24","45085","7.43"
"Union","0","34","South Carolina","5/26/20","31","3","45087","9.68"
"Williamsburg","6","221","South Carolina","5/26/20","181","40","45089","22.1"
"York","6","352","South Carolina","5/26/20","308","44","45091","14.29"
"Aurora","3","22","South Dakota","5/26/20","3","19","46003","633.33"
"Beadle","15","150","South Dakota","5/26/20","43","107","46005","248.84"
"Bon Homme","1","8","South Dakota","5/26/20","4","4","46009","100"
"Brookings","0","15","South Dakota","5/26/20","14","1","46011","7.14"
"Brown","8","259","South Dakota","5/26/20","205","54","46013","26.34"
"Buffalo","1","9","South Dakota","5/26/20","3","6","46017","200"
"Charles Mix","0","13","South Dakota","5/26/20","10","3","46023","30"
"Clark","0","4","South Dakota","5/26/20","4","0","46025","0"
"Clay","0","15","South Dakota","5/26/20","15","0","46027","0"
"Codington","2","33","South Dakota","5/26/20","17","16","46029","94.12"
"Corson","0","4","South Dakota","5/26/20","4","0","46031","0"
"Davison","0","10","South Dakota","5/26/20","9","1","46035","11.11"
"Day","0","12","South Dakota","5/26/20","11","1","46037","9.09"
"Deuel","0","1","South Dakota","5/26/20","1","0","46039","0"
"Douglas","0","3","South Dakota","5/26/20","1","2","46043","200"
"Fall River","0","4","South Dakota","5/26/20","3","1","46047","33.33"
"Faulk","0","1","South Dakota","5/26/20","1","0","46049","0"
"Grant","0","10","South Dakota","5/26/20","9","1","46051","11.11"
"Hamlin","0","4","South Dakota","5/26/20","3","1","46057","33.33"
"Hand","0","1","South Dakota","5/26/20","1","0","46059","0"
"Hughes","0","19","South Dakota","5/26/20","17","2","46065","11.76"
"Hutchinson","0","4","South Dakota","5/26/20","3","1","46067","33.33"
"Hyde","0","1","South Dakota","5/26/20","1","0","46069","0"
"Jackson","0","2","South Dakota","5/26/20","0","2","46071","1"
"Jerauld","3","29","South Dakota","5/26/20","6","23","46073","383.33"
"Lake","0","6","South Dakota","5/26/20","5","1","46079","20"
"Lawrence","0","9","South Dakota","5/26/20","9","0","46081","0"
"Lincoln","4","233","South Dakota","5/26/20","205","28","46083","13.66"
"Lyman","1","12","South Dakota","5/26/20","6","6","46085","100"
"Marshall","0","4","South Dakota","5/26/20","3","1","46091","33.33"
"McCook","0","5","South Dakota","5/26/20","5","0","46087","0"
"McPherson","0","1","South Dakota","5/26/20","1","0","46089","0"
"Meade","1","10","South Dakota","5/26/20","5","5","46093","100"
"Miner","0","1","South Dakota","5/26/20","1","0","46097","0"
"Minnehaha","18","3289","South Dakota","5/26/20","3165","124","46099","3.92"
"Moody","0","18","South Dakota","5/26/20","18","0","46101","0"
"Oglala Lakota","1","17","South Dakota","5/26/20","10","7","46102","70"
"Pennington","13","162","South Dakota","5/26/20","74","88","46103","118.92"
"Roberts","2","35","South Dakota","5/26/20","20","15","46109","75"
"Sanborn","1","11","South Dakota","5/26/20","6","5","46111","83.33"
"Spink","0","4","South Dakota","5/26/20","4","0","46115","0"
"Stanley","0","9","South Dakota","5/26/20","9","0","46117","0"
"Sully","0","1","South Dakota","5/26/20","1","0","46119","0"
"Todd","0","20","South Dakota","5/26/20","17","3","46121","17.65"
"Tripp","1","6","South Dakota","5/26/20","2","4","46123","200"
"Turner","0","23","South Dakota","5/26/20","21","2","46125","9.52"
"Union","3","86","South Dakota","5/26/20","62","24","46127","38.71"
"Walworth","0","5","South Dakota","5/26/20","5","0","46129","0"
"Yankton","1","51","South Dakota","5/26/20","42","9","46135","21.43"
"Ziebach","0","1","South Dakota","5/26/20","1","0","46137","0"
"Anderson","0","40","Tennessee","5/26/20","37","3","47001","8.11"
"Bedford","2","269","Tennessee","5/26/20","257","12","47003","4.67"
"Benton","0","7","Tennessee","5/26/20","7","0","47005","0"
"Bledsoe","0","608","Tennessee","5/26/20","607","1","47007","0.16"
"Blount","1","84","Tennessee","5/26/20","76","8","47009","10.53"
"Bradley","2","99","Tennessee","5/26/20","84","15","47011","17.86"
"Campbell","0","17","Tennessee","5/26/20","17","0","47013","0"
"Cannon","1","17","Tennessee","5/26/20","13","4","47015","30.77"
"Carroll","0","27","Tennessee","5/26/20","25","2","47017","8"
"Carter","0","19","Tennessee","5/26/20","19","0","47019","0"
"Cheatham","3","112","Tennessee","5/26/20","93","19","47021","20.43"
"Chester","0","12","Tennessee","5/26/20","12","0","47023","0"
"Claiborne","0","8","Tennessee","5/26/20","8","0","47025","0"
"Clay","0","6","Tennessee","5/26/20","6","0","47027","0"
"Cocke","0","20","Tennessee","5/26/20","20","0","47029","0"
"Coffee","0","66","Tennessee","5/26/20","63","3","47031","4.76"
"Crockett","0","16","Tennessee","5/26/20","14","2","47033","14.29"
"Cumberland","2","111","Tennessee","5/26/20","94","17","47035","18.09"
"Davidson","77","4716","Tennessee","5/26/20","4174","542","47037","12.99"
"Decatur","0","5","Tennessee","5/26/20","5","0","47039","0"
"DeKalb","0","35","Tennessee","5/26/20","32","3","47041","9.38"
"Dickson","2","106","Tennessee","5/26/20","93","13","47043","13.98"
"Dyer","0","48","Tennessee","5/26/20","45","3","47045","6.67"
"Fayette","2","108","Tennessee","5/26/20","95","13","47047","13.68"
"Fentress","0","12","Tennessee","5/26/20","9","3","47049","33.33"
"Franklin","1","48","Tennessee","5/26/20","43","5","47051","11.63"
"Gibson","0","61","Tennessee","5/26/20","59","2","47053","3.39"
"Giles","0","12","Tennessee","5/26/20","12","0","47055","0"
"Grainger","0","6","Tennessee","5/26/20","6","0","47057","0"
"Greene","0","47","Tennessee","5/26/20","46","1","47059","2.17"
"Grundy","0","32","Tennessee","5/26/20","31","1","47061","3.23"
"Hamblen","0","26","Tennessee","5/26/20","24","2","47063","8.33"
"Hamilton","38","642","Tennessee","5/26/20","377","265","47065","70.29"
"Hancock","0","1","Tennessee","5/26/20","1","0","47067","0"
"Hardeman","1","189","Tennessee","5/26/20","183","6","47069","3.28"
"Hardin","0","11","Tennessee","5/26/20","10","1","47071","10"
"Hawkins","0","31","Tennessee","5/26/20","31","0","47073","0"
"Haywood","0","29","Tennessee","5/26/20","29","0","47075","0"
"Henderson","0","13","Tennessee","5/26/20","12","1","47077","8.33"
"Henry","1","29","Tennessee","5/26/20","20","9","47079","45"
"Hickman","0","53","Tennessee","5/26/20","52","1","47081","1.92"
"Houston","0","7","Tennessee","5/26/20","7","0","47083","0"
"Humphreys","0","13","Tennessee","5/26/20","12","1","47085","8.33"
"Jackson","1","17","Tennessee","5/26/20","13","4","47087","30.77"
"Jefferson","0","28","Tennessee","5/26/20","26","2","47089","7.69"
"Johnson","0","15","Tennessee","5/26/20","15","0","47091","0"
"Knox","5","345","Tennessee","5/26/20","313","32","47093","10.22"
"Lake","1","413","Tennessee","5/26/20","403","10","47095","2.48"
"Lauderdale","1","56","Tennessee","5/26/20","48","8","47097","16.67"
"Lawrence","0","24","Tennessee","5/26/20","21","3","47099","14.29"
"Lewis","0","3","Tennessee","5/26/20","2","1","47101","50"
"Lincoln","1","25","Tennessee","5/26/20","17","8","47103","47.06"
"Loudon","6","136","Tennessee","5/26/20","97","39","47105","40.21"
"Macon","2","108","Tennessee","5/26/20","93","15","47111","16.13"
"Madison","2","174","Tennessee","5/26/20","162","12","47113","7.41"
"Marion","0","37","Tennessee","5/26/20","34","3","47115","8.82"
"Marshall","0","29","Tennessee","5/26/20","26","3","47117","11.54"
"Maury","1","80","Tennessee","5/26/20","71","9","47119","12.68"
"McMinn","1","135","Tennessee","5/26/20","125","10","47107","8"
"McNairy","0","12","Tennessee","5/26/20","12","0","47109","0"
"Meigs","0","25","Tennessee","5/26/20","22","3","47121","13.64"
"Monroe","1","58","Tennessee","5/26/20","51","7","47123","13.73"
"Montgomery","5","251","Tennessee","5/26/20","216","35","47125","16.2"
"Moore","0","3","Tennessee","5/26/20","3","0","47127","0"
"Morgan","0","17","Tennessee","5/26/20","17","0","47129","0"
"Obion","1","27","Tennessee","5/26/20","19","8","47131","42.11"
"Out of TN","-7","339","Tennessee","5/26/20","386","-47","80047","-12.18"
"Overton","1","23","Tennessee","5/26/20","18","5","47133","27.78"
"Perry","0","13","Tennessee","5/26/20","13","0","47135","0"
"Pickett","0","3","Tennessee","5/26/20","2","1","47137","50"
"Polk","0","14","Tennessee","5/26/20","14","0","47139","0"
"Putnam","18","410","Tennessee","5/26/20","286","124","47141","43.36"
"Rhea","26","197","Tennessee","5/26/20","15","182","47143","1213.33"
"Roane","1","15","Tennessee","5/26/20","9","6","47145","66.67"
"Robertson","17","414","Tennessee","5/26/20","298","116","47147","38.93"
"Rutherford","22","1063","Tennessee","5/26/20","906","157","47149","17.33"
"Scott","0","11","Tennessee","5/26/20","11","0","47151","0"
"Sequatchie","0","12","Tennessee","5/26/20","9","3","47153","33.33"
"Sevier","1","75","Tennessee","5/26/20","68","7","47155","10.29"
"Shelby","83","4516","Tennessee","5/26/20","3936","580","47157","14.74"
"Smith","0","30","Tennessee","5/26/20","29","1","47159","3.45"
"Stewart","0","9","Tennessee","5/26/20","8","1","47161","12.5"
"Sullivan","1","62","Tennessee","5/26/20","57","5","47163","8.77"
"Sumner","10","838","Tennessee","5/26/20","768","70","47165","9.11"
"Tipton","3","427","Tennessee","5/26/20","407","20","47167","4.91"
"Trousdale","1","1392","Tennessee","5/26/20","1384","8","47169","0.58"
"Unicoi","0","3","Tennessee","5/26/20","3","0","47171","0"
"Union","0","4","Tennessee","5/26/20","4","0","47173","0"
"Van Buren","0","4","Tennessee","5/26/20","4","0","47175","0"
"Warren","1","21","Tennessee","5/26/20","16","5","47177","31.25"
"Washington","1","75","Tennessee","5/26/20","70","5","47179","7.14"
"Wayne","0","63","Tennessee","5/26/20","63","0","47181","0"
"Weakley","0","26","Tennessee","5/26/20","27","-1","47183","-3.7"
"White","1","27","Tennessee","5/26/20","21","6","47185","28.57"
"Williamson","5","527","Tennessee","5/26/20","492","35","47187","7.11"
"Wilson","5","371","Tennessee","5/26/20","338","33","47189","9.76"
"Anderson","1","66","Texas","5/26/20","60","6","48001","10"
"Andrews","1","27","Texas","5/26/20","22","5","48003","22.73"
"Angelina","3","175","Texas","5/26/20","154","21","48005","13.64"
"Aransas","0","5","Texas","5/26/20","3","2","48007","66.67"
"Archer","0","1","Texas","5/26/20","1","0","48009","0"
"Armstrong","0","2","Texas","5/26/20","2","0","48011","0"
"Atascosa","0","35","Texas","5/26/20","32","3","48013","9.38"
"Austin","0","22","Texas","5/26/20","20","2","48015","10"
"Bailey","0","10","Texas","5/26/20","10","0","48017","0"
"Bandera","0","6","Texas","5/26/20","6","0","48019","0"
"Bastrop","5","184","Texas","5/26/20","148","36","48021","24.32"
"Bee","0","9","Texas","5/26/20","6","3","48025","50"
"Bell","5","298","Texas","5/26/20","260","38","48027","14.62"
"Bexar","24","2449","Texas","5/26/20","2278","171","48029","7.51"
"Blanco","0","8","Texas","5/26/20","6","2","48031","33.33"
"Bosque","0","6","Texas","5/26/20","6","0","48035","0"
"Bowie","2","153","Texas","5/26/20","137","16","48037","11.68"
"Brazoria","8","843","Texas","5/26/20","786","57","48039","7.25"
"Brazos","15","441","Texas","5/26/20","333","108","48041","32.43"
"Brewster","0","1","Texas","5/26/20","1","0","48043","0"
"Briscoe","0","1","Texas","5/26/20","1","0","48045","0"
"Brooks","0","1","Texas","5/26/20","1","0","48047","0"
"Brown","1","57","Texas","5/26/20","51","6","48049","11.76"
"Burleson","0","22","Texas","5/26/20","20","2","48051","10"
"Burnet","0","29","Texas","5/26/20","28","1","48053","3.57"
"Caldwell","2","51","Texas","5/26/20","39","12","48055","30.77"
"Calhoun","0","37","Texas","5/26/20","36","1","48057","2.78"
"Callahan","0","9","Texas","5/26/20","8","1","48059","12.5"
"Cameron","9","698","Texas","5/26/20","635","63","48061","9.92"
"Camp","4","51","Texas","5/26/20","26","25","48063","96.15"
"Carson","0","6","Texas","5/26/20","5","1","48065","20"
"Cass","0","23","Texas","5/26/20","21","2","48067","9.52"
"Castro","1","32","Texas","5/26/20","28","4","48069","14.29"
"Chambers","1","61","Texas","5/26/20","55","6","48071","10.91"
"Cherokee","1","42","Texas","5/26/20","36","6","48073","16.67"
"Childress","0","2","Texas","5/26/20","2","0","48075","0"
"Clay","0","3","Texas","5/26/20","3","0","48077","0"
"Cochran","0","1","Texas","5/26/20","1","0","48079","0"
"Coke","0","1","Texas","5/26/20","1","0","48081","0"
"Coleman","0","2","Texas","5/26/20","2","0","48083","0"
"Collin","16","1157","Texas","5/26/20","1047","110","48085","10.51"
"Collingsworth","0","5","Texas","5/26/20","4","1","48087","25"
"Colorado","0","20","Texas","5/26/20","19","1","48089","5.26"
"Comal","2","82","Texas","5/26/20","71","11","48091","15.49"
"Comanche","1","9","Texas","5/26/20","5","4","48093","80"
"Concho","0","1","Texas","5/26/20","1","0","48095","0"
"Cooke","0","13","Texas","5/26/20","13","0","48097","0"
"Coryell","0","227","Texas","5/26/20","226","1","48099","0.44"
"Cottle","0","4","Texas","5/26/20","4","0","48101","0"
"Crane","3","22","Texas","5/26/20","2","20","48103","1000"
"Crosby","0","3","Texas","5/26/20","3","0","48107","0"
"Dallam","0","22","Texas","5/26/20","22","0","48111","0"
"Dallas","183","9188","Texas","5/26/20","7904","1284","48113","16.24"
"Dawson","0","40","Texas","5/26/20","38","2","48115","5.26"
"Deaf Smith","3","157","Texas","5/26/20","133","24","48117","18.05"
"Delta","0","1","Texas","5/26/20","1","0","48119","0"
"Denton","21","1233","Texas","5/26/20","1088","145","48121","13.33"
"DeWitt","0","17","Texas","5/26/20","17","0","48123","0"
"Dickens","0","1","Texas","5/26/20","1","0","48125","0"
"Dimmit","0","1","Texas","5/26/20","1","0","48127","0"
"Donley","0","26","Texas","5/26/20","27","-1","48129","-3.7"
"Duval","0","5","Texas","5/26/20","5","0","48131","0"
"Eastland","0","5","Texas","5/26/20","5","0","48133","0"
"Ector","5","151","Texas","5/26/20","115","36","48135","31.3"
"El Paso","77","2393","Texas","5/26/20","1852","541","48141","29.21"
"Ellis","4","289","Texas","5/26/20","258","31","48139","12.02"
"Erath","0","16","Texas","5/26/20","15","1","48143","6.67"
"Falls","0","6","Texas","5/26/20","6","0","48145","0"
"Fannin","1","37","Texas","5/26/20","27","10","48147","37.04"
"Fayette","0","32","Texas","5/26/20","31","1","48149","3.23"
"Fisher","0","2","Texas","5/26/20","2","0","48151","0"
"Floyd","0","5","Texas","5/26/20","5","0","48153","0"
"Fort Bend","25","1732","Texas","5/26/20","1559","173","48157","11.1"
"Franklin","1","12","Texas","5/26/20","7","5","48159","71.43"
"Freestone","0","10","Texas","5/26/20","7","3","48161","42.86"
"Frio","0","36","Texas","5/26/20","35","1","48163","2.86"
"Gaines","0","6","Texas","5/26/20","6","0","48165","0"
"Galveston","7","753","Texas","5/26/20","706","47","48167","6.66"
"Garza","0","5","Texas","5/26/20","4","1","48169","25"
"Gillespie","0","5","Texas","5/26/20","5","0","48171","0"
"Glasscock","0","1","Texas","5/26/20","1","0","48173","0"
"Goliad","0","7","Texas","5/26/20","7","0","48175","0"
"Gonzales","1","91","Texas","5/26/20","86","5","48177","5.81"
"Gray","0","96","Texas","5/26/20","94","2","48179","2.13"
"Grayson","20","303","Texas","5/26/20","165","138","48181","83.64"
"Gregg","2","185","Texas","5/26/20","173","12","48183","6.94"
"Grimes","6","104","Texas","5/26/20","65","39","48185","60"
"Guadalupe","2","122","Texas","5/26/20","110","12","48187","10.91"
"Hale","1","55","Texas","5/26/20","49","6","48189","12.24"
"Hall","0","2","Texas","5/26/20","0","2","48191","1"
"Hamilton","0","7","Texas","5/26/20","7","0","48193","0"
"Hansford","0","18","Texas","5/26/20","16","2","48195","12.5"
"Hardeman","0","1","Texas","5/26/20","0","1","48197","1"
"Hardin","3","136","Texas","5/26/20","118","18","48199","15.25"
"Harris","203","11281","Texas","5/26/20","9859","1422","48201","14.42"
"Harrison","3","228","Texas","5/26/20","205","23","48203","11.22"
"Hartley","0","11","Texas","5/26/20","11","0","48205","0"
"Haskell","0","2","Texas","5/26/20","2","0","48207","0"
"Hays","7","270","Texas","5/26/20","219","51","48209","23.29"
"Hemphill","0","1","Texas","5/26/20","1","0","48211","0"
"Henderson","1","55","Texas","5/26/20","49","6","48213","12.24"
"Hidalgo","8","504","Texas","5/26/20","448","56","48215","12.5"
"Hill","0","24","Texas","5/26/20","23","1","48217","4.35"
"Hockley","0","27","Texas","5/26/20","24","3","48219","12.5"
"Hood","1","26","Texas","5/26/20","22","4","48221","18.18"
"Hopkins","1","18","Texas","5/26/20","8","10","48223","125"
"Houston","0","84","Texas","5/26/20","81","3","48225","3.7"
"Howard","0","6","Texas","5/26/20","6","0","48227","0"
"Hudspeth","0","1","Texas","5/26/20","0","1","48229","1"
"Hunt","1","76","Texas","5/26/20","68","8","48231","11.76"
"Hutchinson","0","30","Texas","5/26/20","30","0","48233","0"
"Jack","0","4","Texas","5/26/20","4","0","48237","0"
"Jackson","0","17","Texas","5/26/20","15","2","48239","13.33"
"Jasper","0","28","Texas","5/26/20","26","2","48241","7.69"
"Jefferson","7","503","Texas","5/26/20","451","52","48245","11.53"
"Jim Hogg","0","4","Texas","5/26/20","4","0","48247","0"
"Jim Wells","0","9","Texas","5/26/20","8","1","48249","12.5"
"Johnson","3","155","Texas","5/26/20","136","19","48251","13.97"
"Jones","-2","101","Texas","5/26/20","115","-14","48253","-12.17"
"Karnes","0","4","Texas","5/26/20","4","0","48255","0"
"Kaufman","6","198","Texas","5/26/20","155","43","48257","27.74"
"Kendall","0","24","Texas","5/26/20","23","1","48259","4.35"
"Kerr","1","16","Texas","5/26/20","10","6","48265","60"
"Kimble","0","1","Texas","5/26/20","1","0","48267","0"
"Kleberg","0","16","Texas","5/26/20","14","2","48273","14.29"
"Knox","0","1","Texas","5/26/20","1","0","48275","0"
"La Salle","0","4","Texas","5/26/20","4","0","48283","0"
"Lamar","3","134","Texas","5/26/20","116","18","48277","15.52"
"Lamb","1","15","Texas","5/26/20","11","4","48279","36.36"
"Lampasas","0","8","Texas","5/26/20","8","0","48281","0"
"Lavaca","0","9","Texas","5/26/20","8","1","48285","12.5"
"Lee","0","10","Texas","5/26/20","7","3","48287","42.86"
"Leon","0","9","Texas","5/26/20","9","0","48289","0"
"Liberty","1","80","Texas","5/26/20","75","5","48291","6.67"
"Limestone","1","23","Texas","5/26/20","17","6","48293","35.29"
"Lipscomb","0","2","Texas","5/26/20","2","0","48295","0"
"Live Oak","0","9","Texas","5/26/20","7","2","48297","28.57"
"Llano","0","3","Texas","5/26/20","3","0","48299","0"
"Lubbock","6","667","Texas","5/26/20","624","43","48303","6.89"
"Lynn","0","5","Texas","5/26/20","5","0","48305","0"
"Madison","0","8","Texas","5/26/20","8","0","48313","0"
"Marion","0","15","Texas","5/26/20","15","0","48315","0"
"Martin","0","3","Texas","5/26/20","3","0","48317","0"
"Mason","0","31","Texas","5/26/20","31","0","48319","0"
"Matagorda","0","67","Texas","5/26/20","65","2","48321","3.08"
"Maverick","0","97","Texas","5/26/20","94","3","48323","3.19"
"McCulloch","0","3","Texas","5/26/20","3","0","48307","0"
"McLennan","1","107","Texas","5/26/20","98","9","48309","9.18"
"Medina","1","67","Texas","5/26/20","59","8","48325","13.56"
"Midland","0","124","Texas","5/26/20","122","2","48329","1.64"
"Milam","0","28","Texas","5/26/20","25","3","48331","12"
"Mills","0","1","Texas","5/26/20","1","0","48333","0"
"Mitchell","0","1","Texas","5/26/20","1","0","48335","0"
"Montague","0","9","Texas","5/26/20","9","0","48337","0"
"Montgomery","6","888","Texas","5/26/20","848","40","48339","4.72"
"Moore","1","583","Texas","5/26/20","575","8","48341","1.39"
"Morris","1","21","Texas","5/26/20","13","8","48343","61.54"
"Motley","0","1","Texas","5/26/20","1","0","48345","0"
"Nacogdoches","2","257","Texas","5/26/20","241","16","48347","6.64"
"Navarro","1","45","Texas","5/26/20","38","7","48349","18.42"
"Newton","0","4","Texas","5/26/20","4","0","48351","0"
"Nolan","0","2","Texas","5/26/20","2","0","48353","0"
"Nueces","3","263","Texas","5/26/20","242","21","48355","8.68"
"Ochiltree","0","43","Texas","5/26/20","40","3","48357","7.5"
"Oldham","0","3","Texas","5/26/20","3","0","48359","0"
"Orange","1","96","Texas","5/26/20","87","9","48361","10.34"
"Palo Pinto","0","11","Texas","5/26/20","9","2","48363","22.22"
"Panola","3","194","Texas","5/26/20","175","19","48365","10.86"
"Parker","1","68","Texas","5/26/20","63","5","48367","7.94"
"Parmer","3","54","Texas","5/26/20","36","18","48369","50"
"Pecos","1","27","Texas","5/26/20","23","4","48371","17.39"
"Polk","0","52","Texas","5/26/20","50","2","48373","4"
"Potter","13","2238","Texas","5/26/20","2145","93","48375","4.34"
"Presidio","0","1","Texas","5/26/20","0","1","48377","1"
"Rains","0","3","Texas","5/26/20","2","1","48379","50"
"Randall","5","648","Texas","5/26/20","611","37","48381","6.06"
"Red River","2","48","Texas","5/26/20","36","12","48387","33.33"
"Reeves","0","7","Texas","5/26/20","7","0","48389","0"
"Refugio","0","3","Texas","5/26/20","3","0","48391","0"
"Roberts","0","2","Texas","5/26/20","2","0","48393","0"
"Robertson","0","7","Texas","5/26/20","7","0","48395","0"
"Rockwall","2","155","Texas","5/26/20","138","17","48397","12.32"
"Runnels","0","2","Texas","5/26/20","2","0","48399","0"
"Rusk","0","44","Texas","5/26/20","42","2","48401","4.76"
"Sabine","0","5","Texas","5/26/20","4","1","48403","25"
"San Augustine","0","29","Texas","5/26/20","26","3","48405","11.54"
"San Jacinto","0","14","Texas","5/26/20","12","2","48407","16.67"
"San Patricio","0","28","Texas","5/26/20","26","2","48409","7.69"
"San Saba","0","1","Texas","5/26/20","1","0","48411","0"
"Scurry","0","2","Texas","5/26/20","2","0","48415","0"
"Shackelford","0","1","Texas","5/26/20","1","0","48417","0"
"Shelby","1","183","Texas","5/26/20","175","8","48419","4.57"
"Sherman","0","21","Texas","5/26/20","23","-2","48421","-8.7"
"Smith","1","198","Texas","5/26/20","192","6","48423","3.12"
"Starr","0","24","Texas","5/26/20","23","1","48427","4.35"
"Stephens","0","4","Texas","5/26/20","2","2","48429","100"
"Swisher","0","17","Texas","5/26/20","15","2","48437","13.33"
"Tarrant","60","4977","Texas","5/26/20","4559","418","48439","9.17"
"Taylor","1","230","Texas","5/26/20","222","8","48441","3.6"
"Terry","0","13","Texas","5/26/20","13","0","48445","0"
"Titus","27","321","Texas","5/26/20","129","192","48449","148.84"
"Tom Green","0","90","Texas","5/26/20","87","3","48451","3.45"
"Travis","57","2933","Texas","5/26/20","2537","396","48453","15.61"
"Trinity","0","13","Texas","5/26/20","11","2","48455","18.18"
"Tyler","0","11","Texas","5/26/20","10","1","48457","10"
"Upshur","0","19","Texas","5/26/20","18","1","48459","5.56"
"Uvalde","0","6","Texas","5/26/20","6","0","48463","0"
"Val Verde","1","17","Texas","5/26/20","13","4","48465","30.77"
"Van Zandt","0","26","Texas","5/26/20","23","3","48467","13.04"
"Victoria","0","157","Texas","5/26/20","157","0","48469","0"
"Walker","5","475","Texas","5/26/20","442","33","48471","7.47"
"Waller","1","53","Texas","5/26/20","43","10","48473","23.26"
"Ward","0","1","Texas","5/26/20","0","1","48475","1"
"Washington","1","193","Texas","5/26/20","184","9","48477","4.89"
"Webb","5","516","Texas","5/26/20","479","37","48479","7.72"
"Wharton","2","55","Texas","5/26/20","44","11","48481","25"
"Wheeler","0","15","Texas","5/26/20","14","1","48483","7.14"
"Wichita","0","82","Texas","5/26/20","80","2","48485","2.5"
"Wilbarger","0","6","Texas","5/26/20","6","0","48487","0"
"Willacy","0","14","Texas","5/26/20","14","0","48489","0"
"Williamson","12","584","Texas","5/26/20","501","83","48491","16.57"
"Wilson","0","38","Texas","5/26/20","37","1","48493","2.7"
"Winkler","0","3","Texas","5/26/20","3","0","48495","0"
"Wise","1","45","Texas","5/26/20","38","7","48497","18.42"
"Wood","0","23","Texas","5/26/20","22","1","48499","4.55"
"Yoakum","0","3","Texas","5/26/20","2","1","48501","50"
"Young","0","4","Texas","5/26/20","4","0","48503","0"
"Zapata","0","8","Texas","5/26/20","7","1","48505","14.29"
"Zavala","0","11","Texas","5/26/20","9","2","48507","22.22"
"Bear River","2","105","Utah","5/26/20","89","16","00000","17.98"
"Central Utah","0","33","Utah","5/26/20","30","3","00000","10"
"Davis","7","419","Utah","5/26/20","373","46","49011","12.33"
"Salt Lake","88","4632","Utah","5/26/20","4019","613","49035","15.25"
"San Juan","5","272","Utah","5/26/20","238","34","49037","14.29"
"Southeast Utah","1","21","Utah","5/26/20","16","5","00000","31.25"
"Southwest Utah","12","330","Utah","5/26/20","245","85","00000","34.69"
"Summit","0","405","Utah","5/26/20","403","2","49043","0.5"
"Tooele","2","114","Utah","5/26/20","103","11","49045","10.68"
"TriCounty","0","20","Utah","5/26/20","19","1","00000","5.26"
"Utah","30","1744","Utah","5/26/20","1537","207","49049","13.47"
"Wasatch","6","253","Utah","5/26/20","212","41","49051","19.34"
"Weber-Morgan","5","272","Utah","5/26/20","234","38","00000","16.24"
"Addison","0","62","Vermont","5/26/20","62","0","50001","0"
"Bennington","0","62","Vermont","5/26/20","60","2","50003","3.33"
"Caledonia","0","15","Vermont","5/26/20","14","1","50005","7.14"
"Chittenden","1","444","Vermont","5/26/20","439","5","50007","1.14"
"Essex","0","3","Vermont","5/26/20","2","1","50009","50"
"Franklin","0","99","Vermont","5/26/20","99","0","50011","0"
"Grand Isle","0","7","Vermont","5/26/20","4","3","50013","75"
"Lamoille","0","29","Vermont","5/26/20","28","1","50015","3.57"
"Orange","0","8","Vermont","5/26/20","8","0","50017","0"
"Orleans","0","10","Vermont","5/26/20","9","1","50019","11.11"
"Rutland","0","53","Vermont","5/26/20","50","3","50021","6"
"Washington","0","39","Vermont","5/26/20","38","1","50023","2.63"
"Windham","0","80","Vermont","5/26/20","77","3","50025","3.9"
"Windsor","0","51","Vermont","5/26/20","48","3","50027","6.25"
"","0","69","Virgin Islands","5/26/20","69","0",,"0"
"Accomack","8","758","Virginia","5/26/20","701","57","51001","8.13"
"Albemarle","3","161","Virginia","5/26/20","141","20","51003","14.18"
"Alexandria","34","1785","Virginia","5/26/20","1544","241","51510","15.61"
"Alleghany","1","16","Virginia","5/26/20","9","7","51005","77.78"
"Amelia","0","23","Virginia","5/26/20","20","3","51007","15"
"Amherst","0","26","Virginia","5/26/20","25","1","51009","4"
"Appomattox","0","26","Virginia","5/26/20","24","2","51011","8.33"
"Arlington","35","1935","Virginia","5/26/20","1688","247","51013","14.63"
"Augusta","2","100","Virginia","5/26/20","87","13","51015","14.94"
"Bedford","0","43","Virginia","5/26/20","41","2","51019","4.88"
"Botetourt","0","32","Virginia","5/26/20","31","1","51023","3.23"
"Bristol","0","4","Virginia","5/26/20","3","1","51520","33.33"
"Brunswick","0","21","Virginia","5/26/20","21","0","51025","0"
"Buchanan","0","19","Virginia","5/26/20","18","1","51027","5.56"
"Buckingham","4","445","Virginia","5/26/20","419","26","51029","6.21"
"Buena Vista","0","13","Virginia","5/26/20","11","2","51530","18.18"
"Campbell","0","15","Virginia","5/26/20","13","2","51031","15.38"
"Caroline","1","53","Virginia","5/26/20","44","9","51033","20.45"
"Carroll","5","84","Virginia","5/26/20","50","34","51035","68"
"Charles City","0","27","Virginia","5/26/20","24","3","51036","12.5"
"Charlotte","1","23","Virginia","5/26/20","14","9","51037","64.29"
"Charlottesville","3","90","Virginia","5/26/20","72","18","51540","25"
"Chesapeake","9","459","Virginia","5/26/20","396","63","51550","15.91"
"Chesterfield","24","1213","Virginia","5/26/20","1043","170","51041","16.3"
"Clarke","0","22","Virginia","5/26/20","19","3","51043","15.79"
"Colonial Heights","1","85","Virginia","5/26/20","77","8","51570","10.39"
"Covington","0","3","Virginia","5/26/20","2","1","51580","50"
"Craig","0","5","Virginia","5/26/20","4","1","51045","25"
"Culpeper","27","638","Virginia","5/26/20","452","186","51047","41.15"
"Cumberland","1","31","Virginia","5/26/20","25","6","51049","24"
"Danville","1","48","Virginia","5/26/20","44","4","51590","9.09"
"Dinwiddie","1","55","Virginia","5/26/20","45","10","51053","22.22"
"Emporia","1","62","Virginia","5/26/20","58","4","51595","6.9"
"Essex","1","44","Virginia","5/26/20","35","9","51057","25.71"
"Fairfax","260","9839","Virginia","5/26/20","8020","1819","51059","22.68"
"Fairfax City","2","59","Virginia","5/26/20","47","12","51600","25.53"
"Falls Church","1","49","Virginia","5/26/20","44","5","51610","11.36"
"Fauquier","8","300","Virginia","5/26/20","243","57","51061","23.46"
"Floyd","0","5","Virginia","5/26/20","4","1","51063","25"
"Fluvanna","1","87","Virginia","5/26/20","82","5","51065","6.1"
"Franklin","1","34","Virginia","5/26/20","30","4","51067","13.33"
"Franklin City","1","39","Virginia","5/26/20","32","7","51620","21.88"
"Frederick","7","272","Virginia","5/26/20","223","49","51069","21.97"
"Fredericksburg","5","136","Virginia","5/26/20","101","35","51630","34.65"
"Galax","3","104","Virginia","5/26/20","82","22","51640","26.83"
"Giles","0","5","Virginia","5/26/20","5","0","51071","0"
"Gloucester","0","30","Virginia","5/26/20","28","2","51073","7.14"
"Goochland","1","93","Virginia","5/26/20","88","5","51075","5.68"
"Grayson","1","31","Virginia","5/26/20","21","10","51077","47.62"
"Greene","1","25","Virginia","5/26/20","19","6","51079","31.58"
"Greensville","0","57","Virginia","5/26/20","54","3","51081","5.56"
"Halifax","0","30","Virginia","5/26/20","29","1","51083","3.45"
"Hampton","3","183","Virginia","5/26/20","164","19","51650","11.59"
"Hanover","10","301","Virginia","5/26/20","232","69","51085","29.74"
"Harrisonburg","14","742","Virginia","5/26/20","647","95","51660","14.68"
"Henrico","35","1546","Virginia","5/26/20","1299","247","51087","19.01"
"Henry","5","84","Virginia","5/26/20","46","38","51089","82.61"
"Highland","0","3","Virginia","5/26/20","2","1","51091","50"
"Hopewell","2","73","Virginia","5/26/20","58","15","51670","25.86"
"Isle of Wight","1","125","Virginia","5/26/20","119","6","51093","5.04"
"James City","2","200","Virginia","5/26/20","189","11","51095","5.82"
"King and Queen","0","7","Virginia","5/26/20","7","0","51097","0"
"King George","2","60","Virginia","5/26/20","48","12","51099","25"
"King William","1","24","Virginia","5/26/20","15","9","51101","60"
"Lancaster","0","10","Virginia","5/26/20","7","3","51103","42.86"
"Lee","0","9","Virginia","5/26/20","10","-1","51105","-10"
"Lexington","0","6","Virginia","5/26/20","6","0","51678","0"
"Loudoun","94","2186","Virginia","5/26/20","1527","659","51107","43.16"
"Louisa","2","73","Virginia","5/26/20","60","13","51109","21.67"
"Lunenburg","0","10","Virginia","5/26/20","7","3","51111","42.86"
"Lynchburg","1","79","Virginia","5/26/20","75","4","51680","5.33"
"Madison","1","37","Virginia","5/26/20","27","10","51113","37.04"
"Manassas","39","956","Virginia","5/26/20","680","276","51683","40.59"
"Manassas Park","11","277","Virginia","5/26/20","202","75","51685","37.13"
"Martinsville","2","27","Virginia","5/26/20","16","11","51690","68.75"
"Mathews","0","5","Virginia","5/26/20","5","0","51115","0"
"Mecklenburg","5","211","Virginia","5/26/20","178","33","51117","18.54"
"Middlesex","0","14","Virginia","5/26/20","12","2","51119","16.67"
"Montgomery","0","69","Virginia","5/26/20","66","3","51121","4.55"
"Nelson","0","15","Virginia","5/26/20","13","2","51125","15.38"
"New Kent","1","35","Virginia","5/26/20","27","8","51127","29.63"
"Newport News","6","250","Virginia","5/26/20","209","41","51700","19.62"
"Norfolk","11","450","Virginia","5/26/20","370","80","51710","21.62"
"Northampton","2","221","Virginia","5/26/20","204","17","51131","8.33"
"Northumberland","0","23","Virginia","5/26/20","20","3","51133","15"
"Norton","0","2","Virginia","5/26/20","2","0","51720","0"
"Nottoway","0","20","Virginia","5/26/20","18","2","51135","11.11"
"Orange","3","86","Virginia","5/26/20","67","19","51137","28.36"
"Page","5","199","Virginia","5/26/20","165","34","51139","20.61"
"Patrick","1","14","Virginia","5/26/20","9","5","51141","55.56"
"Petersburg","3","96","Virginia","5/26/20","75","21","51730","28"
"Pittsylvania","1","35","Virginia","5/26/20","26","9","51143","34.62"
"Poquoson","0","7","Virginia","5/26/20","7","0","51735","0"
"Portsmouth","6","281","Virginia","5/26/20","237","44","51740","18.57"
"Powhatan","1","29","Virginia","5/26/20","25","4","51145","16"
"Prince Edward","6","122","Virginia","5/26/20","83","39","51147","46.99"
"Prince George","2","71","Virginia","5/26/20","56","15","51149","26.79"
"Prince William","151","4992","Virginia","5/26/20","3934","1058","51153","26.89"
"Pulaski","0","12","Virginia","5/26/20","10","2","51155","20"
"Radford","1","7","Virginia","5/26/20","3","4","51750","133.33"
"Rappahannock","0","13","Virginia","5/26/20","12","1","51157","8.33"
"Richmond","2","278","Virginia","5/26/20","265","13","51159","4.91"
"Richmond City","40","1089","Virginia","5/26/20","811","278","51760","34.28"
"Roanoke","1","96","Virginia","5/26/20","88","8","51161","9.09"
"Roanoke City","2","146","Virginia","5/26/20","135","11","51770","8.15"
"Rockbridge","1","17","Virginia","5/26/20","13","4","51163","30.77"
"Rockingham","11","478","Virginia","5/26/20","401","77","51165","19.2"
"Russell","0","8","Virginia","5/26/20","8","0","51167","0"
"Salem","0","32","Virginia","5/26/20","33","-1","51775","-3.03"
"Scott","0","7","Virginia","5/26/20","7","0","51169","0"
"Shenandoah","7","378","Virginia","5/26/20","329","49","51171","14.89"
"Smyth","0","15","Virginia","5/26/20","15","0","51173","0"
"Southampton","1","143","Virginia","5/26/20","137","6","51175","4.38"
"Spotsylvania","18","463","Virginia","5/26/20","339","124","51177","36.58"
"Stafford","20","642","Virginia","5/26/20","501","141","51179","28.14"
"Staunton","1","36","Virginia","5/26/20","32","4","51790","12.5"
"Suffolk","5","303","Virginia","5/26/20","269","34","51800","12.64"
"Surry","0","7","Virginia","5/26/20","6","1","51181","16.67"
"Sussex","5","135","Virginia","5/26/20","98","37","51183","37.76"
"Tazewell","0","6","Virginia","5/26/20","6","0","51185","0"
"Virginia Beach","11","638","Virginia","5/26/20","559","79","51810","14.13"
"Warren","2","117","Virginia","5/26/20","103","14","51187","13.59"
"Washington","0","51","Virginia","5/26/20","50","1","51191","2"
"Waynesboro","2","41","Virginia","5/26/20","28","13","51820","46.43"
"Westmoreland","2","54","Virginia","5/26/20","43","11","51193","25.58"
"Williamsburg","0","43","Virginia","5/26/20","43","0","51830","0"
"Winchester","7","147","Virginia","5/26/20","96","51","51840","53.12"
"Wise","0","24","Virginia","5/26/20","23","1","51195","4.35"
"Wythe","1","21","Virginia","5/26/20","16","5","51197","31.25"
"York","1","71","Virginia","5/26/20","63","8","51199","12.7"
"Adams","0","53","Washington","5/26/20","50","3","53001","6"
"Asotin","0","19","Washington","5/26/20","18","1","53003","5.56"
"Benton","11","727","Washington","5/26/20","652","75","53005","11.5"
"Chelan","7","233","Washington","5/26/20","182","51","53007","28.02"
"Clallam","1","25","Washington","5/26/20","21","4","53009","19.05"
"Clark","4","421","Washington","5/26/20","391","30","53011","7.67"
"Columbia","0","1","Washington","5/26/20","1","0","53013","0"
"Cowlitz","1","73","Washington","5/26/20","69","4","53015","5.8"
"Douglas","4","157","Washington","5/26/20","130","27","53017","20.77"
"Ferry","0","1","Washington","5/26/20","1","0","53019","0"
"Franklin","7","510","Washington","5/26/20","464","46","53021","9.91"
"Grant","1","190","Washington","5/26/20","186","4","53025","2.15"
"Grays Harbor","0","16","Washington","5/26/20","15","1","53027","6.67"
"Island","0","177","Washington","5/26/20","176","1","53029","0.57"
"Jefferson","0","30","Washington","5/26/20","30","0","53031","0"
"King","39","7835","Washington","5/26/20","7565","270","53033","3.57"
"Kitsap","0","161","Washington","5/26/20","161","0","53035","0"
"Kittitas","2","75","Washington","5/26/20","61","14","53037","22.95"
"Klickitat","0","24","Washington","5/26/20","25","-1","53039","-4"
"Lewis","0","35","Washington","5/26/20","35","0","53041","0"
"Lincoln","0","2","Washington","5/26/20","2","0","53043","0"
"Mason","0","34","Washington","5/26/20","33","1","53045","3.03"
"Okanogan","1","44","Washington","5/26/20","40","4","53047","10"
"Pacific","0","9","Washington","5/26/20","9","0","53049","0"
"Pend Oreille","0","3","Washington","5/26/20","2","1","53051","50"
"Pierce","9","1766","Washington","5/26/20","1704","62","53053","3.64"
"San Juan","0","15","Washington","5/26/20","15","0","53055","0"
"Skagit","0","427","Washington","5/26/20","426","1","53057","0.23"
"Skamania","0","3","Washington","5/26/20","3","0","53059","0"
"Snohomish","14","2916","Washington","5/26/20","2818","98","53061","3.48"
"Spokane","12","497","Washington","5/26/20","411","86","53063","20.92"
"Stevens","0","10","Washington","5/26/20","10","0","53065","0"
"Thurston","1","130","Washington","5/26/20","124","6","53067","4.84"
"Wahkiakum","0","4","Washington","5/26/20","4","0","53069","0"
"Walla Walla","0","108","Washington","5/26/20","106","2","53071","1.89"
"Whatcom","3","378","Washington","5/26/20","359","19","53073","5.29"
"Whitman","0","16","Washington","5/26/20","16","0","53075","0"
"Yakima","81","3008","Washington","5/26/20","2444","564","53077","23.08"
"Barbour","0","7","West Virginia","5/26/20","7","0","54001","0"
"Berkeley","10","286","West Virginia","5/26/20","215","71","54003","33.02"
"Boone","0","9","West Virginia","5/26/20","9","0","54005","0"
"Braxton","0","2","West Virginia","5/26/20","2","0","54007","0"
"Brooke","0","3","West Virginia","5/26/20","3","0","54009","0"
"Cabell","0","59","West Virginia","5/26/20","56","3","54011","5.36"
"Calhoun","0","2","West Virginia","5/26/20","2","0","54013","0"
"Clay","0","2","West Virginia","5/26/20","2","0","54015","0"
"Fayette","1","45","West Virginia","5/26/20","38","7","54019","18.42"
"Gilmer","0","10","West Virginia","5/26/20","8","2","54021","25"
"Grant","1","11","West Virginia","5/26/20","6","5","54023","83.33"
"Greenbrier","0","9","West Virginia","5/26/20","9","0","54025","0"
"Hampshire","1","21","West Virginia","5/26/20","12","9","54027","75"
"Hancock","1","18","West Virginia","5/26/20","12","6","54029","50"
"Hardy","1","37","West Virginia","5/26/20","31","6","54031","19.35"
"Harrison","1","39","West Virginia","5/26/20","35","4","54033","11.43"
"Jackson","0","135","West Virginia","5/26/20","135","0","54035","0"
"Jefferson","8","154","West Virginia","5/26/20","101","53","54037","52.48"
"Kanawha","1","212","West Virginia","5/26/20","203","9","54039","4.43"
"Lewis","0","5","West Virginia","5/26/20","5","0","54041","0"
"Lincoln","0","5","West Virginia","5/26/20","5","0","54043","0"
"Logan","0","16","West Virginia","5/26/20","15","1","54045","6.67"
"Marion","0","50","West Virginia","5/26/20","48","2","54049","4.17"
"Marshall","0","27","West Virginia","5/26/20","25","2","54051","8"
"Mason","0","16","West Virginia","5/26/20","15","1","54053","6.67"
"McDowell","0","6","West Virginia","5/26/20","6","0","54047","0"
"Mercer","0","13","West Virginia","5/26/20","13","0","54055","0"
"Mineral","1","38","West Virginia","5/26/20","29","9","54057","31.03"
"Mingo","0","5","West Virginia","5/26/20","3","2","54059","66.67"
"Monongalia","1","121","West Virginia","5/26/20","116","5","54061","4.31"
"Monroe","0","7","West Virginia","5/26/20","6","1","54063","16.67"
"Morgan","0","18","West Virginia","5/26/20","17","1","54065","5.88"
"Nicholas","0","10","West Virginia","5/26/20","9","1","54067","11.11"
"Ohio","0","39","West Virginia","5/26/20","37","2","54069","5.41"
"Pendleton","1","9","West Virginia","5/26/20","5","4","54071","80"
"Pleasants","0","4","West Virginia","5/26/20","2","2","54073","100"
"Pocahontas","2","24","West Virginia","5/26/20","8","16","54075","200"
"Preston","1","21","West Virginia","5/26/20","15","6","54077","40"
"Putnam","0","32","West Virginia","5/26/20","29","3","54079","10.34"
"Raleigh","0","15","West Virginia","5/26/20","12","3","54081","25"
"Randolph","4","36","West Virginia","5/26/20","7","29","54083","414.29"
"Ritchie","0","1","West Virginia","5/26/20","1","0","54085","0"
"Roane","0","8","West Virginia","5/26/20","9","-1","54087","-11.11"
"Summers","0","2","West Virginia","5/26/20","1","1","54089","100"
"Taylor","0","8","West Virginia","5/26/20","8","0","54091","0"
"Tucker","0","4","West Virginia","5/26/20","4","0","54093","0"
"Tyler","0","3","West Virginia","5/26/20","3","0","54095","0"
"Upshur","0","7","West Virginia","5/26/20","6","1","54097","16.67"
"Wayne","0","97","West Virginia","5/26/20","96","1","54099","1.04"
"Wetzel","0","8","West Virginia","5/26/20","7","1","54103","14.29"
"Wirt","0","4","West Virginia","5/26/20","3","1","54105","33.33"
"Wood","0","51","West Virginia","5/26/20","48","3","54107","6.25"
"Wyoming","0","3","West Virginia","5/26/20","3","0","54109","0"
"Adams","0","4","Wisconsin","5/26/20","4","0","55001","0"
"Ashland","0","2","Wisconsin","5/26/20","2","0","55003","0"
"Barron","0","12","Wisconsin","5/26/20","11","1","55005","9.09"
"Bayfield","0","3","Wisconsin","5/26/20","3","0","55007","0"
"Brown","19","2249","Wisconsin","5/26/20","2118","131","55009","6.19"
"Buffalo","0","5","Wisconsin","5/26/20","5","0","55011","0"
"Burnett","0","1","Wisconsin","5/26/20","1","0","55013","0"
"Calumet","2","73","Wisconsin","5/26/20","58","15","55015","25.86"
"Chippewa","2","54","Wisconsin","5/26/20","42","12","55017","28.57"
"Clark","0","28","Wisconsin","5/26/20","29","-1","55019","-3.45"
"Columbia","0","38","Wisconsin","5/26/20","36","2","55021","5.56"
"Crawford","0","26","Wisconsin","5/26/20","23","3","55023","13.04"
"Dane","13","630","Wisconsin","5/26/20","541","89","55025","16.45"
"Dodge","8","162","Wisconsin","5/26/20","109","53","55027","48.62"
"Door","1","38","Wisconsin","5/26/20","33","5","55029","15.15"
"Douglas","1","19","Wisconsin","5/26/20","15","4","55031","26.67"
"Dunn","0","23","Wisconsin","5/26/20","20","3","55033","15"
"Eau Claire","4","100","Wisconsin","5/26/20","75","25","55035","33.33"
"Florence","0","2","Wisconsin","5/26/20","2","0","55037","0"
"Fond du Lac","5","179","Wisconsin","5/26/20","145","34","55039","23.45"
"Forest","0","12","Wisconsin","5/26/20","9","3","55041","33.33"
"Grant","2","87","Wisconsin","5/26/20","75","12","55043","16"
"Green","1","55","Wisconsin","5/26/20","46","9","55045","19.57"
"Green Lake","1","15","Wisconsin","5/26/20","11","4","55047","36.36"
"Iowa","0","12","Wisconsin","5/26/20","11","1","55049","9.09"
"Iron","0","2","Wisconsin","5/26/20","2","0","55051","0"
"Jackson","0","14","Wisconsin","5/26/20","15","-1","55053","-6.67"
"Jefferson","4","90","Wisconsin","5/26/20","62","28","55055","45.16"
"Juneau","0","22","Wisconsin","5/26/20","22","0","55057","0"
"Kenosha","20","1008","Wisconsin","5/26/20","866","142","55059","16.4"
"Kewaunee","0","33","Wisconsin","5/26/20","31","2","55061","6.45"
"La Crosse","1","51","Wisconsin","5/26/20","47","4","55063","8.51"
"Lafayette","1","25","Wisconsin","5/26/20","16","9","55065","56.25"
"Langlade","0","3","Wisconsin","5/26/20","0","3","55067","1"
"Lincoln","0","5","Wisconsin","5/26/20","3","2","55069","66.67"
"Manitowoc","1","31","Wisconsin","5/26/20","25","6","55071","24"
"Marathon","1","42","Wisconsin","5/26/20","34","8","55073","23.53"
"Marinette","1","32","Wisconsin","5/26/20","25","7","55075","28"
"Marquette","0","3","Wisconsin","5/26/20","3","0","55077","0"
"Menominee","0","3","Wisconsin","5/26/20","2","1","55078","50"
"Milwaukee","206","6517","Wisconsin","5/26/20","5076","1441","55079","28.39"
"Monroe","0","16","Wisconsin","5/26/20","15","1","55081","6.67"
"Oconto","1","34","Wisconsin","5/26/20","30","4","55083","13.33"
"Oneida","0","7","Wisconsin","5/26/20","7","0","55085","0"
"Outagamie","7","196","Wisconsin","5/26/20","146","50","55087","34.25"
"Ozaukee","2","138","Wisconsin","5/26/20","125","13","55089","10.4"
"Pepin","0","1","Wisconsin","5/26/20","1","0","55091","0"
"Pierce","3","43","Wisconsin","5/26/20","22","21","55093","95.45"
"Polk","1","16","Wisconsin","5/26/20","7","9","55095","128.57"
"Portage","0","10","Wisconsin","5/26/20","7","3","55097","42.86"
"Price","0","2","Wisconsin","5/26/20","1","1","55099","100"
"Racine","48","1395","Wisconsin","5/26/20","1061","334","55101","31.48"
"Richland","0","14","Wisconsin","5/26/20","14","0","55103","0"
"Rock","21","583","Wisconsin","5/26/20","438","145","55105","33.11"
"Rusk","0","4","Wisconsin","5/26/20","4","0","55107","0"
"Sauk","0","77","Wisconsin","5/26/20","77","0","55111","0"
"Sawyer","0","7","Wisconsin","5/26/20","4","3","55113","75"
"Shawano","1","38","Wisconsin","5/26/20","33","5","55115","15.15"
"Sheboygan","2","83","Wisconsin","5/26/20","70","13","55117","18.57"
"St. Croix","3","70","Wisconsin","5/26/20","48","22","55109","45.83"
"Taylor","0","1","Wisconsin","5/26/20","0","1","55119","1"
"Trempealeau","1","21","Wisconsin","5/26/20","11","10","55121","90.91"
"Vernon","1","17","Wisconsin","5/26/20","12","5","55123","41.67"
"Vilas","0","6","Wisconsin","5/26/20","4","2","55125","50"
"Walworth","9","351","Wisconsin","5/26/20","287","64","55127","22.3"
"Washburn","0","2","Wisconsin","5/26/20","1","1","55129","100"
"Washington","8","209","Wisconsin","5/26/20","155","54","55131","34.84"
"Waukesha","12","578","Wisconsin","5/26/20","492","86","55133","17.48"
"Waupaca","1","26","Wisconsin","5/26/20","19","7","55135","36.84"
"Waushara","0","8","Wisconsin","5/26/20","7","1","55137","14.29"
"Winnebago","9","191","Wisconsin","5/26/20","126","65","55139","51.59"
"Wood","0","9","Wisconsin","5/26/20","8","1","55141","12.5"
"Albany","2","23","Wyoming","5/26/20","10","13","56001","130"
"Big Horn","0","5","Wyoming","5/26/20","3","2","56003","66.67"
"Campbell","0","30","Wyoming","5/26/20","29","1","56005","3.45"
"Carbon","0","16","Wyoming","5/26/20","15","1","56007","6.67"
"Converse","0","24","Wyoming","5/26/20","24","0","56009","0"
"Crook","0","5","Wyoming","5/26/20","5","0","56011","0"
"Fremont","3","250","Wyoming","5/26/20","228","22","56013","9.65"
"Goshen","0","5","Wyoming","5/26/20","5","0","56015","0"
"Hot Springs","0","10","Wyoming","5/26/20","7","3","56017","42.86"
"Johnson","0","18","Wyoming","5/26/20","16","2","56019","12.5"
"Laramie","0","183","Wyoming","5/26/20","183","0","56021","0"
"Lincoln","0","15","Wyoming","5/26/20","14","1","56023","7.14"
"Natrona","1","72","Wyoming","5/26/20","64","8","56025","12.5"
"Niobrara","0","2","Wyoming","5/26/20","2","0","56027","0"
"Park","0","2","Wyoming","5/26/20","1","1","56029","100"
"Platte","0","1","Wyoming","5/26/20","0","1","56031","1"
"Sheridan","0","16","Wyoming","5/26/20","16","0","56033","0"
"Sublette","0","3","Wyoming","5/26/20","3","0","56035","0"
"Sweetwater","0","25","Wyoming","5/26/20","24","1","56037","4.17"
"Teton","0","100","Wyoming","5/26/20","100","0","56039","0"
"Uinta","0","12","Wyoming","5/26/20","11","1","56041","9.09"
"Washakie","2","33","Wyoming","5/26/20","16","17","56043","106.25"
