"Locality","DailyAvgNewCasesPast7Days","TotalCases","State","Date","TotalCases7DaysAgo","NewCasesPast7Days","FIPS-Code","PercentIncreaseTotalCasesPast7Days"
"Autauga","9","216","Alabama","5/30/20","155","61","01001","39.35"
"Baldwin","1","283","Alabama","5/30/20","273","10","01003","3.66"
"Barbour","6","150","Alabama","5/30/20","105","45","01005","42.86"
"Bibb","2","72","Alabama","5/30/20","58","14","01007","24.14"
"Blount","2","61","Alabama","5/30/20","49","12","01009","24.49"
"Bullock","14","203","Alabama","5/30/20","105","98","01011","93.33"
"Butler","10","402","Alabama","5/30/20","335","67","01013","20"
"Calhoun","2","154","Alabama","5/30/20","138","16","01015","11.59"
"Chambers","3","353","Alabama","5/30/20","330","23","01017","6.97"
"Cherokee","1","37","Alabama","5/30/20","33","4","01019","12.12"
"Chilton","2","100","Alabama","5/30/20","86","14","01021","16.28"
"Choctaw","2","151","Alabama","5/30/20","139","12","01023","8.63"
"Clarke","6","142","Alabama","5/30/20","97","45","01025","46.39"
"Clay","0","27","Alabama","5/30/20","27","0","01027","0"
"Cleburne","0","14","Alabama","5/30/20","13","1","01029","7.69"
"Coffee","5","229","Alabama","5/30/20","196","33","01031","16.84"
"Colbert","8","178","Alabama","5/30/20","125","53","01033","42.4"
"Conecuh","2","39","Alabama","5/30/20","25","14","01035","56"
"Coosa","1","38","Alabama","5/30/20","33","5","01037","15.15"
"Covington","2","77","Alabama","5/30/20","63","14","01039","22.22"
"Crenshaw","3","76","Alabama","5/30/20","58","18","01041","31.03"
"Cullman","7","126","Alabama","5/30/20","74","52","01043","70.27"
"Dale","4","110","Alabama","5/30/20","80","30","01045","37.5"
"Dallas","10","260","Alabama","5/30/20","191","69","01047","36.13"
"DeKalb","4","243","Alabama","5/30/20","214","29","01049","13.55"
"Elmore","12","339","Alabama","5/30/20","254","85","01051","33.46"
"Escambia","2","57","Alabama","5/30/20","40","17","01053","42.5"
"Etowah","3","248","Alabama","5/30/20","228","20","01055","8.77"
"Fayette","1","15","Alabama","5/30/20","11","4","01057","36.36"
"Franklin","16","545","Alabama","5/30/20","434","111","01059","25.58"
"Geneva","1","40","Alabama","5/30/20","31","9","01061","29.03"
"Greene","1","94","Alabama","5/30/20","90","4","01063","4.44"
"Hale","5","159","Alabama","5/30/20","122","37","01065","30.33"
"Henry","3","74","Alabama","5/30/20","52","22","01067","42.31"
"Houston","7","209","Alabama","5/30/20","161","48","01069","29.81"
"Jackson","1","77","Alabama","5/30/20","69","8","01071","11.59"
"Jefferson","30","1780","Alabama","5/30/20","1573","207","01073","13.16"
"Lamar","1","23","Alabama","5/30/20","18","5","01075","27.78"
"Lauderdale","5","161","Alabama","5/30/20","126","35","01077","27.78"
"Lawrence","1","48","Alabama","5/30/20","41","7","01079","17.07"
"Lee","7","540","Alabama","5/30/20","488","52","01081","10.66"
"Limestone","3","94","Alabama","5/30/20","72","22","01083","30.56"
"Lowndes","8","238","Alabama","5/30/20","182","56","01085","30.77"
"Macon","2","75","Alabama","5/30/20","58","17","01087","29.31"
"Madison","5","327","Alabama","5/30/20","292","35","01089","11.99"
"Marengo","4","163","Alabama","5/30/20","132","31","01091","23.48"
"Marion","2","121","Alabama","5/30/20","109","12","01093","11.01"
"Marshall","6","687","Alabama","5/30/20","644","43","01095","6.68"
"Mobile","31","2191","Alabama","5/30/20","1973","218","01097","11.05"
"Monroe","2","37","Alabama","5/30/20","26","11","01099","42.31"
"Montgomery","70","1632","Alabama","5/30/20","1141","491","01101","43.03"
"Morgan","13","251","Alabama","5/30/20","157","94","01103","59.87"
"Perry","1","37","Alabama","5/30/20","29","8","01105","27.59"
"Pickens","3","111","Alabama","5/30/20","88","23","01107","26.14"
"Pike","10","198","Alabama","5/30/20","128","70","01109","54.69"
"Randolph","0","125","Alabama","5/30/20","124","1","01111","0.81"
"Russell","6","167","Alabama","5/30/20","125","42","01113","33.6"
"Shelby","11","503","Alabama","5/30/20","426","77","01117","18.08"
"St. Clair","3","118","Alabama","5/30/20","100","18","01115","18"
"Sumter","5","220","Alabama","5/30/20","185","35","01119","18.92"
"Talladega","3","109","Alabama","5/30/20","86","23","01121","26.74"
"Tallapoosa","4","423","Alabama","5/30/20","392","31","01123","7.91"
"Tuscaloosa","37","738","Alabama","5/30/20","479","259","01125","54.07"
"Walker","22","344","Alabama","5/30/20","191","153","01127","80.1"
"Washington","1","68","Alabama","5/30/20","64","4","01129","6.25"
"Wilcox","4","144","Alabama","5/30/20","113","31","01131","27.43"
"Winston","4","88","Alabama","5/30/20","61","27","01133","44.26"
"Anchorage","1","214","Alaska","5/30/20","206","8","02020","3.88"
"Bethel","0","3","Alaska","5/30/20","2","1","02050","50"
"Fairbanks North Star","0","85","Alaska","5/30/20","85","0","02090","0"
"Juneau","0","33","Alaska","5/30/20","31","2","02110","6.45"
"Kenai Peninsula","2","38","Alaska","5/30/20","26","12","02122","46.15"
"Ketchikan Gateway","0","16","Alaska","5/30/20","16","0","02130","0"
"Kodiak Island","0","1","Alaska","5/30/20","1","0","02150","0"
"Matanuska-Susitna","0","25","Alaska","5/30/20","24","1","02170","4.17"
"Nome","0","3","Alaska","5/30/20","3","0","02180","0"
"North Slope","0","1","Alaska","5/30/20","0","1","02185","1"
"Northwest Arctic","0","2","Alaska","5/30/20","2","0","02188","0"
"Petersburg","0","4","Alaska","5/30/20","4","0","02195","0"
"Prince of Wales-Hyder","0","2","Alaska","5/30/20","2","0","02198","0"
"Sitka","0","2","Alaska","5/30/20","1","1","02220","100"
"Southeast Fairbanks","0","3","Alaska","5/30/20","3","0","02240","0"
"Yukon-Koyukuk","0","1","Alaska","5/30/20","1","0","02290","0"
"Apache","50","1491","Arizona","5/30/20","1144","347","04001","30.33"
"Cochise","2","72","Arizona","5/30/20","58","14","04003","24.14"
"Coconino","18","1123","Arizona","5/30/20","1000","123","04005","12.3"
"Gila","1","30","Arizona","5/30/20","23","7","04007","30.43"
"Graham","1","28","Arizona","5/30/20","21","7","04009","33.33"
"Greenlee","0","4","Arizona","5/30/20","3","1","04011","33.33"
"La Paz","3","70","Arizona","5/30/20","49","21","04012","42.86"
"Maricopa","192","9522","Arizona","5/30/20","8177","1345","04013","16.45"
"Mohave","11","383","Arizona","5/30/20","303","80","04015","26.4"
"Navajo","49","1833","Arizona","5/30/20","1491","342","04017","22.94"
"Pima","41","2290","Arizona","5/30/20","2002","288","04019","14.39"
"Pinal","12","837","Arizona","5/30/20","751","86","04021","11.45"
"Santa Cruz","22","297","Arizona","5/30/20","143","154","04023","107.69"
"Yavapai","2","296","Arizona","5/30/20","284","12","04025","4.23"
"Yuma","54","982","Arizona","5/30/20","604","378","04027","62.58"
"Arkansas","0","5","Arkansas","5/30/20","2","3","05001","150"
"Ashley","0","19","Arkansas","5/30/20","19","0","05003","0"
"Baxter","1","11","Arkansas","5/30/20","6","5","05005","83.33"
"Benton","39","507","Arkansas","5/30/20","237","270","05007","113.92"
"Boone","0","6","Arkansas","5/30/20","6","0","05009","0"
"Bradley","0","18","Arkansas","5/30/20","16","2","05011","12.5"
"Carroll","2","24","Arkansas","5/30/20","10","14","05015","140"
"Chicot","0","15","Arkansas","5/30/20","12","3","05017","25"
"Clark","0","39","Arkansas","5/30/20","36","3","05019","8.33"
"Clay","0","4","Arkansas","5/30/20","4","0","05021","0"
"Cleburne","0","73","Arkansas","5/30/20","73","0","05023","0"
"Cleveland","0","19","Arkansas","5/30/20","18","1","05025","5.56"
"Columbia","1","25","Arkansas","5/30/20","20","5","05027","25"
"Conway","0","14","Arkansas","5/30/20","14","0","05029","0"
"Craighead","4","212","Arkansas","5/30/20","181","31","05031","17.13"
"Crawford","2","24","Arkansas","5/30/20","13","11","05033","84.62"
"Crittenden","12","367","Arkansas","5/30/20","280","87","05035","31.07"
"Cross","1","51","Arkansas","5/30/20","42","9","05037","21.43"
"Dallas","0","1","Arkansas","5/30/20","1","0","05039","0"
"Desha","0","19","Arkansas","5/30/20","19","0","05041","0"
"Drew","0","19","Arkansas","5/30/20","19","0","05043","0"
"Faulkner","0","102","Arkansas","5/30/20","100","2","05045","2"
"Franklin","0","4","Arkansas","5/30/20","4","0","05047","0"
"Fulton","0","7","Arkansas","5/30/20","6","1","05049","16.67"
"Garland","0","136","Arkansas","5/30/20","133","3","05051","2.26"
"Grant","0","18","Arkansas","5/30/20","16","2","05053","12.5"
"Greene","3","64","Arkansas","5/30/20","45","19","05055","42.22"
"Hempstead","0","16","Arkansas","5/30/20","13","3","05057","23.08"
"Hot Spring","0","32","Arkansas","5/30/20","29","3","05059","10.34"
"Howard","1","20","Arkansas","5/30/20","15","5","05061","33.33"
"Independence","0","31","Arkansas","5/30/20","29","2","05063","6.9"
"Izard","0","16","Arkansas","5/30/20","14","2","05065","14.29"
"Jackson","0","1","Arkansas","5/30/20","1","0","05067","0"
"Jefferson","2","517","Arkansas","5/30/20","504","13","05069","2.58"
"Johnson","1","43","Arkansas","5/30/20","38","5","05071","13.16"
"Lafayette","0","9","Arkansas","5/30/20","9","0","05073","0"
"Lawrence","0","84","Arkansas","5/30/20","82","2","05075","2.44"
"Lee","1","19","Arkansas","5/30/20","14","5","05077","35.71"
"Lincoln","1","978","Arkansas","5/30/20","970","8","05079","0.82"
"Little River","1","6","Arkansas","5/30/20","1","5","05081","500"
"Logan","0","6","Arkansas","5/30/20","4","2","05083","50"
"Lonoke","0","47","Arkansas","5/30/20","46","1","05085","2.17"
"Madison","3","22","Arkansas","5/30/20","3","19","05087","633.33"
"Marion","0","1","Arkansas","5/30/20","1","0","05089","0"
"Miller","0","43","Arkansas","5/30/20","42","1","05091","2.38"
"Mississippi","1","75","Arkansas","5/30/20","70","5","05093","7.14"
"Monroe","0","5","Arkansas","5/30/20","5","0","05095","0"
"Montgomery","0","2","Arkansas","5/30/20","1","1","05097","100"
"Nevada","0","5","Arkansas","5/30/20","4","1","05099","25"
"Newton","0","3","Arkansas","5/30/20","3","0","05101","0"
"Ouachita","0","10","Arkansas","5/30/20","10","0","05103","0"
"Perry","0","14","Arkansas","5/30/20","12","2","05105","16.67"
"Phillips","2","20","Arkansas","5/30/20","7","13","05107","185.71"
"Pike","0","5","Arkansas","5/30/20","4","1","05109","25"
"Poinsett","0","33","Arkansas","5/30/20","31","2","05111","6.45"
"Polk","1","17","Arkansas","5/30/20","9","8","05113","88.89"
"Pope","5","142","Arkansas","5/30/20","107","35","05115","32.71"
"Prairie","0","2","Arkansas","5/30/20","2","0","05117","0"
"Pulaski","15","876","Arkansas","5/30/20","773","103","05119","13.32"
"Randolph","0","26","Arkansas","5/30/20","26","0","05121","0"
"Saline","4","112","Arkansas","5/30/20","87","25","05125","28.74"
"Scott","0","1","Arkansas","5/30/20","1","0","05127","0"
"Searcy","0","7","Arkansas","5/30/20","6","1","05129","16.67"
"Sebastian","3","38","Arkansas","5/30/20","19","19","05131","100"
"Sevier","13","170","Arkansas","5/30/20","79","91","05133","115.19"
"Sharp","1","46","Arkansas","5/30/20","42","4","05135","9.52"
"St. Francis","6","672","Arkansas","5/30/20","628","44","05123","7.01"
"Stone","0","9","Arkansas","5/30/20","8","1","05137","12.5"
"Union","3","171","Arkansas","5/30/20","152","19","05139","12.5"
"Van Buren","0","28","Arkansas","5/30/20","28","0","05141","0"
"Washington","31","452","Arkansas","5/30/20","233","219","05143","93.99"
"White","1","44","Arkansas","5/30/20","38","6","05145","15.79"
"Woodruff","0","1","Arkansas","5/30/20","1","0","05147","0"
"Yell","6","137","Arkansas","5/30/20","94","43","05149","45.74"
"Alameda","76","3289","California","5/30/20","2760","529","06001","19.17"
"Alpine","0","2","California","5/30/20","2","0","06003","0"
"Amador","0","10","California","5/30/20","10","0","06005","0"
"Butte","1","44","California","5/30/20","34","10","06007","29.41"
"Calaveras","0","15","California","5/30/20","13","2","06009","15.38"
"Colusa","0","5","California","5/30/20","5","0","06011","0"
"Contra Costa","19","1426","California","5/30/20","1296","130","06013","10.03"
"Del Norte","3","45","California","5/30/20","23","22","06015","95.65"
"El Dorado","2","90","California","5/30/20","74","16","06017","21.62"
"Fresno","42","1714","California","5/30/20","1417","297","06019","20.96"
"Glenn","1","16","California","5/30/20","12","4","06021","33.33"
"Humboldt","1","99","California","5/30/20","93","6","06023","6.45"
"Imperial","70","1634","California","5/30/20","1145","489","06025","42.71"
"Inyo","0","20","California","5/30/20","19","1","06027","5.26"
"Kern","55","2145","California","5/30/20","1757","388","06029","22.08"
"Kings","33","735","California","5/30/20","506","229","06031","45.26"
"Lake","1","21","California","5/30/20","12","9","06033","75"
"Lassen","0","5","California","5/30/20","2","3","06035","150"
"Los Angeles","1375","53746","California","5/30/20","44121","9625","06037","21.82"
"Madera","3","104","California","5/30/20","82","22","06039","26.83"
"Marin","12","450","California","5/30/20","369","81","06041","21.95"
"Mariposa","0","16","California","5/30/20","15","1","06043","6.67"
"Mendocino","1","30","California","5/30/20","21","9","06045","42.86"
"Merced","5","283","California","5/30/20","251","32","06047","12.75"
"Mono","0","35","California","5/30/20","34","1","06051","2.94"
"Monterey","20","509","California","5/30/20","371","138","06053","37.2"
"Napa","2","112","California","5/30/20","101","11","06055","10.89"
"Nevada","0","41","California","5/30/20","41","0","06057","0"
"Orange","135","6100","California","5/30/20","5157","943","06059","18.29"
"Placer","4","214","California","5/30/20","185","29","06061","15.68"
"Plumas","0","4","California","5/30/20","4","0","06063","0"
"Riverside","146","7486","California","5/30/20","6464","1022","06065","15.81"
"Sacramento","16","1400","California","5/30/20","1289","111","06067","8.61"
"San Benito","3","87","California","5/30/20","69","18","06069","26.09"
"San Bernardino","126","5200","California","5/30/20","4315","885","06071","20.51"
"San Diego","118","7385","California","5/30/20","6559","826","06073","12.59"
"San Francisco","26","2532","California","5/30/20","2350","182","06075","7.74"
"San Joaquin","15","858","California","5/30/20","752","106","06077","14.1"
"San Luis Obispo","1","269","California","5/30/20","259","10","06079","3.86"
"San Mateo","39","2104","California","5/30/20","1833","271","06081","14.78"
"Santa Barbara","14","1649","California","5/30/20","1551","98","06083","6.32"
"Santa Clara","23","2731","California","5/30/20","2571","160","06085","6.22"
"Santa Cruz","3","212","California","5/30/20","192","20","06087","10.42"
"Shasta","0","37","California","5/30/20","36","1","06089","2.78"
"Sierra","0","1","California","5/30/20","1","0","06091","0"
"Siskiyou","0","7","California","5/30/20","6","1","06093","16.67"
"Solano","9","517","California","5/30/20","455","62","06095","13.63"
"Sonoma","12","548","California","5/30/20","467","81","06097","17.34"
"Stanislaus","11","699","California","5/30/20","621","78","06099","12.56"
"Sutter","0","43","California","5/30/20","40","3","06101","7.5"
"Tehama","0","4","California","5/30/20","3","1","06103","33.33"
"Trinity","0","1","California","5/30/20","1","0","06105","0"
"Tulare","29","1844","California","5/30/20","1641","203","06107","12.37"
"Tuolumne","0","4","California","5/30/20","2","2","06109","100"
"Ventura","24","1078","California","5/30/20","912","166","06111","18.2"
"Yolo","3","210","California","5/30/20","190","20","06113","10.53"
"Yuba","0","30","California","5/30/20","28","2","06115","7.14"
"Adams","53","3224","Colorado","5/30/20","2856","368","08001","12.89"
"Alamosa","3","74","Colorado","5/30/20","55","19","08003","34.55"
"Arapahoe","47","4353","Colorado","5/30/20","4027","326","08005","8.1"
"Archuleta","0","8","Colorado","5/30/20","8","0","08007","0"
"Baca","0","12","Colorado","5/30/20","12","0","08009","0"
"Bent","0","2","Colorado","5/30/20","2","0","08011","0"
"Boulder","7","974","Colorado","5/30/20","923","51","08013","5.53"
"Broomfield","2","236","Colorado","5/30/20","220","16","08014","7.27"
"Chaffee","0","72","Colorado","5/30/20","70","2","08015","2.86"
"Cheyenne","0","5","Colorado","5/30/20","5","0","08017","0"
"Clear Creek","0","16","Colorado","5/30/20","16","0","08019","0"
"Conejos","0","1","Colorado","5/30/20","1","0","08021","0"
"Costilla","0","6","Colorado","5/30/20","3","3","08023","100"
"Crowley","1","64","Colorado","5/30/20","57","7","08025","12.28"
"Custer","0","2","Colorado","5/30/20","2","0","08027","0"
"Delta","1","69","Colorado","5/30/20","65","4","08029","6.15"
"Denver","77","5690","Colorado","5/30/20","5151","539","08031","10.46"
"Douglas","6","715","Colorado","5/30/20","675","40","08035","5.93"
"Eagle","1","587","Colorado","5/30/20","580","7","08037","1.21"
"El Paso","32","1717","Colorado","5/30/20","1493","224","08041","15"
"Elbert","1","52","Colorado","5/30/20","48","4","08039","8.33"
"Fremont","0","26","Colorado","5/30/20","26","0","08043","0"
"Garfield","3","138","Colorado","5/30/20","120","18","08045","15"
"Gilpin","0","3","Colorado","5/30/20","3","0","08047","0"
"Grand","1","14","Colorado","5/30/20","6","8","08049","133.33"
"Gunnison","0","177","Colorado","5/30/20","178","-1","08051","-0.56"
"Hinsdale","0","3","Colorado","5/30/20","3","0","08053","0"
"Huerfano","0","3","Colorado","5/30/20","3","0","08055","0"
"Jefferson","24","2196","Colorado","5/30/20","2030","166","08059","8.18"
"Kit Carson","0","26","Colorado","5/30/20","26","0","08063","0"
"La Plata","1","80","Colorado","5/30/20","76","4","08067","5.26"
"Lake","0","29","Colorado","5/30/20","27","2","08065","7.41"
"Larimer","7","576","Colorado","5/30/20","530","46","08069","8.68"
"Las Animas","0","5","Colorado","5/30/20","5","0","08071","0"
"Lincoln","0","3","Colorado","5/30/20","3","0","08073","0"
"Logan","16","602","Colorado","5/30/20","493","109","08075","22.11"
"Mesa","0","54","Colorado","5/30/20","54","0","08077","0"
"Mineral","0","2","Colorado","5/30/20","2","0","08079","0"
"Moffat","0","7","Colorado","5/30/20","6","1","08081","16.67"
"Montezuma","1","43","Colorado","5/30/20","35","8","08083","22.86"
"Montrose","1","169","Colorado","5/30/20","159","10","08085","6.29"
"Morgan","4","628","Colorado","5/30/20","603","25","08087","4.15"
"Otero","1","18","Colorado","5/30/20","14","4","08089","28.57"
"Ouray","0","8","Colorado","5/30/20","8","0","08091","0"
"Park","0","23","Colorado","5/30/20","23","0","08093","0"
"Phillips","0","13","Colorado","5/30/20","12","1","08095","8.33"
"Pitkin","0","58","Colorado","5/30/20","57","1","08097","1.75"
"Prowers","0","13","Colorado","5/30/20","12","1","08099","8.33"
"Pueblo","4","289","Colorado","5/30/20","260","29","08101","11.15"
"Rio Blanco","0","1","Colorado","5/30/20","1","0","08103","0"
"Rio Grande","1","23","Colorado","5/30/20","16","7","08105","43.75"
"Routt","0","61","Colorado","5/30/20","59","2","08107","3.39"
"Saguache","8","79","Colorado","5/30/20","24","55","08109","229.17"
"San Juan","0","1","Colorado","5/30/20","1","0","08111","0"
"San Miguel","0","23","Colorado","5/30/20","23","0","08113","0"
"Summit","3","224","Colorado","5/30/20","203","21","08117","10.34"
"Teller","0","32","Colorado","5/30/20","32","0","08119","0"
"Washington","1","40","Colorado","5/30/20","30","10","08121","33.33"
"Weld","13","2480","Colorado","5/30/20","2391","89","08123","3.72"
"Yuma","3","35","Colorado","5/30/20","15","20","08125","133.33"
"Fairfield","73","15502","Connecticut","5/30/20","14989","513","09001","3.42"
"Hartford","95","10207","Connecticut","5/30/20","9545","662","09003","6.94"
"Litchfield","11","1381","Connecticut","5/30/20","1304","77","09005","5.9"
"Middlesex","15","1104","Connecticut","5/30/20","999","105","09007","10.51"
"New Haven","66","11309","Connecticut","5/30/20","10847","462","09009","4.26"
"New London","15","1076","Connecticut","5/30/20","970","106","09011","10.93"
"Tolland","5","833","Connecticut","5/30/20","799","34","09013","4.26"
"Windham","4","381","Connecticut","5/30/20","354","27","09015","7.63"
"Kent","19","1432","Delaware","5/30/20","1296","136","10001","10.49"
"New Castle","84","3723","Delaware","5/30/20","3132","591","10003","18.87"
"Sussex","24","4215","Delaware","5/30/20","4048","167","10005","4.13"
"","0","49","Diamond Princess","5/30/20","49","0",,"0"
"District of Columbia","107","8717","District of Columbia","5/30/20","7966","751","11001","9.43"
"Alachua","3","379","Florida","5/30/20","355","24","12001","6.76"
"Baker","0","29","Florida","5/30/20","27","2","12003","7.41"
"Bay","0","97","Florida","5/30/20","94","3","12005","3.19"
"Bradford","0","51","Florida","5/30/20","50","1","12007","2"
"Brevard","4","420","Florida","5/30/20","389","31","12009","7.97"
"Broward","60","7067","Florida","5/30/20","6649","418","12011","6.29"
"Calhoun","1","56","Florida","5/30/20","52","4","12013","7.69"
"Charlotte","5","450","Florida","5/30/20","417","33","12015","7.91"
"Citrus","0","121","Florida","5/30/20","119","2","12017","1.68"
"Clay","4","380","Florida","5/30/20","354","26","12019","7.34"
"Collier","46","1514","Florida","5/30/20","1195","319","12021","26.69"
"Columbia","3","144","Florida","5/30/20","125","19","12023","15.2"
"DeSoto","9","173","Florida","5/30/20","112","61","12027","54.46"
"Dixie","2","49","Florida","5/30/20","38","11","12029","28.95"
"Duval","29","1608","Florida","5/30/20","1406","202","12031","14.37"
"Escambia","9","810","Florida","5/30/20","749","61","12033","8.14"
"Flagler","2","185","Florida","5/30/20","173","12","12035","6.94"
"Franklin","0","2","Florida","5/30/20","2","0","12037","0"
"Gadsden","2","269","Florida","5/30/20","255","14","12039","5.49"
"Gilchrist","0","13","Florida","5/30/20","10","3","12041","30"
"Glades","1","29","Florida","5/30/20","20","9","12043","45"
"Gulf","0","1","Florida","5/30/20","1","0","12045","0"
"Hamilton","10","230","Florida","5/30/20","161","69","12047","42.86"
"Hardee","4","93","Florida","5/30/20","63","30","12049","47.62"
"Hendry","22","405","Florida","5/30/20","249","156","12051","62.65"
"Hernando","1","113","Florida","5/30/20","109","4","12053","3.67"
"Highlands","2","127","Florida","5/30/20","112","15","12055","13.39"
"Hillsborough","44","2129","Florida","5/30/20","1823","306","12057","16.79"
"Holmes","1","19","Florida","5/30/20","14","5","12059","35.71"
"Indian River","2","126","Florida","5/30/20","113","13","12061","11.5"
"Jackson","3","249","Florida","5/30/20","225","24","12063","10.67"
"Jefferson","0","29","Florida","5/30/20","29","0","12065","0"
"Lafayette","0","8","Florida","5/30/20","8","0","12067","0"
"Lake","4","298","Florida","5/30/20","271","27","12069","9.96"
"Lee","31","1894","Florida","5/30/20","1677","217","12071","12.94"
"Leon","11","406","Florida","5/30/20","330","76","12073","23.03"
"Levy","1","31","Florida","5/30/20","27","4","12075","14.81"
"Liberty","1","213","Florida","5/30/20","204","9","12077","4.41"
"Madison","0","69","Florida","5/30/20","67","2","12079","2.99"
"Manatee","11","1037","Florida","5/30/20","958","79","12081","8.25"
"Marion","2","244","Florida","5/30/20","233","11","12083","4.72"
"Martin","20","626","Florida","5/30/20","483","143","12085","29.61"
"Miami-Dade","162","17826","Florida","5/30/20","16694","1132","12086","6.78"
"Monroe","0","108","Florida","5/30/20","107","1","12087","0.93"
"Nassau","1","75","Florida","5/30/20","69","6","12089","8.7"
"Okaloosa","3","212","Florida","5/30/20","192","20","12091","10.42"
"Okeechobee","3","76","Florida","5/30/20","57","19","12093","33.33"
"Orange","30","1976","Florida","5/30/20","1768","208","12095","11.76"
"Osceola","7","698","Florida","5/30/20","648","50","12097","7.72"
"Palm Beach","108","5898","Florida","5/30/20","5140","758","12099","14.75"
"Pasco","6","381","Florida","5/30/20","341","40","12101","11.73"
"Pinellas","16","1262","Florida","5/30/20","1153","109","12103","9.45"
"Polk","22","1005","Florida","5/30/20","853","152","12105","17.82"
"Putnam","2","150","Florida","5/30/20","139","11","12107","7.91"
"Santa Rosa","5","242","Florida","5/30/20","207","35","12113","16.91"
"Sarasota","8","629","Florida","5/30/20","576","53","12115","9.2"
"Seminole","4","484","Florida","5/30/20","454","30","12117","6.61"
"St. Johns","3","256","Florida","5/30/20","238","18","12109","7.56"
"St. Lucie","11","463","Florida","5/30/20","386","77","12111","19.95"
"Sumter","0","253","Florida","5/30/20","253","0","12119","0"
"Suwannee","0","167","Florida","5/30/20","164","3","12121","1.83"
"Taylor","1","20","Florida","5/30/20","11","9","12123","81.82"
"Union","0","31","Florida","5/30/20","29","2","12125","6.9"
"Volusia","11","730","Florida","5/30/20","655","75","12127","11.45"
"Wakulla","0","34","Florida","5/30/20","32","2","12129","6.25"
"Walton","2","114","Florida","5/30/20","103","11","12131","10.68"
"Washington","4","57","Florida","5/30/20","26","31","12133","119.23"
"Appling","5","156","Georgia","5/30/20","124","32","13001","25.81"
"Atkinson","3","47","Georgia","5/30/20","26","21","13003","80.77"
"Bacon","5","108","Georgia","5/30/20","76","32","13005","42.11"
"Baker","0","34","Georgia","5/30/20","33","1","13007","3.03"
"Baldwin","2","343","Georgia","5/30/20","329","14","13009","4.26"
"Banks","2","88","Georgia","5/30/20","73","15","13011","20.55"
"Barrow","6","326","Georgia","5/30/20","283","43","13013","15.19"
"Bartow","5","478","Georgia","5/30/20","444","34","13015","7.66"
"Ben Hill","3","74","Georgia","5/30/20","56","18","13017","32.14"
"Berrien","2","46","Georgia","5/30/20","34","12","13019","35.29"
"Bibb","3","454","Georgia","5/30/20","432","22","13021","5.09"
"Bleckley","1","45","Georgia","5/30/20","38","7","13023","18.42"
"Brantley","1","56","Georgia","5/30/20","50","6","13025","12"
"Brooks","0","68","Georgia","5/30/20","66","2","13027","3.03"
"Bryan","1","74","Georgia","5/30/20","69","5","13029","7.25"
"Bulloch","1","60","Georgia","5/30/20","52","8","13031","15.38"
"Burke","0","121","Georgia","5/30/20","120","1","13033","0.83"
"Butts","3","229","Georgia","5/30/20","208","21","13035","10.1"
"Calhoun","1","132","Georgia","5/30/20","126","6","13037","4.76"
"Camden","1","61","Georgia","5/30/20","53","8","13039","15.09"
"Candler","0","13","Georgia","5/30/20","13","0","13043","0"
"Carroll","11","518","Georgia","5/30/20","440","78","13045","17.73"
"Catoosa","5","133","Georgia","5/30/20","97","36","13047","37.11"
"Charlton","0","32","Georgia","5/30/20","29","3","13049","10.34"
"Chatham","9","501","Georgia","5/30/20","435","66","13051","15.17"
"Chattahoochee","3","43","Georgia","5/30/20","22","21","13053","95.45"
"Chattooga","0","24","Georgia","5/30/20","24","0","13055","0"
"Cherokee","12","890","Georgia","5/30/20","807","83","13057","10.29"
"Clarke","9","283","Georgia","5/30/20","222","61","13059","27.48"
"Clay","1","39","Georgia","5/30/20","35","4","13061","11.43"
"Clayton","18","1216","Georgia","5/30/20","1089","127","13063","11.66"
"Clinch","2","59","Georgia","5/30/20","47","12","13065","25.53"
"Cobb","50","3009","Georgia","5/30/20","2661","348","13067","13.08"
"Coffee","6","268","Georgia","5/30/20","227","41","13069","18.06"
"Colquitt","25","465","Georgia","5/30/20","289","176","13071","60.9"
"Columbia","4","248","Georgia","5/30/20","223","25","13073","11.21"
"Cook","1","48","Georgia","5/30/20","44","4","13075","9.09"
"Coweta","14","415","Georgia","5/30/20","316","99","13077","31.33"
"Crawford","0","28","Georgia","5/30/20","25","3","13079","12"
"Crisp","3","232","Georgia","5/30/20","211","21","13081","9.95"
"Dade","0","28","Georgia","5/30/20","27","1","13083","3.7"
"Dawson","1","109","Georgia","5/30/20","101","8","13085","7.92"
"Decatur","6","186","Georgia","5/30/20","145","41","13087","28.28"
"DeKalb","84","3731","Georgia","5/30/20","3146","585","13089","18.6"
"Dodge","0","51","Georgia","5/30/20","48","3","13091","6.25"
"Dooly","2","179","Georgia","5/30/20","165","14","13093","8.48"
"Dougherty","6","1770","Georgia","5/30/20","1725","45","13095","2.61"
"Douglas","7","539","Georgia","5/30/20","487","52","13097","10.68"
"Early","0","238","Georgia","5/30/20","236","2","13099","0.85"
"Echols","7","110","Georgia","5/30/20","61","49","13101","80.33"
"Effingham","1","73","Georgia","5/30/20","63","10","13103","15.87"
"Elbert","1","75","Georgia","5/30/20","71","4","13105","5.63"
"Emanuel","0","27","Georgia","5/30/20","26","1","13107","3.85"
"Evans","0","5","Georgia","5/30/20","5","0","13109","0"
"Fannin","1","43","Georgia","5/30/20","39","4","13111","10.26"
"Fayette","2","235","Georgia","5/30/20","219","16","13113","7.31"
"Floyd","5","263","Georgia","5/30/20","226","37","13115","16.37"
"Forsyth","9","512","Georgia","5/30/20","446","66","13117","14.8"
"Franklin","1","46","Georgia","5/30/20","36","10","13119","27.78"
"Fulton","76","4507","Georgia","5/30/20","3977","530","13121","13.33"
"Gilmer","2","149","Georgia","5/30/20","134","15","13123","11.19"
"Glascock","0","1","Georgia","5/30/20","1","0","13125","0"
"Glynn","4","115","Georgia","5/30/20","85","30","13127","35.29"
"Gordon","3","160","Georgia","5/30/20","138","22","13129","15.94"
"Grady","0","94","Georgia","5/30/20","93","1","13131","1.08"
"Greene","1","68","Georgia","5/30/20","63","5","13133","7.94"
"Gwinnett","110","3769","Georgia","5/30/20","2997","772","13135","25.76"
"Habersham","5","520","Georgia","5/30/20","488","32","13137","6.56"
"Hall","23","2467","Georgia","5/30/20","2305","162","13139","7.03"
"Hancock","3","194","Georgia","5/30/20","176","18","13141","10.23"
"Haralson","1","43","Georgia","5/30/20","36","7","13143","19.44"
"Harris","2","91","Georgia","5/30/20","80","11","13145","13.75"
"Hart","1","30","Georgia","5/30/20","26","4","13147","15.38"
"Heard","1","33","Georgia","5/30/20","26","7","13149","26.92"
"Henry","9","688","Georgia","5/30/20","626","62","13151","9.9"
"Houston","3","365","Georgia","5/30/20","342","23","13153","6.73"
"Irwin","1","28","Georgia","5/30/20","23","5","13155","21.74"
"Jackson","5","184","Georgia","5/30/20","147","37","13157","25.17"
"Jasper","1","36","Georgia","5/30/20","31","5","13159","16.13"
"Jeff Davis","1","38","Georgia","5/30/20","31","7","13161","22.58"
"Jefferson","2","41","Georgia","5/30/20","26","15","13163","57.69"
"Jenkins","0","19","Georgia","5/30/20","18","1","13165","5.56"
"Johnson","1","82","Georgia","5/30/20","76","6","13167","7.89"
"Jones","1","37","Georgia","5/30/20","33","4","13169","12.12"
"Lamar","2","67","Georgia","5/30/20","50","17","13171","34"
"Lanier","1","21","Georgia","5/30/20","12","9","13173","75"
"Laurens","1","105","Georgia","5/30/20","100","5","13175","5"
"Lee","3","361","Georgia","5/30/20","342","19","13177","5.56"
"Liberty","3","82","Georgia","5/30/20","64","18","13179","28.12"
"Lincoln","0","16","Georgia","5/30/20","15","1","13181","6.67"
"Long","1","16","Georgia","5/30/20","12","4","13183","33.33"
"Lowndes","10","301","Georgia","5/30/20","233","68","13185","29.18"
"Lumpkin","2","99","Georgia","5/30/20","88","11","13187","12.5"
"Macon","1","101","Georgia","5/30/20","95","6","13193","6.32"
"Madison","2","54","Georgia","5/30/20","37","17","13195","45.95"
"Marion","1","57","Georgia","5/30/20","49","8","13197","16.33"
"McDuffie","1","67","Georgia","5/30/20","62","5","13189","8.06"
"McIntosh","1","16","Georgia","5/30/20","11","5","13191","45.45"
"Meriwether","1","85","Georgia","5/30/20","78","7","13199","8.97"
"Miller","0","41","Georgia","5/30/20","38","3","13201","7.89"
"Mitchell","1","408","Georgia","5/30/20","399","9","13205","2.26"
"Monroe","0","120","Georgia","5/30/20","117","3","13207","2.56"
"Montgomery","0","9","Georgia","5/30/20","9","0","13209","0"
"Morgan","0","37","Georgia","5/30/20","36","1","13211","2.78"
"Murray","2","90","Georgia","5/30/20","77","13","13213","16.88"
"Muscogee","10","604","Georgia","5/30/20","536","68","13215","12.69"
"Newton","9","352","Georgia","5/30/20","289","63","13217","21.8"
"Oconee","2","116","Georgia","5/30/20","103","13","13219","12.62"
"Oglethorpe","0","61","Georgia","5/30/20","58","3","13221","5.17"
"Out of GA","23","1995","Georgia","5/30/20","1834","161","80013","8.78"
"Paulding","7","326","Georgia","5/30/20","275","51","13223","18.55"
"Peach","0","72","Georgia","5/30/20","70","2","13225","2.86"
"Pickens","1","47","Georgia","5/30/20","43","4","13227","9.3"
"Pierce","2","99","Georgia","5/30/20","88","11","13229","12.5"
"Pike","1","54","Georgia","5/30/20","48","6","13231","12.5"
"Polk","3","118","Georgia","5/30/20","96","22","13233","22.92"
"Pulaski","0","42","Georgia","5/30/20","39","3","13235","7.69"
"Putnam","1","90","Georgia","5/30/20","85","5","13237","5.88"
"Quitman","0","12","Georgia","5/30/20","11","1","13239","9.09"
"Rabun","1","20","Georgia","5/30/20","15","5","13241","33.33"
"Randolph","1","179","Georgia","5/30/20","170","9","13243","5.29"
"Richmond","10","595","Georgia","5/30/20","525","70","13245","13.33"
"Rockdale","4","285","Georgia","5/30/20","258","27","13247","10.47"
"Schley","0","16","Georgia","5/30/20","16","0","13249","0"
"Screven","4","51","Georgia","5/30/20","26","25","13251","96.15"
"Seminole","0","44","Georgia","5/30/20","42","2","13253","4.76"
"Spalding","3","275","Georgia","5/30/20","253","22","13255","8.7"
"Stephens","2","138","Georgia","5/30/20","123","15","13257","12.2"
"Stewart","1","52","Georgia","5/30/20","42","10","13259","23.81"
"Sumter","5","475","Georgia","5/30/20","439","36","13261","8.2"
"Talbot","1","38","Georgia","5/30/20","34","4","13263","11.76"
"Taliaferro","0","1","Georgia","5/30/20","1","0","13265","0"
"Tattnall","1","23","Georgia","5/30/20","14","9","13267","64.29"
"Taylor","0","22","Georgia","5/30/20","21","1","13269","4.76"
"Telfair","1","37","Georgia","5/30/20","32","5","13271","15.62"
"Terrell","0","213","Georgia","5/30/20","211","2","13273","0.95"
"Thomas","2","324","Georgia","5/30/20","309","15","13275","4.85"
"Tift","6","256","Georgia","5/30/20","213","43","13277","20.19"
"Toombs","1","56","Georgia","5/30/20","50","6","13279","12"
"Towns","0","24","Georgia","5/30/20","22","2","13281","9.09"
"Treutlen","0","9","Georgia","5/30/20","8","1","13283","12.5"
"Troup","9","307","Georgia","5/30/20","245","62","13285","25.31"
"Turner","3","118","Georgia","5/30/20","96","22","13287","22.92"
"Twiggs","1","17","Georgia","5/30/20","13","4","13289","30.77"
"Union","1","44","Georgia","5/30/20","39","5","13291","12.82"
"Upson","1","280","Georgia","5/30/20","272","8","13293","2.94"
"Walker","7","141","Georgia","5/30/20","95","46","13295","48.42"
"Walton","11","265","Georgia","5/30/20","186","79","13297","42.47"
"Ware","3","228","Georgia","5/30/20","206","22","13299","10.68"
"Warren","0","18","Georgia","5/30/20","17","1","13301","5.88"
"Washington","0","74","Georgia","5/30/20","73","1","13303","1.37"
"Wayne","1","20","Georgia","5/30/20","16","4","13305","25"
"Webster","0","12","Georgia","5/30/20","11","1","13307","9.09"
"Wheeler","1","13","Georgia","5/30/20","9","4","13309","44.44"
"White","1","101","Georgia","5/30/20","93","8","13311","8.6"
"Whitfield","12","351","Georgia","5/30/20","270","81","13313","30"
"Wilcox","2","111","Georgia","5/30/20","98","13","13315","13.27"
"Wilkes","0","33","Georgia","5/30/20","32","1","13317","3.12"
"Wilkinson","1","69","Georgia","5/30/20","64","5","13319","7.81"
"Worth","1","210","Georgia","5/30/20","204","6","13321","2.94"
"","0","103","Grand Princess","5/30/20","103","0",,"0"
"","1","172","Guam","5/30/20","165","7",,"4.24"
"Hawaii","0","81","Hawaii","5/30/20","81","0","15001","0"
"Honolulu","1","421","Hawaii","5/30/20","414","7","15003","1.69"
"Kauai","0","20","Hawaii","5/30/20","20","0","15007","0"
"Maui","0","119","Hawaii","5/30/20","118","1","15009","0.85"
"Out of HI","0","10","Hawaii","5/30/20","10","0","80015","0"
"Ada","2","805","Idaho","5/30/20","794","11","16001","1.39"
"Adams","0","3","Idaho","5/30/20","3","0","16003","0"
"Bannock","1","27","Idaho","5/30/20","17","10","16005","58.82"
"Benewah","1","8","Idaho","5/30/20","0","8","16009","1"
"Bingham","0","6","Idaho","5/30/20","6","0","16011","0"
"Blaine","0","512","Idaho","5/30/20","510","2","16013","0.39"
"Bonner","0","6","Idaho","5/30/20","4","2","16017","50"
"Bonneville","1","37","Idaho","5/30/20","32","5","16019","15.62"
"Camas","0","1","Idaho","5/30/20","1","0","16025","0"
"Canyon","2","300","Idaho","5/30/20","284","16","16027","5.63"
"Caribou","0","1","Idaho","5/30/20","1","0","16029","0"
"Cassia","6","62","Idaho","5/30/20","22","40","16031","181.82"
"Custer","0","2","Idaho","5/30/20","2","0","16037","0"
"Elmore","0","31","Idaho","5/30/20","31","0","16039","0"
"Franklin","0","1","Idaho","5/30/20","0","1","16041","1"
"Fremont","0","3","Idaho","5/30/20","3","0","16043","0"
"Gem","0","17","Idaho","5/30/20","17","0","16045","0"
"Gooding","2","47","Idaho","5/30/20","35","12","16047","34.29"
"Idaho","0","3","Idaho","5/30/20","3","0","16049","0"
"Jefferson","0","7","Idaho","5/30/20","7","0","16051","0"
"Jerome","4","165","Idaho","5/30/20","137","28","16053","20.44"
"Kootenai","0","67","Idaho","5/30/20","66","1","16055","1.52"
"Latah","0","7","Idaho","5/30/20","7","0","16057","0"
"Lemhi","0","1","Idaho","5/30/20","1","0","16059","0"
"Lincoln","0","33","Idaho","5/30/20","30","3","16063","10"
"Madison","0","21","Idaho","5/30/20","20","1","16065","5"
"Minidoka","3","46","Idaho","5/30/20","26","20","16067","76.92"
"Nez Perce","0","82","Idaho","5/30/20","81","1","16069","1.23"
"Owyhee","0","8","Idaho","5/30/20","8","0","16073","0"
"Payette","0","23","Idaho","5/30/20","23","0","16075","0"
"Power","0","4","Idaho","5/30/20","3","1","16077","33.33"
"Teton","0","11","Idaho","5/30/20","11","0","16081","0"
"Twin Falls","6","416","Idaho","5/30/20","374","42","16083","11.23"
"Valley","0","2","Idaho","5/30/20","2","0","16085","0"
"Washington","1","38","Idaho","5/30/20","34","4","16087","11.76"
"Adams","0","44","Illinois","5/30/20","44","0","17001","0"
"Alexander","0","8","Illinois","5/30/20","8","0","17003","0"
"Bond","0","12","Illinois","5/30/20","10","2","17005","20"
"Boone","7","441","Illinois","5/30/20","389","52","17007","13.37"
"Brown","0","10","Illinois","5/30/20","10","0","17009","0"
"Bureau","0","15","Illinois","5/30/20","15","0","17011","0"
"Calhoun","0","1","Illinois","5/30/20","1","0","17013","0"
"Carroll","0","16","Illinois","5/30/20","13","3","17015","23.08"
"Cass","1","73","Illinois","5/30/20","67","6","17017","8.96"
"Champaign","13","627","Illinois","5/30/20","537","90","17019","16.76"
"Christian","0","35","Illinois","5/30/20","33","2","17021","6.06"
"Clark","0","11","Illinois","5/30/20","10","1","17023","10"
"Clay","0","2","Illinois","5/30/20","2","0","17025","0"
"Clinton","1","186","Illinois","5/30/20","176","10","17027","5.68"
"Coles","4","126","Illinois","5/30/20","98","28","17029","28.57"
"Cook","957","77119","Illinois","5/30/20","70417","6702","17031","9.52"
"Crawford","0","11","Illinois","5/30/20","11","0","17033","0"
"Cumberland","0","10","Illinois","5/30/20","10","0","17035","0"
"De Witt","0","4","Illinois","5/30/20","4","0","17039","0"
"DeKalb","13","399","Illinois","5/30/20","309","90","17037","29.13"
"Douglas","0","27","Illinois","5/30/20","27","0","17041","0"
"DuPage","104","7620","Illinois","5/30/20","6891","729","17043","10.58"
"Edgar","0","1","Illinois","5/30/20","0","1","17045","1"
"Edwards","0","2","Illinois","5/30/20","2","0","17047","0"
"Effingham","0","7","Illinois","5/30/20","6","1","17049","16.67"
"Fayette","0","20","Illinois","5/30/20","20","0","17051","0"
"Ford","0","20","Illinois","5/30/20","19","1","17053","5.26"
"Franklin","0","12","Illinois","5/30/20","11","1","17055","9.09"
"Fulton","0","11","Illinois","5/30/20","10","1","17057","10"
"Gallatin","0","2","Illinois","5/30/20","2","0","17059","0"
"Greene","0","5","Illinois","5/30/20","5","0","17061","0"
"Grundy","2","98","Illinois","5/30/20","87","11","17063","12.64"
"Hamilton","0","2","Illinois","5/30/20","2","0","17065","0"
"Hancock","1","17","Illinois","5/30/20","13","4","17067","30.77"
"Hardin","0","1","Illinois","5/30/20","1","0","17069","0"
"Henderson","0","8","Illinois","5/30/20","8","0","17071","0"
"Henry","0","69","Illinois","5/30/20","66","3","17073","4.55"
"Iroquois","0","131","Illinois","5/30/20","128","3","17075","2.34"
"Jackson","11","282","Illinois","5/30/20","207","75","17077","36.23"
"Jasper","0","45","Illinois","5/30/20","45","0","17079","0"
"Jefferson","0","101","Illinois","5/30/20","100","1","17081","1"
"Jersey","0","20","Illinois","5/30/20","20","0","17083","0"
"Jo Daviess","1","32","Illinois","5/30/20","26","6","17085","23.08"
"Johnson","0","8","Illinois","5/30/20","7","1","17087","14.29"
"Kane","111","6259","Illinois","5/30/20","5484","775","17089","14.13"
"Kankakee","17","900","Illinois","5/30/20","783","117","17091","14.94"
"Kendall","13","778","Illinois","5/30/20","689","89","17093","12.92"
"Knox","1","98","Illinois","5/30/20","94","4","17095","4.26"
"Lake","110","8238","Illinois","5/30/20","7465","773","17097","10.35"
"LaSalle","2","150","Illinois","5/30/20","134","16","17099","11.94"
"Lawrence","0","4","Illinois","5/30/20","4","0","17101","0"
"Lee","1","81","Illinois","5/30/20","76","5","17103","6.58"
"Livingston","0","34","Illinois","5/30/20","31","3","17105","9.68"
"Logan","0","10","Illinois","5/30/20","10","0","17107","0"
"Macon","1","194","Illinois","5/30/20","187","7","17115","3.74"
"Macoupin","1","45","Illinois","5/30/20","41","4","17117","9.76"
"Madison","7","572","Illinois","5/30/20","523","49","17119","9.37"
"Marion","0","50","Illinois","5/30/20","50","0","17121","0"
"Marshall","0","5","Illinois","5/30/20","5","0","17123","0"
"Mason","0","18","Illinois","5/30/20","17","1","17125","5.88"
"Massac","0","7","Illinois","5/30/20","7","0","17127","0"
"McDonough","1","87","Illinois","5/30/20","79","8","17109","10.13"
"McHenry","26","1539","Illinois","5/30/20","1360","179","17111","13.16"
"McLean","2","218","Illinois","5/30/20","202","16","17113","7.92"
"Menard","0","20","Illinois","5/30/20","17","3","17129","17.65"
"Mercer","0","17","Illinois","5/30/20","14","3","17131","21.43"
"Monroe","1","95","Illinois","5/30/20","91","4","17133","4.4"
"Montgomery","0","39","Illinois","5/30/20","38","1","17135","2.63"
"Morgan","0","36","Illinois","5/30/20","34","2","17137","5.88"
"Moultrie","0","11","Illinois","5/30/20","9","2","17139","22.22"
"Ogle","3","203","Illinois","5/30/20","185","18","17141","9.73"
"Out of IL","-1","118","Illinois","5/30/20","126","-8","80017","-6.35"
"Peoria","6","221","Illinois","5/30/20","176","45","17143","25.57"
"Perry","0","42","Illinois","5/30/20","40","2","17145","5"
"Piatt","0","11","Illinois","5/30/20","10","1","17147","10"
"Pike","0","1","Illinois","5/30/20","1","0","17149","0"
"Pope","0","1","Illinois","5/30/20","1","0","17151","0"
"Pulaski","2","56","Illinois","5/30/20","40","16","17153","40"
"Putnam","0","1","Illinois","5/30/20","1","0","17155","0"
"Randolph","2","269","Illinois","5/30/20","256","13","17157","5.08"
"Richland","0","3","Illinois","5/30/20","3","0","17159","0"
"Rock Island","3","651","Illinois","5/30/20","627","24","17161","3.83"
"Saline","0","7","Illinois","5/30/20","6","1","17165","16.67"
"Sangamon","3","348","Illinois","5/30/20","328","20","17167","6.1"
"Schuyler","0","13","Illinois","5/30/20","10","3","17169","30"
"Shelby","0","16","Illinois","5/30/20","16","0","17173","0"
"St. Clair","26","1121","Illinois","5/30/20","939","182","17163","19.38"
"Stark","0","3","Illinois","5/30/20","3","0","17175","0"
"Stephenson","4","201","Illinois","5/30/20","176","25","17177","14.2"
"Tazewell","1","72","Illinois","5/30/20","67","5","17179","7.46"
"Union","2","155","Illinois","5/30/20","138","17","17181","12.32"
"Vermilion","0","39","Illinois","5/30/20","39","0","17183","0"
"Wabash","0","2","Illinois","5/30/20","1","1","17185","100"
"Warren","0","115","Illinois","5/30/20","114","1","17187","0.88"
"Washington","0","18","Illinois","5/30/20","18","0","17189","0"
"Wayne","0","9","Illinois","5/30/20","9","0","17191","0"
"White","0","2","Illinois","5/30/20","2","0","17193","0"
"Whiteside","1","139","Illinois","5/30/20","133","6","17195","4.51"
"Will","71","5510","Illinois","5/30/20","5012","498","17197","9.94"
"Williamson","2","66","Illinois","5/30/20","54","12","17199","22.22"
"Winnebago","53","2209","Illinois","5/30/20","1838","371","17201","20.18"
"Woodford","0","19","Illinois","5/30/20","17","2","17203","11.76"
"Adams","1","17","Indiana","5/30/20","12","5","18001","41.67"
"Allen","55","1600","Indiana","5/30/20","1213","387","18003","31.9"
"Bartholomew","6","508","Indiana","5/30/20","467","41","18005","8.78"
"Benton","1","30","Indiana","5/30/20","24","6","18007","25"
"Blackford","1","25","Indiana","5/30/20","19","6","18009","31.58"
"Boone","5","316","Indiana","5/30/20","279","37","18011","13.26"
"Brown","0","33","Indiana","5/30/20","33","0","18013","0"
"Carroll","1","93","Indiana","5/30/20","88","5","18015","5.68"
"Cass","1","1587","Indiana","5/30/20","1579","8","18017","0.51"
"Clark","7","497","Indiana","5/30/20","450","47","18019","10.44"
"Clay","2","51","Indiana","5/30/20","38","13","18021","34.21"
"Clinton","3","227","Indiana","5/30/20","204","23","18023","11.27"
"Crawford","0","24","Indiana","5/30/20","23","1","18025","4.35"
"Daviess","1","85","Indiana","5/30/20","81","4","18027","4.94"
"Dearborn","1","168","Indiana","5/30/20","162","6","18029","3.7"
"Decatur","0","224","Indiana","5/30/20","221","3","18031","1.36"
"DeKalb","1","37","Indiana","5/30/20","28","9","18033","32.14"
"Delaware","6","385","Indiana","5/30/20","340","45","18035","13.24"
"Dubois","4","199","Indiana","5/30/20","171","28","18037","16.37"
"Elkhart","46","1262","Indiana","5/30/20","938","324","18039","34.54"
"Fayette","4","77","Indiana","5/30/20","50","27","18041","54"
"Floyd","1","318","Indiana","5/30/20","311","7","18043","2.25"
"Fountain","1","21","Indiana","5/30/20","17","4","18045","23.53"
"Franklin","1","110","Indiana","5/30/20","106","4","18047","3.77"
"Fulton","0","49","Indiana","5/30/20","46","3","18049","6.52"
"Gibson","0","15","Indiana","5/30/20","13","2","18051","15.38"
"Grant","5","210","Indiana","5/30/20","178","32","18053","17.98"
"Greene","0","169","Indiana","5/30/20","167","2","18055","1.2"
"Hamilton","9","1154","Indiana","5/30/20","1092","62","18057","5.68"
"Hancock","2","331","Indiana","5/30/20","315","16","18059","5.08"
"Harrison","2","194","Indiana","5/30/20","183","11","18061","6.01"
"Hendricks","9","1166","Indiana","5/30/20","1103","63","18063","5.71"
"Henry","2","172","Indiana","5/30/20","155","17","18065","10.97"
"Howard","9","404","Indiana","5/30/20","344","60","18067","17.44"
"Huntington","1","27","Indiana","5/30/20","22","5","18069","22.73"
"Jackson","4","382","Indiana","5/30/20","353","29","18071","8.22"
"Jasper","2","66","Indiana","5/30/20","52","14","18073","26.92"
"Jay","1","50","Indiana","5/30/20","41","9","18075","21.95"
"Jefferson","1","45","Indiana","5/30/20","41","4","18077","9.76"
"Jennings","1","130","Indiana","5/30/20","126","4","18079","3.17"
"Johnson","5","1097","Indiana","5/30/20","1065","32","18081","3"
"Knox","1","28","Indiana","5/30/20","24","4","18083","16.67"
"Kosciusko","8","127","Indiana","5/30/20","71","56","18085","78.87"
"LaGrange","2","76","Indiana","5/30/20","59","17","18087","28.81"
"Lake","55","3573","Indiana","5/30/20","3191","382","18089","11.97"
"LaPorte","6","430","Indiana","5/30/20","387","43","18091","11.11"
"Lawrence","2","159","Indiana","5/30/20","142","17","18093","11.97"
"Madison","1","586","Indiana","5/30/20","576","10","18095","1.74"
"Marion","103","9761","Indiana","5/30/20","9040","721","18097","7.98"
"Marshall","6","102","Indiana","5/30/20","61","41","18099","67.21"
"Martin","0","11","Indiana","5/30/20","10","1","18101","10"
"Miami","1","140","Indiana","5/30/20","135","5","18103","3.7"
"Monroe","1","167","Indiana","5/30/20","158","9","18105","5.7"
"Montgomery","4","238","Indiana","5/30/20","211","27","18107","12.8"
"Morgan","3","278","Indiana","5/30/20","257","21","18109","8.17"
"Newton","1","77","Indiana","5/30/20","72","5","18111","6.94"
"Noble","8","228","Indiana","5/30/20","174","54","18113","31.03"
"Ohio","0","13","Indiana","5/30/20","13","0","18115","0"
"Orange","1","126","Indiana","5/30/20","122","4","18117","3.28"
"Owen","1","34","Indiana","5/30/20","30","4","18119","13.33"
"Parke","0","17","Indiana","5/30/20","17","0","18121","0"
"Perry","1","32","Indiana","5/30/20","23","9","18123","39.13"
"Pike","0","6","Indiana","5/30/20","5","1","18125","20"
"Porter","10","534","Indiana","5/30/20","465","69","18127","14.84"
"Posey","0","16","Indiana","5/30/20","17","-1","18129","-5.88"
"Pulaski","1","46","Indiana","5/30/20","38","8","18131","21.05"
"Putnam","1","136","Indiana","5/30/20","129","7","18133","5.43"
"Randolph","1","47","Indiana","5/30/20","37","10","18135","27.03"
"Ripley","-1","108","Indiana","5/30/20","112","-4","18137","-3.57"
"Rush","0","46","Indiana","5/30/20","45","1","18139","2.22"
"Scott","1","119","Indiana","5/30/20","115","4","18143","3.48"
"Shelby","9","371","Indiana","5/30/20","311","60","18145","19.29"
"Spencer","1","20","Indiana","5/30/20","14","6","18147","42.86"
"St. Joseph","19","1266","Indiana","5/30/20","1132","134","18141","11.84"
"Starke","1","39","Indiana","5/30/20","30","9","18149","30"
"Steuben","1","83","Indiana","5/30/20","76","7","18151","9.21"
"Sullivan","1","35","Indiana","5/30/20","31","4","18153","12.9"
"Switzerland","0","20","Indiana","5/30/20","19","1","18155","5.26"
"Tippecanoe","5","393","Indiana","5/30/20","356","37","18157","10.39"
"Tipton","0","25","Indiana","5/30/20","22","3","18159","13.64"
"Union","0","9","Indiana","5/30/20","8","1","18161","12.5"
"Vanderburgh","4","266","Indiana","5/30/20","240","26","18163","10.83"
"Vermillion","0","10","Indiana","5/30/20","8","2","18165","25"
"Vigo","5","168","Indiana","5/30/20","135","33","18167","24.44"
"Wabash","1","77","Indiana","5/30/20","72","5","18169","6.94"
"Warren","0","12","Indiana","5/30/20","12","0","18171","0"
"Warrick","0","166","Indiana","5/30/20","163","3","18173","1.84"
"Washington","0","52","Indiana","5/30/20","52","0","18175","0"
"Wayne","2","78","Indiana","5/30/20","66","12","18177","18.18"
"Wells","1","31","Indiana","5/30/20","22","9","18179","40.91"
"White","3","233","Indiana","5/30/20","212","21","18181","9.91"
"Whitley","1","41","Indiana","5/30/20","34","7","18183","20.59"
"Adair","0","9","Iowa","5/30/20","7","2","19001","28.57"
"Adams","0","7","Iowa","5/30/20","4","3","19003","75"
"Allamakee","0","120","Iowa","5/30/20","118","2","19005","1.69"
"Appanoose","1","15","Iowa","5/30/20","9","6","19007","66.67"
"Audubon","0","12","Iowa","5/30/20","11","1","19009","9.09"
"Benton","1","41","Iowa","5/30/20","37","4","19011","10.81"
"Black Hawk","10","1739","Iowa","5/30/20","1669","70","19013","4.19"
"Boone","1","61","Iowa","5/30/20","53","8","19015","15.09"
"Bremer","0","69","Iowa","5/30/20","67","2","19017","2.99"
"Buchanan","0","33","Iowa","5/30/20","30","3","19019","10"
"Buena Vista","73","735","Iowa","5/30/20","227","508","19021","223.79"
"Butler","0","15","Iowa","5/30/20","15","0","19023","0"
"Calhoun","0","2","Iowa","5/30/20","2","0","19025","0"
"Carroll","0","9","Iowa","5/30/20","8","1","19027","12.5"
"Cass","0","12","Iowa","5/30/20","10","2","19029","20"
"Cedar","0","46","Iowa","5/30/20","44","2","19031","4.55"
"Cerro Gordo","1","28","Iowa","5/30/20","21","7","19033","33.33"
"Cherokee","2","28","Iowa","5/30/20","14","14","19035","100"
"Chickasaw","0","10","Iowa","5/30/20","8","2","19037","25"
"Clarke","3","53","Iowa","5/30/20","30","23","19039","76.67"
"Clay","1","15","Iowa","5/30/20","10","5","19041","50"
"Clayton","1","34","Iowa","5/30/20","30","4","19043","13.33"
"Clinton","0","61","Iowa","5/30/20","61","0","19045","0"
"Crawford","8","514","Iowa","5/30/20","460","54","19047","11.74"
"Dallas","8","892","Iowa","5/30/20","836","56","19049","6.7"
"Davis","0","21","Iowa","5/30/20","18","3","19051","16.67"
"Decatur","0","1","Iowa","5/30/20","1","0","19053","0"
"Delaware","0","15","Iowa","5/30/20","14","1","19055","7.14"
"Des Moines","1","62","Iowa","5/30/20","56","6","19057","10.71"
"Dickinson","2","20","Iowa","5/30/20","8","12","19059","150"
"Dubuque","4","345","Iowa","5/30/20","317","28","19061","8.83"
"Emmet","1","14","Iowa","5/30/20","7","7","19063","100"
"Fayette","0","27","Iowa","5/30/20","26","1","19065","3.85"
"Floyd","0","19","Iowa","5/30/20","17","2","19067","11.76"
"Franklin","1","13","Iowa","5/30/20","7","6","19069","85.71"
"Fremont","0","4","Iowa","5/30/20","4","0","19071","0"
"Greene","0","13","Iowa","5/30/20","13","0","19073","0"
"Grundy","0","20","Iowa","5/30/20","19","1","19075","5.26"
"Guthrie","1","50","Iowa","5/30/20","42","8","19077","19.05"
"Hamilton","2","35","Iowa","5/30/20","19","16","19079","84.21"
"Hancock","1","16","Iowa","5/30/20","12","4","19081","33.33"
"Hardin","0","16","Iowa","5/30/20","13","3","19083","23.08"
"Harrison","1","22","Iowa","5/30/20","18","4","19085","22.22"
"Henry","2","71","Iowa","5/30/20","57","14","19087","24.56"
"Howard","0","12","Iowa","5/30/20","12","0","19089","0"
"Humboldt","1","17","Iowa","5/30/20","11","6","19091","54.55"
"Ida","1","14","Iowa","5/30/20","9","5","19093","55.56"
"Iowa","0","33","Iowa","5/30/20","32","1","19095","3.12"
"Jackson","0","12","Iowa","5/30/20","11","1","19097","9.09"
"Jasper","1","261","Iowa","5/30/20","254","7","19099","2.76"
"Jefferson","1","23","Iowa","5/30/20","14","9","19101","64.29"
"Johnson","3","614","Iowa","5/30/20","593","21","19103","3.54"
"Jones","0","36","Iowa","5/30/20","36","0","19105","0"
"Keokuk","0","15","Iowa","5/30/20","13","2","19107","15.38"
"Kossuth","0","9","Iowa","5/30/20","7","2","19109","28.57"
"Lee","1","25","Iowa","5/30/20","20","5","19111","25"
"Linn","4","949","Iowa","5/30/20","922","27","19113","2.93"
"Louisa","1","343","Iowa","5/30/20","334","9","19115","2.69"
"Lucas","2","17","Iowa","5/30/20","4","13","19117","325"
"Lyon","0","21","Iowa","5/30/20","19","2","19119","10.53"
"Madison","1","28","Iowa","5/30/20","22","6","19121","27.27"
"Mahaska","6","93","Iowa","5/30/20","51","42","19123","82.35"
"Marion","0","32","Iowa","5/30/20","29","3","19125","10.34"
"Marshall","5","892","Iowa","5/30/20","859","33","19127","3.84"
"Mills","1","19","Iowa","5/30/20","14","5","19129","35.71"
"Mitchell","0","4","Iowa","5/30/20","4","0","19131","0"
"Monona","0","24","Iowa","5/30/20","21","3","19133","14.29"
"Monroe","1","38","Iowa","5/30/20","32","6","19135","18.75"
"Montgomery","0","7","Iowa","5/30/20","5","2","19137","40"
"Muscatine","2","556","Iowa","5/30/20","541","15","19139","2.77"
"O'Brien","0","27","Iowa","5/30/20","24","3","19141","12.5"
"Osceola","0","33","Iowa","5/30/20","30","3","19143","10"
"Page","0","13","Iowa","5/30/20","10","3","19145","30"
"Palo Alto","0","6","Iowa","5/30/20","3","3","19147","100"
"Plymouth","4","129","Iowa","5/30/20","103","26","19149","25.24"
"Pocahontas","1","11","Iowa","5/30/20","4","7","19151","175"
"Polk","80","4160","Iowa","5/30/20","3603","557","19153","15.46"
"Pottawattamie","7","257","Iowa","5/30/20","205","52","19155","25.37"
"Poweshiek","0","90","Iowa","5/30/20","88","2","19157","2.27"
"Ringgold","0","4","Iowa","5/30/20","2","2","19159","100"
"Sac","1","18","Iowa","5/30/20","13","5","19161","38.46"
"Scott","4","358","Iowa","5/30/20","329","29","19163","8.81"
"Shelby","1","37","Iowa","5/30/20","31","6","19165","19.35"
"Sioux","4","219","Iowa","5/30/20","194","25","19167","12.89"
"Story","3","109","Iowa","5/30/20","90","19","19169","21.11"
"Tama","2","402","Iowa","5/30/20","390","12","19171","3.08"
"Taylor","6","54","Iowa","5/30/20","10","44","19173","440"
"Union","0","7","Iowa","5/30/20","5","2","19175","40"
"Van Buren","0","9","Iowa","5/30/20","8","1","19177","12.5"
"Wapello","12","558","Iowa","5/30/20","477","81","19179","16.98"
"Warren","4","126","Iowa","5/30/20","100","26","19181","26"
"Washington","1","188","Iowa","5/30/20","179","9","19183","5.03"
"Wayne","0","1","Iowa","5/30/20","1","0","19185","0"
"Webster","2","39","Iowa","5/30/20","27","12","19187","44.44"
"Winnebago","0","11","Iowa","5/30/20","10","1","19189","10"
"Winneshiek","0","24","Iowa","5/30/20","21","3","19191","14.29"
"Woodbury","31","2740","Iowa","5/30/20","2520","220","19193","8.73"
"Worth","0","3","Iowa","5/30/20","3","0","19195","0"
"Wright","10","167","Iowa","5/30/20","98","69","19197","70.41"
"Allen","0","1","Kansas","5/30/20","1","0","20001","0"
"Anderson","0","1","Kansas","5/30/20","1","0","20003","0"
"Atchison","0","22","Kansas","5/30/20","19","3","20005","15.79"
"Barber","0","1","Kansas","5/30/20","1","0","20007","0"
"Barton","1","45","Kansas","5/30/20","36","9","20009","25"
"Bourbon","0","7","Kansas","5/30/20","7","0","20011","0"
"Brown","0","6","Kansas","5/30/20","6","0","20013","0"
"Butler","1","31","Kansas","5/30/20","25","6","20015","24"
"Chase","0","4","Kansas","5/30/20","4","0","20017","0"
"Chautauqua","0","4","Kansas","5/30/20","4","0","20019","0"
"Cherokee","0","10","Kansas","5/30/20","9","1","20021","11.11"
"Cheyenne","0","2","Kansas","5/30/20","2","0","20023","0"
"Clark","0","33","Kansas","5/30/20","31","2","20025","6.45"
"Clay","0","5","Kansas","5/30/20","5","0","20027","0"
"Cloud","0","5","Kansas","5/30/20","4","1","20029","25"
"Coffey","0","50","Kansas","5/30/20","50","0","20031","0"
"Comanche","0","2","Kansas","5/30/20","1","1","20033","100"
"Cowley","0","5","Kansas","5/30/20","4","1","20035","25"
"Crawford","0","8","Kansas","5/30/20","8","0","20037","0"
"Dickinson","0","3","Kansas","5/30/20","4","-1","20041","-25"
"Doniphan","0","15","Kansas","5/30/20","12","3","20043","25"
"Douglas","0","66","Kansas","5/30/20","63","3","20045","4.76"
"Edwards","0","5","Kansas","5/30/20","5","0","20047","0"
"Ellis","0","8","Kansas","5/30/20","8","0","20051","0"
"Ellsworth","0","2","Kansas","5/30/20","2","0","20053","0"
"Finney","9","1481","Kansas","5/30/20","1418","63","20055","4.44"
"Ford","25","1732","Kansas","5/30/20","1555","177","20057","11.38"
"Franklin","0","34","Kansas","5/30/20","32","2","20059","6.25"
"Geary","1","20","Kansas","5/30/20","16","4","20061","25"
"Gove","0","1","Kansas","5/30/20","1","0","20063","0"
"Grant","0","18","Kansas","5/30/20","18","0","20067","0"
"Gray","0","22","Kansas","5/30/20","21","1","20069","4.76"
"Greenwood","1","9","Kansas","5/30/20","3","6","20073","200"
"Hamilton","1","17","Kansas","5/30/20","10","7","20075","70"
"Harper","0","2","Kansas","5/30/20","1","1","20077","100"
"Harvey","0","11","Kansas","5/30/20","11","0","20079","0"
"Haskell","1","21","Kansas","5/30/20","17","4","20081","23.53"
"Hodgeman","1","5","Kansas","5/30/20","1","4","20083","400"
"Jackson","2","96","Kansas","5/30/20","84","12","20085","14.29"
"Jefferson","0","22","Kansas","5/30/20","21","1","20087","4.76"
"Jewell","0","4","Kansas","5/30/20","4","0","20089","0"
"Johnson","18","812","Kansas","5/30/20","688","124","20091","18.02"
"Kearny","1","45","Kansas","5/30/20","40","5","20093","12.5"
"Kiowa","0","2","Kansas","5/30/20","2","0","20097","0"
"Labette","0","22","Kansas","5/30/20","22","0","20099","0"
"Lane","0","3","Kansas","5/30/20","1","2","20101","200"
"Leavenworth","2","1082","Kansas","5/30/20","1067","15","20103","1.41"
"Linn","1","11","Kansas","5/30/20","7","4","20107","57.14"
"Lyon","4","354","Kansas","5/30/20","328","26","20111","7.93"
"Marion","0","5","Kansas","5/30/20","5","0","20115","0"
"McPherson","0","27","Kansas","5/30/20","27","0","20113","0"
"Meade","1","29","Kansas","5/30/20","24","5","20119","20.83"
"Miami","0","7","Kansas","5/30/20","6","1","20121","16.67"
"Mitchell","0","4","Kansas","5/30/20","3","1","20123","33.33"
"Montgomery","0","20","Kansas","5/30/20","20","0","20125","0"
"Morris","0","5","Kansas","5/30/20","4","1","20127","25"
"Morton","0","5","Kansas","5/30/20","4","1","20129","25"
"Nemaha","1","16","Kansas","5/30/20","9","7","20131","77.78"
"Neosho","0","2","Kansas","5/30/20","2","0","20133","0"
"Ness","0","1","Kansas","5/30/20","1","0","20135","0"
"Norton","0","2","Kansas","5/30/20","2","0","20137","0"
"Osage","0","7","Kansas","5/30/20","7","0","20139","0"
"Osborne","0","2","Kansas","5/30/20","2","0","20141","0"
"Ottawa","0","4","Kansas","5/30/20","4","0","20143","0"
"Phillips","0","2","Kansas","5/30/20","2","0","20147","0"
"Pottawatomie","0","25","Kansas","5/30/20","22","3","20149","13.64"
"Pratt","0","2","Kansas","5/30/20","1","1","20151","100"
"Reno","0","43","Kansas","5/30/20","43","0","20155","0"
"Republic","0","4","Kansas","5/30/20","4","0","20157","0"
"Rice","0","4","Kansas","5/30/20","4","0","20159","0"
"Riley","0","64","Kansas","5/30/20","61","3","20161","4.92"
"Rooks","0","6","Kansas","5/30/20","6","0","20163","0"
"Saline","0","25","Kansas","5/30/20","24","1","20169","4.17"
"Scott","0","14","Kansas","5/30/20","13","1","20171","7.69"
"Sedgwick","4","580","Kansas","5/30/20","553","27","20173","4.88"
"Seward","9","883","Kansas","5/30/20","821","62","20175","7.55"
"Shawnee","8","300","Kansas","5/30/20","247","53","20177","21.46"
"Sheridan","0","2","Kansas","5/30/20","2","0","20179","0"
"Sherman","0","7","Kansas","5/30/20","6","1","20181","16.67"
"Smith","0","2","Kansas","5/30/20","2","0","20183","0"
"Stafford","0","1","Kansas","5/30/20","1","0","20185","0"
"Stanton","0","9","Kansas","5/30/20","9","0","20187","0"
"Stevens","0","30","Kansas","5/30/20","27","3","20189","11.11"
"Sumner","0","8","Kansas","5/30/20","6","2","20191","33.33"
"Trego","0","1","Kansas","5/30/20","1","0","20195","0"
"Wabaunsee","0","31","Kansas","5/30/20","29","2","20197","6.9"
"Wilson","0","1","Kansas","5/30/20","1","0","20205","0"
"Woodson","0","6","Kansas","5/30/20","6","0","20207","0"
"Wyandotte","12","1337","Kansas","5/30/20","1255","82","20209","6.53"
"Adair","0","97","Kentucky","5/30/20","96","1","21001","1.04"
"Allen","3","70","Kentucky","5/30/20","47","23","21003","48.94"
"Anderson","0","18","Kentucky","5/30/20","15","3","21005","20"
"Ballard","0","12","Kentucky","5/30/20","9","3","21007","33.33"
"Barren","0","45","Kentucky","5/30/20","42","3","21009","7.14"
"Bath","0","9","Kentucky","5/30/20","8","1","21011","12.5"
"Bell","0","1","Kentucky","5/30/20","1","0","21013","0"
"Boone","7","436","Kentucky","5/30/20","387","49","21015","12.66"
"Bourbon","0","11","Kentucky","5/30/20","9","2","21017","22.22"
"Boyd","0","39","Kentucky","5/30/20","39","0","21019","0"
"Boyle","1","25","Kentucky","5/30/20","20","5","21021","25"
"Bracken","0","12","Kentucky","5/30/20","11","1","21023","9.09"
"Breathitt","0","3","Kentucky","5/30/20","3","0","21025","0"
"Breckinridge","0","17","Kentucky","5/30/20","16","1","21027","6.25"
"Bullitt","1","111","Kentucky","5/30/20","104","7","21029","6.73"
"Butler","1","228","Kentucky","5/30/20","218","10","21031","4.59"
"Caldwell","0","12","Kentucky","5/30/20","12","0","21033","0"
"Calloway","0","50","Kentucky","5/30/20","49","1","21035","2.04"
"Campbell","4","173","Kentucky","5/30/20","146","27","21037","18.49"
"Carlisle","0","5","Kentucky","5/30/20","5","0","21039","0"
"Carroll","1","12","Kentucky","5/30/20","7","5","21041","71.43"
"Carter","0","11","Kentucky","5/30/20","9","2","21043","22.22"
"Casey","0","3","Kentucky","5/30/20","2","1","21045","50"
"Christian","1","110","Kentucky","5/30/20","103","7","21047","6.8"
"Clark","1","41","Kentucky","5/30/20","37","4","21049","10.81"
"Clay","0","7","Kentucky","5/30/20","4","3","21051","75"
"Clinton","0","3","Kentucky","5/30/20","3","0","21053","0"
"Crittenden","0","6","Kentucky","5/30/20","5","1","21055","20"
"Cumberland","0","5","Kentucky","5/30/20","5","0","21057","0"
"Daviess","2","317","Kentucky","5/30/20","305","12","21059","3.93"
"Edmonson","0","56","Kentucky","5/30/20","54","2","21061","3.7"
"Elliott","0","1","Kentucky","5/30/20","1","0","21063","0"
"Fayette","14","714","Kentucky","5/30/20","619","95","21067","15.35"
"Fleming","0","3","Kentucky","5/30/20","2","1","21069","50"
"Floyd","0","16","Kentucky","5/30/20","16","0","21071","0"
"Franklin","2","38","Kentucky","5/30/20","24","14","21073","58.33"
"Fulton","1","7","Kentucky","5/30/20","3","4","21075","133.33"
"Gallatin","4","36","Kentucky","5/30/20","8","28","21077","350"
"Garrard","0","5","Kentucky","5/30/20","4","1","21079","25"
"Grant","1","42","Kentucky","5/30/20","36","6","21081","16.67"
"Graves","1","165","Kentucky","5/30/20","157","8","21083","5.1"
"Grayson","0","124","Kentucky","5/30/20","121","3","21085","2.48"
"Green","0","1","Kentucky","5/30/20","1","0","21087","0"
"Greenup","0","14","Kentucky","5/30/20","13","1","21089","7.69"
"Hancock","0","7","Kentucky","5/30/20","6","1","21091","16.67"
"Hardin","1","102","Kentucky","5/30/20","96","6","21093","6.25"
"Harlan","0","1","Kentucky","5/30/20","1","0","21095","0"
"Harrison","0","18","Kentucky","5/30/20","18","0","21097","0"
"Hart","0","22","Kentucky","5/30/20","20","2","21099","10"
"Henderson","2","110","Kentucky","5/30/20","95","15","21101","15.79"
"Henry","1","22","Kentucky","5/30/20","14","8","21103","57.14"
"Hickman","0","5","Kentucky","5/30/20","5","0","21105","0"
"Hopkins","0","221","Kentucky","5/30/20","218","3","21107","1.38"
"Jackson","0","61","Kentucky","5/30/20","60","1","21109","1.67"
"Jefferson","55","2437","Kentucky","5/30/20","2050","387","21111","18.88"
"Jessamine","2","62","Kentucky","5/30/20","51","11","21113","21.57"
"Johnson","0","5","Kentucky","5/30/20","5","0","21115","0"
"Kenton","8","585","Kentucky","5/30/20","527","58","21117","11.01"
"Knott","0","4","Kentucky","5/30/20","4","0","21119","0"
"Knox","0","8","Kentucky","5/30/20","8","0","21121","0"
"Larue","0","8","Kentucky","5/30/20","7","1","21123","14.29"
"Laurel","0","21","Kentucky","5/30/20","21","0","21125","0"
"Lawrence","0","2","Kentucky","5/30/20","1","1","21127","100"
"Lee","0","1","Kentucky","5/30/20","0","1","21129","1"
"Leslie","0","6","Kentucky","5/30/20","6","0","21131","0"
"Letcher","0","4","Kentucky","5/30/20","4","0","21133","0"
"Lewis","0","7","Kentucky","5/30/20","7","0","21135","0"
"Lincoln","0","8","Kentucky","5/30/20","8","0","21137","0"
"Livingston","0","9","Kentucky","5/30/20","8","1","21139","12.5"
"Logan","4","145","Kentucky","5/30/20","115","30","21141","26.09"
"Lyon","0","15","Kentucky","5/30/20","14","1","21143","7.14"
"Madison","1","55","Kentucky","5/30/20","45","10","21151","22.22"
"Magoffin","0","2","Kentucky","5/30/20","2","0","21153","0"
"Marion","0","21","Kentucky","5/30/20","18","3","21155","16.67"
"Marshall","0","38","Kentucky","5/30/20","37","1","21157","2.7"
"Martin","0","3","Kentucky","5/30/20","3","0","21159","0"
"Mason","0","9","Kentucky","5/30/20","8","1","21161","12.5"
"McCracken","1","95","Kentucky","5/30/20","87","8","21145","9.2"
"McCreary","0","13","Kentucky","5/30/20","13","0","21147","0"
"McLean","0","22","Kentucky","5/30/20","19","3","21149","15.79"
"Meade","0","22","Kentucky","5/30/20","21","1","21163","4.76"
"Menifee","0","10","Kentucky","5/30/20","8","2","21165","25"
"Mercer","0","13","Kentucky","5/30/20","12","1","21167","8.33"
"Metcalfe","0","6","Kentucky","5/30/20","4","2","21169","50"
"Monroe","0","17","Kentucky","5/30/20","14","3","21171","21.43"
"Montgomery","0","24","Kentucky","5/30/20","21","3","21173","14.29"
"Morgan","0","1","Kentucky","5/30/20","1","0","21175","0"
"Muhlenberg","2","483","Kentucky","5/30/20","471","12","21177","2.55"
"Nelson","1","41","Kentucky","5/30/20","35","6","21179","17.14"
"Nicholas","0","3","Kentucky","5/30/20","1","2","21181","200"
"Ohio","3","144","Kentucky","5/30/20","120","24","21183","20"
"Oldham","3","83","Kentucky","5/30/20","60","23","21185","38.33"
"Owen","0","2","Kentucky","5/30/20","1","1","21187","100"
"Owsley","0","2","Kentucky","5/30/20","2","0","21189","0"
"Pendleton","0","9","Kentucky","5/30/20","7","2","21191","28.57"
"Perry","0","19","Kentucky","5/30/20","19","0","21193","0"
"Pike","0","29","Kentucky","5/30/20","28","1","21195","3.57"
"Powell","0","1","Kentucky","5/30/20","1","0","21197","0"
"Pulaski","0","58","Kentucky","5/30/20","55","3","21199","5.45"
"Rockcastle","0","13","Kentucky","5/30/20","13","0","21203","0"
"Rowan","0","7","Kentucky","5/30/20","7","0","21205","0"
"Russell","0","24","Kentucky","5/30/20","22","2","21207","9.09"
"Scott","0","35","Kentucky","5/30/20","34","1","21209","2.94"
"Shelby","10","164","Kentucky","5/30/20","92","72","21211","78.26"
"Simpson","1","52","Kentucky","5/30/20","44","8","21213","18.18"
"Spencer","1","22","Kentucky","5/30/20","16","6","21215","37.5"
"Taylor","0","11","Kentucky","5/30/20","11","0","21217","0"
"Todd","0","17","Kentucky","5/30/20","16","1","21219","6.25"
"Trigg","0","10","Kentucky","5/30/20","9","1","21221","11.11"
"Trimble","0","6","Kentucky","5/30/20","5","1","21223","20"
"Union","0","11","Kentucky","5/30/20","10","1","21225","10"
"Warren","12","1007","Kentucky","5/30/20","920","87","21227","9.46"
"Washington","0","6","Kentucky","5/30/20","6","0","21229","0"
"Wayne","0","8","Kentucky","5/30/20","8","0","21231","0"
"Webster","0","32","Kentucky","5/30/20","32","0","21233","0"
"Whitley","0","13","Kentucky","5/30/20","13","0","21235","0"
"Wolfe","0","1","Kentucky","5/30/20","1","0","21237","0"
"Woodford","0","27","Kentucky","5/30/20","25","2","21239","8"
"Acadia","18","412","Louisiana","5/30/20","289","123","22001","42.56"
"Allen","0","184","Louisiana","5/30/20","182","2","22003","1.1"
"Ascension","5","817","Louisiana","5/30/20","785","32","22005","4.08"
"Assumption","2","251","Louisiana","5/30/20","238","13","22007","5.46"
"Avoyelles","3","125","Louisiana","5/30/20","101","24","22009","23.76"
"Beauregard","1","66","Louisiana","5/30/20","56","10","22011","17.86"
"Bienville","1","144","Louisiana","5/30/20","136","8","22013","5.88"
"Bossier","5","412","Louisiana","5/30/20","380","32","22015","8.42"
"Caddo","33","2525","Louisiana","5/30/20","2293","232","22017","10.12"
"Calcasieu","4","596","Louisiana","5/30/20","567","29","22019","5.11"
"Caldwell","0","53","Louisiana","5/30/20","51","2","22021","3.92"
"Cameron","0","5","Louisiana","5/30/20","3","2","22023","66.67"
"Catahoula","0","113","Louisiana","5/30/20","112","1","22025","0.89"
"Claiborne","1","66","Louisiana","5/30/20","58","8","22027","13.79"
"Concordia","3","87","Louisiana","5/30/20","69","18","22029","26.09"
"De Soto","1","246","Louisiana","5/30/20","236","10","22031","4.24"
"East Baton Rouge","32","3591","Louisiana","5/30/20","3370","221","22033","6.56"
"East Carroll","11","138","Louisiana","5/30/20","62","76","22035","122.58"
"East Feliciana","1","194","Louisiana","5/30/20","184","10","22037","5.43"
"Evangeline","-1","78","Louisiana","5/30/20","87","-9","22039","-10.34"
"Franklin","4","314","Louisiana","5/30/20","287","27","22041","9.41"
"Grant","0","28","Louisiana","5/30/20","26","2","22043","7.69"
"Iberia","3","407","Louisiana","5/30/20","388","19","22045","4.9"
"Iberville","3","564","Louisiana","5/30/20","541","23","22047","4.25"
"Jackson","3","106","Louisiana","5/30/20","82","24","22049","29.27"
"Jefferson","43","7536","Louisiana","5/30/20","7232","304","22051","4.2"
"Jefferson Davis","0","76","Louisiana","5/30/20","73","3","22053","4.11"
"Lafayette","18","763","Louisiana","5/30/20","637","126","22055","19.78"
"Lafourche","6","809","Louisiana","5/30/20","766","43","22057","5.61"
"LaSalle","1","51","Louisiana","5/30/20","45","6","22059","13.33"
"Lincoln","3","152","Louisiana","5/30/20","133","19","22061","14.29"
"Livingston","7","417","Louisiana","5/30/20","366","51","22063","13.93"
"Madison","5","90","Louisiana","5/30/20","54","36","22065","66.67"
"Morehouse","2","121","Louisiana","5/30/20","110","11","22067","10"
"Natchitoches","3","168","Louisiana","5/30/20","145","23","22069","15.86"
"Orleans","23","7108","Louisiana","5/30/20","6944","164","22071","2.36"
"Ouachita","25","1219","Louisiana","5/30/20","1041","178","22073","17.1"
"Plaquemines","2","211","Louisiana","5/30/20","198","13","22075","6.57"
"Pointe Coupee","2","195","Louisiana","5/30/20","182","13","22077","7.14"
"Rapides","26","783","Louisiana","5/30/20","600","183","22079","30.5"
"Red River","1","50","Louisiana","5/30/20","46","4","22081","8.7"
"Richland","2","128","Louisiana","5/30/20","114","14","22083","12.28"
"Sabine","1","46","Louisiana","5/30/20","39","7","22085","17.95"
"St. Bernard","2","536","Louisiana","5/30/20","521","15","22087","2.88"
"St. Charles","2","637","Louisiana","5/30/20","622","15","22089","2.41"
"St. Helena","1","51","Louisiana","5/30/20","44","7","22091","15.91"
"St. James","1","294","Louisiana","5/30/20","289","5","22093","1.73"
"St. John the Baptist","3","858","Louisiana","5/30/20","838","20","22095","2.39"
"St. Landry","1","255","Louisiana","5/30/20","247","8","22097","3.24"
"St. Martin","1","294","Louisiana","5/30/20","288","6","22099","2.08"
"St. Mary","3","317","Louisiana","5/30/20","294","23","22101","7.82"
"St. Tammany","16","1724","Louisiana","5/30/20","1609","115","22103","7.15"
"Tangipahoa","12","854","Louisiana","5/30/20","767","87","22105","11.34"
"Tensas","0","11","Louisiana","5/30/20","10","1","22107","10"
"Terrebonne","6","667","Louisiana","5/30/20","623","44","22109","7.06"
"Union","4","313","Louisiana","5/30/20","287","26","22111","9.06"
"Vermilion","0","53","Louisiana","5/30/20","50","3","22113","6"
"Vernon","0","25","Louisiana","5/30/20","23","2","22115","8.7"
"Washington","5","419","Louisiana","5/30/20","383","36","22117","9.4"
"Webster","3","147","Louisiana","5/30/20","126","21","22119","16.67"
"West Baton Rouge","1","161","Louisiana","5/30/20","154","7","22121","4.55"
"West Carroll","4","61","Louisiana","5/30/20","33","28","22123","84.85"
"West Feliciana","2","208","Louisiana","5/30/20","194","14","22125","7.22"
"Winn","7","163","Louisiana","5/30/20","112","51","22127","45.54"
"Androscoggin","9","287","Maine","5/30/20","227","60","23001","26.43"
"Aroostook","0","10","Maine","5/30/20","8","2","23003","25"
"Cumberland","20","1146","Maine","5/30/20","1009","137","23005","13.58"
"Franklin","0","36","Maine","5/30/20","36","0","23007","0"
"Hancock","0","11","Maine","5/30/20","11","0","23009","0"
"Kennebec","0","128","Maine","5/30/20","126","2","23011","1.59"
"Knox","0","20","Maine","5/30/20","20","0","23013","0"
"Lincoln","0","20","Maine","5/30/20","19","1","23015","5.26"
"Oxford","2","33","Maine","5/30/20","19","14","23017","73.68"
"Penobscot","0","100","Maine","5/30/20","98","2","23019","2.04"
"Piscataquis","0","1","Maine","5/30/20","1","0","23021","0"
"Sagadahoc","0","30","Maine","5/30/20","28","2","23023","7.14"
"Somerset","0","22","Maine","5/30/20","21","1","23025","4.76"
"Waldo","0","51","Maine","5/30/20","51","0","23027","0"
"Washington","0","2","Maine","5/30/20","2","0","23029","0"
"York","6","381","Maine","5/30/20","337","44","23031","13.06"
"Allegany","1","177","Maryland","5/30/20","168","9","24001","5.36"
"Anne Arundel","66","3743","Maryland","5/30/20","3282","461","24003","14.05"
"Baltimore","95","5955","Maryland","5/30/20","5290","665","24005","12.57"
"Baltimore City","127","5564","Maryland","5/30/20","4673","891","24510","19.07"
"Calvert","5","334","Maryland","5/30/20","298","36","24009","12.08"
"Caroline","3","253","Maryland","5/30/20","231","22","24011","9.52"
"Carroll","16","880","Maryland","5/30/20","765","115","24013","15.03"
"Cecil","3","366","Maryland","5/30/20","342","24","24015","7.02"
"Charles","17","1085","Maryland","5/30/20","969","116","24017","11.97"
"Dorchester","2","141","Maryland","5/30/20","126","15","24019","11.9"
"Frederick","33","1890","Maryland","5/30/20","1661","229","24021","13.79"
"Garrett","0","10","Maryland","5/30/20","7","3","24023","42.86"
"Harford","14","861","Maryland","5/30/20","764","97","24025","12.7"
"Howard","38","1905","Maryland","5/30/20","1638","267","24027","16.3"
"Kent","3","170","Maryland","5/30/20","148","22","24029","14.86"
"Montgomery","222","11251","Maryland","5/30/20","9699","1552","24031","16"
"Prince George's","243","15022","Maryland","5/30/20","13324","1698","24033","12.74"
"Queen Anne's","2","159","Maryland","5/30/20","146","13","24035","8.9"
"Somerset","0","73","Maryland","5/30/20","71","2","24039","2.82"
"St. Mary's","13","471","Maryland","5/30/20","379","92","24037","24.27"
"Talbot","3","96","Maryland","5/30/20","77","19","24041","24.68"
"Washington","8","456","Maryland","5/30/20","398","58","24043","14.57"
"Wicomico","12","943","Maryland","5/30/20","859","84","24045","9.78"
"Worcester","4","210","Maryland","5/30/20","180","30","24047","16.67"
"Barnstable","8","1413","Massachusetts","5/30/20","1357","56","25001","4.13"
"Berkshire","4","567","Massachusetts","5/30/20","536","31","25003","5.78"
"Bristol","97","7251","Massachusetts","5/30/20","6569","682","25005","10.38"
"Dukes and Nantucket","0","52","Massachusetts","5/30/20","52","0","00000","0"
"Essex","118","14528","Massachusetts","5/30/20","13699","829","25009","6.05"
"Franklin","2","334","Massachusetts","5/30/20","323","11","25011","3.41"
"Hampden","53","6110","Massachusetts","5/30/20","5736","374","25013","6.52"
"Hampshire","5","885","Massachusetts","5/30/20","847","38","25015","4.49"
"Middlesex","148","21976","Massachusetts","5/30/20","20942","1034","25017","4.94"
"Norfolk","45","8504","Massachusetts","5/30/20","8192","312","25021","3.81"
"Plymouth","51","8128","Massachusetts","5/30/20","7768","360","25023","4.63"
"Suffolk","95","18467","Massachusetts","5/30/20","17805","662","25025","3.72"
"Worcester","103","11184","Massachusetts","5/30/20","10460","724","25027","6.92"
"Alcona","1","17","Michigan","5/30/20","13","4","26001","30.77"
"Allegan","3","254","Michigan","5/30/20","236","18","26005","7.63"
"Alpena","0","101","Michigan","5/30/20","101","0","26007","0"
"Antrim","0","13","Michigan","5/30/20","12","1","26009","8.33"
"Arenac","0","38","Michigan","5/30/20","36","2","26011","5.56"
"Baraga","0","1","Michigan","5/30/20","1","0","26013","0"
"Barry","1","79","Michigan","5/30/20","75","4","26015","5.33"
"Bay","4","339","Michigan","5/30/20","312","27","26017","8.65"
"Benzie","0","4","Michigan","5/30/20","4","0","26019","0"
"Berrien","6","752","Michigan","5/30/20","712","40","26021","5.62"
"Branch","3","129","Michigan","5/30/20","109","20","26023","18.35"
"Calhoun","5","410","Michigan","5/30/20","377","33","26025","8.75"
"Cass","1","95","Michigan","5/30/20","87","8","26027","9.2"
"Charlevoix","0","18","Michigan","5/30/20","17","1","26029","5.88"
"Cheboygan","0","26","Michigan","5/30/20","26","0","26031","0"
"Chippewa","0","3","Michigan","5/30/20","3","0","26033","0"
"Clare","0","19","Michigan","5/30/20","18","1","26035","5.56"
"Clinton","1","175","Michigan","5/30/20","167","8","26037","4.79"
"Crawford","0","62","Michigan","5/30/20","62","0","26039","0"
"Delta","0","20","Michigan","5/30/20","20","0","26041","0"
"Dickinson","0","5","Michigan","5/30/20","5","0","26043","0"
"Eaton","2","240","Michigan","5/30/20","223","17","26045","7.62"
"Emmet","0","26","Michigan","5/30/20","25","1","26047","4"
"Federal Correctional Institution (FCI)","2","146","Michigan","5/30/20","129","17","00000","13.18"
"Genesee","16","2449","Michigan","5/30/20","2337","112","26049","4.79"
"Gladwin","0","18","Michigan","5/30/20","17","1","26051","5.88"
"Gogebic","0","5","Michigan","5/30/20","5","0","26053","0"
"Grand Traverse","1","28","Michigan","5/30/20","24","4","26055","16.67"
"Gratiot","1","83","Michigan","5/30/20","76","7","26057","9.21"
"Hillsdale","0","176","Michigan","5/30/20","174","2","26059","1.15"
"Houghton","1","6","Michigan","5/30/20","2","4","26061","200"
"Huron","0","52","Michigan","5/30/20","50","2","26063","4"
"Ingham","6","773","Michigan","5/30/20","730","43","26065","5.89"
"Ionia","1","165","Michigan","5/30/20","159","6","26067","3.77"
"Iosco","2","109","Michigan","5/30/20","92","17","26069","18.48"
"Isabella","1","92","Michigan","5/30/20","85","7","26073","8.24"
"Jackson","11","532","Michigan","5/30/20","453","79","26075","17.44"
"Kalamazoo","6","884","Michigan","5/30/20","839","45","26077","5.36"
"Kalkaska","0","30","Michigan","5/30/20","30","0","26079","0"
"Kent","51","3878","Michigan","5/30/20","3520","358","26081","10.17"
"Lake","0","8","Michigan","5/30/20","6","2","26085","33.33"
"Lapeer","1","216","Michigan","5/30/20","210","6","26087","2.86"
"Leelanau","0","11","Michigan","5/30/20","11","0","26089","0"
"Lenawee","1","184","Michigan","5/30/20","178","6","26091","3.37"
"Livingston","2","492","Michigan","5/30/20","477","15","26093","3.14"
"Luce","0","3","Michigan","5/30/20","3","0","26095","0"
"Mackinac","0","8","Michigan","5/30/20","6","2","26097","33.33"
"Macomb","23","6771","Michigan","5/30/20","6609","162","26099","2.45"
"Manistee","0","12","Michigan","5/30/20","12","0","26101","0"
"Marquette","0","55","Michigan","5/30/20","53","2","26103","3.77"
"Mason","0","38","Michigan","5/30/20","37","1","26105","2.7"
"Mecosta","0","24","Michigan","5/30/20","22","2","26107","9.09"
"Menominee","0","8","Michigan","5/30/20","8","0","26109","0"
"Michigan Department of Corrections (MDOC)","89","4018","Michigan","5/30/20","3392","626","00000","18.46"
"Midland","1","120","Michigan","5/30/20","116","4","26111","3.45"
"Missaukee","0","22","Michigan","5/30/20","22","0","26113","0"
"Monroe","2","525","Michigan","5/30/20","508","17","26115","3.35"
"Montcalm","0","71","Michigan","5/30/20","71","0","26117","0"
"Montmorency","0","5","Michigan","5/30/20","5","0","26119","0"
"Muskegon","8","645","Michigan","5/30/20","587","58","26121","9.88"
"Newaygo","4","110","Michigan","5/30/20","84","26","26123","30.95"
"Oakland","66","10656","Michigan","5/30/20","10197","459","26125","4.5"
"Oceana","2","93","Michigan","5/30/20","82","11","26127","13.41"
"Ogemaw","0","29","Michigan","5/30/20","28","1","26129","3.57"
"Osceola","0","14","Michigan","5/30/20","13","1","26133","7.69"
"Oscoda","0","8","Michigan","5/30/20","8","0","26135","0"
"Otsego","0","118","Michigan","5/30/20","118","0","26137","0"
"Ottawa","14","832","Michigan","5/30/20","737","95","26139","12.89"
"Out of MI","-4","36","Michigan","5/30/20","61","-25","80026","-40.98"
"Presque Isle","0","11","Michigan","5/30/20","11","0","26141","0"
"Roscommon","0","24","Michigan","5/30/20","23","1","26143","4.35"
"Saginaw","7","1053","Michigan","5/30/20","1003","50","26145","4.99"
"Sanilac","0","42","Michigan","5/30/20","40","2","26151","5"
"Schoolcraft","0","4","Michigan","5/30/20","4","0","26153","0"
"Shiawassee","1","261","Michigan","5/30/20","257","4","26155","1.56"
"St. Clair","3","509","Michigan","5/30/20","490","19","26147","3.88"
"St. Joseph","3","122","Michigan","5/30/20","104","18","26149","17.31"
"Tuscola","1","192","Michigan","5/30/20","186","6","26157","3.23"
"Van Buren","3","161","Michigan","5/30/20","142","19","26159","13.38"
"Washtenaw","10","1508","Michigan","5/30/20","1440","68","26161","4.72"
"Wayne","87","20917","Michigan","5/30/20","20305","612","26163","3.01"
"Wexford","0","13","Michigan","5/30/20","13","0","26165","0"
"Aitkin","0","8","Minnesota","5/30/20","6","2","27001","33.33"
"Anoka","39","1363","Minnesota","5/30/20","1092","271","27003","24.82"
"Becker","1","39","Minnesota","5/30/20","32","7","27005","21.88"
"Beltrami","0","14","Minnesota","5/30/20","12","2","27007","16.67"
"Benton","2","175","Minnesota","5/30/20","161","14","27009","8.7"
"Big Stone","0","4","Minnesota","5/30/20","3","1","27011","33.33"
"Blue Earth","4","138","Minnesota","5/30/20","110","28","27013","25.45"
"Brown","1","15","Minnesota","5/30/20","11","4","27015","36.36"
"Carlton","0","73","Minnesota","5/30/20","71","2","27017","2.82"
"Carver","7","206","Minnesota","5/30/20","154","52","27019","33.77"
"Cass","0","13","Minnesota","5/30/20","11","2","27021","18.18"
"Chippewa","1","49","Minnesota","5/30/20","39","10","27023","25.64"
"Chisago","2","61","Minnesota","5/30/20","44","17","27025","38.64"
"Clay","9","424","Minnesota","5/30/20","361","63","27027","17.45"
"Clearwater","0","3","Minnesota","5/30/20","2","1","27029","50"
"Cottonwood","1","70","Minnesota","5/30/20","62","8","27033","12.9"
"Crow Wing","4","68","Minnesota","5/30/20","42","26","27035","61.9"
"Dakota","38","1263","Minnesota","5/30/20","999","264","27037","26.43"
"Dodge","1","52","Minnesota","5/30/20","43","9","27039","20.93"
"Douglas","2","41","Minnesota","5/30/20","27","14","27041","51.85"
"Faribault","1","18","Minnesota","5/30/20","11","7","27043","63.64"
"Fillmore","0","17","Minnesota","5/30/20","17","0","27045","0"
"Freeborn","5","115","Minnesota","5/30/20","82","33","27047","40.24"
"Goodhue","2","66","Minnesota","5/30/20","50","16","27049","32"
"Grant","0","4","Minnesota","5/30/20","2","2","27051","100"
"Hennepin","219","8181","Minnesota","5/30/20","6649","1532","27053","23.04"
"Houston","0","2","Minnesota","5/30/20","2","0","27055","0"
"Hubbard","0","3","Minnesota","5/30/20","1","2","27057","200"
"Isanti","1","32","Minnesota","5/30/20","24","8","27059","33.33"
"Itasca","0","54","Minnesota","5/30/20","51","3","27061","5.88"
"Jackson","0","39","Minnesota","5/30/20","38","1","27063","2.63"
"Kanabec","0","11","Minnesota","5/30/20","11","0","27065","0"
"Kandiyohi","6","490","Minnesota","5/30/20","449","41","27067","9.13"
"Kittson","0","1","Minnesota","5/30/20","1","0","27069","0"
"Koochiching","0","7","Minnesota","5/30/20","4","3","27071","75"
"Lac qui Parle","0","3","Minnesota","5/30/20","3","0","27073","0"
"Lake","0","1","Minnesota","5/30/20","1","0","27075","0"
"Le Sueur","0","44","Minnesota","5/30/20","41","3","27079","7.32"
"Lincoln","0","5","Minnesota","5/30/20","5","0","27081","0"
"Lyon","3","49","Minnesota","5/30/20","31","18","27083","58.06"
"Mahnomen","0","6","Minnesota","5/30/20","5","1","27087","20"
"Marshall","0","10","Minnesota","5/30/20","8","2","27089","25"
"Martin","1","129","Minnesota","5/30/20","124","5","27091","4.03"
"McLeod","1","34","Minnesota","5/30/20","26","8","27085","30.77"
"Meeker","0","45","Minnesota","5/30/20","43","2","27093","4.65"
"Mille Lacs","1","19","Minnesota","5/30/20","15","4","27095","26.67"
"Morrison","1","45","Minnesota","5/30/20","36","9","27097","25"
"Mower","24","303","Minnesota","5/30/20","138","165","27099","119.57"
"Murray","1","39","Minnesota","5/30/20","35","4","27101","11.43"
"Nicollet","3","86","Minnesota","5/30/20","64","22","27103","34.38"
"Nobles","10","1512","Minnesota","5/30/20","1444","68","27105","4.71"
"Norman","0","13","Minnesota","5/30/20","11","2","27107","18.18"
"Olmsted","9","608","Minnesota","5/30/20","542","66","27109","12.18"
"Otter Tail","2","64","Minnesota","5/30/20","53","11","27111","20.75"
"Pennington","1","17","Minnesota","5/30/20","7","10","27113","142.86"
"Pine","1","89","Minnesota","5/30/20","84","5","27115","5.95"
"Pipestone","0","12","Minnesota","5/30/20","10","2","27117","20"
"Polk","0","61","Minnesota","5/30/20","59","2","27119","3.39"
"Pope","0","9","Minnesota","5/30/20","6","3","27121","50"
"Ramsey","100","2863","Minnesota","5/30/20","2164","699","27123","32.3"
"Red Lake","0","4","Minnesota","5/30/20","3","1","27125","33.33"
"Redwood","0","4","Minnesota","5/30/20","3","1","27127","33.33"
"Renville","0","5","Minnesota","5/30/20","5","0","27129","0"
"Rice","14","452","Minnesota","5/30/20","352","100","27131","28.41"
"Rock","0","22","Minnesota","5/30/20","20","2","27133","10"
"Roseau","0","3","Minnesota","5/30/20","1","2","27135","200"
"Scott","11","408","Minnesota","5/30/20","334","74","27139","22.16"
"Sherburne","5","237","Minnesota","5/30/20","202","35","27141","17.33"
"Sibley","1","16","Minnesota","5/30/20","12","4","27143","33.33"
"St. Louis","1","118","Minnesota","5/30/20","110","8","27137","7.27"
"Stearns","14","2014","Minnesota","5/30/20","1918","96","27145","5.01"
"Steele","3","159","Minnesota","5/30/20","138","21","27147","15.22"
"Stevens","0","1","Minnesota","5/30/20","0","1","27149","1"
"Swift","0","18","Minnesota","5/30/20","15","3","27151","20"
"Todd","19","313","Minnesota","5/30/20","183","130","27153","71.04"
"Traverse","0","3","Minnesota","5/30/20","3","0","27155","0"
"Wabasha","0","18","Minnesota","5/30/20","16","2","27157","12.5"
"Wadena","0","9","Minnesota","5/30/20","6","3","27159","50"
"Waseca","0","26","Minnesota","5/30/20","24","2","27161","8.33"
"Washington","19","617","Minnesota","5/30/20","485","132","27163","27.22"
"Watonwan","4","71","Minnesota","5/30/20","46","25","27165","54.35"
"Wilkin","0","11","Minnesota","5/30/20","11","0","27167","0"
"Winona","0","79","Minnesota","5/30/20","77","2","27169","2.6"
"Wright","11","305","Minnesota","5/30/20","231","74","27171","32.03"
"Yellow Medicine","0","6","Minnesota","5/30/20","5","1","27173","20"
"Adams","2","196","Mississippi","5/30/20","181","15","28001","8.29"
"Alcorn","0","17","Mississippi","5/30/20","15","2","28003","13.33"
"Amite","1","60","Mississippi","5/30/20","50","10","28005","20"
"Attala","3","292","Mississippi","5/30/20","270","22","28007","8.15"
"Benton","0","15","Mississippi","5/30/20","14","1","28009","7.14"
"Bolivar","3","160","Mississippi","5/30/20","136","24","28011","17.65"
"Calhoun","1","64","Mississippi","5/30/20","60","4","28013","6.67"
"Carroll","1","117","Mississippi","5/30/20","113","4","28015","3.54"
"Chickasaw","1","133","Mississippi","5/30/20","125","8","28017","6.4"
"Choctaw","2","43","Mississippi","5/30/20","29","14","28019","48.28"
"Claiborne","8","111","Mississippi","5/30/20","57","54","28021","94.74"
"Clarke","3","143","Mississippi","5/30/20","124","19","28023","15.32"
"Clay","2","112","Mississippi","5/30/20","96","16","28025","16.67"
"Coahoma","4","121","Mississippi","5/30/20","96","25","28027","26.04"
"Copiah","5","310","Mississippi","5/30/20","273","37","28029","13.55"
"Covington","5","165","Mississippi","5/30/20","127","38","28031","29.92"
"DeSoto","11","533","Mississippi","5/30/20","458","75","28033","16.38"
"Forrest","11","553","Mississippi","5/30/20","478","75","28035","15.69"
"Franklin","0","28","Mississippi","5/30/20","25","3","28037","12"
"George","1","25","Mississippi","5/30/20","19","6","28039","31.58"
"Greene","1","12","Mississippi","5/30/20","7","5","28041","71.43"
"Grenada","2","89","Mississippi","5/30/20","72","17","28043","23.61"
"Hancock","1","90","Mississippi","5/30/20","84","6","28045","7.14"
"Harrison","4","257","Mississippi","5/30/20","231","26","28047","11.26"
"Hinds","17","999","Mississippi","5/30/20","877","122","28049","13.91"
"Holmes","5","397","Mississippi","5/30/20","359","38","28051","10.58"
"Humphreys","1","60","Mississippi","5/30/20","52","8","28053","15.38"
"Itawamba","1","87","Mississippi","5/30/20","82","5","28057","6.1"
"Jackson","1","305","Mississippi","5/30/20","296","9","28059","3.04"
"Jasper","3","157","Mississippi","5/30/20","135","22","28061","16.3"
"Jefferson","0","42","Mississippi","5/30/20","40","2","28063","5"
"Jefferson Davis","1","77","Mississippi","5/30/20","70","7","28065","10"
"Jones","23","598","Mississippi","5/30/20","435","163","28067","37.47"
"Kemper","4","144","Mississippi","5/30/20","118","26","28069","22.03"
"Lafayette","2","131","Mississippi","5/30/20","118","13","28071","11.02"
"Lamar","2","235","Mississippi","5/30/20","218","17","28073","7.8"
"Lauderdale","9","735","Mississippi","5/30/20","670","65","28075","9.7"
"Lawrence","2","102","Mississippi","5/30/20","86","16","28077","18.6"
"Leake","6","421","Mississippi","5/30/20","382","39","28079","10.21"
"Lee","7","149","Mississippi","5/30/20","101","48","28081","47.52"
"Leflore","3","258","Mississippi","5/30/20","240","18","28083","7.5"
"Lincoln","3","256","Mississippi","5/30/20","238","18","28085","7.56"
"Lowndes","8","211","Mississippi","5/30/20","158","53","28087","33.54"
"Madison","12","720","Mississippi","5/30/20","639","81","28089","12.68"
"Marion","2","115","Mississippi","5/30/20","104","11","28091","10.58"
"Marshall","2","83","Mississippi","5/30/20","69","14","28093","20.29"
"Monroe","2","255","Mississippi","5/30/20","241","14","28095","5.81"
"Montgomery","1","83","Mississippi","5/30/20","78","5","28097","6.41"
"Neshoba","17","630","Mississippi","5/30/20","511","119","28099","23.29"
"Newton","7","271","Mississippi","5/30/20","221","50","28101","22.62"
"Noxubee","4","185","Mississippi","5/30/20","157","28","28103","17.83"
"Oktibbeha","15","235","Mississippi","5/30/20","128","107","28105","83.59"
"Panola","1","70","Mississippi","5/30/20","61","9","28107","14.75"
"Pearl River","1","209","Mississippi","5/30/20","203","6","28109","2.96"
"Perry","1","50","Mississippi","5/30/20","43","7","28111","16.28"
"Pike","1","202","Mississippi","5/30/20","194","8","28113","4.12"
"Pontotoc","1","32","Mississippi","5/30/20","26","6","28115","23.08"
"Prentiss","2","52","Mississippi","5/30/20","37","15","28117","40.54"
"Quitman","0","26","Mississippi","5/30/20","23","3","28119","13.04"
"Rankin","12","421","Mississippi","5/30/20","336","85","28121","25.3"
"Scott","9","650","Mississippi","5/30/20","587","63","28123","10.73"
"Sharkey","0","7","Mississippi","5/30/20","7","0","28125","0"
"Simpson","3","101","Mississippi","5/30/20","83","18","28127","21.69"
"Smith","3","150","Mississippi","5/30/20","126","24","28129","19.05"
"Stone","0","30","Mississippi","5/30/20","30","0","28131","0"
"Sunflower","1","81","Mississippi","5/30/20","77","4","28133","5.19"
"Tallahatchie","1","27","Mississippi","5/30/20","23","4","28135","17.39"
"Tate","4","89","Mississippi","5/30/20","58","31","28137","53.45"
"Tippah","1","73","Mississippi","5/30/20","69","4","28139","5.8"
"Tishomingo","1","32","Mississippi","5/30/20","23","9","28141","39.13"
"Tunica","1","54","Mississippi","5/30/20","48","6","28143","12.5"
"Union","2","83","Mississippi","5/30/20","70","13","28145","18.57"
"Walthall","1","55","Mississippi","5/30/20","51","4","28147","7.84"
"Warren","3","171","Mississippi","5/30/20","148","23","28149","15.54"
"Washington","2","168","Mississippi","5/30/20","151","17","28151","11.26"
"Wayne","14","177","Mississippi","5/30/20","76","101","28153","132.89"
"Webster","6","69","Mississippi","5/30/20","27","42","28155","155.56"
"Wilkinson","1","88","Mississippi","5/30/20","81","7","28157","8.64"
"Winston","2","112","Mississippi","5/30/20","98","14","28159","14.29"
"Yalobusha","1","90","Mississippi","5/30/20","82","8","28161","9.76"
"Yazoo","10","273","Mississippi","5/30/20","204","69","28163","33.82"
"Adair","2","51","Missouri","5/30/20","38","13","29001","34.21"
"Andrew","1","30","Missouri","5/30/20","20","10","29003","50"
"Atchison","0","3","Missouri","5/30/20","3","0","29005","0"
"Audrain","6","79","Missouri","5/30/20","34","45","29007","132.35"
"Barry","0","9","Missouri","5/30/20","8","1","29009","12.5"
"Bates","0","7","Missouri","5/30/20","7","0","29013","0"
"Benton","0","11","Missouri","5/30/20","10","1","29015","10"
"Bollinger","0","6","Missouri","5/30/20","6","0","29017","0"
"Boone","5","147","Missouri","5/30/20","115","32","29019","27.83"
"Buchanan","12","690","Missouri","5/30/20","609","81","29021","13.3"
"Butler","1","35","Missouri","5/30/20","28","7","29023","25"
"Caldwell","0","5","Missouri","5/30/20","5","0","29025","0"
"Callaway","1","29","Missouri","5/30/20","24","5","29027","20.83"
"Camden","0","38","Missouri","5/30/20","36","2","29029","5.56"
"Cape Girardeau","2","73","Missouri","5/30/20","58","15","29031","25.86"
"Carroll","0","8","Missouri","5/30/20","7","1","29033","14.29"
"Carter","0","5","Missouri","5/30/20","4","1","29035","25"
"Cass","2","89","Missouri","5/30/20","77","12","29037","15.58"
"Cedar","0","9","Missouri","5/30/20","9","0","29039","0"
"Chariton","0","6","Missouri","5/30/20","6","0","29041","0"
"Christian","0","23","Missouri","5/30/20","21","2","29043","9.52"
"Clark","0","1","Missouri","5/30/20","1","0","29045","0"
"Clay","4","171","Missouri","5/30/20","141","30","29047","21.28"
"Clinton","0","18","Missouri","5/30/20","18","0","29049","0"
"Cole","0","60","Missouri","5/30/20","59","1","29051","1.69"
"Cooper","0","9","Missouri","5/30/20","9","0","29053","0"
"Crawford","0","9","Missouri","5/30/20","9","0","29055","0"
"Dallas","0","3","Missouri","5/30/20","3","0","29059","0"
"Daviess","0","4","Missouri","5/30/20","4","0","29061","0"
"DeKalb","0","6","Missouri","5/30/20","5","1","29063","20"
"Dunklin","1","38","Missouri","5/30/20","28","10","29069","35.71"
"Franklin","0","139","Missouri","5/30/20","138","1","29071","0.72"
"Gasconade","0","2","Missouri","5/30/20","2","0","29073","0"
"Gentry","3","26","Missouri","5/30/20","6","20","29075","333.33"
"Greene","4","148","Missouri","5/30/20","121","27","29077","22.31"
"Harrison","0","9","Missouri","5/30/20","8","1","29081","12.5"
"Henry","0","12","Missouri","5/30/20","9","3","29083","33.33"
"Holt","0","1","Missouri","5/30/20","1","0","29087","0"
"Howard","0","3","Missouri","5/30/20","3","0","29089","0"
"Howell","0","7","Missouri","5/30/20","5","2","29091","40"
"Iron","0","2","Missouri","5/30/20","2","0","29093","0"
"Jackson","11","570","Missouri","5/30/20","495","75","29095","15.15"
"Jasper","1","36","Missouri","5/30/20","32","4","29097","12.5"
"Jefferson","2","349","Missouri","5/30/20","337","12","29099","3.56"
"Johnson","1","76","Missouri","5/30/20","72","4","29101","5.56"
"Kansas City","23","1149","Missouri","5/30/20","991","158","00000","15.94"
"Laclede","0","3","Missouri","5/30/20","3","0","29105","0"
"Lafayette","1","73","Missouri","5/30/20","69","4","29107","5.8"
"Lawrence","0","8","Missouri","5/30/20","8","0","29109","0"
"Lewis","0","7","Missouri","5/30/20","7","0","29111","0"
"Lincoln","0","109","Missouri","5/30/20","106","3","29113","2.83"
"Linn","1","9","Missouri","5/30/20","5","4","29115","80"
"Livingston","0","3","Missouri","5/30/20","3","0","29117","0"
"Macon","0","4","Missouri","5/30/20","2","2","29121","100"
"Madison","0","3","Missouri","5/30/20","3","0","29123","0"
"Maries","0","2","Missouri","5/30/20","2","0","29125","0"
"Marion","0","5","Missouri","5/30/20","5","0","29127","0"
"McDonald","1","20","Missouri","5/30/20","15","5","29119","33.33"
"Miller","0","4","Missouri","5/30/20","4","0","29131","0"
"Mississippi","0","56","Missouri","5/30/20","54","2","29133","3.7"
"Moniteau","0","46","Missouri","5/30/20","45","1","29135","2.22"
"Montgomery","0","9","Missouri","5/30/20","8","1","29139","12.5"
"Morgan","0","9","Missouri","5/30/20","8","1","29141","12.5"
"New Madrid","1","21","Missouri","5/30/20","17","4","29143","23.53"
"Newton","0","16","Missouri","5/30/20","16","0","29145","0"
"Nodaway","1","13","Missouri","5/30/20","8","5","29147","62.5"
"Oregon","0","2","Missouri","5/30/20","2","0","29149","0"
"Osage","0","5","Missouri","5/30/20","5","0","29151","0"
"Pemiscot","1","78","Missouri","5/30/20","72","6","29155","8.33"
"Perry","1","57","Missouri","5/30/20","49","8","29157","16.33"
"Pettis","1","78","Missouri","5/30/20","70","8","29159","11.43"
"Phelps","0","4","Missouri","5/30/20","4","0","29161","0"
"Pike","1","19","Missouri","5/30/20","14","5","29163","35.71"
"Platte","1","70","Missouri","5/30/20","63","7","29165","11.11"
"Polk","0","3","Missouri","5/30/20","3","0","29167","0"
"Pulaski","0","34","Missouri","5/30/20","33","1","29169","3.03"
"Ralls","0","3","Missouri","5/30/20","2","1","29173","50"
"Randolph","0","10","Missouri","5/30/20","8","2","29175","25"
"Ray","1","19","Missouri","5/30/20","15","4","29177","26.67"
"Reynolds","0","2","Missouri","5/30/20","2","0","29179","0"
"Ripley","0","7","Missouri","5/30/20","7","0","29181","0"
"Saline","0","269","Missouri","5/30/20","266","3","29195","1.13"
"Scotland","0","4","Missouri","5/30/20","4","0","29199","0"
"Scott","2","108","Missouri","5/30/20","91","17","29201","18.68"
"Shelby","0","1","Missouri","5/30/20","1","0","29205","0"
"St. Charles","6","775","Missouri","5/30/20","730","45","29183","6.16"
"St. Clair","0","3","Missouri","5/30/20","3","0","29185","0"
"St. Francois","0","35","Missouri","5/30/20","33","2","29187","6.06"
"St. Louis","52","5014","Missouri","5/30/20","4650","364","29189","7.83"
"St. Louis City","20","1930","Missouri","5/30/20","1789","141","29510","7.88"
"Ste. Genevieve","1","12","Missouri","5/30/20","8","4","29186","50"
"Stoddard","1","79","Missouri","5/30/20","70","9","29207","12.86"
"Stone","0","4","Missouri","5/30/20","4","0","29209","0"
"Sullivan","2","57","Missouri","5/30/20","44","13","29211","29.55"
"Taney","0","14","Missouri","5/30/20","14","0","29213","0"
"Texas","0","1","Missouri","5/30/20","0","1","29215","1"
"Vernon","0","9","Missouri","5/30/20","7","2","29217","28.57"
"Warren","0","28","Missouri","5/30/20","28","0","29219","0"
"Washington","0","11","Missouri","5/30/20","10","1","29221","10"
"Webster","0","17","Missouri","5/30/20","17","0","29225","0"
"Worth","0","4","Missouri","5/30/20","3","1","29227","33.33"
"Wright","0","11","Missouri","5/30/20","11","0","29229","0"
"Beaverhead","0","1","Montana","5/30/20","1","0","30001","0"
"Big Horn","3","28","Montana","5/30/20","8","20","30003","250"
"Broadwater","0","4","Montana","5/30/20","4","0","30007","0"
"Carbon","0","6","Montana","5/30/20","6","0","30009","0"
"Cascade","0","17","Montana","5/30/20","17","0","30013","0"
"Deer Lodge","0","3","Montana","5/30/20","3","0","30023","0"
"Flathead","0","37","Montana","5/30/20","37","0","30029","0"
"Gallatin","0","151","Montana","5/30/20","149","2","30031","1.34"
"Glacier","0","6","Montana","5/30/20","6","0","30035","0"
"Golden Valley","0","3","Montana","5/30/20","3","0","30037","0"
"Hill","0","1","Montana","5/30/20","1","0","30041","0"
"Jefferson","0","3","Montana","5/30/20","3","0","30043","0"
"Lake","0","5","Montana","5/30/20","5","0","30047","0"
"Lewis and Clark","0","16","Montana","5/30/20","16","0","30049","0"
"Liberty","0","1","Montana","5/30/20","1","0","30051","0"
"Lincoln","0","7","Montana","5/30/20","7","0","30053","0"
"Madison","0","8","Montana","5/30/20","8","0","30057","0"
"Meagher","0","1","Montana","5/30/20","1","0","30059","0"
"Missoula","0","40","Montana","5/30/20","39","1","30063","2.56"
"Musselshell","0","1","Montana","5/30/20","1","0","30065","0"
"Park","0","8","Montana","5/30/20","8","0","30067","0"
"Pondera","0","2","Montana","5/30/20","2","0","30073","0"
"Ravalli","0","13","Montana","5/30/20","13","0","30081","0"
"Richland","0","3","Montana","5/30/20","3","0","30083","0"
"Roosevelt","0","7","Montana","5/30/20","7","0","30085","0"
"Silver Bow","0","11","Montana","5/30/20","11","0","30093","0"
"Stillwater","0","1","Montana","5/30/20","1","0","30095","0"
"Toole","0","29","Montana","5/30/20","29","0","30101","0"
"Wheatland","0","1","Montana","5/30/20","1","0","30107","0"
"Yellowstone","0","91","Montana","5/30/20","88","3","30111","3.41"
"Adams","1","270","Nebraska","5/30/20","264","6","31001","2.27"
"Antelope","0","8","Nebraska","5/30/20","7","1","31003","14.29"
"Boone","0","6","Nebraska","5/30/20","3","3","31011","100"
"Box Butte","0","2","Nebraska","5/30/20","1","1","31013","100"
"Buffalo","2","156","Nebraska","5/30/20","140","16","31019","11.43"
"Burt","0","9","Nebraska","5/30/20","8","1","31021","12.5"
"Butler","0","48","Nebraska","5/30/20","45","3","31023","6.67"
"Cass","2","47","Nebraska","5/30/20","34","13","31025","38.24"
"Cedar","0","8","Nebraska","5/30/20","7","1","31027","14.29"
"Chase","0","1","Nebraska","5/30/20","0","1","31029","1"
"Cherry","0","1","Nebraska","5/30/20","1","0","31031","0"
"Cheyenne","0","9","Nebraska","5/30/20","9","0","31033","0"
"Clay","0","24","Nebraska","5/30/20","22","2","31035","9.09"
"Colfax","3","612","Nebraska","5/30/20","592","20","31037","3.38"
"Cuming","0","31","Nebraska","5/30/20","32","-1","31039","-3.12"
"Custer","0","31","Nebraska","5/30/20","30","1","31041","3.33"
"Dakota","12","1661","Nebraska","5/30/20","1575","86","31043","5.46"
"Dawes","0","1","Nebraska","5/30/20","1","0","31045","0"
"Dawson","3","835","Nebraska","5/30/20","816","19","31047","2.33"
"Dixon","0","27","Nebraska","5/30/20","24","3","31051","12.5"
"Dodge","16","463","Nebraska","5/30/20","351","112","31053","31.91"
"Douglas","150","4073","Nebraska","5/30/20","3024","1049","31055","34.69"
"Fillmore","0","6","Nebraska","5/30/20","5","1","31059","20"
"Franklin","0","6","Nebraska","5/30/20","6","0","31061","0"
"Frontier","0","1","Nebraska","5/30/20","1","0","31063","0"
"Furnas","0","9","Nebraska","5/30/20","7","2","31065","28.57"
"Gage","0","45","Nebraska","5/30/20","44","1","31067","2.27"
"Gosper","0","13","Nebraska","5/30/20","13","0","31073","0"
"Greeley","0","2","Nebraska","5/30/20","3","-1","31077","-33.33"
"Hall","5","1495","Nebraska","5/30/20","1460","35","31079","2.4"
"Hamilton","0","55","Nebraska","5/30/20","54","1","31081","1.85"
"Harlan","0","0","Nebraska","5/30/20","1","-1","31083","-100"
"Hitchcock","0","1","Nebraska","5/30/20","1","0","31087","0"
"Holt","0","1","Nebraska","5/30/20","1","0","31089","0"
"Howard","0","42","Nebraska","5/30/20","39","3","31093","7.69"
"Jefferson","0","6","Nebraska","5/30/20","6","0","31095","0"
"Johnson","0","6","Nebraska","5/30/20","7","-1","31097","-14.29"
"Kearney","0","11","Nebraska","5/30/20","11","0","31099","0"
"Keith","0","2","Nebraska","5/30/20","2","0","31101","0"
"Kimball","0","8","Nebraska","5/30/20","8","0","31105","0"
"Knox","0","10","Nebraska","5/30/20","8","2","31107","25"
"Lancaster","23","1194","Nebraska","5/30/20","1033","161","31109","15.59"
"Lincoln","0","47","Nebraska","5/30/20","47","0","31111","0"
"Madison","3","314","Nebraska","5/30/20","296","18","31119","6.08"
"Merrick","0","33","Nebraska","5/30/20","32","1","31121","3.12"
"Morrill","0","11","Nebraska","5/30/20","10","1","31123","10"
"Nance","0","4","Nebraska","5/30/20","5","-1","31125","-20"
"Nemaha","0","3","Nebraska","5/30/20","3","0","31127","0"
"Nuckolls","0","1","Nebraska","5/30/20","1","0","31129","0"
"Otoe","0","7","Nebraska","5/30/20","6","1","31131","16.67"
"Phelps","0","20","Nebraska","5/30/20","18","2","31137","11.11"
"Pierce","1","6","Nebraska","5/30/20","2","4","31139","200"
"Platte","7","571","Nebraska","5/30/20","522","49","31141","9.39"
"Polk","0","11","Nebraska","5/30/20","9","2","31143","22.22"
"Red Willow","0","5","Nebraska","5/30/20","5","0","31145","0"
"Richardson","0","1","Nebraska","5/30/20","1","0","31147","0"
"Saline","4","497","Nebraska","5/30/20","467","30","31151","6.42"
"Sarpy","23","596","Nebraska","5/30/20","434","162","31153","37.33"
"Saunders","1","36","Nebraska","5/30/20","27","9","31155","33.33"
"Scotts Bluff","6","102","Nebraska","5/30/20","62","40","31157","64.52"
"Seward","0","28","Nebraska","5/30/20","27","1","31159","3.7"
"Sherman","0","4","Nebraska","5/30/20","2","2","31163","100"
"Stanton","1","20","Nebraska","5/30/20","16","4","31167","25"
"Thayer","0","1","Nebraska","5/30/20","0","1","31169","1"
"Thomas","0","1","Nebraska","5/30/20","1","0","31171","0"
"Thurston","3","44","Nebraska","5/30/20","24","20","31173","83.33"
"Valley","0","4","Nebraska","5/30/20","3","1","31175","33.33"
"Washington","0","29","Nebraska","5/30/20","26","3","31177","11.54"
"Wayne","0","15","Nebraska","5/30/20","12","3","31179","25"
"Webster","0","5","Nebraska","5/30/20","5","0","31181","0"
"York","0","36","Nebraska","5/30/20","35","1","31185","2.86"
"Carson City","2","95","Nevada","5/30/20","83","12","32510","14.46"
"Churchill","0","7","Nevada","5/30/20","6","1","32001","16.67"
"Clark","109","6579","Nevada","5/30/20","5815","764","32003","13.14"
"Douglas","1","31","Nevada","5/30/20","26","5","32005","19.23"
"Elko","0","24","Nevada","5/30/20","22","2","32007","9.09"
"Humboldt","0","78","Nevada","5/30/20","78","0","32013","0"
"Lander","0","20","Nevada","5/30/20","19","1","32015","5.26"
"Lincoln","0","2","Nevada","5/30/20","2","0","32017","0"
"Lyon","2","62","Nevada","5/30/20","51","11","32019","21.57"
"Mineral","0","4","Nevada","5/30/20","4","0","32021","0"
"Nye","0","62","Nevada","5/30/20","59","3","32023","5.08"
"Storey","0","1","Nevada","5/30/20","1","0","32029","0"
"Washoe","27","1548","Nevada","5/30/20","1356","192","32031","14.16"
"White Pine","0","4","Nevada","5/30/20","4","0","32033","0"
"Belknap","0","58","New Hampshire","5/30/20","55","3","33001","5.45"
"Carroll","0","46","New Hampshire","5/30/20","46","0","33003","0"
"Cheshire","1","57","New Hampshire","5/30/20","51","6","33005","11.76"
"Coos","0","5","New Hampshire","5/30/20","4","1","33007","25"
"Grafton","1","74","New Hampshire","5/30/20","69","5","33009","7.25"
"Hillsborough","42","2342","New Hampshire","5/30/20","2049","293","33011","14.3"
"Merrimack","3","334","New Hampshire","5/30/20","312","22","33013","7.05"
"Rockingham","9","1284","New Hampshire","5/30/20","1218","66","33015","5.42"
"Strafford","2","267","New Hampshire","5/30/20","253","14","33017","5.53"
"Sullivan","0","19","New Hampshire","5/30/20","17","2","33019","11.76"
"Atlantic","35","2183","New Jersey","5/30/20","1936","247","34001","12.76"
"Bergen","78","18211","New Jersey","5/30/20","17668","543","34003","3.07"
"Burlington","45","4567","New Jersey","5/30/20","4252","315","34005","7.41"
"Camden","67","6425","New Jersey","5/30/20","5953","472","34007","7.93"
"Cape May","8","615","New Jersey","5/30/20","558","57","34009","10.22"
"Cumberland","48","2259","New Jersey","5/30/20","1924","335","34011","17.41"
"Essex","62","17594","New Jersey","5/30/20","17160","434","34013","2.53"
"Gloucester","25","2217","New Jersey","5/30/20","2044","173","34015","8.46"
"Hudson","-6","18919","New Jersey","5/30/20","18959","-40","34017","-0.21"
"Hunterdon","7","985","New Jersey","5/30/20","938","47","34019","5.01"
"Mercer","71","6850","New Jersey","5/30/20","6351","499","34021","7.86"
"Middlesex","87","15824","New Jersey","5/30/20","15215","609","34023","4"
"Monmouth","63","8159","New Jersey","5/30/20","7720","439","34025","5.69"
"Morris","27","6383","New Jersey","5/30/20","6192","191","34027","3.08"
"Ocean","55","8700","New Jersey","5/30/20","8316","384","34029","4.62"
"Passaic","70","16099","New Jersey","5/30/20","15610","489","34031","3.13"
"Salem","12","621","New Jersey","5/30/20","535","86","34033","16.07"
"Somerset","20","4567","New Jersey","5/30/20","4425","142","34035","3.21"
"Sussex","4","1110","New Jersey","5/30/20","1079","31","34037","2.87"
"Union","83","15764","New Jersey","5/30/20","15186","578","34039","3.81"
"Warren","6","1162","New Jersey","5/30/20","1119","43","34041","3.84"
"Bernalillo","22","1464","New Mexico","5/30/20","1313","151","35001","11.5"
"Catron","0","2","New Mexico","5/30/20","2","0","35003","0"
"Chaves","1","45","New Mexico","5/30/20","35","10","35005","28.57"
"Cibola","2","139","New Mexico","5/30/20","122","17","35006","13.93"
"Colfax","0","5","New Mexico","5/30/20","5","0","35007","0"
"Curry","1","51","New Mexico","5/30/20","45","6","35009","13.33"
"Dona Ana","13","460","New Mexico","5/30/20","370","90","35013","24.32"
"Eddy","0","20","New Mexico","5/30/20","17","3","35015","17.65"
"Grant","0","15","New Mexico","5/30/20","16","-1","35017","-6.25"
"Guadalupe","0","20","New Mexico","5/30/20","19","1","35019","5.26"
"Harding","0","1","New Mexico","5/30/20","1","0","35021","0"
"Hidalgo","0","1","New Mexico","5/30/20","1","0","35023","0"
"Lea","1","26","New Mexico","5/30/20","21","5","35025","23.81"
"Lincoln","0","2","New Mexico","5/30/20","3","-1","35027","-33.33"
"Los Alamos","0","6","New Mexico","5/30/20","6","0","35028","0"
"Luna","0","8","New Mexico","5/30/20","8","0","35029","0"
"McKinley","46","2406","New Mexico","5/30/20","2086","320","35031","15.34"
"Otero","1","22","New Mexico","5/30/20","12","10","35035","83.33"
"Quay","0","5","New Mexico","5/30/20","5","0","35037","0"
"Rio Arriba","1","44","New Mexico","5/30/20","36","8","35039","22.22"
"Roosevelt","1","38","New Mexico","5/30/20","31","7","35041","22.58"
"San Juan","32","1715","New Mexico","5/30/20","1490","225","35045","15.1"
"San Miguel","1","15","New Mexico","5/30/20","10","5","35047","50"
"Sandoval","5","566","New Mexico","5/30/20","529","37","35043","6.99"
"Santa Fe","2","140","New Mexico","5/30/20","129","11","35049","8.53"
"Sierra","0","1","New Mexico","5/30/20","1","0","35051","0"
"Socorro","0","50","New Mexico","5/30/20","49","1","35053","2.04"
"Taos","0","25","New Mexico","5/30/20","22","3","35055","13.64"
"Torrance","2","32","New Mexico","5/30/20","19","13","35057","68.42"
"Union","0","4","New Mexico","5/30/20","3","1","35059","33.33"
"Valencia","0","73","New Mexico","5/30/20","70","3","35061","4.29"
"Albany","10","1843","New York","5/30/20","1770","73","36001","4.12"
"Allegany","0","45","New York","5/30/20","44","1","36003","2.27"
"Broome","11","561","New York","5/30/20","485","76","36007","15.67"
"Cattaraugus","1","87","New York","5/30/20","78","9","36009","11.54"
"Cayuga","2","90","New York","5/30/20","76","14","36011","18.42"
"Chautauqua","2","83","New York","5/30/20","72","11","36013","15.28"
"Chemung","0","137","New York","5/30/20","136","1","36015","0.74"
"Chenango","2","132","New York","5/30/20","118","14","36017","11.86"
"Clinton","0","95","New York","5/30/20","95","0","36019","0"
"Columbia","3","383","New York","5/30/20","359","24","36021","6.69"
"Cortland","0","41","New York","5/30/20","38","3","36023","7.89"
"Delaware","1","79","New York","5/30/20","74","5","36025","6.76"
"Dutchess","15","3899","New York","5/30/20","3793","106","36027","2.79"
"Erie","66","6014","New York","5/30/20","5552","462","36029","8.32"
"Essex","0","36","New York","5/30/20","36","0","36031","0"
"Franklin","0","22","New York","5/30/20","20","2","36033","10"
"Fulton","2","207","New York","5/30/20","193","14","36035","7.25"
"Genesee","1","200","New York","5/30/20","191","9","36037","4.71"
"Greene","3","238","New York","5/30/20","217","21","36039","9.68"
"Hamilton","0","5","New York","5/30/20","5","0","36041","0"
"Herkimer","1","107","New York","5/30/20","100","7","36043","7"
"Jefferson","0","74","New York","5/30/20","72","2","36045","2.78"
"Lewis","0","20","New York","5/30/20","19","1","36049","5.26"
"Livingston","1","118","New York","5/30/20","114","4","36051","3.51"
"Madison","1","311","New York","5/30/20","301","10","36053","3.32"
"Monroe","35","2909","New York","5/30/20","2661","248","36055","9.32"
"Montgomery","2","89","New York","5/30/20","77","12","36057","15.58"
"Nassau","83","40307","New York","5/30/20","39726","581","36059","1.46"
"New York","784","202751","New York","5/30/20","197266","5485","36061","2.78"
"Niagara","13","1020","New York","5/30/20","927","93","36063","10.03"
"Oneida","20","1006","New York","5/30/20","864","142","36065","16.44"
"Onondaga","33","2133","New York","5/30/20","1904","229","36067","12.03"
"Ontario","3","206","New York","5/30/20","182","24","36069","13.19"
"Orange","27","10389","New York","5/30/20","10197","192","36071","1.88"
"Orleans","5","228","New York","5/30/20","196","32","36073","16.33"
"Oswego","1","108","New York","5/30/20","99","9","36075","9.09"
"Otsego","0","71","New York","5/30/20","68","3","36077","4.41"
"Putnam","7","1248","New York","5/30/20","1200","48","36079","4"
"Rensselaer","3","486","New York","5/30/20","463","23","36083","4.97"
"Rockland","28","13128","New York","5/30/20","12934","194","36087","1.5"
"Saratoga","4","477","New York","5/30/20","452","25","36091","5.53"
"Schenectady","5","686","New York","5/30/20","648","38","36093","5.86"
"Schoharie","0","50","New York","5/30/20","49","1","36095","2.04"
"Schuyler","0","11","New York","5/30/20","11","0","36097","0"
"Seneca","1","58","New York","5/30/20","54","4","36099","7.41"
"St. Lawrence","1","202","New York","5/30/20","196","6","36089","3.06"
"Steuben","0","241","New York","5/30/20","240","1","36101","0.42"
"Suffolk","104","39532","New York","5/30/20","38802","730","36103","1.88"
"Sullivan","11","1375","New York","5/30/20","1297","78","36105","6.01"
"Tioga","1","128","New York","5/30/20","121","7","36107","5.79"
"Tompkins","2","161","New York","5/30/20","149","12","36109","8.05"
"Ulster","10","1678","New York","5/30/20","1606","72","36111","4.48"
"Warren","1","255","New York","5/30/20","249","6","36113","2.41"
"Washington","1","235","New York","5/30/20","225","10","36115","4.44"
"Wayne","1","113","New York","5/30/20","107","6","36117","5.61"
"Westchester","78","33429","New York","5/30/20","32881","548","36119","1.67"
"Wyoming","1","84","New York","5/30/20","80","4","36121","5"
"Yates","0","39","New York","5/30/20","37","2","36123","5.41"
"Alamance","11","342","North Carolina","5/30/20","268","74","37001","27.61"
"Alexander","1","33","North Carolina","5/30/20","27","6","37003","22.22"
"Alleghany","0","15","North Carolina","5/30/20","13","2","37005","15.38"
"Anson","1","64","North Carolina","5/30/20","58","6","37007","10.34"
"Ashe","0","36","North Carolina","5/30/20","33","3","37009","9.09"
"Avery","0","2","North Carolina","5/30/20","2","0","37011","0"
"Beaufort","0","36","North Carolina","5/30/20","35","1","37013","2.86"
"Bertie","2","122","North Carolina","5/30/20","109","13","37015","11.93"
"Bladen","1","100","North Carolina","5/30/20","92","8","37017","8.7"
"Brunswick","1","83","North Carolina","5/30/20","74","9","37019","12.16"
"Buncombe","10","323","North Carolina","5/30/20","251","72","37021","28.69"
"Burke","18","390","North Carolina","5/30/20","266","124","37023","46.62"
"Cabarrus","7","478","North Carolina","5/30/20","428","50","37025","11.68"
"Caldwell","4","132","North Carolina","5/30/20","105","27","37027","25.71"
"Camden","0","3","North Carolina","5/30/20","3","0","37029","0"
"Carteret","0","37","North Carolina","5/30/20","36","1","37031","2.78"
"Caswell","1","60","North Carolina","5/30/20","52","8","37033","15.38"
"Catawba","9","208","North Carolina","5/30/20","143","65","37035","45.45"
"Chatham","8","630","North Carolina","5/30/20","573","57","37037","9.95"
"Cherokee","0","30","North Carolina","5/30/20","30","0","37039","0"
"Chowan","0","17","North Carolina","5/30/20","15","2","37041","13.33"
"Clay","0","8","North Carolina","5/30/20","8","0","37043","0"
"Cleveland","3","89","North Carolina","5/30/20","67","22","37045","32.84"
"Columbus","6","330","North Carolina","5/30/20","289","41","37047","14.19"
"Craven","4","204","North Carolina","5/30/20","177","27","37049","15.25"
"Cumberland","16","682","North Carolina","5/30/20","569","113","37051","19.86"
"Currituck","0","13","North Carolina","5/30/20","11","2","37053","18.18"
"Dare","0","22","North Carolina","5/30/20","22","0","37055","0"
"Davidson","8","398","North Carolina","5/30/20","345","53","37057","15.36"
"Davie","3","90","North Carolina","5/30/20","67","23","37059","34.33"
"Duplin","28","794","North Carolina","5/30/20","597","197","37061","33"
"Durham","46","1552","North Carolina","5/30/20","1230","322","37063","26.18"
"Edgecombe","2","197","North Carolina","5/30/20","184","13","37065","7.07"
"Forsyth","52","1253","North Carolina","5/30/20","889","364","37067","40.94"
"Franklin","3","159","North Carolina","5/30/20","141","18","37069","12.77"
"Gaston","4","276","North Carolina","5/30/20","247","29","37071","11.74"
"Gates","0","24","North Carolina","5/30/20","21","3","37073","14.29"
"Graham","0","2","North Carolina","5/30/20","2","0","37075","0"
"Granville","8","294","North Carolina","5/30/20","239","55","37077","23.01"
"Greene","2","77","North Carolina","5/30/20","64","13","37079","20.31"
"Guilford","28","1227","North Carolina","5/30/20","1033","194","37081","18.78"
"Halifax","4","176","North Carolina","5/30/20","147","29","37083","19.73"
"Harnett","3","287","North Carolina","5/30/20","269","18","37085","6.69"
"Haywood","1","47","North Carolina","5/30/20","39","8","37087","20.51"
"Henderson","4","339","North Carolina","5/30/20","313","26","37089","8.31"
"Hertford","7","117","North Carolina","5/30/20","65","52","37091","80"
"Hoke","7","239","North Carolina","5/30/20","187","52","37093","27.81"
"Hyde","0","1","North Carolina","5/30/20","1","0","37095","0"
"Iredell","5","254","North Carolina","5/30/20","219","35","37097","15.98"
"Jackson","1","33","North Carolina","5/30/20","27","6","37099","22.22"
"Johnston","17","440","North Carolina","5/30/20","320","120","37101","37.5"
"Jones","0","28","North Carolina","5/30/20","28","0","37103","0"
"Lee","10","432","North Carolina","5/30/20","362","70","37105","19.34"
"Lenoir","5","215","North Carolina","5/30/20","182","33","37107","18.13"
"Lincoln","1","67","North Carolina","5/30/20","58","9","37109","15.52"
"Macon","8","62","North Carolina","5/30/20","8","54","37113","675"
"Madison","0","4","North Carolina","5/30/20","4","0","37115","0"
"Martin","3","70","North Carolina","5/30/20","52","18","37117","34.62"
"McDowell","4","64","North Carolina","5/30/20","38","26","37111","68.42"
"Mecklenburg","127","4028","North Carolina","5/30/20","3142","886","37119","28.2"
"Mitchell","0","12","North Carolina","5/30/20","9","3","37121","33.33"
"Montgomery","6","123","North Carolina","5/30/20","84","39","37123","46.43"
"Moore","3","220","North Carolina","5/30/20","198","22","37125","11.11"
"Nash","4","201","North Carolina","5/30/20","174","27","37127","15.52"
"New Hanover","6","193","North Carolina","5/30/20","152","41","37129","26.97"
"Northampton","3","156","North Carolina","5/30/20","137","19","37131","13.87"
"Onslow","2","108","North Carolina","5/30/20","94","14","37133","14.89"
"Orange","7","340","North Carolina","5/30/20","294","46","37135","15.65"
"Pamlico","0","10","North Carolina","5/30/20","10","0","37137","0"
"Pasquotank","1","105","North Carolina","5/30/20","95","10","37139","10.53"
"Pender","1","75","North Carolina","5/30/20","65","10","37141","15.38"
"Perquimans","0","24","North Carolina","5/30/20","23","1","37143","4.35"
"Person","2","48","North Carolina","5/30/20","37","11","37145","29.73"
"Pitt","6","295","North Carolina","5/30/20","254","41","37147","16.14"
"Polk","0","36","North Carolina","5/30/20","35","1","37149","2.86"
"Randolph","16","659","North Carolina","5/30/20","549","110","37151","20.04"
"Richmond","3","163","North Carolina","5/30/20","145","18","37153","12.41"
"Robeson","20","786","North Carolina","5/30/20","646","140","37155","21.67"
"Rockingham","4","92","North Carolina","5/30/20","65","27","37157","41.54"
"Rowan","5","640","North Carolina","5/30/20","603","37","37159","6.14"
"Rutherford","3","182","North Carolina","5/30/20","161","21","37161","13.04"
"Sampson","14","462","North Carolina","5/30/20","367","95","37163","25.89"
"Scotland","3","84","North Carolina","5/30/20","62","22","37165","35.48"
"Stanly","4","72","North Carolina","5/30/20","42","30","37167","71.43"
"Stokes","2","66","North Carolina","5/30/20","50","16","37169","32"
"Surry","7","201","North Carolina","5/30/20","151","50","37171","33.11"
"Swain","0","13","North Carolina","5/30/20","10","3","37173","30"
"Transylvania","0","13","North Carolina","5/30/20","11","2","37175","18.18"
"Tyrrell","0","4","North Carolina","5/30/20","4","0","37177","0"
"Union","7","439","North Carolina","5/30/20","393","46","37179","11.7"
"Vance","10","310","North Carolina","5/30/20","239","71","37181","29.71"
"Wake","36","1683","North Carolina","5/30/20","1434","249","37183","17.36"
"Warren","1","62","North Carolina","5/30/20","54","8","37185","14.81"
"Washington","0","27","North Carolina","5/30/20","26","1","37187","3.85"
"Watauga","1","19","North Carolina","5/30/20","13","6","37189","46.15"
"Wayne","19","1112","North Carolina","5/30/20","980","132","37191","13.47"
"Wilkes","3","494","North Carolina","5/30/20","472","22","37193","4.66"
"Wilson","5","347","North Carolina","5/30/20","309","38","37195","12.3"
"Yadkin","5","169","North Carolina","5/30/20","131","38","37197","29.01"
"Yancey","1","14","North Carolina","5/30/20","10","4","37199","40"
"Barnes","0","4","North Dakota","5/30/20","4","0","38003","0"
"Benson","0","1","North Dakota","5/30/20","1","0","38005","0"
"Bottineau","0","2","North Dakota","5/30/20","2","0","38009","0"
"Bowman","0","1","North Dakota","5/30/20","1","0","38011","0"
"Burke","0","5","North Dakota","5/30/20","5","0","38013","0"
"Burleigh","0","127","North Dakota","5/30/20","129","-2","38015","-1.55"
"Cass","28","1685","North Dakota","5/30/20","1487","198","38017","13.32"
"Divide","0","1","North Dakota","5/30/20","1","0","38023","0"
"Dunn","0","12","North Dakota","5/30/20","12","0","38025","0"
"Eddy","0","4","North Dakota","5/30/20","7","-3","38027","-42.86"
"Emmons","0","4","North Dakota","5/30/20","6","-2","38029","-33.33"
"Foster","0","1","North Dakota","5/30/20","1","0","38031","0"
"Grand Forks","2","333","North Dakota","5/30/20","321","12","38035","3.74"
"Grant","0","2","North Dakota","5/30/20","2","0","38037","0"
"Griggs","0","1","North Dakota","5/30/20","1","0","38039","0"
"McHenry","0","2","North Dakota","5/30/20","2","0","38049","0"
"McIntosh","0","1","North Dakota","5/30/20","1","0","38051","0"
"McKenzie","0","17","North Dakota","5/30/20","16","1","38053","6.25"
"McLean","0","7","North Dakota","5/30/20","7","0","38055","0"
"Mercer","0","5","North Dakota","5/30/20","5","0","38057","0"
"Morton","-1","59","North Dakota","5/30/20","64","-5","38059","-7.81"
"Mountrail","0","39","North Dakota","5/30/20","39","0","38061","0"
"Nelson","0","1","North Dakota","5/30/20","2","-1","38063","-50"
"Oliver","0","1","North Dakota","5/30/20","1","0","38065","0"
"Pembina","0","6","North Dakota","5/30/20","6","0","38067","0"
"Pierce","0","3","North Dakota","5/30/20","4","-1","38069","-25"
"Ramsey","0","8","North Dakota","5/30/20","9","-1","38071","-11.11"
"Ransom","0","8","North Dakota","5/30/20","8","0","38073","0"
"Renville","0","3","North Dakota","5/30/20","1","2","38075","200"
"Richland","1","22","North Dakota","5/30/20","15","7","38077","46.67"
"Rolette","0","6","North Dakota","5/30/20","4","2","38079","50"
"Sargent","0","3","North Dakota","5/30/20","3","0","38081","0"
"Sioux","0","2","North Dakota","5/30/20","2","0","38085","0"
"Slope","0","3","North Dakota","5/30/20","3","0","38087","0"
"Stark","0","61","North Dakota","5/30/20","61","0","38089","0"
"Steele","0","1","North Dakota","5/30/20","1","0","38091","0"
"Stutsman","1","23","North Dakota","5/30/20","18","5","38093","27.78"
"Traill","-1","12","North Dakota","5/30/20","20","-8","38097","-40"
"Walsh","0","13","North Dakota","5/30/20","11","2","38099","18.18"
"Ward","-2","37","North Dakota","5/30/20","54","-17","38101","-31.48"
"Wells","0","3","North Dakota","5/30/20","3","0","38103","0"
"Williams","0","25","North Dakota","5/30/20","25","0","38105","0"
"","0","22","Northern Mariana Islands","5/30/20","22","0",,"0"
"Adams","0","9","Ohio","5/30/20","8","1","39001","12.5"
"Allen","4","211","Ohio","5/30/20","184","27","39003","14.67"
"Ashland","0","20","Ohio","5/30/20","17","3","39005","17.65"
"Ashtabula","9","338","Ohio","5/30/20","274","64","39007","23.36"
"Athens","1","18","Ohio","5/30/20","13","5","39009","38.46"
"Auglaize","2","73","Ohio","5/30/20","58","15","39011","25.86"
"Belmont","7","428","Ohio","5/30/20","381","47","39013","12.34"
"Brown","1","28","Ohio","5/30/20","24","4","39015","16.67"
"Butler","18","874","Ohio","5/30/20","750","124","39017","16.53"
"Carroll","0","30","Ohio","5/30/20","28","2","39019","7.14"
"Champaign","0","27","Ohio","5/30/20","26","1","39021","3.85"
"Clark","12","277","Ohio","5/30/20","195","82","39023","42.05"
"Clermont","4","206","Ohio","5/30/20","177","29","39025","16.38"
"Clinton","0","43","Ohio","5/30/20","43","0","39027","0"
"Columbiana","38","743","Ohio","5/30/20","477","266","39029","55.77"
"Coshocton","2","38","Ohio","5/30/20","24","14","39031","58.33"
"Crawford","1","114","Ohio","5/30/20","104","10","39033","9.62"
"Cuyahoga","74","4369","Ohio","5/30/20","3851","518","39035","13.45"
"Darke","3","167","Ohio","5/30/20","147","20","39037","13.61"
"Defiance","0","33","Ohio","5/30/20","32","1","39039","3.12"
"Delaware","6","331","Ohio","5/30/20","292","39","39041","13.36"
"Erie","5","171","Ohio","5/30/20","137","34","39043","24.82"
"Fairfield","4","259","Ohio","5/30/20","233","26","39045","11.16"
"Fayette","1","40","Ohio","5/30/20","34","6","39047","17.65"
"Franklin","97","5773","Ohio","5/30/20","5097","676","39049","13.26"
"Fulton","1","40","Ohio","5/30/20","35","5","39051","14.29"
"Gallia","0","9","Ohio","5/30/20","7","2","39053","28.57"
"Geauga","5","282","Ohio","5/30/20","250","32","39055","12.8"
"Greene","1","101","Ohio","5/30/20","92","9","39057","9.78"
"Guernsey","1","35","Ohio","5/30/20","30","5","39059","16.67"
"Hamilton","42","2642","Ohio","5/30/20","2349","293","39061","12.47"
"Hancock","0","50","Ohio","5/30/20","48","2","39063","4.17"
"Hardin","3","60","Ohio","5/30/20","38","22","39065","57.89"
"Harrison","0","10","Ohio","5/30/20","10","0","39067","0"
"Henry","0","15","Ohio","5/30/20","14","1","39069","7.14"
"Highland","1","23","Ohio","5/30/20","18","5","39071","27.78"
"Hocking","1","69","Ohio","5/30/20","64","5","39073","7.81"
"Holmes","2","34","Ohio","5/30/20","22","12","39075","54.55"
"Huron","1","57","Ohio","5/30/20","49","8","39077","16.33"
"Jackson","0","14","Ohio","5/30/20","11","3","39079","27.27"
"Jefferson","1","67","Ohio","5/30/20","62","5","39081","8.06"
"Knox","0","25","Ohio","5/30/20","23","2","39083","8.7"
"Lake","6","306","Ohio","5/30/20","263","43","39085","16.35"
"Lawrence","0","30","Ohio","5/30/20","28","2","39087","7.14"
"Licking","6","243","Ohio","5/30/20","201","42","39089","20.9"
"Logan","0","38","Ohio","5/30/20","38","0","39091","0"
"Lorain","6","678","Ohio","5/30/20","637","41","39093","6.44"
"Lucas","22","2241","Ohio","5/30/20","2087","154","39095","7.38"
"Madison","3","152","Ohio","5/30/20","132","20","39097","15.15"
"Mahoning","16","1428","Ohio","5/30/20","1317","111","39099","8.43"
"Marion","7","2660","Ohio","5/30/20","2608","52","39101","1.99"
"Medina","9","337","Ohio","5/30/20","274","63","39103","22.99"
"Meigs","0","6","Ohio","5/30/20","6","0","39105","0"
"Mercer","5","210","Ohio","5/30/20","178","32","39107","17.98"
"Miami","1","355","Ohio","5/30/20","346","9","39109","2.6"
"Monroe","1","78","Ohio","5/30/20","71","7","39111","9.86"
"Montgomery","11","656","Ohio","5/30/20","578","78","39113","13.49"
"Morgan","0","5","Ohio","5/30/20","5","0","39115","0"
"Morrow","0","107","Ohio","5/30/20","104","3","39117","2.88"
"Muskingum","1","50","Ohio","5/30/20","44","6","39119","13.64"
"Noble","0","6","Ohio","5/30/20","5","1","39121","20"
"Ottawa","2","99","Ohio","5/30/20","87","12","39123","13.79"
"Paulding","0","14","Ohio","5/30/20","13","1","39125","7.69"
"Perry","0","18","Ohio","5/30/20","17","1","39127","5.88"
"Pickaway","2","2050","Ohio","5/30/20","2038","12","39129","0.59"
"Pike","0","6","Ohio","5/30/20","6","0","39131","0"
"Portage","2","323","Ohio","5/30/20","309","14","39133","4.53"
"Preble","1","35","Ohio","5/30/20","30","5","39135","16.67"
"Putnam","1","91","Ohio","5/30/20","85","6","39137","7.06"
"Richland","3","199","Ohio","5/30/20","179","20","39139","11.17"
"Ross","1","71","Ohio","5/30/20","62","9","39141","14.52"
"Sandusky","1","73","Ohio","5/30/20","65","8","39143","12.31"
"Scioto","0","15","Ohio","5/30/20","14","1","39145","7.14"
"Seneca","0","20","Ohio","5/30/20","17","3","39147","17.65"
"Shelby","1","41","Ohio","5/30/20","37","4","39149","10.81"
"Stark","8","723","Ohio","5/30/20","670","53","39151","7.91"
"Summit","27","1390","Ohio","5/30/20","1204","186","39153","15.45"
"Trumbull","8","569","Ohio","5/30/20","514","55","39155","10.7"
"Tuscarawas","5","342","Ohio","5/30/20","306","36","39157","11.76"
"Union","1","51","Ohio","5/30/20","42","9","39159","21.43"
"Van Wert","0","6","Ohio","5/30/20","5","1","39161","20"
"Vinton","0","21","Ohio","5/30/20","19","2","39163","10.53"
"Warren","7","366","Ohio","5/30/20","319","47","39165","14.73"
"Washington","0","118","Ohio","5/30/20","116","2","39167","1.72"
"Wayne","3","272","Ohio","5/30/20","248","24","39169","9.68"
"Williams","0","54","Ohio","5/30/20","51","3","39171","5.88"
"Wood","3","287","Ohio","5/30/20","269","18","39173","6.69"
"Wyandot","1","40","Ohio","5/30/20","36","4","39175","11.11"
"Adair","1","87","Oklahoma","5/30/20","82","5","40001","6.1"
"Alfalfa","0","1","Oklahoma","5/30/20","1","0","40003","0"
"Atoka","0","3","Oklahoma","5/30/20","1","2","40005","200"
"Beaver","0","24","Oklahoma","5/30/20","24","0","40007","0"
"Beckham","0","6","Oklahoma","5/30/20","6","0","40009","0"
"Blaine","0","6","Oklahoma","5/30/20","4","2","40011","50"
"Bryan","1","26","Oklahoma","5/30/20","21","5","40013","23.81"
"Caddo","3","158","Oklahoma","5/30/20","136","22","40015","16.18"
"Canadian","1","132","Oklahoma","5/30/20","124","8","40017","6.45"
"Carter","3","41","Oklahoma","5/30/20","22","19","40019","86.36"
"Cherokee","0","29","Oklahoma","5/30/20","28","1","40021","3.57"
"Choctaw","4","39","Oklahoma","5/30/20","14","25","40023","178.57"
"Cimarron","0","1","Oklahoma","5/30/20","1","0","40025","0"
"Cleveland","2","500","Oklahoma","5/30/20","487","13","40027","2.67"
"Coal","0","1","Oklahoma","5/30/20","1","0","40029","0"
"Comanche","1","279","Oklahoma","5/30/20","270","9","40031","3.33"
"Cotton","0","5","Oklahoma","5/30/20","5","0","40033","0"
"Craig","0","15","Oklahoma","5/30/20","15","0","40035","0"
"Creek","1","94","Oklahoma","5/30/20","89","5","40037","5.62"
"Custer","1","16","Oklahoma","5/30/20","12","4","40039","33.33"
"Delaware","0","100","Oklahoma","5/30/20","99","1","40041","1.01"
"Dewey","0","2","Oklahoma","5/30/20","3","-1","40043","-33.33"
"Garfield","0","27","Oklahoma","5/30/20","25","2","40047","8"
"Garvin","0","17","Oklahoma","5/30/20","15","2","40049","13.33"
"Grady","3","92","Oklahoma","5/30/20","73","19","40051","26.03"
"Grant","0","2","Oklahoma","5/30/20","2","0","40053","0"
"Greer","0","66","Oklahoma","5/30/20","66","0","40055","0"
"Harper","0","1","Oklahoma","5/30/20","1","0","40059","0"
"Haskell","0","6","Oklahoma","5/30/20","6","0","40061","0"
"Hughes","0","1","Oklahoma","5/30/20","0","1","40063","1"
"Jackson","1","27","Oklahoma","5/30/20","21","6","40065","28.57"
"Jefferson","0","3","Oklahoma","5/30/20","3","0","40067","0"
"Johnston","0","3","Oklahoma","5/30/20","3","0","40069","0"
"Kay","0","53","Oklahoma","5/30/20","52","1","40071","1.92"
"Kingfisher","0","11","Oklahoma","5/30/20","13","-2","40073","-15.38"
"Kiowa","0","6","Oklahoma","5/30/20","6","0","40075","0"
"Latimer","0","5","Oklahoma","5/30/20","5","0","40077","0"
"Le Flore","0","14","Oklahoma","5/30/20","13","1","40079","7.69"
"Lincoln","0","22","Oklahoma","5/30/20","21","1","40081","4.76"
"Logan","0","19","Oklahoma","5/30/20","18","1","40083","5.56"
"Love","0","15","Oklahoma","5/30/20","14","1","40085","7.14"
"Major","0","6","Oklahoma","5/30/20","6","0","40093","0"
"Marshall","0","8","Oklahoma","5/30/20","7","1","40095","14.29"
"Mayes","0","30","Oklahoma","5/30/20","29","1","40097","3.45"
"McClain","1","104","Oklahoma","5/30/20","97","7","40087","7.22"
"McCurtain","2","35","Oklahoma","5/30/20","23","12","40089","52.17"
"McIntosh","0","11","Oklahoma","5/30/20","11","0","40091","0"
"Murray","0","4","Oklahoma","5/30/20","2","2","40099","100"
"Muskogee","2","48","Oklahoma","5/30/20","35","13","40101","37.14"
"Noble","0","7","Oklahoma","5/30/20","7","0","40103","0"
"Nowata","0","23","Oklahoma","5/30/20","23","0","40105","0"
"Okfuskee","0","4","Oklahoma","5/30/20","3","1","40107","33.33"
"Oklahoma","11","1263","Oklahoma","5/30/20","1189","74","40109","6.22"
"Okmulgee","1","26","Oklahoma","5/30/20","22","4","40111","18.18"
"Osage","0","95","Oklahoma","5/30/20","94","1","40113","1.06"
"Ottawa","0","35","Oklahoma","5/30/20","35","0","40115","0"
"Pawnee","0","31","Oklahoma","5/30/20","29","2","40117","6.9"
"Payne","0","45","Oklahoma","5/30/20","45","0","40119","0"
"Pittsburg","0","41","Oklahoma","5/30/20","40","1","40121","2.5"
"Pontotoc","0","13","Oklahoma","5/30/20","11","2","40123","18.18"
"Pottawatomie","0","59","Oklahoma","5/30/20","56","3","40125","5.36"
"Pushmataha","0","2","Oklahoma","5/30/20","2","0","40127","0"
"Rogers","0","81","Oklahoma","5/30/20","78","3","40131","3.85"
"Seminole","1","26","Oklahoma","5/30/20","21","5","40133","23.81"
"Sequoyah","0","15","Oklahoma","5/30/20","14","1","40135","7.14"
"Stephens","0","38","Oklahoma","5/30/20","37","1","40137","2.7"
"Texas","9","917","Oklahoma","5/30/20","855","62","40139","7.25"
"Tillman","0","23","Oklahoma","5/30/20","22","1","40141","4.55"
"Tulsa","14","998","Oklahoma","5/30/20","903","95","40143","10.52"
"Wagoner","1","149","Oklahoma","5/30/20","145","4","40145","2.76"
"Washington","1","316","Oklahoma","5/30/20","310","6","40147","1.94"
"Washita","0","2","Oklahoma","5/30/20","1","1","40149","100"
"Woods","0","3","Oklahoma","5/30/20","3","0","40151","0"
"Woodward","0","5","Oklahoma","5/30/20","3","2","40153","66.67"
"Baker","0","1","Oregon","5/30/20","1","0","41001","0"
"Benton","0","55","Oregon","5/30/20","55","0","41003","0"
"Clackamas","2","306","Oregon","5/30/20","290","16","41005","5.52"
"Clatsop","0","45","Oregon","5/30/20","45","0","41007","0"
"Columbia","0","16","Oregon","5/30/20","16","0","41009","0"
"Coos","0","31","Oregon","5/30/20","31","0","41011","0"
"Crook","0","6","Oregon","5/30/20","4","2","41013","50"
"Curry","0","7","Oregon","5/30/20","6","1","41015","16.67"
"Deschutes","1","124","Oregon","5/30/20","117","7","41017","5.98"
"Douglas","0","27","Oregon","5/30/20","25","2","41019","8"
"Grant","0","1","Oregon","5/30/20","1","0","41023","0"
"Harney","0","1","Oregon","5/30/20","1","0","41025","0"
"Hood River","1","16","Oregon","5/30/20","12","4","41027","33.33"
"Jackson","1","65","Oregon","5/30/20","56","9","41029","16.07"
"Jefferson","1","30","Oregon","5/30/20","25","5","41031","20"
"Josephine","0","23","Oregon","5/30/20","25","-2","41033","-8"
"Klamath","0","44","Oregon","5/30/20","41","3","41035","7.32"
"Lake","0","2","Oregon","5/30/20","0","2","41037","1"
"Lane","0","69","Oregon","5/30/20","67","2","41039","2.99"
"Lincoln","1","12","Oregon","5/30/20","8","4","41041","50"
"Linn","0","115","Oregon","5/30/20","112","3","41043","2.68"
"Malheur","1","32","Oregon","5/30/20","28","4","41045","14.29"
"Marion","7","949","Oregon","5/30/20","898","51","41047","5.68"
"Morrow","0","11","Oregon","5/30/20","12","-1","41049","-8.33"
"Multnomah","15","1142","Oregon","5/30/20","1037","105","41051","10.13"
"Polk","0","98","Oregon","5/30/20","95","3","41053","3.16"
"Sherman","0","1","Oregon","5/30/20","1","0","41055","0"
"Tillamook","0","6","Oregon","5/30/20","6","0","41057","0"
"Umatilla","1","116","Oregon","5/30/20","110","6","41059","5.45"
"Union","0","6","Oregon","5/30/20","6","0","41061","0"
"Wallowa","0","2","Oregon","5/30/20","2","0","41063","0"
"Wasco","1","23","Oregon","5/30/20","18","5","41065","27.78"
"Washington","9","734","Oregon","5/30/20","673","61","41067","9.06"
"Yamhill","1","69","Oregon","5/30/20","64","5","41071","7.81"
"Adams","3","245","Pennsylvania","5/30/20","222","23","42001","10.36"
"Allegheny","21","1897","Pennsylvania","5/30/20","1753","144","42003","8.21"
"Armstrong","1","62","Pennsylvania","5/30/20","58","4","42005","6.9"
"Beaver","5","589","Pennsylvania","5/30/20","552","37","42007","6.7"
"Bedford","0","39","Pennsylvania","5/30/20","37","2","42009","5.41"
"Berks","22","4002","Pennsylvania","5/30/20","3845","157","42011","4.08"
"Blair","1","50","Pennsylvania","5/30/20","46","4","42013","8.7"
"Bradford","0","46","Pennsylvania","5/30/20","44","2","42015","4.55"
"Bucks","30","5050","Pennsylvania","5/30/20","4839","211","42017","4.36"
"Butler","2","229","Pennsylvania","5/30/20","216","13","42019","6.02"
"Cambria","0","57","Pennsylvania","5/30/20","56","1","42021","1.79"
"Cameron","0","2","Pennsylvania","5/30/20","2","0","42023","0"
"Carbon","1","235","Pennsylvania","5/30/20","227","8","42025","3.52"
"Centre","1","152","Pennsylvania","5/30/20","143","9","42027","6.29"
"Chester","44","2669","Pennsylvania","5/30/20","2364","305","42029","12.9"
"Clarion","0","27","Pennsylvania","5/30/20","28","-1","42031","-3.57"
"Clearfield","1","39","Pennsylvania","5/30/20","34","5","42033","14.71"
"Clinton","1","56","Pennsylvania","5/30/20","49","7","42035","14.29"
"Columbia","1","346","Pennsylvania","5/30/20","342","4","42037","1.17"
"Crawford","1","29","Pennsylvania","5/30/20","21","8","42039","38.1"
"Cumberland","6","626","Pennsylvania","5/30/20","584","42","42041","7.19"
"Dauphin","28","1258","Pennsylvania","5/30/20","1061","197","42043","18.57"
"Delaware","44","6420","Pennsylvania","5/30/20","6114","306","42045","5"
"Elk","0","6","Pennsylvania","5/30/20","6","0","42047","0"
"Erie","9","274","Pennsylvania","5/30/20","210","64","42049","30.48"
"Fayette","0","95","Pennsylvania","5/30/20","94","1","42051","1.06"
"Forest","0","7","Pennsylvania","5/30/20","7","0","42053","0"
"Franklin","8","767","Pennsylvania","5/30/20","711","56","42055","7.88"
"Fulton","0","15","Pennsylvania","5/30/20","14","1","42057","7.14"
"Greene","0","27","Pennsylvania","5/30/20","27","0","42059","0"
"Huntingdon","0","230","Pennsylvania","5/30/20","227","3","42061","1.32"
"Indiana","0","91","Pennsylvania","5/30/20","89","2","42063","2.25"
"Jefferson","0","9","Pennsylvania","5/30/20","7","2","42065","28.57"
"Juniata","0","95","Pennsylvania","5/30/20","94","1","42067","1.06"
"Lackawanna","10","1543","Pennsylvania","5/30/20","1476","67","42069","4.54"
"Lancaster","49","3131","Pennsylvania","5/30/20","2790","341","42071","12.22"
"Lawrence","1","79","Pennsylvania","5/30/20","74","5","42073","6.76"
"Lebanon","8","958","Pennsylvania","5/30/20","900","58","42075","6.44"
"Lehigh","17","3747","Pennsylvania","5/30/20","3628","119","42077","3.28"
"Luzerne","13","2722","Pennsylvania","5/30/20","2631","91","42079","3.46"
"Lycoming","1","164","Pennsylvania","5/30/20","158","6","42081","3.8"
"McKean","0","12","Pennsylvania","5/30/20","11","1","42083","9.09"
"Mercer","1","107","Pennsylvania","5/30/20","103","4","42085","3.88"
"Mifflin","0","59","Pennsylvania","5/30/20","57","2","42087","3.51"
"Monroe","2","1318","Pennsylvania","5/30/20","1302","16","42089","1.23"
"Montgomery","77","7006","Pennsylvania","5/30/20","6464","542","42091","8.38"
"Montour","0","50","Pennsylvania","5/30/20","50","0","42093","0"
"Northampton","28","3062","Pennsylvania","5/30/20","2866","196","42095","6.84"
"Northumberland","4","190","Pennsylvania","5/30/20","164","26","42097","15.85"
"Perry","2","57","Pennsylvania","5/30/20","45","12","42099","26.67"
"Philadelphia","199","22629","Pennsylvania","5/30/20","21234","1395","42101","6.57"
"Pike","0","476","Pennsylvania","5/30/20","476","0","42103","0"
"Potter","0","4","Pennsylvania","5/30/20","4","0","42105","0"
"Schuylkill","7","623","Pennsylvania","5/30/20","576","47","42107","8.16"
"Snyder","1","42","Pennsylvania","5/30/20","38","4","42109","10.53"
"Somerset","0","38","Pennsylvania","5/30/20","37","1","42111","2.7"
"Sullivan","0","3","Pennsylvania","5/30/20","2","1","42113","50"
"Susquehanna","2","109","Pennsylvania","5/30/20","95","14","42115","14.74"
"Tioga","0","17","Pennsylvania","5/30/20","16","1","42117","6.25"
"Union","1","59","Pennsylvania","5/30/20","52","7","42119","13.46"
"Venango","0","9","Pennsylvania","5/30/20","8","1","42121","12.5"
"Warren","0","3","Pennsylvania","5/30/20","3","0","42123","0"
"Washington","1","139","Pennsylvania","5/30/20","135","4","42125","2.96"
"Wayne","0","119","Pennsylvania","5/30/20","117","2","42127","1.71"
"Westmoreland","1","447","Pennsylvania","5/30/20","437","10","42129","2.29"
"Wyoming","0","34","Pennsylvania","5/30/20","33","1","42131","3.03"
"York","14","1000","Pennsylvania","5/30/20","904","96","42133","10.62"
"","88","3718","Puerto Rico","5/30/20","3100","618",,"19.94"
"Bristol","2","224","Rhode Island","5/30/20","213","11","44001","5.16"
"Kent","7","1052","Rhode Island","5/30/20","1005","47","44003","4.68"
"Newport","3","244","Rhode Island","5/30/20","226","18","44005","7.96"
"Providence","76","11052","Rhode Island","5/30/20","10519","533","44007","5.07"
"Washington","2","499","Rhode Island","5/30/20","485","14","44009","2.89"
"Abbeville","1","39","South Carolina","5/30/20","35","4","45001","11.43"
"Aiken","4","194","South Carolina","5/30/20","169","25","45003","14.79"
"Allendale","0","34","South Carolina","5/30/20","34","0","45005","0"
"Anderson","2","234","South Carolina","5/30/20","218","16","45007","7.34"
"Bamberg","0","22","South Carolina","5/30/20","20","2","45009","10"
"Barnwell","0","45","South Carolina","5/30/20","43","2","45011","4.65"
"Beaufort","6","376","South Carolina","5/30/20","332","44","45013","13.25"
"Berkeley","2","230","South Carolina","5/30/20","214","16","45015","7.48"
"Calhoun","1","14","South Carolina","5/30/20","9","5","45017","55.56"
"Charleston","8","609","South Carolina","5/30/20","550","59","45019","10.73"
"Cherokee","1","34","South Carolina","5/30/20","27","7","45021","25.93"
"Chester","4","74","South Carolina","5/30/20","46","28","45023","60.87"
"Chesterfield","7","180","South Carolina","5/30/20","129","51","45025","39.53"
"Clarendon","2","301","South Carolina","5/30/20","289","12","45027","4.15"
"Colleton","5","101","South Carolina","5/30/20","69","32","45029","46.38"
"Darlington","6","284","South Carolina","5/30/20","244","40","45031","16.39"
"Dillon","2","162","South Carolina","5/30/20","147","15","45033","10.2"
"Dorchester","4","164","South Carolina","5/30/20","137","27","45035","19.71"
"Edgefield","0","51","South Carolina","5/30/20","48","3","45037","6.25"
"Fairfield","2","174","South Carolina","5/30/20","158","16","45039","10.13"
"Florence","8","643","South Carolina","5/30/20","588","55","45041","9.35"
"Georgetown","2","73","South Carolina","5/30/20","56","17","45043","30.36"
"Greenville","34","1469","South Carolina","5/30/20","1231","238","45045","19.33"
"Greenwood","7","129","South Carolina","5/30/20","82","47","45047","57.32"
"Hampton","1","36","South Carolina","5/30/20","31","5","45049","16.13"
"Horry","7","417","South Carolina","5/30/20","371","46","45051","12.4"
"Jasper","1","41","South Carolina","5/30/20","36","5","45053","13.89"
"Kershaw","4","329","South Carolina","5/30/20","299","30","45055","10.03"
"Lancaster","1","130","South Carolina","5/30/20","121","9","45057","7.44"
"Laurens","1","67","South Carolina","5/30/20","57","10","45059","17.54"
"Lee","4","217","South Carolina","5/30/20","187","30","45061","16.04"
"Lexington","11","625","South Carolina","5/30/20","548","77","45063","14.05"
"Marion","1","68","South Carolina","5/30/20","63","5","45067","7.94"
"Marlboro","7","161","South Carolina","5/30/20","109","52","45069","47.71"
"McCormick","0","8","South Carolina","5/30/20","8","0","45065","0"
"Newberry","2","60","South Carolina","5/30/20","44","16","45071","36.36"
"Oconee","1","50","South Carolina","5/30/20","43","7","45073","16.28"
"Orangeburg","6","179","South Carolina","5/30/20","135","44","45075","32.59"
"Pickens","4","140","South Carolina","5/30/20","114","26","45077","22.81"
"Richland","19","1485","South Carolina","5/30/20","1349","136","45079","10.08"
"Saluda","1","144","South Carolina","5/30/20","134","10","45081","7.46"
"Spartanburg","15","556","South Carolina","5/30/20","450","106","45083","23.56"
"Sumter","5","378","South Carolina","5/30/20","344","34","45085","9.88"
"Union","1","36","South Carolina","5/30/20","31","5","45087","16.13"
"Williamsburg","4","233","South Carolina","5/30/20","207","26","45089","12.56"
"York","8","398","South Carolina","5/30/20","339","59","45091","17.4"
"Aurora","0","25","South Dakota","5/30/20","22","3","46003","13.64"
"Beadle","19","252","South Dakota","5/30/20","118","134","46005","113.56"
"Bon Homme","0","8","South Dakota","5/30/20","6","2","46009","33.33"
"Brookings","0","16","South Dakota","5/30/20","15","1","46011","6.67"
"Brown","4","271","South Dakota","5/30/20","244","27","46013","11.07"
"Buffalo","1","17","South Dakota","5/30/20","9","8","46017","88.89"
"Charles Mix","1","17","South Dakota","5/30/20","12","5","46023","41.67"
"Clark","0","4","South Dakota","5/30/20","4","0","46025","0"
"Clay","0","15","South Dakota","5/30/20","15","0","46027","0"
"Codington","1","36","South Dakota","5/30/20","29","7","46029","24.14"
"Corson","0","4","South Dakota","5/30/20","4","0","46031","0"
"Davison","1","15","South Dakota","5/30/20","9","6","46035","66.67"
"Day","0","13","South Dakota","5/30/20","12","1","46037","8.33"
"Deuel","0","1","South Dakota","5/30/20","1","0","46039","0"
"Douglas","0","3","South Dakota","5/30/20","1","2","46043","200"
"Edmunds","0","1","South Dakota","5/30/20","0","1","46045","1"
"Fall River","0","4","South Dakota","5/30/20","4","0","46047","0"
"Faulk","0","1","South Dakota","5/30/20","1","0","46049","0"
"Grant","0","13","South Dakota","5/30/20","10","3","46051","30"
"Hamlin","0","4","South Dakota","5/30/20","3","1","46057","33.33"
"Hand","0","2","South Dakota","5/30/20","1","1","46059","100"
"Hughes","0","19","South Dakota","5/30/20","17","2","46065","11.76"
"Hutchinson","0","5","South Dakota","5/30/20","3","2","46067","66.67"
"Hyde","0","1","South Dakota","5/30/20","1","0","46069","0"
"Jackson","1","4","South Dakota","5/30/20","0","4","46071","1"
"Jerauld","3","34","South Dakota","5/30/20","16","18","46073","112.5"
"Kingsbury","0","1","South Dakota","5/30/20","0","1","46077","1"
"Lake","0","8","South Dakota","5/30/20","5","3","46079","60"
"Lawrence","0","11","South Dakota","5/30/20","9","2","46081","22.22"
"Lincoln","2","237","South Dakota","5/30/20","225","12","46083","5.33"
"Lyman","0","14","South Dakota","5/30/20","11","3","46085","27.27"
"Marshall","0","4","South Dakota","5/30/20","4","0","46091","0"
"McCook","0","6","South Dakota","5/30/20","5","1","46087","20"
"McPherson","0","1","South Dakota","5/30/20","1","0","46089","0"
"Meade","2","18","South Dakota","5/30/20","7","11","46093","157.14"
"Miner","0","1","South Dakota","5/30/20","1","0","46097","0"
"Minnehaha","14","3345","South Dakota","5/30/20","3248","97","46099","2.99"
"Moody","0","19","South Dakota","5/30/20","18","1","46101","5.56"
"Oglala Lakota","1","25","South Dakota","5/30/20","17","8","46102","47.06"
"Pennington","11","218","South Dakota","5/30/20","138","80","46103","57.97"
"Roberts","2","36","South Dakota","5/30/20","23","13","46109","56.52"
"Sanborn","1","13","South Dakota","5/30/20","9","4","46111","44.44"
"Spink","0","5","South Dakota","5/30/20","4","1","46115","25"
"Stanley","0","10","South Dakota","5/30/20","9","1","46117","11.11"
"Sully","0","1","South Dakota","5/30/20","1","0","46119","0"
"Todd","1","26","South Dakota","5/30/20","17","9","46121","52.94"
"Tripp","0","6","South Dakota","5/30/20","6","0","46123","0"
"Turner","0","24","South Dakota","5/30/20","22","2","46125","9.09"
"Union","2","89","South Dakota","5/30/20","75","14","46127","18.67"
"Walworth","0","5","South Dakota","5/30/20","5","0","46129","0"
"Yankton","1","51","South Dakota","5/30/20","46","5","46135","10.87"
"Ziebach","0","1","South Dakota","5/30/20","1","0","46137","0"
"Anderson","0","40","Tennessee","5/30/20","39","1","47001","2.56"
"Bedford","3","283","Tennessee","5/30/20","264","19","47003","7.2"
"Benton","0","7","Tennessee","5/30/20","7","0","47005","0"
"Bledsoe","0","607","Tennessee","5/30/20","607","0","47007","0"
"Blount","1","91","Tennessee","5/30/20","81","10","47009","12.35"
"Bradley","4","122","Tennessee","5/30/20","91","31","47011","34.07"
"Campbell","0","18","Tennessee","5/30/20","17","1","47013","5.88"
"Cannon","1","21","Tennessee","5/30/20","16","5","47015","31.25"
"Carroll","0","27","Tennessee","5/30/20","27","0","47017","0"
"Carter","0","19","Tennessee","5/30/20","19","0","47019","0"
"Cheatham","3","123","Tennessee","5/30/20","103","20","47021","19.42"
"Chester","0","12","Tennessee","5/30/20","12","0","47023","0"
"Claiborne","0","9","Tennessee","5/30/20","8","1","47025","12.5"
"Clay","0","7","Tennessee","5/30/20","6","1","47027","16.67"
"Cocke","0","20","Tennessee","5/30/20","20","0","47029","0"
"Coffee","1","73","Tennessee","5/30/20","65","8","47031","12.31"
"Crockett","0","16","Tennessee","5/30/20","14","2","47033","14.29"
"Cumberland","1","112","Tennessee","5/30/20","107","5","47035","4.67"
"Davidson","82","5040","Tennessee","5/30/20","4465","575","47037","12.88"
"Decatur","0","5","Tennessee","5/30/20","5","0","47039","0"
"DeKalb","1","37","Tennessee","5/30/20","33","4","47041","12.12"
"Dickson","1","109","Tennessee","5/30/20","101","8","47043","7.92"
"Dyer","0","50","Tennessee","5/30/20","48","2","47045","4.17"
"Fayette","2","115","Tennessee","5/30/20","104","11","47047","10.58"
"Fentress","0","12","Tennessee","5/30/20","9","3","47049","33.33"
"Franklin","1","53","Tennessee","5/30/20","45","8","47051","17.78"
"Gibson","0","63","Tennessee","5/30/20","61","2","47053","3.28"
"Giles","0","12","Tennessee","5/30/20","12","0","47055","0"
"Grainger","0","8","Tennessee","5/30/20","6","2","47057","33.33"
"Greene","0","50","Tennessee","5/30/20","48","2","47059","4.17"
"Grundy","0","31","Tennessee","5/30/20","31","0","47061","0"
"Hamblen","2","36","Tennessee","5/30/20","25","11","47063","44"
"Hamilton","40","794","Tennessee","5/30/20","511","283","47065","55.38"
"Hancock","0","1","Tennessee","5/30/20","1","0","47067","0"
"Hardeman","1","196","Tennessee","5/30/20","188","8","47069","4.26"
"Hardin","1","15","Tennessee","5/30/20","11","4","47071","36.36"
"Hawkins","0","33","Tennessee","5/30/20","31","2","47073","6.45"
"Haywood","0","31","Tennessee","5/30/20","29","2","47075","6.9"
"Henderson","0","15","Tennessee","5/30/20","12","3","47077","25"
"Henry","0","30","Tennessee","5/30/20","29","1","47079","3.45"
"Hickman","1","58","Tennessee","5/30/20","54","4","47081","7.41"
"Houston","0","8","Tennessee","5/30/20","7","1","47083","14.29"
"Humphreys","0","13","Tennessee","5/30/20","12","1","47085","8.33"
"Jackson","0","17","Tennessee","5/30/20","16","1","47087","6.25"
"Jefferson","0","28","Tennessee","5/30/20","27","1","47089","3.7"
"Johnson","0","16","Tennessee","5/30/20","15","1","47091","6.67"
"Knox","7","375","Tennessee","5/30/20","326","49","47093","15.03"
"Lake","1","414","Tennessee","5/30/20","408","6","47095","1.47"
"Lauderdale","1","56","Tennessee","5/30/20","51","5","47097","9.8"
"Lawrence","1","31","Tennessee","5/30/20","24","7","47099","29.17"
"Lewis","0","3","Tennessee","5/30/20","3","0","47101","0"
"Lincoln","0","25","Tennessee","5/30/20","26","-1","47103","-3.85"
"Loudon","2","143","Tennessee","5/30/20","131","12","47105","9.16"
"Macon","6","136","Tennessee","5/30/20","97","39","47111","40.21"
"Madison","2","175","Tennessee","5/30/20","164","11","47113","6.71"
"Marion","1","40","Tennessee","5/30/20","36","4","47115","11.11"
"Marshall","0","31","Tennessee","5/30/20","28","3","47117","10.71"
"Maury","2","89","Tennessee","5/30/20","78","11","47119","14.1"
"McMinn","1","141","Tennessee","5/30/20","133","8","47107","6.02"
"McNairy","0","12","Tennessee","5/30/20","12","0","47109","0"
"Meigs","0","26","Tennessee","5/30/20","25","1","47121","4"
"Monroe","1","62","Tennessee","5/30/20","57","5","47123","8.77"
"Montgomery","5","269","Tennessee","5/30/20","234","35","47125","14.96"
"Moore","0","3","Tennessee","5/30/20","3","0","47127","0"
"Morgan","0","17","Tennessee","5/30/20","17","0","47129","0"
"Obion","1","30","Tennessee","5/30/20","24","6","47131","25"
"Out of TN","11","418","Tennessee","5/30/20","339","79","80047","23.3"
"Overton","1","26","Tennessee","5/30/20","20","6","47133","30"
"Perry","1","21","Tennessee","5/30/20","13","8","47135","61.54"
"Pickett","0","3","Tennessee","5/30/20","3","0","47137","0"
"Polk","0","16","Tennessee","5/30/20","14","2","47139","14.29"
"Putnam","17","479","Tennessee","5/30/20","359","120","47141","33.43"
"Rhea","2","210","Tennessee","5/30/20","194","16","47143","8.25"
"Roane","0","16","Tennessee","5/30/20","13","3","47145","23.08"
"Robertson","15","465","Tennessee","5/30/20","360","105","47147","29.17"
"Rutherford","31","1196","Tennessee","5/30/20","977","219","47149","22.42"
"Scott","0","12","Tennessee","5/30/20","11","1","47151","9.09"
"Sequatchie","1","15","Tennessee","5/30/20","10","5","47153","50"
"Sevier","1","81","Tennessee","5/30/20","72","9","47155","12.5"
"Shelby","103","4943","Tennessee","5/30/20","4225","718","47157","16.99"
"Smith","1","34","Tennessee","5/30/20","29","5","47159","17.24"
"Stewart","0","11","Tennessee","5/30/20","8","3","47161","37.5"
"Sullivan","0","60","Tennessee","5/30/20","61","-1","47163","-1.64"
"Sumner","10","881","Tennessee","5/30/20","809","72","47165","8.9"
"Tipton","2","442","Tennessee","5/30/20","426","16","47167","3.76"
"Trousdale","0","1392","Tennessee","5/30/20","1390","2","47169","0.14"
"Unicoi","0","4","Tennessee","5/30/20","3","1","47171","33.33"
"Union","0","4","Tennessee","5/30/20","4","0","47173","0"
"Van Buren","0","4","Tennessee","5/30/20","4","0","47175","0"
"Warren","1","23","Tennessee","5/30/20","19","4","47177","21.05"
"Washington","0","75","Tennessee","5/30/20","72","3","47179","4.17"
"Wayne","0","64","Tennessee","5/30/20","63","1","47181","1.59"
"Weakley","0","26","Tennessee","5/30/20","26","0","47183","0"
"White","1","33","Tennessee","5/30/20","24","9","47185","37.5"
"Williamson","7","552","Tennessee","5/30/20","503","49","47187","9.74"
"Wilson","9","407","Tennessee","5/30/20","343","64","47189","18.66"
"Anderson","1","72","Texas","5/30/20","63","9","48001","14.29"
"Andrews","1","27","Texas","5/30/20","22","5","48003","22.73"
"Angelina","5","205","Texas","5/30/20","168","37","48005","22.02"
"Aransas","0","5","Texas","5/30/20","5","0","48007","0"
"Archer","0","1","Texas","5/30/20","1","0","48009","0"
"Armstrong","0","3","Texas","5/30/20","2","1","48011","50"
"Atascosa","0","35","Texas","5/30/20","35","0","48013","0"
"Austin","1","25","Texas","5/30/20","21","4","48015","19.05"
"Bailey","1","17","Texas","5/30/20","10","7","48017","70"
"Bandera","0","6","Texas","5/30/20","6","0","48019","0"
"Bastrop","6","204","Texas","5/30/20","161","43","48021","26.71"
"Bee","0","9","Texas","5/30/20","8","1","48025","12.5"
"Bell","11","356","Texas","5/30/20","282","74","48027","26.24"
"Bexar","35","2636","Texas","5/30/20","2392","244","48029","10.2"
"Blanco","0","10","Texas","5/30/20","7","3","48031","42.86"
"Bosque","0","7","Texas","5/30/20","6","1","48035","16.67"
"Bowie","3","197","Texas","5/30/20","176","21","48037","11.93"
"Brazoria","10","894","Texas","5/30/20","825","69","48039","8.36"
"Brazos","15","470","Texas","5/30/20","362","108","48041","29.83"
"Brewster","0","1","Texas","5/30/20","1","0","48043","0"
"Briscoe","0","1","Texas","5/30/20","1","0","48045","0"
"Brooks","0","1","Texas","5/30/20","1","0","48047","0"
"Brown","0","58","Texas","5/30/20","55","3","48049","5.45"
"Burleson","1","24","Texas","5/30/20","20","4","48051","20"
"Burnet","1","36","Texas","5/30/20","29","7","48053","24.14"
"Caldwell","3","64","Texas","5/30/20","41","23","48055","56.1"
"Calhoun","0","37","Texas","5/30/20","37","0","48057","0"
"Callahan","0","9","Texas","5/30/20","8","1","48059","12.5"
"Cameron","8","754","Texas","5/30/20","698","56","48061","8.02"
"Camp","7","82","Texas","5/30/20","32","50","48063","156.25"
"Carson","0","6","Texas","5/30/20","6","0","48065","0"
"Cass","1","29","Texas","5/30/20","21","8","48067","38.1"
"Castro","1","33","Texas","5/30/20","29","4","48069","13.79"
"Chambers","1","67","Texas","5/30/20","58","9","48071","15.52"
"Cherokee","0","44","Texas","5/30/20","44","0","48073","0"
"Childress","0","2","Texas","5/30/20","2","0","48075","0"
"Clay","0","3","Texas","5/30/20","3","0","48077","0"
"Cochran","0","1","Texas","5/30/20","1","0","48079","0"
"Coke","0","1","Texas","5/30/20","1","0","48081","0"
"Coleman","0","3","Texas","5/30/20","2","1","48083","50"
"Collin","21","1278","Texas","5/30/20","1132","146","48085","12.9"
"Collingsworth","0","5","Texas","5/30/20","4","1","48087","25"
"Colorado","0","22","Texas","5/30/20","19","3","48089","15.79"
"Comal","2","94","Texas","5/30/20","78","16","48091","20.51"
"Comanche","1","12","Texas","5/30/20","5","7","48093","140"
"Concho","0","1","Texas","5/30/20","1","0","48095","0"
"Cooke","0","14","Texas","5/30/20","13","1","48097","7.69"
"Coryell","1","231","Texas","5/30/20","226","5","48099","2.21"
"Cottle","0","4","Texas","5/30/20","4","0","48101","0"
"Crane","3","23","Texas","5/30/20","3","20","48103","666.67"
"Crosby","0","4","Texas","5/30/20","3","1","48107","33.33"
"Dallam","0","25","Texas","5/30/20","22","3","48111","13.64"
"Dallas","163","9787","Texas","5/30/20","8649","1138","48113","13.16"
"Dawson","0","42","Texas","5/30/20","39","3","48115","7.69"
"Deaf Smith","3","164","Texas","5/30/20","141","23","48117","16.31"
"Delta","0","1","Texas","5/30/20","1","0","48119","0"
"Denton","18","1329","Texas","5/30/20","1205","124","48121","10.29"
"DeWitt","0","17","Texas","5/30/20","17","0","48123","0"
"Dickens","0","1","Texas","5/30/20","1","0","48125","0"
"Dimmit","0","1","Texas","5/30/20","1","0","48127","0"
"Donley","0","26","Texas","5/30/20","26","0","48129","0"
"Duval","0","5","Texas","5/30/20","5","0","48131","0"
"Eastland","0","6","Texas","5/30/20","5","1","48133","20"
"Ector","3","154","Texas","5/30/20","130","24","48135","18.46"
"El Paso","63","2704","Texas","5/30/20","2265","439","48141","19.38"
"Ellis","7","317","Texas","5/30/20","266","51","48139","19.17"
"Erath","0","17","Texas","5/30/20","15","2","48143","13.33"
"Falls","0","7","Texas","5/30/20","6","1","48145","16.67"
"Fannin","2","41","Texas","5/30/20","29","12","48147","41.38"
"Fayette","0","34","Texas","5/30/20","31","3","48149","9.68"
"Fisher","0","2","Texas","5/30/20","2","0","48151","0"
"Floyd","1","11","Texas","5/30/20","5","6","48153","120"
"Fort Bend","22","1832","Texas","5/30/20","1676","156","48157","9.31"
"Franklin","1","15","Texas","5/30/20","8","7","48159","87.5"
"Freestone","0","10","Texas","5/30/20","7","3","48161","42.86"
"Frio","0","37","Texas","5/30/20","35","2","48163","5.71"
"Gaines","0","7","Texas","5/30/20","6","1","48165","16.67"
"Galveston","8","795","Texas","5/30/20","740","55","48167","7.43"
"Garza","0","5","Texas","5/30/20","4","1","48169","25"
"Gillespie","0","5","Texas","5/30/20","5","0","48171","0"
"Glasscock","0","1","Texas","5/30/20","1","0","48173","0"
"Goliad","0","7","Texas","5/30/20","7","0","48175","0"
"Gonzales","4","121","Texas","5/30/20","90","31","48177","34.44"
"Gray","0","98","Texas","5/30/20","95","3","48179","3.16"
"Grayson","8","327","Texas","5/30/20","268","59","48181","22.01"
"Gregg","5","213","Texas","5/30/20","180","33","48183","18.33"
"Grimes","4","121","Texas","5/30/20","91","30","48185","32.97"
"Guadalupe","2","132","Texas","5/30/20","116","16","48187","13.79"
"Hale","1","57","Texas","5/30/20","50","7","48189","14"
"Hall","0","2","Texas","5/30/20","1","1","48191","100"
"Hamilton","0","8","Texas","5/30/20","7","1","48193","14.29"
"Hansford","0","19","Texas","5/30/20","18","1","48195","5.56"
"Hardeman","0","1","Texas","5/30/20","0","1","48197","1"
"Hardin","2","138","Texas","5/30/20","121","17","48199","14.05"
"Harris","207","12220","Texas","5/30/20","10770","1450","48201","13.46"
"Harrison","4","244","Texas","5/30/20","217","27","48203","12.44"
"Hartley","0","11","Texas","5/30/20","11","0","48205","0"
"Haskell","0","3","Texas","5/30/20","2","1","48207","50"
"Hays","11","329","Texas","5/30/20","250","79","48209","31.6"
"Hemphill","0","1","Texas","5/30/20","1","0","48211","0"
"Henderson","1","57","Texas","5/30/20","51","6","48213","11.76"
"Hidalgo","11","560","Texas","5/30/20","482","78","48215","16.18"
"Hill","0","24","Texas","5/30/20","23","1","48217","4.35"
"Hockley","0","27","Texas","5/30/20","27","0","48219","0"
"Hood","1","27","Texas","5/30/20","23","4","48221","17.39"
"Hopkins","2","26","Texas","5/30/20","12","14","48223","116.67"
"Houston","0","84","Texas","5/30/20","81","3","48225","3.7"
"Howard","0","8","Texas","5/30/20","6","2","48227","33.33"
"Hudspeth","0","2","Texas","5/30/20","0","2","48229","1"
"Hunt","2","82","Texas","5/30/20","71","11","48231","15.49"
"Hutchinson","1","36","Texas","5/30/20","31","5","48233","16.13"
"Jack","0","4","Texas","5/30/20","4","0","48237","0"
"Jackson","0","18","Texas","5/30/20","16","2","48239","12.5"
"Jasper","0","29","Texas","5/30/20","26","3","48241","11.54"
"Jefferson","10","533","Texas","5/30/20","465","68","48245","14.62"
"Jim Hogg","0","4","Texas","5/30/20","4","0","48247","0"
"Jim Wells","0","9","Texas","5/30/20","9","0","48249","0"
"Johnson","4","175","Texas","5/30/20","144","31","48251","21.53"
"Jones","38","401","Texas","5/30/20","134","267","48253","199.25"
"Karnes","0","4","Texas","5/30/20","4","0","48255","0"
"Kaufman","7","223","Texas","5/30/20","173","50","48257","28.9"
"Kendall","1","29","Texas","5/30/20","24","5","48259","20.83"
"Kerr","1","18","Texas","5/30/20","11","7","48265","63.64"
"Kimble","0","1","Texas","5/30/20","1","0","48267","0"
"Kinney","0","1","Texas","5/30/20","0","1","48271","1"
"Kleberg","0","16","Texas","5/30/20","14","2","48273","14.29"
"Knox","0","1","Texas","5/30/20","1","0","48275","0"
"La Salle","0","4","Texas","5/30/20","4","0","48283","0"
"Lamar","2","138","Texas","5/30/20","126","12","48277","9.52"
"Lamb","1","16","Texas","5/30/20","11","5","48279","45.45"
"Lampasas","0","9","Texas","5/30/20","8","1","48281","12.5"
"Lavaca","1","12","Texas","5/30/20","8","4","48285","50"
"Lee","2","25","Texas","5/30/20","8","17","48287","212.5"
"Leon","0","10","Texas","5/30/20","9","1","48289","11.11"
"Liberty","2","92","Texas","5/30/20","81","11","48291","13.58"
"Limestone","1","24","Texas","5/30/20","18","6","48293","33.33"
"Lipscomb","0","2","Texas","5/30/20","2","0","48295","0"
"Live Oak","0","9","Texas","5/30/20","9","0","48297","0"
"Llano","0","3","Texas","5/30/20","3","0","48299","0"
"Lubbock","5","688","Texas","5/30/20","656","32","48303","4.88"
"Lynn","0","7","Texas","5/30/20","5","2","48305","40"
"Madison","0","8","Texas","5/30/20","8","0","48313","0"
"Marion","0","16","Texas","5/30/20","15","1","48315","6.67"
"Martin","0","3","Texas","5/30/20","3","0","48317","0"
"Mason","0","32","Texas","5/30/20","31","1","48319","3.23"
"Matagorda","0","70","Texas","5/30/20","67","3","48321","4.48"
"Maverick","3","116","Texas","5/30/20","94","22","48323","23.4"
"McCulloch","0","3","Texas","5/30/20","3","0","48307","0"
"McLennan","2","118","Texas","5/30/20","102","16","48309","15.69"
"Medina","1","71","Texas","5/30/20","64","7","48325","10.94"
"Midland","1","129","Texas","5/30/20","123","6","48329","4.88"
"Milam","0","28","Texas","5/30/20","27","1","48331","3.7"
"Mills","0","1","Texas","5/30/20","1","0","48333","0"
"Mitchell","0","1","Texas","5/30/20","1","0","48335","0"
"Montague","0","9","Texas","5/30/20","9","0","48337","0"
"Montgomery","9","954","Texas","5/30/20","888","66","48339","7.43"
"Moore","4","604","Texas","5/30/20","579","25","48341","4.32"
"Morris","2","26","Texas","5/30/20","15","11","48343","73.33"
"Motley","0","1","Texas","5/30/20","1","0","48345","0"
"Nacogdoches","6","287","Texas","5/30/20","244","43","48347","17.62"
"Navarro","2","55","Texas","5/30/20","40","15","48349","37.5"
"Newton","0","5","Texas","5/30/20","4","1","48351","25"
"Nolan","0","4","Texas","5/30/20","2","2","48353","100"
"Nueces","1","268","Texas","5/30/20","260","8","48355","3.08"
"Ochiltree","1","49","Texas","5/30/20","41","8","48357","19.51"
"Oldham","0","3","Texas","5/30/20","3","0","48359","0"
"Orange","1","98","Texas","5/30/20","89","9","48361","10.11"
"Palo Pinto","0","13","Texas","5/30/20","10","3","48363","30"
"Panola","1","197","Texas","5/30/20","188","9","48365","4.79"
"Parker","1","76","Texas","5/30/20","67","9","48367","13.43"
"Parmer","3","59","Texas","5/30/20","39","20","48369","51.28"
"Pecos","6","66","Texas","5/30/20","24","42","48371","175"
"Polk","1","56","Texas","5/30/20","52","4","48373","7.69"
"Potter","13","2317","Texas","5/30/20","2229","88","48375","3.95"
"Presidio","0","1","Texas","5/30/20","0","1","48377","1"
"Rains","0","3","Texas","5/30/20","3","0","48379","0"
"Randall","4","671","Texas","5/30/20","645","26","48381","4.03"
"Reagan","0","2","Texas","5/30/20","0","2","48383","1"
"Red River","3","66","Texas","5/30/20","42","24","48387","57.14"
"Reeves","0","7","Texas","5/30/20","7","0","48389","0"
"Refugio","0","3","Texas","5/30/20","3","0","48391","0"
"Roberts","0","2","Texas","5/30/20","2","0","48393","0"
"Robertson","0","8","Texas","5/30/20","7","1","48395","14.29"
"Rockwall","3","167","Texas","5/30/20","147","20","48397","13.61"
"Runnels","0","3","Texas","5/30/20","2","1","48399","50"
"Rusk","1","52","Texas","5/30/20","42","10","48401","23.81"
"Sabine","1","14","Texas","5/30/20","4","10","48403","250"
"San Augustine","1","38","Texas","5/30/20","28","10","48405","35.71"
"San Jacinto","0","14","Texas","5/30/20","13","1","48407","7.69"
"San Patricio","1","33","Texas","5/30/20","28","5","48409","17.86"
"San Saba","0","1","Texas","5/30/20","1","0","48411","0"
"Scurry","3","24","Texas","5/30/20","2","22","48415","1100"
"Shackelford","0","1","Texas","5/30/20","1","0","48417","0"
"Shelby","3","201","Texas","5/30/20","180","21","48419","11.67"
"Sherman","0","24","Texas","5/30/20","23","1","48421","4.35"
"Smith","1","204","Texas","5/30/20","195","9","48423","4.62"
"Starr","1","33","Texas","5/30/20","23","10","48427","43.48"
"Stephens","0","4","Texas","5/30/20","2","2","48429","100"
"Swisher","0","17","Texas","5/30/20","15","2","48437","13.33"
"Tarrant","69","5379","Texas","5/30/20","4899","480","48439","9.8"
"Taylor","1","234","Texas","5/30/20","228","6","48441","2.63"
"Terry","0","13","Texas","5/30/20","13","0","48445","0"
"Titus","31","464","Texas","5/30/20","248","216","48449","87.1"
"Tom Green","1","99","Texas","5/30/20","90","9","48451","10"
"Travis","61","3186","Texas","5/30/20","2761","425","48453","15.39"
"Trinity","0","14","Texas","5/30/20","11","3","48455","27.27"
"Tyler","0","12","Texas","5/30/20","10","2","48457","20"
"Upshur","1","26","Texas","5/30/20","18","8","48459","44.44"
"Uvalde","1","11","Texas","5/30/20","6","5","48463","83.33"
"Val Verde","1","20","Texas","5/30/20","14","6","48465","42.86"
"Van Zandt","1","31","Texas","5/30/20","25","6","48467","24"
"Victoria","0","160","Texas","5/30/20","157","3","48469","1.91"
"Walker","73","945","Texas","5/30/20","436","509","48471","116.74"
"Waller","2","57","Texas","5/30/20","45","12","48473","26.67"
"Ward","0","1","Texas","5/30/20","0","1","48475","1"
"Washington","2","202","Texas","5/30/20","187","15","48477","8.02"
"Webb","5","540","Texas","5/30/20","502","38","48479","7.57"
"Wharton","2","57","Texas","5/30/20","45","12","48481","26.67"
"Wheeler","0","15","Texas","5/30/20","15","0","48483","0"
"Wichita","0","84","Texas","5/30/20","82","2","48485","2.44"
"Wilbarger","0","7","Texas","5/30/20","6","1","48487","16.67"
"Willacy","0","16","Texas","5/30/20","15","1","48489","6.67"
"Williamson","10","612","Texas","5/30/20","541","71","48491","13.12"
"Wilson","0","38","Texas","5/30/20","38","0","48493","0"
"Winkler","0","3","Texas","5/30/20","3","0","48495","0"
"Wise","1","46","Texas","5/30/20","42","4","48497","9.52"
"Wood","1","29","Texas","5/30/20","22","7","48499","31.82"
"Yoakum","0","3","Texas","5/30/20","3","0","48501","0"
"Young","0","4","Texas","5/30/20","4","0","48503","0"
"Zapata","0","9","Texas","5/30/20","8","1","48505","12.5"
"Zavala","0","11","Texas","5/30/20","11","0","48507","0"
"Bear River","13","190","Utah","5/30/20","102","88","00000","86.27"
"Central Utah","1","38","Utah","5/30/20","33","5","00000","15.15"
"Davis","7","458","Utah","5/30/20","407","51","49011","12.53"
"Salt Lake","97","5118","Utah","5/30/20","4441","677","49035","15.24"
"San Juan","4","289","Utah","5/30/20","259","30","49037","11.58"
"Southeast Utah","1","24","Utah","5/30/20","18","6","00000","33.33"
"Southwest Utah","18","423","Utah","5/30/20","294","129","00000","43.88"
"Summit","1","412","Utah","5/30/20","403","9","49043","2.23"
"Tooele","2","126","Utah","5/30/20","112","14","49045","12.5"
"TriCounty","0","20","Utah","5/30/20","20","0","00000","0"
"Utah","27","1870","Utah","5/30/20","1678","192","49049","11.44"
"Wasatch","5","272","Utah","5/30/20","237","35","49051","14.77"
"Weber-Morgan","5","293","Utah","5/30/20","256","37","00000","14.45"
"Addison","0","63","Vermont","5/30/20","62","1","50001","1.61"
"Bennington","0","63","Vermont","5/30/20","60","3","50003","5"
"Caledonia","0","15","Vermont","5/30/20","14","1","50005","7.14"
"Chittenden","1","449","Vermont","5/30/20","440","9","50007","2.05"
"Essex","0","3","Vermont","5/30/20","3","0","50009","0"
"Franklin","0","99","Vermont","5/30/20","99","0","50011","0"
"Grand Isle","0","7","Vermont","5/30/20","6","1","50013","16.67"
"Lamoille","0","29","Vermont","5/30/20","29","0","50015","0"
"Orange","0","8","Vermont","5/30/20","8","0","50017","0"
"Orleans","0","10","Vermont","5/30/20","9","1","50019","11.11"
"Rutland","1","55","Vermont","5/30/20","51","4","50021","7.84"
"Washington","0","39","Vermont","5/30/20","39","0","50023","0"
"Windham","0","81","Vermont","5/30/20","80","1","50025","1.25"
"Windsor","0","51","Vermont","5/30/20","49","2","50027","4.08"
"","0","69","Virgin Islands","5/30/20","69","0",,"0"
"Accomack","20","863","Virginia","5/30/20","722","141","51001","19.53"
"Albemarle","6","187","Virginia","5/30/20","143","44","51003","30.77"
"Alexandria","37","1960","Virginia","5/30/20","1703","257","51510","15.09"
"Alleghany","1","20","Virginia","5/30/20","13","7","51005","53.85"
"Amelia","0","25","Virginia","5/30/20","22","3","51007","13.64"
"Amherst","0","27","Virginia","5/30/20","25","2","51009","8"
"Appomattox","1","31","Virginia","5/30/20","26","5","51011","19.23"
"Arlington","43","2107","Virginia","5/30/20","1804","303","51013","16.8"
"Augusta","3","109","Virginia","5/30/20","89","20","51015","22.47"
"Bedford","1","51","Virginia","5/30/20","41","10","51019","24.39"
"Botetourt","0","32","Virginia","5/30/20","31","1","51023","3.23"
"Bristol","0","4","Virginia","5/30/20","4","0","51520","0"
"Brunswick","1","25","Virginia","5/30/20","21","4","51025","19.05"
"Buchanan","0","18","Virginia","5/30/20","18","0","51027","0"
"Buckingham","2","456","Virginia","5/30/20","443","13","51029","2.93"
"Buena Vista","0","13","Virginia","5/30/20","12","1","51530","8.33"
"Campbell","1","18","Virginia","5/30/20","13","5","51031","38.46"
"Caroline","3","64","Virginia","5/30/20","46","18","51033","39.13"
"Carroll","4","91","Virginia","5/30/20","66","25","51035","37.88"
"Charles City","0","27","Virginia","5/30/20","27","0","51036","0"
"Charlotte","1","23","Virginia","5/30/20","19","4","51037","21.05"
"Charlottesville","5","108","Virginia","5/30/20","74","34","51540","45.95"
"Chesapeake","13","520","Virginia","5/30/20","426","94","51550","22.07"
"Chesterfield","38","1461","Virginia","5/30/20","1193","268","51041","22.46"
"Clarke","1","25","Virginia","5/30/20","21","4","51043","19.05"
"Colonial Heights","1","91","Virginia","5/30/20","83","8","51570","9.64"
"Covington","0","4","Virginia","5/30/20","3","1","51580","33.33"
"Craig","0","5","Virginia","5/30/20","5","0","51045","0"
"Culpeper","14","674","Virginia","5/30/20","574","100","51047","17.42"
"Cumberland","2","37","Virginia","5/30/20","26","11","51049","42.31"
"Danville","1","51","Virginia","5/30/20","46","5","51590","10.87"
"Dinwiddie","4","77","Virginia","5/30/20","48","29","51053","60.42"
"Emporia","3","78","Virginia","5/30/20","60","18","51595","30"
"Essex","1","46","Virginia","5/30/20","41","5","51057","12.2"
"Fairfax","280","10906","Virginia","5/30/20","8945","1961","51059","21.92"
"Fairfax City","2","65","Virginia","5/30/20","52","13","51600","25"
"Falls Church","1","55","Virginia","5/30/20","47","8","51610","17.02"
"Fauquier","6","312","Virginia","5/30/20","269","43","51061","15.99"
"Floyd","0","6","Virginia","5/30/20","4","2","51063","50"
"Fluvanna","1","91","Virginia","5/30/20","84","7","51065","8.33"
"Franklin","1","36","Virginia","5/30/20","32","4","51067","12.5"
"Franklin City","1","42","Virginia","5/30/20","38","4","51620","10.53"
"Frederick","13","344","Virginia","5/30/20","255","89","51069","34.9"
"Fredericksburg","6","158","Virginia","5/30/20","113","45","51630","39.82"
"Galax","4","112","Virginia","5/30/20","87","25","51640","28.74"
"Giles","0","5","Virginia","5/30/20","5","0","51071","0"
"Gloucester","0","31","Virginia","5/30/20","30","1","51073","3.33"
"Goochland","1","96","Virginia","5/30/20","90","6","51075","6.67"
"Grayson","2","37","Virginia","5/30/20","24","13","51077","54.17"
"Greene","2","34","Virginia","5/30/20","21","13","51079","61.9"
"Greensville","3","73","Virginia","5/30/20","55","18","51081","32.73"
"Halifax","0","30","Virginia","5/30/20","29","1","51083","3.45"
"Hampton","4","197","Virginia","5/30/20","172","25","51650","14.53"
"Hanover","10","322","Virginia","5/30/20","252","70","51085","27.78"
"Harrisonburg","9","774","Virginia","5/30/20","709","65","51660","9.17"
"Henrico","49","1754","Virginia","5/30/20","1411","343","51087","24.31"
"Henry","6","104","Virginia","5/30/20","63","41","51089","65.08"
"Highland","0","3","Virginia","5/30/20","3","0","51091","0"
"Hopewell","3","87","Virginia","5/30/20","67","20","51670","29.85"
"Isle of Wight","1","128","Virginia","5/30/20","124","4","51093","3.23"
"James City","1","202","Virginia","5/30/20","192","10","51095","5.21"
"King and Queen","0","10","Virginia","5/30/20","7","3","51097","42.86"
"King George","2","65","Virginia","5/30/20","52","13","51099","25"
"King William","1","30","Virginia","5/30/20","20","10","51101","50"
"Lancaster","0","10","Virginia","5/30/20","10","0","51103","0"
"Lee","0","9","Virginia","5/30/20","9","0","51105","0"
"Lexington","0","7","Virginia","5/30/20","6","1","51678","16.67"
"Loudoun","100","2529","Virginia","5/30/20","1831","698","51107","38.12"
"Louisa","2","78","Virginia","5/30/20","67","11","51109","16.42"
"Lunenburg","1","13","Virginia","5/30/20","7","6","51111","85.71"
"Lynchburg","0","80","Virginia","5/30/20","77","3","51680","3.9"
"Madison","2","40","Virginia","5/30/20","27","13","51113","48.15"
"Manassas","36","1046","Virginia","5/30/20","792","254","51683","32.07"
"Manassas Park","10","299","Virginia","5/30/20","230","69","51685","30"
"Martinsville","1","31","Virginia","5/30/20","24","7","51690","29.17"
"Mathews","0","5","Virginia","5/30/20","5","0","51115","0"
"Mecklenburg","3","217","Virginia","5/30/20","193","24","51117","12.44"
"Middlesex","0","15","Virginia","5/30/20","12","3","51119","25"
"Montgomery","1","73","Virginia","5/30/20","69","4","51121","5.8"
"Nelson","1","17","Virginia","5/30/20","13","4","51125","30.77"
"New Kent","1","36","Virginia","5/30/20","27","9","51127","33.33"
"Newport News","3","258","Virginia","5/30/20","234","24","51700","10.26"
"Norfolk","14","490","Virginia","5/30/20","393","97","51710","24.68"
"Northampton","3","230","Virginia","5/30/20","210","20","51131","9.52"
"Northumberland","0","25","Virginia","5/30/20","22","3","51133","13.64"
"Norton","0","2","Virginia","5/30/20","2","0","51720","0"
"Nottoway","1","28","Virginia","5/30/20","19","9","51135","47.37"
"Orange","3","101","Virginia","5/30/20","77","24","51137","31.17"
"Page","5","219","Virginia","5/30/20","186","33","51139","17.74"
"Patrick","1","18","Virginia","5/30/20","13","5","51141","38.46"
"Petersburg","6","127","Virginia","5/30/20","87","40","51730","45.98"
"Pittsylvania","2","40","Virginia","5/30/20","28","12","51143","42.86"
"Poquoson","0","7","Virginia","5/30/20","7","0","51735","0"
"Portsmouth","8","307","Virginia","5/30/20","253","54","51740","21.34"
"Powhatan","0","32","Virginia","5/30/20","29","3","51145","10.34"
"Prince Edward","4","134","Virginia","5/30/20","108","26","51147","24.07"
"Prince George","9","126","Virginia","5/30/20","60","66","51149","110"
"Prince William","143","5412","Virginia","5/30/20","4408","1004","51153","22.78"
"Pulaski","1","19","Virginia","5/30/20","10","9","51155","90"
"Radford","0","6","Virginia","5/30/20","4","2","51750","50"
"Rappahannock","0","13","Virginia","5/30/20","12","1","51157","8.33"
"Richmond","0","275","Virginia","5/30/20","276","-1","51159","-0.36"
"Richmond City","39","1249","Virginia","5/30/20","979","270","51760","27.58"
"Roanoke","2","104","Virginia","5/30/20","90","14","51161","15.56"
"Roanoke City","2","155","Virginia","5/30/20","141","14","51770","9.93"
"Rockbridge","1","18","Virginia","5/30/20","14","4","51163","28.57"
"Rockingham","8","511","Virginia","5/30/20","452","59","51165","13.05"
"Russell","0","8","Virginia","5/30/20","8","0","51167","0"
"Salem","0","34","Virginia","5/30/20","32","2","51775","6.25"
"Scott","0","7","Virginia","5/30/20","7","0","51169","0"
"Shenandoah","11","444","Virginia","5/30/20","365","79","51171","21.64"
"Smyth","0","15","Virginia","5/30/20","15","0","51173","0"
"Southampton","1","146","Virginia","5/30/20","141","5","51175","3.55"
"Spotsylvania","20","524","Virginia","5/30/20","386","138","51177","35.75"
"Stafford","19","702","Virginia","5/30/20","569","133","51179","23.37"
"Staunton","1","39","Virginia","5/30/20","35","4","51790","11.43"
"Suffolk","3","314","Virginia","5/30/20","290","24","51800","8.28"
"Surry","1","10","Virginia","5/30/20","6","4","51181","66.67"
"Sussex","6","154","Virginia","5/30/20","114","40","51183","35.09"
"Tazewell","0","7","Virginia","5/30/20","6","1","51185","16.67"
"Virginia Beach","14","699","Virginia","5/30/20","598","101","51810","16.89"
"Warren","6","155","Virginia","5/30/20","110","45","51187","40.91"
"Washington","0","51","Virginia","5/30/20","51","0","51191","0"
"Waynesboro","1","43","Virginia","5/30/20","38","5","51820","13.16"
"Westmoreland","2","63","Virginia","5/30/20","46","17","51193","36.96"
"Williamsburg","0","44","Virginia","5/30/20","43","1","51830","2.33"
"Winchester","8","187","Virginia","5/30/20","128","59","51840","46.09"
"Wise","0","24","Virginia","5/30/20","24","0","51195","0"
"Wythe","1","21","Virginia","5/30/20","17","4","51197","23.53"
"York","1","72","Virginia","5/30/20","67","5","51199","7.46"
"Adams","2","62","Washington","5/30/20","50","12","53001","24"
"Asotin","0","19","Washington","5/30/20","18","1","53003","5.56"
"Benton","15","776","Washington","5/30/20","674","102","53005","15.13"
"Chelan","6","246","Washington","5/30/20","204","42","53007","20.59"
"Clallam","0","25","Washington","5/30/20","25","0","53009","0"
"Clark","16","509","Washington","5/30/20","399","110","53011","27.57"
"Columbia","0","1","Washington","5/30/20","1","0","53013","0"
"Cowlitz","0","73","Washington","5/30/20","71","2","53015","2.82"
"Douglas","4","169","Washington","5/30/20","139","30","53017","21.58"
"Ferry","0","1","Washington","5/30/20","1","0","53019","0"
"Franklin","10","549","Washington","5/30/20","480","69","53021","14.38"
"Grant","2","203","Washington","5/30/20","189","14","53025","7.41"
"Grays Harbor","0","16","Washington","5/30/20","16","0","53027","0"
"Island","0","178","Washington","5/30/20","177","1","53029","0.56"
"Jefferson","0","30","Washington","5/30/20","30","0","53031","0"
"King","46","7993","Washington","5/30/20","7669","324","53033","4.22"
"Kitsap","0","161","Washington","5/30/20","160","1","53035","0.62"
"Kittitas","3","87","Washington","5/30/20","66","21","53037","31.82"
"Klickitat","0","24","Washington","5/30/20","24","0","53039","0"
"Lewis","0","36","Washington","5/30/20","35","1","53041","2.86"
"Lincoln","0","2","Washington","5/30/20","2","0","53043","0"
"Mason","0","35","Washington","5/30/20","34","1","53045","2.94"
"Okanogan","1","46","Washington","5/30/20","42","4","53047","9.52"
"Pacific","0","9","Washington","5/30/20","9","0","53049","0"
"Pend Oreille","0","3","Washington","5/30/20","2","1","53051","50"
"Pierce","28","1922","Washington","5/30/20","1728","194","53053","11.23"
"San Juan","0","15","Washington","5/30/20","15","0","53055","0"
"Skagit","1","432","Washington","5/30/20","426","6","53057","1.41"
"Skamania","0","3","Washington","5/30/20","3","0","53059","0"
"Snohomish","13","2956","Washington","5/30/20","2863","93","53061","3.25"
"Spokane","21","582","Washington","5/30/20","437","145","53063","33.18"
"Stevens","0","11","Washington","5/30/20","10","1","53065","10"
"Thurston","2","135","Washington","5/30/20","124","11","53067","8.87"
"Wahkiakum","0","4","Washington","5/30/20","4","0","53069","0"
"Walla Walla","0","109","Washington","5/30/20","106","3","53071","2.83"
"Whatcom","4","392","Washington","5/30/20","363","29","53073","7.99"
"Whitman","0","16","Washington","5/30/20","16","0","53075","0"
"Yakima","123","3458","Washington","5/30/20","2594","864","53077","33.31"
"Barbour","0","9","West Virginia","5/30/20","7","2","54001","28.57"
"Berkeley","7","307","West Virginia","5/30/20","256","51","54003","19.92"
"Boone","0","9","West Virginia","5/30/20","9","0","54005","0"
"Braxton","0","2","West Virginia","5/30/20","2","0","54007","0"
"Brooke","0","5","West Virginia","5/30/20","3","2","54009","66.67"
"Cabell","1","64","West Virginia","5/30/20","57","7","54011","12.28"
"Calhoun","0","2","West Virginia","5/30/20","2","0","54013","0"
"Clay","0","4","West Virginia","5/30/20","2","2","54015","100"
"Fayette","1","46","West Virginia","5/30/20","42","4","54019","9.52"
"Gilmer","0","10","West Virginia","5/30/20","9","1","54021","11.11"
"Grant","1","12","West Virginia","5/30/20","6","6","54023","100"
"Greenbrier","0","9","West Virginia","5/30/20","9","0","54025","0"
"Hampshire","2","28","West Virginia","5/30/20","13","15","54027","115.38"
"Hancock","0","18","West Virginia","5/30/20","15","3","54029","20"
"Hardy","1","39","West Virginia","5/30/20","35","4","54031","11.43"
"Harrison","0","40","West Virginia","5/30/20","38","2","54033","5.26"
"Jackson","0","137","West Virginia","5/30/20","135","2","54035","1.48"
"Jefferson","6","180","West Virginia","5/30/20","140","40","54037","28.57"
"Kanawha","2","226","West Virginia","5/30/20","212","14","54039","6.6"
"Lewis","0","8","West Virginia","5/30/20","5","3","54041","60"
"Lincoln","0","6","West Virginia","5/30/20","5","1","54043","20"
"Logan","0","17","West Virginia","5/30/20","16","1","54045","6.25"
"Marion","0","50","West Virginia","5/30/20","48","2","54049","4.17"
"Marshall","0","29","West Virginia","5/30/20","27","2","54051","7.41"
"Mason","0","15","West Virginia","5/30/20","15","0","54053","0"
"McDowell","0","6","West Virginia","5/30/20","6","0","54047","0"
"Mercer","0","13","West Virginia","5/30/20","13","0","54055","0"
"Mineral","1","44","West Virginia","5/30/20","36","8","54057","22.22"
"Mingo","0","6","West Virginia","5/30/20","3","3","54059","100"
"Monongalia","2","133","West Virginia","5/30/20","119","14","54061","11.76"
"Monroe","0","7","West Virginia","5/30/20","6","1","54063","16.67"
"Morgan","0","18","West Virginia","5/30/20","17","1","54065","5.88"
"Nicholas","0","8","West Virginia","5/30/20","10","-2","54067","-20"
"Ohio","0","41","West Virginia","5/30/20","38","3","54069","7.89"
"Pendleton","1","12","West Virginia","5/30/20","6","6","54071","100"
"Pleasants","0","4","West Virginia","5/30/20","3","1","54073","33.33"
"Pocahontas","0","21","West Virginia","5/30/20","24","-3","54075","-12.5"
"Preston","1","25","West Virginia","5/30/20","15","10","54077","66.67"
"Putnam","1","35","West Virginia","5/30/20","31","4","54079","12.9"
"Raleigh","0","16","West Virginia","5/30/20","14","2","54081","14.29"
"Randolph","14","129","West Virginia","5/30/20","28","101","54083","360.71"
"Ritchie","0","1","West Virginia","5/30/20","1","0","54085","0"
"Roane","0","9","West Virginia","5/30/20","8","1","54087","12.5"
"Summers","0","1","West Virginia","5/30/20","1","0","54089","0"
"Taylor","0","8","West Virginia","5/30/20","8","0","54091","0"
"Tucker","0","4","West Virginia","5/30/20","4","0","54093","0"
"Tyler","0","3","West Virginia","5/30/20","3","0","54095","0"
"Upshur","0","7","West Virginia","5/30/20","6","1","54097","16.67"
"Wayne","0","98","West Virginia","5/30/20","97","1","54099","1.03"
"Wetzel","0","8","West Virginia","5/30/20","8","0","54103","0"
"Wirt","0","4","West Virginia","5/30/20","4","0","54105","0"
"Wood","1","53","West Virginia","5/30/20","48","5","54107","10.42"
"Wyoming","0","3","West Virginia","5/30/20","3","0","54109","0"
"Adams","0","4","Wisconsin","5/30/20","4","0","55001","0"
"Ashland","0","2","Wisconsin","5/30/20","2","0","55003","0"
"Barron","1","17","Wisconsin","5/30/20","12","5","55005","41.67"
"Bayfield","0","3","Wisconsin","5/30/20","3","0","55007","0"
"Brown","11","2318","Wisconsin","5/30/20","2238","80","55009","3.57"
"Buffalo","0","6","Wisconsin","5/30/20","5","1","55011","20"
"Burnett","0","1","Wisconsin","5/30/20","1","0","55013","0"
"Calumet","1","76","Wisconsin","5/30/20","69","7","55015","10.14"
"Chippewa","1","56","Wisconsin","5/30/20","48","8","55017","16.67"
"Clark","0","31","Wisconsin","5/30/20","28","3","55019","10.71"
"Columbia","1","44","Wisconsin","5/30/20","37","7","55021","18.92"
"Crawford","0","26","Wisconsin","5/30/20","25","1","55023","4"
"Dane","19","725","Wisconsin","5/30/20","594","131","55025","22.05"
"Dodge","9","215","Wisconsin","5/30/20","149","66","55027","44.3"
"Door","0","38","Wisconsin","5/30/20","37","1","55029","2.7"
"Douglas","0","19","Wisconsin","5/30/20","17","2","55031","11.76"
"Dunn","0","24","Wisconsin","5/30/20","21","3","55033","14.29"
"Eau Claire","2","108","Wisconsin","5/30/20","93","15","55035","16.13"
"Florence","0","2","Wisconsin","5/30/20","2","0","55037","0"
"Fond du Lac","6","203","Wisconsin","5/30/20","158","45","55039","28.48"
"Forest","2","28","Wisconsin","5/30/20","11","17","55041","154.55"
"Grant","2","95","Wisconsin","5/30/20","81","14","55043","17.28"
"Green","2","66","Wisconsin","5/30/20","52","14","55045","26.92"
"Green Lake","1","19","Wisconsin","5/30/20","14","5","55047","35.71"
"Iowa","1","16","Wisconsin","5/30/20","11","5","55049","45.45"
"Iron","0","2","Wisconsin","5/30/20","2","0","55051","0"
"Jackson","0","17","Wisconsin","5/30/20","15","2","55053","13.33"
"Jefferson","4","104","Wisconsin","5/30/20","78","26","55055","33.33"
"Juneau","0","23","Wisconsin","5/30/20","22","1","55057","4.55"
"Kenosha","26","1165","Wisconsin","5/30/20","983","182","55059","18.51"
"Kewaunee","0","34","Wisconsin","5/30/20","33","1","55061","3.03"
"La Crosse","1","53","Wisconsin","5/30/20","48","5","55063","10.42"
"Lafayette","1","27","Wisconsin","5/30/20","18","9","55065","50"
"Langlade","0","2","Wisconsin","5/30/20","1","1","55067","100"
"Lincoln","1","7","Wisconsin","5/30/20","3","4","55069","133.33"
"Manitowoc","1","36","Wisconsin","5/30/20","28","8","55071","28.57"
"Marathon","2","51","Wisconsin","5/30/20","38","13","55073","34.21"
"Marinette","0","33","Wisconsin","5/30/20","31","2","55075","6.45"
"Marquette","0","4","Wisconsin","5/30/20","3","1","55077","33.33"
"Menominee","0","3","Wisconsin","5/30/20","2","1","55078","50"
"Milwaukee","238","7656","Wisconsin","5/30/20","5987","1669","55079","27.88"
"Monroe","0","16","Wisconsin","5/30/20","16","0","55081","0"
"Oconto","0","37","Wisconsin","5/30/20","34","3","55083","8.82"
"Oneida","0","9","Wisconsin","5/30/20","7","2","55085","28.57"
"Outagamie","6","223","Wisconsin","5/30/20","181","42","55087","23.2"
"Ozaukee","4","160","Wisconsin","5/30/20","134","26","55089","19.4"
"Pepin","0","1","Wisconsin","5/30/20","1","0","55091","0"
"Pierce","1","45","Wisconsin","5/30/20","36","9","55093","25"
"Polk","1","19","Wisconsin","5/30/20","15","4","55095","26.67"
"Portage","0","11","Wisconsin","5/30/20","9","2","55097","22.22"
"Price","0","2","Wisconsin","5/30/20","2","0","55099","0"
"Racine","58","1714","Wisconsin","5/30/20","1311","403","55101","30.74"
"Richland","0","14","Wisconsin","5/30/20","14","0","55103","0"
"Rock","15","632","Wisconsin","5/30/20","529","103","55105","19.47"
"Rusk","0","5","Wisconsin","5/30/20","4","1","55107","25"
"Sauk","0","78","Wisconsin","5/30/20","77","1","55111","1.3"
"Sawyer","0","8","Wisconsin","5/30/20","7","1","55113","14.29"
"Shawano","1","46","Wisconsin","5/30/20","37","9","55115","24.32"
"Sheboygan","1","88","Wisconsin","5/30/20","82","6","55117","7.32"
"St. Croix","2","81","Wisconsin","5/30/20","65","16","55109","24.62"
"Taylor","0","2","Wisconsin","5/30/20","1","1","55119","100"
"Trempealeau","2","25","Wisconsin","5/30/20","14","11","55121","78.57"
"Vernon","1","21","Wisconsin","5/30/20","14","7","55123","50"
"Vilas","0","7","Wisconsin","5/30/20","6","1","55125","16.67"
"Walworth","8","392","Wisconsin","5/30/20","339","53","55127","15.63"
"Washburn","0","2","Wisconsin","5/30/20","2","0","55129","0"
"Washington","10","248","Wisconsin","5/30/20","181","67","55131","37.02"
"Waukesha","20","690","Wisconsin","5/30/20","553","137","55133","24.77"
"Waupaca","3","39","Wisconsin","5/30/20","20","19","55135","95"
"Waushara","0","8","Wisconsin","5/30/20","7","1","55137","14.29"
"Winnebago","10","238","Wisconsin","5/30/20","166","72","55139","43.37"
"Wood","0","10","Wisconsin","5/30/20","9","1","55141","11.11"
"Albany","2","25","Wyoming","5/30/20","14","11","56001","78.57"
"Big Horn","0","5","Wyoming","5/30/20","3","2","56003","66.67"
"Campbell","0","31","Wyoming","5/30/20","30","1","56005","3.33"
"Carbon","0","16","Wyoming","5/30/20","16","0","56007","0"
"Converse","0","24","Wyoming","5/30/20","24","0","56009","0"
"Crook","0","5","Wyoming","5/30/20","5","0","56011","0"
"Fremont","5","277","Wyoming","5/30/20","244","33","56013","13.52"
"Goshen","0","5","Wyoming","5/30/20","5","0","56015","0"
"Hot Springs","0","12","Wyoming","5/30/20","9","3","56017","33.33"
"Johnson","0","18","Wyoming","5/30/20","16","2","56019","12.5"
"Laramie","1","188","Wyoming","5/30/20","182","6","56021","3.3"
"Lincoln","0","15","Wyoming","5/30/20","15","0","56023","0"
"Natrona","1","76","Wyoming","5/30/20","68","8","56025","11.76"
"Niobrara","0","2","Wyoming","5/30/20","2","0","56027","0"
"Park","0","2","Wyoming","5/30/20","2","0","56029","0"
"Platte","0","1","Wyoming","5/30/20","1","0","56031","0"
"Sheridan","0","16","Wyoming","5/30/20","16","0","56033","0"
"Sublette","0","3","Wyoming","5/30/20","3","0","56035","0"
"Sweetwater","0","27","Wyoming","5/30/20","25","2","56037","8"
"Teton","0","100","Wyoming","5/30/20","100","0","56039","0"
"Uinta","0","12","Wyoming","5/30/20","12","0","56041","0"
"Washakie","2","37","Wyoming","5/30/20","21","16","56043","76.19"
"Weston","0","1","Wyoming","5/30/20","0","1","56045","1"
